static/data/ASCData/20210106/ASCU/18.asc
ncols 97
nrows 97
xllcorner 99.0
yllcorner 2.0
cellsize 0.25
NODATA_value -32767
[rows 0 to 18 of 97, columns 0 to 42 of 97]
1.9547621048679371 1.395003105227489 1.7252956826550827 1.9039478621867691 1.857947600391185 1.4361893861374884 -0.7680789726950843 -0.9280101154494981 0.9039770548978843 1.401956633173333 0.8657326511957417 0.6362662289828869 0.3629390920347082 1.9352387379430676 1.3209212882659962 0.8697443019337285 0.019006902097958855 -1.916480857289487 -2.9105679101626576 -2.716136571061556 -3.4350243833088205 -2.9164516645783722 -1.9787951654195512 -1.807096513833709 -1.4134198547459211 -1.2962796531967018 -1.7378286777578007 -2.0266675308928623 -1.9680974301182528 -1.7768754116075405 -1.8977598205122146 -2.212273238370393 -2.000458079404681 -2.0970051404989007 -1.9047133484580585 -1.0940924560021585 -1.2406514296299491 -1.4045942231223498 -1.0491619677367043 -0.6996134667667733 -0.5452986350455413 -0.3423091077034006 0.7349528371373664
1.7983077260864455 1.1401295616740503 1.2008392095089198 1.472294242779371 1.599329849482292 1.3043397985489835 -0.006132775860092865 -0.17435466347301287 1.077815253543986 1.8004472731467054 0.9459656659554811 -0.6664504873327477 -0.34016956064314097 2.4538114566735163 1.6715395627660574 2.0475649586067024 1.5854227935906038 -1.6760492563928013 -3.8022241475258944 -3.614746336370637 -3.9886321851510225 -3.2347092897920047 -2.298122564163314 -2.418472086302923 -2.0999470177067576 -1.697712170377931 -1.5179902173161148 -1.6546537857902042 -1.8977598205122146 -1.9448298558379282 -1.2845121443652734 -2.1020865647670175 -2.226982624409678 -2.44093733043565 -2.436925679697663 -1.7993406557402676 -1.6575956629980613 -1.9614113455549411 -1.2572329193469618 -0.08529601708970236 0.5699402701148357 0.7673134864237947 1.0532104623509992
1.5864925671207337 1.5209689384002796 1.4332475089296315 1.4594569604178131 1.4888757324963842 1.511340976629111 1.5279224663461237 0.7876391834962622 1.6988187877843686 2.216321732984688 1.401956633173333 -0.23880851866333686 0.28484562433522864 2.182088980020532 1.0328847652785318 1.4284335280440472 1.6557604031966418 -0.9114286257324853 -2.8667071954273338 -2.810009198330451 -2.9974870094857087 -2.595252162156882 -1.980934712479811 -2.25426184942799 -2.0980749140290307 -2.2689712354672755 -1.519862320993842 -1.4505944849179337 -1.7894452505865663 -2.093260933143446 -0.9729406037149521 -1.7054680284713726 -2.0520746522334465 -2.415530209095066 -2.3831695598086378 -1.7434449887909824 -1.2240699399129364 -1.797201108680008 -1.6156070519404644 -0.5014379203102171 0.59427761792529 1.0815594608994403 0.9448958924253512
1.599329849482292 1.3695959838869047 1.4966315905898253 1.1128503366557387 1.0318149917484023 1.4752361199872284 1.9467388033919635 1.4985036942675527 1.6070857075757332 2.1569493020624804 1.9927390651875472 0.8023485695355475 0.47232343549048617 0.9820705225973638 0.7651739393635348 1.3979449824353463 1.4137241420047615 -0.4712168180840486 -2.1419356287643545 -2.323529685503898 -2.4944260069421427 -2.197563852331107 -1.9113994330213702 -1.8841202080030588 -1.5581067246959845 -2.6203918401149338 -2.0237256536850055 -1.3069773884980003 -1.4936528695056606 -2.0678538118028618 -1.3061750583504028 -1.6789911336006584 -1.8060267403035792 -2.111714526538186 -1.9876207970431226 -1.4417688532943624 -0.5335311262141129 -1.0130571110948217 -1.1556044339846254 -0.7571137940112531 0.27682232285925457 0.2808339735972418 -0.05106326412554685
1.6803651943896285 1.010419521145805 1.5268526928159942 1.1666064565447645 0.791650834234249 1.0719314991282718 1.4332475089296315 1.5054572222133968 1.6763535436516417 1.7164700510315112 1.5180270611924227 0.8609186703101575 0.16850775293360654 0.014192921212374587 0.9887566071606755 1.6041438303678763 1.0748733763361291 -0.7464160587099546 -2.239552463388704 -2.7054388357602575 -2.7474274468178543 -2.369529947299482 -2.0737375662185764 -1.8803760006476042 -1.5639904791116988 -2.1908777677677955 -1.7913173542642937 -1.0940924560021585 -1.2171164119670923 -1.7894452505865663 -1.6439560504889057 -1.3647451591250126 -1.4936528695056606 -1.3147332465914419 -1.1673719428160538 -0.9710685000372249 -0.025656142784962643 -0.16847090905729867 -0.8999285602835893 -0.5434265313678139 -0.6030664056725537 -0.7143228528060588 -1.1029180876257298
1.877470967316055 0.6694292084169127 1.1176643175413234 1.4557127530623584 1.0796873572217134 0.9467679961030786 0.7448482422910678 0.9625471556724938 1.5942484252141749 1.6354347061241747 0.7574180812700937 0.09522826611971125 -0.001318794974508375 -0.3519370694745694 0.6421499833986011 0.7887089570263917 0.257298955934385 -1.1165577001348854 -2.5385541650599994 -3.003370763901423 -2.6674618754406474 -2.288494602392145 -1.9702369771785124 -1.8402594932677347 -1.909527329343643 -1.626304787241763 -1.2553608156692346 -0.8392189124487198 -0.9633126419437834 -1.5540950739579975 -1.6674910681517625 -1.1692440464937812 -1.1176274736650154 -0.9389752941333291 -0.868637684527291 -0.7522998131256688 0.07276302198698437 0.17332173381919103 -0.6782179961641761 -1.3187448973294287 -1.3773149981040385 -1.2278141472683908 -1.373570790748584
2.1879727344362463 0.7183713474203537 -0.01415607733606672 0.4421023332643177 1.5415620788552795 1.5640273229880064 0.5456029223043815 0.3452878287875656 1.0943967432609987 1.4811198744029426 0.5611146384912646 -0.7338462197309288 -0.2668900738292457 -0.09117977150541656 0.11475163304458125 0.22627552356061886 -0.04143530235437809 -1.2778260598019617 -2.4037627002636377 -2.766148483595127 -2.3802276826007804 -2.131237893463056 -1.7942592314721508 -1.6624096438836458 -1.953388044078967 -1.6244326835640357 -1.3227565480674157 -0.9007308904311867 -0.5073216747259313 -1.0325804780196917 -1.4554084658035182 -1.2016046957802093 -1.1157553699872882 -1.048359637589107 -0.9935337441699519 -1.0726969853995614 -0.3559487202125564 -0.38991402979417944 -1.174325470761898 -1.845073474153319 -1.6781888034530612 -1.343082245139883 -0.826649073469694
2.2144496293069604 0.3287063390705529 -0.4573097621923605 0.050297777854257264 1.228118434527231 2.0152043093202745 1.0015938895222338 0.08078632346295822 0.3522413567334097 0.9478377696332081 0.9751169946515197 -0.6926599388209294 -0.9750801507752118 0.31800860376925444 -0.001318794974508375 -0.6528108748235921 -0.9876499897542377 -1.2093605538736507 -2.0962028103513033 -2.5257168826984415 -2.376483475245326 -2.250517642072535 -2.1360518743486403 -1.8108407211891635 -1.871550369024033 -1.8988295940423443 -1.6284443343020227 -1.112813492779431 -0.6506713277633323 -0.5423567578376842 -1.1761975744396251 -1.330512406160857 -1.192779064156638 -1.2171164119670923 -1.4808155871441022 -1.6156070519404644 -1.1390229442676127 -1.4045942231223498 -1.8675387182860461 -1.9787951654195512 -1.8012127594179947 -1.017068761832809 -0.14974987228002612
1.3776192853628788 0.0005533087032187911 0.15968212131003523 0.39503229793860406 0.987954277013078 1.9245410026417686 1.492887383234371 -0.3187740900405438 -0.6977413630890461 0.18508924265061943 0.958535504934507 0.49559100977081094 -0.5931710005188524 0.396102071468734 -0.012016530275807069 -0.7493579359178117 -1.392024384143324 -1.887062085210916 -2.42141396351078 -2.8667071954273338 -2.6380431033620764 -2.5297285334364283 -2.4535071694146757 -2.3304832134497424 -2.3997510495256504 -2.193819644975653 -1.842131596945462 -1.382128978989623 -1.0071733566791075 -0.7894744432976815 -1.0101152338869648 -1.3275705289530002 -1.2240699399129364 -1.3371984907241687 -1.6000953357535814 -1.8793062271174745 -1.6870144350766325 -2.093260933143446 -1.7835614961708521 -1.742642658643385 -1.5931418078077373 -0.916510050000602 0.03665816534510147
-0.02672591631509258 -0.7485556057702143 -0.1264822979997018 0.7349528371373664 1.4303056317217742 1.7632726429746928 1.3618401257934636 -0.16847090905729867 -0.18104074803632453 -0.16927323920489612 0.030774410929387264 0.7876391834962622 1.2329324154128156 -0.6645783836550205 -0.5600080210848268 -0.07459828178840366 -0.19575013407561004 -1.2230001663828065 -2.530798306966558 -2.770962464480711 -2.980905519768696 -3.151801841206941 -3.000428886693566 -2.5024493084181167 -2.4398675569055204 -2.283680621506561 -1.909527329343643 -1.5522229702802703 -1.3567218576490387 -1.3422799149922857 -1.3725010172184542 -0.9106262955848878 -0.7191368336916433 -1.04434798685112 -1.6380722960731915 -2.144877505972212 -2.4486931885290915 -2.78059042625188 -1.8948179433043575 -1.1165577001348854 -0.804183829336967 -0.6742063454261893 -0.004260672182365477
-0.5979849814044369 -0.09224954503554628 0.5905334105698357 1.0502685851431424 1.4468871214387873 1.4196078964204757 -0.665380713802618 -1.2786283899495592 0.19498464780432068 0.06393739036341284 -0.7338462197309288 -0.3832279452308678 0.7368249408150938 -0.34016956064314097 -0.7014855704445007 -0.3832279452308678 -0.3872395959688548 -1.1010459839480027 -1.3861406297276098 -0.7835906888819673 -0.7924163205055386 -1.4955249731833877 -2.192749871445523 -1.9290506962685128 -1.7680497799839692 -2.0667840382727323 -1.633258315187607 -1.3294426326307274 -1.370628913540727 -1.9172831874370844 -2.260145603843704 -1.3802568753118956 -0.7309043425230717 -0.7571137940112531 -1.0882087015864443 -1.5482113195422833 -1.735689130697541 -1.9779928352719538 -1.3353263870464416 -0.5765895108018397 -0.20163388849132424 -0.14386611786431192 0.5982892686632773
-1.0317781478720942 -0.7367880969387859 1.0133613983536622 1.610829914931188 1.6509464223110575 1.3003281478109967 -0.6712644682183322 -1.7758056380774108 -0.867567910997161 0.015262694742504301 -0.24656437675677845 -1.3559195275014413 -0.4936820622167757 -0.11070313843028634 0.5854519863017189 0.10325156759568532 -1.0970343332100156 -1.2494770612535204 -1.0277664971341074 -0.7533695866557988 -0.3832279452308678 -0.6097524902358653 -1.195720941364495 -1.5110366893702707 -1.4388269760865053 -1.742642658643385 -1.3422799149922857 -1.2278141472683908 -1.7298053762818268 -2.2649595847292883 -2.0873771787277318 -1.3460241223477403 -1.0550457221524188 -0.974010377245082 -1.0325804780196917 -0.5412869843075543 -0.5043797975180742 -1.0071733566791075 -1.5725486673527376 -1.015998988302679 -0.3979373312701533 0.045483796968672996 0.6186149657357443
-1.0266967236039775 -0.6645783836550205 0.5953473914554199 1.2623511874913866 1.383503039778593 1.4888757324963842 -0.22597123630177873 -1.3559195275014413 -1.2583026928770917 -0.3714604363994394 -0.35086729594443966 -1.3567218576490387 -1.501408727599102 -0.2142037274703501 0.4137533347158766 0.008309166796660383 -0.9710685000372249 -1.1713835935540406 -0.78171858520424 -1.0940924560021585 -0.9750801507752118 -0.9817662353385235 -0.7728929535806687 -0.9758824809228092 -1.0355223552275488 -1.105859964833587 -0.9916616404922246 -1.2893261252508577 -1.7787475152852679 -1.626304787241763 -1.5677346864671533 -1.2660585509705333 -1.317675123799299 -1.2524189384613775 -0.8969866830757321 -0.3588905974204135 -0.04544695309236513 -0.6712644682183322 -1.3548497539713114 -1.471989955520531 -0.8988587867534594 -0.23479686792535004 0.028902307251660098
-0.9338938698652123 -0.5091937784036586 -0.2083199730546359 1.049466254995545 1.3872472471340473 1.3960728787576189 0.011251044004517485 -1.4554084658035182 -1.4554084658035182 -1.2045465729880664 -1.056917825830146 -1.6653515210915029 -1.5901999305998802 -0.41344904745703626 -0.6870436277877474 -0.2963088459078167 -0.4573097621923605 -1.1585463111924825 -1.0756388626074185 -1.1165577001348854 -1.4965947467135177 -1.104790191303457 -0.6001245284646965 -0.6185781218594366 -0.6557527520314492 -0.694799485881189 -1.0218827427183932 -1.3235588782150132 -1.3158030201215716 -1.2679306546482605 -1.3684893664804672 -1.4163617319537782 -1.4193036091616356 -1.4436409569720898 -1.3441520186700129 -0.8089978102225514 -0.5033100239879444 -0.8344049315631354 -1.4291990143153366 -1.5003389540689722 -1.0082431302092374 -0.6282060836306054 -0.5942407740489823
-0.8782656462984596 -0.32064619371827097 -0.39873966141775075 -0.11364501563814344 0.5825101090938616 1.3677238802091778 0.3287063390705529 -1.588327826922153 -1.8354455123821503 -1.6937005196399442 -1.8538991057768903 -1.8969574903646171 -1.585385949714296 -0.8255792999395641 -1.4241175900472198 -0.8159513381683954 -0.3559487202125564 -0.6712644682183322 -1.2211280627050791 -0.8977890132233296 -1.4134198547459211 -1.3791871017817656 -0.8822772970364466 -0.6311479608384625 -0.39579778420989364 -0.5696359828559956 -0.9828360088686533 -1.3831987525197527 -1.3773149981040385 -1.4770713797886477 -1.6244326835640357 -1.7680497799839692 -1.8188640226651374 -1.8480153513611761 -1.6811306806609183 -1.3890825069354669 -0.9338938698652123 -0.969998726507095 -1.163360292078067 -1.3636753855948829 -0.9301496625097577 -0.9272077853019006 -0.916510050000602
-0.9135681727927449 -0.0815518097342478 -0.050260933977949396 -0.14787776860229895 0.15005415953886647 1.0366289726339866 1.2192928029036598 -0.5931710005188524 -1.5950139114854647 -1.7747358645472808 -1.9290506962685128 -1.7824917226407222 -1.5599788283737117 -1.254291042139105 -1.5072924820148161 -0.9681266228293678 -0.8774633161508623 -1.1713835935540406 -1.2649887774404034 -1.1176274736650154 -1.0804528434930027 -1.4329432216707911 -0.8539282984880053 -0.2834715635462586 -0.01709795454392382 -0.8608818264338495 -1.3002913039346886 -1.7319449233420865 -2.0619700573871476 -2.1146564037460434 -2.000458079404681 -2.1165285074237703 -2.2446338876568213 -2.174296278050783 -1.91353898008163 -1.5639904791116988 -1.0745690890772885 -0.5287171453285284 -0.6536132049711894 -1.0579875993602759 -0.867567910997161 -0.9173123801481995 -1.244663080367936
-0.8705097882050182 0.09041428523412698 0.8052904467434048 -0.17221511641275322 0.06206528668568567 1.1411993352041803 1.6667255818804732 1.1791762955237899 -1.4465828341799467 -1.7953290050022805 -1.7942592314721508 -1.5268158489396861 -1.3762452245739087 -1.7298053762818268 -1.5102343592226735 -1.6204210328260489 -1.5696067901448805 -1.214174534759235 -1.1312670861741712 -1.3588614047092984 -1.281570267157416 -0.9935337441699519 -0.8579399492259924 -0.2532504613200901 -0.32278574077853084 -1.3783847716341684 -2.127226242725069 -2.260145603843704 -2.477042187077533 -2.475972413547403 -2.3518786840523394 -2.1157261772761733 -2.0346908323688364 -1.8694108219637733 -1.6428862769587758 -1.1946511678343652 -0.5912988968411252 0.029972080781790034 -0.05400514133340395 -0.6410433659921635 -0.754171916803396 -0.9114286257324853 -1.3636753855948829
-0.7014855704445007 0.06206528668568567 1.0141637285012597 -0.18104074803632453 -0.9603707647359263 -0.19468036054548032 1.4781779971950857 1.395003105227489 -0.887091277922031 -1.6771190299229313 -1.6723050490373468 -1.0414061096432632 -0.5268450416508013 -1.5511531967501404 -1.6535840122600745 -1.7669800064538392 -1.675246926245204 -0.996475621377809 -0.6594969593869036 -1.6928981894923467 -1.8362478425297477 -0.4602516394002176 -0.33428580622742676 -0.260203989265934 -0.5493102857835284 -1.1390229442676127 -1.9338646771540973 -1.781689392493125 -2.3304832134497424 -2.4575188201526625 -2.237680359710977 -1.745584535851242 -1.301093634082286 -1.3382682642542987 -0.9076844183770307 -0.17622676715074026 0.07570489919484147 -0.3011228267934012 -0.53647300342197 -0.8100675837526812 -1.0218827427183932 -1.0288362706642373 -1.4037918929747524
-1.0590573728904058 -1.0012896022633933 0.5319633097952261 0.3463576023176955 -0.4399259423277502 -0.13129627888528628 1.48192220455054 1.679295420859499 0.4303348244328893 -0.3998094349478807 -0.8822772970364466 -0.6645783836550205 -0.3968675577400236 -1.3452217922001428 -1.281570267157416 -1.2328955715365075 -1.5051529349545565 -1.410477977538064 -0.9106262955848878 -0.6782179961641761 -1.8538991057768903 -1.0502317412668343 -0.3559487202125564 -0.014958407483664171 0.04655357049880271 -0.0815518097342478 -0.4602516394002176 -0.675276118956319 -1.4671759746349466 -2.0560863029714334 -2.0140976919138365 -1.4476526077100766 -0.8616841565814468 -0.6849040807274878 -0.7220787108995004 -0.6586946292393063 -1.2903958987809876 -2.0970051404989007 -2.2903667060698725 -2.0619700573871476 -1.8948179433043575 -1.6733748225674767 -1.953388044078967
