static/data/ASCData/20210106/ASCU/21.asc
ncols 97
nrows 97
xllcorner 99.0
yllcorner 2.0
cellsize 0.25
NODATA_value -32767
[rows 0 to 18 of 97, columns 43 to 85 of 97]
0.11880299929065741 -1.670267011238389 -2.178088452344397 -1.7357588245232989 -1.5385037202247012 -1.6146509475758068 -1.1907733782595844 -0.8128960111315726 -0.5210416209769939 -0.15875754272634168 0.26018215177871706 0.3100806761862671 1.029710957876408 1.194999819976419 0.8696198587355175 -0.12445230719615075 -1.4701531373122754 -1.6645494719833571 -0.6899689171483885 0.051232080822099624 0.6118108159631737 0.8540265698581577 0.7349977980943136 0.6468957159372324 0.08657686894411443 -0.26115347302100234 -0.1527801153233539 0.15570711630040823 0.3404875894971182 0.5005786886380093 0.2516058428961694 -0.2083961789859361 -0.025954699120829927 0.22899557402399795 -0.07065546056926042 -0.32170741149474846 -1.2133836471317556 -1.7378379297069468 -2.2513769100679863 -3.876457499236802 -6.616718131284777 -7.3745519707244505 -6.627373545350974
-0.08728830203844384 -1.2874517692992133 -2.139105230150998 -2.736847970449779 -2.982962046564103 -2.6497854408845214 -0.83056840519258 -0.004383982840482581 -0.09222617684960777 -0.33937980555575575 -0.3617301862799711 -0.27102922264332996 0.43716598053674716 0.97513444680565 1.069993620809587 0.5328048189845522 -0.7884665252237093 -1.9925283147038186 -1.4272715928995368 -0.3443176803669197 0.44002475016426335 0.6128503685549975 0.3823295813180332 0.7240824958801619 0.15388789926471635 0.22795602143217386 0.4623751308884785 0.35893964800199374 -0.09118662425778368 0.2807133154672403 0.3295722872829665 -0.18318702863420477 -0.2962383729950613 -0.24763928932729073 -0.614601354241151 -0.859935765911607 -1.4896447484089748 -1.828538893343588 -2.5034684135852983 -4.361668671470639 -7.005250912478985 -7.29736519078152 -7.025782076167509
-0.47608097138060734 -1.6019164283259633 -2.8714700310909826 -3.6480158171834853 -3.4302295491963646 -2.3129704011335566 -0.8500600162892794 -0.6078442623942952 -0.7650765919076701 -0.8217322081620763 -0.3939563166265141 0.004452214190021175 0.4301490005419355 0.8844334831690088 1.1224910266966974 0.5845225604277946 -1.0218460820881898 -2.2991963292918887 -1.4906843010007989 -0.5306574824513657 0.22509725180465812 0.324634412471803 0.049412863786407746 0.5083753330766889 0.3501034509714902 0.4545784864497988 0.7994500587873996 0.7017321151559468 0.08449776376046647 0.2523855073400374 0.2006677658967948 -0.18604579826172074 -0.3432781277750956 -0.4368378610392527 -0.740647105999807 -1.2113045419481079 -1.6546737223610295 -2.473061500274447 -4.485895206193602 -6.639068512008993 -7.712406563067239 -7.428088929203383 -7.309060157439539
-1.3012258411408808 -1.8968894762560138 -2.999594888033286 -3.291449278187865 -3.0502730768847046 -1.7807194741196855 -1.2222198441622594 -1.080580803526244 -1.1351573145970022 -1.055111765026557 -0.04154798799818926 0.11568434151518558 0.2134022851466384 1.037767490463044 1.2719267117713926 0.471211327918982 -1.3472260433290915 -2.62847461275213 -1.5813852646374398 -0.734929566744775 -0.015039396906678215 0.1333567355761931 -0.09508494647712373 0.17156029332572387 0.529946049357036 0.6068729411520097 0.9205579357348919 1.0084001297440168 0.658850570743208 0.06292704748011935 -0.1938424427004004 -0.4672447743501036 -0.7182967252755916 -0.8734499496053186 -0.9134727243905414 -1.6429787557030098 -2.32180659816406 -4.680031652716728 -6.566819606877228 -7.509174031365653 -7.858723590366463 -7.753468890444285 -7.673423340873841
-2.160675946431345 -2.3784622144184664 -1.1829767338209045 -1.3841301603388423 -2.479038927677435 -1.7835782437472014 -1.204547450101252 -0.767935361535186 -0.8461616940699395 -1.0013149183996664 -0.2632325782046503 -0.15485922050700163 -0.3489956670301275 0.5250081745458726 0.97903276902499 0.16558286592273608 -1.1879146086320684 -2.33350156482208 -1.5717694031630682 -0.9750662154561114 -0.2260685730469434 0.5200702997347086 0.3540017731908298 0.041616219347727856 0.539561910831408 0.694975023309091 1.0219143134377284 1.1185927044773574 0.782817217318216 -0.09430528203325572 -0.4329395388199129 -0.5327365876350136 -0.7962631696623891 -1.1744004249383568 -1.2866721048553453 -2.3480553011076153 -3.600976062403451 -5.977133399165082 -7.359738346290959 -8.233742187866959 -8.201516057520415 -8.425279752910523 -8.595246601673743
-2.4595473165807356 -2.232924851563111 -1.0356201539298575 -0.3079333396530808 -1.6029559809177871 -1.890132384409158 -1.3149999129825485 -0.7962631696623891 -0.7416866585916309 -0.8968398829213579 -0.5161037461658302 0.0210850556592046 -0.10496069609945136 0.036678344536564156 0.49174249160750527 -0.12159353756863478 -1.2456097774782986 -1.9075448903222094 -1.7222446408295873 -1.0922757701842636 0.09827183560213415 0.8451903728276542 0.7035513321916387 0.2427696458656654 0.4584768086691384 0.6128503685549975 0.9410890994234151 1.2797233562100723 0.9662982497751464 -0.06987579612539241 -0.5355953572625294 -0.6205787816441388 -1.146852281255022 -1.5257692009748576 -2.6820115712310644 -4.213272538987767 -5.54935750762952 -7.024742523575686 -8.410726016624988 -8.598105371301259 -8.674252598652364 -9.076559451688238 -9.663646777920825
-2.1274102634929783 -2.071794199830396 -1.2406719026671347 -0.4417757358504164 -1.0384789235573733 -1.6175097172033226 -1.2710788159779858 -1.0005352539557986 -0.9163314940180572 -1.1840162864127286 -0.8022405970653769 0.41559526425640003 0.7477323173441572 0.4233919086950797 -0.6029063875831313 -1.2757568026411936 -1.6206283749787946 -1.8802566347868304 -1.7180864304622914 -0.9329643354872407 0.2640804739980567 0.7994500587873996 0.6440369463097166 0.6429973937178928 0.37063461466001346 0.5161719775153686 0.750591086971673 1.1001406459724818 1.094163218569494 -0.02985302134016976 -0.5589852905785688 -0.7310312445254352 -1.2835534470798735 -3.225957464902955 -4.701602368997076 -6.726910706018119 -7.4036594432955205 -8.385256978125302 -8.46244375806823 -8.606941568331761 -8.809914211885392 -9.036536676903015 -9.496538698785121
-1.516933003944354 -2.2064162604715998 -1.5005600506231265 -0.767155697091318 -0.8040598141010689 -1.3402090633342796 -0.5893922038894197 -0.31598987223971653 -0.5210416209769939 -0.8724103970134947 -1.266140941166822 -0.22502902045511952 0.4888837219799895 0.09333396079097023 -1.0512134428072168 -1.8802566347868304 -2.1791280049362207 -1.8589458066544389 -1.045236015404229 -0.41448748031503735 -0.3910975469989981 -0.07377411834473224 0.4779684197658378 0.9330325668367792 0.4907029390156814 0.4654937886639505 0.6801613988755992 0.9379704416479431 1.1050785207836458 -0.13042973459913854 -0.6421494979244862 -0.829528852600756 -2.7015031823277638 -4.914450762173033 -6.661678780881164 -8.097041022042106 -8.170329479765696 -8.318725612248567 -8.388115747752817 -8.271945745616488 -8.369663689247941 -8.023752564318517 -7.140132861268144
-0.5444315542930331 -1.2484685471058146 -1.2534064219169785 -0.8773482718246585 -1.0756429287150802 -1.7173067660184236 -0.298317478178709 0.16350376073908812 -0.18994412048106057 -0.863834088130947 -1.5073171424699823 -1.5366845031890093 -0.5873130987057718 -0.6595620038375376 -1.3178586826100642 -2.060878897616244 -2.017997353203506 -1.2866721048553453 -0.4290412166005728 -0.7357092311886431 -1.045236015404229 -0.8323876222282719 0.022124608251028688 0.7417548899411694 0.7945121839762357 0.9166596135155518 0.9322529023929111 0.9595411579282906 0.8111450254454193 -0.15953720717020947 -0.8284893000089321 -2.662519960134365 -5.036598191712349 -6.924165810316715 -8.11367386351129 -8.18696232123488 -8.174227801985037 -8.246476707116802 -8.077549410945407 -7.819740368173063 -7.378450292943789 -6.573576698724084 -4.607003083141095
0.08163899413295073 -0.5776972372314002 -1.178298747157697 -1.545260812071557 -1.736798377115123 -1.549159134290897 -0.8362859444476118 -0.6878898119647405 -0.8656533051666389 -1.055111765026557 -1.1850558390045527 -1.7102897860236117 -1.641159538667318 -1.5852835868567798 -1.6577923801365013 -1.6762444386413768 -1.3979042321805097 -0.89216189625815 -0.9046365273600376 -1.387248818114314 -1.5774869424181 -1.32851409667626 -0.7601387170965063 0.07384234969427084 0.8207608869197909 1.0006034853053372 1.0746716074727947 0.9273150275817477 0.25446461252368513 -1.0111906680219942 -2.884204550340826 -5.490622786191466 -7.424190606984045 -8.21035225455092 -8.170329479765696 -8.139142902010978 -7.917458311804516 -7.668485466062677 -7.421331837356528 -7.08919478426877 -6.430118441052375 -5.078440183533264 -2.204597043435908
0.5795846856166307 -0.7523420726578265 -1.7141881082429515 -2.1196136190542987 -1.9896695450763027 -1.4407857765932484 -1.2778359078248416 -1.2406719026671347 -1.4594977232460797 -1.5891819090761197 -1.452480743251268 -1.5980181061066234 -1.8217818014967322 -1.9457484480717402 -1.855047484435099 -1.6497358475498656 -1.5044583728424663 -1.7895556711501892 -1.7729228296810058 -1.8763583125674903 -1.7739623822728297 -1.4574186180624318 -0.8705911799778027 -0.19878031751156433 0.48186674198517787 0.7563086262267049 0.9556428357089506 0.35296222059900595 -1.3880284825581821 -5.083378058344428 -6.721193166763086 -8.011277933216629 -8.083526838348394 -7.990746769528107 -7.691875399378715 -7.646914749782329 -7.221217963430414 -6.895058337745645 -6.586311217973927 -6.0335291272715335 -5.138994122007009 -3.874378394053154 -0.7827489859686776
-0.06779669094174445 -1.4691135847204515 -2.1918625241860643 -2.31790827594472 -1.914561870317021 -1.6175097172033226 -1.2466493300701225 -1.0873378953730999 -1.416356290685385 -1.9163810873527132 -1.979014131010107 -2.074652969457912 -1.9096239955058574 -2.075692522049736 -1.981872900637623 -1.7778607044921695 -1.8051489600275488 -2.3462360840719234 -2.1752296827168807 -1.6323233416368141 -1.3989437847723338 -0.8040598141010689 -0.007242752467998548 -0.16655418716502135 0.029921252689708355 0.40286074500655644 -0.2962383729950613 -1.6185492697951467 -4.763195860062646 -7.579603719461726 -8.249595364892274 -8.093142699822767 -8.010238380624806 -7.560891772808896 -7.24356834415463 -6.896877554781337 -6.492751484709769 -6.082388099087259 -5.5667700135425715 -4.929264386606524 -3.8881524658948217 -2.6479662238488295 0.33269094505843855
-0.3120915500203767 -1.260163513763834 -1.9925283147038186 -1.885194509597994 -1.5083566950618061 -1.6468770779223498 -1.5335658454135375 -1.4769102291591312 -1.9478275532553881 -2.440835369927904 -2.387038523301014 -2.4624060862082517 -2.1536589664365335 -2.1536589664365335 -2.082449613896592 -2.1245514938654626 -2.3296032426027398 -2.6469266712570056 -2.1440431049621616 -1.488605195817151 -0.9438796377013924 -0.3560126470249392 -0.0844295324109281 -0.2640122426485183 -0.49947090469664657 -1.4407857765932484 -2.413547114392525 -4.876507092571458 -7.475128683983419 -8.202555610112238 -8.299234001151868 -8.128487487944781 -7.606891974997106 -7.122460467207137 -6.621656006095941 -6.214411278248903 -5.782737064494 -5.1304178131244615 -4.62155681942663 -3.9281752406800443 -2.8997978392181856 -1.4311699151188768 0.818941669884099
-0.5012901217323387 -1.0735638235314322 -1.5091363595056742 -1.5689106335355523 -1.4368874543739085 -1.7856573489308494 -1.8430926296291235 -1.8150247096498764 -2.1890037545585486 -2.5601240298397046 -2.39119673366831 -2.482937249896775 -2.286461810042045 -2.2991963292918887 -2.1214328360899906 -2.4564286588052635 -3.4302295491963646 -2.7836278370818572 -2.0003249591424983 -1.2866721048553453 -1.3480057077729595 -1.6323233416368141 -1.9036465681028696 -2.1107774220237947 -2.8020798955867328 -3.9624804762102355 -6.147879912372169 -7.507354814329961 -8.002441736186125 -8.130306704980473 -8.091323482787075 -7.7641243045104815 -7.120641250171445 -6.62243567053981 -6.140083267933489 -5.623425629796978 -5.0932538079667555 -4.418324287725045 -3.837474277043403 -3.035719340599169 -2.139105230150998 -0.8500600162892794 0.6773026292480835
-0.6400703927408382 -0.8355062800037438 -1.139055636816342 -1.1889541612238925 -1.3051241633602206 -1.9974661895149826 -2.07673207464156 -1.7601883104311622 -1.9857712228569628 -2.512044722467846 -2.3462360840719234 -2.4057504699538454 -2.316868723352896 -2.192902076777888 -2.2747668433840253 -2.785706942265505 -3.9887291791537907 -2.7503621541434904 -1.8119060518744043 -2.645887118665182 -3.100171601292255 -3.8998474325528414 -4.588291136488263 -4.905614565142529 -5.68683833789824 -7.07178227835572 -7.3696140959132865 -8.031809096905153 -7.935910370309392 -7.926294508835021 -7.739694818602619 -7.288528993751017 -6.73392768601293 -6.139043715341666 -5.598996143889115 -5.0628468946559035 -4.450550418071588 -3.819801882982396 -3.217121267872451 -2.5159430446871855 -1.8412734125934316 -0.7757320059738657 0.3628379702213338
-0.985721629522307 -0.8578566607279591 -0.9711678932367714 -0.6800931675260609 -0.83056840519258 -1.6117921779482909 -2.1157152968349586 -1.763047080058678 -1.8597254710983069 -2.5042480780291663 -2.386258858857146 -2.3675469122043147 -2.265150981909654 -2.7495824896996224 -2.87744745849397 -3.414376372171049 -4.179227191605532 -3.0804201020476 -3.4203537995740367 -4.255374418956638 -5.12340083312965 -6.0062408717361535 -6.790583302267336 -7.120641250171445 -7.804147079295705 -7.872497662208129 -8.085346055384086 -7.9525432117785755 -7.744632693413783 -7.631321460904969 -7.271896152281833 -6.847238918521743 -6.281722308569504 -5.670465384577012 -5.051151927997884 -4.595048228335119 -4.0004241458118095 -3.5541961957713726 -2.95073591621756 -2.3412982092607595 -1.6939168327023844 -0.9495971769564242 -0.4007134084733699
-1.3178586826100642 -1.1946717004789242 -0.9467384073289082 -0.27778631449018576 -0.31988819445905636 -1.361779779614627 -1.9857712228569628 -1.9985057421068064 -1.9730367036071192 -2.637050921634678 -2.6126214357268145 -2.5463499579980367 -2.8265093814945956 -3.413596707727181 -4.4622453847296075 -5.114824524247102 -5.30818130632636 -5.225017098980443 -5.658770417918992 -6.161653984213837 -6.874527174057121 -7.521908550615496 -8.031809096905153 -8.222047221208939 -8.27766328487152 -8.216329681953907 -8.002441736186125 -7.839231979269762 -7.52684642542666 -7.205624674553055 -6.887261693306966 -6.362807410731774 -5.778838742274662 -5.2143616849142465 -4.64884507496201 -4.263171063395317 -3.853847230364631 -3.435947088451396 -3.069764687981404 -2.510225505432154 -1.9751158087907672 -1.4878255313732829 -1.6468770779223498
-1.6840410830800565 -1.3558023522116391 -1.049394225771525 -0.6811327201178847 -0.4817985106356393 -1.5101759120974982 -2.665378729761881 -2.944758488814572 -2.6497854408845214 -3.1487706849600254 -3.366556952947146 -3.8988078799610175 -4.476019456571275 -5.176158127164716 -6.014037516174833 -6.475079090648762 -6.653882136442485 -6.9641885851019385 -7.304122282628375 -7.628462691277454 -7.870678445172437 -8.305211428554856 -8.368624136656118 -8.360827492217437 -8.324703039651554 -8.184103551607363 -7.9447465673398945 -7.620666046838775 -7.331410538163755 -6.995635051004614 -6.45454792696024 -5.8451102200034395 -5.321695490020072 -4.863772573321614 -4.446652095852247 -3.9583222658429396 -3.7982311667020485 -3.622546778683798 -3.3304325003812636 -2.913571911059853 -2.3345411174139037 -2.5364742083757092 -3.8247397577935596
-2.5229600246819976 -1.983952005821271 -1.7679849548698419 -1.5845039224129118 -1.7786403689360375 -2.8948599644070216 -4.404810104031333 -5.393944395151838 -5.386147750713158 -5.2816727152348495 -5.340407436672903 -5.668386279393364 -6.280682755977681 -6.976143439907915 -7.541400161712197 -7.867559787396965 -7.971255158431406 -8.07858896353723 -8.212431359734566 -8.317945947804699 -8.394093175155804 -8.47413872472625 -8.423200647726876 -8.411505681068856 -8.211391807142743 -8.038566188752009 -7.840271531861587 -7.521908550615496 -7.194709372338904 -6.536672581714333 -5.825618608906739 -5.267898643393181 -4.865591790357307 -4.558144111325368 -4.290459318930697 -4.059158867249865 -4.014198217653478 -3.8335759548240635 -3.6409988371886737 -3.44088496326256 -3.3597998611002904 -4.151938936070153 -5.87941545553363
