static/data/seaWater_vo/2023/7/7/12.asc
ncols 137
nrows 93
xllcorner 108.0
yllcorner 17.0
cellsize 0.25
NODATA_value -32767
[rows 0 to 24 of 93, columns 58 to 115 of 137]
-32767.0 -32767.0 -32767.0 -32767.0 -32767.0 -32767.0 -32767.0 -32767.0 -32767.0 -32767.0 -32767.0 -32767.0 -32767.0 -32767.0 -32767.0 -32767.0 -32767.0 -32767.0 -32767.0 -32767.0 -32767.0 -32767.0 -0.08378321 0.003679919 -0.1346377 -0.064992644 -0.008399347 0.08094126 0.19735037 0.29833698 0.35619596 0.2111716 0.16282806 0.33950308 0.29358056 0.36065087 0.5352498 0.4823195 0.408465 0.20936924 0.2313718 0.26688206 0.19651034 0.12840861 0.19342111 0.22803438 -0.18336864 -0.27064618 -0.12090529 -0.10909156 0.2791327 0.24089864 -0.059629492 -0.21797936 0.030328475 0.038856793 -0.08068299 -0.1565747
-32767.0 -32767.0 -32767.0 -0.00016511208 -0.032052565 -0.028554955 -0.004975873 -0.035441056 -0.039064165 -0.04607024 -32767.0 -32767.0 -32767.0 -32767.0 -32767.0 -32767.0 -32767.0 -32767.0 -32767.0 -32767.0 -32767.0 -0.11700198 -0.09743582 -0.0800419 0.011786692 -0.01483549 0.14914255 0.31276098 0.3189053 0.21438985 0.22701734 0.21881957 0.22549373 0.27124187 0.16006728 0.17719421 0.15670547 0.37840033 0.25158685 0.11109007 0.16196588 0.42249703 0.30501193 -0.001289608 -0.015909195 0.008978574 -0.13680515 0.0010522027 0.14626639 0.3656714 0.41462854 0.16513498 -0.19485945 -0.17948343 -0.13516968 -0.25369027 -0.42135245 -0.28244263
-32767.0 -0.00166698 -32767.0 -0.0059521156 -0.031351957 -0.026368659 0.011623867 -0.020658271 -0.024885565 -0.05704616 -0.072388224 -0.08029352 -32767.0 -32767.0 -32767.0 -32767.0 -32767.0 -32767.0 -32767.0 -32767.0 -32767.0 -0.15967944 0.00911714 0.034508914 -0.05939669 -0.11843175 -0.124758214 -0.0034853523 0.08838478 0.09168727 -0.0072992034 0.09182297 0.22269021 0.05437211 -0.053097628 0.0042155497 -0.008765407 0.023803992 0.10351082 -0.12539977 0.08905281 0.50459164 0.500653 0.09319494 -0.3254185 -0.15683767 0.16145529 0.35675964 0.3735345 0.47715995 0.31761268 -0.119875774 -0.22930716 -0.22491689 -0.28943068 -0.3613859 -0.36744255 -0.3217839
-0.095281325 -32767.0 -0.07048113 0.04829669 0.03226769 0.18518451 -0.042636015 0.048749827 0.040170666 -0.0056249416 -0.11622087 -0.14789248 -32767.0 -32767.0 -32767.0 -32767.0 -32767.0 -32767.0 -32767.0 -32767.0 0.011382936 0.087908484 -0.108370736 0.013557464 0.079948805 0.16874203 0.48218828 0.7356287 0.53726864 0.38749033 0.3794856 0.304487 0.21669234 0.06458712 -0.17107692 -0.21035899 -0.15527546 -0.14273176 0.05967865 0.30790645 0.42170197 0.6137199 0.4408086 -0.03509083 -0.39140803 -0.34300032 0.27070516 0.3047115 0.48360786 0.43681198 0.07543873 -0.32959187 -0.49864432 -0.3696734 -0.19808993 -0.0658381 -0.19683166 -0.28743243
0.11651056 -32767.0 0.016336758 -0.0344351 0.17364262 0.26043302 0.18577228 0.13138609 0.12186141 0.04052748 -0.084106974 -32767.0 -32767.0 -32767.0 -32767.0 -32767.0 -32767.0 -32767.0 -32767.0 -32767.0 -32767.0 -32767.0 -0.16271393 -0.13271917 0.02518912 0.37912452 0.5850616 0.7799499 0.5201763 0.43943083 0.42056194 0.19092588 -0.0077514965 -0.03473614 -0.039427523 -0.052979276 -0.096215114 -0.093881555 0.20386574 0.43189907 0.52499986 0.39382908 -0.026514772 -0.334374 -0.49600512 -0.29425868 0.24474382 0.28540483 0.3639492 0.6424486 0.2691205 -0.20886837 -0.5047842 -0.5484478 -0.14847203 0.005298959 -0.06534467 -0.24570255
0.23587392 0.1334124 0.19203046 0.1487962 0.23560433 0.2586406 0.16190329 0.1341534 0.054500826 0.11221156 -0.04351706 -32767.0 -32767.0 -32767.0 -32767.0 -32767.0 -32767.0 -32767.0 -32767.0 -32767.0 -32767.0 -32767.0 -32767.0 -0.15901029 -0.24014314 0.120343074 0.41662306 0.62511957 0.81171083 0.6657772 0.63256013 0.31164673 0.08362212 -0.02672318 -0.0402387 -0.033172898 -0.01733936 0.04099096 0.27882236 0.48497817 0.39962453 -0.017917538 -0.28924882 -0.4684495 -0.52181983 -0.14812608 0.1429304 0.12845857 0.10199784 0.64771724 0.68282324 -0.041178044 -0.31054792 -0.69529897 -0.23829237 0.064322084 0.006061722 -0.09802943
0.23727642 0.21466434 0.19787663 0.13616991 0.056661975 0.016692102 0.03485738 0.040995814 0.046896707 0.15300322 -0.043354463 -32767.0 -32767.0 -32767.0 -32767.0 -32767.0 -32767.0 -32767.0 -32767.0 -32767.0 -32767.0 -32767.0 -32767.0 -32767.0 -0.3387868 0.009323038 0.189509 0.511362 0.7827646 0.7066066 0.5651718 0.30344698 0.15515272 0.096485734 -0.0027342346 -0.10656645 -0.017775666 0.20549262 0.29191202 0.40212882 0.22468448 -0.14650808 -0.40199894 -0.3559299 -0.18756327 -0.010394648 0.20871292 0.12043197 0.18628266 0.5151005 0.5379233 0.013636068 -0.37180802 -0.701855 -0.23803997 0.19229302 0.20754363 0.02427913
0.1340022 0.08816638 0.031584818 -0.013036703 -0.04218111 -0.09937173 -0.13089581 0.018333005 0.20371448 0.019894596 -32767.0 -32767.0 -32767.0 -32767.0 -32767.0 -32767.0 -32767.0 -32767.0 -32767.0 -32767.0 -32767.0 -32767.0 -32767.0 -32767.0 -32767.0 -0.20289795 -0.04058358 0.03200789 0.37173566 0.7900592 0.5011011 0.3690439 0.2258632 0.003755481 -0.16961391 -0.19907835 0.045324262 0.240062 0.24849969 0.21895769 0.16902095 -0.17550778 -0.41932595 -0.077037595 0.11795137 0.3998988 0.37004665 0.16786844 0.06869856 0.05548986 0.16487196 -0.07756229 -0.4037546 -0.64791554 -0.47275156 0.07420977 0.12712024 -0.051172532
0.10324157 0.080621324 0.047336094 -0.008718977 -0.015918504 -0.061098486 -0.14334221 0.015829965 0.10510662 -32767.0 -0.0028112023 -32767.0 -32767.0 -32767.0 -32767.0 -32767.0 -32767.0 -32767.0 -32767.0 -32767.0 -32767.0 -32767.0 -32767.0 -32767.0 -32767.0 -0.07493891 -0.017295372 0.24622852 0.44361567 0.835146 0.44890857 0.33940846 0.25132573 0.07942423 -0.30085862 -0.2106802 -0.053175036 0.22924264 0.097835414 0.07429426 0.13461192 -0.11073536 -0.28406796 -0.06237036 0.30422077 0.46150526 0.14093018 0.0026484155 0.020640252 -0.0054357545 -0.055818915 -0.35079703 -0.4543345 -0.42063105 -0.24695711 -0.027036266 -0.07367681 0.05392459
0.0603946 0.01899698 0.062348124 0.022418689 0.046563003 -0.07658301 -0.1704835 -0.14782816 -0.09489469 -0.06818351 0.3298508 0.07516858 -0.048356365 0.02065561 0.03585493 0.0048618894 -32767.0 -32767.0 -32767.0 -32767.0 -32767.0 -32767.0 -32767.0 -32767.0 -32767.0 -32767.0 -0.007869445 0.10762489 0.5548975 0.76022553 0.35221425 0.18243103 0.17699735 0.13605078 -0.2495091 -0.2622536 -0.14139357 0.29724267 0.10855075 0.029454805 0.09684537 0.19878629 0.0237807 0.074372314 0.26625833 -0.0417106 -0.02181133 -0.07323041 -0.16470847 -0.22425506 -0.3415938 -0.24123901 -0.31497392 -0.28326386 -0.22878775 -0.27952433 -0.17799935 0.35948953
0.013872764 -0.14207934 -0.048283678 0.17081486 0.15562424 0.052764993 -0.20596153 -0.23790866 -0.22923483 -0.21796532 -0.026295688 0.04724844 0.017804375 0.01845821 0.045486268 0.019694762 -32767.0 -32767.0 -32767.0 -32767.0 -32767.0 -32767.0 -32767.0 -32767.0 -32767.0 -32767.0 -32767.0 -0.04524277 0.56889015 0.791976 0.36361232 -0.0999401 -0.06662051 0.058609758 -0.08645143 -0.18111461 0.0737916 0.38769642 0.17753118 0.1263605 0.15721497 0.34938142 0.39686584 0.13583621 -0.12134606 -0.11378861 0.17818159 0.056706905 -0.056274742 -0.10592755 -0.11914675 -0.17312215 -0.28235963 -0.23162588 -0.3153672 -0.3423033 -0.038020577 0.3611935
-32767.0 0.0039831405 -0.17068939 0.10494329 0.15763508 0.08530488 -0.06500221 -0.22046398 -0.24741109 -0.2679756 -0.21012515 -0.0921183 0.009520071 -0.005193673 0.082783036 0.09338347 0.100633055 -0.05180387 -32767.0 -32767.0 -32767.0 -32767.0 -32767.0 -32767.0 -32767.0 -32767.0 -32767.0 -32767.0 0.38779682 0.7262419 0.39642155 0.075310186 -0.13597082 -0.18994379 -0.0889643 -0.15177388 0.065577626 0.18911766 0.22418243 0.140413 0.21009512 0.3891158 0.40083376 0.01216685 -0.30848017 -0.09026288 0.22541541 0.08456699 -0.05845987 -0.23187667 -0.20390567 -0.17076252 -0.16898407 -0.11569261 -0.10237495 -0.08580286 0.2808381 -32767.0
-32767.0 0.0985749 0.047573406 0.009421509 0.15223415 0.10398677 -0.048919156 -0.054474242 -0.08984947 -0.16080636 -0.28044546 -0.23460622 -0.032889012 0.025261318 0.069697194 0.12515509 -32767.0 -0.0056713624 -32767.0 -32767.0 -32767.0 -32767.0 -32767.0 -32767.0 -32767.0 -32767.0 -32767.0 -32767.0 0.28626642 0.6743348 0.34645885 0.161864 0.041816834 -0.07295218 -0.112953275 -0.09630667 -0.043511424 0.079485625 0.109690115 0.17643371 0.40790784 0.4655093 0.22460146 0.011907431 -0.44064248 -0.10010109 0.24566193 0.11268777 0.04340835 -0.21674415 -0.32681543 -0.07761563 -0.013583532 0.0036126412 0.25295246 0.23149973 -0.029261973 -32767.0
0.0980473 0.055099204 0.037634686 -0.0055926503 0.092411175 0.06536724 -0.083964765 -0.10151862 -0.03771399 -0.060406636 -0.19888498 -0.21570079 -0.12900873 -0.04933092 0.1452405 -32767.0 -32767.0 -32767.0 -32767.0 -32767.0 -32767.0 -32767.0 -32767.0 -32767.0 -32767.0 -32767.0 -32767.0 -32767.0 0.25042567 0.6881373 0.39246303 0.2266241 0.10286161 -0.025053585 -0.012516711 -0.028278735 -0.11097294 0.027844317 0.1344686 0.2667431 0.4577112 0.29078227 0.21189108 0.21815658 -0.21945007 -0.21954505 0.24440372 0.14969271 -0.055908054 -0.21879952 -0.30484134 -0.09727875 0.092076294 0.20192309 0.36566776 0.38442865 -0.0034034885 0.014108713
0.0016523435 0.054827042 0.022265293 -0.0027196528 0.038569856 0.06291604 -0.08056541 -0.1216718 -0.0021908684 0.020806383 -0.12149686 -0.18716063 -0.19493113 -0.13204488 0.07408622 0.017289765 -32767.0 -32767.0 -32767.0 -32767.0 -32767.0 -32767.0 -32767.0 -32767.0 -32767.0 -32767.0 -32767.0 -32767.0 -0.0064929198 0.816601 0.4488317 0.051954005 0.115775034 0.14494173 0.1643681 0.13692234 0.099920034 0.08089225 0.20908691 0.3113455 0.30773503 0.3283555 0.29895458 0.21253154 -0.12508918 -0.26296064 -0.12311929 -0.06551882 -0.13292223 -0.1732701 -0.13484928 -0.120913655 0.03235296 0.12128834 0.3286497 0.27955413 0.039405983 -32767.0
0.053305894 0.06661627 0.058599073 -0.039571702 -0.048332304 0.024567645 -0.052711647 -0.10881305 -0.09562705 -0.022309126 -0.04914284 -0.0828758 -0.12276145 -0.06926243 0.047520112 0.06780412 -0.033124972 -32767.0 -32767.0 -32767.0 -32767.0 -32767.0 -32767.0 -32767.0 -32767.0 -32767.0 -32767.0 -32767.0 -0.09909876 0.8463159 0.5116011 0.16183284 0.35764793 0.25953412 0.18869336 0.1538247 0.07831356 0.20026468 0.2600794 0.16576593 0.14676774 0.29895568 0.24352074 -32767.0 0.017680611 -0.11399953 0.07267092 0.17760384 0.035416856 -0.06900833 -0.12136317 -0.042750336 0.37456623 0.09033818 0.41812384 -32767.0 -32767.0 -32767.0
0.040560823 -0.006728749 -0.048431467 -0.10609204 -0.13455588 -0.064775236 -0.030871741 -0.03706138 -0.09198505 -0.06918014 0.025922418 0.06957914 -0.014927259 -0.13142118 -0.17375395 -0.017293695 -0.019251365 -32767.0 -32767.0 -32767.0 -32767.0 -32767.0 -32767.0 -32767.0 -32767.0 -32767.0 -32767.0 -32767.0 -32767.0 1.0263215 0.39123175 0.37395316 0.32165205 0.17975704 0.02375961 0.068006605 0.21993238 0.34749582 0.337334 -0.022100952 -0.18011811 0.17776631 0.35720602 0.11987236 0.091165096 0.16920164 -0.14061876 0.23045407 0.29416153 0.03930275 -0.28151777 0.10742188 0.6080695 0.30043188 -0.008450149 -32767.0 -32767.0 -32767.0
0.048108827 -0.003645638 -0.086833075 -0.12245395 -0.10576889 -0.084526 -0.07377389 -0.093196675 -0.1025116 -0.11600941 -0.11067545 -0.051716466 -0.054306515 -0.1409429 -0.16118988 0.054587618 0.03277567 0.033965364 -32767.0 -32767.0 -32767.0 -32767.0 -32767.0 -32767.0 -32767.0 -32767.0 -32767.0 -32767.0 0.9044612 0.9178102 0.23665251 -0.024753653 0.35337454 0.11933582 0.067576185 0.31356835 0.22740078 0.3696714 0.4154791 0.103334725 -0.07612971 0.20626155 0.30365604 0.058309775 0.020668898 0.07392077 -0.05652627 0.029632337 0.23250665 0.110519305 0.014699239 -32767.0 0.119599044 0.109189615 0.07660678 -32767.0 -32767.0 -32767.0
0.060023293 0.042578146 0.03089533 0.02322376 0.03950924 -0.0015044364 -0.09137731 -0.12146724 -0.095721796 -0.12284961 -0.14988315 -0.11608643 -0.12144058 -0.22965078 -0.0040976396 0.09148375 0.059292626 -32767.0 -32767.0 -32767.0 -32767.0 -32767.0 -32767.0 -32767.0 -32767.0 -32767.0 -32767.0 -32767.0 0.7308559 0.70996815 0.19736022 -0.070055164 0.16957448 0.27164304 0.20308085 0.4074133 0.2650316 -0.013001429 0.22385688 0.40622413 0.34139773 0.17001766 -32767.0 -32767.0 0.105475545 0.0718237 -32767.0 -32767.0 -32767.0 -32767.0 -32767.0 -32767.0 -32767.0 -32767.0 -32767.0 -32767.0 -32767.0 -32767.0
0.12908776 0.1084594 0.10842234 0.05043912 0.05132993 0.04993992 0.08045641 0.015900569 -0.031305593 -0.091338634 -0.19960731 -0.2206528 -0.2229251 -0.06059185 0.17255355 0.12710941 -32767.0 -32767.0 -32767.0 -32767.0 -32767.0 -32767.0 -32767.0 -32767.0 -32767.0 -32767.0 -32767.0 0.5552854 0.6934656 0.46452644 0.004035909 0.059974596 0.30692008 0.34355655 0.4353791 0.3787857 0.22049579 -0.04689972 0.14895439 0.45953482 0.026232218 -32767.0 -32767.0 -32767.0 -32767.0 -32767.0 -32767.0 -32767.0 -32767.0 -32767.0 -32767.0 -32767.0 -32767.0 -32767.0 -32767.0 -32767.0 -32767.0 -32767.0
0.027284758 0.06092346 0.03348528 -0.0045460565 0.011819017 0.08444099 0.097935855 0.04429258 -0.040402405 -0.07599211 -0.18238413 -0.35832232 -0.3355321 0.019933427 0.11526607 0.024655381 -32767.0 -32767.0 -32767.0 -32767.0 -32767.0 -32767.0 -32767.0 -32767.0 0.1270869 0.0541889 0.39940912 0.55645955 0.58384615 0.24849658 -0.06579118 0.1922334 0.363755 0.45479923 0.6387489 0.29009026 0.12072584 0.12681685 0.18949048 -32767.0 -32767.0 -32767.0 -32767.0 -32767.0 -32767.0 -32767.0 -32767.0 -32767.0 -32767.0 -32767.0 -32767.0 -32767.0 -32767.0 -32767.0 -32767.0 -32767.0 -32767.0 0.044306535
-0.0015585801 -0.019147016 -0.010389099 -0.024341691 -0.07447728 -0.10459446 -0.07828804 -0.006455278 -0.12029727 -0.1444498 -0.20442802 -0.2189956 -0.34868065 -0.18119977 0.03038029 -0.017675947 -32767.0 -32767.0 -32767.0 -32767.0 -0.027417472 0.11983312 -0.022615781 -0.02122418 0.032864287 0.39736184 0.33386463 0.6072496 0.22284383 0.1192478 0.045626804 0.12021614 0.37993866 0.54484785 0.52145123 0.14590405 0.23678283 0.11035494 -32767.0 -32767.0 -32767.0 -32767.0 -32767.0 -32767.0 -32767.0 -32767.0 -32767.0 -32767.0 -0.037038166 0.02010423 -32767.0 -32767.0 -32767.0 -32767.0 -32767.0 -32767.0 -32767.0 0.1235658
0.02190258 -0.06393763 -0.07708223 -0.12004921 -0.15442275 -0.18579572 -0.23903643 -0.28640616 -0.29337943 -0.35279503 -0.33130276 -0.11937731 -0.21930385 -0.38911408 -0.023495963 -32767.0 -0.03894072 -32767.0 0.004231908 -32767.0 0.03253369 -32767.0 0.09845705 0.0697707 0.066403925 0.17834286 0.33915585 0.24573754 0.13134533 0.12971357 0.26180732 0.28886208 0.36716488 0.4481712 0.13509285 0.025189515 -32767.0 -32767.0 -32767.0 -32767.0 -32767.0 -32767.0 -32767.0 -32767.0 0.101509936 -0.011028304 -0.005695897 -0.08063113 0.02995316 0.09534243 0.039869454 0.035732932 -32767.0 -32767.0 -32767.0 -32767.0 -32767.0 0.01753848
0.039818067 -0.0687812 -0.10144529 -0.09807192 -0.12704118 -0.25673872 -0.33286282 -0.45093533 -0.53573126 -0.49412203 -0.33331695 -0.31159365 -0.24629594 -0.2177791 -0.09041084 -0.3051589 -0.009825376 -0.006692528 -0.057047594 0.000975552 0.024686893 0.10752199 0.08866137 0.1859328 0.1756816 0.12573387 0.3665815 -32767.0 0.084657714 0.3391633 0.33050632 0.19756386 0.2135959 0.1615503 -32767.0 -32767.0 -32767.0 -32767.0 -32767.0 -0.14850947 -0.010153821 0.05671888 0.12072872 0.0753109 0.08003503 0.01620211 -32767.0 -32767.0 0.029820561 0.015293651 -0.034209568 -32767.0 -32767.0 -32767.0 -32767.0 -32767.0 0.29411 0.29112825
0.010449091 -0.16709411 -0.16584715 -0.10152519 -0.18785599 -0.28659728 -0.41343927 -0.47939137 -0.52227837 -0.5409415 -0.41386297 -0.025042761 -0.4055484 -0.32992622 -0.22840665 -0.15621279 -0.10217963 -0.0031930776 -0.022618616 -0.07555378 0.004006505 0.14455712 0.23726305 0.12916306 0.13420579 0.16206181 0.23160365 0.16674298 0.3077142 0.2772305 0.18881212 0.24481294 0.064124554 0.21976942 0.018681716 -32767.0 0.01748196 0.075334445 -32767.0 -0.14418925 -0.037944492 -0.030421225 -32767.0 0.033590052 0.0055379174 -32767.0 -32767.0 -32767.0 -32767.0 -0.08335517 0.028749024 -32767.0 -32767.0 -32767.0 -32767.0 0.34301904 0.34150547 0.26466775
