static/data/seaWater_vo/2023/7/7/6.asc
ncols 137
nrows 93
xllcorner 108.0
yllcorner 17.0
cellsize 0.25
NODATA_value -32767
[rows 26 to 51 of 93, columns 58 to 115 of 137]
-0.12858416 -0.11358517 -0.015016032 -0.11956632 -0.13414957 -0.08914157 0.044158496 0.13270113 0.20088424 0.2935818 0.28507808 0.35882986 0.36664543 0.37794307 0.44328168 0.18298271 -32767.0 -32767.0 0.22428384 0.3466432 0.37086156 0.29177746 0.1940262 0.23687676 0.29105994 0.1574802 0.07112166 0.15803482 0.15063885 0.06911327 0.027008288 -32767.0 -32767.0 -32767.0 -32767.0 -32767.0 -32767.0 -0.12988219 0.17747374 0.14860661 -32767.0 -32767.0 -32767.0 -32767.0 -32767.0 0.01299733 -32767.0 0.05200808 0.14300454 0.30129722 0.4042 -0.012120191 0.04595071 -32767.0 0.27891368 0.34309155 0.38969275 0.61204034
-0.08481663 -0.024710057 0.017674243 0.009048633 -0.053668473 -0.040744074 0.01832706 0.13840339 0.17921649 0.2345987 0.31013507 0.39174885 0.40705872 0.37418133 0.33055496 -32767.0 -32767.0 -0.01432328 0.12734254 0.25586072 0.4673273 0.44351926 0.33639574 0.1910769 0.2115978 0.018578272 0.16222422 0.11257747 -32767.0 -32767.0 -32767.0 -32767.0 -32767.0 -32767.0 -32767.0 -32767.0 -32767.0 -0.047354717 0.07393644 0.16338477 -32767.0 -32767.0 -32767.0 -0.025459046 0.24300438 0.19572935 -0.037442543 0.05510323 0.1799296 0.41510502 0.22492859 -0.08109675 0.060271103 0.090454556 0.14862059 0.29016948 0.3193007 0.5618673
-0.072987065 -0.1085311 -0.105803244 0.06496852 0.19297266 0.105316214 0.048843767 0.10551206 0.121590406 0.17478658 0.19801588 0.27242616 0.27533343 0.31698173 0.2922039 0.24364924 0.2799977 0.3052111 0.24450088 0.2914813 0.4841572 0.49737152 0.36874062 0.25583512 0.13452435 0.0826779 -32767.0 0.105396725 0.09412643 -32767.0 -32767.0 0.027142204 -32767.0 -32767.0 -32767.0 -32767.0 -32767.0 -32767.0 -0.06538881 0.1634441 -32767.0 -32767.0 0.323528 0.34719545 0.27697754 0.34038347 0.27499512 0.2517183 0.35149586 0.40894845 0.26373905 -0.18338804 -0.1388876 -0.035924613 0.059030466 0.25842047 0.25885954 0.42252052
-0.08456952 -0.09543265 -0.07211102 -0.114611015 -0.018616216 0.17261527 0.07084451 -0.028598715 -0.03429986 0.030674944 0.06563957 0.13334759 0.21860981 0.32504418 0.25250214 0.26256552 0.37845907 0.4405821 0.36192662 0.3335737 0.4853749 0.47232175 0.3279101 0.18616518 0.11916312 -32767.0 0.07327332 0.06011715 -0.033083655 0.024728173 0.016098356 -32767.0 0.08696696 -32767.0 -32767.0 -32767.0 -32767.0 -32767.0 0.18853272 0.25631285 0.13705069 0.12679368 0.31043735 0.13480584 0.20619106 0.2624242 0.27636415 0.2947512 0.3017088 0.2689597 0.10170586 -0.23763798 -0.46506897 -0.1262224 0.008175294 0.12217213 0.2611301 0.20232144
-0.14393131 -0.23086075 -0.015286277 -0.18653633 -0.15407977 -0.18030523 -0.29487514 -0.16226812 0.032899555 0.117384106 0.14823939 0.14428031 0.29929537 0.45646778 0.3856518 0.36795112 0.37562397 0.3566968 0.36760202 0.38795757 0.45331562 0.4829826 0.3230384 0.18391603 0.04856398 0.11042537 0.19388591 0.06897926 0.003638273 -0.021596024 0.0064687813 0.023847258 0.124746054 -32767.0 -32767.0 -32767.0 -32767.0 0.41998348 0.39547294 0.21136384 -0.09704906 0.13192527 0.07814293 0.038560353 0.14266464 0.21760485 0.24792331 0.27921906 0.30006555 0.1557796 -0.021793555 -0.21115291 -0.5772806 -0.3525214 -0.032410186 -0.018717797 0.11400951 0.023187336
-0.17705369 -0.09336616 -0.10263652 -0.19888462 -0.07235263 -0.17003232 -0.24694341 -0.11879396 -0.086950526 -0.07870187 -0.10897092 0.038355026 0.045457695 0.32064876 0.31385347 0.3247763 0.27689886 0.31601772 0.4035904 0.37131155 0.3667312 0.37849113 0.30018786 0.1415653 0.13295086 0.17086402 0.16539003 -0.009360763 -0.05351084 -0.04601275 -0.033019178 0.04615036 0.039449994 -32767.0 -32767.0 -32767.0 -32767.0 0.36690354 0.36977726 0.0416595 -0.2523019 -0.12055242 -0.02356418 0.17755254 0.33494014 0.3731198 0.30889586 0.21006615 0.13935786 0.122247405 -0.16378957 -0.37530938 -0.6654705 -0.64167017 -0.09704272 -0.06286764 -0.011969218 -0.13583359
-0.15228811 -0.2220764 -0.12171533 -0.06491883 -0.09043794 -0.23907794 -0.19627236 -0.063953206 -0.02473575 -0.087747 0.034574706 0.051933207 -0.046666313 0.08726093 0.15216967 0.17959969 0.19811131 0.23479722 0.25912458 0.28153414 0.31798288 0.26138338 0.17519769 0.13687909 0.20983005 0.20115894 0.14041577 0.0073603746 -0.13728255 -0.12168689 -0.027335575 -32767.0 -32767.0 -32767.0 -32767.0 -32767.0 0.12858374 0.21830663 0.13728447 0.12515919 0.013187565 0.09840379 0.2594509 0.4853069 0.652862 0.60385674 0.39168593 0.05193834 -0.18401933 -0.26675415 -0.34605712 -0.61039525 -0.7702069 -0.82138443 -0.14318559 -0.17913282 -0.160718 -0.2804333
-0.14066625 -0.01964464 -0.003705219 0.0075308527 -0.043718386 -0.11738857 -0.22796251 -0.22435829 -0.2423432 -0.23975515 -0.0689716 -0.06706342 0.0065614227 -0.009203527 -0.024199668 0.030537283 0.12288635 0.21350078 0.24042399 0.20340863 0.20838496 0.18062165 0.1371334 0.17743683 0.24769966 0.19446696 0.03937308 -0.12783328 -0.2149198 -0.13895766 0.023934525 -32767.0 -32767.0 -32767.0 -32767.0 -32767.0 -0.010014284 -0.015927732 0.34248006 0.45948038 0.45285547 0.4723935 0.45983744 0.5983906 0.6105953 0.5634628 0.22863069 -0.15083337 -0.36372316 -0.44233602 -0.6746911 -0.88606876 -0.9670048 -0.9397594 -0.26457056 -0.4125123 -0.33709687 -0.26009798
-0.3419935 -0.110419035 -0.06309653 -0.098285414 -0.054534454 -0.0061751655 -0.09476587 -0.13289715 -0.23099391 -0.32050598 -0.12738635 -0.022677898 -0.03192616 0.0019918836 -0.034187574 -0.064248264 0.06941178 0.21595918 0.26069972 0.22027466 0.118863404 0.14726326 0.21590672 0.28343257 0.19464271 0.097476445 -0.108153485 -0.22386731 -0.2522262 -0.10101966 -0.019563504 0.051542297 -32767.0 0.0767098 -32767.0 -32767.0 -0.17971963 0.5603923 0.5477772 0.5049885 0.45247072 0.51853544 0.57816046 0.546446 0.4235543 0.062610865 0.069386855 -0.11987191 -0.36376086 -0.5234457 -0.8291233 -1.091279 -1.1110802 -1.0097507 -0.4044907 -0.5305826 -0.39328137 -0.005682336
-0.08389355 -0.18884756 0.061992627 0.039990302 -0.01565502 -0.08549858 -0.030303976 -0.08226541 -0.15077221 -0.1348109 -0.09047056 -0.043582413 -0.010279711 0.021500742 -0.020193307 -0.043088093 0.0385665 0.09675982 0.18618365 0.14841267 0.29490602 0.37056863 0.250633 0.14864102 0.07303148 -0.06590446 -0.25302783 -0.29064146 -0.19261052 -0.1270134 -0.043233763 -0.09037889 0.054973785 0.047279425 -32767.0 -0.08048132 0.5630633 0.53779846 0.5290992 0.5644315 0.5667094 0.63334996 0.5637544 0.37361938 -0.09820286 0.29869106 0.3523976 -0.056280166 -0.43073317 -0.4683357 -0.794331 -1.2118499 -1.255264 -1.0747192 -0.42026255 -0.523539 -0.28823552 0.10342034
-0.029759798 -0.12355431 0.070180744 0.124151 0.07148771 0.041587587 -0.039329164 -0.14130117 -0.14768955 -0.20005487 -0.110836595 -0.086434916 -0.06349329 -0.044936884 -0.11081395 -0.07220138 -0.009450414 0.06940033 0.19622761 0.17918909 0.3271338 0.2763191 0.082980335 0.07669059 0.018743582 -0.15942958 -0.33924043 -0.153605 0.056348532 -0.012909841 -0.034862924 0.017412115 -0.06334068 -32767.0 0.42737493 0.08584172 0.18260182 0.7405175 0.70006 0.53717196 0.5362975 0.6274182 0.46144083 0.20726456 -0.38937315 0.45433086 0.36208567 -0.16752942 -0.63080055 -0.8125452 -0.77625746 -1.2098442 -1.3419882 -1.0480887 -0.31719583 -0.4005811 -0.2505716 0.11867267
-0.073264875 0.062292878 -0.20492041 0.009086591 -0.08878025 -0.11479596 -0.04476347 0.013507717 -0.033235464 -0.2563868 -0.17892621 -0.084631406 -0.0774247 -0.11419162 -0.10085397 -0.04751149 0.025053238 0.026102366 0.011760977 0.012565426 0.15396269 0.14583018 0.10266607 0.054634638 0.047732487 -0.121649146 -0.25797182 -0.07957933 0.09285714 0.116813384 0.053380895 0.071658716 0.13544074 0.14524294 0.13790326 -0.12206392 0.62591064 0.9041253 0.76185846 0.6507381 0.34868035 0.29573306 0.2919576 0.07489122 -0.47989428 0.43300506 0.24389055 -0.23155488 -0.7114553 -0.99106294 -0.7865746 -1.2168096 -1.3484951 -1.0215275 -0.25307783 -0.23156539 -0.14333113 0.2401419
-0.116757534 0.124698356 0.13400155 -0.08359774 -0.17972484 -0.22060694 -0.20101994 -0.15221177 -0.12325909 -0.19719532 -0.3382945 -0.10395902 -0.08391124 -0.14558947 -0.10028638 -0.04074684 0.018787634 0.025666969 -0.015781024 0.14819032 0.23533614 0.28280884 0.1334963 0.03960995 0.09438976 -0.012669006 -0.11621215 -0.00040552975 0.16620329 0.20459308 0.11493837 -32767.0 0.07523262 -0.20688951 -32767.0 0.2296453 0.7669356 0.8045535 0.61055607 0.61631817 0.3089192 0.1322878 0.19616786 -0.020681137 -0.49405718 0.30228344 0.09001433 -0.19531167 -0.6124116 -0.9496891 -0.7734824 -1.1241752 -1.2966454 -0.98847777 -0.23004326 -0.12019375 0.04210414 0.7884243
-32767.0 0.054867547 0.008893035 -0.10504531 -0.05927797 0.027141044 -0.106194645 -0.120342456 -0.13425472 -0.13475236 -0.31582144 -0.21646519 -0.11268898 -0.13250557 -0.064064726 -0.008480862 0.009145971 -0.027331356 -0.03535625 0.08112408 0.23690319 0.28840268 0.21557769 0.0518178 -0.029682169 -0.05330891 -0.025306033 0.11296902 0.38041615 0.45259297 0.364014 -0.18860321 -32767.0 -0.18174458 0.21511033 0.59015524 0.7920349 0.56914645 0.49933743 0.40926084 0.2463384 0.087719254 0.16781904 -0.17063661 -0.42233965 0.15717123 -0.027411262 -0.09071685 -0.3195491 -0.64296657 -0.59954876 -0.9850312 -1.2020533 -0.95361775 -0.2571175 -0.045056738 0.3994272 1.0780039
0.026691413 0.11980324 -0.026646426 -0.14710471 -0.13680637 0.02509575 -0.034562428 -0.027349986 -0.16168644 -0.14630534 -0.23346855 -0.2974292 -0.19561473 -0.13622132 -0.029440705 0.04068338 -0.00080679497 -0.10487292 -0.12277779 0.026988763 0.27641138 0.41742337 0.34591562 0.20315848 0.0328894 -0.1466931 -0.13417128 0.13433337 0.39336157 0.69183415 0.0312455 -0.054473348 -0.1027896 0.0627142 0.27043757 0.4935487 0.51444286 0.46759784 0.3564893 0.21296035 0.07778157 -0.053532235 0.07990707 -0.24214868 -0.17263734 0.06481099 -0.047723323 -0.1248471 -0.07187075 -0.22407025 -0.426475 -0.7464103 -1.0925605 -0.8432915 -0.24754865 0.26417255 0.81031823 1.0053114
0.24479194 0.050926287 -0.20804456 -0.19733605 0.054452326 0.046434805 -0.032664742 -0.030998992 -0.025582023 -0.17995526 -0.22961171 -0.2528911 -0.23917332 -0.16794261 -0.14088339 -0.106857024 -0.08974345 -0.18392189 -0.088384904 0.18702196 0.40151352 0.5246983 0.51829237 0.3250343 0.059185013 -0.11272287 -0.14118046 0.06403034 0.37514988 0.22977301 -0.07590594 0.026301105 0.1897437 0.15659559 0.12456822 0.3673702 0.44949415 0.2894143 0.15727893 0.0794979 -0.0013143062 -0.093414456 -0.017357703 -0.20670216 -0.21197386 0.021570394 0.028668554 -0.04748478 -0.13517307 -0.19648975 -0.25930867 -0.4472702 -0.8007706 -0.67254066 -0.12388204 0.40248635 0.72202253 0.764414
0.17335068 -0.19044824 -0.14846386 0.010825007 0.023220656 0.052630123 0.014737866 -0.05849176 0.0017690335 -0.07985423 -0.13515683 -0.2505262 -0.20315129 -0.18905303 -0.22596459 -0.22215942 -0.1523235 -0.11778569 0.032781634 0.26854923 0.5947535 0.8308445 0.7325663 0.46318564 0.22028093 0.0346442 -0.046942487 -0.021815378 0.19870992 -0.09694342 -0.14275855 -0.11984563 -0.10520359 -0.049398456 0.35164955 0.42437887 0.27568528 0.113806844 0.05512298 0.10613669 0.09125385 0.02992789 -0.09856313 -0.15996887 -0.2972626 -0.20773968 0.022963567 0.14057486 0.0027910722 -0.17938414 -0.32604006 -0.31871608 -0.33579504 -0.31884566 -0.038173407 0.26788306 0.49132937 0.5453024
0.09531578 -0.10691625 -0.022778133 0.06064641 0.10874518 0.20842063 0.13872989 0.023033181 -0.102208056 -0.099891216 -0.022348028 -0.13691138 -0.19672267 -0.2166249 -0.2318741 -0.22482307 -0.15499724 -0.10845048 0.07411504 0.42529678 0.8939723 0.9799836 0.7566594 0.48594213 0.27291992 0.14412908 0.075792275 0.031544596 -0.17444527 -0.07106311 -0.16209956 -0.05674293 -0.1667656 -0.08833248 0.26529208 0.20857546 0.07636182 0.10692825 0.22832392 0.21411207 0.13076515 0.005200389 -0.09694444 -0.20398757 -0.2667983 -0.332003 -0.12178875 0.02234034 0.028214429 -0.06710722 -0.1902796 -0.38700467 -0.3618258 -0.22501825 9.278534e-06 0.20021577 0.2654424 0.1879996
0.005716846 0.05291462 0.017601935 0.03284862 0.14601906 0.0902435 0.2163471 0.10715023 0.00017218397 -0.12595849 -0.07524931 -0.12567437 -0.1390559 -0.0796131 -0.041077893 -0.04116296 0.018817872 0.023875503 0.18594031 0.6509423 1.0042418 0.94635105 0.6696564 0.35634953 0.1617201 0.08426867 -0.0075184633 -0.17951927 0.038197447 0.18901578 -0.13733546 -0.22527784 -0.101964846 -0.090848245 0.014404043 0.06083652 0.12537171 0.2286488 0.2482446 0.18055424 0.08491709 -0.014249669 -0.15434244 -0.33123618 -0.40125215 -0.32791457 -0.21044718 -0.107283406 -0.06658351 -0.09425395 -0.15460595 -0.308705 -0.38387936 -0.28073502 -0.19139892 -0.08213285 0.03208966 0.00875474
0.090008825 0.10771801 0.15488338 0.19062804 0.13671343 0.19753401 0.16847114 0.11746246 0.00032025098 -0.09286258 -0.06156612 -0.1692627 -0.13748561 -0.06112796 -0.031649902 0.1281661 0.25540036 0.17704561 0.29564825 0.8506507 0.97376394 0.79678184 0.5469481 0.1919485 0.1380968 0.072958775 -0.013910786 -0.07597045 -0.05541277 0.032460887 0.07492289 -0.15011995 -0.14081438 -0.096279524 -0.018024882 0.124533325 0.21633783 0.23240897 0.20866258 0.11326183 0.05865242 -0.02767252 -0.09697333 -0.18512245 -0.31791678 -0.42215928 -0.39152524 -0.28600022 -0.25285658 -0.18781796 -0.21751076 -0.2861811 -0.30606848 -0.36041525 -0.24204944 -0.09838174 -0.15391804 -0.06726041
0.10984191 0.33281046 0.14441109 0.25543192 0.08568104 0.083023064 0.09624397 0.09002342 -0.041017823 -0.099410094 -0.11256861 -0.1895401 -0.042146146 0.04653317 -0.049255334 0.050453797 0.15422425 0.13178974 0.56194 0.8960044 0.8473139 0.64965975 0.36905316 0.19971077 -0.06147962 0.026666675 0.012413878 0.01973875 -0.12393945 0.029684873 -0.051848084 -0.08974675 -0.14718416 -0.0036462625 0.15237208 0.22067206 0.21193226 0.1878609 0.13490778 0.0620918 0.048567027 -0.022292702 -0.18192606 -0.19207428 -0.23828083 -0.3173685 -0.3945139 -0.4534217 -0.38936654 -0.35208267 -0.30627906 -0.26962778 -0.22930054 -0.20352474 -0.16164754 -0.2760705 -0.23711643 0.052107282
0.37119192 0.38881087 0.13946888 0.13881502 0.029019643 -0.04953483 0.0064547956 0.10016677 -0.015478073 -0.17441097 -0.20921959 -0.19042428 0.025494086 0.319944 0.060739968 -0.020972967 0.12659964 0.37710607 0.71826833 0.84147674 0.68219984 0.5234527 0.2018283 0.03780312 -0.24654584 0.010161349 0.03660364 -32767.0 -0.17804323 -0.023334762 -0.08543316 0.0043773153 0.1456431 0.18572114 0.16229737 0.17338693 0.18077314 0.22341335 0.20389329 0.17504218 0.092278 -0.047257572 -0.2508172 -0.34359574 -0.32011867 -0.2699332 -0.36238855 -0.5144285 -0.48784372 -0.46943945 -0.290392 -0.12523435 -0.11998633 -0.15334846 -0.27502063 -0.31143624 -0.026082447 -0.008685265
0.443773 0.35373914 0.070988454 0.054068632 -0.048590865 -0.13556823 -0.1062411 0.12295545 0.06316963 -0.10436645 -0.17559159 -0.14232165 -0.095454164 0.010180252 0.027410448 0.14560305 0.3888045 0.6391637 0.7678358 0.69068223 0.52059406 0.39031607 0.07292288 -0.1504507 -0.21259381 0.012944374 0.0549762 0.016872086 -0.29548037 0.056117427 0.107217066 0.16512524 0.17066462 0.15397024 0.17598139 0.24619046 0.3419812 0.35537726 0.34231988 0.26682878 0.2190296 0.05140694 -0.16854997 -0.41764164 -0.3834002 -0.29119778 -0.43249843 -0.57971656 -0.6315868 -0.50114876 -0.34725416 -0.19767573 -0.19710535 -0.1796579 -0.13783874 -0.021483377 0.040748905 -0.031409755
0.3726627 0.19718184 0.059534255 0.08733685 -0.059707455 -0.13756886 -0.0015906213 0.25806075 0.042779 0.040657263 -0.07370399 -0.16296847 -0.0572445 -0.01849242 0.13625798 0.40444335 0.6479628 0.73749316 0.60207677 0.52300733 0.3959045 0.25860348 -0.03927162 -0.09389693 -0.1578684 -0.05126899 -32767.0 -0.2028459 -0.036275283 0.07743195 0.1708013 0.14323764 0.14125566 0.19002452 0.25813827 0.3524886 0.43780604 0.4753113 0.4502961 0.34263822 0.108998336 -0.036961135 -0.18374316 -0.3733009 -0.32741886 -0.3361736 -0.5770091 -0.7098332 -0.7006629 -0.4523662 -0.22801027 -0.16541268 -0.14889097 -0.08422554 0.038870692 0.1457282 0.071777225 -0.11136563
0.2993603 0.11691923 0.10322366 0.14996484 -0.04083897 -0.070994206 0.1296805 0.29060012 0.08643801 0.09618028 0.06519131 -0.03516877 -0.03965682 0.14182273 0.41193673 0.72711784 0.684861 0.51605105 0.45170417 0.42660618 0.2960382 0.124836296 -0.0264777 -0.15254307 -0.11925515 -0.26883444 -0.20401075 -0.086922646 0.118006535 0.18779162 0.11799126 0.057595257 0.15696093 0.15129542 0.3077112 0.42880997 0.4934817 0.42940617 0.3833592 0.2433915 0.103357345 -0.12248526 -0.30778506 -0.3471212 -0.3488985 -0.55334496 -0.7192348 -0.74475765 -0.5005842 -0.28140783 -0.18038833 -0.061052117 0.013241227 -0.020070454 0.034836516 0.18012564 0.06737055 -0.20743059
0.2410856 0.09142635 0.18724354 0.09901899 -0.016635515 0.10293868 0.24719344 0.26310137 0.19256113 0.18620291 0.073708735 -0.0046208818 0.07205187 0.43009943 0.7410997 0.6423191 0.4971813 0.40422022 0.45653766 0.37121218 0.1711223 -0.032870516 -0.005348003 -0.13188243 -0.18184644 -0.29086137 -0.16479935 0.119121514 0.28460902 0.09222766 -0.008431542 0.21152401 0.21213314 0.18895404 0.3227986 0.48252568 0.45993298 0.41438818 0.39737296 0.23664233 0.048003048 -0.15352882 -0.259148 -0.3041154 -0.48145017 -0.672662 -0.7508751 -0.5054804 -0.21911085 -0.22879054 -0.17299572 -0.074796446 0.041383985 0.12051758 0.1319503 0.12844414 0.011615998 -0.28390747
