static/data/seaWind_uo/2023/7/17/0.asc
ncols 137
nrows 93
xllcorner 108.0
yllcorner 17.0
cellsize 0.25
NODATA_value -32767
[rows 0 to 18 of 93, columns 43 to 85 of 137]
-0.061178601859731785 0.33923846925538115 0.8765981786918635 1.4692154439422311 1.3875303614347478 1.1280600993521546 0.48739278556797316 0.6579704578630117 0.9190423882300651 1.2890277619404298 1.7559140668606523 1.8936575393242507 1.8279891396613723 1.4668129415155402 1.3138536203495672 1.115246753076471 0.8894115249675467 0.27437090373473305 -0.06438193842865303 -0.1180378259580781 0.10058989487077374 0.2935909231482583 0.3504501472466046 0.3512509813888345 -0.04516191901512734 -0.5304674092066448 -0.9477019973085927 -0.8355852173963612 -0.5272640726377238 -0.21814209373685634 0.0845732120261693 0.9062290419543815 1.9080725538843955 1.9473134268536758 1.4596054342354683 1.3578994981722294 2.023392670365548 2.804205959040019 3.0172278408732587 2.7897909444798743 2.3213029712751916 2.250829566758932 2.584777404068937
-0.014730221610379068 0.6627754627163926 1.4884354633557568 2.4109963952049775 2.813815968746781 2.7937951151910254 2.2948754445815944 2.210787859647421 2.166741981824758 2.2228003717808744 2.31489629813735 2.274053756883609 2.10267525044634 1.779939091127559 1.5404896826007213 1.1681018064636657 0.7252405258103507 0.17426663595595482 -0.02434023131714147 0.018904812363290446 0.3448443082509929 0.717232184388048 0.847768149571575 0.681194647987688 0.04453150491465774 -0.6489908622567182 -1.1591222108573727 -1.3385090587169433 -0.895647778063628 -0.3751055856139809 0.26956589888135163 1.3907336980036686 2.157131972117996 2.4734614582989347 2.107480255299721 3.2470672396933336 4.596472769351266 5.912243265035528 5.872201557924017 5.606324622703582 5.316422663216239 5.145044156778971 5.087384098538395
0.2903875865793375 0.9030257053854607 1.6958515061933848 2.615209101473685 3.2478680738355643 3.501732496922546 3.320743980778515 3.011622001877647 2.7177158716791543 2.52631651168613 2.4734614582989347 2.4782664631523166 2.323705473701883 1.9537200999915183 1.5541038630186352 1.2169526891397098 0.9246482272256769 0.6675804675697741 0.4481519125986919 0.40490686891826 0.5923020582001328 1.0055324755909298 1.204940177006256 1.1216534262143125 0.5122186439771101 -0.16929121106081269 -0.7074517546395249 -0.9901462068467948 -0.7603068080267197 -0.28461132754196505 0.42332605418955493 1.550900526449714 2.323705473701883 2.696093349838938 2.5239140092594394 3.460089121526574 4.635713642320546 5.8105373289722895 5.850579036083801 5.4998136817869625 5.050545727995804 4.622900296044863 4.5075801795637105
0.24954504532559607 0.58269204849337 1.3026419423583437 2.197974513371737 2.687284174274405 2.8955010512542647 2.7705709250663495 2.4782664631523166 2.270049586172458 2.24282122533663 2.377361361231308 2.3965813806448337 2.1739494891048303 1.6638181405041759 1.144076782196759 1.002329139022009 0.9342582369324397 0.8573781592783378 0.7332488672326529 0.7036180039701345 0.8349548032958913 0.9662916026216486 1.1448776163389893 1.2545918938245304 1.263401069389063 0.7708880719174735 0.3520518155310648 -0.12524533323815001 -0.242167118003763 -0.16048203549628015 0.35845848866890684 1.1624959674680544 1.811171622674538 2.1507252989801535 1.8856491979019485 1.600552243267988 2.2075845230785 2.6904875108433264 3.3271506539163567 3.253473912831176 3.1133279379408862 2.656051642727427 2.6664624865764197
0.11180157286199677 0.4393427370341598 1.0527816899825133 1.8231841348079914 2.193169508518356 2.184360332953823 1.9945626412452593 1.6654198087886365 1.5436930191696416 1.5468963557385629 1.6157680919703625 1.4507962586709358 1.197732669726184 0.8886106908253169 0.6171279166092698 0.48178694657236143 0.6083187410447373 0.6843979845566088 0.6435554433028674 0.7156305161035879 0.822942291162438 0.8589798275627984 0.8749965104074029 0.946270749065893 1.0992300702318665 1.0936242312362547 0.7436597110816456 0.3344334644019997 -0.07078861156649463 -0.05957693357527161 -0.03555190930836494 0.33683596682869066 0.9702957733327997 1.3755178493012945 1.3619036688833805 0.8717931738384821 0.2975950938594094 0.30960760599286274 0.836556471580352 1.57332388243216 1.681436491633241 1.401945375994892 1.0992300702318665
-0.0884069626955597 0.2631592257435096 0.8509714861404962 1.3378786446164739 1.5276763363250372 1.519667994902735 1.3114511179228763 0.7780955791975455 0.6259370921738023 0.4705752685811384 0.5915012240579025 0.5162228146882613 0.5170236488304916 0.292790089006028 0.014099807509909468 -0.0852036261266389 0.014099807509909468 0.256752552605668 0.5562645217997728 0.6419537750184068 0.6932071601211414 0.6299412628849534 0.6419537750184068 0.6419537750184068 0.7348505355171131 0.7156305161035879 0.5234303219683336 0.15664828482688975 -0.13485534294491286 -0.18290539147872664 -0.14206285022498477 -0.05397109457965987 0.09258155344847152 0.45776192230545476 0.7901080913309988 0.8189381204512869 0.24313837218775403 0.292790089006028 0.577887043639989 1.2738119132380556 1.614166423685902 1.3691111761634525 0.97109660747503
-0.42475730243225485 -0.07239027985095525 0.256752552605668 0.6507629505829393 0.8629839982739496 0.8878098566830865 0.6595721261474718 0.010896470940988223 -0.4495831608413918 -0.6073474868607465 -0.2685946446973606 0.08537404616839961 0.08697571445285979 -0.09801697240232254 -0.42475730243225485 -0.5248615702110331 -0.3526822296315344 -0.033149406881674004 0.2719684013080421 0.5362436682440168 0.613924580040349 0.5730820387866076 0.45295691745207334 0.42733022490070605 0.3424418058243024 0.2046983333607031 0.011697305083218534 -0.2125362547412446 -0.2581838008483679 -0.30463218109772106 -0.2325571082970006 -0.27339964955074203 -0.13485534294491286 -0.029145236170522892 0.2919892548637981 0.39529685921149715 0.8253447935891289 0.995922465884167 1.2265626988464722 1.1200517579298523 1.4620079366621588 0.959884929483807 0.6723854724231555
-0.9044569536281606 -0.736281783759813 -0.5705091163181562 -0.18931206461656824 0.12381408499545055 0.26956589888135163 -0.052369426295199695 -0.7851326664358569 -1.2904590101831297 -1.408181629090973 -0.9388928217440604 -0.5464840920512493 -0.3158438590889441 -0.3158438590889441 -0.5689074480336955 -0.6281691745587323 -0.4407739852768593 -0.10762698210908495 0.21831251377861705 0.4457494101720014 0.5898995557734423 0.6219329214626512 0.51061697569265 0.16866079696034308 -0.10362281139793383 -0.3526822296315344 -0.5120482239353494 -0.6241650038475812 -0.6009408137229046 -0.5080440532241983 -0.3743047514717506 -0.36949974661836915 -0.23736211315038203 -0.05717443114858067 0.22231668448976816 0.41772021519394364 0.7052196722545947 1.0864167239561828 1.422767063692878 1.4283729026884893 0.6595721261474718 -0.08360195784217828 0.035722329350125204
-1.2792473321919067 -1.2183839373824095 -1.1727363912752864 -0.9156686316193838 -0.6634058768168625 -0.3462755564936928 -0.7250701057685898 -1.2303964495158628 -1.7837728417969494 -1.9887863822078873 -1.6564402131823432 -1.1495122011506098 -0.7306759447642015 -0.5344715799177959 -0.6738167206658554 -0.446379824272471 -0.27500131783520265 -0.009925216756997646 0.2631592257435096 0.45055441502538285 0.5050111366970382 0.5482561803774706 0.4185210493361735 0.03812483177681614 -0.45038399498362214 -0.9228761388994557 -1.2207864398091 -1.2207864398091 -0.9436978265974416 -0.8115601931294543 -0.6225633355631208 -0.11163115282023606 0.13022075813329215 0.24474004047221465 0.5690778680754565 0.6755888089920763 0.5538620193730819 0.7132280136768969 1.3450861518965458 1.249786888971149 0.3968985274959578 -0.5785174577404584 -0.10682614796685508
-1.524302579714356 -1.4514266727714054 -1.3881607755352174 -1.132694684163775 -0.9260794754683768 -0.7619084763111803 -0.9068594560548513 -1.3745465951173035 -1.8021920270682446 -2.051251445301845 -1.898292124135872 -1.8134037050594678 -1.4666425214737797 -1.0389970895228386 -0.6225633355631208 -0.3606905710538366 -0.14846952336282682 0.014099807509909468 0.21671084549415642 0.30640426942394194 0.35845848866890684 0.30720510356617226 0.16225412382250104 -0.19171456704325873 -0.6009408137229046 -1.2392056250803953 -1.7141002714229197 -1.6964819202938546 -1.39777078524198 -0.7931410078581591 -0.013929387468148757 0.5762853753555284 0.8798015152607843 0.7933114278999196 0.9791049488973322 0.7636805646374012 0.6107212434714282 0.4129152103405622 1.2770152498069764 1.2593968986779118 0.9726982757594906 0.058145685332571695 0.6043145703335862
-1.8702629291578137 -1.8222128806240003 -1.4378124923534914 -1.11427549889248 -0.8940461097791677 -0.8556060709521167 -0.8251743735473682 -1.015772899398162 -1.3216915417301085 -1.6292118523465156 -1.7197061104185312 -1.8430345683219862 -1.8382295634686048 -1.5539334429768743 -0.9493036655930533 -0.5985383112962139 -0.34066971749808106 -0.2357604448659214 -0.17810038662534522 -0.13405450880268255 -0.08440279198440859 -0.07078861156649463 -0.15167285993174762 -0.2629888057017489 -0.5480857603357097 -0.9613161777265067 -1.2704381566273741 -1.181545566839819 -0.7410867886131944 0.013298973367679157 0.910233212665533 1.569319711721009 1.9112758904533158 1.6846398282021622 1.366708673736762 0.984710787892944 0.5947045606268238 0.26636256231243083 0.8733948421229423 1.2489860548289187 1.3971403711415107 1.263401069389063 0.9606857636260373
-1.9367321629629226 -1.8910846168557995 -1.5050825603008304 -1.143105528012768 -0.8636144123744189 -0.7410867886131944 -0.6561983695367903 -0.8508010660987353 -1.18554973755097 -1.5323109211366583 -1.5347134235633488 -1.4866633750295353 -1.4025757900953615 -1.3457165659970154 -1.174338059559747 -1.1807447326975888 -1.18474890340874 -1.1222838403147821 -0.9541086704464345 -0.8475977295298145 -0.7242692716263597 -0.54888659447794 -0.41835062929441325 -0.24376878628822363 -0.18210455733649633 -0.22374793273246807 -0.3558855662004552 -0.27980632268858363 0.09658572415962263 0.8445648130026542 1.569319711721009 1.8624250077772726 1.9208859001600787 1.8600225053505812 1.5444938533118724 1.1064375775119384 0.6667796334275438 0.36566599594897875 0.17746997252487562 0.4345377321807784 1.049578353413592 2.1723478208203697 1.4892362974979867
-1.5307092528521977 -1.4810575360339238 -1.241608127507086 -1.0558146065096734 -0.8684194172278004 -0.8275768759740587 -0.7659126470223314 -0.8596102416632678 -1.012569562829241 -1.2792473321919067 -1.50348089201637 -1.7277144518408334 -1.8166070416283886 -2.072873967142061 -2.2218291175968834 -2.230638293161416 -2.167372395925228 -1.990388050492348 -1.828619553761842 -1.570750959963709 -1.3120815320233459 -0.8227718711206775 -0.42075313172110373 -0.08440279198440859 0.3007984304283302 0.44975358088315254 0.5306378292484055 0.5682770339332261 0.7885064230465382 1.0303583340000668 1.2826210888025882 1.3434844836120856 1.1160475872187012 1.0407691778490595 0.9734991099017205 0.7436597110816456 0.3832843470780438 0.10779740215084566 -0.1444653526516757 0.08937821687955072 1.0127399828710018 2.706504193687931 2.2452237277633205
-1.1238855085992427 -1.2247906105202513 -1.2183839373824095 -1.0558146065096734 -0.9901462068467948 -0.9781336947133414 -0.9268803096106069 -0.9116644609082325 -1.0301879139583061 -1.5619417843991765 -2.6254495252809176 -3.026667430538261 -3.614479690935247 -3.8563316018887757 -3.8603357725999268 -3.5199812621520805 -3.30615854617661 -2.7071346077884004 -2.4500668481324976 -2.101703996262349 -1.4153891363710451 -0.6874309010837691 -0.16608787449189188 0.24954504532559607 0.5882978874889817 0.6964104966900622 1.1240559286410035 1.180114318597119 1.1024334068007873 0.9742999440439508 0.847768149571575 0.5122186439771101 0.27437090373473305 0.2087025040718542 0.5570653559420031 0.4449485760297711 0.29919676214387003 -0.12604616738038033 -0.02113689474822067 0.8253447935891289 1.9521184317070577 3.6434801400972963 3.626662623110461
-0.9477019973085927 -1.0878479721988825 -1.181545566839819 -1.199163917968884 -1.1383005231593868 -1.0301879139583061 -1.0590179430785942 -1.1054663233279474 -1.662046052177955 -2.3827967801851586 -3.403860311528698 -4.237528653590363 -4.829345084698501 -5.123251214896994 -4.8886068112235375 -4.522625608224324 -3.925203338120575 -3.3437977508614307 -2.9369740066084757 -1.994392221203499 -1.2191847715246396 -0.07959778713102716 0.48098611243013156 0.8373573057225823 0.7820997499086966 0.7901080913309988 1.1464792846234495 1.2313677036998536 1.1432759480545287 0.867789003127331 0.4713761027233687 0.16785996281811277 0.2575533867478983 0.4921977904213546 0.8373573057225823 0.8597806617050288 0.6876013211255296 0.04933650976803916 0.36806849837566924 1.197732669726184 2.2676470837457665 3.7147543787557864 3.7139535446135556
-0.9661211825798881 -1.2079730935334165 -1.2816498346185974 -1.2968656833209715 -1.18554973755097 -1.1134746647502498 -1.308878195454425 -1.8966904558514113 -2.460477691981491 -3.2661168390650985 -3.9932742402101447 -4.827743416414041 -5.277011370205198 -5.542888305425633 -5.288223048196421 -4.8838018063701565 -4.287180370408637 -3.655322232188989 -2.733562134481998 -1.7861753442236399 -0.6329741794121138 0.4649694295855267 0.9078307102388421 0.7412572086549551 0.6795929797032274 0.4097118737716414 0.5594678583686936 0.6459579457295579 0.7292446965215018 0.5947045606268238 0.45055441502538285 0.6707838041386949 0.7652822329218618 0.9815074513240232 1.3114511179228763 1.3338744739053228 1.0367650071379084 0.373674337371281 0.5810903802089098 0.9726982757594906 2.0386085190679224 3.384810712156933 3.4841141457934808
-1.2472139665026976 -1.5122900675809026 -1.478655033607233 -1.3569282439882386 -1.2440106299337765 -1.4690450239004702 -2.0048030650524917 -2.5942169937339385 -3.1131575178991255 -3.8130865582083437 -4.433733018436769 -5.020744444691525 -5.470813232624913 -5.549294978563474 -5.2657996922139745 -4.86057761624548 -4.04693012773957 -3.3109635510299915 -2.2426508052948693 -1.4145883022288148 -0.2573829667061376 0.25595171846343767 0.27036673302358194 0.10219156315523437 -0.03955608001951605 -0.3462755564936928 -0.2934205031064976 -0.2317562741547703 -0.14846952336282682 0.27437090373473305 1.1048359092274778 1.3258661324830205 0.8709923396962518 0.706020506396825 0.982308285466253 1.236172708553235 0.9382624076435908 0.649962116440709 0.6747879748498464 1.0663958704004268 1.7743332521319473 3.169386327897002 3.3183414783518237
-1.6147968377863715 -1.771760329663496 -1.5627426185414068 -1.4594350141937076 -1.9399354995318436 -2.337950068220266 -2.8945297970702737 -3.2092576149667527 -3.7161856269984863 -4.11740353225583 -4.581086500607131 -5.168097926861886 -5.389128150117429 -5.361899789281601 -5.012736103269223 -4.139026054096046 -3.284536024336394 -2.4132284775899073 -1.7837728417969494 -1.0381962553806083 -1.0141712311137017 -0.8716227537967214 -1.0518104357985223 -1.0462045968029106 -1.1519147035773005 -1.0878479721988825 -1.2111764301023373 -1.1383005231593868 -0.6754183889503158 0.040527334203506626 1.2666044059579837 1.1921268307305728 0.6876013211255296 -0.25578129842167696 -0.11563532353138761 0.21591001135192656 0.7244396916681204 0.7788964133397758 0.8325523008692008 1.0848150556717222 1.7631215741407238 2.91311940238333 3.2839056102359243
-1.9215163142605483 -1.9543505140919875 -1.792582017361482 -2.4524693505591886 -3.1660125712863203 -3.610475520224096 -3.6793472564558956 -3.94282168924964 -4.127814376104823 -4.446546364712453 -4.673182426963606 -4.722834143781881 -4.8637809528144 -4.632339885709865 -3.974054220796619 -3.0050449086980446 -2.361174258344943 -1.6948802520093942 -1.598780154941767 -1.8398312317530652 -2.03443392831501 -2.361174258344943 -2.5541752866224274 -2.4292451604345118 -2.065666459861989 -1.7084944324273081 -1.8726654315845046 -1.6788635691647897 -1.1951597472577329 -0.21413792302570522 0.4489527467409222 0.2279225234853799 -0.40633811716095947 -1.1383005231593868 -0.878029426934563 -0.22775210344361918 0.34084013753984177 0.8045231058911431 0.8197389545935172 1.0543833582669735 1.5829338921389229 2.4782664631523166 3.178195503461535
