static/data/seaWind_uo/2023/7/17/12.asc
ncols 137
nrows 93
xllcorner 108.0
yllcorner 17.0
cellsize 0.25
NODATA_value -32767
[rows 19 to 37 of 93, columns 42 to 83 of 137]
-3.0050449086980446 -3.137182542166032 -3.2332826392336593 -3.5840479935304987 -4.611518198011879 -5.46040238877592 -5.721474319142974 -5.903263669429235 -6.1915639606321164 -6.52391012965766 -6.884285493661263 -7.145357424028315 -7.262279208793929 -7.262279208793929 -7.2430591893804035 -6.811409586718312 -6.503889276101905 -6.20357647276557 -5.942504542398516 -5.67662760717808 -5.449190710784697 -5.245778838658219 -5.1801104389953405 -4.770083358173464 -4.075760156859857 -3.390246131110784 -2.8560897582432228 -1.9783755383588943 -0.7450909593243455 0.11260240700422708 0.22712168934314958 -0.42075313172110373 -0.5104465556508893 -0.36149140519606693 -0.13085117223376175 -0.25257796185275616 0.22552002105868896 0.7941122620421499 0.7588755597840202 -0.006721880188076401 -0.07239027985095525 0.4081102054871808
-3.221270127100206 -3.30615854617661 -3.5135745890142385 -4.93425435733066 -5.799956065081536 -5.8992594987180835 -5.026350283687137 -5.195326287697714 -5.538884134714482 -6.002567103065783 -6.585574358609389 -7.01722396127148 -7.12053156561918 -7.011618122275868 -6.801799577011549 -6.6368277437121215 -6.517503456519819 -6.37975998405622 -6.225999828748016 -6.178750614356433 -5.914475347420458 -5.526070788438798 -5.110437868621311 -4.234325317021442 -3.4198769943733023 -2.7031304370772493 -2.0776789719954425 -1.5587384478302555 -1.1238855085992427 -0.9220753047572257 -0.8467968953875842 -0.958913675299816 -0.8604110758054981 -0.7066509204972946 -0.6433850232611067 -0.7539001348888781 -0.12364366495368984 0.6843979845566088 1.044773348560211 1.140072611485608 1.5492988581652534 2.1675428159669887
-3.472732047760497 -3.415071989519921 -3.2412909806559616 -4.099785181126764 -5.188919614559873 -5.769524367676787 -6.149920585236145 -5.60215003195067 -5.559705822412468 -5.693445124164915 -6.445428383719098 -6.824222932993996 -6.967572244453207 -6.897899674079175 -6.679271953250325 -6.504690110244135 -6.461445066563703 -6.472656744554926 -6.358137462216003 -6.230003999459168 -5.756711021401103 -5.190521282844333 -4.359255443209358 -3.214062619820134 -2.4100251410209865 -1.8334245586152234 -1.407380794948743 -1.3120815320233459 -1.6332160230576669 -1.8021920270682446 -1.9287238215406204 -1.6139960036441412 -1.262429815205072 -0.8171660321250658 -0.7290742764797409 -0.658600871963481 -0.17249454762973349 0.5226294878261033 1.2754135815225163 1.9617284414138205 2.5151048336949064 3.0396511968557056
-3.3798352872617907 -3.3013535413232287 -3.23488430751812 -3.290942697474236 -4.182271097776478 -5.164894590292966 -6.3757558133450685 -6.233207336028088 -5.996961264070171 -6.069036336870892 -5.984147917794488 -6.105073873271252 -6.341319945229168 -6.577566017187085 -6.543930983213416 -6.3981791693275145 -6.3172949209622615 -6.287664057699743 -6.065032166159741 -5.582930012537144 -5.050375307954043 -4.240731990159285 -3.4374953455023673 -2.5557769549068876 -2.055255616012996 -1.5723526282481695 -1.7165027738496104 -1.8061961977793957 -2.041641435595082 -2.379593443616238 -2.8208530559850926 -2.631856198418759 -2.207414103036739 -1.7749636662324169 -1.552331774692414 -1.39696995109975 -0.878029426934563 0.16145328968027117 1.4443895855330942 2.0890610700284262 2.3837680343691496 2.7305292179548375
-3.3886444628263233 -3.1700167419974714 -3.214863453962364 -3.2260751319535874 -3.5367987791389153 -4.100586015268995 -4.653161573407852 -4.93025018661951 -5.880039479304559 -5.9304920302650626 -6.008973776203625 -6.165136433938519 -6.363743301211615 -6.366145803638306 -6.318095755104492 -6.316494086820032 -6.116285551262475 -5.908869508424846 -5.599747529523979 -5.129657888034836 -4.581887334749361 -3.798671543648199 -3.143589215303874 -2.5910136571650177 -2.4636810285504116 -2.3571700876337918 -2.454871852985879 -2.510930242941995 -2.583806149884946 -2.836068904687467 -3.5392012815656058 -3.7153847928562556 -3.5656288082592034 -3.3277810680168263 -3.0955391667700605 -2.7535829880377536 -1.9775747042166643 -0.4776123558194496 1.3426836494698553 1.7382957157315873 1.9633301096982811 2.03220184593008
-3.069912474218693 -2.95218985531085 -3.107551678903514 -3.082725820494377 -3.121966693463658 -3.2693201756340198 -3.2701210097762496 -3.6401063834866143 -4.777290865453536 -6.121090556115856 -6.374954979202839 -6.455839227568092 -6.7801770551713325 -6.677670284965863 -6.290066560126434 -6.294070730837586 -6.0113762786303155 -5.789545221232542 -5.413153174384336 -5.0543794786651945 -4.702012456083895 -4.1422293906649665 -3.8315057434796387 -3.532794608427764 -3.428686169937835 -3.346200253288121 -3.3285819021590566 -3.223672629526897 -3.2645151707806384 -3.4783378867561088 -4.146233561376118 -4.599505685878426 -4.885403474654616 -4.6547632416923115 -4.164652746647413 -3.178825917562004 -2.089691484128896 -0.2918188348220374 1.433978741684101 1.5004479754892102 1.2121476842863284 1.2417785475488468
-3.121966693463658 -3.054696625516319 -3.1187633568947373 -2.967405704013224 -3.0066465769825053 -2.967405704013224 -2.8344672364030066 -3.255705995216106 -4.915034337917135 -6.261236531006146 -6.846646288976441 -6.896298005794716 -7.237453350384792 -6.934738044621767 -6.543130149071185 -6.351730789078162 -6.006571273776935 -5.798354396797075 -5.904865337713695 -5.578125007683763 -5.378717306268436 -5.221753814391311 -4.910229333063754 -4.6547632416923115 -4.493795579104036 -4.349645433502595 -4.176665258780867 -4.070955152006476 -4.0437267911706485 -4.238329487732594 -4.728439982777493 -4.523426442366555 -4.810125065284975 -4.760473348466702 -4.356852940782668 -3.2589093317850266 -1.6364193596265877 0.19428748951171038 1.1560892943302123 0.6459579457295579 0.33683596682869066 0.4361394004652386
-4.0389217863172675 -3.825899904484027 -3.254104326931645 -3.0458874499517865 -2.850483919247611 -2.779209680589121 -2.673499573814731 -3.008248245266966 -4.64835656855447 -6.337315774518018 -7.132544077752632 -7.434458549373428 -7.519346968449833 -7.204619150553352 -6.736131177348671 -6.495080100537372 -6.2500248530149225 -6.2948715649798155 -6.400581671754205 -6.543930983213416 -6.3933741644741335 -6.232406501885858 -6.002567103065783 -5.773528538387938 -5.467609896055992 -5.228961321671385 -5.071196995652029 -5.129657888034836 -5.0816078395010225 -5.106433697910159 -4.698809119514975 -4.309603726391083 -3.2260751319535874 -3.256506829358336 -3.568832144828124 -3.1123566837568952 -1.4906675457406864 -0.6185591648519697 -0.16448620620743126 -0.7202651009152086 -0.403935614734269 -0.2918188348220374
-5.208940468115628 -4.903021825783682 -3.3566110971371144 -3.178825917562004 -2.9617998650176127 -2.7960271975759556 -2.675902076241422 -2.729557963770847 -3.34139524843474 -4.921441011054977 -7.1805941262864454 -7.959004912534226 -7.802842254799332 -7.363184310714939 -6.891493000941335 -6.834633776842988 -7.0997098779211925 -7.09170153649889 -7.143755755743856 -7.278295891638534 -7.3151342621811235 -7.110120721770187 -6.869069644958888 -6.532719305222193 -6.222796492179095 -5.92248368884276 -6.0113762786303155 -6.125895560969237 -6.138708907244921 -5.933695366833984 -5.016740273980374 -3.8515265970353942 -2.450867682274728 -1.7525403102499704 -2.6558812226856663 -2.7744046757357395 -2.5974203303028593 -2.1697748983519185 -1.9679646945099014 -1.704490261716157 -1.1823464009820492 -0.6345758476965742
-3.263714336638408 -3.3125652193144517 -3.0514932889473982 -3.178825917562004 -3.0378791085294843 -2.7423713100465306 -2.792823861007035 -2.644669544694443 -3.1419875470194136 -4.8838018063701565 -7.585816202254941 -8.25531354515941 -7.780418898816885 -7.526554475729904 -7.593824543677243 -7.546575329285659 -7.767605552541202 -7.882925669022354 -7.971818258809909 -7.996644117219047 -7.955801575965305 -7.841282293626383 -7.471296919916018 -7.023630634409322 -6.686479460530396 -6.52391012965766 -6.612001885302986 -6.66485693869018 -6.679271953250325 -6.464648403132624 -6.41499668631435 -5.7198726508585125 -4.8637809528144 -3.857132436031006 -3.7177872952829465 -3.8090823874971926 -3.822696567915106 -3.497557906169634 -2.9057414750614967 -2.31712838052228 -1.6860710764448616 -1.0902504746255732
-2.42203765315444 -2.5189385843642973 -2.9361731724662454 -3.125170030032579 -3.048289952378477 -2.8560897582432228 -2.9057414750614967 -2.7519813197532934 -3.227676800238048 -4.8341500895518825 -7.315935096323354 -8.497165456112938 -8.054304175459624 -7.872514825173361 -8.120773409264732 -8.543613836362292 -8.369832827498332 -8.308168598546604 -8.46112791971258 -8.7133906745151 -8.528397987659918 -8.314575271684447 -7.922967376133867 -7.4809069296227815 -7.136548248463784 -7.039647317253927 -6.91391635692378 -6.709703650655072 -6.4206025253099615 -5.914475347420458 -5.916877849847149 -5.960923727669812 -5.95691955695866 -5.70866097286729 -5.494037422749589 -5.191322116986564 -4.738049992484255 -4.075760156859857 -3.362216936132726 -2.8761106117989783 -2.28029000997969 -1.6244068474931344
-2.053653947728536 -2.0528531135863055 -2.4308468287189724 -2.836869738829697 -2.963401533302073 -3.009849913551426 -2.928164831043943 -2.8520855875320716 -2.885720621505741 -3.839514084901941 -5.159288751297354 -7.447271895649111 -8.29295274984423 -8.514783807242004 -8.43069622230783 -8.534003826655528 -8.907993371077044 -8.847129976267547 -8.869553332249994 -8.982470946304456 -8.895980858943592 -8.646120606567761 -8.345807803231425 -8.101553389851206 -7.875718161742283 -7.825265610781779 -7.468894417489327 -6.990796434577883 -6.214788150756792 -5.589336685674986 -5.653403417053404 -5.966529566665423 -6.175547277787512 -6.406187510749817 -6.519105124804279 -6.033799634612762 -5.288223048196421 -4.512214764375331 -3.857132436031006 -3.3109635510299915 -2.840873909540848 -2.4692868675460233
-1.4129866339443544 -1.305674858885504 -1.7749636662324169 -2.2290366248769553 -2.764794666028977 -2.9882273917112103 -3.041082445098405 -2.9473848504574685 -2.91775398719495 -2.8809156166523597 -3.641708051771075 -5.17930960485311 -7.4720977540582485 -8.192047647923223 -8.78786824974251 -8.582053875189343 -8.903188366223663 -9.285186252067481 -9.369273837001655 -9.294796261774245 -9.24274204252928 -9.060952692243019 -8.895980858943592 -8.68215814296812 -8.530800490086609 -8.485152943979486 -8.152806774953941 -7.492919441756234 -6.670462777685792 -5.963326230096502 -6.067434668586431 -6.436619208154566 -6.890692166799104 -7.137349082606013 -7.1669799458685315 -6.659251099694568 -5.9304920302650626 -5.160089585439584 -4.440139691574611 -3.803476548501581 -3.465524540480425 -3.1852325906998455
-1.0357937529539176 -0.9917478751312552 -1.3745465951173035 -1.8021920270682446 -2.3467592437847986 -2.84728058267869 -2.9537915235953105 -2.854488089958762 -2.8520855875320716 -2.825658060838474 -3.144390049446104 -3.599263842232873 -5.4051448329620335 -7.33755761816357 -8.21927600875905 -8.765444893760064 -8.916802546641577 -9.35245632001482 -9.675192479333601 -9.639154942933242 -9.477386446202736 -9.461369763358132 -9.334837968885756 -9.298800432485395 -9.13623110161266 -8.937624234339562 -8.5756472020515 -7.920564873707175 -7.136548248463784 -6.363743301211615 -6.291668228410895 -6.540727646644495 -6.981186424871119 -7.492118607614005 -7.583413699828251 -7.129340741183711 -6.574362680618165 -5.838396103908586 -5.131259556319296 -4.445745530570223 -4.08376849828216 -4.039722620459497
-0.6794225596614669 -0.8820335976457143 -1.3633349171260805 -1.7957853539304027 -2.214621610316811 -2.689516256659336 -2.9962357331335125 -2.981019884431138 -2.9145506506260292 -2.772002173309049 -3.097140835054521 -3.599263842232873 -4.233524482879212 -6.17154310707636 -7.297515911052059 -7.901344854293651 -8.060710848597465 -8.81589744472057 -9.13943443818158 -9.507818143607485 -9.429336397668923 -9.538249841012233 -9.828151800499574 -9.797720103094827 -9.7360558741431 -9.426933895242232 -9.03292349726496 -8.18564097478538 -7.345565959585873 -6.447830886145789 -6.457440895852551 -6.710504484797303 -7.137349082606013 -7.593824543677243 -7.693127977313791 -7.520948636734293 -6.964368907884285 -6.514300119950898 -5.896056162149163 -5.25138467765383 -4.757270011897781 -4.712423299932888
-0.6153558282830487 -0.895647778063628 -1.5235017455721258 -1.7989886904993235 -2.2186257810279626 -3.372627779981719 -4.2279186438836005 -4.328823745804609 -2.9537915235953105 -2.8112430462783298 -2.8016330365715674 -3.472732047760497 -3.9179958308405034 -4.61231903215411 -5.731885162991967 -6.015380449341467 -6.362942467069384 -7.15576826787731 -8.136790092109337 -8.583655543473803 -8.81990161543172 -9.28278374964079 -9.574287377412594 -9.926654399993893 -9.973102780243247 -9.708026679165041 -9.28198291549856 -8.43149705645006 -7.3864085008396145 -6.4694534079860055 -6.612802719445215 -6.973178083448817 -7.402425183684219 -7.482508597907241 -7.524151973303214 -7.436060217657888 -7.4720977540582485 -7.0316389758316244 -6.616806890156367 -5.996160429927941 -5.491634920322898 -5.187317946275412
-0.5040398825130472 -0.9669220167221182 -1.6212035109242133 -1.764552822383424 -2.0424422697373124 -3.2877393609053147 -5.205737131546707 -5.9577203911008905 -4.194283609909931 -2.769599670882358 -2.546967779342355 -2.595818662018399 -2.7319604661975374 -3.3886444628263233 -3.9844650646456117 -4.139826888238276 -4.57788316403821 -5.343480604010306 -6.326904930669025 -7.163776609299612 -7.645077928779978 -8.176831799220848 -8.704581498950567 -9.071363536092012 -9.583897387119356 -9.535847338585542 -9.127421926048127 -8.534804660797759 -7.496923612467386 -6.783380391740254 -6.857057132825435 -7.198212477415511 -7.249465862518246 -7.204619150553352 -7.216631662686806 -7.433657715231197 -7.47930526133832 -7.493720275898465 -7.169382448295224 -6.507893446813056 -5.8720311378822565 -5.562909158981388
-0.28140799097304425 -0.764310978737871 -1.3657374195527712 -1.7325194566942148 -1.8942879534247206 -1.9551513482342178 -3.3109635510299915 -4.75566834361332 -4.096581844557844 -2.7704005050245883 -2.4941127259551603 -2.157762386218465 -2.196202425045516 -2.59902199858732 -3.2028509418289106 -3.037078274387254 -3.2260751319535874 -3.8419165873286314 -4.54184562763785 -5.445987374215775 -6.06343049787528 -6.535922641791114 -7.141353253317165 -7.82606644492401 -8.56843969477143 -8.765444893760064 -8.723801518364093 -8.190445979638762 -7.706742157731705 -7.2470633600915555 -7.074083185369826 -6.917119693492701 -6.87547631809673 -6.9195221959193915 -6.988393932151192 -7.2294450089624895 -7.446471061506882 -7.558587841419113 -7.471296919916018 -6.838637947554139 -6.1827547850675835 -5.74469850926765
-0.22935377172807936 -0.3759064197562112 -0.573712452887077 -1.2848531711875182 -1.5731534623903998 -1.4802567018916934 -1.465040853189319 -2.3195308829489707 -2.4804985455372464 -2.754383822179984 -3.0362774402450237 -3.0474891182362467 -3.278129351198552 -3.353407760568193 -3.02186242568488 -2.571793637751492 -2.595818662018399 -2.7888196902958837 -3.3301835704435168 -4.000481747490216 -4.5642689836202965 -4.9694910595887904 -5.486829915469517 -6.141111409671613 -6.864264640105507 -7.246262525949325 -7.3824043301284625 -7.317536764607814 -7.079689024365438 -7.118129063192489 -6.914717191066011 -6.682475289819246 -6.575964348902625 -6.684076958103706 -6.868268810816657 -7.034041478258315 -7.239055018669253 -7.417641032386593 -7.430454378662278 -6.976381420017738 -6.467851739701544 -6.001766268923553
