static/data/seaWind_uo/2023/7/17/18.asc
ncols 137
nrows 93
xllcorner 108.0
yllcorner 17.0
cellsize 0.25
NODATA_value -32767
[rows 38 to 56 of 93, columns 84 to 125 of 137]
-4.1422293906649665 -3.7193889635674067 -3.955635035525324 -4.183872766060938 -4.158246073509571 -3.7033722807228022 -3.4142711553776905 -2.9882273917112103 -2.524544423359909 -2.096098157266738 -1.9046987972737135 -1.5659459551103279 -1.174338059559747 -0.7274726081952805 -0.21493875716793553 0.20389749921847278 0.5618703607953841 0.7684855694907826 0.854174822709417 0.9446690807814324 1.0335616705689876 1.1080392457963986 1.18251682102381 1.2593968986779118 1.3675095078789923 1.5541038630186352 1.8327941445147542 2.1675428159669887 2.4926814777124604 2.817820139457932 3.0580703821270006 3.19901719115952 3.223042215426427 3.1165312745098066 3.029240353006712 2.9195260755211714 2.805006793182249 2.7161142033946937 2.6192132721848362 2.4190047366272798 2.238817054625479 2.1331069478510885
-4.223914473172449 -3.784256529088055 -3.7570281682522273 -4.04853179602403 -4.445745530570223 -4.165453580789643 -3.7201897977096374 -3.1451908835883344 -2.56378529632919 -2.3507634144959497 -2.295505858682064 -2.03443392831501 -1.6916769154404734 -1.3000690198898925 -0.8131618614139147 -0.34387305406700186 0.08377237788393899 0.37287350322905066 0.5346419999595566 0.6411529408761769 0.6595721261474718 0.7508672183617175 0.8277472960158194 0.8942165298209281 0.9654907684794183 1.0367650071379084 1.2329693719843142 1.5380871801740308 1.8912550368975602 2.252431235043393 2.5423331945307344 2.6888858425588658 2.728126715528147 2.6800766669943337 2.5991924186290807 2.481469799721237 2.337319654119797 2.1923686743761253 2.0289985093611596 1.7927524374032422 1.5981497408412975 1.4732196146533822
-4.321616238524538 -3.9179958308405034 -3.7818540266613647 -3.8539290994620847 -4.312006228817775 -4.248740331581587 -3.853128265319855 -3.292544365758696 -2.944982348030778 -2.7984297000026466 -2.6855120859481842 -2.4380543359990443 -2.1281315229559468 -1.8246153830506908 -1.354525741561548 -0.8804319293612537 -0.45598983397923387 -0.13725784537160335 0.11820824599983881 0.2951925914327189 0.3168151132729351 0.3720726690868208 0.4393427370341598 0.4641685954432968 0.5266336585372544 0.5931028923423631 0.7780955791975455 1.0671967045426571 1.4283729026884893 1.8007607788255444 2.089861904170657 2.2083853572207297 2.24362205947886 2.2035803523673487 2.104276918730801 1.9745417876895037 1.8127732909589978 1.6510047942284927 1.476422951222303 1.2770152498069764 1.0952258995207154 0.953478256345965
-4.318412901955616 -3.938817518538489 -3.645712222482226 -3.663330573611291 -4.063747644726404 -4.273566189990724 -3.9404191868229494 -3.632098042064312 -3.323776897305675 -3.1596058981484787 -3.0042440745558148 -2.7992305341448764 -2.626250359423148 -2.333945897509115 -1.8870804461446484 -1.4338083216423403 -0.9925487092734855 -0.6217625014208905 -0.3638939076227574 -0.1732953817719638 -0.08600446026886921 -0.02273856303268129 0.05654401704811152 0.09738655830185294 0.18387664566271722 0.2351300307654518 0.41371604448279253 0.6795929797032274 1.0319600022845274 1.4147587222705758 1.6774323209220898 1.7703290814207961 1.7030590134734571 1.635788945526118 1.5172654924760445 1.406750380848273 1.2545918938245304 1.0992300702318665 0.9254490613679072 0.7484647159350271 0.6155262483248096 0.5098161415504197
-4.280773697270796 -3.9756558890810796 -3.681749758882586 -3.499960408596325 -3.8867632992935244 -4.168656917358565 -4.078162659286549 -3.769040680385681 -3.5840479935304987 -3.4503086917780506 -3.3373910777235887 -3.2132617856779038 -3.0394807768139445 -2.7944255292914955 -2.38680095089631 -1.9591555189453689 -1.5411200967011907 -1.1695330547063656 -0.8732244220811818 -0.6666092133857833 -0.5512890969046307 -0.4495831608413918 -0.3711014149028298 -0.2758021519774325 -0.17089287934527286 -0.09241113340671081 0.08697571445285979 0.3528526496732951 0.6107212434714282 0.9422665783547419 1.137670109058917 1.1288609334943849 1.0615908655470458 0.9374615735013605 0.8301497984425104 0.7388547062282642 0.6771904772765369 0.521828653683873 0.4009026982071089 0.25194754775228656 0.15664828482688975 0.18067330909379642
-4.211101126896766 -3.9075849869915102 -3.592056334952801 -3.397453638390856 -3.8066798850705017 -4.173461922211946 -4.093378507988922 -3.9131908259871215 -3.737808148838702 -3.690558934447119 -3.6529197297622984 -3.528790437716613 -3.427084501653374 -3.1836309224153854 -2.8512847533898413 -2.424440155581131 -2.0120105723325636 -1.7132994372806893 -1.4145883022288148 -1.1895539082621212 -1.0389970895228386 -0.9356894851751394 -0.7691159835912522 -0.669011715812474 -0.54888659447794 -0.4367698145657082 -0.2613871374172887 -0.1444653526516757 0.10379323143969454 0.3007984304283302 0.3824835129358135 0.3704710008023602 0.27837507444588416 0.15104244583127802 0.12301325085322024 0.09258155344847152 0.03892566591904645 -0.04436108487289703 -0.16128286963851046 -0.25498046427944665 -0.2878146641108863 -0.25578129842167696
-3.9732533866543887 -3.83631074833302 -3.520782096294311 -3.3325860728702077 -3.7249948025630184 -4.143831058949427 -4.125411873678132 -3.9444233575341006 -3.8851616310090638 -3.884360796866834 -3.865941611595538 -3.8323065776218685 -3.73060064155863 -3.5263879352899226 -3.2260751319535874 -2.789620524438114 -2.4869052186750884 -2.188194083623214 -1.9495455092386063 -1.7389261298320566 -1.567547623394788 -1.3961691169575197 -1.227993947089172 -1.0518104357985223 -0.9212744706149953 -0.8203693686939868 -0.7378834520442734 -0.6217625014208905 -0.5608991066113933 -0.43276564385455707 -0.3783089221829017 -0.379109756325132 -0.4720065168238383 -0.5200565653576519 -0.48802319966844276 -0.48802319966844276 -0.5312682433488749 -0.6153558282830487 -0.7298751106219712 -0.8011493492804613 -0.8075560224183032 -0.7210659350574387
-3.6897581003048883 -3.636102212775463 -3.575238817965966 -3.4222794967999928 -3.6264922030687003 -4.028510942468275 -4.024506771757123 -3.928406674689496 -3.893169972431366 -4.051735132592951 -4.091776839704462 -4.064548478868635 -3.9308091771161866 -3.6897581003048883 -3.4511095259202813 -3.125170030032579 -2.8536872558165323 -2.6582837251123568 -2.4252409897233607 -2.2402483028681783 -2.0432431038795427 -1.8814746071490371 -1.6836685740181712 -1.4970742188785282 -1.3040731906010437 -1.2183839373824095 -1.1495122011506098 -1.1487113670083797 -1.1310930158793147 -1.0958563136211847 -1.054212938225213 -1.0309887481005364 -1.0181754018248528 -1.0245820749626946 -0.986942870277874 -1.0229804066782342 -1.0854454697721918 -1.1927572448310422 -1.3040731906010437 -1.3433140635703247 -1.3224923758723388 -1.2392056250803953
-3.3253785655901353 -3.0875308253477582 -3.1227675276058884 -3.472732047760497 -3.7642356755322997 -3.9892700694989935 -3.970050050085468 -3.903580816280359 -3.9404191868229494 -4.164652746647413 -4.244736160870436 -4.248740331581587 -4.1246110395359015 -3.893169972431366 -3.6393055493443844 -3.3157685558833725 -3.1588050640062484 -3.0178582549737287 -2.871305606945597 -2.733562134481998 -2.5197394185065276 -2.31632754638005 -2.0888906499866655 -1.8622545877355114 -1.6812660715914802 -1.623606013350904 -1.6107926670752204 -1.6452285351911202 -1.6788635691647897 -1.6324151889154366 -1.5619417843991765 -1.4986758871629886 -1.4674433556160098 -1.4794558677494631 -1.5042817261586003 -1.563543452683637 -1.669253559458027 -1.7813703393702587 -1.8646570901622024 -1.895889621709181 -1.8726654315845046 -1.8398312317530652
-3.0434849475250956 -2.542963608631204 -2.4941127259551603 -3.048289952378477 -3.769040680385681 -3.8635391091688476 -3.857933270173236 -3.8451199238975526 -3.938016684396259 -4.249541165723817 -4.413712164881013 -4.392890477183028 -4.233524482879212 -3.9908717377834537 -3.744214821976544 -3.5335954425699945 -3.4463045210668994 -3.34139524843474 -3.1908384296954573 -3.061904132796391 -2.931368167612864 -2.785616353726963 -2.5846069840271757 -2.345157575500338 -2.1313348595248676 -1.9999980601991105 -1.987985548065657 -2.030429757603859 -2.0696706305731403 -2.0488489428751544 -1.9583546848031386 -1.8878812802868787 -1.8614537535932814 -1.9014954607047927 -2.019218079612636 -2.1417457033738607 -2.2690783319884664 -2.358771755918252 -2.398012628887533 -2.4028176337409146 -2.3819959460429287 -2.38680095089631
-3.23488430751812 -3.0394807768139445 -3.1227675276058884 -3.540002115707836 -3.881958294440143 -3.877954123728992 -3.8323065776218685 -3.8267007386262573 -3.957236703809784 -4.275968692417415 -4.447347198854683 -4.455355540276985 -4.3352304189424515 -4.112598527402448 -3.868344114022229 -3.6897581003048883 -3.6112763543663267 -3.55521796441021 -3.4527111942047415 -3.3550094288526537 -3.2525026586471846 -3.1483942201572552 -2.9858248892845194 -2.7495788173266025 -2.542162774488974 -2.3715851021939356 -2.3323442292246543 -2.2963066928242943 -2.2642733271350854 -2.2258332883080345 -2.1273306888137165 -2.108110669400191 -2.1841899129120628 -2.299510029393215 -2.52774775992883 -2.74076964176207 -2.8705047728033666 -2.9257623286172523 -2.9289656651861735 -2.9185548213371804 -2.888923958074662 -2.8809156166523597
-2.8881231239324316 -3.16521173714409 -3.3798352872617907 -3.6577247346156794 -3.8731491188756104 -3.90678415284928 -3.780252358376904 -3.7394098171231627 -3.97805839150777 -4.265557848568421 -4.462563047557057 -4.534638120357778 -4.360857111493818 -4.177466092923097 -3.966846713516547 -3.8283024069107174 -3.7786506900924435 -3.73060064155863 -3.58805216424165 -3.48394372575172 -3.4527111942047415 -3.4463045210668994 -3.363017770274956 -3.167614239570781 -2.9433806797463173 -2.6598853933968174 -2.535756101351132 -2.4492660139902678 -2.366780097340554 -2.3083192049577477 -2.234642463872567 -2.3283400585135032 -2.520540252648758 -2.7639938318867467 -3.041082445098405 -3.2933451999009264 -3.4511095259202813 -3.5055662475919362 -3.4495078576358207 -3.3990553066753164 -3.3470010874303515 -3.298150204754308
-2.760790495317826 -2.9017373043503456 -3.2621126683539474 -3.6953639393005 -3.902779982138129 -3.946825859960791 -3.754625665825537 -3.733803978127551 -3.9828633963611515 -4.2679603509951125 -4.498600583957417 -4.576281495753749 -4.400097984463099 -4.257549507146119 -4.081365995855469 -4.01169342548144 -3.9684483818010072 -3.877954123728992 -3.668936412606903 -3.5303921060010737 -3.532794608427764 -3.578442154534887 -3.631297207922082 -3.475935384329418 -3.278930185340782 -2.990629894137901 -2.81204388042056 -2.618242018000845 -2.5061252380886136 -2.4348509994301235 -2.4068218044520657 -2.56458613047142 -2.8648989338077553 -3.169215907855241 -3.5311929401433035 -3.7962690412215085 -3.949228362387482 -3.957236703809784 -3.8907674700046755 -3.8090823874971926 -3.744214821976544 -3.6657330760379816
-2.7776080123046603 -2.899334801923655 -3.16521173714409 -3.600064676375103 -3.9091866552759704 -3.953232533098633 -3.754625665825537 -3.7330031439853206 -3.982062562218921 -4.293587043546479 -4.525828944793245 -4.6051115248740375 -4.482583901112813 -4.3448404286492135 -4.219910302461298 -4.152640234513959 -4.1334202151004344 -4.036519283890577 -3.7418123195498536 -3.5023629110230154 -3.499960408596325 -3.680948924740356 -3.740210651265393 -3.7394098171231627 -3.5656288082592034 -3.298150204754308 -3.0747174790720746 -2.8809156166523597 -2.729557963770847 -2.6582837251123568 -2.6743004079569612 -2.8937289629280434 -3.2012492735444504 -3.5664296424014337 -3.928406674689496 -4.15344106865619 -4.288782038693098 -4.2815745314130265 -4.2279186438836005 -4.145432727233888 -4.079764327571009 -3.9980792450635256
-2.8088405438516393 -2.913749816483799 -3.1596058981484787 -3.5792429886771173 -3.889966635862445 -3.9684483818010072 -3.797870709505969 -3.7418123195498536 -3.9612408745209353 -4.273566189990724 -4.545849798349001 -4.621128207718642 -4.605912359016267 -4.4209196721610855 -4.305599555679933 -4.274367024132954 -4.255947838861658 -4.171860253927485 -3.865941611595538 -3.560823803405822 -3.4679270429071156 -3.649716393193377 -3.865941611595538 -3.8995766455692076 -3.8026757143593506 -3.577641320392657 -3.3526069264259633 -3.192440097979918 -3.0402816109561748 -2.9818207185733683 -3.008248245266966 -3.2412909806559616 -3.546408788845678 -3.9123899918448917 -4.168656917358565 -4.380077130907344 -4.485787237681734 -4.501003086384108 -4.465766384125978 -4.46977055483713 -4.40330132103202 -4.3584546090671274
-2.8833181190790502 -2.9185548213371804 -3.0923358302011397 -3.5199812621520805 -3.8771532895867615 -3.9660458793743167 -3.8459207580397825 -3.7594306706789182 -3.9756558890810796 -4.302396219111012 -4.580285666464901 -4.712423299932888 -4.732444153488643 -4.516218935086482 -4.392890477183028 -4.360056277351588 -4.323217906808997 -4.25835034128835 -4.015697596192591 -3.6937622710160394 -3.5768404862504264 -3.62328886649978 -3.833908245906329 -4.005286752343598 -3.9692492159432375 -3.76663817795899 -3.6176830275041683 -3.4623212039115043 -3.401457809102007 -3.3429969167192004 -3.3830386238307115 -3.5976621739484127 -3.889966635862445 -4.113399361544678 -4.361657945636049 -4.521023939939864 -4.61392070043857 -4.662771583114614 -4.714825802359579 -4.723634977924111 -4.743655831479867 -4.7132241340751175
-3.056298293800779 -2.977816547862217 -3.1107550154724346 -3.3926486335374744 -3.733803978127551 -3.9268050064050355 -3.861937440884387 -3.8307049093374084 -4.0341167814638865 -4.356052106640437 -4.657165744119002 -4.812527567711666 -4.829345084698501 -4.637144890563246 -4.490592242535115 -4.337632921369142 -4.271964521706263 -4.271163687564033 -4.094980176273383 -3.8283024069107174 -3.6617289053268305 -3.688156432020428 -3.857132436031006 -4.050934298450721 -4.062946810584174 -3.9115891577026614 -3.793866538794818 -3.7570281682522273 -3.7177872952829465 -3.7289989732741695 -3.785858197372516 -3.9716517183699285 -4.162250244220722 -4.360857111493818 -4.487388905966194 -4.629136549140944 -4.709219963363967 -4.79170588001368 -4.854170943107638 -4.89581431850361 -4.925445181766128 -4.999121922851309
-3.16521173714409 -3.0538957913740887 -3.05870079622747 -3.277328517056322 -3.6224880323575492 -3.931610011258417 -3.955635035525324 -3.9195974991249636 -4.123009371251441 -4.463363881699287 -4.781295036164687 -4.935055191472891 -4.917436840343826 -4.725236646208572 -4.50821059366418 -4.343238760364754 -4.2591511754305795 -4.246337829154896 -4.112598527402448 -3.9436225233918707 -3.740210651265393 -3.7177872952829465 -3.8739499530178407 -4.064548478868635 -4.12140770296698 -4.029311776610505 -3.950830030671942 -3.953232533098633 -4.017299264477051 -4.074158488575398 -4.1558435710828805 -4.282375365555256 -4.428127179441157 -4.513816432659792 -4.593099012740584 -4.661169914830154 -4.730041651061953 -4.815730904280587 -4.9014201574992216 -4.945466035321884 -4.998321088709078 -5.1088362003368495
-3.3085610486033006 -3.1684150737130112 -3.105950010619053 -3.2084567808245223 -3.5087695841608575 -3.8995766455692076 -4.027710108326044 -4.044527625312879 -4.265557848568421 -4.584289837176051 -4.856573445534329 -4.985507742433395 -5.005528595989151 -4.833349255409653 -4.561866481193605 -4.324819575093458 -4.197486946478852 -4.183071931918708 -4.171059419785255 -4.054137635019641 -3.8467215921820133 -3.7866590315147457 -3.884360796866834 -4.042925957028419 -4.198287780621082 -4.152640234513959 -4.099785181126764 -4.130216878531513 -4.210300292754535 -4.285578702124177 -4.40330132103202 -4.516218935086482 -4.619526539434181 -4.646754900270009 -4.633140719852095 -4.6187257052919515 -4.6051115248740375 -4.702813290226125 -4.842959265116415 -4.925445181766128 -4.976698566868863 -5.0543794786651945
