static/data/thetao/2023/7/9/12.asc
ncols 137
nrows 93
xllcorner 108.0
yllcorner 17.0
cellsize 0.25
NODATA_value -32767
[rows 27 to 53 of 93, columns 61 to 121 of 137]
25.36112 25.081003 24.911127 24.936577 25.149967 25.253096 25.399118 25.395617 25.388838 25.357834 25.208899 25.083834 -32767.0 -32767.0 23.604212 23.929602 25.004148 25.647615 25.658852 25.887165 25.973228 25.736286 25.519705 25.29061 24.989717 -32767.0 -32767.0 -32767.0 -32767.0 -32767.0 -32767.0 -32767.0 -32767.0 -32767.0 25.382137 24.819595 24.304472 -32767.0 -32767.0 -32767.0 26.152843 25.27481 25.511782 25.797026 24.885778 25.293266 25.891489 25.812737 25.21818 24.453749 25.196844 25.67307 26.074827 26.14404 26.092869 26.217306 26.377457 26.707893 26.860764 26.894863 26.697758
25.371336 25.354237 25.251024 25.197815 25.213148 25.458263 25.498867 25.506634 25.451603 25.175117 25.03034 25.202478 25.352537 25.371468 25.617226 25.542717 25.597784 25.582895 26.15348 26.4927 26.225773 25.837467 25.555851 -32767.0 25.133596 25.568367 -32767.0 -32767.0 26.73454 -32767.0 -32767.0 -32767.0 -32767.0 -32767.0 -32767.0 24.952044 24.14494 -32767.0 -32767.0 25.855673 25.321821 26.210373 26.39477 26.461887 26.113295 26.23867 26.167747 26.339504 25.41799 25.326189 25.705275 25.847092 25.987486 26.133986 26.01831 26.09199 26.269299 26.379719 26.844854 26.95325 26.985558
25.47061 25.416279 25.624134 25.599676 25.7448 25.663034 25.621582 25.615183 25.51418 25.193 25.042183 25.073162 25.402962 25.527302 25.613485 25.704992 25.771645 25.962032 26.130518 26.508581 26.330542 25.727783 -32767.0 23.964863 24.62758 25.28012 25.91214 25.777514 -32767.0 26.256695 -32767.0 -32767.0 -32767.0 -32767.0 -32767.0 24.968157 25.197643 25.500648 24.738632 24.635414 25.617407 26.033855 26.214054 26.29294 26.33781 26.386646 26.394745 26.4825 26.55456 25.467722 25.636086 25.403923 25.416435 25.94185 26.070827 26.051376 26.186563 26.350473 26.46418 27.040165 27.085575
25.965673 25.511097 25.740377 25.760456 25.581036 25.53989 25.488186 25.370184 25.31299 25.089582 25.00494 25.132822 25.338467 25.578611 25.769459 25.92294 25.993368 26.097305 26.205969 26.716282 26.741556 26.144552 25.536856 25.090042 25.234915 25.093897 25.633066 25.849958 25.83725 26.687527 -32767.0 -32767.0 -32767.0 -32767.0 25.541227 26.004902 26.410673 26.269518 26.05309 25.7782 26.082834 26.480488 26.524078 26.520271 26.547722 26.606525 26.506466 26.536655 26.411625 26.24921 25.628656 25.497122 25.27996 25.660433 26.127686 26.100843 26.157846 26.33071 26.31062 26.811155 27.177992
25.998964 26.124914 26.03956 25.829596 25.482798 25.16637 24.926868 25.102205 25.084818 24.912252 24.991365 25.238916 25.454912 25.647568 25.707678 25.952335 25.933598 26.20245 26.723927 26.969236 26.982206 26.831572 26.49243 26.46417 26.409327 25.869974 25.84275 26.235273 25.883806 26.151041 -32767.0 -32767.0 -32767.0 -32767.0 26.03422 26.658077 26.5651 26.44294 25.938194 26.242832 26.4456 26.485977 26.580896 26.853462 27.3233 27.506952 27.60161 26.879307 26.553444 26.489906 26.102911 25.406912 25.377981 25.874805 26.144136 26.142912 26.241367 26.387392 26.250065 26.763372 27.240175
26.70825 26.708187 26.514387 26.0296 25.451626 25.243433 24.910957 24.886623 24.962236 24.861399 24.903133 25.101086 25.433456 25.532457 25.570112 25.700521 25.980627 26.54151 26.934702 27.178955 27.194883 27.165524 27.124826 27.079851 26.942818 26.391117 25.968218 26.271679 -32767.0 -32767.0 -32767.0 -32767.0 -32767.0 25.818855 26.37185 26.765543 26.652641 26.58764 26.488966 26.16164 25.805365 26.71788 27.88331 28.253578 28.282803 28.23695 28.469473 28.102991 26.7084 26.435263 26.482098 25.745298 25.530006 26.097956 26.17398 26.306421 26.285845 26.247732 26.417158 27.038733 27.273127
26.965773 27.114428 27.050072 26.774153 26.446436 26.19148 25.617937 25.316996 25.064648 24.986557 24.828857 25.144617 25.328842 25.486568 25.63654 25.77012 26.146366 26.851183 26.924685 26.768093 26.605715 26.616316 26.746975 26.83758 26.972826 26.863483 26.13365 25.958996 -32767.0 -32767.0 -32767.0 -32767.0 -32767.0 25.140518 25.422268 25.46112 26.533085 27.34327 27.49551 27.56811 27.59622 27.394241 27.956509 28.014093 28.197279 28.183636 27.984976 28.090025 27.716986 26.691847 26.583967 26.027237 25.690407 26.211174 26.28503 26.166513 26.335636 26.256773 26.817348 27.28109 27.258549
27.474972 27.42232 27.276758 27.099585 27.051888 26.849436 26.448015 25.871939 25.206692 25.25521 25.372276 25.497246 25.632849 25.63819 25.768827 25.96315 25.885286 25.796558 25.717184 26.373655 27.103796 27.321507 27.345282 27.04998 26.907446 26.951933 26.047058 26.008934 26.612808 -32767.0 26.719095 -32767.0 -32767.0 24.668867 25.54327 26.651983 27.12469 27.403852 27.716846 28.146109 28.295284 28.397575 28.235764 27.96639 28.119007 27.95939 27.611145 27.889013 28.010597 27.230589 26.62967 26.229986 25.794064 26.252401 26.30585 26.29622 26.27815 26.752092 27.213772 27.33159 27.276432
27.47257 27.383093 27.336235 27.384703 27.204866 27.025478 26.61594 26.252169 25.85609 25.588959 25.49045 25.516506 25.682838 25.899315 26.01587 26.127508 25.934607 25.843409 26.172632 27.38529 27.698452 27.699013 27.609167 27.110403 26.948797 26.970402 26.646421 26.532663 26.60268 26.285494 26.79819 -32767.0 24.835045 24.120117 25.305199 27.138094 27.444939 27.9004 28.350748 28.22633 28.27456 28.613264 28.185102 28.07523 28.253626 27.627054 27.383892 27.42565 27.802948 27.589401 26.646353 26.351772 25.891035 26.182657 26.290323 26.406801 26.581072 27.158005 27.393763 27.323183 27.3727
28.137861 27.546335 27.328197 27.513618 27.385584 27.17633 26.948206 26.772642 26.362589 25.959297 25.783146 26.061943 25.837059 26.082087 26.166288 26.030722 25.882778 26.11465 26.58153 27.442524 27.815353 27.785841 27.57439 26.984894 26.882437 26.87385 26.829659 26.827381 27.056286 27.09843 -32767.0 26.88097 27.462198 27.240406 27.411238 27.629824 27.905977 28.23883 28.416336 28.259838 28.072891 28.13747 28.171667 28.243307 27.751461 27.45709 27.431355 27.533293 27.787756 27.728888 26.811464 26.392279 26.040627 26.133825 26.230755 26.485712 26.862896 27.405203 27.387753 27.370779 27.44173
27.414566 26.736862 26.620348 26.756199 26.946636 27.21846 27.300089 26.931404 26.373484 25.798096 25.880138 26.363771 26.108753 26.031609 26.01033 25.9519 26.089947 26.591162 26.836643 27.379997 27.818832 27.801785 27.5887 26.909489 26.880049 26.977757 27.104511 27.27994 27.431772 27.382137 27.302114 28.05011 27.25075 26.958546 27.705154 28.21638 28.43822 28.445436 28.4072 28.459234 27.951506 28.048481 28.173698 27.497923 27.509983 27.54977 27.52882 27.725262 28.157555 27.812515 26.862686 26.387526 26.26523 26.33462 26.546997 26.61786 27.211302 27.521315 27.435 27.44764 27.411997
26.836176 26.88399 26.89224 26.854074 26.81219 27.00819 27.065224 27.281229 26.955334 26.083002 25.79448 26.171719 26.17346 26.027948 26.220894 26.302721 26.37582 26.75258 26.985458 27.216286 27.404497 27.717928 27.694374 27.16342 26.906435 27.48987 27.658857 27.618801 -32767.0 27.829134 28.933783 -32767.0 26.793615 28.156193 28.645891 28.57533 28.460516 28.340616 28.375757 28.094658 27.80356 28.135283 27.430927 27.436531 27.731268 27.66595 27.696768 27.739107 28.520943 27.600426 26.964426 26.366123 26.36484 26.452702 26.643847 27.008865 27.55156 27.560318 27.490686 27.496428 27.38278
26.248785 26.274633 25.696442 25.917301 26.728565 27.021246 27.26969 27.376001 27.357237 26.856594 26.315474 26.138485 26.213688 26.28077 26.325521 26.384403 26.609049 27.113287 27.374664 27.663153 27.829508 27.78611 27.619793 27.494091 27.376305 27.593384 27.337067 27.896965 27.87103 -32767.0 28.098814 27.736694 28.432507 28.579367 28.552338 28.389465 28.346895 28.346546 28.35359 27.948093 27.946484 27.789389 27.438414 27.392197 27.722982 27.75307 27.67908 27.744087 27.590715 27.28664 27.071533 26.60743 26.481117 26.609104 26.837257 27.45782 27.716894 27.614105 27.551823 27.538301 27.347948
26.474394 26.789251 26.26895 26.227665 26.955679 26.376184 26.902195 27.291069 27.488932 27.479715 27.155684 27.185638 27.148033 27.115274 27.212217 27.271524 27.509321 27.644861 27.931229 28.40231 28.664375 28.669485 28.535923 27.72693 27.564322 27.546856 27.32306 28.25084 28.27529 28.050032 28.264664 28.571304 28.57778 28.59289 28.499195 28.328245 28.275677 28.21583 28.275679 27.981813 27.991777 27.638044 27.617739 27.370768 27.616224 27.759398 27.685276 27.823307 27.650263 27.428247 27.259525 26.909805 26.683643 26.842186 27.31425 27.735962 27.733639 27.677563 27.638678 27.616688 27.335594
26.701344 26.078554 26.673414 27.162432 27.259775 27.320517 27.547953 27.804976 27.606384 27.696585 27.768938 27.852438 27.722652 27.724457 27.75076 27.698336 27.711418 27.963688 28.667463 28.711998 28.700344 28.715912 28.708483 28.646795 28.430119 28.098055 28.35313 28.440905 28.464102 28.648775 28.533533 28.535297 28.582535 28.547075 28.59117 28.352589 28.16076 28.09423 28.118114 28.112097 27.968521 27.83354 27.738033 27.776464 27.630972 27.677053 27.670036 27.970291 27.999235 27.792559 27.370079 27.28226 27.271763 27.39371 27.770472 27.873787 27.758986 27.737228 27.731424 27.431389 27.379496
24.436047 24.906794 25.53766 26.39611 27.178406 27.66812 27.667818 27.828037 27.971577 28.11354 28.026525 27.986588 28.022472 28.050306 27.89542 27.800438 28.029549 28.655262 28.70573 28.769352 28.931374 28.967972 28.911345 28.867258 28.747385 28.70221 28.667389 28.657803 28.736706 28.725744 28.756308 28.74878 28.764479 28.868853 28.805935 28.42335 28.285711 28.285486 28.23685 28.062864 28.146814 28.02767 27.741697 27.620861 27.879084 28.03475 27.876438 27.77156 27.899643 27.986603 27.866318 27.62323 27.727177 27.941671 27.86062 27.845037 27.808865 27.857595 27.518202 27.570793 27.33874
23.924936 24.118462 25.51512 26.618662 27.821335 28.076534 27.99585 28.035343 28.132391 28.248274 28.233564 28.14734 28.121088 28.044657 27.994335 28.18518 28.54335 28.696014 28.742573 28.996756 28.994434 29.074799 29.086094 29.047325 29.038485 28.999937 28.876507 28.931435 28.972906 28.965525 28.835281 28.948782 29.030424 28.951273 28.740168 28.481552 28.451927 28.416492 28.363146 28.305614 28.171213 28.122341 28.124859 28.06916 28.149235 28.171822 28.225838 28.180235 27.99055 27.944763 27.819363 27.772362 27.7858 27.850002 27.989498 27.897814 27.860779 27.613684 27.630434 27.272186 27.14512
24.154469 24.689085 25.861757 27.564272 28.374018 28.444378 28.427935 28.331203 28.285696 28.299662 28.278688 28.250408 28.112827 28.208754 28.40467 28.639973 28.651186 28.754715 28.858547 29.026514 29.117506 29.183811 29.09094 29.02262 29.0603 28.895983 29.07184 29.122293 28.679192 28.684221 28.859217 28.918318 28.884867 28.820797 28.583078 28.469278 28.430304 28.42012 28.441647 28.390474 28.34202 28.220486 28.134136 28.238941 28.368954 28.422085 28.457132 28.53237 28.440039 28.15293 28.070719 28.039804 28.030067 28.096945 27.972578 27.978594 27.762403 27.749435 27.40369 27.201216 27.194551
24.518513 25.537443 26.40262 27.611668 28.070387 28.819454 28.791067 28.531006 28.458818 28.35993 28.335545 28.249794 28.330198 28.497513 28.814716 28.650928 28.718416 28.888317 28.95699 29.00596 29.189034 28.879978 28.744307 28.78201 28.951532 29.02036 28.966917 29.070099 28.505623 29.085186 29.04492 29.02969 28.815418 28.511988 28.503006 28.579165 28.525688 28.493074 28.550777 28.571545 28.517248 28.476295 28.392288 28.33268 28.35666 28.462591 28.433977 28.325077 28.213644 28.094755 28.111183 28.09767 28.084429 28.02185 27.903696 27.850088 27.92942 27.684193 27.555313 27.325758 27.310831
25.7647 26.876614 27.342194 27.981413 28.727154 28.846153 28.822227 28.614786 28.456762 28.367668 28.29966 28.295202 28.380653 28.49188 28.537058 28.740828 28.89836 29.11831 29.047167 28.97456 28.98773 28.657078 28.731733 28.734133 28.791035 29.14796 28.751947 28.398096 28.692404 28.848974 28.664307 28.42533 28.511482 28.653215 28.501007 28.378973 28.300758 28.272038 28.278486 28.413319 28.436335 28.452831 28.536295 28.608255 28.526798 28.444653 28.391964 28.199137 28.102303 28.080433 28.14065 28.039566 28.128654 27.970432 27.971575 28.211855 27.912773 27.53349 27.741787 27.425543 27.510017
27.5241 27.222536 27.427038 28.309233 28.788849 28.787241 28.805649 28.732573 28.467379 28.373814 28.112286 28.424992 28.46676 28.52443 28.613695 28.915808 29.177855 29.199429 29.081072 28.917875 28.9349 28.463333 28.441153 28.47904 -32767.0 28.131775 28.351765 28.513592 28.396135 28.216316 28.468813 28.711796 28.649462 28.561241 28.47622 28.392448 28.356758 28.350609 28.296099 28.281832 28.32193 28.472471 28.578688 28.669098 28.60581 28.448668 28.23482 28.165241 28.232523 28.19224 28.308374 28.35604 28.055986 28.195513 28.233677 27.85872 27.793085 27.593975 27.589071 27.59218 27.85438
27.587574 27.79721 27.84168 28.530468 28.870394 28.977392 28.97243 28.858654 28.801188 28.548508 28.431646 28.403818 28.521944 28.685572 28.96076 29.2689 29.36525 29.207527 28.992071 28.893442 29.16983 28.657839 28.534742 28.49604 27.78782 28.366041 28.38433 28.260899 28.188175 28.482952 28.723885 28.717373 28.693226 28.575365 28.503374 28.410631 28.398304 28.350037 28.325758 28.286036 28.31915 28.561848 28.605673 28.666418 28.529251 28.263947 28.16854 28.11153 28.113098 28.173525 28.177795 28.092237 28.127249 28.270357 28.255754 27.907894 27.922693 27.805807 27.756935 27.817188 28.00322
28.352121 28.15184 28.551771 28.794453 29.037933 28.983835 28.870625 28.82434 28.934326 28.929441 28.760714 28.740314 28.892149 28.942108 29.36623 29.39133 29.297037 29.060883 28.915531 28.932844 29.212383 28.69295 28.64735 -32767.0 28.357098 28.416353 28.159746 28.193466 28.495956 28.683321 28.816614 28.901325 28.687868 28.59248 28.53544 28.44361 28.393885 28.453299 28.431576 28.439987 28.442616 28.581804 28.699793 28.559723 28.339571 28.225258 28.228848 28.16324 28.259865 28.471224 28.65779 28.758915 28.859241 28.78779 28.409836 28.071156 28.166185 28.033117 28.146257 28.09593 28.033543
28.586731 29.046204 29.170446 29.05137 29.172626 28.957245 28.993795 28.999414 28.990356 29.045185 29.016327 28.889418 29.168152 29.225546 29.401014 29.359104 29.07161 28.922928 28.891956 29.084991 29.089779 28.993864 28.709866 28.509287 28.234072 28.16187 28.354212 28.546291 28.659462 28.814358 28.966978 28.869463 28.715975 28.756248 28.508368 28.384165 28.350267 28.477571 28.472479 28.442802 28.573708 28.662605 28.591808 28.441332 28.26108 28.178722 28.317497 28.64981 28.78912 28.858692 28.952902 28.98104 28.972628 28.853725 28.535803 28.294922 28.366652 28.274416 28.275661 28.15212 28.366673
29.043688 29.280233 29.312216 29.22718 29.145798 28.978739 28.922993 28.948404 29.013456 29.077787 28.881977 29.160276 29.32289 29.347815 29.399315 29.136463 28.886124 28.831285 28.862396 28.83434 29.040283 28.973213 28.582087 28.268703 28.306036 28.42074 28.537516 28.74853 28.80674 28.991358 29.082748 28.83209 28.839003 28.783337 28.481026 28.524073 28.339159 28.44168 28.436653 28.490044 28.698656 28.573689 28.400227 28.345217 28.285639 28.546743 28.772621 28.910952 28.982529 29.022526 29.021006 29.130278 29.233698 28.790184 28.392675 28.19154 28.700298 28.702148 28.645502 28.178347 28.33201
29.354939 29.383198 29.406582 29.303753 29.223764 28.98666 28.926243 29.01245 29.033514 28.958233 29.088621 29.385445 29.274921 29.436052 29.353783 29.030464 28.917864 28.867138 28.971758 28.466904 28.787504 28.863283 28.601772 28.379108 28.444063 28.642912 28.704437 28.843477 29.014248 29.13386 29.106155 28.922098 28.964437 28.833958 28.57186 28.465303 28.401993 28.526834 28.609882 28.672594 28.532976 28.359816 28.401535 28.40359 28.732037 28.983498 28.991417 29.064709 29.219137 29.22045 29.331232 29.586126 29.48431 29.001043 28.351301 28.470438 28.625214 28.903027 29.078655 29.175335 29.10338
29.35879 29.3576 29.402182 29.470652 29.327364 29.155228 29.060986 29.020187 28.856947 29.100927 29.276722 29.460026 29.502653 29.472494 29.251108 28.974567 29.01843 28.99059 29.071615 29.38508 -32767.0 28.664135 28.464964 28.538847 28.577364 28.775667 28.870554 29.078114 29.131968 29.248766 29.113386 29.034693 29.10088 28.914679 28.693066 28.62192 28.697346 28.717434 28.643755 28.526453 28.418045 28.396635 28.460197 28.835659 29.043875 29.139235 29.147203 29.196539 29.325539 29.556164 30.074533 30.039078 29.922216 29.457603 28.515644 28.20417 28.482683 28.771168 28.77995 28.934177 29.158127
