static/data/thetao/2023/7/9/18.asc
ncols 137
nrows 93
xllcorner 108.0
yllcorner 17.0
cellsize 0.25
NODATA_value -32767
[rows 54 to 80 of 93, columns 0 to 60 of 137]
-32767.0 -32767.0 -32767.0 -32767.0 -32767.0 -32767.0 -32767.0 -32767.0 -32767.0 -32767.0 -32767.0 -32767.0 -32767.0 -32767.0 -32767.0 -32767.0 -32767.0 -32767.0 -32767.0 -32767.0 -32767.0 -32767.0 -32767.0 -32767.0 -32767.0 -32767.0 -32767.0 -32767.0 -32767.0 -32767.0 -32767.0 -32767.0 -32767.0 -32767.0 -32767.0 -32767.0 -32767.0 -32767.0 -32767.0 -32767.0 -32767.0 -32767.0 -32767.0 -32767.0 -32767.0 -32767.0 -32767.0 -32767.0 25.60629 25.2221 24.437498 26.013035 27.690277 28.147018 28.470198 29.074514 29.631031 29.509409 29.467978 29.305485 29.4094
-32767.0 -32767.0 -32767.0 -32767.0 -32767.0 -32767.0 -32767.0 -32767.0 -32767.0 -32767.0 -32767.0 -32767.0 -32767.0 -32767.0 -32767.0 -32767.0 -32767.0 -32767.0 -32767.0 -32767.0 -32767.0 -32767.0 -32767.0 -32767.0 -32767.0 -32767.0 -32767.0 -32767.0 -32767.0 -32767.0 -32767.0 -32767.0 -32767.0 -32767.0 -32767.0 -32767.0 -32767.0 -32767.0 -32767.0 -32767.0 -32767.0 -32767.0 -32767.0 -32767.0 -32767.0 -32767.0 -32767.0 30.290306 -32767.0 24.995935 25.813023 26.883703 28.534565 28.431389 29.791014 29.607044 29.269995 29.352865 29.38969 29.462576 29.497355
-32767.0 -32767.0 -32767.0 -32767.0 -32767.0 -32767.0 -32767.0 -32767.0 -32767.0 -32767.0 -32767.0 -32767.0 -32767.0 -32767.0 -32767.0 -32767.0 -32767.0 -32767.0 -32767.0 -32767.0 -32767.0 -32767.0 -32767.0 -32767.0 -32767.0 -32767.0 -32767.0 -32767.0 -32767.0 -32767.0 -32767.0 -32767.0 -32767.0 -32767.0 -32767.0 -32767.0 -32767.0 -32767.0 -32767.0 -32767.0 -32767.0 -32767.0 -32767.0 -32767.0 -32767.0 -32767.0 -32767.0 30.07681 25.29805 24.892893 26.576675 27.693672 28.731083 29.4181 29.814384 29.21248 29.307703 29.786884 29.946878 30.0144 30.038301
-32767.0 -32767.0 -32767.0 -32767.0 -32767.0 -32767.0 -32767.0 -32767.0 -32767.0 -32767.0 -32767.0 -32767.0 -32767.0 -32767.0 -32767.0 -32767.0 -32767.0 -32767.0 -32767.0 -32767.0 -32767.0 -32767.0 -32767.0 -32767.0 -32767.0 -32767.0 -32767.0 -32767.0 -32767.0 -32767.0 -32767.0 -32767.0 -32767.0 -32767.0 -32767.0 -32767.0 -32767.0 -32767.0 -32767.0 -32767.0 -32767.0 -32767.0 -32767.0 -32767.0 -32767.0 -32767.0 -32767.0 28.836557 24.464333 24.72438 26.475584 27.819927 28.995596 29.76016 29.446806 29.839706 30.099098 30.055227 30.238934 30.049324 29.965899
-32767.0 -32767.0 -32767.0 -32767.0 -32767.0 -32767.0 -32767.0 -32767.0 -32767.0 -32767.0 -32767.0 -32767.0 -32767.0 -32767.0 -32767.0 -32767.0 -32767.0 -32767.0 -32767.0 -32767.0 -32767.0 -32767.0 -32767.0 -32767.0 -32767.0 -32767.0 -32767.0 -32767.0 -32767.0 -32767.0 -32767.0 -32767.0 -32767.0 -32767.0 -32767.0 -32767.0 -32767.0 -32767.0 -32767.0 -32767.0 -32767.0 -32767.0 -32767.0 -32767.0 -32767.0 30.775293 -32767.0 28.359592 25.247816 25.53398 26.883795 28.105747 28.917233 29.633017 28.823915 29.249058 29.951078 29.76082 29.70733 29.737036 29.874197
-32767.0 -32767.0 -32767.0 -32767.0 -32767.0 -32767.0 -32767.0 -32767.0 -32767.0 -32767.0 -32767.0 -32767.0 -32767.0 -32767.0 -32767.0 -32767.0 -32767.0 -32767.0 -32767.0 -32767.0 -32767.0 -32767.0 -32767.0 -32767.0 -32767.0 -32767.0 -32767.0 -32767.0 -32767.0 -32767.0 -32767.0 -32767.0 -32767.0 -32767.0 -32767.0 -32767.0 -32767.0 -32767.0 -32767.0 -32767.0 -32767.0 -32767.0 -32767.0 -32767.0 -32767.0 -32767.0 27.491306 25.358826 25.121706 26.256447 27.774754 28.077099 28.461578 29.414228 29.71248 29.634735 29.844936 29.870522 29.25277 29.756695 29.840809
-32767.0 -32767.0 -32767.0 -32767.0 -32767.0 -32767.0 -32767.0 -32767.0 -32767.0 -32767.0 -32767.0 -32767.0 -32767.0 -32767.0 -32767.0 -32767.0 -32767.0 -32767.0 -32767.0 -32767.0 -32767.0 -32767.0 -32767.0 -32767.0 -32767.0 -32767.0 -32767.0 -32767.0 -32767.0 -32767.0 -32767.0 -32767.0 -32767.0 -32767.0 -32767.0 -32767.0 -32767.0 -32767.0 -32767.0 -32767.0 -32767.0 -32767.0 -32767.0 -32767.0 28.675692 26.625334 25.61842 25.253069 26.53066 27.291773 28.804493 28.533358 -32767.0 -32767.0 -32767.0 -32767.0 30.332172 29.381563 29.268986 29.639408 29.768415
-32767.0 -32767.0 -32767.0 -32767.0 -32767.0 -32767.0 -32767.0 -32767.0 -32767.0 -32767.0 -32767.0 -32767.0 -32767.0 -32767.0 -32767.0 -32767.0 -32767.0 -32767.0 -32767.0 -32767.0 -32767.0 -32767.0 -32767.0 -32767.0 -32767.0 -32767.0 -32767.0 -32767.0 -32767.0 -32767.0 -32767.0 -32767.0 -32767.0 -32767.0 -32767.0 -32767.0 -32767.0 -32767.0 -32767.0 -32767.0 -32767.0 -32767.0 -32767.0 26.97612 25.641426 25.654787 26.130402 26.63138 27.557693 27.619413 28.783087 28.889956 -32767.0 -32767.0 -32767.0 -32767.0 30.205969 30.116201 29.868633 29.71101 29.628191
-32767.0 -32767.0 -32767.0 -32767.0 -32767.0 -32767.0 -32767.0 -32767.0 -32767.0 -32767.0 -32767.0 -32767.0 -32767.0 -32767.0 -32767.0 -32767.0 -32767.0 -32767.0 -32767.0 -32767.0 -32767.0 -32767.0 -32767.0 -32767.0 -32767.0 -32767.0 -32767.0 -32767.0 -32767.0 -32767.0 -32767.0 -32767.0 -32767.0 -32767.0 -32767.0 -32767.0 -32767.0 -32767.0 -32767.0 -32767.0 -32767.0 29.18926 29.208956 25.785875 26.129942 26.968914 27.657362 29.433744 29.020952 28.916166 28.76907 -32767.0 -32767.0 -32767.0 -32767.0 -32767.0 30.313047 29.9222 29.855438 29.781351 29.382034
-32767.0 -32767.0 -32767.0 -32767.0 -32767.0 -32767.0 -32767.0 -32767.0 -32767.0 -32767.0 -32767.0 -32767.0 -32767.0 -32767.0 -32767.0 -32767.0 -32767.0 -32767.0 -32767.0 -32767.0 -32767.0 -32767.0 -32767.0 -32767.0 -32767.0 -32767.0 -32767.0 -32767.0 -32767.0 -32767.0 -32767.0 -32767.0 -32767.0 -32767.0 -32767.0 -32767.0 -32767.0 -32767.0 -32767.0 -32767.0 -32767.0 27.227766 26.081926 24.709103 27.659428 28.52787 29.235178 28.405304 29.228764 28.464954 30.979801 -32767.0 -32767.0 -32767.0 -32767.0 29.632378 30.144575 29.720049 29.621479 29.542261 29.36794
-32767.0 -32767.0 -32767.0 -32767.0 -32767.0 -32767.0 -32767.0 -32767.0 -32767.0 -32767.0 -32767.0 -32767.0 -32767.0 -32767.0 -32767.0 -32767.0 -32767.0 -32767.0 -32767.0 -32767.0 -32767.0 -32767.0 -32767.0 -32767.0 -32767.0 -32767.0 -32767.0 -32767.0 -32767.0 -32767.0 -32767.0 -32767.0 -32767.0 -32767.0 -32767.0 -32767.0 -32767.0 -32767.0 -32767.0 28.07355 26.187372 25.13069 24.776125 25.422293 29.037758 29.64063 29.043232 26.980406 29.310652 31.131233 -32767.0 -32767.0 -32767.0 -32767.0 -32767.0 29.579607 29.889154 29.494028 29.537983 29.179268 29.454094
-32767.0 -32767.0 -32767.0 -32767.0 -32767.0 -32767.0 -32767.0 -32767.0 -32767.0 -32767.0 -32767.0 -32767.0 -32767.0 -32767.0 -32767.0 -32767.0 -32767.0 -32767.0 -32767.0 -32767.0 -32767.0 -32767.0 -32767.0 -32767.0 -32767.0 -32767.0 -32767.0 -32767.0 -32767.0 -32767.0 -32767.0 -32767.0 -32767.0 -32767.0 -32767.0 -32767.0 -32767.0 -32767.0 26.60346 24.789782 23.616076 23.883823 24.619347 28.341278 29.740545 29.828506 28.347008 29.474318 30.546316 31.25493 -32767.0 -32767.0 -32767.0 -32767.0 -32767.0 29.729898 29.72262 29.388165 29.49627 28.884699 29.439499
-32767.0 -32767.0 -32767.0 -32767.0 -32767.0 -32767.0 -32767.0 -32767.0 -32767.0 -32767.0 -32767.0 -32767.0 -32767.0 -32767.0 -32767.0 -32767.0 -32767.0 -32767.0 -32767.0 -32767.0 -32767.0 -32767.0 -32767.0 -32767.0 -32767.0 -32767.0 -32767.0 -32767.0 -32767.0 -32767.0 -32767.0 -32767.0 -32767.0 -32767.0 -32767.0 -32767.0 26.347492 24.504984 23.020313 23.244009 24.175104 25.546831 27.65323 29.38588 30.455172 28.490812 -32767.0 30.194857 30.659088 -32767.0 -32767.0 -32767.0 -32767.0 -32767.0 29.573317 29.72478 29.461206 29.320148 29.581205 28.730331 29.427483
-32767.0 -32767.0 -32767.0 -32767.0 -32767.0 -32767.0 -32767.0 -32767.0 -32767.0 -32767.0 -32767.0 -32767.0 -32767.0 -32767.0 -32767.0 -32767.0 -32767.0 -32767.0 -32767.0 -32767.0 -32767.0 -32767.0 -32767.0 -32767.0 -32767.0 -32767.0 -32767.0 -32767.0 -32767.0 -32767.0 -32767.0 -32767.0 -32767.0 -32767.0 -32767.0 25.156555 23.082104 23.092482 24.018787 24.72449 26.240885 27.410109 28.798376 29.230896 30.339914 29.489567 -32767.0 30.995533 30.775982 -32767.0 -32767.0 -32767.0 -32767.0 -32767.0 29.764744 30.143654 29.612698 29.409101 29.56326 29.050797 29.430151
-32767.0 -32767.0 -32767.0 -32767.0 -32767.0 -32767.0 -32767.0 -32767.0 -32767.0 -32767.0 -32767.0 -32767.0 -32767.0 -32767.0 -32767.0 -32767.0 -32767.0 -32767.0 -32767.0 -32767.0 -32767.0 -32767.0 -32767.0 -32767.0 -32767.0 -32767.0 -32767.0 -32767.0 -32767.0 -32767.0 -32767.0 -32767.0 -32767.0 -32767.0 -32767.0 23.880938 25.05673 26.51899 26.861639 26.996464 27.573439 28.333021 27.514206 25.847021 20.537296 22.517231 30.371592 31.074799 30.877964 -32767.0 -32767.0 -32767.0 -32767.0 -32767.0 29.613943 29.72254 29.480179 29.716742 29.671505 29.543148 29.31824
-32767.0 -32767.0 -32767.0 -32767.0 -32767.0 -32767.0 -32767.0 -32767.0 -32767.0 -32767.0 -32767.0 -32767.0 -32767.0 -32767.0 -32767.0 -32767.0 -32767.0 -32767.0 -32767.0 -32767.0 -32767.0 -32767.0 -32767.0 -32767.0 -32767.0 -32767.0 -32767.0 31.439575 -32767.0 28.137348 -32767.0 26.983835 26.939524 25.843575 26.112968 26.374409 26.674156 27.366219 28.25353 28.480852 29.596191 27.790283 29.149706 27.555286 28.467432 29.862242 31.170826 31.173706 30.766464 -32767.0 -32767.0 -32767.0 -32767.0 28.213104 29.034996 29.442743 29.623463 30.016525 30.189379 29.909887 29.12988
-32767.0 -32767.0 -32767.0 -32767.0 -32767.0 -32767.0 -32767.0 -32767.0 -32767.0 -32767.0 -32767.0 -32767.0 -32767.0 -32767.0 -32767.0 -32767.0 -32767.0 -32767.0 -32767.0 -32767.0 -32767.0 -32767.0 -32767.0 31.718061 -32767.0 -32767.0 25.407434 25.879393 26.641245 26.87712 27.19827 27.47724 27.535872 27.518282 27.645403 27.947695 28.295933 28.730797 28.982489 29.670431 29.619236 29.904482 30.017939 29.927668 30.376408 30.612913 30.59195 30.589958 30.614815 30.685516 -32767.0 -32767.0 28.621841 27.880861 30.02829 29.509245 29.684784 30.353483 30.24785 30.096876 29.32085
-32767.0 -32767.0 -32767.0 -32767.0 -32767.0 -32767.0 -32767.0 -32767.0 -32767.0 -32767.0 -32767.0 -32767.0 -32767.0 -32767.0 -32767.0 -32767.0 -32767.0 -32767.0 -32767.0 -32767.0 -32767.0 -32767.0 -32767.0 31.569458 31.880604 28.083961 27.077507 28.274405 28.669365 28.813225 28.929642 29.20528 29.302591 29.229233 29.071285 29.267801 29.338552 29.529608 29.730257 29.90946 30.02092 30.23683 30.403198 30.474644 30.383286 30.496141 30.547855 30.574139 30.582346 30.665524 30.50352 -32767.0 28.62401 28.688112 30.07465 29.473965 30.004553 30.473856 29.917599 30.17806 29.530424
-32767.0 -32767.0 -32767.0 -32767.0 -32767.0 -32767.0 -32767.0 -32767.0 -32767.0 -32767.0 -32767.0 -32767.0 -32767.0 -32767.0 -32767.0 -32767.0 -32767.0 -32767.0 -32767.0 -32767.0 32.248966 31.205723 30.243547 29.220564 27.444162 -32767.0 28.926073 29.697142 29.763971 29.812883 30.214397 30.40037 30.451506 30.464657 30.44674 30.463367 30.453465 30.443052 30.437498 30.42273 30.36739 30.373177 30.41569 30.450552 30.5321 30.601112 30.603956 30.647194 30.650845 30.622723 30.50129 -32767.0 28.309277 29.653767 30.372057 30.320883 30.55966 30.246828 29.858604 29.989563 29.50526
-32767.0 -32767.0 31.957941 -32767.0 -32767.0 -32767.0 -32767.0 -32767.0 -32767.0 -32767.0 -32767.0 -32767.0 -32767.0 -32767.0 -32767.0 -32767.0 31.828484 -32767.0 31.297546 31.577736 29.647442 27.25416 27.427454 28.414703 29.318476 29.968592 30.247347 30.362453 30.337942 30.300722 30.292557 30.335983 30.386295 30.373652 30.337856 30.325747 30.357008 30.38734 30.403584 30.407001 30.427927 30.463102 30.50828 30.586346 30.604687 30.61447 30.60163 30.670761 30.667967 30.641973 30.61495 30.559696 30.463734 30.615314 30.401285 30.292233 30.302185 29.992771 29.978756 29.698261 29.499456
-32767.0 31.456682 31.636587 31.698582 32.011513 -32767.0 32.742912 32.44764 -32767.0 -32767.0 -32767.0 -32767.0 -32767.0 32.01079 31.466604 29.949305 29.23451 29.110546 29.186943 29.155497 29.191236 29.344511 29.693762 29.92302 30.055094 29.958427 30.060045 30.085756 30.074125 30.122072 30.230497 30.263893 30.26899 30.291857 30.331196 30.348728 30.400328 30.432497 30.459305 30.48235 30.487036 30.506462 30.54551 30.65233 30.60641 30.71702 30.76629 30.79198 30.796572 30.735262 30.67776 30.65123 30.606491 30.564854 30.443823 30.201273 29.912981 29.839685 29.840303 29.791046 29.57314
31.13234 29.873775 29.974705 30.776855 31.388676 31.785933 32.206924 32.685143 -32767.0 -32767.0 -32767.0 31.142912 29.664694 29.005566 28.779133 28.990597 29.171072 29.290936 29.383762 29.468994 29.636793 29.714605 29.70643 29.65456 29.687038 29.712645 29.81659 29.851637 30.066347 30.174112 30.225903 30.243454 30.267477 30.31698 30.365717 30.42707 30.459576 30.471052 30.48459 30.531649 30.499866 30.495975 30.612385 30.69287 30.842169 30.856543 30.810574 30.792614 30.70104 30.701529 30.706 30.71867 30.651472 30.427885 30.114408 30.083393 29.89675 29.880186 29.808813 29.747654 29.645397
29.324114 30.175007 30.366096 29.935808 30.484028 31.17807 32.18518 -32767.0 -32767.0 31.89435 -32767.0 28.00241 28.268854 29.056992 29.150343 29.248144 29.351488 29.38447 29.41111 29.455505 29.419577 29.396729 29.549294 29.728373 29.80606 29.789253 29.941164 30.020771 30.116674 30.2084 30.263807 30.276075 30.348566 30.410627 30.44836 30.437845 30.454538 30.356195 30.331589 30.520758 30.605412 30.586987 30.711658 30.885492 30.860668 30.852379 30.762888 30.866516 30.790571 30.943346 30.946177 30.906012 30.746027 30.766846 30.64045 30.354227 29.979534 29.77785 29.766474 29.59714 29.426657
30.318213 30.37306 30.432583 30.518787 30.448097 30.980932 32.35817 32.873535 -32767.0 -32767.0 31.301035 29.706741 29.331606 29.394188 29.366028 29.45215 29.494675 29.564137 29.558037 29.524014 29.637087 29.731564 29.679018 29.661444 29.823885 29.998817 30.089544 30.172853 30.141666 30.218761 30.283548 30.392908 30.38321 30.3681 30.403885 30.546745 30.49508 30.380621 30.558615 30.765007 30.716919 30.623415 30.817 30.82746 30.792109 30.777365 30.831173 30.842638 30.798685 30.924467 30.980133 30.703619 30.867783 30.842596 30.805248 30.537909 30.150656 29.858347 29.655617 29.698532 29.784267
30.16415 30.103834 30.32197 30.58738 30.679728 31.02194 31.638378 32.156647 -32767.0 -32767.0 31.20599 30.933252 30.093372 29.572824 29.351765 28.807987 28.593073 28.464418 28.465004 28.699612 28.749905 28.771759 29.012785 29.853098 30.215462 30.26189 30.207472 30.150377 30.152384 30.251818 30.353287 30.461357 30.395048 30.424538 30.445707 30.391762 30.469778 30.48692 30.729555 30.715096 30.660254 30.757572 30.823343 30.831566 30.844473 30.956707 31.087473 30.994383 30.936796 31.013823 31.137589 30.831348 30.963415 30.97764 30.82379 30.663275 -32767.0 30.363821 29.827965 29.853386 29.882938
29.838871 29.928083 30.251877 30.61524 30.938719 31.342983 31.269823 31.542618 31.687397 31.331156 31.026125 30.954817 30.549543 29.65957 28.327225 26.980959 27.101517 27.334887 27.50269 27.820019 28.249321 28.900276 29.359795 30.272854 30.28734 30.209818 30.140118 30.096622 30.236101 30.404036 30.47302 30.49113 30.471853 30.439234 30.430601 30.453777 30.4755 30.540823 30.749752 30.73485 30.72908 30.783997 30.877756 30.894077 30.84661 31.047014 31.194439 31.153915 31.191359 31.28808 31.340525 30.940605 30.743696 30.823788 30.907553 30.909746 30.761135 30.928625 30.848213 30.038532 29.912066
29.834423 29.975466 29.988117 30.44811 31.260069 31.449226 31.442612 31.718609 31.510506 -32767.0 -32767.0 -32767.0 29.900936 28.5382 26.343342 27.73877 28.891905 29.23336 29.331343 28.873753 28.4612 29.455084 29.940485 30.266413 30.19098 30.103119 30.137012 30.12801 30.41779 30.517632 30.519873 30.52226 30.599636 30.617813 30.539476 30.51277 30.527334 30.557514 30.739794 30.929424 30.835226 30.874279 30.932707 30.887823 30.846718 30.930454 31.210445 31.226892 31.279736 31.220434 31.340933 31.196928 30.627089 30.680906 30.782219 30.711231 30.689886 30.83505 30.80694 30.71948 29.972448
