static/data/thetao/2023/7/9/6.asc
ncols 137
nrows 93
xllcorner 108.0
yllcorner 17.0
cellsize 0.25
NODATA_value -32767
[rows 27 to 53 of 93, columns 61 to 121 of 137]
25.31287 25.077696 24.879461 24.860477 25.095064 25.266964 25.371674 25.307095 25.334631 25.26426 25.080282 25.04031 -32767.0 -32767.0 23.64069 23.902903 25.00241 25.636332 25.662527 25.995014 26.002733 25.648748 25.536821 25.228775 25.00944 -32767.0 -32767.0 -32767.0 -32767.0 -32767.0 -32767.0 -32767.0 -32767.0 -32767.0 25.443707 24.72664 24.417585 -32767.0 -32767.0 -32767.0 26.228119 25.278173 25.774834 25.862623 24.830738 25.081207 25.820807 25.882477 25.21323 24.492592 25.373035 25.72075 26.099262 26.196352 26.13204 26.258389 26.375772 26.670486 26.829828 26.880913 26.680447
25.3223 25.299686 25.199846 25.175055 25.22836 25.440107 25.486267 25.53794 25.392828 25.096684 25.029257 25.187572 25.378494 25.432962 25.667055 25.523655 25.597466 25.587025 26.23339 26.455145 26.063799 25.775604 25.475243 -32767.0 25.096 25.59161 -32767.0 -32767.0 26.77642 -32767.0 -32767.0 -32767.0 -32767.0 -32767.0 -32767.0 24.645756 24.056572 -32767.0 -32767.0 25.81427 25.48501 26.247137 26.429407 26.506342 26.21609 26.291018 26.217562 26.38457 25.599709 25.405935 25.698738 25.816711 25.99625 26.17648 26.065065 26.088732 26.225418 26.418737 26.860891 26.943459 26.95367
25.467262 25.45719 25.602608 25.56976 25.74441 25.596436 25.588295 25.55366 25.486032 25.15455 25.025152 25.05263 25.393919 25.488422 25.61069 25.70626 25.74569 25.961779 26.149908 26.52591 26.168184 25.614197 -32767.0 23.96881 24.627258 25.267057 25.946945 25.784155 -32767.0 26.258308 -32767.0 -32767.0 -32767.0 -32767.0 -32767.0 25.01788 25.2656 25.617283 24.837402 24.74673 25.752369 26.050964 26.233412 26.308111 26.339758 26.368729 26.430496 26.530437 26.64446 25.528065 25.681889 25.45071 25.423573 25.985115 26.12191 26.049711 26.199368 26.353546 26.495722 27.015247 27.101162
25.990316 25.520079 25.755491 25.705711 25.597355 25.563198 25.47776 25.357634 25.30825 25.05954 24.975977 25.171267 25.391432 25.645298 25.782974 25.90031 25.937593 26.020964 26.166685 26.66919 26.697575 25.993687 25.540558 25.136066 25.243343 25.139925 25.652609 25.867281 25.821539 26.7132 -32767.0 -32767.0 -32767.0 -32767.0 25.521591 26.042051 26.36756 26.302355 26.019173 25.809446 26.112722 26.505638 26.539991 26.55022 26.59591 26.556305 26.581793 26.403437 26.423954 26.32705 25.655926 25.476543 25.278831 25.680645 26.153648 26.121035 26.180403 26.35568 26.383028 26.855589 27.170158
25.95595 26.109911 26.068407 25.851946 25.515491 25.166576 25.04436 25.093685 25.04766 24.972885 25.090416 25.306683 25.526743 25.692225 25.716871 26.008047 26.01707 26.303743 26.742449 26.970669 26.929525 26.77905 26.475962 26.488035 26.37731 25.824242 25.85844 26.237785 25.932224 26.120897 -32767.0 -32767.0 -32767.0 -32767.0 26.009548 26.6689 26.570091 26.48858 25.975195 26.30287 26.479277 26.515455 26.612164 26.916656 27.238653 27.52027 27.331062 26.610884 26.47026 26.553574 26.097208 25.43754 25.414965 25.835207 26.157173 26.130882 26.188879 26.43737 26.310978 26.75206 27.253525
26.668573 26.739733 26.566349 26.016483 25.4791 25.199762 24.808628 24.892122 24.959871 24.906914 25.02828 25.194464 25.462667 25.555473 25.58274 25.699862 25.91374 26.450708 26.84508 27.140667 27.191525 27.147112 27.114958 27.074842 26.919449 26.352596 25.96427 26.256382 -32767.0 -32767.0 -32767.0 -32767.0 -32767.0 25.957897 26.468512 26.814644 26.758385 26.706623 26.538294 26.195532 26.189371 26.935616 27.806831 28.424831 28.4744 28.495924 28.52448 27.284761 26.722885 26.434326 26.513107 25.773151 25.580944 26.06359 26.144674 26.273993 26.331797 26.332907 26.37921 26.93495 27.303871
26.926205 27.152924 27.077164 26.828547 26.570337 26.188261 25.691973 25.24007 25.055145 24.948858 24.811262 25.101896 25.307467 25.511242 25.587698 25.72572 26.107466 26.817013 26.957933 26.837498 26.656107 26.641903 26.76516 26.8391 26.977104 26.80148 26.100298 25.923971 -32767.0 -32767.0 -32767.0 -32767.0 -32767.0 25.241756 25.468517 25.523468 26.561905 27.286806 27.308086 27.437162 27.326248 27.697788 28.04801 28.255785 28.32551 28.118073 27.952341 28.092445 27.749138 26.721571 26.66605 26.031721 25.71528 26.182207 26.303652 26.22486 26.366783 26.259764 26.745647 27.25785 27.298563
27.621117 27.476103 27.29368 27.11464 27.071253 26.899904 26.434587 25.85173 25.188143 25.216932 25.324623 25.42063 25.637432 25.684809 25.766909 25.91923 25.87062 25.765419 25.714806 26.288303 27.03568 27.26126 27.344505 26.984179 26.934977 26.949596 26.041395 26.035172 26.647991 -32767.0 26.792358 -32767.0 -32767.0 24.59196 25.802147 26.714357 27.112213 27.390858 27.650143 27.922274 28.196257 28.072622 27.822556 28.072046 28.254704 27.774612 27.569403 27.899483 27.958696 27.189613 26.670591 26.201544 25.82621 26.262213 26.29183 26.294443 26.300062 26.684763 27.220133 27.36983 27.312101
27.537092 27.486725 27.36377 27.368574 27.169323 26.949532 26.58743 26.234453 25.844013 25.57906 25.454903 25.499323 25.646185 25.934887 26.018534 26.13213 25.906796 25.826622 26.132784 27.383278 27.65639 27.697268 27.598265 27.084536 26.945456 26.98746 26.625616 26.551544 26.627687 26.306267 26.806799 -32767.0 24.70289 24.015879 26.115341 27.341927 27.510323 28.009409 28.366117 28.258358 28.444836 28.671673 28.056236 28.184107 28.074186 27.50609 27.39715 27.609018 27.889961 27.560658 26.77898 26.282776 25.937624 26.273664 26.356466 26.436224 26.56134 27.138308 27.40228 27.378193 27.456488
28.224512 27.490362 27.384026 27.457777 27.345982 27.147778 26.94801 26.788153 26.403427 25.992308 25.74429 26.043556 25.788324 26.042242 26.177595 26.069206 25.869255 25.97989 26.580492 27.527113 27.82339 27.805212 27.566093 26.971655 26.88614 26.88027 26.831982 26.889494 27.053225 27.054611 -32767.0 26.85332 27.59096 26.694418 27.32584 27.548689 27.865786 28.278042 28.492899 28.282513 28.168943 28.197481 28.227036 28.24859 27.670141 27.503832 27.519154 27.70555 28.211422 27.78917 26.868355 26.285772 26.104862 26.21447 26.27485 26.531708 26.958618 27.463577 27.462542 27.478447 27.544792
27.454689 26.810167 26.60544 26.775648 27.030731 27.22078 27.31592 26.945856 26.363754 25.80831 25.721846 26.3172 26.063877 25.976402 25.947102 25.90952 25.973038 26.45777 26.729729 27.458654 27.855345 27.83954 27.603209 26.930069 26.909096 27.005287 27.097387 27.264902 27.38227 27.276247 27.490902 28.252388 27.21604 27.06797 27.647831 28.130102 28.395346 28.462215 28.503695 28.465872 28.095076 28.148523 28.250866 27.593569 27.603909 27.658108 27.642508 27.826654 28.525549 27.614277 27.006586 26.322336 26.338589 26.391203 26.6184 26.665234 27.318596 27.635786 27.553785 27.625078 27.550777
26.756388 26.783175 26.824982 26.819298 26.732918 26.960752 26.998089 27.238054 26.954824 26.091848 25.711 26.076141 26.141277 25.99807 26.211525 26.259783 26.310394 26.710196 26.972845 27.142624 27.529234 27.788046 27.702337 27.195307 26.919672 27.607342 27.753069 27.744215 -32767.0 28.113924 28.92019 -32767.0 26.76613 27.868643 28.462082 28.609707 28.534334 28.41249 28.451145 28.171274 27.891855 28.187626 27.575874 27.48449 27.829262 27.77499 27.771965 27.73877 27.871553 27.353764 27.110788 26.453674 26.458323 26.585213 26.81485 27.042253 27.662529 27.744211 27.665415 27.701681 27.528961
26.246277 26.217367 25.815157 25.609152 26.441341 26.90045 27.268988 27.384499 27.382326 26.856123 26.282288 26.084017 26.134325 26.20746 26.259295 26.325436 26.561565 27.004986 27.282194 27.527136 27.798082 27.57809 27.707047 27.567636 27.533995 27.627316 27.369455 27.922497 27.869097 -32767.0 27.89182 27.765812 28.443445 28.612175 28.626713 28.461418 28.427187 28.424248 28.435743 28.03691 28.02034 27.943024 27.50632 27.451221 27.786837 27.801876 27.763748 27.885923 27.575853 27.419365 27.282692 26.71857 26.694511 26.890697 27.15062 27.624939 27.944092 27.817171 27.780909 27.72472 27.486412
26.388838 26.709633 26.276627 26.287212 27.055199 26.515697 27.126764 27.361902 27.481672 27.463272 27.076351 27.077694 26.99308 27.035076 27.195688 27.238504 27.440899 27.589712 27.839056 28.359655 28.648579 28.64133 28.469656 27.57108 27.580618 27.509506 27.419771 28.335289 28.311304 28.16625 28.287722 28.58888 28.603703 28.603477 28.547213 28.390915 28.364481 28.306292 28.366764 28.071848 28.079992 27.718382 27.71376 27.517841 27.650711 27.884262 27.770695 27.962946 27.99062 27.654222 27.487316 27.074707 26.98146 27.140892 27.654705 28.016352 28.002283 27.93212 27.905539 27.79905 27.556522
26.585493 25.870642 26.857391 27.261253 27.291935 27.373014 27.581821 27.85396 27.689247 27.732855 27.766691 27.836018 27.694971 27.73448 27.765215 27.704134 27.694902 27.904648 28.669102 28.766298 28.72205 28.759697 28.721771 28.692972 28.390905 28.162067 28.479559 28.511734 28.606007 28.5643 28.573765 28.53226 28.627745 28.46929 28.603167 28.40804 28.234495 28.166502 28.209953 28.184677 28.057413 27.950953 27.815403 27.905254 27.830662 27.782717 27.83773 28.069717 28.132772 28.07553 27.639656 27.58596 27.500313 27.696903 28.0527 28.210693 28.053854 28.058706 28.026707 27.736744 27.712524
24.274544 25.02238 25.527224 26.521976 27.32666 27.68391 27.695885 27.865137 28.027662 28.148418 28.0414 28.00398 28.040161 28.055065 27.899242 27.795038 28.007275 28.667149 28.728296 28.81358 28.95545 28.992071 28.954689 28.91296 28.809603 28.76488 28.727396 28.75361 28.725277 28.824656 28.812887 28.840267 28.874802 28.85027 28.74272 28.460703 28.334726 28.322191 28.268675 28.123938 28.228025 28.128376 27.875095 27.740685 27.987564 28.218819 28.098856 27.997547 28.052843 28.16695 28.125875 27.992739 28.122782 28.282345 28.28052 28.19764 28.190699 28.201784 27.91408 27.922848 27.723476
23.791525 23.969032 25.851698 26.688297 27.918934 28.071447 28.047321 28.047558 28.191242 28.270664 28.234777 28.154318 28.105293 28.019398 28.008793 28.20926 28.585054 28.730742 28.784113 29.033815 29.054379 29.140896 29.131207 29.109211 29.060392 29.015827 28.984314 29.018562 29.04536 28.975286 28.89649 29.028795 29.113686 29.03224 28.728365 28.559706 28.543718 28.501999 28.437008 28.395882 28.275106 28.240717 28.251255 28.234924 28.309866 28.347307 28.41095 28.404604 28.23017 28.206135 28.10593 28.107788 28.15292 28.322037 28.32745 28.319534 28.288969 28.125978 28.099972 27.761929 27.479698
24.178698 24.82183 26.016432 27.792536 28.23158 28.49667 28.448212 28.340517 28.306376 28.327885 28.284784 28.214506 28.155066 28.291378 28.472864 28.67816 28.693668 28.74126 28.919846 29.060423 29.185213 29.234205 29.113894 29.034311 29.04592 28.96693 29.125788 29.013514 28.608347 28.75822 28.93626 29.044487 28.959673 28.860897 28.641241 28.53802 28.509285 28.52893 28.562689 28.49705 28.471941 28.391556 28.26009 28.350409 28.499847 28.603806 28.652092 28.7667 28.67488 28.501472 28.427996 28.446352 28.479881 28.488922 28.446896 28.461273 28.353743 28.235285 27.8672 27.645947 27.60081
25.02194 25.12991 26.991392 27.290567 28.34345 28.907167 28.760107 28.519394 28.451761 28.375912 28.32768 28.287605 28.366343 28.565182 28.851046 28.737276 28.742844 28.84068 28.997442 29.041655 29.244925 28.913874 28.7365 28.814995 28.988333 29.04471 29.161469 29.131403 28.518328 29.160872 29.159227 29.090609 28.83891 28.557411 28.59367 28.660625 28.601341 28.599388 28.669313 28.64361 28.607275 28.594109 28.584175 28.505762 28.524223 28.664652 28.717968 28.707836 28.567244 28.48969 28.553802 28.638456 28.599714 28.60031 28.530848 28.377285 28.420113 28.065334 28.03 27.815538 27.696812
26.322216 26.597239 27.701029 28.16592 28.773113 28.88363 28.821146 28.587677 28.463917 28.369093 28.296814 28.29461 28.396679 28.50408 28.56272 28.711075 28.882887 29.069199 29.067171 29.01972 28.989328 28.675943 28.737753 28.754877 28.819653 29.2127 28.805838 28.415926 28.71154 28.924864 28.729818 28.491137 28.611778 28.714407 28.542856 28.437737 28.376982 28.368502 28.382658 28.481148 28.533571 28.583078 28.72719 28.798998 28.73041 28.756117 28.780111 28.614044 28.591103 28.62579 28.74511 28.686325 28.724415 28.44209 28.512615 28.602133 28.387123 27.98007 28.25118 28.118341 28.323881
27.650204 26.847603 27.859467 28.473343 28.819782 28.811197 28.876547 28.721397 28.486418 28.361399 28.164593 28.462486 28.481937 28.537584 28.658981 28.893682 29.241405 29.186726 29.102108 28.987738 28.872726 28.461872 28.432493 28.519785 -32767.0 28.148258 28.393421 28.529263 28.497282 28.313839 28.60054 28.82271 28.720549 28.628191 28.548052 28.474539 28.469349 28.430283 28.388704 28.408287 28.484934 28.707884 28.86334 28.982718 28.89773 28.854012 28.786154 28.825712 28.82439 28.752422 28.829811 28.800053 28.44029 28.67988 28.754156 28.593544 28.411547 28.33889 28.25995 28.29931 28.306507
27.941118 27.599806 28.118391 28.672386 28.913021 28.997915 28.925629 28.925358 28.820545 28.545496 28.453098 28.429733 28.548456 28.664047 29.006643 29.274195 29.367466 29.214401 29.019123 28.991508 29.128693 28.638998 28.564169 28.615788 27.793959 28.460588 28.452993 28.370617 28.312498 28.647184 28.872543 28.82799 28.85688 28.727375 28.648771 28.587824 28.560371 28.559324 28.557833 28.510096 28.623716 28.891537 29.04382 29.140354 29.06368 28.840265 28.735731 28.800905 28.665478 28.642118 28.60109 28.600985 28.668116 28.782846 28.843391 28.62342 28.65215 28.505384 28.298428 28.210972 28.27058
28.260298 28.298878 28.718042 28.867191 29.107592 28.991085 28.875336 28.889042 28.99738 28.952599 28.788887 28.757313 28.886211 29.060417 29.413437 29.444721 29.312847 29.087599 28.962248 29.06383 29.219698 28.752438 28.798021 -32767.0 28.433722 28.495073 28.268097 28.337496 28.677622 28.864109 28.996183 29.03242 28.858679 28.788206 28.711817 28.685883 28.667503 28.71253 28.805592 28.842966 28.963238 29.125813 29.299782 29.271423 29.065077 28.955925 28.906265 28.699875 28.771095 28.899387 29.06109 29.297808 29.44848 29.394506 29.199442 28.84829 28.755312 28.404793 28.334385 28.269295 28.16807
28.646093 29.133717 29.195461 29.11679 29.180052 28.974833 29.02814 29.034563 29.031643 29.067509 29.028278 28.893248 29.189484 29.35107 29.45611 29.34912 29.081621 28.973888 28.944633 29.210127 29.13027 29.123167 28.831701 28.562527 28.314896 28.292938 28.478004 28.695858 28.84193 28.99463 29.162258 29.04673 28.962551 28.93243 28.77001 28.629366 28.69765 28.861492 28.992662 29.033627 29.163889 29.3028 29.300661 29.186657 29.049877 29.058258 28.922438 29.128319 29.333332 29.343344 29.403961 29.626028 29.63658 29.565657 29.169392 28.621979 28.598717 28.563616 28.359955 28.307419 28.485847
29.123873 29.342066 29.337927 29.23277 29.1733 29.007881 28.956644 28.9786 29.048046 29.09935 28.906115 29.228876 29.336945 29.41701 29.431358 29.11119 28.932745 28.903173 28.957554 28.83648 29.143166 28.990032 28.686703 28.356998 28.418898 28.551983 28.659739 28.875319 28.976582 29.15926 29.243866 29.023468 29.064518 28.965685 28.778896 28.80513 28.892296 28.98875 29.018747 29.122404 29.298857 29.3121 29.170343 29.083502 29.127832 29.31145 29.322777 29.348518 29.340853 29.353107 29.384207 29.583912 29.558445 29.006775 28.50764 28.331854 28.818632 28.881168 28.82756 28.362999 28.429665
29.375654 29.430803 29.448503 29.366749 29.224005 29.018354 28.9554 29.04367 29.050987 28.954147 29.168972 29.370226 29.367142 29.48787 29.35187 29.036915 28.969906 28.929642 29.091782 28.507334 28.992027 28.933132 28.692072 28.484108 28.564228 28.793999 28.850294 28.981306 29.159344 29.303682 29.264582 29.102427 29.200161 29.12675 28.93594 28.879633 28.890102 28.992651 29.165833 29.305914 29.265915 29.11713 29.144564 29.255846 29.546343 29.634295 29.569752 29.584839 29.540956 29.539045 29.511192 29.67296 29.516008 28.999422 28.416834 28.453285 28.745783 29.07684 29.217947 29.294245 29.247477
29.377697 29.38809 29.46371 29.524963 29.341974 29.187716 29.098566 29.03858 28.874758 29.152287 29.307047 29.609318 29.424976 29.527199 29.234932 29.010609 29.096153 29.078135 29.160173 29.503294 -32767.0 28.710226 28.588022 28.709192 28.686981 28.921576 29.026247 29.214533 29.288141 29.420828 29.352654 29.301739 29.419212 29.286127 29.126455 29.07288 29.129025 29.269775 29.330172 29.282486 29.155764 29.166279 29.29573 29.64896 29.759731 29.649586 29.585562 29.503065 29.57565 29.709993 30.088827 30.16434 29.875515 29.439127 28.651426 28.225521 28.485556 28.851982 28.852064 29.071566 29.328617
