static/data/seaWater_uo/2023/7/3/12.asc
ncols 137
nrows 93
xllcorner 108.0
yllcorner 17.0
cellsize 0.25
NODATA_value -32767
[rows 26 to 51 of 93, columns 58 to 115 of 137]
0.13682915 0.21999665 0.22450511 0.24978119 0.3255779 0.3232207 0.20120402 0.026772626 -0.039213773 -0.073661014 -0.030855695 0.07505468 0.12857732 0.07292327 0.04536975 0.054654043 -32767.0 -32767.0 0.14005333 0.27959543 0.40508026 0.4012793 0.5391777 0.47994497 0.31285962 0.15147203 0.04816331 0.1052492 0.020458398 -0.011050924 -0.010777578 -32767.0 -32767.0 -32767.0 -32767.0 -32767.0 -32767.0 0.046766263 0.09234514 0.19018927 -32767.0 -32767.0 -32767.0 -32767.0 -32767.0 0.02179555 -32767.0 -0.11170368 0.02547121 0.49135214 0.52450734 0.42470372 -0.12511517 -32767.0 0.09332043 0.0336829 0.05548592 0.019836672
0.032351766 0.13746655 0.04153076 0.21716473 0.1416763 0.16686031 0.19159974 0.226119 0.017304916 -0.0061244415 0.0821836 0.06893886 0.048933357 0.068799555 0.12633741 -32767.0 -32767.0 0.24358803 0.35158697 0.3400646 0.21013765 0.33600697 0.3842668 0.21046714 0.16682431 0.20272711 0.12891074 -0.07153436 -32767.0 -32767.0 -32767.0 -32767.0 -32767.0 -32767.0 -32767.0 -32767.0 -32767.0 -0.038339876 0.17311157 -0.088344425 -32767.0 -32767.0 -32767.0 0.028570842 0.07721507 0.3169765 0.4260887 0.13379025 -0.048551563 0.15579334 0.31642547 0.3739919 0.32225126 -0.09350205 -0.093876176 -0.04848473 -0.083258525 -0.17829792
0.07163284 -0.030088602 0.008794087 -0.061412394 -0.17242429 -0.011315096 0.13132636 0.1274181 0.16147548 0.14898686 0.12488847 0.08177824 -0.014855686 0.044536576 0.11317973 0.015426333 0.14846447 0.0824018 0.21386613 0.14796352 0.08424923 0.08387293 0.118030414 0.09857635 0.1546008 0.11021936 -32767.0 -0.103864506 0.00884689 -32767.0 -32767.0 0.086359635 -32767.0 -32767.0 -32767.0 -32767.0 -32767.0 -32767.0 0.23912841 0.36617702 -32767.0 -32767.0 0.024753572 -0.038744718 0.2100651 0.2651971 0.3725459 0.59524035 0.72900444 0.5361434 0.2195114 0.17519262 0.09996164 0.019348003 -0.07989858 0.035759985 -0.07656024 -0.21816573
0.054271333 0.07034108 0.050622657 0.018910425 -0.08033301 -0.16651487 -0.18173304 -0.15939814 -0.20494781 -0.14511321 -0.047580782 -0.009291675 -0.019652078 0.043774948 -0.00077432045 -0.024517756 -0.03716692 -0.05087576 0.11592204 0.17734782 0.16292474 0.12686794 0.07659339 0.053757187 0.021123225 -32767.0 -0.026240515 0.16158402 0.19630188 0.116127595 -0.104992345 -32767.0 -0.03442167 -32767.0 -32767.0 -32767.0 -32767.0 -32767.0 0.095297135 0.53884053 0.42348033 -0.21905036 0.044012934 -0.07569133 -0.122278966 0.00785222 0.13956188 0.2676962 0.268553 0.23235759 0.09605092 -0.013026942 -0.18252733 -0.082270816 -0.051350765 0.11806555 0.020123767 -0.13597694
0.20575124 0.11977963 0.09681479 0.11051869 0.03543492 -0.009270365 0.08558702 0.05879318 0.008276841 -0.1324398 -0.11639323 -0.15095907 -0.13753876 -0.10225004 -0.1443936 -0.09151028 -0.023601785 0.010581205 0.037395168 0.023006978 0.033977814 0.012796227 0.021552673 0.038786583 0.06918652 0.34129292 0.27092594 0.19888678 0.15773292 0.07765126 0.045022298 -0.069171436 0.10137533 -32767.0 -32767.0 -32767.0 -32767.0 0.13749665 0.08921355 -0.0732027 -0.09004712 0.017675968 -0.38784865 -0.09944645 0.19282995 0.4528836 0.6740299 0.5690286 0.34645912 0.28897586 0.027129728 -0.06577187 -0.2202761 -0.0793519 0.078161284 0.090970784 -0.061326474 -0.16739017
0.291494 0.2839408 0.15391721 0.13327278 0.1818841 0.18314552 0.12564464 0.066168495 -0.0029959604 -0.07577091 0.015564199 -0.039844144 -0.21129225 -0.33355445 -0.25081828 -0.121120654 -0.09364495 -0.16402243 -0.18627968 -0.11114973 -0.10234929 -0.12300255 -0.03546262 -0.007069969 0.059885852 0.11336951 0.14482658 0.20109521 0.20483534 0.038456153 -0.04029327 0.032595046 0.021428242 -32767.0 -32767.0 -32767.0 -32767.0 0.009435875 -0.15634027 -0.37556565 -0.5321979 -0.42002904 -0.124391526 0.04373721 0.34362888 0.71044475 0.8440479 0.83720183 0.55189705 0.41784677 0.15571633 0.055282608 -0.044127274 0.101192884 0.19476582 0.06651995 -0.031194648 0.007997234
0.23122776 0.18345204 0.24371912 0.28904697 0.40353724 0.4190152 0.18877286 0.13924743 0.053419977 0.056353815 0.010687123 -0.085722774 0.026588669 -0.1028887 -0.2154695 -0.15699497 -0.12925157 -0.2029019 -0.1988217 -0.1829078 -0.16513431 -0.08138799 -0.010650964 0.00830512 0.03983635 0.056907102 0.103605054 0.15751822 0.16910994 0.20585355 0.108697526 -32767.0 -32767.0 -32767.0 -32767.0 -32767.0 0.11148941 -0.10509283 -0.0521124 -0.11617351 -0.10615918 0.21049368 0.3564047 0.30857646 0.550637 0.84989923 0.7606147 0.66872424 0.72802746 0.6541374 0.5302782 0.39523226 0.20515181 0.21298878 0.25401682 0.25878263 0.14494538 0.20847109
0.21915416 0.1742576 0.13903591 0.22166404 0.27884284 0.35750324 0.24743333 0.23734428 0.18400128 0.11273955 0.06292054 0.06356276 0.02763987 -0.012020006 0.046599638 -0.11471122 -0.052753065 -0.047047354 -0.061559126 -0.092647985 -0.114456855 -0.1810557 -0.20016943 -0.08107001 -0.06481607 0.019290583 0.048489533 0.006341109 -0.006877462 0.13565546 -0.065676704 -32767.0 -32767.0 -32767.0 -32767.0 -32767.0 -0.13655256 0.08057982 0.16156295 0.40866536 0.536996 0.55717003 0.64682204 0.87637675 0.9721771 0.7556463 0.6304974 0.61639464 0.71266514 0.74953616 0.73336095 0.59889543 0.39504248 0.33157447 0.38694572 0.25305963 0.19048443 0.18303514
0.1577346 0.21384875 0.2891482 0.17932734 0.058962855 0.14940083 0.20807312 0.20141838 0.104347475 0.13144505 0.09378038 0.06805468 0.048450973 0.012867752 -0.018293653 0.023891147 0.013223285 0.011227564 0.08335022 0.09500149 0.05851697 0.06315299 0.018444814 0.026053064 0.067709334 -0.009900827 -0.07698375 -0.002948565 -0.0016374553 0.031239832 -0.070472874 -0.036509663 -32767.0 -0.021080758 -32767.0 -32767.0 0.16905485 0.22719796 0.36143857 0.513984 0.7531177 0.9881075 1.1830661 1.1267068 0.7956065 0.76382166 1.0279548 0.8968013 0.6876489 0.68145895 0.74397105 0.65967005 0.47934505 0.37792233 0.3644982 0.28078848 0.30544814 0.35428917
0.075546056 0.20903881 0.053920526 -0.11181969 -0.08168627 -0.008977279 0.06784212 0.16110799 0.20553496 0.19648223 0.1873831 0.13908446 0.0633526 0.06665626 0.09489367 0.045134336 0.13430181 0.07484572 0.11070553 0.08224912 0.16943067 0.17078435 0.1352623 0.2235925 0.22188647 0.01770722 -0.15834126 -0.12488701 -0.05304836 0.03227328 0.13699646 0.26005936 0.20835418 0.09977585 -32767.0 0.08197674 0.5439469 0.9631362 0.7726603 0.6753736 0.80593663 1.0104833 0.9734001 0.7578023 0.7142293 0.99209327 0.9671701 0.8817922 0.6187884 0.54580873 0.6629909 0.6778937 0.4463894 0.35939494 0.3461422 0.31628698 0.35508898 0.4452734
0.12518917 0.13773167 0.028699314 -0.099333264 -0.12777565 -0.038188126 -0.049318366 0.0014157997 0.1964416 0.18187901 0.107335694 0.114311084 0.11794179 0.14287382 0.06879854 0.05192288 0.042359665 0.03779378 0.0002027296 0.19163474 0.29701197 0.34674734 0.30887404 0.22834595 0.13465758 0.07196661 -0.023466744 0.03172373 -0.04993495 0.036532216 0.2135809 0.30928096 0.42498797 -32767.0 0.9286874 0.97323644 0.43645784 0.25282896 0.49444732 0.7558339 0.86937565 0.8630444 0.66927475 0.3416026 0.58561903 0.5962388 0.60701746 0.6198505 0.4909114 0.4042686 0.4930644 0.58098847 0.3787735 0.3321404 0.39638886 0.48476195 0.5300474 0.59151816
0.055919673 -0.008231932 -0.10779851 0.040840548 0.040599726 0.018868154 -0.004498451 -0.01890208 0.12765765 0.2105073 0.1503823 0.15444022 0.20098317 0.08724176 0.034742184 0.10028563 0.13974126 0.20190324 0.0905595 0.045911726 0.11844366 0.033667814 -0.07836175 -0.08733125 -0.11110371 -0.016579585 0.15444799 0.23378548 0.20421514 0.20548886 0.06800651 0.24276316 0.24873742 0.38740999 0.38704306 0.07263866 0.44189483 0.9596001 1.1210501 1.0389562 0.8159468 0.66432124 0.43157446 0.14365698 0.21164301 0.39280775 0.4201882 0.48146453 0.3984819 0.36639655 0.4582449 0.49971363 0.31044036 0.32015216 0.44708112 0.49196607 0.56884414 0.65099245
-0.07072615 0.017566659 -0.024742236 -0.06383616 -0.10105308 -0.04758281 0.062594526 0.034560654 0.07247633 0.13480736 0.19176446 0.16218075 0.21170793 0.24306023 0.23951463 0.27646807 0.25258213 0.31600392 0.22849336 0.07490854 -0.03765454 -0.21664585 -0.23229338 -0.24207467 -0.20517291 -0.10724183 0.08743211 0.32271734 0.5178079 0.585173 0.44735095 -32767.0 0.2908268 0.2330631 -32767.0 0.43575826 0.6137833 0.30180526 0.2485058 0.23165137 0.3981314 0.46039182 0.3989 0.16340747 0.01240488 0.20157897 0.26765883 0.41120198 0.43057218 0.38677654 0.5213374 0.57259625 0.37539327 0.37154993 0.4555532 0.47832343 0.5578938 0.92061013
-32767.0 0.022723628 0.0005298216 -0.030679127 0.029820472 0.057527952 -0.008538223 0.08178251 0.12000676 0.14448999 0.20623398 0.19203596 0.23572193 0.24131116 0.24717902 0.26075414 0.2151547 0.2604567 0.2538578 0.06649448 -0.1385499 -0.23145224 -0.1771954 -0.19003497 -0.23378102 -0.092280924 0.1383601 0.31961536 0.50813377 0.64124584 0.71196973 0.5107281 -32767.0 0.1943004 0.23909833 0.5024998 0.29883286 0.26276663 0.33574584 0.45045263 0.32318327 0.40588644 0.4745027 0.53214633 0.35665244 0.16016276 0.22916135 0.31641787 0.48396832 0.49627542 0.611833 0.7059683 0.8203279 0.6875022 0.6059073 0.6657748 1.0619115 1.1592969
0.1701798 0.106061086 0.037593257 0.003567955 0.059253234 0.079075046 0.06838136 0.029461738 0.05447763 0.109933905 0.17282307 0.26178184 0.29694766 0.28518406 0.26997665 0.29753706 0.28880998 0.14597307 0.0855495 0.07121408 0.06627454 -0.006931049 0.11567395 0.17232503 0.2064452 0.3289216 0.4107533 0.47907862 0.49266684 0.50531447 0.40947306 0.92535836 0.82496166 0.5606736 0.56516236 0.49815995 0.29245713 0.41863072 0.4787327 0.5064017 0.5317221 0.45696568 0.47838438 0.41630194 0.32579148 0.14685014 0.15864341 0.3652919 0.46347907 0.54261196 0.6433384 0.6851085 1.0216863 1.3260205 1.3751533 1.4262716 1.208635 0.93050784
0.1648336 0.2123719 0.1352968 0.1724987 0.23835017 0.24705671 0.15661675 0.17685373 0.038190234 0.08152579 0.08831335 0.19063634 0.25778052 0.32599068 0.32564843 0.24576043 0.12948821 0.004293216 0.018023465 0.10388993 0.23964925 0.4542383 0.6998013 0.8772035 0.9904814 0.9251118 0.73733866 0.6241858 0.49236903 0.4630713 -0.11549137 0.076243386 0.6207495 0.91578937 0.81770104 0.56668586 0.59132224 0.54386455 0.47966743 0.349067 0.29265574 0.42868942 0.51529413 0.38104877 0.19338277 0.11734491 0.22669432 0.37282103 0.5041537 0.63909346 0.69959116 0.82063794 0.8484659 0.8966119 0.9664698 0.98374504 0.9300686 0.6172095
0.18157354 0.053161394 0.12243958 0.115284555 0.097671695 0.1382057 0.17267548 0.18069048 0.18671566 0.13109618 0.15974131 0.17810994 0.12155006 0.09232118 0.10334418 0.0863867 -0.05420168 -0.09396863 0.082563944 0.31580225 0.5986247 0.87948287 1.0840383 1.1678427 1.1481411 1.0107335 0.75546974 0.57982564 0.49472028 0.50995886 0.40835515 0.38305303 -0.011819769 0.09872489 0.37011078 0.57981116 0.70064 0.51803553 0.36542913 0.26462486 0.18113355 0.30737057 0.49725822 0.52182525 0.42692396 0.370198 0.36098498 0.41114518 0.4924758 0.5570078 0.6428765 0.64846516 0.71206564 0.8133008 0.8231449 0.6932086 0.48694405 0.32310244
0.26346666 0.06512392 0.13879853 0.12770233 0.15879479 0.14765579 0.14575754 0.12336278 0.12430396 0.116720594 0.0875357 0.039981257 -0.00958712 -0.037006456 -0.094075754 -0.07530248 -0.03261919 0.016524598 0.2441814 0.5331713 0.73442703 0.85114706 0.8982927 0.8893872 0.81206113 0.71252465 0.5402148 0.5342489 0.48972946 0.290333 0.50751585 0.46029523 0.53046256 0.51026756 0.47656015 0.49646285 0.5072106 0.3158846 0.2553607 0.30366033 0.3777815 0.37375972 0.3691315 0.5175628 0.6270876 0.6362066 0.567667 0.4708043 0.43023172 0.40851998 0.4330287 0.4165815 0.36074007 0.36343485 0.4138106 0.44514313 0.33561695 0.21450137
0.14195333 0.23645471 0.20044199 0.19810995 0.16483042 0.17614971 0.12263118 0.04810199 0.016238922 0.061565243 0.0828624 0.05553862 0.056842305 0.07360034 0.055769153 0.035297897 0.11639755 0.20337278 0.36863095 0.4845733 0.6012742 0.6436593 0.65760905 0.63851655 0.56367135 0.48567578 0.36105362 0.24046588 0.122939624 0.37499833 0.35920915 0.3027798 0.39603546 0.42823088 0.35884023 0.32874954 0.081274465 0.13193475 0.23821078 0.3849853 0.50288403 0.6012843 0.69547623 0.79929787 0.8329098 0.82275325 0.6090864 0.4775272 0.31431633 0.28122142 0.23491406 0.3098782 0.29108566 0.30291703 0.32490444 0.2699457 0.15732488 -0.035989653
0.27515104 0.3684648 0.41500145 0.40010494 0.38365674 0.24239215 0.17718409 0.10538466 -0.011177292 -0.030208187 0.06365673 0.109666675 0.064415716 0.0340309 0.0570988 0.10199595 0.15547818 0.15607995 0.2060316 0.387963 0.5084476 0.47120994 0.4114584 0.32623044 0.23948076 0.20227738 0.16729148 0.15928963 0.13570774 0.18908904 0.27905047 0.15629 0.14906248 0.0653848 -0.023630371 0.08586673 0.30508792 0.46242693 0.52838063 0.5639834 0.6024919 0.59490997 0.5733273 0.57488996 0.5788609 0.5507621 0.4424547 0.3311685 0.20892641 0.105841234 0.04633934 0.1037705 0.05549627 0.09559085 0.009125237 -0.046499837 -0.14983407 -0.17279221
0.38566273 0.4618819 0.46549362 0.3730185 0.27694222 0.25176972 0.16303068 0.06132061 -0.008387993 -0.15232533 -0.10026242 -0.050196707 -0.029914508 0.02297483 0.004118512 0.036434263 0.018922312 0.04256641 0.1916136 0.34120265 0.44165877 0.35935524 0.23378184 0.105945095 0.010357136 -0.039429642 -0.028230807 0.07038558 -0.056883935 0.09176438 0.0079163425 0.036200304 0.016539238 0.18316603 0.38224807 0.4735957 0.5134971 0.48206928 0.46327996 0.45740622 0.41663042 0.3709547 0.33168614 0.3230781 0.2817521 0.29938844 0.29557434 0.16784641 0.08918163 -0.043194797 -0.052188687 -0.1575619 -0.15461697 -0.19191575 -0.25123036 -0.23853205 -0.1539956 -0.17705989
0.5478921 0.42098215 0.31742954 0.18646564 0.16065477 0.1543539 0.09960655 0.068265386 -0.043627016 -0.11696313 -0.12096155 -0.046843585 0.008441634 0.066047154 0.016037574 0.02502348 0.031878553 0.20169905 0.28976053 0.3802488 0.3853332 0.28765526 0.17515087 0.080968104 -0.12781467 -0.11026301 -0.06171266 -32767.0 -0.08511071 -0.15151581 -0.13433781 0.084012195 0.3417095 0.45658517 0.45248616 0.4535845 0.38047284 0.38586503 0.32591024 0.3009279 0.27254325 0.30651167 0.34496546 0.31574196 0.24076572 0.17139909 0.056866873 0.039630644 -0.056482878 -0.10509119 -0.17695098 -0.14960405 -0.14228815 -0.13710567 -0.102869 -0.076101154 -0.124083325 -0.081690826
0.41034427 0.2835982 0.17960523 0.13162518 0.10757782 0.085007235 0.08267057 0.15299407 0.14425167 0.09035958 0.11769335 0.037962142 0.030871032 0.07330258 0.069499634 0.031696912 0.12553197 0.3796597 0.4636575 0.42120975 0.31810433 0.22952987 0.1782175 0.08120464 -0.0007259202 -0.038704876 -0.054037966 -0.027190106 -0.18703268 0.043592162 0.1944289 0.25186065 0.35748008 0.393307 0.30381837 0.24479067 0.2473241 0.23069607 0.18655568 0.188098 0.27018717 0.2520663 0.21350361 0.21082504 0.10002629 -0.011820958 -0.09134193 -0.10154759 -0.20096585 -0.24001661 -0.19092053 -0.111403264 -0.107733294 -0.030862957 0.076391 0.12467216 0.09419798 0.07300971
0.25065652 0.18086031 0.15511723 0.109751284 0.24601783 0.17389317 0.10959189 0.15368062 0.25518167 0.21990184 0.14855736 0.08130679 0.06865308 0.105054975 0.14111213 0.21947263 0.4878405 0.69528645 0.6184802 0.3712023 0.2114866 0.14187425 0.24108909 0.16253613 0.0188133 -0.03653454 -32767.0 -0.09136355 -0.022207683 0.17395954 0.18887751 0.27326742 0.25359324 0.16160895 0.11607592 0.10107928 0.099697955 0.063767634 0.09857092 0.097625665 -0.0074365223 -0.030776208 -0.09875327 -0.13002184 -0.13972363 -0.24732295 -0.1985025 -0.30719462 -0.31143057 -0.245006 -0.21961953 -0.16535442 -0.009538646 0.10802737 0.16086826 0.18410562 0.26917616 0.30304134
0.16041887 0.21034981 0.17922263 0.12240064 0.07755313 0.17550647 0.2254915 0.2246287 0.20762695 0.21433613 0.17398788 0.15815005 0.15304656 0.19679332 0.33705252 0.57190603 0.83984464 0.7717242 0.4720869 0.25712892 0.14507699 0.118094176 0.106126 0.12722255 0.06721881 0.102165915 -0.06806499 -0.035719708 0.15470463 0.17927927 0.23052333 0.17477174 0.061393853 0.03428133 0.071918845 0.06170244 -0.042949256 -0.021332607 0.019454813 -0.115146674 -0.16519445 -0.24392882 -0.32314852 -0.33755422 -0.3403638 -0.3295389 -0.35379246 -0.3947594 -0.34711996 -0.2790345 -0.24815324 -0.23728468 -0.16863793 -0.12311173 -0.029381985 0.082684085 0.16936056 0.1072485
0.15293625 0.16176017 0.112506606 0.11021727 -0.007358767 0.048232596 0.13438663 0.13371333 0.12921171 0.13764408 0.17754547 0.24373333 0.33974534 0.48118266 0.6885215 0.8895338 0.7230924 0.46327972 0.31426492 0.23444225 0.22149022 0.15417972 0.041032568 0.04651298 0.026655778 0.032084074 0.05622841 0.023762587 0.10575736 0.22111009 0.15356539 -0.021806397 -0.025812931 0.00043209572 0.011117366 0.034993056 -0.11219416 -0.08893583 -0.06607733 -0.17350732 -0.23448645 -0.31213564 -0.4251164 -0.43041822 -0.36931944 -0.38449335 -0.40443346 -0.399382 -0.2512275 -0.28714567 -0.24603648 -0.19854048 -0.14356574 -0.04505091 -0.015761735 -0.0905069 -0.034930617 0.002950019
