static/data/seaWater_uo/2023/7/3/18.asc
ncols 137
nrows 93
xllcorner 108.0
yllcorner 17.0
cellsize 0.25
NODATA_value -32767
[rows 26 to 51 of 93, columns 58 to 115 of 137]
0.31466222 0.1750932 0.41254815 0.35406286 0.31867725 0.21632403 0.1550355 0.14997399 0.22404669 0.30737105 0.20035762 0.14164175 0.12233019 0.08449741 0.1700649 0.17867297 -32767.0 -32767.0 0.055249177 0.009093048 0.32368895 0.3180136 0.085350245 0.095866516 0.12312038 0.08571103 0.0058326274 0.044527184 0.031218031 -0.08968622 -0.09500953 -32767.0 -32767.0 -32767.0 -32767.0 -32767.0 -32767.0 0.046679202 -0.17426462 -0.07520676 -32767.0 -32767.0 -32767.0 -32767.0 -32767.0 -0.09542003 -32767.0 -0.31008643 -0.30341747 0.11405726 0.28133288 0.35152966 -0.09068365 -32767.0 -0.082718775 -0.23275632 -0.2435438 -0.15415426
0.4433009 0.2922045 0.31487387 0.29375443 0.21975663 0.20301144 0.14096951 0.0639219 0.07240389 0.13220374 0.08365755 0.22646336 0.20686655 0.16085996 0.08800249 -32767.0 -32767.0 0.018456653 0.13426666 0.09994562 0.18491274 0.3070745 0.3348345 0.26590422 0.047479834 0.037418127 0.10590925 -0.05366549 -32767.0 -32767.0 -32767.0 -32767.0 -32767.0 -32767.0 -32767.0 -32767.0 -32767.0 0.025807392 -0.06687524 -0.23923382 -32767.0 -32767.0 -32767.0 -0.12435167 -0.10053368 0.15590395 0.19464956 0.041512646 0.20238602 -0.0070328605 0.15134464 0.42431417 0.40980518 -0.05976028 -0.27083275 -0.27485642 -0.33190417 -0.34128967
0.21605165 0.1976724 -0.0065094214 0.06009261 0.15917014 0.1890843 0.22716212 0.14774755 0.1517561 0.1759393 0.17730035 0.1765847 0.0807182 0.038378462 0.1371677 0.172428 0.24138522 0.18915595 0.23750637 0.1601164 0.05325239 0.076269135 0.1733788 0.20533864 0.14592049 0.15109603 -32767.0 -0.082450986 -0.05725565 -32767.0 -32767.0 0.019965665 -32767.0 -32767.0 -32767.0 -32767.0 -32767.0 -32767.0 0.100214645 -0.073076606 -32767.0 -32767.0 0.0057531265 0.11559469 0.23402719 0.16690022 0.29268634 0.4995172 0.64349186 0.5416795 0.12839319 0.2696438 0.23225936 -0.08714719 -0.26813948 -0.2956706 -0.3140296 -0.39862448
0.23926908 0.07948121 -0.084235266 -0.11087799 -0.09567581 -0.05371601 0.007713274 -0.013201583 -0.0033136057 0.14123622 0.16498476 0.21361983 0.14453736 0.11070689 0.14036058 0.20369594 0.14465576 0.2441039 0.32565832 0.2835792 0.09339052 0.14197242 0.145405 0.10385656 0.14990802 -32767.0 -0.11555966 0.0097081885 -0.10267213 -0.107363135 -0.24375646 -32767.0 -0.14140444 -32767.0 -32767.0 -32767.0 -32767.0 -32767.0 0.06607291 0.33520627 0.26119262 -0.23618272 0.24093233 -0.08708187 -0.041644 0.07134404 0.2450685 0.31707916 0.3119671 0.33342275 0.08435061 0.06682801 -0.075350545 -0.21409838 -0.2262855 -0.18975419 -0.22780515 -0.29997075
0.2573207 0.06929815 -0.11610017 -0.08798426 -0.17184126 -0.20405774 -0.119129926 -0.11864624 -0.1477964 -0.076899655 -0.017300624 0.06525792 0.17204763 0.32788962 0.27125663 0.22330615 0.17561969 0.24294123 0.18667252 0.13560125 0.16377893 0.11111394 0.04202725 0.062316798 0.17622739 0.21266578 0.21835618 -0.03071044 -0.105121166 -0.07194391 -0.20301877 -0.14596006 0.01850695 -32767.0 -32767.0 -32767.0 -32767.0 0.0917452 0.24247728 0.070095986 0.06832421 0.024261057 -0.22571981 -0.110139504 0.10540296 0.34471878 0.54030454 0.69408625 0.4749886 0.29208407 0.029971229 -0.08365662 -0.22302023 -0.16623056 0.00970371 -0.11053051 -0.1530215 -0.21090992
0.25357556 0.109198034 -0.08998264 -0.09351965 -0.1541757 0.088783905 0.014589391 0.0036622651 0.061862376 0.045252867 0.0137598775 0.037785992 0.04980716 0.14234379 0.18855686 0.15260226 0.13587135 0.06079913 0.038332853 0.04066812 0.0080813 0.026034422 -0.00889305 0.030322565 0.070291474 0.16718519 0.16920687 0.06714376 -0.17923804 -0.24136814 -0.13960975 -0.043970563 -0.06981659 -32767.0 -32767.0 -32767.0 -32767.0 0.14584449 0.09700807 -0.05962267 -0.32582763 -0.28797367 -0.083521575 0.20617886 0.35436714 0.48559082 0.59918565 0.59225386 0.62042093 0.41108617 0.15528753 -0.073962 -0.17042969 -0.12876327 -0.058326825 -0.15540917 -0.23604822 -0.29022953
0.20779508 0.059754174 -0.0115095 0.022786822 0.10300643 0.034659244 0.03592088 0.16867574 0.067782946 0.11485769 0.107488625 0.0891463 -0.0068756766 0.006570771 0.120786145 0.19938345 0.09747716 -0.021042883 0.024897847 0.112956256 0.09874904 0.13742028 0.16839923 0.18540233 0.17201585 0.19531722 0.22612624 0.20201719 0.08957917 -0.03712084 -0.10061594 -32767.0 -32767.0 -32767.0 -32767.0 -32767.0 0.056669842 -0.06497091 0.07554548 0.101319976 0.11873043 0.3629771 0.43977168 0.44211257 0.60556203 0.5650713 0.392746 0.2667018 0.42884237 0.44277886 0.33148956 0.03522106 -0.1238197 -0.18325007 -0.26666313 -0.25370312 -0.33827904 -0.31606352
-0.09491546 -0.053945698 0.0028476128 0.07188657 0.15052652 0.17136134 0.08258672 0.15900342 0.17856486 0.17305754 0.14680663 0.111067355 0.17080319 0.15421616 0.13535595 0.18289247 0.19155464 0.123825476 0.109247275 0.015190074 0.065766245 0.0405938 0.08791168 0.078538485 0.1644576 0.25946704 0.26623783 0.23245579 0.14947483 0.16853268 -0.104124695 -32767.0 -32767.0 -32767.0 -32767.0 -32767.0 -0.059365626 -0.08120162 -0.08693546 0.17007834 0.3041561 0.41994017 0.61474305 0.77524537 0.6904466 0.44036233 0.19697616 0.1870712 0.26253214 0.32100546 0.3798405 0.17586608 -0.015688661 -0.117649905 -0.10655821 -0.29279408 -0.4284141 -0.41172686
-0.06996041 -0.055152673 0.1190028 0.2852478 0.10875476 0.02759198 0.10135137 0.14646666 0.11118403 0.17325649 0.1777493 0.15255724 0.16245903 0.17490847 0.20271052 0.19134006 0.13286921 0.06398611 0.09121184 0.2234557 0.15657817 0.021699311 0.086087026 0.049381323 0.100728236 0.1806693 0.15578021 0.15290941 0.116078876 -0.038120233 -0.031644534 -0.06147511 -32767.0 -0.017759955 -32767.0 -32767.0 -0.0670992 0.019476024 0.18383671 0.31037477 0.5116957 0.7692081 0.90188557 0.8088571 0.43656284 0.2779995 0.4604634 0.3785309 0.2034938 0.15807667 0.2929126 0.24640594 0.08840507 -0.050012518 -0.08582668 -0.17156658 -0.168678 -0.065932594
0.061001584 0.06342298 0.13338977 0.20644882 0.14745083 0.12994152 0.10964427 0.11392632 0.1763145 0.2242012 0.25124896 0.250038 0.23316492 0.23703375 0.2913074 0.29563314 0.22626103 0.23406999 0.3232841 0.33014473 0.16417299 0.12643161 0.15124787 0.27322257 0.27892548 0.21646395 0.17863087 0.13550144 0.112000875 0.04203105 0.050466076 0.21556021 0.05901805 0.0076356553 -32767.0 -0.1029552 0.41235986 0.7602175 0.63260514 0.4236968 0.553014 0.78183514 0.76428485 0.5241394 0.29912654 0.63068044 0.6798036 0.5980384 0.21482223 0.07478486 0.20535168 0.29459277 0.16710936 0.05457788 0.010380129 -0.058624282 0.07416667 0.23875757
0.008653274 0.15417789 0.120756015 0.15161349 0.056874882 0.09028447 0.14658351 0.21988517 0.23071583 0.087170176 0.11674917 0.166784 0.19238146 0.23109396 0.31149045 0.27798635 0.22417638 0.25478128 0.40535307 0.47091308 0.37064597 0.4487635 0.56120694 0.44127414 0.34893358 0.29245222 0.28589827 0.256653 0.13465951 0.095870115 0.18725951 0.28894123 0.3844498 -32767.0 0.8784469 0.97521085 0.36192366 0.11946535 0.41355008 0.7119005 0.8098583 0.75559497 0.53778297 0.020573378 0.28762347 0.3859493 0.3709521 0.47229037 0.12355548 0.043005608 0.17134474 0.3218208 0.18692943 0.15206125 0.21769978 0.22453305 0.33339489 0.48743588
0.1286432 0.09855595 0.17209198 0.23343888 0.3130675 0.27416912 0.16774663 0.17396584 0.3755334 0.30135402 0.19363981 0.23517719 0.21770371 0.11234188 0.12483852 0.1914109 0.28149086 0.22005823 0.24520701 0.34601867 0.534621 0.42486614 0.24277806 0.13807683 0.10298125 0.17583482 0.3961187 0.49184057 0.4104948 0.25342628 0.03538625 0.21542846 0.13921435 0.31532562 0.32648942 -0.13792194 0.30990025 0.7758517 0.8036936 0.7814383 0.6268518 0.5168909 0.19373743 -0.0537114 -0.016224477 0.12565154 0.1953243 0.35274652 0.10792372 0.077469096 0.21625525 0.39473808 0.19941758 0.19428925 0.23188606 0.3091656 0.41328752 0.567169
0.06935353 0.126035 0.13529874 0.17045613 0.1747857 0.19479655 0.29055002 0.20036729 0.25042796 0.3290659 0.2507151 0.30939856 0.28169978 0.23451233 0.20959972 0.27201197 0.41365576 0.41646987 0.2919776 0.2954236 0.34249544 0.22553666 0.0748057 -0.07362119 -0.12423247 -0.060042113 0.12886322 0.49235636 0.69572455 0.6586005 0.4458295 -32767.0 0.25921077 0.2582462 -32767.0 0.29524738 0.38702765 0.09418819 0.032287005 0.025203817 0.12936911 0.25726935 0.08885739 0.047222044 -0.11690991 -0.009858087 0.0472561 0.23136374 0.1143022 0.10078396 0.27211976 0.4905462 0.3521317 0.24318 0.2628291 0.33002147 0.4970945 1.0228101
-32767.0 0.0820942 0.08228509 0.072832026 0.026015783 0.030497862 0.1649781 0.28680578 0.25005126 0.30076247 0.32572603 0.30314776 0.29239598 0.26977098 0.2898602 0.30441424 0.37369555 0.48856792 0.4418617 0.4148658 0.27653292 0.19176601 0.043593857 -0.16211368 -0.22609828 -0.13166383 0.12645397 0.28875324 0.5548788 0.76501364 0.8151569 0.5268488 -32767.0 0.13162121 0.23167278 0.36354706 0.2222179 0.2784608 0.31977063 0.31080678 0.23852475 0.15532674 0.17176688 0.33204663 0.22240403 -0.0057501816 0.056684703 0.13903387 0.19145572 0.20779593 0.363593 0.62078106 0.76185286 0.5510056 0.4161218 0.6493652 1.1191795 1.2247773
0.15778272 0.15057799 0.14582516 0.105309516 0.12014913 0.02672926 0.09928645 0.25053 0.33410713 0.3718904 0.34617308 0.34926125 0.3411186 0.3424776 0.39283127 0.44273105 0.4278049 0.48679474 0.49255472 0.5667031 0.5130718 0.449189 0.39720926 0.27018785 0.16315822 0.18344718 0.42878342 0.49224034 0.36364695 0.523429 0.45458823 1.0536042 0.8031586 0.45817333 0.43133533 0.46949443 0.25570047 0.35323673 0.42583457 0.30703926 0.2660883 0.21680517 0.22242847 0.19287062 0.11093015 -0.012374041 0.027994143 0.18867667 0.29868284 0.38062775 0.4538891 0.6260365 1.0170932 1.2463146 1.2956386 1.3799056 1.3215582 1.0509744
0.15590654 0.2268533 0.10533751 0.17695495 0.2196148 0.25960806 0.090437844 0.17558008 0.23352207 0.3194091 0.3906457 0.43777415 0.5174835 0.5761399 0.5419504 0.48745596 0.41978714 0.48234028 0.5483724 0.5653645 0.6664363 0.8329713 0.9613772 1.0550039 1.0685788 1.0348758 0.8293453 0.5966451 0.4209539 0.43859965 -0.095740266 0.0780479 0.53037715 0.85781175 0.8689444 0.6863395 0.52720004 0.5602378 0.4142461 0.16170736 0.046762876 0.17623074 0.21184565 0.16023332 -0.02882547 0.07047173 0.12477 0.28700197 0.420367 0.58888674 0.5937563 0.6488999 0.74220747 0.9365859 1.0692854 1.0459459 0.9719877 0.84780794
0.093337074 0.03438135 0.15251274 0.15490219 0.16288427 0.21603483 0.27858382 0.2115524 0.19043662 0.2756304 0.36564988 0.42386332 0.4417476 0.47529528 0.4862421 0.41612497 0.3354607 0.47738212 0.5667698 0.68445796 0.8942166 1.0523634 1.1709485 1.2009645 1.1407378 0.9679749 0.7177006 0.46902213 0.36550754 0.30626947 0.39385542 0.42260167 0.037963793 0.023198396 0.2254563 0.4481112 0.6534336 0.516283 0.22828563 0.06265996 0.11487986 0.13180989 0.2770505 0.25379685 0.3018662 0.35573912 0.27673963 0.38303053 0.48797807 0.5511323 0.6641768 0.6769774 0.8142791 0.926544 0.9491278 0.91603655 0.6758528 0.56519395
0.23812856 0.12775363 0.15894058 0.16344166 0.18929617 0.19655347 0.21902886 0.2374363 0.19260421 0.18109787 0.2567779 0.2748407 0.25129667 0.28282756 0.2854812 0.3257599 0.3335696 0.46189943 0.6106802 0.7225004 0.79225755 0.8589974 0.8618298 0.8115312 0.71908444 0.5974067 0.38111088 0.34474644 0.37000087 0.13527516 0.45922542 0.50338924 0.5624324 0.5407516 0.4992046 0.52171683 0.48429617 0.21212125 0.13222164 0.21378675 0.3338261 0.4539876 0.37785843 0.39521894 0.49273828 0.48898292 0.496637 0.509856 0.44828916 0.45940095 0.5005403 0.4441349 0.45628512 0.5180372 0.60913527 0.5456994 0.50000155 0.34653786
0.15682752 0.27832958 0.26387098 0.23181006 0.18109325 0.20401852 0.20537975 0.20653158 0.21859543 0.21439776 0.18108167 0.19241692 0.27754918 0.23346996 0.10812576 0.14520255 0.22946213 0.36837336 0.42662868 0.5592245 0.65976274 0.6750361 0.5899181 0.5017218 0.4105413 0.2872273 0.15198267 0.06965296 -0.06137762 0.25235942 0.29005378 0.2597375 0.32634482 0.3213123 0.28386313 0.22074533 0.0102613 0.1393883 0.3305772 0.54996705 0.64697367 0.65877134 0.6942337 0.786579 0.84579074 0.7921514 0.6152755 0.46485206 0.3581029 0.29506397 0.32788652 0.35939527 0.37116325 0.44960135 0.43043002 0.34745073 0.2679633 0.14238138
0.26988807 0.40104404 0.46960527 0.41230723 0.37423718 0.25940177 0.2564615 0.24103716 0.1581696 0.20203483 0.22823365 0.28465715 0.29283562 0.25293761 0.20254101 0.17033383 0.18990742 0.16314337 0.33183783 0.46419075 0.52270126 0.44370875 0.31571105 0.18438399 0.055213224 0.027367137 -0.014791876 0.05547426 0.21325023 0.06601608 0.11613314 0.1458783 0.15654935 0.007975923 -0.006933703 0.21758424 0.47978258 0.6321892 0.66947126 0.60973626 0.54393 0.4787267 0.47309357 0.49632037 0.5207466 0.54803133 0.4034987 0.31411478 0.21185556 0.16002429 0.09981295 0.1872573 0.17102475 0.21396096 0.23803757 0.09656794 -0.03496497 -0.04109065
0.42563307 0.508139 0.4534401 0.3999212 0.31526315 0.28990015 0.26120287 0.22362529 0.09059615 0.06407944 0.12868853 0.17602901 0.23380606 0.20566632 0.09668628 0.14750327 0.09346342 0.18010701 0.31785804 0.377381 0.40653595 0.30917826 0.12900406 -0.07300747 -0.10523785 -0.10447671 -0.17219695 -0.06324299 -0.14982937 -0.040778585 -0.08445531 0.07529355 0.11275099 0.27148712 0.53750837 0.68334496 0.65762794 0.5290858 0.43836227 0.36493832 0.25485826 0.2631206 0.2899932 0.3295764 0.35701048 0.35926566 0.24842358 0.17821594 0.06463029 -0.04250152 0.013490161 -0.053619336 -0.090321824 -0.111689605 -0.11277453 -0.14136332 -0.15087202 -0.04554873
0.58308065 0.44580472 0.36347046 0.26263076 0.2351512 0.2484589 0.21566437 0.2447859 0.12132706 0.1415866 0.1243443 0.10527188 0.095102504 0.05059987 0.091535345 0.11476987 0.20218767 0.3178506 0.41993153 0.37319127 0.33329645 0.21606149 0.028454073 -0.12709697 -0.16944247 -0.11217223 -0.03321599 -32767.0 -0.094769925 -0.14103915 -0.16766198 0.1471533 0.42359078 0.53159136 0.5236664 0.44292784 0.36828402 0.30415022 0.17994054 0.16565119 0.18529375 0.24862021 0.3091916 0.31669688 0.21702813 0.17691216 0.13476068 0.016379382 -0.10659068 -0.1399519 -0.2093031 -0.17438397 -0.10564204 -0.087666765 -0.10612329 -0.12521857 -0.09493587 -0.03107359
0.45303616 0.33525255 0.26988992 0.24676284 0.24501412 0.21312767 0.231584 0.3359539 0.35023925 0.24997452 0.29797444 0.18352571 0.06630948 0.07457922 0.16070049 0.1542551 0.28255117 0.57216924 0.5702112 0.42048642 0.26083913 0.13882172 -0.009563937 -0.102455415 -0.04218752 0.017027015 -0.010635371 -0.072651975 -0.10223153 0.112872005 0.26255834 0.35539144 0.33673382 0.2958157 0.23576133 0.21720588 0.17370738 0.08116411 0.07372851 0.16049191 0.31693733 0.23561022 0.29084328 0.21703765 0.16689554 0.022172675 0.0016501632 -0.19703245 -0.23248756 -0.26973522 -0.25748914 -0.06891896 -0.1150701 -0.08594437 0.0022190972 0.069975056 0.19197404 0.13460274
0.2867424 0.2631295 0.27488065 0.29474938 0.322277 0.24621499 0.23119877 0.26651773 0.36754343 0.3316375 0.24635346 0.16801998 0.099377654 0.12721698 0.20619589 0.37307125 0.6688863 0.80486685 0.6432821 0.37690493 0.15849525 0.07595754 0.05708648 -0.055804685 -0.044226676 0.01647846 -32767.0 -0.113993734 0.11958537 0.30236226 0.3073765 0.21634386 0.20293348 0.124934524 0.061963134 -0.002883147 -0.012717882 -0.009492491 0.022998394 0.0975818 0.028476045 0.06137139 0.0033245857 -0.08437409 -0.11532903 -0.15690047 -0.26184735 -0.33290192 -0.41549122 -0.28861174 -0.15504466 -0.13477978 -0.10708834 -0.03550437 0.023206111 0.1289602 0.19545414 0.2875713
0.21274467 0.23256677 0.26193333 0.19142157 0.040626284 0.08410964 0.19957082 0.21105854 0.224498 0.22881503 0.19566154 0.17104135 0.17857574 0.25216442 0.40766406 0.69772005 0.8716351 0.75090945 0.46685264 0.2581662 0.12267945 0.042901456 -0.06686392 -0.10452175 -0.096212074 0.12408461 -0.045576528 0.06482919 0.2667947 0.19017908 0.1524879 0.13898832 -0.023801701 -0.020587238 -0.04320112 -0.10815548 -0.08206984 -0.023149282 -0.025681574 -0.08844249 -0.09077993 -0.11059656 -0.19531937 -0.26400575 -0.2927668 -0.34883434 -0.45090422 -0.46424296 -0.42437825 -0.24325271 -0.31743386 -0.35512817 -0.27913535 -0.16598016 -0.09348704 0.038775954 0.20789705 0.23542085
0.2112284 0.16433169 0.17189923 0.17729157 0.07508483 -0.012150147 0.049292568 0.058274984 0.095678106 0.12248959 0.14371483 0.20882776 0.3261657 0.5257791 0.7672226 0.8664513 0.72089976 0.49289313 0.3060944 0.23585533 0.16409256 0.065032125 -0.058457173 -0.114460036 -0.03525541 0.010935974 0.06187882 0.15376872 0.12161379 0.09114013 0.059478343 -0.09858319 -0.12561327 -0.08360246 -0.08820482 -0.07330347 -0.1160521 -0.065104045 -0.13759959 -0.19311944 -0.1594267 -0.20087224 -0.31264168 -0.44872186 -0.46234542 -0.5117992 -0.48744765 -0.46492645 -0.3319725 -0.43866688 -0.40884677 -0.27675927 -0.21313514 -0.088692784 -3.228986e-05 -0.041582074 0.03921629 0.19288656
