static/data/seaWater_uo/2023/7/3/6.asc
ncols 137
nrows 93
xllcorner 108.0
yllcorner 17.0
cellsize 0.25
NODATA_value -32767
[rows 0 to 25 of 93, columns 58 to 115 of 137]
-32767.0 -32767.0 -32767.0 -32767.0 -32767.0 -32767.0 -32767.0 -32767.0 -32767.0 -32767.0 -32767.0 -32767.0 -32767.0 -32767.0 -32767.0 -32767.0 -32767.0 -32767.0 -32767.0 -32767.0 -32767.0 -32767.0 -0.0314092 -0.1528647 -0.12317316 -0.04012032 0.27072334 0.4122846 0.38274223 0.3451489 0.21318781 0.19432212 0.21805963 0.2617146 0.064021476 0.19571967 0.19125558 0.044803753 -0.18302973 -0.089951664 0.11876055 0.112794064 -0.14628623 -0.33223516 -0.39441264 -0.35045317 -0.2482594 -0.16206172 -0.1944058 -0.13820171 0.028544733 0.26745212 0.26926512 0.16728397 0.16093968 0.16481455 0.3958884 0.42348212
-32767.0 -32767.0 -32767.0 0.01624164 -0.004577142 0.043755867 0.0070495224 0.031968243 0.044921603 0.032671064 -32767.0 -32767.0 -32767.0 -32767.0 -32767.0 -32767.0 -32767.0 -32767.0 -32767.0 -32767.0 -32767.0 0.05441611 0.1725362 0.046869226 0.18998232 0.30561554 0.353629 0.34715274 0.24492024 0.22515053 0.114520445 0.14316803 0.30949926 0.41678858 0.36220303 0.31286684 0.19216356 0.0033154392 0.0728516 0.033879846 0.13224712 0.32406405 0.49283138 0.34536964 -0.1417809 -0.29010132 -0.22752964 -0.1834804 -0.004152946 0.15978384 0.44433284 0.53983766 0.4729536 0.46437845 0.45034 0.47905242 0.38881007 0.2884911
-32767.0 -0.035713032 -32767.0 -0.06974025 -0.19579571 -0.21435648 -0.11706754 0.020667963 0.016596379 0.06359193 0.09291168 0.12247183 -32767.0 -32767.0 -32767.0 -32767.0 -32767.0 -32767.0 -32767.0 -32767.0 -32767.0 -0.003715654 0.27086022 0.15142131 0.19911839 0.22100307 0.2801774 0.37685466 0.53804976 0.616946 0.3797295 0.22237214 0.31238276 0.36549056 0.41076568 0.20667973 0.23119071 0.19033158 0.0040139314 -0.105326176 -0.094453596 0.075937375 0.17581387 0.20507574 0.08126328 -0.29998723 -0.27393875 -0.111264266 -0.11910512 -0.05217705 0.094768055 0.28661448 0.20059799 0.2606012 0.30443975 0.23939888 0.24288487 0.22164327
-0.07157791 -32767.0 -0.16080041 -0.2752484 -0.32687646 -0.20254797 0.082689725 -0.037375636 -0.013627253 -0.031236487 -0.05854575 -0.023121426 -32767.0 -32767.0 -32767.0 -32767.0 -32767.0 -32767.0 -32767.0 -32767.0 -0.1266718 -0.054219797 0.035190947 0.08092059 0.02002533 0.18320777 0.39355123 0.59458894 0.64212346 0.65049905 0.6403264 0.60729337 0.41953975 0.3437114 0.45657176 0.48621577 0.33032256 0.3185468 0.21133657 0.31190467 0.21365066 0.057541236 0.07710063 0.022166211 0.023835583 -0.16201338 -0.1405758 -0.18031543 -0.37386096 -0.0327509 0.29454795 0.5186653 0.22978857 0.24833633 0.13028221 -0.059306324 -0.051948577 -0.13521336
-0.051798277 -32767.0 -0.079024516 -0.15405183 -0.167646 -0.17991634 -0.15940823 -0.15174547 0.047048755 0.033622492 -0.0040212907 -32767.0 -32767.0 -32767.0 -32767.0 -32767.0 -32767.0 -32767.0 -32767.0 -32767.0 -32767.0 -32767.0 0.020326884 -0.052765682 -0.29459575 -0.041258875 0.18051916 0.20356038 0.25363445 0.35579887 0.28233585 0.20139231 0.31377894 0.41618428 0.38264373 0.4878221 0.4332974 0.3841753 0.5475499 0.42525896 0.1670002 0.08069983 -0.04137338 -0.10533937 -0.19004059 -0.2692615 -0.39345583 -0.501081 -0.39852574 -0.1771212 0.094934165 0.23753625 0.3311876 0.23707797 0.024261277 -0.2291505 -0.15399812 -0.019946802
-0.0053096665 0.050168738 0.047593303 0.027035916 0.046705674 0.0033015532 -0.049360443 0.011573519 -0.09840272 0.03140741 -0.059709433 -32767.0 -32767.0 -32767.0 -32767.0 -32767.0 -32767.0 -32767.0 -32767.0 -32767.0 -32767.0 -32767.0 -32767.0 0.10725945 -0.26580414 -0.11493327 -0.109816186 -0.21222666 0.04874549 0.1339568 0.0669775 0.12995712 0.04566 0.15040442 0.0023720684 0.015586815 0.12172988 0.26798365 0.19063956 0.0103505915 -0.030153131 0.06288163 -0.27814943 -0.31459063 -0.39240178 -0.5798588 -0.4941155 -0.59391916 -0.46994594 -0.3634431 -0.022653196 0.07245111 0.1975499 0.24048334 0.050272502 -0.22639842 -0.10561797 0.021963857
0.034575917 0.12204743 0.09682928 0.10040015 0.06955673 0.064378716 0.10237822 0.07843056 0.03106415 0.017245322 -0.027059708 -32767.0 -32767.0 -32767.0 -32767.0 -32767.0 -32767.0 -32767.0 -32767.0 -32767.0 -32767.0 -32767.0 -32767.0 -32767.0 -0.08499829 0.015970219 -0.23855399 -0.37407678 -0.36992756 -0.0288424 -0.121066704 -0.0647774 -0.066847846 -0.13701925 -0.28866404 -0.04175324 0.13234666 -0.14153042 -0.16346213 -0.29116645 -0.16953288 -0.1136162 -0.21624655 -0.46710432 -0.7134004 -0.608998 -0.35834563 -0.3956546 -0.24805288 -0.051081482 0.12155315 0.07420178 -0.01691891 0.17693438 0.07003121 -0.04738202 0.11308213 0.019767396
0.0870773 0.20020977 0.24018797 0.18282269 0.10664453 0.11258844 0.17948122 0.1708707 0.1734358 0.0031452386 -32767.0 -32767.0 -32767.0 -32767.0 -32767.0 -32767.0 -32767.0 -32767.0 -32767.0 -32767.0 -32767.0 -32767.0 -32767.0 -32767.0 -32767.0 -0.0112247765 0.0969815 -0.17120133 -0.20411775 -0.14355217 -0.25504723 -0.04191033 -0.123872235 -0.25620693 -0.26905477 0.044896267 -0.2382283 -0.3392027 -0.39011848 -0.30167738 -0.27732858 -0.1483374 -0.08985902 -0.34525764 -0.089206636 0.20906557 0.22851092 0.34793818 0.2848859 0.40815082 0.21546537 0.12381302 -0.11243178 0.06834316 0.17053053 0.32975322 0.42455834 0.32429612
0.0738819 0.16876543 0.14038198 0.16829576 0.21093965 0.25261724 0.24490845 0.17066468 -0.056674637 -32767.0 0.025441121 -32767.0 -32767.0 -32767.0 -32767.0 -32767.0 -32767.0 -32767.0 -32767.0 -32767.0 -32767.0 -32767.0 -32767.0 -32767.0 -32767.0 0.047050092 0.061828192 0.074476615 0.030196939 0.009668879 -0.09543563 -0.26807147 -0.20491359 -0.36108077 -0.18237318 -0.1488351 -0.43249542 -0.47561052 -0.34385812 -0.28851226 -0.29890016 -0.2650409 -0.104845256 -0.12800762 0.16926254 0.5228416 0.3290638 0.31916204 0.30380312 0.33099 0.15858538 0.16079645 0.08591266 0.11916792 0.29103285 0.32379207 0.3223198 0.24388757
-0.0453084 -0.008030813 0.045925196 0.06602795 0.09155566 0.17137648 0.19485155 0.18228361 0.18800497 -0.14073883 -0.083215125 0.04452845 0.15241967 0.14363274 0.11169842 0.1832528 -32767.0 -32767.0 -32767.0 -32767.0 -32767.0 -32767.0 -32767.0 -32767.0 -32767.0 -32767.0 0.12652545 0.032567 -0.098683245 -0.03278364 -0.0200833 -0.2479181 -0.48311296 -0.43083712 -0.32584387 -0.41593122 -0.458551 -0.4965508 -0.38570774 -0.23233867 -0.24338463 -0.16679037 0.051506717 0.25290272 0.3448349 0.037171826 0.13873707 0.25863153 0.15195543 0.12666908 0.09463106 0.17233296 0.15649849 0.21260197 0.2685125 0.22908165 0.10383285 0.25381482
0.013572564 0.0074598426 0.042330183 0.13588269 0.096622966 0.14173423 0.18135738 0.13493064 0.0685003 0.15323354 0.15398178 -0.06443321 -0.097617805 -0.05845249 -0.03437675 0.10245834 -32767.0 -32767.0 -32767.0 -32767.0 -32767.0 -32767.0 -32767.0 -32767.0 -32767.0 -32767.0 -32767.0 -0.11647479 -0.14377914 -0.124861635 0.0715072 -0.038612187 -0.044360016 -0.25049734 -0.5235782 -0.34529027 -0.34146607 -0.58711797 -0.4693216 -0.43164936 -0.4595712 -0.46678898 -0.16371004 0.088754065 0.3085244 0.15747866 0.10588094 0.16729996 0.088121764 0.102917254 0.10617633 0.21779235 0.13291387 0.09780858 0.073376626 0.047128588 -0.025544375 -0.05253511
-32767.0 0.12794782 0.18996444 0.1837921 0.16893107 0.15542918 0.0622785 0.060288716 0.06573367 0.110358074 0.12150072 0.04591057 -0.05669466 -0.025922475 -0.024103295 0.06405416 0.19065957 0.16738649 -32767.0 -32767.0 -32767.0 -32767.0 -32767.0 -32767.0 -32767.0 -32767.0 -32767.0 -32767.0 -0.10063966 0.0011053765 0.03400183 0.2229557 0.09938978 0.099680096 -0.23456931 -0.23724914 -0.31323573 -0.43570974 -0.49873602 -0.49548087 -0.4437571 -0.19876368 -0.13842657 0.2525349 0.4286355 0.1594085 0.079099916 0.19739194 0.14721344 0.16623262 0.1627072 0.16428484 0.16703355 0.15827635 0.14129582 0.18030594 0.15735102 -32767.0
-32767.0 0.058540072 0.115613945 0.13275605 0.093604505 0.13137741 0.0946243 0.056776106 -0.005202596 -0.030673599 0.028614348 0.10644479 0.013949194 -0.16399977 0.024554323 -0.14313114 -32767.0 0.020648425 -32767.0 -32767.0 -32767.0 -32767.0 -32767.0 -32767.0 -32767.0 -32767.0 -32767.0 -32767.0 -0.0053014136 0.0576104 0.10106258 0.20439155 0.19604473 0.022311538 0.18097295 0.12738939 0.060836717 -0.0054911836 -0.14263484 -0.1443593 -0.1419366 -0.09089955 -0.023167213 0.24437054 0.3878591 0.26121604 0.18780614 0.2764874 0.26973715 0.27781388 0.23194255 0.16053142 0.09134019 0.034925677 0.0028509577 -0.089803725 -0.10029043 -32767.0
0.23662952 0.13387372 0.114546515 0.11696082 0.09651426 0.02081874 0.014277171 -0.0028687296 -0.062800124 -0.13699022 0.0678913 0.15577346 0.009815826 -0.13779631 -0.020790825 -32767.0 -32767.0 -32767.0 -32767.0 -32767.0 -32767.0 -32767.0 -32767.0 -32767.0 -32767.0 -32767.0 -32767.0 -32767.0 0.0076606474 -0.0018379223 0.0024908716 0.0684943 0.07502804 -0.107367 -0.016662013 0.11236163 0.21941587 0.306122 0.32395583 0.33523282 0.27140775 0.2621107 0.06234466 0.06999955 0.20337686 0.13536201 0.1580293 0.36578423 0.236976 0.29570663 0.22326778 0.20863935 0.10831104 0.06492282 -0.010836394 0.15115742 0.027930312 -0.059692718
0.0792311 0.046362035 0.12885873 0.11723916 0.033208795 0.05560126 -0.0021854504 -0.010169011 0.020731373 -0.1295638 -0.15841705 -0.12850513 -0.08625928 -0.025497954 0.06433005 0.12712854 -32767.0 -32767.0 -32767.0 -32767.0 -32767.0 -32767.0 -32767.0 -32767.0 -32767.0 -32767.0 -32767.0 -32767.0 -0.14606494 -0.15247908 -0.079556346 -0.20802522 -0.101652645 0.13905251 0.26639783 0.25722757 0.1747815 0.09728284 0.09338634 0.058765557 0.15281072 0.08934536 -0.08609009 0.090600744 0.17054325 0.28047678 0.09963767 0.04908276 0.11024098 0.19595529 0.27631396 0.22877267 0.15365444 0.030897014 0.067607425 0.025165621 -0.083087325 -32767.0
0.16124445 0.14050199 0.044608943 0.036824625 0.11634278 0.10417336 0.051982373 -0.015318159 -0.055708162 -0.1608366 -0.19414788 -0.19176319 -0.06983139 0.20448029 0.08828144 0.23397852 0.16126242 -32767.0 -32767.0 -32767.0 -32767.0 -32767.0 -32767.0 -32767.0 -32767.0 -32767.0 -32767.0 -32767.0 0.055927224 0.12783876 -0.06742292 0.062089607 -0.11042316 0.00792903 0.10389349 0.11528737 0.11606756 0.03735004 0.27964053 0.35747835 0.06922403 -0.14811386 0.15781026 -32767.0 -0.03527377 -0.021007326 -0.060680155 -0.30191457 -0.23696633 -0.026345598 0.059590664 0.059434082 0.012057569 0.00549981 0.08143531 -32767.0 -32767.0 -32767.0
0.10993564 0.19808932 0.12053881 0.048825208 0.1476839 0.066145495 -0.0058562676 0.01906198 -0.0017918372 -0.083338395 -0.15553412 -0.24113399 -0.15217909 -0.049138516 0.1607686 0.22031793 0.1635024 -32767.0 -32767.0 -32767.0 -32767.0 -32767.0 -32767.0 -32767.0 -32767.0 -32767.0 -32767.0 -32767.0 -32767.0 0.14651224 -0.13767584 -0.04025018 0.005038155 -0.03322724 0.023831617 0.07348598 0.11815198 0.076758355 0.24277495 0.3887405 0.393662 0.028202329 0.24777566 -0.15409368 -0.068484746 0.11423268 0.08006422 0.011999353 -0.09484591 0.0015727531 0.16085902 0.1793741 0.33342755 0.21279329 0.03889505 -32767.0 -32767.0 -32767.0
0.12210247 0.12454536 0.16304992 0.16682357 0.06129297 0.0064075263 -0.00729268 0.039794974 0.06516809 -0.044499174 -0.119358435 -0.13094372 -0.18720116 -0.25294617 0.14893383 0.15019113 0.07027738 0.06511641 -32767.0 -32767.0 -32767.0 -32767.0 -32767.0 -32767.0 -32767.0 -32767.0 -32767.0 -32767.0 0.09597462 0.047070082 -0.1357051 0.023523912 -0.060580984 -0.040751833 0.103833035 0.03734592 -0.010392966 -0.036124397 0.05190686 0.17071167 0.31087193 0.31983522 0.3162043 0.40013903 0.4435758 0.35291475 0.44521314 0.4012376 0.4408918 0.358344 0.30405885 -32767.0 -0.02966816 0.01126207 -0.00662046 -32767.0 -32767.0 -32767.0
0.11176183 0.17724782 0.13321002 0.09413993 -0.018059988 -0.13845806 -0.14596818 -0.08745543 -0.11920665 -0.15661633 -0.1987864 -0.11005378 -0.18856904 0.033899713 0.29226843 0.1525937 0.12486773 -32767.0 -32767.0 -32767.0 -32767.0 -32767.0 -32767.0 -32767.0 -32767.0 -32767.0 -32767.0 -32767.0 0.21361433 0.1487722 0.19942473 -0.035763744 0.046546876 0.040824767 0.061562754 0.14320892 0.16926508 0.23212261 0.14682207 0.18837804 0.29213434 0.25456348 -32767.0 -32767.0 -0.01423767 0.025019241 -32767.0 -32767.0 -32767.0 -32767.0 -32767.0 -32767.0 -32767.0 -32767.0 -32767.0 -32767.0 -32767.0 -32767.0
0.09470481 0.1332301 0.10054011 0.04260333 -0.14652662 -0.2627496 -0.33570492 -0.29485697 -0.17676504 -0.17891592 -0.1855757 -0.14532885 -0.19175734 0.11007286 0.12347384 0.14639348 -32767.0 -32767.0 -32767.0 -32767.0 -32767.0 -32767.0 -32767.0 -32767.0 -32767.0 -32767.0 -32767.0 0.34852484 0.32034647 0.37927645 0.2294942 0.20982978 0.06139499 0.15994456 0.27476496 0.37019098 0.3839283 0.2772366 0.26247942 0.25748855 0.18836252 -32767.0 -32767.0 -32767.0 -32767.0 -32767.0 -32767.0 -32767.0 -32767.0 -32767.0 -32767.0 -32767.0 -32767.0 -32767.0 -32767.0 -32767.0 -32767.0 -32767.0
0.039888777 0.04405762 0.08645125 0.08915356 0.032985937 -0.02990738 -0.12975216 -0.18317185 -0.07272361 0.071627386 -0.124998204 -0.17388599 -0.21613087 0.09563969 0.05433636 0.031573787 -32767.0 -32767.0 -32767.0 -32767.0 -32767.0 -32767.0 -32767.0 -32767.0 0.13420382 -0.0063041067 0.1574598 0.26193732 0.15354602 0.036565583 -0.07982324 -0.0079018865 -0.008337705 0.1875299 0.26339403 0.3560697 0.41219613 0.37541828 0.20065318 -32767.0 -32767.0 -32767.0 -32767.0 -32767.0 -32767.0 -32767.0 -32767.0 -32767.0 -32767.0 -32767.0 -32767.0 -32767.0 -32767.0 -32767.0 -32767.0 -32767.0 -32767.0 0.035734918
0.062539704 0.14212112 0.17424381 0.15174788 0.095105685 0.028040225 -0.08147029 -0.120508045 -0.030243753 -0.049028426 -0.23376061 -0.23649473 -0.017394604 -0.014358044 0.04764985 0.002229494 -32767.0 -32767.0 -32767.0 -32767.0 -0.066125825 0.12551227 0.116230614 0.25017595 0.0731749 0.18722299 0.0163722 0.08976659 -0.086756766 -0.28890106 -0.29298222 -0.14280693 0.16762774 0.21650732 0.14889196 0.18134004 0.26021412 0.20326485 -32767.0 -32767.0 -32767.0 -32767.0 -32767.0 -32767.0 -32767.0 -32767.0 -32767.0 -32767.0 0.05956386 0.026211215 -32767.0 -32767.0 -32767.0 -32767.0 -32767.0 -32767.0 -32767.0 0.009802863
0.16250001 0.1733564 0.20980835 0.15482822 0.15808834 0.121800296 0.008107377 -0.05170727 -0.00505554 -0.04543056 -0.1299502 -0.29386988 -0.099904545 0.10267886 -0.12304111 -32767.0 -0.12186917 -32767.0 -0.054739688 -32767.0 -0.07933743 -32767.0 0.018593524 -0.0628907 -0.14219773 -0.1310566 -0.117058136 0.0086591905 -0.012178217 0.20107362 0.25639352 0.2612766 0.24735704 0.25436476 0.1460823 0.12413592 -32767.0 -32767.0 -32767.0 -32767.0 -32767.0 -32767.0 -32767.0 -32767.0 0.087132186 0.055241007 -0.007878128 0.024324127 -0.0595619 -0.00926677 0.03073091 0.069401085 -32767.0 -32767.0 -32767.0 -32767.0 -32767.0 -0.037694085
0.12161977 0.10358971 0.027982254 0.12954634 0.17783552 0.05610616 -0.010311057 -0.097233206 -0.112455145 -0.09562914 -0.08664878 -0.1634419 -0.250521 0.0042239926 0.16680151 0.17716056 0.02168004 0.102111876 0.16197565 0.21039274 0.23963554 0.1522593 0.06915778 0.09160298 0.09303098 0.03104254 -0.16423838 -32767.0 -0.0047209905 0.23223336 0.41572317 0.31305987 0.19465238 0.05830519 -32767.0 -32767.0 -32767.0 -32767.0 -32767.0 0.07559672 0.10271029 0.11449992 0.08696168 -0.0021910442 0.14447314 0.15785967 -32767.0 -32767.0 -0.041156534 -0.09986006 0.02986976 -32767.0 -32767.0 -32767.0 -32767.0 -32767.0 0.38374874 0.9200021
-0.0024932076 0.054244485 0.15189835 0.023553124 -0.028052248 -0.03112407 -0.074794434 -0.17570303 -0.21548036 -0.21037306 -0.10917782 0.03874141 -0.054525778 -0.056902803 0.013133752 0.057623345 0.13120767 0.27616054 0.4385075 0.3421815 0.19158952 0.15504901 0.15222661 0.13173826 0.22068548 0.026769616 -0.022731628 0.069768056 0.18336251 0.2999771 0.10943584 -0.0681618 0.04649297 0.0063899243 -0.014354469 -32767.0 0.02776108 -0.037644047 -32767.0 0.19113874 0.18814963 0.12727076 -32767.0 -0.12387725 -0.10452114 -32767.0 -32767.0 -32767.0 -32767.0 0.006599689 -0.14858566 -32767.0 -32767.0 -32767.0 -32767.0 0.28026986 0.28692842 0.4628717
-0.18795854 -0.29364538 -0.061863635 -0.08443622 -0.115231305 -0.08894465 -0.09420713 -0.13202693 -0.19613796 -0.25014544 -0.20473646 -0.09060972 -0.04271127 -0.018533122 0.07123587 0.14009099 0.1137596 -0.06493947 -0.09658356 -0.07002364 0.07073615 0.059746373 0.1562908 0.2121601 0.29721668 0.2989172 0.22406112 0.17767517 0.06941302 -32767.0 -0.096508235 0.07425955 -32767.0 -32767.0 0.0023282699 -0.015257467 0.03581197 0.32812676 0.07799308 0.1954603 0.108533025 -32767.0 -32767.0 -32767.0 -32767.0 -32767.0 -32767.0 -32767.0 -32767.0 -0.010221506 0.067431465 0.1542381 -32767.0 -32767.0 0.12982456 0.13900281 0.16925709 0.21599837
