static/data/salinity/2023/7/25/0.asc
ncols 137
nrows 93
xllcorner 108.0
yllcorner 17.0
cellsize 0.25
NODATA_value -32767
[rows 56 to 83 of 93, columns 0 to 60 of 137]
-32767.0 -32767.0 -32767.0 -32767.0 -32767.0 -32767.0 -32767.0 -32767.0 -32767.0 -32767.0 -32767.0 -32767.0 -32767.0 -32767.0 -32767.0 -32767.0 -32767.0 -32767.0 -32767.0 -32767.0 -32767.0 -32767.0 -32767.0 -32767.0 -32767.0 -32767.0 -32767.0 -32767.0 -32767.0 -32767.0 -32767.0 -32767.0 -32767.0 -32767.0 -32767.0 -32767.0 -32767.0 -32767.0 -32767.0 -32767.0 -32767.0 -32767.0 -32767.0 -32767.0 -32767.0 -32767.0 -32767.0 33.303005 34.02968 33.94156 33.76852 32.526814 32.661324 32.6034 32.632885 32.629253 32.553913 33.1368 33.54498 33.72411 33.9788
-32767.0 -32767.0 -32767.0 -32767.0 -32767.0 -32767.0 -32767.0 -32767.0 -32767.0 -32767.0 -32767.0 -32767.0 -32767.0 -32767.0 -32767.0 -32767.0 -32767.0 -32767.0 -32767.0 -32767.0 -32767.0 -32767.0 -32767.0 -32767.0 -32767.0 -32767.0 -32767.0 -32767.0 -32767.0 -32767.0 -32767.0 -32767.0 -32767.0 -32767.0 -32767.0 -32767.0 -32767.0 -32767.0 -32767.0 -32767.0 -32767.0 -32767.0 -32767.0 -32767.0 -32767.0 -32767.0 -32767.0 33.71157 34.05142 33.81886 33.635406 32.735233 32.62511 32.678482 32.632103 32.81727 33.20354 33.75137 33.069614 34.037567 34.25291
-32767.0 -32767.0 -32767.0 -32767.0 -32767.0 -32767.0 -32767.0 -32767.0 -32767.0 -32767.0 -32767.0 -32767.0 -32767.0 -32767.0 -32767.0 -32767.0 -32767.0 -32767.0 -32767.0 -32767.0 -32767.0 -32767.0 -32767.0 -32767.0 -32767.0 -32767.0 -32767.0 -32767.0 -32767.0 -32767.0 -32767.0 -32767.0 -32767.0 -32767.0 -32767.0 -32767.0 -32767.0 -32767.0 -32767.0 -32767.0 -32767.0 -32767.0 -32767.0 -32767.0 -32767.0 31.618065 -32767.0 33.557808 33.81471 33.65336 33.229572 32.5995 32.568363 32.672836 33.06443 32.95953 32.8574 32.83751 33.71255 34.280952 34.381565
-32767.0 -32767.0 -32767.0 -32767.0 -32767.0 -32767.0 -32767.0 -32767.0 -32767.0 -32767.0 -32767.0 -32767.0 -32767.0 -32767.0 -32767.0 -32767.0 -32767.0 -32767.0 -32767.0 -32767.0 -32767.0 -32767.0 -32767.0 -32767.0 -32767.0 -32767.0 -32767.0 -32767.0 -32767.0 -32767.0 -32767.0 -32767.0 -32767.0 -32767.0 -32767.0 -32767.0 -32767.0 -32767.0 -32767.0 -32767.0 -32767.0 -32767.0 -32767.0 -32767.0 -32767.0 -32767.0 33.648926 33.972317 33.653175 33.20217 33.27411 32.830482 32.54426 32.668575 32.704563 32.68791 32.737316 32.927414 34.14591 34.385715 34.368412
-32767.0 -32767.0 -32767.0 -32767.0 -32767.0 -32767.0 -32767.0 -32767.0 -32767.0 -32767.0 -32767.0 -32767.0 -32767.0 -32767.0 -32767.0 -32767.0 -32767.0 -32767.0 -32767.0 -32767.0 -32767.0 -32767.0 -32767.0 -32767.0 -32767.0 -32767.0 -32767.0 -32767.0 -32767.0 -32767.0 -32767.0 -32767.0 -32767.0 -32767.0 -32767.0 -32767.0 -32767.0 -32767.0 -32767.0 -32767.0 -32767.0 -32767.0 -32767.0 -32767.0 33.27087 33.83985 33.89153 33.58263 33.353134 32.539963 32.744366 32.796753 -32767.0 -32767.0 -32767.0 -32767.0 32.75959 33.89731 34.25248 34.36978 34.36102
-32767.0 -32767.0 -32767.0 -32767.0 -32767.0 -32767.0 -32767.0 -32767.0 -32767.0 -32767.0 -32767.0 -32767.0 -32767.0 -32767.0 -32767.0 -32767.0 -32767.0 -32767.0 -32767.0 -32767.0 -32767.0 -32767.0 -32767.0 -32767.0 -32767.0 -32767.0 -32767.0 -32767.0 -32767.0 -32767.0 -32767.0 -32767.0 -32767.0 -32767.0 -32767.0 -32767.0 -32767.0 -32767.0 -32767.0 -32767.0 -32767.0 -32767.0 -32767.0 33.67844 33.849037 33.674793 33.37025 32.538536 32.835186 32.674725 32.749687 32.730747 -32767.0 -32767.0 -32767.0 -32767.0 32.973953 34.257523 34.336395 34.360214 34.297855
-32767.0 -32767.0 -32767.0 -32767.0 -32767.0 -32767.0 -32767.0 -32767.0 -32767.0 -32767.0 -32767.0 -32767.0 -32767.0 -32767.0 -32767.0 -32767.0 -32767.0 -32767.0 -32767.0 -32767.0 -32767.0 -32767.0 -32767.0 -32767.0 -32767.0 -32767.0 -32767.0 -32767.0 -32767.0 -32767.0 -32767.0 -32767.0 -32767.0 -32767.0 -32767.0 -32767.0 -32767.0 -32767.0 -32767.0 -32767.0 -32767.0 33.445213 33.111015 33.548256 33.50256 33.25571 32.75619 32.453438 32.544167 32.614624 32.837044 -32767.0 -32767.0 -32767.0 -32767.0 -32767.0 34.181095 34.314114 34.337536 34.310658 34.214962
-32767.0 -32767.0 -32767.0 -32767.0 -32767.0 -32767.0 -32767.0 -32767.0 -32767.0 -32767.0 -32767.0 -32767.0 -32767.0 -32767.0 -32767.0 -32767.0 -32767.0 -32767.0 -32767.0 -32767.0 -32767.0 -32767.0 -32767.0 -32767.0 -32767.0 -32767.0 -32767.0 -32767.0 -32767.0 -32767.0 -32767.0 -32767.0 -32767.0 -32767.0 -32767.0 -32767.0 -32767.0 -32767.0 -32767.0 -32767.0 -32767.0 33.586617 33.46392 33.472763 32.670883 32.51416 32.729744 32.664562 32.81861 32.989334 32.661064 -32767.0 -32767.0 -32767.0 -32767.0 34.070847 34.404808 34.34749 34.304817 34.282845 34.375854
-32767.0 -32767.0 -32767.0 -32767.0 -32767.0 -32767.0 -32767.0 -32767.0 -32767.0 -32767.0 -32767.0 -32767.0 -32767.0 -32767.0 -32767.0 -32767.0 -32767.0 -32767.0 -32767.0 -32767.0 -32767.0 -32767.0 -32767.0 -32767.0 -32767.0 -32767.0 -32767.0 -32767.0 -32767.0 -32767.0 -32767.0 -32767.0 -32767.0 -32767.0 -32767.0 -32767.0 -32767.0 -32767.0 -32767.0 33.261528 33.340065 33.42724 33.422855 32.79897 31.927599 32.17167 32.577633 32.76528 32.41726 32.441757 -32767.0 -32767.0 -32767.0 -32767.0 -32767.0 34.269985 34.280754 34.317486 34.27805 34.401768 34.30641
-32767.0 -32767.0 -32767.0 -32767.0 -32767.0 -32767.0 -32767.0 -32767.0 -32767.0 -32767.0 -32767.0 -32767.0 -32767.0 -32767.0 -32767.0 -32767.0 -32767.0 -32767.0 -32767.0 -32767.0 -32767.0 -32767.0 -32767.0 -32767.0 -32767.0 -32767.0 -32767.0 -32767.0 -32767.0 -32767.0 -32767.0 -32767.0 -32767.0 -32767.0 -32767.0 -32767.0 -32767.0 -32767.0 33.06599 33.341087 33.469482 33.45138 33.229225 31.608847 31.848522 32.119106 32.653095 32.52171 32.01394 32.317535 -32767.0 -32767.0 -32767.0 -32767.0 -32767.0 34.31751 34.346172 34.313168 34.316006 34.386253 34.365005
-32767.0 -32767.0 -32767.0 -32767.0 -32767.0 -32767.0 -32767.0 -32767.0 -32767.0 -32767.0 -32767.0 -32767.0 -32767.0 -32767.0 -32767.0 -32767.0 -32767.0 -32767.0 -32767.0 -32767.0 -32767.0 -32767.0 -32767.0 -32767.0 -32767.0 -32767.0 -32767.0 -32767.0 -32767.0 -32767.0 -32767.0 -32767.0 -32767.0 -32767.0 -32767.0 -32767.0 32.69439 33.190754 33.31519 33.504833 33.308773 32.933006 32.68648 32.447388 32.060806 32.766045 -32767.0 32.791157 32.54096 -32767.0 -32767.0 -32767.0 -32767.0 -32767.0 33.92408 34.368828 34.329258 34.310215 34.437557 34.427437 34.343987
-32767.0 -32767.0 -32767.0 -32767.0 -32767.0 -32767.0 -32767.0 -32767.0 -32767.0 -32767.0 -32767.0 -32767.0 -32767.0 -32767.0 -32767.0 -32767.0 -32767.0 -32767.0 -32767.0 -32767.0 -32767.0 -32767.0 -32767.0 -32767.0 -32767.0 -32767.0 -32767.0 -32767.0 -32767.0 -32767.0 -32767.0 -32767.0 -32767.0 -32767.0 -32767.0 33.228218 33.811558 32.124424 31.803259 32.175983 33.315147 33.659412 33.56562 32.29061 31.676107 33.506863 -32767.0 33.399586 32.174507 -32767.0 -32767.0 -32767.0 -32767.0 -32767.0 34.003197 34.34868 34.326767 34.31798 34.385155 34.378063 34.31452
-32767.0 -32767.0 -32767.0 -32767.0 -32767.0 -32767.0 -32767.0 -32767.0 -32767.0 -32767.0 -32767.0 -32767.0 -32767.0 -32767.0 -32767.0 -32767.0 -32767.0 -32767.0 -32767.0 -32767.0 -32767.0 -32767.0 -32767.0 -32767.0 -32767.0 -32767.0 -32767.0 -32767.0 -32767.0 -32767.0 -32767.0 -32767.0 -32767.0 -32767.0 -32767.0 31.925743 31.399273 32.744 33.625156 33.770145 33.827545 33.7078 33.119503 32.327896 33.831463 33.418472 33.410652 33.643833 32.12047 -32767.0 -32767.0 -32767.0 -32767.0 -32767.0 34.26134 34.287518 34.35384 34.30497 34.321697 34.351246 34.323463
-32767.0 -32767.0 -32767.0 -32767.0 -32767.0 -32767.0 -32767.0 -32767.0 -32767.0 -32767.0 -32767.0 -32767.0 -32767.0 -32767.0 -32767.0 -32767.0 -32767.0 -32767.0 -32767.0 -32767.0 -32767.0 -32767.0 -32767.0 -32767.0 -32767.0 -32767.0 -32767.0 25.192791 -32767.0 28.254927 -32767.0 29.784184 29.50693 30.626457 30.879545 31.470488 32.417713 33.419346 33.844303 33.863667 33.81541 33.517574 33.316208 33.03335 33.447346 33.426327 33.490135 33.917713 31.330564 -32767.0 -32767.0 -32767.0 -32767.0 34.061295 34.332737 34.27999 34.402744 34.359135 34.343697 34.329773 34.346424
-32767.0 -32767.0 -32767.0 -32767.0 -32767.0 -32767.0 -32767.0 -32767.0 -32767.0 -32767.0 -32767.0 -32767.0 -32767.0 -32767.0 -32767.0 -32767.0 -32767.0 -32767.0 -32767.0 -32767.0 -32767.0 -32767.0 -32767.0 10.12332 -32767.0 -32767.0 29.372993 29.523613 28.876661 29.30387 29.790474 30.333445 30.873789 30.897045 32.204426 33.219288 33.759605 33.88131 33.790073 33.812744 33.778534 33.732727 33.672573 33.60421 33.586582 33.62649 33.798103 34.02466 32.654404 31.207777 -32767.0 -32767.0 33.331398 34.140274 34.36469 34.428097 34.364227 34.344894 34.363876 34.321056 34.375576
-32767.0 -32767.0 -32767.0 -32767.0 -32767.0 -32767.0 -32767.0 -32767.0 -32767.0 -32767.0 -32767.0 -32767.0 -32767.0 -32767.0 -32767.0 -32767.0 -32767.0 -32767.0 -32767.0 -32767.0 -32767.0 -32767.0 -32767.0 18.894255 7.69304 24.662975 26.88186 27.613894 31.209314 33.493294 33.454872 33.72192 33.83374 33.811913 33.8262 33.82054 33.76661 33.72985 33.642883 33.6633 33.710842 33.71754 33.643505 33.78516 34.00923 34.047497 34.049713 34.087986 34.120533 33.725 30.999573 -32767.0 33.323833 34.24969 34.404957 34.436295 34.36049 34.394268 34.34663 34.335854 34.38826
-32767.0 -32767.0 -32767.0 -32767.0 -32767.0 -32767.0 -32767.0 -32767.0 -32767.0 -32767.0 -32767.0 -32767.0 -32767.0 -32767.0 -32767.0 -32767.0 -32767.0 -32767.0 -32767.0 -32767.0 13.627665 18.388477 17.887907 24.894999 29.453878 -32767.0 31.569042 33.50372 33.67657 33.74057 33.817463 33.854683 33.86819 33.85584 33.804405 33.71423 33.657574 33.62271 33.629322 33.70315 33.78776 33.972065 34.287037 34.21013 34.129948 34.16605 34.171936 34.165707 34.212032 34.214985 32.52779 -32767.0 33.475735 34.293854 34.418743 34.35949 34.377422 34.41738 34.401306 34.383904 34.398926
-32767.0 -32767.0 32.402115 -32767.0 -32767.0 -32767.0 -32767.0 -32767.0 -32767.0 -32767.0 -32767.0 -32767.0 -32767.0 -32767.0 -32767.0 -32767.0 29.268618 -32767.0 24.2296 23.367773 25.495245 29.40736 30.961584 30.676325 31.550495 33.60395 33.808548 33.843216 33.84027 33.82875 33.852077 33.875618 33.864388 33.888733 33.873238 33.830727 33.76843 33.752678 33.821804 34.16696 34.260525 34.28154 34.08819 34.196102 34.264194 34.281746 34.28416 34.2691 34.207253 34.250725 34.083584 33.94976 34.230427 34.345074 34.34976 34.319515 34.355972 34.40154 34.394077 34.513287 34.546898
-32767.0 31.84098 31.989315 31.811663 31.694365 -32767.0 31.874874 31.853048 -32767.0 -32767.0 -32767.0 -32767.0 -32767.0 32.696022 31.856369 30.897802 31.434637 29.31808 28.91297 28.326466 32.863934 33.17925 33.07402 33.667004 33.679333 33.786705 33.911594 33.890247 33.882153 33.88872 33.926853 33.944504 34.053787 34.080257 34.11476 34.13607 34.182446 34.130146 34.21336 34.233105 34.24446 34.063637 34.06669 34.195423 34.27304 34.282368 34.291843 34.235996 34.21145 34.28009 34.11838 34.242466 34.319122 34.332916 34.371384 34.35794 34.33834 34.36442 34.350452 34.5378 34.57264
32.302624 32.5635 32.75826 32.514038 32.257065 32.160538 32.02197 31.919483 -32767.0 -32767.0 -32767.0 33.00231 33.20137 33.26559 33.466496 33.810688 33.710686 33.861816 33.6802 33.599644 33.71297 33.68044 33.62706 33.601154 33.759727 33.94493 33.94062 33.91304 33.91052 34.003216 34.13616 34.20948 34.267544 34.285313 34.274387 34.251175 34.163788 34.232315 34.227142 34.20037 34.094864 34.10058 34.098747 34.015194 34.10489 34.216713 34.25831 34.23697 34.143963 34.09789 33.989693 34.14045 34.290123 34.327896 34.3359 34.348255 34.348152 34.33251 34.48738 34.59602 34.622467
32.542763 32.989105 32.983047 32.973206 32.786526 32.48991 32.13371 -32767.0 -32767.0 31.034084 -32767.0 33.217377 33.552666 33.76662 33.80088 33.802605 33.85535 33.749676 33.64711 33.61408 33.580635 33.546413 33.622196 33.656822 33.70902 33.97032 33.96133 33.94546 33.94392 34.117004 34.140182 34.256042 34.30404 34.31591 34.35546 34.346687 34.235897 34.204575 34.2185 34.148857 34.15964 34.178127 34.16564 34.08922 34.13438 34.12119 34.07704 34.092598 34.043015 34.00929 33.733883 33.69358 33.9719 34.35421 34.32904 34.340794 34.344616 34.50566 34.544548 34.606113 34.65543
32.971676 33.100986 33.047276 33.002605 32.95712 32.633896 32.32235 32.047894 -32767.0 -32767.0 32.50431 32.80722 33.269802 33.82536 33.843124 33.801796 33.70781 33.730114 33.68198 33.63494 33.613033 33.54955 33.540768 33.69838 33.754597 33.960297 33.984226 33.95936 33.999523 34.0851 34.164352 34.32136 34.38336 34.394352 34.39084 34.3548 34.289867 34.24461 34.21897 34.224796 34.250256 34.326843 34.29913 34.233055 34.09998 34.03976 34.11183 34.157654 34.08273 33.862907 33.634678 33.532684 33.5351 34.03209 34.433014 34.40661 34.44901 34.53141 34.54247 34.629456 34.661118
33.161385 33.041927 33.00408 32.95308 32.961235 32.736023 32.460274 32.1815 -32767.0 -32767.0 32.61756 32.59443 32.893337 33.953033 33.89949 33.853874 33.860798 33.864365 33.741745 33.722748 33.64295 33.48548 33.552486 33.744377 33.831726 33.934994 33.96266 33.968323 33.987343 34.030285 34.1256 34.370304 34.348717 34.361176 34.27745 34.241226 34.23145 34.272415 34.334137 34.360165 34.368355 34.316372 34.19388 33.983086 33.73973 33.883995 34.024204 34.066174 34.05661 33.914062 33.588253 33.460056 33.545437 34.11718 34.46736 34.4214 -32767.0 34.50357 34.45069 34.574963 34.671
33.19136 33.195267 33.264496 32.997738 32.938038 32.807877 32.659832 32.301315 32.39059 32.50002 32.545948 32.57539 32.58296 33.281517 33.943542 33.815704 33.743824 33.57952 33.448055 33.374714 33.438156 33.414547 33.59823 33.79223 33.90597 33.956825 33.922787 33.8803 33.922443 34.025635 34.24952 34.327095 34.294468 34.25275 34.241074 34.293262 34.30487 34.37311 34.373913 34.380554 34.36443 34.29304 34.13473 33.96065 33.66655 34.05898 34.148304 34.108208 34.073574 33.875393 33.50194 33.473 33.899326 34.372177 34.461502 34.47477 34.48491 34.475216 34.452366 34.596165 34.663425
33.350746 33.34532 33.343605 33.277435 32.92217 32.82687 32.722652 32.677505 32.558395 -32767.0 -32767.0 -32767.0 32.66008 33.508358 33.49412 33.48281 33.565434 33.581974 33.58354 33.519695 33.45725 33.52087 33.64013 33.87033 33.954983 33.886074 33.870728 33.950554 33.991608 34.12479 34.32615 34.295795 34.266644 34.271748 34.336777 34.35274 34.33467 34.254955 34.212147 34.20028 34.249664 34.32794 34.273457 34.106453 33.65174 33.91816 34.209427 34.10359 34.034725 33.525707 33.691895 33.747536 34.507965 34.379044 34.46289 34.335587 34.440155 34.451187 34.479618 34.66395 34.67652
33.19483 33.228508 33.23057 33.113365 32.83032 -32767.0 -32767.0 -32767.0 -32767.0 -32767.0 -32767.0 -32767.0 33.22461 33.489494 33.58688 33.63534 33.666077 33.745964 33.696484 33.64396 33.62991 33.663925 33.79505 33.932922 33.915142 33.834587 33.961403 34.031178 34.071022 34.148518 34.276604 34.301235 34.277836 34.306732 34.330276 34.27857 34.229557 34.205475 34.15031 34.092648 34.113705 34.187756 34.305634 34.198708 33.742855 33.60379 34.13645 34.085766 33.847733 33.49096 33.7548 34.230297 34.30054 34.379272 34.446274 34.342888 34.40728 34.43791 34.595127 34.65835 34.699245
33.21 33.30287 33.233505 32.871445 33.01647 -32767.0 -32767.0 -32767.0 -32767.0 -32767.0 -32767.0 -32767.0 33.430485 33.568714 33.66759 33.66712 33.67164 33.65256 33.643883 33.62902 33.64369 33.699642 33.888535 33.93754 33.877003 33.828426 33.87816 33.94375 33.978764 34.014267 34.08508 34.272503 34.242077 34.24178 34.261223 34.24094 34.189438 34.215145 34.201538 34.07935 34.05314 34.19303 34.299522 34.043304 33.786575 33.66778 33.54413 33.573456 33.468685 33.751453 33.57768 34.09199 33.94454 34.2537 34.476795 34.521866 34.54143 34.612694 34.63604 34.654457 34.67552
33.143963 33.099907 32.88213 -32767.0 -32767.0 -32767.0 -32767.0 -32767.0 -32767.0 -32767.0 -32767.0 33.45417 33.476196 33.662758 33.63498 33.654076 33.67693 33.695507 33.697464 33.633556 33.653454 33.777744 33.883865 33.893486 33.848366 33.8009 33.794495 33.795883 33.812668 33.848442 33.900753 33.930283 34.05979 34.247726 34.175606 34.144558 34.137127 34.230476 34.211895 34.110332 34.000313 34.20809 34.210968 33.960533 33.84988 33.792923 33.63745 33.534786 33.493294 33.920258 33.553062 33.76967 33.98938 34.062943 34.45971 34.45294 34.571846 34.622456 34.62598 34.662334 34.646095
