static/data/salinity/2023/7/25/18.asc
ncols 137
nrows 93
xllcorner 108.0
yllcorner 17.0
cellsize 0.25
NODATA_value -32767
[rows 54 to 80 of 93, columns 0 to 60 of 137]
-32767.0 -32767.0 -32767.0 -32767.0 -32767.0 -32767.0 -32767.0 -32767.0 -32767.0 -32767.0 -32767.0 -32767.0 -32767.0 -32767.0 -32767.0 -32767.0 -32767.0 -32767.0 -32767.0 -32767.0 -32767.0 -32767.0 -32767.0 -32767.0 -32767.0 -32767.0 -32767.0 -32767.0 -32767.0 -32767.0 -32767.0 -32767.0 -32767.0 -32767.0 -32767.0 -32767.0 -32767.0 -32767.0 -32767.0 -32767.0 -32767.0 -32767.0 -32767.0 -32767.0 -32767.0 -32767.0 -32767.0 -32767.0 34.20061 34.117252 33.85943 33.743114 33.161957 33.405552 33.23823 32.852726 32.696102 32.621532 32.89111 32.909847 33.161163
-32767.0 -32767.0 -32767.0 -32767.0 -32767.0 -32767.0 -32767.0 -32767.0 -32767.0 -32767.0 -32767.0 -32767.0 -32767.0 -32767.0 -32767.0 -32767.0 -32767.0 -32767.0 -32767.0 -32767.0 -32767.0 -32767.0 -32767.0 -32767.0 -32767.0 -32767.0 -32767.0 -32767.0 -32767.0 -32767.0 -32767.0 -32767.0 -32767.0 -32767.0 -32767.0 -32767.0 -32767.0 -32767.0 -32767.0 -32767.0 -32767.0 -32767.0 -32767.0 -32767.0 -32767.0 -32767.0 -32767.0 33.507843 -32767.0 34.021873 33.818226 32.818836 32.88684 32.672512 32.76794 32.66297 32.568577 32.626003 32.881233 33.10212 33.316494
-32767.0 -32767.0 -32767.0 -32767.0 -32767.0 -32767.0 -32767.0 -32767.0 -32767.0 -32767.0 -32767.0 -32767.0 -32767.0 -32767.0 -32767.0 -32767.0 -32767.0 -32767.0 -32767.0 -32767.0 -32767.0 -32767.0 -32767.0 -32767.0 -32767.0 -32767.0 -32767.0 -32767.0 -32767.0 -32767.0 -32767.0 -32767.0 -32767.0 -32767.0 -32767.0 -32767.0 -32767.0 -32767.0 -32767.0 -32767.0 -32767.0 -32767.0 -32767.0 -32767.0 -32767.0 -32767.0 -32767.0 33.36843 34.085033 33.911663 33.600792 33.00418 32.700596 32.619427 32.73901 32.58063 32.70546 33.12941 33.472027 33.80676 34.153515
-32767.0 -32767.0 -32767.0 -32767.0 -32767.0 -32767.0 -32767.0 -32767.0 -32767.0 -32767.0 -32767.0 -32767.0 -32767.0 -32767.0 -32767.0 -32767.0 -32767.0 -32767.0 -32767.0 -32767.0 -32767.0 -32767.0 -32767.0 -32767.0 -32767.0 -32767.0 -32767.0 -32767.0 -32767.0 -32767.0 -32767.0 -32767.0 -32767.0 -32767.0 -32767.0 -32767.0 -32767.0 -32767.0 -32767.0 -32767.0 -32767.0 -32767.0 -32767.0 -32767.0 -32767.0 -32767.0 -32767.0 33.955505 33.91097 33.770905 33.099644 32.8664 32.671944 32.72131 32.85427 33.021217 33.575 33.182076 34.16008 34.218914 34.341213
-32767.0 -32767.0 -32767.0 -32767.0 -32767.0 -32767.0 -32767.0 -32767.0 -32767.0 -32767.0 -32767.0 -32767.0 -32767.0 -32767.0 -32767.0 -32767.0 -32767.0 -32767.0 -32767.0 -32767.0 -32767.0 -32767.0 -32767.0 -32767.0 -32767.0 -32767.0 -32767.0 -32767.0 -32767.0 -32767.0 -32767.0 -32767.0 -32767.0 -32767.0 -32767.0 -32767.0 -32767.0 -32767.0 -32767.0 -32767.0 -32767.0 -32767.0 -32767.0 -32767.0 -32767.0 31.596474 -32767.0 33.605476 33.804447 33.58985 33.307228 32.972225 32.68202 33.027718 33.160847 32.955643 32.855663 33.194366 34.097363 34.315113 34.37163
-32767.0 -32767.0 -32767.0 -32767.0 -32767.0 -32767.0 -32767.0 -32767.0 -32767.0 -32767.0 -32767.0 -32767.0 -32767.0 -32767.0 -32767.0 -32767.0 -32767.0 -32767.0 -32767.0 -32767.0 -32767.0 -32767.0 -32767.0 -32767.0 -32767.0 -32767.0 -32767.0 -32767.0 -32767.0 -32767.0 -32767.0 -32767.0 -32767.0 -32767.0 -32767.0 -32767.0 -32767.0 -32767.0 -32767.0 -32767.0 -32767.0 -32767.0 -32767.0 -32767.0 -32767.0 -32767.0 33.734016 33.85148 33.726883 33.172283 33.268547 32.997837 32.643562 32.7127 32.750397 32.75651 32.770912 33.380367 34.203533 34.32829 34.363613
-32767.0 -32767.0 -32767.0 -32767.0 -32767.0 -32767.0 -32767.0 -32767.0 -32767.0 -32767.0 -32767.0 -32767.0 -32767.0 -32767.0 -32767.0 -32767.0 -32767.0 -32767.0 -32767.0 -32767.0 -32767.0 -32767.0 -32767.0 -32767.0 -32767.0 -32767.0 -32767.0 -32767.0 -32767.0 -32767.0 -32767.0 -32767.0 -32767.0 -32767.0 -32767.0 -32767.0 -32767.0 -32767.0 -32767.0 -32767.0 -32767.0 -32767.0 -32767.0 -32767.0 33.418957 33.920113 33.924282 33.363827 33.344917 32.900974 32.915802 32.980354 -32767.0 -32767.0 -32767.0 -32767.0 32.759148 33.973232 34.306038 34.32094 34.323235
-32767.0 -32767.0 -32767.0 -32767.0 -32767.0 -32767.0 -32767.0 -32767.0 -32767.0 -32767.0 -32767.0 -32767.0 -32767.0 -32767.0 -32767.0 -32767.0 -32767.0 -32767.0 -32767.0 -32767.0 -32767.0 -32767.0 -32767.0 -32767.0 -32767.0 -32767.0 -32767.0 -32767.0 -32767.0 -32767.0 -32767.0 -32767.0 -32767.0 -32767.0 -32767.0 -32767.0 -32767.0 -32767.0 -32767.0 -32767.0 -32767.0 -32767.0 -32767.0 33.67452 33.907578 33.74646 33.47399 32.78761 32.727043 32.822712 33.05054 32.79956 -32767.0 -32767.0 -32767.0 -32767.0 33.122986 34.20924 34.24543 34.269135 34.215355
-32767.0 -32767.0 -32767.0 -32767.0 -32767.0 -32767.0 -32767.0 -32767.0 -32767.0 -32767.0 -32767.0 -32767.0 -32767.0 -32767.0 -32767.0 -32767.0 -32767.0 -32767.0 -32767.0 -32767.0 -32767.0 -32767.0 -32767.0 -32767.0 -32767.0 -32767.0 -32767.0 -32767.0 -32767.0 -32767.0 -32767.0 -32767.0 -32767.0 -32767.0 -32767.0 -32767.0 -32767.0 -32767.0 -32767.0 -32767.0 -32767.0 33.396652 33.16033 33.73547 33.44411 32.79671 32.994255 32.638557 32.59284 32.64652 32.918964 -32767.0 -32767.0 -32767.0 -32767.0 -32767.0 33.942493 33.83674 34.167435 34.21839 34.279102
-32767.0 -32767.0 -32767.0 -32767.0 -32767.0 -32767.0 -32767.0 -32767.0 -32767.0 -32767.0 -32767.0 -32767.0 -32767.0 -32767.0 -32767.0 -32767.0 -32767.0 -32767.0 -32767.0 -32767.0 -32767.0 -32767.0 -32767.0 -32767.0 -32767.0 -32767.0 -32767.0 -32767.0 -32767.0 -32767.0 -32767.0 -32767.0 -32767.0 -32767.0 -32767.0 -32767.0 -32767.0 -32767.0 -32767.0 -32767.0 -32767.0 33.653057 33.585228 33.369865 32.446453 32.521862 32.94549 32.770473 32.921593 32.925964 32.676025 -32767.0 -32767.0 -32767.0 -32767.0 33.605145 34.358463 34.163223 34.196056 34.350662 34.304607
-32767.0 -32767.0 -32767.0 -32767.0 -32767.0 -32767.0 -32767.0 -32767.0 -32767.0 -32767.0 -32767.0 -32767.0 -32767.0 -32767.0 -32767.0 -32767.0 -32767.0 -32767.0 -32767.0 -32767.0 -32767.0 -32767.0 -32767.0 -32767.0 -32767.0 -32767.0 -32767.0 -32767.0 -32767.0 -32767.0 -32767.0 -32767.0 -32767.0 -32767.0 -32767.0 -32767.0 -32767.0 -32767.0 -32767.0 33.265602 33.467125 33.50272 33.49807 32.339226 32.081104 32.51072 32.737206 32.91698 32.51782 32.410446 -32767.0 -32767.0 -32767.0 -32767.0 -32767.0 34.23044 34.194298 34.123848 34.261738 34.349674 34.33653
-32767.0 -32767.0 -32767.0 -32767.0 -32767.0 -32767.0 -32767.0 -32767.0 -32767.0 -32767.0 -32767.0 -32767.0 -32767.0 -32767.0 -32767.0 -32767.0 -32767.0 -32767.0 -32767.0 -32767.0 -32767.0 -32767.0 -32767.0 -32767.0 -32767.0 -32767.0 -32767.0 -32767.0 -32767.0 -32767.0 -32767.0 -32767.0 -32767.0 -32767.0 -32767.0 -32767.0 -32767.0 -32767.0 33.082302 33.394478 33.537685 33.50143 33.196606 31.801268 32.073547 32.480118 32.754406 32.744488 32.02493 32.300816 -32767.0 -32767.0 -32767.0 -32767.0 -32767.0 34.292683 34.295128 34.161095 34.36104 34.378227 34.368
-32767.0 -32767.0 -32767.0 -32767.0 -32767.0 -32767.0 -32767.0 -32767.0 -32767.0 -32767.0 -32767.0 -32767.0 -32767.0 -32767.0 -32767.0 -32767.0 -32767.0 -32767.0 -32767.0 -32767.0 -32767.0 -32767.0 -32767.0 -32767.0 -32767.0 -32767.0 -32767.0 -32767.0 -32767.0 -32767.0 -32767.0 -32767.0 -32767.0 -32767.0 -32767.0 -32767.0 32.689144 33.324963 33.61853 33.618847 33.47772 33.043102 32.810287 32.546753 32.01603 33.00589 -32767.0 32.779995 32.750282 -32767.0 -32767.0 -32767.0 -32767.0 -32767.0 34.06075 34.320053 34.26739 34.228977 34.46308 34.365646 34.30094
-32767.0 -32767.0 -32767.0 -32767.0 -32767.0 -32767.0 -32767.0 -32767.0 -32767.0 -32767.0 -32767.0 -32767.0 -32767.0 -32767.0 -32767.0 -32767.0 -32767.0 -32767.0 -32767.0 -32767.0 -32767.0 -32767.0 -32767.0 -32767.0 -32767.0 -32767.0 -32767.0 -32767.0 -32767.0 -32767.0 -32767.0 -32767.0 -32767.0 -32767.0 -32767.0 33.297302 33.792618 32.542583 32.37645 33.1505 33.154205 33.55303 33.63399 32.838654 31.793308 33.490654 -32767.0 33.449024 32.457317 -32767.0 -32767.0 -32767.0 -32767.0 -32767.0 34.09301 34.29461 34.24608 34.27547 34.314503 34.3513 34.304558
-32767.0 -32767.0 -32767.0 -32767.0 -32767.0 -32767.0 -32767.0 -32767.0 -32767.0 -32767.0 -32767.0 -32767.0 -32767.0 -32767.0 -32767.0 -32767.0 -32767.0 -32767.0 -32767.0 -32767.0 -32767.0 -32767.0 -32767.0 -32767.0 -32767.0 -32767.0 -32767.0 -32767.0 -32767.0 -32767.0 -32767.0 -32767.0 -32767.0 -32767.0 -32767.0 31.933891 31.470325 33.007942 33.68626 33.683342 33.83743 33.74604 33.107597 32.373615 33.715946 33.479572 33.432323 33.701527 31.47664 -32767.0 -32767.0 -32767.0 -32767.0 -32767.0 34.31301 34.2439 34.31601 34.326447 34.301342 34.342617 34.324757
-32767.0 -32767.0 -32767.0 -32767.0 -32767.0 -32767.0 -32767.0 -32767.0 -32767.0 -32767.0 -32767.0 -32767.0 -32767.0 -32767.0 -32767.0 -32767.0 -32767.0 -32767.0 -32767.0 -32767.0 -32767.0 -32767.0 -32767.0 -32767.0 -32767.0 -32767.0 -32767.0 25.190405 -32767.0 28.481337 -32767.0 29.715546 30.177181 30.891035 30.902153 31.319931 32.12992 33.261253 33.788322 33.777645 33.877357 33.619488 33.279476 33.030273 33.495266 33.493065 33.526188 33.908638 31.321194 -32767.0 -32767.0 -32767.0 -32767.0 34.144806 34.322662 34.35289 34.331703 34.312897 34.37232 34.338154 34.348442
-32767.0 -32767.0 -32767.0 -32767.0 -32767.0 -32767.0 -32767.0 -32767.0 -32767.0 -32767.0 -32767.0 -32767.0 -32767.0 -32767.0 -32767.0 -32767.0 -32767.0 -32767.0 -32767.0 -32767.0 -32767.0 -32767.0 -32767.0 10.19382 -32767.0 -32767.0 29.338537 28.925255 28.908882 29.293026 28.892567 29.381159 29.512676 29.884861 30.534756 32.4625 33.64063 33.880943 33.858894 33.842995 33.802116 33.732502 33.699627 33.649097 33.621555 33.647182 33.761322 34.016933 32.04741 31.193214 -32767.0 -32767.0 33.657818 34.16616 34.410164 34.45056 34.291546 34.350433 34.342793 34.33148 34.381767
-32767.0 -32767.0 -32767.0 -32767.0 -32767.0 -32767.0 -32767.0 -32767.0 -32767.0 -32767.0 -32767.0 -32767.0 -32767.0 -32767.0 -32767.0 -32767.0 -32767.0 -32767.0 -32767.0 -32767.0 -32767.0 -32767.0 -32767.0 17.980097 8.099404 24.886402 27.023527 27.633625 28.534779 29.888039 32.537346 33.008667 33.57638 33.505074 33.79981 33.863144 33.816277 33.76371 33.69594 33.675053 33.671997 33.698395 33.697628 33.804996 33.987717 34.007664 33.978443 33.999603 34.074085 33.65129 31.153881 -32767.0 33.619644 34.26463 34.429718 34.390842 34.36232 34.38681 34.354202 34.357315 34.405613
-32767.0 -32767.0 -32767.0 -32767.0 -32767.0 -32767.0 -32767.0 -32767.0 -32767.0 -32767.0 -32767.0 -32767.0 -32767.0 -32767.0 -32767.0 -32767.0 -32767.0 -32767.0 -32767.0 -32767.0 13.843846 19.396944 19.065363 24.749414 28.517368 -32767.0 30.876602 32.112263 33.55179 33.678 33.808254 33.861458 33.873386 33.867256 33.86173 33.76924 33.671967 33.614697 33.596714 33.656143 33.754276 33.960674 34.28444 34.271015 34.17415 34.162235 34.15883 34.160095 34.197475 34.24018 32.457954 -32767.0 33.54766 34.31253 34.475994 34.348648 34.356712 34.42009 34.46444 34.527306 34.550484
-32767.0 -32767.0 32.398003 -32767.0 -32767.0 -32767.0 -32767.0 -32767.0 -32767.0 -32767.0 -32767.0 -32767.0 -32767.0 -32767.0 -32767.0 -32767.0 29.327053 -32767.0 24.725033 23.870382 21.543255 29.853043 30.354116 30.994795 30.00656 33.194664 33.714165 33.818336 33.846825 33.833176 33.85556 33.868664 33.864346 33.8767 33.870243 33.81555 33.762928 33.795624 33.801823 34.142162 34.25681 34.2955 34.112022 34.252098 34.27365 34.285343 34.273632 34.245155 34.180386 34.21182 34.15567 33.987698 34.300034 34.34691 34.354546 34.340122 34.32827 34.408146 34.35229 34.521954 34.595646
-32767.0 31.88052 31.985136 31.840784 31.710451 -32767.0 31.888876 31.868977 -32767.0 -32767.0 -32767.0 -32767.0 -32767.0 32.692055 31.889784 30.777956 31.300215 28.69572 28.736729 25.75422 29.6024 32.42273 31.97943 33.36037 33.650795 33.72404 33.872353 33.90373 33.887722 33.89028 33.94112 33.964043 33.995888 34.07603 34.086697 34.07586 34.124146 34.108322 34.213726 34.23495 34.25005 34.086533 34.133415 34.264595 34.2802 34.295612 34.298428 34.2578 34.19112 34.26656 34.115078 34.2546 34.31094 34.317932 34.34141 34.357166 34.337948 34.384247 34.41065 34.60427 34.63102
32.3474 32.406643 32.76627 32.4746 32.2217 32.1686 32.03295 31.92202 -32767.0 -32767.0 -32767.0 33.02372 33.187912 33.125637 33.343006 33.587074 33.74315 33.68315 33.553562 32.668232 33.552753 33.68763 33.65725 33.611305 33.662792 33.937897 33.952393 33.920746 33.918213 34.004955 34.15673 34.21656 34.26102 34.27726 34.270733 34.227093 34.16572 34.221825 34.237064 34.226147 34.1001 34.13729 34.03822 34.07492 34.18629 34.265648 34.26208 34.219055 34.150753 34.044483 33.94879 34.013664 34.263 34.36395 34.361713 34.3564 34.36614 34.4295 34.576775 34.634693 34.646023
32.535637 32.953873 33.003864 32.99217 32.78507 32.499493 32.15524 -32767.0 -32767.0 31.051748 -32767.0 33.199776 33.43454 33.766354 33.785465 33.80011 33.86501 33.789288 33.67005 33.62375 33.595978 33.561512 33.58011 33.69313 33.654694 33.978245 33.964676 33.95171 33.95061 34.104576 34.147434 34.276615 34.3094 34.307384 34.330414 34.30504 34.228992 34.21956 34.183037 34.21477 34.15574 34.189793 34.11745 34.102337 34.176582 34.089935 34.078934 34.052574 34.039406 33.810913 33.686474 33.55872 33.75257 34.39839 34.354153 34.404507 34.480434 34.529003 34.58206 34.665783 34.65213
32.951454 33.114258 33.081814 33.035404 32.983906 32.633675 32.31153 32.063477 -32767.0 -32767.0 32.522495 32.779877 33.218052 33.624153 33.84275 33.806824 33.70898 33.697693 33.676605 33.613068 33.59997 33.558636 33.533615 33.71788 33.752327 33.972164 33.986423 33.966248 34.000366 34.084465 34.171837 34.328976 34.38783 34.39145 34.386333 34.3623 34.281864 34.26525 34.205868 34.206924 34.27389 34.299595 34.24743 34.145615 33.967205 33.982914 34.09909 34.13349 34.041607 33.803493 33.60672 33.502075 33.628487 34.18676 34.44575 34.483643 34.528713 34.502254 34.48806 34.630856 34.62697
33.177826 33.05644 33.022255 32.98752 32.993214 32.738796 32.46115 32.183506 -32767.0 -32767.0 32.613426 32.586254 32.827778 33.89651 33.863155 33.858593 33.840122 33.88547 33.798748 33.751675 33.700104 33.484184 33.58359 33.75772 33.840317 33.947556 33.966293 33.9726 33.991264 34.03662 34.163074 34.381283 34.357567 34.384983 34.306644 34.263405 34.234795 34.29472 34.33973 34.359814 34.33744 34.25476 34.04792 33.789204 33.754517 34.0179 34.000458 34.065735 34.006912 33.75973 33.5535 33.52755 33.924553 34.43437 34.447563 34.510307 -32767.0 34.47875 34.514755 34.637157 34.63876
33.200333 33.199287 33.27282 33.036972 32.958782 32.814087 32.644318 32.274654 32.39017 32.50196 32.523247 32.56848 32.604805 32.827763 33.883633 33.872097 33.76163 33.613556 33.578487 33.483795 33.44086 33.442116 33.581974 33.797165 33.92743 33.96226 33.90714 33.893055 33.9412 34.063484 34.32875 34.297398 34.300644 34.267834 34.239277 34.266846 34.3446 34.39287 34.38849 34.371124 34.318443 34.184486 34.03949 33.720844 33.803047 34.249973 34.081722 34.05992 34.04355 33.527855 33.714413 34.332615 34.49402 34.489944 34.41703 34.473465 34.47816 34.507637 34.620487 34.62135 34.620605
33.35047 33.322205 33.364784 33.3239 32.946663 32.853 32.749763 32.69889 32.571064 -32767.0 -32767.0 -32767.0 32.631676 33.541534 33.582355 33.572754 33.570045 33.567844 33.642452 33.626873 33.43546 33.412773 33.63121 33.884914 33.96521 33.86545 33.91414 33.965466 34.017826 34.199783 34.351852 34.275806 34.25863 34.278637 34.34209 34.35257 34.332375 34.271717 34.2527 34.282066 34.337208 34.2825 34.231823 33.881542 33.676662 34.268456 34.140877 34.140743 33.81669 33.57598 34.138485 34.40355 34.494247 34.52135 34.412903 34.44483 34.48237 34.582603 34.59686 34.59645 34.59132
