static/data/salinity/2023/7/25/6.asc
ncols 137
nrows 93
xllcorner 108.0
yllcorner 17.0
cellsize 0.25
NODATA_value -32767
[rows 54 to 80 of 93, columns 0 to 60 of 137]
-32767.0 -32767.0 -32767.0 -32767.0 -32767.0 -32767.0 -32767.0 -32767.0 -32767.0 -32767.0 -32767.0 -32767.0 -32767.0 -32767.0 -32767.0 -32767.0 -32767.0 -32767.0 -32767.0 -32767.0 -32767.0 -32767.0 -32767.0 -32767.0 -32767.0 -32767.0 -32767.0 -32767.0 -32767.0 -32767.0 -32767.0 -32767.0 -32767.0 -32767.0 -32767.0 -32767.0 -32767.0 -32767.0 -32767.0 -32767.0 -32767.0 -32767.0 -32767.0 -32767.0 -32767.0 -32767.0 -32767.0 -32767.0 34.18649 34.135986 33.918205 33.80338 33.558464 33.52418 33.147316 32.703033 32.61835 32.59241 32.88163 32.908195 33.18403
-32767.0 -32767.0 -32767.0 -32767.0 -32767.0 -32767.0 -32767.0 -32767.0 -32767.0 -32767.0 -32767.0 -32767.0 -32767.0 -32767.0 -32767.0 -32767.0 -32767.0 -32767.0 -32767.0 -32767.0 -32767.0 -32767.0 -32767.0 -32767.0 -32767.0 -32767.0 -32767.0 -32767.0 -32767.0 -32767.0 -32767.0 -32767.0 -32767.0 -32767.0 -32767.0 -32767.0 -32767.0 -32767.0 -32767.0 -32767.0 -32767.0 -32767.0 -32767.0 -32767.0 -32767.0 -32767.0 -32767.0 33.492943 -32767.0 34.025517 33.755672 33.081062 32.7955 32.82292 32.682907 32.518585 32.514084 32.629948 32.88446 32.9843 33.22302
-32767.0 -32767.0 -32767.0 -32767.0 -32767.0 -32767.0 -32767.0 -32767.0 -32767.0 -32767.0 -32767.0 -32767.0 -32767.0 -32767.0 -32767.0 -32767.0 -32767.0 -32767.0 -32767.0 -32767.0 -32767.0 -32767.0 -32767.0 -32767.0 -32767.0 -32767.0 -32767.0 -32767.0 -32767.0 -32767.0 -32767.0 -32767.0 -32767.0 -32767.0 -32767.0 -32767.0 -32767.0 -32767.0 -32767.0 -32767.0 -32767.0 -32767.0 -32767.0 -32767.0 -32767.0 -32767.0 -32767.0 33.338017 34.043224 33.94395 33.76559 32.57011 32.7613 32.686443 32.64554 32.600418 32.608894 33.11804 33.524616 33.606995 33.878242
-32767.0 -32767.0 -32767.0 -32767.0 -32767.0 -32767.0 -32767.0 -32767.0 -32767.0 -32767.0 -32767.0 -32767.0 -32767.0 -32767.0 -32767.0 -32767.0 -32767.0 -32767.0 -32767.0 -32767.0 -32767.0 -32767.0 -32767.0 -32767.0 -32767.0 -32767.0 -32767.0 -32767.0 -32767.0 -32767.0 -32767.0 -32767.0 -32767.0 -32767.0 -32767.0 -32767.0 -32767.0 -32767.0 -32767.0 -32767.0 -32767.0 -32767.0 -32767.0 -32767.0 -32767.0 -32767.0 -32767.0 33.83501 34.01374 33.770638 33.447357 33.048126 32.609245 32.701164 32.676483 32.907043 33.24921 33.807114 33.208454 34.11909 34.32627
-32767.0 -32767.0 -32767.0 -32767.0 -32767.0 -32767.0 -32767.0 -32767.0 -32767.0 -32767.0 -32767.0 -32767.0 -32767.0 -32767.0 -32767.0 -32767.0 -32767.0 -32767.0 -32767.0 -32767.0 -32767.0 -32767.0 -32767.0 -32767.0 -32767.0 -32767.0 -32767.0 -32767.0 -32767.0 -32767.0 -32767.0 -32767.0 -32767.0 -32767.0 -32767.0 -32767.0 -32767.0 -32767.0 -32767.0 -32767.0 -32767.0 -32767.0 -32767.0 -32767.0 -32767.0 31.624912 -32767.0 33.55476 33.79097 33.608326 33.171234 32.689922 32.62288 32.746876 33.21026 32.98117 32.863625 32.810543 34.010628 34.242275 34.40382
-32767.0 -32767.0 -32767.0 -32767.0 -32767.0 -32767.0 -32767.0 -32767.0 -32767.0 -32767.0 -32767.0 -32767.0 -32767.0 -32767.0 -32767.0 -32767.0 -32767.0 -32767.0 -32767.0 -32767.0 -32767.0 -32767.0 -32767.0 -32767.0 -32767.0 -32767.0 -32767.0 -32767.0 -32767.0 -32767.0 -32767.0 -32767.0 -32767.0 -32767.0 -32767.0 -32767.0 -32767.0 -32767.0 -32767.0 -32767.0 -32767.0 -32767.0 -32767.0 -32767.0 -32767.0 -32767.0 33.66394 33.940372 33.6294 33.097443 33.35247 32.883335 32.568375 32.674953 32.72702 32.703014 32.736824 33.04781 34.147675 34.30635 34.34676
-32767.0 -32767.0 -32767.0 -32767.0 -32767.0 -32767.0 -32767.0 -32767.0 -32767.0 -32767.0 -32767.0 -32767.0 -32767.0 -32767.0 -32767.0 -32767.0 -32767.0 -32767.0 -32767.0 -32767.0 -32767.0 -32767.0 -32767.0 -32767.0 -32767.0 -32767.0 -32767.0 -32767.0 -32767.0 -32767.0 -32767.0 -32767.0 -32767.0 -32767.0 -32767.0 -32767.0 -32767.0 -32767.0 -32767.0 -32767.0 -32767.0 -32767.0 -32767.0 -32767.0 33.30598 33.879288 33.94353 33.563076 33.335953 32.57737 32.62972 32.81126 -32767.0 -32767.0 -32767.0 -32767.0 32.76413 33.99602 34.319714 34.360947 34.36882
-32767.0 -32767.0 -32767.0 -32767.0 -32767.0 -32767.0 -32767.0 -32767.0 -32767.0 -32767.0 -32767.0 -32767.0 -32767.0 -32767.0 -32767.0 -32767.0 -32767.0 -32767.0 -32767.0 -32767.0 -32767.0 -32767.0 -32767.0 -32767.0 -32767.0 -32767.0 -32767.0 -32767.0 -32767.0 -32767.0 -32767.0 -32767.0 -32767.0 -32767.0 -32767.0 -32767.0 -32767.0 -32767.0 -32767.0 -32767.0 -32767.0 -32767.0 -32767.0 33.731102 33.8983 33.72603 33.43484 32.572433 32.75853 32.687393 32.801674 32.72294 -32767.0 -32767.0 -32767.0 -32767.0 32.976227 34.25627 34.328167 34.363506 34.23581
-32767.0 -32767.0 -32767.0 -32767.0 -32767.0 -32767.0 -32767.0 -32767.0 -32767.0 -32767.0 -32767.0 -32767.0 -32767.0 -32767.0 -32767.0 -32767.0 -32767.0 -32767.0 -32767.0 -32767.0 -32767.0 -32767.0 -32767.0 -32767.0 -32767.0 -32767.0 -32767.0 -32767.0 -32767.0 -32767.0 -32767.0 -32767.0 -32767.0 -32767.0 -32767.0 -32767.0 -32767.0 -32767.0 -32767.0 -32767.0 -32767.0 33.42831 33.158993 33.608414 33.526897 33.135303 32.89706 32.472706 32.526684 32.62858 32.830402 -32767.0 -32767.0 -32767.0 -32767.0 -32767.0 34.209213 34.34506 34.304317 34.256027 34.224735
-32767.0 -32767.0 -32767.0 -32767.0 -32767.0 -32767.0 -32767.0 -32767.0 -32767.0 -32767.0 -32767.0 -32767.0 -32767.0 -32767.0 -32767.0 -32767.0 -32767.0 -32767.0 -32767.0 -32767.0 -32767.0 -32767.0 -32767.0 -32767.0 -32767.0 -32767.0 -32767.0 -32767.0 -32767.0 -32767.0 -32767.0 -32767.0 -32767.0 -32767.0 -32767.0 -32767.0 -32767.0 -32767.0 -32767.0 -32767.0 -32767.0 33.583584 33.488647 33.482452 32.65412 32.47575 32.717236 32.6735 32.835476 32.875004 32.674343 -32767.0 -32767.0 -32767.0 -32767.0 34.07741 34.418633 34.347652 34.11003 34.32328 34.336502
-32767.0 -32767.0 -32767.0 -32767.0 -32767.0 -32767.0 -32767.0 -32767.0 -32767.0 -32767.0 -32767.0 -32767.0 -32767.0 -32767.0 -32767.0 -32767.0 -32767.0 -32767.0 -32767.0 -32767.0 -32767.0 -32767.0 -32767.0 -32767.0 -32767.0 -32767.0 -32767.0 -32767.0 -32767.0 -32767.0 -32767.0 -32767.0 -32767.0 -32767.0 -32767.0 -32767.0 -32767.0 -32767.0 -32767.0 33.258675 33.368443 33.436794 33.444504 32.677692 31.889793 32.225372 32.621513 32.695023 32.391792 32.40827 -32767.0 -32767.0 -32767.0 -32767.0 -32767.0 34.25929 34.268326 34.282417 34.25201 34.37178 34.302883
-32767.0 -32767.0 -32767.0 -32767.0 -32767.0 -32767.0 -32767.0 -32767.0 -32767.0 -32767.0 -32767.0 -32767.0 -32767.0 -32767.0 -32767.0 -32767.0 -32767.0 -32767.0 -32767.0 -32767.0 -32767.0 -32767.0 -32767.0 -32767.0 -32767.0 -32767.0 -32767.0 -32767.0 -32767.0 -32767.0 -32767.0 -32767.0 -32767.0 -32767.0 -32767.0 -32767.0 -32767.0 -32767.0 33.027794 33.310745 33.482616 33.452396 33.246296 31.6648 31.896498 32.222076 32.669743 32.60451 32.02407 32.31061 -32767.0 -32767.0 -32767.0 -32767.0 -32767.0 34.32497 34.336826 34.26901 34.304325 34.384815 34.37613
-32767.0 -32767.0 -32767.0 -32767.0 -32767.0 -32767.0 -32767.0 -32767.0 -32767.0 -32767.0 -32767.0 -32767.0 -32767.0 -32767.0 -32767.0 -32767.0 -32767.0 -32767.0 -32767.0 -32767.0 -32767.0 -32767.0 -32767.0 -32767.0 -32767.0 -32767.0 -32767.0 -32767.0 -32767.0 -32767.0 -32767.0 -32767.0 -32767.0 -32767.0 -32767.0 -32767.0 32.666195 33.248913 33.333267 33.501835 33.370182 32.95147 32.707027 32.360893 32.0783 32.737972 -32767.0 32.78002 32.643192 -32767.0 -32767.0 -32767.0 -32767.0 -32767.0 33.983322 34.37565 34.326046 34.28 34.458042 34.386005 34.308777
-32767.0 -32767.0 -32767.0 -32767.0 -32767.0 -32767.0 -32767.0 -32767.0 -32767.0 -32767.0 -32767.0 -32767.0 -32767.0 -32767.0 -32767.0 -32767.0 -32767.0 -32767.0 -32767.0 -32767.0 -32767.0 -32767.0 -32767.0 -32767.0 -32767.0 -32767.0 -32767.0 -32767.0 -32767.0 -32767.0 -32767.0 -32767.0 -32767.0 -32767.0 -32767.0 33.24228 33.87312 32.35893 31.844069 32.273937 33.220554 33.627678 33.60059 32.44248 31.60619 33.49584 -32767.0 33.405308 32.37877 -32767.0 -32767.0 -32767.0 -32767.0 -32767.0 34.072308 34.342678 34.324097 34.285976 34.354797 34.359837 34.30198
-32767.0 -32767.0 -32767.0 -32767.0 -32767.0 -32767.0 -32767.0 -32767.0 -32767.0 -32767.0 -32767.0 -32767.0 -32767.0 -32767.0 -32767.0 -32767.0 -32767.0 -32767.0 -32767.0 -32767.0 -32767.0 -32767.0 -32767.0 -32767.0 -32767.0 -32767.0 -32767.0 -32767.0 -32767.0 -32767.0 -32767.0 -32767.0 -32767.0 -32767.0 -32767.0 32.026577 31.41935 32.713654 33.647373 33.72095 33.835255 33.731365 33.164524 32.36857 33.835613 33.44095 33.419228 33.669846 31.990015 -32767.0 -32767.0 -32767.0 -32767.0 -32767.0 34.312492 34.268013 34.36006 34.316048 34.315674 34.351585 34.31695
-32767.0 -32767.0 -32767.0 -32767.0 -32767.0 -32767.0 -32767.0 -32767.0 -32767.0 -32767.0 -32767.0 -32767.0 -32767.0 -32767.0 -32767.0 -32767.0 -32767.0 -32767.0 -32767.0 -32767.0 -32767.0 -32767.0 -32767.0 -32767.0 -32767.0 -32767.0 -32767.0 25.15999 -32767.0 28.288155 -32767.0 29.647953 29.482069 30.750362 30.852133 31.294209 32.166824 33.28826 33.825962 33.854664 33.83834 33.564342 33.334015 33.032307 33.48647 33.44463 33.49976 33.9375 31.584352 -32767.0 -32767.0 -32767.0 -32767.0 34.125854 34.33181 34.3341 34.398697 34.335472 34.361176 34.334003 34.347244
-32767.0 -32767.0 -32767.0 -32767.0 -32767.0 -32767.0 -32767.0 -32767.0 -32767.0 -32767.0 -32767.0 -32767.0 -32767.0 -32767.0 -32767.0 -32767.0 -32767.0 -32767.0 -32767.0 -32767.0 -32767.0 -32767.0 -32767.0 9.968809 -32767.0 -32767.0 29.383657 28.651636 28.944393 29.103422 29.522532 30.039896 30.588371 30.568264 31.693008 32.980663 33.702198 33.89652 33.82791 33.84192 33.802574 33.737556 33.70121 33.627197 33.603195 33.622227 33.786194 34.02576 32.835346 31.658611 -32767.0 -32767.0 33.480946 34.150024 34.37237 34.437004 34.318897 34.3536 34.369793 34.333164 34.380642
-32767.0 -32767.0 -32767.0 -32767.0 -32767.0 -32767.0 -32767.0 -32767.0 -32767.0 -32767.0 -32767.0 -32767.0 -32767.0 -32767.0 -32767.0 -32767.0 -32767.0 -32767.0 -32767.0 -32767.0 -32767.0 -32767.0 -32767.0 18.562178 7.673861 24.624546 26.949108 26.963907 30.53523 33.207657 33.67286 33.715805 33.850563 33.83065 33.82365 33.83951 33.78591 33.76166 33.6742 33.667774 33.706306 33.724075 33.66851 33.7704 33.990227 34.01921 34.02373 34.055943 34.119125 33.773266 31.497923 -32767.0 33.433533 34.255188 34.424477 34.447792 34.37417 34.40211 34.35615 34.343136 34.39418
-32767.0 -32767.0 -32767.0 -32767.0 -32767.0 -32767.0 -32767.0 -32767.0 -32767.0 -32767.0 -32767.0 -32767.0 -32767.0 -32767.0 -32767.0 -32767.0 -32767.0 -32767.0 -32767.0 -32767.0 13.659302 18.650965 18.0432 24.879114 28.207033 -32767.0 31.059063 33.26673 33.645374 33.74773 33.837 33.864883 33.875404 33.860546 33.827343 33.734715 33.668262 33.630383 33.63356 33.69367 33.781147 33.961636 34.26905 34.25242 34.13546 34.154343 34.163616 34.16288 34.21067 34.251053 32.669556 -32767.0 33.36786 34.28814 34.440968 34.343124 34.374043 34.42508 34.413727 34.42142 34.436302
-32767.0 -32767.0 32.405872 -32767.0 -32767.0 -32767.0 -32767.0 -32767.0 -32767.0 -32767.0 -32767.0 -32767.0 -32767.0 -32767.0 -32767.0 -32767.0 29.257849 -32767.0 24.308723 23.49002 23.47259 29.450615 30.54991 30.668648 30.834183 33.493282 33.81171 33.830082 33.849335 33.8354 33.86423 33.88134 33.87183 33.89393 33.882378 33.833458 33.763035 33.76469 33.77063 34.13529 34.252728 34.295807 34.097885 34.20054 34.269142 34.282658 34.281982 34.263683 34.199196 34.23893 34.09664 33.934994 34.266502 34.350315 34.347065 34.330357 34.34483 34.403076 34.361713 34.506084 34.562828
-32767.0 31.85407 31.99332 31.822355 31.702223 -32767.0 31.874132 31.862719 -32767.0 -32767.0 -32767.0 -32767.0 -32767.0 32.692524 31.831861 30.784931 31.468899 29.278984 29.37297 27.500946 32.018227 33.048225 32.79159 33.59838 33.661755 33.743298 33.898098 33.899952 33.891697 33.898987 33.95276 33.964516 34.068462 34.0926 34.119682 34.11679 34.163654 34.09859 34.216496 34.23371 34.250298 34.072445 34.07328 34.226704 34.278297 34.289074 34.292397 34.242596 34.20978 34.27716 34.12056 34.261185 34.31722 34.339207 34.36979 34.348213 34.33235 34.36885 34.361267 34.55432 34.596684
32.314083 32.53002 32.783012 32.532753 32.25073 32.16977 32.032467 31.915049 -32767.0 -32767.0 -32767.0 33.011234 33.163242 33.2226 33.455647 33.7667 33.731842 33.81849 33.75082 33.533195 33.72574 33.681763 33.639355 33.61135 33.695976 33.942047 33.950455 33.92151 33.918705 34.044888 34.173073 34.22663 34.27219 34.290836 34.278656 34.250893 34.167103 34.234226 34.2295 34.209007 34.074856 34.11983 34.08071 34.0216 34.12734 34.23759 34.262604 34.24142 34.147522 34.09857 33.966194 34.102386 34.28662 34.34339 34.338642 34.34279 34.3433 34.34178 34.516155 34.599266 34.643505
32.54698 32.9956 33.00185 32.995064 32.804718 32.505817 32.1487 -32767.0 -32767.0 31.04951 -32767.0 33.154057 33.49142 33.758488 33.789886 33.800957 33.86021 33.75733 33.65393 33.611332 33.579605 33.552498 33.610497 33.683796 33.65825 33.974415 33.967636 33.950138 33.95464 34.123302 34.14808 34.27349 34.313835 34.32133 34.354008 34.346584 34.23573 34.20771 34.209095 34.15176 34.16821 34.1822 34.149834 34.0818 34.158154 34.111496 34.082268 34.092804 34.041706 33.924187 33.70948 33.628433 33.847435 34.36931 34.331764 34.353172 34.368107 34.51919 34.555626 34.61769 34.65172
32.98046 33.115837 33.066715 33.025238 32.980717 32.64877 32.33453 32.055218 -32767.0 -32767.0 32.51853 32.777798 33.206364 33.750877 33.8449 33.808002 33.70616 33.72797 33.697712 33.647655 33.625076 33.551 33.541534 33.71451 33.74217 33.96956 33.98911 33.964783 34.012722 34.086605 34.17908 34.3353 34.392006 34.399677 34.39336 34.357853 34.290333 34.253765 34.21039 34.21879 34.25259 34.320286 34.281242 34.206158 34.052536 34.015953 34.10625 34.158348 34.070198 33.850002 33.62673 33.519802 33.54488 34.03019 34.44186 34.41645 34.47049 34.527477 34.528366 34.638466 34.673687
33.17712 33.055744 33.021847 32.974495 32.976883 32.750164 32.477657 32.190643 -32767.0 -32767.0 32.616993 32.59304 32.829975 33.892094 33.89417 33.86051 33.851467 33.869083 33.73715 33.713192 33.66381 33.480156 33.56573 33.753975 33.82573 33.941685 33.968544 33.971027 33.984947 34.034687 34.156925 34.382683 34.35165 34.36923 34.286312 34.24349 34.233208 34.276333 34.333725 34.354843 34.359463 34.297184 34.13936 33.925835 33.714607 33.933758 34.03535 34.06725 34.03875 33.88907 33.558308 33.46103 33.593254 34.21945 34.46624 34.43795 -32767.0 34.481968 34.45222 34.588493 34.646206
33.216835 33.21975 33.289497 33.06424 32.949974 32.82423 32.66811 32.30536 32.394173 32.50535 32.533306 32.571198 32.60361 32.975513 33.883503 33.844845 33.74467 33.59736 33.49913 33.385715 33.454113 33.420204 33.5998 33.793266 33.917805 33.9632 33.918087 33.886845 33.935715 34.054417 34.30325 34.309265 34.283154 34.25306 34.2443 34.28161 34.30805 34.38317 34.384094 34.383087 34.352734 34.25486 34.10618 33.875957 33.69388 34.153645 34.14939 34.094307 34.071373 33.772064 33.556667 33.546658 34.218082 34.408455 34.446175 34.461784 34.479332 34.48155 34.459396 34.64514 34.657803
33.359432 33.34031 33.355232 33.339714 32.934784 32.83722 32.737488 32.69045 32.56597 -32767.0 -32767.0 -32767.0 32.622433 33.53455 33.558567 33.514755 33.57021 33.563393 33.66782 33.57721 33.48038 33.4807 33.635704 33.874825 33.964645 33.87619 33.895546 33.96476 34.013847 34.167915 34.345257 34.286873 34.265133 34.272896 34.345127 34.350643 34.33634 34.25396 34.214985 34.21386 34.278248 34.326317 34.263172 34.030914 33.657272 34.044888 34.176586 34.124794 34.00996 33.480053 33.743156 34.30777 34.363663 34.429497 34.44872 34.31899 34.45147 34.45732 34.53553 34.658886 34.68366
