static/data/ASCData/20210109/ASCV/00.asc
ncols 97
nrows 97
xllcorner 99.0
yllcorner 2.0
cellsize 0.25
NODATA_value -32767
[rows 19 to 37 of 97, columns 43 to 85 of 97]
-4.615031900627519 -3.018241447725928 -2.739093561355702 -3.0388951641741295 -3.7975965293260376 -4.819955493512021 -6.183423493412834 -7.182224312275086 -7.573999496151911 -7.491061916039602 -7.613047928811794 -7.567222495442346 -7.611111642894774 -7.588521640529553 -7.469440056632891 -7.181256169316576 -6.866932422120508 -6.82110698875106 -6.796580700468821 -6.889522424485728 -7.067983443170971 -7.297433324337711 -7.45394976929674 -7.61788864360434 -7.835720809268967 -8.16876198699622 -8.4637228750221 -8.633470607080756 -8.748679619143381 -8.920686351438562 -9.145295517812754 -9.262440815792399 -9.275994817211531 -9.30052110549377 -9.46542812275988 -9.544815845357656 -9.560306132693807 -9.095597512609269 -8.360131578461587 -7.523333347989917 -6.995695435602265 -6.919534856199521 -7.253544176885283
-4.310389583016545 -3.043735878966677 -3.03792702121562 -4.318134726684621 -5.401163982937195 -6.152120204421028 -6.506460527235488 -7.092509731453211 -7.282911179960069 -7.283879322918579 -7.368753188947908 -7.49299820195662 -7.556250208579238 -7.501711488583206 -7.2712934644579565 -7.117036019735449 -7.077987587075569 -7.081860158909606 -7.206750600557326 -7.289688180669636 -7.331641042205045 -7.479121486217985 -7.621761215438378 -7.7947360906920675 -8.058393689726142 -8.2897798568099 -8.526006738686208 -8.75868376304798 -8.871956489193586 -9.038799792376714 -9.138518517103188 -9.286967104074638 -9.51448069932436 -9.692941718009601 -9.788787870902038 -9.75942086782725 -9.560306132693807 -8.96360735593248 -8.305270144146052 -7.956738679082649 -7.74277908525206 -7.810226378028219 -7.897359244294069
-4.369769017805124 -2.99694230263872 -3.3248200512539214 -5.205921819637789 -6.141470631877424 -6.509364956111016 -6.897267568153804 -7.060238299502895 -7.207718743515835 -7.317118897827403 -7.393279477230147 -7.441041196516613 -7.614016071770303 -7.655000790347202 -7.486221201247055 -7.373916618059958 -7.34648590090219 -7.356167330487285 -7.4119969077613295 -7.464599341840343 -7.475248914383947 -7.638542360052542 -7.858956240273194 -8.082597263688879 -8.374653722839229 -8.592485888503857 -8.769333335591583 -8.942953639484278 -9.076880082078086 -9.267281530584945 -9.370872827145456 -9.546752131274674 -9.872693593972857 -10.049541041060584 -9.986934463076972 -9.752643867117685 -9.36603211235291 -8.79870033866637 -8.392403010411902 -8.245890709357472 -8.131649840253356 -8.106155409012608 -8.177475273622804
-4.570174610216581 -3.4109847745612627 -3.7478985241225526 -5.919765894378759 -6.561321961551023 -6.825947703543608 -6.990854720809718 -7.163829596063406 -7.244830890258697 -7.394247620188656 -7.567222495442346 -7.6033664992266985 -7.7253525119988895 -7.757623943949205 -7.689208508214536 -7.6246656443139065 -7.572063210234893 -7.61885678656285 -7.627570073189435 -7.636606074135523 -7.689208508214536 -7.80732194915269 -8.072915834103783 -8.353354577752022 -8.657028752404488 -8.862920488247497 -9.11302408586244 -9.29955296253526 -9.497699554710195 -9.666801858129846 -9.794596728653094 -9.926586885329883 -10.1844356266129 -10.144419050994511 -10.004683750649646 -9.704882147831219 -9.27793110312855 -8.822903912629107 -8.391434867453393 -8.259444710776604 -8.172634558830257 -8.134554269128886 -8.27428956947375
-4.974212938234526 -4.29457658136089 -4.7466993429848054 -6.20859521033408 -6.729133407692663 -7.040875440332706 -7.204814314640307 -7.319055183744423 -7.400056477939714 -7.51332920408532 -7.65887336218124 -7.707603224426216 -7.774082374243865 -7.825071236725363 -7.907040673879163 -7.843465952937043 -7.863151526426735 -7.910913245713202 -7.801513091401633 -7.775050517202375 -7.883482528555433 -7.959643107958177 -8.24976328119151 -8.653156180570448 -8.957798498181424 -9.351187253655764 -9.601290851270706 -9.812346016225767 -10.026951038695364 -10.124733477504817 -10.247687633235518 -10.298676495717016 -10.104079761056616 -10.064063185438226 -9.960794603197217 -9.66002485742028 -9.202738666684315 -8.706726757607973 -8.176507130664294 -7.986105682157435 -7.939312105829479 -8.072915834103783 -8.212651134448647
-4.137414707762856 -4.38364573354376 -4.996802940599747 -5.563166571327777 -5.794552738411537 -6.29572807659993 -7.402960906815242 -7.516233632960848 -7.539791778284577 -7.663714076973788 -7.720511797206342 -7.774082374243865 -7.820875950571822 -7.934471391036931 -8.08679254984242 -8.292684285685429 -8.31236985917512 -8.063234404518688 -7.914785817547239 -7.882514385596924 -7.9919145399084925 -8.130681697294847 -8.488894591943344 -8.914877493687504 -9.435415691046087 -9.830740732437448 -10.102143475139597 -10.300612781634035 -10.400008792041005 -10.445188796771447 -10.534903377593324 -10.407108507070076 -10.132478621172893 -9.951758602251129 -9.84849002001012 -9.569987562278902 -9.101406370360326 -8.451782445200482 -7.915753960505748 -7.7537513721151665 -7.793767947733558 -7.932212390800409 -8.178443416581313
-2.7058539864468774 -2.8856058624101326 -3.514253356802271 -3.840517533819957 -4.242942290240387 -6.442240377654361 -7.662745934015279 -7.757623943949205 -7.6714592206418635 -7.754719515073676 -7.904136245003635 -7.998691540618058 -7.9735198236968134 -8.145203841672489 -8.411765869582092 -8.60313546104746 -8.466627303897628 -8.182315988415352 -8.013536399315203 -7.9977233976595485 -8.136490555045905 -8.393371153370412 -8.75352033393593 -9.335696966319613 -9.897219882255097 -10.263500634891173 -10.535871520551833 -10.614936528830105 -10.60622324220352 -10.593637383742896 -10.649144246697439 -10.484237229431328 -10.28479977997838 -10.093430188513013 -9.829772589478937 -9.526098414826473 -9.0271820768746 -8.377558151714759 -7.923499104173825 -7.783763803828959 -7.879609956721396 -8.015472685232222 -8.275257712432259
-2.1375540698018285 -2.277934798785699 -2.616784834264008 -3.4187299182293382 -4.959690793856884 -7.2019098857647785 -8.011600113398185 -8.08162912073037 -8.066138833394216 -8.117773124514722 -8.116804981556212 -8.211682991490138 -8.203937847822063 -8.52019788093515 -8.79773219570786 -8.81515876896103 -8.624757320454172 -8.348513862959475 -8.149076413506528 -8.155853414216093 -8.340446004971895 -8.658965038321506 -9.185312093431145 -9.855267020719687 -10.338693071335406 -10.594605526701406 -10.740795113436333 -10.826959836743674 -10.81211497804653 -10.774034688345157 -10.764353258760064 -10.658825676282532 -10.483269086472818 -10.192180770280977 -9.84235844793956 -9.407016830929809 -8.888414919488246 -8.443069158573898 -8.114868695639194 -8.026122257775826 -8.046775974224028 -8.092601407593476 -8.306238287104561
-1.886482329228377 -2.4615592465829925 -2.5877405455087246 -4.564043038146021 -7.196101028013722 -8.522134166852169 -8.56311888542907 -8.338509719054876 -8.380462580590287 -8.444037301532408 -8.431451443071785 -8.687363898437782 -8.771269621508603 -8.87970163286166 -8.895191920197812 -8.765460763757545 -8.5456923121759 -8.375621865797738 -8.353354577752022 -8.424674442362218 -8.60829889015951 -8.983292929422172 -9.48995441104212 -10.110211333127175 -10.572983667294695 -10.884402985615235 -11.080936006192655 -11.133538440271668 -11.10804400903092 -10.962499850934998 -10.762416972843045 -10.711750824681049 -10.484237229431328 -10.13731933596544 -9.735217293864514 -9.292775961825694 -8.849366486828364 -8.509548308391548 -8.340446004971895 -8.235241136813869 -8.217491849241195 -8.39724372520445 -8.649283608736411
-2.2488905100304155 -2.25954008257402 -3.2389780422660834 -7.559154637454767 -9.241787099344197 -8.904873349782907 -8.79870033866637 -8.837748771326252 -8.817095054878049 -8.842589486118799 -8.867761203040045 -8.911973064811976 -8.94714892563782 -8.992006216048757 -8.883574204695698 -8.701886042815424 -8.532783739395773 -8.46469101798061 -8.560214456553542 -8.699949756898405 -8.886478633571228 -9.214679096505932 -9.679387716590469 -10.369028217368703 -10.85923126869399 -11.156128442636888 -11.335557604280641 -11.362988321438408 -11.296509171620759 -11.060282289744453 -10.79565654775187 -10.58072881096277 -10.206702914658619 -9.894315453379567 -9.581927992100518 -9.202738666684315 -8.902937063865888 -8.638311321873305 -8.491799020818874 -8.430483300113275 -8.541819740341861 -8.742870761392325 -8.852270915703894
-2.610007833554442 -3.134418602747062 -5.05037351763727 -9.221456097215498 -9.71940429220886 -9.417666403473413 -9.290839675908675 -9.297616676618242 -9.098501941484798 -9.13658223118617 -9.053321936754356 -9.08752965462169 -9.076880082078086 -9.032990934625658 -8.873892775110605 -8.589581459628327 -8.420479156208676 -8.473404304607193 -8.634438750039266 -9.035895363501186 -9.330856251527067 -9.652925142391211 -9.991775177869519 -10.633653959361288 -11.094490007611787 -11.36105203552139 -11.416881612795434 -11.375574179899031 -11.260365167836406 -11.030915286669666 -10.764353258760064 -10.41485365073815 -10.116020190878233 -9.855267020719687 -9.55352913198424 -9.288903389991656 -9.064294223617463 -8.924558923272599 -8.917781922563032 -8.976193214393103 -9.251791243248794 -9.498667697668704 -9.608067851980273
-4.477232886199674 -6.490002096940827 -8.81612691191954 -10.373868932161251 -10.385486647663363 -9.936268314914978 -9.690037289134073 -9.501572126544232 -9.34053768111216 -9.263408958750908 -9.059453508824916 -9.117864800654987 -9.046544936044791 -8.971352499600556 -8.804509196417428 -8.56311888542907 -8.505675736557508 -8.573123029333667 -8.867761203040045 -9.309234392120356 -9.706818433748237 -10.143450908036 -10.49779123085046 -10.862135697569519 -11.281987027243117 -11.36105203552139 -11.37654232285754 -11.217444163342487 -11.149028727607819 -10.94313699176481 -10.696905965983905 -10.362896645298143 -10.175399625666813 -9.90883759775721 -9.738121722740043 -9.542556845121133 -9.482209267374044 -9.429284118975527 -9.622912710677419 -9.812346016225767 -10.134414907089912 -10.510377089311083 -10.356119644588578
-6.973428147556548 -9.428315976017018 -11.149028727607819 -11.266496739906966 -10.41485365073815 -9.960794603197217 -9.813314159184277 -9.626785282511456 -9.457682979091805 -9.310202535078865 -9.139486660061698 -9.19596166597475 -9.172726234970522 -9.059453508824916 -8.865824917123026 -8.785791765886245 -8.730284902931702 -8.919718208480052 -9.222424240174007 -9.665833715171336 -10.110211333127175 -10.531998948717794 -10.867944555320575 -11.200985733047826 -11.258428881919388 -11.335557604280641 -11.206794590798884 -11.065123004537 -11.039628573296252 -10.832768694494732 -10.689160822315829 -10.426471366240264 -10.274150207434777 -10.196053342115015 -10.026951038695364 -10.072131043425804 -10.03695518259996 -10.278990922227324 -10.542648521261398 -10.837609409287278 -11.103203294238371 -11.369765322147975 -10.257691777140115
-8.937144781733222 -10.848258981830883 -11.636327350057577 -11.29554102866225 -10.495854944933441 -9.99693860698157 -9.84945816296863 -9.740058008657062 -9.570955705237411 -9.38152239968906 -9.279867389045569 -9.28212638928209 -9.373777256020984 -9.245982385497738 -9.065262366575974 -8.98716550125621 -9.219519811298479 -9.409921259805339 -9.691973575051092 -10.058254327687168 -10.485205372389837 -10.820182836034109 -11.094490007611787 -11.19001344618472 -11.246811166417274 -11.183236445475153 -11.054473431993395 -11.008647998623948 -11.003807283831401 -10.860199411652498 -10.83567312337026 -10.607191385162029 -10.642367245987872 -10.564270380668109 -10.542648521261398 -10.587505811672337 -10.850195267747901 -11.209699019674412 -11.475292904625505 -11.893207948382086 -12.05456510813366 -11.711519786501812 -10.591378383506374
-10.200894056907561 -11.043823859449793 -11.498851049949236 -11.268433025823985 -10.612032099954575 -10.071162900467295 -9.865916593263291 -9.756516438951722 -9.680355859548978 -9.505444698378271 -9.432511262170559 -9.417666403473413 -9.522225842992436 -9.368936541228438 -9.227264954966556 -9.360223254601854 -9.593545707602631 -9.854298877761178 -10.156036766496623 -10.355151501630068 -10.694969680066885 -10.955722850225431 -11.044792002408302 -11.084808578026692 -11.054473431993395 -10.989930568092765 -11.044792002408302 -11.019297571167552 -11.105139580155392 -11.041887573532772 -11.032851572586685 -10.94120070584779 -11.018329428209043 -10.995739425843823 -10.974440280756614 -11.21163530559143 -11.537899482609117 -12.07489611026236 -12.381474713790354 -12.809393901451532 -12.756468753053014 -12.272074559478785 -9.974348604616349
-10.32868892743081 -10.99961199767786 -11.285859599077156 -11.061250432702963 -10.479073800319277 -10.255755491223097 -10.002747464732627 -9.826868160603409 -9.773297583565887 -9.738121722740043 -9.635498569138042 -9.686164717300036 -9.639371140972079 -9.476400409622988 -9.516416985241378 -9.63743485505506 -9.819123016935334 -10.065031328396735 -10.28770420885391 -10.502631945643008 -10.682383821606264 -10.804369834378454 -10.838577552245788 -10.81824655011709 -10.820182836034109 -10.948945849515866 -11.027042714835629 -11.14612429873229 -11.264237739670444 -11.276178169492061 -11.25552445304386 -11.268433025823985 -11.430435614214566 -11.397196039305742 -11.4646433320819 -11.72152393040641 -12.194945837117531 -12.814234616244079 -13.249898947573332 -13.546473407196729 -13.40125196342031 -12.58188030620181 -10.125701620463328
-10.526190090966738 -10.723368540183163 -10.815019406922058 -10.775002831303667 -10.654953104448495 -10.43615279582536 -10.20186219986607 -10.012428894317722 -9.874629879889875 -9.800405586404151 -9.818154873976825 -9.854298877761178 -9.692941718009601 -9.670674429963885 -9.689069146175564 -9.768134154453836 -9.954663031126657 -10.133446764131403 -10.241878775484462 -10.403881363875044 -10.499727516767479 -10.564270380668109 -10.538775949427361 -10.558461522917053 -10.757576258050497 -10.961531707976489 -11.160969157429436 -11.347498034102257 -11.439148900841152 -11.576947915268997 -11.598247060356206 -11.575979772310488 -11.733141645908523 -11.879653946962954 -12.012289532278748 -12.294664561844005 -12.798421614588424 -13.431264395134104 -13.774309716765954 -13.997628025862134 -13.740101998898618 -12.711611462642077 -9.443160834714163
-10.397104363165477 -10.679479392730734 -10.675606820896697 -10.590410240547865 -10.627522387290727 -10.343533786127955 -10.174431482708304 -10.063095042479716 -9.89044288154553 -9.794596728653094 -9.834613304271485 -9.739089865698553 -9.705850290789728 -9.727149435876935 -9.7439305804911 -9.797501157528623 -9.927555028288392 -10.075035472301332 -10.169590767915755 -10.274150207434777 -10.261564348974154 -10.33385235654286 -10.340629357252427 -10.47423308552673 -10.784038832249756 -11.126761439562102 -11.36105203552139 -11.458834474330844 -11.49110590628116 -11.792843795016605 -11.893207948382086 -11.943228667905075 -12.14137526008001 -12.381474713790354 -12.60027502241349 -12.857155620737998 -13.24570366141979 -13.720416425408926 -13.937280448115045 -13.943089305866101 -13.299596952776819 -11.458834474330844 -7.633378930940491
-10.527158233925247 -10.557493379958544 -10.68722453639881 -10.747894828465403 -10.838577552245788 -10.607191385162029 -10.429375795115792 -10.22735663110682 -9.974348604616349 -9.831708875395957 -9.777170155399924 -9.674547001797922 -9.706818433748237 -9.65582957126674 -9.747803152325137 -9.859139592553724 -9.935300171956468 -9.99693860698157 -10.059222470645679 -10.109243190168666 -10.178304054542341 -10.281895351102852 -10.43421650990834 -10.747894828465403 -11.077708862997623 -11.403973040015309 -11.642458922128137 -11.725396502240446 -11.764444934900329 -11.841573657261582 -11.974209242577377 -12.24399841368201 -12.507656012716085 -12.78680389908631 -13.011413065460504 -13.184387940714192 -13.362203530760429 -13.623924843877484 -13.670718420205441 -13.250867090531841 -12.184296264573927 -9.4880181251251 -5.208826248513318
