static/data/ASCData/20210109/ASCV/03.asc
ncols 97
nrows 97
xllcorner 99.0
yllcorner 2.0
cellsize 0.25
NODATA_value -32767
[rows 38 to 56 of 97, columns 43 to 85 of 97]
-10.121398588627045 -10.397622167062718 -10.635893879882977 -10.684736280848902 -10.549099613301635 -10.265945694188364 -9.985431904857034 -9.720758894217358 -9.491397619411153 -9.309888696902647 -9.1983432136156 -9.26005624726849 -9.353780854527429 -9.546180312386447 -9.638914870977157 -9.71019837508959 -9.858705675323822 -10.047144938509927 -10.299937365130866 -10.50883763412702 -10.689686524190043 -10.822353045732624 -11.008812211582272 -11.147749041356967 -11.301866617377826 -11.424962668460868 -11.536178135525173 -11.647723618812218 -11.765869426554119 -11.794250821709994 -11.954308689740223 -12.214031457038761 -12.535467257990188 -13.054912792587263 -13.548947078033144 -13.837051240487558 -14.07235280730313 -13.812630040004596 -13.327176176350022 -12.388940055092412 -10.094007242139398 -7.274678651248166 -3.6936726182666915
-10.255055158837854 -10.452404860038012 -10.410492799749685 -10.580121138239452 -10.50883763412702 -10.340859376750966 -10.059685554974152 -9.845835042636857 -9.624064140953735 -9.434634829099402 -9.332329800049152 -9.442555218445227 -9.526709355244627 -9.721748942885586 -9.793032446998017 -9.877186583797418 -9.946489990573392 -10.098957485480538 -10.280466407989046 -10.500257212335711 -10.749089444283737 -11.035213509401693 -11.264904800430639 -11.491295929232159 -11.665214478617584 -11.810751632847133 -11.912396629451894 -11.99127050668741 -12.055953686344989 -12.022622047847971 -12.311716258970613 -12.589919934742742 -13.027521446099616 -13.488554109271224 -13.73738634121925 -13.96608758357997 -13.724845724755024 -13.256882720905821 -12.602790567429707 -10.764930222975387 -7.585223916849085 -4.571515770762381 -1.6604426699486683
-10.367260674570385 -10.476826060520976 -10.460985281829323 -10.605532387390644 -10.428973708223278 -10.26198549951545 -10.079156512115972 -9.866296048446905 -9.71019837508959 -9.538259923040622 -9.427044455976318 -9.491397619411153 -9.602613086475456 -9.752110435377919 -9.824383988158578 -9.910188206071691 -9.980811677738636 -10.101597615262481 -10.29201697578504 -10.57748100845751 -10.89660669584974 -11.255994362416585 -11.553008962885052 -11.77081966989526 -11.977739841554957 -12.124267044452736 -12.222941895052813 -12.299835674951872 -12.29818559383816 -12.312706307638841 -12.670113876869227 -13.01861100808556 -13.3918593560076 -13.543006786023774 -13.78820883952163 -13.63772144195094 -13.28328401872524 -12.588929886074514 -11.827252443984268 -9.747160192036777 -6.23347746849482 -3.034300205226696 -1.1301066000010844
-10.368250723238614 -10.487386579648742 -10.476826060520976 -10.515767974804618 -10.341849425419195 -10.189711946734791 -10.005892910667086 -9.842864896632172 -9.687757271943084 -9.590072470011233 -9.516808868562343 -9.529349485026568 -9.644855162986527 -9.743199997363863 -9.816463598812753 -9.90160778428038 -10.092027144802941 -10.21710329322244 -10.53622898061467 -10.860634927570782 -11.23850350261122 -11.558619238671678 -11.848703498462548 -11.986650279569012 -12.193570451228709 -12.377059471073675 -12.47672437034198 -12.539097436440361 -12.548997923122641 -12.734467040304061 -13.024551300094931 -13.353577474169441 -13.437731610968843 -13.588219008539532 -13.600759625003754 -13.448292130096608 -12.854592945382418 -12.18862020788757 -11.176790468958327 -9.305928502229733 -6.142723007240567 -2.629040283698611 -0.7288068731459125
-10.206212757871928 -10.380131307257352 -10.26198549951545 -10.247134769492028 -10.167270843588284 -10.023713786695193 -9.799962787675614 -9.6369347736407 -9.598652891802544 -9.50294818720715 -9.600632989139001 -9.613503621825966 -9.707228229084905 -9.697327742402623 -9.794022495666246 -9.957050509701158 -10.147799886446464 -10.59398181959465 -10.949409291488578 -11.354669213016663 -11.706136490237682 -11.951338543735538 -12.12723719045742 -12.235482511517038 -12.303795869624786 -12.487614905692492 -12.664173584859856 -12.718956277835154 -12.872413821410529 -13.19054946013453 -13.326516143904538 -13.45324237343775 -13.464132908788262 -13.375028528647722 -13.387899161334687 -13.182959087011447 -12.568468880264465 -11.958268884413137 -10.816742769945998 -9.127059709503168 -6.283309918128975 -2.6230999916892417 -1.5149055157191196
-10.011833202676454 -10.24251454237363 -9.992362245534633 -10.031304159818276 -9.909198157403463 -9.792042398329789 -9.555750782845987 -9.47192666226933 -9.463016224255277 -9.474896808274016 -9.66828631480126 -9.686767223274856 -9.825374036826805 -9.774551538524424 -9.95243028258276 -10.149449967560177 -10.560650181097632 -11.049074190756887 -11.499216318577986 -11.95034849506731 -12.168159202077518 -12.35263827059071 -12.433822261385426 -12.256933565995318 -12.321616745652893 -12.493225181479119 -12.67407407154214 -12.909375638357716 -13.118275907353869 -13.466113006124719 -13.398459680462455 -13.42783112428656 -13.206390238826181 -13.114315712680956 -13.03544183544544 -12.806740593084722 -12.338117556790031 -11.690625727768774 -10.626983441868923 -8.795063389423971 -5.734492939707797 -2.8343103742445956 -2.0264306609703673
-10.03526435449119 -10.117438393954131 -9.656405730782524 -9.803922982348528 -9.52472925790817 -9.5187889658988 -9.437604975104087 -9.393712817479301 -9.485457327401782 -9.520769063235257 -9.793032446998017 -9.794022495666246 -10.016783446017595 -10.071566138992889 -10.278486310652589 -10.611472679400013 -11.076465537244534 -11.576440114699786 -12.02955238852557 -12.411381158238918 -12.516656333293852 -12.643712579049808 -12.520616527966766 -12.31369635630707 -12.315676453643523 -12.479694516346665 -12.746347624322802 -13.093854706870907 -13.164148162315108 -13.423870929613646 -13.251272445119191 -13.170088454324478 -12.965148380001239 -12.918286076371768 -12.811690836425864 -12.547017825786185 -12.203470937910993 -11.224642821256026 -10.096977388144081 -7.967052686562436 -5.467839831731663 -3.0257197834353846 -2.71682459894818
-9.871246291788047 -10.136909351095952 -9.55377068550953 -9.647495292768468 -9.387772525469932 -9.48743742473824 -9.463016224255277 -9.515818819894115 -9.670266412137718 -9.712178472426046 -9.984441856188806 -10.108527955940076 -10.380131307257352 -10.524678412818673 -10.824333143069081 -11.144778895352282 -11.521657421724491 -11.955298738408452 -12.315676453643523 -12.574409172273832 -12.583319610287887 -12.630181913917355 -12.56186855580961 -12.487614905692492 -12.475734321673752 -12.56945892893269 -12.791229830615812 -13.011020634962478 -12.959208087991868 -13.087914414861537 -12.963168282664782 -12.978679045133688 -12.885944486542979 -12.860533237391788 -12.655593163068549 -12.284324912482965 -11.803821292169534 -10.612462728068241 -9.206263602961425 -6.623226627553997 -5.026608141924619 -3.470911667915342 -3.3372550977045314
-9.938569601227567 -9.924048887426885 -9.508888479216518 -9.59205256734769 -9.45146565645928 -9.616473767830652 -9.711188423757818 -9.87619653512919 -10.075526333665803 -10.192682092739476 -10.445474519360415 -10.601902208940473 -10.921027896332703 -11.066565050562252 -11.280415562899549 -11.52264747039272 -11.815701876188273 -12.176079591423346 -12.397520476883724 -12.481674613683122 -12.453293218527246 -12.513026154843683 -12.547017825786185 -12.560878507141382 -12.612361037889247 -12.729516796962919 -12.866473529401159 -12.885944486542979 -12.776709116815134 -12.75129786766394 -12.794199976620497 -12.936766984845363 -12.76680863013285 -12.63678223837221 -12.369469097950592 -11.951338543735538 -11.262924703094182 -9.774551538524424 -8.112589840791983 -5.706111544551922 -4.88701127970444 -4.473830968830529 -4.8556597385438796
-10.269575872638534 -9.971901239724582 -9.718778796880901 -9.728679283563183 -9.752110435377919 -9.88114677847033 -10.083116706788886 -10.290366894671326 -10.556689986424718 -10.764930222975387 -11.02762313627861 -11.131908262665315 -11.361599553694262 -11.47578516676325 -11.639803229466391 -11.8213121519749 -12.063544059468072 -12.216011554375218 -12.341087702794717 -12.295215447833474 -12.252973371322405 -12.33316731344889 -12.454283267195475 -12.480684565014894 -12.57539922094206 -12.68001436355151 -12.75129786766394 -12.787269635942899 -12.729516796962919 -12.63678223837221 -12.632162011253811 -12.690574882679279 -12.50906596017077 -12.349668124586028 -12.04902334566739 -11.411432003328416 -10.554709889088262 -8.850836131067494 -7.255207694106344 -5.69753112276061 -5.789275632683092 -5.621297375307037 -5.839108082317246
-10.374191015247984 -9.989392099529947 -9.971901239724582 -9.867286097115134 -10.031304159818276 -10.19928241719433 -10.41709312420454 -10.740509022492425 -11.031583330951522 -11.264904800430639 -11.440473430929778 -11.575450066031557 -11.689635679100546 -11.816691924856501 -11.883025185627792 -12.037142761648653 -12.114366557770452 -12.226902089725726 -12.212051359702304 -12.16716915340929 -12.207101116361162 -12.288285107155875 -12.385969909087727 -12.40643091489778 -12.494215230147347 -12.556918312468468 -12.618301329898618 -12.692554980015732 -12.615331183893932 -12.481674613683122 -12.40544086622955 -12.427881969376056 -12.111396411765767 -11.882035136959564 -11.330248012533701 -10.630943636541836 -9.416153920625808 -7.850886976156991 -6.9044004493308115 -6.5823046159338965 -6.644677682032275 -6.397495531197963 -6.293210404811257
-10.500257212335711 -10.14383969177355 -10.243504591041859 -10.15341016223309 -10.425013513550365 -10.583091284244137 -10.788361374790123 -11.107487062182352 -11.367209829480888 -11.623302418329256 -11.712076782247053 -11.892925672310074 -11.964209176422507 -12.08994535728749 -12.149678293603927 -12.242412852194636 -12.31765655097998 -12.226902089725726 -12.181689867209972 -12.128227239125648 -12.24637304686755 -12.289275155824104 -12.312706307638841 -12.311716258970613 -12.332177264780661 -12.393890298433554 -12.391910201097097 -12.453293218527246 -12.433822261385426 -12.323266826766606 -12.149678293603927 -11.993250604023867 -11.618352174988114 -10.952379437493263 -10.392671923721576 -9.548160409722904 -8.380893029881832 -7.615255393118675 -7.253227596769888 -7.464107963102499 -7.500079731381458 -7.351902447369968 -6.659198395832956
-10.695626816199411 -10.345809620092108 -10.472865865848062 -10.47979620652566 -10.749089444283737 -10.8507344408885 -11.059634709884655 -11.286355854908917 -11.543108476202768 -11.833192735993638 -11.929887489257261 -12.189610256555799 -12.259903712 -12.38002961707836 -12.359568611268308 -12.450323072522561 -12.36451885460945 -12.270794247350512 -12.197530645901622 -12.117336703775138 -12.237462608853495 -12.211061311034076 -12.22855217083944 -12.159248764063467 -12.179709769873515 -12.232512365512353 -12.232512365512353 -12.217001603043446 -12.178059688759802 -11.963219127754279 -11.642773375471076 -11.379090413499627 -10.875155641371464 -10.210172952544841 -9.571591561537637 -8.726750031316223 -8.211264691392063 -7.816565288991746 -7.975633108353747 -8.416204765715305 -8.376272802763435 -8.502008983628418 -7.803034623859293
-10.909477328536708 -10.617412971409383 -10.777470839439612 -10.783411131448982 -11.0530343854298 -11.136858506006455 -11.35169906701198 -11.57941026070447 -11.726597496047733 -12.012721561165689 -12.209081213697619 -12.501145570824946 -12.537447355326645 -12.661203438855175 -12.611370989221019 -12.574409172273832 -12.487614905692492 -12.31369635630707 -12.26584400400937 -12.131197385130331 -12.212051359702304 -12.142747952926328 -12.16716915340929 -12.088955308619262 -12.103806038642684 -12.156278618058781 -12.042093004989793 -12.004141139374378 -11.682705338422949 -11.303846714714282 -10.977790686644454 -10.620383117414068 -10.15341016223309 -9.675876687924344 -9.036305248248915 -8.634015472725514 -8.211264691392063 -8.437655820193584 -8.744240891121589 -9.12606966083494 -9.041255491590055 -9.22474451143502 -7.761782596016451
-11.13982865201114 -10.906507182532025 -11.270845092440009 -11.108477110850579 -11.40945190599196 -11.445423674270918 -11.64673357014399 -11.812731730183588 -11.960248981749594 -12.239442706189951 -12.486624857024264 -12.737437186308746 -12.639752384376894 -12.815651031098774 -12.74733767299103 -12.69948532069333 -12.55592826380024 -12.363528805941222 -12.330197167444204 -12.17904973742803 -12.25033324154046 -12.142747952926328 -12.165189056072835 -12.133837514912274 -12.149678293603927 -12.077404740823265 -11.949358446399081 -11.582050390486412 -11.09989668905927 -10.636883928551203 -10.460985281829323 -10.145819789110007 -9.82834418283149 -9.36236127631874 -8.933670202975922 -8.586163120427816 -8.65645657587202 -9.069636886745931 -9.371271714332796 -9.488427473406468 -9.37424186033748 -8.581212877086674 -6.941692282500741
-11.786330432364169 -11.280415562899549 -11.753988842535382 -11.535188086856945 -11.710096684910596 -11.763889329217662 -11.889955526305389 -12.028562339857341 -12.200500791906308 -12.500155522156717 -12.598830372756794 -12.839082182913511 -12.723906521176293 -12.949307601309584 -12.851622799377736 -12.79915021996164 -12.659223341518718 -12.439762553394793 -12.384979860419499 -12.23449246284881 -12.252973371322405 -12.114366557770452 -12.227562122171214 -12.225912041057498 -12.175089542755117 -12.0236120965162 -11.66620452728581 -11.194611344986436 -10.791331520794806 -10.425013513550365 -10.197302319857874 -9.83791465329103 -9.573571658874094 -9.217814170757421 -8.843905790389897 -8.84192569305344 -9.084157600546611 -9.406583450166268 -9.66927636346949 -9.542220117713534 -9.28744759375614 -8.244266313666337 -6.365483957591916
-12.16716915340929 -11.767849523890575 -12.170139299413975 -12.081364935496179 -12.12723719045742 -12.040112907653336 -12.104796087310913 -12.233502414180581 -12.445372829181423 -12.746347624322802 -12.653613065732092 -12.934786887508906 -12.920926206153709 -13.065473311715031 -12.950297649977813 -12.898485103007204 -12.75129786766394 -12.518636430630309 -12.39950057422018 -12.187630159219342 -12.132847466244046 -12.032522534530253 -12.113376509102224 -12.02955238852557 -11.944408203057941 -11.749368615416982 -11.375130218826715 -10.96029982683909 -10.622363214750525 -10.425013513550365 -9.964970899046985 -9.514828771225886 -9.22474451143502 -9.030364956239545 -8.968981938809396 -9.153461007322587 -9.50294818720715 -9.604593183811913 -9.814483501476296 -9.436614926435858 -8.91914948917524 -7.543311856560757 -5.3127322070425755
-12.545037728449728 -12.251323290208688 -12.620281427235074 -12.361548708604765 -12.309736161634156 -12.18862020788757 -12.304785918293014 -12.478704467678437 -12.673084022873912 -12.9463374553049 -12.887924583879435 -13.095834804207364 -13.09187460953445 -13.16909840565625 -13.048972500577893 -12.901455249011889 -12.63315205992204 -12.35857856260008 -12.221951846384584 -12.031532485862025 -12.088955308619262 -11.894575753423787 -11.801841194833077 -11.65267386215336 -11.539148281529856 -11.277445416894864 -10.906507182532025 -10.643814269228802 -10.352739960769705 -10.311817949149606 -9.789402268547846 -9.473906759605788 -9.2346449981173 -9.219794268093878 -9.313518875352816 -9.45146565645928 -9.660365925455435 -9.640894968313614 -9.647495292768468 -9.191742889160745 -8.426105252397587 -6.610686011089773 -3.661331028437903
-13.054912792587263 -12.469794029664385 -12.960198136660097 -12.614341135225704 -12.462203656541302 -12.315676453643523 -12.435802358721883 -12.633812092367528 -12.831161793567684 -13.058872987260177 -13.079333993070225 -13.161178016310426 -13.165138210983336 -13.160187967642198 -13.008050488957792 -12.770768824805764 -12.478704467678437 -12.156278618058781 -11.970809500877362 -11.800851146164849 -11.870154552940825 -11.631882840120566 -11.411432003328416 -11.168210047167015 -10.95435953482972 -10.69067657285827 -10.401582361735631 -10.201262514530788 -9.83428447484086 -9.854745480650909 -9.430014601981004 -9.373251811669252 -9.150490861317902 -9.19339297027446 -9.302958356225048 -9.408233531279983 -9.56565126952827 -9.532319631031253 -9.274576961069172 -8.67592753301384 -7.283259073039478 -5.424937722775107 -3.446490467432379
