static/data/ASCData/20210109/ASCV/09.asc
ncols 97
nrows 97
xllcorner 99.0
yllcorner 2.0
cellsize 0.25
NODATA_value -32767
[rows 0 to 18 of 97, columns 42 to 83 of 97]
-3.05472044657859 -2.0626333850027434 -1.172038605941049 -1.0988191735558388 -1.4598417213561836 -1.6805874358244668 -1.8016532299663492 -2.5624828763849474 -2.6922480090280434 -2.5313102467556003 -2.5809689707000256 -2.9883879905068405 -3.0108612816349742 -3.257705011606897 -3.2138458466632804 -2.7071093789676155 -2.1641256675168963 -2.010799826433015 -2.0528466291888785 -2.88870807018044 -3.899281226071365 -4.216807081365644 -3.820262234685346 -3.1993469491612587 -2.9572153608774934 -2.8455738501119248 -2.861522637364149 -2.8115014409821732 -2.6092418208289683 -2.2286457614008937 -1.68276227044977 -1.5975812476253912 -1.6320161291926931 -1.8078152614047085 -2.0477720150631704 -2.15325149439038 -1.810715040905113 -1.5185622562393721 -0.7029992717506413 -0.5069016830357951 -1.761781261835789 -4.304887883690427
-2.4178563738022794 -1.5047883036124512 -0.8037666093896934 -1.0419110008604027 -1.8661733238503466 -2.2529314147167803 -2.1681128643299523 -2.205085052960108 -2.4776643259981195 -2.308752170099565 -2.2326329582139497 -2.5976427028273505 -2.9873005731941884 -3.0438462734520737 -2.897407408681653 -2.3584108940439896 -1.8252139384071349 -1.7041481442652522 -1.5870695469364255 -2.4736771291850634 -3.6444631024733303 -4.079067555096437 -3.653524913412094 -2.8897954874930916 -2.693335426340695 -3.090967690333645 -2.971714258379515 -2.760755299725097 -2.5294978845678475 -2.2841040443461273 -1.7606938445231375 -2.1278784237618416 -2.2384325172147586 -2.4345301059296043 -2.5584956795718914 -2.2362576825894553 -1.4989887446116423 -1.288029785957224 -0.9012716950907906 -1.4308439263521397 -3.63105162228396 -6.321322053784121
-2.4374298854300087 -1.40438343841095 -0.883873018088364 -1.621141956066177 -2.505937176127062 -2.3826965473598762 -2.072420140816608 -2.4102444526137177 -2.940541628750168 -2.666149993524404 -2.1623133053291435 -2.3906709409859883 -2.86913455855271 -2.8017146851683083 -2.9376418492497636 -2.6668749383995047 -2.1025053531333033 -1.5265366498654842 -1.4188823359129716 -2.4990501998136017 -3.3809456403740827 -3.822437069310649 -3.57813064640158 -2.9220555344350903 -2.6766616942133696 -3.3301994991170063 -3.109453784648723 -2.870946920740463 -2.671949552525213 -2.202185273459704 -1.6153423970653682 -2.0155119681211717 -2.2159592260866248 -2.383783964672528 -2.3007777764734527 -1.865085906537695 -0.6729140594339458 -0.41302132171020345 -1.2753432506429552 -3.9268291313252064 -6.445287627426407 -7.854580464622934
-2.678836528838673 -1.8125274030928658 -1.8350006942209995 -2.4160440116145265 -2.39175835829864 -1.9375803940478045 -1.837900473721404 -2.711821520655773 -3.1688992644070124 -2.8009897402932076 -2.3036775559738567 -2.6063420413285634 -3.108366367336071 -2.893420211868597 -2.682823725651729 -2.3214387054138337 -1.539223185179753 -1.1611644328145325 -1.665001121009793 -2.7665548587259057 -3.544058237271829 -3.866296234254265 -3.6437381575982295 -3.190285138222495 -2.8760215348661706 -3.3370864754304663 -3.1395389969654186 -2.91516855812163 -2.7049345443423123 -2.2068974151478606 -1.7277088527060376 -1.9970258738060942 -2.2148718087739727 -2.1054051326337078 -1.939392756235557 -1.0741710478024014 -0.05489855341026306 -0.7000994922502368 -3.9061682023848254 -6.457974162740676 -8.033279376335354 -8.81259511706903
-2.865147361739654 -2.4247433501157394 -2.3486241382301247 -2.109392329446764 -2.0430598733750136 -1.7509070887092728 -1.903507984918053 -2.807514244169117 -2.9825884315060316 -2.6280903875815964 -2.337749965103608 -2.6103292381416194 -3.229432161477954 -3.0420339112643213 -2.7625676619128496 -2.171737588705458 -1.4130827769121628 -1.448242603354566 -1.8621861270372906 -2.839049346236015 -3.582117843214636 -3.8985562811962637 -3.857596895753052 -3.4835253402008877 -3.096767249334454 -3.0536330292659386 -2.9550405262521897 -2.8604352200514973 -2.6407769228958657 -2.127153478886741 -1.7987534504659448 -1.8114399857802141 -1.7313335770815432 -1.617154759253121 -1.2061110150708005 -0.44818114815260657 -0.7062615236885961 -2.741181788097367 -5.9747984034857975 -8.15615753266499 -9.665130290187916 -9.764810210514318
-2.6241031907685404 -2.5030373966266577 -2.3036775559738567 -2.0655331645031474 -1.8719728828511555 -1.7110351205787127 -2.109392329446764 -2.878921314366575 -2.9510533294391337 -2.5664700731980035 -2.275404705844914 -2.501949979314006 -3.1290272962764525 -2.98150101419338 -2.6737619147129656 -2.082931841505574 -2.0695203613162034 -2.1456395732018185 -2.265617950031049 -3.002886888008862 -3.7169575899834397 -3.660049417288004 -3.619090031844792 -3.707170834169575 -3.362459546059005 -3.0761063203940724 -3.011586226510075 -2.9169809203093826 -2.3214387054138337 -1.7980285055908438 -1.3703110292811984 -1.0861326382415695 -0.938606356158497 -0.4833409745950097 -0.0712098131000376 -1.6004810271257957 -3.190285138222495 -5.609426186434845 -8.08982507659324 -10.276258819898139 -10.83301648397578 -10.956257112742966
-2.271417509031858 -2.4178563738022794 -2.174999840643413 -1.8857468354780762 -1.6834872153248708 -1.8223141589067304 -2.258730973717589 -2.9728016756921667 -2.723783111094941 -2.355511114543585 -2.440329664930413 -2.6806488910264257 -3.031159738137805 -2.7042095994672115 -2.440329664930413 -2.337749965103608 -2.381971602484775 -2.7353822290965586 -2.8771089521788222 -3.402331514189565 -3.5694313079003672 -3.4842502850759884 -3.53825867827102 -3.7706035107409206 -3.5107107730171787 -3.2674917674207613 -3.1866604138469894 -2.6251906080811924 -1.9894139526175327 -1.4366434853529486 -0.8331268768312876 -0.4942151477215262 -0.15530341861176478 0.3155482777663958 -1.2137229362593618 -3.416105466816486 -6.465948556366788 -8.564663969784457 -10.530351998621072 -11.32996619585758 -11.8406898603663 -12.286168486115923
-2.5048497588144105 -2.497237837625849 -1.9767274173032634 -1.7501821438341716 -1.9140196856070189 -2.0713327235039563 -2.4754894913728163 -2.884720873367384 -2.586043584825733 -2.3301380439150465 -2.5001376171262537 -2.857535440551093 -2.9474286050636285 -2.453016200244682 -2.2706925641567572 -2.183699179144626 -2.457003397057738 -3.0713941787059156 -3.116340760962183 -3.1036542256479143 -3.2490056731056836 -3.5175977493306387 -3.659324472412903 -3.6035037170301187 -3.2801783027350306 -3.303739011175816 -3.0409464939516697 -2.453016200244682 -1.846599812222617 -1.2677313294543935 -0.7443211296314036 -0.34270166882539765 0.003821981472925451 -1.3398633445269525 -3.2432061141048747 -5.949425332857259 -8.777435290626627 -10.392612472351864 -11.44921962781171 -12.24520910067271 -12.71569832461332 -13.093757076978541
-3.002161943133761 -2.3428245792293163 -1.7820797183386197 -1.8027406472790009 -2.1405649590761104 -2.476576908685468 -2.7694546382263097 -2.662162796711348 -2.222846202400085 -1.865085906537695 -1.8056404267794053 -2.1456395732018185 -2.505937176127062 -2.5215234909417354 -2.545809144257622 -2.68354867052683 -2.923867896622843 -3.101479391022611 -2.8582603854261937 -2.741181788097367 -2.9833133763811324 -3.402331514189565 -3.5734185047134233 -3.2685791847334134 -2.9883879905068405 -3.2178330434763365 -2.771629472851613 -2.2010978561470522 -1.7215468212676783 -1.160077015501881 -0.2618703152516253 -0.001977577527883412 -1.2713560538298991 -3.4443783169454285 -6.033156465931436 -8.497969041275155 -9.997155042984218 -11.121182071828464 -12.13864220403285 -12.803779126938103 -13.273543406003613 -13.545035261728973
-3.0819058793948813 -2.0343605348738008 -1.4765154534835085 -1.6544894203208274 -2.1942108798335918 -2.5929305611391937 -2.691523064152942 -2.5030373966266577 -2.1006929909455505 -1.7469198918962168 -1.580182570622965 -1.641802885006558 -1.8828470559776718 -2.231545540901298 -2.7792413940401746 -2.994187549507649 -2.799902322980556 -2.39175835829864 -2.128965841074493 -2.5128241524405226 -2.7538683234116363 -3.0655946197051067 -3.153312949592339 -2.9071941644955177 -3.105466587835667 -3.066319564580208 -2.2706925641567572 -1.6447026645069625 -1.0067511744179996 -0.11035683635549676 0.22348027862855702 -0.9933396942286294 -3.348685593432084 -5.901216498663036 -8.021680258333737 -9.512891866416687 -10.797856657533377 -11.81350442755001 -12.534099633400496 -12.963991944335445 -13.40439595595936 -13.788979212200491
-2.768729693351209 -1.7041481442652522 -1.1894372829434752 -1.4366434853529486 -2.0430598733750136 -2.413144232114122 -2.2119720292735687 -1.8592863475368862 -1.672975514635905 -1.6396280503812548 -1.5751079564972574 -1.4609291386688352 -1.4678161149822953 -2.090906235131686 -2.7578555202246924 -2.960115140377898 -2.6570881825856403 -2.1405649590761104 -1.7070479237656566 -2.3953830826741456 -3.00796150213457 -3.1815857997212817 -2.9354670146244604 -2.474764546497715 -2.6201159939554843 -2.459903176558143 -2.0372603143742047 -1.3409507618396042 -0.654427965118868 -0.21692373299535772 -1.6142549797527166 -3.913055178698286 -6.006695977990246 -7.692555285037839 -9.161293601992655 -10.172954175196233 -11.258921598097672 -11.841777277678952 -12.252096076986172 -12.557660341841283 -12.86141224450864 -13.133991517546653
-2.4591782316830413 -2.0155119681211717 -1.624041735566581 -1.7001609474521961 -2.1104797467594154 -2.1209914474483815 -1.7215468212676783 -1.3877097062836246 -1.2227847471981255 -1.1191176300586694 -1.1144054883705121 -1.2137229362593618 -1.6925490262636345 -2.165938029704649 -2.7129089379684244 -2.6766616942133696 -2.3341252407281026 -2.1231662820736847 -2.080032062005169 -2.6114166554542715 -3.0945924147091506 -3.086980493520589 -2.4287305469287954 -1.9502669293620736 -2.1014179358206517 -1.8741477174764587 -1.6563017825085797 -1.5830823501233695 -1.3318889509008405 -2.5168113492535786 -4.114227381538839 -6.046930418558356 -7.417076232499424 -8.856454282012646 -9.705002258318476 -10.560437210937767 -11.335040809983287 -11.623206397835972 -11.815316789737762 -11.769645262606392 -11.896510615749085 -11.476767533065551
-2.553783537883734 -2.2402448794025114 -2.196385714458895 -2.2373450999021065 -2.1514391322026274 -2.0057252123073073 -1.5635088384956397 -1.3036161007718978 -1.216985188197317 -1.256857156327877 -1.2902046205825273 -1.549009940993618 -1.9814395589914207 -2.2989654142857 -2.6697747178999096 -2.6103292381416194 -2.2862788789714306 -2.1503517148899753 -2.4200312084275826 -2.494338058125445 -2.807514244169117 -2.3634855081696973 -1.6834872153248708 -1.4493300206672175 -1.5906942713119308 -1.5301613742409894 -1.9796271968036678 -2.1934859349584905 -3.6357637639721174 -4.972562113658535 -6.09586419762768 -7.488483302696881 -8.710015417242225 -9.423723646779253 -10.208838946513737 -10.630031918947473 -11.193314086901022 -11.401373266055037 -11.13858074883089 -11.041075663129794 -10.599584234193227 -10.079073813870641
-2.7814162286654778 -2.519711128753983 -2.462078011183446 -2.6114166554542715 -2.5479839788829257 -2.3105645322873176 -1.810715040905113 -1.4453428238541615 -1.3340637855261437 -1.6700757351355007 -1.7501821438341716 -1.9288810555465914 -2.320351288101182 -2.552696120571083 -2.799902322980556 -2.444316861743469 -2.2880912411591834 -2.8524608264253852 -2.4522912553695813 -2.1641256675168963 -2.12026650257328 -1.9248938587335354 -1.5997560822506944 -1.9296060004216924 -2.2609058083428923 -2.5584956795718914 -3.188472776034742 -4.3839068750764465 -5.65147298919071 -6.641747688578803 -7.555540703643732 -8.605623355227667 -9.376964702335231 -9.921760775973704 -10.394424834539617 -10.873975869418992 -11.110307898701947 -11.17084079577289 -10.9120354753618 -10.646343178637247 -10.103721939624078 -9.437497599406173
-2.9452537704383253 -2.919155754934686 -2.8984948259943044 -2.932567235124056 -2.821288196796038 -2.621928356143237 -2.185511541332379 -1.69617375063914 -1.940480173548209 -2.4073446731133137 -2.377984405671719 -2.4863636644993328 -2.8067892992940164 -2.764742496538153 -2.7042095994672115 -2.6172162144550803 -2.5849561675130817 -3.3468732312443312 -2.448304058556525 -1.939392756235557 -2.5215234909417354 -2.6241031907685404 -2.5704572700110595 -3.2471933109179307 -3.8068507544959753 -4.547019471974193 -5.36040762183762 -6.104563536128893 -7.159358329400985 -7.814346024054823 -8.562489135159153 -9.252999128692945 -9.734362525760071 -10.224787733765961 -10.560437210937767 -10.962781616618875 -11.088922024886465 -11.1113953160146 -10.964956451244179 -10.495192172178669 -9.990268066670756 -9.065600878479312
-3.1775986029082257 -3.1515005874045863 -3.220732822976741 -3.1515005874045863 -2.914081140808978 -2.554870955196386 -2.1485393527022225 -2.1300532583871448 -2.4207561533026833 -3.0761063203940724 -3.012673643822727 -3.090967690333645 -3.145701028403778 -3.07429395820632 -3.5233973083314476 -3.495124458202505 -3.338898837618219 -3.593716961216254 -2.823100558983791 -3.1826732170339334 -3.765528896615213 -4.058769098593606 -4.059494043468707 -4.758703375503712 -5.350620866023755 -6.150597535697813 -6.784199356536169 -7.508781759199712 -8.128972099848697 -8.616135055916633 -9.19137881430935 -9.527390763918708 -10.023615530925408 -10.34947825228335 -10.656129934451112 -10.922909648488314 -11.05847434013222 -11.122269489141116 -10.86708889310553 -10.388625275538809 -9.570162511549674 -8.610335496915825
-3.305551373363569 -3.278365940547278 -3.3330992786174107 -3.155125311780092 -2.8292625904221502 -2.2518439974041287 -1.9132947407319179 -1.953166708862478 -2.59075572651389 -3.3084511528639733 -3.4483655137584845 -3.5770432290889285 -3.6006039375297143 -3.924654296699903 -4.464738228650218 -5.0135214991017465 -4.800750178259575 -4.413992087393142 -4.358533804447908 -4.697445533557669 -4.997210239411972 -5.205269418565986 -5.434714471535482 -6.033156465931436 -6.517782114936517 -7.120211306145526 -7.715753521041075 -8.134771658849507 -8.678842787612878 -9.007967760908775 -9.401250355651118 -9.717688793632746 -9.926835390099411 -10.208838946513737 -10.544850896123094 -10.8797754284198 -10.950095081304605 -10.790244736344814 -10.457132566235861 -9.974681751856084 -9.172892719994273 -7.8292073939943965
-3.5469580167722334 -3.4940370408898533 -3.184485579221686 -2.940541628750168 -2.6183036317677315 -2.149264297577324 -1.940480173548209 -2.4102444526137177 -3.1308396584642053 -4.01563487852509 -4.246167348807239 -4.41326714251804 -5.3045868664548355 -5.830171900903129 -5.8682315068459365 -5.8504703574059596 -5.538019116237388 -5.257827922010815 -5.45320056585056 -5.636611619251137 -5.856632388844319 -6.131748968945184 -6.464861139054137 -6.993345953002835 -7.410189256185964 -7.860380023623742 -8.190592414232292 -8.50195623808821 -8.83905560501022 -9.182679475808138 -9.463958087347363 -9.71406406925724 -9.848541343588494 -10.050800963741699 -10.388625275538809 -10.680778060204549 -10.582185557190801 -10.301631890526677 -9.915236272097793 -9.490418575288553 -8.64078318167007 -7.065477968075394
-4.2091951601770825 -3.844910360438783 -2.960115140377898 -2.635702308770158 -2.448304058556525 -2.285191461658779 -2.6183036317677315 -3.7597293376144045 -5.22085573338066 -6.169808574887991 -6.18177016532716 -6.100576339315837 -6.506907941810001 -6.6932187747109815 -6.510895138623056 -6.184669944827564 -6.056717174372221 -6.09586419762768 -6.224541912958124 -6.287249644654368 -6.520681894436921 -6.9005530089898945 -7.193430738530736 -7.488483302696881 -7.828119976681744 -8.078950903466723 -8.360229515005948 -8.66615625229861 -8.95903398183945 -9.28308434100964 -9.469757646348171 -9.652443754873648 -9.851441123088899 -10.087773152371854 -10.343678693282541 -10.533251778121477 -10.404211590353482 -10.145406269942391 -9.688328526191151 -9.067413240667065 -8.117372981847081 -6.866118127422592
