static/data/ASCData/20210109/ASCV/12.asc
ncols 97
nrows 97
xllcorner 99.0
yllcorner 2.0
cellsize 0.25
NODATA_value -32767
[rows 0 to 18 of 97, columns 0 to 41 of 97]
0.29174600043279497 1.0916437797481775 2.1325714242650626 2.36813794585533 2.1013982283656683 2.117145512892166 2.7409308040336526 2.7380384456512346 2.2254482656560413 1.877722513458675 2.4237355014284763 3.7812157022433333 3.486195147236695 3.590641422157346 3.1677143520171107 2.419879023585252 1.579809600069619 0.9550601894673267 0.6025138399659307 0.35730612376760273 0.46078827922744736 0.45018296515858136 0.3357741224762689 0.2528598488469527 0.15419829069113788 -0.14082226431550016 -0.27451349621393284 -0.6543765637714993 -0.8976560410482151 -0.7131878508806659 -0.6749444456020277 -0.9776779562951137 -1.4404552974819964 -1.6496692204768997 -1.6191387708847098 -1.4337064612563544 -0.9590383133861975 -1.015921361573752 -1.3916065781344922 -1.987432404912604 -2.6407840261854743 -3.070459932551351
0.30170856819445646 0.9753066981442533 2.2656199098562917 2.65705241094353 2.41795078466364 2.381635618306614 2.480297176462429 2.722612534278338 2.7380384456512346 2.8787998869289115 3.303655195990758 3.601568109379814 3.100547362914293 2.469691862393563 3.2692682685553436 3.014419357748956 1.83690812295122 0.8756810205276322 1.164916858769434 1.2516876102419747 1.3876284542156219 1.040866821479061 0.300744448733651 -0.0929376644288018 -0.23241361309207065 -0.5129723761866187 -0.5216494513338725 -0.6845856402100878 -0.7871036762091261 -0.44837637231261596 -0.3554995309216378 -0.7851754372875144 -1.2482741516279994 -1.5362244972553931 -1.684698894219518 -1.624280741342342 -1.479662822221441 -1.6094975762766497 -1.4288858639523245 -1.3838936224480443 -1.7502590175543267 -1.953366850630792
0.8612192286155427 1.5701684054615592 2.109111184052116 2.5047215361361808 2.3202533459686316 2.0419441949492976 2.534930612574769 2.905152485524275 2.8543755272551588 3.0623039576356543 3.4842669083150835 3.813353017603533 3.3933183058457166 2.8318794065030186 2.4372331738797604 2.006593148053078 1.2018747714336646 0.8535062729290939 1.789987642525328 1.5849515705272506 1.46765036946252 1.001659296739617 0.3846228418237736 0.04075356746963088 -0.17970841590134246 -0.6691597288371915 -0.709974119344646 -0.7588228386921503 -0.5129723761866187 -0.08201097720633399 -0.24044794193212082 -0.7012970441973918 -0.9747855979126956 -1.4240652666482942 -1.7599002121623868 -2.0774168879211645 -2.088986321450837 -2.0597413644730547 -1.7100873733540762 -1.6133540541198736 -1.6406707721760436 -1.6827706552979063
1.5428516874053884 1.5817378389912307 2.012699237971516 2.2068086227471246 2.04869303117494 2.034873985570054 2.3797073793850023 2.2723687460819333 2.056405986861388 2.274296985003545 3.064232196557266 3.6571656649529602 2.6747279343916395 3.0378795979619024 2.5583908527877153 1.6893978454479015 0.9206732620319125 0.9373846660192164 2.204880383825513 1.6893978454479015 1.0437591798614791 0.6735373069119728 0.5498086427752025 0.2322919670164243 0.02822001447915312 -0.4904762554344786 -0.5097586446505984 -0.35357129200002557 -0.08201097720633399 -0.14467874215872412 -0.4904762554344786 -0.8067074385788486 -0.7385763300152242 -1.1621461464626628 -1.6962683277491903 -2.0703466785419207 -2.1047336059773345 -1.6904836109843542 -1.3408296198653757 -1.4581308209301067 -1.5654694542331753 -1.7714696456920587
1.5087861331235768 1.7996288371333886 1.877722513458675 2.0663685546230504 2.1267867075002265 2.150246947713173 1.944246756254289 1.7302122359553556 1.7109298467392353 2.059298345243806 2.832843525963825 3.5964261389221814 2.359139497554474 2.701080532987004 2.816132121976521 1.9432826367934828 1.0174065812661155 0.9489540995488888 2.3398571083383537 1.6151606469658395 0.9489540995488888 0.5465949112391826 0.412903679340749 0.09570837673557353 -0.018700465946739797 -0.33300341016949764 -0.5068662862681808 -0.36931857652652367 -0.4612312984566964 -0.5139364956474246 -0.6906917301285258 -0.8507355606223226 -0.743396927319254 -0.6399147718594094 -1.1486484740113787 -1.4758063443782166 -1.6699157291538258 -1.2392757033271433 -1.0538433936987879 -1.170180475302713 -1.6760218190722642 -1.9816476881477678
1.1199246172651538 2.0223404325795755 2.012699237971516 1.665937605234955 1.7253916386513257 2.0242686715011873 1.8269455551895586 1.8513699148633105 1.944246756254289 2.293900747373267 2.5124344918226287 3.2711965074769553 2.1884903529918107 2.5008650582929564 2.7958856132995944 2.601454855370384 1.6736505609214039 1.0270477758741752 1.9150017992765074 1.137600140713264 0.5038522818101159 0.10149309350040969 0.17090969467844186 -0.09100942550719004 -0.04890954238532785 -0.08522470874235388 -0.3137210209533774 -0.5255059291770965 -0.6183827705680751 -0.5801393652894369 -0.6601612805363355 -0.7861395567483203 -0.6826574012884756 -0.5782111263678251 -0.5120082567258124 -0.7568945997705381 -0.858448516308771 -0.6428071302418275 -0.561821095534123 -1.213887224192585 -1.7216568068837486 -2.0558848866298307
0.9675937424578045 1.808305912280642 1.5280685223396961 1.1462772158605183 1.2205144143425803 1.6248018415738992 2.1434981114875304 2.1042905867480863 1.9471391146367072 1.800592956594194 1.9667428770064292 2.348534183485608 1.6591887690093134 2.2919725084516553 2.778210089851485 2.61206016943925 2.0358381050308596 1.3426362127113416 1.145313096399712 0.4871408778228119 -0.094865903350414 -0.3770315322129716 -0.28929666127962506 -0.18163665482295466 -0.03541186993404377 0.01729332725668442 0.014400968874267228 -0.19738393934945275 -0.04890954238532785 -0.012915749181903635 -0.41238257910919174 -0.7520740024665082 -0.7012970441973918 -0.7003329247365859 -0.6280239651761352 -0.572426409602989 -0.4024200113475298 -0.32818281286546735 -0.6845856402100878 -1.3732883083791783 -1.8244962160363891 -2.0880222019900305
0.9794845491410786 1.2449387740163331 0.9762708176050587 0.8875718272109063 1.030261507410195 1.487254131832242 2.336643376802334 1.8327302719543948 2.186240740916597 1.9667428770064292 1.6093759302010033 1.44033365140635 1.343600332172147 1.968671115928041 2.1933109502958406 1.80959140489505 1.2790043282981447 1.010657745040473 0.7021395175825509 0.4013342458110776 0.19212032281617386 -0.17970841590134246 -0.5139364956474246 -0.5341830043243507 -0.30183021427010326 -0.09679414227202576 0.01729332725668442 0.21172408518589592 0.4755714442931396 0.7002112786609391 0.03014825340076488 -0.6611253999971414 -0.8928354437441852 -0.9072972356562752 -1.0576998715420123 -1.0586639910028182 -0.9934252408216118 -1.029419034025036 -1.4279217444915187 -1.8710953233086793 -2.2753827505399977 -2.3380505154923883
0.9001053802013841 1.1414566185564876 1.192233576825604 1.1572039030829862 1.3368514959465054 1.9040751120540387 2.2704405071603215 1.9783123105361016 1.9207865160413427 1.9365338005678412 1.8992545147500088 1.715750444043266 1.41783753065421 1.492074729136272 1.9763840716144898 1.4001620072060996 0.6513625593134345 0.4765355637539459 0.8281177937945357 0.5944795111258809 0.5388819555527338 0.536953716631122 0.2293996086340062 -0.3076149310349394 -0.4053123697299479 -0.34393009739196545 -0.47665720982959225 -0.30375845319171546 -0.03734010885565553 0.300744448733651 0.4482547262369696 -0.027377541093993152 -0.5078304057289866 -0.905368996734663 -1.2061742685061372 -1.4279217444915187 -1.5314038999513633 -1.6075693373550375 -1.486411658447083 -1.7968581248266169 -2.2345683600325437 -2.4678852695475975
1.2536158491635865 1.511678491505994 1.83690812295122 1.49496708751869 1.4062680971245376 2.1492828282523666 1.9169300381981191 2.0027366702098535 1.770383880155606 1.8963621563675908 2.1679224711612823 2.0467647922533274 1.1629886198478223 1.1433848574781003 2.1650301127788643 2.356247139172056 2.10332646728728 2.202952144903901 2.201988025443095 1.4049826045101295 1.4188016501150162 1.7842029257604919 1.9342841884926267 1.4824335345282122 0.42865096386724755 -0.30986454311015343 -0.7903174077451465 -0.9375063120948632 -0.867446964609627 -0.6749444456020277 -0.3146851404141833 -0.31854161825740723 -0.4560893279990643 -0.8157058868797047 -1.2823397059098114 -1.7206926874229422 -2.1593670420896753 -1.828352693879613 -1.2665924213833133 -1.1660026243058867 -1.5539000207035034 -2.0754886489995528
1.8378722424120264 1.696146681673544 1.321104211420007 1.0820025851401178 1.41783753065421 2.241195550182539 1.959672667627185 1.6151606469658395 1.800592956594194 2.051585389557358 2.2421596696433452 2.0965776310616384 1.8115196438166628 1.7880594036037163 1.902146873132427 1.8767583939978687 2.1132890350489424 3.0320948811970663 3.2303821169695013 2.604347213752802 2.492187983145703 2.411844694745202 2.0769738686919164 1.6990390400559612 1.2899310155206134 0.49292559458764806 -0.49433273327770255 -1.1660026243058867 -1.3311884252573156 -1.4893040168295006 -1.6152822930414859 -1.5050513013559987 -1.2813755864490055 -1.3977126680529302 -1.6037128595118135 -1.8996975339792574 -2.164187639393705 -1.6319936970287898 -1.243453554323969 -1.5352603777945872 -2.0938069187548667 -2.328409320884328
1.6951825622127377 1.3953414099020698 1.010657745040473 0.8904641855933244 1.0662553006136193 1.2928233739030306 1.8844713496843166 1.4326206957199021 1.6736505609214039 1.951959711940737 2.05351362847897 1.8896133201419492 2.1325714242650626 1.9930954756017938 1.351313287858595 1.2214785338033867 1.363204094541869 1.9342841884926267 1.6482620817868456 1.6823276360686572 1.9178941576589255 2.194275069756647 1.9567803092447669 1.4959312069794963 1.2333693404866608 0.8895000661325181 0.0555367325353231 -0.6135621732640453 -1.1428637572465425 -1.6114258151982614 -1.7785398550713025 -1.9697568814644941 -2.0713107980027265 -2.2217134338884637 -2.298842990752944 -2.012820884047162 -1.984540046530186 -1.496374226208745 -1.502158942973581 -1.95625920901321 -2.5215545861991315 -2.459208194400343
0.829081913255342 0.509636998574952 0.5038522818101159 1.2507234907811684 1.5299967612613088 0.9785204296802732 1.7948082398293579 1.7331045943377736 1.6315506777995408 1.8886492006811428 1.800592956594194 1.6395850066395914 1.6971108011343494 1.4139810528109855 1.1433848574781003 1.272255492072503 1.4384054124847383 0.9499182190096951 0.7702706261461758 0.7773408355254201 0.9081397090414347 1.2205144143425803 1.2645425363860552 0.936420546558411 0.8339025105593718 0.7937308663591214 0.2293996086340062 0.046859657388068854 -0.427808490482088 -1.1650385048450809 -1.5625770958507572 -1.9131952064305415 -2.2561003613238775 -2.397504548908759 -2.29498651290972 -2.0607054839338605 -1.9414760439475178 -1.6789141774546819 -1.7158720901189124 -2.1291579656510873 -2.603504740367642 -2.4649929111651794
0.36212672107163346 -0.01677222702512715 0.29463835881521216 0.9958745799747808 1.3153194946551707 0.9042832311982103 1.6013416013609527 1.9850611467617432 1.5341746122581341 1.1989824130512465 1.346492690554565 1.3230324503416195 1.3583834972378392 1.0791102267576997 0.9110320674238528 0.765450028842146 0.5983359889691044 0.3994060068894649 0.583874197057014 0.8406513467850143 0.785053791211868 0.7908385079767042 0.822975823336904 0.7166013094946413 0.6806075162912171 0.6931410692816948 0.6150473929564084 0.3065291654984863 0.10631369080443953 -0.6260957262545235 -1.2453817932455813 -1.7431888081750824 -1.9170516842737655 -1.99803771898147 -2.0880222019900305 -2.111482442202977 -2.016677361890386 -1.8547052924749772 -2.0012514505174903 -2.4817043151524834 -2.653317579175952 -2.60961083028608
0.661003753921495 0.4100113209583309 0.6054061983483487 0.8339025105593718 1.013550103422891 1.0164424618053092 1.3320308986424756 1.611304169122615 1.087787301904954 0.5983359889691044 0.5086728791141457 0.7879461495942861 1.0720400173784554 0.9287075908719631 0.7468103859332293 0.31231388226332246 0.0009032964229831464 -0.2022045366534826 0.27342773067748016 0.5954436305866864 0.6969975471249192 0.6532907982350471 0.8837153493676828 0.8535062729290939 0.83197427163776 0.8377589884025962 0.8171911065720678 0.25575220722937075 -0.05083778130693961 -0.4053123697299479 -1.092086798977426 -1.4523461041652705 -1.5500435428602795 -1.6699157291538258 -1.866274726004649 -2.0899504409116427 -2.1943967158322932 -2.1182312784286186 -2.4543875970963134 -2.8496765760267753 -2.8975611759134736 -2.7783317359271313
0.9139244258062709 1.189341218443186 1.3220683308808132 1.3747735280715414 1.3182118530375888 1.3747735280715414 0.9714502203010289 0.9852692659059148 0.5790535997529842 0.23711256432045413 0.12784569209577334 0.08285345059149307 0.35441376538518465 0.4861767583620056 0.5507727622360079 0.05071613523129326 0.10824192972605129 -0.12218262140658398 -0.46605189576072625 -0.33621714170551753 0.2644292823766241 0.36212672107163346 0.7458462664724239 1.313391255733559 1.304392807432703 0.947025860627277 0.8142987481896498 0.054572613074516774 -0.583031723671855 -0.8439867243966805 -1.196533073898077 -1.506979540277611 -1.675057699611458 -1.8029642147450549 -2.0224620786552223 -2.2140004782020153 -2.3303375598059404 -2.4961661070645733 -2.936768700652918 -3.1681573712463598 -3.1835832826192556 -2.9804754495427908
0.856398631311512 1.5164990888100247 1.8015570760550004 1.6521185596300692 1.428442844723076 1.2430105350947205 0.9814127880626913 0.5925512722042683 0.2184729214115384 0.07224813652262707 -0.059836229607795666 -0.1623542656068344 -0.280298212978769 -0.3166133793357955 -0.12989557709303234 -0.2256647768664286 -0.04312482562049169 0.07128401706182075 -0.2285571352488467 -0.5978148887375472 -0.1623542656068344 0.0378612090872128 0.2673216407590422 1.0048730282756368 1.4599374137760721 1.2272632505682228 0.6581113955390769 0.010544491031042824 -0.8009227218140125 -1.486411658447083 -1.8604900092398133 -2.111482442202977 -2.2278195238069016 -2.286309437762466 -2.404574758288003 -2.4826684346132892 -2.6044688598284482 -2.757121107789399 -3.2031870449889777 -3.401474280761413 -3.3837987573133033 -3.065639335247321
1.080074346218506 1.6347644093355616 1.4666862500017137 1.2812539403733592 1.0193348201877273 0.8708604232236024 0.8133346287288443 0.2888536420503769 0.07996109220907499 0.0272558950183468 -0.2520173754617927 -0.4435557750085861 -0.4756930903687864 -0.5235776902554847 -0.3400736195487415 -0.2873684223580133 -0.1633183850676403 0.05650085199612942 0.28017656690312265 0.0661420466041891 -0.26294406268426096 0.15227005176952613 0.25575220722937075 0.5983359889691044 0.9402770244016345 0.9949104605139754 0.6269381996396826 0.09570837673557353 -0.5177929734906486 -1.483519300064665 -2.2226775533492695 -2.5205904667383257 -2.5119133915910714 -2.5752239028506656 -2.3586183973229167 -2.5527277820985255 -2.8769932940829457 -3.6222576372859887 -4.101746382460176 -4.162164535337352 -3.822473111980036 -3.4522512390305296
1.2401181767123024 1.7000031595167675 1.2108732197345207 1.1735939339166883 0.963737264614581 0.4617523986882537 -0.06947742421585579 -0.26583642106667904 0.05842909091774118 0.17090969467844186 -0.011951629721097312 -0.2002762977318704 -0.22373653794481685 -0.18774274474139263 -0.32914693232627323 -0.6591971610755296 -0.6797650429060575 -0.24237618085373303 0.44600511416175515 0.839687227324208 0.1268815726349679 -0.4474122528518101 -0.4200955347956401 -0.14178638377630604 0.2968879708904266 0.6806075162912171 0.5575215984616504 0.18826384497295034 -0.36739033760491147 -1.2363833449447252 -1.9462966412515477 -2.2140004782020153 -2.1076259643597526 -1.960115686856434 -2.0520284087866063 -2.915236699361584 -4.666077640185291 -6.2453053169855295 -6.67883770119463 -6.403420908557715 -5.463083061118256 -4.456220970883184
