static/data/ASCData/20210109/ASCV/15.asc
ncols 97
nrows 97
xllcorner 99.0
yllcorner 2.0
cellsize 0.25
NODATA_value -32767
[rows 76 to 94 of 97, columns 42 to 83 of 97]
-13.167339205561793 -12.989544329077809 -12.837243317564525 -12.633292397798911 -12.57170981488267 -12.294257102604124 -11.882051104051868 -11.3059559735451 -10.871567001576778 -10.484854867995224 -10.042188667140312 -9.605813160239208 -9.321738664851388 -9.016805552669359 -8.693662536936827 -8.095053343858531 -7.579547528801612 -7.030601709042864 -6.7796361292014105 -6.589259864809806 -6.320746559728779 -5.936020961080006 -5.567849820204417 -5.075520246029955 -4.700396232889629 -4.299116176467674 -4.005109006415944 -3.4300071433755672 -3.1118304649749904 -2.4162121493458417 -3.1859944357988503 -4.383212821955443 -5.506267237288176 -5.813849062713916 -5.789348465209605 -5.7006165715453445 -5.348999888442938 -5.028836675109579 -4.533527298535945 -4.202438143072285 -4.032589406319428 -3.8031446215831117
-12.888893225816856 -12.66938111574445 -12.453510986382144 -12.261148187057758 -11.999256665086003 -11.714188902231793 -11.325490233717456 -10.753368173076252 -10.216010473758733 -9.82664962693347 -9.529662654482568 -9.15354537387585 -8.90655286389996 -8.786367500466651 -8.51023914480996 -8.214245439825447 -7.708341210276975 -7.453402560569958 -7.203430248194895 -6.851813565092488 -6.500196881990082 -6.085342170194117 -5.678102508973815 -5.259274727312286 -5.115582033841058 -4.735822772524241 -4.60371819949424 -4.036562476184992 -2.324500453282408 -1.0726523564743116 -1.2474674305591238 -2.5443436525102783 -4.050137131559001 -5.114588766374667 -5.092074703803139 -4.861636651600431 -4.509026701031634 -4.15939655286201 -3.7140816387633873 -3.464109326388324 -3.3002201944338125 -3.0687888747647145
-12.467085641756153 -12.249228977461065 -12.015148944548258 -11.84596238610633 -11.388066084100087 -11.040422470863245 -10.696751927491967 -10.256072261569836 -9.718052383941389 -9.325711734716952 -9.011177037026476 -8.770806310159859 -8.52381380018397 -8.457264879935774 -8.317876345485573 -8.099026413724093 -7.882163016895397 -7.628217634654771 -7.2660060985775266 -6.868368022865671 -6.336307750035571 -5.909533828642914 -5.581424475578427 -5.567849820204417 -5.471171786809029 -5.601952003217174 -5.470178519342637 -3.6478638076706553 -1.661328874888698 -0.20354332338220527 -0.30684313988686673 -0.9484939231754392 -2.3009931232444885 -3.5326447815693016 -4.19382982503023 -3.963391772827523 -3.8206923468226854 -3.492582993758199 -3.327369505181833 -3.1263983878153914 -2.9055619211211305 -2.7473013048095014
-11.88039565827455 -11.762196829774023 -11.580428883424474 -11.400647472007707 -10.868587199177606 -10.500416058302017 -10.129265115027254 -9.677990596130286 -9.207512906216426 -8.825436020811363 -8.628437973310486 -8.424155964389408 -8.140081469001588 -7.985793922555523 -7.862628756723041 -7.623251297322815 -7.4067189896495815 -7.110725284665071 -6.7505002835206085 -6.253204372014192 -5.676115974041034 -5.373500485947249 -5.33741176800171 -5.527788032393314 -5.7678276701044675 -5.933041158680833 -4.520945910628326 -2.4377329444509797 -0.7124273553298499 0.20965594263644194 -0.6273374423756892 -0.4329881081185212 -1.35573358439574 -2.4787879997284734 -3.227049491076344 -3.3167746522069956 -3.240624146450354 -3.225062956143562 -3.065809072365542 -2.9085417235203037 -2.650623271414113 -2.504281864699175
-11.433094209243146 -11.345024493889813 -11.154648229498209 -10.888121459349962 -10.412346342948684 -9.76606031148362 -9.343259459956526 -8.938006333669007 -8.512887858053668 -8.214245439825447 -8.015923035702716 -7.7649574558612615 -7.546107524099783 -7.292493231014619 -6.978951800790534 -6.689910968070759 -6.305185369421986 -5.974096213958328 -5.67214290417547 -5.234774129807976 -4.848061996226421 -4.678213259473564 -4.836142786629729 -4.9993697402733135 -5.305958298232662 -4.7013895003560195 -2.76981536738103 -0.6869334903591482 0.42155300213318414 -0.15354886090719244 -0.6518380398799999 -0.6203845701109523 -1.1428432574326073 -1.9944045652851394 -2.1020085408108287 -2.1556449839959417 -2.468193146753636 -2.697637931489952 -2.6635357484771953 -2.5873852427205537 -2.294371340135215 -2.0765146758401274
-10.934805030270338 -10.93679156520312 -10.808991151194148 -10.397778420108283 -9.702491193634597 -8.882052266395648 -8.316883078019183 -7.914278664975372 -7.559020001162866 -7.3332171971366495 -7.252431443203516 -7.001465863362062 -6.673356510297577 -6.404512116061085 -6.084348902727726 -5.704589641410909 -5.234774129807976 -4.801047336150582 -4.520945910628326 -4.409368865237072 -4.344144301610731 -4.234884880307724 -4.111719714475242 -3.933924837991257 -3.6359445980739635 -2.661549213544413 -0.974981055612532 0.3804979468556904 0.1315189019470182 -0.6713723000523562 -0.6117762520688972 -0.8031457839268925 -0.9438586749989479 -0.7465295383426067 -0.6068099147369423 -0.668392497653183 -1.0802674070499756 -1.7775411684564424 -2.1635911237270697 -2.1791523140338613 -1.9612956497387735 -1.8166096888011545
-10.43287387058743 -10.490483383638107 -10.275606521742192 -9.809101901693895 -9.022765157467704 -8.288409410649308 -7.845081031483467 -7.469957018343141 -7.08622468716076 -6.83029276998735 -6.676005223541285 -6.223075258866999 -5.951582151386798 -6.176060598791159 -6.012171466836648 -5.562883482872462 -5.03247865581968 -4.593123346519404 -4.370631434047824 -4.436849265140556 -4.618617211490105 -4.177937545567974 -3.3674312929929355 -2.6496300039477214 -1.5355149958125076 -0.5657548594594486 -0.11083835985238055 -0.13699440313400935 -0.6478649700144361 -0.6243576399765165 -0.4435829610933584 -0.8382412344060404 -0.467090291131278 -0.07077657204127741 0.03980720588358455 0.00537393371536421 -0.36279720716022545 -1.168337122403309 -1.571603713758046 -1.858658011545039 -1.651727289380252 -1.4994262778669687
-9.941868653034824 -9.934915780770087 -9.344252727422917 -8.859869292979583 -8.483752012372866 -8.20629930009432 -7.941759064878855 -7.8176006315799835 -7.46532177016665 -7.024642104244519 -6.702492355978379 -6.197581393896297 -6.059848305223415 -6.196588126429907 -5.877418180562938 -5.4983210975570485 -5.060952323189554 -4.626232262065769 -4.400760547195017 -4.490485708325669 -4.330569646236722 -3.3684245604593266 -2.078501210772909 -1.005110168759725 -0.06581023470932257 0.35798388428416184 0.40400527689361043 -0.08534449488167883 -0.3558443348954885 -0.4329881081185212 -0.5061588114759901 -0.682960420493584 -0.3959061227065912 0.0007386855388729074 0.06496998169882273 -0.13500786820122768 -0.5872756545645865 -1.0746388914070932 -1.384207251765615 -1.6096789666363671 -1.4457898346818556 -1.2670016907314796
-9.65382108778144 -9.720038918874172 -9.061833677812416 -8.317876345485573 -8.186765039921964 -8.072539281287002 -8.051018486181864 -7.953347185320084 -7.734828342714069 -7.332223929670258 -6.93789674551304 -6.520724409628829 -6.230690309442663 -5.974096213958328 -5.654595178935896 -5.314897705430181 -4.873555861197123 -4.412348667636245 -4.163369622727573 -3.8157260094907306 -3.220096618811607 -1.8421035537718562 -0.40352117328225523 0.48777083322591563 0.38745081912042734 0.687086504815039 0.5202175704613548 0.1364852392789735 -0.18102926081067627 -0.4660970236648869 -0.6488582374808272 -0.8587687620447872 -0.7756653840234087 -0.48265148143807 -0.41146731301338324 -0.8822760920827073 -1.428242109442282 -1.5560425234512545 -1.5686239113588734 -1.5365082632788982 -1.2736234738407526 -1.0501382939027826
-9.758114171752492 -9.795196157164423 -9.147916858232968 -8.34204585383442 -8.05697809098021 -7.9076568818660995 -7.879183214496225 -7.785484983500009 -7.569614854137702 -7.244485303472389 -6.834265839852915 -6.520724409628829 -6.111829302631209 -5.663534586133414 -5.254308389980332 -4.854683779335694 -4.351097173875468 -3.8802883948061444 -3.131364725147346 -2.5503032573086237 -1.2113787126135849 0.12357276221589064 0.9880465471315056 0.6255039218987988 0.6695387795754653 0.6264971893651894 0.44208052977193146 -0.08534449488167883 -0.467090291131278 -0.3783583974670175 -0.5627750570602759 -0.7375901311450881 -1.004116901293334 -0.8392345018724314 -0.7756653840234087 -1.199459503016893 -1.4818785526273945 -1.7239047252713298 -1.5490896511865175 -1.3812274493664423 -1.0981462214450133 -0.8703568824860155
-9.858765275013445 -9.634286827609083 -9.066800015144372 -8.369526253737904 -7.852033903748204 -7.620602584079106 -7.486842565271788 -7.389171264410008 -7.199457178329331 -6.879293964995972 -6.4455671713385785 -6.108849500232036 -5.601952003217174 -5.016917465512887 -4.494458778191233 -3.8557877973018333 -3.3382954473121336 -2.4135634361021325 -1.6401391689390237 -0.7094475529306767 0.5298191559698009 1.1794160789895005 1.0953194335017309 0.6539775892686728 0.4175799322676199 0.38645755165403584 0.4460535996374948 -0.05488429257902183 -0.34425621445426025 -0.33432353979035057 -0.4435829610933584 -0.5833025846990227 -0.8216867766328573 -0.9660416484150129 -0.9133984726962909 -0.973987788146141 -1.2534270353574697 -1.5424678680772441 -1.3732813096353143 -1.138870187567043 -0.9428654075325569 -0.7160693360399502
-9.455498683658707 -9.106861802955473 -8.63704629135254 -8.021882640501062 -7.512998608553417 -7.140854397812263 -7.000472595895672 -6.903794562500283 -6.714080476419606 -6.357828545140709 -5.924101751483315 -5.369527416081684 -4.76197881580587 -4.091192186836495 -3.3899453555644645 -2.741672789166619 -1.897726531889751 -0.9729945206797499 0.04543572152646691 0.9721542676692496 1.2194778668006037 1.2270929173762677 0.8423673187274958 0.7360876998236603 0.37354507459095343 0.08549750933756961 0.14509355732102858 0.37950467938929977 0.1715806897581209 -0.2873088797145109 -0.3859734480426815 -0.5326459439130828 -0.7932131092629828 -0.9965018507176695 -1.361693189194086 -1.422282504643936 -1.2464741630927327 -1.451418350324738 -1.2004527704832841 -0.9690214508141861 -0.8461873741371684 -0.6183980351781706
-9.135997648636275 -8.639032826285323 -8.15464939184199 -7.5861693119108855 -7.255080156447226 -6.793210784575421 -6.384977855888728 -6.323726362127951 -6.210162781803916 -5.830403520487099 -5.157630356584943 -4.510019968498025 -3.6945473785910314 -2.993631636474464 -2.380123431400303 -2.0285067482978967 -1.0776186938062664 0.0017319530052639642 1.0436695252494004 1.5561955379071457 1.4674636442428848 1.0913463636361675 0.8854089089377708 0.7456892853321064 0.4331411225744124 0.09443691653508868 0.1530396970521566 0.48412885251581583 0.5523332185413294 0.11297790924105344 -0.08335795994889672 -0.4660970236648869 -0.9465073882426571 -1.6427878821827333 -2.039432690428197 -1.9904314954195756 -1.7884671105867431 -1.458371222589475 -1.138870187567043 -0.9319394654022561 -0.8127473694353387 -0.5842958521654134
-8.750278782521113 -8.281456538384571 -8.00731471766066 -7.5570334662300835 -7.247465105871562 -6.4905952964816365 -5.947609081521234 -5.7297524172261465 -5.64863557413755 -5.126176886815895 -4.333218359480431 -3.5746931043131864 -2.6731373339856415 -2.117569731117621 -1.7709193853471694 -1.428904287753209 -0.5707211967914034 0.3970524046288735 0.8287926633534854 1.2135182620022573 1.381380463822333 0.9916885278416054 0.7466825527984979 0.5357787607681463 0.5572995558732843 0.42552607199874837 0.40797834675917377 0.46459459234346 0.45565518514594094 0.6900663072142117 0.5347854933017557 -0.4240487009210021 -1.0375569059951633 -1.901699601755315 -2.0023507050162674 -1.871570488608122 -1.668281747153435 -1.3206381339165922 -1.0746388914070932 -0.8812828246163162 -0.7336170612795239 -0.5170847536062908
-8.840335032807229 -8.544341327822716 -8.24073257226254 -7.520944748284545 -7.187869057888102 -6.733614736591962 -6.13897861337923 -5.54732229256567 -4.957321417529428 -4.342157766677949 -3.696533913523813 -3.088323134937071 -2.473159484085591 -2.027844569986969 -1.2249533679875948 -0.3733920601350622 0.17919574033378494 0.22025079561127958 0.24375812564919874 0.612922533991179 0.851306725925014 0.8569352415678968 0.6500045194031094 0.29838783630070287 0.11099137430827133 0.10304523457714376 0.17654702709007575 0.12357276221589064 -0.13600113566761873 -0.09130409968002429 -0.007207454192255103 -0.7981794465949377 -1.630206494275114 -1.7874738431203525 -1.5229336079048883 -1.3342127892906026 -1.2766032762399258 -1.0981462214450133 -0.9104186702971182 -0.6965350758675943 -0.5462205992870928 -0.38795998297546364
-8.405614971683443 -8.233779699997804 -7.98380738762274 -7.649738429759909 -7.276600951552364 -6.64388957546131 -5.960190469428854 -5.267883045354341 -4.6556991969020345 -4.089205651903713 -3.3849790182325097 -2.5873852427205537 -1.8781922717173951 -1.1938309873740107 -0.26413263883205484 0.4506888478139861 0.6609304615334097 0.4496955803475955 0.2387917883172439 0.1560194994513293 0.39407260222970075 0.36692329148168 0.4010254744944368 0.3619569541497252 0.019279678244837672 -0.2661191737648365 -0.505165544009599 -0.6703790325859651 -0.6723655675187468 -0.4806649465052879 -0.8498293548472686 -0.937899070200602 -1.3752678445680964 -1.4838650875601767 -1.360699921727695 -1.1958175223067928 -1.0090832386252888 -0.7571243913174439 -0.6243576399765165 -0.5001992066776442 -0.35485106742909744 -0.17407638854593932
-7.877196679563442 -7.69873962476853 -7.409367702893292 -7.033581511442037 -6.428019446099004 -5.843978175861109 -5.396676726829705 -4.74939742789825 -4.1282741722484255 -3.4631160589219334 -2.4417060143165434 -0.8713501499524066 -0.10785855745320738 0.24177159071641663 0.5261771752597002 0.8168734537567937 0.7476758202648885 0.6139158014575705 0.3364630891790239 0.027887996286892758 -0.04925577693613992 0.04642898899285797 0.02590146135411109 -0.1320280658020545 -0.2787005616724558 -0.49953702836671665 -0.6869334903591482 -0.6945485409348122 -0.6713723000523562 -0.7395766660778698 -0.8226800440992483 -1.0862270118483215 -1.0607331468776198 -1.2289264378531586 -1.3070634785425823 -1.13224840445777 -0.7806317213553635 -0.5286728740475186 -0.3723987926686716 -0.2677746195421551 -0.13136588749112743 -0.025748446898219868
-6.722026616150734 -6.389944193220684 -6.001245524706347 -5.360588008884166 -4.88514398163835 -4.744431090566295 -4.583521761010957 -3.5968760777292514 -2.1311443864916306 -1.3371925916897753 -0.9047901546542358 0.21164247756922405 0.6675522446426831 0.6821201674830841 0.6235173869660167 0.5006833102889989 0.5337922258353651 0.7446960178657158 0.5632591606716306 0.3328211084689232 0.1530396970521566 -0.43696117798408496 -0.5276796065811276 -0.7124273553298499 -0.6498515049472182 -0.6253509074429071 -0.16546807050388423 -0.01978884209987397 -0.1664613379702753 -0.8869113402591982 -0.95941986530574 -1.0647062167431836 -1.2474674305591238 -1.2845494159710533 -1.3275910061813292 -1.0491450264363915 -0.6594530904556644 -0.35485106742909744 -0.1899686680081949 -0.08037815754972355 0.12257949474949958 0.2222373305440608
-5.505273969821785 -5.139089363878978 -4.692781182313965 -4.2385268610178235 -3.982926032999879 -3.8402266069950413 -3.5727065693804043 -2.2043150898491 -0.7716923141578449 -0.5432407968879196 -0.26876788700854615 -0.02972151676378365 0.22919020280879776 0.2682587231535094 0.0037184879380456337 -0.07839162261694188 -0.17606292347872143 0.033847601085238654 0.45366865021315883 0.3159355615402766 0.285806448393084 -0.4720566284632328 -0.6137627870016793 -0.7415632010106519 -0.6574665555228822 -0.5276796065811276 -0.08931756474724262 0.24574466058198086 0.06993631903077757 -0.8226800440992483 -1.0607331468776198 -0.937899070200602 -1.003123633826943 -1.0160361108900258 -1.2170072282564668 -0.9710079857469678 -0.5697279293250124 -0.23168590159661617 -0.009193989125036772 0.1725739572245124 0.3619569541497252 0.3980456720952641
