static/data/ASCData/20210109/ASCV/18.asc
ncols 97
nrows 97
xllcorner 99.0
yllcorner 2.0
cellsize 0.25
NODATA_value -32767
[rows 57 to 75 of 97, columns 0 to 41 of 97]
-0.483700908131 -0.25018850133308934 -1.5187112690846418 -4.496401555490918 -6.429962446926339 -6.447549155388106 -5.897475996278383 -6.197427079487415 -6.34300594397649 -6.44657211602912 -6.309786605770929 -6.24921016551373 -5.767855441319432 -5.142875931354032 -3.976616616509794 -2.471976003669698 -1.8333179426784798 -2.8693053429911086 -2.8263156111956773 -2.4074914059765513 -1.7961904470369712 -2.0909306536647385 -2.8175222569647937 -3.1370141273535674 -3.162417150687231 -3.1796781793626696 -3.277382115261377 -3.1370141273535674 -2.849764555811367 -2.7628080528615175 -2.493470869567414 -2.253119187256593 -2.4250781144383184 -3.108679985942942 -3.183586336798618 -2.343006808283404 -1.7375680854977467 -2.2130605735381232 -2.7374050295278534 -2.524410449268671 -3.561700568726616 -8.516592837936404
-0.41139999556595663 0.04194626700404669 -1.7532007152415399 -4.715909731476681 -6.160299583845907 -6.163230701922868 -5.801074779524992 -6.093860907434786 -6.183748528461597 -6.178863331666661 -5.967822830125453 -5.630092891702255 -5.123335144174291 -4.388927226002339 -3.2470938951327777 -2.7491295018356983 -2.3889276581557968 -2.018629741099695 -2.340075690206443 -2.0879995355877776 -2.058688354818165 -2.3596164773861843 -3.001205656454364 -3.31646368962086 -3.168279386841154 -3.135060048635593 -3.041264270172834 -2.9357440194022297 -2.7032086519633056 -2.704185691322293 -2.4758841611056464 -2.30099411584696 -2.4680678462337498 -2.379157264565926 -2.1241499918702993 -1.9219028445599746 -1.9854104028941348 -1.9404665923807292 -2.3312823359755592 -3.011953089403222 -7.173163719329175 -12.104607043923272
-0.12121930594679498 -0.5644694951405982 -2.5849868895258696 -4.780394329169828 -6.203289315641339 -5.873050012303707 -5.527503759008611 -5.5919883567017585 -5.675036702215659 -5.562677175932146 -5.2607720140051395 -4.852695241734871 -4.339098218693999 -3.62032293026584 -3.546067938982823 -3.0656902541475106 -2.6123439915775077 -1.7180272983180052 -2.064550590972088 -1.612507047547401 -1.7395221642157206 -2.6348158968342106 -3.2705428397484675 -3.3086473747489635 -3.1555778751743215 -2.9582159246589326 -2.7872340368361943 -2.7481524624767113 -2.5840098501668827 -2.5849868895258696 -2.5439512364484127 -2.366455752899094 -2.0997240078956225 -1.9951807964840054 -1.5333668594694476 -1.4376170022887145 -1.838203139473415 -1.9551221827655354 -3.2060582420553203 -6.973847690095811 -11.089137470149371 -12.851716473762055
-0.14564528992147174 -1.4552037107504816 -3.780557385139721 -5.53141191644456 -5.291060234133739 -4.9611466105824364 -4.824361100324246 -4.797981037631595 -4.854649320452845 -4.70613933788681 -4.467090374721305 -4.222830534974537 -3.7639477160369403 -3.718026866164548 -3.6447489142405174 -3.7492921256521345 -3.313532571543899 -2.6856219435015385 -2.8028666665799875 -1.7541777546005268 -1.467905222417314 -2.548836433243348 -3.3975579564167875 -3.435662491417283 -2.9308588226072945 -2.7227494391430476 -2.418238838925409 -2.355708319950236 -2.2667977382824125 -2.2667977382824125 -2.265820698923425 -2.0069052687918503 -1.7395221642157206 -1.3360049089540587 -0.9484459632225191 -1.0862085128396965 -1.720958416394966 -3.1106340646609163 -6.737404165220939 -10.791140465658314 -13.08425184120098 -14.849761962890625
-0.7872344689896513 -2.506172381234246 -4.600619087116206 -4.780394329169828 -4.543950804294956 -4.396743540874236 -4.274613621000852 -4.123172520357855 -4.146621464973545 -3.986387010099665 -3.954144711253091 -3.942420238945246 -4.019606348305225 -4.029376741895096 -4.212083102025679 -4.343983415488934 -4.290246250744645 -4.025468584459148 -3.3330733587236403 -1.7649251875493848 -1.4483644352375724 -3.2070352814143077 -3.975639577150807 -3.2978999418001056 -2.7530376592716466 -2.0674817090490487 -1.7170502589590182 -1.601759614598543 -1.7717644630622944 -1.7913052502420355 -1.7619940694724234 -1.4981934425459134 -1.239278012414338 -0.8986169559141781 -1.0940248277115932 -1.691647235625354 -3.5792872771883832 -6.267773913334485 -10.002995382742073 -12.179839074565276 -14.089951021385009 -14.691481586734717
-1.4923312063919907 -3.5187108369311844 -4.356684927155766 -4.296108486898567 -4.232600928564407 -4.196450472281886 -4.092884300229255 -3.947305435740182 -3.849601499841474 -3.821593038217178 -3.8079144871913586 -3.8896601135599442 -4.152483701127467 -4.493470437413957 -4.732519400579461 -4.742289794169332 -4.608435401988102 -4.313695195360335 -2.9308588226072945 -1.4620429862633912 -3.7258431810364447 -4.915225760710044 -4.219899416897576 -3.1914026516705145 -2.0088593475098246 -1.1321293627120887 -0.7872344689896513 -0.833155318862044 -1.3242804366462138 -1.3076707675434336 -1.545091331777293 -1.5079638361357839 -1.1526471892508177 -1.5021015999818612 -2.376226146488965 -4.360593084591715 -6.848786652145465 -9.38290106957161 -11.365313928956386 -13.011950928635937 -14.06259391933337 -14.54394864352767
-1.095978906429567 -3.1321289305586317 -3.759062519242005 -3.7512462043701085 -3.7346365352673283 -3.737567653344289 -3.6945779215488583 -3.5949199069321764 -3.3985349957757744 -3.3496830278264205 -3.33991263423655 -3.5685398442395253 -3.979547734586755 -4.3645012420276625 -4.5888946148083605 -4.497378594849905 -4.100700615101152 -3.6965320002668323 -3.1826092974396305 -3.7619936373189664 -6.1681158987178035 -6.89079934458191 -5.343820359519041 -2.927927704530333 -1.1982423593368812 -0.5071498527466898 -0.38013473607837023 -0.7452217765532074 -0.909364388863036 -0.9640785929663123 -1.1594864647637273 -1.9482829072526258 -2.797004430426065 -3.5343434666749776 -4.918156878787006 -7.080344980225402 -8.839992865761126 -10.603548908732796 -12.327372017772324 -13.53531834526668 -14.072364312923241 -14.103629572410828
-0.9943668130949113 -2.7080938487582413 -3.108679985942942 -3.012930128762209 -2.8761446185040183 -2.7647621315794915 -2.6680352350397714 -2.4758841611056464 -2.263866620205451 -2.1495530152039635 -2.0606424335361395 -2.2023131405892653 -2.5146400556788002 -2.8966624450427467 -3.125289655045722 -3.1145422220968646 -3.073506569019407 -3.0549428211986527 -3.798144093601488 -5.3975575242633305 -7.03442413035301 -7.040286366506932 -5.047126074173299 -2.3850195007198485 -0.7100483596296723 -0.2794996821027014 -0.3478924372317964 -0.6836682969370216 -0.9601704355303635 -1.167302779635624 -1.7512466365235655 -2.924019547094385 -4.204266787153783 -5.270542407595011 -6.765738306631564 -8.502262927337926 -10.000064264665113 -11.585147784728477 -12.872234300300784 -13.506007164497067 -13.829407192321789 -13.950234393049858
-0.9806882620690924 -2.6680352350397714 -2.7032086519633056 -2.449504098412995 -2.097769929177648 -1.8984538999442848 -1.6447493463939744 -1.4034206247241667 -1.1894490051059972 -1.0451728597622392 -0.9328133334787259 -0.832178279503057 -1.0080453641207305 -1.33893602703102 -1.6662442122916898 -2.097769929177648 -2.4143306814894605 -2.9972974990184156 -3.964892144201949 -5.424914626314968 -5.572447569522017 -4.671942960322262 -2.3625475954631456 -0.3459383585138225 -0.04794135402276467 -0.06845918056149358 -0.38599697223229246 -0.8126374923233155 -1.065690686300968 -1.9727088912273025 -3.0783917658143425 -4.300016644334516 -5.373131540288654 -6.497378162696448 -8.05673297963982 -9.417097447136157 -10.80286493796616 -12.182770192642238 -12.952351527737724 -13.432729212573037 -13.60859629719071 -13.731703256423081
-1.1096574574553864 -2.1642086055887693 -2.063573551613101 -1.7248665738309148 -1.4688822617763009 -1.339913066390007 -1.0735070011728647 -0.8184997284772377 -0.6299311321927323 -0.4631830815922715 -0.36645618505255095 -0.3332368468469906 -0.41335407428393056 -0.7090713202706853 -1.1233360084812052 -1.5988284965215818 -2.2277161639229295 -2.8693053429911086 -3.575379119752435 -3.8662111689442544 -3.3369815161595886 -1.4219843725449213 0.4285281733765993 0.43536744888950896 0.3298471981189044 -0.10851779427996355 -0.41335407428393056 -1.0774151586088125 -1.8613264043027762 -3.1770727410720374 -4.513662584166356 -5.579286845034926 -6.41628389590052 -7.6310694989077845 -8.895684109223389 -10.125125302615459 -11.268587032416665 -12.327372017772324 -13.001203495687077 -13.276402915135105 -13.463017432701635 -13.604688139754762
-1.5988284965215818 -1.8352720213964542 -1.106726339378425 -0.7706247998868712 -1.0979329851475415 -1.0031601673257953 -0.8790761687344366 -0.5859643610383141 -0.404560720053047 -0.2931782331285202 -0.21794620248651553 -0.2462803438971406 -0.3566857914626804 -0.6514259980904482 -1.0647136469419807 -1.4874460095970554 -2.054780197382217 -2.406514366617564 -2.6856219435015385 -2.141736700332067 -0.7979819019385093 0.769514909663088 0.893273228468118 0.8600538902625576 0.22432694734830072 -0.17202535261412333 -1.1252900871991796 -2.288292604180128 -3.3047392173130152 -4.498355634208892 -5.639863285292124 -6.353753376925347 -7.208988495825368 -8.392834519131373 -9.546066642522451 -10.52538576001383 -11.474742337162937 -12.319555702900429 -12.768668128248155 -13.062756975303264 -13.284219230007 -13.42491289770114
-1.8603493649437892 -1.2969233345945756 -0.6113673843719778 -0.2853619182566236 -0.6162525811669131 -1.157532386045753 -1.0422417416852783 -0.7129794777066336 -0.492494262361884 -0.3185812564621844 -0.24041810774321837 -0.286338957615611 -0.45829788479733624 -0.7491299339891553 -0.990458655658963 -1.407328782160115 -1.6506115825478966 -1.838203139473415 -1.5509535679312152 -0.5781480461664175 0.5868085495325053 0.9098828975708981 1.030058738726308 0.49496684978772 -0.13489785697261425 -0.9924127343769373 -2.255073265974567 -3.6769912130870908 -4.479791886388138 -5.381924894519537 -6.124149127563385 -6.85074073086344 -7.905291878996823 -9.07545935127701 -9.975638280690436 -10.905454070659802 -11.608596729344168 -12.175930917129328 -12.54981131183505 -12.801887466453715 -13.024652440302768 -13.186515294108293
-1.5919892210086726 -0.8868924836063332 -0.5527450228327533 -0.24237218646119274 -0.6865994150139825 -1.2285305794654802 -1.4307777267758048 -1.1379915988660114 -0.8399945943749536 -0.5400435111659214 -0.40944591684798226 -0.4026066413350726 -0.5693546919355335 -0.7481528946301683 -0.989481616299976 -1.0832773947627352 -1.288129980363692 -1.0520121352751488 -0.4876090655669483 0.3298471981189044 0.7275022172266441 0.8222750350483903 0.18719945170679164 -0.3478924372317964 -1.210943871003713 -2.1632315662297823 -3.383879405390968 -4.471975571516241 -5.048103113532286 -5.709233079780207 -6.54004221470555 -7.543135956598947 -8.59768710473233 -9.481582044829304 -10.37817849659311 -11.143851674252648 -11.732680727935525 -12.133918224692884 -12.334211293285234 -12.58303065004061 -12.76378293145322 -12.925971465045073
-1.0881625915576705 -0.5283190388580765 -0.3058797447953525 -0.48858610492593524 -0.87125985386254 -1.2334157762604159 -1.4434792384426371 -1.5392290956233703 -1.2832447835687564 -0.9591933961713766 -0.7256809893734655 -0.6484948800134869 -0.6699897459112023 -0.8448797911698889 -0.9367214909146737 -1.0139076002746528 -0.8184997284772377 -0.4241015072327885 0.1774290581169211 0.5184157944034098 0.5829003920965565 -6.64254323980984e-05 -0.7012550053987887 -1.534343898828435 -2.455366334566918 -3.351637106544395 -4.334213021899063 -4.8800523437865095 -5.492330342085077 -6.24921016551373 -7.056896035609713 -8.021559562716284 -8.91522489640313 -9.784464246115299 -10.604525948091784 -11.262724796262741 -11.813774994731453 -12.094836650333402 -12.266795577515127 -12.4123744420042 -12.597686240425416 -12.760851813376258
-0.7207957925785302 -0.1309896995366664 -0.12708154210071765 -0.365479145693564 -0.5683776525765465 -0.8927547197602554 -1.1796786115161266 -1.4092828608780894 -1.495262324468952 -1.288129980363692 -1.040287662967304 -0.9425837270685964 -0.9445378057865703 -0.9679867504022601 -0.9836193801460533 -0.8732139325805139 -0.5810791642433788 -0.24530330453815363 0.19501576657868824 0.16277346773211487 -0.28438487889763664 -0.8839613655293719 -1.6457263857529614 -2.4915167908494396 -3.3330733587236403 -4.150529622409493 -4.916202800069031 -5.512848168623805 -6.0723660415370695 -6.690506275989559 -7.471812083392891 -8.322487685284305 -9.189447276492169 -10.00397242210106 -10.784301190145404 -11.382900637418153 -11.862301282894478 -12.028397973922281 -12.287313404053855 -12.428007071747993 -12.584984728758585 -12.724701357093736
-0.6602193523213318 -0.4280096646687368 -0.5061728133877028 -0.6133214630899522 -0.7217728319375176 -0.8097063742463542 -0.8937317591192429 -0.9631015536073249 -1.1874949263880232 -1.3203722792102655 -1.3154870824153302 -1.2373239336963642 -1.232438736901429 -1.2138749890806744 -1.2011734774138425 -1.0920707489936188 -0.7901655870666127 -0.44461933377151697 -0.32053533518015875 -0.5146404878322572 -1.040287662967304 -1.7258436131899018 -2.4758841611056464 -3.2656576429535322 -4.096792457665204 -4.860511556606768 -5.472789554905335 -6.056733411793276 -6.521478466884796 -7.120403593943873 -7.806936583525458 -8.56446776652677 -9.388763305725533 -10.22478331723214 -10.94942084181422 -11.456178589342183 -11.772739341653995 -12.049892839819996 -12.34593576559308 -12.557627626706946 -12.7198161602988 -12.805795623889663
-1.184563808311062 -1.1943342019009329 -1.157532386045753 -0.6094133056540039 -0.18961206107589046 -0.04501023594580289 -0.21110692697360633 -0.47393051454112944 -0.7256809893734655 -0.9171807037349327 -1.2285305794654802 -1.3535916174158258 -1.4815837734431327 -1.5089408754947709 -1.4903771276740168 -1.4385940416477014 -1.3741094439545547 -1.2255994613885193 -1.3350278695950717 -1.5695173157519697 -1.9697777731503416 -2.6064817554235855 -3.340889673595537 -4.045986410997876 -4.751083148400215 -5.396580484904343 -5.911154547304203 -6.3654778492331925 -6.756944952400681 -7.296922038134204 -7.858393989765443 -8.622113088707007 -9.535319209573593 -10.36840810300324 -10.921086700403595 -11.315484921648045 -11.651586461139598 -12.087997374820493 -12.361568395336873 -12.667056034913498 -12.853670552480029 -12.914246992737228
-1.5314127807514737 -1.5206653478026158 -1.0862085128396965 -0.5888954791152754 0.115224218928077 0.5457728964550483 0.7597445160732175 0.48519645619784946 0.12987980931288323 -0.2853619182566236 -0.8624664996316564 -1.3369819483130456 -1.5587698828031118 -1.759062951395462 -1.8040067619088678 -1.9336273168678195 -2.07041282712601 -2.371340949694029 -2.500310145080323 -2.6631500382448356 -2.911318035427553 -3.4649736721868956 -4.144667386255571 -4.8233840609652585 -5.336004044647145 -5.826477802858657 -6.181794449743622 -6.508125595645305 -6.820452510734841 -7.245138952107889 -7.85937102912443 -8.697345119349013 -9.583194138163961 -10.212081805565308 -10.633837128861394 -11.07350484040558 -11.519686147676342 -11.993224556998745 -12.36254543469586 -12.729586553888671 -12.994364220174168 -13.07741256568807
-1.1135656148913347 -1.0490810171981875 -0.6064821875770425 -0.7178646745015689 -0.1651860771012137 0.5643366442758024 0.9743674952640449 1.3124231134735727 1.1346019501379256 0.5496810538909962 -0.13294377825464032 -0.8292471614260957 -1.4776756160071844 -1.760039990754449 -2.2238080064869807 -2.5081264599522197 -2.9982745383774025 -3.341866712954524 -3.548022017700797 -3.6183688515478662 -3.8313634318070484 -4.349845651642856 -4.967008846736359 -5.4170983114430715 -5.868164815508772 -6.1300113637173075 -6.401628305515715 -6.592802340090852 -6.913271249838613 -7.327210258262804 -8.04989370412691 -8.873212203966686 -9.642793539062172 -10.230645553386061 -10.453410527235114 -10.83901539424868 -11.40732662139283 -11.932648116741547 -12.343981686875106 -12.705160569913994 -12.989479023379234 -13.220711671672841
