static/data/ASCData/20210109/ASCV/21.asc
ncols 97
nrows 97
xllcorner 99.0
yllcorner 2.0
cellsize 0.25
NODATA_value -32767
[rows 19 to 37 of 97, columns 0 to 42 of 97]
0.3086406973260969 0.7287150181835278 0.9866499517284586 1.6026556163363663 1.424085277728337 0.5197629205762153 -0.32999627755678684 -0.20970931335554432 0.21687538443030352 0.26864838190867335 0.1341005920547067 -0.08384202607280145 -0.3241059365263137 -0.38362938272898983 -0.6366040290903654 -0.9274008652263577 -0.5299578546439032 0.028384471455161098 0.7677772797540339 1.7706853446793387 1.5508826188579965 0.2931397998774834 -0.6344339034475595 -0.7069781035070712 -0.715658606078295 -0.9069396805941876 -1.0700091217536039 -2.21087517397157 -2.7127942333576813 -2.7645672308360507 -2.8095198334370304 -2.785958469315138 -2.641490105094058 -2.840521628334258 -5.237270391838905 -6.8484336726478094 -7.818169817033082 -8.137488304474523 -7.517452406529976 -6.943299165033325 -6.199876123397814 -5.689276561440479 -5.294623712398775
0.46116952822045576 0.7315051797242775 0.8576824849559932 1.133908477490289 1.3000780981394273 0.7941288054166771 0.29903014090795654 0.19269398441046626 0.20912493570599722 -0.11422378507208464 -0.3024046800982543 -0.4530734032987791 -0.5680900623674927 -0.6530349803858959 -1.2526096936982727 -1.3874675015012117 -0.6648156624468422 -0.13747513124500443 0.044195386852747376 0.4825607666995424 0.9376671157908394 0.5442543385450245 -0.4168013032690232 -0.9872343293780066 -1.1158917782015 -1.2566399270349122 -1.6540829376173671 -2.5184129793520658 -2.966698933565973 -2.973519328443363 -2.871833441180457 -2.8709033873335406 -3.5495326776338474 -5.071100771189766 -7.080947134377015 -7.700052978474646 -8.28691695587916 -7.985269491529137 -7.397165442328735 -6.7039653084267306 -6.209796697764927 -5.818244028212945 -5.3680979663052035
0.639739866828485 0.44659868461875885 0.47760047951598583 0.6329194719510953 0.545184392391941 0.5547949488100823 0.3263117204175163 0.236406515215557 0.011023466312714447 -0.4822150905021729 -0.3932399391471306 -0.14336547227547847 -0.5516591110719622 -1.1658046679860363 -1.6376519863218366 -1.3620460296854855 -0.5662299546736591 -0.29868446471058707 -0.21280949284526773 -0.10244310301113835 0.26089793318436705 0.15549183053379334 -0.34642722885231736 -0.7292993958330749 -0.9255407575325241 -1.2470293706167719 -1.781190296695999 -2.8172702821613376 -3.102486795215829 -3.0407932233703465 -3.6062659622957733 -4.520198875866035 -5.597511248544686 -7.018323508684616 -8.10710654547524 -8.263355591757266 -8.295597458450384 -7.840491109359085 -7.2331659473224015 -6.747987857180794 -6.314272746568583 -5.973563020648054 -5.622002666513496
1.080275372318086 0.483490820546459 0.31081082296890283 0.5888969231970318 0.7091838873982743 0.5529348411162482 0.07643725354586373 0.09007804330064406 0.061556391995194915 -0.38362938272898983 -0.05439032092043572 -0.10926349788852807 -0.6111825572746388 -1.3093429783601986 -1.6599732786478403 -0.8719076523603206 -0.3182155954958401 -0.1951384697538474 -0.1765373928155114 -0.11298371327619527 -0.019358292686568745 0.011953520159631026 -0.08880231325635801 -0.44904316996213955 -0.9177903088082173 -1.3201936065742284 -1.9020972967951857 -3.028082487462483 -3.286017421007415 -3.64532822386628 -4.615064368251551 -6.065328333543847 -7.575115745038819 -7.895364286327178 -8.277306399461018 -8.384572609805424 -8.227393509676482 -7.641459586118886 -7.278118549923381 -6.83479288289303 -6.450990662065355 -6.10532064896127 -5.9772832360357215
1.331389910985627 0.7854483028454533 0.5479745539326917 1.0715948697468622 1.191571815999132 0.7336753053670835 0.2559376460008105 0.2618279870312836 0.2931397998774834 0.022494130424687953 0.40939653074208593 0.016913807343187592 -0.673496165018066 -1.3719666040525982 -0.9940547242553968 -0.20381897232507118 0.04915567403630394 0.10650899459617413 0.021564076577771374 -0.028038795257792515 -0.08663218761355207 -0.14429552612239505 -0.24505135953838364 -0.4726045340840326 -0.9422817267770269 -1.4451308400100547 -2.161892338033951 -3.0838857182774926 -3.813357952209252 -4.767283181196937 -6.433319638973936 -7.885443711960065 -8.026191860793478 -8.347370455928752 -8.388602843142065 -8.409994081621152 -8.0661841762109 -7.544733986039537 -7.214564870384065 -6.698074967396257 -6.313342692721665 -6.0699786027784315 -5.942251207801855
1.4414462828707846 1.0176517466256865 0.8000191464471502 1.3555713110054644 1.7942467088012313 1.3351101263732943 0.716004282275664 0.6877926489191877 0.5361938718717454 0.42799760768042194 0.7237547309999712 0.14092098693209643 -0.3609980724540143 -0.5466988238884061 -0.16692683639737105 0.2286560664912498 0.3957557409873056 0.25314748446005986 0.02559430991441136 -0.05067010553276852 -0.20195886463123802 -0.23823096466099392 -0.5358481956743764 -0.7643314240669419 -0.983204096041367 -1.386537447654295 -2.4529991921189156 -3.346470921057008 -4.992046194201836 -6.8211520931382505 -8.23111372506415 -8.20104198401384 -8.341480114898278 -8.564383020209345 -8.584844204841513 -8.301487799480856 -7.979379150498664 -7.483350432143027 -6.99972243174628 -6.502763659543725 -6.12578183359344 -5.881797707752261 -5.128764109698609
1.7911465293115088 1.115307400551952 0.9649486953004001 1.2024224442131617 1.7198424010478863 1.6494683266311796 1.1934319236929651 0.91999609269942 0.6056378924415347 0.8195502772324037 0.9816896645449029 0.672911787368518 0.41311674612975313 0.20726482801216317 0.23361635367480638 0.5557250026569989 0.5275133693005216 0.21501527673647036 -0.2937241775270305 -0.06617100298138201 -0.06245078759371481 -0.0934525824909418 -0.48624532383881247 -0.8405958395141213 -1.0458277217337661 -1.6054101196287198 -2.696983317960095 -4.006499134418979 -7.205884367812841 -8.384572609805424 -8.023401699252727 -8.089745540332792 -8.472617707313551 -8.68249985876778 -8.667929015166084 -8.336829845663695 -8.013481124885613 -7.3112904704634145 -6.888425988065233 -6.428669369739351 -5.766471030734575 -4.576932160527962 -3.658038959774143
1.916083762747335 1.356501364852381 1.177000972397435 1.2628759442627544 1.4504368033909802 1.2814770212010913 0.8331910669871831 0.7501062566626144 0.5938572103805884 0.9913002209630433 1.0957762697666995 1.3800627289742744 1.418194936697864 1.1887816544583814 1.053923846655442 0.9553381388822597 0.7609568848766441 0.11053922793281412 -0.5975417675198589 -0.20381897232507118 0.09379825868831126 -0.061210715797825443 -0.23823096466099392 -0.561269667490103 -1.2135474321277662 -2.1668526252175075 -3.0262223797686496 -4.389371301399736 -7.986199545376055 -8.287847009726075 -7.914895417112431 -8.256535196879877 -8.70978143827734 -8.803406858866968 -8.744813466511207 -8.354190850806143 -8.078894912118763 -7.56023488348815 -7.264477760168601 -6.214756984948483 -4.383480960369263 -3.1471293798678364 -2.7995992590699177
1.762004842108115 1.4268754392690877 1.6702395292123224 1.492289226502237 1.3760324956376344 1.2628759442627544 0.9416973491274794 0.5020918974847959 0.14774138180948704 0.43481800255781167 1.0117614055952133 1.4563271444214534 1.3282897314959046 1.212033000631302 0.8263706721097934 0.2209056177669435 -0.1842878415398186 -0.8192046010350342 -1.3846773399604615 -0.9813439883475334 -0.40905085454471646 -0.15204597484670135 0.05008572788322052 -0.04167958501257196 -0.8142443138514781 -2.1510417098199213 -3.4931094109208933 -5.1560456892081685 -8.173760404504279 -8.265525717400072 -8.13562819678069 -8.399143453407122 -8.752873933184485 -8.920593643578487 -8.864170376865532 -8.573063522780568 -8.494938999639555 -8.389532896988982 -7.851341737573115 -5.287803317521385 -3.02219214643201 -1.7839804582367496 -1.5310058118753744
1.3282897314959046 1.214203126274108 1.4327657802995608 1.3577414366482703 1.0939161620728655 1.113447292858119 1.1847514211217414 0.8214103849262369 0.05876623045444429 0.2444669818888361 1.2169932878148586 1.5335216137155498 1.3518510956177971 0.5188328667292978 -0.13375491585733723 -0.24691146723221724 -0.3659583596375704 -0.5721202957041323 -1.1149617243545835 -1.9811518737831157 -1.9051974762849087 -1.6432323094033374 -1.1775853500469826 -0.6874469727218182 -0.8161044215453117 -1.4733424733665315 -3.1093071900932188 -6.486022690299222 -8.77798538705124 -8.377752214928035 -8.325979217449666 -8.699860863910228 -9.024139638535225 -9.079942869350235 -8.975466820546579 -9.009568794933529 -9.196199600214838 -9.32206688749758 -8.14926898653547 -4.481136614295529 -2.1591021764932004 -1.6922151453409566 -1.952010186579722
0.5879668693501152 0.6533806565832645 1.1974621570296051 0.773667620784507 0.19548414595121688 0.1799832485026034 0.6546207283791539 0.7677772797540339 0.5020918974847959 0.5569650744528882 1.3977337520656938 1.6017255624894498 1.290157523772315 1.1797911339381857 0.7463860412749472 0.044195386852747376 -0.4381925417481103 -0.7420101317409382 -1.026296590948513 -1.378786998929988 -1.7948310864507793 -1.8152922710829493 -1.8679953224082357 -1.4655920246422247 -1.0340470396728199 -1.4519512348874448 -1.8534244788065388 -4.384721032165152 -7.929466260714127 -8.959655905148992 -8.752873933184485 -8.87192082558984 -9.134506028369355 -9.246732525897318 -9.236191915632261 -9.48823650814672 -9.688198085233836 -9.637665159551355 -7.5788359604264866 -4.054551916509681 -2.457959479302472 -2.273188781714997 -2.530193661413012
1.0012207953301555 1.1329784236433724 1.0362528235640225 0.37529455635513553 -0.13747513124500443 -0.16382665690764853 0.25686769984772706 0.720034515612304 0.8654329336803004 0.6155584668086478 0.7463860412749472 1.228773969875805 1.7629348959550315 1.5236010393484367 1.0852356595016417 0.40536629740544594 -0.28101344161916764 -0.7069781035070712 -0.6765963445077885 -1.112171562813833 -1.4764426528562544 -1.6745441222495372 -1.972471371211892 -2.195994312420901 -1.7926609608079733 -1.3961480040724354 -1.420639422041245 -2.665981523062868 -6.6422717365812485 -8.177480619891947 -9.196199600214838 -9.303465810559244 -9.36422932855781 -9.419722541423846 -9.469635431208383 -9.667736900601666 -9.739041028865287 -9.039950553932812 -7.2167349960268705 -4.559261137436542 -2.8777237822109307 -2.5751462640139917 -2.726435023112461
1.557703013735387 1.7589046626183924 0.8809338311289139 0.2891095665408434 0.005133125282241302 -0.027108741410875048 -0.5203472982257629 -0.20784920566171117 0.5070521846683516 0.4475287384656754 0.35948364095754926 0.8096297028652906 1.3223993904654314 1.6407878240599558 1.2042825519069948 0.5929271565336718 -0.042919656808461326 -0.3640982519437368 -0.4499732238090566 -0.9413516729301099 -1.4246696553778846 -1.5973496529554407 -1.9275187686109123 -2.1501116559730047 -2.26264817144994 -2.0819077071991043 -1.7157765094628492 -2.1287204174939176 -4.362089721890176 -5.5203167792505905 -7.452038619296827 -9.791744080190576 -9.854367705882975 -9.588682323613735 -9.645415608275663 -9.464675144024827 -9.534119164594616 -8.144308699351914 -6.3561251696798395 -4.082763549866158 -3.872881398411929 -3.5839446699697697 -4.967554776233026
1.7892864216176756 1.9483256294404514 1.1652202903364888 0.8713232747107735 0.5783563129319749 -0.5897913187955521 -1.0858200371511897 -0.5466988238884061 0.15828199207454396 0.09100809714756064 0.18463351773718717 0.5792863667788914 0.6670214463380448 0.9835497722387361 0.9141057516689468 0.30585053578534627 -0.059350608103992286 -0.3231758826793967 -0.5885512469996628 -0.7001577086296815 -1.153093932078173 -1.443270732316221 -1.7721997761758033 -2.2418769688687976 -2.360303825376206 -3.3601117108117884 -3.095666400338439 -2.5456945588616255 -2.492991507536339 -3.3650719979953445 -7.513422173193337 -9.85529775972989 -9.817165552006301 -9.546829900502479 -9.524198590227503 -9.051421218044787 -8.968646425669188 -7.085907421560572 -5.3454666560302275 -4.411072557827795 -4.2049106217612335 -5.588830745973462 -6.978331193267193
1.7257327420783595 1.9024429729925547 1.8702011062994384 1.6104060650606735 0.4075364230482519 -0.7624713163731083 -0.8768679395438772 -0.08880231325635801 -0.05439032092043572 -0.4803549828083393 -0.03485919013518224 0.4903112154238487 0.4211772128030322 0.0851177561170875 0.01567373554729823 -0.031138974747515036 -0.3405368878218442 -0.560339613643186 -0.772391890740221 -0.5662299546736591 -0.6403242444780326 -1.0213363037649565 -1.3406547912063984 -1.8112620377463098 -2.460749640843223 -3.7733656367918287 -3.898302870227655 -3.2311442440393225 -2.804559546253474 -2.8777237822109307 -7.378874383339371 -10.244990321588038 -10.205928060017532 -9.338807856742083 -9.404221643975234 -8.647157812584942 -8.16694000962689 -6.1843752259492 -4.79487477865547 -4.1286462063140545 -5.132484325086276 -6.518264556992339 -7.8299504990940285
1.3174391032818749 1.9582462038075645 2.15541761935393 2.0196297577040747 0.7014334386739671 -0.46175390587000287 -0.40905085454471646 -0.119804108153585 -0.4803549828083393 -0.9813439883475334 -0.119804108153585 0.4338879487108951 0.255007592153893 -0.16010644151998044 -0.33371649294445405 -0.3259660442201473 -0.5925814803363023 -0.714728552231378 -0.7370498445573817 -0.560339613643186 -0.48128503665525635 -0.34642722885231736 -0.7587511009854411 -1.3006624757889753 -1.859314819837012 -2.619788848665999 -3.0838857182774926 -3.5563530725112376 -3.8688511650752893 -3.488149123737337 -5.69888711785862 -8.965546246179466 -10.673745145016692 -9.785853739160101 -9.055451451381426 -8.638477310013718 -7.536053483468313 -5.318185076520668 -4.388441247552819 -5.0056869839566165 -6.022235838636701 -7.046845159990065 -8.1601196147495
0.5324736564840782 1.4913591726553204 1.6885305882016866 2.010949255132851 1.6516384522739855 0.38893534610991587 -0.6648156624468422 -0.6902371342625684 -0.8719076523603206 -0.8542366292689012 -0.2255202287531306 0.3616537666003552 0.23547646136864042 -0.048499979889962574 -0.27233293904794387 -0.5494889854291563 -0.9345312780527202 -1.1422433038641433 -0.9841341498882841 -0.6648156624468422 -0.41959146480977383 -0.19699857744768146 -0.4772548033186168 -1.0827198576614667 -1.5536371221503504 -1.8993071352544355 -2.543834451167792 -3.4723382083397514 -4.362089721890176 -3.7516643803637697 -4.349378985982313 -6.648162077611721 -9.261613387447987 -10.140514272784383 -8.9305142179456 -8.317298714878442 -7.164031944701584 -5.038858904496649 -4.8308368607362535 -5.548528412607067 -6.575927895501182 -7.623788563027466 -8.678469625431141
0.2100549895529138 1.6984511625687988 2.15262745781318 1.7520842677410027 1.821528288310792 0.9336368824542003 -0.37184870066804354 -0.15111592099978477 -0.25776209544624695 -1.0045953345204541 -0.5321279802867092 -0.02214845422731937 0.07550719969894715 -0.06927118247110453 -0.4013004058204097 -0.8337754446367311 -1.1540239859250896 -1.2947721347585022 -1.570068073445881 -1.322983768114979 -1.060398565335463 -0.7674316035566648 -0.7792122856176111 -1.264390375759219 -1.9392994506718586 -2.4343981151805796 -2.87493362067018 -2.9949105669224503 -3.7975470368116664 -3.729343088037766 -3.3046184979457514 -3.9919282908172815 -6.333803877353835 -8.80929719989744 -9.322996941344497 -8.18337096092242 -6.678543836611004 -5.363137679121648 -5.4381620227729375 -6.1667042028577805 -6.929658375278546 -7.772287160585185 -8.864170376865532
1.555842906041553 1.7052715574461894 1.8488098678203517 1.7052715574461894 1.5713438034901666 0.8722533285576901 -0.11701394661283437 -0.4871753776857295 -0.6093224495808052 -1.3397247373594818 -0.43230220071763714 -0.028038795257792515 -0.40595067505499394 -0.5163170648891233 -0.7106983188947384 -1.1481336448946164 -1.3124431578499216 -1.3201936065742284 -1.6404421478625868 -1.938369396824942 -1.9247286070701617 -1.9606906891509457 -1.9823919455790047 -2.136470866218225 -2.530193661413012 -2.9713492028005573 -3.3737525005665683 -3.447226754472997 -3.1471293798678364 -3.072105036216546 -3.052573905431293 -3.0299425951563173 -3.4304857852284942 -5.189217609748202 -7.3298915474017505 -7.274088316586742 -6.30838240553811 -5.512566330526283 -5.505745935648894 -6.364185636353119 -7.215494924230982 -8.230183671217233 -9.366089436251643
