static/data/seaWind_uo/2023/7/13/18.asc
ncols 137
nrows 93
xllcorner 108.0
yllcorner 17.0
cellsize 0.25
NODATA_value -32767
[rows 57 to 75 of 93, columns 43 to 85 of 137]
0.4425460736030806 0.18387664566271722 0.3896910202158854 0.7845022523353871 1.0856158898139525 1.6646189746464066 1.807167451963387 0.2863834158681864 -2.8833181190790502 -5.975338742229955 -7.835676454630772 -8.18724264306984 -7.473699422342708 -5.9801437470833365 -5.201732960835557 -5.220152146106852 -5.735889333703117 -6.3357141062335565 -6.686479460530396 -6.901103010648097 -6.989194766293423 -6.993198937004573 -6.884285493661263 -6.696890304379389 -6.313290750251111 -5.944907044825206 -5.597345027097289 -5.364302291708292 -5.256189682507212 -5.211342970542319 -5.097624522345627 -5.001524425277999 -5.03515945925167 -5.097624522345627 -5.148077073306132 -5.14487373673721 -5.191322116986564 -5.264998858071744 -5.302638062756564 -5.264998858071744 -5.182512941422031 -5.1128403710480015 -5.256189682507212
0.5939037264845934 0.6603729602897022 1.0864167239561828 1.5372863460318 2.1507252989801535 2.5383290238195833 2.556748209090879 0.9767024464706417 -2.193799922618825 -5.358696452712681 -7.098108209636733 -7.652285436060049 -8.244902701310417 -6.709703650655072 -5.442784037646854 -5.28261720920081 -5.976139576372185 -6.610400217018524 -6.972377249306588 -7.007613951564718 -7.020427297840401 -6.845044620691981 -6.646437753418885 -6.3485274525092406 -5.8584169574643425 -5.46040238877592 -5.097624522345627 -4.8926109819346895 -5.046371137242892 -5.202533794977787 -5.235367994809225 -5.290625550623112 -5.345082272294767 -5.449190710784697 -5.502846598314122 -5.545290807852323 -5.597345027097289 -5.6654159291868575 -5.624573387933117 -5.534879964003331 -5.361899789281601 -5.356293950285989 -5.527672456723259
0.649962116440709 1.1488817870501404 1.5941455701301463 2.149123630695693 2.679275832852103 3.060472884553691 2.9003060561076457 1.57332388243216 -0.17810038662534522 -2.9994390697024333 -4.064548478868635 -4.57708232989598 -6.234809004312549 -6.608798548734065 -5.347484774721457 -5.200131292551095 -5.997762098212402 -6.726521167641907 -6.994800605289033 -6.971576415164357 -6.764961206468959 -6.5735618464759344 -6.157128092516217 -5.806362738219377 -5.331468091876853 -5.021545278833756 -4.701211621941665 -4.725236646208572 -4.9062251623526025 -5.161691253724046 -5.406746501246494 -5.522066617727647 -5.700652631444987 -5.811968577214989 -5.802358567508226 -5.837595269766356 -5.912072844993768 -5.940102039971825 -5.879238645162328 -5.6654159291868575 -5.4996432617452005 -5.529274125007719 -5.651801748768944
0.744460545223876 1.3338744739053228 2.036206016641231 2.5911840772067785 2.917123573094481 3.406433233997149 3.1838013424571456 2.8114134663200905 1.1448776163389893 0.040527334203506626 -1.2848531711875182 -1.8798729388645765 -3.409466150524309 -4.125411873678132 -5.033557790967208 -4.9694910595887904 -5.987351254363409 -6.66245443626349 -6.889090498514644 -6.620010226725288 -6.404585842465357 -6.036202137039453 -5.633382563497648 -5.3018372286143345 -4.961482718166488 -4.7172283047862695 -4.675584929390297 -4.702012456083895 -4.868585957667782 -5.140068731883829 -5.516460778732036 -5.832790264912974 -6.010575444488085 -6.090658858711108 -6.082650517288806 -6.085853853857726 -6.085853853857726 -6.073040507582043 -5.923284522984991 -5.712665143578441 -5.659810090191246 -5.713465977720671 -5.784740216379161
1.4435887513908638 2.0121809923743244 2.715313369252464 2.929936919370164 3.1789963376037647 3.626662623110461 3.1213362793631885 2.823425978453544 2.049820197059145 0.9438682466392025 -0.2613871374172887 -0.6401816866921859 -1.5042817261586003 -2.5381586037778225 -3.4471053552091298 -4.916636006201596 -5.997762098212402 -6.507893446813056 -6.5735618464759344 -6.282058218704131 -5.9577203911008905 -5.587735017390525 -5.254588014222751 -4.983906074148935 -4.738850826626486 -4.726037480350802 -4.68439410495483 -4.72123247549742 -4.886204308796847 -5.196927955982175 -5.690241787595994 -6.030596298043841 -6.259634862721686 -6.3397182769447085 -6.295672399122045 -6.265240701717297 -6.193966463058807 -6.052218819884057 -5.903263669429235 -5.880840313446789 -5.853611952610961 -5.917678683989379 -5.933695366833984
2.705703359545701 3.1397554646344834 3.276698102955852 3.477707472655639 3.281503107809234 3.4985291603536255 2.751350905652824 1.649403125944032 0.8453656471448845 0.28478174758372576 -0.6065466527185164 0.05414151462142058 -0.683426730372618 -1.7333202908364451 -3.2220709612424363 -4.765278353320083 -5.961724561812041 -6.378959149913989 -6.254829857868304 -5.9489112155363575 -5.630179226928727 -5.343480604010306 -5.005528595989151 -4.847764269969796 -4.695605782946053 -4.701211621941665 -4.698809119514975 -4.734846655915334 -4.968690225446561 -5.313048906605558 -5.811968577214989 -6.214788150756792 -6.4430258812924075 -6.499885105390753 -6.444627549576868 -6.340519111086938 -6.252427355441613 -6.1106797122668635 -6.081849683146576 -6.072239673439812 -6.023388790763769 -6.06022716130636 -6.079447180719884
3.5113425066293087 3.685123515493268 3.7099493739024045 3.4801099750823297 3.2150338740041247 2.9819911386151285 2.1827586646693624 0.8974198663898494 -0.16849037691858237 -0.7194642667729783 -0.6746175548080855 0.6763896431343066 -0.6513933646834089 -1.8398312317530652 -3.361416101990496 -4.857374279676559 -6.0249904590482295 -6.297274067406507 -5.944907044825206 -5.681432612031462 -5.378717306268436 -5.111238702763541 -4.924644347623898 -4.833349255409653 -4.7132241340751175 -4.689999943950442 -4.698809119514975 -4.837353426120803 -5.068794493225338 -5.437178198651242 -5.918479518131609 -6.3309091013801755 -6.5599476660580205 -6.62801856814759 -6.515100954093128 -6.370149974349457 -6.332510769664636 -6.290867394268664 -6.257232360294995 -6.214788150756792 -6.139509741387151 -6.130700565822619 -6.23801234088147
3.83327783180586 3.8500953487926943 3.326349819774127 2.9467544363569993 2.9739827971928263 2.6184124380426064 1.7807399252697889 1.1488817870501404 -0.2037270791767125 -1.2480148006449279 -1.0582171089363641 0.06295069018595312 -1.0582171089363641 -2.343555907215878 -3.893169972431366 -5.3466839405792275 -6.003367937208013 -6.149920585236145 -5.8992594987180835 -5.546892476136784 -5.160890419581815 -4.971092727873251 -5.006329430131381 -4.952673542601955 -4.720431641355191 -4.6635724172568445 -4.788502543444759 -5.0183419422648345 -5.290625550623112 -5.624573387933117 -6.116285551262475 -6.48707175911507 -6.671263611828023 -6.644035250992195 -6.513499285808667 -6.436619208154566 -6.3757558133450685 -6.344523281798089 -6.314091584393341 -6.268444038286217 -6.268444038286217 -6.3076849112555 -6.464648403132624
3.814858646534564 3.4801099750823297 2.6848816718477146 2.1915678402338954 2.3701538539512357 2.1675428159669887 0.9678932709061092 0.36806849837566924 -0.5953349747272931 -1.2480148006449279 -0.86681774894334 -0.2085320840300935 -2.2234307858813436 -3.811484889923883 -4.965486888877639 -5.723075987427434 -6.077044678293194 -5.988152088505639 -5.750304348263262 -5.356293950285989 -4.8389550944052635 -4.664373251399074 -5.011134434984762 -5.0415661323895105 -4.864581786956631 -4.738850826626486 -4.879797635659005 -5.204936297404477 -5.549294978563474 -5.8584169574643425 -6.305282408828809 -6.641632748565504 -6.7801770551713325 -6.716110323792915 -6.544731817355647 -6.459042564137012 -6.353332457362622 -6.390971662047443 -6.4117933497454285 -6.410191681460969 -6.4430258812924075 -6.52471096379989 -6.6992928068060795
2.91632273895225 2.4974864825658423 1.838399983510365 1.4315762392574105 1.4395845806797127 1.119250923787622 -0.12044032838476859 -0.8411910563919727 -1.1102713281813288 -0.8708219196544911 0.2311258600543007 -0.24617128871491412 -2.944982348030778 -4.734045821773104 -5.654204251195635 -5.99215625921679 -6.201173970338878 -5.926487859553911 -5.70786013872506 -5.440381535220164 -5.051176142096274 -4.882200138085696 -5.102429527199009 -5.046371137242892 -4.915835172059365 -4.810125065284975 -4.939059362184042 -5.2505838435116 -5.614963378226353 -6.118688053689166 -6.619209392583057 -6.83783711341191 -6.833832942700758 -6.693686967810468 -6.45183505685694 -6.374954979202839 -6.38136165234068 -6.497482602964062 -6.519105124804279 -6.507893446813056 -6.552740158777949 -6.582371022040467 -6.744139518770973
1.6574114673663343 1.3082477813539555 0.9510757539192745 0.6363479360227955 0.5114178098348798 0.3832843470780438 -0.718663432630748 -0.7314767789064316 -1.1471096987239193 -0.9068594560548513 0.34404347410876257 -1.1655288839952145 -4.11820436639806 -5.690241787595994 -6.209983145903411 -6.392573330331903 -6.109078043982403 -5.907267840140386 -5.794350226085924 -5.507651603167503 -5.188919614559873 -5.091217849207785 -5.212944638826779 -5.240973833804837 -5.050375307954043 -4.866984289383321 -4.915034337917135 -5.226558819244693 -5.695847626591606 -6.2676432041439885 -6.80900708429162 -7.0140206247025585 -6.969173912737666 -6.684076958103706 -6.383764154767371 -6.3124899161088805 -6.394174998616364 -6.501486773675214 -6.504690110244135 -6.48867342739953 -6.575163514760394 -6.66085276797903 -6.8610613035365855
0.5138203122615708 0.25435005017897705 -0.052369426295199695 -0.04836525558404858 -0.06518277257088334 0.30560343528171163 -0.3518813954893041 -0.7691159835912522 -1.1190805037458613 -0.733078447190892 -0.7122567594929061 -2.4276434921500516 -5.211342970542319 -6.197970633769958 -6.684076958103706 -6.473457578697156 -6.137107238960461 -6.002567103065783 -5.844802777046429 -5.542087471283402 -5.39153065254412 -5.339476433299155 -5.342679769868076 -5.516460778732036 -5.383522311121817 -5.10723453205239 -5.121649546612534 -5.340277267441385 -5.811968577214989 -6.410992515603199 -6.967572244453207 -7.154166599592848 -7.038045648969465 -6.746542021197664 -6.438220876439026 -6.342120779371399 -6.374954979202839 -6.45263589099917 -6.463847568990394 -6.4702542421282345 -6.553540992920178 -6.750546191908814 -7.061269839094143
-0.803551851707152 -1.0037603872647087 -1.0846446356299615 -0.7346801154753526 -0.19732040603887047 0.27997674273034434 -0.2958230055331885 -0.6778208913770065 -1.2584256444939208 -2.122525683960335 -2.588611154738327 -4.138225219953815 -6.176348111929742 -6.891493000941335 -7.033240644116084 -6.905908015501478 -6.484669256688379 -6.180352282640893 -5.811167743072758 -5.493236588607359 -5.586934183248296 -5.645395075631102 -5.691843455880456 -5.877636976877867 -5.70946180700952 -5.4908340861806675 -5.4636057253448405 -5.6566067536223255 -6.02739296147492 -6.528715134511042 -7.0892990340722 -7.270287550216231 -7.209424155406735 -6.917920527634932 -6.571159344049244 -6.396577501043055 -6.331709935522406 -6.41499668631435 -6.4566400617103215 -6.531117636937733 -6.704898645801691 -6.963568073742055 -7.283901730634145
-2.1585632203606955 -2.221028283454653 -1.8694620950155836 -1.3232932100145691 -1.163927215710754 -0.9749303581444204 -1.6276101840620552 -1.7605486516722728 -2.1313348595248676 -3.1035475081923627 -4.866183455241091 -5.940902874114055 -7.129340741183711 -7.4624877443514865 -7.221436667540187 -7.074884019512057 -6.8698704791011185 -6.397378335185285 -5.919280352273839 -5.677428441320311 -5.8520102843265 -6.121891390258087 -6.273249043139599 -6.341319945229168 -6.06423133201751 -5.896056162149163 -5.9577203911008905 -6.180352282640893 -6.34612495008255 -6.708902816512843 -7.128539907041482 -7.331150945025728 -7.30232091590544 -7.09170153649889 -6.759355367473347 -6.495880934679603 -6.388569159620753 -6.437420042296796 -6.464648403132624 -6.604794378022913 -6.920323030061622 -7.224640004109109 -7.502529451462998
-3.4062628139553883 -3.189236761410997 -2.840873909540848 -3.2204692929579757 -3.2509009903627244 -3.9932742402101447 -4.8613784503877095 -4.8886068112235375 -4.9510718743174955 -5.907267840140386 -6.644836085134424 -7.494521110040695 -7.945390732116312 -7.627459577650912 -7.346366793728103 -6.951555561608602 -6.752948694335505 -6.517503456519819 -6.154725590089526 -6.06343049787528 -6.362942467069384 -6.644836085134424 -6.7217161627885265 -6.7841812258824845 -6.466250071417084 -6.398980003469745 -6.468652573843775 -6.59278186588946 -6.759355367473347 -6.897098839936946 -7.2342500138158705 -7.385607666697384 -7.4000226812575285 -7.203818316411123 -6.958763068888674 -6.69769113852162 -6.490275095683991 -6.496681768821833 -6.509495115097517 -6.754550362619966 -7.0764856877965165 -7.3816034959862336 -7.663497114051273
-4.521023939939864 -4.364060448062739 -4.75566834361332 -5.309044735894407 -6.328506598953485 -7.628260411793143 -8.595668055607257 -8.95844592203755 -8.984072614588916 -8.669344796692437 -8.64291726999884 -8.379442837205096 -8.301761925408764 -7.859701478897678 -7.435259383515659 -6.985991429724502 -6.696890304379389 -6.471055076270465 -6.41579752045658 -6.684877792245937 -6.990796434577883 -7.055664000098531 -7.082892360934359 -7.026033136836013 -6.77216871374903 -6.833032108558529 -6.939543049475148 -7.0180247954137105 -7.086896531645509 -7.219834999255728 -7.448072729791342 -7.5393678220055875 -7.558587841419113 -7.311130091469973 -7.078888190223207 -6.845044620691981 -6.588777695178308 -6.521507627230969 -6.531117636937733 -6.808206250149391 -7.084494029218819 -7.376798491132851 -7.618650402086381
-5.712665143578441 -6.006571273776935 -6.657649431410109 -7.564193680414725 -8.68055647468366 -9.743263381423171 -10.247788891028215 -10.496848309261814 -10.385532363491812 -9.901828541584756 -9.263563730227265 -8.828710790996253 -8.408272866325383 -7.678712962753647 -7.2959142427676 -7.051659829387379 -6.8746754839544995 -7.045253156249538 -7.182996628713136 -7.327146774314578 -7.335955949879111 -7.3279476084568085 -7.270287550216231 -7.190204135993209 -7.079689024365438 -7.167780780010762 -7.285503398918605 -7.3279476084568085 -7.390412671550765 -7.550579499996811 -7.7780163963901945 -7.8284689473507 -7.662696279909042 -7.340760954732492 -7.021228131982632 -6.794592069731477 -6.6312219047165115 -6.553540992920178 -6.523109295515431 -6.682475289819246 -6.9459497226129905 -7.2294450089624895 -7.500927783178536
-7.0140206247025585 -7.452877734644723 -8.125578414118113 -8.883167512667908 -9.563876533563601 -10.050783692039579 -10.323868134540085 -10.315058958975554 -10.166103808520731 -9.909836883007058 -9.549461519003456 -9.077770209229852 -8.420285378458837 -7.813253098648325 -7.522550305018752 -7.4096326909642904 -7.464890246778177 -7.742779694132064 -7.82606644492401 -7.766003884256742 -7.72275884057631 -7.693127977313791 -7.595426211961703 -7.429653544520047 -7.3912135056929955 -7.417641032386593 -7.44006438836904 -7.44006438836904 -7.4857119344761625 -7.668302118904654 -7.996644117219047 -8.052702507175162 -7.717153001580698 -7.283100896491915 -6.935538878763996 -6.745741187055433 -6.653645260698957 -6.4878725932573005 -6.441424213007947 -6.549536822209028 -6.724919499357448 -6.90831051792817 -6.98278809315558
-8.034283321903867 -8.375438666493944 -8.723000684221862 -9.184281150146473 -9.512623148460866 -9.70482334259612 -9.972301946101016 -10.222162198476846 -10.262203905588358 -10.102837911284542 -9.659976630631228 -8.92481088806388 -8.316977774111137 -7.920564873707175 -7.796435581661491 -7.822062274212858 -8.013461634205882 -8.214471003905668 -8.236093525745884 -8.18724264306984 -8.102354223993437 -8.013461634205882 -7.893336512871349 -7.716352167438467 -7.603434553384005 -7.570600353552566 -7.617048733801919 -7.601032050957315 -7.574604524263718 -7.671505455473575 -7.83167228391962 -7.850892303333145 -7.564994514556956 -7.211826657833425 -6.84184128412306 -6.571960178191475 -6.4790634176927675 -6.48707175911507 -6.533520139364423 -6.584773524467158 -6.587976861036079 -6.553540992920178 -6.340519111086938
