static/data/seaWind_uo/2023/7/13/6.asc
ncols 137
nrows 93
xllcorner 108.0
yllcorner 17.0
cellsize 0.25
NODATA_value -32767
[rows 57 to 75 of 93, columns 86 to 128 of 137]
-5.1352637270304475 -5.212944638826779 -5.32185808217009 -5.362700623423832 -5.369908130703903 -5.317053077316709 -5.264998858071744 -5.200131292551095 -5.125653717323685 -5.03916362996282 -4.971092727873251 -4.866183455241091 -4.741253329053176 -4.600306520020656 -4.4521522037080645 -4.3224170726667674 -4.18947860505655 -4.144631893091657 -4.062946810584174 -4.042125122886189 -4.042125122886189 -4.035718449748346 -4.0885735031355415 -4.04693012773957 -4.058942639873023 -4.0613451422997136 -4.076560991002088 -4.080565161713239 -4.0477309618818 -4.01089259133921 -3.925203338120575 -3.8731491188756104 -3.8275015727684876 -3.762634007247839 -3.684152261309277 -3.5504129595568292 -3.3822377896884817 -3.2645151707806384 -3.1395850445927227 -2.948986518741929 -2.7519813197532934 -2.437253501856814 -2.188194083623214
-5.667818431613548 -5.734287665418657 -5.789545221232542 -5.797553562654844 -5.752706850689952 -5.735889333703117 -5.654204251195635 -5.5340791298611 -5.430771525513402 -5.302638062756564 -5.273808033636277 -5.170500429288578 -5.068794493225338 -4.937457693899582 -4.822938411560659 -4.716427470644039 -4.597103183451735 -4.533837286215547 -4.444944696427992 -4.405703823458711 -4.4121104965965525 -4.457758042703675 -4.481783066970583 -4.422521340445546 -4.350446267644825 -4.33202708237353 -4.293587043546479 -4.271163687564033 -4.26075284371504 -4.2679603509951125 -4.193482775767701 -4.1061918542646065 -4.038120952175037 -3.9220000015516545 -3.789862368083667 -3.6649322418957517 -3.6072721836551755 -3.503964579307476 -3.3750302824084093 -3.1764234151353135 -2.899334801923655 -2.524544423359909 -2.287497517259762
-6.20517814105003 -6.175547277787512 -6.209983145903411 -6.154725590089526 -6.0474138150306755 -6.020185454194848 -5.948110381394128 -5.837595269766356 -5.727080158138585 -5.594141690528367 -5.545290807852323 -5.46200405706038 -5.373912301415055 -5.266600526356205 -5.152081244017282 -5.098425356487857 -4.986308576575626 -4.9062251623526025 -4.819735074991739 -4.774888363026846 -4.79170588001368 -4.845361767543105 -4.850967606538717 -4.766079187462314 -4.680389934243679 -4.583489003033821 -4.537040622784469 -4.488990574250654 -4.480181398686122 -4.452953037850294 -4.40330132103202 -4.304798721537702 -4.1606485759362615 -4.0341167814638865 -3.9364150161117983 -3.857933270173236 -3.789862368083667 -3.692160602731579 -3.557620466836901 -3.3045568778921495 -2.977015713719987 -2.63345786670322 -2.4676851992615627
-6.603993543880684 -6.5687568416225535 -6.463847568990394 -6.3981791693275145 -6.24201651159262 -6.209983145903411 -6.131501399964849 -6.057023824737438 -5.948110381394128 -5.843201108761968 -5.791947723659233 -5.70946180700952 -5.642191739062181 -5.540485802998942 -5.534879964003331 -5.498041593460741 -5.433974862082322 -5.344281438152537 -5.252986345938291 -5.182512941422031 -5.197728790124405 -5.187317946275412 -5.156886248870664 -5.063989488371957 -4.972694396157712 -4.875793464947854 -4.759672514324471 -4.689199109808211 -4.665974919683535 -4.607514027300728 -4.553858139771303 -4.40330132103202 -4.255947838861658 -4.132619380958204 -4.04933263016626 -3.9940750743523745 -3.9364150161117983 -3.8387132507597106 -3.644911388339996 -3.371026111697258 -3.020260757400419 -2.7944255292914955 -2.639063705698831
-6.7937912355892465 -6.70009364094831 -6.59438353417392 -6.479864251834998 -6.308485745397729 -6.269244872428448 -6.190763126489886 -6.117086385404705 -6.118688053689166 -6.032197966328301 -6.042608810177294 -6.0113762786303155 -5.949712049678588 -5.947309547251898 -5.940902874114055 -5.88564531830017 -5.831188596628515 -5.7511051824054915 -5.668619265755778 -5.5981458612395185 -5.529274125007719 -5.498041593460741 -5.420360681664408 -5.338675599156925 -5.244978004515989 -5.1088362003368495 -4.992715249713467 -4.834950923694112 -4.778892533737997 -4.7084191292217366 -4.641949895416628 -4.492193910819576 -4.363259613920509 -4.243134492585975 -4.155042736940651 -4.135822717527125 -4.070955152006476 -3.909987489418201 -3.7153847928562556 -3.443902018640209 -3.1283733666014997 -2.963401533302073 -2.9033389726348062
-6.800197908727089 -6.705699479943922 -6.527113466226581 -6.4029841741808955 -6.212385648330102 -6.145916414524994 -6.078646346577655 -6.139509741387151 -6.149119751093915 -6.20597897519226 -6.282058218704131 -6.31008741368219 -6.327705764811254 -6.327705764811254 -6.316494086820032 -6.229203165316937 -6.130700565822619 -6.06262966373305 -5.988152088505639 -5.924886191269451 -5.853611952610961 -5.758312689685564 -5.6654159291868575 -5.589336685674986 -5.469211564340452 -5.329065589450162 -5.140068731883829 -4.970291893731021 -4.835751757836343 -4.734045821773104 -4.670779924536916 -4.595501515167275 -4.47217305726382 -4.36886545291612 -4.274367024132954 -4.2543461705771985 -4.116602698113599 -3.9500291965297123 -3.812285724066113 -3.55361629612575 -3.353407760568193 -3.225274297811357 -3.1852325906998455
-6.725720333499677 -6.599188539027301 -6.410992515603199 -6.178750614356433 -5.992957093359021 -5.913674513278227 -5.903263669429235 -5.988152088505639 -6.16753893636521 -6.286863223557513 -6.459843398279242 -6.531918471079962 -6.562350168484711 -6.589578529320539 -6.580769353756006 -6.539125978360035 -6.423805861878883 -6.338917442802478 -6.298875735690967 -6.230003999459168 -6.125895560969237 -6.0249904590482295 -5.904064503571465 -5.794350226085924 -5.683034280315923 -5.509253271451963 -5.315451409032248 -5.063989488371957 -4.8838018063701565 -4.763676685035622 -4.698809119514975 -4.635543222278786 -4.609115695585189 -4.511413930233101 -4.387284638187416 -4.2367278194481335 -4.080565161713239 -3.9404191868229494 -3.822696567915106 -3.7810531925191344 -3.673741417460284 -3.5664296424014337 -3.5680313106858943
-6.642433582707733 -6.525511797942121 -6.292469062553125 -6.010575444488085 -5.7959518943703845 -5.663814260902397 -5.705457636298369 -5.856815289179881 -6.069036336870892 -6.319697423388952 -6.570358509907013 -6.648039421703345 -6.7217161627885265 -6.757753699188887 -6.788185396593635 -6.7705670454645706 -6.683276123961475 -6.603993543880684 -6.576765183044856 -6.499084271248524 -6.38136165234068 -6.264439867575067 -6.180352282640893 -6.085053019715496 -5.931292864407293 -5.727080158138585 -5.4636057253448405 -5.182512941422031 -4.93425435733066 -4.748460836333248 -4.696406617088283 -4.7532658411866295 -4.792506714155911 -4.739651660768716 -4.569874822615907 -4.287180370408637 -3.9844650646456117 -3.847522426324243 -3.861937440884387 -3.9043816504225894 -4.04853179602403 -3.994875908494605 -3.950830030671942
-6.472656744554926 -6.268444038286217 -6.001766268923553 -5.784740216379161 -5.655805919480095 -5.518062447016495 -5.600548363666209 -5.763117694538945 -5.954517054531969 -6.177148946071972 -6.463046734848163 -6.670462777685792 -6.786583728309175 -6.87307381567004 -6.941144717759608 -6.977182254159969 -6.98198725901335 -6.966771410310976 -6.917920527634932 -6.829828771989607 -6.705699479943922 -6.571960178191475 -6.483067588403919 -6.366145803638306 -6.176348111929742 -5.942504542398516 -5.658208421906785 -5.331468091876853 -5.024748615402676 -4.804519226289364 -4.773286694742385 -4.89661515264584 -5.017541108122604 -4.986308576575626 -4.762075016751162 -4.319213736097847 -3.875551621302301 -3.6977664417271905 -3.8154890606350342 -4.107793522549066 -4.396894647894179 -4.430529681867848 -4.408106325885402
-6.225198994605786 -6.091459692853338 -5.896056162149163 -5.807163572361608 -5.860819459891033 -5.839997772193047 -5.822379421063982 -5.872831972024486 -5.896856996291393 -5.99215625921679 -6.145916414524994 -6.497482602964062 -6.6944878019526985 -6.890692166799104 -7.029236473404934 -7.140552419174934 -7.182996628713136 -7.194208306704359 -7.158971604446229 -7.0941040389255825 -7.020427297840401 -6.917920527634932 -6.796994572158168 -6.630421070574281 -6.4294117008744935 -6.143513912098303 -5.8007568992237655 -5.397937325681962 -5.055180312807424 -4.836552591978573 -4.850166772396487 -5.006329430131381 -5.188118780417643 -5.21454630711124 -5.063989488371957 -4.589895676171663 -4.035718449748346 -3.7073764514339533 -3.79947237779043 -4.249541165723817 -4.685194939097061 -4.82534091398735 -4.839755928547493
-5.9304920302650626 -5.891251157295781 -5.95932205938535 -5.95611872281643 -6.1058747074134825 -6.197169799627728 -6.1595305949429076 -6.065833000301971 -6.025791293190459 -5.914475347420458 -5.896856996291393 -6.163534765654058 -6.4742584128393865 -6.723317831072986 -6.994800605289033 -7.154166599592848 -7.346366793728103 -7.460085241924796 -7.445670227364651 -7.37439598870616 -7.283100896491915 -7.178191623859755 -7.05085899524515 -6.8610613035365855 -6.603192709738453 -6.299676569833197 -5.929691196122832 -5.542888305425633 -5.172902931715268 -4.923843513481668 -4.921441011054977 -5.063188654229727 -5.241774667947068 -5.35709478442822 -5.299434726187644 -4.911831001348214 -4.314408731244465 -3.914792494271582 -3.9043816504225894 -4.374471291911732 -4.983906074148935 -5.165695424435196 -5.165695424435196
-5.8183752503528305 -5.914475347420458 -6.000965434781323 -6.1282980633959285 -6.290867394268664 -6.394174998616364 -6.376556647487298 -6.264439867575067 -6.125895560969237 -6.049816317457366 -6.003367937208013 -6.118688053689166 -6.433415871585645 -6.727322001784138 -6.990796434577883 -7.046854824533998 -7.2470633600915555 -7.465691080920406 -7.651484601917819 -7.590621207108322 -7.516944466023141 -7.411234359248752 -7.243860023522634 -7.0268339709782435 -6.763359538184497 -6.431013369158954 -6.06022716130636 -5.635785065924339 -5.259393019076132 -5.046371137242892 -5.00232525942023 -5.137666229457138 -5.3242605845967805 -5.462804891202611 -5.509253271451963 -5.273808033636277 -4.7132241340751175 -4.231922814594752 -4.2054952879011545 -4.54184562763785 -5.086412844354404 -5.32105724802786 -5.39153065254412
-5.700652631444987 -5.8319894307707445 -5.978542078798876 -6.158729760800677 -6.350929954935932 -6.495880934679603 -6.536723475933345 -6.34612495008255 -6.212385648330102 -6.234809004312549 -6.2636390334328365 -6.387768325478522 -6.705699479943922 -6.993198937004573 -7.0092156198491775 -6.9235263666305435 -7.0852948633610495 -7.353574301008175 -7.593824543677243 -7.741978859989835 -7.7099454943006265 -7.590621207108322 -7.389611837408536 -7.149361594739467 -6.8610613035365855 -6.523109295515431 -6.166738102222979 -5.770325201819017 -5.4275681889444805 -5.222554648533542 -5.148077073306132 -5.218550477822391 -5.378717306268436 -5.566112495550309 -5.614162544084123 -5.467609896055992 -5.07359949807872 -4.673983261105837 -4.532235617931087 -4.769282524031234 -5.166496258577427 -5.410750671957645 -5.480423242331675
-5.502846598314122 -5.651801748768944 -5.864823630602183 -6.0834513514310355 -6.386166657194061 -6.563151002626942 -6.665657772832411 -6.506291778528595 -6.439822544723487 -6.512698451666437 -6.611201051160755 -6.790587899020325 -7.086896531645509 -7.33675678402134 -7.248665028376015 -7.088498199929971 -7.057265668382991 -7.3151342621811235 -7.537766153721128 -7.7780163963901945 -7.790028908523649 -7.656289606771201 -7.444869393222421 -7.219834999255728 -6.9195221959193915 -6.59278186588946 -6.247622350588232 -5.890450323153551 -5.605353368519591 -5.385123979406279 -5.325061418739011 -5.364302291708292 -5.4636057253448405 -5.626975890359807 -5.678229275462542 -5.618166714795274 -5.3554931161437604 -5.138467063599368 -4.9462668694641145 -5.043968634816202 -5.244177170373758 -5.441182369362394 -5.491634920322898
-5.298633892045414 -5.457999886349229 -5.738291836129808 -6.137107238960461 -6.441424213007947 -6.66085276797903 -6.780977889313563 -6.763359538184497 -6.839438781696369 -6.915518025208241 -6.9331363763373055 -7.113324058339106 -7.353574301008175 -7.591422041250553 -7.528156144014364 -7.399221847115298 -7.339960120590261 -7.325545106030118 -7.511338627027529 -7.743580528274295 -7.741978859989835 -7.586617036397172 -7.402425183684219 -7.177390789717526 -6.977983088302199 -6.655246928983418 -6.3124899161088805 -6.010575444488085 -5.735088499560887 -5.579726675968223 -5.521265783585417 -5.525269954296568 -5.592540022243907 -5.722275153285203 -5.783138548094701 -5.730283494707505 -5.610959207515203 -5.421962349948869 -5.290625550623112 -5.280214706774118 -5.369908130703903 -5.411551506099876 -5.465207393629301
-5.209741302257859 -5.386725647690739 -5.773528538387938 -6.172343941218591 -6.455038393425861 -6.670462777685792 -6.902704678932558 -7.01722396127148 -7.138149916748244 -7.187000799424288 -7.174187453148605 -7.222237501682418 -7.420043534813283 -7.684318801749258 -7.729165513714152 -7.634667084930985 -7.553782836565732 -7.518546134307602 -7.536965319578897 -7.705140489447244 -7.594625377819474 -7.383205164270693 -7.220635833397958 -7.109319887627956 -6.9371405470484575 -6.720114494504067 -6.425407530163342 -6.161933097369598 -5.976139576372185 -5.820777752779522 -5.730283494707505 -5.700652631444987 -5.754308518974413 -5.84960778189981 -5.914475347420458 -5.880840313446789 -5.767922699392326 -5.622971719648655 -5.535680798145561 -5.466809061913761 -5.420360681664408 -5.454796549780308 -5.493236588607359
-5.212944638826779 -5.353090613717069 -5.796752728512615 -6.193966463058807 -6.464648403132624 -6.656047763125647 -6.853052962114283 -7.046053990391767 -7.259876706367239 -7.3055242524743615 -7.3103292573277425 -7.360781808288246 -7.492118607614005 -7.656289606771201 -7.7107463284428555 -7.679513796895877 -7.590621207108322 -7.528156144014364 -7.528956978156595 -7.540969490290047 -7.412836027533212 -7.231046677246951 -7.102913214490114 -7.0140206247025585 -6.895497171652485 -6.7081019823706125 -6.539926812502264 -6.361340798784925 -6.198771467912188 -6.108277209840173 -6.0297954639016105 -5.970533737376574 -6.020185454194848 -6.067434668586431 -6.105073873271252 -6.077845512435424 -5.95691955695866 -5.797553562654844 -5.651801748768944 -5.555701651701316 -5.451593213211387 -5.4363773645090125 -5.486829915469517
-5.125653717323685 -5.266600526356205 -5.745499343409881 -6.113082214693554 -6.372552476776148 -6.584773524467158 -6.781778723455794 -6.989995600435652 -7.261478374651698 -7.36798931556832 -7.385607666697384 -7.433657715231197 -7.564994514556956 -7.679513796895877 -7.660293777482352 -7.604235387526236 -7.513741129454221 -7.4584835736403345 -7.456081071213644 -7.436060217657888 -7.420043534813283 -7.291109237914217 -7.164577443441841 -7.056464834240762 -6.917920527634932 -6.726521167641907 -6.603993543880684 -6.535121807648883 -6.461445066563703 -6.397378335185285 -6.322099925815643 -6.248423184730463 -6.246020682303772 -6.287664057699743 -6.306083242971039 -6.237211506739239 -6.105073873271252 -5.925687025411682 -5.712665143578441 -5.552498315132396 -5.478020739904984 -5.462804891202611 -5.502045764171891
-5.209741302257859 -5.393132320828581 -5.771926870103478 -6.085853853857726 -6.251626521299383 -6.390971662047443 -6.5599476660580205 -6.768965377180109 -6.975580585875509 -7.176589955575295 -7.3151342621811235 -7.505732788031919 -7.6923271431715605 -7.818858937643936 -7.706742157731705 -7.576206192548177 -7.454479402929184 -7.3816034959862336 -7.320740101176735 -7.271088384358462 -7.279096725780764 -7.205419984695583 -7.125336570472561 -7.008414785706947 -6.8402396158386 -6.664056104547949 -6.56154933434248 -6.562350168484711 -6.595184368316151 -6.571159344049244 -6.52391012965766 -6.472656744554926 -6.490275095683991 -6.497482602964062 -6.457440895852551 -6.359739130500464 -6.220393989752404 -6.0209862883370775 -5.77993521152578 -5.5805275101104534 -5.439580701077934 -5.409949837815415 -5.433974862082322
