static/data/seaWind_uo/2023/7/12/0.asc
ncols 137
nrows 93
xllcorner 108.0
yllcorner 17.0
cellsize 0.25
NODATA_value -32767
[rows 57 to 75 of 93, columns 86 to 128 of 137]
-3.9211991674094238 -4.023705937614893 -4.104590185980146 -4.087772668993312 -4.020502601045973 -4.042925957028419 -4.077361825144318 -4.073357654433167 -4.001282581632447 -3.881958294440143 -3.8066798850705017 -3.885962465151294 -4.029311776610505 -4.143831058949427 -4.185474434345399 -4.132619380958204 -4.027710108326044 -3.8955724748580565 -3.745015656118774 -3.638504715202154 -3.601666344659564 -3.6160813592197076 -3.631297207922082 -3.680948924740356 -3.7634348413900693 -3.8851616310090638 -4.059743474015253 -4.2951887118309395 -4.557061476340223 -4.7404524949109454 -4.85977678210325 -4.929449352477279 -4.931051020761739 -4.924644347623898 -4.953474376744186 -4.977499401011093 -5.042366966531741 -5.205737131546707 -5.442784037646854 -5.657407587764555 -5.7647193628234055 -5.686237616884844 -5.554099983416856
-4.4833847352550436 -4.548252300775691 -4.5378414569266985 -4.5066089253797195 -4.465766384125978 -4.520223105797633 -4.511413930233101 -4.442542194001302 -4.362458779778279 -4.315209565386695 -4.301595384968781 -4.346442096933674 -4.420118838018855 -4.509812261948641 -4.50500725709526 -4.442542194001302 -4.3176120678133865 -4.165453580789643 -4.042925957028419 -3.9764567232233095 -3.946025025818561 -3.9500291965297123 -3.992473406067914 -4.0389217863172675 -4.092577673846693 -4.22231280488799 -4.4209196721610855 -4.656364909976772 -4.954275210886417 -5.159288751297354 -5.266600526356205 -5.2706046970673555 -5.242575502089298 -5.147276239163901 -5.088014512638864 -5.091217849207785 -5.220152146106852 -5.39153065254412 -5.582129178394914 -5.747901845836571 -5.77993521152578 -5.698250129018296 -5.582930012537144
-5.016740273980374 -4.972694396157712 -4.947067703606344 -4.904623494068142 -4.873390962521164 -4.927847684192819 -4.927046850050589 -4.862980118672171 -4.803718392147134 -4.7532658411866295 -4.769282524031234 -4.776490031311306 -4.818133406707277 -4.7941083824403705 -4.777290865453536 -4.691601612234901 -4.5738789933270585 -4.4257246770144665 -4.3176120678133865 -4.256748673003889 -4.2591511754305795 -4.274367024132954 -4.342437926222523 -4.426525511156697 -4.490592242535115 -4.61632320286526 -4.810925899427206 -5.005528595989151 -5.276210536062967 -5.4764190716205245 -5.570116666261461 -5.562909158981388 -5.435576530366783 -5.318654745601169 -5.212143804684549 -5.244177170373758 -5.381920642837358 -5.582930012537144 -5.772727704245708 -5.8680269671711045 -5.8584169574643425 -5.763117694538945 -5.684635948600382
-5.416356510953257 -5.371509798988365 -5.32105724802786 -5.293828887192032 -5.323459750454551 -5.377115637983976 -5.3554931161437604 -5.281015540916348 -5.220952980249082 -5.223355482675773 -5.253787180080521 -5.218550477822391 -5.116043707616922 -5.088014512638864 -4.9598810498820285 -4.868585957667782 -4.763676685035622 -4.657165744119002 -4.5602648129091445 -4.545849798349001 -4.549053134917921 -4.642750729558858 -4.7132241340751175 -4.793307548298141 -4.866183455241091 -4.990312747286776 -5.119247044185843 -5.312248072463328 -5.550896646847935 -5.735088499560887 -5.8319894307707445 -5.772727704245708 -5.6429925732044115 -5.442784037646854 -5.325061418739011 -5.404343998819804 -5.607755870946281 -5.807964406503838 -5.948110381394128 -6.024189624905999 -5.983347083652257 -5.902462835287004 -5.827985260059593
-5.770325201819017 -5.7286818264230455 -5.6790301096047715 -5.726279323996355 -5.792748557801463 -5.857616123322112 -5.81517191378391 -5.739893504414269 -5.6838351144581525 -5.692644290022685 -5.702254299729448 -5.60375170023513 -5.4764190716205245 -5.278613038489658 -5.150479575732822 -5.015939439838144 -4.908627664779294 -4.82694258227181 -4.8029175580049035 -4.788502543444759 -4.8838018063701565 -4.995918586282388 -5.102429527199009 -5.168097926861886 -5.236969663093687 -5.2850197116275 -5.416356510953257 -5.538884134714482 -5.747901845836571 -5.925687025411682 -6.004168771350243 -5.943305376540746 -5.725478489854124 -5.510854939736424 -5.417157345095488 -5.596544192955058 -5.806362738219377 -5.9801437470833365 -6.121090556115856 -6.153123921805065 -6.130700565822619 -6.084252185573266 -6.051417985741827
-6.045812146746215 -6.010575444488085 -6.100268868417871 -6.160331429085137 -6.253228189583844 -6.318095755104492 -6.285261555273053 -6.217991487325714 -6.1595305949429076 -6.09546386356449 -6.058625493021898 -5.926487859553911 -5.743096840983189 -5.537282466430021 -5.331468091876853 -5.18091127313757 -5.07440033222095 -5.012736103269223 -5.007931098415842 -5.084811176069943 -5.1849154438487215 -5.337073930872465 -5.474016569193833 -5.538884134714482 -5.578125007683763 -5.621370051364195 -5.651801748768944 -5.748702679978801 -5.88564531830017 -6.045011312603985 -6.113082214693554 -5.969732903234343 -5.74710101169434 -5.564510827265849 -5.521265783585417 -5.759914357970024 -5.978542078798876 -6.1467172486672235 -6.2404148433081605 -6.266041535859527 -6.295672399122045 -6.293269896695355 -6.269244872428448
-6.250825687157153 -6.334112437949097 -6.449432554430249 -6.588777695178308 -6.704898645801691 -6.73452950906421 -6.687280294672627 -6.620811060867517 -6.539125978360035 -6.459042564137012 -6.3357141062335565 -6.129899731680389 -5.933695366833984 -5.735088499560887 -5.528473290865488 -5.39072981840189 -5.3018372286143345 -5.266600526356205 -5.302638062756564 -5.399538993966422 -5.523668286012107 -5.67582677303585 -5.806362738219377 -5.865624464744414 -5.894454493864702 -5.893653659722473 -5.919280352273839 -5.932894532691753 -6.032998800470532 -6.165937268080749 -6.13310306824931 -5.9801437470833365 -5.779134377383549 -5.607755870946281 -5.67582677303585 -5.933695366833984 -6.130700565822619 -6.246821516446002 -6.338116608660248 -6.401382505896436 -6.444627549576868 -6.444627549576868 -6.428610866732264
-6.506291778528595 -6.6224127291519785 -6.794592069731477 -6.949953893324141 -7.062871507378603 -7.082892360934359 -7.038045648969465 -6.961966405457595 -6.869069644958888 -6.747342855339893 -6.551939324635718 -6.294070730837586 -6.06022716130636 -5.891251157295781 -5.7823377139524705 -5.683034280315923 -5.590938353959446 -5.626975890359807 -5.671822602324699 -5.721474319142974 -5.81677358206837 -5.968131234949883 -6.1419122438138425 -6.226800662890247 -6.242817345734851 -6.211584814187872 -6.151522253520605 -6.121891390258087 -6.162733931511829 -6.183555619209814 -6.093061361137798 -5.907267840140386 -5.730283494707505 -5.689440953453764 -5.830387762486284 -6.058625493021898 -6.20677980933449 -6.304481574686578 -6.358137462216003 -6.4069883448920475 -6.482266754261689 -6.507893446813056 -6.477461749408308
-6.805803747722701 -6.937941381190688 -7.121332399761409 -7.276694223354074 -7.345565959585873 -7.355175969292636 -7.327146774314578 -7.2518683649449365 -7.150162428881698 -7.020427297840401 -6.792189567304787 -6.504690110244135 -6.23801234088147 -6.055422156452978 -5.9801437470833365 -5.984147917794488 -5.970533737376574 -6.006571273776935 -6.041007141892834 -6.075443010008733 -6.156327258373986 -6.308485745397729 -6.459843398279242 -6.503889276101905 -6.531117636937733 -6.503088441959674 -6.418200022883271 -6.322900759957873 -6.31088824782442 -6.251626521299383 -6.081048849004345 -5.911272010851537 -5.81917608449506 -5.846404445330888 -5.981745415367797 -6.106675541555712 -6.189161458205426 -6.237211506739239 -6.286062389415283 -6.365344969496075 -6.435818374012335 -6.448631720288019 -6.446229217861328
-7.086896531645509 -7.174988287290834 -7.33515511573688 -7.508135290458609 -7.626658743508683 -7.608239558237386 -7.51294029531199 -7.408031022679831 -7.313532593896664 -7.223038335824649 -7.082091526792128 -6.740135348059821 -6.464648403132624 -6.3212990916734135 -6.275651545566291 -6.2812573845619015 -6.314892418535571 -6.350929954935932 -6.386166657194061 -6.436619208154566 -6.526312632084352 -6.653645260698957 -6.758554533331116 -6.824222932993996 -6.8402396158386 -6.768965377180109 -6.647238587561116 -6.503889276101905 -6.422204193594421 -6.2812573845619015 -6.089858024568878 -5.968932069092114 -5.95932205938535 -6.009774610345855 -6.09946803427564 -6.131501399964849 -6.156327258373986 -6.145916414524994 -6.17154310707636 -6.2404148433081605 -6.3172949209622615 -6.383764154767371 -6.448631720288019
-7.353574301008175 -7.456881905355875 -7.612243728948538 -7.762800547687821 -7.833273952204081 -7.752389703838828 -7.626658743508683 -7.456881905355875 -7.344765125443642 -7.272690052642922 -7.197411643273281 -6.94755139089745 -6.726521167641907 -6.587176026893848 -6.531918471079962 -6.51830429066205 -6.579167685471546 -6.671263611828023 -6.737732845633131 -6.822621264709534 -6.909111352070399 -6.974779751733278 -7.038846483111696 -7.082091526792128 -7.068477346374214 -6.996402273573494 -6.868268810816657 -6.728923670068598 -6.599989373169532 -6.41739918874104 -6.218792321467944 -6.09546386356449 -6.081849683146576 -6.148318916951684 -6.2364106725970085 -6.197169799627728 -6.09866720013341 -6.071438839297582 -6.094663029422259 -6.178750614356433 -6.318095755104492 -6.41499668631435 -6.476660915266077
-7.601832885099546 -7.731568016140843 -7.883726503164585 -7.93738239069401 -7.950996571111924 -7.834875620488541 -7.6338662507887545 -7.456881905355875 -7.331150945025728 -7.286304233060836 -7.287105067203067 -7.1805941262864454 -6.974779751733278 -6.805803747722701 -6.733728674921979 -6.757753699188887 -6.8522521279720525 -6.965169742026514 -7.082091526792128 -7.160573272730691 -7.209424155406735 -7.267885047789541 -7.311930925612204 -7.326345940172347 -7.300719247620981 -7.198212477415511 -7.066074843947524 -6.902704678932558 -6.7665628747534186 -6.577566017187085 -6.3757558133450685 -6.2500248530149225 -6.218792321467944 -6.2764523797085205 -6.322099925815643 -6.246020682303772 -6.137107238960461 -6.06022716130636 -6.081048849004345 -6.209983145903411 -6.366946637780536 -6.472656744554926 -6.554341827062409
-7.818058103501706 -7.953399073538614 -8.017465804917032 -8.031079985334946 -7.976623263663292 -7.847688966764224 -7.678712962753647 -7.495321944182924 -7.37439598870616 -7.398421012973067 -7.406429354395369 -7.341561788874722 -7.19340747256213 -7.024431468551551 -6.930733873910615 -6.975580585875509 -7.107718219343495 -7.2518683649449365 -7.3952176764041475 -7.492919441756234 -7.536965319578897 -7.54977866585458 -7.560990343845804 -7.552181168281271 -7.506533622174148 -7.406429354395369 -7.272690052642922 -7.123734902188101 -6.969173912737666 -6.76976621132234 -6.56154933434248 -6.448631720288019 -6.419801691167731 -6.440623378865717 -6.413395018029889 -6.316494086820032 -6.188360624063195 -6.111480546409094 -6.17154310707636 -6.340519111086938 -6.52471096379989 -6.648840255845576 -6.728923670068598
-7.9934407806501255 -8.095947550855595 -8.091142546002214 -8.061511682739695 -7.998245785503508 -7.878120664168973 -7.757194708692209 -7.630662914219833 -7.553782836565732 -7.563392846272494 -7.573002855979258 -7.506533622174148 -7.375196822848391 -7.223038335824649 -7.1661791117263025 -7.223839169966878 -7.37199348627947 -7.541770324432278 -7.712347996727317 -7.833273952204081 -7.887730673875737 -7.86931148860444 -7.8404814594841525 -7.781219732959116 -7.732368850283072 -7.646679597064438 -7.522550305018752 -7.3816034959862336 -7.202216648126662 -6.993198937004573 -6.809807918433851 -6.69769113852162 -6.653645260698957 -6.655246928983418 -6.566354339195863 -6.427810032590033 -6.308485745397729 -6.282058218704131 -6.361340798784925 -6.5647526709114015 -6.778575386886873 -6.91231468863932 -6.960364737173133
-8.107159228846818 -8.14720093595833 -8.120773409264732 -8.084735872864371 -8.021469975628184 -7.966212419814298 -7.847688966764224 -7.814854766932786 -7.798037249945951 -7.79563474751926 -7.737173855136454 -7.670704621331344 -7.571401187694796 -7.452877734644723 -7.441666056653499 -7.508135290458609 -7.659492943340121 -7.847688966764224 -8.017465804917032 -8.181636804074229 -8.244101867168187 -8.212869335621209 -8.124777579975884 -8.064715019308617 -7.998245785503508 -7.914158200569334 -7.799638918230411 -7.666700450620194 -7.4817077637650105 -7.249465862518246 -7.065274009805293 -6.941144717759608 -6.893895503368025 -6.876277152238959 -6.758554533331116 -6.615205221871905 -6.544731817355647 -6.5223084613732 -6.624815231578669 -6.8402396158386 -7.063672341520833 -7.182996628713136 -7.23024584310472
-8.128781750687034 -8.139993428678258 -8.122375077549192 -8.080731702153221 -8.055105009601853 -8.016664970774803 -7.995042448934587 -7.987034107512285 -7.995042448934587 -7.957403244249766 -7.882925669022354 -7.809248927937174 -7.727563845429691 -7.728364679571921 -7.776414728105735 -7.826867279066239 -7.945390732116312 -8.133586755540415 -8.352214476369268 -8.547618007073442 -8.595668055607257 -8.526796319375457 -8.422687880885528 -8.305766096119914 -8.234491857461425 -8.168022623656315 -8.0775283655843 -7.96861492224099 -7.779618064674656 -7.5345628171522065 -7.29991841347875 -7.1613741068729215 -7.1037140486323445 -7.050058161102919 -6.9323355421950765 -6.867467976674428 -6.80900708429162 -6.849048791403133 -6.94514888847076 -7.129340741183711 -7.321540935318966 -7.429653544520047 -7.44406855908019
-8.052702507175162 -8.062312516881926 -8.095947550855595 -8.122375077549192 -8.106358394704587 -8.087138375291062 -8.091142546002214 -8.091142546002214 -8.126379248260344 -8.11116339955797 -8.057507512028545 -7.994241614792356 -7.967814088098759 -7.999847453787968 -8.083134204579911 -8.171225960225236 -8.282541905995238 -8.438704563730132 -8.638112265145459 -8.830312459280712 -8.903188366223663 -8.827909956854022 -8.67815397225697 -8.534003826655528 -8.409874534609845 -8.336197793524663 -8.297757754697612 -8.196051818634373 -7.990237444081206 -7.766003884256742 -7.531359480583285 -7.326345940172347 -7.219834999255728 -7.149361594739467 -7.0949048730678115 -7.066074843947524 -7.0892990340722 -7.170183282437453 -7.26468171122062 -7.368790149710549 -7.488114436902853 -7.562592012130263 -7.583413699828251
-7.977424097805521 -8.039088326757248 -8.087138375291062 -8.136790092109337 -8.1544084432384 -8.151205106669481 -8.17843346750531 -8.268927725577324 -8.32338444724898 -8.278537735284086 -8.212068501478978 -8.181636804074229 -8.213670169763438 -8.300160257124302 -8.373036164067253 -8.441107066156823 -8.545215504646752 -8.702979830666107 -8.898383361370282 -9.071363536092012 -9.114608579772444 -8.982470946304456 -8.817499113005029 -8.64371810414107 -8.484352109837255 -8.377040334778405 -8.375438666493944 -8.369832827498332 -8.235292691603654 -8.03828749261502 -7.806045591368253 -7.575405358405948 -7.420844368955514 -7.361582642430477 -7.352773466865944 -7.33755761816357 -7.345565959585873 -7.3952176764041475 -7.466491915062637 -7.494521110040695 -7.558587841419113 -7.628260411793143 -7.6338662507887545
-7.946992400400774 -8.07352419487315 -8.166420955371855 -8.22007684290128 -8.265724389008403 -8.303363593693224 -8.381845339631786 -8.50277129510855 -8.551622177784594 -8.529198821802147 -8.482750441552794 -8.471538763561572 -8.509177968246393 -8.552423011926825 -8.582854709331572 -8.638913099287688 -8.729407357359705 -8.871955834676685 -9.023313487558198 -9.145841111319422 -9.168264467301869 -8.9968859608646 -8.794274922880353 -8.601273894602867 -8.46673375870819 -8.43470039301898 -8.458725417285887 -8.496364621970708 -8.389853681054088 -8.190445979638762 -7.975021595378831 -7.789228074381418 -7.693127977313791 -7.637069587357676 -7.634667084930985 -7.628260411793143 -7.608239558237386 -7.564193680414725 -7.552181168281271 -7.497724446609617 -7.515342797738681 -7.58101119740156 -7.602633719241776
