static/data/seaWind_uo/2023/7/12/18.asc
ncols 137
nrows 93
xllcorner 108.0
yllcorner 17.0
cellsize 0.25
NODATA_value -32767
[rows 57 to 75 of 93, columns 84 to 125 of 137]
-4.337632921369142 -4.271163687564033 -4.263155346141731 -4.3400354237958325 -4.54424813006454 -4.8341500895518825 -5.056781981091886 -5.165695424435196 -5.196927955982175 -5.17930960485311 -5.1128403710480015 -4.992715249713467 -4.8926109819346895 -4.730041651061953 -4.562667315335835 -4.451351369565834 -4.356052106640437 -4.280773697270796 -4.253545336434968 -4.2543461705771985 -4.282375365555256 -4.388886306471877 -4.533837286215547 -4.675584929390297 -4.727639148635262 -4.504206422953029 -4.235926985305904 -3.988469235356763 -3.840314919044171 -3.7394098171231627 -3.662529739469061 -3.372627779981719 -3.033874937818333 -2.789620524438114 -2.7207487882063144 -2.7888196902958837 -3.0354766061027934 -3.1451908835883344 -3.229278468522508 -3.411868652951 -3.6697372467491327 -3.909987489418201
-4.637945724705476 -4.561065647051375 -4.520223105797633 -4.574679827469289 -4.729240816919722 -5.0007235911357695 -5.204135463262247 -5.305841399325486 -5.292227218907572 -5.225757985102463 -5.153682912301743 -5.096022854061166 -5.084010341927713 -5.021545278833756 -4.908627664779294 -4.7893033775869895 -4.687597441523751 -4.617924871149722 -4.591497344456124 -4.611518198011879 -4.6499582368389305 -4.742854997337636 -4.883000972227926 -4.987910244860085 -4.919038508628287 -4.637945724705476 -4.420118838018855 -4.2367278194481335 -4.162250244220722 -4.0525359667351815 -3.8018748802171203 -3.4414995162135185 -3.1267716983170395 -2.875309777656748 -2.8088405438516393 -3.029870767107182 -3.2941460340431568 -3.3958519701063956 -3.5528154619835197 -3.7241939684207885 -3.8555307677465454 -3.9996809133479863
-4.976698566868863 -4.869386791810012 -4.844560933400875 -4.891810147792459 -5.0455703031006625 -5.161691253724046 -5.24978300936937 -5.353090613717069 -5.408348169530955 -5.364302291708292 -5.406746501246494 -5.381119808695127 -5.398738159824192 -5.39072981840189 -5.287422214054191 -5.1488779074483615 -5.03916362996282 -4.972694396157712 -4.944665201179653 -4.956677713313107 -5.033557790967208 -5.118446210043613 -5.184114609706491 -5.244177170373758 -5.0952220199189355 -4.899818489214761 -4.741253329053176 -4.705215792652815 -4.633140719852095 -4.3400354237958325 -3.970850884227698 -3.5904546666683403 -3.3678227751283374 -3.136381708023802 -3.142788381161644 -3.3502044239992728 -3.5832471593882684 -3.7025714465805724 -3.8090823874971926 -3.79947237779043 -3.892369138289136 -3.8098832216394225
-5.299434726187644 -5.218550477822391 -5.252986345938291 -5.298633892045414 -5.323459750454551 -5.413153174384336 -5.408348169530955 -5.515659944589805 -5.579726675968223 -5.669420099898009 -5.713465977720671 -5.7823377139524705 -5.799956065081536 -5.74710101169434 -5.622170885506425 -5.483626578900596 -5.384323145264048 -5.3242605845967805 -5.314650574890019 -5.307443067609946 -5.377115637983976 -5.430771525513402 -5.495639091034049 -5.478821574047215 -5.35709478442822 -5.2433763362315275 -5.163292922008505 -5.121649546612534 -4.8613784503877095 -4.530633949646626 -4.106992688406836 -3.8627382750266177 -3.6721397491758236 -3.5944588373794915 -3.6008655105173335 -3.6977664417271905 -3.8803566261556828 -3.9844650646456117 -3.9548342013830933 -3.9412200209651798 -3.79947237779043 -3.6929614368738095
-5.5805275101104534 -5.582129178394914 -5.632581729355419 -5.71106347529398 -5.736690167845348 -5.719071816716283 -5.699050963160527 -5.802358567508226 -5.927288693696141 -6.016982117625927 -6.1106797122668635 -6.187559789920965 -6.2091823117611815 -6.113883048835785 -5.988952922647869 -5.872831972024486 -5.771926870103478 -5.6790301096047715 -5.6389884024932595 -5.60455253437736 -5.612560875799662 -5.666216763329087 -5.718270982574053 -5.7014534655872176 -5.669420099898009 -5.626975890359807 -5.528473290865488 -5.290625550623112 -5.030354454398288 -4.637144890563246 -4.255947838861658 -4.137424385811585 -4.115801863971369 -4.037320118032807 -4.0437267911706485 -4.126212707820362 -4.233524482879212 -4.2639561802839605 -4.206296122043385 -4.054938469161872 -3.9131908259871215 -3.7738456852390625
-5.862421128175493 -5.916077015704918 -6.022587956621539 -6.104273039129021 -6.161933097369598 -6.120289721973626 -6.102671370844561 -6.166738102222979 -6.318896589246722 -6.4206025253099615 -6.515901788235357 -6.5551426612046395 -6.567155173338092 -6.48867342739953 -6.421403359452191 -6.306083242971039 -6.216389819041254 -6.107476375697942 -5.937699537545134 -5.838396103908586 -5.829586928344054 -5.817574416210601 -5.869628635455565 -5.904865337713695 -5.908869508424846 -5.856815289179881 -5.691042621738225 -5.442784037646854 -5.168097926861886 -4.7668800216045435 -4.516218935086482 -4.4929947449618055 -4.484986403539503 -4.4929947449618055 -4.503405588810798 -4.566671486046987 -4.6411490612743975 -4.609916529727419 -4.475376393832741 -4.320014570240077 -4.204694453758924 -4.08537016656662
-6.189161458205426 -6.296473233264276 -6.382963320625141 -6.479864251834998 -6.547134319782337 -6.595184368316151 -6.623213563294209 -6.639230246138814 -6.700894475090541 -6.796193738015937 -6.854654630398745 -6.902704678932558 -6.867467976674428 -6.808206250149391 -6.7705670454645706 -6.737732845633131 -6.661653602121259 -6.542329314928956 -6.306884077113269 -6.172343941218591 -6.084252185573266 -6.06022716130636 -6.024189624905999 -6.055422156452978 -6.020185454194848 -5.880039479304559 -5.723075987427434 -5.53007495914995 -5.264198023929514 -5.0543794786651945 -4.899818489214761 -4.8653826210988615 -4.851768440680948 -4.878195967374545 -4.9558768791708765 -5.005528595989151 -5.030354454398288 -4.916636006201596 -4.786900875160299 -4.656364909976772 -4.549853969060152 -4.405703823458711
-6.521507627230969 -6.607196880449603 -6.685678626388166 -6.794592069731477 -6.911513854497089 -6.972377249306588 -7.070079014658674 -7.116527394908028 -7.150963263023927 -7.160573272730691 -7.181394960428676 -7.204619150553352 -7.1709841165796835 -7.126137404614791 -7.101311546205654 -7.082091526792128 -7.053261497671841 -6.9467505567552195 -6.755351196762195 -6.609599382876295 -6.4878725932573005 -6.367747471922766 -6.283659886988593 -6.185958121636505 -6.121891390258087 -5.947309547251898 -5.795151060228154 -5.6341833976398785 -5.49724075931851 -5.371509798988365 -5.254588014222751 -5.166496258577427 -5.154483746443972 -5.241774667947068 -5.35469228200153 -5.417157345095488 -5.432373193797861 -5.24978300936937 -5.068794493225338 -4.939860196326272 -4.793307548298141 -4.598704851736196
-6.789787064878096 -6.827426269562917 -6.906708849643708 -7.071680682943136 -7.259075872225008 -7.388811003266305 -7.4769027589116295 -7.504931953889688 -7.5393678220055875 -7.542571158574509 -7.526554475729904 -7.502529451462998 -7.426450207951126 -7.404026851968679 -7.383205164270693 -7.3960185105463765 -7.408031022679831 -7.368790149710549 -7.270287550216231 -7.126137404614791 -6.938742215332917 -6.760156201615578 -6.587976861036079 -6.405386676607587 -6.2500248530149225 -6.079447180719884 -5.964127064238732 -5.864823630602183 -5.775130206672399 -5.6838351144581525 -5.5444899737100934 -5.473215735051603 -5.486829915469517 -5.594942524670598 -5.723075987427434 -5.772727704245708 -5.693445124164915 -5.484427413042827 -5.301036394472105 -5.122450380754763 -4.926246015908358 -4.694804948803823
-6.965970576168745 -7.118929897334718 -7.235050847958101 -7.4088318568220615 -7.587417870539401 -7.720356338149619 -7.83167228391962 -7.906950693289261 -7.927772380987248 -7.89814151772473 -7.846087298479764 -7.819659771786167 -7.774012225679044 -7.7908297426658795 -7.798037249945951 -7.825265610781779 -7.836477288773002 -7.800439752372641 -7.702737987020553 -7.536164485436666 -7.352773466865944 -7.1573699361617695 -6.933937210479536 -6.7081019823706125 -6.4566400617103215 -6.288464891841974 -6.220393989752404 -6.161933097369598 -6.069036336870892 -5.940102039971825 -5.7823377139524705 -5.7014534655872176 -5.743897675125419 -5.874433640308947 -6.008973776203625 -6.046612980888446 -5.977741244656646 -5.793549391943694 -5.590137519817216 -5.32185808217009 -5.047171971385122 -4.751664172902169
-7.242258355238173 -7.393616008119686 -7.533761983009976 -7.725161343003 -7.945390732116312 -8.096748384997825 -8.180835969932 -8.207263496625597 -8.25050854030603 -8.242500198883727 -8.203259325914445 -8.207263496625597 -8.203259325914445 -8.215271838047899 -8.230487686750273 -8.232089355034734 -8.188844311354302 -8.143997599389408 -8.098350053282285 -7.942988229689622 -7.762800547687821 -7.524151973303214 -7.271088384358462 -6.98278809315558 -6.724919499357448 -6.570358509907013 -6.494279266395142 -6.435818374012335 -6.34692578422478 -6.217991487325714 -6.1018705367023305 -6.020185454194848 -6.06262966373305 -6.1731447753608215 -6.283659886988593 -6.278054047992981 -6.252427355441613 -6.076243844150964 -5.839196938050817 -5.5532991492746255 -5.207338799831168 -4.882200138085696
-7.488114436902853 -7.65468793848674 -7.809248927937174 -7.984631605085594 -8.192047647923223 -8.369832827498332 -8.522792148664307 -8.576448036193732 -8.654128947990063 -8.64692144070999 -8.602074728745098 -8.581253041047113 -8.606879733598479 -8.588460548327184 -8.562833855775818 -8.42589121745445 -8.3610236519338 -8.256114379301641 -8.228886018465813 -8.107960062989049 -7.950996571111924 -7.713949665011777 -7.4761019247694005 -7.223839169966878 -7.018825629555941 -6.870671313243349 -6.77216871374903 -6.684877792245937 -6.595985202458381 -6.481465920119458 -6.384564988909601 -6.332510769664636 -6.366946637780536 -6.4694534079860055 -6.527113466226581 -6.525511797942121 -6.497482602964062 -6.354934125647082 -6.104273039129021 -5.762316860396715 -5.408348169530955 -5.105632863767929
-7.703538821162784 -7.862103981324369 -8.064715019308617 -8.283342740137469 -8.482750441552794 -8.665340625981287 -8.847930810409778 -8.940827570908484 -9.012902643709204 -9.025715989984889 -8.920005883210498 -8.78066074246244 -8.745424040204309 -8.702178996523877 -8.627701421296466 -8.448314573436894 -8.180835969932 -7.966212419814298 -7.86370564960883 -7.735572186851993 -7.581812031543789 -7.399221847115298 -7.212627491975654 -7.114925726623568 -7.003609780853566 -6.925128034915003 -6.876277152238959 -6.858658801109895 -6.801799577011549 -6.724919499357448 -6.672865280112482 -6.653645260698957 -6.680873621534785 -6.737732845633131 -6.767363708895649 -6.779376221029102 -6.715309489650684 -6.570358509907013 -6.31088824782442 -5.936097869260674 -5.574921671114842 -5.2834180433430395
-7.948594068685233 -8.121574243406963 -8.341002798378044 -8.583655543473803 -8.85273581526316 -9.053745184962946 -9.190687823284314 -9.297999598343166 -9.246746213240431 -9.20910700855561 -9.06816019952309 -8.799880761875965 -8.674149801545818 -8.54041049979337 -8.448314573436894 -8.293753583986462 -7.987834941654514 -7.682717133464799 -7.3239434377456565 -7.164577443441841 -6.889891332656873 -6.742537850486512 -6.66645860697464 -6.763359538184497 -6.750546191908814 -6.858658801109895 -6.883484659519032 -6.934738044621767 -6.907509683785939 -6.890692166799104 -6.9195221959193915 -6.913115522781551 -6.94755139089745 -6.976381420017738 -6.961165571315364 -6.965970576168745 -6.885086327803492 -6.702496143375001 -6.4206025253099615 -6.070638005155352 -5.7102626411517505 -5.378717306268436
-8.282541905995238 -8.46593292456596 -8.740619035350928 -9.013703477851434 -9.308410442192159 -9.4181247196777 -9.555067357999068 -9.470178938922665 -9.35325715415705 -9.169065301444098 -8.964051761033161 -8.663738957696825 -8.39706118833416 -8.25371187687495 -8.201657657629985 -8.103155058135668 -7.8580998106132185 -7.516944466023141 -7.123734902188101 -6.571960178191475 -6.2500248530149225 -6.06423133201751 -6.1018705367023305 -6.319697423388952 -6.595985202458381 -6.707301148228382 -6.881082157092342 -6.958763068888674 -6.972377249306588 -7.023630634409322 -7.070879848800905 -7.146959092312777 -7.182996628713136 -7.1573699361617695 -7.111722390054647 -7.078888190223207 -6.974779751733278 -6.782579557598023 -6.479864251834998 -6.135505570676001 -5.767922699392326 -5.38992898425966
-8.583655543473803 -8.879964176098987 -9.239538705960358 -9.568681538416982 -9.687204991467055 -9.73765754242756 -9.63515077222209 -9.513423982603095 -9.198696164706616 -8.921607551494958 -8.654929782132292 -8.36182448607603 -8.086337541148833 -7.931776551698398 -7.873315659315592 -7.880523166595664 -7.747584698985447 -7.384806832555153 -6.821820430567305 -6.225999828748016 -5.788744387090313 -5.534879964003331 -5.60375170023513 -6.008973776203625 -6.373353310918378 -6.6984919726638505 -6.902704678932558 -7.05246066352961 -7.108519053485725 -7.174187453148605 -7.246262525949325 -7.334354281594649 -7.299117579336519 -7.250266696660475 -7.191805804277669 -7.0997098779211925 -6.965970576168745 -6.725720333499677 -6.419000857025501 -6.0882563562844165 -5.723075987427434 -5.348285608863687
-8.99848762914906 -9.360464661437122 -9.595109065110579 -9.823346795646193 -9.869795175895547 -9.803325942090439 -9.624739928373097 -9.2803812472141 -8.850333312836469 -8.485953778121715 -8.18564097478538 -7.951797405254155 -7.750788035554367 -7.6218537386553 -7.546575329285659 -7.5305586464410545 -7.3816034959862336 -6.929132205626155 -6.347726618367011 -5.860819459891033 -5.4900332520384385 -5.371509798988365 -5.458800720491459 -5.892051991438011 -6.322900759957873 -6.676068616681404 -6.921924698346084 -7.0892990340722 -7.277495057496303 -7.430454378662278 -7.4769027589116295 -7.379200993559543 -7.277495057496303 -7.107718219343495 -7.05085899524515 -6.952356395750831 -6.792189567304787 -6.5647526709114015 -6.319697423388952 -6.008973776203625 -5.67422510475139 -5.277812204347428
-9.442149743944606 -9.716035020587343 -9.762483400836697 -9.937065243842886 -9.929857736562814 -9.733653371716409 -9.407713875828707 -9.029720160696039 -8.666141460123516 -8.316176939968907 -8.055105009601853 -7.779618064674656 -7.533761983009976 -7.359180140003787 -7.250266696660475 -7.138149916748244 -6.853052962114283 -6.386967491336291 -5.932894532691753 -5.606955036804051 -5.466809061913761 -5.5308757932921795 -5.733486831276426 -6.065032166159741 -6.413395018029889 -6.704898645801691 -6.973978917591047 -7.284702564776376 -7.576206192548177 -7.746783864843216 -7.623455406939762 -7.26308004293616 -6.845044620691981 -6.5551426612046395 -6.502287607817444 -6.542329314928956 -6.45423755928363 -6.285261555273053 -6.09866720013341 -5.904865337713695 -5.663814260902397 -5.358696452712681
-9.647163284355544 -9.571084040843672 -9.408514709970936 -9.551063187287916 -9.635951606364321 -9.49180146076288 -9.31561794947223 -9.113006911487982 -8.975263439024383 -8.704581498950567 -8.472339597703801 -8.127180082402575 -7.8492906350486855 -7.606637889952927 -7.388811003266305 -7.092502370641121 -6.595184368316151 -6.058625493021898 -5.686237616884844 -5.504448266598581 -5.590938353959446 -5.803960235792687 -6.085053019715496 -6.274049877281829 -6.56154933434248 -6.858658801109895 -7.1709841165796835 -7.503330285605227 -7.719555504007388 -7.729966347856381 -7.551380334139042 -7.188602467708748 -6.743338684628743 -6.386967491336291 -6.124293892684777 -5.954517054531969 -5.839196938050817 -5.81517191378391 -5.7959518943703845 -5.795151060228154 -5.632581729355419 -5.443584871789085
