static/data/seaWind_uo/2023/7/12/6.asc
ncols 137
nrows 93
xllcorner 108.0
yllcorner 17.0
cellsize 0.25
NODATA_value -32767
[rows 38 to 56 of 93, columns 0 to 42 of 137]
0.040527334203506626 0.3816826787935832 0.13662743127113375 -0.2541796301372168 -0.2661921422706701 -0.10202114311347366 0.3560559862422159 1.4892362974979867 1.7863457642654006 1.847209159074898 1.4491945903864751 0.5210278195416427 -0.6786217255192366 -0.7026467497861435 -0.10442364554016415 0.7052196722545947 1.2770152498069764 1.5268755021828073 1.654208130797413 1.8207816323813009 2.03140101178785 1.9256909050134605 1.860823339492812 1.8592216712083514 1.945711758569216 2.130704445424398 2.018587665512166 1.6189714285392838 1.126458431067694 0.7812989157664663 1.0351633388534482 1.3218619617718694 1.3603020005989204 1.39553870285705 1.7182748621758317 2.1499244648379237 2.4998889849925328 2.6368316233139013 2.5631548822287207 2.4294155804762725 2.149123630695693 1.9921601388185688 1.9633301096982811
-0.2093329181723238 -0.21173542059901473 -0.45598983397923387 -0.6594017061057111 -0.04916608972627845 0.6043145703335862 1.1424751139122984 1.5468963557385629 1.3026419423583437 1.3114511179228763 1.3154552886340274 1.1769109820281982 0.9206440565145257 0.7252405258103507 0.7340497013748828 1.2393760451221558 1.667822311215327 1.8960600417509421 1.8584208370661215 2.004973485094253 2.0922644065973475 2.004973485094253 1.8896533686130996 2.018587665512166 2.1050777528730307 2.157932806260226 2.10267525044634 1.860823339492812 1.232168537842084 0.40490686891826 0.44334690774531094 0.6859996528410695 0.8261456277313592 0.93505907107467 1.3627045030256109 1.8191799640968402 2.152326967264614 2.2276053766342554 1.9537200999915183 1.9889568022496484 1.8872508661864091 1.824785803092452 1.878441690621877
-1.0526112699407524 -1.2640314834895323 -0.841991890534203 -0.38791893188966453 0.055743182905881206 0.16465662624919197 0.5522603510886217 0.6171279166092698 0.7572738914995596 1.3739161810168339 1.802362447110005 1.8448066566482075 1.767125744851875 1.71266902318022 1.7863457642654006 1.968935948693892 2.269248752030227 2.2772570934525294 2.1515261331223843 2.2500287326167014 2.2099870255051903 2.1050777528730307 2.0009693143831018 2.1811569963849027 2.180356162242672 2.008977655805404 1.9248900708712298 1.7911507691187825 1.397941205283741 0.577887043639989 0.2943917572904886 0.4481519125986919 0.625136258031572 0.8085272766022942 1.1929276648728027 1.46601210737331 1.716673193891371 1.762320739998494 1.7062623500423784 1.9889568022496484 2.139513620988931 2.080251894463894 1.9617284414138205
-1.227993947089172 -0.9861420361356437 -0.4047364488764993 -0.006721880188076401 -0.2021254108922519 -0.18210455733649633 -0.2133370888834749 -0.07719528470433668 0.5138203122615708 1.2730110790958253 1.8015616129677752 2.1234969381443265 2.093866074881808 2.152326967264614 2.27805792759476 2.4150005659161287 2.4638514485921728 2.4654531168766325 2.4246105756228915 2.4302164146185032 2.2996804494349763 2.053824367770296 1.977745124258425 2.03140101178785 1.9673342804094323 1.8456074907904374 1.721478198744752 1.5525021947341746 1.4147587222705758 1.0623916996892757 0.7420580427971855 0.5682770339332261 0.6627754627163926 0.8093281107445245 1.1881226600194212 1.4499954245287054 1.6622164722197152 1.7583165692873428 1.869632515057344 2.179555328100442 2.3709546880934664 2.336518819977566 2.2035803523673487
-0.6714142182391647 -0.42876147314340596 0.04933650976803916 0.1462374409778966 -0.16929121106081269 -0.2934205031064976 -0.3246530346534766 0.055743182905881206 0.7596763939262501 1.3603020005989204 1.8816450271907974 2.2051820206518093 2.346128829684329 2.4069922244938264 2.610404096620304 2.6632591500074985 2.7121100326835426 2.471859790014475 2.3981830489292935 2.331713815124185 2.0522226994858355 1.8063666178211562 1.7831424276964793 1.7599182375718034 1.6870423306288527 1.5484980240230235 1.4235678978351078 1.5260746680405775 1.5004479754892102 1.151284289476831 0.8221414570202077 0.6475596140140185 0.9142373833766841 1.1464792846234495 1.4956429706358283 1.721478198744752 1.9336992464357627 1.977745124258425 2.013782660658785 2.3573405076755525 2.5287190141128204 2.4958848142813816 2.3269088102708033
-0.36949974661836915 -0.16048203549628015 0.2967942597171791 0.18948248465832895 -0.11563532353138761 -0.21173542059901473 0.10459406558192486 0.4921977904213546 1.1745084796015077 1.4467920879597846 1.968935948693892 2.5863790723533966 2.749749237368363 2.8202226418846235 2.957966114348222 2.9899994800374308 2.4886773070013093 2.2139911962163414 2.097870245592959 2.008977655805404 1.735092379162666 1.5308796728939584 1.5156638241915839 1.5108588193382029 1.5228713314716562 1.370712844447913 1.5156638241915839 1.659013135650795 1.7543123985761917 1.1288609334943849 0.8037222717489128 1.0583875289781246 1.3627045030256109 1.7030590134734571 1.8864500320441793 2.109081923584182 2.176351991531521 2.2075845230785 2.1963728450872764 2.575167394362174 2.718516705821384 2.3092904591417382 2.144318625842312
-0.04836525558404858 0.16065245553804086 0.44094440531862 0.4361394004652386 0.06455235847041374 0.1734658018137245 0.4913969562791243 0.7252405258103507 1.2626002352468326 1.4507962586709358 2.306087122572818 2.925932748659013 3.2662872591068592 3.2887106150893053 3.2118305374352043 2.6320266184605203 2.129903611282168 1.7895491008343218 1.7342915450204361 1.7246815353136733 1.5773280531433111 1.3739161810168339 1.3162561227762577 1.405148712563813 1.5268755021828073 1.3603020005989204 1.5044521462003613 1.6774323209220898 1.767125744851875 1.1488817870501404 1.4259704002617988 1.681436491633241 1.834395812799214 2.081052728606124 2.1515261331223843 2.197173679229507 2.265244581319076 2.3717555222356963 2.4422289267519566 2.7481475690839026 2.1771528256737516 1.766324910709645 2.080251894463894
0.3272259571219278 0.6443562774450977 0.9454699149236627 0.9614865977682672 0.21991418206307767 0.416118546909483 0.6627754627163926 0.8141331155979055 1.1000309043740963 1.707864018326838 2.7761767640619603 3.3952215560059256 3.7451860761605347 3.3543790147521846 2.8842893732630412 2.228406210776486 1.7094656866112987 1.3827253565813664 1.4868337950712962 1.667822311215327 1.5356846777473394 1.35950116645669 1.2866252595137393 1.4820287902179148 1.7703290814207961 1.5573071995875556 1.2914302643671207 1.2417785475488468 1.381924522439136 1.6117639212592114 2.058629372623678 2.1947711768028166 2.216393698643032 2.1002727480196497 2.089861904170657 2.121895269859866 2.2348128839143278 2.3765605270890773 2.4518389364587185 2.56235404808649 1.8888525344708698 1.7294865401670543 2.2412195570521694
0.5066128049814989 0.9654907684794183 1.451597092813166 1.3482894884654666 0.5426503413818589 0.7396555403704945 0.910233212665533 0.9943207975997068 1.6293822723882765 2.5551465408064185 3.2158347081463554 3.527359189473913 3.2887106150893053 2.8090109638934 2.3293113126974947 1.8263874713769117 1.3771195175857551 1.2409777134066164 1.4900371316402166 1.67663148677986 1.590942233561225 1.4443895855330942 1.3859286931502872 1.4596054342354683 1.6894448330555432 1.397941205283741 1.0888192263828733 1.1232550944987731 1.7390965498738171 2.252431235043393 2.427813912191812 2.3901747075069912 2.1987753475139677 2.0698410506149005 1.977745124258425 1.9377034171469139 2.068239382330441 2.336518819977566 2.3301121468397246 2.5727648919354835 2.2820620983059112 2.2412195570521694 2.4686564534455537
0.6427546091606371 1.1608942991835938 1.852014163928279 1.4572029318087774 0.5410486730973982 0.8533739885671867 1.2778160839492068 1.6101622529747508 2.4574447754543303 2.8522560075738324 3.1854030107416063 3.1485646401990164 2.6616574817230387 2.023392670365548 2.0033718168097923 1.7735324179897174 1.4996471413469794 1.3963395369992804 1.6461997893751108 1.6429964528061904 1.7118681890379892 1.7687274131363355 1.78394326183871 1.717474028033601 1.9312967440090714 1.6582123015085641 1.4147587222705758 1.4940413023513677 1.9473134268536758 2.1827586646693624 2.211588693789651 2.036206016641231 1.771129915563026 1.7062623500423784 1.5533030288764045 1.6237764333926648 2.014583494801015 2.5183081702638277 2.534324853108432 2.521511506832749 2.149123630695693 1.8944583734664815 1.8536158322127396
0.6059162386180468 0.8998223688165399 1.5004479754892102 1.2585960645356815 0.8830048518297051 1.2153510208552492 1.7270840377403638 2.143517791700082 2.696093349838938 2.8826877049785806 3.3447690050454217 3.2118305374352043 2.471859790014475 1.5661163751520886 1.8416033200792863 1.771129915563026 1.7567149010028822 1.8047649495366955 2.018587665512166 1.8592216712083514 1.9361017488624532 2.0257951727922383 2.0474176946324545 2.0201893337966266 2.147521962411233 1.7967566081143933 1.3474886543232367 1.2273635329887025 1.3931362004303596 1.67663148677986 1.7567149010028822 1.654208130797413 1.4419870831064032 1.4083520491327337 1.1929276648728027 1.2978369375049623 1.7807399252697889 2.3309129809819544 2.261240410607925 1.7567149010028822 1.3570986640299991 1.141674279770068 1.1817159868815796
0.8934156956786983 0.7780955791975455 1.1544876260457517 1.2329693719843142 1.2730110790958253 1.5917430677034559 1.6381914479528086 2.292472942154904 2.7721725933508092 3.024435348153331 3.2638847566801688 2.9243310803745524 1.9497159292803672 1.6021539115524486 1.7006565110467666 1.7182748621758317 1.793553271545473 2.1138869284375637 2.148322796553463 1.9000642124620932 1.8888525344708698 2.1002727480196497 2.3221038054174223 2.4510381023164887 2.3493321662532503 1.5228713314716562 0.8453656471448845 0.7540705549306388 1.023150826719995 1.314654454491797 1.2233593622775514 1.5797305555700025 1.5933447359879165 1.267405240100214 0.8045231058911431 0.7460622135083366 1.568518877578779 2.0257951727922383 1.7198765304602923 1.2577952303934512 1.009536646302081 1.3659078395945317 1.497244638920289
1.1953301672994936 1.3643061713100715 1.4003437077104315 1.4371820782530218 1.626979769961586 1.2970361033627325 1.3210611276296391 2.225202874207565 2.8650693538495156 3.0532653772736187 2.5943874137756997 2.068239382330441 1.9625292755560504 1.9136783928800063 1.7495073937228098 1.721478198744752 1.9184833977333882 2.085056899317275 2.028197675218929 1.8984625441776326 1.9873551339651878 2.1811569963849027 2.4198055707695096 2.547939033526346 1.9793467925428856 1.1817159868815796 0.4978036294169663 0.4681727661544479 0.7829005840509269 1.0287566657156062 1.0359641729956786 1.6117639212592114 1.6109630871169807 1.1656993040369752 0.7228380233836598 0.921444890656756 1.721478198744752 1.7927524374032422 1.4644104390888497 1.2009360062951049 1.211346850144098 1.6534072966551832 1.7759349204164079
1.2906294302248904 1.7334907108782054 1.595747238414607 1.6117639212592114 1.3018411082161134 1.0087358121598506 1.4716179463689216 2.234012049772097 2.8298326515913863 2.670466657287571 2.201978684082888 1.9881559681074177 2.481469799721237 2.1987753475139677 1.7086648524690689 1.6958515061933848 2.089861904170657 2.2139911962163414 2.0105793240898637 2.063434377477059 2.1499244648379237 2.1186919332909446 2.337319654119797 2.305286288430587 1.7246815353136733 1.0103374804443113 0.3856868495047343 0.34084013753984177 0.4393427370341598 0.6916054918366812 1.144076782196759 1.6013530774102187 1.5108588193382029 1.3218619617718694 0.9206440565145257 1.401945375994892 1.8824458613330282 1.7374948815893565 1.4812279560756845 1.21855435742417 1.2489860548289187 1.6117639212592114 1.7895491008343218
1.3018411082161134 1.67663148677986 1.4756221170800727 1.2842227570870488 0.9726982757594906 1.105636743369708 1.8904542027553304 2.481469799721237 2.7705709250663495 2.610404096620304 2.3261079761285735 2.1739494891048303 2.759359247075126 1.8544166663549704 1.4539995952398566 2.1587336404024557 2.553544872521958 2.4150005659161287 2.098671079735189 2.2139911962163414 2.3213029712751916 2.2892696055859827 2.322904639559652 2.3581413418177823 1.9521184317070577 0.8285481301580497 0.18868165051609864 0.09978906072854343 0.1982916602228615 0.6227337556048815 1.2553927279667603 1.4844312926446053 1.2089443477174076 1.0191466560088438 1.3883311955769781 1.8912550368975602 1.762320739998494 1.5661163751520886 1.3739161810168339 1.2489860548289187 1.2794177522336674 1.4956429706358283 1.67663148677986
1.088018392240643 1.1352676066322265 0.959884929483807 0.8045231058911431 0.9246482272256769 1.1280600993521546 1.9441100902847555 2.5271173458283607 2.760160081217356 2.637632457456131 2.372556356377926 2.1915678402338954 2.3925772099336826 1.3715136785901434 1.9521184317070577 2.6888858425588658 2.8474510027204505 2.6488441354473546 2.161936976971377 2.214792030358572 2.318900468848501 2.1947711768028166 2.1987753475139677 2.615209101473685 2.169945318393679 0.5874970533467514 0.04373067077242787 -0.013128553325918446 0.1950883236539407 0.6531654530096302 1.1656993040369752 1.2345710402687744 1.0375658412801387 1.2105460160018677 1.6117639212592114 1.8319933103725234 1.4900371316402166 1.4179620588394966 1.4219662295506477 1.285824425371509 1.168902640605896 1.4059495467060432 1.4283729026884893
0.36326349352228826 0.5258328243950241 0.58269204849337 0.8133322814556756 1.0127399828710018 0.9422665783547419 1.4692154439422311 2.1058785870152614 2.414199731773898 2.274854591025839 2.0065751533787126 1.865628344346193 1.8944583734664815 1.8504124956438184 2.777778432346421 3.1838013424571456 3.2022205277284415 2.656852476869657 2.1186919332909446 2.0201893337966266 2.1098827577264125 2.049820197059145 2.188364503664974 2.625619945322678 1.7863457642654006 0.4361394004652386 0.17426663595595482 0.2655617281702005 0.45696108816322445 0.5234303219683336 0.8966190322476191 1.0503791875558224 1.1160475872187012 1.267405240100214 1.4804271219334542 1.667822311215327 1.3258661324830205 1.4107545515594246 1.4331779075418707 1.3482894884654666 1.2193551915664003 1.1240559286410035 0.982308285466253
-0.4095414537298807 0.4697744344389081 0.7476638817927967 0.8974198663898494 0.9831091196084834 1.0039308073064692 0.959884929483807 1.4243687319773382 1.900865046604323 1.9585251048448993 1.7062623500423784 1.695050672051155 2.0474176946324545 2.73773672523491 3.3055281320761405 3.3687940293123284 2.91311940238333 2.201978684082888 1.8712341833418047 1.7374948815893565 1.8688316809151142 1.838399983510365 1.991359304676339 2.161136142829147 1.3074469472117252 0.6587712920052415 0.7564730573573293 0.6787921455609975 0.39369519092703653 0.2919892548637981 0.6059162386180468 1.0896200605251036 1.1833176551660403 1.1208525920720822 1.2145501867130188 1.437982912395252 1.1640976357525146 1.3787211858702153 1.5573071995875556 1.5132613217648934 1.256994396251221 0.928652397936828 0.8437639788604239
-0.6962400766483017 0.4561602540209946 0.6403521067339466 0.508214473265959 0.4305335614696273 0.5234303219683336 0.602712902049126 0.9999266365953181 1.1969318355839538 1.4539995952398566 1.74870655958058 2.1186919332909446 2.817820139457932 2.9547627777793015 2.6728691597142613 2.494283145996921 2.3829672002269198 2.2596387423234643 2.4790672972945464 2.215592864500802 1.6742289843531686 1.172906811317047 1.0728025435382689 1.370712844447913 1.437982912395252 1.2730110790958253 1.2545918938245304 1.0279558315733763 0.6659787992853139 0.42813105904293636 0.416118546909483 0.9190423882300651 0.9606857636260373 0.7012155015434436 0.7484647159350271 1.2906294302248904 1.1889234941616516 1.2770152498069764 1.4355804099685616 1.3683103420212226 1.1464792846234495 1.009536646302081 1.2089443477174076
