static/data/precipitation/2023/7/17/0.asc
ncols 137
nrows 93
xllcorner 108.0
yllcorner 17.0
cellsize 0.25
NODATA_value -32767
[rows 40 to 59 of 93, columns 0 to 44 of 137]
0.0 0.0 0.0 0.0 0.0 0.0 0.0 0.0 0.0 0.0 0.0 0.0 0.0 0.0 0.0 0.0 0.0 0.0 0.0 0.0 0.0 0.0 0.08228396244470276 0.3236134361919163 0.1110005130965444 0.1330901674441165 0.19991137184552019 0.09056758282504143 0.0298210333692199 0.0016567240760691215 0.07289585934698584 0.07234361798829497 0.0 0.0005522413586908637 0.08007499700994625 0.08007499700994625 0.050253963640722876 0.05080620499941374 0.0005522413586908637 0.0 0.0011044827173782579 0.0011044827173782579 0.0 0.005522413586894759 0.01270155124985517
0.0 0.0 0.0 0.0 0.0 0.0 0.0 0.0 0.0 0.0 0.0 0.0 0.0 0.0 0.0 0.0 0.0 0.0 0.0 0.0 0.0 0.0005522413586908637 0.08283620380339016 0.331897056572255 0.11928413347688308 0.2496130941275522 0.6002863568952445 0.5969729087431097 0.009388103097716927 0.004970172228203895 0.04638827412990071 0.04362706733645333 0.0 0.0 0.0 0.0 0.0 0.0 0.0005522413586908637 0.0 0.0022089654347565157 0.012149309891164306 0.016567240760677338 0.018776206195437323 0.00994034445640779
0.0 0.0 0.0 0.0 0.0 0.0 0.0 0.0 0.0 0.0 0.0 0.0 0.0 0.0 0.0 0.0 0.0 0.0 0.0 0.0 0.0 0.0005522413586908637 0.04970172228203548 0.2650758521708547 0.16125447673727075 0.4616737758642367 0.8128992799906164 0.9620044468367194 0.5091665327115122 0.1971501650520728 0.0038656895108256373 0.0016567240760691215 0.0 0.0 0.0 0.0 0.0 0.0 0.0 0.0 0.0016567240760691215 0.012149309891164306 0.01546275804329908 0.022089654347572096 0.008835861739029532
0.0 0.0 0.0 0.0 0.0 0.0 0.0 0.0 0.0 0.0 0.0 0.0 0.0 0.0 0.0 0.0 0.0 0.0 0.0 0.0 0.0 0.0011044827173782579 0.05080620499941374 0.2562399904318252 0.3528822282024488 0.6345253211339809 0.8880041047723587 1.044840650640113 1.0724527185745765 0.5113754981462721 0.31091188494206456 0.008835861739029532 0.0 0.0011044827173782579 0.0 0.0 0.0011044827173782579 0.0011044827173782579 0.0005522413586908637 0.0 0.0011044827173782579 0.0011044827173782579 0.0033134481521347736 0.009388103097716927 0.01546275804329908
0.0 0.0 0.0 0.0 0.0 0.0 0.0 0.0 0.0 0.0 0.0 0.0 0.0 0.0 0.0 0.0 0.0 0.0 0.0 0.0 0.0 0.0011044827173782579 0.1386125810310078 0.39927050233234607 0.5583160136348603 0.63397307977529 0.8880041047723587 1.0746616840093328 1.1243634062913683 0.7024510082527593 0.42798705298419115 0.1259110297811561 0.0 0.0016567240760691215 0.0 0.0005522413586908637 0.0016567240760691215 0.0027612067934473794 0.0005522413586908637 0.0 0.0011044827173782579 0.0011044827173782579 0.0 0.0 0.020432930271502975
0.0 0.0 0.0 0.0 0.0 0.0 0.0 0.0 0.0 0.0 0.0 0.0 0.0 0.007179137662960411 0.02098517163019384 0.02098517163019384 0.0 0.0 0.0 0.0 0.0 0.005522413586894759 0.14247827054183343 0.685883767492082 0.8515561750988658 0.9796761703147784 0.9758104808039527 1.0376615129771525 0.8300187621099846 0.2612101626600291 0.09222430690111055 0.0298210333692199 0.0 0.0 0.0 0.0011044827173782579 0.0044179308695130315 0.008835861739029532 0.0 0.0 0.0005522413586908637 0.0011044827173782579 0.0005522413586908637 0.0 0.0011044827173782579
0.0 0.0 0.0 0.0 0.0 0.0 0.0 0.0 0.0 0.0 0.0 0.0 0.011044827173786048 0.0392091364669403 0.09608999641193272 0.08062723836863364 0.037552412390871176 0.0 0.0 0.0 0.0347912055974238 0.04638827412990071 0.1678813730415403 0.6974808360245555 1.0476018574335568 0.6615851477097534 0.49756946417903875 0.7328242829806701 0.7035554909701376 0.3578524004306527 0.12038861619426133 0.020432930271502975 0.0 0.0 0.0 0.016567240760677338 0.016567240760677338 0.00994034445640779 0.00994034445640779 0.00994034445640779 0.0 0.0 0.0011044827173782579 0.0011044827173782579 0.0027612067934473794
0.0 0.0 0.0 0.0 0.0 0.0 0.0 0.0 0.0 0.0 0.0 0.025955343858397734 0.0690301698361602 0.07841827293387713 0.1579410285851325 0.07676154885781147 0.006626896304273017 0.0 0.0 0.0 0.009388103097716927 0.11873189211819568 0.37773308934346483 0.7687199712954722 1.1144230618349606 0.5428532555915577 0.27777740342070645 0.6129879081450962 0.9377058270543908 0.5920027365149059 0.19935913048682932 0.0005522413586908637 0.0 0.0011044827173782579 0.0469405154885881 0.0811794797273245 0.0911198241837323 0.09001534146635404 0.11155275445523527 0.02264189570625949 0.0 0.0005522413586908637 0.0033134481521347736 0.01270155124985517 0.024850861141019476
0.0 0.0 0.0 0.0 0.0 0.0 0.0 0.0 0.0 0.0 0.03368672288004554 0.07123913527091671 0.08449292787945928 0.010492585815095185 0.010492585815095185 0.0016567240760691215 0.0016567240760691215 0.0 0.0022089654347565157 0.14137378782445517 0.3053894713551698 0.48983808515738747 0.6687642853727138 0.8360934170555667 1.0868109939004973 0.7521527305347948 0.5964206673844188 0.8024066941755177 0.8968399665113848 0.7179137662960584 0.30207602320303506 0.035895688314802054 0.0033134481521347736 0.04252258461907507 0.11486620260737004 0.14137378782445517 0.09553775505324533 0.03368672288004554 0.01988068891281558 0.07068689391222932 0.05467189451023938 0.02705982657577599 0.0016567240760691215 0.0022089654347565157 0.017671723478055595
0.0 0.0 0.0 0.0 0.0 0.0 0.0 0.0 0.0 0.0 0.02264189570625949 0.048597239564657224 0.03202999880397989 0.0022089654347565157 0.0 0.0 0.0 0.0005522413586908637 0.07565706614042975 0.29710585097483116 0.681465836622569 1.006735996890551 1.2011249551491763 1.229841505801018 0.8051679009689651 0.9073325523264835 0.8222873830883333 1.0464973747161785 1.229841505801018 1.1961547829209724 0.8498994510227966 0.0861496519555284 0.013253792608542564 0.06682120440140368 0.1971501650520728 0.3457030905394884 0.08891085874897231 0.012149309891164306 0.0077313790216512746 0.023194137064950354 0.05246292907548286 0.17837395885663548 0.0 0.0 0.023194137064950354
0.0 0.0 0.0 0.0 0.0 0.0 0.0 0.0 0.0005522413586908637 0.0022089654347565157 0.004970172228203895 0.011597068532473442 0.006074654945582153 0.0027612067934473794 0.0 0.0 0.0 0.00994034445640779 0.0740003420643641 0.3893301578759417 1.0862587525418064 1.417603567755374 1.1431396124868023 0.7858394534148404 0.571017564884712 0.6163013562972344 0.8024066941755177 1.5451713216125955 1.8919788948694622 1.7688290718817536 1.0056315141731726 0.19604568233469455 0.03644792967349292 0.11486620260737004 0.46333049994030234 0.6798091125464999 0.22862792249736183 0.18389637244353024 0.12314982298770871 0.024298619782328612 0.08504516923815014 0.08449292787945928 0.0 0.0 0.05467189451023938
0.0 0.0 0.0 0.0 0.0 0.0 0.0 0.0 0.01546275804329908 0.03976137782562769 0.04197034326038421 0.0016567240760691215 0.0 0.0011044827173782579 0.05632861858630503 0.05356741179286112 0.0298210333692199 0.047492756847278966 0.23635930151900963 0.7803170398279491 1.234811678029222 0.7847349706974621 0.4815544647770488 0.37552412390870826 0.33686722880045883 0.41307653629957947 0.3434941251047319 1.1072439241720002 2.094099232149739 2.0140242351397926 0.5699130821673337 0.1800306829327046 0.017671723478055595 0.01270155124985517 0.3506732627676923 0.4313005011363259 0.15241861499824122 0.2810908515728412 0.9172728967828878 0.783078246621393 0.14689620141134646 0.08062723836863364 0.008283620380338669 0.0005522413586908637 0.05522413586892677
0.0 0.0 0.0 0.00994034445640779 0.00994034445640779 0.0022089654347565157 0.0011044827173782579 0.0022089654347565157 0.058537584021065014 0.08338844516208102 0.04252258461907507 0.0 0.0 0.0033134481521347736 0.06792568711878194 0.17837395885663548 0.15462758043299774 0.22089654347571056 0.6345253211339809 1.1298858198782598 0.6549582514054839 0.20377706135634235 0.10879154766178789 0.12867223657460347 0.3247179189092946 0.3357627460830806 0.17395602798712245 0.1855530965195959 1.1746173699320912 1.4137378782445482 0.17892620021532635 0.11928413347688308 0.033134481521358145 0.028716550651841644 0.15904551130251077 0.2092994749432371 0.01546275804329908 0.30925516086599547 0.9857508252603606 1.1111096136828258 0.47327084439671013 0.3147775744528868 0.03644792967349292 0.033134481521358145 0.06626896304271282
0.0 0.0038656895108256373 0.008835861739029532 0.020432930271502975 0.04970172228203548 0.037552412390871176 0.0171194821193682 0.053015170434170256 0.11376171988999179 0.04914948092334462 0.0005522413586908637 0.0 0.0 0.0033134481521347736 0.07841827293387713 0.21095619901930276 0.4136287776582669 0.41859894988647073 0.9332878961848777 0.7985410046646956 0.14413499461790255 0.07510482478174235 0.02098517163019384 0.043074825977762465 0.338523952876528 0.24629964597541742 0.207642750867168 0.08283620380339016 0.12977671929198173 0.40865860543006644 0.21206068173668102 0.23028464657342748 0.08338844516208102 0.051358446358104604 0.17837395885663548 0.33521050472438974 0.02816430929315425 0.22862792249736183 0.17561275206319157 0.4313005011363259 0.8427203133598362 0.7841827293387748 0.21537412988881927 0.07510482478174235 0.09553775505324533
0.0 0.01546275804329908 0.021537412988881233 0.04638827412990071 0.07841827293387713 0.09277654825979795 0.040313619184318555 0.12314982298770871 0.051358446358104604 0.0005522413586908637 0.0016567240760691215 0.0011044827173782579 0.0 0.008283620380338669 0.1209408575529522 0.2672848176056113 0.4440020523861776 0.5765399784716068 0.7035554909701376 0.07179137662960758 0.024298619782328612 0.0 0.0 0.0 0.0016567240760691215 0.0016567240760691215 0.09774672048800184 0.1629112008133364 0.24629964597541742 0.2733594725511934 0.29986705776827854 0.10492585815096225 0.05743310130368676 0.04252258461907507 0.03810465374956204 0.01822396483674646 0.05080620499941374 0.03258224016266728 0.12204534027033045 0.12701551249853435 0.4070018813539973 0.8637054849900301 0.4489722246143815 0.06626896304271282 0.05688085994499589
0.0 0.0 0.0011044827173782579 0.03092551608659816 0.09608999641193272 0.1728515452697442 0.0011044827173782579 0.0 0.0 0.005522413586894759 0.009388103097716927 0.0077313790216512746 0.0033134481521347736 0.03534344695611466 0.047492756847278966 0.34404636646341924 0.4810022234183614 0.19438895825862543 0.07841827293387713 0.016567240760677338 0.0011044827173782579 0.0033134481521347736 0.0038656895108256373 0.007179137662960411 0.014358275325920822 0.008835861739029532 0.061298790814508924 0.04914948092334462 0.0342389642387364 0.1032691340748966 0.10161240999882748 0.021537412988881233 0.019328447554124717 0.020432930271502975 0.009388103097716927 0.006626896304273017 0.006626896304273017 0.04141810190169681 0.13585137423756388 0.162358959454649 0.13088120200936 0.0938810309771762 0.09001534146635404 0.06516448032533456 0.0392091364669403
0.0 0.0 0.0 0.0016567240760691215 0.0044179308695130315 0.006626896304273017 0.0011044827173782579 0.0 0.0 0.0005522413586908637 0.0016567240760691215 0.007179137662960411 0.02816430929315425 0.12922447793329087 0.10768706494440963 0.06516448032533456 0.026507585217085128 0.006626896304273017 0.0033134481521347736 0.0022089654347565157 0.0005522413586908637 0.01546275804329908 0.029268792010532507 0.03258224016266728 0.05743310130368676 0.15904551130251077 0.12370206434639958 0.10823930630309703 0.0911198241837323 0.03644792967349292 0.03368672288004554 0.0171194821193682 0.01988068891281558 0.03368672288004554 0.08228396244470276 0.14468723597658995 0.051358446358104604 0.16677689032416204 0.16953809711760942 0.12038861619426133 0.09774672048800184 0.14468723597658995 0.20322481999765496 0.06626896304271282 0.7234361798829532
0.0 0.0 0.0016567240760691215 0.011597068532473442 0.014910516684611685 0.0022089654347565157 0.0 0.0 0.0 0.0011044827173782579 0.02264189570625949 0.06516448032533456 0.1502096495634847 0.20874723358454625 0.11707516804212656 0.0342389642387364 0.0077313790216512746 0.0022089654347565157 0.0011044827173782579 0.0011044827173782579 0.020432930271502975 0.04362706733645333 0.043074825977762465 0.01546275804329908 0.023194137064950354 0.03202999880397989 0.030373274727910765 0.03092551608659816 0.030373274727910765 0.03534344695611466 0.00994034445640779 0.01988068891281558 0.02540310249970687 0.0298210333692199 0.02098517163019384 0.0077313790216512746 0.027612067934463386 0.0982989618466927 0.15186637363955036 0.11320947853130092 0.0690301698361602 0.10823930630309703 0.21813533668226318 0.1678813730415403 0.04362706733645333
0.0 0.0 0.006074654945582153 0.01822396483674646 0.018776206195437323 0.0 0.0 0.0 0.0 0.008835861739029532 0.04086586054300595 0.12259758162902132 0.1502096495634847 0.11707516804212656 0.06626896304271282 0.005522413586894759 0.004970172228203895 0.0038656895108256373 0.012149309891164306 0.011044827173786048 0.024298619782328612 0.026507585217085128 0.02264189570625949 0.03700017103218031 0.03258224016266728 0.018776206195437323 0.024850861141019476 0.0298210333692199 0.045836032771209845 0.055776377227617635 0.03700017103218031 0.040313619184318555 0.07068689391222932 0.04914948092334462 0.01822396483674646 0.014910516684611685 0.06571672168402543 0.21371740581275014 0.18776206195435588 0.11983637483557394 0.02540310249970687 0.0469405154885881 0.06682120440140368 0.07786603157518973 0.01270155124985517
0.0 0.0 0.0033134481521347736 0.0033134481521347736 0.0005522413586908637 0.0 0.0 0.0011044827173782579 0.033134481521358145 0.08228396244470276 0.20046361320420758 0.22365775026915793 0.13253792608542564 0.0861496519555284 0.18168740700877373 0.21592637124750666 0.1850008551609085 0.11486620260737004 0.07289585934698584 0.04417930869514072 0.2772251620620156 0.26562809352954214 0.16014999401988902 0.11210499581392266 0.05467189451023938 0.09940344456407096 0.07123913527091671 0.04252258461907507 0.05743310130368676 0.038656895108249434 0.030373274727910765 0.02540310249970687 0.0347912055974238 0.02264189570625949 0.01546275804329908 0.024298619782328612 0.03810465374956204 0.13529913287887302 0.11155275445523527 0.17229930391105333 0.13143344336804738 0.007179137662960411 0.009388103097716927 0.013806033967233428 0.012149309891164306
