static/data/precipitation/2023/7/17/12.asc
ncols 137
nrows 93
xllcorner 108.0
yllcorner 17.0
cellsize 0.25
NODATA_value -32767
[rows 21 to 41 of 93, columns 47 to 93 of 137]
0.0 0.0 0.0011044827173782579 0.0016567240760691215 0.0016567240760691215 0.0016567240760691215 0.0016567240760691215 0.0011044827173782579 0.0 0.0 0.0011044827173782579 0.0011044827173782579 0.0 0.0011044827173782579 0.0016567240760691215 0.0016567240760691215 0.009388103097716927 0.0171194821193682 0.06792568711878194 0.16512016624809292 0.37883757206084306 0.6654508372205791 0.9145116899894439 1.324827019495576 2.0029794079660066 4.09321295060492 3.804942961369117 2.876072996053754 1.444111152972459 0.9238997930871607 0.6941673878724207 0.47658429254884493 0.3727629171152609 0.23912050831245701 0.20432930271503322 0.12867223657460347 0.0867018933142158 0.014358275325920822 0.004970172228203895 0.0038656895108256373 0.0 0.0 0.0 0.0 0.0 0.0 0.0
0.0 0.0 0.0 0.0 0.0 0.0011044827173782579 0.0 0.0 0.0 0.0 0.0011044827173782579 0.0011044827173782579 0.0016567240760691215 0.0 0.0 0.0016567240760691215 0.02098517163019384 0.05356741179286112 0.17561275206319157 0.42080791532123074 0.6720777335248486 0.9404670338478381 1.261871504604998 1.9891733739987767 3.203552121756494 4.366020181797422 3.312895910776971 2.3442645676359786 1.2922447793329086 0.9062280696091017 0.6085699772755832 0.37883757206084306 0.17561275206319157 0.05356741179286112 0.0342389642387364 0.030373274727910765 0.0011044827173782579 0.0011044827173782579 0.0011044827173782579 0.0 0.0 0.0 0.0 0.0 0.0 0.0 0.0
0.0 0.0 0.0011044827173782579 0.0027612067934473794 0.0016567240760691215 0.0 0.0 0.0 0.0 0.0 0.0 0.0 0.0011044827173782579 0.0 0.0011044827173782579 0.009388103097716927 0.07897051429256799 0.23249361200818747 0.47327084439671013 0.8333322102621193 0.9642134122714758 1.3325583985172238 1.8251576904680586 2.989834715943744 3.0400886795844686 3.011924370291316 2.0587557851936245 1.484977013515465 1.1309903025956378 0.7897051429256661 0.4931515333095257 0.23470257744294398 0.06792568711878194 0.006626896304273017 0.0038656895108256373 0.0 0.0 0.0 0.0 0.0 0.0 0.0016567240760691215 0.0077313790216512746 0.0 0.0 0.0 0.0
0.0 0.0 0.0 0.0027612067934473794 0.0027612067934473794 0.0 0.0 0.0 0.0 0.0 0.0 0.0 0.0011044827173782579 0.0011044827173782579 0.025955343858397734 0.07841827293387713 0.22807568113867097 0.5958684260257314 0.9316311721088086 1.2475132292790772 1.266289435474511 1.610888043296621 1.8986057911737353 2.4889518036125704 2.243204398995842 1.9217999282386822 1.4866337375915342 1.241438574333495 0.9305266893914304 0.622928252601504 0.36889722760443877 0.13640361559625128 0.05080620499941374 0.011597068532473442 0.004970172228203895 0.0 0.0 0.0 0.0 0.0 0.0011044827173782579 0.0038656895108256373 0.02264189570625949 0.0016567240760691215 0.0 0.0 0.0
0.0 0.0 0.0 0.0011044827173782579 0.0011044827173782579 0.0 0.0 0.0 0.0 0.0 0.0 0.0 0.0011044827173782579 0.03644792967349292 0.06461223896664717 0.2573444731492035 0.5853758402106328 0.954825309173759 1.225423574931505 1.4982308061240075 1.6440225248179758 1.7412170039472903 2.031143717259161 2.136069575410123 1.724097521827922 1.5595295969385163 1.2199011613446138 0.9747059980865745 0.7665110058607156 0.5091665327115122 0.2672848176056113 0.21813533668226318 0.1380603396723204 0.03258224016266728 0.005522413586894759 0.0011044827173782579 0.0 0.0 0.0 0.0 0.0011044827173782579 0.011597068532473442 0.03534344695611466 0.0077313790216512746 0.0 0.0 0.0
0.0 0.0 0.0 0.0011044827173782579 0.0011044827173782579 0.0 0.0 0.0 0.0 0.0 0.0 0.0016567240760691215 0.01822396483674646 0.054119653151548514 0.2468518873341083 0.5682563580912646 0.9211385862937134 1.1729606458560256 1.4336185671573638 1.6755002822632648 2.5988478339917362 2.608235937089455 2.2945628453539464 2.4022499102983526 1.6318732149268114 1.6318732149268114 1.2243190922141267 0.8957354837940066 0.6925106637963551 0.4760320511901575 0.2717027484751243 0.2297324052147401 0.21813533668226318 0.03534344695611466 0.0016567240760691215 0.0011044827173782579 0.0 0.0 0.0 0.0 0.0011044827173782579 0.012149309891164306 0.027612067934463386 0.0077313790216512746 0.0 0.0011044827173782579 0.0011044827173782579
0.0011044827173782579 0.0 0.0 0.0 0.0 0.0 0.0 0.0 0.0 0.0 0.0016567240760691215 0.0077313790216512746 0.0342389642387364 0.17616499342187897 0.4395841215166646 0.8316754861860503 1.0078404796079292 1.2607670218876197 1.42864839492916 1.6009476988402134 3.3929709077869172 3.920361405335176 3.417821768927935 2.5060712857319385 1.7252020045453003 1.4982308061240075 1.2950059861263525 1.0730049599332638 0.7504960064587257 0.46995739624457533 0.28606102380104514 0.1905232687477998 0.15849326994382337 0.0011044827173782579 0.0 0.0 0.0 0.0 0.0 0.0 0.0 0.0038656895108256373 0.0038656895108256373 0.0038656895108256373 0.0 0.0011044827173782579 0.0016567240760691215
0.04197034326038421 0.0011044827173782579 0.0 0.0 0.0 0.0011044827173782579 0.0 0.0 0.0 0.0011044827173782579 0.0038656895108256373 0.016014999401989943 0.07841827293387713 0.23635930151900963 0.5406442901568012 0.9338401375435685 1.1751696112907821 1.41263339552717 1.5457235629712864 1.4507380492767321 1.7384557971538428 2.631430074154404 2.7170274847512412 2.1134276797038636 1.953829927042662 1.5661564932427894 1.4159468436793048 1.209408575529515 0.7676154885780939 0.4406886042340429 0.2269711984212927 0.07897051429256799 0.0077313790216512746 0.0011044827173782579 0.0 0.0 0.0 0.0 0.0 0.0 0.0 0.004970172228203895 0.0171194821193682 0.0038656895108256373 0.0 0.010492585815095185 0.01822396483674646
0.019328447554124717 0.0 0.0 0.0 0.0 0.0011044827173782579 0.0 0.0 0.0 0.0016567240760691215 0.006626896304273017 0.09995568592275836 0.1927322341825563 0.4169422258104051 0.8134515213493038 1.2767820212896095 1.523081667265027 1.6097835605792428 1.5650520105254113 1.4363797739508077 1.8301278626962625 2.0112630283463453 2.0123675110637236 1.890874412152084 1.7367990730777771 1.4512902906354195 1.0879154766178754 0.7770035916758143 0.5920027365149059 0.33465826336570237 0.13529913287887302 0.027612067934463386 0.0011044827173782579 0.0 0.0011044827173782579 0.0 0.0 0.0 0.0 0.0 0.0 0.0011044827173782579 0.0011044827173782579 0.0011044827173782579 0.0 0.028716550651841644 0.0640599976079563
0.0038656895108256373 0.0 0.0011044827173782579 0.0 0.0 0.0 0.0 0.0011044827173782579 0.0011044827173782579 0.0027612067934473794 0.013253792608542564 0.09277654825979795 0.2744639552685717 0.7123913527091672 1.2701551249853367 1.7793216576968487 1.8367547590005355 1.6699778686763735 1.3634839146038253 1.351334604712661 1.484977013515465 1.6175149396008905 1.683231661284916 1.6755002822632648 1.4474246011245937 1.3905437411795978 1.1541844396605883 0.7908096256430442 0.315882057170265 0.19383671689993803 0.11541844396605744 0.05908982537975241 0.0 0.0011044827173782579 0.0011044827173782579 0.0011044827173782579 0.0011044827173782579 0.0 0.0 0.0 0.0 0.0 0.0 0.0 0.0 0.011597068532473442 0.011597068532473442
0.0 0.0 0.0 0.0 0.0 0.0 0.0 0.0011044827173782579 0.0011044827173782579 0.006626896304273017 0.024850861141019476 0.21923981939964143 0.6151968735798562 1.0846020284657407 1.6716345927524425 2.1946071594311847 2.03059147590047 1.3960661547664928 0.9890642734124954 0.9614522054780319 1.0636168568355469 1.1359604748238419 1.2226623681380575 1.2541401255833466 1.3170956404739247 1.455155980146245 1.1939458174862159 0.726749628035088 0.2424339564645918 0.16014999401988902 0.0469405154885881 0.0 0.0 0.0011044827173782579 0.0011044827173782579 0.0 0.0 0.0 0.0 0.0 0.0 0.0 0.0 0.0 0.0 0.0 0.0
0.0 0.0 0.0 0.0 0.0 0.0 0.0 0.0 0.0011044827173782579 0.006626896304273017 0.025955343858397734 0.24629964597541742 0.7007942841766936 1.7931276916640821 2.7037736921426987 2.218353537854826 1.9692926850859611 1.381707879440572 0.9537208264563807 0.8173172108601294 0.8868996220549805 1.1017215105851088 1.1806920248776733 1.1713039217799563 1.28175219351781 1.4021408097120749 1.2845134003112575 0.8432725547185271 0.3335537806483241 0.3164342985289559 0.14192602918314604 0.005522413586894759 0.0 0.0011044827173782579 0.0011044827173782579 0.0011044827173782579 0.0 0.0 0.0 0.0 0.0 0.0 0.0 0.0 0.0 0.0 0.0
0.0 0.0 0.0 0.0 0.0 0.0 0.0 0.0011044827173782579 0.0011044827173782579 0.0027612067934473794 0.0171194821193682 0.16125447673727075 0.7598841095564461 1.854978723837282 3.8662417521836274 2.0189944073679964 1.6545151106330744 1.381155638081881 0.9642134122714758 0.7030032496114502 0.796332039229939 0.9487506542281767 1.1547366810192792 1.2237668508554358 1.2016771965078672 1.5468280456886647 1.4115289128097916 0.9824373771082223 0.530151704341706 0.3804942961369122 0.18113516565008286 0.04473155005383159 0.0 0.0011044827173782579 0.0011044827173782579 0.0016567240760691215 0.0011044827173782579 0.0011044827173782579 0.0 0.0 0.0 0.0 0.0 0.0 0.0 0.0 0.0
0.004970172228203895 0.008835861739029532 0.004970172228203895 0.0 0.0 0.0 0.0 0.0011044827173782579 0.0027612067934473794 0.004970172228203895 0.0038656895108256373 0.033134481521358145 0.6428089415143196 2.5386535258946057 4.810574475542289 1.9295313072603335 1.2292892644423306 0.954825309173759 0.9774672048800184 0.7532572132521731 0.900153414663523 1.0575422018899647 1.2646327113984452 1.6926197643826328 1.588798388949049 1.8881132053586367 1.4695142554721659 1.0393182370532181 0.6389432520034939 0.2987625750509003 0.12756775385722174 0.047492756847278966 0.0011044827173782579 0.0011044827173782579 0.0011044827173782579 0.0016567240760691215 0.0016567240760691215 0.0011044827173782579 0.0 0.0 0.0 0.0 0.0 0.0 0.0 0.0 0.0
0.009388103097716927 0.01988068891281558 0.004970172228203895 0.0 0.0 0.0 0.0 0.0 0.0027612067934473794 0.0038656895108256373 0.0016567240760691215 0.0077313790216512746 0.1734037866284316 2.0742185432369236 3.7419874464785403 1.381155638081881 0.7637497990672717 1.0050792728144853 1.0470496160748695 0.9443327233586638 1.003422548738416 1.2530356428659684 1.7025601088390407 2.1736219878009946 2.0791887154651274 1.9731583745967867 1.5495892524821122 1.12325892357399 0.6980330773832464 0.2810908515728412 0.14855292548741558 0.06792568711878194 0.0038656895108256373 0.0016567240760691215 0.0016567240760691215 0.0077313790216512746 0.0077313790216512746 0.0011044827173782579 0.0 0.0 0.0 0.0 0.0 0.0 0.0 0.0 0.0
0.010492585815095185 0.016014999401989943 0.0011044827173782579 0.0 0.0 0.0 0.0 0.0 0.0 0.0 0.0 0.0 0.016014999401989943 0.22807568113867097 0.8117947972732381 0.4379273974405955 0.76485428178465 1.0072882382492419 1.1674382322691308 1.0012135833036597 0.7770035916758143 1.0089449623253075 1.4512902906354195 1.786500795359809 1.6920675230239455 1.807485966990003 1.6556195933504527 1.261871504604998 0.773690143523676 0.291031196029249 0.16898585575891856 0.08946310010766317 0.02264189570625949 0.004970172228203895 0.0027612067934473794 0.010492585815095185 0.01546275804329908 0.006626896304273017 0.0038656895108256373 0.0 0.0 0.0 0.0 0.0 0.0 0.0 0.0
0.0 0.0011044827173782579 0.0 0.0 0.0011044827173782579 0.0011044827173782579 0.0011044827173782579 0.0 0.0 0.0 0.0 0.0 0.0016567240760691215 0.0077313790216512746 0.1336424088028039 0.6720777335248486 0.4959127401029696 0.7388989379262523 1.0912289247700102 1.1679904736278217 1.1834532316711208 1.3303494330824672 1.5125890814499283 1.714709418730205 1.6583808001439 1.6324254562855023 1.593768561177253 1.4087677060163444 0.9089892764025491 0.38822567515856343 0.2021203372802767 0.1209408575529522 0.06571672168402543 0.011597068532473442 0.008835861739029532 0.012149309891164306 0.019328447554124717 0.02374637842363775 0.009388103097716927 0.004970172228203895 0.0 0.0 0.0 0.0 0.0 0.0 0.0
0.0 0.0 0.0 0.0011044827173782579 0.005522413586894759 0.012149309891164306 0.0016567240760691215 0.0 0.0 0.0 0.0 0.0 0.0011044827173782579 0.005522413586894759 0.14413499461790255 0.8068246250450342 0.7228839385242624 0.929974448032743 1.2530356428659684 1.4352752912334295 1.5600818382972073 1.547932528406043 1.5418578734604609 1.5495892524821122 1.4209170159075086 1.2988716756371783 1.3474689152018353 1.3286927090064016 1.043183926564044 0.5522413586892782 0.2070905095084806 0.09167206554241969 0.09553775505324533 0.024850861141019476 0.01822396483674646 0.012149309891164306 0.027612067934463386 0.05908982537975241 0.043074825977762465 0.014358275325920822 0.0011044827173782579 0.0 0.0 0.0 0.0 0.0011044827173782579 0.0016567240760691215
0.0 0.0011044827173782579 0.0011044827173782579 0.0011044827173782579 0.0011044827173782579 0.0016567240760691215 0.0 0.0 0.0 0.0 0.0 0.0 0.0011044827173782579 0.0016567240760691215 0.22807568113867097 0.7543616959695514 1.1922890934101502 1.0166763413469586 1.381707879440572 1.7268587286213695 1.8947401016629097 1.6385001112310844 1.3436032256910098 1.3629316732451344 1.1309903025956378 0.7306153175459136 0.7046599736875159 1.0928856488460794 0.9172728967828878 0.5826146334171889 0.29765809233352203 0.15186637363955036 0.103821375433584 0.06682120440140368 0.04086586054300595 0.024850861141019476 0.09995568592275836 0.08891085874897231 0.09056758282504143 0.06019430809713067 0.0038656895108256373 0.0 0.0 0.0 0.0011044827173782579 0.0027612067934473794 0.0011044827173782579
0.0 0.0 0.0 0.0 0.0 0.0 0.0 0.0 0.0 0.0 0.0 0.0 0.0 0.0011044827173782579 0.1629112008133364 0.4920470505921475 1.475588910417748 1.3502301219952828 1.4579171869396925 1.7870530367185 1.920695445521304 1.583828216720845 1.269602883626649 1.1453485779215586 0.9067803109677925 0.561629461786995 0.42909153570156944 0.6400477347208722 0.6753911816769869 0.4644349826576806 0.3053894713551698 0.08007499700994625 0.13143344336804738 0.09332878961848881 0.05356741179286112 0.04086586054300595 0.09332878961848881 0.07068689391222932 0.15352309771561948 0.1259110297811561 0.008835861739029532 0.0 0.0011044827173782579 0.0011044827173782579 0.0027612067934473794 0.0038656895108256373 0.0038656895108256373
0.0011044827173782579 0.0 0.0 0.0 0.0038656895108256373 0.006626896304273017 0.0011044827173782579 0.0011044827173782579 0.0011044827173782579 0.0 0.0 0.0 0.0 0.0027612067934473794 0.0171194821193682 0.3407329183112845 1.4800068412872611 1.8665757923697555 1.9140685492170344 1.8041725188378681 1.7881575194358783 1.5297085635692966 1.2740208144961622 1.1453485779215586 0.9393625511304599 0.6124356667864088 0.32637464298536367 0.3230611948332289 0.36061360722409663 0.3832555029303596 0.27059826575774604 0.03700017103218031 0.15904551130251077 0.11817965075950482 0.06571672168402543 0.061298790814508924 0.07234361798829497 0.061298790814508924 0.11044827173785701 0.10658258222703137 0.03147775744528902 0.0016567240760691215 0.0 0.0011044827173782579 0.0016567240760691215 0.0038656895108256373 0.005522413586894759
