static/data/precipitation/2023/7/17/18.asc
ncols 137
nrows 93
xllcorner 108.0
yllcorner 17.0
cellsize 0.25
NODATA_value -32767
[rows 40 to 59 of 93, columns 45 to 89 of 137]
0.0 0.0 0.0 0.0 0.0 0.0 0.0 0.0 0.0 0.0 0.0 0.0 0.0 0.0 0.018776206195437323 0.1336424088028039 0.35950912450671835 0.5743310130368467 1.1354082334651543 1.044840650640113 0.9620044468367194 0.8084813491210998 0.5975251501017971 0.10050792728144922 0.0640599976079563 0.14468723597658995 0.4931515333095257 0.949855136945555 0.6417044587969413 0.9310789307501212 0.9470939301521111 1.3016328824306256 1.8251576904680586 1.7958888984575296 1.3110209855283426 0.7350332484154266 0.3075984367899264 0.10768706494440963 0.10658258222703137 0.0695824111948476 0.06074654945582153 0.05908982537975241 0.043074825977762465 0.008835861739029532 0.0016567240760691215
0.0 0.0 0.0 0.0 0.0 0.0 0.0 0.0 0.0 0.0 0.0 0.0 0.0 0.005522413586894759 0.008283620380338669 0.1209408575529522 0.22862792249736183 0.4412408455927337 0.6825703193399473 0.726749628035088 0.6836748020573256 0.49536049874428223 0.18113516565008286 0.02264189570625949 0.04417930869514072 0.1330901674441165 0.5268382561895713 0.9432282406412855 0.5638384272217516 0.9134072072720656 0.8222873830883333 0.5312561870590843 0.8195261762948859 1.5136935641673066 1.3667973627559602 0.733376524339361 0.27998636885546296 0.12977671929198173 0.13088120200936 0.07676154885781147 0.07510482478174235 0.06295551489057805 0.03644792967349292 0.011597068532473442 0.006074654945582153
0.0 0.0 0.0 0.0 0.0 0.0 0.0 0.0 0.0 0.0 0.0 0.0 0.006626896304273017 0.021537412988881233 0.0469405154885881 0.12204534027033045 0.22918016385604922 0.19107551010649065 0.2744639552685717 0.363374814017544 0.29765809233352203 0.10879154766178789 0.05743310130368676 0.016567240760677338 0.037552412390871176 0.13585137423756388 0.5307039457003969 1.0282734098794322 0.593107219232284 0.773690143523676 0.5781967025476724 0.28661326515973595 0.35122550412637965 0.9487506542281767 0.8405113479250798 0.5759877371129158 0.12149309891163959 0.11817965075950482 0.12204534027033045 0.06461223896664717 0.050253963640722876 0.03810465374956204 0.045836032771209845 0.01546275804329908 0.011044827173786048
0.0 0.0 0.0 0.0 0.0 0.0 0.0 0.0 0.0 0.0 0.0 0.0011044827173782579 0.0077313790216512746 0.04252258461907507 0.14137378782445517 0.20874723358454625 0.1551798217916886 0.1032691340748966 0.10603034086834051 0.1507618909221721 0.0695824111948476 0.033134481521358145 0.019328447554124717 0.019328447554124717 0.040313619184318555 0.1402693051070769 0.8432725547185271 1.3706630522667858 0.8383023824903233 0.42798705298419115 0.25844895586658173 0.19659792369338194 0.27059826575774604 0.44289756966879934 0.29986705776827854 0.09443327233586707 0.0861496519555284 0.08891085874897231 0.09332878961848881 0.04252258461907507 0.026507585217085128 0.05467189451023938 0.06792568711878194 0.019328447554124717 0.01546275804329908
0.0 0.0 0.0 0.0 0.0 0.0 0.0 0.0 0.0 0.0 0.0 0.0016567240760691215 0.03368672288004554 0.08780637603159405 0.214269647171441 0.2567922317905126 0.2021203372802767 0.07289585934698584 0.08394068652077188 0.08394068652077188 0.05798534266237415 0.02264189570625949 0.020432930271502975 0.028716550651841644 0.05743310130368676 0.20598602679109887 0.9111982418373056 2.1023828525300776 1.6948287298173894 0.8029589355342086 0.21040395766061537 0.14855292548741558 0.11873189211819568 0.24574740461673003 0.11210499581392266 0.13143344336804738 0.12370206434639958 0.07013465255353846 0.08504516923815014 0.03644792967349292 0.04970172228203548 0.07731379021649887 0.07952275565125538 0.023194137064950354 0.018776206195437323
0.0 0.0 0.0 0.0 0.0 0.0 0.0 0.0 0.0 0.0 0.0005522413586908637 0.0038656895108256373 0.035895688314802054 0.17064257983498768 0.23415033608425312 0.28992671331187075 0.21371740581275014 0.04528379141252245 0.0469405154885881 0.03092551608659816 0.019328447554124717 0.02374637842363775 0.040313619184318555 0.027612067934463386 0.09277654825979795 0.24132947374721353 1.308812020093586 2.7258633464902706 2.9003716158360824 1.344707708408388 0.6367342865687374 0.1452394773352808 0.10879154766178789 0.21095619901930276 0.1032691340748966 0.08891085874897231 0.06792568711878194 0.0469405154885881 0.08559741059683754 0.03700017103218031 0.02374637842363775 0.06571672168402543 0.09167206554241969 0.03534344695611466 0.01546275804329908
0.0 0.0 0.0 0.0 0.0 0.0 0.0 0.0 0.0 0.0 0.0038656895108256373 0.00994034445640779 0.04804499820596636 0.21371740581275014 0.18113516565008286 0.15628430450906686 0.0938810309771762 0.0347912055974238 0.061298790814508924 0.03644792967349292 0.028716550651841644 0.03092551608659816 0.04417930869514072 0.0347912055974238 0.08835861739028492 0.47547980983146665 1.6009476988402134 2.9174910979554487 3.2792091878969254 2.192398193996428 1.1017215105851088 0.34404636646341924 0.12149309891163959 0.20432930271503322 0.1457917186939682 0.06737344576009108 0.035895688314802054 0.06461223896664717 0.09664223777062358 0.0298210333692199 0.02264189570625949 0.08504516923815014 0.1457917186939682 0.06461223896664717 0.024298619782328612
0.0005522413586908637 0.0005522413586908637 0.0 0.0 0.0 0.0 0.0 0.0 0.0 0.0011044827173782579 0.019328447554124717 0.051358446358104604 0.09056758282504143 0.11928413347688308 0.13088120200936 0.07897051429256799 0.03202999880397989 0.029268792010532507 0.07565706614042975 0.05743310130368676 0.04528379141252245 0.03368672288004554 0.04970172228203548 0.15462758043299774 0.11983637483557394 0.7013465255353811 1.771590278675201 2.7247588637728923 2.51987731969917 2.680027313719061 2.1465621612252184 1.1602590946061704 0.23028464657342748 0.1855530965195959 0.17561275206319157 0.08007499700994625 0.02264189570625949 0.04417930869514072 0.11376171988999179 0.10879154766178789 0.06792568711878194 0.06792568711878194 0.09498551369455446 0.06350775624926544 0.030373274727910765
0.0 0.0 0.0 0.0 0.0 0.0 0.0022089654347565157 0.004970172228203895 0.0016567240760691215 0.0298210333692199 0.06792568711878194 0.10658258222703137 0.14192602918314604 0.25347878363837784 0.15462758043299774 0.07841827293387713 0.0298210333692199 0.0469405154885881 0.2098517163019245 0.11155275445523527 0.07289585934698584 0.04914948092334462 0.06461223896664717 0.0911198241837323 0.12370206434639958 0.6207192871667475 1.3574092596582432 2.0206511314440623 1.8400682071526702 2.466309907906309 2.498892148068978 1.8781728609022288 0.8084813491210998 0.1281199952159126 0.24629964597541742 0.11762740940081742 0.019328447554124717 0.0392091364669403 0.09056758282504143 0.15959775266120163 0.20874723358454625 0.16567240760678378 0.06737344576009108 0.08228396244470276 0.03810465374956204
0.0 0.0 0.0 0.0 0.0 0.0 0.0033134481521347736 0.013806033967233428 0.02705982657577599 0.04970172228203548 0.05688085994499589 0.09222430690111055 0.15462758043299774 0.23359809472556572 0.20377706135634235 0.050253963640722876 0.04914948092334462 0.1259110297811561 0.18665757923697415 0.15297085635692861 0.17064257983498768 0.08228396244470276 0.10603034086834051 0.07510482478174235 0.14468723597658995 0.7168092835786801 2.046054233943769 2.2470700885066677 1.719679590958409 2.118950093290755 2.523190767851305 2.1388307822035704 0.40092722640841516 0.11210499581392266 0.14137378782445517 0.09774672048800184 0.02098517163019384 0.054119653151548514 0.13088120200936 0.1927322341825563 0.12922447793329087 0.11265723717261353 0.09774672048800184 0.10547809950965312 0.02264189570625949
0.0005522413586908637 0.0011044827173782579 0.0016567240760691215 0.0 0.0 0.0 0.0 0.010492585815095185 0.012149309891164306 0.02374637842363775 0.04528379141252245 0.06792568711878194 0.12370206434639958 0.1209408575529522 0.08725413467290666 0.04197034326038421 0.18665757923697415 0.23912050831245701 0.21923981939964143 0.21868757804095404 0.20432930271503322 0.10050792728144922 0.11376171988999179 0.13032896065066912 0.2369115428777005 1.1309903025956378 2.502757837579802 2.7711471379027914 1.4993352888413858 1.713052694654136 2.6297733500783362 2.2597716397565195 0.6085699772755832 0.14744844277003732 0.08559741059683754 0.10106016864013662 0.05908982537975241 0.07510482478174235 0.15186637363955036 0.23304585336687486 0.13143344336804738 0.08007499700994625 0.0690301698361602 0.0640599976079563 0.025955343858397734
0.0005522413586908637 0.0005522413586908637 0.008283620380338669 0.016567240760677338 0.006626896304273017 0.0005522413586908637 0.0 0.0 0.0016567240760691215 0.0033134481521347736 0.01546275804329908 0.033134481521358145 0.033134481521358145 0.0298210333692199 0.0298210333692199 0.033134481521358145 0.18223964836746112 0.23580706016032224 0.21813533668226318 0.19825464776945106 0.16456792488940553 0.2220010261930888 0.1971501650520728 0.291031196029249 0.5693608408086464 1.4639918418852746 3.2974331527336718 4.014242436312354 2.01457647649848 1.2237668508554358 2.169204056931478 2.4922652517647066 0.7874961774909095 0.2982103336922094 0.04197034326038421 0.07731379021649887 0.09774672048800184 0.11210499581392266 0.16953809711760942 0.23525481880163138 0.13971706374838605 0.08062723836863364 0.07068689391222932 0.06350775624926544 0.023194137064950354
0.0005522413586908637 0.005522413586894759 0.014910516684611685 0.018776206195437323 0.0077313790216512746 0.0016567240760691215 0.0005522413586908637 0.0 0.0 0.0 0.0 0.0 0.0 0.0 0.0044179308695130315 0.014358275325920822 0.08394068652077188 0.1430305119005243 0.18168740700877373 0.16180671809595815 0.20598602679109887 0.42633032890812206 0.358956883148031 0.6267939421123296 0.9062280696091017 1.8085904497073813 3.6713005525663127 5.383801005861759 2.251488019376181 1.3054985719414511 2.134965092692745 2.4591307702433487 0.9829896184669131 0.5014351536898644 0.11873189211819568 0.061298790814508924 0.0811794797273245 0.12259758162902132 0.17726947613925723 0.22144878483440142 0.1380603396723204 0.07731379021649887 0.08062723836863364 0.07344810070567323 0.016014999401989943
0.0016567240760691215 0.006626896304273017 0.012149309891164306 0.0011044827173782579 0.0016567240760691215 0.0011044827173782579 0.0 0.0 0.0 0.0 0.0 0.0 0.0 0.0 0.0 0.0 0.03092551608659816 0.0469405154885881 0.08891085874897231 0.1457917186939682 0.20432930271503322 0.6671075612966482 0.5886892883627676 0.8725413467290561 1.080736338954915 1.9775763054662998 3.9584660590847363 6.190073389548103 2.623698695132754 1.1298858198782598 1.9560388924774186 2.498892148068978 1.2193489199859229 0.6035998050473792 0.1480006841287282 0.05688085994499589 0.07897051429256799 0.12977671929198173 0.1607022353785799 0.1971501650520728 0.11652292668343917 0.09995568592275836 0.1032691340748966 0.0740003420643641 0.011044827173786048
0.012149309891164306 0.0027612067934473794 0.0016567240760691215 0.0005522413586908637 0.0 0.0 0.0 0.0 0.0 0.0 0.0 0.0 0.0 0.0 0.0 0.0005522413586908637 0.014358275325920822 0.01546275804329908 0.03700017103218031 0.09332878961848881 0.3528822282024488 0.9614522054780319 0.9597954814019628 1.255244608300725 1.4562604628636233 2.0035316493246977 3.832002787944891 6.483313551012109 2.9268792010531675 1.2751252972135405 1.68820183351312 2.16147267790983 1.1254678890087466 0.5113754981462721 0.13419465016149476 0.07841827293387713 0.09608999641193272 0.15352309771561948 0.18941878603042153 0.13419465016149476 0.1110005130965444 0.11376171988999179 0.103821375433584 0.06847792847746934 0.00994034445640779
0.033134481521358145 0.0171194821193682 0.0027612067934473794 0.0 0.0 0.0 0.0 0.0 0.0 0.0 0.0 0.0 0.0 0.0 0.0 0.0 0.006074654945582153 0.0077313790216512746 0.03368672288004554 0.1408215464657643 0.4594648104294802 1.261319263246307 1.1204977167805428 1.6092313192205518 1.6931720057413238 2.045501992585082 3.572449349360931 6.353536831720128 2.8324459287173003 1.496021840689251 1.760545451501415 1.9715016505207177 1.0216465135751627 0.3285836084201202 0.1480006841287282 0.08394068652077188 0.1159706853247483 0.18610533787828676 0.21537412988881927 0.07841827293387713 0.12756775385722174 0.10768706494440963 0.08559741059683754 0.055776377227617635 0.019328447554124717
0.1480006841287282 0.03810465374956204 0.0005522413586908637 0.0 0.0 0.0 0.0 0.0 0.0 0.0 0.0 0.0 0.0 0.0 0.0 0.0 0.008835861739029532 0.007179137662960411 0.017671723478055595 0.12038861619426133 0.47327084439671013 1.335871846669362 1.1690949563452 1.4496335665593503 1.4871859789502215 1.744530452099425 3.042849886377916 5.848788229878131 2.1951594007898754 1.3413942602562532 1.7406647625885994 1.9140685492170344 1.148662026073697 0.2987625750509003 0.12204534027033045 0.08062723836863364 0.1032691340748966 0.13695585695494214 0.14689620141134646 0.13088120200936 0.13529913287887302 0.12370206434639958 0.09995568592275836 0.06461223896664717 0.02374637842363775
0.24519516325803917 0.26673257624692037 0.008283620380338669 0.0 0.0 0.0 0.0 0.0 0.0 0.0 0.0 0.0 0.0 0.0 0.0 0.0016567240760691215 0.008835861739029532 0.007179137662960411 0.006074654945582153 0.07179137662960758 0.22089654347571056 0.6218237698841257 0.7974365219473173 1.2265280576488833 1.3723197763428514 1.7025601088390407 2.9036850639882172 4.842052232987578 1.906889411554074 1.2563490910181065 1.5622908037319638 1.604813388351039 1.0293778925968105 0.6461223896664543 0.15738878722644511 0.03147775744528902 0.05080620499941374 0.10050792728144922 0.1380603396723204 0.05688085994499589 0.07841827293387713 0.10658258222703137 0.08946310010766317 0.0469405154885881 0.027612067934463386
0.45339015548389805 0.42577808754943114 0.47658429254884493 0.0005522413586908637 0.0 0.0 0.0 0.0 0.0 0.0 0.0 0.0 0.0 0.0 0.0005522413586908637 0.0033134481521347736 0.008283620380338669 0.005522413586894759 0.004970172228203895 0.008283620380338669 0.10658258222703137 0.3125686090181302 0.3534344695611362 0.8747503121638162 1.5490370111234213 2.0664871642152756 2.517668354264414 3.0936560913773277 1.6385001112310844 1.4258871881357125 1.5374399425909477 1.3115732268870333 0.8714368640116779 0.49977842961379526 0.13695585695494214 0.014358275325920822 0.024850861141019476 0.0690301698361602 0.1032691340748966 0.0392091364669403 0.0690301698361602 0.1209408575529522 0.09719447912931445 0.040313619184318555 0.023194137064950354
0.6549582514054839 0.2982103336922094 0.16898585575891856 0.07841827293387713 0.0005522413586908637 0.06792568711878194 0.3804942961369122 0.4550468795599637 0.07841827293387713 0.0 0.0 0.0 0.0 0.0 0.0011044827173782579 0.0027612067934473794 0.006074654945582153 0.006626896304273017 0.013253792608542564 0.018776206195437323 0.0342389642387364 0.15904551130251077 0.27998636885546296 0.49425601602690394 1.2381251261813602 2.0907857839976005 2.5375490431772274 2.2884881904083643 2.277995604593266 1.670530110035061 1.1403784056933584 0.9062280696091017 0.8885563461310462 0.29489688554007465 0.04417930869514072 0.0077313790216512746 0.013806033967233428 0.033134481521358145 0.061298790814508924 0.051910687716792 0.09553775505324533 0.09608999641193272 0.08835861739028492 0.05356741179286112 0.0171194821193682
