static/data/ASCData/20210105/ASCV/00.asc
ncols 97
nrows 97
xllcorner 99.0
yllcorner 2.0
cellsize 0.25
NODATA_value -32767
[rows 38 to 56 of 97, columns 43 to 85 of 97]
-5.547574219869501 -5.693111150571399 -5.8903806947562 -5.953020786985496 -6.077989329194192 -6.171793646413189 -6.3668816948487095 -6.735242834226962 -7.1512852378394545 -7.478197957981406 -7.63557729417939 -7.679518851414867 -7.636512220929081 -7.693231110410334 -7.804487393623564 -7.955945527073505 -8.15882463175645 -8.438367729914058 -8.663685076589587 -8.93138576925111 -9.192230332414898 -9.245832799397181 -9.278243593386469 -9.337767263116795 -9.346493246113912 -9.470526861572917 -9.651279366513176 -9.695220923748654 -9.676522388754833 -9.615128865525124 -9.695220923748654 -9.713607816492576 -9.743837114732585 -9.760665796227023 -9.662810129759364 -9.290709283382348 -8.8805880825179 -8.042893714794767 -6.791650081458318 -4.54470945970096 -1.4890571994608899 0.20347185972970827 0.1779171952381544
-5.701837133568515 -5.907832660750431 -6.052434664702638 -6.140317779173592 -6.257495265134863 -6.408953398584805 -6.5915757570244455 -6.835591638693796 -7.201771282322769 -7.564211218952977 -7.788905281128713 -7.7857888586297435 -7.684193485163322 -7.787970354379022 -7.939116845579067 -8.104287238024476 -8.344563412695061 -8.619743519354111 -8.860019694024697 -9.133641589434262 -9.342441896865251 -9.384513600601345 -9.437181140833939 -9.465540585574566 -9.454944749078066 -9.399160786346505 -9.516338272307776 -9.591444054532952 -9.633515758269047 -9.63943696101709 -9.716412596741648 -9.709868109493812 -9.708621540494224 -9.660940276259984 -9.367061634607113 -8.989974512231745 -8.40595693592477 -7.495961566225535 -6.149043762170708 -3.7643572659588758 -0.8464508801732795 0.9327147244886844 0.9417523497356979
-5.8277406025269025 -6.05742094070099 -6.231317316143516 -6.401162342337379 -6.482189327310599 -6.616818779266103 -6.7536297269708845 -6.996710681890543 -7.299626948790426 -7.668611372668472 -7.9949008083106285 -8.06221553428838 -8.017339050303214 -8.103352311274785 -8.245772819477713 -8.398165879677345 -8.63750712759824 -8.856279987025934 -9.083778829450742 -9.262349838641722 -9.388564949850007 -9.412873045341973 -9.378592397853302 -9.384513600601345 -9.324989930871018 -9.270140894889147 -9.311277671875551 -9.397290932847122 -9.458684456076831 -9.522259475055819 -9.62385484852224 -9.610142589526772 -9.57399208853872 -9.3268597843704 -9.03204621596784 -8.627846217851433 -8.015469196803831 -7.014474290134672 -5.627666278093029 -3.3903865660824777 -1.3435202687589918 0.48550809588649235 1.5921497252707337
-5.958630347483641 -6.194231888405772 -6.390254863590984 -6.638322094508995 -6.7330613384776825 -6.846499117440191 -6.983310065144972 -7.153155091338837 -7.456694642738514 -7.752754780140661 -8.072188086285085 -8.231125633732555 -8.369806434936718 -8.42465547091859 -8.558349996124402 -8.709808129574343 -8.88245793601728 -9.101230795444973 -9.22838083340295 -9.338702189866487 -9.378592397853302 -9.332780987118444 -9.243028019148108 -9.163870887674271 -9.104347217943944 -9.077857626702698 -9.118994403689102 -9.200021388662323 -9.239911596649138 -9.381708820352273 -9.47426656857168 -9.427520231087131 -9.223394557404598 -8.976262253236278 -8.604161406859262 -8.195910059494194 -7.351359562273327 -6.252820631386408 -4.722345542142249 -2.8680741552551083 -1.2497159515399954 -0.15398180090214897 0.9523481862321961
-6.136578072174828 -6.414874601332848 -6.6121441455176475 -6.849303897689263 -6.971467659648887 -7.085840365361085 -7.196161721824622 -7.366941674768178 -7.5174648814684275 -7.775193022133246 -8.024195179800948 -8.174718386501198 -8.455819695908291 -8.519394714887278 -8.672722701836602 -8.872797026270474 -9.045758474963309 -9.181322853668503 -9.303486615628126 -9.309407818376169 -9.300681835379052 -9.204696022410777 -9.101230795444973 -9.02892979346887 -8.964731489990088 -8.937306971999153 -8.939176825498535 -9.019268883722063 -9.075052846453627 -9.246767726146873 -9.266401187890382 -9.123669037437558 -8.88152300926759 -8.480127791400257 -8.10709201827355 -7.193980226075343 -6.302371749120031 -4.909954176580242 -3.355170991844117 -1.919746788818542 -0.8570467166697773 0.050143872780385124 0.07258211477296905
-6.460686012067706 -6.7439688172240775 -6.966481383650534 -7.161881074335953 -7.22452116656525 -7.386575136511688 -7.4859890142288315 -7.572937201950094 -7.701957093407451 -7.756494487139426 -7.989914532312277 -8.082783922781584 -8.458624476157363 -8.50256603339284 -8.73910250106466 -8.951019230994621 -9.085648682950124 -9.191295405665207 -9.237106816400065 -9.254558782394296 -9.188178983166237 -9.083778829450742 -9.038902345465575 -8.96566641673978 -8.898351690762027 -8.848488930778508 -8.83477667178304 -8.86905731927171 -8.951954157744312 -9.044823548213618 -8.926399493252758 -8.793639894796636 -8.294700652711542 -7.842507748110997 -6.944978068407641 -5.905027880501358 -4.89250221058601 -3.3698181775892757 -2.116081406253651 -1.283996599028665 -0.28300169235950623 -0.24778611812114537 -0.4500419383042975
-6.928461029163101 -7.1706070573330685 -7.3033666557891905 -7.4919102169768745 -7.3953011195088045 -7.639317001178155 -7.760545836388086 -7.837521472112645 -7.881463029348122 -7.84842895085904 -7.990849459061968 -8.105222164774167 -8.49103527014665 -8.560219849623785 -8.783044058300138 -8.978132106735659 -9.116812907939824 -9.180387926918812 -9.172596870671386 -9.200956315412013 -9.136446369683334 -9.04762832846269 -8.98218345598432 -8.864071043273357 -8.789900187797873 -8.748763410811469 -8.740972354564043 -8.78491391179952 -8.751879833310438 -8.754684613559512 -8.584839587365648 -8.286909596464117 -7.596310370692368 -6.727451777979537 -5.69716249982006 -4.746965279884112 -3.8640827859259153 -2.7487151735445576 -1.714686188386317 -1.1434459443251188 -0.9539674563877436 -0.8327386211778114 -0.957707163386508
-7.400287395507156 -7.935377138580304 -7.8172647258693395 -7.885514378596783 -7.78298407838067 -8.004561718057436 -8.04164714579518 -8.04476356829415 -8.091509905778699 -8.006743213806715 -8.088705125529627 -8.163810907754803 -8.344563412695061 -8.521264568386659 -8.805482300292722 -8.991844365731128 -9.112138274191368 -9.151093555428494 -9.067261790206201 -9.092504812447858 -9.131460093684982 -9.042642052464338 -8.925464566503067 -8.825115762036233 -8.761540743057246 -8.689239741081142 -8.64903789084443 -8.661815223090207 -8.547754159627905 -8.482309287149535 -8.118934423769634 -7.561406438703905 -6.700027259988601 -5.84456928402134 -5.0349227187889385 -4.293837448533876 -3.6119642057592434 -2.667688188571338 -2.089591815012406 -1.8181514153521205 -2.0281982917826973 -1.5096255879540919 -1.6099743924209255
-7.741847301394266 -8.204012757991515 -8.234242056231524 -8.35515924919156 -8.266341207970916 -8.443042363662514 -8.453014915659217 -8.332721007198975 -8.24203311247895 -8.088705125529627 -8.104287238024476 -8.160071200756038 -8.432446527166015 -8.643428330346284 -8.805482300292722 -8.943228174747196 -9.045758474963309 -9.086583609699815 -9.059470733958776 -9.087518536449506 -9.085648682950124 -8.984988236233393 -8.888379138765323 -8.8182596325385 -8.766527019055598 -8.71853411257146 -8.681448684833716 -8.607277829358232 -8.396296026177964 -8.133581609514794 -7.633707440680007 -7.062155554368913 -6.3366523966087005 -5.627666278093029 -4.92366643557571 -4.204707765063334 -3.6325325942524453 -3.0260767759528866 -3.0681484796889813 -2.848440693511597 -2.987121494715762 -2.9500360669780186 -3.4050337518276366
-8.206817538240589 -8.390374823429921 -8.632520851599889 -8.748763410811469 -8.677397335585056 -8.716664259072077 -8.646233110595356 -8.52219949513635 -8.383518693932187 -8.267276134720605 -8.279118540216691 -8.330851153699594 -8.593565570362763 -8.729129949067957 -8.847554004028817 -8.969406123738544 -9.068196716955892 -9.091569885698167 -9.092504812447858 -9.09749108844621 -9.116812907939824 -9.040772198964957 -9.026125013219797 -8.964731489990088 -8.88245793601728 -8.799561097544679 -8.648102964094738 -8.480127791400257 -8.173471817501609 -7.8474940241093485 -7.353229415772709 -6.792585008208009 -6.056486013951299 -5.416684474912762 -4.768468595127005 -4.265478003793249 -3.8640827859259153 -3.714494505975356 -3.7662271194582577 -3.6471797799976042 -3.7808743052034166 -3.879664898420765 -3.9373187146517097
-8.381648840432804 -8.362015378689293 -8.646233110595356 -8.673657628586293 -8.740037427814352 -8.635637274098858 -8.58764436761472 -8.565206125622137 -8.459871045156952 -8.404087082425388 -8.453014915659217 -8.607277829358232 -8.748763410811469 -8.855345060276242 -8.90022154426141 -9.003686771227214 -9.09437466594724 -9.134576516183953 -9.151093555428494 -9.106217071443325 -9.092504812447858 -8.974392399736896 -8.969406123738544 -8.968471196988853 -8.888379138765323 -8.747828484061777 -8.579853311367296 -8.295635579461234 -7.927586082332878 -7.543642830459776 -7.039717312376329 -6.497771439805449 -5.87573350901104 -5.274263966709833 -4.894372064085392 -4.475213237973929 -4.305368211780065 -4.1803996695713685 -4.212810463560657 -4.309419561028726 -4.38172056300483 -4.172608613323944 -4.052626347113599
-8.410943211923122 -8.234242056231524 -8.525315917635321 -8.551493866626668 -8.785848838549212 -8.662750149839898 -8.573932108619253 -8.55242879337636 -8.545572663878625 -8.526250844385011 -8.652154313343399 -8.842567728030465 -8.908947527258526 -8.984988236233393 -9.018333956972372 -9.074117919703935 -9.162001034174889 -9.107151998193016 -9.074117919703935 -8.93543711849977 -8.896170195012749 -8.820129486037882 -8.860019694024697 -8.859084767275005 -8.829790395784688 -8.68736988758176 -8.38538854743157 -8.089640052279316 -7.561406438703905 -7.146298961841103 -6.631465965011261 -6.115074756931935 -5.5740638111107454 -5.297637135452108 -4.926471215824783 -4.821136135359597 -4.66095201891254 -4.603298202681596 -4.653160962665115 -4.783115780872164 -4.879724878340233 -4.754756336131536 -4.442179159484847
-8.396296026177964 -8.204947684741207 -8.442107436912822 -8.497891399644384 -8.782109131550447 -8.686434960832068 -8.597305277361528 -8.63439070509927 -8.629716071350815 -8.734116225066309 -8.840697874531083 -9.003686771227214 -9.020203810471754 -9.105282144693636 -9.129590240185602 -9.186309129666855 -9.084713756200433 -9.023320232970724 -8.873731953020165 -8.75281476006013 -8.726325168818885 -8.697030797328567 -8.714482763322799 -8.666801499088558 -8.638442054347932 -8.50163110664315 -8.199026481993164 -7.79763126412583 -7.205822631571429 -6.716544299233142 -6.219474910647429 -5.748895113302962 -5.516409994879801 -5.2427880994702365 -5.194171908486305 -5.088525185771222 -5.081669056273488 -5.079799202774106 -5.1841993564896 -5.340643765937894 -5.445978846403079 -5.458756178648856 -5.133713312006287
-8.412813065422505 -8.231125633732555 -8.4237205441689 -8.453014915659217 -8.795821390545916 -8.706691707075374 -8.674592555335982 -8.712612909823417 -8.839762947781391 -8.977197179985968 -8.991844365731128 -9.141432645681686 -9.136446369683334 -9.243962945897799 -9.267336114640074 -9.251754002145224 -9.150158628678803 -8.918608437005332 -8.754684613559512 -8.676462408835365 -8.67178777508691 -8.638442054347932 -8.558349996124402 -8.495709903895106 -8.4237205441689 -8.285974669714426 -7.990849459061968 -7.5779234779484455 -6.935317158660835 -6.394306212839645 -5.9402434547397185 -5.624861497843956 -5.444108992903697 -5.408893418665336 -5.359030658681816 -5.404218784916882 -5.435383009906581 -5.581854867358171 -5.731131505058833 -5.916870285997444 -5.8844594920081565 -5.874798582261349 -4.911824030079623
-8.330851153699594 -8.185314222997695 -8.425590397668282 -8.362950305438984 -8.736921005315383 -8.821999339537264 -8.790835114547564 -8.886509285265943 -9.022385306221032 -9.147353848429729 -9.138316223182716 -9.309407818376169 -9.257675204893268 -9.390434803349388 -9.314082452124623 -9.273257317388117 -9.100295868695284 -8.862201189773977 -8.760605816307555 -8.630650998100506 -8.617873665854729 -8.549624013127287 -8.445223859411792 -8.3093478384567 -8.217413374737086 -8.073123013034776 -7.80168261337449 -7.377849153514573 -6.756746149469855 -6.227265966894855 -5.823065968778447 -5.568142608362702 -5.419800897411731 -5.408893418665336 -5.440057643655036 -5.493036826137526 -5.637327187839836 -5.838648081273297 -6.029061495960363 -6.131591796176476 -5.943983161738483 -5.453769902650504 -4.435323029987114
-8.711677983073725 -8.177523166750271 -8.419669194920239 -8.367001654687645 -8.692979448079907 -8.878718229018517 -9.042642052464338 -9.169792090422314 -9.289774356632657 -9.420664101589397 -9.400095713096196 -9.521324548306128 -9.398225859596813 -9.448088619580334 -9.3062913958772 -9.169792090422314 -8.995895714979788 -8.76933179930467 -8.690174667830833 -8.498826326394076 -8.468597028154067 -8.3093478384567 -8.201831262242237 -8.084653776280964 -7.990849459061968 -7.8328468383641905 -7.529930571464307 -7.0955012751078925 -6.561346458784437 -6.061160647699754 -5.645429886337158 -5.412944767913998 -5.26834276396179 -5.2028978914834205 -5.241853172720545 -5.319140450695 -5.445978846403079 -5.5534954226175435 -5.745778690803991 -5.72521030231079 -5.537913310122693 -4.966673066061496 -4.1900605793181755
-8.899286617511718 -8.361080451939603 -8.595435423862146 -8.596370350611837 -8.899286617511718 -9.002751844477523 -9.169792090422314 -9.332780987118444 -9.486108974067767 -9.672471039506172 -9.650032797513589 -9.741967261233203 -9.495769883814575 -9.37267119510526 -9.055419384710115 -8.88463943176656 -8.678332262334747 -8.397230952927654 -8.23985161672967 -8.06533195678735 -8.113948147771282 -7.941298341328345 -7.884579451847092 -7.795761410626447 -7.706943369405803 -7.5028176957232695 -7.168737203833686 -6.762355709968 -6.191115465906803 -5.6853200943239734 -5.338773912438512 -5.115949703762158 -4.897176844334465 -4.703958649398325 -4.649109613416455 -4.745718710884524 -4.851365433599606 -4.907149396331169 -5.033052865289556 -4.893437137335701 -4.747900206633803 -4.341518712768117 -3.8132850991927043
-9.103412291194253 -8.627846217851433 -8.760605816307555 -8.567075979121519 -8.941046678997917 -9.125850533186837 -9.255493709143988 -9.255493709143988 -9.250819075395533 -9.339637116616178 -9.320938581622357 -9.445907123831054 -9.245832799397181 -9.084713756200433 -8.65714058934175 -8.372922857435688 -8.14137266576222 -7.920729952835144 -7.815083230120061 -7.694166037160025 -7.783919005130361 -7.589765883444532 -7.582909753946797 -7.451085082240367 -7.333907596279095 -7.128535353596973 -6.798506210956052 -6.374672751096135 -5.741104057055537 -5.215675223729198 -4.792776690618971 -4.593637292934789 -4.361152174511628 -4.148300517831978 -3.9996471646311096 -3.9569521763952205 -3.9276578049049027 -3.9753390691391437 -4.0027635871300795 -4.057300980862054 -3.9821951986368775 -3.84070961718364 -3.523146164538599
-9.401030639845887 -8.604161406859262 -8.826050688785925 -8.577048531118223 -8.731311444817237 -8.95008430424493 -9.120864257188485 -9.095621234946828 -8.939176825498535 -8.96566641673978 -8.953824011243693 -9.096556161696519 -8.968471196988853 -8.756554467058894 -8.306543058207629 -7.962801656571239 -7.728135042398799 -7.525255937715853 -7.411818158753345 -7.299626948790426 -7.373797804265911 -7.235117003061747 -7.30648307828816 -7.17154198408276 -7.027251622380449 -6.804427413704095 -6.427651933578624 -5.97234260647911 -5.402972215917293 -4.933327345322517 -4.4596311254790795 -4.267347857292631 -3.9762739958888345 -3.7331930409691756 -3.5758137047711918 -3.455831438560847 -3.4256021403208385 -3.4178110840734135 -3.272274153371515 -3.335849172350503 -3.3221369133550347 -3.4371329035670275 -3.6275463182540935
