static/data/ASCData/20210105/ASCV/03.asc
ncols 97
nrows 97
xllcorner 99.0
yllcorner 2.0
cellsize 0.25
NODATA_value -32767
[rows 57 to 75 of 97, columns 0 to 42 of 97]
-1.5779538194985463 -1.677463590577621 -2.6237451872541047 -5.703854233579047 -8.050469872956345 -8.42848183353346 -7.639287988686208 -6.853223381923202 -6.162913460538175 -6.0095807944100414 -5.8775269472547915 -5.908819328097268 -5.617800186262238 -4.962537731420784 -3.5221494412415995 -1.8971361040918047 -1.04473164994275 -1.7331640284772287 -1.8943197898159816 -2.4284807307970526 -2.9000569100931703 -3.1901372805029258 -3.681427659729804 -3.978392353924904 -3.958678153994144 -3.8757533447615815 -3.841644649643283 -3.555319364934624 -3.2145453375600574 -2.992995281195325 -2.553337330358533 -2.0504687702199385 -1.5222533815989383 -1.575763352839573 -1.7506877617490155 -1.8924422469654332 -1.8257894757709585 -2.0955297986331045 -2.591514034986354 -2.6306295110394493 -2.9764103193488127 -5.790847052321132 -9.08092797409909
-1.6912322381483105 -1.6227019241032874 -3.406054708316012 -6.5690885638735175 -8.4087676336027 -8.753609670486789 -7.873667921196355 -7.128596333336994 -6.421701450105454 -6.069036318010746 -5.7467247953332405 -5.44318870116122 -5.057353645373487 -4.20870427692553 -2.7899077295276538 -1.7635176378944306 -1.02501745001199 -0.41074801407417993 -0.9715074787713553 -1.9118435230877684 -2.4782356163365895 -2.984233414559432 -3.7818762022341526 -4.0816572107050755 -3.9605556968446924 -3.827876002072593 -3.682366431155078 -3.412000260676083 -3.155089813959352 -2.9019344529437188 -2.394372035678753 -1.5338315625106547 -0.9949767644032126 -0.6354273085231599 -0.7155358034798991 -1.0437928785174755 -1.314159048996471 -2.105230436694272 -3.4285852225225955 -3.8394541829843094 -5.549582796025639 -8.334604691006032 -9.18732206896351
-1.442144886642199 -2.197855883988002 -4.490961552124666 -7.448091541738677 -9.26743056392025 -8.866888089136554 -7.999776215991535 -7.303520742246437 -6.647319515979708 -6.080927422730888 -5.534875377029676 -5.105230988062476 -4.32104392415002 -3.4705170128515137 -2.749853482049284 -1.741925895113122 -1.1364183258112055 -0.28776895736324803 -1.1861732113507428 -1.5563620767172375 -1.821095618644587 -2.628751968188901 -3.418571660653003 -3.6188428980448513 -3.498680155609742 -3.2868307373061776 -3.224245975621225 -3.122858661691602 -2.7899077295276538 -2.468534978275422 -1.8092045139244461 -0.9549225169248428 -0.4705164614833097 -0.11691255796332722 -0.07404199620913454 -0.47239400433385814 -1.1414251067460017 -2.460711883064803 -4.101371410635836 -6.001757699199422 -7.698117664670063 -8.395311909840435 -9.177621430902343
-1.3826893630414938 -3.1666679948710685 -6.3171848980915835 -8.87189487007135 -8.923527298461435 -8.523297747486163 -7.987885111271394 -7.26628280904389 -6.653890915956628 -5.970465318356946 -5.366835291905578 -4.674647827670002 -3.841644649643283 -3.0574575857308264 -2.3355423596948977 -2.3073792169366687 -1.8170276091350652 -1.5591783909930603 -2.31332476929674 -1.752565304599564 -1.4302537819220582 -2.328970959717978 -2.8944242815415246 -3.0953213665502224 -2.853118338829456 -2.617799634894034 -2.6725613013683676 -2.625622730104653 -2.2185088553440364 -1.7147015237801677 -1.0728947927009784 -0.5944342896195156 -0.10908946275270814 -0.0759195390596834 -0.020219101160075414 -0.5897404324931443 -1.4518455247033666 -3.0252264334630756 -5.325842273001934 -7.4509078560145 -8.52705283318726 -9.225185849782907 -8.840602489228873
-1.9403195896544219 -4.659001637248764 -7.710634617007054 -8.566168309240357 -8.573991404450975 -8.163748291606112 -7.650240321981074 -6.943971286366384 -6.339715412298166 -5.545514786516118 -4.952837093359617 -4.190241772228468 -3.472394555702062 -2.7811458628917602 -2.6325070538899977 -2.707608767911941 -2.7232549583331793 -2.8697033006759685 -2.73514606305332 -1.6599398573058342 -1.6784023620028952 -2.9742198526898393 -3.426394755863622 -2.899118138667896 -2.573051530289293 -2.3953108071040274 -2.351188550116136 -2.142468369896819 -1.7409871236878478 -1.173656259013752 -0.6795495655110515 -0.2946532811485927 -0.33971430956175874 -0.3835236427412254 -0.8250591364285662 -1.5291377053842832 -2.685391177513783 -4.239996657768006 -6.592557849505376 -8.067993606228132 -8.823078755957088 -8.511406642766023 -8.027000587324489
-2.539881606596268 -5.790847052321132 -7.782920016753174 -8.281094719765397 -8.097408444220061 -7.719396483642947 -7.117018152425278 -6.367878555056395 -5.599337681565177 -4.98788455990319 -4.43338357137451 -3.767168783238189 -3.280885184946107 -3.0583963571561004 -3.010519014467112 -2.8894175006067284 -2.7545473391756556 -2.7664384438957965 -2.2585631028224062 -1.7303477142014059 -3.756529373751747 -4.611124294559775 -3.850406516279176 -3.101266918910293 -2.7282617392679755 -2.5974595873464246 -2.310195531212492 -1.9431359039302447 -1.4881446864806391 -0.9646231549860107 -0.5759717849224546 -0.5916179753436928 -0.7477669557476498 -1.3191658299312672 -2.0817611510624148 -3.13850485211284 -4.536022580537832 -5.847486261646014 -7.092610095368146 -8.229149367566887 -8.417842424047018 -8.060170511017514 -7.568254284173786
-2.772071072447442 -6.425456535806552 -7.702811521796435 -7.678403464739303 -7.385506780053724 -6.946161753025358 -6.344409269424538 -5.690085586008358 -4.920605941091866 -4.666824732459383 -4.279112133821101 -3.7731143355982595 -3.494925069908645 -3.2840144230303547 -3.036804614374792 -2.7019761393602955 -2.386548940468134 -2.431297045072875 -3.034927071524243 -3.8913995351828197 -5.890356823400207 -6.199838469932297 -4.870851055552328 -3.6238496789796475 -3.1140967950557084 -2.6569151109471294 -2.294549340791254 -1.9362515801449 -1.4149205153092446 -0.996854307253761 -1.0319017737973346 -1.5125527435377708 -2.240100598125345 -3.0142741001682087 -3.868869020976237 -4.833613122349782 -5.803364004658123 -6.912678905523908 -7.723464493152469 -8.108986625131777 -8.060170511017514 -7.639287988686208 -7.158949942754196
-3.070913309493091 -6.463633240434373 -7.134541885697065 -6.848529524796831 -6.516204440249733 -6.047444575229438 -5.4409982345022465 -4.963476502846058 -4.592661789862714 -4.521315161541868 -4.191180543653743 -3.8591683829150694 -3.5515642792335274 -3.251783270762604 -2.936356071870443 -2.7467242439650366 -2.9235261957250276 -3.2380146231919147 -4.234051105407936 -5.419719415529363 -6.673605115887389 -7.12765756191172 -6.587551068570579 -5.471351843919448 -4.118895143907623 -2.7241937297584533 -2.1443459127473674 -1.8395581233416483 -1.4108525057997228 -1.2828666681539946 -2.0066594370404713 -3.05245080479603 -3.9909093062618943 -4.601423656498607 -5.210686311501621 -6.000818927774148 -6.77812166790126 -7.613941160203802 -7.93437514003076 -7.799504978599686 -7.6208254839891465 -7.302581970821162 -6.9117401340986335
-3.3581773656270237 -6.468640021369168 -6.614149592286683 -6.090628060792055 -5.471351843919448 -5.005721216983401 -4.6442942182528 -4.3413839716976295 -4.336690114571258 -4.3473295240577 -4.018446601403274 -3.787821754594223 -3.5593873744441464 -3.5262174507511213 -3.416694117802454 -3.655142059822124 -4.060378391732192 -4.706878979937753 -5.572113310232222 -6.498680706977947 -6.950855610151729 -7.307275827947533 -6.8748151247045115 -5.480113710555342 -3.4664490033419915 -2.294549340791254 -1.8961973326665302 -1.756633314109086 -1.6493004478193922 -2.262318188523503 -3.575033564865384 -4.63834866589273 -5.151230787900916 -5.308318539730148 -5.935417851813373 -6.576911659084137 -7.0437939812538835 -7.438077979869085 -7.311343837457056 -7.132664342846516 -6.927386324519872 -6.720543687151103 -6.63167332555847
-3.7067744882122096 -6.040873175252518 -6.069975089436021 -5.478236167704794 -4.934374588662555 -4.568253732805583 -4.201819953140185 -4.197126096013814 -4.12265022960872 -3.9411544207223574 -3.599441621922516 -3.5065032508203613 -3.7702980213224366 -3.861045925765618 -4.265343486250412 -4.596416875563811 -5.228210044773408 -6.0271045276818285 -6.774053658391738 -7.052555847889777 -7.260337256683819 -7.2575209424079965 -6.692067620584449 -4.723463941784265 -2.6500307871617848 -2.0924005605488567 -1.925612170658458 -2.0817611510624148 -2.5827521683504604 -3.7086520310627584 -4.990075026562163 -5.793663366596955 -5.747663566758515 -5.998628461115175 -6.373824107416466 -6.769359801265367 -6.818175915379629 -6.7458905156335085 -6.58567352572003 -6.517456135483432 -6.39510292638935 -6.505565030763291 -6.472395107070266
-3.922691916025296 -5.213502625777444 -4.319166381299471 -3.9089232684546067 -4.784797008235518 -4.483138456914046 -4.2741053528863056 -4.199942410289636 -3.9176851350905 -3.592557298137171 -3.2643002230995948 -3.2605451373984975 -3.599441621922516 -4.316037143215223 -4.740987675056052 -5.267325520826503 -5.85311889019766 -6.401987250174694 -6.888270848466776 -6.897345638911094 -6.669537106377867 -6.571904878149341 -5.76049344290393 -3.8112910402260805 -2.3856101690428595 -1.9978975704045783 -2.8190096437111567 -3.6648426978832913 -4.2662822576756865 -4.904959750670628 -5.790847052321132 -5.652221805188962 -5.626562052898132 -5.978288413567565 -6.226436993648402 -6.314055660007336 -6.304355021946169 -6.2039064794418195 -6.160722993879202 -6.156029136752831 -6.255538907831905 -6.357239145569953 -6.3171848980915835
-4.025018001380194 -4.209643048350804 -3.0953213665502224 -2.6922755012991275 -3.587550517202375 -4.611124294559775 -4.412730600018476 -4.111072048697004 -3.7975223926553907 -3.424517213013073 -3.21079025185896 -3.1804366424417583 -3.480217650912681 -4.193996857929566 -4.811395531951623 -5.335542911063102 -5.591514586354558 -5.94511848987454 -6.000818927774148 -5.870955547277871 -5.591514586354558 -5.228210044773408 -4.430254333290262 -3.592557298137171 -2.207869445857594 -2.9645192146286714 -4.261588400549314 -5.333665368212553 -5.221325720988063 -5.364957749055029 -5.156863416452562 -5.030129274040533 -5.200046902015179 -5.534875377029676 -5.681323719372465 -5.80649324274237 -5.888479280549658 -5.958574213636805 -5.9889278230540075 -6.128491841611451 -6.229253307924225 -6.227375765073676 -6.188260289020581
-3.8394541829843094 -3.643250955101983 -2.542697920872091 -2.1168086176059884 -3.2790076420955585 -4.303520190878233 -4.329805790785913 -3.995916087196691 -3.7205431357828993 -3.4069934797412866 -3.3209394324244768 -3.285891965880903 -3.520271898391051 -3.776243573682507 -4.39332932389614 -4.686226008581718 -4.916850855390768 -4.9656669695050315 -4.8523885508552675 -4.678402913371099 -4.4158598381027225 -4.0447322013109535 -3.981208668200727 -3.141321166388663 -3.494925069908645 -4.417737380953271 -5.435365605950601 -5.792724595171681 -5.068931826285203 -4.69686541806816 -4.525070247242965 -4.78291946538497 -4.952837093359617 -5.01354431219402 -5.197856435356206 -5.39124334896271 -5.568984072147975 -5.825894518864706 -5.929472299453302 -6.04368948952834 -6.062151994225402 -6.060274451374854 -6.125675527335629
-3.2283139851307467 -2.891295043457277 -2.040768132158771 -1.7704019616797755 -2.9157031005144085 -4.063194706008015 -4.146119515240577 -3.9411544207223574 -3.677359650220282 -3.4761496414031594 -3.494925069908645 -3.4714557842767877 -3.5406119459386605 -3.689250754940423 -3.767168783238189 -4.00373918240731 -4.176473124657779 -4.177411896083053 -4.160826934236541 -4.005616725257858 -3.77905988795833 -3.804406716440736 -3.9527326016340734 -4.43338357137451 -5.125571035610085 -5.508589777121996 -5.871894318703146 -5.174700073532773 -4.495968333059462 -4.207765505500255 -4.25470407676397 -4.550417075725371 -4.706878979937753 -4.722525170358991 -4.872728598402877 -4.936252131513104 -5.190033340145587 -5.607160776775796 -5.688208043157809 -5.641269471894095 -5.682262490797739 -5.771132852390371 -5.8787786424884905
-2.559282882718603 -2.2760868360941924 -1.6539943049457637 -1.3473289726894957 -2.0992848843342014 -3.269307004034391 -3.8375766401337605 -3.7956448498048423 -3.7017677072774133 -3.55438059350935 -3.5778498791412074 -3.6207204408953997 -3.6939446120667943 -3.689250754940423 -3.6501352788873276 -3.7127200405722802 -3.9079844970293323 -4.103248953486385 -4.180541134167301 -4.109194505846455 -4.141425658114206 -4.3132208289394 -4.6198861611956685 -5.125571035610085 -5.371842072840375 -5.435365605950601 -5.229148816198682 -4.672457361011029 -4.246880981553351 -4.07007902979336 -4.192119315079017 -4.536022580537832 -4.692171560941789 -4.632403113532659 -4.760388951178387 -4.751627084542494 -4.938129674363653 -5.195040121080383 -5.296740358818431 -5.267325520826503 -5.245733778045195 -5.2907948064583605 -5.340549691997898
-2.356195331050932 -1.9772445990485439 -1.7028104190600266 -1.265342934882208 -1.5798313623490947 -2.527051730450853 -3.32312989908345 -3.493986298483371 -3.4608163747903458 -3.4314015367984183 -3.4733333271273366 -3.6050742504741615 -3.6961350787257676 -3.7371280976294114 -3.730243773844067 -3.745889964265305 -3.989031763411346 -4.342635666931328 -4.555423856660167 -4.705940208512478 -4.888374788824115 -5.1333941308207045 -5.269203063677052 -5.233216825708205 -5.0945915785760345 -4.836742360434029 -4.545723218598999 -4.4080367428921035 -4.265343486250412 -4.246880981553351 -4.363914485904212 -4.603301199349156 -4.71063406563885 -4.633654808766358 -4.563246951870786 -4.593600561287988 -4.884619703123018 -4.9390684457889265 -4.880551693613496 -4.719395932274743 -4.684348465731169 -4.676525370520551 -4.646171761103348
-3.0865594999143293 -2.2986173503007756 -2.1355840461114743 -1.4039681820143781 -1.1548808305082665 -1.9831901514086143 -3.036804614374792 -3.101266918910293 -2.9723423098392905 -3.053389576221304 -3.0095802430418375 -3.2408309374677375 -3.412000260676083 -3.6013191647730647 -3.854161601980273 -4.104187724911659 -4.524131475817691 -4.997898121772782 -5.361202663353932 -5.566167757872153 -5.605283233925247 -5.5426984722402945 -5.434426834525327 -5.170632064023252 -4.88931356024939 -4.615818151686146 -4.3970844095972375 -4.426499247589165 -4.399274876256211 -4.434322342799784 -4.447152218945199 -4.6198861611956685 -4.749749541691945 -4.654933627739242 -4.4158598381027225 -4.4080367428921035 -4.684348465731169 -4.757572636902564 -4.649300999187596 -4.454662390347393 -4.377683133474902 -4.356091390693593 -4.319166381299471
-4.169588800872434 -3.3005993848768673 -2.442249378367742 -1.6677629525164532 -1.2115200398331485 -1.9831901514086143 -3.1707360043805903 -3.408871022591835 -3.0055122335323157 -2.9000569100931703 -2.9275942052345494 -3.1560285853846266 -3.412000260676083 -3.692067069216246 -3.966501249204763 -4.418676152378546 -5.0025919788991535 -5.539882157964472 -5.836533928351147 -5.91288733760679 -5.922587975667957 -5.779894719026265 -5.471351843919448 -5.131516587970156 -4.739110132205504 -4.453723618922119 -4.340445200272355 -4.303520190878233 -4.291629086158092 -4.492839094975214 -4.594539332713262 -4.699994656152407 -4.741926446481326 -4.618947389770394 -4.475315361703428 -4.358281857352567 -4.324799009851117 -4.303520190878233 -4.340445200272355 -4.275044124311579 -4.242812972043829 -4.245003438702803 -4.310404514663578
-4.84925931277102 -4.30727527657933 -3.139443623538114 -2.2839099313048115 -1.8170276091350652 -2.14121667466312 -3.1256749759674247 -3.518394355540502 -3.037743385800066 -2.8434177007682884 -3.0796751761289842 -3.1998379185640933 -3.373823556048262 -3.7017677072774133 -4.1160788296318 -4.581709456567848 -5.0945915785760345 -5.534875377029676 -5.819948966504635 -5.97922718499284 -6.04368948952834 -5.848425033071289 -5.505460539037748 -5.0758161500705485 -4.6949878752176115 -4.375805590624353 -4.16865002944716 -4.022201687104371 -4.092609543999942 -4.2741053528863056 -4.472499047427605 -4.6217637040462165 -4.800443198656756 -4.755695094052015 -4.653994856313967 -4.464675952216986 -4.232173562557387 -4.07007902979336 -4.073834115494456 -4.097303401126314 -4.060378391732192 -4.002800410982036 -4.025956772805468
