static/data/ASCData/20210105/ASCV/06.asc
ncols 97
nrows 97
xllcorner 99.0
yllcorner 2.0
cellsize 0.25
NODATA_value -32767
[rows 19 to 37 of 97, columns 43 to 85 of 97]
-2.72061086326386 -1.9333342597778298 -1.500788079561374 -1.5828593857162883 -1.6354458152155482 -2.074071351443479 -2.740976705902302 -3.7322157035733223 -4.582717609578694 -5.0885200297334245 -5.796765005070278 -6.416859318240742 -6.867035630890475 -7.179514529880297 -7.19988037251874 -7.038777438214648 -6.81718491159638 -6.7889159061430195 -6.792867487550479 -6.882537988719737 -7.078901187890384 -7.360071403421109 -7.601421837076671 -7.936394353308952 -8.150995620514024 -8.455875324489503 -8.750724091046045 -8.974444392268332 -9.151049684401684 -9.30455342369143 -9.446202418758801 -9.562318118577977 -9.656852104556414 -9.716429793468873 -9.800628874227801 -9.792725711412885 -9.786950323201982 -9.673570333587971 -9.328870847737331 -8.65315042706187 -7.488953750864382 -6.16669381836854 -5.526233662559634
-2.6336760722997656 -1.7381869318094783 -1.5241936002055532 -2.2321346077418327 -2.9042074148104087 -3.430375677603582 -4.169625368598958 -5.019215371202608 -5.585811351472091 -5.964555230986992 -6.526287726447294 -6.924485545198916 -7.224501764365213 -7.222373989761197 -7.187417692695215 -7.11902493756612 -7.040905212818664 -7.013548110767026 -7.12875190718448 -7.258546158029475 -7.470411715029383 -7.729392281118224 -7.951896711138213 -8.122726615060664 -8.341583431473769 -8.541898212051876 -8.779904999901127 -8.918818284763333 -9.034022081180787 -9.13858700457816 -9.296650260876513 -9.434347674536426 -9.53587291992806 -9.592410930834777 -9.622807710892154 -9.628583099103055 -9.599402190247975 -9.440123062747325 -9.063202990035869 -8.295684293587133 -7.153981234632102 -6.223535797075833 -6.196178695024194
-2.739152899098859 -1.7925971681121804 -2.000815111505204 -3.1765625641244952 -3.989980398459868 -4.6541500427135265 -5.256614223450712 -5.751777770585362 -6.206817568044276 -6.565195604920735 -6.929349030008096 -7.1336153919936605 -7.181338336683741 -7.175562948472839 -7.178602626478576 -7.1910653063021 -7.220550182957755 -7.276176290462752 -7.413873704122664 -7.63364242393749 -7.780154903814041 -8.013298206854113 -8.199934436406398 -8.35131040109213 -8.530043467829499 -8.714551922777769 -8.790847840721781 -8.858024724648583 -8.946175386814971 -9.066242668041607 -9.227345602345697 -9.35227636838151 -9.475383327613883 -9.5076039144747 -9.515507077289618 -9.51641898069134 -9.505780107671258 -9.38449695524233 -9.003625301123412 -8.294772390185411 -7.358247596617666 -6.711708084797285 -6.647266911075649
-2.540661925324196 -2.0114539845252852 -2.5476531847373924 -4.181480112821335 -4.975444007919988 -5.507691626724635 -5.881572021430356 -6.275210323173371 -6.536014696065655 -6.867035630890475 -7.019323498977927 -7.082852769297842 -7.045768697627844 -7.097443223725383 -7.149117749822922 -7.240916025596196 -7.325115106355128 -7.4783148778443005 -7.645193200359293 -7.871953179587315 -8.042783083509766 -8.237018508076398 -8.39416986097303 -8.53095537123122 -8.586581478736218 -8.705736856561131 -8.765314545473586 -8.839482688813582 -8.88538182670022 -9.01639194874751 -9.174455205045863 -9.291786776067333 -9.400303280872164 -9.495749170252324 -9.490885685443143 -9.51733088409306 -9.5018285262638 -9.407902475886509 -9.075969637659966 -8.390522247366144 -7.678629658422405 -7.1822502400854615 -7.017499692174486
-2.6051030990458326 -2.40022880145912 -3.318211559191866 -4.7830323901568 -5.436259193589803 -5.830809398734539 -6.205905664642555 -6.46853384433828 -6.729338217230564 -6.860956274879 -6.926613319802932 -6.9372521928230135 -6.920533963791456 -7.002605269946371 -7.178602626478576 -7.271312805653572 -7.374661857848649 -7.528165597138397 -7.752797801762403 -7.97834190978813 -8.189295563386317 -8.30449935980377 -8.455875324489503 -8.582629897328758 -8.63855997263433 -8.66682897808769 -8.727318570401867 -8.77625738629424 -8.836746978608419 -8.985995168690135 -9.118829097540866 -9.249839219588154 -9.373858082222247 -9.470519842804702 -9.566269699985435 -9.592410930834777 -9.613080741273794 -9.52796975711314 -9.18235836786078 -8.546761696861054 -7.872865082989037 -7.383476924065288 -7.217510504952017
-2.5269833742983767 -2.7586068383355795 -3.722488733954962 -4.543809731105253 -4.815252977017618 -5.345372821218249 -6.35120227331681 -6.615046324214831 -6.664897043508928 -6.7889159061430195 -6.729338217230564 -6.765510385498841 -6.820224589602117 -6.9527545506522745 -7.142430458210299 -7.278000097266195 -7.3825650206635665 -7.54457985836938 -7.778027129210025 -7.971350650374934 -8.16680194614386 -8.253736737107953 -8.376843696340325 -8.510589528592778 -8.553448988473678 -8.581717993927036 -8.622753647004494 -8.648286942252689 -8.755587575855227 -8.920642091566776 -9.079921219067424 -9.283883613252415 -9.40881437928823 -9.525234046907979 -9.621895807490432 -9.679345721798873 -9.724332956283789 -9.602441868253713 -9.214578954721599 -8.605123514571217 -7.974390328380672 -7.447006194385203 -7.18620182149292
-2.3944534132482187 -2.607230873649849 -3.2498188040627705 -3.4647240390684164 -3.781154519465697 -5.513467014935537 -6.578874155946554 -6.63267645664811 -6.599239998584996 -6.62386139043147 -6.563371798117292 -6.615958227616552 -6.711708084797285 -6.883449892121458 -7.0184115955762065 -7.171611367065379 -7.372838051045207 -7.5564346025917555 -7.746718445750927 -7.902957895245839 -8.063148926148209 -8.188383659984597 -8.296596196988853 -8.359213563907048 -8.402073023787947 -8.462562616102124 -8.513325238797941 -8.593572738149414 -8.667740881489411 -8.833707300602683 -9.13858700457816 -9.368994597413067 -9.510643592480438 -9.637398165319695 -9.700015532237888 -9.741051185315346 -9.692112369422972 -9.524322143506257 -9.126732260355784 -8.613026677386134 -8.047646568318946 -7.629690842530032 -7.352168240606192
-2.076807061648643 -2.577745996994194 -2.9686485885320453 -3.3024052335620304 -4.452011455331978 -6.258492094141815 -6.857308661272116 -6.7518318344730215 -6.542701987678277 -6.473397329147461 -6.4393529354832 -6.540878180874834 -6.605319354596471 -6.819008718399822 -6.974336264493012 -7.181338336683741 -7.4001951530968455 -7.579840123235935 -7.768300159591664 -7.916636446271657 -8.030016435885669 -8.096585384211322 -8.156163073123778 -8.250697059102215 -8.338543753468032 -8.414839671412045 -8.519404594809417 -8.629744906417692 -8.769266126881046 -9.019431626753247 -9.333734332546513 -9.463528583391506 -9.590587124031336 -9.65320449094953 -9.696063950830428 -9.70092743563961 -9.626759292299614 -9.419757220108885 -9.102414836309883 -8.711816212572606 -8.286869227370493 -7.848547658943136 -7.542756051565936
-1.822993948169556 -2.6139181652624712 -2.906943125015573 -3.9705264592231475 -5.965467134388713 -7.212647020142837 -7.139390780204561 -6.653954202688272 -6.473397329147461 -6.433273579471725 -6.364880824342629 -6.527199629849015 -6.678575594534746 -6.860044371477279 -7.013548110767026 -7.202008147122756 -7.379525342657829 -7.5409322447624945 -7.717537536895847 -7.826965945102399 -7.937306256710674 -8.061325119344765 -8.11117583863886 -8.165890042742138 -8.265287513529756 -8.436421385252782 -8.602387804366053 -8.716679697381785 -8.944047612210955 -9.271116965628318 -9.381457277236592 -9.525234046907979 -9.65320449094953 -9.662019557166168 -9.631622777108793 -9.607305353062893 -9.522194368902241 -9.36595491940733 -9.152265555603979 -8.89906037772604 -8.66682897808769 -8.420615059622946 -8.12394248626296
-1.6579394324580061 -2.0983887754893797 -3.043728635273763 -5.776095194631263 -7.29380642289603 -7.307484973921849 -6.9527545506522745 -6.554556731900654 -6.387374441585088 -6.4217228030499225 -6.475221135950903 -6.651218492483109 -6.821136493003838 -7.005644947952108 -7.16188439744702 -7.315084168936194 -7.447918097786925 -7.583791704643394 -7.69990740446257 -7.774075547802566 -7.872865082989037 -7.970438746973213 -8.068012410957389 -8.18230430397312 -8.276230354350412 -8.440068998859667 -8.648286942252689 -8.85224933643768 -9.119741000942586 -9.354404142985526 -9.458665098582326 -9.536784823329782 -9.542864179341256 -9.572045088196337 -9.597578383444532 -9.580860154412976 -9.567181603387157 -9.567181603387157 -9.489061878639701 -9.333734332546513 -9.084784703876604 -8.72914237720531 -8.372892114932867
-1.450937360267278 -2.1461117201794595 -3.7547093208157802 -6.810193652183183 -7.424512577142746 -7.192281177504395 -6.685262886147369 -6.3846387313799235 -6.323845171265172 -6.4071323486223815 -6.524159951843278 -6.707756503389827 -6.864907856286459 -7.062182958858827 -7.234228733983574 -7.373749954446929 -7.483178362653481 -7.54457985836938 -7.624827357720851 -7.716625633494125 -7.802648521056499 -7.917852317473953 -8.075003670370585 -8.228203441859758 -8.405112701793685 -8.579894187123596 -8.773217708288504 -8.976268199071773 -9.184486142464797 -9.320055781520693 -9.415805638701425 -9.422492930314048 -9.49392536344888 -9.609129159866335 -9.654116394351252 -9.702751242443053 -9.759593221150345 -9.855343078331078 -9.790901904609441 -9.67661001159371 -9.514291206087323 -9.32795894433561 -9.195125015484878
-2.2974876848651906 -3.8182385911356955 -5.808315781492081 -7.274048515858736 -7.480138684647743 -6.914758575580555 -6.393453797596562 -6.2818976147859935 -6.2849372927917315 -6.46853384433828 -6.550605150493195 -6.685262886147369 -6.803506360570561 -6.987102912117109 -7.143342361612021 -7.29380642289603 -7.421776866937582 -7.491993428870119 -7.569201250215853 -7.643369393555851 -7.683493143231586 -7.879552374601659 -8.080779058581486 -8.28018193575787 -8.476241167127943 -8.71546382617949 -8.918818284763333 -9.063202990035869 -9.246799541582417 -9.34650098017061 -9.437387352542164 -9.437387352542164 -9.580860154412976 -9.688160788015512 -9.821906620267965 -9.913704896041239 -10.022221400846071 -10.108244288408443 -10.064168957325249 -10.026172982253529 -10.015534109233448 -10.431362060418348 -10.140464875269263
-3.8182385911356955 -5.750865867183641 -7.185289918091199 -7.4226887703393025 -6.9372521928230135 -6.445128323694101 -6.280985711384273 -6.17155730317772 -6.313206298245091 -6.460630681523362 -6.563371798117292 -6.644227233069912 -6.725386635823105 -6.882537988719737 -7.023275080385387 -7.140302683606283 -7.269185031049556 -7.367062662834305 -7.445182387581761 -7.543667954967658 -7.646105103761014 -7.876816664396495 -8.161026557932958 -8.39416986097303 -8.636432198030313 -8.87565485708186 -9.029158596371607 -9.170807591438978 -9.317016103514955 -9.397263602866428 -9.52128246550052 -9.572045088196337 -9.709742501856248 -9.835585171293783 -9.96963497134681 -10.097301447587789 -10.169645784124342 -10.299440034969336 -10.274210707521714 -10.461758840475722 -10.828951943568821 -11.288855225836915 -10.707668791139891
-5.238984091017435 -6.777973065322365 -7.172523270467101 -6.815057136992364 -6.420810899648201 -6.201042179833374 -6.037811470925267 -6.153015267342721 -6.294664262410092 -6.459718778121641 -6.597416191781553 -6.621733615827454 -6.696205726968024 -6.854268983266378 -6.993790203729732 -7.1111217747512026 -7.198056565715296 -7.295630229699473 -7.410834026116927 -7.516310852916019 -7.731216087921666 -8.03092833928739 -8.323041395638771 -8.563175958092039 -8.805438295149322 -9.005753075727428 -9.159864750618322 -9.290874872665611 -9.431307996530688 -9.488149975237981 -9.633446583912235 -9.699103628836166 -9.841664527305259 -9.968419100144516 -10.081799089758526 -10.208857630398358 -10.290928936553271 -10.475437391501542 -10.501578622350884 -11.01741197992455 -11.449046256739285 -11.964575646512376 -11.375790016801009
-6.245725446517717 -6.615046324214831 -6.582825737354013 -6.311382491441648 -6.135385134909443 -5.936286225533633 -6.012582143477646 -6.128697843296821 -6.313206298245091 -6.502578238002541 -6.655170073890567 -6.698029533771467 -6.7819246467298235 -6.916886350184572 -7.071909928477188 -7.222373989761197 -7.309308780725292 -7.442142709576023 -7.5710250570192965 -7.725440699710765 -7.972566521577229 -8.317266007427868 -8.571991024308677 -8.779904999901127 -8.938272224000054 -9.13858700457816 -9.266253480819138 -9.398175506268148 -9.51641898069134 -9.568093506788877 -9.70579092044879 -9.740139281913624 -9.884523987186158 -9.982097651170335 -10.095477640784345 -10.200042564181718 -10.296704324764173 -10.603407835543093 -10.727426698177187 -11.322899619501175 -11.569113537965919 -12.03691998304893 -10.456895355666543
-6.105292322652641 -6.249677027925175 -6.234174670095914 -6.106204226054363 -5.96364332758527 -6.0299083081103495 -6.113195485467559 -6.254540512734356 -6.427498191260823 -6.660033558699747 -6.777973065322365 -6.962785488071209 -7.019323498977927 -7.115985259560382 -7.309308780725292 -7.466460133621924 -7.610236903293311 -7.751581930560108 -7.931530868499772 -8.146132135704844 -8.386570665958686 -8.661965493278508 -8.876870728284155 -9.030070499773329 -9.189349627273977 -9.262605867212253 -9.362003337999871 -9.418845316707163 -9.514291206087323 -9.54955147095388 -9.680561593001169 -9.686336981212069 -9.733148022500428 -9.825858201675423 -9.922519962257878 -10.030124563660987 -10.145328360078441 -10.448080289449905 -10.712532275949073 -11.07972537904217 -11.118025321914462 -10.76329489864489 -9.025207014964149
-5.982185363420269 -5.922607674507813 -5.9186560931003545 -6.032947986116087 -6.146327975730099 -6.196178695024194 -6.316245976250828 -6.493763171785902 -6.706844599988106 -6.926613319802932 -7.10929796794776 -7.374661857848649 -7.4156975109261065 -7.590478996256016 -7.756749383169861 -7.898094410436658 -8.067100507555667 -8.240970089483856 -8.386570665958686 -8.586581478736218 -8.835835075206699 -9.02611891836587 -9.090560092087507 -9.284795516654135 -9.448026225562245 -9.457753195180604 -9.353188271783232 -9.386624729846346 -9.475383327613883 -9.4647444545938 -9.536784823329782 -9.437387352542164 -9.441034966149047 -9.480246812423061 -9.566269699985435 -9.670530655582233 -9.80458045563526 -10.020397594042628 -10.201866370985162 -10.268435319310814 -9.597578383444532 -8.63855997263433 -6.383422860177628
-5.729284153342904 -5.796765005070278 -5.968506812394451 -6.159094623354196 -6.401052992610906 -6.544829762282293 -6.725386635823105 -6.9156704789822765 -7.085588479503007 -7.284991356679392 -7.504760076494217 -7.750670027158387 -7.9011340884423955 -8.094457609607305 -8.252824833706232 -8.390522247366144 -8.53095537123122 -8.69114640213359 -8.8659278874635 -9.013352270741773 -9.126732260355784 -9.263517770613973 -9.294826454073071 -9.36595491940733 -9.482070619226505 -9.50274042966552 -9.368994597413067 -9.2203543429325 -9.241936056773238 -9.267469352021433 -9.232209087154878 -9.080833122469146 -9.072018056252507 -9.13858700457816 -9.22521782774168 -9.282059806448974 -9.317016103514955 -9.461704776588064 -9.365043016005608 -8.83857078541186 -7.5710250570192965 -5.7253325719354455 -3.7419426731916827
-5.528057469363077 -5.660891398213809 -6.004678980662728 -6.335699915487549 -6.689214467554828 -6.898344314349572 -7.076773413286368 -7.236052540787016 -7.416913382128401 -7.7087224706792075 -7.954024485742229 -8.180480497169679 -8.374715921736309 -8.489919718153763 -8.640383779437773 -8.815165264767682 -8.946175386814971 -9.051652213614066 -9.164728235427503 -9.270205062226596 -9.377809663629705 -9.305465327093152 -9.333734332546513 -9.395135828262411 -9.514291206087323 -9.638310068721417 -9.569005410190599 -9.264429674015695 -9.118829097540866 -9.020343530154967 -8.957726163236774 -8.850425529634238 -8.849513626232518 -8.881734213093335 -8.930369061185136 -8.989034846695873 -8.992074524701609 -8.947999193618415 -8.485056233344583 -7.520262434323479 -5.9517885833628945 -3.9519844233881485 -2.1649577238150326
