static/data/ASCData/20210105/ASCV/09.asc
ncols 97
nrows 97
xllcorner 99.0
yllcorner 2.0
cellsize 0.25
NODATA_value -32767
[rows 76 to 94 of 97, columns 43 to 85 of 97]
-4.687822147583773 -4.615461642547189 -4.623464647712525 -4.573445865429171 -4.597121422376626 -4.752179647455021 -5.059961887771923 -4.955255903525436 -4.904570204144971 -4.3090132364245095 -3.429016126786045 -2.764099780966 -2.349944263659834 -2.0431623989885996 -1.7787297699839377 -1.573652762622189 -1.5666501331025193 -1.5756535139135228 -1.735713617220254 -1.9671338499179023 -2.245571737961903 -2.504335571641118 -2.7150813743283138 -2.779772332748118 -2.687737773346748 -2.5843656232944836 -2.117523655316518 -1.5276354829215038 -0.7826890854480935 -0.8870616111460241 -1.5363054051839518 -2.3772878646414006 -2.900817785873833 -3.3019684197863275 -3.429016126786045 -3.631092007210793 -3.641095763667464 -3.4983755048856287 -3.3489860751326797 -3.1752541713351654 -2.9358309334721806 -2.7717693275827813 -2.659393796719514
-4.408383883894105 -4.312014363361511 -4.261995581078158 -4.1859670320074605 -4.177964026842123 -4.126277951815992 -4.416386889059442 -4.372370360650091 -4.316682783041291 -4.225982057834143 -3.566734507339545 -3.0442049617527793 -2.696741154157751 -2.429974315313199 -2.273915714589137 -2.0715063756158334 -1.8937729692356506 -1.894773344881318 -1.992476699608135 -2.2268980592427847 -2.499333693412783 -2.723084379493651 -2.932829806535179 -3.1185662180806983 -3.0228636146452157 -2.5490190171475806 -2.073507126907167 -1.4816182032208185 -0.7189985026739567 -0.5482677258134436 -1.3012171284521905 -2.3129303647701525 -3.344984572550011 -3.749469791948063 -4.034576850963178 -4.2299835604168115 -4.153621552797558 -3.999230244816274 -3.8538423176459937 -3.6164198310743427 -3.326644352379448 -2.9778467105901973 -2.8598023844014833
-4.192636202978574 -4.028574597089175 -3.912531022191795 -3.8508411907089926 -3.816828418756312 -3.6574352325466926 -3.177921839723611 -3.1332383942171487 -2.959173031871079 -2.9301621381467338 -3.103894041944248 -3.0345346638446644 -2.8381275787453637 -2.703410325128865 -2.564691568929698 -2.4836611416306655 -2.304927359604816 -2.254241660224351 -2.329603292197937 -2.4866622685676667 -2.6477227475200644 -2.791443381947567 -2.844129832619366 -3.011192565445766 -2.6380524496119495 -2.1635409350172035 -1.647680560401552 -1.0637946418805395 -0.7153304586398441 -0.6673124276478246 -1.226855872124272 -2.0775086294898357 -3.263954145250979 -4.279668884151609 -4.564775943166723 -4.578447743657507 -4.490414686838805 -4.333355710469075 -4.199638832498244 -3.859844571519996 -3.47970182616651 -3.0882214901621303 -2.599037799430934
-4.15662267973456 -4.052250154036629 -3.8791851673362263 -3.82549834101876 -3.7768133929296295 -3.4650296500300595 -2.8724738092465993 -2.339273590106052 -2.089179678689285 -1.8927725935899837 -2.2679134607151346 -2.5610235248955853 -2.5580223979585845 -2.4953321908301147 -2.4633201701687684 -2.392960416423518 -2.38429049416107 -2.370618693670287 -2.4396446132213145 -2.551019768438915 -2.641053576548951 -2.5833652476488167 -2.512005118257899 -2.201555209552552 -1.8010714927371692 -1.1701679188698044 -0.67698272555594 -0.592951171319906 -0.6029549277765769 -1.2648701466596202 -1.381247180105556 -1.8811015443905346 -3.2826278239700972 -4.347027510959858 -4.630133818683639 -4.599789090765071 -4.579448119303174 -4.354697057576639 -4.129279078752993 -3.5940781083211117 -3.1652504148784946 -2.563691193284031 -2.0004797047734715
-4.166292977642675 -4.242654985261928 -4.093265555508979 -4.0715907498528585 -4.046247900162626 -3.9075291439634596 -3.6274239631766805 -3.0685474357973446 -2.3372728388147177 -1.8841026713275357 -1.846088396792187 -2.0121507539729206 -2.0158187980070332 -1.942791375873337 -1.930119951028221 -1.9164481505374376 -1.948460171198784 -1.9944774508994692 -2.080509756426837 -2.1652082277599822 -2.316598408804265 -2.0941815569176203 -2.03849397930882 -1.649681311692886 -0.979763087644506 -0.24448698807921065 0.09530727289903673 0.01227609430867016 -0.5959522982569072 -1.3989204831790074 -1.4506065582051395 -1.855758694700302 -3.1282365159888132 -3.722126190966496 -3.996562576427829 -4.331354959177741 -4.492415438130139 -4.1409501279524425 -3.731796488874611 -3.124235013406145 -2.425972812730531 -1.8754327490650877 -1.5072945114596066
-4.067589247270191 -4.21697867702314 -4.27266625463194 -4.250324531878708 -4.245322653650373 -4.230650477513922 -3.971886643834708 -3.3323131477048955 -2.499333693412783 -1.9504609224901182 -1.890104925201538 -1.895773720526985 -1.6673546147663374 -1.4262640841605743 -1.371576882197441 -1.4536076851421407 -1.4759494078953717 -1.3822475557512233 -1.2785419471504036 -1.3412321542788734 -1.4202618302865715 -1.508294887105274 -1.7230421923751376 -1.4582761048219202 -0.8850608598546899 -0.3225162884412418 -0.10276710494304275 -0.44256136592129014 -0.9094033338992555 -1.4319328794860207 -1.8637616998656386 -1.8744323734194208 -1.939790248936336 -2.052165779799603 -2.2659127094238003 -2.9181576303987287 -3.8234975897274257 -3.9612159702809255 -3.285628950907099 -2.6273817760581677 -1.9584639276554547 -1.530636609858505 -1.314888928942974
-4.095933223897424 -4.182965905070459 -4.154621928443226 -4.051249778390962 -4.01190166966139 -3.8305002192470954 -3.435018380660048 -2.9174907133016177 -2.4253058956334197 -2.1732112329253184 -2.1185240309621856 -1.942791375873337 -1.7307117389919187 -1.543308034703621 -1.3762453018772205 -1.371576882197441 -1.3215580999140877 -1.141823942242571 -0.927076636972707 -0.874390186300908 -0.883060108563356 -1.446605055622471 -1.564649381811185 -1.0824683205996584 -0.6966567799207253 -0.5812801221204569 -0.5766117024406774 -0.7640154067289746 -1.1458254448252392 -1.275874278761958 -1.887103798264537 -2.069505624324499 -1.8654289926084173 -1.7260433193121392 -1.6956985913935712 -1.948460171198784 -2.4309746909588665 -3.0952241196818 -3.262953769605312 -2.5706938228037 -1.8607605729286374 -1.4739486566040378 -1.3442332812158746
-4.007233249981611 -3.915532149128796 -3.8615118642627744 -3.8204964627904245 -3.68777996046526 -3.51604880795908 -3.2689560234793142 -2.8811437315090473 -2.5940359212025985 -2.38429049416107 -2.0745075025528346 -1.7407154954485895 -1.508294887105274 -1.3038847968406362 -1.1371555225627912 -1.0141093181457417 -0.9670916627993895 -1.015109693791409 -1.0177773621798543 -1.2348588772896085 -1.4709475296670367 -1.798070365800168 -1.349902076541321 -0.7306695518734059 -0.5209241248318772 -0.5892831272857935 -0.4272222726877284 -0.10276710494304275 -0.05508253249957917 -0.34419109409736137 -1.1058104189985567 -1.714038811564134 -1.9858075286370211 -2.12052478225352 -2.1291947045159674 -2.1241928262876324 -2.214226634397668 -2.250240157641683 -2.8958159076454977 -2.5520201440845818 -1.9631323473352342 -1.631341091522323 -1.5179651850133888
-3.8431716440922115 -3.7874840664834113 -3.6857792091739263 -3.6037484062292267 -3.4623619816416142 -3.2816274483244303 -3.051207591272449 -2.773770078874115 -2.4836611416306655 -2.1925518287415486 -1.7924015704747212 -1.384248307042557 -1.2895460792527413 -1.067796144463208 -0.840043955799672 -0.67698272555594 -0.7533447331751928 -0.9340792664923763 -1.5062941358139397 -1.846088396792187 -1.9534620494271193 -1.2688716492422887 -0.9210743830987047 -0.809032310783993 -0.6703135545848262 -1.0481220900984223 -0.9877660928098426 -0.7376721813930751 -0.592951171319906 -0.6429699536032594 -0.7189985026739567 -1.1848400950062548 -1.781730896920939 -2.0131511296185876 -2.695740778512084 -3.004189935926097 -2.8304580321285826 -2.3342717118777165 -2.512005118257899 -2.3002589399250364 -1.9047771013379884 -1.8234132154904001 -1.7307117389919187
-3.72879536193761 -3.706453639184379 -3.6360938854391285 -3.538390530712311 -3.361657499977796 -3.1419083164795962 -2.853800130527481 -2.5773629937748144 -2.261244289744021 -1.9114462723091021 -1.4582761048219202 -1.0091074399174067 -0.8490473366106754 -0.593951546965573 -0.38887453960382423 -0.5129211196665406 -0.636967699729257 -1.2485306777803915 -1.683027166548455 -1.6663542391206705 -1.5286358585671707 -0.6222955235928067 -0.6606432566767109 -0.8127003548181055 -1.3742445505858867 -1.7287109877005844 -1.4886208327404882 -1.1711682945154718 -0.8627191371014589 -0.7113289560571756 -0.38620687121537856 -0.29217156052267423 -0.624296274884141 -0.5989534251939084 -1.2775415715047367 -2.2815852612059175 -2.2659127094238003 -1.9261184484455525 -1.8490895237291882 -1.8227462983932887 -1.960131220398233 -1.9094455210177683 -1.948460171198784
-3.6517664372212457 -3.650766061575579 -3.6467645589929103 -3.5617326291112095 -3.353987953361015 -3.027532034324995 -2.7337550530474326 -2.3646164397962846 -2.0431623989885996 -1.467946402730035 -0.9877660928098426 -0.496581650787312 -0.13811371108994575 0.14599297227950192 0.30438578284345397 0.15499635309050586 -0.8207033599834421 -1.442603553039803 -1.3245592268510888 -1.028781494282192 -0.7306695518734059 -0.28750314084289474 -0.4242211457507272 -0.6663120520021577 -1.2288566234156058 -1.2885457036070744 -1.0384517921903074 -0.5686086972753408 -0.4982489435300903 -0.49724856788442295 -0.20647271354386199 -0.05975095217935866 -0.17812873691662823 -0.13011070592460872 0.2740410549248864 -0.6486387489287062 -1.067796144463208 -1.1261513904604534 -1.187841221943256 -1.4192614546409046 -1.7063692649473534 -1.9407906245820028 -1.98280640170002
-3.575404429601993 -3.5550634581400957 -3.5170491836047475 -3.46036123035028 -3.2532834716971966 -2.9251602599183983 -2.522675791811681 -2.153537178560533 -1.652682438629887 -1.0384517921903074 -0.43489181930450904 0.0796347211169195 0.5241349663416539 0.9089461313749192 1.0563348098365344 0.6218383210684708 -0.3538613920054763 -0.8627191371014589 -0.7143300829941772 -0.4202196431680587 -0.162456185134511 -0.1224411593078285 -0.20147083531552656 -0.2571584129243263 -0.24448698807921065 -0.3041760682706789 -0.28650276519722695 0.22802377522420159 -0.12744303753616393 -0.3108452392417931 -0.3245170397325756 -0.49258014820464346 -0.7023255752461721 -0.47490684513119197 -0.0697547086360295 0.4781176866409682 0.16166552406161916 -0.4809090990051943 -0.8197029843377748 -1.1321536443344558 -1.446605055622471 -1.7073696405930203 -1.8754327490650877
-3.502377007468297 -3.4340180050143805 -3.240612046852081 -3.1772549226264997 -3.0061906872174307 -2.6583934210738467 -2.2345676058595654 -1.746384290774036 -1.2101829446964874 -0.6486387489287062 0.0076076746288906705 0.49379023842308634 0.8952743308841358 1.316099019161416 1.4958331768329334 1.0796769082354327 0.5544796942602215 0.1256520008176052 0.003606172046222156 -0.06275207911635938 -0.002396081827780172 -0.05408215685391138 -0.04541223459146426 0.1333215474343854 0.21168430634497248 0.24269595136065192 0.18233995407207182 0.0739659257914731 -0.1654573120715117 -0.16145580948884408 -0.4642361715774097 -0.7376721813930751 -0.624296274884141 -0.3705343194332613 -0.14478288206105905 0.48612069180630524 0.26837225959944 -0.44856361979529247 -0.8647198883927931 -1.0441205875157538 -1.2805426984417378 -1.4142595764125692 -1.59599448537542
-3.531721359741198 -3.3429838212586773 -3.113564339852363 -2.9251602599183983 -2.588367125877152 -2.178213111153654 -1.7250429436664718 -1.252198721814504 -0.7240003809022921 -0.15545355561484175 0.382415083205486 0.7595567016219702 1.0903475817892145 1.421471920505014 1.568860598966629 1.3201005217440844 0.9292871028368168 0.5261357176329877 0.36474178013203407 -0.047079527334242144 -0.23581706581676265 -0.3041760682706789 -0.3245170397325756 -0.2191441383889785 0.13932380130838773 0.25370008346298967 -0.010065628444560382 -0.2631606667983295 -0.267829086478109 0.023947143508119773 -0.21014075757797457 0.1686681535812884 0.4781176866409682 0.45077408565940225 0.3784135806228175 -0.12644266189049613 -0.6976571555663926 -1.2531990974601714 -1.32756035378809 -1.2602017269798407 -1.239527296969388 -1.2795423227960705 -1.3098870507146385
-3.5864085617043306 -3.2952992488152137 -2.974845583653196 -2.630382902995169 -2.3226006626782674 -1.8801011687448677 -1.340231778633206 -0.8127003548181055 -0.33918921586902595 0.1773380758437364 0.7185413001496208 1.2497407679988344 1.4168035008252344 1.5005015965127129 1.5485196275047315 1.3541132936967646 0.9059450044379185 0.20268092553396944 -0.44356174156695705 -0.5239252517688784 -0.6976571555663926 -0.5852816247031254 -0.23081518758842723 0.018278348182672488 0.20568205247097016 0.12365124952627049 -0.07742425525280971 -0.047079527334242144 -0.0590840350822468 0.2653711326624384 0.5464766890948853 0.9773051338288354 1.182382141190585 0.7368815203201837 -0.08542726041814674 -0.9504187353716054 -1.7180403141468026 -2.134196582744303 -1.8744323734194208 -1.5579802108400713 -1.3879163510766697 -1.344900198312986 -1.3919178536593382
-3.5480608286204265 -3.1829237179519465 -2.9368313091178475 -2.6800682267299667 -2.3529453905968354 -2.052165779799603 -1.5756535139135228 -0.9007334116368075 -0.1664576877171795 0.506461663268202 0.9322882297738175 1.3961290708147818 1.403131700334451 1.191052063453033 1.1186915584164483 1.0356603798260817 0.9646337089837198 0.7115386706299516 0.2203542286074205 -0.34018959151469375 -0.5375970522596614 -0.4672372985144113 -0.48657789433064114 -0.46990496690285655 -0.34885951377714175 -0.2248129337144249 -0.1644569364258448 -0.14378250641539214 -0.23481669017109574 -0.039409980717461046 0.17333657326106877 0.5454763134492175 0.4654462617958526 -0.09309680703492784 -0.8450458340280074 -1.574653138267856 -2.1682093546969834 -2.3979622946518533 -2.104852230471402 -1.7737278917556027 -1.573652762622189 -1.4446043043311372 -1.4622776074045887
-3.406674404032814 -3.0765504409626816 -2.7894426306562328 -2.6790678510843 -2.697741529803418 -2.6127095999217174 -2.248239406350349 -1.4562753535305863 -0.4445621172126244 0.24769782958898734 0.2300245265155354 0.3640748630349231 0.6128349402574669 0.7702273751757529 0.7468852767768546 0.593494344441237 0.45177446130506915 0.49178948713175163 0.4187620649980559 0.1813395784264049 -0.364532065559259 -0.5209241248318772 -0.6936556529837241 -0.8450458340280074 -0.6576421297397097 -0.3168474931157954 0.07496630143714 0.15599672873617276 0.026948270445120492 -0.04607915168857524 -0.0677539573446948 -0.22881443629709342 -0.5736105755036762 -1.2338585016439412 -1.873431997773754 -2.3002589399250364 -2.685737022055413 -2.600038175076601 -2.220895805368782 -1.8470887724378544 -1.6740237857374516 -1.5286358585671707 -1.5599809621314056
-3.0932233683904657 -2.9044858299079457 -2.69374002722075 -2.555021271021583 -2.651724250102733 -2.7434253509555475 -2.2795845099145837 -1.40258852721312 -0.5109203683752064 -0.303175692625012 -0.4182188918767249 -0.32851854231524413 0.11398095161815558 0.4567763395334046 0.6501822976957046 0.5181327124676516 0.329728632533687 0.3403993060874688 0.4157609380610543 0.30238503155212015 -0.16045543384317718 -0.4358921949501764 -0.6066229718106895 -0.67698272555594 -0.5529361454932231 -0.29617306310534275 0.038619319644570105 0.28971360670700363 0.29838352896945164 -0.18012948820796204 -0.47490684513119197 -0.637968075374924 -1.328560729433757 -2.100850727888734 -2.6907389002837485 -3.0011888089890957 -2.747426853538216 -2.447647618386651 -2.1508695101720874 -1.9201161945715501 -1.6730234100917842 -1.480951286123707 -1.49929150629427
-2.601038550722268 -2.3979622946518533 -2.3626156885049503 -2.2689138363608015 -2.275583007331915 -2.3752871133500664 -1.9437917515190044 -1.1068107946442236 -0.936746934880822 -0.8353755361198925 -0.7043263265375064 -0.3928760421864923 0.07763396982558568 0.3687432827147026 0.5298037616671003 0.49679136536008706 0.33673126205335624 0.4050902645072725 0.4127598111240536 0.46244513485885097 0.30438578284345397 0.13732305001705392 -0.008064877153226568 -0.15178551158072917 -0.2074730891895289 -0.002396081827780172 -0.34219034280602756 -0.19846970837852496 0.08863810192792343 -0.259159164215661 -0.584281249057458 -0.7746860802827569 -1.3469009496043198 -2.6653960505935164 -3.316640595922778 -3.3429838212586773 -2.9291617625010664 -1.8527575677633008 -1.485619705803487 -1.6450128920131064 -1.6876955862282346 -1.5256347316301695 -1.495290003711602
