static/data/ASCData/20210105/ASCV/12.asc
ncols 97
nrows 97
xllcorner 99.0
yllcorner 2.0
cellsize 0.25
NODATA_value -32767
[rows 76 to 94 of 97, columns 43 to 85 of 97]
-7.24443495154077 -7.22494253574453 -7.093221059303271 -6.955297450563209 -6.874374391045485 -6.87230701361255 -6.772777557198416 -6.699533328145877 -6.456468809959429 -6.141932100520101 -5.677067517743103 -5.103813289553679 -4.448454643313426 -3.8518685840951696 -3.2718215443403897 -3.267982129107797 -3.4750152120345286 -3.7112869186556203 -3.7316653533516893 -3.5512128374198304 -3.331480150262215 -3.331480150262215 -3.5004144204962957 -3.549145459986896 -3.0334824602863635 -2.228977299241546 -1.4906282160506343 -1.0609090496335245 -0.47200182088045306 -0.49828704824204983 -1.2658747551273208 -2.0257836315474074 -2.4114971926063395 -2.6536756918929587 -3.0588816687481306 -3.288360563803866 -3.439869795674641 -3.5919697068119687 -3.690613144326275 -3.7298933155520313 -3.801070167171635 -3.94283319114429 -4.172312086200026
-7.328311407391258 -7.28341978313325 -7.277808330100999 -7.208403516281053 -7.100013870868628 -6.92517280796902 -6.818555200356252 -6.559837681606156 -6.316773163419708 -5.984811415617075 -5.545346041301844 -5.034408475733733 -4.511952664467845 -3.9894968532019557 -3.6879550876267873 -3.676141502295733 -3.7133542960885544 -3.9407658137113555 -4.1029072723800795 -3.968232399606057 -3.7600179581462205 -3.6321358969375543 -3.587244272679547 -3.279500374805575 -2.765018733638148 -2.1214736727289494 -1.3949381748690923 -0.7649787370906065 0.06906038728184694 0.3434309065955894 -0.6320759021162425 -1.6985473178771953 -2.5931310670713037 -2.8264493773596318 -2.827335396259461 -3.0470680834170762 -3.2189557499839205 -3.3695789629548663 -3.4945076278307687 -3.4708804571686596 -3.5190208173927067 -3.539399252088776 -3.768878147144511
-7.318565199493137 -7.294347349564475 -7.3265393695915995 -7.2308493284100575 -7.065754473408569 -6.849861201483547 -6.537391869477153 -6.278674350727058 -6.043288663005795 -5.700399348771936 -5.3645981857367095 -4.932811641886664 -4.456428813411888 -4.070715252352956 -3.8128837525026897 -3.8069769598371623 -3.845075772529813 -3.966165022173123 -4.137166669840138 -4.123285707076149 -4.028777024427712 -3.828536753066337 -3.3616047928564043 -2.9865234585954212 -2.262055338168499 -1.6185102772593005 -1.022810236940873 -0.4241568002896825 0.39895475765154575 0.572909801651325 -0.1418121108774777 -1.264988736227492 -2.324667340423088 -3.2434689395458585 -3.2443549584456877 -3.1625458800281345 -3.306966960700277 -3.3119877344659754 -3.406496417114412 -3.3400449996272297 -3.424216795110994 -3.4035430207816484 -3.387890020218001
-7.094993097102929 -7.10385328610122 -7.088200285537573 -7.00314247115398 -6.819736558889358 -6.541231284709745 -6.228761952703352 -6.01286868077833 -5.7845711442556995 -5.54239264496908 -5.255322521424454 -4.884966621295893 -4.449636001846532 -4.130078518641505 -4.055948270689138 -4.039409251225662 -4.173198105099854 -4.311712393106469 -4.427190189717528 -4.465289002410179 -4.475921229208128 -4.071601271252785 -3.4525693999055247 -2.584270878073013 -1.8645281917785121 -1.064748464866117 -0.46904842454768936 -0.10282727928499735 0.43232813621177524 -0.17902490467029963 0.022987404490733887 -0.7951033796847957 -2.5071872337878816 -3.4945076278307687 -3.5482594410870667 -3.4289422292434155 -3.4670410419360667 -3.3616047928564043 -3.4103358323470045 -3.309920357033041 -3.420377379878401 -3.326459376496517 -3.240515543213095
-6.702486724478641 -6.7668707645328885 -6.731725348173001 -6.718139725042288 -6.622449683860746 -6.41246320460125 -6.2904879360581125 -6.0932010610295 -5.8820332232369 -5.675000140310169 -5.377297789967593 -5.005169852039374 -4.665233934138278 -4.421283397052001 -4.342132375333935 -4.382298565459521 -4.572497289289499 -4.728731955292696 -4.8235359775744096 -4.766830767985347 -4.710420898029562 -4.1985973135616215 -3.4886008351652413 -2.424196796837223 -1.3459117957452165 -0.430063592955209 0.062267575716490775 0.2613264885447597 0.23208786485040012 -0.681988300139948 -0.027811012432801263 -0.49828704824204983 -2.171090731119379 -2.795143376232337 -2.832356170025159 -3.064788461413658 -3.2532151474439788 -3.289246582703695 -3.2921999790364587 -3.2260439011825532 -3.153685691029844 -3.076602046744713 -2.742572921509144
-6.449675998394072 -6.550977492607866 -6.497521018984844 -6.470940451989971 -6.510220623215727 -6.594097079066215 -6.561905059039091 -6.436976394163189 -6.250321745932527 -5.998397038747788 -5.6888811030741575 -5.406536413661953 -5.121533667550262 -4.848049167136347 -4.6791148969022665 -4.703332746830929 -4.76092397531982 -4.785437164881758 -4.708353520596627 -4.481828021873655 -4.1613845197687995 -3.638928708502911 -2.9289322301065304 -2.057975651574531 -1.1291325049203644 -0.4076177808262056 0.01235517769278438 0.14141859743455587 0.31035286766863646 0.06994640618167569 0.18424284425962867 0.07969261407979555 -0.3458917974714453 -0.5812774851927083 -0.700594697036359 -1.30013415258738 -2.428036212069816 -3.0804414619773053 -3.05976768764796 -3.075420688211607 -2.893786813746643 -2.5813174817402493 -2.156619089088837
-6.026749643542319 -6.180030913212752 -6.21429031067281 -6.357825372445124 -6.511106642115557 -6.6711807233513465 -6.686833723914994 -6.606796683297099 -6.428116205164898 -6.1487249120854575 -5.918359998129893 -5.698627310972277 -5.48480141648019 -5.299032787149356 -4.964117643013958 -4.763877371652583 -4.638062687876852 -4.530559061364256 -4.244374956719458 -3.7298933155520313 -3.249375732211386 -2.8480091705888064 -2.0999138794997747 -1.1379926939186555 -0.43390300818780236 -0.21623769846312157 -0.26703611538665584 -0.4241568002896825 -0.1887711125684195 0.09918502987603617 0.09623163354327247 0.20373526005586928 0.1715432400287451 -0.03165042766539372 -0.12143367618140832 -0.348845193804209 -1.108754070224295 -2.4543214394314123 -3.0893016509755964 -2.90943981431029 -2.4487099863991615 -1.9758712335237019 -1.6439094857210677
-5.50429383227643 -5.704534103637805 -5.934899017593369 -6.2444149532669995 -6.362550806577545 -6.444655224628375 -6.426048827731964 -6.337151598115778 -6.199523329008992 -6.027635662442147 -5.93401299869354 -5.810856371617296 -5.686813725641223 -5.369323619869131 -5.017869456270257 -4.763877371652583 -4.597896497751266 -4.260027957283105 -3.7981167708388712 -3.3616047928564043 -3.056814291315196 -2.4301035895027505 -1.6418421082881336 -0.6878950928054754 -0.07447467449046652 -0.010090634436219048 -0.3225599664426131 -0.3754257607990823 -0.5334324646019368 -0.317834532310191 -0.22775594416089984 0.12369821943797454 0.18128944792686497 -0.10962009085035351 -0.5266396530365807 -0.9486799889885056 -1.2853671709235615 -1.703568091642894 -2.8019361877976934 -2.6536756918929587 -1.9924102529871783 -1.549991482339184 -1.3246473421493175
-5.103813289553679 -5.268022125655338 -5.556864286999622 -5.821488598415245 -5.929878243827671 -5.902706997566246 -5.87228701533878 -5.807016956384703 -5.704534103637805 -5.7494257278958125 -5.711326915203161 -5.724912538333874 -5.650782290381507 -5.304939579814883 -4.989516851475726 -4.611777460515256 -4.085186894383497 -3.6897271254264457 -3.442823192007405 -3.234608750547568 -3.083394858310069 -1.8636421728786834 -1.099893881226004 -0.6087440710874104 -0.07742807082323022 -0.13029386517969943 -0.38989740282962426 -0.4504420276512784 -0.75907194442508 -0.8450157777085021 -0.8949281757322076 -0.8314301545777889 -0.5473134273659266 -0.7640927181907777 -1.5783440871337149 -2.196489939581146 -2.506301214888053 -2.467021043662296 -2.884040605848523 -2.461114250996769 -1.7815377548278537 -1.3488651920779793 -1.1388787128184843
-4.928972226654071 -4.857795375034468 -5.064828457961199 -5.244394954993229 -5.345991788840299 -5.3371315998420075 -5.315867146246109 -5.256208540324283 -5.285447164018644 -5.319706561478702 -5.4602882269182516 -5.472987831149135 -5.351898581505825 -5.0521288537303155 -4.6791148969022665 -4.14100608507273 -3.6359753121701472 -3.3743043970872884 -3.027575667620836 -2.2980867734282158 -2.0783540862706005 -1.1769775255111359 -0.8586014008392144 -0.3919647802625583 -0.103713298184827 -0.1595324888740599 -0.5071472372403409 -0.6359153173488359 -0.875435759935967 -0.9749652163501024 -1.1134795043567172 -1.3060409452529065 -1.1595524871478302 -0.8949281757322076 -1.643023466821239 -2.56093904704418 -3.0863482546428327 -2.949606004435876 -2.901760983845105 -2.472041817427994 -1.9661250256255816 -1.5402452744410642 -1.3205125872834484
-4.785437164881758 -4.6419021031094445 -4.677047519469332 -4.759151937520162 -4.840074997037886 -4.9103658297576604 -4.890873413961421 -4.928972226654071 -4.960278227781366 -4.946692604650654 -5.079300099991741 -5.024662267835613 -4.870494979265351 -4.541191288162205 -4.159612481969141 -3.6566490864994927 -3.441641833474299 -3.153685691029844 -2.1693186933197204 -1.2903879446892592 -1.1867237334092557 -0.9123532140955124 -0.6565890916781809 -0.3538659675699076 -0.07152127815770282 0.0377543861545524 -0.28357513485013275 -0.6388687136815996 -0.889907401966509 -1.0579556533007608 -1.0266496521734663 -1.1926305260747831 -1.3382329652800307 -1.101961258658939 -1.2112369229711941 -2.0999138794997747 -2.868387605284876 -2.8624808126193484 -2.612623482867544 -2.3860979841445724 -2.013970046216353 -1.828496756518796 -1.6126034845937731
-4.62447706474614 -4.476807248107957 -4.374324395361059 -4.456428813411888 -4.519926834566307 -4.615616875747849 -4.635109291544088 -4.674094123136569 -4.555958269826023 -4.518745476033201 -4.464107643877074 -4.372257017928124 -4.237582145154102 -3.913299227816654 -3.5901976690123107 -3.5618450642177795 -3.347133150825863 -2.523726253251358 -1.4572548374904057 -1.118500278122415 -1.073608653864408 -0.8529899478069636 -0.505079859807406 -0.21328430213035787 -0.13797269564488523 -0.02869703133263002 -0.03844323923074988 -0.42208942285674755 -0.8450157777085021 -1.0951684470935827 -0.9906182169137496 -1.2570145661290306 -1.4817680270523441 -1.9377724208310507 -2.0470480851433055 -1.8373569455170866 -2.465249005862638 -2.369558964681096 -2.1917645054487243 -2.153665692756073 -2.0559082741415966 -1.9114871934694544 -1.8860879850076868
-4.2570745609503415 -4.185897709330738 -4.003377815965945 -4.207457502559913 -4.31082637420664 -4.447568624413597 -4.448454643313426 -4.284541146845044 -4.123285707076149 -3.786598525141093 -3.628296481704962 -3.5190208173927067 -3.457294834037947 -3.2561685437767425 -3.345951792292757 -3.230769335314975 -2.6634218997910786 -1.7416669043355446 -1.4105911754327396 -1.528727028743286 -1.1477389018167754 -0.5910236930908281 -0.2815077574171978 0.004676347227599464 0.02594080082349759 -0.2649687379537218 -0.3051349280793074 -0.24724835995713956 -0.661314525810603 -0.9906182169137496 -1.083354861762528 -1.5482194445395256 -2.4250828157370523 -2.8636621711524537 -2.77949037566869 -2.484741421658878 -2.3217139440903245 -2.0706752558054147 -2.0783540862706005 -2.1790649012178407 -2.165479278087128 -2.071561274705244 -2.069789236905586
-3.638928708502911 -3.6516283127337945 -3.572477291015729 -3.847143149962748 -3.9886108343021265 -4.099067857147487 -4.094933102281618 -3.8997136046859406 -3.5520988563196596 -3.068627876646251 -2.612623482867544 -2.4525494016317544 -2.513980045353238 -2.6194162944329 -2.58043146284042 -2.243448941272088 -1.7472783573677955 -1.572732634101464 -1.5824788419995839 -1.3754457590728526 -0.7824037754539122 -0.3107463811115583 -0.11257348718311722 0.20757467528846174 -0.002411803971033244 -0.42327078138985286 -0.6311898832164138 -0.509214614673275 -0.45841619774974074 -1.02960304850623 -1.0452560490698772 -1.5482194445395256 -2.323485981889983 -2.565664481176602 -2.523726253251358 -2.5101406301206453 -2.3459317940189868 -2.372512361013859 -2.47972064789318 -2.5444000275807035 -2.486513459458536 -2.2853871691973318 -2.0257836315474074
-3.1566390873626076 -3.05976768764796 -3.073648650411949 -3.09225504730836 -3.168157333060386 -3.2668007705746915 -3.306966960700277 -3.259121940109506 -2.9936116097940544 -2.428036212069816 -1.7239465263389628 -1.2824137745907978 -1.3382329652800307 -1.2785743593582053 -1.0706552575316444 -1.1244070707879423 -1.318740549483791 -1.2531751508964373 -0.8119377387815492 -0.2767823232847766 -0.15746511144112496 -0.04316867336317198 -0.009204615536390293 -0.26290136052078683 -0.28062173851736905 -0.36745159070061995 -0.6887811117053051 -0.7883105681194396 -0.45841619774974074 -0.6134695052198316 -0.7933313418851382 -1.3391189841798594 -1.6908684874120103 -1.7709055280299046 -1.9525394024948688 -2.25142311137055 -2.447528627866056 -2.60967008653478 -2.699453335050795 -2.7298733172782605 -2.6477688992274313 -2.4407358163006996 -2.087214275268891
-2.6076027091018457 -2.408543796273576 -2.4584561942972813 -2.3255533593229174 -2.0783540862706005 -1.8881553624406213 -1.8695489655442104 -1.9652390067257528 -1.9475186287291706 -1.6468628820538314 -1.0266496521734663 -0.37335838336614735 -0.19556392413377566 -0.1341332804122919 -0.32758074020831085 -0.5939770894235918 -0.6379826947817699 -0.4457165935188572 -0.34116636333902406 -0.22480254782813613 0.18719624059239237 0.15500422056526908 0.06403961351614829 -0.048189447128869745 -0.12054765728157957 -0.32344598534244184 -0.5600130315968102 -0.3987575918279145 0.0876667841782579 0.3658767187245928 0.19398905215774853 -0.5375672194678058 -1.0854222391954629 -1.397891571201856 -1.6769875246480206 -1.9173939861349814 -2.100799898399604 -2.30990035875927 -2.398797588375456 -2.5597576885110747 -2.503347818555289 -2.2502417528374443 -1.8459217948821012
-2.153665692756073 -1.8665955692114466 -1.6761015057481918 -1.5609190487704092 -1.3928707974361583 -1.108754070224295 -0.8119377387815492 -0.7132943012672435 -0.6134695052198316 -0.47200182088045306 -0.5198468414712245 -0.45546280141697704 -0.199403339366369 -0.16425792300648112 -0.3665655718007912 -0.38989740282962426 -0.334373551773667 -0.3402803444391944 -0.41736398872432545 -0.43390300818780236 -0.060003032459924555 0.05429340561802842 0.1245842383378033 -0.07949544825616428 -0.33230617434073295 -0.3196065701098494 0.2125954490541595 0.6089412369110416 0.41076834298260056 0.3717835113901202 0.3688301150573565 0.33841013282989163 -0.203538094232238 -0.6595424880109446 -1.0148360668424115 -1.3246473421493175 -1.5062812166142825 -1.5795254456668202 -1.5325664439758784 -1.6858477136463117 -1.8030975480570284 -1.5931110687975334 -1.2874345483564955
-1.6761015057481918 -1.3742644005397473 -1.0520488606352334 -0.9994784059120407 -1.0727226349645784 -1.1078680513244663 -0.6108114485203444 0.10125240730897023 0.2946998671049892 0.23415524228333418 -0.30986036221172863 -0.49946840677515514 -0.3390989859060891 -0.22391652892830738 -0.32758074020831085 -0.3390989859060891 -0.24842971849024487 -0.2738289269520129 -0.3538659675699076 -0.352979948670078 -0.19556392413377566 -0.15864646997423026 -0.28534717264979115 -0.32462734387554715 -0.40377836559361313 -0.05025682456180469 0.42051455088072043 0.3511097370607752 0.07969261407979555 0.12960501210350106 0.608055218011212 0.6245942374746889 0.36203730349200036 -0.16159986630699397 -0.7962847382179019 -1.1430134676843533 -0.8021915308834284 -0.6291225057834788 -0.7824037754539122 -1.0287170296064003 -1.0892616544280553 -0.9427731963229782 -0.6692886959090645
-1.878113814909225 -1.229843319867605 -0.7454863212943668 -0.681988300139948 -0.9262341768595022 -1.081287484329593 -0.5960444668565268 0.13728384256868686 0.6423146154712702 0.5005515914986152 0.20462127895569804 -0.06768186292511036 -0.04021527703040828 -0.1887711125684195 -0.26998951171941954 -0.18965713146824825 -0.09101369395394254 -0.07654205192340058 -0.17902490467029963 -0.17607150833753593 -0.11641290241571056 -0.2327767179265976 -0.4533954239840421 -0.38812536502996586 -0.11936629874847426 0.20078186372310558 0.09829901097620652 -0.02367625756693137 -0.010090634436219048 0.1393512200016218 0.5670030089857976 0.7651759029142378 0.47042694890442593 -0.08038146715599392 -0.6896671306051338 -0.6409360911145336 -0.25610854895543067 0.15795761689803278 -0.002411803971033244 -0.48854084034392997 -0.9064464214299859 -0.8958141946320364 -1.0219242180410442
