static/data/ASCData/20210105/ASCV/15.asc
ncols 97
nrows 97
xllcorner 99.0
yllcorner 2.0
cellsize 0.25
NODATA_value -32767
[rows 0 to 18 of 97, columns 0 to 42 of 97]
-0.4887626081795595 0.020035201702484073 0.8708745450485846 1.2467378982446844 1.152919111335799 1.102333433127873 1.916704031719422 2.0425800216786794 1.9234683956658314 1.783769575033478 2.454618016849051 3.901015490259394 3.5222111092605077 3.2036977982187436 3.138406980996886 2.7046053800858934 1.8649419423903817 0.8191124557195444 -0.18583674449256193 -0.6166973176007673 -0.42817743544216036 0.07591472995542592 0.41766216063920325 0.31413798198112275 0.013270837756075515 -0.5393482863874857 -1.2934278150219143 -2.05015426867885 -2.5042489614290675 -2.5610107980228447 -2.606890831746312 -2.75629504412786 -2.7845289110346094 -2.9448149262864676 -3.1448048168759413 -3.063926552299316 -2.322493443216869 -1.671349887679964 -1.7551691800593758 -2.4407227608888817 -3.320678279482567 -3.8959433177075837 -3.8421225089165927
-0.5619942004689404 -0.13819209408742328 0.35913570736375444 0.5982412677302875 0.8346999030743127 1.6843628352992983 2.505497797837257 2.736074377575709 1.9567020098373176 1.9928766518115895 2.5690239983774417 3.0054725243109415 3.2369314123902297 2.355211277114871 2.5249085813356453 2.7672492722852438 2.533731664744006 2.0611084968362334 0.26031717319013215 0.1950263559682739 0.7799967859424859 0.954693837427997 0.430308580191185 -0.1652495498730575 -0.6125798786768666 -0.8060995081002105 -1.111672296809715 -1.5822367452555364 -1.9848634514569925 -1.9213372509168063 -2.0122150100229055 -2.6342423903122256 -2.8771712868223807 -3.1439225085351055 -3.431849130427892 -3.3674406215468706 -3.1039245304172107 -2.336316273889965 -1.8060489610475803 -1.6331165262437413 -2.0539776048224723 -2.4066068383765593 -2.6662995933625973
0.06503292708511577 0.5973589593894513 0.3317841487978406 0.24678844529731414 0.4050157410872215 1.4596683111664186 2.0016997352199484 2.234040931640073 2.123752389035584 2.39020950796803 2.750485413809362 2.5543188593635096 2.593434529140569 2.3296243352306307 2.8081295587439756 3.01635432718125 2.828716753363479 2.2058070647333237 1.2799715124161706 1.4390811165469142 1.5640747981653353 0.9538115290871607 0.250611781440937 -0.45141155508417263 -0.8508031307025634 -1.0725566270326565 -1.1107899884688797 -1.359600940584607 -1.3237204013906139 -1.2337249506253505 -1.425185860586744 -1.7386994243637721 -2.2307333757699337 -2.9886362405479847 -3.461259408455756 -3.8724150952852927 -3.8577099562713606 -3.2033312701513905 -2.5871859454676436 -2.249261850927488 -2.1633838390861255 -2.5130720448374264 -2.9895185488888205
0.8032309055844982 1.6334830543110934 1.4731970390592357 1.1314496083754584 1.3149697432693284 1.7731818749434467 2.0064053797044066 2.3581523049176587 2.2993317488619303 2.533731664744006 2.8022475031384024 2.9028306539936954 3.0290007467332325 2.2319822121781225 2.671665868694686 3.2495778319422106 3.187228042523139 2.5543188593635096 1.9702307377301347 1.9225860873249951 1.4458454804933227 0.9508705012843741 0.49089375292858417 -0.19465982790092173 -0.6516955484539251 -1.0725566270326565 -1.0763799631762785 -0.8734490447840182 -0.7796302578751328 -1.0043247820080126 -1.2551944535856912 -1.452537419152657 -1.7101714546767441 -2.4583689277056 -3.278621581902722 -3.8315348088265617 -3.9982910852445492 -3.5686069232574593 -2.97010776539043 -2.54042360340334 -2.462192263849222 -3.5080217505200597 -3.8059478669423203
1.0358662047849005 1.9517022625725806 2.30815483227029 1.9558197014964813 1.5876030205876264 1.9069986399702277 2.050520796746203 2.2652158263496087 2.097283138810506 2.2731566014171323 2.5728473345210636 2.8843021788361414 3.3081042852176603 2.4849106032177515 2.372563341151312 2.9322409320215597 2.7290159108490206 2.0475797689434163 2.1822788423110326 1.8552365506411865 1.4264346969949324 0.941165109535179 0.46442450270350655 -0.34906378754720624 -0.7131630295321605 -0.9184467701666499 -1.0266765933091886 -0.8322746555450093 -0.8646259613756593 -1.0999081855985695 -1.2816637038107679 -1.4887120611269298 -1.696642726783927 -1.8978090284945153 -2.6927688435876744 -3.4974340504300288 -3.703600099405354 -3.1330407056647958 -2.237791842496621 -1.8498702753090974 -3.053927057769842 -4.357684682745045 -4.43885705010195
0.6870603073744359 1.6393651099166666 2.1069885305597014 2.0719902997065436 1.7037736187976886 1.621718943099948 1.8481780839144992 2.023169238180289 1.5864266094665114 1.7623000720731374 2.3657989772049026 2.7301923219701356 3.044588194087999 2.444912625099856 2.3140368878758624 2.428442869404253 2.225217848231714 1.507607064351837 1.6793630880345614 1.254678673312208 0.9020494397581205 0.4156034411772529 0.09032576618907928 -0.6849291626254113 -0.8987418838879817 -0.7805125662159691 -0.9340342175214182 -1.2249018672169916 -1.2572531730476415 -1.254312145244855 -1.342248876548168 -1.6575270570068676 -1.7816384302844535 -1.9828047319950417 -2.1945587337956614 -2.9427562068245168 -3.043339357679811 -2.4116065856412963 -1.4925353972705517 -1.9331013621279518 -3.1389227612703685 -4.551204312168389 -4.612671793246625
0.26443461211403285 1.2808538207570068 1.7475949330592053 1.7290664579016513 1.5934850761931987 1.4214349497301955 1.6031904679423938 1.958760729299268 1.5055483448898865 1.410847249640165 1.976112793335707 2.4702054642038194 2.444912625099856 2.1158116139680603 2.6128453126389592 2.69019434385224 2.234923239980909 1.54348760354583 0.8608750505191107 0.4917760612694204 0.14620529444202024 -0.22789344207240791 -0.5287605862974543 -0.6781647986790027 -0.83639209446891 -0.7387499714164019 -0.877272380927641 -1.2122554476650098 -1.1701987500851647 -1.0628512352834614 -1.3040155151119448 -2.0619183798899954 -2.1575017834805528 -2.190735397652039 -2.388960671559841 -2.468956627795631 -2.448663535956405 -1.9398657260743608 -1.6419396096521002 -2.1448553639285715 -3.27685696522105 -4.469149636470649 -4.5432635371008665
0.389428293732454 1.471432422377564 1.654952557271434 1.512312708836295 1.4576095917044682 1.1958581172564804 1.2387971231771608 1.6431884460602886 2.128458033520042 1.8649419423903817 1.7302428690227654 1.777887519427905 1.8667065590720542 2.6099042848361718 3.008413552113727 2.7487207971276897 2.2702155736143457 1.6881861714429203 0.5317740393873152 0.34443056834982233 -0.017021748612624066 -0.4378828271913555 -0.5843460117701174 -0.6116975703360303 -0.5325839224410771 -0.5434657253113864 -0.6693417152706438 -0.7084573850477023 -0.5549357337422531 -0.31583017337572006 -0.9055062478343903 -2.142796644466621 -2.641006754258634 -2.6342423903122256 -2.5218951282457858 -2.401607091111823 -2.4710153472575813 -1.8978090284945153 -1.9789813958514197 -3.039516021536189 -4.2259266371802156 -4.67619799378681 -4.679139021589597
0.9185191954537242 1.5837796844440035 1.6928918159273785 1.4723147307184004 0.8961673841525482 0.062091899282330054 0.35619467956096784 1.383495691074251 1.926409423468617 2.035815657732271 2.1675737032971005 2.298449440521095 2.109929558362488 2.3834451440216204 2.5172619090484014 2.072872608047379 1.589367637269298 1.3149697432693284 0.5805951009135688 0.012388529415240157 -0.37141559884838315 -0.3822974017186924 -0.3431817319416339 -0.21230599471763956 0.0015067265449300038 -0.1096641244003953 -0.5149377556243584 -0.5472890614550083 -0.29230195095342903 0.09444320511297999 -0.07848922969085947 -1.5657669895599327 -2.2610259621386337 -2.456310208243649 -2.3480803851011105 -2.3683734769403366 -2.7504129885222874 -2.466309702773123 -2.608655448427984 -3.665366737969131 -4.864717875945418 -5.360575163495202 -5.064707766534892
-0.30406606216457455 0.9214602232565108 1.2114455646112479 0.9079314953636937 0.3091382347163858 0.08267909390183448 1.814944469743014 2.283744301507163 2.2778622459015905 2.348152810388185 2.5181442173892377 2.413737730390321 1.4849611502703812 1.4214349497301955 2.1587506198887416 2.3152132989969774 1.9617017571020536 1.5981907206776569 1.3023233237173475 0.12650040816335117 -0.20348291130928065 0.3600180157045898 1.061159043888864 1.2329150675715885 1.073805463440845 0.3950162465577485 -0.27965553140144817 -0.5990511507840486 -0.5405246975085998 -0.3137714539137697 -0.3461227597444205 -1.0628512352834614 -1.539297739334855 -1.9016323646381377 -2.1986761727195625 -2.558952078560894 -3.2853859458491304 -2.915404648258604 -2.5198364087838354 -3.1380404529295327 -4.333274151981918 -5.128233967075078 -4.834425289576718
-0.042314587716586693 1.0914516302575636 1.046453904874932 -0.10789950771872281 -0.8802134087304267 -0.007316356863428908 2.0299336021266985 1.8443547477708773 2.293449693256358 2.5378491036679067 2.5913758096786177 2.3619756410612807 1.6149545791535393 1.783769575033478 1.8940581176379672 2.069049271903757 2.078754663652952 2.060226188495398 2.3396238297601037 1.447904199955273 1.4996662892843133 1.7252431217580293 1.6002494401396072 1.3393802740324556 1.0532182688213405 0.61500512620617 -0.1967185473628721 -0.5764052367025938 -0.5961101229812629 -0.8040407886382601 -1.2522534257829046 -1.6263521622973327 -1.4954764250733383 -1.6869373350347319 -2.2269100396263117 -2.982754184942412 -3.7180111356390073 -2.7504129885222874 -1.96809959298111 -2.7121796270860647 -4.098874236099844 -4.640023351812538 -4.281512062652878
0.18620327255991498 0.6823546628899777 1.0249844019145913 0.2935507873616183 -0.039373559913800094 0.5876535676402561 1.659952304536171 0.9185191954537242 1.6578935850742207 2.2331586232992366 2.2222768204289274 1.7808285472306915 1.8552365506411865 1.8393550005061403 1.4781967863239727 1.4908432058759544 1.332615910086047 1.1979168367184307 1.073805463440845 0.9585171735716189 1.1735063059553035 1.7320074857044379 1.700832590994902 0.9196956065748392 0.6226517984934139 0.24267100637341343 -0.1908364917572989 -0.43994154665330587 -0.5258195584946677 -0.936975245324204 -1.604882659336992 -2.1127981608782 -2.2660257094033702 -2.3821963076134325 -2.7521776052039595 -3.0783375885329693 -3.475964547469688 -2.675122676770956 -2.5042489614290675 -3.3471475297076445 -4.285629501576779 -4.222985609377429 -3.5091981616411743
0.32590209319226826 0.015329557218025869 0.052386507533134896 0.4244265245856118 0.3806052103240951 0.7876434582297298 1.7340662051663882 1.139390383442982 1.2467378982446844 1.8796470814043138 1.8814116980859854 1.4226113608513105 0.6979421102447452 0.1050309052030105 0.6579441321268504 1.471432422377564 1.3355569378888328 0.2126725227849926 -0.07466589354723663 -0.05201997946578185 0.5191276198353334 1.0523359604805043 1.240855842639112 0.7585272829821452 -0.14789748583661755 -0.17524904440253142 -0.3734743183103335 -0.18407212781089033 -0.26789142019030265 -0.9066826589555044 -1.759286618983277 -2.234850814693835 -2.73482554116752 -2.8821710340871176 -2.972166484852381 -3.1615686753518237 -3.066867580102102 -2.753354016325074 -2.8283502252961266 -3.873297403626128 -4.722078027510278 -4.302099257272383 -3.5462551119562824
0.19884969211189674 -0.13319234682268632 -0.2552450006383209 -0.2825965592042339 0.586477156519142 1.047630315996046 1.6570112767333844 1.051453652139669 1.1549778307977494 1.3679082437194836 1.5320175951149633 1.0982159942039722 0.2564938370465093 -0.8519795418236775 -0.03172688762655618 0.5632430368771288 0.32472568207115327 -0.21907035866404811 -0.03172688762655618 0.5747130453079965 0.6988244185855814 0.3911929104141256 0.2476707536381504 0.23002458682143256 -0.33641736799522537 -0.31759479005739255 -0.039373559913800094 0.015329557218025869 -0.12142823561154081 -0.8928598282824085 -1.7366407049018218 -2.1625015307452897 -2.4074891467173956 -2.7474719607195013 -2.9074638731910802 -2.9486382624300895 -2.795410713904919 -2.6830634518384793 -3.1956845978641457 -4.305040285075169 -4.758252669484551 -4.4065057442713 -3.61154592917814
0.1997320004527321 0.23796536188895523 0.1109129608085837 -0.0961353965075773 0.4382493552587077 0.8688158255866343 1.0893929107956133 0.7173528937431355 0.6705905516788322 0.7497041995737863 0.789702177691681 0.6773549156252407 0.8608750505191107 -0.09319436870479159 -0.3470050680852559 -0.6614009402031202 -0.8919775199415723 -0.7552197271120056 0.03974008798115314 0.7126472492586773 0.9226366343776249 0.18237993641629302 -0.3352409568741104 -0.4155310158901786 0.26031717319013215 0.2906097595588317 0.2935507873616183 -0.08231256583448143 -0.46729310521921885 -0.9260934424538947 -1.671349887679964 -1.8625166948610787 -1.976922676389469 -2.197499761598448 -2.2357331230346706 -2.35690346850947 -2.6242428957827517 -2.688945507444052 -3.4633181279177068 -4.374448541220928 -4.586202543021548 -4.273865390365634 -3.5189035533903694
0.3961926576788626 0.8335234919531977 0.009447501612453557 -0.27965553140144817 0.13444118323087473 0.5641253452179651 0.7232349493487087 0.6811782517688636 0.36795879077211335 0.23120099794254667 0.32296106538948166 0.21943688673140116 0.49765811687499273 0.6011822955330732 0.08944345784824304 -0.5872870395729031 -0.568758564415349 -0.4475882189405507 -0.8305100388633369 -0.4875861970584454 0.25149408978177235 0.26031717319013215 -0.2640680840466798 0.4547191109543114 1.1773296420989254 0.7702913941932907 0.5103045364269745 -0.3664158515836462 -1.2357836700873008 -1.521945675298416 -1.608705995480614 -1.739581732704608 -1.7172299214034314 -1.6684088598771774 -1.6254698539564965 -1.6487039735985087 -1.9592765095727507 -2.80599841399495 -3.725951910706531 -4.339156207587491 -4.530617117548885 -4.200633798076253 -3.6830129047858495
0.5923592121247143 0.9214602232565108 -0.4055315213607047 -0.7005166099801796 -0.26495039238751605 0.3747231547185219 0.752645227376572 0.839405547558771 0.35501826843985373 0.42942627185034876 0.3511949322962309 0.14796991112369184 -0.12436926341432653 -0.06760742682054932 0.6626497766113086 0.3267844015331045 0.37854649086214476 0.48501169732301186 -0.005257637401478554 -0.7875710329426564 -0.5852283201109527 0.5014814530186156 0.5738307369671602 1.2817361290978422 1.5817209649820532 1.0299841491793282 0.3991336854816492 -0.5111144194807364 -1.4348912523359392 -1.9486888094827197 -2.0366255407860328 -1.9963334598878593 -1.7963435692983851 -1.544297486599592 -1.6095883038214502 -1.4807712860594062 -1.6692911682180136 -2.5442469395469622 -3.6918359881942084 -4.2297499733238375 -4.415328827679659 -4.008290579774023 -3.558901531508264
0.14032323883644793 0.6011822955330732 0.056209843676756854 -0.07643051022890912 0.04562214358672634 0.5073635086241879 1.0417482603904737 0.8911676368878112 0.9479294734815884 0.4694242499682435 0.15973402233483736 0.47030655830907975 0.8894030202061387 0.14796991112369184 0.6129464067442187 0.7594095913229806 0.752645227376572 1.1188031888234766 1.4184939219274089 0.4770709222554883 -0.35082840422887873 0.46442450270350655 1.0270431213765416 1.5102539893743447 1.5387819590613718 1.129390888913508 0.22620125067780972 -0.205541630771231 -0.8969772672063092 -1.7854617664280754 -2.247497234245816 -2.1945587337956614 -2.0122150100229055 -2.0854466023122864 -2.028684765718509 -1.7113478657978587 -1.9525121456263421 -3.053927057769842 -4.055052921838326 -4.374448541220928 -4.289452837720401 -3.797124783533961 -3.377440116076344
-0.008198665204265154 0.47030655830907975 0.9361653622704429 1.341438993494406 1.3052643515201332 0.6823546628899777 0.11767732475499226 1.3034997348384616 1.8043567696529825 1.6255422792435708 0.9391063900732286 1.0796875190464181 1.705832338259639 0.8288178474687395 -0.35200481534999284 -0.4787631136500856 -0.3049483705054108 0.5144219753508752 1.350262076902765 1.240855842639112 0.3044325902319276 -0.5161141667454734 -0.17819007220531802 0.6394156569692964 1.4849611502703812 1.733183896825552 0.610005378941433 -0.30994811777014775 -0.7631605021795291 -1.4095984132319757 -1.7836971497464038 -1.7963435692983851 -1.8010492137828433 -1.8869272256242056 -1.9260428954012645 -2.367491168599501 -3.792419139049503 -5.448511894798514 -6.2922927714179275 -6.206414759576566 -5.320577185377307 -3.844181228378543 -3.3392067546401214
