static/data/ASCData/20210105/ASCV/18.asc
ncols 97
nrows 97
xllcorner 99.0
yllcorner 2.0
cellsize 0.25
NODATA_value -32767
[rows 76 to 94 of 97, columns 0 to 42 of 97]
-3.903309362439236 -3.4951845317241763 -2.7665954853420103 -1.9540821779959021 -1.446225434423007 -1.9190179319767209 -1.9920205425412454 -2.259600977326964 -2.020474315950253 -2.07422033238949 -2.6444454479801083 -3.3006067075029826 -3.36038837284716 -3.436552513790464 -3.658147052157584 -4.002753863444455 -4.272346181198487 -4.489054718071132 -4.333852317658362 -4.179512152803442 -4.122029782280194 -4.352534088078418 -4.469798123945844 -4.61522852136966 -4.767556803256268 -4.93166897110014 -5.225403884473936 -5.250983539356781 -5.205859878496032 -5.254719893440793 -5.427741828715769 -5.560526104624471 -6.08102896971248 -6.44632943438772 -6.729430109214716 -6.934642171982711 -6.976604302464682 -7.1220346998884985 -7.655183686491622 -8.345546956475829 -9.0264256353237 -9.357236677684991 -9.259804059648086
-4.195319804697335 -4.0194237508961965 -3.481388762798597 -2.2139024927609823 -1.7235778721976782 -1.809514016129934 -1.8669963866531818 -1.321201278534943 -1.1093787431567748 -1.253946905022743 -1.9101081645456173 -2.888745522703912 -3.5351347792378336 -3.5986527986660226 -3.517602656228243 -3.850425581557848 -4.066271882872644 -4.353396323636266 -4.388747981508064 -4.458014237988578 -4.391622100034226 -4.497102249944386 -4.608330636906871 -4.636784410315879 -4.789112692202485 -5.130845384963194 -5.509654206711397 -5.521438092668663 -5.4286040642736175 -5.393539818254436 -5.347553921835837 -5.470566194755588 -5.511666089679711 -5.865182668397685 -6.108333095711023 -6.2919892695328 -6.502949569353119 -6.709023867678963 -7.247921091334411 -7.949206011718035 -8.631809161681602 -8.958883849958884 -8.870073587500466
-4.266597944146162 -4.441344350536836 -4.01080139531771 -2.606507083434765 -2.6660013369263265 -2.751937480858582 -2.0762322153578037 -1.446225434423007 -1.1777827640794403 -0.952164459775692 -1.275215382116345 -2.4070432577190948 -3.2040363250239263 -3.5000705332186524 -3.419020390780873 -3.402350503329131 -3.5449067822267857 -3.7656390850360575 -3.976599384856377 -4.286141950124066 -4.589648866486815 -4.6942667808391265 -4.792849046286497 -4.820153172285039 -4.91787320217456 -5.280299548323638 -5.825232420884028 -5.898235031448552 -5.853398782440419 -5.675778257523583 -5.614272121063708 -5.523449975636976 -5.563400223150634 -5.55449045571953 -5.784994761517754 -5.92668880485756 -6.22933348566246 -6.552671819855728 -6.926594640109456 -7.539069298034661 -8.018472268198549 -8.345546956475829 -8.53121501326592
-4.163129677204316 -4.638508881431576 -4.113120014849091 -3.5730731437831773 -3.810475334044191 -3.194264322034974 -2.288916986293821 -1.8103762516877824 -1.4853134463788162 -0.9725707013114455 -0.8964065603681419 -1.938274526102009 -2.749925597890268 -3.027278035664939 -3.236226452516945 -3.221568448033517 -3.149428073026841 -3.209784562076251 -3.474490878335807 -3.9053212454075497 -4.409154223043817 -4.889706840618169 -4.971619218613797 -4.945177328173103 -5.000935227580653 -5.32599803288962 -5.920940567805235 -6.153169344719156 -6.191395121117116 -5.956004813824416 -5.890474911427914 -5.791030410422695 -5.7283746265523545 -5.669742608618642 -5.650198602640738 -5.7821206429915915 -6.0341808377360335 -6.329927634078143 -6.591759831811538 -6.857328383628943 -7.351389358276258 -7.748017714886667 -7.95495424877036
-4.18267368318222 -4.769568686224581 -4.906089316217295 -4.888557193207704 -5.071351131471632 -4.048739759863053 -2.2049927253298787 -1.7276016381343053 -1.3660375275430763 -1.376959177942494 -1.0633928467381768 -1.317464924450932 -1.7879581271837157 -1.9618422980165406 -2.403306903635084 -3.0448101586745295 -3.0887841721248144 -2.981292139246341 -3.2284663324963065 -3.6854511781561268 -4.117143780785718 -4.646556413304831 -4.962709451182693 -4.995186990528328 -4.970756983055948 -5.251845774914631 -5.758840282929676 -5.991069059843597 -5.949106929361626 -5.928700687825874 -5.951981047887789 -5.967788699781682 -5.931574806352036 -5.866044903955533 -5.764588519982001 -5.701070500553812 -5.760564754045373 -5.9091566818479695 -5.984171175380808 -6.184497236654327 -6.51358380789992 -6.899290514110913 -7.108238930962919
-4.493078484007759 -5.197237522917545 -5.6533601330195165 -5.988194941317435 -5.835866659430828 -4.33787608359499 -2.3691048931737515 -1.4034010683831877 -0.844672426897219 -1.3720731764480174 -1.1162766276195644 -1.1228871002297387 -1.4111611884038258 -1.6180977222875184 -2.1170446984293094 -2.8232156203074092 -3.0683779305890613 -3.1270099485227743 -3.089646407682663 -3.547780900752948 -3.9880958589610267 -4.402256338581028 -4.78796304479202 -4.951212977078044 -4.881659308744914 -4.866139068703637 -5.157287275403887 -5.547879983109357 -5.725500508026192 -5.763726284424152 -5.856272900966581 -5.9128930359319805 -5.943358692309301 -5.892486794396227 -5.741020748067469 -5.5858183476547 -5.425729945747455 -5.48723608220733 -5.508791971153548 -5.535233861594242 -5.685550260512535 -5.863170785429371 -6.028145188831092
-4.8075070507699245 -5.682676141986373 -6.16897699661305 -6.639470199345833 -6.394595300916797 -4.572116743477224 -2.199244488277554 -1.019418833287892 -1.1082290957463101 -1.217733011593097 -0.9179624493143601 -1.1668611136800227 -1.4217954269506272 -1.4275436640029522 -1.4295555469712653 -1.7528938811645345 -2.2754086292208573 -2.9413418917326837 -3.2586445770210117 -3.59577868013986 -4.014537749401721 -4.280106301219126 -4.571254507919376 -4.818428701169342 -4.890569076176018 -4.816416818201028 -4.802621049275448 -4.975642984550424 -5.346691686277989 -5.43147818279978 -5.458782308798322 -5.577195992076213 -5.737284393983458 -5.80367653193781 -5.7939045289488575 -5.677790140491897 -5.41998170869513 -5.286910020933812 -5.261617777903583 -5.215631881484984 -5.156137627993423 -5.140617387952146 -5.26564154384021
-4.946326975583568 -5.874954671386637 -6.619926193367928 -7.019428668504501 -6.583999711790899 -4.607468401349022 -1.8876900400415506 -0.6092821196045186 -0.8075962979097238 -1.2275050145820492 -0.9559008138597029 -1.1102409787146241 -1.152203109196595 -0.900430326304769 -0.8535821943283226 -1.0633928467381768 -1.51175533681951 -2.1707907148685464 -3.3750463773305883 -3.673667292198861 -4.001029392328757 -4.380700449634809 -4.641670411810354 -4.8152671707905625 -4.8865453102393905 -4.875048836134741 -4.834811176768467 -4.7451386787522 -4.951212977078044 -5.2831736668498 -5.2958197883649145 -5.346691686277989 -5.515689855616338 -5.710842503542764 -5.751942398466887 -5.624906359610509 -5.454183719156463 -5.3035799083855535 -5.2285654148527145 -5.147515272414935 -5.083997252986746 -5.092619608565234 -5.083997252986746
-5.140617387952146 -5.878978437323264 -6.7050001017423355 -7.041846793008568 -6.704137866184487 -5.336919683289037 -2.875811989336181 -0.5290942127245879 -0.5624339876280722 -0.4627020747702373 -0.2695613098121239 -0.4382720672978566 -0.36038345523885607 -0.22558729636183994 -0.3233073262513608 -0.5175977386199389 -1.0096468302989399 -2.0506525604749584 -3.7802970895194856 -3.8124872170125044 -4.011663630875558 -4.251939939662734 -4.491066601039445 -4.631898408821402 -4.7382407942894105 -4.942303209646941 -4.954087095604207 -4.837972707147246 -4.785951161823706 -5.03025123654751 -5.058417598103901 -5.1190614990059276 -5.25874365937742 -5.425729945747455 -5.5185639741425 -5.450159953219835 -5.386641933791647 -5.22741576744225 -5.1728075154451645 -5.0497952425254145 -4.985414987539377 -5.021341469116407 -5.018467350590244
-5.252995422325095 -5.945370575277615 -6.6357338452618215 -7.004770664021073 -6.915098166004807 -5.576046344665748 -3.229328568054155 -0.8397864254027425 -0.43539794877169413 -0.42763782875105605 -0.17758951697492797 -0.2569151882970093 -0.27818366539061135 -0.4931677311475582 -0.5653081061542347 -0.21868941189904945 -0.6719379034748592 -2.226548614276097 -3.923715603974989 -3.8133494525703533 -3.8426654615372096 -3.947283375889521 -3.92975125287993 -4.078055768829909 -4.500838604028397 -4.778191041803068 -4.925633322195199 -4.94920109410973 -4.851481064220209 -4.847457298283581 -4.856367065714685 -4.885683074681541 -5.015593232064082 -5.0420351225047755 -5.129695737552728 -5.066465129977156 -5.070201484061167 -4.960984980066996 -4.901203314722818 -4.787100809234172 -4.768419038814116 -4.808656698180389 -4.834811176768467
-5.399288055306761 -6.111207214237186 -6.671947738691468 -6.971718300970205 -6.856466148071093 -5.583806464686386 -3.2422621014218858 -1.0107964777094054 -0.47736007925366497 -0.43942171470832125 -0.07527089744354676 -0.0154892320993687 0.00779112796254644 -0.2195516474568988 -0.5253578586405769 -0.21466564596242232 -0.5566857505757472 -2.0986503398618703 -3.8857772394296455 -3.7949550940029138 -3.735173428658736 -3.596640915697709 -3.5868689127087565 -3.856461230462789 -4.276369947135114 -4.522394492974615 -4.683632542292325 -4.834811176768467 -4.775316923276906 -4.743989031341735 -4.681620659324012 -4.701164665301916 -4.608330636906871 -4.631898408821402 -4.68938077934465 -4.6307487614109375 -4.652304650357156 -4.434446466074046 -4.455140119462415 -4.419788461590618 -4.400244455612714 -4.465774358009217 -4.49221624844991
-5.444411716167511 -6.259799142039781 -6.698102217279546 -6.997872779558283 -6.448053905503418 -5.1748193984134785 -3.714767187122983 -1.6678199727901282 -0.5673199891225478 -0.24024530084526763 0.1270670467982855 0.41131736903574634 0.455003970633415 0.11240904231485782 -0.1933971688688212 -0.3554974537443796 -0.6768239049693348 -1.8437160265912658 -3.850425581557848 -3.8613472319572653 -3.681714824072116 -3.569336789699166 -3.704995184134031 -3.974587501888063 -4.16974014981449 -4.347648086583941 -4.3769640955507985 -4.493940719565607 -4.500838604028397 -4.553722384909785 -4.493078484007759 -4.42956046457957 -4.335864200626676 -4.20106804174966 -4.238144170737154 -4.148471672720888 -3.9676896174252736 -3.423906392275349 -4.083804005882234 -4.066271882872644 -4.105359894828452 -4.16974014981449 -4.280106301219126
-4.797735047780972 -6.232495016041239 -6.685456095764431 -6.9395281734771865 -6.34084928447756 -5.481487845155005 -4.108234013354615 -2.5858134300463957 -1.067416612674804 -0.4480440702868087 -0.21667752893073633 0.08309303334800155 0.07533291332736258 -0.2597893068231718 -0.4813838451902921 -0.6699260205065452 -0.8817485558847133 -1.7744497701107527 -3.9179673669226642 -3.99700562639213 -3.820247337033143 -3.863359114925579 -3.974587501888063 -4.135538139353157 -4.332990082100514 -4.243030172231631 -4.163129677204316 -4.124903900806356 -4.247053938168258 -4.315457959090923 -4.357420089572894 -4.293039834586857 -4.205954043244136 -4.070295648809271 -3.9102072469020257 -3.825995574085468 -3.220706212475668 -2.2851806322098094 -3.565313023762539 -4.113120014849091 -4.117143780785718 -4.117143780785718 -4.234407816653143
-3.037050038653891 -5.408197822737864 -6.432533665462141 -6.58773606587491 -6.492027918953703 -5.841614896483153 -4.91787320217456 -3.422756744864884 -1.9785121854682823 -1.2010631241413554 -0.9990125917521393 -0.6719379034748592 -0.6279638900245743 -0.7314321569664202 -0.8670905514012857 -0.9110645648515696 -1.031202719245158 -2.115032815460996 -4.210840044738612 -4.283267831597904 -4.168015678698792 -4.191296038760708 -4.203079924717974 -4.3309781991322 -4.293902070144705 -4.119155663754031 -4.04672787689474 -3.9375113729005684 -4.103348011860138 -4.161117794236002 -4.273495828608953 -4.2539518226310475 -4.16974014981449 -4.10248577630229 -3.9530316129418455 -3.9012974794709225 -3.349466722447743 -2.6415713294539462 -3.815361335538667 -4.3212061961432475 -4.251939939662734 -4.255676293746745 -4.3076978390702845
-1.1717471151744991 -3.3184262423651893 -4.927645205163513 -6.074993320807539 -6.3417115200354095 -5.930712570794187 -5.112163614543138 -4.264586061177849 -3.057456280189644 -1.8934382770938756 -0.6687763730960805 -0.3787778138062947 0.03624490137155423 0.07130914739073546 -0.29197943431619056 -0.6248023596457957 -0.9452665753129024 -2.323118996755153 -4.664088536314421 -4.908101199185609 -4.735366675763249 -4.541938498952519 -4.412890577127828 -4.305685956101971 -4.13381366823746 -3.9159554839543507 -3.9444092573633585 -3.974587501888063 -4.108234013354615 -4.177787681687745 -4.3289663161638865 -4.322068431701096 -4.207103690654601 -4.15134579124705 -4.159968146825538 -4.109383660765079 -4.209977809180764 -4.101623540744441 -4.553722384909785 -4.579014627940015 -4.5057246055228735 -4.464912122451367 -4.455140119462415
-0.6112940025728326 -1.448237317391321 -2.385774780625493 -4.0283335183273 -5.547879983109357 -6.057461197797949 -5.384630050823333 -4.612354402843498 -3.8535871119366267 -2.803671614329505 -0.9823427043003976 -0.37504145972228375 0.09775103783142924 0.4785717425479463 0.3633195896488344 -0.279333312801076 -1.192440768562868 -2.5018891690824536 -5.015593232064082 -5.117049616037614 -4.975642984550424 -4.961847215624845 -4.797735047780972 -4.565506270867051 -4.353396323636266 -4.124903900806356 -4.045003405779042 -4.1501961438365855 -4.20106804174966 -4.34477396805778 -4.399382220054865 -4.338738319152839 -4.159968146825538 -4.05276352579968 -4.16974014981449 -4.356270442162429 -4.539926615984205 -4.781065160329231 -4.805495167801611 -4.818428701169342 -4.852343299778058 -4.831937058242305 -4.760658918793478
-1.2556713761384408 -1.509743453851196 -1.5994159518674627 -2.4579151556321692 -4.001891627886606 -5.175681633971327 -5.484361963681168 -4.625862759916461 -4.20106804174966 -3.513578890291616 -1.6111998378247288 -0.3184213247568852 -0.07412125003308123 -0.13677703390342177 -0.24513130233974412 -0.6406100115396889 -1.5203776923979975 -2.121068464365937 -4.46088835651474 -5.294957552807066 -5.235175887462888 -5.086871371512909 -4.986277223097225 -4.796872812223124 -4.522394492974615 -4.293902070144705 -4.2597000596833725 -4.442206586094684 -4.416914343064455 -4.519520374448453 -4.562344740488273 -4.37983821407696 -4.126053548216822 -3.9102072469020257 -3.9559057314680075 -4.26372382562 -4.476408596556017 -4.748875032836212 -4.822165055253352 -4.775316923276906 -4.677596893387385 -4.627874642884775 -4.493940719565607
-1.5370475798497392 -1.4034010683831877 -1.765540002679649 -1.94431017500695 -2.990201906677444 -4.5037127225545595 -5.2900715513125895 -5.246959773420154 -4.637646645873727 -4.025459399801138 -2.745901831953641 -1.2507853746439643 -0.19512163998451815 -0.3074996743574676 -0.7567243999966493 -1.2548091405805923 -1.7060457491880872 -1.932526289049684 -2.981292139246341 -4.841709061231257 -5.464817957703263 -5.334907800320723 -5.205859878496032 -5.027377118021348 -4.752898798772839 -4.4999763684705485 -4.348510322141791 -4.349659969552255 -4.551710501941471 -4.542800734510369 -4.472672242472006 -4.273495828608953 -4.058511762852005 -3.9110694824598746 -3.923715603974989 -4.068283765840958 -4.258837824125524 -4.4384702320106735 -4.491066601039445 -4.335001965068827 -4.161980029793852 -3.921703721006675 -3.751843316110478
-1.5859075947944996 -1.1835310011317643 -1.3875934164892945 -1.9023480445249792 -2.447280917085368 -3.9179673669226642 -5.313351911374506 -5.296682023922764 -4.518370727037988 -4.462900239483053 -3.740059430153212 -2.4929794016513505 -1.2323910160765257 -0.5860017595426035 -1.0107964777094054 -1.6140739563508912 -2.053526679001121 -1.8310699050761512 -1.8738942711159714 -3.4638566397890065 -5.61024835512708 -5.683538377544221 -5.407048175327399 -5.217643764453298 -5.102391611554186 -4.835960824178932 -4.3867360985397506 -4.108234013354615 -4.365180209593532 -4.273495828608953 -4.207103690654601 -4.138699669731936 -3.9432596099528934 -3.9619413803729486 -3.9794735033825397 -3.939523255868882 -3.9823476219087017 -4.084953653292699 -4.047877524305204 -3.882615709050867 -3.70585741969188 -3.4902985302297003 -3.561576669678528
