static/data/ASCData/20210105/ASCV/21.asc
ncols 97
nrows 97
xllcorner 99.0
yllcorner 2.0
cellsize 0.25
NODATA_value -32767
[rows 19 to 37 of 97, columns 0 to 42 of 97]
0.046070074836088715 0.00497093990597719 0.6680737611944885 0.32217902829274436 -0.21293722515971503 -0.5458678014056515 -0.5828294395307188 0.034209250661627166 1.4335106701277738 1.1816750312607143 0.492368063540253 0.05379340220550599 -0.2998246580656554 -0.490149511097715 -0.6669585412332957 -0.4813228512469534 -0.11915396424536606 0.24715241956126555 0.8026803239186124 1.4100648548991872 0.720757887178725 -0.24714053208141795 -0.7039201793583629 -0.5320761453888361 -0.1787339182380112 -0.101500644543842 -0.580898607688364 -1.403157139410932 -2.1277707465344418 -2.4764238106395493 -2.7108819629254204 -2.699296971871295 -2.496007962183428 -2.5536570843337185 -5.00691685660494 -6.741079684159379 -8.491240832693324 -9.808619815419583 -9.934399718292944 -9.628776620960304 -8.520479143448974 -7.347636715778945 -6.549651498645973
-0.14535811067731697 -0.10536230822855064 -0.26175968745924294 -0.5066994983178947 -0.6112402509253592 -0.6961968519889457 -0.40822707435782846 0.12109668356756753 0.4170656216884385 0.16026498665532518 -0.2772063421980775 -0.3836779266478967 -0.5362136421938803 -0.4120887380425371 -1.14249484069311 -0.9160358488969917 -0.1795614175990199 0.17571164139415885 0.15336915864691747 0.2794248946406146 0.5811863282885481 0.39444730582085974 -0.24796803144242752 -0.6531668852164803 -0.5596594574224678 -0.674681868602713 -0.9179666807393465 -1.6933335820047395 -2.148458230559666 -2.2449998226773777 -1.8613159522895577 -1.7382943806195592 -2.878864333210239 -4.3154032239217885 -6.741079684159379 -8.04190867966546 -9.38466430946266 -9.879784760466354 -9.957018034160523 -9.409213457172594 -8.590816589134736 -7.646363985103179 -6.2382359057862695
0.21681077632427037 -0.26065635497789774 -0.45125704113029474 -0.6062752547593053 -0.9149325164156465 -0.8710750502821725 -0.6484777221707629 -0.2625871868202525 -0.09846648022014204 -0.24603719960007275 0.17488414203315017 0.43664977323231646 0.1660574821823877 -0.5174569900110111 -1.1962822991586926 -0.7753609575254696 0.016555930960103105 -0.0027523874634391987 0.13295750774202908 0.15833415481297042 0.4005156344682588 0.2694949023085078 -0.17680308639565734 -0.4959420066247784 -0.7783951218491687 -0.973684971047283 -1.2547589206699916 -1.991233351967964 -2.2157615119217278 -1.9785450284324932 -2.029298322574376 -2.8515568542969434 -4.38574066960755 -6.100595178738446 -7.785108044632347 -8.661154034820497 -9.428797608716472 -9.759797353120055 -9.612226633740125 -9.07517954844531 -8.275263499469986 -7.322260068708003 -5.8691711907762745
1.0771342786532498 -0.19721473730054484 -0.6004827592322428 -0.6181360789337678 -0.7480534786121735 -0.8349409115181139 -0.8730058821245263 -0.43553455327112456 -0.13073895529949198 -0.14149644699260833 0.43664977323231646 0.5116763819637953 0.2137766120005713 -0.3417512923567756 -0.9198975125817004 -0.1572189348517785 0.17102247834844153 -0.050747350401959324 0.19639912541938287 0.22453410369368765 0.3671398269075645 0.22260327185133288 -0.07722732995424586 -0.4482228768065948 -0.8319067471944148 -1.0575382396295234 -1.2351747691261137 -2.077017452392559 -2.2303806672995528 -2.329956423740964 -2.7928043996653074 -4.230446622858203 -6.095630182572393 -6.955953684901371 -7.971571233979699 -8.784175606490495 -9.33308351595977 -9.35542599870701 -9.165101145674951 -8.611228240039623 -7.664017304804703 -6.57916564252196 -5.0369826667216
0.9941085094320172 -0.0946048165354334 -0.5370411415548899 -0.4697378601928275 -0.5996552598712341 -0.24107220343401892 -0.28024050652177657 -0.318305477128189 -0.2940321625385929 -0.11225813623695835 0.2363949278681492 0.12026918420655885 -0.08577815668467181 -0.6415818941623543 -0.0741931656305459 0.6904162439417307 0.25404824756967326 -0.008820716110838234 0.1729533101907954 0.03724341498532713 0.13488833958438384 0.1514383268045627 -0.14949560748236124 -0.39250458649865827 -0.7761884568864783 -0.9179666807393465 -1.1651131565606887 -1.961995041212314 -2.473665479436186 -3.0995308294792943 -4.648333800167726 -6.087906855202975 -6.527309015898732 -7.388735850709056 -7.958055411083219 -8.597712417143143 -8.753833963253498 -8.493999163896687 -8.249059353038035 -7.530238241441587 -6.581096474364314 -5.426734865756819 -3.8828968912344406
0.0822042136001464 -0.16797642654489486 -0.3125129816011256 -0.318305477128189 -0.24714053208141795 0.11337335619815114 0.40713562935633085 0.1718499777094502 -0.25872552313554387 0.16412665034003382 0.27335656599321556 -0.2852055026878304 -0.2645180186626064 0.19143412925332903 0.7599261902664827 0.996039341274372 0.4247889490578549 0.02262425960750214 -0.06343567393742955 -0.27637884283706793 -0.2987213255843102 -0.18838807744978237 -0.3133404809621352 -0.5574527924597774 -0.6893010239805379 -0.721573499059887 -1.333095526845507 -2.0254366588896677 -3.2666857004031034 -4.919753590578664 -6.381669128361155 -6.685637226971779 -7.125039387667535 -7.423766656991768 -7.950056250593466 -7.859307154002817 -7.744008909702235 -7.266541778400066 -6.702187214191958 -5.982262770114165 -5.121111768424177 -3.965646827335336 -3.0076784004073
-0.3067204860740631 -0.0526781822443132 -0.1503231068433699 -0.30065215742666407 -0.2002489016242439 -0.01654404348025551 0.3290748563011521 0.39665397078355014 0.20715661711249922 0.9394935516054268 0.6642120975097798 -0.206868896512316 0.3916889746174972 0.6542821051776722 0.6338704542727847 0.7734420131629625 0.7579953584241288 0.10565002882873387 -0.4617386997030746 -0.3329246325060131 -0.36409377510401786 -0.3916770871376496 -0.5116644944839486 -0.6493052215317716 -0.7441918149274649 -1.0633307351565868 -1.6249269681613319 -2.4590463240583613 -5.0791851341330565 -6.53117067958344 -6.841758773082136 -7.1366243787216606 -7.31646757318094 -7.525273245275534 -7.550649892346476 -7.24613012749518 -6.867135420153077 -6.02915440057134 -5.471695664371638 -4.76942453999537 -3.759599486444106 -2.3487130759238335 -1.4150179635853934
-0.706954343682062 -0.15335727116706988 -0.28796383389119384 -0.2656213511439516 -0.03695569438514301 -0.1864572456074285 -0.46284203218441977 -0.09267398469307953 0.35252067152973954 0.8876369249821989 0.06648172574097622 0.2137766120005713 0.6162171345712606 0.73841120688025 0.7130345598093086 0.720757887178725 0.7988186602339038 0.027313422653219455 -0.706954343682062 -0.28217133836413044 0.13488833958438384 -0.18562974624641893 -0.32216714081289677 -0.43553455327112456 -0.7108160073667706 -1.2089706226941628 -2.035090818101439 -2.752808597216541 -6.072184367343805 -7.208065156888767 -7.344602551455245 -7.499896598204593 -7.617125674347529 -7.500999930685938 -7.336879224085829 -7.002845315358545 -6.669914739112609 -6.096733515053738 -5.596648067883991 -4.355399026370555 -2.564414576026835 -1.1455290050168099 -0.4735995238775361
-1.418879627270102 -1.029127428234883 -0.7841876173762312 -0.07502066499155546 0.7265503827057884 0.5108488826027866 -0.40022791386807555 -0.6346860661539466 -0.37402376743612464 -0.9334133354781802 -0.24217553591536412 -0.1230156279300747 -0.2772063421980775 -0.20604139715130643 -0.19914556914289872 -0.4766336882012361 -0.9248625087477542 -1.564519514807678 -1.5457628626248088 -1.2293822735990503 -0.41512290236623706 -0.15418477052807855 0.03614008250398104 0.09682336897797139 -0.23031471174090257 -0.9656858105575292 -2.1396315707089038 -3.551621313710521 -6.571166482032206 -7.635606493410062 -7.738216414175172 -7.67091313281311 -7.630917330364344 -7.590645694795242 -7.527204077117888 -7.378805858376949 -7.32998339607742 -6.945196193208255 -6.088734354563984 -3.7176728521529854 -1.6580269426016905 -0.4325003889474246 0.12413084789126749
-1.2674472442054627 -1.4726670857356838 -1.1482873362201724 -0.580898607688364 0.22949909985974148 0.4112731261613751 -0.16990725838724874 -0.5604869567834765 -0.7119193398481158 -0.9745124704082917 -0.192249741134491 -0.4267078934203621 -0.6054477553982966 -0.753845974139236 -0.8525942312196388 -0.8418367395265225 -0.8164600924555812 -1.300823051766157 -1.593757825563328 -2.264583974221256 -2.068190792541797 -1.532247039728329 -0.9775466347319917 -0.36823127190906213 -0.23224554358325733 -0.6688893730756504 -1.9024150872196692 -4.396498161300666 -7.0489094464547115 -7.6044373508120575 -7.811588024184633 -7.903164620136291 -7.88082213738905 -7.802761364333872 -7.817380519711696 -7.811588024184633 -7.846618830467346 -7.278402602574529 -5.873860353821992 -3.073326683047344 -1.2235897780719878 -0.844595070729885 -0.9579624831881128
-1.1151873617798147 -1.357368841435103 -1.2089706226941628 -0.8525942312196388 -0.8076334326048187 -0.7177118353751784 -0.3974695826647121 -0.17763058575666602 -0.17680308639565734 -0.50476866647554 -0.1795614175990199 -0.8564558949043475 -0.9052783572038754 -0.8572833942653562 -0.800737604596411 -0.6846118609348206 -0.9725816385659378 -0.8953483648717686 -0.9979582856368792 -1.7129177335486183 -1.9424108896684356 -1.7098835692249184 -1.7948401702885048 -1.3604030057588021 -0.7499843104545283 -0.876867545809235 -1.0545040753058244 -2.9384442872028838 -6.778317155404782 -7.977363729506761 -7.990052053042232 -7.9881212211998776 -7.992258718004923 -8.020393696279227 -8.090731141964987 -7.878891305546695 -7.667051469128403 -6.847551268609198 -4.603373001552906 -2.159215722252782 -1.3631613369621656 -1.3201313701896993 -1.6864377539963318
-0.24907136392377272 -1.1620789922369887 -1.224693110553333 -1.6660261030914434 -1.362333837601156 -0.5293178141854726 -0.04495485487489681 0.4258922815392001 0.23942909219184827 -0.7910834453846398 -0.8495600668959389 -0.7480534786121735 0.4493380967677876 0.48740306737419914 -0.1649422622211949 -0.4744270232385448 -1.1005682064019897 -1.0567107402685147 -1.4346021151292723 -1.6240994688003232 -1.6610611069253904 -1.5868619975549203 -1.8593851204472034 -2.088878276567021 -1.5457628626248088 -1.192420635473984 -0.9687199748812292 -2.1854198686847326 -6.259750889172502 -7.685532288190935 -8.172929411825212 -8.16493025133546 -8.14451860043057 -8.153345260281332 -7.92274877168017 -7.624021502355936 -6.702187214191958 -4.709844586002725 -2.5771028995623055 -1.281238900222279 -0.742260983085111 -1.3681263331282194 -1.6629919387677443
0.25404824756967326 -0.5420061377209437 -1.454186266673151 -1.772497687541263 -1.344680517899632 -0.5166294906500024 -0.5643486204681851 -0.24217553591536412 -0.14535811067731697 -1.2820663995832877 -1.3027538836085117 -0.21183389267836983 0.7910953328644865 1.2704932960090094 0.6192512988949597 -0.38671209097159576 -0.8741092146058715 -0.9102433533699292 -1.2197281143872791 -1.5496245263095174 -1.7313985526111515 -1.6298919643273857 -1.7363635487772053 -1.9647533724156774 -2.0858441122433216 -1.9266884018092654 -1.6445111197052107 -2.186523201166078 -4.586823014332727 -5.460938172678522 -6.772524659877719 -8.368219261023325 -8.348635109479446 -7.987293721838869 -7.7128397671042315 -6.285127536243444 -4.647506300806717 -2.1377007388665494 -0.9844424627403994 -0.11915396424536606 -1.4199829597514473 -2.057709133969017 -3.5458288181834585
-0.41981206541195437 -0.206868896512316 -1.3289580300404618 -1.5799661695465126 -1.15821732855228 -1.1609756597556435 -1.2059364583704637 -0.4256045609390169 -0.18562974624641893 -1.4053638043736223 -1.1824906431418762 -0.08991565348971609 0.24135992403420303 0.7196545546973798 0.6769004210452509 -0.3213396414518881 -0.5596594574224678 -0.6611660457062332 -0.9256900081087629 -1.192420635473984 -1.409225468058331 -1.5134903875454597 -1.6191344726342694 -2.0193683302422687 -2.1454240662359663 -3.1102883211724106 -2.9969209087141833 -2.7608077577062944 -3.0664308550389356 -3.6903653732396897 -7.099662740596594 -8.696184841103209 -8.123003617044338 -7.754766401395352 -6.586888969891376 -4.477593098679544 -2.384847214687891 -0.5888977681781178 -0.1729414227109487 -1.11325652993746 -2.4149130248045503 -3.9901959750452685 -5.483280655425764
-1.3466113497419858 -0.5535911287750688 -1.0840182191818108 -1.3201313701896993 -1.5818970013888665 -1.5849311657125655 -0.9637549787151753 0.09958170018133483 -0.1649422622211949 -1.4472904386647425 -0.768465129517061 -0.15997726605514107 0.02152092712615694 -0.1787339182380112 -0.2217638850104766 -0.26755218298630634 -0.4824261837282986 -0.7127468392091245 -1.0156116053384032 -0.906105856564885 -0.7635001333510081 -0.9725816385659378 -1.1201523579458685 -1.5203862155538674 -2.351471407127197 -3.5907896167982782 -3.6787803821855642 -3.409015590496644 -3.3670889562055235 -3.311370665897587 -7.078147757210361 -9.28508855302125 -8.71190732896238 -6.573097313874561 -5.327986608676416 -2.910033475808243 -1.2343472697651041 -0.5604869567834765 -1.184421474984231 -2.2361731628266153 -3.484318032348459 -5.062359313792541 -6.308573351472031
-1.3223380351523906 -0.8906592018260504 -0.9706508067235831 -1.5253512117199213 -1.6541652789169818 -1.2616547486784002 -0.5389719733972438 -0.21762638820543234 -0.9929932894708253 -1.6602336075643809 -0.35830127957695446 -0.10922397191325839 -0.3398204605144217 -0.5742786128002928 -0.4824261837282986 -0.44132704879818707 -0.6611660457062332 -0.9168633482580013 -0.8887283699836965 -0.7000585156736543 -0.4744270232385448 -0.3963662501833669 -0.5381444740362351 -0.9745124704082917 -1.7713943550599178 -2.7801160761298367 -3.0810500104167606 -3.5450013188224494 -4.048672596556568 -3.6142354320268657 -5.497899810803589 -8.14451860043057 -8.665015698505204 -6.307470018990685 -3.8721393995413242 -1.9236542374855659 -1.5156970525081501 -1.7029877412165106 -2.2684456379059648 -3.210967410095167 -4.443389791757841 -5.531275618364283 -6.630746436024851
-1.067468231961631 -0.9598933150304667 -0.9256900081087629 -1.3212347026710445 -1.339715521733578 -1.0271965963925291 -0.7050235118397081 -0.8611450579500648 -1.3162697065049915 -1.2908930594340502 -0.9168633482580013 -0.7988067727540562 -0.7254351627445956 -0.6366168979963005 -0.5185603224923563 -0.5770369440036562 -0.8730058821245263 -1.0459532485753984 -0.8095642644471726 -0.5078028307992399 -0.32795963633996017 -0.0537815147256584 -0.2498988632847814 -0.80377176892011 -1.3711604974519185 -1.9931641838103182 -2.6455095134057127 -3.3348164811261745 -4.191278319770445 -3.7430494992239263 -4.242031613912328 -5.933440307814637 -7.0574602731851375 -5.6231280474362775 -2.6590253363021925 -2.005852507345789 -2.1377007388665494 -2.5398654283169027 -3.254824876228642 -4.050603428398922 -4.988160204422071 -5.938405303980691 -6.543031503757902
-0.37402376743612464 -0.7557768059815908 -1.2693780760478166 -1.4511521023494511 -1.404260471892277 -1.064434067637932 -0.5039411671145313 -0.30258298926901883 -1.0098191098113407 -1.2558622531513368 -0.753845974139236 -0.8338375790367687 -1.2558622531513368 -0.923759176266409 -0.5585561249411226 -0.7665342976747072 -1.0594690714718782 -1.1005682064019897 -1.3711604974519185 -1.122910689149231 -0.9568591507067676 -0.7295726595496408 -0.7549493066205821 -1.2293822735990503 -1.8759351076673827 -2.3418172479154253 -2.819284379217594 -3.0234008882664702 -3.4354955700489307 -3.415083919144043 -2.9676825979585337 -3.308612334694224 -3.8467627524703825 -3.2459982163778798 -1.8729009433436832 -2.310372272197085 -2.9745784259669414 -3.353573133309044 -4.055568424564976 -4.679778775886066 -5.374050739772581 -5.9276478122875735 -6.273266712068982
0.22949909985974148 0.01186676791438579 -1.2762739040562252 -1.4988712321676347 -1.4326712832869175 -1.292823891276404 -0.8641792222737639 -0.6562010495401793 -1.5595545186416242 -1.8367668045796255 -0.5039411671145313 -0.6269627387845293 -1.2351747691261137 -0.9902349582674619 -0.7822567855338773 -1.0848457185428195 -1.233243937283759 -1.1786289794571676 -1.509628723860751 -1.8613159522895577 -1.9051734184230322 -2.021574995204959 -2.0488824741182547 -2.193419029174486 -2.5986178829485387 -3.0107125647309996 -3.273305695291175 -3.421703914032115 -2.9607867699501256 -2.9276867955097674 -2.767427752594366 -2.5751720677199517 -1.7832551792343794 -0.8065301001234735 -0.7803259536915235 -2.120047419165025 -3.322128157590704 -3.797940290170854 -4.426839804537662 -5.074220137967003 -5.618990550631233 -5.952196959997506 -6.154382637204028
