static/data/thetao/2023/7/19/0.asc
ncols 137
nrows 93
xllcorner 108.0
yllcorner 17.0
cellsize 0.25
NODATA_value -32767
[rows 54 to 80 of 93, columns 0 to 60 of 137]
-32767.0 -32767.0 -32767.0 -32767.0 -32767.0 -32767.0 -32767.0 -32767.0 -32767.0 -32767.0 -32767.0 -32767.0 -32767.0 -32767.0 -32767.0 -32767.0 -32767.0 -32767.0 -32767.0 -32767.0 -32767.0 -32767.0 -32767.0 -32767.0 -32767.0 -32767.0 -32767.0 -32767.0 -32767.0 -32767.0 -32767.0 -32767.0 -32767.0 -32767.0 -32767.0 -32767.0 -32767.0 -32767.0 -32767.0 -32767.0 -32767.0 -32767.0 -32767.0 -32767.0 -32767.0 -32767.0 -32767.0 -32767.0 28.00266 27.690256 28.762306 29.660585 29.792343 29.71277 29.704344 29.856428 29.829376 29.784002 29.300344 29.235403 29.14468
-32767.0 -32767.0 -32767.0 -32767.0 -32767.0 -32767.0 -32767.0 -32767.0 -32767.0 -32767.0 -32767.0 -32767.0 -32767.0 -32767.0 -32767.0 -32767.0 -32767.0 -32767.0 -32767.0 -32767.0 -32767.0 -32767.0 -32767.0 -32767.0 -32767.0 -32767.0 -32767.0 -32767.0 -32767.0 -32767.0 -32767.0 -32767.0 -32767.0 -32767.0 -32767.0 -32767.0 -32767.0 -32767.0 -32767.0 -32767.0 -32767.0 -32767.0 -32767.0 -32767.0 -32767.0 -32767.0 -32767.0 30.64251 -32767.0 28.241318 29.329618 29.636969 30.018412 30.092249 29.777533 29.802916 29.502567 29.484056 29.325895 29.15728 29.269032
-32767.0 -32767.0 -32767.0 -32767.0 -32767.0 -32767.0 -32767.0 -32767.0 -32767.0 -32767.0 -32767.0 -32767.0 -32767.0 -32767.0 -32767.0 -32767.0 -32767.0 -32767.0 -32767.0 -32767.0 -32767.0 -32767.0 -32767.0 -32767.0 -32767.0 -32767.0 -32767.0 -32767.0 -32767.0 -32767.0 -32767.0 -32767.0 -32767.0 -32767.0 -32767.0 -32767.0 -32767.0 -32767.0 -32767.0 -32767.0 -32767.0 -32767.0 -32767.0 -32767.0 -32767.0 -32767.0 -32767.0 30.976099 27.535324 28.055807 28.894562 29.835136 29.796455 30.074547 29.893602 29.806358 29.53071 29.451025 29.07084 29.020273 29.183392
-32767.0 -32767.0 -32767.0 -32767.0 -32767.0 -32767.0 -32767.0 -32767.0 -32767.0 -32767.0 -32767.0 -32767.0 -32767.0 -32767.0 -32767.0 -32767.0 -32767.0 -32767.0 -32767.0 -32767.0 -32767.0 -32767.0 -32767.0 -32767.0 -32767.0 -32767.0 -32767.0 -32767.0 -32767.0 -32767.0 -32767.0 -32767.0 -32767.0 -32767.0 -32767.0 -32767.0 -32767.0 -32767.0 -32767.0 -32767.0 -32767.0 -32767.0 -32767.0 -32767.0 -32767.0 -32767.0 -32767.0 29.469105 28.312107 28.0847 29.070421 29.563417 30.010496 30.368769 30.366327 30.186153 29.58149 29.50975 29.824457 30.334494 30.609638
-32767.0 -32767.0 -32767.0 -32767.0 -32767.0 -32767.0 -32767.0 -32767.0 -32767.0 -32767.0 -32767.0 -32767.0 -32767.0 -32767.0 -32767.0 -32767.0 -32767.0 -32767.0 -32767.0 -32767.0 -32767.0 -32767.0 -32767.0 -32767.0 -32767.0 -32767.0 -32767.0 -32767.0 -32767.0 -32767.0 -32767.0 -32767.0 -32767.0 -32767.0 -32767.0 -32767.0 -32767.0 -32767.0 -32767.0 -32767.0 -32767.0 -32767.0 -32767.0 -32767.0 -32767.0 31.612375 -32767.0 30.15351 28.392159 28.355392 29.2437 29.787172 30.813908 30.666588 30.520218 30.000261 29.67352 29.670979 29.962633 30.305449 30.497013
-32767.0 -32767.0 -32767.0 -32767.0 -32767.0 -32767.0 -32767.0 -32767.0 -32767.0 -32767.0 -32767.0 -32767.0 -32767.0 -32767.0 -32767.0 -32767.0 -32767.0 -32767.0 -32767.0 -32767.0 -32767.0 -32767.0 -32767.0 -32767.0 -32767.0 -32767.0 -32767.0 -32767.0 -32767.0 -32767.0 -32767.0 -32767.0 -32767.0 -32767.0 -32767.0 -32767.0 -32767.0 -32767.0 -32767.0 -32767.0 -32767.0 -32767.0 -32767.0 -32767.0 -32767.0 -32767.0 29.563583 28.918821 28.41487 29.315126 29.753786 30.308868 31.008453 30.327684 30.324802 30.235054 30.050291 29.661861 29.959711 30.149357 30.261515
-32767.0 -32767.0 -32767.0 -32767.0 -32767.0 -32767.0 -32767.0 -32767.0 -32767.0 -32767.0 -32767.0 -32767.0 -32767.0 -32767.0 -32767.0 -32767.0 -32767.0 -32767.0 -32767.0 -32767.0 -32767.0 -32767.0 -32767.0 -32767.0 -32767.0 -32767.0 -32767.0 -32767.0 -32767.0 -32767.0 -32767.0 -32767.0 -32767.0 -32767.0 -32767.0 -32767.0 -32767.0 -32767.0 -32767.0 -32767.0 -32767.0 -32767.0 -32767.0 -32767.0 29.447594 27.805622 28.40778 28.594616 29.007252 30.085855 30.580055 30.440321 -32767.0 -32767.0 -32767.0 -32767.0 29.97741 29.667425 30.03284 30.181612 30.254072
-32767.0 -32767.0 -32767.0 -32767.0 -32767.0 -32767.0 -32767.0 -32767.0 -32767.0 -32767.0 -32767.0 -32767.0 -32767.0 -32767.0 -32767.0 -32767.0 -32767.0 -32767.0 -32767.0 -32767.0 -32767.0 -32767.0 -32767.0 -32767.0 -32767.0 -32767.0 -32767.0 -32767.0 -32767.0 -32767.0 -32767.0 -32767.0 -32767.0 -32767.0 -32767.0 -32767.0 -32767.0 -32767.0 -32767.0 -32767.0 -32767.0 -32767.0 -32767.0 27.040089 27.871887 28.39845 26.999157 28.498251 30.407488 30.479511 30.102234 31.355139 -32767.0 -32767.0 -32767.0 -32767.0 29.725914 30.195265 30.077806 30.132462 30.228462
-32767.0 -32767.0 -32767.0 -32767.0 -32767.0 -32767.0 -32767.0 -32767.0 -32767.0 -32767.0 -32767.0 -32767.0 -32767.0 -32767.0 -32767.0 -32767.0 -32767.0 -32767.0 -32767.0 -32767.0 -32767.0 -32767.0 -32767.0 -32767.0 -32767.0 -32767.0 -32767.0 -32767.0 -32767.0 -32767.0 -32767.0 -32767.0 -32767.0 -32767.0 -32767.0 -32767.0 -32767.0 -32767.0 -32767.0 -32767.0 -32767.0 30.668972 30.41257 28.75279 27.515469 27.003967 27.511501 30.035505 30.43498 30.05554 30.911718 -32767.0 -32767.0 -32767.0 -32767.0 -32767.0 30.058372 30.204456 30.228811 30.22118 30.247732
-32767.0 -32767.0 -32767.0 -32767.0 -32767.0 -32767.0 -32767.0 -32767.0 -32767.0 -32767.0 -32767.0 -32767.0 -32767.0 -32767.0 -32767.0 -32767.0 -32767.0 -32767.0 -32767.0 -32767.0 -32767.0 -32767.0 -32767.0 -32767.0 -32767.0 -32767.0 -32767.0 -32767.0 -32767.0 -32767.0 -32767.0 -32767.0 -32767.0 -32767.0 -32767.0 -32767.0 -32767.0 -32767.0 -32767.0 -32767.0 -32767.0 28.67392 28.053156 28.263704 26.092436 28.807785 30.215458 30.002163 30.855352 31.104996 32.08094 -32767.0 -32767.0 -32767.0 -32767.0 30.100332 30.03159 30.237095 30.161142 30.274714 30.372368
-32767.0 -32767.0 -32767.0 -32767.0 -32767.0 -32767.0 -32767.0 -32767.0 -32767.0 -32767.0 -32767.0 -32767.0 -32767.0 -32767.0 -32767.0 -32767.0 -32767.0 -32767.0 -32767.0 -32767.0 -32767.0 -32767.0 -32767.0 -32767.0 -32767.0 -32767.0 -32767.0 -32767.0 -32767.0 -32767.0 -32767.0 -32767.0 -32767.0 -32767.0 -32767.0 -32767.0 -32767.0 -32767.0 -32767.0 29.190886 28.057407 27.519209 26.78366 26.628675 26.33489 29.223705 29.96064 30.636295 30.832731 31.493176 -32767.0 -32767.0 -32767.0 -32767.0 -32767.0 30.062368 30.224337 30.146301 30.1782 30.202425 30.379362
-32767.0 -32767.0 -32767.0 -32767.0 -32767.0 -32767.0 -32767.0 -32767.0 -32767.0 -32767.0 -32767.0 -32767.0 -32767.0 -32767.0 -32767.0 -32767.0 -32767.0 -32767.0 -32767.0 -32767.0 -32767.0 -32767.0 -32767.0 -32767.0 -32767.0 -32767.0 -32767.0 -32767.0 -32767.0 -32767.0 -32767.0 -32767.0 -32767.0 -32767.0 -32767.0 -32767.0 -32767.0 -32767.0 26.790958 25.234577 25.095203 25.201822 25.607 25.37182 27.786278 29.43579 30.271717 30.88217 31.11515 32.384228 -32767.0 -32767.0 -32767.0 -32767.0 -32767.0 30.006819 30.121407 29.949923 30.015104 30.164352 30.244951
-32767.0 -32767.0 -32767.0 -32767.0 -32767.0 -32767.0 -32767.0 -32767.0 -32767.0 -32767.0 -32767.0 -32767.0 -32767.0 -32767.0 -32767.0 -32767.0 -32767.0 -32767.0 -32767.0 -32767.0 -32767.0 -32767.0 -32767.0 -32767.0 -32767.0 -32767.0 -32767.0 -32767.0 -32767.0 -32767.0 -32767.0 -32767.0 -32767.0 -32767.0 -32767.0 -32767.0 26.41153 26.340569 25.580957 26.676662 27.662064 27.838364 28.010685 27.804073 29.274694 30.020607 -32767.0 30.8232 30.842108 -32767.0 -32767.0 -32767.0 -32767.0 -32767.0 29.789295 30.24364 30.192886 30.031042 29.984663 30.021067 30.210436
-32767.0 -32767.0 -32767.0 -32767.0 -32767.0 -32767.0 -32767.0 -32767.0 -32767.0 -32767.0 -32767.0 -32767.0 -32767.0 -32767.0 -32767.0 -32767.0 -32767.0 -32767.0 -32767.0 -32767.0 -32767.0 -32767.0 -32767.0 -32767.0 -32767.0 -32767.0 -32767.0 -32767.0 -32767.0 -32767.0 -32767.0 -32767.0 -32767.0 -32767.0 -32767.0 26.425905 26.715588 27.551064 28.100368 28.975689 28.824709 28.836803 28.773499 29.523308 29.707687 30.546595 -32767.0 30.549673 30.670212 -32767.0 -32767.0 -32767.0 -32767.0 -32767.0 29.693264 30.11489 30.312319 29.964718 29.97266 29.887774 30.22192
-32767.0 -32767.0 -32767.0 -32767.0 -32767.0 -32767.0 -32767.0 -32767.0 -32767.0 -32767.0 -32767.0 -32767.0 -32767.0 -32767.0 -32767.0 -32767.0 -32767.0 -32767.0 -32767.0 -32767.0 -32767.0 -32767.0 -32767.0 -32767.0 -32767.0 -32767.0 -32767.0 -32767.0 -32767.0 -32767.0 -32767.0 -32767.0 -32767.0 -32767.0 -32767.0 27.084476 27.669119 28.50928 29.121288 29.451057 28.928484 29.500895 29.616053 29.453314 28.530804 29.066563 29.906889 30.261349 30.547611 -32767.0 -32767.0 -32767.0 -32767.0 -32767.0 30.723188 30.496996 30.274374 29.88868 29.903282 29.831764 30.168428
-32767.0 -32767.0 -32767.0 -32767.0 -32767.0 -32767.0 -32767.0 -32767.0 -32767.0 -32767.0 -32767.0 -32767.0 -32767.0 -32767.0 -32767.0 -32767.0 -32767.0 -32767.0 -32767.0 -32767.0 -32767.0 -32767.0 -32767.0 -32767.0 -32767.0 -32767.0 -32767.0 30.561262 -32767.0 28.138329 -32767.0 27.485027 27.163206 27.188753 27.837626 28.352604 28.993471 29.47429 29.574682 29.574207 29.508848 29.572676 29.856348 29.220215 29.376793 29.829803 29.89597 30.067137 30.390245 -32767.0 -32767.0 -32767.0 -32767.0 30.431345 30.235483 30.39664 29.970089 29.879301 29.793468 29.815928 30.118914
-32767.0 -32767.0 -32767.0 -32767.0 -32767.0 -32767.0 -32767.0 -32767.0 -32767.0 -32767.0 -32767.0 -32767.0 -32767.0 -32767.0 -32767.0 -32767.0 -32767.0 -32767.0 -32767.0 -32767.0 -32767.0 -32767.0 -32767.0 30.81572 -32767.0 -32767.0 26.815752 26.401197 27.802408 27.847818 27.999544 29.022015 29.186619 29.224438 29.380465 29.427422 29.5367 29.55611 29.555117 29.73174 29.747356 29.897875 29.876463 29.876965 29.802197 29.716515 29.709673 29.860733 30.22428 30.41365 -32767.0 -32767.0 29.58931 30.38226 30.336655 30.475174 30.182106 30.04968 29.717522 29.856943 29.964323
-32767.0 -32767.0 -32767.0 -32767.0 -32767.0 -32767.0 -32767.0 -32767.0 -32767.0 -32767.0 -32767.0 -32767.0 -32767.0 -32767.0 -32767.0 -32767.0 -32767.0 -32767.0 -32767.0 -32767.0 -32767.0 -32767.0 -32767.0 29.453133 30.551077 27.026974 27.605085 28.529465 28.889664 28.802824 28.993624 29.179314 29.426073 29.480995 29.525923 29.446514 29.522932 29.506674 29.534672 29.568033 29.661083 29.771452 29.660288 29.560968 29.609243 29.724781 29.819077 29.858429 29.985403 30.060461 30.315496 -32767.0 29.600103 30.473581 29.919157 30.26779 30.120584 30.064516 29.714281 29.901377 29.69887
-32767.0 -32767.0 -32767.0 -32767.0 -32767.0 -32767.0 -32767.0 -32767.0 -32767.0 -32767.0 -32767.0 -32767.0 -32767.0 -32767.0 -32767.0 -32767.0 -32767.0 -32767.0 -32767.0 -32767.0 30.69529 30.508232 29.367138 27.276537 27.559841 -32767.0 28.127748 28.22118 28.287775 28.62591 29.005499 29.264494 29.423727 29.498154 29.529734 29.472599 29.444052 29.505327 29.52597 29.499233 29.515816 29.439314 29.576883 29.624695 29.765606 29.865503 29.905 29.87279 29.979187 30.091608 30.171888 -32767.0 30.23703 30.134285 29.758558 29.834368 30.059204 30.142681 29.677952 29.906559 29.729507
-32767.0 -32767.0 30.585405 -32767.0 -32767.0 -32767.0 -32767.0 -32767.0 -32767.0 -32767.0 -32767.0 -32767.0 -32767.0 -32767.0 -32767.0 -32767.0 30.219513 -32767.0 29.262745 28.719702 28.88504 27.492538 27.097134 27.3859 27.923176 27.81189 27.607914 27.812061 27.991608 28.465517 28.974607 29.228899 29.438599 29.47925 29.4176 29.355577 29.379852 29.354912 29.321798 29.285 29.466583 29.620916 29.643965 29.803495 30.117443 30.383535 30.375298 30.258543 30.193024 30.215948 30.261204 29.949286 29.706839 29.845953 29.755743 30.005655 30.05974 29.97667 29.687746 29.92213 29.943985
-32767.0 30.66868 30.588287 30.417507 30.498703 -32767.0 31.029911 30.884947 -32767.0 -32767.0 -32767.0 -32767.0 -32767.0 30.168999 29.002369 29.128435 28.848991 27.887657 26.740145 27.31398 27.139402 27.400892 27.27385 27.175678 27.262312 27.315008 27.4844 28.007883 28.282902 28.570187 28.829426 29.075493 29.190773 29.19908 29.202152 29.270905 29.225586 29.146345 29.256847 29.485384 29.645374 29.560816 29.76025 29.877258 29.813177 29.904362 29.974545 29.985832 29.926888 29.988302 29.88067 29.713331 29.700544 29.886183 30.01123 30.071177 29.892244 30.035402 29.940445 29.812738 30.085697
31.427177 29.075922 29.407465 30.038952 30.604395 31.049335 31.02151 30.83642 -32767.0 -32767.0 -32767.0 30.02343 28.819933 26.917877 27.21068 26.996136 26.309805 26.450949 26.648643 26.924076 26.945862 26.923367 27.302881 27.836742 27.984556 28.04916 28.247278 28.34881 28.440134 28.648708 28.948362 29.059885 29.00038 29.111961 29.086199 29.124949 29.071898 28.945398 29.303616 29.649746 29.446777 29.680527 29.6915 29.890703 29.922657 29.855625 29.75505 29.796793 29.821306 29.844908 29.56059 29.597332 29.633692 29.983603 29.991373 29.891027 29.745874 29.583096 29.778101 30.003546 30.09036
30.183407 30.386656 30.048565 29.714085 29.861877 30.223211 30.791727 -32767.0 -32767.0 30.706675 -32767.0 28.501074 26.37119 25.79627 26.223759 25.9012 26.262125 26.215744 26.412903 26.738745 27.537111 27.93323 28.384247 28.463337 28.386639 28.553139 28.304579 28.265554 28.449627 28.694633 28.73351 28.804094 28.87388 28.89983 28.822554 29.051804 29.135609 28.96924 29.552538 29.451302 29.42997 29.660776 29.79688 29.852701 29.898565 29.898977 29.875298 29.84431 29.816477 29.844135 29.502628 29.48815 29.690363 29.749922 30.039446 29.64269 29.306526 29.490887 29.966875 30.015978 29.865221
30.644573 30.34512 30.442692 30.129826 29.795609 30.067118 30.882689 30.78467 -32767.0 -32767.0 29.878994 28.024622 25.9456 26.618399 25.94034 25.043041 25.284681 25.658218 25.890047 26.150549 26.792467 27.702085 28.375788 28.705528 28.563377 28.403595 28.0595 28.21109 28.358742 28.494038 28.702805 28.73255 28.742401 28.717869 28.969656 29.242403 29.25348 29.035233 29.432175 29.190275 29.344702 29.558119 29.623861 29.536076 29.440907 29.464445 29.517422 29.63942 29.680712 29.58876 29.482744 29.612352 29.676975 29.816816 29.751749 29.932669 29.791536 30.086346 30.115753 30.219889 30.29534
30.337973 30.342775 30.304699 30.283424 29.858114 30.197762 30.585255 31.01384 -32767.0 -32767.0 30.448893 30.4741 26.5229 26.649212 25.901989 24.8909 23.927742 23.943623 24.549374 25.48818 26.478651 27.303772 28.11543 28.344831 28.408175 28.2383 27.934418 27.992208 28.355474 28.42303 28.779987 28.83859 28.69525 28.72494 28.899912 28.891396 28.936676 29.222729 29.1473 29.054996 29.163591 29.247837 29.288992 29.351381 29.374205 29.340101 29.408188 29.536476 29.590063 29.484201 29.824348 29.790737 29.74011 29.754751 29.936768 29.953194 -32767.0 30.021912 30.132692 30.26404 30.34115
30.50558 30.27721 30.31259 30.42523 30.17697 30.339046 30.618385 31.063349 30.756063 31.176447 31.236273 31.118732 30.695633 26.722092 26.302809 25.012856 23.73437 24.062756 24.699322 25.324148 26.789951 28.512232 28.853077 28.361103 28.265408 28.086353 27.763153 28.051498 28.333508 28.434216 28.689516 28.866877 28.722996 28.668932 28.730352 28.81365 28.974337 29.167059 29.139261 29.217737 29.202291 29.218582 29.230822 29.223272 29.169395 29.262587 29.547705 29.508596 29.392685 29.515802 29.762165 29.718151 29.75879 29.818754 29.716719 29.836166 29.579166 29.793373 29.999142 30.041412 29.975775
30.458334 30.401554 30.192507 30.517084 30.544128 30.857002 31.001991 30.80339 31.272533 -32767.0 -32767.0 -32767.0 28.620232 27.46954 26.228586 24.3497 25.55753 26.823078 27.440361 27.275848 27.91342 28.993393 28.932821 28.36753 28.304876 27.86911 27.915958 28.42328 28.555555 28.62644 28.638802 28.702885 28.731836 28.627508 28.762936 28.895622 29.01114 29.137823 29.21365 29.200407 29.16758 29.141962 29.143911 29.160467 29.155819 29.322409 29.5019 29.518032 29.403187 29.562891 29.701466 29.78172 29.768845 29.86032 29.991035 30.035984 29.782558 29.33201 29.39037 29.565712 29.530636
