static/data/thetao/2023/7/19/12.asc
ncols 137
nrows 93
xllcorner 108.0
yllcorner 17.0
cellsize 0.25
NODATA_value -32767
[rows 54 to 80 of 93, columns 0 to 60 of 137]
-32767.0 -32767.0 -32767.0 -32767.0 -32767.0 -32767.0 -32767.0 -32767.0 -32767.0 -32767.0 -32767.0 -32767.0 -32767.0 -32767.0 -32767.0 -32767.0 -32767.0 -32767.0 -32767.0 -32767.0 -32767.0 -32767.0 -32767.0 -32767.0 -32767.0 -32767.0 -32767.0 -32767.0 -32767.0 -32767.0 -32767.0 -32767.0 -32767.0 -32767.0 -32767.0 -32767.0 -32767.0 -32767.0 -32767.0 -32767.0 -32767.0 -32767.0 -32767.0 -32767.0 -32767.0 -32767.0 -32767.0 -32767.0 28.42108 28.112072 29.206995 29.947622 30.489264 30.696026 30.442232 30.76923 30.4849 30.302357 29.598873 29.553923 29.501911
-32767.0 -32767.0 -32767.0 -32767.0 -32767.0 -32767.0 -32767.0 -32767.0 -32767.0 -32767.0 -32767.0 -32767.0 -32767.0 -32767.0 -32767.0 -32767.0 -32767.0 -32767.0 -32767.0 -32767.0 -32767.0 -32767.0 -32767.0 -32767.0 -32767.0 -32767.0 -32767.0 -32767.0 -32767.0 -32767.0 -32767.0 -32767.0 -32767.0 -32767.0 -32767.0 -32767.0 -32767.0 -32767.0 -32767.0 -32767.0 -32767.0 -32767.0 -32767.0 -32767.0 -32767.0 -32767.0 -32767.0 31.0444 -32767.0 28.574013 29.769768 30.19192 30.670887 30.843336 30.56651 30.78598 30.377369 30.030388 29.710108 29.463192 29.514933
-32767.0 -32767.0 -32767.0 -32767.0 -32767.0 -32767.0 -32767.0 -32767.0 -32767.0 -32767.0 -32767.0 -32767.0 -32767.0 -32767.0 -32767.0 -32767.0 -32767.0 -32767.0 -32767.0 -32767.0 -32767.0 -32767.0 -32767.0 -32767.0 -32767.0 -32767.0 -32767.0 -32767.0 -32767.0 -32767.0 -32767.0 -32767.0 -32767.0 -32767.0 -32767.0 -32767.0 -32767.0 -32767.0 -32767.0 -32767.0 -32767.0 -32767.0 -32767.0 -32767.0 -32767.0 -32767.0 -32767.0 31.32429 28.207764 28.634079 29.334496 29.988361 30.590479 30.809616 30.584476 30.585499 30.37812 30.05223 29.55742 29.61173 30.138037
-32767.0 -32767.0 -32767.0 -32767.0 -32767.0 -32767.0 -32767.0 -32767.0 -32767.0 -32767.0 -32767.0 -32767.0 -32767.0 -32767.0 -32767.0 -32767.0 -32767.0 -32767.0 -32767.0 -32767.0 -32767.0 -32767.0 -32767.0 -32767.0 -32767.0 -32767.0 -32767.0 -32767.0 -32767.0 -32767.0 -32767.0 -32767.0 -32767.0 -32767.0 -32767.0 -32767.0 -32767.0 -32767.0 -32767.0 -32767.0 -32767.0 -32767.0 -32767.0 -32767.0 -32767.0 -32767.0 -32767.0 29.700628 28.907074 28.618351 29.39792 30.067423 30.783419 31.208921 31.103994 30.544483 30.073528 29.868744 30.092632 30.182703 30.433527
-32767.0 -32767.0 -32767.0 -32767.0 -32767.0 -32767.0 -32767.0 -32767.0 -32767.0 -32767.0 -32767.0 -32767.0 -32767.0 -32767.0 -32767.0 -32767.0 -32767.0 -32767.0 -32767.0 -32767.0 -32767.0 -32767.0 -32767.0 -32767.0 -32767.0 -32767.0 -32767.0 -32767.0 -32767.0 -32767.0 -32767.0 -32767.0 -32767.0 -32767.0 -32767.0 -32767.0 -32767.0 -32767.0 -32767.0 -32767.0 -32767.0 -32767.0 -32767.0 -32767.0 -32767.0 31.977774 -32767.0 30.76838 28.959446 28.768269 29.779787 30.433517 31.549564 31.41244 31.387394 30.75062 30.131956 29.99086 29.93033 30.266611 30.410076
-32767.0 -32767.0 -32767.0 -32767.0 -32767.0 -32767.0 -32767.0 -32767.0 -32767.0 -32767.0 -32767.0 -32767.0 -32767.0 -32767.0 -32767.0 -32767.0 -32767.0 -32767.0 -32767.0 -32767.0 -32767.0 -32767.0 -32767.0 -32767.0 -32767.0 -32767.0 -32767.0 -32767.0 -32767.0 -32767.0 -32767.0 -32767.0 -32767.0 -32767.0 -32767.0 -32767.0 -32767.0 -32767.0 -32767.0 -32767.0 -32767.0 -32767.0 -32767.0 -32767.0 -32767.0 -32767.0 29.80036 29.496359 28.963528 29.825626 30.28928 31.454216 31.638315 30.778135 30.830833 30.884937 30.34723 30.05206 30.145487 30.3316 30.394493
-32767.0 -32767.0 -32767.0 -32767.0 -32767.0 -32767.0 -32767.0 -32767.0 -32767.0 -32767.0 -32767.0 -32767.0 -32767.0 -32767.0 -32767.0 -32767.0 -32767.0 -32767.0 -32767.0 -32767.0 -32767.0 -32767.0 -32767.0 -32767.0 -32767.0 -32767.0 -32767.0 -32767.0 -32767.0 -32767.0 -32767.0 -32767.0 -32767.0 -32767.0 -32767.0 -32767.0 -32767.0 -32767.0 -32767.0 -32767.0 -32767.0 -32767.0 -32767.0 -32767.0 29.601357 27.501715 28.974468 28.930155 29.361122 30.411499 31.45472 31.346115 -32767.0 -32767.0 -32767.0 -32767.0 30.20842 29.866583 30.334644 30.37644 30.283737
-32767.0 -32767.0 -32767.0 -32767.0 -32767.0 -32767.0 -32767.0 -32767.0 -32767.0 -32767.0 -32767.0 -32767.0 -32767.0 -32767.0 -32767.0 -32767.0 -32767.0 -32767.0 -32767.0 -32767.0 -32767.0 -32767.0 -32767.0 -32767.0 -32767.0 -32767.0 -32767.0 -32767.0 -32767.0 -32767.0 -32767.0 -32767.0 -32767.0 -32767.0 -32767.0 -32767.0 -32767.0 -32767.0 -32767.0 -32767.0 -32767.0 -32767.0 -32767.0 27.226633 28.198448 29.095163 28.851362 28.223213 30.82413 31.319998 31.169971 31.738811 -32767.0 -32767.0 -32767.0 -32767.0 29.79664 30.351545 30.267971 30.52035 30.402178
-32767.0 -32767.0 -32767.0 -32767.0 -32767.0 -32767.0 -32767.0 -32767.0 -32767.0 -32767.0 -32767.0 -32767.0 -32767.0 -32767.0 -32767.0 -32767.0 -32767.0 -32767.0 -32767.0 -32767.0 -32767.0 -32767.0 -32767.0 -32767.0 -32767.0 -32767.0 -32767.0 -32767.0 -32767.0 -32767.0 -32767.0 -32767.0 -32767.0 -32767.0 -32767.0 -32767.0 -32767.0 -32767.0 -32767.0 -32767.0 -32767.0 30.924074 31.027962 29.350073 29.158052 28.011965 29.44031 28.960032 31.055134 30.991526 31.507956 -32767.0 -32767.0 -32767.0 -32767.0 -32767.0 30.234715 30.204659 30.423315 30.577442 30.440691
-32767.0 -32767.0 -32767.0 -32767.0 -32767.0 -32767.0 -32767.0 -32767.0 -32767.0 -32767.0 -32767.0 -32767.0 -32767.0 -32767.0 -32767.0 -32767.0 -32767.0 -32767.0 -32767.0 -32767.0 -32767.0 -32767.0 -32767.0 -32767.0 -32767.0 -32767.0 -32767.0 -32767.0 -32767.0 -32767.0 -32767.0 -32767.0 -32767.0 -32767.0 -32767.0 -32767.0 -32767.0 -32767.0 -32767.0 -32767.0 -32767.0 29.505827 29.211552 28.930365 27.235603 29.339737 30.378622 30.759737 31.038874 31.166088 32.316807 -32767.0 -32767.0 -32767.0 -32767.0 30.347017 30.328762 30.428448 30.375624 30.598223 30.585775
-32767.0 -32767.0 -32767.0 -32767.0 -32767.0 -32767.0 -32767.0 -32767.0 -32767.0 -32767.0 -32767.0 -32767.0 -32767.0 -32767.0 -32767.0 -32767.0 -32767.0 -32767.0 -32767.0 -32767.0 -32767.0 -32767.0 -32767.0 -32767.0 -32767.0 -32767.0 -32767.0 -32767.0 -32767.0 -32767.0 -32767.0 -32767.0 -32767.0 -32767.0 -32767.0 -32767.0 -32767.0 -32767.0 -32767.0 29.548435 29.193356 28.590027 28.256416 27.403074 27.316593 29.069422 30.660334 31.266716 31.779657 31.41574 -32767.0 -32767.0 -32767.0 -32767.0 -32767.0 30.043903 30.349659 30.402863 30.265463 30.58884 30.584826
-32767.0 -32767.0 -32767.0 -32767.0 -32767.0 -32767.0 -32767.0 -32767.0 -32767.0 -32767.0 -32767.0 -32767.0 -32767.0 -32767.0 -32767.0 -32767.0 -32767.0 -32767.0 -32767.0 -32767.0 -32767.0 -32767.0 -32767.0 -32767.0 -32767.0 -32767.0 -32767.0 -32767.0 -32767.0 -32767.0 -32767.0 -32767.0 -32767.0 -32767.0 -32767.0 -32767.0 -32767.0 -32767.0 27.436579 26.332298 26.310497 27.171347 26.778814 26.300781 27.614914 29.961954 30.756985 31.526625 31.35658 32.729362 -32767.0 -32767.0 -32767.0 -32767.0 -32767.0 30.431204 30.576763 30.636244 30.4638 30.567614 30.51059
-32767.0 -32767.0 -32767.0 -32767.0 -32767.0 -32767.0 -32767.0 -32767.0 -32767.0 -32767.0 -32767.0 -32767.0 -32767.0 -32767.0 -32767.0 -32767.0 -32767.0 -32767.0 -32767.0 -32767.0 -32767.0 -32767.0 -32767.0 -32767.0 -32767.0 -32767.0 -32767.0 -32767.0 -32767.0 -32767.0 -32767.0 -32767.0 -32767.0 -32767.0 -32767.0 -32767.0 26.776134 27.01801 26.660378 27.628923 28.012747 28.286148 28.497038 28.515074 29.542105 30.20251 -32767.0 31.244217 31.083824 -32767.0 -32767.0 -32767.0 -32767.0 -32767.0 30.041265 30.684223 30.580444 30.613161 30.424444 30.536741 30.478146
-32767.0 -32767.0 -32767.0 -32767.0 -32767.0 -32767.0 -32767.0 -32767.0 -32767.0 -32767.0 -32767.0 -32767.0 -32767.0 -32767.0 -32767.0 -32767.0 -32767.0 -32767.0 -32767.0 -32767.0 -32767.0 -32767.0 -32767.0 -32767.0 -32767.0 -32767.0 -32767.0 -32767.0 -32767.0 -32767.0 -32767.0 -32767.0 -32767.0 -32767.0 -32767.0 26.904985 27.269197 28.376415 28.832079 29.300716 29.08718 29.235394 29.35085 30.095745 30.019518 30.529785 -32767.0 31.089893 31.012028 -32767.0 -32767.0 -32767.0 -32767.0 -32767.0 30.182404 30.855743 30.682049 30.390846 30.458738 30.470592 30.551884
-32767.0 -32767.0 -32767.0 -32767.0 -32767.0 -32767.0 -32767.0 -32767.0 -32767.0 -32767.0 -32767.0 -32767.0 -32767.0 -32767.0 -32767.0 -32767.0 -32767.0 -32767.0 -32767.0 -32767.0 -32767.0 -32767.0 -32767.0 -32767.0 -32767.0 -32767.0 -32767.0 -32767.0 -32767.0 -32767.0 -32767.0 -32767.0 -32767.0 -32767.0 -32767.0 27.814672 27.95321 28.92324 29.562092 29.75647 29.484413 29.72709 29.986382 29.932877 28.75712 29.4159 30.151472 30.653873 31.136522 -32767.0 -32767.0 -32767.0 -32767.0 -32767.0 30.652029 30.871195 30.606413 30.458643 30.389393 30.391289 30.526867
-32767.0 -32767.0 -32767.0 -32767.0 -32767.0 -32767.0 -32767.0 -32767.0 -32767.0 -32767.0 -32767.0 -32767.0 -32767.0 -32767.0 -32767.0 -32767.0 -32767.0 -32767.0 -32767.0 -32767.0 -32767.0 -32767.0 -32767.0 -32767.0 -32767.0 -32767.0 -32767.0 30.706944 -32767.0 28.495628 -32767.0 27.879993 27.5504 27.573622 28.055004 28.66142 29.193356 29.766874 29.94132 29.828808 29.79626 29.880587 29.956158 29.727556 29.689072 30.190937 29.99177 30.254045 30.643333 -32767.0 -32767.0 -32767.0 -32767.0 30.631992 30.458744 30.818687 30.616755 30.462465 30.3133 30.341475 30.394367
-32767.0 -32767.0 -32767.0 -32767.0 -32767.0 -32767.0 -32767.0 -32767.0 -32767.0 -32767.0 -32767.0 -32767.0 -32767.0 -32767.0 -32767.0 -32767.0 -32767.0 -32767.0 -32767.0 -32767.0 -32767.0 -32767.0 -32767.0 31.194422 -32767.0 -32767.0 27.057322 26.79177 28.30689 28.17159 28.432453 28.751478 29.361486 29.367697 29.559013 29.63179 29.64545 29.688784 29.770588 29.934855 29.9657 30.010586 29.99699 30.03132 29.900314 29.744698 29.79097 29.889782 30.465036 30.81901 -32767.0 -32767.0 29.961351 30.646307 30.68646 30.751497 30.523737 30.476091 30.197746 30.316185 30.224047
-32767.0 -32767.0 -32767.0 -32767.0 -32767.0 -32767.0 -32767.0 -32767.0 -32767.0 -32767.0 -32767.0 -32767.0 -32767.0 -32767.0 -32767.0 -32767.0 -32767.0 -32767.0 -32767.0 -32767.0 -32767.0 -32767.0 -32767.0 29.918839 30.720753 27.37699 28.051905 28.863539 28.985577 28.972437 29.024752 29.172604 29.40923 29.655405 29.694244 29.693176 29.709793 29.737772 29.766064 29.816786 29.851587 29.868824 29.761131 29.689465 29.703402 29.754074 29.807903 29.890097 30.037313 30.216303 30.468262 -32767.0 30.107466 30.684336 30.240538 30.762228 30.226418 30.495667 30.153559 30.28655 29.936768
-32767.0 -32767.0 -32767.0 -32767.0 -32767.0 -32767.0 -32767.0 -32767.0 -32767.0 -32767.0 -32767.0 -32767.0 -32767.0 -32767.0 -32767.0 -32767.0 -32767.0 -32767.0 -32767.0 -32767.0 31.095804 30.91181 29.841764 27.673412 27.809889 -32767.0 28.222284 28.306513 28.412886 28.687824 29.073725 29.374178 29.526506 29.662966 29.703684 29.67613 29.61188 29.642654 29.64824 29.649626 29.601912 29.550014 29.686266 29.76366 29.853973 30.019432 29.997797 29.90689 29.960453 30.03727 30.18982 -32767.0 30.278576 30.223383 30.010544 30.135279 30.277452 30.481886 30.046778 30.23309 29.998438
-32767.0 -32767.0 30.884712 -32767.0 -32767.0 -32767.0 -32767.0 -32767.0 -32767.0 -32767.0 -32767.0 -32767.0 -32767.0 -32767.0 -32767.0 -32767.0 30.597633 -32767.0 29.829222 29.286238 29.389301 27.764841 27.33858 27.548561 28.209953 27.992685 27.866915 28.022459 28.195312 28.5573 29.036297 29.265491 29.521132 29.604502 29.593273 29.519392 29.487207 29.465271 29.432947 29.412523 29.571697 29.786747 29.795336 29.98202 30.224247 30.434584 30.407295 30.255787 30.198679 30.204859 30.334515 30.032137 29.755402 30.097818 30.258131 30.223547 30.34614 30.22561 30.026976 30.163818 30.222939
-32767.0 30.92771 30.809772 30.62875 30.816988 -32767.0 31.297419 31.089935 -32767.0 -32767.0 -32767.0 -32767.0 -32767.0 30.218737 29.354988 29.33642 28.85523 28.086952 27.21063 27.427446 27.544626 27.646349 27.743658 27.632858 27.615164 27.775274 27.875723 28.186275 28.447397 28.713041 28.894947 29.179129 29.293217 29.295212 29.309887 29.357916 29.406342 29.285612 29.38937 29.626873 29.82234 29.742853 29.89854 29.938278 29.980131 30.106722 30.12501 30.079487 30.227047 30.13566 29.921078 29.76942 29.869299 30.034124 30.276556 30.274479 30.152433 30.283384 30.169273 30.053417 30.269497
31.50954 29.560362 29.842363 30.343763 30.78357 31.159271 31.093227 31.128931 -32767.0 -32767.0 -32767.0 30.18171 28.822796 27.31936 27.423052 27.18583 26.708536 26.910975 27.086826 27.281712 27.323465 27.482878 27.912626 28.262415 28.451197 28.440823 28.49655 28.537317 28.56899 28.783731 29.070686 29.153078 29.123234 29.243277 29.222738 29.225197 29.283075 29.114464 29.432905 29.789673 29.63602 29.899172 29.870924 30.083965 30.072655 29.975538 29.920717 29.963106 29.93235 29.9324 29.651913 29.70844 29.81713 30.043678 30.138987 30.130554 30.100924 29.784454 29.866121 30.118353 30.284744
30.679144 30.821253 30.348734 30.090113 30.074318 30.499699 30.993883 -32767.0 -32767.0 30.868475 -32767.0 28.90217 26.810902 26.371908 26.689144 26.430767 26.630465 26.640434 26.850542 27.145199 27.705544 28.098904 28.474924 28.748583 28.656702 28.847143 28.552584 28.436148 28.60065 28.81082 28.855911 28.92813 28.995308 28.988699 28.972662 29.250647 29.297033 29.23923 29.733072 29.614592 29.688494 29.960648 29.998213 30.079561 30.067451 30.045036 30.003202 29.946526 29.91356 29.912989 29.66066 29.681072 29.810743 29.961952 30.160221 29.878073 29.658989 29.96341 30.357904 30.43185 30.388712
31.042246 30.72293 30.832983 30.519993 30.054934 30.313314 31.003181 31.151247 -32767.0 -32767.0 30.245451 28.636797 26.552704 27.016869 26.154465 25.729769 26.059343 26.107073 26.211376 26.443285 27.016653 27.801765 28.480719 28.904453 28.7754 28.665817 28.291866 28.372494 28.549597 28.662424 28.926188 28.903711 28.871878 28.877867 29.12779 29.474926 29.385456 29.281265 29.6072 29.394184 29.646746 29.84565 29.857056 29.743242 29.647999 29.661789 29.675192 29.7617 29.794428 29.677975 29.656094 29.966026 29.890585 30.01967 30.038467 30.066347 30.046001 30.122154 30.38358 30.46971 30.473574
30.805563 30.754929 30.811506 30.718946 30.274912 30.438915 30.78054 31.175404 -32767.0 -32767.0 30.718338 30.298841 26.751577 26.962008 26.147833 25.414492 24.684639 24.694838 25.071785 25.690277 26.425571 27.650593 28.270435 28.486732 28.635767 28.485964 28.128267 28.221262 28.50882 28.640745 28.97967 28.976404 28.841421 28.912136 28.962692 29.088444 29.16784 29.448257 29.316269 29.312363 29.44791 29.559351 29.565573 29.60054 29.605177 29.587597 29.626913 29.713266 29.74676 29.587389 29.911379 29.968588 29.883453 29.932709 30.152681 30.160828 -32767.0 30.110931 30.345173 30.489418 30.51017
31.129982 30.838104 30.829262 30.893242 30.57695 30.74948 30.827475 31.161732 31.07396 31.34002 31.23685 30.959465 29.467617 27.154139 26.751535 25.920193 24.695724 25.705183 26.632915 26.816618 26.657774 28.222258 29.047823 28.672535 28.457155 28.309017 27.951735 28.308311 28.49547 28.649689 28.883074 28.994965 28.868908 28.84779 28.89187 29.09495 29.23857 29.353523 29.352821 29.44188 29.454885 29.573166 29.603243 29.596592 29.511412 29.625725 29.780949 29.685524 29.600468 29.866455 30.004452 30.022032 29.910877 30.077787 29.899656 30.081898 29.691788 29.859816 30.122934 30.154016 30.198202
31.113993 31.019882 30.814972 30.983685 30.897732 31.179214 31.160984 31.14188 31.381655 -32767.0 -32767.0 -32767.0 29.040222 28.314678 26.82778 25.650564 28.07049 29.02445 28.780096 28.695385 27.825912 28.857164 29.313713 28.580408 28.497643 28.1683 28.101166 28.583622 28.769478 28.799847 28.804953 28.855051 28.846952 28.80336 28.938305 29.164282 29.245552 29.361553 29.41026 29.422049 29.440617 29.519545 29.606901 29.614191 29.579144 29.706459 29.81325 29.791155 29.67305 29.911829 29.962011 29.954762 29.864485 30.056713 30.152628 30.193882 30.120916 29.580112 29.564837 29.726402 29.736032
