static/data/thetao/2023/7/19/18.asc
ncols 137
nrows 93
xllcorner 108.0
yllcorner 17.0
cellsize 0.25
NODATA_value -32767
[rows 54 to 80 of 93, columns 61 to 121 of 137]
29.135529 29.03884 29.037943 28.998428 29.09788 29.191032 29.218758 29.484035 29.592133 29.570438 29.361118 29.39188 29.328983 29.050404 29.06498 29.198267 29.085474 29.1099 29.404156 29.152206 28.940199 28.914433 28.95457 29.024519 28.971437 29.243603 29.434172 29.420671 29.610697 29.13282 29.478022 29.487066 29.364334 29.38344 29.359814 29.335894 29.328331 29.425142 29.4066 29.395117 29.622463 29.415415 29.301727 29.249945 29.229301 29.41406 29.694178 29.765043 29.812986 29.895262 29.686281 29.508556 29.493828 29.412596 29.46944 29.283648 29.406137 29.511497 29.547338 29.303791 29.384481
29.337967 29.358286 29.42604 29.386133 29.51947 29.137365 29.29083 29.544197 29.760479 29.506907 29.425032 29.46084 29.323467 29.086702 29.23314 29.148417 29.154287 29.230356 -32767.0 28.827862 28.862247 29.303425 29.069962 29.101038 29.050318 29.154474 29.451574 29.375925 29.560558 29.284443 29.463114 29.470623 29.398268 29.381725 29.332478 29.331978 29.349794 29.290222 29.385502 29.605106 29.280449 29.202717 29.206476 29.163479 29.190338 29.174282 29.529692 29.762053 29.850546 29.774506 29.894587 29.611223 29.575476 29.338486 29.330647 29.332975 29.513208 29.435991 29.603678 29.54217 29.566
30.255054 29.625473 29.36056 29.692616 29.740627 29.779926 29.883492 29.973488 29.713362 29.392557 29.485207 29.453453 29.30362 29.215315 29.352777 29.374985 29.281055 29.158915 29.247927 29.335238 29.40875 29.028193 28.966242 29.157429 29.047234 29.139284 29.305262 29.260456 29.397566 29.554636 29.252172 29.393871 29.402653 29.386139 29.322044 29.265116 29.2306 29.372238 29.484211 29.189287 29.126066 29.084661 29.033306 29.056213 29.129011 29.13859 29.193937 29.673542 29.835577 29.82905 29.75038 29.809246 29.651506 29.367699 29.235928 29.396372 29.40184 29.297634 29.605053 29.439026 29.474901
30.548246 30.692768 30.098377 30.191376 30.23087 30.181517 30.143328 29.764582 29.431534 29.496502 29.437725 29.385191 29.186733 29.44346 29.491974 29.456322 29.460127 29.534334 29.555992 29.483387 29.520193 29.551905 29.413523 29.251762 29.171099 29.168911 29.165737 29.052267 29.287813 29.552 29.288212 29.410097 29.308865 29.261042 29.229523 29.201757 29.297495 29.361841 29.146002 29.003414 29.014606 29.044037 29.055586 28.97866 29.070332 29.126266 29.076591 29.421028 29.71717 29.78081 29.795351 29.698797 29.776377 29.579733 29.195263 29.28458 29.337816 29.586481 29.408514 29.34991 29.3956
30.251976 30.200764 30.273579 29.959925 29.936636 29.76429 29.622723 29.446115 29.518078 29.503807 29.461147 29.386919 29.254976 29.544878 29.625025 29.65219 29.634516 29.452866 29.639744 29.549374 29.508934 29.473152 29.497498 29.49163 29.29372 29.128603 29.118456 29.040611 29.223942 29.465658 29.55046 29.140615 29.310747 29.199257 29.139555 29.102037 29.199724 29.237846 28.998709 28.84576 28.898928 29.024446 28.834726 28.997892 28.94282 29.115719 29.134933 29.207241 29.601913 29.707241 29.785784 29.846771 29.749043 29.699762 29.695261 29.665083 29.620361 29.606806 29.338661 29.467524 29.529297
30.309822 30.152058 29.664677 29.599417 29.55119 29.42737 29.457214 29.481586 29.581665 29.497942 29.543589 29.421324 29.348774 29.677986 29.713537 29.705872 29.673828 29.496582 29.598484 29.551165 29.379765 29.456396 29.615475 29.560455 29.419195 29.14035 29.03047 28.968536 29.177288 29.456924 29.539036 29.212421 29.08836 29.074694 29.005888 28.928629 28.986591 29.06629 28.984415 28.88191 28.902079 28.834505 28.70762 28.832945 28.80929 29.067427 29.161152 29.15972 29.344093 29.673775 29.837461 29.92144 29.999378 29.964546 29.793198 29.694279 29.651077 29.336397 29.165688 29.193699 29.41264
30.31808 29.894127 29.425829 29.385496 29.390541 29.42365 29.448092 29.549187 29.487698 29.450266 29.318996 29.391544 29.74239 29.663197 29.57047 29.630571 29.545956 29.537325 29.48791 29.53538 29.528667 29.477306 29.729216 29.581707 29.507072 29.17704 29.007826 29.042883 29.307444 29.482086 29.485794 29.41438 29.023504 28.989916 28.900156 28.803034 28.691118 28.640789 28.662603 28.635384 28.569262 28.54391 28.633331 28.702007 28.725899 29.028103 29.19751 29.179026 29.23314 29.590172 29.906052 30.054998 30.117647 29.977932 29.79213 29.708582 29.629004 29.181824 29.04169 29.578264 29.605267
30.257519 29.43071 29.417105 29.465315 29.41888 29.529947 29.617958 29.76889 29.778107 29.520134 29.759092 29.722893 29.533571 29.563303 29.583296 29.54948 29.449232 29.44281 29.576317 29.583626 29.35699 29.51558 29.702925 29.543554 29.461952 29.201754 29.072193 29.168423 29.475456 29.448845 29.37767 29.421288 29.061327 28.889091 28.809717 28.772423 28.729263 28.668427 28.585892 28.50613 28.458195 28.549826 28.646128 28.744905 28.849321 29.047941 29.143316 29.195164 29.267483 29.552414 29.86361 30.066532 29.891958 29.801918 29.697403 29.723793 29.52846 29.096579 29.196325 29.669254 29.78949
29.805723 29.445948 29.541464 29.341036 29.289318 29.690605 29.739405 29.834326 29.773252 29.614334 29.582466 29.606558 29.613209 29.540565 29.437468 29.405214 29.447485 29.518927 29.459497 29.32435 29.365183 29.624376 29.529026 29.5476 29.376236 29.209885 29.238188 29.391378 29.448637 29.38846 29.192142 29.301691 29.328333 29.343645 29.387728 29.395939 29.344002 29.230381 29.168777 29.147049 29.094776 29.05214 29.025919 29.038927 29.06584 29.10322 29.134188 29.211584 29.302011 29.549835 29.871683 29.95764 29.742651 29.793333 29.686947 29.733099 29.440134 29.042255 29.598616 29.772799 29.85895
29.554796 29.632036 29.475456 29.690008 29.666555 29.746286 29.793875 29.786535 29.764235 29.693226 29.676401 29.570648 29.437792 29.430319 29.29405 29.187544 29.164576 29.234993 29.213217 29.279184 29.531065 29.521208 29.532005 29.306084 29.355692 29.297749 29.436634 29.589897 29.493464 29.363768 29.372068 29.320456 29.314539 29.326733 29.315372 29.314058 29.390892 29.295183 29.242708 29.205114 29.1334 29.06677 29.026413 29.03627 29.050165 29.077732 29.134527 29.202633 29.249245 29.559439 29.864798 29.842157 29.74695 29.711168 29.681602 29.64414 29.241095 29.245514 29.742792 29.860706 29.915161
29.618225 29.706509 29.660685 29.689926 29.633034 29.637531 29.716944 29.713919 29.7764 29.726196 29.720613 29.440804 29.127562 29.202806 29.16578 29.024311 28.933588 29.049686 29.20155 29.468576 29.554333 29.38316 29.296534 29.356731 29.38173 29.375296 29.501305 29.47374 29.371159 29.32045 29.30485 29.2647 29.237724 29.237795 29.263462 29.280596 29.210732 29.054487 28.89997 28.902784 28.943478 28.97852 28.978142 28.99057 29.0256 29.001343 29.087545 29.186584 29.216541 29.60319 29.85491 29.818535 29.730953 29.674463 29.648455 29.376614 29.068247 29.623161 29.77389 29.910263 29.92328
29.65961 29.637503 29.753124 29.687338 29.647717 29.597544 29.670343 29.702618 29.776642 29.797068 29.762468 29.591345 29.098671 29.162958 29.099213 28.957129 29.019846 29.196865 29.402067 29.457935 29.323153 29.147411 29.14519 29.204845 29.34043 29.55672 29.563946 29.38486 29.407001 29.288483 29.2371 29.236376 29.22891 29.131752 28.93131 29.03901 29.145052 29.231125 29.306065 29.389252 29.316612 29.26206 29.25244 29.27669 29.214926 29.143028 29.175983 29.217228 29.155067 29.598545 29.868744 29.88161 29.7282 29.627089 29.495756 29.128456 29.27161 29.786608 29.825874 29.879177 29.928205
29.606567 29.75933 29.821505 29.736578 29.600662 29.60343 29.693918 29.728228 29.73762 29.783249 29.789663 29.72939 29.104187 29.198341 29.047682 29.005112 29.167173 29.310303 29.37903 29.234655 28.983694 29.008316 28.99568 29.021671 29.036503 29.259876 29.525707 29.601597 29.46119 29.4042 29.275282 29.215939 29.248457 29.209541 28.93218 29.127232 29.082903 29.09742 29.17706 29.446547 29.699926 29.585518 29.471123 29.524397 29.568718 29.554064 29.454166 29.394348 29.459177 29.736208 29.897318 29.941067 29.739204 29.569883 29.234938 29.125723 29.874096 29.793325 29.889301 29.828993 29.954288
29.74043 29.745176 29.752111 29.61853 29.613281 29.692423 29.74869 29.722172 29.707947 29.779951 29.791117 29.751429 29.093588 29.187595 29.046804 29.033892 29.157146 29.2997 29.22666 28.950893 28.986765 28.965387 29.014044 28.96893 28.933947 28.91592 29.291655 29.317076 29.343857 29.352768 29.347101 29.248346 29.269417 29.21627 29.206045 29.154633 29.155125 29.105532 29.190426 29.355751 29.537287 29.393734 29.586832 29.635088 29.65357 29.694891 29.721663 29.78364 29.851645 29.92715 29.975338 29.873587 29.645788 29.415413 29.120249 29.491385 29.850359 29.877956 29.687098 29.585836 29.827112
29.7512 29.69226 29.594723 29.605844 29.671402 29.65963 29.723232 29.685652 29.719103 29.806036 29.784758 29.72865 29.152452 29.151348 29.092077 29.03768 29.120983 29.216824 29.036684 28.867332 28.919252 28.916151 28.97601 28.761372 28.656921 28.872877 28.901615 29.307978 29.187563 29.233723 29.197578 29.246866 29.233522 29.220644 29.255518 29.18813 29.223587 29.136208 29.225811 29.459827 29.291208 29.51473 29.619652 29.630894 29.759085 29.82684 29.874851 29.942848 29.974474 30.034662 30.063423 29.693632 29.520851 29.087212 29.245941 29.766432 29.77684 29.77026 29.564049 29.343575 29.504747
29.67695 29.57831 29.569204 29.63237 29.711086 29.758337 29.751257 29.790733 29.8201 29.852125 29.801016 29.724243 29.183306 29.153564 29.107096 29.106472 29.005213 29.138916 29.011927 28.873266 28.807396 28.975534 28.818552 28.701645 28.546402 28.714018 28.858677 29.083132 29.033024 29.181444 29.174725 29.181614 29.194294 29.179419 29.251783 29.244493 29.168608 29.216122 29.131718 29.30826 29.301682 29.494467 29.608612 29.683874 29.799395 29.930964 29.986017 29.999374 30.080477 30.098993 30.119686 29.506378 29.203827 29.534824 29.762054 29.803219 29.805515 29.683586 29.794535 29.694366 29.403856
29.630373 29.506813 29.540237 29.663528 29.677166 29.706367 29.747456 29.770409 29.879381 29.860117 29.77858 29.703756 29.198921 29.122976 29.088606 29.15786 29.065323 28.935318 28.877657 28.817915 28.973682 28.907862 28.68748 28.789625 28.67913 28.50798 28.756336 28.843538 28.895418 29.172922 29.146389 29.141356 29.18467 29.232458 29.269426 29.303144 29.28473 29.152857 29.1826 29.106573 29.277185 29.466103 29.601528 29.712385 29.898838 30.06216 30.105577 30.087484 30.099768 30.132795 29.983738 29.292927 29.691624 29.780634 29.843317 29.934996 29.86492 29.7735 29.73928 29.751347 29.6898
29.633205 29.514946 29.55278 29.697802 29.696392 29.804703 29.79554 29.927464 29.979387 29.750368 29.733335 29.671022 29.16767 29.020979 29.163765 29.059353 29.036955 29.00981 29.003817 28.989143 28.894453 28.67537 28.82524 28.878397 28.898985 28.69666 28.674185 28.765413 28.892626 29.083055 29.088873 29.097935 29.123833 29.153639 29.239979 29.31725 29.317825 29.25618 29.144115 29.182331 29.256283 29.439478 29.578342 29.719788 29.980885 30.135996 30.184113 30.152536 30.17234 30.12426 29.444162 29.44629 29.778658 29.868898 29.830431 29.60113 29.357626 29.253006 29.290346 29.355541 29.303398
29.840744 29.55776 29.581745 29.728134 29.739147 29.757189 29.726816 29.986538 29.769943 29.676191 29.715443 29.64671 29.130676 29.057255 29.11258 29.091927 29.037457 29.005095 28.92421 28.752712 28.706802 28.808027 28.923409 28.924297 28.866398 28.931854 28.880419 28.848574 28.892124 28.948988 28.977167 29.011635 29.027521 29.041323 29.081207 29.187815 29.341536 29.34519 29.230465 29.222338 29.33821 29.447851 29.563171 29.73645 30.014914 30.146646 30.146425 30.113821 29.99168 29.538984 29.263462 29.797852 29.738796 29.728321 29.497393 29.323214 29.350695 29.367609 29.30997 29.229975 29.182512
30.019985 29.743702 29.853506 29.791964 29.748384 29.728907 29.789303 29.971273 29.68172 29.693398 29.704561 29.626883 29.138872 29.08533 28.934874 28.853214 28.804037 28.747965 28.755821 28.801075 28.899042 28.982916 28.959848 28.83313 28.836578 28.91464 28.921967 28.985224 29.08427 29.116533 29.103916 29.094862 29.066513 29.104902 29.170631 29.167627 29.227886 29.37949 29.371763 29.377031 29.510786 29.543531 29.592892 29.749687 29.985245 30.113314 30.077532 29.956726 29.574192 29.242954 29.544975 29.842 29.790077 29.639338 29.434917 29.3266 29.433498 29.368042 29.281124 29.189629 29.188519
30.160772 30.0664 30.10396 29.892914 29.742704 29.709028 29.816204 29.925837 29.670404 29.748123 29.71468 29.639807 29.279139 29.114012 29.01708 28.884008 28.81597 28.89334 28.936869 28.990599 29.064608 29.125158 29.114515 28.890297 28.896366 28.931824 29.019281 29.116922 29.158648 29.229143 29.295824 29.299387 29.316078 29.379765 29.419113 29.368067 29.266268 29.340397 29.454882 29.483349 29.634836 29.615788 29.594242 29.724907 29.95866 29.907902 29.91432 29.959011 30.015274 29.734447 29.244581 29.29373 29.747252 29.72021 29.4501 29.442059 29.400867 29.45022 29.46476 29.465712 29.529858
30.115892 30.285252 30.084 30.0138 29.734875 29.703781 29.814177 29.808212 29.694105 29.645973 29.678629 29.652227 29.453884 29.127348 29.166748 29.09296 29.034348 29.01575 29.04589 29.160093 29.319948 29.420528 29.388033 29.260687 29.02091 29.053701 29.16192 29.17403 29.426247 29.541819 29.506197 29.477623 29.466482 29.470772 29.535612 29.57841 29.550863 29.332928 29.44388 29.529985 29.716541 29.63958 29.599802 29.713024 29.86146 29.77371 29.771282 29.807646 29.866455 29.949774 29.915583 29.78794 29.632835 29.54898 29.530407 29.633266 29.786549 29.893414 29.90821 29.837414 29.895046
29.941881 30.122084 29.914688 29.929798 29.74799 29.730875 29.825144 29.723957 29.705976 29.686928 29.64136 29.623953 29.566994 29.28949 29.268194 29.176374 29.11061 29.136475 29.325714 29.44289 29.53668 29.627039 29.582062 29.457363 29.280952 29.17136 29.170603 29.44833 29.602644 29.648176 29.622913 29.553677 29.49542 29.427666 29.418022 29.523066 29.611013 29.636013 29.458652 29.56785 29.761173 29.655294 29.63483 29.741882 29.833927 29.608248 29.586803 29.609756 29.725641 29.790134 29.854 29.903982 29.938927 29.920818 29.906406 29.90413 29.917997 29.96055 29.978428 29.949718 29.889517
30.254574 30.104631 30.102324 29.725216 29.747139 29.77498 29.846008 29.752552 29.674479 29.631214 29.6018 29.634085 29.631302 29.410759 29.079016 29.20385 29.344873 29.408709 29.405943 29.427008 29.577906 29.605383 29.545338 29.537 29.355011 29.273254 29.444935 29.566727 29.554586 29.533213 29.522865 29.583736 29.645977 29.514942 29.474855 29.559704 29.590145 29.655499 29.637909 29.618454 29.811958 29.674276 29.678484 29.773436 29.803516 29.606813 29.327766 29.535488 29.841736 29.924608 29.93148 29.92741 29.94537 29.96831 29.986717 29.95856 29.907999 29.862062 29.840567 29.830954 29.82024
30.241957 30.083658 29.719238 29.73754 29.729506 29.825417 29.874697 29.678339 29.602356 29.620575 29.630505 29.579838 29.264116 29.174639 29.325602 29.404732 29.425688 29.454338 29.55455 29.581964 29.5671 29.4342 29.454453 29.452093 29.305004 29.412905 29.489582 29.512287 29.567003 29.621502 29.671276 29.604382 29.612349 29.569122 29.506556 29.542616 29.604872 29.619862 29.739605 29.7076 29.862434 29.6713 29.730896 29.759428 29.777576 29.79152 29.696943 29.84709 29.940502 29.975342 29.945782 29.918398 29.917044 29.924408 29.924637 29.881529 29.857893 29.864355 29.868473 29.874134 29.882542
29.937677 29.577978 29.710238 29.646973 29.790884 29.865683 29.869566 29.618229 29.48854 29.247171 29.132668 29.122398 29.33263 29.301304 29.357067 29.444883 29.55256 29.523058 29.54798 29.578793 29.318398 29.323507 29.317114 29.287884 29.409042 29.411978 29.577536 29.744476 29.771772 29.767576 29.786745 29.786045 29.77392 29.769505 29.734152 29.638453 29.612831 29.601131 29.755653 29.785461 29.860348 29.689236 29.755138 29.780958 29.791533 29.772333 29.814802 29.896862 29.981075 29.83041 29.863043 29.897217 29.87999 29.88561 29.877491 29.87376 29.86998 29.881842 29.90181 29.922043 29.904642
29.719099 29.725418 29.64375 29.605886 29.827347 29.858847 29.827991 29.566446 29.33379 29.120697 29.176426 29.41575 29.292486 29.293205 29.337437 29.486055 29.49053 29.468094 29.555944 29.215006 29.267805 29.231354 29.31146 29.3612 29.33412 29.608555 29.84628 29.662628 29.565306 29.539751 29.677952 29.788298 29.879107 29.860086 29.678753 29.581486 29.60673 29.599005 29.755869 29.821342 29.698002 29.715704 29.761278 29.720266 29.754562 29.788425 29.89023 29.985 29.864212 29.832151 29.850353 29.845217 29.852869 29.870188 29.86424 29.814445 29.766773 29.786043 29.86415 29.85897 29.90036
