static/data/thetao/2023/7/19/6.asc
ncols 137
nrows 93
xllcorner 108.0
yllcorner 17.0
cellsize 0.25
NODATA_value -32767
[rows 54 to 80 of 93, columns 0 to 60 of 137]
-32767.0 -32767.0 -32767.0 -32767.0 -32767.0 -32767.0 -32767.0 -32767.0 -32767.0 -32767.0 -32767.0 -32767.0 -32767.0 -32767.0 -32767.0 -32767.0 -32767.0 -32767.0 -32767.0 -32767.0 -32767.0 -32767.0 -32767.0 -32767.0 -32767.0 -32767.0 -32767.0 -32767.0 -32767.0 -32767.0 -32767.0 -32767.0 -32767.0 -32767.0 -32767.0 -32767.0 -32767.0 -32767.0 -32767.0 -32767.0 -32767.0 -32767.0 -32767.0 -32767.0 -32767.0 -32767.0 -32767.0 -32767.0 28.520935 28.743599 29.889872 30.64613 30.95718 31.087803 30.857662 31.173447 30.916023 30.43001 29.733334 29.606464 29.588125
-32767.0 -32767.0 -32767.0 -32767.0 -32767.0 -32767.0 -32767.0 -32767.0 -32767.0 -32767.0 -32767.0 -32767.0 -32767.0 -32767.0 -32767.0 -32767.0 -32767.0 -32767.0 -32767.0 -32767.0 -32767.0 -32767.0 -32767.0 -32767.0 -32767.0 -32767.0 -32767.0 -32767.0 -32767.0 -32767.0 -32767.0 -32767.0 -32767.0 -32767.0 -32767.0 -32767.0 -32767.0 -32767.0 -32767.0 -32767.0 -32767.0 -32767.0 -32767.0 -32767.0 -32767.0 -32767.0 -32767.0 31.035969 -32767.0 29.071796 30.336662 30.721159 31.006657 31.271347 30.788622 31.123829 30.77866 30.31571 29.874336 29.533834 29.60352
-32767.0 -32767.0 -32767.0 -32767.0 -32767.0 -32767.0 -32767.0 -32767.0 -32767.0 -32767.0 -32767.0 -32767.0 -32767.0 -32767.0 -32767.0 -32767.0 -32767.0 -32767.0 -32767.0 -32767.0 -32767.0 -32767.0 -32767.0 -32767.0 -32767.0 -32767.0 -32767.0 -32767.0 -32767.0 -32767.0 -32767.0 -32767.0 -32767.0 -32767.0 -32767.0 -32767.0 -32767.0 -32767.0 -32767.0 -32767.0 -32767.0 -32767.0 -32767.0 -32767.0 -32767.0 -32767.0 -32767.0 31.415215 28.738764 29.14539 29.809656 30.523731 30.84183 31.082811 30.848583 30.537895 30.766947 30.32871 29.622118 29.525108 29.897717
-32767.0 -32767.0 -32767.0 -32767.0 -32767.0 -32767.0 -32767.0 -32767.0 -32767.0 -32767.0 -32767.0 -32767.0 -32767.0 -32767.0 -32767.0 -32767.0 -32767.0 -32767.0 -32767.0 -32767.0 -32767.0 -32767.0 -32767.0 -32767.0 -32767.0 -32767.0 -32767.0 -32767.0 -32767.0 -32767.0 -32767.0 -32767.0 -32767.0 -32767.0 -32767.0 -32767.0 -32767.0 -32767.0 -32767.0 -32767.0 -32767.0 -32767.0 -32767.0 -32767.0 -32767.0 -32767.0 -32767.0 29.928366 29.109755 28.910753 29.751223 30.359896 30.878998 31.307766 31.364536 30.841866 30.236713 30.179405 30.16756 30.304264 30.67529
-32767.0 -32767.0 -32767.0 -32767.0 -32767.0 -32767.0 -32767.0 -32767.0 -32767.0 -32767.0 -32767.0 -32767.0 -32767.0 -32767.0 -32767.0 -32767.0 -32767.0 -32767.0 -32767.0 -32767.0 -32767.0 -32767.0 -32767.0 -32767.0 -32767.0 -32767.0 -32767.0 -32767.0 -32767.0 -32767.0 -32767.0 -32767.0 -32767.0 -32767.0 -32767.0 -32767.0 -32767.0 -32767.0 -32767.0 -32767.0 -32767.0 -32767.0 -32767.0 -32767.0 -32767.0 31.976694 -32767.0 30.724783 29.16431 29.23197 30.23291 30.615673 31.618292 31.64642 31.612022 31.023409 30.600056 30.33444 30.098873 30.291058 30.669764
-32767.0 -32767.0 -32767.0 -32767.0 -32767.0 -32767.0 -32767.0 -32767.0 -32767.0 -32767.0 -32767.0 -32767.0 -32767.0 -32767.0 -32767.0 -32767.0 -32767.0 -32767.0 -32767.0 -32767.0 -32767.0 -32767.0 -32767.0 -32767.0 -32767.0 -32767.0 -32767.0 -32767.0 -32767.0 -32767.0 -32767.0 -32767.0 -32767.0 -32767.0 -32767.0 -32767.0 -32767.0 -32767.0 -32767.0 -32767.0 -32767.0 -32767.0 -32767.0 -32767.0 -32767.0 -32767.0 29.936241 29.750992 29.319323 30.207352 30.611105 31.379202 31.860525 31.161777 30.945213 31.030258 30.7053 30.178297 30.21029 30.455673 30.639227
-32767.0 -32767.0 -32767.0 -32767.0 -32767.0 -32767.0 -32767.0 -32767.0 -32767.0 -32767.0 -32767.0 -32767.0 -32767.0 -32767.0 -32767.0 -32767.0 -32767.0 -32767.0 -32767.0 -32767.0 -32767.0 -32767.0 -32767.0 -32767.0 -32767.0 -32767.0 -32767.0 -32767.0 -32767.0 -32767.0 -32767.0 -32767.0 -32767.0 -32767.0 -32767.0 -32767.0 -32767.0 -32767.0 -32767.0 -32767.0 -32767.0 -32767.0 -32767.0 -32767.0 29.732897 28.50957 29.592823 29.30384 29.656193 30.943047 31.541744 31.285553 -32767.0 -32767.0 -32767.0 -32767.0 30.332762 29.968815 30.333548 30.498943 30.485386
-32767.0 -32767.0 -32767.0 -32767.0 -32767.0 -32767.0 -32767.0 -32767.0 -32767.0 -32767.0 -32767.0 -32767.0 -32767.0 -32767.0 -32767.0 -32767.0 -32767.0 -32767.0 -32767.0 -32767.0 -32767.0 -32767.0 -32767.0 -32767.0 -32767.0 -32767.0 -32767.0 -32767.0 -32767.0 -32767.0 -32767.0 -32767.0 -32767.0 -32767.0 -32767.0 -32767.0 -32767.0 -32767.0 -32767.0 -32767.0 -32767.0 -32767.0 -32767.0 27.68921 28.64984 29.612507 28.96248 29.134476 31.22403 31.321712 30.9513 31.728226 -32767.0 -32767.0 -32767.0 -32767.0 29.896019 30.444544 30.559032 30.63311 30.523668
-32767.0 -32767.0 -32767.0 -32767.0 -32767.0 -32767.0 -32767.0 -32767.0 -32767.0 -32767.0 -32767.0 -32767.0 -32767.0 -32767.0 -32767.0 -32767.0 -32767.0 -32767.0 -32767.0 -32767.0 -32767.0 -32767.0 -32767.0 -32767.0 -32767.0 -32767.0 -32767.0 -32767.0 -32767.0 -32767.0 -32767.0 -32767.0 -32767.0 -32767.0 -32767.0 -32767.0 -32767.0 -32767.0 -32767.0 -32767.0 -32767.0 31.109869 31.097485 29.804678 29.325758 28.121506 29.508059 29.866358 31.212801 30.842955 31.410439 -32767.0 -32767.0 -32767.0 -32767.0 -32767.0 30.346087 30.449295 30.40463 30.737623 30.55363
-32767.0 -32767.0 -32767.0 -32767.0 -32767.0 -32767.0 -32767.0 -32767.0 -32767.0 -32767.0 -32767.0 -32767.0 -32767.0 -32767.0 -32767.0 -32767.0 -32767.0 -32767.0 -32767.0 -32767.0 -32767.0 -32767.0 -32767.0 -32767.0 -32767.0 -32767.0 -32767.0 -32767.0 -32767.0 -32767.0 -32767.0 -32767.0 -32767.0 -32767.0 -32767.0 -32767.0 -32767.0 -32767.0 -32767.0 -32767.0 -32767.0 29.771616 29.467276 29.450409 27.377449 29.73291 30.790148 30.893188 31.352177 31.333918 32.384304 -32767.0 -32767.0 -32767.0 -32767.0 30.494864 30.342545 30.375454 30.630095 30.78537 30.810595
-32767.0 -32767.0 -32767.0 -32767.0 -32767.0 -32767.0 -32767.0 -32767.0 -32767.0 -32767.0 -32767.0 -32767.0 -32767.0 -32767.0 -32767.0 -32767.0 -32767.0 -32767.0 -32767.0 -32767.0 -32767.0 -32767.0 -32767.0 -32767.0 -32767.0 -32767.0 -32767.0 -32767.0 -32767.0 -32767.0 -32767.0 -32767.0 -32767.0 -32767.0 -32767.0 -32767.0 -32767.0 -32767.0 -32767.0 29.593222 29.16588 28.600006 28.350975 27.889668 27.632652 29.604298 30.487906 31.385355 31.830605 31.733608 -32767.0 -32767.0 -32767.0 -32767.0 -32767.0 30.201836 30.610552 30.603205 30.578787 30.782896 30.901798
-32767.0 -32767.0 -32767.0 -32767.0 -32767.0 -32767.0 -32767.0 -32767.0 -32767.0 -32767.0 -32767.0 -32767.0 -32767.0 -32767.0 -32767.0 -32767.0 -32767.0 -32767.0 -32767.0 -32767.0 -32767.0 -32767.0 -32767.0 -32767.0 -32767.0 -32767.0 -32767.0 -32767.0 -32767.0 -32767.0 -32767.0 -32767.0 -32767.0 -32767.0 -32767.0 -32767.0 -32767.0 -32767.0 27.337936 26.161556 25.978659 26.732294 26.962713 26.40315 28.250267 30.316113 30.73566 31.41394 31.523106 32.721466 -32767.0 -32767.0 -32767.0 -32767.0 -32767.0 30.399675 30.592812 30.670967 30.49362 30.77976 30.86864
-32767.0 -32767.0 -32767.0 -32767.0 -32767.0 -32767.0 -32767.0 -32767.0 -32767.0 -32767.0 -32767.0 -32767.0 -32767.0 -32767.0 -32767.0 -32767.0 -32767.0 -32767.0 -32767.0 -32767.0 -32767.0 -32767.0 -32767.0 -32767.0 -32767.0 -32767.0 -32767.0 -32767.0 -32767.0 -32767.0 -32767.0 -32767.0 -32767.0 -32767.0 -32767.0 -32767.0 26.7273 26.844286 26.318281 27.308207 28.319275 28.649279 28.941978 28.588394 29.705465 30.780836 -32767.0 31.288513 31.127726 -32767.0 -32767.0 -32767.0 -32767.0 -32767.0 30.29087 30.728048 30.641882 30.785723 30.658766 30.86535 30.993412
-32767.0 -32767.0 -32767.0 -32767.0 -32767.0 -32767.0 -32767.0 -32767.0 -32767.0 -32767.0 -32767.0 -32767.0 -32767.0 -32767.0 -32767.0 -32767.0 -32767.0 -32767.0 -32767.0 -32767.0 -32767.0 -32767.0 -32767.0 -32767.0 -32767.0 -32767.0 -32767.0 -32767.0 -32767.0 -32767.0 -32767.0 -32767.0 -32767.0 -32767.0 -32767.0 26.803745 27.143442 28.24022 28.643417 29.492395 29.347336 29.650236 29.456675 30.137068 30.101679 30.455265 -32767.0 31.367664 31.111511 -32767.0 -32767.0 -32767.0 -32767.0 -32767.0 30.4756 30.631704 30.807436 30.737015 30.784588 30.850191 31.124252
-32767.0 -32767.0 -32767.0 -32767.0 -32767.0 -32767.0 -32767.0 -32767.0 -32767.0 -32767.0 -32767.0 -32767.0 -32767.0 -32767.0 -32767.0 -32767.0 -32767.0 -32767.0 -32767.0 -32767.0 -32767.0 -32767.0 -32767.0 -32767.0 -32767.0 -32767.0 -32767.0 -32767.0 -32767.0 -32767.0 -32767.0 -32767.0 -32767.0 -32767.0 -32767.0 27.521866 27.919209 28.847633 29.547998 29.76954 29.30464 30.03837 29.975952 29.80911 28.770193 29.201822 30.521072 31.075476 31.401676 -32767.0 -32767.0 -32767.0 -32767.0 -32767.0 30.891897 31.032566 30.86396 30.810411 30.830961 30.796223 30.911907
-32767.0 -32767.0 -32767.0 -32767.0 -32767.0 -32767.0 -32767.0 -32767.0 -32767.0 -32767.0 -32767.0 -32767.0 -32767.0 -32767.0 -32767.0 -32767.0 -32767.0 -32767.0 -32767.0 -32767.0 -32767.0 -32767.0 -32767.0 -32767.0 -32767.0 -32767.0 -32767.0 30.742159 -32767.0 28.47233 -32767.0 27.842451 27.494808 27.454895 28.098467 28.589834 29.246101 29.723598 29.895649 29.930288 29.834564 29.837486 29.966799 29.583054 29.673197 30.126925 30.085073 30.460266 30.944798 -32767.0 -32767.0 -32767.0 -32767.0 30.772362 30.515017 31.057817 30.873669 30.778414 30.701536 30.78671 30.792952
-32767.0 -32767.0 -32767.0 -32767.0 -32767.0 -32767.0 -32767.0 -32767.0 -32767.0 -32767.0 -32767.0 -32767.0 -32767.0 -32767.0 -32767.0 -32767.0 -32767.0 -32767.0 -32767.0 -32767.0 -32767.0 -32767.0 -32767.0 31.16757 -32767.0 -32767.0 27.19971 26.880903 28.319336 28.17188 28.300169 29.011702 29.401665 29.337378 29.569174 29.607635 29.684006 29.722494 29.79292 30.006956 30.116362 30.177279 30.12015 30.079834 30.015 29.838984 29.886803 30.057777 30.666739 30.95717 -32767.0 -32767.0 30.112392 30.767637 30.935465 31.129194 30.983162 30.888939 30.61745 30.763071 30.644642
-32767.0 -32767.0 -32767.0 -32767.0 -32767.0 -32767.0 -32767.0 -32767.0 -32767.0 -32767.0 -32767.0 -32767.0 -32767.0 -32767.0 -32767.0 -32767.0 -32767.0 -32767.0 -32767.0 -32767.0 -32767.0 -32767.0 -32767.0 29.87836 30.948729 27.33179 28.173271 28.9433 29.08896 28.999834 29.12178 29.28136 29.533413 29.64949 29.71466 29.662468 29.738691 29.746033 29.767605 29.87045 29.959257 30.072813 29.8984 29.774548 29.775557 29.85539 29.927227 29.985352 30.163 30.442478 30.68911 -32767.0 30.140764 30.804 30.453255 30.986029 30.660294 30.821121 30.553484 30.672052 30.276617
-32767.0 -32767.0 -32767.0 -32767.0 -32767.0 -32767.0 -32767.0 -32767.0 -32767.0 -32767.0 -32767.0 -32767.0 -32767.0 -32767.0 -32767.0 -32767.0 -32767.0 -32767.0 -32767.0 -32767.0 31.052015 30.877926 29.848402 27.731201 27.928774 -32767.0 28.34553 28.44604 28.521059 28.820305 29.169514 29.435863 29.571178 29.674616 29.725777 29.684473 29.645714 29.677248 29.693892 29.701033 29.704851 29.649963 29.805006 29.832085 29.95174 30.049433 30.02403 29.980715 30.081173 30.137445 30.273628 -32767.0 30.417303 30.53092 30.195562 30.412066 30.63982 30.761793 30.29015 30.480602 30.21551
-32767.0 -32767.0 30.796743 -32767.0 -32767.0 -32767.0 -32767.0 -32767.0 -32767.0 -32767.0 -32767.0 -32767.0 -32767.0 -32767.0 -32767.0 -32767.0 30.543146 -32767.0 29.674608 29.183008 29.71283 27.849047 27.426796 27.639235 28.26883 28.144253 27.963377 28.126528 28.278803 28.66516 29.145441 29.354668 29.573833 29.649786 29.616169 29.53648 29.538586 29.514708 29.47488 29.474401 29.663494 29.858137 29.90649 30.069897 30.31923 30.498959 30.490126 30.357023 30.30556 30.292189 30.399918 30.106895 29.966997 30.244661 30.34005 30.356064 30.537407 30.418701 30.182362 30.40603 30.375307
-32767.0 30.891598 30.801926 30.575745 30.727238 -32767.0 31.262869 31.076633 -32767.0 -32767.0 -32767.0 -32767.0 -32767.0 30.215265 29.245768 29.347992 29.002792 28.192167 27.15606 27.557749 27.547972 27.742006 27.775734 27.66819 27.67296 27.82352 27.873972 28.256954 28.499376 28.775333 28.972746 29.23645 29.352957 29.35173 29.354643 29.418915 29.410408 29.329895 29.466011 29.70224 29.897041 29.849754 30.01928 30.110332 30.048634 30.175632 30.227282 30.137342 30.164923 30.224741 30.05149 29.915049 29.94113 30.247997 30.42667 30.432379 30.287775 30.451221 30.361479 30.22078 30.437092
31.609137 29.504902 29.823885 30.364187 30.847767 31.227695 31.201895 31.104021 -32767.0 -32767.0 -32767.0 30.1519 28.885721 27.246037 27.460924 27.232174 26.71177 26.889475 27.038946 27.28413 27.367334 27.52416 27.92788 28.293486 28.470608 28.479652 28.551973 28.580765 28.618887 28.831244 29.119589 29.213284 29.165932 29.295391 29.253416 29.279026 29.289448 29.14061 29.500021 29.851942 29.699429 29.994217 29.992146 30.218332 30.18972 30.058369 29.959606 30.018774 30.034824 30.044605 29.794216 29.845976 29.945803 30.260607 30.303783 30.246706 30.212881 29.956373 30.083315 30.32934 30.453884
30.568895 30.798569 30.363789 30.105444 30.206108 30.589733 31.140846 -32767.0 -32767.0 30.83487 -32767.0 28.820873 26.767525 26.289549 26.654257 26.42791 26.718208 26.62226 26.825413 27.174776 27.79547 28.204567 28.57622 28.81263 28.701874 28.898176 28.590652 28.465042 28.621765 28.856516 28.896626 28.975546 29.040115 29.0443 29.009275 29.271189 29.338533 29.247068 29.80178 29.673754 29.724787 30.006844 30.118355 30.193562 30.184631 30.115253 30.068329 30.040102 30.031796 30.064213 29.7686 29.751654 29.969126 30.16843 30.333227 29.990665 29.700624 29.94442 30.45929 30.532677 30.276222
31.01319 30.757776 30.91135 30.626629 30.161562 30.369255 31.092653 31.110126 -32767.0 -32767.0 30.162056 28.542059 26.491356 27.028149 26.206953 25.650415 25.98438 26.082233 26.226019 26.42341 27.04989 27.905874 28.579304 28.968687 28.790016 28.670902 28.296745 28.378922 28.565626 28.673204 28.903372 28.9179 28.915918 28.914434 29.16433 29.459194 29.445108 29.29984 29.650381 29.438313 29.650387 29.868095 29.927336 29.861496 29.777544 29.735134 29.72421 29.827894 29.930414 29.827515 29.71742 29.961966 29.99117 30.117922 30.047062 30.14371 30.150614 30.299622 30.426332 30.555157 30.580875
30.735027 30.862297 30.90967 30.870073 30.340605 30.558105 30.815807 31.173252 -32767.0 -32767.0 30.68956 30.546791 26.808413 27.061195 26.261719 25.478928 24.641657 24.610073 25.072538 25.714039 26.613914 27.758553 28.351286 28.489271 28.614944 28.47823 28.1692 28.168665 28.540712 28.625198 28.982187 29.0063 28.870888 28.940134 29.030401 29.098919 29.17746 29.469128 29.369398 29.335485 29.449137 29.57061 29.634836 29.707535 29.7431 29.689653 29.655855 29.745777 29.85792 29.714008 30.077616 30.035587 29.944023 29.969412 30.214447 30.282722 -32767.0 30.305712 30.451231 30.60695 30.629011
31.069227 30.813698 30.91844 31.133747 31.03277 30.945835 30.92512 31.238743 31.014874 31.408743 31.331898 31.152292 30.47152 27.275312 26.786068 25.754755 24.558142 25.203512 25.810814 25.846079 26.81306 28.693527 29.158194 28.657793 28.448334 28.308668 27.96384 28.218971 28.502783 28.618887 28.907417 29.03714 28.881563 28.872173 28.895271 29.09361 29.239428 29.379532 29.382484 29.479738 29.472889 29.555367 29.612036 29.65391 29.624386 29.694574 29.868677 29.751118 29.670927 29.898376 30.038347 30.067293 29.956997 30.097147 29.988525 30.149122 29.915379 30.07898 30.265343 30.291521 30.291203
31.229504 31.069118 30.850975 31.111439 31.336235 31.732178 31.58794 31.111893 31.437037 -32767.0 -32767.0 -32767.0 29.193136 28.591352 26.83157 25.263348 26.97631 27.99716 28.350958 28.249805 28.045395 29.10621 29.315079 28.59156 28.507164 28.141058 28.025743 28.571402 28.7203 28.792465 28.823637 28.897478 28.884245 28.83755 28.965546 29.169704 29.239782 29.363508 29.442097 29.444347 29.445356 29.504234 29.58568 29.637377 29.70468 29.84447 29.929329 29.890408 29.748877 29.885265 29.97919 30.017672 30.006098 30.10195 30.236303 30.332726 30.2314 29.68614 29.674744 29.866009 29.848944
