static/data/seaWind_uo/2023/7/16/0.asc
ncols 137
nrows 93
xllcorner 108.0
yllcorner 17.0
cellsize 0.25
NODATA_value -32767
[rows 19 to 37 of 93, columns 0 to 42 of 137]
-0.6241650038475812 -1.5723526282481695 -1.814204539201698 -1.3280982148679503 -0.07719528470433668 0.7716889060597034 0.8021206034644521 0.1790716408093358 -0.934087816890679 -1.0878479721988825 -0.9901462068467948 -0.9356894851751394 -1.1471096987239193 -1.026183743247155 -0.9629178460109671 -0.986942870277874 -1.1623255474262935 -0.789136837147008 -0.4664006778282266 -0.42635897071671547 -0.9973537141268669 -1.2704381566273741 -1.1407030255860775 -0.9148677974771535 -0.8219710369784472 -0.7947426761426195 -0.7667134811645615 -0.7378834520442734 -0.6842275645148483 -0.5753141211715374 -0.4928282045218242 -0.3775080880406714 -0.22775210344361918 0.04373067077242787 0.3015992645705605 0.4881936197102035 0.5290361609639449 0.24153670390329385 -0.11643615767361748 -0.41754979515218293 -0.5616999407536236 -0.6337750135543441 -0.6890325693682295
-0.04275941658843685 -0.6193599989941998 -0.8067551882760728 -0.5945341405850628 -0.09961864068678272 0.31441261084624417 0.324022620553007 -0.19411706946994967 -1.3176873710189574 -1.6003818232262275 -1.2832515029030578 -0.9957520458424063 -1.3248948782990295 -1.3641357512683105 -1.1238855085992427 -0.9805361971400322 -1.329699883152411 -1.3417123952858643 -1.1575205425729123 -1.065424616216436 -1.3321023855791017 -1.4169908046555055 -1.3641357512683105 -1.2944631808942808 -1.3208907075878784 -1.1911555765465818 -1.1294913475948543 -1.1062671574701777 -1.0878479721988825 -0.9412953241707509 -0.7915393395736987 -0.5993391454384442 -0.3486780589203833 -0.14126201608275446 0.12381408499545055 0.3088067718506329 0.25515088432120736 -0.33426304436023946 -0.7498959641777267 -0.9909470409890251 -1.0165737335403924 -1.0574162747941338 -1.096657147763415
0.03171815863897409 0.034120661065665026 -0.02434023131714147 0.10058989487077374 0.31441261084624417 0.28798508415264656 -0.07719528470433668 -0.6145549941408186 -0.9420961583129812 -0.6209616672786604 -0.3190471956578649 -0.2573829667061376 -0.8347843832541308 -1.1687322205641353 -1.0870471380566522 -0.9084611243393117 -0.7659126470223314 -0.45919317054815467 -0.46079483883261485 -0.7691159835912522 -1.2360022885114743 -1.0822421332032708 -0.948502831450823 -0.9188719681883046 -1.1511138694350704 -1.263230649347302 -1.29125984432536 -1.368940756121692 -1.3961691169575197 -1.2440106299337765 -1.0574162747941338 -0.8508010660987353 -0.6433850232611067 -0.45198566326808276 -0.2693954788395909 -0.2990263421021093 -0.576915789455998 -1.1158771671769403 -1.3961691169575197 -1.5347134235633488 -1.4586341800514773 -1.5018792237319096 -1.513891735865363
0.4689736002966778 0.20710083578739402 -0.02834440202829258 0.011697305083218534 -0.03795441173505543 -0.14526618679390557 -0.45118482912585245 -0.6698125499547043 -0.8355852173963612 -0.4487823266991615 -0.22054459616354727 -0.24777295699937474 -0.6177583307097394 -0.841991890534203 -0.6433850232611067 -0.02834440202829258 0.324022620553007 0.5722812046443773 0.2591550550323585 -0.16849037691858237 -0.9645195142954275 -0.5977374771539838 -0.4696040143971474 -0.5424799213400981 -0.8684194172278004 -1.0742337917809686 -1.2832515029030578 -1.3889616096774475 -1.5771576331015509 -1.5058833944430607 -1.3224923758723388 -1.1623255474262935 -1.0213787383937736 -0.8748260903656422 -0.9068594560548513 -1.0109678945447806 -1.4546300093403262 -1.6852702423026313 -1.8950887875669509 -1.8238145489084605 -1.743731134685438 -1.768556993094575 -1.6836685740181712
0.5882978874889817 0.2719684013080421 0.09498405587516201 0.12301325085322024 0.06455235847041374 0.022908983074442002 -0.006721880188076401 -0.06037776771750192 -0.4015331123075785 -0.33666554678692995 -0.33906804921362044 -0.39752894159642693 -0.7314767789064316 -0.8876394366413258 -0.4639981754015361 0.30640426942394194 0.7684855694907826 1.0319600022845274 1.101632572658557 0.4946002928480451 -0.28220882511527456 -0.5512890969046307 -0.48802319966844276 -0.4856206972417523 -0.7426884568976548 -0.9957520458424063 -1.2448114640760068 -1.453829175198096 -1.6220043450664434 -1.6316143547732063 -1.60919099879076 -1.496273384736298 -1.4161899705132754 -1.3465174001392457 -1.460235848335938 -1.6924777495827035 -2.023222250323787 -2.2058124347522785 -2.192198254334365 -2.1385423668049395 -2.0680689622886796 -1.9703671969365921 -1.7501378078232799
0.029315656212283603 -0.18771039633210762 0.30400176699725145 0.5394470048129381 0.5034094684125776 0.6347462677383349 0.7628797304951713 0.7316471989481923 0.10299239729746423 -0.16368537206520095 -0.354283897915995 -0.39512643916973644 -0.6874309010837691 -0.7811284957247058 -0.2902171665375768 0.06295069018595312 0.4033052006337994 0.6956096625478323 1.1112425823653198 0.7604772280684804 0.23673169904991243 -0.48802319966844276 -0.6209616672786604 -0.6746175548080855 -0.7947426761426195 -0.9813370312822622 -1.2007655862533444 -1.4410158289224124 -1.6668510570313364 -1.7565444809611215 -1.8366278951841442 -1.8238145489084605 -1.7637519882411936 -1.807797866063856 -1.9367321629629226 -2.1697748983519185 -2.35316591692264 -2.4692868675460233 -2.4196351507277494 -2.3083192049577477 -2.147351542369472 -1.7501378078232799 -1.3873599413929871
-0.439973151134629 -0.4383714828501688 0.24634170875667483 0.6195304190359607 0.38408518122027413 0.5154219805460309 0.7901080913309988 0.8517723202827261 0.27677340616142354 0.24874421118336576 0.057344851190341384 -0.0820002895577181 -0.3807114246095922 -0.4928282045218242 -0.5705091163181562 -0.24617128871491412 -0.11403365524692699 0.10058989487077374 0.5458536779507797 0.5266336585372544 0.10379323143969454 -0.5793182918826887 -0.7506967983199571 -0.8043526858493824 -0.7867343347203173 -0.9396936558862905 -1.1334955183060054 -1.4458208337757936 -1.6724568960269477 -1.898292124135872 -2.0176164113281754 -2.030429757603859 -2.0632639574352982 -2.108110669400191 -2.1745799032053 -2.3211325512334313 -2.49171022352847 -2.426041823865591 -2.373987604620626 -2.1873932494809836 -1.8718645974422743 -1.471447526327161 -1.263230649347302
-0.36549557590721804 -0.38471559532074373 -0.009925216756997646 0.43533856632300827 0.055743182905881206 -0.03795441173505543 0.22071501620530753 0.5098161415504197 0.3015992645705605 0.33683596682869066 0.51061697569265 0.33523429854423004 0.07816653888832725 -0.18851123047433793 -0.27980632268858363 -0.4479814925569312 -0.3534830637737647 -0.25177712771052585 -0.4087406195876504 -0.4487823266991615 -0.4487823266991615 -0.6754183889503158 -0.7987468468537706 -0.6818250620881576 -0.6602025402479414 -0.8171660321250658 -1.0630221137897453 -1.4025757900953615 -1.7629511540989635 -2.027226421034938 -2.1345381960937884 -2.1345381960937884 -2.1729782349208393 -2.1745799032053 -2.2018082640411274 -2.2578666539972434 -2.178584073916451 -2.1121148401113423 -1.9791763725011247 -1.8366278951841442 -1.5747551306748602 -1.5835643062393927 -1.3897624438196778
-0.1772995524831149 -0.3799105904673623 -0.09241113340671081 0.42012271762063413 0.15905078725358024 0.08537404616839961 0.3752760056557416 0.6235345897471118 0.2855825817259561 0.05093817805249978 0.2087025040718542 0.600310399622435 0.7180330185302783 0.34003930339761146 0.06855652918156485 -0.22615043515915856 -0.4752098533927591 -0.6858292327993087 -0.9517061680197438 -1.0742337917809686 -1.0446029285184502 -0.8443943929608935 -0.6129533258563582 -0.49442987280628437 -0.48241736067283103 -0.683426730372618 -1.039797923665069 -1.4738500287538516 -1.8406320658952953 -2.076878137853212 -2.1737790690630696 -2.121724849818105 -2.076878137853212 -2.0600606208663774 -2.0312305917460893 -1.951948011665297 -1.7861753442236399 -1.5419209308434207 -1.3697415902639223 -1.368940756121692 -1.567547623394788 -1.6572410473245736 -1.5939751500883856
0.3216201181263161 0.10939907043530628 0.06295069018595312 0.4649694295855267 0.38889018607365555 0.4105127079138713 0.6483604481562488 0.8661873348428704 0.5266336585372544 0.09418322173293214 -0.04195858244620654 0.32882762540638844 0.6956096625478323 0.5626711949376144 0.4417452394608503 0.22151585034753785 -0.42075313172110373 -1.061420445505285 -1.3609324146993897 -1.4041774583798219 -1.277645663907446 -1.0341920846694572 -0.7066509204972946 -0.5216582336421123 -0.4928282045218242 -0.6281691745587323 -1.0630221137897453 -1.5403192625589606 -1.898292124135872 -2.0944964889822772 -2.0640647915775285 -1.995193055345729 -1.9415371678163038 -1.8798729388645765 -1.8005903587837842 -1.6035851597951485 -1.3673390878372316 -1.0926529770522637 -0.8355852173963612 -0.6345758476965742 -0.8067551882760728 -0.828377710116289 -0.7707176518757128
0.5850945509200609 0.6315429311694141 0.6892029894099903 0.8165356180245964 0.762078896352941 0.7396555403704945 0.8109297790289847 0.8509714861404962 0.9110340468077629 0.8405606422915031 0.7284438623792715 0.6243354238893422 0.6347462677383349 0.5746837070710678 0.4994052977014265 0.2791759085881145 -0.33666554678692995 -1.0133703969714714 -1.2800481663341368 -1.2936623467520507 -1.1831472351242793 -1.0670262845008966 -0.8475977295298145 -0.686630066941539 -0.6545967012523299 -0.8227718711206775 -1.2039689228222652 -1.6027843256529182 -1.8918854509980298 -2.0168155771859455 -1.9111054704115553 -1.7917811832192516 -1.6708552277424875 -1.5731534623903998 -1.525103413856586 -1.3721440926906128 -1.1158771671769403 -0.8876394366413258 -0.7258709399108201 -0.5897291357316816 -0.5865257991627606 -0.5721107846026166 -0.5576957700424725
0.2639600598857399 0.5418495072396285 0.6683813017120044 0.6019120679068957 0.5746837070710678 0.6267379263160326 0.7676847353485523 0.7492655500772574 0.5898995557734423 0.5850945509200609 0.5955053947690536 0.7092238429657458 1.1200517579298523 1.1384709432011473 0.7628797304951713 0.2054991675029334 -0.34387305406700186 -0.502438214228587 -0.7482942958932663 -0.8700210855122608 -0.8836352659301747 -0.8155643638406054 -0.789136837147008 -0.7170617643462875 -0.7819293298669359 -0.9997562165535576 -1.3208907075878784 -1.5731534623903998 -1.7781670028013377 -1.8134037050594678 -1.6940794178671639 -1.5403192625589606 -1.382554936539606 -1.2648323176317626 -1.1511138694350704 -1.0317895822427665 -0.9292828120372976 -0.9725278557177299 -0.9797353629978018 -0.9709261874332693 -0.909261958481542 -0.8483985636720448 -0.7194642667729783
-0.3711014149028298 -0.14606702093613588 -0.15727869892735935 -0.014730221610379068 0.12861908984883152 0.5538620193730819 0.8245439594468986 0.93505907107467 0.2615575574590494 0.1766691383826453 0.2607567233168191 0.5586670242264633 1.0960267336629452 1.272210244953595 0.9951216317419367 0.6107212434714282 0.03892566591904645 -0.19171456704325873 -0.22534960101692825 -0.31424219080448346 -0.5592974383269329 -0.8964486122058584 -1.0093662262603202 -0.97332868985996 -0.9661211825798881 -0.9028552853437002 -1.0750346259231989 -1.3457165659970154 -1.5331117552788884 -1.5763567989593206 -1.3681399219794617 -1.0253829091049247 -0.8604110758054981 -0.7771243250135544 -0.7571034714577989 -0.8580085733788074 -1.1046654891857173 -1.195960581399963 -1.2704381566273741 -1.1983630838266537 -1.0526112699407524 -0.8027510175649217 -0.6177583307097394
-0.7282734423375108 -0.686630066941539 -0.7635101445956407 -0.5592974383269329 -0.04596275315735765 0.3808818446513529 0.706020506396825 0.6892029894099903 0.13502576298667357 -0.03955608001951605 0.055743182905881206 0.577887043639989 0.8581789934205681 0.9895157927463254 1.2009360062951049 0.9935199634574765 0.5626711949376144 -0.10282197725570397 -0.15167285993174762 -0.15247369407397793 -0.3222505322267857 -0.7899376712892381 -1.266433985916223 -1.2648323176317626 -1.2472139665026976 -1.1447071962972286 -1.1030638209012567 -1.1054663233279474 -1.2824506687608275 -1.2976665174632018 -1.0574162747941338 -0.6225633355631208 -0.24136628386153314 -0.13485534294491286 -0.42635897071671547 -0.7410867886131944 -0.9989553824113273 -1.2936623467520507 -1.4169908046555055 -1.2688364883429137 -0.8491993978142749 -0.6281691745587323 -0.5440815896245585
-0.736281783759813 -0.6906342376526902 -0.7498959641777267 -0.686630066941539 -0.18771039633210762 0.1174074118576085 0.39049185435811573 0.08697571445285979 -0.17249454762973349 -0.3302588736490879 -0.09401280169117143 0.3528526496732951 0.5802895460666795 0.8269464618735891 1.0391675095645994 1.0928233970940244 0.7516680525039479 0.04533233905688805 -0.3935247708852758 -0.39512643916973644 -0.39752894159642693 -0.5504882627624004 -1.0221795725360039 -1.5339125894211185 -1.5547342771191044 -1.5106883992964422 -1.2512181372138487 -1.234400620227014 -1.2271931129469418 -1.2376039567959347 -1.0333912505272271 -0.5328699116333355 -0.14126201608275446 0.22151585034753785 0.002087295376455689 -0.29982717624433963 -0.6906342376526902 -0.9861420361356437 -1.411384965659894 -1.238404790938165 -0.7450909593243455 -0.7042484180706039 -0.6193599989941998
-0.7138584277773667 -0.435168146281248 -0.4335664779967874 -0.5777166235982281 -0.29982717624433963 0.006091466087607245 0.09017905102178103 -0.3198480298000952 -0.4231556341477942 -0.2613871374172887 -0.02434023131714147 -0.10442364554016415 0.17746997252487562 0.521828653683873 0.7917097596154594 0.8333531350114312 0.416118546909483 0.0653531926126436 -0.3935247708852758 -0.6521941988256392 -0.6922359059371506 -0.5753141211715374 -0.7482942958932663 -1.2608281469206113 -1.6916769154404734 -1.7213077787029918 -1.4514266727714054 -1.418592472939966 -1.4129866339443544 -1.4770533653227726 -1.3136832003078063 -0.8716227537967214 -0.3638939076227574 0.0004856270919955108 0.31761594741516497 0.25274838189451687 -0.150071191647287 -0.7226676033418991 -1.1823464009820492 -1.153516371861761 -0.895647778063628 -0.8572077392365771 -0.8083568565605335
-0.7130575936351364 -0.42395646829002454 -0.30303051281326043 -0.629770842843193 -0.3799105904673623 -0.12204199666922921 0.001286461234225822 -0.23095544001253998 0.05654401704811152 0.2054991675029334 0.13262326055998264 -0.17169371348750317 0.03492149520789534 0.5226294878261033 0.7845022523353871 0.4113135420561016 -0.16288453792297064 -0.25017545942606567 -0.206129581603403 -0.45759150226369405 -0.8644152465166492 -0.8860377683568654 -0.9380919876018301 -1.1679313864219052 -1.5971784866573064 -1.7589469833878124 -1.5683484575370183 -1.5627426185414068 -1.567547623394788 -1.6604443838934944 -1.4666425214737797 -1.3120815320233459 -0.7899376712892381 -0.39112226845858533 0.14463577269343642 0.30560343528171163 0.13262326055998264 -0.4415748194190896 -1.1278896793103939 -1.3208907075878784 -1.2752431614807556 -1.0109678945447806 -0.9396936558862905
-0.6842275645148483 -0.5552932676157818 -0.3807114246095922 -0.6642067109590926 -0.6153558282830487 -0.3743047514717506 -0.08119945541548779 0.010896470940988223 0.47297777100782934 0.6964104966900622 0.6155262483248096 0.47938444414567094 0.5538620193730819 0.8445648130026542 0.5506586828041611 0.10379323143969454 -0.5544924334735515 -0.4928282045218242 -0.33666554678692995 -0.36549557590721804 -0.8155643638406054 -1.0998604843323359 -1.117478835461401 -1.2944631808942808 -1.5723526282481695 -1.7869761783658702 -1.605987662221839 -1.5235017455721258 -1.5018792237319096 -1.449825004486945 -1.160723879141833 -1.1118729964657892 -1.0285862456738457 -0.764310978737871 -0.48722236552621245 -0.2942213372487279 -0.48161652653060116 -0.934087816890679 -1.5299084187099674 -1.8806737730068068 -1.531510086994428 -1.2007655862533444 -1.0293870798160758
-0.6249658379898115 -0.6513933646834089 -0.5344715799177959 -0.6385800184077253 -0.5849241308783002 -0.3270555370801671 -0.033149406881674004 -0.0820002895577181 0.2863834158681864 0.5306378292484055 0.737253037943804 0.9494740856348138 1.2545918938245304 1.1424751139122984 0.6163270824670395 -0.10282197725570397 -0.7410867886131944 -0.6770200572347762 -0.5568949359002422 -0.524060736068803 -0.6794225596614669 -1.0005570506957877 -1.0622212796475152 -1.1799438985553585 -1.3897624438196778 -1.7124986031384593 -1.5763567989593206 -1.4314058192156496 -1.3369073904324829 -1.2888573418986693 -1.086246303914422 -1.0622212796475152 -1.039797923665069 -1.1086696598968684 -1.18554973755097 -1.4001732876686708 -1.9319271581095414 -2.3619750924871727 -2.3147258780955897 -1.8814746071490371 -1.418592472939966 -1.3184882051611877 -1.2752431614807556
