static/data/seaWind_uo/2023/7/16/12.asc
ncols 137
nrows 93
xllcorner 108.0
yllcorner 17.0
cellsize 0.25
NODATA_value -32767
[rows 19 to 37 of 93, columns 86 to 128 of 137]
3.635471798674994 4.371438375384573 5.116214127658683 5.7969231485543755 5.856184875079412 5.401311082292644 4.29295662944601 3.527359189473913 2.992401982464122 2.4558431071698705 1.7366940474471266 1.1897243283038819 1.0888192263828733 1.0575866948358943 0.9230465589412162 0.27517173787696336 -0.25017545942606567 -0.588127467447221 -0.5801191260249188 -0.563301609038084 -0.27420048369297234 0.07656487060386707 0.2127066747830053 0.508214473265959 1.0896200605251036 1.533282175320649 1.3611028347411502 1.5877388969923047 1.027154997431146 0.0877765485950901 -0.7266717740530502 -0.18130372319426602 0.928652397936828 1.7831424276964793 1.671826481926478 1.074404211822729 0.4089110396294111 0.4641685954432968 2.224402040065335 4.580456086506661 4.706987880979037 3.9710213042694584 3.178195503461535
3.79804112954773 4.295359131872701 4.919208928670047 5.39170107258588 5.052147396280265 4.180839849533777 2.9187252413789406 2.1723478208203697 1.4355804099685616 0.7380538720860339 0.1494407775468174 0.054942348763650894 0.16225412382250104 0.30800593770840257 0.4265293907584762 0.18147414323602673 -0.23976461557707252 -0.7066509204972946 -1.1278896793103939 -1.18554973755097 -1.1310930158793147 -0.8203693686939868 -0.06037776771750192 0.4145168786250224 0.8709923396962518 1.247384386544458 1.4716179463689216 1.506053814484821 1.260998566962372 0.638750438449486 -0.4103422878721106 0.05013734391026947 0.8221414570202077 1.420364561266187 1.4499954245287054 1.5076554827692816 0.9775032806128721 1.051980855840283 2.988397811752971 6.462416320747694 7.61161331484807 7.635638339114976 7.319308852934036
3.26708809324909 3.738779403022693 4.457127628603207 4.807092148757816 4.100756435310755 2.5471381993841162 0.959884929483807 0.09258155344847152 -0.4415748194190896 -0.8371868856808216 -0.5456832579090192 0.24073586976106354 0.46176609301660587 0.6147254141825793 0.6827963162721487 0.4994052977014265 0.18868165051609864 -0.2926196689642673 -1.1767405619864375 -2.192198254334365 -2.3467592437847986 -1.9511471775230667 -0.7450909593243455 0.38808935193142524 1.3018411082161134 1.7503082278650406 1.5565063654453257 1.4187628929817269 1.3867295272925175 1.4932404682091378 1.3378786446164739 1.8055657836789263 2.4150005659161287 3.0324436895756333 3.914962914313343 5.418128599279479 5.753678104873943 6.516072208277119 7.738145109320445 9.574457797454354 9.681769572513204 9.361435915621113 9.033093917306722
2.823425978453544 3.4496782776775814 4.306570809863924 4.375442546095723 2.515905667837137 0.5618703607953841 -0.8179668662672961 -0.9757311922866507 -1.3897624438196778 -1.0910513087678033 -0.4383714828501688 0.9694949391905694 1.5108588193382029 1.5805313897122324 0.8061247741756032 0.06935736332379472 -0.10762698210908495 0.011697305083218534 -0.12364366495368984 -0.9052577877703909 -1.637220193768818 -1.4658416873315494 -1.4546300093403262 -0.42635897071671547 0.43213522975408747 1.101632572658557 1.640593950379499 1.7511090620072705 1.8448066566482075 1.9176825635911574 3.407234068139379 4.879167221558536 5.501415350071422 6.1741160295448125 6.865235894289498 7.75416179216505 8.016835390816563 8.619062665773694 8.861715410869452 9.022683073457728 9.222891609015285 8.936993820239094 8.597440143933477
2.6504458037318153 3.356781517178875 4.127984796146583 4.170429005684785 1.5861372287078441 -0.6249658379898115 -1.871063763300044 -2.255464151570553 -2.0888906499866655 -1.5186967407187444 -0.10842781625131526 1.8119724568167679 2.8066084614667095 1.8592216712083514 0.5122186439771101 -0.5192557312154216 -0.764310978737871 -0.03234857273944369 0.39769936163818764 0.2631592257435096 0.014900641652139335 -0.3166446932311744 -1.2287947812314024 -0.7226676033418991 -0.242167118003763 0.6219329214626512 1.8375991493681352 3.5529858820252804 4.04710054778133 4.418687589776155 5.547863730320776 6.508063866854817 7.068647766415976 7.608409978279148 8.03925874679901 8.342774886704266 8.57101261723988 8.554995934395276 8.603045982929089 8.595838475649018 8.42205746678506 8.261089804196782 7.959976166718217
2.587980740637857 3.325548985631896 3.9982496651052863 3.5625958917320433 1.3250652983407902 -0.7226676033418991 -2.5661877987558808 -3.3181710583100634 -3.4735328819027274 -2.765595500171207 -1.0357937529539176 0.7676847353485523 2.073044387183822 1.0848150556717222 0.3528526496732951 -0.7899376712892381 -0.686630066941539 -0.02514106545937178 0.5266336585372544 1.2866252595137393 1.2866252595137393 1.4692154439422311 0.2575533867478983 0.09017905102178103 0.10939907043530628 1.0471758509869016 2.295676278723825 4.505978511279251 5.5863037691478254 6.367117057822297 6.999776030184176 7.273661306826913 7.411404779290512 7.762970967729583 8.154578863280163 8.372405749966784 8.625469338911536 8.619863499915924 8.492530871301318 8.404439115655993 8.241068950641028 8.087308795332824 7.737344275178215
2.435822253614114 3.1741913327503837 2.8922977146853435 2.081853562748354 0.5098161415504197 0.09898822658631312 -1.7509386419655102 -2.8689031045189064 -3.4463045210668994 -3.0747174790720746 -3.142788381161644 -1.3329032197213317 0.30800593770840257 -0.1837062256209565 -0.6874309010837691 -0.43276564385455707 -0.27740382026189314 -0.11723699181584779 1.0872175580984127 1.8584208370661215 2.8610651831383644 3.2831047760936944 2.306087122572818 1.3066461130694949 1.3266669666252509 2.076247723752743 3.361586522032256 5.462975311244371 6.3454945359820805 7.128710327083242 7.277665477538065 7.210395409590726 7.3249146919296475 7.662866699950804 8.057677932070305 8.301932345450524 8.490929203016858 8.485323364021246 8.478916690883404 8.407642452224914 8.296326506454912 8.221848931227502 7.870282742788433
2.1202936015754053 2.1323061137088586 1.7198765304602923 0.8405606422915031 -0.052369426295199695 -0.03795441173505543 0.030116490354513914 -0.6337750135543441 -1.4322066533578799 -2.927363996901713 -3.178825917562004 -2.84647974853646 -1.1254871768837031 -1.0662254503586663 -0.5368740823444866 -0.28220882511527456 -0.06438193842865303 -0.07879695298879685 1.6798348233487803 2.8874927098319625 3.9213695874511845 4.244906580912197 3.738779403022693 2.5495407018108067 2.556748209090879 3.280702273667003 4.587663593786733 5.670391354082 6.391942916231434 6.685048212287697 6.805974167764461 6.914887611107773 7.272860472684684 7.607609144136918 7.880693586637426 8.03685624437232 8.093715468470666 8.147371356000091 8.140964682862249 8.15057469256901 8.114537156168652 8.14176551700448 7.955971996007067
1.1945293331572633 1.236172708553235 1.5140621559071232 1.3875303614347478 0.4193218834784038 0.42893189318516667 0.5522603510886217 0.3416409716820721 -0.14846952336282682 -2.008807235763643 -2.887322289790202 -2.8024338707137977 -1.8902837827135694 -0.97332868985996 -0.36549557590721804 0.18547831394717784 0.4193218834784038 0.7236388575258901 1.8544166663549704 3.006816997024266 3.464093292237725 3.3543790147521846 3.371196531739019 3.263083922537939 3.2959181223693776 3.649886813235138 4.727008734534792 5.07056658155156 5.350057697189909 5.618337134837034 6.082820937330567 6.454407979325392 6.864435060147267 7.182366214612667 7.435429803557419 7.6436466805372785 7.763771801871812 7.867079406219512 7.932747805882389 7.946361986300303 7.907921947473254 7.888701928059728 7.747755119027207
1.0287566657156062 1.3314719714786318 1.7695282472785663 1.896860875893172 0.9358599052168999 0.9799057830395626 0.86538650070064 0.33683596682869066 0.22632085520091927 -0.18771039633210762 -1.075835460065429 -1.8678604267311232 -2.0488489428751544 -1.075835460065429 -0.008323548472537023 0.7356513696593434 1.0263541632889157 1.3290694690519413 1.7807399252697889 2.147521962411233 2.391776375791452 2.4750631265833953 2.5062956581303744 2.5871799064956273 2.8426459978670695 3.271893098102471 3.649886813235138 3.8348795000903206 4.291354961161549 4.870358045994003 5.515029530489336 6.086825108041717 6.468022159743306 6.774741636217483 7.0414194055801484 7.264051297120151 7.385778086739146 7.4818781838067725 7.546745749327421 7.591592461292313 7.604405807567996 7.566766602883176 7.429023130419578
1.0736033776804992 1.4844312926446053 1.659013135650795 1.416360390555036 0.5498578486619308 0.39369519092703653 0.2639600598857399 0.0036889636609163112 0.15905078725358024 0.8469673154293451 0.6315429311694141 -0.09961864068678272 -0.8628135782321888 -0.5865257991627606 0.04693400734134867 0.5290361609639449 0.7772947450553152 1.1488817870501404 1.546095521596333 1.7991591105410847 2.0081768216631732 2.2276053766342554 2.255634571612313 2.188364503664974 2.293273776297134 2.6136074331892245 3.065277889407073 3.6410776376706058 4.127183962004352 4.578053584079971 5.012906523310983 5.38849773601696 5.699221383202287 6.057995078921429 6.423976281920643 6.707471568270144 7.005381869179788 7.187972053608279 7.2616487946934605 7.233619599715402 7.100681132105185 7.021398552024392 6.814783343328994
0.16785996281811277 0.6035137361913558 0.8397598081492728 0.7276430282370412 0.5090153074081893 -0.04996692386850876 -0.39272393674304595 -0.3711014149028298 0.4345377321807784 1.1504834553346006 1.1785126503126588 0.5586670242264633 -0.27339964955074203 -0.36149140519606693 0.09738655830185294 0.5098161415504197 0.8565773251361075 1.2257618647042423 1.6229755992504349 1.8095699543900774 1.8007607788255444 1.7831424276964793 1.7823415935542495 1.7703290814207961 1.8640266760617323 2.094666909024038 2.4782664631523166 2.943551099788078 3.329553156343047 3.7499910810139165 4.204864873800686 4.605281944915799 5.014508191595445 5.490203672080199 5.907438260182147 6.222166078078626 6.436789628196326 6.533690559406184 6.538495564259566 6.516072208277119 6.464818823174385 6.472026330454456 6.329477853137476
-1.0422004260917594 -0.5977374771539838 -0.27420048369297234 0.04613317319911836 -0.3198480298000952 -0.7202651009152086 -0.7426884568976548 -0.47921402410391023 0.6795929797032274 0.8165356180245964 0.6659787992853139 -0.04836525558404858 -0.5953349747272931 -0.25097629356829554 0.13182242641775277 0.5122186439771101 0.8021206034644521 1.1384709432011473 1.458804600093238 1.6518056283707225 1.6670214770730971 1.519667994902735 1.3074469472117252 1.1817159868815796 1.1448776163389893 1.3514928250343878 1.7238807011714434 2.134708616135549 2.534324853108432 2.9227294120900917 3.3327564929119684 3.7716136028541327 4.351417521828816 4.832718841309182 5.2715759512513465 5.612731295841424 5.823350675247973 5.863392382359484 5.856184875079412 5.8153423338256705 5.8009273192655275 5.863392382359484 5.818545670394592
-2.31632754638005 -1.903097128989253 -1.4442191654913332 -0.9741295240021903 -1.1767405619864375 -0.9396936558862905 -0.9220753047572257 -0.24857379114160505 0.557866190084233 0.416118546909483 -0.16528704034966157 -0.8299793784007494 -0.7410867886131944 -0.39752894159642693 -0.04756442144181827 0.20069416264955198 0.48018527828790125 0.7484647159350271 0.9422665783547419 1.1384709432011473 1.2666044059579837 1.200135172152875 1.0375658412801387 0.7989172668955313 0.7348505355171131 0.6595721261474718 0.9262498955101375 1.3635053371678412 1.8223833006657606 2.2179953669274926 2.6952925156967082 3.2246438837108875 3.7908336222676575 4.249711585765578 4.670950344578676 4.875163050847384 4.951242294359256 5.000894011177531 4.99849150875084 4.9656573089194005 5.03532987929343 5.128226639792135 5.083379927827243
-3.147593386015025 -3.1588050640062484 -2.7247529589174655 -1.9567530165186784 -1.4434183313491031 -1.2007655862533444 -0.8572077392365771 -0.2541796301372168 0.2279225234853799 -0.367898078333909 -0.9428969924552115 -1.0389970895228386 -0.8203693686939868 -0.6041441502918257 -0.34387305406700186 -0.0948136358334013 -0.030746904454983515 0.13662743127113375 0.324022620553007 0.5490570145197005 0.6779913114187672 0.8757973445496332 0.8557764909938772 0.6195304190359607 0.3304292936908486 0.2375325331921423 0.34404347410876257 0.8205397887357475 1.2794177522336674 1.7278848718825945 2.2051820206518093 2.740940061803831 3.209428035008513 3.6691068326486636 3.942191275149171 4.111167279159748 4.164022332546944 4.1840431861026985 4.180839849533777 4.177636512964858 4.2561182589034185 4.301765805010543 4.241703244343276
-3.705774783149493 -3.7177872952829465 -3.211660117393443 -2.397211794745303 -1.6772619008803291 -1.3521232391348572 -1.0077645579758598 -0.7987468468537706 -0.48321819481506134 -1.026183743247155 -1.1519147035773005 -1.248815634787158 -0.9725278557177299 -0.8508010660987353 -0.5905299698739117 -0.5128490580775797 -0.4664006778282266 -0.3526822296315344 -0.19651957189664016 0.029315656212283603 0.22391835277422878 0.4641685954432968 0.589098721631212 0.5090153074081893 0.21751167963638673 -0.05397109457965987 -0.020336060605990358 0.4305335614696273 0.8910131932520073 1.3402811470431644 1.8055657836789263 2.3092904591417382 2.7537534080795143 3.0901037478162094 3.3631881903167167 3.4672966288066465 3.4897199847890925 3.504935833491467 3.392018219437005 3.388814882868084 3.44647494110866 3.456084950815423 3.3952215560059256
-4.006888420628059 -3.9436225233918707 -3.3702252775550283 -2.7575871587489047 -2.450867682274728 -2.143347371658321 -1.634817691342127 -1.4634391849048587 -1.3625340829838501 -1.39696995109975 -1.4898667115984563 -1.408181629090973 -1.1823464009820492 -1.0606196113630548 -0.9316853144639883 -0.8524027343831959 -0.7811284957247058 -0.6121524917141279 -0.49042570209513325 -0.3238522005112463 -0.13645701122937348 0.033319826923434714 0.25435005017897705 0.22552002105868896 0.1790716408093358 -0.09881780654455286 -0.19091373290102887 0.07015819746602503 0.54665451209301 1.009536646302081 1.4804271219334542 1.95932593898713 2.3573405076755525 2.6888858425588658 2.8922977146853435 2.9603686167749133 2.9179244072367108 2.746545900799442 2.63282745260275 2.5911840772067785 2.647242467162894 2.6992966864078594 2.7433425642305216
-4.1918811074832405 -4.223914473172449 -4.145432727233888 -3.785858197372516 -3.6489155590511473 -3.2452951513671127 -2.6598853933968174 -2.121724849818105 -1.9815788749278154 -1.8566487487399 -1.711697768996229 -1.5835643062393927 -1.4458208337757936 -1.2824506687608275 -1.1695330547063656 -1.0846446356299615 -0.9917478751312552 -0.8516019002409656 -0.7058500863550643 -0.5176540629309612 -0.3815122587518225 -0.3054330152399509 -0.1508720257895173 -0.011526885041457824 -0.0019168753346954226 -0.06438193842865303 -0.16208370378074033 -0.04356025073066716 0.25114671361005625 0.7004146674012133 1.126458431067694 1.5348838436051095 1.8616241736350418 2.104276918730801 2.3076887908572785 2.394979712360373 2.2820620983059112 2.0930652407395773 1.9705376169783526 1.9168817294489275 1.9769442901161942 2.045816026347994 2.081052728606124
-4.324819575093458 -4.1294160443892824 -4.024506771757123 -3.949228362387482 -4.053336800877411 -3.6473138907666867 -3.034675771960563 -2.410825975163217 -2.35156424863818 -2.2834933465486107 -2.0912931524133564 -1.8630554218777418 -1.6788635691647897 -1.5483276039812628 -1.4450199996335635 -1.3609324146993897 -1.2496164689293883 -1.0806404649188104 -0.8964486122058584 -0.764310978737871 -0.6626050426746322 -0.5689074480336955 -0.4167489610099526 -0.2629888057017489 -0.18290539147872664 -0.19331623532771935 -0.2918188348220374 -0.2613871374172887 -0.033950241023904315 0.267964230596891 0.6395512725917163 1.013540817013232 1.3018411082161134 1.5108588193382029 1.6301831065305064 1.6389922820950393 1.518867160760505 1.406750380848273 1.310650283780646 1.2762144156647466 1.3691111761634525 1.4251695661195685 1.46521127323108
