static/data/seaWind_uo/2023/7/16/18.asc
ncols 137
nrows 93
xllcorner 108.0
yllcorner 17.0
cellsize 0.25
NODATA_value -32767
[rows 0 to 18 of 93, columns 0 to 42 of 137]
-1.0309887481005364 -1.002158718980248 -1.1230846744570124 -1.3777499316862245 -1.04380209437622 -0.6337750135543441 -0.4007322781653482 -0.6994434132172225 -0.8612119099477282 -0.9252786413261465 -1.1663297181374446 -1.3857582731085267 -1.6436268669066596 -1.6396226961955085 -1.9159104752649367 -1.934329660536232 -1.5827634720971626 -1.701286925147236 -0.7947426761426195 0.12701742156437135 0.6043145703335862 -0.24456962043045394 -0.8692202513700307 -1.1879522399776608 -0.588127467447221 -0.4856206972417523 -0.9925487092734855 -0.15327452821620824 0.9470715832081233 1.532481341178419 1.1344667724899962 0.811730613171215 0.48098611243013156 -0.2934205031064976 -0.9845403678511833 -1.3280982148679503 -1.5331117552788884 -1.524302579714356 -1.6796644033070198 -1.6027843256529182 -1.3753474292595338 -1.3313015514368713 -1.276844829765216
-1.0942546453367243 -1.2071722593911862 -1.3000690198898925 -1.2992681857476622 -1.1935580789732723 -0.7146592619195968 -0.6858292327993087 -0.8211702028362171 -1.011768728687011 -0.8331827149696704 -1.0293870798160758 -1.7397269639742867 -2.550971950053506 -2.411626809305447 -1.9119063045537856 -2.100903162120119 -1.6596435497512643 -0.8019501834226916 0.2975950938594094 1.0399683437068297 0.5610695266531542 -0.47681152167721974 -0.9725278557177299 -0.3807114246095922 0.27357006959250274 0.6723854724231555 0.05093817805249978 0.535442834101787 1.6013530774102187 1.4443895855330942 1.4548004293820869 1.5709213800054695 1.9345000805779926 0.571480370502147 -0.1436645185094454 -0.35828806862714613 -0.4231556341477942 -0.9140669633349232 -1.368940756121692 -1.2023672545378048 -1.5106883992964422 -1.566746789252558 -1.3897624438196778
-1.6115935012174507 -1.3425132294280946 -1.4826592043183842 -1.4314058192156496 -1.135898020732696 -1.135898020732696 -1.3713432585483827 -1.6284110182042855 -1.5867676428083137 -1.4618375166203983 -1.5547342771191044 -1.903097128989253 -2.4877060528173183 -2.4596768578392605 -2.1801857422009117 -2.2674766637040062 -2.3988134630297635 -1.4282024826467288 1.141674279770068 1.4235678978351078 0.4649694295855267 -0.9877437044201041 -1.103864655043487 -0.03555190930836494 0.8485689837138053 0.9238473930834465 1.4331779075418707 1.8512133297860491 2.0554260360547567 1.401945375994892 1.366708673736762 1.3250652983407902 0.9662916026216486 0.2895867524371072 0.10379323143969454 0.2823792451570353 0.3264251229796975 0.24393920632998434 0.06054818775926263 -0.19091373290102887 -0.7098542570662154 -1.1366988548749262 -1.4658416873315494
-2.1201231815336445 -1.5715517941059391 -1.4474225020602542 -1.340911561143634 -1.1391013573016169 -1.496273384736298 -1.5939751500883856 -1.464240019047089 -1.1527155377195308 -1.2023672545378048 -1.340911561143634 -1.5355142577055791 -2.1273306888137165 -2.428444326292282 -2.430045994576742 -2.263472492992855 -1.8510429097442884 -0.8652160806588796 0.5034094684125776 0.2375325331921423 -0.5232599019265727 -1.2167822690979488 -0.6465883598300277 0.030917324496744225 0.4425460736030806 0.4121143761983319 0.9166398858033746 1.5268755021828073 1.9288942415823809 1.640593950379499 1.366708673736762 1.0864167239561828 0.1534449482579685 0.016502309936599957 -0.06358110428642272 0.062149856043722806 0.18147414323602673 0.2639600598857399 0.39049185435811573 0.33203096197530924 -0.08280112369994796 -0.3558855662004552 -0.4936290386640545
-2.817649719416172 -2.17618157148976 -1.7797686710857983 -1.3168865368767273 -1.0870471380566522 -1.3713432585483827 -1.421795809508887 -1.2952640150365111 -1.0974579819056451 -1.0910513087678033 -1.18554973755097 -0.9188719681883046 -1.542721764985651 -1.9535496799497574 -2.266675829561776 -1.7421294664009777 -1.3216915417301085 -0.6377791842654952 0.4889944538524338 -0.4631973412593058 -1.1407030255860775 -1.496273384736298 -0.15167285993174762 0.45295691745207334 0.7812989157664663 0.5730820387866076 0.3760768397979719 0.9254490613679072 1.4868337950712962 2.018587665512166 1.568518877578779 0.786904754762078 -0.07078861156649463 -0.22695126930138887 -0.34787722477815297 -0.34387305406700186 -0.21413792302570522 0.011697305083218534 0.15905078725358024 0.2919892548637981 -0.04195858244620654 -0.3302588736490879 -0.6097499892874372
-3.3317852387279774 -2.6542795544012057 -1.9423380019585341 -1.4778541994650027 -0.9909470409890251 -1.0558146065096734 -1.1439063621549983 -1.351322404992627 -1.3040731906010437 -1.135898020732696 -0.945299494881902 -0.8964486122058584 -1.698083588578315 -2.0600606208663774 -2.232239961445876 -2.0128114064747944 -1.4738500287538516 -0.7787259932980151 0.34724681067768337 -0.520857399499882 -1.2303964495158628 -1.6260085157775948 -0.34787722477815297 0.4393427370341598 1.0567858606936644 0.8613823299894889 0.4185210493361735 0.4185210493361735 0.9967233000263973 1.5492988581652534 1.1320642700633057 0.3536534838155254 -0.4095414537298807 -0.6241650038475812 -0.7458917934665756 -0.8323818808274401 -0.6481900281144881 -0.42075313172110373 -0.2645904739862095 -0.25097629356829554 -0.5432807554823285 -0.7306759447642015 -0.9396936558862905
-3.2404901465137312 -2.6118353448630036 -1.9551513482342178 -1.5082858968697515 -1.0101670604025506 -0.9973537141268669 -1.1679313864219052 -1.3777499316862245 -1.3321023855791017 -0.7723193201601732 -0.5809199601671491 -1.4818583701761538 -2.298709195250985 -2.6598853933968174 -2.2058124347522785 -2.2931033562553735 -1.8093995343483167 -0.9653203484376578 0.39769936163818764 -0.4431764877035502 -0.8011493492804613 -1.103864655043487 0.0653531926126436 0.5402478389551684 1.1600934650413635 0.7652822329218618 0.1470382751201269 0.1470382751201269 0.7820997499086966 0.7652822329218618 0.3448443082509929 -0.20052374260779127 -0.7226676033418991 -0.9677228508643485 -1.1407030255860775 -1.2175831032401792 -1.0902504746255732 -0.9188719681883046 -0.7627093104534104 -0.9933495434157158 -1.1799438985553585 -1.3681399219794617 -1.319289039303418
-2.9017373043503456 -2.2298374590191856 -1.7285152859830637 -1.2888573418986693 -0.9709261874332693 -0.8836352659301747 -0.8347843832541308 -1.213578932529028 -1.273641493196295 -0.8964486122058584 -1.0053620555491691 -2.0200189137548663 -2.5501711159112763 -2.2098166054634296 -2.0080064016214125 -2.2618708247083945 -2.1601648886451557 -1.7285152859830637 -0.30703468352441154 -0.9533078363042045 -1.1727363912752864 -0.22374793273246807 0.8629839982739496 1.1208525920720822 1.1817159868815796 0.8317514667269705 0.33203096197530924 0.15104244583127802 0.5923020582001328 0.2671633964546607 -0.2862129958264257 -0.8796310952190236 -1.0293870798160758 -1.223989776378021 -1.3985716193842104 -1.4794558677494631 -1.4954725505940678 -1.412185799802124 -1.2464131323604672 -1.5219000772876652 -1.6804652374492501 -1.6404235303377388 -1.5130909017231327
-2.4764943748260952 -1.5859668086660834 -1.2680356542006834 -0.9493036655930533 -0.8235727052629076 -0.5304674092066448 -0.43596898042347787 -0.30383134695549074 -0.8772285927923329 -0.686630066941539 -1.5971784866573064 -2.196202425045516 -2.188194083623214 -1.7989886904993235 -1.967163860367671 -2.184990747054293 -2.145749874085012 -1.8246153830506908 -1.6468302034755806 -1.5731534623903998 -1.913507972838246 0.04933650976803916 0.8934156956786983 1.222558528135321 1.441186248964173 1.3410819811853947 0.42492772247401556 -0.23415877658146078 -0.06918694328203445 0.0877765485950901 -0.4407739852768593 -1.1006613184745662 -1.3361065562902528 -1.4554308434825565 -1.5042817261586003 -1.6075893305062996 -1.7429303005432077 -1.7709594955212657 -1.7028885934316964 -1.634817691342127 -1.7981878563570934 -1.6612452180357247 -1.4089824632332033
-1.446621667918024 -1.1046654891857173 -0.856406905094347 -0.6914350717949203 -0.6481900281144881 -0.16608787449189188 0.22231668448976816 0.48338861485682205 0.36406432766451813 0.09178071930624121 -1.0173745676826225 -2.1057081669735003 -1.7765653345168773 -1.7909803490770213 -1.8454370707486767 -1.9495455092386063 -1.7533411443922007 -1.4418166630646425 -1.386559107250757 -1.5595392819724858 -2.0560564501552263 0.14543660683566628 1.065595036258197 1.5028504779159007 1.6461997893751108 1.667822311215327 0.6259370921738023 -0.5440815896245585 -0.5713099504603862 -0.13005033809153144 -0.6249658379898115 -1.3361065562902528 -1.5683484575370183 -1.648431871760041 -1.6708552277424875 -1.7092952665695382 -1.884677943717958 -1.9847822114967362 -2.023222250323787 -1.9735705335055131 -1.8582504170243603 -1.563543452683637 -1.29125984432536
-0.4784131899616799 -0.5256624043532634 -0.42796063900117565 -0.23736211315038203 0.04613317319911836 0.3120101084195537 0.5666753656487655 0.8029214376066824 1.0039308073064692 0.9614865977682672 -0.2693954788395909 -1.5627426185414068 -1.807797866063856 -2.124928186387026 -1.9647613579409806 -1.4802567018916934 -0.7322776130486619 -1.2335997860847836 -1.6212035109242133 -1.8310220561885329 -1.5331117552788884 -0.6337750135543441 0.13662743127113375 0.9654907684794183 2.06743854818821 2.149123630695693 0.8741956762651726 -0.5336707457755656 -0.5400774189134074 0.12221241671098992 -0.45839233640592436 -1.4306049850734195 -1.7132994372806893 -1.8622545877355114 -1.8798729388645765 -1.898292124135872 -2.0007988943413406 -2.0920939865555868 -2.1745799032053 -2.171376566636379 -1.9815788749278154 -1.722909446987452 -1.4514266727714054
-0.2565821325639073 -0.3935247708852758 -0.13405450880268255 0.24634170875667483 0.5242311561105635 0.4665710978699873 0.6876013211255296 0.9999266365953181 1.260998566962372 0.9646899343371884 -0.12604616738038033 -1.3272973807257202 -1.991188884634578 -2.4428593408524257 -1.5603401161147161 -0.7346801154753526 -1.465040853189319 -1.5098875651542119 -1.4370116582112613 -1.3136832003078063 -1.0822421332032708 -1.0422004260917594 -0.0948136358334013 1.027154997431146 1.6686231453575577 1.6461997893751108 1.1656993040369752 0.5370445023862471 0.28398091344149545 0.8781998469763237 0.5178244829727219 -0.5456832579090192 -2.0392389331683916 -1.7813703393702587 -1.8254162171929211 -1.990388050492348 -2.1105131718268817 -2.0808823085643633 -2.0848864792755144 -2.0880898158444356 -2.0808823085643633 -1.8005903587837842 -1.5082858968697515
-0.005120211903616223 -0.18690956218987775 0.03892566591904645 0.39529685921149715 0.6739871407076161 0.8765981786918635 1.1993343380106447 1.5204688290449657 1.8143749592434584 -0.19732040603887047 -1.1046654891857173 -1.5114892334386723 -1.6436268669066596 -0.8099585248449939 -0.24617128871491412 -0.0820002895577181 -1.107868825754638 -1.2744423273385252 -1.1663297181374446 -1.2656331517739927 -1.8262170513351514 -1.7485361395388193 -0.5985383112962139 0.6827963162721487 1.458804600093238 1.595747238414607 1.4932404682091378 1.4043478784215826 1.0167441535821529 1.5116596534804327 1.6373906138105787 1.0263541632889157 0.30960760599286274 -1.5931743159461553 -1.7669553248101146 -1.7189052762763009 -1.7797686710857983 -1.7357227932631356 -1.5531326088346442 -1.4426174972068728 -1.450625838629175 -1.4906675457406864 -1.4057791266642823
-0.04275941658843685 -0.020336060605990358 0.10219156315523437 0.37287350322905066 0.7100246771079761 1.1737076454592774 1.3258661324830205 1.1248567627832333 1.105636743369708 -0.5496874286201703 -1.6436268669066596 -2.1449490399427815 -1.903097128989253 -1.0750346259231989 -0.5921316381583721 -0.7210659350574387 -1.330500717294641 -1.3953682828152894 -0.9509053338775137 -0.9172702999038442 -1.8510429097442884 -1.354525741561548 -0.25898463499059776 0.8317514667269705 1.2882269277982 1.5709213800054695 1.514862990049354 1.3194594593451785 1.299438605789423 1.6758306526376292 1.762320739998494 1.7775365887008685 1.7703290814207961 -0.02193772889045098 -1.1807447326975888 -1.4330074875001102 -1.3321023855791017 -1.1094704940390985 -0.8876394366413258 -0.6185591648519697 -0.5857249650205303 -0.4423756535613199 -0.3350638785024693
-0.4431764877035502 -0.10842781625131526 0.010896470940988223 0.2022958309340126 0.5690778680754565 0.7748922426286247 0.7204355209569693 0.5434511755240892 0.5490570145197005 -0.576915789455998 -1.6884735788715524 -2.122525683960335 -1.6508343741867317 -1.07903879663435 -1.4914683798829167 -1.7461336371121288 -1.5130909017231327 -1.4562316776247866 -1.012569562829241 -0.7434892910398849 -1.4706466921849308 -1.128690513452624 -0.2830096592575049 0.7596763939262501 1.3995428735682012 1.50124880963144 1.4539995952398566 1.3643061713100715 1.4355804099685616 1.8239849689502212 1.7447023888694289 1.7358932133048968 2.035405182499001 -0.00031520705023480033 -1.0886488063411126 -1.4282024826467288 -1.461036682478168 -1.252819805498309 -1.0277854115316154 -0.7795268274402452 -0.5040398825130472 0.4345377321807784 0.5690778680754565
-0.9236769730416861 -0.5753141211715374 -0.3166446932311744 -0.12284283081145952 0.1174074118576085 -0.00031520705023480033 -0.054771928721890184 0.013298973367679157 0.13102159227552246 -0.5649032773225444 -1.107868825754638 -1.5403192625589606 -1.2504173030716184 -0.07078861156649463 -0.4968323752329753 -1.8454370707486767 -1.8630554218777418 -1.5691492916792487 -0.9717270215754996 -0.7034475839283738 -0.9701253532910392 -0.9797353629978018 -0.12524533323815001 0.9006232029587702 1.3771195175857551 1.4780246195067637 1.4131570539861151 1.3234636300563296 1.506053814484821 1.7743332521319473 1.699054842762306 1.4243687319773382 1.3691111761634525 -0.5857249650205303 -1.4938708823096074 -1.835827061041914 -1.634016857199897 -1.7485361395388193 -1.527505916283277 -1.5219000772876652 -1.2335997860847836 0.0325189927812044 1.1520851236190612
-1.3617332488416198 -1.117478835461401 -0.8588094075210377 -0.5176540629309612 -0.2934205031064976 -0.5945341405850628 -0.9020544512014699 -0.8331827149696704 -0.5520899310468608 -0.30303051281326043 -0.8483985636720448 -1.4089824632332033 -1.1623255474262935 0.36886933251789955 -0.11563532353138761 -1.4682441897582401 -1.9719688652210525 -1.408181629090973 -0.8083568565605335 -0.7979460127115405 -0.8612119099477282 -0.9388928217440604 0.29999759628610034 1.328268634909711 1.334675308047553 1.5372863460318 1.4716179463689216 1.384327024865827 1.5965480725568368 1.7559140668606523 1.9288942415823809 1.6534072966551832 0.27757424030365385 -0.8948469439213977 -1.8053953636371656 -2.0608614550086077 -1.758146149245582 -1.913507972838246 -1.8270178854773815 -1.82141204648177 -1.6300126864887459 -0.42475730243225485 0.6988129991167531
-1.698083588578315 -1.5090867310119815 -1.3280982148679503 -0.9789345288555715 -0.5432807554823285 -1.5803609696704717 -1.8838771095757276 -1.7725611638057261 -1.464240019047089 -0.945299494881902 -1.0285862456738457 -1.6644485546046455 -1.3393098928591736 -0.7338792813331223 -1.1719355571330563 -1.4698458580427005 -1.758146149245582 -1.3080773613121948 -1.4177916387977358 -1.517895906576514 -1.2392056250803953 -0.9316853144639883 0.36486516180674844 1.3907336980036686 1.4035470442793523 1.6069589164058296 1.6157680919703625 1.5164646583338146 1.6822373257754708 1.699054842762306 1.9288942415823809 1.397941205283741 -0.5584966041847026 -1.2680356542006834 -1.517895906576514 -1.7493369736810496 -1.8654579243044325 -1.7173036079918407 -1.6115935012174507 -1.5755559648170903 -1.4290033167889589 -0.5849241308783002 -0.1508720257895173
-1.9503463433808363 -1.9087029679848646 -1.7461336371121288 -1.6083901646485297 -1.1951597472577329 -2.4028176337409146 -2.418834316585519 -2.2971075269665246 -2.0424422697373124 -0.9300836461795279 -0.7178625984885179 -1.1230846744570124 -1.6155976719286018 -2.128932357098177 -2.054454781870766 -1.965562192083211 -1.9487446750963762 -1.330500717294641 -1.5555351112613347 -1.7092952665695382 -1.4418166630646425 -0.6377791842654952 0.037323997634585826 0.7668839012063224 1.059188363120355 1.3923353662881293 1.4852321267868356 1.4003437077104315 1.391534532145899 1.4780246195067637 1.267405240100214 0.5410486730973982 -0.6722150523813948 -0.9861420361356437 -1.1703338888485957 -1.3905632779619082 -1.697282754436085 -1.6964819202938546 -1.5323109211366583 -1.453829175198096 -1.638021027911048 -1.1238855085992427 -0.9252786413261465
