static/data/seaWind_uo/2023/7/16/6.asc
ncols 137
nrows 93
xllcorner 108.0
yllcorner 17.0
cellsize 0.25
NODATA_value -32767
[rows 38 to 56 of 93, columns 43 to 85 of 137]
-0.9973537141268669 -0.7130575936351364 -0.39192310260081564 -0.34787722477815297 -0.5897291357316816 -0.9549095045886649 -0.5400774189134074 -1.6796644033070198 -3.613678856793017 -5.379518140410667 -5.591739188101677 -6.004969605492473 -5.839196938050817 -5.1897204487021025 -4.541044793495619 -4.070154317864246 -3.840314919044171 -3.6304963737798515 -3.3878436286840934 -3.219668458815746 -3.2509009903627244 -3.1708175761397017 -2.9730115430088357 -2.6670929006768893 -2.093695654840047 -1.6644485546046455 -1.6147968377863715 -1.913507972838246 -2.3964109606030726 -2.5381586037778225 -2.546166945200125 -2.4100251410209865 -2.2042107664678183 -2.1913974201921347 -2.164969893498537 -2.206613268894509 -2.2690783319884664 -2.2482566442904806 -2.5581794573335785 -2.9249614944750224 -3.2589093317850266 -3.497557906169634 -3.5976621739484127
-1.0878479721988825 -0.856406905094347 -0.538475750628947 -0.6513933646834089 -1.277645663907446 -1.3681399219794617 -0.7571034714577989 -1.4105841315176637 -2.5733953060359527 -3.614479690935247 -3.9732533866543887 -4.718829973070729 -4.923042679339437 -4.8886068112235375 -4.710020797506197 -4.149436897945039 -3.7041731148650325 -3.6200855299308587 -3.4807403891827993 -3.347801921572582 -3.4278853357956045 -3.362216936132726 -3.083526654636607 -2.6718979055302707 -2.2298374590191856 -2.1377415326627096 -2.2963066928242943 -2.718346285779624 -2.98742655756898 -2.959397362590922 -2.835268070545237 -2.6847112518059544 -2.574196140178183 -2.6006236668717806 -2.6670929006768893 -2.5653869646136505 -2.6174411838586154 -2.698325432223868 -2.924160660332792 -3.2509009903627244 -3.600064676375103 -3.773044851096832 -3.8459207580397825
-1.6708552277424875 -1.71570193970738 -1.702087759289466 -1.8246153830506908 -1.6772619008803291 -1.1695330547063656 -0.6850283986570784 -1.1206821720303217 -2.0120105723325636 -2.5765986426048735 -2.935372338324015 -3.497557906169634 -4.077361825144318 -4.3039978873954725 -4.433733018436769 -4.045328459455109 -3.7650365096745295 -3.663330573611291 -3.577641320392657 -3.5480104571301387 -3.5952596715217218 -3.405461979813158 -3.12917420074373 -2.7455746466154514 -2.5966194961606295 -2.8096413779938696 -3.0635058010808516 -3.2525026586471846 -3.4102669846665394 -3.298951038896538 -3.132377537312651 -3.0707133083609235 -3.0402816109561748 -3.0595016303697005 -3.0611032986541606 -2.9746132112932964 -2.9786173820044475 -3.0635058010808516 -3.2717226780607103 -3.55361629612575 -3.8547299336043155 -4.023705937614893 -4.125411873678132
-1.955952182376448 -2.329941726797964 -2.2866966831175315 -2.0880898158444356 -1.853445412170979 -1.241608127507086 -1.1975622496844236 -1.5082858968697515 -1.9006946265625624 -2.418834316585519 -2.38680095089631 -2.804035538998258 -3.6425088859133052 -4.397695482036409 -4.456156374419216 -3.94282168924964 -3.833908245906329 -3.773044851096832 -3.7786506900924435 -3.748218992687695 -3.749820660972156 -3.471130379476037 -3.2372868099448104 -3.1740209127086225 -3.121966693463658 -3.3510052581415026 -3.6489155590511473 -3.7866590315147457 -3.749820660972156 -3.645712222482226 -3.5167779255831597 -3.5183795938676203 -3.507968750018627 -3.492752901316253 -3.4663253746226554 -3.4358936772179067 -3.4182753260888417 -3.497557906169634 -3.677745588171435 -3.953232533098633 -4.203092785474464 -4.336031253084681 -4.424123008730007
-2.404419302025375 -2.8745089435145177 -2.764794666028977 -2.5653869646136505 -2.232239961445876 -1.9287238215406204 -2.1737790690630696 -1.8045945294949353 -2.1986049274722066 -2.261069990566164 -2.2154224444590414 -2.5557769549068876 -3.4487070234935904 -4.2054952879011545 -4.2054952879011545 -3.916394162556043 -3.866742445737769 -3.988469235356763 -3.9940750743523745 -3.896373309000287 -3.833908245906329 -3.610475520224096 -3.507167915876397 -3.4423003503557483 -3.6937622710160394 -3.8675432798799987 -4.090976005562232 -4.0821668299977 -4.046129293597339 -4.028510942468275 -3.9660458793743167 -3.9612408745209353 -3.9764567232233095 -3.960440040378705 -3.9620417086631656 -3.927605840547266 -3.952431698956403 -4.072556820290937 -4.252744502292738 -4.312006228817775 -4.519422271655403 -4.677987431816988 -4.8165317384228175
-3.105950010619053 -3.499960408596325 -3.3814369555462513 -2.9129489823415686 -2.546967779342355 -2.341153404789187 -2.9369740066084757 -2.483701882106167 -2.3275392243712734 -2.347560077927029 -2.545366111057895 -2.963401533302073 -3.810684055781653 -3.842717421470862 -3.821895733772876 -3.964444211089856 -4.019701766903742 -4.147835229660578 -4.151839400371729 -4.053336800877411 -3.9123899918448917 -3.8699457823066896 -3.7714431828123716 -3.8595349384576965 -4.135021883384894 -4.352047935929286 -4.429728847725618 -4.416915501449934 -4.387284638187416 -4.372869623627272 -4.375272126053963 -4.40089881860533 -4.416915501449934 -4.482583901112813 -4.4929947449618055 -4.50580809123749 -4.602709022447347 -4.7220333096396505 -4.667576587967995 -4.701211621941665 -4.850967606538717 -5.010333600842532 -5.156085414728434
-3.334187741154668 -3.6328988762065424 -3.6721397491758236 -3.2020501076866807 -2.6654912323924287 -2.224231620023574 -2.839272241256388 -2.751180485611063 -2.595017827876169 -2.6807070810948033 -2.9746132112932964 -3.55521796441021 -4.2775703607018745 -4.309603726391083 -3.866742445737769 -4.001282581632447 -4.138225219953815 -4.18947860505655 -4.193482775767701 -4.197486946478852 -4.077361825144318 -4.113399361544678 -4.221511970745759 -4.309603726391083 -4.480982232828352 -4.754066675328859 -4.79010421172922 -4.75887168018224 -4.728439982777493 -4.770083358173464 -4.764477519177852 -4.830946752982961 -4.911030167205984 -4.977499401011093 -5.059985317660806 -5.140869566026059 -5.2609946873605935 -5.262596355645053 -5.207338799831168 -5.028752786113827 -5.121649546612534 -5.246579672800449 -5.473215735051603
-2.7103379443573217 -3.232481805091429 -3.273324346345171 -2.9794182161466773 -2.5910136571650177 -2.3892034533230007 -2.6558812226856663 -2.631055364276529 -2.5830053157427155 -2.718346285779624 -2.9121481481993383 -3.5183795938676203 -4.316811233671156 -4.4881897401084245 -4.063747644726404 -4.024506771757123 -4.316010399528926 -4.33282791651576 -4.320815404382307 -4.328022911662379 -4.352848770071516 -4.396894647894179 -4.627534880856484 -4.86057761624548 -5.00392692770469 -5.120047878328073 -5.076002000505411 -5.061586985945267 -5.1040311954834685 -5.1849154438487215 -5.237770497235917 -5.287422214054191 -5.39072981840189 -5.506850769025273 -5.582930012537144 -5.723075987427434 -5.88564531830017 -5.8768361427356375 -5.729482660565276 -5.483626578900596 -5.226558819244693 -5.2850197116275 -5.649399246342253
-2.503722735661923 -3.196444268691069 -3.081124152209916 -2.754383822179984 -2.6254495252809176 -2.6967237639394077 -2.860894763096604 -2.5597811256180387 -2.4628801944081813 -2.7055329395039402 -3.030671601249412 -3.475935384329418 -3.7866590315147457 -3.9732533866543887 -4.113399361544678 -4.324819575093458 -4.4929947449618055 -4.547451466633461 -4.558663144624685 -4.601107354162886 -4.739651660768716 -4.819735074991739 -5.105632863767929 -5.35469228200153 -5.456398218064768 -5.458800720491459 -5.393132320828581 -5.416356510953257 -5.455597383922538 -5.527672456723259 -5.669420099898009 -5.738291836129808 -5.888848654869091 -6.035401302897222 -6.150721419378375 -6.27485071142406 -6.358938296358234 -6.382963320625141 -6.250825687157153 -5.986550420221178 -5.655805919480095 -5.3514889454326084 -5.208940468115628
-2.514934413653146 -3.0354766061027934 -3.1067508447612835 -3.0506924548051675 -3.09473833262783 -3.2725235122029406 -3.2020501076866807 -2.8496830851053807 -2.7167446174951633 -2.9289656651861735 -3.250100156220494 -3.8563316018887757 -4.086971834851081 -4.195885278194392 -4.344039594506984 -4.632339885709865 -4.605912359016267 -4.775689197169076 -4.890208479507998 -4.93185185490397 -5.087213678496633 -5.381119808695127 -5.610959207515203 -5.738291836129808 -5.760715192112254 -5.7511051824054915 -5.63978923663549 -5.71106347529398 -5.817574416210601 -5.933695366833984 -6.137107238960461 -6.289265725984205 -6.426208364305573 -6.503889276101905 -6.55594349534687 -6.7081019823706125 -6.772969547891261 -6.824222932993996 -6.73452950906421 -6.513499285808667 -6.298074901548736 -5.483626578900596 -4.757270011897781
-2.6326570325609895 -2.81204388042056 -3.0675099717920027 -3.218066790531285 -3.2685193414917895 -3.428686169937835 -3.3782336189773305 -3.507167915876397 -4.04693012773957 -4.512214764375331 -4.180669429492017 -4.171059419785255 -4.418517169734395 -4.617124037007491 -4.803718392147134 -5.017541108122604 -5.076002000505411 -5.2345671606669955 -5.380318974552897 -5.471614066767143 -5.655805919480095 -5.865624464744414 -6.036202137039453 -6.056222990595208 -6.013778781057006 -6.007372107919164 -5.8992594987180835 -5.949712049678588 -6.109878878124633 -6.31088824782442 -6.552740158777949 -6.695288636094929 -6.848247957260902 -6.943547220186298 -6.995601439431264 -7.064473175663064 -7.050058161102919 -7.09170153649889 -7.08609569750328 -6.989194766293423 -7.08609569750328 -7.090900702356661 -6.446229217861328
-2.8272597291229347 -3.1876350931265365 -3.5311929401433035 -3.6040688470862543 -3.48234205746726 -3.6040688470862543 -3.6024671788017937 -4.150237732087269 -4.549053134917921 -4.832548421267422 -4.702012456083895 -4.8886068112235375 -5.1713012634308075 -5.370708964846134 -5.465207393629301 -5.5308757932921795 -5.558904988270237 -5.763918528681176 -5.932894532691753 -6.09866720013341 -6.271647374855139 -6.410992515603199 -6.4702542421282345 -6.423805861878883 -6.2676432041439885 -6.210783980045642 -6.165937268080749 -6.237211506739239 -6.427009198447803 -6.656848597267878 -6.917119693492701 -7.064473175663064 -7.178191623859755 -7.239855852811482 -7.349570130297025 -7.419242700671054 -7.454479402929184 -7.436861051800118 -7.445670227364651 -7.402425183684219 -7.400823515399759 -7.429653544520047 -7.357578471719327
-3.1347800397393417 -3.9123899918448917 -4.135021883384894 -3.805078216786041 -3.65932640290014 -4.081365995855469 -3.9051824845648193 -4.40330132103202 -4.883000972227926 -5.060786151803036 -5.453194881495847 -5.825582757632903 -5.925687025411682 -5.874433640308947 -5.952114552105279 -5.969732903234343 -6.030596298043841 -6.298074901548736 -6.493478432252912 -6.6272177340053595 -6.719313660361836 -6.818617093998384 -6.76576204061119 -6.681674455677015 -6.547935153924566 -6.447830886145789 -6.431814203301185 -6.529515968653271 -6.738533679775362 -6.961966405457595 -7.156569102019539 -7.3279476084568085 -7.434458549373428 -7.519346968449833 -7.676310460326956 -7.732368850283072 -7.775613893963504 -7.778817230532425 -7.770008054967892 -7.7908297426658795 -7.789228074381418 -7.677912128611418 -7.599430382672855
-3.5271887694321524 -4.2951887118309395 -4.234325317021442 -3.8939708065735963 -3.8803566261556828 -4.576281495753749 -4.396894647894179 -4.620327373576412 -5.128056219750375 -6.014579615199237 -6.479864251834998 -6.640031080281043 -6.610400217018524 -6.5415284807867256 -6.406187510749817 -6.41739918874104 -6.4838684225461485 -6.706500314086153 -6.909111352070399 -6.985190595582271 -7.073282351227595 -7.070879848800905 -7.014821458844789 -6.921123864203853 -6.792189567304787 -6.696890304379389 -6.7217161627885265 -6.824222932993996 -7.041248985538386 -7.280698394065224 -7.431255212804507 -7.61945123622861 -7.72676301128746 -7.834074786346312 -7.983029936801133 -8.03828749261502 -8.036685824330558 -8.0430924974684 -7.999046619645737 -8.017465804917032 -8.048698336464012 -7.97101742466768 -7.926971546845017
-3.8242982361995663 -4.529833115504396 -4.468969720694899 -4.130216878531513 -4.144631893091657 -5.1352637270304475 -5.345883106436997 -5.550896646847935 -6.216389819041254 -7.104514882774575 -7.4720977540582485 -7.432056046946737 -7.338358452305801 -7.048456492818458 -6.91231468863932 -6.832231274416298 -6.899501342363637 -7.042049819680617 -7.1709841165796835 -7.253470033229396 -7.276694223354074 -7.273490886785153 -7.263880877078389 -7.210224989548964 -7.063672341520833 -6.936339712906227 -6.962767239599824 -7.130141575325942 -7.339960120590261 -7.587417870539401 -7.740377191705374 -7.934179054125089 -8.08233337043768 -8.18964514549653 -8.269728559719555 -8.32738861796013 -8.300961091266533 -8.269728559719555 -8.225682681896892 -8.11116339955797 -8.126379248260344 -8.087939209433292 -8.090341711859983
-4.058141805730793 -4.677987431816988 -4.748460836333248 -4.4121104965965525 -4.987910244860085 -6.035401302897222 -6.531117636937733 -7.002008112569106 -7.6426754263532874 -8.054304175459624 -8.355417812938189 -8.246504369594877 -7.899743186009189 -7.521749470876523 -7.176589955575295 -7.09170153649889 -7.12293406804587 -7.258275038082779 -7.320740101176735 -7.450475232218032 -7.469695251631558 -7.496122778325155 -7.499326114894076 -7.454479402929184 -7.359980974146017 -7.214229160260116 -7.283100896491915 -7.456881905355875 -7.662696279909042 -7.895739015298039 -8.087138375291062 -8.274533564572936 -8.42589121745445 -8.53640632908222 -8.588460548327184 -8.611684738451862 -8.566037192344739 -8.518787977953155 -8.281741071853007 -8.161615950518474 -8.059910014455236 -7.965411585672069 -7.956602410107536
-3.896373309000287 -4.487388905966194 -4.664373251399074 -5.221753814391311 -6.161933097369598 -7.142954921601625 -7.490516939329543 -8.00625412692581 -8.695772323386034 -9.048940180109565 -9.002491799860211 -8.882366678525678 -8.385849510342936 -7.671505455473575 -7.325545106030118 -7.09170153649889 -7.046854824533998 -7.178191623859755 -7.282300062349686 -7.473699422342708 -7.639472089784366 -7.685119635891489 -7.705140489447244 -7.574604524263718 -7.576206192548177 -7.589820372966091 -7.648281265348899 -7.79323224509257 -8.014262468348113 -8.246504369594877 -8.49796629025517 -8.654128947990063 -8.786266581458051 -8.905590868650354 -8.934420897770643 -8.911997541788196 -8.831113293422943 -8.611684738451862 -8.332994456955742 -8.063914185166386 -7.963009083245378 -7.788427240239189 -7.728364679571921
-3.0883316594899886 -3.9364150161117983 -4.793307548298141 -5.667818431613548 -6.7937912355892465 -7.556185338992423 -7.899743186009189 -8.874358337103375 -9.692810830462667 -10.19653550592548 -10.152489628102817 -9.591104894399429 -8.847129976267547 -7.890934010444656 -7.143755755743856 -6.7889862307358655 -6.772969547891261 -6.974779751733278 -7.1805941262864454 -7.516944466023141 -7.7059413235894745 -7.781219732959116 -7.8629048154665995 -7.784423069528037 -7.774813059821275 -7.846087298479764 -7.956602410107536 -8.101553389851206 -8.297757754697612 -8.548418841215673 -8.867150829823304 -9.029720160696039 -9.145841111319422 -9.20910700855561 -9.193891159853235 -9.157052789310645 -9.044135175256184 -8.82230411785841 -8.530800490086609 -8.22087767704351 -7.899743186009189 -7.551380334139042 -7.396819344688607
-2.408423472736526 -3.295747702327617 -4.36726378463166 -5.384323145264048 -6.372552476776148 -6.832231274416298 -8.2577160475861 -9.434141402522304 -10.275818086006272 -10.864431180545488 -11.079054730663188 -10.273415583579581 -9.229928696253596 -7.959805746676457 -7.129340741183711 -6.829027937847377 -6.913115522781551 -7.355976803434865 -7.575405358405948 -7.8452864643375335 -8.017465804917032 -8.072723360730919 -8.052702507175162 -8.002249956214659 -8.025474146339334 -8.087138375291062 -8.203259325914445 -8.357019481222649 -8.548418841215673 -8.827109122711793 -9.114608579772444 -9.289991256920862 -9.450158085366908 -9.523033992309859 -9.466975602353743 -9.479788948629427 -9.330032964032375 -9.13623110161266 -8.879163341956756 -8.53640632908222 -8.090341711859983 -7.577007026690408 -7.241457521095944
