static/data/precipitation/2023/7/9/0.asc
ncols 137
nrows 93
xllcorner 108.0
yllcorner 17.0
cellsize 0.25
NODATA_value -32767
[rows 69 to 91 of 93, columns 51 to 101 of 137]
0.0 0.0 0.0 0.0 0.0 0.0 0.0011044827173782579 0.0 0.0 0.01988068891281558 0.004970172228203895 0.0 0.0 0.0 0.0 0.0 0.0 0.0 0.0 0.0 0.0 0.0 0.0 0.0 0.0 0.0 0.0011044827173782579 0.0016567240760691215 0.0016567240760691215 0.0027612067934473794 0.0016567240760691215 0.0011044827173782579 0.0011044827173782579 0.0011044827173782579 0.0038656895108256373 0.01822396483674646 0.0469405154885881 0.07344810070567323 0.08394068652077188 0.09277654825979795 0.04970172228203548 0.05080620499941374 0.048597239564657224 0.025955343858397734 0.0038656895108256373 0.0011044827173782579 0.0016567240760691215 0.0011044827173782579 0.0016567240760691215 0.024850861141019476 0.048597239564657224
0.0016567240760691215 0.0 0.0 0.0 0.0 0.0 0.0027612067934473794 0.0027612067934473794 0.0 0.0 0.0 0.0 0.0 0.0 0.0 0.0 0.0 0.0 0.0 0.0 0.0 0.0 0.0 0.0 0.0 0.0 0.0011044827173782579 0.0027612067934473794 0.004970172228203895 0.0077313790216512746 0.0016567240760691215 0.0011044827173782579 0.0 0.0016567240760691215 0.0038656895108256373 0.0171194821193682 0.022089654347572096 0.01546275804329908 0.014358275325920822 0.011597068532473442 0.012149309891164306 0.01988068891281558 0.02374637842363775 0.006626896304273017 0.0038656895108256373 0.0016567240760691215 0.0027612067934473794 0.0038656895108256373 0.014358275325920822 0.030373274727910765 0.061298790814508924
0.0016567240760691215 0.0 0.0 0.0 0.0 0.0 0.0038656895108256373 0.0027612067934473794 0.0 0.0 0.0 0.0 0.0 0.0 0.0 0.0 0.0 0.0 0.0 0.0 0.0 0.0 0.0 0.0 0.0 0.0 0.0 0.0027612067934473794 0.005522413586894759 0.011597068532473442 0.0027612067934473794 0.0011044827173782579 0.0 0.0011044827173782579 0.0027612067934473794 0.006626896304273017 0.011597068532473442 0.011597068532473442 0.0298210333692199 0.026507585217085128 0.006626896304273017 0.0038656895108256373 0.0027612067934473794 0.0016567240760691215 0.0011044827173782579 0.0016567240760691215 0.0027612067934473794 0.008835861739029532 0.025955343858397734 0.03644792967349292 0.06461223896664717
0.0011044827173782579 0.006626896304273017 0.006626896304273017 0.010492585815095185 0.004970172228203895 0.004970172228203895 0.0011044827173782579 0.0011044827173782579 0.0 0.0 0.0 0.0 0.0 0.0 0.0 0.0 0.0 0.0 0.0 0.0 0.0 0.0 0.0 0.0 0.0 0.0 0.0 0.0 0.0016567240760691215 0.0077313790216512746 0.0038656895108256373 0.0011044827173782579 0.0011044827173782579 0.0016567240760691215 0.0038656895108256373 0.006626896304273017 0.011597068532473442 0.02098517163019384 0.045836032771209845 0.0695824111948476 0.05080620499941374 0.012149309891164306 0.006626896304273017 0.006626896304273017 0.0011044827173782579 0.0016567240760691215 0.012149309891164306 0.01988068891281558 0.04473155005383159 0.048597239564657224 0.05522413586892677
0.008835861739029532 0.01988068891281558 0.033134481521358145 0.051358446358104604 0.02098517163019384 0.013253792608542564 0.005522413586894759 0.0016567240760691215 0.0011044827173782579 0.0 0.0 0.0 0.0 0.0 0.0 0.0 0.0 0.0 0.0 0.0 0.0 0.0 0.0 0.0 0.0 0.0 0.0 0.0 0.0011044827173782579 0.0038656895108256373 0.0011044827173782579 0.0011044827173782579 0.0016567240760691215 0.0038656895108256373 0.004970172228203895 0.011597068532473442 0.010492585815095185 0.016014999401989943 0.04473155005383159 0.0811794797273245 0.09443327233586707 0.048597239564657224 0.03534344695611466 0.013253792608542564 0.0077313790216512746 0.011597068532473442 0.026507585217085128 0.05356741179286112 0.14855292548741558 0.02098517163019384 0.016014999401989943
0.01822396483674646 0.025955343858397734 0.012149309891164306 0.010492585815095185 0.014358275325920822 0.009388103097716927 0.0027612067934473794 0.0 0.0011044827173782579 0.0 0.0 0.0 0.0 0.0 0.0 0.0 0.0 0.0 0.0 0.0 0.0 0.0 0.0 0.0 0.0 0.0 0.0 0.0 0.0 0.0 0.0 0.0 0.0016567240760691215 0.004970172228203895 0.008835861739029532 0.014358275325920822 0.026507585217085128 0.045836032771209845 0.048597239564657224 0.0695824111948476 0.10768706494440963 0.12370206434639958 0.07455258342305149 0.05246292907548286 0.040313619184318555 0.028716550651841644 0.07841827293387713 0.16567240760678378 0.07897051429256799 0.06185103217319979 0.0392091364669403
0.004970172228203895 0.005522413586894759 0.0038656895108256373 0.0038656895108256373 0.01546275804329908 0.014358275325920822 0.006626896304273017 0.0016567240760691215 0.0 0.0 0.0 0.0 0.0 0.0 0.0 0.0 0.0 0.0 0.0 0.0 0.0 0.0 0.0 0.0 0.0 0.0 0.0011044827173782579 0.0011044827173782579 0.0 0.0 0.0 0.0016567240760691215 0.0038656895108256373 0.0077313790216512746 0.014358275325920822 0.022089654347572096 0.04362706733645333 0.11817965075950482 0.09553775505324533 0.05632861858630503 0.0695824111948476 0.12370206434639958 0.13750809831362953 0.10879154766178789 0.08228396244470276 0.09167206554241969 0.07897051429256799 0.0298210333692199 0.03810465374956204 0.0298210333692199 0.025955343858397734
0.008835861739029532 0.012149309891164306 0.013253792608542564 0.006626896304273017 0.013253792608542564 0.016014999401989943 0.011597068532473442 0.0038656895108256373 0.0 0.0 0.0 0.0 0.0 0.0 0.0 0.0 0.0 0.0 0.0 0.0 0.0 0.0 0.0 0.0 0.0 0.0 0.0 0.0011044827173782579 0.0 0.0016567240760691215 0.0027612067934473794 0.0016567240760691215 0.005522413586894759 0.011597068532473442 0.01822396483674646 0.05522413586892677 0.14192602918314604 0.11652292668343917 0.13640361559625128 0.11431396124867918 0.07234361798829497 0.08228396244470276 0.16677689032416204 0.1430305119005243 0.1507618909221721 0.13253792608542564 0.11707516804212656 0.2126129230953719 0.22586671570391445 0.08559741059683754 0.03700017103218031
0.012149309891164306 0.040313619184318555 0.02374637842363775 0.010492585815095185 0.0077313790216512746 0.009388103097716927 0.01822396483674646 0.006626896304273017 0.0 0.0 0.0 0.0 0.0 0.0 0.0 0.0 0.0 0.0 0.0 0.0 0.0 0.0 0.0 0.0 0.0 0.0011044827173782579 0.0011044827173782579 0.0011044827173782579 0.0011044827173782579 0.0038656895108256373 0.005522413586894759 0.0038656895108256373 0.006626896304273017 0.016014999401989943 0.03810465374956204 0.07344810070567323 0.1259110297811561 0.08946310010766317 0.07068689391222932 0.04970172228203548 0.06792568711878194 0.07897051429256799 0.21371740581275014 0.3490165386916232 0.5064053259180683 0.5942117019496623 1.106139441454622 1.5335742530801222 0.9995568592275905 0.3749718825500209 0.22144878483440142
0.01822396483674646 0.0342389642387364 0.01988068891281558 0.005522413586894759 0.004970172228203895 0.004970172228203895 0.009388103097716927 0.008835861739029532 0.0 0.0 0.0 0.0 0.0 0.0 0.0 0.0 0.0 0.0 0.0 0.0 0.0 0.0 0.0 0.0011044827173782579 0.0016567240760691215 0.0 0.0 0.0 0.0011044827173782579 0.0027612067934473794 0.005522413586894759 0.004970172228203895 0.011597068532473442 0.01988068891281558 0.08780637603159405 0.12480654706377783 0.11155275445523527 0.09940344456407096 0.048597239564657224 0.010492585815095185 0.047492756847278966 0.06682120440140368 0.2634191280947856 0.658823940916306 0.8675711745008557 1.3839168448753283 2.0582035438349333 2.1647861260619647 1.7975456225335953 1.112214096400204 0.6864360088507728
0.019328447554124717 0.01988068891281558 0.0077313790216512746 0.006626896304273017 0.0038656895108256373 0.0038656895108256373 0.0011044827173782579 0.0 0.0 0.0 0.0 0.0 0.0 0.0 0.0 0.0 0.0 0.0 0.0 0.0 0.0 0.0 0.0 0.0011044827173782579 0.0027612067934473794 0.0016567240760691215 0.0 0.0 0.0 0.0011044827173782579 0.0038656895108256373 0.008835861739029532 0.016014999401989943 0.0298210333692199 0.0982989618466927 0.13143344336804738 0.11817965075950482 0.18665757923697415 0.04362706733645333 0.009388103097716927 0.04197034326038421 0.08946310010766317 0.4318527424950133 0.8289142793926063 1.121602199497921 1.6385001112310844 1.6572763174265184 1.7616499342187932 2.1277859550297844 1.9588000992708658 1.3706630522667858
0.0077313790216512746 0.006626896304273017 0.0011044827173782579 0.009388103097716927 0.0011044827173782579 0.0038656895108256373 0.0 0.0 0.0 0.0 0.0 0.0 0.0 0.0 0.0 0.0 0.0 0.0 0.0 0.0 0.0 0.0 0.0011044827173782579 0.0016567240760691215 0.004970172228203895 0.0016567240760691215 0.0 0.0 0.0 0.0 0.0011044827173782579 0.010492585815095185 0.019328447554124717 0.0342389642387364 0.09553775505324533 0.12867223657460347 0.12480654706377783 0.27777740342070645 0.027612067934463386 0.012149309891164306 0.07344810070567323 0.37662860662608655 0.7350332484154266 1.419260291831443 1.713052694654136 1.5203204604715796 1.188975645258012 1.7682768305230627 2.23712974405026 2.1134276797038636 1.391648223896976
0.0 0.0 0.0 0.0 0.0 0.0 0.0 0.0 0.0 0.0 0.0 0.0 0.0 0.0 0.0 0.0 0.0 0.0 0.0 0.0 0.0 0.0 0.0016567240760691215 0.0027612067934473794 0.0038656895108256373 0.0011044827173782579 0.0 0.0 0.0 0.0 0.0 0.005522413586894759 0.014358275325920822 0.02098517163019384 0.07897051429256799 0.09719447912931445 0.09277654825979795 0.11817965075950482 0.03700017103218031 0.03644792967349292 0.22420999162784533 0.742212386078387 1.6335299390028806 2.316652499701515 2.1791444013878856 1.760545451501415 2.1570547470403136 2.934610580074817 2.3641452565487944 1.4430066702550808 0.7074211804809633
0.0 0.0 0.0 0.0 0.0 0.0 0.0 0.0 0.0 0.0 0.0 0.0 0.0 0.0 0.0 0.0 0.0 0.0 0.0 0.0 0.0 0.0 0.0011044827173782579 0.0027612067934473794 0.0027612067934473794 0.0027612067934473794 0.0016567240760691215 0.0 0.0 0.0 0.0 0.0011044827173782579 0.009388103097716927 0.0171194821193682 0.0171194821193682 0.025955343858397734 0.047492756847278966 0.0695824111948476 0.05080620499941374 0.10658258222703137 0.401479467767106 1.2071996100947584 2.06262147470445 2.2509357780174932 2.1371740581275014 2.541414732688051 3.429418837460408 2.9572524757810763 1.8014113120444208 0.7593318681977552 0.3197477466810906
0.0 0.0 0.0 0.0 0.0 0.0 0.0 0.0 0.0 0.0 0.0 0.0 0.0 0.0 0.0 0.0 0.0 0.0 0.0 0.0 0.0 0.0 0.0 0.012149309891164306 0.0342389642387364 0.0298210333692199 0.010492585815095185 0.0011044827173782579 0.0 0.0 0.0 0.0 0.0 0.0027612067934473794 0.005522413586894759 0.0077313790216512746 0.011597068532473442 0.0171194821193682 0.027612067934463386 0.05080620499941374 0.602495322330001 1.4352752912334295 1.886456481282571 1.9311880313364025 2.348130257146804 3.017446783878209 2.918043339314138 1.9455463066623233 1.1674382322691308 0.33741947015914975 0.1480006841287282
0.0 0.0 0.0 0.0 0.0 0.0 0.0 0.0 0.0 0.0 0.0 0.0 0.0 0.0 0.0 0.0 0.0 0.0 0.0 0.0 0.0 0.0016567240760691215 0.026507585217085128 0.026507585217085128 0.0392091364669403 0.03147775744528902 0.014358275325920822 0.004970172228203895 0.0 0.0 0.0011044827173782579 0.0 0.0 0.0 0.0011044827173782579 0.0011044827173782579 0.0016567240760691215 0.0027612067934473794 0.011597068532473442 0.027612067934463386 0.10106016864013662 0.2783296447793973 0.8708846226529905 1.3971706374838708 1.7517095897623853 1.9400238930754286 1.7826351058489869 1.1503187501497627 0.7455258342305253 0.25955343858395996 0.08559741059683754
0.0 0.0 0.0 0.0 0.0 0.0 0.0 0.0 0.0 0.0 0.0 0.0 0.0 0.0 0.0 0.0 0.0 0.0 0.0 0.0 0.0038656895108256373 0.004970172228203895 0.02264189570625949 0.0342389642387364 0.04362706733645333 0.0298210333692199 0.011597068532473442 0.0038656895108256373 0.0016567240760691215 0.0 0.0 0.0 0.0 0.0 0.0 0.0 0.0 0.0016567240760691215 0.0016567240760691215 0.011597068532473442 0.047492756847278966 0.07841827293387713 0.2915834373879399 0.29379240282269636 0.6439134242316978 1.3789466726471244 1.630768732209433 1.4579171869396925 0.25568774907313435 0.10216465135751487 0.06682120440140368
0.0 0.0 0.0 0.0 0.0027612067934473794 0.0011044827173782579 0.0 0.0 0.0 0.0 0.0 0.0 0.0 0.0 0.0 0.0 0.0 0.0 0.0 0.0011044827173782579 0.0038656895108256373 0.004970172228203895 0.012149309891164306 0.02374637842363775 0.02264189570625949 0.013253792608542564 0.006626896304273017 0.0016567240760691215 0.0011044827173782579 0.0 0.0 0.0 0.0 0.0 0.0 0.0 0.0 0.0 0.0011044827173782579 0.0027612067934473794 0.01822396483674646 0.04086586054300595 0.15352309771561948 0.2717027484751243 0.31091188494206456 0.7725856608062978 0.8040634182515869 0.6549582514054839 0.103821375433584 0.08891085874897231 0.1336424088028039
0.0 0.0 0.0 0.0 0.0038656895108256373 0.0011044827173782579 0.0 0.0 0.0 0.0 0.0 0.0 0.0 0.0 0.0 0.0 0.0 0.0 0.0 0.0011044827173782579 0.0027612067934473794 0.0038656895108256373 0.009388103097716927 0.016014999401989943 0.0171194821193682 0.01546275804329908 0.009388103097716927 0.0038656895108256373 0.0016567240760691215 0.0011044827173782579 0.0011044827173782579 0.0 0.0 0.0 0.0 0.0 0.0 0.0 0.0 0.0 0.0077313790216512746 0.01988068891281558 0.10603034086834051 0.31201636765944285 0.3567479177132744 0.4346139492884607 0.27777740342070645 0.24795637005148655 0.11044827173785701 0.13916482238969866 0.36171808994147486
0.0 0.0 0.0 0.0 0.01546275804329908 0.006626896304273017 0.0 0.0 0.0 0.0 0.0 0.0 0.0 0.0 0.0 0.0 0.0 0.0 0.0 0.0027612067934473794 0.005522413586894759 0.006626896304273017 0.0077313790216512746 0.010492585815095185 0.02264189570625949 0.022089654347572096 0.009388103097716927 0.0038656895108256373 0.0038656895108256373 0.0011044827173782579 0.0027612067934473794 0.0016567240760691215 0.0027612067934473794 0.0 0.0 0.0 0.0 0.0 0.0 0.0 0.0027612067934473794 0.014358275325920822 0.08780637603159405 0.29268792010531813 0.530151704341706 0.6074654945582049 0.2269711984212927 0.1927322341825563 0.1551798217916886 0.5180023944505417 0.6825703193399473
0.0 0.0 0.0 0.0 0.07234361798829497 0.006626896304273017 0.0 0.0 0.0 0.0 0.0 0.0 0.0 0.0 0.0 0.0 0.0011044827173782579 0.0011044827173782579 0.0011044827173782579 0.0038656895108256373 0.0077313790216512746 0.006626896304273017 0.004970172228203895 0.0027612067934473794 0.02098517163019384 0.025955343858397734 0.013253792608542564 0.012149309891164306 0.012149309891164306 0.006626896304273017 0.008835861739029532 0.005522413586894759 0.0077313790216512746 0.0027612067934473794 0.0016567240760691215 0.0016567240760691215 0.0 0.0 0.0 0.0 0.0038656895108256373 0.0171194821193682 0.10879154766178789 0.22144878483440142 0.4589125690707893 0.5467189451023834 0.24022499102983527 0.24629964597541742 0.21371740581275014 0.7935708324364916 0.814556004066682
0.0 0.0 0.0 0.0 0.19549344097600369 0.043074825977762465 0.0 0.0 0.0 0.0 0.0 0.0011044827173782579 0.0 0.0 0.0 0.0011044827173782579 0.0016567240760691215 0.0016567240760691215 0.0011044827173782579 0.0016567240760691215 0.004970172228203895 0.0011044827173782579 0.0011044827173782579 0.0027612067934473794 0.0038656895108256373 0.006626896304273017 0.0077313790216512746 0.013253792608542564 0.04086586054300595 0.0298210333692199 0.0392091364669403 0.01822396483674646 0.019328447554124717 0.006626896304273017 0.004970172228203895 0.0038656895108256373 0.0011044827173782579 0.0 0.0 0.0 0.004970172228203895 0.019328447554124717 0.07455258342305149 0.18389637244353024 0.40258395048448425 0.43571843200583893 0.39209136466938566 0.3672405035283696 0.29765809233352203 0.5207636012439891 0.6179580803733
0.0 0.0 0.0 0.0 0.1678813730415403 0.04473155005383159 0.0016567240760691215 0.0 0.0 0.0 0.0 0.0 0.0 0.0 0.0 0.0 0.0011044827173782579 0.0011044827173782579 0.0011044827173782579 0.0016567240760691215 0.0038656895108256373 0.0 0.0011044827173782579 0.0016567240760691215 0.0011044827173782579 0.0016567240760691215 0.005522413586894759 0.01988068891281558 0.04086586054300595 0.08946310010766317 0.12370206434639958 0.06571672168402543 0.04970172228203548 0.022089654347572096 0.02098517163019384 0.019328447554124717 0.0038656895108256373 0.0011044827173782579 0.0011044827173782579 0.0011044827173782579 0.0038656895108256373 0.019328447554124717 0.08283620380339016 0.5235248080374331 0.8333322102621193 0.8609442781965827 0.7560184200456205 0.7703766953715413 0.4379273974405955 0.28606102380104514 0.39098688195200737
