static/data/precipitation/2023/7/9/18.asc
ncols 137
nrows 93
xllcorner 108.0
yllcorner 17.0
cellsize 0.25
NODATA_value -32767
[rows 48 to 71 of 93, columns 54 to 107 of 137]
0.0011044827173782579 0.0005522413586908637 0.0 0.0 0.0 0.0011044827173782579 0.0016567240760691215 0.0033134481521347736 0.012149309891164306 0.0392091364669403 0.02264189570625949 0.018776206195437323 0.01546275804329908 0.009388103097716927 0.005522413586894759 0.004970172228203895 0.006074654945582153 0.006626896304273017 0.0044179308695130315 0.0016567240760691215 0.0005522413586908637 0.0005522413586908637 0.0011044827173782579 0.0011044827173782579 0.0016567240760691215 0.0011044827173782579 0.0038656895108256373 0.004970172228203895 0.010492585815095185 0.008835861739029532 0.006626896304273017 0.0 0.0 0.0 0.0 0.0 0.0011044827173782579 0.0044179308695130315 0.008283620380338669 0.004970172228203895 0.0016567240760691215 0.0011044827173782579 0.0016567240760691215 0.007179137662960411 0.06074654945582153 0.12756775385722174 0.09277654825979795 0.07013465255353846 0.0938810309771762 0.12701551249853435 0.26286688673609476 0.37883757206084306 0.6201670458080566 0.8559741059683789
0.0005522413586908637 0.0 0.0 0.0 0.0005522413586908637 0.0011044827173782579 0.0016567240760691215 0.009388103097716927 0.02264189570625949 0.0298210333692199 0.017671723478055595 0.01546275804329908 0.0077313790216512746 0.0038656895108256373 0.0016567240760691215 0.0016567240760691215 0.0022089654347565157 0.0027612067934473794 0.0016567240760691215 0.0005522413586908637 0.0 0.0 0.0005522413586908637 0.0011044827173782579 0.0011044827173782579 0.0022089654347565157 0.008835861739029532 0.006626896304273017 0.0022089654347565157 0.0005522413586908637 0.0 0.0 0.0 0.0 0.0005522413586908637 0.0011044827173782579 0.0033134481521347736 0.008835861739029532 0.004970172228203895 0.0022089654347565157 0.0011044827173782579 0.0027612067934473794 0.0342389642387364 0.07731379021649887 0.11817965075950482 0.11817965075950482 0.05688085994499589 0.08228396244470276 0.14744844277003732 0.08946310010766317 0.3506732627676923 0.6626896304271317 0.9835418598256006 1.2215578854206792
0.0 0.0 0.0 0.0 0.0016567240760691215 0.0027612067934473794 0.014910516684611685 0.013806033967233428 0.02264189570625949 0.018776206195437323 0.010492585815095185 0.0077313790216512746 0.0044179308695130315 0.0016567240760691215 0.0038656895108256373 0.0022089654347565157 0.0 0.0005522413586908637 0.0005522413586908637 0.0 0.0 0.0 0.0005522413586908637 0.0016567240760691215 0.0027612067934473794 0.005522413586894759 0.0016567240760691215 0.0011044827173782579 0.0011044827173782579 0.0 0.0 0.0 0.0 0.0 0.0005522413586908637 0.0033134481521347736 0.004970172228203895 0.0077313790216512746 0.0038656895108256373 0.0011044827173782579 0.028716550651841644 0.06019430809713067 0.0811794797273245 0.07676154885781147 0.09940344456407096 0.10934378902047875 0.08891085874897231 0.08449292787945928 0.11044827173785701 0.07841827293387713 0.421912398038609 0.8117947972732381 1.133199268030398 1.272916331778784
0.0 0.0 0.0 0.0005522413586908637 0.0016567240760691215 0.006074654945582153 0.01546275804329908 0.03368672288004554 0.012149309891164306 0.008283620380338669 0.004970172228203895 0.0016567240760691215 0.0016567240760691215 0.0005522413586908637 0.0022089654347565157 0.0022089654347565157 0.0 0.0 0.0 0.0 0.0 0.0 0.0016567240760691215 0.0027612067934473794 0.006626896304273017 0.0033134481521347736 0.0 0.0 0.0 0.0 0.0 0.0 0.0 0.0 0.0016567240760691215 0.004970172228203895 0.0044179308695130315 0.0033134481521347736 0.0016567240760691215 0.027612067934463386 0.05743310130368676 0.07786603157518973 0.08835861739028492 0.08283620380339016 0.09608999641193272 0.10271689271620574 0.09608999641193272 0.11376171988999179 0.20598602679109887 0.07676154885781147 0.4235691221146747 0.7328242829806701 1.043183926564044 0.7317198002632919
0.0 0.0 0.0 0.0005522413586908637 0.0044179308695130315 0.009388103097716927 0.01270155124985517 0.033134481521358145 0.008283620380338669 0.004970172228203895 0.0016567240760691215 0.0 0.0 0.0 0.0 0.0 0.0 0.0 0.0 0.0 0.0 0.0005522413586908637 0.0016567240760691215 0.0022089654347565157 0.005522413586894759 0.0 0.0 0.0 0.0 0.0 0.0 0.0 0.0 0.0011044827173782579 0.0027612067934473794 0.006074654945582153 0.008835861739029532 0.006074654945582153 0.023194137064950354 0.050253963640722876 0.0695824111948476 0.0811794797273245 0.10989603037916615 0.10050792728144922 0.10768706494440963 0.11376171988999179 0.10658258222703137 0.25292654227969047 0.3733151584739518 0.13750809831362953 0.2573444731492035 0.5677041167325771 0.5527936000479655 0.17229930391105333
0.0 0.0 0.0 0.0011044827173782579 0.004970172228203895 0.008283620380338669 0.012149309891164306 0.0077313790216512746 0.0033134481521347736 0.0005522413586908637 0.0005522413586908637 0.0 0.0044179308695130315 0.0 0.0 0.0 0.0 0.0 0.0005522413586908637 0.0 0.0011044827173782579 0.0016567240760691215 0.0011044827173782579 0.0005522413586908637 0.0005522413586908637 0.0 0.0 0.0 0.0 0.0 0.0 0.0 0.0005522413586908637 0.0016567240760691215 0.025955343858397734 0.027612067934463386 0.01988068891281558 0.02705982657577599 0.053015170434170256 0.12480654706377783 0.1430305119005243 0.14965740820479384 0.19107551010649065 0.1480006841287282 0.09940344456407096 0.11873189211819568 0.26783705896429866 0.4495244659730724 0.4384796387992863 0.17616499342187897 0.20156809592158584 0.2567922317905126 0.2374637842363879 0.05467189451023938
0.0 0.0 0.0005522413586908637 0.0016567240760691215 0.0016567240760691215 0.0011044827173782579 0.0016567240760691215 0.0005522413586908637 0.0 0.0 0.0 0.0016567240760691215 0.012149309891164306 0.0016567240760691215 0.0 0.0 0.0 0.0 0.0011044827173782579 0.0 0.0016567240760691215 0.0022089654347565157 0.0022089654347565157 0.0011044827173782579 0.0 0.0 0.0 0.0 0.0 0.0 0.0 0.0 0.0011044827173782579 0.04141810190169681 0.07455258342305149 0.07952275565125538 0.0392091364669403 0.07123913527091671 0.25844895586658173 0.3490165386916232 0.3053894713551698 0.3186432639637124 0.29986705776827854 0.2148218885301284 0.20101585456289844 0.2070905095084806 0.38159877885429044 0.4881813610813218 0.35950912450671835 0.17450826934581332 0.17671723478056983 0.20101585456289844 0.16180671809595815 0.06847792847746934
0.0 0.0 0.0005522413586908637 0.0011044827173782579 0.0011044827173782579 0.0011044827173782579 0.0 0.0 0.0 0.0 0.0033134481521347736 0.008835861739029532 0.009388103097716927 0.0022089654347565157 0.0005522413586908637 0.0 0.0 0.0 0.0 0.0 0.0033134481521347736 0.0022089654347565157 0.0 0.0 0.0 0.0 0.0 0.0 0.0 0.0 0.0 0.0011044827173782579 0.05356741179286112 0.10934378902047875 0.1408215464657643 0.10658258222703137 0.12646327113984349 0.29379240282269636 0.7261973866764005 1.1127663377588914 1.0442884092814222 0.41583774309302685 0.3760763652673992 0.3418374010286628 0.27943412749677554 0.1551798217916886 0.07565706614042975 0.15959775266120163 0.1905232687477998 0.11652292668343917 0.16512016624809292 0.17229930391105333 0.10050792728144922 0.004970172228203895
0.0 0.0 0.0016567240760691215 0.0016567240760691215 0.0005522413586908637 0.0 0.0 0.0 0.0 0.006074654945582153 0.014910516684611685 0.01822396483674646 0.009388103097716927 0.0033134481521347736 0.0016567240760691215 0.0005522413586908637 0.0 0.0 0.0 0.0 0.0 0.0 0.0 0.0 0.0 0.0 0.0 0.0 0.0 0.0 0.0011044827173782579 0.05467189451023938 0.10658258222703137 0.11707516804212656 0.17616499342187897 0.33631498744177146 0.4666439480924406 0.9012578973809013 1.3347673639519837 1.6440225248179758 1.2905880552568396 0.2612101626600291 0.13585137423756388 0.8692278985769214 0.8631532436313393 0.5218680839613674 0.20432930271503322 0.11376171988999179 0.09332878961848881 0.09608999641193272 0.1480006841287282 0.14192602918314604 0.0740003420643641 0.0016567240760691215
0.0 0.0 0.0 0.0 0.0 0.0 0.0 0.0 0.0 0.004970172228203895 0.011044827173786048 0.008835861739029532 0.004970172228203895 0.0016567240760691215 0.0005522413586908637 0.0 0.0005522413586908637 0.0011044827173782579 0.0 0.0011044827173782579 0.0005522413586908637 0.0 0.0 0.0 0.0 0.0 0.0 0.0 0.0005522413586908637 0.0022089654347565157 0.03644792967349292 0.04638827412990071 0.18610533787828676 0.2512698182036213 0.26065792130133825 0.24574740461673003 0.2882699892358016 0.46830067216850624 0.4213601566799181 0.6648985958618882 0.8222873830883333 0.5003306709724862 0.3407329183112845 1.177930818084226 1.0978558210742833 0.6223760112428166 0.25292654227969047 0.17837395885663548 0.16567240760678378 0.11762740940081742 0.15462758043299774 0.11044827173785701 0.024850861141019476 0.0033134481521347736
0.0 0.0 0.0 0.0005522413586908637 0.0005522413586908637 0.0 0.0 0.0 0.0016567240760691215 0.006074654945582153 0.006626896304273017 0.0016567240760691215 0.0022089654347565157 0.0005522413586908637 0.0 0.0 0.0 0.0 0.0 0.0 0.0 0.0 0.0 0.0 0.0 0.0 0.0 0.0005522413586908637 0.0038656895108256373 0.02816430929315425 0.05467189451023938 0.04473155005383159 0.0817317210860119 0.20101585456289844 0.3335537806483241 0.342941883746041 0.40368843320186254 0.5141367049397161 0.6439134242316978 0.7195704903721276 0.7593318681977552 0.7195704903721276 0.6925106637963551 1.1425873711281147 0.8526606578162441 0.46719618945112795 0.3125686090181302 0.27777740342070645 0.15241861499824122 0.11762740940081742 0.10492585815096225 0.06847792847746934 0.013806033967233428 0.007179137662960411
0.0 0.0 0.0 0.0005522413586908637 0.0005522413586908637 0.0 0.0 0.0 0.0038656895108256373 0.004970172228203895 0.0044179308695130315 0.0011044827173782579 0.0016567240760691215 0.0 0.0 0.0 0.0 0.0 0.0 0.0 0.0 0.0 0.0 0.0 0.0 0.0 0.0005522413586908637 0.0038656895108256373 0.011597068532473442 0.02540310249970687 0.02816430929315425 0.019328447554124717 0.04528379141252245 0.09553775505324533 0.2026725786389641 0.162358959454649 0.18444861380221764 0.38822567515856343 0.38380774428904696 0.5737787716781594 0.9553775505324498 0.9680791017823015 1.126020130367434 0.8140037627079946 0.5798534266237415 0.39650929553890213 0.26673257624692037 0.20432930271503322 0.11873189211819568 0.10934378902047875 0.06626896304271282 0.03258224016266728 0.019328447554124717 0.01822396483674646
0.0 0.0 0.0 0.0 0.0 0.0022089654347565157 0.0 0.0011044827173782579 0.005522413586894759 0.007179137662960411 0.0027612067934473794 0.0005522413586908637 0.0005522413586908637 0.0 0.0 0.0 0.0 0.0 0.0 0.0 0.0 0.0 0.0 0.0 0.0005522413586908637 0.0016567240760691215 0.004970172228203895 0.0038656895108256373 0.010492585815095185 0.009388103097716927 0.0077313790216512746 0.0033134481521347736 0.006074654945582153 0.05356741179286112 0.061298790814508924 0.0347912055974238 0.03700017103218031 0.13529913287887302 0.14744844277003732 0.5329129111351534 0.918377379500266 1.2105130582468933 1.112214096400204 0.685883767492082 0.44731550053831587 0.2634191280947856 0.16567240760678378 0.10547809950965312 0.08504516923815014 0.10216465135751487 0.06461223896664717 0.02816430929315425 0.014358275325920822 0.020432930271502975
0.0 0.0011044827173782579 0.0027612067934473794 0.0022089654347565157 0.005522413586894759 0.008835861739029532 0.0016567240760691215 0.004970172228203895 0.008835861739029532 0.0044179308695130315 0.0005522413586908637 0.0 0.0 0.0 0.0 0.0 0.0 0.0 0.0 0.0 0.0 0.0 0.0 0.0016567240760691215 0.0027612067934473794 0.006626896304273017 0.021537412988881233 0.020432930271502975 0.0347912055974238 0.026507585217085128 0.006074654945582153 0.0022089654347565157 0.0016567240760691215 0.006074654945582153 0.013806033967233428 0.027612067934463386 0.02540310249970687 0.02816430929315425 0.03700017103218031 0.4235691221146747 0.9636611709127885 1.2950059861263525 0.8537651405336223 0.5417487728741794 0.31091188494206456 0.18776206195435588 0.09056758282504143 0.09498551369455446 0.054119653151548514 0.06461223896664717 0.06626896304271282 0.0298210333692199 0.012149309891164306 0.0171194821193682
0.0 0.004970172228203895 0.007179137662960411 0.005522413586894759 0.008835861739029532 0.012149309891164306 0.0038656895108256373 0.008835861739029532 0.005522413586894759 0.0016567240760691215 0.0 0.0 0.0 0.0 0.0 0.0 0.0 0.0 0.0 0.0 0.0 0.0 0.0005522413586908637 0.0016567240760691215 0.007179137662960411 0.00994034445640779 0.027612067934463386 0.0469405154885881 0.06847792847746934 0.038656895108249434 0.006626896304273017 0.0027612067934473794 0.012149309891164306 0.016014999401989943 0.03976137782562769 0.05743310130368676 0.02705982657577599 0.01270155124985517 0.023194137064950354 0.40203170912579345 0.9504073783042459 1.0205420308577844 0.6599284236336843 0.38491222700642524 0.1905232687477998 0.07510482478174235 0.07841827293387713 0.12259758162902132 0.030373274727910765 0.019328447554124717 0.03810465374956204 0.035895688314802054 0.019328447554124717 0.013253792608542564
0.0 0.008835861739029532 0.008835861739029532 0.006074654945582153 0.004970172228203895 0.0033134481521347736 0.005522413586894759 0.007179137662960411 0.0033134481521347736 0.0011044827173782579 0.0 0.0 0.0 0.0 0.0 0.0 0.0 0.0 0.0 0.0 0.0 0.0022089654347565157 0.0033134481521347736 0.0027612067934473794 0.008835861739029532 0.005522413586894759 0.037552412390871176 0.0298210333692199 0.009388103097716927 0.0027612067934473794 0.0027612067934473794 0.010492585815095185 0.026507585217085128 0.06461223896664717 0.09940344456407096 0.10271689271620574 0.054119653151548514 0.020432930271502975 0.07123913527091671 0.39650929553890213 0.5798534266237415 0.498673946896417 0.44621101782093764 0.18941878603042153 0.06737344576009108 0.08946310010766317 0.10989603037916615 0.06626896304271282 0.014910516684611685 0.014910516684611685 0.01546275804329908 0.018776206195437323 0.019328447554124717 0.019328447554124717
0.0 0.004970172228203895 0.0022089654347565157 0.007179137662960411 0.00994034445640779 0.0033134481521347736 0.0044179308695130315 0.0044179308695130315 0.0016567240760691215 0.0 0.0 0.0 0.0011044827173782579 0.0 0.0 0.0 0.0 0.0 0.0 0.0 0.0016567240760691215 0.006074654945582153 0.0077313790216512746 0.0033134481521347736 0.006074654945582153 0.006074654945582153 0.0022089654347565157 0.0005522413586908637 0.0 0.0016567240760691215 0.0027612067934473794 0.019328447554124717 0.053015170434170256 0.07565706614042975 0.12370206434639958 0.21316516445406275 0.08725413467290666 0.06571672168402543 0.051910687716792 0.0817317210860119 0.14910516684610645 0.1678813730415403 0.1678813730415403 0.054119653151548514 0.058537584021065014 0.08394068652077188 0.08449292787945928 0.04528379141252245 0.011597068532473442 0.021537412988881233 0.02816430929315425 0.024850861141019476 0.01822396483674646 0.019328447554124717
0.0 0.0 0.0044179308695130315 0.0077313790216512746 0.006626896304273017 0.0022089654347565157 0.0 0.0 0.0 0.0 0.0 0.0 0.0 0.0 0.0 0.0 0.0 0.0 0.0 0.0011044827173782579 0.004970172228203895 0.0077313790216512746 0.005522413586894759 0.0016567240760691215 0.0027612067934473794 0.0016567240760691215 0.0016567240760691215 0.0016567240760691215 0.0011044827173782579 0.0027612067934473794 0.011597068532473442 0.033134481521358145 0.048597239564657224 0.07841827293387713 0.0861496519555284 0.07179137662960758 0.15904551130251077 0.1850008551609085 0.10658258222703137 0.07510482478174235 0.07841827293387713 0.053015170434170256 0.022089654347572096 0.07179137662960758 0.12756775385722174 0.10989603037916615 0.06792568711878194 0.05964206673844327 0.030373274727910765 0.017671723478055595 0.01822396483674646 0.020432930271502975 0.025955343858397734 0.03147775744528902
0.0 0.0 0.0077313790216512746 0.02098517163019384 0.022089654347572096 0.0016567240760691215 0.008835861739029532 0.0005522413586908637 0.0 0.0 0.0 0.0 0.0 0.0 0.0 0.0 0.0 0.0 0.0 0.008835861739029532 0.007179137662960411 0.004970172228203895 0.0033134481521347736 0.0016567240760691215 0.0016567240760691215 0.008835861739029532 0.0033134481521347736 0.0016567240760691215 0.006626896304273017 0.0171194821193682 0.045836032771209845 0.07565706614042975 0.13640361559625128 0.08228396244470276 0.02264189570625949 0.061298790814508924 0.15131413228086296 0.18279188972615198 0.11320947853130092 0.05743310130368676 0.035895688314802054 0.0298210333692199 0.01546275804329908 0.033134481521358145 0.07897051429256799 0.08283620380339016 0.06461223896664717 0.06019430809713067 0.01270155124985517 0.018776206195437323 0.023194137064950354 0.027612067934463386 0.02705982657577599 0.019328447554124717
0.0 0.0 0.0027612067934473794 0.013253792608542564 0.014358275325920822 0.0033134481521347736 0.013253792608542564 0.0022089654347565157 0.0 0.0 0.0 0.0 0.0 0.0016567240760691215 0.0005522413586908637 0.0 0.0 0.0005522413586908637 0.0016567240760691215 0.006626896304273017 0.011597068532473442 0.008835861739029532 0.0044179308695130315 0.0011044827173782579 0.0005522413586908637 0.0011044827173782579 0.0005522413586908637 0.0044179308695130315 0.013806033967233428 0.04804499820596636 0.0817317210860119 0.11486620260737004 0.07123913527091671 0.038656895108249434 0.024850861141019476 0.05080620499941374 0.18113516565008286 0.16843361440023116 0.11265723717261353 0.05080620499941374 0.02098517163019384 0.011044827173786048 0.011044827173786048 0.02540310249970687 0.03644792967349292 0.050253963640722876 0.054119653151548514 0.0347912055974238 0.013253792608542564 0.016014999401989943 0.024850861141019476 0.023194137064950354 0.01822396483674646 0.01270155124985517
0.0 0.0 0.0 0.0077313790216512746 0.008835861739029532 0.0038656895108256373 0.006074654945582153 0.0022089654347565157 0.0 0.0 0.0 0.0 0.0 0.0005522413586908637 0.0005522413586908637 0.0 0.0 0.0005522413586908637 0.0033134481521347736 0.008835861739029532 0.008835861739029532 0.004970172228203895 0.0005522413586908637 0.0005522413586908637 0.0005522413586908637 0.0016567240760691215 0.0038656895108256373 0.027612067934463386 0.0867018933142158 0.09995568592275836 0.3479120559742449 0.23028464657342748 0.14247827054183343 0.04141810190169681 0.02264189570625949 0.11541844396605744 0.17064257983498768 0.1750605107045007 0.12149309891163959 0.058537584021065014 0.013806033967233428 0.0033134481521347736 0.012149309891164306 0.02374637842363775 0.033134481521358145 0.030373274727910765 0.028716550651841644 0.01988068891281558 0.01546275804329908 0.010492585815095185 0.009388103097716927 0.009388103097716927 0.008835861739029532 0.0044179308695130315
0.0 0.0 0.0005522413586908637 0.006074654945582153 0.0033134481521347736 0.0011044827173782579 0.0011044827173782579 0.0 0.0 0.0 0.0 0.0 0.0 0.0 0.0 0.0 0.0 0.0005522413586908637 0.0038656895108256373 0.00994034445640779 0.0044179308695130315 0.0011044827173782579 0.07565706614042975 0.03368672288004554 0.0027612067934473794 0.007179137662960411 0.01546275804329908 0.5638384272217516 0.5483756691784525 0.44731550053831587 0.49756946417903875 0.2816430929315321 0.08891085874897231 0.0342389642387364 0.06074654945582153 0.12756775385722174 0.14192602918314604 0.16622464896547118 0.12646327113984349 0.05522413586892677 0.010492585815095185 0.0027612067934473794 0.008835861739029532 0.0171194821193682 0.024298619782328612 0.019328447554124717 0.013253792608542564 0.006074654945582153 0.008283620380338669 0.0022089654347565157 0.0027612067934473794 0.0022089654347565157 0.004970172228203895 0.013253792608542564
0.0 0.0005522413586908637 0.0011044827173782579 0.0022089654347565157 0.0016567240760691215 0.0 0.0 0.0 0.0 0.0 0.0 0.0 0.0 0.0 0.0 0.0 0.0 0.004970172228203895 0.008283620380338669 0.016014999401989943 0.006074654945582153 0.004970172228203895 0.15628430450906686 0.14247827054183343 0.004970172228203895 0.013253792608542564 0.47824101662491403 0.8117947972732381 0.9481984128694894 0.7449735928718344 0.5014351536898644 0.18886654467173414 0.04141810190169681 0.061298790814508924 0.06682120440140368 0.09498551369455446 0.12425430570508697 0.1480006841287282 0.12259758162902132 0.04197034326038421 0.0077313790216512746 0.004970172228203895 0.006626896304273017 0.0077313790216512746 0.011044827173786048 0.008835861739029532 0.006074654945582153 0.0033134481521347736 0.0016567240760691215 0.0005522413586908637 0.0016567240760691215 0.0022089654347565157 0.004970172228203895 0.01546275804329908
0.0 0.0011044827173782579 0.007179137662960411 0.0077313790216512746 0.0011044827173782579 0.0005522413586908637 0.0 0.0 0.0 0.0 0.0 0.0 0.0 0.0 0.0 0.0 0.0022089654347565157 0.006626896304273017 0.02264189570625949 0.024850861141019476 0.008835861739029532 0.155732063150376 0.33134481521356757 0.15904551130251077 0.008283620380338669 0.3832555029303596 1.2441997811269423 1.2939015034089743 1.1050349587372437 0.8598397954792045 0.4318527424950133 0.08228396244470276 0.054119653151548514 0.1457917186939682 0.10989603037916615 0.1209408575529522 0.1502096495634847 0.13088120200936 0.10658258222703137 0.02264189570625949 0.006626896304273017 0.004970172228203895 0.007179137662960411 0.008835861739029532 0.006626896304273017 0.006074654945582153 0.0044179308695130315 0.0027612067934473794 0.0005522413586908637 0.0016567240760691215 0.0027612067934473794 0.0033134481521347736 0.0038656895108256373 0.011044827173786048
