static/data/precipitation/2023/7/9/6.asc
ncols 137
nrows 93
xllcorner 108.0
yllcorner 17.0
cellsize 0.25
NODATA_value -32767
[rows 0 to 23 of 93, columns 54 to 107 of 137]
1.288379089822083 2.7722516206201697 0.46774843080981887 0.1899710273891124 0.18168740700877373 0.35398671091982703 0.1551798217916886 0.033134481521358145 0.0033134481521347736 0.029268792010532507 0.025955343858397734 0.006626896304273017 0.0171194821193682 0.021537412988881233 0.08559741059683754 0.4070018813539973 0.32747912570274196 0.17174706255236594 0.06074654945582153 0.028716550651841644 0.05632861858630503 0.12259758162902132 0.1281199952159126 0.07344810070567323 0.04362706733645333 0.04141810190169681 0.20432930271503322 0.2496130941275522 0.3876734337998726 0.23856826695376615 0.16346344217202727 0.13695585695494214 0.04197034326038421 0.0077313790216512746 0.0005522413586908637 0.0 0.0 0.0 0.0 0.0 0.0 0.0 0.0 0.0 0.0 0.0 0.0 0.0022089654347565157 0.0022089654347565157 0.0 0.0 0.0 0.0 0.0
0.2048815440737206 0.2821953342902195 0.16346344217202727 0.2098517163019245 0.12646327113984349 0.0 0.0005522413586908637 0.0027612067934473794 0.0033134481521347736 0.0 0.0 0.0 0.0005522413586908637 0.0 0.0298210333692199 0.11320947853130092 0.26176240401871653 0.11431396124867918 0.03092551608659816 0.013253792608542564 0.02264189570625949 0.018776206195437323 0.011044827173786048 0.008835861739029532 0.14468723597658995 0.34018067695259363 0.5367786006459756 0.2573444731492035 0.2126129230953719 0.23967274967114788 0.23304585336687486 0.10713482358571877 0.02098517163019384 0.0 0.0 0.0 0.0 0.0 0.0 0.0 0.0 0.0 0.0 0.0 0.0 0.0 0.004970172228203895 0.013806033967233428 0.0038656895108256373 0.0 0.0 0.0 0.0 0.0
0.04914948092334462 0.27612067934463735 0.7681677299367848 0.18831430331304327 0.0044179308695130315 0.0011044827173782579 0.0011044827173782579 0.0011044827173782579 0.0005522413586908637 0.0 0.0 0.0 0.0 0.0 0.0038656895108256373 0.054119653151548514 0.16512016624809292 0.13529913287887302 0.07841827293387713 0.027612067934463386 0.04638827412990071 0.0690301698361602 0.06792568711878194 0.00994034445640779 0.10989603037916615 0.23359809472556572 0.3556434349958962 0.5312561870590843 0.31422533309419937 0.08228396244470276 0.04970172228203548 0.03368672288004554 0.00994034445640779 0.0 0.0 0.0 0.0 0.0005522413586908637 0.0005522413586908637 0.0005522413586908637 0.0 0.0 0.0 0.0 0.0 0.0 0.0011044827173782579 0.0016567240760691215 0.0016567240760691215 0.0005522413586908637 0.0 0.0 0.0 0.0
0.014358275325920822 0.0171194821193682 0.12480654706377783 0.01270155124985517 0.008835861739029532 0.0016567240760691215 0.0016567240760691215 0.0016567240760691215 0.0011044827173782579 0.0005522413586908637 0.0 0.0 0.0 0.0 0.0016567240760691215 0.03644792967349292 0.13143344336804738 0.10161240999882748 0.06019430809713067 0.01988068891281558 0.04197034326038421 0.18058292429139547 0.23580706016032224 0.11541844396605744 0.03368672288004554 0.0988512032053801 0.18665757923697415 0.26673257624692037 0.18223964836746112 0.09608999641193272 0.02374637842363775 0.008835861739029532 0.0027612067934473794 0.0 0.0 0.0 0.0 0.0011044827173782579 0.0005522413586908637 0.0005522413586908637 0.0005522413586908637 0.0 0.0 0.0 0.0 0.0 0.0 0.0 0.0005522413586908637 0.0005522413586908637 0.0 0.0 0.0 0.0
0.0027612067934473794 0.005522413586894759 0.004970172228203895 0.008835861739029532 0.004970172228203895 0.0016567240760691215 0.0022089654347565157 0.0016567240760691215 0.0005522413586908637 0.0 0.0 0.0 0.0 0.0 0.0027612067934473794 0.038656895108249434 0.0817317210860119 0.054119653151548514 0.019328447554124717 0.00994034445640779 0.019328447554124717 0.12977671929198173 0.21703085396488492 0.22034430211702316 0.24795637005148655 0.2021203372802767 0.15352309771561948 0.18776206195435588 0.15186637363955036 0.07565706614042975 0.016567240760677338 0.005522413586894759 0.0 0.0 0.0 0.0 0.0 0.0005522413586908637 0.0005522413586908637 0.0005522413586908637 0.0005522413586908637 0.0 0.0 0.0 0.0 0.0 0.0 0.0 0.0 0.0 0.0 0.0 0.0 0.0
0.0016567240760691215 0.0016567240760691215 0.0016567240760691215 0.0038656895108256373 0.0044179308695130315 0.0022089654347565157 0.0022089654347565157 0.0016567240760691215 0.0005522413586908637 0.0005522413586908637 0.0 0.0 0.0 0.0 0.0016567240760691215 0.010492585815095185 0.043074825977762465 0.01988068891281558 0.01270155124985517 0.0077313790216512746 0.01270155124985517 0.03368672288004554 0.11320947853130092 0.13088120200936 0.22255326755177968 0.17671723478056983 0.27667292070332816 0.2634191280947856 0.21150844037799363 0.08228396244470276 0.008835861739029532 0.0 0.0 0.0 0.0 0.0 0.0005522413586908637 0.0 0.0 0.0 0.0 0.0 0.0 0.0 0.0 0.0 0.0 0.0 0.0 0.0 0.0 0.0 0.0 0.0
0.0 0.0 0.0 0.0005522413586908637 0.0011044827173782579 0.0016567240760691215 0.0016567240760691215 0.0011044827173782579 0.0005522413586908637 0.0 0.0 0.0 0.0 0.0 0.0 0.008283620380338669 0.0298210333692199 0.012149309891164306 0.0044179308695130315 0.005522413586894759 0.012149309891164306 0.03202999880397989 0.033134481521358145 0.0342389642387364 0.1032691340748966 0.18610533787828676 0.2943446441813838 0.2573444731492035 0.18665757923697415 0.05743310130368676 0.0033134481521347736 0.0 0.0 0.0 0.0 0.0 0.0 0.0 0.0 0.0 0.0 0.0 0.0 0.0 0.0 0.0 0.0 0.0 0.0 0.0 0.0 0.0 0.0 0.0
0.0 0.0 0.0 0.0 0.0 0.0005522413586908637 0.0011044827173782579 0.0005522413586908637 0.0005522413586908637 0.0 0.0 0.0 0.0 0.0 0.0 0.01270155124985517 0.024850861141019476 0.006626896304273017 0.0022089654347565157 0.0038656895108256373 0.010492585815095185 0.013253792608542564 0.013806033967233428 0.008835861739029532 0.013806033967233428 0.08283620380339016 0.14192602918314604 0.0988512032053801 0.043074825977762465 0.04473155005383159 0.0016567240760691215 0.0 0.0 0.0 0.0 0.0 0.0 0.0 0.0 0.0 0.0 0.0 0.0 0.0 0.0 0.0 0.0 0.0 0.0 0.0 0.0 0.0 0.0 0.0
0.0 0.0 0.0 0.0 0.0 0.0 0.0005522413586908637 0.0005522413586908637 0.0 0.0 0.0005522413586908637 0.0 0.0 0.0 0.0 0.01270155124985517 0.008835861739029532 0.0044179308695130315 0.0016567240760691215 0.004970172228203895 0.004970172228203895 0.004970172228203895 0.005522413586894759 0.012149309891164306 0.012149309891164306 0.6267939421123296 0.7179137662960584 0.6974808360245555 0.06074654945582153 0.08283620380339016 0.0033134481521347736 0.0 0.0 0.0 0.0 0.0 0.0 0.0 0.0 0.0 0.0 0.0 0.0 0.0 0.0 0.0 0.0 0.0 0.0 0.0 0.0 0.0 0.0 0.0
0.0 0.0 0.0 0.0 0.0 0.0 0.0 0.0005522413586908637 0.0005522413586908637 0.0 0.0 0.0 0.0 0.0 0.0005522413586908637 0.0005522413586908637 0.0005522413586908637 0.0 0.0 0.0 0.0016567240760691215 0.0038656895108256373 0.0044179308695130315 0.022089654347572096 0.6847792847747037 1.2972149515611124 2.514354906112277 3.0052974739870444 1.9190387214452382 0.103821375433584 0.018776206195437323 0.010492585815095185 0.0 0.0 0.0 0.0 0.0 0.0 0.0 0.0 0.0 0.0 0.0 0.0 0.0 0.0 0.0 0.0 0.0 0.0 0.0 0.0 0.0 0.0
0.055776377227617635 0.0 0.0 0.0 0.0 0.0 0.0 0.0005522413586908637 0.0 0.0 0.0 0.0 0.0 0.0 0.0005522413586908637 0.0 0.0005522413586908637 0.0005522413586908637 0.0 0.0 0.0016567240760691215 0.004970172228203895 0.012149309891164306 0.13695585695494214 2.056546819758868 3.6309869333819944 2.700460243990564 5.809026852052502 3.922018129411243 0.7604363509151335 0.06074654945582153 0.030373274727910765 0.011597068532473442 0.0 0.0 0.0 0.0 0.0 0.0 0.0 0.0 0.0 0.0 0.0 0.0 0.0 0.0 0.0 0.0 0.0 0.0 0.0 0.0 0.0
0.442345328310112 0.3462553318981758 0.0 0.0 0.0 0.0 0.0 0.0 0.0 0.0005522413586908637 0.0 0.0 0.0 0.0 0.0005522413586908637 0.0005522413586908637 0.0005522413586908637 0.0005522413586908637 0.0016567240760691215 0.0005522413586908637 0.0016567240760691215 0.0077313790216512746 0.024298619782328612 1.4319618430812948 4.514573107284838 6.429746139219249 3.931958473867651 2.7451917940443953 2.71868420882731 2.249831295300115 0.13198568472673824 0.06240327353188718 0.021537412988881233 0.0 0.0 0.0005522413586908637 0.0 0.0 0.0 0.0 0.0 0.0 0.0 0.0 0.0 0.0 0.0 0.0 0.0 0.0 0.0 0.0005522413586908637 0.0005522413586908637 0.0005522413586908637
0.0690301698361602 0.0 0.0 0.0 0.0 0.0 0.0 0.0 0.0 0.0 0.0 0.0 0.0 0.0005522413586908637 0.0005522413586908637 0.0011044827173782579 0.0016567240760691215 0.0033134481521347736 0.013253792608542564 0.006626896304273017 0.033134481521358145 0.14689620141134646 0.3247179189092946 2.0123675110637236 4.455483281905086 5.861489781127984 4.263855530439906 4.477020694893967 2.9682973029548627 1.1580501291714138 1.1646770254756835 0.3810465374955996 0.040313619184318555 0.020432930271502975 0.0 0.0 0.0 0.0 0.0 0.0 0.0 0.0005522413586908637 0.0 0.0 0.0 0.0 0.0 0.0 0.0005522413586908637 0.0016567240760691215 0.0016567240760691215 0.02264189570625949 0.04638827412990071 0.10492585815096225
0.0 0.0 0.0 0.0 0.0 0.0 0.0 0.0 0.0 0.0 0.0 0.0 0.0 0.0 0.0 0.0011044827173782579 0.0016567240760691215 0.0027612067934473794 0.008835861739029532 0.06240327353188718 0.08559741059683754 0.17892620021532635 0.49425601602690394 1.5125890814499283 2.815326446597934 2.826371273771718 3.4504040090906023 2.561295421600865 1.9466507893797016 1.0106016864013765 2.1901892285616715 0.3655837794523005 0.03368672288004554 0.029268792010532507 0.0027612067934473794 0.0011044827173782579 0.0005522413586908637 0.0005522413586908637 0.0 0.0 0.0005522413586908637 0.0005522413586908637 0.0 0.0 0.0 0.0 0.0005522413586908637 0.0022089654347565157 0.01546275804329908 0.06792568711878194 0.11431396124867918 0.25292654227969047 0.5340173938525317 0.6781523884704308
0.0016567240760691215 0.0022089654347565157 0.0011044827173782579 0.0 0.0 0.0 0.0 0.0 0.0 0.0 0.0 0.0 0.0 0.0 0.0 0.0011044827173782579 0.0011044827173782579 0.0022089654347565157 0.006074654945582153 0.030373274727910765 0.09056758282504143 0.21703085396488492 0.35177774548507057 0.8598397954792045 1.4474246011245937 1.750605107045007 2.664012314317071 1.9085461356301396 1.272364090420093 1.206647368736071 2.0029794079660066 0.4550468795599637 0.047492756847278966 0.043074825977762465 0.006626896304273017 0.0016567240760691215 0.0011044827173782579 0.0005522413586908637 0.0 0.0 0.0 0.0 0.0 0.0 0.0 0.0044179308695130315 0.00994034445640779 0.04086586054300595 0.2545832663557561 0.34735981461555404 0.7665110058607156 1.520872701830267 1.823500966391993 2.045501992585082
0.0016567240760691215 0.0016567240760691215 0.0011044827173782579 0.0 0.0 0.0 0.0 0.0 0.0 0.0 0.0 0.0 0.0 0.0 0.0 0.0005522413586908637 0.0005522413586908637 0.0011044827173782579 0.004970172228203895 0.01546275804329908 0.13253792608542564 0.25844895586658173 0.2805386102141538 0.3197477466810906 0.9051235868917235 1.5816192512860885 2.3486824985054953 1.650097179763558 0.9084370350438618 0.8366456584142541 1.5595295969385163 0.4484199832556941 0.040313619184318555 0.05522413586892677 0.011044827173786048 0.004970172228203895 0.0011044827173782579 0.0005522413586908637 0.0 0.0 0.0 0.0 0.0005522413586908637 0.0016567240760691215 0.01988068891281558 0.024298619782328612 0.13198568472673824 0.44621101782093764 0.6709732508074704 1.6694256273176826 2.3663542219835505 3.288045049635953 3.808256409521253 4.028048470279585
0.0 0.0 0.0 0.0 0.0 0.0 0.0 0.0 0.0 0.0 0.0 0.0 0.0 0.0 0.0 0.0005522413586908637 0.0005522413586908637 0.0011044827173782579 0.0016567240760691215 0.008835861739029532 0.12646327113984349 0.21040395766061537 0.2810908515728412 0.39264360602807646 0.5726742889607811 1.2513789187899027 1.7456349348168032 1.0481540987922477 0.30373274727910415 0.5632861858630642 1.5153502882433758 0.6671075612966482 0.048597239564657224 0.0640599976079563 0.01270155124985517 0.004970172228203895 0.0016567240760691215 0.0005522413586908637 0.0 0.0 0.0 0.0 0.0016567240760691215 0.02264189570625949 0.04141810190169681 0.5831668747758763 0.8637054849900301 1.2784387453656751 2.1272337136710937 3.128447296974753 4.813335682335737 6.2966559717751345 6.8185240557365 6.33807407367683
0.0 0.0 0.0 0.0 0.0 0.0 0.0 0.0 0.0 0.0 0.0 0.0 0.0 0.0 0.0 0.0 0.0 0.0 0.0 0.004970172228203895 0.01822396483674646 0.08394068652077188 0.20377706135634235 0.46056929314685846 0.561629461786995 0.4749275684727793 0.63397307977529 0.1209408575529522 0.11044827173785701 0.4451065351035559 1.387782534386154 1.1552889223779665 0.37662860662608655 0.05632861858630503 0.011044827173786048 0.0044179308695130315 0.0022089654347565157 0.0011044827173782579 0.0005522413586908637 0.0005522413586908637 0.0005522413586908637 0.006074654945582153 0.009388103097716927 0.05522413586892677 0.582062392058498 1.189527886616703 2.1040395766061435 2.939580752303021 3.8154355471842134 6.340835280470275 8.677920710443296 10.685870290637505 10.410301852651557 9.914941353907276
0.0 0.0 0.0 0.0 0.0 0.0 0.0 0.0 0.0 0.0 0.0 0.0 0.0 0.0 0.0 0.0 0.0 0.0 0.0 0.009388103097716927 0.013253792608542564 0.025955343858397734 0.13088120200936 0.2711505071164369 0.27059826575774604 0.17009033847629682 0.026507585217085128 0.010492585815095185 0.05080620499941374 0.1259110297811561 0.6080177359168923 0.06295551489057805 0.017671723478055595 0.02374637842363775 0.0077313790216512746 0.0038656895108256373 0.0022089654347565157 0.004970172228203895 0.0044179308695130315 0.0044179308695130315 0.0077313790216512746 0.013806033967233428 0.03810465374956204 0.322508953474538 0.9343923789022559 3.4084336658302163 4.525065693099934 6.1497597703637865 10.145226000480703 12.86611917474277 16.199448015791244 16.779853683773673 15.253458568356512 10.91063252362404
0.0 0.0 0.0 0.0 0.0 0.0 0.0 0.0 0.0 0.0 0.0 0.0 0.0 0.0 0.0 0.0 0.0 0.0 0.0 0.011597068532473442 0.013253792608542564 0.01546275804329908 0.025955343858397734 0.15959775266120163 0.1480006841287282 0.0861496519555284 0.051910687716792 0.025955343858397734 0.02705982657577599 0.0342389642387364 0.022089654347572096 0.013253792608542564 0.007179137662960411 0.0044179308695130315 0.0022089654347565157 0.0033134481521347736 0.01988068891281558 0.025955343858397734 0.04804499820596636 0.054119653151548514 0.06240327353188718 0.08504516923815014 0.1330901674441165 0.7030032496114502 2.773356103337548 6.61198578758671 11.550128016986223 16.584912484156362 23.300719647176653 27.367977253923176 26.966497786156072 16.582151277362914 10.46055581629228 5.616846859228635
0.0 0.0 0.0 0.0 0.0 0.0 0.0 0.0 0.0 0.0 0.0 0.0 0.0 0.0 0.0 0.0 0.0 0.0 0.0 0.0011044827173782579 0.004970172228203895 0.012149309891164306 0.020432930271502975 0.04804499820596636 0.07123913527091671 0.0740003420643641 0.04086586054300595 0.016567240760677338 0.005522413586894759 0.0027612067934473794 0.0022089654347565157 0.0016567240760691215 0.0005522413586908637 0.0005522413586908637 0.0005522413586908637 0.0027612067934473794 0.09498551369455446 0.2319413706494966 0.41859894988647073 0.48044998205967054 0.8609442781965827 1.0730049599332638 0.5538980827653438 0.6466746310251417 1.838963724435292 3.5768672802304455 4.287601908863546 5.1463372216253696 5.800190990313474 5.450622210263162 5.332442559503657 3.677375207511895 2.9130731670859356 1.9245611350321297
0.0 0.0 0.0 0.0 0.0 0.0 0.0 0.0 0.0 0.0 0.0 0.0 0.0 0.0 0.0 0.0 0.0 0.0 0.0 0.0027612067934473794 0.008835861739029532 0.033134481521358145 0.07952275565125538 0.1502096495634847 0.14855292548741558 0.11707516804212656 0.0469405154885881 0.019328447554124717 0.006626896304273017 0.0027612067934473794 0.0027612067934473794 0.0011044827173782579 0.0033134481521347736 0.004970172228203895 0.004970172228203895 0.0033134481521347736 0.04417930869514072 0.24629964597541742 0.7212272144481967 1.3524390874300394 1.5170070123194448 1.4314096017226072 1.215483230475097 0.9189296208589569 1.42864839492916 1.863814585576308 2.4309664609501977 2.1852190563334677 1.318200123191303 0.7140480767852363 0.6897494570029077 0.6787046298291216 0.33521050472438974 0.3451508491807975
0.0 0.0 0.0 0.0 0.0 0.0 0.0 0.0 0.0 0.0 0.0 0.0 0.0 0.0 0.0 0.0 0.0 0.0005522413586908637 0.0011044827173782579 0.011597068532473442 0.10161240999882748 0.16456792488940553 0.13419465016149476 0.08891085874897231 0.08835861739028492 0.053015170434170256 0.014910516684611685 0.0038656895108256373 0.0027612067934473794 0.0011044827173782579 0.0011044827173782579 0.0011044827173782579 0.0022089654347565157 0.005522413586894759 0.009388103097716927 0.02540310249970687 0.33741947015914975 0.6759434230356742 1.7550230379145202 7.006286117690854 6.335312866883384 4.679693273532931 4.978455848583829 2.5640566283943125 0.6654508372205791 0.6372865279274248 0.5908982537975276 0.5892415297214584 0.058537584021065014 0.07289585934698584 0.05964206673844327 0.02540310249970687 0.008283620380338669 0.013806033967233428
0.0 0.0 0.0 0.0 0.0 0.0 0.0 0.0 0.016567240760677338 0.0016567240760691215 0.0 0.0 0.0 0.0 0.0 0.0 0.0 0.0005522413586908637 0.01988068891281558 0.040313619184318555 0.1159706853247483 0.1408215464657643 0.10658258222703137 0.06682120440140368 0.030373274727910765 0.007179137662960411 0.0011044827173782579 0.0005522413586908637 0.0 0.0 0.0 0.0005522413586908637 0.0033134481521347736 0.018776206195437323 0.047492756847278966 0.11044827173785701 0.8432725547185271 2.1686518155727903 3.1902983291479514 5.995684431289478 5.80239995574823 3.1820147087676127 2.836311618228126 0.6836748020573256 0.25844895586658173 0.0469405154885881 0.03092551608659816 0.09443327233586707 0.2612101626600291 0.19935913048682932 2.603265764861251 3.150536951322324 2.7540276557834233 0.08283620380339016
