static/data/seaWater_vo/2023/7/18/0.asc
ncols 137
nrows 93
xllcorner 108.0
yllcorner 17.0
cellsize 0.25
NODATA_value -32767
[rows 0 to 25 of 93, columns 58 to 115 of 137]
-32767.0 -32767.0 -32767.0 -32767.0 -32767.0 -32767.0 -32767.0 -32767.0 -32767.0 -32767.0 -32767.0 -32767.0 -32767.0 -32767.0 -32767.0 -32767.0 -32767.0 -32767.0 -32767.0 -32767.0 -32767.0 -32767.0 -0.09576551 -0.05377429 -0.32589293 -0.2050527 -0.031134035 0.053417265 0.12429799 0.07891234 -0.048312794 -0.06057629 -0.028885912 0.05070438 0.10763227 0.18074018 0.23679967 0.17311305 -0.0033247517 0.04950921 0.072995566 0.16404937 0.15509817 0.11853015 0.010767368 -0.02239307 -0.25900573 -0.2766214 -0.16785184 -0.306574 -0.2872079 -0.09805848 -0.038409293 -0.06301686 -0.040937297 -0.011891533 -0.118441835 0.14834426
-32767.0 -32767.0 -32767.0 -0.024662018 -0.01335798 0.008695904 0.014673267 0.013912138 0.019362165 0.0065081483 -32767.0 -32767.0 -32767.0 -32767.0 -32767.0 -32767.0 -32767.0 -32767.0 -32767.0 -32767.0 -32767.0 -0.013598047 -0.018206038 -0.16376321 0.0047138315 0.05100126 0.021301448 -0.011881298 0.032427438 -0.023741305 -0.08882527 -0.09927574 -0.06210387 -0.08194372 -0.03603717 -0.015721843 0.16578189 0.07185508 -0.06426427 -0.048963223 -0.01860212 0.124460556 0.17307176 0.01974687 -0.12319277 -0.3814571 -0.30094796 -0.34052318 -0.33105618 -0.067475796 0.095448464 0.2620885 0.17471589 0.037368774 -0.071766056 -0.14547376 -0.12495228 0.25602397
-32767.0 -0.014593371 -32767.0 -0.02601245 -0.035906028 0.04727277 0.043110866 0.04996219 0.06096197 0.010909232 -0.008570913 0.019934602 -32767.0 -32767.0 -32767.0 -32767.0 -32767.0 -32767.0 -32767.0 -32767.0 -32767.0 -0.10047217 -0.20996197 -0.07845811 0.09987852 0.35776368 0.26271915 0.19449368 0.23404843 0.2589314 0.22016168 0.20603237 0.18430443 -0.05003957 -0.35913604 -0.20881376 -0.017646197 0.01824468 -0.025610618 -0.07181054 -0.04166239 0.39014325 0.22767965 -0.07372158 -0.3754821 -0.34629256 -0.30025458 -0.23088865 -0.05358978 0.101364635 0.49772957 0.55066645 0.24697976 0.1375929 0.012890523 -0.22917685 -0.11614637 0.32434097
-0.023281585 -32767.0 -0.025529828 0.007254948 -0.007704427 0.080975555 0.119751796 0.09451926 0.08822964 0.11032017 0.00015889831 0.030366752 -32767.0 -32767.0 -32767.0 -32767.0 -32767.0 -32767.0 -32767.0 -32767.0 0.028658662 -0.019514622 -0.21609002 -0.031388953 0.27928218 0.16994119 -0.080703616 -0.037785154 0.27662653 0.3721928 -0.037809707 0.029312722 0.062374733 -0.238738 -0.4134228 -0.24709484 -0.0970509 -0.09861289 -0.1711667 -0.0663208 0.24526629 0.37680274 0.14223272 -0.2624729 -0.4899415 -0.6497078 -0.20092042 -0.073921986 -0.14442797 -0.04236346 0.22279784 0.4628285 0.21685837 -0.0067403633 -0.1423802 -0.19147049 -0.16365165 0.065958075
-0.015735064 -32767.0 0.0106718335 -0.13705508 0.09177174 0.103093766 0.06895883 0.15296404 0.17362042 0.14643398 0.064968824 -32767.0 -32767.0 -32767.0 -32767.0 -32767.0 -32767.0 -32767.0 -32767.0 -32767.0 -32767.0 -32767.0 -0.014600194 -0.043271333 0.016381927 0.017618453 -0.053251904 0.21446776 0.45723686 0.45152208 -0.015870843 0.00993155 -0.084436506 -0.29650941 -0.20509738 -0.17605482 -0.07630741 0.12011747 0.14481385 0.15717354 0.18241856 0.21972303 -0.031682562 -0.2863678 -0.5196883 -0.5454351 -0.368083 -0.19362599 -0.20769005 -0.0032266616 0.23114307 0.29551762 0.104139715 -0.24641173 -0.20202802 -0.042149767 -0.1777026 -0.010875417
-0.03588241 -0.016105544 0.001254695 0.08043406 0.20342243 0.14091602 0.05604795 0.063391656 0.21481335 0.06373231 -0.00067923375 -32767.0 -32767.0 -32767.0 -32767.0 -32767.0 -32767.0 -32767.0 -32767.0 -32767.0 -32767.0 -32767.0 -32767.0 -0.1864724 -0.28143343 -0.092287496 -0.024019277 0.17648554 0.46532753 0.53537333 0.09176807 -0.058360502 -0.07425057 -0.17432855 -0.26736614 -0.25089338 -0.1443052 0.017664896 0.06601058 -0.05076818 0.14227802 -0.04781113 -0.20725179 -0.45106372 -0.51240003 -0.44882673 -0.39096072 -0.27916658 -0.19742252 0.11865804 0.37326252 0.19483243 -0.11026169 -0.36162224 -0.49753043 -0.08828787 0.10229952 -0.07324445
0.018878689 0.0376536 0.08352081 0.20325379 0.2746524 0.17234766 0.17268547 0.12494932 0.20470083 0.11837766 -0.008100788 -32767.0 -32767.0 -32767.0 -32767.0 -32767.0 -32767.0 -32767.0 -32767.0 -32767.0 -32767.0 -32767.0 -32767.0 -32767.0 -0.45953423 -0.27041367 0.03399539 0.14909717 0.28239375 0.8013547 0.2508827 0.056365803 -0.022136947 -0.14010085 -0.19114207 -0.26129916 -0.30072898 -0.18309538 -0.113358326 -0.1080222 -0.041680835 -0.32980087 -0.4958804 -0.38503975 -0.32928455 -0.27766684 -0.07600355 0.023626674 0.10525825 0.16690218 0.123678714 -0.029218283 -0.16615483 -0.33569777 -0.4903376 -0.27508727 -0.077094235 -0.051298227
0.005251126 0.09763003 0.1393565 0.25734344 0.27555093 0.27463683 0.30686945 0.38446417 0.4144217 -0.015347986 -32767.0 -32767.0 -32767.0 -32767.0 -32767.0 -32767.0 -32767.0 -32767.0 -32767.0 -32767.0 -32767.0 -32767.0 -32767.0 -32767.0 -32767.0 -0.44142744 -0.08569277 0.14836161 0.4462165 0.5484088 0.3253079 0.13462505 -0.055506073 -0.15499608 -0.20595944 -0.3416484 -0.30526462 0.04135543 0.015939489 -0.1983199 -0.31556928 -0.5138167 -0.6248122 -0.33243462 -0.08419746 0.055642165 0.22893122 0.18361723 0.039333303 -0.10204928 -0.15550037 -0.22108047 -0.20504302 -0.3968566 -0.34223917 -0.08929616 0.07445939 0.019254284
0.032483395 0.18366466 0.28075653 0.28694898 0.26340747 0.28209004 0.26130322 0.2494644 0.15467817 -32767.0 0.052140445 -32767.0 -32767.0 -32767.0 -32767.0 -32767.0 -32767.0 -32767.0 -32767.0 -32767.0 -32767.0 -32767.0 -32767.0 -32767.0 -32767.0 -0.24095336 -0.15644911 0.32341474 0.7199548 0.32248133 0.27703202 -0.0011290065 -0.077327296 -0.057200257 -0.13950427 -0.101350956 0.08082869 0.15360488 -0.05955611 -0.25712007 -0.31816444 -0.4042753 -0.4707673 -0.1763664 0.03815654 0.061088566 -0.028256616 -0.050035596 -0.123401105 -0.33093125 -0.36707726 -0.2137595 -0.16116443 -0.1784932 -0.013584156 0.018083692 -0.04477476 -0.015288525
0.16080803 0.22713417 0.2579537 0.22663327 0.23977527 0.15406637 0.038634058 0.028847681 0.1374055 0.041330967 0.3186802 0.13146104 0.08930529 -0.015025539 0.06315431 0.036706574 -32767.0 -32767.0 -32767.0 -32767.0 -32767.0 -32767.0 -32767.0 -32767.0 -32767.0 -32767.0 -0.085877076 0.16621353 0.58562756 0.38204595 0.19729838 0.0023793704 -0.20495653 -0.17242196 -0.2378463 -0.0011805525 0.05261899 0.027278824 -0.13088344 -0.17449461 0.1114365 0.19318572 -0.10824691 -0.13283785 0.0069815684 -0.19862054 -0.1442002 -0.099513926 -0.3160029 -0.36748806 -0.2914167 -0.14962909 -0.06039625 -0.061270766 -0.08495804 -0.13118233 0.042755537 0.10676816
-0.015069244 -0.09869692 0.12606683 0.13886221 0.08952493 0.011292739 -0.02451061 0.07709114 0.100189835 0.12912303 0.20081142 0.057222098 -0.00020179339 0.037943527 0.072812565 0.07613398 -32767.0 -32767.0 -32767.0 -32767.0 -32767.0 -32767.0 -32767.0 -32767.0 -32767.0 -32767.0 -32767.0 0.08774923 0.3525501 0.51275957 0.073185325 -0.036731496 -0.12663423 -0.2370394 -0.3298937 -0.08469438 -0.03210394 -0.08895855 -0.07856162 0.096414365 0.5357147 0.33648863 0.029251043 -0.24152678 -0.21689388 -0.17229854 -0.09185153 -0.14130436 -0.2395137 -0.25284308 -0.20813498 -0.108538404 -0.0754026 -0.002654124 -0.10329228 -0.121154115 0.3576463 0.24741378
-32767.0 -0.056963753 -0.10222169 0.08160141 0.024651693 -0.022260934 -0.065946005 0.006731133 0.07436774 0.053498447 -0.009758798 0.12036953 0.07752265 0.030232646 0.09281226 -0.090783216 0.22273645 -0.02509789 -32767.0 -32767.0 -32767.0 -32767.0 -32767.0 -32767.0 -32767.0 -32767.0 -32767.0 -32767.0 0.10769174 0.6840538 0.2554986 0.11757032 -0.17354204 -0.19855449 -0.22234425 -0.13126677 -0.034251526 -0.06580267 -0.100135796 0.28175566 0.37428904 0.22054423 0.16790178 -0.064101554 -0.3104575 -0.11993091 -0.10235242 -0.10842111 0.003698353 0.05835391 0.025064012 -0.04145927 -0.20781043 -0.18265717 0.0543115 0.07109277 0.35250694 -32767.0
-32767.0 0.07724135 -0.15769757 0.04472327 0.044583842 0.076303296 -0.023711216 -0.079274505 -0.081651464 -0.17390567 -0.3047623 -0.11458188 0.10343455 0.031439915 0.13841338 0.0957351 -32767.0 0.0029194662 -32767.0 -32767.0 -32767.0 -32767.0 -32767.0 -32767.0 -32767.0 -32767.0 -32767.0 -32767.0 0.045119796 0.82272506 0.3639734 0.16745113 -0.20028083 -0.22835976 -0.053213798 -0.057984762 0.027658103 -0.08185694 -0.11195898 0.1756661 0.26591912 0.21410811 0.2637145 -0.034963906 -0.37410456 -0.1838314 -0.027333425 0.016405521 0.06771454 0.015184184 0.024914593 0.029779026 -0.14811891 0.21097688 0.58249223 0.24877964 -0.041256472 -32767.0
-0.005509317 0.19022693 -0.0465644 0.008283532 0.022414416 0.10580749 0.060091425 -0.04351129 -0.10252227 -0.10520845 -0.10914232 -0.11723784 -0.039006855 0.12214535 0.087353684 -32767.0 -32767.0 -32767.0 -32767.0 -32767.0 -32767.0 -32767.0 -32767.0 -32767.0 -32767.0 -32767.0 -32767.0 -32767.0 -0.03786522 0.9011659 0.35944682 0.24728076 0.009424749 -0.12303732 -0.0791057 -0.09215491 -0.10724837 -0.08100863 -0.08917088 0.056469638 0.10388455 0.09398138 0.12317168 0.09469514 -0.46302536 -0.33144867 -0.06838755 0.049542096 0.034558885 -0.14777392 -0.15398021 -0.093310714 -0.016186949 0.1224686 0.8454466 0.24936755 -0.012398778 0.0729193
0.024665091 -0.085260905 -0.06420503 -0.012255575 0.024556475 0.04585952 -0.023923403 -0.04952519 -0.04317078 0.033624273 0.059384517 -0.06264548 -0.19238971 -0.14848664 -0.13476655 0.034155957 -32767.0 -32767.0 -32767.0 -32767.0 -32767.0 -32767.0 -32767.0 -32767.0 -32767.0 -32767.0 -32767.0 -32767.0 -0.16357693 0.95246464 0.5642987 0.15847151 0.20680477 0.07487353 0.008758517 -0.037337586 -0.007219948 -0.040307205 0.050972685 -0.0035257684 -0.057192195 0.02192939 0.07061649 0.14199568 -0.3122288 -0.24727632 -0.0893267 -0.113365315 -0.10498883 -0.24437538 -0.32096907 -0.33126137 -0.15776967 0.023959402 0.80386233 0.2242601 0.052056357 -32767.0
-0.023298003 -0.03469006 -0.031423192 -0.07219266 -0.051781215 0.02288008 -0.008669233 -0.021612814 0.03742441 0.06493782 0.06979479 0.040711693 -0.09109274 -0.10603923 -0.056912187 0.020051755 -0.03685214 -32767.0 -32767.0 -32767.0 -32767.0 -32767.0 -32767.0 -32767.0 -32767.0 -32767.0 -32767.0 -32767.0 -0.20686711 1.062459 0.5759178 0.24912633 -0.042481333 0.124771014 -0.008877558 0.019406263 -0.08728519 0.12647136 0.18953967 0.054294042 -0.047230095 -0.020329768 0.13997571 -32767.0 -0.23886181 -0.14613585 -0.118206434 -0.2195058 -0.3250854 -0.31945032 -0.29272962 -0.20821238 -0.16377734 0.16880679 0.75833213 -32767.0 -32767.0 -32767.0
-0.0118843205 -0.043161616 -0.046799827 -0.033684507 -0.0002772793 0.028810235 -0.01601895 -0.017365118 0.008528119 0.058120638 0.16082512 0.19230592 0.12434659 -0.051202428 -0.14355814 -0.049776778 -0.0033596754 -32767.0 -32767.0 -32767.0 -32767.0 -32767.0 -32767.0 -32767.0 -32767.0 -32767.0 -32767.0 -32767.0 -32767.0 1.0423579 0.5357128 0.1765256 -0.19325115 0.009644153 -0.048701618 -0.087127805 -0.035073478 0.26310164 0.2595905 -0.062505364 -0.21893202 -0.20717846 -0.05326654 -0.10803851 -0.16390419 -0.16734809 -0.070554145 -0.041772943 -0.25625405 -0.04551364 -0.034817412 -0.038871784 0.1302715 0.2942836 0.22380833 -32767.0 -32767.0 -32767.0
0.009646252 0.011798617 -0.013109153 0.00051138824 0.019905593 0.08780176 0.01639473 0.026548164 0.03981307 0.027720494 0.03785502 0.08576195 0.0847994 0.009832078 -0.094010025 -0.07623064 -0.04629155 -0.047802284 -32767.0 -32767.0 -32767.0 -32767.0 -32767.0 -32767.0 -32767.0 -32767.0 -32767.0 -32767.0 0.7741028 0.8165059 0.41812494 0.07072767 -0.2927043 0.105625026 0.09434407 0.0797726 0.1928911 0.2693811 -0.03190711 -0.19033283 -0.24955037 -0.09387962 0.2627643 0.09549503 -0.15384111 0.020360613 -0.09861028 -0.15073654 -0.1226681 -0.10905165 0.027005104 -32767.0 0.08060467 -0.16151834 0.028665204 -32767.0 -32767.0 -32767.0
-0.025727449 -0.097592816 -0.07096491 -0.05370883 0.081875026 0.13114193 0.08683397 0.12840514 0.2082708 0.19257252 0.121115 0.0039554606 -0.005371075 -0.0015481513 -0.04404912 0.10354486 -0.113806345 -32767.0 -32767.0 -32767.0 -32767.0 -32767.0 -32767.0 -32767.0 -32767.0 -32767.0 -32767.0 -32767.0 0.70444214 0.83567345 0.04134641 0.16493684 -0.40867358 0.18449232 0.24440105 0.18353505 0.122009836 0.052715607 -0.2176827 -0.23560905 -0.058311347 0.1173184 -32767.0 -32767.0 -0.07393527 -0.26233083 -32767.0 -32767.0 -32767.0 -32767.0 -32767.0 -32767.0 -32767.0 -32767.0 -32767.0 -32767.0 -32767.0 -32767.0
-0.11417227 -0.11722412 -0.036829863 0.0014872152 -0.0071038995 0.09452287 0.17157345 0.16908418 0.1549408 0.1708967 0.15224469 0.017845295 -0.014083764 -0.100476734 0.044737186 0.1793753 -32767.0 -32767.0 -32767.0 -32767.0 -32767.0 -32767.0 -32767.0 -32767.0 -32767.0 -32767.0 -32767.0 0.7010872 0.9010829 0.6570366 -0.26416537 0.03364723 0.010309525 0.19008768 0.3129392 0.40833646 0.29836106 -0.077088274 -0.15194164 -0.07849232 0.15359576 -32767.0 -32767.0 -32767.0 -32767.0 -32767.0 -32767.0 -32767.0 -32767.0 -32767.0 -32767.0 -32767.0 -32767.0 -32767.0 -32767.0 -32767.0 -32767.0 -32767.0
-0.1238059 -0.09584862 -0.0025405844 -0.0159146 -0.027242968 -0.026708037 0.06044917 0.107138716 0.10323784 0.19239248 0.14931707 0.08082937 -0.11753972 -0.011879323 0.04575761 0.03273204 -32767.0 -32767.0 -32767.0 -32767.0 -32767.0 -32767.0 -32767.0 -32767.0 0.14699519 -0.018130198 0.48901322 0.59736097 0.7303299 0.3511745 -0.25202367 0.010145137 0.23423117 0.3354733 0.4881004 0.26112178 0.14687183 -0.17436352 -0.21692598 -32767.0 -32767.0 -32767.0 -32767.0 -32767.0 -32767.0 -32767.0 -32767.0 -32767.0 -32767.0 -32767.0 -32767.0 -32767.0 -32767.0 -32767.0 -32767.0 -32767.0 -32767.0 -0.033828083
-0.06187758 -0.069609076 0.048435338 0.062328164 0.055346463 0.09460875 0.10928639 0.112957835 0.09757778 0.2160908 0.25583383 0.26324856 -0.022881163 0.08133259 0.004589089 0.0796583 -32767.0 -32767.0 -32767.0 -32767.0 -0.05712545 0.061411325 0.099359535 0.17489587 0.19167006 0.5440601 0.52246314 0.62311506 0.17702006 0.16820763 0.14772978 0.1824368 0.3217396 0.43672585 0.4876717 -0.18212295 -0.1636211 -0.20293233 -32767.0 -32767.0 -32767.0 -32767.0 -32767.0 -32767.0 -32767.0 -32767.0 -32767.0 -32767.0 -0.04989582 -0.010425282 -32767.0 -32767.0 -32767.0 -32767.0 -32767.0 -32767.0 -32767.0 -0.07656018
-0.007544446 -0.019348878 0.0060042767 0.03901928 0.14522454 0.24057901 0.20359199 0.17053208 0.16768794 0.16561691 0.26418027 0.2155037 0.0731368 -0.21084817 0.17586501 -32767.0 0.00067186565 -32767.0 0.011105101 -32767.0 0.008173332 -32767.0 0.11631564 0.18552692 0.28176907 0.3835449 0.62956125 0.12508944 -0.058130883 0.08942549 0.31901067 0.35487527 0.30959195 0.22941278 0.12286075 0.04752401 -32767.0 -32767.0 -32767.0 -32767.0 -32767.0 -32767.0 -32767.0 -32767.0 0.105372116 -0.022085104 -0.15542813 -0.16152316 0.22202286 -0.06316767 -0.15630077 -0.08339231 -32767.0 -32767.0 -32767.0 -32767.0 -32767.0 -0.12393713
-0.08627513 -0.10549569 -0.0056215874 0.11512634 0.2016531 0.18757117 0.16981003 0.2267225 0.29239255 0.2697411 0.21784686 0.1283761 0.18195088 0.055309758 0.049278956 0.0946486 0.10486435 0.11274781 0.15264869 0.093152344 0.08602758 0.32542592 0.2687884 0.30941558 0.2948267 0.28178906 0.5795207 -32767.0 0.19640604 0.46280074 0.50106287 0.34793642 0.22416936 0.14423731 -32767.0 -32767.0 -32767.0 -32767.0 -32767.0 0.0021006528 -0.05417896 0.15872176 0.15111157 0.022424147 0.2171385 0.042940065 -32767.0 -32767.0 -0.19998534 -0.11869479 -0.15018599 -32767.0 -32767.0 -32767.0 -32767.0 -32767.0 0.23950738 0.08600828
-0.23602064 -0.2069345 0.032146297 0.14560293 0.17568858 0.15844412 0.067371584 0.12615857 0.17900923 0.1698006 0.18854316 0.141336 0.21314377 0.1438905 0.123664975 0.08351028 0.16822895 0.36225635 0.25590545 0.06340456 0.13875791 0.27881098 0.32607192 0.44408125 0.3219729 0.24911527 0.2737257 0.33228594 0.49437016 0.36888528 0.20157513 0.12286473 0.14785488 0.058266014 -0.024062857 -32767.0 0.0773204 0.09729644 -32767.0 -0.06750751 0.08348662 -0.10650766 -32767.0 0.017311413 0.0156074315 -32767.0 -32767.0 -32767.0 -32767.0 -0.1974628 -0.08409013 -32767.0 -32767.0 -32767.0 -32767.0 0.21197478 0.34531567 -0.07005938
-0.38916144 -0.37218285 -0.11028583 0.034609526 0.121666566 0.10139227 0.050644286 0.04524713 0.05268832 0.10538432 0.18401228 0.20568876 0.26358396 0.2591597 0.2978621 0.3070757 0.27972883 0.31566808 0.32545194 0.15318343 0.1322696 0.16041061 0.23818876 0.33190706 0.26857197 0.25291434 0.29435208 0.23738103 0.2045534 -32767.0 0.04006637 0.1681964 -32767.0 -32767.0 -0.020401474 -0.07482635 -0.0258451 0.020088853 0.090304784 0.2881977 -0.19097017 -32767.0 -32767.0 -32767.0 -32767.0 -32767.0 -32767.0 -32767.0 -32767.0 -0.09361746 0.14250605 -0.21829453 -32767.0 -32767.0 0.3323347 0.25364128 -0.06980926 -0.08243847
