static/data/seaWater_vo/2023/7/18/18.asc
ncols 137
nrows 93
xllcorner 108.0
yllcorner 17.0
cellsize 0.25
NODATA_value -32767
[rows 0 to 25 of 93, columns 58 to 115 of 137]
-32767.0 -32767.0 -32767.0 -32767.0 -32767.0 -32767.0 -32767.0 -32767.0 -32767.0 -32767.0 -32767.0 -32767.0 -32767.0 -32767.0 -32767.0 -32767.0 -32767.0 -32767.0 -32767.0 -32767.0 -32767.0 -32767.0 -0.033900965 -0.19784173 -0.49757144 -0.249912 -0.0659764 -0.032338466 -0.008319323 -0.05505558 -0.17496897 -0.17470051 -0.19734226 -0.10531843 0.006714134 0.10069976 0.12067223 0.029382154 -0.09285685 -0.00012644497 0.067196086 0.15040278 0.14668122 0.117177926 -0.027368408 -0.05400945 -0.31177783 -0.2103832 -0.14195088 -0.25526115 -0.3259678 -0.06992749 0.066057324 -0.045546796 -0.021208655 -0.03599435 -0.09836835 0.12870964
-32767.0 -32767.0 -32767.0 0.00024436694 0.011986293 0.012023406 -0.008658441 -0.017063068 -0.023711452 -0.0026831664 -32767.0 -32767.0 -32767.0 -32767.0 -32767.0 -32767.0 -32767.0 -32767.0 -32767.0 -32767.0 -32767.0 -0.09698745 -0.12324978 -0.3210265 -0.021701526 0.036903493 0.070076294 -0.01831084 -0.045573305 -0.05624126 -0.07690334 -0.13571826 -0.13358694 -0.18233584 -0.17274663 -0.15590271 0.069317624 -0.10653458 -0.21377486 -0.06849219 -0.05454878 0.23539048 0.29345807 0.07147055 -0.12611677 -0.25674495 -0.19600698 -0.3236242 -0.27262303 0.023105443 0.2525762 0.4424813 0.27334526 0.14389715 0.06462593 -0.08093816 -0.04560672 0.2603036
-32767.0 0.0028906688 -32767.0 -0.027172709 -0.10432686 -0.086985074 -0.08566549 -0.08501077 -0.08438657 -0.0036291587 -0.0440633 -0.0009081969 -32767.0 -32767.0 -32767.0 -32767.0 -32767.0 -32767.0 -32767.0 -32767.0 -32767.0 -0.20101242 -0.2013271 -0.0821755 0.11554808 0.28811875 0.19447815 0.16507418 0.08938173 0.06691033 0.07104826 0.07404476 0.07040724 -0.09080592 -0.45965838 -0.33778062 -0.13976952 -0.09120129 -0.12844187 -0.044958577 0.04438557 0.42914796 0.32800728 -0.008022316 -0.37402004 -0.21484631 -0.24173485 -0.21109828 0.033716753 0.26981536 0.5706928 0.59032625 0.40828463 0.2432186 0.010139819 -0.17337885 -0.0921354 0.31943494
-0.020572243 -32767.0 -0.14318572 -0.08692195 -0.1153395 -0.024280172 -0.0031320285 -0.05298512 -0.06110679 -0.0207572 -0.034575507 -0.037655775 -32767.0 -32767.0 -32767.0 -32767.0 -32767.0 -32767.0 -32767.0 -32767.0 0.03727577 -0.15562235 -0.28453073 -0.06478578 0.27016243 0.048742753 -0.15876277 0.025111433 0.19297414 0.41976368 0.1276344 -0.3034658 -0.24015686 -0.2736435 -0.5241216 -0.24085805 -0.2254113 -0.20291147 -0.22064291 -0.09894035 0.15270385 0.44822884 0.17931479 -0.16913831 -0.45662028 -0.5584516 -0.11127335 0.058962863 -0.019877348 -0.036325343 0.2725476 0.5144976 0.41081667 0.20815119 0.009430603 -0.22230442 -0.1641337 0.101222396
-0.095601566 -32767.0 -0.08257089 -0.15018038 0.010472089 0.0041103503 -0.026337666 -0.006882004 0.065172926 0.020926327 0.019541865 -32767.0 -32767.0 -32767.0 -32767.0 -32767.0 -32767.0 -32767.0 -32767.0 -32767.0 -32767.0 -32767.0 -0.23222832 -0.19304867 -0.07380027 -0.019049803 -0.082782954 0.06924674 0.3806868 0.56417996 -0.07244895 -0.25842178 -0.1375574 -0.23588097 -0.41909423 -0.27632785 -0.13739449 -0.0073240455 0.06753115 0.10845774 0.21387978 0.21190354 0.18032908 -0.100140765 -0.3984969 -0.47168833 -0.21699876 0.052837655 -0.09640337 0.059985198 0.28523666 0.3853842 0.16706559 -0.16705367 -0.1418416 -0.02180344 -0.034208175 0.07442818
-0.07063714 -0.03063314 -0.025148615 0.04863867 0.1625111 0.035108313 -0.04871939 -0.04154446 0.108991355 -0.06582325 -0.011217897 -32767.0 -32767.0 -32767.0 -32767.0 -32767.0 -32767.0 -32767.0 -32767.0 -32767.0 -32767.0 -32767.0 -32767.0 -0.3577222 -0.3974504 -0.2076691 -0.012341054 0.15443812 0.2957778 0.77772963 0.07561017 -0.1719592 -0.16164365 -0.18435277 -0.36595502 -0.39187434 -0.21331266 -0.001876086 0.051021494 -0.03604323 0.11092579 0.1579769 0.053048074 -0.20372233 -0.33575296 -0.25621763 -0.19099934 -0.074681245 -0.04957877 0.23539789 0.5443281 0.34454978 -0.027796248 -0.321878 -0.4013939 -0.035967994 0.18078949 0.006008031
0.01933163 0.038833264 0.063332655 0.18388847 0.17668754 0.072305456 0.051695123 0.051217403 0.16220899 0.06981518 0.0012968013 -32767.0 -32767.0 -32767.0 -32767.0 -32767.0 -32767.0 -32767.0 -32767.0 -32767.0 -32767.0 -32767.0 -32767.0 -32767.0 -0.49945077 -0.34314302 -0.11126401 0.17472118 0.50557405 0.63717586 0.23159261 0.11234264 -0.044687532 -0.19495107 -0.24680893 -0.26563877 -0.304628 -0.15361355 -0.11131457 -0.1334301 0.021006027 -0.15178992 -0.26830935 -0.23648837 -0.2293244 -0.17973551 -0.016725508 0.135649 0.26726282 0.3811429 0.3310786 0.11706214 0.0134313125 -0.25896335 -0.38023654 -0.19207329 0.06336867 0.0080385655
0.023130473 0.090730414 0.13131382 0.21440856 0.19631636 0.13243128 0.15752678 0.22789717 0.21125157 -0.05468624 -32767.0 -32767.0 -32767.0 -32767.0 -32767.0 -32767.0 -32767.0 -32767.0 -32767.0 -32767.0 -32767.0 -32767.0 -32767.0 -32767.0 -32767.0 -0.6121258 -0.15536307 -0.056959804 0.5242926 0.48571545 0.30172998 0.1579262 -0.02421593 -0.09959543 -0.17344655 -0.33840823 -0.24255636 0.18430585 0.096112855 -0.06534463 -0.17642151 -0.40041912 -0.55905324 -0.2797118 -0.0544039 0.055739105 0.22351201 0.26505136 0.22238761 0.118759505 0.004915491 0.029748688 -0.085268274 -0.19413319 -0.1792537 -0.13684343 0.08247826 0.19114201
0.035610206 0.20387216 0.23457001 0.19379058 0.12743123 0.10346367 0.051928546 0.09042369 -0.012366963 -32767.0 -0.072161086 -32767.0 -32767.0 -32767.0 -32767.0 -32767.0 -32767.0 -32767.0 -32767.0 -32767.0 -32767.0 -32767.0 -32767.0 -32767.0 -32767.0 -0.38738257 -0.33153227 0.10671691 0.65282506 0.54168785 0.3824655 0.086877435 0.05913966 -0.032799494 -0.09725763 0.0081301285 0.2632688 0.27843314 0.119744815 -0.051143344 -0.087011255 -0.2818093 -0.428291 -0.13384917 0.12974957 0.23498636 0.059337504 -0.020544644 -0.013380443 -0.14874916 -0.21922348 -0.055155043 0.00012200675 -0.07436846 0.028532648 0.12895805 0.07306598 0.0627621
0.081127375 0.19067389 0.15737887 0.073196046 -0.010343496 -0.15647745 -0.27835336 -0.21885942 0.03466296 0.026054246 -0.010773036 -0.13788213 -0.17854792 -0.13054489 -0.020325277 -0.10628591 -32767.0 -32767.0 -32767.0 -32767.0 -32767.0 -32767.0 -32767.0 -32767.0 -32767.0 -32767.0 -0.16970383 0.18056583 0.5821229 0.51392287 0.29439524 0.074709155 -0.07293904 -0.13453786 -0.11722196 0.21553524 0.20252864 0.1088286 -0.08540172 -0.095076755 0.40758044 0.17587964 -0.0740728 -0.16385363 0.08966328 0.14248349 0.102785856 0.069692984 -0.22220315 -0.25182143 -0.24599741 -0.11607376 0.020009145 0.07814115 0.009316832 0.034049667 0.074402615 0.31004834
-0.009987067 -0.14323287 -0.009732076 -0.078460336 -0.17554423 -0.304028 -0.35279763 -0.23272297 -0.18047829 -0.0855746 -0.011216955 -0.056029566 -0.16226038 -0.06475242 -0.042648435 -0.046364304 -32767.0 -32767.0 -32767.0 -32767.0 -32767.0 -32767.0 -32767.0 -32767.0 -32767.0 -32767.0 -32767.0 0.011338219 0.32930174 0.6607786 0.054144233 0.10605836 -0.014422657 -0.17413239 -0.22605884 -0.030703845 -0.05509324 -0.08363267 -0.034171917 0.33659348 0.5209436 0.34901956 0.16785018 -0.17870024 -0.050622687 0.005259501 -0.012209522 -0.05136557 -0.11688369 -0.15137541 -0.13302314 0.0020822035 0.08987591 0.10323474 -0.048650768 -0.00048393337 0.38510323 0.18704084
-32767.0 0.004882995 -0.22559893 -0.07955181 -0.18644725 -0.23274143 -0.26636344 -0.17641997 -0.102842316 -0.1563277 -0.16265172 -0.11691736 -0.13325688 -0.066770725 -0.039483696 -0.12080165 -0.001459388 -0.15284847 -32767.0 -32767.0 -32767.0 -32767.0 -32767.0 -32767.0 -32767.0 -32767.0 -32767.0 -32767.0 -0.07646015 0.7435574 0.25678194 0.18202229 -0.05860441 -0.16783167 -0.20876728 -0.091386765 0.008121157 -0.02282438 -0.03550964 0.32107264 0.301701 0.36794057 0.36254898 0.05039048 -0.22437441 -0.055847123 -0.05261683 -0.025518063 0.08641594 0.18425837 0.15644465 -0.05721886 -0.14300825 0.012827894 0.2487596 0.13590981 0.36229277 -32767.0
-32767.0 0.00016499404 -0.2751127 -0.037820727 -0.1124495 -0.089828536 -0.17150678 -0.22041868 -0.2007562 -0.26555517 -0.35128465 -0.18820067 0.026461596 -0.12205466 0.033311497 -0.06539356 -32767.0 0.034397114 -32767.0 -32767.0 -32767.0 -32767.0 -32767.0 -32767.0 -32767.0 -32767.0 -32767.0 -32767.0 0.05860457 0.86175644 0.2590295 0.20298493 -0.093383305 -0.22107674 -0.09208445 -0.047366735 0.05513811 -0.010488045 -0.0012370474 0.2989247 0.38209423 0.2622432 0.4161721 0.047678802 -0.27420494 -0.04865834 0.090669066 0.14816795 0.15422916 0.15207162 0.18905799 0.10628608 -0.039506745 0.39063573 0.72594494 0.12279167 -0.019946247 -32767.0
-0.034218024 0.11884748 -0.10936834 -0.12947392 -0.062997654 -0.013959836 -0.024102945 -0.06312327 -0.049961668 -0.039877318 -0.11231971 -0.098006174 -0.054475117 0.082619 -0.21775092 -32767.0 -32767.0 -32767.0 -32767.0 -32767.0 -32767.0 -32767.0 -32767.0 -32767.0 -32767.0 -32767.0 -32767.0 -32767.0 -0.04952998 0.83077025 0.3073412 0.23451054 0.070770465 -0.10195114 -0.14340472 0.050539184 0.073435456 0.11001689 0.07098638 0.18861505 0.21166681 0.2284847 0.38745588 0.23441258 -0.28362253 -0.14174987 0.10529874 0.30081216 0.18779106 -0.0004276042 0.0068448125 0.06894106 0.02985356 0.12078278 0.8904956 0.091269776 0.08883481 0.06699852
-0.032362178 -0.093368456 -0.116555735 -0.108115345 -0.02596078 0.005513534 -0.0059162867 -0.022040935 -0.003902187 0.15659252 0.22252049 0.030535836 -0.1343621 -0.2127723 -0.15453981 -0.15421903 -32767.0 -32767.0 -32767.0 -32767.0 -32767.0 -32767.0 -32767.0 -32767.0 -32767.0 -32767.0 -32767.0 -32767.0 -0.397268 0.9110719 0.43604565 0.008181509 0.15512846 0.064978115 0.058602758 0.054943535 0.18878536 0.14320034 0.2163271 0.1279885 0.10025895 0.2510304 0.41406798 0.37634036 -0.062302444 0.08028409 0.119394764 0.09511386 0.1602624 0.010423258 -0.117170915 -0.14070292 -0.004473215 0.08799908 0.830978 0.23455583 0.07536249 -32767.0
-0.05482708 -0.08067116 -0.009880268 -0.040464584 -0.040326584 0.023028895 0.008983562 0.03805512 0.11068788 0.17996433 0.20054248 0.16105078 -0.045204546 -0.11715609 -0.071062334 -0.16987935 -0.12251189 -32767.0 -32767.0 -32767.0 -32767.0 -32767.0 -32767.0 -32767.0 -32767.0 -32767.0 -32767.0 -32767.0 -0.46242973 0.8584873 0.42141074 0.17691074 0.0030223792 0.052793644 -0.00025654281 0.09295316 0.017007353 0.270666 0.4191486 0.2635078 0.07974011 0.18975484 0.4139226 -32767.0 -0.04569596 0.096803226 0.18777569 0.014595446 -0.08014297 0.032521673 0.025074255 0.018533416 -0.029837633 0.16597039 0.750085 -32767.0 -32767.0 -32767.0
0.015999943 0.017552452 0.008897033 -0.025981698 -0.017905278 0.033700574 0.051510677 0.06158413 0.082339056 0.13340645 0.2292925 0.17179921 0.04765344 -0.096334085 -0.1833386 -0.08639663 -0.15033473 -32767.0 -32767.0 -32767.0 -32767.0 -32767.0 -32767.0 -32767.0 -32767.0 -32767.0 -32767.0 -32767.0 -32767.0 0.6645426 0.33618295 0.119031414 -0.19431263 0.059218787 -0.031336278 -0.03485405 0.092756025 0.54689264 0.47813618 0.16699962 0.16299282 0.12947313 0.24081743 0.1364362 0.07828143 0.07005931 0.12274677 0.09850689 -0.033298537 0.014115734 0.038540337 0.104298785 0.196462 0.37478992 0.19826594 -32767.0 -32767.0 -32767.0
0.05417627 0.033765495 0.009550389 0.025530066 0.103138484 0.15754503 0.089520805 0.08171053 0.05556924 0.026459217 -0.0026536873 -0.026807383 -0.05019661 -0.06600305 -0.10824659 -0.02449037 -0.020850604 -0.0019876512 -32767.0 -32767.0 -32767.0 -32767.0 -32767.0 -32767.0 -32767.0 -32767.0 -32767.0 -32767.0 0.37243626 0.65362006 0.23690325 -0.08893617 -0.2620141 0.16108553 0.10409915 0.14170808 0.31819248 0.4004953 0.15319584 0.062316474 0.040044434 0.18144347 0.5175917 0.3955977 0.18248239 0.28559864 0.2927571 0.044497482 0.16324742 0.2031783 0.2002732 -32767.0 0.22887878 0.12772107 0.20216262 -32767.0 -32767.0 -32767.0
0.06023449 -0.022580553 -0.008918175 0.007012266 0.06698784 0.10275226 0.07605026 0.07638437 0.07201241 0.049803227 -0.036458567 -0.13190731 -0.13530165 -0.17254917 -0.09436663 0.014386275 0.070961945 -32767.0 -32767.0 -32767.0 -32767.0 -32767.0 -32767.0 -32767.0 -32767.0 -32767.0 -32767.0 -32767.0 0.530929 0.6826245 0.11774439 -0.13630785 -0.37224668 0.24158807 0.25128877 0.20886673 0.30032453 0.17655782 0.0833001 0.019062292 0.2946654 0.30670998 -32767.0 -32767.0 0.040325228 -0.14133067 -32767.0 -32767.0 -32767.0 -32767.0 -32767.0 -32767.0 -32767.0 -32767.0 -32767.0 -32767.0 -32767.0 -32767.0
-0.0141304135 -0.04626637 -0.04326279 -0.097189724 -0.06842693 -0.03444255 -0.0070799035 -0.020551983 -0.027332986 -0.010170742 -0.15824342 -0.2152938 -0.28399932 -0.29365876 -0.10035997 0.01995807 -32767.0 -32767.0 -32767.0 -32767.0 -32767.0 -32767.0 -32767.0 -32767.0 -32767.0 -32767.0 -32767.0 0.49658665 0.60626584 0.5005916 -0.20164086 -0.0606718 -0.00058272603 0.16060778 0.29037324 0.4021901 0.40299433 0.025883373 0.043078914 0.28532445 0.24807927 -32767.0 -32767.0 -32767.0 -32767.0 -32767.0 -32767.0 -32767.0 -32767.0 -32767.0 -32767.0 -32767.0 -32767.0 -32767.0 -32767.0 -32767.0 -32767.0 -32767.0
-0.112392224 -0.109955065 -0.118259124 -0.18587956 -0.1884743 -0.16629979 -0.11635059 -0.079766884 -0.11173906 -0.17971376 -0.17108323 -0.24619924 -0.41244152 -0.24969119 -0.065834105 0.007270095 -32767.0 -32767.0 -32767.0 -32767.0 -32767.0 -32767.0 -32767.0 -32767.0 0.065193586 -0.21189436 0.17611961 0.3205561 0.3480721 0.12972662 -0.26658088 0.008171054 0.1432399 0.31493545 0.46800646 0.20301104 0.32378298 0.057496376 0.13925056 -32767.0 -32767.0 -32767.0 -32767.0 -32767.0 -32767.0 -32767.0 -32767.0 -32767.0 -32767.0 -32767.0 -32767.0 -32767.0 -32767.0 -32767.0 -32767.0 -32767.0 -32767.0 0.005299184
-0.117071174 -0.180894 -0.16653723 -0.19562514 -0.18941936 -0.15095122 -0.14041269 -0.20610793 -0.16646947 -0.18501829 -0.08040503 -0.07202198 -0.35907945 -0.304364 -0.12371008 -0.063432634 -32767.0 -32767.0 -32767.0 -32767.0 -0.0075747045 -0.037186008 -0.17610236 -0.11146653 -0.1084568 0.28655386 0.20911989 0.5380889 -0.031060256 -0.08413929 -0.025535332 0.12714127 0.30886754 0.44540924 0.39303637 -0.015033837 0.09130814 0.012629874 -32767.0 -32767.0 -32767.0 -32767.0 -32767.0 -32767.0 -32767.0 -32767.0 -32767.0 -32767.0 -0.04463517 -0.03745182 -32767.0 -32767.0 -32767.0 -32767.0 -32767.0 -32767.0 -32767.0 -0.19796427
-0.15065376 -0.24049091 -0.27277407 -0.24069674 -0.12153001 -0.07164283 -0.09295614 -0.14989422 -0.18147966 -0.16245317 -0.100096926 -0.11878149 -0.30755898 -0.37815717 -0.24471125 -32767.0 -0.0667303 -32767.0 -0.087102145 -32767.0 -0.039369997 -32767.0 -0.111770794 -0.074095085 -0.05893924 0.070969306 0.27875182 0.20505604 0.010750459 -0.08775467 0.18337458 0.32909673 0.39265016 0.28856024 0.117351085 0.1415992 -32767.0 -32767.0 -32767.0 -32767.0 -32767.0 -32767.0 -32767.0 -32767.0 0.049794562 0.0070759314 -0.04607034 -0.07952404 0.09833737 0.06416753 0.064125694 -0.044103265 -32767.0 -32767.0 -32767.0 -32767.0 -32767.0 -0.060041986
-0.20700835 -0.34302965 -0.29124025 -0.15622541 -0.12384563 -0.10783778 -0.11024717 -0.12637958 -0.092512265 -0.12643608 -0.07126304 -0.19951269 -0.25694537 -0.33173802 -0.47690913 -0.15019453 -0.046275537 -0.07082291 -0.113543004 -0.14407527 -0.1352162 0.024355326 0.09786277 0.014084857 -0.0297956 0.006757728 0.33505416 -32767.0 0.08424571 0.20550773 0.2867799 0.28514645 0.14309093 0.15393078 -32767.0 -32767.0 -32767.0 -32767.0 -32767.0 -0.007059415 -0.012799455 -0.00031298256 -0.072805405 -0.06760244 0.025591116 0.041550383 -32767.0 -32767.0 -0.04051775 -0.07949684 -0.047995254 -32767.0 -32767.0 -32767.0 -32767.0 -32767.0 0.13392866 -0.057826612
-0.33278176 -0.32696727 -0.24346763 -0.14104182 -0.08469813 -0.13360828 -0.17699188 -0.14245923 -0.16411239 -0.12399903 -0.18332528 -0.27058727 -0.21915773 -0.23411246 -0.42293206 -0.3801049 -0.2554746 0.031030435 0.10902854 -0.067937754 -0.10453903 -0.04289165 0.13135739 0.025788326 0.04896462 -0.024200507 -0.046093486 -0.037861332 0.0672118 0.08957497 0.08610384 0.12816149 0.09614396 0.095447056 0.020084525 -32767.0 -0.0783335 0.010519283 -32767.0 -0.00845775 0.07899076 -0.02413477 -32767.0 0.002060924 -0.010465456 -32767.0 -32767.0 -32767.0 -32767.0 -0.20070207 0.05158043 -32767.0 -32767.0 -32767.0 -32767.0 0.16373664 0.23556182 -0.13229719
-0.35218576 -0.3631431 -0.26372692 -0.18181884 -0.1360057 -0.087446414 -0.1427709 -0.12770243 -0.14771754 -0.10964121 -0.06969283 -0.08825556 -0.060487136 -0.09513795 -0.13368213 -0.10331375 -0.08453516 -0.029321449 -0.06461374 -0.10269285 -0.19188055 -0.18867493 -0.06268314 0.06891091 0.04084817 -0.10470237 -0.14248396 -0.11458678 -0.106540814 -32767.0 0.16517277 0.018160695 -32767.0 -32767.0 0.009505954 0.00436837 -0.050773915 -0.18900242 0.043354508 0.2511914 -0.045450315 -32767.0 -32767.0 -32767.0 -32767.0 -32767.0 -32767.0 -32767.0 -32767.0 -0.17732486 0.016029324 -0.16645524 -32767.0 -32767.0 0.2506215 0.004579584 -0.2994231 -0.24760546
