static/data/seaWater_vo/2023/7/18/6.asc
ncols 137
nrows 93
xllcorner 108.0
yllcorner 17.0
cellsize 0.25
NODATA_value -32767
[rows 26 to 51 of 93, columns 58 to 115 of 137]
-0.08519639 -0.0014998908 0.067832895 0.06834824 0.033391014 -0.052342393 -0.123298556 -0.12431767 -0.1553523 -0.15139224 -0.059484757 -0.015439259 -0.047520813 0.0130022485 0.16234316 0.20779142 -32767.0 -32767.0 0.16010429 0.22949275 0.28919086 0.16743849 0.2401792 0.34420758 0.41211328 0.44028068 0.37228492 0.2128285 0.1453103 -0.06324169 -0.077947676 -32767.0 -32767.0 -32767.0 -32767.0 -32767.0 -32767.0 -0.14788927 0.15072131 0.22139536 -32767.0 -32767.0 -32767.0 -32767.0 -32767.0 0.13517852 -32767.0 -0.02913571 0.29248008 0.27726126 0.14908065 -0.28373736 -0.123275325 -32767.0 0.2621638 0.00071813073 -0.08650858 -0.05279271
-0.11700376 -0.14608675 -0.044638272 -0.08771266 -0.16808118 -0.217915 -0.31806472 -0.35027754 -0.4263277 -0.31828088 -0.19122726 -0.13660899 -0.031274475 0.08089577 0.17170577 -32767.0 -32767.0 0.033892687 0.08666658 0.24942686 0.3225055 0.3015788 0.26445624 0.25803676 0.30680382 0.2711122 0.1256753 0.01810632 -32767.0 -32767.0 -32767.0 -32767.0 -32767.0 -32767.0 -32767.0 -32767.0 -32767.0 -0.14564587 0.18415707 0.43121096 -32767.0 -32767.0 -32767.0 0.04017111 0.21745563 0.16256331 0.1339742 0.195865 0.21105193 0.012526484 -0.082353964 -0.35238194 0.22062956 0.01489387 -0.1906379 -0.2840887 -0.20852757 0.052410234
-0.23099075 -0.2541818 -0.17159745 -0.22364704 -0.1525437 -0.15088822 -0.23571946 -0.30776152 -0.36839163 -0.2986239 -0.2174658 -0.12352122 0.047409683 0.1910105 0.1292751 0.009412932 0.03618939 0.07687455 0.09991652 0.23221195 0.25796694 0.25279874 0.1634403 0.07634983 0.1462542 0.1251303 -32767.0 0.063335866 0.06637989 -32767.0 -32767.0 0.076432034 -32767.0 -32767.0 -32767.0 -32767.0 -32767.0 -32767.0 0.07683234 0.2724186 -32767.0 -32767.0 -0.032379974 0.3820286 0.32653505 0.3858441 0.26509094 0.23814885 0.0375925 -0.21427281 -0.24126062 -0.16575806 0.0376452 -0.15907629 -0.27030775 -0.23299995 -0.057423074 0.14020398
-0.117060274 -0.15109074 -0.26234406 -0.2704678 -0.33596253 -0.35789937 -0.25619236 -0.1548706 -0.12911966 -0.10624044 -0.07631746 -0.046654344 0.16681236 0.27654132 0.14188458 0.07509916 0.10770105 0.08805714 0.012437466 0.012814147 0.13600594 0.17587903 0.06544107 -0.016169524 0.074605465 -32767.0 0.025523307 -0.08390868 0.17942704 0.024449756 0.16602552 -32767.0 -0.00092916924 -32767.0 -32767.0 -32767.0 -32767.0 -32767.0 0.24160706 0.27561355 0.029612094 -0.12101402 -0.046984024 0.4190989 0.1472839 0.202279 0.17068642 0.2198223 -0.052981496 -0.3359214 -0.06565611 -0.22423004 -0.23523955 -0.13210571 -0.15893511 -0.098030336 0.048105944 0.26119393
-0.24050087 -0.25078788 -0.28384092 -0.34692883 -0.33214355 -0.38623175 -0.3094375 -0.16923559 -0.12694928 -0.08802832 -0.076220185 -0.077040434 -0.028643014 -0.062444113 -0.05468012 -0.08078142 -0.015881421 0.004649153 -0.04544332 0.009490007 0.09814211 0.15655431 0.1439263 -0.0024206124 -0.061338473 -0.06970862 -0.026143644 -0.039119948 0.031822003 0.1284019 0.04324103 0.08211559 0.022554403 -32767.0 -32767.0 -32767.0 -32767.0 0.52099454 0.34236616 0.19521867 -0.026228448 -0.10111558 0.21648434 0.25513068 0.22218251 0.0592633 0.17930871 0.10186374 -0.042384855 -0.25758258 -0.1880845 -0.13646805 -0.09366768 -0.1200469 -0.11304085 -0.060795452 0.04806585 0.35321924
-0.2038659 -0.31074822 -0.40452296 -0.33246005 -0.3076525 -0.4511716 -0.25142702 -0.34210774 -0.2603439 -0.36327672 -0.322265 -0.14397243 -0.14479148 -0.10779864 -0.15425333 -0.12466226 -0.05289949 -0.013421791 0.037862893 0.15842178 0.17958443 0.14806268 0.122280814 0.064945966 0.007367811 -0.023524102 -0.0900313 -0.08891528 -0.1110811 -0.06971663 0.011899961 0.13346738 -0.074848905 -32767.0 -32767.0 -32767.0 -32767.0 0.2910345 0.1566499 0.28290057 0.40492165 0.43073422 0.3612592 0.26973662 0.12939158 0.060814764 0.04551719 0.0132007105 -0.043029588 -0.16485628 -0.28541175 -0.37911478 -0.29643306 -0.16937554 -0.08130355 -0.0108739305 0.119751126 0.38999334
-0.35110706 -0.42090306 -0.36426482 -0.21724595 -0.22558479 -0.33445242 -0.17675187 -0.28734848 -0.42458716 -0.31989756 -0.2667834 -0.24801111 -0.3218352 -0.11172928 -0.06477957 -0.07988552 -0.046535153 -0.010360677 0.08904315 0.32028648 0.31723332 0.28086028 0.25202933 0.15100937 0.07400147 0.052362613 -0.0330888 -0.17731027 -0.23859566 -0.19083086 -0.06552541 -32767.0 -32767.0 -32767.0 -32767.0 -32767.0 0.26073375 0.03378394 0.1465626 0.5531819 0.49008876 0.4113835 0.36932063 0.34112304 0.26650706 0.10438815 -0.036572136 -0.17035776 -0.32704026 -0.54053116 -0.69779354 -0.67691267 -0.5865409 -0.52536935 -0.23423685 0.030042581 0.1888613 0.36347213
-0.59961665 -0.36927417 -0.28020665 -0.24694799 -0.20311257 -0.15796633 -0.1494704 -0.2504514 -0.4270384 -0.35058716 -0.3053857 -0.30508447 -0.29157475 -0.05765418 -0.09796354 -0.121352464 -0.021413215 0.008970438 0.14799371 0.32249957 0.32946223 0.3320336 0.34929672 0.26268366 0.14771342 0.059530493 -0.013756334 -0.23337191 -0.37151316 -0.31673056 -0.12738039 -32767.0 -32767.0 -32767.0 -32767.0 -32767.0 0.13186008 -0.108890615 0.4928845 0.6116742 0.46148208 0.47272602 0.41910288 0.3626207 0.2731299 0.098773696 -0.09783935 -0.1307537 -0.20369788 -0.43616027 -0.7778803 -1.0501784 -1.0935397 -0.8276921 -0.6251195 -0.1659631 0.21336469 0.34147632
-0.7575346 -0.35514045 -0.47205263 -0.45540377 -0.32029212 -0.14854714 -0.12492349 -0.19440565 -0.22149839 -0.32846907 -0.2831104 -0.33381647 -0.21657482 -0.10415941 -0.08228678 -0.06814406 0.018999856 0.1167156 0.20685282 0.23452741 0.25121933 0.32287392 0.33795384 0.27204 0.1705083 0.05473735 -0.0434831 -0.22208084 -0.4556545 -0.2685767 -0.093035676 0.06731106 -32767.0 0.115051314 -32767.0 -32767.0 0.03084834 0.6114982 0.6684487 0.59658915 0.56099784 0.47887048 0.43515557 0.40309957 0.328414 -0.0036485796 -0.07821303 -0.043687716 -0.11248224 -0.3304798 -0.6782993 -1.0374534 -1.2831618 -1.2413564 -0.8972677 -0.49217373 0.1180536 0.36759177
-0.68964314 -0.7209016 -0.48937395 -0.406895 -0.21819942 -0.17470612 -0.14367965 -0.05598167 -0.1517518 -0.34989497 -0.3004094 -0.31015688 -0.24065547 -0.11641466 0.01015371 -0.016925747 0.052735187 0.14998022 0.21277744 0.26045898 0.2578612 0.28217018 0.30678257 0.2938103 0.20986563 0.098921925 -0.10933089 -0.27437508 -0.44867226 -0.42234612 -0.17690536 -0.00064704067 0.058478158 0.06967413 -32767.0 0.29011098 0.60267943 0.5286428 0.68361384 0.6518919 0.57736975 0.54119223 0.4559287 0.41262883 0.13304225 -0.15755087 -0.1474058 -0.13984555 -0.2051201 -0.28229013 -0.50881284 -0.8294025 -1.1478682 -1.5004646 -1.1548918 -0.72495264 -0.1238498 0.36019453
-0.6698946 -0.5576883 -0.1634365 0.049183805 -0.057696335 -0.06779173 -0.010155938 0.0005237163 -0.12604754 -0.22863704 -0.25910187 -0.24190365 -0.22213332 -0.09378198 -0.002015496 0.0057013147 0.1074189 0.1823876 0.26734537 0.2889306 0.28604448 0.307465 0.32090837 0.2831167 0.19324034 0.054730203 -0.13025784 -0.35966775 -0.3380515 -0.3279023 -0.2948605 -0.14725551 -0.12453749 -32767.0 0.5164459 0.3382731 0.45952854 0.7042809 0.6950249 0.6969572 0.6806018 0.5550371 0.52426285 0.2353259 -0.095381334 -0.115333974 -0.0057768347 -0.18054587 -0.2927142 -0.30484933 -0.48305306 -0.67909247 -0.97209924 -1.3865049 -1.3675905 -0.8944191 -0.33290493 0.2609724
-0.5822049 -0.42107564 -0.113571465 0.0070346366 -0.018036442 -0.07604569 -0.07427052 0.0011930376 -0.022853466 -0.08830648 -0.11634506 -0.11810957 -0.124034464 -0.1283671 0.01324246 0.062278595 0.15856493 0.1940012 0.2240345 0.24268316 0.26083493 0.29188702 0.32213 0.34209195 0.23510121 0.02103142 -0.26189128 -0.5022474 -0.5113543 -0.38485166 -0.09170341 -0.35365462 0.0061056945 0.2754177 0.16367471 0.18809253 0.67624104 0.7623373 0.7114976 0.7553855 0.5903156 0.4690241 0.32378563 0.082267754 -0.049957026 0.1617737 -0.04789564 -0.14906189 -0.18213715 -0.26452348 -0.3945839 -0.59901917 -0.8667312 -1.1352983 -1.4155437 -1.0824612 -0.45479333 0.14896235
-0.33768868 -0.1679677 -0.007525111 0.15719582 -0.017720325 0.03516873 -0.07662064 -0.09958708 -0.06705899 -0.015115361 -0.036390446 -0.022215057 0.02002455 0.04914669 0.095843896 0.13949376 0.15463345 0.14542288 0.2025587 0.27440536 0.27143294 0.36444947 0.4660671 0.46736425 0.40560865 0.14923215 -0.17314635 -0.54364824 -0.6938111 -0.4857262 -0.20412447 -32767.0 -0.10654571 -0.057725426 -32767.0 0.4543585 0.802069 0.80379444 0.7322167 0.7398891 0.41624585 0.33268335 0.22661886 0.07284241 0.12414146 0.12110714 0.08662072 0.14491658 -0.0060505043 -0.29676074 -0.5520654 -0.5870443 -0.7153974 -0.9772974 -1.2385592 -1.2410107 -0.5269806 0.2292005
-32767.0 -0.09851881 0.21724503 0.0772478 0.081572376 0.033529665 0.064805135 -0.18190253 -0.15692516 -0.06516942 -0.03280507 -0.011976602 0.019661335 0.043306377 0.05010897 0.07536335 0.09922691 0.08390868 0.09489231 0.114515334 0.19926582 0.3921182 0.59425384 0.78644866 0.6545563 0.2878305 -0.063897744 -0.35690147 -0.66323113 -0.65758365 -0.43258357 -0.117355935 -32767.0 -0.1935497 0.2956889 0.4847314 0.8729468 0.8611285 0.7328866 0.7294555 0.3042148 0.22580639 0.17796333 0.10751841 0.11817335 0.15234889 0.18945582 0.24982165 0.060842242 -0.20669198 -0.46603778 -0.54491335 -0.56407464 -0.79980516 -1.0350689 -1.2199745 -0.5507914 0.2833067
-0.2935105 0.11865687 0.10073106 0.06501038 0.10526253 0.16946152 0.07319705 0.16434295 0.029496482 -0.011303143 -0.13789965 -0.03545344 -0.09065173 -0.11822453 -0.013546728 0.033720728 0.006142281 0.1915377 0.06939039 0.0085143065 0.14103274 0.3609318 0.68058187 0.96929497 0.87538326 0.42562166 -0.030625582 -0.2844886 -0.4623413 -0.55134344 -0.41149762 -0.6945263 -0.02497915 0.033014312 0.043500222 0.5809884 0.92284244 0.9006451 0.6778453 0.6535626 0.24723987 0.15142784 0.10549208 0.0745236 0.041045014 0.06112785 0.19977234 0.25732276 0.1220521 -0.14153567 -0.38296622 -0.41198 -0.4152987 -0.61521554 -0.8080751 -1.0955453 -0.5923051 0.4074879
-0.10047385 0.18602411 0.16170093 0.046676002 0.11537474 0.1824607 0.16404593 0.19609027 0.10124323 0.103356354 0.090287015 0.11985156 0.19807738 0.20063196 0.1282615 -0.004135306 0.13348071 0.29513788 0.02511973 0.08258662 0.15263534 0.28580976 0.7115314 1.1237842 0.95032245 0.46308643 -0.032955483 -0.19922286 -0.37869188 -0.48075593 0.15359677 -0.45082003 -0.57321715 -0.017951714 0.184526 0.73752266 0.87843156 0.82880086 0.5640277 0.5682488 0.23505104 0.09706431 0.07937577 0.05931417 -0.006271865 -0.041490074 0.08476364 0.13299012 0.19268818 -0.015590462 -0.20441203 -0.3628799 -0.28056356 -0.40606815 -0.6003671 -0.8415232 -0.5826501 0.41127074
-0.020368876 0.24264511 0.19478531 0.15359534 0.15026836 0.30833137 0.17363663 0.17657924 0.11488136 0.2556626 0.16398706 0.1117877 0.16852063 0.20249833 0.12913187 0.06563854 0.11771067 0.14102264 0.08705291 0.1105385 0.1310333 0.32243264 0.8510045 1.1201301 0.9021599 0.3905704 -0.11592226 -0.22473614 -0.25897625 -0.6148129 -0.601774 -0.09955676 -0.15520665 -0.15383595 0.33222732 0.53882927 0.7523417 0.60063946 0.4513775 0.38350472 0.24730289 0.04468434 0.08320069 0.17173605 0.04679601 -0.018079692 0.0027552657 0.07335923 0.10381137 0.17541394 0.20610915 -0.15907824 -0.34226593 -0.28595513 -0.3600086 -0.45265755 -0.33108497 0.0641302
0.14100908 0.2807119 0.2000663 0.18307567 0.17915806 0.30946496 0.21076982 0.24996237 0.15103234 0.25300264 0.33707288 0.22062959 0.22068514 0.25562823 0.2396666 0.17251052 0.06789347 0.119004816 0.15835899 0.2819434 0.39790505 0.62725335 0.91785645 0.97264564 0.7736953 0.20521775 -0.18420218 -0.20749013 -0.4236458 -0.10019463 -0.3603376 -0.17967741 -0.19236238 0.19485977 0.3923252 0.50233406 0.5291403 0.38440317 0.4108317 0.29758903 0.18075599 0.025695466 0.02688443 0.15834805 0.099181175 -0.041846186 -0.05468122 0.036737487 0.117629535 0.15108582 0.29817003 0.13460061 -0.21020433 -0.34547892 -0.27466604 -0.26169074 -0.15454534 -0.00062241673
0.19876562 0.26770303 0.24369177 0.17164892 0.120643534 0.19190644 0.23784073 0.3740704 0.29820615 0.2178351 0.19039102 0.18611178 0.24884933 0.23845679 0.18318844 0.2089717 0.19020598 0.18307455 0.38881266 0.65192044 0.72410905 0.768535 0.77552915 0.8614975 0.45241925 0.002415197 -0.14772433 -0.098489605 -0.05956804 -0.21350291 -0.17620942 -0.13081698 0.004619855 0.23156479 0.36522812 0.40631267 0.29374456 0.40305373 0.3512111 0.22787687 0.11512465 0.020748965 -0.0018391819 0.057176072 0.12351507 -0.10629197 -0.09760495 0.052975442 0.11002438 0.09835035 0.19798163 0.3019726 0.0072586657 -0.0800536 -0.1543494 -0.15408537 -0.05805989 0.0015316926
0.3621556 0.40230066 0.22960524 0.11488483 0.17312434 0.099666126 0.09705286 0.23103553 0.33233482 0.26042885 0.17910647 0.225818 0.2976203 0.28978658 0.15140723 0.16029947 0.2185337 0.43445888 0.696491 0.8337774 0.79229367 0.67296 0.70114404 0.52859515 0.14580844 0.082889564 0.075398 -0.12618178 -0.01793677 0.13361992 0.029465873 0.07416744 0.13232692 0.2494791 0.24999544 0.31308678 0.3941665 0.34975743 0.28496602 0.18286784 0.059659377 -0.027016375 -0.016270269 0.026260838 0.03470898 0.07576357 -0.07078374 -0.015419664 0.05503943 -0.06029867 0.21965948 0.22781599 0.17653911 0.018698547 -0.03259226 -0.031416174 -0.00041223163 -0.179988
0.3225837 0.39241827 0.3711932 0.10482798 0.18625087 0.19287395 0.16268092 0.2085295 0.23439638 0.22950557 0.20894003 0.29897937 0.3700907 0.36599547 0.19351605 0.28095472 0.4096839 0.61098176 0.72914386 0.77855027 0.7128509 0.5287881 0.5337894 0.2135727 0.0918286 0.32468176 -0.01716228 -0.14124325 0.004470333 0.09637597 0.030430866 0.09294704 0.14005491 0.30530903 0.39727062 0.39312485 0.35333705 0.2758363 0.19384193 0.15144967 0.05308774 -0.033023305 -0.052979033 0.025082704 0.009650397 0.17601147 0.097651154 -0.03136478 0.02224939 0.06991875 0.27126086 0.26258096 0.13989735 0.10531224 0.09053951 -0.008552373 -0.14978354 -0.29146743
0.44900987 0.2716435 0.2954638 0.18613914 0.18583997 0.10762261 0.31011197 0.27382907 0.37511638 0.20655115 0.19956125 0.35791326 0.40498212 0.20322521 0.2729546 0.3797483 0.5760799 0.73398143 0.7746689 0.78557664 0.5905599 0.3778593 0.3067393 0.05045851 0.053452283 0.16996759 -0.03802164 -32767.0 -0.16466707 0.16559303 0.17872906 0.2614625 0.41141558 0.39893818 0.42983967 0.37607473 0.28096673 0.20571847 0.15039924 0.06298324 0.027891306 -0.04381041 -0.06425841 -0.0062386217 -0.0018797313 0.1906102 -0.014797105 -0.08776778 -0.005871647 0.17462173 0.1794381 0.13023543 0.059865173 0.01133816 -0.11193142 -0.010988898 -0.08431237 -0.17525464
0.37235978 0.21998735 0.19647041 0.16006419 0.058046114 -0.0338622 0.112608306 0.2502993 0.28249818 0.15730044 0.32080674 0.3949291 0.38747418 0.2670956 0.42958897 0.5944175 0.63009703 0.7049208 0.6919993 0.6779454 0.43162745 0.26969963 0.09554323 0.012691217 -0.043456618 -0.0585547 0.15825923 0.13205169 -0.12801972 0.21248288 0.32076234 0.3901366 0.43823972 0.50881195 0.46528408 0.36168343 0.21918947 0.11656403 -0.011496182 -0.12954167 -0.067062296 -0.07277247 -0.10817885 -0.08726488 -0.049785204 0.07514105 -0.15230058 -0.17319329 -0.17425843 -0.012797727 0.12958825 0.14846125 -0.014854731 -0.19215517 -0.06753843 0.24512199 0.006260767 -0.15415247
0.15055749 0.13381857 0.14056611 0.048081774 -0.04318359 -0.07021833 0.11207974 0.23881543 0.23906413 0.34036776 0.31597337 0.4114532 0.38703087 0.3246679 0.4759393 0.54438746 0.6641999 0.7342941 0.63842213 0.54106116 0.3531466 0.24740843 0.05238705 -0.07460525 -0.07747057 -0.09709923 -32767.0 0.08911213 0.13363695 0.3534716 0.42151907 0.41825062 0.54585123 0.5565513 0.4130761 0.28633618 0.24138814 0.067713134 -0.050005298 -0.22157882 -0.20200163 -0.10155566 -0.14719164 -0.124883994 0.012825824 -0.13829602 -0.2527257 -0.3514608 -0.095250145 0.19386111 0.27130172 0.13510339 0.05472194 -0.003985807 -0.05178001 0.23368408 0.09878167 -0.15334061
-0.005709642 0.23665762 0.19773774 0.025329044 -0.1154708 0.030391678 0.1441446 0.15573506 0.22975501 0.2034806 0.27885288 0.3591528 0.3477939 0.44569767 0.5127572 0.5343241 0.7488298 0.6745079 0.5068224 0.3989417 0.2637121 0.21091406 0.056565918 -0.056816787 -0.07729865 -0.14068262 -0.002031563 0.09624867 0.35341436 0.4526242 0.39743316 0.43278676 0.61532944 0.53707665 0.3542187 0.30669487 0.2045284 0.06490439 -0.06766521 -0.23028126 -0.25687084 -0.18052296 -0.18914516 -0.17534633 -0.16671467 -0.3250005 -0.3876176 -0.042843834 0.25011942 0.3199839 0.32389045 0.17751732 -0.007881341 0.06476947 0.048288252 0.044400983 0.18263765 0.04308972
-0.046752986 0.35383406 0.2386521 0.13480985 0.12767863 0.082372844 0.09978884 0.1419378 0.16630921 0.13903831 0.2174201 0.23955259 0.30009452 0.4936221 0.42959675 0.6143288 0.71356505 0.5526362 0.38705632 0.26968586 0.17935365 0.103579804 -0.01002349 -0.038176745 0.00020460335 -0.08049697 0.03604597 0.18357205 0.41724047 0.48475778 0.3623527 0.43755263 0.6343249 0.52641964 0.33821765 0.28700897 0.19019862 -0.040018167 -0.17950946 -0.2042351 -0.22417952 -0.24707608 -0.27029872 -0.22677454 -0.3889414 -0.42124078 -0.04633903 0.22776362 0.3365183 0.32859 0.34766 0.17566514 -0.09352381 -0.010178284 0.009559688 0.11384131 0.17164493 0.19566448
