static/data/seaWater_vo/2023/7/13/12.asc
ncols 137
nrows 93
xllcorner 108.0
yllcorner 17.0
cellsize 0.25
NODATA_value -32767
[rows 26 to 51 of 93, columns 58 to 115 of 137]
-0.048601344 -0.2600401 -0.22333868 -0.23630883 -0.13869528 -0.074121594 -0.03143884 0.00080258376 -0.022423591 -0.030263938 -0.03508761 -0.044895023 0.011631401 0.09896617 0.12684804 0.1752803 -32767.0 -32767.0 -0.13414823 0.23909563 0.21578673 0.2098228 0.29813823 0.34139532 0.32554123 0.36625925 0.3168938 0.24333464 0.11527843 -0.024176534 0.01869485 -32767.0 -32767.0 -32767.0 -32767.0 -32767.0 -32767.0 -0.18412682 -0.019853402 0.1487182 -32767.0 -32767.0 -32767.0 -32767.0 -32767.0 0.009064501 -32767.0 -0.22832741 0.04186159 0.08458136 -0.27027863 -0.34993723 -0.10552153 -32767.0 0.08001083 -0.20641637 -0.22823676 -0.03976511
-0.14394863 -0.26417026 -0.0657783 -0.15524216 -0.16421919 -0.08461015 -0.030146128 0.06660862 0.09733198 0.15646087 0.19166678 0.21719863 0.29537454 0.3473541 0.2510536 -32767.0 -32767.0 0.015189701 0.15857327 0.3441379 0.46554938 0.377867 0.25763068 0.23563313 0.2175024 0.21389282 0.14740133 -0.04104425 -32767.0 -32767.0 -32767.0 -32767.0 -32767.0 -32767.0 -32767.0 -32767.0 -32767.0 -0.079887085 -0.13693392 0.07945269 -32767.0 -32767.0 -32767.0 -0.23724185 -0.066933185 -0.25311676 0.007695536 0.07339736 0.12970434 -0.033760708 -0.2948132 -0.6572676 0.04495356 -0.058688905 -0.19003099 -0.23940928 -0.18106681 -0.008722055
-0.13185766 0.11965391 -0.06372462 0.011252781 0.04219208 -0.011382565 0.037551206 0.06121391 0.16191922 0.18445726 0.1983465 0.27900103 0.36587313 0.3749291 0.28880778 0.17185472 0.11331065 0.15723008 0.19698188 0.30465677 0.32549584 0.36463392 0.29206628 0.18028156 0.17003736 0.14311358 -32767.0 -0.14168194 0.053248957 -32767.0 -32767.0 -0.018613368 -32767.0 -32767.0 -32767.0 -32767.0 -32767.0 -32767.0 -0.24769987 -0.13126774 -32767.0 -32767.0 0.0273669 0.2235494 0.009710627 -0.36705092 0.017831514 -0.0035511097 -0.046664417 -0.10699521 -0.29719993 -0.51315206 0.015845599 -0.13384439 -0.103261985 -0.1456495 -0.11789131 -0.032772295
-0.12300805 -0.042384237 -0.08139153 -0.060105592 0.05723026 0.14195444 0.10218998 0.044196628 0.06543004 0.0779295 0.12564458 0.18986864 0.22485174 0.20679738 0.1561923 0.11271994 0.15878421 0.28079075 0.22552156 0.22820292 0.21891399 0.17500259 0.11321282 0.065122485 0.03567073 -32767.0 0.002483462 -0.013743166 0.18566081 -0.0030346992 0.06823683 -32767.0 0.04286065 -32767.0 -32767.0 -32767.0 -32767.0 -32767.0 -0.1209883 0.08604853 -0.049155753 -0.19093892 0.033154756 0.28925568 -0.07782605 -0.3978476 -0.05213216 -0.06718979 0.022852477 -0.059002873 -0.27246282 -0.37737003 -0.20591606 -0.18580897 -0.18799348 -0.14913183 -0.12481667 -0.117676154
0.022341417 -0.051719263 0.011549019 0.019690452 -0.009494927 0.038287193 -0.033897787 -0.06093519 -0.043793023 0.03253255 0.013893448 0.027883831 0.080413476 0.097385466 0.06750919 0.08966456 0.22304174 0.21729556 0.25382823 0.2115796 0.1639663 0.11616564 0.039999582 -0.0082138255 -0.08299771 -0.075028375 0.11655197 0.1293302 -0.021513345 0.050542578 -0.04000291 -0.057965267 -0.014029274 -32767.0 -32767.0 -32767.0 -32767.0 0.13817678 0.44900402 0.18930717 -0.03191409 -0.11391169 -0.079103395 -0.011035859 -0.18327674 -0.28592372 -0.13828433 0.04195454 0.063001774 -0.0011285935 -0.15965557 -0.3336397 -0.35156474 -0.33958736 -0.32779205 -0.18050592 -0.19547133 -0.18312229
0.09805343 -0.007905979 0.023441045 0.06775373 0.045938507 0.05462212 -0.015953213 -0.044406973 -0.037299965 -0.15229486 -0.09516966 -0.058160007 -0.055675898 0.042599358 -0.035759844 0.060517672 0.11343623 0.15311563 0.18830943 0.16748567 0.16305691 0.19436431 0.17195062 0.10319425 0.031732198 -0.002236042 0.0052267285 -0.0055441894 -0.1140063 -0.06025509 -0.04020746 -0.039576683 -0.03142414 -32767.0 -32767.0 -32767.0 -32767.0 0.34265506 -0.013072858 0.044296943 0.12802593 0.07300705 -0.06792108 -0.06631711 -0.11224191 -0.10695738 0.0077347583 0.122110926 0.101263754 -0.02573116 -0.14607628 -0.2678835 -0.47123998 -0.53395 -0.47132936 -0.28044719 -0.21630327 -0.08884203
0.09047116 0.06807809 0.10574418 0.13364041 0.14588296 0.1372153 0.10587128 0.06482278 0.0050352067 0.029364945 0.04430464 0.07000022 0.023263022 -0.02345718 -0.10685947 -0.081280135 0.036588565 0.191332 0.29691496 0.32545313 0.3647799 0.3475817 0.3304704 0.2691061 0.16698635 0.06311692 -0.054080646 -0.09709967 -0.12381864 -0.15901676 -0.068558775 -32767.0 -32767.0 -32767.0 -32767.0 -32767.0 0.16686505 0.06556675 -0.16423991 0.03957757 0.549605 0.5053043 0.29407555 0.20774674 0.22100225 0.2366923 0.19509587 0.04765039 -0.1182142 -0.20229837 -0.30398098 -0.42414817 -0.5284163 -0.7494837 -0.77441037 -0.49278653 -0.2603843 0.055599425
0.058992747 0.21228579 0.29488176 0.21656641 0.22291553 0.09955829 0.108783744 0.07732774 -0.020463381 -0.071020104 0.0067256484 -0.0015467441 0.10093461 0.18933994 0.0870146 0.06349712 0.13189399 0.19596806 0.2823482 0.40793023 0.4457159 0.41996914 0.39214998 0.2864801 0.1855561 0.14439371 -0.0016884861 -0.24458371 -0.29838386 -0.23246093 -0.14749397 -32767.0 -32767.0 -32767.0 -32767.0 -32767.0 -0.021721864 0.05573338 -0.0016053792 0.41014248 0.84984225 0.5437616 0.35662028 0.33293784 0.30795062 0.24886025 0.18364124 -0.0092515545 -0.22094804 -0.345099 -0.53019077 -0.64595765 -0.7290866 -0.9260802 -1.0007863 -0.69413203 -0.2833215 0.15283914
0.15646093 0.18997876 0.28291938 0.23827028 0.22670893 -0.0019801569 0.014355759 0.038844265 -0.017105823 -0.048800025 -0.06444295 -0.03905843 0.06145814 0.15426582 0.2651586 0.2551793 0.2434158 0.2573442 0.34012616 0.5038746 0.49123585 0.47203067 0.3892819 0.25395703 0.27148286 0.1604722 0.055682402 -0.24157767 -0.42734435 -0.23498279 -0.15145893 -0.023060039 -32767.0 0.15707381 -32767.0 -32767.0 0.20691833 0.64110446 0.5489113 0.54425716 0.56985044 0.4559111 0.31545052 0.40883252 0.30569062 0.21169503 0.12011695 0.013398798 -0.17247689 -0.3468881 -0.51312536 -0.7155919 -0.89050525 -1.092612 -1.1862451 -0.83726895 -0.23587872 0.21844181
0.36507878 0.31511983 0.29206216 0.267031 0.15678468 0.0692536 0.0740528 0.08477138 -0.026399883 -0.024429634 -0.028176108 0.0049749264 0.03962719 0.16808677 0.34397987 0.31482866 0.29087025 0.3578447 0.41321215 0.45488575 0.47731528 0.45927766 0.3881576 0.34996855 0.3102294 0.13014941 0.029673485 -0.27169412 -0.40326598 -0.24310023 -0.14897656 -0.092388615 -0.025998862 0.00085480674 -32767.0 0.11420844 0.63583225 0.49228743 0.58340216 0.51251334 0.35646126 0.254472 0.29659644 0.33461842 0.28141448 0.17061011 0.07592606 0.0061860178 -0.098615654 -0.26718217 -0.48508456 -0.7121859 -1.0185758 -1.2442867 -1.3312856 -0.9025653 -0.14604664 0.3000773
0.29896772 0.15712132 0.18582955 0.25123668 0.20702343 0.19598609 0.10930118 0.06890107 0.050464824 0.048522238 0.051594894 0.09763299 0.18154535 0.1830753 0.3032877 0.3419251 0.31251407 0.41003332 0.45927468 0.44849503 0.42497778 0.48627874 0.4231302 0.35044444 0.27494404 0.044295255 -0.07323764 -0.31513202 -0.2981137 -0.14510322 -0.030381888 0.0926471 -0.09439762 -32767.0 0.61598796 0.26524833 0.0974503 0.6032484 0.6327217 0.5197177 0.2783332 0.19905853 0.1991582 0.3030177 0.12440866 0.072968155 0.09420604 0.06677819 0.015937472 -0.15957606 -0.53845805 -0.75415045 -1.0263515 -1.3492514 -1.3888373 -0.8581645 -0.04333658 0.4109145
0.2764066 0.4947851 0.2732735 0.26168078 0.201305 0.19307397 0.09306884 0.0695065 0.13483815 0.16761887 0.096406184 0.14562282 0.14724512 0.20715849 0.27389592 0.3568293 0.3677655 0.35096303 0.3995858 0.41860077 0.5076773 0.5113347 0.42509836 0.38518018 0.2918403 0.09828342 -0.13639487 -0.3354403 -0.20299336 -0.03289165 0.012764567 0.033592433 -0.007614742 -0.028070286 0.0953112 0.039482463 0.65308994 0.62602895 0.76009125 0.40742934 0.13002618 0.08842353 0.2810389 0.19061281 -0.06889479 0.3447677 0.20069082 0.057430323 0.052009333 -0.0029408606 -0.44092876 -0.88766 -1.0939113 -1.4008656 -1.3926618 -0.7730369 0.14304182 0.3413124
0.1987987 0.25782722 0.2686448 0.268999 0.22809106 0.1480841 0.117721744 0.10741247 0.16579597 0.19546114 0.25368854 0.23822923 0.248422 0.30305278 0.32080913 0.3664833 0.3565449 0.34768805 0.3627999 0.38913432 0.41445246 0.4266095 0.47500947 0.41544455 0.3189382 0.15985289 -0.13860959 -0.34608296 -0.21181116 0.0550103 0.11166168 -32767.0 0.07599034 -0.47274128 -32767.0 0.5095628 0.5400886 0.66578156 0.64990485 0.33419338 0.11798847 0.026303856 0.33257174 0.12729643 -0.043146726 0.357768 0.18458983 0.18752337 -0.025999155 -0.096669786 -0.35412133 -0.91182387 -1.2271498 -1.4300427 -1.421351 -0.7347926 0.16609684 0.63614476
-32767.0 0.58516663 0.32328838 0.2537267 0.10163071 0.038954075 -0.018529885 0.12597919 0.14983056 0.17700744 0.15736288 0.27182496 0.28539467 0.29585513 0.3149613 0.3685741 0.36428514 0.33395323 0.3271882 0.3239324 0.413325 0.5528968 0.5272469 0.4504685 0.26134437 0.04458737 -0.18690841 -0.3758048 -0.4558487 0.04996273 0.15054177 0.015874363 -32767.0 -0.35667124 0.2469063 0.4526792 0.55282414 0.7166128 0.5090645 0.4109769 0.16125992 0.020016829 0.27959612 0.15830725 0.035043214 0.3046608 0.2361731 0.027840413 -0.23674585 -0.22355206 -0.37261328 -0.8427787 -1.2503291 -1.3649496 -1.3905643 -0.7428747 0.20793104 0.75907224
0.42285568 0.35660574 0.39489415 0.23453565 0.09565818 -0.0038226624 -0.07488856 -0.11810359 -0.0552531 -0.09482185 -0.21627109 -0.02502578 0.1538318 0.19237949 0.30941188 0.35937354 0.32043433 0.24066415 0.25983858 0.37930158 0.5764115 0.61199707 0.5877468 0.42138875 0.20062707 -0.10071708 -0.37427258 -0.53523964 -0.54625046 -0.21476276 -0.13574871 -0.19665056 0.033694584 0.14215274 0.32797003 0.4223185 0.5349217 0.4859535 0.44169307 0.29067227 0.13872936 0.000723931 0.09407772 0.2150666 0.0056038024 0.20042191 0.13316037 0.044446085 -0.25919485 -0.36507833 -0.38559082 -0.6202876 -1.0141104 -1.0817739 -1.1707202 -0.7591028 0.25257638 0.74226636
0.33856827 0.5137173 0.30801785 0.22826867 0.18603677 0.08066928 0.075056225 0.05303702 -0.04208023 -0.04486093 -0.022483146 -0.037317947 0.0070004715 0.04899964 0.07769351 0.11764851 0.04637554 -0.004755948 0.22410935 0.4208798 0.49594507 0.72462356 0.59264916 0.44758144 0.184115 -0.01333506 -0.2966315 -0.5757765 -0.66037166 -0.32279924 -0.32700902 -0.10867186 0.16151044 0.34773377 0.2547125 0.6361218 0.5823995 0.3291813 0.27473015 0.016186047 -0.007107439 -0.019062748 0.024486525 0.08009581 0.036002576 0.09371061 0.005121571 0.13672735 -0.061577234 -0.44625115 -0.44454896 -0.4540779 -0.7069306 -0.7729774 -0.77837133 -0.52222496 0.1186858 0.6325699
0.47144002 0.38976356 0.3482054 0.20969833 0.12873028 0.16747382 0.12946452 0.15209925 -0.016419794 -0.012228935 0.008512521 0.06259456 0.060740307 0.045922223 -0.050807748 -0.12736309 -0.18079 -0.052547574 0.17747925 0.18649672 0.65778065 0.7593801 0.67248636 0.37721813 0.11522944 -0.06289659 -0.23937465 -0.44278184 -0.67559314 -0.7714346 -0.0882446 -0.1359289 0.045308433 0.3370161 0.45169967 0.54145527 0.39417854 0.08507903 0.051342245 -0.055432323 -0.06272547 -0.0024674444 0.02529803 -0.021860912 -0.069454975 -0.14374177 -0.010393279 0.030171422 0.06409164 -0.12449861 -0.44766748 -0.51608545 -0.39935037 -0.41796055 -0.3504689 -0.14046192 0.24188559 0.5072307
0.41356048 0.46824253 0.3753228 0.22914651 0.29176965 0.21214849 0.12111172 0.21982487 0.10301055 0.019295713 0.112654336 0.03294626 0.050732918 0.018845826 -0.11906313 -0.23681757 -0.17122592 -0.04697638 -0.01687786 0.17447796 0.7382651 0.81466615 0.7106828 0.35689056 0.22117482 -0.0027092085 -0.30223566 -0.3938644 -0.6831439 -0.34873706 -0.014535504 -0.18471892 0.012286636 0.29111725 0.28831452 0.20586753 0.12550877 0.026923936 0.08509134 0.056996733 0.023639275 0.016152507 -0.040195815 -0.16764136 -0.2605847 -0.2430366 -0.20199816 0.10211443 0.045501925 -0.10553692 -0.090270996 -0.3086772 -0.39994827 -0.33311906 -0.20153502 -0.023901742 0.157062 0.12877819
0.57478637 0.4379893 0.28554186 0.39486575 0.09828257 0.32589355 0.22503503 0.25842 0.06915016 0.056422755 0.09478797 0.03359257 -0.07172732 -0.03543362 -0.13725276 -0.27784154 -0.21836239 -0.153008 -0.07819602 0.19161168 0.8412483 0.83445674 0.6650016 0.26794884 0.20328973 0.003509953 -0.19457674 -0.42254588 -0.21247296 -0.24028149 -0.11139898 -0.0205558 0.0470666 0.0562174 0.10678693 0.04607765 0.0026555778 0.098099366 0.1005763 0.05274284 -0.009533059 -0.060008932 -0.12805626 -0.15246984 -0.249206 -0.39550915 -0.31600678 -0.12337719 0.054534107 -0.035329763 -0.12931535 -0.16941212 -0.16838971 -0.15655948 -0.16104798 -0.17309897 -0.1750334 -0.06858469
0.5881434 0.46591145 0.3333134 0.25486466 0.37294602 -0.009557958 0.33181214 0.28098136 0.1394775 0.15425494 0.077622056 -0.027909914 -0.021229744 -0.061932802 -0.11718289 -0.15196407 -0.21483913 -0.07288634 0.13520946 0.5118427 0.7800216 0.66608125 0.5000426 0.1142665 0.0394546 0.05652179 -0.16549586 -0.23920861 -0.23154274 -0.08976981 -0.19143681 -0.15490794 -0.0019251402 0.015658462 0.016278611 0.03797983 0.0875373 0.10775397 0.08125269 0.031691466 -0.03818162 -0.10512311 -0.18013448 -0.2596452 -0.21244399 -0.2597978 -0.37954986 -0.253959 -0.08764078 -0.049160693 -0.0383447 -0.1567448 -0.20478149 -0.15336487 -0.14677446 -0.16540737 -0.11635303 -0.23126261
0.63070863 0.479621 0.28896305 0.24358279 0.2629258 0.3178709 -0.031859897 0.1550623 0.1149681 0.117350556 0.12424747 0.02588795 -0.041195042 -0.09959281 -0.061361015 -0.028334843 0.008960246 0.17297815 0.51656705 0.58984536 0.6106312 0.49542966 0.262791 -0.04924311 -0.113973305 0.007239742 0.09851108 -0.11918975 -0.14641988 0.006471223 -0.16509824 -0.20095707 0.111896604 0.08780139 0.11304828 0.17096366 0.20701446 0.21968186 0.15899494 0.056825396 -0.018301168 -0.1139759 -0.24901092 -0.33690026 -0.31720215 -0.28832415 -0.3145969 -0.4164222 -0.2558971 -0.11952088 -0.17019793 -0.18202995 -0.21810436 -0.2591395 -0.29038075 -0.31315666 -0.3513014 -0.14398614
0.6319999 0.5723203 0.18769993 0.08033729 -0.059228655 0.2720909 -0.1379396 0.14175719 0.08863401 0.14509559 0.1450805 0.05089847 -0.0784218 -0.11242477 0.018622851 0.17094366 0.31843245 0.45295706 0.5681203 0.5890845 0.4033762 0.27668568 0.04208153 -0.12981847 -0.2013101 -0.012911671 0.08406312 -32767.0 -0.21063416 -0.124022 -0.121343724 0.14616537 0.16159567 0.17793313 0.28056175 0.34913307 0.3474174 0.20312609 0.04803065 -0.077002354 -0.15209836 -0.22927035 -0.29523006 -0.4209572 -0.40950716 -0.33768633 -0.33520812 -0.44163916 -0.31665754 -0.25340423 -0.16137022 -0.18057096 -0.19248201 -0.2255022 -0.3193039 -0.34077168 -0.09096332 -0.017253445
0.6456953 0.39183784 0.15643074 0.11884472 0.1494054 0.06547145 -0.13793828 0.007266034 0.11043318 0.14713871 0.19707324 0.13957706 -0.020999338 0.039844386 0.18674643 0.25582042 0.5447787 0.78456956 0.69524556 0.46444055 0.23962146 0.025283251 -0.05154062 -0.15587553 -0.24545948 -0.1955659 0.22624837 0.0032244297 -0.2503537 0.11348685 0.10993437 0.047709346 0.2361177 0.3379188 0.44990146 0.3753397 0.21647622 0.13990764 0.14177285 0.011649243 -0.12040403 -0.3143437 -0.39379176 -0.5001544 -0.47547457 -0.29514554 -0.3956161 -0.46743312 -0.49349275 -0.33601466 -0.2857841 -0.238741 -0.18511732 -0.17278413 -0.1821275 -0.07851023 -0.035490528 -0.19614324
0.483829 0.17588334 0.21240346 0.12123714 0.11154636 -0.037513673 -0.03995063 -0.026796713 0.1478386 0.09225631 0.16929367 0.118542835 0.11714381 0.12307335 0.13206676 0.5931041 1.0638921 0.8720173 0.47750977 0.18540928 -0.06489636 -0.0073163193 -0.029974444 -0.14397362 -0.27630627 -0.12540914 -32767.0 -0.031787805 0.11216579 0.06789067 0.040848114 0.24884413 0.30997938 0.4231741 0.3824207 0.2401148 0.19284539 0.27259937 0.036350418 0.05273137 -0.22297916 -0.38095757 -0.45139942 -0.5542302 -0.4313075 -0.3610819 -0.55360967 -0.6703646 -0.45702064 -0.28461367 -0.13799256 -0.123874135 -0.12909532 -0.09867131 -0.05449763 -0.14364399 -0.24874738 -0.3359298
0.34068337 0.008968793 0.28773063 0.09149895 -0.028929735 0.0035819514 0.036905985 0.09682667 0.013336854 0.05246273 0.09379327 0.04539028 0.034388978 0.22922233 0.2009617 1.0227985 1.0856967 0.67962813 0.2165858 -0.05152608 -0.020818457 -0.016145436 -0.06905866 -0.16266894 -0.32958525 -0.036305305 -0.15793437 0.15156873 0.04700904 -0.0042566545 0.20972331 0.2705131 0.3275025 0.40799397 0.28730154 0.25182173 0.36372614 0.26315835 0.10509344 -0.07925202 -0.25635037 -0.39327177 -0.48721474 -0.50846285 -0.38077793 -0.6378925 -0.7891959 -0.42958823 -0.2080818 -0.09753218 -0.047707353 0.026728222 0.098391145 0.050736688 -0.041705072 -0.019271487 -0.24501781 -0.36072102
0.28160563 0.2384518 0.1394026 -0.09218468 -0.054898582 -0.010754624 -0.028530458 -0.050273642 -0.076664545 -0.04025945 0.026270662 -0.027954865 0.091670044 0.34507135 0.67232347 1.0063621 0.83695215 0.4040759 0.029224379 -0.04512546 -0.06841762 -0.072459005 -0.12640697 -0.24622571 -0.03613422 -0.17362417 0.047052674 0.045276962 -0.11840906 0.14134379 0.31613687 0.22164388 0.34414518 0.33934128 0.3069153 0.2965077 0.28792942 0.18887278 0.01653772 -0.108214065 -0.29654002 -0.4102955 -0.49786973 -0.40824303 -0.675343 -0.8604457 -0.4070843 -0.27774373 -0.11365475 -0.012528294 0.11660043 0.42153054 0.31274697 0.102531336 -0.07126404 -0.061643146 -0.3225149 -0.30560747
