static/data/seaWater_vo/2023/7/13/18.asc
ncols 137
nrows 93
xllcorner 108.0
yllcorner 17.0
cellsize 0.25
NODATA_value -32767
[rows 26 to 51 of 93, columns 58 to 115 of 137]
0.17452022 0.056258783 0.09917554 0.11143706 0.1538669 0.09014404 0.061432973 0.023413599 -0.10765537 -0.11200431 -0.014648556 0.07599303 0.09482263 0.06796989 0.07829387 0.17598411 -32767.0 -32767.0 -0.050424438 0.19541065 0.21481177 0.28774086 0.3896885 0.4298542 0.36370075 0.21491073 0.12379767 0.09070913 0.15894504 -0.028925193 0.024342274 -32767.0 -32767.0 -32767.0 -32767.0 -32767.0 -32767.0 -0.13086066 -0.03678286 0.21399768 -32767.0 -32767.0 -32767.0 -32767.0 -32767.0 0.21583383 -32767.0 -0.13802573 0.11024109 0.16407451 -0.11158429 -0.20455518 -0.071741275 -32767.0 0.13346297 -0.07930447 -0.17982145 -0.03980217
0.096645765 0.033087052 0.06763621 -0.010552009 0.075537406 0.1401828 0.11482614 0.103444785 0.039550453 -0.038008437 -0.0025439379 0.04611694 0.08593929 0.059817363 0.032936268 -32767.0 -32767.0 0.1285097 0.23038775 0.38649336 0.39502612 0.24235414 0.23856519 0.34074885 0.24647085 0.092651226 0.09892609 0.0644618 -32767.0 -32767.0 -32767.0 -32767.0 -32767.0 -32767.0 -32767.0 -32767.0 -32767.0 -0.15818919 -0.19919366 0.2592439 -32767.0 -32767.0 -32767.0 -0.14828219 0.065884344 0.00096297 0.09079248 0.07177931 0.12627475 -0.0017260235 -0.26887736 -0.3940039 0.125939 -0.01641426 -0.09078344 -0.2210429 -0.17559135 -0.029039634
0.013555105 0.13940755 0.05257504 0.05192834 0.04894961 0.061940335 0.13274956 0.15798447 0.20964687 0.15737556 0.14885926 0.2257496 0.2954837 0.2938176 0.27999088 0.21843877 0.23212019 0.28986412 0.35112655 0.3244141 0.3660309 0.38436738 0.33114836 0.3082844 0.1290092 0.075008556 -32767.0 -0.08012973 0.06655349 -32767.0 -32767.0 0.0026392818 -32767.0 -32767.0 -32767.0 -32767.0 -32767.0 -32767.0 -0.25395104 0.08345366 -32767.0 -32767.0 -0.069852814 0.054505583 -0.09893321 -0.4306326 0.160235 0.029225899 -0.011455191 -0.068505615 -0.23214564 -0.40386972 0.10085287 -0.06748794 -0.11579648 -0.18087186 -0.13154131 0.037535112
0.18776605 0.23370732 0.13620265 0.12825067 0.16059713 0.20417622 0.1557084 0.18820927 0.23005219 0.22748315 0.25753862 0.32542735 0.35638198 0.39341515 0.40659228 0.28314123 0.19092096 0.3357948 0.33743048 0.32988295 0.3662986 0.40712535 0.2789288 0.22076271 0.055692963 -32767.0 0.016349165 -0.0024557926 0.14444263 -0.058244932 0.07666569 -32767.0 0.07509849 -32767.0 -32767.0 -32767.0 -32767.0 -32767.0 -0.079249874 0.06618406 -0.1322504 -0.26533893 -0.05671217 0.17108992 -0.22395445 -0.42177594 0.117204525 0.07052086 0.089776374 0.028430663 -0.18125124 -0.2434665 -0.066769704 -0.111980505 -0.0774439 -0.062113687 -0.054893542 0.12349396
0.17366694 0.10429874 0.13598344 0.12392933 0.1611709 0.22235812 0.31332657 0.27519447 0.23593438 0.24365786 0.24286172 0.30953783 0.33048466 0.39084437 0.34135926 0.2343168 0.3277459 0.32793632 0.38571724 0.28601703 0.23754932 0.27054143 0.20513001 0.15839683 0.054709848 -0.040375292 0.09695094 0.11000538 -0.03087106 0.027030477 0.004100659 -0.00029020366 0.008188048 -32767.0 -32767.0 -32767.0 -32767.0 -0.0073137074 0.25532553 -0.039535843 -0.28094372 -0.32008147 -0.18157399 -0.021659495 -0.20510654 -0.28389445 0.023041578 0.11178896 0.12488686 0.07841772 -0.11093922 -0.21801 -0.159359 -0.14065215 -0.08212768 0.026112452 0.0051136203 0.15866971
0.17617026 0.1649401 0.192598 0.22522874 0.1976122 0.21559465 0.18475369 0.17784138 0.17672731 0.12611802 0.13945523 0.1462798 0.2309207 0.36464787 0.36822584 0.27698353 0.26901928 0.29747432 0.20712048 0.110103816 0.1039397 0.15923223 0.17081028 0.16213652 0.1194954 0.104083605 0.075285695 0.058167186 -0.079752095 -0.072151124 -0.038614724 0.02809906 -0.006207142 -32767.0 -32767.0 -32767.0 -32767.0 0.12224767 -0.19743724 -0.13940445 -0.11130375 -0.11133612 -0.1508067 -0.04482915 -0.05795813 -0.00095721474 0.060952015 0.08751 0.07253677 0.028846605 -0.06122552 -0.21402323 -0.35248494 -0.36319032 -0.24915089 -0.0071192477 0.010910205 0.24488744
0.20477207 0.19976765 0.23918936 0.25998673 0.28088608 0.22681329 0.2296947 0.1887105 0.14551567 0.15453799 0.1035429 0.11843225 0.077761516 0.12731102 0.19911824 0.19775116 0.12490262 0.083245456 0.07487395 0.08097007 0.14813434 0.20552844 0.24719241 0.24304874 0.15447593 0.08689401 -0.012378194 -0.044617966 -0.09617584 -0.14544946 -0.029089214 -32767.0 -32767.0 -32767.0 -32767.0 -32767.0 0.051937386 -0.039774753 -0.24165139 -0.18137464 0.33768156 0.39803743 0.19526772 0.0985204 0.14975467 0.19845398 0.16692093 0.05601372 -0.15814684 -0.326645 -0.29939014 -0.350653 -0.4427874 -0.62530905 -0.5972629 -0.2144672 -0.015544012 0.3284256
0.1942249 0.27293253 0.324976 0.31632724 0.35706827 0.25913876 0.24700256 0.22815116 0.13184579 0.11801865 0.14601453 0.22409998 0.19963793 0.0725279 -0.0705047 -0.029169638 0.024032226 0.040982172 0.09217001 0.17739317 0.1972338 0.21666063 0.2648465 0.21581513 0.18931383 0.20302781 0.07499398 -0.17003994 -0.23556907 -0.17762391 -0.055285227 -32767.0 -32767.0 -32767.0 -32767.0 -32767.0 -0.05925324 0.004668823 -0.036431506 0.16850384 0.7912258 0.5716547 0.3605428 0.30794704 0.34331954 0.29217792 0.1910541 0.07183337 -0.11878639 -0.35963982 -0.5107806 -0.63560784 -0.68814194 -0.8056907 -0.87123984 -0.46119034 -0.013860067 0.37383014
0.33712292 0.4469906 0.42731097 0.35964063 0.35251662 0.22786847 0.213004 0.213335 0.17343573 0.15257908 0.094056934 0.059975907 0.081775464 0.105771534 0.024640175 -0.04952294 0.010834792 0.062203098 0.100578204 0.22447458 0.2551604 0.2671001 0.21723424 0.18591823 0.26220325 0.2245887 0.11271456 -0.14937559 -0.31652138 -0.13644193 -0.053348966 0.0132888155 -32767.0 0.16359337 -32767.0 -32767.0 0.21612053 0.60462666 0.49586412 0.5544263 0.6082495 0.53708166 0.35708338 0.45201916 0.42337805 0.30550438 0.1861062 0.07886448 -0.09580435 -0.29931888 -0.514433 -0.73592114 -0.9120319 -0.9956613 -1.1013312 -0.5978834 0.03177699 0.3790574
0.45025063 0.34433267 0.37720105 0.45205367 0.34312958 0.1987666 0.13054125 0.11750681 0.037591554 0.009203706 0.02783704 -0.030418534 -0.046126578 0.08461808 0.081638806 0.082788534 0.027711608 0.08549621 0.15295312 0.19672266 0.24182779 0.2635192 0.27300176 0.25069964 0.2840735 0.25694007 0.11371154 -0.15716757 -0.30576423 -0.13369942 -0.029000789 0.03724665 -0.004556697 0.028248783 -32767.0 0.1880158 0.7150318 0.5434817 0.7037047 0.6755238 0.5779775 0.4257228 0.4077059 0.43494958 0.43255916 0.29168412 0.22105591 0.13682169 0.0089435335 -0.19104943 -0.42884463 -0.6753743 -0.9687 -1.1976513 -1.2623472 -0.66018546 0.086243555 0.41415244
0.33609003 0.27592143 0.31687522 0.41070816 0.38203087 0.29396632 0.1473688 0.059241544 -0.016235799 -0.049273666 -0.08351136 -0.042200364 0.03995574 0.07535023 0.05752187 0.07486101 0.06291147 0.15961632 0.18368174 0.16138487 0.2044106 0.32201108 0.33533156 0.30696705 0.30942044 0.22771409 0.058338378 -0.19199848 -0.1521794 -0.030751389 0.019307012 0.13771574 -0.031888407 -32767.0 0.7489572 0.3616025 0.2831739 0.75888675 0.82910186 0.73183346 0.4612344 0.3768321 0.32234532 0.47073793 0.2881629 0.18826641 0.20824654 0.14215887 0.004336904 -0.038081616 -0.3721523 -0.69054425 -1.0082214 -1.3086567 -1.3532801 -0.6739481 0.08684538 0.4625568
0.33694342 0.54803 0.3404363 0.4085421 0.45914713 0.33479336 0.15490398 -0.0060559614 0.073622525 0.056723624 0.031573586 -0.027799545 -0.039453596 0.014390538 -0.0043477444 0.05092651 0.060460467 0.102366045 0.2145022 0.27541593 0.37347978 0.43386072 0.36121368 0.33876404 0.28860825 0.1418634 0.024713494 -0.21866724 -0.04871615 0.1715857 0.16361907 0.1922005 0.05225139 0.1457411 0.2531162 0.049256053 0.8127096 0.86063737 0.9242726 0.6351383 0.391713 0.31033465 0.3936771 0.39356622 0.0205552 0.41565734 0.35572174 0.15277089 0.07028854 -0.005700808 -0.29798436 -0.7447429 -1.0224911 -1.3429807 -1.3758392 -0.6569533 0.19051358 0.34652787
0.22457057 0.31339613 0.3576406 0.4529787 0.42587772 0.36908644 0.24780987 0.13832577 0.08081319 0.0984502 0.07020411 -0.029170197 -0.02283271 -0.0209078 -0.040305734 0.045686115 0.10607332 0.13209514 0.22580446 0.32644418 0.4368302 0.40666813 0.43859583 0.45025834 0.3772813 0.1989438 -0.06796318 -0.2160571 -0.05731973 0.262729 0.24085322 -32767.0 0.11392768 -0.37488356 -32767.0 0.58820605 0.76162267 0.91379064 0.8047257 0.5877215 0.44918063 0.22393458 0.41710496 0.331492 0.031875286 0.5109117 0.41654536 0.35939682 0.13800089 -0.023032168 -0.22850148 -0.7560729 -1.075906 -1.3738204 -1.3705128 -0.6500345 0.18660624 0.65964824
-32767.0 0.6109391 0.3646355 0.49817666 0.4515564 0.39840445 0.3638149 0.35427946 0.24639829 0.1433389 0.21011637 0.1359749 0.090150975 0.11247991 0.12211836 0.11923152 0.1469932 0.2723503 0.35798106 0.39755383 0.44185296 0.55419105 0.6764698 0.6290477 0.42461503 0.18354139 -0.08775255 -0.25560257 -0.2952961 0.13386536 0.3190703 0.16411678 -32767.0 -0.38385144 0.37346137 0.63924825 0.7581928 0.8707431 0.7079706 0.64859766 0.41758654 0.18120717 0.2947387 0.35658628 0.094343744 0.46214426 0.51473635 0.3117054 0.0072663235 -0.026181456 -0.1848674 -0.71394855 -1.0635358 -1.3474666 -1.3362322 -0.7339192 0.2032043 0.83914876
0.36636886 0.3874037 0.45504585 0.39420846 0.36714166 0.30339256 0.2591886 0.295493 0.37864858 0.27584282 0.19785091 0.16783807 0.27291712 0.24403493 0.24611892 0.26784235 0.27154088 0.40633002 0.4757227 0.4883712 0.65403104 0.8377575 0.86137205 0.62594867 0.34475332 0.064032674 -0.20460197 -0.37203875 -0.35628453 -0.13635992 -0.0006785851 -0.095684506 0.0434592 0.19777404 0.5125597 0.65205526 0.7966486 0.7457806 0.561726 0.45919305 0.3627445 0.22265828 0.15724234 0.3050615 0.12324801 0.3918909 0.41157812 0.26422378 -0.020056093 -0.110711224 -0.19153166 -0.50826573 -0.9458576 -1.1468275 -1.1429663 -0.69448274 0.2910901 0.9027675
0.292833 0.5221989 0.41567463 0.4334882 0.32305297 0.2310269 0.16288105 0.17563598 0.08793379 0.1112688 0.08804081 0.11487133 0.2600928 0.35330293 0.35578528 0.2964939 0.28049853 0.3529712 0.466611 0.6583464 0.70692956 0.98422736 0.80429757 0.54808146 0.2805536 0.06499555 -0.19467975 -0.42271483 -0.44642654 -0.13736576 -0.30727854 -0.038311135 0.23450248 0.50523484 0.4260866 0.8166964 0.8541703 0.44552878 0.33756995 0.15257163 0.20153965 0.21510209 0.2220312 0.19549116 0.16393171 0.26593798 0.20863564 0.27086383 0.012178956 -0.18071818 -0.1766259 -0.301248 -0.70101345 -0.8498773 -0.80290055 -0.52052456 0.15876402 0.74874276
0.43242234 0.41209745 0.36547676 0.3728342 0.3312778 0.36180654 0.2940726 0.22869365 0.08750139 0.13898933 0.15469022 0.18599553 0.2121718 0.2988138 0.25175497 0.18275237 0.16629301 0.33014345 0.52938855 0.3972315 0.7825146 1.0457369 0.84018683 0.47066805 0.24407822 0.117765784 -0.10526709 -0.32601428 -0.51598376 -0.62798697 -0.049359724 0.005743116 0.03100631 0.5155047 0.5614841 0.68298584 0.57412684 0.27025998 0.25847745 0.22632658 0.23011483 0.25123364 0.3002911 0.25668344 0.14996019 0.00039447471 0.07911982 0.108181626 0.1977635 -0.032405026 -0.2417256 -0.21601747 -0.28324008 -0.45014814 -0.38589266 -0.21835864 0.20079465 0.5183217
0.3971889 0.49361637 0.418198 0.2844389 0.37883255 0.38335913 0.17613995 0.18257503 0.21162404 0.10576218 0.22087319 0.1844681 0.17995729 0.19872183 0.08137759 0.12357991 0.21321827 0.3800277 0.24536596 0.31326896 0.7437864 1.1175483 0.82857084 0.43212506 0.30021977 0.10630182 -0.18264264 -0.24168529 -0.6832297 -0.09210959 0.06872789 -0.07039985 0.100138396 0.44883883 0.43825442 0.39921704 0.2935057 0.2768628 0.3437846 0.31590936 0.25916484 0.28970733 0.2724647 0.14193575 0.055675477 -0.0302133 -0.12285886 0.21572816 0.1471914 0.05240269 0.01106398 -0.22815484 -0.24793626 -0.17192253 -0.10628664 0.030882519 0.2196825 0.32517707
0.56453574 0.4707147 0.33047706 0.4165688 0.23911974 0.37853572 0.30649233 0.34156278 0.15931675 0.08802752 0.16696145 0.13689442 0.09220538 0.085726716 -0.03203183 -0.00080773176 0.17554401 0.2413922 0.12369507 0.25563502 0.86674315 1.1187196 0.76795226 0.36496484 0.33192363 0.1509204 -0.11581091 -0.25065497 -0.14080523 -0.22167096 -0.07272038 0.057180896 0.17230114 0.22907467 0.25577134 0.22070436 0.19781576 0.3007765 0.4017131 0.35161963 0.2859847 0.23012073 0.17960986 0.14261262 -0.011300652 -0.09686323 -0.0024904364 0.08823449 0.16742131 0.12719016 0.034078125 -0.038988005 -0.010055563 -0.020934585 -0.035909545 8.155382e-05 -0.027495628 0.008746402
0.589779 0.51071894 0.3938442 0.16895598 0.4170948 0.21772484 0.18120104 0.3395366 0.2521917 0.24028629 0.17338152 0.08550994 0.0529659 0.009375165 0.008074462 -0.041767433 0.10168026 0.25245216 0.37728024 0.6403158 1.0330935 0.91885316 0.57710797 0.20945707 0.27856544 0.23970309 -0.030300876 -0.13553938 -0.048024174 -0.02848078 -0.030534651 0.037841067 0.14125188 0.24588111 0.29197416 0.35292587 0.37518755 0.36845732 0.2984869 0.20363194 0.115719855 0.04359547 0.02113484 0.06350998 0.07197971 -0.088216856 -0.1440182 -0.020015994 0.10910797 0.14174815 0.22412464 0.139441 0.03870973 0.0010897991 0.028621286 0.04391629 0.02605852 0.004315895
0.58565694 0.59521574 0.28785625 0.2896007 0.113048576 0.43216458 0.042191483 0.32578635 0.22851507 0.25069526 0.2836203 0.15646014 0.07942916 0.011176678 0.10596441 0.06732432 0.12790218 0.4208648 0.7247868 0.8851184 0.85833156 0.6006242 0.2949965 0.061998427 0.12983778 0.25432083 0.15955998 -0.074896276 -0.088047944 0.0016689799 -0.07983619 -0.024252214 0.41262665 0.37462476 0.39996248 0.42495412 0.35057265 0.2768643 0.21720122 0.16009821 0.08060211 -0.05762905 -0.13921443 -0.16036083 0.0061415317 -0.007172734 -0.19393535 -0.19337241 0.016801275 0.18737562 0.14875895 0.050535806 0.012237346 -0.0019127314 -0.040368505 -0.13644579 -0.11811216 0.15645531
0.73685044 0.59573036 0.3817053 0.181417 0.09043396 0.33660933 0.00096479635 0.25845426 0.19814348 0.25372207 0.30584857 0.21609078 0.009707446 -0.024444731 0.1882897 0.33820933 0.47401378 0.6610899 0.80205125 0.7393234 0.4974409 0.25888127 0.032907207 0.010266249 -0.0746783 0.26320627 0.14956094 -32767.0 -0.14835033 0.03889551 -0.03917395 0.3349597 0.4066831 0.4495391 0.47587836 0.39507228 0.3762713 0.30383185 0.18210599 0.124625795 0.047580626 -0.01981702 -0.18001503 -0.25641558 -0.12725776 -0.0007757364 -0.22122188 -0.28495443 -0.046344705 -0.0015636759 -0.014222571 -0.0073301354 -0.060765617 -0.12080051 -0.21524292 -0.05398124 0.09909762 0.06258244
0.71716094 0.4876734 0.32808387 0.19292149 0.25138104 0.14930223 -0.005541628 0.18042806 0.20790696 0.2854165 0.34287164 0.20279805 0.0072203716 0.064794 0.2178953 0.39736128 0.69352746 0.8782925 0.7688495 0.48645976 0.21777584 0.042818636 0.04898843 -0.069984615 -0.14493501 0.03293253 0.2739332 0.026471917 -0.1407447 0.3349845 0.30530986 0.33863604 0.45518023 0.45820993 0.46917 0.4489614 0.36778554 0.22373553 0.17600499 0.15557815 -0.0017406107 -0.14866742 -0.21261746 -0.36612448 -0.17552936 -0.12530743 -0.3862309 -0.32578135 -0.19158858 -0.07816883 -0.09924838 -0.01195701 0.034052227 0.062418323 0.09328127 0.12145512 0.1959785 0.033170186
0.59786737 0.3105992 0.34110373 0.21116398 0.22402196 0.07109994 0.0770452 0.08897044 0.23396388 0.23235972 0.26607335 0.1266166 0.11816339 0.22031932 0.27048093 0.60223025 1.1353191 0.9100977 0.4756788 0.16244757 -0.0064261006 0.09071649 -0.028035695 -0.101067744 -0.2095912 0.0037907495 -32767.0 0.093225025 0.31395373 0.21961413 0.31834388 0.37951714 0.41987672 0.47559735 0.45448023 0.37877983 0.28751567 0.36190042 0.28186476 0.17743023 -0.15192835 -0.24039455 -0.30109012 -0.4098415 -0.17360164 -0.34397677 -0.49375477 -0.42810774 -0.261506 -0.08567135 0.07578739 0.08571216 0.015355149 -0.05317212 -0.07679723 -0.045072533 -0.13549331 -0.08106856
0.46744713 0.18343183 0.40195948 0.20212619 0.054640908 0.02400602 0.07083321 0.14107203 0.07908213 0.14074838 0.16726866 0.07343888 0.1875733 0.5217525 0.41738203 1.0963898 1.0833942 0.6774832 0.22535397 -0.02176165 0.041052263 -0.015019421 -0.035218768 -0.14332847 -0.24034886 0.021883845 -0.08317699 0.2760889 0.15698913 0.2314862 0.33739036 0.3710285 0.39593974 0.42943135 0.3985834 0.36713287 0.4726605 0.33694157 0.111096576 -0.13045381 -0.21995442 -0.30399126 -0.43985078 -0.40051886 -0.41576454 -0.6157839 -0.55065036 -0.2047719 -0.11740891 -0.03740122 0.020670919 0.0517596 0.035017908 -0.0076735094 -0.10292771 -0.17946118 -0.35593373 -0.06312103
0.3913102 0.33726203 0.22640711 0.0011576741 0.013807909 0.047565173 0.031343244 0.036603518 0.06747275 0.08933647 0.1207314 0.06298127 0.3034282 0.6250612 0.87771004 1.0113213 0.8103024 0.41874644 0.081439644 0.06303389 -0.05721075 -0.016493414 -0.026017476 -0.20622838 0.02889311 0.074188605 0.17974342 0.12476789 0.10385515 0.2981689 0.3501672 0.31129098 0.35774654 0.41851902 0.32714954 0.39126065 0.36760667 0.22047481 0.048988003 -0.095383525 -0.2793753 -0.41045958 -0.46559617 -0.462309 -0.6839901 -0.66585094 -0.13629287 -0.13573955 -0.13307598 -0.006384844 0.2269202 0.26727167 0.16546747 -0.02119267 -0.23204438 -0.22851975 -0.21651016 -0.038185984
