static/data/seaWater_vo/2023/7/13/6.asc
ncols 137
nrows 93
xllcorner 108.0
yllcorner 17.0
cellsize 0.25
NODATA_value -32767
[rows 26 to 51 of 93, columns 58 to 115 of 137]
0.021631727 -0.034410242 0.12819754 0.025584478 -0.0761251 -0.13009447 -0.021890696 0.07950366 0.1631936 0.24517283 0.23321621 0.14712292 0.08958754 0.14693522 0.20559122 0.2270186 -32767.0 -32767.0 -0.16877367 0.10969275 0.094172396 -0.057131253 -0.09577257 -0.062736 -0.108489 -0.1042932 -0.021907339 -0.052922998 -0.03368931 -0.02629038 0.02041341 -32767.0 -32767.0 -32767.0 -32767.0 -32767.0 -32767.0 -0.115391344 0.039593667 0.26783717 -32767.0 -32767.0 -32767.0 -32767.0 -32767.0 -0.11398583 -32767.0 -0.17941761 -0.008035889 0.0639653 -0.24215569 -0.56182295 -0.2523469 -32767.0 0.09782133 -0.1912116 -0.30231607 -0.08982045
0.10192827 -0.017601844 0.06803281 0.06978644 -0.033442803 -0.07329684 -0.014814414 -0.009612062 0.04017999 0.13230707 0.13088894 0.089515746 0.04890736 0.0920253 0.09366682 -32767.0 -32767.0 -0.06950284 -0.035333324 0.16629457 0.09556369 0.026516702 0.015953917 -0.12214831 -0.22564174 -0.20084731 -0.05939095 -0.14200342 -32767.0 -32767.0 -32767.0 -32767.0 -32767.0 -32767.0 -32767.0 -32767.0 -32767.0 -0.08537892 0.04449153 0.34149274 -32767.0 -32767.0 -32767.0 -0.09042413 0.18835907 0.0077135283 -0.07092368 0.088651195 0.19710815 0.099436544 -0.1508271 -0.5511666 -0.1274806 0.01345332 -0.24014093 -0.33499527 -0.22980066 -0.10056311
-0.059944995 0.08446972 0.042272154 0.004734766 -0.004951326 -0.032370526 -0.08443557 -0.10712757 -0.17458795 -0.15578556 -0.13435955 -0.11886726 -0.13149169 -0.13612865 -0.11027958 -0.10341817 -0.110422894 -0.113144085 -0.16108 -0.113287315 -0.029673945 0.0014422713 -0.06597306 -0.19962846 -0.23547278 -0.14319782 -32767.0 -0.22412702 0.055519287 -32767.0 -32767.0 0.009626261 -32767.0 -32767.0 -32767.0 -32767.0 -32767.0 -32767.0 -0.041770607 0.16255306 -32767.0 -32767.0 0.0056143734 0.28680772 0.12337139 -0.20072867 0.033526216 0.1195751 0.09289991 0.08857943 -0.08491858 -0.36486286 -0.009759308 -0.20690809 -0.25722995 -0.2550871 -0.19156541 -0.12320205
-0.066140585 -0.110681236 -0.060421374 -0.026269032 -0.11423993 -0.121346496 -0.11402623 -0.15563634 -0.2131652 -0.24420418 -0.2482896 -0.26883605 -0.25478414 -0.16764782 -0.110827856 -0.15787737 -0.13840087 -0.028396847 -0.1415701 -0.07311711 0.08286668 -0.010948766 -0.08303338 -0.21729073 -0.27421752 -32767.0 -0.054139752 -0.08317911 0.1632753 -0.019041957 0.08142863 -32767.0 0.068994656 -32767.0 -32767.0 -32767.0 -32767.0 -32767.0 0.019836437 0.16846119 -0.030131338 -0.19055405 0.037095275 0.31583878 0.053272657 -0.22752504 -0.026626425 -0.014682399 0.054608297 0.026409492 -0.1164044 -0.2445736 -0.12983115 -0.19850986 -0.18092863 -0.16930644 -0.14451355 -0.09914844
-0.030341517 -0.11505481 -0.11069401 0.015107593 -0.11128978 -0.11986962 -0.15745272 -0.25396878 -0.25489575 -0.21679579 -0.22888966 -0.22267297 -0.19022162 -0.066974856 -0.14002272 -0.17850146 -0.14228116 -0.06156861 0.09909386 0.16205686 0.18674678 0.14228384 -0.009693623 -0.10174914 -0.238759 -0.22511578 -0.017589362 -0.014975881 -0.108507805 0.07592746 -0.043828063 -0.026184628 0.0036743605 -32767.0 -32767.0 -32767.0 -32767.0 0.25824142 0.46939096 0.17182352 -0.10398 -0.14049473 -0.047203958 0.17565678 0.0019342178 -0.12702723 -0.07622507 0.0412162 0.08981294 0.013718061 -0.1527982 -0.28013808 -0.32149568 -0.2956475 -0.24621302 -0.07462953 -0.0535995 -0.043836772
-0.053083383 -0.09769433 -0.12979223 -0.07016148 -0.09314782 -0.0672587 -0.17412694 -0.1909238 -0.11355134 0.003588273 -0.101277016 -0.054825522 -0.0974949 -0.059121877 -0.1933372 -0.14596096 -0.029248858 0.18514556 0.33525398 0.28620267 0.2656998 0.2226671 0.1459971 0.07818668 -0.036526646 -0.08340139 -0.08577794 -0.093422964 -0.24623594 -0.080463976 -0.015861604 -0.027906014 -0.05554361 -32767.0 -32767.0 -32767.0 -32767.0 0.43748808 0.1587526 0.17706706 0.18513824 0.13728222 0.08202417 0.08385564 -0.004322898 -0.02725669 0.030847045 0.11973578 0.09846696 0.00034981454 -0.11600681 -0.26497886 -0.42648217 -0.5391073 -0.46436217 -0.15462475 -0.07558414 -0.065547325
-0.15382692 -0.14201596 -0.099194475 -0.09182644 -0.11267294 -0.117695644 -0.14012338 -0.17358437 -0.20414342 -0.15166686 -0.11114666 -0.08788788 0.030112805 0.017371569 0.05390157 0.05586671 0.1018625 0.2742566 0.38091028 0.3163665 0.30606493 0.25587273 0.25051916 0.18851456 0.072693296 -0.009524339 -0.11862847 -0.16948345 -0.14810406 -0.17605567 -0.058164034 -32767.0 -32767.0 -32767.0 -32767.0 -32767.0 0.23011017 0.19425745 -0.024710413 0.02004706 0.4326952 0.35692653 0.20150639 0.16814935 0.16697271 0.18004103 0.14549154 0.03574701 -0.06339459 -0.1503824 -0.24667628 -0.35158363 -0.52500874 -0.695445 -0.7418699 -0.39242557 -0.115367964 0.017110754
-0.23039503 -0.13557674 -0.07600404 -0.07579478 -0.023319554 -0.11623405 -0.09839399 -0.12407752 -0.17787696 -0.20770836 -0.21539614 -0.15641873 -0.058814947 0.050888848 0.16742724 0.20262751 0.17249887 0.18890606 0.28375444 0.32506242 0.31918472 0.36371973 0.34507424 0.14236772 0.02572839 0.010040413 -0.08067106 -0.31565204 -0.332103 -0.20901476 -0.13954684 -32767.0 -32767.0 -32767.0 -32767.0 -32767.0 0.05538668 0.17178418 -0.016866475 0.5373554 0.7601977 0.42901894 0.2922055 0.28454998 0.25331917 0.19025369 0.08209092 -0.083386235 -0.19577378 -0.34921113 -0.4917848 -0.578574 -0.6883365 -0.90352297 -0.9196346 -0.62172085 -0.1604474 0.13114114
-0.028377173 -0.06810007 -0.0752857 -0.001515304 0.0039977804 -0.107118055 -0.07165338 -0.08591745 -0.17403126 -0.25896886 -0.22062002 -0.15948564 0.013444097 -0.008655458 0.07680586 0.16831854 0.18464015 0.19928308 0.23251621 0.30247843 0.31103233 0.35342422 0.31566334 0.115739524 0.15125549 0.08588743 -0.0024864087 -0.29797453 -0.47109625 -0.23436457 -0.1804614 -0.015522737 -32767.0 0.14735875 -32767.0 -32767.0 0.3358383 0.5558972 0.5029436 0.49008742 0.45336378 0.33511984 0.36312214 0.34523878 0.2277312 0.13236251 0.040803682 -0.08418243 -0.21623242 -0.39157262 -0.5879086 -0.79141617 -0.94165194 -1.091771 -1.0745801 -0.7701762 -0.18719918 0.20718078
0.078986146 -0.008374917 -0.020817583 -0.01942329 -0.059793342 -0.029300185 0.030334504 0.06662607 -0.049000215 -0.09940923 -0.09710461 -0.07238901 0.043015886 -0.009362563 -0.01859187 0.04468366 0.1342969 0.1751312 0.23431824 0.2736073 0.31862628 0.2880118 0.24300337 0.19673817 0.15957195 0.08069742 -0.01283194 -0.32361573 -0.4736842 -0.30923617 -0.22868954 -0.16660713 -0.07663041 0.017777322 -32767.0 0.23836291 0.64805853 0.49103427 0.52035415 0.46815255 0.3084682 0.23052372 0.26705626 0.22897463 0.15711164 0.05929254 -0.02933301 -0.13832234 -0.22397631 -0.4064416 -0.64412177 -0.8451025 -1.0853373 -1.2616338 -1.2073256 -0.8164506 -0.10452934 0.37284458
0.25051403 0.06559468 0.10227832 0.08500959 0.0104934685 0.006167753 -0.041688275 0.07174728 0.009291388 -0.04595706 -0.034767173 0.0021443414 0.009097151 -0.08911277 -0.041068614 0.03936771 0.092879616 0.16873783 0.17645274 0.23642036 0.2661635 0.2934614 0.27661508 0.22375984 0.15421844 -0.00042831304 -0.08543907 -0.36622968 -0.37964812 -0.24741493 -0.20619453 -0.07339374 -0.20032483 -32767.0 0.6169222 0.2459017 0.05496107 0.61530757 0.51958495 0.41227424 0.21395698 0.14832927 0.15072268 0.19073568 0.037344247 -0.018440427 -0.013736396 -0.05063466 -0.030278997 -0.1810433 -0.6483325 -0.9502941 -1.1456232 -1.338473 -1.286403 -0.8163179 -0.06697927 0.42328838
0.20304677 0.4715838 0.21969467 0.20126843 0.012677997 -0.053444423 -0.08197513 0.0019357125 0.012690498 -0.009087172 -0.034500103 -0.04169022 -0.039072253 -0.0076794648 0.04096039 0.08835432 0.15762949 0.18644328 0.19174196 0.15770951 0.20040807 0.26211807 0.2373013 0.2327326 0.21450554 0.02677657 -0.19863053 -0.37501404 -0.25415382 -0.05478207 0.021988906 0.0026936312 -0.02274683 -0.025295043 0.12581111 -0.053751696 0.5987679 0.5130022 0.70015985 0.41845194 0.13375087 0.014211999 0.16519077 0.079670645 -0.13341852 0.12490382 0.014257504 -0.06041982 -0.1387346 -0.11075303 -0.46537504 -1.0016983 -1.3071215 -1.4105401 -1.3131328 -0.78452474 0.027162544 0.32940784
0.14068322 0.21524076 0.24240033 0.17441703 0.06009713 -0.07954421 -0.122146495 -0.076388866 -0.0071128346 -0.010745805 -0.03468926 -0.09422743 -0.042129964 0.0043199207 0.084430456 0.14663903 0.1399498 0.15643188 0.1510146 0.14904013 0.16793348 0.22528507 0.2774728 0.23775093 0.15091987 0.010127697 -0.24764344 -0.422985 -0.3495162 -0.029730648 0.09499926 -32767.0 0.09431183 -0.3498865 -32767.0 0.47213522 0.4225589 0.5041141 0.6949487 0.37669656 0.10572459 -0.041393816 0.20012403 0.033594605 -0.09395696 0.24717526 0.043815 -0.004169882 -0.20801213 -0.2442087 -0.45081395 -0.9325709 -1.3702105 -1.3730334 -1.3055499 -0.7492545 0.08079043 0.5627376
-32767.0 0.548622 0.3530402 0.21849616 -0.012731956 -0.12961128 -0.20862126 -0.32197022 -0.2471835 -0.13996397 -0.16667248 -0.12600435 -0.09185525 -0.037931155 0.051799618 0.18275785 0.20648812 0.12217401 0.07511003 0.093762085 0.17846133 0.39069283 0.3469933 0.3123592 0.1933701 -0.049234632 -0.2988861 -0.5012512 -0.5349546 -0.032704312 0.12673293 0.06642565 -32767.0 -0.2984792 0.23300225 0.3236375 0.3951048 0.643089 0.49413848 0.34923849 0.12402796 -0.07105887 0.13923731 0.044234265 -0.010070625 0.20578712 0.110851526 0.038314015 -0.22089373 -0.37863722 -0.5470891 -0.84975624 -1.2498945 -1.2332737 -1.26337 -0.7217734 0.10981987 0.7343169
0.41250426 0.3265996 0.3993551 0.17099176 0.0025429754 0.043325257 -0.055293202 -0.12834136 -0.31798255 -0.28270775 -0.14761707 -0.2490606 -0.12490187 -0.11269916 -0.02675095 0.04528518 0.0785957 0.0021519023 -0.12066781 -0.0072234417 0.32639328 0.45181 0.55299455 0.50381494 0.31305858 0.0023833525 -0.3320026 -0.6070992 -0.6480137 -0.26645476 -0.17632174 -0.19996597 -0.0526436 0.07053017 0.20940581 0.34164038 0.45654806 0.47168395 0.42901447 0.2855058 0.09572071 -0.068329245 0.013900527 0.007747068 -0.09362239 0.14745878 0.059323218 0.0793872 -0.09919326 -0.52339995 -0.516752 -0.7361782 -0.9600883 -0.9755951 -1.0365902 -0.61579597 0.17588422 0.784973
0.32000545 0.51529515 0.27377552 0.13926631 0.13905276 0.14500411 0.103159845 0.07589601 0.010187521 -0.09271309 -0.0771571 -0.028663754 -0.070563644 -0.09143417 -0.08214253 -0.014588706 -0.027837912 -0.15012978 -0.06431479 0.14169355 0.4512688 0.7131425 0.76346064 0.65188 0.38275188 0.16593905 -0.105710335 -0.42505905 -0.6671918 -0.3597131 -0.3549703 -0.1489633 0.10095265 0.24252026 0.35465434 0.608074 0.55079746 0.41849527 0.40625885 0.116674155 -0.006016718 -0.064425126 -0.07290208 -0.105549924 -0.1592151 0.061685726 -0.030112399 0.0600997 -0.032132614 -0.32909492 -0.5904637 -0.4838461 -0.8026604 -0.7867715 -0.7746182 -0.3592751 0.2621234 0.8212477
0.45947933 0.3192869 0.32437807 0.22520432 0.13092998 0.12911877 0.11795582 0.09725142 0.0058807903 -0.028960222 -0.07616211 -0.03529963 0.0039862106 0.026384218 0.046285953 -0.013671104 -0.14035589 -0.104842566 0.008758308 0.2519264 0.64348274 0.8303446 0.8555892 0.5790281 0.37770262 0.16870756 -0.01424237 -0.20594281 -0.4446669 -0.5833513 -0.17759445 -0.13429728 0.1418678 0.3539473 0.61178553 0.7146959 0.36874756 0.29263487 0.20479867 0.041752838 -0.043922994 -0.0656736 -0.09082217 -0.18651319 -0.25662482 -0.23714654 -0.0030426779 0.0025993707 0.015662123 -0.061484873 -0.32584468 -0.58425266 -0.46025896 -0.5395137 -0.4405109 -0.15092741 0.2166549 0.45334312
0.35336882 0.36052322 0.26179653 0.24666277 0.20503294 0.13722852 0.07814911 0.18860851 0.07807282 -0.017409358 0.058756944 0.0055443086 0.04266426 0.074856296 0.11720055 -0.0559618 -0.08276435 -0.018981032 0.13348195 0.353918 0.7309424 0.9011016 0.8933902 0.53935474 0.5128916 0.2828867 -0.01744466 -0.09448271 -0.34400898 -0.3336461 -0.009444773 -0.05015486 0.14049312 0.41546285 0.4200016 0.4344803 0.25281173 0.1493706 0.11189522 0.045496833 0.003109667 -0.0069219605 -0.011243284 -0.07168397 -0.26097804 -0.38901335 -0.23384474 0.1006532 0.03899973 -0.10178441 -0.06756937 -0.20278302 -0.3107346 -0.32648167 -0.25520158 -0.115237184 0.054405417 0.105885394
0.50255734 0.32374522 0.20682643 0.31347835 0.078696355 0.2243127 0.23982778 0.29334363 0.1271449 0.064353436 0.12950268 0.12741739 0.054732986 0.116044044 0.13737667 0.04872399 0.07010751 0.087544486 0.0399936 0.3332301 0.79988 0.94724494 0.867407 0.50037646 0.4420228 0.25007343 0.0021955622 -0.19175917 -0.023843233 0.0048987307 0.09806028 0.19185919 0.18873471 0.22425261 0.31993634 0.16618389 0.11091697 0.10234712 0.08446975 0.07122522 0.049661025 0.0044233254 -0.030911589 -0.027617047 -0.04492286 -0.22014767 -0.38370386 -0.19899507 -0.044892058 -0.081820086 -0.1414898 -0.12368358 -0.08155794 -0.098806635 -0.13895258 -0.13027695 -0.10306686 0.0088023525
0.44198874 0.34352186 0.20013417 0.28820983 0.20665067 -0.14872193 0.23122476 0.24666484 0.1403672 0.17209254 0.14932612 0.09073762 0.121096134 0.107313305 0.109401755 0.11286287 0.07350484 0.04661424 0.15013972 0.50525796 0.80362374 0.9193386 0.7340473 0.37583104 0.26749328 0.27691582 0.07403514 -0.004408351 0.00538971 0.039203797 0.011098953 0.04406541 0.19804236 0.16901502 0.11650485 0.08895305 0.095064126 0.1665696 0.24293062 0.22848545 0.15025905 0.060564872 -0.020991962 -0.080575034 -0.085107565 -0.055966467 -0.24569635 -0.3163813 -0.18585745 -0.13632697 -0.1914549 -0.18015115 -0.21862733 -0.17358334 -0.12328107 -0.15079904 -0.15598172 -0.16891749
0.47964212 0.27443516 0.2843015 0.033404432 0.29561827 0.15278108 -0.05403702 0.08345823 0.09276344 0.09736966 0.15748663 0.10544606 0.09292005 -0.020436507 0.15854976 0.16579652 0.1629791 0.25991118 0.50977445 0.6796329 0.84589756 0.80736244 0.49994093 0.25494778 0.10507888 0.11001705 0.17139362 0.03276481 -0.027269872 0.10748386 -0.05574549 -0.14547007 0.21204169 0.23529477 0.24672203 0.32897463 0.42134726 0.4174472 0.30504608 0.16232835 0.0676062 0.02570757 -0.070496805 -0.13367608 -0.14517926 -0.080151126 -0.07192166 -0.27015448 -0.2785082 -0.22895071 -0.015512923 -0.009249288 -0.05353556 -0.049325127 -0.118030414 -0.12687047 -0.29180408 -0.0058789724
0.56710273 0.44491315 0.14647155 0.1556681 -9.055494e-05 0.17953782 -0.171954 0.07375992 0.09437098 0.16429034 0.18912277 0.102145866 0.018612716 0.053551186 0.08113769 0.20296185 0.37625414 0.5624031 0.70746195 0.7752647 0.698664 0.50359875 0.2948263 0.19901183 -0.012155629 -0.056587696 0.24332522 -32767.0 -0.17446418 -0.072693065 -0.08866108 0.21649544 0.34384465 0.38535896 0.4953018 0.56640154 0.47430822 0.34379816 0.23569375 0.14407113 0.027198901 -0.08196839 -0.12785663 -0.2112621 -0.22315235 -0.104735605 -0.04913637 -0.2981888 -0.3405256 -0.110438965 0.0021024614 0.009272376 0.010450531 -0.050682824 -0.1950895 -0.36776793 -0.055904355 0.12022691
0.56379014 0.3583824 0.2024452 0.12751023 0.16758268 0.037048683 -0.18079367 -0.036096275 0.12873586 0.12758434 0.23160633 0.1821016 0.09218781 0.19301374 0.33189687 0.42148343 0.62413836 0.7911034 0.81996024 0.68224597 0.43903953 0.2636544 0.2734242 0.16052495 -0.07131594 -0.18928725 0.30496305 0.09241603 -0.21802284 0.06503145 0.28229296 0.29983845 0.45260158 0.56438535 0.61020863 0.47163838 0.3623591 0.37236208 0.28441662 0.10646132 -0.003629836 -0.11733672 -0.16297229 -0.26212683 -0.27272016 0.012346181 -0.18090013 -0.35544038 -0.30581063 -0.15931666 -0.060367726 -0.031634588 -0.031782247 -0.09443646 -0.1630424 -0.094992794 0.013945724 0.10814532
0.4424326 0.17063966 0.19826409 0.14468484 0.12066916 -0.07612657 -0.139402 0.029587042 0.156459 0.11580456 0.20413823 0.19349289 0.23689829 0.23358032 0.3567513 0.5873503 0.9842084 0.901074 0.6258603 0.3883829 0.24436702 0.34934092 0.20086826 0.049120884 -0.14203206 -0.03152688 -32767.0 -0.13310678 0.21053152 0.26103702 0.26001206 0.47193098 0.516813 0.5973147 0.50052536 0.45020324 0.5214058 0.39939097 0.10420754 -0.009206108 -0.011988285 -0.10596448 -0.2378667 -0.29805595 -0.16607775 -0.16348954 -0.37880504 -0.40228546 -0.2469267 -0.19004716 -0.09918052 0.12269743 0.25574583 0.33627635 0.24347979 0.113439135 0.08128859 -0.046272755
0.31454518 0.014036626 0.24635626 0.10702269 0.034022443 0.057961177 0.12052046 0.16038372 0.07572127 0.15110552 0.18727103 0.15740548 0.07385385 0.28952232 0.20123221 0.9316077 1.1459684 0.7596553 0.37211514 0.14739674 0.28254086 0.20337325 0.07813698 -0.0052144905 -0.19274794 0.07305832 -0.17020002 0.2130222 0.2210306 0.25054735 0.46881714 0.48299724 0.5092171 0.566888 0.4819333 0.48906282 0.5648228 0.39062902 0.16265438 0.09629875 -0.03971433 -0.17017159 -0.27739725 -0.21232036 -0.1626474 -0.43914232 -0.6129127 -0.42735738 -0.06514554 0.07207949 0.17862734 0.33718386 0.36050808 0.317112 0.28022414 0.17575507 -0.031794578 -0.16174574
0.3151398 0.3198355 0.21935995 0.002222631 0.05496235 0.12580425 0.11875099 0.04512072 0.10151904 0.10304015 0.17597824 0.031731997 -0.064055495 0.18003695 0.43479618 1.1301478 0.9771023 0.5040147 0.1766513 0.25893122 0.17612009 0.08111546 -0.023321357 -0.08708419 0.013363478 -0.23590466 0.16885266 0.24792069 0.16314492 0.4138851 0.5536358 0.43685243 0.55991787 0.5048011 0.52133596 0.47997674 0.5138643 0.4200575 0.20345674 0.089247555 -0.053246297 -0.2146273 -0.19942087 -0.15679201 -0.44674394 -0.71148103 -0.5165859 -0.044566583 0.12834065 0.13911052 0.33888474 0.49991697 0.34910586 0.13932346 0.15792446 0.064045876 -0.24457319 -0.11105569
