static/data/seaWind_vo/2023/7/13/0.asc
ncols 137
nrows 93
xllcorner 108.0
yllcorner 17.0
cellsize 0.25
NODATA_value -32767
[rows 57 to 75 of 93, columns 88 to 131 of 137]
3.995743201831222 3.8444996833321037 3.63186908967746 3.4832945744459733 3.40589347968466 3.3560720853555384 3.342727069017381 3.3471754077967666 3.354292749843784 3.3151473685851887 3.31781637185282 3.2955746779558908 3.2822296616177336 3.3151473685851887 3.3952174666141337 3.528667629995709 3.6434347705038634 3.708380516682897 3.703042510147634 3.675462809715442 3.709270184438774 3.5482403206250064 3.3525134143320297 2.95661126296669 2.5251224013662634 2.13366858878031 1.8774442750876854 1.732428430879707 1.6728206912359367 1.6354546454890957 1.6888347108417259 1.727090424344444 1.6149922871039208 1.4495140845107677 1.2199798034944584 0.9628658220459569 0.7902702774057864 0.8658920366553455 1.1772757512123544 1.6541376683625164 2.0918542042540826 2.3720995473553907 2.3818858926700397 2.3071538011763573
3.709270184438774 3.5687026790101815 3.3952174666141337 3.2822296616177336 3.254649961185541 3.274222651814839 3.2671053097678215 3.231518599532735 3.231518599532735 3.237746273823875 3.211945908903437 3.1816972052036134 3.146110494968527 3.161234846818439 3.1585658435508073 3.1558968402831757 3.1861455439829993 3.1354344818980007 3.1131927880010717 3.0962891006394053 3.0758267422542307 2.7261873141945037 2.184379650865308 1.8053811868616347 1.647020326315499 1.5135701629339238 1.7626771345795307 2.076729852404171 2.0678331748453993 2.034915467877944 2.009115102957506 1.7947051737911088 1.5883022544276058 1.3338572762467358 1.0954263176716548 0.9068167534256952 0.9432931314166593 1.096315985427532 1.403251361205155 1.7092970692269007 2.0117841062251376 2.0687228426012765 2.057157161774873 2.0224601192956637
3.401445140905274 3.3445064045291355 3.259098299964927 3.1968215570535254 3.189704215006508 3.2092769056358055 3.220842586462209 3.207497570124051 3.179028201935982 3.1870352117388765 3.175469530912473 3.1763591986683504 3.1496691659920355 3.071378403474845 2.982411627887128 2.8569684743084474 2.696828278250557 2.6292135288038923 2.4619559906989847 2.369430544087759 2.209290348029869 1.8712166007965452 1.5073424886427835 1.6826070365505856 1.6479099940713762 2.0954128752775913 2.358754531017233 2.538467417704421 2.3943412412523197 2.3329541660967954 2.0891852009864516 1.858761252214265 1.6559170038742708 1.439727739196119 1.2475595039266505 1.164820402630074 1.1950691063298977 1.195958774085775 1.3543196346319109 1.5322531858073443 1.6461306585596218 1.7244214210768125 1.822284874223301 1.8338505550497042
3.1487794982361583 3.117641126780457 3.167462521109579 3.189704215006508 3.1923732182741396 3.199490560321157 3.2092769056358055 3.183476540715368 3.122089465559843 3.1194204622922115 3.1185307945363343 3.1194204622922115 3.1069651137099314 3.032233022216249 2.906789868637569 2.698607613762311 2.5313500756574037 2.3943412412523197 2.2279733709032894 2.0776195201600482 1.934383011463824 1.784029160720583 1.9957700866193488 2.1737036377947825 2.4877563556194224 2.8640858163554643 2.84985113226143 2.6834832619123996 2.509998049516352 2.2911397815705685 2.050039819727856 1.901465304496369 1.7671254733589166 1.6292269711979555 1.5286945147838356 1.4423967424637505 1.3427539538055075 1.3329676084908586 1.308056911326298 1.3320779407349814 1.435279400416733 1.5536052119483963 1.6532480006066392 1.8374092260732129
2.8898861812759025 3.052695380601424 3.189704215006508 3.2493119546502784 3.279560658350102 3.286678000397119 3.2386359415797523 3.202159563588788 3.1034064426864227 3.0873924230806336 3.073157738986599 2.977963289107742 2.9646182727695845 2.9050105331258145 2.8062574122234487 2.6398895418744184 2.5553711050660874 2.4183622706610035 2.463735326210739 2.345409514679076 2.3667615408201277 2.4753010070371424 2.732414988485644 2.8320577771438864 3.147000162724404 3.094509765127651 2.9263625592668663 2.6630209035272245 2.429927951487407 2.2110696835416235 2.0963025430334685 1.9690800539430338 1.9326036759520697 1.8649889265054052 1.768904808870671 1.7253110888326897 1.6256683001744467 1.5660605605306768 1.4842111269899774 1.4584107620695392 1.4593004298254164 1.578515909112957 1.694172717376989 1.8890099559140885
2.891665516787657 3.1016271071746684 3.3614100918908014 3.4592735450372896 3.4832945744459733 3.4290248413374664 3.3783137792524673 3.2662156420119444 3.147889830480281 3.1060754459540543 2.973514950328356 2.8694238228907274 2.7315253207297667 2.664800239038979 2.5971854895923143 2.5669367858924903 2.5197843948310004 2.623875522268629 2.6825935941565224 2.7742293730118703 2.8943345200552884 3.0437987030426523 3.142551823945018 3.21105624114756 3.146110494968527 3.004653321784057 2.822271431829238 2.6541242259684528 2.4459419710931956 2.3614235342848646 2.251104732556096 2.1799313120859223 2.1630276247242564 2.0971922107893457 2.056267494018996 2.019791116028032 2.024239454807418 1.9664110506754022 1.8836719493788256 1.8249538774909326 1.7991535125704945 1.7511114537531276 1.8614302554818964 1.922817330637421
3.0019843185164254 3.2822296616177336 3.5642543402307956 3.687028490541845 3.6443244382597406 3.5749303533013217 3.4468181964550095 3.3080300265381712 3.137213817409755 3.0215570091457233 2.872092826158359 2.727076981950381 2.571385124671876 2.462845658454862 2.3970102445199513 2.433486622510915 2.526901736878018 2.6496758871890673 2.759994688917836 2.872982493914236 2.9850806311547595 3.0749370744983535 3.1247584688274745 3.1149721235128256 3.042019367530898 2.9379282400932696 2.7946917313970454 2.7039456202975742 2.6736969165977507 2.6025234961275774 2.5518124340425787 2.477970010304774 2.433486622510915 2.364092537552496 2.3338438338526726 2.3374025048761813 2.348078517946707 2.3649822053083733 2.3293954950732867 2.251994400311973 2.1221029079539067 2.0464811487043475 1.9477280278019817 1.93883135024321
3.222621921973963 3.5090949393664115 3.5838270308600935 3.517991616925183 3.417459160511063 3.297354013467645 3.1541175047714214 3.0544747161131784 2.921024552731603 2.818712760805729 2.7564360178943272 2.6265445255362607 2.5366880821926667 2.44772130660495 2.4192519384168807 2.463735326210739 2.5669367858924903 2.6736969165977507 2.7680016987207305 2.834726780411518 2.908569204149323 2.9797426246194965 2.992197973201777 2.973514950328356 2.9130175429287086 2.8373957836791495 2.807147079979326 2.788464057105905 2.80269874119994 2.829388773876255 2.813374754270466 2.7582153534060816 2.6719175810859963 2.5500330985308244 2.4993220364458257 2.523343065854509 2.566047118136613 2.6051924993952085 2.5553711050660874 2.4610663229431076 2.325836824049778 2.1630276247242564 1.9984390898869802 1.8267332130026868
3.019777673633969 2.957500930722567 2.8062574122234487 2.618537515733366 2.468183664990125 2.399679247787583 2.38811356696118 2.4023482510552143 2.4459419710931956 2.5260120691221406 2.6140891769539802 2.6736969165977507 2.7057249558093286 2.7057249558093286 2.6790349231330137 2.712842297856346 2.8276094383645005 2.9228038882433576 2.9788529568636193 3.0064326572958113 3.0064326572958113 2.9939773087135313 2.9459352498961637 2.891665516787657 2.8338371126556408 2.7795673795471334 2.7475393403355555 2.7573256856502044 2.8276094383645005 2.8943345200552884 2.9174658817080945 2.8854378424965166 2.7991400701764313 2.6736969165977507 2.6096408381745944 2.5838404732541567 2.5731644601836305 2.563378114868982 2.5411364209720526 2.477970010304774 2.3240574885380236 2.1212132401980295 1.9032446400081233 1.6950623851328661
2.3285058273174095 2.1390065953155726 1.986873409060577 1.9050239755198777 1.897016965716983 1.9165896563462808 2.019791116028032 2.118544236930398 2.2546634035796047 2.421031273928635 2.5936268185688056 2.786684721594151 2.9219142204874804 3.0829440843012477 3.1728005276448417 3.211945908903437 3.2760019873265933 3.3453960722850122 3.3658584306701873 3.355182417599661 3.259098299964927 3.138103485165632 3.024226012413355 2.8836585069847622 2.7760087085236247 2.6834832619123996 2.65501389372433 2.6941592749829253 2.7964710669087998 2.8836585069847622 2.925472891510989 2.8961138555670427 2.8151540897822205 2.721738975415118 2.647896551677313 2.5767231312071393 2.5251224013662634 2.472632003769511 2.431707286999161 2.3569751955054787 2.2333113774385525 2.0598261650425047 1.8676579297730367 1.6612550104095336
1.9886527445723314 1.9370520147314556 1.954845369848999 2.049150151971979 2.1060888883481175 2.2297527064150438 2.348078517946707 2.4868666878635453 2.59540615408056 2.692379939471171 2.7813467150588878 2.953052591943181 3.146110494968527 3.342727069017381 3.5259986267280774 3.601620385977637 3.646993441527372 3.665676464400793 3.66656613215667 3.5775993565689532 3.4592735450372896 3.301802352247031 3.1060754459540543 2.9450455821402866 2.792912395885291 2.6959386104946796 2.674586584353628 2.693269607227048 2.7724500375001164 2.8213817640733607 2.84985113226143 2.855189138796693 2.8489614645055528 2.8196024285616064 2.7537670146266957 2.6576828969919615 2.5260120691221406 2.442383300069687 2.3756582183788995 2.288470778302937 2.162137956968379 1.9788663992576825 1.779580821941197 1.6123232838362895
2.0891852009864516 2.378327221646531 2.5242327336103862 2.6496758871890673 2.7048352880534514 2.8089264154910802 2.816933425293975 2.8961138555670427 2.924583223755112 3.005542989539934 3.0971787683952825 3.2493119546502784 3.4477078642108867 3.608737728024654 3.7235048685328085 3.766208920814913 3.7528639044767553 3.756422575500264 3.680800816250705 3.587385701883602 3.496639590784131 3.353403082087907 3.1816972052036134 3.06337139367195 2.924583223755112 2.8525201355290615 2.8196024285616064 2.8231610995851146 2.839175119190904 2.8792101682053763 2.8792101682053763 2.891665516787657 2.929921230290375 2.946824917652041 2.887217178008271 2.7849053860823965 2.655903561480207 2.542915756483807 2.458397319675476 2.3080434689322344 2.0918542042540826 1.9032446400081233 1.6852760398182172 1.5117908274221694
2.5562607728219646 2.891665516787657 3.1247584688274745 3.26443630650019 3.300912684491154 3.2884573359088733 3.2386359415797523 3.2181735831945772 3.2288495962651034 3.2929056746882592 3.3738654404730815 3.50642593609878 3.661228125621407 3.7626502497914043 3.76087091427965 3.7235048685328085 3.665676464400793 3.6060687247570224 3.5544679949161466 3.4788462356665875 3.4094521507081685 3.321375042876329 3.243084280359138 3.2030492313446652 3.131875810874492 3.0829440843012477 3.061592058160196 3.051805712845547 3.0509160450896697 3.009101660563443 2.9895289699341454 2.9850806311547595 3.0064326572958113 3.0260053479251092 2.999315315248794 2.939707575605024 2.872092826158359 2.739532330532661 2.6096408381745944 2.4121345963698633 2.178151976574168 1.9165896563462808 1.6292269711979555 1.4076996999845408
2.9281418947786206 3.3284923849233463 3.5028672650752712 3.6274207508980743 3.6843594872742136 3.66656613215667 3.585606366371848 3.5357849720427263 3.541122978577989 3.485963577713605 3.547350652869129 3.641655434992109 3.7377395526268433 3.7857816114442104 3.7012631746358795 3.5980617149541283 3.4939705875164995 3.4423698576756236 3.417459160511063 3.37742411149659 3.3231543783880833 3.321375042876329 3.316037036341066 3.327602717167469 3.2946850102000136 3.2715536485472074 3.254649961185541 3.2386359415797523 3.184366208471245 3.130986143118615 3.0651507291837046 3.0286743511927408 3.0215570091457233 3.0224466769016005 3.033122689972126 3.0509160450896697 3.0082119928075657 2.8952241878111655 2.7564360178943272 2.549143430774947 2.2946984525940772 1.986873409060577 1.6888347108417259 1.4539624232901533
3.2884573359088733 3.5251089589722002 3.699483839124125 3.8489480221114896 3.925459449116926 3.9654944981313984 3.906776426243505 3.85517569640263 3.725284204044563 3.6630074611331613 3.704821845659388 3.7920092857353507 3.805354302073508 3.7377395526268433 3.6478831092832493 3.523329623460446 3.4094521507081685 3.3943277988582565 3.3996658053935196 3.375644775984836 3.3436167367732583 3.342727069017381 3.3089196942940484 3.325823381655715 3.3356097269703637 3.327602717167469 3.302692020002908 3.241304944847384 3.185255876227122 3.0918407618600194 3.0028739862723026 2.9610596017460757 2.946824917652041 2.9450455821402866 2.9788529568636193 2.9984256474929167 3.0073223250516885 2.921024552731603 2.7991400701764313 2.6416688773861727 2.3854445636935484 2.2075110125181148 1.9165896563462808 1.6861657075740943
3.3035816877587854 3.5171019491693056 3.6959251681006164 3.868520712740787 4.0482335994279754 4.161221404424375 4.124745026433411 3.9521494817932408 3.821368321679297 3.8614033706937696 3.947701143013855 4.069585625569027 3.9388044654550836 3.793788621247105 3.6425451027479863 3.5224399557045687 3.477066900154833 3.4895222487371136 3.51265361038992 3.47172889361957 3.426355838069835 3.3480650755526438 3.2982436812235223 3.2493119546502784 3.2448636158708926 3.236856606067998 3.207497570124051 3.1292068076068604 3.024226012413355 2.913907210684586 2.835616448167395 2.839175119190904 2.8320577771438864 2.881879171473008 2.9236935559992347 2.977073621351865 2.977963289107742 2.876541164937745 2.7528773468708185 2.623875522268629 2.5180050593192465 2.377437553890654 2.227083703147412 1.9993287576428573
3.237746273823875 3.375644775984836 3.5526886594043923 3.7386292203827205 3.9654944981313984 4.057130276986746 4.0526819382073604 3.88631406785833 3.8667413772290327 3.9565978205726267 4.136310707259815 4.28844389351481 4.102503332536482 3.8614033706937696 3.727063539556317 3.667455799912547 3.6550004513302667 3.671904138691933 3.6425451027479863 3.5544679949161466 3.4468181964550095 3.3471754077967666 3.259098299964927 3.1977112248094026 3.15144850150379 3.1114134524893173 3.0740474067424763 3.00376365402818 2.9050105331258145 2.822271431829238 2.7537670146266957 2.7626636921854675 2.8009194056881856 2.887217178008271 2.9957566442252856 3.067819732451336 3.084723419813002 2.968176943793093 2.824050767340992 2.692379939471171 2.6051924993952085 2.515336056051615 2.399679247787583 2.245766726020833
3.517991616925183 3.603399721489391 3.6478831092832493 3.704821845659388 3.751084568965001 3.693256164832985 3.7172771942416682 3.704821845659388 3.7982369600264905 4.006419214901748 4.267091867373758 4.511750500239979 4.328478942529283 4.024212570019292 3.821368321679297 3.745746562429738 3.7590915787678956 3.801795631049999 3.7751055983736843 3.7181668619975454 3.618524073339303 3.50642593609878 3.3881001245671163 3.263546638744313 3.179028201935982 3.1345448141421235 3.1025167749305456 3.066930064695459 3.0135499993428287 2.9414869111167783 2.8747618294259905 2.9041208653699373 2.9841909633988823 3.1131927880010717 3.242194612603261 3.336499394726241 3.375644775984836 3.275112319570716 3.06337139367195 2.861416813087833 2.7057249558093286 2.6016338283717 2.5171153915633693 2.3845548959376712
3.916562771558154 4.086489312930693 4.235953495918057 4.264422864106127 4.1033930002923595 3.906776426243505 3.8587343674261385 3.8444996833321037 3.9379147976992064 4.14698672033034 4.419225053628754 4.6274073085040115 4.476163790004893 4.195918446903585 3.947701143013855 3.805354302073508 3.7377395526268433 3.76087091427965 3.800905963294122 3.783112608176579 3.708380516682897 3.652331448062635 3.57226135003369 3.448597531966764 3.312478365317557 3.2484222868944013 3.2350772705562436 3.2288495962651034 3.220842586462209 3.184366208471245 3.1861455439829993 3.236856606067998 3.2991333489793995 3.396107134370011 3.50642593609878 3.5927237084188652 3.6283104186539514 3.614075734559917 3.456604541769658 3.2181735831945772 2.9690666115489703 2.7760087085236247 2.5722747924277534 2.3934515734964426
