static/data/seaWind_vo/2023/7/13/18.asc
ncols 137
nrows 93
xllcorner 108.0
yllcorner 17.0
cellsize 0.25
NODATA_value -32767
[rows 0 to 18 of 93, columns 44 to 87 of 137]
0.8071739647674525 0.571412009460003 0.31696703127913306 0.5349356314690392 0.33209138312904485 0.011810991013264438 -0.4855132845220722 -0.8155800219525018 -0.9481405175781998 -0.6492121516034715 -0.04156907433936574 0.5153629408397415 0.5509496510748282 0.1852962034093122 -0.21683362224716785 -0.4481472387752312 -0.6412051418005769 -0.4223468738547935 -0.14388086626523977 -0.20437827366488737 -0.382311824840321 -0.31291773988190164 0.4379618460784278 1.2057451194004236 1.7555597925325133 1.9423900212667187 1.5909712576952373 1.314284585617438 1.0785226303099886 1.154144389559548 1.1034333274745494 1.0464945910984107 0.5082455987927241 0.059853049830631555 -0.28000003291444653 -0.7799933117174151 -1.183902472885649 -1.3458220044552935 -1.3885260567373976 -0.986396231080918 -0.1919229250826069 1.1132196727891983 2.236870048462061 2.797360734664677
0.7600215737059626 0.3374293896643079 0.16839251604764582 -0.05847276170103166 -0.4748372714515465 -1.0682456646216174 -1.4196644281930988 -1.575356285471603 -1.5495559205511653 -1.109170381391967 -0.5985010895184728 -0.28266903618207806 -0.27555169413506064 -0.49529962983672116 -0.7719863019145206 -0.8600634097463602 -0.6438741450682084 0.24846261407659087 0.8080636325233297 0.788490941894032 0.6203437360332473 1.1728274124329685 2.0206807837839094 2.218187025588641 2.013563441736892 1.8320712195379498 1.9139206530786492 2.0002184253987347 1.78491882847646 1.2475595039266505 0.693296492015175 0.23155892671492495 -0.1776882409885725 -0.4161191995636533 -0.24886166145874578 -0.14743953728874848 -0.3413871080699713 0.00825231998975573 0.597212374380441 1.164820402630074 1.5607225539954137 2.0224601192956637 2.59540615408056 3.220842586462209
0.7048621728415783 0.18707553892106654 -0.5273276690482991 -1.103832374856704 -1.5682389434245856 -1.8689466449110683 -1.7532898366470362 -1.771972859520457 -1.7790902015674743 -1.6136119989743212 -1.16788845327986 -0.828925038290659 -0.694585207153207 -1.023762276827759 -1.0015205829308296 -0.5549073694804916 0.4424101848578137 1.4308310616373472 1.7680151411147937 1.1034333274745494 0.9183824342520985 1.6612550104095336 2.7955813991529226 3.0607023904043187 3.0082119928075657 2.877430832693622 2.765332695453099 2.348078517946707 1.7039590626916377 0.8134016390585928 0.2413452720295739 -0.4490369065311084 -1.1127290524154758 -1.5780252887392345 -0.9018777942725871 0.03405268491019342 0.9335067861020103 1.7617874668236535 2.3498578534584613 2.782236382814765 2.999315315248794 3.2244012574857175 3.6345380929450917 4.17545608851841
0.6826204789446491 0.05273570778361414 -1.0993840360773182 -1.6483090414535306 -1.9588030882546623 -1.803111230976158 -1.7070271133414239 -1.7239308007030902 -1.6892337582238803 -1.3244699783142417 -0.8983191232490784 -0.6625571679416287 -0.6812401908150494 -0.859173741990483 -0.5255483335365447 0.10077776660098126 1.2938222272322633 2.1443446018508356 2.34096117589969 1.4165963775433124 0.8534366880730653 1.4014720256934006 2.4414936323138097 3.556247330427901 3.8347133380174547 3.8747483870319273 3.326713049411592 2.6817039264006453 1.8027121835940032 0.884575059528766 -0.2070472769325189 -1.1073910458802128 -1.7265998039707218 -1.5780252887392345 -0.6776815197915407 0.4833349016281634 2.0847368622070657 3.11675145902458 3.6327587574333373 3.9743911756901698 4.339154955599809 4.641641992598046 4.977936404319616 5.383624900999604
0.33565005415255356 -0.5860457409361923 -1.5629009368893225 -1.9854931209309776 -1.91254036494905 -1.6314053540918647 -1.4846101743721318 -1.4187747604372216 -1.3511600109905566 -0.8458287256523254 -0.5584660405040003 -0.3582907954316372 -0.35740112767576004 -0.16879156342980073 0.1772891936064176 0.9166030987403442 1.944169356778473 2.6407792096302956 2.613199509198103 1.8516439101672475 1.2199798034944584 1.1639307348741967 1.9272656694168069 3.1932628860300167 4.084709977418939 4.201256453438848 4.26353319635025 4.080261638639553 3.1959318892976483 1.9859837413047 0.5785293515070205 -0.22928897082944788 -0.6767918520356635 -0.7773243084497836 -0.26131701004102625 0.7279935344943846 2.310712472199866 3.630979421921583 4.574916910907259 5.0508891603015424 5.132738593842243 5.214588027382942 5.51974406764881 5.822231104647047
-0.046907080874628804 -0.9054364652960958 -1.6340743573594962 -2.017521160142555 -1.9436787364047503 -1.6767784096415999 -1.4454647931135365 -1.377850043666872 -1.2844349292997692 -0.8831947713991664 -0.5424520208982111 -0.12430817563594232 0.06074271758650873 0.3454363994672023 0.884575059528766 1.6167716226156752 2.4076862575904774 2.6514552227008212 2.6096408381745944 2.3009261268852175 1.7724634798941796 1.7066280659592692 2.001108093154612 2.921024552731603 3.7190565297534226 4.249298512256215 4.670111360786115 4.830251556844006 4.804451191923567 3.7866712792000876 2.574943795695385 1.3756716607729627 0.8498780170495566 0.3036220149409754 0.19152387770045243 1.1843930932593716 2.226194035391535 3.3400580657497496 4.373851998079019 5.349817526276271 5.594476159142493 5.526861409695828 5.44145330513162 5.6861119379978415
-0.4401402289723366 -0.5771490633774206 -1.235503202726525 -1.6385226961388821 -1.9543547494752764 -1.7995525599526494 -1.5895909695656378 -1.3040076199290667 -1.1919094826885437 -0.8929811167138153 -0.5050859751513701 -0.08516279437734697 0.2698146402176431 0.6852894822122806 1.2262074777855985 1.752890789264882 2.352526856726093 2.6309928643156466 2.9272522270227435 2.7813467150588878 2.2902501138146913 2.128330582245047 2.405017254322846 2.8516304677731843 2.80269874119994 3.3347200592144866 4.106062003559991 5.165656300809697 5.140745603645136 5.504619715798899 4.80978919845883 3.6114067312922855 2.7252976464386265 2.1906073251564484 2.0055564319339974 1.5233565082485727 2.260891077870745 2.7359736595091526 3.911224765022891 4.890748964243652 5.922763561061167 5.917425554525904 5.832017449961697 5.7902030654354695
0.05184604002773696 -0.037120735559979856 -0.6696745099886461 -1.1518744336740712 -1.457920141695817 -1.6687713998387057 -1.5637906046451997 -1.311124961976084 -1.0726940034010033 -0.7977866668349582 -0.419677870587162 -0.028224058001208085 0.30629101820860694 0.7546835671706995 1.1621513993624424 1.6701516879683052 2.156799950433116 2.585619808765911 2.866754819623096 2.9450455821402866 2.631882532071524 2.3471888501908302 2.283132771767674 2.369430544087759 2.1763726410624136 2.3018157946410946 3.242194612603261 4.547337210475066 5.819562101379416 6.325783054473525 5.940556916178711 5.049999492545666 4.40143169851121 3.9646048303755212 3.62564141538632 2.9174658817080945 2.019791116028032 1.6132129515921667 2.522453398098632 4.245739841232706 5.953901932516868 6.957447161146314 6.862252711267457 6.721685205838865
0.25380062061185393 0.06252205309826309 -0.367187472990409 -0.6759021842797863 -0.9961825763955665 -1.236392870482402 -1.0958253650538095 -0.9579268628928483 -0.9285678269489019 -0.7239442430971534 -0.33871810480233977 -0.019327380442436315 0.32052570230264177 0.7795942643352602 1.1238956858597242 1.519797837225064 1.953955702093122 2.2964777881058316 2.5260120691221406 2.6630209035272245 2.5776127989630164 2.2395390517296927 2.0100047707133832 1.7760221509176883 1.6808277010388313 2.182600315353554 3.237746273823875 5.399638920605392 7.064207291851574 7.280396556529725 6.039310037081076 5.529530412963459 5.013523114554702 4.555344220277961 3.856065364158507 3.2777813228383477 2.1025302173246088 1.1203370148362155 1.0722949560188486 2.721738975415118 5.107827896677682 7.360466654558671 7.915619334226024 8.162057302604
-0.21950262551479938 -0.4312435514135653 -0.5584660405040003 -0.801345337858467 -0.7595309533322401 -0.4730579359397922 -0.3520631211404974 -0.2960140525202357 -0.4677199294045291 -0.3716358117697949 -0.2995727235437444 -0.05135541965401469 0.2778216500205377 0.5945433711128094 0.9228307730314842 1.1594823960948109 1.5598328862395365 1.7866981639882142 2.024239454807418 2.1701449667712738 2.3071538011763573 2.273346426453025 2.034915467877944 2.0838471944511885 2.209290348029869 3.195042221541771 5.395190581826007 7.9770064093815485 9.778583615032813 8.254582749215224 6.764389258120968 5.333803506670483 4.792885511097165 4.473494786737261 4.364955320520247 3.9601564915961354 3.047357374066161 2.6060821671510856 2.0954128752775913 1.9842044057929455 3.7297325428239487 6.661187798439217 8.492124040034428 9.0036829996638
-1.4027607408314324 -1.6545367157446709 -1.4659271514987116 -1.0451143029688108 -0.5922734152273326 -0.1367635242182228 0.07408773392466639 0.19419288096808396 0.25380062061185393 0.24401427529720543 0.18262720014168066 0.206648229550364 0.43262383954316475 0.5527289865865825 0.7253245312267531 0.8827957240170117 0.9459621346842906 1.1550340573154252 1.493997472304626 1.880113278355317 2.1265512467332925 2.59540615408056 2.9503835886755496 3.254649961185541 3.6736834742036875 5.007295440263562 6.947660815831664 8.765252041088718 10.240321180333064 9.391578141226246 7.962771725287514 6.203898571918353 4.706587738777079 4.609613953386468 4.645200663621555 4.347161965402703 3.316037036341066 3.0179983381222146 2.4975427009340714 2.1968349994475886 2.574943795695385 5.656752902053894 7.975227073869794 9.297273359103265
-1.0531213127717054 -1.0780320099362664 -0.7034818847119784 -0.2444133226793599 -0.0842731266214698 -0.14388086626523977 -0.09228013642436439 0.07230839841291203 0.35077440600246534 0.4299548362755332 0.4637622109988657 0.5420529735160564 0.7164278536679813 0.783152935358769 0.9601968187783254 1.1132196727891983 1.0954263176716548 1.2564561814854223 1.5954195964746232 2.094523207521714 2.713731965612223 3.337389062482118 3.7991266277823676 4.264422864106127 5.002847101484177 6.163863522903879 7.135380712321748 7.961882057531636 9.04460771643415 9.72965188845957 8.597104835227935 6.642504775565797 4.87295560912611 5.03932347947514 4.976157068807861 4.490398474098928 3.387210456811239 2.8596374775760784 2.4459419710931956 2.3338438338526726 2.7564360178943272 4.937901355305143 7.27594821775034 8.960978947381696
-0.14032219524173106 -0.05936242945690884 0.12479879600966459 0.36145041907299147 0.15415783195361143 -0.04245874209524292 -0.0842731266214698 -0.11185282705366184 -0.034451732292348325 0.11768145396264762 0.4005958003315868 0.6256817425685102 0.8623333656318368 1.3374159472702445 1.6710413557241823 2.044701813192593 2.194165996179957 2.377437553890654 2.594516486324683 2.992197973201777 3.534005636530972 3.7626502497914043 4.256415854303232 4.822244547041111 5.443232640643374 6.386280461873172 7.355128648023408 8.232341055318296 8.584649486645654 7.703878408327258 6.58467637143378 5.396969917337762 4.755519465350323 5.203022346556539 5.243947063326889 4.754629797594446 3.720835865265177 2.302705462396972 1.9806457347694368 2.1123165626392577 2.373878882867145 3.82047865392342 6.083793424874935 8.062414513945756
-0.2764413618909378 -0.12163917236831079 0.05273570778361414 0.14526115439483966 0.01447999428089597 0.057184046563000024 0.08209474372756054 0.05451504329536849 0.06163238534238591 0.3445467317113251 0.6870688177240347 1.1746067479447229 1.514459830689801 1.8676579297730367 2.264449748894253 2.6354412030950325 2.857858142064324 3.163014182330193 3.396996802125888 3.7297325428239487 4.195028779147708 4.343603294379195 4.707477406532956 5.255512744153291 5.6603115730774025 6.715457531547724 7.641601665415855 8.261700091262242 8.468992678381621 7.339114628417619 5.987709307240201 4.865838267079092 5.113165903212945 5.641628550203983 5.533089083986968 4.623848637480503 3.3800931147642217 2.34096117589969 2.6523448904566984 3.0304536867044947 2.759994688917836 3.0402400320191436 5.461915663516795 8.079318201307423
-0.5264380012924219 -0.40900185751663587 -0.2070472769325189 -0.10028714622725854 -0.09494913969199592 0.16305450951238276 0.20308955852685573 0.3151876957673787 0.44063084934605934 0.7173175214238585 1.0349289102720074 1.493107804548749 1.8694372652847908 2.1817106475976766 2.5927371508129284 3.0865027553247564 3.402334808661151 3.905886758487628 4.455701431619717 4.81957554377348 5.147862945692154 5.130069590574611 5.41921161123469 5.537537422766354 5.89073552184959 7.11580802169245 8.143374279730578 8.760803702309333 9.855984709794127 8.619346529124863 7.210112803815429 5.881838844290818 5.7501680164209965 6.159415184124494 5.213698359627065 4.159442068912621 2.7368633272650293 3.466390887084307 3.746636230185615 3.9646048303755212 3.4735082291313244 3.582047695348339 5.342700184229255 7.8666876076527785
-0.32804209173181365 -0.37697381830505794 -0.17857790874444968 -0.21683362224716785 -0.18836425405909818 0.09366042455396384 0.2715939757293975 0.385471448481675 0.7929392806734179 1.1843930932593716 1.5020044821075205 1.9103619820551407 2.354306192237847 2.765332695453099 3.341837401261504 3.8373823412850863 4.376521001346649 5.1665459685655755 5.717250309453542 5.951232929249237 6.163863522903879 5.9752539586579205 5.786644394411961 5.904970205943624 6.020627014207657 7.17541576133622 8.206540690397857 9.238555287215371 10.53302187201665 9.638905777360097 8.778597057426877 7.453881768925774 6.420087836596505 6.398735810455452 5.452129318202146 4.064247619033764 2.6692485778183648 3.6799111484948277 4.101613664780605 4.3124649229234935 3.8756380547878044 4.21015313099762 5.977033294169675 8.295507465985574
0.15415783195361143 0.03405268491019342 0.07497740168054357 0.03672168817782495 0.3783541064346576 0.7102001793768411 0.8872440627963976 1.090977978892269 1.5233565082485727 1.9628523796518935 2.3320644983409182 2.740421998288538 3.2902366714206277 3.7546432399885097 4.3329272813086686 4.864948599323215 5.461915663516795 6.241264617665194 6.5037166056489575 6.737699225444654 6.703002182965443 6.126497477157039 5.936998245155202 5.899632199408361 5.936998245155202 7.026841246104732 8.084656207842686 9.12022947568371 10.006338560537367 10.395123369855689 9.53125597889896 8.108677237251369 6.885384072920264 6.6852088278479 5.632731872645211 4.24129150245332 3.280450326105979 4.209263463241742 4.6318556472833965 4.5624615623249785 4.256415854303232 4.794664846608919 7.130042705786485 9.454744551893524
0.5358252992249164 0.4753278918252688 0.5536186543424597 1.3427539538055075 1.969969721698911 2.315160810979252 2.442383300069687 2.6576828969919615 2.866754819623096 3.242194612603261 3.6167447378275486 3.885424400102453 4.393424688708317 4.744843452279797 5.110496899945313 5.633621540401088 6.082903757119057 6.545530990175186 6.772396267923863 6.591793713480797 6.487702586043168 5.836465788741082 5.867604160196783 5.824010440158801 6.018847678695902 7.177195096847974 8.245686071656452 9.269693658671073 9.843529361211846 10.755438810985943 9.40225415429677 7.900494982376111 6.889832411699649 6.5989110555278145 5.546434100325126 4.673670031809624 4.095385990489465 5.0517788280574205 5.324017161355833 5.233271050256363 4.816016872749971 5.85603847937038 8.255472416971102 10.590850276148666
0.7075311761092098 0.8320846619320132 1.7235317533209353 2.7715603697442392 3.57226135003369 3.637207096212723 3.731511878335703 3.8667413772290327 4.042895592892712 4.383638343393667 4.622958969724625 4.845375908693917 5.129179922818734 5.259961082932678 5.624724862842316 5.945005254958097 6.196781229871336 6.493930260334309 6.356031758173348 6.082903757119057 5.839134792008714 5.783085723388452 5.920984225549413 6.425425843131768 6.8044243071354416 7.791955516159097 8.69941662715381 9.700292852515622 10.872874954761729 10.800811866535678 9.259017645600547 7.412067384399547 6.432543185178785 6.220802259280019 5.037544143963386 4.036667918601571 4.875624612393741 6.131835483692302 6.252830298491597 6.000164655822481 5.366721213637938 7.025061910592978 9.535704317678347 11.863964834808893
