static/data/seaWind_vo/2023/7/13/6.asc
ncols 137
nrows 93
xllcorner 108.0
yllcorner 17.0
cellsize 0.25
NODATA_value -32767
[rows 38 to 56 of 93, columns 44 to 87 of 137]
2.0153427772486463 1.9370520147314556 2.1550206149213618 2.557150440577842 2.9708459470607247 2.8276094383645005 2.782236382814765 2.6158685124657346 2.396120576764074 2.7751190407677475 4.867617602590847 6.921860450911227 8.60155317400732 9.752783250112374 10.283914900371045 10.433379083358409 10.440496425405426 10.410247721705602 10.385337024541041 10.40402004741446 10.367543669423497 10.28213556485929 10.170927095374644 10.075732645495787 9.823956670582549 9.517910962560803 9.21720326107432 8.955640940846433 8.74923802148293 8.603332509519074 8.48233769471978 8.34710819582645 8.154939960556982 7.837328571708833 7.6522776784863815 7.590000935574981 7.517937847348929 7.48324080486972 7.199436790744903 6.759940919341583 6.257278637270982 5.892514857361344 5.698567286580121 5.614938517527667
2.3009261268852175 2.3382921726320585 2.585619808765911 2.75554635013845 2.6505655549449445 2.326726491805655 2.2475460615325873 2.061605500554259 1.870326933040668 2.178151976574168 3.953039149549118 6.267954650341508 8.514365733931358 10.201175799074468 10.705617416656821 10.403130379658585 10.371992008202884 10.386226692296919 10.404909715170339 10.377330014738147 10.296370248953325 10.194948124783327 10.065946300181139 9.929827133531932 9.767907601962287 9.359550102014667 8.976103299231607 8.68340260754802 8.493903375546182 8.41294360976136 8.176291986698034 8.085545875598562 7.97611674162567 7.812417874544272 7.754589470412256 7.791955516159097 7.614021964983664 7.42363306522595 7.186981442162622 6.8284453365441244 6.444998533761066 6.054434388930988 5.69589828331249 5.396080249581884
2.2653394166501304 2.3445198469231987 2.3970102445199513 2.050929487483733 2.0963025430334685 2.0535984907513645 1.9432796890225958 1.7511114537531276 1.6719310234800595 2.0002184253987347 3.4583838772814124 5.5660067909544235 7.971668402846285 10.113988358998505 10.63088532516314 10.350639982061832 10.245659186868327 10.25366619667122 10.273238887300518 10.284804568126921 10.173596098642275 10.106871016951487 9.962744840499386 9.670044148815798 9.415599170634929 9.056173397260553 8.743900014947666 8.473441017161008 8.316859492126627 8.125580924613034 7.8035211969855 7.789286512891465 7.7679344867504145 7.81330754230015 7.727009769980064 7.630035984589453 7.414736387667178 7.186091774406746 6.943212477052279 6.660298130683339 6.36492843573212 5.99749565255485 5.612269514260036 5.322237825844079
1.960183376384262 2.082067858939434 2.1870486541329397 1.9753077282341738 2.256442739091359 2.0785091879159254 1.9237069983932982 1.8409678970967216 1.8747752718200539 2.2955881203499544 3.5055362683429028 5.718139977209419 8.345328860314696 10.446724099696565 10.263452541985869 10.055270287110613 10.029469922190174 10.11220902348675 10.115767694510259 10.164699421083505 9.944951485381843 9.811501322000268 9.57218069566931 9.304390701150282 9.073077084622218 8.807956093370823 8.500131049837323 8.287500456182679 8.130918931148297 7.870246278676287 7.545517547781122 7.509930837546035 7.560641899631033 7.599787280889629 7.537510537978227 7.3382249606617425 7.152284399683413 6.960116164413945 6.711898860524215 6.427205178643522 6.118490467354144 5.769740707050294 5.514406061113547 5.267968092735572
1.8774442750876854 1.7866981639882142 1.8925686269375972 2.0251291225632952 2.2822431040117968 2.0304671290985583 1.93883135024321 1.8560922489466334 2.268008419917762 2.7519876791149414 3.8667413772290327 5.917425554525904 8.550842111922321 10.072173974472278 9.872888397155792 9.75100391460062 9.895130091052723 9.979648527861054 9.937834143334825 9.90224743309974 9.663816474524658 9.351543092211772 9.112222465880814 8.886246855888013 8.669167923453985 8.440523310193553 8.23678939409768 8.024158800443038 8.006365445325494 7.84444591375585 7.549965886560507 7.4129570521554236 7.463668114240422 7.37648067416446 7.282175892041479 7.0731039694103455 6.881825401896755 6.687877831115532 6.485923250531414 6.255499301759228 5.886287183070204 5.486826360681356 5.2314917147446085 5.275085434782589
1.6728206912359367 1.53047385029559 1.1087713340098124 1.2564561814854223 1.6292269711979555 1.7306490953679528 1.6754896945035682 1.953955702093122 2.3854445636935484 2.9761839535959878 4.4770534577607695 6.511723615451853 8.267038097797505 9.70741019456264 9.530366311143084 9.66025780350115 9.799935641173866 9.782142286056322 9.743886572553603 9.462751561696418 9.249231300285897 8.93161991143775 8.671836926721616 8.443192313461184 8.294617798229696 8.13625693768356 7.943199034658216 7.820424884347167 7.811528206788395 7.806190200253132 7.574876583725068 7.425412400737704 7.271499878970953 7.170077754800957 7.016165233034206 6.820438326741231 6.6238217526923755 6.449446872540451 6.251050962979843 6.0802347538514265 5.573124133001441 5.165656300809697 5.082917199513121 5.151421616715663
1.2262074777855985 0.6870688177240347 0.26536630143825723 0.2991736761615895 0.7867116063822777 1.203076116132792 1.5678398960424311 1.8471955713878616 2.3569751955054787 3.0135499993428287 5.004626436995931 7.671850369115679 9.431613190240718 9.570401360157556 9.197630570445023 9.495669268663873 9.549049334016503 9.530366311143084 9.294604355835634 8.906709214273189 8.713651311247844 8.484117030231534 8.223444377759524 8.145153615242332 8.095332220913212 7.980565080405057 7.842666578244096 7.719892427933047 7.605125287424892 7.59355960659849 7.391605026014371 7.207443800547798 7.053531278781048 6.920970783155349 6.779513609970881 6.57844869714264 6.378273452070278 6.2047882396742295 6.024185685231165 5.834686453229327 5.267078424979695 4.751071126570937 4.666552689762606 5.100710554630664
0.7804839320911374 0.46198287548711137 0.5625153319012313 0.6256817425685102 0.6630477883153514 1.0705156205070943 1.5028941498633976 1.8667682620171595 2.474411339281265 3.4370318511403606 5.668318582880298 8.303514475788468 9.277700668473967 9.162933527965812 8.977882634743361 9.36488810854993 9.342646414653 9.031262700095992 8.694968288374422 8.315080156614872 8.19052667079207 7.994799764499092 7.939640363634707 7.910281327690761 8.011703451860757 7.914729666470146 7.7723828255297995 7.607794290692523 7.487689143649106 7.362245990070425 7.13449104456587 6.949440151343419 6.788410287529652 6.653180788636323 6.557096671001588 6.281299666679667 6.072227744048532 5.856928147126258 5.67721526043907 5.57668280402495 5.033095805184 4.483281132051911 4.614062292165854 5.189677330218381
0.49223157918693516 0.7849322708705233 1.0660672817277084 1.1950691063298977 1.397023686914015 2.0589364972866275 2.345409514679076 2.5687161214042447 3.2679949775236987 4.712815413068219 6.792858626309037 7.980565080405057 8.564187128260478 8.71454097900372 9.095318778519148 9.11044313036906 8.85599815218819 8.490344704522673 8.10244956296023 7.76615515123866 7.770603490018045 7.912060663202515 7.949426708949355 7.867577275408657 7.839997574976465 7.7323477765153275 7.533951866954718 7.344452634952882 7.194988451965518 7.055310614292802 6.796417297332546 6.630049426983517 6.470798898681503 6.31154837037949 6.211905581721247 5.986819639484324 5.783085723388452 5.538427090522231 5.3311345034028506 5.3658315458820605 4.8124582017264625 4.120296687654026 4.314244258435248 5.264409421712063
1.3907960126228747 0.9619761542900798 0.6176747327656158 0.6763928046535088 1.4023616934492777 2.082067858939434 2.6639105712831017 3.545571317357375 4.805340859679445 5.979702297437306 7.45477143668165 8.140705276462947 8.355115205629344 8.417391948540747 8.794611077032666 8.549952444166443 8.32486650192952 7.9512060444611095 7.512599840813667 7.35423898026753 7.544627880025244 7.7323477765153275 7.76615515123866 7.651388010730505 7.541069209001735 7.415626055423056 7.2279061589329725 7.020613571813593 6.837342014102896 6.7359198899329 6.522399628522379 6.361369764708611 6.21101591396537 6.053544721175111 5.896073528384853 5.616717853039422 5.387183572023113 5.135407597109873 4.944129029596283 5.052668495813297 4.804451191923567 4.2982302388294595 4.515309171263488 5.336472509938114
1.6621446781654108 1.2270971455414756 0.9308377828343788 1.054501600901305 1.7733531476500568 1.9352726792197013 2.9486042531637953 5.047330489278035 7.140718718857011 7.465447449752176 7.314203931253058 7.787507177379711 8.02060012941953 8.195864677327332 8.459206333066973 8.231451387562418 7.871135946432165 7.40495004235253 7.017054900790084 7.095345663307274 7.295520908379638 7.4325297427847214 7.473454459555072 7.424522732981828 7.4031707068407755 7.184312438894992 6.985916529334384 6.727023212374128 6.487702586043168 6.366707771243874 6.281299666679667 6.154077177589231 5.989488642751955 5.785754726656084 5.5651171231985455 5.307113473994168 5.110496899945313 4.940570358572774 4.800002853144182 4.743064116768043 5.041102814986894 4.912100990384705 5.07046185093084 5.463694999028549
1.4130377065198036 1.1630410671183196 1.2617941880206853 1.467307439628311 1.4779834526988371 2.136337592047941 3.824926992702806 5.634511208156965 7.280396556529725 7.55530389309577 7.481461469357965 7.686085053209714 7.836438903952956 7.955654383240496 8.02060012941953 7.800852193717869 7.333776621882356 7.155843070706922 7.076662640433854 7.088228321260257 7.140718718857011 7.2528168560975335 7.360466654558671 7.273279214482708 7.11580802169245 6.904956763549562 6.717236867059478 6.523289296278255 6.331121061008787 6.255499301759228 6.142511496762828 6.024185685231165 5.862266153661521 5.588248484851352 5.2813131090737295 5.043771818254526 4.842706905426286 4.7822094980266385 4.727939764918132 4.735946774721025 4.977046736563738 5.227043375965222 5.253733408641537 5.297327128679519
1.0722949560188486 1.0651776139718312 1.6505789973390077 1.971749057210665 1.807160522373389 2.3970102445199513 4.556233888033837 6.509944279940099 7.710995750374275 7.517048179593052 7.5268345249077 7.506372166522526 7.541958876757613 7.651388010730505 7.704768076083134 7.489468479160861 7.075772972677978 6.964564503193332 6.995702874649032 7.044634601222276 7.066876295119206 7.186091774406746 7.255485859365166 7.13449104456587 6.864921714535088 6.663856801706848 6.511723615451853 6.355142090417472 6.2394852821534394 6.131835483692302 5.977033294169675 5.806217085041259 5.622945527330562 5.352486529543903 5.027757798648737 4.802671856411813 4.664773354250852 4.607834617874714 4.724381093894623 4.8382585666469 4.982384743099001 5.140745603645136 5.211029356359433 5.098041551363033
0.6692754626064914 1.0456049233425335 1.6336753099773413 2.2537737358237275 2.4414936323138097 3.237746273823875 5.210139688603556 7.146056725392274 7.55530389309577 7.386267019479108 7.3782600096762145 7.155843070706922 7.192319448697885 7.256375527121042 7.305307253694286 7.173636425824466 6.870259721070351 6.835562678591142 6.86759071780272 6.924529454178858 7.051751943269293 7.139829051101133 7.040186262442891 6.910294770084825 6.651401453124569 6.451226208052205 6.297313686285455 6.1745395359744055 6.114042128574759 5.966357281099149 5.77774771685319 5.603372836701265 5.368500549149692 5.098041551363033 4.815127204994093 4.598048272560065 4.500184819413576 4.505522825948839 4.6176209631893625 4.711036077556464 4.818685876017602 4.9316736810140025 4.868507270346724 4.7519607943268145
0.8792370529935032 1.2564561814854223 1.2253178100297213 1.7048487304475148 3.0028739862723026 4.636303986062783 6.323114051205893 6.8044243071354416 7.214561142594816 7.1932091164537635 7.109580347401309 6.91474310886421 6.854245701464562 6.920081115399473 6.85780437248807 6.731471551153513 6.54731032568694 6.6852088278479 6.7341405544211455 6.897839421502544 7.025061910592978 6.950329819099297 6.775065271191494 6.63538743351878 6.429874181911153 6.2296989368387905 6.01617867542827 5.882728512046695 5.881838844290818 5.69589828331249 5.503730048043021 5.263519753956186 5.027757798648737 4.853382918496812 4.635414318306905 4.434349405478666 4.431680402211034 4.437018408746297 4.435239073234543 4.494846812878313 4.474384454493139 4.475274122249015 4.396093691975947 4.271540206153144
1.2840358819176145 1.4868801302576087 1.4237137195903298 2.28758111054706 4.24129150245332 6.1398424934951965 6.546420657931062 6.977909519531488 7.009937558743067 7.0481932722457845 6.831114339811755 6.703002182965443 6.574000358363254 6.4396605272258025 6.368487106755628 6.3097690348677355 6.15763584861274 6.386280461873172 6.612256071865973 6.771506600167985 6.786630952017898 6.682539824580269 6.47524723746089 6.315107041402999 6.126497477157039 5.934329241887571 5.716360641697665 5.514406061113547 5.509957722334162 5.3257964968675875 5.0962622158512785 4.854272586252689 4.687904715903659 4.544668207207435 4.433459737722789 4.313354590679371 4.310685587411739 4.221718811824022 4.225277482847531 4.165669743203761 4.047343931672097 3.9681635013990295 3.8872037356142073 3.7768849338854387
1.2858152174293689 1.53047385029559 3.018888005878092 4.6923530546830445 6.641615107809919 6.980578522799121 6.9538884901228055 6.85780437248807 6.847128359417544 6.720795538082987 6.435212188446416 6.251050962979843 5.944115587202219 5.816003430355908 5.803548081773627 5.751947351932751 5.794651404214855 6.070448408536778 6.32400371896177 6.467240227657994 6.480585243996153 6.337348735299928 6.087352095898444 5.93788791291108 5.7902030654354695 5.588248484851352 5.3507071940321485 5.149642281203908 5.01085411128707 4.878293615661372 4.660325015471466 4.4823914642960325 4.324030603749897 4.231505157138671 4.141648713795077 4.099834329268851 3.9423631364785923 3.8133613118764025 3.7430775591621064 3.671014470936056 3.6069583925128996 3.5589163336955325 3.4779565679107103 3.456604541769658
0.9005890791345552 1.732428430879707 3.7857816114442104 6.727023212374128 7.997468767766723 7.064207291851574 6.816879655717722 6.686988163359654 6.491261257066677 6.310658702623613 5.828458778938188 5.384514568755481 5.137186932621628 5.165656300809697 5.202132678800662 5.1665459685655755 5.360493539346797 5.672766921659683 5.86849382795266 5.977033294169675 6.01617867542827 5.967246948855026 5.732374661303454 5.482378021901969 5.324906829111711 5.103379557898296 4.860500260543829 4.673670031809624 4.4476944218168235 4.3427136266233175 4.21015313099762 4.061578615766132 3.958377156084381 3.9121144327787682 3.7822229404207017 3.6060687247570224 3.4121211539758 3.312478365317557 3.278670990594225 3.2608776354766813 3.1923732182741396 3.1639038500860703 3.1825868729594906 3.221732254218086
0.8605540301200825 1.7333180986355843 4.001970876122362 7.01527556527833 7.570428244945683 6.7483752385151785 6.47524723746089 6.166532526171512 5.782196055632575 5.366721213637938 4.4823914642960325 4.393424688708317 4.411218043825859 4.435239073234543 4.441466747525683 4.525095516578137 4.885410957708389 5.252843740885661 5.474371012099075 5.5508824391045115 5.557999781151529 5.521523403160565 5.257292079665046 4.916549329164091 4.751071126570937 4.559792559057346 4.3275892747734055 4.111400010095254 3.925459449116926 3.8703000482525414 3.800016295538245 3.7074908489270197 3.597172047198251 3.472618561375447 3.3436167367732583 3.1354344818980007 2.9646182727695845 2.872092826158359 2.850740800017307 2.86230648084371 2.8703134906466046 2.977963289107742 3.093620097371774 3.1914835505182624
