static/data/seaWind_vo/2023/7/2/0.asc
ncols 137
nrows 93
xllcorner 108.0
yllcorner 17.0
cellsize 0.25
NODATA_value -32767
[rows 19 to 37 of 93, columns 0 to 43 of 137]
-0.3627391342110231 0.18262720014168066 0.5251492861543903 0.6959654952828065 0.6488131042213166 0.9254997762991157 1.366774983214191 1.6229992969068154 1.3596576411671737 0.804504961499821 0.772476922288243 0.7795942643352602 0.4352928428107963 0.8605540301200825 1.042935920074902 0.8534366880730653 0.43173417178728757 0.11145377967150738 0.10611577313624432 0.16038550624475167 0.1657235127800143 0.09010175353045513 0.15059916093010273 0.39970613257570964 0.6639374560712286 0.736000544297279 0.7235451957149988 0.7902702774057864 1.016245887398587 1.38278900281998 1.6737103589918139 1.8925686269375972 2.029577461342681 2.2119593512975007 2.3018157946410946 2.2849121072794283 2.1861589863770625 1.8934582946934744 1.525135843760327 1.1692687414094598 0.9575278155106939 1.1594823960948109 1.2804772108941058 1.2626838557765625
-0.2586480067733947 0.274262978997029 0.4833349016281634 0.4860039048957949 0.3454363994672023 0.5571773253659684 0.9068167534256952 1.1194473470803383 0.9432931314166593 0.7858219386264005 0.8000566227204351 0.7653595802412256 0.4833349016281634 0.3231947055702733 0.03672168817782495 -0.4979686331043527 -1.2052544990267013 -1.263082903158717 -1.0700250001333718 -0.8636220807698689 -0.8155800219525018 -0.5789283988891749 -0.19014358957085253 0.35077440600246534 0.9112650922050811 0.9068167534256952 0.7804839320911374 0.7057518405974554 0.8062842970115753 0.9762108383841144 1.234214487588493 1.493997472304626 1.6959520528887433 1.9041343077640005 2.050929487483733 2.1149855659068892 2.1069785561039946 1.7012900594240061 1.297380898255772 0.9139340954727126 0.5945433711128094 0.46998988529000596 0.4050441391109727 0.35522274478185123
-0.1776882409885725 -0.26487568106453496 -0.3698564762580405 -0.6198531156595246 -0.5193206592454049 -0.2435236549234827 0.013590326525018792 0.21109656832974988 0.5091352665486013 0.5811983547746518 0.36234008682886865 -0.07003844252743496 -0.4152295318077761 -0.6340877997535594 -0.7043715524678555 -0.9508095208458314 -1.0691353323774946 -1.0308796188747764 -0.9374645045076737 -0.8680704195492543 -0.8093523476613615 -0.6509914871152258 -0.3369387692905854 0.15326816419773426 0.7618009092177169 1.090977978892269 1.2199798034944584 1.4139273742756808 1.4690867751400654 1.1674894058977054 0.9699831640929741 1.0500532621219194 1.2101934581798095 1.3641059799465596 1.4495140845107677 1.4521830877783992 1.461969433093048 1.2048554516445464 1.0046802065721838 0.7698079190206115 0.7902702774057864 0.8614436978759596 0.7795942643352602 0.6621581205594742
-0.45793358408988016 -0.7444066014823281 -0.8725187583286402 -0.9757202180103919 -0.918781481634253 -0.17501923772094097 0.2626972981706257 0.9441827991725362 1.330298605223227 1.0153562196427097 0.6096677229627212 0.2137655715973814 -0.7755449729380293 -0.8983191232490784 -0.9303471624606563 -0.7586412855763629 -0.6385361385329453 -0.6065080993213674 -0.6403154740446997 -0.6154047768801387 -0.6438741450682084 -0.5255483335365447 -0.30669006559076184 -0.1287565144153282 0.2991736761615895 1.1025436597186722 1.827622880758564 2.1149855659068892 1.8347402228055814 1.4957768078163804 1.260014852508931 1.0714052882629714 1.0242528972014815 1.1238956858597242 1.1310130279067416 1.1265646891273557 1.0625086107041997 1.0153562196427097 0.8641127011435912 0.8641127011435912 0.9219411052756072 0.9868868514546405 0.9023684146463093 0.772476922288243
-0.6670055067210146 -0.8582840742346058 -0.8992087910049555 -0.5727007245980347 -0.2630963455527806 0.39525779379632375 1.064287946215954 0.8036152937439438 0.46198287548711137 -0.03623106780410268 -0.3182557464171647 -0.314697075393656 -0.716826901050136 -0.6910265361296983 -0.5228793302689136 -0.4267952126341794 -0.3227040851965506 -0.3289317594876908 -0.42946421590181094 -0.5122033171983875 -0.5486796951893513 -0.44369889999584533 -0.41789853507540764 -0.12608751114769667 0.36945742887588584 1.345422957073139 2.019791116028032 2.1221029079539067 1.970859389454788 1.8552025811907562 1.7030693949357605 1.3507609636084021 1.1194473470803383 1.0456049233425335 1.0660672817277084 1.1399097054655132 1.0740742915306027 1.0064595420839382 0.915713430984467 0.9023684146463093 0.9521898089754308 0.9913351902340262 0.9139340954727126 0.8134016390585928
-0.4321332191694425 -0.43747122570470554 -0.15722588260339743 0.22444158466790753 0.714648518156227 0.7013035018180696 0.8934717370875378 -0.028224058001208085 -0.44992657428698557 -0.8529460676993428 -0.7283925818765393 -0.5575763727481231 -0.6038390960537359 -0.2364063128764653 -0.10918382378603031 -0.18302624752383512 -0.19014358957085253 -0.2150542867354135 -0.3582907954316372 -0.4828442812544407 -0.48462361676619503 -0.35295278889637416 -0.14743953728874848 0.4610932077312342 1.0874193078687604 1.5286945147838356 1.8507542424113703 1.870326933040668 1.753780457020759 1.7600081313118991 1.5536052119483963 1.3374159472702445 1.0198045584220956 1.1550340573154252 1.2253178100297213 1.2964912304998948 1.1852827610152488 1.0874193078687604 0.969093496337097 0.9441827991725362 0.9148237632285898 0.9237204407873614 0.884575059528766 0.8400916717349076
0.07764640494817465 0.0171489975485275 0.3596710835612371 0.5162526085956185 0.45931387221947984 0.44418952036956805 0.21643457486501294 -0.7292822496324165 -0.8947604522255697 -0.8858637746667979 -0.7604206210881173 -0.7088198912472414 -0.6287497932182964 -0.25419966799400884 -0.19992993488550148 -0.2782206974026922 -0.30580039783488466 -0.3422767758258485 -0.48729262003382656 -0.49885830086022986 -0.47839594247505524 -0.19459192835023842 0.6728341336300001 1.2822565464058602 1.8027121835940032 2.0117841062251376 1.9931010833517173 1.5936402609628688 1.47709378494296 1.297380898255772 1.1363510344420047 1.0224735616897271 1.0767432947982343 1.2137521292033182 1.281366878649983 1.3107259145939294 1.1897310997946347 1.1754964157006 1.053611933145428 1.1087713340098124 1.0865296401128832 1.0972056531834091 1.2039657838886693 1.1523650540477937
0.2867183275793095 0.20308955852685573 0.13458514132431354 -0.040679406583488564 -0.2479719937028686 -0.2559790035057632 -0.4339125546811968 -0.7684276308910118 -0.828925038290659 -0.8547254032110971 -0.8226973639995192 -0.8155800219525018 -0.7034818847119784 -0.6928058716414527 -0.6349774675094366 -0.6910265361296983 -0.6394258062888225 -0.664336503453383 -0.5762593956215434 -0.584266405424438 -0.21950262551479938 0.23956593651781954 1.2262074777855985 1.9210379951256666 2.4833080168400365 2.5615987793572277 2.1425652663390813 1.626557967930324 1.318732924396824 1.1105506695215668 1.0874193078687604 1.0553912686571822 1.0989849886951635 1.1336820311743732 1.1639307348741967 1.164820402630074 1.0918676466481463 1.0776329625541115 1.1496960507801621 1.3125052501056838 1.4014720256934006 1.8400782293408444 1.969969721698911 1.5500465409248876
0.46643121426649725 -0.0762661168185752 -0.3040210623231303 -0.24619265819111424 -0.11274249480953902 -0.07715578457445238 -0.08249379110971544 -0.46594059389277476 -0.7452962692382052 -0.7408479304588194 -0.6563294936504884 -0.7444066014823281 -0.6527708226269802 -0.7381789271911883 -0.7061508879796099 -0.8049040088819757 -0.9258988236812704 -0.8742980938403946 -0.6581088291622428 -0.11897016910067926 0.49312124694281234 0.9450724669284134 1.4094790354962952 2.094523207521714 2.5509227662867016 2.6416688773861727 2.1754829733065364 1.8569819167025106 1.584743583404097 1.3249605986879642 1.1621513993624424 1.0358185780278846 1.1301233601508645 1.1746067479447229 1.1292336923949873 1.0091285453515695 0.9397344603931506 0.8516573525613109 0.8908027338199063 1.18172408999174 1.499335478839889 1.991321747839963 2.1808209798417995 1.5776262413570799
0.3409880606878166 -0.19281259283848406 -0.8805257681315348 -1.0584593193069685 -0.7871106537644321 -0.569142053574526 -0.48462361676619503 -0.48373394901031785 -0.5041963073954929 -0.6056184315654902 -0.763979292111626 -1.0157552670248644 -1.0824803487156518 -0.8209180284877649 -0.6670055067210146 -0.726613246364785 -0.8396010513611851 -0.8075730121496072 -0.4935202943249668 0.1443714866389625 0.9824385126752546 1.5331428535632214 1.7751324831618112 2.155910282677239 2.50110137195758 2.399679247787583 1.9726387249665422 1.754670124776636 1.5189081694691868 1.1977381095975292 0.8267466553967502 0.7991669549645579 1.0073492098398154 1.2351041553443702 1.164820402630074 0.7760355933117515 0.6043297164274581 0.4824452338722862 0.4352928428107963 0.7226555279591216 0.8641127011435912 1.080301965821743 1.2751392043588428 1.4788731204547143
0.12746779927729612 -0.046907080874628804 -0.4356918901929512 -0.8547254032110971 -0.7844416504968006 -0.6661158389651374 -0.59939075727435 -0.5531280339687372 -0.3858704958638297 -0.22661996756181635 -0.2221716287824309 -0.48106494574268677 -0.7052612202237327 -0.8040143411260985 -0.986396231080918 -1.1803438018621404 -1.0424452997011793 -0.6910265361296983 -0.27555169413506064 0.2262209201796619 0.7315522055178931 0.995783529013412 1.1052126629863037 1.3044982403027894 1.5447085343896245 1.6763793622594454 1.6176612903715524 1.4610797653371708 1.1754964157006 0.7751459255558744 0.4041544713550955 0.2920563341145721 0.44774819139307676 0.7689182512647343 1.0829709690893745 1.085639972357006 1.0367082457837618 0.8276363231526274 0.534045963713162 0.4530861979283396 0.597212374380441 0.8810163885052573 1.2786978753823515 1.7929258382793545
-0.9232298204136389 -0.5887147442038239 -0.4899616233014581 -0.32715242397593647 0.05273570778361414 0.21287590384150423 0.10967444415975303 -0.1954815961061156 -0.5077549784190016 -0.6403154740446997 -0.6020597605419815 -0.4072225220048815 -0.41433986405189893 -0.9161124783666215 -1.3093456264643297 -1.3271389815818733 -0.2586480067733947 -0.029113725757085263 0.14704048990659402 0.34988473824658817 0.7858219386264005 1.000231867792798 0.714648518156227 0.6327990846155276 0.6657167915829827 1.0598396074365681 1.3534299668760337 1.271580533335334 0.9397344603931506 0.44329985261369087 0.0038039812103698445 -0.2737723586233063 -0.37964282157268947 -0.19281259283848406 0.14081281561545378 0.4539758656842168 0.6852894822122806 0.9023684146463093 0.8623333656318368 0.9931145257457805 1.1532547218036708 1.1746067479447229 1.0287012359808674 1.1203370148362155
-1.0193139380483731 -0.7310615851441709 -0.22306129653830808 0.3374293896643079 0.6167850650097386 0.47710722733702315 0.184406535653435 -0.2844483716938324 -0.8556150709669743 -0.9730512147427604 -0.85383573545522 -0.664336503453383 -0.6403154740446997 -1.0522316450158282 -1.352939346502311 -0.7052612202237327 0.9424034636607821 1.2822565464058602 0.8445400105142935 0.8214086488614871 0.9290584473226244 1.324070930932087 1.1292336923949873 0.9130444277168355 0.9272791118108701 1.1639307348741967 1.365885315458314 1.2270971455414756 0.7751459255558744 0.2520212851000996 -0.14032219524173106 -0.307579733346639 -0.509534313930756 -0.7186062365618904 -0.6002804250302272 -0.22395096429418526 0.22888992344729342 0.550059983318951 1.101653991962795 1.566950228286554 1.6452409908037446 1.292042891720509 1.0447152555866563 0.8854647272846432
-0.9454715143105683 -0.1429911985093626 0.6906274887475434 1.1612617316065652 1.1612617316065652 1.02158389393385 0.6523717752448253 0.24312460754132825 -0.2595376745292719 -0.39743617669023257 -0.2853380394497096 -0.3262627562200593 -0.3965465089343554 -0.6954748749090842 -0.7657586276233803 -0.14743953728874848 1.4975561433281346 2.2164076900768865 1.8534232456790019 1.254676845973668 1.0607292751924453 1.234214487588493 1.4157067097874352 1.2591251847530538 1.5509362086807648 1.896127297961106 2.129220250000924 1.9317140081961925 1.4744247816753284 0.6568201140242111 0.1559371674653658 -0.0353414000482255 -0.329821427243568 -0.5460106919217198 -0.4107811930283902 0.3338707186407992 0.8890233983081519 1.3961340191581377 1.870326933040668 1.3222915954203327 0.6336887523714048 0.40326480359921835 0.49579025021044365 0.4655415465106201
-0.574480060109789 0.22888992344729342 0.6701651303623686 1.0206942261779728 1.0874193078687604 1.1096610017656896 0.7662492479971028 0.7342212087855247 0.7929392806734179 0.6514821074889481 0.603440048671581 0.5411633057601792 0.4504171946607083 0.21198623608562706 0.14170248337133096 0.6336887523714048 2.044701813192593 2.6194271834892433 2.6906006039594166 2.0909645364982055 1.6087646128127808 1.514459830689801 1.5749572380894483 1.4842111269899774 1.7662358056030394 2.420141606172758 2.8489614645055528 2.712842297856346 2.442383300069687 1.669262020212428 1.1363510344420047 0.6221230715450017 0.31696703127913306 -0.029113725757085263 0.15682683522124297 1.127454356883233 2.24042871948557 2.750208343603187 2.7573256856502044 1.5037838176192748 0.44418952036956805 0.1924135454563296 0.28404932431167795 0.44063084934605934
-0.0842731266214698 -0.27466202637918347 -0.1839159152797123 -0.046907080874628804 0.16661318053589147 0.18974454218869807 0.16750284829176865 0.3605607513171143 0.6550407785124568 0.8819060562611345 0.8338639974437676 0.969093496337097 0.990445522478149 0.7333315410296475 0.9975628645251664 1.5028941498633976 2.7733397052559936 2.6309928643156466 2.7261873141945037 2.676365919865382 2.2902501138146913 2.118544236930398 1.7920361705234773 1.7012900594240061 1.906803311031632 2.5740541279395077 3.0260053479251092 3.173690195400719 2.902341529858183 2.5073290462487203 2.1372272598038182 1.5758469058453255 1.2155314647150726 0.8676713721670999 1.0020112033045523 1.9165896563462808 3.0704887357189676 3.547350652869129 3.581158027592462 2.2617807456266217 1.0660672817277084 0.8160706423262241 0.7342212087855247 0.8721197109464858
-0.0727074457950665 -0.3422767758258485 -0.5833767376685608 -0.9054364652960958 -0.6572191614063656 -0.5931630829832097 -0.5878250764479467 -0.2034886059090102 0.035832020421947774 0.2956150051380808 0.22266224915615318 0.47265888855763727 0.6061090519392125 0.6114470584744756 0.8908027338199063 1.7039590626916377 3.042909035286775 2.574943795695385 2.3854445636935484 2.330285162829164 2.363202869796619 2.2653394166501304 1.9192586596139123 2.0998612140569772 2.315160810979252 2.547364095263193 2.7315253207297667 2.891665516787657 2.496653033178194 2.1728139700389053 2.1212132401980295 2.1390065953155726 1.811608861152775 1.8569819167025106 1.9032446400081233 2.5349087466809124 3.1541175047714214 3.6336484251892145 3.448597531966764 2.6114201736863487 1.6932830496211118 1.4690867751400654 1.3472022925848934 1.3409746182937532
0.010921323257387261 0.06252205309826309 -0.008651367371910634 -0.4401402289723366 -0.4677199294045291 -0.4001051799578641 -0.17590890547681814 0.4148304844256214 0.3570020802936056 0.2626972981706257 0.1105641119156302 -0.17057089894155508 -0.18302624752383512 0.10344676986861279 0.6968551630386837 1.53047385029559 2.421920941684512 2.135447924292064 1.960183376384262 1.9059136432757549 1.965521382919525 1.8338505550497042 1.9735283927224194 2.2012833382269745 2.1959453316917115 2.182600315353554 2.203062673738729 1.9886527445723314 1.510011491910415 0.9299481150785016 0.9637554898018341 1.3489816280966478 1.7092970692269007 1.9592937086283848 1.981535402525314 2.3240574885380236 2.818712760805729 3.019777673633969 2.6825935941565224 2.145234269606713 1.854312913434879 1.6496893295831305 1.6114336160804124 1.6025369385216406
-0.35740112767576004 -0.09494913969199592 0.18262720014168066 0.4112718134021127 0.7635802447294713 0.9139340954727126 0.9868868514546405 0.9148237632285898 0.8854647272846432 0.8516573525613109 0.6594891172918427 0.13725414459194507 -0.5184309914895278 -0.38498082810795253 0.221772581400276 1.0242528972014815 1.7404354406826017 1.795594841546986 1.8356298905614585 1.753780457020759 1.615881954859798 1.6256683001744467 1.9005756367404918 1.8827822816229485 1.6390133165126044 1.2689115300677025 1.217310800226827 1.042935920074902 0.7351108765414018 0.22088291364439883 -0.10651482051839878 -0.00687203186015628 0.2991736761615895 0.507355931036847 0.7128691826444726 1.3507609636084021 2.0455914809484703 2.324947156293901 2.2119593512975007 1.7733531476500568 1.6906140463534802 1.779580821941197 1.8196158709556696 1.6906140463534802
