static/data/seaWind_vo/2023/7/2/12.asc
ncols 137
nrows 93
xllcorner 108.0
yllcorner 17.0
cellsize 0.25
NODATA_value -32767
[rows 57 to 75 of 93, columns 43 to 85 of 137]
2.0153427772486463 2.2075110125181148 2.982411627887128 4.861389928299706 7.299079579403147 7.61491163273954 7.702099072815503 7.699430069547871 7.32310060881183 6.293755015261946 4.5677995688602415 3.1710211921330873 4.440577079769806 6.138952825739319 7.373811670896828 8.093552885401458 8.219885706736015 8.213658032444874 8.052628168631108 7.823983555370676 7.490358146916737 7.126484034762976 6.722574873594741 6.385390794117296 6.001054323578359 5.688780941265472 5.394300914070129 5.114945238724699 4.773312820467867 4.364955320520247 4.174566420762533 4.012646889192888 3.8996590841964878 3.811581976364648 3.7190565297534226 3.61941374109518 3.5304469655074633 3.461942548304921 3.3898794600788706 3.25198095791791 3.041129699775021 2.703055952541697 2.3934515734964426
1.991321747839963 2.6576828969919615 4.565130565592609 6.575779693875008 7.2830655597973575 7.148725728659905 7.271499878970953 7.229685494444727 6.782182613238511 5.29999613194715 3.227070260753349 1.6861657075740943 3.60073071822176 5.792872068703101 7.629146316833575 8.395150254643816 8.475220352672762 8.421840287320132 8.209209693665489 7.741244454074099 7.363135657826302 6.935205467249384 6.516171954231238 6.004612994601867 5.696787951068367 5.367610881393815 5.138966268133382 4.900535309558302 4.7226017583828686 4.58381358846603 4.476163790004893 4.2831058869795475 4.112289677851131 3.889872738881839 3.7475258979414923 3.6105170635364083 3.4539355385020265 3.376534443740713 3.241304944847384 3.076716410010108 2.830278441632132 2.443272967825564 2.1443446018508356
2.606971834906963 4.326699607017528 6.081124421607303 6.815100320205968 6.961895499925699 6.972571512996225 7.149615396415783 7.083779982480872 5.6558632342980175 3.9032177552199965 1.6256683001744467 0.534045963713162 2.5206740625868775 6.098917776724846 7.915619334226024 8.613118854833724 8.671836926721616 8.459206333066973 7.901384650131989 7.528613860419455 7.044634601222276 6.580228032654395 6.1514081743216 5.597145162410124 5.324906829111711 5.214588027382942 4.997509094948914 4.887190293220144 4.740395113500412 4.762636807397341 4.64964900240094 4.484170799807787 4.294671567805951 4.076702967616044 3.85517569640263 3.716387526485791 3.551798991648515 3.376534443740713 3.231518599532735 3.0028739862723026 2.745760004823801 2.4094655931022317 2.212849019053378
3.5526886594043923 5.195015336753644 6.367597438999752 7.069545298386837 7.14694639314815 7.449433430146387 7.474344127310948 6.664746469462726 5.153200952227417 2.076729852404171 -0.016658377174804784 -0.3084694011025162 1.5037838176192748 5.389852575290744 8.176291986698034 8.880908849352751 8.60155317400732 8.352446202361714 7.662953691556908 7.29463124062376 6.800865636111933 6.19856056538309 5.79643073972661 5.2910994543883785 5.114055570968822 5.0517788280574205 5.044661486010403 4.934342684281634 4.855162254008566 4.859610592787952 4.735946774721025 4.575806578663135 4.386307346661299 4.226167150603408 4.035778250845695 3.889872738881839 3.677242145227196 3.486853245469482 3.287567668152996 3.061592058160196 2.8943345200552884 2.665689906794856 2.5446950919955613
5.033985472939877 5.7056846286271385 6.881825401896755 7.351569976999899 7.541069209001735 7.975227073869794 7.646050004195242 6.552648332222203 3.651441780306758 0.5678533384364943 -0.24886166145874578 -0.4401402289723366 1.207524454912178 5.536647755010477 8.330204508464783 8.803507754591436 8.42539895834364 8.110456572763123 7.431640075028843 7.049972607757539 6.519730625254747 5.914756551258273 5.581131142804335 5.203912014312416 5.152311284471541 5.202132678800662 5.195015336753644 5.095372548095401 5.018861121089965 4.89163863199953 4.73772611023278 4.575806578663135 4.4423564152815604 4.281326551467793 4.196808114659462 4.058909612498501 3.8391616767968406 3.5900547051512337 3.390769127834748 3.2297392640209805 3.0802750810336166 3.0215570091457233 2.9646182727695845
6.243043953176948 6.541972319151677 7.0784419759456085 7.521496518372437 7.691423059744977 8.060635178434001 7.549965886560507 4.962812052469704 2.1051992205922403 0.8169603100821012 0.43974118159018216 0.2600282949029942 2.5393570854602983 6.832004007567633 8.245686071656452 8.72076865329486 8.181629993233297 7.789286512891465 7.20655413279192 6.792858626309037 6.280409998923789 5.8604868181497665 5.484157357413723 5.393411246314253 5.474371012099075 5.493054034972495 5.340031180961622 5.239498724547502 5.093593212583647 4.900535309558302 4.70925674204471 4.539330200672172 4.411218043825859 4.299119906585336 4.230615489382794 4.163890407692007 4.003750211634117 3.740408555894475 3.5206606201928143 3.3569617531114155 3.2297392640209805 3.2048285668564196 3.1336551463862463
6.061551730978006 6.662077466195093 7.200326458500781 7.601566616401383 7.581104258016209 8.072200859260406 7.034848255907628 3.751974236720878 1.3525402991201565 0.4272858330079019 0.5794190192628976 0.9664244930694654 4.543778539451557 7.507261834278404 8.638919219754161 8.433405968146536 7.969889067334531 7.494806485696124 7.123815031495344 6.6834294923361455 6.393397803920189 6.049096382395725 5.706574296383016 5.754616355200383 5.7501680164209965 5.504619715798899 5.337362177693992 5.2012430110447845 5.033985472939877 4.939680690816897 4.713705080824097 4.541109536183926 4.37029332705551 4.250188180012092 4.143428049306832 4.139869378283323 4.019764231239906 3.8293753314821917 3.6105170635364083 3.396996802125888 3.242194612603261 3.1025167749305456 2.9423765788726555
5.465474334540303 6.427205178643522 7.185202106650868 7.693202395256732 8.059745510678125 8.38180523830566 6.2394852821534394 2.8738721616701133 0.5838673580422833 -0.2595376745292719 -0.23729598063234247 0.6150057294979843 5.526861409695828 8.000137771034355 8.479668691452147 8.18074032547742 7.853342591314622 7.276837885506216 6.993033871381401 6.572221022851499 6.334679732032296 6.177208539242038 5.944115587202219 5.995716317043096 5.791982400947224 5.503730048043021 5.263519753956186 5.115834906480576 5.071351518686718 5.0517788280574205 4.8124582017264625 4.614951959921731 4.416556050361122 4.204815124462357 4.069585625569027 3.9494804785256092 3.82670632821456 3.6914768293212306 3.4948602552723766 3.2626569709884357 3.0437987030426523 2.8525201355290615 2.686152265180031
5.832017449961697 6.5989110555278145 7.028620581616487 7.589111267819103 8.460985668578727 8.275934775356276 4.484170799807787 2.1372272598038182 0.9655348253135885 0.3934784582845694 0.13280580581255919 1.0464945910984107 6.021516681963533 8.191416338547945 8.449419987752325 7.991241093475583 7.629146316833575 7.155843070706922 6.891611747211403 6.653180788636323 6.556207003245712 6.422756839864135 6.1345044869599334 6.029523691766428 5.847141801811608 5.559779116663283 5.332024171158729 5.282202776829607 5.370279884661446 5.2617404184444325 5.041992482742772 4.821354879285234 4.5677995688602415 4.2777678804442845 3.98061884998131 3.709270184438774 3.5927237084188652 3.439700854407992 3.2404152770915067 3.042019367530898 2.872092826158359 2.665689906794856 2.5197843948310004
6.249271627468088 6.411191159037733 6.62560108820413 7.281286224285603 8.40671593547022 8.493903375546182 4.272429873909021 2.473521671525388 1.3907960126228747 0.6310197491037732 1.1105506695215668 4.7564091331062 8.041062487804703 8.389812248108553 8.13625693768356 7.654057013998136 7.383598016211478 7.009047890987189 6.714567863791848 6.677201818045006 6.681650156824391 6.5295169705693965 6.251050962979843 6.1496288388098455 6.0802347538514265 5.921873893305291 5.735043664571085 5.62027652406293 5.572234465245563 5.345369187496885 5.185228991438995 4.914769993652337 4.635414318306905 4.330258278041037 3.947701143013855 3.63186908967746 3.4041141441729055 3.1505588337479127 2.9441559143844094 2.7760087085236247 2.622985854512752 2.4655146617224935 2.3507475212143385
6.144290832274582 6.171870532706775 6.441439862737557 7.213671474838938 8.256362084726979 8.401377928934957 4.0233229022634145 2.255553071335482 0.9806591771635003 0.3409880606878166 1.510011491910415 7.057089949804556 8.42272995507601 8.170064312406893 7.533951866954718 7.2537065238534115 7.121146028227713 6.835562678591142 6.675422482533252 6.703002182965443 6.699443511941935 6.622042417180621 6.461902221122731 6.5090546121842205 6.535744644860536 6.4085221557701 6.216353920500633 6.047317046883971 5.756395690712138 5.471702008831444 5.219036366162328 4.890748964243652 4.607834617874714 4.274209209420776 3.8649620417172783 3.5589163336955325 3.246642951382647 2.9850806311547595 2.7244079786827493 2.532239743413281 2.3765478861347766 2.2439873905090786 2.129220250000924
6.074007079560286 6.236816278885808 6.535744644860536 7.24480984629464 8.084656207842686 7.998358435522601 3.805354302073508 1.9592937086283848 0.7217658602032444 0.16750284829176865 2.2279733709032894 7.688754056477345 8.325756169685398 7.410288048887793 6.784851616506144 6.791968958553161 6.722574873594741 6.755492580562196 6.752823577294565 6.762609922609213 6.849797362685177 6.810651981426581 6.843569688394036 6.977019851775612 7.096235331063152 6.943212477052279 6.704781518477198 6.222581594791773 5.84981080507924 5.412094269187673 5.0811378640013665 4.789326840073656 4.533992194136909 4.197697782415339 3.8231476571910514 3.501087929563517 3.156786508039053 2.8462924612379212 2.5838404732541567 2.3934515734964426 2.2715670909412706 2.1176545691745208 1.9877630768164543
6.186994884556686 6.485923250531414 7.032179252639995 7.32310060881183 7.554414225339894 7.358687319046917 3.8720793837642957 1.955735037604876 1.3125052501056838 1.6149922871039208 3.4308041768492203 7.404060374596652 7.072214301654469 6.412080826793609 6.039310037081076 6.318665712426507 6.5544276677339575 6.749264906271057 6.860473375755703 6.930757128469999 7.083779982480872 7.1585120739745545 7.20388512952429 7.369363332117443 7.517048179593052 7.279506888773849 6.791079290797283 6.205677907430108 5.653194231030385 5.167435636321452 4.835589563379268 4.619400298701117 4.393424688708317 4.098944661512974 3.7297325428239487 3.3943277988582565 3.0553643838690556 2.8000297379323085 2.5349087466809124 2.3756582183788995 2.2662290844060076 2.1167649014186436 1.9859837413047
6.404963484746592 6.75727191607395 6.79552762957667 6.884494405164386 6.944991812564034 6.776844606703248 4.306237248632353 2.7466496725796783 2.0749505168924167 2.279574100744165 4.670111360786115 6.347135080614576 5.782196055632575 5.223484704941713 5.340031180961622 5.695008615556612 6.308879367111858 6.626490755960008 6.967233506460962 7.153174067439291 7.346231970464636 7.427191736249458 7.496585821207878 7.50548249876665 7.535731202466472 7.226126823421218 6.638946104542288 5.989488642751955 5.29999613194715 4.780430162514884 4.47082578346963 4.291112896782442 4.1131793456070085 3.872969051520173 3.534005636530972 3.232408267288612 2.943266246628532 2.7092836268328373 2.4877563556194224 2.369430544087759 2.2813534362559196 2.1443446018508356 1.9904320800840858
6.278630663412034 6.502826937893081 6.53485497710466 6.394287471676067 6.386280461873172 6.196781229871336 5.28754078336487 3.626531083142197 2.4557283164078445 2.6096408381745944 3.8996590841964878 4.876514280149618 4.591820598268924 4.559792559057346 4.710146409800588 5.213698359627065 5.843583130788099 6.3293417254970326 6.875597727605614 7.180753767871483 7.594449274354366 7.673629704627434 7.525055189395946 7.496585821207878 7.29463124062376 6.936984802761138 6.323114051205893 5.5606687844191605 4.870286605858478 4.294671567805951 3.975280843446047 3.815140647388157 3.731511878335703 3.497529258540008 3.2715536485472074 2.972625282572479 2.7244079786827493 2.49487369766644 2.3124918077116203 2.2377597162179383 2.1550206149213618 2.0642745038218906 1.906803311031632
5.96279861007564 6.195891562115458 6.324893386717648 6.233257607862299 5.856928147126258 5.464584666784426 4.89163863199953 4.0277712410428 3.010880996075197 2.822271431829238 3.5393436430662346 3.8845347323465758 3.9272387846286803 3.9245697813610487 4.231505157138671 4.733277771453395 5.247505734350398 5.7804167201208205 6.395177139431944 7.05620028204868 7.579324922504455 7.77505182879743 7.597118277621998 7.386267019479108 7.098904334330783 6.74481656749167 6.021516681963533 5.251064405373906 4.437018408746297 3.841830680064472 3.4423698576756236 3.254649961185541 3.1808075374477363 3.033122689972126 2.830278441632132 2.623875522268629 2.3747685506230223 2.1852693186211853 2.024239454807418 1.9415003535108415 1.8943479624493516 1.8133881966645293 1.7137454080062864
5.834686453229327 5.920094557793536 6.035751366057568 5.963688277831517 5.546434100325126 5.095372548095401 4.355168975205598 3.697704503612371 3.2902366714206277 3.1968215570535254 3.322264710632206 3.390769127834748 3.47172889361957 3.591834040662988 3.916562771558154 4.26976087064139 4.68434604488015 5.2012430110447845 5.743940342129857 6.614035407377727 7.26616187243569 7.539289873489981 7.599787280889629 7.4423160880993695 7.188760777674377 6.920081115399473 6.106924786527742 5.148752613448032 4.259084857570864 3.477066900154833 2.9913083054458998 2.721738975415118 2.6292135288038923 2.5171153915633693 2.3569751955054787 2.1701449667712738 1.9610730441401392 1.8009328480822488 1.631895974465587 1.5767365736012027 1.5349221890749758 1.493997472304626 1.4254930551020841
5.6558632342980175 5.623835195086439 5.696787951068367 5.665649579612666 5.2964374609236415 4.840927569914531 4.203925456706479 3.725284204044563 3.3703067694495727 3.2030492313446652 3.2048285668564196 3.2137252444151914 3.3133680330734343 3.4459285286991324 3.6060687247570224 3.8525066931349983 4.265312531862004 4.855162254008566 5.366721213637938 6.074007079560286 6.671863811509743 7.19409878420964 7.549076218804631 7.630035984589453 7.485909808137352 7.328438615347093 6.467240227657994 5.3711695524173235 4.311575255167616 3.4370318511403606 2.8009194056881856 2.4361556257785466 2.2849121072794283 2.0838471944511885 1.8907892914258428 1.716414411273918 1.5429291988778702 1.4165963775433124 1.302718904791035 1.2795875431382286 1.2297661488091072 1.1995174451092836 1.2039657838886693
5.5606687844191605 5.472591676587321 5.433446295328725 5.367610881393815 5.152311284471541 4.730608768185762 3.9236801136051715 3.40589347968466 3.1656831855978247 3.183476540715368 3.2502016224061556 3.173690195400719 3.2448636158708926 3.3943277988582565 3.5793786920807076 3.77955393715307 4.025991905531046 4.467267112446121 5.114945238724699 5.6852222702419635 6.287527340970806 6.943212477052279 7.460999110972791 7.77505182879743 7.759037809191643 7.5028134954990175 6.806203642647196 5.734153996815208 4.622958969724625 3.7021528423917567 3.0179983381222146 2.622096186756875 2.352526856726093 2.0126737739810148 1.7395457729267245 1.4762041171870828 1.2457801684148961 1.165710070385951 1.0865296401128832 1.0562809364130594 1.0295909037367446 1.0251425649573587 1.0722949560188486
