static/data/seaWind_vo/2023/7/2/18.asc
ncols 137
nrows 93
xllcorner 108.0
yllcorner 17.0
cellsize 0.25
NODATA_value -32767
[rows 0 to 18 of 93, columns 0 to 43 of 137]
2.86853415513485 2.893444852299411 2.961949269501953 3.0349020254838805 3.0349020254838805 3.161234846818439 3.3569617531114155 3.37119643720545 3.3792034470083445 3.381872450275976 3.3080300265381712 3.800016295538245 4.397873027487702 5.174552978368469 4.968150059004966 3.957487488328504 2.600744160615823 2.2697877554295163 2.003777096422243 1.7146350757621636 0.8552160235848196 0.9085960889374496 0.9806591771635003 1.53047385029559 1.4370587359284874 1.3587679734112965 0.9975628645251664 1.058949939680691 1.1372407021978816 0.8480986815378022 0.9682038285812198 0.6354680878831591 0.2520212851000996 -0.17946757650032685 0.40682347462272705 0.7742562577999972 0.7635802447294713 0.15682683522124297 -0.17501923772094097 -0.32448342070830494 -0.06559010374804908 0.025156007351422094 0.11323311518326173 0.22888992344729342
3.6336484251892145 3.2902366714206277 3.1639038500860703 3.0402400320191436 2.893444852299411 2.951273256431427 3.1185307945363343 3.3382787302379953 3.6576694545978983 3.9690531691549067 4.188801104856568 4.231505157138671 4.304457913120599 4.231505157138671 3.9432528042344694 3.2039388991005424 2.5936268185688056 2.072281513624785 1.6069852773010265 1.4103687032521721 1.4984458110840118 1.6185509581274296 1.123006018103847 1.1221163503479699 1.3738923252612083 1.7733531476500568 1.281366878649983 1.2101934581798095 1.2413318296355105 0.0046936489662470215 -0.5397830176305796 -0.7808829794732923 -1.0522316450158282 -0.6296394609741736 -0.15544654709164307 0.28493899206755513 0.09455009230984102 -0.1367635242182228 -0.3743048150374264 -0.5006376363719842 -0.41789853507540764 -0.30935906885839337 -0.1990402671296243 -0.09672847520374983
3.391658795590625 2.9388179078491468 2.9112382074169543 2.8000297379323085 2.5518124340425787 2.9379282400932696 3.1808075374477363 3.3934381311023794 3.751974236720878 3.868520712740787 3.8614033706937696 3.656779786842021 3.284008997129488 2.787574389350028 2.2244146998797807 2.114095898151012 1.4112583710080493 0.8988097436228009 0.7778149288235059 1.254676845973668 1.287594552941123 0.9931145257457805 0.5740810127276346 0.35433307702597405 0.4272858330079019 0.8311949941761361 0.9815488449193774 0.6550407785124568 -0.09139046866848721 -0.8903121134461838 -1.3120146297319613 -1.3395943301641533 -0.961485533916357 -0.4970789653484755 -0.17946757650032685 -0.04156907433936574 -0.06203143272454037 -0.13587385646234562 -0.23462697736471094 -0.27466202637918347 -0.15188787606813436 -0.12074950461243361 -0.19815059937374713 -0.008651367371910634
2.45394898089609 2.617647847977489 2.9503835886755496 3.11675145902458 3.591834040662988 4.0233229022634145 4.171897417494901 4.043785260648589 3.7848919436883333 3.6345380929450917 3.332051055946855 3.108744449221686 2.7591050211619588 2.1487929406302215 1.5402601956102386 1.2947118949881404 0.9495208057077993 0.757352570438331 1.5927505932069916 1.9850940735488227 1.8427472326084757 1.244890500659019 1.1977381095975292 0.4877832404075493 -0.31202807212602446 -0.5344450110953165 -0.2817793684262009 -0.29779338803199007 -0.7452962692382052 -1.4392371188223962 -1.16166077898872 -0.8271457027789046 -0.40989152527251305 -0.06825910701568061 0.18173753238580348 0.24846261407659087 0.3783541064346576 0.332981050884922 0.4246168297402704 0.7742562577999972 1.0678466172394627 1.1132196727891983 0.9068167534256952 1.5971989319863775
2.4619559906989847 2.7849053860823965 3.131875810874492 3.6114067312922855 4.149655723597972 4.376521001346649 4.28221621922367 4.102503332536482 3.5313366332633405 2.9317005658021293 2.580281802230648 2.241318387241447 2.087405865474697 1.573177902577694 1.2270971455414756 0.937065457125519 0.9183824342520985 1.2217591390062128 1.6487996618272533 1.3516506313642793 0.82051898110561 0.3632297545847458 0.3819127774581663 -0.025555054733576554 -0.7008128814443468 -1.2568552288675767 -1.2194891831207357 -1.1545434369417027 -0.9125538073431128 -0.9730512147427604 -0.7613102888439944 -0.33604910153470824 0.0954397600657182 0.38725078399342916 0.5767500159952661 0.6843998144564034 0.7938289484292951 1.1087713340098124 1.3374159472702445 2.5927371508129284 2.89700352332292 2.929031562534498 2.7742293730118703 3.3338303914586094
2.7190699721474862 2.914796878440463 3.0028739862723026 3.4850739099577277 3.8711897160084185 3.761760582035527 3.6541107835743896 3.2946850102000136 2.7626636921854675 2.161248289212502 1.8000431803263717 1.5820745801364655 1.366774983214191 0.772476922288243 0.3231947055702733 0.25291095285597676 -0.0006443575690160408 0.26536630143825723 0.34721573497895664 0.010031655501510084 -0.5041963073954929 -0.5985010895184728 -0.8422700546288167 -1.1269637365095102 -1.199026824735561 -1.5629009368893225 -1.3671740305963458 -0.8725187583286402 -0.5504590307011057 -0.3342697660229539 -0.013099706151296076 0.401485468087464 0.5740810127276346 0.7155381859121042 0.9068167534256952 1.0731846237747256 1.1319026956626188 1.4450657457313818 2.235090712950307 3.7546432399885097 4.0277712410428 4.062468283522009 3.9770601789578013 4.476163790004893
2.522453398098632 2.6817039264006453 2.697717946006434 2.557150440577842 2.8436234579702897 2.7039456202975742 2.5971854895923143 2.2475460615325873 1.9219276628815438 1.6238889646626926 1.2609045202648081 1.1924001030622662 0.4984592534780752 -0.09850781071550418 -0.5122033171983875 -0.4632715906251432 -0.7088198912472414 -0.5273276690482991 -0.23818564838821965 -0.2595376745292719 -0.09850781071550418 -0.202598938153133 -1.0219829413160046 -1.3413736656759077 -1.4143264216578357 -1.627846683068356 -0.748854940261714 -0.2524203324822545 0.5384943024925477 0.71998652469149 1.0224735616897271 0.931727450590256 0.9246101085432386 1.0731846237747256 1.2244281422738441 1.3801199995523485 1.424603387346207 1.6007576030098862 2.3934515734964426 3.981508517737187 4.332037613552791 4.368513991543756 4.414776714849368 4.9512463716433
2.107868223859872 1.9619627118960163 1.5340325213190986 1.6087646128127808 1.7920361705234773 1.753780457020759 1.8365195583173357 1.7635668023354079 1.6247786324185696 1.1986277773534064 0.9637554898018341 0.7893806096499092 -0.13053584992708256 -0.44725757101935404 -0.6607778324298743 -0.5718110568421575 -0.531776007827685 -0.1056251527625216 0.48956257591930363 0.9085960889374496 0.8854647272846432 0.31162902474387 -0.8111316831731159 -0.8920914489579381 -0.9081054685637273 -1.0157552670248644 -0.06736943925980343 0.9308377828343788 1.3285192697114727 1.3907960126228747 1.3881270093552431 1.4432864102196274 1.2626838557765625 1.4335000649049787 1.4833214592341002 1.5838539156482199 1.6283373034420783 1.6407926520243588 2.00466676417812 3.4005554731493968 3.840051344552718 4.061578615766132 4.18168376280955 4.7217120906269905
1.8151675321762837 0.9513001412195536 0.8294156586643817 1.0242528972014815 1.5278048470279586 1.747552782729619 1.8525335779231247 1.73153876312383 1.7635668023354079 1.1835034255034944 0.544721976783688 0.08387407923931489 -0.694585207153207 -0.4970789653484755 -0.3111384043701473 0.16305450951238276 0.4824452338722862 1.2084141226680551 0.8276363231526274 0.8125119713027156 0.9504104734636765 0.20131022301510137 -0.22039229327067655 -0.15722588260339743 -0.06292110048041755 0.05273570778361414 0.6310197491037732 1.3044982403027894 1.4539624232901533 1.5028941498633976 1.6292269711979555 1.699510723912252 1.6345649777332185 1.8036018513498804 1.736876769659093 1.7021797271798833 1.759118463556022 1.6238889646626926 1.9397210179990871 2.272456758697148 2.9219142204874804 3.201269895832911 3.5740406855454445 4.114069013362886
1.4904388012811174 0.9014787468904322 0.7840426031146461 1.1416890409772675 1.9592937086283848 2.230642374170921 2.071391845868908 1.8792236105994398 1.6906140463534802 1.2279868132973528 0.32141537005851895 -0.441919564484091 -0.9107744718313584 -0.434802222437074 -0.1287565144153282 0.4450791881254452 0.7137588504003498 0.11234344742738456 -0.3458354468493572 -0.057583093945154484 0.4539758656842168 0.1550474997094886 0.15415783195361143 0.33120171537316767 0.2555799561236083 0.47799689509290033 0.9450724669284134 1.5909712576952373 1.948617695557859 1.970859389454788 1.944169356778473 1.9842044057929455 1.9833147380370684 1.9005756367404918 1.8391885615849672 1.8142778644204065 1.8996859689846146 1.742214776194356 1.7288697598561984 1.9237069983932982 2.3382921726320585 2.7519876791149414 3.1114134524893173 4.083820309663062
1.324070930932087 0.953079476731308 1.154144389559548 1.604316274033395 2.027798125830927 2.0322464646103127 1.7075177337151464 1.3267399341997184 1.2315454843208615 0.7466765573678051 -0.005982364104279103 -0.6394258062888225 -0.6011700927861043 -0.05580375843340013 -0.26220667779690343 -0.8484977289199569 -1.410767750634327 -1.0371072931659167 -0.33515943377883106 0.4281755007637791 1.0082388775956925 0.9815488449193774 0.71998652469149 0.40682347462272705 0.11768145396264762 0.4717692208017603 1.3107259145939294 2.1434549340949585 2.612309841442226 2.3978999122758284 2.320498817514515 2.2849121072794283 2.241318387241447 2.1398962630714498 2.1479032728743443 2.1576896181889933 2.049150151971979 2.0206807837839094 1.971749057210665 1.9503970310696133 2.147013605118467 2.5019910397134573 3.2617673032325585 4.622069301968748
1.314284585617438 1.557163882971905 1.7297594276120756 1.8685475975289136 1.9094723142992636 1.6390133165126044 1.2822565464058602 0.8916924015757834 0.5749706804835117 -0.04512774536287445 -0.5299966723159306 -0.6162944446360159 0.21554490710913576 0.289387330846941 -0.4081121897607587 -1.178564466350386 -1.1572124402093342 0.030494013886685156 0.6843998144564034 0.9272791118108701 0.6710547981182458 0.15415783195361143 0.026935342863176448 0.011810991013264438 -0.1581155503592746 0.35433307702597405 1.4637487686048023 2.506439378492843 2.877430832693622 2.718180304391609 2.569605789160122 2.438824629046178 2.3507475212143385 2.2439873905090786 2.208400680273992 2.194165996179957 2.151461943897853 2.198614334959343 2.0126737739810148 1.7493321182413732 1.6176612903715524 1.8400782293408444 2.7164009688798547 4.176345756274287
0.8178499778379784 1.1354613666861275 1.3516506313642793 1.3881270093552431 1.160372063850688 0.6479234364654394 0.24045560427369672 -0.06559010374804908 -0.07003844252743496 -0.3832014925961982 -0.689247200617944 -0.5575763727481231 0.09099142128633231 -0.15633621484752025 -0.29779338803199007 -0.44280923223996815 0.47710722733702315 1.1514753862919165 1.3338572762467358 0.931727450590256 0.7484558928795595 -0.003313360836647572 -0.42501587712242506 -0.5202103270012821 -0.2844483716938324 0.4949005824545665 1.4450657457313818 2.1737036377947825 2.4272589482197753 2.1479032728743443 2.129220250000924 2.1301099177568013 2.08028852342768 2.1523516116537302 2.024239454807418 1.8649889265054052 1.8774442750876854 2.0402534744132073 2.03936380665733 1.9121413175668949 2.0535984907513645 1.8133881966645293 2.263560081138376 2.7110629623445917
0.184406535653435 0.37301609989939455 0.5384943024925477 0.5705223417041259 0.22088291364439883 -0.1732399022091866 -0.46149225511338887 -0.3458354468493572 -0.2106059479560276 -0.31647641090541034 -0.40544318649312716 -0.2853380394497096 -0.06203143272454037 -0.27110335535567476 -0.46149225511338887 -0.4267952126341794 0.23244859447080213 0.274262978997029 0.16394417726825994 -0.08071445559796109 0.15415783195361143 -0.3947671734226015 -0.6661158389651374 -0.40989152527251305 -0.17057089894155508 0.5616256641453541 1.1185576793244612 1.6932830496211118 1.5980885997422547 1.4486244167548905 1.3907960126228747 1.3988030224257693 1.392575348134629 1.4486244167548905 1.562501889507168 1.5278048470279586 1.9584040408725076 1.8471955713878616 1.8623199232377736 1.9948804188634717 2.364092537552496 2.2697877554295163 2.2288630386591666 2.538467417704421
-0.3049107300790075 0.01981800081615903 0.13013680254492765 -0.13142551768295974 -0.5486796951893513 -0.6732331810121548 -0.5050859751513701 -0.3698564762580405 -0.3218144174406734 -0.39209817015496995 -0.3956568411784782 0.026935342863176448 0.36856776112000866 -0.1732399022091866 -0.7399582627029422 -0.7381789271911883 -0.37252547952567205 -0.6002804250302272 -0.7355099239235567 -0.9214504849018845 -0.9152228106107443 -0.9917342376161811 -0.4525955775546171 -0.14032219524173106 0.028714678374930802 0.289387330846941 0.8890233983081519 1.344533289317262 1.2377731586120018 1.042935920074902 0.990445522478149 1.0046802065721838 1.117668011568584 1.3053879080586666 1.3810096673082257 1.4317207293932244 1.8231745419791783 1.7253110888326897 1.5749572380894483 1.6879450430858487 2.2439873905090786 2.4067965898346 2.3569751955054787 2.268008419917762
-0.6856885295944353 -0.367187472990409 -0.4561542485781258 -0.7194959043177676 -0.9810582245456549 -0.6874678651061896 -0.5193206592454049 -0.4356918901929512 -0.367187472990409 -0.3832014925961982 -0.13943252748585389 0.2822699887999236 0.48511423713991775 -0.5362243466070709 -1.098494368321441 -1.0157552670248644 -0.6625571679416287 -0.859173741990483 -1.0629076580863543 -1.250627554576437 -1.3164629685113471 -1.0424452997011793 -0.5059756429072473 -0.29779338803199007 -0.24619265819111424 -0.028224058001208085 0.4237271619843932 0.878347385237626 1.0865296401128832 1.005569874328061 0.9486311379519221 0.8249673198849958 0.9655348253135885 1.202186448376915 1.5286945147838356 1.5865229189158514 1.202186448376915 0.8427606750025392 0.7013035018180696 1.0829709690893745 1.6238889646626926 1.7929258382793545 1.8818926138670713 1.7973741770587401
-1.1109497169037215 -0.9018777942725871 -0.9899549021044267 -0.9143331428548671 -1.0166449347807416 -0.7177165688060132 -0.6767918520356635 -0.5922734152273326 -0.17146056669743226 -0.1954815961061156 0.05006670451598261 -0.29423471700848136 -0.3627391342110231 -1.2568552288675767 -0.8600634097463602 -0.7773243084497836 -0.239964983899974 -0.7230545753412763 -0.9285678269489019 -1.1029427071008269 -1.0326589543865308 -0.8627324130139917 -0.80668334439373 -0.5976114217625956 -0.6990335459325925 -0.21950262551479938 0.2333382622266793 0.7128691826444726 1.0518325976336735 1.0198045584220956 0.9112650922050811 0.788490941894032 0.8498780170495566 1.1585927283389337 1.4842111269899774 1.2938222272322633 0.6239024070567558 0.19508254872396114 0.32141537005851895 0.7048621728415783 1.1078816662539352 1.0918676466481463 1.1808344222358629 1.3543196346319109
-1.4250024347283614 -1.2274961929236303 -1.0522316450158282 -0.9267884914371476 -0.7621999565998716 -0.8244766995112731 -0.7844416504968006 -0.9383541722635509 -0.34316644358172566 -0.47750627471917806 -0.5655833825510177 -0.9917342376161811 -1.385857053469766 -1.3689533661081001 -0.8502770644317112 -0.25331000023813166 0.39525779379632375 -0.3547321244081285 -0.6607778324298743 -0.8671807517933776 -0.6705641777445233 -0.7417375982146965 -0.7346202561676796 -0.5273276690482991 -0.5495693629452285 0.06430138861001744 0.5046869277692154 0.9975628645251664 1.1870620965270031 1.038487581295516 0.9601968187783254 1.0206942261779728 1.0109078808633238 1.334746944002613 1.1808344222358629 0.9219411052756072 0.7377798798090334 0.7137588504003498 0.8320846619320132 0.7626905769735941 1.0607292751924453 0.9210514375197301 0.8445400105142935 1.011797548619201
-1.2666415741822257 -1.0700250001333718 -0.8867534424226751 -0.9152228106107443 -0.6847988618385581 -0.9054364652960958 -0.9757202180103919 -1.2061441667825785 -1.5415489107482707 -1.5495559205511653 -1.5762459532274802 -1.3618360240610827 -1.3404839979200305 -1.0967150328096866 -0.5851560731803152 -0.031782729024716794 0.1434818188830853 -0.3627391342110231 -0.5246586657806676 -0.2515306647263773 -0.20081960264137866 -0.37252547952567205 -0.6225221189271561 -0.45793358408988016 0.19330321321220678 0.5642946674129856 0.9513001412195536 1.2253178100297213 1.2982705660116491 1.1577030605830567 1.1986277773534064 1.271580533335334 1.4655281041165567 1.4566314265577849 1.2733598688470884 1.1843930932593716 1.439727739196119 1.6612550104095336 1.5126804951780466 1.3338572762467358 0.9940041935016577 0.6852894822122806 0.6274610780802645 0.7030828373298239
