static/data/seaWind_vo/2023/7/2/6.asc
ncols 137
nrows 93
xllcorner 108.0
yllcorner 17.0
cellsize 0.25
NODATA_value -32767
[rows 38 to 56 of 93, columns 88 to 131 of 137]
3.7751055983736843 3.62564141538632 3.36496876291431 3.416569492755186 3.7181668619975454 4.106951671315868 4.235953495918057 4.421004389140508 4.65943534771559 4.814237537238217 4.79733384987655 4.744843452279797 5.027757798648737 5.345369187496885 5.630952537133457 5.935218909643448 6.246602624200457 6.340907406323437 6.260837308294491 6.047317046883971 5.709243299650647 5.24661606659452 4.698580728974185 4.179014759541919 3.824926992702806 3.557136998183778 3.2564292966972954 2.986859966666514 2.7591050211619588 2.5642677826248588 2.570495456915999 2.5927371508129284 2.590957815301174 2.5509227662867016 2.4975427009340714 2.410355260858109 2.2946984525940772 2.1763726410624136 2.08028852342768 1.9406106857549643 1.8747752718200539 1.9005756367404918 2.018011780516278 2.147013605118467
4.268871202885513 4.154993730133235 4.24129150245332 4.580254917442521 5.049109824789788 5.192346333486013 5.034875140695754 4.929894345502248 4.914769993652337 4.9414600263286514 5.025978463136982 5.001957433728299 5.161207962030312 5.412094269187673 5.760844029491523 6.072227744048532 6.163863522903879 6.1745395359744055 6.091800434677829 5.92810156759643 5.658532237565648 5.179001317147855 4.644310995865677 4.16922841422727 3.8427203478203493 3.656779786842021 3.5482403206250064 3.3578514208672927 3.12297913331572 2.878320500449499 2.707504291321083 2.5260120691221406 2.431707286999161 2.3649822053083733 2.3196091497586377 2.299146791373463 2.3124918077116203 2.2582220746031134 2.1923866606682028 2.1221029079539067 2.0989715463011 2.119433904686275 2.2199663611003952 2.3720995473553907
5.1167245742364535 5.035764808451631 5.059785837860314 5.3311345034028506 5.344479519741009 5.239498724547502 5.007295440263562 4.826692885820497 4.740395113500412 4.665663022006729 4.688794383659536 4.636303986062783 4.759078136373832 5.055337499080929 5.5108473900900385 5.824010440158801 5.852479808346871 5.711022635162402 5.594476159142493 5.484157357413723 5.355155532811534 5.065123844395577 4.789326840073656 4.374741665834895 4.0331092475780626 3.8080233053411394 3.604289389245268 3.336499394726241 3.1078547814658086 2.90323119761406 2.66124156801547 2.4406039645579325 2.292919117082323 2.209290348029869 2.165696627991888 2.184379650865308 2.2333113774385525 2.2804637685000424 2.2546634035796047 2.2591117423589906 2.241318387241447 2.2751257619647793 2.431707286999161 2.6247651900245064
5.407645930408288 5.3462588552527635 5.2964374609236415 5.049999492545666 4.945908365108037 4.486839803075419 4.176345756274287 4.018874563484029 3.9281284523845574 3.850727357623244 3.641655434992109 3.716387526485791 4.041116257380958 4.840927569914531 5.369390216905569 5.528640745207582 5.3809558977319725 5.2163673628946965 5.002847101484177 4.881852286684881 4.832920560111637 4.822244547041111 4.632745315039275 4.514419503507611 4.216380805288759 3.86763104498491 3.444149193187378 3.1683521888654558 2.953052591943181 2.764443027697222 2.552702101798456 2.3649822053083733 2.2021730059828517 2.0793988556718026 2.03313613236619 2.0420328099249616 2.0829575266953113 2.151461943897853 2.225304367635658 2.236870048462061 2.298257123617586 2.420141606172758 2.5829508054982795 2.86853415513485
5.137186932621628 5.025978463136982 4.852493250740935 4.606944950118836 4.239512166941566 3.745746562429738 3.4841842422018505 3.359630756379047 3.268884645279576 3.212835576659314 3.0268950156809864 3.121199797803966 3.461052880549044 4.2626435285943725 4.532212858625154 4.691463386927167 4.599827608071819 4.534881861892785 4.319582264970511 4.378300336858404 4.408549040558228 4.484170799807787 4.500184819413576 4.380969340126036 4.209263463241742 3.868520712740787 3.4370318511403606 3.058033387136687 2.8427337902144125 2.518894727075123 2.2866914427911826 2.0989715463011 1.9984390898869802 1.8765546073318082 1.9210379951256666 1.9477280278019817 1.9779767315018053 2.014453109492769 2.087405865474697 2.1496826083860987 2.2448770582649558 2.3854445636935484 2.6167581802216118 2.902341529858183
4.769754149444358 4.644310995865677 4.4770534577607695 4.359617313984984 3.991294863051836 3.6203034088510573 3.421017831534572 3.2929056746882592 3.1683521888654558 3.1185307945363343 3.076716410010108 3.202159563588788 3.495749923028254 3.485963577713605 3.7012631746358795 3.8978797486847334 4.005529547145871 3.9565978205726267 3.8925417421494704 3.9681635013990295 4.050902602695606 4.141648713795077 4.156773065644989 4.162111072180252 4.005529547145871 3.847168686599735 3.5277779622398318 3.138103485165632 2.676365919865382 2.330285162829164 2.0322464646103127 1.7893671672558458 1.699510723912252 1.7021797271798833 1.759118463556022 1.7982638448146173 1.8151675321762837 1.8427472326084757 1.8765546073318082 1.9406106857549643 2.0224601192956637 2.203062673738729 2.443272967825564 2.8596374775760784
4.586482591733661 4.538440532916294 4.485060467563665 4.366734656032001 4.236843163673934 3.98061884998131 3.7768849338854387 3.637207096212723 3.511763942634043 3.4601632127931667 3.4530458707461493 3.636317428456846 3.8373823412850863 3.8275959959704373 3.824926992702806 4.006419214901748 4.1380900427715686 3.9823981854930643 3.920121442581663 3.770657259594299 3.7804436049089474 3.8178096506557884 3.7386292203827205 3.7448568946738607 3.7902299502235963 3.766208920814913 3.51888128468106 3.1550071725272986 2.692379939471171 2.2902501138146913 1.9673007184312794 1.68438637206234 1.5544948797042735 1.557163882971905 1.519797837225064 1.531363518051467 1.5367015245867301 1.5544948797042735 1.5883022544276058 1.6754896945035682 1.743104443950233 1.986873409060577 2.410355260858109 2.8267197706086233
4.5419992039398025 4.647869666889186 4.566020233348487 4.437908076502175 4.308016584144108 4.275098877176653 4.220829144068146 4.107841339071745 4.090937651710079 4.0277712410428 4.0482335994279754 4.199477117927094 4.4325700699669115 4.4921778096106815 4.5677995688602415 4.720822422871114 4.611393288898222 4.378300336858404 4.1176276843863935 3.9085557617552595 3.745746562429738 3.665676464400793 3.57226135003369 3.529557297751586 3.560695669207287 3.5695923467660586 3.439700854407992 3.1194204622922115 2.776898376279502 2.3809962249141625 2.00466676417812 1.710186736982778 1.535811856830853 1.3801199995523485 1.3053879080586666 1.255566513729545 1.2333248198326159 1.2609045202648081 1.3881270093552431 1.4877697980134859 1.6923933818652346 2.0527088229954873 2.50110137195758 2.840064786946781
4.639862657086292 4.77242315271199 4.785768169050147 4.686125380391904 4.544668207207435 4.445025418549192 4.431680402211034 4.490398474098928 4.5624615623249785 4.640752324842168 4.744843452279797 4.685235712636027 4.578475581930767 4.555344220277961 4.585592923977784 4.6870150481477815 4.539330200672172 4.311575255167616 4.044674928404467 3.7920092857353507 3.609627395780531 3.5544679949161466 3.5099846071222887 3.456604541769658 3.3605204241349242 3.2831193293736107 3.175469530912473 2.9797426246194965 2.686152265180031 2.345409514679076 1.9664110506754022 1.6710413557241823 1.4130377065198036 1.2146417969591954 1.106991998498058 1.0322599070043759 1.0598396074365681 1.2208694712503356 1.4112583710080493 1.6505789973390077 1.9824250702811912 2.3391818403879356 2.585619808765911 2.80269874119994
4.651428337912694 4.554454552522083 4.548226878230944 4.544668207207435 4.540219868428048 4.59004126275717 4.6318556472833965 4.695911725706553 4.759967804129709 4.830251556844006 4.926335674478739 4.775981823735498 4.609613953386468 4.494846812878313 4.4227837246522625 4.359617313984984 4.22883615387104 4.02154356675166 3.761760582035527 3.5082052716105343 3.3525134143320297 3.2662156420119444 3.1914835505182624 3.0873924230806336 2.9370385723373924 2.7804570473030106 2.6532345582125756 2.500211704201703 2.299146791373463 2.049150151971979 1.7297594276120756 1.42994139388147 1.2297661488091072 1.1123300050333211 1.06873628499534 1.0660672817277084 1.254676845973668 1.5162391662015553 1.8009328480822488 2.0678331748453993 2.255553071335482 2.340071508143813 2.348968185702584 2.2813534362559196
4.156773065644989 4.196808114659462 4.2928922322941965 4.455701431619717 4.5615718945691 4.788437172317779 4.957474045934441 5.0215301243575965 5.037544143963386 5.0508891603015424 5.054447831325051 4.8516035829850575 4.578475581930767 4.272429873909021 4.089158316198325 4.029550576554555 3.9512598140373636 3.774215930617807 3.582047695348339 3.3854311212994848 3.242194612603261 3.1131927880010717 2.9886393021782682 2.808036747735203 2.6149788447098574 2.399679247787583 2.1914969929123256 1.9922114155958401 1.7893671672558458 1.5829642478923427 1.4450657457313818 1.3472022925848934 1.2493388394384048 1.2404421618796333 1.2395524941237561 1.308056911326298 1.461969433093048 1.6301166389538326 1.7466631149737417 1.8854512848905798 1.8578715844583877 1.7786911541853199 1.6870553753299715 1.4833214592341002
3.975280843446047 4.032219579822186 4.234174160406303 4.453032428352087 4.6621043509832205 4.878293615661372 5.034875140695754 5.094482880339524 5.04555115376628 4.91032165487295 4.7564091331062 4.5224265133105055 4.236843163673934 3.976170511201924 3.856955031914384 3.811581976364648 3.7199461975093 3.561585336963164 3.3827621180318532 3.2252909252415947 3.067819732451336 2.9219142204874804 2.7164009688798547 2.50110137195758 2.264449748894253 2.0215704515397865 1.7617874668236535 1.5393705278543615 1.3649956477024368 1.2270971455414756 1.1265646891273557 1.0651776139718312 1.0785226303099886 1.1381303699537588 1.1835034255034944 1.2164211324709497 1.2520078427060364 1.271580533335334 1.265352859044194 1.2680218623118253 1.2564561814854223 1.2048554516445464 1.080301965821743 0.8587746946083281
4.062468283522009 4.151435059109726 4.3275892747734055 4.5304335231134 4.630076311771642 4.826692885820497 4.824913550308743 4.786657836806024 4.687904715903659 4.556233888033837 4.351610304182089 4.176345756274287 3.9325767911639433 3.821368321679297 3.750194901209124 3.676352477471319 3.551798991648515 3.3987761376376424 3.226180592997472 3.0687094002072133 2.8952241878111655 2.6906006039594166 2.469073332746002 2.2199663611003952 1.971749057210665 1.736876769659093 1.4957768078163804 1.297380898255772 1.1105506695215668 0.9815488449193774 0.8890233983081519 0.8498780170495566 0.8507676848054337 0.8320846619320132 0.8383123362231533 0.7271038667385075 0.6897378209916663 0.6755031368976316 0.6888481532357891 0.71998652469149 0.7626905769735941 0.7128691826444726 0.5411633057601792 0.27960098553229207
4.084709977418939 4.2083737954858655 4.4174457181169995 4.5722479076396265 4.6371936538186596 4.605165614607082 4.5971586048041875 4.37029332705551 4.251077847767969 4.142538381550954 4.044674928404467 3.8756380547878044 3.8498376898673667 3.755532907744387 3.699483839124125 3.561585336963164 3.4281351735815893 3.237746273823875 3.0642610614278274 2.8792101682053763 2.6825935941565224 2.4699630005018793 2.2600014101148678 2.0108944384692604 1.7653461378471622 1.525135843760327 1.2902635562087545 1.0678466172394627 0.873009378702363 0.7182071891797357 0.6256817425685102 0.5100249343044785 0.46287254324298854 0.3899197872610607 0.3151876957673787 0.20842756506211835 0.21910357813264447 0.2182139103767673 0.25646962387948546 0.30984968923211564 0.342767396199571 0.21910357813264447 0.04294936246896519 -0.3662978052345318
4.001970876122362 4.197697782415339 4.402321366267088 4.535771529648663 4.5624615623249785 4.529543855357523 4.428121731187526 4.186132101588936 4.054461273719115 3.957487488328504 3.8818657290789442 3.8818657290789442 3.8578446996702613 3.741298223650352 3.646103773771495 3.477066900154833 3.280450326105979 3.089171758592388 2.891665516787657 2.7003869492740655 2.4975427009340714 2.28758111054706 2.0776195201600482 1.8089398578851434 1.562501889507168 1.313394917861561 1.0562809364130594 0.8018359582321894 0.5678533384364943 0.4121614811579899 0.23244859447080213 0.09810876333334972 -0.002423693080770395 -0.07359711355094367 -0.14032219524173106 -0.16345355689453767 -0.15277754382401154 -0.15277754382401154 -0.12786684665945103 -0.10028714622725854 -0.1429911985093626 -0.2666550165762893 -0.6314187964859279 -1.0726940034010033
3.9619358271078897 4.156773065644989 4.301788909852968 4.42990106669928 4.484170799807787 4.559792559057346 4.45837043488735 4.3578379784732295 4.234174160406303 4.11584834887464 4.010867553681134 4.012646889192888 3.895210745417102 3.7626502497914043 3.571371682277813 3.3560720853555384 3.147000162724404 2.9130175429287086 2.7155113011239775 2.511777385028106 2.3187194820027606 2.098081878545223 1.8454162358761073 1.5749572380894483 1.292932559476386 1.0500532621219194 0.7635802447294713 0.5135836053279872 0.27337331124115183 0.0696393951452805 -0.1171908335889249 -0.2630963455527806 -0.36896680850216335 -0.4152295318077761 -0.49085129105733527 -0.514872320466019 -0.5451210241658426 -0.5584660405040003 -0.5611350437716318 -0.574480060109789 -0.6376464707770682 -0.8734084260845174 -1.2479585513088054 -1.5967083116126548
4.001081208366485 4.071364961080781 4.242181170209197 4.372962330323141 4.484170799807787 4.588261927245416 4.711036077556464 4.719932755115236 4.6576560122038355 4.467267112446121 4.310685587411739 4.096275658245342 3.941473468722715 3.6914768293212306 3.439700854407992 3.184366208471245 2.907679536393446 2.6674692423066104 2.462845658454862 2.2475460615325873 2.0455914809484703 1.7973741770587401 1.5687295637983083 1.3151742533733153 1.0313702392484987 0.7475662251236823 0.45842420446360266 0.24045560427369672 0.015369662036773146 -0.18925392181497536 -0.3520631211404974 -0.4632715906251432 -0.589604411959701 -0.6972542104208381 -0.8040143411260985 -0.8867534424226751 -0.9214504849018845 -0.933905833484165 -0.9374645045076737 -0.9623752016722342 -1.0922666940303007 -1.3333666558730135 -1.5637906046451997 -1.8547119608170335
4.246629508988583 4.289333561270688 4.362286317252615 4.37029332705551 4.529543855357523 4.7021393999976935 4.8720659413702325 5.014412782310579 4.990391752901896 4.771533484956112 4.521536845554628 4.225277482847531 3.8720793837642957 3.545571317357375 3.1550071725272986 2.8320577771438864 2.5509227662867016 2.3374025048761813 2.150572276141976 1.9664110506754022 1.779580821941197 1.5215771727368184 1.2884842206970002 1.0233632294456043 0.7546835671706995 0.5002385889898295 0.289387330846941 0.09810876333334972 -0.11096315929778466 -0.3102487366142701 -0.48818228778970374 -0.6189634479036474 -0.7417375982146965 -0.8662910840375004 -1.0104172604896013 -1.103832374856704 -1.1492054304064396 -1.1589917757210886 -1.146536427138808 -1.2248271896559988 -1.3911950600050291 -1.5735769499598486 -1.7203721296795815 -1.6696610675945829
4.3578379784732295 4.3178029294587565 4.34182395886744 4.362286317252615 4.480612128784278 4.615841627677608 4.802671856411813 5.022419792113474 5.027757798648737 4.762636807397341 4.49573648063419 4.136310707259815 3.687918158297722 3.212835576659314 2.7591050211619588 2.4406039645579325 2.161248289212502 1.9664110506754022 1.811608861152775 1.652358332850762 1.5011148143516433 1.2991602337675263 1.0820813013334973 0.8329743296878904 0.5811983547746518 0.3516640737583425 0.13547480908019072 -0.057583093945154484 -0.2186129577589222 -0.38053248932856665 -0.537114014362948 -0.6696745099886461 -0.7924486602996952 -0.9250091559253932 -1.0593489870628456 -1.1500950981623168 -1.2070338345384557 -1.2550758933558224 -1.300448948905558 -1.4436854576017821 -1.5993773148802863 -1.7043581100737923 -1.6883440904680032 -1.4810515033486231
