static/data/seaWater_uo/2023/7/8/0.asc
ncols 137
nrows 93
xllcorner 108.0
yllcorner 17.0
cellsize 0.25
NODATA_value -32767
[rows 26 to 51 of 93, columns 58 to 115 of 137]
0.15374932 0.18213895 0.27836365 0.35526064 0.3385346 0.3238733 0.2961356 0.22406325 0.26086408 0.18396737 0.05678834 -0.020451585 -0.105649784 -0.12608752 -0.06428279 0.03962983 -32767.0 -32767.0 -0.022024121 0.09695271 0.076657034 0.07294371 0.10062213 0.16114789 0.2064572 0.17934698 0.13040173 0.17434517 0.18627335 0.052062646 0.041992154 -32767.0 -32767.0 -32767.0 -32767.0 -32767.0 -32767.0 -0.008542669 0.029954057 0.09226302 -32767.0 -32767.0 -32767.0 -32767.0 -32767.0 0.14727691 -32767.0 0.12120901 0.23117723 0.22857484 0.22486022 0.1498896 0.16407357 -32767.0 0.12340755 -0.07097744 -0.1041727 -0.029751949
0.097010255 0.21953543 0.10144297 0.25870323 0.2767897 0.2810562 0.2083042 0.16872612 0.104823686 0.055200152 0.004048739 -0.06650596 -0.13415946 -0.17680882 -0.052550394 -32767.0 -32767.0 0.16229346 0.17140517 0.09410768 0.08792592 0.088382535 0.06584999 0.133781 0.10889236 0.055473395 0.123538814 0.00895674 -32767.0 -32767.0 -32767.0 -32767.0 -32767.0 -32767.0 -32767.0 -32767.0 -32767.0 0.016413974 0.021499319 0.026641104 -32767.0 -32767.0 -32767.0 0.12550682 0.3003827 0.3844499 0.41445473 0.14631253 0.36931148 0.37132958 0.3148798 0.09459506 0.123582445 -0.08758999 -0.17020199 -0.12644126 -0.1534939 -0.16806774
0.0012438217 0.090002105 0.16388635 0.035155363 -0.10067572 0.07320651 0.15274934 0.12644231 0.093314305 0.10284286 -0.0125137465 -0.11799412 -0.13940439 -0.122948945 -0.07610343 -0.02030311 0.09674707 0.13454737 0.15048863 0.10445157 0.10445004 -0.050830863 -0.12775622 -0.11148437 -0.08021626 0.00089069584 -32767.0 0.108190894 0.0020037647 -32767.0 -32767.0 0.041020457 -32767.0 -32767.0 -32767.0 -32767.0 -32767.0 -32767.0 0.28979626 0.21333957 -32767.0 -32767.0 0.080812864 0.27213505 0.08303147 -0.0043413034 0.060174078 0.25287783 0.23664725 0.2187345 0.13937324 0.15392877 0.07965352 -0.045849346 -0.0878405 -0.12527585 -0.0880404 -0.20962474
0.058826014 0.12716351 0.15866081 0.118944235 0.024946734 -0.008028408 0.10964289 0.027233137 -0.018909473 -0.024793651 -0.049795583 -0.039421584 -0.05450516 -0.07022581 -0.06428579 -0.10181487 -0.108420335 -0.18616718 -0.17555022 -0.007955746 -0.1050147 -0.19100104 -0.26222733 -0.15996957 -0.0800988 -32767.0 0.07722319 0.06738488 0.07191885 0.0051363683 -0.041725144 -32767.0 0.00037563528 -32767.0 -32767.0 -32767.0 -32767.0 -32767.0 0.23327182 0.35572582 0.2733816 0.17822072 0.28595603 0.07372308 0.09425859 0.092248954 0.16251624 0.24903789 0.31022814 0.33078933 0.34568793 0.28280607 0.32265046 0.11024498 0.10353754 0.045163065 0.022265404 -0.058879465
0.21850999 0.2629037 0.1381339 0.22753929 0.10445635 0.09089759 0.047078975 0.039764706 -0.042861614 -0.110407166 -0.1146344 -0.07751678 -0.19199654 -0.18635286 -0.2220627 -0.17666589 -0.2502523 -0.38145974 -0.2513961 -0.18066713 -0.13676423 -0.12905014 -0.12783617 -0.1357279 -0.0005426068 0.21183339 0.27636507 0.25623828 0.07881486 0.14908244 0.05027391 0.052711084 0.0005744808 -32767.0 -32767.0 -32767.0 -32767.0 0.115306646 0.24424879 0.13445869 0.02961748 -0.010579225 -0.08175671 0.01512146 0.015573018 0.24501792 0.49645463 0.65304214 0.68863535 0.4981812 0.46138334 0.4909597 0.47326794 0.29574662 0.14536937 0.16296954 0.0938773 0.13866332
0.14406927 0.03151343 0.06409301 0.022948299 0.06968692 0.19470045 0.121529415 -0.024759863 0.0051268265 0.023255737 -0.2322871 -0.16526909 -0.2299124 -0.3212734 -0.32744128 -0.25466964 -0.27633497 -0.19878201 -0.23205516 -0.2347255 -0.107968606 -0.07291485 -0.059379574 -0.017758155 -0.009331075 0.06166762 0.083713256 0.13114488 0.10475619 0.10699973 0.026762491 0.14644943 0.11303385 -32767.0 -32767.0 -32767.0 -32767.0 0.09375213 -0.01481325 -0.03988506 -0.2097358 -0.12243686 -0.0020061613 0.24852486 0.6544127 0.9428557 1.143896 1.2677971 1.2918602 1.1732806 0.74758035 0.56927377 0.51342124 0.41995248 0.18732409 0.1362534 0.073499925 0.2068482
0.18702237 0.23159067 0.1525684 0.039497238 0.06576325 0.04159788 -0.030268712 -0.03198355 -0.124528654 -0.12613057 -0.042154387 -0.03178121 -0.04615821 -0.13523449 -0.20045744 -0.15775773 -0.08801196 -0.082575575 -0.0601424 0.0018904022 -0.030641437 -0.038732316 0.018160438 -0.049373344 0.0034269737 0.11609639 0.16510053 0.1814219 0.1793538 0.08489567 0.07778575 -32767.0 -32767.0 -32767.0 -32767.0 -32767.0 0.054415245 -0.10774475 -0.2648724 -0.29501742 0.084097594 0.53887546 0.81947523 1.0693268 1.2741288 1.3030446 1.2000734 1.1773176 1.240103 1.2889024 1.1472187 0.6779601 0.53920007 0.34382406 0.22945346 0.10695978 0.07348777 0.21578242
0.06659324 -0.017447207 0.0016209467 0.0671198 0.03014398 0.05321212 0.20809345 0.23459457 0.16918403 0.14091906 0.00094513904 0.033280388 0.07451252 0.21773228 0.12193698 0.06551845 -0.021806963 0.013453933 0.16509359 0.07434228 -0.0634579 -0.03802274 -0.03934417 0.105710536 0.24224822 0.32888928 0.3310099 0.24781273 0.15829702 0.23477593 0.040998645 -32767.0 -32767.0 -32767.0 -32767.0 -32767.0 -0.0010389303 -0.073833 0.50002366 0.7197733 0.78052104 0.8532344 0.8550168 0.81856674 0.8858899 0.91980875 0.9100731 0.8587507 0.9332455 0.9870414 0.9509712 0.72527874 0.459079 0.21298301 0.16214313 0.08430361 0.12991625 0.17092198
0.13537298 0.056008313 0.118008874 -0.07597186 -0.18697976 -0.03044467 0.08956762 0.1980863 0.26042587 0.2458408 0.12584242 0.12797132 0.075181924 0.11631217 0.15662897 0.122440726 0.043963946 -0.040157814 0.018209847 0.025437158 0.029914333 0.13831669 0.3545642 0.41246232 0.39383128 0.39001304 0.2956016 0.19853629 0.114643835 0.1040012 0.19333574 0.08721779 -32767.0 0.043990035 -32767.0 -32767.0 -0.106252804 0.60737175 0.63755566 0.57691634 0.61967516 0.6159913 0.66584474 0.74571073 0.7775744 0.68521094 0.4260713 0.6068984 0.6112318 0.56131124 0.56113166 0.5347592 0.3190341 0.07472345 0.1157417 0.105702356 0.12133416 0.11595258
0.14516886 0.051827464 0.024228368 -0.12143524 -0.05190275 0.021720376 0.058009285 0.13028754 0.18227896 0.17043541 0.25124812 0.21051507 0.18300714 0.15318832 0.18962382 0.20034125 0.11945907 0.08854777 0.14232685 0.21324715 0.19630016 0.2800526 0.371066 0.3174188 0.31527779 0.18871567 0.04838031 0.010941514 0.06668441 0.14273834 0.11886219 0.080832 0.08117774 0.037992775 -32767.0 -0.0765609 0.29349798 0.39428267 0.5334717 0.7388964 0.8608785 0.86308 0.72786796 0.698537 0.65594226 0.4580675 0.51686674 0.8122776 0.755298 0.47340414 0.43037957 0.44734994 0.19477603 -0.039151616 0.14151639 0.20084873 0.22282071 0.29881367
0.0005511865 -0.015647568 -0.053226013 0.016201323 0.08831857 0.075697444 0.11745247 0.19193906 0.28538287 0.32728675 0.2537934 0.200533 0.24096666 0.23013 0.26885787 0.23109832 0.17866766 0.21732199 0.25203633 0.26249906 0.23242082 0.24758819 0.26638088 0.3024963 0.24899952 0.12954901 0.049403425 -0.041860517 0.053795222 0.15957415 0.21794516 0.29915982 0.34520996 -32767.0 1.0461155 1.0980479 0.7674283 0.49230206 0.6705509 0.64816946 0.7370648 0.86893696 0.7666125 0.60512185 0.52168757 0.3695182 0.4998958 0.71126765 0.62138015 0.46138906 0.25276542 0.35828713 0.05855274 -0.025981078 0.15633498 0.30541897 0.38619193 0.48115787
-0.08683059 0.058033478 0.097278394 0.24892527 0.2630832 0.2972289 0.28957534 0.2560938 0.27048853 0.4267874 0.4170513 0.29348108 0.31676933 0.2635061 0.23562597 0.25697908 0.2615702 0.34991145 0.32705313 0.3792693 0.29080036 0.20916402 0.16241178 0.13925876 0.0860944 0.11936896 0.09949134 0.09126596 0.08438423 0.14078651 0.20859702 0.27986076 0.4006776 0.3308532 0.30555606 0.05030063 0.29822308 0.5721395 0.5996358 0.4473215 0.42714825 0.32021043 0.34327918 0.38358542 0.35168967 0.2560935 0.35804546 0.4930874 0.4678719 0.35303918 0.12795135 0.23869148 0.018012874 0.0025657592 0.11557028 0.22405663 0.388723 0.44514015
0.023903662 -0.03225474 0.21065591 0.29879552 0.40773937 0.47675553 0.5111539 0.48876444 0.43341783 0.4288786 0.53124297 0.3902299 0.34645128 0.3506317 0.37043756 0.36523753 0.27616176 0.301656 0.32986346 0.284088 0.15521303 0.10049298 0.115808554 0.07791772 -0.018910132 -0.013032749 0.08693643 0.06829699 0.078352466 0.18813808 0.31747213 -32767.0 0.38050446 0.24162681 -32767.0 0.22443269 0.5941764 0.7352229 0.55652815 0.497831 0.40857232 0.3070183 0.2423023 0.27098688 0.07662306 0.17930329 0.11530091 0.12108771 0.25713614 0.24714294 0.046216007 0.2521945 0.048275523 0.10799207 0.1333633 0.23650722 0.37424916 0.42693415
-32767.0 0.19458558 0.22146308 0.39497772 0.5450979 0.33361202 0.44764662 0.5289953 0.52699125 0.45537627 0.49659657 0.5289151 0.3833842 0.37592608 0.38300017 0.3996624 0.37003678 0.42188722 0.39746115 0.37612128 0.22881626 0.18728842 0.22310677 0.34021857 0.26432967 0.07175792 -0.0087501025 0.009257949 0.04242482 0.26663065 0.7468325 0.55722255 -32767.0 0.1835794 0.47786537 0.8402371 0.8601177 0.6457943 0.56587464 0.5189707 0.4547973 0.3312609 0.13516034 0.04351186 -0.067024104 0.08191576 0.06663278 -0.11938962 0.04017546 0.14420043 -0.012802495 0.35112873 0.25000346 0.30003315 0.27927294 0.2787812 0.41299754 0.65210915
0.09110453 0.2064477 0.44405505 0.53510493 0.47368968 0.3866871 0.41203448 0.45659587 0.546133 0.6244803 0.5246163 0.53636646 0.55248743 0.56183034 0.53081626 0.49562278 0.45242608 0.49596977 0.55476373 0.42947522 0.4122023 0.50076264 0.6334236 0.7360807 0.77141887 0.7334746 0.70904756 0.5682398 0.510781 0.5265113 -0.04211193 -0.004803465 0.4323955 0.755803 0.9322514 0.7084003 0.50891674 0.5801503 0.46017078 0.4005237 0.3759148 0.27975363 0.12690963 0.02327589 -0.018087452 -0.009945229 0.091635965 -0.007518651 -0.042868953 0.1101242 0.10701921 0.2942283 0.5400948 0.47621775 0.58276224 0.6003573 0.77497363 0.78142685
0.27143028 0.5015703 0.4466147 0.37881863 0.3916913 0.39803416 0.43156117 0.3623147 0.35753134 0.4774926 0.5850676 0.6440207 0.6534174 0.64628303 0.6491669 0.5670054 0.45507815 0.50906277 0.491905 0.42888716 0.62424475 0.64687335 0.9011341 1.1470264 1.2688669 1.2457101 1.181756 1.072837 1.0134594 0.9949391 1.0123949 0.8156014 0.61994797 0.36066782 0.18933503 0.27440444 0.481669 0.3810734 0.26615793 0.20473656 0.16531432 0.27163613 0.24924874 0.2202971 0.18006791 -0.09492187 -0.10684388 0.027766265 0.18253754 0.19780262 0.21348833 0.31174994 0.5899375 0.73588365 0.83720446 0.9708642 0.9540957 0.71775365
0.18982327 0.3753925 0.3188651 0.26921362 0.30031085 0.34828582 0.3524401 0.4544213 0.40107805 0.4557075 0.5035396 0.58574104 0.61214346 0.6021342 0.57458055 0.5219527 0.42958334 0.44634563 0.518309 0.59870094 0.5441986 0.82403356 1.000456 1.03114 1.0562247 1.0936855 1.1377751 1.1151583 1.0716509 1.1985457 1.1470977 0.97122353 0.6575731 0.5128195 0.50091374 0.51422554 0.47520992 0.32889634 0.21440992 0.2890604 0.3685122 0.367325 0.42870134 0.38702267 0.40564954 0.32426146 0.11113052 0.04490979 0.14510211 0.3133481 0.45907578 0.4215754 0.4863685 0.75175023 0.8836985 0.8997912 0.7003662 0.58441454
0.31107986 0.29124293 0.39897096 0.35871696 0.32278752 0.3326395 0.27832356 0.322732 0.43758687 0.47428703 0.42330143 0.4386064 0.46660385 0.47990617 0.46573162 0.51465607 0.50857556 0.57850194 0.5846518 0.42623326 0.57955444 0.7742753 0.70365185 0.6407923 0.6018346 0.5637405 0.56552947 0.65116566 0.7652941 0.73212767 0.73290586 0.55772656 0.5050776 0.6953675 0.73188347 0.6212453 0.54894435 0.5106571 0.5567036 0.64249593 0.7133685 0.7293061 0.74507934 0.66785395 0.5219543 0.49471107 0.4883954 0.3648977 0.30972514 0.3037027 0.43333477 0.5789341 0.5920821 0.529687 0.5366157 0.5085186 0.49637082 0.35010815
0.20632721 0.3225076 0.38092715 0.39942583 0.3259763 0.32214358 0.3493602 0.30685616 0.3682864 0.45180687 0.4283184 0.34466717 0.36058012 0.34262878 0.37391925 0.38820872 0.4031452 0.51207364 0.35091868 0.33431897 0.6213095 0.5321455 0.39813852 0.31670853 0.23548213 0.20477338 0.16252854 0.17152944 -0.10480569 0.17942807 0.39951694 0.576302 0.5678019 0.49745685 0.49360234 0.5571324 0.59838843 0.715453 0.8172816 0.8021274 0.6733625 0.576704 0.57497257 0.66637224 0.75954103 0.6113962 0.4732391 0.39358354 0.352915 0.29799572 0.42991823 0.42763427 0.45666015 0.4742512 0.45829692 0.35770997 0.28808308 0.109452985
0.35550946 0.38306576 0.49357808 0.42230204 0.5555529 0.33534235 0.2997839 0.31375024 0.30450594 0.3491776 0.33227944 0.31095502 0.3001173 0.29267567 0.22292367 0.19482002 0.1794302 0.22192349 0.2220733 0.488153 0.58049816 0.3250721 0.25080055 0.16739011 0.19390604 0.1327311 0.0973081 0.1891599 0.3382196 0.3367483 0.2346004 0.18844791 0.3565251 0.41991898 0.42690697 0.58885074 0.70968187 0.6528726 0.6012383 0.5222313 0.48746133 0.46398258 0.44046214 0.44529802 0.5063983 0.6708301 0.65720826 0.49441096 0.44115958 0.3816214 0.18156928 0.15847702 0.12741105 0.21946798 0.19184645 0.11264438 -0.0039987396 -0.0317114
0.45305905 0.51127326 0.5392612 0.4977562 0.3862568 0.30288166 0.34753925 0.24279723 0.23658124 0.2600756 0.21379824 0.23131423 0.19553404 0.15629464 0.23091917 0.19354005 0.18166016 0.25235274 0.46852487 0.73296666 0.45978734 0.26364878 0.15656593 0.11326552 -0.11217075 -0.14619015 -0.09069629 0.057577103 -0.06721371 0.051342804 -0.058750562 -0.082069874 -0.014478145 0.21334168 0.50083405 0.5177139 0.51142746 0.5077156 0.53761184 0.5403113 0.5052024 0.49113393 0.4449264 0.37137747 0.30153483 0.346548 0.4475893 0.42593762 0.31688762 0.07701298 -0.06661561 -0.12182523 -0.04559253 -0.017932892 -0.00325343 -0.09323435 -0.07058155 -0.012970737
0.6482133 0.616446 0.53674996 0.47097436 0.35779798 0.3618005 0.30623394 0.16138136 0.1803375 0.3158538 0.304833 0.34877196 0.2854025 -0.0075750845 0.1775281 0.3277722 0.40754586 0.6064022 0.8898538 0.6874497 0.40565547 0.24979562 0.1422063 0.04467183 -0.07347256 0.015048841 0.15408629 -32767.0 -0.0413671 -0.14185108 -0.20140065 0.058008593 0.28256407 0.33209932 0.37045485 0.41168138 0.44077647 0.45472032 0.5203046 0.5722165 0.493966 0.47022542 0.44392073 0.36607695 0.2143067 0.1658866 0.09953921 0.08613458 -0.036674447 -0.15263285 -0.19734947 -0.253809 -0.2666005 -0.29056865 -0.31679 -0.13745262 -0.021063771 0.027012687
0.5245599 0.64235425 0.49381754 0.40141565 0.4269975 0.41115624 0.40466204 0.37459448 0.32319266 0.28341272 0.42706788 0.43115738 0.44924155 0.33810297 0.3197159 0.5008808 0.7954783 1.0541036 0.83020115 0.5257007 0.331811 0.24261773 0.14135368 0.123918936 0.22630396 0.24649972 0.0896343 -0.031836 -0.1822556 0.05317057 0.26639995 0.34590128 0.23177686 0.23755632 0.27323535 0.32036027 0.35245496 0.35081145 0.33151618 0.23853442 0.19852349 0.1946783 0.18733418 0.19692439 0.20530944 0.01643731 -0.12881503 -0.20770442 -0.28055838 -0.31780884 -0.34800896 -0.41205075 -0.4400298 -0.3535049 -0.15393133 0.09680153 0.18505624 0.08021727
0.646269 0.41082358 0.3631109 0.39069748 0.43263862 0.4059653 0.3889041 0.32313782 0.25487983 0.22602385 0.31752837 0.43499485 0.47403193 0.49602965 0.60547286 0.87018996 1.0426549 0.85681313 0.5840384 0.3667814 0.27707285 0.20261383 0.09537363 0.099303804 0.14277655 0.13961297 -32767.0 -0.064069 0.11679757 0.32744643 0.25398532 0.14336456 0.16246922 0.1646124 0.18328159 0.19827844 0.14563608 0.097741894 0.011827404 0.027589766 -0.044378553 -0.026386885 -0.12418415 -0.11451907 -0.015841803 -0.25882766 -0.3632542 -0.35743374 -0.2951931 -0.15599208 -0.09984197 -0.05531897 0.015891382 0.032728836 -0.00861265 0.032651547 0.059267852 -0.0015285729
0.2832488 0.3240644 0.2843679 0.31869185 0.2732831 0.2297815 0.24904865 0.119185135 0.09539175 0.16441613 0.1733375 0.2168089 0.33830923 0.48031065 0.8311036 0.8979351 0.7997126 0.5753962 0.366366 0.34523466 0.24239439 0.10202066 0.072084896 0.050435215 0.054608114 0.22453347 -0.091054514 0.1694511 0.2996758 0.17369425 0.024717703 0.10832675 0.110665075 0.15894143 0.08806466 0.043281704 -0.036194135 -0.08047246 -0.18763952 -0.16364475 -0.16836324 -0.3343944 -0.41497436 -0.25074947 -0.34855562 -0.4641593 -0.46635562 -0.3602768 -0.10712951 -0.051466744 -0.11977263 -0.23449583 -0.20100386 -0.08986868 -0.049931884 -0.14136328 -0.15083091 -0.12569493
0.31067893 0.21348423 0.25547883 0.24366386 0.15030143 0.0980955 0.14409839 0.10444391 -0.00781659 0.027131882 0.083472036 0.09258824 0.2828187 0.65122813 0.6918651 0.65432405 0.52697575 0.34493992 0.34868893 0.25983372 0.08112065 0.031938937 0.02406927 0.04355386 0.12380274 0.050573606 0.1625181 0.21945012 0.12165183 -0.01804355 0.046557866 0.026192777 0.045512058 0.05296766 -0.028256701 -0.075429335 -0.16232231 -0.25059235 -0.3617243 -0.43969473 -0.5632932 -0.58681834 -0.44345012 -0.4790108 -0.5809606 -0.56230295 -0.4061542 -0.14483596 -0.2491346 -0.29027632 -0.25133246 -0.2315559 -0.19064054 -0.1670838 -0.122949034 -0.09762176 -0.22371966 -0.24128553
