static/data/seaWater_uo/2023/7/8/12.asc
ncols 137
nrows 93
xllcorner 108.0
yllcorner 17.0
cellsize 0.25
NODATA_value -32767
[rows 52 to 77 of 93, columns 58 to 115 of 137]
0.26447868 0.24179919 0.14471725 0.02552584 0.06683507 0.24167635 0.3180358 0.19607024 0.1508266 0.1560161 0.11901653 0.13016969 0.18654624 0.29225627 0.32035407 0.38072103 0.31584033 0.25904083 0.30107087 0.20974365 0.21339846 0.09045886 0.02699701 0.14381635 0.050155647 0.11421005 0.048085324 0.022259887 0.066426635 -0.010888907 -0.0016264713 0.11804606 0.14721757 0.13699174 0.062944874 -0.0012249809 0.016416458 -0.019256143 -0.08118071 -0.09735572 -0.17986448 -0.17113252 -0.27148125 -0.36537063 -0.5094869 -0.6513585 -0.48695135 -0.28465933 -0.37582755 -0.42678842 -0.37067398 -0.22686177 0.07677446 0.049431305 0.1642918 0.18945053 0.11878236 -0.06558295
0.37933964 0.25153536 0.19924656 -0.11734316 -0.13240716 0.06452146 0.27362198 0.26436344 0.15111841 0.06050696 0.14198972 0.3131022 0.30862358 0.15914464 0.25340354 0.36853814 0.28265196 0.27892143 0.16522522 0.019352661 0.04986886 0.116678275 0.19951917 -32767.0 0.15800676 0.11123582 0.08617732 0.029126665 0.066706896 -0.031784017 -0.024972558 0.12687197 0.16428706 0.10961666 -0.029313676 -0.039989293 0.015338246 -0.064946555 -0.101678826 -0.10838829 -0.16873984 -0.29840216 -0.41743615 -0.5557382 -0.5913923 -0.45908678 -0.30125353 -0.38528678 -0.4261512 -0.42681244 -0.27053434 0.023730347 0.08648472 0.32612464 0.50050324 0.41447696 0.28245574 0.16989224
0.22965764 0.17656223 0.21061818 0.32278475 0.33352324 0.25307786 0.1758842 0.25122213 0.23856667 0.1205545 0.0546041 0.037751086 0.15461478 0.3048288 0.3433151 0.33702204 0.21680553 0.17927678 0.031691365 0.05046657 0.00779905 0.003213778 -0.0056683277 0.00030149115 0.066820905 0.11319514 0.09911384 -0.0007898156 0.07406014 0.016427603 -0.049998354 0.020687599 0.09340528 0.057955854 -0.04566761 -0.08997716 -0.004819394 -0.10493548 -0.120374404 -0.17667156 -0.25043976 -0.40708125 -0.560588 -0.534077 -0.4198506 -0.25215104 -0.2790603 -0.3304477 -0.27155122 -0.13036273 0.077012934 0.12961748 0.37775826 0.32611758 0.24305634 0.2854356 0.35922915 0.28500566
0.13799474 0.21073326 0.2421568 0.37387738 0.4441299 0.47656053 0.544823 0.49921525 0.47519463 0.5357865 0.58400905 0.5856249 0.58653444 0.5534575 0.50407875 0.29971188 0.17812675 0.21106029 0.32959223 0.2322685 0.1975167 -32767.0 -0.003086993 0.04545992 0.19669294 0.10634563 0.10156431 0.058814887 0.055924386 0.13707417 -0.05109185 0.019390207 0.118912525 0.048304822 -0.06177813 -0.13340084 -0.020005843 -0.11442073 -0.0975741 -0.13581699 -0.2605712 -0.40802518 -0.46166277 -0.37637907 -0.21664417 -0.152649 -0.20384693 -0.15056519 0.0077087907 0.17924938 0.17552401 0.21369638 0.2727798 0.12281485 0.13069095 0.1749939 0.21517357 0.34173614
0.26048055 0.44308832 0.49620396 0.57570755 0.60031694 0.701903 0.62863046 0.7406728 0.8336818 0.90014577 0.9157886 0.87995803 0.84088844 0.67255294 0.41550222 0.23251896 0.23546909 0.2346835 0.26503602 0.23712839 0.22227108 0.45553768 0.31590337 0.23984264 0.06437199 0.26846972 0.31482324 0.15731673 0.096589975 0.1189457 0.087376475 0.06680591 0.10178003 0.07217252 0.054405976 -0.047968347 -0.061548732 -0.020911178 -0.034399606 -0.014854879 -0.08415823 -0.19254605 -0.2602935 -0.17176537 0.0086635295 0.042929925 0.021014852 0.05058881 0.16851142 0.17383546 0.1129201 0.18595663 0.108079284 0.043198004 0.038375154 0.090222634 0.108979605 0.24148038
-0.15394644 -0.0504132 0.088621005 0.23898229 0.41534698 0.3946557 0.5757008 0.77304435 0.91267806 0.94678307 0.85400057 0.6966544 0.45289487 0.24211743 0.19100942 0.28958228 0.37055302 0.47645018 0.5566799 0.55281085 0.5179606 0.5549602 0.5684342 0.5863163 0.60226774 0.57769895 0.4045768 0.28487983 0.26637492 0.20053475 0.09843771 0.086496286 0.06310392 0.15610145 0.19277681 0.059279155 0.033086397 0.04060139 0.06929692 0.109835856 0.1683512 0.14926437 0.037763 0.00900344 0.16403681 0.27090892 0.24583381 0.21797541 0.13506187 0.11919206 0.034343436 0.080717266 0.0058941403 -0.017025994 -0.04947323 0.058695167 0.10076226 0.14743064
-0.21663766 0.04722179 0.15484674 0.09147973 0.10336955 0.09758357 0.26276988 0.31504345 0.34906876 0.3205235 0.2127435 0.13950914 0.052293517 0.16261737 0.24957527 0.29821903 0.41958067 0.43927512 0.4534918 0.42369625 0.40882432 0.4002608 0.4175633 0.46509123 0.5115425 0.5229824 0.5668447 0.40204912 0.25438583 0.21874748 0.099412054 0.02621328 0.08664875 0.20497338 0.26154268 0.2943777 0.18920536 0.1310772 0.13169767 0.20444752 0.20459956 0.32878515 0.3380379 0.23838623 0.1414951 0.20179574 0.16683663 0.12702432 0.076644644 0.06069498 0.046160508 0.054112356 -0.0815698 -0.018585337 0.030849556 -0.0815397 0.10603717 0.07749495
0.12211928 0.018079454 0.18493424 0.13865562 0.038055524 -0.027890189 -0.0025949215 -0.12724176 -0.16975334 -0.13799812 -0.062373802 0.08943027 0.13730432 0.085261114 0.27328685 0.28902155 0.33040577 0.26666728 0.1976027 0.14225069 0.15714927 0.21549149 0.30671182 0.34444878 0.31824374 0.3478526 0.38416305 0.38395238 0.28641048 0.21620558 0.06092782 0.039437346 0.10533481 0.21621637 0.2774542 0.21808499 0.27531904 0.2792776 0.3228295 0.33002782 0.30348378 0.35178852 0.3858221 0.4633036 0.37007758 0.19229688 0.1469428 0.07813823 0.061475106 0.09939664 0.24027038 0.09565763 -0.06608725 -0.0065814313 0.104965195 0.17166267 -0.0037214947 0.11006579
0.42308003 0.38839087 0.3056482 0.18077996 0.157437 0.0768665 0.012821718 -0.11052262 0.022337588 0.13897885 0.20721248 0.21428733 0.09612385 0.16952114 0.3058653 0.29726788 0.21481566 0.16509669 0.07792608 0.10198877 0.27214122 0.23515049 0.2637603 0.3084219 0.24452493 0.19745012 0.15373462 0.18066898 0.1545885 0.14971556 0.0151790185 0.14563923 0.18129523 0.13283885 0.14313018 0.15111358 0.22155158 0.3157607 0.44084367 0.5331132 0.6282732 0.6290143 0.45049262 0.5152804 0.508947 0.4018901 0.2922674 0.27926642 0.2558496 0.4000781 0.31654653 0.16198249 0.009237225 0.13015495 0.096037686 0.14516161 0.14903444 0.1686177
0.47922894 0.37378275 0.3094243 0.019917406 -0.0027155345 0.12752731 0.17157654 0.06802431 0.09826219 0.12495631 0.08417822 0.098455794 0.25450704 0.4106379 0.38476118 0.2812044 0.17405699 0.15857394 0.12687248 0.20467925 0.16032054 0.07012861 0.07350172 0.04608864 0.011883887 0.043146897 0.0007897137 -0.002727854 0.05099222 0.040324435 0.038398065 0.2510767 0.22224885 0.14227858 0.14796728 0.11281261 0.12331367 0.21088596 0.23567156 0.3519563 0.47861198 0.59206694 0.7325182 0.6346589 0.45567843 0.44657847 0.44226265 0.45381418 0.47332376 0.27868623 0.22672047 0.14809811 0.025502464 0.22524078 0.06669563 0.039147977 0.09626541 0.21787184
0.36387992 0.2981605 0.1781341 -0.04714297 -0.037577953 0.085503526 0.09860146 0.22624221 0.11137583 0.11200834 0.06722901 0.15871286 0.3337308 0.41672096 0.3768761 0.2809887 0.18932682 0.1984575 0.16524066 0.11048537 0.051028695 -0.021591652 -0.14674096 -0.1863556 -0.16641194 -0.10634916 -0.16919315 -0.12661819 -0.02199584 -0.091993295 0.12936437 0.30114126 0.26067775 0.1713396 0.16593802 0.09269531 0.20869264 0.24610199 0.20537524 0.17440358 0.23898898 0.37643385 0.36055642 0.46970958 0.4994288 0.46058956 0.4577369 0.48633665 0.226676 0.24277785 0.12961766 0.001654117 0.07387855 0.17677104 0.024175668 0.1360293 0.1577471 0.21201673
0.26641792 0.16422342 0.07108604 -0.048057422 0.013602654 0.1033443 0.13170888 0.15309685 0.15595935 0.21912551 0.2673258 0.3186074 0.35337576 0.33401203 0.29054213 0.21180514 0.16840415 0.22070177 0.17865078 0.072798595 0.051057052 -0.0946354 -0.18593004 -0.25389358 -0.21166995 -0.24895756 -0.24910194 -0.10598889 -0.03046475 -0.034693647 0.21473266 0.28396752 0.12125855 0.06318106 0.1605456 0.26385126 0.1410436 -0.05858756 -0.106312074 -0.013113854 0.023665128 0.05196579 0.034281023 0.012622061 0.17792925 0.33941302 0.25060132 0.14497213 0.29525805 0.024764018 0.00979791 -0.14321059 0.1257639 0.053923484 -0.00084707263 0.06741437 0.056287188 0.038631774
0.16294914 0.1047686 -0.06581766 -0.101890944 -0.104392536 -0.1603334 -0.09746159 -0.011655612 0.09196791 0.16638242 0.2261856 0.28841883 0.27243707 0.24820985 0.19856103 0.1811911 0.13031042 0.18271336 0.19543958 0.111110285 0.021542622 -0.11269785 -0.21160766 -0.26610634 -0.26370567 -0.27159777 -0.18699987 0.0006829661 0.07822863 0.12802795 0.25105113 0.0827774 -0.01563118 0.029268168 0.22729392 0.15371893 0.031339105 -0.14312269 -0.22430015 -0.3188625 -0.27616924 -0.2470348 -0.32094428 -0.2494889 -0.042659856 0.032063354 0.028076334 0.13208726 0.075720295 -0.058149457 -0.07294073 -0.10001349 0.07062988 -0.0066346102 -0.12671112 -0.16672546 -0.22016636 -0.2718626
0.26198557 0.18929319 -0.07985244 -0.13523357 -0.1991902 -0.14413756 -0.09966435 -0.03836482 0.025875287 0.11024694 0.141779 0.20135935 0.15822923 0.13980427 0.1247523 0.120780714 0.11915413 0.13995625 0.1656328 0.037531257 -0.023783924 -0.08871103 -0.178015 -0.22623077 -0.21166532 -0.15029728 -0.053778976 0.12770395 0.27997258 0.28740504 0.2819468 -0.016666796 0.042229038 0.10641447 0.03294796 -0.029723782 -0.01712897 0.08267897 0.006583484 -0.41916716 -0.44667384 -0.37693095 -0.31243476 -0.2592468 -0.058376625 0.207801 0.23412596 0.14710464 -0.027487867 -0.026839824 -0.045651052 0.06561405 0.043448042 -0.062276084 -0.23280264 -0.3525473 -0.44087067 -0.3642504
0.27429104 0.1911075 -0.04708807 -0.08513948 -0.059294116 0.03311798 0.08619548 0.08241539 0.0878028 0.06985768 0.060656406 0.17690793 0.18139118 0.15522836 0.13534549 0.09992939 0.083242856 0.08026328 -0.01379888 -0.14443193 -0.08044509 -0.06920251 -0.044735655 -0.10470457 -0.0646236 0.052205957 0.15606429 0.24659623 0.3665636 0.35549596 0.21043104 -0.09418836 -0.0008513806 -0.096497506 -0.14347517 -0.27395114 -0.29862773 -0.18723288 -0.18566228 -0.13018093 -0.4398458 -0.3353119 -0.105179876 0.04604524 0.11286889 0.11244057 -0.11237958 -0.088530116 -0.13793069 -0.08614477 0.13034897 0.11797913 -0.025658183 -0.119042076 -0.26958287 -0.34388575 -0.35438845 -0.32954103
0.27482435 0.18154691 -0.0072290073 0.043525696 0.039090738 0.097223535 0.11018198 0.09882014 0.07193385 0.041427422 0.10089951 0.16672689 0.20863022 0.18589069 0.13803616 0.06998386 0.037279923 -0.0076686563 -0.20212741 -0.32400808 -0.24186403 -0.12324867 0.011239967 0.06816897 0.09566523 0.09903255 0.17637818 0.26265827 0.35598606 0.34520647 0.19114992 -0.15284336 -0.13933972 -0.09678255 -0.14120772 -0.21403173 -0.2153151 -0.23350188 -0.26856816 -0.2066086 -0.03746122 -0.32880497 -0.101293094 -0.00041706307 -0.03059327 -0.12629168 -0.2451281 -0.24182957 -0.13311392 -0.05649242 -0.007199321 0.034414466 -0.06907661 -0.16008343 -0.26251858 -0.31732348 -0.30091456 -0.23928854
0.25050354 0.16853549 0.054269724 0.107157014 0.16728982 0.114802785 0.07839271 0.08606463 0.08183887 0.11586374 0.19378035 0.32709855 0.3492432 0.25026494 0.15745825 0.06958668 0.009750458 -0.03789606 -0.17739528 -0.2625524 -0.2906298 -0.30310598 -0.18310867 -0.047820132 0.050645206 0.07123131 0.12382753 0.22295561 0.3955004 0.43477428 0.124301724 -0.11674407 -0.1933515 -0.04483958 0.041832898 -0.015193664 -0.08376124 -0.14925702 -0.12667651 -0.1818618 -0.15514784 -0.08741474 -0.17997928 -0.066728756 -0.13516846 -0.35036492 -0.300778 -0.20463762 -0.05540662 0.18602265 0.13854666 0.10812191 -0.020686843 -0.12960498 -0.14631028 -0.28026947 -0.2034375 -0.110695474
0.39294344 0.22935583 0.04990526 0.12236267 0.16919896 0.12983179 0.109709255 0.13185987 0.13510032 0.17550077 0.27100706 0.4019702 0.3416224 0.25490436 0.16081795 0.04622241 -0.028278744 -0.021431886 -0.04356742 -0.030436631 -0.117501356 -0.14009818 -0.21913835 -0.18175304 -0.091350295 0.030712826 0.18830538 0.33003786 0.39404944 0.34034345 0.031794343 -0.093247436 -0.16292955 -0.10985897 0.010459995 -0.062222064 -0.049050625 -0.1168081 -0.08025087 -0.07794204 -0.13241524 -0.050062396 -0.012078321 -0.03273126 0.1388316 0.14132996 0.21916476 0.31984818 0.40500858 0.33403748 0.24487919 0.2462981 0.17871045 0.065549545 -0.08235828 -0.15081844 -0.028618956 -0.019116577
0.532652 0.30773997 0.045638196 0.059504062 0.11387427 0.1100635 0.19762234 0.204576 0.19255096 0.20550552 0.25763312 0.3165131 0.23619196 0.14262064 0.11352021 0.027191063 -0.051663917 -0.020405155 0.053244695 0.070766106 0.0042265262 -0.072444774 -0.16284224 -0.117350236 -0.04202856 0.021092672 0.10210129 0.17079501 0.18270248 0.13398817 -0.07943014 -0.07501655 -0.15102634 -0.08787822 0.0017054135 0.048862264 0.13932563 0.05846926 0.10657629 -0.0816709 -0.0034366348 -0.070663005 0.031239148 0.03603784 0.017745778 0.14685588 0.24381702 0.2279822 0.25811848 0.22147015 0.19979207 0.11619777 0.13379161 0.1319209 -0.054435033 -0.0026646254 -0.03932322 0.021662453
0.27244237 0.17509988 0.04994503 0.071028724 0.054777652 0.18752067 0.21066296 0.17640212 0.12843642 0.18031827 0.17556128 0.2842642 0.1413068 0.088372394 0.06366984 0.019544646 -0.0804646 -0.03192948 0.045142446 0.09210109 0.10526981 -0.030317757 -0.15711397 -0.20237878 -0.14333884 -0.106463104 -0.06489977 0.0018033017 -0.00092771306 -0.074583836 -0.103135 -0.021211574 -0.09737692 -0.05186023 0.090546995 0.13673154 0.21959111 0.18766162 0.12946329 0.09239987 -0.027492631 0.0051111826 -0.017005919 0.05010362 0.01701108 -0.060144655 0.083434924 0.14139707 0.21962267 0.30807367 0.2852019 0.15044019 -0.016147925 -0.048027497 -0.110193595 -0.034308985 -0.08907118 -0.0021646477
0.062100895 -0.014837971 0.16406071 0.14425468 0.096614845 0.14082775 0.07611565 0.05805652 0.083176546 0.16964987 0.1768621 0.24073604 0.11016379 0.0894608 0.05948831 0.012562228 -0.11557829 -0.046542846 -0.04244197 -0.017042868 -0.0057018134 -0.10718667 -0.13495019 -0.1509011 -0.18164906 -0.25181887 -0.18799172 -0.17095314 -0.18133342 -0.20725206 -0.10075064 -0.0020874457 0.058364928 0.053159777 0.11616214 0.21655476 0.24387537 0.23676641 0.23737313 0.17572267 0.054659035 0.036722973 0.03051085 -0.09472419 -0.16244622 -0.062108018 0.009262098 0.031192444 0.1312082 0.08885745 0.016229684 -0.0038830815 -0.11174213 -0.18559968 -0.19582832 -0.1861202 -0.17224152 -0.098060094
0.30681393 0.21799667 0.13400173 0.24336685 0.17987345 0.15973863 0.08540895 0.15225257 0.177647 0.2261891 0.29072732 0.25258458 0.11266574 0.11730038 0.10037531 0.023385292 -0.08805205 -0.03206542 -0.15157959 -0.150255 -0.17123422 -0.14827509 -0.14302017 -0.13442767 -0.22564107 -0.1913655 -0.19190677 -0.20176142 -0.14454295 -0.020916345 0.13391127 0.21115275 0.28992507 0.3506411 0.40627974 0.46281272 0.46851483 0.44570488 0.4743523 0.42241076 0.29601812 0.11479411 0.09114005 -0.09668125 -0.15992317 -0.102129 -0.052942242 -0.06024414 -0.08222785 -0.18318303 -0.22157548 -0.26320216 -0.26159608 -0.24331014 -0.32095078 -0.3609826 -0.2823329 -0.09901144
0.11278337 0.12401511 0.112372845 0.23169452 0.30433384 0.21136174 0.17960735 0.27832973 0.3135393 0.36364648 0.44384873 0.29797554 0.12334857 0.15040573 0.13273738 -0.0059583336 -0.043992102 -0.00023286295 -0.17667374 -0.16749385 -0.20245126 -0.20118213 -0.06848252 -0.0119074695 -0.043453515 -0.03334042 -0.009151038 -0.022517294 0.08263715 0.22313921 0.27886507 0.2864423 0.49320573 0.6649614 0.727774 0.6655816 0.63600266 0.6570013 0.6521363 0.61158174 0.5326815 0.3967521 0.1696938 0.05248099 -0.038397547 -0.052261844 -0.11536886 -0.149652 -0.17874695 -0.31358156 -0.3521232 -0.37786454 -0.36955956 -0.27169985 -0.23359382 -0.15203513 -0.034130223 0.14585273
0.015378747 0.056558244 0.039353505 0.08514291 0.07473606 0.10611285 0.2579478 0.3707761 0.35662508 0.52402365 0.43290454 0.28922257 0.14487234 0.10783388 0.0074518183 -0.049828615 -0.06404833 -0.015936127 -0.15975341 -0.17710969 -0.17022273 -0.0464727 0.10499534 0.09741607 0.08113759 0.10908442 0.17743644 0.21202625 0.20429686 0.18126178 0.37557572 0.6104731 0.55499536 0.57535094 0.63702756 0.6812769 0.70103514 0.6770649 0.62326795 0.52449274 0.4438866 0.49440536 0.30989805 0.1582036 0.06409719 0.045151107 -0.122455485 -0.2412415 -0.15922888 -0.33837578 -0.41700262 -0.42805982 -0.42588776 -0.3008108 -0.105382375 0.108353004 0.13972974 0.16487195
0.08347535 -0.06283239 -0.10801288 -0.22234508 -0.02356819 0.22968704 0.2854845 0.24646375 0.4233989 0.46770385 0.3737903 0.26629308 0.1595286 0.04106734 -0.08550209 -0.10744751 -0.06363448 -0.04375012 -0.12272727 -0.14133559 -0.12113187 0.034374718 0.06593802 0.090895765 -0.016005421 -0.027457284 0.0543652 0.09152656 0.13226672 0.42073253 0.32073745 0.349848 0.5194288 0.5336551 0.5370198 0.5462921 0.538806 0.5501063 0.5154544 0.4482505 0.41106474 0.40495268 0.39649305 0.16931958 0.11939861 0.10370244 -0.064373165 -0.14777964 -0.099679835 -0.25778356 -0.36023852 -0.31725284 -0.3415885 -0.30763426 -0.16503684 -0.052207533 0.040721137 0.090044126
0.032990653 -0.16268967 -0.2255818 -0.20467184 -0.04483557 0.110263154 0.13442382 0.23517147 0.3421281 0.24161261 0.21092308 0.21025108 0.15353358 0.024422247 -0.09284776 -0.12947115 -0.06058866 -0.032656644 -0.10649144 -0.14657055 -0.11317277 -0.05094607 0.08732302 0.00423384 0.0723396 0.08885775 0.06804618 0.13221343 0.32758453 0.09143302 0.20065017 0.33103433 0.20290141 0.19350444 0.23598741 0.3516671 0.30131114 0.35807976 0.3336307 0.33757347 0.39485526 0.31569546 0.35450408 0.17526217 0.1734733 0.20465282 0.08323344 -0.05531808 -0.04906639 -0.13517718 -0.18648668 -0.19682223 -0.123591095 -0.06774153 -0.07830586 -0.08825723 -0.1585361 -0.12521182
