static/data/seaWater_uo/2023/7/8/6.asc
ncols 137
nrows 93
xllcorner 108.0
yllcorner 17.0
cellsize 0.25
NODATA_value -32767
[rows 26 to 51 of 93, columns 58 to 115 of 137]
0.04018277 0.03826665 0.22539827 0.17390007 0.16847195 0.26515532 0.29612124 0.44774976 0.4793431 0.5500194 0.5407805 0.5980156 0.5331771 0.4798059 0.4299841 0.29854593 -32767.0 -32767.0 0.117251255 0.3102774 0.35671797 0.42576918 0.4887646 0.48410344 0.4479349 0.3549189 0.18716058 0.07889239 0.15926352 0.09978902 0.017565165 -32767.0 -32767.0 -32767.0 -32767.0 -32767.0 -32767.0 -0.039949503 0.039755993 0.040866744 -32767.0 -32767.0 -32767.0 -32767.0 -32767.0 0.1380083 -32767.0 0.045468904 0.10994325 0.0927482 0.15492904 0.2750352 0.09793078 -32767.0 0.24530186 0.07007946 0.023778126 -0.014804978
-0.030153643 0.14524949 0.18151005 0.27325803 0.2637865 0.26508418 0.3154976 0.43504214 0.51686716 0.47532308 0.43704787 0.43142122 0.43882576 0.4253835 0.34636042 -32767.0 -32767.0 0.36703932 0.32422838 0.3843293 0.39645895 0.43986762 0.43760872 0.4325663 0.36197054 0.17862752 0.19068247 -0.020493245 -32767.0 -32767.0 -32767.0 -32767.0 -32767.0 -32767.0 -32767.0 -32767.0 -32767.0 0.012951176 0.02278741 -0.09762809 -32767.0 -32767.0 -32767.0 0.12459881 0.39533207 0.42116666 0.34292603 0.08291317 0.15888463 0.30474842 0.27718672 0.14771868 0.057291064 -0.03658058 -0.06660123 -0.06350238 -0.07902684 -0.217672
-0.10919216 -0.058866594 -0.08180466 0.070573784 0.21064706 0.23271027 0.26239216 0.2590894 0.27662495 0.30125746 0.24920681 0.25166908 0.22502273 0.23621923 0.287332 0.2913175 0.43594918 0.52482843 0.5140192 0.45742515 0.36696026 0.3002105 0.3048375 0.259328 0.17493884 0.20345509 -32767.0 0.08679004 0.004502743 -32767.0 -32767.0 0.015201573 -32767.0 -32767.0 -32767.0 -32767.0 -32767.0 -32767.0 0.21422306 0.12238221 -32767.0 -32767.0 0.113635145 0.26829663 0.026942924 -0.03990184 0.028187048 0.21051832 0.24734291 0.2542395 0.2239707 0.22141197 0.01448136 -0.035093732 -0.07136979 -0.10907955 -0.095481806 -0.22489703
0.021510633 0.032043844 -0.08015709 -0.067245945 -0.058695268 0.061076734 0.015922908 0.0021259133 -0.0507462 0.027945938 0.14813729 0.2083067 0.27781132 0.37704626 0.270779 0.27805153 0.28824863 0.2658173 0.3141979 0.27956378 0.23181444 0.14014205 0.12915368 0.1528927 0.1952414 -32767.0 0.06249346 0.080769785 0.043265607 -0.005886965 -0.0611771 -32767.0 -0.05973091 -32767.0 -32767.0 -32767.0 -32767.0 -32767.0 0.3034222 0.43352035 0.2916269 0.28569213 0.24319495 0.021815792 0.026765008 0.0477035 0.102235034 0.18315116 0.2337421 0.2985368 0.3477942 0.30768067 0.28666183 0.11773769 0.115665406 0.0048906123 -0.041583445 -0.13656093
0.021950074 -0.01917924 -0.021874608 0.0022397377 -0.073649146 -0.13693532 -0.19035217 -0.12871589 0.029776959 0.04331284 0.12046213 0.15046844 0.23903733 0.34113866 0.23608209 0.17116202 0.07695154 0.07213101 0.09455867 0.15519793 0.17799455 0.126095 0.08328233 0.09231133 0.17810407 0.38583538 0.36506933 0.36260235 0.14135379 0.07512759 0.05475498 0.084869325 0.01738174 -32767.0 -32767.0 -32767.0 -32767.0 0.20963478 0.32059965 0.18705511 0.04460161 0.034764327 -0.005987687 -0.07524714 -0.079981744 0.06762928 0.28635547 0.47814816 0.5630615 0.42964545 0.38978747 0.46605173 0.50395566 0.20228408 0.1515325 0.06494937 0.035899244 -0.06354017
0.044788916 0.045725252 -0.10099384 -0.09477149 -0.13630009 -0.009236852 -0.16278893 -0.046721376 -0.048207276 -0.12410343 0.005661184 0.008903197 -0.009920419 -0.011340909 0.0557287 0.020099504 -0.0005550656 -0.04020244 -0.12722099 -0.050779846 -0.0007563818 0.06561639 0.056268252 0.022682557 0.08618658 0.16848432 0.23042464 0.19120528 0.14902198 0.047417317 0.058073625 0.21194585 0.15693156 -32767.0 -32767.0 -32767.0 -32767.0 0.16323984 0.03900459 -0.038356084 -0.11797977 -0.041741814 -0.028919706 0.19548035 0.62340313 0.93187284 1.0794059 1.1334751 1.139144 1.046335 0.6635125 0.5083085 0.5052441 0.4146284 0.15780261 0.07480022 0.027577965 -0.14089997
0.016243365 0.019851137 0.0086272 0.028877221 0.07813409 0.054483756 0.07911512 0.17219262 0.098409794 0.076018006 0.0792297 0.14275542 -0.08484307 -0.12896027 -0.13070403 -0.05186093 -0.042635143 -0.02868623 -0.015173734 -0.04566416 -0.043789104 -0.0068955384 -0.040266365 -0.051760655 0.11012462 0.22631548 0.27114722 0.23954165 0.16662471 0.01825959 0.029623471 -32767.0 -32767.0 -32767.0 -32767.0 -32767.0 0.13289161 -0.023524951 -0.25979522 -0.24774349 0.19894902 0.60677266 0.846532 1.1162647 1.176125 1.1004854 1.0722755 1.0340557 1.0585896 1.0670686 1.000368 0.5970902 0.5134033 0.39878342 0.1889567 0.041015968 -0.062644936 -0.2543758
-0.0015288364 -0.0034937423 0.034015074 0.08983251 0.02668158 0.104910925 0.20971967 0.18503867 0.12522978 0.0985548 -0.019065877 -0.07939227 0.016688941 -0.011619393 -0.12724681 -0.10693611 0.006462698 0.13781853 0.10326441 -0.04604555 0.006505007 -0.018926255 -0.031072482 0.11577447 0.30451164 0.39273512 0.319094 0.242499 0.16376764 0.20659709 0.012384333 -32767.0 -32767.0 -32767.0 -32767.0 -32767.0 0.020902922 0.09883011 0.54411525 0.72072375 0.6986191 0.7552354 0.73777455 0.78085303 0.8861738 0.8634468 0.75507754 0.66620576 0.77755296 0.87842906 0.8168444 0.68202686 0.44257185 0.26719224 0.22966416 0.0025377204 -0.12634565 -0.23648003
0.15863305 -0.036062095 -0.038696647 -0.1823915 -0.09445425 -0.07777138 -0.06816179 -0.048850756 0.023134107 -0.052072834 -0.047927577 -0.04031213 -0.04089398 0.010339919 -0.032063577 -0.11265665 -0.011093365 0.1424425 0.14728984 0.026119784 0.03202266 0.2291889 0.3752246 0.39296812 0.32223403 0.3429623 0.2326265 0.15720332 0.1384371 0.11657343 0.1425472 0.10253331 -32767.0 0.061602328 -32767.0 -32767.0 0.029876627 0.50046265 0.4847761 0.5301899 0.6751714 0.667173 0.6884274 0.76184237 0.68305403 0.5572992 0.3116337 0.42701867 0.41074806 0.42062667 0.4603684 0.43845242 0.31668898 0.14006916 0.23251994 -0.007916107 -0.13106291 -0.108694196
0.06064304 0.028348533 -0.03509979 -0.25307888 -0.27536854 -0.22243783 -0.12237731 -0.113462076 -0.06273721 -0.05133476 0.04332089 0.1334018 0.06231071 0.059066042 0.06763471 0.014628599 0.041762754 0.14208785 0.19762914 0.15442982 0.15944955 0.34591562 0.314957 0.26747093 0.22038525 0.18511362 0.051333826 -0.02610588 -0.0032938917 0.11483287 0.1325085 0.053408373 0.11222876 0.090664744 -32767.0 0.118691005 0.26572996 0.43236774 0.6170952 0.7943793 0.85744894 0.97925216 0.9795403 0.7633562 0.57794636 0.3986851 0.35804012 0.6194039 0.497516 0.24357629 0.1737359 0.2051534 0.14525896 0.05986613 0.22448938 0.058011696 0.07557673 0.11693037
0.009077881 -0.0934384 -0.12960288 -0.0006789063 -0.13270028 -0.19902758 -0.2371027 -0.23118073 -0.06496791 -0.0037928384 0.055131286 0.06738835 0.09438706 0.0785233 0.14586575 0.06930034 0.094055735 0.14366117 0.19854525 0.1553264 0.090515666 0.18102013 0.16449067 0.15744127 0.23215938 0.17651537 -0.02085216 -0.102529 0.017601665 0.13993643 0.25722283 0.3286394 0.3623258 -32767.0 1.079055 1.241586 0.7899288 0.48345542 0.59109885 0.5425833 0.53304315 0.6413751 0.6349801 0.5359983 0.42312244 0.23835506 0.4251169 0.5063605 0.4247193 0.09460569 0.032125473 0.090936005 -0.03429584 0.06304934 0.21135975 0.13109386 0.23091562 0.19655274
-0.3942876 -0.2508826 -0.15557675 -0.1352595 -0.1430747 -0.12562752 -0.16704807 -0.11735749 -0.10361926 0.084122725 0.13288178 0.11759063 0.113259755 0.07121732 0.041951552 0.08523392 0.16938667 0.24272022 0.15852311 0.07777806 0.07106699 0.09051422 0.083570346 0.038457997 0.1832483 0.16927066 0.042542037 0.06317675 0.15439865 0.20459595 0.21943165 0.30002198 0.37426546 0.46220785 0.35689762 -0.042424016 0.34911343 0.5518229 0.5511392 0.42432 0.33612117 0.21434698 0.18392767 0.2659238 0.23698923 0.112099744 0.22604676 0.327717 0.2406039 -0.0062837433 -0.09120192 -0.059320368 -0.07861187 0.13450198 0.17147548 0.19640549 0.22748105 0.30063975
-0.10531291 -0.043414466 0.0053413115 -0.11346094 -0.14324787 0.050525885 0.10023562 0.059480317 0.051843755 0.016814996 0.12249793 0.15223433 0.20284982 0.13400857 0.15069704 0.14316209 0.19062977 0.23101698 0.19351651 0.14881091 0.08777761 0.0620872 0.11403365 0.04083547 0.07022386 0.14674154 0.08213318 0.07770276 0.1039798 0.19352828 0.32855722 -32767.0 0.38502496 0.2987671 -32767.0 0.23003703 0.61204344 0.73908675 0.52371985 0.46987203 0.34346226 0.19622223 0.12620056 0.21306275 -0.03530332 0.032009546 -0.11631127 -0.013453934 0.028064815 -0.1507223 -0.16527914 -0.088819355 -0.02443874 0.26556414 0.20648573 0.25477567 0.22482131 0.43321285
-32767.0 -0.13075003 -0.140789 -0.17037722 0.014652707 0.19679482 0.30909884 0.2944838 0.22580464 0.14578943 0.14036898 0.14976901 0.22501145 0.20609757 0.17302288 0.19053239 0.23700915 0.2865107 0.25207943 0.22171634 0.13326469 0.1781105 0.28532505 0.34461477 0.3398153 0.1663329 0.06923881 0.03928922 0.11711275 0.31542665 0.80982864 0.57948846 -32767.0 0.1665588 0.54475814 0.8599034 0.8125051 0.6111539 0.5383108 0.51204324 0.3387239 0.18456823 0.035854578 0.014065253 -0.15459299 -0.079503484 -0.24479781 -0.2998709 -0.18751101 -0.24620906 -0.13094851 -0.038116522 0.12633885 0.4423814 0.348524 0.3773872 0.41622773 0.7642723
-0.030558048 0.04594715 0.10273943 0.061357085 0.093825266 0.1377498 0.27910396 0.38925898 0.42023072 0.4542031 0.2794282 0.14467174 0.21828774 0.28727838 0.3121388 0.2885289 0.34389135 0.36129212 0.26563197 0.22578995 0.23451494 0.38443726 0.5287281 0.6700045 0.76139295 0.7558246 0.75980896 0.62194526 0.5939578 0.58372736 -0.031490926 -0.15870984 0.3556043 0.61544424 0.7625161 0.542879 0.41714558 0.55872345 0.46868148 0.33420822 0.2550064 0.14912139 0.01234746 -0.034154765 -0.07582863 -0.2143093 -0.18740235 -0.127667 -0.20432852 -0.21587162 -0.02101606 0.084618226 0.26905024 0.5720554 0.7235759 0.76583064 0.92951316 0.98024553
0.2789693 0.33221376 0.02433173 0.039328907 0.24426985 0.3777771 0.35871226 0.24526553 0.27352938 0.3338097 0.47338912 0.343448 0.2794276 0.30784374 0.32905132 0.28292102 0.32406786 0.32331246 0.22393575 0.24489689 0.38763127 0.5838553 0.84066945 1.0809432 1.1847504 1.1757768 1.1300623 1.0650245 1.022526 0.98384565 1.0116282 0.8055246 0.6897043 0.40419412 0.18582876 0.2355511 0.41962215 0.3726004 0.23454016 0.083398975 0.04363267 0.112034544 0.15137058 0.12284012 0.14307187 -0.17918326 -0.25180358 -0.12759846 0.06916341 0.16166757 0.17577226 0.25736144 0.39190933 0.6321113 0.9288028 1.1067175 1.0692859 0.87680066
0.09536723 0.111374915 0.0028545684 0.0047281655 0.027370473 0.14840618 0.28541076 0.3971571 0.3279379 0.3111244 0.38248038 0.4864643 0.45798355 0.38394845 0.39392206 0.32721025 0.2535059 0.27964887 0.27479073 0.40860805 0.4705753 0.7472556 0.9341496 0.98894775 1.0121151 1.0553052 1.1217523 1.1127827 1.088203 1.2090077 1.1378858 0.98807526 0.74559224 0.48062152 0.54896915 0.5860039 0.47469205 0.30175018 0.16750407 0.19014636 0.2144743 0.23846696 0.22705843 0.2653624 0.2923124 0.32980374 0.12163921 0.017549463 0.029302828 0.17260486 0.40356272 0.44395646 0.48523626 0.61543626 0.8196323 0.8716345 0.8317943 0.7703581
0.285098 0.059808604 0.14429775 0.18564834 0.17743503 0.28004792 0.2705866 0.38775504 0.39059573 0.35188556 0.36937484 0.5053778 0.49956277 0.44233027 0.42378446 0.36472088 0.3938345 0.4119067 0.40498984 0.40481466 0.51814085 0.69242305 0.6954448 0.66977805 0.5749194 0.5601812 0.5659199 0.6644848 0.8249015 0.79294896 0.7967835 0.7351316 0.52609634 0.61932206 0.6735141 0.6535699 0.5029378 0.4085928 0.48740998 0.5056272 0.4908938 0.5221857 0.53411293 0.46266133 0.41734797 0.4257937 0.48934028 0.40138903 0.27458137 0.23059154 0.2951043 0.52689904 0.6463848 0.6159656 0.58435005 0.66223633 0.70203394 0.5127222
0.16822559 0.20680128 0.2503355 0.2621119 0.26104015 0.2736916 0.4075033 0.31536052 0.40576681 0.41374803 0.37673053 0.44810048 0.39180672 0.38649914 0.4651313 0.47403657 0.5153767 0.577223 0.39268222 0.31671372 0.5113694 0.5278999 0.46331304 0.37756354 0.2925602 0.2248003 0.23293638 0.27583686 -0.08586308 0.15916246 0.40729994 0.63792974 0.6409861 0.53703314 0.47543958 0.5079872 0.48926046 0.5266074 0.6436435 0.7112811 0.6354441 0.5645066 0.561396 0.63845354 0.64642644 0.48042542 0.32988608 0.31365255 0.24231385 0.25233757 0.3126119 0.44865373 0.51885563 0.5853016 0.613159 0.53167194 0.4133013 0.28299156
0.32703307 0.32919005 0.4189454 0.47752023 0.5077366 0.47007868 0.264537 0.31235275 0.3559557 0.41952595 0.4195348 0.40649956 0.35037687 0.34307107 0.31290504 0.26402357 0.3302409 0.2240975 0.17893846 0.38985947 0.51245004 0.436297 0.3561461 0.26143086 0.25791734 0.1716137 0.19281621 0.29327765 0.4756432 0.41092753 0.35112578 0.20966026 0.3362383 0.42366448 0.43408084 0.4493676 0.60845894 0.6483097 0.5933461 0.55136555 0.50538725 0.46107972 0.46330708 0.49155486 0.58317494 0.6443179 0.47388935 0.31449997 0.2385089 0.20476408 0.3327853 0.2866828 0.34522638 0.30406928 0.23477551 0.2699953 0.16659768 0.15814632
0.41869757 0.44814348 0.56700116 0.5715847 0.45245686 0.3860876 0.34658253 0.26729202 0.29966992 0.34014887 0.34959242 0.28527638 0.20296176 0.294779 0.2798106 0.13643071 0.11286212 0.09063747 0.3272341 0.5866094 0.53659505 0.4133422 0.2833688 0.17124423 -0.08178328 -0.08875242 -0.032817814 0.1211365 0.055844493 0.054204274 -0.036911372 -0.03970297 0.033950426 0.1765265 0.4607082 0.5261227 0.5004409 0.52354234 0.5745804 0.5645586 0.5475639 0.5407736 0.5014959 0.40983468 0.41988042 0.49117464 0.50529385 0.37592137 0.22019903 0.20532492 0.11718947 0.058677793 0.06511274 0.102378994 0.11107875 0.08424088 0.078033 0.20632786
0.5678042 0.99554455 0.62560594 0.63085544 0.4463179 0.4090392 0.3083229 0.17009458 0.25371146 0.39333844 0.382589 0.28347364 0.15257174 0.22412391 0.30527332 0.1981306 0.23643371 0.4317434 0.7060955 0.7566958 0.5118119 0.41800174 0.27879483 0.11886821 -0.056607287 -0.07244442 0.12554514 -32767.0 -0.062195554 -0.118710116 -0.17909396 0.00047677854 0.27401185 0.40542617 0.4189051 0.4244404 0.49859655 0.5976821 0.6677124 0.6892013 0.6600185 0.6244967 0.54000056 0.422641 0.25997177 0.28496182 0.29012695 0.18478782 0.0890014 -0.03188739 -0.029364636 -0.08644805 -0.10075106 -0.1062173 -0.16458201 -0.043860875 0.10476611 0.2339127
0.6638789 0.5608078 0.5779175 0.5225224 0.46177977 0.43062207 0.3597976 0.3013734 0.42984474 0.40204525 0.5086226 0.4342212 0.37036648 0.28946176 0.31442776 0.36870736 0.5922214 0.90749574 0.880253 0.58206147 0.4771522 0.42692393 0.283621 0.19115214 0.2175923 0.24311754 0.11917062 0.036823984 -0.1550555 0.070355594 0.20286234 0.34441763 0.32263467 0.34244215 0.33620095 0.45072877 0.5115418 0.5410318 0.5113006 0.4768083 0.43118334 0.37738693 0.38223973 0.3173695 0.22022256 0.1995062 0.069610685 -0.016570583 -0.09431489 -0.1449005 -0.18609706 -0.2534613 -0.23992358 -0.19210774 0.0009798888 0.28237793 0.38507488 0.23469596
0.7759301 0.48306888 0.44230264 0.4061787 0.4653002 0.43777677 0.34189072 0.36750978 0.3695275 0.3559597 0.41876957 0.4790242 0.44125044 0.45670956 0.5100022 0.6823922 0.94751257 0.8873684 0.6495327 0.47809926 0.47048226 0.39883414 0.25429705 0.19346589 0.19329713 0.17908196 -32767.0 -0.12913679 0.05595078 0.2698046 0.3506947 0.25592953 0.3031888 0.27566886 0.3558822 0.39210343 0.35046637 0.3063625 0.2700316 0.19908045 0.22619198 0.14653865 0.07549893 0.15919013 0.14578855 0.014949733 -0.13248491 -0.18745649 -0.24354509 -0.052072186 -0.05973572 0.06540308 0.14686626 0.22439548 0.23436786 0.25756025 0.20699099 0.15341619
0.34312606 0.35477367 0.31375265 0.29560575 0.32437098 0.32014266 0.31435475 0.3021911 0.2320213 0.25281838 0.264094 0.3073578 0.39274028 0.42761332 0.6424668 0.88303405 0.8063761 0.6280201 0.46054554 0.51272166 0.42001513 0.2996602 0.2212763 0.18059494 0.21528675 0.17923346 -0.15364923 0.024807287 0.2737315 0.24746503 0.13910548 0.24124923 0.27640578 0.29475814 0.33356714 0.24004404 0.15276115 0.13115571 0.01286058 -0.060465336 -0.119675174 -0.07384543 -0.08775002 0.044020403 -0.059482455 -0.18973018 -0.28747308 -0.35250103 -0.18543248 0.018303799 0.030476514 -0.02725645 -0.021908697 0.06365467 0.15969835 0.13687986 -0.04452998 -0.028964445
0.33160564 0.25425354 0.24966623 0.26268926 0.25691882 0.2274688 0.31097716 0.2744063 0.14100446 0.10620908 0.12648267 0.19218613 0.26316017 0.49440312 0.65085274 0.64498043 0.55015874 0.4089949 0.48935196 0.36490202 0.2500285 0.19963492 0.18131399 0.2157326 0.1971386 0.027422585 0.066334754 0.1795481 0.19668445 0.0898386 0.13053937 0.22220953 0.2350974 0.28904423 0.24531582 0.105270386 0.069406494 -0.042987403 -0.16363244 -0.3404317 -0.33384106 -0.26245704 -0.13811246 -0.15748571 -0.26241514 -0.3387449 -0.35167113 -0.19776191 -0.0818055 -0.104832485 -0.06801388 -0.041985594 -0.019823665 0.02681619 0.04138571 0.019161964 -0.18368569 -0.12972087
