static/data/ASCData/20210113/ASCU/00.asc
ncols 97
nrows 97
xllcorner 99.0
yllcorner 2.0
cellsize 0.25
NODATA_value -32767
[rows 19 to 37 of 97, columns 43 to 85 of 97]
-3.117278753998984 -1.982585164509719 -1.2648512317964296 -1.3566427123291382 -2.718928876837859 -3.967795979099315 -4.691565516012016 -4.818564687707955 -4.637748045233934 -4.4521532161020465 -4.702379306869293 -4.822336940332587 -4.728533591733408 -4.66993793429746 -4.617377881060922 -4.530364587186081 -4.557776289591739 -4.652334088715844 -4.798948974059869 -4.91312248683206 -5.0225178129463846 -5.207106708045037 -5.380881812286412 -5.617276310096676 -5.713091526762325 -5.6934758131142384 -5.542082741112347 -5.345925604631489 -5.078347151790936 -5.030313801703957 -4.841952653980672 -4.788135183202591 -4.925948145755809 -5.237536212550401 -5.482481149643164 -5.5207066429061 -5.723653834111294 -6.041026021596988 -6.54399303821457 -7.203131313491911 -8.082066175031136 -8.986400870909549 -9.293965201571199
-2.8554844218495328 -1.5419860579527171 -0.6894569647859159 -2.054760931394342 -3.880028234699547 -4.840946719947437 -4.974735946367714 -4.959143968852569 -4.974735946367714 -4.914128420865295 -4.976747814434185 -4.964928089543672 -4.884956333901476 -4.791152985302297 -4.7101752956268665 -4.674967604463635 -4.788135183202591 -4.896524575283681 -5.051941383418513 -5.16712083022394 -5.276516156338264 -5.462110985470151 -5.634880155678291 -5.751065536516952 -5.8292769076009865 -5.714851911320486 -5.528502631663672 -5.258912310756648 -4.943551991337424 -4.889734520559343 -4.9357560025798515 -4.961910287443966 -5.165108962157469 -5.436711151130963 -5.685679824356667 -5.910254597276417 -6.184623104841307 -6.616420288607502 -7.138751535364861 -7.824295579014626 -8.662238628699516 -9.184569875456875 -9.11717229523012
-2.62311366017221 -1.3048371096175273 -0.212895716540757 -1.9425992866886213 -3.7628369198276506 -4.529358653152846 -4.814540951575014 -4.8135350175417795 -4.896524575283681 -4.9777537484674195 -4.983537869158522 -4.993345725982564 -4.960149902885805 -4.907338366140959 -4.931732266446911 -4.979514133025582 -5.089915393173141 -5.187490994396951 -5.292108133853409 -5.427909228340155 -5.571506311584475 -5.704289603971517 -5.87026871945532 -5.930876244957737 -5.910254597276417 -5.756849657208054 -5.487510819809339 -5.046911713252337 -4.738341448557451 -4.662141945539887 -4.896524575283681 -5.199310719287465 -5.417095437482878 -5.621300046229615 -5.899440806419139 -6.271636398716149 -6.722797812622121 -7.195335324734339 -7.7216903076246375 -8.377056330277348 -8.832995930841186 -8.968797025327932 -8.887819335652502
-1.9209717049740653 -0.8272699273391333 0.14924053542390237 -1.6378012746183666 -3.3994432503214473 -4.14358295140716 -4.362373603635808 -4.472774863783368 -4.687541779879075 -4.860562433595523 -4.960149902885805 -5.037103856428295 -5.0617492402425555 -5.1329190730939445 -5.204088905945332 -5.2890903317537035 -5.387923350519058 -5.546860927770213 -5.660279990017479 -5.744275481792615 -5.895668553794507 -5.961054265954793 -6.049827944387795 -6.041026021596988 -5.878064708212891 -5.701271801871812 -5.224710553626652 -4.7257672731420115 -4.506976620913363 -4.556770355558504 -5.005919901398005 -5.3994915919012625 -5.633874221645056 -5.825253171468045 -6.101633547099407 -6.67501594604345 -7.21394510434919 -7.669130254388101 -8.13965589843385 -8.663244562732752 -8.854623512555742 -8.7990456572195 -8.694428517763042
-0.9990331635140377 -0.11431418128371096 0.32905124386468776 -1.2422177160486383 -2.930677990833861 -3.827216697954701 -4.047013284216584 -4.268570255036629 -4.484594588673881 -4.768770953062814 -4.905326498074488 -5.097711381930713 -5.23150060835099 -5.374091757562074 -5.510898786082057 -5.595900211890428 -5.721893449553132 -5.881082510312597 -6.002046077809125 -6.054857614553971 -6.193425027632115 -6.205244752522629 -6.232404971419978 -6.023422176015373 -5.860460862631276 -5.499079061191543 -5.02151187891315 -4.551740685392328 -4.415185140380654 -4.680751725154738 -5.21490269680261 -5.600678398548295 -5.769675316131803 -5.962060199988027 -6.4464174369907585 -7.0205542864597295 -7.471715700365699 -7.903512884131894 -8.38485231903492 -8.682608792872529 -8.799800107744426 -8.689650331105176 -8.584027257615483
-0.1759276408193644 0.5028263481060624 0.8259826562828585 -0.21113533198259526 -1.515831773088603 -2.5489260252211166 -3.8495987301941836 -4.072413118555772 -4.390791240074702 -4.68854771391231 -4.933744134513382 -5.209118576111507 -5.406281646625599 -5.684673890323431 -5.819469050776943 -5.9736284413702325 -6.0996216790329365 -6.191413159565645 -6.3058381558461445 -6.343812165600772 -6.443399634891054 -6.423029470718042 -6.308604474437542 -6.059635801211838 -5.631862353578585 -5.270732035647161 -4.798948974059869 -4.357595416977941 -4.521562664395272 -4.946318309928821 -5.400497525934497 -5.6934758131142384 -5.872280587521789 -6.152433215777783 -6.636790452780514 -7.193574940176177 -7.601732674161346 -7.955067003335197 -8.444453910504103 -8.661232694666282 -8.695434451796277 -8.584027257615483 -8.536245391036813
0.06926877978170642 0.9011762252671871 1.6855532876823065 1.7939426797633948 0.5068500842390029 -1.8985896727345828 -3.372283031424098 -4.006021472362251 -4.292964155342582 -4.692571450045251 -5.015727758222047 -5.400497525934497 -5.617276310096676 -5.946468222472882 -6.072461460135587 -6.227626784762111 -6.361416011182388 -6.456225293814802 -6.580206663411036 -6.62321034333184 -6.649616111704262 -6.552794961005378 -6.396623702345618 -6.062653603311544 -5.58709828909962 -5.07130561355829 -4.566578212382547 -4.2502119589300875 -4.513766675637701 -5.179695005639379 -5.577290432275578 -5.782249491547242 -5.909248663243181 -6.216812993904833 -6.773597481300497 -7.337926473945423 -7.678938111212144 -7.996310298697837 -8.359452484695732 -8.608421157921436 -8.697446319862747 -8.63683879436033 -8.595846982505996
0.08486075729685183 1.080986933707973 1.933516026874774 2.425669252635078 1.6473277944193705 -1.1406183786918869 -3.3380812742941024 -4.107620809719003 -4.350805362253604 -4.7941707874020025 -5.105507370688286 -5.58508642103315 -5.804883007295033 -6.120243326714258 -6.298042167088573 -6.465027216605609 -6.599822377059121 -6.68960198952536 -6.763789624476454 -6.746185778894838 -6.788183524782406 -6.661184353086467 -6.344818099634008 -5.966838386645895 -5.476697028952061 -4.963922155510437 -4.502952884780422 -4.248200090863617 -4.636742111200699 -5.315496100126126 -5.6504721331934356 -5.742263613726145 -5.9014526744856095 -6.243218762277256 -6.803775502297551 -7.404318120138944 -7.7734959103362495 -8.006872606046807 -8.343860507180587 -8.645640717151137 -8.713038297377892 -8.676824672181427 -8.703230440553849
0.33382943052255465 0.9912073212417343 1.6757454308582633 2.1794668980007716 1.6493396624858403 -1.1406183786918869 -3.4316331393849726 -4.177784708537155 -4.370169592393381 -4.920918475589633 -5.223704619593418 -5.736479493035042 -5.989471902393686 -6.264846343991812 -6.483385512712152 -6.642574573471617 -6.762783690443218 -6.856587039042397 -6.92675093786055 -6.969754617781353 -6.857592973075633 -6.630000398056177 -6.287228376231294 -5.875046906113186 -5.427909228340155 -4.88395039986824 -4.375199262559557 -4.30578981426633 -4.938522321171249 -5.470912908260959 -5.591876475757488 -5.718875647453427 -5.8896329495950965 -6.145643161053445 -6.65439429836213 -7.351758066902407 -7.885909038550279 -8.060690076824889 -8.35165649593816 -8.654442639941944 -8.755036043265461 -8.851605710456036 -8.909195433858748
0.8689863362036618 1.2683421473980219 1.8329226235512581 2.297664146905904 1.251744235849642 -1.588007539973226 -3.703235328358467 -4.313585803023903 -4.479564918507705 -4.978508198992346 -5.344919670598255 -5.82424723743481 -6.068437724002646 -6.3780139227307675 -6.607618365816695 -6.772591547267261 -6.89556698283026 -6.958186376399149 -6.9365587946845935 -6.946366651508636 -6.783405338124539 -6.574422542719933 -6.219830796004539 -5.7646456459656275 -5.192520664563127 -4.52835271911961 -4.094795150795255 -4.270582123103099 -4.8799266637353 -5.336117747807447 -5.596906145923663 -5.711079658695854 -5.841851083016426 -6.105657283232347 -6.600576827584048 -7.264744773027566 -7.85648546807815 -8.186683314487594 -8.436657921746532 -8.703230440553849 -8.958234717978964 -9.23738141220172 -9.558777335820356
0.7108032094774326 0.7812185918038939 1.335739727624778 1.6063359825650374 -0.06552638067180538 -2.3839528437705493 -3.756046865103313 -4.32037585774824 -4.584182057964162 -4.9815260010920515 -5.463871370028313 -5.9816759136361135 -6.203232884456158 -6.449435239090464 -6.661184353086467 -6.805787370364022 -6.9063807736875376 -6.92675093786055 -6.927756871893785 -6.8681552804246015 -6.716007757897783 -6.462009414505904 -6.060641735245074 -5.660279990017479 -4.9083443001741935 -4.247194156830382 -4.257002013654425 -4.711935680185028 -4.960149902885805 -5.247092585866135 -5.562704388793668 -5.713091526762325 -5.861466796664511 -6.101633547099407 -6.548016774347511 -7.097759723510528 -7.658316463530824 -8.273445124854126 -8.647652585217607 -8.987406804942783 -9.464973987221178 -10.002142760968756 -10.596901258119045
0.15024646945713727 0.1512524034903726 0.1140328442606715 -0.0625085785720998 -1.531423750603748 -2.8195222801613755 -4.116422732509811 -4.533382389285786 -4.816552819641485 -5.134930941160414 -5.600678398548295 -6.016632121291035 -6.282450189573428 -6.4992289737356055 -6.64182012294669 -6.784411272157774 -6.820373413845932 -6.819367479812696 -6.821379347879167 -6.722797812622121 -6.54600490628104 -6.323442001427761 -5.96784432067913 -5.665058176675346 -4.921924409622868 -4.3342074507052235 -4.369163658360145 -4.818564687707955 -4.976747814434185 -5.195538466662833 -5.5136651046734535 -5.690458011014533 -5.912266465342887 -6.1222551947807275 -6.494199303569429 -7.060540164280827 -7.586140696646201 -8.137895513875687 -8.566423412033867 -9.033428286963293 -9.52055184255742 -9.9805151792542 -9.960145015081187
-1.5351960032283798 -1.2490077707729756 -1.4494401268950823 -1.9229835730405356 -2.869316014806516 -3.930827903377923 -4.234368497906633 -4.650573704157683 -4.926954079789044 -5.261930112856353 -5.633874221645056 -5.965832452612659 -6.238440575619389 -6.430825459475614 -6.5714047406202285 -6.6699862758772746 -6.70619990107374 -6.703182098974034 -6.68960198952536 -6.607618365816695 -6.438621448233187 -6.228632718795346 -5.96784432067913 -5.669081912808286 -5.226722421693123 -4.639759913300405 -4.570350465007179 -4.943551991337424 -4.947324243962056 -5.112297425412622 -5.450291260579638 -5.625072298854247 -5.864484598764217 -6.117225524614552 -6.489421116911562 -6.822385281912402 -7.283354552642416 -7.829325249180801 -8.2726906743292 -8.752018241165755 -8.854623512555742 -9.021608562072778 -7.365338176351081
-3.1220569406568512 -2.7149051407049183 -2.774506732174102 -3.34487132901844 -3.9972195495714438 -4.184574763261493 -4.487360907265277 -4.700367438802823 -4.976747814434185 -5.2626845633812795 -5.588858673657782 -5.915032783934284 -6.1114414039234495 -6.298042167088573 -6.477601392021049 -6.57517699324486 -6.618180673165663 -6.616420288607502 -6.602588695650518 -6.547010840314275 -6.384803977455105 -6.140613490887269 -5.921068388133695 -5.667070044741816 -5.225716487659888 -4.924942211722573 -4.854526829396113 -5.01094957156418 -4.979514133025582 -5.0763352837244655 -5.423885492207215 -5.577290432275578 -5.819469050776943 -6.071455526102351 -6.246236564376962 -6.579200729377801 -6.8691612144578365 -7.388726142623799 -7.664100584221925 -7.993292496598132 -7.844917226695946 -7.050983790965093 -5.396473789801557
-3.7882367541668382 -3.621251704649801 -3.6016359910017153 -4.035193559326071 -4.291203770784421 -4.415185140380654 -4.615366012994452 -4.827366610498762 -5.009943637530945 -5.278528024404734 -5.563458839318594 -5.916038717967519 -6.033230032839416 -6.160229204535355 -6.365439747315328 -6.503001226360237 -6.5449989722478055 -6.553800895038613 -6.5419811701481 -6.505013094426707 -6.341045847009376 -6.077239646793454 -5.871274653488554 -5.615264442030205 -5.305688243302083 -5.003908033331534 -4.999129846673667 -5.136942809226884 -5.046911713252337 -5.134930941160414 -5.410305382758541 -5.50410873135772 -5.740251745659674 -5.882842894870759 -6.056869482620442 -6.2374346415861535 -6.5175872698421475 -6.771585613234025 -6.8342050068029145 -6.908392641754008 -6.3624219452156225 -5.505114665390955 -4.682763593221208
-3.864436257184402 -3.8926024101149865 -4.005015538329016 -4.233614047381707 -4.386767503941761 -4.5781464537647505 -4.778327326378548 -4.933744134513382 -5.094945063339317 -5.339890000432079 -5.648460265126966 -5.9170446520007545 -6.012859868666403 -6.103645415165877 -6.313634144603718 -6.477601392021049 -6.5175872698421475 -6.495205237602665 -6.503001226360237 -6.458237161881272 -6.30684408987938 -6.088053437650732 -5.836066962325324 -5.53529268638801 -5.2460866518329 -5.124117150303136 -5.183718741772319 -5.253128190065546 -5.104501436655051 -5.213896762769375 -5.2890903317537035 -5.379875878253177 -5.515676972739923 -5.641670210402628 -5.787279161713418 -5.961054265954793 -5.996261957118023 -6.114459206023155 -5.950240475097514 -5.556668784594256 -4.915134354898531 -4.667171615706063 -3.9718197152322556
-3.7374370854884624 -3.8252048298882304 -4.075179437147169 -4.2658039364452325 -4.454165084168517 -4.670943868330695 -4.8399407859142025 -4.984543803191757 -5.131913139060709 -5.356487911980459 -5.637897957777996 -5.783255425580477 -5.941438552306707 -6.064665471378015 -6.226620850728876 -6.421017602651571 -6.469805403263477 -6.440633316299657 -6.489421116911562 -6.443399634891054 -6.25705035523424 -6.058629867178603 -5.72868350427747 -5.490277138400735 -5.28129434299613 -5.163097094090999 -5.211130444177978 -5.263690497414515 -5.140715061851516 -5.220686817493712 -5.191514730529892 -5.174916818981512 -5.187490994396951 -5.288084397720468 -5.455069447237506 -5.5400708730458765 -5.544094609178817 -5.283306211062601 -4.798948974059869 -4.115416798476575 -3.578248024728998 -3.3594573725003496 -2.5333340477059716
-3.647657473022224 -3.843814609503081 -4.175018389945759 -4.302772012166625 -4.508988488979833 -4.758963096238771 -4.9083443001741935 -5.018745560321753 -5.128895336961003 -5.22948874028452 -5.440483403755595 -5.591876475757488 -5.771687184198273 -5.970862122778835 -6.089059371683968 -6.235422773519684 -6.33400430877673 -6.3936059002459125 -6.486403314811857 -6.456225293814802 -6.3058381558461445 -6.078245580826689 -5.670087846841522 -5.406281646625599 -5.263690497414515 -5.222698685560182 -5.282300277029366 -5.352715659355827 -5.254888574623708 -5.077341217757701 -4.960149902885805 -4.943551991337424 -4.872130674977727 -4.957132100786099 -5.037103856428295 -5.01094957156418 -4.859556499562288 -4.313585803023903 -3.522670169392755 -2.62512552823868 -2.164156257508666 -1.6124014402791786 -0.5410816948837289
-3.7100253830828045 -3.8566402684268297 -4.084987293971212 -4.3261599784393425 -4.475792665883073 -4.693577384078486 -4.891746388625814 -5.037103856428295 -5.1376972597518105 -5.2169145648690805 -5.293114067886643 -5.423885492207215 -5.586092355066385 -5.837072896358558 -6.0156261872578 -6.119237392681022 -6.227626784762111 -6.34003991297614 -6.399641504445324 -6.40039595497025 -6.269624530649679 -5.902458608518844 -5.538310488487715 -5.354476043913989 -5.302921924710686 -5.302921924710686 -5.302921924710686 -5.254888574623708 -5.084131272482038 -4.885962267934711 -4.768770953062814 -4.711935680185028 -4.615366012994452 -4.633975792609302 -4.64277771540011 -4.553752553458798 -4.13100877599172 -3.1748684774016973 -2.3145433954773234 -1.2598215616302537 -0.8740458598845682 -0.5342916401593918 0.3280453098314524
