static/data/ASCData/20210113/ASCU/03.asc
ncols 97
nrows 97
xllcorner 99.0
yllcorner 2.0
cellsize 0.25
NODATA_value -32767
[rows 57 to 75 of 97, columns 0 to 42 of 97]
-3.676293452899714 -3.597953940864747 -3.2855906801792907 -3.4367983732499576 -3.14781261774319 -3.0082936772618676 -3.1430873773347314 -2.945622067633894 -2.7640733572036527 -3.1537813424696637 -3.3840746381661067 -3.467139390609532 -2.9759630849934684 -2.2112202294140273 -1.2962644682183322 -0.7874306852864503 -1.1087470330616171 -1.1771386705524616 -1.4076806631125076 -1.5101437709169725 -1.0169778903920843 -0.4477107696046567 -0.403691424746913 -0.35867729243475743 -0.7533592149728299 -1.0003152005306786 -1.3079532208076765 -1.3139219455341502 -1.3179010953517993 -1.1731595207348124 -1.0013099879850909 -0.89188336799974 -0.8734798000931128 -1.2044953255487993 -0.9428662250383695 -0.4750674246009945 0.020088030832718484 -0.7366965251114244 -1.713329108480681 -2.233851644001907 -1.5971876731780472 -1.352967353119832 -1.841159296372659
-3.909571110959394 -3.665350790901179 -3.7944244631111723 -4.047349173395495 -4.059037925984839 -3.899871933278874 -3.3460240180348366 -3.069721802571826 -2.8031187647893345 -2.9846674752195756 -3.187852812783284 -3.0150084925791503 -2.5345261520980187 -2.043349846481955 -1.1664447054175295 -1.2201632279557926 -1.4740827256945273 -1.3256106981234945 -1.8958726063653344 -2.4417622219740736 -1.876474251004295 -1.199521388276738 -0.7717627828794571 -0.7230181976132553 -0.6009080375841478 -0.757338364790479 -0.7660427550165867 -0.7827054448779922 -0.8588066851405316 -0.7357017376570121 -0.5471895150458845 -0.2641724842655906 -0.23184189199719185 0.15886088072323146 0.5279270263101878 0.45953538881934364 0.4545614515472822 -0.43801159192413675 -2.2875701665401698 -2.8451485347382532 -3.1711901229218786 -2.9515907923603675 -2.8734999771890033
-4.020987305853569 -4.0500848388951285 -4.53056717937626 -5.016023457129453 -5.00930864181217 -4.194826413512115 -3.6419732857224902 -3.1157307223383937 -2.88618351723276 -2.9446272801794815 -2.9418916146798475 -2.723038374709146 -2.4457413717917227 -1.9709790591734615 -2.468124089515999 -2.5442253297785387 -2.269912689224352 -1.9789373588087598 -2.879220005051874 -3.082405342615582 -2.4310682568391417 -1.43702689301767 -1.0072787127115646 -0.7991194378757949 -0.6742736123470534 -0.5238120098671959 -0.42134890206273123 -0.39399224706639346 -0.3549468394807116 -0.13907796187324628 0.14717212813388736 0.4351630961862427 0.8345702591327733 1.2280086973528301 1.4108008921010868 1.1909528646759733 0.3491139813795803 -1.618575603447911 -3.8548578009667187 -4.90958119950734 -5.212245282512276 -4.425119709208558 -4.31594178608681
-4.343049744219545 -4.785481464569407 -5.763108835393076 -6.10282875107487 -5.118486564933918 -4.303009549179451 -3.7143440730309836 -3.1294090498365628 -2.9876518375828125 -3.011029342761501 -2.900856632185341 -2.6643459148988216 -2.4944859570579245 -2.8812095799606987 -3.378354610303236 -3.9476217310906634 -3.5795503729581197 -3.1928267500553456 -3.658635975583896 -2.996604924672523 -2.442757009428486 -1.4437417083349529 -1.1584864057822313 -0.9505758278100647 -0.6653205252573429 -0.4934709925076217 -0.2532298222670559 -0.0893385891526326 0.08649009341473812 0.5015651587682624 0.7848308864121591 1.1315143142748392 1.5309214772213697 1.3120682372506685 1.3824494496503372 0.27997625329792664 -1.3226263357602577 -4.175179361287473 -6.395793656399286 -7.441812664713799 -6.775802463984778 -5.987682103226648 -5.260243777187668
-4.902617687326453 -6.005339580542467 -6.8558828540649674 -6.096113935757588 -5.079441157348237 -4.27291722868348 -3.6780343309449357 -3.314936910084453 -3.215209467779622 -3.0903636422508804 -3.082405342615582 -2.913540172229098 -3.172184910376291 -3.6743038779908894 -4.3890586639861136 -4.974988474634946 -4.783491889660583 -4.494506134153815 -3.282606317816054 -2.0239514911209158 -2.0306663064381985 -1.932928439042192 -1.6772680632582357 -1.2348363429083737 -0.9565445525365384 -0.5180919820043255 -0.2708872995828737 0.13622946613535225 0.4155160439615999 0.8462590117221178 1.2389513593513652 1.5259475399493083 0.9303185516199552 0.5923395139833829 -0.8354291799618432 -2.56785153182083 -4.824526872155089 -7.28463624691666 -8.666396021095318 -8.1545778758002 -7.439823089804975 -6.71039518885717 -5.986687315772237
-5.2709377423226 -7.026737599360276 -6.97600343918525 -5.973008988274067 -5.078446369893824 -4.3440445316739575 -3.810838456108975 -3.5325466657371396 -3.5101639480128632 -3.357712770624181 -3.3997425405731 -3.4661446031551195 -3.8754996406457733 -4.5355411166483215 -5.186878202424762 -5.310977937362694 -5.027712209718798 -4.371401186670296 -2.4487257341549595 -2.1634704316022377 -3.8655517661016505 -3.558908533279065 -2.3733705844832294 -1.6809985162122818 -1.199521388276738 -0.6986459049801543 -0.23681582926925326 0.26729271325417026 0.5435949287171811 0.8355650465871856 1.1989111643112715 0.3901489638740867 -0.678998852755512 -2.329599936489089 -4.259238901185311 -6.541530018470686 -8.43485924108086 -9.2319326889287 -8.82854637616452 -8.362737150635969 -7.932988970329864 -7.330396469819625 -6.615641683824401
-5.5979741179606375 -7.00037573181835 -6.736757056399096 -5.96430459804796 -5.113761324525459 -4.446756336342025 -4.047349173395495 -3.8578421633299556 -3.7133492855765713 -3.731752853483199 -3.889177968143942 -4.1331495913385545 -4.552203806509727 -5.04338011212579 -5.358727735174484 -5.246565449689499 -4.638004224452787 -3.8618213131476047 -3.383328547575297 -4.263964141593769 -5.680044082949651 -5.033680934445272 -3.4651498157007072 -2.269912689224352 -1.6235495407199725 -0.9565445525365384 -0.22313750177108416 0.3326999883817776 0.7114653116492535 0.7651838341875168 -0.05999235924747026 -2.0120140416679684 -4.4905269843361655 -6.62534086150492 -8.171240565661606 -9.53658634684246 -9.694757552094012 -9.459490319125509 -9.212285636704056 -8.906637191335884 -8.369451965953251 -7.660665904684501 -6.976998226639662
-5.457460390024902 -6.352023008405146 -6.322676778499984 -5.93197400577956 -5.227913184919269 -4.648946886451322 -4.299279096225405 -4.053069201258365 -3.9446373687274265 -4.16846454597019 -4.508184461651984 -4.839199987107671 -4.9946355268595894 -5.15181194465673 -5.184888627515938 -5.100082997027291 -4.96230493459119 -4.764093534299543 -5.189862564787999 -5.885218995422184 -6.283631370914302 -5.613642020367631 -4.428104071571795 -3.1858632378744596 -2.0629968987065976 -1.015983102937672 -0.2151792021357859 0.3364304413358239 0.7281280015106595 -0.053028847066584284 -2.3323356019887225 -5.04338011212579 -7.482847647208306 -9.059088368724565 -9.727834234953221 -10.07277678477068 -9.961360589876504 -9.759170039767207 -9.380156019636129 -8.864607421386964 -8.328416983458744 -7.7894908800308915 -7.18018356420337
-5.12346050220598 -6.246575538237445 -6.485821921023598 -6.022002270403872 -5.498495372519409 -4.966284084408839 -4.469139054066302 -4.143097465882677 -4.255259751367662 -4.636014649543962 -5.154796307019966 -5.3940426898061204 -5.355743372811247 -5.349028557493964 -5.464175205342186 -5.728788668215852 -5.877260695786886 -6.264979106144072 -6.665381056545015 -6.932978881781919 -6.453491328755199 -5.673329267632368 -4.479833019201234 -3.11946117529244 -1.7347170387505448 -0.7981246504213826 -0.20746959936409093 0.38741329837445315 0.04446032346581941 -2.514133009282567 -5.246565449689499 -7.528607870111271 -9.205570821386774 -9.734797747134108 -10.206575697389132 -10.288396965514542 -10.252335920292097 -9.850939182436742 -9.261030221970259 -8.668385596004143 -8.063803520585079 -7.562928037288495 -7.115522379666572
-4.971009324817297 -6.145853308478201 -6.534566506289799 -5.988676890681061 -5.5071997627455165 -5.174194662381006 -4.723058551805036 -4.433078008843856 -4.451481576750484 -4.986677227224291 -5.686012807676125 -5.894918173102703 -5.844184012927677 -5.908596500600872 -6.387089266173179 -6.760134561577784 -7.144868609571734 -7.429129124670043 -7.494536399797651 -7.130195494619153 -6.511189001111111 -5.546245170331199 -4.302263458588642 -2.752384604614308 -1.3696300429812378 -0.685962364936398 -0.18011294436775316 -0.4096601494733867 -2.269912689224352 -5.1575319725196 -7.374415814677368 -9.228948326565462 -9.588315294471899 -10.076507237724726 -10.281682150197259 -10.303070080467123 -10.171260742757495 -9.59328923174396 -9.008105511685937 -8.43411315049005 -7.863602545384607 -7.434103061942105 -6.983713041956944
-4.885208906874238 -5.275911679594662 -5.230897547282506 -4.76707789666278 -5.04338011212579 -4.769067471571605 -4.8822245445110015 -4.628305046772267 -4.763098746845131 -5.481832682658004 -6.126454953117161 -6.304024513729754 -6.3773900884926595 -6.872545543926373 -7.354022671861916 -7.654697179958028 -7.941693360555972 -7.874296510519539 -7.666385932547373 -7.054094254356613 -6.191862228244769 -5.213240069966687 -3.9709992362693525 -2.4260943195670803 -1.305963645898852 -0.7454009153375316 -1.4701035758768783 -2.885188729778348 -5.193841714605648 -7.235642964786855 -9.016063811321235 -9.278687699286076 -9.640044242101338 -9.9690701926482 -10.114557857855996 -10.046414917228754 -9.79423629753524 -9.268988521605557 -8.81486804866635 -8.301060328462407 -7.88896962547212 -7.448527480031084 -6.87155075647196
-4.618605869091747 -3.9809471108134753 -3.825511571061556 -3.530557090828315 -3.817801968289861 -4.739721241666443 -4.86755142955842 -5.048354049397853 -5.291330885138052 -6.036426688492851 -6.567891886012611 -6.821562686887743 -7.159541724524315 -7.64599278973192 -7.882254810154837 -8.172235353116017 -8.021773750636159 -7.840225040205919 -7.400777682219294 -6.695722073904589 -5.818816932840164 -4.74842563189255 -3.5141430978305124 -2.461409274198716 -1.3606769558915273 -2.2649387519522906 -3.633268895496383 -5.785491553117352 -7.39480895749282 -8.659681205778035 -8.89096928892889 -9.159561901620206 -9.44581199162734 -9.763149189584857 -9.737782109497344 -9.639049454646925 -9.323701831598232 -9.040436103954335 -8.68206392350231 -8.383130293451421 -7.972034377915545 -7.482847647208306 -6.910596164057642
-4.1284243509300955 -3.2639540530458238 -3.2259034329145537 -2.989641412491637 -3.4788281431988763 -4.400747416575458 -5.278647345094296 -5.576586187690774 -5.952615845458616 -6.573611913875482 -7.020022784042993 -7.415450797171875 -7.750445472445211 -7.97004480300672 -8.206555520293241 -7.98372313050489 -7.762134225034554 -7.432113487033281 -7.00037573181835 -6.320687203591159 -5.510184125108754 -4.425119709208558 -3.5268266378742688 -2.4740928142424727 -3.027692032622907 -4.21621434378198 -5.948636695640967 -7.606947382146238 -8.331401345821982 -8.556969401109967 -8.77681742853508 -9.017058598775646 -9.302065204464766 -9.390103894180251 -9.346084549322509 -9.236657929337158 -9.029742138819403 -8.906637191335884 -8.68604307331996 -8.394819046040766 -8.042415590315214 -7.5522340721535635 -7.06677779440037
-3.690717870988692 -3.082405342615582 -3.2132198928707973 -2.949601217451543 -3.42809398302385 -4.707390649398043 -5.690738048084583 -6.171220388565715 -6.579580638601955 -7.0814509093529505 -7.372426239768544 -7.768849040351837 -7.994417095639822 -8.147863060482916 -7.978997890096432 -7.678074685136716 -7.306024177186524 -6.914575313875291 -6.671349781271489 -6.112776625618993 -5.374395637581477 -4.71609503962415 -3.9018615081876984 -4.063017075802488 -4.880234969602177 -6.1664951481572565 -7.618636134735583 -8.079471422992071 -8.214265123064935 -8.409492160993347 -8.579600815697846 -8.774827853626256 -8.934988633786633 -9.012084661503586 -9.053119643998091 -8.943693024012742 -8.974034041372315 -8.822577651438046 -8.583331268651893 -8.282656760555781 -7.943682935464796 -7.600978657419764 -7.1418842472084965
-3.7300119754379772 -3.2903159205877492 -3.332345690536668 -3.178153635102764 -3.6399837108136657 -5.020002606947102 -6.313972388273877 -6.826536624159804 -7.0610577665375 -7.445791814531448 -7.690758225180474 -7.92627415501258 -8.01207457295564 -7.910606252605588 -7.690758225180474 -7.3677009993600855 -7.0443950766760945 -6.675080234225534 -6.465180081344544 -6.065772918398013 -5.716105128172096 -5.342313742176682 -5.376385212490302 -5.844184012927677 -6.6673706314538395 -7.678074685136716 -7.989691855231364 -8.018043297682114 -8.021773750636159 -8.152836997754978 -8.313992565369768 -8.44953235603344 -8.611682711102642 -8.746476411175506 -8.82456722634687 -8.844214278571513 -8.855903031160857 -8.541301498702973 -8.350053610592212 -8.063803520585079 -7.792475242394129 -7.488567675071177 -7.14785297193497
-4.442777186524376 -3.979952323359063 -4.478838231746821 -5.013039094766216 -5.0737211294853655 -5.6049376301415235 -6.713379551220408 -7.372426239768544 -7.518908692430752 -7.698716524815772 -7.71239485231394 -7.915331493014046 -7.800184845165823 -7.6166465598267585 -7.335370407091686 -6.991671341592243 -6.77679725143919 -6.602958143780644 -6.466174868798955 -6.397783231308111 -6.3129776008194645 -6.299299273321296 -6.586295453919238 -7.118506742029808 -7.676085110227891 -7.944677722919208 -7.886233959972486 -7.856887730067324 -7.869571270111081 -8.027742475362633 -8.079471422992071 -8.100859353261937 -8.17720929038808 -8.336375283094043 -8.521903143341934 -8.577611240789022 -8.504245666026115 -8.304044690825645 -8.193871980249485 -7.9710395904611335 -7.720104455085636 -7.4358439399873255 -7.111791926712526
-6.318697628682335 -4.890928934737109 -4.969268446772077 -5.101077784481703 -4.9349482795948525 -5.676064933132002 -7.083440484261775 -7.555964525107608 -7.482847647208306 -7.977008315187607 -7.787501305122067 -7.724083604903285 -7.515924330067515 -7.2963249995060036 -7.094134449396709 -6.868566394108724 -6.675080234225534 -6.6216104085508745 -6.751430171351677 -6.83922016420356 -6.963319899141492 -7.09512923685112 -7.295330212051592 -7.494536399797651 -7.690758225180474 -7.709410489950704 -7.614656984917934 -7.676085110227891 -7.723088817448872 -7.808889235391932 -7.829531075070987 -7.900907074925067 -8.03644686558874 -8.184918893159773 -8.291361150781889 -8.298324662962774 -8.25430531810503 -8.133189945530335 -7.9827283430504785 -7.847934642977613 -7.658676329775677 -7.411471647354226 -7.1078127768948764
-7.505230364932583 -6.066767705852425 -4.407710928756344 -3.9262338008207998 -3.747420755890192 -4.862577492286359 -7.054094254356613 -8.032716412634695 -7.8345050123430475 -7.7671081623066165 -7.614656984917934 -7.476878922481832 -7.330396469819625 -7.069762156763607 -6.859862003882617 -6.77679725143919 -6.679059384043184 -6.75242495880609 -7.19560276974676 -7.360737487179199 -7.4017724696737055 -7.511199089659057 -7.5833211801039475 -7.6430084273686845 -7.496525974706476 -7.408487284990988 -7.411471647354226 -7.54626534742709 -7.611672622554696 -7.610677835100285 -7.635050127733386 -7.728808845311743 -7.862607757930196 -7.978997890096432 -8.071761820220377 -8.141894335756442 -8.114537680760105 -8.038436440497565 -7.918315855377282 -7.7671081623066165 -7.515924330067515 -7.260263954283559 -7.008085334590046
-7.729803632766155 -7.257279591920321 -5.786486340571765 -4.371401186670296 -3.8842040308718806 -3.9896515010395825 -5.752414870258145 -7.651712817594792 -7.931994182875451 -7.745471535173149 -7.621371800235217 -7.208286309790518 -6.9536207214609735 -6.816837446479285 -6.755160624305724 -6.6449879137295635 -6.812858296661636 -7.0473794390393305 -7.5412914101550275 -7.673349444728258 -7.640024065005447 -7.579590727149901 -7.587300329921597 -7.382125417449064 -7.1985871321099975 -7.0931396619422955 -7.169240902204836 -7.31870771723028 -7.423160399943569 -7.436838727441739 -7.438828302350563 -7.521893054793988 -7.698716524815772 -7.8499242178864375 -7.928015033057802 -7.9593508378717885 -7.905632315333525 -7.915331493014046 -7.809884022846344 -7.64599278973192 -7.4134612222630505 -7.176204414385721 -6.9202953417381625
