static/data/ASCData/20210113/ASCU/06.asc
ncols 97
nrows 97
xllcorner 99.0
yllcorner 2.0
cellsize 0.25
NODATA_value -32767
[rows 57 to 75 of 97, columns 0 to 42 of 97]
-2.7263984255822504 -2.960813928792465 -3.1617800391395425 -3.9459524992455193 -3.4587782773840146 -2.421577345458496 -1.7517802286909898 -1.6150153723876768 -1.7078104622660588 -1.8200277802585205 -2.0212636437738487 -1.9012234839021047 -1.4547819904465173 -0.5681033264051185 1.442636789738656 2.3449611375386192 1.126216323380104 -0.08281737672137135 -0.6053292636237717 -1.294818361673609 -0.9557386291819638 -0.6023619787730095 -0.525212572653192 -0.46074156544117684 -0.814118215850131 -0.9899972815498548 -1.1793640056621342 -0.858087982275062 -0.7499169618063668 -0.3385433802234239 0.29133026764291836 0.7561149765395809 0.8108748696945565 0.42296981374945997 0.33799756575036044 0.5071328022438064 1.1165052093230639 0.8753458769065716 -1.0358553201525436 -2.2001099943243347 -1.909046325781387 -1.4793295287573685 -1.6579061261396033
-2.8240490724891525 -3.2195072171452797 -3.8064901112596954 -4.556403918997781 -4.1434118184053315 -3.105131873806809 -2.4461248837693472 -2.2732131029203857 -2.0428438972339373 -2.029086485653131 -2.085734650985864 -1.8170604954077585 -1.2546251396041939 -0.25168286004656637 1.7374770026371196 3.3848596011466494 2.713983471706138 0.41730499721618664 -0.9959318512513793 -1.7517802286909898 -1.8170604954077585 -1.3903109832345022 -1.0183213642162214 -0.9471065277979283 -0.7439823921048423 -0.8084533993168577 -0.6188169220363273 -0.41569278634324136 -0.4383520524763347 0.08335057492131215 0.6584643296326793 0.8634767375035226 0.905558231750696 0.8615884653257648 0.9670619541119492 1.1057150825930195 1.1739626341605507 0.46801859284739544 -1.9870049914059578 -3.007481226899907 -3.147213368053982 -2.737188552312295 -2.5008847769243223
-3.151259665577749 -3.8024438137359287 -4.6872342055995695 -5.141498540934439 -4.727427427668985 -3.825912339373775 -3.173649178542591 -2.6648947032209973 -2.3514415217132076 -2.27914767262191 -2.092478480192142 -1.8318969196615695 -1.1990559869444652 -0.20474580877087334 0.6447069180518725 2.2637654338950357 2.489548835721214 -0.11896430126702029 -2.0242309286246107 -1.8863870596482937 -2.0592988404972554 -1.7215678738468654 -1.3474202294825757 -1.0436781620318256 -0.8386657541609821 -0.5184687434469144 -0.1815470363012779 -0.08956120592764938 0.0040431434554859536 0.559734670052773 0.8224742559293539 1.0315329613239643 1.2052540016776794 1.1769299190113127 1.5901917727720134 1.6800195777996332 0.72671188120021 -1.4323924774816752 -4.095395754456634 -4.834789188632927 -4.947006506625389 -3.8688030931257016 -3.604175235071363
-3.8620592639194244 -4.665923705307732 -5.899235190551808 -6.108293895946418 -5.162809041226277 -4.260484693426314 -3.597431405865085 -3.011527524423674 -2.6481700067894285 -2.561309486612571 -2.2918260715297123 -2.0037296878375264 -1.434280749659433 -1.0895362006345144 -0.23900446113876428 0.1888240637074965 0.5079420617485595 -1.191233145065183 -2.340651394983163 -1.5262665800330617 -1.9821494343774377 -1.6951320633582565 -1.4822968136081307 -1.1785547461573807 -0.7928077155582933 -0.4510304513841368 0.08038329007055012 0.26678272933206726 0.5011982325422819 0.905558231750696 1.060666303495084 1.290226249676779 1.463947290030494 1.5861454752482467 1.9972493036629384 1.1701860898050351 -0.7342712780478025 -4.024180918038342 -6.663715669375454 -7.27524610180072 -6.1131494529749375 -5.034946039475251 -4.329811257666849
-4.671588521841006 -5.874687652240956 -6.90811203981096 -6.090490186841844 -5.229168320616051 -4.551548361969262 -3.8601709917416667 -3.379740599086439 -3.0290614803599962 -2.921699719396054 -2.808403388730588 -2.487127365343516 -2.3492834963671987 -2.100301322071424 -1.9500488073555557 -1.7420691146339498 -1.1677646194273363 -1.8915123698450649 -0.9754306104642949 -0.7048681827084313 -1.6638406958411278 -1.9791821495266755 -1.7801043113573563 -1.3571313435396157 -0.9530410974994528 -0.40894895713696355 0.1623882532188876 0.5999278921221882 0.8195069710785918 1.047987904587282 1.1858317735635993 1.4709608724050227 1.5540448482263645 1.6651831535458221 0.5764593664843418 -0.8629435393035818 -3.683482666537189 -6.686374935508547 -8.505590302194033 -7.562263472819901 -6.345406930839144 -5.533989400739804 -4.874712657534092
-5.143386813112198 -6.8992101852586725 -6.793736696472489 -5.940237672125976 -5.38454614552869 -4.780029295477952 -4.1229105776182475 -3.6969703249497448 -3.504636315986703 -3.498701746285179 -3.5262165694467917 -3.3805498585911926 -3.401051099378277 -3.3328035478107463 -3.172570165869587 -2.766321894483415 -2.2273550643176967 -1.455861003119522 0.3185753376362803 -0.76529289239668 -2.8102916609083457 -2.931410833453094 -2.1404945441408394 -1.6306610561462414 -1.1491516508180097 -0.5055205913708609 0.17102035460292297 0.6857093996260413 0.8254415407801163 0.8899125479921315 1.1124589117992976 1.0460996324095242 0.978661340346747 0.016721542363288044 -1.7849598683858763 -4.282064946886402 -6.874662646947822 -8.199959962565526 -8.126856853969475 -7.278213386651482 -6.4530384449713365 -5.866864810361674 -5.470597406200794
-5.2556041311046595 -6.740865075495271 -6.443057577746045 -5.908946304608848 -5.359189347713086 -4.809432390817323 -4.330890270339854 -4.05547228555547 -3.9168191570743995 -4.064374140107756 -4.159057502163896 -4.228384066404432 -4.172545160576452 -3.995856835371975 -3.641401172290016 -3.046595436296318 -2.257567419161821 -1.4626048323257996 -0.9363164010678839 -2.6198459241230623 -4.277209389857882 -3.870961118471711 -2.7379978118170483 -1.8270413626330495 -1.2225245125823117 -0.618007662531574 -0.015379084658594167 0.5432797267894549 0.8068285721707897 0.7922619010852299 0.3684796737627356 -0.34555696259795265 -1.3093850327591692 -2.7625453501278994 -4.91571513910826 -7.068075668583868 -7.9979148395454445 -8.339692103719601 -8.404972370436369 -7.784000577122314 -6.84256201992594 -6.180317991869464 -5.860120981155397
-5.053559008084577 -6.005517938842745 -5.905169760253332 -5.656996845462311 -5.205969548146454 -4.844500302689967 -4.619795913536793 -4.502723038515811 -4.4627995696146465 -4.5291588490044195 -4.655133578577688 -4.808353378144318 -4.623842211060559 -4.250773579369273 -3.7468746610762 -3.2000849890312 -2.7897904201212613 -2.637379880059384 -3.3190461362299395 -4.460641544268638 -4.9820744184980335 -4.262372965604071 -3.178504735571111 -2.040685871887929 -1.1432170811164852 -0.6336533462901384 -0.23819520163401098 0.2600389001257897 0.48069699175519753 0.03155796661709909 -1.3708887551204223 -2.8073243760575837 -4.190348869681025 -5.5496350844983695 -6.930501552775802 -7.9520568009427555 -8.353179762132157 -8.567094024555287 -8.394451996874576 -7.762420323662226 -6.994972559987817 -6.518318711688106 -6.173574162663186
-4.718525573116699 -5.656996845462311 -5.882510494120239 -5.606283249831102 -5.283118954266272 -4.963731203056958 -4.803497821115799 -4.759528054690867 -4.820222517547368 -4.870936113178576 -5.093482476985741 -5.0006873871073605 -4.837756473483689 -4.5876952865149105 -4.205724800271339 -4.029036475066861 -3.9459524992455193 -4.338713112219136 -4.951862063653909 -5.425548627102858 -5.05652629293534 -4.294743345794204 -3.0759985316356895 -1.8885450849943026 -1.1200183086468898 -0.8338101971324621 -0.5416675159165099 -0.187211852834551 -0.5397792437387521 -2.119993303353755 -3.8601709917416667 -5.297685625351832 -6.357276070242192 -7.067266409079115 -8.03298275141809 -8.302466166500949 -8.571949581583807 -8.610254531475464 -8.328901976989556 -7.746774639903661 -7.0885769093709525 -6.580901446722363 -6.116925997330453
-4.793786707058759 -5.572024597463211 -5.93619137460221 -5.5887492938947805 -5.290672042977303 -5.026044184922965 -4.846388574867725 -4.863113271299294 -4.941071936923865 -5.128820142026637 -5.536956685590567 -5.507553590251195 -5.39911281661425 -5.19032386438789 -5.116951002623589 -5.028202210268973 -5.2038115228004465 -5.51348815995272 -5.7673258912770144 -5.5642017555839285 -5.0524799954115736 -4.07003895664103 -2.824858331993906 -1.8513191477756494 -1.2586714371279606 -1.2165899428807871 -0.8923466346429529 -1.2975158933561204 -2.698074342915884 -4.573128615429351 -5.952916071033778 -7.141448530348169 -7.487002338877842 -8.128745126147233 -8.360193344506685 -8.55549463832049 -8.687403937595281 -8.500734745165513 -8.178379709105437 -7.610009783600348 -7.010618243746381 -6.554465636233754 -6.078890800607047
-4.704768161535892 -4.802418808442794 -4.736059529053021 -4.475477968522449 -5.068125679170137 -4.859066973775527 -4.7635743522146345 -4.722571870640465 -5.2761053718917434 -5.750870948013697 -6.082667344962562 -6.144440820492067 -6.084825370308572 -6.045711160912161 -5.971529039643105 -5.8649765381839165 -5.967482742119339 -5.927559273218174 -5.8768456775869655 -5.45009616541371 -4.703958902031139 -3.68132464119118 -2.2643112483680987 -1.2996739187021293 -1.5915468467498304 -1.8240740777822873 -2.501694036429076 -3.7107277365305515 -5.328976992868961 -6.612192814239492 -7.653979550025279 -7.790744406328591 -8.136567968026515 -8.350482230449646 -8.482121776556188 -8.450830409039058 -8.470522390321388 -8.258496400076016 -7.949898775596747 -7.420643059488069 -7.031928744038219 -6.5779341618716005 -6.058389559819963
-4.250773579369273 -3.641401172290016 -3.465522106590292 -3.264555996243215 -3.873928403322473 -4.816176220023601 -4.7330922442022585 -5.154986199346995 -5.918657418665887 -6.517239699015101 -6.685295922835542 -6.75273421489832 -6.726298404409711 -6.683407650657784 -6.406910653200397 -6.292805063030177 -6.056501287642205 -5.886556791644006 -5.5329103880668 -5.05167073590682 -4.29851989014972 -3.1393905261747 -1.7331672600816632 -1.446149889062482 -1.7655376402717964 -3.413729498286079 -4.61197307165751 -6.066212401699245 -7.097478763923239 -7.852248128689845 -7.849280843839082 -7.989012984993158 -8.211829101968576 -8.415762497166414 -8.315144565408751 -8.199959962565526 -8.110132157537906 -7.963656187177554 -7.7106277153580125 -7.273357829622962 -6.883564501500109 -6.571190332665323 -6.061356844670724
-3.7234061354383536 -3.0692547024294115 -2.9910262836365895 -2.804357091206821 -3.4949252019296635 -4.438252031303795 -5.295797353174074 -5.874687652240956 -6.655083567991419 -7.084800365015437 -7.1608707584622495 -7.138481245497408 -7.0885769093709525 -6.864142273386029 -6.587645275928641 -6.1862525615709885 -5.91191358945961 -5.5329103880668 -5.111016432922064 -4.623842211060559 -3.9119636000458797 -2.7439323815185728 -2.173674183835726 -1.8863870596482937 -3.295577610592093 -5.116951002623589 -6.267448265214573 -7.178404714398572 -7.644268435968239 -7.7489326652496695 -7.771322178214512 -7.903231477489305 -8.125777841296472 -8.183505019302208 -8.094486473779341 -7.927509262631904 -7.854406154035853 -7.733286981491105 -7.555519643613624 -7.112045435008799 -6.766491626479127 -6.4538477044760905 -6.138506250790542
-3.4782005054980942 -3.073031246784927 -3.0759985316356895 -2.91090959266601 -3.5135381705389896 -4.727427427668985 -5.715533282972801 -6.556353908411512 -7.209696081915701 -7.427386888694347 -7.363185634650582 -7.295747342587805 -7.119059017383328 -6.861174988535266 -6.4597822741776145 -6.031953749331354 -5.663740674668588 -5.21945720655901 -4.895213898321176 -4.355168055482453 -3.6775480968356646 -3.112145456181338 -2.8024688190290634 -3.740940091374676 -5.341655391776763 -6.456814989326852 -7.1209472895610855 -7.226420778347269 -7.435209730573629 -7.5253072887695 -7.561184460146897 -7.649123992996759 -7.7556764944559475 -7.806390090087156 -7.8171802168172 -7.672592518634605 -7.704962898824739 -7.5458085295565835 -7.366962179006098 -7.076977523136154 -6.73331198678424 -6.428490906660485 -6.0934574716926075
-3.6014777033888516 -3.2820899521795375 -3.0622411200548827 -3.136423241323938 -3.780054300771087 -5.118839274801346 -6.4530384449713365 -7.2577121458643985 -7.47917949699856 -7.716562285059537 -7.547696801734341 -7.317057842879643 -7.039751585917501 -6.67747308095626 -6.287949506001658 -5.951027798856021 -5.61302707903738 -5.221345478736768 -4.919761436632027 -4.406960663786666 -3.951887068947044 -3.6872592108927047 -4.146379103256094 -5.2164899217082485 -6.239124182548206 -7.011427503251134 -7.110157162831041 -7.055397269676066 -7.099367036100997 -7.112045435008799 -7.197017683007898 -7.328926982282692 -7.438177015424391 -7.4940159212523705 -7.511549877188693 -7.492936908579366 -7.48916036422385 -7.327847969609687 -7.176516442220814 -6.939133654159837 -6.661827397197696 -6.392343982114837 -6.276080366598609
-4.187381584830263 -4.04090561446991 -4.300677915495729 -4.97155404493624 -5.320075138316675 -6.0416648633883945 -7.171660885192294 -7.714674012881779 -7.717641297732541 -7.808278362264914 -7.462724553735242 -7.268232519426191 -6.873853387443068 -6.517239699015101 -6.189219846421751 -5.881701234615486 -5.706901181588766 -5.486243089959358 -5.228359061111297 -5.065158394319376 -4.822920049229879 -4.893325626143418 -5.429594924626625 -6.112070440301934 -6.67261752392774 -6.9118885841664754 -6.850384861805222 -6.797513240828004 -6.7478786578698005 -6.813158924586569 -6.879787957144593 -6.985261445930777 -7.106110865307274 -7.187306568950858 -7.243954734283592 -7.277134373978478 -7.246922019134354 -7.2067287970649385 -7.0359750415619855 -6.868997830414549 -6.646181713439131 -6.4802835149646985 -6.4139242355749255
-5.421772082747342 -4.686424946094816 -5.015523811361171 -5.606283249831102 -5.866864810361674 -6.639437884232854 -7.723306114265815 -7.839569729782043 -7.656137575371288 -7.843616027305809 -7.424689357011835 -7.097478763923239 -6.679361353134018 -6.3502624878676635 -6.1590074915776265 -6.03600004685512 -6.023321647947318 -5.9704500269701 -5.90705803243109 -5.90705803243109 -5.9167691464881305 -6.066212401699245 -6.336774829455108 -6.528029825745145 -6.710652720651147 -6.7478786578698005 -6.647260726112136 -6.574966877020839 -6.467605116056896 -6.484060059320214 -6.525062540894383 -6.678552093629265 -6.902986729614188 -7.064299124228352 -7.138481245497408 -7.145225074703685 -7.0758985104631495 -7.070233693929877 -6.984182433257772 -6.978247863556248 -6.869807089919302 -6.704987904117874 -6.4988964835740255
-6.695007036892583 -5.579847439342494 -4.607117514628991 -4.874712657534092 -5.292830068323312 -6.27904765144937 -7.754597481782943 -8.325934692138794 -7.905119749667063 -7.571974586876942 -7.288733760213276 -6.961792920292931 -6.673696536600745 -6.391264969441832 -6.239124182548206 -6.3621316272707125 -6.4665261033838926 -6.549610079205234 -6.6569718401691755 -6.602211947014201 -6.6178576307727655 -6.65805085284218 -6.6510372704676515 -6.710652720651147 -6.6051792318649625 -6.508607597631065 -6.400166823994119 -6.327063715398069 -6.247756283932242 -6.206753802358073 -6.299548892236455 -6.475427957936179 -6.683407650657784 -6.8719651152653105 -6.987149718108535 -7.036784301066739 -7.009539231073377 -7.064299124228352 -7.07104295343463 -7.028961459187457 -6.910809571493471 -6.729265689260473 -6.426602634482728
-7.039751585917501 -6.530997110595908 -5.492986919165636 -4.776252751122437 -5.013365786015163 -5.326009708018199 -6.502673027929541 -8.023271637361049 -8.00654694092948 -7.661802391904561 -7.5253072887695 -6.978247863556248 -6.634582327204334 -6.435234735866763 -6.4530384449713365 -6.582789718900121 -6.933468837626564 -7.128770131440367 -7.149271372227452 -6.976359591378491 -6.931310812280555 -6.789960152116973 -6.727377417082716 -6.562288478113036 -6.430379178838243 -6.271224809570088 -6.183285276720227 -6.098313028721127 -6.142282795146057 -6.091569199514849 -6.1522636623713485 -6.302516177087218 -6.506719325453307 -6.719554575203434 -6.775123727863162 -6.764333601133118 -6.776202740536166 -6.845529304776702 -6.851463874478227 -6.890308330706386 -6.806415095380291 -6.645372453934378 -6.3346168041091
