static/data/ASCData/20210113/ASCU/09.asc
ncols 97
nrows 97
xllcorner 99.0
yllcorner 2.0
cellsize 0.25
NODATA_value -32767
[rows 19 to 37 of 97, columns 0 to 42 of 97]
1.1581992626284774 1.0762445932014328 0.86321415910716 0.4335338417956529 0.11243699817297426 0.03436030994910233 0.23343001171195432 0.4345679701164986 0.8399462718881252 0.7667816931882716 0.657164091178597 0.9511150663790686 1.3174550240387592 1.1602675192701692 0.9619734137479514 1.1349313754094426 1.4971348197857495 1.9063911027605478 1.8769184456164378 1.4552526227914866 1.5713335268064483 1.448272256625776 0.2538540460486627 -1.430482456529237 -2.597496266603932 -2.6161105763791594 -1.860162773840744 -1.024328558516976 -0.47649908054881474 -0.21770846825710688 -0.11326150785166211 -0.45504091789126067 -1.1892720256919107 -2.1874643873884985 -3.038034931284322 -3.109389785422695 -2.867145226264523 -2.771488356586269 -2.5760381039463778 -2.1716939304955973 -1.4912374953789385 -0.5351858627568244 0.044960125237773596
0.8937209445721166 1.1240730280405598 0.7988396711344974 0.23343001171195432 -0.08973508855241619 -0.05276500108217208 0.28901440895742603 0.39940760720773527 0.557629240297171 0.4454263174853814 0.3564912818926267 0.7274848169961241 1.1856036631308964 0.9208668129943236 0.45706026109489883 0.684568491681016 1.2636803513547683 1.7267113070135585 1.777383594735011 1.3360693338139873 1.1152829373133688 1.2499781511035586 0.3427890816414174 -0.9736562707955225 -2.08586127986538 -2.311559785890017 -1.8076807615578103 -1.2880312803327023 -1.0693131404737763 -1.0439769966130497 -1.3242257715623118 -1.6934095821043287 -2.497961415722506 -3.654116878428318 -4.110167467921398 -3.570352484439793 -3.2314169272825213 -2.969782462108487 -2.7606300092173863 -2.471591143540933 -1.566470330720484 -0.3368917572346066 0.6307938189970246
0.24222010243914527 0.5674534593452081 0.43844595131967123 0.05762819716813672 -0.2549370878075625 -0.1199833419371612 0.12407094178249123 0.12303681346164552 0.12510507010333738 0.20421588664805546 -0.00778041912537164 0.4999765864100074 0.9043207598607879 0.5118690620997359 0.20705973953038193 0.5537512590939984 1.0917565180141229 1.6923265403454293 1.795997904510239 1.2471342982212317 0.9063890165024797 0.6483740004514065 -0.12386132314033382 -1.1980621164191014 -1.8154367239641551 -1.774330123210527 -1.4697793327213844 -1.2813094462472034 -1.3340499906103487 -1.8689528645679347 -2.419884727498634 -2.9441877861675487 -3.5028756115045927 -4.000808397991935 -3.9012735471105087 -3.311561872148085 -3.2293486706408294 -3.1463598728929387 -3.0253668593539587 -2.62309094254487 -1.6776391252114276 -0.2996631376841514 0.8115077430648605
-0.46176275197675976 -0.046818763237307603 0.15638745180892855 -0.16884590509713426 -0.40230037352811543 -0.2595906652513693 -0.23141066850831615 -0.26760515973792565 -0.21279635873308855 0.05090636308263807 -0.09568132639728066 0.44646044580622757 0.5966675844091069 0.07831076358505662 -0.09180334519410804 0.6494081287722522 1.1651796287941876 1.5909819649025225 1.6700927814472406 1.3427911678994855 1.038240377410343 0.2794487219896009 -0.8428390382085054 -1.5974941803458635 -1.8076807615578103 -1.7557158134352995 -1.274329080081493 -1.1590237723071655 -1.4121266788342206 -2.242014656313124 -3.031313097198823 -3.515543683434956 -4.025368945612027 -3.704013569909137 -3.3720583789175755 -3.2518409616192296 -3.326039668639929 -3.3242299440784486 -3.2753673809184756 -2.8203509197462417 -2.0703493550526906 -0.7021975865734511 -0.08094499782522524
-0.8252588567541235 -0.2528688311658702 -0.000800052959661457 -0.23632277803233448 -0.4697772464633161 -0.5995603507294871 -0.5711218219062224 -0.508815590575252 -0.39635413568325095 0.003853524484145776 0.026345815462545552 0.44930429868855404 0.231620287150474 -0.28699506575378786 0.06745241621617382 0.8115077430648605 1.1719014628796867 1.5224709636464757 1.5871039836993504 1.62691792405192 1.3223671335627776 -0.051730872761326374 -1.1758283575209127 -1.7324479262162646 -1.9423759753479999 -2.010628444523835 -1.494081348261265 -1.3084553146694105 -1.7166774693233635 -2.5693162698608787 -3.31931783455443 -3.803548420790563 -3.711769532315482 -3.3886044320511113 -3.3798143413239203 -3.399462779419994 -3.577074318525292 -3.5830205563701565 -3.481417448847038 -3.03596667464263 -2.2841553853875984 -1.9550440472783632 -1.3330158622895028
-1.0183823206721114 -0.29785341312267066 -0.06155509180936303 -0.32525781362508965 -0.4480605517255505 -0.5770680597510869 -0.6551447479749588 -0.5791363163927792 -0.4121245925761521 0.006955909446683339 0.08503259767055527 0.20111350168551745 -0.016570509852562587 0.08994470719457404 0.44646044580622757 0.7559233458193888 1.0576302834262052 1.5382414205393768 1.7404135072647673 1.8058221235582756 1.107526974907024 -0.35162808580666205 -1.0214847056346494 -1.5791384026508473 -1.893513412188027 -2.051735045277463 -1.8836891931399902 -1.8066466332369642 -2.342583635515396 -2.8076828478158786 -3.398428651099148 -3.412130851350357 -3.320351962875276 -3.437466995211084 -3.4881392829325373 -3.6326587157707637 -3.815440896480292 -3.735295951614728 -3.3886044320511113 -2.9744360395522937 -2.6541147921702497 -2.32422785782038 -2.1494601715974087
-1.2303786264455385 -0.38084221087056136 -0.15126572364275237 -0.35834991989216114 -0.4353924797951869 -0.4335827552337066 -0.5263957720296335 -0.43927046099835954 -0.30457524720816975 -0.017604638173408738 -0.0830132544669171 -0.07603288830120691 0.20525001496890116 0.40328558841090745 0.5565951119763248 0.7080949109802619 0.877950487679215 1.4961006914649033 1.856494411279729 1.4599062002352934 0.33994522875909094 -0.7820839993588038 -1.2996652239422197 -1.2469246795790743 -1.5380318018972194 -1.8984255217120456 -1.9902044101871268 -2.3252619861412263 -3.079917128278584 -3.0897413473266213 -2.917817513985976 -3.026400987674805 -3.244084999212885 -3.417042960874376 -3.570352484439793 -3.834830802496154 -3.766578333320319 -3.398428651099148 -3.0018404400547123 -2.480381234268124 -2.163937968089252 -2.1414456771108523 -1.932551756299963
-1.0008021392177298 -0.24201048379698742 -0.5791363163927792 -0.5682779690238959 -0.19806003016103313 -0.13187581762689016 -0.2732928655025786 -0.21564021161541502 0.025570219221911383 0.13079277586799032 -0.3358576289137609 -0.27536112214427044 0.3389111004382448 0.8536484721393345 0.9433591039727238 0.8906185596095786 1.0126457014694048 1.249202554862924 1.473608400486503 0.7618695836642533 -1.0369966304473393 -1.9139374465247352 -1.8456849773489004 -1.540875654779546 -1.455043004149329 -1.566470330720484 -1.9452198282303264 -2.536999759834442 -3.2528750899400753 -2.9374659520820496 -2.8211265159868764 -3.0633710751450485 -3.2939816906937036 -3.390672688692803 -3.5478601934613927 -3.515543683434956 -3.1980662889352383 -2.731415884153487 -1.7567499417561454 -1.0408746116505116 -0.9364276512450671 -1.2771729329638195 -1.7939785613066008
-0.7753621652733047 0.026345815462545552 -0.6972854770494328 -0.774328036952459 -0.3094873567321881 -0.0057121624836797835 0.05271608764411839 0.316418809459845 0.756957474140235 0.5801215312755712 -0.6308427324350783 -0.1628996672522698 0.6894806012050343 1.1349313754094426 1.309699061632414 1.487310600737712 1.4862764724168667 0.9834315764055055 0.6005455656122796 0.7910837087281521 -0.938495907886759 -2.1150754049292795 -2.2166785124523978 -2.01838440693018 -1.9023035029152178 -1.7254675600505542 -1.8994596500328913 -2.4736594001826253 -2.8309507350349135 -2.6150764480583137 -2.729347627511795 -2.9560802618572777 -3.0654393317867408 -3.0897413473266213 -3.060527222262722 -2.78027844731346 -2.4160067462954613 -1.517607767560511 0.03436030994910233 0.8663165440696976 0.6982706919322252 -0.19133819607553448 -1.1484239570184942
-0.9188474697906854 -0.41393431713763285 -0.8534388534971766 -0.837926928684487 -0.5137277000992704 -0.20607452464758946 0.05478434428581025 0.5596974969388628 1.2197298977188131 1.055820558864725 -0.35240368204729666 0.3241747718661898 0.956027175903087 1.0126457014694048 1.0909809217734883 1.5537533453520673 1.6437225092656673 0.5772776783932447 -0.780274274797323 0.4472360420468622 -0.188494343193208 -1.1825501916064118 -1.6502347247090088 -2.001838353796644 -2.2265027315004344 -2.2792432758635797 -2.331983820226725 -2.694187264603032 -2.529243797428097 -2.0868954081862263 -2.1952203497948433 -2.4961516911610255 -2.570350398181725 -2.4441867430385145 -2.199098330998016 -1.8387046111831897 -1.651268853029855 -0.6758273143918787 0.8877747067272521 1.4376724413371047 1.3321913526108142 0.7657475648674255 -0.1561778331667707
-0.7929423467276866 -0.5556098970935328 -0.8787749973579033 -0.8826529785610759 -0.7461480402094058 -0.49899137152721496 -0.12799783642371754 0.46093824229807145 1.464042713518678 1.5509094924697404 0.18068946734880909 0.43663622675819047 0.9686952478334505 1.0390159736509776 1.2109398069916226 1.66311241528153 1.5801236175336397 0.3458914666039554 -0.8808432539995954 0.34382320996226357 0.9999776295390417 0.27350248414473644 -0.7420115269260217 -1.4697793327213844 -2.18255227786448 -2.3759342738626796 -2.372056292659507 -2.3446518921570885 -2.1621282435277718 -1.7021996728315196 -1.7626961796010099 -2.02536477309589 -2.0664713738495184 -1.7588181983978375 -1.4139364033957011 -0.9511639798171223 -0.8446487627699859 -0.24614699708037158 1.0889126651317964 1.5713335268064483 1.4366383130162594 0.9679196515928159 0.16802139541844596
-0.7616599650220954 -0.7626940933429416 -0.9472859986139499 -0.9403056324482395 -0.780274274797323 -0.6238623662693681 -0.2919071752778062 0.24816634028400975 1.1894816443340686 1.3456350207818124 0.4423239325228434 0.6532861099754248 0.8487363626153162 0.9531833230207605 1.2538561323067308 1.6884485591422562 1.3262451147659498 0.2794487219896009 -0.23037654018747045 0.4816208087149909 1.0899467934526421 1.0977027558589874 0.08012048814653694 -1.0126946149074585 -1.7244334317297083 -1.9227275372519261 -1.9881361535454347 -2.0703493550526906 -1.9237616655727723 -1.5302758394908744 -1.3340499906103487 -1.5429439114212378 -1.5028714389884559 -1.2215885357183478 -0.7089194206589502 -0.19340645271722634 0.17189937662161814 0.1483729573223722 0.8828625972032338 1.2060276974676043 1.1103708277893505 0.6778466575955169 -0.1923723243963802
-0.8006983091340314 -0.9697782895923501 -0.8593850913420411 -0.8330148191604685 -0.6093845697775242 -0.4529726612495688 -0.40230037352811543 0.0733986540610383 0.7158508733866067 0.7598013270225614 0.30969697537434593 0.7636793082257336 0.8994086503367695 0.745064998450506 1.0449622114958417 1.4151801503587045 1.1269168809228862 0.7510112362953705 0.5147129149820624 0.7186947262689332 0.8526143438184883 0.9454273606144157 0.78720572752498 -0.2996631376841514 -0.9705538858329847 -1.307679718428776 -1.6698831628050825 -1.752871960552973 -1.5313099678117206 -1.2859630236910102 -1.1122294657888847 -0.9578858139026214 -0.916003616908359 -0.662900710381304 -0.18254810534834354 0.14656323276089145 0.5312589681155986 0.13570488539200865 -0.44418257052237786 -0.09671545471812637 0.25204432148718237 -0.1815139770274974 -1.416004660037393
-0.9578858139026214 -1.1484239570184942 -0.8924771976091126 -0.6445449326862875 -0.42169027954397764 -0.2117622304122424 -0.15902168604909717 0.0010096716018193064 0.37019348214383596 0.12510507010333738 0.2109377207335541 0.7393772926858531 0.8624385628665254 0.7080949109802619 0.6651785856651538 1.0322941395654786 1.1483750435804403 0.9717976327959885 0.745064998450506 0.560731625259709 0.5871018974412818 0.8037517806585157 0.6494081287722522 0.6103697846603162 -0.05948683516767117 -1.1034393750616938 -1.671692887366563 -1.6913413254626368 -1.3573178778293833 -1.1825501916064118 -1.0194164489929574 -0.8611948159035216 -0.4480605517255505 -0.19521617727870666 -0.26165892189306117 -0.09180334519410804 -0.05560885396449855 -0.6435108043654414 -1.445218785101292 -1.5000275861061294 -1.1523019382216666 -1.3593861344710754 -2.591808560839279
-1.236324864290403 -1.2859630236910102 -0.899457563774823 -0.6298086041142321 -0.30457524720816975 -0.09464719807643451 0.35157917236860836 0.54883914956998 0.1543191951672367 -0.3203457041010709 -0.04966261611963407 0.4560261327740527 0.5966675844091069 0.6444960192482339 0.6015796939331253 0.6444960192482339 0.7861715992041338 0.6230378565906798 0.3632131159781258 0.18353332023113555 0.297804499684617 0.54883914956998 0.8164198525888788 0.7773815084769429 0.008765634008164103 -1.1502336815799747 -2.0615592643254996 -2.1727280588164435 -1.8299145204559988 -1.5488901492661022 -1.3330158622895028 -0.47262109934564256 -0.05845270684682502 -0.41884642666165117 -0.6453205289269222 -0.8105225281820685 -1.0974931372168295 -1.6972875633075013 -2.2060786971637265 -2.3671441831354887 -2.2577851132060256 -2.4656449056960685 -2.6776412114694956
-1.534153820694047 -1.394546497379839 -1.0506988306985485 -0.6709152048678604 -0.26657103141707994 0.4288802643518457 0.9767097423200068 0.9384469944487055 0.22567404930560953 -0.42169027954397764 -0.4121245925761521 -0.06233068804999764 0.2510101931663362 0.35933513477495316 0.39449549768371694 0.385705406956526 0.3311551380319 0.06460856333384735 -0.15333398028444423 -0.20297213968505146 0.009799762329009809 0.2569564310112007 0.49713273352768095 0.24428835908083713 -0.5809460409542595 -1.6259327091691282 -2.5566481979305156 -2.8203509197462417 -2.609388742293661 -2.1111974237261073 -1.4765011668068833 -0.5380297156391509 0.13079277586799032 -0.2324447968291623 -1.1747942292000668 -1.4666769477588464 -1.9178154277279078 -2.536999759834442 -2.8562868788956397 -2.8924813701252496 -2.7694200999445773 -2.690309283399859 -2.746927808966177
-1.816470852285001 -1.5204516204428375 -1.2236567923600397 -0.7440797835677135 -0.03415069130694448 0.7657475648674255 1.2988407142635312 1.1690576099973602 0.4834305332764717 -0.24201048379698742 -0.5974920940877952 -0.7771718898347855 -0.35162808580666205 0.03901388739290912 0.13389516083052833 0.0821887447882288 0.020658109697893057 -0.10628114168595193 -0.2763952504651166 -0.445216698843224 -0.5000254998480611 -0.3094873567321881 -0.14350976123640757 -0.4353924797951869 -1.245114955017594 -2.259594837767506 -2.748996065607869 -2.7957903721261497 -2.8291410104734327 -2.568282141540033 -1.8495629585520725 -0.9392715041273936 -0.1737580146211526 -0.19133819607553448 -1.0918054314521766 -1.8896354309848546 -2.37774399842416 -2.8387066974412583 -2.9041153137347666 -2.8826571510772125 -2.8738670603500216 -2.849565044810141 -2.81828266310455
-2.207888421725207 -1.7332235224568993 -1.2381345888518835 -0.74692363645004 -0.1385976517123888 0.621228132029199 1.2626462230339222 1.3234012618836237 0.6406180380450612 -0.16005581436994332 -0.5819801692751057 -0.9785683803195411 -0.6435108043654414 -0.24407874043867972 -0.13471967050921663 -0.17763599582432477 -0.1864260865515157 -0.22546443066345168 -0.27923910334744306 -0.5819801692751057 -0.807678675299742 -0.8710190349515585 -0.7391676740436952 -0.8387025249251214 -1.4100584221925285 -2.142479805431698 -2.5556140696096694 -2.48141536258897 -2.628778648309523 -2.7539081751318872 -2.3886023457930428 -1.745115998146628 -1.2177105545151752 -1.1385997379704573 -1.6161084901210914 -2.403338674365098 -3.012698787423595 -3.0507030032146853 -2.862233116740504 -2.6561830488119416 -2.6639390112182864 -2.7870002813989587 -2.8387066974412583
-2.10137320467807 -1.7626961796010099 -1.087927450249004 -0.6298086041142321 -0.22649855898429783 0.4268120077101538 1.19154990097576 1.4071656558721486 0.6768125292746707 0.0927885600769005 -0.4012662452072693 -1.1874623011304302 -0.9170377452292049 -0.429704774030534 -0.27148314094109827 -0.3505939574858159 -0.42660238906799597 -0.5028693527303876 -0.37877395422886906 -0.6445449326862875 -0.9891681956082123 -1.2021986297024854 -1.1277413906015745 -1.1055076317033858 -1.4392725472564278 -1.9160057031664273 -2.354476111205125 -2.4617669244928964 -2.701167630768742 -3.0008063117338666 -3.031313097198823 -2.6347248861543875 -2.214868787890917 -2.114299808688645 -2.5176098538185796 -3.1101653816633297 -3.538035974413356 -3.097497309732966 -2.6582513054536334 -2.513731872615407 -2.4666790340169147 -2.591808560839279 -2.7831223001957865
