static/data/ASCData/20210113/ASCU/12.asc
ncols 97
nrows 97
xllcorner 99.0
yllcorner 2.0
cellsize 0.25
NODATA_value -32767
[rows 76 to 94 of 97, columns 0 to 41 of 97]
-8.074928823301125 -7.974341380714947 -6.904845397417409 -4.7457359423050995 -3.0133687123646493 -2.858966987994866 -2.829796629644875 -4.1266202331871735 -4.203821095372065 -4.216394525695338 -5.414642435503183 -5.966364558088369 -5.60525563920399 -5.451859789260069 -5.542639956194094 -5.736019314566022 -5.739036937843607 -5.757394146115584 -5.940211823015963 -6.172568815390034 -6.223365473896053 -6.312133891978355 -6.164773288589605 -6.055384444777136 -5.874578516728482 -5.678433003685434 -5.584635213473824 -5.502656447766088 -5.572816188969948 -5.479269867364803 -5.376670675926901 -5.205672023530398 -4.976332654433913 -4.628551571692202 -4.332573021882373 -4.264425029530238 -4.178422766119056 -4.109017430734593 -4.103233652785888 -4.051431119854006 -4.146234784491479 -4.401978357266836
-8.097309529276549 -7.994710337838647 -7.3728284740496015 -5.429227614678179 -3.702895631292899 -2.8043983003918647 -2.7556133907375684 -2.6726287506039714 -2.639434894550533 -2.452845188553173 -3.843466582307083 -5.056299671289924 -5.984973234966812 -5.825793607074186 -5.976171833740521 -6.17055706653831 -5.951779378913373 -5.940211823015963 -5.9771777081663835 -6.152954264085729 -6.142141114007715 -6.092350329927557 -5.944989726538806 -5.756388271689723 -5.576839686673395 -5.359067873474319 -5.270047986785552 -5.156887113876102 -5.226292449260565 -5.1500974615015345 -5.133500533474815 -4.963507755504175 -4.699968655928388 -4.352187573186678 -4.110023305160454 -4.023015167323411 -3.863835539430784 -3.919661570066113 -3.957633329642395 -3.8296358089514837 -3.925445348014818 -4.1412054123621695
-7.90895954303393 -7.820945530771025 -7.2360295521324005 -5.361079622326043 -4.699968655928388 -3.800465450601492 -2.8521773356202993 -2.615796845542781 -2.4176395836480102 -1.6607190781870214 -2.2926596862346846 -3.5515115302007016 -4.872727588570148 -6.029986115524126 -6.180364342190462 -6.242728556593892 -5.971393930217678 -5.871812362057362 -5.84540815837849 -5.980195331443968 -5.889415164509943 -5.817998080273757 -5.627636345179415 -5.439034890330331 -5.300475688167871 -5.083709749394657 -4.982116432382617 -4.844311636039554 -4.895108294545573 -4.902903821346002 -4.90692731904945 -4.806339876463271 -4.543555182706882 -4.281021957556957 -4.083619101481583 -3.889233868683794 -3.678251707859286 -3.7622422224187444 -3.742879139720905 -3.5914950386287074 -3.599290565429136 -3.8160565042023493
-7.483977598107328 -7.512393550637924 -6.530911579603293 -5.387483826004915 -5.047498270063633 -4.018237263800567 -2.9205767965789002 -2.5054021273044507 -2.341444595888981 -1.4625618162922507 -1.4341458637616555 -2.128450686212749 -3.5105221473468338 -4.755543217957252 -5.994780510618964 -6.044571294699122 -5.7692131706194605 -5.656806703529407 -5.626630470753552 -5.679438878111297 -5.573822063395809 -5.439034890330331 -5.247667280810127 -5.093517025046809 -4.955712228703746 -4.7925091031076725 -4.6715527033977935 -4.535759655906453 -4.579766662037906 -4.66677479987495 -4.742718319027514 -4.65017787184823 -4.471383692651299 -4.2136283710242175 -3.939024652763952 -3.666684151961875 -3.4780826971127916 -3.5935067874804307 -3.531896978896397 -3.3425411182279166 -3.3277044704464553 -3.434327159587804
-6.999649062054882 -7.15983456437337 -6.805263829257093 -6.144152862859438 -5.70961511088715 -4.290577764602644 -2.3570356494898386 -1.862899837785239 -1.8727071134373914 -1.3433656968276297 -1.1628112373854402 -0.8102522511208865 -1.291563163895748 -2.426440984874301 -4.310192315906948 -5.6384494952574284 -5.4742404952354935 -5.29167428694158 -5.320090239472176 -5.361079622326043 -5.198882371155831 -5.0309013420369135 -4.888318642171006 -4.7585608412348375 -4.6247795425952205 -4.462582291425008 -4.300385040254796 -4.2556236283039475 -4.290577764602644 -4.402984231692698 -4.467360194947852 -4.406001854970283 -4.267191184201358 -4.069033922306587 -3.776072995774344 -3.4685268900671047 -3.2701181595658686 -3.3825246266559224 -3.3425411182279166 -3.1393544842038374 -3.0319773892430923 -3.1139561549508272
-6.517332274854159 -6.126550060406857 -6.130573558110305 -5.643227398780272 -4.532742032628867 -2.6344055224212237 -0.9644025068842046 -1.0700193215996912 -1.5787403124792863 -1.4831822420224172 -1.6207355697590156 -0.8092463766950249 -0.06615664458963533 -0.9058103215777558 -2.889394689377185 -4.469371943799575 -4.704746559451232 -4.977087060253309 -5.032913090888638 -4.91572872027574 -4.845317510465415 -4.620756044891773 -4.4909982439556035 -4.423604657422865 -4.308180567055225 -4.166603741615179 -3.9918330601216954 -3.946820179564381 -3.9732243832432523 -4.0494193710022826 -4.033828317401425 -3.969452354146271 -3.861069384759664 -3.6774973020398893 -3.4557019911373668 -3.299539986522326 -3.2507550768680296 -3.286715087592588 -3.2067480707365768 -2.9479868746836337 -2.8043983003918647 -2.7495781441823977
-5.1277167555261105 -3.7300542407911674 -2.7075828869026686 -1.3443715712534918 -0.23112005043096717 0.30199339527577607 0.5793632682071617 0.32563144428352775 -0.6276860428269737 -0.9809994349109239 -1.411765157786231 -0.9752156569622183 0.07944367855385748 0.07843780412799539 -0.5972583414446548 -1.4059813798375256 -2.2956773095122696 -3.9722185088173907 -4.783959170487847 -4.527964129106024 -4.386387303665979 -4.184206544067761 -4.12460848433545 -4.165597867189318 -4.1266202331871735 -3.98881543684411 -3.814044755350626 -3.719492559319619 -3.736089487346338 -3.7036500371122956 -3.613875744604132 -3.5396925056968254 -3.459725488840814 -3.3385176205244695 -3.244719830312859 -3.2203273754857107 -3.129547208551685 -3.003561436712497 -2.898196090603476 -2.6550259481513905 -2.4850331701807495 -2.306238990983818
-3.788646426097616 -2.2974375897575277 -0.7428586645881476 0.9789468838807536 2.3137422469993356 2.4359559897415415 1.4494446465776014 0.8987283984182768 0.5793632682071617 -0.21754074568183324 -1.134395284854845 -0.8726164655243172 0.014061840872841458 -0.06992867368661715 -0.8034625987463198 -1.1685950153341458 -1.4645735651439744 -2.0874613033588814 -3.9928389345475575 -4.239781106096624 -3.887473588438536 -3.751680540947196 -3.7692833433997768 -3.8628296650049223 -3.957633329642395 -3.8550341382044935 -3.6754855531881656 -3.5271190753735535 -3.441116811962371 -3.2819371840697444 -3.204736321884853 -3.1529337889529714 -3.0807622988973886 -3.0065790599900826 -2.960560305006906 -3.0191524903133544 -2.9351619757538963 -2.8179776051409986 -2.758379545408688 -2.512443248285483 -2.1920722436485063 -1.8794967658119583
-3.142120638874957 -1.8337294794352474 -0.21351724797838578 1.5784480416943745 3.0276616207547336 3.33923122416542 2.457330821291104 1.2160817797776686 1.0558962774591802 0.16444006753917773 -1.0670016983221058 -0.9254248728820604 -0.45366976715288576 -0.4956650244326153 -0.9772274058139421 -1.2281930750664563 -0.7428586645881476 -0.8834296156023314 -3.3023061411934456 -3.912871917691546 -3.523095577670106 -3.4137067338576377 -3.458719614414952 -3.666684151961875 -3.788646426097616 -3.7282939605459093 -3.5183176741472626 -3.3151310401231835 -3.1501676342818516 -2.972379329510782 -2.824767257515566 -2.7681868210608407 -2.720407785832406 -2.6608097261000956 -2.6472304213509616 -2.652008324873805 -2.5318063309833225 -2.5104314994337598 -2.534823954260908 -2.4176395836480102 -2.069104095086904 -1.6021268928805728
-2.480255266657906 -1.6793277550654642 -0.5426896538416535 1.222871432152235 2.999245668224138 3.3528105289145533 2.4553190724393805 1.1429044152962233 1.2072803785513773 0.18682077351460213 -0.9732039081104951 -0.36389547464472205 -0.06716251901549697 -0.40211870282746975 -0.8580312863493211 -0.9294483705855074 -0.6940737549338514 -0.7896318253907202 -2.7722103187642877 -3.470287170312363 -3.2751475316951777 -3.1149620293766893 -3.247737453590444 -3.462491643511934 -3.6443034459864507 -3.5914950386287074 -3.365927698629203 -3.1647528134568472 -2.910769520926748 -2.6432069236475146 -2.4928286969811784 -2.411855805699305 -2.362065021619147 -2.3112683631131272 -2.304227242132095 -2.2516703033808168 -2.214452949623931 -2.341444595888981 -2.4322247628230063 -2.3130286433583853 -2.0044766632252844 -1.5445405819999858
-2.050495418208461 -1.5767285636275628 -0.8024567243204581 0.4035867122878156 2.174177170411013 3.118441787688759 2.246348660466596 1.2025024750285342 1.1381265117733803 0.5169990538037315 -0.8600430352010449 -0.09054909941678346 0.31582416863137563 -0.04453034443360693 -0.6666636768291179 -0.7516600658144381 -0.9626422266389465 -1.1069852067501116 -2.3854516020204333 -3.15796316108228 -3.021164239165078 -2.878581539299171 -3.0123628379387877 -3.2847033387408646 -3.4634975179377956 -3.4137067338576377 -3.182355615909428 -3.0143745867905114 -2.7271974382069732 -2.457623092076016 -2.250664428954955 -2.1666739143954965 -2.0670923462351802 -2.017301562155022 -1.95669762799685 -1.8970995682645395 -2.0904789266364667 -2.252676177806679 -2.3228359190105374 -2.1988618960230735 -1.8903099158899725 -1.4821763675965554
-2.0698585009063004 -1.5035511991461183 -1.3053939372513477 -0.18610716987365228 1.0131466143600538 1.9584171060636613 2.7035185870207745 1.8937896742020421 1.1557293142259613 0.8695580400682847 -0.7066471852571232 -0.2887063613115539 0.23283952849777867 -0.09733875179135065 -0.7194720841868611 -1.0446209923466814 -1.2566090275970514 -1.2038006202393081 -2.2242602252760832 -2.966344082955611 -2.8375921564453033 -2.7126122590319772 -2.877575664873309 -3.1501676342818516 -3.246731579164582 -3.1881393938581337 -2.9557824014840626 -2.8189834795668602 -2.5964337628449417 -2.390229505543277 -2.163656291117911 -1.9441241976735777 -1.8452970353326579 -1.7829328209292274 -1.7047260843184742 -1.7613065207731993 -2.014283938877437 -1.9021289403938484 -2.021073591252004 -1.920486148665826 -1.6999481807956307 -1.291563163895748
-2.1988618960230735 -1.681339503917188 -1.6129400429585867 -0.9538408254126556 0.15941069540986863 1.3430734260427175 2.332350923877778 2.605697299105717 1.4368712162543287 0.8547213922868235 -0.5200574792597634 -0.4556815160046095 0.3012389894563796 -0.09733875179135065 -0.6978457840308327 -1.0426092434949576 -1.3921506064819262 -1.3081600919224674 -2.2272778485536686 -2.7495781441823977 -2.6489907015962197 -2.715378413703097 -2.845387683245732 -3.0415331962887793 -3.140360358629699 -2.9429575025543246 -2.715378413703097 -2.603223415219509 -2.5054021273044507 -2.315040392210109 -2.0582909450088898 -1.8171325514085281 -1.6363266233598732 -1.5757226892017009 -1.6335604686887533 -1.7934945024007762 -1.8022959036270667 -1.1333894104289834 -1.4585383185888037 -1.7633182696249228 -1.523165750450423 -1.2281930750664563
-1.8717012390115295 -1.79274009658138 -1.751499245121047 -1.2095843981880132 -0.5914745634959497 0.4885831012731363 2.012985793666663 2.8471071613125436 1.96621263286409 1.1371206373475187 -0.09733875179135065 -0.8424402327484635 -0.2097452188814044 -0.5454558085127732 -0.9840170581885093 -1.0534223935729718 -1.5123526003724088 -1.3697699005065016 -2.135491807193781 -2.5426194810613367 -2.614036565297523 -2.663827349377681 -2.764414791963859 -2.964583802710353 -3.035749418340074 -2.758379545408688 -2.5318063309833225 -2.401042655621291 -2.387463350872157 -2.193078118074368 -1.9536800047192646 -1.6999481807956307 -1.4957556723456895 -1.454766289491822 -1.5583713553555854 -1.680333629491326 -1.4801646187448319 -0.7340572633618567 -1.285779385947043 -1.5817579357568716 -1.4381693614651025 -1.217379924988442
-0.91662347165577 -1.5143643492241323 -1.7009540552214926 -1.5709447856788574 -0.9898008361372144 -0.05131999680817412 1.4398888395319145 3.047276172059038 3.039480645258609 1.8761868717494612 0.614568873112324 -0.9186352205074932 -1.3883785773849444 -1.5817579357568716 -1.5337274319219716 -1.4595441930146653 -1.6773160062137407 -1.304388062825486 -2.1480652375170535 -2.4284527337260244 -2.5016300982074693 -2.584614738341066 -2.690985958875949 -2.834574533167718 -2.889394689377185 -2.702804983379825 -2.444043787326882 -2.282852410582532 -2.2554423324777986 -2.0085001609287314 -1.7331420368490695 -1.500533575868533 -1.3687640260806397 -1.3707757749323635 -1.465579439569836 -1.497767421197413 -1.3081600919224674 -0.9332203996824893 -1.3091659663483295 -1.4577839127694072 -1.4673397198150941 -1.4585383185888037
-0.3649013490705837 -0.6968399096049711 -1.115786607976402 -1.3483950689569388 -1.0016198606410902 -0.2057217211779574 1.098897409164771 2.544338959128148 3.012070567153876 2.818691208781949 1.50527067721293 -0.9410159264829181 -1.189215441064312 -0.9176293460816316 -1.056188548244092 -1.4537604150659602 -1.5855299648538532 -1.1628112373854402 -2.1090876035149098 -2.3170521410618328 -2.312274237538989 -2.451839314127311 -2.5561987858104707 -2.6401893003699293 -2.715378413703097 -2.6628214749518193 -2.38343985316871 -2.2456350568256465 -1.9868738607727034 -1.860133683114119 -1.6881291562917549 -1.4781528698931083 -1.3443715712534918 -1.336576044453063 -1.3737933982099486 -1.31796736757462 -0.9518290765609323 -0.7310396400842714 -1.0063977641639337 -1.375553678455207 -1.5767285636275628 -1.5583713553555854
-0.6304521974980934 -0.6784827013329937 -0.8238315558700209 -1.064235543650986 -0.9460452986122267 -0.2663256553361295 0.7483501717519405 1.914410099932209 2.3137422469993356 2.201587248515747 0.636195173268352 -1.2691824579203237 -1.4235841822901067 -1.0290299387458237 -1.15677599083027 -1.5749682833823047 -1.6725381026908972 -1.1130204533052823 -1.7799151976516423 -2.2046456739717786 -2.22224847642436 -2.2750568837821032 -2.4048146847182728 -2.5134491227113447 -2.587632361618651 -2.57279571383719 -2.3668429251419907 -2.1236727826899053 -1.743703718320618 -1.7291185391456223 -1.5601316356008434 -1.3433656968276297 -1.2380003507186084 -1.272200081197909 -1.2691824579203237 -1.0290299387458237 -0.5768893843209537 -0.45668739043047113 -0.8512416339747544 -1.3737933982099486 -1.6129400429585867 -1.5425288331482623
-0.83766232922562 -0.9128514425587881 -0.8580312863493211 -0.9644025068842046 -0.797427352191149 -0.24671110403182483 0.6429848256429191 1.019936266734621 1.3596703540694377 0.982718912977735 -0.8298668024251916 -1.6921526539952019 -1.6061503905840198 -1.4097534089345074 -1.4517486662142367 -1.6373324977857349 -1.5143643492241323 -1.0212344119453949 -1.0710251960255532 -1.7291185391456223 -2.0250970889554507 -2.135491807193781 -2.289642062957099 -2.4410261640492967 -2.5016300982074693 -2.494840445832902 -2.3278652911398465 -1.9732945560235693 -1.6579529235159014 -1.5269377795474046 -1.3649919969836581 -1.202794745813446 -1.1530039617332881 -1.1519980873074265 -1.0141932909643625 -0.7448704134398709 -0.37672037357445953 -0.3337192418688688 -0.6930678805079893 -1.3325525467496155 -1.5651610077301523 -1.436157612613379
-1.0974293997044247 -0.9898008361372144 -0.6490608743765365 -0.7164544609092758 -0.5027061454136477 0.02864702004783748 0.1858148990887405 0.3978029343391105 0.32739172452878584 -0.2995195113895681 -2.2652496081299507 -3.0241818624426635 -2.601211666367785 -1.7253465100486407 -1.6881291562917549 -1.1519980873074265 -0.9470511730380888 -0.9752156569622183 -0.8502357595488923 -1.110002830027697 -1.8141149281309428 -2.0406881425563084 -2.239851278876941 -2.3844457275945716 -2.4176395836480102 -2.375644326368281 -2.2232543508502216 -1.8794967658119583 -1.5749682833823047 -1.2769779847207525 -1.147220183784583 -1.0720310704514149 -1.0104212618673807 -0.8394226094708781 -0.7008634073084181 -0.5406779049899297 -0.2768873368076781 -0.28493433221457254 -0.5260927258149342 -1.091394153149254 -1.3511612236280586 -1.2407665053897285
