static/data/ASCData/20210113/ASCU/15.asc
ncols 97
nrows 97
xllcorner 99.0
yllcorner 2.0
cellsize 0.25
NODATA_value -32767
[rows 19 to 37 of 97, columns 43 to 85 of 97]
-3.2456610938385912 -2.0688438080817972 -2.4585805390036226 -1.9937871572341324 -2.935038130026466 -3.463477523156645 -3.6617690804636505 -3.8844033353428715 -4.135437404056344 -4.211508333969518 -4.1245339041021225 -3.9292851839916443 -3.80909311472883 -3.8521999750129616 -4.070016404331015 -4.216326159530685 -4.260447298880326 -4.173472869012931 -4.024880985915866 -3.8306465448708957 -3.718315138365776 -3.6960009989245783 -3.693972440793561 -3.8648784633318236 -4.1275767412986495 -4.525934844277302 -5.00746383062769 -5.371590015145414 -5.462367991508468 -5.709598513726282 -5.81102642027718 -5.971282512627599 -6.187070383814634 -6.43506161533158 -6.507328998749095 -6.4449508362202925 -6.4419079990237655 -6.438104452528107 -6.585428486793286 -6.696745614232897 -6.807302032373375 -7.036782670944783 -7.553304285055231
-3.6186622201795187 -2.156832517014701 -1.96640162246539 -3.1891150359364655 -3.496695162552064 -3.811121672859848 -3.8276037076743687 -4.026909544046884 -4.32181118234362 -4.442003251606433 -4.361875205431224 -4.24168313616841 -4.155722985366523 -4.250558077991614 -4.444792519036583 -4.678330273870026 -4.76910825023308 -4.649930460035774 -4.428310484222062 -4.202633392146314 -3.9909026372213146 -3.9262423467951173 -3.8717248470240095 -3.9439922304415242 -4.203647671211823 -4.622544925267032 -5.128416609189636 -5.652038176758647 -5.876447420002509 -6.156895581615742 -6.362794231914065 -6.559057231090053 -6.828601892749065 -7.05630754295583 -7.149114077449902 -7.1823317168453205 -7.198813751659841 -7.292634565219423 -7.438183611119961 -7.6225288312762185 -7.786588470122296 -7.982090759999152 -7.909823376581637
-4.230018926915057 -2.2719531909499704 -2.154803958883683 -3.7261758011234707 -3.9556564396948777 -3.8686820098274826 -4.036798764935596 -4.234076043177093 -4.485870821189697 -4.616712820640355 -4.555348937177062 -4.412589158706673 -4.372525135619068 -4.460513844551972 -4.693798029619038 -4.899950249683738 -4.972217633101253 -4.844418470847121 -4.554334658111554 -4.179304973639607 -4.013216776662512 -4.019048881289189 -4.063930729937961 -4.199844124716164 -4.452653181794278 -4.83072570346275 -5.2955190852322405 -5.880504536264545 -6.25730920910113 -6.533700254452328 -6.9049263924286155 -7.287563169891878 -7.561164947812925 -7.806113342133344 -7.960537329857086 -8.071854457296697 -8.147164677910737 -8.233885538011755 -8.374616758351127 -8.422541444196426 -8.374616758351127 -8.34418838638586 -8.194835793989661
-4.805368726825026 -2.7572857237960173 -2.2935066210920363 -3.9059567654849374 -4.030713090542542 -3.9262423467951173 -4.055309357881135 -4.338546786924518 -4.546473995353859 -4.662608948354636 -4.5982022276948165 -4.507424251331763 -4.484856542124188 -4.608091448583529 -4.8256543081352055 -4.917446563563768 -4.970189074970235 -4.8091722733206845 -4.477249449132871 -4.1227589157374815 -4.011188218531494 -4.053280799750117 -4.240922426869278 -4.443017530671942 -4.611894995079187 -4.935196447210175 -5.346233038507689 -5.926400663978827 -6.4994683359914 -6.889205066913226 -7.404965971724542 -7.927319690461667 -8.261271072780499 -8.523969350747326 -8.720232349923313 -8.839410140120616 -8.937034500175857 -8.972280697702294 -9.010316162658881 -8.912691802603641 -8.680168326835709 -8.492780269482925 -8.266088898341668
-5.819901362100383 -4.227229659484907 -3.497709441617573 -4.109066148353111 -4.073819950826674 -3.9488100560026917 -4.077623497322333 -4.323839740474638 -4.532781227969487 -4.5954129602646665 -4.521117018716134 -4.496774321143919 -4.5426704488582 -4.687965924992361 -4.849236296408289 -4.940014272771343 -4.854054121969456 -4.693037320319906 -4.460513844551972 -4.1412695086830205 -4.024880985915866 -4.048462974188949 -4.25639018261829 -4.52796340240832 -4.696840866815565 -5.0406814700231095 -5.451718061320624 -6.055214105298466 -6.726159707132657 -7.323823646483824 -7.822848946714242 -8.35407760727457 -8.764353489272953 -9.02705176723978 -9.20455060370385 -9.323728393901156 -9.257293115110318 -9.248671743053492 -9.234978975669119 -9.040490964857772 -8.782864082218492 -8.558201269208253 -8.330749188767864
-5.016085202684517 -4.5845094603104455 -4.057084346245776 -3.6392013712560756 -3.222332675331885 -3.1860721987399385 -3.992677625585955 -4.23889386873826 -4.402953507584337 -4.46254240268299 -4.44783535623311 -4.449863914364128 -4.562195320869248 -4.763276145606403 -4.89513242412257 -4.891075307860534 -4.804354447759517 -4.67427315760799 -4.46533167011314 -4.212522613035027 -4.051252241619099 -4.094359101903231 -4.218354717661703 -4.496774321143919 -4.860900505661642 -5.204741108869187 -5.624652641989904 -6.195945325637838 -7.050475438329153 -7.713560377405649 -8.097211433934422 -8.49759809504409 -8.926384569988013 -9.224075475714898 -9.401827881945348 -9.442906184098462 -9.31789628927448 -9.223314766415767 -9.23878252216478 -9.0914584878996 -8.913706081669151 -8.688028989593402 -8.536647839066188
-2.731928747158293 -2.346249132498503 -2.15784679608021 -1.7321031583328155 -1.6245895773888637 -2.7593142819270353 -3.6782511152781714 -4.092330543772213 -4.232047485046075 -4.318007635847961 -4.373539414684577 -4.454681739925296 -4.591355844002631 -4.7975080640673315 -4.838332796454067 -4.8256543081352055 -4.742736994529846 -4.626602041529068 -4.485870821189697 -4.231033205980566 -4.133408845925326 -4.295439926640386 -4.334489670662482 -4.489927937451733 -4.894118145057061 -5.2886727015400545 -5.715430618352958 -6.372683452802777 -7.257388367692986 -7.841359539659781 -8.201682177681846 -8.528026467009362 -8.861977849328191 -9.180207906131635 -9.418563486526246 -9.464459614240527 -9.376470905307624 -9.276057277822233 -9.254503847680168 -9.254503847680168 -9.178179348000617 -9.013358999855408 -8.856145744701516
-2.2914780629610183 -1.8872878553556895 -1.702689065433055 -1.204678044268146 -1.199860218706978 -2.623654456915209 -3.5963480807383212 -4.004595404605686 -4.163583648124218 -4.279972170891374 -4.318007635847961 -4.468374507309667 -4.569802413860565 -4.733862052706643 -4.787618843178619 -4.713576471396463 -4.619755657836882 -4.550277541849518 -4.403967786649847 -4.163583648124218 -4.198829845650655 -4.429324763287571 -4.503620704836104 -4.641309087978948 -4.878396819541672 -5.234915911068079 -5.77780878088176 -6.518993208002447 -7.237863495681937 -7.750581563296727 -8.147164677910737 -8.410623665176697 -8.777031977591815 -9.136340336548372 -9.384331568065317 -9.52506278840469 -9.50452363732813 -9.44011691666831 -9.423381312087413 -9.50452363732813 -9.384331568065317 -9.20277561533921 -9.168543696878281
-1.842406006706917 -2.0513474942017673 -2.0815222964006592 -1.2594491138056307 -2.056165319762935 -3.114819094387933 -3.730993626684638 -3.9351172886183208 -4.053280799750117 -4.199844124716164 -4.207704787473859 -4.423492658660894 -4.544445437222841 -4.63928052984793 -4.64206979727808 -4.575634518487242 -4.523145576847152 -4.477249449132871 -4.361875205431224 -4.221143985091853 -4.273125787199188 -4.426281926091044 -4.562195320869248 -4.675287436673499 -4.812975819816343 -5.148955760266193 -5.774005234386102 -6.569960731044274 -7.270066856011848 -7.644082261418284 -7.955719504295918 -8.301335095868104 -8.644161420010139 -8.94692372106457 -9.269210894130048 -9.579580288175796 -9.735018554965048 -9.703575903934269 -9.773054019921634 -9.786746787306004 -9.735018554965048 -9.798410996559358 -9.841264287077113
-0.4087225476099734 0.11768828738918735 -1.2485456138514093 -2.7593142819270353 -3.2953607680485315 -3.4713381859143393 -3.797428905475477 -3.960474265256045 -4.042630869562273 -4.160794380694069 -4.203647671211823 -4.3423503334201765 -4.403967786649847 -4.520102739650625 -4.498549309508559 -4.48003871656302 -4.477249449132871 -4.398896391322302 -4.243711694299428 -4.195787008454128 -4.346153879915835 -4.507424251331763 -4.5817201928802955 -4.601245064891343 -4.662608948354636 -4.966385528474577 -5.621609804793378 -6.4449508362202925 -7.1577354495067285 -7.461512029626668 -7.8550523070441525 -8.22703915431957 -8.484919606725228 -8.799346117033013 -9.214439824592564 -9.610008660141066 -9.918603065822172 -10.040570123449626 -10.10396256504394 -10.176229948461454 -10.378578622030496 -10.670437423130704 -10.8677147013722
0.010174706445235326 -0.34533010601566216 -1.3667091249832053 -2.8833098976855083 -3.5572983367162254 -3.720343696496794 -3.893024707399698 -4.038573753300237 -4.052266520684608 -4.134423124990835 -4.163583648124218 -4.324854019540147 -4.337532507859009 -4.444792519036583 -4.396107123892152 -4.3656787519268825 -4.386217903003439 -4.396107123892152 -4.295439926640386 -4.273125787199188 -4.458485286420954 -4.5786773556837685 -4.474206611936344 -4.49576004207841 -4.5807059138147865 -4.928350063517989 -5.59929566535218 -6.35214430172622 -6.921408427243136 -7.280716786199692 -7.757427946988913 -8.110904201318792 -8.406820118681036 -8.742800059130886 -9.14014388304403 -9.575776741680137 -9.960442077274418 -10.24849733187897 -10.379592901096004 -10.627584132612949 -11.069049095875734 -11.501639117315314 -11.840408325195312
-1.2378956836635648 -2.3198778767952697 -2.9634379438607175 -3.3628103259048787 -3.8443393122552667 -3.9848169628282606 -4.094359101903231 -4.1166732413444285 -4.138226671486494 -4.149890880739847 -4.106023311156584 -4.266279403507003 -4.267040112806135 -4.346153879915835 -4.318007635847961 -4.299497042902422 -4.347168158981344 -4.346153879915835 -4.380385798376763 -4.411574879641164 -4.613923553210205 -4.682133820365685 -4.532781227969487 -4.40092494945332 -4.508438530397272 -4.959539144782391 -5.639359688439785 -6.107956616704934 -6.617631847123196 -7.048446880198135 -7.574857715197297 -7.979047922802625 -8.369798932789958 -8.651007803702324 -8.93221667461469 -9.374695916942983 -9.809060926747204 -10.10396256504394 -10.351193087261752 -10.733069155425884 -11.105056002701303 -10.985878212503998 -10.70568362065714
-3.2096541870130224 -3.8012324519711354 -3.9878598000247876 -3.9526136024983507 -4.065959288068979 -4.148115892375206 -4.14405877611317 -4.166626485320745 -4.161808659759577 -4.135437404056344 -4.057084346245776 -4.184122799200775 -4.205676229342841 -4.266279403507003 -4.242697415233919 -4.3413360543546675 -4.389260740199966 -4.359846647300206 -4.381400077442272 -4.515284914089458 -4.687205215693229 -4.692023041254397 -4.475220891001853 -4.31902191491347 -4.43033904235308 -4.882453935803708 -5.390100608090953 -5.85514755962682 -6.349101464529694 -6.793609264989005 -7.349180623121548 -7.774924260868943 -8.169478817351937 -8.383491700174332 -8.663686292021186 -8.937034500175857 -9.316882010208971 -9.767221915294957 -10.000506100362022 -10.222126076175735 -10.031695181626425 -9.659708334351006 -7.898919876627415
-4.150905159805356 -4.30710413589374 -4.222158264157362 -4.223172543222871 -4.30431486846359 -4.217340438596194 -4.212522613035027 -4.195026299154997 -4.188940624761943 -4.138226671486494 -4.093344822837722 -4.1245339041021225 -4.14405877611317 -4.20669050840835 -4.230018926915057 -4.328657566035805 -4.3656787519268825 -4.335503949727991 -4.3530002636080205 -4.517059902454098 -4.629391308959217 -4.562195320869248 -4.359846647300206 -4.203647671211823 -4.314964798651434 -4.5992165067603255 -5.106102469748438 -5.582560060771282 -6.088431744693885 -6.551450138098735 -7.1440426821223575 -7.553304285055231 -7.929348248592685 -8.142093282583193 -8.156800329033075 -8.429387827888611 -8.681182605901217 -9.151808092297383 -9.136340336548372 -9.014119709154539 -8.528026467009362 -7.50360461084529 -5.7466196996173595
-4.24168313616841 -4.30431486846359 -4.31902191491347 -4.376582251881104 -4.3540145426735295 -4.255375903552781 -4.250558077991614 -4.232047485046075 -4.225201101353889 -4.180319252705116 -4.145073055178679 -4.1128696948487695 -4.1159125320452965 -4.155722985366523 -4.196801287519637 -4.274900775563829 -4.312175531221284 -4.246754531495955 -4.259433019814817 -4.444792519036583 -4.517059902454098 -4.403967786649847 -4.242697415233919 -4.102980473960057 -4.269068670937153 -4.553320379046044 -4.904768075244906 -5.387311340660803 -5.871629594441341 -6.341494371538376 -6.901883555232088 -7.261191914188644 -7.634446610295949 -7.714321086704781 -7.729028133154661 -7.687189121702416 -7.916669760273823 -8.06881162010017 -7.801295516572177 -7.439958599484601 -6.571735719408915 -5.614763421101192 -5.0503171211454445
-4.179304973639607 -4.3697358681889185 -4.408785612211014 -4.380385798376763 -4.292650659210237 -4.289607822013709 -4.278957891825865 -4.28681855458356 -4.28681855458356 -4.265265124441494 -4.19198346195847 -4.148115892375206 -4.158765822563051 -4.160794380694069 -4.227990368784039 -4.268054391871644 -4.1128696948487695 -4.01524533479353 -4.152933717936374 -4.373539414684577 -4.397121402957661 -4.226215380419398 -4.075848508957692 -4.072805671761165 -4.239908147803769 -4.485870821189697 -4.834529249958409 -5.255455062144636 -5.708584234660773 -6.125452930584963 -6.510371835945621 -6.859030264714334 -7.093328728846908 -7.166610391329932 -7.122742821746669 -7.046418322067117 -6.795384253353645 -6.742641741947178 -6.241841453352119 -5.618820537363228 -4.698869424946583 -4.207704787473859 -3.790582521783291
-4.135437404056344 -4.235851031541733 -4.247515240795087 -4.373539414684577 -4.296454205705895 -4.260447298880326 -4.280732880190506 -4.308118414959248 -4.311161252155775 -4.288593542948201 -4.280732880190506 -4.204661950277332 -4.188179915462811 -4.157751543497541 -4.197815566585146 -4.085484160080027 -3.8854176144083805 -3.811121672859848 -4.001552567409159 -4.182094241069757 -4.164597927189727 -4.031727369608051 -3.962502823387063 -4.011188218531494 -4.160794380694069 -4.372525135619068 -4.617727099705864 -4.99275678417781 -5.41063975916751 -5.787698001770473 -6.090460302824903 -6.32273020882646 -6.4312580688359215 -6.504539731318944 -6.485014859307897 -6.2213023022755625 -5.851090443364784 -5.268133550463498 -4.51325635595844 -3.8012324519711354 -3.065119420177993 -2.363745446378533 -1.59821832168563
-3.860060637770656 -4.157751543497541 -4.257404461683799 -4.197815566585146 -4.164597927189727 -4.17448714807844 -4.218354717661703 -4.257404461683799 -4.258418740749308 -4.237879589672751 -4.237879589672751 -4.096387660034249 -4.089541276342063 -4.133408845925326 -4.1022197646609255 -3.8922639981005664 -3.6627833595291595 -3.6186622201795187 -3.771057649772243 -3.9214245212339494 -3.9399351141794883 -3.9566707187603867 -3.9272566258606263 -3.9909026372213146 -4.094359101903231 -4.221143985091853 -4.39813568202317 -4.660833959989996 -5.045499295584277 -5.388325619726312 -5.572924409648946 -5.755494641440563 -5.7582839088707125 -5.779837339012778 -5.630484746616581 -5.237958748264606 -4.668441052981313 -3.7631969870145485 -2.9702843275529034 -2.311002934972066 -1.7975241580581447 -1.0875288122018585 -0.19775250198410577
-3.7631969870145485 -3.8481428587509257 -4.001552567409159 -4.044405857926913 -4.097148369333381 -4.156737264432033 -4.181333531770625 -4.168655043451763 -4.14228378774853 -4.094359101903231 -4.026909544046884 -3.975181311705925 -3.9556564396948777 -3.991663346520446 -3.858032079639638 -3.549437673958531 -3.335424791136136 -3.347342570155867 -3.443952651145597 -3.636412103825926 -3.777904033464429 -3.8471285796854167 -3.898096102727243 -4.020063160354698 -4.093344822837722 -4.133408845925326 -4.216326159530685 -4.313189810286793 -4.5855237393759545 -4.969428365671103 -5.098241806990744 -5.211587492561373 -5.140334388209366 -5.01025309805784 -4.669455332046822 -4.188940624761943 -3.5367591856396685 -2.55823345718988 -2.0592081569594614 -1.3580877529263788 -1.1567533584228467 -0.7611845228743443 0.07356714803954656
