static/data/ASCData/20210113/ASCU/18.asc
ncols 97
nrows 97
xllcorner 99.0
yllcorner 2.0
cellsize 0.25
NODATA_value -32767
[rows 76 to 94 of 97, columns 43 to 85 of 97]
-3.254191222374292 -2.9074590058764973 -2.6485718147380632 -2.4796211971818316 -2.3606353427268245 -2.239557940048975 -2.1221988453228446 -1.9474383715920527 -1.8516919418352888 -1.81079055436638 -1.980670748910541 -2.502163439139128 -3.1038321445766557 -3.4054798771598582 -3.5149375674885857 -3.5421276943855307 -3.641824826340996 -3.7257191495016553 -3.4758953339955365 -3.040156120903468 -3.190747592948087 -4.098944310155448 -4.3929230325882305 -4.096852761932606 -3.8625993609743103 -3.758021949832214 -3.815655723083858 -3.6106839972453493 -2.5295859602830557 -2.71503656937504 -4.1877189125027385 -5.79611949586818 -6.279499529591648 -6.744288023556521 -6.821442913554689 -6.889766822167526 -6.858625993071879 -6.542105028681801 -6.143781289353905 -5.546992863103009 -4.783345367518723 -4.188648489490669 -3.7482613914589518
-3.065719488071536 -2.7208464255496008 -2.4768324662180428 -2.30393114646311 -2.1837833207731903 -2.1115087099616527 -1.999262288669136 -1.9913608842717332 -1.8995651567136709 -1.9123468402977049 -2.109649555985793 -2.5872197335347 -3.1526349364429676 -3.4631136504115023 -3.519817846675217 -3.545148819596302 -3.6253248348052427 -3.705268455767201 -3.5100572883019545 -3.0647899110836065 -3.090120884004692 -3.9153528550393233 -4.302986459006027 -4.304845612981887 -4.0929020597339045 -4.399662465750721 -4.44544413240626 -2.9279096996109515 -1.3283400976308424 -0.6153545478887277 -1.4524386255194632 -3.4777544879713957 -6.029443319838546 -6.531414893320608 -7.135872329721926 -7.200477930383043 -7.100780798427578 -6.6964148086781385 -6.019682761465284 -5.388964775154952 -4.646697550293051 -3.9620640986827933 -3.5158671444765153
-2.8565646657873436 -2.523776104108495 -2.3048607234510397 -2.136839682882738 -2.038304522162185 -1.987642576320014 -2.047135503547518 -2.039234099150115 -2.0861777370405674 -2.1038396998112323 -2.292311434113988 -2.6701844797074297 -3.154494090418827 -3.5969727366733855 -3.6534445386901178 -3.4524235150503104 -3.5323671360122684 -3.5607192341441256 -3.37038834586551 -3.0276068315664166 -2.955332220754879 -3.70038817658057 -4.4347539970450685 -4.5421201391509545 -4.676908802400767 -4.983669208417583 -3.8321557146196112 -2.123360816557757 -0.5226292433427355 0.8424545634320952 1.007686873036608 -0.590953151955572 -3.651585384714258 -6.456351551545282 -7.061738564934529 -7.307844072488929 -7.220928624117498 -6.724766906809997 -5.865372981468946 -5.217922609375879 -4.620437000384035 -3.8781697755221334 -3.0578180836741335
-2.627191544015679 -2.3048607234510397 -2.1038396998112323 -1.9778820179467518 -1.917227119484336 -2.05875521589664 -2.1389312311055804 -2.2941705880898478 -2.369466324112157 -2.356684640528123 -2.5140155457352327 -2.8333252410891 -3.247219394964819 -3.750120545434811 -3.5979023136613155 -3.3255362561979 -3.2053884305079805 -3.2102687096946116 -3.1663461970149314 -2.9230294204243203 -2.884916763919201 -3.546078396584232 -4.498197626471274 -4.838190409806578 -4.823549572246685 -3.6573952408888193 -2.168212906225367 -1.10872753423244 -0.17403787286908123 1.0799614838481455 1.6374752823590102 0.7643700964459965 -1.2042415697422213 -4.414303303310614 -6.70129508786477 -7.11054135680084 -7.128203319571505 -6.592999368770954 -5.823542017012108 -5.1593592591363056 -4.514000435266079 -3.487515046344658 -2.614409860431645
-2.3253114171854943 -2.076417178667305 -1.9181566964722656 -1.852853913070201 -1.9651003343627178 -2.213064995892977 -2.4826423223926035 -2.6720436336832893 -2.732698532145705 -2.698536577839287 -2.873297051570079 -3.240479961802328 -3.4914657485433596 -3.4884446233325876 -3.294163032855271 -3.0891913070167623 -2.9864730498505256 -3.0090152918078217 -2.947430816357476 -2.8763181767808508 -2.968113904338913 -3.4475432358636793 -3.9309232695871468 -4.052930249252926 -3.0705997672581673 -1.69250188265232 -1.0187909606502372 -0.5363405039146993 0.5280251472648589 1.0662502232761817 1.1422431420394386 1.4343627104963605 0.2937717463065632 -1.3957344292557488 -3.90931060461778 -5.876295511077121 -6.4368304347987575 -6.3917459508841645 -5.721985731080784 -5.091035350523469 -4.142866822835129 -3.136832127648162 -2.213994572880907
-2.0627059180953413 -1.8333327963236765 -1.798008870782346 -1.9318679570442294 -2.152642491677544 -2.46800148483271 -2.6887760194660246 -2.767790063440053 -2.820543557505066 -3.050149073523713 -3.4631136504115023 -3.9739162052788974 -3.5783811969147905 -3.1505433882201257 -2.9397618062070556 -2.866325224160606 -2.890959014340744 -2.9397618062070556 -2.966022356116071 -3.00506458960912 -3.08802933578185 -3.195627872134718 -2.977874462712175 -2.1761143106227703 -1.1770514428452763 -0.78058685749324 -0.8068474074022554 -0.35669975099727624 0.9549333789715941 0.8708066615639525 0.7088278714171943 1.057419241890849 1.4596936834174459 1.270292372126761 0.2331168478441472 -2.0413256473729566 -4.792176348904055 -5.96204898821364 -5.088014225312697 -4.397803311774862 -3.629043142756962 -2.817522432294294 -1.93860739020672
-1.740375097530702 -1.7013328640376526 -1.9376778132187904 -2.099888997612531 -2.1730931854119984 -2.363424073690614 -2.5762972039265253 -2.7921914593732087 -3.0803603256314296 -3.547007973572162 -3.937662702749637 -4.177028777141547 -3.5256277028497776 -3.0041350126211905 -2.8077618739210317 -2.809853422143874 -2.9416209601829153 -3.0480575253008713 -3.065719488071536 -3.165184225780019 -3.1770363323761233 -2.9641632021402113 -1.963008786139876 -0.674150292375284 -0.20912940416342884 -0.6720587441524422 -0.8019671282156242 0.11506057037706974 0.7381095465369816 0.6795461962974074 0.6072715854858699 0.6609546565388125 1.1385248340877192 1.5496302569996487 1.4557429812187443 0.11203944516629782 -1.9641707573747882 -3.686676916008606 -3.849817677390276 -3.516796721464445 -3.060839208884905 -2.507973295313689 -1.9065369841231439
-1.511931552746967 -1.7952201398185568 -2.080367880866006 -2.100818574600461 -2.0647974663181827 -2.2590790567954997 -2.568628193776105 -2.8995576014790942 -3.516796721464445 -4.165176670545442 -4.194458345665229 -3.9767049362426867 -3.4747333627606243 -2.9074590058764973 -2.7003957318151466 -2.8751562055459385 -3.072458921234027 -3.037367389939679 -2.886078735154113 -3.0696701902702377 -3.1291631174977415 -2.444529665887484 -1.1956429826038713 -0.24445332970475953 -0.20912940416342884 -0.5500517644866632 -0.42502365961011224 0.25077881061481255 0.45482095946539136 0.4987434721450721 0.44018012190549793 0.3611660779314696 0.8680179306001632 1.0251164415602902 0.912870020267774 0.7420602487356827 -0.32741807587748895 -1.3557626187747698 -2.0843185830647077 -2.342973379956159 -2.5119239975123904 -2.133121374931019 -1.8440229316848684
-1.5500442092520865 -1.9025862819244426 -2.1380016541176503 -2.0831566118297955 -1.9846214511092424 -2.1154594121603543 -2.596980291907962 -3.49053617155543 -4.198409047863931 -4.324366729728411 -4.057810528439557 -3.7942754523614743 -3.5158671444765153 -2.9300012478337933 -2.913268862051058 -3.0157547249703125 -2.92395899741225 -2.7894027284094194 -2.71410699238711 -2.7659309094641933 -2.5402760956442476 -1.2511852076326735 -0.4426856223807776 -0.40736169683944734 -0.37436171376794114 -0.3078969591309644 -0.04505906579382879 0.1032084637809656 0.20685629793513183 0.4450604010921291 0.4383209679296387 0.4520322285016025 0.692095485634459 0.8787080659613555 0.8826587681600566 0.7155673045796851 -0.05389004717916146 -0.8946924327616164 -1.1477697677254892 -1.4445372211220604 -1.6973821618389513 -1.6827413242790576 -1.461269606904796
-1.7257342599708083 -2.0071636930665386 -2.10267772857632 -1.9669594883385773 -1.8547130670460605 -2.107558007762951 -3.0510786505116427 -3.9485852323578117 -4.2483738109651545 -4.163317516569583 -3.695507897393939 -3.5997614676371747 -3.3508672291189856 -2.9007195727140065 -2.9007195727140065 -2.8430857994623624 -2.737578811332336 -2.527494412060214 -2.4319803765504324 -1.771748320873331 -1.329269674618772 -0.5040377035841406 -0.450354632531198 -0.4329250640075153 -0.10385481028038557 -0.002066130102078123 0.07485636564910836 0.12575070573826164 0.14341266850892698 0.6365532606056568 0.7429898257236127 0.5338350034394197 0.676525071086636 0.9509826767728935 0.9616728121340854 0.6676940897013033 0.04952539272802259 -0.5284390995172967 -0.5851432957810108 -0.6790305715619152 -0.7659460199333465 -0.6906502839110371 -0.3518194718106451
-1.887945444364549 -2.092917170203058 -1.9953115864704345 -1.741537068765614 -1.7598962142772265 -2.6183605626303463 -3.5286488280605495 -3.834247262842453 -4.107542897293798 -3.742451535284391 -3.2679024829462557 -3.12521241529904 -2.947430816357476 -2.642761958563502 -2.71410699238711 -2.6653042005207985 -2.326473388420406 -2.098959420624601 -1.6790230163273387 -0.9630163413744524 -0.5872348440038531 -0.43966449717000566 -0.47196729750056443 -0.6613686087912503 -0.3048758339201929 0.3435041151608047 0.41670830296027184 0.06997608646247722 -0.014847813686112321 0.77994051099382 0.9110108662919139 0.6539828291293395 0.46760264304942556 0.7274194111757892 0.8533770930402698 0.5789194873540127 0.768320798644698 0.31515201702894746 0.19407461435109807 0.22916614564544568 0.26844077338547745 0.7625109424701373 1.1111023129437916
-2.015762280204889 -2.0011214426449957 -1.8303116711129048 -1.5958258759076265 -2.0608467641194816 -3.019705427169014 -3.3694587688775806 -3.675057203659484 -3.639965672365136 -3.2981137350539727 -2.9153604102739 -2.6350929484130816 -2.4661423308568504 -2.3283325423962657 -2.375276180286718 -2.4356986845021513 -2.097797449389689 -1.2804668827524603 -0.7970868490289931 -0.633016510659393 -0.4329250640075153 -0.5296010707522085 -0.5070588287949125 -0.7131925258683336 -0.07550271214852833 0.5740392081673815 0.604250460275098 0.19709573956186954 -0.019728092872743463 0.6774546480745656 0.8064334551498176 0.6335321353948853 0.3992787344365891 0.48015193238647713 0.6061096142509577 1.1510741234247703 1.5084964752837582 1.480144377151901 1.3190951639930724 1.372778235046015 1.6551372451296755 2.2145101976163994 2.6453691315218366
-1.8702834815938838 -1.747346924940175 -1.606748405515801 -1.663220207532533 -2.3597057657388945 -3.1819166115627544 -3.397578472762455 -3.3341348433362503 -3.265810934723414 -3.0510786505116427 -2.7931210363611383 -2.5247056810964246 -2.163332627038736 -1.9925228555066452 -2.131959403696107 -2.1886635999598214 -1.3499527626002088 -0.4064321198515173 -0.24933360889139067 -0.38203072391836157 -0.24445332970475953 -0.6476573482192864 -0.57933343960645 -0.6467277712313564 -0.016939361908954176 0.7594898172593654 0.8698770845760229 0.4050885906111503 0.2547295128135141 0.24380698320533956 0.34536326913666393 0.16479293923131122 -0.08526327052179061 0.062307076312056786 1.0787995126132328 1.7664540894342622 2.2888763566507793 2.5066297660733214 2.487108649326797 2.664890248268361 3.028122456301909 3.413896906292753 3.795720654084896
-1.6369596576235177 -1.4143259690143437 -1.3615724749493308 -1.7443257997294033 -2.7287478299470034 -3.2902123306565696 -3.3206559770112687 -3.2902123306565696 -3.1700645049666503 -2.867487195395518 -2.8879378891299723 -2.640902804587643 -2.187734022971892 -2.098959420624601 -2.141719962069369 -1.2727978726020401 -0.31672794051629705 -0.01786893889688379 -0.07434074091361609 -0.16125618928504704 -0.03436893043263689 -0.6760094463511437 -0.7794248862583277 -0.6799601485498452 -0.06667173076319566 0.6774546480745656 0.8728982097867943 0.43041956353223565 0.19616616257393993 -0.3399673652145405 -0.6037348355396057 -0.9581360621878212 -1.0538824919445848 -0.3362490572628216 0.9265812808397369 2.1022637763238823 2.678369114593342 3.1940519486473686 3.3181504765359895 3.6170094781554027 3.9332980482984983 4.215657058382159 4.321164046512185
-1.2160936763383257 -0.9269952330921747 -1.247234505433972 -2.038304522162185 -2.8214731344929955 -3.0022758586453313 -3.053867381475432 -2.9992547334345594 -2.7921914593732087 -2.6467126607622036 -2.814733701330505 -2.7110858671763385 -2.6360225254010117 -2.263959335982131 -1.3645936001601024 -0.3869110031049927 0.00955358224704339 -0.027629497270146075 -0.05691117238993337 -0.09595340588298251 -0.2005308170250788 -0.6174460961115695 -0.746424903186822 -0.7034319674950709 -0.23957305051812838 0.33281397979961236 0.6198208748229215 0.5143138866928951 0.2898210441078617 0.15317322688218926 -0.9455867728507696 -1.5012414173857749 -1.413396392026414 -0.6067559607503776 0.6783842250624952 1.9333131587676515 2.6716296814308516 3.2126434884059636 3.6627911448109423 4.147333149769322 4.39041753211295 4.5212554931640625 4.5212554931640625
-0.7531643363493123 -0.5509813414745928 -1.3780724664850836 -2.2444382192356063 -2.500304285163269 -2.464980359621938 -2.532374691246845 -2.4884521785671643 -2.268839615168762 -2.150550943454702 -2.216086121103749 -2.5353958164576165 -2.5841986083239283 -1.48264987762718 -0.3771504447317304 0.11296902215422788 -0.15753788133332813 -0.3722701655450993 -0.06667173076319566 -0.08619284750972023 -0.1301153601894005 -0.27280542783661677 -0.3557701740093462 -0.5588827458719958 -0.3899321283157646 -0.044129488805899175 0.1815253250140465 0.2526379645906718 0.41391957199648255 0.28401118793330093 -0.5265799455414371 -1.283488007963232 -0.9279248100801047 -0.17101674765830932 0.657933531328041 1.5242992840785634 2.2956157898132696 3.1424604258172675 3.8963473630282905 4.269340129435101 4.362065433981093 4.273290831633803 4.189164114226161
-0.32044624846801595 -0.5461010622879616 -1.7991708420172583 -2.6095295812450137 -2.4640507826340086 -2.3478536591427903 -2.195635427369295 -2.0236636846022917 -1.5256428133189308 -1.0871148692630732 -0.62511510626199 -1.051093760980796 -1.265826045192567 -0.4366433719592342 0.16572251621924083 -0.022749218083514933 -0.36738988635846814 -0.5949038541542735 -0.45151660376611025 0.15015210167141735 -0.004157678324919978 -0.39760113846618506 -0.5412207831013305 -0.3487983465998732 -0.19565053783844766 -0.033439353444707276 0.13156056191282284 0.32584215239013936 0.5661378037699785 0.8522151218053575 0.12877183094903355 -0.5110095309936136 -0.6564883296046191 -0.2981364007577021 0.5008350203679139 1.2635529389642697 1.9567849777128776 2.798516940283262 3.640481297100629 3.9930233697729847 3.986981119351441 3.9226079129373064 3.907967075377413
-0.6427770690326553 -1.1563683548638395 -2.116388989148284 -2.5119239975123904 -2.4768324662180428 -2.4845014763684627 -2.131959403696107 -1.0901359944738451 -0.34112933644945276 -0.08619284750972023 -0.016939361908954176 0.03883525736683069 -0.36831946334639776 -0.019728092872743463 0.36883508808189003 0.06137749932412673 -0.5491221874987335 -0.761995317734645 -0.4591856139165307 0.03488455516812916 -0.17403787286908123 -0.5323898017159978 -0.4835870098496864 0.030933852969427633 0.19407461435109807 -0.061791451576564516 -0.06086187458863446 0.4118280237736407 0.581708218317802 1.0553276936680067 0.5310462724756309 -0.14475619774929394 -0.6339460876473226 -0.33717863425075123 0.43041956353223565 1.2352008408324124 1.769242820398051 2.3883410943592613 3.0495027270242927 3.379734951986335 3.4489884375871007 3.6365305949019273 3.640481297100629
-1.1047768320337386 -1.636030080635588 -2.0324946659876244 -2.0559664849328505 -2.2883607319152866 -2.428029674351731 -1.8684243276180243 -0.7903474158665023 0.1687436414300123 0.29865202549319436 0.02605357378279649 0.5368561286501916 0.3502435483232951 -0.13685479335189132 0.18919433516446693 0.0632366532999864 -0.5089179827707717 -0.5481926105108035 -0.27071387961377447 -0.07829144311231717 -0.34484764440117166 -0.5958334311422031 -0.2249322129582345 0.20197601874850069 0.07787749085987983 -0.17798857506778276 -0.07341116392568603 0.3572153757327685 0.6228420000336929 0.9881657562900825 0.4285604095563764 0.07601833688402015 -0.3243969506667175 -0.24538290669268914 0.49386319295844094 1.1843065007432587 1.6969682095865135 1.9519046985262465 2.33953830249295 2.723453598507935 3.104347769312148 3.311178649126516 3.5017419316521146
