static/data/ASCData/20210101/ASCU/00.asc
ncols 97
nrows 97
xllcorner 99.0
yllcorner 2.0
cellsize 0.25
NODATA_value -32767
[rows 57 to 75 of 97, columns 0 to 42 of 97]
-3.1558316409930756 -3.2483666042940076 -3.0824871672403478 -3.6976343664567732 -4.201581879660998 -4.540438606066969 -4.774930615340923 -4.87745514854366 -5.007319557267128 -5.526777192160998 -5.436082412789347 -5.216311874949632 -4.204473597264153 -3.153728573645327 -2.3997789294775034 -1.869543074426422 -1.9428875481791497 -1.8616565718723652 -1.8900479810669695 -1.3705903461730993 -0.5601207670345354 -0.3343039105700445 -0.882152954658519 -1.1849946527342974 -1.7005090363511393 -1.8540329527367772 -1.8774295769804787 -1.6342624148970628 -1.433156599768616 -1.230999250966295 -0.6957686109643113 -1.0267388348162259 -2.015180488258003 -3.1731819466120004 -3.347999419893591 -2.4037221807545315 -0.3411388794502268 -1.8138117897110877 -1.9457792657823039 -1.38320875025959 -0.8598078640886913 -1.8889964473930954 -3.4673484918783166
-3.4202923599724446 -3.0706574134092626 -3.372447577811167 -4.178185255417297 -4.869568645989604 -5.181085496874845 -4.841177236795 -4.89585698783646 -4.950536738877919 -5.147962186147806 -4.959474775105851 -4.299374511331302 -3.3461592359643113 -2.7483623423668107 -2.033582327550802 -2.301197647551794 -2.3929439605973206 -1.6458292853096794 -2.2515126814612367 -2.6526727780442556 -1.8997746675503062 -1.4447234701812326 -1.2583391264870252 -1.5493510707317186 -1.4975630372934128 -1.5540829722641527 -1.323797097685696 -1.1166449639324725 -0.9271060192166423 -0.80907136432426 -0.4231585060124168 -0.49834316369442444 -1.43788850130105 -1.392146786487521 -1.4710118120280884 -1.681055663384466 0.6099733285690152 0.019011403851697306 -1.7386271320290803 -1.6479323526574279 -2.587214806845585 -3.615614739894583 -4.179236789091171
-3.1889549517201137 -3.165558327476412 -3.9565745336483027 -5.292548066305514 -5.95659158135709 -5.430036094164569 -5.098014336638781 -4.9055836743197965 -4.955531523828823 -4.790440737030568 -4.350899661351139 -3.565929773804026 -2.946839323310572 -2.3734905876306476 -3.1332236670047795 -3.419503709717039 -2.887164787318209 -1.8900479810669695 -3.4857503311711153 -3.8198751560446524 -2.9702359475542734 -1.799353201695317 -1.6058710057024586 -1.4965115036195384 -1.4389400349749244 -1.1321550856221174 -0.8813643044031134 -0.6155891683314012 -0.45733335041332923 -0.34797384833040956 -0.2670057554420935 -0.3285204753637361 -0.24860391614929434 -0.2083827531236051 -0.24176894726911202 -0.5911410104138253 1.0082417075488808 0.22116875265401825 -2.2659712694770073 -4.135072374788454 -5.049380904222097 -4.875352081195912 -5.401907568388433
-3.0083540432322144 -3.5238684268490563 -5.219203592552786 -6.42320964913878 -5.984720107133226 -5.458427503359173 -5.2034305874446725 -4.940810052394583 -4.861682143435547 -4.487861922373257 -3.9184564379703617 -3.1468936047651446 -2.6997289099501276 -3.3490509535674655 -4.109835566615471 -4.6303447351832165 -3.960517784925331 -3.3979472694026174 -4.848012205675182 -3.9310748420568524 -3.1361153846079337 -1.8821614785129128 -1.5590777572150551 -1.4497182551321353 -1.0091256457788322 -0.621635486956178 -0.5493425468773245 -0.1253115928875408 -0.10401803599158788 0.043459561769273236 0.11102060031569261 0.2769000373693524 0.35707948000226253 0.42726935273336775 0.42726935273336775 -0.3461336644011297 -0.10690975359474209 -1.9231712917940078 -4.709472644142252 -6.714221593383474 -6.755231406664569 -6.581465467056852 -6.069894334717039
-3.2914794849228515 -4.551216826224181 -6.291505056486033 -6.454492775936539 -5.982879923203946 -5.555168601355603 -5.317784874478495 -4.974984896795496 -4.850903923278336 -4.233916540132631 -3.7699273065356262 -3.247577954038602 -3.7073610529401098 -4.436862539190358 -5.0882876501554435 -5.567787005442094 -5.395861249763657 -5.291496532631639 -4.690807921430984 -2.5551430297924207 -2.5414730920320556 -2.3900522429941664 -2.068808705625589 -1.4173835946605027 -0.9878320888828793 -0.3382471618470726 -0.39003519528537867 0.11785556919587492 0.029789624008908167 0.3063429802378308 0.5006138264860951 0.6275865176064088 0.7427294548956369 0.8531404906524314 -0.060905155362744434 -1.2065510930487193 -2.92712306692543 -5.193703900961335 -7.291513580340427 -7.633262024349552 -7.559128900341419 -7.140092731302538 -6.57463049817667
-3.5569917375760944 -5.991555076013409 -6.850920970987124 -6.51995074713521 -6.046234827054869 -5.724991289686291 -5.439762780647905 -5.104060655263558 -4.911629992944573 -4.376399352942589 -4.127448755652865 -4.207365314867307 -4.836445335262566 -5.46631400591323 -5.960271949215651 -5.95659158135709 -5.735769509843502 -5.417417690078079 -3.6468978666923415 -2.746522158437531 -5.312001439272187 -4.709472644142252 -2.5814313716392765 -1.476006596978991 -0.9565489620851206 -0.3745250735957337 -0.25438735135560275 0.09051569367514523 0.122587470728309 0.32763653713378416 0.5434638236964702 0.838419019218192 0.9809018320281506 0.029789624008908167 -1.5141246926569318 -4.022821155102379 -6.271788800100891 -7.585417242188274 -7.836470906825747 -7.932949121403708 -7.782579806039693 -7.470274304899046 -7.134309296096229
-3.661619338126581 -6.6966084043460805 -7.112752855781808 -6.607753808903708 -6.155594329137789 -5.824624105285874 -5.559111852632631 -5.423201125284386 -5.114575992002299 -4.989706368229735 -5.046226303200474 -5.376407876796984 -5.810954167525509 -6.099074394167049 -6.163480831691846 -5.95659158135709 -5.459479037033048 -5.013102992473437 -5.059107590705434 -5.8929737940877 -7.7426215264324725 -6.54545043872666 -3.870611655809084 -1.9310577943480645 -1.097191590965799 -0.4799413244016253 -0.10585821992086775 -0.04040024872219661 0.17621568809589494 0.2642816332828617 0.7818990842474522 1.069756427470523 0.12153593705443466 -2.0130774209102547 -4.672406082138186 -7.084361446587204 -7.962392064272186 -8.062813530127176 -8.158503094449731 -8.100931625805117 -7.812022748908172 -7.559917550596825 -7.4447746133075965
-3.4857503311711153 -6.3372467712995615 -6.867745509769112 -6.586460252007755 -6.234722238096825 -6.018106301278733 -5.890082076484545 -5.87825232265346 -5.728934540963319 -5.960271949215651 -5.883247107604363 -6.108801080650386 -6.2299903365643905 -6.274943401122513 -6.118527767133722 -5.923205387211583 -5.865633918566969 -5.812005701199384 -6.634305034169032 -7.462387802344989 -7.840151274684307 -6.95554857153761 -5.121410960882482 -3.3217110780467354 -1.9037179188273345 -0.7133818000017049 0.015068152574668758 0.016119686248543097 0.2251120039310468 0.6402049216928996 0.7096061441685988 -0.19366128168936614 -2.532535055804125 -5.155585805283395 -7.223952541794008 -8.469231295079567 -8.503406139480479 -8.240785604430389 -8.085421504115471 -7.771801585882482 -7.431104675547231 -7.437939644427414 -7.605922148828822
-3.249418137967882 -6.427152900415809 -7.279683826509342 -6.779679564582144 -6.340401372321185 -6.1390326737742695 -6.059904764815234 -6.106960896721105 -6.3411900225765905 -6.606965158648302 -6.480781117783394 -6.43793112057302 -6.391926522341022 -6.425312716486529 -6.384302903205434 -6.435039402969865 -6.576470682105949 -7.06490807362053 -7.667436868750465 -8.094096656924934 -7.572798838101784 -6.645083254326243 -5.216311874949632 -3.3792825466913494 -1.528846164091171 -0.36847875497095695 -0.12347140895826092 0.122587470728309 0.7495644237758197 0.5689635152879204 -0.39003519528537867 -3.1616150761993835 -5.721048038409263 -7.539412643956277 -8.952673901643244 -9.153779716771691 -8.920339241171611 -8.487633134372366 -7.98184543723886 -7.506289333229239 -7.0472948845831365 -7.065959607294404 -7.285467261715651
-3.0493638565133097 -6.010219798724677 -7.027841511616463 -6.608805342577583 -6.237613955699979 -6.024941270158916 -5.8706287035178715 -6.228938802890516 -6.6274700652888505 -6.8645909087474895 -6.701603189296984 -6.645083254326243 -6.65665012473886 -6.710278342106445 -7.026789977942589 -7.222112357864728 -7.609865400105851 -8.013128564036618 -8.186894503644336 -7.95450556171813 -7.343301613778733 -6.419266397861753 -5.010211274870282 -3.0619822605998004 -1.1615980284905958 -0.3442934804718494 -0.06195668903661833 0.6402049216928996 0.525850634659077 -0.6684287354435812 -3.651892651643244 -6.197655676092758 -7.831476121874845 -9.274968972685695 -9.59121772510337 -9.655624162628168 -9.259195967577583 -8.72212514364632 -8.206610760029477 -7.537572460026997 -7.148767884112 -7.190829231066969 -7.33646664489855
-2.556194563466295 -4.182128506694325 -4.533603637186787 -4.239699975338939 -5.436871063044752 -5.330403278564986 -5.7415529450498095 -6.053069795935051 -6.681098282656436 -7.008125255231322 -6.895085385289842 -6.809911157706029 -6.931100413620034 -7.305183518100792 -7.625375521795496 -7.934000655077583 -8.25524419244616 -8.275749099086706 -8.17322456588397 -7.7386782751554435 -6.952656853934456 -6.058064580885954 -4.873511897266632 -2.924231349322276 -0.9407759569770073 -0.08824503088347413 0.08157765744721424 0.043459561769273236 -1.2680658129703617 -3.887173311172603 -6.554125591536122 -7.862759248672603 -9.432173256929893 -9.823606667029576 -10.07650051559633 -10.01787751327784 -9.529703005181728 -8.92428249244864 -8.407716575157924 -7.76312643307302 -7.5170675533864495 -7.554134115390516 -7.432156209221105
-1.950511167314738 -2.0677571719517145 -2.315919118986033 -2.0803755760382057 -3.2933196688521313 -5.216311874949632 -5.650858165678158 -6.0433431094517145 -6.77494766304971 -7.080418195310175 -7.131417578493075 -7.125371259868299 -7.40770805130353 -7.782579806039693 -8.085421504115471 -8.389051852446656 -8.33726381900835 -8.237631003408767 -7.850140844586113 -7.3685384219517145 -6.631413316565878 -5.813845885128663 -4.629293201509342 -2.664502531875341 -0.6771038882530438 -0.3343039105700445 -0.6587020489602446 -2.40582524810228 -4.5882833882282466 -6.945821885054274 -8.142992972760085 -9.436905158462327 -9.810988262943084 -10.19663823783646 -10.29837412078379 -10.192694986559431 -9.587274473826342 -8.930065927654947 -8.44268006981424 -7.95266537778885 -7.697668461874349 -7.549139330439614 -7.4261098905963285
-1.5393615008299135 -1.1655412797676241 -1.6069225393763327 -1.366647094896071 -2.522808369320788 -4.446589225673694 -5.723151105757012 -6.145867642654451 -6.949765136331302 -7.223163891538602 -7.361703453071532 -7.559917550596825 -7.809131031305017 -8.086473037789347 -8.389051852446656 -8.329640199872761 -8.217126096768219 -7.938995440028485 -7.477109273779229 -6.969218509297975 -6.38141118560228 -5.559111852632631 -4.508366829013806 -2.5414730920320556 -1.6361025988263427 -1.3871520015366186 -3.176336547633623 -5.604064917190755 -7.432944859476511 -8.44268006981424 -9.321762221173099 -9.66061894757907 -10.034702052059828 -10.185860017679248 -10.280760931746398 -9.956362793356199 -9.37828215614384 -8.768918392133722 -8.382216883566473 -7.932160471148302 -7.66454515114731 -7.514964486038701 -7.366698238022434
-1.3637553772929167 -0.6594906992156506 -1.3853118176073385 -1.3188023127347934 -2.30014611387792 -4.2943797263803996 -5.736821043517375 -6.338298304973437 -7.044403166979983 -7.485784426588691 -7.6282672393986495 -7.823589619320788 -8.021015066590675 -8.26812547995112 -8.268914130206525 -8.146936224037114 -7.848037777238364 -7.481841175311663 -7.151922485133623 -6.6001301897681195 -6.062796482418388 -5.382191312003291 -4.395064075653857 -3.9623579688546107 -3.3637724250017045 -4.043326061742927 -6.123522552084625 -7.840151274684307 -8.5667610433314 -9.162454869581154 -9.366715285731223 -9.697685509583136 -9.83543642086066 -9.943744389269707 -9.8501578922949 -9.368555469660503 -9.04442021468877 -8.622492328046736 -8.281795417711484 -8.026798501796982 -7.750508028986529 -7.50050589802293 -7.332523393621522
-1.4066053745032918 -0.679995605856198 -0.9594406796882748 -1.0277903684900997 -1.4702231617726826 -3.5356981806801415 -5.944761827526005 -6.831467598020451 -7.1469277001827205 -7.620643620263062 -7.83042458820097 -8.019963532916801 -8.123539599793412 -8.160606161797478 -8.094096656924934 -7.833316305804125 -7.54624761283646 -7.081469728984049 -6.813854408983057 -6.3030719268986495 -5.850123796877325 -5.314893156875341 -5.14007568359375 -5.207373838721701 -5.756274416484049 -6.658753192086609 -7.771801585882482 -8.710295389815233 -9.074651807812653 -9.31781896989607 -9.380385223491587 -9.35988031685104 -9.411668350289347 -9.41640025182178 -9.289427560701466 -8.954514085572523 -8.795469617399046 -8.49551963692642 -8.391154919794404 -8.096988374528088 -7.717121834841022 -7.437939644427414 -7.251292417314738
-2.4662884343500484 -1.6566075054668903 -1.950511167314738 -2.247569430184208 -2.2993574636225143 -3.7483708662212045 -6.075677769923347 -7.09224794914126 -7.50050589802293 -7.850929494841518 -7.773904653230231 -8.052298193388435 -8.032581937003291 -8.021015066590675 -7.861707714998729 -7.488676144191845 -7.126422793542172 -6.824632629140268 -6.4710544313000575 -6.119579300807596 -5.927148638488612 -5.933983607368795 -6.185037272006268 -6.646923438255524 -7.226055609141756 -7.90166599460595 -8.641945701013409 -9.173233089738364 -9.302308848206426 -9.2523609986974 -8.962400588126581 -8.741578516612993 -8.673228827811167 -8.734743547732808 -8.832536179403114 -8.748413485493174 -8.645888952290438 -8.378273632289446 -8.301248790678159 -7.880372437709997 -7.43504792682426 -7.141144264976412 -7.001290286351139
-4.6224582326291594 -2.947627973565978 -2.587214806845585 -2.54252462570593 -2.5404215583581817 -4.187911941900634 -6.557017309139276 -7.0667482575498095 -7.169272790752547 -7.9868402221897625 -7.90166599460595 -7.9876288724451685 -7.936892372680736 -7.860656181324854 -7.653766930990099 -7.246560515782304 -6.782571282185299 -6.567795529296488 -6.347236341201367 -6.118527767133722 -6.179253836799958 -6.395081123362645 -6.8109626913799035 -7.386151610989108 -7.9868402221897625 -8.571755828282303 -9.005250585336956 -9.260247501251456 -9.251309465023525 -9.047311932291926 -8.641945701013409 -8.351985290442588 -8.305192041955186 -8.409556759087202 -8.47028282875344 -8.435056450678655 -8.35382547437187 -7.984737154842014 -7.734735023878415 -7.40770805130353 -7.11064978843406 -6.950553786586708 -6.869585693698392
-6.416374680258598 -4.314884633020947 -2.5414730920320556 -1.9936240479435814 -1.760183572343502 -3.3753392954143213 -6.078569487526501 -7.343301613778733 -7.588308959791429 -7.868542683878911 -7.8383110907550275 -7.796249743800058 -7.864599432601883 -7.696616928200474 -7.39298657986929 -6.986831698335369 -6.586460252007755 -6.305963644501803 -6.277835118725668 -6.169264266898153 -6.443714555779328 -6.800184471222693 -7.351976766588195 -7.918490533387938 -8.395886821326839 -8.837268080935548 -9.084378494295992 -9.350153630367704 -9.340164060465899 -8.975018992213071 -8.523911046121025 -8.227904316925429 -8.142992972760085 -8.092256472995654 -8.096199724272683 -8.139049721483058 -7.902717528279824 -7.419274921716146 -7.120639358335865 -6.927157162343006 -6.82068937786324 -6.739721284974924 -6.726051347214559
-7.2044991688273345 -5.95659158135709 -3.86956012213521 -2.351934147316226 -1.9047694525012089 -2.148988148258499 -4.295431260054274 -6.6235268140118215 -7.271008673699879 -7.402713266352627 -7.931108937474428 -7.695828277945069 -7.508129517158519 -7.442934429378316 -7.18898904713769 -6.7347265000240215 -6.295448307763062 -6.079621021200376 -6.208433896249969 -6.282567020258102 -6.581465467056852 -7.160597637943085 -7.701611713151377 -8.169281314606941 -8.604879139009341 -8.851989552369787 -9.136166527734296 -9.391952093904205 -9.337272342862743 -8.968184023332888 -8.487633134372366 -8.18978622124749 -8.033633470677167 -7.960288996924438 -7.914547282110909 -7.844094525961336 -7.318853455861157 -6.908755323050206 -6.658753192086609 -6.6274700652888505 -6.587248902263161 -6.65665012473886 -6.632201966821285
