static/data/ASCData/20210101/ASCU/06.asc
ncols 97
nrows 97
xllcorner 99.0
yllcorner 2.0
cellsize 0.25
NODATA_value -32767
[rows 0 to 18 of 97, columns 0 to 42 of 97]
1.4559814193274105 1.343581136502345 1.718634008242537 1.7928933210601254 1.5117481406262216 1.1551878604048067 0.9393446437715838 1.2742339183069324 1.8503937228138216 1.4658056085717606 0.6111011443132952 0.3357348987290094 1.1404515765382808 1.9258088226013337 1.8749541959246967 1.9286982900261425 1.9012483494904577 1.4880545077427891 1.2109545817036178 2.050633815353077 2.2508739078923314 2.171702500452569 1.6669125413384585 0.6209253335576457 -0.460891270290797 -0.2782769290428764 0.20975411900734242 0.6405737120463457 0.7986275801833913 0.6434631794711545 0.41403946594133023 0.516615559522045 0.1953067818832981 -0.33317681011424494 -0.6582418954052436 -0.5938067718320053 -0.6007414936515469 -0.8116726156625944 -0.8995124253767846 -0.8420120236230879 -0.7472374920893565 -0.6232793395650558 -0.043074280663434106
1.178592546545758 1.0994211391059956 1.5966984829156026 1.8290116638702356 1.6943624818741423 1.7371265997613135 2.0624806317947932 2.554556934239744 3.5681821068626975 3.583785230956666 2.7039424001023633 1.7645765402969982 1.9119393789622503 2.5730495257585213 2.636617809104316 3.0547237454741607 3.359273612049016 3.369097801293366 3.382678298189968 3.785181110465844 3.6826050168851294 3.2801022046092525 2.21764503250703 0.8494822068600274 -0.10750940423667199 -0.2970584673041339 -0.06850159400175215 0.19039468726112307 0.3738758687364867 0.40999421154659776 0.32504386925721684 0.2372040595430267 -0.024581689144657304 -0.353692028830388 -0.5732915531158627 -0.7012949600348954 -0.736546462617564 -0.8966229579519753 -0.9052913602264021 -0.7168980841288635 -0.5215700862117836 -0.25487224290192456 0.3230212420598506
0.9783524540065036 1.2771233857317412 1.813408539776268 2.147430974084174 2.5877858096250463 2.989999675158442 3.4471134217632056 3.6892507919621895 4.425776038545972 4.495990096968828 3.6843386973400145 2.5635142832566524 2.5964542118994736 3.1786818979984615 3.1081788928331253 3.3896130200095094 3.7285475489395905 3.8923803519262536 4.14838716576432 4.278124253138238 4.395436630585478 3.804540542212064 2.57911740735062 0.9023594607340297 0.029162404956788013 -0.22077652728917974 -0.21586443266700472 -0.10953203143403822 -0.1444945872742256 -0.07919262347354472 0.03985343442858058 -0.1953492139508617 -0.16500980599036863 -0.06070003195476792 -0.24909330805230656 -0.6611313628300524 -0.6163446177455145 -0.7111191492792459 -0.6689329248770362 -0.5490200267474679 -0.4863185836291155 -0.27654324858799084 0.27621186977794654
1.1814820139705668 1.8581952848608054 2.2283360619788226 2.3005727475990447 2.6932513706305707 3.2702780153649025 3.539865326099571 3.654288236122002 4.038009510136621 4.167746597510539 3.8074300096368727 2.8544836529349054 2.7371712754876656 3.1492093302654105 3.254674891270935 3.292815861278412 3.547666888146555 3.8591514765409514 4.419708156953873 4.658956059728048 4.536153694173671 3.8611741037383176 2.2069540030352366 0.5749828015031846 -0.019669594522481848 -0.15229614932120938 -0.16414296576292564 -0.23551281115570477 -0.27163115396581583 -0.3496467744356555 -0.24129174600532277 -0.3028374021537519 -0.04683058831568543 0.052567091097739826 -0.16414296576292564 -0.5626005236440696 -0.47476071392987995 -0.37131778012172223 -0.37796355519878233 -0.5597110562192609 -0.5556658018245284 -0.6036309610763557 -0.17194452780990988
1.4580040465247768 1.9509471891971701 2.2459618132701564 2.3144421912381272 2.258675469939316 2.649331465773476 2.6374846493317587 2.7059650272997295 2.989999675158442 3.061369520551221 2.701919772904997 2.670713524717061 2.6678240572922522 2.903315652414176 3.1815713654232702 3.2098881461863975 3.0908420882842718 3.383834085159892 4.2292922536589685 4.4402233756700165 4.127871947048177 2.8972477708220774 1.2479397647411714 0.3591395848699612 0.023383470107170012 -0.06561212657694337 -0.3028374021537519 -0.35658149625519675 -0.1806129300843362 -0.20604024342265426 -0.2051734031952117 -0.1866808116764349 -0.017646967325115614 -0.01071224550557437 -0.2248217816839122 -0.5039443349204493 -0.47765018135468873 -0.1953492139508617 -0.23551281115570477 -0.4296850221028614 -0.7411696104972583 -0.7628406161833245 -0.5334169026534998
1.5545122585133928 1.6250152636787298 2.0156712595128896 2.458048722251128 2.4014151607248744 1.7547523510526482 1.4296872657616495 1.5527785780585077 1.747817629233107 1.8191874746258856 1.8015617233345518 1.9353440651032026 2.327155847907286 2.4901218106665066 2.772422778070333 2.62794940682989 2.508614402185283 2.438400343762428 3.0908420882842718 3.192262394895063 2.4687397517229206 1.2352261080720126 0.8671079581513617 0.23344775189077538 0.11902484186834394 -0.0069559378533230465 -0.30572686957856066 -0.2667190593436408 -0.08988365294533773 0.11122327982136015 0.048810783445488504 -0.112421498858847 -0.26382959191883204 -0.2560280298718478 -0.1817687170542599 -0.40830296315927583 -0.5235927134091498 -0.1924597465260529 -0.24707068085494033 -0.5129016839373568 -0.8252531125591962 -0.7403027702698153 -0.5929399316045627
1.58282903927652 1.5750274772295363 2.1482978143116167 2.6123462827359223 2.508614402185283 1.6258821039061724 0.5732491210482991 0.8104743966251076 1.0555012342488999 1.091619577059011 1.0555012342488999 1.1239816122168707 1.6894503872519673 1.9873544787497623 2.2147555650822204 2.0584353774000608 1.7059203515733783 1.5261954777502655 1.4802529456958045 1.5692485423799178 0.8728868930009792 0.416928933366139 0.11122327982136015 0.14358531497921945 -0.05492109710515036 -0.21788705986437096 -0.41032559035664207 -0.36149359087737176 -0.037295345813816105 0.24009352696783592 0.18461575241150552 -0.31641789905035367 -0.4756275541573225 -0.34386783958603795 -0.25487224290192456 -0.39183299883786527 -0.5753141803132285 -0.3681393659544323 -0.3681393659544323 -0.6192340851703237 -0.7764211130799263 -0.6426387713112756 -0.4785170215821313
1.7116992864229958 1.8807331307743151 2.2988390671441588 2.498790212940933 2.438400343762428 1.7559081380225718 0.38947899283045473 0.699229900769966 1.1757030791209493 1.178592546545758 0.8289669881438844 0.7538408350988539 1.0555012342488999 1.5917863882934276 1.7559081380225718 1.479386105468362 1.1023106065308044 1.0370086427301235 0.699229900769966 0.9208520522528065 0.8630627037566292 0.42675312261048903 0.17768103059196427 0.19617362211074107 -0.3574483364826393 -0.6348372092642913 -0.6718223923018449 -0.5539321213696429 -0.2265554621387973 0.012692440635377444 0.024250310334613 -0.47765018135468873 -0.5929399316045627 -0.44153183854457767 -0.32913155571951247 -0.4707154595351475 -0.6992723328375292 -0.6016083338789895 -0.5030774946930068 -0.5966962392568145 -0.7423253974671815 -0.6640208302548611 -0.39183299883786527
1.6960961623290274 1.9500803489697276 1.9451682543475526 1.9500803489697276 1.7322145051391384 1.1366952688860295 0.49321087338109315 1.3132417285418523 1.6062337254174714 1.479386105468362 1.0711043583428683 0.6951846463752336 0.6405737120463457 1.3008170186151737 1.496145016532254 1.2216456111754104 0.9832645486286786 1.0789059203898521 0.9618824896850926 1.0887301096342021 1.2097987947336941 1.004935554314745 0.8174091184446488 0.9072715553562052 0.24789508901481971 -0.41205927081152716 -0.8281425799840054 -0.7822000479295439 -0.5839825825876552 -0.3828756498209578 -0.27365378116318206 -0.45135602778892814 -0.5782036477380377 -0.45020024081900445 -0.363516218074738 -0.5507537072023534 -0.7443480246645477 -0.7304785810254653 -0.6845360489710042 -0.7443480246645477 -0.8428788638505305 -0.8330546746061804 -0.3525362418604643
1.4764966380435531 1.7166113810451709 1.8006948831071092 1.7099656059681108 1.3718979172654722 0.8584395558769349 0.5876964581723434 1.28319126732384 1.4559814193274105 1.5339970397972502 1.556534885710759 1.3808552662823796 0.8153864912472826 0.8396580176156774 1.122825825246947 1.2869475749760912 1.248806604968614 1.096531671681186 1.047699672201916 0.9471462058185676 0.6385510848489795 0.46373830564804264 0.7284135217605354 1.2889702021734575 1.0653254234932508 0.21871146802425034 -0.4522228680163707 -0.692337611017988 -0.6435056115387181 -0.5712689259184964 -0.7041844274597047 -0.6348372092642913 -0.4325744895276702 -0.30572686957856066 -0.40743612293183284 -0.7070738948845134 -0.8527030530948805 -1.0439857966172283 -0.9570128271304812 -0.7989589589934356 -0.7616848292134013 -0.7677527108054996 -0.17598978220464234
1.535152826767174 1.8105190723514593 1.8532831902386304 1.615191074434379 1.2528518593633464 0.9803750812038698 0.825210680491633 1.2840581075512825 1.193328830412284 1.0517449265966485 1.1034663935007272 1.325955385211011 1.3788326390850134 0.7292803619879784 0.5486886479374236 0.6443300196985975 0.7558634622962201 0.6922951789504248 0.8847337094426959 0.8867563366400621 0.42270786821575657 -0.001177003003705046 -0.1260019957554488 0.22362356264642536 0.47153986769502687 0.27736765674787023 -0.15345193629113307 -0.33202102314432125 -0.38085302262359155 -0.5519094941722766 -0.9483444248560544 -0.985329607893608 -0.5995857066816233 -0.36727252572698976 -0.38981037164049903 -0.6368598364616576 -0.7021618002623384 -0.7940468643712606 -0.7793105805047351 -0.7374133028450065 -0.7041844274597047 -0.5507537072023534 0.041876061625946814
1.5496001638912178 2.0321412238342997 2.040809626108727 1.6648899141410922 0.9480130460460101 0.4998566484581537 0.6327721499993619 1.5634696075303003 1.626748944133615 1.1338058014612207 0.9402114839990263 1.1913062032149178 1.6238594767088061 1.041053897124856 0.17652524362204058 0.08377333928567587 0.16092211952807256 0.2536740238644377 0.517482399749488 0.4764519623172019 0.3553832772177099 0.10342171777437592 -0.14767300144151507 -0.6143219905481483 -0.384898277018324 -0.26874168654100705 -0.20604024342265426 -0.27943271601280006 -0.3409783721612287 -0.6270356472173075 -0.9298518333372776 -0.9619249217526562 -0.7325012082228315 -0.5929399316045627 -0.5949625588019289 -0.5626005236440696 -0.4727380867325137 -0.44731077339419567 -0.7411696104972583 -0.7793105805047351 -0.6885813033657366 -0.40743612293183284 -0.2658522191161983
1.3669858226432972 1.833056918264968 1.9168514735844262 1.6307941985283474 0.9598598624877264 0.29297078084183825 0.5810506830952828 1.5039465785792379 1.7128550733929195 1.2158666763257928 0.5154597725521217 0.537130778238188 0.9433898981663162 0.820298585869458 0.18345996544158183 -0.2863674378323413 -0.3184405262477199 -0.63108090161204 -0.46984861930770494 -0.4033908685371008 0.1687236815750568 0.025406097304536246 -0.2519827754771158 -0.7989589589934356 -0.7940468643712606 -0.42592871445060965 -0.36727252572698976 -0.3233526208698949 -0.39472246626267404 -0.7111191492792459 -0.980417513271433 -1.0078674538071173 -0.9142487092433096 -0.7793105805047351 -0.7246996461758477 -0.6836692087435616 -0.4033908685371008 -0.24042490577788023 -0.5802262749354039 -0.848657798700148 -0.772664805427675 -0.6524629605556256 -0.6553524279804344
1.1297605470664882 1.4100388872729495 1.6796261980076173 1.8191874746258856 1.0936422042563771 0.3230212420598506 0.46576093284540887 1.2265577057975854 1.3279780124083773 0.9618824896850926 0.33891331289629933 -0.004933310655956813 0.11989168209578649 0.09562015572739213 0.08984122087777413 -0.2745206213906246 -0.8105168286926712 -1.1191119496622588 -1.124024044284434 -1.0919509558690554 -0.8223636451343874 -0.3770967149713398 -0.19448237372341914 -0.7082296818544367 -0.6700887118469598 -0.28723427805978385 -0.26094012449402326 -0.5285048080313248 -0.6192340851703237 -0.8399893964257217 -1.0460084238145946 -1.121134576859625 -1.0488978912394034 -0.9532565194782294 -0.9463217976586882 -0.7949137045987031 -0.4649365246855295 -0.24996014827974955 -0.5351505831083854 -0.8379667692283554 -0.8818866740854503 -0.8027152666456869 -0.8087831482377856
0.9754629865816948 1.0751496127376008 1.3279780124083773 1.6287715713309812 1.1699241442713317 0.4383109923097246 0.1736357761972318 0.4521804359488071 0.6709131200068392 0.3767653361612955 0.2626313728813452 -0.04798637528560912 -0.4493334005915619 -0.5302384884862104 -0.4374865841498452 -0.5683794584936872 -0.9922643297131493 -0.9931311699405918 -1.108420920190466 -1.4609359460171487 -1.5724693886147714 -1.2765879243143425 -0.9073139874237683 -0.9113592418185008 -0.41812715240362586 -0.11328833908628955 -0.19332658675349546 -0.6680660846495936 -0.8925777035572433 -1.020581110476276 -1.1592755468671023 -1.2462485163538495 -1.2023286114967544 -1.0607447076811196 -0.9336081409895289 -0.7255664864032902 -0.4941201456760993 -0.30081477495638564 -0.45915758983591193 -0.7784437402772926 -0.8261199527866392 -0.7862453023242764 -0.7189207113262297
0.94136727096895 0.8945578986870459 0.9393446437715838 1.2898370424009 1.374787384690281 0.6824709897060743 -0.3681393659544323 -0.4863185836291155 -0.036139558843892416 0.08290649905823289 0.008647186240644977 -0.3418452123886717 -0.7998257992208782 -1.0254932050984515 -1.1133330148126412 -1.0939735830664217 -0.9052913602264021 -0.9073139874237683 -0.7608179889859583 -1.2109970137711812 -1.5753588560395801 -1.8466798472291335 -1.3800308581225003 -0.8925777035572433 -0.37016199315179854 -0.10750940423667199 -0.2814553432101663 -0.7082296818544367 -1.000065891760133 -1.1173782692073735 -1.3459351425097557 -1.4288628576017703 -1.26271848067526 -1.021447950703719 -0.7472374920893565 -0.43950921134721144 -0.22366599471398851 -0.27943271601280006 -0.4571349626385457 -0.6553524279804344 -0.7090965220818797 -0.6435056115387181 -0.7160312439014209
0.8133638640499163 0.6648452384147405 0.6053222094636777 0.7908260181364075 0.9725735191568852 0.6709131200068392 -0.4033908685371008 -0.9726159512244488 -0.4484665603641189 -0.32537524806726115 -0.566356831296321 -0.9364976084143382 -1.128936138906609 -1.239313794534308 -1.5409741936843546 -1.488385886552833 -1.2765879243143425 -1.11622248223745 -0.8839093012828165 -0.49238646522121376 -0.7764211130799263 -1.3927445147916593 -1.7472821678157082 -1.1777681383858791 -0.4201497796009921 -0.09190628014270397 -0.4247729274806864 -0.5704020856910534 -0.8703288043862147 -1.2901684212109443 -1.549931542701262 -1.4941648214024508 -1.2450927293839258 -0.8252531125591962 -0.4423986787720202 -0.1554745634884993 -0.23551281115570477 -0.33317681011424494 -0.40252402830965783 -0.5363063700783091 -0.5995857066816233 -0.605653588273722 -0.7119859895066885
0.6316163630294382 0.35336065002034367 0.15427634445101202 0.3221544018324076 0.5536007425595986 0.3553832772177099 -0.379119342168706 -0.9931311699405918 -0.6955160251852779 -0.6660434574522274 -0.8683061771888485 -1.1202677366321825 -1.2696532024948013 -1.2404695815042317 -1.488385886552833 -1.499076916024626 -1.5976077552106085 -1.4687375080641327 -1.0070006135796747 -0.2843448106349751 -0.1817687170542599 -0.736546462617564 -1.4522675437427222 -1.4620917329870724 -0.7793105805047351 -0.14160511984941637 -0.4542454952137369 -0.4620470572607207 -0.6388824636590238 -1.157252919669736 -1.4678706678366902 -1.3759856037277678 -0.9521007325083057 -0.49238646522121376 -0.16992190061254364 -0.24129174600532277 -0.4990322402982743 -0.7862453023242764 -0.838833609455798 -0.5646231508414359 -0.5724247128884197 -0.7021618002623384 -0.7353906756476403
0.6795815222812656 0.412016838743964 -0.1494066818964006 -0.31930736647516245 -0.1436277470467826 -0.1681882201576581 -0.6544855877529918 -0.9159823896981951 -0.9922643297131493 -1.0636341751059284 -1.098596730946116 -1.2606958534778938 -1.4542901709400884 -1.3603824796338 -1.4181718281299773 -1.503989010646801 -1.6406608198402608 -1.6738896952255629 -1.403435544263452 -0.7989589589934356 -0.30081477495638564 -0.7238328059484047 -1.3800308581225003 -1.5314389511824853 -1.0373400215401678 -0.38981037164049903 -0.4337302764975939 -0.49036383802384753 -0.47765018135468873 -0.7345238354201977 -0.9639475489500224 -0.8576151477170559 -0.3467573070108467 0.12307009626307641 -0.7099633623093222 -1.3800308581225003 -1.8478356341990572 -1.9345196569433234 -1.537217886032103 -0.9044245199989596 -0.6984054926100867 -0.8555925205196897 -0.757061681333707
