static/data/ASCData/20210101/ASCU/09.asc
ncols 97
nrows 97
xllcorner 99.0
yllcorner 2.0
cellsize 0.25
NODATA_value -32767
[rows 57 to 75 of 97, columns 43 to 85 of 97]
-1.094573920590193 -2.382659694169916 -3.972321105214733 -5.690052772847833 -6.7438636868148425 -7.5602760763743015 -8.234987672058917 -8.539686974318847 -8.618914472296966 -8.610963325546475 -8.514413686433356 -8.230160190103263 -8.194947968779655 -7.974303646453498 -7.644331056308075 -7.293628690706012 -7.070144673111823 -7.016190463019198 -7.040611842324281 -7.226327912853632 -7.618773798895779 -7.814144833336442 -7.933412034593824 -8.059210534967683 -8.133610550990143 -8.186144913448752 -8.327845707323593 -8.290645699312364 -8.172514376162194 -8.082780005692355 -7.933412034593824 -8.000712812446203 -7.7340654267779145 -7.508593622496102 -7.0025599257326405 -6.380666662033435 -5.4986573117824165 -4.592510551753119 -4.019176077137276 -3.9118355960056324 -4.043597456442359 -5.905017704637924 -7.922621192575299
-1.9470504400536695 -3.151081233699619 -4.719444930234189 -6.187283414280394 -6.886416389270094 -7.5954882976979095 -7.897063935163003 -8.198923542154901 -8.392306789907941 -8.412752595837777 -8.418715955900646 -8.221357134772362 -8.1384380329458 -7.905866990493905 -7.584697455679384 -7.330828698717243 -7.108196589703464 -7.008523285795508 -7.034932451788215 -7.255576774114371 -7.6608012888626655 -8.055518931119238 -8.32500601205556 -8.550477816337374 -8.680251890086478 -8.719439684785332 -8.44313733520573 -8.355106781896708 -7.940227303237103 -7.618773798895779 -7.463726437261183 -7.148236292982728 -6.883576694002061 -6.260547552195643 -5.742019196252835 -5.344461858728231 -4.743014400958862 -4.8844312253069 -5.144263342331911 -5.444987071216595 -7.1206912488828085 -8.806334359987137 -9.808178850549144
-3.101386566509043 -4.222498258328431 -5.357240487434378 -6.285820840081136 -6.82479500195378 -7.166694312224942 -7.476221096440527 -7.830899035417836 -8.023146405063663 -8.060346413074896 -8.104077720202602 -8.085619700960388 -8.052395266324403 -7.831750943998246 -7.526199733157906 -7.274034793356585 -7.098257656265348 -6.994892748508951 -6.966495795828623 -7.191967600110434 -7.573054705080449 -8.187280791555965 -8.522080863657045 -8.926453469824928 -9.057363421681245 -9.09740312496051 -8.834731312667467 -8.351415178048267 -7.866963165321854 -7.320889765279128 -6.9909171751337045 -6.527194937863932 -6.061200944379734 -5.446974857904218 -5.32202826611077 -4.9488923078912475 -5.267222147437735 -5.720437512215786 -6.034791778387028 -5.863842123251447 -8.312227383349413 -10.307397278669328 -11.301574592007647
-4.548495275098608 -5.086617528390843 -5.64916116098816 -6.156898674912442 -6.486019356477455 -6.823091184792961 -7.282837848687487 -7.638367696245206 -7.5699310402856135 -7.5699310402856135 -7.690050150123405 -7.822095980086934 -8.014343349732762 -7.992761665695712 -7.683234881480126 -7.389326421238721 -7.212697375567075 -6.966495795828623 -6.911973646682391 -7.199066838280516 -7.580721882304138 -8.190120486823998 -8.484028947065404 -8.860004600552958 -8.955702331085668 -8.995742034364932 -8.997729821052555 -8.426383133124336 -8.017183045000795 -7.3580897732903585 -6.871933943403127 -6.28099335812548 -5.794553558711445 -5.592367255627503 -5.467420663834055 -5.960675731891369 -6.328700238628433 -6.966495795828623 -6.71944230750976 -5.642345892344881 -8.70978472087402 -10.627714904903439 -10.837568385211071
-5.5631183943667635 -5.778083326156853 -5.7272527808590645 -5.933414657318253 -6.397136894588026 -6.912825555262801 -7.35212641322749 -7.4225508558747055 -7.292776782125602 -7.132617969008546 -7.2584164693824045 -7.624737158958648 -8.270199893382525 -8.349427391360644 -8.18330521818072 -7.834590639266279 -7.303567624144127 -7.035784360368625 -7.110184376391087 -7.426526429249952 -7.770129556681932 -8.123671617552027 -8.33182128069884 -8.475225891734501 -8.579726677598112 -8.684227463461724 -8.70296945223074 -8.530032010407536 -8.278151040133018 -7.607131048296844 -7.222352339478387 -6.671735427006807 -6.429509420643601 -6.344318562602614 -6.804349196023944 -7.404092836632492 -7.502630262433233 -8.372712892558514 -7.520236373095037 -5.685225290892178 -8.687351128256559 -10.025983477607268 -10.069998754261778
-6.48204378310221 -6.1764925722618695 -5.939094047854319 -6.032803991699405 -6.58654456896582 -7.0681568864242 -7.28482563537511 -7.279998153419454 -7.0193141278140345 -6.811164464667222 -7.060205739673708 -7.596340206278319 -8.464435049715977 -8.698993878855493 -8.572911408954834 -7.913818137244397 -7.237118754872157 -7.097405747684938 -7.341619540735768 -7.689198241542995 -7.9714639511854655 -8.127647190927274 -8.047567784368747 -8.054383053012025 -8.062334199762518 -8.17563804095703 -8.342612122717366 -8.361922050539988 -8.234135763478509 -7.912682259137184 -7.78972345403136 -7.386486725970688 -7.4313539112056075 -7.696013510186273 -8.219369348084737 -8.293769364107199 -8.229308281522853 -7.4958149937899545 -6.403100254650894 -5.419713783331102 -7.930288369798988 -9.317195538706256 -9.056227543574032
-7.067021008316987 -6.711775130286071 -6.56325906776795 -6.677414817542873 -6.944062203211162 -7.159879043581663 -7.2751706714637985 -7.115011858346742 -6.775952243343614 -6.671735427006807 -7.125802700365268 -7.901039508538249 -8.50277093583442 -8.610111416966063 -8.631693101003114 -8.03592503376981 -7.404944745212902 -7.315210374743062 -7.573054705080449 -7.847369267972427 -8.06517389503055 -7.845381481284805 -7.605143261609221 -7.423686733981919 -7.469405827797249 -7.565103558329957 -7.663924953657502 -7.866963165321854 -8.025986100331696 -8.262532716158837 -8.163711320831293 -8.280138826820641 -8.361922050539988 -8.361922050539988 -8.352267086628677 -7.78972345403136 -6.1764925722618695 -4.568089172448035 -4.670602171624023 -6.715466734134514 -8.48204116037778 -8.36107014195958 -7.800514296049885
-7.303567624144127 -7.077811850335512 -7.09059047904166 -7.35212641322749 -7.379671457327409 -7.416587495811837 -7.311234801367816 -6.994892748508951 -6.797533927380664 -7.103369107747808 -7.7508196288593085 -8.419567864481056 -8.70296945223074 -8.753516028001727 -8.758627479484185 -8.165699107518915 -7.511433317764135 -7.442996661804543 -7.806477656112754 -7.96152501774735 -7.987934183740056 -7.539830270444464 -7.174645458975434 -6.8171278247300915 -6.783903390094107 -6.864834705233044 -7.0201660363944445 -7.371720310576917 -7.615934103627746 -8.09442275629129 -8.367033502022448 -8.794691609388202 -8.448816725741796 -8.403949540506876 -7.883433397876445 -6.371863606702533 -5.012501481895184 -6.30257504216253 -7.420563069187082 -7.598327992965942 -8.047567784368747 -7.420563069187082 -6.876761425358783
-7.65682571548742 -7.785747880656113 -7.96152501774735 -8.3025724194381 -8.006676172509074 -7.762462379458244 -7.286813422062733 -6.993756870401738 -7.126654608945678 -7.5699310402856135 -8.126795282346865 -8.692178610212215 -9.13460313297174 -9.190261160225186 -8.849213758534434 -8.014343349732762 -7.389326421238721 -7.548633325775366 -8.126795282346865 -8.336648762654496 -8.211702170861049 -7.662789075550289 -7.054526349137642 -6.4880071431650785 -6.181320054217526 -6.222495635604003 -6.394297199319993 -6.71859039892935 -7.073836276960266 -7.883433397876445 -8.187280791555965 -8.380664039309007 -8.320178530099906 -8.426383133124336 -7.651998233531764 -5.768144392718739 -4.982116742527232 -7.8169845286044755 -8.412752595837777 -7.446972235179788 -7.342471449316178 -6.898059139869029 -6.326996421467613
-8.42950679791917 -8.552465603024995 -8.758627479484185 -9.000569516320589 -8.589665611036228 -7.887408971251691 -7.409772227168558 -7.121827126990022 -7.237970663452567 -7.688062363435781 -8.298596846062855 -8.90401987720747 -9.43049937990077 -9.265229115301253 -8.25855714278359 -7.554312716311432 -7.460602772466347 -7.752523446020128 -8.3542548733163 -8.516401473120979 -8.374700679246136 -7.85532041472292 -7.360077559977982 -6.751814833565335 -6.317057488029498 -5.879744416752431 -5.926599388674974 -6.276165876169824 -6.7438636868148425 -7.412895891963394 -7.905866990493905 -8.127647190927274 -7.276022580044208 -6.648165956282134 -5.518251209131844 -4.361075387408437 -6.4411521712425355 -8.425531224543926 -8.029109765126533 -7.451799717135445 -7.030956878412969 -6.430361329224011 -5.925463510567761
-9.026978682313294 -9.204743606092153 -9.265229115301253 -9.159876420857234 -8.596480879679506 -7.930288369798988 -7.509445531076512 -7.226327912853632 -7.2575645608019945 -7.682382972899716 -8.187280791555965 -8.795543517968612 -9.29845354993724 -8.939232098531077 -8.021158618376042 -7.529039428425939 -7.442996661804543 -7.89337233131456 -8.461595354447944 -8.439161761830483 -8.305412114706133 -7.862135683366199 -7.5954882976979095 -7.099393534372561 -6.581717087010164 -6.134465082294982 -5.793701650131035 -6.032803991699405 -6.473240727771307 -7.065033221629363 -7.481048578396184 -6.409915523294174 -5.311237424092245 -4.988080102590101 -4.055524176568097 -6.4411521712425355 -8.329833494011217 -8.207726597485802 -7.6608012888626655 -7.15789125689404 -6.498797985183604 -6.076819268353915 -5.951872676560467
-9.386484103246259 -9.477354351823312 -9.239955827415761 -8.777085498726398 -8.292633485999986 -7.8240837667745575 -7.408920318588148 -7.404944745212902 -7.444132539911756 -7.5514730210434 -7.876618129233166 -8.486016733753026 -9.04657257966272 -8.71858777620492 -8.127647190927274 -7.628712732333894 -7.428514215937574 -7.867815073902264 -8.253729660827936 -8.225332708147606 -8.200059420262114 -7.904163173333085 -7.61110662167209 -7.354114199915113 -6.843536990722797 -6.440016293135322 -6.1032284343466205 -5.795689436818657 -6.156046766332032 -6.214544488853511 -5.311237424092245 -4.0222997419321125 -3.9266020113994036 -3.690055395572263 -6.30427885932335 -8.659806084156639 -8.297460967955642 -7.676419612836847 -7.419711160606672 -6.845524777410421 -6.30342695074294 -6.116007063052768 -5.989072684571698
-9.376545169808143 -9.06900617228018 -8.712624416142052 -8.246914392184657 -8.047567784368747 -7.613094408359713 -7.481048578396184 -7.477356974547741 -7.547497447668153 -7.607982956877254 -7.602303566341188 -8.156896052188014 -8.737897704027546 -8.625729740940244 -8.101238024934569 -7.61110662167209 -7.41090810527577 -7.339631754048145 -7.667616557505945 -7.989070061847269 -8.158883838875637 -8.02797388701932 -7.573906613660859 -7.332816485404866 -6.93440723929985 -6.530034633131965 -5.934266565898663 -5.49979318988963 -5.281988562831506 -4.739038827583616 -2.9020399586931336 -3.4557805359595486 -4.108058539026706 -6.0203093325200605 -8.635384704851557 -8.787876340744923 -7.903027295225872 -7.364905041933638 -7.134605755696169 -6.628572058932707 -6.408779645186961 -6.166837608350558 -6.08675820179203
-8.683375554881312 -8.232999885371296 -7.985094488472023 -7.782056276807671 -7.722422676178979 -7.667616557505945 -7.553460807731022 -7.5778821870361055 -7.65682571548742 -7.696013510186273 -7.667616557505945 -8.105213598309815 -8.455915963911877 -8.473238105046878 -8.061198321655304 -7.558288289686678 -7.108196589703464 -6.98012633311518 -7.057366044405675 -7.584697455679384 -7.994749452383335 -8.126795282346865 -7.599463871073155 -7.181460727618712 -6.805485074131157 -6.298599468787284 -5.691188650955047 -5.0661717224610054 -4.551618939893444 -3.9422203353735843 -3.102238475089453 -5.463729059985612 -7.308395106099783 -8.627717527627869 -8.50447475299524 -8.136450246258176 -7.78972345403136 -7.421698947294296 -6.902034713244275 -6.543665170418523 -6.289796413456382 -6.13247729560736 -6.1208345450084245
-7.919781497307266 -7.557436381106268 -7.379671457327409 -7.398129476569623 -7.477356974547741 -7.609118834984467 -7.7516715374397185 -7.749683750752095 -7.693173814918241 -7.712483742740865 -8.038764729037844 -8.600172483527949 -8.723415258160577 -8.565244231731144 -8.163711320831293 -7.61110662167209 -7.094566052416906 -6.7262575761530385 -6.728245362840662 -7.101381321060185 -7.482184456503396 -7.7516715374397185 -7.643195178200862 -7.197079051592894 -6.707799556910825 -6.1032284343466205 -5.71646193884054 -5.333671016709705 -5.161869452993715 -5.304422155448966 -6.19211089623605 -7.658813502175043 -8.435186188455237 -8.336648762654496 -8.105213598309815 -7.865827287214641 -7.459750863885937 -7.0369202384758385 -6.80747286081878 -6.574901818366885 -6.200062042986543 -6.105216221034244 -6.031100174538585
-7.4305020026251976 -7.170669885600187 -7.076959941755102 -7.237118754872157 -7.219512644210353 -7.527051641738316 -7.764450166145867 -7.7420165735284066 -7.657961593594633 -7.792563149299393 -8.196083846886868 -8.587677824348603 -8.62970531431549 -8.488856429021059 -8.288657912624739 -7.698001296873897 -6.91367746384321 -6.39145750405196 -6.311378097493432 -6.38549414398909 -6.77907590813845 -7.167830190332154 -7.355250078022326 -7.083775210398381 -6.661796493568692 -6.345454440709827 -6.312230006073841 -6.662932371675906 -6.992904961821328 -7.221500430897977 -7.69998908356152 -7.979131128409154 -7.985946397052433 -7.9450547851927595 -7.698001296873897 -7.311234801367816 -7.109048498283874 -7.101381321060185 -6.784755298674517 -6.305414737430564 -6.059213157692111 -5.924611601987351 -5.795689436818657
-7.360929468558392 -7.199066838280516 -7.106208803015841 -7.145112628187892 -7.087750783773627 -7.279998153419454 -7.4313539112056075 -7.41176001385618 -7.370868401996507 -7.458614985778723 -7.715607407535701 -7.728102066715046 -7.599463871073155 -7.65682571548742 -7.754511232707752 -7.381659244015032 -6.667759853631561 -6.084770415104407 -5.889399380663743 -5.726400872278655 -5.987936806464485 -6.411903309981797 -7.088602692354037 -7.235130968184534 -6.988077479865672 -6.845524777410421 -6.908849981887554 -7.159879043581663 -7.546645539087743 -7.708792138892422 -7.718447102803734 -7.776944825325211 -7.747695964064473 -7.535002788488809 -7.142272932919859 -6.870798065295913 -6.8903919626453405 -6.748691168770499 -6.460746068591963 -6.201765860147362 -5.756501642119804 -5.49382982982676 -5.4253931738671675
-7.449811930447821 -7.268355402820519 -7.167830190332154 -7.195091264905271 -7.219512644210353 -7.133469877588956 -6.819115611417715 -6.695020928204677 -6.565246854455573 -6.460746068591963 -6.256571978820397 -6.284968931500726 -6.1199826364280145 -6.339491080646958 -6.559283494392704 -6.621756790289428 -6.189271200968017 -5.8658299099390705 -5.631555050326356 -5.430504625349627 -5.49297792124635 -5.856174946027759 -6.753518650726154 -7.214685162254697 -7.139433237651826 -6.8903919626453405 -6.937246934567883 -7.35042259606667 -7.4401569665365095 -7.215537070835107 -7.164706525537318 -7.5602760763743015 -7.4870119384590526 -7.1803248495115 -6.848364472678453 -6.724269789465415 -6.686217872873774 -6.572062123098853 -6.528898755024752 -6.260547552195643 -5.696868041491113 -5.3521290359519185 -5.1306328050453525
-7.492975298521921 -7.326853125341997 -7.142272932919859 -7.038908025163461 -7.1198393403023985 -6.699848410160333 -6.19125898765564 -5.549487857080205 -5.348437432103476 -5.097408370409368 -4.73591516278878 -4.731087680833124 -4.747841882914518 -5.058220575710514 -5.452938217967087 -5.550623735187418 -5.593503133734716 -5.399267977401265 -5.2595549702140465 -5.126657231670107 -5.147103037599944 -5.584700078403813 -6.143268137625885 -6.507601040514506 -6.534010206507212 -6.728245362840662 -6.976150759739934 -7.274034793356585 -6.932419452612227 -7.17947294093109 -6.986089693178049 -7.096269869577725 -7.089454600934447 -6.863130888072225 -6.707799556910825 -6.58569266038541 -6.458758281904339 -6.295759773519251 -6.077955146461128 -5.876620751957596 -5.616788634932584 -5.378538201944625 -5.009377817100348
