static/data/ASCData/20210101/ASCU/12.asc
ncols 97
nrows 97
xllcorner 99.0
yllcorner 2.0
cellsize 0.25
NODATA_value -32767
[rows 57 to 75 of 97, columns 0 to 42 of 97]
-3.7226357848794187 -2.970701838551805 -2.710038496704949 -3.1406649767560304 -3.282433916760494 -3.2608892936078457 -3.456120816991103 -3.588048385925838 -3.5157010094132413 -3.614380703112408 -3.6026774510294883 -3.751095966081065 -3.5157010094132413 -3.107417101520462 -3.1329514697013785 -2.7627031310780894 -1.9932143066260959 -1.6309454580593432 -1.4101795664951693 -0.8603927015998112 -0.0010016225108406829 0.2596617193360151 -0.9191749450162963 -2.6435427462338126 -3.7021550937343086 -2.8858532609506344 -2.170890951884973 -2.23738670235611 -2.7148261907388713 -3.0215045919117536 -2.8331886265774946 -2.5480548485572605 -2.575185114749484 -3.06751965123778 -2.8127079354323845 -1.8985243579551971 -0.05579412089905755 -0.7883113080890989 -1.348737493059839 -1.2803798615755104 -0.9072057099314916 -1.185689912904612 -1.5304038833469844
-3.7939192293844775 -2.924952762227663 -3.0215045919117536 -3.5372456325658894 -3.7901954673580933 -3.750032034073527 -3.357441123291936 -3.4151594347008825 -3.2882855428019537 -3.1904037981084405 -3.072307345271702 -2.9209630171993948 -2.6523201852960026 -2.654448049311079 -2.7158901227464094 -3.294137168843414 -2.664289420380807 -1.5343936283752526 -1.5234883252979863 -1.5088592601943362 -1.0362074658454965 -0.705058628499236 -1.6894617184739433 -3.395742675563311 -3.4893686922266713 -2.5275741574121504 -1.6993030895436716 -1.7530316559243502 -2.0527944990482343 -2.3634626452493848 -2.2315350763146498 -1.9171431680871154 -1.912089491051309 -1.1455264796200453 -0.7170278635840406 -1.0322177208172283 0.3086025916827717 0.19236801985922458 -1.5157748182433344 -1.7511697749111583 -2.4669300329824737 -2.7568515050366296 -2.660299675352539
-3.386699253499236 -3.113268727561922 -3.6154446351199465 -4.44637553300727 -4.675918863633634 -3.960158605562319 -3.573419320822188 -3.2579634805871156 -3.0919900874111583 -2.798876819334388 -2.4727816590239335 -2.1113107594628344 -1.501943702145338 -1.4814630110002278 -1.601687327852043 -2.1700930028793195 -2.6281157321245088 -1.8495834856084405 -2.1182263175118328 -1.70036702155121 -1.5431710674374428 -1.5216264442847944 -2.4863467921200453 -3.249983990530579 -3.332172738112904 -2.1836581359754312 -1.4083176854819777 -1.3165535498318088 -1.3008605527206205 -1.5117850732150662 -1.482526943007766 -1.1641452897519637 -0.6377649290224459 0.12401038837489642 0.6474649360836846 0.32615746980715166 0.49399274399630055 -0.6640972462090158 -2.932666269282315 -4.187574072173606 -4.8711503870168915 -4.2862537658727735 -4.162305686994575
-3.1739128519915987 -3.4816551851720194 -4.853595508892512 -5.5714836309789035 -4.782312064387453 -4.066551806316138 -3.588048385925838 -3.179764478033059 -2.8847893289430964 -2.4581525939202837 -2.027526113869202 -1.2285131762080241 -0.5752589235795771 0.2918456625640453 0.1718873287141145 -1.0588160210056832 -1.8136757803540267 -2.932666269282315 -3.0332078439946737 -1.4689618099116541 -1.8213892874086786 -1.8604887886857069 -2.331278702021355 -3.095713849437542 -2.823347255507766 -1.6817482114192916 -1.197393164987532 -0.9590723952989779 -0.8263468773585894 -0.7002709344653142 -0.7141020505633104 -0.6212739829056035 -0.09382969016854759 0.30354891464696543 0.7538581368375032 0.36605492008983376 -0.6914934954031242 -3.5529386296770777 -5.943593850615384 -7.125090344986541 -6.397626834832305 -5.811666281680649 -5.2100127314178035
-3.404520114625501 -4.553832665768628 -6.010887550092175 -5.715912401002212 -4.874076200037622 -4.149538502904116 -3.6670453374855483 -3.1300256566806484 -2.8273370005360343 -2.134983246630559 -1.6466384551705313 -0.7696924979571809 0.11815876233343614 1.1025618523081437 1.3669489561813828 0.2607256513435532 -2.351759393166465 -4.382805595556864 -3.319405554022446 -0.836986197433971 -1.7599472139733483 -2.2129162661827317 -2.529436038425342 -2.4336821577469054 -2.0860423742838026 -1.1838280318914203 -0.9053438289182996 -0.6651611782165539 -0.657447671161902 -0.41034946241115833 -0.4864206009501384 -0.4912082949840606 -0.36726021610586157 0.03995975977937949 -0.6162203058697973 -1.2803798615755104 -3.8545633538141537 -7.283350231107846 -8.586134974338357 -7.792175713712984 -7.001940215113995 -6.521574913710504 -5.930826666524926
-3.529532125511238 -5.955297102698304 -6.5332781657934245 -5.771502848396082 -4.944561695537026 -4.309660270038613 -3.729551342928417 -3.163273531916217 -2.7509998789951693 -2.0235363688409342 -1.4072537534744392 -0.5529163514212754 0.3397226029032634 1.0634623510311156 1.1980497499846958 -0.2590051343388513 -3.101565475479002 -4.640809107384874 -2.964850212510345 -1.622168018997153 -3.2882855428019537 -3.2287053503798155 -2.345907767125005 -1.976723360509254 -1.4894425010567642 -0.7101123055350422 -0.5577040454551971 -0.45024691269384 -0.5997293597529554 -0.7228794896255004 -0.7462859937913406 -0.9630621403272461 -0.9992358285835445 -1.3545891191012993 -2.327288956993087 -4.43174646790362 -7.258879794934467 -9.034316332513818 -8.283180335191858 -7.663173957798978 -7.510765697719133 -7.19929960251233 -6.65057666962451
-3.547087003635618 -6.367304772617467 -6.527426539751964 -5.810602349673111 -5.025420528109929 -4.334130706211992 -3.759873405143255 -3.2970629818641437 -2.6259878681094326 -2.0791268162348047 -1.4101795664951693 -0.7031967474860443 -0.06643344097443915 0.28493010451504697 -0.24038632420693284 -1.75010584290362 -3.360366936312666 -3.9689360446245088 -3.7138583458172287 -4.0021839198600775 -5.044039338241847 -4.41419158977924 -3.00900339082318 -1.9346980462114955 -1.2481959183474802 -0.536159422302549 -0.2502276952766609 -0.4582264027503764 -0.6933553764163158 -0.9835428314723562 -1.066529528060335 -1.4452893227439296 -2.201213014099811 -3.188541917095249 -4.633893549335876 -6.809634504751468 -8.19434201256242 -8.304724958344504 -7.9884711691037795 -8.013739554282811 -8.007887928241352 -7.785260155663986 -7.284414163115384
-3.328182993084636 -5.80767653665238 -6.1007898047291516 -5.6651096476422635 -5.048029083270115 -4.486538966291837 -3.9843630587338126 -3.555864442697808 -3.00022595176099 -2.642744797228159 -1.994278238633634 -1.6397228971215332 -1.3896988753500592 -1.3527272380881072 -1.8253790324369468 -2.720677816780331 -3.343875990195824 -3.672099014521355 -4.3798797825361335 -5.148570657982473 -5.533182078707528 -5.024622579104275 -3.9668081806094326 -2.788237499259006 -1.6748326533702933 -0.7159639315765025 -0.2999665166290715 -0.5470647253798151 -0.7218155576179623 -0.7989506281644809 -1.216809924125104 -1.876979734802549 -2.8701602638394466 -4.122142253710008 -5.73745702415486 -7.3652729956882865 -7.910272166549722 -7.858405481182236 -7.917985673604375 -8.245144765922367 -8.456069286416813 -8.378934215870295 -7.868246852251964
-3.148644466812567 -5.9140697374062 -6.532214233785886 -5.885875539206437 -5.280498226917209 -4.771672744312071 -4.311522151051805 -3.9503172344925908 -3.870256350925342 -3.608529077070948 -3.0832126483489684 -2.857659062750873 -2.6318394941508925 -2.654448049311079 -2.903408139075015 -2.9600625184764233 -3.293073236835876 -3.986490922748889 -4.987384958840439 -5.726551721077594 -5.6640457156347255 -5.161337842072932 -4.2862537658727735 -2.946497385380311 -1.4335860706610095 -0.676864430299474 -0.5773867875946537 -0.5138168501442468 -0.536159422302549 -1.0274300267833065 -1.8466576725877106 -2.802866564362656 -3.726625529907687 -5.000152142930896 -6.686750357880808 -7.6466830116821365 -7.8163801668844775 -7.765843396526414 -8.039273922463728 -8.411118159098324 -8.649438928786878 -8.593848481393007 -8.292223757255933
-3.116194540582652 -5.771502848396082 -6.531416284780232 -5.9286988025098495 -5.402318441780332 -5.081276958505684 -4.637883294364144 -4.699325367799474 -4.622190297252956 -4.350621652328834 -4.064689925302946 -3.8048245324617436 -3.520488703447163 -3.436704057853531 -3.331108806105366 -3.3946787435557724 -3.898450549125104 -4.643734920405604 -5.523606690639685 -5.852627663970869 -5.635851517434963 -5.044039338241847 -4.143686876862656 -2.7422224399329793 -1.2989986717074289 -0.8311345713925111 -0.7228794896255004 -0.5898879886832273 -0.8808733927449213 -1.8038344092842986 -3.1183224045977287 -4.015749052956189 -4.85758525392078 -6.161167946156944 -7.263667488968389 -7.846702229099316 -7.5703458901412715 -7.324311613398066 -7.657322331757519 -8.214024754701875 -8.56937804521963 -9.016761454389437 -8.877918327405704
-2.9611264504839614 -4.345833958294912 -4.42882065488289 -4.005109732880808 -5.20628896939142 -4.99217265287436 -5.20921478241215 -5.207086918397074 -5.1730410941558524 -4.97169196172925 -4.707038874854126 -4.350621652328834 -4.102725494572436 -3.9668081806094326 -3.869192418917804 -4.123206185717546 -4.626180042281224 -5.147506725974935 -5.658194089593265 -5.668035460662994 -5.138729286912746 -4.5684617308722775 -3.7960470933995536 -2.4025621465264133 -1.2880933686301623 -0.9181110130087577 -1.2638889154586685 -1.6777584663910234 -2.288189455716058 -3.395742675563311 -4.565535917851547 -5.151496471003204 -5.989342926939527 -6.869214697173607 -7.744298773373766 -7.719828337200387 -7.314470242328338 -6.884907694284795 -7.2902657891568445 -7.9054844725158 -8.553685048108441 -9.000004525270711 -9.01755940339509
-2.673066859442997 -2.4767714040522018 -2.4405977157959033 -2.217969943218538 -3.4579826980042947 -5.5313201976943365 -5.764853273348969 -5.577335257020363 -5.572281579984557 -5.3624209914976495 -5.125962102822287 -4.800930874519371 -4.586016608996657 -4.451163227041192 -4.516595045504791 -4.773534625325263 -5.009993514000625 -5.395668866733217 -5.3810398016295675 -5.073297468449147 -4.508881538450138 -3.8878112290497224 -3.1281637756674567 -2.2871255237085197 -1.187551793917804 -1.7599472139733483 -2.528372106417804 -3.3749960014163163 -3.992342548790349 -4.949349389570948 -5.685590338787374 -6.278466449988028 -6.946349767720125 -7.813454353863747 -7.768769209547144 -7.542949640947163 -7.192384044463331 -6.775588680510246 -7.2325474777478975 -7.774620835588603 -8.409256278085131 -8.56937804521963 -8.582145229310088
-2.2501538864465678 -1.5216264442847944 -1.647436404176185 -1.456194625821196 -3.230567231393007 -5.305766612096241 -6.1172807508459925 -5.8917271652478975 -5.872044423108441 -5.632925704414234 -5.4560470081610095 -5.277572413896479 -5.051752845296499 -4.973819825744327 -5.0400495932135785 -5.012919327021355 -5.184744346238772 -5.114258850739367 -4.847743882851051 -4.376953969515403 -3.819453597565394 -3.185616104074519 -2.9600625184764233 -2.119290249519371 -2.384741285400149 -3.1201842856109203 -4.051922741212487 -4.651448427460256 -5.102555598656448 -5.851563731963331 -6.577165361104374 -7.366336927695825 -8.035284177435459 -8.141677378189279 -7.951233548839943 -7.440546185221613 -7.17881891136722 -6.959116951810584 -7.508903816705941 -7.936604483736293 -7.889791475404612 -8.049913242539109 -8.122260619051707
-1.749041910896082 -0.8808733927449213 -1.2880933686301623 -1.4141693115234375 -3.044911096077594 -5.27943429490967 -6.257985758842918 -6.188564195351051 -6.0978639917084205 -5.991204807952718 -5.819379788735301 -5.637713398448155 -5.5313201976943365 -5.442481875064898 -5.281296175922862 -5.195383666314154 -4.93365639245976 -4.619264484232225 -4.289179578893503 -3.751095966081065 -3.2608892936078457 -2.8818635159223662 -2.799940751341926 -3.4933584372549396 -4.12692994774393 -4.584952676989119 -5.054678658317229 -5.125962102822287 -5.622286384338851 -6.390711276783307 -7.292127670170036 -8.10842950295371 -8.42494927519632 -8.426811156209512 -8.00203630219989 -7.3820299248070125 -7.114451024911158 -7.07535152363413 -7.612371204439031 -7.545875453967893 -7.4785817544911035 -7.578325380197808 -7.623276507516296
-1.5761529596711266 -0.8877889507939196 -1.1455264796200453 -1.3322465469429972 -2.2490899544390297 -4.563674036838355 -6.543119536863152 -6.6816966808450005 -6.377944092692848 -6.340972455430897 -6.132973747957181 -5.907420162359085 -5.753150021266048 -5.585048764075015 -5.375986124593761 -5.0977679046225255 -4.809708313581561 -4.272688632776662 -4.005907681886461 -3.582196759884378 -3.0390594700361335 -2.8496795726943365 -3.416223366708421 -4.365250717432484 -5.120110476780827 -5.431842554989516 -5.431842554989516 -5.521478826624609 -6.092012365666961 -6.945551818714471 -7.869310784259502 -8.41617183613413 -8.607413614489118 -8.329195394517884 -7.855479668161506 -7.351707862592175 -6.979597642955694 -6.822401688841927 -7.4591649953535315 -7.280424418087116 -7.123228463973349 -7.258879794934467 -7.50704193569275
-2.4687919139956653 -1.997204051654364 -2.563481862666564 -3.206096795219629 -3.495220318268131 -4.944561695537026 -6.899536759388445 -7.177754979359681 -6.859373326103878 -6.657226244671623 -6.139623323004295 -6.049987051369202 -5.823369533763569 -5.666971528655456 -5.414287676865136 -5.007067700979895 -4.645596801418796 -4.296893085948155 -4.12107832170247 -3.9043021751665643 -3.407445927646231 -3.5303300745168915 -4.321363522121533 -5.166125536106854 -5.637713398448155 -5.811666281680649 -5.986417113918796 -6.410394018922764 -7.02268688926099 -7.786324087671524 -8.188490386520957 -8.42787508821705 -8.406330465064402 -8.128112245093167 -7.772492971573527 -7.5341722018849735 -7.296117415198304 -6.690474119907192 -7.220844225664978 -7.09290640175851 -6.918953518526017 -7.049817155453214 -7.3067567352736855
-4.891631078162002 -3.2959990498566056 -3.395742675563311 -3.764661099177177 -3.8918009740779906 -5.454185127147818 -7.500126377643752 -7.367400859703363 -6.7968673206610095 -6.954329257776662 -6.416245644964223 -6.237505067697808 -6.044135425327743 -5.860341171025521 -5.608455268240855 -5.221715983500724 -4.827263191705941 -4.651448427460256 -4.539203600664977 -4.2277375054581725 -4.177732701103878 -4.6064973001417675 -5.265603178811674 -5.785333964494079 -6.131909815949643 -6.508807729620045 -7.01976107624026 -7.8163801668844775 -8.250996391963827 -8.394627212981483 -8.256050068999635 -8.223866125771604 -8.07331974670495 -7.799889220767636 -7.541087759933972 -7.3458562365507145 -7.146634968139189 -6.456143095246905 -6.804846810717546 -6.863363071132147 -6.830115195896578 -6.9123039434789035 -6.963904645844505
-7.039177835377831 -5.184744346238772 -3.5255423804829698 -3.4375020068591846 -3.709070651783307 -5.330237048269619 -7.462888757379915 -7.924901231653372 -7.293191602177574 -6.922943263554285 -6.624244352437939 -6.445503775171524 -6.32128971329144 -5.930826666524926 -5.575207393005287 -5.295925241026513 -5.006003768972357 -4.827263191705941 -4.920889208369301 -4.864234828967893 -5.250974113708024 -5.660321953608342 -6.020728921161902 -6.390711276783307 -6.754044057357598 -7.276434673058848 -8.083161117774678 -8.797059494832801 -8.88004619142078 -8.361379337745912 -8.142741310196817 -7.881811985348076 -7.608381459410762 -7.193447976470869 -6.924007195561823 -6.752182176344406 -6.649512737616972 -6.351611775506278 -7.082267081683129 -7.333089052460256 -7.453313369312071 -7.474592009462835 -7.245314661838355
-7.917985673604375 -7.212066786602787 -5.378113988608837 -3.883821484021454 -3.8242412915993156 -4.04500718316349 -5.672025205691262 -7.391605312874857 -7.255953981913738 -6.783302187564898 -6.963106696838851 -6.594720239228755 -6.348685962485549 -6.094938178687691 -5.865394848061327 -5.560578327901636 -5.310554306130163 -5.222779915508262 -5.320395677199891 -5.583186883061823 -6.005833873056368 -6.345760149464819 -6.6838245448600775 -7.0139094501988 -7.438684304208421 -8.136889684155356 -8.843872503164482 -9.113313284073527 -8.90052688256589 -8.249134510950636 -7.61822283048049 -7.311544429307608 -6.974809948921772 -6.608551355326751 -6.3800719567079245 -6.339908523423359 -6.379008024700386 -6.282456195016296 -7.05487083248902 -7.529384507851051 -7.663173957798978 -7.742170909358689 -7.5724737541563485
