static/data/ASCData/20210101/ASCU/15.asc
ncols 97
nrows 97
xllcorner 99.0
yllcorner 2.0
cellsize 0.25
NODATA_value -32767
[rows 0 to 18 of 97, columns 43 to 85 of 97]
-1.1124878716691105 -1.536266209610491 -0.7626985271070197 -0.16798010101348648 -0.5644590517425088 -0.6172718849477259 -0.4335750737991444 -1.2568939759886901 -1.536266209610491 -0.6611550120554428 0.5341499327099806 -0.6369172383622268 -0.012858349376906553 0.17951303340924696 -0.2812598012217786 -0.9951260201019609 -1.1895384785675431 -0.07230467854026701 0.2108945719804627 -0.005969718958835024 0.04582257640666798 -0.019746979794978525 -0.47286578062814666 -0.08888841843562512 -0.38203791289357003 -0.7422877703127329 -0.6162513471080113 -0.0802138467980531 0.5849216902357695 1.2781220178617367 0.19431083208510458 -0.08199978801755314 0.5759919841382688 0.7293277945553491 -0.22181347205841817 0.40607243382583125 -0.21211836258113204 -0.5029716468997196 -0.08404086369698183 -0.5909930355750816 -2.9336376466393546 -4.364431697918862 -4.412141841925508
-1.1415732001009693 -1.1739752765118996 -0.8525058570018818 -1.0147713735164623 -1.4923830825027742 -2.0332681375513757 -1.0869744256762521 -0.6369172383622268 -0.5029716468997196 -0.3955600392697849 -0.8185729738313801 -2.031227061871947 -1.4620220817712726 -0.3067732472146374 0.12006670424588606 -0.026380475753121857 -0.6631960877348715 -1.2071427563026158 -0.9170548753638141 -0.31544781885220896 -0.027401013592835977 -0.18277789968934455 -0.1485898820589142 0.6561042045558443 -0.32233644927028093 -0.5039921847394337 -0.2011475808042027 -0.22283400989813273 -0.5968611281534391 0.6112005396084133 0.7507590891893496 0.08001059403709831 -0.0557209386449089 -0.09960406575262581 -0.427706981220787 0.2361528835133928 0.07210142577931222 0.45505825013211965 0.328001289087684 -1.2209200171387593 -3.624031495206107 -4.414182917604936 -4.599665669973018
-0.9864514484643894 -0.7578509723683764 -1.05661342494475 -1.6398508003414967 -2.331265186747964 -1.9728012705483011 -0.507053798258577 -0.7716282332045203 -1.0683496101014653 -1.3262905490892654 -1.098710610832967 -1.571474765080636 -0.5499163875265793 -0.0011221642201917348 0.06138577846231197 -0.19732056390527397 -0.9747152633076741 -1.6436778172404258 -0.825206469789523 -0.14450773070005685 0.09072624135409946 -0.13379208338305615 -0.15445797463727162 0.6259983382842718 -0.22946750585627562 -0.2598285065877777 0.18257464692838976 0.06929494672009806 -0.8369426549462382 0.49307328466147826 0.7420845175517776 -0.2470717835913483 -0.2746263052636353 0.2147215888793914 0.1736449408308891 -0.017705904115549842 0.09072624135409946 -0.011837811537192433 -1.2724571780443337 -2.9999726062207865 -4.1299631292444925 -4.338918251926003 -4.597624594293589
-1.379868785674268 -0.721877013518446 -0.966806095049888 -1.6339827077631393 -2.1299640978643097 -0.8634766387788111 -0.12026995700684129 -0.8652625799983111 -1.7003176673445717 -1.762825610027075 -0.051893921745980176 -0.47873387320650407 -0.19732056390527397 0.875774974554357 0.8357188643455693 -0.1016451414320545 -1.165045570414399 -1.4454383418759145 -0.7060586770028738 -0.17486873143155846 0.11700509072674325 -0.00979673585776375 -0.4404637042172159 0.047863652086096664 -0.008010794638263707 0.016482113514880492 0.39433624866911554 0.17083846177167494 -0.4698041671090034 0.03995448382831057 0.22058968145774926 -0.47363118400793214 -0.34682935742342513 0.09557379609274186 0.21676266455882054 -0.08990895627533968 -0.30957972627385155 -2.0039276746595887 -3.163258660575081 -3.8115553232536175 -4.307791847814716 -4.47669086028744 -5.026505621433541
-1.2755187915634765 -0.7343786020549468 -0.34682935742342513 -0.9571109855726019 -1.566372075882064 -0.846892898883453 -0.06847766164133828 -0.9785422802066028 -1.7822158289816477 -1.0742177026798228 0.31243808703203957 -0.4560269062728599 -1.1007516865123956 0.3504531215613991 1.5067224939577493 0.5966578753924843 -1.6122962786692097 -1.543154840028563 -1.0127302978370336 -0.6114037923693685 -0.27641224648313534 0.2820770863005384 -0.09475651101398253 -0.33203155874756707 0.29100679239803906 0.3524941972408282 0.46858037650833406 0.24508258961089346 -0.4659771502100747 -0.34478828174399645 -0.05878255216405215 -0.34198180268478184 -0.2636555234867064 -0.00979673585776375 0.35938282765889973 -0.5050127225791483 -1.3625196423991244 -3.1066188104709354 -4.138637700882064 -4.741265295233383 -4.627985595025091 -4.888733013072105 -5.734503747735367
-1.188517940727829 -1.3107273470336214 -0.9229229679421715 -0.6300286079441553 -1.4640631574507013 -1.3625196423991244 -0.19247300916663068 -0.9688471707293167 -1.3467013058835522 -0.6376826417420127 -0.10853377185012603 -0.4698041671090034 -1.0890155013556808 -0.15547851247698619 1.0038524734385073 0.30070190187532475 -1.8692166798172951 -1.6115308752894237 -1.253066959089761 -0.8027546373158074 0.07694898051795551 0.636713985601272 0.21676266455882054 -0.2695236160650638 0.21854860577832014 0.42087023250168887 0.5369564117691956 0.45990580487076205 -0.2235994132779182 -0.7246834925776602 -0.6124243302090826 -0.8193383772111655 -0.9453748004158871 -0.6915160127869444 -0.7754552501034491 -2.3838228854932524 -3.2500043769508005 -4.221811534818783 -5.256892038749054 -5.0683476728618295 -5.0089013436984695 -5.347719906483631 -6.447349428775835
-1.5020781919800608 -1.7531305005497888 -0.4590885197920027 -0.005969718958835024 -1.4219659715624848 -1.0683496101014653 -0.042964215648479964 -0.8047957129952361 -1.23342160567526 -1.1739752765118996 -0.841790209684881 0.16292929351388885 0.2703409011438236 0.48439871302390625 -0.743308308152447 -1.512793839297061 -1.6485253719790687 -1.4648285608304872 -1.120141905466968 -0.5361391266904358 0.33871693640468425 0.7109581134404905 0.2723819768232518 0.1473660914582453 -0.0021427020599058544 0.27136143898353726 0.5721649672393401 0.5009824529192644 0.03791340814888189 -0.9571109855726019 -1.2012746637242584 -1.0841679466170375 -1.1992335880448297 -2.441483273437113 -2.8165309295321332 -4.957109048332967 -5.037221268750542 -5.569431752161572 -5.223724558958338 -4.962977140911324 -5.147439355439691 -5.4530904384341365 -6.3399378211459005
-1.403341155987698 -2.046024860547805 -0.6904954749472298 0.4706214521877632 -0.5430277571085074 -0.44352531773635917 -0.01872644195526396 -0.7443288459921615 -0.966806095049888 -0.8759782273153118 -0.9267499848411003 0.20502647940210572 0.7323894080744919 0.16114335229438836 -1.2910819936191205 -2.037095154450305 -1.7138397937207865 -1.5439202434083485 -1.0341615924710346 -0.3537179878414971 -0.18073682400991586 0.025411819612381148 0.25962525382682244 0.6043119091903417 0.13665044414124417 0.18053357124896152 0.5634903956017681 0.8339329231260688 0.6025259679708421 -0.5499163875265793 -0.9708882464087454 -0.7101408283617312 -1.9171819582838694 -3.3145533953127324 -4.777494388543242 -6.099601159893172 -5.623265123206504 -5.4081867734867055 -5.065541193802615 -4.8320931629679595 -5.027526159273256 -4.975733863907753 -4.717792924919953
-1.3290970281484795 -1.8408967547652222 -0.5713476821605803 0.600484892291413 -0.039137198749550794 -1.1104467959896818 -0.12996506648412742 0.17951303340924696 -0.18073682400991586 -0.803775175155522 -1.0265075586731771 -0.8956235807298127 -0.01668536627583528 -0.41035783794564296 -1.1494823683587554 -1.6778658348708562 -1.455133451353201 -1.4589604682521298 -0.43178913257964435 -0.39275356021057073 -0.4718452427884321 -0.3409612648450677 0.13460936846181593 0.4509760987732623 0.35938282765889973 0.5634903956017681 0.5800741354971262 0.6474296329182732 0.5849216902357695 0.0085729452570944 -0.39862165278892814 -1.5860174292965654 -3.7296571616165415 -5.527334566273355 -6.3986187469294755 -5.914118407525091 -5.577340920419358 -5.1857095244289795 -4.813468347393172 -4.60655430039109 -4.51266481913737 -4.212881828721282 -3.131877122003865
-1.6788863727105703 -0.7336131986751608 0.21574212671910598 0.33386938166604097 -0.4111232413254289 -0.9405272456772438 -0.21109782474141747 -0.16211200843512907 -0.8134702846328081 -1.592906059714637 -1.8947301258101539 -1.7110333146615724 -0.9971670957813896 -0.8576085462004537 -0.9971670957813896 -1.1505029061984695 -1.1007516865123956 -0.7979070825771646 -0.37514928247549806 -0.5693066064811516 -0.8389837306256669 -0.8076021920544507 -0.37412874463578394 0.12389372114481478 0.7714249804435651 0.7058554242419186 0.4315858798186891 0.26753442208460854 0.050670131145310826 -1.1124878716691105 -1.9669331779699435 -4.354481453981648 -6.198338195885535 -6.72774220023735 -6.215942473620608 -5.606426248851217 -5.416095941744492 -4.893580567810749 -4.516746970496228 -4.251917401090356 -3.9472868559356247 -3.7559360109891857 -1.682713389609499
-0.6075767754704398 -0.5527228665857935 -0.33994072700535316 -0.6152308092682972 -1.0645225932025362 -0.4863879070043615 -0.2315085815357043 -0.7851503595807352 -1.431661081039771 -1.7089922389821437 -1.3438948268243376 -1.349762919402695 -1.215051924560402 -1.1339191663031118 -1.061716114143322 -0.9708882464087454 -0.9716536497885313 -1.2423513117727607 -1.0030351883597475 -0.9502223551545299 -0.9318526740396718 -0.8223999907303088 -0.4942970752621476 -0.1075132340104119 0.74897314796985 0.962775825390005 0.6180891700264857 -0.3516769121620684 -1.6796517760903562 -4.779280329762742 -5.758996655888511 -6.734375696195494 -6.691513106927491 -6.462912630831479 -6.010814367838025 -5.546979919687857 -5.099729211433046 -4.6777368147111655 -4.339938789765718 -3.9462663180959106 -3.471716222628741 -3.468909743569527 -1.0030351883597475
-0.5879314220559384 -1.4326816188794855 -2.1154214336483803 -2.2256395203375297 -1.7656320890862895 -1.143614275780398 0.1277207380437444 -0.2833008769012073 -0.9415477835169583 -1.2548529003092614 -1.1749958143516142 -1.424772450621699 -1.0351821303107491 -1.061716114143322 -1.1094262581499676 -1.0489593911468926 -0.9609380024715306 -1.2706712368248336 -1.1622390913551848 -1.0147713735164623 -0.8634766387788111 -0.33611371010642443 0.22849884971553536 -0.04704636700733733 0.09659433393245642 0.5507336726053387 -0.2970781377373508 -1.8204859979709354 -4.545066895548301 -6.577212868879485 -6.832092194348142 -6.745091343512494 -6.6552840136176314 -6.279470954142825 -5.848803985783373 -5.177800356171193 -4.914246459064964 -4.531289634712158 -4.125115574505849 -3.6250520330458214 -2.8300530559083485 -2.6162503784881936 -0.4825608901054328
-0.7471353250513761 -1.7013382051842858 -2.368259683437609 -2.1593045607560972 -1.7217489619785726 -1.4023206181479835 0.04964959330559715 -0.087867880595911 -0.8759782273153118 -1.3224635321903362 -1.4620220817712726 -1.719707886299144 -0.9785422802066028 -0.7080997526823025 -0.7619331237272338 -0.8341361758870236 -0.8693447313571685 -1.4541129135134865 -1.0282934998926772 -0.7530034176297336 -0.5772157747389381 -0.12715858742491282 -0.1289445286444133 -0.5509369253662935 -0.6328350870033694 -1.1104467959896818 -2.137873266122096 -4.254979014609499 -6.30574980351547 -6.750194032711066 -6.894600137030645 -6.796883638877997 -6.440460798357763 -6.034286738151454 -5.58601549205693 -5.024464545754113 -4.725702093177739 -4.1220539609867055 -3.7130734217211834 -3.1857104930487967 -2.5078182330185452 -1.9307040846600843 -0.294016524218208
-1.0216600039345338 -1.0869744256762521 -1.3232289355701221 -1.4240070472419135 -1.592906059714637 -1.476564745987202 -0.2881484316398506 0.43056534197897545 -0.4200529474229291 -1.4337021567191996 -1.2540874969294755 -1.379868785674268 -0.7843849562009493 -0.5869108842162243 -0.2736057674239212 -0.3057527093749228 -1.0752382405195369 -1.349762919402695 -0.8731717482560972 -0.4766927975270754 -0.928791060520529 -1.573260706300136 -2.094755542394165 -2.5353727546908322 -2.8917955952110663 -3.4727367604684556 -5.108403783070617 -6.066433680102456 -6.4805169085665515 -6.686665552188848 -6.796883638877997 -6.6348732568233455 -6.158282085676747 -5.7697123032055115 -5.417116479584206 -4.9356777536989656 -4.416223993284365 -3.7431792879927563 -3.2295936201565136 -2.717793893539771 -2.536138158070618 -1.8888620332317965 -0.39275356021057073
-0.7833644183612352 -0.18277789968934455 -0.5547639422652222 -0.6670231046338002 -1.1494823683587554 -1.3916049708309832 -0.2794738600022786 0.44026045145626114 -0.2363561362743476 -1.253066959089761 -1.0507453323663927 -0.9816038937257461 -0.8017340994760933 -0.4004075940084282 -0.0011221642201917348 -0.12409697390577001 -1.1387667210417547 -0.966806095049888 -0.5537434044255081 -1.4043616938274122 -2.2802382947622464 -3.171933232212653 -3.9580025032526254 -4.3575430675007905 -4.885926534012891 -5.491360607423425 -5.8204840607312995 -6.341978896825329 -6.510877909298053 -6.701208216404778 -6.662172644035704 -6.36341019145933 -5.962083685991665 -5.550806936586785 -5.165043633174764 -4.67875735255088 -3.966932209350126 -3.370172707577164 -3.0900350705755772 -2.8331146694274914 -2.817551467371848 -2.2062493013829565 -0.9053186902070989
-0.3136618776327089 -0.12409697390577001 -0.500165167840505 -0.3993870561687136 -0.8642420421585966 -1.1739752765118996 -0.7315721229957322 -0.1182288813274126 -0.26773767484556377 -1.099731148672681 -1.0196189282551051 -0.936700228778315 -0.7530034176297336 -0.8106638055735935 -0.4014281318481423 -0.7851503595807352 -1.5372867474502057 -1.290061455779406 -1.49136254466306 -2.3437667752844646 -3.1397862902616516 -3.9551960241934108 -4.695341092446237 -5.079318454638759 -5.599792752893073 -5.911311928465876 -6.219769490519536 -6.438674857138263 -6.590990129715628 -6.63767973588256 -6.4131614111454045 -6.13965727010196 -5.7421577815332245 -5.335983721326916 -4.806834851435029 -4.369279252657505 -3.701337236564468 -3.4357422637788106 -3.159176509216224 -3.021659035314716 -3.019617959635288 -2.5626721419031906 -1.9434608076565136
-0.44633179679557333 -0.38203791289357003 -0.4863879070043615 -0.4259210400012865 -0.9833898349452461 -1.4112503242454841 -0.9912990032030322 -0.470824704948718 -0.5751746990595095 -1.261741530727333 -1.2648031442464762 -1.090036039195395 -1.2257675718774026 -1.365326121458339 -1.7373121640342166 -2.407295255806682 -2.763718096326916 -2.789231542319775 -2.9101652763259245 -3.300776134476589 -3.923049082242409 -4.546852836767801 -5.220918079899124 -5.633980770523504 -5.937590777838521 -6.229464599996822 -6.401425225988689 -6.630025702084702 -6.583080961457842 -6.418008965884047 -6.244262398672681 -5.898555205469448 -5.469929312789423 -5.040027747809757 -4.5568030807050155 -4.230486106456355 -3.8028807516160454 -3.55489005656546 -3.4395692806777394 -3.3750202623158074 -3.365325152838521 -3.089014532735863 -3.041049254269289
-0.5509369253662935 -0.4014281318481423 -0.27054415390477793 -0.3233569871099955 -1.3770623066150538 -2.0771512646590926 -2.4103568693258253 -1.9766282874472298 -1.6640885740347127 -1.839876216925508 -2.1983401331251704 -2.611402823749551 -3.0234449765342166 -3.1505019375786523 -3.2959285797379456 -3.4648275922106695 -3.425792019841596 -3.4931475172627424 -3.713838825100969 -4.08888648119599 -4.637680704502378 -5.314552426692915 -5.815636505992657 -6.125114605886031 -6.361369115779901 -6.512663850517553 -6.607573869610986 -6.577212868879485 -6.501948203200552 -6.295034156198469 -6.05673857062517 -5.723788100418366 -5.332156704427987 -4.930830198960322 -4.528483155652943 -4.175887332031637 -3.963870595830983 -3.717920976459826 -3.582189443777819 -3.602600200572106 -3.6515860168783942 -4.023572059454271 -4.515726432656513
-0.9384861699978151 -0.42974805690021567 0.3318283059866127 0.1356299063015305 -1.4699312500290587 -2.090928525495236 -3.5273355348931728 -5.144632876380477 -5.331136166588273 -4.820356977811245 -4.321313974190931 -4.163130609035208 -4.133024742763635 -4.047044429767702 -3.924835023461909 -3.9610641167717686 -3.9932110587227703 -4.111338313669705 -4.468781692029654 -4.965018216590753 -5.480644960106424 -5.9248340548420915 -6.198338195885535 -6.4805169085665515 -6.594817146614558 -6.663193181875418 -6.662172644035704 -6.560629128984127 -6.473628278148479 -6.226658120937609 -5.925854592681806 -5.589077105576073 -5.167084708854192 -4.746112849972026 -4.522615063074586 -4.378974362134792 -4.185582441508924 -3.881972434193907 -3.7480268427313996 -3.891667543671193 -4.305750772135288 -5.0907995053355455 -5.87814444867516
