static/data/ASCData/20210101/ASCU/18.asc
ncols 97
nrows 97
xllcorner 99.0
yllcorner 2.0
cellsize 0.25
NODATA_value -32767
[rows 57 to 75 of 97, columns 43 to 85 of 97]
-5.79344734225773 -7.103962714760896 -7.923508365902306 -8.410689740648618 -8.578639773933375 -8.367755145673566 -7.88537234330682 -7.365863744108705 -7.077696844893806 -6.861761087813404 -6.844334693382354 -6.7690728739554995 -6.915555609752732 -7.032741798390518 -7.247667329706801 -7.538612349773027 -7.801271048443926 -7.883351891778582 -7.7535378810893105 -7.608823040379287 -7.662617562318615 -7.671457037754655 -7.859864142762818 -7.818949999316006 -7.580536718983959 -7.323686818456744 -7.216350331019116 -7.447692031002331 -7.639129813302852 -7.84142752256765 -7.7222208824016265 -7.731060357837666 -7.558059195732315 -7.425467064191717 -7.044611951118914 -6.458681007929986 -5.479014573175741 -4.549354313745377 -4.297302985597726 -4.969355675177785 -5.410824334097718 -6.451609427581154 -7.312069222169377
-6.340484593528082 -7.446934361679243 -8.029834627575813 -8.402860490976696 -8.510196978414323 -8.322800099170276 -7.724241333929864 -7.202712283203512 -6.977179381363982 -6.810997243166431 -6.804178219258629 -6.780943026683897 -6.921364407896416 -7.113812415961055 -7.3168677945489415 -7.503507004469897 -7.756316001940638 -7.681306738954813 -7.536591898244789 -7.4858280535978174 -7.5151246007572645 -7.550229946060393 -7.7691963804331525 -7.859864142762818 -7.947753784241158 -7.69292433524218 -7.483049932746491 -7.66665846537509 -7.837386619511174 -7.926286486753632 -7.765155477376677 -7.483049932746491 -7.318888246077179 -6.942831705383941 -6.549348770259652 -5.843200961140583 -4.944857700397903 -4.595319586012784 -5.146145183898582 -6.2594139759575445 -7.853045118855016 -8.705675663771318 -8.927420218995405
-6.938033133004376 -7.917447011317592 -8.16267931555744 -8.368765371437686 -8.357905444473406 -8.106106672766785 -7.5151246007572645 -7.115832867489292 -6.890299965649762 -7.0542090958780435 -7.11785331901753 -7.089314441181173 -7.095375795765886 -7.287571247389495 -7.4439036843868855 -7.624481539723129 -7.511336254141819 -7.431275862335401 -7.26610394990197 -7.241858531563118 -7.147907535500066 -7.2037225089676316 -7.436074434714965 -7.91163821317391 -8.011398007380645 -8.311182502882911 -8.118734494818272 -7.982101460221198 -8.053322376591577 -7.977050331400604 -7.668426360462298 -7.238827854270761 -6.8559522896697205 -6.480905974740601 -6.104091764724274 -5.410824334097718 -5.018099068296519 -4.976174699085587 -5.50452277371974 -5.810116067365691 -8.21647383749677 -9.730044588587823 -9.942949668375869
-7.765155477376677 -8.26824790790786 -8.274056706051542 -8.321789873406159 -8.046503352683775 -7.794452024536124 -7.404757436027281 -7.0054657027593095 -7.042591499590676 -7.286561021625376 -7.5307831001011065 -7.457541732202491 -7.394150065504033 -7.528762648572869 -7.670446811990536 -7.669436586226417 -7.556291300645107 -7.340355543564705 -7.163566034843908 -6.986018856800021 -6.768062648191382 -6.790540171443025 -6.953691632348218 -7.495677754797977 -8.066960424407181 -8.367755145673566 -8.567022177646006 -8.37255371805313 -8.247538279743424 -8.008367330088287 -7.615894620728119 -6.909746811609049 -6.482926426268838 -5.935131505675397 -5.55806473921804 -5.511341797627543 -5.161803683242424 -5.661612880040221 -5.507300894571068 -4.696847275306728 -8.23187978039958 -9.823743028209845 -9.60982772265768
-8.227081208020017 -8.4420067393363 -8.297544455067307 -8.125553518726074 -7.839407071039412 -7.551240171824513 -7.2037225089676316 -7.023902322954478 -7.104972940525014 -7.3726827680165075 -7.656808764174931 -7.609833266143405 -7.744698405653271 -7.877543093634898 -8.010387781616526 -8.002558531944604 -7.950784461533514 -7.747729082945627 -7.3951602912681516 -7.0923451184735296 -6.693053385205557 -6.563997043839375 -6.65592758837419 -7.1342694876844615 -7.741667728360914 -8.265217230615503 -8.494791035511511 -8.472313512259866 -8.394021015540655 -7.97225175902104 -7.630542894307842 -6.817816267074234 -6.0992931923447085 -5.545436917166555 -5.411582003420808 -5.398954181369322 -5.5181608215353455 -6.477117628125155 -5.634336784409012 -4.325841863434084 -8.107116898530904 -9.448696713280725 -9.086530776844121
-8.560203153738204 -8.315981075262474 -8.230111885312374 -7.938156639482028 -7.7798037509564 -7.516134826521383 -7.19589325929571 -7.0367827014469935 -7.099164142381332 -7.302219520969218 -7.542653252829503 -7.611853717671643 -8.03387553063229 -8.345277622421921 -8.466252157675154 -8.518026228086242 -8.508429083327115 -8.44301696510042 -8.070748771022625 -7.616652290051207 -7.02213442786727 -6.716288577780291 -6.574856970803653 -6.89105763497285 -7.330505842364546 -7.914668890466266 -8.296534229303187 -8.33744837275 -8.187934959660412 -7.8179397735518865 -7.509315802613581 -6.519041997336087 -5.838402388761018 -5.547457368694792 -5.555286618366713 -5.754553650339155 -6.091463942672787 -5.484823371319424 -4.310183364090241 -4.047524665419343 -7.573717695076157 -8.900901792687284 -8.421549667612894
-8.30234302744687 -8.079588246458666 -8.062161852027616 -7.94598588915395 -7.77197450128448 -7.447692031002331 -7.133259261920342 -7.008243823610636 -7.051430975026716 -7.184023106567314 -7.417637814519796 -7.665648239610971 -7.983869355308406 -8.193996314245126 -8.326841002226754 -8.519036453850362 -8.752398605361815 -8.821851626644985 -8.611977224149296 -8.319011752554832 -7.749496978032835 -7.169374832987591 -6.859993192726195 -6.801400098407303 -7.10017436814545 -7.559069421496433 -7.889160689922265 -7.835618724423966 -7.62347131395901 -7.3012092952050995 -6.62940916206607 -5.946749101962764 -5.736874699467075 -5.801276591929651 -5.983874898794131 -5.748492295754441 -4.5650128130892185 -3.0521997313212545 -3.218381869518804 -5.857849234720305 -8.203593459004253 -8.190965636952768 -7.59720544409192
-8.125553518726074 -8.081608697986905 -7.83258804713161 -7.8179397735518865 -7.622713644635921 -7.366873969872824 -7.204732734731751 -7.263325829050643 -7.397938412119479 -7.516134826521383 -7.62347131395901 -7.821728120167332 -8.017206805524328 -8.226070982255898 -8.405891168269052 -8.61576557076474 -8.822861852409105 -8.883475398256234 -8.742801460602685 -8.489739906690916 -8.415488313028181 -8.133382768397995 -7.605034693763841 -7.1986713801470374 -7.084515868801608 -7.02213442786727 -7.079717296422044 -7.065069022842321 -6.847112814233681 -6.6314296135943085 -6.182131705002454 -5.957609028927042 -5.875528185592385 -6.222288179126178 -5.8990159346081485 -4.472324599231316 -3.227221344954844 -4.615776657736191 -6.0278197195333005 -7.0923451184735296 -7.8649152715834125 -7.4840601585106095 -7.108003617817371
-8.143990138921243 -8.083629149515142 -7.821728120167332 -7.695955012534537 -7.4769885781617775 -7.430265636571281 -7.599225895620157 -7.749496978032835 -7.977050331400604 -8.12858419601843 -8.143990138921243 -8.12757397025431 -8.195764209332333 -8.390232668925211 -8.55616225068173 -8.680167463227317 -8.802404780685698 -8.814022376973064 -8.750630710274606 -8.646072343688306 -8.77386590284934 -8.705675663771318 -8.329619123078079 -7.8588539169987 -7.409808564847875 -7.097143690853094 -6.6314296135943085 -6.444032734350263 -6.344272940143528 -6.416504082278024 -6.172534560243324 -6.238704347793108 -6.2975499985530305 -6.44681085520159 -5.6295382120294475 -3.5464526864163974 -2.8685911986926556 -6.164705310571403 -7.112802190196936 -7.060017894021726 -7.24867755547092 -7.076686619129687 -6.757455277668134
-8.258398206707701 -8.026046280960369 -7.84142752256765 -7.650999966031248 -7.398948637883597 -7.423446612663479 -7.627512217015485 -7.940934760333356 -8.185156838809085 -8.339468824278239 -8.392253120453447 -8.309162051354672 -8.4420067393363 -8.623594820436661 -8.646072343688306 -8.710474236150883 -8.62662549772902 -8.61576557076474 -8.744569355689894 -8.819831175116747 -8.924389541703047 -8.602127522949136 -8.43316726390026 -8.195006540009244 -7.69292433524218 -7.025922774482716 -6.5288916985362455 -6.460448903017195 -6.495554248320325 -6.423323106185826 -6.294519321260674 -6.3861973093544595 -5.887145781879752 -5.4537589290727695 -3.9361472749252404 -2.3228167296274513 -4.121523702641047 -6.756445051904015 -7.000667130379744 -7.047390071970241 -7.035772475682874 -6.796348969586709 -6.490755675940759
-8.30234302744687 -8.088427721894707 -7.93714641371791 -7.7222208824016265 -7.411576459935083 -7.4057676617913994 -7.582557170512197 -7.891181141450502 -8.12934186534152 -8.309162051354672 -8.33744837275 -8.167477887937006 -8.408669289120379 -8.812001925444825 -8.928177888318494 -8.952675863098374 -8.862765770091798 -8.656679714211554 -8.701634760714843 -8.743811686366804 -8.858977423476352 -8.510196978414323 -8.541513977102007 -8.341489275806476 -7.805311951500401 -7.140078285828144 -6.835495217946313 -6.79559130026362 -6.693811054528647 -6.452619653345273 -6.275072475301387 -5.228983696556327 -4.2604297452073885 -3.340366630536154 -1.994745912729858 -3.998528715859579 -5.868709161684583 -6.727148504744568 -6.831706871330868 -6.803167993494511 -6.563997043839375 -6.4644898060736695 -6.469288378453234
-8.357905444473406 -8.214453385968532 -8.115703817525915 -7.84142752256765 -7.483049932746491 -7.393139839739914 -7.567908896932473 -7.744698405653271 -7.98008100869296 -8.298302124390396 -8.36371424261709 -8.131362316869758 -8.350076194801487 -8.775886354377578 -9.14790199201434 -9.175430644086578 -9.142093193870657 -8.942826161898216 -8.877414043671521 -8.797353651865102 -8.706685889535436 -8.484941334311351 -8.5210569053786 -8.59050992666177 -8.061151626263499 -7.498708432090333 -7.189074235387908 -6.8072088965509865 -6.588495018619257 -5.881336983736069 -4.713516000414689 -3.374461750075165 -2.531680906359022 -1.6752620148272745 -3.4898800436257424 -5.485833597083543 -5.954578351634685 -6.310177820604517 -6.622590138158268 -6.439991831293788 -6.250574500521505 -6.285679845824635 -6.294519321260674
-8.356895218709289 -8.307141599826435 -8.231122111076493 -7.888150464158146 -7.431275862335401 -7.339345317800586 -7.439105112007321 -7.615894620728119 -7.933105510661434 -8.27683482690287 -8.499589607891075 -8.331639574606317 -8.422307336935983 -8.604147974477375 -8.99182211145798 -8.95747443547794 -8.924389541703047 -9.144113645398896 -9.154721015922142 -9.016067529796832 -8.658700165739791 -8.48696178583959 -8.366744919909447 -8.507418857562996 -8.24273970736386 -7.679286287426576 -6.98677652612311 -6.487977555089433 -5.982107003706924 -4.902933331186971 -2.8600042796976455 -2.635229047181203 -2.354133728315136 -3.390120249419007 -5.206506173304683 -5.403752753748886 -5.479014573175741 -5.784607866821689 -6.17632290685877 -6.0591367182209845 -6.116719586775758 -6.105101990488392 -6.260424201721664
-8.332649800370437 -8.30234302744687 -8.11974472058239 -7.713381406965587 -7.264336054814762 -7.077696844893806 -7.176446413336423 -7.441883232858649 -7.814151426936441 -8.187177290337324 -8.455644787151904 -8.470293060731628 -8.444027190864539 -8.480900431254877 -8.404880942504933 -8.354117097857962 -8.30133280168275 -8.53873585625068 -8.986770982637385 -9.064053253592476 -8.679157237463198 -8.472313512259866 -8.222282635640454 -8.069991101699538 -7.827789474752046 -7.304239972497456 -6.599102389142505 -6.032870848353895 -5.476994121647502 -4.661741930003598 -3.137311251948267 -4.226082069227348 -5.058255542420243 -5.7477346264313525 -5.322934692619379 -5.051436518512441 -4.900912879658733 -5.3423815385786675 -5.596200761813526 -5.689899201435548 -5.782839971734482 -5.935131505675397 -6.1460161339352055
-8.31219272864703 -8.17328668608069 -7.826779248987926 -7.440873007094529 -7.065069022842321 -6.843324467618235 -6.841304016089998 -7.080727522186162 -7.37066231648827 -7.750507203796954 -8.192986088481007 -8.350076194801487 -8.315981075262474 -8.02402582943213 -7.821728120167332 -7.661607336554496 -7.5951849925636825 -7.765155477376677 -8.139191566541678 -8.530906606578759 -8.472313512259866 -8.26900557723095 -7.879563545163136 -7.583567396276315 -7.187053783859671 -6.675374434333477 -6.329624666563804 -5.921493457859793 -5.645954380696379 -5.767181472390639 -5.946749101962764 -6.568037946895851 -6.553389673316127 -5.969226625214407 -5.2936381454599335 -4.699877952599084 -4.36372532958854 -4.644062979131518 -5.08755208957969 -5.332531837378508 -5.454769154836888 -5.647974832224616 -5.756321545426362
-8.091458399187063 -7.871734295491215 -7.576748372368513 -7.235797176978405 -6.824887847423066 -6.64708811293815 -6.609962316106783 -6.615771114250466 -6.719319255072647 -7.008243823610636 -7.4769885781617775 -7.903808963501988 -8.029834627575813 -7.520175729577859 -7.102194819673688 -6.880450264449602 -6.886259062593286 -7.185033332331432 -7.707572608821903 -8.029834627575813 -8.17328668608069 -7.916689341994504 -7.549472276737305 -7.186043558095552 -6.834484992182196 -6.654917362610071 -6.626631041214743 -6.574856970803653 -6.320785191127765 -6.258403750193426 -6.725128053216331 -6.8872692883574045 -6.616781340014585 -6.088433265380431 -5.423452156149204 -4.734983297902214 -4.395042328276224 -4.68598734834245 -4.821862713616435 -4.678158098670529 -4.892073404222693 -5.086541863815571 -5.152964207806384
-7.8666831666706205 -7.607055145292079 -7.254486353614603 -6.9360126814761385 -6.7203294808367655 -6.583443889798663 -6.519041997336087 -6.457670782165867 -6.425343557714065 -6.478127853889275 -6.826655742510274 -7.287571247389495 -7.314089673697615 -6.874641466305919 -6.552379447552009 -6.35008173828721 -6.444790403673352 -6.926415536717009 -7.568919122696593 -7.727019454781191 -7.73686915598135 -7.511336254141819 -7.271155078722564 -6.98677652612311 -6.809229348079224 -6.880450264449602 -6.986018856800021 -6.9342447863889305 -6.692043159441439 -6.231127654562217 -6.197790204346296 -6.244765702377822 -6.08060401570851 -5.704547475015271 -5.317883563798786 -4.942079579546577 -4.700635621922173 -4.582691763961298 -4.612745980443834 -4.732962846373976 -4.830702189052474 -4.855957833155445 -4.872626558263406
-7.520933398900947 -7.400969089411835 -7.199681605911156 -7.029963677539191 -6.96051065625602 -6.700630078436449 -6.438981605529669 -6.336443690471606 -6.254362847136951 -6.2573935244293075 -6.412715735662578 -6.743817229852529 -6.70845932810837 -6.515253650720641 -6.285679845824635 -6.200820881638652 -6.3043690224608335 -6.672343757041121 -7.153968890084778 -7.33555697118514 -7.355003817144428 -7.2456468781785635 -7.026933000246834 -6.914545383988614 -7.045369620442003 -7.147149866176976 -7.295400497061416 -7.404757436027281 -7.0630485713140825 -6.22910720303398 -5.746724400667233 -5.621708962357527 -5.27015039644417 -4.9057114520382985 -4.695837049542609 -4.7213452500866095 -4.584459659048507 -4.509450396062682 -4.480153848903236 -4.568801159704664 -4.68598734834245 -4.776907667113146 -4.831712414816593
-7.320908697605417 -7.350205244764863 -7.416627588755677 -7.440115337771441 -7.408798339083756 -7.10017436814545 -6.724117827452211 -6.224056074213386 -6.039689872261697 -5.927302256003475 -6.039689872261697 -6.191981406202612 -6.1947595270539395 -6.131367860355482 -6.241735025085465 -6.222288179126178 -6.389227986646816 -6.724117827452211 -6.915555609752732 -7.093355344237648 -7.023902322954478 -7.019103750574914 -6.752404148847539 -6.744574899175618 -6.921364407896416 -7.364853518344587 -7.655798538410813 -7.645191167887565 -6.88247071597784 -6.557178019931573 -5.7164176277436685 -5.282778218495656 -4.635223503695478 -4.204614771739823 -3.8813425272217934 -3.8404283837749804 -4.087428583102037 -4.288716066602716 -3.965443822084687 -3.9528160000332013 -4.242750794335309 -4.530917693550208 -4.5786508609048235
