static/data/ASCData/20210101/ASCU/21.asc
ncols 97
nrows 97
xllcorner 99.0
yllcorner 2.0
cellsize 0.25
NODATA_value -32767
[rows 0 to 18 of 97, columns 43 to 85 of 97]
-0.9209135670621396 -1.5937380529127798 -0.6326982666600522 0.26480369561467976 -0.09274755718925132 -0.042013933480585575 0.3155373193233455 -0.6346309761346682 -1.2079209240425923 -0.5809982882140785 0.6006119668291823 -0.36405164968845005 0.8487235456329909 0.6300857863170739 0.03819350971597224 -0.5643286689955169 -0.8006024022673035 0.2657700503519873 0.7100516408293043 0.4795760359813652 0.5049428478356979 0.3858396264624968 -0.09178120245194332 0.6982137952972822 -0.021478895312792012 -0.8904733928369404 -1.0644172455523662 -0.9745462549827293 -0.9305771144352191 0.3546746861843162 -0.5565978310970534 -1.1658844929696977 -0.132609690103203 0.323268157221809 -1.1023466689917019 -0.25581991910996305 0.418937276215293 0.5373157315355135 0.5957801931426427 -0.7254683214416127 -3.8808581274363023 -5.507716327694188 -5.421710756073782
-0.9784116739319613 -1.123848061896803 -0.7373061669736347 -0.79770333805538 -1.225556897998462 -1.762608543257339 -0.09661297613848285 0.002921561804233086 -0.15121201879638058 -0.05361019032828063 -0.16498257380301817 -1.3398283456851237 -0.4872618786952101 0.3790751433013413 0.47667697176944124 0.21092941900976303 -0.2654834664830421 -0.3133180259797843 0.37400178093047476 0.7267212600478659 0.3585401051335477 -0.23625123567947748 -0.26161804753381057 1.1729355599997984 -0.028243378473947534 -0.19808022355581478 -0.03210879742317907 -0.41116144313221126 -1.3407947004224314 -0.79770333805538 0.4972120099372348 -0.241083009366017 -0.5106959810749272 -0.6885052527395845 -1.2069545693052843 0.24716772165881018 0.5010774288864663 1.0313645909841878 0.6163152313104359 -1.5613651692129644 -4.654183505966966 -5.619088711168926 -5.778295654140406
-0.8740453623027054 -0.463827776315493 -0.8544766788722202 -1.5234357457736285 -2.207856488471964 -1.9892187291560466 0.19546774321283644 0.41410550252875344 -0.12487885220473949 -0.6670038598344834 -0.4548889949953949 -1.163951783495082 -0.26161804753381057 -0.05940831875212815 -0.09081484771463533 -0.23238581673024594 -0.2918166330746832 -0.45392264025808693 0.46797977913367017 0.7305866789970974 0.3604728146081637 -0.21281713329976037 -0.14541389037253305 1.2306752555539466 0.1104285263297391 0.06452667630761288 0.6866175384495872 0.36820365250662723 -1.113218159786416 -0.6082978095430271 0.5791105739240812 -0.3055871880813208 -0.5193931737106983 -0.06327373770135969 0.1495658931907098 0.3302742290672911 0.4503438051778006 0.3399377764403706 -1.3308895643650254 -3.6825138176038514 -5.359380875517422 -5.724421377535489 -5.9442670802730415
-1.0310780071152426 0.10463039790589157 -0.34061754730873295 -1.5135306097162224 -1.9090112859594892 -0.3739567857458561 0.1582630858264813 -0.3826539783816276 -1.227489607473078 -1.4842983789126578 0.2529658500826577 -0.26258440227111857 -0.0857414853437688 0.8320539264144298 0.6622170813325621 -0.1942148046065828 -0.7588075598787358 -0.8875743286250164 0.5059092025730059 0.7687576911207605 0.6718806287056416 0.2051312905859155 -0.355354457052679 0.45420922412703213 0.323268157221809 0.23339716665217214 0.6718806287056416 0.07926358605155892 -1.0984812500424703 -0.7402052311855583 -0.16691528327763416 -0.6679702145717914 0.09472526184848551 0.7392838716328689 0.8310875716771218 0.5626825433898461 0.17203364083311934 -1.971582755200177 -3.5759732078156534 -4.800586248669116 -5.7186232491116415 -5.9099614870986095 -6.194311368551466
-1.1033130237290099 -0.06544803586030268 0.5264442407407994 -0.5399282118784918 -1.4120633622988907 -0.27031524016958164 0.1200920737028186 -1.0907504121440068 -1.88654353831708 -0.8994121741570384 0.48247510019328876 -0.3739567857458561 -1.1893185953494148 0.21793549085524555 1.5058447670023778 0.6779203458138161 -1.3407947004224314 -1.1786886932390277 -0.05167748085366464 0.45807464307626367 0.4073410193675979 0.5576091810189796 0.02635566418395019 -0.0857414853437688 0.5361077881138785 0.4648391262374192 0.36627094303201124 -0.2205479711982239 -1.2098536335172083 -0.9697144812961898 -0.13067698062858701 -0.2683825306949661 0.42086998568990897 0.7735894648073005 1.0030987149179316 0.19256867900091246 -0.9706808360334978 -3.2411312913384585 -4.752751689172374 -5.9080287776239935 -5.9266311063171715 -6.300610389655337 -6.880664820724417
-1.3407947004224314 -1.2001900861441288 -0.6063651000684116 -0.3075198975559368 -1.5154633191908382 -1.0008794215743704 -0.09274755718925132 -1.148248519013828 -1.3895956146564816 -0.3993235976001892 0.0956916165857935 -0.353421747578063 -1.1873858858747992 -0.2978563501828577 0.9922272241232175 0.6143825218358199 -1.3378956362105077 -1.0907504121440068 -0.7138720645939176 -0.13067698062858701 0.7392838716328689 0.889793621968578 0.31940273827257704 -0.12294614273012394 0.3322069385419071 0.40540830989298193 0.306840126687574 -0.10531016877425436 -1.0849522837201593 -1.2419849285326965 0.4943129457253108 0.36820365250662723 -0.017371887679233478 0.3360723574911386 -0.24591478305255698 -1.7215384669217524 -2.9814234556869548 -4.571076998558485 -6.085838049288652 -6.1532412922158795 -6.203008561187238 -6.744167214079673 -7.644326651882001
-1.6826426887451087 -1.7430398598268537 -0.31718344492901585 0.17106728609581134 -1.4598979217956327 -0.7636393335652754 0.02249024523471821 -0.8914397475742479 -1.2040555050933608 -0.9013448836316544 -0.577132869264847 0.5723460907629256 0.418937276215293 0.47667697176944124 -0.5331637287173363 -0.9588429905014757 -0.9325098239098346 -0.9100420762674255 -0.7909388548942244 -0.2654834664830421 0.642648397902077 0.9571968648958054 0.41990363095260097 0.28026537141160635 0.03915986445327979 0.21600278138062956 0.16309485951302083 -0.242049364103325 -1.053545754757652 -1.447093721526303 0.5636488981271541 0.9219249169840662 0.48440780966790475 -1.0634508908150582 -2.033187869703557 -4.40027379873931 -5.0165665324574364 -6.101541313769905 -6.102507668507213 -6.099608604295289 -6.428652392348637 -6.869068563876722 -7.515559883135721
-1.1982573766695133 -1.7333763124537744 -0.3826539783816276 0.6339512052663054 -0.5184268189733907 -0.2031535859266813 -0.00287656661961444 -0.8885406833623244 -0.9392743070709901 -0.5819646429513865 -0.6034660358564876 0.8134515977212518 1.0166276812402426 0.3604728146081637 -0.7713701714637389 -1.334754983314257 -1.0136836218437 -0.9627084094507072 -0.576166514527539 2.2497592309100867e-05 0.05486312893453382 0.1729999955704269 0.4943129457253108 1.0137286170283186 0.3409041311776786 0.09883226948204404 0.019591181022794668 -0.1550774377456121 -0.8924061023115559 -0.9970140026251384 0.3380050669657546 0.9453590193637833 -0.3466572644169075 -2.064352809981737 -3.985224439065558 -5.987269866083244 -5.996933413456323 -6.094535241924422 -6.118935699041447 -6.094535241924422 -6.398453806807764 -6.45401920420297 -5.773463880453866
-0.8837089096757849 -1.8563449527762075 -0.7684711072518153 0.4240106385861595 -0.22151432593553189 -0.9687481265588818 -0.14927930932176459 0.13676169292138018 -0.07317887375876575 -0.5476590497769553 -0.9344425333844506 -0.685364599843334 0.5733124455002336 0.33510600275383107 -0.2978563501828577 -0.9305771144352191 -1.0769798571373692 -1.003778485786294 -0.022445250050100007 -0.07221251902145776 -0.3055871880813208 -0.26934888543227364 0.432707831221931 1.1835654621101854 0.8223903790413498 0.42086998568990897 0.05486312893453382 -0.042013933480585575 0.1357953381840722 0.3322069385419071 0.7482226529529674 -0.4490908665715474 -2.398228371721624 -4.375873341622285 -6.021333870573348 -6.355451020997561 -6.309549170975435 -6.2411795733109 -6.054673109010471 -5.967701182652759 -5.881695611032353 -5.739158287279435 -4.09466411306568
-1.2146854072037478 -0.48436281448328655 0.1797644787315824 0.10366404316858358 -0.5967015526953321 -1.025279878691395 -0.40318901654942074 -0.29592364070824173 -0.4208249905052903 -0.7235356119669967 -1.117083578735648 -1.2207251243119224 -0.4169595715560588 -0.34858997389152346 -0.5007908450175211 -0.699135154849972 -0.7841743717330689 -0.37202407627124057 0.11912571896551061 -0.22248068067283988 -0.6131295832295667 -0.7607402693533518 -0.5292983097681048 0.323268157221809 1.1719692052624904 0.8086198240347127 0.39067140014903634 0.30176676431670746 0.4044419551556744 0.2275990382283246 -0.7527678427705613 -3.0536584723007216 -5.100397805918899 -6.251809475421287 -6.558385515832224 -6.509584601598175 -6.567324297152323 -6.199143142238006 -5.843766187593017 -5.571254151672184 -5.2576720394157626 -4.837790906055472 -2.1853887408295547
0.015725762073562688 -0.16884799275225015 -0.43459554551192836 -0.9540112168149362 -1.0615181813404422 -1.1054873218879528 -1.0487139810711121 -1.2547891288020265 -1.5459034934160378 -1.445161012051687 -0.5935608997990816 -0.7158047740685336 -0.5896954808498496 -0.6619304974636169 -0.5967015526953321 -0.4696259047393405 -0.5350964381919523 -0.907143012055502 -0.48146375027136257 -0.4959590713309816 -0.8397397691282742 -1.025279878691395 -0.6670038598344834 -0.27635495727775616 0.87602306696194 0.9308636983041643 0.7784212384938396 0.42884241227269904 -0.3749231404831641 -3.0340897888702365 -4.651284441755043 -5.982438092396704 -6.45885097788951 -6.801665320949494 -6.87003491861403 -6.921734897060004 -6.5839939163708845 -6.078107211390188 -5.637691039862103 -5.130837980144099 -4.6024835275209925 -4.250005637087928 -1.3504582477955107
-0.18841667618273528 -1.3064891072480003 -2.1249915697478095 -2.3269597098451653 -2.044784126551252 -1.9198827767542033 -1.4178614907227383 -1.5388974215705553 -1.7821772266878244 -1.677569326374242 -1.1972910219322053 -1.2451255814289475 -0.7010678643245876 -0.8622075167706833 -0.8651065809826073 -0.7322328046027682 -0.6670038598344834 -1.248024645640871 -0.7986696927926875 -0.5106959810749272 -0.7800673640995104 -0.5691604426820565 0.2051312905859155 -0.14927930932176459 0.2041649358486075 0.6808194100257396 0.25779762376919724 -0.685364599843334 -3.3505709653385805 -5.764525099133768 -6.6180579208609895 -6.769534025934005 -7.07804277581956 -7.033107280534741 -7.051709609227919 -6.755763470927368 -6.322111782560438 -5.9080287776239935 -5.428716827919265 -4.85156146106211 -4.025328160663837 -3.3769041319302215 -0.5585305405716694
-0.809541183587402 -1.4765675410141945 -2.254724693231398 -2.2245261076905254 -2.142385955019352 -2.22259339821591 -1.8213145935487953 -1.7196057574471366 -1.8720482172574613 -1.8309781409218746 -1.5886646905419133 -1.420760554934662 -0.917772914165889 -0.9784116739319613 -1.015616331318316 -1.136652262166133 -1.2830550048682832 -1.6551015787318328 -0.9902495194639829 -0.4862955239579021 -0.36405164968845005 -0.134783988262146 0.1582630858264813 -0.04080599005895058 -0.16788163801494216 -0.7196701930177651 -1.4226932644092778 -3.7576478984295423 -6.133672608785394 -7.0282755068482015 -7.2626165306453725 -7.371089849908187 -7.225411873259018 -7.152210501907943 -6.866169499664798 -6.506685537386251 -6.1445440995801075 -5.654119070396337 -5.155238437261124 -4.463811622717306 -3.676715689180004 -2.5535698957438724 -0.4159932168187508
-1.4168951359854303 -1.040016788435341 -1.14728216427652 -1.2441592266916395 -1.8476477601404362 -2.1708934197699357 -1.8846108288424641 -1.286920423817515 -1.2782232311817436 -1.7742048001050341 -1.4765675410141945 -1.2400522190580805 -1.0204481050048555 -1.1716826213935452 -0.9238126312740635 -1.3886292599191736 -2.8007151198103735 -2.1346551171208885 -1.152355526647387 -0.45899600262895346 -1.250923709852795 -1.7304772482418507 -1.6679057790011629 -1.5478362028906536 -2.1073555957919403 -3.00582391280398 -5.068266510903411 -6.560559813991167 -7.270347368543836 -7.596492092385259 -7.7158369024427875 -7.616060775815745 -7.295714180398169 -7.036006344746665 -6.796833547262954 -6.398453806807764 -5.950065208696889 -5.370010777627809 -4.719654039419578 -4.004793122496043 -3.418940563003116 -2.257623757443322 -0.5097296263376192
-1.053545754757652 -0.16788163801494216 -0.5087632716003112 -0.5341300834546443 -1.2567218382766423 -1.702936138228575 -1.335962926735892 -0.6786001166821785 -0.5967015526953321 -1.1912513048240307 -0.9658490623469582 -0.8622075167706833 -0.9482130883910886 -0.8670392904572233 -0.9578766357641677 -1.7333763124537744 -3.547707331749397 -2.3044919622027558 -1.1054873218879528 -2.401369024617875 -3.468707831974474 -4.072196365423271 -4.244932274717062 -4.067364591736731 -4.8290937134197005 -6.211705753823008 -6.777264863832469 -7.642393942407385 -7.758598099568663 -7.88760645699927 -7.9267438238602415 -7.656164497414023 -7.295714180398169 -7.003875049731176 -6.727497594861111 -6.300610389655337 -5.58188405378257 -4.946264225318286 -4.28986777000188 -3.71464511261934 -3.372072358243682 -2.3474947480129584 -0.7235356119669967
-0.5017571997548291 -0.15314472827099612 -0.5331637287173363 -0.25678627384727104 -0.7791010093622024 -1.2088872787799003 -0.9139074952166575 -0.27732131201506416 -0.13768305247406953 -0.6404291045585158 -0.5652950237328249 -0.8416724786028902 -0.8904733928369404 -1.5173960286654542 -1.6884408171689562 -2.5028362720352066 -3.5858783438730595 -2.5146741175672287 -2.931656186715597 -4.229470598920135 -5.2547729752038395 -5.741090996754051 -6.1414034466838565 -6.299644034918029 -7.013538597104256 -7.362151068588089 -7.864172354619553 -8.010575097321704 -7.991006413891218 -8.008642387847088 -7.850401799612916 -7.605430873705358 -7.2812188593385505 -6.994936268411078 -6.525287866079429 -6.068202075332782 -5.2733753038970175 -4.567211579609253 -3.9129894224517905 -3.4873101606676515 -3.1961957960536402 -2.4206961193640333 -1.1453494548019045
-0.9892831647266753 -0.8143729572739415 -0.6230347192869732 -0.16594892854032617 -0.8192047309604811 -1.3417610551597394 -1.037117724223417 -0.3845866878562436 -0.2050862954012973 -0.7148384193312256 -0.9793780286692688 -1.2185508261529794 -1.652202514519909 -2.4081335077790307 -3.47064054144909 -4.327072427388235 -4.415010708483256 -4.3720079226730535 -4.887558175026829 -5.550719113504391 -6.269445449377157 -6.6180579208609895 -7.0623395113383065 -7.416991699930313 -7.726466804553175 -7.9441382091317845 -8.05164517365729 -8.212784826103386 -8.097547023679416 -7.945104563869092 -7.79483640221771 -7.4940584902306195 -7.151244147170635 -6.728463949598419 -6.229341727778878 -5.7060606375266385 -4.994098784815027 -4.301705615533902 -4.000927703546812 -3.6503825225883633 -3.1659972105127676 -2.4579007767503884 -1.7382080861403142
-1.51932873814007 -1.1844868216628752 -0.9276780502232951 -0.68729730931795 -1.1023466689917019 -1.6698384884757786 -1.9061122217475654 -1.370026931225996 -1.0682826645015977 -1.3671278670140723 -2.1054228863173243 -2.7920179271746024 -3.4960073533034226 -4.100462241489527 -4.8075923205145985 -5.049664182210233 -4.985160003494929 -5.408181789751472 -5.9275974610544795 -6.3846832518011265 -6.725564885386495 -7.113073135046972 -7.410951982822138 -7.769469590363378 -7.986174640204679 -8.111317578686055 -8.187418014249054 -8.14441522843885 -7.988107349679295 -7.844603671189068 -7.594559382910644 -7.2722800780184516 -6.881631175461725 -6.44121500393364 -5.897398875513607 -5.172874411216993 -4.684382091507839 -4.398341089264694 -4.242999565242446 -4.071230010685963 -3.5370774296390093 -2.9686192554176247 -2.7461160771524757
-2.4257694817349 -1.6316674763521157 -1.1864195311374912 -1.0204481050048555 -1.261553611963182 -1.9041795122729495 -3.2068256981640273 -4.282136932103416 -4.203137432328494 -3.7820483555465674 -4.012523960394507 -4.53701299406838 -4.995065139552335 -5.204039351495173 -5.23230522756143 -5.332806120241454 -5.587682182206418 -5.919866623156016 -6.3709126967944885 -6.774365799620545 -7.0604068018636905 -7.295714180398169 -7.561461733157847 -7.962740537824962 -8.09174889525557 -8.142482518964234 -8.118082061847211 -8.001877904685934 -7.945104563869092 -7.678632245056432 -7.326154354623369 -7.002908694993868 -6.580853263474634 -6.057572173222395 -5.588890125628053 -5.0300954987797475 -4.744054496536603 -4.638480241485713 -4.678583963083991 -4.629783048849942 -4.323207008439003 -4.102394950964143 -4.165932774942139
