static/data/pressure/2023/7/9/18.asc
ncols 137
nrows 93
xllcorner 108.0
yllcorner 17.0
cellsize 0.25
NODATA_value -32767
[rows 57 to 75 of 93, columns 0 to 42 of 137]
100.75121411159263 100.75328964987106 100.72748078258283 100.6992354138373 100.69598674522761 100.70320600880473 100.69174542787604 100.7630356557002 100.85598367425573 100.89171902896251 100.83721358895518 100.7477849613935 100.72702957860926 100.74552894152565 100.73749751079609 100.73172209993439 100.72278826125769 100.68470664588834 100.67974340217907 100.70654491820916 100.73479028695466 100.79425897067128 100.86329317862757 100.92402523347016 100.89623106869823 100.79101030206157 100.70401817595716 100.68678218416676 100.70672539979859 100.74598014549923 100.74498749675737 100.73803895556438 100.78171550020602 100.80923894259382 100.8270163791525 100.85571295187158 100.88603385889552 100.85598367425573 100.8737611108144 100.87728050180826 100.87854387293426 100.9127451341309 100.92853727320588
100.77052564166146 100.8027416053744 100.84524501968475 100.8257530080265 100.78270814894786 100.74850688775122 100.72197609410527 100.79850028802284 100.82773830551021 100.8034635317321 100.76926227053546 100.82773830551021 100.86500775372714 100.84849368829445 100.7579821711962 100.7407461794058 100.74525821914152 100.74002425304809 100.77251093914516 100.79128102444571 100.82277506180093 100.8819730231334 100.94324652274427 100.93223714578916 100.89776516220836 100.80373425411625 100.74498749675737 100.72278826125769 100.73623413967009 100.77296214311875 100.76204300695834 100.76854034417775 100.81275833358767 100.82078976431721 100.83396492034548 100.90074310843393 100.94622446896985 100.8832363942594 100.85002778180458 100.86103715875971 100.88251446790169 100.89947973730793 100.87321966604613
100.76727697305175 100.78451296484214 100.83874768246532 100.84723031716847 100.80247088299025 100.74625086788338 100.74300219927366 100.79922221438053 100.75572615132835 100.74029497543223 100.80671220034182 100.89271167770437 100.90597707452734 100.83378443875604 100.79254439557171 100.87601713068226 100.90354057307006 100.8750244819404 100.85670560061344 100.85102043054644 100.8507497081623 100.89325312247266 100.88603385889552 100.87800242816597 100.89875781095022 100.81754109570751 100.76321613728962 100.74850688775122 100.7637575820579 100.82503108166878 100.83847696008118 100.83197962286178 100.83522829147148 100.84695959478432 100.86627112485314 100.92727390207988 100.97401863374178 100.92925919956359 100.89650179108237 100.88377783902769 100.89821636618194 100.8244896369005 100.79046885729328
100.75446278020235 100.74796544298295 100.7802716474906 100.78875428219371 100.75726024483849 100.71304225542858 100.75328964987106 100.79471017464485 100.76321613728962 100.74101690178995 100.8052683476264 100.88648506286908 100.91247441174676 100.84100370233318 100.85977378763371 100.94053929890285 100.95398517731525 100.91373778287276 100.88296567187525 100.94071978049227 100.94450989387028 100.85724704538173 100.84253779584333 100.83901840484947 100.89550914234052 100.8404622575649 100.81853374444937 100.80328305014268 100.80923894259382 100.86049571399143 100.89424577121451 100.87520496352982 100.86897834869455 100.85778849015001 100.87700977942411 100.92023512009217 100.97474056009949 100.93404196168343 100.89126782498894 100.87971700326554 100.85878113889186 100.78649826232585 100.73903160430623
100.73524149092823 100.70528154708316 100.73154161834496 100.7369560660278 100.70528154708316 100.69851348747959 100.73921208589566 100.77729370126502 100.81248761120352 100.79028837570385 100.77025491927732 100.83847696008118 100.9140085052569 100.86979051584699 100.88946300909465 100.92095704644989 100.93449316565702 100.90200647955992 100.88928252750523 100.9779892287092 101.00776869096487 100.92023512009217 100.862210289091 100.85652511902401 100.91572308035647 100.90245768353348 100.88621434048495 100.86248101147514 100.86852714472099 100.86572968008485 100.8992090149238 100.8884703603528 100.8705124422047 100.85923234286544 100.85553247028216 100.89397504883037 100.96553599903866 100.89325312247266 100.84226707345918 100.81375098232952 100.79272487716113 100.75698952245435 100.7164714056277
100.73172209993439 100.69670867158533 100.70726684456687 100.7152080345017 100.71574947926999 100.71475683052813 100.70726684456687 100.73479028695466 100.79227367318757 100.82999432537807 100.80752436749425 100.81898494842294 100.89577986472466 100.86401510498528 100.89027517624709 100.91897174896617 100.96300925678666 100.94252459638656 100.92546908618559 100.94099050287642 100.96995779797965 100.94550254261213 100.89397504883037 100.89821636618194 100.9337712392993 100.93575653678299 100.94171242923413 100.91445970923047 100.87520496352982 100.85553247028216 100.88179254154397 100.88901180512109 100.87177581333069 100.863473660217 100.85823969412358 100.88449976538539 100.95795577228267 100.864737031343 100.78974693093556 100.76050891344819 100.7407461794058 100.71845670311141 100.71547875688584
100.75978698709048 100.7304587288084 100.73578293569652 100.74498749675737 100.74922881410892 100.7325342670868 100.69246735423376 100.7164714056277 100.82846023186792 100.88052917041797 100.863473660217 100.85851041650773 100.87123436856241 100.85300572803015 100.89171902896251 100.9165352475089 100.96923587162193 101.00497122632872 100.97320646658936 100.91427922764105 100.88576313651137 100.87854387293426 100.88747771161094 100.90002118207622 100.92176921360232 100.93476388804115 100.93846376062442 100.90850381677934 100.8692490710787 100.85273500564601 100.87024171982056 100.87276846207254 100.87700977942411 100.87249773968841 100.87899507690783 100.90498442578549 100.94378796751256 100.87150509094656 100.8034635317321 100.76420878603147 100.73596341728594 100.72621741145683 100.74002425304809
100.75951626470633 100.76402830444205 100.77124756801918 100.77702297888088 100.77323286550288 100.75374085384463 100.7087106972823 100.76953299291961 100.88350711664354 100.90624779691149 100.87448303717211 100.84948633703631 100.87421231478798 100.88422904300124 100.87249773968841 100.85878113889186 100.864737031343 100.90525514816963 100.9575045683091 100.93350051691516 100.89550914234052 100.88350711664354 100.89379456724095 100.91924247135032 100.95777529069325 100.95254132459982 100.9242057150596 100.90047238604978 100.89677251346652 100.89045565783651 100.87872435452368 100.87520496352982 100.89496769757223 100.90895502075291 100.92122776883403 100.91473043161461 100.90173575717577 100.84524501968475 100.8097803873621 100.77404503265531 100.75726024483849 100.7579821711962 100.77097684563503
100.73479028695466 100.7657428795416 100.76150156219005 100.74128762417409 100.7260369298674 100.72621741145683 100.72576620748326 100.81627772458151 100.87448303717211 100.85751776776587 100.81275833358767 100.8040049765004 100.84145490630675 100.86076643637557 100.8487644106786 100.84001105359133 100.84253779584333 100.85878113889186 100.90227720194406 100.9057063521432 100.88549241412724 100.88152181915983 100.90227720194406 100.93729063029313 100.96174588566066 100.91897174896617 100.8922604737308 100.89848708856609 100.92799582843759 100.95272180618925 100.94496109784384 100.93025184830545 100.91897174896617 100.91075983664719 100.89776516220836 100.86997099743641 100.83026504776221 100.80797557146782 100.78676898471 100.77476695901302 100.77521816298659 100.784242242458 100.79227367318757
100.72648813384097 100.7637575820579 100.76971347450903 100.74300219927366 100.72170537172113 100.7382194371538 100.76321613728962 100.80373425411625 100.79552234179728 100.7815350186166 100.78000092510645 100.7969661945127 100.81077303610395 100.80301232775854 100.8199775971648 100.87448303717211 100.90678924167977 100.8947872159828 100.87700977942411 100.85697632299758 100.8507497081623 100.85625439663987 100.87475375955626 100.89722371744008 100.91626452512476 100.89975045969207 100.87800242816597 100.8897337314788 100.9242057150596 100.9632799791708 100.9754624864572 100.9484804888377 100.88747771161094 100.85751776776587 100.8404622575649 100.82376771054278 100.81176568484581 100.81853374444937 100.80599027398411 100.8047269028581 100.80725364511011 100.80725364511011 100.8110437584881
100.69075277913419 100.73226354470268 100.77548888537073 100.76050891344819 100.75220676033449 100.77097684563503 100.77521816298659 100.7662843243099 100.77449623662888 100.78947620855142 100.796244268155 100.80445618047396 100.82223361703265 100.82024831954894 100.82376771054278 100.86103715875971 100.87673905703997 100.86699305121086 100.86374438260114 100.8417256286909 100.83703310736576 100.84921561465218 100.866000402469 100.8692490710787 100.88702650763737 100.88928252750523 100.88774843399509 100.9069697232692 100.94099050287642 100.96228733042895 100.95903866181924 100.95723384592496 100.90453322181192 100.86699305121086 100.84750103955261 100.83450636511375 100.82674565676835 100.82927239902035 100.82421891451635 100.82196289464851 100.82151169067494 100.82078976431721 100.82421891451635
100.67324606495964 100.70104022973159 100.74047545702166 100.75698952245435 100.75446278020235 100.7715182904033 100.77052564166146 100.77196949437689 100.82078976431721 100.83847696008118 100.84849368829445 100.84695959478432 100.85724704538173 100.8520130792883 100.85002778180458 100.85246428326187 100.86446630895885 100.85553247028216 100.85697632299758 100.84145490630675 100.83225034524592 100.84353044458518 100.85300572803015 100.85724704538173 100.87773170578183 100.8935238448568 100.89271167770437 100.91599380274062 100.94820976645356 100.92474715982787 100.90751116803749 100.9127451341309 100.90552587055377 100.87078316458884 100.8589616204813 100.84695959478432 100.84479381571118 100.84127442471733 100.83847696008118 100.83576973623975 100.83423564272962 100.8360404586239 100.8360404586239
100.67820930866893 100.69670867158533 100.72170537172113 100.7394828082798 100.74922881410892 100.77052564166146 100.78270814894786 100.80102703027482 100.83901840484947 100.863473660217 100.88928252750523 100.89153854737309 100.90227720194406 100.89298240008851 100.86870762631041 100.86627112485314 100.88603385889552 100.86500775372714 100.86004451001786 100.8507497081623 100.84452309332704 100.84325972220104 100.84723031716847 100.8532764504143 100.87971700326554 100.89523841995637 100.8935238448568 100.90354057307006 100.90751116803749 100.89424577121451 100.88224374551754 100.88576313651137 100.87827315055011 100.87078316458884 100.86572968008485 100.86103715875971 100.85923234286544 100.85345693200372 100.85147163452001 100.84975705942045 100.8455157420689 100.85047898577815 100.84650839081075
100.70022806257916 100.71349345940214 100.72278826125769 100.74426557039966 100.75328964987106 100.77548888537073 100.80445618047396 100.82322626577451 100.83928912723361 100.85273500564601 100.88648506286908 100.90796237201106 100.9587679394351 100.94126122526056 100.90796237201106 100.8980358845925 100.91824982260846 100.8852216917431 100.8679856999527 100.86500775372714 100.85878113889186 100.84948633703631 100.85228380167244 100.85823969412358 100.88052917041797 100.89198975134666 100.88720698922681 100.88052917041797 100.88720698922681 100.88449976538539 100.88549241412724 100.88603385889552 100.88251446790169 100.87998772564968 100.87827315055011 100.87249773968841 100.8705124422047 100.86374438260114 100.86175908511743 100.85878113889186 100.85598367425573 100.86121764034915 100.85851041650773
100.73127089596083 100.72576620748326 100.73072945119254 100.74525821914152 100.75698952245435 100.78054236987474 100.80797557146782 100.8270163791525 100.83378443875604 100.84226707345918 100.86771497756855 100.88648506286908 100.95145843506326 100.98250126844492 100.95272180618925 100.91003791028947 100.92095704644989 100.88747771161094 100.87276846207254 100.87123436856241 100.86753449597913 100.85796897173944 100.85950306524958 100.86374438260114 100.88025844803383 100.88296567187525 100.87800242816597 100.88052917041797 100.88603385889552 100.89198975134666 100.89325312247266 100.8947872159828 100.89451649359866 100.89198975134666 100.89000445386294 100.8819730231334 100.88025844803383 100.87421231478798 100.87249773968841 100.87123436856241 100.8692490710787 100.8705124422047 100.87195629492012
100.7630356557002 100.75274820510278 100.72296874284713 100.72621741145683 100.74498749675737 100.76023819106405 100.78252766735844 100.79877101040698 100.81122424007752 100.82846023186792 100.83748431133932 100.84398164855875 100.89271167770437 100.92601053095387 100.91626452512476 100.87700977942411 100.89027517624709 100.88350711664354 100.87249773968841 100.87177581333069 100.86726377359498 100.85823969412358 100.86004451001786 100.86248101147514 100.8705124422047 100.87321966604613 100.87872435452368 100.8852216917431 100.89298240008851 100.89975045969207 100.8980358845925 100.90245768353348 100.90227720194406 100.89975045969207 100.89848708856609 100.8922604737308 100.8897337314788 100.88422904300124 100.8807096520074 100.87971700326554 100.87998772564968 100.87700977942411 100.88251446790169
100.78947620855142 100.7497702588772 100.7164714056277 100.71223008827614 100.73352691582866 100.7445362927838 100.7579821711962 100.77296214311875 100.7874909110677 100.80201967901668 100.81248761120352 100.82521156325821 100.86500775372714 100.89253119611494 100.88774843399509 100.85923234286544 100.86329317862757 100.86897834869455 100.86699305121086 100.866000402469 100.864737031343 100.85878113889186 100.86121764034915 100.86428582736943 100.87096364617827 100.87601713068226 100.88350711664354 100.89253119611494 100.89902853333436 100.90778189042163 100.9114817630049 100.91626452512476 100.91626452512476 100.91346706048861 100.91048911426306 100.90453322181192 100.89749443982423 100.8947872159828 100.89072638022066 100.88901180512109 100.8897337314788 100.88774843399509 100.8897337314788
100.73551221331238 100.71250081066029 100.70898141966644 100.70925214205057 100.72323946523126 100.73424884218637 100.74625086788338 100.76096011742177 100.77774490523859 100.79353704431357 100.8040049765004 100.81375098232952 100.83197962286178 100.8532764504143 100.862210289091 100.85147163452001 100.84750103955261 100.85625439663987 100.85796897173944 100.86121764034915 100.864737031343 100.86726377359498 100.87276846207254 100.87321966604613 100.87854387293426 100.88422904300124 100.89198975134666 100.90047238604978 100.90796237201106 100.91572308035647 100.92095704644989 100.92321306631774 100.92348378870189 100.92023512009217 100.91373778287276 100.91075983664719 100.90498442578549 100.90173575717577 100.89848708856609 100.89523841995637 100.89379456724095 100.8947872159828 100.89298240008851
100.711959365892 100.70952286443472 100.71403490417043 100.71448610814399 100.7247735587414 100.73776823318023 100.74724351662522 100.76150156219005 100.7802716474906 100.79200295080342 100.79651499053912 100.80698292272596 100.81402170471367 100.82521156325821 100.83423564272962 100.83946960882304 100.84723031716847 100.85598367425573 100.86121764034915 100.86825642233684 100.87349038843026 100.87574640829811 100.87773170578183 100.88025844803383 100.88702650763737 100.8947872159828 100.90354057307006 100.91202320777319 100.92122776883403 100.92573980856973 100.93151521943145 100.93052257068959 100.92952992194773 100.92646173492744 100.92050584247632 100.9165352475089 100.9114817630049 100.9057063521432 100.90354057307006 100.90146503479163 100.89902853333436 100.89875781095022 100.89875781095022
