static/data/seaWind_uo/2023/7/14/0.asc
ncols 137
nrows 93
xllcorner 108.0
yllcorner 17.0
cellsize 0.25
NODATA_value -32767
[rows 57 to 75 of 93, columns 43 to 85 of 137]
-0.5032390483708169 -0.7234684374841294 -0.7939418420003892 -0.8115601931294543 -0.76110764216895 0.08937821687955072 0.42813105904293636 1.1905251624461122 2.129903611282168 2.3709546880934664 1.9385042512891437 0.3864876836469646 -2.0312305917460893 -2.8801147825101294 -2.483701882106167 -1.9183129776916275 -1.5507301064079533 -1.690876081298243 -2.1097123376846514 -2.2602691564239343 -2.4316476628612027 -2.6678937348191196 -3.079522483925456 -3.4855453940361807 -3.7874598656569765 -4.0613451422997136 -4.320815404382307 -4.54184562763785 -4.754066675328859 -4.902220991641451 -5.104832029625699 -5.266600526356205 -5.4139540085265665 -5.538884134714482 -5.614162544084123 -5.682233446173692 -5.789545221232542 -5.892852825580242 -5.981745415367797 -6.041007141892834 -6.033799634612762 -5.897657830433623 -5.864823630602183
-0.6746175548080855 -0.8748260903656422 -0.828377710116289 -0.7234684374841294 -0.16608787449189188 0.6227337556048815 1.059188363120355 2.0153843289432456 2.957165280205992 3.7916344564098883 3.8404853390859315 2.6055990917669223 -0.8195685345517565 -1.967163860367671 -2.100903162120119 -1.6220043450664434 -1.4442191654913332 -1.619601842639753 -2.03443392831501 -2.3771909411895473 -2.6150386814319244 -2.9794182161466773 -3.3862419603996328 -3.877954123728992 -4.176665258780867 -4.455355540276985 -4.665174085541304 -4.868585957667782 -5.067192824940879 -5.206537965688938 -5.394733989113041 -5.549294978563474 -5.696648460733837 -5.814371079641679 -5.883242815873479 -5.95932205938535 -6.007372107919164 -6.059426327164129 -6.106675541555712 -6.148318916951684 -6.071438839297582 -6.019384620052618 -6.102671370844561
-0.721866769199669 -0.33426304436023946 -0.21413792302570522 0.1982916602228615 0.6315429311694141 0.8405606422915031 1.2978369375049623 2.1323061137088586 2.961970285059373 3.7996427978321905 4.059113059914784 2.934741924223546 -0.1740962159141941 -1.474650862896082 -1.6684527253157966 -1.5259042479988163 -1.3713432585483827 -1.506684228585291 -1.8966904558514113 -2.3003108635354454 -2.8208530559850926 -3.2228717953846666 -3.6561230663312188 -4.135021883384894 -4.415313833165474 -4.736448324199795 -4.944665201179653 -5.111238702763541 -5.300235560329874 -5.493236588607359 -5.678229275462542 -5.829586928344054 -5.963326230096502 -6.076243844150964 -6.115484717120244 -6.1555264242317556 -6.173945609503051 -6.149920585236145 -6.174746443645281 -6.120289721973626 -6.049015483315136 -6.106675541555712 -6.2588340285794555
-0.06278027014419241 0.33763680097092097 0.8830048518297051 1.2954344350782718 1.0583875289781246 0.9166398858033746 1.186520991734961 1.4131570539861151 2.2548337374700833 2.8474510027204505 2.921928577947862 1.833594978656984 0.03171815863897409 -1.2159814349557188 -1.7141002714229197 -1.594775984230616 -1.3465174001392457 -1.3521232391348572 -1.8334245586152234 -2.3147258780955897 -2.8400730753986183 -3.405461979813158 -3.8539290994620847 -4.29438787768871 -4.638746558847707 -4.937457693899582 -5.100827858914547 -5.2657996922139745 -5.520464949443186 -5.770325201819017 -5.964927898380962 -6.102671370844561 -6.232406501885858 -6.298875735690967 -6.341319945229168 -6.3309091013801755 -6.2764523797085205 -6.235609838454779 -6.145916414524994 -6.089057190426647 -6.117086385404705 -6.214788150756792 -6.359739130500464
0.9855116220351743 1.5028504779159007 2.049019362916915 1.7447023888694289 1.3731153468746036 0.9694949391905694 0.737253037943804 0.8149339497401358 1.4187628929817269 2.0121809923743244 1.4155595564128056 0.4009026982071089 -0.5689074480336955 -1.1126738306080195 -1.6123943353596808 -1.698083588578315 -1.4522275069136354 -1.2856540053297485 -1.9038979631314832 -2.3675809314827845 -2.909745645772648 -3.475134550187188 -3.9676475476587774 -4.393691311325258 -4.8165317384228175 -5.050375307954043 -5.212944638826779 -5.462804891202611 -5.737491001987578 -6.0386046394661435 -6.2404148433081605 -6.370950808491687 -6.414195852172119 -6.480665085977228 -6.512698451666437 -6.503889276101905 -6.430212535016723 -6.322099925815643 -6.233207336028088 -6.198771467912188 -6.244419014019311 -6.374954979202839 -6.52471096379989
2.3653488490978547 2.854658510000523 2.6592549792963474 2.3028837860038966 1.4235678978351078 1.0103374804443113 0.48418944899905236 0.12861908984883152 0.7476638817927967 0.9054282078121516 0.13342409470221295 -0.415147292725492 -0.8251743735473682 -1.3216915417301085 -1.666050222889106 -1.7413286322587473 -1.6035851597951485 -1.460235848335938 -2.064865625719759 -2.369182599767245 -2.9185548213371804 -3.475935384329418 -3.9804608939344606 -4.467368052410438 -4.981503571722244 -5.185716277990952 -5.381119808695127 -5.6389884024932595 -5.967330400807652 -6.2764523797085205 -6.463847568990394 -6.5463334856401065 -6.583171856182696 -6.66245443626349 -6.684076958103706 -6.6944878019526985 -6.648039421703345 -6.528715134511042 -6.419000857025501 -6.386166657194061 -6.431814203301185 -6.571159344049244 -6.750546191908814
3.6290651255371524 3.7051443690490236 3.3784040390190913 2.4422289267519566 1.401945375994892 1.059188363120355 0.30240009871279083 0.0004856270919955108 0.47938444414567094 0.5506586828041611 -0.40233394644980836 -0.4856206972417523 -0.976532026428881 -1.8830762754334973 -2.144148205800551 -1.9175121435493971 -1.7557436468188914 -1.923918816687239 -2.2834933465486107 -2.5301502623555203 -2.9305673334706337 -3.4623212039115043 -3.9220000015516545 -4.510613096090871 -5.061586985945267 -5.32025641388563 -5.529274125007719 -5.798354396797075 -6.124293892684777 -6.431013369158954 -6.5687568416225535 -6.6320227388587405 -6.716110323792915 -6.815413757429463 -6.938742215332917 -6.938742215332917 -6.896298005794716 -6.7705670454645706 -6.658450265552338 -6.615205221871905 -6.652844426556728 -6.786583728309175 -6.993198937004573
4.4851568235812636 4.2833466197392465 3.2975197906538383 2.2035803523673487 1.4636096049466194 1.1681018064636657 0.1534449482579685 0.36566599594897875 0.7468630476505664 0.3496493131043743 -0.7699168177334825 -0.5608991066113933 -1.4017749559531312 -2.354767585207101 -2.401215965456454 -2.111314005969112 -2.1737790690630696 -2.587810320596097 -2.6294536959920687 -2.725553793059696 -3.104348342334593 -3.532794608427764 -3.8875641334357542 -4.500202252241878 -5.157687083012894 -5.487630749611747 -5.739092670272038 -5.991355425074559 -6.222796492179095 -6.4566400617103215 -6.595184368316151 -6.728122835926369 -6.814612923287232 -6.943547220186298 -7.0989090437789635 -7.182996628713136 -7.138950750890475 -6.999605610142416 -6.87307381567004 -6.832231274416298 -6.91071302035486 -7.046053990391767 -7.2342500138158705
4.810295485326737 4.333799170699752 2.975584465477287 1.7655240765674152 1.4131570539861151 1.0007274707375484 -0.5472849261934796 0.16785996281811277 0.5434511755240892 0.02851482207005329 -0.7202651009152086 -0.6201608331364301 -2.3811951119006984 -3.0530949572318584 -2.800832202429337 -2.5093285746575344 -2.8496830851053807 -3.313366053456682 -2.8264588949807044 -2.850483919247611 -3.223672629526897 -3.684152261309277 -4.090175171420002 -4.630738217425405 -5.2746088677785075 -5.667818431613548 -5.928890361980602 -6.13310306824931 -6.301278238117657 -6.391772496189673 -6.508694280955286 -6.688081128814856 -6.882683825376802 -7.08769736578774 -7.277495057496303 -7.379200993559543 -7.307926754901052 -7.1709841165796835 -7.069278180516445 -7.064473175663064 -7.15977243858846 -7.286304233060836 -7.448072729791342
4.3297949999886 3.590625086710101 2.238016220483248 1.2890277619404298 1.204940177006256 0.6091195751869676 -0.878029426934563 -0.019535226463760047 -0.019535226463760047 -0.6497916963989485 -0.6313725111276534 -0.48321819481506134 -2.676702910383652 -3.080323318067686 -2.875309777656748 -2.9553931918797707 -3.529591271858843 -3.7922648705103574 -3.1820292541309247 -3.1379833763082625 -3.402258643244237 -3.884360796866834 -4.512214764375331 -5.007130264273611 -5.545290807852323 -5.909670342567077 -6.143513912098303 -6.253228189583844 -6.3212990916734135 -6.361340798784925 -6.519105124804279 -6.66485693869018 -6.902704678932558 -7.149361594739467 -7.33355344745242 -7.4624877443514865 -7.446471061506882 -7.364785978999398 -7.287105067203067 -7.3055242524743615 -7.416039364102133 -7.562592012130263 -7.717153001580698
3.2374572299865716 2.579972399215555 1.7687274131363355 1.0399683437068297 0.6916054918366812 -0.017132724037069558 -0.8548052368098866 0.008493968514297734 -0.06438193842865303 -0.6513933646834089 -0.5128490580775797 -0.8636144123744189 -2.6903170908015657 -2.8584922606699132 -2.9513890211686196 -3.3197727265945236 -3.9980792450635256 -4.004485918201368 -3.461520369769274 -3.560823803405822 -3.8699457823066896 -4.414512999023244 -5.039964464105051 -5.331468091876853 -5.71106347529398 -6.054621322310748 -6.265240701717297 -6.373353310918378 -6.372552476776148 -6.3309091013801755 -6.435818374012335 -6.613603553587446 -6.873874649812269 -7.1661791117263025 -7.353574301008175 -7.508135290458609 -7.516944466023141 -7.494521110040695 -7.524952807445443 -7.583413699828251 -7.79723641580372 -7.967013253956528 -8.057507512028545
2.2187962010697233 1.7230798670292127 1.0183458218666135 0.6611737944319325 0.21751167963638673 -0.30062801038656994 -0.42235480000556436 0.23673169904991243 -0.14286368436721508 -0.7266717740530502 -0.8988511146325491 -1.4201941412244266 -2.7351638027664587 -2.3892034533230007 -2.5725944718937224 -3.439897847929058 -4.056540137446333 -3.8026757143593506 -3.564827974116973 -3.8331074117640993 -4.514617266802022 -5.0992261906300875 -5.482825744758365 -5.657407587764555 -5.949712049678588 -6.20597897519226 -6.408590013176507 -6.4790634176927675 -6.472656744554926 -6.382963320625141 -6.353332457362622 -6.512698451666437 -6.764160372326728 -7.050058161102919 -7.271088384358462 -7.425649373808895 -7.4672927492048675 -7.597027880246165 -7.643476260495516 -7.822863108355088 -8.048698336464012 -8.162416784660705 -8.244101867168187
1.5076554827692816 1.119250923787622 0.8661873348428704 0.508214473265959 0.19588915779617055 0.016502309936599957 0.010896470940988223 0.47217693686559903 -0.3510805613470742 -1.372944926832843 -1.6147968377863715 -1.9887863822078873 -2.7327613003397677 -2.3948092923186124 -2.5966194961606295 -3.3221752290212145 -3.7658373438167603 -3.5976621739484127 -3.712982290429565 -4.308002058106624 -5.001524425277999 -5.498041593460741 -5.817574416210601 -5.912072844993768 -6.065032166159741 -6.322099925815643 -6.542329314928956 -6.588777695178308 -6.533520139364423 -6.421403359452191 -6.34612495008255 -6.430212535016723 -6.681674455677015 -6.920323030061622 -7.129340741183711 -7.274291720927383 -7.347167627870332 -7.486512768618393 -7.6426754263532874 -7.922166541991636 -8.141595096962718 -8.252110208590489 -8.336197793524663
0.9863124561774042 0.7724897402019337 0.6611737944319325 0.4041060347760297 0.373674337371281 0.36886933251789955 0.27677340616142354 0.5154219805460309 -0.4047364488764993 -2.078479806137673 -2.7519813197532934 -2.5693911353248016 -2.9690073722976846 -2.52854859407106 -2.6014245010140105 -3.149995888441716 -3.592056334952801 -3.6713389150335933 -4.199088614763313 -4.775689197169076 -5.439580701077934 -5.71106347529398 -5.936898703402904 -6.044210478461755 -6.149920585236145 -6.390170827905212 -6.572761012333704 -6.6368277437121215 -6.607997714591834 -6.471855910412696 -6.378158315771759 -6.399780837611975 -6.6320227388587405 -6.801799577011549 -6.98038559072889 -7.082091526792128 -7.169382448295224 -7.272690052642922 -7.4761019247694005 -7.808448093794944 -8.092744214286673 -8.228085184323582 -8.350612808084808
0.013298973367679157 -0.25177712771052585 -0.3606905710538366 -0.5096457215086589 -0.46079483883261485 -0.502438214228587 -0.8459960612453541 -0.7098542570662154 -1.888682114429109 -3.5760396521081965 -3.6889572661626584 -3.232481805091429 -3.228477634380278 -2.683910417663724 -2.687113754232645 -3.1684150737130112 -3.605670515370715 -4.094179342131153 -4.758070846040011 -5.213745472969009 -5.550896646847935 -5.811968577214989 -5.940902874114055 -6.049816317457366 -6.158729760800677 -6.3621416329271545 -6.521507627230969 -6.593582700031691 -6.5647526709114015 -6.528715134511042 -6.435017539870105 -6.410191681460969 -6.5511384904934875 -6.715309489650684 -6.800197908727089 -6.897899674079175 -6.899501342363637 -6.967572244453207 -7.19340747256213 -7.516944466023141 -7.807647259652713 -8.091142546002214 -8.240097696457036
-2.1769824056319904 -2.5253452575021393 -2.8705047728033666 -3.0146549184048075 -3.132377537312651 -3.302154375465459 -3.7706423486701413 -4.095781010415614 -5.0904170150655546 -5.208139633973398 -4.875793464947854 -3.7890615339414366 -3.2901418633320056 -2.8520855875320716 -3.188435927268767 -3.708978119718414 -4.201491117190003 -4.700410787799434 -5.055981146949655 -5.377115637983976 -5.6654159291868575 -5.85040861604204 -5.984948751936718 -6.008973776203625 -6.040206307750603 -6.210783980045642 -6.306083242971039 -6.383764154767371 -6.461445066563703 -6.459042564137012 -6.436619208154566 -6.413395018029889 -6.517503456519819 -6.587176026893848 -6.652844426556728 -6.6272177340053595 -6.59037936346277 -6.632823573000971 -6.80660458186493 -7.104514882774575 -7.416039364102133 -7.718754669865158 -7.959004912534226
-5.208940468115628 -5.934496200976214 -6.398980003469745 -6.624815231578669 -6.740135348059821 -6.7977954063003985 -6.902704678932558 -7.065274009805293 -6.94755139089745 -6.497482602964062 -5.511655773878654 -4.36726378463166 -3.5864504959571892 -3.5175787597253896 -3.9364150161117983 -4.436135520863459 -4.878195967374545 -5.149678741590591 -5.293828887192032 -5.600548363666209 -5.81917608449506 -5.977741244656646 -6.044210478461755 -6.0746421758665035 -5.978542078798876 -5.952114552105279 -6.025791293190459 -6.136306404818231 -6.2540290237260745 -6.341319945229168 -6.34692578422478 -6.285261555273053 -6.2452198481615415 -6.315693252677802 -6.387768325478522 -6.34692578422478 -6.216389819041254 -6.257232360294995 -6.423005027736652 -6.624014397436438 -6.931534708052846 -7.239855852811482 -7.486512768618393
-7.33515511573688 -8.135188423824877 -8.727805689075243 -8.99368262429568 -9.016105980278125 -8.875159171245606 -8.594066387322796 -8.122375077549192 -7.494521110040695 -6.73292784077975 -5.878437811020097 -5.033557790967208 -4.247939497439356 -4.285578702124177 -4.639547392989938 -5.008731932558072 -5.267401360498434 -5.4187590133799475 -5.431572359655631 -5.740694338556499 -6.101069702560101 -6.272448208997369 -6.200373136196649 -5.988152088505639 -5.835993601481896 -5.692644290022685 -5.67662760717808 -5.758312689685564 -5.892051991438011 -6.028193795617151 -6.106675541555712 -6.001766268923553 -5.824781923490672 -5.860819459891033 -5.965728732523193 -5.968131234949883 -5.8319894307707445 -5.836794435624126 -5.978542078798876 -6.101069702560101 -6.301278238117657 -6.5695576757647824 -6.8402396158386
-8.2577160475861 -8.977665941451075 -9.426933895242232 -9.591104894399429 -9.49340312904734 -9.185081984288702 -8.849532478694238 -8.36022281779157 -7.748385533127676 -7.028435639262703 -6.226800662890247 -5.528473290865488 -5.0952220199189355 -5.1488779074483615 -5.313048906605558 -5.520464949443186 -5.612560875799662 -5.646996743915562 -5.522867451869877 -5.807964406503838 -6.254829857868304 -6.475059246981616 -6.370950808491687 -6.044210478461755 -5.727080158138585 -5.470012398482682 -5.378717306268436 -5.415555676811026 -5.522867451869877 -5.658208421906785 -5.70946180700952 -5.6526025829111735 -5.5805275101104534 -5.660610924333476 -5.700652631444987 -5.613361709941893 -5.506850769025273 -5.494037422749589 -5.455597383922538 -5.510854939736424 -5.631780895213188 -5.836794435624126 -6.012977946914775
