static/data/seaWind_uo/2023/7/14/12.asc
ncols 137
nrows 93
xllcorner 108.0
yllcorner 17.0
cellsize 0.25
NODATA_value -32767
[rows 0 to 18 of 93, columns 43 to 85 of 137]
2.7161142033946937 2.8955010512542647 3.1029170940918935 3.405632399854919 3.9301787630157174 4.869557211851774 6.747513275381655 7.655659192670731 7.961577835002679 7.731738436182603 7.304893838373893 6.082020103188336 4.881569723985226 3.142157967061174 2.620814940469297 2.403788887924905 2.5191090044060576 2.4069922244938264 2.6488441354473546 2.9379452607924663 2.9091152316721787 2.4662539510188632 1.7062623500423784 0.9558807587726559 0.7612780622107107 0.921444890656756 0.9310549003635189 0.5915012240579025 0.2535492160367472 0.15664828482688975 0.1502416116890477 0.8629839982739496 1.9320975781513021 1.905670051457704 0.7580747256417899 -0.39272393674304595 -0.03555190930836494 0.373674337371281 0.30560343528171163 -0.5681066138914654 -1.0029595531224784 -1.1655288839952145 -1.2688364883429137
3.281503107809234 3.4937241555002436 4.351417521828816 6.4119637697871905 7.500297369078067 8.203429745956207 8.717565265268012 8.581423461088873 8.229056438507573 7.668472538946416 6.814783343328994 5.060956571844796 3.645081808381757 2.9731819630505965 2.8346376564447673 2.7521517397950537 2.8794843684096603 3.2919139516582265 4.300164136726082 5.008101518457602 5.4149252627105575 4.767050441646305 3.7499910810139165 2.5135031654104467 1.730287374309285 1.7639224082829545 1.74870655958058 1.3723145127323737 0.7484647159350271 0.4994052977014265 0.6731863065653858 1.5084563169115124 2.1178910991487148 2.1058785870152614 0.9086315443810724 0.037323997634585826 -0.21894292787908665 0.15104244583127802 -0.051568592152969384 -0.3486780589203833 -0.5160523946465008 -0.07959778713102716 0.48579111728351254
3.9582079579937752 4.102358103595217 4.851138026580477 7.1086894735274875 8.093715468470666 8.485323364021246 8.450887495905347 8.207433916667357 7.8638760696505905 7.361753062472239 6.585744778651149 5.052948230422494 3.855701187788306 3.3832090438724722 3.663500993653052 4.177636512964858 4.895984738545371 5.295600975518253 5.566282915592071 5.5326478816184 5.291596804807103 4.730212071103713 3.9662162994160775 3.136552128065563 3.142157967061174 3.2919139516582265 3.083697074678368 2.0834552310328145 1.1568901284724427 0.959884929483807 1.4179620588394966 2.333315483408646 2.91632273895225 3.0492612065624676 2.52631651168613 1.380322854154676 0.5794887119244492 0.22231668448976816 0.33363263025976986 0.5090153074081893 0.7228380233836598 1.1096409140808592 1.6734281502109387
5.518232867058257 6.441594633049709 7.397790598872598 7.602804139283537 7.849461055090446 8.113736322026421 8.173798882693688 7.813423518690087 7.268055467831301 6.576134768944387 6.274220297323591 5.724047241611425 5.32202850221185 4.600476940062418 5.17547585418372 5.816143167967901 6.440793798907478 5.808134826545599 5.323630170496312 5.038533215862351 4.539613545252919 4.109565610875288 3.4616907898110347 3.0036136604553447 3.3591840196055656 3.470499965375567 3.177394669319304 2.193169508518356 1.2850235912292787 0.9967233000263973 1.3410819811853947 2.1242977722865564 2.6264207794649086 2.7897909444798743 2.7649650860707378 1.7695282472785663 0.9494740856348138 0.4001018640648786 0.34003930339761146 0.7212363550991991 1.3851278590080573 2.0602310409081386 2.611204930762534
6.685849046429928 7.421815623139505 7.525924061629436 7.546745749327421 7.747755119027207 7.694900065640013 7.5443432469007305 7.174357873190365 6.350299540835461 5.575092091156604 5.086583264396165 5.84657486537265 5.695217212491137 6.066003420343732 6.364714555395606 6.745911607097193 6.1877302099627265 5.326032672923002 4.863150538713931 4.4403101116163715 3.963813796989387 3.675513505786505 3.30392646379168 2.9139202365255596 2.9691777923394453 2.8650693538495156 2.511901497125986 1.9304959098668415 1.409152883274964 1.1216534262143125 1.249786888971149 1.6774323209220898 2.104276918730801 2.282862932448141 2.358942175960013 1.8143749592434584 1.5661163751520886 1.1945293331572633 0.5418495072396285 0.6203312531781906 1.228965201273163 2.9099160658144085 3.717156881182477
7.150332848923458 6.991767688761874 7.030207727588925 7.106286971100797 7.146328678212308 7.092672790682883 6.819588348182375 6.610570637060286 5.893023245622002 5.731254748891498 5.359667706896671 5.964297484280493 6.171713527118122 6.323872014141864 6.252597775483375 5.747271431736102 5.169870015188108 4.449920121323133 3.9301787630157174 3.500931662780316 3.360785687890026 3.4080349022816097 3.0436553675668567 2.677674164567643 2.3397221565464874 2.1947711768028166 1.9040683831732443 1.470016278084461 1.186520991734961 1.5172654924760445 1.788748266692091 1.8944583734664815 2.1186919332909446 2.310091293283969 2.6896866767010965 2.832235154018077 2.583976569926706 2.367751351524545 1.044773348560211 1.0888192263828733 1.8736366857684952 3.7467877444449953 4.513186018559322
6.509665535139277 6.351100374977692 6.464818823174385 6.500856359574746 6.515271374134889 6.521678047272731 6.350299540835461 6.193336048958338 6.387938745520282 6.252597775483375 6.267012790043518 5.8914215773375425 6.098837620175171 5.183484195606022 4.445115116469752 3.9381871044380197 3.472902467802258 3.052464543131389 2.6096032624780734 2.8738785294140485 2.9267335828012437 3.0228336798688704 2.9691777923394453 2.620814940469297 2.0466168604902246 1.6510047942284927 1.3587003323144597 1.1296617676366147 1.224961030562012 1.5573071995875556 2.1138869284375637 2.0562268701969875 2.2908712738704433 2.724122544816996 3.131747123212181 3.146162137772325 3.142157967061174 3.010020333593187 2.264443747176846 2.0434135239213034 2.830633485733616 3.9798304798339914 4.450720955465364
4.980072323479543 5.6391588225350215 5.9362682893024346 5.858587377506103 5.753678104873943 5.8017281534077565 6.134074322433301 6.1116509664508545 6.649010675887336 6.8572275528671955 6.8083766701911514 6.1156551371620065 4.829515504740261 3.4080349022816097 2.4750631265833953 1.9288942415823809 1.6013530774102187 1.514862990049354 1.8664291784884237 2.2236012059231043 2.615209101473685 2.8610651831383644 2.91632273895225 2.7473467349416727 2.1587336404024557 1.802362447110005 1.5276763363250372 1.3082477813539555 1.3266669666252509 1.730287374309285 2.121094435717635 2.0650360457615196 2.2980787811505157 2.790591778622105 3.006816997024266 2.5943874137756997 2.346929663826559 2.7225208765325353 3.1717888303236923 3.235855561702111 2.2596387423234643 2.6047982576246924 3.312735639356213
3.5786125745766477 4.429098433625148 5.060155737702567 5.132230810503287 5.523037871911638 5.599917949565739 6.1741160295448125 6.594553954215682 7.111091975954178 6.901273430689859 5.909840762608837 4.698178705414504 3.2791006053825433 1.6566106332241044 0.6795929797032274 0.4089110396294111 0.27997674273034434 0.6932071601211414 1.3947378687148198 1.9409067537158342 2.5327231848239715 2.975584465477287 3.0981120892385117 3.123738781789879 2.8866918756897317 2.706504193687931 2.4686564534455537 2.205982854794039 2.1683436501092186 2.439826424325265 2.4838723021479283 2.077048557894973 2.1819578305271325 2.4638514485921728 2.4782664631523166 1.9264917391556904 1.7342915450204361 2.0834552310328145 3.245465571408874 2.8746793635562784 1.7727315838474866 0.5915012240579025 1.3178577910607183
3.250270576262255 3.694733525200031 4.690170363992202 5.3388460191986855 5.941874128298046 6.210153565945173 6.069206756912653 6.370320394391218 6.100439288459631 5.38609523359027 3.991042157825214 2.9539619436370708 1.5356846777473394 0.38808935193142524 -0.2133370888834749 -0.3422713857825417 0.1502416116890477 0.8157347838823661 1.7094656866112987 2.4430297608941864 3.087701245389519 3.518550013909381 3.6058409354124756 3.7179577153247068 3.8484936805082337 4.009461343096509 3.7900327881254277 3.806850305112262 3.8853320510508245 3.7812236125608947 3.258278917684557 2.750550071510593 2.2756554251680687 2.1018744163041103 2.170746152535909 2.188364503664974 2.2075845230785 2.4334197511874236 3.3944207218636957 3.102116259949663 2.1995761816561976 0.39529685921149715 0.7580747256417899
3.6835218472088074 5.511025359778184 6.279025302176972 6.792359987346547 6.685849046429928 6.100439288459631 4.562837735377595 3.65709432051521 2.9691777923394453 2.1923686743761253 1.4275720685462594 0.8974198663898494 0.6203312531781906 0.3208192839840862 0.11500490943091801 0.6227337556048815 1.3546961616033086 2.219597035211953 3.1125271037986555 3.7652069297162902 4.093548928030684 4.22248322492975 4.396264233793708 4.496368501572487 4.626904466756015 4.698178705414504 4.686166193281052 4.633311139893856 4.46994097487889 4.1295864644310445 3.846091178081543 3.456885784957653 2.925131914516783 2.301282117719436 2.2356137180565576 2.4061913903515957 2.664059984149729 2.8866918756897317 3.5041349993492363 3.671509335075354 3.257478083542327 2.1010735821618796 1.8600225053505812
4.059113059914784 5.839367358092577 6.503258862001436 6.45040380861424 5.553469569316388 3.94139044100694 2.3845688685113795 1.6069589164058296 1.222558528135321 1.0055324755909298 0.6171279166092698 0.47618110757675014 0.6171279166092698 0.8637848324161799 1.274612747380286 2.458245609596561 3.747588578587225 4.696577037130044 5.030524874440049 5.294800141376022 5.344451858194297 5.238741751419907 5.17547585418372 4.9616531382082485 4.7854696269176 4.701382041983425 4.625302798471553 4.377845048522413 4.1167731181553595 4.0487022160657915 4.389857560655868 3.9934446602519054 3.243863903124413 2.4838723021479283 2.7753759299197305 3.154971313336858 3.4128399071349906 3.258278917684557 2.980389470330669 2.9948044848908126 3.2326522251331897 3.991042157825214 3.6466834766662166
3.1805980058882253 3.6971360276267213 3.6418784718128356 3.217436376430815 2.4830714680056976 2.1691444842514493 1.433978741684101 0.7604772280684804 0.4929986245635849 0.4129152103405622 0.613924580040349 1.0503791875558224 1.409152883274964 1.9537200999915183 2.6936908474122476 3.9133612460288822 5.162662507908037 5.879409065204088 5.896226582190923 5.74086475859826 5.617536300694805 5.327634341207462 5.1146124593742215 4.941632284652494 4.839125514447025 4.825511334029111 4.779062953779757 4.779062953779757 4.6653445055830645 4.387455058229177 3.7499910810139165 3.2470672396933336 2.675271662140952 2.333315483408646 2.5335240189662023 2.903509392676567 3.1605771523324697 3.0084186653087266 2.3933780440759125 2.210787859647421 2.6272216136071385 4.037490538074568 3.7772194418497436
2.5823749016422455 2.679275832852103 2.4286147463340426 2.063434377477059 1.6478014576595714 1.1496826211923707 0.6131237458981187 0.2591550550323585 0.010095636798758356 0.890212359109777 2.0330026800723107 2.5871799064956273 3.3599848537477963 3.9493987824292422 4.377845048522413 4.774257948926376 5.692013875922216 5.697619714917828 5.478991994088975 5.295600975518253 5.090587435107315 4.9616531382082485 4.948839791932565 5.061757405987027 5.045740723142423 5.158658337196885 5.330837677776383 5.345252692336528 5.161861673765806 4.624501964329324 3.6210567841148493 2.787388442053184 2.2444228936210906 2.408593892778287 2.412598063489438 2.7073050278301616 2.8378409930136885 2.745745066657212 2.0009693143831018 1.695050672051155 2.149123630695693 3.681119344782117 3.5754092380077265
2.0378076849256916 2.2372153863410182 2.117090265006484 1.788748266692091 1.3442853177543155 0.663576296858623 0.4954011269902754 0.31441261084624417 1.1488817870501404 2.1050777528730307 3.065277889407073 3.6410776376706058 4.356222526682197 4.672552012863138 4.748631256375008 5.076172420547172 5.00249567946199 4.851138026580477 4.658937832445224 4.598074437635725 4.437907609189681 4.642921149600619 4.864752206998391 5.0289232061555875 5.478991994088975 5.77770312914085 5.98672084026294 5.84417236294596 5.595913778854589 5.288393468238182 4.469140140736659 3.5081391700603874 2.4974864825658423 2.486274804574619 2.588781574780088 2.740940061803831 2.8554593441427527 2.324506307844113 1.397941205283741 1.1584917967569028 1.8512133297860491 3.2887106150893053 3.1301454549277206
2.0057743192364828 2.242020391194399 2.130704445424398 1.8015616129677752 1.3210611276296391 0.7572738914995596 0.8822040176874748 1.703859847615687 2.544735696957425 3.2150338740041247 3.591425920852331 4.162420664262482 4.218479054218598 4.370637541242342 4.378645882664644 4.236898239489895 4.160018161835792 3.963813796989387 4.0398930405012585 3.9830338164029118 4.240902410201045 4.525198530692775 4.811096319468966 5.364472711750054 5.820147338679053 6.242987765776611 6.255801112052296 6.110049298166395 5.6359554859661 5.383692731163578 4.856743865576089 4.017469684518812 3.006816997024266 2.4694572875877836 2.616009935615915 2.768969256781889 2.5191090044060576 1.730287374309285 0.7004146674012133 0.8982207005320793 1.600552243267988 3.190208015594988 3.101315425807433
2.328510478555264 2.5463373652418855 2.305286288430587 1.936902583004683 1.4556012635243172 1.3298703031941717 1.892055871039791 2.7161142033946937 3.1878055131682967 3.604239267128015 3.7772194418497436 3.87011620234845 3.9253737581623356 3.9293779288734867 3.8364811683747804 3.6939326910578 3.4721016336600274 3.334358161196429 3.5249566870472226 3.8404853390859315 4.098353932884065 4.539613545252919 4.962453972350479 5.517432032916027 5.978712498840638 6.338287028702009 6.194937717242798 5.6487688322417835 5.173073351757029 4.7318137393881745 4.734216241814865 3.892539558330897 2.9827919727573593 2.1779536598159814 2.238016220483248 2.5094989946992956 2.2596387423234643 1.3298703031941717 0.22231668448976816 0.42012271762063413 1.5813322238544623 3.227046386137578 3.2206397129997364
2.5094989946992956 2.77377426163527 2.3357179858353363 2.0121809923743244 2.246825396047781 2.2948754445815944 2.800201788328868 2.88028520255189 3.3111339710717522 3.356781517178875 3.44647494110866 3.5385708674651366 3.7155552128980163 3.766808598000751 3.627463457252692 3.2742956005291615 3.0348461920023238 2.9139202365255596 3.146162137772325 3.488118316504632 4.061515562341475 4.595671935209035 5.07457075226271 5.548664564463005 6.000335020680854 6.135675990717761 5.638357988392791 5.076973254689401 4.50918184784817 3.9582079579937752 4.0543080550614015 3.4456741069664303 2.6088024283358435 1.5749255507166207 1.4804271219334542 1.807167451963387 2.054625201912527 1.292231098509351 0.2615575574590494 0.5522603510886217 1.743901554727199 3.0404520309979355 3.4624916239532646
2.4654531168766325 2.715313369252464 2.4238097414806608 2.8394426612981483 3.290312283373766 3.406433233997149 3.0276386847222523 2.9363435925080057 2.9811903044728987 3.060472884553691 3.1838013424571456 3.388014048725854 3.596230925705713 3.8589045243572273 3.564197560016504 3.1789963376037647 2.781782603057572 2.6096032624780734 2.893899382969804 3.4809108092245604 4.137594805853347 4.6469253203117695 5.133031644645518 5.549465398605236 5.70162388562898 5.700022217344518 4.9616531382082485 4.2264873956409 3.613849276834778 3.483313311651251 3.146162137772325 2.4598472778810216 1.788748266692091 1.07680671424942 1.1112425823653198 1.2465835524022282 1.4684146098000008 1.2642019035312928 0.7028171698279042 0.842963144718194 1.6606148039352555 2.8154176370312416 3.770812768711902
