static/data/seaWind_uo/2023/7/14/6.asc
ncols 137
nrows 93
xllcorner 108.0
yllcorner 17.0
cellsize 0.25
NODATA_value -32767
[rows 57 to 75 of 93, columns 43 to 85 of 137]
-1.5683484575370183 -2.2114182737478902 -2.6038270034407014 -2.9962357331335125 -3.138784210450493 -1.2127780983867977 -0.07799611884656654 0.8525731544249564 1.458804600093238 1.4940413023513677 0.7692864036330129 -1.0742337917809686 -3.278129351198552 -3.249299322078264 -2.663088729965738 -2.249858312574941 -2.426041823865591 -3.4414995162135185 -3.666533910180212 -3.282133521909703 -2.8032347048560275 -2.521341086790988 -2.5790011450315644 -2.8416747436830785 -3.5159770914409294 -4.098984346984534 -4.4793805645438916 -4.635543222278786 -4.657165744119002 -4.714024968217348 -4.822137577418429 -4.905424328210373 -5.00392692770469 -5.071196995652029 -5.097624522345627 -5.280214706774118 -5.381920642837358 -5.512456608020884 -5.549294978563474 -5.502846598314122 -5.466008227771531 -5.352289779574839 -5.35469228200153
-1.9975955577724198 -2.945783182173008 -3.34059441429251 -3.55361629612575 -2.8576914265276834 -1.054212938225213 0.002888129518686 0.8277472960158194 1.4620079366621588 2.0386085190679224 1.8824458613330282 -1.064623782074206 -4.4569572085614455 -4.0389217863172675 -2.8088405438516393 -2.2658749954195456 -2.526146091644369 -3.451910360062511 -3.7137831245717954 -3.4919520671740227 -3.019459923258189 -2.7351638027664587 -2.8000313682871067 -3.045086615809556 -3.8194932313461853 -4.356852940782668 -4.597103183451735 -4.722834143781881 -4.8701876259522425 -4.9558768791708765 -5.122450380754763 -5.196127121839945 -5.293028053049802 -5.396335657397501 -5.479622408189445 -5.687839285169304 -5.745499343409881 -5.85040861604204 -5.85040861604204 -5.807163572361608 -5.765520196965635 -5.6165650465108135 -5.595743358812827
-2.8801147825101294 -4.127814376104823 -4.2903837069775586 -3.005845742840275 -1.9647613579409806 -0.8075560224183032 -0.19171456704325873 0.5114178098348798 1.3218619617718694 2.000168480240871 1.8984625441776326 -1.2712389907696042 -4.581086500607131 -4.291184541119788 -3.0538957913740887 -2.4764943748260952 -2.8128447145627904 -3.649716393193377 -3.5912555008105707 -3.4463045210668994 -3.232481805091429 -2.9882273917112103 -3.1491950542994855 -3.4503086917780506 -4.170258585643024 -4.585090671318282 -4.806921728716055 -4.878195967374545 -5.044769468958432 -5.213745472969009 -5.4275681889444805 -5.503647432456352 -5.6253742220753455 -5.740694338556499 -5.8456036111886585 -6.043409644319524 -6.117086385404705 -6.147518082809453 -6.137908073102691 -6.073040507582043 -6.037002971181682 -5.942504542398516 -5.892852825580242
-3.125970864174809 -4.309603726391083 -3.7161856269984863 -2.4132284775899073 -1.4666425214737797 -0.7963443444270799 -0.48161652653060116 -0.20132457675002158 0.5850945509200609 0.7989172668955313 0.4561602540209946 -1.425799980220038 -2.9473848504574685 -2.9569948601642313 -3.210859283251213 -2.712740446784012 -3.0595016303697005 -3.754625665825537 -3.5832471593882684 -3.346200253288121 -3.1491950542994855 -3.3397935801502796 -3.556018798552441 -3.9932742402101447 -4.580285666464901 -4.953474376744186 -4.980702737580014 -5.048773639669583 -5.248181341084909 -5.46200405706038 -5.692644290022685 -5.823180255206212 -5.946508713109667 -6.119488887831396 -6.2388131750237 -6.404585842465357 -6.459843398279242 -6.48547009083061 -6.45103422271471 -6.388569159620753 -6.360539964642694 -6.294070730837586 -6.223597326321325
-2.695122095654947 -3.061904132796391 -2.4660835309771025 -1.9895872163501176 -1.181545566839819 -1.0478062650873712 -0.9196728023305349 -0.6778208913770065 -0.30062801038656994 -0.08680529441109908 -0.3454747223514625 -1.4266008143622684 -1.9647613579409806 -1.8254162171929211 -2.080081474422133 -2.9730115430088357 -3.3822377896884817 -3.7009697782961117 -3.5047654134497064 -3.231680970949199 -3.291743531616466 -3.48314289160949 -3.9652450452320864 -4.5154181009442524 -5.042366966531741 -5.217749643680161 -5.244978004515989 -5.2657996922139745 -5.451593213211387 -5.712665143578441 -6.008973776203625 -6.161933097369598 -6.315693252677802 -6.48947426154176 -6.624014397436438 -6.7705670454645706 -6.813011255002772 -6.792990401447016 -6.758554533331116 -6.7081019823706125 -6.672064445970252 -6.599989373169532 -6.475860081123846
-1.2111764301023373 -1.4338083216423403 -1.6428260327644295 -1.252018971356079 -1.2231889422357907 -1.1599230449996027 -0.8395893881075123 -0.6682108816702437 -0.2934205031064976 -0.020336060605990358 -0.19812124018110078 -1.6748593984536386 -2.2114182737478902 -1.9487446750963762 -1.8406320658952953 -2.785616353726963 -3.5664296424014337 -3.6561230663312188 -3.457516199058123 -3.0899333277744487 -3.1780250834197736 -3.6937622710160394 -4.220711136603529 -4.915034337917135 -5.389128150117429 -5.527672456723259 -5.561307490696928 -5.586133349106065 -5.684635948600382 -5.972135405661034 -6.315693252677802 -6.595184368316151 -6.740135348059821 -6.881082157092342 -7.0132197905603295 -7.0941040389255825 -7.141353253317165 -7.106917385201266 -7.024431468551551 -6.973178083448817 -6.885887161945723 -6.796193738015937 -6.638429411996583
0.2943917572904886 -0.28461132754196505 -0.6594017061057111 -1.0101670604025506 -1.2119772642445676 -0.7627093104534104 0.25114671361005625 0.24954504532559607 0.3464459765354535 0.6291404287427231 0.034120661065665026 -2.2258332883080345 -3.0066465769825053 -2.38680095089631 -2.1409448692316304 -2.832865568118546 -3.748218992687695 -3.7706423486701413 -3.5584213009791315 -3.2068551125400617 -3.3213743948789842 -3.8523274311776246 -4.435334686721229 -5.149678741590591 -5.594141690528367 -5.8319894307707445 -5.871230303740026 -5.7871427188058515 -5.830387762486284 -6.153123921805065 -6.5223084613732 -6.837036279269679 -7.059668170809681 -7.216631662686806 -7.318337598750045 -7.317536764607814 -7.353574301008175 -7.246262525949325 -7.1573699361617695 -7.073282351227595 -6.94915305918191 -6.871472147385578 -6.712106153081763
1.2209568598508609 0.3824835129358135 -0.33986888335585075 -0.7667134811645615 -0.9493036655930533 -0.19812124018110078 0.9230465589412162 0.7748922426286247 0.719634686814739 0.2871842500104167 -0.878029426934563 -1.846237904890907 -1.2071722593911862 -1.6932785837249338 -2.729557963770847 -3.511172086587548 -3.925203338120575 -4.028510942468275 -3.8499249287509336 -3.66012723704237 -3.7009697782961117 -4.010091757196979 -4.572277325042599 -5.158487917155124 -5.71106347529398 -6.022587956621539 -6.0746421758665035 -5.938500371687365 -5.775130206672399 -6.079447180719884 -6.558345997773561 -6.969173912737666 -7.178191623859755 -7.304723418332131 -7.3960185105463765 -7.361582642430477 -7.29991841347875 -7.142954921601625 -7.025232302693782 -6.962767239599824 -6.911513854497089 -6.877878820523421 -6.69769113852162
1.7206773646025222 0.8814031835452445 -0.020336060605990358 -0.6449866915455671 -0.7675143153067918 -0.30943718595110203 -0.02193772889045098 0.3864876836469646 0.613924580040349 -0.06838610913980414 -1.563543452683637 -1.5779584672437812 -0.48802319966844276 -1.8894829485713394 -3.3149677217411426 -3.974054220796619 -4.125411873678132 -4.445745530570223 -4.131818546815974 -4.108594356691297 -4.123009371251441 -4.3039978873954725 -4.757270011897781 -5.162492087866275 -5.759113523827795 -6.032998800470532 -6.101069702560101 -5.940902874114055 -5.6429925732044115 -5.67262343646693 -6.226800662890247 -6.686479460530396 -6.989194766293423 -7.185399131139828 -7.3055242524743615 -7.242258355238173 -7.138149916748244 -6.938742215332917 -6.781778723455794 -6.709703650655072 -6.716110323792915 -6.776172884460182 -6.586375192751618
2.077048557894973 1.0359641729956786 -0.09721613826009223 -0.7146592619195968 -0.4639981754015361 -0.08600446026886921 -0.5649032773225444 0.36646683009120906 0.36886933251789955 -0.7370826179020433 -2.2474558101482507 -2.5693911353248016 -1.9503463433808363 -2.5085277405153046 -3.6537205639045283 -4.3712679553428115 -4.5642689836202965 -4.767680855746773 -4.54184562763785 -4.629937383283174 -4.605912359016267 -4.681190768385909 -5.0007235911357695 -5.203334629120016 -5.7102626411517505 -5.912072844993768 -6.008973776203625 -5.896856996291393 -5.578125007683763 -5.538884134714482 -5.986550420221178 -6.337315774518018 -6.615205221871905 -6.854654630398745 -7.0316389758316244 -7.023630634409322 -6.896298005794716 -6.813011255002772 -6.76576204061119 -6.73533034320644 -6.644836085134424 -6.517503456519819 -6.368548306064996
1.8960600417509421 0.9470715832081233 0.058145685332571695 -0.4367698145657082 -0.2069304157456333 0.2895867524371072 -0.42475730243225485 0.5450528438085493 0.2287233576276102 -1.2616289810628416 -2.293904190397604 -2.6927195932282566 -3.3510052581415026 -3.503964579307476 -4.328022911662379 -5.092018683350015 -5.008731932558072 -5.14247123431052 -5.075201166363181 -5.088815346781095 -5.028752786113827 -5.00232525942023 -5.272206365351816 -5.28261720920081 -5.560506656554698 -5.735088499560887 -5.801557733365996 -5.688640119311534 -5.396335657397501 -5.335472262588004 -5.663013426760166 -5.995359595785711 -6.246020682303772 -6.34692578422478 -6.410191681460969 -6.476660915266077 -6.501486773675214 -6.517503456519819 -6.672865280112482 -6.684877792245937 -6.526312632084352 -6.37975998405622 -6.301278238117657
1.4491945903864751 0.7516680525039479 -0.06438193842865303 -0.38871976603189484 -0.2918188348220374 0.6523646188673999 -0.4896248679529034 0.4601644247321457 -0.30703468352441154 -1.853445412170979 -2.648673715405594 -2.804836373140488 -4.1782669270653265 -4.541044793495619 -5.248181341084909 -5.524469120154338 -5.344281438152537 -5.56931583211923 -5.53327829571887 -5.519664115300957 -5.39233148668635 -5.373912301415055 -5.349086443005918 -5.28902388233865 -5.429970691371171 -5.512456608020884 -5.563709993123618 -5.437979032793473 -5.168097926861886 -5.062387820087497 -5.1088362003368495 -5.415555676811026 -5.620569217221965 -5.719071816716283 -5.765520196965635 -5.862421128175493 -6.004168771350243 -6.166738102222979 -6.299676569833197 -6.306083242971039 -6.181953950925354 -6.135505570676001 -6.1731447753608215
0.9478724173503537 0.3272259571219278 -0.15327452821620824 -0.4455789901302407 -0.2605863032750584 0.8669881689851007 -0.5144507263620404 0.42332605418955493 -0.8644152465166492 -3.5448071205612175 -4.604310690731808 -4.223914473172449 -5.411551506099876 -5.511655773878654 -5.6566067536223255 -5.95932205938535 -5.769524367676787 -5.973737073945495 -5.9441062106829765 -5.822379421063982 -5.590938353959446 -5.42596652066002 -5.39072981840189 -5.298633892045414 -5.192122951128793 -5.118446210043613 -5.019943610549294 -4.842158430974185 -4.6491574026967 -4.589895676171663 -4.599505685878426 -4.793307548298141 -4.962283552308719 -5.0359602933939 -5.1040311954834685 -5.220952980249082 -5.39233148668635 -5.49724075931851 -5.615764212368584 -5.727080158138585 -5.737491001987578 -5.795151060228154 -5.908068674282616
0.4921977904213546 -0.04436108487289703 -0.45839233640592436 -0.6746175548080855 -0.30062801038656994 0.8974198663898494 -0.45598983397923387 -0.02834440202829258 -1.3345048880057921 -4.412911330738783 -6.59278186588946 -5.817574416210601 -6.374154145060608 -6.20357647276557 -6.234809004312549 -6.248423184730463 -6.208381477618952 -6.3357141062335565 -6.24121567745039 -5.952915386247509 -5.666216763329087 -5.487630749611747 -5.389128150117429 -5.261795521502823 -4.993516083855697 -4.7404524949109454 -4.454554706134755 -4.184673600203169 -4.123810205393672 -4.131818546815974 -4.183071931918708 -4.252744502292738 -4.334429584800221 -4.328022911662379 -4.406504657600941 -4.446546364712453 -4.537040622784469 -4.598704851736196 -4.82534091398735 -4.981503571722244 -5.211342970542319 -5.350688111290379 -5.556502485843547
-0.05957693357527161 -0.6201608331364301 -1.0333912505272271 -1.0702296210698174 -0.6241650038475812 0.12621658742214104 -1.531510086994428 -1.471447526327161 -3.4591178673425835 -6.547134319782337 -7.392815173977457 -6.69769113852162 -6.935538878763996 -6.681674455677015 -6.709703650655072 -6.866667142532197 -6.841040449980831 -6.73292784077975 -6.444627549576868 -6.023388790763769 -5.666216763329087 -5.493236588607359 -5.329065589450162 -5.184114609706491 -4.880598469801235 -4.440940525716841 -4.105391020122376 -3.7914640363681276 -3.7297998074164 -3.829103241052948 -3.9003774797114383 -3.761833173105609 -3.596060505663952 -3.5896538325261105 -3.644911388339996 -3.677745588171435 -3.631297207922082 -3.6889572661626584 -4.018100098619281 -4.354450438355976 -4.599505685878426 -4.958279381597567 -5.184114609706491
-0.8227718711206775 -1.39777078524198 -1.7181044421340708 -1.7060919300006172 -1.8870804461446484 -2.03363309417278 -4.54344729592231 -6.595985202458381 -8.166420955371855 -8.212869335621209 -7.878921498311204 -7.299117579336519 -7.465691080920406 -7.281499228207455 -7.535363651294437 -7.717953835722929 -7.612243728948538 -7.415238529959902 -6.781778723455794 -6.234809004312549 -5.903263669429235 -5.598946695381748 -5.412352340242106 -5.124052049039225 -4.846963435827566 -4.3488445993603655 -3.914792494271582 -3.5800438228193476 -3.4695287111915762 -3.5584213009791315 -3.5864504959571892 -3.282133521909703 -3.015455752547038 -3.0282690988227214 -3.071514142503154 -2.9617998650176127 -2.8616955972388345 -2.973812377151066 -3.3125652193144517 -3.7209906318518673 -4.237528653590363 -4.635543222278786 -4.89741598678807
-1.6580418814668039 -2.2794891758374596 -2.5974203303028593 -2.8200522218428627 -3.175622580993083 -4.703614124368356 -7.343964291301413 -9.10259606763899 -9.434942236664535 -8.899184195512513 -8.160014282234012 -7.93337821998286 -8.037486658472789 -8.093545048428904 -8.29295274984423 -8.274533564572936 -8.099150887424516 -7.892535678729118 -7.286304233060836 -6.760957035757807 -6.208381477618952 -5.821578586921752 -5.541286637141172 -5.230562989955844 -4.782095870306918 -4.218308634176838 -3.780252358376904 -3.488748730605102 -3.3886444628263233 -3.3870427945418626 -3.298951038896538 -3.0290699329649518 -2.7776080123046603 -2.7231512906330053 -2.612636179005234 -2.45727435541257 -2.401215965456454 -2.52854859407106 -2.8096413779938696 -3.2581084976427963 -3.8467215921820133 -4.3848821357607255 -4.696406617088283
-2.486104384532858 -3.0186590891159586 -3.528790437716613 -4.1606485759362615 -5.113641205190231 -6.7705670454645706 -8.560431353349127 -9.24754704738266 -9.24754704738266 -8.942429239192945 -8.639713933429919 -8.522792148664307 -8.470737929419341 -8.489157114690636 -8.398662856618621 -8.25291104273272 -8.105557560562358 -7.918963205422715 -7.499326114894076 -7.023630634409322 -6.471855910412696 -6.09866720013341 -5.798354396797075 -5.359497286854911 -4.772485860600154 -4.065349313010865 -3.5087695841608575 -3.19964760525999 -3.1091533471879744 -3.1203650251791974 -3.0763191473565348 -2.960198196733152 -2.725553793059696 -2.5725944718937224 -2.426041823865591 -2.3035142001043662 -2.287497517259762 -2.3787926094740075 -2.6118353448630036 -2.969808206439915 -3.48234205746726 -4.021303435188202 -4.409707994169862
-3.2757268487718614 -3.8331074117640993 -4.581887334749361 -5.432373193797861 -6.3933741644741335 -7.43846272008458 -8.516385475526464 -9.07056270194978 -9.21070867684007 -9.165861964875178 -9.00008929743352 -8.819100781289489 -8.68215814296812 -8.565236358202508 -8.349011139800346 -8.171225960225236 -7.958204078391995 -7.6218537386553 -7.219834999255728 -6.760957035757807 -6.338116608660248 -6.053820488168517 -5.761516026254485 -5.315451409032248 -4.660369080687923 -3.833908245906329 -3.361416101990496 -3.015455752547038 -2.729557963770847 -2.5998228327295503 -2.7111387784995515 -2.806438041424949 -2.595818662018399 -2.412427643447677 -2.277086673410769 -2.2298374590191856 -2.2698791661306967 -2.380394277758468 -2.5974203303028593 -2.8264588949807044 -3.1395850445927227 -3.5720354813970454 -3.9500291965297123
