static/data/thetao/2023/7/1/0.asc
ncols 137
nrows 93
xllcorner 108.0
yllcorner 17.0
cellsize 0.25
NODATA_value -32767
[rows 54 to 80 of 93, columns 0 to 60 of 137]
-32767.0 -32767.0 -32767.0 -32767.0 -32767.0 -32767.0 -32767.0 -32767.0 -32767.0 -32767.0 -32767.0 -32767.0 -32767.0 -32767.0 -32767.0 -32767.0 -32767.0 -32767.0 -32767.0 -32767.0 -32767.0 -32767.0 -32767.0 -32767.0 -32767.0 -32767.0 -32767.0 -32767.0 -32767.0 -32767.0 -32767.0 -32767.0 -32767.0 -32767.0 -32767.0 -32767.0 -32767.0 -32767.0 -32767.0 -32767.0 -32767.0 -32767.0 -32767.0 -32767.0 -32767.0 -32767.0 -32767.0 -32767.0 25.332205 24.661957 26.05246 27.421404 28.105566 28.721241 28.93757 28.978605 28.990477 28.64113 28.333525 28.293694 28.304834
-32767.0 -32767.0 -32767.0 -32767.0 -32767.0 -32767.0 -32767.0 -32767.0 -32767.0 -32767.0 -32767.0 -32767.0 -32767.0 -32767.0 -32767.0 -32767.0 -32767.0 -32767.0 -32767.0 -32767.0 -32767.0 -32767.0 -32767.0 -32767.0 -32767.0 -32767.0 -32767.0 -32767.0 -32767.0 -32767.0 -32767.0 -32767.0 -32767.0 -32767.0 -32767.0 -32767.0 -32767.0 -32767.0 -32767.0 -32767.0 -32767.0 -32767.0 -32767.0 -32767.0 -32767.0 -32767.0 -32767.0 29.422907 -32767.0 25.868456 27.017925 27.63932 28.635544 29.003494 29.213345 29.173512 29.048006 28.473312 28.426022 28.253685 28.145111
-32767.0 -32767.0 -32767.0 -32767.0 -32767.0 -32767.0 -32767.0 -32767.0 -32767.0 -32767.0 -32767.0 -32767.0 -32767.0 -32767.0 -32767.0 -32767.0 -32767.0 -32767.0 -32767.0 -32767.0 -32767.0 -32767.0 -32767.0 -32767.0 -32767.0 -32767.0 -32767.0 -32767.0 -32767.0 -32767.0 -32767.0 -32767.0 -32767.0 -32767.0 -32767.0 -32767.0 -32767.0 -32767.0 -32767.0 -32767.0 -32767.0 -32767.0 -32767.0 -32767.0 -32767.0 -32767.0 -32767.0 28.85521 25.664106 26.340944 26.698456 27.481174 28.730888 29.131016 29.32229 29.038866 28.848629 28.449041 27.60456 27.649332 27.635008
-32767.0 -32767.0 -32767.0 -32767.0 -32767.0 -32767.0 -32767.0 -32767.0 -32767.0 -32767.0 -32767.0 -32767.0 -32767.0 -32767.0 -32767.0 -32767.0 -32767.0 -32767.0 -32767.0 -32767.0 -32767.0 -32767.0 -32767.0 -32767.0 -32767.0 -32767.0 -32767.0 -32767.0 -32767.0 -32767.0 -32767.0 -32767.0 -32767.0 -32767.0 -32767.0 -32767.0 -32767.0 -32767.0 -32767.0 -32767.0 -32767.0 -32767.0 -32767.0 -32767.0 -32767.0 -32767.0 -32767.0 27.340395 25.403803 25.527353 26.468067 28.096046 28.824879 29.181046 29.306583 28.895731 28.895124 28.297312 28.573381 28.713985 28.52111
-32767.0 -32767.0 -32767.0 -32767.0 -32767.0 -32767.0 -32767.0 -32767.0 -32767.0 -32767.0 -32767.0 -32767.0 -32767.0 -32767.0 -32767.0 -32767.0 -32767.0 -32767.0 -32767.0 -32767.0 -32767.0 -32767.0 -32767.0 -32767.0 -32767.0 -32767.0 -32767.0 -32767.0 -32767.0 -32767.0 -32767.0 -32767.0 -32767.0 -32767.0 -32767.0 -32767.0 -32767.0 -32767.0 -32767.0 -32767.0 -32767.0 -32767.0 -32767.0 -32767.0 -32767.0 30.234085 -32767.0 28.194296 24.39724 25.967804 27.537502 27.937767 29.16904 29.505184 29.316696 29.255087 28.994812 28.49007 28.41571 28.698807 28.874039
-32767.0 -32767.0 -32767.0 -32767.0 -32767.0 -32767.0 -32767.0 -32767.0 -32767.0 -32767.0 -32767.0 -32767.0 -32767.0 -32767.0 -32767.0 -32767.0 -32767.0 -32767.0 -32767.0 -32767.0 -32767.0 -32767.0 -32767.0 -32767.0 -32767.0 -32767.0 -32767.0 -32767.0 -32767.0 -32767.0 -32767.0 -32767.0 -32767.0 -32767.0 -32767.0 -32767.0 -32767.0 -32767.0 -32767.0 -32767.0 -32767.0 -32767.0 -32767.0 -32767.0 -32767.0 -32767.0 27.153 24.105862 26.180202 27.108383 27.894909 28.471983 29.304964 29.617758 29.602385 29.743235 29.214527 28.24344 28.493908 28.841282 29.123543
-32767.0 -32767.0 -32767.0 -32767.0 -32767.0 -32767.0 -32767.0 -32767.0 -32767.0 -32767.0 -32767.0 -32767.0 -32767.0 -32767.0 -32767.0 -32767.0 -32767.0 -32767.0 -32767.0 -32767.0 -32767.0 -32767.0 -32767.0 -32767.0 -32767.0 -32767.0 -32767.0 -32767.0 -32767.0 -32767.0 -32767.0 -32767.0 -32767.0 -32767.0 -32767.0 -32767.0 -32767.0 -32767.0 -32767.0 -32767.0 -32767.0 -32767.0 -32767.0 -32767.0 28.689 25.852373 25.158054 27.320375 28.76427 29.108994 28.458042 29.038805 -32767.0 -32767.0 -32767.0 -32767.0 29.289202 28.390158 29.407997 29.653322 29.156004
-32767.0 -32767.0 -32767.0 -32767.0 -32767.0 -32767.0 -32767.0 -32767.0 -32767.0 -32767.0 -32767.0 -32767.0 -32767.0 -32767.0 -32767.0 -32767.0 -32767.0 -32767.0 -32767.0 -32767.0 -32767.0 -32767.0 -32767.0 -32767.0 -32767.0 -32767.0 -32767.0 -32767.0 -32767.0 -32767.0 -32767.0 -32767.0 -32767.0 -32767.0 -32767.0 -32767.0 -32767.0 -32767.0 -32767.0 -32767.0 -32767.0 -32767.0 -32767.0 26.440557 25.163034 26.79612 27.245584 28.19485 29.447674 29.001846 29.079927 29.672323 -32767.0 -32767.0 -32767.0 -32767.0 27.778131 28.917797 29.260489 29.529026 29.410162
-32767.0 -32767.0 -32767.0 -32767.0 -32767.0 -32767.0 -32767.0 -32767.0 -32767.0 -32767.0 -32767.0 -32767.0 -32767.0 -32767.0 -32767.0 -32767.0 -32767.0 -32767.0 -32767.0 -32767.0 -32767.0 -32767.0 -32767.0 -32767.0 -32767.0 -32767.0 -32767.0 -32767.0 -32767.0 -32767.0 -32767.0 -32767.0 -32767.0 -32767.0 -32767.0 -32767.0 -32767.0 -32767.0 -32767.0 -32767.0 -32767.0 29.565546 29.220982 26.496883 28.047838 26.720938 28.213135 29.012953 29.004267 29.393543 29.201544 -32767.0 -32767.0 -32767.0 -32767.0 -32767.0 28.082182 29.205498 29.367332 29.21154 29.265135
-32767.0 -32767.0 -32767.0 -32767.0 -32767.0 -32767.0 -32767.0 -32767.0 -32767.0 -32767.0 -32767.0 -32767.0 -32767.0 -32767.0 -32767.0 -32767.0 -32767.0 -32767.0 -32767.0 -32767.0 -32767.0 -32767.0 -32767.0 -32767.0 -32767.0 -32767.0 -32767.0 -32767.0 -32767.0 -32767.0 -32767.0 -32767.0 -32767.0 -32767.0 -32767.0 -32767.0 -32767.0 -32767.0 -32767.0 -32767.0 -32767.0 26.808987 27.832058 27.57472 25.825489 26.862108 28.906586 28.705566 28.820236 28.5693 30.364567 -32767.0 -32767.0 -32767.0 -32767.0 28.21649 27.801804 29.16169 29.292906 29.303886 29.286825
-32767.0 -32767.0 -32767.0 -32767.0 -32767.0 -32767.0 -32767.0 -32767.0 -32767.0 -32767.0 -32767.0 -32767.0 -32767.0 -32767.0 -32767.0 -32767.0 -32767.0 -32767.0 -32767.0 -32767.0 -32767.0 -32767.0 -32767.0 -32767.0 -32767.0 -32767.0 -32767.0 -32767.0 -32767.0 -32767.0 -32767.0 -32767.0 -32767.0 -32767.0 -32767.0 -32767.0 -32767.0 -32767.0 -32767.0 27.830847 25.838318 26.06466 26.778801 25.761452 27.125425 28.430145 28.828814 29.00256 28.873966 30.295816 -32767.0 -32767.0 -32767.0 -32767.0 -32767.0 28.115807 28.140676 29.116825 29.2874 29.466766 29.358303
-32767.0 -32767.0 -32767.0 -32767.0 -32767.0 -32767.0 -32767.0 -32767.0 -32767.0 -32767.0 -32767.0 -32767.0 -32767.0 -32767.0 -32767.0 -32767.0 -32767.0 -32767.0 -32767.0 -32767.0 -32767.0 -32767.0 -32767.0 -32767.0 -32767.0 -32767.0 -32767.0 -32767.0 -32767.0 -32767.0 -32767.0 -32767.0 -32767.0 -32767.0 -32767.0 -32767.0 -32767.0 -32767.0 26.21991 24.5157 24.239952 24.840635 25.036608 26.25818 28.627588 29.202772 28.990265 28.95291 30.091755 30.66944 -32767.0 -32767.0 -32767.0 -32767.0 -32767.0 29.092836 28.64884 29.261793 29.298197 29.468647 29.315315
-32767.0 -32767.0 -32767.0 -32767.0 -32767.0 -32767.0 -32767.0 -32767.0 -32767.0 -32767.0 -32767.0 -32767.0 -32767.0 -32767.0 -32767.0 -32767.0 -32767.0 -32767.0 -32767.0 -32767.0 -32767.0 -32767.0 -32767.0 -32767.0 -32767.0 -32767.0 -32767.0 -32767.0 -32767.0 -32767.0 -32767.0 -32767.0 -32767.0 -32767.0 -32767.0 -32767.0 25.859325 24.494965 24.635244 23.971338 24.95411 27.207504 28.277761 29.124289 29.051886 28.13273 -32767.0 29.435883 29.878714 -32767.0 -32767.0 -32767.0 -32767.0 -32767.0 29.307693 29.532688 29.546566 29.39033 29.212793 29.426876 29.19688
-32767.0 -32767.0 -32767.0 -32767.0 -32767.0 -32767.0 -32767.0 -32767.0 -32767.0 -32767.0 -32767.0 -32767.0 -32767.0 -32767.0 -32767.0 -32767.0 -32767.0 -32767.0 -32767.0 -32767.0 -32767.0 -32767.0 -32767.0 -32767.0 -32767.0 -32767.0 -32767.0 -32767.0 -32767.0 -32767.0 -32767.0 -32767.0 -32767.0 -32767.0 -32767.0 25.090643 23.363043 26.119614 28.07118 28.256916 28.158546 28.644957 29.415258 29.524832 29.112295 28.828 -32767.0 29.599705 29.867027 -32767.0 -32767.0 -32767.0 -32767.0 -32767.0 29.334568 29.423313 29.253532 29.301064 29.567997 29.365742 29.150629
-32767.0 -32767.0 -32767.0 -32767.0 -32767.0 -32767.0 -32767.0 -32767.0 -32767.0 -32767.0 -32767.0 -32767.0 -32767.0 -32767.0 -32767.0 -32767.0 -32767.0 -32767.0 -32767.0 -32767.0 -32767.0 -32767.0 -32767.0 -32767.0 -32767.0 -32767.0 -32767.0 -32767.0 -32767.0 -32767.0 -32767.0 -32767.0 -32767.0 -32767.0 -32767.0 26.72378 27.83224 28.474977 28.760574 28.687992 28.865814 29.176104 29.318798 26.103956 24.331087 27.56308 29.396427 29.449566 29.802177 -32767.0 -32767.0 -32767.0 -32767.0 -32767.0 29.681597 29.577734 29.530659 29.663164 29.481958 29.171234 29.248163
-32767.0 -32767.0 -32767.0 -32767.0 -32767.0 -32767.0 -32767.0 -32767.0 -32767.0 -32767.0 -32767.0 -32767.0 -32767.0 -32767.0 -32767.0 -32767.0 -32767.0 -32767.0 -32767.0 -32767.0 -32767.0 -32767.0 -32767.0 -32767.0 -32767.0 -32767.0 -32767.0 30.659294 -32767.0 29.059137 -32767.0 28.09665 28.402822 27.697613 28.149422 28.397152 28.912788 29.270086 29.38692 29.35917 29.480362 28.807158 29.37511 25.20681 27.82152 29.38111 29.264988 29.417477 29.484476 -32767.0 -32767.0 -32767.0 -32767.0 29.570604 29.61324 29.617285 29.50849 29.45535 29.144953 29.1719 29.326757
-32767.0 -32767.0 -32767.0 -32767.0 -32767.0 -32767.0 -32767.0 -32767.0 -32767.0 -32767.0 -32767.0 -32767.0 -32767.0 -32767.0 -32767.0 -32767.0 -32767.0 -32767.0 -32767.0 -32767.0 -32767.0 -32767.0 -32767.0 31.581888 -32767.0 -32767.0 26.622684 26.984966 27.198162 27.872688 28.261505 28.524715 28.80834 28.895163 29.32144 29.813866 30.101444 29.92688 29.645855 29.522831 29.357428 29.333181 29.249609 29.225573 29.147955 29.1959 29.371672 29.527658 29.611141 29.804052 -32767.0 -32767.0 28.951105 29.613218 29.673685 29.372652 29.284998 28.87406 29.336607 29.207157 29.274073
-32767.0 -32767.0 -32767.0 -32767.0 -32767.0 -32767.0 -32767.0 -32767.0 -32767.0 -32767.0 -32767.0 -32767.0 -32767.0 -32767.0 -32767.0 -32767.0 -32767.0 -32767.0 -32767.0 -32767.0 -32767.0 -32767.0 -32767.0 30.511269 31.774412 28.150925 27.955984 29.055698 29.705084 30.170576 30.3385 30.327934 30.361595 30.193272 30.111233 29.9026 29.65369 29.60794 29.520628 29.40762 29.242546 29.16256 29.211246 29.333214 29.31569 29.407051 29.624865 29.630802 29.60661 29.614529 29.68251 -32767.0 28.975574 29.800413 29.510365 29.63887 29.299404 28.838226 29.391903 29.35538 29.240988
-32767.0 -32767.0 -32767.0 -32767.0 -32767.0 -32767.0 -32767.0 -32767.0 -32767.0 -32767.0 -32767.0 -32767.0 -32767.0 -32767.0 -32767.0 -32767.0 -32767.0 -32767.0 -32767.0 -32767.0 32.10817 31.279325 30.67481 29.005297 27.460114 -32767.0 29.87189 30.613953 30.543858 30.32774 30.20002 30.17416 30.134905 30.033169 29.941076 29.860212 29.749397 29.659521 29.56831 29.447535 29.373564 29.387636 29.422953 29.37413 29.570759 29.58702 29.382545 29.484032 29.609383 29.71573 29.65704 -32767.0 29.000048 29.917103 29.503023 29.505886 28.921244 28.807915 29.12572 29.256329 28.804005
-32767.0 -32767.0 31.218742 -32767.0 -32767.0 -32767.0 -32767.0 -32767.0 -32767.0 -32767.0 -32767.0 -32767.0 -32767.0 -32767.0 -32767.0 -32767.0 32.005566 -32767.0 31.669708 31.136454 30.299118 28.13165 28.434212 29.255495 30.049118 30.42788 30.309792 30.334068 30.279648 30.219992 30.232933 30.165295 30.067966 30.002861 29.954638 29.85154 29.747997 29.644258 29.575645 29.554916 29.538242 29.503979 29.373266 29.622456 29.454807 29.47113 29.570412 29.625813 29.58878 29.601097 29.725727 29.838118 29.73719 29.444267 29.617714 29.044212 28.73654 28.803381 28.69864 28.998037 28.83018
-32767.0 30.883127 30.946589 30.96245 31.27466 -32767.0 31.848618 31.678234 -32767.0 -32767.0 -32767.0 -32767.0 -32767.0 31.927404 31.389729 30.423101 29.951818 29.883144 30.00102 30.260124 29.742748 29.408684 30.23235 30.292582 30.281727 30.360052 30.383835 30.267115 30.201887 30.213352 30.191425 30.10336 30.064741 30.00228 29.9756 29.880161 29.782888 29.679104 29.603191 29.53598 29.482763 29.3591 29.609707 29.468603 29.582613 29.657309 29.460749 29.340736 29.343851 29.379356 29.45852 29.448736 29.381786 29.406597 29.458618 29.05129 28.842188 28.696766 28.67225 28.796505 28.75961
30.712015 30.340467 30.39572 30.556715 30.9064 31.129051 31.422863 31.896132 -32767.0 -32767.0 -32767.0 31.521759 30.747837 30.053726 29.949707 29.755266 29.576162 29.687252 29.824053 30.064106 30.231176 30.160522 30.247528 30.272997 30.265944 30.21606 30.228643 30.215378 30.136919 30.148388 30.102934 30.04144 30.050457 30.02821 29.951847 29.798128 29.602287 29.48477 29.428282 29.398375 29.365957 29.600494 29.535648 29.575188 29.547459 29.41703 29.665794 29.68997 29.65943 29.670517 29.758461 29.536766 29.452766 29.446453 29.509253 29.124325 29.051823 28.681402 28.799648 28.834942 28.84271
29.75262 30.15916 30.346838 30.439297 30.57163 30.800411 31.378527 -32767.0 -32767.0 31.425486 -32767.0 30.490145 30.040968 30.102694 29.7829 29.450277 29.228775 29.224836 29.450666 29.731998 30.076517 30.163542 30.147736 30.16767 30.19301 30.108023 30.150183 30.169159 30.103508 30.049475 30.029364 30.051931 30.043095 30.010546 29.879633 29.706463 29.483267 29.379766 29.3865 29.480053 29.542915 29.593456 29.482536 29.532867 29.454777 29.769949 29.704601 29.642029 29.63204 29.50019 29.713776 29.770502 29.80816 29.673859 29.536013 29.396772 29.254623 28.64536 28.941578 28.876896 29.064734
30.211107 30.229403 30.3028 30.395311 30.535389 30.655304 31.233276 32.031693 -32767.0 -32767.0 31.323462 30.366484 30.214474 29.937603 29.528965 29.02721 28.776312 28.99011 29.357367 29.505617 29.721174 29.907494 30.08466 30.112442 30.052488 30.11693 30.15745 30.115772 30.015352 30.023418 30.0747 29.942997 29.90837 29.894524 29.879883 29.904066 29.588541 29.576101 29.510033 29.503632 29.617914 29.42527 29.407726 29.51228 29.422823 29.593266 29.824675 29.838213 29.670452 29.728083 29.896687 29.853893 29.594683 29.329937 29.194092 29.057531 28.746716 28.614122 28.925745 28.896963 28.906736
30.137209 30.157967 30.232563 30.365318 30.472593 30.595505 30.711946 31.329865 -32767.0 -32767.0 30.774485 30.404484 30.27758 30.202892 29.388634 28.911795 28.890112 29.136688 29.690521 30.071844 30.098982 30.235296 30.203636 30.072035 30.017975 30.108368 30.106491 30.026321 30.042126 30.108414 30.097992 30.054502 29.873558 29.744598 29.706379 29.577843 29.698917 29.57541 29.486958 29.576641 29.510359 29.405285 29.313025 29.479961 29.525837 29.5355 29.577267 29.744223 29.720604 29.708931 29.844875 29.892225 29.645025 29.608637 29.496462 29.070133 -32767.0 28.617464 28.805851 28.927378 28.71778
30.005236 30.039246 30.13421 30.290152 30.36972 30.570408 30.555567 30.921694 31.18422 30.950571 30.220535 30.092571 30.254707 30.292952 29.940145 29.674765 29.308865 29.467983 29.820444 30.364151 30.349455 30.240421 30.102615 30.02904 29.992598 30.03326 30.070576 30.013195 30.118906 30.15002 30.159708 30.168264 30.111351 29.951803 29.765684 29.748594 29.719442 29.587894 29.496798 29.460333 29.40884 29.421696 29.330833 29.340189 29.455254 29.461004 29.47839 29.747995 29.730328 29.619122 29.701857 29.862135 29.987877 29.987738 29.918356 29.65403 29.704596 29.10897 28.72999 28.89837 28.817083
29.86291 29.865862 30.007772 30.157454 30.335245 30.474382 30.833416 31.299204 30.960459 -32767.0 -32767.0 -32767.0 30.793718 30.466644 30.398546 29.396467 29.639536 29.989067 29.935387 30.335793 30.273201 30.189436 30.122843 29.99206 29.985352 29.976254 29.956776 30.08161 30.169998 30.202496 30.167469 30.175173 30.20533 30.194286 30.062311 29.803484 29.66342 29.599339 29.511303 29.441868 29.436268 29.430815 29.50091 29.475027 29.454004 29.49125 29.534695 29.806566 29.751406 29.65022 29.753534 29.95239 30.12461 30.126966 30.073502 30.111023 29.977875 29.950533 28.723972 28.829227 28.976816
