static/data/thetao/2023/7/1/12.asc
ncols 137
nrows 93
xllcorner 108.0
yllcorner 17.0
cellsize 0.25
NODATA_value -32767
[rows 27 to 53 of 93, columns 61 to 121 of 137]
23.784576 23.996431 24.16625 24.371145 24.55727 24.564804 24.448904 24.317709 23.952042 23.897068 24.00765 24.040014 -32767.0 -32767.0 23.006056 23.418446 24.24368 24.70949 24.67454 24.550613 24.8078 24.672352 24.77367 24.758738 24.663023 -32767.0 -32767.0 -32767.0 -32767.0 -32767.0 -32767.0 -32767.0 -32767.0 -32767.0 24.016798 23.99066 24.24777 -32767.0 -32767.0 -32767.0 24.669365 24.642317 24.302267 24.407814 24.14804 24.124123 24.531605 24.658659 24.39711 24.699657 23.017466 24.425175 24.43295 24.414597 24.955448 25.311874 26.019087 25.111038 24.639837 24.57295 24.59976
24.421116 24.417822 24.607327 24.65452 24.754395 24.580765 24.367952 24.301153 24.156393 23.969313 23.90285 24.099443 24.143625 24.217367 24.552563 24.59632 24.622854 24.567354 24.45234 24.41984 24.636076 24.839464 24.825882 -32767.0 24.469893 25.082003 -32767.0 -32767.0 26.38458 -32767.0 -32767.0 -32767.0 -32767.0 -32767.0 -32767.0 23.620712 23.366344 -32767.0 -32767.0 23.653837 24.263617 25.370255 25.69611 25.310562 24.423609 24.485441 24.882408 25.042053 24.556757 24.64271 24.074821 24.683498 24.197405 24.257792 24.619358 25.01664 25.656012 26.164711 25.18502 24.634594 24.576971
24.356428 24.375896 24.707193 24.555218 24.327623 24.34873 24.256907 24.171505 23.919308 23.878708 24.001595 24.366182 24.628166 24.703894 24.620737 24.6812 24.617779 24.640072 24.986937 25.014256 24.749557 24.93985 -32767.0 23.880411 24.755693 25.170431 25.365255 25.311693 -32767.0 25.084091 -32767.0 -32767.0 -32767.0 -32767.0 -32767.0 24.764385 25.330069 25.471348 25.84672 25.483795 26.159727 26.498827 26.434738 26.420527 26.080267 24.898594 25.055338 25.043724 24.877897 24.528477 24.964842 24.34532 24.088081 23.991758 24.352869 24.976223 25.457119 26.079187 26.280275 25.95372 24.861282
23.986715 23.914457 23.786459 23.59761 23.508402 23.77768 24.107191 24.062578 23.697638 23.908169 23.983284 24.278774 24.66714 24.788385 24.826454 24.679403 24.753605 24.639517 24.619389 25.167213 25.395836 25.06159 24.944534 24.234116 24.675611 25.085169 25.255413 25.322132 24.779303 25.71885 -32767.0 -32767.0 -32767.0 -32767.0 24.271053 25.488234 26.062677 26.120325 26.182405 26.25571 26.29293 26.346176 26.496195 26.554962 26.381897 25.55624 25.059732 24.97229 24.856037 24.85298 24.808422 24.393682 24.17048 24.078793 24.28008 24.9098 25.257296 25.864334 26.24924 26.368484 26.47677
24.49154 24.6489 24.257633 23.552305 23.352518 23.333242 23.882626 23.728453 23.507217 23.752674 24.065554 24.296988 24.350292 24.524874 24.493687 24.473188 24.628983 24.389837 24.82645 25.34828 25.806856 25.537539 25.231459 25.197868 24.723679 24.781626 25.042295 25.218199 24.76813 25.281422 -32767.0 -32767.0 -32767.0 -32767.0 24.816057 26.086218 26.279114 25.867027 25.731644 26.205725 26.272852 26.328287 26.616098 26.64346 26.652723 26.633966 25.09475 25.09506 25.02392 24.838987 24.707449 24.772133 24.538189 24.30724 24.475557 24.771856 25.195618 25.558262 26.000616 26.323275 26.626884
25.169003 25.113825 25.006958 24.763409 24.119762 24.16491 23.788612 23.47586 23.634829 23.622078 23.783377 24.021143 24.151491 24.351978 24.094767 24.282156 24.415684 24.519144 24.87238 25.577852 25.985607 26.014599 25.900253 25.755314 25.681818 25.427124 25.084517 25.219559 -32767.0 -32767.0 -32767.0 -32767.0 -32767.0 24.817822 25.5042 26.10847 25.928572 25.399767 26.050388 25.718628 25.689905 26.024498 26.176495 26.75547 26.732437 26.719048 26.418869 25.186386 25.146477 24.823076 24.897467 24.882328 24.70538 24.45911 24.808306 24.576967 25.259193 25.539536 26.042974 26.392519 26.668121
25.892527 25.807428 25.45162 25.19656 25.063131 24.740591 23.94069 23.433302 23.348314 23.57257 23.71832 23.853773 24.062725 24.291416 23.987564 24.232628 24.232262 24.746262 25.176975 25.406357 25.7348 25.997026 26.013363 26.001766 26.0415 25.78356 25.550953 25.388983 -32767.0 -32767.0 -32767.0 -32767.0 -32767.0 22.937738 24.608917 25.919401 25.780167 25.475351 25.874283 25.501427 25.927423 26.114954 26.48008 26.870365 26.50691 26.582537 26.818792 25.962097 25.205809 25.07085 24.931293 24.973434 24.724863 24.79363 24.607185 24.809053 25.252361 25.519007 26.100174 26.491308 26.73496
26.013357 25.850925 25.709644 25.420742 25.38193 24.880537 24.144243 23.480991 23.512344 23.497314 23.911228 24.285511 24.465704 24.568624 24.290388 24.20741 24.456047 25.18309 25.811481 26.22838 26.211771 26.179821 26.109032 26.03402 26.070446 25.92363 25.618273 25.505974 25.902231 -32767.0 26.003754 -32767.0 -32767.0 23.236052 24.477879 25.730045 25.665634 25.689768 25.339548 25.776472 26.520248 26.71256 26.983416 26.997972 26.438774 26.284313 26.681957 26.895964 25.41216 25.215641 25.127619 25.059647 24.944805 24.838676 24.768787 24.748327 25.284502 25.536972 26.214705 26.672043 26.760408
25.93896 25.962147 26.123 25.714033 25.645037 25.34981 24.76912 24.253695 23.596266 23.69229 23.928308 24.237066 24.628452 24.719961 24.541737 24.140177 24.472479 25.20608 25.468454 25.938051 26.095068 26.176361 26.311893 26.18391 26.157494 25.965052 25.763233 25.311481 25.567518 25.500162 26.078901 -32767.0 24.695684 24.232256 24.643408 25.17937 25.678146 25.513494 25.51565 26.879608 27.019312 26.54912 26.300547 26.319809 26.371967 26.266233 26.452892 26.927713 25.883186 25.264782 25.296907 25.134796 24.996046 24.858322 24.88134 24.984106 25.50233 25.696312 26.37216 26.805403 26.699024
26.064638 26.272696 26.164404 26.118183 25.875904 25.34457 24.633364 24.294394 24.16706 24.198072 24.087265 24.164913 24.310976 24.677511 24.577423 23.97832 25.14738 25.632984 25.710962 25.866634 25.958344 26.11293 26.353241 26.462814 26.254581 25.847826 25.564352 25.543842 25.791594 25.805212 -32767.0 24.843645 24.99132 25.365751 25.914871 26.137758 26.30558 26.541594 27.200327 27.336552 26.162235 26.456911 26.635376 26.480122 26.196587 26.201674 26.361391 26.817799 26.251066 25.279573 25.379013 25.27737 25.148163 25.043423 25.116186 25.224594 25.745913 25.937767 26.64866 26.853247 26.657288
24.420965 25.078798 25.780346 26.162783 26.30066 25.864714 24.75341 24.348274 24.199183 24.264006 24.661283 24.61394 24.643167 24.492603 24.204456 23.960493 25.218773 25.887705 25.956696 26.03571 26.474674 26.860903 26.908037 26.629196 26.590462 26.115147 25.721855 25.715755 26.181774 26.188606 26.13127 26.499685 25.86076 26.2062 26.555113 27.175734 27.240202 27.578665 27.301214 26.376606 26.131567 26.684464 26.869652 26.73182 26.5307 26.361826 26.425373 26.689848 26.534653 25.335865 25.40804 25.463472 25.358229 25.33314 25.481188 25.65181 25.902622 26.450996 26.829378 26.74211 26.642052
24.654255 25.667978 26.076107 26.223051 26.537317 25.963135 25.075312 24.6309 24.271935 24.220652 24.610874 24.56789 24.383436 24.099173 23.81588 24.25216 24.976315 25.664106 26.076265 26.833614 27.283651 27.472008 27.527145 27.393003 27.059235 26.682976 26.459377 26.212912 -32767.0 27.047209 26.906944 -32767.0 25.623236 26.452402 27.14408 27.150642 27.379269 27.5782 27.079836 26.103655 26.073189 26.574055 26.899729 26.762121 26.602406 26.488997 26.480968 26.43171 26.92802 25.628143 25.424618 25.463932 25.537004 25.578304 25.658922 25.905077 26.410612 26.851257 26.84973 26.673553 26.60782
25.43441 26.48976 26.71028 26.75719 26.826408 26.111326 25.319351 24.647835 24.083261 24.222773 24.531914 24.389187 24.116957 23.863628 24.239023 24.631735 24.89341 25.873957 26.605618 27.136219 27.572388 27.851385 27.91073 27.81615 27.715784 27.405884 27.14737 26.865181 26.625711 -32767.0 27.14394 26.16008 26.679985 26.717155 26.99257 27.44392 27.654192 27.54247 27.008142 26.448336 26.003195 26.438684 26.746304 26.899658 26.682262 26.658346 26.472385 26.662195 26.500912 26.853441 26.418749 26.253925 26.333826 26.486456 26.71631 26.971336 27.000046 26.825481 26.735651 26.63239 26.347902
25.86694 26.416946 26.798098 26.993406 26.859884 26.66739 26.098423 25.233967 24.550266 24.34485 24.347057 24.449247 24.609547 24.563173 24.608765 24.753065 25.619051 26.361462 26.728157 26.859838 27.104975 27.822006 28.073545 28.062962 27.81801 27.87741 27.757725 27.574713 27.173428 26.76651 26.812363 27.29443 27.444275 27.506573 27.774195 27.788252 27.818668 27.561192 27.059164 27.076506 26.610823 26.708147 26.854898 26.913284 27.011328 26.858538 26.796642 26.575712 26.544863 26.54963 26.621899 26.615566 26.55522 26.569899 26.75884 26.830473 26.77185 26.892164 26.712297 26.518549 26.209036
23.46084 25.165865 26.656591 26.863167 27.103504 27.057281 26.68709 26.101515 25.8419 25.707296 25.443382 25.221092 25.209032 24.987398 24.97055 25.145002 25.899195 26.254362 26.578316 26.831749 26.86409 27.892183 28.163214 28.155571 27.854717 27.69478 27.880188 27.46369 27.67665 27.596676 27.64645 27.93086 27.860058 27.830563 27.865255 27.767515 27.758171 27.579527 27.4002 27.024286 26.809221 26.664263 26.616661 26.670166 26.989868 27.11309 26.990911 26.877964 26.767834 26.595325 26.477535 26.558535 26.67787 26.814905 26.959705 27.053785 27.090431 26.756668 26.629953 26.318205 26.282541
26.01157 26.787342 26.439621 27.165737 27.353523 27.34909 27.33847 27.196278 26.933802 26.756336 26.398499 26.095133 25.635065 25.447859 25.632069 25.914797 26.189274 26.440866 26.722212 27.114489 27.760542 28.202156 28.23626 28.155283 27.7307 27.711748 27.778248 27.925756 27.713531 27.88793 27.828976 27.87608 27.909578 27.916117 27.990067 27.896185 27.530975 27.559044 27.375872 27.273329 26.692612 26.662523 26.664398 26.704624 26.773344 27.19929 27.134636 27.02011 26.912964 26.859547 26.940134 27.053516 27.114779 27.144339 27.143728 26.898697 26.77377 26.680197 26.383543 26.322187 26.139816
26.127815 26.96279 27.240782 27.224274 27.573542 27.646189 27.583363 27.43395 27.200064 26.75645 26.320024 26.014019 25.93238 26.074541 26.261824 26.438684 26.826973 27.337677 27.845036 28.17541 28.29883 28.063108 28.234076 28.045279 27.345406 27.630878 27.65262 27.915522 27.81611 27.921995 27.81196 27.835192 27.889103 27.976852 27.925573 27.594734 27.32548 27.585876 27.539173 27.388609 26.964636 26.839304 26.898376 26.94118 27.028591 27.174881 27.202854 27.09376 27.06861 26.988691 26.878035 26.977259 27.017323 27.058788 26.89575 26.817293 26.688442 26.542091 26.33294 26.356544 26.208176
26.661972 27.268616 27.716301 27.501534 27.710823 27.732693 27.583393 27.184694 26.63487 26.663685 26.654251 26.518858 26.534334 26.467134 26.69512 27.073643 27.795181 28.361269 28.53371 28.469725 28.110453 27.625801 28.165598 27.710068 26.918943 27.286116 27.751581 27.603535 27.909662 27.877537 27.755262 27.539839 27.788328 27.720613 27.189222 27.187819 27.0453 27.028967 26.91672 26.874802 26.965258 27.15634 27.259579 27.290781 27.269388 27.217499 27.164387 27.0975 27.011774 27.152294 27.173067 26.944904 26.904434 27.04627 26.788822 26.651539 26.488314 26.445776 26.315792 26.301779 26.146412
27.375166 27.745794 27.989037 27.763514 27.708462 27.690407 27.547934 27.099491 26.975313 27.066319 26.921904 26.86667 26.932459 27.010721 27.328106 28.108837 28.62812 28.65903 28.520716 28.09522 27.5649 28.039106 27.853128 27.284456 27.24837 27.16036 27.486547 27.763391 27.557255 27.721508 27.880022 27.968035 27.484241 27.069426 27.062983 27.05872 27.083395 27.118942 27.218214 27.306017 27.368624 27.287943 27.259531 27.313313 27.400175 27.139446 27.12442 27.077301 27.24564 26.92325 26.952162 26.930342 26.815323 26.689478 26.672611 26.489178 26.470161 26.61883 26.262903 26.258549 26.01479
28.103441 28.321875 28.225063 27.977774 27.674395 27.597696 27.434269 27.22582 27.206205 27.20115 27.116646 27.031218 27.300804 27.679262 28.452017 28.590902 28.837248 28.65221 28.295853 27.765959 28.070208 27.900484 27.340284 27.856337 27.711788 27.677128 27.799229 27.77446 27.193768 27.493153 27.341795 27.120848 27.1534 27.173973 27.256184 27.353271 27.41657 27.457083 27.441633 27.369951 27.164396 27.073616 27.102283 27.172054 27.343231 27.078487 27.207615 27.115799 26.955442 26.884512 26.81809 26.874878 26.812721 26.675758 26.554987 26.504559 26.625113 26.536337 26.41334 26.436787 26.24104
28.531858 28.462082 28.24321 28.044174 27.57272 27.563522 27.230644 27.271606 27.309595 27.20099 27.107489 27.21214 27.569529 28.410416 28.566422 28.813293 28.8984 28.338943 27.98868 28.133617 28.046745 27.420876 27.238075 27.288998 -32767.0 26.831715 27.375912 26.673271 27.026997 27.213116 27.261515 27.260632 27.292467 27.303474 27.534159 27.51643 27.435726 27.504005 27.193935 26.99205 26.903828 26.959658 26.915295 27.03403 27.216637 27.094498 27.20465 27.069733 26.986223 26.744614 26.722624 26.646366 26.859388 26.813356 26.501936 26.665998 27.027145 27.004963 26.573957 26.344238 26.44384
28.386951 28.387196 28.263433 28.245667 27.900286 27.591742 27.472286 27.461752 27.412296 27.36716 27.13408 27.195414 28.20084 28.137482 28.457975 28.788351 29.103813 28.209936 28.188421 28.019918 27.7205 27.263247 27.491312 27.429974 26.258097 26.756136 26.976742 27.235695 27.215218 27.313343 27.459547 27.607412 27.768358 27.872217 27.552292 27.492085 27.457006 27.158134 26.864801 26.887373 27.006363 26.978096 26.95739 27.040934 27.086464 27.242704 27.152332 27.121042 26.8983 26.94886 27.022625 26.974098 26.918434 27.01488 27.046417 26.963142 27.316467 27.158936 26.529388 26.356495 26.344149
28.216078 28.393103 28.465088 28.339916 28.194681 27.906706 27.555748 27.593216 27.474874 27.382198 27.268509 27.56913 28.197187 28.033964 28.288683 28.700844 29.119474 28.25277 28.091927 27.312881 27.300592 27.351355 27.677734 -32767.0 26.954306 27.088501 27.213057 27.233046 27.610598 27.741013 27.827269 27.955795 27.76941 27.495068 27.50066 27.386902 27.197882 27.060389 26.955482 27.081827 27.256815 27.021103 27.013588 27.121845 27.26302 27.282701 27.138966 27.257452 27.307013 27.329542 27.39008 27.311827 27.234184 27.185024 27.196194 27.19247 27.395966 27.230396 26.78939 26.922647 27.020477
28.185797 28.23837 28.355532 28.19855 28.241375 28.090794 27.761787 27.622152 27.589266 27.456713 27.459063 27.662949 27.930386 28.287325 28.703592 28.841452 29.113005 28.32068 27.693922 27.328432 27.499659 27.609406 27.455526 26.913906 27.233566 27.204046 27.212124 27.553116 27.672636 27.715668 27.761833 27.539566 27.58134 27.418882 27.416456 27.186485 27.258217 27.157776 27.044794 27.104935 27.216782 27.090324 27.152159 27.272966 27.365032 27.259651 27.338633 27.271671 27.876947 28.050524 27.986355 27.982052 28.081184 28.097637 28.01853 27.871063 27.642202 27.400583 27.102968 27.159746 27.308609
28.302925 28.255066 28.267181 27.995949 28.013512 27.800455 27.68924 27.63599 27.631739 27.658722 27.74654 28.189768 28.622398 28.81219 28.916061 29.02386 29.124062 28.273228 27.947746 27.288445 27.403608 27.383003 26.8958 27.126091 27.361391 27.200409 27.356464 27.7667 27.621035 27.627779 27.723166 27.80411 27.654634 27.383371 27.388136 27.315962 27.294546 27.39214 27.301523 27.140587 27.27599 27.253824 27.297682 27.407032 27.363594 27.265232 27.579287 28.187445 28.057972 27.895542 27.98222 28.100414 28.123219 28.08697 28.058908 27.82354 27.6375 27.536388 27.218542 27.44146 27.689114
28.280293 28.317717 28.163042 28.127157 28.00649 27.940834 27.816912 27.750774 27.758272 27.865448 28.349672 28.7339 28.73629 28.784447 29.00902 29.118977 28.480877 28.292572 28.351433 27.822592 27.59059 26.97093 27.18304 27.416656 27.39327 27.283974 27.455444 27.809084 27.65805 27.817207 27.859331 28.024921 27.909744 27.473246 27.432125 27.348852 27.280558 27.3699 27.464724 27.229387 27.134941 27.284122 27.432566 27.547052 27.387268 27.572851 27.954153 28.203543 27.87212 28.03428 28.210106 28.316994 28.142946 28.176401 28.167221 28.237524 27.841318 27.880814 27.912407 28.434776 29.05613
28.588602 28.28342 28.313038 28.292635 28.221571 28.14888 28.12378 28.196463 28.27658 28.510841 28.668468 28.984411 28.759737 28.799685 28.584564 28.438828 28.26143 28.354443 28.434875 28.346846 -32767.0 27.845776 27.264727 27.357107 27.326344 27.28244 27.622177 27.697763 27.735834 27.763973 27.945976 28.122667 27.95651 27.716028 27.579552 27.366041 27.343132 27.288704 27.38832 27.49859 27.336622 27.455177 27.646606 27.621037 27.503262 27.72833 28.228783 28.045015 28.009224 27.985691 28.166824 28.392532 28.481112 28.340578 28.39567 28.460094 28.371786 28.0969 28.492405 28.977673 29.355156
