static/data/thetao/2023/7/1/18.asc
ncols 137
nrows 93
xllcorner 108.0
yllcorner 17.0
cellsize 0.25
NODATA_value -32767
[rows 54 to 80 of 93, columns 0 to 60 of 137]
-32767.0 -32767.0 -32767.0 -32767.0 -32767.0 -32767.0 -32767.0 -32767.0 -32767.0 -32767.0 -32767.0 -32767.0 -32767.0 -32767.0 -32767.0 -32767.0 -32767.0 -32767.0 -32767.0 -32767.0 -32767.0 -32767.0 -32767.0 -32767.0 -32767.0 -32767.0 -32767.0 -32767.0 -32767.0 -32767.0 -32767.0 -32767.0 -32767.0 -32767.0 -32767.0 -32767.0 -32767.0 -32767.0 -32767.0 -32767.0 -32767.0 -32767.0 -32767.0 -32767.0 -32767.0 -32767.0 -32767.0 -32767.0 25.314934 24.6517 26.431488 27.214003 27.92405 28.890142 29.192806 29.163086 29.136686 29.017109 28.458065 28.389406 28.383368
-32767.0 -32767.0 -32767.0 -32767.0 -32767.0 -32767.0 -32767.0 -32767.0 -32767.0 -32767.0 -32767.0 -32767.0 -32767.0 -32767.0 -32767.0 -32767.0 -32767.0 -32767.0 -32767.0 -32767.0 -32767.0 -32767.0 -32767.0 -32767.0 -32767.0 -32767.0 -32767.0 -32767.0 -32767.0 -32767.0 -32767.0 -32767.0 -32767.0 -32767.0 -32767.0 -32767.0 -32767.0 -32767.0 -32767.0 -32767.0 -32767.0 -32767.0 -32767.0 -32767.0 -32767.0 -32767.0 -32767.0 29.730053 -32767.0 26.498957 26.772743 27.53891 28.435375 29.207079 29.268068 29.327368 29.200869 28.812374 28.623745 28.427128 28.333641
-32767.0 -32767.0 -32767.0 -32767.0 -32767.0 -32767.0 -32767.0 -32767.0 -32767.0 -32767.0 -32767.0 -32767.0 -32767.0 -32767.0 -32767.0 -32767.0 -32767.0 -32767.0 -32767.0 -32767.0 -32767.0 -32767.0 -32767.0 -32767.0 -32767.0 -32767.0 -32767.0 -32767.0 -32767.0 -32767.0 -32767.0 -32767.0 -32767.0 -32767.0 -32767.0 -32767.0 -32767.0 -32767.0 -32767.0 -32767.0 -32767.0 -32767.0 -32767.0 -32767.0 -32767.0 -32767.0 -32767.0 28.98229 25.581804 26.477745 26.625153 27.96857 28.465887 29.165005 29.378593 29.301977 29.176725 28.742935 27.992994 28.01883 27.919409
-32767.0 -32767.0 -32767.0 -32767.0 -32767.0 -32767.0 -32767.0 -32767.0 -32767.0 -32767.0 -32767.0 -32767.0 -32767.0 -32767.0 -32767.0 -32767.0 -32767.0 -32767.0 -32767.0 -32767.0 -32767.0 -32767.0 -32767.0 -32767.0 -32767.0 -32767.0 -32767.0 -32767.0 -32767.0 -32767.0 -32767.0 -32767.0 -32767.0 -32767.0 -32767.0 -32767.0 -32767.0 -32767.0 -32767.0 -32767.0 -32767.0 -32767.0 -32767.0 -32767.0 -32767.0 -32767.0 -32767.0 27.420868 25.681082 24.68714 26.653793 27.752321 28.841858 29.280762 29.398952 29.401005 29.039135 28.100233 28.202442 28.529907 28.757238
-32767.0 -32767.0 -32767.0 -32767.0 -32767.0 -32767.0 -32767.0 -32767.0 -32767.0 -32767.0 -32767.0 -32767.0 -32767.0 -32767.0 -32767.0 -32767.0 -32767.0 -32767.0 -32767.0 -32767.0 -32767.0 -32767.0 -32767.0 -32767.0 -32767.0 -32767.0 -32767.0 -32767.0 -32767.0 -32767.0 -32767.0 -32767.0 -32767.0 -32767.0 -32767.0 -32767.0 -32767.0 -32767.0 -32767.0 -32767.0 -32767.0 -32767.0 -32767.0 -32767.0 -32767.0 30.415487 -32767.0 28.373842 25.006277 25.676184 26.77068 27.938736 28.977184 29.622608 29.646238 29.533682 28.808315 28.11168 28.513134 28.780405 28.995127
-32767.0 -32767.0 -32767.0 -32767.0 -32767.0 -32767.0 -32767.0 -32767.0 -32767.0 -32767.0 -32767.0 -32767.0 -32767.0 -32767.0 -32767.0 -32767.0 -32767.0 -32767.0 -32767.0 -32767.0 -32767.0 -32767.0 -32767.0 -32767.0 -32767.0 -32767.0 -32767.0 -32767.0 -32767.0 -32767.0 -32767.0 -32767.0 -32767.0 -32767.0 -32767.0 -32767.0 -32767.0 -32767.0 -32767.0 -32767.0 -32767.0 -32767.0 -32767.0 -32767.0 -32767.0 -32767.0 27.258013 25.171873 26.483662 27.627184 28.646828 28.359999 29.144875 29.690811 29.79611 29.730743 29.189173 28.04216 29.009548 29.45572 29.752542
-32767.0 -32767.0 -32767.0 -32767.0 -32767.0 -32767.0 -32767.0 -32767.0 -32767.0 -32767.0 -32767.0 -32767.0 -32767.0 -32767.0 -32767.0 -32767.0 -32767.0 -32767.0 -32767.0 -32767.0 -32767.0 -32767.0 -32767.0 -32767.0 -32767.0 -32767.0 -32767.0 -32767.0 -32767.0 -32767.0 -32767.0 -32767.0 -32767.0 -32767.0 -32767.0 -32767.0 -32767.0 -32767.0 -32767.0 -32767.0 -32767.0 -32767.0 -32767.0 -32767.0 28.891518 26.046925 25.911196 26.889383 27.923203 29.496786 29.195915 28.946514 -32767.0 -32767.0 -32767.0 -32767.0 29.57905 28.206818 29.172094 29.391733 29.52663
-32767.0 -32767.0 -32767.0 -32767.0 -32767.0 -32767.0 -32767.0 -32767.0 -32767.0 -32767.0 -32767.0 -32767.0 -32767.0 -32767.0 -32767.0 -32767.0 -32767.0 -32767.0 -32767.0 -32767.0 -32767.0 -32767.0 -32767.0 -32767.0 -32767.0 -32767.0 -32767.0 -32767.0 -32767.0 -32767.0 -32767.0 -32767.0 -32767.0 -32767.0 -32767.0 -32767.0 -32767.0 -32767.0 -32767.0 -32767.0 -32767.0 -32767.0 -32767.0 26.471636 25.490831 27.345121 27.473778 27.243422 28.722677 29.108816 29.398184 29.595291 -32767.0 -32767.0 -32767.0 -32767.0 27.800459 28.38478 29.175776 29.358397 29.320734
-32767.0 -32767.0 -32767.0 -32767.0 -32767.0 -32767.0 -32767.0 -32767.0 -32767.0 -32767.0 -32767.0 -32767.0 -32767.0 -32767.0 -32767.0 -32767.0 -32767.0 -32767.0 -32767.0 -32767.0 -32767.0 -32767.0 -32767.0 -32767.0 -32767.0 -32767.0 -32767.0 -32767.0 -32767.0 -32767.0 -32767.0 -32767.0 -32767.0 -32767.0 -32767.0 -32767.0 -32767.0 -32767.0 -32767.0 -32767.0 -32767.0 29.68207 29.424038 27.061657 27.62477 26.674913 27.144163 28.420757 29.177925 28.964506 29.17552 -32767.0 -32767.0 -32767.0 -32767.0 -32767.0 27.608707 27.883112 28.964182 29.336117 29.296577
-32767.0 -32767.0 -32767.0 -32767.0 -32767.0 -32767.0 -32767.0 -32767.0 -32767.0 -32767.0 -32767.0 -32767.0 -32767.0 -32767.0 -32767.0 -32767.0 -32767.0 -32767.0 -32767.0 -32767.0 -32767.0 -32767.0 -32767.0 -32767.0 -32767.0 -32767.0 -32767.0 -32767.0 -32767.0 -32767.0 -32767.0 -32767.0 -32767.0 -32767.0 -32767.0 -32767.0 -32767.0 -32767.0 -32767.0 -32767.0 -32767.0 27.064804 27.809616 28.010181 26.449982 28.310171 28.709929 28.849716 28.43271 27.797798 30.574314 -32767.0 -32767.0 -32767.0 -32767.0 27.942339 28.901419 28.669518 29.221886 29.500668 29.309431
-32767.0 -32767.0 -32767.0 -32767.0 -32767.0 -32767.0 -32767.0 -32767.0 -32767.0 -32767.0 -32767.0 -32767.0 -32767.0 -32767.0 -32767.0 -32767.0 -32767.0 -32767.0 -32767.0 -32767.0 -32767.0 -32767.0 -32767.0 -32767.0 -32767.0 -32767.0 -32767.0 -32767.0 -32767.0 -32767.0 -32767.0 -32767.0 -32767.0 -32767.0 -32767.0 -32767.0 -32767.0 -32767.0 -32767.0 28.087294 26.551912 26.488405 26.834957 25.544567 27.23768 29.406834 28.83923 28.617222 29.210012 30.79804 -32767.0 -32767.0 -32767.0 -32767.0 -32767.0 28.853819 29.361996 28.958271 29.361834 29.491568 29.360388
-32767.0 -32767.0 -32767.0 -32767.0 -32767.0 -32767.0 -32767.0 -32767.0 -32767.0 -32767.0 -32767.0 -32767.0 -32767.0 -32767.0 -32767.0 -32767.0 -32767.0 -32767.0 -32767.0 -32767.0 -32767.0 -32767.0 -32767.0 -32767.0 -32767.0 -32767.0 -32767.0 -32767.0 -32767.0 -32767.0 -32767.0 -32767.0 -32767.0 -32767.0 -32767.0 -32767.0 -32767.0 -32767.0 26.471926 24.897852 24.912107 25.190165 25.312382 26.926641 28.516144 29.372892 28.738682 29.059347 29.980728 30.756407 -32767.0 -32767.0 -32767.0 -32767.0 -32767.0 29.17158 29.47437 29.447119 29.355368 29.452143 29.259909
-32767.0 -32767.0 -32767.0 -32767.0 -32767.0 -32767.0 -32767.0 -32767.0 -32767.0 -32767.0 -32767.0 -32767.0 -32767.0 -32767.0 -32767.0 -32767.0 -32767.0 -32767.0 -32767.0 -32767.0 -32767.0 -32767.0 -32767.0 -32767.0 -32767.0 -32767.0 -32767.0 -32767.0 -32767.0 -32767.0 -32767.0 -32767.0 -32767.0 -32767.0 -32767.0 -32767.0 26.148027 25.69128 24.036427 23.760384 24.77972 27.209398 28.674404 29.36947 29.194914 28.729029 -32767.0 29.438356 29.94955 -32767.0 -32767.0 -32767.0 -32767.0 -32767.0 29.29302 29.616385 29.609606 29.406378 29.58168 29.438107 29.09322
-32767.0 -32767.0 -32767.0 -32767.0 -32767.0 -32767.0 -32767.0 -32767.0 -32767.0 -32767.0 -32767.0 -32767.0 -32767.0 -32767.0 -32767.0 -32767.0 -32767.0 -32767.0 -32767.0 -32767.0 -32767.0 -32767.0 -32767.0 -32767.0 -32767.0 -32767.0 -32767.0 -32767.0 -32767.0 -32767.0 -32767.0 -32767.0 -32767.0 -32767.0 -32767.0 25.027727 23.447115 26.693254 28.264612 28.260326 27.894762 28.745426 29.41406 29.655746 29.54857 29.281004 -32767.0 29.743765 29.895588 -32767.0 -32767.0 -32767.0 -32767.0 -32767.0 29.052813 29.467688 29.54608 29.56276 29.645716 29.31936 29.206436
-32767.0 -32767.0 -32767.0 -32767.0 -32767.0 -32767.0 -32767.0 -32767.0 -32767.0 -32767.0 -32767.0 -32767.0 -32767.0 -32767.0 -32767.0 -32767.0 -32767.0 -32767.0 -32767.0 -32767.0 -32767.0 -32767.0 -32767.0 -32767.0 -32767.0 -32767.0 -32767.0 -32767.0 -32767.0 -32767.0 -32767.0 -32767.0 -32767.0 -32767.0 -32767.0 26.990978 28.125193 28.538668 29.020359 29.112486 28.995073 29.1749 29.272383 25.864838 23.495182 26.405746 29.354513 29.491913 29.7549 -32767.0 -32767.0 -32767.0 -32767.0 -32767.0 29.712961 29.547722 29.604557 29.481524 29.094027 29.184336 29.35503
-32767.0 -32767.0 -32767.0 -32767.0 -32767.0 -32767.0 -32767.0 -32767.0 -32767.0 -32767.0 -32767.0 -32767.0 -32767.0 -32767.0 -32767.0 -32767.0 -32767.0 -32767.0 -32767.0 -32767.0 -32767.0 -32767.0 -32767.0 -32767.0 -32767.0 -32767.0 -32767.0 30.71472 -32767.0 29.145086 -32767.0 28.42987 28.032585 27.560244 27.857725 28.504023 29.03005 29.674065 29.886044 29.591274 29.705275 28.926308 29.49601 25.475098 27.481655 29.335014 29.464743 29.445969 29.488035 -32767.0 -32767.0 -32767.0 -32767.0 29.602806 29.684177 29.47327 29.527962 29.316486 29.05144 29.186527 29.331295
-32767.0 -32767.0 -32767.0 -32767.0 -32767.0 -32767.0 -32767.0 -32767.0 -32767.0 -32767.0 -32767.0 -32767.0 -32767.0 -32767.0 -32767.0 -32767.0 -32767.0 -32767.0 -32767.0 -32767.0 -32767.0 -32767.0 -32767.0 31.566015 -32767.0 -32767.0 26.533592 27.195826 27.545805 27.635946 27.984612 28.417233 28.609251 29.051641 29.290474 29.852905 30.241045 30.318413 30.030836 29.818617 29.633566 29.556578 29.391546 29.33578 29.29737 29.251204 29.414736 29.498861 29.633348 29.816254 -32767.0 -32767.0 28.881615 29.474535 29.906517 29.397175 29.62372 28.93738 29.307747 29.384375 29.28884
-32767.0 -32767.0 -32767.0 -32767.0 -32767.0 -32767.0 -32767.0 -32767.0 -32767.0 -32767.0 -32767.0 -32767.0 -32767.0 -32767.0 -32767.0 -32767.0 -32767.0 -32767.0 -32767.0 -32767.0 -32767.0 -32767.0 -32767.0 30.488714 31.733032 28.29779 27.721178 29.01811 29.392859 29.77511 30.236197 30.457762 30.446577 30.609974 30.386507 30.289001 29.974514 29.897608 29.759361 29.681376 29.49783 29.305218 29.311037 29.397463 29.429491 29.42962 29.588629 29.716377 29.699327 29.664001 29.645218 -32767.0 28.856924 29.865673 29.654226 29.545847 29.615673 28.916555 29.426962 29.318398 29.27713
-32767.0 -32767.0 -32767.0 -32767.0 -32767.0 -32767.0 -32767.0 -32767.0 -32767.0 -32767.0 -32767.0 -32767.0 -32767.0 -32767.0 -32767.0 -32767.0 -32767.0 -32767.0 -32767.0 -32767.0 32.192 31.26657 30.830341 29.143295 27.511662 -32767.0 29.662523 30.265043 30.658714 30.606112 30.447744 30.366087 30.344902 30.29178 30.173399 30.073751 29.97643 29.82233 29.720383 29.599283 29.482384 29.475353 29.531683 29.478416 29.551092 29.66213 29.462076 29.53556 29.598572 29.64915 29.608437 -32767.0 28.746498 30.044525 29.578552 29.657682 29.21186 28.828274 28.894691 29.295893 29.14201
-32767.0 -32767.0 31.561527 -32767.0 -32767.0 -32767.0 -32767.0 -32767.0 -32767.0 -32767.0 -32767.0 -32767.0 -32767.0 -32767.0 -32767.0 -32767.0 32.149292 -32767.0 31.833782 31.350283 30.078629 28.248972 28.251781 29.009169 29.66852 30.380987 30.46477 30.405506 30.44223 30.40483 30.378237 30.361713 30.29621 30.221148 30.160433 30.09918 29.99887 29.855095 29.720043 29.641865 29.613188 29.589012 29.490824 29.622774 29.547665 29.538479 29.632524 29.688904 29.658777 29.669039 29.870834 29.943413 29.86938 29.50584 29.564928 29.576895 28.953907 28.899662 28.801552 29.03323 29.013176
-32767.0 31.216164 31.237806 31.286005 31.610981 -32767.0 32.141014 31.90872 -32767.0 -32767.0 -32767.0 -32767.0 -32767.0 32.106773 31.574598 30.586447 30.067188 29.968317 30.204252 30.349236 30.204336 29.296017 29.772264 30.293308 30.32408 30.29949 30.424976 30.484793 30.353327 30.339897 30.348324 30.308258 30.251677 30.221891 30.156525 30.090483 29.976961 29.861803 29.749119 29.645386 29.562567 29.440214 29.606691 29.546991 29.636007 29.658537 29.479492 29.43388 29.43517 29.468294 29.526516 29.625544 29.652407 29.582453 29.537395 29.437067 29.135075 28.932327 28.733927 28.815615 28.87411
30.91899 30.546154 30.587317 30.77974 31.066751 31.332018 31.62044 32.164448 -32767.0 -32767.0 -32767.0 31.70046 30.998981 30.2533 30.02821 29.869694 29.695614 29.710955 29.841797 29.957943 30.20104 30.217745 30.21172 30.23583 30.29666 30.328804 30.31475 30.332647 30.286173 30.28873 30.27543 30.27447 30.281261 30.216963 30.068514 29.944864 29.763369 29.560223 29.505913 29.442127 29.356003 29.599344 29.573034 29.623026 29.570839 29.581005 29.765339 29.702095 29.68199 29.602148 29.696339 29.723194 29.63564 29.606798 29.585274 29.497637 29.349434 28.9085 28.836056 28.85962 28.897156
29.747198 30.287706 30.4921 30.571135 30.709887 30.979733 31.581148 -32767.0 -32767.0 31.618813 -32767.0 30.484356 30.126852 30.188257 30.022455 29.679502 29.506182 29.376923 29.441118 29.643066 29.938013 30.124897 30.170431 30.145489 30.17724 30.204618 30.185371 30.189356 30.216106 30.164972 30.174082 30.208124 30.14758 30.08548 29.969627 29.813843 29.616274 29.422451 29.389622 29.45265 29.527609 29.596468 29.510284 29.563684 29.544912 29.743492 29.791395 29.756296 29.639898 29.743681 29.831326 29.892786 29.865583 29.656788 29.656443 29.537949 29.51922 28.77522 28.98526 28.922176 29.18935
30.377443 30.364302 30.458752 30.579737 30.68078 30.81032 31.455421 32.283577 -32767.0 -32767.0 31.552847 30.518093 30.425367 29.919844 29.747314 29.304289 28.855036 28.922874 29.290642 29.628464 29.693117 29.818155 29.978754 30.09253 30.047941 30.077408 30.189032 30.162056 30.127394 30.092756 30.151827 30.042118 29.970608 29.951244 29.951101 29.960392 29.617594 29.605114 29.529572 29.49605 29.622635 29.425291 29.45205 29.51171 29.590822 29.728886 29.814445 29.781006 29.728703 29.652754 29.899273 29.880777 29.571667 29.596622 29.359362 29.301472 28.963356 28.744839 29.026989 28.990192 29.053173
30.252445 30.2913 30.368599 30.51992 30.599371 30.757053 30.881025 31.535809 -32767.0 -32767.0 30.87217 30.538548 30.349564 30.338585 29.660404 29.31305 29.188204 29.244978 29.45793 30.08407 30.164343 30.177338 30.14501 30.067728 29.964844 30.027105 30.129354 30.1394 30.106398 30.162336 30.151531 30.131052 29.938482 29.786875 29.788084 29.6295 29.720499 29.606125 29.50196 29.588001 29.498695 29.391119 29.34711 29.535719 29.544346 29.58132 29.625816 29.719376 29.75796 29.605322 29.86439 30.010073 30.063332 29.981709 29.576406 29.310856 -32767.0 28.74018 28.970646 29.034021 28.822727
30.114796 30.152184 30.253624 30.422224 30.515453 30.728365 30.679073 31.064566 31.43426 31.233313 30.300732 30.12129 30.289585 30.379156 30.167393 29.93515 29.420246 29.477694 29.59053 30.232937 30.319006 30.187855 30.051403 29.931684 29.92316 29.904032 30.078108 30.04149 30.13707 30.161484 30.16625 30.220644 30.170359 29.983402 29.813719 29.781023 29.728752 29.587627 29.505873 29.558807 29.436958 29.411594 29.331392 29.403467 29.502676 29.514536 29.523438 29.72932 29.787983 29.648396 30.044704 30.226555 30.32797 30.062838 29.875587 30.020994 29.880684 29.383997 28.858303 29.02251 28.928505
29.991783 29.988066 30.106499 30.28827 30.454823 30.619436 30.923124 31.503437 31.1409 -32767.0 -32767.0 -32767.0 30.92432 30.593573 30.430939 29.5513 29.502623 30.011814 29.850693 30.214613 30.252268 30.124928 30.075136 29.99715 29.899109 29.950403 29.961195 30.087887 30.171156 30.19014 30.219486 30.2248 30.246185 30.212395 30.101746 29.816786 29.676432 29.592043 29.496445 29.430683 29.407442 29.435186 29.474226 29.499346 29.524475 29.565258 29.607147 29.86276 29.871592 29.665768 29.92848 29.942352 30.352077 30.24572 30.077883 30.133324 30.05593 29.985409 28.886747 28.98266 29.10283
