static/data/thetao/2023/7/1/6.asc
ncols 137
nrows 93
xllcorner 108.0
yllcorner 17.0
cellsize 0.25
NODATA_value -32767
[rows 54 to 80 of 93, columns 61 to 121 of 137]
28.584715 28.551619 28.385778 28.18582 27.952175 28.01685 28.146915 28.2639 28.46932 28.90657 29.197485 28.82186 28.867468 28.158785 28.158485 28.323225 28.122637 27.979904 28.156408 27.501478 27.301922 27.669884 27.588297 27.440842 27.417038 27.489048 27.836887 27.746336 27.81199 27.92272 28.03049 28.239624 28.097849 27.92025 27.732603 27.564823 27.527645 27.559065 27.461256 27.57499 27.74304 27.834404 27.794737 27.700516 27.751036 27.962101 28.282745 28.247643 28.40706 28.292324 28.361694 28.70353 28.959751 29.07081 29.124205 29.105833 29.090212 29.208311 29.488014 29.804066 29.97263
28.36056 28.253944 28.11127 27.880474 27.750227 28.334665 28.837873 28.997204 28.999052 28.737244 28.834932 28.924625 28.265484 28.240772 28.159273 28.17143 28.175606 28.287172 -32767.0 26.74494 27.585875 27.639444 27.8841 27.683754 27.425415 27.658247 27.950191 27.836578 27.906317 27.951452 28.223967 28.337809 28.234999 28.03892 27.732153 27.854734 27.64008 27.563263 27.588017 27.581491 27.629137 27.717075 27.712399 27.698738 27.810839 28.187817 28.292736 28.444319 28.736317 28.46787 28.642141 29.128977 29.455236 29.524397 29.514112 29.536423 29.637455 29.5782 29.58735 29.820513 29.67347
27.97762 28.129002 28.153164 28.154999 28.29598 28.42564 28.779812 28.86385 28.768105 28.703705 28.695976 28.603281 28.16755 28.30881 28.38424 28.38773 28.438019 28.351748 28.410278 28.33242 28.242094 28.203138 28.08823 27.997824 27.922068 27.839045 28.158133 28.00895 28.020182 28.146631 28.260563 28.4438 28.369429 28.287455 28.243164 28.2657 28.110909 27.686567 27.474457 27.564226 27.607233 27.62694 27.642073 27.741802 27.96003 28.344172 28.400007 28.398233 28.501888 28.595047 29.349602 29.826374 29.882706 29.890423 29.483091 29.602804 29.592857 29.59226 29.623682 29.68311 29.564669
28.633656 28.572758 28.696249 28.814749 28.808329 28.724285 28.83885 28.6081 28.556828 28.70595 28.915152 28.124989 28.2341 28.423859 28.587683 28.698412 28.74247 28.75014 28.743944 28.726768 28.703053 28.690372 28.535507 28.390167 28.317968 28.287094 28.372461 28.244791 28.097296 28.222273 28.278816 28.448595 28.486486 28.44504 28.44109 28.518913 28.538662 28.494577 28.169899 27.431929 27.594225 27.531054 27.568462 27.731634 27.94216 28.31739 28.444176 28.408705 28.67848 29.384647 29.936396 29.881521 29.793901 29.956764 29.372076 29.412073 29.602505 29.395624 29.439007 29.508686 29.463413
29.015457 28.885704 29.09654 29.17535 28.985014 28.989525 28.736435 28.695993 28.873102 28.903288 28.019543 28.169603 28.43454 28.61977 28.701818 28.710808 28.77075 28.80902 28.762735 28.65721 28.604595 28.626886 28.641628 28.566254 28.486303 28.40682 28.40658 28.286478 28.140907 28.2253 28.27586 28.448734 28.569487 28.668293 28.688942 28.742731 28.620537 28.436277 28.3484 28.2659 27.983921 27.510483 27.598917 27.912645 28.132692 28.343248 28.433401 28.627443 29.41007 29.797354 29.905064 29.515635 29.580107 29.714046 30.074183 29.314154 29.577215 29.350178 29.38578 29.379475 29.358187
29.224886 29.191532 29.24999 28.974394 28.50918 28.709011 28.584784 28.010626 28.23279 28.010574 28.195744 28.44398 28.600018 28.636442 28.723988 28.831831 28.830532 28.729023 28.498283 28.471859 28.478098 28.428082 28.541927 28.546162 28.533297 28.467466 28.421177 28.161535 28.20696 28.336065 28.313606 28.546663 28.612734 28.703547 28.752337 28.78181 28.828466 28.870726 28.790642 28.557812 28.36558 28.323757 28.138302 28.078474 28.154665 28.459417 28.547895 28.935127 29.786444 29.737885 29.421648 29.40604 29.53939 29.909962 30.123247 30.095396 29.591972 29.469067 29.26443 29.310726 29.13177
29.339409 29.30147 28.261053 28.215668 28.548992 28.924633 28.174692 28.048014 28.252264 28.141584 28.485027 28.578865 28.735273 28.991158 29.057142 28.968193 28.830036 28.552855 28.563093 28.443857 28.464733 28.439579 28.47347 28.48886 28.552542 28.456915 28.394667 28.100954 28.282782 28.290848 28.326855 28.637623 28.675568 28.780287 28.877289 28.965136 29.037592 29.05572 28.817554 28.610138 28.36849 28.01234 28.030205 28.214108 28.402864 28.550867 28.796553 29.436409 29.63886 29.595688 29.79795 29.97606 29.82634 29.64738 30.248499 30.16402 29.89126 29.569628 29.255596 29.133242 29.30586
29.447342 29.363737 28.520412 28.124783 28.718262 28.11932 28.18749 28.36813 28.545752 28.254179 28.685286 29.11817 29.365484 29.371126 29.287624 28.950195 28.572197 28.592558 28.5854 28.48116 28.467068 28.417622 28.539736 28.556652 28.419819 28.407757 28.321636 28.214779 28.24166 28.25017 28.385626 28.697927 28.774887 28.958227 29.023535 28.980556 29.030754 29.17944 28.842703 28.497515 28.21909 28.475996 28.460428 28.34888 28.34974 28.676397 29.12351 29.670307 29.466967 29.617544 29.719112 29.844255 29.58296 29.640543 30.248297 30.225346 30.163397 29.700562 29.232536 29.06088 29.707191
29.345291 29.32662 28.369112 27.97576 28.19168 28.234962 28.396223 28.448229 28.478998 29.005695 29.246384 29.300745 29.282433 29.216011 29.379578 28.898296 28.589617 28.653242 28.573442 28.594116 28.564894 28.599993 28.591816 28.504921 28.435417 28.434713 28.252357 28.335348 28.19285 28.312424 28.433977 28.766205 28.797853 29.024523 29.072779 29.078743 29.110659 29.208344 28.938215 28.516464 28.401154 28.421608 28.824667 28.971651 29.001776 29.059366 29.404469 29.56155 29.544865 29.689598 29.784311 29.89659 29.29666 29.983604 30.34201 30.419823 30.24229 29.682358 29.202528 29.11662 29.764292
29.35582 29.35565 28.196854 27.528055 27.99529 28.294983 28.251358 28.461916 29.114496 29.143475 29.234522 29.375385 29.282042 29.285593 29.38378 28.874762 28.656042 28.660084 28.699114 28.667624 28.671019 28.636091 28.627201 28.57816 28.488733 28.447197 28.207542 28.307499 28.172556 28.393536 28.470896 28.836954 28.838871 29.02412 29.097483 29.115156 29.137283 29.047262 28.867775 28.905275 28.396318 28.42659 28.68167 28.776459 28.979887 29.172394 29.691105 29.599619 29.740381 29.923712 29.93901 30.024277 29.521502 30.153872 30.467735 30.471256 30.087496 29.396563 29.20666 29.760687 29.92941
29.293367 28.707607 28.050827 28.263792 28.152002 28.17465 28.290525 28.727175 29.035759 29.021757 29.24281 29.352318 29.37673 29.443773 29.356504 28.971693 28.75441 28.660284 28.715942 28.730164 28.69271 28.59796 28.491146 28.517838 28.513132 28.411598 28.212307 28.186865 28.368073 28.425262 28.686865 28.881422 28.898037 29.087128 29.084402 29.106466 29.129856 28.888714 28.80993 29.016125 28.653677 28.632753 28.805836 28.695108 29.075 29.371754 29.795897 29.623652 29.755222 29.984447 30.093348 30.070745 29.53839 29.971281 30.36286 30.173172 29.626972 29.2685 29.589926 30.081942 30.289782
29.020655 28.170568 28.310965 28.229511 28.23963 28.221283 28.253056 28.835567 29.02907 29.006487 29.335987 29.495453 29.504093 29.500324 29.394665 29.107702 28.90615 28.726261 28.707508 28.654816 28.59553 28.35625 28.22123 28.209112 28.319084 28.236607 28.255297 28.352753 28.371721 28.673443 28.968462 28.85099 29.003983 29.090302 29.154255 29.138346 29.148 28.958763 28.967915 29.076777 28.933283 28.92282 28.963179 28.94574 29.199753 29.478683 29.724669 29.714151 29.835087 30.062748 30.042534 30.011532 29.49756 29.695284 29.715393 29.617882 29.32008 29.554768 29.91265 30.039703 30.34331
28.470745 28.298124 28.373856 28.408838 28.446835 28.331451 28.356506 28.679049 28.993484 29.169573 29.463367 29.53513 29.620125 29.434078 29.41745 29.204191 29.028595 28.766953 28.720222 28.566765 28.470041 28.365671 28.28143 28.188461 28.157825 28.178173 28.254288 28.431585 28.69514 28.92318 28.791996 28.957779 29.069221 29.106813 29.248478 29.263391 29.26436 29.195929 28.826504 28.866194 28.90096 29.01513 29.040245 29.277735 29.391472 29.513643 29.38605 29.548029 29.60588 29.738043 30.031822 30.051973 29.694208 29.17181 29.269049 29.18288 29.264278 29.91138 29.853012 29.994022 30.159046
28.353676 28.222696 28.537773 28.57957 28.593618 28.45484 28.573235 28.710024 29.055393 29.388777 29.588179 29.612892 29.624105 29.58342 29.435112 29.302792 29.156538 28.798296 28.732275 28.72743 28.647982 28.64518 28.645554 28.601942 28.53981 28.523771 28.566954 28.653942 28.836222 28.79682 28.95014 29.085682 29.122116 29.250772 29.337912 29.391375 29.35551 29.29704 29.231375 28.982267 28.804548 29.099514 29.20457 29.303808 29.319204 29.371141 29.371435 29.400461 29.524141 29.925955 30.07129 29.74845 29.795822 29.161928 29.026297 29.013056 29.692486 29.953703 29.871439 29.84969 29.947262
28.175697 28.046072 28.395725 28.252808 28.563135 28.544567 28.63715 28.907238 29.171804 29.553827 29.665482 29.619555 29.681768 29.752712 29.493332 29.42974 29.240625 28.836185 28.722992 28.733118 28.754372 28.762249 28.74713 28.707205 28.681152 28.648201 28.654943 28.739666 28.791258 28.92024 29.138765 29.202108 29.236689 29.33907 29.436413 29.390709 29.338366 29.335243 29.309093 29.227245 29.086256 29.07199 29.391567 29.563301 29.530186 29.44764 29.508362 29.60974 29.570896 29.617943 29.89121 29.737041 29.827297 29.284798 29.14966 29.274689 29.895348 29.813343 29.796185 29.725176 29.713158
28.378372 27.72767 27.99353 28.388931 28.523932 28.590494 28.727835 29.132362 29.363749 29.666374 29.718533 29.666407 29.727598 29.694214 29.68029 29.464256 29.292706 28.894869 28.79467 28.778772 28.791668 28.786058 28.687122 28.67964 28.731049 28.74122 28.800293 28.818586 28.9248 29.0131 29.246525 29.349062 29.3987 29.456266 29.493078 29.540125 29.54349 29.385054 29.353691 29.464893 29.319254 29.270344 29.409292 29.512852 29.39417 29.349415 29.496117 29.628153 29.584711 29.645597 29.871956 29.899817 29.78158 30.03404 29.33968 29.471407 29.865881 29.78456 29.76886 29.632729 29.384546
28.954018 28.167778 28.356142 28.513605 28.57392 28.788382 29.068533 29.278175 29.56889 29.756676 29.757984 29.699373 29.794632 29.71796 29.748075 29.495651 29.31983 28.991566 28.818834 28.768972 28.740849 28.727129 28.67048 28.738956 28.80998 28.856625 28.857246 28.938116 29.015924 29.169695 29.26228 29.349287 29.443165 29.49588 29.542957 29.561987 29.636425 29.622814 29.449665 29.519188 29.530941 29.447414 29.41743 29.474625 29.436056 29.335514 29.45972 29.690165 29.937399 29.888784 29.915329 29.95844 29.794468 29.993298 29.939491 29.538609 29.393154 29.511084 29.575108 29.33003 29.148197
29.356083 28.743656 28.665667 28.638123 28.74638 29.020433 29.205448 29.365406 29.726772 29.8253 29.797794 29.752272 29.76682 29.759405 29.726488 29.48473 29.360033 29.095581 28.82438 28.736294 28.776875 28.792894 28.815035 28.804863 28.833876 28.77984 28.933044 28.965126 29.08912 29.251972 29.268438 29.276289 29.329973 29.3213 29.35361 29.368073 29.405783 29.572683 29.582804 29.531618 29.532722 29.528242 29.525251 29.51193 29.413704 29.584696 29.81669 29.95581 29.982862 30.032896 30.004555 29.887957 29.683508 29.765795 29.869074 29.835812 29.777887 29.565418 29.41742 29.259846 29.209337
29.125978 29.193514 28.992638 28.750998 28.91411 29.098434 29.243328 29.481838 29.7967 29.912525 29.84471 29.766678 29.661016 29.745737 29.66911 29.471794 29.403269 29.182121 28.769344 28.727022 28.711578 28.778227 28.80905 28.905828 28.906664 28.906004 28.88238 28.919907 29.106293 29.174026 29.187706 29.2519 29.283136 29.321198 29.345594 29.348335 29.405409 29.448812 29.56084 29.374563 29.480001 29.541382 29.513103 29.559261 29.687159 29.834303 29.938377 30.029697 30.092398 30.12033 30.011929 29.791603 29.66405 29.82751 29.879967 29.860144 29.771439 29.70057 29.643105 29.545961 29.422186
28.955883 29.301237 29.050207 28.880848 28.963129 29.155485 29.251295 29.554089 29.86512 29.944813 29.909962 29.741098 29.525 29.729317 29.616634 29.466936 29.313732 29.120378 28.693916 28.722282 28.684734 28.75015 28.757305 28.875832 28.941668 28.935106 28.93065 29.002619 28.999535 29.074232 29.140263 29.176731 29.265852 29.389969 29.472204 29.458054 29.428974 29.413084 29.477682 29.467598 29.537313 29.64673 29.708961 29.777191 29.818855 29.834259 30.082468 30.12829 30.155975 30.063969 29.923094 29.760963 29.807453 29.884493 29.857897 29.793175 29.819225 29.825876 29.79049 29.70867 29.540802
29.14324 29.419016 28.93572 28.94327 29.02993 29.167908 29.230751 29.647385 29.905626 29.960587 29.959312 29.685596 29.471224 29.78444 29.535732 29.397783 29.228035 29.048227 28.688316 28.729929 28.725994 28.732517 28.74689 28.794516 28.842646 28.856895 29.023298 29.138575 29.163057 29.133276 29.144495 29.218527 29.425404 29.614134 29.695688 29.712759 29.68587 29.618471 29.573221 29.608318 29.389315 29.418077 29.346762 29.68648 29.88061 29.853252 30.162582 30.129189 30.133389 30.005577 29.815577 29.850653 29.887781 29.876 29.864328 29.887444 29.920927 29.888927 29.824793 29.748823 29.591436
29.394178 28.953583 28.928251 29.038265 29.074657 29.095934 29.300148 29.830715 29.944292 29.973871 29.943354 29.621033 29.558815 29.801144 29.457129 29.207407 29.133402 29.116426 28.7859 28.82222 28.829346 28.856178 28.85061 28.83939 28.934652 29.064562 29.09773 29.053127 28.97388 29.062056 29.314331 29.56793 29.738495 29.872488 29.949127 29.990017 29.97133 29.93982 29.758364 29.664478 29.659624 29.323183 29.277454 29.616999 29.784096 29.829172 30.142593 30.100912 30.125225 29.961342 29.821554 29.941013 29.965275 29.96148 30.024618 29.93529 29.898567 29.859896 29.741596 29.675434 29.325787
28.927925 28.983702 29.06654 29.089613 29.090382 29.27593 29.664783 29.92394 29.94835 29.931618 29.905363 29.560144 29.642874 29.75221 29.43336 29.271437 29.214138 29.092253 29.022062 29.015696 28.915846 28.878315 28.95679 29.087143 29.0178 28.909395 28.895607 29.015074 29.291842 29.546762 29.683527 29.670937 29.630516 29.64685 29.737223 29.886978 30.00236 30.090946 30.066319 29.841158 29.741182 29.687191 29.592846 29.726269 29.83974 29.899544 30.14739 30.09599 30.063662 29.880499 29.959301 30.033129 30.062849 30.065067 30.028494 29.923435 29.844406 29.747437 29.742924 29.626736 29.303055
28.950392 29.05045 29.084066 29.137793 29.225504 29.282385 29.942371 29.888948 30.000862 29.807266 29.849428 29.508888 29.630886 29.644827 29.44703 29.299252 29.219212 29.152216 29.05844 28.949736 28.899687 29.15189 29.083063 28.814241 28.787958 28.999565 29.209093 29.50476 29.550646 29.556278 29.537027 29.522612 29.525646 29.522923 29.453749 29.487024 29.573124 29.830172 30.111952 30.079035 29.9045 29.753967 29.669144 29.702469 29.907827 29.88649 30.095993 30.044489 29.996847 30.03263 30.094183 30.081968 30.05339 29.817673 29.799736 29.832283 29.811943 29.791178 29.779367 29.779915 30.009054
28.763124 29.084246 29.146317 29.264584 29.296482 29.638187 29.97531 29.906073 29.953596 29.738745 29.750877 29.482395 29.544771 29.592613 29.384054 29.207407 29.074701 28.987123 28.939259 28.916265 29.034843 29.175884 28.950933 28.749298 28.891333 29.04488 29.38388 29.531734 29.589436 29.487843 29.461035 29.515902 29.555237 29.522915 29.575205 29.700333 29.773493 29.686314 29.969625 30.135626 30.051067 29.876875 29.8521 29.949713 29.951235 29.880219 30.048874 29.984823 30.017866 30.054363 30.026693 29.878641 29.951843 30.010431 30.04284 30.091257 30.128891 30.117136 30.07955 30.0897 30.145905
28.911407 29.155075 29.248625 29.29916 29.304781 29.67052 30.005758 29.940735 29.83682 29.569431 29.592482 29.487371 29.514338 29.596561 29.265594 29.102358 28.921135 28.899311 28.882177 28.920437 28.957325 29.185024 28.817844 28.737057 28.869017 29.096651 29.301691 29.545881 29.581457 29.36507 29.626244 29.619919 29.602123 29.484703 29.623602 29.767597 29.96843 29.978367 30.03463 30.068493 30.053097 30.035381 30.093996 29.99281 29.91761 29.928194 30.03751 29.993639 29.930548 29.87691 29.91234 30.00313 29.948757 30.056074 30.214695 30.193735 30.148472 30.169632 30.177181 30.169363 30.15998
29.15414 29.163233 29.33341 29.316715 29.29978 29.632374 30.035551 29.926304 29.591223 29.444881 29.464706 29.48654 29.572893 29.5834 29.231907 29.158012 29.108671 29.04652 29.024914 29.03288 29.169641 29.107622 28.851454 28.596642 28.88812 29.1942 29.266346 29.568542 29.478308 29.518143 29.571648 29.556355 29.594513 29.578959 29.651632 29.777134 29.797205 29.871222 29.90035 29.92307 29.907091 29.85842 29.852743 29.809769 29.820385 30.025991 30.012524 29.884083 29.90731 29.98667 29.987137 29.91803 29.898138 30.008883 30.054863 30.04501 30.078428 30.047606 30.013208 30.0945 30.199541
