static/data/seaWater_uo/2023/7/28/0.asc
ncols 137
nrows 93
xllcorner 108.0
yllcorner 17.0
cellsize 0.25
NODATA_value -32767
[rows 26 to 51 of 93, columns 58 to 115 of 137]
-0.05885336 -0.040621668 -0.16923307 -0.18834321 -0.17462678 -0.11275516 -0.090505116 -0.06831608 -0.013929784 0.032414775 -0.016250428 -0.090631254 -0.100395344 0.07563145 0.22101542 0.31692442 -32767.0 -32767.0 0.06635109 0.116836675 0.2757724 0.42296824 0.4209657 0.43793115 0.3537139 0.24210474 0.14818847 0.08270181 0.10425495 -0.0072037284 -0.016831659 -32767.0 -32767.0 -32767.0 -32767.0 -32767.0 -32767.0 -0.0725478 -0.110765725 0.042585794 -32767.0 -32767.0 -32767.0 -32767.0 -32767.0 -0.005560894 -32767.0 -0.28135863 -0.23564608 -0.17149925 -0.060216762 -0.029838558 -0.1675878 -32767.0 -0.4131091 -0.38478485 -0.4239718 -0.45130482
-0.021464547 0.025539344 -0.06790208 -0.0937461 -0.10361157 -0.077382945 -0.030233711 -0.009869572 -0.09490215 -0.12135803 -0.14466444 -0.10972068 -0.057467293 -0.14967911 -0.09528211 -32767.0 -32767.0 0.097538225 0.11824024 0.10474773 0.16773887 0.23986006 0.25995815 0.2690426 0.15296589 0.09040697 0.08783135 0.07348523 -32767.0 -32767.0 -32767.0 -32767.0 -32767.0 -32767.0 -32767.0 -32767.0 -32767.0 -0.07556441 -0.09351079 -0.051192515 -32767.0 -32767.0 -32767.0 -0.07732303 0.038287133 0.10005302 -0.018690698 -0.041059885 -0.11348988 0.05158463 -0.20345937 -0.058774304 -0.08785229 -0.4820386 -0.35468033 -0.3141086 -0.38208395 -0.33257717
0.0010318914 -0.04316714 0.0047124103 0.049017303 0.060562678 0.045676157 0.035606142 0.0014647694 -0.033844214 -0.09219568 -0.08974601 -0.15009627 -0.12826905 -0.12758358 -0.10466325 -0.02190091 0.052869856 0.05741008 0.070959896 0.12272687 0.04342832 0.0693182 0.1351203 0.104619846 0.010457744 0.062305212 -32767.0 0.0059101777 0.20417534 -32767.0 -32767.0 -0.04388789 -32767.0 -32767.0 -32767.0 -32767.0 -32767.0 -32767.0 0.11223658 -0.14401515 -32767.0 -32767.0 -0.087225504 -0.029045142 0.24070698 0.39730418 0.4484749 0.4854743 0.51678175 0.100721836 -0.10707228 -0.17414998 -0.20951664 -0.39850494 -0.14612035 -0.29127875 -0.19721596 -0.20012851
-0.005033033 -0.0422663 -0.021932218 0.045260333 0.04032979 0.07318458 0.20190074 0.13027021 0.067472786 0.09958086 0.032566268 0.03827457 -0.03999347 -0.0467125 0.073157266 -0.0707125 -0.066074796 -0.01527818 0.066271216 0.023547545 -0.076097555 -0.11174332 -0.06878711 -0.039468203 0.050547156 -32767.0 -0.12777816 -0.074881636 -0.061478943 -0.24435857 -0.119326614 -32767.0 -0.13729052 -32767.0 -32767.0 -32767.0 -32767.0 -32767.0 -0.050146427 -0.16425927 -0.1866284 -0.04364523 0.122523785 0.00065264734 0.16399783 0.27772018 0.3353648 0.3430452 0.24889305 0.2319106 -0.10693629 -0.21669693 -0.3770695 -0.25582376 -0.1795903 -0.16544609 -0.1121888 -0.033296883
-0.0962082 -0.05533973 -0.009216848 -0.03801845 0.032146167 0.09354775 0.062332295 0.09378151 0.14234957 0.15084179 0.1707711 0.0967333 0.023170423 0.028047653 0.066706784 0.027322045 -0.02126988 -0.016656224 -0.042060226 -0.09028724 -0.10476982 -0.12125189 -0.15747403 -0.07075571 0.07222846 0.24061008 -0.0012041802 0.13679802 0.0074700736 -0.0032387108 0.023845501 -0.25444576 -0.10063265 -32767.0 -32767.0 -32767.0 -32767.0 -0.1817497 -0.08533522 -0.24239956 -0.4046979 -0.19691215 0.14278513 0.45546785 0.65893424 0.7508298 0.76556706 0.72836614 0.5199942 0.27887395 -0.07839094 -0.20300883 -0.097950675 -0.038477413 0.06149919 0.03444877 0.0039271307 -0.05898016
-0.1419762 -0.080809444 -0.10361974 -0.044947747 0.0044582984 -0.028914243 0.039444 0.11637134 0.13794734 0.18672499 0.11107067 0.066355415 0.0154162515 -0.055220712 -0.04861686 -0.05279691 -0.12141722 -0.14279094 -0.116772905 -0.09503331 -0.068687595 -0.10460766 -0.07700567 -0.06336901 -0.05401938 0.06821465 0.16562724 0.20790116 0.17260337 0.030521428 -0.3171205 -0.21415654 -0.12280376 -32767.0 -32767.0 -32767.0 -32767.0 -0.17542945 -0.03372927 -0.32701984 0.08511612 0.2962352 0.5796876 0.67181456 0.7178153 0.6893329 0.65279895 0.6602461 0.70077604 0.6002395 0.3176725 0.17441328 0.21622393 0.11318616 -0.035654835 0.014451832 0.028173057 -0.015067888
-0.099482425 -0.08514995 -0.16801903 -0.17810075 -0.17494091 -0.14025736 -0.085471466 -0.02145451 0.05592639 0.11830341 0.15147622 0.078150176 -0.033730946 -0.068174034 -0.06465854 -0.0802521 -0.09666533 -0.12043617 -0.08738685 -0.090772584 -0.18369375 -0.16949195 -0.14949137 -0.047483318 0.022543134 0.06524688 0.030389715 0.014055823 -0.029030507 -0.011797543 0.20839216 -32767.0 -32767.0 -32767.0 -32767.0 -32767.0 0.01084618 -0.0675255 0.22118092 0.31661755 0.68135184 0.63080055 0.5225289 0.57410544 0.5849407 0.569052 0.5515724 0.611095 0.6963334 0.8331041 0.9538076 0.82895654 0.4841647 0.06010291 0.004328533 -0.07984995 0.070614524 0.08969579
-0.021342238 -0.03919196 -0.042484675 -0.12445552 -0.11424505 -0.025425643 0.014553153 -0.09879877 -0.013433997 0.13933726 0.13169806 0.07915245 -0.04498185 -0.051648606 -0.050161406 -0.0031262408 -0.035612844 -0.048582975 -0.026761048 -0.087641664 -0.10607162 -0.0040872046 -0.059465874 -0.028451951 -0.053004548 -0.08225608 -0.067524634 -0.09396799 -0.18071525 -0.001318838 -0.042602975 -32767.0 -32767.0 -32767.0 -32767.0 -32767.0 -0.06524738 0.22477916 0.12941569 0.15654935 0.22743736 0.4759441 0.6970774 0.777206 0.7098092 0.46717206 0.4589979 0.52702206 0.54504037 0.6917763 0.90034413 1.1657959 1.2084446 0.99139434 0.61653465 0.2003402 0.05551142 0.16014987
-0.0009959415 0.056393344 0.05998859 0.04209055 -0.0054502874 -0.038423914 -0.13359043 -0.027317055 0.1193025 0.058499277 0.06000633 0.064199574 -0.0015168416 -0.043430373 -0.08023781 -0.03622206 -0.0054533286 -0.005048525 -0.023636907 -0.045436062 0.030175693 0.09500401 0.07251249 0.01408726 0.03459768 0.02928755 -0.1491279 -0.16282184 -0.13985112 -0.07106425 -0.026084313 -0.010278018 -32767.0 -0.034777172 -32767.0 -32767.0 -0.0816507 -0.023952395 -0.120773695 -0.113426656 0.24067874 0.50608045 0.7506748 0.78258693 0.59006906 0.3685965 0.29520547 0.29242435 0.3649509 0.4470827 0.62862045 0.81880826 1.0119076 1.1594272 1.0762691 0.78896713 0.38887265 0.2157198
-0.15082496 -0.21089925 -0.06750188 0.14369172 0.16764677 0.042173464 0.03903427 0.0145702865 -0.17999026 -0.22293064 -0.18919888 -0.03978689 -0.022741586 -0.06484515 -0.095167406 -0.10397294 -0.046828687 -0.03350911 -0.012267224 0.037457716 0.13512677 0.076059766 0.05182849 0.019526748 0.05447232 0.039308734 0.04530707 -0.06758786 -0.016197145 0.041003384 0.016568363 0.0049590273 0.11406053 0.08110867 -32767.0 -0.17948097 -0.29989827 -0.27915648 -0.10497802 -0.08469938 0.04925752 0.24362884 0.48374295 0.43140745 0.2640112 0.17355017 0.17279196 0.09919041 0.11949462 0.19727123 0.32378104 0.5092073 0.6810905 0.8402903 0.9354729 0.89262974 0.6845804 0.38766426
-0.007805174 0.06305032 0.057517085 0.045687713 0.14973146 0.21546803 0.15663324 -0.046335634 -0.12381033 -0.10890002 -0.24782386 -0.117503926 -0.10918862 -0.057029106 -0.03251714 -0.013051805 -0.030781224 0.007569748 0.07866982 0.22650595 0.19174951 0.080447026 0.048326872 -0.03133516 -0.012079993 0.04040909 0.08326408 0.20297301 0.29985794 0.3500293 0.3984106 0.4280002 0.41010258 -32767.0 1.153221 1.5478786 0.472874 -0.48773307 -0.15121135 -0.12686692 -0.11618157 -0.12990156 -0.19335248 -0.24973986 -0.1509047 0.016031219 0.014884583 -0.042448517 -0.056165095 0.035543457 0.112139 0.18710345 0.30536208 0.44303158 0.6037481 0.74734074 0.7094384 0.53465235
-0.024694636 0.109884545 0.06308754 0.13585298 0.18220323 0.2658096 0.25110972 0.12576053 0.09708556 0.061335266 0.01020544 -0.08263247 -0.08596789 -0.024332711 0.003449303 0.03257244 0.016551198 0.044347778 0.14165834 0.17775339 0.09239804 0.061154768 0.015188938 -0.052641343 -0.14010759 -0.1198626 -0.009489135 0.088855766 0.1884413 0.30075768 0.25107542 0.24852996 0.040490326 0.30327445 0.47620565 0.22409011 0.6392956 0.7234098 0.056502514 -0.016445251 -0.01788742 -0.09638882 -0.2116985 -0.23721969 -0.11423743 -0.03781561 -0.03151103 -0.0154869305 -0.03313722 -0.07358094 -0.0434998 0.039775807 0.11642353 0.21423078 0.38117447 0.5049054 0.59101784 0.5754788
-0.14952208 0.0033948536 0.036550492 0.098905735 0.23205699 0.2245295 0.33062077 0.22160983 0.19257551 0.1516935 0.13236041 0.054965265 0.013778062 0.00583488 0.033715256 0.0640799 0.012467761 0.0025422159 0.0139484275 0.1322002 0.070832215 0.04529612 0.090290815 0.07772723 0.014819842 -0.08462345 -0.1129591 -0.068141654 0.021791628 0.19238557 0.324563 -32767.0 0.30180395 0.32386607 -32767.0 0.10219464 0.07695927 0.020155553 0.026147064 0.15988776 0.2770645 0.16767924 0.11996849 -0.016576791 -0.10269502 -0.062178195 -0.07093494 -0.11209068 -0.10370873 -0.10010583 -0.03306092 0.0071951766 0.12807381 0.14260069 0.2067764 0.36030218 0.43836397 0.51333815
-32767.0 0.17028822 0.21060783 0.27409 0.3390427 0.28581527 0.27784202 0.33103374 0.31423825 0.28834206 0.28090018 0.24492466 0.23945346 0.13454367 0.12161259 0.26425982 0.37296316 0.3671632 0.23687884 0.17957233 0.21276185 0.25016087 0.29535016 0.3617156 0.40812635 0.37665305 0.2624944 0.17911626 0.22325505 0.33978447 0.38289887 0.34238118 -32767.0 0.08461811 -0.30925858 -0.31135643 -0.079868734 0.121188454 0.28175175 0.4456983 0.61432564 0.4254033 0.2096455 0.006703484 -0.11615339 -0.17813246 -0.20873137 -0.21816802 -0.12907502 0.0012448697 0.12066037 0.088863425 0.18114406 0.21731628 0.13676776 0.1559942 0.25020757 0.3719435
0.10541811 0.124031335 0.22788155 0.21564811 0.2215532 0.31160915 0.3590138 0.3343557 0.38518026 0.3863348 0.3252756 0.30795822 0.3069231 0.29112387 0.30700696 0.2917341 0.26874113 0.20864955 0.29347587 0.29834634 0.32038328 0.42047352 0.62238 0.8077185 0.85821736 0.8575334 0.7788145 0.69871527 0.61097044 0.5065037 0.1586561 0.3689146 0.7384334 0.5777255 0.876963 0.98111176 1.108518 0.9774178 0.96541935 1.0345029 0.7928624 0.42550606 0.1694451 -0.010090936 -0.11493266 -0.16415775 -0.1644515 -0.1029671 -0.0505961 -0.009015307 0.068174526 0.032181505 0.06898201 0.1123874 0.119690105 0.034488305 0.0600614 0.1383104
0.11893427 0.23474528 0.2536899 0.2678285 0.16619341 0.081607915 0.20428328 0.34445247 0.2586108 0.23538065 0.28625947 0.3312677 0.38866904 0.36475474 0.23925544 0.25716904 0.22765721 0.20320779 0.2880295 0.31707674 0.44785184 0.69192576 0.7841718 0.75607896 0.74742013 0.72471386 0.68881863 0.616219 0.5490289 0.50223553 0.33892626 0.20664687 0.26405418 0.5444375 0.8055892 0.93877727 1.0152884 1.0096087 0.90641296 0.66712797 0.48053178 0.23916087 0.06931633 -0.091016784 -0.15888786 -0.16051485 -0.13213758 -0.13455302 -0.14618295 -0.11559965 -0.059904605 -0.07695562 -0.08476359 -0.061660387 -0.05671668 -0.081010506 -0.03937495 0.13426028
0.15724684 0.2636421 0.34319758 0.3944045 0.34324393 0.31309026 0.24322483 0.22489165 0.27055243 0.1929666 0.16660924 0.14092977 0.25634572 0.34377655 0.34846002 0.2687923 0.26971442 0.267762 0.25580645 0.38436213 0.5968688 0.69398135 0.6225912 0.5562732 0.57366836 0.53255343 0.48946777 0.4091233 0.40992987 0.55334157 0.38565126 0.29759338 0.41357997 0.15912285 0.14812186 0.30902573 0.5963784 0.7223495 0.64221644 0.51817185 0.30046144 0.03442799 -0.007985001 -0.17241517 -0.21469253 -0.23677474 -0.12330567 -0.06766565 -0.019369021 -0.07978769 -0.06627616 -0.075035185 -0.116294265 -0.13629633 -0.105623394 -0.081681035 0.042952 0.101959094
0.18433888 0.23875538 0.36328313 0.3943608 0.45033452 0.4390546 0.42482978 0.38752165 0.2660601 0.31970537 0.32638395 0.38200784 0.33435997 0.21999261 0.23225226 0.26261866 0.2515134 0.17681967 0.20833796 0.33877158 0.4304958 0.4247921 0.33770147 0.34617665 0.3729696 0.39510402 0.30951452 0.30626306 0.35928392 0.3795161 0.3671544 0.31412515 0.39886615 0.4364189 0.45903462 0.5845341 0.54590297 0.49827316 0.34037396 0.15215103 -0.0022457212 -0.018489834 -0.09437372 -0.26114798 -0.26976848 -0.22889642 -0.12787731 -0.1682225 -0.12564841 0.021748949 0.034947705 0.011974438 -0.03994295 -0.07709041 -0.07483383 -0.09916807 0.006881118 0.025932427
0.21651877 0.34227768 0.4217263 0.31026912 0.2059567 0.16237886 0.20096168 0.26608247 0.30601025 0.32884896 0.36558273 0.37657803 0.36177292 0.2832619 0.25821528 0.19978672 0.1265099 0.09147679 0.10395973 0.25145617 0.23010102 0.22112635 0.15115921 0.112255506 0.04814907 0.043441676 0.12427406 0.19849956 0.24201562 0.31661078 0.37487674 0.43473032 0.51754475 0.6150515 0.6207041 0.369483 0.20180078 0.13943617 0.12979685 0.11820243 0.09447079 0.0452135 -0.15897223 -0.25028902 -0.20150578 -0.108970545 -0.111044936 -0.21987659 -0.1950003 -0.08944182 -0.02090092 -0.0074794753 0.06517407 0.029116169 -0.038440365 0.06189112 0.069032215 -0.01799265
0.29284805 0.46506357 0.38233647 0.15381497 0.007683385 -0.0066046105 0.036220293 0.10955437 0.22685786 0.29525572 0.32603046 0.3384061 0.34104228 0.27147597 0.1805974 0.10809165 0.11749356 0.051361565 0.13197228 0.27493864 0.21500388 0.17676266 0.06374702 -0.06262538 -0.107719354 -0.14593089 -0.09932897 0.021170137 -0.03083279 -0.09672526 -0.07548883 -0.038453374 0.04507099 0.15793358 0.29039645 0.38635504 0.40726888 0.38886124 0.3330526 0.27794397 0.19047584 0.05636072 -0.17807958 -0.21978621 -0.12876295 -0.05386487 -0.22165413 -0.31113088 -0.36749488 -0.3705045 -0.20155357 -0.10736642 -0.031213826 0.008760379 0.011998095 0.05549955 -0.03827026 -0.21816522
0.6076904 0.4886632 0.3181515 0.13912028 0.114794336 0.10738671 -0.023850475 0.04235507 0.117155425 0.14708008 0.19527707 0.21311018 0.1502512 0.11471288 0.047879364 0.097985506 0.14083725 0.1547044 0.32274005 0.41479406 0.27914912 0.19793129 0.04569727 -0.20540722 -0.39809036 -0.25761095 -0.24581206 -0.27744937 -0.09699653 -0.049914543 0.052418485 0.0351524 0.19605942 0.2683084 0.3500704 0.40827602 0.38750815 0.37796083 0.33133572 0.27302846 0.16236278 0.017956108 -0.1739208 -0.2288409 -0.18935482 -0.23062752 -0.3123261 -0.3444289 -0.33879158 -0.40245703 -0.30502734 -0.10623748 -0.08091504 -0.14855665 -0.19095601 -0.21667711 -0.28654727 -0.3823861
0.54279995 0.4060082 0.24129021 0.17756239 0.1482332 0.19075069 0.28711003 0.22879656 0.17018041 0.19681284 0.17681743 0.15225126 0.16064624 0.10499184 0.10587508 0.12891406 0.20557833 0.45382997 0.68619144 0.5372936 0.32292315 0.2139702 0.09951448 0.1787174 0.15647492 -0.09855733 -0.21456079 -32767.0 0.063104555 0.17656961 0.28264964 0.29769072 0.24931473 0.32403976 0.28590205 0.21097885 0.16078718 0.15920149 0.11520828 0.08971486 0.013048961 -0.09777147 -0.2164039 -0.24686931 -0.2610359 -0.32933533 -0.3197598 -0.25079358 -0.18218563 -0.27389464 -0.41007587 -0.3637198 -0.32874286 -0.3872006 -0.36857414 -0.43037686 -0.42243546 -0.40881303
0.31398863 0.23690437 0.19092548 0.2628495 0.3863165 0.38013074 0.19791335 0.21680629 0.25211915 0.26741493 0.26451957 0.18139675 0.23100647 0.20937829 0.19183816 0.30542672 0.5747495 0.73096454 0.49832374 0.35842392 0.30449823 0.20386533 0.071024284 0.1347054 0.098584205 0.07178927 -0.0937664 -0.1935875 0.0948445 0.1707992 0.18976757 0.24225001 0.26206705 0.20245712 0.24550119 0.3124994 0.31225646 0.1827343 0.042569317 -0.021674119 -0.12521859 -0.22169341 -0.2671645 -0.27273527 -0.38630542 -0.26510197 -0.21245931 -0.22463378 -0.18185632 -0.26349428 -0.49134135 -0.5260636 -0.46484894 -0.42204207 -0.45934322 -0.47863892 -0.4437596 -0.52178067
0.22349063 0.15458949 0.26893348 0.41417292 0.36954492 0.3326771 0.24673364 0.15495302 0.15810168 0.20666397 0.23651096 0.19178653 0.18554763 0.22133566 0.3159306 0.59786546 0.65112656 0.47137177 0.4084691 0.38422415 0.31920472 0.1417996 0.001335839 -0.124782406 -0.21575212 -0.20115848 -32767.0 -0.054558843 -0.04008126 0.065041326 0.12529734 0.17168067 0.13592777 0.222693 0.34343112 0.3254309 0.20793927 0.07169611 -0.015237445 -0.13960887 -0.27551576 -0.31524116 -0.31823453 -0.39156651 -0.3563387 -0.30140492 -0.34129322 -0.34489915 -0.32052907 -0.32429147 -0.5749125 -0.69520694 -0.6342456 -0.5833457 -0.49603528 -0.43701658 -0.45183134 -0.44177473
0.19712591 0.19949372 0.28167668 0.19006702 0.10073264 0.10909448 0.102440745 0.10810551 0.07051902 0.09027696 0.09217073 0.06593116 0.15203772 0.40513635 0.61217135 0.6137266 0.5202614 0.46775207 0.46372277 0.41743016 0.23971416 0.04731148 -0.03480291 -0.051065374 0.06696636 -0.017945055 -0.0887933 -0.0474843 -0.017318537 0.006416169 0.09142065 0.08032165 0.107350886 0.23511125 0.2378023 0.026192583 -0.044486694 -0.14626919 -0.17879675 -0.32121703 -0.36282346 -0.37686574 -0.39138457 -0.4511908 -0.36455736 -0.33434618 -0.31438655 -0.29646656 -0.28453842 -0.25500214 -0.3880214 -0.6403564 -0.65279883 -0.53585273 -0.44949362 -0.42140824 -0.33148807 -0.26141867
0.19172713 0.23400329 0.24659505 0.2209004 0.09405116 -0.04535598 -0.13269445 -0.13864738 -0.025789184 0.05373432 0.014422399 0.12117745 0.28772604 0.39524168 0.4910329 0.5354503 0.45779982 0.4082376 0.35578093 0.16072796 0.014665547 0.013617058 0.045230187 -0.010125152 -0.057586204 -0.020922687 0.0017452262 -0.008778394 -0.006537965 -0.033132397 0.03305005 0.009350532 0.037286073 0.10535644 0.021292275 -0.07783415 -0.25303432 -0.29047662 -0.41163626 -0.4950016 -0.43709144 -0.41618612 -0.50214916 -0.37872267 -0.3374423 -0.34844336 -0.36838013 -0.3139068 -0.20781253 -0.11463379 -0.17345025 -0.34061664 -0.41306454 -0.44020942 -0.40157226 -0.35271874 -0.22910908 -0.20332438
