static/data/seaWater_uo/2023/7/28/12.asc
ncols 137
nrows 93
xllcorner 108.0
yllcorner 17.0
cellsize 0.25
NODATA_value -32767
[rows 0 to 24 of 93, columns 58 to 115 of 137]
-32767.0 -32767.0 -32767.0 -32767.0 -32767.0 -32767.0 -32767.0 -32767.0 -32767.0 -32767.0 -32767.0 -32767.0 -32767.0 -32767.0 -32767.0 -32767.0 -32767.0 -32767.0 -32767.0 -32767.0 -32767.0 -32767.0 0.04548786 0.11457045 0.008813618 -0.08703452 0.14175136 0.28402102 0.2736351 0.26276526 0.30720273 0.32030532 0.2194571 0.17982432 0.17591695 0.21274577 0.13318665 -0.054882374 0.07163694 0.14585662 0.037608013 0.050016947 -0.046894882 0.13323522 0.26732722 0.2336684 0.039922867 -0.026201796 0.061411947 0.14186867 0.29555446 0.32635865 0.4449439 0.63305056 0.6526791 0.6815238 0.5595377 0.41783282
-32767.0 -32767.0 -32767.0 -0.015694696 -0.060072664 -0.015374478 -0.011809646 -0.0094911875 0.0017213568 0.029717885 -32767.0 -32767.0 -32767.0 -32767.0 -32767.0 -32767.0 -32767.0 -32767.0 -32767.0 -32767.0 -32767.0 0.2374746 0.44075486 0.097569846 0.047988698 0.39929324 0.25651747 -0.0817567 -0.0009967806 0.14989354 0.36768544 0.47134233 0.5307613 0.5309281 0.43263584 0.27819946 0.14989036 0.11331148 0.18808949 0.1844996 0.09229542 0.065922305 0.12658434 0.16470613 0.18808825 0.090170294 -0.017037326 0.11191737 0.16398983 0.122760385 0.12961842 0.14491016 0.19118229 0.26206788 0.23749457 0.26709846 0.23780683 0.21010655
-32767.0 -0.0024802363 -32767.0 0.016975004 -0.050321102 -0.08700871 -0.08852498 -0.028405441 -0.010693645 0.0120029375 0.05376738 0.03326245 -32767.0 -32767.0 -32767.0 -32767.0 -32767.0 -32767.0 -32767.0 -32767.0 -32767.0 0.18298005 0.2853156 0.12242535 0.21522032 0.21540363 0.106260225 0.15660904 0.30203372 0.40718722 0.512979 0.55349535 0.5101036 0.5181475 0.44065523 0.29516318 0.16150494 0.27148578 0.16716391 0.1750066 0.25712296 0.38397586 0.39689356 0.3248595 0.1822628 0.12382463 0.08850671 0.15736648 -0.051373966 -0.18123943 -0.28234267 -0.2509747 -0.039379433 0.023551062 -0.032098383 -0.07834497 -0.13274129 -0.012200664
0.018572873 -32767.0 -0.027795892 -0.15183169 -0.16123675 -0.15798461 -0.026639344 -0.074739836 -0.0049034157 0.053135198 0.0073626325 -0.08344752 -32767.0 -32767.0 -32767.0 -32767.0 -32767.0 -32767.0 -32767.0 -32767.0 -0.0069849356 0.101932816 0.105345115 -0.040414162 0.16111888 0.2065265 0.26486805 0.14703602 0.16132994 0.32599768 0.5935627 0.6098829 0.42366722 0.37591255 0.36477473 0.23607163 0.030322827 0.11259784 0.12828563 0.22293095 0.4341432 0.5204919 0.45340025 0.35404244 0.13199809 0.06233126 0.10923391 -0.058795772 -0.12865612 -0.14115877 -0.034732606 -0.09393659 -0.055216976 -0.027804237 -0.12720665 -0.15325543 -0.122878745 -0.18853515
0.026104856 -32767.0 0.01614634 -0.06100227 0.015743049 0.019619439 -0.014345073 -0.0594643 -0.07010036 0.021039829 -0.02908072 -32767.0 -32767.0 -32767.0 -32767.0 -32767.0 -32767.0 -32767.0 -32767.0 -32767.0 -32767.0 -32767.0 0.053096134 0.2989981 0.26256594 0.19231702 0.11599435 0.18078879 0.21992536 0.32949242 0.4388416 0.40945348 0.39201754 0.5741637 0.69534254 0.6107995 0.38373232 0.41062802 0.51733595 0.6357556 0.5425102 0.44034407 0.29993498 0.10368755 -0.084998704 -0.1012699 0.05051404 0.03811607 0.041205414 0.10353873 0.12514476 0.06818821 0.018613296 0.03792383 -0.05581066 -0.17651653 -0.17004 -0.24063542
0.088063836 0.05108818 0.064388596 0.10088744 0.13114603 0.10636183 0.021057472 -0.016428629 0.029110556 0.11095715 0.022273773 -32767.0 -32767.0 -32767.0 -32767.0 -32767.0 -32767.0 -32767.0 -32767.0 -32767.0 -32767.0 -32767.0 -32767.0 0.07431595 0.302186 0.17264943 0.26721394 0.25447714 0.28329387 0.08631306 0.3005709 0.3624044 0.39199442 0.4731508 0.5380834 0.69402975 0.81135964 0.75293916 0.5773257 0.41884813 0.20676771 -0.020460622 -0.117555484 -0.20696358 -0.28694975 -0.14888941 -0.040288802 0.13597871 0.42647886 0.65439934 0.72491497 0.69845545 0.50383294 0.20658539 0.12108063 0.036498915 -0.07181823 -0.1123292
0.10706749 0.0896267 0.0962839 0.09752307 0.10683376 0.06829278 0.0012543336 -0.004295381 0.06679916 0.0578223 0.027396332 -32767.0 -32767.0 -32767.0 -32767.0 -32767.0 -32767.0 -32767.0 -32767.0 -32767.0 -32767.0 -32767.0 -32767.0 -32767.0 0.13790862 0.25556368 0.25844857 0.32638466 0.4046759 0.24161434 0.2853141 0.32751355 0.34640184 0.27948847 0.23535687 0.25863138 0.2623763 0.2172884 0.124488026 0.05327779 -0.14427993 -0.26095656 -0.28018177 -0.31343967 -0.1508007 -0.11329909 0.0107751675 0.33234102 0.4800564 0.48525786 0.41613734 0.3226194 0.2468933 0.18964005 0.16815482 0.07190867 -0.03932611 -0.063175775
0.12145464 0.075274415 0.06397597 0.072307825 0.08656678 0.07259539 0.085837424 0.10822028 0.04271873 -0.014980342 -32767.0 -32767.0 -32767.0 -32767.0 -32767.0 -32767.0 -32767.0 -32767.0 -32767.0 -32767.0 -32767.0 -32767.0 -32767.0 -32767.0 -32767.0 0.30800626 0.2987855 0.31256214 0.35215765 0.42879927 0.39930144 0.2787769 0.05845284 -0.052273255 -0.0013000335 0.061917216 0.17774074 0.16099112 0.107323654 -0.0167884 -0.02636275 0.011891253 0.2147189 0.39135203 0.5933454 0.6535809 0.6029908 0.40273216 0.19885759 -0.07216747 -0.12215657 -0.21810174 -0.22492164 -0.035064675 0.20226029 0.31804547 0.17106824 0.18707047
0.09387546 0.13500609 0.17367466 0.18301791 0.2262698 0.2500665 0.19696543 0.10581184 0.06554112 -32767.0 0.0037992084 -32767.0 -32767.0 -32767.0 -32767.0 -32767.0 -32767.0 -32767.0 -32767.0 -32767.0 -32767.0 -32767.0 -32767.0 -32767.0 -32767.0 0.24227355 0.382369 0.32672915 0.29432887 0.60153955 0.38146967 0.13589406 0.0030128327 -0.093462974 -0.12403077 -0.12017361 -0.088760175 -0.0657124 0.009574973 0.10167631 0.16742337 0.36512998 0.4693725 0.5252213 0.5748247 0.5466084 0.38601512 0.106813155 -0.13617463 -0.15122277 -0.10392307 0.029952075 0.06662425 -0.11022717 -0.04267006 0.14159466 0.29174197 0.33619416
0.16757572 0.22760837 0.28941053 0.22258087 0.190567 0.13335183 0.15012433 0.19321221 0.13518111 -0.022602841 -0.081307955 -0.06408082 0.048229896 0.05882762 0.04621376 0.018936377 -32767.0 -32767.0 -32767.0 -32767.0 -32767.0 -32767.0 -32767.0 -32767.0 -32767.0 -32767.0 0.25533783 0.32418242 0.12897506 0.347946 0.39840344 0.18975 0.20209025 -0.029890241 -0.18525983 -0.2803782 -0.36860457 -0.35340527 -0.25621507 -0.17415923 0.047293127 0.10216358 0.10125126 0.07184445 0.06985699 0.042767663 -0.082827784 -0.14217146 -0.19331491 -0.2223009 -0.15419765 -0.37772626 -0.14197856 -0.050814524 -0.20064078 -0.065013304 0.003016177 0.051074337
0.23643681 0.23565486 0.31369567 0.15554285 0.08329877 0.035287336 -0.012782445 0.01974277 0.1323092 0.18286553 0.20306873 0.028970588 -0.050337914 -0.077176645 -0.032321244 -0.16222315 -32767.0 -32767.0 -32767.0 -32767.0 -32767.0 -32767.0 -32767.0 -32767.0 -32767.0 -32767.0 -32767.0 0.1670996 -0.112720996 0.1639744 0.3631586 0.516649 0.2889643 0.06677884 0.02936863 -0.16108097 -0.20826505 -0.25686818 -0.17760842 -0.12330901 -0.09896129 -0.08858271 -0.12940328 -0.19487682 -0.15903239 -0.2805813 -0.19427693 -0.23107956 -0.23694994 -0.12714331 -0.20483495 -0.43376377 -0.39182508 0.21716596 0.34145352 0.035166115 -0.015742633 0.40457764
-32767.0 0.11941813 0.19508669 0.14628443 0.061069988 0.059970144 0.0028139546 0.038471553 0.09333246 0.19450003 0.22290787 0.22531256 0.09078523 0.030626584 -0.057700552 0.005948893 0.04916207 -0.07200563 -32767.0 -32767.0 -32767.0 -32767.0 -32767.0 -32767.0 -32767.0 -32767.0 -32767.0 -32767.0 0.036927454 0.12180647 0.16113849 0.30598426 0.39209238 0.23620628 0.12692104 -0.048464056 -0.025487702 0.04473678 0.008145826 0.06101071 -0.10521848 -0.28158447 -0.15346126 -0.14567703 -0.2009126 -0.20365927 -0.28563935 -0.35315004 -0.39508712 -0.29539523 -0.039933883 -0.12521303 -0.27732334 -0.56003755 -0.121755 0.01166637 0.036253214 -32767.0
-32767.0 0.11153282 0.12375338 0.096346214 0.24731053 0.19351406 0.14552583 0.15505528 0.23009568 0.2863822 0.26890373 0.23668748 0.15212092 0.051773224 -0.00033117062 -0.13233416 -32767.0 -0.10837078 -32767.0 -32767.0 -32767.0 -32767.0 -32767.0 -32767.0 -32767.0 -32767.0 -32767.0 -32767.0 0.03896826 -0.02751827 -0.08739356 -0.16808379 0.06857023 0.07513831 -0.02334455 0.20688236 0.2532515 0.2702862 0.27299064 0.21831405 -0.002856214 -0.20969266 -0.3353424 -0.10503259 -0.20995443 -0.2375362 -0.29507586 -0.18670774 -0.092450894 -0.120154135 -0.03745491 -0.06670569 0.053064838 -0.022868099 -0.4097382 -0.36834985 -0.18698698 -32767.0
0.24858151 0.2978464 0.23411429 0.27818093 0.26929197 0.30121917 0.30658084 0.30632767 0.2085777 0.2204479 0.23495077 0.21852992 0.16327032 0.11677205 0.07742618 -32767.0 -32767.0 -32767.0 -32767.0 -32767.0 -32767.0 -32767.0 -32767.0 -32767.0 -32767.0 -32767.0 -32767.0 -32767.0 0.010116148 -0.29142207 0.0008457685 0.021099245 -0.043885842 -0.02413992 0.06432218 0.15212175 0.13897318 0.010472211 -0.073706485 -0.05725698 -0.07658582 -0.13142946 -0.1566634 -0.1630992 -0.1975433 -0.21123101 -0.11197408 0.052357253 0.11834718 0.093922995 0.19546753 -0.016884124 -0.087886766 -0.08044455 -0.12878974 -0.34584627 -0.4663963 -0.29791328
0.1678878 0.18179885 0.17262064 0.21149237 0.26214936 0.2919404 0.2457751 0.16327727 0.19968012 0.21067742 0.18554659 0.09821076 0.10959753 0.019837838 -0.061814964 0.015834464 -32767.0 -32767.0 -32767.0 -32767.0 -32767.0 -32767.0 -32767.0 -32767.0 -32767.0 -32767.0 -32767.0 -32767.0 -0.018742174 0.038659427 0.023715429 0.22597757 -0.063433945 0.21054445 0.10104648 0.025409944 0.040632058 0.09051071 -0.060187157 -0.14129543 -0.10078848 0.13800909 -0.039773863 -0.14007528 -0.048988536 -0.14506522 -0.17429027 -0.13636576 -0.047677204 0.0091458205 -0.034925733 -0.004484825 0.016743302 -0.24117634 -0.10058826 -0.18427959 -0.2521285 -32767.0
0.09017165 0.106487386 0.14181861 0.1386058 0.153582 0.122562066 0.09058746 0.1286599 0.10397382 0.045382317 0.03410201 0.04556073 0.07171133 0.010672998 -0.06901306 0.07102987 0.10845393 -32767.0 -32767.0 -32767.0 -32767.0 -32767.0 -32767.0 -32767.0 -32767.0 -32767.0 -32767.0 -32767.0 0.23672792 0.37673634 0.19293034 0.14777221 0.099190846 0.0047570327 -0.045050412 -0.15110464 -0.059710182 0.027405152 0.17272435 0.26518854 0.26226512 0.08815175 -0.06821745 -32767.0 -0.17103906 -0.14066271 -0.087795585 -0.1599205 -0.23072366 -0.12903962 -0.07204928 -0.01464381 0.0344464 0.12472247 -0.017893856 -32767.0 -32767.0 -32767.0
0.091964476 0.10264635 0.048203208 0.042451657 0.11108106 0.06447241 0.024895176 -0.03214221 -0.040765025 -0.05886248 -0.1244508 -0.12922202 -0.15687375 -0.15924695 -0.03610237 0.012011782 0.08961116 -32767.0 -32767.0 -32767.0 -32767.0 -32767.0 -32767.0 -32767.0 -32767.0 -32767.0 -32767.0 -32767.0 -32767.0 0.3212027 0.16356109 0.059879128 -0.12875926 -0.14359953 -0.16038057 -0.11629518 -0.2553287 -0.056653656 0.19651885 0.17062597 0.15295415 -0.11282068 0.02518234 -0.1281364 -0.10908405 0.030427277 0.16747701 0.18165545 0.12999575 0.0019381349 0.35531008 0.2603356 0.10662236 -0.11983341 -0.14651515 -32767.0 -32767.0 -32767.0
0.11092166 0.033818558 0.07948269 0.099875316 0.120074615 0.08857655 -0.002376455 -0.079215616 -0.11293693 -0.1713101 -0.21492101 -0.23462707 -0.22364156 -0.244609 -0.15521164 -0.13985309 -0.018000517 -0.016238483 -32767.0 -32767.0 -32767.0 -32767.0 -32767.0 -32767.0 -32767.0 -32767.0 -32767.0 -32767.0 0.112148985 0.34055704 0.13598602 -0.09409303 -0.2642866 -0.25730142 0.0069645746 0.040305614 0.006070598 -0.08415504 -0.10812381 -0.37419108 -0.25413272 0.21494456 0.223615 0.25967193 0.2594139 0.22248356 0.075830996 -0.06503318 -0.0084831 0.2462281 0.18335363 -32767.0 -0.20024832 -0.22134915 -0.1495553 -32767.0 -32767.0 -32767.0
0.054984096 0.02925979 0.04461393 0.073531546 0.08045582 0.025470898 -0.06423378 -0.089151576 -0.091647185 -0.0776858 -0.09139908 -0.11048159 -0.1692642 -0.11165556 -0.05063568 0.19945776 0.10580682 -32767.0 -32767.0 -32767.0 -32767.0 -32767.0 -32767.0 -32767.0 -32767.0 -32767.0 -32767.0 -32767.0 0.5645145 0.2540504 0.19117296 -0.1865526 -0.21377444 -0.04281268 0.0039083636 -0.0016850876 -0.05276671 -0.08447827 -0.03718967 0.058844414 0.22416821 0.063980065 -32767.0 -32767.0 -0.1199409 -0.040881477 -32767.0 -32767.0 -32767.0 -32767.0 -32767.0 -32767.0 -32767.0 -32767.0 -32767.0 -32767.0 -32767.0 -32767.0
-0.000271013 0.002450665 0.009083983 -0.016334444 -0.045322154 -0.1450362 -0.18155636 -0.12346649 -0.03682617 0.039989248 0.042401098 0.09306738 -0.010314105 0.056783237 0.056912605 0.07002559 -32767.0 -32767.0 -32767.0 -32767.0 -32767.0 -32767.0 -32767.0 -32767.0 -32767.0 -32767.0 -32767.0 0.48920733 0.38936234 0.1139852 -0.18534143 -0.20514075 -0.0010937692 0.11475886 0.13956165 -0.058660224 -0.12597354 -0.23274656 -0.33951727 -0.20336163 -0.12933788 -32767.0 -32767.0 -32767.0 -32767.0 -32767.0 -32767.0 -32767.0 -32767.0 -32767.0 -32767.0 -32767.0 -32767.0 -32767.0 -32767.0 -32767.0 -32767.0 -32767.0
-0.08206008 -0.04174457 -0.05011668 -0.12172151 -0.18669985 -0.11639559 -0.063313395 -0.100516655 -0.08185833 -0.015021924 0.0026856833 0.03849505 0.055774253 -0.0051359884 0.07054948 -0.026416846 -32767.0 -32767.0 -32767.0 -32767.0 -32767.0 -32767.0 -32767.0 -32767.0 0.13771203 0.07568966 0.4763409 0.55492365 0.27080148 -0.14165539 -0.21758288 -0.120816045 -0.024596676 0.114138804 0.09308798 -0.12510847 -0.15983748 -0.22055581 -0.35279918 -32767.0 -32767.0 -32767.0 -32767.0 -32767.0 -32767.0 -32767.0 -32767.0 -32767.0 -32767.0 -32767.0 -32767.0 -32767.0 -32767.0 -32767.0 -32767.0 -32767.0 -32767.0 -0.003384392
-0.10206512 -0.09595473 -0.110457316 -0.16111018 -0.1569351 -0.118714005 -0.07655447 -0.13158564 -0.090066634 -0.020175185 0.106119856 0.0694768 0.008103982 0.014755103 0.050748043 -0.0039908984 -32767.0 -32767.0 -32767.0 -32767.0 0.085518405 0.2194211 0.26165017 0.24949257 0.2719086 0.37677154 0.30919117 0.24628831 -0.083189964 -0.14084004 -0.072768584 0.040217113 0.18835674 0.18201907 0.039124247 -0.16312078 -0.031398438 -0.07022328 -32767.0 -32767.0 -32767.0 -32767.0 -32767.0 -32767.0 -32767.0 -32767.0 -32767.0 -32767.0 -0.032048263 0.05138493 -32767.0 -32767.0 -32767.0 -32767.0 -32767.0 -32767.0 -32767.0 0.092597485
-0.069334224 -0.09873489 -0.12620443 -0.20342834 -0.1372576 -0.10477394 -0.10226309 -0.0855365 -0.058197163 0.018612752 0.14792703 0.18531483 0.04918986 0.14709623 0.016204929 -32767.0 -0.10178265 -32767.0 0.039671738 -32767.0 -0.02003363 -32767.0 0.2578276 0.27216226 0.31289315 0.35843584 0.26382855 0.14387919 -0.04250043 0.13103665 0.49236107 0.4742821 0.31764582 -0.01844733 -0.26657504 -0.24573967 -32767.0 -32767.0 -32767.0 -32767.0 -32767.0 -32767.0 -32767.0 -32767.0 0.015058023 -0.11386298 -0.0877629 -0.035930853 -0.03985832 -0.11659498 0.17599015 0.17899534 -32767.0 -32767.0 -32767.0 -32767.0 -32767.0 0.0813406
-0.0014650831 0.010573503 -0.04255207 -0.098199666 -0.15541066 -0.15957317 -0.1113189 -0.06617362 -0.024702927 0.013427522 0.08374721 0.1867062 0.21684778 0.15577605 0.21600793 0.227294 0.27986607 0.3317206 0.28302586 0.27004814 0.2444872 0.23693237 0.27850953 0.475925 0.5478335 0.38258815 0.3377914 -32767.0 0.21406402 0.46368644 0.38516885 0.3667106 0.10896403 -0.18305245 -32767.0 -32767.0 -32767.0 -32767.0 -32767.0 0.21075796 0.19829212 0.19326954 -0.027353076 0.18547337 0.18952958 0.06865131 -32767.0 -32767.0 0.09206772 0.033315036 0.21263278 -32767.0 -32767.0 -32767.0 -32767.0 -32767.0 0.009714282 0.14114946
0.067075424 0.05939063 0.12138506 0.15298072 0.06033887 0.049066626 0.010678446 -0.011466188 -0.0016534352 0.030240914 0.020918597 0.069961205 0.16461308 0.27738488 0.26918224 0.30414417 0.3976528 0.49692887 0.5708448 0.5769188 0.5994009 0.5482477 0.5232973 0.4769207 0.44353855 0.4757643 0.45302397 0.5143474 0.4894127 0.40468433 0.16022152 0.07827281 -0.079407595 -0.03198701 -0.01715952 -32767.0 0.02994538 0.091029145 -32767.0 0.14615217 0.2620691 0.20863542 -32767.0 -0.0798453 -0.23395395 -32767.0 -32767.0 -32767.0 -32767.0 0.15042947 0.036963377 -32767.0 -32767.0 -32767.0 -32767.0 0.318767 0.24458961 0.17715412
