static/data/seaWater_uo/2023/7/28/18.asc
ncols 137
nrows 93
xllcorner 108.0
yllcorner 17.0
cellsize 0.25
NODATA_value -32767
[rows 0 to 25 of 93, columns 58 to 115 of 137]
-32767.0 -32767.0 -32767.0 -32767.0 -32767.0 -32767.0 -32767.0 -32767.0 -32767.0 -32767.0 -32767.0 -32767.0 -32767.0 -32767.0 -32767.0 -32767.0 -32767.0 -32767.0 -32767.0 -32767.0 -32767.0 -32767.0 -0.030999448 -0.020897813 -0.1374182 -0.034416795 0.23321354 0.45505 0.5211974 0.4199656 0.16533603 0.023823008 -0.06322958 -0.009566609 0.11316222 0.15276296 0.06986987 0.019764086 -0.030597609 -0.18548356 -0.1421995 -0.15124957 0.18684466 0.26832917 0.3010701 -0.030961195 -0.2869866 -0.3008359 -0.1519707 0.019580383 0.14249043 0.23418607 0.34650663 0.47183794 0.6744723 0.7408132 0.6437573 0.46670815
-32767.0 -32767.0 -32767.0 -0.005986272 -0.033226598 0.020825496 -0.011253395 -0.019586287 -0.011630119 0.009958037 -32767.0 -32767.0 -32767.0 -32767.0 -32767.0 -32767.0 -32767.0 -32767.0 -32767.0 -32767.0 -32767.0 0.11753365 0.33890182 0.076937795 0.084538564 0.28148702 0.2604853 0.22817253 0.3348663 0.4271679 0.45974228 0.43045822 0.3071726 0.2770797 0.26114196 0.17660418 0.06802554 0.07141343 -0.05754444 -0.05381776 -0.011363877 0.102155715 0.30819875 0.32698283 0.24443685 -0.022411615 -0.1402225 -0.015244107 0.07710774 0.08347039 0.11553933 0.147725 0.18869233 0.20330381 0.3229912 0.35481527 0.2805613 0.29673085
-32767.0 0.005491511 -32767.0 0.018098388 -0.03486977 -0.08181884 -0.12298415 -0.052669812 -0.042583793 -0.028499182 -0.018376427 -0.08474066 -32767.0 -32767.0 -32767.0 -32767.0 -32767.0 -32767.0 -32767.0 -32767.0 -32767.0 0.060888905 0.14553806 0.07660272 0.16564897 0.0890319 0.1166259 0.21558173 0.34555244 0.49387804 0.57822794 0.50770956 0.41802526 0.50484145 0.41308206 0.06925182 -0.02294551 0.009895142 -0.06742045 0.006612642 0.22205977 0.3934391 0.36358938 0.24722233 0.18858169 -0.048848953 -0.039034322 0.10799928 -0.039742593 -0.27334276 -0.22206433 -0.13470855 -0.05552821 0.070188545 0.07503505 -0.00268395 -0.08042266 -0.21040253
0.019451996 -32767.0 0.0022947034 -0.043838933 -0.028304463 -0.022566443 -0.14732474 -0.10886188 -0.054702546 -0.0031053526 -0.03167427 -0.060069352 -32767.0 -32767.0 -32767.0 -32767.0 -32767.0 -32767.0 -32767.0 -32767.0 -0.05591804 -0.11632806 -0.056595847 -0.10288525 0.06922809 0.17241952 0.029113438 0.17484513 0.08465974 0.23876587 0.4735799 0.6178213 0.4702302 0.32775834 0.291218 -0.068899795 -0.123315714 -0.1440565 -0.028849717 0.14068326 0.36753792 0.41291314 0.26854536 0.13229792 0.113449864 -0.017519638 -0.036434554 0.07456602 -0.0710537 -0.07326638 0.0009691857 0.020370245 -0.08015583 0.017819814 -0.04440254 -0.11649549 -0.18073432 -0.20039196
0.05693473 -32767.0 0.06600664 -0.01767693 0.0019050686 0.00014740229 -0.0008148828 -0.06659342 -0.10117479 -0.04524308 -0.08558936 -32767.0 -32767.0 -32767.0 -32767.0 -32767.0 -32767.0 -32767.0 -32767.0 -32767.0 -32767.0 -32767.0 -0.042704474 0.19389069 0.12527765 0.02833381 0.013019832 -0.08863284 -0.06631854 0.063785374 0.37032145 0.36619428 0.1976759 0.31112003 0.444185 0.26807123 0.32634282 0.44557104 0.593672 0.63847214 0.45192698 0.30682617 0.148288 -0.020626295 -0.029183816 -0.12741992 -0.06449453 -0.08406755 0.038933698 0.17109354 0.2914975 0.28090632 0.20091286 0.11805136 0.025362711 -0.12201496 -0.08483025 -0.010834206
0.15714952 0.14023288 0.11975922 0.14511053 0.09349017 0.06932982 0.052428532 0.015353818 0.016237816 0.027765587 -0.04482529 -32767.0 -32767.0 -32767.0 -32767.0 -32767.0 -32767.0 -32767.0 -32767.0 -32767.0 -32767.0 -32767.0 -32767.0 0.1055456 0.18264881 -0.0034231348 -0.1395168 -0.16356294 -0.2046294 -0.13928255 0.12342025 0.42634603 0.15033689 0.27903798 0.41962323 0.6576723 0.7784224 0.7603352 0.57622606 0.3202357 0.20188944 -0.11095619 -0.22491214 -0.21806794 -0.2821443 -0.13803542 -0.017927006 0.19325295 0.50107086 0.77242124 0.85416806 0.79573655 0.575896 0.36064953 0.15180883 0.022445392 -0.0024541426 0.03993828
0.29636458 0.25042084 0.18367235 0.08534257 0.015808424 -0.03943822 -0.04224124 0.03251251 -0.009285798 -0.015417451 -0.003494359 -32767.0 -32767.0 -32767.0 -32767.0 -32767.0 -32767.0 -32767.0 -32767.0 -32767.0 -32767.0 -32767.0 -32767.0 -32767.0 0.115324765 0.088696636 -0.06656364 -0.29377726 -0.11452742 -0.17204589 0.27983534 0.25687665 0.32554406 0.28969017 0.22246775 0.25629944 0.29773867 0.26384443 0.17439497 0.05713349 -0.101650916 -0.2562449 -0.33407447 -0.27183565 -0.12339027 -0.011751897 0.11553889 0.44264814 0.63243735 0.58694917 0.4452992 0.38477373 0.38667136 0.3701243 0.25180307 0.18279268 0.1823702 0.043101747
0.2508931 0.15568873 -0.014406567 -0.053879652 -0.13856296 -0.19208895 -0.122030154 -0.06257997 -0.049081005 -0.075584486 -32767.0 -32767.0 -32767.0 -32767.0 -32767.0 -32767.0 -32767.0 -32767.0 -32767.0 -32767.0 -32767.0 -32767.0 -32767.0 -32767.0 -32767.0 0.036847573 -0.19627073 -0.15449968 0.015932709 0.14889483 0.37167525 0.21009494 0.17144133 -0.024432942 0.05827781 0.1897896 0.27265117 0.18249026 0.04365326 -0.07372255 -0.02546736 -0.12121769 0.07666962 0.33213663 0.5244084 0.61611766 0.6786825 0.55157465 0.2867439 0.1604535 0.109125696 0.12537982 0.13793182 0.2866711 0.3621978 0.28530562 0.30922496 0.28431922
0.091399014 0.037634302 -0.11089191 -0.107274964 -0.12762305 -0.10556717 -0.09052845 -0.15183955 -0.083020255 -32767.0 -0.06182727 -32767.0 -32767.0 -32767.0 -32767.0 -32767.0 -32767.0 -32767.0 -32767.0 -32767.0 -32767.0 -32767.0 -32767.0 -32767.0 -32767.0 0.15962468 0.098472156 0.025077868 0.024014555 0.47202763 0.38284716 0.080337994 0.057148684 -0.045239553 0.035755593 0.02249207 -0.012280811 0.03048972 0.057092473 0.05340235 0.122963116 0.27789614 0.4598157 0.5474635 0.61305034 0.62977445 0.4656918 0.19869289 0.07024923 0.016036082 0.04709301 0.20876315 0.19732353 0.20373984 0.32994387 0.3164112 0.3621628 0.4458263
0.022800386 0.03991828 -0.028499842 -0.03911976 -0.026380446 0.0147987185 0.031338025 0.06562673 -0.035363004 -0.26640382 -0.20820697 -0.08436198 -0.011463234 0.036831602 -0.024806814 -0.06422592 -32767.0 -32767.0 -32767.0 -32767.0 -32767.0 -32767.0 -32767.0 -32767.0 -32767.0 -32767.0 0.11231095 -0.02088451 -0.0074187424 0.1732585 0.24845895 0.086956434 0.15222967 0.052827127 0.02297336 -0.023926528 -0.18087938 -0.21232997 -0.22635294 -0.14078176 0.04243569 0.17799038 0.1914802 0.094205886 0.020235788 -0.018528905 -0.07027346 -0.025038116 0.0527347 -0.09106144 -0.065218784 -0.17804687 -0.012529547 0.045987524 0.07099279 0.1395437 0.26103514 0.25099543
0.17238036 0.10068866 0.058105428 -0.0200224 -0.029104106 0.058806267 0.10597145 0.03758432 -0.024874585 -0.09004021 -0.11229099 0.02833331 -0.012470627 -0.08036836 -0.118010804 -0.27014166 -32767.0 -32767.0 -32767.0 -32767.0 -32767.0 -32767.0 -32767.0 -32767.0 -32767.0 -32767.0 -32767.0 0.05897373 -0.13986799 0.036801305 0.15751697 0.35127506 0.21032006 0.17551914 0.1538554 0.05468232 -0.0046456363 -0.0981554 -0.10678749 -0.05309624 0.0013575424 0.046242397 -0.054210052 0.008654493 0.057361282 -0.11451669 -0.14541332 0.071695715 -0.027811397 -0.08979997 -0.121360905 -0.31117934 -0.3352022 0.16207881 0.39882997 0.26733106 0.17131028 0.5937818
-32767.0 0.0778561 0.09789994 0.04351972 -0.03556802 -0.051527258 -0.04600685 -0.07035735 -0.06804745 -0.1434745 -0.11158948 -0.06364456 -0.02836578 -0.079777546 -0.16536303 -0.08813682 -0.057175163 -0.21227215 -32767.0 -32767.0 -32767.0 -32767.0 -32767.0 -32767.0 -32767.0 -32767.0 -32767.0 -32767.0 -0.10305177 -0.0043508504 0.09728385 0.29497126 0.34191588 0.34459794 0.2935399 0.21151523 0.21884875 0.27934873 0.22302654 0.12571156 0.03738263 -0.018735258 -0.18320249 -0.07278906 -0.03177432 -0.0633452 0.013044665 -0.019460466 -0.09999367 -0.14553949 -0.010696314 0.033050343 -0.2123458 -0.57515377 -0.1698557 0.20587607 0.40753004 -32767.0
-32767.0 -0.0175629 -0.07996417 -0.036085647 -0.04707271 -0.06428729 -0.066977285 -0.044527404 -0.04963749 -0.051684745 -0.116411775 -0.14543603 -0.10947418 -0.11974755 -0.11533502 -0.2985581 -32767.0 0.017906321 -32767.0 -32767.0 -32767.0 -32767.0 -32767.0 -32767.0 -32767.0 -32767.0 -32767.0 -32767.0 -0.052914772 -0.17843334 -0.0601615 -0.052391097 0.13300359 0.18876868 0.2802486 0.4893608 0.6025343 0.56678104 0.49607843 0.38454187 0.24330726 0.11195879 -0.0761745 -0.118925735 -0.05974557 -0.013882758 0.06157002 0.13195735 0.1770557 0.18367279 0.035881203 0.04229405 -0.10032605 0.0445917 -0.20470946 -0.22985417 0.09197948 -32767.0
0.12354659 0.094140805 0.07079339 0.06421905 0.0100179035 -0.08491441 -0.014657745 0.02905026 0.059611727 0.036768224 0.021255666 0.014946692 0.009930175 -5.290378e-05 -0.018334428 -32767.0 -32767.0 -32767.0 -32767.0 -32767.0 -32767.0 -32767.0 -32767.0 -32767.0 -32767.0 -32767.0 -32767.0 -32767.0 0.038657945 -0.25452852 -0.113184586 0.10592035 0.1267072 0.28146675 0.41295472 0.49985576 0.51666003 0.4083216 0.33941418 0.32129663 0.16976233 0.052469444 0.10927444 0.04654019 0.014537498 0.0815197 0.18498848 0.18612754 0.17496869 0.2976156 0.2213131 0.08842389 -0.25865808 0.010059193 0.029139275 -0.03695412 0.19461177 0.18431635
0.18469705 0.14625287 0.14287175 0.12636253 0.11619973 0.12835613 0.15575445 0.17575201 0.22376129 0.20427653 0.12695399 0.08361522 0.11617475 0.15503979 0.077494204 -0.087965086 -32767.0 -32767.0 -32767.0 -32767.0 -32767.0 -32767.0 -32767.0 -32767.0 -32767.0 -32767.0 -32767.0 -32767.0 -0.109287694 -0.10631758 0.124091834 0.17303091 0.14932352 0.41387323 0.37098646 0.35705373 0.3055075 0.50274736 0.4556999 0.3068069 0.12519774 0.18465671 0.29692978 0.14410937 0.17402674 0.15270026 0.1681795 0.07965896 -0.15016626 -0.04742088 0.04007169 -0.049251907 -0.16901712 -0.03033901 0.45232052 0.031050095 -0.08501679 -32767.0
0.11102722 0.15433168 0.2275521 0.25598168 0.1872575 0.2491539 0.29970753 0.3721974 0.38097748 0.37613678 0.31702217 0.31344616 0.3465136 0.32884523 0.045752045 -0.048799846 -0.10304263 -32767.0 -32767.0 -32767.0 -32767.0 -32767.0 -32767.0 -32767.0 -32767.0 -32767.0 -32767.0 -32767.0 0.2798927 0.22912894 0.35637492 0.15560646 0.15066996 0.13617785 0.11982167 0.19909853 0.34704158 0.4296245 0.5436011 0.53270346 0.51761 0.44062683 0.16140036 -32767.0 0.11269518 0.13695313 -0.026085727 0.21055973 0.01922914 -0.038152322 0.085170425 0.07228008 0.21273337 0.44110247 0.3271736 -32767.0 -32767.0 -32767.0
0.13528864 0.18444656 0.21071312 0.19823775 0.21073446 0.27704656 0.32588238 0.4072083 0.38640383 0.33902317 0.32456142 0.33380267 0.35239413 0.2537745 0.100201875 0.022262326 -0.11720374 -32767.0 -32767.0 -32767.0 -32767.0 -32767.0 -32767.0 -32767.0 -32767.0 -32767.0 -32767.0 -32767.0 -32767.0 0.2543475 0.33097154 0.07348589 -0.08978891 -0.18314962 -0.0032831552 0.07039769 0.1234157 0.2582838 0.45453578 0.5478077 0.42468268 0.1875717 0.16228846 0.07255075 0.018730046 0.2230206 0.40240785 0.43638253 0.450513 -0.03797792 0.25279486 0.48310176 0.3784729 0.16971877 0.11259475 -32767.0 -32767.0 -32767.0
0.16697982 0.19857925 0.23523892 0.23360983 0.25069654 0.2806235 0.29609692 0.2487598 0.21038963 0.20901959 0.20692907 0.13937363 0.1453037 0.08472064 0.0146327475 0.05869797 -0.09965552 -0.122544765 -32767.0 -32767.0 -32767.0 -32767.0 -32767.0 -32767.0 -32767.0 -32767.0 -32767.0 -32767.0 0.12101526 0.40737024 0.28340968 0.043058597 -0.14293748 -0.033510994 0.101212844 0.23840107 0.27885902 0.334312 0.23316847 0.1343072 0.12381648 0.5135587 0.55583364 0.5312612 0.5913487 0.42485514 0.2514245 0.2468144 0.3139463 0.49152136 0.35523832 -32767.0 0.07648551 0.16832872 0.15334016 -32767.0 -32767.0 -32767.0
0.18147974 0.20462793 0.22610955 0.25757855 0.29774424 0.2993534 0.21894194 0.123493776 0.025195666 -0.02173083 -0.07875729 -0.103985034 -0.089257136 -0.20073143 -0.12816821 0.07409311 -0.08628174 -32767.0 -32767.0 -32767.0 -32767.0 -32767.0 -32767.0 -32767.0 -32767.0 -32767.0 -32767.0 -32767.0 0.4508632 0.43572682 0.29281557 0.111923344 0.06846795 0.12975636 0.25234243 0.4364286 0.35739586 0.34173924 0.24562125 0.4445226 0.50459546 0.26181224 -32767.0 -32767.0 0.18268651 0.1249785 -32767.0 -32767.0 -32767.0 -32767.0 -32767.0 -32767.0 -32767.0 -32767.0 -32767.0 -32767.0 -32767.0 -32767.0
0.25568882 0.2054535 0.16996771 0.21121238 0.19128981 0.1417223 0.14102957 0.16433665 0.17899156 0.047791835 -0.037576318 -0.041923616 -0.15743995 -0.11970614 -0.15042351 -0.06735152 -32767.0 -32767.0 -32767.0 -32767.0 -32767.0 -32767.0 -32767.0 -32767.0 -32767.0 -32767.0 -32767.0 0.29998952 0.42581773 0.20588149 0.008667555 0.062863 0.09259848 0.063162625 0.28897405 0.28244087 0.17682587 0.20939499 0.09680618 0.17646223 0.20645364 -32767.0 -32767.0 -32767.0 -32767.0 -32767.0 -32767.0 -32767.0 -32767.0 -32767.0 -32767.0 -32767.0 -32767.0 -32767.0 -32767.0 -32767.0 -32767.0 -32767.0
0.19480626 0.15666209 0.16786057 0.16682231 0.15699118 0.15653838 0.20014825 0.17100331 0.17384051 0.18968786 0.15034662 0.08487781 0.0013907645 -0.062363297 -0.053784188 -0.08193426 -32767.0 -32767.0 -32767.0 -32767.0 -32767.0 -32767.0 -32767.0 -32767.0 0.11494974 0.07404542 0.2396258 0.537114 0.44295102 0.10161998 0.075427234 0.19716541 0.26177245 0.3573104 0.34583193 0.042264134 0.10068576 0.02769244 0.10070715 -32767.0 -32767.0 -32767.0 -32767.0 -32767.0 -32767.0 -32767.0 -32767.0 -32767.0 -32767.0 -32767.0 -32767.0 -32767.0 -32767.0 -32767.0 -32767.0 -32767.0 -32767.0 -0.029659135
0.09159102 0.10342012 0.1495543 0.17438088 0.18569443 0.105911344 0.045163978 0.0918361 0.09716202 0.16966088 0.15830028 0.07140737 -0.05726817 -0.08162913 0.034364343 -0.02805905 -32767.0 -32767.0 -32767.0 -32767.0 -0.009842128 -0.0981306 -0.0132438 0.04061578 -0.00064797327 0.17316999 0.16315028 0.3618761 0.15625885 0.23370926 0.16747871 0.009583787 0.27596486 0.3673039 0.14960721 0.12000587 0.31955814 0.19246222 -32767.0 -32767.0 -32767.0 -32767.0 -32767.0 -32767.0 -32767.0 -32767.0 -32767.0 -32767.0 0.05930853 0.13547547 -32767.0 -32767.0 -32767.0 -32767.0 -32767.0 -32767.0 -32767.0 0.044066947
0.04115679 0.04296929 0.026795441 0.10081587 0.11217077 0.06377943 0.034256835 0.0402216 0.07927297 0.15863311 0.1341244 0.080504306 0.004900801 0.10381068 -0.13171847 -32767.0 -0.09033202 -32767.0 0.00195843 -32767.0 -0.078106605 -32767.0 -0.022712493 0.0022497724 0.06734095 0.14168791 0.21631742 0.16962118 0.10995891 0.113413006 0.31914014 0.43965885 0.30972195 0.11166063 0.11805512 0.1660162 -32767.0 -32767.0 -32767.0 -32767.0 -32767.0 -32767.0 -32767.0 -32767.0 -0.036513593 -0.10452701 -0.038268354 0.03248571 0.08705518 0.042626288 0.12563066 0.0985675 -32767.0 -32767.0 -32767.0 -32767.0 -32767.0 0.08580201
-0.00833218 -0.05000049 -0.05832893 0.0061843675 -0.002270115 -0.05509397 -0.04323158 -0.004683653 0.021766163 0.043952145 0.073241614 0.10782886 0.0791692 0.04361255 0.10413359 0.11175149 0.18865538 0.34747663 0.24319005 0.25657585 0.19474405 0.21800517 0.20480242 0.35567096 0.4061094 0.3191669 0.22028056 -32767.0 0.018669652 0.4360624 0.3909863 0.28437045 0.03370672 -0.14974199 -32767.0 -32767.0 -32767.0 -32767.0 -32767.0 -0.08163138 0.015631992 -0.087105155 -0.24954768 -0.010385686 -0.00982806 0.08945801 -32767.0 -32767.0 0.20810041 0.055250686 0.09107998 -32767.0 -32767.0 -32767.0 -32767.0 -32767.0 -0.07865925 0.044269938
-0.05958935 -0.0787878 -0.11343568 -0.1230743 -0.19746585 -0.2032969 -0.15013671 -0.06414743 -0.054276127 -0.07115892 -0.07110993 -0.071898505 -0.0524787 0.103348546 0.25988823 0.21428068 0.34795767 0.43362433 0.44672495 0.47473264 0.536657 0.5474729 0.5121065 0.5067353 0.4851791 0.47038966 0.4002473 0.3723371 0.37739325 0.28181636 0.11603622 0.045405444 -0.0076263035 -0.07503588 -0.02156371 -32767.0 0.016421825 0.05652382 -32767.0 -0.024131544 -0.122528 -0.22625297 -32767.0 -0.12112214 -0.2000871 -32767.0 -32767.0 -32767.0 -32767.0 0.06269102 0.0047934237 -32767.0 -32767.0 -32767.0 -32767.0 0.26325634 0.31949294 -0.0444245
0.08692343 -0.01163513 -0.073723495 -0.1617547 -0.25195855 -0.261272 -0.20670623 -0.13369079 -0.07695444 -0.056610215 -0.102918826 -0.1132229 -0.088383414 -0.08672207 -0.039529648 0.23850425 0.30578956 0.30991074 0.21037684 0.15091597 0.10902515 0.18622857 0.20971625 0.3185531 0.3011453 0.26082882 0.23356834 0.13245259 -0.030180087 -32767.0 0.0052531622 0.05494985 -32767.0 -32767.0 0.016912766 0.12683822 0.16278303 -0.02721905 -0.03657738 0.10065813 -0.15217666 -32767.0 -32767.0 -32767.0 -32767.0 -32767.0 -32767.0 -32767.0 -32767.0 -0.043869205 -0.06878023 -0.15793721 -32767.0 -32767.0 0.068887524 -0.18959229 -0.25487775 -0.2169619
