static/data/seaWater_uo/2023/7/28/6.asc
ncols 137
nrows 93
xllcorner 108.0
yllcorner 17.0
cellsize 0.25
NODATA_value -32767
[rows 26 to 51 of 93, columns 58 to 115 of 137]
-0.0554457 0.023800949 0.07590762 0.09659552 0.08810608 0.11584916 0.07158836 0.10618986 0.15137342 0.100617096 0.10146702 0.09001299 0.21183394 0.3065078 0.2916676 0.24716614 -32767.0 -32767.0 0.11915405 0.25586826 0.35222277 0.45352456 0.43985382 0.41818023 0.38151753 0.2310098 0.23782451 0.18405958 0.11528182 -0.10582646 -0.11760792 -32767.0 -32767.0 -32767.0 -32767.0 -32767.0 -32767.0 -0.045448706 -0.16232817 -0.16488753 -32767.0 -32767.0 -32767.0 -32767.0 -32767.0 0.14475583 -32767.0 0.05981622 0.19189706 0.0028675483 0.025735224 0.09280045 -0.022343567 -32767.0 -0.25719425 -0.11601223 -0.14803939 -0.20018902
0.04732251 0.0034817406 -0.058736317 -0.0021364074 0.024574058 0.03676735 0.023918187 -0.011415237 0.009213341 0.026023965 0.0004173983 0.005859277 -0.014730906 0.049306385 0.0007123905 -32767.0 -32767.0 0.113872506 0.2200727 0.22311445 0.27729613 0.36037636 0.39253306 0.36610293 0.28024995 0.18721323 0.10093075 0.054413978 -32767.0 -32767.0 -32767.0 -32767.0 -32767.0 -32767.0 -32767.0 -32767.0 -32767.0 -0.157178 -0.029823523 0.027223928 -32767.0 -32767.0 -32767.0 0.052900966 0.1345578 0.1484458 0.16153422 0.17747854 0.2084681 0.32435337 0.15878901 -0.014500921 -0.01803906 -0.2655887 -0.1311584 -0.16981791 -0.14115332 -0.1276866
0.12000856 0.11572362 0.0036354242 0.051558595 0.06411345 -0.014786622 -0.04434894 -0.060304727 -0.10656009 -0.092296794 -0.10210801 -0.16300419 -0.102156974 -0.033932053 -0.021774957 0.020125141 0.04667624 0.054915786 0.15865926 0.23158832 0.2381484 0.23807764 0.30937016 0.29716703 0.21240774 0.100389235 -32767.0 -0.02452121 0.045316983 -32767.0 -32767.0 -0.049988687 -32767.0 -32767.0 -32767.0 -32767.0 -32767.0 -32767.0 0.06902378 0.19625007 -32767.0 -32767.0 0.021939568 0.2024607 0.29033533 0.41201267 0.41444156 0.49610716 0.6341897 0.54039687 0.09044238 0.06163555 -0.20782804 -0.097553685 0.04045175 -0.07497455 -0.04585555 -0.06534878
0.059965506 0.056468755 0.051347617 0.11890295 0.11923836 0.18902948 0.17085089 0.081661366 0.010865961 -0.034061033 -0.06655415 -0.030783398 0.015849002 -0.0016211825 0.0816464 -0.024882164 0.02204705 0.11622638 0.19631308 0.16971476 0.0695131 0.06714424 0.13990252 0.12476765 0.16990215 -32767.0 -0.021369116 0.02631125 0.08550482 0.045470595 0.05475526 -32767.0 -0.020074353 -32767.0 -32767.0 -32767.0 -32767.0 -32767.0 0.22817306 0.14209032 0.13130271 0.12131355 0.24543557 0.28205746 0.43746802 0.49672756 0.5358483 0.5177827 0.40386635 0.4060467 0.1069198 -0.064992465 -0.16531189 -0.041237168 -0.022766612 0.06464176 0.03551141 0.011818038
-0.0183424 0.05903489 0.09273932 0.080399 0.149288 0.16958366 0.15306394 0.20378391 0.16934459 0.13140598 0.08460746 0.08782639 0.06559198 -0.021011462 0.061100233 0.14001086 0.20977427 0.16550213 0.11712755 0.043069735 0.07036171 0.098238684 0.048426762 0.14393581 0.20223089 0.4105447 0.22471006 0.29850367 0.35351843 0.23484509 0.20778772 -0.11391288 -0.0049346574 -32767.0 -32767.0 -32767.0 -32767.0 0.0778406 -0.088203214 -0.23283283 -0.16050844 -0.032364056 0.40641743 0.69316643 0.7930084 0.83172005 0.7931091 0.7164176 0.60182184 0.3587309 0.2594725 0.020836148 0.053178653 0.054969646 0.09567669 0.14126648 0.06806958 0.005887562
-0.0757555 -0.009113091 0.022691071 -0.0027877104 0.015651751 0.04776686 0.048519254 0.14564282 0.22499214 0.22149356 0.14168037 0.14716099 0.15668748 0.036214624 0.010835107 0.12794091 0.15010054 0.05038087 0.011987563 0.0017533456 0.09296219 0.018612623 0.061431102 0.13505983 0.11373561 0.1943164 0.27682433 0.37596393 0.4211126 0.36901024 -0.15678237 -0.043333743 0.077408604 -32767.0 -32767.0 -32767.0 -32767.0 -0.15210705 -0.23417011 -0.09960703 -0.15871482 0.5488017 0.60327065 0.5841577 0.6649665 0.7030125 0.7411127 0.7276851 0.67305285 0.60114527 0.5981347 0.2881871 0.104107074 0.16522673 -0.040119972 -0.027801454 0.09285114 -0.010395956
-0.12724468 -0.0059279073 -0.10565774 -0.12531479 -0.12332847 -0.06725667 0.039670467 0.09832841 0.05736932 0.12839302 0.10583727 0.10443864 0.19731845 0.17186128 0.1603873 0.12460405 0.08500631 0.008074219 -0.018831829 0.047003187 0.007352175 -0.0350882 -0.080186255 -0.010424344 0.13126886 0.20933846 0.2221354 0.20594971 0.20298709 0.32786468 0.27748913 -32767.0 -32767.0 -32767.0 -32767.0 -32767.0 -0.03720777 0.17678131 0.4498724 0.5461818 0.77796096 0.60727656 0.64937866 0.7665563 0.7475342 0.6173976 0.6183289 0.6580413 0.74470365 0.7912399 0.9297009 0.83466405 0.32071695 0.08886586 0.16440313 0.022966918 0.07955853 0.10455136
-0.057087652 -0.04357186 -0.069446124 -0.15577106 -0.14830406 -0.1516668 0.013652604 0.016169824 -0.057010986 0.031059215 0.076891124 0.066312455 0.09589128 0.14458995 0.16317356 0.101243295 0.08052219 0.046728 0.045344908 0.11048235 0.06799065 -0.038766883 -0.10328056 -0.029637162 0.02629557 0.05655325 0.08062573 0.08390735 0.033761334 0.21335088 0.080277756 -32767.0 -32767.0 -32767.0 -32767.0 -32767.0 0.047080614 0.10015315 0.086064845 0.14047419 0.4231735 0.73405343 0.9312481 0.9666658 0.8015419 0.6866466 0.5804137 0.5356716 0.6074089 0.74435955 0.90498763 1.0836953 1.1965891 0.87661254 0.46298558 0.26002276 0.074019335 0.2521279
-0.019426327 -0.009257939 -0.10832782 -0.18514241 -0.17169508 -0.106290095 -0.12146261 0.051926106 0.037787206 -0.15368932 -0.013388567 0.01653729 0.07017822 0.12730478 0.1441085 0.12684837 0.07002793 0.09988711 0.12274939 0.07470393 0.05842097 -0.028702622 -0.053459913 -0.024616966 0.020030877 0.07225284 0.001631659 0.03364387 0.07605924 0.010655009 0.084912755 0.058635306 -32767.0 -0.027052084 -32767.0 -32767.0 0.039812837 -0.008153534 -0.09770703 0.16907288 0.32981795 0.5285894 0.795156 0.78062975 0.5296886 0.48334986 0.45380166 0.3414091 0.36394873 0.48227677 0.61084265 0.7758392 0.9715439 1.1419427 1.1446381 0.8559516 0.41109404 0.24627553
-0.04315888 -0.13810667 -0.10746723 -0.010417204 0.020840865 -0.027606344 -0.054041006 -0.12970221 -0.21381319 -0.21691632 -0.11517975 0.012982228 0.064948894 0.12019027 0.09649504 0.06456759 0.079049505 0.100130215 0.105106995 0.0937524 0.018759854 -0.037233356 -0.03323417 -0.008451727 0.017188083 0.07417544 0.114348195 0.0808109 0.15024446 0.1938636 0.07868568 0.035546366 0.1313516 0.08004642 -32767.0 -0.030192735 -0.27667582 -0.33356154 -0.05197258 -0.03192532 0.06947835 0.1103601 0.105793804 0.024572473 0.015285276 0.22381973 0.21805863 0.17144777 0.17749009 0.19049917 0.28078282 0.43372613 0.6319282 0.7878423 0.9222405 0.9817185 0.7940988 0.5055174
-0.027898733 0.1213514 0.070698105 -0.029672852 0.0403216 0.071998075 0.0025659003 -0.074821174 -0.054901894 -0.15091354 -0.2819291 -0.024897823 0.077683635 0.1252692 0.10581953 0.065500766 0.08287471 0.13417187 0.11861205 0.09577747 0.055447284 -0.044707265 -0.06769768 -0.0510179 -0.025475197 0.03791342 0.10162852 0.24759254 0.3539088 0.42796907 0.46455175 0.48898917 0.43313774 -32767.0 1.174769 1.56971 0.39501798 -0.6392126 -0.10722149 -0.005345184 0.018050168 -0.08130992 -0.16380651 -0.26958224 0.008286703 0.113179445 0.058447573 -0.027685646 -0.021003973 -0.004468912 0.04425527 0.12257653 0.2385565 0.41607723 0.5946733 0.71721256 0.734248 0.69200045
-0.043188598 0.060602173 0.06898551 0.029631617 0.07207398 0.16241816 0.14998733 0.04656135 0.018286355 -0.072989196 -0.15247442 -0.071533 0.039748177 0.05266774 0.055181574 0.048561744 0.09190357 0.09917035 0.030114109 0.018716196 -0.008448103 -0.15469323 -0.099463925 -0.083936095 -0.10331529 -0.14727856 -0.076517425 0.045211267 0.17527416 0.26167592 0.33179724 0.29718906 0.04131266 0.28968084 0.49492565 0.365909 0.7036851 0.92459714 0.11709957 0.10968451 0.12234737 0.05328894 0.15117186 0.14143045 0.16661395 0.14268367 0.042496514 0.016892627 -0.0090566445 -0.09046185 -0.019003663 0.07861854 0.10307653 0.15676773 0.29816052 0.43999344 0.5293625 0.5665153
-0.12483085 -0.048042413 0.0075055556 0.017731383 0.09917533 0.20316058 0.21482158 0.10071421 -0.0065372447 -0.001024538 -0.038584925 -0.07050897 0.010541297 0.06204156 0.09739135 0.08920159 0.049028315 0.018024215 -0.090063915 0.021105828 0.011773279 -0.07178703 -0.0408299 0.008823855 0.034316678 -0.009525742 -0.053573593 -0.06138687 -0.030786764 0.09274453 0.24408698 -32767.0 0.263048 0.2727299 -32767.0 0.122665636 0.215671 0.15648112 0.15223719 0.25151765 0.37184057 0.36315492 0.24069124 0.28305703 0.15850404 0.043391872 -0.035952855 -0.083210565 -0.15030037 -0.0419565 0.008258196 0.0898462 0.13864939 0.11472626 0.13703498 0.24974678 0.36279267 0.39035884
-32767.0 0.15978795 0.12017192 0.15020888 0.2123584 0.25122294 0.21076877 0.12621076 0.09069846 0.024489881 0.027340982 0.043481696 0.08366032 0.028554289 0.07346021 0.20856455 0.29219154 0.32722977 0.22878036 0.09009207 0.10115621 0.14662546 0.20274144 0.28753838 0.3532602 0.3370593 0.25454468 0.20044102 0.19285107 0.31096235 0.43916887 0.3562634 -32767.0 0.075109325 -0.2515193 -0.29322198 -0.015321584 0.15121812 0.35868102 0.58944756 0.7376144 0.4920731 0.2530819 0.27249503 0.12886058 -0.039521493 -0.19485112 -0.16336851 -0.080317594 0.06205679 0.1446731 0.19600369 0.1525454 0.119806305 0.054389555 0.06957686 0.19361947 0.2859424
0.076435775 0.11625363 0.15711077 0.15056498 0.16822173 0.23239627 0.34288445 0.24271229 0.2155871 0.20221354 0.17692034 0.20024431 0.14432573 0.12425646 0.13368866 0.13771771 0.20846863 0.27659222 0.2713233 0.24028373 0.23863822 0.32612392 0.54794437 0.7682903 0.8608501 0.8684505 0.80378187 0.7310778 0.6697346 0.59087026 0.25727144 0.46262828 0.8032068 0.794052 0.79005086 1.0496724 1.0179101 1.189629 1.1246241 1.1190218 0.7788584 0.4054209 0.18985249 0.22845155 0.10691742 -0.0055995374 -0.11064571 -0.020663276 0.03863646 0.078240074 0.08512768 0.09874232 0.030299485 0.027239215 0.039528687 -0.040348563 -0.0025005168 0.10215806
0.15062933 0.23939487 0.16682404 0.12864609 0.10955279 0.038358446 0.17002961 0.32462302 0.23690636 0.14068034 0.16567919 0.20407957 0.25878856 0.21904115 0.152122 0.14950313 0.14871855 0.1375749 0.19855067 0.28983843 0.3530594 0.6461783 0.78648084 0.7663019 0.78645176 0.8051881 0.7955631 0.72681266 0.69116384 0.61628956 0.52666277 0.38337854 0.3386842 0.5088583 0.73905206 0.8384836 0.88859063 0.9030254 0.816912 0.65050626 0.5100428 0.24568021 0.12992696 0.15553282 0.059674565 -0.041104995 -0.050544724 -0.014865367 -0.020365646 0.0062056845 0.0042738575 0.021657351 -0.077236705 -0.107196055 -0.0777155 -0.08602036 -0.0020401827 0.22279884
0.13229477 0.21799491 0.264483 0.28719193 0.30758712 0.29859668 0.29665312 0.21754314 0.16367544 0.073450774 0.07303203 0.055832945 0.11579844 0.24008976 0.2677328 0.22674967 0.17853454 0.18856035 0.21831946 0.31829265 0.5683286 0.6132166 0.5489247 0.54072654 0.5744764 0.59942883 0.59056896 0.54205453 0.59475166 0.6152323 0.58273554 0.45058736 0.5469799 0.27325973 0.14623791 0.19835728 0.509529 0.7026836 0.704453 0.5701085 0.29656756 0.07279839 0.13349232 0.06344117 -0.039587244 -0.11613971 -0.010865295 0.046823535 0.012951809 0.06369878 0.062508486 0.043459907 -0.075611904 -0.1855067 -0.17384003 -0.057956308 0.0836155 0.09330679
0.18197362 0.17489463 0.2584057 0.3778722 0.5140118 0.46154353 0.4474468 0.42686945 0.22021511 0.16313222 0.17894551 0.24996056 0.19850038 0.1256172 0.15659362 0.18266238 0.19125871 0.11117139 0.13175102 0.30953044 0.32546917 0.26793945 0.25750485 0.31863222 0.3921711 0.43677592 0.43252835 0.472349 0.48791596 0.5239034 0.5390015 0.493693 0.53599715 0.5652215 0.5584919 0.66869795 0.53956026 0.40952218 0.29955387 0.1275913 0.03745912 0.06478714 0.1008725 -0.00939929 -0.12904975 -0.12089915 -0.051291745 -0.04995978 0.04238235 0.086285114 0.09459526 0.07352339 0.06612537 -0.045314632 -0.06147657 -0.036666553 0.07562551 0.10587097
0.20792818 0.26695657 0.32750452 0.3022812 0.18873565 0.17817296 0.25375387 0.30396014 0.3241361 0.27107945 0.2915887 0.33292413 0.29144353 0.17905453 0.18820831 0.16482794 0.06519784 -0.014700837 0.04637511 0.2036286 0.18512471 0.120730065 0.11798264 0.12615286 0.08860358 0.07468145 0.14712104 0.288774 0.31316283 0.43471566 0.52644217 0.583693 0.6591061 0.70099795 0.6629568 0.4234365 0.24430771 0.12478651 0.13187188 0.1072779 0.115026444 0.13461517 0.07421184 -0.03707106 -0.07284314 -0.069137044 -0.04198686 -0.15048505 -0.12210614 -0.060978826 -0.053337716 0.001592695 0.04743158 0.077237636 0.02204194 0.118595466 0.10702822 -0.05306824
0.33068657 0.4387609 0.3452003 0.20280415 0.05135602 -0.011923675 -0.01259228 0.07114968 0.18938959 0.24987292 0.23175165 0.2629129 0.26618654 0.2351073 0.16474582 0.015067878 -0.028262235 -0.044284143 0.053171575 0.16734529 0.17483924 0.07091005 0.032236986 -0.067083515 -0.089607276 -0.089230195 -0.03490914 0.05479957 -0.0028175379 -0.055804748 -0.008990861 -0.0025331422 0.1063483 0.25528818 0.4030509 0.49611983 0.49895218 0.44536695 0.38510504 0.30485818 0.22446817 0.1447255 0.04998064 -0.028616471 0.00034613558 0.02522238 -0.09337339 -0.22573738 -0.32834074 -0.30553433 -0.20689844 -0.14321259 -0.15041551 0.012299702 0.1489057 0.13107008 -0.054406133 -0.2136518
0.5944963 0.42895335 0.30339384 0.1519516 0.12799451 0.09486121 -0.0072062686 -0.039093327 0.07226331 0.07769079 0.084037825 0.1636293 0.17837866 0.08763993 -0.017268302 -0.05502622 -0.013846955 0.015911689 0.2642514 0.35405838 0.21903822 0.07440772 0.012194022 -0.20921284 -0.39093056 -0.28213477 -0.26632595 -0.2776752 -0.10781563 -0.032705896 0.07677181 0.09883489 0.27892634 0.37138882 0.47236562 0.47351214 0.4103285 0.33942473 0.3259459 0.27993235 0.18501298 0.09283102 0.031895056 -0.015642598 -0.034131557 -0.112067066 -0.19732459 -0.22268847 -0.27458873 -0.33183455 -0.28337604 -0.22409874 -0.27067146 -0.23467869 -0.1671414 -0.1786686 -0.29758543 -0.2092756
0.45694247 0.3081104 0.21421935 0.15105876 0.10338489 0.11643315 0.21337353 0.19205153 0.16999029 0.083716854 0.08748515 0.1362271 0.09398056 0.062635176 0.0006808246 -0.006210198 0.025233679 0.34769136 0.52004075 0.3639348 0.17453802 0.091449045 0.04533502 0.17190519 0.17033896 -0.069093995 -0.23708881 -32767.0 0.035816606 0.11054566 0.2630128 0.30675894 0.33180052 0.367279 0.28146818 0.21967137 0.18555912 0.13198799 0.036132168 0.01608988 0.004865525 -0.019537855 0.00026211995 -0.054159727 -0.15255858 -0.19970939 -0.12241383 -0.052316837 -0.08192683 -0.17265289 -0.4049676 -0.51325417 -0.4949625 -0.43627316 -0.38187036 -0.40102848 -0.32078895 -0.37297922
0.27410263 0.19346517 0.17881553 0.25759384 0.35867497 0.35396004 0.12923372 0.20157515 0.22286351 0.24620388 0.207209 0.20765413 0.17936982 0.15636408 0.114909396 0.1686289 0.45071232 0.52035767 0.26155317 0.1519891 0.12277628 0.0661547 0.0029563445 0.09098734 0.04814434 0.032759108 -0.17208938 -0.2132125 0.030308392 0.07683061 0.14131379 0.22616246 0.22820292 0.1677055 0.24142356 0.29409122 0.23287125 0.10204355 0.004463252 -0.087041914 -0.14770985 -0.07366734 -0.10588564 -0.20580006 -0.25737438 -0.088666655 -0.07723005 -0.13270381 -0.12466335 -0.19421865 -0.5174828 -0.61951524 -0.57910585 -0.43281993 -0.44450352 -0.3800791 -0.40212348 -0.45118833
0.23909554 0.16956596 0.20415607 0.39280874 0.34972286 0.24379946 0.16311601 0.1227665 0.1008992 0.1911253 0.23417498 0.21123847 0.15504783 0.15947047 0.22171684 0.5012844 0.53582215 0.3395373 0.27872205 0.20465536 0.14254999 0.012824284 -0.06868139 -0.1759222 -0.2820148 -0.24614431 -32767.0 -0.098049864 -0.04837819 -0.01814744 0.035892442 0.04943174 0.06172953 0.14686446 0.19057608 0.24310763 0.13946779 0.02788922 -0.100046806 -0.21602198 -0.22106005 -0.1323305 -0.2562905 -0.3689878 -0.20748208 -0.17997769 -0.19161521 -0.26787546 -0.33382192 -0.28468174 -0.5859525 -0.7016749 -0.63030124 -0.51274806 -0.36366585 -0.3469142 -0.41310185 -0.43857908
0.1967576 0.2001893 0.23559025 0.23205292 0.0894393 0.065988936 0.04375824 0.0158826 -0.020270597 0.030730482 0.08582008 0.05732677 0.12259196 0.36953613 0.56497246 0.531238 0.40607256 0.3244855 0.2819403 0.23917688 0.117104135 -0.07984909 -0.12176798 -0.10878085 -0.00990469 -0.08295223 -0.13773032 -0.06457215 -0.012099904 -0.048575144 -0.070968226 -0.0636401 -0.017542168 0.05660971 0.07251699 0.02525587 -0.0012105256 -0.13730371 -0.26704884 -0.33908755 -0.24217224 -0.25544313 -0.4147763 -0.34453362 -0.26022127 -0.29261208 -0.27202672 -0.2781222 -0.3200423 -0.27052963 -0.39460993 -0.5993086 -0.59808576 -0.4645523 -0.36576992 -0.37736687 -0.27960855 -0.22809182
0.18801422 0.25448355 0.19215281 0.093346864 0.04816987 -0.055728015 -0.16385736 -0.21016736 -0.11396016 0.043316115 0.09445486 0.15568474 0.262945 0.27704856 0.37724197 0.42964876 0.34382617 0.25569442 0.1992142 0.0562649 -0.110131435 -0.092753254 -0.050852656 -0.08168652 -0.13327102 -0.10207169 -0.05596312 -0.061616004 -0.043462317 -0.054621793 -0.13152385 -0.16751997 -0.13939792 -0.104067154 -0.0826377 -0.17663525 -0.2301936 -0.33704075 -0.44801694 -0.4188887 -0.29928485 -0.40889373 -0.43593022 -0.30134866 -0.3807323 -0.3782257 -0.345683 -0.36288872 -0.34857222 -0.23594253 -0.17107761 -0.27834556 -0.29591784 -0.27404717 -0.3387385 -0.35169944 -0.17573316 -0.07928571
