static/data/seaWind_uo/2023/7/15/0.asc
ncols 137
nrows 93
xllcorner 108.0
yllcorner 17.0
cellsize 0.25
NODATA_value -32767
[rows 0 to 18 of 93, columns 0 to 42 of 137]
-0.025941899601602092 0.07736570474609739 0.1206107484265293 0.16545746039142228 0.380081010509123 0.3312301278330789 0.30960760599286274 0.6067170727602771 1.144076782196759 1.5677180434365492 1.604556413979139 1.0968275678051755 0.627538760458263 0.42332605418955493 0.8021206034644521 1.2457827182599979 1.6662206429308664 1.7062623500423784 1.5901413994189952 1.3210611276296391 1.3883311955769781 1.3635053371678412 1.5661163751520886 1.8888525344708698 2.5239140092594394 2.7081058619723914 2.5815740675000156 2.216393698643032 2.475863960725626 2.832235154018077 3.3776032048768605 3.1517679767679367 2.9283352510857035 2.825828480880235 2.400585551355985 2.1427169575578513 2.1875636695227443 2.1050777528730307 1.5180663266182743 0.6363479360227955 0.43133439561185716 -0.14206285022498477 -0.8123610272716846
-0.13725784537160335 0.09418322173293214 0.09498405587516201 0.08857738273732041 0.05414151462142058 -0.16528704034966157 -0.15968120135404984 0.06695486089710423 0.5834928826356003 0.9310549003635189 1.0511800216980527 0.8733948421229423 0.3568568203844462 0.21430834306746593 0.39609769335372746 0.892614861536468 1.3314719714786318 1.6445981210906502 1.7951549398299336 1.2706085766691348 0.9254490613679072 0.8109297790289847 1.224961030562012 1.81998079823907 2.270049586172458 2.436623087756345 2.484673136290158 2.5919849113490083 2.5815740675000156 2.3613446783867036 2.009778489947634 1.7070631841846082 1.4435887513908638 1.8952592076087114 2.0602310409081386 1.9401059195736043 2.035405182499001 2.062633543334829 1.869632515057344 1.3050444447850347 0.6443562774450977 -0.27980632268858363 -1.3713432585483827
-0.5649032773225444 -0.170092045203043 0.07175986575048565 0.18387664566271722 0.12221241671098992 -0.262187971559519 -0.23415877658146078 0.058946519474802006 0.5098161415504197 0.5394470048129381 0.48659195142574285 0.3744751715135113 0.36246265938005795 0.4697744344389081 0.7396555403704945 1.0367650071379084 1.3787211858702153 1.6750298184953993 1.924089236729 1.328268634909711 1.0391675095645994 1.11284425064978 2.1323061137088586 2.652047472016276 2.8370401588714578 2.5639557163709505 2.8386418271559184 2.7337325545237587 2.1867628353805135 1.1841184893082701 1.047976685129132 1.065595036258197 0.8693906714117912 1.1841184893082701 1.4235678978351078 1.5436930191696416 1.635788945526118 1.807167451963387 1.7759349204164079 1.3090486154961858 0.5154219805460309 -0.48722236552621245 -1.5963776525150764
-0.8395893881075123 -0.4087406195876504 -0.020336060605990358 0.16866079696034308 0.24153670390329385 -0.13645701122937348 -0.1508720257895173 0.04853567562580885 0.42252522004732507 0.39129268850034604 0.19588915779617055 -0.01873439232153018 0.006892300229837112 0.35525515209998604 0.775693076770855 1.2233593622775514 1.5316805070361883 1.7927524374032422 1.9425084220002948 1.3194594593451785 1.0103374804443113 1.1256575969254636 2.2716512544569176 3.042053699282396 3.4144415754194513 3.0412528651401654 2.5903832430645486 1.7535115644339618 0.9078307102388421 0.5386461706707077 0.86538650070064 1.0327608364267573 0.6067170727602771 0.7260413599525806 0.9606857636260373 1.2393760451221558 1.550900526449714 1.7374948815893565 1.7326898767359755 1.2593968986779118 0.45455858573653396 -0.7338792813331223 -2.06886979643091
-0.6225633355631208 -0.5216582336421123 -0.23656127900815171 0.057344851190341384 0.312810942561784 0.08937821687955072 -0.034751075166134626 0.07175986575048565 0.23673169904991243 0.27597257201919323 0.10859823629307597 -0.17169371348750317 -0.42715980485894534 -0.10602531382462477 0.36646683009120906 0.9871132903196345 1.3122519520651066 1.554904697160865 1.6982540086200761 1.50124880963144 1.6149672578281318 1.843204988363747 2.2444228936210906 2.544735696957425 2.794595949333256 2.9547627777793015 2.4518389364587185 1.6966523403356155 1.268206074242444 1.3186586252029482 1.3923353662881293 1.0503791875558224 0.4417452394608503 0.4441477418875408 0.6227337556048815 0.9582832611993464 1.3939370345725899 1.6349881113838882 1.6117639212592114 1.4467920879597846 0.3312301278330789 -0.9436978265974416 -2.7231512906330053
0.1470382751201269 -0.06758527499757383 -0.43596898042347787 -0.1404611819405246 0.1534449482579685 0.19348665536948007 0.06375152432818343 -0.02193772889045098 0.11580574357314788 0.175868304240415 0.1174074118576085 -0.15167285993174762 -0.2958230055331885 -0.004319377761385912 0.48258778071459174 1.119250923787622 1.278616918091437 1.5092571510537423 1.384327024865827 2.0930652407395773 2.2500287326167014 2.9235302462323225 2.6352299550294407 2.5735657260777134 1.8888525344708698 2.0418118556368428 2.0874594017439656 2.6368316233139013 2.485473970432388 2.3829672002269198 1.6662206429308664 1.2409777134066164 0.3760768397979719 0.16145328968027117 0.34084013753984177 0.8757973445496332 1.3410819811853947 1.5845355604233835 1.7246815353136733 1.721478198744752 0.45455858573653396 -1.3377082245747132 -3.146792551872795
0.7925105937576897 0.4929986245635849 0.09818739244408325 -0.11083031867800619 0.13342409470221295 0.2871842500104167 0.19749082608063118 0.10619573386638548 0.036523163492355515 0.05414151462142058 -0.005120211903616223 -0.013929387468148757 0.2647608940279702 0.5570653559420031 1.0912217288095638 1.626979769961586 1.7687274131363355 1.4291737368307196 1.1032342409430176 1.874437519910726 2.8698743587028974 3.5746084038654966 3.362387356174487 2.607200760051383 1.919284231875618 1.874437519910726 2.616009935615915 3.167784659612541 3.4216490826995236 3.1253404500743396 2.4077930586360563 1.4956429706358283 0.5490570145197005 0.267964230596891 0.30640426942394194 0.8237431253046683 1.3018411082161134 1.6165689261125924 1.757515735145113 1.936902583004683 0.7404563745127248 -1.0590179430785942 -2.891326460501353
1.3875303614347478 1.1088400799386289 0.6651779651430836 0.6547671212940904 0.8197389545935172 1.1176492555031614 1.1032342409430176 0.6243354238893422 0.2054991675029334 -0.061178601859731785 0.033319826923434714 0.1206107484265293 0.47297777100782934 0.8838056859719354 1.4427879172486335 1.9072717197421647 2.287667937301522 1.8560183346394301 1.2329693719843142 1.6245772675348946 2.669665823145341 3.689127686204419 3.837282002517011 3.3503748440410335 2.768168422639658 2.664860818291959 3.312735639356213 3.7507919151561464 3.8364811683747804 3.4576866190998836 2.70169918883455 1.951317597564827 0.9767024464706417 0.45535941987876427 0.34003930339761146 0.7885064230465382 1.2882269277982 1.6437972869484203 1.8600225053505812 2.0522226994858355 1.2794177522336674 -0.02754356788606227 -1.7493369736810496
1.972940119405043 1.78394326183871 1.7727315838474866 1.7911507691187825 1.9761434559739643 2.4246105756228915 2.413398897631668 1.9401059195736043 0.9486732514925835 0.42492772247401556 0.18868165051609864 0.3520518155310648 0.5362436682440168 0.8189381204512869 1.292231098509351 1.6918473354822336 2.5255156775439 1.9353009147202225 1.7591174034295727 1.8127732909589978 2.9587669484904526 3.6779160082131956 4.1391964741378064 4.133590635142195 3.5393717016073665 3.460089121526574 3.5754092380077265 3.9021495680376597 3.859705358499457 3.4544832825309624 2.825828480880235 2.2620412447501557 1.4820287902179148 0.8990215346743096 0.625136258031572 0.8301497984425104 1.2057410111484863 1.5973489066990676 1.843204988363747 2.053023533628066 1.8960600417509421 0.7925105937576897 -0.00031520705023480033
2.427013078049582 2.2820620983059112 2.323705473701883 2.38617053679584 2.56155321394426 3.0796929039672167 3.2774989370980827 2.8482518368626812 1.833594978656984 1.0327608364267573 0.7628797304951713 0.730846364805962 0.836556471580352 1.0367650071379084 1.2698077425269045 1.5541038630186352 1.9200850660178488 1.6285814382460457 1.6149672578281318 2.2075845230785 3.5794134087188776 4.1159722840131305 4.451521789607595 4.469140140736659 3.789231953983197 3.311934805213982 3.388014048725854 3.6370734669594547 3.581815911145569 3.307930634502831 3.0012111580286542 2.5111006629837553 1.9649317779827409 1.3178577910607183 0.9670924367638789 0.8165356180245964 0.9895157927463254 1.4083520491327337 1.7238807011714434 1.977745124258425 2.1202936015754053 1.8303916420880628 1.207342679432947
2.3565396735333217 2.0842560651750452 1.9857534656807272 1.964130943840511 1.9617284414138205 2.463050614449942 2.791392612764335 2.7929942810487955 2.2668462496035366 1.6013530774102187 1.2129485184285587 1.0511800216980527 1.1224542603565428 1.8311924762302936 2.035405182499001 1.883246695475258 1.559709702014247 1.3851278590080573 1.78394326183871 2.570362389508792 3.5345666967539855 3.7596010907206785 4.060714728199244 4.002253835816438 3.2462664055511037 2.88028520255189 3.096510420954051 3.3760015365924008 3.3463706733298824 3.2646855908223986 3.042053699282396 2.7289275496703778 2.3180996347062712 1.6518056283707225 1.268206074242444 1.074404211822729 0.9670924367638789 1.176110147885968 1.4708171122266913 1.8079682861056168 2.1066794211574913 2.202779518225119 2.346128829684329
2.053824367770296 1.879242524764107 1.847209159074898 1.8400016517948257 1.7414990523005076 1.9801476266851155 2.224402040065335 2.300481283577206 2.06743854818821 1.4620079366621588 1.119250923787622 1.0864167239561828 1.4956429706358283 2.197974513371737 2.2260037083497948 1.9441100902847555 1.761519905856264 2.2500287326167014 2.494283145996921 2.7297283838126076 2.983592806899589 3.496126657926934 3.6819201789243468 3.3912173852947745 2.4830714680056976 2.6352299550294407 2.98439364104182 3.2662872591068592 3.2478680738355643 3.191809683879448 3.024435348153331 2.796197617617717 2.5287190141128204 1.9497159292803672 1.5356846777473394 1.2545918938245304 1.0415700119912898 1.155288460187982 1.4668129415155402 1.8712341833418047 2.2660454154613068 2.5367273555351226 2.858662680711674
2.1499244648379237 2.021791002081087 2.009778489947634 2.053824367770296 2.0297993435033894 2.2219995376386437 2.1827586646693624 2.0602310409081386 1.5949464042723762 1.1817159868815796 0.9919182951730159 1.2810194205181276 1.9385042512891437 2.2083853572207297 1.6550089649396438 1.1993343380106447 1.7463040571538895 2.431818082902963 2.5199098385482883 2.435021419471884 2.740940061803831 3.1958138545906 3.257478083542327 2.943551099788078 2.400585551355985 2.652047472016276 2.925932748659013 3.0548670455580793 2.9675761240549847 2.9283352510857035 2.781782603057572 2.5743665602199433 2.445432263320877 2.1098827577264125 1.71266902318022 1.4187628929817269 1.2441810499755372 1.4548004293820869 1.7559140668606523 2.1226961040020957 2.459046443738791 2.832235154018077 3.0764895673982955
2.0922644065973475 2.0642352116192897 2.0434135239213034 2.0522226994858355 2.0386085190679224 2.216393698643032 2.1603353086869164 1.946512592711446 1.6301831065305064 1.3787211858702153 1.176110147885968 1.3747170151590642 2.221198703496414 2.2500287326167014 1.7086648524690689 1.292231098509351 1.8015616129677752 1.9024667148887837 1.7783374228430984 1.7599182375718034 2.5599515456597994 2.720118374105845 2.863467685565056 2.947555270499229 2.740940061803831 2.794595949333256 2.7849859396264933 2.8418451637248396 2.7785792664886517 2.643238296451743 2.5279181799705905 2.431818082902963 2.3293113126974947 1.951317597564827 1.550900526449714 1.243380215833307 1.2553927279667603 1.6157680919703625 1.8528149980705098 1.9633301096982811 2.1363102844200097 2.534324853108432 2.9011068902498764
1.5893405652767654 1.8119724568167679 1.833594978656984 1.955321768275979 1.9160808953066977 1.95932593898713 1.9224875684445393 1.7406982181582777 1.7382957157315873 1.5973489066990676 1.3835261907235967 1.5933447359879165 2.624819111180448 2.5999932527713105 1.7911507691187825 1.32426446419856 1.6341872772416575 1.355496995745539 1.310650283780646 1.7895491008343218 2.5022914874192232 2.687284174274405 2.9683769581972155 3.0812945722516774 3.1309462890699513 3.0925062502429 3.0348461920023238 2.756155910506205 2.5919849113490083 2.484673136290158 2.3717555222356963 2.269248752030227 2.085056899317275 1.7559140668606523 1.3635053371678412 1.1080392457963986 1.074404211822729 1.3194594593451785 1.4732196146533822 1.5901413994189952 1.7511090620072705 1.9473134268536758 2.302082951861667
1.0832133873872616 1.3627045030256109 1.7951549398299336 1.9224875684445393 1.8688316809151142 1.5276763363250372 1.4900371316402166 1.518867160760505 1.635788945526118 1.5484980240230235 1.2986377716471926 1.5084563169115124 2.476664794867856 2.3028837860038966 1.5004479754892102 1.317056956918488 1.7559140668606523 1.5372863460318 1.2706085766691348 1.7398973840160479 1.9064708855999348 2.5599515456597994 2.8370401588714578 2.823425978453544 2.821824310169083 2.9819911386151285 2.965974455770524 2.688085008416636 2.3877722050803007 2.31409546399512 2.2003770157984275 2.1234969381443265 1.910475056311086 1.6421956186639597 1.4772237853645334 1.2233593622775514 1.0583875289781246 0.9807066171817929 1.132865104205536 1.3474886543232367 1.5893405652767654 1.71266902318022 1.7631215741407238
0.8637848324161799 1.1697034747481263 1.6037555798369092 1.9377034171469139 1.892055871039791 1.401945375994892 0.8701915055540215 0.8998223688165399 1.1953301672994936 1.5412905167429511 1.2914302643671207 1.11284425064978 1.81998079823907 1.568518877578779 1.353094493318848 1.1681018064636657 2.0610318750503684 1.955321768275979 1.6878431647710825 1.1184500896453917 1.0567858606936644 1.9769442901161942 2.3164979664218106 2.3028837860038966 2.1419161234156214 2.6304249501760597 2.6144082673314553 2.435021419471884 2.1675428159669887 2.10267525044634 2.116289430864254 2.0386085190679224 1.8480099932171279 1.7286857060248244 1.563713872725398 1.528477170467268 1.349090322607697 1.1985335038684144 1.1592926308991331 1.3731153468746036 1.6734281502109387 1.7374948815893565 1.7895491008343218
0.8333531350114312 1.1320642700633057 1.5268755021828073 1.865628344346193 1.864827510203963 1.4323770733996404 0.8325523008692008 0.4697744344389081 0.7845022523353871 1.4099537174171943 1.4083520491327337 1.2385752109799255 1.2962352692205021 0.984710787892944 0.8525731544249564 1.0279558315733763 2.0161851630854755 1.9064708855999348 1.5709213800054695 0.9294532320790583 0.7588755597840202 1.5677180434365492 1.8912550368975602 1.8416033200792863 1.6622164722197152 2.1066794211574913 2.1010735821618796 1.9312967440090714 1.9353009147202225 1.9248900708712298 1.945711758569216 1.9673342804094323 1.8151757933856891 1.7535115644339618 1.7374948815893565 1.726283203598134 1.6966523403356155 1.7278848718825945 1.6606148039352555 1.599751409125758 1.8351966469414447 1.8864500320441793 1.7991591105410847
0.8101289448867544 0.9174407199456049 1.303442776500574 1.6021539115524486 1.659013135650795 1.5276763363250372 1.50204964377367 1.1857201575927308 1.023150826719995 1.1833176551660403 1.2545918938245304 1.2698077425269045 1.2329693719843142 1.024752495004455 1.074404211822729 1.2642019035312928 1.5557055313030959 1.6510047942284927 1.4684146098000008 1.3635053371678412 1.1528859577612915 1.402746210137122 1.3362769763320133 1.2826210888025882 1.3138536203495672 1.4916387999246772 1.5244729997561168 1.546095521596333 1.6878431647710825 1.7014573451889965 1.757515735145113 1.7855449301231707 1.743901554727199 1.7471048912961193 1.7110673548957593 1.7703290814207961 1.8255866372346818 2.0081768216631732 1.9761434559739643 1.9000642124620932 1.919284231875618 1.7783374228430984 1.6686231453575577
