static/data/seaWind_uo/2023/7/15/12.asc
ncols 137
nrows 93
xllcorner 108.0
yllcorner 17.0
cellsize 0.25
NODATA_value -32767
[rows 0 to 18 of 93, columns 43 to 85 of 137]
1.5605105361564768 1.2537910596823 1.21855435742417 1.671826481926478 1.4668129415155402 2.113086094295333 3.488118316504632 4.420289258060615 4.940831450510263 5.052147396280265 5.457369472248759 4.901590577540983 4.323388326850758 3.0188295091577193 2.3213029712751916 1.8816450271907974 1.8624250077772726 1.7406982181582777 1.8015616129677752 1.595747238414607 2.0834552310328145 2.5471381993841162 2.8194218077423927 2.553544872521958 2.250829566758932 2.054625201912527 1.8231841348079914 1.0335616705689876 0.4481519125986919 0.2343291966232215 -0.17569788419865429 0.3504501472466046 1.4692154439422311 1.981749294969576 1.7030590134734571 1.6037555798369092 1.6461997893751108 2.4662539510188632 2.894700217112034 3.087701245389519 3.2342538934176503 3.172589664465923 2.907513563387718
1.197732669726184 1.1913259965883425 1.5877388969923047 2.7169150375369235 3.416043243703912 4.22088155664529 5.268372614682425 5.991525845116321 6.305452828870569 6.316664506861793 5.7921181437009945 4.3506166876865855 3.289511449231536 2.9539619436370708 2.6576533110118876 2.453440604743179 2.3525355028221706 1.9040683831732443 2.467054785161093 3.1133279379408862 3.79804112954773 4.371438375384573 4.57725274993774 4.337803341410902 3.3992257267170767 2.8786835342674295 2.3084896249995084 1.5965480725568368 0.9863124561774042 0.4921977904213546 0.2063000016451637 0.6916054918366812 1.1985335038684144 1.5260746680405775 1.496443804778059 2.8210234760268533 3.9437929434336314 4.758241266081772 4.467538472452199 4.007058840669819 3.536969199180676 3.190208015594988 2.7937951151910254
1.6798348233487803 1.9264917391556904 2.6224166087537575 4.271334107605794 5.134633312929978 5.774499792571929 6.287033643599274 6.568126427522085 6.606566466349134 6.428781286774024 5.897828250475385 4.529202701403927 3.478508306797869 3.0540662114158494 3.1717888303236923 3.5001308286380852 3.9926438261096746 4.11917562058205 4.242504078485506 4.3370025072686715 4.452322623749826 4.936827279799113 5.295600975518253 5.422132769990629 5.406916921288255 5.111409122805302 4.32819333170414 2.7000975205500892 1.5613113702987067 0.9558807587726559 0.8461664812871148 1.5036513120581305 2.013782660658785 2.3309129809819544 2.346929663826559 3.670708500933124 4.464335135883278 4.690170363992202 4.251313254050038 3.8412861732281622 3.380005707303552 2.7441433983727515 2.3253071419863436
3.5666000624431944 4.640518647173929 5.510224525635955 5.716839734331353 5.983517503694019 6.379129569955751 6.472026330454456 6.544101403255176 6.393544584515894 6.031567552227832 5.974708328129486 5.578295427725523 5.020914864733285 3.9221704215934152 4.233694902920973 4.811897153611197 5.366875214176744 5.236339248993216 5.101799113098538 5.071367415693791 4.938428948083573 5.050545727995804 5.222725068575302 5.253957600122282 5.676798027219842 5.471784486808904 4.688568695707742 2.969978626481675 1.9529192658492875 1.426771234404029 1.3514928250343878 1.7102665207535295 2.085857733459505 2.3485313321110195 2.1963728450872764 2.408593892778287 2.9563644460637613 3.2510714104044847 3.100514591665202 2.7177158716791543 2.3621455125289335 2.0009693143831018 1.8031632812522358
4.07833307932831 5.117014961800914 5.618337134837034 5.6623830126596975 5.858587377506103 5.884214070057471 5.872201557924017 6.017953371809918 5.655976339521857 5.231534244139835 4.79187630005544 5.56147791073869 5.257160936691202 5.555872071743078 5.756080607300634 6.158900180842439 6.075613430050495 5.821749006963513 5.728852246464806 5.6575780078063165 5.529444545049481 5.53024537919171 5.330837677776383 5.264368443971275 5.2763809561047275 4.758241266081772 3.86931536820622 2.7841851054842626 2.220397869354183 1.671826481926478 1.2930319326515813 1.2457827182599979 1.614166423685902 1.8808441930485675 1.883246695475258 1.7959557739721634 1.9633301096982811 2.369353019809006 1.8496116615015885 1.1176492555031614 0.6427546091606371 1.1224542603565428 1.2161518549974795
3.2422622348399526 3.9838346505451425 4.486758491865725 4.7502329246594694 5.067363244982639 5.092989937534005 5.173073351757029 5.318825165642931 5.061757405987027 5.230733409997605 4.955246465070408 5.623942973832646 6.206149395234021 6.580138939655537 6.732297426679281 6.728293255968129 6.634595661327193 6.508864700997048 6.2734194631813605 6.188531044104957 5.979513332982867 5.877006562777398 5.675997193077611 5.258762604975663 4.635713642320546 3.9694196359849987 3.0404520309979355 2.2900704397282134 1.8848483637597186 1.6798348233487803 1.35950116645669 1.2313677036998536 1.4363812441107915 1.6982540086200761 2.4021872196404446 2.1194927674331745 2.2860662690170623 2.0746460554682824 0.9871132903196345 0.16545746039142228 -0.54888659447794 -0.040356914161745916 0.08617488031062948
1.7006565110467666 2.444631429178647 3.141357132918944 3.563396725874273 3.937386270295789 4.54041437939515 4.75503792951285 4.810295485326737 4.950441460217025 5.119417464227604 5.384493565305808 5.909039928466607 6.4928480181524435 7.025402722735544 7.264051297120151 7.260047126408999 7.152735351350149 7.05263108357137 6.813181675044532 6.605765632206905 6.429582120916255 6.2501952730566845 5.753678104873943 5.302007648656096 4.3546208583977375 3.186203844883837 2.2532320691856227 1.7342915450204361 1.649403125944032 1.4427879172486335 1.4796262877912238 1.3506919908921575 1.5452946874541023 1.8592216712083514 2.664059984149729 2.390975541649222 2.4334197511874236 2.2892696055859827 1.4916387999246772 -0.04596275315735765 -0.7635101445956407 -1.2023672545378048 -1.1591222108573727
0.4441477418875408 1.115246753076471 1.7238807011714434 2.2724520885991484 2.933941090081315 3.6098451061236267 4.22408489321421 4.234495737063204 4.561236067093136 4.920810596954507 5.468581150239983 5.9498824697203485 6.452005476898702 6.97895434248619 7.310499677369505 7.422616457281736 7.332122199209721 7.203988736452883 6.983759347339571 6.785953314208706 6.69625989027892 6.398349589369277 5.778503963283081 5.1098074545208405 4.123179791293202 3.1077220989452745 2.1283019429977075 1.5877388969923047 1.4427879172486335 1.4740204487956121 1.5725230482899302 1.4692154439422311 1.5124604876226635 1.7911507691187825 2.2540329033278526 2.0065751533787126 1.8904542027553304 2.333315483408646 2.403788887924905 1.2658035718157534 -0.6257666721320416 -1.8758687681534254 -2.1409448692316304
-0.4455789901302407 -0.005120211903616223 0.360060156953367 1.020748324293304 1.703859847615687 2.450237268174259 3.101315425807433 3.766808598000751 4.157615659409101 4.589265262071194 5.07056658155156 5.531046213333941 6.084422605615027 6.584143110366689 6.939713469516908 7.002979366753097 6.999776030184176 6.907680103827699 6.8123808409023034 6.690654051283309 6.6241848174782 6.404756262507117 5.650370500526245 4.776660451353067 3.9750254749806095 3.271893098102471 2.7297283838126076 2.140314455131161 2.0658368799037494 2.0466168604902246 2.0842560651750452 1.6277806041038159 1.6606148039352555 1.7823415935542495 1.8408024859370564 1.5092571510537423 1.4387837465374824 2.0289985093611596 3.047659538278008 2.677674164567643 0.8333531350114312 -1.3601315805571594 -2.093695654840047
-1.2544214737827695 -1.0213787383937736 -0.8379877198230519 -0.34066971749808106 0.3007984304283302 1.0615908655470458 1.9160808953066977 2.675271662140952 3.083697074678368 3.6370734669594547 4.149607317986799 4.988080664901846 5.614332964125884 6.190132712389417 6.4255779502051045 6.468022159743306 6.434387125769636 6.301448658159419 6.347897038408771 6.31025783372395 6.251796941341144 6.161302683269129 5.556672905885307 4.57725274993774 3.735576066453772 3.2646855908223986 3.2911131175159967 3.599434262274634 3.734775232311542 3.5890234184256404 2.88028520255189 2.2908712738704433 1.7687274131363355 1.7743332521319473 1.8984625441776326 1.9288942415823809 2.018587665512166 2.228406210776486 2.9179244072367108 2.934741924223546 2.3429254931154078 0.09418322173293214 -0.9941503775579459
-1.729316120125294 -2.482100213821707 -2.076077303710982 -1.5891701452350042 -0.930884480321758 -0.051568592152969384 0.8806023494030146 1.2033385087217958 1.2754135815225163 1.39553870285705 2.1114844260108723 3.23505472755988 4.298562468441622 5.253957600122282 5.544660393751855 5.875404894492938 5.937869957586896 5.80893566068783 5.842570694661498 5.787313138847614 5.631951315254948 5.393302740870341 4.9752673186261624 4.302566639152772 3.5842184135722595 3.1894071814527574 3.488118316504632 3.910157909459962 4.168827337400325 4.1207772888665115 3.5609942234475827 2.840243495440379 2.117090265006484 1.6461997893751108 1.6085605846902902 1.613365589543672 1.716673193891371 2.041011021494613 2.607200760051383 3.2286480544220386 3.1485646401990164 1.6638181405041759 0.5626711949376144
-1.987985548065657 -2.895330631212504 -2.631856198418759 -2.0464464404484635 -1.25602314206723 -0.38871976603189484 0.3192176156996256 0.5939037264845934 0.6619746285741628 0.7268421940948109 0.8021206034644521 1.2826210888025882 1.7382957157315873 2.059430206765908 2.4662539510188632 3.5001308286380852 4.4443142823275235 4.935225611514651 4.860748036287241 4.818303826749039 4.671751178720907 4.298562468441622 3.87011620234845 3.478508306797869 3.181398840030455 3.2238430495686576 3.5930275891367915 3.779621944276435 3.7499910810139165 3.5489817113141293 3.5305625260428344 2.9003060561076457 2.0370068507834618 1.278616918091437 1.2802185863758977 1.132865104205536 1.0752050459649594 1.3899328638614383 1.586938062850074 2.147521962411233 2.558349877375339 2.616009935615915 1.6486022918018013
-1.517895906576514 -1.7429303005432077 -1.4738500287538516 -1.0269845773893853 -0.40233394644980836 -0.08600446026886921 0.3344334644019997 0.5394470048129381 0.5498578486619308 0.6075179069025074 0.48258778071459174 0.48739278556797316 0.7188338526725087 0.8437639788604239 1.224961030562012 1.9993676460986411 2.6176116039003756 2.948356104641459 2.9739827971928263 3.0548670455580793 2.988397811752971 2.8010026224710978 2.8298326515913863 2.8426459978670695 3.330353990485278 3.882128714481903 4.236097405347664 4.101557269452986 3.7948377929788086 2.953161109494841 2.3717555222356963 1.8311924762302936 1.2850235912292787 0.7716889060597034 0.8669881689851007 0.9334574027902094 1.0183458218666135 1.4483937562442453 1.172906811317047 1.4011445418526618 1.9168817294489275 2.9187252413789406 2.093866074881808
-1.4690450239004702 -1.2143797666712584 -0.7514976324621874 -0.3574872344849158 -0.07799611884656654 0.10779740215084566 0.3152134449884745 0.4737786051500592 0.5482561803774706 0.58269204849337 0.026112319643362802 -0.07399194813541543 -0.19812124018110078 -0.07879695298879685 -0.12604616738038033 -0.3214496980845558 0.008493968514297734 0.41691938105171333 1.0487775192713622 1.2882269277982 1.900865046604323 2.2364145521987884 2.746545900799442 3.509740838344848 4.113569781586438 4.630107803324934 4.424293428771767 4.153611488697951 3.2254447178531183 2.1867628353805135 1.409152883274964 1.101632572658557 0.7324480330904226 0.6876013211255296 0.6843979845566088 0.8269464618735891 1.1985335038684144 1.7006565110467666 1.334675308047553 1.3907336980036686 1.9521184317070577 2.929936919370164 2.125899440571017
-1.0958563136211847 -0.8243735394051379 -0.49442987280628437 -0.25898463499059776 0.0036889636609163112 0.16145328968027117 0.24393920632998434 0.4425460736030806 0.6627754627163926 0.5746837070710678 -0.2573829667061376 -0.9829386995667229 -1.1551180401462215 -1.002158718980248 -1.039797923665069 -1.209574761817877 -1.00856539211809 -0.5080440532241983 0.24634170875667483 1.2129485184285587 1.8936575393242507 2.796197617617717 3.483313311651251 4.199259034805074 4.5075801795637105 4.787071295202059 4.466737638309969 3.699538530053412 2.749749237368363 1.5436930191696416 0.6868004869832998 0.42012271762063413 0.6731863065653858 0.7933114278999196 0.842963144718194 1.1176492555031614 1.50124880963144 1.67663148677986 1.4668129415155402 1.5380871801740308 1.8760391881951857 2.485473970432388 1.8688316809151142
-1.174338059559747 -0.920473636472765 -0.6345758476965742 -0.39752894159642693 -0.08680529441109908 0.12141158256875961 0.21671084549415642 0.35925932281113715 0.5762853753555284 0.4681727661544479 -0.10122030897124334 -0.8163651979828357 -0.3238522005112463 0.07336153403494627 0.2639600598857399 0.34084013753984177 0.5402478389551684 0.8213406228779778 1.3867295272925175 2.3477304979687896 2.723321710674766 3.4480766093931208 3.954203787282624 4.132789800999964 4.438708443331912 4.351417521828816 3.9293779288734867 3.1621788206169303 2.2908712738704433 1.1817159868815796 0.4081102054871808 0.21671084549415642 0.4681727661544479 0.6779913114187672 0.9863124561774042 1.2626002352468326 1.4043478784215826 1.3643061713100715 1.3066461130694949 1.3899328638614383 1.7238807011714434 1.986554299822957 1.4275720685462594
-1.7629511540989635 -1.517895906576514 -1.1294913475948543 -0.6930367400793807 -0.3807114246095922 -0.1764987183408846 0.09258155344847152 0.2351300307654518 0.7516680525039479 0.8333531350114312 0.7404563745127248 1.4523979269553964 1.945711758569216 2.5471381993841162 2.885891041547502 2.9627711192016037 2.898704387823185 2.993202816606352 3.2694905956757805 3.0492612065624676 3.4264540875529046 3.5217533504783014 3.675513505786505 3.854900353646076 3.909357075317731 3.7956386271210394 3.392819053579235 2.6800766669943337 1.8055657836789263 0.9022248712432304 0.2823792451570353 0.09017905102178103 0.011697305083218534 0.14863994340458753 0.6331445994538742 1.4003437077104315 1.5428921850274118 1.1360684407744568 1.0527816899825133 1.1360684407744568 1.8704333491995748 2.2179953669274926 1.5861372287078441
-2.306717536673287 -2.079280640279903 -1.4514266727714054 -1.0093662262603202 -0.6946384083638413 -0.5568949359002422 -0.12764783566484095 0.9086315443810724 1.476422951222303 2.2099870255051903 2.8370401588714578 3.6066417695547055 3.6643018277952817 4.022274689372193 4.18564485438716 4.180839849533777 4.1295864644310445 4.051905552634711 3.7187585494669375 3.3992257267170767 3.186203844883837 3.118933776936498 3.250270576262255 3.432860760690746 3.470499965375567 3.5129441749137693 3.1221371135054183 2.399784717213754 1.3683103420212226 0.4481519125986919 -0.18290539147872664 -0.4015331123075785 -0.5000357118018961 -0.42956230728563627 0.36406432766451813 1.197732669726184 1.6790339892065504 1.1913259965883425 0.9030257053854607 1.2377743768376956 2.094666909024038 2.7129108668257724 2.5255156775439
-2.0608614550086077 -1.8758687681534254 -1.2255914446624814 -0.7130575936351364 -0.3775080880406714 -0.1837062256209565 0.7508672183617175 2.049019362916915 3.0236345140111003 3.9133612460288822 4.240101576058814 4.017469684518812 3.829273661094709 3.568201730727655 3.4897199847890925 3.528160023616144 3.5674008965854243 3.4809108092245604 3.1309462890699513 2.8522560075738324 2.652047472016276 2.6504458037318153 3.065277889407073 3.2686897615335497 3.477707472655639 3.5481808771718994 3.070082894260454 2.1595344745446865 1.101632572658557 -0.13245284051822237 -1.0045612214069388 -1.1198813378880914 -0.6994434132172225 -0.459994004690385 0.31761594741516497 1.0391675095645994 1.532481341178419 1.2489860548289187 1.0143416511554624 1.2025376745795655 1.8263874713769117 2.404589722067136 2.9899994800374308
