static/data/seaWind_uo/2023/7/15/18.asc
ncols 137
nrows 93
xllcorner 108.0
yllcorner 17.0
cellsize 0.25
NODATA_value -32767
[rows 19 to 37 of 93, columns 86 to 128 of 137]
6.640201500322805 7.561160763887566 7.7877968261387185 7.710115914342387 7.432226466988498 7.125506990514321 6.788355816635397 6.675438202580935 6.473627998738918 5.804130655834447 4.602078608346877 2.517507336121598 1.3322728056208621 0.8325523008692008 1.1753093137437376 0.7965147644688408 0.521828653683873 0.23593086490768211 0.06935736332379472 -0.24697212285714443 0.014099807509909468 0.38889018607365555 0.5738828729288379 0.7548713890728687 1.119250923787622 1.2041393428640261 0.22231668448976816 -0.2910180006798071 -0.5825216284516095 -0.8443943929608935 -1.5659459551103279 -1.5875684769505438 -0.9332869827484487 0.004489797803146622 0.9638891001949581 1.2337702061265445 1.268206074242444 1.4572029318087774 2.5231131751172096 4.527601033119467 5.4870003355112775 5.681603032073223 4.936026445656882
7.384176418454684 7.619621656270372 7.587588290581163 7.279267145822525 6.712276573123525 6.1701118588336605 5.8681973872128665 5.645565495672862 4.976868986910624 3.7972402954055 2.2011778499406582 0.627538760458263 -0.10202114311347366 -0.07559361641987605 0.8469673154293451 0.9302540662212886 0.5538620193730819 -0.12284283081145952 -0.9252786413261465 -0.7506967983199571 -0.390321434316355 0.035722329350125204 0.4689736002966778 0.7436597110816456 1.3322728056208621 1.8007607788255444 1.5989505749835273 1.1777118161704285 0.21991418206307767 -0.7514976324621874 -1.3889616096774475 -1.227993947089172 -0.6481900281144881 0.08857738273732041 0.7388547062282642 1.8944583734664815 2.3156971322795807 2.6576533110118876 3.663500993653052 6.478433003592299 8.10732964888858 8.864918747438374 8.768017816228516
6.962937659641586 7.034211898300075 6.967742664494967 6.254199443767835 5.56548208144984 4.85594303143386 4.4331026043363 3.8180619831034854 2.6800766669943337 1.3731153468746036 0.17186413352926388 0.06455235847041374 -0.07879695298879685 0.4593635905899154 1.0872175580984127 1.618170594397053 1.6966523403356155 1.2890277619404298 1.132865104205536 -0.2926196689642673 -0.5296665750644145 -0.5560941017580121 0.08217070959947836 0.8213406228779778 1.39553870285705 1.7334907108782054 1.8039641153944657 0.9799057830395626 0.3304292936908486 0.27437090373473305 0.7252405258103507 1.1632968016102843 1.6566106332241044 2.3156971322795807 3.424051585126214 4.851938860722708 5.850579036083801 6.903675933116549 7.703709241204546 9.201269087175069 9.41429096900831 9.542424431765145 9.725014616193636
6.356706213973304 6.206149395234021 5.979513332982867 5.110608288663071 4.248109917481116 3.5425750381762877 2.6440391305939737 1.5605105361564768 0.5522603510886217 -0.10922865039354557 -0.5993391454384442 0.16065245553804086 0.872594007980712 1.3867295272925175 1.5204688290449657 1.1705043088903566 1.4620079366621588 1.9921601388185688 2.3653488490978547 1.1360684407744568 0.16145328968027117 -0.029946070312753204 0.20069416264955198 0.8910131932520073 1.4331779075418707 1.626979769961586 1.600552243267988 1.3290694690519413 1.4996471413469794 1.6622164722197152 3.6554926522307496 5.052948230422494 5.5054195207825725 5.843371528803729 6.431984623342945 7.073452771269357 7.349740550338785 8.118541326879802 8.558199270964197 8.772822821081897 8.990649707768519 8.828080376895784 8.898553781412042
5.42533610655955 5.171471683472568 4.710992051690187 3.816460314819025 2.7841851054842626 2.10347608458857 1.2337702061265445 0.18948248465832895 -1.0526112699407524 -1.0678271186431267 -0.48401902895729165 0.8189381204512869 1.595747238414607 2.0289985093611596 1.9489150951381364 1.4155595564128056 0.8189381204512869 1.0263541632889157 1.4596054342354683 0.6819954821299183 -0.22214626444800745 0.45135524916761316 0.6795929797032274 1.0311591681422971 1.2145501867130188 1.4075512149905034 2.008977655805404 3.09170541610067 3.909357075317731 4.550825223244143 5.984318337836248 6.598558124926832 6.809978338475613 6.998174361899716 7.160743692772451 7.244831277706625 7.524322393344974 7.634036670830515 7.8734860793573525 8.020839561527715 8.187413063111602 8.198624741102826 8.091312966043974
4.477949316301192 3.8997470656109683 3.3111339710717522 2.493482311854691 1.6670214770730971 1.0287566657156062 0.5266336585372544 -0.520857399499882 -1.898292124135872 -1.7525403102499704 -0.6706133840969344 0.10219156315523437 0.8317514667269705 1.023150826719995 0.9086315443810724 0.09017905102178103 -0.2597854691328281 -0.23736211315038203 0.30960760599286274 1.461207102519929 1.2265626988464722 1.9921601388185688 1.88805170032864 1.7150715256069105 1.6429964528061904 2.1058785870152614 3.0308420212911726 4.629306969182705 5.836164021523658 6.4976530230058245 7.1807645463282075 6.931705128094606 6.7002640609900705 6.681844875718776 6.8620325577205765 6.9477218109392105 7.268055467831301 7.372163906321232 7.4057989402949005 7.641244178110588 7.911125284042173 7.90071444019318 7.465861500962168
3.1525688109101675 2.5727648919354835 1.874437519910726 1.1048359092274778 0.6547671212940904 0.9254490613679072 0.42092355176286445 -0.2565821325639073 -1.4978750530207585 -1.5819626379549323 -1.899893792420332 -1.1262880110259332 -0.5112473897931191 -0.4383714828501688 -0.5200565653576519 -0.298225507959879 -0.5496874286201703 -0.5360732482022563 1.3202602934874088 2.512702331268216 3.6867251837777286 4.432301770194069 3.819663651387946 2.7393383935193705 2.6672633207186496 3.1349504597811024 4.244105746769966 5.860989879932793 6.419171277067262 7.0822619468338885 7.033411064157846 6.552910578819709 6.33908786284424 6.4752296670233775 6.657819851451869 6.853223382156045 7.054232751855832 7.1623453610569126 7.152735351350149 7.402595603725979 7.61561748555922 7.4722681741000105 7.036614400726766
1.6293822723882765 1.2305668695576233 0.5250319902527938 0.09338238759070183 0.2623583916012797 0.6859996528410695 0.867789003127331 0.3088067718506329 -0.3815122587518225 -1.50348089201637 -1.9583546848031386 -1.7981878563570934 -1.0237812408204643 -0.6033433161495954 0.11660657771537819 0.33923846925538115 1.0423708461335202 1.2818202546603579 3.7315718957426207 4.748631256375008 5.9634966501382625 5.850579036083801 4.976068152768393 3.766808598000751 3.5970317598479427 3.9429921092914006 5.169870015188108 5.977110830556176 6.30785533129726 6.34149036527093 6.227771917074238 6.20054355623841 6.362312052968916 6.4976530230058245 6.5785372713710775 6.751517446092805 6.757123285088417 6.7899574849198565 6.781949143497554 6.7939616556310085 6.894866757552016 6.878049240565181 6.6458073393184165
0.14863994340458753 -0.0884069626955597 0.04613317319911836 -0.12364366495368984 0.10299239729746423 0.10379323143969454 0.3200184498418559 0.7180330185302783 0.452156083309843 -0.9685236850065786 -1.5603401161147161 -1.4882650433139957 -0.576915789455998 0.45535941987876427 1.731088208451515 2.9419494315036174 3.8436886756548527 4.481953487012344 5.166666678619187 5.828155680101355 5.761686446296245 5.0425373865735015 4.5836594230755825 4.433903438478529 4.341807512122054 4.50918184784817 5.399709414008182 5.474186989235594 5.533448715760631 5.589507105716747 5.736860587887108 5.917048269888909 6.113252634735316 6.204547726949562 6.249394438914454 6.323872014141864 6.254199443767835 6.37592623338683 6.424777116062874 6.438391296480788 6.34309203355539 6.085223439757257 5.856985709221643
-0.5641024431803143 -0.6185591648519697 -0.30303051281326043 0.06695486089710423 -0.27339964955074203 -0.7122567594929061 -0.3935247708852758 0.7092238429657458 1.0279558315733763 0.04933650976803916 -0.14526618679390557 0.34724681067768337 0.8077264424600639 1.5605105361564768 2.9964061531752733 4.29295662944601 4.815100490180118 4.8759638849896145 4.89278140197645 4.666145339725295 4.3506166876865855 4.225686561498671 4.180039015391548 4.166424834973634 4.301765805010543 4.57324857922659 4.7854696269176 4.639717813031698 4.846333021727096 5.129828308076597 5.398908579865953 5.59831628128128 5.763288114580707 5.858587377506103 5.902633255328766 5.924255777168982 5.840168192234808 5.865794884786176 5.844973197088189 5.7208439050425035 5.547863730320776 5.167467512761418 4.793477968339902
-1.0726321234965082 -1.252819805498309 -0.8724235879389515 0.09338238759070183 -0.2285529375858495 -0.7450909593243455 -0.6698125499547043 0.062149856043722806 0.48178694657236143 0.8213406228779778 1.5372863460318 2.422208073196201 2.939546929076927 3.2518722445467154 3.864510363352839 4.169628171542556 3.936585436153559 3.721161051893628 3.8300744952369388 3.901348733895429 3.9662162994160775 4.096752264599605 3.9125604118866524 3.856502021930536 3.8669128657795295 3.9790296456917607 4.217678220076369 4.555630228097524 4.71339455411688 4.8134988218956565 4.92961977251904 5.083379927827243 5.206708385730698 5.307613487651707 5.381290228736887 5.411721926141636 5.458971140533219 5.466979481955521 5.408518589572715 5.253957600122282 4.984076494190695 4.638916978889467 4.318583321997377
-1.3417123952858643 -1.7245111152719126 -1.7949845197881724 -1.0301879139583061 -0.76110764216895 -0.8964486122058584 -0.5673057797492351 0.5282353268217146 0.7364522038015737 1.6389922820950393 2.6368316233139013 3.33836233190758 3.205423864297362 3.286308112662615 3.429657424121826 3.472902467802258 3.48251247750902 3.6458826425239867 3.6747126716442753 3.725165222604779 3.685924349635498 3.5978325939901734 3.324748151489666 3.402429063285998 3.5177491797671503 3.721161051893628 3.932581265442408 4.1343914692844255 4.176034844680396 4.2641266003257225 4.465135970025509 4.621298627760403 4.7998846414777425 4.96325480649271 5.056151566991415 5.061757405987027 5.008101518457602 4.907196416536594 4.769452944072995 4.639717813031698 4.4443142823275235 4.193653195809462 3.9830338164029118
-1.6804652374492501 -2.1481523765117023 -2.2698791661306967 -1.8822754412912672 -1.740527798116517 -1.3561274098460083 -0.18851123047433793 0.9686941050483395 1.200135172152875 2.1146877625797935 2.9291360852279342 2.9964061531752733 2.6800766669943337 2.9331402559390853 3.1661829913280815 3.244664737266643 3.2975197906538383 3.2598805859690176 3.33996400019204 3.437665765544128 3.420848248557293 3.3319556587697376 3.186203844883837 3.1205354452209577 3.142157967061174 3.322345649062975 3.558591721020892 3.6747126716442753 3.770812768711902 3.8949420607575873 4.050303884350251 4.139997308280037 4.292155795303779 4.4130817507805435 4.411480082496084 4.414683419065005 4.373040043669032 4.205665707942915 4.036689703932337 3.8052486368278022 3.6691068326486636 3.5746084038654966 3.581015077003338
-1.899893792420332 -2.3483609120692592 -2.6006236668717806 -2.326738390229043 -1.955952182376448 -1.3809532682551453 -0.2285529375858495 1.0015283048797787 1.7110673548957593 2.373357190520157 2.398983883071524 2.369353019809006 2.2404187229099395 2.539129857961814 2.760160081217356 2.858662680711674 2.8882935439741924 2.885891041547502 2.9908003141796615 3.0364478602867844 2.88028520255189 2.759359247075126 2.7577575787906654 2.8066084614667095 2.821824310169083 2.9067127292454873 3.0860995771050583 3.2334530592754205 3.37439986830794 3.4985291603536255 3.5473800430296687 3.6522893156618284 3.7692111004274413 3.770011934569672 3.7579994224362188 3.617853447545929 3.3824082097302424 3.257478083542327 3.226245551995348 3.0812945722516774 3.0860995771050583 3.155772147479088 3.1613779864746996
-2.040840601452852 -2.521341086790988 -2.783213851300272 -2.676702910383652 -1.9783755383588943 -1.3777499316862245 -0.4375706487079385 0.7716889060597034 1.7142706914646806 1.8632258419195025 1.88805170032864 1.8255866372346818 1.8464083249326673 2.1547294696913046 2.3525355028221706 2.4518389364587185 2.372556356377926 2.3517346686799407 2.391776375791452 2.395780546502603 2.2396178887677087 2.2043811865095786 2.1907670060916655 2.2452237277633205 2.3301121468397246 2.4190047366272798 2.583976569926706 2.73693589109268 2.8690735245606667 2.9147210706677895 2.961970285059373 3.0348461920023238 3.0228336798688704 3.0236345140111003 2.961970285059373 2.8242268125957746 2.6128065990469946 2.5815740675000156 2.548739867668576 2.59678991620239 2.6448399647362035 2.683280003563254 2.6720683255720314
-2.0993014938356587 -2.5806028133160246 -2.7271554613441564 -2.6286528618498384 -1.9831805432122758 -1.3393098928591736 -0.39592727331196675 0.45535941987876427 1.1504834553346006 1.1945293331572633 1.2842227570870488 1.2217576939930908 1.4796262877912238 1.7286857060248244 1.9208859001600787 1.9361017488624532 1.8464083249326673 1.771129915563026 1.671826481926478 1.6782331550643197 1.5829338921389229 1.5757263848588514 1.5805313897122324 1.6926481696244644 1.7783374228430984 1.8624250077772726 2.0338035142145405 2.1467211282690024 2.1811569963849027 2.2268045424920255 2.2660454154613068 2.324506307844113 2.3068879567150478 2.3036846201461274 2.24282122533663 2.1419161234156214 2.06663771404598 2.0394093532101523 1.9801476266851155 2.03060017764562 2.094666909024038 2.1250986064287862 2.1154885967220234
-2.0952973231245076 -2.4452618432791167 -2.5381586037778225 -2.3363483999358055 -2.082483976848824 -1.4354099899268007 -0.7402859544709641 0.04613317319911836 0.2967942597171791 0.42733022490070605 0.5674761997909958 0.8717931738384821 1.1496826211923707 1.3018411082161134 1.353094493318848 1.366708673736762 1.2914302643671207 1.2209568598508609 1.1040350750852475 0.9999266365953181 0.8910131932520073 0.872594007980712 0.9991258024530878 1.136869274916687 1.2161518549974795 1.2890277619404298 1.3971403711415107 1.4211653954084174 1.4507962586709358 1.487634629213526 1.5228713314716562 1.6293822723882765 1.7006565110467666 1.6966523403356155 1.6926481696244644 1.586938062850074 1.5268755021828073 1.3867295272925175 1.3274678007674807 1.3506919908921575 1.4387837465374824 1.5204688290449657 1.6429964528061904
-2.2234307858813436 -2.6054286717251616 -2.7671971684556675 -2.531751930639981 -2.3932076240341518 -2.0912931524133564 -1.4370116582112613 -0.7370826179020433 -0.5472849261934796 -0.2565821325639073 0.09978906072854343 0.4417452394608503 0.7028171698279042 0.8349548032958913 0.836556471580352 0.7877055889043083 0.7092238429657458 0.5931028923423631 0.48739278556797316 0.4073093713449505 0.3560559862422159 0.36886933251789955 0.4377410687496992 0.5002061318436568 0.5842937167778306 0.6411529408761769 0.7116263453924367 0.7164313502458182 0.7492655500772574 0.7893072571887685 0.8701915055540215 0.9911174610307856 1.0255533291466854 1.0567858606936644 1.0784083825338806 1.0920225629517941 0.9358599052168999 0.7724897402019337 0.6819954821299183 0.7188338526725087 0.8325523008692008 0.9863124561774042 1.1184500896453917
-2.343555907215878 -2.585407818169406 -2.6726987396725006 -2.5862086523116363 -2.695122095654947 -2.4909093893862395 -2.036836430741701 -1.4049782925220522 -1.0718312893542778 -0.6930367400793807 -0.3422713857825417 -0.056373597006350806 0.15824995311134993 0.25515088432120736 0.2311258600543007 0.18067330909379642 0.13182242641775277 0.09818739244408325 0.03171815863897409 -0.054771928721890184 -0.12684700152261064 -0.13645701122937348 -0.12364366495368984 -0.04836525558404858 0.0052906319453769335 0.03972650006127676 0.02451065135890218 0.05093817805249978 0.08697571445285979 0.15744911896912006 0.26956589888135163 0.45055441502538285 0.5482561803774706 0.5850945509200609 0.5722812046443773 0.5346419999595566 0.30800593770840257 0.0813698754572485 -0.02514106545937178 0.06375152432818343 0.2967942597171791 0.5114178098348798 0.6956096625478323
