static/data/seaWind_uo/2023/7/15/6.asc
ncols 137
nrows 93
xllcorner 108.0
yllcorner 17.0
cellsize 0.25
NODATA_value -32767
[rows 57 to 75 of 93, columns 86 to 128 of 137]
-6.172343941218591 -6.252427355441613 -6.297274067406507 -6.301278238117657 -6.299676569833197 -6.185157287494274 -6.045812146746215 -5.925687025411682 -5.844001942904198 -5.776731874956859 -5.659009256049016 -5.503647432456352 -5.3827214769795875 -5.246579672800449 -5.100027024772317 -4.93425435733066 -4.700410787799434 -4.474575559690511 -4.303197053253243 -4.183071931918708 -4.166254414931873 -4.249541165723817 -4.396093813751948 -4.462563047557057 -4.537040622784469 -4.590696510313894 -4.608314861442958 -4.580285666464901 -4.445745530570223 -4.336832087226911 -4.216706965892378 -4.11740353225583 -3.9628425428053955 -3.7394098171231627 -3.507968750018627 -3.23488430751812 -3.0490907865207073 -3.0434849475250956 -3.1451908835883344 -3.2653160049228687 -3.429487004080065 -3.5832471593882684 -3.7506214951143857
-6.34692578422478 -6.438220876439026 -6.511096783381976 -6.5223084613732 -6.4790634176927675 -6.385365823051831 -6.233207336028088 -6.073841341724274 -5.966529566665423 -5.847205279473119 -5.7463001775521105 -5.574921671114842 -5.420360681664408 -5.281816375058579 -5.128857053892606 -4.9558768791708765 -4.779693367880227 -4.645153231985549 -4.500202252241878 -4.444944696427992 -4.445745530570223 -4.517820603370943 -4.600306520020656 -4.632339885709865 -4.624331544287562 -4.661970748972383 -4.6491574026967 -4.586692339602742 -4.444143862285762 -4.338433755511372 -4.219910302461298 -4.087772668993312 -3.929207508831726 -3.7522231633988463 -3.574437983823736 -3.4182753260888417 -3.4070636480976186 -3.3870427945418626 -3.372627779981719 -3.4310886723645253 -3.507167915876397 -3.600064676375103 -3.7322023098430908
-6.404585842465357 -6.551939324635718 -6.638429411996583 -6.693686967810468 -6.612001885302986 -6.503088441959674 -6.367747471922766 -6.212385648330102 -6.070638005155352 -5.937699537545134 -5.78073604566801 -5.627776724502037 -5.482825744758365 -5.345883106436997 -5.192923785271024 -5.0543794786651945 -4.917436840343826 -4.806921728716055 -4.738850826626486 -4.694804948803823 -4.759672514324471 -4.838154260263034 -4.893411816076918 -4.885403474654616 -4.835751757836343 -4.716427470644039 -4.677987431816988 -4.503405588810798 -4.341637092080293 -4.216706965892378 -4.15424190279842 -4.037320118032807 -3.9540333672408634 -3.797069875363739 -3.6985672758694212 -3.701770612438342 -3.6985672758694212 -3.691359768589349 -3.673741417460284 -3.6336997103487727 -3.62328886649978 -3.6713389150335933 -3.705774783149493
-6.358137462216003 -6.506291778528595 -6.683276123961475 -6.755351196762195 -6.7177119920773745 -6.6312219047165115 -6.495080100537372 -6.328506598953485 -6.184356453352044 -6.032197966328301 -5.859217791606572 -5.705457636298369 -5.543689139567864 -5.405945667104264 -5.269003028782896 -5.138467063599368 -5.060786151803036 -5.00312609356246 -4.9598810498820285 -5.011935269126992 -5.077603668789871 -5.158487917155124 -5.201732960835557 -5.156886248870664 -5.008731932558072 -4.886204308796847 -4.657966578261233 -4.451351369565834 -4.237528653590363 -4.151038566229499 -4.114200195686909 -4.123009371251441 -4.039722620459497 -3.94282168924964 -3.87074661644892 -3.9211991674094238 -3.9812617280766913 -3.97725755736554 -3.9732533866543887 -3.9300083429739567 -3.8307049093374084 -3.821895733772876 -3.829904075195178
-6.189962292347656 -6.3933741644741335 -6.571159344049244 -6.722516996930757 -6.742537850486512 -6.69769113852162 -6.607196880449603 -6.440623378865717 -6.265240701717297 -6.114683882978015 -5.961724561812041 -5.829586928344054 -5.660610924333476 -5.502846598314122 -5.365903959992753 -5.24978300936937 -5.204936297404477 -5.1761062682841885 -5.206537965688938 -5.259393019076132 -5.356293950285989 -5.441983203504624 -5.477219905762754 -5.409949837815415 -5.2521855117960605 -5.03756196167836 -4.809324231142745 -4.460160545130367 -4.191080273341011 -4.1294160443892824 -4.194283609909931 -4.201491117190003 -4.223914473172449 -4.138225219953815 -4.090976005562232 -4.15424190279842 -4.213503629323457 -4.2415328243015145 -4.239130321874824 -4.207897790327845 -4.105391020122376 -4.058141805730793 -3.9812617280766913
-5.99055459093233 -6.197169799627728 -6.386967491336291 -6.545532651497876 -6.648840255845576 -6.672064445970252 -6.595184368316151 -6.482266754261689 -6.304481574686578 -6.17154310707636 -6.041807976035064 -5.943305376540746 -5.811968577214989 -5.654204251195635 -5.536481632287791 -5.4091490036731855 -5.38992898425966 -5.361098955139371 -5.393132320828581 -5.440381535220164 -5.538884134714482 -5.615764212368584 -5.646195909773332 -5.594141690528367 -5.452394047353618 -5.233766326524766 -4.974296064442171 -4.601107354162886 -4.228719478025831 -4.137424385811585 -4.219109468319068 -4.354450438355976 -4.385682969902955 -4.391288808898567 -4.362458779778279 -4.400097984463099 -4.408907160027632 -4.436135520863459 -4.442542194001302 -4.420118838018855 -4.342437926222523 -4.244736160870436 -4.164652746647413
-5.8456036111886585 -5.892852825580242 -6.073040507582043 -6.271647374855139 -6.442225047150178 -6.506291778528595 -6.5223084613732 -6.423005027736652 -6.314892418535571 -6.193165628916576 -6.105073873271252 -6.043409644319524 -5.92408535712722 -5.832790264912974 -5.7238768215696645 -5.651801748768944 -5.633382563497648 -5.570116666261461 -5.5532991492746255 -5.594141690528367 -5.6165650465108135 -5.67262343646693 -5.654204251195635 -5.615764212368584 -5.501244930029661 -5.373912301415055 -5.132060390461527 -4.775689197169076 -4.361657945636049 -4.2279186438836005 -4.249541165723817 -4.408106325885402 -4.5786839981804395 -4.629136549140944 -4.641949895416628 -4.606713193158498 -4.602709022447347 -4.604310690731808 -4.61392070043857 -4.559463978766915 -4.468168886552669 -4.36646295048943 -4.320815404382307
-5.671822602324699 -5.654204251195635 -5.7150676460051315 -5.877636976877867 -6.114683882978015 -6.286062389415283 -6.373353310918378 -6.370950808491687 -6.278054047992981 -6.199572302054419 -6.161933097369598 -6.115484717120244 -6.052218819884057 -5.988952922647869 -5.948110381394128 -5.904064503571465 -5.869628635455565 -5.750304348263262 -5.691843455880456 -5.634984231782109 -5.619768383079735 -5.610959207515203 -5.5981458612395185 -5.582930012537144 -5.496439925176279 -5.380318974552897 -5.215347141253471 -4.905424328210373 -4.562667315335835 -4.357653774924898 -4.32962457994684 -4.444143862285762 -4.629136549140944 -4.768481689889004 -4.822938411560659 -4.786100041018068 -4.761274182608932 -4.730041651061953 -4.679589100101449 -4.6051115248740375 -4.533036452073317 -4.441741359859071 -4.396093813751948
-5.531676627434409 -5.450792379069156 -5.470012398482682 -5.596544192955058 -5.819976918637291 -6.008973776203625 -6.184356453352044 -6.23961400916593 -6.20277563862334 -6.161933097369598 -6.184356453352044 -6.148318916951684 -6.0970655318489495 -6.0610279954485895 -6.052218819884057 -6.059426327164129 -6.056222990595208 -5.948110381394128 -5.837595269766356 -5.732685997134197 -5.634984231782109 -5.534879964003331 -5.433174027940092 -5.424364852375559 -5.385123979406279 -5.331468091876853 -5.236168828951456 -5.059184483518576 -4.805320060431594 -4.556260642197994 -4.516218935086482 -4.601107354162886 -4.738049992484255 -4.842959265116415 -4.818133406707277 -4.765278353320083 -4.7444566656220974 -4.722834143781881 -4.676385763532528 -4.593899846882815 -4.486588071823964 -4.394492145467488 -4.36886545291612
-5.308243901752176 -5.276210536062967 -5.28902388233865 -5.349086443005918 -5.53247746157664 -5.820777752779522 -6.037002971181682 -6.089057190426647 -6.052218819884057 -6.0297954639016105 -6.082650517288806 -6.122692224400317 -6.070638005155352 -6.055422156452978 -6.078646346577655 -6.144314746240533 -6.172343941218591 -6.127497229253699 -5.974537908087725 -5.797553562654844 -5.601349197808439 -5.46040238877592 -5.3514889454326084 -5.313048906605558 -5.301036394472105 -5.303438896898795 -5.248982175227139 -5.139267897741599 -4.9871094107178555 -4.764477519177852 -4.709219963363967 -4.7404524949109454 -4.779693367880227 -4.828544250556271 -4.774087528884616 -4.7308424852041835 -4.688398275665981 -4.662771583114614 -4.619526539434181 -4.530633949646626 -4.436135520863459 -4.374471291911732 -4.36646295048943
-5.040765298247281 -5.022346112975986 -5.059184483518576 -5.136064561172677 -5.18091127313757 -5.5532991492746255 -5.820777752779522 -5.972135405661034 -5.9801437470833365 -6.033799634612762 -6.037803805323913 -6.012977946914775 -5.914475347420458 -5.875234474451177 -5.879238645162328 -5.941703708256286 -6.144314746240533 -6.254829857868304 -6.06343049787528 -5.771926870103478 -5.543689139567864 -5.366704794134983 -5.220952980249082 -5.187317946275412 -5.194525453555484 -5.227359653386923 -5.2746088677785075 -5.210542136400089 -5.148077073306132 -4.997520254566849 -4.949470206033035 -4.938258528041812 -4.947868537748574 -4.872590128378933 -4.759672514324471 -4.698008285372744 -4.627534880856484 -4.599505685878426 -4.554658973913533 -4.459359710988136 -4.370467121200582 -4.2903837069775586 -4.267159516852882
-4.777290865453536 -4.725236646208572 -4.751664172902169 -4.670779924536916 -4.639547392989938 -5.10803536619462 -5.526871622581028 -5.7014534655872176 -5.896856996291393 -6.010575444488085 -6.033799634612762 -5.936898703402904 -5.821578586921752 -5.671822602324699 -5.654204251195635 -5.636585900066569 -5.869628635455565 -6.023388790763769 -5.908869508424846 -5.6293783927864975 -5.441983203504624 -5.302638062756564 -5.160890419581815 -5.184114609706491 -5.1761062682841885 -5.1985296242666355 -5.238571331378147 -5.2345671606669955 -5.188118780417643 -5.118446210043613 -5.134462892888218 -5.116043707616922 -5.050375307954043 -4.9694910595887904 -4.823739245702889 -4.702012456083895 -4.617124037007491 -4.525028110651014 -4.466567218268208 -4.33282791651576 -4.221511970745759 -4.167856083216334 -4.15424190279842
-4.635543222278786 -4.548252300775691 -4.404902989316481 -4.163851912505183 -4.11900520054029 -4.538642291068928 -4.978300235153323 -5.305040565183256 -5.7102626411517505 -5.927288693696141 -5.99055459093233 -5.931292864407293 -5.783138548094701 -5.591739188101677 -5.339476433299155 -5.273808033636277 -5.46040238877592 -5.617365880653043 -5.56531166140808 -5.419559847522178 -5.298633892045414 -5.259393019076132 -5.137666229457138 -5.138467063599368 -5.14487373673721 -5.188118780417643 -5.264198023929514 -5.236969663093687 -5.218550477822391 -5.219351311964621 -5.2473805069426795 -5.246579672800449 -5.192122951128793 -5.062387820087497 -4.871789294236703 -4.72123247549742 -4.605912359016267 -4.517019769228712 -4.372869623627272 -4.203893619616694 -4.071755986148707 -4.021303435188202 -4.0076892547702885
-4.581887334749361 -4.458558876845906 -4.2967903801154 -3.9484275282452517 -3.749820660972156 -4.066950981295325 -4.324819575093458 -4.72123247549742 -5.300235560329874 -5.685436782742613 -5.803159401650456 -5.8816411475890185 -5.731084328849736 -5.518062447016495 -5.21694880953793 -5.139267897741599 -5.14247123431052 -5.271405531209586 -5.164894590292966 -5.0952220199189355 -5.104832029625699 -5.238571331378147 -5.156886248870664 -5.149678741590591 -5.1897204487021025 -5.213745472969009 -5.28902388233865 -5.24978300936937 -5.260193853218363 -5.2834180433430395 -5.334671428445773 -5.352289779574839 -5.260193853218363 -5.0543794786651945 -4.841357596831955 -4.759672514324471 -4.646754900270009 -4.546650632491231 -4.379276296765114 -4.139826888238276 -3.9540333672408634 -3.8875641334357542 -3.952431698956403
-4.559463978766915 -4.40169965274756 -4.26155367785727 -4.023705937614893 -3.8234974020573365 -3.6545213980467586 -3.769040680385681 -4.1918811074832405 -4.86217928452994 -5.277011370205198 -5.598946695381748 -5.687839285169304 -5.655805919480095 -5.453995715638078 -5.185716277990952 -5.188118780417643 -5.160089585439584 -4.832548421267422 -4.665974919683535 -4.6547632416923115 -4.799714221435982 -5.063188654229727 -5.258592184933903 -5.24978300936937 -5.2746088677785075 -5.291426384765342 -5.314650574890019 -5.308243901752176 -5.322658916312321 -5.353090613717069 -5.403543164677574 -5.377115637983976 -5.256189682507212 -4.987910244860085 -4.814129235996127 -4.754066675328859 -4.75566834361332 -4.661970748972383 -4.5066089253797195 -4.217507800034608 -3.9732533866543887 -3.853128265319855 -3.9260041722628056
-4.596302349309505 -4.412911330738783 -4.232723648736982 -4.027710108326044 -3.7794515242346742 -3.5408029498500664 -3.48314289160949 -3.874750787160071 -4.474575559690511 -4.875793464947854 -5.223355482675773 -5.534879964003331 -5.554099983416856 -5.421161515806638 -5.211342970542319 -5.238571331378147 -5.028752786113827 -4.64835656855447 -4.211101126896766 -4.167856083216334 -4.342437926222523 -4.796510884867061 -5.0816078395010225 -5.302638062756564 -5.337073930872465 -5.378717306268436 -5.401941496393113 -5.424364852375559 -5.403543164677574 -5.437979032793473 -5.4812240764739055 -5.434775696224552 -5.293828887192032 -5.047171971385122 -4.887005142939078 -4.813328401853896 -4.820535909133969 -4.802116723862673 -4.698008285372744 -4.450550535423604 -4.099785181126764 -3.9676475476587774 -4.026108440041583
-4.680389934243679 -4.451351369565834 -4.216706965892378 -4.062946810584174 -3.840314919044171 -3.5271887694321524 -3.369424443412798 -3.6120771885085565 -4.027710108326044 -4.414512999023244 -4.858175113818789 -5.24978300936937 -5.511655773878654 -5.437178198651242 -5.253787180080521 -5.149678741590591 -4.854971777249869 -4.378475462622884 -3.928406674689496 -3.7386089829809324 -3.865140777453308 -4.390487974756336 -4.873390962521164 -5.176907102426419 -5.39153065254412 -5.487630749611747 -5.516460778732036 -5.542888305425633 -5.522066617727647 -5.572519168688151 -5.622971719648655 -5.600548363666209 -5.510054105594193 -5.334671428445773 -5.0455703031006625 -4.908627664779294 -4.836552591978573 -4.835751757836343 -4.855772611392098 -4.694004114661593 -4.2951887118309395 -4.134221049242664 -4.195885278194392
-4.679589100101449 -4.573078159184829 -4.26155367785727 -4.08537016656662 -3.892369138289136 -3.5800438228193476 -3.2573076635005664 -3.30615854617661 -3.6080730177974054 -4.045328459455109 -4.590696510313894 -5.102429527199009 -5.42516568651779 -5.4812240764739055 -5.326663087023471 -5.0231469471182155 -4.5786839981804395 -4.1246110395359015 -3.7458164902610047 -3.4487070234935904 -3.4222794967999928 -3.794667372937048 -4.350446267644825 -4.872590128378933 -5.269003028782896 -5.53247746157664 -5.655005085337864 -5.720673485000743 -5.736690167845348 -5.775931040814629 -5.814371079641679 -5.810366908930528 -5.762316860396715 -5.695046792449376 -5.3691072965616735 -5.040765298247281 -4.879797635659005 -4.891810147792459 -4.938258528041812 -4.869386791810012 -4.593099012740584 -4.428127179441157 -4.423322174587776
-4.535438954500008 -4.653161573407852 -4.450550535423604 -4.206296122043385 -3.893169972431366 -3.5480104571301387 -3.2757268487718614 -3.193240932122148 -3.2973493706120776 -3.7674390121012205 -4.444143862285762 -5.0904170150655546 -5.4227631840910995 -5.5621083248391585 -5.336273096730235 -4.873390962521164 -4.36806461877389 -3.9684483818010072 -3.6753430857447444 -3.358212765421575 -3.1908384296954573 -3.256506829358336 -3.7418123195498536 -4.382479633334034 -4.943864367037423 -5.372310633130595 -5.60215003195067 -5.730283494707505 -5.805561904077147 -5.865624464744414 -5.944907044825206 -5.986550420221178 -5.9489112155363575 -5.824781923490672 -5.554900817559086 -5.268202194640665 -5.087213678496633 -4.980702737580014 -4.884602640512387 -4.85977678210325 -4.82694258227181 -4.716427470644039 -4.662771583114614
