static/data/seaWind_vo/2023/7/6/0.asc
ncols 137
nrows 93
xllcorner 108.0
yllcorner 17.0
cellsize 0.25
NODATA_value -32767
[rows 19 to 37 of 93, columns 44 to 87 of 137]
2.913907210684586 3.511763942634043 5.0562271668368055 6.543751654663431 7.255485859365166 7.227016491177096 7.291072569600251 7.307976256961918 7.195878119721394 7.167408751533326 7.065986627363328 7.008158223231312 7.05620028204868 6.880935734140877 6.844459356149914 6.81421065245009 6.696774508674304 6.705671186233076 6.680760489068515 6.663856801706848 6.680760489068515 6.786630952017898 6.851576698196931 6.88627374067614 6.896949753746666 6.964564503193332 6.969012841972717 6.924529454178858 7.022392907325347 6.070448408536778 4.3880866821730535 2.6914902717152938 1.7893671672558458 1.297380898255772 0.667496127094737 0.385471448481675 0.6052193841833353 0.7484558928795595 0.5758603482393889 0.39169912277281504 0.698634498550438 2.003777096422243 3.381872450275976 4.412997379337614
2.888106845764148 4.017095227972274 5.280423441317852 6.231478272350545 6.478805908484398 6.614925075133604 6.723464541350619 6.746595903003424 6.642504775565797 6.7190162025712326 6.7136781960359695 6.724354209106496 6.811541649182459 6.792858626309037 6.7786239422150025 6.7430372319799154 6.665636137218602 6.634497765762902 6.62560108820413 6.645173778833428 6.695884840918426 6.701222847453689 6.781292945482635 6.856025036976316 6.853356033708685 6.850687030441053 6.751044241782811 6.5090546121842205 6.144290832274582 5.023309459869351 3.626531083142197 2.2324217096826753 1.1772757512123544 0.1399231478595766 -0.10651482051839878 0.24935228183246805 0.9432931314166593 1.1692687414094598 1.3463126248290163 1.5651708927747996 2.050929487483733 3.1354344818980007 3.9494804785256092 4.474384454493139
2.914796878440463 3.4930809197606223 4.251967515523846 5.102489890142419 5.947674258225728 5.976143626413798 6.037530701569322 6.1051454510159875 6.209236578453615 6.273292656876771 6.3747147810467695 6.457453882343346 6.561545009780975 6.618483746157112 6.595352384504306 6.556207003245712 6.53485497710466 6.53485497710466 6.463681556634485 6.427205178643522 6.467240227657994 6.41830850108475 6.477026572972644 6.538413648128168 6.544641322419308 6.494819928090186 6.356921425929226 6.122049138377653 5.823120772402925 4.845375908693917 3.3560720853555384 1.859650919970142 0.8872440627963976 0.47710722733702315 0.5981020421363181 0.995783529013412 1.5562742152160278 1.8881202881582113 2.2546634035796047 2.727076981950381 3.109634116977563 3.5482403206250064 3.751974236720878 4.0882686484424475
3.024226012413355 2.9895289699341454 3.575820021057199 4.060688948010255 4.817796208261726 4.959253381446195 5.320458490332324 5.520633735404688 5.828458778938188 5.917425554525904 6.0651104020015145 6.263506311562123 6.3444660773469455 6.371156110023261 6.3489144161263305 6.315996709158876 6.205677907430108 6.131835483692302 6.0748967473161635 6.02863402401055 6.034861698301691 6.024185685231165 6.033972030545813 6.071338076292655 6.081124421607303 5.9752539586579205 5.7750787135855575 5.432556627572849 5.138966268133382 4.3355962845763 3.0491367095779154 1.6123232838362895 0.8436503427584163 0.9886661869663946 1.0260322327132358 1.191510435306389 1.652358332850762 1.8881202881582113 2.2760154297206565 2.7368633272650293 3.316926704096943 3.4743978968872016 3.697704503612371 3.9192317748257857
3.0268950156809864 2.943266246628532 3.0784957455218622 3.3453960722850122 3.5491299883808836 3.8373823412850863 4.6274073085040115 5.181670320415487 5.581131142804335 5.716360641697665 5.873831834487923 6.010840668893007 6.0446480436163395 6.042868708104585 5.906749541455378 5.863155821417397 5.752837019688629 5.6407388824481055 5.568675794222054 5.495723038240127 5.486826360681356 5.503730048043021 5.5606687844191605 5.5259717419399506 5.50728871906653 5.4156529402111815 5.1914566657301355 4.976157068807861 4.51797817453112 3.7074908489270197 2.35341652448197 1.5278048470279586 1.1674894058977054 1.2119727936915639 1.2146417969591954 1.292932559476386 1.5829642478923427 1.8747752718200539 2.30626413342048 2.816933425293975 3.3436167367732583 3.556247330427901 3.863182706205524 3.8596240351820152
2.893444852299411 2.7742293730118703 2.7964710669087998 2.878320500449499 2.9094588719052004 3.1959318892976483 4.051792270451484 4.925446006722862 5.404087259384779 5.513516393357671 5.663870244100911 5.738602335594594 5.672766921659683 5.632731872645211 5.423659950014077 5.3213481580882025 5.223484704941713 5.104269225654173 5.030426801916368 4.976157068807861 5.025978463136982 5.062454841127947 5.1113865677011905 5.066903179907332 5.03932347947514 5.015302450066456 4.877403947905496 4.699470396730062 4.072254628836658 3.1034064426864227 2.061605500554259 1.3623266444348052 1.2893738884528774 1.4975561433281346 1.4486244167548905 1.7190834145415494 1.9824250702811912 2.3916722379846886 2.882768839228885 3.417459160511063 3.7386292203827205 3.9281284523845574 4.198587450171217 3.864072373961401
2.754656682382573 2.70216628478582 2.723518310926872 2.835616448167395 2.86853415513485 3.1149721235128256 3.8071336375852622 4.683456377124273 5.145193942424523 5.232381382500485 5.372059220173201 5.324017161355833 5.255512744153291 5.132738593842243 4.923666671211108 4.820465211529356 4.7466227877915514 4.632745315039275 4.632745315039275 4.679008038344887 4.730608768185762 4.827582553576374 4.874734944637864 4.845375908693917 4.881852286684881 4.8569415895203205 4.726160429406377 4.546447542719189 3.9325767911639433 2.913907210684586 1.8685475975289136 1.3738923252612083 1.5011148143516433 1.7778014864294427 2.1149855659068892 2.4076862575904774 2.6363308708509097 3.152338169259667 3.640765767236232 3.9663841658872756 4.256415854303232 4.314244258435248 4.131862368480428 3.794678289002982
2.6897109362035394 2.6692485778183648 2.739532330532661 2.850740800017307 2.9539422596990583 3.0384606965073893 3.6487727770391265 4.209263463241742 4.707477406532956 4.893417967511285 4.952136039399178 4.896086970778915 4.796444182120673 4.642531660353923 4.498405483901822 4.400542030755334 4.325809939261651 4.314244258435248 4.414776714849368 4.4921778096106815 4.633634982795151 4.735946774721025 4.890748964243652 4.9218873356993535 4.955694710422686 4.821354879285234 4.686125380391904 4.484170799807787 3.8925417421494704 2.882768839228885 1.9432796890225958 1.4477347489990133 1.8409678970967216 2.288470778302937 2.6247651900245064 2.8418441224585353 3.042019367530898 3.5082052716105343 3.7341808816033346 4.053571605963238 4.275098877176653 4.144317717062709 3.7724365951060532 3.1131927880010717
2.671027913330119 2.7564360178943272 2.824050767340992 2.8338371126556408 2.907679536393446 2.8863275102523938 2.9708459470607247 3.4459285286991324 4.176345756274287 4.568689236616118 4.536661197404539 4.4975158161459445 4.431680402211034 4.336485952332177 4.215491137532883 4.116738016630517 4.077592635371921 4.0731442965925355 4.1932494436359535 4.307126916388231 4.4726051189813845 4.713705080824097 4.963701720225581 5.0820275317572445 5.042882150498649 4.878293615661372 4.595379269292433 4.385417678905421 3.560695669207287 2.1674759635036422 1.165710070385951 1.265352859044194 2.171924302283028 2.5820611377424023 2.7795673795471334 2.9486042531637953 3.1558968402831757 3.4646115515725526 3.6380967639686004 3.746636230185615 3.906776426243505 3.5927237084188652 3.0455780385544067 2.4272589482197753
2.584730141010034 2.778677711791256 2.8231610995851146 2.760884356673713 2.717290636635732 2.6292135288038923 2.571385124671876 2.8525201355290615 3.5793786920807076 4.098944661512974 4.085599645174816 4.089158316198325 4.14698672033034 4.106062003559991 4.007308882657625 3.9921845308077133 3.9823981854930643 3.996632869587099 4.100723997024728 4.243070837965075 4.444135750793315 4.711925745312342 4.997509094948914 5.188787662462504 5.196794672265399 5.037544143963386 4.705698071021202 4.260864193082618 3.2288495962651034 1.8516439101672475 1.101653991962795 1.4174860452991895 2.463735326210739 2.7582153534060816 2.9334799013138837 3.0162190026104603 3.146110494968527 3.336499394726241 3.3783137792524673 3.4236868348022034 3.4735082291313244 3.4414801899197465 3.042909035286775 2.4708526682577565
2.674586584353628 2.751098011359064 2.6888212684476622 2.5562607728219646 2.518894727075123 2.3818858926700397 2.263560081138376 2.433486622510915 2.9761839535959878 3.4832945744459733 3.693256164832985 3.8240373249469286 3.9325767911639433 3.985067188760696 3.962825494863767 3.92101111033754 3.9183421070699085 3.996632869587099 4.187021769344813 4.292002564538318 4.45837043488735 4.698580728974185 4.984164078610755 5.091813877071893 5.107827896677682 5.0064057725076845 4.7670851461767265 4.394314356464193 3.8178096506557884 3.167462521109579 2.8053677444675715 2.855189138796693 3.076716410010108 3.153227837015544 3.1585658435508073 3.1283171398509833 3.1719108598889645 3.211945908903437 3.1123031202451945 3.005542989539934 2.957500930722567 3.077606077765985 3.1283171398509833 2.698607613762311
2.7012766170299427 2.5891784797894197 2.4868666878635453 2.363202869796619 2.3320644983409182 2.2244146998797807 2.114095898151012 2.1923866606682028 2.3863342314494256 2.711952630100469 3.1977112248094026 3.582047695348339 3.756422575500264 3.824926992702806 3.8480583543556124 3.831154666993946 3.8533963608908754 3.9343561266756977 4.043785260648589 4.085599645174816 4.184352766077182 4.308906251899986 4.526874852089891 4.641641992598046 4.645200663621555 4.584703256221907 4.52420584882226 4.385417678905421 4.032219579822186 3.7386292203827205 3.457494209525535 3.2671053097678215 3.2608776354766813 3.359630756379047 3.336499394726241 3.2662156420119444 3.1781385341801047 2.9165762139522173 2.671027913330119 2.4717423360136337 2.4886460233752996 2.5544814373102103 2.467293997234248 2.1523516116537302
2.6354412030950325 2.4939840299105627 2.3809962249141625 2.2866914427911826 2.221745696612149 2.1772623088182907 2.0998612140569772 2.0971922107893457 2.2172973578327637 2.3276161595615323 2.6149788447098574 3.0927304296158966 3.6167447378275486 3.7751055983736843 3.7137185232181595 3.720835865265177 3.746636230185615 3.777774601641316 3.846279018843858 3.879196725811313 3.891652074393593 3.9868465242724502 4.005529547145871 3.9788395144695556 3.930797455652189 3.840941012308595 3.7813332726648246 3.8889830711259616 3.937025129943329 3.711939187706405 3.5580266659396553 3.3560720853555384 3.2039388991005424 2.9966463119811624 2.8996725265905514 2.6354412030950325 2.4495006421167043 2.2430977227532014 1.9575143731166305 1.7555597925325133 1.7030693949357605 1.8294022162703183 1.716414411273918 1.5989782674981319
2.655903561480207 2.443272967825564 2.3320644983409182 2.2715670909412706 2.188827989644694 2.214628354565132 2.3614235342848646 2.3756582183788995 2.377437553890654 2.2324217096826753 2.3809962249141625 2.782236382814765 3.3089196942940484 3.6380967639686004 3.5589163336955325 3.596282379442374 3.72617387180044 3.787560946955965 3.850727357623244 3.7759952661295615 3.7813332726648246 3.76709858857079 3.7813332726648246 3.711049519950528 3.5544679949161466 3.4548252062579037 3.2608776354766813 3.2555396289414182 3.327602717167469 3.406783147440537 3.275112319570716 3.0340123577280034 2.70839395907696 2.4076862575904774 1.9948804188634717 1.7048487304475148 1.3169535888850696 1.096315985427532 0.856995359096574 0.7662492479971028 0.736000544297279 0.9183824342520985 0.9477414701960449 0.8534366880730653
2.7430910015561696 2.54825376301907 2.431707286999161 2.364092537552496 2.401458583299337 2.5615987793572277 2.6665795745507332 2.54825376301907 2.5366880821926667 2.401458583299337 2.364092537552496 2.766222363208976 3.167462521109579 3.4041141441729055 3.3293820526792235 3.4646115515725526 3.5953927116864968 3.7822229404207017 3.8827553968348214 3.850727357623244 3.9281284523845574 3.9183421070699085 3.8747483870319273 3.8186993184116655 3.6790214807389505 3.547350652869129 3.35874108862317 3.211945908903437 3.122089465559843 3.1914835505182624 3.100737439418791 2.8863275102523938 2.585619808765911 2.1799313120859223 1.7662358056030394 1.1790550867241087 0.6701651303623686 0.3712367643876402 0.13547480908019072 0.044728697980719545 0.011810991013264438 0.079425740459929 0.17195118707115453 0.5536186543424597
2.788464057105905 2.617647847977489 2.4993220364458257 2.64878621943319 2.973514950328356 3.268884645279576 2.7688913664766077 2.6514552227008212 2.506439378492843 2.4646249939666163 2.430817619243284 2.8009194056881856 3.202159563588788 3.1728005276448417 3.0357916932397577 3.175469530912473 3.3729757727172043 3.5784890243248304 3.801795631049999 4.011757221437011 4.089158316198325 4.124745026433411 4.057130276986746 4.017984895728151 3.931687123408066 3.7991266277823676 3.5927237084188652 3.4032244764170283 3.226180592997472 3.1443311594567724 3.0535850483573013 2.999315315248794 2.7991400701764313 2.405906922078723 1.9824250702811912 1.3836786705758573 0.8498780170495566 0.5091352665486013 0.27337331124115183 -0.11452183032129337 -0.18035724425620403 -0.3422767758258485 -0.21327495122365914 0.17017185155940018
2.8098160832469574 2.6060821671510856 2.1398962630714498 2.2715670909412706 3.1968215570535254 3.9245697813610487 3.235966938312121 2.566047118136613 2.3471888501908302 2.2715670909412706 2.372989215111268 2.745760004823801 3.1034064426864227 3.0224466769016005 2.813374754270466 2.7857950538382736 2.9841909633988823 3.268884645279576 3.591834040662988 3.8818657290789442 4.024212570019292 4.063357951277887 4.031329912066308 3.959266823840258 3.8667413772290327 3.5580266659396553 3.342727069017381 3.1078547814658086 2.9557215952108127 2.8836585069847622 2.8596374775760784 2.85607880655257 2.6674692423066104 2.3240574885380236 1.9023549722522461 1.5642812250189224 1.144358044244899 0.8641127011435912 0.5634049996571084 0.16750284829176865 -0.0842731266214698 -0.329821427243568 -0.21149561571190478 0.2662559691941344
2.80269874119994 2.405017254322846 1.8534232456790019 1.514459830689801 2.3320644983409182 3.275112319570716 2.9059002008816917 2.2769050974765337 2.1772623088182907 2.0882955332305744 2.3142711432233747 2.733304656241521 3.0811647487894938 2.8836585069847622 2.6407792096302956 2.574943795695385 2.6416688773861727 2.897893191078797 3.189704215006508 3.402334808661151 3.5393436430662346 3.641655434992109 3.686138822785968 3.561585336963164 3.321375042876329 2.967287276037216 2.584730141010034 2.3374025048761813 2.2911397815705685 2.2422080549973242 2.2155180223210094 2.0963025430334685 1.854312913434879 1.4948871400605033 1.106102330742181 0.8374226684672761 0.5358252992249164 0.22888992344729342 -0.01754804493068196 -0.12341850788006514 -0.28000003291444653 -0.25064099697050013 0.1283574670331733 0.6434750976860537
2.581171469986525 2.231532041926798 1.7760221509176883 1.4468450812431362 1.7511114537531276 2.1496826083860987 2.0989715463011 1.9690800539430338 1.9592937086283848 2.260891077870745 2.7528773468708185 3.0758267422542307 3.031343354460372 2.6496758871890673 2.415693267393372 2.2946984525940772 2.3133814754674975 2.442383300069687 2.6496758871890673 2.8213817640733607 2.9788529568636193 3.095399432883528 3.2484222868944013 3.1808075374477363 2.91568654619634 2.49487369766644 2.0678331748453993 1.9094723142992636 1.9148103208345264 1.7982638448146173 1.6167716226156752 1.3738923252612083 1.0918676466481463 0.6621581205594742 0.1959722164798383 -0.24263398716760554 -0.642094809556454 -1.033548622142408 -1.2417308770176652 -1.2479585513088054 -1.1011633715890725 -0.6883575328620668 -0.2106059479560276 0.3187463667908874
