static/data/seaWind_vo/2023/7/6/12.asc
ncols 137
nrows 93
xllcorner 108.0
yllcorner 17.0
cellsize 0.25
NODATA_value -32767
[rows 0 to 18 of 93, columns 88 to 131 of 137]
4.984164078610755 6.215464252744756 7.130932373542361 7.70298874057138 8.023269132687162 8.06152484618988 8.067752520481019 8.042841823316458 7.787507177379711 7.580214590260331 7.349790641488145 6.98680619709026 6.476136905216766 5.896073528384853 5.2813131090737295 4.658545679959712 4.114069013362886 3.7377395526268433 3.367637766181941 3.11052378473344 2.943266246628532 2.623875522268629 2.2973674558617088 1.9361623469755784 1.4806524559664687 1.0705156205070943 0.6345784201272819 0.16394417726825994 -0.20882661244427325 -0.4979686331043527 -0.6243014544389105 -0.6981438781767153 -0.6750125165239091 -0.6020597605419815 -0.584266405424438 -0.3485044501169887 0.024266339595544917 0.348995070490711 1.0553912686571822 1.6541376683625164 2.0100047707133832 2.0171221127604007 1.9121413175668949 1.4744247816753284
5.275085434782589 6.555317335489834 7.326659279835338 7.554414225339894 7.630925652345329 7.638042994392347 7.606014955180768 7.459219775461037 7.344452634952882 7.213671474838938 6.992144203625523 6.622042417180621 6.172760200462651 5.656752902053894 5.122952248527594 4.570468572127872 4.060688948010255 3.651441780306758 3.3658584306701873 3.184366208471245 3.061592058160196 2.920134884975726 2.7635533599413447 2.562488447113105 2.263560081138376 2.066943507089522 1.8320712195379498 1.535811856830853 1.2351041553443702 0.9913351902340262 0.8009462904763123 0.5909847000893007 0.5785293515070205 0.5945433711128094 0.5740810127276346 0.7626905769735941 0.9815488449193774 1.2626838557765625 2.2849121072794283 2.7635533599413447 2.7101732945887145 1.6674826847006738 0.9610864865342026 0.9335067861020103
5.569565461977932 6.521509960766501 7.01527556527833 7.207443800547798 7.240361507515253 7.201216126256657 7.116697689448326 6.965454170949208 6.871149388826229 6.742147564224039 6.396066807187822 6.0846830926308115 5.699456954335998 5.232381382500485 4.7270500971622536 4.271540206153144 3.885424400102453 3.5633646724749184 3.3987761376376424 3.325823381655715 3.291126339176505 3.2155045799269457 3.0882820908365107 2.9112382074169543 2.744870337067924 2.6621312357713474 2.5366880821926667 2.3560855277496016 2.1585792859448705 1.944169356778473 1.7342077663914615 1.5589432184836594 1.445955413487259 1.372112989749454 1.3569886378995422 1.5002251465957661 1.901465304496369 2.542915756483807 3.614965402315794 3.332051055946855 2.4041275865669687 0.7991669549645579 0.29383566962632646 0.2956150051380808
5.822231104647047 6.416529165572996 6.775065271191494 6.935205467249384 6.881825401896755 6.837342014102896 6.834673010835264 6.724354209106496 6.574890026119132 6.353362754905717 6.066889737513269 5.721698648232928 5.345369187496885 4.930784013258125 4.5419992039398025 4.143428049306832 3.7475258979414923 3.5384539753103574 3.5687026790101815 3.5980617149541283 3.7599812465237727 3.761760582035527 3.689697493809476 3.6380967639686004 3.5847166986159706 3.411231486219923 3.175469530912473 2.9370385723373924 2.7573256856502044 2.5304604079015265 2.2866914427911826 2.225304367635658 2.0776195201600482 1.9824250702811912 2.0580468295307504 2.2822431040117968 2.7155113011239775 3.302692020002908 3.367637766181941 2.698607613762311 1.631895974465587 1.3018292370351578 0.730662537762016 0.2618076304147485
5.936998245155202 6.482364579507907 6.620263081668867 6.718126534815356 6.719905870327111 6.69766417643018 6.650511785368691 6.552648332222203 6.350693751638085 6.106035118771864 5.846252134055732 5.51974406764881 5.152311284471541 4.856051921764443 4.546447542719189 4.165669743203761 3.890762406637716 3.835603005773332 3.87385871927605 4.034888583089817 4.2475191767444604 4.348051633158581 4.484170799807787 4.504633158192962 4.457480767131472 4.334706616820423 4.1176276843863935 3.7635399175472815 3.422797167046326 3.1781385341801047 2.8863275102523938 2.712842297856346 2.558040108333719 2.5126670527839834 2.697717946006434 2.8151540897822205 3.0642610614278274 3.541122978577989 3.4308041768492203 2.250215064800219 1.1550340573154252 0.8507676848054337 0.6408060944184222 0.2262209201796619
6.2145745849888785 6.576669361630886 6.737699225444654 6.727912880130004 6.7732859356797395 6.751933909538687 6.533075641592905 6.407632488014224 6.205677907430108 5.946784590469852 5.671877253903807 5.3711695524173235 5.122062580771717 4.847155244205672 4.569578904371996 4.380969340126036 4.151435059109726 4.1576627334008665 4.271540206153144 4.434349405478666 4.730608768185762 4.900535309558302 5.041992482742772 5.2359400535239935 5.219926033918205 5.112276235457068 4.912990658140583 4.533102526381032 4.194139111391831 3.7759952661295615 3.4308041768492203 3.152338169259667 3.0010946507605483 2.966397608281339 2.943266246628532 2.86853415513485 3.1203101300480887 3.6736834742036875 3.6585591223537755 2.3845548959376712 0.48422456938404057 -0.48462361676619503 -0.3707461440139177 0.37301609989939455
6.359590429196857 6.723464541350619 6.987695864846138 6.940543473784647 6.939653806028771 6.704781518477198 6.4645712243903635 6.280409998923789 6.00995100113713 5.748388680909242 5.5055093835547755 5.26529908946794 5.015302450066456 4.771533484956112 4.574916910907259 4.385417678905421 4.384528011149545 4.453922096107963 4.580254917442521 4.833810227867515 5.124731584039348 5.312451480529431 5.562448119930915 5.760844029491523 5.747499013153366 5.673656589415561 5.473481344343198 5.197684340021276 4.896086970778915 4.4770534577607695 3.8044646343176307 3.497529258540008 3.3382787302379953 3.0402400320191436 2.825830102852746 2.840064786946781 3.0010946507605483 3.4503768674785182 3.042909035286775 2.2377597162179383 0.33209138312904485 -0.3182557464171647 -0.4125605285401446 0.3338707186407992
6.729692215641759 7.102463005354291 7.353349312511654 7.295520908379638 7.057089949804556 6.7394785609564085 6.453895211319837 6.171870532706775 5.824010440158801 5.577572471780826 5.354265865055657 5.0864758705366295 4.852493250740935 4.603386279095328 4.424563060164017 4.361396649496738 4.408549040558228 4.574916910907259 4.828472221332252 5.115834906480576 5.420101278990568 5.73949200335047 5.8951838606289755 6.08557276038669 6.053544721175111 6.001943991334235 5.853369476102749 5.616717853039422 5.277754438050221 4.681677041612518 3.969942836910784 3.636317428456846 3.090061426348265 2.4646249939666163 2.304484797908726 2.766222363208976 3.1238688010715974 2.7066146235652058 1.7617874668236535 1.1781654189682316 0.7004138340621924 0.6043297164274581 0.34721573497895664 0.39614746155220093
7.356907983535162 7.63715332663647 7.662064023801031 7.613132297227786 7.332886954126479 6.920081115399473 6.579338364898517 6.193222558847827 5.773299378073803 5.544654764813371 5.2163673628946965 4.937901355305143 4.712815413068219 4.426342395675771 4.272429873909021 4.286664558003056 4.366734656032001 4.646090331377431 4.9966194271930355 5.317789487064694 5.6861119379978415 6.052655053419234 6.24571295644458 6.3044310283324725 6.251940630735719 6.21101591396537 6.008171665625376 5.734153996815208 5.319568822576448 4.6274073085040115 4.026881573286923 3.1345448141421235 2.284022439523551 1.345422957073139 1.732428430879707 2.452169645384336 2.6443378806538043 2.0589364972866275 1.47709378494296 1.0322599070043759 0.5545083220983369 0.5180319441073729 0.4504171946607083 0.6025503809157038
7.947647373437601 8.072200859260406 8.049959165363475 7.879142956235059 7.599787280889629 7.170967422556835 6.802644971623687 6.393397803920189 5.955681268028623 5.646966556739246 5.294658125411887 4.934342684281634 4.705698071021202 4.3578379784732295 4.287554225758933 4.3329272813086686 4.491288141854804 4.835589563379268 5.210139688603556 5.556220445639775 5.970805619878535 6.270623653609141 6.391618468408435 6.437881191714048 6.441439862737557 6.271513321365017 6.067779405269146 5.710132967406524 5.2759751025384665 4.550895881498574 3.757312243256141 2.7742293730118703 1.631895974465587 0.9388447926372734 1.365885315458314 1.7235317533209353 1.287594552941123 1.2413318296355105 0.9859971836987633 0.5251492861543903 0.0954397600657182 0.30540135045272976 0.4450791881254452 0.847209013781925
8.153160625045228 8.255472416971102 8.187857667524437 7.993910096743214 7.72523043446831 7.421853729714195 7.076662640433854 6.7136781960359695 6.301762025064841 5.9005218671642385 5.503730048043021 5.124731584039348 4.796444182120673 4.531323190869277 4.5277645198457686 4.695911725706553 4.917438996919968 5.2910994543883785 5.564227455442669 5.843583130788099 6.156746180856863 6.2946446830178235 6.445888201516942 6.483254247263783 6.340017738567559 6.224360930303527 6.140732161251074 5.814224094844153 4.824023882552865 4.211042798753496 3.4797359034224646 2.7377529950209065 1.8009328480822488 0.7404488830766649 0.206648229550364 0.12479879600966459 0.332981050884922 0.6078883874509668 0.36856776112000866 -0.09405947193611874 -0.4410298967282138 0.16305450951238276 0.4121614811579899 0.7235451957149988
7.9165090019819 8.113125576030756 8.022379464931284 7.791955516159097 7.567759241678051 7.30441758593841 7.010827226498943 6.715457531547724 6.422756839864135 6.053544721175111 5.704794960871261 5.344479519741009 4.943239361840406 4.843596573182163 4.893417967511285 5.075799857466103 5.338251845449868 5.637180211424597 5.781306387876698 5.918315222281782 6.138063157983442 6.072227744048532 6.153187509833354 6.146959835542214 5.8747215022438 6.052655053419234 5.653194231030385 4.73149843594164 3.099847771662914 3.975280843446047 4.146097052574463 3.8222579894351743 2.7671120309648534 1.2146417969591954 0.7013035018180696 0.7137588504003498 0.7128691826444726 0.7769252610676287 0.6043297164274581 0.17817886136229477 -0.49085129105733527 -0.7417375982146965 -0.5887147442038239 -0.20081960264137866
7.411177716643669 7.589111267819103 7.569538577189805 7.484130472625598 7.356018315779284 7.091786992283765 6.827555668788248 6.5544276677339575 6.3097690348677355 5.9948266492872175 5.6852222702419635 5.392521578558375 5.037544143963386 4.987722749634264 5.042882150498649 5.203912014312416 5.437004966352234 5.442342972887497 5.493054034972495 5.487716028437232 5.61404884977179 5.517964732137056 5.588248484851352 5.573124133001441 5.122952248527594 4.9868330818783875 4.250188180012092 3.0019843185164254 1.827622880758564 3.480625571178342 3.227959928509226 2.345409514679076 1.7555597925325133 1.626557967930324 1.0767432947982343 0.6239024070567558 0.25646962387948546 -0.24530299043523707 -0.2995727235437444 -0.4116708607842674 -0.546900359677597 -0.7630896243557488 -0.604728763809613 -0.42857454814593376
6.947660815831664 7.114028686180696 7.275058549994462 7.264382536923936 6.993033871381401 6.745706235247548 6.47524723746089 6.227919601327036 6.027744356254674 5.804437749529504 5.634511208156965 5.372059220173201 5.215477695138819 5.115834906480576 5.093593212583647 4.944129029596283 4.93256334876988 4.822244547041111 4.7822094980266385 4.803561524167691 4.806230527435321 4.798223517632428 4.741284781256288 4.45837043488735 4.082040974151307 4.102503332536482 3.3106990298058028 2.09274387200996 1.6674826847006738 1.7653461378471622 1.7582287958001448 1.3000499015234035 0.8703403754347314 0.8925820693316606 -0.07804545233032956 -0.8618427452581146 -1.1758954630827545 -0.7755449729380293 -0.642094809556454 0.40326480359921835 1.2751392043588428 0.7760355933117515 0.13458514132431354 -0.003313360836647572
6.844459356149914 6.949440151343419 7.063317624095697 6.832004007567633 6.477026572972644 6.280409998923789 6.01617867542827 5.762623365003277 5.693229280044858 5.581131142804335 5.417432275722936 5.300885799703027 5.1709943073449605 4.9966194271930355 4.687904715903659 4.5073021614605935 4.174566420762533 3.975280843446047 3.9343561266756977 3.935245794431575 3.920121442581663 3.900548751952365 3.4735082291313244 3.130986143118615 3.287567668152996 3.6025100537335137 2.7680016987207305 1.6390133165126044 1.2253178100297213 0.953079476731308 0.43262383954316475 -0.021996383710067846 0.45486553344009395 0.11323311518326173 -0.6234117866830333 -0.6260807899506649 -0.726613246364785 -0.6251911221947877 0.03316301715431624 1.1221163503479699 1.752890789264882 1.5447085343896245 0.8365330007113991 -0.27110335535567476
6.8631423790233335 6.832004007567633 6.517061621987116 6.281299666679667 5.881838844290818 5.662090908589157 5.399638920605392 5.2617404184444325 5.242167727815135 5.145193942424523 5.110496899945313 4.994840091681281 4.794664846608919 4.412997379337614 4.102503332536482 3.7128288554622824 3.3729757727172043 3.162124514574316 3.126537804339229 3.1283171398509833 3.0082119928075657 2.6585725647478387 2.236870048462061 2.2288630386591666 2.584730141010034 2.3978999122758284 1.7021797271798833 0.5856466935540376 -0.16078455362690613 -0.5887147442038239 -1.098494368321441 -0.8645117485257461 -0.44725757101935404 -0.7586412855763629 0.11234344742738456 0.131916138056682 0.1808478646299263 0.3970371293080781 1.0411565845631476 1.2786978753823515 1.7653461378471622 1.5037838176192748 0.7537938994148223 -0.3547321244081285
6.539303315884045 6.21101591396537 5.8951838606289755 5.514406061113547 5.130069590574611 4.889859296487776 4.817796208261726 4.680787373856641 4.744843452279797 4.671001028541992 4.635414318306905 4.17545608851841 3.8133613118764025 3.321375042876329 2.80269874119994 2.4121345963698633 2.162137956968379 1.9779767315018053 1.9423900212667187 2.2706774231853935 2.1390065953155726 1.6105439483245352 1.5402601956102386 1.531363518051467 1.8667682620171595 0.7004138340621924 0.0020246456986154904 -0.5611350437716318 -1.3387046624082766 -1.602935985903795 -1.055790316039337 -0.8191386929760105 -1.0495626417481967 -1.160771111232843 -0.28622770720558677 0.3925887905286922 0.4246168297402704 0.8222983166173643 1.5482672054131332 1.7866981639882142 1.8347402228055814 1.4450657457313818 0.693296492015175 -0.40455351873725
5.683442934730209 5.298216796435396 4.9014249773141785 4.514419503507611 4.220829144068146 4.195918446903585 4.158552401156744 4.179904427297796 4.261753860838495 4.18168376280955 3.703932177903511 3.19860089256528 2.4984323686899486 2.0464811487043475 1.5269151792720814 1.493107804548749 1.2849255496734917 1.1078816662539352 1.1843930932593716 1.5856332511599742 1.4922181367928717 1.0607292751924453 1.0731846237747256 1.033149574760253 1.1425787087331447 -0.013099706151296076 -0.7355099239235567 -1.3413736656759077 -1.4134367539019586 -1.2417308770176652 -0.621632451171279 -0.20882661244427325 -0.5762593956215434 -0.6954748749090842 -0.3182557464171647 0.2991736761615895 0.15860617073299732 0.42639616525202473 1.2964912304998948 2.472632003769511 2.118544236930398 1.7911465027676001 0.953079476731308 -0.17946757650032685
4.523316181066383 4.189690772612445 3.7759952661295615 3.641655434992109 3.501087929563517 3.7297325428239487 3.756422575500264 3.795567956758859 3.6247517476304427 3.1487794982361583 2.590068147545297 2.1541309471654846 1.6719310234800595 1.573177902577694 1.6461306585596218 1.7769118186735655 1.9041343077640005 1.3810096673082257 1.3685543187259452 1.5224668404926955 1.2964912304998948 1.223538474517967 1.244000832903142 1.203076116132792 0.5215906151308816 -0.7844416504968006 -1.3093456264643297 -1.47571349681336 -1.1963578214679296 -0.8573944064787287 -0.8324837093141677 -0.679460855303295 -0.1919229250826069 0.05184604002773696 0.2262209201796619 0.30629101820860694 -0.20615760917664172 0.04028035920133366 1.6852760398182172 3.173690195400719 2.9041208653699373 1.6114336160804124 1.0491635943660422 0.8445400105142935
