static/data/seaWind_vo/2023/7/6/18.asc
ncols 137
nrows 93
xllcorner 108.0
yllcorner 17.0
cellsize 0.25
NODATA_value -32767
[rows 19 to 37 of 93, columns 0 to 43 of 137]
0.9121547599609583 1.0447152555866563 0.44063084934605934 -0.08249379110971544 -0.06559010374804908 0.09277075679808666 -0.6287497932182964 -1.4045400763431868 -1.612722331218444 -0.6492121516034715 0.7840426031146461 1.949507363313736 1.8925686269375972 2.1674759635036422 0.4237271619843932 -1.5184175490954641 -2.3351325489907047 -1.4223334314607303 -1.1349707463124048 -1.1047220426125812 -0.9454715143105683 -0.4979686331043527 0.7093105116209639 2.0455914809484703 3.36496876291431 4.076702967616044 4.449473757328578 4.580254917442521 4.502853822681208 4.346272297646826 4.235953495918057 4.146097052574463 4.071364961080781 3.945032139746224 3.835603005773332 3.76087091427965 3.6647867966449157 3.637207096212723 3.05714371938081 2.30626413342048 1.4735351139194512 2.155910282677239 2.4619559906989847 2.5366880821926667
1.482431791478223 0.24223493978545108 -0.6154047768801387 -1.0646869935981087 -1.1474260948946853 -0.8084626799054844 -0.7666482953792575 -0.9961825763955665 -1.6661023965710742 -0.8858637746667979 0.169282183803523 0.9815488449193774 0.9281687795667473 1.186172428771126 0.33653972190843073 -0.6847988618385581 -1.2016958280031926 -1.0371072931659167 -0.716826901050136 -0.060252097212786015 1.3543196346319109 1.8605405877260193 2.5607091116013505 3.189704215006508 3.665676464400793 4.114069013362886 4.419225053628754 4.5820342529542755 4.608724285630591 4.5224265133105055 4.425452727919894 4.305347580876477 4.144317717062709 3.904997090731751 3.7057115134152654 3.534895304286849 3.336499394726241 3.046467706310284 2.5838404732541567 2.214628354565132 2.150572276141976 2.3124918077116203 2.212849019053378 2.0455914809484703
-0.24975132921462295 -0.7426272659705737 -1.0967150328096866 -0.9783892212780234 -1.0735836711568805 0.10166743435685843 0.9610864865342026 1.1407993732213904 1.4753144494312056 1.3472022925848934 1.5580535507277822 1.3525402991201565 1.42994139388147 1.164820402630074 0.5936537033569322 -0.024665386977699377 0.3454363994672023 1.0794122980658658 1.5500465409248876 1.9397210179990871 2.251994400311973 1.9610730441401392 2.3240574885380236 3.05714371938081 4.050902602695606 4.429011398943403 4.661214683227344 4.68434604488015 4.59004126275717 4.532212858625154 4.42367339240814 4.28221621922367 4.091827319465956 3.836492673529209 3.5633646724749184 3.263546638744313 3.0402400320191436 2.7039456202975742 2.316940146491006 2.0100047707133832 1.9833147380370684 1.9566247053607533 1.9326036759520697 1.8044915191057576
-1.4063194118549411 -1.4098780828784498 -1.2426205447735423 -1.1572124402093342 -0.8262560350230275 0.6176747327656158 1.4806524559664687 1.7493321182413732 1.6060956095451493 1.589191922183483 1.6229992969068154 1.542039531121993 2.1861589863770625 2.2324217096826753 1.631895974465587 1.1345716989302503 1.266242526800071 1.7279800921003212 2.029577461342681 2.3329541660967954 2.0678331748453993 1.5607225539954137 2.0891852009864516 3.263546638744313 4.203925456706479 4.471715451225506 4.453032428352087 4.403211034022965 4.364065652764369 4.332037613552791 4.220829144068146 4.064247619033764 3.8818657290789442 3.5936133761747424 3.2777813228383477 2.983301295643005 2.861416813087833 2.6523448904566984 2.3445198469231987 2.213738686809255 2.151461943897853 1.9406106857549643 1.6612550104095336 1.4504037522666449
0.9130444277168355 1.0918676466481463 1.0633982784600768 1.2911532239646317 1.4504037522666449 2.0162324450045235 1.822284874223301 0.5473909800513195 -0.13943252748585389 0.026935342863176448 0.5758603482393889 1.4121480387639265 1.9957700866193488 2.107868223859872 1.7822498252088286 1.8827822816229485 2.0527088229954873 1.9735283927224194 1.472645446163574 1.132792363418496 0.7182071891797357 1.4112583710080493 2.2866914427911826 3.236856606067998 3.88631406785833 4.0233229022634145 4.039336921869204 3.985067188760696 3.9459218075021005 3.8969900809288562 3.840941012308595 3.7341808816033346 3.5144329459016745 3.2190632509504544 2.972625282572479 2.8160437575380977 2.765332695453099 2.6834832619123996 2.6692485778183648 2.6345515353391553 2.558929776089596 2.331174830585041 2.098081878545223 1.933493343707947
1.7653461378471622 1.8320712195379498 1.769794476626548 1.8952376302052287 1.911251649811018 1.732428430879707 0.8650023688994684 -0.04868641638638316 -0.35384245665225134 0.007362652233878553 -0.22573029980593917 0.3294223798614133 1.1167783438127068 1.5402601956102386 1.6532480006066392 1.4601900975812936 1.7706841443824253 1.6443513230478675 1.355209302387788 0.43974118159018216 0.8329743296878904 1.5794055768688342 2.675476252109505 3.051805712845547 3.4539355385020265 3.456604541769658 3.390769127834748 3.3934381311023794 3.421907499290449 3.3836517857877304 3.3471754077967666 3.2137252444151914 2.9904186376900226 2.867644487378973 2.696828278250557 2.638999874118541 2.7466496725796783 2.7964710669087998 3.014439667098706 3.0642610614278274 2.986859966666514 2.857858142064324 2.6461172161655586 2.5989648251040687
0.21198623608562706 0.24045560427369672 0.19419288096808396 0.22800025569141624 0.010921323257387261 -0.16879156342980073 0.4504171946607083 0.2475729463207137 0.23511759773843366 -0.05046575189813751 -0.2844483716938324 -0.6750125165239091 -0.1136321625654162 0.32764304434965896 0.2555799561236083 0.024266339595544917 0.4041544713550955 0.48422456938404057 0.22355191691203036 1.3543196346319109 2.1390065953155726 2.665689906794856 2.940597243360901 3.31781637185282 3.1710211921330873 3.1194204622922115 2.993087640957654 2.9130175429287086 2.9414869111167783 2.8640858163554643 2.7813467150588878 2.6203168512451205 2.5144463882957377 2.3916722379846886 2.3560855277496016 2.443272967825564 2.5731644601836305 2.765332695453099 3.00376365402818 3.1131927880010717 3.0295640189486175 2.9014518621023058 3.2190632509504544 3.254649961185541
-0.9899549021044267 -1.003299918442584 -0.961485533916357 -0.6732331810121548 -0.956147527381094 -0.8146903541966246 0.1105641119156302 0.25291095285597676 0.22266224915615318 -0.11808050134480208 -0.013989373907173253 -0.5326656755835621 -0.748854940261714 -1.1056117103684584 -1.16166077898872 -1.1474260948946853 -0.8680704195492543 -0.5958320862508413 0.44774819139307676 1.6256683001744467 2.9655079405254616 3.7074908489270197 3.6443244382597406 3.391658795590625 3.183476540715368 3.0073223250516885 2.834726780411518 2.7315253207297667 2.590068147545297 2.467293997234248 2.2600014101148678 1.9646317151636479 1.8721062685524223 1.8676579297730367 1.864099258749528 2.0358051356338214 2.2075110125181148 2.40056891554346 2.579392134474771 2.665689906794856 2.606971834906963 3.336499394726241 3.697704503612371 3.8444996833321037
-0.2639860133086578 -0.6723435132562776 -0.6572191614063656 0.1924135454563296 0.6114470584744756 0.630130081347896 0.3836921129699207 -0.23818564838821965 -0.5264380012924219 -0.6082874348331218 -0.29156571374084983 0.04383903022484237 -0.33960777255821695 -0.9632648694281114 -1.0095275927337242 -0.9828375600574093 -0.8903121134461838 0.09810876333334972 1.3329676084908586 2.3925619057405654 3.597172047198251 3.8044646343176307 3.3391683979938724 3.1354344818980007 3.2332979350444893 2.9841909633988823 2.782236382814765 2.5678264536483675 2.4139139318816176 2.1692552990153966 1.89167895918172 1.482431791478223 1.3641059799465596 1.3516506313642793 1.439727739196119 1.5553845474601506 1.6968417206446205 1.8996859689846146 2.1007508818128544 2.235090712950307 2.4708526682577565 3.496639590784131 4.135421039503937 4.290223229026564
0.51269393757211 -0.5166516559777734 -0.9401335077753052 -0.8698497550610087 -0.6492121516034715 -0.5050859751513701 -0.49174095881321245 -0.31558674314953317 -0.4686095971604063 -0.9365748367517965 -1.2915522713467866 -1.146536427138808 -0.2666550165762893 0.16216484175650558 0.3036220149409754 0.27960098553229207 0.26803530470588877 1.302718904791035 2.260891077870745 3.042909035286775 3.2929056746882592 3.042019367530898 2.6674692423066104 2.5936268185688056 2.801809073444063 3.0295640189486175 2.6345515353391553 2.3516371889702157 2.165696627991888 1.8311815517820726 1.594529928718746 1.42994139388147 1.3801199995523485 1.4219343840785754 1.5322531858073443 1.652358332850762 1.821395206467424 2.0375844711455757 2.2573324068472362 2.45394898089609 2.627434193292138 2.8142644220263433 2.9948669764694085 3.174579863156596
0.7004138340621924 0.5411633057601792 0.1550474997094886 -0.5540177017246144 -0.65899849691812 -0.33960777255821695 0.236896933250188 0.8738990464582401 1.1594823960948109 0.9219411052756072 0.51269393757211 0.2546902883677311 0.39080945501693787 0.3676780933641315 0.45931387221947984 0.7182071891797357 1.1461373797566534 1.6959520528887433 2.0793988556718026 2.401458583299337 2.5260120691221406 2.1265512467332925 1.573177902577694 1.4477347489990133 1.5206875049809412 1.27602887211472 1.090977978892269 1.1995174451092836 1.4851007947458545 1.7297594276120756 1.8721062685524223 1.917479324102158 1.913030985322772 1.8632095909936508 1.7733531476500568 1.7279800921003212 1.779580821941197 1.917479324102158 2.132778921024433 2.4548386486519673 2.7252976464386265 2.8952241878111655 3.0598127226484415 3.2813399938618564
-0.1323151854388369 0.7760355933117515 1.096315985427532 1.0491635943660422 0.9628658220459569 0.9513001412195536 0.5740810127276346 0.06786005963352615 0.19953088750334702 0.7039725050857011 0.905927085669818 1.1043229952304265 0.82051898110561 0.48511423713991775 0.4041544713550955 0.6879584854799119 0.8952510725992922 1.0500532621219194 1.2991602337675263 1.3427539538055075 1.266242526800071 1.000231867792798 0.5856466935540376 0.1479301576624712 -0.33515943377883106 -0.4935202943249668 0.07497740168054357 0.8454296782701707 1.3792303317964714 1.8000431803263717 1.742214776194356 1.4263827228579613 1.1247853536156014 1.0109078808633238 1.0678466172394627 1.2306558165649844 1.3463126248290163 1.6256683001744467 1.953955702093122 2.3338438338526726 2.4868666878635453 2.659462232503716 2.8142644220263433 2.9841909633988823
-0.27199302311155193 0.46732088202237443 1.1301233601508645 1.4272723906138385 1.3747819930170855 1.2146417969591954 0.841871007246662 0.24045560427369672 -0.42946421590181094 0.02604567510729927 0.4504171946607083 0.6158953972538614 0.7635802447294713 0.9379551248813962 0.905927085669818 0.8819060562611345 0.6327990846155276 0.6212334037891245 0.33565005415255356 0.1924135454563296 -0.37341514728154923 -0.3173660786612875 -0.37608415054918076 -0.3138074076377788 -0.5824870699126836 -0.27555169413506064 0.7182071891797357 1.345422957073139 1.4174860452991895 1.4174860452991895 0.667496127094737 0.19775155199159267 -0.08516279437734697 -0.11274249480953902 0.03761135593370213 0.476217559581146 0.9717624996047285 1.3178432566409468 1.769794476626548 2.151461943897853 2.303595130152849 2.2751257619647793 2.335623169364427 2.1799313120859223
-0.679460855303295 -0.22661996756181635 0.42105815871676167 0.8819060562611345 1.0633982784600768 0.9148237632285898 0.9077064211815724 0.76713891575298 0.51269393757211 0.39080945501693787 0.7048621728415783 0.236896933250188 0.4121614811579899 0.6230127393008786 0.7546835671706995 0.7021931695739467 0.24401427529720543 -0.22306129653830808 -0.5228793302689136 -0.8725187583286402 -1.2764279194968746 -1.3938640632726607 -0.9694925437192516 -0.7746553051821521 0.19152387770045243 0.8249673198849958 1.5331428535632214 1.7350974341473386 1.7893671672558458 1.2573458492412994 0.4166098199373758 -0.15188787606813436 -0.694585207153207 -0.7773243084497836 -0.8333733770700449 0.40237513584334117 0.9112650922050811 1.5491568731690104 2.0793988556718026 2.2902501138146913 2.225304367635658 2.235090712950307 2.1692552990153966 1.9628523796518935
-1.2452895480411739 -0.7960073313232039 -0.4276848803900566 0.025156007351422094 0.20308955852685573 0.17462019033878606 0.16216484175650558 0.7315522055178931 1.287594552941123 1.1532547218036708 0.7110898471327183 0.22800025569141624 0.3756851031670261 -0.0842731266214698 0.04828736900422825 0.13013680254492765 -0.20793694468839607 -0.8333733770700449 -1.2764279194968746 -1.6269570153124788 -1.5522249238187968 -1.7194824619237044 -1.336035659140645 -0.3867601636197069 0.6105573907185984 1.2938222272322633 1.6167716226156752 1.8810029461111941 2.241318387241447 1.8294022162703183 1.314284585617438 0.7021931695739467 0.13013680254492765 -0.6767918520356635 -0.6376464707770682 1.000231867792798 1.7938155060352317 2.433486622510915 3.2288495962651034 3.094509765127651 2.897893191078797 2.647896551677313 2.581171469986525 2.2226353643680263
-1.273758916229243 -1.193688818200298 -0.9356851689959194 -0.61184610585663 -0.546900359677597 -0.574480060109789 -0.5024169718837386 0.10967444415975303 0.7021931695739467 0.915713430984467 0.4717692208017603 0.7804839320911374 0.8854647272846432 0.21643457486501294 -0.3636288019669003 -0.2737723586233063 -0.5202103270012821 -1.3298079848495048 -1.7701935240087026 -1.6198396732654614 -1.4232230992166075 -1.4872791776397634 -1.257744896623454 -0.30580039783488466 0.3196360345467646 0.8151809745703471 1.2324351520767387 1.9770870637459281 2.3391818403879356 2.6514552227008212 2.516225723807492 2.0055564319339974 1.3365262795143673 0.5269286216661446 0.6443647654419307 1.6194406258833067 2.4664043294783706 3.4699495581078157 4.308906251899986 3.915673103802277 3.5304469655074633 3.2760019873265933 2.930810898046252 2.5357984144367895
-1.1394190850917907 -1.0851493519832833 -0.8520563999434656 -0.6456534805799627 -0.5931630829832097 -0.46238192286926605 -0.3369387692905854 -0.16345355689453767 -0.07804545233032956 0.26803530470588877 0.5794190192628976 1.3578783056554193 1.38278900281998 0.8641127011435912 0.2715939757293975 -0.5753697278656662 -1.0175346025366188 -1.8493739542817704 -1.8449256155023845 -1.692792429247389 -1.076252674424512 -1.1047220426125812 -0.9018777942725871 -0.4241262093665479 0.09810876333334972 0.5678533384364943 1.3374159472702445 2.147013605118467 2.3391818403879356 2.7190699721474862 2.8044780767116944 2.9325902335580065 2.311602139955743 2.0642745038218906 2.1123165626392577 2.2110696835416235 3.297354013467645 4.303568245364723 4.435239073234543 4.171897417494901 3.77955393715307 3.4290248413374664 3.0749370744983535 2.7795673795471334
-0.7088198912472414 -0.6865781973503124 -0.4161191995636533 -0.1171908335889249 0.09188108904220949 0.2475729463207137 0.4121614811579899 0.5883156968216692 0.5838673580422833 0.6799514756770175 0.9513001412195536 1.1372407021978816 1.1132196727891983 1.106991998498058 0.5482806478071967 -0.5904940797155782 -1.9703687690810656 -2.385843611075703 -2.1100466067537806 -1.3965330665402922 -0.6999232136884697 -0.7372892594353111 -0.29779338803199007 0.13458514132431354 0.745786889611928 1.63723398100085 2.24042871948557 2.5553711050660874 2.6354412030950325 2.236870048462061 2.08651619771882 2.481528681328282 2.553591769554333 2.5936268185688056 2.5891784797894197 3.4130108217316772 4.197697782415339 4.606055282362959 4.564240897836733 4.180794095053673 3.806243969829385 3.421017831534572 3.222621921973963 3.098958103907037
-0.9739408824986375 -0.8920914489579381 -0.2888967104732183 0.6470337687095622 1.0278115682249902 1.127454356883233 1.080301965821743 1.0340392425161302 1.0740742915306027 0.9593071510224482 0.884575059528766 1.053611933145428 0.8311949941761361 0.5642946674129856 0.06252205309826309 -0.7363995916794339 -2.03798351852773 -2.3644915849346506 -1.8048905664879125 -1.033548622142408 -0.2888967104732183 0.2102069005738727 0.7448972218560508 1.3845683383317344 2.0829575266953113 2.6994972815181884 2.8996725265905514 2.8907758490317796 2.6301031965597694 2.2279733709032894 1.9352726792197013 2.1630276247242564 1.9156999885904036 1.7208627500533038 1.9939907511075945 3.501977597319394 4.541109536183926 4.940570358572774 4.653207673424449 4.001970876122362 3.676352477471319 3.5891650373953565 3.5135432781457974 3.340947733505627
