static/data/seaWind_vo/2023/7/6/6.asc
ncols 137
nrows 93
xllcorner 108.0
yllcorner 17.0
cellsize 0.25
NODATA_value -32767
[rows 40 to 59 of 93, columns 44 to 87 of 137]
3.009101660563443 3.1505588337479127 3.1968215570535254 2.840064786946781 2.7715603697442392 2.8000297379323085 2.6043028316393313 2.250215064800219 1.6443513230478675 0.8836853917728889 0.6737238013858773 1.6674826847006738 3.1585658435508073 4.4770534577607695 4.836479231135145 4.875624612393741 5.002847101484177 5.160318294274434 5.477040015366707 5.797320407482487 6.111373125307127 6.4138601623053635 6.571331355095623 6.652291120880445 6.62560108820413 6.546420657931062 6.430763849667031 6.3462454128587 6.228809269082913 6.072227744048532 5.936108577399326 5.757285358468014 5.575793136269072 5.330244835646974 5.016192117822333 4.75018145881506 4.539330200672172 4.380079672370158 4.412997379337614 4.607834617874714 4.581144585198398 4.380079672370158 4.132752036236306 3.863182706205524
2.7519876791149414 2.8987828588346742 2.8747618294259905 2.563378114868982 2.7991400701764313 2.786684721594151 2.522453398098632 2.0251291225632952 1.4441760779755046 0.9263894440549929 0.8196293133497328 1.7342077663914615 3.302692020002908 4.738615777988658 5.194125668997767 4.978826072075492 5.075799857466103 5.182559988171364 5.459246660249163 5.831127782205819 6.170980864950897 6.455674546831592 6.66652580497448 6.769727264656231 6.763499590365091 6.737699225444654 6.631828762495271 6.5597656742692205 6.455674546831592 6.232367940106422 6.047317046883971 5.852479808346871 5.616717853039422 5.367610881393815 5.1265109195511025 4.749291791059183 4.526874852089891 4.449473757328578 4.519757510042874 4.7226017583828686 4.825803218064619 4.686125380391904 4.437908076502175 4.112289677851131
2.671027913330119 2.372989215111268 2.3498578534584613 2.368540876331882 2.664800239038979 2.5037703752252116 2.251104732556096 1.7511114537531276 1.5607225539954137 1.2493388394384048 1.3578783056554193 2.5722747924277534 4.144317717062709 5.559779116663283 5.947674258225728 5.5660067909544235 5.29999613194715 5.408535598164164 5.429887624305216 5.719029644965296 6.027744356254674 6.274182324632649 6.485923250531414 6.730581883397637 6.760830587097459 6.767947929144476 6.717236867059478 6.6442841110775515 6.563324345292729 6.365818103487998 6.1496288388098455 5.955681268028623 5.719029644965296 5.533089083986968 5.319568822576448 4.9868330818783875 4.7217120906269905 4.644310995865677 4.4325700699669115 4.4521427605962085 4.51797817453112 4.616731295433485 4.368513991543756 4.0277712410428
2.5037703752252116 2.1318892532685556 1.504673485375152 1.5411498633661158 1.8996859689846146 1.8374092260732129 1.6149922871039208 1.4263827228579613 1.2573458492412994 1.2431111651472648 2.09274387200996 3.367637766181941 5.129179922818734 6.509944279940099 6.507275276672466 6.076676082827918 5.782196055632575 5.479709018634338 5.4805986863902145 5.573124133001441 5.8204517691352935 6.068669073025023 6.31154837037949 6.566883016316238 6.6834294923361455 6.710119525012461 6.662077466195093 6.582007368166149 6.4992682668695725 6.370266442267383 6.152297842077477 5.965467613343272 5.804437749529504 5.623835195086439 5.437004966352234 5.282202776829607 5.014412782310579 4.791995843341287 4.550006213742698 4.249298512256215 4.163890407692007 4.280436883711916 4.1727870852507785 3.8480583543556124
2.162137956968379 1.5713985670659396 0.9424034636607821 0.7689182512647343 1.12834402463911 1.2119727936915639 0.9237204407873614 0.7333315410296475 0.8721197109464858 0.9868868514546405 2.292919117082323 4.636303986062783 6.401404813723083 6.932536463981753 6.628270091471762 6.301762025064841 5.912977215746519 5.6104901787482815 5.516185396625302 5.54821343583688 5.781306387876698 6.000164655822481 6.243933620932825 6.458343550099222 6.617594078401236 6.628270091471762 6.566883016316238 6.487702586043168 6.364038767976243 6.253719966247473 6.06333106648976 5.907639209211256 5.747499013153366 5.591807155874861 5.434335963084603 5.3507071940321485 5.213698359627065 4.990391752901896 4.6772287028331325 4.303568245364723 4.187021769344813 4.092716987221833 3.9841775210048187 3.542012646333866
1.9690800539430338 1.5651708927747996 1.377450996284717 1.2564561814854223 1.1034333274745494 0.783152935358769 0.40237513584334117 0.6203437360332473 0.9975628645251664 1.4121480387639265 2.9228038882433576 5.429887624305216 6.7136781960359695 7.1086906796454326 6.49659926360194 6.262616643806245 5.882728512046695 5.658532237565648 5.5668964587103 5.627393866109948 5.85603847937038 6.067779405269146 6.263506311562123 6.455674546831592 6.613145739621849 6.57844869714264 6.5037166056489575 6.393397803920189 6.2643959793179995 6.133614819204056 5.995716317043096 5.836465788741082 5.656752902053894 5.481488354146093 5.391631910802499 5.224374372697591 5.09893121911891 4.853382918496812 4.52420584882226 4.2475191767444604 4.368513991543756 4.160331736668498 3.541122978577989 2.90323119761406
1.929045004928561 1.821395206467424 1.7439941117061102 1.5126804951780466 1.0500532621219194 0.8427606750025392 1.0945366499157776 1.5224668404926955 2.324947156293901 3.15767617579493 4.953915374910932 6.521509960766501 7.289293234088497 6.9538884901228055 6.299982689553087 5.970805619878535 5.717250309453542 5.553551442372143 5.54821343583688 5.7056846286271385 5.961019274563886 6.207457242941861 6.398735810455452 6.530406638325273 6.627380423715884 6.636277101274656 6.541972319151677 6.428094846399398 6.307989699355981 6.163863522903879 5.982371300704938 5.816003430355908 5.644297553471614 5.4805986863902145 5.340031180961622 5.017971453334088 4.81957554377348 4.558013223545592 4.272429873909021 4.166559410959638 4.182573430565427 3.3996658053935196 2.6888212684476622 2.571385124671876
2.4397142968020553 1.8712166007965452 1.154144389559548 0.5393839702484249 0.3303120476172905 0.8525470203171881 1.6194406258833067 2.5927371508129284 3.787560946955965 5.042882150498649 6.851576698196931 7.595338942110244 7.365804661093934 6.541082651395799 6.138063157983442 5.7902030654354695 5.643407885715737 5.5668964587103 5.583800146071967 5.841803795276345 6.132725151448179 6.399625478211329 6.617594078401236 6.760830587097459 6.791079290797283 6.72613354461825 6.603359394307201 6.472578234193257 6.353362754905717 6.242154285421071 6.066889737513269 5.896073528384853 5.763513032759155 5.646966556739246 5.450349982690391 5.037544143963386 4.848044911961549 4.658545679959712 4.462818773666735 4.444135750793315 3.9432528042344694 3.1194204622922115 2.8845481747406394 3.4192384960228175
2.3978999122758284 1.9263760016609297 1.3000499015234035 0.7333315410296475 0.8231879843732415 1.0767432947982343 2.303595130152849 4.46103943815498 6.4992682668695725 7.540179541245859 7.590000935574981 7.630925652345329 7.033068920395873 6.416529165572996 6.175429203730284 5.879169841023186 5.812444759332399 5.839134792008714 5.891625189605467 6.130056148180548 6.425425843131768 6.694105505406672 6.870259721070351 6.95566782563456 6.936095135005262 6.764389258120968 6.6442841110775515 6.500157934625449 6.353362754905717 6.243043953176948 6.1692015294391425 6.068669073025023 5.961019274563886 5.807106752797136 5.587358817095476 5.531309748475214 5.348927858520394 5.123841916283471 4.892528299755407 4.75018145881506 4.3178029294587565 3.789340282467719 3.7866712792000876 4.226167150603408
2.0847368622070657 1.6906140463534802 1.361436976678928 1.244890500659019 1.2306558165649844 2.0740608491365395 4.379190004614282 6.656739459659832 8.311521485591364 8.545504105387058 7.93252302158769 7.486799475893228 7.089117989016135 6.662967133950971 6.38717012962905 6.1496288388098455 6.130056148180548 6.119380135110022 6.272402989120895 6.51884095749887 6.780403277726757 7.011716894254821 7.047303604489908 6.94588148031991 6.85780437248807 6.690546834383163 6.5295169705693965 6.4094118235259785 6.325783054473525 6.332900396520541 6.27685132790028 6.288417008726684 6.333790064276419 6.235926611129931 5.934329241887571 6.0499860501516025 5.807996420553013 5.508178386822408 5.198574007777153 4.962812052469704 4.59004126275717 4.347161965402703 4.116738016630517 4.161221404424375
1.8311815517820726 1.5180185017133097 1.5936402609628688 1.7493321182413732 1.6763793622594454 3.2404152770915067 6.114042128574759 8.427178293855395 9.725203549680183 8.876460510573365 8.260810423506365 7.751030799388747 7.33555595739411 6.985916529334384 6.620263081668867 6.40585315250247 6.428094846399398 6.5544276677339575 6.721685205838865 6.850687030441053 7.066876295119206 7.058869285316311 6.98680619709026 6.783961948750266 6.615814742889482 6.479695576240275 6.488592253799046 6.451226208052205 6.423646507620013 6.536634312616414 6.508164944428344 6.582007368166149 6.653180788636323 6.592683381236675 6.285748005459052 6.3498040838822085 6.132725151448179 5.792872068703101 5.44145330513162 5.131848926086366 4.799113185388304 4.68434604488015 4.5375508651604175 4.510860832484102
1.4548520910460305 1.5865229189158514 1.6932830496211118 2.489535691131177 2.798250402420554 4.638083321574538 7.4983651567196326 9.770576605229918 9.645133451651239 8.855108484432312 8.483227362475656 7.930743686075935 7.559752231875157 7.306196921450164 6.946771148075788 6.53752398037229 6.566883016316238 6.890722079455527 7.009047890987189 7.1282633702747304 6.9485504835875425 6.878266730873246 6.655849791903954 6.545530990175186 6.410301491281855 6.443219198249311 6.457453882343346 6.538413648128168 6.560655342025097 6.729692215641759 6.836452346347018 6.900508424770175 6.851576698196931 6.79552762957667 6.667415472730356 6.528627302813518 6.285748005459052 5.905859873699502 5.552661774616266 5.28754078336487 5.0366544762075085 4.961032716957949 4.883631622196635 4.854272586252689
1.5740675703335711 1.7048487304475148 2.029577461342681 2.8329474448997636 4.564240897836733 6.956557493390436 9.446737542090629 9.548159666260627 9.422716512681946 9.002793331907922 8.657602242627581 8.137146605439439 7.616690968251294 7.361356322314547 7.098014666574906 6.686988163359654 6.708340189500706 7.183422771139114 7.230575162200605 6.821327994497107 6.640725440054043 6.359590429196857 6.137173490227565 6.219022923768264 6.388949465140804 6.422756839864135 6.586455706945534 6.682539824580269 6.8337833430793875 6.999261545672541 7.116697689448326 7.097124998819028 7.047303604489908 6.987695864846138 6.946771148075788 6.686988163359654 6.3097690348677355 5.928991235352308 5.656752902053894 5.412094269187673 5.250174737618028 5.172773642856715 5.106938228921805 5.071351518686718
1.8996859689846146 1.9690800539430338 2.260891077870745 4.354279307449721 7.154063735195168 9.700292852515622 10.06238762915763 10.091746665101576 9.656699132477641 9.329301398314843 8.864005161991084 8.47255134940513 7.792845183914974 7.1976574552331485 6.929867460714121 6.8035346393795635 6.799975968356055 7.142498054368765 6.760830587097459 6.3195553801823845 6.02596502074292 5.697677618824244 5.699456954335998 6.033082362789937 6.267064982585632 6.551758664466325 6.723464541350619 6.937874470517016 7.14427738988052 7.230575162200605 7.200326458500781 7.184312438894992 7.1078010118895545 7.016165233034206 6.961895499925699 6.675422482533252 6.295534350773701 5.973474623146166 5.707463964138893 5.539316758278108 5.375617891196709 5.298216796435396 5.2661887572238175 5.2279330437211
1.7350974341473386 1.8320712195379498 3.990405195295959 7.088228321260257 10.39156469883218 11.1273199329426 10.723410771774365 10.262562874229992 9.849757035502986 9.391578141226246 8.79639041254442 8.457426997555219 7.703878408327258 7.090007656772011 6.800865636111933 6.724354209106496 6.50638560891659 6.257278637270982 5.779527052364943 5.372948887929078 5.090034541560138 5.268857760491449 5.493054034972495 5.825789775670556 6.159415184124494 6.507275276672466 6.865811382290966 7.136270380077624 7.171857090312711 7.154063735195168 7.076662640433854 7.033068920395873 6.966343838705086 6.846238691661668 6.819548658985353 6.617594078401236 6.316886376914753 6.000164655822481 5.776858049097312 5.6158281852835445 5.467253670052058 5.429887624305216 5.376507558952587 5.320458490332324
1.334746944002613 2.368540876331882 5.337362177693992 9.622891757754308 11.949372939373102 11.046360167157777 10.619319644336736 10.322170613873762 9.938723811090703 9.360439769770544 8.382694906061536 7.807969535764887 7.330217950858847 6.961005832169823 6.681650156824391 6.269733985853263 5.821341436891171 5.0268681308928596 4.547337210475066 4.296450903317705 4.455701431619717 4.785768169050147 5.224374372697591 5.783085723388452 6.255499301759228 6.695884840918426 7.037517259175258 7.122925363739467 7.02773091386061 7.110470015157187 7.065986627363328 6.999261545672541 6.943212477052279 6.849797362685177 6.882715069652631 6.641615107809919 6.372045777779137 6.163863522903879 5.977033294169675 5.798210075238364 5.62027652406293 5.562448119930915 5.463694999028549 5.42899795654934
1.954845369848999 3.126537804339229 6.180767210265547 10.276797558324027 11.485856038561097 10.72163143626261 10.576615592054631 10.209182808877362 9.627340096533695 9.011690009466694 8.060635178434001 7.477902798334457 7.00548921996368 6.472578234193257 5.82756911118231 5.099820886874787 4.5304335231134 3.630979421921583 3.5304469655074633 3.8703000482525414 4.412997379337614 4.9565843781785635 5.521523403160565 6.187884552312564 6.662967133950971 7.009047890987189 7.232354497712359 7.2884035663326205 7.095345663307274 7.049082940001663 7.080221311457363 7.232354497712359 7.3177626022765665 7.176305429092096 6.97435084850798 6.686098495603778 6.545530990175186 6.383611458605541 6.190553555580195 6.008171665625376 5.816003430355908 5.70212595760363 5.5660067909544235 5.461915663516795
3.2404152770915067 4.743064116768043 7.540179541245859 10.758107814253574 11.0454704994019 10.509000842607968 10.349750314305954 10.051711616087104 9.493000265396242 8.678064601012757 7.37648067416446 6.517951289742992 5.681663599218455 4.970819062272598 4.039336921869204 3.0749370744983535 2.803588408955817 2.902341529858183 3.17013152437721 3.8996590841964878 4.660325015471466 5.533978751742845 6.210126246209493 6.763499590365091 7.151394731927537 7.427191736249458 7.549076218804631 7.5526348898281395 7.315983266764812 7.255485859365166 7.3177626022765665 7.420074394202441 7.420964061958319 7.200326458500781 7.05620028204868 6.869370053314475 6.761720254853337 6.560655342025097 6.328452057741156 6.1700911971950205 5.931660238619939 5.7403816711063484 5.603372836701265 5.47881935087846
4.550895881498574 7.420964061958319 10.192279121515696 10.902233990705675 10.342632972258937 10.231424502774292 10.29814958446508 9.955627498452369 8.971654960452222 7.743023789585854 5.391631910802499 4.319582264970511 3.6683454676684244 3.0873924230806336 2.2075110125181148 1.461969433093048 1.6665930169447967 2.4717423360136337 3.470839225863693 4.26353319635025 5.184339323683118 6.093579770189583 6.730581883397637 7.104242340866046 7.493916817940246 7.586442264551472 7.59622860986612 7.405839710108406 7.270610211215077 7.312424595741303 7.310645260229549 7.3177626022765665 7.147836060904028 6.9485504835875425 6.876487395361492 6.611366404110095 6.488592253799046 6.367597438999752 6.194112226603703 6.0597723954662515 5.799099742994241 5.631842204889334 5.502840380287145 5.376507558952587
6.819548658985353 9.448516877602383 10.120216033289646 10.038366599748946 9.76701793420641 10.097974339392715 10.105091681439733 9.540152656457732 8.511696730663726 5.6158281852835445 2.5829508054982795 2.203062673738729 2.8044780767116944 2.081178191183557 0.8400916717349076 0.12657813152141895 1.2333248198326159 2.80269874119994 3.9023280874641193 4.9023146450700565 5.818672433623539 6.505495941160712 7.051751943269293 7.2626032014121815 7.471675124043317 7.5526348898281395 7.412067384399547 7.2483685173181485 7.265272204679814 7.20655413279192 7.100683669842537 6.899618757014299 6.730581883397637 6.541972319151677 6.38717012962905 6.162973855148003 6.108704122039496 6.001943991334235 5.920094557793536 5.766182036026786 5.592696823630739 5.5108473900900385 5.388962907534867 5.251064405373906
