static/data/precipitation/2023/7/21/0.asc
ncols 137
nrows 93
xllcorner 108.0
yllcorner 17.0
cellsize 0.25
NODATA_value -32767
[rows 44 to 65 of 93, columns 0 to 48 of 137]
0.1905232687477998 0.03810465374956204 0.0298210333692199 0.02264189570625949 0.013806033967233428 0.008835861739029532 0.0016567240760691215 0.0011044827173782579 0.0005522413586908637 0.0011044827173782579 0.0016567240760691215 0.0016567240760691215 0.0005522413586908637 0.0 0.0 0.0 0.0 0.0 0.0 0.0 0.0 0.0 0.0 0.0 0.0016567240760691215 0.0027612067934473794 0.0033134481521347736 0.007179137662960411 0.01546275804329908 0.37165843439788265 0.22255326755177968 0.02705982657577599 0.0347912055974238 0.09608999641193272 0.207642750867168 0.46001705178816754 0.8846906566202205 1.4391409807442552 2.8545355830648727 3.6171808994147625 4.458244488698531 4.300855701472088 2.6259076605675107 0.8013022114581394 0.0011044827173782579 0.0005522413586908637 0.0005522413586908637 0.0005522413586908637 0.0
0.012149309891164306 0.011597068532473442 0.0033134481521347736 0.0016567240760691215 0.0016567240760691215 0.0011044827173782579 0.0016567240760691215 0.0016567240760691215 0.0011044827173782579 0.0038656895108256373 0.0016567240760691215 0.0005522413586908637 0.0 0.0 0.0 0.0 0.0 0.0 0.0 0.0 0.0 0.0 0.0 0.0 0.0 0.0 0.0005522413586908637 0.004970172228203895 0.01546275804329908 0.025955343858397734 0.012149309891164306 0.008835861739029532 0.0171194821193682 0.0298210333692199 0.13916482238969866 0.3053894713551698 0.9404670338478381 1.4761411517764353 1.9345014794885373 2.430414219591507 3.2703733261578978 2.592220937687465 0.2567922317905126 0.0022089654347565157 0.0022089654347565157 0.0022089654347565157 0.0 0.0 0.0
0.0033134481521347736 0.0027612067934473794 0.0 0.0 0.0 0.0011044827173782579 0.0022089654347565157 0.0027612067934473794 0.0016567240760691215 0.0022089654347565157 0.0016567240760691215 0.0005522413586908637 0.0 0.0 0.0 0.0 0.0 0.0 0.0 0.0 0.0 0.0 0.0 0.0 0.0 0.0 0.0 0.0 0.0 0.0 0.0033134481521347736 0.006074654945582153 0.047492756847278966 0.04914948092334462 0.37883757206084306 0.7372422138501832 1.735142349001708 2.4591307702433487 0.9741537567278836 0.7411079033610088 0.5163456703744727 0.22862792249736183 0.055776377227617635 0.025955343858397734 0.02540310249970687 0.012149309891164306 0.008835861739029532 0.0005522413586908637 0.0
0.0 0.0 0.0 0.0005522413586908637 0.0 0.0005522413586908637 0.0016567240760691215 0.0016567240760691215 0.0011044827173782579 0.0044179308695130315 0.0027612067934473794 0.0016567240760691215 0.0011044827173782579 0.0011044827173782579 0.0016567240760691215 0.0005522413586908637 0.0 0.0 0.0 0.0 0.0 0.0 0.0 0.0 0.0 0.0 0.0 0.0 0.0 0.0 0.01546275804329908 0.033134481521358145 0.12977671929198173 0.45283791412520713 1.0050792728144853 0.4627782585816149 0.08725413467290666 0.09608999641193272 0.09940344456407096 0.18279188972615198 0.24022499102983527 0.18168740700877373 0.09774672048800184 0.16622464896547118 0.24519516325803917 0.14855292548741558 0.04970172228203548 0.006074654945582153 0.0005522413586908637
0.0005522413586908637 0.0005522413586908637 0.0005522413586908637 0.0 0.0 0.0 0.0005522413586908637 0.0005522413586908637 0.0 0.0 0.0 0.0 0.0 0.0 0.0005522413586908637 0.0 0.0 0.0 0.0 0.0005522413586908637 0.0 0.0 0.0 0.0 0.0 0.0 0.0 0.0 0.0 0.0 0.0038656895108256373 0.020432930271502975 0.09664223777062358 0.08449292787945928 0.08780637603159405 0.03258224016266728 0.03644792967349292 0.04970172228203548 0.09001534146635404 1.9217999282386822 1.0575422018899647 0.2148218885301284 0.26673257624692037 0.3434941251047319 0.3153298158115776 0.525733773472193 0.39540481282152384 0.006626896304273017 0.0005522413586908637
0.0005522413586908637 0.0 0.0 0.0 0.0 0.0 0.0 0.0 0.0 0.0005522413586908637 0.0005522413586908637 0.0 0.0005522413586908637 0.0 0.0 0.0 0.0 0.0 0.0016567240760691215 0.0016567240760691215 0.0005522413586908637 0.0 0.0 0.0 0.0 0.0 0.0 0.0 0.0 0.0 0.0011044827173782579 0.007179137662960411 0.013806033967233428 0.008835861739029532 0.011597068532473442 0.014910516684611685 0.012149309891164306 0.5848235988519455 0.30704619543123896 0.6582716995576187 0.08559741059683754 0.15131413228086296 0.42577808754943114 0.7521527305347948 0.6742866989596086 0.7770035916758143 0.6118834254277179 0.008835861739029532 0.0005522413586908637
0.0 0.0 0.0 0.0 0.0 0.0 0.0 0.0 0.0 0.0005522413586908637 0.01270155124985517 0.024850861141019476 0.0 0.0 0.0 0.0 0.0 0.0 0.0016567240760691215 0.0016567240760691215 0.0005522413586908637 0.0 0.0 0.0 0.0 0.0 0.0 0.0 0.0 0.0 0.0005522413586908637 0.0033134481521347736 0.0044179308695130315 0.0033134481521347736 0.0027612067934473794 0.0022089654347565157 0.0016567240760691215 0.15849326994382337 0.08007499700994625 0.09719447912931445 0.08228396244470276 0.3026282645617224 0.6096744599929614 0.8001977287407612 0.6422567001556287 0.6372865279274248 0.5423010142328704 0.1281199952159126 0.0016567240760691215
0.00994034445640779 0.0033134481521347736 0.0 0.0 0.0 0.0 0.0 0.0 0.0 0.0005522413586908637 0.013253792608542564 0.017671723478055595 0.0 0.0005522413586908637 0.0005522413586908637 0.0005522413586908637 0.0 0.0005522413586908637 0.0011044827173782579 0.0005522413586908637 0.0 0.0 0.0 0.0 0.0 0.0 0.0 0.0 0.0 0.0 0.0 0.0 0.0016567240760691215 0.0016567240760691215 0.0016567240760691215 0.021537412988881233 0.06847792847746934 0.021537412988881233 0.14744844277003732 0.16567240760678378 0.5268382561895713 0.9238997930871607 1.0216465135751627 0.6135401495037871 0.49425601602690394 0.5743310130368467 0.48707687836394353 0.5279427389069495 0.0044179308695130315
0.013253792608542564 0.0033134481521347736 0.0 0.0 0.0 0.0005522413586908637 0.0005522413586908637 0.0 0.0 0.0011044827173782579 0.0011044827173782579 0.0 0.0 0.0011044827173782579 0.0011044827173782579 0.0011044827173782579 0.0005522413586908637 0.0 0.0011044827173782579 0.0 0.0 0.0 0.0 0.0 0.0 0.0 0.0 0.0 0.0 0.0 0.0 0.0 0.0005522413586908637 0.0011044827173782579 0.0011044827173782579 0.021537412988881233 0.1899710273891124 0.04528379141252245 0.16401568353071466 0.20101585456289844 0.5632861858630642 0.952064102380315 1.1221544408566118 0.49259929195083485 0.3567479177132744 0.4379273974405955 0.5809579093411198 0.7217794558068841 0.0033134481521347736
0.007179137662960411 0.0016567240760691215 0.0 0.0005522413586908637 0.0016567240760691215 0.0016567240760691215 0.0011044827173782579 0.0005522413586908637 0.0005522413586908637 0.0005522413586908637 0.0 0.0005522413586908637 0.0005522413586908637 0.0005522413586908637 0.0005522413586908637 0.0005522413586908637 0.0005522413586908637 0.0 0.0005522413586908637 0.0 0.0 0.0 0.0 0.0 0.0 0.0 0.0 0.0 0.0 0.0 0.0 0.0 0.0 0.0005522413586908637 0.0005522413586908637 0.07731379021649887 0.3324492979309458 0.23083688793211835 0.01988068891281558 0.06737344576009108 0.09553775505324533 0.2253144743452236 0.602495322330001 0.2424339564645918 0.11707516804212656 0.09774672048800184 0.22144878483440142 0.3860167097238035 0.0005522413586908637
0.012149309891164306 0.0027612067934473794 0.0005522413586908637 0.0005522413586908637 0.0016567240760691215 0.0044179308695130315 0.0033134481521347736 0.0022089654347565157 0.014910516684611685 0.013806033967233428 0.0 0.0 0.0 0.0 0.0 0.0 0.0 0.0 0.0 0.0 0.0 0.0 0.0 0.0 0.0 0.0 0.0 0.0 0.0 0.0 0.0 0.0 0.0 0.0005522413586908637 0.0011044827173782579 0.07841827293387713 0.36834498624574785 0.7814215225453274 0.315882057170265 0.06461223896664717 0.10437361679227486 0.00994034445640779 0.02705982657577599 0.02374637842363775 0.0171194821193682 0.008835861739029532 0.006626896304273017 0.0022089654347565157 0.0
0.019328447554124717 0.004970172228203895 0.0005522413586908637 0.0016567240760691215 0.0077313790216512746 0.008283620380338669 0.01270155124985517 0.011597068532473442 0.0469405154885881 0.0469405154885881 0.016567240760677338 0.0 0.0 0.0 0.0 0.0 0.0005522413586908637 0.0005522413586908637 0.0 0.0 0.0 0.0 0.0 0.0 0.0 0.0 0.0 0.0 0.0 0.0 0.0 0.0 0.0 0.0 0.0 0.0005522413586908637 0.0005522413586908637 0.8824816911854639 0.3578524004306527 0.004970172228203895 0.0011044827173782579 0.0 0.0005522413586908637 0.005522413586894759 0.006074654945582153 0.004970172228203895 0.006074654945582153 0.0038656895108256373 0.0
0.023194137064950354 0.0038656895108256373 0.0 0.0005522413586908637 0.019328447554124717 0.054119653151548514 0.037552412390871176 0.04638827412990071 0.16180671809595815 0.1905232687477998 0.11044827173785701 0.0033134481521347736 0.0 0.0 0.0 0.0 0.0011044827173782579 0.0027612067934473794 0.0 0.0 0.0 0.0 0.0 0.0 0.0 0.0 0.0 0.0 0.0 0.0 0.0 0.0 0.0 0.0 0.0 0.0 0.0005522413586908637 0.15241861499824122 0.09995568592275836 0.024298619782328612 0.0022089654347565157 0.0016567240760691215 0.006074654945582153 0.033134481521358145 0.023194137064950354 0.009388103097716927 0.0033134481521347736 0.0022089654347565157 0.0005522413586908637
0.00994034445640779 0.0033134481521347736 0.0 0.0 0.008283620380338669 0.011044827173786048 0.008835861739029532 0.01988068891281558 0.07234361798829497 0.1159706853247483 0.10271689271620574 0.0298210333692199 0.0171194821193682 0.019328447554124717 0.0077313790216512746 0.0 0.0011044827173782579 0.0016567240760691215 0.0 0.0 0.0 0.0 0.0 0.0 0.0 0.0 0.0 0.0 0.0 0.0 0.0 0.0 0.0 0.0 0.0 0.0005522413586908637 0.0027612067934473794 0.08338844516208102 0.04528379141252245 0.016014999401989943 0.019328447554124717 0.24022499102983527 1.0619601327594812 0.9349446202609468 0.2374637842363879 0.018776206195437323 0.006626896304273017 0.0033134481521347736 0.006626896304273017
0.0038656895108256373 0.0005522413586908637 0.01988068891281558 0.01822396483674646 0.024850861141019476 0.045836032771209845 0.018776206195437323 0.014358275325920822 0.4821067061357397 0.3534344695611362 0.08946310010766317 0.10216465135751487 0.12425430570508697 0.03700017103218031 0.006074654945582153 0.0 0.0005522413586908637 0.0011044827173782579 0.0 0.0 0.0 0.0 0.0 0.0 0.0 0.0 0.0 0.0 0.0 0.0 0.0 0.0 0.0 0.0 0.0 0.004970172228203895 0.024850861141019476 0.09553775505324533 0.06185103217319979 0.054119653151548514 0.5842713574932545 1.4242304640596435 0.7698244540128505 0.3578524004306527 0.1435827532592117 0.1734037866284316 0.14689620141134646 0.05246292907548286 0.06295551489057805
0.02264189570625949 0.025955343858397734 0.03202999880397989 0.024850861141019476 0.033134481521358145 0.024298619782328612 0.014358275325920822 0.03534344695611466 0.07620930749912061 0.0861496519555284 0.07179137662960758 0.08780637603159405 0.11541844396605744 0.02816430929315425 0.0 0.0 0.0005522413586908637 0.0005522413586908637 0.0 0.0 0.0 0.0 0.0 0.0 0.0 0.0 0.0 0.0 0.0 0.0 0.0 0.0 0.0 0.0011044827173782579 0.007179137662960411 0.01546275804329908 0.04417930869514072 0.07620930749912061 0.08835861739028492 0.20156809592158584 0.7488392823826601 1.4446633943311498 0.5500323932545216 0.12922447793329087 0.04086586054300595 0.0867018933142158 0.11873189211819568 0.06240327353188718 0.05798534266237415
0.020432930271502975 0.07620930749912061 0.07510482478174235 0.06626896304271282 0.02374637842363775 0.0077313790216512746 0.04914948092334462 0.058537584021065014 0.08780637603159405 0.07344810070567323 0.05743310130368676 0.03092551608659816 0.04362706733645333 0.0005522413586908637 0.0005522413586908637 0.0011044827173782579 0.0027612067934473794 0.0022089654347565157 0.0005522413586908637 0.0 0.0 0.0 0.0 0.0 0.0 0.0 0.0 0.0 0.0 0.0 0.0 0.0 0.0 0.008835861739029532 0.016014999401989943 0.03368672288004554 0.06792568711878194 0.06626896304271282 0.11707516804212656 0.22752343977998357 0.3672405035283696 0.8427203133598362 0.5467189451023834 0.11817965075950482 0.02705982657577599 0.16512016624809292 0.20543378543241148 0.058537584021065014 0.04141810190169681
0.054119653151548514 0.07289585934698584 0.0740003420643641 0.08449292787945928 0.04197034326038421 0.019328447554124717 0.07952275565125538 0.05798534266237415 0.09001534146635404 0.07510482478174235 0.033134481521358145 0.0016567240760691215 0.0022089654347565157 0.0005522413586908637 0.0016567240760691215 0.01546275804329908 0.017671723478055595 0.00994034445640779 0.0005522413586908637 0.0 0.014910516684611685 0.014910516684611685 0.0 0.0 0.0 0.0 0.0 0.0 0.0 0.0 0.0 0.007179137662960411 0.030373274727910765 0.03976137782562769 0.020432930271502975 0.038656895108249434 0.06185103217319979 0.04362706733645333 0.09277654825979795 0.1949411996173163 0.33521050472438974 0.4539423968425854 0.3324492979309458 0.03810465374956204 0.07234361798829497 0.21095619901930276 0.19383671689993803 0.04417930869514072 0.02374637842363775
0.0867018933142158 0.027612067934463386 0.045836032771209845 0.06185103217319979 0.0938810309771762 0.0690301698361602 0.051910687716792 0.01988068891281558 0.06019430809713067 0.04970172228203548 0.004970172228203895 0.0 0.0022089654347565157 0.0 0.013253792608542564 0.0298210333692199 0.033134481521358145 0.023194137064950354 0.0005522413586908637 0.0005522413586908637 0.02264189570625949 0.0171194821193682 0.0 0.0 0.0 0.0 0.0 0.0 0.0 0.0 0.0005522413586908637 0.013806033967233428 0.04804499820596636 0.0392091364669403 0.01546275804329908 0.018776206195437323 0.02705982657577599 0.01988068891281558 0.04197034326038421 0.1502096495634847 0.2810908515728412 0.41915119124516165 0.006626896304273017 0.02540310249970687 0.08283620380339016 0.05964206673844327 0.017671723478055595 0.02098517163019384 0.0044179308695130315
0.024298619782328612 0.03092551608659816 0.05743310130368676 0.07179137662960758 0.09443327233586707 0.13419465016149476 0.0 0.0011044827173782579 0.017671723478055595 0.022089654347572096 0.00994034445640779 0.0005522413586908637 0.0027612067934473794 0.0005522413586908637 0.02264189570625949 0.024850861141019476 0.02264189570625949 0.02374637842363775 0.0 0.0005522413586908637 0.0 0.0 0.0011044827173782579 0.0011044827173782579 0.0 0.0 0.0 0.0 0.0 0.0 0.0016567240760691215 0.0016567240760691215 0.0033134481521347736 0.0022089654347565157 0.0011044827173782579 0.004970172228203895 0.0077313790216512746 0.02264189570625949 0.033134481521358145 0.01546275804329908 0.11376171988999179 0.24629964597541742 0.007179137662960411 0.03092551608659816 0.016014999401989943 0.0077313790216512746 0.016567240760677338 0.02816430929315425 0.0016567240760691215
0.0005522413586908637 0.0077313790216512746 0.026507585217085128 0.07068689391222932 0.09608999641193272 0.06350775624926544 0.0 0.004970172228203895 0.0347912055974238 0.02816430929315425 0.0077313790216512746 0.0005522413586908637 0.007179137662960411 0.0005522413586908637 0.0005522413586908637 0.0011044827173782579 0.0011044827173782579 0.0005522413586908637 0.0005522413586908637 0.0 0.0 0.0 0.0016567240760691215 0.0044179308695130315 0.0 0.0 0.0 0.0 0.0 0.0 0.0005522413586908637 0.0005522413586908637 0.005522413586894759 0.016014999401989943 0.0171194821193682 0.01822396483674646 0.02540310249970687 0.10161240999882748 0.09940344456407096 0.048597239564657224 0.0005522413586908637 0.0 0.0 0.0 0.0011044827173782579 0.008835861739029532 0.019328447554124717 0.018776206195437323 0.0011044827173782579
0.0016567240760691215 0.0044179308695130315 0.0016567240760691215 0.0011044827173782579 0.019328447554124717 0.04638827412990071 0.0 0.037552412390871176 0.058537584021065014 0.033134481521358145 0.0005522413586908637 0.0 0.0 0.0 0.0 0.06461223896664717 0.0861496519555284 0.0 0.0 0.0 0.0 0.0 0.0005522413586908637 0.0 0.0 0.0 0.0 0.0 0.0005522413586908637 0.0005522413586908637 0.0 0.0005522413586908637 0.0011044827173782579 0.0022089654347565157 0.010492585815095185 0.05080620499941374 0.1750605107045007 0.11762740940081742 0.08504516923815014 0.03700017103218031 0.0005522413586908637 0.0 0.0 0.0016567240760691215 0.0016567240760691215 0.006626896304273017 0.00994034445640779 0.0038656895108256373 0.0
