static/data/precipitation/2023/7/21/12.asc
ncols 137
nrows 93
xllcorner 108.0
yllcorner 17.0
cellsize 0.25
NODATA_value -32767
[rows 44 to 65 of 93, columns 50 to 99 of 137]
0.31312085037682114 0.315882057170265 0.18720982059566502 0.09056758282504143 0.02374637842363775 0.004970172228203895 0.0016567240760691215 0.011044827173786048 0.029268792010532507 0.022089654347572096 0.00994034445640779 0.01270155124985517 0.1551798217916886 0.0027612067934473794 0.0016567240760691215 0.0 0.0005522413586908637 0.0005522413586908637 0.0 0.0 0.0 0.0 0.0 0.0 0.0 0.0 0.0 0.0 0.0 0.0 0.0 0.0 0.0 0.0 0.0016567240760691215 0.0011044827173782579 0.0005522413586908637 0.0005522413586908637 0.0005522413586908637 0.0038656895108256373 0.0038656895108256373 0.0016567240760691215 0.0011044827173782579 0.0011044827173782579 0.0016567240760691215 0.0016567240760691215 0.0005522413586908637 0.0 0.0005522413586908637 0.0
0.47713653390753574 0.38877791651725085 0.22862792249736183 0.07179137662960758 0.01822396483674646 0.0016567240760691215 0.02540310249970687 0.04417930869514072 0.0392091364669403 0.009388103097716927 0.0038656895108256373 0.28771774787711424 0.7770035916758143 0.006074654945582153 0.0016567240760691215 0.0 0.0 0.0 0.0 0.0 0.0 0.0 0.0 0.0 0.0 0.0 0.0 0.0 0.0 0.0 0.0 0.0 0.0 0.0 0.0 0.0 0.0 0.0 0.0 0.0 0.0005522413586908637 0.0011044827173782579 0.0016567240760691215 0.0011044827173782579 0.0005522413586908637 0.0011044827173782579 0.0011044827173782579 0.0005522413586908637 0.0 0.0005522413586908637
0.3125686090181302 0.2634191280947856 0.15738878722644511 0.03534344695611466 0.012149309891164306 0.0695824111948476 0.103821375433584 0.16677689032416204 0.155732063150376 0.10713482358571877 0.1551798217916886 0.23138912929080574 0.16401568353071466 0.0011044827173782579 0.0 0.0 0.0 0.0 0.0 0.0 0.0 0.0 0.0 0.0 0.0 0.0 0.0 0.0 0.0 0.0 0.0 0.0 0.0 0.0 0.0 0.0 0.0 0.0 0.0 0.0 0.0 0.0 0.0 0.0 0.0011044827173782579 0.07289585934698584 0.07344810070567323 0.0022089654347565157 0.0 0.0016567240760691215
0.24795637005148655 0.18389637244353024 0.103821375433584 0.07510482478174235 0.03147775744528902 0.29600136825745293 0.5804056679824289 0.800749970099452 0.9846463425429823 0.8272575553165372 1.2287370230836396 0.9487506542281767 0.04473155005383159 0.0 0.0 0.0 0.0 0.0 0.0 0.0 0.0 0.0 0.0 0.0 0.0 0.0 0.0 0.0 0.0 0.0 0.0 0.0 0.0 0.0 0.0 0.0 0.0 0.0 0.0 0.0 0.0005522413586908637 0.0016567240760691215 0.0022089654347565157 0.0011044827173782579 0.0011044827173782579 0.11431396124867918 0.1971501650520728 0.17229930391105333 0.0011044827173782579 0.07676154885781147
0.23249361200818747 0.29268792010531813 0.28495654108366686 0.09608999641193272 0.02264189570625949 0.10658258222703137 0.12922447793329087 0.26562809352954214 1.1657815081930651 1.7312766594908824 0.9912732388472518 0.23912050831245701 0.012149309891164306 0.0 0.0 0.0 0.0 0.0 0.0 0.0 0.0 0.0 0.0 0.0 0.0 0.0 0.0 0.0 0.0 0.0 0.0 0.0 0.0 0.0 0.0 0.0 0.0 0.0 0.0 0.0011044827173782579 0.008283620380338669 0.025955343858397734 0.038656895108249434 0.0347912055974238 0.028716550651841644 0.04970172228203548 0.045836032771209845 0.020432930271502975 0.014358275325920822 0.0171194821193682
0.2700460243990552 0.1800306829327046 0.10989603037916615 0.026507585217085128 0.006074654945582153 0.019328447554124717 0.09553775505324533 0.3026282645617224 0.8073768664037216 1.076318408085402 0.2418817151059044 0.02705982657577599 0.006626896304273017 0.0 0.0 0.0 0.0 0.0 0.0 0.0 0.0 0.0 0.0 0.0 0.0 0.0 0.0 0.0 0.0 0.0 0.0 0.0 0.0 0.0 0.0 0.0 0.0 0.0 0.0 0.0 0.0022089654347565157 0.0038656895108256373 0.011044827173786048 0.009388103097716927 0.008283620380338669 0.005522413586894759 0.005522413586894759 0.005522413586894759 0.0038656895108256373 0.004970172228203895
0.21813533668226318 0.11983637483557394 0.0044179308695130315 0.0016567240760691215 0.0 0.016014999401989943 0.06847792847746934 0.2545832663557561 0.22089654347571056 0.1921799928238689 0.03147775744528902 0.013253792608542564 0.0 0.0 0.0 0.0 0.0 0.0 0.0 0.0 0.0 0.0 0.0 0.0 0.0 0.0 0.0 0.0 0.0 0.0 0.0 0.0 0.0 0.0 0.0 0.0 0.0 0.0 0.0 0.0 0.0 0.0 0.0 0.0 0.0 0.0 0.0 0.0 0.0 0.0
0.11376171988999179 0.016014999401989943 0.0016567240760691215 0.0011044827173782579 0.0 0.011597068532473442 0.04804499820596636 0.04417930869514072 0.012149309891164306 0.010492585815095185 0.006074654945582153 0.0 0.0 0.0 0.0 0.0 0.0 0.0 0.0 0.0 0.0 0.0 0.0 0.0 0.0 0.0 0.0 0.0 0.0 0.0 0.0 0.0 0.0 0.0 0.0 0.0 0.0 0.0 0.0 0.0 0.0 0.0 0.0 0.0 0.0 0.0 0.0 0.0 0.0 0.0
0.017671723478055595 0.027612067934463386 0.013253792608542564 0.0022089654347565157 0.0011044827173782579 0.007179137662960411 0.005522413586894759 0.0016567240760691215 0.0016567240760691215 0.0005522413586908637 0.0 0.0 0.0 0.0 0.0 0.0 0.0 0.0 0.0 0.0 0.0 0.0 0.0 0.0 0.0 0.0 0.0 0.0 0.0 0.0 0.0 0.0 0.0 0.0 0.0 0.0 0.0 0.0 0.0 0.0 0.0 0.0 0.0 0.0 0.0 0.0 0.0 0.0 0.0 0.0
0.0022089654347565157 0.016567240760677338 0.03202999880397989 0.014910516684611685 0.0038656895108256373 0.0011044827173782579 0.0 0.0 0.0 0.0 0.0 0.0 0.0 0.0 0.0 0.0 0.0 0.0 0.0 0.0 0.0 0.0 0.0 0.0 0.0 0.0 0.0 0.0 0.0 0.0 0.0 0.0 0.0 0.0038656895108256373 0.006074654945582153 0.007179137662960411 0.007179137662960411 0.006626896304273017 0.0 0.0 0.0 0.0 0.0 0.0 0.0 0.0 0.0 0.0 0.0 0.0
0.0016567240760691215 0.0038656895108256373 0.016014999401989943 0.03147775744528902 0.006626896304273017 0.0005522413586908637 0.0 0.0 0.0 0.0 0.0 0.0 0.0 0.0 0.0 0.0 0.0 0.0 0.0 0.0 0.0 0.0 0.0 0.0 0.0 0.0 0.0 0.0 0.0 0.0 0.0005522413586908637 0.0005522413586908637 0.0027612067934473794 0.007179137662960411 0.02264189570625949 0.026507585217085128 0.024298619782328612 0.01546275804329908 0.006074654945582153 0.0 0.0 0.0 0.0 0.0 0.0 0.0 0.0 0.0 0.0 0.0
0.0 0.0022089654347565157 0.018776206195437323 0.045836032771209845 0.0016567240760691215 0.0005522413586908637 0.0 0.0 0.0 0.0 0.0 0.0 0.0 0.0 0.0 0.0 0.0 0.0 0.0 0.0 0.0 0.0 0.0 0.0 0.0 0.0 0.0005522413586908637 0.0011044827173782579 0.0016567240760691215 0.0027612067934473794 0.0027612067934473794 0.008283620380338669 0.01270155124985517 0.0171194821193682 0.0342389642387364 0.03534344695611466 0.01988068891281558 0.00994034445640779 0.006626896304273017 0.0022089654347565157 0.0005522413586908637 0.0005522413586908637 0.0005522413586908637 0.0 0.0 0.0 0.0 0.0 0.0 0.0
0.0 0.006074654945582153 0.012149309891164306 0.010492585815095185 0.0 0.0 0.0 0.0 0.0 0.0 0.0 0.0 0.0 0.0 0.0 0.0 0.0 0.0 0.0 0.0 0.0 0.0 0.0 0.0 0.0 0.0 0.0022089654347565157 0.007179137662960411 0.009388103097716927 0.012149309891164306 0.020432930271502975 0.03368672288004554 0.04086586054300595 0.035895688314802054 0.03644792967349292 0.01546275804329908 0.00994034445640779 0.011044827173786048 0.012149309891164306 0.010492585815095185 0.006626896304273017 0.004970172228203895 0.0022089654347565157 0.0011044827173782579 0.0016567240760691215 0.0016567240760691215 0.0011044827173782579 0.0 0.0 0.0022089654347565157
0.0016567240760691215 0.0016567240760691215 0.0016567240760691215 0.0016567240760691215 0.0 0.0 0.0 0.0 0.0 0.0 0.0 0.0 0.0 0.0 0.0 0.0 0.0 0.0 0.0 0.0 0.0 0.0 0.0 0.0 0.0 0.0044179308695130315 0.009388103097716927 0.014358275325920822 0.017671723478055595 0.03368672288004554 0.08449292787945928 0.07786603157518973 0.03810465374956204 0.027612067934463386 0.022089654347572096 0.02374637842363775 0.03368672288004554 0.04141810190169681 0.035895688314802054 0.014910516684611685 0.0044179308695130315 0.0022089654347565157 0.0016567240760691215 0.0011044827173782579 0.0016567240760691215 0.0016567240760691215 0.005522413586894759 0.00994034445640779 0.014910516684611685 0.01822396483674646
0.0016567240760691215 0.0011044827173782579 0.0005522413586908637 0.0016567240760691215 0.0 0.0 0.0 0.0 0.0 0.0 0.0 0.0 0.0 0.0 0.0 0.0 0.0 0.0 0.0 0.0 0.0 0.0 0.0 0.0005522413586908637 0.005522413586894759 0.010492585815095185 0.019328447554124717 0.02816430929315425 0.05743310130368676 0.07731379021649887 0.07565706614042975 0.058537584021065014 0.0392091364669403 0.040313619184318555 0.0298210333692199 0.0392091364669403 0.020432930271502975 0.020432930271502975 0.016014999401989943 0.0077313790216512746 0.006626896304273017 0.008283620380338669 0.006074654945582153 0.0044179308695130315 0.004970172228203895 0.013806033967233428 0.024298619782328612 0.09608999641193272 0.1380603396723204 0.12314982298770871
0.0005522413586908637 0.0005522413586908637 0.0005522413586908637 0.009388103097716927 0.0 0.0 0.0 0.0 0.0 0.0 0.0 0.0 0.0 0.0 0.0 0.0 0.0 0.0022089654347565157 0.005522413586894759 0.004970172228203895 0.0016567240760691215 0.0 0.0 0.0033134481521347736 0.007179137662960411 0.01546275804329908 0.025955343858397734 0.021537412988881233 0.03534344695611466 0.04252258461907507 0.038656895108249434 0.022089654347572096 0.024850861141019476 0.024850861141019476 0.016567240760677338 0.01546275804329908 0.0077313790216512746 0.008835861739029532 0.005522413586894759 0.007179137662960411 0.0077313790216512746 0.012149309891164306 0.028716550651841644 0.03810465374956204 0.08504516923815014 0.10050792728144922 0.04362706733645333 0.07179137662960758 0.09001534146635404 0.0695824111948476
0.0005522413586908637 0.0005522413586908637 0.008283620380338669 0.01822396483674646 0.0005522413586908637 0.0 0.0 0.0 0.0 0.0 0.0005522413586908637 0.0 0.0 0.0 0.0038656895108256373 0.006074654945582153 0.010492585815095185 0.0077313790216512746 0.009388103097716927 0.004970172228203895 0.0016567240760691215 0.0016567240760691215 0.0005522413586908637 0.004970172228203895 0.006626896304273017 0.01546275804329908 0.0171194821193682 0.01270155124985517 0.01270155124985517 0.011044827173786048 0.008283620380338669 0.008283620380338669 0.011044827173786048 0.008835861739029532 0.004970172228203895 0.0022089654347565157 0.004970172228203895 0.005522413586894759 0.006074654945582153 0.006626896304273017 0.009388103097716927 0.02264189570625949 0.07013465255353846 0.04141810190169681 0.07841827293387713 0.08835861739028492 0.04362706733645333 0.053015170434170256 0.026507585217085128 0.006626896304273017
0.0005522413586908637 0.004970172228203895 0.012149309891164306 0.2126129230953719 0.0038656895108256373 0.0016567240760691215 0.0 0.0 0.0005522413586908637 0.0 0.0005522413586908637 0.0 0.0 0.0011044827173782579 0.004970172228203895 0.009388103097716927 0.016567240760677338 0.011597068532473442 0.009388103097716927 0.004970172228203895 0.0016567240760691215 0.0016567240760691215 0.0022089654347565157 0.008283620380338669 0.008835861739029532 0.011044827173786048 0.013253792608542564 0.009388103097716927 0.011597068532473442 0.008283620380338669 0.004970172228203895 0.004970172228203895 0.004970172228203895 0.0022089654347565157 0.0033134481521347736 0.0033134481521347736 0.006074654945582153 0.004970172228203895 0.004970172228203895 0.00994034445640779 0.019328447554124717 0.10106016864013662 0.08007499700994625 0.051910687716792 0.021537412988881233 0.027612067934463386 0.025955343858397734 0.0392091364669403 0.014358275325920822 0.0077313790216512746
0.008283620380338669 0.01270155124985517 0.06350775624926544 0.4318527424950133 0.005522413586894759 0.008835861739029532 0.0077313790216512746 0.008835861739029532 0.00994034445640779 0.0022089654347565157 0.0044179308695130315 0.0022089654347565157 0.0005522413586908637 0.0016567240760691215 0.006074654945582153 0.008835861739029532 0.012149309891164306 0.010492585815095185 0.008835861739029532 0.004970172228203895 0.0016567240760691215 0.0022089654347565157 0.0044179308695130315 0.009388103097716927 0.009388103097716927 0.011044827173786048 0.013806033967233428 0.009388103097716927 0.014910516684611685 0.0077313790216512746 0.004970172228203895 0.0027612067934473794 0.0022089654347565157 0.0027612067934473794 0.005522413586894759 0.006626896304273017 0.005522413586894759 0.0044179308695130315 0.004970172228203895 0.011044827173786048 0.03976137782562769 0.21813533668226318 0.10050792728144922 0.053015170434170256 0.03092551608659816 0.02098517163019384 0.02098517163019384 0.03092551608659816 0.016567240760677338 0.00994034445640779
0.07455258342305149 0.08559741059683754 0.12756775385722174 0.11983637483557394 0.0016567240760691215 0.01988068891281558 0.008283620380338669 0.012149309891164306 0.019328447554124717 0.004970172228203895 0.013253792608542564 0.0027612067934473794 0.0011044827173782579 0.0016567240760691215 0.006074654945582153 0.014358275325920822 0.010492585815095185 0.00994034445640779 0.008835861739029532 0.004970172228203895 0.0038656895108256373 0.004970172228203895 0.004970172228203895 0.008283620380338669 0.008283620380338669 0.0077313790216512746 0.009388103097716927 0.013806033967233428 0.01546275804329908 0.011044827173786048 0.00994034445640779 0.007179137662960411 0.0033134481521347736 0.0044179308695130315 0.006626896304273017 0.008835861739029532 0.004970172228203895 0.0033134481521347736 0.004970172228203895 0.008835861739029532 0.048597239564657224 0.15186637363955036 0.09056758282504143 0.05467189451023938 0.05908982537975241 0.043074825977762465 0.03700017103218031 0.024850861141019476 0.01546275804329908 0.016567240760677338
0.16843361440023116 0.23415033608425312 0.2838520583662886 0.0911198241837323 0.0016567240760691215 0.01546275804329908 0.004970172228203895 0.0342389642387364 0.051358446358104604 0.011044827173786048 0.011597068532473442 0.0027612067934473794 0.0033134481521347736 0.004970172228203895 0.006074654945582153 0.0077313790216512746 0.012149309891164306 0.004970172228203895 0.009388103097716927 0.011597068532473442 0.011597068532473442 0.014358275325920822 0.01546275804329908 0.01270155124985517 0.008835861739029532 0.009388103097716927 0.011597068532473442 0.012149309891164306 0.017671723478055595 0.02264189570625949 0.020432930271502975 0.01546275804329908 0.00994034445640779 0.0077313790216512746 0.0038656895108256373 0.0027612067934473794 0.0027612067934473794 0.0016567240760691215 0.0022089654347565157 0.0044179308695130315 0.005522413586894759 0.008835861739029532 0.008835861739029532 0.011044827173786048 0.013806033967233428 0.01546275804329908 0.016014999401989943 0.012149309891164306 0.01270155124985517 0.013253792608542564
0.5290472216243278 0.4721663616793319 0.33631498744177146 0.5632861858630642 0.0027612067934473794 0.0005522413586908637 0.16567240760678378 0.1330901674441165 0.014358275325920822 0.006074654945582153 0.0038656895108256373 0.0027612067934473794 0.004970172228203895 0.0033134481521347736 0.004970172228203895 0.011044827173786048 0.0027612067934473794 0.0022089654347565157 0.008283620380338669 0.013253792608542564 0.014910516684611685 0.01546275804329908 0.02374637842363775 0.02374637842363775 0.024850861141019476 0.019328447554124717 0.014358275325920822 0.018776206195437323 0.02098517163019384 0.014910516684611685 0.02098517163019384 0.019328447554124717 0.00994034445640779 0.0038656895108256373 0.0038656895108256373 0.007179137662960411 0.00994034445640779 0.011597068532473442 0.011597068532473442 0.012149309891164306 0.014358275325920822 0.013253792608542564 0.017671723478055595 0.016014999401989943 0.013253792608542564 0.01546275804329908 0.0171194821193682 0.0077313790216512746 0.0022089654347565157 0.0005522413586908637
