static/data/precipitation/2023/7/21/6.asc
ncols 137
nrows 93
xllcorner 108.0
yllcorner 17.0
cellsize 0.25
NODATA_value -32767
[rows 21 to 41 of 93, columns 47 to 93 of 137]
0.010492585815095185 0.008835861739029532 0.01546275804329908 0.016567240760677338 0.01546275804329908 0.024850861141019476 0.2915834373879399 1.0420794438466656 1.4026930510707623 1.6743957995458865 0.35453895227851445 0.5815101506998072 0.89352651835925 0.5213158426026765 0.8217351417296425 0.8852428979789113 0.6803613539051907 1.0978558210742833 0.17561275206319157 0.01546275804329908 0.0 0.0 0.0 0.0 0.0 0.0 0.0 0.0 0.0 0.0 0.0 0.0 0.0 0.0 0.0 0.0 0.0 0.0 0.0 0.0 0.0 0.0 0.0 0.0 0.0 0.0 0.0
0.13640361559625128 0.051358446358104604 0.07676154885781147 0.037552412390871176 0.01270155124985517 0.006626896304273017 0.010492585815095185 0.4406886042340429 0.7775558330345017 1.4049020165055186 0.4003749850497243 0.15959775266120163 0.291031196029249 0.4136287776582669 0.7355854897741175 0.7383466965675649 0.6201670458080566 0.6770479057530525 0.1728515452697442 0.03147775744528902 0.0 0.0 0.0 0.0 0.0 0.0 0.0 0.0 0.0 0.0 0.0 0.0 0.0 0.0 0.0 0.0 0.0 0.0 0.0 0.0 0.0 0.0 0.0 0.0 0.0 0.0 0.0
0.14247827054183343 0.23580706016032224 0.28329981700759777 0.10437361679227486 0.023194137064950354 0.004970172228203895 0.00994034445640779 0.013806033967233428 0.162358959454649 0.5958684260257314 0.16180671809595815 0.3639270553762348 0.902914621456967 0.9620044468367194 0.8250485898817806 0.6428089415143196 1.3027373651480039 0.8217351417296425 0.1551798217916886 0.03368672288004554 0.0 0.0 0.0 0.0 0.0 0.0 0.0 0.0 0.0 0.0 0.0 0.0 0.0 0.0 0.0 0.0 0.0 0.0 0.0 0.0 0.0 0.0 0.0 0.0 0.0 0.0044179308695130315 0.012149309891164306
0.11265723717261353 0.21923981939964143 0.24795637005148655 0.0861496519555284 0.033134481521358145 0.004970172228203895 0.06019430809713067 0.011597068532473442 0.13419465016149476 0.15959775266120163 0.045836032771209845 0.2855087824423577 0.9879597906951171 1.1497665087910751 1.1574978878127231 0.6660030785792664 1.234811678029222 1.0713482358571982 0.2253144743452236 0.028716550651841644 0.010492585815095185 0.00994034445640779 0.006626896304273017 0.0027612067934473794 0.0 0.0 0.0 0.0 0.0 0.0 0.0027612067934473794 0.0027612067934473794 0.0016567240760691215 0.0 0.0 0.0 0.0 0.0 0.0 0.0 0.0 0.0 0.0016567240760691215 0.03368672288004554 0.026507585217085128 0.0 0.04197034326038421
0.0005522413586908637 0.06461223896664717 0.09001534146635404 0.06792568711878194 0.014358275325920822 0.007179137662960411 0.08007499700994625 0.0171194821193682 0.012149309891164306 0.035895688314802054 0.005522413586894759 0.05356741179286112 0.7609885922738244 1.4231259813422652 1.568365458677546 1.143691853845493 0.9647656536301668 0.800749970099452 0.2739117139098808 0.035895688314802054 0.025955343858397734 0.6770479057530525 0.6742866989596086 0.07786603157518973 0.0 0.0 0.10603034086834051 0.10603034086834051 0.0 0.0 0.0033134481521347736 0.0077313790216512746 0.005522413586894759 0.0 0.0 0.0 0.0 0.0 0.0 0.0 0.0 0.013253792608542564 0.024298619782328612 0.05798534266237415 0.02816430929315425 0.0016567240760691215 0.0
0.011044827173786048 0.008835861739029532 0.06792568711878194 0.054119653151548514 0.01822396483674646 0.016567240760677338 0.03147775744528902 0.01270155124985517 0.0033134481521347736 0.004970172228203895 0.0016567240760691215 0.0016567240760691215 0.3291358497788076 0.9923777215646301 1.8096949324247595 1.9676359610098921 1.697589936610837 1.1481097847150061 0.5588682549935476 0.05356741179286112 0.054119653151548514 1.0459451333574912 1.1022737519437962 0.26894154168167694 0.02374637842363775 0.08835861739028492 0.2264189570626053 0.24629964597541742 0.06737344576009108 0.02816430929315425 0.0 0.0044179308695130315 0.007179137662960411 0.0 0.0 0.0 0.0 0.0005522413586908637 0.0011044827173782579 0.0011044827173782579 0.01546275804329908 0.028716550651841644 0.0392091364669403 0.03147775744528902 0.007179137662960411 0.0027612067934473794 0.0
0.028716550651841644 0.025955343858397734 0.10161240999882748 0.11320947853130092 0.07786603157518973 0.027612067934463386 0.004970172228203895 0.0011044827173782579 0.0005522413586908637 0.0005522413586908637 0.0016567240760691215 0.0005522413586908637 0.008835861739029532 0.4666439480924406 1.678261489056712 2.285726983614917 1.9013669979671792 1.4717232209069224 1.0150196172708896 0.24022499102983527 0.21316516445406275 0.32029998803978155 0.40368843320186254 0.26783705896429866 0.06185103217319979 0.23801602559507876 0.5113754981462721 0.5356741179285973 0.27059826575774604 0.0298210333692199 0.0016567240760691215 0.0 0.0 0.0005522413586908637 0.0 0.0 0.0 0.0005522413586908637 0.0022089654347565157 0.08559741059683754 0.08283620380339016 0.03976137782562769 0.0033134481521347736 0.0011044827173782579 0.0033134481521347736 0.0033134481521347736 0.0
0.04638827412990071 0.01546275804329908 0.02816430929315425 0.0811794797273245 0.11762740940081742 0.054119653151548514 0.04362706733645333 0.0005522413586908637 0.0 0.0 0.0005522413586908637 0.0005522413586908637 0.005522413586894759 0.24298619782328265 0.8648099677074084 2.181905608181333 2.30615991388642 2.5154593888296555 2.170860781007547 0.9846463425429823 0.28771774787711424 0.10713482358571877 0.1281199952159126 0.12480654706377783 0.0988512032053801 0.3534344695611362 0.6770479057530525 0.9625566881954102 0.8957354837940066 0.1800306829327046 0.008835861739029532 0.004970172228203895 0.0 0.0 0.0 0.033134481521358145 0.03700017103218031 0.0 0.0 0.005522413586894759 0.10879154766178789 0.17892620021532635 0.019328447554124717 0.0027612067934473794 0.009388103097716927 0.0171194821193682 0.008835861739029532
0.10106016864013662 0.15297085635692861 0.14689620141134646 0.1905232687477998 0.3379717115178371 0.4887336024400092 0.055776377227617635 0.0016567240760691215 0.0005522413586908637 0.0005522413586908637 0.0005522413586908637 0.0005522413586908637 0.004970172228203895 0.08062723836863364 0.4451065351035559 1.807485966990003 2.4801159418735423 3.230059706973581 3.1499847099636344 1.5805147685687102 0.7140480767852363 0.3893301578759417 0.6444656655903852 0.9758104808039527 0.1750605107045007 0.08725413467290666 0.2573444731492035 0.8051679009689651 1.5821714926447794 1.2375728848226693 0.42633032890812206 0.040313619184318555 0.0 0.0 0.0 0.0982989618466927 0.12535878842246523 0.028716550651841644 0.0016567240760691215 0.0005522413586908637 0.011597068532473442 0.08338844516208102 0.2844042997249795 0.06350775624926544 0.17064257983498768 0.21647861260619752 0.10161240999882748
0.11983637483557394 0.1750605107045007 0.15186637363955036 0.24519516325803917 0.46830067216850624 0.7284063521111571 0.06792568711878194 0.006626896304273017 0.0016567240760691215 0.0011044827173782579 0.0011044827173782579 0.0011044827173782579 0.0027612067934473794 0.023194137064950354 0.3335537806483241 0.945437206076042 2.815878687956623 3.5017624554487035 3.252149361321151 2.1669950914967213 0.8239441071644025 1.365692880038582 1.3054985719414511 0.2838520583662886 0.1750605107045007 0.08394068652077188 0.30318050592041335 0.6726299748835395 0.6875404915681511 1.0719004772158855 0.6737344576009177 0.3136730917355085 0.10271689271620574 0.43350946657108247 0.038656895108249434 0.03147775744528902 0.03258224016266728 0.0016567240760691215 0.019328447554124717 0.0982989618466927 0.11652292668343917 0.10713482358571877 0.13253792608542564 0.266180334888233 0.17837395885663548 0.1905232687477998 0.28329981700759777
0.6267939421123296 0.22420999162784533 1.0321390993902577 1.3005283997132473 1.2127220236816534 0.7631975577085809 0.42080791532123074 0.04141810190169681 0.006626896304273017 0.0016567240760691215 0.0011044827173782579 0.0011044827173782579 0.0016567240760691215 0.016567240760677338 0.10879154766178789 0.5798534266237415 2.0582035438349333 2.9616704066505912 2.8793864442058883 2.104591817964834 1.2977671929198 1.0188853067817152 0.6328685970579118 0.1551798217916886 0.09774672048800184 0.07952275565125538 0.17064257983498768 0.16512016624809292 0.20432930271503322 0.4047929159192408 0.471614120320641 0.2253144743452236 0.31422533309419937 0.8051679009689651 0.5853758402106328 0.706316697763585 0.6726299748835395 0.048597239564657224 0.08007499700994625 0.11707516804212656 0.11044827173785701 0.09774672048800184 0.07952275565125538 0.1457917186939682 0.19383671689993803 0.24629964597541742 0.23028464657342748
6.13871494319 2.9528345449115636 2.986521267791609 0.889108587489737 0.5036441191246209 0.5135844635810287 0.3628225726588566 0.207642750867168 0.07455258342305149 0.0022089654347565157 0.0011044827173782579 0.0011044827173782579 0.0016567240760691215 0.01546275804329908 0.11376171988999179 0.4147332603756486 1.5070666678630371 2.337085429973018 2.244861123071911 1.5170070123194448 1.290035813898152 1.0420794438466656 0.6444656655903852 0.36834498624574785 0.3567479177132744 0.31312085037682114 0.17174706255236594 0.14468723597658995 0.17450826934581332 0.5135844635810287 0.5743310130368467 0.8206306590122642 1.0382137543358398 0.3931958473867639 0.8559741059683789 0.7753468675997452 0.7488392823826601 0.6533015273294147 0.3722106757565735 0.3550911936372053 0.3087029195073046 0.11983637483557394 0.1551798217916886 0.17837395885663548 0.3506732627676923 0.4031361918431717 0.10271689271620574
4.107018984572152 2.227741640952543 2.019546648726684 0.2048815440737206 0.21095619901930276 0.2490608527688648 0.23525481880163138 0.31091188494206456 0.17726947613925723 0.0027612067934473794 0.0011044827173782579 0.0011044827173782579 0.0027612067934473794 0.0171194821193682 0.12480654706377783 0.4313005011363259 1.5175592536781322 2.0090540629115887 1.9124118251409652 1.3701108109080948 1.3060508133001387 1.1746173699320912 1.2381251261813602 0.9967956524341431 0.8244963485230898 0.9553775505324498 0.8311232448273629 0.6626896304271317 0.5544503241240346 0.6897494570029077 0.575435495754225 0.8222873830883333 0.8510039337401749 0.24574740461673003 0.566599634015199 0.747182558306591 0.7201227317308184 0.7886006602082878 1.044840650640113 0.8338844516208067 0.3650315380936131 0.1750605107045007 0.16125447673727075 0.18610533787828676 0.34735981461555404 0.3550911936372053 0.09608999641193272
0.2148218885301284 0.23912050831245701 0.18665757923697415 0.14910516684610645 0.1551798217916886 0.21316516445406275 0.2540310249970687 0.32637464298536367 0.1800306829327046 0.005522413586894759 0.0016567240760691215 0.0077313790216512746 0.009388103097716927 0.13585137423756388 0.2567922317905126 1.0293778925968105 2.0907857839976005 2.583385075948437 2.0350094067699867 1.594873043894631 1.5661564932427894 1.7268587286213695 1.7909187262293256 1.7091870051433102 1.3910959825382887 1.5805147685687102 1.5882461475903615 1.4198125331901303 1.184557714388499 0.8184216935775077 0.6731822162422303 0.5643906685804424 0.5759877371129158 0.4887336024400092 0.3998227436910369 0.6278984248297079 0.5809579093411198 0.509718774070203 1.2944537447676652 1.0111539277600674 0.5400920487981138 0.1949411996173163 0.1480006841287282 0.20377706135634235 0.3053894713551698 0.3125686090181302 0.1977024064107602
0.1728515452697442 0.3236134361919163 0.3075984367899264 0.29765809233352203 0.16567240760678378 0.2247622329865362 0.25513550771444693 0.38159877885429044 0.22586671570391445 0.007179137662960411 0.0011044827173782579 0.012149309891164306 0.04197034326038421 0.16898585575891856 1.786500795359809 3.4145083207757985 4.285392943428787 2.6358480050239184 1.9670837196512045 2.114532162421242 2.3901006004071883 2.4906085276886376 2.0493676820959075 2.0189944073679964 1.6429180421005976 1.594873043894631 1.5827237340034668 1.5186637363955104 1.4927083925371163 0.9443327233586638 0.8764070362398818 0.7631975577085809 0.7289585934698445 0.6533015273294147 0.5826146334171889 0.46056929314685846 0.3998227436910369 0.3578524004306527 0.8316754861860503 0.7096301459157197 0.7317198002632919 0.35122550412637965 0.13253792608542564 0.21592637124750666 0.3009715404856568 0.3075984367899264 0.21206068173668102
0.11320947853130092 0.162358959454649 0.5969729087431097 0.5008829123311735 0.28495654108366686 0.2374637842363879 0.2496130941275522 0.32747912570274196 0.1899710273891124 0.0038656895108256373 0.0011044827173782579 0.008283620380338669 0.06682120440140368 1.0564377191725864 3.5045236622421507 6.515895791174778 4.730499478532344 3.0157900598021397 2.4342799091023326 2.9174910979554487 3.2212238452345514 2.7335947255119204 2.142696471714393 1.5871416648729832 1.234811678029222 1.006735996890551 0.8405113479250798 0.7874961774909095 0.6671075612966482 0.6008385982539319 0.6102267013516522 0.6632418717858225 0.6737344576009177 0.5809579093411198 0.4589125690707893 0.322508953474538 0.25513550771444693 0.18113516565008286 0.20156809592158584 0.1507618909221721 0.39209136466938566 0.534569635211219 0.0033134481521347736 0.06571672168402543 0.07123913527091671 0.07510482478174235 0.07344810070567323
0.06626896304271282 0.12370206434639958 0.2374637842363879 0.3462553318981758 0.39595705418021127 0.32747912570274196 0.29600136825745293 0.09001534146635404 0.0005522413586908637 0.0005522413586908637 0.0011044827173782579 0.019328447554124717 0.30207602320303506 1.173512887214713 2.68057955507775 4.937037746682135 4.32184087310228 3.4780160770250657 2.9611181652919023 3.2897017737120224 3.437150216482058 2.9103119602924883 2.3177569824188935 1.837307000359223 1.1508709915084534 0.7527049718934857 0.48265894749442706 0.2993148164095877 0.19107551010649065 0.13529913287887302 0.20156809592158584 0.266180334888233 0.3064939540725481 0.18168740700877373 0.12756775385722174 0.05356741179286112 0.035895688314802054 0.03644792967349292 0.024298619782328612 0.0817317210860119 0.07344810070567323 0.025955343858397734 0.0022089654347565157 0.0016567240760691215 0.0005522413586908637 0.0 0.0
0.13750809831362953 0.09995568592275836 0.04417930869514072 0.1678813730415403 0.31698653988764675 0.3556434349958962 0.0469405154885881 0.009388103097716927 0.0011044827173782579 0.0011044827173782579 0.004970172228203895 0.045836032771209845 0.39098688195200737 0.9802284116734659 1.96377027149907 4.076093468485552 4.114198122235112 3.651972105012188 3.247179189092947 3.3167616002877964 3.6630169321859722 3.2162536730063476 2.441459046765293 1.6440225248179758 1.1470053019976278 0.7836304879800838 0.47050963760326275 0.23912050831245701 0.11320947853130092 0.051910687716792 0.05743310130368676 0.12756775385722174 0.2844042997249795 0.5445099796676268 0.12425430570508697 0.008835861739029532 0.013253792608542564 0.013253792608542564 0.008283620380338669 0.013806033967233428 0.0171194821193682 0.012149309891164306 0.0 0.0011044827173782579 0.0005522413586908637 0.0 0.0
0.10934378902047875 0.03644792967349292 1.2762297799309188 2.096860438943183 1.3778421899297462 0.1507618909221721 0.23138912929080574 0.040313619184318555 0.014910516684611685 0.0171194821193682 0.03976137782562769 0.10216465135751487 0.36944946896312614 0.8764070362398818 1.4822158067220177 2.4016976689396654 3.1024919531163575 2.519325078340481 2.5474893876336333 2.8506698935540467 3.111327814855385 2.7976547231198765 2.1498756093773532 1.489394944384978 1.0360047889010835 0.7615408336325118 0.6417044587969413 0.3578524004306527 0.16125447673727075 0.103821375433584 0.18610533787828676 0.3490165386916232 0.41859894988647073 0.2987625750509003 0.07731379021649887 0.033134481521358145 0.004970172228203895 0.0038656895108256373 0.0016567240760691215 0.0022089654347565157 0.0022089654347565157 0.0016567240760691215 0.0005522413586908637 0.0005522413586908637 0.0005522413586908637 0.0 0.0
1.0873632352591847 0.627346183471017 2.0410840617155688 5.9338333991162795 5.1667701518968725 0.12425430570508697 0.2567922317905126 3.7994205477822236 1.1403784056933584 0.14413499461790255 0.16456792488940553 0.23580706016032224 0.29379240282269636 0.43903188015797373 0.9664223777062358 1.7975456225335953 2.9815510955634053 2.71868420882731 2.1664428501380337 2.2680552601368613 2.263637329267345 2.0377706135634304 1.5733356309057498 1.2651849527571326 0.8736458294464344 0.5848235988519455 0.39650929553890213 0.1905232687477998 0.11044827173785701 0.08725413467290666 0.14137378782445517 0.1110005130965444 0.13695585695494214 0.15849326994382337 0.05467189451023938 0.04970172228203548 0.050253963640722876 0.05743310130368676 0.021537412988881233 0.009388103097716927 0.0022089654347565157 0.0016567240760691215 0.0005522413586908637 0.0 0.0 0.0005522413586908637 0.0
0.9625566881954102 0.5445099796676268 0.7007942841766936 4.290363115656991 4.250601737831364 0.10879154766178789 0.27888188613808473 3.401254528167256 1.5131413228086192 0.2634191280947856 0.34735981461555404 0.4174944671690925 0.3330015392896332 0.4578080863534111 0.7151525595026145 1.4639918418852746 2.2989807762234595 2.0449497512263908 1.684888385360985 1.7550230379145202 1.7909187262293256 1.5667087346014767 1.1740651285734038 0.8714368640116779 0.6433611828730069 0.38877791651725085 0.13143344336804738 0.07786603157518973 0.012149309891164306 0.016014999401989943 0.0392091364669403 0.07786603157518973 0.0298210333692199 0.04638827412990071 0.058537584021065014 0.061298790814508924 0.08504516923815014 0.1579410285851325 0.16014999401988902 0.1380603396723204 0.09719447912931445 0.04362706733645333 0.0016567240760691215 0.0011044827173782579 0.0 0.0005522413586908637 0.0
