static/data/salinity/2023/7/6/0.asc
ncols 137
nrows 93
xllcorner 108.0
yllcorner 17.0
cellsize 0.25
NODATA_value -32767
[rows 27 to 53 of 93, columns 61 to 121 of 137]
29.602558 29.9081 30.102968 30.052767 30.111315 30.497677 31.01851 31.420961 31.869194 32.167274 32.53895 32.684006 -32767.0 -32767.0 32.617012 32.658714 32.88058 32.865337 32.77735 32.817924 32.835827 32.93418 33.51425 33.78251 33.832397 -32767.0 -32767.0 -32767.0 -32767.0 -32767.0 -32767.0 -32767.0 -32767.0 -32767.0 31.85783 32.7613 32.617954 -32767.0 -32767.0 -32767.0 32.79875 33.110317 33.48586 33.21187 32.456383 32.583946 33.176723 33.437675 33.504105 33.788704 34.13554 34.184483 34.26951 34.13549 33.942066 33.97529 33.99183 34.249195 34.41938 34.328217 34.440464
29.635159 29.518375 29.471436 29.592096 29.47275 29.661024 30.302208 30.780222 31.612577 32.30565 32.42609 32.478355 32.487667 32.611244 32.74087 32.7444 33.03661 33.09868 32.75342 32.738316 32.975197 33.013508 33.45896 -32767.0 33.727314 33.346107 -32767.0 -32767.0 27.157072 -32767.0 -32767.0 -32767.0 -32767.0 -32767.0 -32767.0 32.426735 32.37286 -32767.0 -32767.0 32.984436 33.305084 33.995243 33.968525 34.00587 34.000286 34.012287 34.07655 34.137672 33.65807 33.53247 34.11837 34.125 34.117554 34.037407 33.9369 33.878326 33.902924 34.218445 34.48684 34.4328 34.411316
29.8907 29.013485 29.11715 29.181925 29.836334 30.182878 30.588932 30.927937 31.73667 32.313614 32.51903 32.73358 32.868507 33.01547 33.08404 33.125698 33.130856 32.86914 32.64367 32.808693 33.04689 33.16398 -32767.0 33.825207 33.74295 33.741394 32.5235 31.440538 -32767.0 28.396711 -32767.0 -32767.0 -32767.0 -32767.0 -32767.0 32.671135 33.43317 33.455116 33.34359 33.288082 33.86912 33.754436 33.81637 33.835667 33.89479 33.864815 33.86467 34.09135 34.013035 33.459328 34.01353 33.971527 33.98993 33.948933 34.001167 33.94592 33.906315 34.257084 34.44889 34.52805 34.48992
30.138096 29.360916 29.276228 31.062109 31.063139 31.344744 31.870295 31.928242 32.118904 32.51698 32.70174 32.824913 32.98747 33.00822 32.89534 32.895874 32.73922 32.33529 32.697937 33.3124 33.436234 33.132534 33.6668 33.67506 33.773804 33.85513 33.68295 31.228468 28.987986 28.779173 -32767.0 -32767.0 -32767.0 -32767.0 33.154922 34.043686 34.20859 34.184265 33.67664 33.782177 33.763927 33.708218 33.766945 33.88813 33.937958 33.95171 34.01211 33.892082 34.093834 33.60906 33.710297 33.908394 33.82707 33.875797 34.112034 34.05381 33.909138 33.977898 34.32247 34.44742 34.516
30.437508 30.357655 30.21836 30.993196 31.857243 32.5946 32.623123 32.666706 32.782993 32.89763 32.837513 32.86554 32.950718 32.790386 32.5016 32.432446 32.39872 32.345673 32.379135 32.39614 33.5578 33.838 33.806778 33.75326 33.66895 33.80278 33.520412 32.418667 30.293377 29.831596 -32767.0 -32767.0 -32767.0 -32767.0 33.78204 34.15316 34.067375 34.114525 33.734715 33.729336 33.754055 33.883316 33.960102 33.994347 34.00177 33.942795 33.959282 33.87763 34.067463 33.659046 33.552353 33.902973 33.70223 33.81165 34.17066 34.14041 34.0133 33.862778 34.00637 34.353893 34.468338
28.478783 28.037844 30.686605 31.021225 31.749947 32.48013 33.032772 33.14536 33.152225 33.037502 32.79776 32.751064 32.816296 32.830917 32.524235 32.64046 32.546925 32.502728 32.935036 33.214638 33.07114 33.44487 33.565086 33.637444 33.76476 33.801792 33.69271 33.440937 -32767.0 -32767.0 -32767.0 -32767.0 -32767.0 33.35165 33.926853 34.072662 33.95619 33.958736 33.74351 33.734226 33.921932 33.953384 34.02702 34.011646 34.05868 33.991405 33.947357 33.92991 33.971706 33.61965 33.46958 33.8637 33.69695 33.89425 34.10742 33.99136 33.953106 33.966526 33.770668 34.138725 34.382725
26.25644 26.397575 27.039778 29.115072 29.975853 31.16504 32.795895 33.421307 33.38869 33.233814 32.860905 32.64956 32.619984 32.821903 32.723686 32.694237 32.72647 32.646164 32.72323 33.316525 33.740215 33.579746 33.507427 33.535206 33.62822 33.81297 33.756493 33.399178 -32767.0 -32767.0 -32767.0 -32767.0 -32767.0 33.186752 33.5331 33.73287 33.78893 33.827663 33.889626 33.91094 33.926945 33.73387 33.98693 33.996426 33.9536 34.025974 33.975445 33.96304 33.943348 33.61263 33.640774 33.87388 33.670444 34.073315 34.031708 34.037033 34.00508 34.001938 33.70226 34.097168 34.37789
26.554676 27.250147 27.365349 27.580189 28.72774 30.209011 31.988417 33.162693 33.06513 32.875404 32.535435 32.46487 32.604534 32.78975 32.677277 32.733917 32.68595 32.836956 33.011395 33.154167 33.12688 33.244495 33.568478 33.597233 33.591003 33.74575 33.614033 33.39795 32.782974 -32767.0 32.968365 -32767.0 -32767.0 33.457867 33.92068 33.968517 33.941006 34.024326 34.106396 34.077675 34.02817 34.07685 33.96579 34.019142 33.972023 33.94968 33.86093 34.063305 34.038624 33.710197 33.767563 33.869595 33.68436 34.166008 34.11935 33.981018 33.990715 33.72363 33.714687 34.25262 34.354576
30.151192 30.744593 31.029196 31.306602 30.472933 30.447538 32.05045 32.784584 33.116787 32.729324 32.412533 32.21288 32.409603 32.679237 32.714153 32.837635 32.451527 32.38367 32.202415 31.954193 32.22412 32.866722 33.57044 33.60123 33.589455 33.59393 33.561996 33.47346 33.235992 33.407383 32.851845 -32767.0 33.360474 34.018467 33.9811 34.109436 34.178833 34.197662 34.13067 34.009514 34.05338 34.139194 34.052876 34.14559 34.11081 34.13098 34.038612 34.083538 34.140144 33.739635 33.772545 33.935463 33.656055 34.044403 33.99141 33.89084 33.8405 33.665627 34.15864 34.324974 34.379265
31.715588 31.971214 31.896301 31.783522 31.914011 31.674534 32.068893 32.76646 32.764946 32.516243 32.27972 32.295948 32.29136 32.5588 32.680077 32.60007 32.249508 31.626945 31.674929 32.324997 33.363827 33.62442 33.504967 33.454807 33.51757 33.687725 33.730618 33.65197 33.632793 33.492344 -32767.0 33.833992 33.842503 33.92533 34.018833 34.155933 34.19565 34.21403 34.222683 34.085876 34.040524 34.045223 34.117588 34.087635 34.090607 34.07192 34.165432 34.0768 34.174572 33.789448 33.714844 33.958073 33.695366 33.770916 33.675636 33.966114 33.617817 34.108444 34.36092 34.35683 34.346436
31.563744 32.07078 32.3535 31.748955 31.4716 31.277122 32.10759 32.50271 32.599754 32.340332 32.18606 32.04987 32.10531 32.434258 32.639683 32.32183 31.560785 31.58231 32.705875 33.466633 33.552628 33.706596 33.70579 33.64634 33.596226 33.680443 33.83163 33.972343 33.94379 34.030323 34.02972 34.131027 34.009098 34.219124 34.036594 34.108456 34.17901 34.204403 34.20606 34.034264 34.04072 34.017174 34.094185 34.110516 34.11033 34.135517 34.177998 34.089172 34.210606 33.8448 33.67718 33.904682 33.671436 33.63442 34.039654 33.614838 33.980755 34.353493 34.36587 34.33974 34.197647
32.31705 32.62391 32.845963 32.84386 32.537502 32.001144 31.384478 32.307495 32.213226 31.884644 32.288338 32.43992 32.16398 32.14314 32.100643 31.829163 31.60076 31.60693 33.17893 33.316628 33.515705 33.63887 33.778915 33.83448 33.83749 33.833088 33.750343 33.664974 -32767.0 33.83398 33.84744 -32767.0 34.176445 33.93476 33.90507 33.89079 33.8884 34.091698 34.154373 34.028732 34.031853 34.0478 34.076252 34.11403 34.063137 34.084473 34.144756 34.07697 34.239346 33.91157 33.684402 33.809612 33.87936 33.945293 33.599747 33.82455 34.378365 34.38159 34.35033 34.245953 34.193024
33.33932 33.69392 33.62552 33.390015 33.03972 32.808666 31.488771 31.923313 32.448627 32.440086 32.302868 32.12006 31.993086 31.803535 31.746187 31.732998 31.681839 31.38283 31.38907 33.06023 33.11429 32.951378 32.893185 32.88846 32.86165 33.08468 33.542168 33.84853 33.64415 -32767.0 33.837437 34.10989 33.79691 33.87269 34.01871 33.983265 33.85578 34.081 34.15671 33.996094 34.001682 34.037033 34.065662 34.122528 34.085796 34.152287 34.102154 33.978527 34.239037 33.902554 33.59875 33.679836 33.758728 33.64609 33.775635 34.31215 34.36371 34.357803 34.29131 34.202072 34.282646
32.46442 33.687626 33.84982 33.721855 33.678646 33.258583 32.672367 32.038185 32.25442 32.338444 32.233826 32.14355 32.06528 32.038284 32.142345 32.128017 31.863935 31.683258 31.94524 32.0569 31.745651 32.667023 32.960636 32.874844 32.90192 32.65104 33.3392 33.977924 33.974342 33.810535 33.685402 33.700455 33.91052 34.07321 33.97462 33.92971 33.96468 34.149273 34.12315 33.978977 33.954437 33.99295 34.081337 34.079796 34.137943 34.150288 34.21741 34.143925 34.19762 34.051834 33.556496 33.61545 33.65752 33.71258 34.28846 34.398342 34.28097 34.359035 34.21878 34.29934 34.39022
33.729374 33.927315 33.96064 33.89444 33.7057 33.761913 33.496223 33.128983 33.11581 33.01592 32.89753 32.826168 32.82496 32.845085 32.58547 32.36956 32.1178 32.347607 33.204247 33.824764 33.920555 33.680016 33.212452 32.87811 33.01044 33.668034 34.231125 34.18375 34.09591 34.157364 34.09036 34.029034 34.126423 34.17535 34.17996 34.13224 34.154182 34.149582 34.12369 34.128105 33.958534 34.063442 34.0926 34.10269 34.103374 34.08521 34.17536 34.246983 34.281136 34.333683 34.001545 33.838627 34.082554 34.35649 34.324215 34.23141 34.346706 34.287952 34.322556 34.46028 34.490395
33.87906 33.886066 33.987328 33.979214 33.920254 33.762554 33.740078 33.70158 33.418213 33.30684 33.297962 33.320297 33.208225 32.95038 32.71834 32.544277 33.070568 34.22025 34.23205 34.233585 34.24359 34.22715 34.233814 34.272465 34.295567 34.301826 34.316944 34.353703 34.237988 34.11029 34.124928 34.157642 34.18755 34.18737 34.12716 34.122635 34.11793 34.12202 34.165657 34.10859 34.09163 34.05957 34.085506 34.09496 34.11243 34.119976 34.077717 34.123074 34.232784 34.260662 34.293655 34.281067 34.284733 34.21604 34.227047 34.373997 34.32442 34.287605 34.492916 34.469803 34.438465
34.00757 34.088493 34.07826 34.00821 33.90929 33.799747 33.74068 33.671925 33.550137 33.322956 33.2835 33.120514 33.02387 32.919796 32.95711 33.622063 34.071438 34.26312 34.295963 34.29646 34.315605 34.32574 34.303352 34.308758 34.29547 34.2711 34.27886 34.303043 34.254143 34.199406 34.165382 34.197506 34.134026 34.08742 34.05687 34.040916 34.035603 34.05278 34.080067 34.0992 34.12505 34.11521 34.1098 34.135006 34.154987 34.138912 34.126896 34.079582 34.12267 34.161095 34.14742 34.186695 34.256145 34.344593 34.44088 34.364395 34.259686 34.523067 34.452766 34.40106 34.393654
34.183266 34.206 34.111134 33.96528 33.83722 33.805836 33.77714 33.621464 33.44839 33.33109 33.11876 33.151352 33.334652 33.584324 33.80889 34.021416 34.070232 34.286148 34.30733 34.332092 34.30604 34.310524 34.311573 34.302074 34.276592 34.219086 34.23709 34.20535 34.228264 34.213795 34.215668 34.088425 34.02714 34.0298 34.03134 34.067112 34.12798 34.18079 34.207455 34.185844 34.14186 34.116554 34.119617 34.138725 34.14426 34.12639 34.135506 34.091854 34.132893 34.14621 34.17402 34.424442 34.48778 34.503277 34.461895 34.256413 34.528255 34.496857 34.40418 34.44994 34.36443
34.30896 34.148655 34.067856 33.90751 33.843914 33.783466 33.770218 33.667896 33.54065 33.414425 33.388737 33.401867 33.640896 33.85445 34.03539 34.02234 34.088345 34.32883 34.328182 34.305016 34.37594 34.381268 34.357094 34.280678 34.23433 34.24072 34.202568 34.208874 34.250565 34.208862 34.165035 34.039406 34.04251 34.095497 34.20139 34.296925 34.34162 34.35341 34.327625 34.289375 34.254837 34.228218 34.213303 34.17587 34.150852 34.14362 34.09342 34.15783 34.15335 34.327507 34.440933 34.48401 34.498707 34.49313 34.268703 34.479515 34.5398 34.426197 34.389076 34.441998 34.36976
34.1243 34.004555 33.901913 33.946476 33.8679 33.76524 33.761654 33.68033 33.639767 33.78879 33.70723 33.702248 33.883003 34.03878 34.070374 34.05997 34.168884 34.377132 34.332443 34.319214 34.315536 34.236927 34.304394 34.26517 34.267227 34.237427 34.18067 34.17518 34.173077 34.142776 34.05915 34.15302 34.30728 34.36809 34.387653 34.39484 34.355625 34.304535 34.262394 34.21404 34.179184 34.17054 34.181164 34.18161 34.139008 34.111794 34.116783 34.18049 34.37983 34.356583 34.348515 34.470375 34.460335 34.261063 34.53324 34.554802 34.51008 34.437374 34.417587 34.4619 34.46186
33.9895 33.822315 34.07083 33.99098 33.86852 33.762936 33.796406 33.751606 33.926403 33.971783 33.957607 33.87558 33.96987 34.029274 34.031235 34.064247 34.362545 34.36494 34.32453 34.344036 34.182316 34.199867 34.17016 34.16986 -32767.0 34.21079 34.161793 34.17007 34.15345 34.203514 34.33293 34.394978 34.422646 34.422077 34.401146 34.382935 34.37654 34.33319 34.32492 34.348194 34.332493 34.3009 34.192513 34.114456 34.09189 34.095615 34.221104 34.320282 34.187305 34.210617 34.271877 34.28811 34.26297 34.51099 34.55657 34.54262 34.45526 34.468178 34.443207 34.45235 34.482204
33.78525 33.787945 34.11947 34.220146 33.88915 33.735855 33.79425 33.81723 33.865154 33.91003 34.033714 34.02616 34.05209 34.051796 34.04382 34.26866 34.4543 34.33693 34.31656 34.357025 34.31253 34.182102 34.190273 34.172047 34.3245 34.141273 34.140167 34.18304 34.213696 34.34363 34.40939 34.461777 34.476727 34.497753 34.447163 34.310154 34.18229 34.173824 34.245132 34.2962 34.327217 34.3193 34.236958 34.101414 34.103504 34.195225 34.29916 34.17554 34.278725 34.25671 34.282368 34.33592 34.467197 34.553852 34.55392 34.53102 34.439796 34.423916 34.46465 34.482048 34.49103
33.69781 33.789635 34.115597 34.04945 34.043415 33.814182 33.726337 33.753498 33.81321 33.870575 33.93907 33.996304 33.99047 34.02642 34.34505 34.457138 34.374424 34.368507 34.326485 34.378178 34.290348 34.207733 34.17656 -32767.0 34.225628 34.192394 34.221046 34.244812 34.343998 34.430515 34.565464 34.602856 34.555374 34.448944 34.33821 34.217518 34.2157 34.3399 34.364254 34.325874 34.312424 34.316208 34.271046 34.171085 34.16109 34.281425 34.22973 34.396114 34.483147 34.522923 34.5322 34.55451 34.576946 34.58237 34.56258 34.551067 34.45008 34.32955 34.34544 34.381977 34.411
33.63133 33.834026 34.130833 34.00946 34.02937 33.989258 33.957256 33.800793 33.78417 33.851353 33.840885 33.884647 34.1643 34.424843 34.388092 34.422256 34.388588 34.412468 34.353344 34.221268 34.30796 34.248703 34.155132 34.241287 34.268917 34.23974 34.260223 34.33975 34.43733 34.660564 34.657593 34.611652 34.526257 34.411716 34.27688 34.21524 34.37772 34.391438 34.365005 34.326168 34.29378 34.337704 34.264572 34.167152 34.301727 34.26128 34.424213 34.505093 34.546257 34.56522 34.57371 34.579533 34.582733 34.560085 34.525932 34.539894 34.44987 34.434586 34.474648 34.5043 34.50799
33.62665 33.91003 34.174877 34.049744 33.922897 33.8569 33.900703 33.851803 33.843063 33.821587 33.934296 34.36466 34.352272 34.35415 34.412224 34.417355 34.458694 34.46065 34.37742 34.154556 34.25194 34.17445 34.153706 34.202282 34.23315 34.25247 34.333443 34.429394 34.608585 34.608074 34.643967 34.62545 34.516357 34.382397 34.228775 34.274273 34.40682 34.359913 34.323082 34.3012 34.33879 34.30373 34.204697 34.303616 34.291416 34.507565 34.596138 34.62078 34.62559 34.62694 34.631176 34.638145 34.63745 34.601612 34.52794 34.50557 34.438465 34.45687 34.467175 34.499825 34.497997
33.656857 33.812984 34.043476 33.960804 33.87028 33.813168 33.849895 33.856544 33.80933 33.871666 34.32211 34.31846 34.314583 34.365368 34.430454 34.55411 34.5471 34.493237 34.41903 34.31928 34.161407 34.157482 34.157333 34.19625 34.23753 34.29948 34.410038 34.459908 34.563187 34.584827 34.615093 34.628407 34.506496 34.34398 34.18916 34.309162 34.41157 34.36559 34.352848 34.343464 34.2812 34.25723 34.317913 34.32464 34.535923 34.614445 34.625957 34.634106 34.648254 34.627678 34.60827 34.60256 34.61876 34.6354 34.502037 34.49882 34.466072 34.46832 34.534256 34.520462 34.501774
33.963394 33.771725 33.94709 34.08223 34.088226 34.052353 34.056984 34.08269 34.220997 34.3406 34.173916 34.25094 34.325867 34.366768 34.56159 34.552475 34.408024 34.464687 34.475945 34.42772 -32767.0 34.197468 34.251427 34.229824 34.2393 34.35339 34.43988 34.466 34.57091 34.580326 34.61773 34.62398 34.485367 34.319412 34.167896 34.299633 34.420197 34.38256 34.337692 34.294796 34.298275 34.32642 34.336464 34.46218 34.598793 34.63385 34.655937 34.712738 34.70937 34.703373 34.654858 34.618317 34.614063 34.625072 34.586033 34.469532 34.496593 34.57156 34.576008 34.560616 34.52299
