static/data/salinity/2023/7/6/12.asc
ncols 137
nrows 93
xllcorner 108.0
yllcorner 17.0
cellsize 0.25
NODATA_value -32767
[rows 28 to 55 of 93, columns 61 to 121 of 137]
29.736216 29.354618 29.384516 29.463657 29.371716 29.598545 30.105318 30.826561 31.820396 32.37255 32.48946 32.513233 32.54171 32.603092 32.745667 32.7842 33.000122 33.14182 32.69038 32.71543 32.980247 32.980927 33.40872 -32767.0 33.750885 33.367496 -32767.0 -32767.0 27.180595 -32767.0 -32767.0 -32767.0 -32767.0 -32767.0 -32767.0 32.492294 32.343876 -32767.0 -32767.0 32.964283 33.62517 33.911987 33.885334 33.92262 33.96005 33.979557 33.977276 34.13085 33.681946 33.56392 34.119095 34.171356 34.050285 34.046963 33.959442 33.88756 34.09564 34.419693 34.51948 34.41208 34.448574
29.880362 29.016073 29.237968 29.453959 29.970951 30.481302 30.840982 31.11445 31.918554 32.355186 32.567505 32.775425 32.938343 33.045708 33.067966 33.12833 33.13095 32.582306 32.798473 32.91328 33.061863 33.169888 -32767.0 33.829292 33.75427 33.732967 32.78443 31.655603 -32767.0 28.147842 -32767.0 -32767.0 -32767.0 -32767.0 -32767.0 32.926556 33.791702 33.722923 33.203384 33.334164 33.81553 33.77709 33.810104 33.870567 33.94086 33.950306 33.898537 33.93628 34.02873 33.45938 34.036774 34.000618 33.98579 33.983467 34.01534 33.9075 33.92446 34.233025 34.447704 34.52791 34.470425
30.228764 29.392157 29.589705 31.025698 31.045837 31.604471 31.99338 32.05574 32.344505 32.724033 32.83328 32.87482 32.997463 32.886555 32.808323 32.75248 32.513634 32.269104 32.381866 33.272957 33.507397 33.120407 33.504986 33.548306 33.706345 33.84986 33.79674 31.350258 28.894894 28.751566 -32767.0 -32767.0 -32767.0 -32767.0 33.14978 34.143673 34.18157 34.12869 33.799244 33.77733 33.768356 33.758335 33.83084 33.92216 33.97424 33.974434 33.934864 33.87947 34.174683 33.666428 33.710403 33.904266 33.845585 33.90545 34.11731 34.006786 33.86311 33.89449 34.210968 34.437805 34.48176
30.51567 30.271473 30.285954 31.046026 31.919746 32.675808 32.70461 32.68538 32.879597 32.920372 32.858482 32.906254 32.92686 32.59832 32.421917 32.528015 32.482613 32.443096 32.632347 32.496613 33.41913 33.84369 33.842678 33.808254 33.650948 33.797394 33.603043 32.447105 30.520916 29.813889 -32767.0 -32767.0 -32767.0 -32767.0 33.819016 34.07087 34.07051 34.074158 33.77084 33.74529 33.69482 33.85705 33.93611 33.98142 33.97613 34.01038 33.955055 34.001915 34.06846 33.816483 33.487907 33.89029 33.735916 33.84504 34.164238 34.10064 33.94877 33.80616 33.75592 34.176853 34.382725
27.111334 27.43031 30.61995 31.209139 31.864363 32.419212 33.069824 33.23181 33.207085 33.084663 32.815117 32.750793 32.815075 32.82466 32.610275 32.671093 32.56695 32.582 33.097847 33.389675 33.145527 33.42195 33.516636 33.556484 33.7497 33.758617 33.671444 33.347614 -32767.0 -32767.0 -32767.0 -32767.0 -32767.0 33.319633 33.99658 34.032566 33.945217 33.988106 33.90685 33.79981 33.81971 33.939312 34.00746 33.88413 33.932636 34.03698 33.967216 33.97135 33.950714 33.804066 33.487762 33.873184 33.68792 33.903473 34.12508 33.98735 33.938244 33.972034 33.680267 33.90474 34.316208
26.39823 26.71721 26.791292 28.496735 29.705513 31.055765 32.722534 33.39515 33.354004 33.239445 32.90314 32.67524 32.644035 32.83286 32.735172 32.71609 32.714188 32.67868 32.73412 33.315292 33.70543 33.520294 33.501335 33.523037 33.555832 33.784046 33.77751 33.47385 -32767.0 -32767.0 -32767.0 -32767.0 -32767.0 33.302948 33.682552 33.902508 33.94346 33.955364 34.010956 34.0993 34.1276 34.112656 34.07162 34.065853 33.97805 33.985558 34.049175 34.023506 33.87821 33.75277 33.4508 33.850124 33.668266 34.025562 33.98816 34.024544 33.990513 34.000404 33.652874 33.949234 34.300266
27.73477 28.398312 28.171753 28.20335 28.8058 30.39111 32.2186 33.165947 33.06975 32.862637 32.53862 32.48929 32.630096 32.804546 32.715664 32.759197 32.65631 32.875717 33.025475 32.969738 32.70932 32.7184 33.347546 33.603058 33.5548 33.75739 33.652386 33.490128 32.90909 -32767.0 32.878372 -32767.0 -32767.0 33.504047 33.93127 34.017506 34.071045 34.085693 34.20272 34.158222 34.031612 34.03632 34.037254 34.01267 34.000328 33.91596 33.95096 33.938496 33.896442 33.700615 33.54288 33.850723 33.711914 34.094276 34.131954 33.974373 33.926743 33.763596 33.71583 34.23338 34.32927
31.597046 31.444935 31.430775 31.84984 30.63574 30.416834 31.965254 32.724377 33.062294 32.73476 32.45398 32.29404 32.487648 32.710136 32.72073 32.81373 32.522923 32.07422 31.840601 31.799496 32.142464 32.678493 33.376568 33.618885 33.60123 33.61144 33.572147 33.466778 33.213657 33.37084 32.770348 -32767.0 33.402855 33.890682 33.956123 34.125813 34.206512 34.213444 34.216778 34.187576 34.010006 34.112812 34.082127 34.135517 34.12693 34.103474 33.97129 34.021935 33.92504 33.65743 33.673943 33.912186 33.674347 34.065792 34.02778 33.790833 33.895718 33.61632 34.09264 34.33467 34.354908
31.769567 32.043846 31.875021 31.678947 31.89865 31.719397 32.16838 32.790955 32.82106 32.59276 32.43793 32.381577 32.415607 32.637615 32.769356 32.757954 32.281647 31.50593 31.72217 32.31126 33.3396 33.623302 33.53632 33.546352 33.567448 33.67713 33.70763 33.663425 33.61834 33.54742 -32767.0 33.66678 33.779472 33.843407 34.084633 34.056995 34.153923 34.17375 34.177406 34.089066 34.022038 34.030636 34.08161 34.087917 34.074703 34.1057 34.093586 34.065353 34.039394 33.725414 33.713028 33.94661 33.73017 33.71901 33.681156 33.929813 33.60944 34.0149 34.346474 34.358337 34.277138
32.179985 32.16312 32.3568 31.768995 31.619818 31.354729 32.15514 32.530933 32.61191 32.44293 32.495808 32.378586 32.456223 32.66999 32.762947 32.3274 31.614136 31.581583 32.76145 33.42798 33.535545 33.70143 33.67899 33.61111 33.56026 33.64743 33.844265 33.968178 33.935074 34.03855 33.98736 34.124306 34.005356 34.103947 33.877094 33.929504 33.90535 33.94923 34.13202 34.110527 34.013435 34.01651 34.07316 34.09575 34.090076 34.05331 34.139744 34.08293 34.138706 33.797626 33.69113 33.88884 33.792694 33.61594 33.852386 33.606583 33.929924 34.37554 34.382294 34.333267 34.174614
32.411926 32.59944 32.689754 32.826694 32.540703 31.78717 31.470922 32.34929 32.394524 32.372025 32.43028 32.56031 32.405285 32.29653 32.084827 31.905687 31.63373 31.451393 33.045353 33.32226 33.518047 33.653645 33.8031 33.817207 33.794773 33.7744 33.803406 33.72798 -32767.0 33.793884 33.85899 -32767.0 34.160725 33.763165 33.876144 33.981785 33.962975 33.851784 34.127213 34.07231 34.03661 34.023273 34.077312 34.08455 34.12054 34.153515 34.11528 34.093292 34.17816 33.852108 33.626907 33.816345 33.892185 33.88409 33.661797 33.819736 34.354633 34.354362 34.358063 34.249306 34.197483
33.527515 33.71719 33.67851 33.39302 33.018314 32.71303 31.454576 31.974188 32.469227 32.498478 32.367134 32.1929 32.021103 31.852976 31.803953 31.790447 31.77212 31.485975 31.351635 32.95083 33.154934 32.98924 32.908157 32.879574 32.810986 32.727634 32.858894 33.386257 33.828365 -32767.0 33.82869 34.079636 33.755016 33.85799 34.075256 34.034813 33.91735 33.92812 34.13724 33.984245 34.01081 34.03863 34.071598 34.117233 34.06493 34.117634 34.133408 34.06966 34.19928 33.954075 33.638504 33.708916 33.779724 33.67531 33.652153 34.286827 34.346497 34.321987 34.324207 34.201557 34.295197
32.842823 33.704834 33.90467 33.745617 33.65099 33.206837 32.570778 31.893911 32.14912 32.344444 32.277317 32.205112 32.154408 32.088062 32.123123 32.089542 31.944164 31.839087 32.192142 32.47604 32.254894 31.9365 32.758476 32.972885 32.858437 32.534744 32.893707 33.84608 33.837097 33.852406 33.769794 33.720234 33.905518 34.072994 34.144444 33.97331 33.980534 34.104675 34.109406 33.946716 33.990692 33.997383 34.10098 34.10764 34.123436 34.1554 34.18955 34.015182 34.188732 34.121075 33.596497 33.64242 33.633884 33.531025 34.06963 34.34136 34.246628 34.350876 34.252567 34.30063 34.39925
33.763866 33.905285 33.958206 33.91368 33.71869 33.74567 33.429462 32.979473 32.91616 32.932667 32.865566 32.826603 32.82862 32.882954 32.660435 32.412373 32.25205 32.635586 33.605537 34.10749 34.16255 34.036575 33.620163 33.10921 32.924477 33.422764 34.056797 34.064167 34.089596 34.10881 34.132633 34.072414 34.121876 34.193886 34.176777 34.15857 34.134758 34.13197 34.111843 34.104317 33.936943 34.02522 34.10085 34.10609 34.09032 34.109158 34.178932 34.22364 34.2494 34.288387 34.013817 33.746193 33.746902 34.249645 34.294052 34.211647 34.32465 34.31407 34.314392 34.457584 34.478832
33.873013 33.895985 33.9863 33.977036 33.940723 33.787846 33.74017 33.72223 33.41531 33.2944 33.275883 33.30458 33.264324 33.05319 32.82517 32.593285 33.107582 34.15085 34.203915 34.310936 34.313335 34.281395 34.23512 34.223564 34.248894 34.282326 34.30078 34.314423 34.264366 34.12237 34.117165 34.148067 34.181786 34.197327 34.139194 34.10179 34.095398 34.092793 34.14092 34.102474 34.072624 34.02089 34.07919 34.08984 34.116352 34.119263 34.079308 34.124847 34.230804 34.271202 34.32486 34.306355 34.284866 34.23513 34.22448 34.32604 34.350544 34.28865 34.500305 34.472263 34.435333
34.013817 34.101215 34.102314 34.02308 33.96275 33.839787 33.78389 33.69665 33.633797 33.409725 33.29587 33.248684 33.10433 32.950333 32.87247 33.302856 34.013958 34.126972 34.27462 34.310562 34.32805 34.313736 34.30179 34.28611 34.28393 34.29445 34.302563 34.28753 34.324966 34.24557 34.206215 34.198605 34.142773 34.0762 34.037193 34.01517 34.004753 34.013145 34.041176 34.075394 34.12305 34.102173 34.080784 34.11647 34.111687 34.14303 34.13773 34.08521 34.09831 34.177784 34.203438 34.171486 34.18371 34.29373 34.39192 34.437893 34.269512 34.527702 34.464115 34.405373 34.396633
34.131603 34.17261 34.067356 34.009556 33.892044 33.8232 33.803265 33.678677 33.50448 33.36583 33.191807 33.07176 33.20992 33.393883 33.65759 33.992535 34.014744 34.210835 34.3425 34.33195 34.31316 34.308704 34.307228 34.281147 34.284973 34.198677 34.222904 34.259617 34.267094 34.244053 34.202408 34.18272 34.034126 34.02507 34.016815 34.043045 34.10244 34.139736 34.152863 34.144558 34.12073 34.103886 34.11567 34.131058 34.14574 34.128216 34.14927 34.09276 34.09137 34.138573 34.15111 34.176723 34.433884 34.493984 34.509254 34.28169 34.4938 34.505142 34.41065 34.4449 34.37324
34.300446 34.155144 34.137905 33.899834 33.897568 33.802223 33.78289 33.74226 33.564518 33.429207 33.358547 33.370163 33.55174 33.823204 33.9566 34.052357 34.038895 34.316948 34.351997 34.31302 34.351112 34.377026 34.36634 34.307858 34.26462 34.219364 34.18458 34.193527 34.193325 34.258568 34.22218 34.07445 34.03078 34.075504 34.165623 34.25357 34.301147 34.32509 34.308514 34.266605 34.250187 34.20652 34.16377 34.14306 34.12965 34.139133 34.140568 34.101746 34.136726 34.145218 34.3348 34.464844 34.486156 34.52244 34.28096 34.435272 34.53832 34.431698 34.391884 34.427376 34.396736
34.07046 34.077843 33.889107 33.979942 33.90843 33.794445 33.78158 33.70046 33.60799 33.7185 33.7222 33.65112 33.859226 34.025967 34.070343 34.03897 34.10584 34.391354 34.347725 34.308575 34.30871 34.254456 34.307545 34.268246 34.27273 34.28427 34.11024 34.12591 34.15795 34.18588 34.051178 34.110687 34.25388 34.36575 34.373165 34.38006 34.347153 34.29337 34.257446 34.202217 34.176723 34.180485 34.20362 34.210854 34.16746 34.13581 34.08264 34.160492 34.31119 34.407837 34.39901 34.481327 34.5198 34.301716 34.518463 34.55563 34.501564 34.447746 34.417 34.466724 34.447063
33.94683 33.89911 33.961548 34.030254 33.929203 33.78926 33.79706 33.730247 33.849243 33.940926 34.00095 33.88826 33.94636 34.017666 34.02351 34.0581 34.294193 34.40201 34.334553 34.3251 34.182228 34.226704 34.17207 34.175705 -32767.0 34.19315 34.166046 34.166412 34.154613 34.19092 34.302666 34.368427 34.40779 34.408928 34.404766 34.390217 34.37561 34.33291 34.317543 34.335938 34.301014 34.241592 34.181366 34.148132 34.145172 34.101948 34.18639 34.336697 34.210815 34.23722 34.331783 34.377068 34.27745 34.481747 34.558506 34.542107 34.44609 34.46977 34.441326 34.461678 34.49001
33.78227 33.7693 33.961853 34.1829 34.076603 33.7874 33.76307 33.814766 33.82299 33.893898 33.981613 34.030052 34.04732 34.038116 34.00558 34.25974 34.468826 34.36163 34.332157 34.343235 34.326965 34.17519 34.18605 34.17727 34.30633 34.14156 34.147057 34.188572 34.20831 34.31031 34.39717 34.47282 34.501804 34.516354 34.45115 34.33002 34.200886 34.162205 34.194153 34.251263 34.3302 34.31099 34.238693 34.104446 34.089226 34.121716 34.280346 34.157207 34.21345 34.23449 34.249935 34.2921 34.426025 34.547226 34.556297 34.537804 34.429123 34.444817 34.484173 34.491768 34.49331
33.688477 33.726826 33.875015 34.070065 34.134216 33.908596 33.75493 33.741684 33.79002 33.85154 33.891792 33.922455 33.907345 33.98032 34.320503 34.412666 34.41932 34.38507 34.348103 34.368652 34.313885 34.239624 34.189087 -32767.0 34.195564 34.18161 34.221058 34.236378 34.309624 34.42266 34.580555 34.617977 34.563824 34.47197 34.362434 34.240738 34.21504 34.30956 34.35299 34.311584 34.315224 34.312164 34.22814 34.10763 34.101 34.268433 34.232693 34.399334 34.462833 34.469276 34.48652 34.527565 34.56572 34.57645 34.574345 34.56008 34.43525 34.357674 34.360973 34.394646 34.39786
33.625854 33.68411 34.04099 34.064556 34.02538 34.00436 33.977947 33.879856 33.759254 33.813396 33.843117 33.85513 34.162334 34.404522 34.338303 34.420948 34.416916 34.42569 34.366444 34.26771 34.3291 34.239025 34.17419 34.248756 34.263535 34.24362 34.251488 34.322792 34.42197 34.648754 34.65538 34.62374 34.541958 34.424026 34.286022 34.21884 34.370186 34.39717 34.376953 34.340145 34.309483 34.319748 34.242035 34.12404 34.242558 34.257027 34.30845 34.455425 34.525063 34.555653 34.56868 34.580524 34.589897 34.556767 34.535545 34.555267 34.4423 34.399937 34.457355 34.48633 34.47509
33.62262 33.75684 34.033215 34.149136 33.95605 33.853188 33.86874 33.887444 33.81419 33.846413 33.818485 34.303604 34.30337 34.328594 34.373375 34.412876 34.490685 34.48603 34.405087 34.15938 34.268604 34.200344 34.159622 34.220814 34.23372 34.250008 34.318676 34.422993 34.597507 34.605663 34.63968 34.63446 34.528263 34.38368 34.224712 34.282482 34.407803 34.355366 34.32969 34.30098 34.310932 34.334408 34.176342 34.2303 34.26764 34.41776 34.56228 34.61247 34.62291 34.625355 34.627876 34.634655 34.633396 34.587696 34.51853 34.529305 34.41715 34.45299 34.46732 34.479977 34.48651
33.66348 33.731247 33.89073 34.01831 33.891304 33.823914 33.816917 33.85282 33.846832 33.772503 34.27567 34.169464 34.26109 34.342335 34.374763 34.55141 34.559814 34.51565 34.433895 34.311447 34.169003 34.1552 34.16229 34.202274 34.2359 34.28972 34.39876 34.463196 34.555035 34.58339 34.610195 34.6342 34.507027 34.330822 34.18677 34.342102 34.406036 34.361477 34.341427 34.348866 34.316475 34.21086 34.26929 34.28745 34.47883 34.602528 34.62584 34.631847 34.644142 34.632996 34.61081 34.603798 34.616234 34.62167 34.50007 34.501675 34.429695 34.480553 34.536488 34.528206 34.50559
34.021164 33.8114 33.820095 33.998596 34.081726 34.088787 34.07949 34.108665 34.171436 34.34858 34.14818 34.149193 34.237907 34.34691 34.50478 34.55611 34.413387 34.459187 34.477688 34.424828 -32767.0 34.22249 34.241783 34.232185 34.24107 34.329006 34.43834 34.461483 34.56885 34.57512 34.6133 34.633755 34.481808 34.30386 34.174103 34.338425 34.417778 34.371685 34.33881 34.2916 34.26155 34.29695 34.315132 34.433952 34.595745 34.635696 34.6673 34.720592 34.700726 34.70017 34.67043 34.630238 34.62229 34.625607 34.532116 34.495895 34.48695 34.56231 34.5819 34.562435 34.527138
34.050377 34.01079 33.992424 33.986225 34.06641 34.14634 34.196564 34.349022 34.33923 34.19107 34.15736 34.20187 34.307804 34.394344 34.57459 34.533173 34.41328 34.457012 34.413303 34.42741 34.408684 34.24667 34.25525 34.245598 34.23915 34.349686 34.448517 34.5051 34.572468 34.557236 34.59669 34.6339 34.48273 34.315285 34.175793 34.312645 34.43569 34.389378 34.33115 34.301895 34.32422 34.33067 34.377594 34.51287 34.61376 34.63358 34.643375 34.656826 34.666542 34.699364 34.622314 34.633976 34.664948 34.65453 34.63751 34.523544 34.49058 34.577938 34.62301 34.626484 34.572704
33.839153 33.902042 33.954277 33.99496 34.103863 34.179295 34.243355 34.25853 34.249634 34.09998 34.133873 34.26664 34.32734 34.431824 34.589558 34.610165 34.624035 34.497555 -32767.0 34.508186 34.46667 34.369995 34.254223 34.264 34.27282 34.31429 34.45942 34.52563 34.56906 34.54638 34.576496 34.645393 34.48768 34.357426 34.177357 34.289547 34.414993 34.405453 34.359333 34.33867 34.331345 34.340034 34.392532 34.49646 34.58626 34.623028 34.6266 34.633923 34.669453 34.634598 34.642963 34.71184 34.731716 34.72235 34.66424 34.646038 34.605267 34.58454 34.605087 34.612583 34.597515
