static/data/salinity/2023/7/6/18.asc
ncols 137
nrows 93
xllcorner 108.0
yllcorner 17.0
cellsize 0.25
NODATA_value -32767
[rows 56 to 83 of 93, columns 0 to 60 of 137]
-32767.0 -32767.0 -32767.0 -32767.0 -32767.0 -32767.0 -32767.0 -32767.0 -32767.0 -32767.0 -32767.0 -32767.0 -32767.0 -32767.0 -32767.0 -32767.0 -32767.0 -32767.0 -32767.0 -32767.0 -32767.0 -32767.0 -32767.0 -32767.0 -32767.0 -32767.0 -32767.0 -32767.0 -32767.0 -32767.0 -32767.0 -32767.0 -32767.0 -32767.0 -32767.0 -32767.0 -32767.0 -32767.0 -32767.0 -32767.0 -32767.0 -32767.0 -32767.0 -32767.0 -32767.0 -32767.0 -32767.0 33.22783 34.306427 34.136208 33.809864 33.55195 33.2641 32.826298 32.687325 32.679653 33.045 33.470966 33.935726 34.139805 34.072628
-32767.0 -32767.0 -32767.0 -32767.0 -32767.0 -32767.0 -32767.0 -32767.0 -32767.0 -32767.0 -32767.0 -32767.0 -32767.0 -32767.0 -32767.0 -32767.0 -32767.0 -32767.0 -32767.0 -32767.0 -32767.0 -32767.0 -32767.0 -32767.0 -32767.0 -32767.0 -32767.0 -32767.0 -32767.0 -32767.0 -32767.0 -32767.0 -32767.0 -32767.0 -32767.0 -32767.0 -32767.0 -32767.0 -32767.0 -32767.0 -32767.0 -32767.0 -32767.0 -32767.0 -32767.0 -32767.0 -32767.0 33.470356 34.286507 34.01246 33.59663 33.463654 32.80485 32.987904 32.905643 33.509415 34.173477 34.07552 33.777992 34.063408 34.131283
-32767.0 -32767.0 -32767.0 -32767.0 -32767.0 -32767.0 -32767.0 -32767.0 -32767.0 -32767.0 -32767.0 -32767.0 -32767.0 -32767.0 -32767.0 -32767.0 -32767.0 -32767.0 -32767.0 -32767.0 -32767.0 -32767.0 -32767.0 -32767.0 -32767.0 -32767.0 -32767.0 -32767.0 -32767.0 -32767.0 -32767.0 -32767.0 -32767.0 -32767.0 -32767.0 -32767.0 -32767.0 -32767.0 -32767.0 -32767.0 -32767.0 -32767.0 -32767.0 -32767.0 -32767.0 31.097574 -32767.0 33.73005 34.14852 33.638577 33.38793 33.294483 32.768085 33.059647 33.419525 34.207138 34.018036 33.699814 33.874702 34.13319 34.161743
-32767.0 -32767.0 -32767.0 -32767.0 -32767.0 -32767.0 -32767.0 -32767.0 -32767.0 -32767.0 -32767.0 -32767.0 -32767.0 -32767.0 -32767.0 -32767.0 -32767.0 -32767.0 -32767.0 -32767.0 -32767.0 -32767.0 -32767.0 -32767.0 -32767.0 -32767.0 -32767.0 -32767.0 -32767.0 -32767.0 -32767.0 -32767.0 -32767.0 -32767.0 -32767.0 -32767.0 -32767.0 -32767.0 -32767.0 -32767.0 -32767.0 -32767.0 -32767.0 -32767.0 -32767.0 -32767.0 33.670074 34.01864 33.881535 33.26495 33.17402 32.392593 32.71935 32.75253 32.912926 33.472847 33.798397 33.89304 33.954693 34.153324 34.221317
-32767.0 -32767.0 -32767.0 -32767.0 -32767.0 -32767.0 -32767.0 -32767.0 -32767.0 -32767.0 -32767.0 -32767.0 -32767.0 -32767.0 -32767.0 -32767.0 -32767.0 -32767.0 -32767.0 -32767.0 -32767.0 -32767.0 -32767.0 -32767.0 -32767.0 -32767.0 -32767.0 -32767.0 -32767.0 -32767.0 -32767.0 -32767.0 -32767.0 -32767.0 -32767.0 -32767.0 -32767.0 -32767.0 -32767.0 -32767.0 -32767.0 -32767.0 -32767.0 -32767.0 33.19036 33.71507 33.932236 33.72644 33.332195 32.94257 32.38199 32.178074 -32767.0 -32767.0 -32767.0 -32767.0 33.316288 33.491158 34.08373 34.206127 34.207886
-32767.0 -32767.0 -32767.0 -32767.0 -32767.0 -32767.0 -32767.0 -32767.0 -32767.0 -32767.0 -32767.0 -32767.0 -32767.0 -32767.0 -32767.0 -32767.0 -32767.0 -32767.0 -32767.0 -32767.0 -32767.0 -32767.0 -32767.0 -32767.0 -32767.0 -32767.0 -32767.0 -32767.0 -32767.0 -32767.0 -32767.0 -32767.0 -32767.0 -32767.0 -32767.0 -32767.0 -32767.0 -32767.0 -32767.0 -32767.0 -32767.0 -32767.0 -32767.0 33.54301 33.80672 33.720695 32.399445 32.143585 32.98399 32.210217 32.318012 33.211636 -32767.0 -32767.0 -32767.0 -32767.0 33.61479 33.866085 34.05975 34.295 34.214832
-32767.0 -32767.0 -32767.0 -32767.0 -32767.0 -32767.0 -32767.0 -32767.0 -32767.0 -32767.0 -32767.0 -32767.0 -32767.0 -32767.0 -32767.0 -32767.0 -32767.0 -32767.0 -32767.0 -32767.0 -32767.0 -32767.0 -32767.0 -32767.0 -32767.0 -32767.0 -32767.0 -32767.0 -32767.0 -32767.0 -32767.0 -32767.0 -32767.0 -32767.0 -32767.0 -32767.0 -32767.0 -32767.0 -32767.0 -32767.0 -32767.0 33.374596 33.128376 33.73233 33.426743 32.364197 31.291338 31.481806 32.06679 32.25366 33.0183 -32767.0 -32767.0 -32767.0 -32767.0 -32767.0 33.889008 34.110386 34.175896 34.34637 34.202137
-32767.0 -32767.0 -32767.0 -32767.0 -32767.0 -32767.0 -32767.0 -32767.0 -32767.0 -32767.0 -32767.0 -32767.0 -32767.0 -32767.0 -32767.0 -32767.0 -32767.0 -32767.0 -32767.0 -32767.0 -32767.0 -32767.0 -32767.0 -32767.0 -32767.0 -32767.0 -32767.0 -32767.0 -32767.0 -32767.0 -32767.0 -32767.0 -32767.0 -32767.0 -32767.0 -32767.0 -32767.0 -32767.0 -32767.0 -32767.0 -32767.0 33.503742 33.660477 33.645863 32.843163 31.843256 31.409199 32.404243 32.654114 33.638084 32.68248 -32767.0 -32767.0 -32767.0 -32767.0 33.798176 34.13691 34.26674 34.189022 34.405537 34.269577
-32767.0 -32767.0 -32767.0 -32767.0 -32767.0 -32767.0 -32767.0 -32767.0 -32767.0 -32767.0 -32767.0 -32767.0 -32767.0 -32767.0 -32767.0 -32767.0 -32767.0 -32767.0 -32767.0 -32767.0 -32767.0 -32767.0 -32767.0 -32767.0 -32767.0 -32767.0 -32767.0 -32767.0 -32767.0 -32767.0 -32767.0 -32767.0 -32767.0 -32767.0 -32767.0 -32767.0 -32767.0 -32767.0 -32767.0 33.24642 33.51833 33.65934 33.67021 33.041397 30.917843 30.923567 32.04979 33.68115 32.889587 32.400314 -32767.0 -32767.0 -32767.0 -32767.0 -32767.0 34.006035 34.16947 34.305428 34.38758 34.39013 34.2556
-32767.0 -32767.0 -32767.0 -32767.0 -32767.0 -32767.0 -32767.0 -32767.0 -32767.0 -32767.0 -32767.0 -32767.0 -32767.0 -32767.0 -32767.0 -32767.0 -32767.0 -32767.0 -32767.0 -32767.0 -32767.0 -32767.0 -32767.0 -32767.0 -32767.0 -32767.0 -32767.0 -32767.0 -32767.0 -32767.0 -32767.0 -32767.0 -32767.0 -32767.0 -32767.0 -32767.0 -32767.0 -32767.0 33.380253 33.700283 33.868843 33.624 32.974907 31.373335 30.831333 30.988588 32.388744 33.40605 32.541775 32.336033 -32767.0 -32767.0 -32767.0 -32767.0 -32767.0 34.0822 34.23639 34.46079 34.45282 34.31689 34.243397
-32767.0 -32767.0 -32767.0 -32767.0 -32767.0 -32767.0 -32767.0 -32767.0 -32767.0 -32767.0 -32767.0 -32767.0 -32767.0 -32767.0 -32767.0 -32767.0 -32767.0 -32767.0 -32767.0 -32767.0 -32767.0 -32767.0 -32767.0 -32767.0 -32767.0 -32767.0 -32767.0 -32767.0 -32767.0 -32767.0 -32767.0 -32767.0 -32767.0 -32767.0 -32767.0 -32767.0 33.31237 33.76855 33.952908 33.76381 33.34932 32.802418 31.388771 31.493593 31.174213 32.6675 -32767.0 33.123123 32.23598 -32767.0 -32767.0 -32767.0 -32767.0 -32767.0 33.92336 34.14986 34.395847 34.43253 34.420506 34.31647 34.260128
-32767.0 -32767.0 -32767.0 -32767.0 -32767.0 -32767.0 -32767.0 -32767.0 -32767.0 -32767.0 -32767.0 -32767.0 -32767.0 -32767.0 -32767.0 -32767.0 -32767.0 -32767.0 -32767.0 -32767.0 -32767.0 -32767.0 -32767.0 -32767.0 -32767.0 -32767.0 -32767.0 -32767.0 -32767.0 -32767.0 -32767.0 -32767.0 -32767.0 -32767.0 -32767.0 33.432266 33.90788 33.866978 33.470802 33.27167 32.173668 31.594017 31.752184 32.144215 31.531874 32.955753 -32767.0 32.80639 32.493095 -32767.0 -32767.0 -32767.0 -32767.0 -32767.0 33.938835 34.143864 34.43521 34.41114 34.42676 34.380226 34.304993
-32767.0 -32767.0 -32767.0 -32767.0 -32767.0 -32767.0 -32767.0 -32767.0 -32767.0 -32767.0 -32767.0 -32767.0 -32767.0 -32767.0 -32767.0 -32767.0 -32767.0 -32767.0 -32767.0 -32767.0 -32767.0 -32767.0 -32767.0 -32767.0 -32767.0 -32767.0 -32767.0 -32767.0 -32767.0 -32767.0 -32767.0 -32767.0 -32767.0 -32767.0 -32767.0 33.520355 33.520332 32.437016 31.598913 31.417831 31.607698 31.609737 32.524887 34.076603 34.564323 34.31626 32.752823 32.711636 31.818523 -32767.0 -32767.0 -32767.0 -32767.0 -32767.0 34.01685 34.180176 34.394264 34.413815 34.38472 34.36933 34.3464
-32767.0 -32767.0 -32767.0 -32767.0 -32767.0 -32767.0 -32767.0 -32767.0 -32767.0 -32767.0 -32767.0 -32767.0 -32767.0 -32767.0 -32767.0 -32767.0 -32767.0 -32767.0 -32767.0 -32767.0 -32767.0 -32767.0 -32767.0 -32767.0 -32767.0 -32767.0 -32767.0 24.450869 -32767.0 29.428326 -32767.0 31.360497 31.738802 32.412193 32.545403 32.26992 31.977825 31.08636 30.726788 30.425362 31.051754 32.516605 32.66228 33.444912 33.131824 32.756474 32.694508 32.877808 33.18031 -32767.0 -32767.0 -32767.0 -32767.0 33.909832 34.041157 34.135715 34.32511 34.350533 34.407345 34.286877 34.40682
-32767.0 -32767.0 -32767.0 -32767.0 -32767.0 -32767.0 -32767.0 -32767.0 -32767.0 -32767.0 -32767.0 -32767.0 -32767.0 -32767.0 -32767.0 -32767.0 -32767.0 -32767.0 -32767.0 -32767.0 -32767.0 -32767.0 -32767.0 10.009296 -32767.0 -32767.0 30.186943 29.913551 29.571415 29.701626 29.928951 29.971088 30.00591 30.222656 30.454634 30.35908 30.466133 30.502369 30.928846 31.104074 31.489351 31.846912 32.380604 32.673325 32.84831 33.090347 33.46753 33.614693 33.583157 30.36391 -32767.0 -32767.0 32.983906 33.89962 34.146896 34.30072 34.297222 34.322598 34.406685 34.223854 34.37788
-32767.0 -32767.0 -32767.0 -32767.0 -32767.0 -32767.0 -32767.0 -32767.0 -32767.0 -32767.0 -32767.0 -32767.0 -32767.0 -32767.0 -32767.0 -32767.0 -32767.0 -32767.0 -32767.0 -32767.0 -32767.0 -32767.0 -32767.0 12.342574 12.708207 23.636229 25.867094 26.146812 26.950031 27.872536 28.748798 29.774204 30.149868 30.800514 30.668167 31.096087 32.102676 32.523674 32.773182 32.912426 33.024128 32.95039 33.05912 33.3419 33.57878 33.64541 33.794945 33.820755 33.861126 33.818756 31.158417 -32767.0 33.317135 33.95098 34.19886 34.271454 34.261562 34.257607 34.30213 34.23707 34.325424
-32767.0 -32767.0 -32767.0 -32767.0 -32767.0 -32767.0 -32767.0 -32767.0 -32767.0 -32767.0 -32767.0 -32767.0 -32767.0 -32767.0 -32767.0 -32767.0 -32767.0 -32767.0 -32767.0 -32767.0 13.631405 19.195915 23.75667 27.691963 28.756756 -32767.0 30.351603 31.588865 32.235947 32.487644 32.690414 32.82838 32.951015 33.013184 32.9719 32.934692 32.93846 32.94068 32.964375 33.038692 33.206955 33.411674 33.499115 33.656105 33.8895 34.035873 34.069435 34.110767 34.124805 33.980556 33.15627 -32767.0 33.30235 33.900944 34.20834 34.19335 34.12117 34.205246 34.300156 34.461987 34.28551
-32767.0 -32767.0 32.58739 -32767.0 -32767.0 -32767.0 -32767.0 -32767.0 -32767.0 -32767.0 -32767.0 -32767.0 -32767.0 -32767.0 -32767.0 -32767.0 30.734303 -32767.0 29.929642 28.527279 30.006176 31.769846 31.58319 31.471182 31.300617 30.621588 32.301258 32.73738 32.913666 33.111034 33.235714 33.240665 33.1735 33.062614 33.002956 33.018063 33.034492 33.067978 33.12972 33.262238 33.37959 33.543175 33.887154 34.08144 34.106083 34.08942 34.094242 34.170074 34.192554 34.276173 33.933743 33.402058 33.608635 33.892345 34.132877 34.283993 34.265076 34.289387 34.286762 34.333332 34.302536
-32767.0 31.80055 31.912996 31.838612 31.7088 -32767.0 31.85628 31.908894 -32767.0 -32767.0 -32767.0 -32767.0 -32767.0 31.659399 32.031944 32.782543 33.182373 33.1934 33.13268 33.161663 33.109978 33.089993 33.327187 33.44733 33.412502 33.337822 33.154114 33.223724 33.459213 33.50258 33.43396 33.33524 33.278294 33.285084 33.268288 33.328323 33.32293 33.31484 33.335686 33.446087 33.59641 33.950905 34.127728 34.14573 34.142086 34.192047 34.208286 34.303543 34.261375 34.287655 34.308807 34.29699 34.275234 34.259026 34.305477 34.39352 34.32941 34.380577 34.297916 34.344894 34.45889
32.213737 32.74903 32.62674 32.385925 32.16935 32.228947 31.987043 31.87487 -32767.0 -32767.0 -32767.0 32.5113 33.08412 33.35612 33.349194 33.37241 33.402664 33.394238 33.430668 33.485332 33.566036 33.64917 33.603695 33.64571 33.448425 33.33503 33.62268 33.668972 33.523624 33.47332 33.38321 33.34707 33.414772 33.544754 33.706783 33.774338 33.758324 33.7344 33.735893 33.813854 33.997665 34.145344 34.178078 34.2333 34.23493 34.153034 34.234833 34.270298 34.15035 34.246807 34.297256 34.264214 34.303596 34.257618 34.430363 34.442287 34.427967 34.405 34.37797 34.44015 34.35552
32.952316 32.83816 32.771126 32.693882 32.59835 32.4321 32.254242 -32767.0 -32767.0 31.07351 -32767.0 33.62369 33.22724 33.151493 33.134415 33.1775 33.286594 33.490677 33.66417 33.782192 33.71406 33.667686 33.626564 33.664 33.715046 33.729008 33.774483 33.51851 33.39619 33.3395 33.353607 33.49458 33.800854 34.0115 34.01578 33.911293 33.999096 34.033085 34.004066 34.050762 34.15203 34.101856 34.18923 34.21229 34.043922 34.153984 34.099617 34.194008 34.19557 34.251938 34.3458 34.287357 34.340374 34.40642 34.406128 34.37414 34.372658 34.403275 34.44111 34.4128 34.289993
32.800533 32.75574 32.724934 32.685955 32.612324 32.501522 32.40881 32.464664 -32767.0 -32767.0 32.82681 33.27777 33.000454 33.066975 33.114227 33.16135 33.459038 33.701107 33.71362 33.613354 33.49729 33.591522 33.599293 33.737377 33.800125 33.7913 33.707375 33.4477 33.335365 33.329716 33.514923 33.93301 34.05277 34.1015 34.06216 34.052353 34.03574 34.041504 34.09137 34.157677 33.827087 33.881294 34.067463 33.98874 34.04776 33.9454 33.96566 34.11118 34.191742 34.212643 34.172646 34.24141 34.313602 34.332634 34.278107 34.40572 34.431145 34.4724 34.44963 34.385616 34.365734
32.90832 32.81902 32.821327 32.81656 32.775127 32.648605 32.587296 32.540867 -32767.0 -32767.0 32.81033 32.81303 32.888294 33.052116 33.18752 33.25893 33.307888 33.35554 33.396954 33.451107 33.5521 33.687332 33.708157 33.819664 33.80279 33.75812 33.6786 33.406746 33.35177 33.514484 33.7049 33.955708 34.01105 34.056206 34.06178 34.100494 34.08802 34.121838 34.14113 34.106792 33.799942 33.960045 33.97883 33.989826 33.895866 33.908157 34.0419 34.163586 34.077698 34.1904 34.160965 34.17242 34.201378 34.222782 34.211235 34.28572 -32767.0 34.3997 34.481888 34.396557 34.39203
33.08534 32.936512 32.95866 32.915283 32.871532 32.864727 32.792587 32.619335 32.6342 32.73299 32.748344 32.774723 32.818813 33.061054 33.474773 33.708694 33.739204 33.73353 33.734028 33.730225 33.74475 33.711735 33.796795 33.816177 33.80704 33.789185 33.74319 33.5033 33.585777 33.701363 33.892746 33.87481 33.92816 34.017036 34.084488 34.10215 34.134506 34.112946 34.186687 34.11767 34.024136 33.864265 33.95065 33.914974 33.934837 34.23903 34.06256 33.85144 33.888596 34.053944 34.127964 34.01266 34.11872 34.227455 34.189484 34.241802 34.2464 34.257668 34.51707 34.392662 34.393135
33.251343 33.161205 33.164444 33.10031 32.937176 32.917454 32.966545 32.98849 32.890194 -32767.0 -32767.0 -32767.0 33.01564 33.252235 33.751713 33.747334 33.697487 33.663773 33.657013 33.639202 33.679783 33.72487 33.828632 33.827534 33.824875 33.82618 33.745293 33.60699 33.672653 33.821693 33.84573 33.827118 33.809093 33.83138 33.94594 34.028236 34.10775 34.092754 34.14475 34.21446 34.012608 33.961533 33.944954 34.018677 34.313396 34.246643 33.841156 33.779984 33.690384 33.644 33.887455 34.103065 33.851257 34.28538 34.17018 34.16852 34.226864 34.2272 34.300873 34.468105 34.35341
33.267475 33.27302 33.24878 33.08944 33.027874 -32767.0 -32767.0 -32767.0 -32767.0 -32767.0 -32767.0 -32767.0 33.470394 33.860504 33.71286 33.614197 33.60289 33.63082 33.624638 33.633965 33.670425 33.726086 33.81367 33.816025 33.780354 33.778618 33.666687 33.596153 33.792316 33.767757 33.82327 33.866817 33.86126 33.831753 33.80434 33.929638 34.08453 34.11786 34.12249 34.190594 34.279385 34.291744 34.308327 34.32948 34.336025 34.125164 33.816162 33.831837 33.6482 33.592525 33.627598 33.615685 33.62788 34.039906 34.16249 34.18173 34.21945 34.206257 34.21588 34.29213 34.44339
33.192326 33.25762 33.124466 33.144905 33.361877 -32767.0 -32767.0 -32767.0 -32767.0 -32767.0 -32767.0 -32767.0 34.00653 33.61071 33.57558 33.60726 33.63371 33.662014 33.66715 33.71143 33.66281 33.67245 33.711323 33.717762 33.70655 33.678455 33.59015 33.58418 33.807117 33.772614 33.75591 33.789513 33.811337 33.810047 33.819958 33.823162 33.948353 34.071156 34.131237 34.15765 34.23865 34.314777 34.312565 34.2957 34.274384 34.04681 33.905197 33.903687 33.559692 33.7582 34.03801 34.102634 33.68426 33.609642 34.18145 34.19319 34.206 34.246464 34.221886 34.21977 34.264584
33.207363 33.20778 33.387997 -32767.0 -32767.0 -32767.0 -32767.0 -32767.0 -32767.0 -32767.0 -32767.0 33.89092 33.536205 33.558586 33.59898 33.56291 33.560814 33.604492 33.642303 33.667034 33.68453 33.692406 33.69613 33.707497 33.653015 33.60994 33.57091 33.55739 33.720726 33.772255 33.723133 33.759083 33.75209 33.772316 33.799465 33.79748 33.816578 33.87089 33.978043 34.114338 34.217304 34.310364 34.320526 34.278156 34.228 34.107025 34.07301 33.81023 33.472214 33.635136 33.912 34.027214 34.08571 33.626427 34.150005 34.162754 34.183662 34.257996 34.265697 34.209766 34.21388
