static/data/precipitation/2023/7/4/12.asc
ncols 137
nrows 93
xllcorner 108.0
yllcorner 17.0
cellsize 0.25
NODATA_value -32767
[rows 0 to 23 of 93, columns 54 to 107 of 137]
1.6605897655786566 2.669534727903964 2.114532162421242 1.854426482478591 2.5524595598618376 5.5870258258594125 6.153625459874612 6.043177188136757 4.744305512499577 3.538210385122196 2.8793864442058883 2.8849088577927815 3.646449691425295 3.959018300443425 4.63440948212041 5.862042022486674 5.501428415262575 4.660917067337495 3.81764451261897 4.313005011363252 5.2551287692871576 5.687533753140862 6.208297354384849 6.6445680277493775 6.3772832101437675 3.8463610632708134 3.1908505705066403 2.4403545640479147 1.6699778686763735 0.9095415177612399 0.3451508491807975 0.053015170434170256 0.021537412988881233 0.008835861739029532 0.0016567240760691215 0.0016567240760691215 0.0011044827173782579 0.0 0.0 0.0 0.0 0.0 0.0 0.0 0.0 0.0 0.0 0.0 0.0 0.0 0.0 0.0 0.0 0.0
0.6461223896664543 0.5953161846670406 0.3556434349958962 0.6709732508074704 1.641261318024532 2.5574297320900414 2.154845781605557 2.078084232747749 1.936710444923294 1.552350459275556 1.315438916397859 2.0029794079660066 3.189193846430573 3.6066883135996672 5.035336708528826 5.949296157159578 5.6383842722175155 4.2550196687008786 3.4056724590367704 3.2786569465382365 5.50474186341471 6.249715456286545 6.89528560459431 7.822498845833605 7.534781097956492 6.661687509868746 5.257337734721914 3.343821426863571 2.1073530247582815 1.1740651285734038 0.42080791532123074 0.11320947853130092 0.0077313790216512746 0.0011044827173782579 0.0 0.0 0.0 0.0 0.0 0.0 0.0 0.0 0.0 0.0 0.0 0.0 0.0 0.0 0.0 0.0 0.0 0.0 0.0 0.0
0.162358959454649 0.09719447912931445 0.043074825977762465 0.04197034326038421 0.6361820452100465 1.1724084044973346 0.5881370470040802 0.3407329183112845 0.22420999162784533 0.20598602679109887 0.29489688554007465 0.7516004891761074 1.5628430450906547 3.0605216098559715 4.25281070326612 4.9674110214100455 4.982321538094655 4.85696274967219 4.2550196687008786 3.545941764143846 3.609449520393113 4.924888436790971 6.542403376391863 8.07929107762412 6.7020011290530626 5.944878226290064 5.661578409282466 4.672514135869971 3.2742390156687216 1.9411283757928068 0.9084370350438618 0.29379240282269636 0.02374637842363775 0.0 0.0 0.0 0.0 0.0 0.0 0.0 0.0 0.0 0.0 0.0 0.0 0.0 0.0 0.0 0.0 0.0 0.0 0.0 0.0 0.0
0.09608999641193272 0.08007499700994625 0.0298210333692199 0.10989603037916615 0.18058292429139547 0.27777740342070645 0.22365775026915793 0.1607022353785799 0.09001534146635404 0.08007499700994625 0.25568774907313435 0.5367786006459756 0.8614965195552736 1.832336828131019 2.997566094965395 4.103153295061326 5.061292052387222 5.344591869394821 5.564936171511842 5.415831004665738 4.792902752064234 4.4135129386447 5.2888154921672035 7.536990063391249 7.655721955509443 7.237123005622973 7.0355549097013865 6.346909935415857 5.275009458199972 3.822062443488485 1.4115289128097916 0.5815101506998072 0.0817317210860119 0.0 0.0 0.0 0.0 0.0 0.0 0.0 0.0 0.0 0.0 0.0 0.0 0.0 0.0 0.0 0.0 0.0 0.0 0.0 0.0 0.0
0.033134481521358145 0.01822396483674646 0.0347912055974238 0.14634396005265907 0.17892620021532635 0.10161240999882748 0.11541844396605744 0.26231464537740734 0.3291358497788076 0.04528379141252245 0.14468723597658995 0.25071757684493046 0.5621817031456824 1.4623351178092054 2.798759205837255 4.005406574573324 4.952500504725434 5.9205796065077365 6.291133558188241 7.060405770842404 7.760095572301716 7.009599565842991 5.8852361595516225 6.072998221505976 5.536771862218688 6.056983222103988 6.921793189811395 7.056540081331579 5.720668234662218 3.9291972670742035 1.9129640664996561 0.7946753151538699 0.2567922317905126 0.0 0.0 0.0 0.0 0.0 0.0 0.0 0.0 0.0 0.0 0.0 0.0 0.0 0.0 0.0 0.0 0.0 0.0 0.0 0.0 0.0
0.006626896304273017 0.013806033967233428 0.030373274727910765 0.08394068652077188 0.0867018933142158 0.03644792967349292 0.05246292907548286 0.05743310130368676 0.10161240999882748 0.03258224016266728 0.058537584021065014 0.1629112008133364 0.35730015907196183 1.0387659956945308 2.221666986006961 3.2168059143650365 4.338408113862959 5.809579093411193 7.869991602680883 9.021967076906714 9.358282064348485 7.895394705180589 6.692613025955345 5.936594605909725 4.149541569191225 4.670857411793904 3.9032419232158078 4.442781730655232 3.4835384906119584 3.2841793601251292 1.9146207905757218 0.9023623800982795 0.3197477466810906 0.008835861739029532 0.0033134481521347736 0.0 0.0 0.0 0.0 0.0 0.0 0.0 0.0 0.0 0.0 0.0 0.0 0.0 0.0 0.0 0.0 0.0 0.0 0.0
0.0033134481521347736 0.00994034445640779 0.014358275325920822 0.02264189570625949 0.025955343858397734 0.0298210333692199 0.027612067934463386 0.03202999880397989 0.028716550651841644 0.021537412988881233 0.03810465374956204 0.07455258342305149 0.263971369453473 0.8631532436313393 1.7180228668823398 2.7164752433925523 3.5547776258828754 5.809579093411193 7.8771707403438445 9.822164805647477 9.493581197227357 7.9931414256685915 5.7112801315645 4.579737587610173 3.022969197465102 2.493369734482085 1.8096949324247595 2.1587114711163826 2.3807124973094713 2.1808011254639545 1.6937242471000111 1.2359161607466 0.6521970446120364 0.03092551608659816 0.0033134481521347736 0.0 0.0 0.0 0.0 0.0 0.0 0.0 0.0 0.0 0.0 0.0 0.0 0.0 0.0 0.0 0.0 0.0 0.0 0.0
0.0027612067934473794 0.006074654945582153 0.0044179308695130315 0.01546275804329908 0.0342389642387364 0.037552412390871176 0.02540310249970687 0.019328447554124717 0.013806033967233428 0.013806033967233428 0.01822396483674646 0.04638827412990071 0.22862792249736183 0.8084813491210998 2.238786468126329 2.4674143906236874 3.1157457457249 5.028709812224554 7.312780071763402 9.133519831361948 8.512248302836513 6.378387692861146 4.30693035641767 2.9489688554007376 2.249831295300115 1.969844926444652 1.7163661428062706 1.7356945903603953 1.927322341825577 1.8980535498150444 1.6506494211222487 1.26794615955058 0.715704800861302 0.07897051429256799 0.007179137662960411 0.0 0.0 0.0 0.0 0.0 0.0 0.0 0.0 0.0 0.0 0.0 0.0 0.0 0.0 0.0 0.0 0.0 0.0 0.0
0.005522413586894759 0.009388103097716927 0.006074654945582153 0.014358275325920822 0.03202999880397989 0.043074825977762465 0.0298210333692199 0.024850861141019476 0.019328447554124717 0.016567240760677338 0.023194137064950354 0.05080620499941374 0.20432930271503322 1.0895722006939446 2.7258633464902706 2.7948935163264292 3.1709698815938268 3.947973473269639 6.019983051071806 7.071450598016189 6.211610802536986 4.523408969023866 3.0450588518126724 2.681684037795128 2.364697497907485 2.1415919889970145 1.920695445521304 1.8737549300327159 1.896949067097666 1.8223964836746147 1.51148459873255 1.1790353008016077 0.6163013562972344 0.14468723597658995 0.004970172228203895 0.0044179308695130315 0.0 0.0 0.0 0.0044179308695130315 0.0044179308695130315 0.0 0.0 0.0 0.0 0.0 0.0 0.0 0.0 0.0 0.0 0.0 0.0 0.0
0.012149309891164306 0.01546275804329908 0.017671723478055595 0.030373274727910765 0.04638827412990071 0.05080620499941374 0.03644792967349292 0.0298210333692199 0.017671723478055595 0.013253792608542564 0.029268792010532507 0.08725413467290666 0.14855292548741558 0.5323606697764626 1.7749037268273358 2.536444560459849 3.0980740222468426 3.882808992944305 4.5940958629360935 4.427318972611931 3.790584686043196 3.2041043631151847 2.488399562253881 2.444772494917428 2.285726983614917 2.0698006123674104 1.735142349001708 1.8743071713914068 1.8814863090543672 1.7765604509034048 1.4093199473750353 1.1497665087910751 0.6875404915681511 0.23912050831245701 0.03092551608659816 0.004970172228203895 0.0011044827173782579 0.0 0.0 0.011597068532473442 0.0077313790216512746 0.0 0.0 0.0 0.0 0.0 0.0 0.0 0.0 0.0 0.0 0.0 0.0 0.0
0.025955343858397734 0.050253963640722876 0.05080620499941374 0.043074825977762465 0.04528379141252245 0.04804499820596636 0.040313619184318555 0.021537412988881233 0.00994034445640779 0.012149309891164306 0.0347912055974238 0.12259758162902132 0.1949411996173163 0.5423010142328704 1.4888427030262905 1.9278745831842643 2.2194580205722043 2.446429218993497 2.763968000239831 3.2057610871912523 3.067700747518932 2.6507585217085285 2.3713243942117543 1.9030237220432484 1.8218442423159238 1.7235452804692346 1.3021851237893165 1.6462314902527357 1.667768903241617 1.5407533907430826 1.4684097727547876 1.1221544408566118 0.6974808360245555 0.32637464298536367 0.1032691340748966 0.0347912055974238 0.0022089654347565157 0.0 0.0 0.0 0.0 0.0 0.0 0.0 0.0 0.0 0.0 0.0 0.0 0.0 0.0 0.0 0.0 0.0
0.008283620380338669 0.01822396483674646 0.038656895108249434 0.014358275325920822 0.01822396483674646 0.02705982657577599 0.019328447554124717 0.010492585815095185 0.008283620380338669 0.013253792608542564 0.025955343858397734 0.103821375433584 0.24795637005148655 0.6891972156442168 1.6915152816652548 2.016233200574549 2.218353537854826 2.353652670733699 2.528713181438198 2.892087995455742 3.1030441944750464 3.0003273017588405 2.4895040449712593 1.8720982059566502 1.464544083243962 1.1238111649326774 0.821182900370955 0.9233475517284699 1.0437361679227348 1.1569456464540355 1.3226180540608194 1.0509153055856952 0.7052122150462068 0.3970615368975895 0.20377706135634235 0.08725413467290666 0.02264189570625949 0.0 0.0 0.0 0.0 0.0 0.0 0.0 0.0 0.0 0.0 0.0 0.0 0.0 0.0 0.0 0.0 0.0
0.0022089654347565157 0.0077313790216512746 0.008835861739029532 0.019328447554124717 0.01546275804329908 0.011044827173786048 0.008835861739029532 0.008835861739029532 0.014358275325920822 0.021537412988881233 0.026507585217085128 0.1259110297811561 0.4456587764622467 0.9934822042820084 1.6235895945464727 1.9974569943791154 2.128338196388472 2.153741298888179 1.8605011374241733 1.408215464657657 1.4993352888413858 1.8317845867723317 2.362488532472725 1.8091426910660722 1.1580501291714138 0.6875404915681511 0.6163013562972344 0.6958241119484898 0.8051679009689651 0.9967956524341431 1.3032896065066948 1.242543057050873 0.9360491029783251 0.5892415297214584 0.4241213634733655 0.40092722640841516 0.2220010261930888 0.008835861739029532 0.0 0.0 0.0 0.0 0.0 0.0 0.0 0.0 0.0 0.0 0.0 0.0 0.0 0.0 0.0 0.0
0.004970172228203895 0.005522413586894759 0.0044179308695130315 0.008283620380338669 0.008835861739029532 0.006074654945582153 0.007179137662960411 0.010492585815095185 0.01546275804329908 0.027612067934463386 0.04528379141252245 0.23359809472556572 0.5969729087431097 1.105587200095931 1.5186637363955104 1.626903042698611 1.7356945903603953 1.6633509723721005 1.5087233919391028 1.0636168568355469 0.814556004066682 1.0707959944985073 1.9400238930754286 1.5517982179168686 1.0050792728144853 0.706316697763585 0.5765399784716068 0.6516448032533456 0.6891972156442168 0.8510039337401749 0.9807806530321567 1.1751696112907821 0.9890642734124954 0.9321834134674994 0.8504516923814875 0.8675711745008557 0.4147332603756486 0.08228396244470276 0.0 0.0 0.0 0.0 0.0 0.0 0.0 0.0 0.0 0.0 0.0 0.0 0.0 0.0 0.0 0.0
0.0033134481521347736 0.0033134481521347736 0.0027612067934473794 0.0038656895108256373 0.0038656895108256373 0.0044179308695130315 0.005522413586894759 0.009388103097716927 0.017671723478055595 0.030373274727910765 0.09443327233586707 0.7322720416219828 1.055885477813899 1.164124784116996 1.3585137423756215 1.3839168448753283 1.2933492620502869 1.2138265063990314 1.0834975457483624 0.9377058270543908 0.6897494570029077 0.8907653115658026 1.7677245891643754 1.3756332244949896 0.9167206554242003 0.5969729087431097 0.5086142913528248 0.5621817031456824 0.6019430809713135 0.6654508372205791 0.7919141083604225 0.9934822042820084 1.1541844396605883 1.1309903025956378 1.2905880552568396 1.5788580444926412 1.058646684607343 0.21592637124750666 0.019328447554124717 0.0077313790216512746 0.0 0.0 0.0 0.0 0.0 0.0 0.0 0.0 0.0 0.0 0.0 0.0 0.0 0.0
0.0016567240760691215 0.0016567240760691215 0.0016567240760691215 0.0016567240760691215 0.0022089654347565157 0.0027612067934473794 0.004970172228203895 0.011044827173786048 0.019328447554124717 0.08504516923815014 0.17450826934581332 0.7460780755892127 1.2535878842246593 1.3690063281907165 1.1994682310731106 1.0205420308577844 0.9305266893914304 0.8913175529244934 0.7797647984692582 0.7079734218396541 0.6417044587969413 0.8438247960772145 1.3016328824306256 0.9305266893914304 0.47713653390753574 0.45007670733175975 0.4031361918431717 0.4638827412989932 0.5886892883627676 0.6549582514054839 0.8338844516208067 1.003974790097107 1.164124784116996 1.2464087465616989 1.4319618430812948 2.015128717857171 1.6103358019379301 0.7643020404259592 0.0811794797273245 0.008283620380338669 0.0 0.0 0.0 0.0 0.0 0.0 0.0 0.0 0.0 0.0 0.0 0.0 0.0 0.0
0.0011044827173782579 0.0011044827173782579 0.0011044827173782579 0.0016567240760691215 0.0016567240760691215 0.004970172228203895 0.008835861739029532 0.019328447554124717 0.07455258342305149 0.1402693051070769 0.4031361918431717 0.6549582514054839 1.1635725427583052 1.1751696112907821 0.941019275206529 0.7372422138501832 0.6842270434160129 0.6444656655903852 0.6334208384165991 0.5986296328191754 0.5323606697764626 0.45339015548389805 0.6411522174382505 0.3434941251047319 0.30925516086599547 0.2816430929315321 0.29710585097483116 0.3998227436910369 0.5246292907548147 0.710734628633098 0.9123027245546839 1.065273580911616 1.1254678890087466 1.2083040928121367 1.3706630522667858 2.2249804341590953 1.818530794163789 1.0464973747161785 0.17726947613925723 0.06240327353188718 0.0 0.0 0.0 0.0 0.0 0.0 0.0 0.0 0.0 0.0 0.0 0.0 0.0 0.0
0.0005522413586908637 0.0011044827173782579 0.0011044827173782579 0.0016567240760691215 0.0038656895108256373 0.007179137662960411 0.014910516684611685 0.04473155005383159 0.10658258222703137 0.2717027484751243 0.6538537686881056 0.8515561750988658 0.773690143523676 0.7052122150462068 0.5643906685804424 0.5174501530918543 0.4627782585816149 0.4810022234183614 0.508062049994134 0.4865246370052527 0.45615136227734193 0.37883757206084306 0.2844042997249795 0.22089654347571056 0.18941878603042153 0.18334413108483938 0.21150844037799363 0.3291358497788076 0.47658429254884493 0.6682120440140265 0.866466691783474 1.0117061691187548 1.0674825463463724 1.1188409927044736 1.2784387453656751 1.972606133238096 2.1747264705183724 1.4706187381895441 0.3418374010286628 0.0690301698361602 0.006626896304273017 0.0 0.0 0.0 0.0 0.0 0.0 0.0 0.0 0.0 0.0 0.0 0.0 0.0
0.0005522413586908637 0.0011044827173782579 0.0016567240760691215 0.0044179308695130315 0.006074654945582153 0.009388103097716927 0.016014999401989943 0.05743310130368676 0.19549344097600369 0.370001710321817 0.5886892883627676 0.43019601841894767 0.3280313670614293 0.28606102380104514 0.27777740342070645 0.26231464537740734 0.29379240282269636 0.3390761942352154 0.3771808479847774 0.39153912331069823 0.36944946896312614 0.3208522293984689 0.23083688793211835 0.15904551130251077 0.1430305119005243 0.1336424088028039 0.14192602918314604 0.2319413706494966 0.37165843439788265 0.555002565482722 0.7565706614043078 0.8990489319461413 0.9851985839016697 1.053676512379139 1.142035129769424 1.70421683291511 2.1808011254639545 2.1476666439425967 0.6709732508074704 0.26176240401871653 0.011597068532473442 0.0 0.0 0.0 0.0 0.0 0.0 0.0 0.0 0.0 0.0 0.0 0.0 0.0
0.0005522413586908637 0.0022089654347565157 0.006074654945582153 0.0077313790216512746 0.00994034445640779 0.013806033967233428 0.021537412988881233 0.10106016864013662 0.3164342985289559 0.4727186030380227 0.4296437770602568 0.24022499102983527 0.1579410285851325 0.12922447793329087 0.1507618909221721 0.18334413108483938 0.21150844037799363 0.22255326755177968 0.2496130941275522 0.25844895586658173 0.23912050831245701 0.1971501650520728 0.13474689152018215 0.09056758282504143 0.11486620260737004 0.14247827054183343 0.08504516923815014 0.162358959454649 0.2855087824423577 0.4660917067337497 0.7046599736875159 0.8327799689034285 0.9034668628156578 0.9829896184669131 1.159706853247483 1.3673496041146511 1.8356502762831572 1.9245611350321297 1.2237668508554358 0.4285392943428785 0.103821375433584 0.0 0.0 0.0 0.0 0.0 0.0 0.0 0.0 0.0 0.0 0.0 0.0 0.0
0.0016567240760691215 0.004970172228203895 0.012149309891164306 0.01822396483674646 0.02374637842363775 0.030373274727910765 0.043074825977762465 0.15297085635692861 0.3943003301041456 0.5075098086354466 0.23580706016032224 0.14468723597658995 0.12646327113984349 0.1380603396723204 0.15241861499824122 0.2672848176056113 0.27667292070332816 0.22034430211702316 0.14413499461790255 0.12425430570508697 0.0938810309771762 0.058537584021065014 0.02816430929315425 0.02264189570625949 0.26231464537740734 0.41915119124516165 0.11983637483557394 0.16567240760678378 0.29379240282269636 0.4627782585816149 0.6190625630906783 0.681465836622569 0.7151525595026145 0.769272212654163 0.9106460004786182 1.620276146394338 2.3161002583428276 2.6242509364914435 2.299533017582147 0.9366013443370125 0.2711505071164369 0.008283620380338669 0.0 0.0 0.0 0.0 0.0 0.0 0.0 0.0 0.0 0.0 0.0 0.0
0.013253792608542564 0.02705982657577599 0.05356741179286112 0.061298790814508924 0.06516448032533456 0.07841827293387713 0.10989603037916615 0.3208522293984689 0.45725584499472016 0.46719618945112795 0.19659792369338194 0.18113516565008286 0.18113516565008286 0.2092994749432371 0.22310550891046707 0.2496130941275522 0.2264189570626053 0.17616499342187897 0.11486620260737004 0.07179137662960758 0.0392091364669403 0.014358275325920822 0.0044179308695130315 0.0298210333692199 0.15959775266120163 0.3258224016266728 0.8360934170555667 0.45725584499472016 0.41583774309302685 0.40976308814744467 0.5478234278197616 0.6002863568952445 0.6278984248297079 0.7317198002632919 1.2314982298770871 5.223651011841869 6.618612683890982 6.5816125128588014 4.424557765818486 2.1090097488343473 0.6466746310251417 0.12370206434639958 0.0038656895108256373 0.0005522413586908637 0.0 0.0 0.0 0.0 0.0 0.0 0.0 0.0 0.0 0.0
0.0469405154885881 0.10658258222703137 0.15131413228086296 0.15352309771561948 0.16125447673727075 0.1778217174979481 0.26894154168167694 0.5378830833633573 0.5688085994499554 0.37165843439788265 0.214269647171441 0.2319413706494966 0.2612101626600291 0.28661326515973595 0.27998636885546296 0.2501653354862431 0.22089654347571056 0.16180671809595815 0.09774672048800184 0.051358446358104604 0.02264189570625949 0.0033134481521347736 0.016014999401989943 0.005522413586894759 0.08338844516208102 0.3081506781486172 0.9078847936851708 0.6185103217319909 0.37441964119133003 0.31422533309419937 0.45339015548389805 0.5389875660807355 0.5875848056453893 0.9227953103697826 1.646783731611423 5.7267428896078005 7.7065281605088565 7.559079717738819 4.792902752064234 2.6739526587734788 1.0685870290637507 0.1259110297811561 0.006074654945582153 0.0016567240760691215 0.0 0.0 0.0 0.0 0.0 0.0 0.0 0.0 0.0 0.0
0.2021203372802767 0.25071757684493046 0.2888222305944925 0.2915834373879399 0.5224203253200548 0.421912398038609 0.4478677418970033 0.6063610118408267 0.38159877885429044 0.2993148164095877 0.25789671450789087 0.2844042997249795 0.29489688554007465 0.2893744719531799 0.27059826575774604 0.23580706016032224 0.18168740700877373 0.12370206434639958 0.0690301698361602 0.026507585217085128 0.0038656895108256373 0.0044179308695130315 0.008283620380338669 0.0022089654347565157 0.009388103097716927 0.207642750867168 0.34459860782211016 0.31035964358337376 0.27612067934463735 0.21095619901930276 0.3479120559742449 0.48376343021180535 0.577644461188985 0.7637497990672717 1.3938571893317362 3.402359010884634 4.396945697884022 5.180576185864105 3.961779507236871 2.935162821433506 0.7466303169479036 0.11265723717261353 0.011044827173786048 0.0 0.0 0.0 0.0 0.0 0.0 0.0 0.0 0.0 0.0 0.0
