static/data/precipitation/2023/7/4/6.asc
ncols 137
nrows 93
xllcorner 108.0
yllcorner 17.0
cellsize 0.25
NODATA_value -32767
[rows 20 to 39 of 93, columns 46 to 91 of 137]
0.005522413586894759 0.0022089654347565157 0.0016567240760691215 0.0027612067934473794 0.0038656895108256373 0.006074654945582153 0.008835861739029532 0.022089654347572096 0.05080620499941374 0.08394068652077188 0.11873189211819568 0.1209408575529522 0.09664223777062358 0.05798534266237415 0.02374637842363775 0.012149309891164306 0.0016567240760691215 0.0005522413586908637 0.0 0.0 0.0 0.10106016864013662 0.3876734337998726 0.7626453163498901 0.8189739349361985 0.5848235988519455 0.06571672168402543 0.02540310249970687 0.27059826575774604 0.6886449742855294 1.1961547829209724 4.619498965435801 8.200784176535759 9.92653842243975 7.401690930512376 6.372313037915564 4.907768954671602 3.5917777969150557 2.9782376474112704 1.0768706494440894 0.2683893003229895 0.0044179308695130315 0.0 0.0 0.0 0.0
0.008835861739029532 0.011044827173786048 0.02264189570625949 0.040313619184318555 0.04528379141252245 0.048597239564657224 0.048597239564657224 0.05743310130368676 0.06571672168402543 0.0817317210860119 0.07179137662960758 0.05632861858630503 0.038656895108249434 0.02264189570625949 0.006626896304273017 0.0016567240760691215 0.0011044827173782579 0.0 0.0 0.0 0.0 0.03644792967349292 0.18113516565008286 0.3998227436910369 0.6058087704821358 0.5191068771679199 0.025955343858397734 0.0298210333692199 0.29765809233352203 0.7400034206436306 1.225975816290196 3.7585546872392177 6.275118558786251 7.4834226515983895 5.371099454611906 4.394736732449264 3.706643999522426 3.464762284416523 2.788818861380847 1.4319618430812948 0.5003306709724862 0.0469405154885881 0.0 0.0005522413586908637 0.0 0.0
0.04638827412990071 0.08780637603159405 0.13419465016149476 0.19162775146517805 0.2148218885301284 0.21537412988881927 0.16014999401988902 0.11541844396605744 0.10934378902047875 0.07510482478174235 0.051358446358104604 0.040313619184318555 0.02816430929315425 0.013806033967233428 0.004970172228203895 0.0038656895108256373 0.0022089654347565157 0.0005522413586908637 0.0 0.0 0.0 0.03644792967349292 0.04086586054300595 0.20101585456289844 0.34238964238735015 0.29986705776827854 0.025955343858397734 0.02374637842363775 0.24353843918197005 0.6582716995576187 1.096199096998214 1.4303051190052256 3.13065626240951 3.251597119962462 2.6976990371971166 2.5966388685569797 2.8241623083369616 2.6364002463826077 2.19129371127905 1.340289777538875 0.47768877526622316 0.07289585934698584 0.0005522413586908637 0.0005522413586908637 0.0005522413586908637 0.0
0.1430305119005243 0.2048815440737206 0.29379240282269636 0.4075541227126882 0.4440020523861776 0.37386739983263917 0.26231464537740734 0.15738878722644511 0.09608999641193272 0.06350775624926544 0.038656895108249434 0.0298210333692199 0.021537412988881233 0.012149309891164306 0.005522413586894759 0.004970172228203895 0.0022089654347565157 0.0005522413586908637 0.0 0.0 0.0 0.0 0.0016567240760691215 0.09167206554241969 0.1281199952159126 0.09222430690111055 0.017671723478055595 0.012149309891164306 0.1800306829327046 0.30207602320303506 0.5086142913528248 0.7455258342305253 0.8642577263487174 1.1149753031936513 1.4634396005265837 1.8085904497073813 1.972606133238096 1.9107551010648962 1.4866337375915342 0.8388546238490107 0.4174944671690925 0.08007499700994625 0.0022089654347565157 0.0 0.0022089654347565157 0.0005522413586908637
0.15131413228086296 0.2197920607583323 0.34735981461555404 0.5969729087431097 0.6190625630906783 0.4103153295061321 0.23912050831245701 0.12204534027033045 0.07344810070567323 0.03092551608659816 0.02374637842363775 0.01822396483674646 0.01270155124985517 0.009388103097716927 0.004970172228203895 0.0033134481521347736 0.0011044827173782579 0.0 0.0 0.0 0.0 0.0 0.0 0.0005522413586908637 0.025955343858397734 0.06461223896664717 0.06461223896664717 0.05688085994499589 0.024298619782328612 0.07289585934698584 0.19438895825862543 0.3501210214090014 0.5649429099391299 0.8035111768928994 0.9167206554242003 1.2430952984095605 1.3540958115061084 1.2342594366705346 0.884138415261533 0.4324049838537042 0.1386125810310078 0.07455258342305149 0.0016567240760691215 0.0077313790216512746 0.11762740940081742 0.09167206554241969
0.08891085874897231 0.15407533907430687 0.28992671331187075 0.5472711864610742 0.48542015428787444 0.27556843798594993 0.15131413228086296 0.061298790814508924 0.02264189570625949 0.014910516684611685 0.0077313790216512746 0.007179137662960411 0.006074654945582153 0.0033134481521347736 0.0033134481521347736 0.0011044827173782579 0.0 0.0 0.0 0.0 0.0 0.0 0.0 0.0005522413586908637 0.021537412988881233 0.103821375433584 0.09443327233586707 0.054119653151548514 0.021537412988881233 0.058537584021065014 0.18720982059566502 0.3407329183112845 0.4832111888531179 0.7350332484154266 0.6002863568952445 0.862048760913961 0.9719447912931272 0.8140037627079946 0.46995739624457533 0.18831430331304327 0.0861496519555284 0.022089654347572096 0.014358275325920822 0.021537412988881233 0.1435827532592117 0.09167206554241969
0.05356741179286112 0.11817965075950482 0.2092994749432371 0.266180334888233 0.23415033608425312 0.18444861380221764 0.0861496519555284 0.0298210333692199 0.011597068532473442 0.0038656895108256373 0.0011044827173782579 0.0005522413586908637 0.0005522413586908637 0.0005522413586908637 0.0 0.0 0.0 0.0 0.0 0.0 0.0 0.0 0.0 0.0 0.021537412988881233 0.13032896065066912 0.16346344217202727 0.13419465016149476 0.01270155124985517 0.04638827412990071 0.17174706255236594 0.36668826216967876 0.49425601602690394 0.5505846346132091 0.5605249790696167 0.7643020404259592 0.8013022114581394 0.6389432520034939 0.4881813610813218 0.3219567121158472 0.23580706016032224 0.14855292548741558 0.14468723597658995 0.18444861380221764 0.1551798217916886 0.14192602918314604
0.061298790814508924 0.08891085874897231 0.14910516684610645 0.1750605107045007 0.24298619782328265 0.2026725786389641 0.07620930749912061 0.029268792010532507 0.008835861739029532 0.0033134481521347736 0.0005522413586908637 0.0 0.0 0.0 0.0 0.0 0.0 0.0 0.0 0.0 0.0 0.0 0.0 0.0 0.0005522413586908637 0.15186637363955036 0.3434941251047319 1.1127663377588914 1.1508709915084534 0.07455258342305149 0.17892620021532635 0.37552412390870826 0.5831668747758763 0.6488835964599017 0.5815101506998072 0.6163013562972344 0.715704800861302 0.9272132412392955 0.9051235868917235 0.8808249671093983 0.8001977287407612 0.6980330773832464 0.7565706614043078 0.8559741059683789 0.796332039229939 0.6615851477097534
0.04362706733645333 0.0690301698361602 0.1281199952159126 0.15904551130251077 0.41638998445171427 0.41915119124516165 0.07179137662960758 0.014358275325920822 0.0027612067934473794 0.0 0.0 0.0 0.0 0.0 0.0 0.0 0.0 0.0 0.0 0.0 0.0 0.0 0.0 0.0 0.0 0.0005522413586908637 0.3876734337998726 1.338633053462806 1.6401568353071536 0.4440020523861776 0.2197920607583323 1.099512545150349 1.3005283997132473 0.7433168687957653 0.47327084439671013 0.5180023944505417 0.6914061810789733 1.0404227197705964 1.5308130462866747 1.8273666559028185 1.8036202774791774 2.561295421600865 3.1914028118653315 2.2608761224738974 2.1647861260619647 2.0791887154651274
0.04362706733645333 0.09608999641193272 0.1921799928238689 0.30041929912696597 1.1282290958021939 1.1729606458560256 0.051358446358104604 0.0077313790216512746 0.0011044827173782579 0.0 0.0 0.0 0.0 0.0 0.0 0.0 0.0 0.0 0.0 0.0 0.0 0.0 0.0 0.0 0.0 0.0 0.0 0.315882057170265 0.8366456584142541 1.4385887393855676 2.262532846549967 3.0080586807804903 3.1648952266482446 2.331010775027436 0.2269711984212927 0.27225498983381513 0.41307653629957947 0.773690143523676 1.3463644324844573 1.7848440712837434 1.9394716517167412 2.201786297094145 2.51987731969917 2.8147742052392433 3.007506439421801 2.088024577204157
0.05743310130368676 0.27943412749677554 0.794123073795179 3.6337481401754417 5.292681181678029 5.3064872156452605 3.6751662420771365 0.0077313790216512746 0.0011044827173782579 0.0 0.0 0.0 0.0 0.0 0.0 0.0 0.0 0.0 0.0 0.0 0.0 0.0 0.0 0.0 0.0 0.0 0.0 0.0 0.21095619901930276 0.28992671331187075 0.8289142793926063 1.1547366810192792 0.8857951393375987 0.11983637483557394 0.0469405154885881 0.07179137662960758 0.16125447673727075 0.7090779045570323 1.6351866630789496 1.6009476988402134 1.505409943786968 1.6114402846553084 1.947203030738389 2.670639210621342 2.4701755974171347 2.025069062313579
0.09443327233586707 0.3230611948332289 1.6396045939484627 4.446647420166056 5.10105343021285 3.0682529888776227 0.726749628035088 0.030373274727910765 0.0022089654347565157 0.0 0.0 0.0 0.0 0.0 0.0 0.0 0.0 0.0 0.0 0.0 0.0 0.0 0.0 0.0 0.0 0.0 0.0 0.0 0.0 0.0695824111948476 0.1800306829327046 0.2148218885301284 0.06737344576009108 0.05522413586892677 0.008835861739029532 0.0347912055974238 0.06516448032533456 0.5168979117331635 1.0470496160748695 2.075323025954302 1.5241861499824052 0.9018101387395887 1.0564377191725864 1.7180228668823398 3.0704619543123792 2.7976547231198765
1.060303408683412 3.5498074536546715 4.110884674082976 5.219233080972354 2.362488532472725 0.12038861619426133 0.04528379141252245 0.024298619782328612 0.006626896304273017 0.0016567240760691215 0.0 0.0 0.0 0.0 0.0 0.0 0.0 0.0 0.0 0.0 0.0 0.0 0.0 0.0 0.0 0.0 0.0 0.0 0.0 0.0 0.0 0.019328447554124717 0.019328447554124717 0.008835861739029532 0.05522413586892677 0.14689620141134646 0.22752343977998357 1.090124442052632 2.100173887095321 2.5607431802421763 2.2757866391585093 1.6020521815575914 0.9851985839016697 1.2204534027033012 2.0819499222585747 3.139492124148539
2.90920747757511 4.991157399833683 4.754798098314674 2.454160598015145 0.01270155124985517 0.011597068532473442 0.008835861739029532 0.005522413586894759 0.008835861739029532 0.0033134481521347736 0.0 0.0 0.0 0.0 0.0 0.0 0.0 0.0 0.0 0.0 0.0 0.0 0.0 0.0 0.0 0.0 0.0 0.0 0.0 0.0 0.0 0.0 0.0 0.03644792967349292 0.1259110297811561 0.2264189570626053 0.4313005011363259 1.2966627102024217 2.778326275565752 2.7258633464902706 2.6496540389911503 2.6463405908390136 2.068696129650032 1.6815749372088469 1.085706511183119 2.0742185432369236
2.9892824745850546 3.288045049635953 2.4580262875259704 0.006626896304273017 0.0027612067934473794 0.0011044827173782579 0.0011044827173782579 0.0005522413586908637 0.0038656895108256373 0.0033134481521347736 0.0 0.0 0.0 0.0 0.0 0.0 0.0 0.0 0.0 0.0 0.0 0.0 0.0 0.0 0.0 0.0 0.0 0.0 0.0 0.0 0.0 0.0 0.0005522413586908637 0.03700017103218031 0.1032691340748966 0.16567240760678378 0.37165843439788265 1.5821714926447794 3.147775744528878 3.0886859191491256 3.291910739146779 3.288597290994644 2.7959979990438093 2.134412851334054 1.2800954694417443 0.8962877251526974
0.8117947972732381 1.5297085635692966 0.012149309891164306 0.0044179308695130315 0.0005522413586908637 0.0 0.0 0.0 0.0016567240760691215 0.0016567240760691215 0.0 0.0 0.0 0.0 0.0 0.0 0.0 0.0 0.0 0.0 0.0 0.0 0.0 0.0 0.0 0.0 0.0 0.0 0.0 0.0 0.0 0.0 0.0011044827173782579 0.004970172228203895 0.01546275804329908 0.051910687716792 0.16677689032416204 1.381155638081881 2.6430271426868788 2.8550878244235616 2.99314816409588 3.7585546872392177 3.303507807679254 2.196816124865945 2.497235423992909 1.687649592154429
0.0027612067934473794 0.0016567240760691215 0.0011044827173782579 0.0016567240760691215 0.0011044827173782579 0.0005522413586908637 0.0005522413586908637 0.0 0.0044179308695130315 0.0033134481521347736 0.0 0.0 0.0 0.0 0.0 0.0 0.0 0.0 0.0 0.0 0.0 0.0 0.0 0.0 0.0 0.0 0.0 0.0 0.0 0.0 0.0 0.0005522413586908637 0.016567240760677338 0.02098517163019384 0.020432930271502975 0.07234361798829497 0.11928413347688308 0.15352309771561948 0.40921084678875386 0.8907653115658026 1.8091426910660722 2.7369081736640553 3.1969252254522225 2.513250423394899 3.522747627078897 2.380160255950784
0.0044179308695130315 0.008835861739029532 0.0033134481521347736 0.0077313790216512746 0.0044179308695130315 0.0016567240760691215 0.0027612067934473794 0.0 0.0 0.0 0.0 0.0 0.0 0.0 0.0 0.0 0.0 0.0 0.0 0.0 0.0 0.0 0.0 0.0 0.0 0.0 0.0 0.0 0.0 0.0 0.0 0.03534344695611466 0.06571672168402543 0.07013465255353846 0.03534344695611466 0.162358959454649 0.2672848176056113 0.2440906805406609 0.08891085874897231 0.23635930151900963 0.6947196292311115 1.4297528776465382 2.047710958019838 1.9394716517167412 1.5429623561778392 1.3066030546588294
0.005522413586894759 0.0005522413586908637 0.0011044827173782579 0.0033134481521347736 0.0038656895108256373 0.0027612067934473794 0.0 0.0 0.0 0.0 0.0 0.0 0.0 0.0 0.0 0.0 0.0 0.0 0.0 0.0 0.0 0.0 0.0 0.0 0.0 0.0 0.0 0.0 0.0 0.0 0.0 0.0 0.0022089654347565157 0.0022089654347565157 0.0011044827173782579 0.006626896304273017 0.008835861739029532 0.006626896304273017 0.005522413586894759 0.0033134481521347736 0.10161240999882748 0.627346183471017 1.3463644324844573 1.8814863090543672 1.4998875302000767 0.8946310010766283
0.0 0.0 0.0 0.0 0.0005522413586908637 0.0005522413586908637 0.0 0.0 0.0 0.0 0.0 0.0 0.0 0.0 0.0 0.0 0.0 0.0 0.0 0.0 0.0 0.0 0.0 0.0 0.0 0.0 0.0 0.0 0.0 0.0 0.0 0.0005522413586908637 0.0 0.0 0.0 0.0 0.0005522413586908637 0.0005522413586908637 0.0005522413586908637 0.0005522413586908637 0.12370206434639958 0.43627067336452985 0.1949411996173163 0.9564820332498281 0.9078847936851708 0.575435495754225
