static/data/ASCData/20210118/ASCV/00.asc
ncols 97
nrows 97
xllcorner 99.0
yllcorner 2.0
cellsize 0.25
NODATA_value -32767
[rows 38 to 56 of 97, columns 43 to 85 of 97]
-10.584171683487098 -10.632807127652633 -10.75981911493385 -10.956110368004822 -11.084172041131339 -11.152401621075793 -11.246173556589198 -11.417272349372986 -11.682842868233713 -11.926020089061389 -12.149603174110142 -12.45611144093754 -12.764719079455542 -13.007896300283214 -13.24617498716616 -13.507896657927457 -13.712935293042587 -13.866539321738056 -14.132809631162313 -14.223782404421588 -14.42987072538202 -14.338198161559212 -14.04008738149421 -13.641906550844002 -13.394530586635131 -13.360590744303785 -13.5918715255514 -13.830150212434347 -13.97395717324035 -14.132109840598783 -14.236378634565181 -14.204188268642667 -14.286413659857782 -14.474657321448124 -14.716085065866967 -14.62721166429829 -14.393831511360077 -13.724831732622647 -13.12126237157554 -11.831198467702684 -9.421119766895456 -6.333293905306639 -2.6894844409909506
-10.815452464734713 -10.987600943363802 -11.090120260921367 -11.438615961560739 -11.586271770466176 -11.676894648443685 -11.709085014366197 -11.831198467702684 -12.1114645883976 -12.519792382219034 -12.763669393610243 -13.044985200150457 -13.154502423343352 -13.428820324248242 -13.645755398943432 -13.893831153715837 -14.089072720941509 -14.24127716850991 -14.21293565068683 -14.24617570245464 -14.27661659196832 -14.212235860123297 -13.999149633527534 -13.827351050180216 -13.649604247042863 -13.713984978887886 -13.889982305616407 -13.916224451748889 -14.001948795781665 -13.949464503516701 -13.985503717538645 -13.928820681892482 -13.89173178202524 -13.990402251483374 -13.869338483992188 -13.74232649671097 -13.217833469343077 -12.44456489663925 -11.698238260631438 -9.643653166098911 -6.323496837417179 -2.2510656529376036 0.7713297909608903
-11.064577905352417 -11.408524967328827 -11.593969466665039 -11.997398726541743 -12.068427468740328 -12.13700694396655 -12.004046736895305 -12.123361027977658 -12.499148560594815 -12.94736441653762 -13.336098074580136 -13.597819745341429 -13.60866649907619 -13.745125658965101 -13.950514189362 -14.150654290532405 -14.346945543603375 -14.400479521713638 -14.333299627614483 -14.138757850952345 -14.067379213471991 -14.116364552919293 -14.066679422908457 -13.92392214794775 -13.92987036773778 -13.990402251483374 -13.902578535759996 -13.92217267153892 -13.857442044412128 -13.75702209854516 -13.77766592016938 -13.716084350578488 -13.63595833105397 -13.414124722414051 -13.287112735132833 -12.783263529389163 -12.175145529679092 -11.297958058290632 -10.380882524780798 -8.29410706432576 -4.903621784008973 -0.777656621419132 1.972520293265073
-11.372135858025118 -11.773465746211222 -12.026440034928356 -12.392780394937816 -12.44351521079395 -12.464858822981704 -12.333997987601055 -12.361639714860605 -12.736377561632459 -13.179694883630535 -13.647504875352265 -13.873187332091618 -13.959261571406163 -14.030290313604748 -14.176896436664887 -14.375287061426455 -14.45436339510567 -14.506847687370637 -14.2570224561894 -13.969058639295621 -13.92987036773778 -14.09502094073154 -14.09991947467627 -14.116364552919293 -14.119163715173425 -13.92987036773778 -13.840996966169104 -13.793061312567104 -13.670248068667082 -13.642606341407536 -13.58907236329727 -13.562830217164787 -13.343095980215463 -13.120212685730241 -12.667098295842706 -12.159400241999602 -11.419021825781819 -10.556879851509315 -9.426018300840187 -7.746171053079516 -4.670241631070758 -1.0645707524676116 1.679657942426564
-11.581373236521447 -12.088021604519248 -12.333298197037522 -12.62511086203073 -12.724831017334168 -12.75492201156608 -12.729729551278897 -12.757021383256678 -12.887882218637326 -13.25492236921032 -13.754222936291029 -13.916224451748889 -14.159401672576564 -14.210136488432699 -14.37108831804526 -14.43371957348145 -14.512795907160665 -14.436518735735582 -14.179695598919018 -13.91027623195886 -13.924971833793052 -14.037288219240075 -14.163250520675994 -14.206287640333265 -13.979555497748613 -13.790262150312973 -13.705237596843727 -13.660451000777623 -13.537287861595836 -13.595020583087297 -13.45051383171776 -13.462060376016051 -13.196489857155324 -12.803907351013383 -12.350792961125844 -11.78326281410068 -11.048832617672929 -10.171995041566234 -8.9973965806763 -7.394526294904246 -4.238470853370973 -0.788153479872125 -0.029580509002487432
-11.829099096012085 -12.370387096904764 -12.586972276318189 -12.89662960068149 -13.018743054017975 -13.059680801984648 -13.025391064371536 -13.122312057420842 -13.276615876679841 -13.42287210445821 -13.90642738385943 -13.971857801549753 -14.346945543603375 -14.364440307691698 -14.543236796674346 -14.5645804088621 -14.355692925647535 -14.21783418463156 -14.137008374543512 -13.995300785428103 -13.968008953450322 -13.937568063936641 -14.173047588565456 -14.238478006255779 -13.936518378091343 -13.553033149275326 -13.44736477418186 -13.487602731585003 -13.41132556015992 -13.500198961728593 -13.289212106823431 -13.301808336967024 -12.907476354416247 -12.519792382219034 -12.051982390497306 -11.470806327483253 -10.842044506148962 -9.921120124539698 -8.618459990523247 -6.282559089450506 -2.83888972630522 -1.2591125291297511 -0.944556670821723
-12.240575947369416 -12.618462851677169 -12.676895363732164 -13.10866614143195 -12.991451222040194 -13.130009753619703 -13.167098653486946 -13.293060954922861 -13.544285767231166 -13.644705713098134 -14.037288219240075 -14.101668951085102 -14.473957530884594 -14.474657321448124 -14.596770774784613 -14.502998839271207 -14.231480100620452 -13.981654869439215 -13.898729687660566 -14.006147539162864 -14.000199319372836 -14.08032533889735 -14.30005957584667 -14.204188268642667 -13.76192063248989 -13.385783204590968 -13.308806242602351 -13.361640430149084 -13.212235144834814 -13.25002383526559 -13.062829859520548 -13.031339284161568 -12.664299133588575 -12.3147537471039 -11.847993441227473 -11.231477954755007 -10.686691001044665 -9.103764746333297 -7.193686403170311 -4.0537261445982935 -2.339939054506279 -1.3633813230961498 -1.6289518419568765
-12.538336832152655 -13.09781938769719 -12.721681959798268 -13.128960067774404 -12.875985779057267 -13.04988373409519 -13.08137430945417 -13.257021740900921 -13.615314509429751 -13.78151476826881 -14.08802303509621 -14.263670466542962 -14.456112871514502 -14.458212243205104 -14.577176639005692 -14.532390042939586 -14.278366068377153 -13.962060733660294 -13.792011626721802 -13.940717121472542 -14.04498591543894 -14.252123922244671 -14.311606120144965 -13.931969739428379 -13.475706292004944 -13.211185458989515 -13.173046873276974 -13.208036401453619 -13.079274937763568 -13.07717556607297 -12.865488920604275 -12.851843004615382 -12.536237460462058 -12.155551393900172 -11.581373236521447 -10.80110675818229 -9.61426196243053 -7.301104254672607 -4.769611891092426 -2.0393790074689084 -2.315446384782628 -2.440708895655013 -2.852535642294111
-12.688791803312224 -13.22168231744251 -12.822451800947004 -13.006146823874385 -12.844845098980056 -13.095720016006592 -13.204187553354188 -13.403627863961056 -13.740577020302137 -13.903628221605299 -14.089072720941509 -14.26576983823356 -14.392781825514778 -14.338897952122746 -14.413425647138997 -14.471858159193992 -14.323502559725025 -14.012795549516426 -13.848694662367965 -13.94561565541727 -14.06458005121786 -14.101668951085102 -14.069478585162589 -13.696490214799567 -13.304957394502921 -13.158351271442783 -13.174096559122273 -13.193690694901193 -13.187742475111165 -13.13700765925503 -12.719932483389435 -12.668147981688005 -12.342045579081685 -11.947363701249142 -11.0908200514849 -9.761917771335968 -7.782560162383226 -5.229724186615293 -3.8332921170854375 -2.952255797597546 -3.7412696579808644 -4.33994048508324 -5.073320995665695
-13.25107352111089 -13.10061854995132 -12.92392143265927 -13.006846614437915 -13.029589807752735 -13.174096559122273 -13.324551530281841 -13.528540479551676 -13.813705134191324 -14.034489056985944 -14.180745284764317 -14.182844656454915 -14.190542352653775 -14.12336245855462 -14.150654290532405 -14.217134394068026 -14.133859317007612 -14.086273558687378 -14.096770417140373 -14.106567485029831 -14.182844656454915 -14.012795549516426 -13.833299269970244 -13.565629379418919 -13.364439592403215 -13.25422257864679 -13.28151441062457 -13.321402472745945 -13.369338126347948 -13.168148339332244 -12.48760201629652 -12.033437940563685 -11.575425016731417 -10.94246445201593 -9.901525988760778 -8.16044706669098 -6.2531678857821245 -5.159395234980239 -4.958205447964536 -5.050927697632643 -5.571571876901103 -5.97465124149604 -5.936862551065264
-13.414124722414051 -12.898728972372087 -13.018743054017975 -12.917973212869242 -13.1321091253103 -13.301808336967024 -13.479555140104374 -13.692641366700137 -13.950514189362 -14.171997902720154 -14.251074236399372 -14.222732718576289 -14.031339999450047 -13.914125080058291 -13.885083771671678 -13.953313351616131 -14.035188847549477 -14.047085287129537 -14.275566906123021 -14.252123922244671 -14.220983242167456 -13.964160105350892 -13.835048746379076 -13.639807179153404 -13.459961004325454 -13.422172313894677 -13.452263308126593 -13.488302522148537 -13.216083992934248 -12.581373951809926 -11.920071869271359 -11.379133763660445 -10.384031582316695 -9.580322120099186 -8.201384814657652 -6.540082016830604 -6.095015218423694 -5.921117263385774 -6.605512434520929 -6.9599563549503305 -7.1702434192919595 -6.870383162818122 -6.6272059419904465
-13.442466240237131 -12.886832532792027 -13.158351271442783 -12.998099232393756 -13.389981947972167 -13.563530007728321 -13.759821260799292 -13.966959267605024 -13.998099947682235 -14.220983242167456 -14.308806957890834 -14.459961719613933 -14.143656384897074 -13.816504296445455 -13.74232649671097 -13.7461753448104 -13.829100526589045 -14.033439371140645 -14.27766627781362 -14.263670466542962 -14.197540258289106 -13.996350471273402 -13.944565969571972 -13.71783382698732 -13.657301943241723 -13.622312415065082 -13.579275295407808 -13.5449855577947 -12.55373222455038 -11.754921296277601 -11.258069996169258 -10.45226116226115 -9.360587883149863 -8.105513507453649 -6.7500191858904675 -6.5295851583776106 -6.32629599967131 -7.210131481413333 -7.869334192261303 -7.998095655951353 -7.821398538659301 -7.6191590657983 -7.237423313391115
-13.433718858192972 -12.962060018371812 -13.267868494635678 -13.284313572878702 -13.694390843108966 -13.807756914401292 -14.006147539162864 -14.049884449383669 -14.07927565305205 -14.200339420543237 -14.242326854355209 -14.511046430751833 -14.128960783062883 -13.814754820036622 -13.624061891473914 -13.631059797109241 -13.800059218202431 -14.002998481626967 -14.278366068377153 -14.286413659857782 -14.312655805990264 -14.149604604687102 -14.097820102985672 -13.97395717324035 -13.913425289494757 -13.671997545075914 -13.617413881120353 -12.986552688095461 -11.858490299680465 -11.084172041131339 -10.656250111530984 -9.668145835822562 -8.263666174812078 -7.022587610386522 -7.13770315808768 -6.9396624286078765 -7.564575401842735 -8.462056799573649 -8.544981981352295 -8.458207951474218 -8.226577274944837 -8.204183976911784 -7.800054926471548
-13.370387812193247 -13.111465303686082 -13.459961004325454 -13.630010111263942 -14.058631831427828 -14.133859317007612 -14.23252978646575 -14.27661659196832 -14.19439120075321 -14.285363974012483 -14.06353036537256 -14.259821618443532 -13.969058639295621 -13.988302879792776 -13.77766592016938 -13.89068209617994 -14.058631831427828 -14.196490572443807 -14.464160462995132 -14.387883291570049 -14.522592975050127 -14.342047009658646 -14.231480100620452 -14.176896436664887 -14.119163715173425 -13.878085866036347 -13.11636383763081 -12.338896521545784 -11.30005742998123 -10.580322835387665 -10.058628970273908 -8.845891923671433 -7.4729028380199285 -7.321398181015061 -7.4368636239979855 -8.217829892900676 -8.999146057085131 -9.276613015525918 -8.963106843063189 -8.888929043328705 -8.530286379518106 -8.511042139020951 -6.7500191858904675
-13.324551530281841 -13.200338705254758 -13.814754820036622 -13.92287246210245 -14.352543868111638 -14.38298475762532 -14.452264023415072 -14.428821039536722 -14.37108831804526 -14.290262507957213 -13.914125080058291 -14.028540837195916 -13.978855707185083 -14.193691410189675 -14.118463924609891 -14.255972770344101 -14.302858738100802 -14.424972191437291 -14.759122185524237 -14.537288576884318 -14.683894699944457 -14.461011405459235 -14.311606120144965 -14.167099368775425 -14.034489056985944 -13.55373293983886 -12.76296960304671 -11.863388833625196 -10.879133406016205 -10.107614309721209 -9.430916834784917 -8.241272876779027 -7.777661628438496 -7.848690370637083 -8.583120567064837 -9.440713902674378 -9.728677719568157 -9.718880651678695 -9.444562750773809 -9.394527725481208 -8.912372027207056 -7.948410525940519 -5.9854979952308
-13.839947280323806 -13.345895142469594 -14.07647649079792 -14.171997902720154 -14.498100305326478 -14.544286482519645 -14.638758208596585 -14.56842925696153 -14.397680359459507 -14.313705491835563 -13.978855707185083 -14.10761717087513 -14.07542680495262 -14.356742611492834 -14.322452873879723 -14.243376540200508 -14.171997902720154 -14.337148475713914 -14.8710886756895 -14.821403545678667 -14.874237733225396 -14.524692346740725 -14.178995808355484 -13.927770996047183 -13.581374667098409 -13.08907200565303 -12.403627148672577 -11.532387897074145 -10.592919065531259 -9.734625939358185 -8.963106843063189 -8.29410706432576 -8.320349210458243 -8.97955192130621 -9.685640599910883 -10.018740908152534 -10.049881588229747 -9.909223684959638 -9.898726826506646 -9.707334107380404 -9.3028551616584 -8.112511413088978 -6.329095161925442
-14.151703976377703 -13.754922726854563 -14.509996744906534 -14.576476848442159 -14.649604962331345 -14.43476925932675 -14.626161978452991 -14.667099726419664 -14.498100305326478 -14.634909360497154 -14.461011405459235 -14.508947059061235 -14.186693504554345 -14.346945543603375 -14.303908423946101 -14.100619265239803 -13.887882933925809 -14.044286124875406 -14.601669308729342 -14.72868129601056 -14.78046579771199 -14.275566906123021 -13.869338483992188 -13.538337547441134 -13.122312057420842 -12.45541165037401 -11.724830302045685 -11.128958637197442 -10.290259646803289 -9.409223327315399 -8.862337001914455 -8.777662343726977 -9.27066479573589 -9.814751958882699 -10.167096507621503 -10.381932210626097 -10.449462000007019 -10.286410798703859 -10.28151226475913 -9.726578347877558 -9.131056578311078 -7.79200733499092 -6.107611448567287
-14.416224809393128 -14.287113450421312 -14.934769616970993 -14.60761752851937 -14.659402030220804 -14.412375961293698 -14.628961140707123 -14.761921347778369 -14.669199098110266 -14.835049461667555 -14.685644176353286 -14.684594490507987 -14.346945543603375 -14.322452873879723 -14.167099368775425 -13.957162199715562 -13.78536361636824 -13.828400736025515 -13.951213979925534 -13.917274137594188 -13.93476890168251 -13.606567127385592 -13.37598613670151 -13.0852231575536 -12.652402694008515 -11.980603753016954 -11.27451507441228 -10.688790372735262 -9.733576253512886 -9.29410777961424 -9.339944061525642 -9.820350283390962 -10.29690765715685 -10.669196236956342 -10.771715554513909 -10.748272570635557 -10.613562887155478 -10.385081268161994 -9.983401484694124 -9.371434636884622 -8.399425544137458 -6.965904574740359 -5.105511361588207
-14.936519093379822 -14.489352923282315 -15.167100084063907 -14.8710886756895 -14.941417627324554 -14.659402030220804 -14.660451716066103 -14.799010247645612 -14.880185953015427 -14.982705270572993 -14.857442759700607 -14.811606477789205 -14.544286482519645 -14.427071563127889 -14.315454968244396 -14.160451358421863 -13.91027623195886 -13.556881997374756 -13.474656606159645 -13.219932841033678 -13.109715827277249 -12.793060597278622 -12.602717563997679 -12.401527776981979 -12.185642388132084 -11.59676862891917 -10.866537175872613 -10.190539491499855 -9.47185458275159 -9.345892281315672 -9.445612436619108 -10.514892417697343 -10.879133406016205 -10.968006807584882 -10.955410577441288 -10.680742781254635 -10.436865769863427 -10.072274886262798 -9.335045527580913 -8.585219938755436 -7.120208393999359 -5.884028363518532 -4.624055453877588
