static/data/ASCData/20210118/ASCV/03.asc
ncols 97
nrows 97
xllcorner 99.0
yllcorner 2.0
cellsize 0.25
NODATA_value -32767
[rows 76 to 94 of 97, columns 0 to 42 of 97]
-0.8554182320525325 -0.838976208687396 -0.9569933986193768 -1.1532015441100074 -1.2872953791101218 -0.5536157587280242 -0.030394037419675612 0.5567688858642041 1.0909519560826437 1.4640031973227439 1.884918995470242 1.8173240105246808 0.9648964436165963 0.20417882925627406 0.09383458356135677 -0.29090876318284087 -0.7794195462759008 -1.6336740046690008 -2.6845019868497344 -3.5975823510603226 -4.326146675284378 -4.883713956511012 -5.512530005653238 -6.193229772969895 -6.7460471363354895 -7.264518939782798 -7.639762450804917 -7.958006947494562 -8.367230640137963 -8.718724561854884 -9.15717851825853 -9.453134938830988 -9.77357170530265 -10.021663568967714 -10.347581009894423 -10.830245740235434 -11.177720500685322 -11.28112255873718 -11.623116644732022 -11.890573558138247 -12.21210645950092 -12.524504903438515 -12.611464938125238
-1.1718358372571624 -0.9862236623796199 -1.0428572984150906 -0.8886676570798091 -1.0340882192870176 -1.2734110038240063 -0.7706504671478283 -0.04866295226982764 0.6181524397607143 1.1417395393660659 1.9620138161378833 2.3555262420101535 1.9357065787536643 1.14466256574209 0.3419264472264185 -0.05377824842786971 -0.7911116517799983 -1.7520565728979847 -2.91505569225865 -3.902307850760855 -4.675813705516284 -5.209996775734724 -5.832966772124901 -6.4259757481608295 -6.981350759605445 -7.402266557752943 -7.764721828379956 -8.105619779483789 -8.483420938584928 -8.776454332781364 -9.087756641827951 -9.384809197291421 -9.714745799485161 -9.967952959308267 -10.267563162850756 -10.719901494540515 -11.140817292688014 -11.327160224159563 -11.665135148887373 -11.95597627330179 -12.274586148288439 -12.485409425659189 -12.573100216939917
-1.6424430837970734 -1.4922726037288254 -1.347582798115623 -1.1093561484696433 -1.350505824491647 -1.5898286090286362 -1.2306617430746511 -0.5068473367116355 0.1983327765042251 0.834091013289509 1.504925566587084 2.259797128195358 1.9813788658790443 1.230526465537804 0.4285211036161387 -0.33000424096216596 -1.0527225124341721 -2.017686594819192 -3.209915977940101 -4.226398400202549 -5.04594192038036 -5.562586832342654 -6.056578289890759 -6.649587265926688 -7.1143484597145505 -7.528322070218991 -7.831951435028515 -8.12498482922495 -8.431537220410497 -8.725666749497943 -9.029296114307467 -9.329271696146959 -9.658112163449692 -10.0439516450849 -10.361465385180537 -10.765573781665896 -11.189412606189418 -11.421062446489344 -11.68157717225251 -11.973514431557934 -12.247182776013208 -12.458006053383961 -12.50112069243032
-2.004898354424086 -1.9296304252414602 -1.7286723618897901 -1.7111342036336445 -1.9774949821488583 -1.698345963238538 -1.2313924996686572 -0.8758794166847026 -0.3270812145861415 0.5644418301012681 1.1494124836031299 1.7471713775000977 1.8056319050205838 1.0821828769545707 0.26665851804379326 -0.6007495590414158 -1.5448870784972626 -2.3914685926532986 -3.4598347330901777 -4.55377735431727 -5.342629097546826 -5.870966115013217 -6.345592522820161 -6.7840464792238055 -7.207154547153322 -7.480457513311594 -7.744991400341792 -8.019390501391072 -8.312423895587507 -8.65807176455238 -8.972662478271996 -9.282137895833568 -9.583940369158075 -9.962106906556219 -10.418099021216008 -10.877014162251822 -11.154336289677127 -11.307795174418402 -11.574155952933616 -11.911034742770415 -12.171914846830585 -12.242067479855166 -12.258874881517308
-2.26650921507826 -2.1601841306503764 -2.1905105293016285 -2.3457963055279194 -2.3779495956641865 -1.8722660326119835 -1.0556455388101966 -0.7987845960170619 -0.5587310548860667 0.07629642530521075 0.5399614842020641 1.0858366599246017 1.2341802485078341 0.9089935641751312 0.2228131224034282 -0.4962513660985475 -1.6464622450641069 -2.9395360381578537 -3.870154560624588 -4.958981885693637 -5.615201307111091 -6.110288899550206 -6.542166046607795 -6.97477395025939 -7.266711209564817 -7.478630621826579 -7.638666315913908 -7.962026108761595 -8.230579157058827 -8.593765184279846 -8.952201293639824 -9.283234030724575 -9.56165229304089 -9.824359288586074 -10.265736271365743 -10.69030585248327 -10.868975839717756 -10.972743276066618 -11.27746877576715 -11.57342519633961 -11.732364755535931 -11.772556368206265 -11.81055571109458
-2.6359066733483303 -2.7404048662911986 -2.8269995226809184 -2.91505569225865 -2.6739060162366464 -1.9102653755002996 -1.0782989932243847 -0.6212107436735859 0.008701440359649482 -0.14366130949061695 -0.3106391912210049 0.2060057207412891 0.48040482179056987 0.192486723752177 -0.030394037419675612 -0.24596723265146725 -1.3300446398594774 -3.222704218335207 -4.313358434889271 -5.240323174385976 -5.983502630490152 -6.50307056882847 -6.887813915572668 -7.155270828978891 -7.314575766472215 -7.4278430385431555 -7.604686134292626 -7.898450285083067 -8.283193631827265 -8.6964364857377 -8.976681639539027 -9.19810088752287 -9.412943326160654 -9.700130667605041 -10.050893832727956 -10.346850253300417 -10.468886604499431 -10.29313964364097 -10.570461771066274 -11.015492536815973 -11.15835545094416 -11.070299281366427 -11.08381827835554
-2.6212915414682088 -2.7254243561140745 -2.7177514118770105 -2.576350010936835 -2.1718762361544734 -1.4922726037288254 -0.9160710293550367 -0.7293627195864851 -0.4396177300630768 -0.6299798228016589 -0.30771616484498043 -0.04391303440878769 0.005047657389618543 -0.341696346466263 -0.5488658408669846 -0.6924595115891781 -1.6154050898188488 -3.4656807858422267 -4.811369053704411 -5.55856767107562 -6.242190464768302 -6.701105605804116 -7.1055793805864775 -7.371209402507685 -7.480457513311594 -7.577282762017398 -7.7753177989930435 -7.968602918107651 -8.329962053843653 -8.640533606296234 -8.959874237876889 -9.193350969661829 -9.30771437662378 -9.42792383633778 -9.625958873313426 -9.920819158994874 -10.09948914622936 -9.782340784430724 -9.795859781419836 -10.151372864403791 -10.27523610708782 -10.138584624008686 -10.158315052046849
-2.097704441862857 -1.9932062489199889 -1.9062462142332661 -1.6552313241921799 -1.2529498191918362 -0.7743042501178583 -0.5517888672430091 -0.3818879591365971 -0.5506927323520001 -0.6873442154311356 0.018566654378731506 0.026239598615794613 -0.029297902528666597 -0.2733706049266953 -0.6427680631967654 -1.2032583707994235 -1.9668990115357703 -3.1854356320408974 -5.0682299964975455 -5.854524091648081 -6.467628874019176 -6.866256596049489 -7.207885303747328 -7.496168780082725 -7.699319113216412 -7.839989757562581 -7.942295680723431 -8.097581456949722 -8.413999062154353 -8.635783688435195 -8.920778760097564 -9.03806519343554 -9.104564043490091 -9.178735837781709 -9.34973288077913 -9.457154100098021 -9.531325894389639 -9.448385020969948 -9.26679200735944 -9.374213226678332 -9.544844891378752 -9.58101734278205 -9.64349703156957
-0.9200901906220702 -0.4805400993274169 -0.29492792444987437 -0.11443104573037388 0.0810463431662507 -0.24889025902749173 -0.25290942029452523 -0.5390006268479026 -0.6935556464801875 -0.4396177300630768 0.12416098221260885 -0.15133425372768095 -0.6924595115891781 -0.7830733292459313 -0.838976208687396 -1.31835253435538 -1.9647067417537518 -3.310395009615936 -5.581951882083815 -6.119057978678279 -6.619260867275436 -6.97952386812043 -7.342709895341448 -7.675934902208218 -7.882008261717931 -8.053736061309358 -8.142522987481096 -8.175772412508373 -8.366134505246954 -8.628841500792138 -8.85537604493402 -8.97448936975701 -8.944528349402761 -8.97083558678698 -9.022353926664408 -9.15133246550648 -9.25473452355834 -9.329271696146959 -9.171062893544644 -8.998969715656214 -9.095794964362018 -9.217831315561032 -9.329271696146959
0.44642464016928685 0.880859435305898 1.1307781904559748 1.2550068114370072 1.0478373170362856 0.6952472604283546 -0.2382942884144037 -0.7695543322568188 -0.9376283488782158 -0.5861344271612947 -0.35740761323739356 -0.9073019502269637 -1.4012934077750692 -1.2471037664397877 -1.2763340302000308 -1.5010416828568984 -2.1894143944106195 -3.850424132586424 -6.216979362275093 -6.534127724073729 -6.734355030831392 -7.067580037698162 -7.437342874265235 -7.7723947726170195 -8.00587150440196 -8.171753251241338 -8.287943549688304 -8.35846156100989 -8.511555067454163 -8.649302685424308 -8.827241916064786 -8.951105158748817 -8.923701786473588 -8.925894056255606 -9.05377646020667 -9.190427943285805 -9.248157714212285 -9.24523468783626 -9.07533377972985 -8.951105158748817 -8.946355240887776 -9.060718647849727 -9.17288978502966
1.2656027820500952 1.544021044366409 1.8154971190396658 1.9463025493667523 1.7588634830041947 1.3817930804970606 0.44532850527827783 -0.7169398574883816 -1.048703351167139 -0.9621086947774193 -0.8722256337146721 -1.2598920068348942 -1.3077565637422919 -1.1944892916713505 -1.537944890854205 -1.7754407839061788 -2.4327563402146417 -4.249051854616737 -6.905352073828814 -6.971850923883366 -7.0968103014584045 -7.340883003856433 -7.702242139592437 -7.98066040190875 -8.214867890287698 -8.357365426118882 -8.471728833080832 -8.579150052399726 -8.663187060710424 -8.769512145138307 -8.848799235587965 -8.962066507658907 -8.911278924375484 -8.917124977127534 -9.153159356991495 -9.282137895833568 -9.38371306240041 -9.126852119607276 -9.004085011814256 -8.883875552100257 -8.892644631228329 -9.056699486582694 -9.16813986716862
1.1494124836031299 1.3280824708376144 1.839977464938869 2.0135321560153114 2.263816289462391 1.8856497520642481 1.0792598505785467 -0.10931574957233181 -0.9376283488782158 -1.1250674152407738 -1.030434436316987 -1.2215272856495751 -1.1747588636331865 -1.4718114190966554 -1.8152670182795099 -2.0819931750917267 -2.651252561822458 -4.7284281802847214 -7.582032679878438 -7.553898551009204 -7.620032022766754 -7.875066074074873 -8.060678248952415 -8.338000376377721 -8.464786645437774 -8.59668821065587 -8.6964364857377 -8.79399249103751 -8.81920359353072 -8.885702443585274 -8.968643317004961 -8.907259763108453 -8.85647217982503 -8.8769333644572 -9.095794964362018 -9.300772188980723 -9.290176218367634 -8.490363126227987 -8.937586161759704 -8.805684596541607 -8.973758613163003 -9.137813468517368 -9.197370130928864
0.533019296559007 0.510731220441822 1.2608528641890562 1.908303206478437 2.17576011988466 2.0986652992170187 1.3565819780038515 0.22646690537345915 -0.7549392003766973 -1.0264152750499536 -1.2781609216850458 -1.6004245796417242 -1.5733865856634996 -1.9347457213995027 -2.436410123184672 -2.714828385500986 -3.2987029041118388 -5.375147765980096 -8.12388869433394 -8.195502840546537 -8.287212793094298 -8.5038821232171 -8.645648902454276 -8.703013295083753 -8.79874240889855 -8.837107130083869 -8.9492782672638 -8.996046689280188 -9.023450061555417 -9.045007381078596 -9.061449404443733 -8.97083558678698 -8.979604665915053 -9.042084354702572 -9.119179175370213 -9.474692258354168 -8.791069464661486 -6.970754788992357 -8.18161846526042 -9.12027531026122 -9.22952342106513 -9.16704373227761 -9.244138552945252
0.2841966762999384 -0.08885456494016175 0.5878260411094622 1.4190616667913707 1.9148800158244912 1.9013610188353791 1.2498915152789651 0.030258759882828556 -0.8846484958127756 -1.0439534333060996 -1.7381721976118691 -2.176626154015513 -2.152511186413313 -2.577080767530841 -3.062668524247877 -3.4952764278994723 -4.192418218581267 -5.835889798500926 -8.468805806704808 -8.735531963517024 -8.852453018557995 -9.023450061555417 -9.08885277671896 -9.126852119607276 -9.180562729266722 -9.197370130928864 -9.269715033735464 -9.17288978502966 -9.2499846056973 -9.138544225111374 -9.160101544634554 -9.087025885233945 -9.114429257509173 -9.302599080465736 -9.448385020969948 -9.568229102386944 -8.394634012413192 -6.455936768515079 -8.325212135982614 -9.373117091787323 -9.255830658449348 -9.112236987727155 -9.111506231133149
0.22756304026446816 -0.24523647605746124 0.11831492946055988 0.7127854186845006 1.2900831279492984 1.533059695456318 0.9952228422678484 -0.4041760352537822 -1.328217748374462 -1.3154295079793559 -1.836093581208683 -1.7794599451732123 -1.4835035246007524 -2.213894740309823 -3.3465674610192364 -3.9815949412105143 -4.472663372382596 -5.866216197152177 -8.795819382522525 -9.081910589075903 -9.072410753353825 -9.174716676514674 -9.22842728617412 -9.329271696146959 -9.426827701446769 -9.43157761930781 -9.586863395534099 -9.544844891378752 -9.520364545479547 -9.306618241732771 -9.336944640384022 -9.367271039035273 -9.415135595942672 -9.536075812250678 -9.572248263653979 -9.296753027713688 -8.869260420220137 -8.168099468271308 -9.19444710455284 -9.366174904144266 -9.214908289185008 -9.087756641827951 -9.008834929675295
0.007970683765643471 0.4920969272946669 0.8731864910688341 1.0419912642842366 1.2608528641890562 1.200200066886552 0.4354632912591958 -1.03920351544506 -2.0107444071761345 -1.9796872519308764 -1.7615564086200637 -1.6183281161948733 -1.4930033603228314 -2.533235371890477 -3.897557932899816 -4.476682533649629 -4.653160251102095 -5.790948267969552 -8.625918474416114 -8.95037440215481 -8.959874237876889 -9.134890442141344 -9.248157714212285 -9.4425389682179 -9.625958873313426 -9.592709448286147 -9.58795953042511 -9.6230358469374 -9.579190451297036 -9.586863395534099 -9.589055665316117 -9.675650321705838 -9.731553201147303 -9.754937412155495 -9.753110520670482 -9.460807883068053 -9.123929093231252 -9.197370130928864 -9.579921207891042 -9.530229759498628 -9.285060922209592 -8.988373745043127 -8.799838543789559
-0.6416719283057559 0.29698491669504534 1.2433147059329102 1.4307537722954677 1.4102925876632977 1.161104589107227 0.08579626102728977 -1.4677922578296219 -2.375026569288162 -2.4422561759367207 -1.9891870876529554 -1.9022270529662326 -2.0918583891108087 -3.562506034548031 -4.859233610611808 -4.980539205216816 -4.94728978018954 -5.577201964222775 -8.094658430573698 -9.01175795605132 -9.03112300579248 -9.121006066855227 -9.277387977972527 -9.430846862713803 -9.541921865002726 -9.62888189968945 -9.52913362460762 -9.514518492727499 -9.280311004348551 -9.466653935820101 -9.621939712046391 -9.807551886923934 -9.83605139409017 -9.745072198136414 -9.688438562100945 -9.68551553572492 -9.415866352536678 -9.583940369158075 -9.66980426895379 -9.554710105397833 -9.293830001337664 -9.12027531026122 -9.123929093231252
-0.5956342628833733 -0.12612315123447182 0.8194758814093879 1.4168693970093527 1.4804452206878809 1.157085427840193 0.03500867774386762 -1.7608256520260572 -2.672809881345637 -3.1123599726402897 -3.3319523291391153 -3.092629544602126 -3.199320007327013 -4.616257043104789 -5.656123676375431 -5.688642344808701 -5.266630411770194 -5.46101166577581 -6.695259553052068 -8.360288452494906 -9.017604008803367 -9.240119391678217 -9.415866352536678 -9.535345055656672 -9.60732458016627 -9.615362902700337 -9.493326551501323 -9.45203880393998 -9.206869966650942 -9.29090697496164 -9.608420715057278 -9.759687330016536 -9.737399253899351 -9.671996538735808 -9.70232293738706 -9.70597672035709 -9.64349703156957 -9.711822773109137 -9.669073512359784 -9.695380749744 -9.486384363858264 -9.387732223667445 -9.351559772264144
-0.4308486509350038 -0.36142677450442706 0.2217169875124192 0.8779364089298731 1.4150425055243376 1.1114131407148138 0.050719944514998616 -1.6004245796417242 -2.7020401451058795 -3.7130418929132825 -4.7119861569195844 -4.956058859317613 -4.891752279045079 -5.228631068881878 -6.181537667465798 -6.034290213773574 -5.7481990072201965 -5.383916845108169 -5.872062249904226 -7.012773293147706 -9.083006723966912 -9.425000809961755 -9.479442176215207 -9.591978691692141 -9.687342427209934 -9.63984324859954 -9.604401553790247 -9.41111643467564 -9.248157714212285 -9.294926136228673 -9.589786421910123 -9.731553201147303 -9.70232293738706 -9.50976857486646 -9.480538311106216 -9.636554843926513 -9.68551553572492 -9.746168333027423 -9.746168333027423 -9.694284614852993 -9.531325894389639 -9.460077126474047 -9.798782807795861
