static/data/ASCData/20210118/ASCV/06.asc
ncols 97
nrows 97
xllcorner 99.0
yllcorner 2.0
cellsize 0.25
NODATA_value -32767
[rows 76 to 94 of 97, columns 0 to 42 of 97]
-1.7349611360670625 -2.0093411031494863 -2.0611035650246103 -2.0544873104992187 -2.1977097614018177 -2.041643992891105 -1.7563666654139183 -1.5279112885665667 -0.9810973116150685 -0.44206716351697306 0.0023894640122867905 0.15183897799760748 -0.12448694629816748 -0.585678805862242 -0.9499619962014605 -1.3687319885144933 -1.8501618030974136 -2.35494310424054 -2.880351551845182 -3.328700093801143 -3.8424327981256816 -4.444122768493664 -5.148170088283885 -5.823028049873847 -6.251527828253632 -6.643054419579759 -6.932223661483647 -7.207771202894081 -7.618757366353712 -8.01612182931989 -8.479259646097315 -8.859110494143337 -9.341318691611598 -9.80056459396232 -10.329864955993664 -10.806235281821873 -11.151837282912926 -11.50055281554534 -11.839538562111002 -12.178524308676664 -12.581726643282892 -12.883350011352224 -13.042529311404298
-1.914767582580651 -2.0747252655180644 -2.2448019259649 -2.076671222731415 -2.2195044821913434 -2.373624293488705 -2.100411900734291 -1.4029808354694628 -0.8044043966428411 -0.4070399336766637 0.14288757481619507 0.40753775583186647 0.1370497031761433 -0.3443801114067768 -1.0717789177572032 -1.5014462704649993 -2.079784754272776 -2.6530637493258404 -3.2407428277576993 -3.7926162934639085 -4.350327630810169 -4.9722555561969966 -5.671632578675176 -6.161624604996838 -6.589346000491284 -6.927553364171605 -7.227230775027586 -7.498497210568649 -7.844488403102373 -8.153117217139766 -8.439951310387634 -8.817077818334965 -9.180193434346174 -9.638271762368888 -10.051203883041868 -10.451681877549408 -10.705823889612986 -11.034690658669225 -11.358887130413422 -11.736013638360756 -12.136491632868292 -12.403087771097315 -12.564213028362737
-2.0688873938780126 -2.2876129846586117 -2.4868790033057055 -2.2358505227834877 -2.2915048990853126 -2.446013901825345 -2.1062497723743427 -1.3531643308076893 -0.772101506901222 -0.3218070077319104 0.22578535210492756 0.6410526214339294 0.39002414091171156 -0.2019360433895181 -0.9301132326252848 -1.7602585798406192 -2.3471592753871375 -3.0601579983587706 -3.7182807279139185 -4.342543801956767 -4.948904069636791 -5.533858807969959 -6.005558836486126 -6.496718437135799 -6.838428523800151 -7.16963044151241 -7.453740194661588 -7.696984846330404 -7.957743112919374 -8.144165813958354 -8.415821440942088 -8.658676901168233 -9.02218170862211 -9.38918923906002 -9.782661787599498 -10.040695714089775 -10.27810249411854 -10.604244923076088 -10.882516804585215 -11.255362206663175 -11.525850259318897 -11.79166801466258 -11.98509616166962
-1.9128216253673005 -2.233126182684797 -2.3463808925017977 -2.3950298228355607 -2.469365388385551 -2.2370180971114983 -1.7867235979421865 -1.4166025359629164 -1.0075623297166358 -0.4350617175489111 0.10202247333583392 0.5032788507287123 0.4624137492483511 -0.08362184481780632 -0.7935070362480778 -1.6979879490134024 -2.7554210987480783 -3.513176837626773 -4.251473004371962 -4.918547137108522 -5.485988260521536 -6.002445304944765 -6.4332802319805715 -6.719335942343099 -7.029910713593843 -7.278993236902711 -7.518345974144825 -7.688033443148991 -7.910650948356291 -8.09629526650993 -8.31618843161854 -8.541530276924531 -8.817856201220305 -9.173577179820782 -9.450681487001898 -9.693926138670712 -9.921603132632725 -10.190923610960438 -10.476979321322965 -10.783662178147008 -11.022236532503783 -11.178302301014494 -11.356941173200072
-1.533749160206618 -1.755588282528578 -1.9949410197706927 -2.3638945074219526 -2.711442465726356 -2.358835018667241 -1.5730574959162986 -1.278050382372359 -1.1021358502854715 -0.7643176780478202 -0.39030470164184905 0.07867098677562767 0.17324450734446328 0.04442213982065857 -0.6098086753077885 -1.6824202913065982 -3.0006117076302443 -4.070109792087694 -4.772989537549903 -5.494939663702948 -5.929277313722785 -6.406036830993664 -6.738017131591264 -7.004613269820286 -7.187144056432565 -7.381350586324948 -7.4868214672885465 -7.607860005958949 -7.757309519944269 -7.927386180391106 -8.195928275833477 -8.548535722892593 -8.815131861121616 -9.000776179275256 -9.183306965887535 -9.363891795286463 -9.625428444760775 -9.899030028957858 -10.175355953253632 -10.409649201741036 -10.586731308155933 -10.745910608208007 -10.90898182268678
-1.4975543560382985 -1.72600973288565 -2.118703898539786 -2.5281332962287366 -2.636328517291026 -2.180196146481663 -1.529857245779917 -1.1830876703608535 -0.6421115650494071 -0.9643620795802543 -1.178417373048812 -0.7985665250027894 -0.7261769166661498 -0.7662636352611707 -0.8639506873713669 -1.5504843922414326 -3.113866417447245 -4.753529965416398 -5.338484703749566 -5.921493484869384 -6.417712574273768 -6.753584789298069 -7.011229524345678 -7.184030524891204 -7.285609491428103 -7.357999099764742 -7.471253809581743 -7.5074486137500624 -7.584508519398743 -7.770931220437723 -8.058154505128261 -8.465637945603861 -8.832645476041769 -9.048646726723678 -9.16190143654068 -9.269318274717628 -9.476368122218124 -9.644109634008938 -9.900975986171208 -10.154728806792118 -10.378513886327429 -10.57077445900646 -10.671575042658016
-1.511176056531752 -1.5131220137451025 -1.6217064262500618 -1.8198048705691454 -1.8941404361191354 -1.7388530504937634 -1.4683649978380404 -1.2761044251590086 -0.9410105930200481 -1.5271329056812264 -1.35588867090638 -1.2702665535189568 -1.592517068049804 -1.6617931448450827 -1.3687319885144933 -1.625598340676763 -3.1372179040074513 -5.170354000516081 -6.089624188102869 -6.351160837577179 -6.760201043823461 -7.0170673959857295 -7.180138610464503 -7.257587707555855 -7.337371953303226 -7.459578066301639 -7.552205629657124 -7.471253809581743 -7.53469201473697 -7.704768675183805 -8.033635444240044 -8.46836228570255 -8.809293989481564 -8.968473289533637 -9.075890127710586 -9.31407529062469 -9.510227777730424 -9.60908240416863 -9.83442424947462 -10.099074430490292 -10.34932452812717 -10.582450202286562 -10.76225664880015
-1.178417373048812 -0.9694215683349654 -0.8394316264831505 -0.8452694981232018 -0.792728653362738 -0.7810529100826349 -0.9273888925265941 -0.8620047301580165 -1.1725795014087605 -1.6863122057332993 -0.8483830296645629 -1.0445355167702957 -1.6392200411702165 -1.811242658830403 -1.6547876988770207 -2.051373778957858 -3.28082954635272 -4.796341024110109 -6.579616214424531 -6.8617800103603575 -7.0240728419537914 -7.252528218801143 -7.345155782156628 -7.396139861146413 -7.458799683416299 -7.57283277611864 -7.580616604972042 -7.605914048745599 -7.72344986443197 -7.910650948356291 -8.214609465081644 -8.515065258822965 -8.813185903908265 -9.018289794195411 -9.173577179820782 -9.550314496325445 -9.649947505648992 -9.676412523750558 -9.80056459396232 -10.019290184742921 -10.286664705857284 -10.53302288906746 -10.731899716271883
0.1292658743227415 0.34020763624993844 0.3324238073965362 0.28143972840675247 0.25341794453450506 -0.19298464020810568 -0.49772153981879796 -0.9262213181985839 -1.1990445195103274 -1.1472820576352034 -0.4194940598421071 -1.0955195957600798 -2.0404764185630953 -2.1323255990332397 -2.062271139352621 -2.511398064193922 -3.1687424108637297 -4.697875589114573 -7.074667729500906 -7.273933748147999 -7.400810158458453 -7.568162478806599 -7.657676510620723 -7.660790042162083 -7.708660589610506 -7.814909853459445 -7.8491587004144145 -7.884575121697394 -7.920380734423044 -8.09434930929658 -8.344210215490788 -8.673466175989697 -8.963413800778927 -9.142052672964503 -9.189923220412926 -9.591568789248475 -9.762423832580652 -9.751526472185889 -9.823916080522528 -9.811072762914414 -10.010338781561508 -10.109193407999715 -10.268372708051789
1.0473684875815197 1.2326236142924891 1.3334241979440469 1.2376831030472006 0.7387396735441261 0.2541963274198449 -0.637441267737366 -1.1293792512723786 -1.151952354947245 -0.9557998678415118 -0.7125552161726962 -1.8960863933324859 -2.655788089424531 -2.439008455857283 -2.372845910603365 -2.6989883395609127 -3.2936728639608335 -4.98120695937841 -7.53663797195032 -7.705547058069145 -7.761201434370971 -7.896250864977497 -7.983040556692931 -7.988878428332982 -8.002500128826437 -8.08461952322983 -8.155841557238457 -8.218501379508345 -8.288555839188962 -8.39130238005387 -8.602244141981068 -8.880516023490193 -9.16190143654068 -9.242853256616062 -9.358832306531752 -9.567049728360258 -9.6394393366969 -9.541752284586702 -9.5339684557333 -9.526963009765238 -9.666682737683805 -9.772153618647405 -9.890078625776447
1.1866990240574173 1.4556303109424595 1.7483022758303788 1.9475682944774722 1.4494032478597383 0.6099173060203213 -0.28172028913688996 -0.8110206511682327 -0.8884697482595838 -0.9900487147964809 -1.2114986456757708 -2.3327591920083437 -2.536695507967479 -2.345213318173787 -2.6051932018774178 -2.9352275452616667 -3.4380628891914427 -5.2380733115406795 -8.003667703154445 -8.113030498544745 -8.122760284611498 -8.203712104686879 -8.289723413516974 -8.358221107426912 -8.375734722347067 -8.369896850707015 -8.445010799142345 -8.579671038306202 -8.674244558875039 -8.752472038851728 -8.876624109063492 -9.143220247292515 -9.211717941202451 -9.292669761277836 -9.489989822711578 -9.599352618101877 -9.628541976302134 -9.228063981794598 -9.250637085469464 -9.134268844111102 -9.267372317504279 -9.396194685028082 -9.517233223698485
0.7893345610912395 1.2874996077089742 2.078336619214628 2.3538841606250624 2.0833961079693397 1.243520974687252 0.4398406455734851 -0.05326491228953811 -0.6421115650494071 -1.053486919951708 -1.426332322029669 -2.4429003702839838 -2.5503172084609327 -2.5094521069805715 -2.769042799241532 -3.1889803658825753 -3.6715777547935056 -5.633491817293505 -8.443064841928994 -8.485097517737366 -8.412707909400726 -8.508449004297573 -8.552427637319294 -8.621703714114574 -8.64622277500279 -8.618590182573213 -8.726007020750162 -8.922548699298565 -9.012451922555359 -9.070052256070534 -9.191869177626277 -9.252583042682813 -9.321080736592751 -9.400086599454784 -9.61180674426732 -9.75464000372725 -9.677190906635898 -8.6851419192698 -9.12064714361765 -8.972365203960338 -8.83459143325512 -8.963413800778927 -9.164625776639369
0.3588888254981035 1.059822613746963 2.0160659883874112 2.7259511798176828 2.4535171699486096 1.6085825479118112 0.808015750339405 0.12342800268268972 -0.7172255134847374 -1.203714816822369 -1.7240637756722994 -2.7379074838279234 -2.64995021778448 -2.661625961064583 -3.0788391876069356 -3.495663222706618 -4.186088842003385 -6.121537886401818 -8.71939076622477 -8.769985653771883 -8.709660980158016 -8.786720885806698 -8.801510160628162 -8.870786237423442 -8.901921552837049 -8.837704964796481 -8.950959674613483 -9.170463648279421 -9.334702437086206 -9.38335136741997 -9.454573401428597 -9.501665565991681 -9.625428444760775 -9.737904771692435 -9.79083480789557 -10.100242004818302 -9.465470761823362 -7.490713381715247 -8.564103380599398 -9.308237418984639 -9.05720893846242 -8.808126415153554 -9.021014134294102
0.31568857536172157 0.6017442857242488 1.322526837549284 2.3021216987499384 2.614642427214033 1.7630915506518425 0.6184795177590638 -0.20388200060286854 -1.0375300708022341 -1.369899562842504 -1.9743138733091772 -2.4985547465858087 -2.5503172084609327 -3.1488936472875544 -3.5867340202914226 -3.805459611072022 -4.556209903982655 -6.320803905048912 -8.82875356161507 -9.02023575140876 -8.969251672418977 -8.991824776093843 -9.028019580262164 -9.135436418439113 -9.243631639501402 -9.181361008674184 -9.20159896369303 -9.338594351512906 -9.590401214920465 -9.618812190235381 -9.716499242345579 -9.792780765108919 -9.920435558304714 -10.039528139761767 -10.08662030432485 -10.23684820119551 -9.179415051460833 -7.156787123904298 -8.889467426671604 -9.744910217660497 -9.419546171588289 -9.083673956563988 -9.014397879768708
0.20437982275807176 -0.30429339281175594 0.28143972840675247 1.5101171129162747 2.1947048605729895 1.6879776022165123 0.5141762111234751 -0.4654186500771793 -1.1363846972404406 -1.4625271261979886 -2.030746632496342 -2.0611035650246103 -2.241688394423539 -3.262148357104555 -4.040531242444765 -4.1744130987232815 -4.770265197451213 -6.515399626383964 -9.196928666380987 -9.220280152941195 -9.1264850152577 -9.135436418439113 -9.156841947785967 -9.264258785962916 -9.408648811193526 -9.477146505103464 -9.571720025672299 -9.664736780470456 -9.86400279911755 -9.851159481509434 -10.001776569822766 -10.13137732023191 -10.205712885781901 -10.255529390443675 -10.182361399221694 -9.925495047059425 -9.521125138125186 -8.819023775548317 -9.75541838661259 -9.950792490832981 -9.75464000372725 -9.489989822711578 -9.246745171042761
0.07477907234892678 0.3752348660902478 0.8294212796862608 1.3696190021123664 1.7455779357316876 1.3217484546639433 0.24368815846775238 -0.8433235409098514 -1.5964089824765049 -2.1062497723743427 -2.1393310450013017 -2.09535241197958 -2.2751588584931683 -3.2563104854645033 -4.24174321830521 -4.614977811825841 -4.998720574298565 -6.422382871585809 -9.245577596714751 -9.243631639501402 -9.114809271977595 -9.260366871536217 -9.380627027321278 -9.521903521010525 -9.677190906635898 -9.742964260447145 -9.80056459396232 -9.853105438722785 -10.029798353695014 -10.253583433230325 -10.266426750838438 -10.302232363564087 -10.303399937892099 -10.27498896257718 -10.177301910466984 -9.796672679535622 -9.343264648824949 -9.438227360836454 -9.957797936801043 -10.141107106298664 -9.996717081068056 -9.643331251123598 -9.296561675704535
-0.006561939169125619 0.9123190569749928 1.5766688496128625 1.6848640706751512 1.4797601803880065 0.9788707936715806 -0.02485393697462035 -1.0904601070053683 -1.8610591634921765 -2.4479598590386953 -2.186034018121714 -2.2876129846586117 -2.525019764687376 -3.5046146258880304 -4.537528714734489 -5.031801846925523 -5.335760363650875 -6.126597375156528 -8.837704964796481 -9.511395352058432 -9.341318691611598 -9.390356813388031 -9.563157813933557 -9.702877541852125 -9.802510551175672 -9.931332918699477 -9.988933252214652 -10.05237145736988 -9.997495463953396 -10.289778237398643 -10.368784100260676 -10.401865372887634 -10.34932452812717 -10.129431363018561 -9.908759815024611 -9.734012857265734 -9.347156563251648 -9.558098325178847 -10.029798353695014 -10.156674764005468 -9.930165344371467 -9.651115079977 -9.484930333956866
-0.02485393697462035 0.597073988412208 1.2863320333809636 1.6770802418217494 1.4622465654678516 0.7990643471579926 -0.23307135880312657 -1.2741584679456577 -2.044368332989796 -2.828589089970058 -3.0231848113051107 -2.921605844768213 -3.0874013993456777 -4.153007569376426 -5.211608293439111 -5.607026799191939 -5.502723492556351 -5.9323908452641465 -7.3969182440317525 -8.958743503466884 -9.45963289018331 -9.664736780470456 -9.856997353149488 -10.002554952708106 -10.080782432684797 -10.148890935152066 -10.102966344916993 -10.155896381120128 -10.05743094612459 -10.234123861096819 -10.467249535256212 -10.42949796531721 -10.178469484794995 -9.94495461919293 -9.764369789794003 -9.585730917608423 -9.466249144708701 -9.688088267030661 -9.956630362473033 -10.104133919245005 -9.926273429944764 -9.642163676795589 -9.395027110700072
-0.40781831656200396 -0.11203282013272409 0.5881225852307956 1.1252067761155402 1.3703973849977062 0.7091611239011977 -0.3735694696070344 -1.3395426303142357 -2.041643992891105 -3.0453687235373064 -3.8599464130458365 -4.109028936354704 -4.233959389451807 -4.9029794794017185 -5.890358169455775 -5.854163365287455 -5.8366497503673 -5.784887288492177 -6.441842443719314 -7.668573871015486 -9.627374401974125 -9.919657175419374 -10.037582182548416 -10.182361399221694 -10.328697381665656 -10.355940782652562 -10.376567929114078 -10.318967595598902 -10.194815525387138 -10.194037142501799 -10.4244384765625 -10.399141032788943 -10.143053063512014 -9.785775319140857 -9.571720025672299 -9.543698241800051 -9.519957563797176 -9.737904771692435 -9.87061905364294 -9.912651729451312 -9.616866233022032 -9.34832413757966 -9.368951284041174
