static/data/ASCData/20210118/ASCV/09.asc
ncols 97
nrows 97
xllcorner 99.0
yllcorner 2.0
cellsize 0.25
NODATA_value -32767
[rows 19 to 37 of 97, columns 43 to 85 of 97]
-1.7475803120224702 -1.5004801511302481 -0.7660773740942508 0.7067856538840194 1.8473415689382668 1.8250254624537479 1.434290725279347 0.4158647748040143 -0.6196025660776789 -1.3450789005198684 -2.175238061743985 -3.063013352437223 -3.8412368476610035 -4.38980731978955 -4.575639624697001 -4.52979016955608 -4.434845280149215 -4.581320088165787 -4.81300184821416 -5.140034245060024 -5.530768982234425 -5.925155445924474 -6.288299360536197 -6.685120308570012 -6.949667607259221 -7.237748254604833 -7.466184035528185 -7.643901392623084 -7.741686513764341 -7.884103847874636 -7.9153463969529625 -7.913317659999825 -7.798085401061581 -7.398829968684 -6.827537642680307 -5.994538249721797 -5.2621642096389385 -4.640153459806792 -4.418209637133483 -4.391024561961432 -4.748488013104368 -5.201707848435422 -5.899593360314934
-2.4466830660738643 -1.0805316018306583 0.13143585397405033 1.3296078984974202 1.15391927835566 0.6528212509305455 -0.5210059501551667 -1.4943939402708337 -2.2162185481973746 -2.7915683481073437 -3.5539676950966466 -4.2210164052884585 -4.820711048636085 -4.987473226184038 -5.071462936043956 -5.083229610372157 -5.135165276372493 -5.28245157917032 -5.536449445703211 -5.863481842549075 -6.229871736285819 -6.604782325225742 -6.928162995555957 -7.130225196088514 -7.375296620027598 -7.563969156669442 -7.768060094155135 -7.927924566062419 -8.015160255047359 -8.081297079719661 -8.092252259266607 -8.059792468016397 -7.809040580608526 -7.356632240058726 -6.696481235507585 -5.843194473017694 -5.213068775372996 -5.0442778608719046 -4.979764025762113 -5.265815936154587 -5.629365598156937 -6.038358967909581 -6.441671874193437
-3.006208717749356 -1.0987902344089018 0.12940711702091257 0.5258223176640997 -0.10105740085557713 -1.287462771050746 -2.174020819572102 -2.8568936779983907 -3.4809331647836745 -4.024634668224689 -4.675047735400768 -5.11163192771609 -5.37455623684279 -5.517785065734341 -5.5871678695316636 -5.658579410282126 -5.76894270053284 -5.93773361503393 -6.211207356316947 -6.575568513100553 -6.872575603039973 -7.170394187760648 -7.4454909186061755 -7.621585286138565 -7.809852075389781 -8.013943012875476 -8.1567660943764 -8.239538562064434 -8.304052397174226 -8.32555700887749 -8.306892628908619 -8.178270706079664 -7.8849153426558924 -7.308754047964667 -6.599101861756955 -5.8862036964242215 -5.489788495781035 -5.542535656562626 -5.7239047401731735 -5.9604554689090765 -6.2172935671763625 -6.517140888850175 -6.801975557070767
-2.9494040830614887 -0.8841498647668891 -0.19194481635616478 -0.9389257625016181 -1.899735583507829 -2.902743133139312 -3.423317035314552 -3.932124263161591 -4.388184330227039 -4.892122589386546 -5.378207963358438 -5.687793222407315 -5.8793059907835525 -6.020911830112593 -6.1195084460351055 -6.237580936707744 -6.368637343880465 -6.58449495569436 -6.887182509102567 -7.208534442479644 -7.518119701528521 -7.736817545076809 -7.918186628687357 -8.082514321891544 -8.194500601704767 -8.374246695752804 -8.469191585159669 -8.55602152675398 -8.565759464129043 -8.540197378519503 -8.472843311675318 -8.227771887736234 -7.860570499218234 -7.2807574780113615 -6.528501815787749 -6.233929210192095 -6.07081875915979 -6.145882026425901 -6.281401654895527 -6.477783391959296 -6.667267423382396 -6.904629646899555 -7.103851615697717
-2.761948788591527 -0.721039413734585 -0.8354601778915742 -2.353766913620139 -3.196504243953711 -3.791329918613806 -4.312715315570301 -4.626358048525454 -5.083229610372157 -5.473152852765303 -5.906491065955603 -6.184022281144897 -6.3868959764587085 -6.5248500892721 -6.668484665554279 -6.786557156226917 -6.990648093712611 -7.207317200307761 -7.495397847653374 -7.786318726733379 -8.115785607923009 -8.258202942033305 -8.4123869504718 -8.544254852425778 -8.65664687962963 -8.717103240833145 -8.81204813024001 -8.802310192864947 -8.782428570724193 -8.685860691754819 -8.545472094597661 -8.262260415939581 -7.787535968905262 -7.2065057055265065 -6.905441141680811 -6.610868536085157 -6.575568513100553 -6.626286936929006 -6.68877203508566 -6.801164062289511 -6.980910156337549 -7.262904592823746 -7.4633438037937925
-2.485634815574116 -1.3361524579260609 -1.7942412619446468 -3.079648995452956 -3.5012205343150558 -4.141084169334817 -5.039408892184373 -5.353051625139526 -5.660608147235264 -6.075687727847322 -6.4104293251151105 -6.686743298132521 -6.892862972571354 -7.014992937150268 -7.167148208635627 -7.355820745277471 -7.5599116827631665 -7.809040580608526 -8.092252259266607 -8.349901852315147 -8.63433077314511 -8.749563032083355 -8.87331598622478 -9.002343656444365 -9.051033343319679 -9.111489704523196 -9.070509218069805 -9.022631025975747 -8.92606314700637 -8.783645812896076 -8.592133044519839 -8.25211673117389 -7.768871588936392 -7.457257592934377 -7.156598776479308 -7.0851872357288475 -7.057190665775542 -7.055973423603659 -7.091273446588262 -7.174045914276297 -7.359878219183749 -7.660537035638816 -7.8175612758117055
-2.622371686215625 -2.1594139135095074 -2.6613234357158766 -3.0581443837496916 -3.323503177220157 -4.7992064369328205 -5.76894270053284 -6.050937137019037 -6.318730414833269 -6.683903066398129 -6.974012450696879 -7.2113746742140385 -7.331475901839815 -7.490528878965842 -7.644712887404339 -7.835414160999322 -8.084137311454054 -8.34787311536201 -8.62418708837942 -8.905775777474991 -9.11757591538261 -9.225910468680185 -9.338302495884037 -9.343171464571567 -9.38212321407182 -9.352909401946631 -9.294481777696253 -9.191827687867464 -9.064017259819764 -8.879402197084195 -8.647720437035822 -8.265100647673973 -7.9660648207814155 -7.732760071170533 -7.666217499107603 -7.620368043966682 -7.607789874857225 -7.604949643122833 -7.664594509545093 -7.83054519231179 -8.045185561953803 -8.104830428376063 -8.220062687314307
-2.3411887445106823 -2.669438383528429 -3.0532754150621604 -3.258989342110365 -4.164211770600591 -5.800996744392421 -6.585306450475616 -6.780470945367503 -6.928162995555957 -7.215026400729686 -7.460503572059398 -7.720993396842331 -7.743715250717479 -7.931982039968696 -8.105641923157318 -8.324745514096234 -8.589292812785445 -8.840044700193316 -9.078624165882358 -9.34114272761843 -9.577693456354334 -9.68399927269877 -9.679941798792495 -9.667363629683038 -9.63125211191718 -9.564709539854249 -9.487617535635001 -9.405656562728222 -9.249443817336587 -9.043324142897754 -8.81204813024001 -8.551964052847703 -8.353959326221423 -8.250493741611379 -8.20951325515799 -8.254145468127028 -8.286605259377238 -8.346250125799498 -8.493536428597325 -8.685860691754819 -8.620535361863771 -8.517881272034984 -8.37343520097155
-2.3107576902136104 -2.847155740623328 -3.067882321124755 -3.808777056410794 -5.553896583500199 -6.947638870306083 -7.375296620027598 -7.379354093933873 -7.5091932589347135 -7.736817545076809 -7.9153463969529625 -8.138101714407528 -8.251305236392636 -8.431862825221927 -8.612826161441847 -8.812859625021265 -9.01695056250696 -9.24051737474278 -9.51683134776019 -9.787464857308814 -9.960313245716183 -9.988715563060115 -9.90959482188773 -9.833314312449737 -9.76798898255869 -9.727008496105299 -9.679941798792495 -9.587431393729396 -9.487617535635001 -9.409714036634497 -9.182901245273657 -9.0851161241324 -9.001126414272482 -8.918353946584446 -8.94675626392838 -9.096071303679345 -9.24538634343031 -9.345200201524706 -9.405656562728222 -9.362647339321693 -9.212115057398846 -9.09201382977307 -8.869664259709133
-2.5042991955429867 -2.9124810705143753 -3.290231891188692 -5.594877069953589 -7.123327490447844 -7.633351960466765 -7.856918772702585 -7.897899259155976 -8.000553348984765 -8.228989129908117 -8.388042107034144 -8.510172071613058 -8.708176798239338 -8.892791860974906 -9.065640249382273 -9.249443817336587 -9.437710606587803 -9.655596955354838 -9.894987915825135 -10.099890348092083 -10.1603467092956 -10.11084552763903 -10.03050754429476 -9.961124740497437 -9.904725853200198 -9.933939665325386 -9.968022446138107 -9.938808634012918 -9.888090210184465 -9.854007429371745 -9.70631537918329 -9.636121080604712 -9.580533688088726 -9.62435440627651 -9.833314312449737 -10.033753523419781 -10.138842097592336 -10.181039826217608 -10.070676535966895 -9.912435053622122 -9.696577441808227 -9.305842704633827 -8.882242428818587
-1.9046045521953603 -2.9790236425773053 -3.8842460710675315 -6.715145615476455 -7.945777451250034 -8.35111909448703 -8.37343520097155 -8.392911075721676 -8.48947895469105 -8.780805581161683 -8.848159648005868 -8.91429647267817 -9.077406923710475 -9.280686366414914 -9.43487037485341 -9.551319875963538 -9.73187746479283 -9.954632782247396 -10.169273151889408 -10.271927241718195 -10.265841030858782 -10.174953615358195 -10.082443210295096 -10.061750093373087 -10.117337485889072 -10.186720289686395 -10.313719222952841 -10.34293303507803 -10.384319268922047 -10.35307671984372 -10.256103093483718 -10.224860544405391 -10.278824947358865 -10.485756116578953 -10.694716022752178 -10.824555187753019 -10.887851780690928 -10.717032129236697 -10.493465317000878 -10.294243348202716 -10.038622492107313 -9.757033803011742 -9.409714036634497
-1.82954128492925 -3.971887507443098 -5.865510579502214 -7.901550985671625 -8.782428570724193 -9.027499994663277 -8.967043633459761 -8.767010169880344 -8.846942405833985 -9.16342537052353 -9.244574848649055 -9.31192891549324 -9.36832780279048 -9.521700316447722 -9.628411880182787 -9.760279782136763 -9.946517834434843 -10.161563951467484 -10.265841030858782 -10.325485897281043 -10.24920538784305 -10.260160567389995 -10.237844460905476 -10.265841030858782 -10.344150277249913 -10.552298688641883 -10.708511434033518 -10.798181607362222 -10.824555187753019 -10.798993102143479 -10.80913678690917 -10.839162093815613 -11.096000192082897 -11.27655778091219 -11.40274521939738 -11.516760236163742 -11.367445196412778 -11.147935858083233 -10.957234584488251 -10.850117273362558 -10.631013682423642 -10.48778485353209 -9.926230464903462
-2.21703004297863 -5.600963280813003 -7.569649620138229 -8.79825271895867 -9.043324142897754 -9.257964512539766 -9.213332299570729 -9.014110330772565 -9.047381616804032 -9.281497861196168 -9.425943932259603 -9.485588798681864 -9.507093410385128 -9.634092343651574 -9.749324602589818 -9.915275285356516 -10.101919085045223 -10.19767546923334 -10.297083579937109 -10.349019245937445 -10.325485897281043 -10.383102026750164 -10.457353799235019 -10.510912454797866 -10.673211411048914 -10.882171317222141 -11.120345035520554 -11.214072682755535 -11.25424167442767 -11.22867958881813 -11.343911847756376 -11.550031522195207 -11.799160420040568 -11.919261647666344 -12.044231843979652 -11.974037545401073 -11.79713168308743 -11.722068415821319 -11.597909714289267 -11.571536133898471 -11.420192357194368 -11.184047375849092 -9.620296932370234
-3.8627414593642677 -7.0628711292443285 -8.459453647784606 -9.071726460241688 -9.256341522977257 -9.206434593930059 -9.161396633570392 -9.185741477008051 -9.219012763039515 -9.302190978118178 -9.475039366525545 -9.473822124353662 -9.518048589932073 -9.656408450136093 -9.845892481559192 -10.012248911716517 -10.129104160217272 -10.224860544405391 -10.346990508984307 -10.392839964125228 -10.496305548735272 -10.615595281579793 -10.72514707704925 -10.897995465456619 -11.059077179535784 -11.26803708570901 -11.50702229878868 -11.656743085930271 -11.73748681666517 -11.738704058837051 -11.912363942025674 -12.149726165542834 -12.421171169872713 -12.542489639670373 -12.568863220061168 -12.497451679310707 -12.430909107247777 -12.467020625013635 -12.381407925591207 -12.396014831653801 -12.200444589371287 -11.357707259037713 -9.783407383402539
-6.020911830112593 -7.951457914718821 -8.925251652225116 -9.316797884180772 -9.320855358087048 -9.202377120023783 -9.174380550070477 -9.197508151336251 -9.314769147227635 -9.38902091971249 -9.54239343336973 -9.511962379072658 -9.584185414604375 -9.68399927269877 -9.894987915825135 -10.088123673763883 -10.205384669655267 -10.340092803343637 -10.47966990571954 -10.55797915211067 -10.730827540518037 -10.915442603253606 -11.115476066833024 -11.304960098256123 -11.479837223616629 -11.68960862457111 -11.907494973338142 -12.058838750042247 -12.219920464121412 -12.271856130121748 -12.445516013310371 -12.680849499874391 -12.95432324115741 -13.052108362298666 -13.078481942689463 -13.222928013752895 -13.183976264252644 -13.330451072269216 -13.23063721417482 -13.210349844643439 -12.761187483218661 -11.729777616243243 -9.080247155444868
-7.046235486228595 -8.512200808566197 -9.250255312117842 -9.381311719290565 -9.32572432677458 -9.313957652446378 -9.283526598149308 -9.328564558508972 -9.436087617025294 -9.593111857198183 -9.705503884402034 -9.749324602589818 -9.826416606809067 -9.86171662979367 -10.027667312560368 -10.224860544405391 -10.387970995437696 -10.535663045626151 -10.71338040272105 -10.845248304675026 -11.066786379957708 -11.28832445524039 -11.497284361413616 -11.623471799898807 -11.816607557837555 -12.043420349198396 -12.267798656215472 -12.41143323249765 -12.550198840092298 -12.697485142890125 -12.921051955125945 -13.166529126455655 -13.368591326988213 -13.450552299894992 -13.58242020184897 -13.777584696740856 -14.002368751148559 -14.144786085258854 -13.973966433804625 -13.827491625788054 -13.224145255924778 -12.101847973448773 -9.436087617025294
-8.005422317672295 -8.910644746162522 -9.361835844540439 -9.492486504322533 -9.492486504322533 -9.438927848759686 -9.45353475482228 -9.541176191197847 -9.689679736167557 -9.837371786356012 -9.938808634012918 -10.073516767701289 -10.138842097592336 -10.19970420618648 -10.290591621687067 -10.385130763703303 -10.558790646891925 -10.772619521752683 -10.91625409803486 -11.204334745380473 -11.470099286241565 -11.681899424149185 -11.763860397055964 -11.905466236385005 -12.137147996433377 -12.332312491325263 -12.440647044622839 -12.591179326545687 -12.813934644000252 -13.047239393611136 -13.272023448018839 -13.467187942910725 -13.61650298266169 -13.62340068830236 -13.783670907600271 -14.116383767914922 -14.45437134430773 -14.539578296339531 -14.233644763806304 -13.994659550726634 -13.405514339535326 -12.514898817107694 -9.96721095135685
-8.57468590672285 -9.261210491664787 -9.557811834213581 -9.634092343651574 -9.653568218401698 -9.622325669323372 -9.702663652667642 -9.849949955465469 -9.989527057841372 -10.120583465014093 -10.234598481780456 -10.376204321109496 -10.44193539839117 -10.495494053954017 -10.519838897391674 -10.607886081157869 -10.823743692971764 -11.098028929036037 -11.36176473294399 -11.684739655883577 -11.833243200853287 -12.031653674870196 -12.044231843979652 -12.108745679089443 -12.289303267918736 -12.453630961122924 -12.5737321887487 -12.74942080889046 -12.962438188969962 -13.234694688081097 -13.498430491989051 -13.667221406490142 -13.700492692521609 -13.674119112130812 -13.762166295897007 -13.98370437117969 -14.16426196000898 -14.153712527852662 -13.814913456678598 -13.519935103692315 -12.891026648219501 -11.836489179978308 -8.971912602147293
-9.111489704523196 -9.528598022088392 -9.834531554621618 -9.841023512871661 -9.88038100976254 -9.937997139231662 -10.011031669544634 -10.099078853310829 -10.237844460905476 -10.433820450578617 -10.525925108251087 -10.584352732501465 -10.762070089596364 -10.874462116800215 -10.99659208137913 -11.138197920708171 -11.331333678646919 -11.60764765166433 -11.99838238883873 -12.267798656215472 -12.216268737605764 -12.244671054949697 -12.260089455793548 -12.29741821573129 -12.364772282575474 -12.475947067607443 -12.652852929921085 -12.85856685696929 -13.100798049173981 -13.282572880175156 -13.47489714333265 -13.553206389723782 -13.440002867738674 -13.394964907379007 -13.424990214285453 -13.503299460676583 -13.404702844754071 -13.083350911376993 -12.63500004473347 -12.04626058093279 -10.977927701410259 -8.78648604463047 -5.189941174107222
