static/data/ASCData/20210118/ASCV/12.asc
ncols 97
nrows 97
xllcorner 99.0
yllcorner 2.0
cellsize 0.25
NODATA_value -32767
[rows 57 to 75 of 97, columns 42 to 83 of 97]
-14.786066367974616 -15.697260203523118 -15.107509023773984 -14.74499104619017 -14.074973411944828 -14.10851197743855 -14.32104850483696 -14.541121788526093 -14.648520565668907 -14.656057321959631 -14.500046466741649 -14.17558910842599 -13.714716461248234 -13.438494343193208 -13.346545916446377 -13.468641368356103 -13.53609533715808 -13.657060275624197 -13.841710804746928 -13.842841318190537 -13.586968442120465 -13.245930219965215 -12.699138551073206 -12.475673727053247 -12.368274949910434 -12.335866897860322 -12.271427631574634 -11.979378325309089 -11.638716940968374 -11.216658588687844 -11.03615327552501 -10.568120709871065 -10.410225665580402 -10.218792055796019 -10.22557513645767 -10.322045616978935 -10.374802911014001 -9.893581021851288 -9.174574471716241 -8.171809047235445 -7.08199408759679 -5.351554843246616
-15.28688382349321 -15.884548597347603 -15.37280284520746 -14.815459717508437 -14.255855562922198 -14.127730705979895 -14.340644071192841 -14.419780012245441 -14.524540924686502 -14.612344135473432 -14.462739523102567 -14.039927495192963 -13.592621009338508 -13.36614148280226 -13.326950350090495 -13.46185828769445 -13.793852402300832 -13.919716232355919 -13.866958938320852 -13.798751293889802 -13.492005312857346 -13.091803553819915 -12.360361355805173 -12.009525350471982 -11.947347111073512 -11.939433516968252 -11.868964845649986 -11.6816764518255 -11.402439631254184 -11.137522647635244 -10.862431043023827 -10.514609740206925 -10.29378278088872 -10.142670817259708 -10.037909904818648 -10.117045845871248 -9.74812162544032 -9.23901373800193 -8.307470660468473 -7.391377933331 -5.832023056780255 -5.317262602123822
-15.87889603012956 -16.044704668525483 -15.64261872041537 -14.909292333327949 -14.502684331443401 -14.279219507423443 -14.33687569304748 -14.41186641814018 -14.34667347622542 -14.43070830886699 -14.228346402461057 -13.76257486369433 -13.287005541749659 -13.169055305799834 -13.217667383875002 -13.422667154982687 -13.753907593959996 -13.979256607052637 -13.928760339904787 -13.510847203584156 -13.13363255123343 -12.776390303053125 -12.104488479735101 -11.763450257579853 -11.653413615735285 -11.636832751895694 -11.405077495955938 -11.221557480276815 -11.18048215849237 -11.080996975454816 -10.752771238993796 -10.45996825709918 -10.194297597851167 -9.984398935154509 -9.872854942051799 -9.624895660086986 -9.260493493430493 -8.651146747325477 -7.787057638593998 -6.662950437832549 -4.2617398836079605 -4.896334763286901
-15.944088972044321 -16.11517333984375 -15.657315395182282 -14.907031306440732 -14.647390052225298 -14.41789582317276 -14.445404983633901 -14.289017290601384 -14.224578024315695 -14.079118627904727 -13.868089451764462 -13.385737049158141 -12.89245634993027 -12.872107107945316 -13.12195057898281 -13.314514702210802 -13.504817798551576 -13.731297325087825 -13.52516704053653 -13.036031557268558 -12.551794965589558 -12.303835683624746 -11.890444601078547 -11.728404340827987 -11.562595702432064 -11.10737562247235 -10.874866690903522 -10.650271353439953 -10.596760383775814 -10.811557938061442 -10.499913065440015 -10.161889545801055 -9.805777811064356 -9.557441691285009 -9.208866712839034 -8.959776917430615 -8.624768100307943 -7.9675629517568325 -7.508574493651755 -6.100708418544557 -3.2928898624354215 -5.979366642263905
-16.071083315543017 -16.02737012905682 -15.305725714220019 -14.693364265598714 -14.678667590831802 -14.520395708726603 -14.424678903834412 -14.241158888155287 -14.009780470030067 -13.797620780446195 -13.598650414371088 -13.156996495734674 -12.784303897158384 -12.756794736697243 -13.013798126210924 -13.143430334411372 -13.274193056055429 -13.189404547784788 -12.955011427143278 -12.426684811163543 -11.925867355644948 -11.827135848236468 -11.709939287915715 -11.60442469984558 -11.42467306231182 -10.893331743815795 -10.381962829490188 -10.100464982031655 -9.97045593601667 -10.256852675064174 -9.977615854492859 -9.541991340889025 -9.124078204568393 -8.738196282483337 -8.393389682182724 -8.177838452268025 -7.831901338523805 -7.281341291486434 -7.196175945401255 -5.757786007316627 -3.4997738226157886 -6.808409834243518
-15.956901457738551 -15.654300692665991 -14.98918195000962 -14.648520565668907 -14.712959831954596 -14.581820272496001 -14.386618284566255 -14.228346402461057 -14.031260225458631 -13.810433266140425 -13.600534603443768 -13.22369678890758 -12.996086748927723 -12.856279919734797 -12.841583244967886 -12.930516969198425 -12.844597947484175 -12.667861012466703 -12.370159138983114 -11.83391892889812 -11.460849492507293 -11.438239223635122 -11.376814659865724 -11.203092427364542 -11.04595105870295 -10.70604334999131 -10.20974794824715 -9.866071861390147 -9.738323842262378 -9.65805738776617 -9.379951080638465 -8.738196282483337 -8.112268672538729 -7.841699121701746 -7.598638731325904 -7.420017607235751 -7.179595081561663 -6.849485156027963 -5.893447620549654 -4.590719295698053 -3.99983760250531 -7.381956987967596
-15.428574841758815 -15.45985238036532 -15.174586154761425 -14.83204058134803 -14.719742912616246 -14.519642033097531 -14.260754454511169 -14.196315188225482 -14.114164544656592 -13.85942218203013 -13.522529175834777 -13.144560847854981 -12.999101451444012 -12.81445092232128 -12.772245087093227 -12.828017083644584 -12.740967548486724 -12.57628942353441 -12.302705170181136 -11.863312278431941 -11.554682108326805 -11.156364538362054 -10.871851988387233 -10.691346675224398 -10.496144687294652 -10.350685290883684 -10.083884118192064 -9.751890003585682 -9.554803826583255 -9.25785562872874 -8.620999722162582 -7.6423519178121015 -7.40532093246884 -7.387609555185639 -7.261745725130552 -7.093676059847413 -6.5144763389052915 -5.041040484068797 -3.4033033420945245 -3.827245883447736 -6.023456666564639 -8.321413659606312
-15.044953946560977 -14.957150735774045 -14.848621445187622 -14.8015167183706 -14.847490931744014 -14.579182407794248 -14.277335318350762 -14.1767196218696 -14.058392548105237 -13.77915572753392 -13.422667154982687 -13.088788851303624 -12.82424870549922 -12.632815095714838 -12.6542948511434 -12.743982251003013 -12.770360898020547 -12.676528282201035 -12.376942219644766 -11.875747926311636 -11.339884554041177 -10.790831858261951 -10.421907637831024 -10.267404133871187 -10.181485112156937 -10.129858331565478 -9.915060777279852 -9.609445309691003 -9.35168824454825 -8.649262558252795 -7.848482202363396 -7.297922155326026 -7.262499400759625 -6.7646966477573205 -6.740202189812468 -6.33284051229885 -4.840939604550082 -3.2793237011121183 -4.403430901873567 -6.791828970403926 -7.955127303877138 -8.555429942433285
-14.703162048776655 -14.49401706170907 -14.58295078593961 -14.680551779904482 -14.599531649779202 -14.379835203904605 -14.25284086040591 -14.206866647032495 -14.062537764065134 -13.726398433498854 -13.30170221651657 -13.005884532105664 -12.772245087093227 -12.603421746181015 -12.656179040216081 -12.786941761860138 -12.930516969198425 -12.805783652586948 -12.355462464216203 -11.836933631414409 -11.12508699975555 -10.715841133169251 -10.19995016506921 -9.875869644568088 -9.879638022713449 -9.90526299410191 -9.690465439816283 -9.314381300909167 -8.92849937882411 -8.219667449681541 -7.9675629517568325 -7.537214167556506 -7.331837558634283 -7.049586035546678 -6.947086149992835 -5.957886886835341 -3.783155859147002 -3.1308496021848606 -6.378814725672264 -8.168794344719156 -8.313500065501053 -8.168040669090084
-14.428824119794308 -14.076103925388438 -14.110396166511231 -14.34365877370913 -14.200083566370843 -14.051609467443585 -14.212896052065073 -14.18463321597486 -14.031260225458631 -13.68645362515802 -13.156996495734674 -12.947097833038018 -12.890572160857591 -12.681427173790006 -12.65730955365969 -12.80163843662705 -12.927502266682136 -12.672759904055674 -12.188523312376672 -11.796988823073573 -11.106245109028741 -10.482201688156813 -9.846476295034265 -9.700263222994224 -9.6531584961772 -9.565355285390268 -9.151210527214998 -8.77437271267881 -8.559575158393184 -8.097571997771817 -7.9539967904335285 -7.756910613431103 -7.628032080859727 -7.096690762363702 -6.533318229632101 -4.75012169124686 -2.9382854789568684 -5.292768144178971 -7.844713824218035 -8.036147434002418 -8.158242885912143 -7.826248771305762
-14.002997389368417 -13.69323670581967 -13.640479411784604 -13.85452329044116 -13.764459052767009 -13.852639101368478 -14.023346631353371 -14.136774813528763 -13.983401823012535 -13.59450519841119 -13.113283309248477 -13.013798126210924 -12.971592290982871 -12.79862373411076 -12.578927288236162 -12.662962120877733 -12.745112764446622 -12.499037671554492 -12.068312049539628 -11.59764161918393 -10.857532151434857 -10.29378278088872 -9.684436034783705 -9.353572433620931 -9.177589174232532 -8.746109876588596 -8.338748199074978 -8.12206645571667 -7.917820360238055 -7.745982316809553 -7.608436514503845 -7.729401452969961 -6.618106737902743 -5.579918558855546 -4.672869939266941 -3.0750776056335045 -5.373034598675178 -7.868077768719278 -8.273555257160217 -7.877875551897219 -7.917066684608983 -7.2881243721480855
-13.583953739604176 -13.335994457639364 -13.229349356125622 -13.372924563463911 -13.498788393518998 -13.69813559740864 -13.880901937458692 -13.996214308706765 -13.911048962621587 -13.52629755398014 -13.29491913585492 -13.149459739443952 -12.836684353378915 -12.735314981268681 -12.524285805128416 -12.489993564005623 -12.555563343734919 -12.09582121000077 -11.657181993880648 -10.987164359635306 -10.294913294332328 -10.06730325435247 -9.537092449300054 -8.982387186302786 -8.342893415034876 -7.9091530905037235 -7.614089081721888 -7.400422040879869 -7.238381780629309 -7.166028920238361 -7.059383818724619 -6.513722663276219 -4.801748471838318 -3.562328899828796 -2.7498665716887745 -5.122060614194077 -7.420771282864823 -8.409970546022317 -8.254713366433407 -7.883904956929799 -7.703022805952428 -7.217655700829818
-13.410985182732066 -13.184505656195817 -12.98252058760442 -13.092557229448987 -13.358227888697 -13.631812142050272 -13.763705377137937 -13.84849388540858 -13.76257486369433 -13.631812142050272 -13.485222232195694 -13.174707873017876 -12.683688200677222 -12.567245315985542 -12.454193971624685 -12.411988136396632 -11.970711055574755 -11.51059208402607 -10.76935210283339 -10.05562128210185 -9.659941576838852 -9.609445309691003 -9.160254634763866 -8.487222298002235 -7.836800230112775 -7.314503019165619 -7.019439010383783 -6.782031187225985 -6.584945010223558 -6.410092264278767 -6.113144066424251 -4.387603713663047 -2.816190027047144 -2.1699131751175815 -4.504800273983801 -6.877747992118177 -7.620118486754467 -8.150329291806884 -8.009768786984885 -7.8017543133609095 -7.568114868348473 -7.585072570002602
-13.293788622411311 -13.217667383875002 -13.007768721178344 -13.082759446271046 -13.293034946782239 -13.485222232195694 -13.506701987624258 -13.622014358872331 -13.62013016979965 -13.510847203584156 -13.390635940747112 -13.078991068125685 -12.770360898020547 -12.586840882341424 -12.446280377519425 -12.066427860466947 -11.531318163825562 -10.742973455815855 -9.948976180588108 -9.358471325209901 -9.106366827285191 -9.034013966894245 -8.709933446393123 -8.168040669090084 -7.704906995025109 -7.14530284043887 -6.805771969541764 -6.575147227045617 -6.170800252048288 -5.838806137441907 -5.015415512680336 -2.80073967665116 -2.3982768907265113 -3.9470803084702437 -6.142537415958074 -6.964797527276036 -7.363115097240787 -7.533068951596608 -7.5673611927194 -7.455063523987617 -7.358216205651816 -7.474659090343499
-13.265525786321097 -13.245930219965215 -13.186389845268497 -13.20786960069706 -13.29491913585492 -13.427566046571657 -13.45808990954909 -13.395534832336082 -13.362373104656898 -13.283237163604298 -13.160011198250965 -12.96179450780493 -12.909037213769864 -12.804653139143339 -12.401436677589619 -11.736317934933247 -10.908028418582706 -10.127974142492798 -9.434592563746211 -8.819216412608617 -8.789823063074794 -8.76758963201716 -8.427681923305517 -8.017682381090145 -7.615219595165496 -7.344650044328514 -7.023207388529145 -6.6414706824039875 -6.198309412509429 -5.744219845993324 -4.880884412890917 -3.9708210907860235 -4.635562995627859 -5.62099388063999 -6.218658654494384 -6.726636028489166 -6.791828970403926 -6.761681945241031 -6.522389933010551 -6.67877762604307 -6.796727861992896 -6.864181830794874
-13.191288736857468 -13.281352974531616 -13.36802567187494 -13.377069779423808 -13.394404318892473 -13.46487299021074 -13.399303210481444 -13.21578319480232 -13.045829340446499 -12.937300049860077 -12.794855355965398 -12.642612878892779 -12.65241066207072 -12.711951036767436 -12.304589359253818 -11.448037006813063 -10.55380087291869 -9.795980027886415 -9.216780306944296 -8.985401888819075 -9.038159182854141 -8.708049257320441 -8.033132731486129 -7.890688037591449 -7.7595484781328565 -7.592609326293325 -7.334852261150573 -6.9629133382033555 -6.541985499366433 -6.034008125371653 -5.344771762584965 -5.334973979407024 -6.041921719476912 -6.470763152419094 -6.648253763065638 -6.513722663276219 -6.168916062975607 -5.794716113141172 -5.655286121762783 -5.6982456326199085 -5.875736243266453 -6.079982338745067
-13.017566504356285 -13.22859568049655 -13.36312678028597 -13.361242591213289 -13.417014587764644 -13.421913479353615 -13.367271996245869 -13.178476251163238 -12.928632780125746 -12.70290692921857 -12.460977052286337 -12.298936792035775 -12.235251201379159 -12.280094901308965 -11.979378325309089 -11.252835018883317 -10.496898362923725 -9.915060777279852 -9.5781677710845 -9.629794551675957 -9.509583288838913 -8.911918514984519 -7.852627418323294 -7.515734412127943 -7.315256694794691 -7.177710892488982 -7.028106280118116 -6.75979775616835 -6.399540805471754 -5.992179127958135 -5.966554156569675 -6.352436078654731 -6.723621325972876 -6.819338130865067 -6.662950437832549 -6.206976682243763 -5.676765877191346 -5.117161722605107 -4.744092286214281 -4.537208326033914 -4.917814518715463 -5.053476131948491
-12.849496839073145 -13.067309095875062 -13.275323569499038 -13.372924563463911 -13.429450235644339 -13.336748133268436 -13.280222461088009 -13.059395501769803 -12.829147597088191 -12.690471281338874 -12.493008266521912 -12.246179498000709 -12.202089473699974 -12.025352538682503 -11.710692963544787 -11.144305728296896 -10.613341247615407 -10.083130442562991 -9.82122816146034 -9.867202374833756 -9.708930492728557 -9.146311635626027 -7.815320474684212 -6.8280054005994 -6.50279436665467 -6.307592378724925 -6.172684441120969 -6.153088874765087 -6.108245174835281 -6.291011514885332 -6.453051775135894 -6.866066019867555 -7.107242221170715 -7.0703121153461685 -6.67274822101049 -6.205846168800154 -5.606297205873078 -4.914799816199174 -4.539092515106595 -4.407199280018929 -4.446390412730692 -4.274175531487654
-12.71948779305816 -12.886803782712228 -13.090673040376306 -13.175838386461484 -13.29002024426595 -13.213899005729639 -13.143430334411372 -12.96970810191019 -12.859294622251086 -12.73230027875239 -12.502806049699853 -12.276326523163604 -12.301574656737529 -11.67376285772024 -11.35533490443716 -11.224572182793104 -10.70114445840234 -10.081999929119382 -9.742092220407741 -9.4813204527487 -9.360355514282583 -8.815448034463255 -7.061644845611836 -6.040037530404231 -5.794716113141172 -5.63192217726154 -5.533944345482131 -5.489100645552324 -5.249054957692772 -5.366251518013527 -6.268401246013161 -6.90902553072468 -7.080863574153182 -6.944448285291082 -6.613207846313773 -6.294779893030694 -5.726508468710122 -5.114147020088817 -4.7851676079987255 -4.631794617482496 -4.375921741412426 -4.334092743998909
