static/data/ASCData/20210118/ASCV/15.asc
ncols 97
nrows 97
xllcorner 99.0
yllcorner 2.0
cellsize 0.25
NODATA_value -32767
[rows 0 to 18 of 97, columns 42 to 83 of 97]
-1.0205815959503912 -0.20418232001307723 -0.1963323269752184 -0.36235967972593164 -0.6135594569374128 -1.0139091018682111 -1.2344939062320432 -0.12411239102691729 0.5729669907349431 0.906984194495835 0.6502894221578521 -0.007147494762821616 0.05329745162869104 0.26249976608762804 0.48229957114767386 0.676586898834679 0.48700956697038933 -0.24225478624669217 -0.7921467985487003 -0.515827043616071 -1.1846464504416399 -1.6925409999911034 -1.6615335274915612 -1.4122962485395447 -1.8165708899892723 -1.773788427932942 -0.8800667205727186 -0.763101824308623 -0.9883966244951701 -0.5519370115902213 0.702884375511506 0.7574418271246248 0.43716211117998593 0.5505945105770453 0.7770668097192717 0.7546943295613739 0.8610617352243608 -0.1390273777988491 -0.9271666787998716 -1.8146083917298077 -3.9231165216986783 -7.054871244152443
-0.7784093107324477 -0.011072491281750807 -0.6418194318737047 -1.267856376642943 -1.637983548377985 -1.521803651417675 0.4771970756730659 0.8386892550664635 -0.09192741957169615 -0.9738741373751312 -1.1037915221516945 -0.6104194597222694 0.417929628237232 0.6314494388669911 0.7068093720304356 0.9489816572483791 0.7244718563656178 -0.2599172705818744 -1.222718916675255 -1.000171614051958 -1.3498888038885672 -1.8369808718877052 -1.95512326710748 -1.7168759784084657 -2.055995677643965 -1.7357159616993267 -1.2494088930039748 -1.5049261663862785 -1.5508486256577523 -0.32938970896692465 0.5584445036149042 -0.2355822921645121 -0.5472270157675063 -0.6057094638995539 -0.32546471244799546 0.02425247738861369 -0.7980342933270945 -1.1379389918663798 -1.7824234202745866 -2.7734850413042587 -4.9805105838982575 -7.969787932714884
-0.5071920512744263 -0.63318443953206 -1.1524614789864187 -1.4201462415774035 -1.3828587746475742 -0.13117738476099028 0.587489477854982 -0.24029228798722757 -0.5911869767795155 -0.5472270157675063 0.6793343963979295 0.9917641193047091 0.6852218911763237 -0.1339248823242407 -0.14373737362156458 -0.3870871577951869 -0.7258143573787934 -0.9495391589577693 -1.4436962206909798 -1.3039663446170935 -1.4181837433179387 -1.7981234063503042 -1.8389433701471698 -1.630918554643912 -1.8157858906854865 -1.6156110682200873 -1.4268187356595834 -1.4338837293936564 -1.158348973764813 -0.28425224899923673 -0.5782344882670483 -1.051981568101826 -0.5472270157675063 -0.3282122100112459 -0.2709072608348766 -0.6791068988035338 -1.4162212450584741 -1.7188384766679303 -2.9320549006690064 -5.476630143890933 -7.970965431670563 -8.585227386883012
-0.8243317700039214 -0.9726966384194524 -0.619446951715807 -0.8584792397186072 -0.7277768556382584 -0.05385495333808121 -0.5978594708616956 -1.202308934776822 -0.925204180540407 0.1482823673867828 1.1385589891126688 0.1482823673867828 -0.43104711880719604 -0.013819988845001241 0.4081171369399086 -0.056994950553224566 -1.033534084462858 -1.2344939062320432 -1.6485810389790942 -1.5422136333161076 -1.5237661496771395 -1.6419085448969144 -1.6878310041683882 -1.500216170563563 -1.9865232392589152 -2.096030642137045 -1.4668537001526634 -1.5119911601203513 -1.2474463947445102 -0.5111170477933555 -0.885169216047327 -0.09585241609062578 0.2067648155188304 0.3621946776684344 0.3300097062132137 -0.833359261997459 -1.922938295652259 -2.6329701659265865 -6.013962167332367 -8.327355115589352 -8.84780965399939 -8.49259746903628
-1.0900540343354415 -1.1779739563594598 -0.6602669155126728 -0.06366744463540464 0.07095993596387373 -0.6857793928857139 -1.3283013230344556 -1.494328675785169 -0.7277768556382584 0.26642476260655723 -0.2540297758034802 -1.0060591088303523 -1.0900540343354415 0.022289979129149096 0.4654220861162779 0.37082967001007905 -0.5452645175080413 -0.4416446094083053 -0.9522866565210197 -1.429958732874727 -1.612471071004944 -1.7129509818895363 -1.734538462743648 -1.6670285226180623 -2.0179232114103502 -2.1270381146365875 -1.6458335414158436 -1.5559511211323604 -1.2835563627186606 -0.5001270575403534 -0.2803272524803071 0.7515543323462306 -0.08996492131223155 0.02503747669239953 -0.6936293859235727 -1.7922359115719102 -2.8409949814298443 -4.573488444885279 -7.879120513127615 -9.34314421468828 -9.780388826897013 -8.799924696468452
-1.210158927814681 -1.1242015040501272 -0.18769733463357374 0.410864634503159 0.44501210421784476 -0.39768464839629614 -1.4542937112920893 -1.514738657683602 -0.8498442473769625 -0.250104779284551 -0.7717368166502676 -0.6955918841830373 -0.769774318390803 -0.37413466928271966 -0.6390719343104538 -0.7324868514609735 -0.4212346275098726 -0.1963323269752184 -0.5911869767795155 -1.6819435093899942 -1.9406007799874412 -1.5108136611646725 -1.5316161427149984 -1.7961609080908396 -1.9857382399551293 -1.9064533102727554 -1.8401208691028488 -1.7502384488193656 -1.1273415012652706 -0.32232471523285167 0.37082967001007905 1.2908488540471295 0.32608470969428405 -0.9954616182292431 -1.7149134801490011 -3.7327541905306028 -5.27056782664714 -7.1447536644359255 -8.975764540516488 -10.442535739640402 -10.220773436320892 -9.345891712251529
-1.0912315332911202 -0.4895295669392441 0.4481521014329881 0.676586898834679 0.7174068626315449 0.2848722462455253 -1.1944589417389633 -1.3086763404398087 -0.8965517059522221 -0.17709984403246404 -0.35097718982103654 -0.12411239102691729 -0.4542045982688796 -0.9691641415524161 -1.3958112631600412 -1.6996059937251764 -1.352636301451818 -0.9640616460778078 -1.1018290238922295 -1.9778882469172705 -2.4571303218785494 -1.9339282859052613 -1.5842110960686522 -1.9327507869495824 -2.118403122294943 -1.7580884418572245 -1.7824234202745866 -1.113604013449018 -0.464017089566203 0.0203274808696845 0.2821247486822749 0.9784191311403498 1.2724013704081614 -0.17592234507678528 -3.3002195741445837 -5.735679914140273 -8.316757624988242 -9.312921741492524 -10.448423234418797 -10.564603131379107 -10.326355842680094 -10.070446069645897
-0.5177895418755356 0.3327572037764641 0.6444019273794579 0.773141813200342 0.5152695419066808 0.23894978697405156 -0.5519370115902213 -0.0032224982438919803 0.0191499819140053 -0.5374145244701825 -0.9883966244951701 -1.2132989250298245 -0.9365866704453021 -0.9201016850657986 -1.2627538811683348 -1.6458335414158436 -1.5626236152145405 -1.429958732874727 -1.3177038324333463 -1.8224583847676665 -2.3790228911518545 -2.2129955384011413 -1.9190132991333295 -2.056780676947751 -2.109768129953298 -1.5284761454998548 -1.0637565576586145 -0.10173991086902001 0.5933769726333757 0.8485017463637865 -0.49816455928088876 -0.7972492940233087 0.16869234928521548 -1.8361958725839194 -5.198347890698839 -7.722905651674226 -9.633986456740947 -10.104593539360582 -10.512008178025454 -10.645850559320944 -10.557930637296927 -10.34598082527474
0.0018799972307159685 0.5768919872538727 0.5682569949122276 0.13846987608945893 -0.3242872134923167 -0.5656744994064744 -0.45930709374348755 0.3747546665290087 -0.30309223229009774 -0.8616192369337505 -0.8361067595607095 -1.0178340983871403 -1.5900985908470462 -1.56654861173347 -1.7580884418572245 -1.8440458656217782 -1.592061089106511 -1.118314009271733 -1.235671405187722 -2.2279105251730726 -2.2004355495405674 -2.4072828660881465 -2.3664629022912806 -1.7522009470788302 -1.5618386159107547 -0.34194969782749896 0.8308392620286043 1.4003562569252592 1.5495061246445765 0.8747992230406139 -1.0782790447786534 -1.6839060076494587 -2.6741826293753452 -5.1359404460478615 -7.696608174997398 -9.281521769341088 -9.53546904411582 -9.960153667463981 -10.481785704829697 -10.681960527295097 -10.62230058020737 -10.178775973568348
0.6746244005752144 0.4979995572233915 -0.3898346553584373 -0.8478817491174979 -0.878104222313254 -0.8431717532947824 -0.6885268904489643 -0.7972492940233087 -0.6838168946262493 0.12473238827320632 0.8924617073757961 0.5670794959565488 -1.0511965687980402 -1.8624933492607463 -2.3868728841897133 -2.33035293431713 -1.8165708899892723 -1.3216288289522757 -1.5967710849292263 -2.136065606630125 -2.41042286330329 -2.10466563447869 -1.6576085309726318 -1.4562562095515539 -0.9562116530399489 0.780206806934415 1.457661206101629 1.2343289041745464 0.4100796351993732 -0.6143444562411986 -1.1673764657583505 -2.4320103441574012 -5.160275424465223 -7.5121333386077165 -8.722994764697436 -9.005987013712245 -9.457361613389125 -10.064558574867501 -10.334205835717952 -10.430760750083614 -10.355793316572063 -9.78235132515648
0.5965169698485195 -0.2669822643159474 -0.6720419050694608 -0.9016542014268305 -0.8176592759217414 -0.6563419189937432 -0.683031895322463 -0.7776243114286614 -0.47382958086352645 -0.1869123353297879 -0.05503245229375997 -0.5099395488376768 -0.9338391728820516 -1.5481011280945018 -2.208285542578426 -2.1976880519773165 -1.805973399388163 -1.5049261663862785 -1.198383938257893 -2.3283904360576653 -2.1682505780853463 -1.2776688679402666 -0.5570395070648297 -0.28228975073977214 -0.16218485726053267 0.7692168166814128 0.8316242613323901 0.6169269517469522 -0.20928481548768518 -1.5948085866697617 -3.6244242866081517 -5.266642830128211 -7.092158711082272 -7.92504297239909 -8.442750013245877 -8.847024654695604 -9.387104175700289 -9.833376279902561 -9.99744113439381 -10.028448606893352 -9.702281396170319 -8.835249665138816
-0.32546471244799546 -0.6563419189937432 -0.29602723855602475 0.5486320123175807 0.7876643003203809 0.6903243866509321 0.6942493831698613 0.7790293079787363 0.45011459969245315 0.17183234650035883 -0.6214094499752716 -0.8800667205727186 -1.0822040412975826 -1.435846227653121 -2.107805631693833 -2.1819880659015993 -1.8479708621407076 -1.6065835762265497 -0.8584792397186072 -0.8820292188321837 -0.43693461358559027 0.21932480437940471 0.5780694862095515 0.8065042836112424 0.09450991507744977 -0.49423956276195913 -0.7061893747841466 -0.9397266676604454 -1.663496025751026 -3.3437870355047 -5.029573040384875 -6.170177028785757 -6.861368915769223 -7.613398248796095 -8.085182830371409 -8.589152383401942 -9.039349484123145 -9.50210657370492 -9.53154404759689 -9.333331723390955 -8.923169587162835 -7.96782543445542
-0.9573891519956277 -0.9915366217103134 -0.8478817491174979 -0.17317484751353485 0.07213743491955249 0.43323711466105674 0.9175816850969438 1.1208965047774866 0.7429193400045859 0.4159671299777674 -0.17513734577299944 -0.8050992870611675 -1.2501938923077607 -1.709025985370607 -2.2306580227363235 -2.2950279656467654 -1.6057985769227638 -0.9522866565210197 -0.013819988845001241 0.48504706871092473 0.7645068208586974 0.4383396101356647 0.606329461145843 0.21539980786047508 -0.2650197660564828 -0.98172413041299 -1.6203210640428027 -2.079153157105649 -3.121239732881403 -4.487531021120725 -5.246232848229777 -6.097957092837456 -6.79817647181446 -7.321378507787748 -7.7990505841414555 -8.06281035021351 -8.449422507328055 -8.629187347895023 -8.093032823409267 -7.910520485279051 -7.717018156895831 -7.0273962685199365
-1.2686413759467288 -1.1964214399984279 -1.2639313801240135 -1.5520261246134313 -1.3294788219901346 -0.2979897368154898 0.48308457045146014 0.8983492021541899 0.6969968807331122 0.3319722044726783 -0.16610985377946186 -0.9004767024711517 -1.5237661496771395 -1.9990832281194892 -2.3605754075128864 -2.2200605321352143 -1.2207564184157902 0.04269996102758178 0.6734469016195357 0.9156191868374792 0.808466781870707 0.4842620694071389 -0.29210224203709556 -1.0394215792412522 -1.4837311851840598 -2.099955638655975 -2.6270826711481923 -3.368514513573955 -4.055781404038492 -4.689668341845589 -5.2913703081974655 -6.008859671857759 -6.5752366695392706 -6.952428835008385 -7.272708550953023 -7.57532578256248 -7.692683178478469 -7.3987009392106575 -6.727919034125623 -6.359754360650046 -6.073622114420093 -5.8177123413858975
-1.6399460466374496 -1.643871043156379 -1.9182282998295437 -2.1537280909653074 -1.6387685476817708 -0.7493643364923699 -0.36235967972593164 0.22717479741726354 -0.1182248962485235 -0.6143444562411986 -0.9134291909836185 -1.2815938644591958 -1.8762308370769991 -1.793020910875696 -1.9241157946079377 -1.5520261246134313 -0.47893207633813484 0.6294869406075265 0.5486320123175807 0.40693963798422983 -0.11351490042580803 -0.5130795460528206 -1.2988638491424853 -2.136065606630125 -2.6781076258942744 -3.0529447934520317 -3.44662194430065 -3.8332341014151954 -4.366248628685807 -4.87139568067202 -5.405587706898311 -5.952339721985176 -6.294206918783926 -6.626261624285353 -6.791111478080387 -6.968913820387889 -6.831146442573466 -6.285571926442281 -5.6253875119583565 -5.086092990257458 -4.887880666051524 -4.233583746345993
-2.0909281466624368 -2.0948531431813664 -2.0179232114103502 -2.2043605460594966 -1.048056571582897 -0.23636729146829794 -0.07818993175544353 -0.9534641554766985 -1.372261284046465 -1.6163960675238733 -1.6964659965100328 -1.728650967965254 -1.7200159756236093 -1.5763611030307934 -1.2627538811683348 -0.8294342654785298 -0.12921488650152568 0.40419214042097895 -0.0032224982438919803 -0.63318443953206 -1.1544239772458833 -1.6026585797076203 -2.296205464602444 -2.8508074727271677 -3.186787174747524 -3.535326865628454 -3.925864019261929 -4.316793672547297 -4.705368327921307 -5.164200420984153 -5.541392586453268 -5.84871981388544 -6.196474505462584 -6.344054374574329 -6.490456744730396 -6.356614363434903 -6.172139527045221 -5.729792419361878 -5.137902944307326 -4.588010932005318 -3.7229416992332793 -2.8790674476634592
-1.935890784164726 -1.8789783346402498 -2.004970722897883 -0.9982091157924935 0.49485956000824816 1.2994838463887737 0.3963421473831201 -0.619446951715807 -1.1516764796826329 -1.2062339312957515 -1.333403818509064 -1.560661116955076 -1.3184888317371322 -1.1866089487011044 -0.8584792397186072 -0.8164817769660626 -0.42201962681365845 -0.4318321181109819 -1.0245065924693204 -1.630918554643912 -2.0108582176762777 -2.47989530168834 -2.8861324413975322 -3.2413446263606427 -3.532579368065204 -3.887791553028314 -4.285393700395861 -4.64570838083358 -5.046058025764379 -5.398522713164238 -5.641872497337861 -5.906417262713702 -6.044969639831909 -6.146627049672181 -6.168999529830078 -5.99158968717447 -6.074407113723879 -5.7757148786333525 -5.078242997219599 -4.197473778371843 -3.2609696089552895 -2.5293502578268505
-1.9457032754620494 -1.6799810111305293 -0.6029619663363035 1.1503339786694573 1.9781157445116664 1.706898485053645 1.0690865507276186 0.4010521432058356 -0.12528988998259605 -0.35097718982103654 -0.48638956972410075 -0.6818543963667842 -0.8859542153511129 -1.0511965687980402 -1.2474463947445102 -1.3624487927491413 -1.4122962485395447 -1.6799810111305293 -2.0422581898277126 -2.3087654534630184 -2.5548627351998916 -2.8272574936135912 -3.2083746556016357 -3.653469260848229 -4.018886436760556 -4.381948614761525 -4.726955808775418 -5.0374230334227335 -5.290192809241787 -5.541392586453268 -5.769827383854959 -6.032409650971335 -6.142702053153251 -6.176849522867936 -6.15447704271004 -6.014747166636153 -6.235724470651878 -5.835374825721079 -4.979725584594472 -4.076583885588818 -3.503141894173233 -2.9756223620291227
-1.8008709039135549 -0.579411987222727 0.9391691659510553 1.6276135553712718 1.7147484780915043 1.786968414039805 1.3249963237618152 0.8755842223443997 0.5486320123175807 0.15691735972842746 -0.2736547583981275 -0.8223692717444568 -1.359701295185891 -1.7765359254961925 -2.008110720113027 -2.117225623339264 -2.310727951722483 -2.512865272447347 -2.6439601561795887 -2.797035020417835 -2.9846498540226603 -3.2727445985120776 -3.7150917061954205 -4.0726588890698885 -4.396863601533457 -4.710078323744022 -5.03153553864434 -5.316490285918613 -5.5500275787949125 -5.8177123413858975 -5.990412188218791 -6.095994594577991 -6.2510319570757025 -6.359754360650046 -6.296169417043391 -6.0159246655918315 -5.694467450691514 -5.091195485732066 -4.484783523557475 -4.168036304479873 -4.153513817359834 -4.353688639825233
