static/data/ASCData/20210118/ASCV/18.asc
ncols 97
nrows 97
xllcorner 99.0
yllcorner 2.0
cellsize 0.25
NODATA_value -32767
[rows 76 to 94 of 97, columns 42 to 83 of 97]
-11.589472726465623 -11.777956575967021 -11.708556664853536 -11.623778364345586 -11.596176126970903 -11.536634157776948 -11.503511472927329 -11.421493396156848 -11.317787847163402 -11.267315184535413 -11.162821000188405 -10.92070994664477 -10.882461131996997 -10.806357820378231 -10.137200722880596 -9.38918009002673 -8.803224022329921 -8.455830149085715 -7.741720836435028 -7.079661457119454 -6.674302885388418 -6.310347669719404 -5.830857374753508 -5.24845016614773 -4.821798439870511 -4.289469576215939 -3.7839543145824877 -3.346261693355396 -2.905808848390836 -2.0493508544221486 -2.8044692054580773 -3.608088630738089 -4.260290068134133 -4.381345594905951 -3.9184166423648645 -3.2504424978975734 -2.643193275654581 -2.1802643231134953 -1.9547146119946692 -2.0434360892704313 -2.281998283723035 -2.397139045343135
-11.498779660805955 -11.575671607778283 -11.47236037646162 -11.388370711307228 -11.173467577461494 -11.076859746650111 -11.065030216346674 -10.986955316344005 -10.933328112301766 -10.884432720380904 -10.828833927954758 -10.667557998151263 -10.661643232999545 -10.70068068300088 -10.101317814293512 -9.483816332454209 -8.883270510716496 -7.921529697047238 -7.185338594496806 -6.538657604575697 -6.093472947489763 -5.519346410096389 -5.088357189374577 -4.620696424712117 -4.458631859555059 -3.9420757029717346 -3.5982306888185596 -3.1569892085004376 -1.9322385044181432 -0.7934490538741423 -1.3959664639957603 -2.216541549377362 -3.1617210206218114 -3.837581518624726 -3.3754412014372024 -2.787513545356487 -2.1822359114974006 -1.6029832443058714 -1.3210461054073392 -1.0816952756011728 -1.2027508023729903 -1.3336642710643365
-11.20856185069502 -11.276778808778161 -11.16163804715806 -11.137190351197628 -10.879306590582747 -10.749576074921745 -10.73104314411303 -10.64626484360508 -10.592243321886059 -10.562275178450692 -10.475130971882056 -10.482228690064115 -10.497607079458582 -10.44003669864853 -9.912833964792116 -9.385236913258918 -8.807167199097732 -7.84424343239813 -6.7543493737749944 -6.120680867187664 -5.446791957568655 -4.731105374210843 -4.470461389858494 -4.440098928746345 -4.3210149903584325 -4.196804922172366 -3.852171272665629 -2.4460344372639993 -1.065133933176364 0.018056724941492686 -0.29542582809953233 -0.6128515579083693 -1.7926500468376112 -2.645164864038487 -2.6830193610094786 -2.094303069575201 -1.6577934013784532 -1.0690771099441756 -0.8111933493292947 -0.44487222759959355 -0.38533025840563795 -0.4235790730534106
-10.989715540081473 -10.90020542745215 -10.745632898153932 -10.786641936539173 -10.6939772824956 -10.584751286027219 -10.448711687537717 -10.354075445110237 -10.336725467331867 -10.325684572381993 -10.289801663794908 -10.301236876421562 -10.260227838036322 -10.324895937028431 -9.848165865800004 -9.446750470836779 -8.88445346374684 -8.038642047051244 -6.963337742469011 -5.803255137378827 -4.928264212601425 -4.3024820595497175 -4.395935348946853 -4.5386783479416355 -4.622668013096023 -4.533946535820261 -3.1254437943579445 -1.5375265099601982 -0.32657692456524456 0.33548245475032923 0.09889184868163126 0.204568986058983 -0.7847740649849566 -1.589576443295312 -1.6215161751145861 -1.0004658341842532 -0.5817004614426575 -0.6822514690218542 -0.46853128820646317 -0.21853388112720573 -0.07303065839495604 -0.02098072505984261
-10.761405605225178 -10.645081890574737 -10.39232425975801 -10.449894640568061 -10.461724170871495 -10.319769807230276 -10.174266584498028 -10.086728060252607 -10.078841706716986 -10.13838367591094 -10.155733653689312 -10.121822333486133 -10.040592892069213 -10.288618710764563 -10.132468910759224 -9.692016065794665 -9.035871451630808 -8.222394084431267 -7.080844410149798 -5.787876747984361 -4.619907789358555 -4.142389082776566 -4.432212575210721 -4.871876784821718 -4.947980096440483 -3.768181607511241 -1.8529806513851292 -0.2205054695111115 0.4104028133387505 0.3394256315181412 0.08233050625682248 0.2436064360603183 0.18879627898773643 -0.46143357002440233 -0.17437030132771536 0.49044930172532686 0.20141444464473368 -0.44802676901384286 -0.4030745538607903 -0.20473276243986493 -0.08170564728414176 0.20338603302863945
-10.774812406235739 -10.517322963297639 -10.068983764797455 -10.030734950149682 -10.098163272879262 -10.011413383987406 -9.890357857215589 -9.800453426909485 -9.830815888021633 -9.926240765802675 -9.981050922875257 -10.041775845099556 -10.061097411261834 -10.121822333486133 -10.046507657220928 -9.574903715790658 -8.917576148596458 -8.053231801092148 -6.74961756165362 -5.110833296951103 -3.9759870231749144 -4.258318479750228 -5.052474280787491 -5.252393342915541 -4.5173851933954525 -2.698003432727163 -0.7240491427606575 0.46797319414880034 0.33548245475032923 0.010170371405869183 0.41750053152081135 0.5618208012227175 0.6714411153678808 0.48492885425039045 0.5744389668797147 0.5835082734456813 -0.079734058900236 -1.0150555882251562 -1.0434464609534 -0.6246810882118043 -0.3529962089095826 -0.041485244252462916
-10.56109222542035 -10.371819740565389 -9.927423718833019 -9.742883046099433 -9.623799107711523 -9.610786624377745 -9.538626489526791 -9.46055158952412 -9.516150381950265 -9.648246803671954 -9.708577408219472 -9.719223985492564 -9.74170009306909 -9.64982407437908 -9.496828815787987 -9.003537402134752 -8.494867599087051 -7.587542624813593 -6.040634378801087 -4.433395528241064 -3.788686126703862 -3.6530408458911414 -3.160932385268249 -2.050533807452492 -0.9401352296367351 0.23690303555503833 0.6272775355683904 0.3070915820220854 -0.46853128820646317 -0.7074878003358487 -0.4965278432579261 -0.3561507503238319 -0.2260259169860479 -0.06711589324323874 -0.08446587102160974 -0.1195601442551335 -0.2378554472894825 -0.4176643079016933 -0.7847740649849566 -1.0103237761037822 -0.6511003725561424 -0.12271468566938282
-10.333570925917616 -10.153762065305406 -9.885231727417434 -9.686101300642946 -9.388391454673169 -9.343439239520116 -9.298487024367063 -9.257477985981822 -9.257477985981822 -9.263392751133539 -9.317808590529339 -9.205822370323489 -9.3521142284093 -9.24683140870873 -8.787845632935454 -8.319790550596213 -7.906939943006336 -7.123825036918944 -5.852939164653254 -4.315100225206715 -1.9204089741147081 0.23966325929250676 0.9076374037597978 1.3315289062995488 1.498325283577981 0.7853989239576373 0.563003754253061 0.05591122191248443 -0.45946198164049656 -0.6743651154862307 -0.8324865038754776 -0.5730254725534718 -0.2906940159781586 -0.18817142001505616 -0.2839906154728786 -0.28675083921034705 0.04723623302329871 0.19273945575554796 -0.24258725941085668 -0.6207379114439924 -0.49376761952045767 -0.07303065839495604
-9.889174904185246 -10.032706538533589 -9.86669879660872 -9.710548996603379 -9.305190424872343 -9.268124563254911 -9.293755212245689 -9.252351856183665 -9.045335075873556 -8.945967021324702 -8.793760398087173 -8.608825407676807 -8.692815072831195 -8.575702722827188 -8.149839631903532 -7.626580074814928 -7.154976133384657 -6.409715724268256 -5.124634415638445 -2.2429608337217 0.9797975386107507 3.3752774250563204 2.4829365225005473 2.2218982204714166 1.395014052261316 0.8674170007281194 0.7443898855723963 0.3342995017199861 -0.37665526951645223 -0.6041765690191836 -0.4910073957829897 -0.5903754503318428 -0.3482643967882084 -0.10615334324457404 -0.15504873516543816 -0.02413526647409192 0.32049838303264533 0.4017278244495648 0.08745663605497755 -0.27807585032116133 -0.260331554866009 0.1253111330259693
-9.664808146096764 -9.844222689032193 -9.786652308222143 -9.77876595468652 -9.463311813261589 -9.329638120832774 -9.329638120832774 -9.266152974871007 -9.053221429409177 -8.564267510200535 -8.286667865746596 -7.974368265735914 -7.871845669772812 -7.680207278857166 -7.272877118742224 -6.692835816197133 -6.1431569747641905 -5.376603411101608 -3.2634549812313516 -0.20749298617733292 2.2250527618856655 3.581505570012869 2.4955546881575446 1.7964294472245408 1.2502994648826293 0.9474634891146954 0.7719921229470774 0.0578828102963902 -0.5678993427553167 -0.32854851294915033 -0.07855110586989245 -0.426339296790879 -0.5454232351787902 -0.31514171193859086 -0.2465304361786682 -0.1254749094068508 0.05117940979111024 0.16947471282545967 0.26213936686903283 -0.06711589324323874 -0.07105907001105027 0.14187247545077808
-9.43728684659403 -9.626559331448991 -9.625770696095428 -9.726321703674625 -9.62931955518646 -9.466466354675838 -9.366703982450204 -9.297304071336718 -9.024041921327372 -8.540608449593666 -7.748818554617089 -7.302450944500811 -6.981870673277726 -6.683372191954385 -6.208613709109864 -5.729123414143968 -5.201920680287552 -4.239785548941513 -2.102978058464387 0.5921832623348671 2.449419519974148 2.7542270841259873 2.133176743195655 1.4533730684249289 1.2278233573061028 0.9399714532558532 0.5988866628401466 -0.09629540132504477 -0.3581223387077377 -0.1538657821350946 0.024760125446772197 -0.32381670082777614 -0.5797288730587518 -0.5817004614426575 -0.5103289619452669 -0.4779949124492111 -0.3052837700190616 0.13398612191515458 0.4214437082886229 0.34415744363951495 0.27002572040465633 0.3859551173783182
-9.190838298605804 -9.339496062752303 -9.436103893563688 -9.455819777402747 -9.480267473363178 -9.363943758712736 -9.266152974871007 -9.147069036483096 -8.874595521827311 -8.212536142511738 -7.3442486182396145 -6.757503915189243 -6.397097558611259 -5.979120821223226 -5.291430792916877 -4.91288582320696 -4.477164790363774 -3.5154239766945152 -1.3171029286395277 1.3283743648853 2.051158666425173 1.9888564734937484 1.5902013022679924 1.1789279653852383 0.897779461840269 0.6245173118309224 0.2834325214152158 0.3315392779825177 0.17617811333073918 -0.30055195789768785 -0.2205054695111115 -0.44487222759959355 -0.6010220276049343 -0.6041765690191836 -0.3092269467868731 -0.2768928972908178 -0.10102721344641896 0.3674221865696037 0.7680489461792659 0.9103976274972663 0.8070863961806012 0.8244363739589726
-9.115917940017383 -9.126564517290475 -9.249591632446197 -9.132479282442192 -9.19596442840396 -9.073725948601798 -9.037843040014714 -8.903775029909117 -8.490924422319239 -7.77287193290074 -6.918385527315959 -6.434163420228689 -6.049309367690274 -5.460593076255996 -4.7456951282517466 -4.292624117630189 -3.6431829039716126 -1.7741171160288964 0.4975470199073877 1.4253765133734655 1.5894126669144297 1.1548745871015873 0.8130011613323185 0.7085069769853103 0.6264889002148282 0.3342995017199861 0.05315099817501601 0.18288151383601914 0.22783372898907173 -0.5955015801299979 -0.5698709311392225 -0.6049652043727458 -0.5485777765930395 0.021999901709304215 0.3429744906091714 0.49360384313957617 0.6458104663771054 0.9943872926516542 1.237681299225632 1.4234049249895602 1.4202503835753104 1.4533730684249289
-9.005508990518656 -8.963316999103073 -9.03981462839862 -9.027985098095183 -9.104088409713949 -8.864737579907782 -8.77601610263202 -8.636427645051487 -8.247630415745261 -7.452685979354435 -6.547332593464883 -5.817056256066168 -5.199949091903647 -4.653819109561735 -3.9732267994374464 -3.0797029438513293 -1.2516461942938546 0.7495160153705513 1.5677251946914659 1.5764001835806516 1.1986438492242968 0.7759352997148894 0.6245173118309224 0.7992000426449781 0.6966774466818753 0.3118233941434596 -0.03557047910074562 -0.18501687860080684 -0.3044951346654994 -0.4831210422473666 -0.4720801472974938 -0.2205054695111115 0.22191896383735443 0.8469124815354987 1.1548745871015873 1.3792413451900698 1.4916218830727015 1.6879920861097206 1.8362555325794387 1.9651974128868792 2.08743589268904 2.193901665419954
-8.895100041019932 -8.90180344152521 -8.970414717285134 -8.940052256172985 -8.838318295563443 -8.745653641519871 -8.644313998587112 -8.393133638477511 -7.841483208660662 -6.994883156611504 -5.987795810112411 -5.10294694341548 -4.245700314093231 -3.684980577710416 -2.71732499888944 -1.1743599296447464 0.760951227997205 1.8910656896520202 1.8930372780359264 1.4009288174130337 1.2053472497295763 0.9194669340632329 0.6079559694061136 0.6517252315288227 0.4983356552609499 0.39778464768175326 0.21442692797851226 -0.16372372405462388 -0.39597683567872943 -0.20749298617733292 0.8275909153732215 0.8059034431502576 1.6107058214606127 1.6808943679276602 1.543277498731034 1.6694591553010065 1.9612542361190677 2.1292335664278434 2.3334901230004856 2.4983149118950125 2.643029499273699 2.844920149785655
-8.731063887478967 -8.772072925864208 -8.835558071825975 -8.986976059709942 -8.9857931066796 -8.659692387981577 -8.391162050093605 -8.144319184428596 -7.5883312601671555 -6.6411802005388 -5.485040772216427 -4.3872603600576685 -3.469288808511119 -2.3277391342296503 -0.8746784952910618 0.4494402633400858 1.5073945901439476 1.7913033174263857 1.6028194679249896 1.410392441655782 1.341386848219078 1.0294815658851775 0.743601250218834 0.5121367739482907 0.11348160272253427 -0.09235222455723324 -0.0738192937485187 -0.03951365586855715 0.12255090928850088 0.6166309582952993 0.820887514867942 1.2278233573061028 2.053918890162641 2.2719765654226247 1.9837303436955933 1.8938259133894881 2.186803947237893 2.4876683346219206 2.755410037156331 3.047205117974392 3.217156036667074 3.477800021019423
-8.893128452636025 -8.8978602647574 -8.888396640514653 -8.820968317785074 -8.81032174051198 -8.584772029393156 -8.192820258672679 -7.324927052077338 -6.55640190003085 -5.645133748989581 -4.369910382279297 -2.1589711685673123 -0.9937624336789734 -0.4216074846695048 0.5121367739482907 1.2522710532665347 1.1907574956886737 1.0949383002308508 0.835477268908845 0.8295625037571277 1.1879972719512057 1.219148368416917 0.871360177495931 0.7853989239576373 0.15764518252202464 -0.10891356698204202 0.10086343706553702 0.5160799507161022 0.7112672007227783 0.6742013391053492 0.580353732031432 0.7475444269866456 1.4163072068074989 2.321660592697051 3.062977825045639 3.1020152750469743 3.0570630598939212 3.289316171518027 3.3539842705101375 3.575590804861152 3.7786644084034506 4.014072061441806
-8.827671718290354 -8.742893417782403 -8.833586483442069 -8.798492210208547 -8.548494803129289 -8.323733727364026 -7.3600213253108615 -5.746867709599121 -3.524098965583701 -2.582468353430282 -2.0414645008865255 -0.079734058900236 0.22113032848379177 0.34888925576088914 0.7984114072914155 1.0294815658851775 1.0882348997255713 1.0054281876015265 0.7727807583006401 0.6087446047596758 0.6477820547610111 0.6722297507214434 0.6604002204180084 0.48768907798785843 0.3394256315181412 0.12136795625815733 0.2964450047489944 0.5969150744562408 0.4738879593005181 0.18209287848245692 0.007410147668401201 0.7278285431475875 1.1146541840699085 2.4955546881575446 3.4683363967766754 4.009340249320432 4.011311837704337 4.079528795787478 4.042462934170049 4.242381996298099 4.435991975597651 4.641825802877419
-8.827671718290354 -8.819785364754729 -8.603304960201871 -8.571759546059377 -8.264191758170071 -7.77287193290074 -6.83084700307054 -3.9937313186300667 -1.778060292796708 -1.4732527286448684 -0.9409238649902973 0.34415744363951495 0.4663959234416759 0.4869004426342962 0.580353732031432 0.864656776990651 0.7727807583006401 0.6742013391053492 0.7905250537557924 0.7924966421396982 0.4699447825327061 0.19668263252335993 0.21797578706954246 0.18209287848245692 0.16632017141121036 0.4194721199047171 0.5913946269813048 0.48177431283614114 0.24045189464606898 0.09100549514600775 -0.24968497759291752 0.046447597669736496 0.33351086636642346 1.641856917926325 3.498304540212043 4.123298057910188 4.488830544286326 4.529839582671568 4.609886071058144 4.853968712985684 5.132356992793185 5.278648850878997
