static/data/ASCData/20210118/ASCV/21.asc
ncols 97
nrows 97
xllcorner 99.0
yllcorner 2.0
cellsize 0.25
NODATA_value -32767
[rows 19 to 37 of 97, columns 0 to 42 of 97]
0.3670586877675923 0.23540841233384135 0.786046783459839 0.8614868289331121 0.3478288722547975 -0.19134557039241873 -0.3836437255203693 -0.39140961255438267 0.5001881797792507 0.4402799083740043 0.12890481872451476 -0.37217979704158743 -0.9638664282045131 -1.031170782499296 -1.1894469563353784 -1.0663021762245946 -0.27455150289970476 0.6251819806124188 1.2608753049680868 1.5116025149233767 1.0733846037183348 -0.4757249574950997 -0.44059356376980086 -0.0027454567092362048 0.39738262761469256 0.44915520784144825 -0.6990866607591042 -0.7841416139887745 -0.8592118553175707 -0.9383499422356119 -0.9989978219298119 -0.9394593546690424 -0.6358501520535662 -1.06334374306878 -1.884678747951816 -2.3125421431115063 -2.7381867134043363 -3.137575189439311 -3.0576974942323156 -2.514455205995855 -1.6827656850674677 -0.8495969475611731 -0.3152299587921559
0.22172565898819885 0.20508447248674155 -0.23128441799591615 -0.2460765837749892 -0.638808585209381 -1.0030656675190568 -0.6317823064643213 -0.5038300724753384 -0.2675252241546451 -0.25791031639824746 -0.537112445478253 -0.7763757269547611 -1.0644531555022105 -1.0145295959978387 -1.4649510439706157 -0.9842056561507389 -0.14844828963310652 0.6414533629693993 0.9139990174488215 0.9121499967264377 1.3281796592628696 1.1229383590782298 0.6836110354397578 0.2930978588722266 0.4591399197423227 0.7032106550970294 0.38074144111323527 0.040151824050076 -0.4132280570785154 -0.642506626654149 -1.0359782363774948 -1.1221426020405958 -1.4549663320697412 -2.1357757620515825 -2.707862773557236 -3.041795916019812 -3.3380090357457517 -3.277361156051552 -3.0173888424843414 -2.4697089045141585 -1.6679735192883944 -1.0078731213972558 -0.8847283412864719
0.47578110624378 -0.014579189332494469 -0.45797435856021185 -0.6280842650195528 -1.0304311742103422 -1.3591870586502428 -1.0555778560347666 -0.7401349207960322 -0.615141119962864 -0.802631821212616 -0.367002539018912 -0.00792271473191164 -0.688362340569276 -1.1162257357289664 -1.3447646970156464 -0.6739399789346798 0.14369698450358825 0.3437610266655522 0.8973578309473642 1.0878069653529314 1.2764070790361135 1.1436473911689324 0.6407137546804456 0.07824165093118962 0.15035345910417108 0.2228350714216294 0.32527081944171066 0.24021586621204039 0.09673185815503071 -0.4050923659000252 -1.5466777598999948 -1.998948228595156 -2.324375875734765 -2.80068361382092 -3.105402228869827 -3.3380090357457517 -3.4178867309527465 -3.163091675408212 -2.7929177267869068 -2.3750390435280906 -1.86323010757216 -1.513765191041557 -1.5304063775430143
0.9025350889700401 0.039042411616645456 -0.5840775718268105 -0.6717211540678187 -1.1228822103295495 -1.442392991157529 -1.343655284582216 -0.8536647931504184 -0.7098109809489319 -1.0478119690007532 -0.2120546024831209 0.0009525847355322803 -0.5489461781015117 -0.7423537456628928 -0.7919075010227878 -0.16102163054531848 0.19731858545272818 0.15331189225998543 0.9472813904517361 1.0752336244407186 1.12404777151166 0.8807166444459074 0.5009277880682044 0.0098278842029762 -0.09556629697291985 -0.14142201088804685 -0.3400068364721034 -0.12884866997583444 -0.10555100887379432 -0.6007187583282678 -1.731579832138409 -2.535164238086557 -2.909036228152631 -3.1209340029378536 -3.292153321830625 -3.3380090357457517 -3.2207811219465974 -2.8702067929825636 -2.6054270255371548 -2.303666843644063 -2.2393209225050947 -2.0470227673771437 -2.0769769030797667
1.1417983704465478 0.1640362124498136 -0.496064185441325 -0.6602572255890369 -1.1121578901397213 -0.9989978219298119 -0.9013695277879292 -0.7001960731925343 -0.7930169134562184 -1.1310179015080397 -0.3829041172314156 -0.4949547730078945 -0.5330445998890081 -0.7264521674503892 -0.0800345229048931 0.5527003682949605 0.159228758571615 0.056793010551533296 0.7638585347912294 0.4092163602379508 0.38850732814724864 0.6592039619042871 0.27830569309315356 0.2753472599373388 0.16995307876144272 -0.3074640717581425 -0.7305200130396345 -0.6532309468439772 -0.6990866607591042 -1.242328948995565 -2.00893294049603 -2.8143663671665626 -3.213015234912584 -3.4249130096978067 -3.3357902108788906 -3.2499956493602666 -2.900530732829664 -2.5791709312793 -2.384653951284488 -2.184589909122524 -2.1202439879835557 -1.927576028711128 -1.9578999685582281
0.5811752874196761 -0.13476553628746357 -0.41100923221165475 -0.679856845246309 -0.9627570157710825 -0.8495969475611731 -0.3995453037328729 -0.2793589567779038 -0.5770512930817504 -0.6336313271867056 -0.4931057522855107 -0.9638664282045131 -0.6543403592774077 0.05864203127391754 0.7061690882528442 0.7908542373380381 0.31158806609606815 -0.008662323020865337 0.203975060053311 -0.2841664106561024 -0.5955415003055919 0.03127652458263208 0.23355939161145756 0.23060095845564277 0.249830773968438 -0.2150130356389357 -0.7312596213285882 -0.9893829141734143 -1.290033683633076 -2.0067141156291695 -2.675689812987752 -3.289934496963764 -3.6893229729987387 -3.6885833647097854 -3.5547142644091734 -3.1423826433175095 -2.77738595271888 -2.470818316947589 -2.2441283763832933 -2.0126309819407986 -1.3388478307040172 -1.1465496755760665 -0.6144015116739103
-0.6473140805323481 -0.5252787128549947 -0.6169901406852483 -0.8096580999576757 -1.0859017958818666 -0.7989337797678475 -0.2127942107720746 -0.14068240259909315 -0.06524235712582005 0.4813281684109323 -0.19726243670404786 -0.3241052582595998 0.1925111315745296 0.6943353556295855 0.7882656083267001 0.8866335107575365 0.8400381885534558 0.3604022131670095 -0.46093279171602664 -0.13365612385403347 -0.5330445998890081 -0.6417670183651958 -0.45501592540439706 -0.42395237726834356 -0.36515351829652776 -0.12884866997583444 -0.4121186446450853 -0.9268860137568304 -1.7644924009968468 -2.5011422567946893 -3.324326282400109 -3.9208203674412334 -4.138635008538086 -4.103503614812786 -3.7821438132624228 -3.238161916737008 -3.00592491400556 -2.630943511506056 -2.311432730678076 -1.524489511231385 -0.6210579862744932 0.22172565898819885 0.8341213222418267
-0.9764397691167255 -0.7197956928498064 -1.1709567491115371 -1.1554249750435104 -0.58296815939338 -0.4062017783334557 -0.551904611257326 -0.4539065129709665 0.32416140700828056 0.7919636497714682 0.549002326850192 0.5848733288644445 0.8074954238394949 0.6788035815615587 0.6181557018673591 0.6336874759353859 0.7109765421310428 0.6103898148333458 -0.761583561175688 0.38185085354666537 0.32046336556351207 -0.5234296921326105 -0.8699361755073989 -0.8507063599946036 -0.7371764876402174 -0.31744878365901696 -0.01642821005487871 -0.5478367656680811 -1.8965124805750746 -3.050671215487256 -3.8819909322711665 -4.383815156326222 -4.522491710505033 -4.308744914997426 -3.9470764616990883 -3.4933267764260196 -3.284017630652135 -2.8816707214613455 -2.3214174425789507 -1.3085238908569172 -0.0663517695592506 0.8104538569953097 1.2061442915855158
-1.3418062638598318 -1.1543155626100798 -1.8173743936570332 -1.3721302037069318 -0.3995453037328729 0.25574764028006713 0.374084966512652 0.21876722583238406 -0.00015682769789826523 0.11818049853468704 0.5704509672298479 0.7109765421310428 0.8037973823947269 0.2032354517643573 -0.30376603031337446 -0.422842964834913 -0.7937565217451721 -1.2393705158397503 -1.2989089831005198 -0.6532309468439772 -0.04305410845721047 0.047917711084089376 0.0408914323390297 -0.35442919810670004 -0.8632797009068156 -0.9287350344792142 -1.2197708961824785 -0.715727847260561 -2.033340014031501 -3.4678102904571184 -4.333891596821851 -4.73032163970101 -4.737347918446071 -4.463692851533217 -4.108311068690986 -3.8095093199537082 -3.6464256922394265 -3.3993965237289054 -2.5322058049307428 -0.8048506460794771 0.5049956336574493 1.2216760656535426 1.6199551292550876
-1.3270140980807588 -1.1961034309359615 -1.4656906522595694 -1.5304063775430143 -0.8603212677510013 0.3555947592888109 1.2586564801012257 1.1717525061491711 0.00502043032477717 0.059751443707348084 1.0656187166843214 1.3193043597954253 1.3614620322657842 0.7050596758194136 -0.2556914915313868 -0.668762720912004 -0.6484234929657786 -1.1554249750435104 -1.1746547905563054 -1.9941407747169573 -1.9715827219038706 -1.545938151611041 -0.47942299893986773 0.447306187119064 0.37519437894608254 0.14850443838178684 -0.5703948184811676 -1.45977378594794 -2.441233985389443 -3.7976755873304495 -4.6241878502361615 -4.85753426540104 -4.617161571491101 -4.251055468459041 -3.898262314628147 -3.632742938893784 -3.5177338499614903 -3.222630142668981 -2.2352530769158494 -0.6055262122064664 0.43769127936266683 0.5645341009182188 0.3829602659800959
-1.1824206775903188 -1.4239027839336877 -1.7019955005802627 -1.7752167211866747 -1.397276885531356 -0.35073115666193155 0.6259215889013725 0.6924863349072017 0.3134370868184524 0.3836998742690496 1.308580039605598 1.5763182402068212 1.6269814080001472 1.161028185959343 0.5009277880682044 0.15331189225998543 -0.4043527576110719 -0.7168372596939916 -0.9061769816661278 -1.29188270435546 -1.7667112258637077 -1.7460021937730053 -1.6853543140788054 -0.8673475464960609 0.11226363222305746 0.16884366632801218 0.002801605457916523 -0.8973016821986839 -2.531096392497312 -3.7655026267609655 -4.5809207653323725 -4.679658471907685 -4.390471630926806 -3.954102740444148 -3.5820797711004584 -3.088021434079416 -2.9219793732093198 -2.5089081438287026 -1.6786978394782226 -0.6443556473765333 -0.6180995531186784 -0.7715682730765625 -1.0977355285051251
-0.5496857863904654 -1.5370628521435972 -1.6934900052572956 -1.4327780834011317 -1.1358253553862383 -0.5925830671497776 0.2967959003169951 0.9110405842930072 0.578956462552815 0.4735622813769189 1.2460831391890137 1.459090326407667 1.8621768438874096 1.456131893251852 1.111474430599448 0.7176330167316256 -0.4346766974581717 -0.7138788265381772 -0.9305840552015985 -0.9549911287370692 -1.2793093634432477 -1.4549663320697412 -1.7090217793253224 -2.1501981236861787 -1.4435024035909596 -0.4050923659000252 0.534210161071119 0.08970557940997104 -1.878022273351233 -3.2714442897399225 -4.3301935553770825 -4.429670870241349 -4.160083648917741 -3.757736739726952 -3.304726662742837 -2.5858274058798827 -1.5341044189877826 -0.4520574922485827 0.12002951925707084 -0.10444159644036377 -0.27344209046627466 -1.074068063258608 -1.4072615974322304
-0.8680871547850146 -1.7607943595520785 -1.8214422392462783 -1.3828545238967598 -0.7996733880568012 -0.26160835784301595 -0.509746938786968 -0.1894965496700345 0.259815485869312 0.3526363261329961 0.8888523356243976 1.0574830255058307 1.4014008798692812 1.577057848495775 1.2342494065657554 0.43547245449580574 -0.7138788265381772 -0.797824367334417 -0.7937565217451721 -0.9764397691167255 -1.1679983159557223 -1.3310819436700039 -1.3388478307040172 -1.7763261336201053 -1.9930313622835267 -1.1953638226470078 -0.5215806714102262 0.3670586877675923 -0.5467273532346506 -1.5888354323703533 -3.1042928164363963 -4.332042576099466 -4.063564767209289 -3.643467259083612 -3.195264635977696 -2.072169449201568 -0.5108563512203985 0.9912880836444788 1.253849026223027 0.8751695822787546 -0.6144015116739103 -1.425751804656072 -2.7655522200956213
-1.582918566058724 -1.8691469738837891 -1.8506567666599478 -1.2441779697179491 -0.6639552670338054 -0.8895357951646705 -1.136564963675192 -0.5763116847927972 0.10264872446666029 -0.033069396556336006 0.41513322654957996 0.607431381677531 0.6876788810290027 0.8644452620889269 0.8241366103409522 0.024250245837572404 -0.4949547730078945 -0.5918434588608239 -0.4805324113732983 -0.5411802910674983 -0.7930169134562184 -1.1424818299868214 -1.1502477170208347 -1.3321913561034342 -1.55074560548924 -2.3055158643664466 -2.281108790830976 -0.9793982022725398 0.534210161071119 -0.3692213638857731 -2.9286358478099026 -4.158234628195357 -3.907137614095591 -3.4833420645251456 -2.816215387888947 -1.6006691649936118 -0.13180710313164923 1.2187176324977287 1.3544357535207245 0.37112653335683765 -1.1199237771737347 -2.852456194047676 -4.1963244550764704
-1.7411947398948064 -1.731579832138409 -1.5751526790247106 -1.0907092497600652 -1.0174880291536532 -1.2430685572845186 -0.9298444469126448 -0.09371727625053561 -0.00015682769789826523 -0.6961282276032894 0.08415851724281875 0.4728226730879652 0.4639473736205213 0.13851972648091238 0.09858087887741496 0.2705398060591402 0.05568359811810275 -0.09482668868396615 -0.017537622488309257 0.23540841233384135 0.14147815963672716 -0.28120797750028803 -0.69723764003672 -0.8788114749748428 -1.212005009148465 -2.163880877031821 -2.66422588450897 -2.3857633637179188 -0.16878751757933186 -0.378096663353217 -3.0780367221785414 -4.5040015032811915 -4.251795076747995 -3.28105919749632 -2.539971691964756 -1.2948411375112747 -0.2900832769677315 0.5234858408812908 0.38000183282428157 -0.6913207737250904 -2.4227437781656014 -4.157125215761926 -5.449220896563965
-1.3710207912735013 -1.399495710398217 -1.365103924961872 -0.940568767102473 -0.797824367334417 -0.9120938479777574 -0.5252787128549947 -0.2039189113046307 -0.5078979180645837 -1.3495721508938452 -0.012730168610110226 0.4569210948754616 0.07713223849775908 -0.34185585719448763 -0.23646167601859158 0.15811934613818446 0.1444365927925415 0.09858087887741496 0.3633606463228243 0.5819148957086298 0.8330119098083961 0.7664471638025669 0.1300142311579453 -0.36811195145234255 -0.7149882389716078 -0.8447894936829745 -1.315550169601977 -2.0714298409126144 -1.9911823415611425 -1.5167236241973716 -2.4630524299135756 -4.104613027246217 -4.763604012703926 -3.8243014857327813 -2.7208059186139253 -1.472716931004629 -0.9882735017399837 -0.7538176741416747 -0.9649758406379436 -2.247086809539108 -4.006984733104335 -5.561641356484921 -6.7479730519665875
-0.9268860137568304 -0.977549181550156 -0.8007828004902318 -0.22462794339533287 -0.10333218400693323 -0.38771157110961463 -0.6484234929657786 -0.7822925932663902 -1.0685210010914556 -1.5525946262116241 -0.5567120651355251 0.040151824050076 -0.22832598484010136 -0.41026962392270105 -0.41988453167909867 -0.5293465584442396 -0.688362340569276 -0.4209939441125288 -0.12995808240926499 0.17882837822888664 0.3777830079574205 0.5027768087905886 0.43473284620685204 0.09377342499921637 -0.20687734446044548 -0.20502832373806124 -0.5870360049826249 -1.8214422392462783 -2.7245039600586933 -2.248935830261492 -2.197163250034736 -3.1190849822154694 -4.152317761883728 -4.097586748501158 -3.0155398217619576 -2.331032350335348 -2.0263137352864415 -1.9138932753654854 -2.3924198383185016 -3.6249770518597706 -5.3416078905212085 -6.884800585423013 -7.828170957983403
-0.4502084715261985 -0.569285406047737 -0.2996981847241291 0.5098030875356483 0.43954030008505063 -0.38179470479798505 -0.7127694141047467 -0.3163393712255864 -0.7127694141047467 -1.7615339678410322 -0.8447894936829745 -0.7312596213285882 -0.5925830671497776 -0.5996093458948373 -0.8728946086632132 -1.1953638226470078 -1.1894469563353784 -0.7763757269547611 -0.9561005411704997 -0.7186862804163758 -0.578160705515181 -0.3056150510357587 -0.1698969300127624 -0.42469198555729726 -0.9620174074821288 -1.4209443507778732 -1.6358005587189104 -1.6912711803904348 -2.4900481324603843 -2.4697089045141585 -1.9952501871503876 -1.9823070420936988 -2.557722290899644 -3.1102096827480255 -3.08284417605674 -2.8494977608918615 -2.7655522200956213 -2.988174315070672 -3.6915417978655998 -4.988444932545837 -6.557523917561021 -7.806722317603747 -8.544851389979495
1.5585676412719334 2.647640846756193 2.0663087316386193 1.9013760832019537 1.5215872268242512 0.11337304465648801 -0.8621702884733855 -0.7423537456628928 -1.1502477170208347 -2.2245287567260212 -0.6036771914840822 -0.5186222382544119 -0.7205353011387601 -0.8555138138728022 -0.899520507065545 -1.020446462309468 -1.2519438567519625 -1.175764202989736 -1.544089130888657 -1.6768488187558384 -1.6727809731665932 -1.6934900052572956 -1.6269252592514665 -1.6494833120645531 -1.8946634598526904 -2.1709071557768813 -2.4464112434121184 -2.1964236417457825 -1.8465889210707027 -2.099534955892853 -2.3380586290804075 -2.2178722821254384 -1.531145985831968 -1.1532061501766493 -1.416876505188628 -1.593642886248552 -2.160182835587053 -3.3124925497768505 -4.385664177048607 -5.8271607322192835 -7.264589441800716 -8.387684628576844 -9.081067399470896
