static/data/ASCData/20210122/ASCU/00.asc
ncols 97
nrows 97
xllcorner 99.0
yllcorner 2.0
cellsize 0.25
NODATA_value -32767
[rows 19 to 37 of 97, columns 0 to 42 of 97]
-0.6836888139812132 -0.6330048134108899 0.42949189328173043 0.9811472258050391 0.7469337915905983 0.5711403369808976 0.6306273481765925 -0.7151662459143613 0.5153879363535419 0.8659078139819889 0.18434138526000865 0.01041523593447824 0.3337258079935932 -0.41026196879920596 -0.7589145411434828 -0.9592497223451293 -1.3439146108841094 -1.4973004020837724 -1.2796259575291202 -1.1163701241131316 -1.198531556616603 -0.946445343253679 -0.46014569567631325 0.32012115520892737 0.8669748455729427 0.8971184880173984 0.9000528248925224 0.9462019412012901 0.72452612818056 0.30731677611747754 -0.0813494808875812 -0.18671885049430603 0.160866690259017 0.16860266929343481 0.2371594490122404 0.14432770059922717 -0.513764033121761 -1.11850418729504 -1.1555835350806976 -0.8624166054660378 -0.8106655733047603 -0.7581142674502672 -1.0021977438810348
-0.5695164337491163 -0.4396053375504456 0.46470393578321856 0.7605384443752636 0.47350694640859015 0.335593113277763 0.3523988608352915 -0.9805903541642125 0.47644128328371416 0.828028192503115 0.1501963743494752 -0.5423071281797851 -0.6065957815347742 -0.4308023269250736 -0.35077495760351063 -0.9397763958102154 -1.6672251829432247 -1.7219105519796263 -1.3137709684396541 -1.192662882866355 -1.2462812203118023 -1.178791472183951 -0.7589145411434828 -0.272614893566117 0.22248776463662034 0.6639720853939104 1.0614413530243412 0.9792799205208698 0.8581718349475707 0.7098544438049399 0.45883526203297054 0.24889679651273644 0.3796081664046227 0.47644128328371416 -0.029598448726303683 -0.5335041175544131 -1.0451457654169403 -1.3167053053147781 -1.3372456634406458 -1.1934631565595706 -1.2022661671849426 -1.081158081611644 -1.0099337229154526
-0.3059596307834349 -0.3008912307264029 0.4217559142473126 0.8621732034136484 -0.07441377554637896 -0.17204716611868598 0.054430289061337955 -0.6487435293774642 -0.0021223852592333614 1.132665711720532 -0.32836729419347277 -0.6583468136960517 0.038958330992502344 0.12778871093943733 -0.0938871020812928 -0.8586819948976983 -1.8440856691438794 -1.6477518564083111 -0.9571156591632208 -1.0510144391671883 -1.1027654713284658 -1.1934631565595706 -1.058750418201606 -0.7130321827324533 -0.266746219815869 0.02428664661688229 0.7330623809081938 0.7976177921609211 0.599416674141183 1.0368996264323953 0.9275288883595922 0.46763827265834257 0.2606341440132325 0.0066806253661382264 -0.6319377818199357 -1.07448913416818 -1.3039009262233279 -1.6885658147623084 -1.774728615731858 -1.6829638989097988 -1.5968010979402492 -1.425009011796627 -1.3284426528152742
0.5124535994784178 -0.0402687646358455 0.30438243924235353 0.7127887806800639 -0.039201733044891274 -0.48948906442755336 -0.3059596307834349 -0.5412400965888309 -0.3078269360676047 1.1345330170047023 -0.5166983699968846 -0.842943278931124 0.25369843867203024 0.051495952186213945 -0.4348036953911518 -1.0011307122900805 -1.7707272472657798 -1.54718412896088 -0.8282715945555039 -0.9093659954680215 -0.6964931930726634 -0.9200363113775634 -1.2668215784376704 -0.9504467117197573 -0.6524781399458037 -0.36838097885425425 0.22728940679591414 0.5164549679444961 0.3230554920840514 0.6170226953919271 0.6364960219268405 0.3366601448687172 -0.08508409145592077 -0.6916915509133696 -1.1651868193992851 -1.5821294135646293 -1.993470091877464 -2.509913381899285 -2.601678098721344 -2.445624728544296 -1.9230460068744883 -1.7571225944811142 -1.3420473055999396
1.1678777542220202 0.25183113338786045 0.5172552416377116 0.6383633272110107 -0.11442746020716044 -0.6740855296626256 -0.4905560960185076 -0.6612811505711758 -0.41719767414040776 0.9304632252347163 -0.7130321827324533 -0.7551799305751432 0.38654387174582494 0.18327435366905442 -0.653545171536758 -1.2198721884356867 -1.744318215389664 -1.6437504879422329 -0.7999952573952185 -0.9397763958102154 -0.6487435293774642 -0.4993591066438796 -0.8469446473972022 -1.0021977438810348 -0.7042291721070812 -0.7405082461995232 -0.335302999534675 0.08857529997187141 0.0016122253091062078 0.03682426781059389 -0.2648789145316992 -0.5647147915898225 -0.8362743314876604 -1.4436820646383248 -1.7979365528351112 -2.2335521998421535 -2.880173343960384 -3.4336959817678627 -3.468107750576135 -2.9700707554982735 -2.445624728544296 -1.760056931356238 -1.3439146108841094
1.2945877556478282 0.30064782867401396 0.780011770910177 0.8394987821058728 -0.18378451361918202 -0.7442428567678627 -0.2776832936231495 -0.427067716356734 -0.7677175517688548 0.395346882371197 -0.6866231508563372 -0.14083649208327653 0.7301280440330697 0.03388993093546988 -0.8047968995545123 -0.8821566898986899 -1.3401800003157698 -1.8331485953365991 -0.9074986901838518 -0.991527427971493 -0.9163017008092238 -0.5871224549998604 -0.5166983699968846 -0.6722182243784558 -0.7618488780186068 -0.8594822685909138 -0.7181005827894853 -0.2931552516919851 -0.48842203283659913 -1.0206040388249944 -1.387929664010969 -1.5303783814033518 -1.8019379213011895 -2.092970787733941 -2.457362076044792 -2.984475681976155 -3.535330740806248 -3.9485387244032526 -3.9445373559371744 -3.415289686823903 -2.6798381627587373 -1.993470091877464 -0.9152346692182696
1.2663114184875428 -0.22593226146187195 0.6989173699976603 1.0104905945562792 -0.31182830453368293 -1.2998995577572496 -0.6370061818769681 -0.10482417588857285 -1.0294070494503664 -0.37024828413842403 0.5113865678874636 0.34546315549408924 -0.2454055879967858 -0.6260691080696876 -0.521766770053917 -0.4337366638001976 -0.8333399946125364 -1.5530528027111279 -1.2140035146854387 -0.7845232993263829 -1.0147353650747464 -0.8586819948976983 -0.7012948352319572 -0.6116641815918062 -0.6975602246636177 -0.946445343253679 -0.863483637056992 -0.3849199685140441 -1.2228065253108107 -1.8360829322117231 -2.185802536146954 -2.2893046004695092 -2.302909253254175 -2.4933743922394953 -3.0391610510125564 -3.6204265101848434 -3.8917192921849426 -4.084318494352171 -4.22383287486943 -3.910392345026641 -3.0618354723203325 -1.7990035844260654 -0.5647147915898225
0.8827135615395165 -0.26888028299777744 0.7058530753388621 1.12386270109516 -0.40946169510598995 -1.620275792941241 -0.8741539529665339 0.4596355357261861 -0.840008942056 -0.07628108083054874 0.7936164236948433 -0.7589145411434828 -0.8498789842723262 -0.5705834653400705 -0.48948906442755336 -0.5529774440893269 -0.6057955078415587 -0.656479508411882 -0.8810896583077357 -0.7735862255191024 -0.4748173800519333 -0.7493112568248952 -1.092095155418924 -0.934707995753183 -0.7151662459143613 -0.9827244173461209 -1.1710554931495332 -0.4689487063016853 -1.5714590976550875 -2.3351869588805387 -2.601678098721344 -2.6320884990635385 -2.6710351521333657 -2.981541345101031 -3.555871098932116 -3.9778820931544923 -4.244373232995298 -4.384954645103511 -4.544209110053421 -4.149674179298115 -3.085043409423586 -1.7795302578911518 -0.5423071281797851
0.0056135937751844445 0.3270568605501296 1.224430428542591 1.069977605751975 0.10831538440452348 -0.9787230488800427 -1.2433468834366783 -0.7082305405731595 -0.9835246910393365 0.6364960219268405 0.9782128889299151 -0.5500431072142029 -0.934707995753183 -0.619400160626224 -0.6428748556272161 -0.9368420589350914 -0.6428748556272161 0.23902675429641018 0.1560650480997232 -0.6007271077845262 -0.19952322958575586 -0.3673139472633 -0.9563153854700053 -1.0520814707581425 -0.7618488780186068 -0.8880253636489379 -1.1329091137729215 -0.9357750273441372 -1.7259119204457045 -2.373333338257151 -2.7425262687272953 -2.858565954243562 -2.998347092658559 -3.326459306876968 -3.7356659220078945 -4.057909462476055 -4.3409395919766505 -4.325467633907815 -4.133135189638325 -3.3518013071621295 -2.4768354025797055 -1.5637231186206697 -0.43293639010698204
-0.510029422553421 -0.01199242747555962 1.0446356054668127 0.5682060001057736 -0.1368351236171983 -0.5393727913046611 -0.5041607488031734 -0.22779956674604174 -1.204400230366851 -0.08028244929662698 0.7263934334647302 -0.3067599044766509 -0.35851093663792843 -0.20139053486992564 -0.3155629151020225 -0.5401730649978767 -0.415330368856238 0.4422962723731807 0.937398930575918 -1.1203714925792099 -0.8029295942703425 -0.7765205623942264 -1.10383250291942 -1.11850418729504 -0.9229706482526874 -0.9024302901268193 -0.8127996364866688 -1.2286751990610587 -2.1116438405756393 -2.403476980701606 -2.528586434740983 -2.7131828999760557 -2.9201870286211657 -3.148531789085359 -3.437697350233941 -3.8975879659351906 -4.028566093724816 -3.896787692241975 -3.420091328983197 -2.3322526220054147 -1.5813291398714135 -1.1016984397375116 -0.2971566201580633
-0.988593091096369 -0.3214315888522705 -0.003989690543403146 -0.013859732759729404 -0.22966687203021152 -0.45907866408535947 -0.15257383958377213 -0.03626739616976726 -1.6136068454977774 -0.8010622889861727 0.47724155697693016 0.09150963684699542 0.18434138526000865 -0.1827174820282278 -0.6612811505711758 -0.9816573857551667 -0.6047284762506044 0.4196218510654046 1.1227956695042063 -1.0392770916666922 -1.54718412896088 -1.5021020442430661 -1.5274440445282278 -1.3703236427602254 -1.0480801022920643 -1.121438524170164 -0.5929911287501084 -0.338237336409799 -1.3977997062272953 -2.3263839482551667 -2.336253990471493 -2.313579569163717 -2.4464250022375116 -2.5304537400251528 -2.7510625214549287 -3.3301939174453077 -3.3683402968219194 -2.8663019332779798 -2.16819651489621 -1.2052005040600666 -0.9416437010943852 -0.6807544771060892 -0.22779956674604174
-0.5783194443744883 -0.05387341742051088 -0.11069284963882087 -0.1624438818000984 -0.37318262101354804 -0.49722504346197116 -0.2237981982799635 -0.07628108083054874 -1.4983674336747264 -0.3019582623173571 0.5895466319248572 0.13259035309873113 0.6063523794823849 0.344396123903135 -0.3126285782268985 -0.6487435293774642 -0.2512742617470334 0.3620021451538791 0.5055178941372156 -1.2081348409351906 -1.7003031622628042 -1.570658823961872 -1.6085384454407452 -1.4602210542981147 -1.2110691778103146 -1.1281074716136277 -0.5919240971591542 0.4078845035649086 -0.4318693585160278 -1.5362470551535996 -2.017745060571672 -1.96305969153527 -1.8331485953365991 -1.8518216481782972 -1.8848996274978767 -2.3810693172915682 -2.565665782526641 -1.5949337926560794 -0.8047968995545123 -0.4806860538021813 -0.2542085986221574 -0.3361032732278906 0.08083932093745361
0.17660540622559084 0.6042183163004773 -0.4572113588011897 -0.5881894865908146 -0.6300704765357659 -0.751178562109065 -0.5724507706242403 -0.5607134231237447 -1.1222387978633797 0.26650281776348006 0.771208760284805 -0.24727289328095559 0.344396123903135 1.1073237114353707 0.4537668619759381 -0.24327152481487735 -0.013859732759729404 -0.9093659954680215 -0.8234699523962101 -1.7053715623198367 -1.878230680054413 -1.6965685516944646 -1.330309958099444 -1.181725809059075 -1.4495507383885728 -1.4543523805478666 -0.6604808768779598 0.5300596207291615 0.12272031088240487 -0.5324370859634588 -1.1193044609882556 -1.4836957492991065 -1.3537846531004356 -1.121438524170164 -1.147580798148541 -1.3321772633836138 -1.5362470551535996 -0.5569788125554047 0.39241254549607296 0.7517354337498916 0.68237838033787 0.5954153056751053 -0.12216343924157824
0.5476656419799055 0.9099228671088482 -0.41026196879920596 -0.7100978458573293 -0.7522455937000192 -0.857614963306744 -0.6818215086970434 -0.613531486875976 -0.6748858033558411 0.5487326735708598 0.7877477499445953 -0.28141790419148904 0.1960787327605047 0.9587395623950017 0.4489652198166443 -0.2512742617470334 -0.9629843329134689 -1.9073072909079143 -1.9241130384654426 -1.7043045307288824 -1.7736615841409038 -1.8206109741428875 -1.4532853489569126 -1.213203240992223 -1.4778270755488585 -1.747252552264788 -1.0363427547915682 -0.1467051658335241 -0.11256015492299065 -0.28328520947565883 -0.2590102407814512 -0.6260691080696876 -1.009133449222237 -0.7794548992693504 -0.4766846853361031 -0.44173940073235407 -0.43587072698210605 0.25183113338786045 1.135600048595656 1.5789516746371164 1.508527589634141 0.6258257060172991 -0.0978884705473706
0.47243991481763636 0.7528024653408463 0.054430289061337955 -0.13390078674207428 -0.5977927709094022 -0.7034288984138657 -0.9112333007521913 -0.9280390483097194 -0.2083262402111279 0.6287600428924232 0.7536027390340618 0.44309654606639626 0.7752101287508837 0.7546697706250156 0.24302812276248842 -1.04701307070111 -2.0217464290377496 -1.9854673549453077 -2.1633948727369168 -1.6778954988527666 -1.5637231186206697 -1.8136752688016855 -1.9065070172146987 -1.6661581513522705 -1.2249405884927191 -1.4932990336176941 -1.6749611619776426 -1.3225739790650262 -1.100898166044296 -0.2454055879967858 -0.053073143727295324 -0.06747807020517671 -0.45134268505094166 -0.7346395724492751 -0.3859870001049983 0.08484068940353184 0.3182538499247576 0.8112224449455874 1.3884865356517957 1.8707848147630837 1.5661472955456666 0.68237838033787 -0.6954261614817092
0.5241909469789139 0.5143209047625876 0.6266259797105147 0.20301443810170694 -0.45614432721023546 -0.9992634070059108 -1.2385452412773845 -1.0334084179164442 0.1072483528135697 0.3660035136199573 0.46176959890809455 0.9000528248925224 0.8181581502867892 0.7821458340920855 0.25476547026298446 -1.0667531551337626 -1.9953373971616337 -1.8966369749983725 -1.9649269968194398 -1.9523893756257282 -1.8889009959639549 -1.7725945525499496 -2.1417874830200945 -2.3039762848451293 -1.7347149310710763 -1.4327449908310448 -2.0577587452324533 -2.325316916664213 -1.878230680054413 -0.7581142674502672 0.2937121233328117 0.27317176520694364 -0.27474895674802546 -0.7325055092673667 -0.5831210865337821 0.0016122253091062078 0.46950557794251235 0.9403332674510421 1.4725152734394373 1.8737191516382077 1.4645125365072809 0.01841797286663427 -1.4807614124239825
1.0985207008099986 0.6394303588019645 0.6687737275532046 0.14912934275852097 -0.7258365618239031 -1.242279851845724 -1.1545165034897433 -0.8946943110924015 -0.4766846853361031 -0.28248493578244327 0.1942114274763349 0.934464593700794 0.9723442151796671 0.6295603165856387 0.1744713430436824 -0.35771066294471243 -1.138777787523169 -1.7336478994801223 -2.1524577989296363 -2.1164454827349326 -2.3429229379149565 -2.342122664221741 -2.509913381899285 -2.763866900546379 -2.8604332595277318 -2.6155495094037486 -2.512847718774409 -2.6769038258836133 -2.285303232003431 -1.729646531014044 -0.3771839894796263 0.42469025112243664 0.0731033419030358 -0.5900567918749844 -0.8165342470550083 -0.41026196879920596 0.2555657439562 0.7399980862493956 1.3386028087746884 1.7536780976558624 1.3407368719565969 -0.20432487174504965 -1.8584905956217608
1.3866192303676264 1.1502717329712762 0.344396123903135 -0.3390376101030146 -1.0139350913815308 -1.2121362094012689 -1.0264727125752424 -0.8381416367718302 -0.180850176744058 -0.37424965260450227 -1.0021977438810348 0.5407299366387033 1.0182265735906975 0.691181390963242 0.306516502424262 -0.0402687646358455 -0.6495438030706797 -1.4327449908310448 -1.9465207018754802 -1.6661581513522705 -2.0158777552875016 -2.367464664506903 -2.5939421196869263 -2.872170607028228 -3.09891482010599 -2.981541345101031 -2.6534291308826217 -2.6126151725286246 -2.6331555306544923 -2.364530327631779 -1.4778270755488585 -0.2912879464078153 0.3113181445835558 0.03789129940154812 -0.48175308539313555 -0.6153987921601458 -0.31182830453368293 0.23902675429641018 1.0585070161492172 1.6472416964581833 1.2780487659880388 -0.25500887231537295 -1.8819652906227526
0.8680418771638965 1.0427683001826433 -0.3126285782268985 -0.8781553214326117 -0.8840239951828597 -0.9659186697885929 -1.2569515362213441 -0.9074986901838518 0.5457983366957357 -0.4854876959614751 -0.6730184980716714 0.30251513395818375 1.0555726792740932 0.8600391402317409 0.404149892996569 0.0066806253661382264 -0.5441744334639549 -1.095029492294048 -1.5119720864593922 -1.3537846531004356 -1.677095225159551 -2.1252484933603046 -2.4045440122925603 -2.633955804347708 -2.8967123336201737 -3.1760078525524293 -3.1818765263026774 -2.7716028795807968 -2.6945098471343574 -2.637957172813786 -2.1641951464301323 -1.3604536005438992 -0.3000909570331869 0.40014852453049077 0.4529665882827225 -0.0013221115660178029 -0.263811882940745 -0.12509777611670225 0.5682060001057736 1.3201965138307288 1.1774810385406078 -0.045070406795139295 -1.49036469674257
