static/data/ASCData/20210122/ASCU/03.asc
ncols 97
nrows 97
xllcorner 99.0
yllcorner 2.0
cellsize 0.25
NODATA_value -32767
[rows 57 to 75 of 97, columns 0 to 42 of 97]
0.34908085737591854 0.4692138557317085 -0.06207095497434789 -0.26805180384056815 0.06508105002694897 0.38714547033809055 0.6012251730260489 0.7105596996195205 0.744574885670823 0.7953277029537187 0.8277231182406739 0.7240577893224183 0.7046205401502457 0.4389781347972175 0.5904267012637305 0.9486660019786379 0.9008827644303796 0.35502001684519335 -0.08933709617420149 -0.6109032822941716 -0.42813914771693584 -0.0923066759088389 0.45355607167634737 1.0747381598037027 1.3082551116638346 1.4486352445739712 1.1889319986902178 0.8228638059476303 0.39200478263113325 0.31209609158997864 0.4087424138627265 0.4098222610389586 0.32370444873447024 0.3814762726628729 0.586377274352861 0.4692138557317085 0.4516663391179412 0.00730922609854634 -0.6165724799693888 -1.052290815578929 -0.8187738637187971 -0.3568692340856354 0.5834076946182236
0.42035077100721896 0.4262899304764938 0.05725215799926886 -0.04533332374275467 0.186023933764913 0.4937803789909827 0.443027561708087 0.5326548773353279 0.669525506922712 0.7856090783676324 0.9019626116066117 0.8863048275512497 0.8998029172541475 0.8979131846957422 1.0463921714276179 1.3843843375881777 1.4429660468987544 1.0885062113006585 0.5874571215290931 0.11583386730984468 -0.38332548990331494 -0.21621913938144033 0.04051452676767564 0.661696614895031 1.2777494289352855 1.4799508126846943 1.5131561133538227 1.16760501695964 0.8080159072744424 0.7721109886647346 0.8198942262129929 0.6471186780159011 0.5502023939490952 0.6128335301705405 0.9232895933371896 0.8638979986444397 0.31803525105925345 0.07290994205462997 -0.12740170913637305 -0.7485837972637288 -1.384343822270214 -0.9399867092508192 -0.04452343836058059
0.4994495766661995 0.13230153674737988 -0.11849296993246083 0.1852140483827398 0.4117119935973639 0.4146815733320013 0.36662837398968584 0.40469298695185696 0.5580312859767762 0.7691414089300972 0.9897001946754473 1.0072477112892138 1.062049955482979 1.0639396880413843 1.151947232904278 1.4840002395955638 1.8041749273482992 1.4057113193187565 0.7426851531124177 0.9799815700893602 0.30723677929693505 -0.3979034267824444 -0.14494922575014035 0.32181471617606494 0.9351679122757401 1.476981232950057 1.682152196434103 1.5023576415915043 1.2299661913870272 1.1195518176173236 0.9232895933371896 0.7553733574331414 0.6781642843325661 0.7467345800232872 1.0658294205997905 1.0258750750792132 0.2759212111862128 0.22813797363795452 0.13230153674737988 -0.9691425830090785 -1.6175908123362879 -1.5552296379089001 -0.6497777806385172
0.29751815471084875 -0.17815452641926877 -0.24753470749216344 0.10206581581288887 0.29643830753461664 0.29940788726925494 0.31020635903157245 0.33342307332055654 0.5221263673670675 0.7926280850131393 1.0531412162790668 1.1635555900487704 1.1959510053357247 1.2553426000284755 1.342270297715137 1.5873956067197605 1.9507641815217687 1.5328633243200533 0.7758904537815461 1.4183995236394802 0.8795557826998008 0.001370066629271527 -0.3090859965373771 0.15767794538882818 0.6851832909780731 1.251563134911664 1.7064487578993193 1.688901241285552 1.4780610801262881 1.235905350856302 1.0045480933486344 0.8930538724026986 0.8158447993021234 0.8881945601096559 1.115772352500512 1.1881221133080446 0.7262174836748825 0.4311492427695365 -0.10796445996420045 -1.3257621129596378 -2.168312872214517 -2.1059516977871295 -1.0698383321926959
-0.17734464103709513 -0.3355422523550571 -0.3482304566757808 0.011358653009415853 0.2076208772895498 0.2748413640099807 0.3002177726514281 0.34827097199374446 0.5523620883015585 0.8695671963196565 1.1128027727658747 1.251563134911664 1.242654395707751 1.304205684752965 1.3989622744673076 1.6343689588858448 2.0395816117668364 1.7982357678790235 1.3247227811013698 1.703749139958739 1.2944870601668788 0.6195825750219894 0.23596686566563463 0.22813797363795452 0.7262174836748825 1.1030841481797884 1.5433918342883137 1.6324792263274395 1.5415021017299084 1.288547900697604 1.159776124931959 1.0531412162790668 1.2799091232877489 1.4154299439048428 1.356848234594266 1.4721219206570133 1.1478978059934093 -0.08636751643956408 -0.9437661743676307 -2.0130848406311928 -2.7495406148212957 -2.267928774221903 -1.2064389999860214
-0.5307246294589589 -0.5112873802867859 -0.22026856629230984 0.029716055005357234 0.1363509636582494 0.2270581264617224 0.29832804009302283 0.35097058993432384 0.5912365866459046 0.9311184853648706 1.1627457046665963 1.2035099355693477 1.1762437943694941 1.1948711581594935 1.3090649970460086 1.5123462279716486 1.780688251265257 2.067927600142921 1.9742508576048108 2.1529655652711774 2.233954103488564 1.7769087861484456 1.3619775086813677 1.1616658574903642 1.0863465169481952 1.2993463724599223 1.3822246432357144 1.4302778425780307 1.3822246432357144 1.2388749305909394 1.1986506232763041 1.4516048243086086 1.7955361499384441 1.9664219655771298 1.854927744631194 1.3687265535328166 0.4770427477593895 -1.2739294485005104 -2.0101152608965553 -2.817840948717958 -2.8812819703215777 -2.304103654625669 -1.4866593422181795
-0.8079753919564792 -0.5318044766351906 -0.16357658954013932 -0.054242062946667335 0.027826322446951046 0.12555249189593098 0.1900733606757825 0.29157899524157394 0.5728791846499632 0.8423010551198029 1.0404530119583422 1.032624119930662 0.971342792679506 0.9556850086241448 1.0825670518313837 1.3236429339251377 1.5765971349574421 1.8940722047695981 2.316832374264356 2.737702811200709 3.1439953112579326 3.16937171989938 2.7476913975808532 2.241782995516245 1.8724752612449613 1.6030533907751217 1.4049014339365824 1.2650612246145618 1.1508673857280467 1.1400689139657283 1.387353917322815 1.998547419070027 2.5981325636727464 2.604071723142021 1.6597453675272922 0.31101624441374653 -1.3157735265794934 -2.5130540832265265 -2.93905379424998 -3.2084756647198196 -2.9741488274775145 -2.3003241895088573 -1.6157010797778821
-1.0854961162480574 -0.5668995098627247 -0.42031025568925484 -0.3784661776102718 -0.22701761114375874 -0.07070973238420253 0.008389073274778447 0.14310000850969828 0.36581848860751176 0.6363202062535835 0.8404113225613976 0.8012668624229944 0.7008410750334342 0.6803239786850295 0.7699512943122713 0.9840309970002297 1.288547900697604 1.590365186454398 2.0484903509707486 2.57383600220753 2.996596171702288 3.235782321237637 3.108900278030398 2.8022236799805604 2.354896987226528 1.8033650419661251 1.4135402113464375 1.06987884751066 0.8617383042919764 1.009407405641678 1.4008520070257129 1.9399657097594503 2.0484903509707486 1.387353917322815 -0.21810887193984607 -1.8872826446001856 -2.9682096680082397 -3.304042139816336 -3.524870887355744 -3.3774717478001 -2.9827876048873687 -2.4204571878646477 -1.8675754336339545
-1.1967203753999351 -0.4788919649998311 -0.4964394816135984 -0.5434128337796826 -0.4926600164967869 -0.3471506094995491 -0.21432940682303503 -0.05505194832884097 0.10098596863665765 0.37742684575200336 0.5016092710186637 0.5453430816560525 0.4613849637040275 0.4565256514109848 0.53373472451156 0.6889627560948846 0.9662135185924043 1.2710003840838366 1.6313993791512074 2.1097716782219047 2.5025660885762298 2.72312487432158 2.678311216507959 2.345178362640442 1.8217224439620656 1.3295820933944134 1.0307343873722559 0.782639498632995 0.6684456597464798 0.8911641398442933 1.2915174804322413 1.2866581681391978 0.8881945601096559 -0.5561010381004068 -2.2201455366736447 -3.333467975368653 -3.880410570130071 -3.960319261171226 -3.8099505418809447 -3.5159621481518313 -2.9984453889427307 -2.4574419536505876 -1.9526133987622107
-1.2045492674276157 -0.36280839355491024 -0.29720767759882705 -0.45459540353461536 -0.43407830718621065 -0.432998460009979 -0.35605934870346134 -0.3355422523550571 -0.20650051479535403 0.036735061650864154 0.09234719122680257 0.1617273722996968 0.1852140483827398 0.1830543540302756 0.28186037065548764 0.45355607167634737 0.714339164736332 1.0493617511622553 1.3590079289467303 1.6754031515826542 1.9877489473077086 2.026893407446112 1.9936881067769834 1.726965854247723 1.2418445103255777 0.941916957127189 0.662506500277205 0.34044207996606346 0.5658601780044563 0.8072060218922692 0.7486243125816925 0.51132789560475 -0.753443109556772 -2.24849152504973 -3.4603500185758924 -4.260246814369615 -4.376330385814535 -4.249448342607296 -3.9576196432306463 -3.4730382228966166 -2.9622705085389645 -2.4693202725891377 -1.9798795399620643
-1.1165417225647225 -0.43002888027534114 -0.3665878586717217 -0.4799718121760632 -0.24375524237535195 -0.24078566264071455 -0.54638241351432 -0.5893063387695352 -0.5590706178350442 -0.4292189948931675 -0.32177420085810127 -0.255363599519844 -0.21054994170622354 -0.17734464103709513 -0.07853862441188308 0.18791366632331918 0.4908107992563453 0.8482402145890786 1.1422286083181916 1.3598178143289044 1.4486352445739712 1.4429660468987544 1.5161256930884601 1.2699205369076045 0.9429968043034203 0.5572214005946021 0.1773851563550588 0.03187574935782056 0.4613849637040275 0.53373472451156 0.27700105836244404 -0.8384810746850282 -2.104061965228724 -3.274886266058077 -4.377410232990767 -4.6800374041297355 -4.636303593492347 -4.364722028670044 -3.8442356897263052 -3.3442664471309715 -2.9085481115214313 -2.4290959652745023 -2.1656132542739375
-0.9721121627437159 -0.48483112446910637 -0.4994090613482358 -0.5590706178350442 -0.30125710450969656 -0.06396068753275364 -0.376306483257808 -0.9135304534331397 -0.9154201859915454 -0.8940932042609671 -0.7142986494183687 -0.6362796909356194 -0.5355839417520021 -0.5034584882591053 -0.4605345630038902 -0.19678189020926773 0.23785659822404082 0.6012251730260489 0.9027724969887849 1.0366735468415316 1.0258750750792132 0.903852344165017 0.986730614940809 1.1986506232763041 0.873616623230526 0.025936589888545747 -0.41059163110316854 -0.11093403969883786 0.2270581264617224 0.07776925434767268 -0.7456142175290914 -1.8559670764894625 -2.9487724188360667 -4.115817254548609 -4.684086831040605 -4.830406123420017 -4.669508894161475 -4.245668877490485 -3.712494334226023 -3.189848300929821 -2.75817939223115 -2.622658571614056 -2.364845058288709
-0.8940932042609671 -0.47106307297215055 -0.5814774467418542 -0.621431792262432 0.055092463646804646 0.292388880623748 -0.4788919649998311 -1.1810625913445736 -1.335480737545724 -1.2876974999974662 -1.0989942059509552 -0.935127396957776 -0.833351800597927 -0.8295723354811155 -0.7855685630496687 -0.516146692579829 -0.05991126062188412 0.34827097199374446 0.6900426032711167 0.8120653341853119 0.6606167677187988 0.5650502926222831 0.7397155733777803 0.9516355817132753 0.4994495766661995 -0.44379693177229695 -0.734815745766773 -0.225127878585353 -0.17140548156781987 -0.7933974550773497 -1.6246098189817948 -2.561917167951016 -3.656612242856026 -4.3784900801669995 -4.856862379237697 -4.759136209788717 -4.548296048629453 -4.063984590089481 -3.5796731315495087 -3.0697153025740307 -2.8461869370940436 -2.7103961546828916 -2.533571179574931
-0.9672528504506728 -0.704580024832282 -0.7299564334737298 -0.7318461660321356 -0.04047401144971152 0.29157899524157394 -0.4124813636615743 -1.5190547575051339 -1.8257313555549715 -1.6440470681539674 -1.481800029925136 -1.270959868765873 -1.1802527059624 -1.1597356096139952 -1.0474315032858859 -0.7709906261705393 -0.28370958789592926 0.15767794538882818 0.5777384969430068 0.7534836248747361 0.5815179620598183 0.4829819072286643 0.5825978092360495 0.31587555670679013 -0.17329521412622562 -0.682173195925472 -0.8363213803325644 -0.4292189948931675 -0.7407549052360483 -1.4791004119845566 -2.410738563278561 -3.3188900384895237 -4.047246958857888 -4.7259309091195885 -4.776953688196541 -4.6049880253816236 -4.3255775685316395 -3.85287446713616 -3.4066276215583593 -3.134236171353882 -2.9360842145153425 -2.793544387252742 -2.611860099851738
-1.1519067175863142 -1.1508268704100826 -1.1780930116099362 -1.256381931886743 -1.0962945880103758 -0.8384810746850282 -1.0601197076066096 -1.9682711828175719 -2.254430684519005 -2.0003966363104686 -1.859746541606274 -1.6283892840986058 -1.5112258654774533 -1.4008114917077497 -1.2798686079697852 -0.9937091062683523 -0.4780820796176575 0.04834341879535575 0.503499003577069 0.7075901198848831 0.5952860135567741 0.42817966303489907 0.10881486066433776 -0.32177420085810127 -0.8060856593980734 -1.1508268704100826 -1.0247547125850174 -0.7485837972637288 -1.2515226195937 -2.267928774221903 -3.2181942893059063 -3.947631056850502 -4.533718111750324 -4.745638120085819 -4.640083058609158 -4.302090892448597 -3.918475183092243 -3.528650352472555 -3.3129508790202484 -3.13315632417765 -2.9984453889427307 -2.812981636424915 -2.551118696188698
-1.5746668870810727 -1.68994057314382 -2.0824650217040874 -2.351077006791753 -2.164533407097706 -1.8843130648655477 -2.0141646878074244 -2.539510339044206 -2.6566737576653585 -2.376453415433201 -2.1723622991253864 -1.9798795399620643 -1.8130431512342478 -1.6440470681539674 -1.4485947292560075 -1.1519067175863142 -0.7105191843015572 -0.23376665599520763 0.2680923191585318 0.41738119127258155 0.27889079092085023 -0.06774015264956512 -0.5102075331105542 -0.9564543786883548 -1.3481689418664482 -1.5258038023565828 -1.3411499352209413 -1.2064389999860214 -1.6802219485577337 -2.695818217803762 -3.5696845451693644 -4.1822278558868655 -4.46811739579424 -4.498623078522789 -4.342315199763233 -3.974087312668182 -3.4662891780451677 -3.1763502112269233 -3.0942818258333045 -3.018962485291135 -2.8294493058624504 -2.531681447016525 -2.2700884685743663
-2.3413583822056667 -1.7280051861059915 -1.9593624436136596 -2.2779173606020473 -2.3227310184156678 -2.4544723739159497 -2.783555800872598 -3.042449161374177 -2.9252857427530246 -2.788415113165641 -2.569746059978697 -2.3081530815365383 -2.06491750509032 -1.834370132964826 -1.6089520349264332 -1.3597772990109402 -1.0784771096025505 -0.7847586776674951 -0.43110872745157325 -0.24645486031593133 -0.3198844682996955 -0.613872862028809 -0.9926292590921206 -1.3227925332250003 -1.6049026080155637 -1.7444728555435267 -1.64107748841933 -1.5560395232910738 -1.8851229502477218 -2.726053938738253 -3.4282245650829957 -3.931973272795141 -4.106908515344696 -4.054265965503395 -3.8725816781023905 -3.513262530211252 -3.1274871265024333 -2.9790081397705577 -2.9360842145153425 -2.8394378922425947 -2.614829679586376 -2.313012393829581 -2.0619479253556827
-2.7171451995343405 -1.834370132964826 -1.1392185132655905 -1.4429255315807907 -2.017134267542062 -2.460411533385225 -3.052167785960264 -3.370452741154593 -3.286494623202569 -3.123437699591564 -2.991696344091282 -2.7778866031973806 -2.508194770933483 -2.1421265781908954 -1.859746541606274 -1.6556554252984594 -1.4507544236084713 -1.301195589700364 -1.1478572906754452 -0.9545646461299491 -0.8870741976154601 -1.03366345178893 -1.2239865165997887 -1.5171650249467281 -1.7563511744820768 -1.8745944402794614 -1.864605853899317 -1.8619062359587377 -2.17722161141843 -2.6410159736099974 -3.135316018530114 -3.4185059404969094 -3.597220648163276 -3.608829005307768 -3.4419926165799515 -3.1909281481060527 -2.940943526808386 -2.7924645400765105 -2.6480349802555043 -2.493616834054354 -2.2749477808674095 -2.0376513638904665 -1.8970012691862719
-2.679080586572169 -2.097042958583217 -1.368686038214853 -1.3284617309002176 -1.8265412409371455 -2.2015181728836457 -2.697707950362168 -3.2603083291789474 -3.314840611578654 -3.335357707927059 -3.4341637245522705 -3.1987570401337333 -2.9193465832837493 -2.5794646845647833 -2.243632212756687 -2.0101152608965553 -1.9642217559067028 -1.8451686047271445 -1.7347542309574404 -1.5668379950533922 -1.471271519956876 -1.361667031569346 -1.5101460183012216 -1.6810318339399073 -1.8988910017446776 -1.9974270565758312 -2.01605442036583 -2.101092385494086 -2.349997159615521 -2.6645026496930395 -2.884251550056215 -3.1156088075638833 -3.2084756647198196 -3.2222437162167754 -3.1615023125537354 -2.940943526808386 -2.648844865637678 -2.3794229951678383 -2.1909896629153853 -2.004446063221338 -1.8089937243233782 -1.6880508405854142 -1.5765566196394785
