static/data/ASCData/20210122/ASCU/06.asc
ncols 97
nrows 97
xllcorner 99.0
yllcorner 2.0
cellsize 0.25
NODATA_value -32767
[rows 76 to 94 of 97, columns 0 to 42 of 97]
-1.2525935414971334 -0.058458838489679366 1.5344339478736795 0.655614992872001 -0.6326597807868806 -1.8072711168694648 -1.9070274985540743 -2.3600765885640693 -2.602380293138482 -3.2723259663823057 -3.8767480109056756 -3.8219221174865203 -3.210813988399839 -2.8727655528788034 -2.6716481292143905 -2.4831005445290026 -2.255773669376408 -1.9655975993286838 -1.749770789624985 -1.6786308498713494 -1.814224644815309 -1.8856320279514769 -1.8045966830441402 -1.640386446169207 -1.4373969188270663 -1.3084892084464186 -1.2654308238586918 -1.6337003616058954 -2.1950640215415387 -2.548624173249457 -2.7839743498780254 -2.676462110099975 -2.6384851497803647 -2.602380293138482 -2.543810192363872 -2.445123584209393 -2.3464369760549135 -2.205761756842837 -2.142377675182643 -2.024167700103294 -1.8992716404606327 -1.7067124050372582 -1.5457114887527146
-1.3004659069704445 -0.7195788801099317 0.7716854208910906 0.5772540817899889 -0.6864159006759061 -0.9891618097026558 -1.0827669935890185 -1.097476379628304 -1.35422202685947 -1.9246787618012169 -2.952998567638543 -3.4295826753113947 -3.424501251043278 -3.0797667309589314 -2.8944284668639333 -2.7069506557086758 -2.580717379153352 -2.315146100298615 -2.0760517163145917 -1.9335043934247882 -2.0017024559705665 -2.034063105256995 -1.9479463360815412 -1.7000263204739468 -1.4978391232794035 -1.425629409995638 -1.4363271452969366 -1.8513992749873216 -2.228227000975564 -2.509577439399717 -2.4694609320198473 -2.370774323865368 -2.309262345882901 -2.268343508355434 -2.1766104281467986 -2.076854046462189 -1.964527825798554 -1.8053990131917377 -1.7420149315315436 -1.6609795866242067 -1.5368858571291433 -1.4245596364655082 -1.2694424745966788
-1.4606644931073909 -1.1501627259871996 -0.02529585905565357 -0.06621469658312051 -0.6356016579947377 -0.9383475670214876 -0.4812868262735055 -0.43154235712246747 -0.7575558404295415 -1.03195275090785 -1.7906896271524522 -2.8893470425958165 -3.044731647847178 -3.249860722249579 -3.064255014772048 -2.862067817577505 -2.759637002067571 -2.6336711688947805 -2.403134973151796 -2.2175292656742656 -2.141307901652513 -2.1766104281467986 -1.9508882132893983 -1.7029681976818036 -1.5047926512252474 -1.4304433908812224 -1.605351363057454 -2.049574821443878 -2.277169139979005 -2.344564872377186 -2.2694132818855635 -2.189180267125824 -2.1276682891433576 -1.975493004482385 -1.8709226419121916 -1.7302474227001152 -1.6024094858495972 -1.4628040401676505 -1.3659895356908984 -1.286826294461289 -1.1715581965897968 -1.0592319759261615 -0.9929060170581103
-1.6970844432660894 -1.338710310672587 -0.3280417680824037 -0.8444749397525926 -1.3063496613861587 -0.6198224984253222 -0.006574822278381021 0.1827750925546039 -0.2577041584763653 -0.6422877425580493 -1.0359644016458371 -2.1092146957486175 -2.6141478019699105 -2.860195713899778 -3.244779297981462 -3.0008709331118544 -2.8414746771225055 -2.8524398558063364 -2.7029390049706885 -2.48604242173686 -2.3600765885640693 -2.2049594266952397 -1.9733534574221254 -1.63744456896135 -1.4264317401432354 -1.4373969188270663 -1.63637479543122 -2.099319290594916 -2.319157751036602 -2.318087977506472 -2.052516698651735 -1.9655975993286838 -1.84257364336375 -1.6764913028110897 -1.61685142850635 -1.4577226158995338 -1.3435242915581713 -1.2370818253102505 -1.142406867893758 -1.0367667317934346 -0.9217660773044747 -0.8348469779814238 -0.7789513110321387
-1.7321195263778424 -1.6561656057386225 -1.4764436526768063 -1.7596661947786862 -1.05147611783272 -0.11221495837870465 0.43283465522245823 0.5938355715070016 0.48953265231934084 -0.2058201422650674 -0.6414854124104519 -1.1726279701199265 -1.5144206129964162 -2.042888736880566 -2.8307769418212065 -3.158929972188541 -2.771137067516467 -2.8650096947853623 -2.887474938918089 -2.6336711688947805 -2.5261589291167295 -2.309262345882901 -2.0252374736334238 -1.6550958322084925 -1.379629148200054 -1.4598621629597934 -1.6385143424914799 -2.100389064125046 -2.358204484886342 -2.2584481032017325 -1.9361788272501128 -1.7117938293053752 -1.57994424171687 -1.4654784739929752 -1.3932687607092098 -1.3221288209555742 -1.2440353532560946 -1.0846390972667457 -1.0359644016458371 -0.905184587587462 -0.7781489808845414 -0.6941717587693474 -0.652985477859348
-1.6834448307569339 -1.9099693757619312 -2.0642842074831633 -1.8318759080624516 -0.7126253521640875 0.15442609400616236 0.4796372471656394 0.8947093768560244 0.902465234949466 0.3333457169203813 -0.4588215821407786 -1.2194305620631078 -1.0223247891366816 -1.2694424745966788 -2.2565759995240056 -2.952998567638543 -2.7136367402719874 -2.8083116976884797 -3.0436618743170483 -2.704811108648416 -2.6561364130275074 -2.379599955488939 -2.072040065576605 -1.700828650621544 -1.4178735519021965 -1.4919553688636893 -1.7107240557752452 -2.118842657519786 -2.2389247362768625 -2.1637731457852403 -1.943132355195957 -1.724363668284401 -1.5523975733160262 -1.4061060430707681 -1.2878960679914186 -1.2566051922351205 -1.1549767068727839 -0.9538592832083705 -0.8883356544879166 -0.7741373301465544 -0.6385435352025948 -0.5369150498402582 -0.5240777674786998
-1.421617759257651 -1.6775610763412196 -1.8875041316292043 -1.6227351829220644 -0.7008578433326591 -0.09830790248701637 0.25498480583836924 0.9190467246664786 0.7238130554177795 1.019872879881218 0.6114868347541447 -1.1317091325924595 -1.145348745101615 -0.6500436006514909 -0.8883356544879166 -1.6764913028110897 -2.200947775957253 -2.7869162270858827 -3.2370234398880204 -2.798683735917311 -2.6756597799523774 -2.4411119334714058 -2.1276682891433576 -1.8102129940773222 -1.59839783511161 -1.6072234667351815 -1.7869454197969976 -2.038877086142579 -2.1070751486883577 -2.133552043559072 -1.9685394765365412 -1.7585964212485563 -1.5358160835990133 -1.3494080459738855 -1.2654308238586918 -1.1785117245356407 -1.03409229796811 -0.8728239383010339 -0.6949740889169449 -0.6091247631240237 -0.5133800321774014 -0.43047258359233753 -0.44010054536350607
-0.8797774662468778 -1.1140578693453167 -1.3103613121241457 -1.2116747039696663 -0.7888467161858399 -0.2857857136422739 0.3547411875229787 1.1808737961657614 0.8888256224403102 1.3967006058694604 0.5772540817899889 -1.4109200239563524 -1.2194305620631078 -0.4713914211198045 -0.550554662349414 -1.1549767068727839 -1.8289340308545945 -2.4911238460049767 -3.325012312741201 -3.034836242693477 -2.6705783556842606 -2.5232170519088726 -2.2819831208645893 -1.981109315515567 -1.7995152587760235 -1.791759400682582 -1.88162037721349 -1.995016371407255 -1.9696092500666709 -1.9696092500666709 -1.8385619926257633 -1.7155380366608295 -1.5328742063911562 -1.3718732901066126 -1.2919077187294057 -1.1950932142526536 -1.1081741149296025 -0.8912775316957737 -0.6647529866907764 -0.5085660512918171 -0.3855420953268833 -0.31814636292870224 -0.32991387176013065
-0.35130934236272804 -0.5144498057075313 -0.6257062528410366 -0.9763245273410976 -0.701927616862789 -0.2750879783409754 0.46412553097875664 1.0821871880112819 0.9153025173110243 1.6135971891032894 -0.05043553701370529 -1.614979324828623 -0.8297655537133071 -0.26144836583181963 -0.21464577388863848 -0.6109968668017509 -1.4879437181257023 -2.3015064877894593 -3.31725645464776 -3.210813988399839 -2.819009432989778 -2.6285897446266637 -2.4293444246399774 -2.2595178767318624 -2.1033309413329033 -1.9784348816902422 -1.953027760349658 -1.9538300904972554 -1.891515782367191 -1.88269015074362 -1.8444457470414775 -1.7254334418145307 -1.5943861843736231 -1.4488969842759625 -1.3435242915581713 -1.2381515988403804 -1.1950932142526536 -0.9188242000966176 -0.7243928609955159 -0.4636355630263629 -0.3192161364588322 -0.20180849152708014 -0.19512240696376848
0.1867867432925907 0.041297543194930064 0.06750699468311172 -0.3932979534203249 -0.678392599199932 -0.24673897979253434 0.4151833919753156 0.8449649077049859 0.8722441327232975 1.6729696200254964 -0.5085660512918171 -1.6002699387893373 -0.7947304706015541 -0.4371586681556492 -0.37671646370331224 -0.3815304445888965 -1.3777570445223268 -2.492995949682704 -3.4226291473655506 -3.2528025994574357 -2.977335915448997 -2.7887883307636097 -2.695985477024845 -2.5272287026468594 -2.3338671370758877 -2.20281987963498 -2.020423492747839 -1.964527825798554 -1.9129112529697885 -1.8308061345323217 -1.7906896271524522 -1.7575266477184264 -1.6345026917534928 -1.5847582226024544 -1.5074670850505723 -1.3903268835013527 -1.2996635768228473 -0.9792664045489547 -0.6462993932960364 -0.43448423433032435 -0.27214610113311855 -0.1472500414904574 -0.061400715697536246
0.714185093646611 0.5694982236965473 0.5598702619253788 -0.15981988046948326 -0.46256578949623295 -0.1608896539996132 0.5031722648284962 0.7171269708544679 0.7189990745321952 1.819528593653287 -0.6492412705038935 -1.6628516903019341 -0.5251475410088298 -0.18335489813234007 -0.22052952830435268 -0.2322970371357811 -1.5486533659605717 -2.7703347373688696 -3.663863078409834 -3.3103029267019157 -3.081906278019191 -2.9559404448464 -2.8650096947853623 -2.7320903336667275 -2.537926437948158 -2.319157751036602 -2.0856796780857607 -2.0027722295006964 -1.9792372118378396 -1.874666849267646 -1.7372009506459591 -1.704840301359531 -1.705910074889661 -1.658840039563947 -1.6521539550006354 -1.557478997584143 -1.3298846790490157 -1.0466621369471358 -0.6452296197659064 -0.3678908320797407 -0.20769224594279434 -0.05043553701370529 0.031402138041229044
0.9923262114803739 0.989384334272517 0.7727551944212205 0.023646279947787452 -0.5457406814638297 -0.24299477243707956 0.6331497487392741 0.8987210275940112 0.7922785613460905 2.2305890726056847 -0.07504032820669204 -1.5368858571291433 -0.34542558794701383 -0.08092408262240625 -0.11702893926428892 -0.26144836583181963 -1.5828861189247272 -3.0701387691877624 -4.022237211003336 -3.494036530501719 -3.2429071943037346 -3.120953011868931 -3.03296413901575 -2.8992424477495176 -2.6510549887593906 -2.419716462868809 -2.120982204580046 -2.070970292046475 -2.055458575859592 -1.9147833566475156 -1.7478986859472578 -1.6278166071901812 -1.6286189373377786 -1.6422585498469342 -1.6337003616058954 -1.4061060430707681 -0.9626849148319419 -0.9284521618677863 -0.9276498317201891 -0.5914734998768811 -0.12585457088786045 0.030599807893631592 0.0645651174752544
0.713115320116481 1.1447689395238787 0.7882669106081037 0.15068188665070803 -0.40613523578188326 -0.19325030328604154 0.674068586266741 1.2942697903595266 1.059721943878555 2.516753491915422 0.951407373952907 -0.969638442777786 -0.7037997205405162 -0.39142584974259753 -0.2068899157951969 -0.38366999164915594 -1.6687354447176483 -3.328756520096656 -4.316157488406515 -3.6141186092587954 -3.396152252494837 -3.341593802458214 -3.229267581794579 -3.0056849139974386 -2.7508113704439996 -2.4568910930408214 -2.139435797974786 -2.1364939207669287 -2.133552043559072 -1.9597138449129696 -1.7214217910765437 -1.5906419770181688 -1.5652348556775846 -1.6061536932050515 -1.3074194349162886 -0.9586732640939548 -0.13468020251143153 -0.7770792073544115 -1.1833257054212252 -0.613938744009608 -0.13735463633675637 -0.01834233110980943 -0.01058647301636828
-0.0622030458451337 0.5823355060581057 0.7149874237942084 0.2766477198234987 0.10869327559311115 0.25899645657635606 0.8136740319486875 1.6173413964587433 1.3400026087725778 2.0677160526434135 1.3293048734712793 -0.23523891434363842 -0.634531884464608 -0.80730030958058 -0.501612523345973 -0.5262173145389597 -1.7438870352092708 -3.3151169075875 -4.316157488406515 -3.7205610755067164 -3.5710602246710685 -3.4977807378571732 -3.385454517193538 -3.154115991302956 -2.8053698204806228 -2.4646469511342626 -2.1744708810865387 -2.1150984501643317 -2.1755406546166687 -2.0164118420098522 -1.8024571359838806 -1.6160490983587528 -1.5446417152225846 -1.4010246188026512 -1.0086851766275258 -0.39142584974259753 0.5304514898468078 -0.6120666403318809 -1.6208630792443373 -0.840730732397138 -0.23122726360565116 -0.1130172885263021 -0.12291269368000313
-0.5222056638009729 -0.3250998908745464 0.26381043746194033 0.5098583493918079 0.4914047559970678 0.40555543020414664 0.6184403626999884 1.2578974903351114 1.5020732985872516 1.6662835354621843 2.0792161180923103 0.9153025173110243 -0.8123817338486967 -1.2049886194063548 -0.5457406814638297 -0.40907711298974014 -1.6267468336600515 -3.2175000729631504 -4.55551931577307 -3.9508298278671683 -3.6903399732805475 -3.57881608276451 -3.459803777537563 -3.2311396854723062 -2.8757074300866607 -2.50663556219186 -2.3084600157353035 -2.115900780311929 -2.167784796523227 -2.0260398037810208 -1.7821314389114131 -1.557478997584143 -1.4061060430707681 -1.2146165811775236 -0.7810908580923985 -0.09750557233941892 0.25899645657635606 -0.8337772044512939 -1.5416998380147275 -0.885661220662592 -0.38955374606487014 -0.24379710258467702 -0.16971528562318428
-0.9022427103796049 -0.6043107822384395 -0.08974971424597777 0.06269301379752701 0.12821664251798115 0.4103694110897309 0.7278247061557663 0.8313252951958305 1.099838451258425 1.7620282664088065 2.1573095857917894 1.5130384772710825 -0.30744862762740377 -1.0086851766275258 -0.5104381549695445 -0.3620070776640265 -1.5788744681867402 -3.1530462177728262 -4.577984559905797 -3.9813183734758693 -3.5641066967252244 -3.556350838631783 -3.4392106370825637 -3.207872111191982 -2.922510022029842 -2.5895430107769237 -2.3924372378504972 -2.143447448712773 -2.0271095773111507 -2.000632682440437 -1.7829337690590106 -1.515490386526546 -1.2975240297625874 -1.094534502420447 -0.7575558404295415 -0.21464577388863848 -0.24673897979253434 -0.8768355890390207 -1.1696860929120694 -0.8308353272434368 -0.509635824821947 -0.33579762617584485 -0.20100616137948268
-1.1169997465531738 -0.6912298815614903 -0.4098794431373376 -0.37083270928759804 -0.4890426843669471 -0.1130172885263021 0.5900913641515473 0.7756970716290779 0.5882192604738199 1.457142810321797 1.6603997810464706 1.7462491068393917 0.3312061698601214 -0.8573122221141509 -0.7497999823361001 -0.5545663130874008 -1.4908855953335594 -2.5192054011708853 -3.7352704615460017 -4.0944469242871016 -3.6745608137111323 -3.4295826753113947 -3.2565468068128904 -3.0955458905283466 -2.922510022029842 -2.6609503939130916 -2.4149024819832245 -2.210843181110954 -2.003574559648294 -1.922539214740957 -1.6764913028110897 -1.3943385342393397 -1.1736977436500564 -1.0028014222118116 -0.7487302088059702 -0.5125777020298039 -0.550554662349414 -0.8610564294696053 -0.9763245273410976 -0.791788593393697 -0.5534965395572713 -0.3446232577994164 -0.10338932675513313
-0.6588692322750622 -0.7674512455832427 -0.6805321462601919 -0.529159191746817 -0.6706367411064906 -0.7292068418811004 -0.2547622812685084 0.18571696976246077 -0.08466828997786058 0.5871494869436904 1.3127233837542667 1.5948761523260164 0.7473480730806363 -0.5251475410088298 -0.7752071036766843 -0.5203335601232455 -0.840730732397138 -1.749770789624985 -2.5866011335690664 -3.6520955695784054 -3.5895138180658086 -3.183267319998995 -3.017452422828867 -2.9147541639364007 -2.739043861612571 -2.6521247622895205 -2.439239829793679 -2.2322386517135513 -1.9538300904972554 -1.772236033757712 -1.5047926512252474 -1.2555354187049905 -1.0915926252125898 -0.9225684074520721 -0.7604977176373986 -0.6091247631240237 -0.6872182308235033 -0.8171957147342812 -0.874696041978761 -0.7508697558662298 -0.511507928499674 -0.21571554741876842 0.06376278732765694
0.1750192344611623 -0.588531622669024 -1.3328265562568729 -1.0116270538353829 -0.46256578949623295 -0.5184614564455181 -0.5545663130874008 -0.135482532659029 -0.8043584323727229 -0.871754164770904 0.31275257646538135 1.4055262374930315 0.7805110525146621 0.08221638072239701 -0.18228512460221014 0.010006667438631656 -0.11488939220402905 -0.7859048389779828 -1.8473876242493346 -2.8513700822762065 -3.3688730274765253 -2.97546381177127 -2.6705783556842606 -2.5681475401743263 -2.5652056629664695 -2.5106472129298467 -2.399123322413809 -2.196133795071668 -1.8444457470414775 -1.4764436526768063 -1.2352097216325233 -1.0731390318178498 -0.9129404456809034 -0.8142538375264241 -0.6794623727300619 -0.6356016579947377 -0.6872182308235033 -0.7439162279203859 -0.7457883315981131 -0.6422877425580493 -0.4080073394596102 -0.10633120396299045 0.32933406618239447
