static/data/ASCData/20210122/ASCU/09.asc
ncols 97
nrows 97
xllcorner 99.0
yllcorner 2.0
cellsize 0.25
NODATA_value -32767
[rows 38 to 56 of 97, columns 43 to 85 of 97]
-1.5010843682557982 -1.761961655867574 -1.8362444986958055 -1.7599334553807964 -1.7824971857961978 -1.683875937126634 -1.574353110840641 -1.6955380899256056 -2.0139655663496976 -2.12627716830501 -2.015740241775628 -1.7979622145078773 -1.551028805242698 -1.506915444655284 -1.468886685528203 -1.3548004081469598 -1.2609961356334933 -1.2921797181176997 -1.4093082962291092 -1.584240588213682 -1.670185583840885 -1.6037620178989167 -1.4524075565731345 -1.1360082806358203 -0.7737209686851618 -0.5635486932428275 -0.45630759250445907 -0.4758290221896939 -0.7716927681983843 -0.9298924061670413 -0.9719775662676775 -0.9757804421803857 -0.5607599175735083 0.2644641554841498 0.7879934061336318 0.4596784523364992 0.4373682469819449 1.3249594850080157 2.258692284108278 2.3258764252327877 2.0066883736261545 1.8026006996441533 1.1629569711266505
-1.305870071403449 -1.5969168412560424 -1.6945239896822168 -1.6808336363964678 -1.6993409658383138 -1.6065507935682362 -1.4747177619276886 -1.6524388295815806 -2.006106289463434 -2.311603987784318 -2.2287012928872816 -1.8927805872647325 -1.5606627575548917 -1.4805488383271743 -1.4767459624144663 -1.4209704490280808 -1.3284338018188504 -1.2990248947605743 -1.4034772198296235 -1.5938745405258758 -1.573339010597252 -1.554831681155406 -1.3654484607025426 -0.9532167117649843 -0.6203383068726018 -0.4073772557609481 -0.28543170149344155 -0.44464543970548753 -0.8672717161377812 -1.3733077375888059 -1.3205745249325869 -0.8654970407118507 -0.3234604606205227 0.16964578272729458 -0.30393903093528785 -0.6350427604017397 -0.15359866985289417 0.7410912698768986 1.534878235389503 1.709810527374076 1.586597347802333 1.477328046577187 0.8034584348453113
-0.9795833180930937 -1.3897868665438744 -1.4562104324858425 -1.4278156256709553 -1.4551963322424537 -1.4161534728719838 -1.3411100548612107 -1.5178170222717138 -2.0119373658629196 -2.3536891478849546 -2.301970035472124 -1.9270064704791054 -1.6232834475841518 -1.4952532918563124 -1.4982955925864787 -1.6496500539122612 -1.5568598816421835 -1.2952220188478663 -1.3370536538876552 -1.4709148860149805 -1.5274509745839078 -1.6623263069546215 -1.396632043186749 -0.9904848957095236 -0.6819448966584731 -0.4679697453034306 -0.336136713662883 -0.5275481346025241 -1.1124304499770301 -1.890752386777955 -1.568522034441155 -0.5100549054040668 -0.235487264506542 -0.9669070650507334 -1.4415059789567044 -1.3517581074167935 -0.8332993579842556 -0.2570368946785546 0.11792667031446413 0.633596644077683 1.406087504479122 1.164731646552581 0.1686316824839058
-0.5987886767005892 -1.098740096691281 -1.1535015098342776 -1.1192756266199047 -1.1555297103210553 -1.2014177463343998 -1.1291631039929457 -1.478774162901244 -1.9756832821617691 -2.3389846943558164 -2.2872655819429863 -1.9270064704791054 -1.651678254399039 -1.5284650748272965 -1.551028805242698 -1.7013691663250916 -1.6633404071980105 -1.401449019342846 -1.2267702524191204 -1.371279537102028 -1.727735772653201 -1.8889777113520245 -1.578409511814196 -1.2305731283318284 -0.9220331292807777 -0.6789025959283066 -0.5480836645311478 -0.7209877560289428 -1.2442634816175777 -2.2053769872893385 -1.58804346412639 -0.4317156616022799 -0.5871265239016177 -1.3215886251759756 -1.9718804062490611 -1.8839072101350802 -1.545197728843212 -1.1661777628766379 -1.3869980908745552 -0.7501431380263717 0.3445780747118672 0.7096541623318449 -0.283403501006664
-0.06359727325213571 -0.7473543623570524 -0.8741168927806557 -0.8751309930240445 -0.9014975993521541 -0.9377516830533046 -1.0832750679796013 -1.4328861268878996 -1.904442740063704 -2.2434057464164194 -2.2091798632020465 -1.8839072101350802 -1.6057902183856945 -1.4982955925864787 -1.5226339984278106 -1.5900716646131676 -1.5520429054860867 -1.3664625609459313 -1.141839357035306 -1.5099577453854502 -2.0352616714608627 -2.02461361890528 -1.7120172188806742 -1.40651952055979 -1.1398111565485285 -0.8966806231960571 -0.8409051098096716 -1.0051893492386617 -1.3038418709166713 -2.11537559068858 -1.3946038426999712 -0.4114336567345034 -0.5764784713460349 -1.1398111565485285 -1.7911170378650025 -1.9845566592914214 -1.673988459753593 -1.909259716219801 -2.365351300683926 -2.0119373658629196 -0.973752241693608 -0.3536299428613403 -0.2081065579350434
0.45105860026769395 -0.277572424607178 -0.6281975837588651 -0.7296076080977478 -0.7131284791426795 -0.7600306153994127 -0.9542308120083731 -1.30485597116006 -1.7482713025818248 -2.0256277191486687 -2.026641819392058 -1.7599334553807964 -1.5500147049993092 -1.4181816733587616 -1.3928291672740407 -1.4503793560863567 -1.4377031030439964 -1.2795034650753394 -1.2414747059482585 -1.7267216724098122 -2.1475732734161754 -1.9396827235214658 -1.7287498728965898 -1.4767459624144663 -1.195586669934914 -0.9963159721090094 -0.9699493657809 -1.1730229395195126 -1.439731303530774 -1.607564893811625 -0.815552603724951 -0.16323262216508816 -0.3741654727899639 -0.8401445346271301 -1.089106144379087 -1.270630087945687 -1.6486359536688724 -2.230729493374059 -2.7413289659203337 -2.7443712666505 -1.8752873580662754 -0.5617740178168971 -0.3488129667052433
0.9119671608879161 0.2692811316402466 -0.30393903093528785 -0.5440272635575925 -0.547069564287759 -0.653550089843586 -0.9200049287940002 -1.233615429061995 -1.4914504159436044 -1.7442149016082693 -1.8311739974788614 -1.5822123877269043 -1.4757318621710773 -1.3360395536442664 -1.2843204412314364 -1.2833063409880474 -1.262010235876882 -1.2209391760196346 -1.286348641718214 -1.7784407848226422 -2.060867702606431 -1.9221894943230087 -1.7170877200976182 -1.4328861268878996 -1.184685092318484 -0.9942877716222318 -0.9904848957095236 -1.2462916821043553 -1.4161534728719838 -1.0432181083657426 -0.11354171023903525 0.11310969415836736 -0.09300618031041186 -0.3576863438348956 -0.45808226793038953 -0.5987886767005892 -1.1583184859903746 -2.1369252208605927 -2.8234710856348286 -2.798118579550108 -2.2091798632020465 -0.8928777472833491 -0.5227311584464271
1.2167042840262585 0.5965819851939909 -0.015934561812860792 -0.25906509516533216 -0.4504765161049733 -0.6758602951981401 -0.882990269910308 -1.1027964976648363 -1.30485597116006 -1.4082941959857205 -1.4805488383271743 -1.396632043186749 -1.3517581074167935 -1.238432405218092 -1.185699192561873 -1.1175009511939742 -1.022682578437119 -1.0510773852520061 -1.3859839906311664 -1.938668623278077 -2.1681088033447993 -2.0314587955481547 -1.626072223253471 -1.2853345414748252 -1.075415791093338 -0.8703140168679477 -0.8469897112700047 -1.1720088392761236 -1.2921797181176997 -0.7374668849840114 0.34254987422508965 0.6140752143924479 -0.07348475062517679 -0.5323651107586211 -0.47963189810240214 -0.37239079736403347 -0.6436626124705449 -1.3819275896576109 -2.288279682186375 -2.710145383436127 -2.740314865676945 -2.101685237402831 -1.3253915010886839
1.1561117944837762 0.6483010976068209 0.08192611167416075 -0.12824616376817355 -0.4162506328906004 -0.7121143788992907 -0.8545954630954209 -0.9494138358522761 -1.0744016908499492 -1.1096416743077109 -1.1661777628766379 -1.1456422329480143 -1.1223179273500712 -1.0685706144504634 -1.0305418553233823 -0.8956665229526684 -0.8487643866959351 -1.0860638436489207 -1.6329173998963458 -2.02461361890528 -1.9376545230346882 -1.71784829528016 -1.4181816733587616 -1.2452775818609665 -1.017865602281022 -0.7090720781691242 -0.6436626124705449 -0.9494138358522761 -0.988456695222746 -0.6124790299863383 0.3531979267806724 0.617878090305156 -0.441603138975321 -1.0510773852520061 -0.8391304343837411 -0.4778572226764717 -0.46112456866055584 -0.8771591935108223 -1.5705502349279328 -2.499212532811251 -3.113503755244033 -2.883049474933922 -2.1085304140457057
0.7606126995621336 0.6569209496756261 0.21553381874063904 -0.09097797982363387 -0.34298189030575754 -0.6494936888700307 -0.8234118806112145 -0.8761450932674335 -0.820623104941895 -0.8137779282990205 -0.7805661453280364 -0.7501431380263717 -0.8371022338969636 -0.8401445346271301 -0.7863972217275221 -0.5861124236582289 -0.5724220703724796 -1.0480350845218396 -1.6681573833541075 -1.81951184467989 -1.6729743595102042 -1.401449019342846 -1.141839357035306 -1.0011329482651063 -0.8332993579842556 -0.5645627934862163 -0.4768431224330827 -0.6758602951981401 -0.6028450776741445 -0.26286797107804016 0.5544968250933544 0.585680407577561 -0.4152365326472116 -1.1682059633634156 -1.0733875906065602 -0.6758602951981401 -0.5059985044305115 -0.7415232859575667 -1.3507440071734045 -2.251265023302683 -3.132011084685879 -3.103616277870992 -2.6779477007085317
0.6609773506491812 0.7380489691467322 0.3864097097516561 -0.04508994381028941 -0.384052950163005 -0.6603952664864605 -0.820623104941895 -0.8011016752566602 -0.7346781093146921 -0.547069564287759 -0.45326529177429253 -0.4514906163483621 -0.5108154805866085 -0.5042238290045811 -0.5802813472587431 -0.42588458520279415 -0.543266688375051 -1.027499554593216 -1.5130000461156168 -1.632156824713804 -1.5061548694727422 -1.199389545847622 -0.9679211652941222 -0.772706868441773 -0.6096902543170191 -0.44946241586158453 -0.39191222704926854 -0.32041815989035616 -0.19847260562284985 0.19220951314269596 0.8934598314460698 0.9030937837582638 0.25964717932805303 -0.5939717005444922 -0.9914989959529126 -0.6915788489706669 -0.41726473313398915 -0.8419192100530606 -1.6212552470973742 -2.3108434126017765 -3.1408844618155314 -3.417226778138987 -3.0158966068178588
0.480213982265123 0.8640509243877941 0.50860878908001 0.022347722375067214 -0.5490977647745368 -0.8312711574974778 -0.863468840225073 -0.8381163341403524 -0.6350427604017397 -0.43577206257583523 -0.3224463603771339 -0.2960797540490243 -0.19745850537946108 -0.0950343807971894 -0.16728902313864324 -0.19745850537946108 -0.32143226013374493 -0.9278642056802635 -1.4425200792000934 -1.5705502349279328 -1.4093082962291092 -1.1096416743077109 -0.9805974183364825 -0.7394950854707889 -0.39951797887468476 -0.235487264506542 -0.015934561812860792 0.10043344111600705 0.2165479189840278 0.6247232669480307 1.358171267979 1.4725110704210902 0.944164843615511 0.1775050596135581 -0.22864208786366724 -0.2803612002764977 -0.1026401326226054 -1.0188797025244107 -2.016754342019017 -2.706342507523419 -3.3977053484537523 -3.662385511978236 -2.971022671047903
0.4137904163231547 0.9226152134434988 0.6901327326466098 0.11209559391497859 -0.5823095477455207 -1.037387031966257 -1.0685706144504634 -0.8429333102964494 -0.6360568606451287 -0.45808226793038953 -0.36453152047777015 -0.2618538708346514 0.03400987517403875 0.19322361338608474 0.22136489514012458 0.18916721241252965 -0.2207828109774037 -0.8332993579842556 -1.5236480986711995 -1.645593652938706 -1.3479552315040852 -0.9973300723523983 -0.8391304343837411 -0.4063631555175593 -0.06461137349552448 0.2870278858995512 0.50860878908001 0.6500757730327513 0.7527534226758701 1.2303946373120076 2.054604610126277 2.1560146344651594 1.7927132222711126 1.0301098392427144 0.5993707608633101 0.5496798489372576 0.17547685912678013 -0.9141738523945144 -2.2112080636888245 -3.1847442973420983 -3.8750930380290423 -4.227746397667507 -3.521679103208036
0.42164969320941825 0.9852359034727587 0.8835723540730287 0.22136489514012458 -0.7151566796294571 -1.1877273930486505 -1.2462916821043553 -1.0196402777069524 -0.7131284791426795 -0.5450413638009814 -0.446420115131418 -0.29405155356224677 0.0946023647165215 0.41277631607976595 0.4596784523364992 0.3524373515981307 -0.058780297096038936 -1.0880920441356983 -1.838019174121736 -1.746243102095047 -1.3106870475595458 -0.863468840225073 -0.4768431224330827 -0.0030047837096534025 0.576046455265367 0.9284462898429844 1.2106196825659254 1.3348469623810568 1.6149921546172203 2.1950574938356295 3.0007601372080526 2.8210108690673827 2.4333710510320037 1.6423728611887185 1.2116337828093142 1.1277169876688888 0.6647802265618892 -0.5919435000577147 -2.0852061084477627 -3.324436605868909 -4.209239068225661 -4.620203191858983 -4.2003656910960085
0.7000202100196509 1.1249282119995696 0.9685032494568429 0.24088632482535965 -0.7754956441110923 -1.3654484607025426 -1.4229986495148585 -1.180882216405776 -0.8624547399816842 -0.648733113687489 -0.5333792110020099 -0.33512261341949423 0.14911025279867074 0.5164680659662735 0.6404418207205573 0.49010145963816365 -0.46594154481665284 -1.5870293638830013 -2.0489520247466118 -1.7911170378650025 -1.2189109755328569 -0.6768743954415288 -0.21596583482130693 0.3260707452700209 0.9568410966578718 1.4109044806352187 1.721472680173047 2.0906051687665803 2.541879777074608 3.259609224333051 3.823956009778933 3.4636968983150522 2.633655849101297 1.847474635414109 1.4940607005931028 1.415721456791316 1.0965334051846827 -0.09985135695328617 -1.7931452383517803 -3.0354180365030934 -3.97878478791555 -4.663302452203008 -4.513976191364003
0.7692325516309384 1.3571571677356111 1.0427860922850747 0.2870278858995512 -0.834059933166797 -1.482577038813952 -1.5558457813987947 -1.3205745249325869 -1.0518379604345478 -0.8137779282990205 -0.5987886767005892 -0.34678476621846577 0.19322361338608474 0.46373485331005426 0.6366389448078493 0.11995487080124212 -1.046006884035062 -2.0753186310747216 -2.2657159517709737 -1.49728149234309 -0.9278642056802635 -0.4162506328906004 -0.07044244989501047 0.42164969320941825 0.8425012942157815 1.2410426898675904 1.5731605195774314 2.043703032509847 2.921660318223724 3.7205177849532722 4.043762237533461 3.474344950870635 2.587767813087953 1.9372225069540203 1.6238655317468726 1.5475544884318633 1.2879448261243236 0.18333613601304366 -1.6417907770259978 -2.482733403856183 -3.0255305591300523 -3.7757112141769373 -4.3078603168952245
0.4969466362810384 1.2770432485078937 1.0007009321844382 0.3268313204525626 -0.8819761696669193 -1.5606627575548917 -1.607564893811625 -1.4240127497582473 -1.233615429061995 -0.9727381414502192 -0.6271834835154764 -0.2697131477209149 0.20691396667183382 0.3836209340823369 0.32784542069595135 -0.5108154805866085 -1.78046898530942 -2.4748741269699193 -1.987598960021588 -1.0637536382943664 -0.6350427604017397 -0.29506565380563554 -0.04813224454045617 0.2733375326138021 0.5291443190086338 0.7370348689033435 1.0252928630866172 1.559470166291682 2.5104426695295547 3.3698926258015858 3.555472970341741 3.0613526267505353 2.4587235571167243 2.005674273382766 1.7508815872313228 1.5437516125191553 1.065349822700476 -0.0030047837096534025 -1.6116212947851802 -1.6133959702111107 -1.7393979254521725 -2.5598050223537334 -3.2805767703423423
0.21857611947080535 0.7976273584458258 0.7263868163477607 0.4305230703390701 -0.657352965756294 -1.388012191117944 -1.5900716646131676 -1.4856193395441184 -1.2746864889192424 -1.0315559555667713 -0.6066479535868525 -0.29024867764953877 -0.0012301082837229416 0.22744949660045766 -0.07044244989501047 -1.0675565142070746 -1.958190052963312 -2.0831779079609847 -1.377110613501514 -0.5597458173301193 -0.27275544845108124 -0.2922768781363163 -0.14092241681053386 0.06823575838841167 0.2606612795714418 0.4315371705824589 0.7028089856889705 1.1852671764812048 2.024181602824612 2.6511490782997544 2.6813185605405723 2.4176524972594766 2.3289187259629545 2.089591068523191 1.7156416037735616 1.2410426898675904 0.5271161185218562 -0.5128436810733861 -1.4856193395441184 -1.2305731283318284 -0.9435827594527904 -1.3155040237156428 -1.9270064704791054
-0.26007919540872093 0.5925255842204353 0.5935396844638241 0.3572543277542275 -0.28238940076327523 -1.0764298913367267 -1.5773954115708073 -1.5198452227584913 -1.2364042047313142 -1.0401758076355763 -0.7227624314548733 -0.4864770747452767 -0.1340772401676591 0.22542129611368011 -0.16627492289525447 -1.1301772042363347 -1.789342362439072 -1.4006884441603042 -0.6819448966584731 -0.025568514125054786 0.09739114038584074 -0.20328958177894663 -0.24334654139280554 -0.07728762653788479 0.12882824793089442 0.34052167373831166 0.6561603744930844 1.1589005701530954 1.775219993072655 2.108098397965038 2.074126039811512 2.0535905098828877 2.0906051687665803 1.9235321536682708 1.4225666334341902 0.6472869973634321 -0.1026401326226054 -0.8956665229526684 -1.3175322242024206 -1.1076134738209331 -0.7795520450846476 -0.758002414912635 -0.9942877716222318
