static/data/ASCData/20210122/ASCU/12.asc
ncols 97
nrows 97
xllcorner 99.0
yllcorner 2.0
cellsize 0.25
NODATA_value -32767
[rows 76 to 94 of 97, columns 42 to 83 of 97]
-1.2796793701596574 -1.081628596837438 -0.8607148193798975 -0.6166522502353446 -0.3980247731913362 -0.3831638205033774 -0.1653937061144437 0.11182021902632533 0.30329787865963986 0.5250690187722551 0.8608693920097839 1.154944782700352 1.416440392498088 1.6587882363324917 1.9222843589920675 2.117763044349063 2.364683489010532 2.6713335319755265 2.977983574940521 3.250624899254226 3.4458177970595303 3.576708495734244 3.797336485640092 3.83848989308367 3.947660737829829 3.9859562697564916 4.025966526993304 4.188008068802392 4.061975758506435 2.779932801618302 2.1537722758621944 1.2866928440301404 0.9809001637202197 0.6313819880014977 0.03094234189762668 -0.578642505860373 -1.1527896972086253 -1.4905905833079949 -1.8372508835098018 -2.1644776301965853 -2.198772136399567 -2.118465834374252
-1.3539841335994511 -1.0962037619737055 -0.8384233903479594 -0.589216645272959 -0.24741473344990794 -0.20940498907493676 -0.05307919829967833 0.22127685132417518 0.39303516989077547 0.6156636726584646 0.9291726168640562 1.2086728424183564 1.466453214044103 1.7408092636679564 2.01516531329181 2.2672299338837254 2.516150891407034 2.7896495783758137 3.090298082755286 3.2320487083942773 3.370655670964662 3.4829701787794267 3.6207197786947365 3.6450117205885153 3.7544683528863656 3.799336998501933 4.052258981748923 4.212585798247862 3.280918379733526 1.5873413484096135 0.7279781804732295 0.5162096046698181 0.6548165672402027 1.1049319611543371 0.485916124190517 -0.7269662451882688 -1.3139738763626392 -1.6206239193276342 -1.9750004834251116 -2.1956284733309603 -2.114750596202262 -1.996434549801975
-1.367701936080644 -1.1099215644548979 -0.7972699829043814 -0.503480379765505 -0.0853731916408198 0.06780893606583183 0.19384124636178957 0.3647422022733151 0.5376436710466814 0.7045436012345254 1.0063352558207646 1.2826918183064588 1.5484742413795676 1.8551242843445621 2.117763044349063 2.3864033429390865 2.662759905424781 2.9351154421867944 3.0785807931359344 3.200612077708211 3.2554832876329813 3.362939407068991 3.448675672576445 3.5464150152549427 3.67044681268906 3.8110542881212854 4.063976271368276 3.225189807153681 2.1517717630003537 0.9408899064834078 0.06295054768707642 0.024940803312104798 0.8180012592560573 1.3667133585037643 0.7848499032598415 -0.4291756163257112 -1.2611031792997092 -1.5463191558878404 -1.8852631921939762 -2.0493052468649053 -1.9349902261882996 -1.8764037780915392
-1.2073751195817044 -1.0590513802538086 -0.7649759895632404 -0.4134573009826781 0.01522402655459354 0.23699516666720832 0.4430479914367904 0.6205220610372209 0.7476975215399442 0.9154548143828629 1.0786395063987175 1.361854970125008 1.6353536570937877 1.951720476816294 2.2163597496826357 2.4829995354108183 2.7447809327602455 2.923398152567442 3.0531457010353895 3.1285936146819493 3.169461234573836 3.3043529589722302 3.383230323239088 3.5464150152549427 3.680163589446572 3.807053262397604 3.017136469522259 1.9760124187100727 1.0434876375406619 0.7162608908538779 0.22013370111740915 0.1849818322593526 0.9703260243076341 1.553332629758323 0.9663249985839526 -0.17139524469996514 -1.071626032528235 -1.3334074298776621 -1.6792103674243943 -1.824676231235375 -1.7015017964563324 -1.7026449466630984
-1.0247568740508268 -0.885292548825368 -0.5572084394835097 -0.18511304718115795 0.17326454264000102 0.46533942046872845 0.7339797190587518 0.9020227994533618 0.9849011894439013 1.0394866118169803 1.1578026582172676 1.4078667659473423 1.6899390794668667 1.9957317597767865 2.246653230161937 2.4975747005470863 2.6801929460779634 2.8393766123701365 2.9428317060824654 3.0054191799029066 3.1488845308520466 3.312926585522976 3.4401020460257 3.7690435180226327 3.8199137022237224 3.216330393051244 2.054318207873547 1.035771373644991 0.7231197920944741 0.4010372213381377 0.4430479914367904 0.525926381427329 0.7299786933350703 1.1323675661167227 0.6645333439977135 -0.2934265292722418 -0.7884105688019445 -1.0581940175987339 -1.4614402530354607 -1.5483196687496807 -1.4897332206529206 -1.6263396703614643
-0.9213017803384989 -0.7083900543283206 -0.3188616213727866 0.05037589541264964 0.36274168941147433 0.63738352658702 0.8968786235229151 1.0297698350594686 1.0777821437436437 1.1432274930810005 1.2738324042040219 1.4713116024228583 1.759385454527905 2.030883628634843 2.232078065025669 2.4175541860734615 2.556161148643846 2.643040564358067 2.7262047419002977 2.8736711185731183 3.099157496857723 3.3383616776235208 3.584424759629915 3.742751063267013 3.3237865124872537 2.5444438590244944 1.5376143144152898 0.700828363062536 0.4350459399894282 0.01608138920966784 -0.30228594337467873 -0.0853731916408198 0.048375382550808865 0.1041039551306544 -0.2865676280316456 -0.64980360623156 -0.7641186269081657 -0.9544531363347142 -1.4028538049387 -1.3519836207376108 -1.2885387842620943 -1.43114677255616
-0.7386835348076213 -0.42231671508511504 -0.017069966786547486 0.2584292330440716 0.5445025722872776 0.7865646285699901 1.010336281544446 1.1598031710791075 1.218389619175868 1.2475399494484023 1.329560976783867 1.5473310911728015 1.7662443557685013 1.9371453116800268 2.1206209198659787 2.2506542558856175 2.3521088367361056 2.4567070806551996 2.5990292813975735 2.8070826190289955 3.058289876965837 3.2760599913547708 3.344363216209042 3.057146726759071 1.9380026743351007 1.3861469120187868 1.139226467357319 0.7251203049563149 0.3578833010327189 -0.3520129773690024 -0.884149398618602 -0.5540647764149029 -0.5297728345211241 -0.7143915929138425 -0.7729780410106026 -0.8638584824485043 -1.0590513802538086 -1.1156373154887285 -1.1899420789285222 -1.1850836905497664 -1.0530498416682867 -1.2368112374059304
-0.45346755821949003 -0.12938447460131286 0.1881254953279594 0.4810577358117616 0.7445538584713374 0.9663249985839526 1.1598031710791075 1.2563993635508393 1.3121279361306852 1.3744296223994352 1.48102837918037 1.6499288222300548 1.7699595939404906 1.9145680950963966 2.030883628634843 2.1569159389308012 2.286663487398749 2.414696310556547 2.5678784382631985 2.7602134605515873 2.9516911201849023 2.8853884081924708 2.1880667820651762 1.7173746844292523 1.1235081520142858 0.8091418451536203 0.700828363062536 0.8980217737296812 0.7445538584713374 0.3072989043833205 -0.6780965738490199 -0.7758359165275177 -0.31286008278726474 -0.4731868992862043 -1.0667676441494796 -1.2073751195817044 -0.9233022932003392 -0.9398779711984471 -0.8521411928291522 -1.081628596837438 -0.8930088127210389 -1.0073238333976446
-0.23684059403732194 0.05609164644647979 0.3570259383776442 0.6265235996227423 0.8500094650455061 1.082640532122399 1.3004106465113328 1.4067236157405762 1.4741694779397738 1.536756951760215 1.593342886995135 1.7045142446031338 1.7973951989028762 1.9088523440625664 1.9820139572955942 2.118620407004138 2.23979432892134 2.389261218456002 2.54930224740325 2.4664238574127104 2.2926650259842702 1.8434069947252096 0.7562711480906898 0.2847216877996912 0.7328365688519858 0.5670797888709069 0.603946383039113 0.7436964958162635 0.9020227994533618 0.5133517291529026 -0.2622756861378668 -0.37830543212462153 -0.10309201984569327 0.11782175761184721 -0.514054519178091 -1.491733733514761 -1.6440584985663382 -1.8186746926498532 -1.5523206944733619 -1.289396146917169 -0.9730293271946628 -0.9144428790979022
-0.0659396381257964 0.22213421397924993 0.49277502543111407 0.7211192792326333 0.9566082218264409 1.1695199478366192 1.352995556022571 1.4478770231841542 1.5170376106935004 1.6196353417507545 1.6939401051905483 1.8268313167271018 1.911710219579482 1.9634377664356455 2.0103069249130545 2.119763557210904 2.2115013613038803 2.356967225114861 2.148913887483438 1.832547067760932 0.7465543713331781 0.1704066671230855 -0.3968816229845702 -0.3491551018520873 0.01608138920966784 0.6656764942044795 0.7271208178181556 0.49477553829295395 0.47219832170932463 0.26414498407790266 0.15297362646990287 0.11096285637125058 -0.034503007439730116 0.20555853598114204 0.18898285798303416 -0.7484003115651325 -1.781808098481648 -2.211346788673994 -2.0278711804880416 -1.6194807691208677 -1.1713658880685736 -0.7201073439476726
0.04923274520588361 0.33930711017277027 0.613948947348316 0.8414358384947613 1.0640643412624504 1.2592572390677548 1.3930058132593839 1.4858867675591254 1.5804824471690164 1.6830801782262705 1.7933941731791947 1.9291432602326637 2.000590148155543 2.036599379668673 2.0814680252842415 2.119763557210904 2.214359236820795 2.0511745448049403 1.8151140271077502 0.7076872643031322 -0.4045978868802411 -0.9007250766167094 -0.6117938618565888 -0.5923603083415658 -0.10194886963892724 0.5502183233211078 0.6156636726584646 0.35902645123948496 0.062093185032001674 0.014080876347827509 0.3744589790308268 0.40189458399321243 0.16954930446801075 0.03951596844837235 0.006364612452156582 -0.3657307798501952 -1.3657014232188032 -2.3168023952481627 -2.314801882386322 -1.9309892004646183 -1.2816798830214982 -0.7201073439476726
0.13811267378194447 0.4350459399894282 0.7194045539224847 0.9809001637202197 1.1869529884898018 1.3627123327800827 1.5036055957639993 1.585626623099464 1.6793649400542803 1.7885357848004393 1.8988497797533634 2.000590148155543 2.0523176950117064 2.079753299974092 2.0903274393866784 2.1226214327278194 2.10204472900603 1.9391458245418667 0.9771849255482303 -0.2534162720354298 -0.6800970867108607 -1.059908742908883 -0.6352284410952929 -0.6332279282334525 -0.049363960127688955 0.5893712179028459 0.6548165672402027 0.21356058742850426 -0.12252557336071623 0.14611472522930669 0.3961788329593823 0.4253291632319165 0.2358520164604423 -0.045362934404007405 -0.8618579695866635 -1.2339533618890153 -1.5220272139940616 -2.4133985877198945 -2.515996318777148 -2.138185175440966 -1.3959949036981039 -0.7689770152869215
0.12268014599060262 0.5024918021886249 0.7759904891574045 1.0746384806750369 1.3189868373712814 1.4984614198335526 1.6450704338512994 1.7182320470843262 1.8062546130053132 1.911710219579482 1.989730221191265 2.0883269265248376 2.064034984631059 2.01516531329181 2.014307950636735 2.0288831157730023 1.9254280220606743 1.1646615594578638 0.1352547982650294 -0.5600663150004248 -0.629226902509771 -1.003322807673963 -0.988747642537696 -0.6780965738490199 0.21641846294541978 0.7271208178181556 0.6196646983821461 0.23013626542661214 -0.010211065545951303 0.28272117493785043 0.40789612257873387 0.3335913591389401 0.14811523809114746 -1.0061806831908782 -1.848110810474079 -2.2444981446702092 -2.5454324366013736 -2.6108777859387304 -2.616593536972561 -2.227065104017027 -1.5540354197835113 -0.9604546749202361
0.046374869688968534 0.4301875516106719 0.7817062401912347 1.1089329868780187 1.3901479377424684 1.5873413484096135 1.7242335856698485 1.8385486063464542 1.9420037000587822 2.0511745448049403 2.1060457547297116 2.12462194558966 2.000590148155543 1.9497199639544531 1.9008502926152042 1.7545270661491488 1.2035286664879097 0.29558161476396894 -0.3480119516453213 -0.5414901241404761 -0.6626640460576785 -1.1059205387312168 -1.044476215117541 -0.39002272174397357 0.35588278817087815 0.645099790482691 0.5493609606660339 0.17640820570860782 -0.11480930946504575 0.07266732444458768 0.4673399333305692 0.2681460098015833 -0.3980247731913362 -1.781808098481648 -2.7632025509903078 -3.113863876915796 -2.8509393293596026 -2.640028116211265 -2.5385735353607775 -2.203630524778323 -1.6966434080775765 -1.2719631062639865
-0.030787769267740295 0.3776026420994336 0.8014255812579494 1.1166492507736896 1.352995556022571 1.5484742413795676 1.7193751972910931 1.8442643573802844 1.9545783523332085 2.0737517613885705 2.2075003355801988 2.303239165396856 2.291521875777504 2.0883269265248376 1.720232559946167 0.9731838998245488 0.7476975215399442 0.7134030153369624 0.30215472845287383 -0.30914484461527536 -0.7415414103245364 -0.9407353338535218 -0.6849554750896165 -0.18396989697439192 0.3598838138945597 0.5445025722872776 0.40961084788888336 0.06009267217016134 -0.45060968270257495 -0.38230645784830264 0.047518019895734565 -0.08137216591713825 -1.4937342463766017 -2.7886376430908526 -3.4799577306326253 -3.5434025671081417 -3.1527309839458417 -2.6020183718362935 -2.33137756038443 -1.9144135224665106 -1.6997870711461833 -1.4574392273117796
-0.05222183564460403 0.32959033341525945 0.7202619165775586 1.0123367944062869 1.3189868373712814 1.4701684522160923 1.6539298479537363 1.8434069947252096 2.0571760833904627 2.244652717300096 2.317814330533124 2.2260765264401474 2.2809477363649178 1.920569633681919 1.0043347429589238 0.7348370817138266 0.8697288061122208 1.0074784060275306 0.7251203049563149 0.06609421075568278 -0.6675224344364339 -0.6546619946103158 -0.17339575756180592 0.43904696571310886 0.5267837440824037 0.34616601141336645 -0.21140550193677754 -0.6929575265369787 -0.6743813356770305 -0.650946756438326 -0.45346755821949003 -0.35487085288591746 -1.764089270276774 -3.029842336718491 -3.6145636674793287 -3.6488581736823105 -3.2650454917606067 -2.5228552200177443 -1.9661410693226746 -1.6429153483595722 -1.5540354197835113 -1.4037111675937748
-0.06193861240211529 0.3287329707601847 0.6733927581001504 0.9203132027616192 1.1800940872492056 1.3444219294718263 1.5561905052752385 1.6987984935693037 1.9019934428219702 2.054318207873547 1.9508631141612192 1.1840951129728863 0.8931633853509249 0.7965671928791931 0.3255893076915779 0.11953648292199626 0.7622726866762113 1.0697800922962806 0.8648704177334654 0.3530249126539635 -0.7601176011844846 -0.7806943049062736 -0.09623311860509709 0.5845128295240896 0.6693917323764698 -0.1108082837413642 -0.7495434617718986 -0.7581170883226442 -0.5754988427917667 -0.3948811101227294 -0.34429671347333146 0.026941316173945573 -0.7132484427070764 -2.286508914768862 -3.2250352345237947 -3.328490328236123 -3.082427246229729 -2.5405740482226182 -1.972999970563271 -1.6020477284676855 -1.3697024489424843 -1.3657014232188032
-0.034503007439730116 0.2241347268410907 0.49963392667171025 0.8208591347729719 1.1129340126016993 1.3238452257500368 1.3589970946080934 1.2846923311682996 0.9889022151675819 1.0494891761261833 0.907738550487192 0.3218740695195885 0.07266732444458768 0.2387098919773578 0.019225052278274646 -0.2102623517300115 0.16954930446801075 0.8540104907691877 1.0523470516430988 0.5142090918079774 -0.546348512519232 -0.5297728345211241 0.09610190368329175 0.508207553222455 0.4399043283681836 -0.33629466202596925 -0.7855526932850294 -0.6380863166122079 -0.12738396173947208 0.03094234189762668 -0.12452608622255701 -0.650946756438326 -0.8461396542436304 -1.8149594544778638 -2.714332879651059 -2.8432230654639317 -2.622595075558083 -2.588300569355101 -2.235924518119464 -1.8872637050558168 -1.3245480157752252 -1.294254535295925
-0.06879751364271192 0.22327736418601596 0.5267837440824037 0.8305759115304836 1.0854984076393146 1.3024111593731735 1.3424214166099855 0.9291726168640562 0.6216652112439869 0.5219253557036483 0.37560212923759284 0.2572860828373056 0.17326454264000102 0.214417950083579 -0.04250505888709233 -0.26027517327602645 -0.1722526073550399 0.4907745125692733 0.9517498334476855 0.525926381427329 -0.01792732944162223 -0.006210039822270197 0.24271091770103848 0.12753853436935847 0.09610190368329175 -0.06965487629778622 -0.505195105075654 -0.546348512519232 -0.06108124974704099 0.15983252771049994 -0.09709048126017183 -0.8149888111092554 -1.1410724075892733 -1.6743519790456385 -2.0650235622079385 -2.2339240052576237 -2.5345725096370963 -2.590301082216942 -2.4994206407790402 -2.200772649261408 -1.4554387144499388 -0.9350195828196912
