static/data/ASCData/20210122/ASCU/15.asc
ncols 97
nrows 97
xllcorner 99.0
yllcorner 2.0
cellsize 0.25
NODATA_value -32767
[rows 76 to 94 of 97, columns 43 to 85 of 97]
-2.2590318470572557 -1.8809741080173825 -1.4903870779142285 -1.0657530612260713 -0.6770726623716774 -0.21403364481563703 0.18227327903379775 0.41297566013377773 0.6131719412535954 0.8367925491438952 0.9675329776303063 1.1930602167693665 1.3717388023674615 1.58283011919448 1.7800302654948177 2.0172696680191184 2.3345875829913463 2.6159518801298103 2.924553766536277 3.1470848708558568 3.30261150557615 3.586699561641415 3.7038211954938256 3.8318378650534366 3.940243470340086 4.083785565782458 4.382581920052445 4.457757666432132 3.1961125315382612 3.1803147297628196 2.6775088318754956 1.5583162888532782 0.6082691751853551 0.3113794521641289 -0.09691201096322688 -0.5950875186749904 -1.0989829201330341 -1.5296092064601519 -1.7891834321842146 -1.7796502759404138 -1.8409348517934192 -2.100781453410162 -2.4630413906745936
-2.149536738199886 -1.803891730388936 -1.4201140976027824 -0.947541923802941 -0.5596786526265873 -0.08710647882674571 0.30838331734464886 0.5494359823664698 0.7518112706277273 0.9871440419032678 1.1121645766433992 1.270142594397813 1.4657084853420703 1.682247320022689 1.8571126431232643 2.089721655472004 2.2634974750018597 2.537779998930644 2.7194547193482195 2.907938837082796 3.109224621773334 3.366075088570596 3.484013850101046 3.6422642437481403 3.75557261510303 4.029038011353775 4.319935464736039 3.318136931458912 1.6285892691647237 1.5896395165114812 1.4079647960939048 0.7820449947152102 0.587568607341673 0.2838694870034466 -0.1388578984359503 -0.6370334061477139 -1.1730691629420007 -1.6388319394248414 -1.9708581526017905 -2.137824574814645 -2.221988725652772 -2.4093833398166287 -2.7629272485153
-2.0051775150794735 -1.7140076858045281 -1.3324090601598146 -0.8206147578140501 -0.39570836523321296 0.05725274429366678 0.32990101286637064 0.5709536778881916 0.8133682223734131 1.051424752575754 1.2096751462228474 1.3777310720064224 1.5994450486479619 1.7634153360413358 1.934195020751711 2.045596760857841 2.2193725803876956 2.3228754196061048 2.489024714140919 2.649181739036773 2.8883277728098347 3.0915201887491324 3.2908993421909094 3.457865764403764 3.6112133919826177 3.8844064123406814 2.972491923647962 1.7830264003142973 0.6461294242678783 0.7496322634862871 0.6793592831748412 0.8201776196904134 0.6812659144236015 0.43639998690425985 0.013400225572183011 -0.5275382972903442 -1.0521342665920703 -1.6290264072883607 -2.1321046810683644 -2.4769325612012745 -2.709269197657335 -2.8626168252361883 -2.9230842734111535
-1.862452547315141 -1.5862633921375968 -1.1428354388545183 -0.5910018802847898 -0.1358617636164703 0.184452286175238 0.45192541278702114 0.6744565171066008 0.9294003526551031 1.1042656757556784 1.2791309988562536 1.4646189817713497 1.679523561095889 1.8113534931530197 1.8963347716691872 1.9813160501853546 2.027075200155599 2.1131459822424863 2.231084743772937 2.3806191088542694 2.640465710471013 2.804435997864387 3.0563836985934087 3.2584866109619868 3.3922231742678783 2.600426454247049 1.4362918889326273 0.6003702742976342 0.37674966640733487 0.6842620492430815 0.8084654563051727 0.8697500321581777 0.9830584035130676 0.7068692483355234 0.2155031379407606 -0.3616613786482099 -0.8957905041937364 -1.50618487968967 -2.2102765622675316 -2.745495191383778 -3.0666263688535262 -3.210168464295899 -3.2210635000031
-1.610504846586119 -1.3283234217696143 -0.8214318854920899 -0.22765243944963798 0.25663189773544426 0.5115757332839466 0.6804487867455613 0.8795555642946584 1.0388954615124724 1.1609198614331233 1.3229835175777374 1.5016621031758333 1.682247320022689 1.7623258324706161 1.7887462940605778 1.7713142369290567 1.801547961016539 1.8590192743720242 1.9617049859123932 2.1921349911196937 2.4225649963269933 2.586535283720368 2.895137170126835 3.07109199679813 2.5906209221105683 1.5065648692440736 0.5271011591667079 0.05534611304490644 0.5123928609619868 0.7000598510185227 0.687258184062562 0.6804487867455613 0.8035626902369324 0.6090863028633948 0.18526941385327778 -0.23064857426911844 -0.7931047926533674 -1.4571572190072657 -2.1427273408828853 -2.846001895782707 -3.369508361513713 -3.439781341825159 -3.2962392463827865
-1.2803852646579301 -0.9366468880957401 -0.35675861257996955 0.19017217992151858 0.5671404153906714 0.7771422286469698 0.9422020196110643 1.0857441150534366 1.1941497203400862 1.2750453604660534 1.4011553987769045 1.5485107567167975 1.6353986664817248 1.6462937021889252 1.5904566441895205 1.534891962082796 1.4948527058588321 1.526175933517035 1.7127534200028518 2.012366901950878 2.246882545548378 2.49774074270668 2.598519822998289 2.3307743204938256 1.6531030995059264 0.7390096036717662 0.2127793790139605 0.49768456275726525 0.49087516544026455 0.34733306999789226 0.6540283251555992 0.38464856729505525 0.3582281057050931 0.15203955494631494 -0.04625009492474241 -0.2766801001320425 -0.7990970622923279 -1.485484311845988 -2.0403140052351967 -2.7424990565642977 -3.3283796017190292 -3.5735179051310504 -3.421259781122917
-0.93392312916894 -0.5245421624708642 -0.034537931539501354 0.40507675924605735 0.700876978696563 0.914692054450382 1.0642264195317144 1.1404916694821217 1.1990524864083265 1.2799481265342938 1.374734937186942 1.454813449634869 1.5103781317415934 1.46952174783959 1.3395984470312192 1.2134884087203681 1.196056351588846 1.3289757872166983 1.5877328852627204 1.8778132109669463 2.2125631830706953 2.342486483879066 1.9557127162734331 0.977338509766787 0.37484303515857453 0.33289714768585066 0.47426023598678313 0.5358171877324684 0.17546388171679705 -0.048973853851542515 -0.30691382421952484 -0.5433360990657858 -0.5852819865385093 -0.46407471429589897 -0.4368371250278966 -0.5528692553095866 -0.6223251079429928 -1.2191006888049247 -1.8254094259106577 -2.514792810283798 -3.152697150940414 -3.556902975677569 -3.444684107893399
-0.6797964212984775 -0.30500719297076495 0.12670859692707293 0.45301491635774127 0.653211197477559 0.8463257053876956 1.0045760990347898 1.1072618105751588 1.1843441882036054 1.250803906017531 1.3142674890119763 1.3366023122117388 1.3445012130994596 1.227379579247049 1.1276900025261605 1.0748490793462353 1.109985569501959 1.2595199345832921 1.4431012862496275 1.7438042717683744 2.0406939947896006 1.5378880969022766 0.9596340767425855 0.3132860834128892 0.07686380856662867 0.29476452271064746 0.8318897830756549 0.7850411295346906 0.5611481457517109 -0.1906093180451549 -0.5969941499237503 -0.4776935089298999 -0.37419066971149073 -0.47279074286165956 -0.5969941499237503 -0.7081235141372 -0.8380468149455713 -0.9347402568469798 -1.565562824293915 -2.278642911330217 -2.88113838593843 -3.3321928642165495 -3.4806377257271626
-0.47279074286165956 -0.13313800468966974 0.1550356897657954 0.36803363784157384 0.596557011800114 0.8035626902369324 0.952007551747545 1.0416192204392725 1.108078938253199 1.1091684418239187 1.1383126623406814 1.1432154284089218 1.1481181944771621 1.044615355258753 1.028000425805272 1.002669467786029 1.150024825725922 1.3150846166900165 1.2750453604660534 1.3592095113041807 1.4332957541131468 0.493871300259745 0.027019020206183963 0.18336278260451788 0.1912616834922387 0.618891834999876 0.9890506731520285 1.1549275917941624 0.7292040715352854 -0.023642895832300503 -0.48749904106638065 -0.6936875918251588 -0.09119211721694631 -0.23745797158611914 -1.084274621928313 -1.5110876457579103 -1.974943790991991 -1.906577441929305 -1.9289122651290669 -2.2102765622675316 -2.676039338750372 -3.0802451634875276 -3.2540209830173827
-0.2796762349515225 -0.08819598239746584 0.11118317104431164 0.3132860834128892 0.5309144216642281 0.7292040715352854 0.8357030455731747 0.9215014517673823 0.9430191472891045 0.952007551747545 0.9762490061960674 1.0015799642153094 1.0181948936687903 0.9996733329665495 0.9939534392202689 1.068039682029235 1.2088580185448072 1.088740249872917 0.9236804589088226 0.4832486404452241 0.46472707974298233 -0.1067175430997076 -0.3107270867170455 -0.1290523662994696 0.5006806975767457 0.9244975865868628 0.8258975134366939 0.7975704205979715 0.5300972939861883 0.2985777852081677 0.05643561661562657 -0.36928790364325037 -0.016833498515299805 -0.022825768154260295 -0.8244280203115704 -1.953426095470269 -2.7482189503105783 -2.638996217345889 -2.3001606068519393 -2.3614451827049447 -2.4289944040895906 -2.801059873490503 -3.030400375127083
-0.21130988588883648 -0.048973853851542515 0.10028813533711034 0.2830523593254064 0.4832486404452241 0.6365962680240775 0.7420057384912466 0.746908504559487 0.766247192939769 0.7926676545297311 0.8318897830756549 0.914692054450382 1.017377765990751 1.0506076248977139 1.097456278438678 1.1677292587501236 0.9176881892698616 0.769243327759249 0.27896672093520625 -0.13313800468966974 -0.12632860737266904 -0.2551624046103207 -0.4300277277108959 -0.1966015876841154 0.45301491635774127 1.002669467786029 0.9010732598163806 0.2683440611206853 0.011493594323422673 0.40099112085585675 0.45982431367474197 0.07877043981538856 -0.4610785794764185 -0.4757868776811396 -0.6427532998939944 -1.7423347786432506 -3.1058484973994496 -3.1281833205992116 -2.592964691482965 -2.5540149388297215 -2.4845590861963154 -2.509890044215558 -2.733510652105857
-0.17018112609415326 -0.033448427968781225 0.10709753265411104 0.2691611887987255 0.45301491635774127 0.6011874019756744 0.6578415876531194 0.6627443537213598 0.6649233608628 0.690254318882042 0.7760527250762492 0.905976025884621 1.0876507463021965 1.1998696140863667 1.2418155015590906 1.1023590445069185 0.8523179750266565 0.2457368620282434 -0.2649679367468014 -0.2570690358590806 -0.22383917695211775 -0.30092155458056435 -0.37419066971149073 -0.1603755939576721 0.4998635698987055 1.0495181213269933 0.9089721607041015 0.19807108080923896 -0.07947995383170525 0.28196285575468627 0.3375275378614111 -0.23963697872755896 -0.9875811800269045 -1.5206208020017111 -1.6886767277852859 -2.0460338989814773 -3.3283796017190292 -3.3978354543524354 -2.9015665778894317 -2.8214880654415047 -2.594054195053685 -2.5540149388297215 -2.4210955032018697
-0.17317726091363328 -0.0617755208075037 0.09456824159083022 0.2740639548669659 0.47426023598678313 0.6393200269508776 0.6910714465600822 0.6725498858578405 0.678542155496801 0.7087758795842838 0.8111892152319728 0.9803346445862675 1.1930602167693665 1.3025553256267357 1.261426565832052 1.0416192204392725 0.3892789574706157 -0.3186259876047659 -0.22302204927407754 -0.026639030651780526 -0.22983144659107824 -0.32734201617052694 -0.2774972278100827 0.03791405591338526 0.6355067644533574 0.6823554179943212 0.4832486404452241 0.4421198806505404 0.2645307986231651 0.0806770710641489 -0.2902988947660434 -1.1496448361715186 -2.0958786873419215 -2.616389018253447 -2.7765460431493008 -3.1739424705694557 -3.5391985426533674 -3.496435527502604 -3.244487826773582 -3.0726186384924867 -2.832383101148706 -2.65261501197989 -2.459228128177073
-0.2442673689031194 -0.10072527346074711 0.11989919961007223 0.32690487804689017 0.5592415145029506 0.733289709925486 0.7809554911444905 0.7488151358082473 0.7185814117207645 0.7341068376035258 0.8923572312506196 1.0827479802339561 1.2908431622414942 1.3289757872166983 1.1462115632284022 0.3952712271095762 -0.22383917695211775 -0.2717773340638021 -0.07239818062202463 0.4058938869240971 -0.20831375106935646 -0.29220552601480376 -0.17317726091363328 0.3209126084079297 0.6970637161990427 0.6082691751853551 0.300484416456928 0.1550356897657954 0.05943175143510704 -0.273683965312562 -1.0899945156745936 -1.336222322657335 -2.444519829972352 -2.9318003019769145 -3.043202042083044 -3.2256938901786603 -3.441687973073919 -3.5391985426533674 -3.513050456956085 -3.3106751686948277 -3.062813106356006 -2.8489980306021874 -2.6144823870046867
-0.2551624046103207 -0.06286502437822383 0.14032739156107388 0.3563214744563328 0.6267907358875964 0.7828621223932504 0.8190881161196937 0.7907610232809712 0.77795935632501 0.865936769660657 1.0721253204194352 1.3474973479189392 1.5231797986975546 1.3289757872166983 0.6071796716146349 -0.09881864221198677 -0.24726350372259986 -0.0617755208075037 0.05262235411810634 0.2223125352577613 0.11989919961007223 -0.17208775734291315 -0.13504463593843008 0.3952712271095762 0.6940675813795623 0.6336001332045971 0.46472707974298233 0.2596280325549243 0.05044334697666608 -0.4866819133883409 -0.9573474559394217 -1.7063811608094874 -2.494364618332796 -2.8293869663292255 -2.981645090337359 -3.2044485705496184 -3.385850915074514 -3.4163570150546767 -3.357796198128472 -3.304955274948547 -3.2033590669788983 -3.054914205468285 -2.790164837783302
-0.29901492333180446 -0.034537931539501354 0.184452286175238 0.45001878153826125 0.6600205947945597 0.7877648884614907 0.8651196419826177 0.9070655294553407 0.931306983903863 1.0045760990347898 1.1481181944771621 1.46352947820063 1.4537239460641485 0.8327069107536942 -0.050063357422262644 -0.2873027599465634 -0.002125200310578279 0.17464675403875685 0.11989919961007223 0.08666934070310939 0.32390874322741015 0.2740639548669659 0.3903684610413358 0.7722394625787294 0.7057797447648033 0.425504951197059 0.19888820848727917 -0.1290523662994696 -0.033448427968781225 0.08176657463486903 -0.9260242282812192 -1.6478203438832821 -2.3614451827049447 -2.921994769840434 -3.349897297240751 -3.510871449814645 -3.2902469767438256 -3.0900506956240084 -3.235499422315141 -3.247211585700382 -3.1126578947164503 -3.0110616867468014 -2.7942504761735023
-0.2864856322685232 -0.006210838700778876 0.17274012278999695 0.3865551985438156 0.528190662737428 0.6932504537015225 0.7888543920322104 0.8757423017971386 0.9822412758350274 0.9705291124497868 0.5290077904154682 0.8474152089584162 0.9285832249770629 -0.0636821520562636 -0.5596786526265873 -0.3126337179658054 0.09838150408835045 0.4840657681232643 0.5709536778881916 0.2740639548669659 -0.011930732447059444 0.10900416390287138 0.6461294242678783 0.9588169490645453 0.5905647421611535 0.09456824159083022 -0.17808002698187364 -0.1475739270017109 0.18227327903379775 0.22721530132600165 -0.8663739077842938 -1.0450524933823897 -1.9817531883089914 -2.857714059167948 -3.330286232967789 -3.4934393926831238 -3.3469011624212706 -3.1693120803938952 -3.1769386053889357 -3.1622303071842146 -3.123280554530971 -2.9552246287473967 -2.686661998564893
-0.3616613786482099 -0.10372140828022713 0.15013292369755504 0.3590452333831333 0.485155271693984 0.5006806975767457 0.4900580377622248 0.39418172353885605 0.45982431367474197 0.17954952010699765 -0.33714754830700766 -0.32652488849248673 -0.023642895832300503 -0.4757868776811396 -0.5550482624510269 -0.37228403846273084 -0.020646761012820036 0.3563214744563328 0.6041835367951545 0.42169168869953877 -0.0187401297640597 0.4421198806505404 0.7428228661692868 0.6812659144236015 0.23320757096496214 -0.3001044269025246 -0.41722606075493474 0.20569760580427987 0.41297566013377773 0.22830480489672178 -0.8274241551310504 -1.1477382049227587 -1.8136972625254169 -2.686661998564893 -3.22487676250062 -3.398652582030475 -3.418263646303437 -3.311764672265548 -3.282348075856105 -3.282348075856105 -3.175031974140176 -2.8146786681245044 -2.5314077397372796
-0.42403545807193543 -0.0704915493732643 0.17355725046803716 0.32390874322741015 0.42741158244581934 0.4099795253142977 0.17355725046803716 0.07196104249838786 0.04063781484018536 -0.2268353117715982 -0.45917194822765817 -0.3450464491947285 -0.17018112609415326 -0.35675861257996955 -0.48559240981762075 -0.5335305669293047 -0.18870268679639457 0.24083409596000305 0.45982431367474197 0.8269870170074145 0.7322002063547659 0.7234841777890049 0.5856619760929132 0.6295144948143969 0.011493594323422673 -0.5335305669293047 -0.33605804473628753 0.28495899057416674 0.6120824376828753 0.2645307986231651 -0.6846991873667179 -0.981588910387944 -1.5031887448701895 -2.3527291541391837 -2.9328898055476347 -3.3771348865087534 -3.4005592132792355 -3.3283796017190292 -3.303048643699787 -3.2962392463827865 -3.050011439400045 -2.7043664315890945 -2.4063872049971486
