static/data/ASCData/20210122/ASCU/18.asc
ncols 97
nrows 97
xllcorner 99.0
yllcorner 2.0
cellsize 0.25
NODATA_value -32767
[rows 0 to 18 of 97, columns 43 to 85 of 97]
-0.8616561872185338 -1.4465848324240027 -0.5568775773483159 0.15211751207705015 -0.510083285731878 -0.9817204880764985 -0.9749476300793825 -1.277571239677791 -0.9447776262740477 -0.25425396774990716 -0.08739537527550523 -1.0706912135840672 -1.0432919244139163 -0.5307097169049131 0.14626822562499564 0.7478211586415675 1.1880569284541047 1.4614341057922395 -0.20345753277153777 -0.7074197391933021 -0.2865789718270517 0.3737746828917543 0.6957932949364491 0.9479283267381753 0.24662966685498633 0.06899607302153621 0.330674677455562 0.6511540035918215 0.7330440139205869 0.8170890245211622 0.9196054660229631 0.92945689583695 0.9682469007295231 0.8561868865954225 0.6332982870539703 1.09231334494942 0.8940533199429348 -0.12033609371602338 -0.734819028363453 -1.2766476681327297 -2.3205913712336486 -3.439960083847904 -3.5003000914585733
-0.48853328301378207 -0.48483899683353693 -0.4876097114687208 -1.236626234513408 -1.9406956090317806 -1.6780934330526938 -0.6655511624838581 -0.2893496864622356 -0.4349661334002284 -0.7326640280916434 -1.3508412489193182 -1.2895776697635875 -0.9133761937419647 -0.10401966308660793 0.7348911570107095 1.3718476659212966 1.59042626491913 0.8845097473106347 -0.4759111385646113 -0.7600633172617943 -0.3041268311832157 0.23800966576774796 0.425494689415185 0.6099011412457513 0.22046180641158397 0.4174904026913211 0.7028740101152522 0.7321204423755256 0.5153889864678152 0.7231925841066 0.7595197315456765 0.5766525656235459 0.49968827020177375 0.43719326231929445 0.41379611651107595 1.0562940546920303 0.4408875484995396 -0.27395682737788096 -0.8059340373331707 -1.336371961380025 -2.2513235053540535 -2.730964994422538 -2.9184500180699753
0.3374475354526778 0.24293538067474163 -0.5765804369762892 -1.5090798403064818 -1.5500248454708647 -0.9632490571752732 -0.31674897563238646 -0.6292240150447816 -0.806857608878232 -1.0522197826828419 -1.3012762426676967 -0.6107525841435564 -0.15758681270016117 0.553255419815327 1.1363369219306736 1.6169019825442197 1.4235676724447277 0.5230854160099923 -0.5199347155458649 -0.3977154144160906 0.024048924495221335 0.21153394814265836 0.172436086068398 0.39409325688310215 0.38824397043104764 0.5563339916321981 0.777067590901841 0.7595197315456765 0.4762911243935548 0.850337600143368 0.8404861703293811 0.5163125580128765 0.43134397586723994 0.5631068496293139 0.7447425868246964 0.6970247236631977 0.06899607302153621 -0.6741711635710965 -1.5989741373591118 -2.2894977958832525 -2.4064835249243464 -2.1928306408335065 -2.244550647356937
0.08839107546782277 0.5015354132918963 -0.3099761176352702 -1.2806498114946618 -1.3342169611082153 -0.40941398732020007 -0.25825611111183955 -0.631379015316591 -0.8705840454874594 -1.0472940677758484 -0.3469189794377212 -0.20438110431659862 0.07484535947359072 1.2302333623452357 1.7828370034735608 1.7252677104980751 1.2856476550489115 0.269103241118144 -0.5824297234283442 -0.41926541713418697 0.14626822562499564 0.359921109715835 0.10901750664085785 0.22815823595376106 0.5514082767252044 0.6373004304159022 0.8404861703293811 0.7995411651649982 0.6080539981556288 0.8355604554223879 0.6948697233913879 0.577883994350294 0.7447425868246964 0.8940533199429348 0.8090847377972978 0.5083082712890121 -0.30905254609020893 -1.6349934276165012 -2.51392568133314 -2.6927907038933387 -2.4360378143663066 -1.8646548851550695 -1.8237098799906868
-0.4583632792084473 0.053295356755494794 0.43042040432217865 -0.46328899411544056 -1.1713605119957453 -0.4592868507535086 -0.2093068192235923 -0.2798061138299355 -0.5168561437289942 -0.5168561437289942 -0.07169465900946337 -0.27580397046800353 -0.20438110431659862 1.030741908612002 1.5876555502839462 1.5026869681383097 1.0328969088838118 0.14626822562499564 -0.6076740123266853 -0.35677040925170767 0.22815823595376106 0.7136490114743004 0.47906183902873867 0.17058894297827543 0.6530011466819441 0.7456661583697577 0.947004755193114 0.9196054660229631 0.7262711559234711 0.78876616380595 0.7087232965673071 0.3971718286999728 0.5698797076264297 0.8081611662522366 0.7613668746357991 0.10501536327892547 -1.1655112255436906 -2.4086385251961557 -2.80792928984431 -2.945541450058439 -2.263945649803224 -1.6974884354989803 -1.7396648693901113
-0.7551376023548009 -0.6215275855026046 -0.24347896639085898 -0.10771394926685307 -1.0940883593922859 -0.6489268746727552 -0.10771394926685307 -0.10494323463166921 -0.2798061138299355 -0.2785746851031874 -0.22316039239951113 -0.06184322919547647 0.01727606649810509 0.5720347078982395 1.1295640639335578 0.9753276159083262 0.6080539981556288 0.14011108199125388 -0.47314042392942746 -0.21115396231371486 0.5212382729198697 1.0073447628037835 0.832789740787204 0.3229782479133845 0.6157504276978063 0.6391475735060248 0.8414097418744424 1.1363369219306736 0.9771747589984487 0.8121633096141689 0.9839476169955645 0.5883511385276554 0.4224161175983143 0.6606975762241212 -0.09817037663455297 -1.1088655041132662 -2.28549565252132 -2.7611349982278726 -3.1613493344210886 -2.775604285767166 -2.1174056313201697 -1.457359833783051 -1.7248877246691312
-1.0472940677758484 -1.0540669257729645 0.22723466440869977 0.5240089875550535 -0.8616561872185338 -0.4768347101096726 0.05237178521043351 -0.059072514560293055 -0.25733253956677826 -0.42111256022430954 -0.3724711255177495 0.47228898103162287 0.7955390218030662 0.8952847486696829 0.2798782424771922 0.10901750664085785 0.2632539546660895 0.09824250528180967 -0.3558468377066464 0.009271779774240763 0.7281182990135937 1.1040119178535295 1.0024190478967898 0.7271947274685324 0.6062068550655062 0.6413025737778346 0.7478211586415675 1.055370483146969 1.2203819325312488 1.0670690560510785 1.256401222788638 0.9362297538340658 0.7407404434627645 -0.053223228108238096 -1.1331862214665462 -2.620444266196873 -2.9162950177981655 -3.12625361570876 -2.7562092833208793 -2.3430649454968058 -1.7990813054557195 -1.0580690691348966 -1.4016376838976878
-1.0559140688630868 -1.2612548090483753 0.02497249604028262 0.8823547470388253 0.08562036083263891 -0.13511323843700396 0.20260608987373274 0.09424036191987728 -0.023668938666277395 -0.1917589598674283 -0.3832461268767977 0.41287254496601467 0.9704019010013325 0.850337600143368 0.12564179445196055 -0.401717557778023 -0.2610268257470234 -0.024900367393025924 0.09731893373674838 0.33159824900062285 0.3229782479133845 0.5640304211743752 1.0211983359797023 1.1812840704569885 0.9537776131902298 0.7964625933481275 0.83740759851251 1.0473661964231047 1.2819533688686668 1.384469810370467 1.0904662018592974 0.8297111689703329 0.5523318482702657 -0.2668761121990779 -1.844952025527096 -3.250320059928657 -3.0354357471110687 -2.7161878497015577 -2.3138185132365323 -1.7495162992040982 -1.1664347970887519 -0.6359968730418974 -0.6947975947441316
-0.9250747666460741 -1.0571454975898353 -0.19668467477442153 0.5240089875550535 0.09239321882975515 -0.3373754068054211 0.23800966576774796 0.6646997195860531 0.5387861322760341 0.14719179717005693 -0.3693925537008784 -0.2865789718270517 0.6687018629479855 0.7370461572825193 0.31497396118952015 -0.21423253413058552 -0.3459954078926599 0.09824250528180967 0.36669396771295126 0.11671393618303494 -0.057841085833544525 0.08469678928757762 0.6314511439638477 1.1714326406430016 1.1569633531037087 0.995646189899674 1.0014954763517285 1.2114540742623232 1.403864812816754 0.9694783294562712 0.7007190098434428 0.49753326992996394 0.04159678385138532 -0.9964976327974788 -2.4563563883576545 -3.0619114647361587 -2.7297335656957897 -2.3627678051247796 -1.7990813054557195 -1.1624326537268197 -0.6624725906669873 -0.25917968265690083 0.16843394270646606
-0.2668761121990779 0.19583323187661694 0.47413612412174544 0.30050467365022726 -0.13696038152712653 -0.2348589653036206 0.3032753882854107 0.5397097038210954 0.939924040014311 1.2019105016300236 0.8657304592277226 0.0024989217771249628 0.26633252648296013 0.21738323459471287 0.028974639402214564 -0.2025339612264765 -0.28257682846511933 0.2349310939508773 0.4291889755954301 -0.06276680074053775 -0.4251147035862415 -0.36077255261364005 0.06591750120466511 0.535707560459163 0.8737347459515865 0.9097540362089762 0.8161654529761009 0.771218304449786 0.881431175493764 1.1070904896704001 0.7622904461808604 0.16381608498115963 -0.7505197446294947 -1.7639855867433916 -2.5179278246950725 -2.686017845896223 -2.3205913712336486 -1.8157055932668225 -1.318824102023861 -0.8431847563173085 -0.3890954133288522 -0.021821795576155267 0.5258561306451761
0.6696254344930468 0.802311879800182 0.7681397326329154 0.37654539752693816 0.03297678276414695 0.3962482571549115 0.49876469865671247 0.29834967337841745 0.25155538176198 0.5095397000157607 0.7866111635341406 0.5329368458239792 0.4233396891433756 -0.057841085833544525 -0.14773538288617427 0.010503208500989292 0.06714892993141364 -0.24748110975279136 -0.09108966145574993 -0.2514832531147233 -0.3752418401529334 -0.2631818260188328 0.15889037007416595 0.359921109715835 0.7204218694714166 0.92945689583695 0.8774290321318317 0.9430026118311816 1.254554079698516 1.3598412358354999 0.6354532873257797 -0.27488039892294225 -1.270798381680675 -2.0678406250685484 -2.302119940332423 -2.142957777400198 -1.613751282080092 -1.1596619390916358 -0.7209654551875342 -0.20653610458840843 0.3746982544368156 0.5649539927194365 1.3062740862219466
1.6538448443466702 1.4254148155348503 1.3718476659212966 1.2613269376956318 1.345371948296207 1.2779512255067345 1.5414769730308828 1.558101260841985 1.2810297973236056 0.8404861703293811 0.8395625987843198 0.850337600143368 0.794615450258005 0.10409179173386418 -0.0861639465487567 0.11979250799990604 0.10132107709868032 -0.6526211608530004 -0.44574113475927657 -0.2699546840159486 -0.2844239715552419 0.04652249875837855 0.5554104200871368 0.2888061007461178 0.30912467473746563 0.5378625607309728 0.4781382674836774 0.5230854160099923 0.8962083202147442 0.9870261888124356 0.293731815653111 -0.5365590033569676 -1.3754698234542853 -1.7464377273872276 -1.8745063149690564 -1.4875298375883856 -0.9183019086489581 -0.4660597087506244 0.022201781405098764 0.5720347078982395 1.0913897734043587 1.2154562176242556 1.9496955959479623
1.4977612532313165 1.1677383544627569 1.0710711994130109 1.1822076420020498 1.2819533688686668 1.324745517123172 1.7388134264923067 1.7797584316566892 1.937073451498792 1.6667748459775282 1.4771348220582814 1.2788747970517957 1.0698397706862623 0.5338604173690404 0.30142824519528855 0.3639232530777674 0.2614068115759669 -0.5531832911680707 -0.46821470902243423 -0.10986894953866244 0.14626822562499564 0.456588264765581 0.31712896146132996 -0.2327039650318108 -0.4057197011399549 -0.3918661279640361 -0.44574113475927657 -0.44081541985228334 -0.11356323571890758 -0.036598940297135396 -0.18683324496043463 -0.8108597522401642 -1.0405212097787324 -1.3422212478320796 -1.2455540927823336 -0.8471868996792407 -0.25825611111183955 0.348222536811726 0.7964625933481275 1.1588104961938313 1.6042798380950485 1.878580586978245 1.696944849782863
1.0602961980539627 0.9673233291844618 0.5366311320042243 0.3023518167403494 0.16966537143321414 0.7428954437345738 1.511306969225548 1.946001309767718 1.9986448878362095 2.000492030926332 1.6196726971794035 1.2985776566797695 1.099394060128223 0.8121633096141689 0.6530011466819441 0.7173432976545455 0.6215997141498608 -0.15358466933822923 -0.06184322919547647 0.6237547144216706 1.2397769349775354 0.8189361676112847 -0.07169465900946337 -0.8976754774759232 -1.3372955329250862 -1.5149291267585365 -1.842181310891912 -1.6457684289755492 -1.2514033792343884 -1.0706912135840672 -0.9321554818248772 -1.0334404945999294 -1.1350333645566688 -1.174131226630929 -1.156583367274765 -0.7631418890786652 -0.01781965221422288 0.729041870558655 1.2644055095125024 1.5476341166646241 1.783760575018622 2.1011613293380105 1.3152019444908722
0.7145725830193617 0.8404861703293811 0.4341146905024238 0.09916607682687095 -0.3860168415119811 -0.2884261149171743 0.8472590283264969 1.6753948470647666 1.571031262472843 1.4614341057922395 1.341369804934275 1.0544469116019077 1.1772819270950565 1.096315488311352 0.9390004684692497 0.9907204749926803 1.0085761915305316 0.46336112276269725 0.6840947220323401 1.4771348220582814 2.0103434607403194 1.468514820971043 0.3562268235355903 -0.39494469978090674 -1.149810509277649 -1.6223712831673305 -2.374466378028889 -2.1860577828363903 -1.7338155829380568 -1.4749076931392149 -1.1575069388198262 -0.9681747720822664 -1.0208183501507588 -1.0306697799647455 -1.0432919244139163 -0.7249675985494664 0.13549322426594745 0.9978011901714834 1.459586962702117 1.638451985262316 1.7184948525009585 1.9518505962197725 1.238853363432474
0.5729582794433008 0.8638833161376 0.6489990033200117 0.601281140158513 -0.21023039076865357 -0.3918661279640361 0.0896225041945713 0.9897969034476191 0.8454118852363743 0.6616211477691825 1.0190433357078925 1.0639904842342078 1.1979083582680916 1.59042626491913 1.4722091071512873 1.6245984120863968 1.7575927145752193 1.2927283702277146 1.2348512200705422 2.0300463203682932 2.632522824929926 2.21753134401573 1.6938662779659914 1.4780583936033427 0.577883994350294 -0.5082361426417554 -1.3166691017520513 -1.7504398707491595 -1.4105655421666135 -1.1790569415379224 -0.862579758763595 -0.6440011597657618 -0.5365590033569676 -0.5276311450880424 -0.5199347155458649 -0.34106969298566625 0.44581326340653327 1.04367191024286 1.5103833976804868 1.6713927037028347 1.712645566048904 1.7221891386812036 1.7184948525009585
0.41964540296313046 0.5689561360813689 0.7496683017316901 1.0532154828751596 0.14719179717005693 -0.3139782609972026 0.010503208500989292 0.7339675854656482 0.7819933058088342 0.662852576495931 1.3269005173949817 1.2945755133178372 1.6744712755197053 2.1402591914122704 2.5269278116112543 2.8560271388347527 2.819084277032302 2.323742071697776 2.0583691810835054 2.0854606130719686 2.5124585240719615 2.888352142911897 2.896048572454074 2.794455702497335 2.170429195217605 1.0855404869523038 0.15396465516717273 -0.4943825694658366 -0.7366661714535756 -0.6107525841435564 -0.28072968537499676 -0.011046794217107081 0.1031682201888029 0.08069464592564568 0.1284125090871444 0.19490966033155566 0.7105704396574297 1.27210193905468 1.5377826868506377 1.6910955633308076 1.6101291245471039 1.529778400126773 1.7585162861202805
0.40394468669708905 0.566185421446185 0.7878425922608887 1.0590647693272142 0.6345297157807184 -0.01905108094097141 0.3032753882854107 1.1735876409148114 1.6470719863495544 1.6470719863495544 1.9109055910553892 2.2400049182788875 2.702714262354582 3.070911451652341 3.405860065327893 3.6090458052413723 3.4683550732103727 2.940995720980389 2.565102102140454 2.4752078050878232 2.6617692571901994 3.0610600218383537 3.1558800337979775 3.0318135895780802 2.6420663975622256 2.027891320096483 1.2379297918874128 0.5095397000157607 0.007424636684118191 0.05822107166248802 0.26417752621115076 0.5387861322760341 0.6520775751368828 0.6099011412457513 0.6840947220323401 0.8229383109732171 1.1588104961938313 1.4223362437179796 1.5553305462068021 1.4448098179811364 1.3462955198412683 1.27210193905468 0.8940533199429348
0.32482539100350705 0.444889691861472 0.6489990033200117 0.9146797511159694 1.1237147774815028 1.0153490495276478 1.4029412412716926 2.269251350539161 2.9585435803365527 2.864954997103678 2.777831414686232 2.9899450128686365 3.2583964752997776 3.440955784040222 3.512378650191626 3.5151493648268097 3.480977217659543 3.194054324327176 2.8834264280049036 2.7418121244288427 2.781833558048164 2.898203572725884 3.110009313726601 3.077684309649457 2.8237021347576086 2.283720638078454 1.594428408281062 0.9663997576394006 0.5378625607309728 0.649922574865073 0.8315583120604555 1.0698397706862623 1.1920590718160367 1.1735876409148114 1.1979083582680916 1.3989390979097607 1.5513284028448693 1.5661055475658499 1.376465523646603 1.0886190587691749 0.8364840269674492 0.4704418379415003 -0.5775040085213505
