static/data/ASCData/20210122/ASCU/21.asc
ncols 97
nrows 97
xllcorner 99.0
yllcorner 2.0
cellsize 0.25
NODATA_value -32767
[rows 57 to 75 of 97, columns 43 to 85 of 97]
-0.5858847495701265 -1.3194046370933972 -1.6268037510178703 -1.5760059748735995 -1.4453831219311888 -1.4375457507546443 -1.5135972784677811 -1.494148987029689 -1.3681705021918973 -1.02622890048932 -0.502866669700061 -0.053524055578168195 -0.5165095010073795 -1.1434991951309508 -1.4979225361146917 -1.9844200950735371 -2.250890715076055 -2.3231686937041887 -2.196319389846781 -1.7568460579472038 -1.233483827157945 -0.8506137315334121 -0.6953176730352127 -0.7371169859767842 -0.7527917283298735 -0.7197006055844628 -0.43755524322885564 0.10061091089387642 1.0939251392692753 1.829186664831778 2.5528372701327333 3.035271007000037 2.8358534515079565 2.4210533251641677 2.066339711173888 2.1093001161416143 2.518585055361168 3.1055170745823997 3.1621203108574445 2.708133328630933 2.326134052026016 1.9336849471857067 1.493340796266513
-1.1063442502939984 -1.6590240547436652 -1.7675861591891353 -1.6503158645475042 -1.5321747508862573 -1.4970517170950757 -1.5106945484023941 -1.4883435268989151 -1.2657041308837396 -0.9237625291811622 -0.35540798237840626 -0.2059173840109807 -0.9063461487888407 -1.3347891064399477 -1.679633438207912 -1.9696161717400638 -2.230281331611808 -2.1678726352059896 -2.0059002975574 -1.6308675731094122 -1.237257376242948 -0.9815268574823616 -0.6581627281982604 -0.6953176730352127 -0.7313115258460103 -0.6982204031005996 -0.47151718499388245 0.09480545076310265 1.3290462745656142 2.046891419735796 2.6123432364731647 3.2120472679820993 3.0869396021639237 2.56241627934851 2.205961027318998 2.2872374691498316 2.6651729236632065 2.791151408500998 2.566480101440052 2.02163766816693 1.7197537413666915 1.4405111090764713 1.665182416137418
-1.5086626373566234 -2.0262194080151086 -1.9472651502365848 -1.8270921255295667 -1.678762619188296 -1.537109391997415 -1.5466884012131918 -1.373975962322671 -1.1484338362421085 -0.7696275627091175 -0.218689396298683 -0.5252176912035402 -1.1728167687913587 -1.4657022323888973 -1.679633438207912 -1.9588760704981323 -1.8262213065099506 -1.7568460579472038 -1.5458175821935758 -1.205037072517153 -0.9794949464365907 -0.9452427316650253 -0.5673072771516503 -0.6160731422501503 -0.6523572680674866 -0.37979091492765626 -0.1414767765593914 0.5450188839046116 1.7656168763998048 2.355451625686424 2.6454343592185756 3.2352691085051943 3.4892579892265485 2.9696693075222926 2.5908630339893017 2.6669145617024386 2.5020394939884625 2.397541211634534 1.7969663611059832 1.169105847962796 1.079992034955418 1.3917452439779714 1.6268663792743108
-1.9336223189292663 -2.201254030957939 -2.0889183774274658 -2.0166403987993315 -1.7879052696468436 -1.6317383921290283 -1.4776034256569837 -1.303729894740308 -0.9432108206192544 -0.5379897034912425 -0.25671516015525153 -0.7771746608791235 -1.2030051614713824 -1.39632698382615 -1.6151928307563228 -1.4297083795780996 -1.2967633425833793 -1.1443700141505668 -0.9246333482007782 -0.6387144367601681 -0.47441991505926934 -0.5644045470862633 -0.25090970002447766 -0.3318958688487723 -0.49125574943851336 -0.218689396298683 0.5322468716169092 1.2579293879636353 2.2001555671882245 2.697393227389001 2.870105666279522 3.126997277066263 3.490419081252704 3.4483294953045935 3.069523221771602 2.600732316211617 2.3145231317644686 1.8271547537860071 1.056770194432323 0.5850765588069508 1.0204860686149866 1.4178698145664534 2.0799825424812064
-2.2137357702391025 -2.2674362764487603 -2.1913847487356235 -2.0996584786693973 -1.8378322267714986 -1.661926784809052 -1.4755715146112127 -1.161205848529811 -0.8047505965002991 -0.5449562556481711 -0.42855678002615627 -0.9266652592465491 -1.0398717317966384 -1.301697983694537 -1.235225465197177 -0.9493065537565669 -0.7263768847348526 -0.6035914029689866 -0.3934337462349747 -0.08777627034973368 0.016722012004194875 -0.12289930414091521 0.14560322690737348 0.10061091089387642 -0.10838565381398069 0.10467473298541807 0.9110531451499001 1.736299302739397 2.544999898956189 3.12990000713165 3.3380257528198913 3.3066762681137125 3.3554421332122124 3.418141102624569 3.1133544457589446 2.5801229327473703 1.8680832477079625 1.3037925229967482 0.45909807396915914 0.538052331747683 1.0956667773085074 1.7627141463344178 2.4454362577134177
-2.4627900098492987 -2.2889164789326233 -2.2334743346837334 -2.0889183774274658 -1.896467374092314 -1.7167883830448645 -1.425644557486558 -1.0506118330385699 -0.6961884920548288 -0.48632110832735564 -0.832907078134552 -1.2030051614713824 -1.0860251398362901 -0.8886394953899805 -0.6630973693094181 -0.3562788013980223 -0.1885010036186593 -0.1336394053828468 0.12412302442351042 0.27245253076478126 0.2811607209609418 0.277387171875939 0.512798580178817 0.5714337274996323 0.5438577918784567 0.6991538503766562 1.1778140381589566 1.965034431891885 2.7792502152329117 3.5917243605347067 3.8291676798833554 3.4854844401415455 3.4004344492257093 3.270682415302915 2.954284838175742 2.2724335458163583 1.517723728815763 0.7821719302467217 0.007723548801495506 0.40539756775950153 1.3223699954152246 2.0352804994742484 2.7177123378467094
-2.454081819653138 -2.2595989052722154 -2.147553524748281 -2.086015647362079 -1.9365250489946533 -1.6834069872929152 -1.3574304009499656 -1.0224553514043169 -0.7626610105521889 -0.7998159553891413 -1.2665749499033556 -1.395456164806534 -0.9423400015996384 -0.3368305099599301 -0.009692831590825901 0.18566090180971273 0.32615303697443887 0.3984310156025729 0.39465746651756983 0.3087366565821176 0.3868200953410251 0.8262934272406025 0.9833311237780341 1.2509628358067064 1.518594547835379 1.6553131339151026 1.7714223365305788 2.1719990855539715 3.009726982424632 3.8370050510598994 4.052677894918148 3.857324161517608 3.5957881826262477 3.226560918309034 2.610311325427394 1.7899998089490547 1.0402246330596174 0.6747709178274061 0.441391420570299 1.2988578818855907 1.7627141463344178 2.2178622205870844 2.8262744422921795
-2.3847065710903914 -2.1649699051406026 -2.0476996104989715 -2.038991420302811 -1.8828245427849954 -1.6474131344821175 -1.425644557486558 -1.3202754561130132 -1.2450947474194924 -1.2401601063083347 -1.3797814224534448 -1.2979244346095342 -0.668902829440192 0.07245442925962342 0.372016172007552 0.5723045465192483 0.7667874609001711 0.7969758535801948 0.6358743349512216 0.6622891785462425 0.8895729426660371 1.383907872801427 1.5743269650908078 1.9180102048326173 2.4132159539876232 2.680847666016296 2.676783843924754 2.7812821262786827 3.179826964256305 3.5644386979200697 4.092735569820486 4.068352637271237 3.651520599881677 3.174892323145147 2.2753362758817453 1.1307898110996888 0.5868181968461829 1.2704111272447989 2.1728699045735875 2.1737407235932036 2.1484869720243376 2.3809956502618284 2.8358534515079565
-2.383835752070775 -2.118235951087873 -2.032315141152421 -1.9989337454004716 -1.8154812052680191 -1.6268037510178703 -1.6024208184686204 -1.5995180884032334 -1.6239010209524836 -1.585875257095915 -1.4160655482707811 -1.1278244527778616 -0.3388624210057009 0.3955282855371859 0.7168605037755164 0.9023449549537396 1.084926676066576 1.1601073847600967 1.0939251392692753 1.361266578291409 1.6376064805162422 2.020476576140775 2.2227968616982423 2.3926065705233763 2.8036331477821617 3.121191816935489 3.1554440317070545 3.189405973472081 3.2558784919694417 3.488387170206933 3.965886265963078 4.048033526813528 3.628008486352043 2.8808457675214534 1.856472327446415 0.8788328414241054 0.7342768841678377 2.0939156467950637 2.7325162611801828 2.375190190131055 2.2227968616982423 2.443404346667647 2.7412244513763433
-2.396317491351939 -2.089789196447082 -1.9402985980796563 -1.870923349516909 -1.8241893954641801 -1.845669597948043 -1.844798778928427 -1.8514750580788166 -1.8163520242876352 -1.633770303174799 -1.4090989961138525 -0.9002504156515282 -0.04191313531662055 0.6347132429250669 0.978686755673415 1.1621392958058676 1.351687569075632 1.4492192992726323 1.709884459144376 2.0312166773827065 2.3058149415683076 2.483462021569986 2.6701075647743644 2.839046454579882 3.2442675717078937 3.5342503052400454 3.537153035305433 3.3673433264802983 3.3751806976568433 3.3145136392902574 3.7011572839997924 3.991140017531944 3.3087081791594835 2.304653849542153 1.2451573756759329 0.5966874790684985 1.8172854715636917 2.843690822684501 2.794924957586001 2.323231321960629 2.1972528371228375 2.346743435490263 2.6210514266693257
-2.4433417184112067 -2.133620420434424 -1.9121421164454033 -1.7928399107580013 -1.9481359692562008 -2.0000948374266265 -2.0262194080151086 -2.0244777699758765 -1.863376251346903 -1.705177462783317 -1.2686068609491263 -0.666000099374805 0.08899999063232888 0.7392115252789954 1.1386271822762337 1.4376083790110847 1.6251247412350787 1.8634388796033434 2.179836456730516 2.485493932615757 2.651530092355888 2.7325162611801828 2.8779430374560664 3.1133544457589446 3.54876395556698 3.8349731400141294 3.7304748576602003 3.5458612255015933 3.3281564705975755 3.295936166871781 3.630040397397814 3.3476047620356675 2.4181505950987807 1.52062645888115 0.5694018164538616 1.8085772813675312 2.938610095822653 3.0448500162158134 2.7139387887617064 2.249211705293263 2.0878199136577513 2.236439693005561 2.4326642454257152
-2.5487108197847514 -2.193416659781394 -1.8572805182095906 -1.7617806990583613 -1.9687453527204477 -2.147553524748281 -2.172807276317147 -2.056698073701671 -1.89733819311193 -1.6416076743513437 -1.0848640478101355 -0.37108272473149556 0.21875202455512344 0.8651900101167872 1.381875961755656 1.6796960664643525 1.855601508426799 2.095657284834296 2.4776565614392125 2.7510937335986587 2.819307890135251 2.8886831386979983 3.0187254456273314 3.2988388969371676 3.7296040386405847 3.930763232171897 3.8291676798833554 3.5165436518411854 3.2753267834075337 3.3417993019048935 3.006824252359245 2.462852638105739 1.9833216313038227 1.1319509031258437 1.871276250779888 3.0791022309873792 3.033239095954266 2.8535601049068164 2.516553144315397 2.21002484941054 1.990288183460751 2.038183229539635 2.237310512025177
-2.700233329197948 -2.202124849977555 -1.7957426408233883 -1.7577168769668199 -1.9658426226550607 -2.1521978928529 -2.1443605216763557 -2.0282513190608795 -1.8143201132418645 -1.542044033108573 -0.8241988879383914 -0.05961978871548068 0.49509192677995684 1.0683811146938704 1.5900017074438972 1.820478474635617 1.996093643591525 2.261693444574427 2.6436927211793435 2.8849095896129953 2.9746039486334506 3.06342748863429 3.1348346482428076 3.3809861577876172 3.4132064615134117 3.614365655044724 3.7374414098171287 3.4074010013826377 3.321189918440647 3.327285651577959 2.347614254509879 2.355451625686424 2.3740290981049 3.0224989947123344 3.7626951613859947 3.2538465809236707 2.9072606111164743 2.542967987910418 2.2695308157509713 2.131941410651632 1.826283934766391 1.854440416400644 2.0585023399973434
-2.7510311053422187 -2.2616308163179863 -1.7969037328495432 -1.7449448646791175 -1.9150448465107899 -2.0488607025251264 -2.041894150368198 -1.8328975856603407 -1.6221593829132512 -1.162076667549427 -0.454100804601561 0.2509723282809181 0.8602553690056293 1.38768142188643 1.6944999897978255 1.9159782937868464 2.1220721284293167 2.4132159539876232 2.6895558562124564 2.940351733861885 3.12322372798126 3.2169819090932568 3.2587812220348282 3.122062635955105 3.0869396021639237 3.214949998047486 3.3917262590295487 3.51770474386734 3.5731468881162303 3.585048081384316 2.7560283747098167 3.6660342502086114 4.327276159103748 4.736270825316764 4.112474134265118 3.313642820270641 2.7754766661479087 2.4074104938568492 2.1084292971219982 2.0361513184938644 1.6680851462028046 1.6007418086858287 1.8114800114329177
-2.7968942403753316 -2.3057523133118676 -1.7655542481433644 -1.6511866835671203 -1.7969037328495432 -1.9170767575565608 -1.7411713155941144 -1.4569940421927365 -1.016649891273543 -0.48632110832735564 0.11338292318157883 0.7032176724681979 1.2910205107090458 1.6982735388828285 1.9267183950287778 2.098560014899683 2.299719208430995 2.48926748170076 2.709004147650549 2.9940522400715426 3.232366378439808 3.379825065761463 3.3322202926891173 3.0918742432750816 2.961831936345748 3.060524758568903 3.3925970780491643 3.6817089925617004 4.108410312173576 4.580974766818564 4.672991309891329 5.126107473098225 5.132783752248614 4.561526475380472 3.841939692171058 3.214949998047486 2.697393227389001 2.3145231317644686 2.0585023399973434 1.8828871710414359 1.4640232226061052 1.3691039494679536 1.4765049618872692
-2.8221479919441976 -2.2773055586710758 -1.8143201132418645 -1.634641122194415 -1.728399303306412 -1.7353658554633407 -1.403293535983079 -0.8271016180037782 -0.2529416110702485 0.24719877919591504 0.8056840437763556 1.220774443126683 1.6094499988819893 1.9493596895387957 2.184480824835135 2.3917357515037603 2.517714236341552 2.59782958614623 2.7853459483702245 3.1368665592885785 3.449200314324209 3.4132064615134117 3.2079834458905574 3.091003424255465 3.129029188112034 3.329027289617192 3.668936980273998 4.170819008579394 4.7324972762317605 5.284306261661811 5.5519379736904835 5.3615188814011026 4.8700866813311 4.333952438254138 3.657326060012451 3.003921522293858 2.6593674635324325 2.4091521318960814 2.067500803200043 1.5966779865942868 1.2451573756759329 1.0918932282235043 1.1200497098577573
-2.8955870625984863 -2.418958785861957 -2.006771116577016 -1.6201274718674805 -1.4883435268989151 -1.3124380849364687 -0.9452427316650253 -0.3818228259734271 0.19727182207126026 0.6974122123374241 1.2001650596624356 1.521497277900766 1.7656168763998048 2.0254112172519325 2.328165963071787 2.5566108192177364 2.6454343592185756 2.6982640464086174 2.873008396344909 3.169957682033989 3.3690849645195304 3.2236581882436472 3.2169819090932568 3.3397673908591234 3.555730507723909 3.8915763762891733 4.272414560867936 4.7519455676698525 5.3487468691134 5.74119597395371 5.81637668264723 5.418122117676147 4.706082432636739 3.9745944561592395 3.195501706609394 2.650369000329733 2.564448190394281 2.3566127177125784 2.017573846075388 1.4425430201222422 1.021647160641141 0.8077159548221263 0.7813011112271057
-2.841886556388829 -2.366129098671915 -1.9121421164454033 -1.4482858519965758 -1.00184596794007 -0.7440835381337128 -0.45003698251001933 -0.0009846413946652532 0.43065131932836753 0.8701246512279449 1.2199036241070669 1.5322373791426975 1.739202032804784 1.9063992845710698 2.2422451531363343 2.512779595230394 2.649498181310117 2.7821529452982987 2.940351733861885 3.0283044548431084 3.099711614451626 3.1113225347131737 3.3769223356960754 3.5615359678546823 3.9179912198841946 4.309569505704888 4.7597829388463975 5.249183227870629 5.723779593561388 5.980380931341591 5.841920707222635 5.2413458566940845 4.317406876881433 3.3673433264802983 2.6465954512447305 2.2695308157509713 2.157195162220498 2.134844140717019 1.9737426220880456 1.4619913115603347 0.9151169672414418 0.6260050527289062 0.5723045465192483
-2.5722229333143853 -2.0712117240286054 -1.5693296957232097 -1.1191162625817008 -0.6639681883290343 -0.33770132897954613 -0.05265323655855214 0.23355594788859657 0.6210704116177485 0.9345652586795342 1.2979870628659747 1.5557494926723314 1.7032081799939864 1.8585042384921855 2.0947864658146798 2.3632889968629684 2.5870894849042987 2.7490618225528882 2.8593655650375904 2.960090298306516 3.0224989947123344 3.2558784919694417 3.4698096977884565 3.726701308575197 4.056741717009689 4.430613349431522 4.872118592376871 5.126107473098225 5.170809516105183 5.346714958067629 5.092726077346275 4.4433853617192245 3.519446381906573 2.5850575738585277 2.041956778624638 1.7432658548963258 1.854440416400644 1.9101728336560728 1.6347037504508553 1.3418182868533166 0.9746229335818734 0.6376159729904537 0.580141917695793
