static/data/precipitation/2023/7/23/0.asc
ncols 137
nrows 93
xllcorner 108.0
yllcorner 17.0
cellsize 0.25
NODATA_value -32767
[rows 0 to 19 of 93, columns 45 to 89 of 137]
0.0 0.0 0.0 0.0 0.0 0.0 0.0 0.0 0.0 0.0 0.0 0.0 0.0 0.0 0.0 0.0 0.0005522413586908637 0.0011044827173782579 0.008835861739029532 0.023194137064950354 0.04473155005383159 0.07234361798829497 0.10216465135751487 0.11873189211819568 0.0695824111948476 0.09940344456407096 0.1850008551609085 0.22586671570391445 0.36834498624574785 1.2464087465616989 2.347578015788117 3.0058497153457338 3.7121664131093186 4.769708614999283 6.066923566560394 6.671627854325154 6.053669773951851 3.832002787944891 2.3022942243755944 1.266289435474511 0.8410635892837671 0.6654508372205791 0.3164342985289559 0.0 0.0
0.0 0.0 0.0 0.0 0.0 0.0 0.0 0.0 0.0 0.0 0.0 0.0 0.0 0.0 0.0 0.0 0.0005522413586908637 0.0011044827173782579 0.0016567240760691215 0.0011044827173782579 0.0027612067934473794 0.008835861739029532 0.025955343858397734 0.038656895108249434 0.040313619184318555 0.01988068891281558 0.21040395766061537 0.3197477466810906 0.5500323932545216 1.6948287298173894 2.2768911218758876 2.502757837579802 2.617624040187172 3.716032102620144 5.254576527928469 6.7401057828026225 6.227625801938974 4.681902238967689 2.835759376869437 1.3899914998209104 0.7355854897741175 0.318091022605025 0.03202999880397989 0.0077313790216512746 0.0
0.0 0.0 0.0 0.0 0.0 0.0 0.0 0.0 0.0 0.0 0.0 0.0 0.0 0.0 0.0 0.0 0.0 0.0 0.0 0.0 0.0 0.0016567240760691215 0.0016567240760691215 0.0033134481521347736 0.0033134481521347736 0.0016567240760691215 0.0171194821193682 0.18334413108483938 0.6207192871667475 1.8489040688916998 1.9516209616079054 1.7091870051433102 1.6506494211222487 3.4802250424598222 5.267830320537011 6.623030614760496 6.373969761991633 5.156277566081778 3.438254699199438 1.422021498624887 0.6593761822749968 0.23138912929080574 0.024298619782328612 0.006074654945582153 0.0
0.0 0.0 0.0 0.0 0.0 0.0 0.0 0.0 0.0 0.0 0.0 0.0 0.0 0.0 0.0 0.0 0.0 0.0 0.0 0.0 0.0 0.0 0.0 0.0011044827173782579 0.0016567240760691215 0.0011044827173782579 0.10437361679227486 0.46995739624457533 1.0636168568355469 2.6154150747524154 2.249831295300115 1.796441139816217 2.4121902547547607 3.432180044253856 4.831559647172483 5.756563922977021 5.7576684056944005 4.688529135271961 3.187537122354506 1.261319263246307 0.5235248080374331 0.1728515452697442 0.0469405154885881 0.012149309891164306 0.0
0.0 0.0 0.0 0.0 0.0 0.0 0.0 0.0 0.0 0.0 0.0 0.0 0.0 0.0 0.0 0.0 0.0 0.0 0.0 0.0 0.0 0.0 0.0 0.0027612067934473794 0.0038656895108256373 0.038656895108249434 0.1330901674441165 0.5207636012439891 1.4159468436793048 3.4238964238735154 3.18477591556106 2.6468928321977043 2.6507585217085285 2.6562809352954213 2.5463849049162555 3.1963729840935335 4.743201029782198 4.421244317666349 2.9312971319226806 0.9802284116734659 0.40203170912579345 0.07344810070567323 0.014910516684611685 0.012149309891164306 0.0
0.0 0.0 0.0 0.0 0.0 0.0 0.0 0.0 0.0 0.0 0.0 0.0 0.0 0.0 0.0 0.0 0.0 0.0 0.0 0.0 0.0 0.0005522413586908637 0.0011044827173782579 0.008835861739029532 0.0342389642387364 0.0640599976079563 0.14910516684610645 0.42080791532123074 1.241438574333495 3.044506610453983 4.378721733047276 4.060078469083564 3.228402982897512 2.5298176641555763 2.419369392417721 3.167656433441692 4.540528451143234 4.020317091257934 2.086367853128088 0.6787046298291216 0.17009033847629682 0.04141810190169681 0.0 0.0 0.0
0.0 0.0 0.0 0.0 0.0 0.0 0.0 0.0 0.0 0.0 0.0 0.0 0.0 0.0 0.0 0.0 0.0 0.0 0.0 0.0 0.0005522413586908637 0.0011044827173782579 0.0016567240760691215 0.02374637842363775 0.04914948092334462 0.07841827293387713 0.09277654825979795 0.3650315380936131 0.8637054849900301 2.575101455568097 3.894958302835469 4.885127058965343 4.701230686521814 4.01645140174711 3.417269527569244 3.9441077837588154 4.171631223538797 2.8904312713796747 0.949855136945555 0.5075098086354466 0.1330901674441165 0.0038656895108256373 0.0 0.0 0.0
0.0 0.0 0.0 0.0 0.0 0.0 0.0 0.0 0.0 0.0 0.0 0.0 0.0 0.0 0.0 0.0 0.0 0.0 0.0 0.0 0.0005522413586908637 0.0016567240760691215 0.0016567240760691215 0.0171194821193682 0.06295551489057805 0.09056758282504143 0.08780637603159405 0.18665757923697415 0.9012578973809013 2.720340932903378 4.209735877288358 4.841499991628889 5.804056679824299 5.365577041025013 5.002202227007469 3.854644683651152 2.6838930032298847 1.1392739229759765 0.6980330773832464 0.4070018813539973 0.19438895825862543 0.0005522413586908637 0.0 0.0 0.0
0.0 0.0 0.0 0.0 0.0 0.0 0.0 0.0 0.0 0.0 0.0 0.0 0.0 0.0 0.0 0.0 0.0 0.0 0.0 0.0 0.0011044827173782579 0.0016567240760691215 0.0033134481521347736 0.005522413586894759 0.045836032771209845 0.07510482478174235 0.19162775146517805 0.24298619782328265 1.4777978758525045 3.8259281329993087 5.473816347328112 5.856519608899781 5.574324274609559 5.646667892597854 4.758663787825498 3.117954711159656 1.3126777096044115 0.9608999641193411 0.742212386078387 0.035895688314802054 0.012149309891164306 0.0 0.0 0.0 0.0
0.0 0.0077313790216512746 0.0077313790216512746 0.0 0.0 0.0 0.0 0.0 0.0 0.0 0.0 0.0 0.0 0.0 0.0 0.0 0.0 0.0 0.0 0.0 0.0016567240760691215 0.0022089654347565157 0.004970172228203895 0.005522413586894759 0.012149309891164306 0.08891085874897231 0.21813533668226318 0.4815544647770488 2.385682669537675 4.956366194236259 6.270700627916738 6.820180779812567 5.107128085158432 4.628887068533517 3.677927448870584 1.8616056201415514 1.8152173460116543 1.1425873711281147 0.2844042997249795 0.0 0.0 0.0 0.0 0.0 0.0
0.0 0.021537412988881233 0.0469405154885881 0.014910516684611685 0.014910516684611685 0.0 0.0 0.0005522413586908637 0.0 0.0 0.0 0.0 0.0 0.0 0.0 0.0 0.0 0.0 0.0 0.0 0.0016567240760691215 0.011044827173786048 0.019328447554124717 0.018776206195437323 0.07841827293387713 0.21150844037799363 0.46333049994030234 0.6759434230356742 3.797211582347467 5.722877200096975 6.086252014114519 4.171078982180108 2.4480859430695627 2.715370760675174 3.0886859191491256 2.0819499222585747 2.2299506063872996 1.2138265063990314 0.0342389642387364 0.0 0.0 0.0 0.0 0.0 0.0
0.0 0.005522413586894759 0.06682120440140368 0.22310550891046707 0.09498551369455446 0.024298619782328612 0.0027612067934473794 0.007179137662960411 0.0016567240760691215 0.0 0.0 0.0 0.0 0.0 0.0 0.0 0.0 0.0 0.0 0.0 0.0011044827173782579 0.01546275804329908 0.0342389642387364 0.054119653151548514 0.10713482358571877 0.358956883148031 0.8852428979789113 1.684888385360985 4.8586194737482575 6.213267526613054 5.623473755532905 2.5314743882316453 3.1648952266482446 2.7070871402948353 1.6915152816652548 0.6129879081450962 0.34238964238735015 0.18168740700877373 0.010492585815095185 0.0 0.0 0.0 0.0 0.0 0.0
0.0 0.0 0.03700017103218031 0.03700017103218031 0.03700017103218031 0.0005522413586908637 0.0005522413586908637 0.0016567240760691215 0.0 0.0 0.0 0.0 0.0 0.0 0.0 0.0 0.0 0.0 0.0 0.0011044827173782579 0.004970172228203895 0.029268792010532507 0.05743310130368676 0.06461223896664717 0.3230611948332289 0.7493915237413474 1.5263951154171618 3.971719851693279 6.537985445522348 6.318193384764015 4.401363628753535 3.7011215859355326 2.4392500813305364 1.464544083243962 0.6980330773832464 0.15462758043299774 0.09940344456407096 0.03368672288004554 0.053015170434170256 0.01546275804329908 0.0044179308695130315 0.0 0.0 0.0 0.0
0.0 0.0 0.0 0.0 0.0 0.0 0.0 0.0 0.0 0.0 0.0 0.0 0.0 0.0 0.0 0.0 0.0 0.0 0.0005522413586908637 0.0005522413586908637 0.0027612067934473794 0.029268792010532507 0.05688085994499589 0.1971501650520728 0.7631975577085809 1.2878268484633921 2.753475414424734 5.432398245426415 6.202774940797957 5.278322906352108 3.8463610632708134 2.607683695730766 1.678261489056712 0.6958241119484898 0.27059826575774604 0.02264189570625949 0.021537412988881233 0.03092551608659816 0.0342389642387364 0.01988068891281558 0.01270155124985517 0.005522413586894759 0.0 0.0 0.0
0.0 0.0 0.0 0.0 0.0 0.0 0.0 0.0 0.0 0.0 0.0 0.0 0.0 0.0 0.0 0.0 0.0 0.0 0.0 0.0 0.0005522413586908637 0.02540310249970687 0.2247622329865362 0.5621817031456824 1.2486177119964554 2.2398909508437073 3.7568979631631505 6.774344747041358 5.62733944504373 4.595200345653472 2.9373717868682627 1.7329333835669516 1.0050792728144853 0.4384796387992863 0.014910516684611685 0.0 0.004970172228203895 0.014910516684611685 0.01546275804329908 0.010492585815095185 0.0077313790216512746 0.004970172228203895 0.0 0.0 0.0
0.0 0.0 0.0 0.0 0.0 0.0 0.0 0.0 0.0 0.0005522413586908637 0.008283620380338669 0.0022089654347565157 0.0016567240760691215 0.0 0.0 0.0 0.0 0.0 0.0 0.0 0.0011044827173782579 0.09774672048800184 0.2993148164095877 0.9481984128694894 2.030039234541783 3.0483722999648086 5.3064872156452605 7.839618327952973 6.401581829926097 4.277661564407138 2.607683695730766 1.7428737280233593 0.783078246621393 0.21813533668226318 0.0005522413586908637 0.0 0.0 0.0033134481521347736 0.0044179308695130315 0.0016567240760691215 0.0022089654347565157 0.0 0.0 0.0 0.0
0.0 0.0 0.0 0.0 0.0 0.0 0.0005522413586908637 0.0005522413586908637 0.0005522413586908637 0.0027612067934473794 0.010492585815095185 0.0027612067934473794 0.0016567240760691215 0.0 0.0 0.0 0.0 0.013806033967233428 0.013806033967233428 0.054119653151548514 0.14137378782445517 0.23801602559507876 0.6963763533071772 1.4772456344938172 2.7148185193164847 5.498667208469129 7.76506574452992 8.713816398758098 6.432507346012696 4.301960184189467 2.6623555902410034 1.7616499342187932 0.6660030785792664 0.21868757804095404 0.0005522413586908637 0.0011044827173782579 0.018776206195437323 0.022089654347572096 0.005522413586894759 0.0016567240760691215 0.0011044827173782579 0.0011044827173782579 0.0011044827173782579 0.0005522413586908637 0.0
0.0 0.0 0.0005522413586908637 0.0005522413586908637 0.0005522413586908637 0.0005522413586908637 0.0011044827173782579 0.0011044827173782579 0.0005522413586908637 0.0 0.0 0.0 0.0 0.0 0.0 0.0 0.0027612067934473794 0.01988068891281558 0.5643906685804424 0.6969285946658681 0.8697801399356122 0.9415715165652163 1.401588568353384 2.3923095658419484 3.666330380338109 6.605358891282439 8.105246421482516 8.495681062075834 5.670414271021494 4.1064667432134625 2.575653696926788 1.261871504604998 0.5461667037436959 0.1110005130965444 0.011597068532473442 0.014358275325920822 0.0469405154885881 0.06682120440140368 0.045836032771209845 0.10713482358571877 0.028716550651841644 0.02816430929315425 0.0016567240760691215 0.0011044827173782579 0.0
0.0 0.0011044827173782579 0.0016567240760691215 0.0016567240760691215 0.0011044827173782579 0.0011044827173782579 0.0011044827173782579 0.0011044827173782579 0.0 0.0 0.0 0.0 0.0 0.0 0.0 0.0 0.007179137662960411 0.679256871187809 1.3380808121041186 3.179805743332856 3.09973074632291 3.058312644421215 2.592773179046154 3.433284526971234 4.624469137664004 5.7002353043907155 6.603702167206372 5.832773230476141 3.8833612343029937 2.449190425786944 1.710291487860692 0.7626453163498901 0.25844895586658173 0.11707516804212656 0.0469405154885881 0.08062723836863364 0.09167206554241969 0.13474689152018215 0.1380603396723204 0.29986705776827854 0.0988512032053801 0.05080620499941374 0.008283620380338669 0.0011044827173782579 0.0005522413586908637
0.0 0.0016567240760691215 0.0027612067934473794 0.0027612067934473794 0.0016567240760691215 0.0016567240760691215 0.0005522413586908637 0.0 0.0 0.0 0.0 0.0 0.0 0.0 0.0 0.0 0.16567240760678378 1.4728277036243007 4.401915870112225 8.5591888183251 6.953823188615373 5.1198296364082845 4.079406916637688 3.6547333118056335 4.349452941036743 4.905007747878156 4.593543621577404 2.9274314424118564 1.8080382083486939 1.2800954694417443 0.8493472096641093 0.42633032890812206 0.23967274967114788 0.18334413108483938 0.2264189570626053 0.27667292070332816 0.24022499102983527 0.20156809592158584 0.155732063150376 0.016014999401989943 0.016567240760677338 0.008283620380338669 0.0011044827173782579 0.0 0.0
