static/data/precipitation/2023/7/23/12.asc
ncols 137
nrows 93
xllcorner 108.0
yllcorner 17.0
cellsize 0.25
NODATA_value -32767
[rows 25 to 49 of 93, columns 55 to 109 of 137]
0.0 0.0 0.0 0.0 0.0 0.0 0.0 0.0 0.0 0.0 0.0 0.0 0.0 0.0038656895108256373 0.0171194821193682 0.23083688793211835 0.8896608288484243 0.9222430690110917 0.6753911816769869 0.4346139492884607 0.3821510202129813 0.18610533787828676 0.0038656895108256373 0.0027612067934473794 0.0 0.008835861739029532 0.048597239564657224 0.09719447912931445 0.103821375433584 0.11431396124867918 0.05743310130368676 0.026507585217085128 0.0 0.0 0.0 0.0 0.0 0.0 0.0 0.0016567240760691215 0.0 0.0 0.0 0.0 0.05522413586892677 0.0011044827173782579 0.005522413586894759 0.006626896304273017 0.0027612067934473794 0.0027612067934473794 0.0016567240760691215 0.0027612067934473794 0.0027612067934473794 0.0011044827173782579 0.0
0.0 0.0 0.0 0.0 0.0 0.0 0.0 0.0 0.0 0.0 0.0 0.0011044827173782579 0.0038656895108256373 0.008835861739029532 0.14468723597658995 0.37552412390870826 0.965870136347545 0.5130322222223378 0.3197477466810906 0.1927322341825563 0.14468723597658995 0.0077313790216512746 0.0011044827173782579 0.0 0.02264189570625949 0.04473155005383159 0.0695824111948476 0.08559741059683754 0.09277654825979795 0.045836032771209845 0.0077313790216512746 0.0 0.0 0.0 0.0016567240760691215 0.0 0.0 0.0 0.0 0.0 0.0 0.0 0.0 0.0 0.0 0.01988068891281558 0.024850861141019476 0.06847792847746934 0.030373274727910765 0.03147775744528902 0.0038656895108256373 0.004970172228203895 0.014358275325920822 0.0016567240760691215 0.0011044827173782579
0.0 0.0 0.0 0.0 0.0 0.0 0.0 0.0 0.0 0.0 0.0016567240760691215 0.0027612067934473794 0.011597068532473442 0.06792568711878194 0.23470257744294398 0.4406886042340429 0.884138415261533 0.49039032651607833 0.39871826097365864 0.2496130941275522 0.06185103217319979 0.005522413586894759 0.0011044827173782579 0.0027612067934473794 0.025955343858397734 0.09608999641193272 0.0695824111948476 0.08394068652077188 0.06847792847746934 0.005522413586894759 0.0016567240760691215 0.0 0.0 0.05356741179286112 0.05743310130368676 0.05246292907548286 0.008835861739029532 0.009388103097716927 0.0 0.0 0.0 0.0 0.0 0.0 0.0 0.012149309891164306 0.10106016864013662 0.25955343858395996 0.08559741059683754 0.09332878961848881 0.045836032771209845 0.0077313790216512746 0.030373274727910765 0.0027612067934473794 0.0011044827173782579
0.0 0.0 0.0 0.0 0.0 0.0 0.0 0.0 0.0 0.0 0.0027612067934473794 0.01822396483674646 0.0811794797273245 0.15462758043299774 0.34128515966997186 0.6058087704821358 0.49039032651607833 0.7007942841766936 0.5942117019496623 0.4103153295061321 0.26231464537740734 0.01822396483674646 0.0011044827173782579 0.005522413586894759 0.01988068891281558 0.048597239564657224 0.06682120440140368 0.12204534027033045 0.10879154766178789 0.005522413586894759 0.0016567240760691215 0.0 0.0016567240760691215 0.07344810070567323 0.26231464537740734 0.054119653151548514 0.0011044827173782579 0.0 0.0 0.0 0.0 0.0 0.0011044827173782579 0.0011044827173782579 0.0016567240760691215 0.022089654347572096 0.03644792967349292 0.03810465374956204 0.05356741179286112 0.0811794797273245 0.05522413586892677 0.01546275804329908 0.0016567240760691215 0.0 0.0
0.0 0.0 0.0 0.0 0.0 0.0 0.0 0.0 0.0 0.0011044827173782579 0.0342389642387364 0.12756775385722174 0.13143344336804738 0.09719447912931445 0.05743310130368676 0.0982989618466927 0.35840464178934006 0.11652292668343917 0.0298210333692199 0.0171194821193682 0.0 0.0 0.0 0.022089654347572096 0.0469405154885881 0.033134481521358145 0.04086586054300595 0.051358446358104604 0.040313619184318555 0.006626896304273017 0.0016567240760691215 0.0 0.0027612067934473794 0.01546275804329908 0.010492585815095185 0.01546275804329908 0.006626896304273017 0.0038656895108256373 0.0 0.0 0.0 0.0011044827173782579 0.0038656895108256373 0.010492585815095185 0.03644792967349292 0.061298790814508924 0.061298790814508924 0.03700017103218031 0.01546275804329908 0.05632861858630503 0.04197034326038421 0.011597068532473442 0.0 0.0 0.0
0.0 0.0 0.0 0.0 0.0 0.0 0.0 0.0016567240760691215 0.0038656895108256373 0.008835861739029532 0.02098517163019384 0.05246292907548286 0.054119653151548514 0.0392091364669403 0.014358275325920822 0.004970172228203895 0.043074825977762465 0.004970172228203895 0.004970172228203895 0.0027612067934473794 0.010492585815095185 0.0 0.0016567240760691215 0.024850861141019476 0.05356741179286112 0.08283620380339016 0.0342389642387364 0.024850861141019476 0.026507585217085128 0.03644792967349292 0.004970172228203895 0.0 0.0016567240760691215 0.0027612067934473794 0.0 0.0011044827173782579 0.0011044827173782579 0.005522413586894759 0.02098517163019384 0.012149309891164306 0.0038656895108256373 0.0 0.0011044827173782579 0.0011044827173782579 0.0011044827173782579 0.011597068532473442 0.045836032771209845 0.07179137662960758 0.02374637842363775 0.03147775744528902 0.025955343858397734 0.011597068532473442 0.0 0.0 0.0
0.0011044827173782579 0.0 0.0 0.0 0.0016567240760691215 0.0027612067934473794 0.006626896304273017 0.012149309891164306 0.013253792608542564 0.0171194821193682 0.026507585217085128 0.025955343858397734 0.016014999401989943 0.0077313790216512746 0.0038656895108256373 0.0 0.0 0.0 0.0 0.0 0.0016567240760691215 0.0011044827173782579 0.03534344695611466 0.0640599976079563 0.07455258342305149 0.040313619184318555 0.016014999401989943 0.03534344695611466 0.043074825977762465 0.0171194821193682 0.005522413586894759 0.0011044827173782579 0.0 0.0 0.0 0.0 0.0 0.0077313790216512746 0.01988068891281558 0.012149309891164306 0.0038656895108256373 0.0 0.0 0.0 0.0 0.02374637842363775 0.05522413586892677 0.06571672168402543 0.022089654347572096 0.026507585217085128 0.014358275325920822 0.0 0.0 0.0 0.0
0.0016567240760691215 0.0011044827173782579 0.0 0.0016567240760691215 0.009388103097716927 0.028716550651841644 0.03700017103218031 0.03644792967349292 0.02374637842363775 0.024850861141019476 0.01546275804329908 0.008835861739029532 0.0038656895108256373 0.0027612067934473794 0.0 0.0 0.0 0.0 0.0027612067934473794 0.0027612067934473794 0.009388103097716927 0.014358275325920822 0.05356741179286112 0.05080620499941374 0.040313619184318555 0.019328447554124717 0.012149309891164306 0.026507585217085128 0.03258224016266728 0.0171194821193682 0.012149309891164306 0.005522413586894759 0.004970172228203895 0.0 0.0 0.0 0.0 0.0077313790216512746 0.0077313790216512746 0.004970172228203895 0.0 0.0 0.0 0.0 0.0 0.014358275325920822 0.07731379021649887 0.11431396124867918 0.04473155005383159 0.01988068891281558 0.008835861739029532 0.0 0.0 0.0 0.0
0.0011044827173782579 0.0016567240760691215 0.0011044827173782579 0.005522413586894759 0.045836032771209845 0.06461223896664717 0.07731379021649887 0.05743310130368676 0.03810465374956204 0.01546275804329908 0.004970172228203895 0.0011044827173782579 0.0 0.0 0.0 0.0 0.0 0.0 0.0027612067934473794 0.02264189570625949 0.0392091364669403 0.05908982537975241 0.09553775505324533 0.09277654825979795 0.04970172228203548 0.030373274727910765 0.019328447554124717 0.014358275325920822 0.019328447554124717 0.01822396483674646 0.012149309891164306 0.006626896304273017 0.0038656895108256373 0.0 0.0 0.0 0.0 0.0 0.0 0.0 0.0 0.0 0.0 0.0 0.0011044827173782579 0.0016567240760691215 0.06461223896664717 0.17064257983498768 0.10989603037916615 0.05522413586892677 0.009388103097716927 0.0011044827173782579 0.0 0.0 0.0
0.005522413586894759 0.006626896304273017 0.0077313790216512746 0.022089654347572096 0.06571672168402543 0.11707516804212656 0.1259110297811561 0.07179137662960758 0.030373274727910765 0.006626896304273017 0.0011044827173782579 0.0 0.0 0.0 0.0 0.0 0.0 0.0011044827173782579 0.0469405154885881 0.06682120440140368 0.07897051429256799 0.09719447912931445 0.13088120200936 0.09940344456407096 0.05632861858630503 0.030373274727910765 0.01822396483674646 0.012149309891164306 0.022089654347572096 0.02098517163019384 0.008835861739029532 0.0038656895108256373 0.0016567240760691215 0.0 0.0 0.0 0.0 0.0 0.0 0.0 0.0 0.0 0.0 0.0016567240760691215 0.006626896304273017 0.006626896304273017 0.0016567240760691215 0.10989603037916615 0.09056758282504143 0.047492756847278966 0.0027612067934473794 0.0038656895108256373 0.0038656895108256373 0.0011044827173782579 0.0
0.045836032771209845 0.027612067934463386 0.028716550651841644 0.06295551489057805 0.1927322341825563 0.2440906805406609 0.15352309771561948 0.06847792847746934 0.022089654347572096 0.004970172228203895 0.0 0.0 0.0 0.0011044827173782579 0.0011044827173782579 0.0011044827173782579 0.0016567240760691215 0.027612067934463386 0.08504516923815014 0.11928413347688308 0.11541844396605744 0.10768706494440963 0.10492585815096225 0.07179137662960758 0.03644792967349292 0.01988068891281558 0.012149309891164306 0.012149309891164306 0.022089654347572096 0.02098517163019384 0.0077313790216512746 0.0027612067934473794 0.03700017103218031 0.03534344695611466 0.01988068891281558 0.0016567240760691215 0.0016567240760691215 0.03810465374956204 0.03810465374956204 0.016014999401989943 0.004970172228203895 0.004970172228203895 0.0027612067934473794 0.004970172228203895 0.014358275325920822 0.0077313790216512746 0.0027612067934473794 0.0 0.0 0.0 0.0 0.0027612067934473794 0.0077313790216512746 0.0011044827173782579 0.0
0.09443327233586707 0.06019430809713067 0.09056758282504143 0.2269711984212927 0.3451508491807975 0.3186432639637124 0.20101585456289844 0.06571672168402543 0.016014999401989943 0.0 0.0 0.0 0.0 0.0011044827173782579 0.0016567240760691215 0.01822396483674646 0.02264189570625949 0.07897051429256799 0.07510482478174235 0.08780637603159405 0.12204534027033045 0.09940344456407096 0.05522413586892677 0.03700017103218031 0.0298210333692199 0.025955343858397734 0.009388103097716927 0.0011044827173782579 0.0 0.0016567240760691215 0.0016567240760691215 0.10106016864013662 0.1507618909221721 0.09277654825979795 0.05743310130368676 0.008835861739029532 0.08780637603159405 0.13419465016149476 0.12480654706377783 0.051358446358104604 0.0342389642387364 0.06185103217319979 0.05908982537975241 0.014358275325920822 0.01988068891281558 0.009388103097716927 0.0038656895108256373 0.0 0.0 0.0 0.0011044827173782579 0.0016567240760691215 0.005522413586894759 0.0 0.0
0.1336424088028039 0.0982989618466927 0.2098517163019245 0.39098688195200737 0.46056929314685846 0.3998227436910369 0.22420999162784533 0.05356741179286112 0.010492585815095185 0.0038656895108256373 0.004970172228203895 0.0 0.0011044827173782579 0.0016567240760691215 0.0016567240760691215 0.019328447554124717 0.08394068652077188 0.061298790814508924 0.07841827293387713 0.09443327233586707 0.07455258342305149 0.048597239564657224 0.04473155005383159 0.03147775744528902 0.01546275804329908 0.0077313790216512746 0.0016567240760691215 0.0 0.0 0.0011044827173782579 0.0027612067934473794 0.3214044707571598 0.7560184200456205 0.7869439361322186 0.05632861858630503 0.25955343858395996 0.35840464178934006 0.4406886042340429 0.3578524004306527 0.27059826575774604 0.13529913287887302 0.2070905095084806 0.20874723358454625 0.040313619184318555 0.013253792608542564 0.004970172228203895 0.0016567240760691215 0.0 0.0 0.0 0.0 0.0 0.0 0.0 0.0
0.1336424088028039 0.13143344336804738 0.28329981700759777 0.46719618945112795 0.5157934290157852 0.4174944671690925 0.207642750867168 0.033134481521358145 0.005522413586894759 0.0011044827173782579 0.0011044827173782579 0.0 0.0016567240760691215 0.0038656895108256373 0.004970172228203895 0.005522413586894759 0.004970172228203895 0.027612067934463386 0.0342389642387364 0.04086586054300595 0.054119653151548514 0.033134481521358145 0.02264189570625949 0.01546275804329908 0.008835861739029532 0.0 0.0038656895108256373 0.0016567240760691215 0.0011044827173782579 0.0038656895108256373 0.005522413586894759 0.6715254921661612 1.2541401255833466 1.1994682310731106 0.11155275445523527 1.2110652996055842 1.5667087346014767 1.942785099868876 2.1962638835072537 0.9879597906951171 0.27777740342070645 0.07179137662960758 0.06682120440140368 0.03810465374956204 0.011597068532473442 0.004970172228203895 0.0016567240760691215 0.0 0.0 0.0 0.0 0.0 0.0 0.0 0.0
0.17947844157401374 0.2048815440737206 0.36171808994147486 0.49756946417903875 0.46830067216850624 0.34128515966997186 0.15738878722644511 0.012149309891164306 0.0016567240760691215 0.0011044827173782579 0.0011044827173782579 0.0011044827173782579 0.010492585815095185 0.048597239564657224 0.05080620499941374 0.05522413586892677 0.04086586054300595 0.026507585217085128 0.06792568711878194 0.07179137662960758 0.05908982537975241 0.03147775744528902 0.006626896304273017 0.006626896304273017 0.0027612067934473794 0.0016567240760691215 0.004970172228203895 0.006626896304273017 0.0 0.010492585815095185 0.20101585456289844 1.017780824064337 2.117293369214686 2.0808454395411964 1.6489926970461797 2.8324459287173003 3.5934345209911247 3.429418837460408 2.133308368616676 1.6583808001439 1.0050792728144853 0.44621101782093764 0.027612067934463386 0.008835861739029532 0.004970172228203895 0.006626896304273017 0.005522413586894759 0.0011044827173782579 0.0 0.0 0.0 0.0 0.0 0.0 0.0
0.21647861260619752 0.22034430211702316 0.30318050592041335 0.38159877885429044 0.3407329183112845 0.21371740581275014 0.061298790814508924 0.005522413586894759 0.0016567240760691215 0.0011044827173782579 0.0 0.0011044827173782579 0.004970172228203895 0.019328447554124717 0.025955343858397734 0.02098517163019384 0.014358275325920822 0.03258224016266728 0.03258224016266728 0.033134481521358145 0.02374637842363775 0.0027612067934473794 0.0027612067934473794 0.004970172228203895 0.0011044827173782579 0.0011044827173782579 0.004970172228203895 0.011597068532473442 0.01546275804329908 0.2374637842363879 0.6693165267314047 1.5689177000362369 2.571235766057273 2.4480859430695627 2.5728924901333405 4.52120000358911 5.001097744290091 2.8992671331187023 1.8378592417179138 0.8609442781965827 0.498673946896417 0.06019430809713067 0.009388103097716927 0.0027612067934473794 0.005522413586894759 0.045836032771209845 0.04473155005383159 0.0016567240760691215 0.0011044827173782579 0.004970172228203895 0.010492585815095185 0.009388103097716927 0.0 0.0 0.0
0.21537412988881927 0.15849326994382337 0.21647861260619752 0.2440906805406609 0.21150844037799363 0.09940344456407096 0.04197034326038421 0.006626896304273017 0.0027612067934473794 0.0011044827173782579 0.0 0.0016567240760691215 0.004970172228203895 0.005522413586894759 0.0077313790216512746 0.005522413586894759 0.010492585815095185 0.02098517163019384 0.008835861739029532 0.0077313790216512746 0.0027612067934473794 0.005522413586894759 0.0077313790216512746 0.005522413586894759 0.0016567240760691215 0.0011044827173782579 0.008835861739029532 0.01822396483674646 0.2021203372802767 0.25844895586658173 0.5759877371129158 1.6506494211222487 2.8545355830648727 2.8688938583907935 2.0046361320420756 3.246074706375569 3.7232112402831046 2.612101626600279 1.209408575529515 0.4395841215166646 0.07455258342305149 0.03644792967349292 0.0038656895108256373 0.0011044827173782579 0.0027612067934473794 0.03258224016266728 0.05743310130368676 0.04086586054300595 0.07510482478174235 0.01822396483674646 0.024850861141019476 0.024850861141019476 0.016014999401989943 0.0 0.0
0.19162775146517805 0.13529913287887302 0.13750809831362953 0.14468723597658995 0.10879154766178789 0.0640599976079563 0.006626896304273017 0.004970172228203895 0.0016567240760691215 0.0 0.004970172228203895 0.006626896304273017 0.05522413586892677 0.13916482238969866 0.054119653151548514 0.008835861739029532 0.013253792608542564 0.010492585815095185 0.0027612067934473794 0.0016567240760691215 0.0011044827173782579 0.0038656895108256373 0.006626896304273017 0.004970172228203895 0.0011044827173782579 0.0 0.0077313790216512746 0.02264189570625949 0.15352309771561948 0.26231464537740734 0.6140923908624745 1.6909630403065674 2.3442645676359786 2.6104449025242116 2.4641009424715525 1.6396045939484627 2.117293369214686 2.027278027748335 0.591450495156215 0.13419465016149476 0.05798534266237415 0.01988068891281558 0.0038656895108256373 0.0 0.0011044827173782579 0.0027612067934473794 0.027612067934463386 0.05632861858630503 0.08559741059683754 0.07344810070567323 0.0342389642387364 0.0342389642387364 0.01822396483674646 0.0 0.0
0.10989603037916615 0.10106016864013662 0.10216465135751487 0.07620930749912061 0.045836032771209845 0.0077313790216512746 0.0016567240760691215 0.0011044827173782579 0.0011044827173782579 0.0011044827173782579 0.006626896304273017 0.06019430809713067 0.11044827173785701 0.1971501650520728 0.05743310130368676 0.011597068532473442 0.0077313790216512746 0.004970172228203895 0.0011044827173782579 0.0016567240760691215 0.0011044827173782579 0.0011044827173782579 0.0038656895108256373 0.0038656895108256373 0.0011044827173782579 0.0 0.0 0.014358275325920822 0.010492585815095185 0.14468723597658995 0.5157934290157852 0.7350332484154266 1.2513789187899027 1.6357389044376371 2.5585342148074197 1.6114402846553084 1.0707959944985073 0.8957354837940066 0.27280723119250255 0.1480006841287282 0.07344810070567323 0.02264189570625949 0.004970172228203895 0.0 0.0 0.0011044827173782579 0.0038656895108256373 0.03258224016266728 0.0811794797273245 0.07510482478174235 0.0298210333692199 0.026507585217085128 0.009388103097716927 0.0 0.0
0.10768706494440963 0.09940344456407096 0.06295551489057805 0.024850861141019476 0.010492585815095185 0.005522413586894759 0.0 0.0 0.0011044827173782579 0.0016567240760691215 0.0027612067934473794 0.05743310130368676 0.11265723717261353 0.08007499700994625 0.010492585815095185 0.008835861739029532 0.004970172228203895 0.0011044827173782579 0.0 0.0027612067934473794 0.0016567240760691215 0.0011044827173782579 0.0016567240760691215 0.0038656895108256373 0.0 0.0 0.0 0.0016567240760691215 0.0 0.0038656895108256373 0.006626896304273017 0.2269711984212927 0.40258395048448425 0.6047042877647575 1.1083484068893785 1.1403784056933584 0.598077391460488 0.17837395885663548 0.17837395885663548 0.11376171988999179 0.06847792847746934 0.0171194821193682 0.004970172228203895 0.0 0.0 0.0 0.0027612067934473794 0.01822396483674646 0.09608999641193272 0.025955343858397734 0.01546275804329908 0.012149309891164306 0.004970172228203895 0.0 0.0
0.0811794797273245 0.06461223896664717 0.027612067934463386 0.0011044827173782579 0.0016567240760691215 0.0011044827173782579 0.0 0.0 0.0016567240760691215 0.0016567240760691215 0.0027612067934473794 0.0342389642387364 0.09719447912931445 0.005522413586894759 0.009388103097716927 0.0038656895108256373 0.0011044827173782579 0.0011044827173782579 0.0 0.0016567240760691215 0.0011044827173782579 0.0027612067934473794 0.0038656895108256373 0.0016567240760691215 0.0 0.0 0.0038656895108256373 0.012149309891164306 0.0016567240760691215 0.0016567240760691215 0.0027612067934473794 0.01546275804329908 0.04473155005383159 0.05743310130368676 0.0982989618466927 0.0867018933142158 0.09332878961848881 0.12204534027033045 0.07179137662960758 0.045836032771209845 0.01822396483674646 0.008835861739029532 0.004970172228203895 0.0 0.0 0.0 0.0 0.012149309891164306 0.05798534266237415 0.0298210333692199 0.016014999401989943 0.010492585815095185 0.0038656895108256373 0.0011044827173782579 0.0
0.03147775744528902 0.0171194821193682 0.0011044827173782579 0.0 0.0038656895108256373 0.0027612067934473794 0.0011044827173782579 0.0 0.0 0.0011044827173782579 0.06792568711878194 0.06792568711878194 0.0027612067934473794 0.0038656895108256373 0.0038656895108256373 0.0027612067934473794 0.0016567240760691215 0.0011044827173782579 0.0 0.0 0.0 0.0038656895108256373 0.008835861739029532 0.0 0.0 0.0 0.0 0.01822396483674646 0.02374637842363775 0.01822396483674646 0.0298210333692199 0.03700017103218031 0.01988068891281558 0.008835861739029532 0.02374637842363775 0.026507585217085128 0.024850861141019476 0.02098517163019384 0.01822396483674646 0.01822396483674646 0.011597068532473442 0.006626896304273017 0.005522413586894759 0.0 0.0 0.0 0.0 0.008835861739029532 0.0392091364669403 0.019328447554124717 0.010492585815095185 0.005522413586894759 0.0027612067934473794 0.004970172228203895 0.0011044827173782579
0.005522413586894759 0.0 0.0 0.0 0.0 0.0 0.0 0.0 0.0 0.0 0.0011044827173782579 0.0027612067934473794 0.004970172228203895 0.0011044827173782579 0.0 0.0 0.0 0.0 0.0 0.0 0.0 0.0038656895108256373 0.006626896304273017 0.0 0.0 0.0 0.0 0.0392091364669403 0.1899710273891124 0.043074825977762465 0.05798534266237415 0.06185103217319979 0.016014999401989943 0.0171194821193682 0.004970172228203895 0.011597068532473442 0.011597068532473442 0.0016567240760691215 0.004970172228203895 0.006626896304273017 0.004970172228203895 0.0016567240760691215 0.0 0.0 0.0 0.0 0.0027612067934473794 0.012149309891164306 0.0342389642387364 0.01546275804329908 0.012149309891164306 0.012149309891164306 0.008835861739029532 0.005522413586894759 0.0011044827173782579
0.0 0.0 0.0 0.0 0.0 0.0 0.0 0.0 0.0 0.0 0.0 0.0011044827173782579 0.0011044827173782579 0.0 0.0 0.0 0.0 0.0 0.0 0.0 0.0 0.0011044827173782579 0.0016567240760691215 0.0 0.0 0.0 0.0 0.0298210333692199 0.07731379021649887 0.23580706016032224 0.11652292668343917 0.02098517163019384 0.01822396483674646 0.004970172228203895 0.0027612067934473794 0.0027612067934473794 0.0027612067934473794 0.0011044827173782579 0.0016567240760691215 0.03147775744528902 0.01822396483674646 0.0027612067934473794 0.0 0.0 0.0 0.0 0.005522413586894759 0.016014999401989943 0.02264189570625949 0.006626896304273017 0.0027612067934473794 0.0038656895108256373 0.004970172228203895 0.008835861739029532 0.0038656895108256373
0.019328447554124717 0.0038656895108256373 0.0 0.0 0.0 0.0 0.0 0.0 0.0 0.0 0.0 0.0011044827173782579 0.0 0.0 0.0 0.0 0.0 0.0 0.0 0.0 0.0 0.0 0.0 0.0 0.0 0.0 0.0 0.0 0.03700017103218031 0.1899710273891124 0.06185103217319979 0.006626896304273017 0.009388103097716927 0.0027612067934473794 0.0 0.0 0.0 0.0 0.0011044827173782579 0.012149309891164306 0.005522413586894759 0.0011044827173782579 0.0 0.0 0.0 0.0 0.0038656895108256373 0.0038656895108256373 0.004970172228203895 0.0 0.0 0.0016567240760691215 0.008835861739029532 0.0077313790216512746 0.0027612067934473794
