static/data/precipitation/2023/7/23/18.asc
ncols 137
nrows 93
xllcorner 108.0
yllcorner 17.0
cellsize 0.25
NODATA_value -32767
[rows 22 to 43 of 93, columns 49 to 97 of 137]
0.04362706733645333 0.051910687716792 0.0861496519555284 0.04473155005383159 0.040313619184318555 0.0 0.0 0.0 0.0 0.0 0.0 0.0 0.0 0.0 0.0 0.0 0.0005522413586908637 0.0011044827173782579 0.0016567240760691215 0.004970172228203895 0.03147775744528902 0.11707516804212656 0.24574740461673003 0.38159877885429044 1.0608556500420994 1.5700221827536152 1.9913823394335333 1.7091870051433102 0.8244963485230898 0.4136287776582669 0.3208522293984689 0.1380603396723204 0.2805386102141538 0.5064053259180683 0.5538980827653438 0.08891085874897231 0.1336424088028039 0.1430305119005243 0.1386125810310078 0.13032896065066912 0.1386125810310078 0.08062723836863364 0.012149309891164306 0.0033134481521347736 0.0011044827173782579 0.0011044827173782579 0.0038656895108256373 0.008835861739029532 0.02705982657577599
0.08780637603159405 0.0469405154885881 0.027612067934463386 0.0033134481521347736 0.0016567240760691215 0.0 0.0 0.0 0.0 0.0 0.0 0.0 0.0 0.0 0.0 0.0 0.0005522413586908637 0.0022089654347565157 0.02705982657577599 0.0640599976079563 0.12867223657460347 0.2838520583662886 0.6013908396126227 0.9647656536301668 1.5915595957424964 1.900262515249801 1.5219771845476453 0.8184216935775077 0.22807568113867097 0.12038861619426133 0.15904551130251077 0.2026725786389641 0.4136287776582669 0.48542015428787444 0.5583160136348603 0.266180334888233 0.22918016385604922 0.214269647171441 0.16567240760678378 0.12867223657460347 0.10547809950965312 0.06185103217319979 0.02098517163019384 0.011044827173786048 0.0044179308695130315 0.0016567240760691215 0.02816430929315425 0.03258224016266728 0.040313619184318555
0.08228396244470276 0.007179137662960411 0.008835861739029532 0.0033134481521347736 0.0011044827173782579 0.0005522413586908637 0.0005522413586908637 0.0 0.0 0.0 0.0 0.0 0.0 0.0 0.0 0.0 0.0011044827173782579 0.08891085874897231 0.17616499342187897 0.21150844037799363 0.5472711864610742 0.8316754861860503 1.6153059741661342 0.8642577263487174 1.2171399545511663 1.1006170278677272 0.7035554909701376 0.1971501650520728 0.103821375433584 0.0817317210860119 0.19549344097600369 0.39374808874545475 0.6080177359168923 0.48376343021180535 0.4406886042340429 0.3490165386916232 0.315882057170265 0.2540310249970687 0.1380603396723204 0.06240327353188718 0.047492756847278966 0.02816430929315425 0.010492585815095185 0.028716550651841644 0.02705982657577599 0.004970172228203895 0.011044827173786048 0.01822396483674646 0.01822396483674646
0.0005522413586908637 0.0033134481521347736 0.004970172228203895 0.0027612067934473794 0.0011044827173782579 0.0005522413586908637 0.0005522413586908637 0.0 0.0 0.0 0.0 0.0 0.0 0.0 0.0 0.0 0.09056758282504143 0.23083688793211835 0.2810908515728412 0.5185546358092326 0.8554218646096914 1.6799182131327812 2.352548188016321 1.15307995694321 0.5174501530918543 0.3998227436910369 0.2048815440737206 0.1032691340748966 0.03368672288004554 0.12977671929198173 0.23912050831245701 0.5500323932545216 0.7317198002632919 0.5908982537975276 0.35453895227851445 0.25844895586658173 0.25071757684493046 0.1452394773352808 0.029268792010532507 0.00994034445640779 0.004970172228203895 0.0011044827173782579 0.0011044827173782579 0.019328447554124717 0.028716550651841644 0.004970172228203895 0.0 0.0 0.0
0.0 0.0027612067934473794 0.0038656895108256373 0.0016567240760691215 0.0011044827173782579 0.0005522413586908637 0.0 0.0 0.0 0.0 0.0 0.0 0.0 0.0 0.0 0.0 0.0911198241837323 0.6753911816769869 0.8830339325441549 1.292797020691596 1.3148866750391681 2.2989807762234595 2.134965092692745 1.766620106446997 1.019437548140406 0.5411965315154921 0.3197477466810906 0.16346344217202727 0.11652292668343917 0.21813533668226318 0.32637464298536367 0.534569635211219 0.681465836622569 0.49370377466821314 0.2573444731492035 0.1281199952159126 0.10879154766178789 0.011597068532473442 0.0038656895108256373 0.0011044827173782579 0.0033134481521347736 0.0016567240760691215 0.0016567240760691215 0.0005522413586908637 0.0 0.0 0.0 0.0 0.0005522413586908637
0.0 0.0 0.0 0.0005522413586908637 0.0 0.0 0.0 0.0 0.0 0.0 0.0 0.0 0.0 0.0 0.0 0.0 0.12204534027033045 1.1017215105851088 2.14545767850784 3.2355821205604722 2.88601334051016 1.667768903241617 1.6992466606869059 1.7881575194358783 1.494365116613182 1.0050792728144853 0.8073768664037216 0.26286688673609476 0.2220010261930888 0.23359809472556572 0.3186432639637124 0.41307653629957947 0.4495244659730724 0.24519516325803917 0.08725413467290666 0.012149309891164306 0.013253792608542564 0.02098517163019384 0.01546275804329908 0.006074654945582153 0.00994034445640779 0.007179137662960411 0.0016567240760691215 0.0 0.0 0.0 0.0 0.0 0.0005522413586908637
0.0 0.0 0.0 0.0 0.0 0.0 0.0 0.0 0.0 0.0 0.0 0.0 0.0 0.0 0.0 0.0016567240760691215 0.005522413586894759 0.12149309891163959 3.3432691855048815 3.568583659850107 2.740773863174881 1.7108437292193794 1.4021408097120749 1.5788580444926412 1.7218885563931654 1.5429623561778392 0.8791682430333292 0.34846429733293227 0.2026725786389641 0.15352309771561948 0.15849326994382337 0.25292654227969047 0.21813533668226318 0.12535878842246523 0.03368672288004554 0.0016567240760691215 0.0 0.04473155005383159 0.04086586054300595 0.01546275804329908 0.024298619782328612 0.01270155124985517 0.0033134481521347736 0.0 0.0 0.0 0.0 0.0 0.0027612067934473794
0.0 0.0 0.0 0.0 0.0 0.0 0.0 0.0 0.0 0.0 0.0 0.0 0.0 0.0 0.0005522413586908637 0.004970172228203895 0.012149309891164306 0.12535878842246523 1.4623351178092054 1.890874412152084 1.3529913287887267 0.5632861858630642 1.1160797859110296 1.1757218526494695 1.151423232867141 0.9851985839016697 0.6538537686881056 0.3153298158115776 0.20101585456289844 0.15131413228086296 0.11983637483557394 0.09332878961848881 0.10823930630309703 0.0740003420643641 0.026507585217085128 0.0016567240760691215 0.0005522413586908637 0.016014999401989943 0.030373274727910765 0.0298210333692199 0.0016567240760691215 0.0016567240760691215 0.0 0.0 0.0 0.0 0.0 0.0 0.0027612067934473794
0.0 0.0 0.0 0.0 0.0 0.0 0.0 0.0 0.0 0.0 0.0 0.0 0.0 0.0005522413586908637 0.0016567240760691215 0.008835861739029532 0.016014999401989943 0.12701551249853435 0.2783296447793973 0.26949378304036775 0.0740003420643641 0.12204534027033045 0.38159877885429044 0.6389432520034939 0.63397307977529 0.4384796387992863 0.17119482119367507 0.10106016864013662 0.04473155005383159 0.050253963640722876 0.0392091364669403 0.07234361798829497 0.045836032771209845 0.03092551608659816 0.02098517163019384 0.008835861739029532 0.0016567240760691215 0.0011044827173782579 0.01270155124985517 0.018776206195437323 0.0 0.0 0.0 0.0 0.0 0.0 0.0 0.0 0.0022089654347565157
0.0 0.0 0.0 0.0 0.0 0.0 0.0 0.0 0.0 0.0 0.0 0.0 0.0 0.0011044827173782579 0.0022089654347565157 0.0027612067934473794 0.008835861739029532 0.03092551608659816 0.03644792967349292 0.022089654347572096 0.01988068891281558 0.07786603157518973 0.266180334888233 0.311464126300752 0.315882057170265 0.21758309532357578 0.07510482478174235 0.048597239564657224 0.009388103097716927 0.009388103097716927 0.011044827173786048 0.02098517163019384 0.019328447554124717 0.017671723478055595 0.009388103097716927 0.011044827173786048 0.0016567240760691215 0.004970172228203895 0.014910516684611685 0.019328447554124717 0.0005522413586908637 0.0 0.0 0.0 0.0 0.0 0.0 0.0 0.0
0.0 0.0 0.0 0.0 0.0 0.0 0.0 0.0005522413586908637 0.0 0.0 0.0 0.0005522413586908637 0.0011044827173782579 0.0016567240760691215 0.0077313790216512746 0.008835861739029532 0.25237430092099955 0.5638384272217516 0.40368843320186254 0.0347912055974238 0.02816430929315425 0.040313619184318555 0.1330901674441165 0.2545832663557561 0.30318050592041335 0.21758309532357578 0.09553775505324533 0.0640599976079563 0.024298619782328612 0.004970172228203895 0.005522413586894759 0.0022089654347565157 0.008835861739029532 0.009388103097716927 0.016014999401989943 0.02098517163019384 0.0033134481521347736 0.006626896304273017 0.018776206195437323 0.026507585217085128 0.0005522413586908637 0.0 0.0 0.0 0.0 0.0005522413586908637 0.0005522413586908637 0.0011044827173782579 0.0011044827173782579
0.0 0.0 0.0 0.0 0.0 0.0 0.0 0.0016567240760691215 0.0 0.0 0.0 0.0005522413586908637 0.1778217174979481 0.5953161846670406 0.331897056572255 0.025955343858397734 0.2700460243990552 0.4567036036360328 0.571017564884712 0.207642750867168 0.016567240760677338 0.023194137064950354 0.033134481521358145 0.16125447673727075 0.21703085396488492 0.22144878483440142 0.10547809950965312 0.053015170434170256 0.025955343858397734 0.006074654945582153 0.004970172228203895 0.0016567240760691215 0.008835861739029532 0.00994034445640779 0.0171194821193682 0.024298619782328612 0.006626896304273017 0.006626896304273017 0.01822396483674646 0.025955343858397734 0.0016567240760691215 0.004970172228203895 0.004970172228203895 0.0016567240760691215 0.0 0.0016567240760691215 0.014358275325920822 0.017671723478055595 0.05080620499941374
0.021537412988881233 0.0 0.0 0.0 0.0 0.0 0.04804499820596636 0.050253963640722876 0.0 0.0 0.0 0.0 0.17837395885663548 0.9432282406412855 0.5715698062434028 0.26562809352954214 0.2739117139098808 0.21040395766061537 0.3810465374955996 0.21813533668226318 0.02705982657577599 0.12038861619426133 0.22365775026915793 0.263971369453473 0.16567240760678378 0.16953809711760942 0.08946310010766317 0.02816430929315425 0.007179137662960411 0.004970172228203895 0.0033134481521347736 0.0016567240760691215 0.012149309891164306 0.01270155124985517 0.019328447554124717 0.025955343858397734 0.007179137662960411 0.0022089654347565157 0.014358275325920822 0.018776206195437323 0.0022089654347565157 0.006626896304273017 0.018776206195437323 0.014910516684611685 0.008835861739029532 0.013253792608542564 0.04473155005383159 0.05743310130368676 0.0911198241837323
0.05246292907548286 0.014910516684611685 0.0 0.0 0.0 0.0 0.054119653151548514 0.09332878961848881 0.0016567240760691215 0.0016567240760691215 0.0005522413586908637 0.0005522413586908637 0.1380603396723204 0.7670632472194066 0.6693165267314047 0.7990932460233829 0.8460337615119711 0.6345253211339809 0.2915834373879399 0.22089654347571056 0.03810465374956204 0.14634396005265907 0.5737787716781594 0.318091022605025 0.19383671689993803 0.1209408575529522 0.04970172228203548 0.007179137662960411 0.004970172228203895 0.0022089654347565157 0.0016567240760691215 0.0011044827173782579 0.010492585815095185 0.023194137064950354 0.030373274727910765 0.02540310249970687 0.0038656895108256373 0.0005522413586908637 0.0016567240760691215 0.0038656895108256373 0.054119653151548514 0.02098517163019384 0.038656895108249434 0.029268792010532507 0.021537412988881233 0.027612067934463386 0.10216465135751487 0.0988512032053801 0.061298790814508924
0.0 0.0 0.0 0.0 0.0 0.0 0.06737344576009108 0.12922447793329087 0.007179137662960411 0.0027612067934473794 0.0016567240760691215 0.0005522413586908637 0.1386125810310078 0.7179137662960584 0.7317198002632919 0.868675657218234 1.1403784056933584 1.3253792608542634 0.7598841095564461 0.3053894713551698 0.07234361798829497 0.1110005130965444 0.6820180779812564 0.28495654108366686 0.11265723717261353 0.04362706733645333 0.0016567240760691215 0.0011044827173782579 0.0011044827173782579 0.0005522413586908637 0.0 0.0005522413586908637 0.0016567240760691215 0.01822396483674646 0.025955343858397734 0.01546275804329908 0.0016567240760691215 0.0005522413586908637 0.0005522413586908637 0.04473155005383159 0.18168740700877373 0.08725413467290666 0.05688085994499589 0.04252258461907507 0.028716550651841644 0.025955343858397734 0.07841827293387713 0.07841827293387713 0.05467189451023938
0.0 0.0 0.0 0.0 0.0 0.0011044827173782579 0.017671723478055595 0.03092551608659816 0.01988068891281558 0.004970172228203895 0.0011044827173782579 0.0005522413586908637 0.048597239564657224 0.06516448032533456 0.8543173818923098 1.2149309891164097 1.3342151225932928 1.4971263234066292 0.5643906685804424 0.17119482119367507 0.20377706135634235 0.4125242949408886 0.5467189451023834 0.18279188972615198 0.0298210333692199 0.008835861739029532 0.0005522413586908637 0.0005522413586908637 0.0 0.0 0.0 0.0 0.0011044827173782579 0.025955343858397734 0.035895688314802054 0.014910516684611685 0.0016567240760691215 0.0005522413586908637 0.0011044827173782579 0.04417930869514072 0.15959775266120163 0.4710618789619536 0.23249361200818747 0.0469405154885881 0.025955343858397734 0.0298210333692199 0.01988068891281558 0.01546275804329908 0.016567240760677338
0.0 0.0 0.0 0.0005522413586908637 0.0 0.0033134481521347736 0.01270155124985517 0.0171194821193682 0.0033134481521347736 0.0011044827173782579 0.0005522413586908637 0.2545832663557561 0.6869882502094603 0.5555548068414129 1.5832759753621577 2.3613840497553467 2.1730697464423034 0.5743310130368467 0.21150844037799363 0.24132947374721353 0.4147332603756486 0.47547980983146665 0.0867018933142158 0.043074825977762465 0.00994034445640779 0.0016567240760691215 0.0 0.0 0.0 0.0 0.0 0.0 0.0 0.0038656895108256373 0.008283620380338669 0.00994034445640779 0.0016567240760691215 0.0011044827173782579 0.0011044827173782579 0.007179137662960411 0.008835861739029532 0.008283620380338669 0.006626896304273017 0.006074654945582153 0.0027612067934473794 0.0044179308695130315 0.0022089654347565157 0.0027612067934473794 0.0038656895108256373
0.0011044827173782579 0.0027612067934473794 0.0027612067934473794 0.0022089654347565157 0.0011044827173782579 0.012149309891164306 0.014910516684611685 0.012149309891164306 0.0022089654347565157 0.0005522413586908637 0.0005522413586908637 0.27777740342070645 0.9371535856957034 1.335319605310671 0.8896608288484243 1.96377027149907 1.188975645258012 0.28661326515973595 0.15849326994382337 0.17395602798712245 0.12038861619426133 0.1336424088028039 0.04417930869514072 0.013806033967233428 0.0038656895108256373 0.0005522413586908637 0.0 0.0 0.0 0.0 0.0 0.0 0.0 0.0038656895108256373 0.02264189570625949 0.01270155124985517 0.004970172228203895 0.0016567240760691215 0.0016567240760691215 0.0011044827173782579 0.014358275325920822 0.008835861739029532 0.0022089654347565157 0.0011044827173782579 0.0022089654347565157 0.0016567240760691215 0.0005522413586908637 0.0011044827173782579 0.0
0.02264189570625949 0.2816430929315321 0.3335537806483241 0.21206068173668102 0.006626896304273017 0.021537412988881233 0.019328447554124717 0.012149309891164306 0.0016567240760691215 0.0011044827173782579 0.0011044827173782579 0.0016567240760691215 0.5135844635810287 0.9885120320538044 0.9134072072720656 1.164124784116996 0.6825703193399473 0.09664223777062358 0.1435827532592117 0.11873189211819568 0.07510482478174235 0.0469405154885881 0.024298619782328612 0.010492585815095185 0.0011044827173782579 0.0 0.0 0.0 0.0 0.0 0.0 0.0 0.0 0.0 0.006074654945582153 0.0027612067934473794 0.023194137064950354 0.025955343858397734 0.019328447554124717 0.0016567240760691215 0.008283620380338669 0.008835861739029532 0.0027612067934473794 0.0005522413586908637 0.0011044827173782579 0.0011044827173782579 0.0011044827173782579 0.0011044827173782579 0.0005522413586908637
0.01270155124985517 0.16953809711760942 0.16567240760678378 0.06295551489057805 0.0027612067934473794 0.006074654945582153 0.006626896304273017 0.007179137662960411 0.0011044827173782579 0.0016567240760691215 0.0016567240760691215 0.0033134481521347736 0.46553946537505886 1.0470496160748695 1.0879154766178754 0.3871211924411817 0.07786603157518973 0.08228396244470276 0.11762740940081742 0.05467189451023938 0.054119653151548514 0.033134481521358145 0.019328447554124717 0.0027612067934473794 0.0 0.0 0.0 0.0 0.0 0.0 0.0 0.0 0.0 0.0 0.0 0.0005522413586908637 0.020432930271502975 0.03092551608659816 0.02264189570625949 0.006074654945582153 0.004970172228203895 0.005522413586894759 0.004970172228203895 0.0033134481521347736 0.0016567240760691215 0.0005522413586908637 0.0011044827173782579 0.0016567240760691215 0.0016567240760691215
0.0044179308695130315 0.0044179308695130315 0.0011044827173782579 0.0 0.0 0.0 0.0 0.0 0.0016567240760691215 0.0027612067934473794 0.004970172228203895 0.207642750867168 0.6704210094487829 1.1348559921064636 0.6405999760795631 0.11707516804212656 0.15628430450906686 0.16125447673727075 0.08283620380339016 0.028716550651841644 0.033134481521358145 0.01822396483674646 0.0044179308695130315 0.0027612067934473794 0.0 0.0 0.0 0.0 0.0 0.0 0.0 0.0 0.0 0.0 0.0 0.0027612067934473794 0.017671723478055595 0.02816430929315425 0.02816430929315425 0.018776206195437323 0.01270155124985517 0.006626896304273017 0.005522413586894759 0.0033134481521347736 0.0011044827173782579 0.0011044827173782579 0.0027612067934473794 0.0038656895108256373 0.0044179308695130315
0.0 0.0011044827173782579 0.0011044827173782579 0.0 0.0 0.0 0.0 0.0022089654347565157 0.0038656895108256373 0.0077313790216512746 0.2319413706494966 0.4578080863534111 0.26231464537740734 0.6985853187419337 0.12756775385722174 0.17450826934581332 0.2197920607583323 0.13474689152018215 0.04362706733645333 0.025955343858397734 0.024298619782328612 0.008283620380338669 0.004970172228203895 0.005522413586894759 0.0 0.0 0.0 0.0 0.0 0.0 0.0 0.0 0.0 0.0 0.0 0.0033134481521347736 0.017671723478055595 0.0392091364669403 0.040313619184318555 0.04914948092334462 0.033134481521358145 0.025955343858397734 0.005522413586894759 0.0027612067934473794 0.0005522413586908637 0.0016567240760691215 0.0038656895108256373 0.004970172228203895 0.005522413586894759
