static/data/precipitation/2023/7/23/6.asc
ncols 137
nrows 93
xllcorner 108.0
yllcorner 17.0
cellsize 0.25
NODATA_value -32767
[rows 20 to 39 of 93, columns 0 to 44 of 137]
0.0 0.0 0.0 0.0 0.0 0.0 0.0 0.0 0.0 0.0 0.0 0.0 0.0 0.0 0.0 0.0 0.0 0.0 0.0 0.0 0.0 0.0 0.0 0.0 0.0 0.0 0.0038656895108256373 0.005522413586894759 0.0 0.038656895108249434 0.051910687716792 0.08946310010766317 0.2092994749432371 0.15683654586775425 0.08946310010766317 0.0342389642387364 0.011597068532473442 0.014910516684611685 0.037552412390871176 0.06074654945582153 0.0690301698361602 0.07841827293387713 0.08835861739028492 0.10216465135751487 0.13253792608542564
0.03147775744528902 0.0038656895108256373 0.0 0.0 0.0 0.0 0.0 0.0 0.0 0.0 0.0 0.0 0.0 0.0 0.0 0.0 0.0 0.0 0.0 0.0 0.0 0.0 0.0 0.0 0.0 0.0 0.0011044827173782579 0.0016567240760691215 0.0011044827173782579 0.02264189570625949 0.04914948092334462 0.09443327233586707 0.14634396005265907 0.13198568472673824 0.0938810309771762 0.0640599976079563 0.02374637842363775 0.011597068532473442 0.006074654945582153 0.01546275804329908 0.028716550651841644 0.07841827293387713 0.08725413467290666 0.0811794797273245 0.07952275565125538
0.009388103097716927 0.0 0.0 0.0 0.0 0.0 0.0 0.0 0.0 0.0 0.0 0.0 0.0 0.0 0.0 0.0 0.0 0.0 0.0 0.0 0.0 0.0 0.0 0.0 0.0 0.0 0.0016567240760691215 0.0022089654347565157 0.011044827173786048 0.040313619184318555 0.05743310130368676 0.0740003420643641 0.12204534027033045 0.12149309891163959 0.10879154766178789 0.07841827293387713 0.0695824111948476 0.07786603157518973 0.07510482478174235 0.07013465255353846 0.053015170434170256 0.08559741059683754 0.07455258342305149 0.06074654945582153 0.0861496519555284
0.0 0.0 0.0 0.0 0.0 0.0 0.0 0.0 0.0 0.0 0.0 0.0 0.0 0.0 0.0 0.0 0.0 0.0 0.0 0.0 0.0 0.0 0.0 0.0 0.0005522413586908637 0.0016567240760691215 0.0 0.04141810190169681 0.05080620499941374 0.051358446358104604 0.04417930869514072 0.06792568711878194 0.09940344456407096 0.10658258222703137 0.08891085874897231 0.0817317210860119 0.08228396244470276 0.0911198241837323 0.09940344456407096 0.1507618909221721 0.09719447912931445 0.09608999641193272 0.08504516923815014 0.09222430690111055 0.09277654825979795
0.0027612067934473794 0.0016567240760691215 0.11431396124867918 0.09940344456407096 0.08007499700994625 0.026507585217085128 0.025955343858397734 0.0016567240760691215 0.0 0.0 0.0 0.0 0.0 0.0 0.0 0.0 0.0 0.0 0.02816430929315425 0.02816430929315425 0.0 0.0 0.0 0.0 0.0011044827173782579 0.004970172228203895 0.05467189451023938 0.08449292787945928 0.04362706733645333 0.024298619782328612 0.02374637842363775 0.04362706733645333 0.0640599976079563 0.06516448032533456 0.055776377227617635 0.054119653151548514 0.06350775624926544 0.07234361798829497 0.08007499700994625 0.1330901674441165 0.1032691340748966 0.11320947853130092 0.11707516804212656 0.12314982298770871 0.14634396005265907
0.008283620380338669 0.0016567240760691215 0.13143344336804738 0.12038861619426133 0.08946310010766317 0.035895688314802054 0.03644792967349292 0.0016567240760691215 0.0 0.0 0.0 0.0 0.0 0.0 0.09664223777062358 0.09664223777062358 0.07510482478174235 0.06737344576009108 0.0982989618466927 0.037552412390871176 0.0005522413586908637 0.021537412988881233 0.0469405154885881 0.0469405154885881 0.03092551608659816 0.03534344695611466 0.07676154885781147 0.043074825977762465 0.0016567240760691215 0.0022089654347565157 0.007179137662960411 0.022089654347572096 0.0392091364669403 0.040313619184318555 0.037552412390871176 0.035895688314802054 0.04638827412990071 0.04970172228203548 0.05688085994499589 0.08449292787945928 0.11044827173785701 0.1209408575529522 0.08891085874897231 0.09498551369455446 0.12535878842246523
0.0 0.0 0.0005522413586908637 0.01546275804329908 0.00994034445640779 0.010492585815095185 0.01546275804329908 0.0 0.0005522413586908637 0.0005522413586908637 0.0005522413586908637 0.0005522413586908637 0.0 0.0 0.10437361679227486 0.1728515452697442 0.13640361559625128 0.12370206434639958 0.0988512032053801 0.033134481521358145 0.0022089654347565157 0.043074825977762465 0.08062723836863364 0.07344810070567323 0.05356741179286112 0.05964206673844327 0.014910516684611685 0.0 0.0 0.0005522413586908637 0.0033134481521347736 0.01988068891281558 0.040313619184318555 0.0392091364669403 0.033134481521358145 0.03368672288004554 0.05964206673844327 0.06295551489057805 0.05246292907548286 0.06682120440140368 0.09277654825979795 0.06019430809713067 0.023194137064950354 0.024850861141019476 0.026507585217085128
0.0 0.0 0.0016567240760691215 0.0 0.0016567240760691215 0.0016567240760691215 0.012149309891164306 0.012149309891164306 0.01270155124985517 0.0016567240760691215 0.0027612067934473794 0.01988068891281558 0.0011044827173782579 0.0011044827173782579 0.0022089654347565157 0.007179137662960411 0.023194137064950354 0.02098517163019384 0.016567240760677338 0.01270155124985517 0.006074654945582153 0.0033134481521347736 0.0033134481521347736 0.0016567240760691215 0.0011044827173782579 0.013253792608542564 0.0 0.0 0.0 0.0005522413586908637 0.006626896304273017 0.03147775744528902 0.03644792967349292 0.021537412988881233 0.019328447554124717 0.03810465374956204 0.06185103217319979 0.07013465255353846 0.07179137662960758 0.0469405154885881 0.048597239564657224 0.021537412988881233 0.05798534266237415 0.06074654945582153 0.07565706614042975
0.0 0.0 0.0 0.0027612067934473794 0.006626896304273017 0.004970172228203895 0.012149309891164306 0.061298790814508924 0.053015170434170256 0.021537412988881233 0.048597239564657224 0.17174706255236594 0.01546275804329908 0.005522413586894759 0.008835861739029532 0.013253792608542564 0.02264189570625949 0.010492585815095185 0.004970172228203895 0.0027612067934473794 0.004970172228203895 0.006074654945582153 0.008283620380338669 0.006626896304273017 0.0022089654347565157 0.0 0.027612067934463386 0.012149309891164306 0.0 0.0005522413586908637 0.0016567240760691215 0.0016567240760691215 0.037552412390871176 0.06074654945582153 0.03092551608659816 0.013806033967233428 0.010492585815095185 0.008835861739029532 0.00994034445640779 0.020432930271502975 0.024850861141019476 0.05356741179286112 0.14855292548741558 0.2783296447793973 0.1259110297811561
0.0 0.0 0.0 0.0 0.0005522413586908637 0.0005522413586908637 0.0022089654347565157 0.0022089654347565157 0.006626896304273017 0.04362706733645333 0.054119653151548514 0.0016567240760691215 0.02264189570625949 0.01546275804329908 0.006074654945582153 0.0005522413586908637 0.0011044827173782579 0.0005522413586908637 0.0005522413586908637 0.0 0.0 0.0 0.0044179308695130315 0.005522413586894759 0.0044179308695130315 0.0 0.0 0.02374637842363775 0.02540310249970687 0.0 0.0011044827173782579 0.0016567240760691215 0.0038656895108256373 0.005522413586894759 0.008835861739029532 0.006074654945582153 0.005522413586894759 0.008283620380338669 0.012149309891164306 0.010492585815095185 0.012149309891164306 0.02264189570625949 0.04528379141252245 0.05632861858630503 0.04528379141252245
0.0 0.0 0.0 0.0 0.02264189570625949 0.02374637842363775 0.006074654945582153 0.0 0.0011044827173782579 0.0033134481521347736 0.0038656895108256373 0.0044179308695130315 0.024850861141019476 0.011597068532473442 0.0016567240760691215 0.0 0.0 0.0 0.0 0.0 0.0 0.0 0.0 0.0011044827173782579 0.0011044827173782579 0.0 0.0 0.0 0.0 0.0 0.0 0.0005522413586908637 0.0011044827173782579 0.0027612067934473794 0.0077313790216512746 0.007179137662960411 0.005522413586894759 0.006074654945582153 0.008283620380338669 0.01270155124985517 0.004970172228203895 0.008835861739029532 0.012149309891164306 0.013806033967233428 0.012149309891164306
0.0 0.0 0.0 0.0016567240760691215 0.025955343858397734 0.028716550651841644 0.008835861739029532 0.0005522413586908637 0.0 0.0016567240760691215 0.0016567240760691215 0.0027612067934473794 0.023194137064950354 0.06792568711878194 0.050253963640722876 0.0 0.0 0.0 0.0 0.0 0.0 0.0 0.0 0.0 0.0 0.0 0.0 0.0 0.0 0.0 0.0 0.0 0.0005522413586908637 0.0016567240760691215 0.0038656895108256373 0.0022089654347565157 0.0022089654347565157 0.004970172228203895 0.011597068532473442 0.008835861739029532 0.014910516684611685 0.01546275804329908 0.014358275325920822 0.004970172228203895 0.0044179308695130315
0.0 0.0 0.0 0.013806033967233428 0.0016567240760691215 0.004970172228203895 0.008835861739029532 0.0005522413586908637 0.0027612067934473794 0.0011044827173782579 0.0 0.0 0.006074654945582153 0.03258224016266728 0.03368672288004554 0.0016567240760691215 0.0 0.0 0.0 0.0 0.0 0.0 0.0 0.0 0.0 0.0 0.007179137662960411 0.0005522413586908637 0.0 0.0 0.0 0.0 0.0 0.0011044827173782579 0.004970172228203895 0.0011044827173782579 0.0027612067934473794 0.0022089654347565157 0.0038656895108256373 0.006074654945582153 0.009388103097716927 0.011044827173786048 0.008835861739029532 0.0022089654347565157 0.004970172228203895
0.0 0.0 0.0016567240760691215 0.02264189570625949 0.016014999401989943 0.006074654945582153 0.0044179308695130315 0.0 0.0027612067934473794 0.0033134481521347736 0.009388103097716927 0.0016567240760691215 0.0005522413586908637 0.0 0.0016567240760691215 0.004970172228203895 0.0 0.0 0.0 0.0 0.0 0.0 0.0 0.0 0.0 0.0 0.004970172228203895 0.0 0.011597068532473442 0.01546275804329908 0.0016567240760691215 0.0 0.0 0.0005522413586908637 0.0027612067934473794 0.0005522413586908637 0.0016567240760691215 0.0005522413586908637 0.0 0.0022089654347565157 0.0038656895108256373 0.004970172228203895 0.0022089654347565157 0.008835861739029532 0.011044827173786048
0.0 0.0 0.0016567240760691215 0.01546275804329908 0.018776206195437323 0.008835861739029532 0.0016567240760691215 0.0 0.0011044827173782579 0.023194137064950354 0.0298210333692199 0.0016567240760691215 0.0005522413586908637 0.0027612067934473794 0.016567240760677338 0.021537412988881233 0.0 0.0 0.0 0.0 0.0 0.0 0.0 0.0 0.0 0.0 0.0038656895108256373 0.008283620380338669 0.019328447554124717 0.01822396483674646 0.0016567240760691215 0.0 0.0 0.0005522413586908637 0.0016567240760691215 0.0 0.0 0.0033134481521347736 0.0033134481521347736 0.0011044827173782579 0.008283620380338669 0.008835861739029532 0.020432930271502975 0.027612067934463386 0.03202999880397989
0.0005522413586908637 0.0005522413586908637 0.0 0.0 0.0005522413586908637 0.0005522413586908637 0.0 0.0 0.0 0.02264189570625949 0.0298210333692199 0.0 0.0 0.014910516684611685 0.028716550651841644 0.02816430929315425 0.0 0.0 0.0 0.0 0.0 0.0 0.0 0.0 0.0 0.0011044827173782579 0.011044827173786048 0.01546275804329908 0.037552412390871176 0.025955343858397734 0.03258224016266728 0.0005522413586908637 0.0005522413586908637 0.0027612067934473794 0.005522413586894759 0.005522413586894759 0.009388103097716927 0.01270155124985517 0.035895688314802054 0.027612067934463386 0.047492756847278966 0.04197034326038421 0.05467189451023938 0.07179137662960758 0.06847792847746934
0.0005522413586908637 0.0005522413586908637 0.0 0.0005522413586908637 0.0016567240760691215 0.0016567240760691215 0.0 0.0 0.0 0.0 0.0 0.0 0.0 0.0 0.0 0.0 0.0 0.0 0.0 0.0 0.0 0.0 0.0 0.0 0.0027612067934473794 0.0044179308695130315 0.008835861739029532 0.017671723478055595 0.0469405154885881 0.08725413467290666 0.10989603037916615 0.03147775744528902 0.014910516684611685 0.0171194821193682 0.0867018933142158 0.029268792010532507 0.0347912055974238 0.047492756847278966 0.0938810309771762 0.10713482358571877 0.15683654586775425 0.10768706494440963 0.0690301698361602 0.11707516804212656 0.07786603157518973
0.0 0.0 0.0 0.011044827173786048 0.009388103097716927 0.004970172228203895 0.0 0.0 0.0 0.0 0.0 0.0011044827173782579 0.0 0.0 0.0 0.0 0.0 0.0 0.0 0.0 0.0 0.0 0.0 0.0 0.0033134481521347736 0.012149309891164306 0.013806033967233428 0.011597068532473442 0.025955343858397734 0.061298790814508924 0.10658258222703137 0.06737344576009108 0.06571672168402543 0.1728515452697442 0.5058530845593774 0.09332878961848881 0.10658258222703137 0.08891085874897231 0.04804499820596636 0.21703085396488492 0.07234361798829497 0.06737344576009108 0.07455258342305149 0.018776206195437323 0.00994034445640779
0.0 0.0005522413586908637 0.0016567240760691215 0.0005522413586908637 0.0005522413586908637 0.0005522413586908637 0.0 0.0 0.0 0.0 0.0 0.0005522413586908637 0.0033134481521347736 0.0016567240760691215 0.0 0.0 0.0 0.0 0.0 0.0 0.0 0.0 0.006626896304273017 0.005522413586894759 0.0011044827173782579 0.0011044827173782579 0.009388103097716927 0.009388103097716927 0.026507585217085128 0.07510482478174235 0.17837395885663548 0.18665757923697415 0.11707516804212656 0.05080620499941374 0.0640599976079563 0.07676154885781147 0.08283620380339016 0.10768706494440963 0.1402693051070769 0.11652292668343917 0.06737344576009108 0.040313619184318555 0.04528379141252245 0.07731379021649887 0.06074654945582153
0.0 0.0005522413586908637 0.0011044827173782579 0.0 0.0 0.0 0.0 0.0005522413586908637 0.0016567240760691215 0.0016567240760691215 0.0005522413586908637 0.0 0.0005522413586908637 0.0 0.0 0.0 0.0 0.0 0.0 0.0 0.006074654945582153 0.00994034445640779 0.012149309891164306 0.011597068532473442 0.012149309891164306 0.021537412988881233 0.02705982657577599 0.03534344695611466 0.10989603037916615 0.17561275206319157 0.1971501650520728 0.15131413228086296 0.05743310130368676 0.033134481521358145 0.02374637842363775 0.025955343858397734 0.0640599976079563 0.13253792608542564 0.05964206673844327 0.05688085994499589 0.04804499820596636 0.050253963640722876 0.07123913527091671 0.1380603396723204 0.5693608408086464
