static/data/precipitation/2023/7/24/0.asc
ncols 137
nrows 93
xllcorner 108.0
yllcorner 17.0
cellsize 0.25
NODATA_value -32767
[rows 40 to 59 of 93, columns 46 to 91 of 137]
0.0 0.0 0.0 0.012149309891164306 0.14689620141134646 0.24132947374721353 0.39871826097365864 0.25292654227969047 0.19383671689993803 0.08228396244470276 0.05356741179286112 0.04197034326038421 0.045836032771209845 0.07068689391222932 0.09608999641193272 0.11541844396605744 0.15186637363955036 0.1850008551609085 0.37165843439788265 0.5428532555915577 0.941019275206529 1.3104687441696552 0.4522856727665163 0.2965536096161403 0.21150844037799363 0.009388103097716927 0.009388103097716927 0.0027612067934473794 0.047492756847278966 0.5389875660807355 0.555002565482722 0.03700017103218031 0.005522413586894759 0.0038656895108256373 0.054119653151548514 0.054119653151548514 0.0038656895108256373 0.006626896304273017 0.06571672168402543 0.06295551489057805 0.0298210333692199 0.14192602918314604 0.20874723358454625 0.05908982537975241 0.525733773472193 0.821182900370955
0.0 0.0 0.04473155005383159 0.0038656895108256373 0.12756775385722174 0.23580706016032224 0.3307925738548767 0.21371740581275014 0.09719447912931445 0.013253792608542564 0.006626896304273017 0.0 0.0 0.0016567240760691215 0.026507585217085128 0.04362706733645333 0.07344810070567323 0.783078246621393 1.8301278626962625 1.6147537328074466 0.6466746310251417 0.5246292907548147 0.1430305119005243 0.08283620380339016 0.0038656895108256373 0.010492585815095185 0.014358275325920822 0.0077313790216512746 0.11044827173785701 0.4169422258104051 0.35950912450671835 0.006626896304273017 0.0 0.08394068652077188 0.09443327233586707 0.047492756847278966 0.010492585815095185 0.2070905095084806 0.024850861141019476 0.01988068891281558 0.07179137662960758 0.1850008551609085 0.28992671331187075 0.061298790814508924 0.4406886042340429 0.6825703193399473
0.0 0.008835861739029532 0.05522413586892677 0.022089654347572096 0.15628430450906686 0.2650758521708547 0.23359809472556572 0.12038861619426133 0.024850861141019476 0.006626896304273017 0.0 0.0 0.0 0.0011044827173782579 0.12867223657460347 0.1457917186939682 0.39485257146283304 1.5164547709607539 2.160920436551139 1.1751696112907821 0.20432930271503322 0.12756775385722174 0.006626896304273017 0.0027612067934473794 0.0011044827173782579 0.0077313790216512746 0.028716550651841644 0.03258224016266728 0.20322481999765496 0.08780637603159405 0.0298210333692199 0.0027612067934473794 0.0 0.11541844396605744 0.05908982537975241 0.012149309891164306 0.1480006841287282 0.15241861499824122 0.09995568592275836 0.02264189570625949 0.07510482478174235 0.3528822282024488 0.36171808994147486 0.17174706255236594 0.04473155005383159 0.2882699892358016
0.0016567240760691215 0.010492585815095185 0.24298619782328265 0.06682120440140368 0.2070905095084806 0.25292654227969047 0.2098517163019245 0.05908982537975241 0.0171194821193682 0.0 0.0 0.0 0.20432930271503322 0.22034430211702316 0.3479120559742449 0.24795637005148655 0.49039032651607833 1.3645883973212036 0.9967956524341431 0.0298210333692199 0.02098517163019384 0.012149309891164306 0.004970172228203895 0.0016567240760691215 0.0 0.014358275325920822 0.03700017103218031 0.045836032771209845 0.17726947613925723 0.04197034326038421 0.0171194821193682 0.0 0.0016567240760691215 0.07455258342305149 0.03534344695611466 0.04086586054300595 0.18113516565008286 0.0027612067934473794 0.26231464537740734 0.17064257983498768 0.0171194821193682 0.30925516086599547 0.36834498624574785 0.2805386102141538 0.10216465135751487 0.028716550651841644
0.01822396483674646 0.21150844037799363 0.5467189451023834 0.34238964238735015 0.8813772084680858 0.9272132412392955 0.15628430450906686 0.0171194821193682 0.0 0.0 0.0 0.0077313790216512746 0.3490165386916232 0.6941673878724207 0.44621101782093764 0.3462553318981758 0.30318050592041335 0.49425601602690394 0.03810465374956204 0.022089654347572096 0.013253792608542564 0.011597068532473442 0.0027612067934473794 0.0011044827173782579 0.004970172228203895 0.019328447554124717 0.03534344695611466 0.0342389642387364 0.04970172228203548 0.027612067934463386 0.0027612067934473794 0.0038656895108256373 0.0077313790216512746 0.025955343858397734 0.561629461786995 0.566599634015199 0.06847792847746934 0.0027612067934473794 0.27280723119250255 0.263971369453473 0.10989603037916615 0.006626896304273017 0.2070905095084806 0.16898585575891856 0.12480654706377783 0.05080620499941374
0.27777740342070645 0.6941673878724207 0.4892858437987001 0.9901687561298735 1.7058735569911756 1.41263339552717 0.0392091364669403 0.0 0.0011044827173782579 0.0011044827173782579 0.0 0.008835861739029532 0.0342389642387364 1.8102471737834505 1.0547809950965172 0.6720777335248486 0.6168535976559218 0.047492756847278966 0.028716550651841644 0.005522413586894759 0.0027612067934473794 0.009388103097716927 0.0038656895108256373 0.0016567240760691215 0.009388103097716927 0.02264189570625949 0.03534344695611466 0.0298210333692199 0.008835861739029532 0.0016567240760691215 0.0027612067934473794 0.004970172228203895 0.0171194821193682 0.20874723358454625 0.7002420428180028 0.5787489439063632 0.21923981939964143 0.006626896304273017 0.15241861499824122 0.2070905095084806 0.05522413586892677 0.0016567240760691215 0.0077313790216512746 0.030373274727910765 0.03810465374956204 0.0342389642387364
0.4346139492884607 0.3434941251047319 0.051358446358104604 0.10879154766178789 0.08780637603159405 0.04086586054300595 0.0011044827173782579 0.0011044827173782579 0.004970172228203895 0.0016567240760691215 0.0011044827173782579 0.0027612067934473794 0.008835861739029532 0.02374637842363775 0.05080620499941374 0.10658258222703137 0.13640361559625128 0.006626896304273017 0.0016567240760691215 0.0011044827173782579 0.0 0.0016567240760691215 0.006626896304273017 0.0038656895108256373 0.0171194821193682 0.026507585217085128 0.024850861141019476 0.02264189570625949 0.0038656895108256373 0.0011044827173782579 0.0038656895108256373 0.06295551489057805 0.07068689391222932 0.8261530725991589 0.602495322330001 0.22144878483440142 0.008835861739029532 0.016014999401989943 0.6129879081450962 0.38159877885429044 0.07731379021649887 0.004970172228203895 0.02098517163019384 0.01546275804329908 0.013253792608542564 0.011597068532473442
0.338523952876528 0.3042849886377916 0.11431396124867918 0.09553775505324533 0.04197034326038421 0.005522413586894759 0.0011044827173782579 0.005522413586894759 0.005522413586894759 0.0016567240760691215 0.0011044827173782579 0.0016567240760691215 0.0038656895108256373 0.0027612067934473794 0.027612067934463386 0.0392091364669403 0.022089654347572096 0.0 0.0016567240760691215 0.0011044827173782579 0.0011044827173782579 0.0038656895108256373 0.013253792608542564 0.005522413586894759 0.014358275325920822 0.02264189570625949 0.02098517163019384 0.0077313790216512746 0.0016567240760691215 0.004970172228203895 0.03534344695611466 0.18776206195435588 0.6129879081450962 0.17726947613925723 0.040313619184318555 0.15352309771561948 0.30925516086599547 0.0038656895108256373 0.03147775744528902 0.5246292907548147 0.5036441191246209 0.005522413586894759 0.0038656895108256373 0.009388103097716927 0.010492585815095185 0.006626896304273017
0.3125686090181302 0.38546446836511605 0.22034430211702316 0.07234361798829497 0.022089654347572096 0.006626896304273017 0.012149309891164306 0.01546275804329908 0.004970172228203895 0.0016567240760691215 0.0016567240760691215 0.0038656895108256373 0.005522413586894759 0.0027612067934473794 0.012149309891164306 0.013253792608542564 0.0027612067934473794 0.0 0.0 0.0011044827173782579 0.0027612067934473794 0.005522413586894759 0.011597068532473442 0.010492585815095185 0.012149309891164306 0.014358275325920822 0.012149309891164306 0.005522413586894759 0.0027612067934473794 0.01546275804329908 0.10603034086834051 0.4174944671690925 2.031143717259161 0.726749628035088 0.4340617079297733 0.23912050831245701 0.1032691340748966 0.006626896304273017 0.0038656895108256373 0.11431396124867918 0.11541844396605744 0.005522413586894759 0.006626896304273017 0.013253792608542564 0.010492585815095185 0.006626896304273017
0.25347878363837784 0.17947844157401374 0.06019430809713067 0.04362706733645333 0.012149309891164306 0.0 0.005522413586894759 0.010492585815095185 0.0027612067934473794 0.004970172228203895 0.005522413586894759 0.0038656895108256373 0.0016567240760691215 0.0 0.0016567240760691215 0.0027612067934473794 0.0011044827173782579 0.0 0.0 0.0011044827173782579 0.006626896304273017 0.0038656895108256373 0.010492585815095185 0.012149309891164306 0.011597068532473442 0.004970172228203895 0.0027612067934473794 0.004970172228203895 0.0171194821193682 0.043074825977762465 0.11707516804212656 0.50530084320069 0.6687642853727138 0.4721663616793319 0.18223964836746112 0.12977671929198173 0.05743310130368676 0.016014999401989943 0.006626896304273017 0.0016567240760691215 0.004970172228203895 0.005522413586894759 0.009388103097716927 0.016014999401989943 0.011597068532473442 0.004970172228203895
0.08394068652077188 0.030373274727910765 0.0011044827173782579 0.006626896304273017 0.0027612067934473794 0.0011044827173782579 0.004970172228203895 0.004970172228203895 0.0016567240760691215 0.0016567240760691215 0.006626896304273017 0.004970172228203895 0.0016567240760691215 0.0011044827173782579 0.0 0.0 0.0 0.0 0.0 0.0016567240760691215 0.010492585815095185 0.008835861739029532 0.010492585815095185 0.011597068532473442 0.005522413586894759 0.0016567240760691215 0.0038656895108256373 0.014358275325920822 0.045836032771209845 0.03147775744528902 0.05743310130368676 0.051358446358104604 0.06019430809713067 0.02374637842363775 0.022089654347572096 0.016014999401989943 0.0171194821193682 0.008835861739029532 0.004970172228203895 0.0027612067934473794 0.0077313790216512746 0.019328447554124717 0.025955343858397734 0.028716550651841644 0.019328447554124717 0.008835861739029532
0.04473155005383159 0.005522413586894759 0.0 0.004970172228203895 0.0027612067934473794 0.0011044827173782579 0.0016567240760691215 0.0016567240760691215 0.0011044827173782579 0.0 0.0038656895108256373 0.0077313790216512746 0.004970172228203895 0.0016567240760691215 0.0 0.0 0.0 0.0 0.0027612067934473794 0.005522413586894759 0.014358275325920822 0.016014999401989943 0.013253792608542564 0.0077313790216512746 0.0016567240760691215 0.008835861739029532 0.02374637842363775 0.033134481521358145 0.028716550651841644 0.016014999401989943 0.0077313790216512746 0.0027612067934473794 0.0027612067934473794 0.0016567240760691215 0.0011044827173782579 0.0011044827173782579 0.0016567240760691215 0.0038656895108256373 0.0038656895108256373 0.006626896304273017 0.1728515452697442 0.1734037866284316 0.026507585217085128 0.022089654347572096 0.025955343858397734 0.047492756847278966
0.05743310130368676 0.024850861141019476 0.0 0.0 0.0 0.0 0.0011044827173782579 0.0011044827173782579 0.0 0.0 0.0 0.0038656895108256373 0.004970172228203895 0.0011044827173782579 0.0 0.0 0.0 0.0 0.0027612067934473794 0.008835861739029532 0.014358275325920822 0.016014999401989943 0.010492585815095185 0.004970172228203895 0.006626896304273017 0.013253792608542564 0.05743310130368676 0.04086586054300595 0.02374637842363775 0.010492585815095185 0.0016567240760691215 0.0016567240760691215 0.0 0.0 0.0 0.0 0.0016567240760691215 0.0038656895108256373 0.008835861739029532 0.291031196029249 0.4417930869514211 0.4578080863534111 0.30980740222468284 0.2612101626600291 0.3672405035283696 0.3307925738548767
0.02098517163019384 0.04197034326038421 0.0 0.0011044827173782579 0.0 0.0 0.0 0.0 0.0 0.0 0.0 0.0 0.0 0.0 0.0 0.0 0.0 0.0 0.004970172228203895 0.010492585815095185 0.009388103097716927 0.013253792608542564 0.011597068532473442 0.01546275804329908 0.01822396483674646 0.01822396483674646 0.06295551489057805 0.03258224016266728 0.016014999401989943 0.0038656895108256373 0.0011044827173782579 0.0011044827173782579 0.0 0.0 0.0 0.0038656895108256373 0.005522413586894759 0.009388103097716927 0.016014999401989943 0.46830067216850624 0.4522856727665163 0.5102710154288904 0.4787932579836049 0.37552412390870826 0.5693608408086464 0.4384796387992863
0.0171194821193682 0.03258224016266728 0.0 0.0027612067934473794 0.0011044827173782579 0.0 0.0 0.0 0.0 0.0 0.0 0.0 0.0 0.0 0.0 0.0 0.0 0.004970172228203895 0.011597068532473442 0.01546275804329908 0.012149309891164306 0.02264189570625949 0.03644792967349292 0.03644792967349292 0.025955343858397734 0.0298210333692199 0.026507585217085128 0.022089654347572096 0.013253792608542564 0.005522413586894759 0.0016567240760691215 0.0 0.0 0.0 0.0016567240760691215 0.006626896304273017 0.009388103097716927 0.012149309891164306 0.01822396483674646 0.045836032771209845 0.2048815440737206 0.14965740820479384 0.02264189570625949 0.01822396483674646 0.011597068532473442 0.011597068532473442
0.0392091364669403 0.0016567240760691215 0.0 0.0 0.0 0.0 0.0 0.0 0.0 0.0 0.0 0.0 0.0 0.0 0.0 0.0 0.008835861739029532 0.008835861739029532 0.012149309891164306 0.02374637842363775 0.027612067934463386 0.05246292907548286 0.043074825977762465 0.028716550651841644 0.0171194821193682 0.014358275325920822 0.026507585217085128 0.028716550651841644 0.01988068891281558 0.008835861739029532 0.0016567240760691215 0.0 0.0 0.0 0.0 0.0038656895108256373 0.006626896304273017 0.0027612067934473794 0.014358275325920822 0.06185103217319979 0.17064257983498768 0.11155275445523527 0.012149309891164306 0.008835861739029532 0.013253792608542564 0.009388103097716927
0.01822396483674646 0.0016567240760691215 0.0 0.0 0.0 0.0 0.0 0.0 0.0 0.0 0.0 0.0 0.0 0.0 0.0 0.0016567240760691215 0.004970172228203895 0.01546275804329908 0.0298210333692199 0.04197034326038421 0.05246292907548286 0.05356741179286112 0.0392091364669403 0.024850861141019476 0.014358275325920822 0.011597068532473442 0.028716550651841644 0.03147775744528902 0.028716550651841644 0.014358275325920822 0.0016567240760691215 0.0016567240760691215 0.0 0.0 0.0 0.0011044827173782579 0.0016567240760691215 0.0016567240760691215 0.0016567240760691215 0.009388103097716927 0.013253792608542564 0.0077313790216512746 0.0038656895108256373 0.006626896304273017 0.009388103097716927 0.0027612067934473794
0.0038656895108256373 0.0 0.0 0.0 0.0 0.0 0.0 0.014358275325920822 0.0695824111948476 0.0171194821193682 0.0011044827173782579 0.0 0.0 0.0 0.0016567240760691215 0.011597068532473442 0.0298210333692199 0.04970172228203548 0.05908982537975241 0.05246292907548286 0.04197034326038421 0.04473155005383159 0.022089654347572096 0.009388103097716927 0.012149309891164306 0.01988068891281558 0.02374637842363775 0.0077313790216512746 0.0077313790216512746 0.006626896304273017 0.0016567240760691215 0.0011044827173782579 0.0027612067934473794 0.0027612067934473794 0.0011044827173782579 0.0011044827173782579 0.0027612067934473794 0.0038656895108256373 0.006626896304273017 0.010492585815095185 0.008835861739029532 0.008835861739029532 0.016014999401989943 0.040313619184318555 0.03644792967349292 0.024850861141019476
0.0 0.0 0.0 0.0 0.0 0.0011044827173782579 0.0016567240760691215 0.01546275804329908 0.08228396244470276 0.040313619184318555 0.011597068532473442 0.0 0.0 0.0 0.0016567240760691215 0.025955343858397734 0.09719447912931445 0.11265723717261353 0.09608999641193272 0.08283620380339016 0.026507585217085128 0.01822396483674646 0.010492585815095185 0.010492585815095185 0.013253792608542564 0.010492585815095185 0.009388103097716927 0.0027612067934473794 0.0016567240760691215 0.0011044827173782579 0.0 0.0011044827173782579 0.0016567240760691215 0.0016567240760691215 0.0016567240760691215 0.0027612067934473794 0.004970172228203895 0.0077313790216512746 0.0077313790216512746 0.01546275804329908 0.009388103097716927 0.014358275325920822 0.025955343858397734 0.033134481521358145 0.03534344695611466 0.03700017103218031
0.0 0.0 0.0 0.0 0.0011044827173782579 0.0011044827173782579 0.0016567240760691215 0.0016567240760691215 0.033134481521358145 0.022089654347572096 0.011597068532473442 0.0 0.0 0.0 0.005522413586894759 0.048597239564657224 0.12038861619426133 0.11707516804212656 0.09332878961848881 0.06295551489057805 0.019328447554124717 0.009388103097716927 0.0077313790216512746 0.0077313790216512746 0.0077313790216512746 0.0077313790216512746 0.0027612067934473794 0.0027612067934473794 0.0027612067934473794 0.0027612067934473794 0.0027612067934473794 0.0016567240760691215 0.0016567240760691215 0.0016567240760691215 0.0016567240760691215 0.0027612067934473794 0.0038656895108256373 0.006626896304273017 0.014358275325920822 0.03258224016266728 0.04473155005383159 0.0469405154885881 0.05080620499941374 0.42633032890812206 0.03810465374956204 0.030373274727910765
