static/data/precipitation/2023/7/24/18.asc
ncols 137
nrows 93
xllcorner 108.0
yllcorner 17.0
cellsize 0.25
NODATA_value -32767
[rows 42 to 62 of 93, columns 47 to 93 of 137]
0.0 0.0 0.0 0.0 0.0 0.0 0.0 0.0 0.005522413586894759 0.005522413586894759 0.0 0.0 0.016014999401989943 0.03644792967349292 0.06350775624926544 0.061298790814508924 0.14689620141134646 0.07731379021649887 0.04252258461907507 0.0022089654347565157 0.0011044827173782579 0.0016567240760691215 0.004970172228203895 0.01546275804329908 0.24077723238852614 0.5958684260257314 0.9763627221626402 1.069691511781129 0.48265894749442706 0.1977024064107602 0.2468518873341083 0.8366456584142541 0.29710585097483116 0.24629964597541742 0.0347912055974238 0.0469405154885881 0.04362706733645333 0.03368672288004554 0.028716550651841644 0.027612067934463386 0.02705982657577599 0.035895688314802054 0.038656895108249434 0.040313619184318555 0.03534344695611466 0.029268792010532507 0.026507585217085128
0.0 0.0 0.0 0.0 0.0 0.0 0.0 0.0 0.006626896304273017 0.009388103097716927 0.0027612067934473794 0.0 0.0298210333692199 0.05080620499941374 0.053015170434170256 0.04473155005383159 0.06792568711878194 0.03534344695611466 0.004970172228203895 0.0027612067934473794 0.0016567240760691215 0.0033134481521347736 0.00994034445640779 0.019328447554124717 0.03644792967349292 0.3650315380936131 0.8084813491210998 0.841615830642458 0.27667292070332816 0.1032691340748966 0.1330901674441165 0.05246292907548286 0.03700017103218031 0.02264189570625949 0.033134481521358145 0.047492756847278966 0.053015170434170256 0.04528379141252245 0.0392091364669403 0.0342389642387364 0.0342389642387364 0.03644792967349292 0.04141810190169681 0.043074825977762465 0.0347912055974238 0.02816430929315425 0.030373274727910765
0.0 0.0 0.0 0.0 0.0 0.0 0.0005522413586908637 0.0011044827173782579 0.017671723478055595 0.020432930271502975 0.025955343858397734 0.03092551608659816 0.053015170434170256 0.0640599976079563 0.06626896304271282 0.051358446358104604 0.0469405154885881 0.0171194821193682 0.0044179308695130315 0.0022089654347565157 0.004970172228203895 0.007179137662960411 0.014910516684611685 0.02264189570625949 0.03976137782562769 0.058537584021065014 0.10713482358571877 0.3705539516805044 0.29489688554007465 0.1209408575529522 0.0469405154885881 0.01988068891281558 0.018776206195437323 0.021537412988881233 0.03258224016266728 0.047492756847278966 0.058537584021065014 0.05467189451023938 0.0392091364669403 0.0347912055974238 0.043074825977762465 0.03644792967349292 0.04417930869514072 0.04362706733645333 0.03534344695611466 0.02374637842363775 0.02264189570625949
0.0 0.0 0.0 0.0 0.0016567240760691215 0.0027612067934473794 0.0 0.008835861739029532 0.0171194821193682 0.03810465374956204 0.05080620499941374 0.09277654825979795 0.07123913527091671 0.06571672168402543 0.0690301698361602 0.08007499700994625 0.04417930869514072 0.01270155124985517 0.0016567240760691215 0.0038656895108256373 0.006626896304273017 0.011597068532473442 0.01270155124985517 0.02098517163019384 0.037552412390871176 0.05356741179286112 0.07289585934698584 0.1380603396723204 0.11320947853130092 0.06461223896664717 0.025955343858397734 0.019328447554124717 0.017671723478055595 0.02264189570625949 0.026507585217085128 0.03534344695611466 0.05743310130368676 0.048597239564657224 0.030373274727910765 0.04362706733645333 0.05632861858630503 0.05080620499941374 0.04141810190169681 0.048597239564657224 0.04473155005383159 0.0392091364669403 0.0011044827173782579
0.0 0.0 0.0 0.011044827173786048 0.014358275325920822 0.006626896304273017 0.0005522413586908637 0.010492585815095185 0.0298210333692199 0.07123913527091671 0.09995568592275836 0.05798534266237415 0.054119653151548514 0.05467189451023938 0.04638827412990071 0.029268792010532507 0.006074654945582153 0.0016567240760691215 0.0016567240760691215 0.006074654945582153 0.012149309891164306 0.012149309891164306 0.014358275325920822 0.03147775744528902 0.050253963640722876 0.07013465255353846 0.12038861619426133 0.13032896065066912 0.0982989618466927 0.05688085994499589 0.03258224016266728 0.020432930271502975 0.022089654347572096 0.02264189570625949 0.025955343858397734 0.027612067934463386 0.04086586054300595 0.017671723478055595 0.027612067934463386 0.05743310130368676 0.08780637603159405 0.07676154885781147 0.05743310130368676 0.06240327353188718 0.04362706733645333 0.0016567240760691215 0.0011044827173782579
0.0 0.0 0.011597068532473442 0.04141810190169681 0.13971706374838605 0.2148218885301284 0.004970172228203895 0.0861496519555284 0.05632861858630503 0.01988068891281558 0.010492585815095185 0.014910516684611685 0.02098517163019384 0.013806033967233428 0.006074654945582153 0.0038656895108256373 0.0016567240760691215 0.0022089654347565157 0.004970172228203895 0.013806033967233428 0.02264189570625949 0.012149309891164306 0.027612067934463386 0.06185103217319979 0.09056758282504143 0.0988512032053801 0.08283620380339016 0.11155275445523527 0.0988512032053801 0.07289585934698584 0.05632861858630503 0.055776377227617635 0.0392091364669403 0.02705982657577599 0.02264189570625949 0.023194137064950354 0.022089654347572096 0.016567240760677338 0.054119653151548514 0.1435827532592117 0.21923981939964143 0.11376171988999179 0.07510482478174235 0.06516448032533456 0.04252258461907507 0.006074654945582153 0.0011044827173782579
0.0 0.0016567240760691215 0.0033134481521347736 0.15462758043299774 0.21150844037799363 0.11873189211819568 0.0027612067934473794 0.058537584021065014 0.03534344695611466 0.006626896304273017 0.0022089654347565157 0.0022089654347565157 0.0044179308695130315 0.0044179308695130315 0.005522413586894759 0.005522413586894759 0.0027612067934473794 0.005522413586894759 0.008835861739029532 0.02264189570625949 0.03700017103218031 0.0392091364669403 0.04252258461907507 0.08891085874897231 0.11376171988999179 0.10823930630309703 0.15186637363955036 0.20377706135634235 0.1778217174979481 0.1159706853247483 0.0690301698361602 0.04914948092334462 0.05080620499941374 0.047492756847278966 0.03368672288004554 0.016014999401989943 0.0171194821193682 0.033134481521358145 0.0861496519555284 0.0982989618466927 0.07344810070567323 0.08504516923815014 0.07234361798829497 0.04914948092334462 0.0392091364669403 0.03258224016266728 0.005522413586894759
0.0044179308695130315 0.01546275804329908 0.023194137064950354 0.07289585934698584 0.11762740940081742 0.04970172228203548 0.0077313790216512746 0.043074825977762465 0.019328447554124717 0.0022089654347565157 0.0005522413586908637 0.0016567240760691215 0.0044179308695130315 0.005522413586894759 0.0027612067934473794 0.0038656895108256373 0.0044179308695130315 0.0077313790216512746 0.013806033967233428 0.0392091364669403 0.05798534266237415 0.06461223896664717 0.09277654825979795 0.13971706374838605 0.11707516804212656 0.17671723478056983 0.17616499342187897 0.17009033847629682 0.1281199952159126 0.08062723836863364 0.0469405154885881 0.02374637842363775 0.035895688314802054 0.047492756847278966 0.037552412390871176 0.01988068891281558 0.019328447554124717 0.02374637842363775 0.020432930271502975 0.04086586054300595 0.03368672288004554 0.05356741179286112 0.06461223896664717 0.029268792010532507 0.025955343858397734 0.02816430929315425 0.019328447554124717
0.06074654945582153 0.033134481521358145 0.05246292907548286 0.0740003420643641 0.07731379021649887 0.04528379141252245 0.018776206195437323 0.01822396483674646 0.0033134481521347736 0.0022089654347565157 0.0016567240760691215 0.0022089654347565157 0.004970172228203895 0.004970172228203895 0.0027612067934473794 0.0027612067934473794 0.004970172228203895 0.008835861739029532 0.028716550651841644 0.05688085994499589 0.09719447912931445 0.11541844396605744 0.14634396005265907 0.14137378782445517 0.13419465016149476 0.16843361440023116 0.15628430450906686 0.11652292668343917 0.06792568711878194 0.0298210333692199 0.02540310249970687 0.019328447554124717 0.03147775744528902 0.061298790814508924 0.05522413586892677 0.033134481521358145 0.02098517163019384 0.0171194821193682 0.011597068532473442 0.05356741179286112 0.15241861499824122 0.18720982059566502 0.061298790814508924 0.03534344695611466 0.02705982657577599 0.02098517163019384 0.026507585217085128
0.061298790814508924 0.051910687716792 0.08338844516208102 0.11707516804212656 0.11541844396605744 0.04141810190169681 0.012149309891164306 0.0038656895108256373 0.0022089654347565157 0.0016567240760691215 0.0033134481521347736 0.0044179308695130315 0.0038656895108256373 0.0022089654347565157 0.0033134481521347736 0.010492585815095185 0.013806033967233428 0.04362706733645333 0.06682120440140368 0.10437361679227486 0.1408215464657643 0.15186637363955036 0.12425430570508697 0.11762740940081742 0.10934378902047875 0.12204534027033045 0.10106016864013662 0.0690301698361602 0.02264189570625949 0.01546275804329908 0.013806033967233428 0.02374637842363775 0.07510482478174235 0.08946310010766317 0.0911198241837323 0.07068689391222932 0.061298790814508924 0.03258224016266728 0.037552412390871176 0.23856826695376615 0.32637464298536367 0.17119482119367507 0.053015170434170256 0.02540310249970687 0.019328447554124717 0.01546275804329908 0.04914948092334462
0.0342389642387364 0.09553775505324533 0.07455258342305149 0.11376171988999179 0.10437361679227486 0.0298210333692199 0.0016567240760691215 0.0005522413586908637 0.0016567240760691215 0.0027612067934473794 0.0044179308695130315 0.005522413586894759 0.0044179308695130315 0.004970172228203895 0.01546275804329908 0.02816430929315425 0.054119653151548514 0.08338844516208102 0.10492585815096225 0.14634396005265907 0.155732063150376 0.13032896065066912 0.10271689271620574 0.0982989618466927 0.0911198241837323 0.07676154885781147 0.04528379141252245 0.02098517163019384 0.014358275325920822 0.008283620380338669 0.018776206195437323 0.033134481521358145 0.08283620380339016 0.1330901674441165 0.13474689152018215 0.0982989618466927 0.08891085874897231 0.0469405154885881 0.06792568711878194 0.25789671450789087 0.23580706016032224 0.0811794797273245 0.03700017103218031 0.010492585815095185 0.01270155124985517 0.011597068532473442 0.04473155005383159
0.02540310249970687 0.10492585815096225 0.03368672288004554 0.03534344695611466 0.033134481521358145 0.028716550651841644 0.0011044827173782579 0.0005522413586908637 0.0022089654347565157 0.004970172228203895 0.008283620380338669 0.00994034445640779 0.01546275804329908 0.02540310249970687 0.04473155005383159 0.09167206554241969 0.11652292668343917 0.10161240999882748 0.11652292668343917 0.13695585695494214 0.10768706494440963 0.07841827293387713 0.07897051429256799 0.07841827293387713 0.06240327353188718 0.03976137782562769 0.014910516684611685 0.013253792608542564 0.007179137662960411 0.00994034445640779 0.02264189570625949 0.06682120440140368 0.07841827293387713 0.17119482119367507 0.15904551130251077 0.11707516804212656 0.08062723836863364 0.04417930869514072 0.06240327353188718 0.043074825977762465 0.040313619184318555 0.04362706733645333 0.024850861141019476 0.018776206195437323 0.021537412988881233 0.014910516684611685 0.05632861858630503
0.011597068532473442 0.024850861141019476 0.007179137662960411 0.0022089654347565157 0.0016567240760691215 0.0016567240760691215 0.0005522413586908637 0.0005522413586908637 0.004970172228203895 0.006074654945582153 0.008283620380338669 0.025955343858397734 0.03644792967349292 0.06461223896664717 0.08891085874897231 0.14855292548741558 0.15959775266120163 0.14247827054183343 0.09498551369455446 0.07952275565125538 0.045836032771209845 0.04473155005383159 0.0469405154885881 0.040313619184318555 0.017671723478055595 0.01270155124985517 0.0077313790216512746 0.008283620380338669 0.019328447554124717 0.024850861141019476 0.053015170434170256 0.13032896065066912 0.16622464896547118 0.21923981939964143 0.1977024064107602 0.13088120200936 0.11873189211819568 0.04362706733645333 0.038656895108249434 0.04638827412990071 0.04252258461907507 0.0347912055974238 0.04197034326038421 0.04638827412990071 0.03644792967349292 0.04417930869514072 0.07013465255353846
0.02816430929315425 0.01546275804329908 0.0016567240760691215 0.0022089654347565157 0.0016567240760691215 0.0005522413586908637 0.0 0.0005522413586908637 0.0027612067934473794 0.0044179308695130315 0.01270155124985517 0.04252258461907507 0.0911198241837323 0.09332878961848881 0.11762740940081742 0.0988512032053801 0.09774672048800184 0.08835861739028492 0.04914948092334462 0.022089654347572096 0.027612067934463386 0.029268792010532507 0.024298619782328612 0.016014999401989943 0.010492585815095185 0.010492585815095185 0.008835861739029532 0.02816430929315425 0.05080620499941374 0.09222430690111055 0.15849326994382337 0.17837395885663548 0.25844895586658173 0.2733594725511934 0.20101585456289844 0.10658258222703137 0.09553775505324533 0.0817317210860119 0.06461223896664717 0.054119653151548514 0.05688085994499589 0.05743310130368676 0.05080620499941374 0.07179137662960758 0.0988512032053801 0.11707516804212656 0.09940344456407096
0.02264189570625949 0.0005522413586908637 0.0 0.0 0.0 0.0 0.0 0.0 0.0022089654347565157 0.021537412988881233 0.04141810190169681 0.09940344456407096 0.1850008551609085 0.12370206434639958 0.09443327233586707 0.07620930749912061 0.05356741179286112 0.03092551608659816 0.020432930271502975 0.013806033967233428 0.021537412988881233 0.02264189570625949 0.02098517163019384 0.014910516684611685 0.004970172228203895 0.00994034445640779 0.033134481521358145 0.09940344456407096 0.1728515452697442 0.20432930271503322 0.19162775146517805 0.2573444731492035 0.155732063150376 0.12204534027033045 0.11983637483557394 0.11817965075950482 0.12204534027033045 0.18444861380221764 0.12259758162902132 0.05080620499941374 0.047492756847278966 0.07841827293387713 0.0867018933142158 0.08559741059683754 0.11652292668343917 0.09608999641193272 0.0867018933142158
0.0016567240760691215 0.0 0.0 0.0 0.0 0.0 0.0 0.0 0.0027612067934473794 0.06571672168402543 0.09332878961848881 0.12425430570508697 0.1728515452697442 0.050253963640722876 0.08835861739028492 0.04970172228203548 0.029268792010532507 0.01988068891281558 0.008835861739029532 0.0038656895108256373 0.00994034445640779 0.012149309891164306 0.010492585815095185 0.008835861739029532 0.008283620380338669 0.021537412988881233 0.06461223896664717 0.12977671929198173 0.14744844277003732 0.14137378782445517 0.12756775385722174 0.12425430570508697 0.05964206673844327 0.04362706733645333 0.04086586054300595 0.035895688314802054 0.0342389642387364 0.05798534266237415 0.06461223896664717 0.055776377227617635 0.061298790814508924 0.058537584021065014 0.028716550651841644 0.02816430929315425 0.024850861141019476 0.02264189570625949 0.021537412988881233
0.0011044827173782579 0.0 0.0 0.0 0.0 0.0 0.0 0.0 0.0027612067934473794 0.09277654825979795 0.11431396124867918 0.11541844396605744 0.1032691340748966 0.13088120200936 0.11707516804212656 0.05632861858630503 0.027612067934463386 0.01270155124985517 0.0033134481521347736 0.0044179308695130315 0.00994034445640779 0.017671723478055595 0.016014999401989943 0.013253792608542564 0.027612067934463386 0.050253963640722876 0.07565706614042975 0.05688085994499589 0.06461223896664717 0.05246292907548286 0.0392091364669403 0.033134481521358145 0.024298619782328612 0.012149309891164306 0.012149309891164306 0.008835861739029532 0.008835861739029532 0.019328447554124717 0.025955343858397734 0.0469405154885881 0.05908982537975241 0.06074654945582153 0.03976137782562769 0.021537412988881233 0.011597068532473442 0.011044827173786048 0.04086586054300595
0.0 0.0 0.0 0.0 0.0 0.0 0.0 0.0 0.0044179308695130315 0.15186637363955036 0.17671723478056983 0.13419465016149476 0.11652292668343917 0.08394068652077188 0.1110005130965444 0.05246292907548286 0.023194137064950354 0.010492585815095185 0.0077313790216512746 0.008835861739029532 0.012149309891164306 0.01988068891281558 0.0298210333692199 0.06461223896664717 0.07952275565125538 0.03202999880397989 0.027612067934463386 0.019328447554124717 0.020432930271502975 0.010492585815095185 0.010492585815095185 0.0077313790216512746 0.004970172228203895 0.008835861739029532 0.008835861739029532 0.006626896304273017 0.008283620380338669 0.00994034445640779 0.0077313790216512746 0.02374637842363775 0.03534344695611466 0.035895688314802054 0.053015170434170256 0.03147775744528902 0.021537412988881233 0.016014999401989943 0.040313619184318555
0.0 0.0 0.0 0.0 0.0 0.0 0.0 0.0 0.0033134481521347736 0.13640361559625128 0.13088120200936 0.08504516923815014 0.08559741059683754 0.02374637842363775 0.07455258342305149 0.06682120440140368 0.03976137782562769 0.025955343858397734 0.0077313790216512746 0.01546275804329908 0.014358275325920822 0.038656895108249434 0.11541844396605744 0.15186637363955036 0.06240327353188718 0.01546275804329908 0.008283620380338669 0.006074654945582153 0.007179137662960411 0.010492585815095185 0.012149309891164306 0.00994034445640779 0.014910516684611685 0.016567240760677338 0.009388103097716927 0.007179137662960411 0.008835861739029532 0.00994034445640779 0.006626896304273017 0.007179137662960411 0.019328447554124717 0.043074825977762465 0.061298790814508924 0.040313619184318555 0.0392091364669403 0.03258224016266728 0.01822396483674646
0.0 0.0 0.0 0.0 0.0033134481521347736 0.0033134481521347736 0.0 0.0 0.0016567240760691215 0.12480654706377783 0.11873189211819568 0.03644792967349292 0.04252258461907507 0.04141810190169681 0.04362706733645333 0.04417930869514072 0.04473155005383159 0.03202999880397989 0.017671723478055595 0.0392091364669403 0.0347912055974238 0.08559741059683754 0.1629112008133364 0.13143344336804738 0.03092551608659816 0.012149309891164306 0.01546275804329908 0.01270155124985517 0.013253792608542564 0.0171194821193682 0.021537412988881233 0.022089654347572096 0.025955343858397734 0.024298619782328612 0.0171194821193682 0.013806033967233428 0.014358275325920822 0.022089654347572096 0.01988068891281558 0.019328447554124717 0.016014999401989943 0.040313619184318555 0.054119653151548514 0.04362706733645333 0.045836032771209845 0.04417930869514072 0.030373274727910765
0.0 0.0 0.007179137662960411 0.0 0.0038656895108256373 0.004970172228203895 0.0 0.0 0.0 0.1380603396723204 0.12370206434639958 0.03810465374956204 0.061298790814508924 0.1386125810310078 0.06461223896664717 0.01822396483674646 0.016567240760677338 0.023194137064950354 0.02705982657577599 0.06240327353188718 0.047492756847278966 0.09664223777062358 0.0817317210860119 0.040313619184318555 0.026507585217085128 0.014910516684611685 0.022089654347572096 0.01988068891281558 0.021537412988881233 0.0298210333692199 0.03258224016266728 0.035895688314802054 0.0342389642387364 0.033134481521358145 0.03700017103218031 0.0347912055974238 0.05632861858630503 0.07179137662960758 0.061298790814508924 0.03092551608659816 0.025955343858397734 0.026507585217085128 0.03368672288004554 0.037552412390871176 0.0640599976079563 0.06682120440140368 0.05632861858630503
