static/data/precipitation/2023/7/24/6.asc
ncols 137
nrows 93
xllcorner 108.0
yllcorner 17.0
cellsize 0.25
NODATA_value -32767
[rows 60 to 79 of 93, columns 44 to 87 of 137]
0.0 0.0 0.0 0.0 0.0 0.0 0.0 0.0 0.004970172228203895 0.024850861141019476 0.10437361679227486 0.01546275804329908 0.0 0.0 0.0005522413586908637 0.0027612067934473794 0.008835861739029532 0.0077313790216512746 0.005522413586894759 0.011044827173786048 0.027612067934463386 0.06295551489057805 0.16732913168284944 0.5008829123311735 0.5654951512978207 0.5483756691784525 0.5378830833633573 0.21868757804095404 0.23525481880163138 0.20156809592158584 0.2264189570626053 0.2645236108121639 0.50530084320069 0.7488392823826601 1.3104687441696552 0.839959106566389 0.6958241119484898 0.6759434230356742 0.8697801399356122 0.8868996220549805 0.44289756966879934 0.33686722880045883 0.22365775026915793 0.1110005130965444
0.0 0.0 0.0 0.0 0.0 0.0 0.0 0.011044827173786048 0.01546275804329908 0.6030475636886918 0.09940344456407096 0.01270155124985517 0.0 0.0 0.012149309891164306 0.01822396483674646 0.009388103097716927 0.01270155124985517 0.008835861739029532 0.014358275325920822 0.030373274727910765 0.17616499342187897 0.3147775744528868 0.5671518753738863 0.39650929553890213 0.37883757206084306 0.28771774787711424 0.0016567240760691215 0.0016567240760691215 0.22862792249736183 0.24740412869279568 0.29268792010531813 0.5340173938525317 0.7527049718934857 1.116632027269717 0.6317641143405335 0.3810465374955996 0.36116584858278744 0.3578524004306527 0.3976137782562804 0.2717027484751243 0.22365775026915793 0.1402693051070769 0.1551798217916886
0.0 0.0 0.0 0.0 0.0 0.0 0.0 0.01270155124985517 0.14634396005265907 1.2419908156921824 0.16953809711760942 0.01270155124985517 0.0 0.0 0.012149309891164306 0.037552412390871176 0.0077313790216512746 0.014910516684611685 0.008835861739029532 0.014910516684611685 0.05688085994499589 0.2512698182036213 0.3733151584739518 0.3501210214090014 0.18941878603042153 0.11983637483557394 0.0016567240760691215 0.050253963640722876 0.09498551369455446 0.2092994749432371 0.19549344097600369 0.2319413706494966 0.33410602200701145 0.5141367049397161 0.7339287656980484 0.2882699892358016 0.18058292429139547 0.24077723238852614 0.21150844037799363 0.0988512032053801 0.10879154766178789 0.1629112008133364 0.06516448032533456 0.09222430690111055
0.0 0.0 0.0 0.0 0.0 0.0 0.0 1.7113959705780704 2.400040944863596 0.2545832663557561 0.2855087824423577 0.0005522413586908637 0.008835861739029532 0.008835861739029532 0.018776206195437323 0.06019430809713067 0.0016567240760691215 0.006074654945582153 0.004970172228203895 0.012149309891164306 0.051358446358104604 0.09332878961848881 0.10879154766178789 0.06682120440140368 0.17064257983498768 0.11044827173785701 0.0016567240760691215 0.051910687716792 0.2319413706494966 0.05246292907548286 0.08946310010766317 0.1281199952159126 0.22255326755177968 0.3434941251047319 0.6787046298291216 0.2148218885301284 0.3860167097238035 0.4478677418970033 0.4136287776582669 0.2496130941275522 0.23580706016032224 0.22752343977998357 0.11928413347688308 0.027612067934463386
0.0 0.0 0.0 0.0 0.0 0.0 0.0016567240760691215 1.673843558187199 2.229398365028612 0.0005522413586908637 0.0011044827173782579 0.0022089654347565157 0.02705982657577599 0.02098517163019384 0.014910516684611685 0.0342389642387364 0.0011044827173782579 0.0022089654347565157 0.0011044827173782579 0.005522413586894759 0.020432930271502975 0.04141810190169681 0.010492585815095185 0.051910687716792 0.1728515452697442 0.2220010261930888 0.1435827532592117 0.0005522413586908637 0.0005522413586908637 0.004970172228203895 0.018776206195437323 0.043074825977762465 0.0861496519555284 0.1435827532592117 0.1452394773352808 0.2518220595623122 0.4793454993422923 0.5064053259180683 0.48265894749442706 0.5119277395049595 0.46774843080981887 0.34404636646341924 0.2816430929315321 0.1281199952159126
0.0 0.0 0.0 0.0 0.0 0.013253792608542564 0.0171194821193682 0.6328685970579118 0.8244963485230898 0.0011044827173782579 0.0 0.0 0.0016567240760691215 0.0038656895108256373 0.007179137662960411 0.00994034445640779 0.0 0.0 0.0 0.0005522413586908637 0.0016567240760691215 0.008283620380338669 0.03644792967349292 0.010492585815095185 0.008835861739029532 0.06682120440140368 0.08228396244470276 0.0027612067934473794 0.0038656895108256373 0.0077313790216512746 0.025955343858397734 0.06019430809713067 0.09940344456407096 0.12701551249853435 0.12425430570508697 0.14855292548741558 0.214269647171441 0.17064257983498768 0.07841827293387713 0.03368672288004554 0.023194137064950354 0.023194137064950354 0.04417930869514072 0.04914948092334462
0.0 0.0 0.0 0.0 0.0 0.0 0.5483756691784525 0.45283791412520713 0.13088120200936 0.12149309891163959 0.0 0.0077313790216512746 0.0022089654347565157 0.0016567240760691215 0.0022089654347565157 0.0011044827173782579 0.0 0.01822396483674646 0.010492585815095185 0.0027612067934473794 0.004970172228203895 0.028716550651841644 0.07565706614042975 0.05908982537975241 0.07510482478174235 0.07455258342305149 0.12038861619426133 0.21923981939964143 0.06792568711878194 0.11541844396605744 0.1551798217916886 0.1281199952159126 0.09608999641193272 0.0695824111948476 0.05080620499941374 0.04086586054300595 0.03202999880397989 0.021537412988881233 0.016567240760677338 0.0038656895108256373 0.006074654945582153 0.012149309891164306 0.017671723478055595 0.014358275325920822
0.0044179308695130315 0.0027612067934473794 0.0038656895108256373 0.0 0.0 0.0 1.049810822868317 0.8659144504247867 0.10823930630309703 0.014910516684611685 0.0 0.04914948092334462 0.02098517163019384 0.0022089654347565157 0.0033134481521347736 0.0011044827173782579 0.0044179308695130315 0.007179137662960411 0.006626896304273017 0.013806033967233428 0.0298210333692199 0.03534344695611466 0.1905232687477998 0.07123913527091671 0.11983637483557394 0.2468518873341083 0.3280313670614293 0.2844042997249795 0.25292654227969047 0.23580706016032224 0.17616499342187897 0.13032896065066912 0.06019430809713067 0.0298210333692199 0.019328447554124717 0.013253792608542564 0.008835861739029532 0.01270155124985517 0.012149309891164306 0.01546275804329908 0.02098517163019384 0.016567240760677338 0.013806033967233428 0.00994034445640779
0.0044179308695130315 0.0044179308695130315 0.007179137662960411 0.0 0.0005522413586908637 0.03534344695611466 1.02219875493385 0.7681677299367848 0.006074654945582153 0.0016567240760691215 0.0 0.03202999880397989 0.02540310249970687 0.009388103097716927 0.011597068532473442 0.0016567240760691215 0.005522413586894759 0.006074654945582153 0.0044179308695130315 0.0077313790216512746 0.017671723478055595 0.02540310249970687 0.10658258222703137 0.09940344456407096 0.16346344217202727 0.318091022605025 0.5505846346132091 0.5826146334171889 0.5340173938525317 0.37165843439788265 0.2634191280947856 0.11652292668343917 0.04086586054300595 0.01270155124985517 0.006074654945582153 0.004970172228203895 0.012149309891164306 0.018776206195437323 0.030373274727910765 0.03368672288004554 0.03976137782562769 0.03147775744528902 0.025955343858397734 0.01822396483674646
0.008835861739029532 0.006626896304273017 0.0016567240760691215 0.0 0.008283620380338669 0.05356741179286112 0.22807568113867097 0.6488835964599017 0.0022089654347565157 0.011044827173786048 0.0298210333692199 0.013806033967233428 0.0077313790216512746 0.004970172228203895 0.014358275325920822 0.005522413586894759 0.014358275325920822 0.014910516684611685 0.030373274727910765 0.038656895108249434 0.051910687716792 0.05522413586892677 0.07841827293387713 0.16512016624809292 0.17009033847629682 0.38546446836511605 0.49259929195083485 0.5091665327115122 0.3998227436910369 0.20653826814978973 0.13474689152018215 0.07179137662960758 0.022089654347572096 0.0033134481521347736 0.0016567240760691215 0.0027612067934473794 0.011597068532473442 0.0298210333692199 0.03258224016266728 0.03644792967349292 0.04086586054300595 0.03534344695611466 0.028716550651841644 0.030373274727910765
0.0044179308695130315 0.0 0.0 0.0005522413586908637 0.009388103097716927 0.04252258461907507 0.03147775744528902 0.0016567240760691215 0.0 0.012149309891164306 0.14965740820479384 0.033134481521358145 0.01822396483674646 0.017671723478055595 0.01822396483674646 0.0469405154885881 0.06626896304271282 0.03644792967349292 0.0342389642387364 0.047492756847278966 0.04638827412990071 0.05522413586892677 0.05688085994499589 0.12259758162902132 0.15628430450906686 0.3230611948332289 0.3771808479847774 0.338523952876528 0.18444861380221764 0.028716550651841644 0.00994034445640779 0.004970172228203895 0.0077313790216512746 0.007179137662960411 0.01270155124985517 0.017671723478055595 0.020432930271502975 0.03368672288004554 0.03368672288004554 0.033134481521358145 0.03644792967349292 0.033134481521358145 0.03202999880397989 0.0392091364669403
0.0044179308695130315 0.0 0.0005522413586908637 0.0011044827173782579 0.013253792608542564 0.006626896304273017 0.0 0.0 0.0 0.05080620499941374 0.26562809352954214 0.05908982537975241 0.03810465374956204 0.0392091364669403 0.040313619184318555 0.07344810070567323 0.09056758282504143 0.038656895108249434 0.019328447554124717 0.012149309891164306 0.00994034445640779 0.020432930271502975 0.024298619782328612 0.026507585217085128 0.1110005130965444 0.2220010261930888 0.20653826814978973 0.1678813730415403 0.17947844157401374 0.04638827412990071 0.02264189570625949 0.019328447554124717 0.023194137064950354 0.0347912055974238 0.040313619184318555 0.040313619184318555 0.040313619184318555 0.04197034326038421 0.0347912055974238 0.033134481521358145 0.03258224016266728 0.028716550651841644 0.03202999880397989 0.040313619184318555
0.005522413586894759 0.0016567240760691215 0.0016567240760691215 0.0011044827173782579 0.026507585217085128 0.0 0.0 0.0 0.050253963640722876 0.10106016864013662 0.2739117139098808 0.08449292787945928 0.08559741059683754 0.14137378782445517 0.13198568472673824 0.027612067934463386 0.019328447554124717 0.006074654945582153 0.0022089654347565157 0.0016567240760691215 0.011044827173786048 0.023194137064950354 0.025955343858397734 0.01988068891281558 0.011597068532473442 0.03644792967349292 0.03644792967349292 0.06295551489057805 0.10161240999882748 0.05743310130368676 0.05798534266237415 0.045836032771209845 0.04252258461907507 0.05688085994499589 0.05964206673844327 0.04362706733645333 0.051358446358104604 0.03534344695611466 0.02264189570625949 0.025955343858397734 0.026507585217085128 0.03147775744528902 0.029268792010532507 0.04362706733645333
0.03092551608659816 0.02264189570625949 0.004970172228203895 0.0027612067934473794 0.0 0.0 0.0 0.04638827412990071 0.1330901674441165 0.2915834373879399 0.48707687836394353 0.26562809352954214 0.17450826934581332 0.19659792369338194 0.13419465016149476 0.019328447554124717 0.0044179308695130315 0.0011044827173782579 0.0011044827173782579 0.009388103097716927 0.016014999401989943 0.01822396483674646 0.0171194821193682 0.01546275804329908 0.014358275325920822 0.03147775744528902 0.04804499820596636 0.07234361798829497 0.08780637603159405 0.07289585934698584 0.0695824111948476 0.05908982537975241 0.040313619184318555 0.03147775744528902 0.029268792010532507 0.026507585217085128 0.03258224016266728 0.017671723478055595 0.01546275804329908 0.026507585217085128 0.06847792847746934 0.09167206554241969 0.08725413467290666 0.10658258222703137
0.007179137662960411 0.009388103097716927 0.008283620380338669 0.0011044827173782579 0.0016567240760691215 0.0011044827173782579 0.0016567240760691215 0.22862792249736183 0.48265894749442706 0.5588682549935476 0.49259929195083485 0.295449126898762 0.2297324052147401 0.12977671929198173 0.043074825977762465 0.004970172228203895 0.0 0.0 0.0011044827173782579 0.008835861739029532 0.012149309891164306 0.014358275325920822 0.02098517163019384 0.01988068891281558 0.021537412988881233 0.05743310130368676 0.07179137662960758 0.06737344576009108 0.05743310130368676 0.047492756847278966 0.045836032771209845 0.024850861141019476 0.014358275325920822 0.011597068532473442 0.012149309891164306 0.01270155124985517 0.01546275804329908 0.008283620380338669 0.009388103097716927 0.2026725786389641 0.3136730917355085 0.22862792249736183 0.2855087824423577 0.35730015907196183
0.0027612067934473794 0.0016567240760691215 0.0011044827173782579 0.006074654945582153 0.030373274727910765 0.0867018933142158 0.29765809233352203 0.49039032651607833 0.5163456703744727 0.4064496399953065 0.2297324052147401 0.18389637244353024 0.10106016864013662 0.05688085994499589 0.01546275804329908 0.0022089654347565157 0.0 0.0 0.06461223896664717 0.035895688314802054 0.012149309891164306 0.014358275325920822 0.026507585217085128 0.054119653151548514 0.07179137662960758 0.0867018933142158 0.07510482478174235 0.0469405154885881 0.030373274727910765 0.01546275804329908 0.025955343858397734 0.011597068532473442 0.0077313790216512746 0.006074654945582153 0.0077313790216512746 0.00994034445640779 0.009388103097716927 0.01988068891281558 0.2369115428777005 0.5058530845593774 0.6417044587969413 0.6963763533071772 0.7924663497191133 0.897944449228763
0.0022089654347565157 0.0016567240760691215 0.016014999401989943 0.04141810190169681 0.2496130941275522 0.4660917067337497 0.5533458414066563 0.46056929314685846 0.3860167097238035 0.23580706016032224 0.1402693051070769 0.07123913527091671 0.051910687716792 0.01988068891281558 0.013806033967233428 0.006626896304273017 0.0044179308695130315 0.0038656895108256373 0.024298619782328612 0.0298210333692199 0.02374637842363775 0.05080620499941374 0.0740003420643641 0.0298210333692199 0.03534344695611466 0.040313619184318555 0.03644792967349292 0.02098517163019384 0.02098517163019384 0.012149309891164306 0.01822396483674646 0.01988068891281558 0.013253792608542564 0.008835861739029532 0.009388103097716927 0.04362706733645333 0.13916482238969866 0.37165843439788265 0.6709732508074704 0.8764070362398818 0.9106460004786182 0.9426759992825946 0.9388103097717725 0.9200341035763351
0.011044827173786048 0.0690301698361602 0.14137378782445517 0.3214044707571598 0.5152411876570944 0.6201670458080566 0.5445099796676268 0.3291358497788076 0.15462758043299774 0.09277654825979795 0.055776377227617635 0.020432930271502975 0.01988068891281558 0.01546275804329908 0.011044827173786048 0.004970172228203895 0.025955343858397734 0.05080620499941374 0.008283620380338669 0.05080620499941374 0.051358446358104604 0.10713482358571877 0.09277654825979795 0.03644792967349292 0.016567240760677338 0.01546275804329908 0.013253792608542564 0.012149309891164306 0.012149309891164306 0.013806033967233428 0.014358275325920822 0.014910516684611685 0.01546275804329908 0.026507585217085128 0.13916482238969866 0.27777740342070645 0.4865246370052527 0.6919584224376641 0.8990489319461413 0.9647656536301668 0.8366456584142541 0.6919584224376641 0.6234804939601948 0.5826146334171889
0.07013465255353846 0.1905232687477998 0.3307925738548767 0.5152411876570944 0.6074654945582049 0.39098688195200737 0.22365775026915793 0.16953809711760942 0.058537584021065014 0.03368672288004554 0.0171194821193682 0.013806033967233428 0.016567240760677338 0.01546275804329908 0.006626896304273017 0.0016567240760691215 0.0 0.022089654347572096 0.06792568711878194 0.1728515452697442 0.23138912929080574 0.10879154766178789 0.07841827293387713 0.04362706733645333 0.010492585815095185 0.01546275804329908 0.01546275804329908 0.02264189570625949 0.02264189570625949 0.01546275804329908 0.01546275804329908 0.02098517163019384 0.07510482478174235 0.11376171988999179 0.2650758521708547 0.47437532711408836 0.7024510082527593 0.7631975577085809 0.8239441071644025 0.7886006602082878 0.6533015273294147 0.5920027365149059 0.46056929314685846 0.45007670733175975
0.2496130941275522 0.3898823992346291 0.45836032771209845 0.5356741179285973 0.33465826336570237 0.11762740940081742 0.0988512032053801 0.04528379141252245 0.033134481521358145 0.02374637842363775 0.0171194821193682 0.02264189570625949 0.02098517163019384 0.01546275804329908 0.007179137662960411 0.0016567240760691215 0.0 0.02816430929315425 0.12204534027033045 0.2220010261930888 0.28329981700759777 0.10768706494440963 0.06019430809713067 0.02540310249970687 0.0867018933142158 0.09222430690111055 0.07289585934698584 0.06571672168402543 0.051910687716792 0.05632861858630503 0.07841827293387713 0.15904551130251077 0.2126129230953719 0.3407329183112845 0.4931515333095257 0.629555148905777 0.8062723836863434 0.7924663497191133 0.7400034206436306 0.6665553199379572 0.5489279105371399 0.48707687836394353 0.40976308814744467 0.39871826097365864
