static/data/salinity/2023/7/29/0.asc
ncols 137
nrows 93
xllcorner 108.0
yllcorner 17.0
cellsize 0.25
NODATA_value -32767
[rows 0 to 26 of 93, columns 61 to 121 of 137]
-32767.0 -32767.0 -32767.0 -32767.0 -32767.0 -32767.0 -32767.0 -32767.0 -32767.0 -32767.0 -32767.0 -32767.0 -32767.0 -32767.0 -32767.0 -32767.0 -32767.0 -32767.0 -32767.0 32.32144 33.020588 32.96421 33.01552 33.15598 33.170193 33.200455 33.290688 33.26934 33.372772 33.429905 33.430416 33.506092 33.565548 33.706253 33.831238 33.899704 33.913055 33.93355 33.8282 33.751728 33.840546 33.584972 33.50864 33.44645 33.64148 33.684753 33.716717 33.795116 33.82445 33.81262 33.83346 33.86818 33.8908 33.92645 33.965916 33.96475 33.867447 33.428017 33.571217 33.847725 33.546356
29.772173 29.68788 29.460417 29.197266 28.934023 28.801868 28.500956 -32767.0 -32767.0 -32767.0 -32767.0 -32767.0 -32767.0 -32767.0 -32767.0 -32767.0 -32767.0 -32767.0 32.49147 32.689007 32.84264 32.80723 33.049297 33.162907 33.154716 33.191753 33.17796 33.17093 33.15408 33.18909 33.296337 33.33014 33.30421 33.522312 33.696472 33.92298 33.942616 33.970554 33.948967 33.860107 33.58001 33.235466 33.40757 33.568504 33.730576 33.74717 33.851505 33.89313 33.897617 33.848316 33.759506 33.803093 33.84193 33.837048 33.90236 33.48547 33.277897 33.282356 33.35327 33.793724 33.564827
29.850988 29.51888 29.086065 28.863766 28.831387 28.683554 28.389786 27.757889 26.561893 -32767.0 -32767.0 -32767.0 -32767.0 -32767.0 -32767.0 -32767.0 -32767.0 -32767.0 32.225548 32.653633 32.71487 32.910397 33.144703 33.20875 33.080055 33.06592 33.016357 32.970848 32.999683 33.04637 33.028618 33.217117 33.33482 33.40712 34.00285 34.013767 33.765076 33.29106 33.193413 33.006042 32.86627 33.004833 33.338158 33.53561 33.579086 33.867714 33.93983 34.054863 33.98415 33.889915 33.703842 33.86397 33.906296 33.78185 33.46756 33.387287 33.38986 33.38331 33.34358 33.77263 33.62536
29.566751 29.313509 29.191628 29.022911 29.225245 28.35256 28.272367 28.327795 26.857332 -32767.0 -32767.0 -32767.0 -32767.0 -32767.0 -32767.0 -32767.0 -32767.0 31.37839 32.252323 32.732265 32.719715 33.01678 33.125423 33.122906 33.140774 32.637802 32.41658 32.313755 32.145725 32.55303 32.884605 33.1569 33.392357 34.0943 33.96832 33.714474 33.56073 33.333374 33.136627 33.027195 32.932106 33.020607 33.281727 33.393803 33.879208 33.879093 34.07606 34.15671 34.1359 33.972782 33.695335 33.53849 33.558975 33.541462 33.73775 33.668648 33.351166 33.369473 33.46331 33.751328 33.676456
29.8066 30.140207 30.046877 29.83015 29.520432 28.91429 28.393078 28.132462 -32767.0 -32767.0 -32767.0 -32767.0 -32767.0 -32767.0 -32767.0 -32767.0 -32767.0 -32767.0 -32767.0 32.655502 32.732983 32.75712 33.130066 33.16626 32.74854 32.649403 32.35355 32.202305 32.1491 32.631775 32.77189 32.961967 33.395657 33.5885 33.586098 33.409115 33.154934 33.063248 33.432858 33.57246 33.19241 33.21062 33.18387 33.546326 33.894505 33.85785 33.901157 33.924664 33.985485 34.04725 33.854366 33.634914 33.672432 33.703503 33.69792 33.666214 33.72167 33.530163 33.43049 33.536137 33.762466
29.985102 29.962046 29.893005 29.919842 29.862305 29.637968 27.967989 28.073742 -32767.0 -32767.0 -32767.0 -32767.0 -32767.0 -32767.0 -32767.0 -32767.0 -32767.0 -32767.0 -32767.0 -32767.0 32.58215 32.535244 32.953915 33.06181 32.764244 32.525375 32.245396 32.187393 32.144783 32.368317 32.817894 33.131252 33.058537 32.94824 32.962547 33.06765 33.065704 33.718243 33.900024 33.618576 33.29269 33.23786 33.66494 33.99332 33.948574 33.79959 33.749645 33.750744 33.755215 33.740475 33.74908 33.69394 33.700596 33.72917 33.786 33.63336 33.743286 33.818363 33.729465 33.715744 33.863777
29.225899 29.178003 29.293285 29.528282 29.66686 28.330334 27.17668 27.976519 -32767.0 -32767.0 -32767.0 -32767.0 -32767.0 -32767.0 -32767.0 -32767.0 -32767.0 -32767.0 -32767.0 -32767.0 -32767.0 32.72692 32.97597 32.99271 32.687782 32.54157 32.178574 32.05817 32.194813 32.206493 32.685204 33.27045 33.319725 33.220093 33.128044 32.953915 33.762238 33.866455 33.632957 33.46857 33.320778 33.529297 33.823868 33.748272 33.719418 33.728134 33.666245 33.515167 33.486633 33.540573 33.658775 33.72481 33.559822 33.748123 33.698013 33.64248 33.75386 33.908527 33.799465 33.844933 33.830574
29.134222 29.284245 29.45312 29.542156 28.955091 28.211903 26.914282 -32767.0 -32767.0 -32767.0 -32767.0 -32767.0 -32767.0 -32767.0 -32767.0 -32767.0 -32767.0 -32767.0 -32767.0 -32767.0 -32767.0 -32767.0 32.722324 32.980022 32.899055 32.573334 32.214764 32.01286 32.40592 32.72078 33.275276 33.48835 33.521866 33.59234 33.507576 33.25607 33.840717 33.7752 33.698856 33.68481 33.598408 33.593792 33.66315 33.736485 33.68145 33.44009 33.43368 33.526115 33.578587 33.55307 33.612335 33.635536 33.616467 33.68738 33.72931 33.65842 33.65863 33.970783 33.961796 33.9125 33.821915
28.993288 29.043545 29.174192 29.305342 29.12558 29.120155 -32767.0 23.67092 -32767.0 -32767.0 -32767.0 -32767.0 -32767.0 -32767.0 -32767.0 -32767.0 -32767.0 -32767.0 -32767.0 -32767.0 -32767.0 -32767.0 32.527363 32.586212 32.621082 32.638977 31.922588 32.012314 32.78171 33.105522 33.505283 33.31815 33.41836 33.642292 33.670444 33.64558 33.64124 33.857582 33.586025 33.269672 33.260433 33.330517 33.349133 33.326973 33.29242 33.36723 33.691414 33.831688 33.74092 33.80972 33.667793 33.503815 33.649067 33.639416 33.63692 33.579937 33.77566 33.76322 33.794357 33.63352 -32767.0
28.68724 28.847143 29.057995 29.204105 29.26413 29.318377 28.186726 27.91935 23.816927 23.457077 21.774277 19.350378 16.082401 -32767.0 -32767.0 -32767.0 -32767.0 -32767.0 -32767.0 -32767.0 -32767.0 -32767.0 -32767.0 32.307945 32.489872 32.286507 31.822704 32.085766 32.874306 33.24172 33.52106 33.257572 33.241222 33.32098 33.408436 33.397747 33.295902 33.127125 33.15245 33.36685 33.122868 33.180763 33.255272 33.30362 33.370396 33.75274 33.850563 33.702614 33.628666 33.642307 33.661987 33.54442 33.546383 33.55207 33.739883 33.87035 33.663696 33.30444 33.49106 33.53189 33.767353
28.445484 28.781887 29.104563 29.34007 29.37416 29.408163 29.328548 29.614655 28.934565 27.358953 24.709482 25.17459 21.862825 -32767.0 -32767.0 -32767.0 -32767.0 -32767.0 -32767.0 -32767.0 -32767.0 -32767.0 -32767.0 -32767.0 32.471634 32.40297 31.775316 32.133076 32.017914 32.979996 33.49183 33.470066 33.40953 33.441692 33.424595 33.521835 33.659843 33.059143 33.161686 33.15498 33.211643 33.584244 33.298542 33.33162 33.580112 33.861485 33.875023 33.79363 33.69891 33.39781 33.40426 33.75251 33.822514 33.805824 33.596138 33.097366 -32767.0 33.289658 33.573807 33.536682 33.636402
28.226362 28.729372 28.942574 29.392618 29.667336 29.902405 29.953882 30.106089 29.69518 29.195164 28.093798 27.816298 19.752317 17.481483 15.6457615 -32767.0 -32767.0 -32767.0 -32767.0 -32767.0 -32767.0 -32767.0 -32767.0 -32767.0 -32767.0 32.209553 31.681444 31.864931 31.968536 32.38989 33.27053 33.340996 33.697395 33.75986 33.814495 33.88716 33.678577 33.2022 33.092453 33.403816 33.45872 33.667248 33.655563 33.658157 33.845795 33.805943 33.800846 33.822746 33.82143 33.74482 33.27349 33.329407 33.436203 33.482353 -32767.0 -32767.0 33.3887 33.555843 33.337864 32.326164 32.04798
28.547998 28.927845 29.015142 29.35073 29.58362 29.763681 29.851229 30.109873 29.995878 29.572365 28.986542 28.742762 25.768595 -32767.0 15.608367 -32767.0 -32767.0 -32767.0 -32767.0 -32767.0 -32767.0 -32767.0 -32767.0 -32767.0 -32767.0 32.2044 31.542356 31.927715 31.897305 31.92788 32.611412 33.067154 33.46313 33.519093 33.26803 33.358196 33.48286 33.371048 33.14789 33.349125 33.691376 33.77031 33.63609 33.759956 33.91004 33.992188 33.946487 33.901356 33.85753 33.871788 33.897675 33.79959 32.876457 33.198708 -32767.0 33.518475 33.561928 33.546383 -32767.0 -32767.0 -32767.0
29.41872 29.329967 29.242016 29.746544 30.16307 30.296196 30.178068 30.062872 29.966454 29.970839 30.032425 28.887032 -32767.0 -32767.0 -32767.0 -32767.0 -32767.0 -32767.0 -32767.0 -32767.0 -32767.0 -32767.0 -32767.0 -32767.0 -32767.0 32.374397 31.757763 31.480915 31.897156 31.887575 32.098152 33.01431 32.35866 32.171352 32.754692 33.16011 33.391415 33.28935 33.18699 33.397507 33.193256 33.97078 34.032475 34.00409 33.873016 33.815243 33.840256 33.916336 33.868114 33.9574 33.918694 33.935436 32.9692 32.86127 32.617268 -32767.0 33.54786 -32767.0 -32767.0 -32767.0 -32767.0
29.430706 29.314117 29.332354 29.873444 30.459785 30.533579 30.540043 30.650255 30.326435 30.286129 29.809458 28.863424 27.027304 -32767.0 -32767.0 -32767.0 -32767.0 -32767.0 -32767.0 -32767.0 -32767.0 -32767.0 -32767.0 -32767.0 -32767.0 32.501495 31.845821 31.474146 31.577309 32.23645 31.949402 31.938667 32.028927 32.524483 32.298832 32.97223 33.253197 33.268436 33.459354 33.3022 33.16024 33.42398 33.849865 33.741158 33.712864 33.957638 33.95254 33.81175 33.832935 33.963573 33.95585 33.76123 32.533165 32.519756 -32767.0 -32767.0 -32767.0 -32767.0 -32767.0 -32767.0 -32767.0
29.51344 29.384378 29.471043 29.715546 29.98063 30.056118 30.222664 30.613323 30.839533 30.783783 30.547 29.845114 27.92226 25.877531 -32767.0 -32767.0 -32767.0 -32767.0 -32767.0 -32767.0 -32767.0 -32767.0 -32767.0 -32767.0 -32767.0 32.20577 31.370909 31.496721 31.704163 31.992195 32.794308 31.925259 33.24428 32.938984 33.105267 32.656788 32.840878 32.976936 33.404144 33.124268 -32767.0 33.376358 33.593536 33.069954 33.069805 33.58999 33.851498 33.863796 33.7174 33.4091 33.226635 32.912502 -32767.0 -32767.0 -32767.0 -32767.0 -32767.0 -32767.0 -32767.0 -32767.0 -32767.0
29.415712 29.376938 29.476236 29.690117 29.806107 29.893572 29.943586 30.547922 30.936306 30.844275 30.722588 30.27768 28.833134 24.297419 -32767.0 -32767.0 -32767.0 -32767.0 -32767.0 -32767.0 -32767.0 -32767.0 -32767.0 -32767.0 -32767.0 -32767.0 31.067623 31.718582 31.7887 32.578423 32.498352 32.716236 32.862785 32.65135 32.789345 32.843494 32.98264 33.25991 33.086723 33.27395 33.456367 33.414417 33.29479 33.172066 32.92565 32.899055 33.18611 33.03208 32.87014 32.819073 32.708233 32.54879 -32767.0 -32767.0 -32767.0 -32767.0 -32767.0 -32767.0 -32767.0 -32767.0 -32767.0
29.628881 29.665213 29.875242 30.035583 30.149311 30.23989 30.33059 30.769678 31.05138 30.669594 30.511723 30.149158 27.915861 22.371918 22.147322 -32767.0 -32767.0 -32767.0 -32767.0 -32767.0 -32767.0 -32767.0 -32767.0 -32767.0 -32767.0 31.333921 31.095846 31.803074 31.822466 32.37646 32.209095 32.43491 32.468124 32.516594 32.82964 32.994408 33.1567 33.309032 33.109215 33.024227 32.993073 32.954014 32.850307 32.83242 32.82698 32.840717 32.852966 32.84148 -32767.0 32.489574 32.42547 31.97833 -32767.0 -32767.0 -32767.0 -32767.0 -32767.0 -32767.0 -32767.0 -32767.0 -32767.0
29.81849 29.857443 29.990728 30.167458 30.365482 30.73269 31.11745 31.239628 31.177795 30.844845 30.020935 27.952827 25.979689 22.927223 -32767.0 -32767.0 -32767.0 -32767.0 -32767.0 -32767.0 -32767.0 -32767.0 -32767.0 -32767.0 -32767.0 30.78649 31.523666 31.894588 31.822292 32.137436 32.309578 32.327274 32.47332 32.62305 32.9622 33.116646 32.992603 33.036 33.102005 -32767.0 -32767.0 32.835266 32.832607 -32767.0 -32767.0 -32767.0 -32767.0 -32767.0 -32767.0 -32767.0 -32767.0 -32767.0 -32767.0 -32767.0 -32767.0 -32767.0 -32767.0 -32767.0 -32767.0 -32767.0 -32767.0
29.905354 30.259485 30.433737 30.875565 30.878098 31.144182 31.195034 31.274744 31.29705 30.894415 29.58848 25.078608 22.654654 -32767.0 -32767.0 -32767.0 -32767.0 -32767.0 -32767.0 -32767.0 -32767.0 -32767.0 -32767.0 -32767.0 30.986628 31.19364 31.74633 31.87491 31.873312 32.2656 32.138123 32.282238 32.816517 32.934265 32.915752 33.037704 33.10429 33.032963 -32767.0 -32767.0 -32767.0 -32767.0 -32767.0 -32767.0 -32767.0 -32767.0 -32767.0 -32767.0 -32767.0 -32767.0 -32767.0 -32767.0 -32767.0 -32767.0 -32767.0 -32767.0 -32767.0 -32767.0 -32767.0 -32767.0 -32767.0
29.917944 30.576946 30.761484 30.773409 30.730295 30.76823 31.044655 31.278576 31.262653 30.894987 28.774818 28.928642 22.613228 -32767.0 -32767.0 -32767.0 -32767.0 -32767.0 -32767.0 -32767.0 -32767.0 31.054956 30.6178 30.691057 31.573637 31.949615 31.77069 31.80183 31.906006 32.04364 32.251644 32.878433 32.933704 32.799973 32.763855 32.475304 -32767.0 -32767.0 -32767.0 -32767.0 -32767.0 -32767.0 -32767.0 -32767.0 -32767.0 -32767.0 -32767.0 -32767.0 -32767.0 -32767.0 -32767.0 -32767.0 -32767.0 -32767.0 30.200603 -32767.0 -32767.0 -32767.0 -32767.0 -32767.0 -32767.0
29.981796 30.100014 30.243818 30.459576 30.620588 30.707071 30.817583 31.053806 31.082502 29.977644 29.334257 29.935436 27.95881 -32767.0 -32767.0 -32767.0 -32767.0 27.60795 29.592737 30.082882 29.838778 30.511967 31.005123 31.307693 32.16269 31.961826 31.769812 31.863281 32.34817 32.478176 32.834038 32.92791 32.89173 32.83035 32.603874 -32767.0 -32767.0 -32767.0 -32767.0 -32767.0 -32767.0 -32767.0 -32767.0 -32767.0 -32767.0 30.174456 29.843784 -32767.0 -32767.0 -32767.0 -32767.0 -32767.0 -32767.0 -32767.0 30.91945 -32767.0 -32767.0 -32767.0 -32767.0 -32767.0 33.32388
30.102724 30.078623 30.087847 30.238527 30.408056 30.5043 30.589249 30.715275 30.908173 31.1373 29.796202 29.78739 -32767.0 28.164772 -32767.0 30.062609 -32767.0 29.41087 -32767.0 30.705296 30.759089 30.882221 31.151892 32.160366 31.987345 32.004974 32.084225 32.261883 32.176792 32.881004 32.92195 32.794735 32.573624 -32767.0 -32767.0 -32767.0 -32767.0 -32767.0 -32767.0 -32767.0 -32767.0 31.31588 30.770815 29.94701 30.424938 30.806717 30.49598 29.424797 29.21753 -32767.0 -32767.0 -32767.0 -32767.0 -32767.0 30.825216 31.127966 32.75762 33.53844 33.72812 33.71281 33.277836
30.0325 30.164637 30.256165 30.185368 30.332268 30.341837 30.366835 30.448698 30.555292 30.773836 30.955708 30.46812 30.821466 30.629267 30.509233 30.342278 30.317333 30.51072 30.085905 30.482595 30.523745 30.67114 30.740662 32.05239 -32767.0 32.239662 32.531807 32.845776 32.964317 32.8737 33.00277 -32767.0 -32767.0 -32767.0 -32767.0 -32767.0 30.9727 31.101072 31.428738 31.426126 31.310093 31.254572 30.877176 -32767.0 -32767.0 30.548872 30.83206 29.686022 -32767.0 -32767.0 -32767.0 -32767.0 -32767.0 33.177666 33.3942 33.847366 33.906044 33.86617 33.815166 33.764206 33.749996
27.90989 29.286291 29.398504 29.789246 30.144962 30.22306 30.318377 30.496805 30.854616 30.873741 30.938374 31.016249 31.043118 30.983618 31.006947 30.928642 30.938917 30.953909 30.944677 31.064837 31.416523 31.339941 32.12837 32.833397 32.83816 32.916954 33.02053 33.0447 32.882046 32.521893 32.60552 31.408537 -32767.0 32.737957 32.926144 -32767.0 31.619629 32.43832 31.754368 -32767.0 30.497316 30.574703 -32767.0 -32767.0 -32767.0 -32767.0 30.866627 30.4079 -32767.0 -32767.0 -32767.0 -32767.0 33.83394 33.9194 33.93507 33.834366 33.810593 33.634434 33.66413 33.772907 33.911674
28.370255 29.002478 29.672918 29.947016 30.012217 30.058733 30.198965 30.357592 30.414293 30.48934 30.941824 30.890985 30.669264 31.255531 32.39249 32.70674 31.533665 32.175636 32.35958 31.95439 32.42948 32.92596 32.729965 32.66864 32.7687 33.05332 -32767.0 32.72601 32.59886 -32767.0 -32767.0 31.538843 32.466854 32.31444 32.47323 32.900574 32.81668 32.73983 -32767.0 -32767.0 -32767.0 -32767.0 -32767.0 -32767.0 -32767.0 -32767.0 31.727531 32.940575 32.564075 -32767.0 -32767.0 33.890465 33.934456 33.898434 33.79719 33.844112 33.697598 33.690365 33.70206 33.8235 34.058895
29.79212 29.943054 30.085953 30.079533 30.00074 29.946146 29.970398 30.141457 30.667477 32.222 33.04184 32.853275 32.824684 -32767.0 -32767.0 31.718407 32.10384 32.93761 32.90201 32.793037 32.747955 32.639908 32.58284 32.772316 33.038937 32.893738 32.821644 32.368725 -32767.0 -32767.0 -32767.0 -32767.0 -32767.0 -32767.0 32.371372 32.70716 33.3714 -32767.0 -32767.0 -32767.0 -32767.0 -32767.0 33.15024 -32767.0 32.204094 33.031067 33.63066 33.531414 33.400284 33.68908 -32767.0 33.957726 33.990307 33.86691 33.811493 33.851673 33.79836 33.834377 33.73872 33.805466 34.07228
