static/data/salinity/2023/7/29/12.asc
ncols 137
nrows 93
xllcorner 108.0
yllcorner 17.0
cellsize 0.25
NODATA_value -32767
[rows 54 to 80 of 93, columns 61 to 121 of 137]
33.445763 33.662422 33.78417 33.8838 33.858162 33.74501 33.827503 34.197342 34.3853 34.410507 34.39104 34.33545 34.428528 34.49871 34.5449 34.51651 34.566105 34.569347 34.582184 34.504276 34.51738 34.505882 34.452 34.433693 34.48769 34.57724 34.531673 34.358612 34.393574 34.438553 34.424145 34.409237 34.44086 34.51419 34.580173 34.50436 34.38976 34.321205 34.240494 34.259304 34.277473 34.28977 34.31164 34.375385 34.415333 34.480595 34.569237 34.708553 34.664078 34.598087 34.54417 34.566685 34.547512 34.54299 34.626358 34.68479 34.69359 34.596138 34.599792 34.70267 34.766884
34.349987 34.314434 34.303032 34.30848 34.341553 34.31408 34.34433 34.337196 34.31499 34.382435 34.342037 34.381195 34.470726 34.54311 34.53765 34.538692 34.525417 34.530346 -32767.0 34.553078 34.57002 34.58194 34.562794 34.519554 34.593925 34.54868 34.598225 34.33677 34.40404 34.44648 34.474705 34.505814 34.535583 34.559834 34.473934 34.38726 34.246994 34.258465 34.339527 34.349335 34.313553 34.313988 34.327824 34.361523 34.433563 34.494797 34.52214 34.672535 34.671032 34.657085 34.591118 34.57474 34.582222 34.578457 34.645054 34.610874 34.581913 34.606926 34.638153 34.82608 34.83163
34.3685 34.36656 34.36103 34.3545 34.350384 34.32234 34.31129 34.341362 34.384644 34.366978 34.3851 34.424355 34.530758 34.56641 34.582523 34.51817 34.528202 34.52601 34.556816 34.6035 34.627678 34.595432 34.579453 34.59037 34.583023 34.50081 34.640766 34.349125 34.43325 34.396427 34.477226 34.53643 34.516254 34.441025 34.34067 34.225903 34.32401 34.458145 34.430435 34.422356 34.432804 34.34414 34.330605 34.336056 34.450134 34.535587 34.518147 34.6206 34.67331 34.660255 34.62594 34.57977 34.621033 34.64381 34.6121 34.61068 34.617943 34.626698 34.611614 34.814438 34.869823
34.344013 34.359444 34.402267 34.324375 34.27763 34.28445 34.332256 34.378513 34.404892 34.378418 34.393482 34.479866 34.532215 34.59741 34.5998 34.529453 34.540417 34.543945 34.63137 34.680588 34.60565 34.578243 34.593025 34.587166 34.58394 34.458385 34.645977 34.434753 34.413692 34.399265 34.462677 34.495567 34.429806 34.32213 34.224964 34.33407 34.49362 34.469063 34.38306 34.37941 34.40631 34.411747 34.35112 34.345284 34.473564 34.57908 34.578236 34.564404 34.694824 34.665882 34.63722 34.601265 34.622715 34.688488 34.645145 34.613876 34.632927 34.635147 34.61795 34.772293 35.006668
34.33438 34.333088 34.36254 34.285378 34.299484 34.326885 34.334354 34.421547 34.372395 34.365425 34.455486 34.441067 34.534824 34.56975 34.576157 34.521786 34.509422 34.590034 34.620354 34.634018 34.589832 34.59914 34.618343 34.601543 34.6015 34.454166 34.660164 34.570656 34.362755 34.42719 34.41621 34.471203 34.37713 34.25134 34.218967 34.413177 34.51048 34.461945 34.343075 34.375507 34.413074 34.413475 34.37467 34.377274 34.49668 34.62273 34.642155 34.5504 34.6734 34.667213 34.662285 34.62338 34.59475 34.627686 34.621056 34.621056 34.64754 34.6388 34.70494 34.91974 35.09864
34.381634 34.397083 34.356903 34.384327 34.427067 34.43094 34.344807 34.35786 34.37269 34.48177 34.3817 34.447346 34.469543 34.599087 34.550808 34.54625 34.602753 34.582253 34.624504 34.595287 34.582916 34.61779 34.638775 34.625885 34.547302 34.497326 34.669243 34.686535 34.370274 34.375294 34.396347 34.443226 34.370834 34.233147 34.204277 34.34363 34.486507 34.481956 34.342033 34.438263 34.48195 34.421204 34.379482 34.41037 34.538635 34.647625 34.65333 34.600395 34.57897 34.628864 34.660435 34.6832 34.65928 34.648582 34.65006 34.66002 34.657806 34.69425 34.926163 34.997265 35.071964
34.433727 34.37763 34.339684 34.35475 34.36354 34.420357 34.30682 34.30546 34.432823 34.50821 34.36048 34.44487 34.518696 34.500046 34.61306 34.592693 34.55635 34.628693 34.577236 34.58001 34.5864 34.578926 34.60266 34.550907 34.32325 34.470066 34.742313 34.745575 34.453583 34.363045 34.404457 34.407097 34.375298 34.262436 34.22368 34.240215 34.313007 34.35677 34.32849 34.482635 34.524174 34.430344 34.415024 34.44577 34.552227 34.641895 34.605404 34.55362 34.5449 34.57887 34.6011 34.684563 34.72685 34.693108 34.67942 34.664642 34.70376 34.868088 34.996155 35.01762 35.082764
34.43895 34.408863 34.323814 34.300053 34.356865 34.37447 34.277786 34.28677 34.33565 34.43179 34.329926 34.515415 34.55141 34.51602 34.574196 34.577423 34.628193 34.58186 34.573437 34.570915 34.587822 34.551952 34.54797 34.326935 34.35293 34.689747 34.742264 34.760742 34.55568 34.39411 34.36924 34.382034 34.387894 34.297764 34.269978 34.293686 34.31006 34.346714 34.456753 34.524082 34.541916 34.496258 34.48883 34.527225 34.60686 34.643284 34.59727 34.584496 34.53347 34.54691 34.570847 34.65972 34.779026 34.735554 34.687855 34.689877 34.823097 34.96887 35.00597 35.06872 35.053482
34.415066 34.375767 34.328506 34.331295 34.373016 34.314693 34.29216 34.293125 34.281506 34.29747 34.341274 34.535088 34.54502 34.568893 34.57871 34.64365 34.574295 34.546055 34.560116 34.581043 34.541386 34.50724 34.342537 34.385464 34.703632 34.69169 34.705265 34.73091 34.69335 34.47431 34.378952 34.349594 34.367317 34.329735 34.312447 34.362885 34.43949 34.511356 34.516304 34.51389 34.50038 34.515568 34.580032 34.627087 34.657005 34.6303 34.603283 34.574017 34.548603 34.55481 34.570263 34.710987 34.842503 34.772278 34.714127 34.733643 34.880623 34.991398 35.016037 34.956554 35.06401
34.33814 34.335552 34.33587 34.29571 34.317135 34.33095 34.350555 34.352993 34.324543 34.331432 34.396263 34.498024 34.53935 34.59122 34.620438 34.58916 34.53629 34.53267 34.5613 34.523575 34.41554 34.360374 34.60043 34.70594 34.683353 34.671143 34.672256 34.678257 34.71445 34.718674 34.686573 34.540833 34.36046 34.335106 34.3351 34.354065 34.392025 34.4273 34.450283 34.513775 34.61984 34.646988 34.598026 34.568813 34.546356 34.51538 34.585724 34.59269 34.52733 34.55212 34.563442 34.79359 34.88317 34.797947 34.720383 34.88126 34.831593 34.86167 34.844 34.797092 34.79571
34.35444 34.401104 34.40489 34.383835 34.34787 34.333103 34.40522 34.42441 34.395992 34.418503 34.451584 34.498924 34.55262 34.63069 34.624462 34.57557 34.55365 34.55629 34.432774 34.4475 34.575226 34.73306 34.71269 34.716335 34.716972 34.722576 34.7224 34.70477 34.684254 34.664284 34.655632 34.663315 34.667637 34.645176 34.61094 34.58602 34.58599 34.6083 34.641968 34.620956 34.55442 34.52558 34.53849 34.544003 34.535625 34.507233 34.596973 34.56004 34.50565 34.547733 34.582893 34.82766 34.87657 34.775234 34.768547 34.80942 34.784344 34.714752 34.699596 34.684937 34.626923
34.43007 34.403755 34.38232 34.3616 34.361294 34.407 34.46681 34.489666 34.49485 34.518692 34.511814 34.54209 34.599117 34.637486 34.630424 34.60357 34.566322 34.5244 34.53183 34.680748 34.739174 34.71639 34.702137 34.689663 34.701626 34.723713 34.743885 34.746063 34.73523 34.7224 34.696907 34.66356 34.634 34.588696 34.561035 34.557076 34.559677 34.569607 34.56556 34.564938 34.595284 34.58167 34.56108 34.545143 34.55355 34.48142 34.5982 34.575497 34.53936 34.521946 34.582344 34.81155 34.80587 34.733337 34.938786 34.72735 34.688538 34.61331 34.61309 34.644497 34.681084
34.43756 34.421017 34.42362 34.423424 34.41794 34.40195 34.42111 34.486073 34.524254 34.560604 34.532936 34.5653 34.65574 34.620968 34.634594 34.60548 34.630367 34.65996 34.68806 34.669476 34.65553 34.670563 34.651535 34.62012 34.62651 34.65138 34.679646 34.722843 34.741943 34.725304 34.70796 34.703148 34.69454 34.658775 34.60607 34.549095 34.589985 34.573826 34.60581 34.63562 34.598274 34.568676 34.598255 34.579525 34.543476 34.545277 34.54575 34.624313 34.542793 34.503914 34.58641 34.76786 34.725906 34.865192 34.944077 34.714687 34.671555 34.635906 34.700954 34.76984 34.733204
34.452583 34.42159 34.427177 34.465004 34.51422 34.489376 34.409595 34.52909 34.536125 34.562294 34.541183 34.613277 34.621574 34.622288 34.618126 34.652706 34.616238 34.593 34.5924 34.59442 34.61221 34.646072 34.584343 34.516754 34.494675 34.558212 34.66022 34.674904 34.71015 34.700813 34.68379 34.68926 34.69856 34.659477 34.546524 34.546432 34.58429 34.60503 34.659634 34.65054 34.624348 34.583168 34.66223 34.66616 34.655014 34.61972 34.53569 34.544235 34.544567 34.522495 34.602657 34.72716 34.753525 35.03294 34.947315 34.74006 34.715508 34.61228 34.633644 34.70599 34.79279
34.388912 34.416084 34.436848 34.448368 34.56308 34.539047 34.434338 34.55727 34.574005 34.577065 34.564297 34.669743 34.60308 34.6191 34.61474 34.614975 34.614204 34.61512 34.627895 34.62903 34.62251 34.62372 34.557808 34.466908 34.41855 34.43782 34.55098 34.668648 34.669624 34.697693 34.66216 34.66563 34.69685 34.68415 34.576263 34.54309 34.563034 34.61327 34.668594 34.654526 34.662178 34.599586 34.642654 34.675484 34.657375 34.639282 34.641876 34.60274 34.566334 34.525032 34.62618 34.70029 34.831028 34.973236 34.96023 34.886284 34.763275 34.754253 34.779175 34.758816 34.719013
34.442932 34.496426 34.51799 34.548977 34.625595 34.600483 34.478527 34.538975 34.602062 34.590954 34.602528 34.678196 34.608116 34.61411 34.60982 34.59609 34.585564 34.576874 34.59246 34.632534 34.64675 34.62152 34.540848 34.409126 34.33894 34.343258 34.419292 34.59677 34.66687 34.667538 34.670315 34.644146 34.68422 34.670864 34.666985 34.57735 34.573097 34.59317 34.624107 34.65179 34.664524 34.65028 34.586636 34.67503 34.625854 34.59184 34.59835 34.62612 34.595005 34.508175 34.64791 34.69349 34.934433 34.847572 34.915253 34.91476 34.844532 34.80919 34.757008 34.773327 34.728962
34.379295 34.50098 34.600845 34.645206 34.650227 34.555794 34.48939 34.532986 34.612747 34.590797 34.630375 34.682034 34.614655 34.611362 34.597725 34.571175 34.54206 34.530964 34.55399 34.579666 34.64553 34.646492 34.52448 34.38552 34.28525 34.257137 34.317135 34.552414 34.65435 34.659264 34.63101 34.629223 34.67518 34.66101 34.67332 34.665997 34.62439 34.626724 34.59452 34.61419 34.679256 34.659706 34.566757 34.67309 34.61149 34.571182 34.571426 34.606003 34.56461 34.533314 34.66708 34.72131 34.91316 34.78778 34.83287 34.90353 34.84635 34.780136 34.83243 34.75206 34.80325
34.4122 34.563583 34.66027 34.674057 34.67781 34.43367 34.41859 34.57636 34.61109 34.587925 34.652725 34.690487 34.62761 34.61785 34.59601 34.550533 34.50822 34.505875 34.554356 34.59601 34.637283 34.665436 34.567455 34.449013 34.276264 34.20497 34.238834 34.481503 34.64965 34.617104 34.58542 34.615826 34.671112 34.656445 34.63017 34.679947 34.667023 34.626335 34.621864 34.685158 34.6744 34.636425 34.55757 34.669548 34.6003 34.56884 34.56491 34.596764 34.536385 34.529663 34.6425 34.70601 34.840374 34.859055 34.813576 34.823536 34.850113 34.873005 34.7807 34.77198 34.813892
34.520992 34.619877 34.662426 34.66829 34.515694 34.412212 34.488956 34.60798 34.607243 34.58329 34.658573 34.702766 34.65194 34.622692 34.59549 34.579197 34.557682 34.566807 34.6011 34.62836 34.63269 34.628963 34.629494 34.584198 34.32122 34.14921 34.168484 34.321434 34.596405 34.5794 34.553402 34.556343 34.616566 34.658676 34.621033 34.583004 34.67949 34.711258 34.712288 34.67834 34.6686 34.57774 34.553623 34.673008 34.600197 34.570484 34.56816 34.586185 34.53863 34.524914 34.57971 34.6787 34.800987 34.912476 34.832386 34.870586 34.887142 34.857227 34.796772 34.793022 34.827908
34.557262 34.617302 34.638905 34.661697 34.51287 34.4183 34.573402 34.619736 34.606384 34.57549 34.65682 34.703407 34.670372 34.64949 34.63152 34.621338 34.6197 34.626625 34.62864 34.567326 34.495594 34.459496 34.461334 34.402256 34.19894 34.122147 34.08777 34.18886 34.500614 34.55106 34.51599 34.498024 34.50371 34.52688 34.541473 34.53473 34.557945 34.696793 34.70525 34.669186 34.62001 34.5275 34.599556 34.682507 34.60476 34.567223 34.555626 34.563484 34.53224 34.52067 34.592255 34.67616 34.83998 34.843586 34.83731 34.84389 34.844913 34.84375 34.833096 34.806183 34.77858
34.58529 34.614468 34.646194 34.65922 34.65109 34.57427 34.622353 34.625378 34.605766 34.576546 34.63875 34.660385 34.678123 34.671844 34.648224 34.61318 34.553303 34.48688 34.431786 34.387924 34.34365 34.306953 34.271965 34.217594 34.198814 34.27424 34.11007 34.138515 34.45086 34.563736 34.53898 34.42567 34.38061 34.441254 34.4704 34.48353 34.50799 34.62846 34.70071 34.66066 34.557262 34.515675 34.630127 34.68138 34.61412 34.546547 34.54003 34.536076 34.52403 34.54563 34.682404 34.776035 34.882355 34.85491 34.848217 34.81633 34.72166 34.621365 34.553032 34.52131 34.53298
34.61494 34.624165 34.627865 34.634727 34.63236 34.640408 34.637497 34.631832 34.60329 34.5845 34.616547 34.61674 34.61151 34.59098 34.540096 34.46466 34.396378 34.32526 34.263016 34.249187 34.25076 34.251896 34.311417 34.40106 34.508575 34.374325 34.156235 34.114044 34.382374 34.58409 34.516457 34.350403 34.33769 34.417587 34.440548 34.428814 34.471443 34.585 34.683834 34.654972 34.531853 34.53666 34.64557 34.697495 34.632927 34.610603 34.584274 34.5684 34.608604 34.652344 34.774082 34.923954 34.845406 34.71379 34.571014 34.492695 34.491795 34.470097 34.429214 34.408646 34.392685
34.608837 34.616173 34.605892 34.607735 34.62292 34.6311 34.639862 34.638783 34.600296 34.609184 34.614574 34.593864 34.494926 34.413925 34.37873 34.30536 34.238224 34.317623 34.393867 34.384094 34.444626 34.386642 34.36587 34.43884 34.40656 34.17822 34.11175 34.0979 34.19406 34.313316 34.287292 34.24661 34.38459 34.45955 34.43699 34.38976 34.446045 34.567085 34.661793 34.655266 34.534058 34.620476 34.646244 34.66691 34.709137 34.69638 34.662697 34.686474 34.745113 34.87576 34.86054 34.67212 34.583393 34.52438 34.47029 34.37164 34.347847 34.361095 34.35092 34.32873 34.314007
34.60305 34.57867 34.543385 34.57186 34.635414 34.63982 34.646233 34.644062 34.5998 34.61261 34.59686 34.456448 34.426346 34.28952 34.21622 34.302055 34.510616 34.430336 34.266 34.270607 34.32019 34.34661 34.348915 34.3494 34.394886 34.310936 34.047623 34.056095 34.11298 34.130802 34.151756 34.35696 34.478386 34.436012 34.41249 34.371616 34.487617 34.576466 34.629555 34.647617 34.52499 34.565357 34.61597 34.63405 34.636074 34.70433 34.769295 34.807774 34.82898 34.748116 34.632915 34.557785 34.538395 34.39165 34.324543 34.363846 34.448135 34.492966 34.44582 34.34686 34.293724
34.596077 34.59743 34.52528 34.52391 34.640656 34.639874 34.650913 34.646763 34.609188 34.59925 34.474922 34.45519 34.302593 34.20981 34.19226 34.40102 34.45172 34.33661 34.26271 34.275024 34.361336 34.428253 34.456497 34.45877 34.4367 34.40933 34.379395 34.31635 34.293613 34.33019 34.39451 34.420795 34.405125 34.414654 34.395687 34.410496 34.549885 34.60008 34.615925 34.62952 34.533394 34.48822 34.617 34.628635 34.62883 34.637653 34.64656 34.677376 34.669037 34.635403 34.558666 34.567673 34.375065 34.31132 34.343464 34.447685 34.48927 34.495956 34.516525 34.40951 34.326214
34.625862 34.6139 34.518505 34.518703 34.64732 34.624187 34.647823 34.649933 34.639454 34.595978 34.510666 34.41599 34.207005 34.173798 34.169975 34.28122 34.417587 34.3253 34.36471 34.416405 34.442688 34.491432 34.49702 34.471634 34.502724 34.514057 34.488564 34.472664 34.463608 34.45145 34.44477 34.44774 34.45086 34.38303 34.335533 34.48498 34.54219 34.55936 34.60491 34.61884 34.55483 34.504333 34.548428 34.60146 34.644413 34.664795 34.651333 34.641224 34.63277 34.56483 34.622433 34.444473 34.3561 34.33028 34.32744 34.378124 34.448875 34.494812 34.49965 34.49802 34.397465
34.666267 34.618454 34.518757 34.49428 34.626984 34.638233 34.63674 34.64994 34.58846 34.497616 34.526848 34.43938 34.171898 34.13919 34.139927 34.159824 34.396046 34.339096 34.362003 34.43645 34.510475 34.505527 34.479774 34.483086 34.48087 34.47909 34.41229 34.431934 34.44423 34.439846 34.455616 34.453102 34.362545 34.305195 34.418766 34.5351 34.55457 34.574394 34.59176 34.600784 34.56021 34.547127 34.585472 34.645554 34.661278 34.652355 34.637646 34.619747 34.56676 34.64521 34.525803 34.490814 34.480755 34.436756 34.362595 34.32932 34.346264 34.44571 34.505596 34.515152 34.47315
