static/data/salinity/2023/7/29/18.asc
ncols 137
nrows 93
xllcorner 108.0
yllcorner 17.0
cellsize 0.25
NODATA_value -32767
[rows 54 to 80 of 93, columns 0 to 61 of 137]
-32767.0 -32767.0 -32767.0 -32767.0 -32767.0 -32767.0 -32767.0 -32767.0 -32767.0 -32767.0 -32767.0 -32767.0 -32767.0 -32767.0 -32767.0 -32767.0 -32767.0 -32767.0 -32767.0 -32767.0 -32767.0 -32767.0 -32767.0 -32767.0 -32767.0 -32767.0 -32767.0 -32767.0 -32767.0 -32767.0 -32767.0 -32767.0 -32767.0 -32767.0 -32767.0 -32767.0 -32767.0 -32767.0 -32767.0 -32767.0 -32767.0 -32767.0 -32767.0 -32767.0 -32767.0 -32767.0 -32767.0 -32767.0 34.009827 34.041183 33.79112 33.451275 33.293755 33.679523 33.525024 33.112774 33.015656 33.01203 32.92492 33.36798 33.451347 33.46514
-32767.0 -32767.0 -32767.0 -32767.0 -32767.0 -32767.0 -32767.0 -32767.0 -32767.0 -32767.0 -32767.0 -32767.0 -32767.0 -32767.0 -32767.0 -32767.0 -32767.0 -32767.0 -32767.0 -32767.0 -32767.0 -32767.0 -32767.0 -32767.0 -32767.0 -32767.0 -32767.0 -32767.0 -32767.0 -32767.0 -32767.0 -32767.0 -32767.0 -32767.0 -32767.0 -32767.0 -32767.0 -32767.0 -32767.0 -32767.0 -32767.0 -32767.0 -32767.0 -32767.0 -32767.0 -32767.0 -32767.0 33.1302 -32767.0 33.59762 33.433784 33.1397 33.34271 33.520855 33.68408 33.449936 32.978745 32.93381 33.95262 34.242443 34.352978 34.36577
-32767.0 -32767.0 -32767.0 -32767.0 -32767.0 -32767.0 -32767.0 -32767.0 -32767.0 -32767.0 -32767.0 -32767.0 -32767.0 -32767.0 -32767.0 -32767.0 -32767.0 -32767.0 -32767.0 -32767.0 -32767.0 -32767.0 -32767.0 -32767.0 -32767.0 -32767.0 -32767.0 -32767.0 -32767.0 -32767.0 -32767.0 -32767.0 -32767.0 -32767.0 -32767.0 -32767.0 -32767.0 -32767.0 -32767.0 -32767.0 -32767.0 -32767.0 -32767.0 -32767.0 -32767.0 -32767.0 -32767.0 33.394432 33.92709 33.372063 33.292263 33.082596 33.331997 33.390747 33.30233 33.75401 34.13325 34.160778 34.313408 34.30601 34.365402 34.356625
-32767.0 -32767.0 -32767.0 -32767.0 -32767.0 -32767.0 -32767.0 -32767.0 -32767.0 -32767.0 -32767.0 -32767.0 -32767.0 -32767.0 -32767.0 -32767.0 -32767.0 -32767.0 -32767.0 -32767.0 -32767.0 -32767.0 -32767.0 -32767.0 -32767.0 -32767.0 -32767.0 -32767.0 -32767.0 -32767.0 -32767.0 -32767.0 -32767.0 -32767.0 -32767.0 -32767.0 -32767.0 -32767.0 -32767.0 -32767.0 -32767.0 -32767.0 -32767.0 -32767.0 -32767.0 -32767.0 -32767.0 33.7567 33.56653 33.381985 33.048508 33.283005 33.13927 32.953045 33.044743 33.106068 34.17726 34.139397 34.283295 34.321766 34.33969 34.352444
-32767.0 -32767.0 -32767.0 -32767.0 -32767.0 -32767.0 -32767.0 -32767.0 -32767.0 -32767.0 -32767.0 -32767.0 -32767.0 -32767.0 -32767.0 -32767.0 -32767.0 -32767.0 -32767.0 -32767.0 -32767.0 -32767.0 -32767.0 -32767.0 -32767.0 -32767.0 -32767.0 -32767.0 -32767.0 -32767.0 -32767.0 -32767.0 -32767.0 -32767.0 -32767.0 -32767.0 -32767.0 -32767.0 -32767.0 -32767.0 -32767.0 -32767.0 -32767.0 -32767.0 -32767.0 31.41869 -32767.0 33.617393 33.534172 33.18825 33.106415 32.807487 33.046177 33.102142 32.98893 33.127396 33.910084 33.741245 34.21813 34.344612 34.33408 34.338127
-32767.0 -32767.0 -32767.0 -32767.0 -32767.0 -32767.0 -32767.0 -32767.0 -32767.0 -32767.0 -32767.0 -32767.0 -32767.0 -32767.0 -32767.0 -32767.0 -32767.0 -32767.0 -32767.0 -32767.0 -32767.0 -32767.0 -32767.0 -32767.0 -32767.0 -32767.0 -32767.0 -32767.0 -32767.0 -32767.0 -32767.0 -32767.0 -32767.0 -32767.0 -32767.0 -32767.0 -32767.0 -32767.0 -32767.0 -32767.0 -32767.0 -32767.0 -32767.0 -32767.0 -32767.0 -32767.0 33.368465 33.585423 33.354195 33.26927 33.18245 32.939365 33.01117 32.971107 32.961975 32.95156 32.97861 33.156708 34.14143 34.329315 34.337357 34.384583
-32767.0 -32767.0 -32767.0 -32767.0 -32767.0 -32767.0 -32767.0 -32767.0 -32767.0 -32767.0 -32767.0 -32767.0 -32767.0 -32767.0 -32767.0 -32767.0 -32767.0 -32767.0 -32767.0 -32767.0 -32767.0 -32767.0 -32767.0 -32767.0 -32767.0 -32767.0 -32767.0 -32767.0 -32767.0 -32767.0 -32767.0 -32767.0 -32767.0 -32767.0 -32767.0 -32767.0 -32767.0 -32767.0 -32767.0 -32767.0 -32767.0 -32767.0 -32767.0 -32767.0 33.125618 33.49374 33.559975 33.404114 33.388554 33.372845 33.335472 33.057655 -32767.0 -32767.0 -32767.0 -32767.0 32.9546 33.103886 34.157436 34.317017 34.363693 34.4321
-32767.0 -32767.0 -32767.0 -32767.0 -32767.0 -32767.0 -32767.0 -32767.0 -32767.0 -32767.0 -32767.0 -32767.0 -32767.0 -32767.0 -32767.0 -32767.0 -32767.0 -32767.0 -32767.0 -32767.0 -32767.0 -32767.0 -32767.0 -32767.0 -32767.0 -32767.0 -32767.0 -32767.0 -32767.0 -32767.0 -32767.0 -32767.0 -32767.0 -32767.0 -32767.0 -32767.0 -32767.0 -32767.0 -32767.0 -32767.0 -32767.0 -32767.0 -32767.0 33.374306 33.701958 33.370647 33.08995 33.305832 33.27536 33.424473 33.317936 32.95143 -32767.0 -32767.0 -32767.0 -32767.0 32.98602 34.121925 34.09789 34.289635 34.39491 34.44041
-32767.0 -32767.0 -32767.0 -32767.0 -32767.0 -32767.0 -32767.0 -32767.0 -32767.0 -32767.0 -32767.0 -32767.0 -32767.0 -32767.0 -32767.0 -32767.0 -32767.0 -32767.0 -32767.0 -32767.0 -32767.0 -32767.0 -32767.0 -32767.0 -32767.0 -32767.0 -32767.0 -32767.0 -32767.0 -32767.0 -32767.0 -32767.0 -32767.0 -32767.0 -32767.0 -32767.0 -32767.0 -32767.0 -32767.0 -32767.0 -32767.0 32.637615 32.989983 33.46316 33.056133 33.05257 33.170753 33.281105 33.310436 33.705368 32.885838 -32767.0 -32767.0 -32767.0 -32767.0 -32767.0 33.891224 34.10973 34.21991 34.276844 34.430317 34.406597
-32767.0 -32767.0 -32767.0 -32767.0 -32767.0 -32767.0 -32767.0 -32767.0 -32767.0 -32767.0 -32767.0 -32767.0 -32767.0 -32767.0 -32767.0 -32767.0 -32767.0 -32767.0 -32767.0 -32767.0 -32767.0 -32767.0 -32767.0 -32767.0 -32767.0 -32767.0 -32767.0 -32767.0 -32767.0 -32767.0 -32767.0 -32767.0 -32767.0 -32767.0 -32767.0 -32767.0 -32767.0 -32767.0 -32767.0 -32767.0 -32767.0 33.376957 33.391808 33.08939 32.703697 32.78931 33.282814 33.479874 33.56169 33.201744 32.572216 -32767.0 -32767.0 -32767.0 -32767.0 33.78664 34.110783 34.178085 34.318977 34.268215 34.34624 34.32751
-32767.0 -32767.0 -32767.0 -32767.0 -32767.0 -32767.0 -32767.0 -32767.0 -32767.0 -32767.0 -32767.0 -32767.0 -32767.0 -32767.0 -32767.0 -32767.0 -32767.0 -32767.0 -32767.0 -32767.0 -32767.0 -32767.0 -32767.0 -32767.0 -32767.0 -32767.0 -32767.0 -32767.0 -32767.0 -32767.0 -32767.0 -32767.0 -32767.0 -32767.0 -32767.0 -32767.0 -32767.0 -32767.0 -32767.0 33.04757 33.203304 33.465576 33.111134 32.79201 32.77507 32.687737 32.685577 33.610985 33.24961 32.659306 -32767.0 -32767.0 -32767.0 -32767.0 -32767.0 33.750065 33.974586 34.345562 34.30998 34.305782 34.2845 34.350266
-32767.0 -32767.0 -32767.0 -32767.0 -32767.0 -32767.0 -32767.0 -32767.0 -32767.0 -32767.0 -32767.0 -32767.0 -32767.0 -32767.0 -32767.0 -32767.0 -32767.0 -32767.0 -32767.0 -32767.0 -32767.0 -32767.0 -32767.0 -32767.0 -32767.0 -32767.0 -32767.0 -32767.0 -32767.0 -32767.0 -32767.0 -32767.0 -32767.0 -32767.0 -32767.0 -32767.0 -32767.0 -32767.0 33.1669 33.235363 33.464985 33.456566 33.273777 32.905987 32.788918 32.594578 33.258007 33.473106 32.17976 32.107414 -32767.0 -32767.0 -32767.0 -32767.0 -32767.0 33.684135 33.75445 34.28829 34.351112 34.350925 34.320335 34.42982
-32767.0 -32767.0 -32767.0 -32767.0 -32767.0 -32767.0 -32767.0 -32767.0 -32767.0 -32767.0 -32767.0 -32767.0 -32767.0 -32767.0 -32767.0 -32767.0 -32767.0 -32767.0 -32767.0 -32767.0 -32767.0 -32767.0 -32767.0 -32767.0 -32767.0 -32767.0 -32767.0 -32767.0 -32767.0 -32767.0 -32767.0 -32767.0 -32767.0 -32767.0 -32767.0 -32767.0 32.63891 33.29549 33.473064 32.95839 33.170403 33.343403 33.121243 32.812344 32.54428 33.695057 -32767.0 33.412254 32.801754 -32767.0 -32767.0 -32767.0 -32767.0 -32767.0 33.642773 34.016235 33.777573 34.275463 34.348515 34.351364 34.386116 34.42608
-32767.0 -32767.0 -32767.0 -32767.0 -32767.0 -32767.0 -32767.0 -32767.0 -32767.0 -32767.0 -32767.0 -32767.0 -32767.0 -32767.0 -32767.0 -32767.0 -32767.0 -32767.0 -32767.0 -32767.0 -32767.0 -32767.0 -32767.0 -32767.0 -32767.0 -32767.0 -32767.0 -32767.0 -32767.0 -32767.0 -32767.0 -32767.0 -32767.0 -32767.0 -32767.0 32.99488 33.702927 32.52473 31.988886 32.122383 33.23663 33.12889 33.230007 32.63295 32.74056 33.80604 -32767.0 33.7524 32.80366 -32767.0 -32767.0 -32767.0 -32767.0 -32767.0 33.77809 34.062004 34.190495 34.178894 34.328148 34.373478 34.39006 34.447914
-32767.0 -32767.0 -32767.0 -32767.0 -32767.0 -32767.0 -32767.0 -32767.0 -32767.0 -32767.0 -32767.0 -32767.0 -32767.0 -32767.0 -32767.0 -32767.0 -32767.0 -32767.0 -32767.0 -32767.0 -32767.0 -32767.0 -32767.0 -32767.0 -32767.0 -32767.0 -32767.0 -32767.0 -32767.0 -32767.0 -32767.0 -32767.0 -32767.0 -32767.0 -32767.0 32.983498 31.501825 31.474459 33.391117 33.57611 33.581863 33.385765 32.802113 33.55688 33.755165 33.730267 33.838264 33.89146 32.61737 -32767.0 -32767.0 -32767.0 -32767.0 -32767.0 33.740223 34.045906 34.245422 34.273388 34.378063 34.376434 34.35511 34.383583
-32767.0 -32767.0 -32767.0 -32767.0 -32767.0 -32767.0 -32767.0 -32767.0 -32767.0 -32767.0 -32767.0 -32767.0 -32767.0 -32767.0 -32767.0 -32767.0 -32767.0 -32767.0 -32767.0 -32767.0 -32767.0 -32767.0 -32767.0 -32767.0 -32767.0 -32767.0 -32767.0 25.736525 -32767.0 28.705563 -32767.0 31.13587 30.802694 31.572685 31.617004 31.128872 30.999138 32.55317 33.453915 33.70871 33.664906 33.51898 33.260105 33.52689 33.627415 33.857727 33.958904 33.998383 33.66865 -32767.0 -32767.0 -32767.0 -32767.0 33.7964 33.94348 33.58763 34.408863 34.39112 34.392796 34.35761 34.38342 34.426212
-32767.0 -32767.0 -32767.0 -32767.0 -32767.0 -32767.0 -32767.0 -32767.0 -32767.0 -32767.0 -32767.0 -32767.0 -32767.0 -32767.0 -32767.0 -32767.0 -32767.0 -32767.0 -32767.0 -32767.0 -32767.0 -32767.0 -32767.0 7.1613727 -32767.0 -32767.0 29.431051 29.383387 29.021791 29.621965 29.9247 30.241833 30.29324 30.742714 31.2243 31.132843 32.786106 33.81316 33.795284 33.742012 33.750145 33.635418 33.608997 33.68601 33.603104 33.71777 33.98096 34.08329 34.19922 33.182007 -32767.0 -32767.0 32.542652 33.92168 33.457516 34.025566 34.384113 34.35604 34.363506 34.365063 34.371124 34.386368
-32767.0 -32767.0 -32767.0 -32767.0 -32767.0 -32767.0 -32767.0 -32767.0 -32767.0 -32767.0 -32767.0 -32767.0 -32767.0 -32767.0 -32767.0 -32767.0 -32767.0 -32767.0 -32767.0 -32767.0 -32767.0 -32767.0 -32767.0 16.562325 10.664245 24.89987 27.526503 28.32357 29.089743 29.554855 30.513319 30.68743 31.853119 32.59994 33.197235 33.159588 33.498352 33.767605 33.797897 33.738056 33.764244 33.643314 33.61301 33.583424 33.81269 33.683903 33.980656 34.19566 34.243916 34.283672 33.511715 -32767.0 32.636444 33.94785 33.581474 34.31658 34.319828 34.120853 34.301807 34.34733 34.406498 34.405956
-32767.0 -32767.0 -32767.0 -32767.0 -32767.0 -32767.0 -32767.0 -32767.0 -32767.0 -32767.0 -32767.0 -32767.0 -32767.0 -32767.0 -32767.0 -32767.0 -32767.0 -32767.0 -32767.0 -32767.0 13.263233 20.02916 20.195786 25.300518 29.09986 -32767.0 30.83523 30.679424 30.669626 31.48873 32.99743 33.41826 33.735806 33.77597 33.800213 33.789627 33.831337 33.70625 33.666294 33.600178 33.57318 33.57337 33.64358 33.87546 34.14308 33.979908 34.088608 34.211285 34.24843 34.32354 34.188194 -32767.0 33.43662 33.917114 33.63795 33.609974 33.53005 34.19699 34.373196 34.35002 34.388172 34.51893
-32767.0 -32767.0 32.392254 -32767.0 -32767.0 -32767.0 -32767.0 -32767.0 -32767.0 -32767.0 -32767.0 -32767.0 -32767.0 -32767.0 -32767.0 -32767.0 29.2446 -32767.0 24.433344 24.79448 24.449707 30.346066 29.636698 31.230444 30.04793 30.69474 33.17714 33.609234 33.583687 33.694233 33.746468 33.787437 33.826557 33.807484 33.87737 33.942387 33.8661 33.74146 33.670395 33.713196 33.898026 34.124134 34.184277 34.184376 34.186687 34.19267 34.212612 34.26298 34.278313 34.264515 34.21318 34.026287 33.915493 33.950073 33.796486 33.653183 34.404408 34.374424 34.411777 34.439514 34.52909 34.541943
-32767.0 32.047802 32.12209 31.93988 31.735073 -32767.0 31.927143 31.853132 -32767.0 -32767.0 -32767.0 -32767.0 -32767.0 32.59163 32.306507 32.060528 32.32079 31.390177 29.928785 29.993792 28.486496 31.030031 31.529493 32.55435 33.078434 33.54681 33.836815 33.853966 33.79411 33.80632 33.842815 33.922974 33.980206 33.98587 34.13113 34.154312 33.96364 33.894695 33.97949 34.13612 34.20631 34.164352 34.163517 34.19164 34.2402 34.253513 34.276928 34.166344 33.876934 33.86975 33.96526 34.145596 34.370148 34.43241 34.160084 33.991905 34.469265 34.5055 34.538273 34.514816 34.553852 34.587852
32.527863 32.617954 32.502968 32.468765 32.28566 32.175472 32.036304 31.970781 -32767.0 -32767.0 -32767.0 33.11349 33.22572 33.18026 33.143364 32.96721 33.24203 32.729027 31.511288 31.095835 29.643341 29.724846 31.275204 33.339703 33.498135 33.55661 33.855663 33.84283 33.84176 33.878643 34.06109 34.122444 34.18663 34.238445 34.224804 34.11453 34.143425 34.17414 34.189262 34.20066 34.12664 34.146297 34.132496 34.21378 34.238045 34.2218 34.05463 33.87644 33.935425 33.904 34.40235 34.464844 34.50998 34.501072 34.48343 34.26756 34.521336 34.518303 34.50864 34.553658 34.603573 34.612682
33.043827 32.90121 32.85053 32.900173 32.682068 32.446102 32.187366 -32767.0 -32767.0 31.088507 -32767.0 33.14627 33.347878 33.576946 33.707764 33.707264 33.751118 33.45222 33.483997 32.865047 32.24208 33.007812 33.518475 33.5345 33.571846 33.73445 33.851048 33.815334 33.842323 34.004055 34.07466 34.190937 34.252876 34.23907 34.22237 34.10855 34.16894 34.189545 34.17286 34.0837 34.05777 34.08656 34.0486 34.06458 34.09904 34.178226 34.029575 34.016823 34.093666 33.926464 34.53682 34.480106 34.5139 34.485355 34.463444 34.449337 34.45141 34.47231 34.529694 34.597248 34.602726 34.609272
33.17157 33.1129 33.12318 33.071312 32.975533 32.71542 32.37725 32.08511 -32767.0 -32767.0 32.561493 32.770905 33.129795 33.565105 33.708614 33.73128 33.704258 33.63333 33.661354 33.60714 33.56514 33.527924 33.56601 33.654797 33.61266 33.792957 33.87124 33.84367 33.898357 33.96664 34.054665 34.206722 34.29234 34.29346 34.251884 34.24447 34.1868 34.195328 34.166096 34.154697 34.085476 34.0516 34.042236 33.859913 33.856724 33.91447 34.119606 34.170506 34.189777 34.029995 34.48237 34.55271 34.511337 34.473377 34.46833 34.43185 34.433422 34.578056 34.59261 34.59747 34.5975 34.592678
33.165455 33.0675 33.09338 33.041622 33.05476 32.88734 32.6043 32.220276 -32767.0 -32767.0 32.552475 32.54954 32.606125 33.725475 33.74091 33.730312 33.653023 33.710564 33.794407 33.843147 33.782825 33.59793 33.511265 33.687786 33.741005 33.811394 33.838966 33.85046 33.930252 33.971096 34.187145 34.237568 34.30922 34.334248 34.27289 34.18968 34.185677 34.209362 34.18789 34.09493 33.992096 33.75932 33.828053 34.02342 33.95223 33.866306 33.963596 34.173923 33.94158 34.39819 34.43214 34.53536 34.531506 34.48069 34.4749 34.45998 -32767.0 34.579304 34.58639 34.594227 34.59492 34.60246
33.178455 33.177574 33.254063 33.16585 33.021156 32.934605 32.77262 32.36637 32.27854 32.491478 32.550495 32.55096 32.540344 32.977173 33.78935 33.777405 33.794434 33.83778 33.828465 33.775215 33.73928 33.720345 33.73998 33.613945 33.854168 33.88773 33.853516 33.889008 33.931995 34.18492 34.219677 34.27948 34.290554 34.205425 34.228046 34.26562 34.256237 34.213104 34.110016 33.92955 33.743748 33.763317 33.791523 34.015648 34.091267 34.087757 34.08481 33.849 34.01526 34.292942 34.4045 34.56364 34.568295 34.4705 34.44576 34.546803 34.571087 34.57814 34.588306 34.59834 34.615845 34.65177
33.46895 33.32876 33.27971 33.37224 32.99654 32.921104 32.839493 32.776665 32.630905 -32767.0 -32767.0 -32767.0 32.6451 32.77818 33.410275 33.433792 33.496685 33.501472 33.549786 33.58584 33.612114 33.644566 33.713963 33.644012 33.892982 33.826496 33.811867 33.926537 34.159798 34.162586 34.21653 34.23508 34.213123 34.24584 34.314835 34.294075 34.26113 34.209015 34.096596 33.923706 33.907146 33.935474 33.747364 33.747673 34.086514 34.054646 33.782593 33.65085 34.079132 34.276505 34.32233 34.334755 34.32472 34.302246 34.32279 34.481495 34.589233 34.58903 34.603607 34.619324 34.658974 34.651764
