static/data/salinity/2023/7/29/6.asc
ncols 137
nrows 93
xllcorner 108.0
yllcorner 17.0
cellsize 0.25
NODATA_value -32767
[rows 0 to 26 of 93, columns 61 to 121 of 137]
-32767.0 -32767.0 -32767.0 -32767.0 -32767.0 -32767.0 -32767.0 -32767.0 -32767.0 -32767.0 -32767.0 -32767.0 -32767.0 -32767.0 -32767.0 -32767.0 -32767.0 -32767.0 -32767.0 32.394005 33.03228 32.96594 33.04757 33.14794 33.173912 33.210567 33.293453 33.282276 33.317837 33.424156 33.420532 33.500328 33.55905 33.691475 33.83943 33.899734 33.905632 33.93376 33.85195 33.775764 33.83417 33.57582 33.501244 33.463497 33.610466 33.664925 33.67967 33.78363 33.83606 33.817165 33.825043 33.857563 33.88238 33.914818 33.967266 33.95168 33.887203 33.482742 33.640873 33.82461 33.547424
29.78948 29.674593 29.460667 29.199537 28.933681 28.791224 28.496506 -32767.0 -32767.0 -32767.0 -32767.0 -32767.0 -32767.0 -32767.0 -32767.0 -32767.0 -32767.0 -32767.0 32.468864 32.658623 32.859524 32.815826 33.05939 33.163197 33.1554 33.17402 33.157284 33.16103 33.161434 33.18333 33.276817 33.33587 33.316727 33.50406 33.711548 33.890038 33.940582 33.970833 33.975445 33.903225 33.6447 33.19887 33.42198 33.514954 33.72702 33.726692 33.82968 33.869232 33.903942 33.865715 33.76826 33.80697 33.839718 33.822052 33.888855 33.57664 33.293617 33.275936 33.35784 33.796394 33.5654
29.834509 29.514832 29.176203 28.947405 28.852146 28.68643 28.395857 27.893234 27.274035 -32767.0 -32767.0 -32767.0 -32767.0 -32767.0 -32767.0 -32767.0 -32767.0 -32767.0 32.20142 32.6466 32.72473 32.920525 33.13502 33.198414 33.07229 33.071186 32.9766 32.916412 32.937275 33.013145 33.03466 33.22997 33.34513 33.397022 33.960033 34.0318 33.8512 33.35527 33.281586 33.14904 32.90136 32.886715 33.361443 33.512737 33.555958 33.868153 33.942406 34.0425 33.980774 33.87907 33.696533 33.864243 33.918293 33.808014 33.489826 33.40041 33.396397 33.3769 33.364025 33.766113 33.62973
29.518744 29.235485 29.185535 29.026854 29.250883 28.442831 28.305496 28.442478 27.280308 -32767.0 -32767.0 -32767.0 -32767.0 -32767.0 -32767.0 -32767.0 -32767.0 31.25319 32.226788 32.71145 32.734535 32.969887 33.15628 33.13394 33.04566 32.575607 32.504677 32.369003 32.18624 32.47006 32.89542 33.17636 33.383106 34.100037 33.98391 33.746742 33.659515 33.31196 33.15028 33.09098 32.969666 32.900703 33.311245 33.345097 33.87011 33.88692 34.10171 34.163273 34.129795 33.99433 33.699417 33.560783 33.58305 33.535877 33.734783 33.675236 33.365574 33.375786 33.47679 33.76557 33.673206
29.780748 30.10001 30.014526 29.859772 29.60522 29.004337 28.38162 28.149336 -32767.0 -32767.0 -32767.0 -32767.0 -32767.0 -32767.0 -32767.0 -32767.0 -32767.0 -32767.0 -32767.0 32.725845 32.736984 32.707752 33.141945 33.136593 32.715397 32.584637 32.31659 32.177464 32.16191 32.646156 32.816242 33.03267 33.42162 33.59912 33.64895 33.505882 33.154636 33.073147 33.34536 33.572803 33.22382 33.114204 33.228264 33.414562 33.889492 33.87045 33.930397 33.939907 33.961597 34.038692 33.87824 33.639435 33.61532 33.68363 33.700283 33.668945 33.740498 33.49398 33.513084 33.559685 33.743095
29.957884 29.9831 29.902634 29.950876 29.850624 29.67905 27.838858 27.88069 -32767.0 -32767.0 -32767.0 -32767.0 -32767.0 -32767.0 -32767.0 -32767.0 -32767.0 -32767.0 -32767.0 -32767.0 32.540134 32.5344 32.933434 33.059654 32.75031 32.5327 32.193924 32.158287 32.163708 32.329636 32.7286 33.08237 33.016018 32.936615 32.939953 33.018005 33.087914 33.589897 33.921078 33.658943 33.262753 33.224163 33.551228 33.996197 34.00454 33.847404 33.774826 33.770203 33.783447 33.77694 33.761898 33.712326 33.731693 33.754658 33.781277 33.655514 33.746822 33.822094 33.725407 33.70633 33.866264
29.254696 29.177773 29.242508 29.439589 29.474941 28.3996 27.034603 27.906807 -32767.0 -32767.0 -32767.0 -32767.0 -32767.0 -32767.0 -32767.0 -32767.0 -32767.0 -32767.0 -32767.0 -32767.0 -32767.0 32.746105 32.97438 32.99317 32.782433 32.54378 32.355385 32.04905 32.20455 32.20442 32.664772 33.295643 33.318897 33.23174 33.168385 32.987186 33.673157 33.858757 33.613224 33.439484 33.298122 33.532417 33.857395 33.77179 33.67923 33.714947 33.718636 33.614822 33.537323 33.5411 33.642834 33.732956 33.58577 33.768257 33.70795 33.662376 33.735306 33.92975 33.80991 33.84872 33.847225
29.083254 29.213797 29.387182 29.473108 29.125044 28.1911 26.720423 -32767.0 -32767.0 -32767.0 -32767.0 -32767.0 -32767.0 -32767.0 -32767.0 -32767.0 -32767.0 -32767.0 -32767.0 -32767.0 -32767.0 -32767.0 32.74582 32.93745 32.959972 32.60266 32.05203 31.99015 32.505505 32.695797 33.333145 33.49581 33.53454 33.585503 33.45548 33.222324 33.845818 33.702263 33.640076 33.679634 33.597885 33.579052 33.642128 33.71579 33.727676 33.53437 33.41205 33.508366 33.557358 33.54702 33.618633 33.649918 33.627453 33.69161 33.73753 33.68447 33.644135 33.95881 33.971085 33.933712 33.852173
28.960344 29.005705 29.114908 29.259241 29.188845 29.014387 -32767.0 23.606491 -32767.0 -32767.0 -32767.0 -32767.0 -32767.0 -32767.0 -32767.0 -32767.0 -32767.0 -32767.0 -32767.0 -32767.0 -32767.0 -32767.0 32.531708 32.573563 32.61569 32.49947 31.840536 32.050953 32.865208 33.208782 33.46623 33.31969 33.44688 33.64412 33.66527 33.630577 33.62957 33.86859 33.537888 33.228497 33.236904 33.295254 33.34859 33.348335 33.32518 33.335926 33.696625 33.824318 33.750366 33.803394 33.636604 33.530823 33.680996 33.647614 33.639103 33.58702 33.779396 33.75813 33.777817 33.689823 -32767.0
28.65763 28.807846 29.029394 29.171246 29.242582 29.22944 28.005304 28.049383 23.89853 23.85735 22.08024 19.504679 16.486784 -32767.0 -32767.0 -32767.0 -32767.0 -32767.0 -32767.0 -32767.0 -32767.0 -32767.0 -32767.0 32.389614 32.489246 32.300022 31.770277 32.09083 32.8797 33.310432 33.468468 33.24511 33.253635 33.36292 33.470367 33.468044 33.312145 33.101933 33.133293 33.399918 33.12775 33.180843 33.231087 33.33725 33.36015 33.740585 33.839268 33.708755 33.63082 33.67482 33.65089 33.574986 33.56976 33.55812 33.72903 33.87563 33.678017 33.2842 33.45125 33.55346 33.76347
28.3756 28.737268 29.070269 29.311455 29.347973 29.37569 29.37091 29.492628 28.909119 27.449314 24.662727 24.924572 21.868073 -32767.0 -32767.0 -32767.0 -32767.0 -32767.0 -32767.0 -32767.0 -32767.0 -32767.0 -32767.0 -32767.0 32.526314 32.23725 31.743565 32.03609 32.013725 32.997047 33.524334 33.431736 33.401844 33.41255 33.41567 33.56859 33.61486 33.040066 33.147865 33.17128 33.214573 33.54865 33.238808 33.317753 33.58852 33.86052 33.877106 33.808662 33.75451 33.43746 33.262432 33.745323 33.824608 33.810276 33.62776 33.18764 -32767.0 33.276554 33.570244 33.56305 33.60143
28.128117 28.69778 28.894064 29.351501 29.629627 29.869022 29.960789 30.111002 29.804384 29.40623 28.081198 27.449017 19.927887 18.261557 15.57103 -32767.0 -32767.0 -32767.0 -32767.0 -32767.0 -32767.0 -32767.0 -32767.0 -32767.0 -32767.0 32.16732 31.621115 31.827795 31.984596 32.374126 33.267384 33.434387 33.665882 33.734085 33.807533 33.86814 33.661446 33.16093 33.144886 33.36768 33.40988 33.645893 33.626602 33.68663 33.840633 33.821728 33.807365 33.838314 33.826393 33.818985 33.264614 33.321808 33.374035 33.469517 -32767.0 -32767.0 33.373592 33.594776 33.160965 32.57219 32.412575
28.51598 28.890347 29.02671 29.273281 29.573027 29.778175 29.829332 30.05076 30.048203 29.625315 28.97807 28.767792 25.35316 -32767.0 15.602417 -32767.0 -32767.0 -32767.0 -32767.0 -32767.0 -32767.0 -32767.0 -32767.0 -32767.0 -32767.0 32.21114 31.51696 31.842813 31.881207 31.941431 32.632473 33.092777 33.44559 33.61773 33.489464 33.487648 33.583263 33.337166 33.165314 33.344543 33.610237 33.69441 33.640625 33.754498 33.92738 33.99882 33.945538 33.90433 33.866512 33.880714 33.861855 33.870514 32.79265 33.066025 -32767.0 33.50932 33.544106 33.528336 -32767.0 -32767.0 -32767.0
29.424055 29.354324 29.228008 29.703217 30.18092 30.335243 30.27869 30.158754 30.041853 29.998055 30.062185 28.927105 -32767.0 -32767.0 -32767.0 -32767.0 -32767.0 -32767.0 -32767.0 -32767.0 -32767.0 -32767.0 -32767.0 -32767.0 -32767.0 32.416386 31.74425 31.472132 31.842031 31.883793 32.302673 33.18823 32.62666 32.258392 32.561523 32.983093 33.350723 33.279606 33.23991 33.43427 33.191914 33.919804 34.005875 34.02849 33.90502 33.82531 33.840103 33.899696 33.901707 33.919514 33.9486 33.911095 32.95577 32.874733 32.637096 -32767.0 33.548008 -32767.0 -32767.0 -32767.0 -32767.0
29.421337 29.326498 29.360435 29.906075 30.472805 30.53682 30.569796 30.665121 30.325888 30.279095 29.724817 28.617743 27.157936 -32767.0 -32767.0 -32767.0 -32767.0 -32767.0 -32767.0 -32767.0 -32767.0 -32767.0 -32767.0 -32767.0 -32767.0 32.49795 31.60493 31.456692 31.593494 32.158752 31.89817 32.057995 31.886656 32.45629 32.37933 33.086193 33.313023 33.267838 33.475555 33.304523 33.168774 33.446835 33.873695 33.7511 33.712753 33.90538 33.988747 33.83731 33.81243 33.946087 33.973034 33.82957 32.733925 32.48701 -32767.0 -32767.0 -32767.0 -32767.0 -32767.0 -32767.0 -32767.0
29.509819 29.376652 29.495033 29.741198 29.99073 30.048037 30.274141 30.666836 30.844965 30.777628 30.507317 29.735628 28.11239 25.94073 -32767.0 -32767.0 -32767.0 -32767.0 -32767.0 -32767.0 -32767.0 -32767.0 -32767.0 -32767.0 -32767.0 32.243 31.20529 31.546991 31.707722 31.845171 32.638824 32.07587 33.13883 33.057495 32.998756 32.618645 32.918495 32.923363 33.395607 33.1737 -32767.0 33.36707 33.56349 33.11725 33.049065 33.534054 33.882095 33.873447 33.689472 33.429054 33.328384 32.98352 -32767.0 -32767.0 -32767.0 -32767.0 -32767.0 -32767.0 -32767.0 -32767.0 -32767.0
29.420109 29.383783 29.50572 29.68942 29.808535 29.872406 30.003225 30.65855 30.936285 30.833088 30.692335 30.19465 28.919514 24.040785 -32767.0 -32767.0 -32767.0 -32767.0 -32767.0 -32767.0 -32767.0 -32767.0 -32767.0 -32767.0 -32767.0 -32767.0 31.00575 31.64212 31.781721 32.523655 32.699497 32.759594 32.799477 32.68217 32.80191 32.84252 32.967815 33.201485 33.12359 33.265247 33.462143 33.443283 33.335445 33.180103 32.987488 32.921154 33.209324 33.056206 32.881413 32.808647 32.77845 32.503357 -32767.0 -32767.0 -32767.0 -32767.0 -32767.0 -32767.0 -32767.0 -32767.0 -32767.0
29.665781 29.69368 29.909733 30.049446 30.140923 30.19426 30.271774 30.7515 31.036516 30.701056 30.567785 30.178198 27.761744 22.278748 22.029928 -32767.0 -32767.0 -32767.0 -32767.0 -32767.0 -32767.0 -32767.0 -32767.0 -32767.0 -32767.0 30.949305 31.16642 31.735964 31.825712 32.445972 32.216972 32.476955 32.471497 32.552277 32.879585 33.000645 33.011585 33.325775 33.14016 33.041687 33.028732 33.017937 32.936314 32.825447 32.84318 32.85875 32.855 32.847107 -32767.0 32.514263 32.48498 31.925243 -32767.0 -32767.0 -32767.0 -32767.0 -32767.0 -32767.0 -32767.0 -32767.0 -32767.0
29.85571 29.88622 30.004517 30.15334 30.33808 30.667253 31.05188 31.22608 31.18369 30.827211 30.096586 28.05737 26.015284 22.76457 -32767.0 -32767.0 -32767.0 -32767.0 -32767.0 -32767.0 -32767.0 -32767.0 -32767.0 -32767.0 -32767.0 30.91774 31.53269 31.881823 31.870878 32.269745 32.325687 32.34306 32.519398 32.616703 32.936096 33.137646 33.024673 33.060665 33.085564 -32767.0 -32767.0 32.839046 32.838493 -32767.0 -32767.0 -32767.0 -32767.0 -32767.0 -32767.0 -32767.0 -32767.0 -32767.0 -32767.0 -32767.0 -32767.0 -32767.0 -32767.0 -32767.0 -32767.0 -32767.0 -32767.0
29.936522 30.273466 30.420576 30.853828 30.839243 31.179834 31.195274 31.272646 31.29544 30.934061 29.551336 24.785923 22.543894 -32767.0 -32767.0 -32767.0 -32767.0 -32767.0 -32767.0 -32767.0 -32767.0 -32767.0 -32767.0 -32767.0 30.859262 31.513994 31.813087 31.893446 31.927134 32.22483 32.13395 32.234447 32.837254 32.89394 32.929848 32.9953 33.1071 33.078655 -32767.0 -32767.0 -32767.0 -32767.0 -32767.0 -32767.0 -32767.0 -32767.0 -32767.0 -32767.0 -32767.0 -32767.0 -32767.0 -32767.0 -32767.0 -32767.0 -32767.0 -32767.0 -32767.0 -32767.0 -32767.0 -32767.0 -32767.0
29.981745 30.631332 30.797937 30.818857 30.780891 30.804987 31.096836 31.285381 31.210127 30.91322 28.702875 28.898563 22.596767 -32767.0 -32767.0 -32767.0 -32767.0 -32767.0 -32767.0 -32767.0 -32767.0 31.062277 30.607838 30.68741 31.661772 32.070312 31.779074 31.787678 31.895878 32.03404 32.32775 32.84842 33.013824 32.8511 32.8244 32.690186 -32767.0 -32767.0 -32767.0 -32767.0 -32767.0 -32767.0 -32767.0 -32767.0 -32767.0 -32767.0 -32767.0 -32767.0 -32767.0 -32767.0 -32767.0 -32767.0 -32767.0 -32767.0 30.189102 -32767.0 -32767.0 -32767.0 -32767.0 -32767.0 -32767.0
29.985811 30.148916 30.267857 30.452 30.616716 30.709463 30.850327 31.087252 31.082132 29.98931 29.306963 29.895767 28.013456 -32767.0 -32767.0 -32767.0 -32767.0 27.554344 29.551836 30.386333 30.021711 30.677755 30.983046 31.521324 32.054108 31.920048 31.80222 31.9309 32.337803 32.36318 32.760128 32.927128 32.92532 32.835182 32.571423 -32767.0 -32767.0 -32767.0 -32767.0 -32767.0 -32767.0 -32767.0 -32767.0 -32767.0 -32767.0 30.144413 29.81547 -32767.0 -32767.0 -32767.0 -32767.0 -32767.0 -32767.0 -32767.0 31.091658 -32767.0 -32767.0 -32767.0 -32767.0 -32767.0 33.43396
30.089779 30.105316 30.113607 30.250788 30.42403 30.52818 30.599201 30.720121 30.912481 31.130335 29.743277 29.95951 -32767.0 28.155941 -32767.0 30.055708 -32767.0 29.453753 -32767.0 30.656452 30.725002 30.888672 31.23738 31.76059 31.990103 32.00492 32.123405 32.2522 32.22542 32.803486 32.878887 32.851498 32.55597 -32767.0 -32767.0 -32767.0 -32767.0 -32767.0 -32767.0 -32767.0 -32767.0 31.268494 30.69691 29.982498 30.464762 30.82197 30.475319 29.506845 29.220743 -32767.0 -32767.0 -32767.0 -32767.0 -32767.0 30.992287 31.45839 33.107456 33.83079 33.911064 33.687775 33.40229
29.963163 30.114891 30.256699 30.168566 30.318577 30.348722 30.363047 30.446478 30.552952 30.761152 30.946423 30.33614 30.815228 30.667215 30.503948 30.367085 30.340239 30.559849 30.085245 30.502647 30.58752 30.732296 30.692417 31.88459 -32767.0 32.242577 32.69145 33.016815 33.06647 32.87365 33.002518 -32767.0 -32767.0 -32767.0 -32767.0 -32767.0 31.155304 31.15639 31.327145 31.336721 31.247358 31.2386 30.883486 -32767.0 -32767.0 30.587328 30.84442 29.90488 -32767.0 -32767.0 -32767.0 -32767.0 -32767.0 33.20249 33.456146 33.916107 33.89295 33.85905 33.779453 33.720573 33.72012
27.791725 28.998207 29.274446 29.673851 30.091915 30.215584 30.30894 30.487473 30.826357 30.857275 30.898645 30.99091 31.03078 30.99232 31.016432 31.034306 31.004156 30.979696 31.090002 31.050932 31.471561 31.40976 31.91843 32.813995 32.879032 32.921707 32.99584 33.01224 32.887955 32.555523 32.637577 31.424187 -32767.0 32.74055 32.92886 -32767.0 31.787096 32.623848 31.674175 -32767.0 30.56109 30.62537 -32767.0 -32767.0 -32767.0 -32767.0 30.940746 30.52392 -32767.0 -32767.0 -32767.0 -32767.0 33.839157 33.934406 33.897324 33.854015 33.74191 33.664684 33.71175 33.81999 33.95552
28.567007 29.138704 29.697607 29.982288 30.0169 30.0586 30.177137 30.331806 30.386066 30.521944 31.10272 31.231012 31.08006 30.991499 32.123386 32.78048 31.611572 32.164574 32.683186 32.328266 32.327934 32.95364 32.71652 32.677216 32.72745 33.044197 -32767.0 32.731983 32.674545 -32767.0 -32767.0 31.554947 32.4903 32.314674 32.39741 32.90389 32.74706 32.757973 -32767.0 -32767.0 -32767.0 -32767.0 -32767.0 -32767.0 -32767.0 -32767.0 31.843822 33.052094 32.74927 -32767.0 -32767.0 33.89861 33.96179 33.858383 33.814167 33.819332 33.72414 33.730824 33.73636 33.81554 34.04826
30.019272 30.105658 30.158457 30.119194 30.031813 29.948893 29.971508 30.230307 31.00071 32.54198 33.02936 32.841232 32.80802 -32767.0 -32767.0 31.662 32.062893 32.985348 32.899082 32.81147 32.748066 32.65163 32.574554 32.75013 33.034378 32.910114 32.826797 32.344707 -32767.0 -32767.0 -32767.0 -32767.0 -32767.0 -32767.0 32.385525 32.811424 33.410725 -32767.0 -32767.0 -32767.0 -32767.0 -32767.0 33.146828 -32767.0 32.212673 33.12289 33.62769 33.43124 33.449913 33.712193 -32767.0 33.98797 33.97177 33.844574 33.83372 33.835102 33.841534 33.89816 33.79012 33.818302 34.04671
