static/data/seaWater_uo/2023/7/30/0.asc
ncols 137
nrows 93
xllcorner 108.0
yllcorner 17.0
cellsize 0.25
NODATA_value -32767
[rows 52 to 77 of 93, columns 58 to 115 of 137]
0.13561307 0.15351373 0.1939672 0.049788162 0.04095376 0.043932457 0.09066184 0.061443076 0.074736506 0.012168528 -0.032945044 -0.070943095 -0.0038805467 0.21621515 0.26076645 0.1675421 0.12875968 0.11643766 0.06783969 -0.051479258 -0.019470977 0.023398828 -0.06656211 0.006857997 -0.049453016 -0.063742705 -0.014590315 0.034679208 0.09235541 0.07994887 0.05272161 -0.01214015 -0.124439046 -0.20723347 -0.26484138 -0.31011623 -0.36335766 -0.43939072 -0.5504624 -0.48394045 -0.47581655 -0.49978542 -0.3763614 -0.39646265 -0.42489314 -0.44880196 -0.40129814 -0.3022809 -0.12729722 0.11966429 0.00857061 -0.17788166 -0.21812801 -0.2114354 -0.22283286 -0.059020475 0.07471845 -0.018882215
0.19596359 0.18686356 0.21941161 0.25484374 0.1465955 0.06063354 0.077748634 0.13679351 -0.025211817 -0.09729846 -0.117578186 0.022855276 0.2647674 0.38167602 0.25657442 0.17823727 0.16417295 0.105087884 0.0792793 0.01513321 0.034049723 0.059540246 -0.014809389 -32767.0 0.13028938 -0.0570512 -0.035976563 0.06571453 0.07205237 0.023851741 -0.03677593 -0.1383684 -0.30763984 -0.40632233 -0.44521496 -0.5461837 -0.62176406 -0.65194416 -0.56329834 -0.51973766 -0.57176906 -0.44100887 -0.46771628 -0.48164853 -0.39141554 -0.3701622 -0.29906705 -0.13108511 -0.117158696 -0.0064274604 0.24100511 0.23788878 -0.01261521 -0.048603665 0.006899007 -0.043561548 0.040769473 -0.021613818
0.2214179 0.1262644 0.106885865 0.15507352 0.22472967 0.19698158 0.19458878 0.158689 0.14210646 0.111318715 0.18047132 0.37498102 0.5591047 0.4945777 0.26844373 0.23333617 0.11283068 0.0023219641 -0.038185403 -0.0038075545 -0.028499095 -0.02397462 -0.011401433 -0.08689287 0.061317887 0.1947225 0.16843595 0.08202501 0.02855665 -0.02313096 -0.06409875 -0.19814546 -0.39558852 -0.5613904 -0.6167805 -0.6753222 -0.6543783 -0.57060707 -0.5619771 -0.604486 -0.5364944 -0.49495238 -0.34841248 -0.22818905 -0.19278193 -0.23945859 -0.1874033 -0.058016658 0.006912751 -0.006022793 0.08094773 0.2572046 0.3894135 0.196275 0.07563364 0.117060915 0.09353506 0.1096126
0.07346585 0.40627325 0.6713351 0.70320106 0.79138947 0.74230516 0.70777625 0.6776625 0.49426705 0.46514165 0.63797724 0.8076689 0.7078659 0.4038314 0.32104623 0.1959818 0.023341645 -0.14468122 -0.19065216 -0.100413926 -0.114507444 -32767.0 -0.13861735 0.09281692 0.19483376 0.18363133 0.08686648 0.048741814 0.007610861 -0.04459027 -0.04963293 -0.1769963 -0.30163795 -0.44255257 -0.49987403 -0.5009346 -0.48460522 -0.5391044 -0.59489673 -0.57905424 -0.51463103 -0.37458554 -0.27102485 -0.15270226 -0.14241393 -0.15123369 -0.10461519 -0.045004304 -0.04349867 -0.012172574 0.0027236317 0.14659601 0.2185092 0.27246633 0.18238439 0.13725424 0.07348182 0.07256698
0.4295067 0.7445747 0.8316524 0.7022212 0.7307988 0.72289175 0.80296993 0.92347145 0.98490524 1.0452918 0.9809485 0.780443 0.4450473 0.31681904 0.25714 0.08432825 0.026488425 -0.008168103 0.0035783662 -0.10316186 0.007415056 0.14341292 0.17633227 0.17655683 0.21349806 0.25438276 0.24001251 0.13988698 0.020199982 -0.026265603 -0.05648109 -0.1132747 -0.18312755 -0.27312547 -0.32936516 -0.39006162 -0.5113663 -0.5723441 -0.5775416 -0.5339212 -0.47428602 -0.3995394 -0.24538659 -0.097108476 -0.042683154 -0.03995291 -0.06733804 -0.08399483 -0.05647065 -0.03146212 -0.012376094 0.010342073 0.040314086 0.13702735 0.1725266 0.16777474 0.12086028 0.07417856
0.31351942 0.43472254 0.3426508 0.30938098 0.28853482 0.29940823 0.47601536 0.6845403 0.7426744 0.6770904 0.48664057 0.26295438 0.30499986 0.20938411 0.040207524 0.003279061 -0.08483527 -0.06007886 -0.007769948 -0.017215557 0.065451995 0.07478555 0.11264259 0.19819123 0.190078 0.18773723 0.16942856 0.1428186 0.012032865 -0.017495548 -0.07520855 -0.07214579 -0.1171557 -0.17702577 -0.26331475 -0.3959478 -0.4721008 -0.49275506 -0.4729127 -0.48470953 -0.43127015 -0.33193356 -0.19883871 -0.07945942 -0.009886394 0.021624392 -0.034107186 -0.048184194 -0.013752183 0.01421535 -0.008000612 -0.08224138 -0.07058514 0.084103845 0.10913865 0.16261591 0.20813508 0.11831952
0.0007491133 0.14267066 0.113361284 0.20897265 0.30748317 0.3727493 0.3560892 0.17045216 0.052973323 -0.03720689 0.19789921 0.2712462 0.20702153 -0.071771465 -0.05739185 -0.111926824 -0.15400875 -0.11088145 0.10003898 0.23332866 0.19352219 0.1402291 0.23817301 0.2033164 0.13769071 0.09277782 0.016467568 -0.025620978 -0.05350635 -0.037624173 -0.07794486 -0.074041195 -0.06397611 -0.11792221 -0.1862587 -0.30495524 -0.3590113 -0.3721976 -0.34300658 -0.3275178 -0.31458125 -0.24963607 -0.11038686 -0.023151731 -0.018260479 -0.0031170251 -0.008565119 0.00040179907 0.04822919 0.059093256 0.0399478 -0.12644103 -0.16148792 0.026461333 0.24671324 0.2051218 0.2471112 0.25822327
-0.017113136 0.13426751 0.067139946 0.03638049 0.18738165 0.2351267 0.06549387 0.038290825 0.019773638 0.06855138 0.13407893 0.14082378 -0.16006865 -0.16355173 -0.13853417 -0.1299541 -0.11763087 -0.036360085 0.09799443 0.16499929 0.14735998 0.21407968 0.1969529 0.0022200013 -0.08439591 -0.20319268 -0.25722513 -0.23844871 -0.11416383 -0.060297623 -0.08405184 -0.11662731 -0.058158826 -0.0616718 -0.108698696 -0.16517587 -0.2155482 -0.18760106 -0.13994183 -0.077865206 -0.11483139 -0.13878624 -0.0408561 -0.040878877 -0.035710607 -0.00063709106 -0.004818738 -0.015255844 -0.0149197895 0.024795657 0.074057855 -0.025391275 -0.22072166 -0.13903135 0.12325036 0.36761788 0.48197624 0.47217757
0.69458693 0.26957303 0.039923 -0.058665168 0.011060378 0.11831451 0.28349552 0.15441917 0.066959634 0.025541967 0.03658688 0.03596158 0.02900356 -0.0066423514 -0.031563222 -0.05600652 -0.051984735 -0.09862969 -0.032348588 0.057619825 0.15522847 0.037516586 -0.13462614 -0.20889425 -0.30669296 -0.43574426 -0.439415 -0.27311948 -0.0513907 -0.069283105 -0.12971845 -0.17049523 -0.12678747 -0.05521689 -0.039932266 -0.04623269 -0.08552365 -0.04541461 0.018895619 0.056892008 0.08827344 0.07533589 0.09215125 0.033639085 0.025052922 0.09577864 0.089424886 0.034514822 -0.020739531 -0.041699365 0.0016868059 0.07407995 0.0045694625 -0.09414248 0.06362294 0.1511429 0.21288936 0.15572864
0.8279798 0.25863123 0.05597114 -0.05457284 0.048027795 0.29583463 0.36190048 0.17623484 0.049206275 0.08298428 0.06180285 0.058572605 0.12917952 0.1627605 -0.015356601 -0.17127612 -0.15594985 -0.08897582 -0.02509872 0.010463843 -0.14874259 -0.31908032 -0.32130453 -0.3320103 -0.36980778 -0.4386368 -0.36281183 -0.12950675 -0.098147325 -0.12819138 -0.14668024 -0.20656247 -0.2489942 -0.1414295 -0.05043991 0.017515546 0.056117583 0.053804614 0.09728835 0.1725315 0.22865853 0.23799287 0.19397996 0.17807558 0.22327487 0.28234246 0.28084314 0.17522399 0.06292998 0.01034241 -0.02348229 0.03952212 0.13368908 0.12098691 0.1385679 0.058483884 0.08163026 0.062419306
0.2144765 0.14935456 0.062348656 0.104832396 0.10508881 0.074962355 -0.122580044 0.076674715 0.14742823 0.30041718 0.1479133 0.13658175 0.16397764 0.14297397 0.012267869 -0.1475959 -0.27240828 -0.2642068 -0.13855813 -0.28993237 -0.41667646 -0.39825457 -0.44855595 -0.4973836 -0.4857156 -0.37781125 -0.15054873 -0.1378723 -0.19301802 -0.23002614 -0.17301214 -0.14810343 -0.2833183 -0.25789082 -0.14754805 0.032502223 0.13194585 0.122619435 0.16045906 0.23111019 0.2593051 0.2721876 0.30019647 0.38341096 0.49332044 0.4936408 0.49839884 0.39945906 0.23844312 0.090853825 -0.02649978 -0.0036858306 0.047484178 0.08995664 0.041354388 -0.022499328 -0.014564472 -0.004367598
0.041477174 0.13312201 0.14202634 0.13519165 0.025159225 0.021603985 0.1880261 0.38238606 0.40326166 0.32893014 0.24748392 0.17451626 0.16443644 0.14524713 0.07988359 0.008376467 -0.14417794 -0.20799184 -0.34143606 -0.4328255 -0.44883916 -0.54810023 -0.6189433 -0.5841066 -0.4144738 -0.22570786 -0.25030306 -0.27080733 -0.24787804 -0.21082984 -0.18742502 -0.09834655 -0.009014501 -0.059049997 -0.10633632 -0.043075874 0.114850245 0.24371938 0.27105534 0.30683783 0.34184283 0.36655593 0.47690415 0.5591196 0.5458885 0.3820215 0.2780396 0.2132307 0.14687456 0.077218994 0.011714804 -0.06257836 -0.04546668 0.020518683 -0.063559614 -0.059696387 -0.07080119 -0.058007974
0.13283397 0.045289364 0.05628921 0.036526658 0.07701522 0.16321619 0.28579667 0.32686287 0.2765207 0.23764992 0.23600674 0.21849126 0.18843271 0.11341176 0.06030585 -0.024235617 -0.12211625 -0.27724776 -0.39803344 -0.43565673 -0.53257084 -0.6526465 -0.5588738 -0.37967503 -0.36690152 -0.35353726 -0.33519387 -0.3330245 -0.3384761 -0.31434914 -0.255405 -0.16886868 -0.059785526 0.020100491 0.095092304 0.18578073 0.26811683 0.3407499 0.42583433 0.46607795 0.49875027 0.5265511 0.5248187 0.40133458 0.26464087 0.21277408 0.085409425 0.027096834 0.0061231493 -0.0036825016 -0.021304037 -0.07071418 -0.043846045 -0.021768412 -0.12614119 -0.13062027 -0.13539131 -0.09303947
0.09738272 0.0006055109 -0.1380565 -0.12626986 -0.13160276 -0.11546848 -0.063168205 0.0097643845 0.0851684 0.18300633 0.22697213 0.21917835 0.16625589 0.08589073 0.01322231 -0.075265355 -0.14667343 -0.33328724 -0.37514564 -0.4447546 -0.5138689 -0.44792783 -0.39373514 -0.39516747 -0.32225373 -0.26896134 -0.25249812 -0.25598425 -0.27264294 -0.28899238 -0.2500338 -0.24541928 -0.24158372 -0.18995991 -0.12172434 -0.0283714 0.034584783 0.114741474 0.23640452 0.31750917 0.34893864 0.24792452 0.11554042 0.17034493 0.1777521 0.20092174 0.19939034 0.13628033 -0.07380644 -0.028024057 -0.055596847 -0.14868729 -0.06893632 -0.08215245 -0.17064995 -0.18643373 -0.1676322 -0.14327346
0.10966372 -0.08017386 -0.23597516 -0.3678921 -0.42548022 -0.40289345 -0.3504023 -0.24401048 -0.06714673 0.09525076 0.23878367 0.23684503 0.13187723 0.009297943 -0.09685757 -0.10779777 -0.22681385 -0.34198138 -0.39670283 -0.46006018 -0.39376152 -0.41500768 -0.43425494 -0.3294293 -0.23454396 -0.16256002 -0.108452536 -0.11013307 -0.1503028 -0.22229283 -0.2235077 -0.20934674 -0.22397551 -0.23430765 -0.23684838 -0.20930836 -0.09330054 -0.057449885 -0.08756781 -0.14373834 -0.16807757 -0.14491284 -0.13885549 -0.08326634 -0.03321729 -0.024496684 0.0751452 0.19441962 0.17107986 0.05207701 0.07135033 -0.11654152 -0.11525604 -0.1454994 -0.17556791 -0.24183075 -0.16530873 -0.18164183
0.14968087 -0.122074835 -0.22007804 -0.29802164 -0.3480823 -0.34386548 -0.31400406 -0.22760944 -0.092157714 0.07707803 0.1391138 0.13545084 0.034069218 -0.12743083 -0.11285936 -0.17098762 -0.31429523 -0.37864423 -0.46040505 -0.47409555 -0.4574175 -0.33968025 -0.20291942 -0.09633675 -0.11441437 -0.14034218 -0.071470596 -0.011155115 0.054245148 0.014776398 -0.13489518 -0.16021839 -0.18756968 -0.22063902 -0.20560513 -0.22902013 -0.19053152 -0.17665036 -0.2208419 -0.2714171 -0.25312197 -0.2978284 -0.34998477 -0.32575503 -0.21674515 -0.13031879 0.008780174 0.20722723 0.31225654 0.30777448 0.22096968 0.078172706 -0.053423047 -0.15231009 -0.21059231 -0.23555852 -0.20713383 -0.19622058
-0.08580995 -0.13942511 -0.10553894 0.022115516 0.11922001 0.12328515 0.08760393 0.07823406 0.020269966 0.09622233 0.08582011 0.012319855 -0.09154498 -0.20079674 -0.1342708 -0.25117633 -0.3323727 -0.42486215 -0.48422202 -0.3967757 -0.30515003 -0.2604121 -0.15464063 -0.04615214 -0.07411758 -0.10376258 -0.037028402 0.059777267 0.12285605 0.117271945 0.08233145 -0.038256455 -0.060333993 -0.14705384 -0.14809787 -0.1549762 -0.2123245 -0.17712691 -0.19542165 -0.24288693 -0.21043895 -0.17709954 -0.23319861 -0.32056773 -0.26950425 -0.1161831 -0.020079292 0.13472734 0.29256636 0.35225323 0.29597768 0.17832892 0.0019799985 -0.12792256 -0.22407249 -0.17874722 -0.23025702 -0.19027655
-0.1258474 -0.19757701 -0.061909545 0.07296837 0.22183679 0.28154564 0.2734353 0.25655243 0.26759028 0.19465983 0.06387579 -0.08332641 -0.18532962 -0.16155274 -0.18430537 -0.2596747 -0.34540468 -0.4216579 -0.35486388 -0.38941738 -0.45406598 -0.41524348 -0.3207675 -0.17652684 -0.055307973 -0.042224817 -0.051782593 0.04279392 0.13285618 0.18032108 0.16359101 0.13501008 0.11085648 0.010925686 -0.059108485 -0.082206935 -0.22022513 -0.19154854 -0.17034484 -0.15202956 -0.15061943 -0.06157101 -0.029708391 -0.13101034 -0.16960631 -0.1262448 -0.10797715 -0.050600216 0.031150863 0.1303429 0.15628858 0.056824595 -0.057858452 -0.12260295 -0.17836276 -0.15282586 -0.1881189 -0.15981582
-0.14449991 0.20314912 0.22491826 0.17154965 0.18821213 0.19613883 0.26752502 0.34094977 0.37685037 0.09900937 -0.022971941 -0.16221778 -0.20763849 -0.17307256 -0.21241666 -0.26557106 -0.32870755 -0.30744365 -0.30975744 -0.34110653 -0.33017355 -0.24816202 -0.12421706 -0.055981115 0.05600635 0.042875838 -0.08012895 -0.03972314 0.07560882 0.1966224 0.14766546 0.09326331 0.03177356 -0.005245942 -0.017768553 -0.107329436 -0.22765112 -0.23900928 -0.22417463 -0.1456156 -0.12107364 -0.16894831 -0.13643682 -0.05494713 -0.06683697 -0.11815018 -0.16571377 -0.17790958 -0.11667277 -0.100877024 -0.09995348 -0.14186576 -0.0931557 -0.14348719 -0.14668085 -0.12926562 -0.13050929 -0.12554175
0.44733465 0.614907 0.48400396 0.28353974 0.18324378 0.2111137 0.28124735 0.29381362 0.01840491 -0.12833133 -0.14786616 -0.23180045 -0.19860321 -0.1594159 -0.17367192 -0.2261237 -0.25119346 -0.19523084 -0.15289569 -0.06523968 0.02039163 0.08718677 0.0970356 0.15255694 0.18515398 0.17765102 -0.011069376 -0.08039431 0.045447886 0.18433557 0.17986849 0.046654515 -0.011615844 -0.027149806 -0.008835846 -0.10825927 -0.24468191 -0.2655452 -0.24639343 -0.27751717 -0.29591513 -0.21530409 -0.06887364 0.045726564 -0.025440143 -0.12531205 -0.20348652 -0.2573129 -0.24768953 -0.26146984 -0.23870765 -0.25425994 -0.18576214 -0.14729203 -0.12130689 -0.07410704 -0.041867808 -0.110964574
0.04792864 -0.058623016 0.044660497 0.11147132 0.2054027 0.21065703 0.2234719 0.023950305 -0.112499006 -0.13653888 -0.18617506 -0.25889814 -0.20041223 -0.13832682 -0.12447738 -0.15134023 -0.11726886 -0.046446625 0.076645 0.20710611 0.3339885 0.37250495 0.33020043 0.3053711 0.271461 0.26279873 0.23970948 0.15121265 0.18937358 0.26949233 0.25697953 0.124370985 0.045149803 0.03920102 0.0070887203 -0.025254015 -0.06301564 -0.1428444 -0.19336373 -0.17730395 -0.2067437 -0.14619687 -0.05014098 -0.00056293275 -0.094645396 -0.17047441 -0.22356513 -0.32691443 -0.3657415 -0.34254178 -0.26709858 -0.19580604 -0.19417532 -0.13604958 -0.058439706 -0.018029792 0.031651955 0.04232827
-0.1147539 -0.106264025 0.1362626 0.2616332 0.22680756 0.15570286 0.1739968 -0.045231603 -0.052517023 -0.09780491 -0.16770113 -0.22889459 -0.22088872 -0.19503322 -0.14629337 -0.068549685 0.002003242 0.13908559 0.2537328 0.38616052 0.48186168 0.5249587 0.5318254 0.5363801 0.54668295 0.5301496 0.6082178 0.65468913 0.49004647 0.37094125 0.30418026 0.16947985 0.027084837 -0.06868036 -0.06766296 -0.0016467326 0.0928247 0.09364285 0.04358613 -0.055509184 -0.11939326 -0.1642133 -0.11986114 -0.11768785 -0.20243292 -0.24587508 -0.2873552 -0.4104313 -0.43938968 -0.3971423 -0.28781763 -0.16104789 -0.18385611 -0.18873389 -0.081280455 -0.0057888087 0.037773635 0.12918238
-0.1417813 0.09105325 0.18976344 0.16744842 0.14544535 0.09739704 0.12862042 0.12335222 0.042926442 -0.06390227 -0.13561359 -0.19783846 -0.20345661 -0.21270125 -0.20062605 -0.11887843 -0.012130634 0.12788552 0.33309162 0.5776069 0.787869 0.9072403 0.91818935 0.86736345 0.8597332 0.84989697 0.8018111 0.5969617 0.3832397 0.24382862 0.25010654 0.14874022 0.027799757 -0.08841519 -0.074126236 0.020624412 0.07286592 0.0922274 0.07713187 0.036414545 -0.07753813 -0.16611741 -0.164535 -0.21927409 -0.27346665 -0.30107164 -0.3451249 -0.51682705 -0.50462824 -0.43184188 -0.3471965 -0.26931876 -0.32744145 -0.25579342 -0.0100258775 0.057307687 0.17156328 0.33988616
0.20052071 0.110046946 0.038202398 -0.055613786 -0.1112343 -0.07025609 0.0010072117 0.036030024 0.025739001 -0.070831574 -0.14062408 -0.18644486 -0.18092084 -0.124932855 0.016006337 0.23638162 0.50519407 0.7131695 0.79932433 0.8229365 0.7561528 0.60469294 0.50118583 0.4552707 0.44185725 0.43448868 0.4299938 0.4098426 0.3414993 0.17809592 0.19688182 0.15434866 0.10528808 0.10168155 0.11717002 0.120760426 0.09443557 0.07961325 0.072326496 0.040246475 -0.045313444 -0.15189706 -0.20172499 -0.31679413 -0.31510028 -0.35096082 -0.44892612 -0.60692364 -0.6072758 -0.54662174 -0.51153326 -0.49715373 -0.38960335 -0.08104146 0.06680646 0.21087314 0.38774362 0.4384997
0.064241774 -0.04003224 -0.22742882 -0.24384724 -0.12484572 -0.06309338 -0.035560213 -0.009935952 -0.041189384 -0.14650458 -0.17189036 -0.20410602 -0.16258237 -0.008942674 0.2812704 0.46723446 0.56699073 0.6099263 0.54408956 0.42052555 0.27666926 0.22740705 0.2445598 0.24810344 0.29276523 0.25658885 0.19729891 0.13220143 0.12536356 0.13582736 0.17589904 0.25231588 0.2661573 0.28227445 0.2616443 0.20553802 0.13890408 0.09320264 0.052229688 0.006032378 -0.036213953 -0.135509 -0.2613399 -0.36464936 -0.45551443 -0.41796747 -0.37723634 -0.54772973 -0.6222387 -0.61977524 -0.5127312 -0.3125105 -0.1266189 0.0019029551 0.19684942 0.24521556 0.17513011 0.23417479
-0.14489199 -0.2744665 -0.28467342 -0.26549804 -0.16552696 -0.12716101 -0.16510978 -0.12959015 -0.16770622 -0.22105569 -0.17585887 -0.20154478 -0.17290029 0.07753089 0.23087041 0.3225394 0.37110454 0.32199752 0.1887574 0.19154671 0.20825954 0.19144066 0.1199042 0.13261291 0.17717184 0.19549394 0.1390514 0.07253534 -0.047714986 0.009780536 0.107727826 0.26752415 0.3321472 0.32581902 0.25129107 0.16563264 0.081159815 0.07947555 0.0009066144 -0.06119255 -0.082134835 -0.1572249 -0.27216533 -0.3787665 -0.42968255 -0.54306823 -0.42948812 -0.33579755 -0.36145318 -0.4242771 -0.36265844 -0.265234 -0.080338076 0.061342422 -0.00014017678 -0.046455592 0.03372795 0.0823798
