static/data/seaWater_uo/2023/7/30/12.asc
ncols 137
nrows 93
xllcorner 108.0
yllcorner 17.0
cellsize 0.25
NODATA_value -32767
[rows 0 to 24 of 93, columns 58 to 115 of 137]
-32767.0 -32767.0 -32767.0 -32767.0 -32767.0 -32767.0 -32767.0 -32767.0 -32767.0 -32767.0 -32767.0 -32767.0 -32767.0 -32767.0 -32767.0 -32767.0 -32767.0 -32767.0 -32767.0 -32767.0 -32767.0 -32767.0 -0.014839809 -0.085013345 -0.16585627 -0.0572947 0.26439995 0.49189654 0.48650536 0.41406104 0.18157949 0.08088283 0.16822296 0.16460419 0.18983738 0.1393663 0.14519972 0.18403554 0.22035198 0.23660262 0.34486753 0.35672086 0.3748332 0.4304365 0.33148047 0.045715243 -0.028926503 0.022960957 0.116861686 0.2761649 0.35210708 0.34241143 0.36943114 0.5168919 0.734771 0.7932774 0.8266283 0.7640574
-32767.0 -32767.0 -32767.0 -0.035423677 -0.12127213 -0.019907454 -0.045182403 -0.020361718 -0.0047287075 0.034831453 -32767.0 -32767.0 -32767.0 -32767.0 -32767.0 -32767.0 -32767.0 -32767.0 -32767.0 -32767.0 -32767.0 0.18060848 0.49227548 0.07881385 0.02456015 0.22570303 0.2824695 0.03565619 -0.028693795 0.0592467 0.12786452 0.17995468 0.20326136 0.20521143 0.18787889 0.20522395 0.15202804 0.21626551 0.25788268 0.30207482 0.38799635 0.44027525 0.47283772 0.42343986 0.21320276 -0.0053348094 0.113420196 0.16055466 0.21308468 0.17249312 0.2289585 0.24996145 0.2785765 0.27906024 0.37295207 0.34667444 0.30928493 0.362855
-32767.0 -0.064664535 -32767.0 -0.068001 -0.09408032 -0.12441605 -0.09423376 -0.037732635 -0.0028483607 0.010475244 0.047252137 0.007853655 -32767.0 -32767.0 -32767.0 -32767.0 -32767.0 -32767.0 -32767.0 -32767.0 -32767.0 0.06529363 0.16524325 0.13530955 -0.013466289 0.029485622 -0.018282283 -0.051471785 -0.007476668 0.012423942 0.07734858 0.105430864 0.1724909 0.16821331 0.027037129 -0.011314063 0.16677868 0.14879663 0.20982365 0.24878356 0.40462446 0.5527056 0.5603264 0.47352773 0.2525927 0.16584654 0.23089291 0.2373484 -0.032140356 -0.12565804 -0.12883617 -0.0051605483 0.056733612 0.06983184 0.16182704 0.0549982 -0.018353475 -0.08251778
-0.084518924 -32767.0 -0.11638548 -0.11960522 -0.15524958 -0.10698094 -0.13356231 -0.088557065 -0.03994919 0.021238862 -0.064856194 -0.10930821 -32767.0 -32767.0 -32767.0 -32767.0 -32767.0 -32767.0 -32767.0 -32767.0 -0.073132284 -0.0903408 -0.13907517 -0.10870576 -0.1416705 -0.15408877 -0.21085282 -0.14410424 -0.05584359 0.02534006 0.24417815 0.39728916 0.38115957 0.21590658 0.0025392147 -0.025182616 0.0075353603 -0.006822145 0.12182796 0.26898584 0.49670395 0.5185448 0.41108224 0.38516077 0.226017 0.18512598 0.2713049 0.10831579 0.017230526 -0.016847346 0.067444995 0.003418421 -0.0154209975 0.0041157594 0.028686501 -0.014204349 -0.11270558 -0.19446594
-0.15917867 -32767.0 -0.10402487 -0.15978843 -0.16296321 -0.115433216 -0.024733242 -0.041408997 -0.1563055 -0.03129154 -0.05187 -32767.0 -32767.0 -32767.0 -32767.0 -32767.0 -32767.0 -32767.0 -32767.0 -32767.0 -32767.0 -32767.0 -0.027785236 0.13432938 -0.038775787 -0.25300452 -0.2130731 -0.20460673 -0.023441248 0.11531864 0.25636828 0.24186562 0.040556513 0.015304765 0.15658846 0.34883192 0.43512088 0.38669977 0.45445925 0.59847355 0.48369327 0.26885825 0.09502067 0.10610709 0.017123498 0.08558223 0.26227272 0.18467996 0.21619755 0.3166523 0.37923354 0.3276166 0.29109704 0.21081041 0.091241546 0.12399997 0.1017608 -0.06472611
-0.14651406 -0.11702557 -0.10256059 0.016424978 0.10521067 0.03194967 0.05948114 0.08386878 0.07950192 -0.02648593 -0.07143493 -32767.0 -32767.0 -32767.0 -32767.0 -32767.0 -32767.0 -32767.0 -32767.0 -32767.0 -32767.0 -32767.0 -32767.0 0.063355744 0.16581877 -0.116898805 -0.22733216 -0.15015915 -0.044741087 0.229602 0.32818466 0.2955623 0.29380697 0.21365002 0.3602242 0.55572313 0.70867765 0.6853974 0.4734497 0.27604938 0.122832015 -0.09623753 -0.31814462 -0.25508896 -0.20091325 -0.016308561 0.10312987 0.25471398 0.529887 0.8007619 0.915546 0.8460738 0.68430513 0.5012031 0.2401707 0.04347421 0.10064513 0.13975574
-0.112488404 -0.07478211 0.0012432401 0.073654056 0.08580517 0.07724571 0.07943893 0.17010961 -0.015862081 -0.124799095 -0.06499015 -32767.0 -32767.0 -32767.0 -32767.0 -32767.0 -32767.0 -32767.0 -32767.0 -32767.0 -32767.0 -32767.0 -32767.0 -32767.0 -0.083015546 -0.030568516 -0.06205283 -0.15796876 -0.026537929 0.22979718 0.30274224 0.3474383 0.32827908 0.28194812 0.15996139 0.06373015 0.0443801 0.0891416 0.10935773 0.086553216 -0.14669234 -0.28132662 -0.2853384 -0.15532124 0.038900167 0.13467109 0.31367022 0.50212514 0.66737235 0.60216814 0.4381095 0.3575913 0.38245255 0.42750266 0.33501685 0.018500425 0.061211355 0.0546628
0.047265437 0.0072345315 0.04856945 0.06979109 0.065297514 0.09307789 0.11415881 0.03005429 -0.08011646 -0.1606261 -32767.0 -32767.0 -32767.0 -32767.0 -32767.0 -32767.0 -32767.0 -32767.0 -32767.0 -32767.0 -32767.0 -32767.0 -32767.0 -32767.0 -32767.0 0.15609398 0.15507065 -0.05438485 0.017637398 0.3015969 0.21589056 0.24955797 0.08310434 -0.0065092733 0.08895381 0.1215247 0.20903613 0.16559657 0.06933457 0.015647808 -0.036277406 0.074003875 0.30764586 0.57417715 0.7715243 0.87872964 0.8569933 0.6633292 0.3182533 0.11415074 0.16346675 0.19013914 0.1203864 0.07980773 0.27954525 0.23886874 0.10599709 0.21272989
0.0685203 0.030494746 -0.04288186 -0.013505967 0.0010162368 0.08627092 0.093168356 0.032608062 -0.054072596 -32767.0 -0.010615407 -32767.0 -32767.0 -32767.0 -32767.0 -32767.0 -32767.0 -32767.0 -32767.0 -32767.0 -32767.0 -32767.0 -32767.0 -32767.0 -32767.0 0.13189882 0.14635113 0.17190424 0.30139875 0.27285504 0.19954927 0.1367535 -0.009241638 -0.05002243 0.012315886 0.023935298 0.056159772 0.118629605 0.1312614 0.08486811 0.2286595 0.42178306 0.44073763 0.45525062 0.42406082 0.42608595 0.33112237 0.09077634 0.0043317648 0.088678785 -0.003066681 0.032570697 0.10035212 -0.0154236555 0.10364667 0.32739174 0.28265926 0.24749558
-0.16604175 -0.12776008 -0.055235293 -0.07067189 -0.069709316 0.021977011 0.06363687 0.10540003 0.10180064 -0.0662865 -0.08178797 -0.05951375 0.025506673 0.050317056 0.077536695 -0.13735618 -32767.0 -32767.0 -32767.0 -32767.0 -32767.0 -32767.0 -32767.0 -32767.0 -32767.0 -32767.0 0.086621754 0.16529916 0.28996864 0.16184239 0.23407947 0.20082322 0.12681578 0.0035743152 -0.10541967 -0.19382963 -0.22318146 -0.18095192 -0.10325878 0.008767612 0.13176264 0.23439291 0.14109296 0.069532335 0.13117543 -0.17247991 -0.2600445 -0.19012102 0.021432977 -0.17242077 -0.3341636 -0.33935228 -0.12622154 -0.07634364 -0.029359763 0.06475167 0.049311385 -2.018176e-06
-0.10638286 -0.14711234 -0.09009516 -0.06827688 -0.021969505 0.049502812 0.13449827 0.061250083 0.090551205 0.15969798 -0.016332971 0.09694766 0.038770184 0.010749858 -0.11578024 -0.091364965 -32767.0 -32767.0 -32767.0 -32767.0 -32767.0 -32767.0 -32767.0 -32767.0 -32767.0 -32767.0 -32767.0 0.11305816 -0.039259918 -0.029305844 0.080321684 0.36437944 0.22023307 0.12493982 0.019180631 -0.14038773 -0.1667926 -0.23118602 -0.15629579 -0.04016205 0.020537656 0.006764992 -0.009731303 0.18154766 0.0015516067 -0.17253613 -0.08233558 -0.07127836 -0.13763842 -0.12114528 -0.32292515 -0.55096006 -0.2473515 0.112253875 -0.15129226 -0.11263901 0.09874656 0.3202147
-32767.0 0.021176673 -0.039597403 0.012462394 0.020051824 0.07002516 0.080241 0.07387824 0.07273036 -0.00537544 -0.073374026 0.024654048 0.0081324885 -0.02339942 0.01697857 -0.018136304 -0.0030976306 -0.063397124 -32767.0 -32767.0 -32767.0 -32767.0 -32767.0 -32767.0 -32767.0 -32767.0 -32767.0 -32767.0 0.027825065 -0.0842487 0.011983296 0.067427024 0.26699755 0.25730217 0.20578669 0.13903755 0.14272323 0.14705092 0.20297176 0.12969445 0.12884396 0.04364203 -0.1044002 0.0069254385 -0.04953522 -0.102836184 -0.28889188 -0.30970803 -0.21512161 -0.13025482 -0.21177554 -0.1889667 -0.4729774 -0.3646546 -0.06976715 0.03411029 0.14541663 -32767.0
-32767.0 -0.0029965187 -0.12905873 -0.040075924 0.07183759 0.085566804 0.019863812 0.018880134 -0.017754536 -0.05164591 -0.12183222 -0.17368804 -0.012628503 0.019130958 0.05312164 -0.27324787 -32767.0 -0.059913453 -32767.0 -32767.0 -32767.0 -32767.0 -32767.0 -32767.0 -32767.0 -32767.0 -32767.0 -32767.0 0.080848 0.029188357 0.09654874 0.14451401 0.113331005 0.22791417 0.29426274 0.43299523 0.55403197 0.6608702 0.54453456 0.45215622 0.32639906 0.040836427 0.025033787 -0.08412437 -0.04934251 -0.044583317 -0.19259354 -0.21209799 -0.19731352 -0.21736033 -0.13849258 -0.07598924 -0.3126688 -0.12465112 -0.064976856 -0.24801756 -0.37752712 -32767.0
0.20144041 0.12971109 0.03361626 0.0945576 0.11624383 -0.01798368 -0.03590561 -0.010448639 -0.08091605 -0.1201285 -0.05194612 -0.053408924 -0.051328108 0.075873286 0.068134665 -32767.0 -32767.0 -32767.0 -32767.0 -32767.0 -32767.0 -32767.0 -32767.0 -32767.0 -32767.0 -32767.0 -32767.0 -32767.0 -0.02169474 0.019663883 0.15025693 0.21521918 0.32722718 0.3408168 0.36336556 0.47095013 0.655917 0.49256423 0.37234846 0.25472066 0.17753826 0.042818017 -0.073091686 -0.15919636 0.0076619303 0.030145135 0.0013625899 -0.0014276216 -0.065401606 -0.12601766 0.04469678 0.04815206 -0.076256126 -0.33436605 -0.17720638 -0.1555896 -0.21513158 -0.121035285
0.12160741 0.13447979 0.17551874 0.16651723 0.11448429 0.040785123 0.026677448 0.016196664 0.030631686 -0.01091104 0.010292684 0.06899888 0.031156514 0.11840205 0.04767766 -0.029837728 -32767.0 -32767.0 -32767.0 -32767.0 -32767.0 -32767.0 -32767.0 -32767.0 -32767.0 -32767.0 -32767.0 -32767.0 -0.038728163 0.028229455 0.22040038 0.23952301 0.26982567 0.44938722 0.48056763 0.52270544 0.3975252 0.2754733 0.24737623 0.24697244 -0.006276417 -0.07347131 -0.17776623 -0.26992026 -0.057621628 0.07842536 -0.056608718 -0.17856696 -0.10042708 -0.23236097 -0.33437833 -0.17675698 -0.1239252 -0.14682557 0.17083973 -0.043329544 -0.26771167 -32767.0
0.054396946 0.10943047 0.17671983 0.22213945 0.1875599 0.13275146 0.22776067 0.19459717 0.14803453 0.19192399 0.25552374 0.27710718 0.19908462 0.14597303 -0.07821689 -0.09539152 -0.09434642 -32767.0 -32767.0 -32767.0 -32767.0 -32767.0 -32767.0 -32767.0 -32767.0 -32767.0 -32767.0 -32767.0 0.19458449 0.32828742 0.3106207 0.2070979 0.13992761 0.264291 0.17271714 0.2040288 0.20666766 0.21702696 0.33894858 0.1110743 0.01849451 0.30953065 -0.14520079 -32767.0 -0.044743408 -0.0043260036 -0.13794428 -0.19134595 -0.17777453 -0.29873517 -0.32103744 -0.21616526 0.034809954 0.20090847 0.063788965 -32767.0 -32767.0 -32767.0
0.102343954 0.16575526 0.1267459 0.15095738 0.21179536 0.26365373 0.3547369 0.3622551 0.39410138 0.35493582 0.39032105 0.3514882 0.32724926 0.20869042 -0.016683098 -0.1768252 -0.052592643 -32767.0 -32767.0 -32767.0 -32767.0 -32767.0 -32767.0 -32767.0 -32767.0 -32767.0 -32767.0 -32767.0 -32767.0 0.5583383 0.3222611 0.11645112 -0.09942491 -0.19608279 -0.03898625 -0.03985755 0.034783896 0.07653962 0.32176837 0.50409234 0.46186915 0.050661035 0.18256503 -0.046722196 -0.16919099 -0.08532821 0.25847313 0.22341226 0.14354739 0.28932115 0.067084186 0.057470903 0.044122376 -0.13153274 -0.13354003 -32767.0 -32767.0 -32767.0
0.11815025 0.14698522 0.15420572 0.21657717 0.2733156 0.32534337 0.38064507 0.3579135 0.3426844 0.36076435 0.338463 0.34188485 0.33222464 0.251561 0.017606813 -0.13105845 -0.2282479 -0.18784717 -32767.0 -32767.0 -32767.0 -32767.0 -32767.0 -32767.0 -32767.0 -32767.0 -32767.0 -32767.0 0.36955827 0.38133565 0.21077712 -0.07755806 -0.25940004 -0.08116482 -0.057198778 -0.042378273 0.012411592 0.013938153 -0.050361652 -0.05184418 -0.07398367 0.28901538 0.2776495 0.28417978 0.2938812 0.2829618 0.019646011 -0.2555097 -0.15900767 0.03716382 0.1563228 -32767.0 -0.18875715 -0.2913222 -0.093963236 -32767.0 -32767.0 -32767.0
0.11552334 0.14824457 0.22706641 0.25325972 0.296291 0.2952975 0.2588379 0.23760164 0.14982066 0.107125975 0.067727275 0.1702887 0.16661285 -0.013425869 -0.33133653 -0.21568479 -0.28331754 -32767.0 -32767.0 -32767.0 -32767.0 -32767.0 -32767.0 -32767.0 -32767.0 -32767.0 -32767.0 -32767.0 0.5552605 0.27629766 0.027100671 -0.01676608 0.018301528 0.066242814 -0.016752996 -0.008562084 -0.024288569 -0.10007028 -0.14521694 0.03278444 0.37871712 0.17839469 -32767.0 -32767.0 -0.1202326 0.009328233 -32767.0 -32767.0 -32767.0 -32767.0 -32767.0 -32767.0 -32767.0 -32767.0 -32767.0 -32767.0 -32767.0 -32767.0
0.19522293 0.18691044 0.18617716 0.20520736 0.20727146 0.15163875 0.15054081 0.1849483 0.23488988 0.14217302 -0.026999833 -0.033578422 0.026824353 -0.18318634 0.050595585 0.018814925 -32767.0 -32767.0 -32767.0 -32767.0 -32767.0 -32767.0 -32767.0 -32767.0 -32767.0 -32767.0 -32767.0 0.5072463 0.5714184 0.17761502 -0.15256447 -0.03967247 -0.06737299 -0.011442957 0.07278658 0.054864056 -0.15920319 -0.31207496 -0.47848162 -0.19635162 -0.0328841 -32767.0 -32767.0 -32767.0 -32767.0 -32767.0 -32767.0 -32767.0 -32767.0 -32767.0 -32767.0 -32767.0 -32767.0 -32767.0 -32767.0 -32767.0 -32767.0 -32767.0
0.17695752 0.18567775 0.20109749 0.19444673 0.17637034 0.23149748 0.2827797 0.25938696 0.2656877 0.23948282 0.04906056 0.07173179 0.090710506 0.08243433 0.09108022 0.0012040199 -32767.0 -32767.0 -32767.0 -32767.0 -32767.0 -32767.0 -32767.0 -32767.0 0.17647874 0.2069667 0.5376438 0.5859312 0.39368024 -0.10666535 -0.12707677 -0.03039271 -0.022933023 0.07385696 0.071351215 -0.09955487 -0.23507632 -0.1847148 0.011136996 -32767.0 -32767.0 -32767.0 -32767.0 -32767.0 -32767.0 -32767.0 -32767.0 -32767.0 -32767.0 -32767.0 -32767.0 -32767.0 -32767.0 -32767.0 -32767.0 -32767.0 -32767.0 0.0061499067
0.11610138 0.15431847 0.18022385 0.2033887 0.21112867 0.23907088 0.23773246 0.26745427 0.27676842 0.30773053 0.32489803 0.2216563 0.13545562 0.090944745 0.019358853 0.06454807 -32767.0 -32767.0 -32767.0 -32767.0 0.095447965 0.17028385 0.20962594 0.19627929 0.2870238 0.33174604 0.28362486 0.3781384 0.035232134 -0.052566174 0.123378836 0.014472132 0.23782301 0.16294673 -0.039803237 -0.14948139 0.016382916 0.026493412 -32767.0 -32767.0 -32767.0 -32767.0 -32767.0 -32767.0 -32767.0 -32767.0 -32767.0 -32767.0 -0.007598685 0.030160556 -32767.0 -32767.0 -32767.0 -32767.0 -32767.0 -32767.0 -32767.0 0.13601153
0.013579015 0.013633951 0.061033912 0.0752095 0.14073241 0.17174497 0.15561692 0.19848235 0.23437008 0.25846773 0.27678832 0.17878781 0.123452246 0.22084418 0.081080794 -32767.0 -0.07984111 -32767.0 0.06944032 -32767.0 0.04336841 -32767.0 0.18539286 0.18836294 0.20124555 0.22594793 0.372453 0.23365684 -0.047009066 -0.062174536 0.2794694 0.45894688 0.36039242 0.1612621 -0.20485067 -0.1112172 -32767.0 -32767.0 -32767.0 -32767.0 -32767.0 -32767.0 -32767.0 -32767.0 -0.036473025 -0.07550812 -0.09859645 -0.041012786 0.0073675816 -0.056844924 0.110587165 0.18061335 -32767.0 -32767.0 -32767.0 -32767.0 -32767.0 0.09260416
0.017747998 -0.04113481 -0.055214193 0.02230707 0.05703993 0.060108334 0.05575005 0.09591892 0.15681385 0.1534425 0.13333157 0.16605443 0.1280644 0.17626722 0.2743615 0.28564414 0.13800701 0.25440058 0.32365626 0.3653678 0.24623303 0.21328619 0.35604835 0.5469143 0.6439807 0.5638149 0.35306966 -32767.0 0.17383806 0.5347243 0.39204696 0.23436451 0.14069311 0.052611675 -32767.0 -32767.0 -32767.0 -32767.0 -32767.0 0.19059858 0.17134412 0.058415223 -0.062104978 0.22094212 0.14387386 0.037495703 -32767.0 -32767.0 0.13618608 0.04452382 0.13496594 -32767.0 -32767.0 -32767.0 -32767.0 -32767.0 0.13287096 0.28501377
0.062192474 -0.0024157935 -0.08380248 -0.13449086 -0.19914871 -0.15315874 -0.090556696 0.001021411 0.03868313 0.06411161 0.0032464713 0.12588777 0.1830592 0.21600017 0.18156004 0.2144441 0.3763282 0.44904038 0.45755845 0.43310452 0.43326706 0.37311745 0.36021596 0.3434072 0.39930305 0.33007506 0.31874472 0.40074298 0.37637442 0.28985524 0.06238165 0.022377275 0.13271818 0.025305998 -0.032352 -32767.0 0.013170595 0.01912831 -32767.0 0.13640885 0.17861785 0.17399904 -32767.0 -0.08275812 -0.19654885 -32767.0 -32767.0 -32767.0 -32767.0 0.057753548 -0.06523263 -32767.0 -32767.0 -32767.0 -32767.0 0.31034172 0.26968253 0.077630706
