static/data/seaWater_uo/2023/7/30/6.asc
ncols 137
nrows 93
xllcorner 108.0
yllcorner 17.0
cellsize 0.25
NODATA_value -32767
[rows 25 to 49 of 93, columns 58 to 115 of 137]
0.03587253 0.012697469 0.094803944 0.14939426 0.18750408 0.15254584 0.039984006 0.0676859 0.113174945 0.11494901 0.13384934 0.12458185 0.17493606 0.1960207 0.25961563 0.272234 0.38861233 0.41713133 0.36440668 0.4093105 0.4599968 0.51774764 0.60381347 0.55602074 0.47479656 0.40769982 0.35851768 0.22940047 0.059040863 -32767.0 -0.17078707 -0.16010405 -32767.0 -32767.0 0.016770465 0.044721182 0.15050647 0.10561764 0.1574204 0.05249208 -0.06264046 -32767.0 -32767.0 -32767.0 -32767.0 -32767.0 -32767.0 -32767.0 -32767.0 0.07204039 0.1338837 0.06892732 -32767.0 -32767.0 0.04829288 -0.119280666 -0.19623065 -0.27958176
0.06438453 0.07628261 0.09450791 0.11524682 0.16023134 0.13652265 0.12509915 0.09123579 0.12819262 0.15861665 0.18527146 0.2234331 0.4041407 0.43630493 0.35526767 0.17287464 -32767.0 -32767.0 0.15217207 0.19681986 0.38530406 0.5362473 0.5866614 0.5568425 0.45659688 0.4102338 0.16519083 0.07383514 -0.006766691 -0.11964062 -0.018547075 -32767.0 -32767.0 -32767.0 -32767.0 -32767.0 -32767.0 0.0854482 0.1717627 0.14302883 -32767.0 -32767.0 -32767.0 -32767.0 -32767.0 0.022488713 -32767.0 0.017950742 -0.023355806 -0.14619973 -0.10118181 -0.08998333 -0.04722165 -32767.0 -0.15984973 -0.24501742 -0.20206344 -0.31857374
0.027873002 0.022850668 0.06548791 0.10393719 0.13905233 0.1772047 0.23149522 0.22308753 0.13415448 0.14598186 0.22002868 0.31354788 0.2894278 0.20017236 0.028820252 -32767.0 -32767.0 0.09599685 0.18741062 0.1977594 0.25291732 0.32438135 0.3858959 0.39044604 0.3445735 0.14861365 0.054755576 0.044012707 -32767.0 -32767.0 -32767.0 -32767.0 -32767.0 -32767.0 -32767.0 -32767.0 -32767.0 0.07811523 0.16622819 0.10950962 -32767.0 -32767.0 -32767.0 0.0068884036 0.12582977 0.121398136 -0.039401222 -0.09372867 -0.0016841211 -0.10281729 -0.09918044 -0.0858611 -0.25620082 -0.32850564 -0.32116038 -0.26826242 -0.15606503 -0.051070802
0.07160114 0.13171038 0.124658525 0.1048487 0.10380529 0.17450722 0.1578769 0.16445737 0.14472708 0.10943878 0.23174945 0.27217978 0.09475718 0.038610764 0.171136 0.14384057 0.09190381 0.12020837 0.25110835 0.2296802 0.1851925 0.16423267 0.19940394 0.23810707 0.13981883 0.0573227 -32767.0 -0.050557222 0.14399378 -32767.0 -32767.0 0.009394705 -32767.0 -32767.0 -32767.0 -32767.0 -32767.0 -32767.0 0.14380342 0.16621855 -32767.0 -32767.0 -0.08703321 -0.00056518894 0.13335869 0.1698486 0.28051955 0.30146483 0.32996246 0.3427154 0.1412662 -0.21137153 -0.4011242 -0.38235733 -0.19613288 -0.11699489 -0.10099466 -0.068147376
0.04779473 0.110113166 0.08940289 0.10628123 0.1938495 0.2957902 0.28094107 0.20196582 0.2577058 0.18469031 0.21149659 0.14964952 0.031131944 0.10541088 0.25436938 0.27454475 0.22931096 0.28134766 0.24863371 0.19336812 0.196321 0.24504726 0.14600244 0.115631424 0.17670418 -32767.0 -0.058215898 -0.0074649374 -0.0041240817 -0.23589537 -0.047928423 -32767.0 0.017955393 -32767.0 -32767.0 -32767.0 -32767.0 -32767.0 0.13425845 -0.026668359 -0.15548693 -0.04500332 0.17989582 0.31931788 0.42376393 0.5173033 0.58053344 0.6023749 0.54693645 0.3582909 0.14497454 -0.13364176 -0.1606423 -0.11706721 -0.07600965 0.052402128 0.06681067 -0.020659233
-0.100627825 0.057773985 0.09993095 0.13716143 0.1890432 0.21699673 0.2584589 0.15555736 0.17825416 0.23932736 0.21020004 0.18913013 0.116760574 0.15561385 0.13186006 0.124080814 0.12929994 0.13711525 0.1472487 0.15075368 0.20069455 0.18151584 0.10631741 0.085131675 0.16135252 0.3246498 0.08735444 0.02305731 0.102237895 -0.03156919 0.09199853 -0.14710344 -0.05399114 -32767.0 -32767.0 -32767.0 -32767.0 0.0049417606 -0.05032578 -0.26989752 -0.30964023 0.16992025 0.45542875 0.6209212 0.7475275 0.7990956 0.77755916 0.637779 0.550712 0.59205204 0.41052425 0.21893193 0.09190149 0.10471334 0.1025414 0.084971495 0.056739654 -0.040916268
-0.06825225 -0.009567069 0.022590645 0.03220631 0.025328718 -0.050019167 0.10008835 0.11907145 0.17261863 0.17236377 0.20319939 0.2292094 0.1456509 0.089604065 0.11404528 0.09813619 0.08375601 0.07471679 0.1003064 0.11534805 0.09492652 0.08585447 0.10321725 0.08764187 0.23514493 0.20591858 0.2691642 0.33930522 0.34471443 0.29068378 -0.21624765 -0.14408368 -0.097316556 -32767.0 -32767.0 -32767.0 -32767.0 -0.15475853 -0.15650024 -0.04132905 0.2688683 0.32488167 0.42561752 0.5628888 0.72764134 0.83816034 0.97728854 1.097151 0.9411525 0.6838284 0.6844042 0.53514165 0.2542102 0.23161013 0.16240638 0.12550606 0.05255942 0.012825861
0.03484187 0.009203993 0.043206275 -0.08654758 -0.031196758 0.0064937095 0.05429864 0.05997007 0.038285073 0.1230261 0.1747325 0.19102211 0.21635726 0.19088624 0.18655124 0.16533107 0.14577135 0.087788925 0.057898983 0.036255542 -0.006000788 -0.040708043 0.0139121665 0.0313709 0.05938264 0.13677494 0.23853086 0.22740872 0.17412387 0.21126522 0.03547196 -32767.0 -32767.0 -32767.0 -32767.0 -32767.0 -0.03754433 0.02551602 0.09819318 0.35298046 0.32679212 0.27584743 0.37782186 0.61313397 0.7118989 0.7475929 0.84110165 1.0493239 1.1379763 0.92508 0.76069313 0.87902474 0.5875336 0.40177968 0.31473592 0.24495813 0.09913561 0.15592793
0.13084912 0.049878474 0.023943959 -0.005331879 -0.101734094 -0.18575029 -0.20394239 -0.078192115 -0.027816005 -0.09922416 -0.039969224 0.034934033 0.13321611 0.17645437 0.16457148 0.12642492 0.11246127 0.090341985 0.008762274 0.019380325 -0.019661112 -0.13282555 -0.08528128 -0.0472014 0.0040062102 0.07574965 0.067057714 0.09348167 -0.018003847 0.11597065 0.06182906 -32767.0 -32767.0 -32767.0 -32767.0 -32767.0 -0.036366105 0.33199355 0.21131493 0.16372176 0.14506695 0.17502846 0.4200954 0.6158495 0.62811923 0.57741356 0.4837994 0.47927418 0.68090564 0.77637416 0.80943525 0.8623202 1.0710477 0.7845522 0.4359154 0.35076624 0.20413889 0.08692513
0.24816674 0.15709217 0.085890435 0.08839142 0.05556912 -0.03501248 -0.10315351 0.063276045 0.036026813 -0.13183941 -0.15156025 -0.06327172 0.10101961 0.12753306 0.08114116 0.014321547 0.014877027 0.07380752 0.09862518 0.08946595 0.04949683 -0.090565376 -0.08866769 -0.075757034 -0.035664678 0.018139517 -0.023331372 0.008946737 0.041662633 0.0009769399 0.08536565 -0.042334534 -32767.0 -0.011164428 -32767.0 -32767.0 0.13792224 0.07836309 -0.05038091 0.011075643 0.0614456 0.13839105 0.2877306 0.4028845 0.38061473 0.39461792 0.23950459 0.06287588 0.181736 0.45179045 0.6350673 0.7427591 0.92145467 1.1258987 0.98794764 0.6599013 0.4285876 0.26056284
0.058712035 -0.17782995 -0.07606319 -0.011717542 -0.047408227 -0.022848604 0.049021393 -0.1143837 -0.17312285 -0.2668049 -0.08954176 0.02420237 0.0779413 0.069437996 0.053322252 0.11263541 0.1428372 0.12508014 0.13868572 0.1727285 0.04462394 -0.07104918 -0.10412656 -0.072655536 -0.0799856 -0.019458419 0.02950769 -0.027017778 0.039556745 0.19036803 0.24386509 0.13528983 0.13936515 0.073305435 -32767.0 -0.03773891 -0.22246784 -0.16688666 -0.115942396 -0.05214255 0.056983873 0.12174383 0.1526038 0.18902329 0.17090589 0.25078017 0.15776443 0.095191844 0.06940599 0.24182488 0.49327585 0.6326848 0.74377507 0.90876794 1.090004 1.0813141 0.85341704 0.5731883
0.20271173 0.24631682 0.024840187 -0.040392995 0.0141888745 0.06859937 0.015976803 -0.06516516 -0.03732352 -0.030086884 -0.18531239 -0.11410277 0.0003220855 0.118248284 0.14170891 0.15343826 0.16027057 0.0944812 0.037779626 0.057102643 -0.026116751 -0.15994903 -0.1189985 -0.0729277 -0.08673095 -0.04767572 0.078890905 0.17202628 0.22448158 0.29209825 0.30787727 0.32244182 0.34905794 -32767.0 0.92092305 0.97117573 -0.1266336 -0.44847715 -0.637883 -0.4238456 0.2031475 0.40057784 0.3323711 0.15118425 0.14973104 0.1583905 0.080011755 0.045379657 0.024685375 0.15087003 0.236819 0.33604786 0.4803628 0.623854 0.81250954 1.0165094 1.117051 1.0286392
0.07287241 0.13250402 0.08851173 -0.003264401 0.032181688 0.09006205 0.09912317 0.09524654 0.050282493 -0.072316594 -0.1948509 -0.10068484 -0.01537638 0.064934365 0.16212037 0.14853664 0.07718814 -0.04468661 -0.12910862 -0.117890194 -0.052211072 -0.109496504 -0.081766255 -0.049660195 -0.037715256 -0.044478424 -0.07308057 0.02152969 0.12039964 0.15765458 0.17091528 0.16252379 -0.042284437 0.18793395 0.29455593 -0.10456072 0.41130826 0.42503056 0.5863268 0.933802 0.44148472 0.5921095 0.5363901 0.21511291 0.17648144 0.0972973 0.012265459 -0.044040777 -0.1167612 -0.10026542 -0.047059603 0.032347165 0.13204885 0.29791188 0.4839728 0.6657049 0.80349666 0.8636069
-0.014243936 -0.05519835 -0.052093733 0.03110571 0.13582054 0.15699464 0.19785753 0.066716805 0.026223697 -0.01661162 -0.043845966 -0.102862544 -0.05172975 0.045472268 0.054123025 0.06515874 0.065385215 0.10104576 0.096931 0.0014832143 -0.07236525 -0.022160847 0.040083047 0.12375919 0.19724299 0.1722784 0.10723075 0.022736304 -0.035529975 -0.03631041 0.022741523 -32767.0 0.026273165 -0.012424226 -32767.0 -0.29266497 -0.045494404 0.4456863 0.885006 0.9338463 0.71508676 0.73284215 0.48431927 0.22283089 0.16072707 0.009488147 -0.10704409 -0.10370583 -0.1558888 -0.21008915 -0.20199063 -0.1387681 -0.09416968 0.00012263548 0.14412451 0.29677942 0.42945582 0.50709015
-32767.0 0.267772 0.1537225 0.105746076 0.058924843 0.14954457 0.22786468 0.16497757 0.025742529 -0.012874152 -0.039786153 -0.06304553 -0.014435144 0.029500144 0.011926286 0.038783655 0.107312135 0.15856452 0.17271838 0.120948374 0.04929413 0.10137595 0.24050419 0.41751948 0.5287472 0.5549795 0.48344412 0.35895464 0.24330351 0.20826809 0.2954362 0.3547858 -32767.0 0.17619435 0.1440777 0.6671887 0.8675729 0.9172081 0.8981465 0.7888617 0.6913301 0.5158031 0.33942696 0.18542948 0.12262076 -0.042138577 -0.18886961 -0.18124083 -0.1665036 -0.0937436 -0.018409042 0.06742614 0.12051476 0.1041139 0.07834136 0.11745388 0.18976219 0.23226246
0.1291645 0.11468836 0.16627547 0.07823947 0.0026390194 -0.028576944 0.054187533 0.22096221 0.20561378 0.08968497 0.062472463 0.10098988 0.05460761 0.031690422 0.077773646 0.03289194 0.04408088 0.09536693 0.07402348 0.17095351 0.18866313 0.41022155 0.65470046 0.73403883 0.7949194 0.8527835 0.8772421 0.80202127 0.57676274 0.5300205 0.072133474 0.15414612 0.48201373 0.6266212 0.83543736 0.7546511 0.57496315 0.5022202 0.44415873 0.58051777 0.5521202 0.4316472 0.25978285 0.12322675 0.07837887 -0.008652961 -0.057801053 -0.035324913 0.026070021 0.100129016 0.1178909 0.116681986 0.18219909 0.1524406 0.13704932 0.089546226 0.12977801 0.18114546
0.115654685 0.17989196 0.13847479 0.14726062 0.23620053 0.15043934 0.035049524 0.0403969 0.12929113 0.065913804 0.035251796 0.061548702 0.13741559 0.15169443 0.14665554 0.16240896 0.13453397 0.09747772 0.09098033 0.1599556 0.34181967 0.52630734 0.540706 0.59961504 0.54780006 0.5017942 0.5353356 0.5959695 0.709017 0.63335335 0.4370438 0.28809485 0.32264465 0.3605693 0.46403313 0.40932792 0.45118248 0.45756248 0.5629644 0.46716577 0.3561123 0.24866162 0.061405238 0.05915494 -0.0080981245 -0.07196255 -0.030174693 0.07698146 0.13299587 0.13896263 0.10302196 0.088701 -0.0014308247 -0.051278017 -0.0069684465 0.08741915 0.1067683 0.08114722
0.16362953 0.074083574 0.054613747 0.12980951 0.21647441 0.3646896 0.44365895 0.33628044 0.23186156 0.043508016 -0.008284381 -0.035915907 -0.0020107797 0.058045637 0.08569631 0.09556747 0.093741514 0.100195244 0.08175458 0.20404232 0.41681725 0.4940078 0.4264654 0.3789674 0.35702908 0.3732058 0.39800823 0.38730073 0.40679604 0.6171974 0.3243093 0.21760975 0.3264484 0.45224267 0.4479707 0.53353083 0.51809394 0.5533843 0.36111006 0.12197278 -0.043189432 -0.114691295 -0.053377163 -0.041672368 -0.09859734 -0.091355786 0.04387849 0.07404372 0.073419 0.15372008 0.11959401 0.05999848 -0.05398053 -0.08558645 -0.04718142 0.03792248 0.007304058 0.06375089
0.10646697 0.10599834 0.20015112 0.14847761 0.13400558 0.11364475 0.1657738 0.27682987 0.25939205 0.10675152 0.032840885 0.0820689 0.16672684 0.13522139 0.099566095 0.08921219 0.08039654 0.014949905 0.010491407 0.19259904 0.2050466 0.19866292 0.19669881 0.183427 0.17594948 0.19991022 0.25883353 0.36934564 0.48325768 0.33010942 0.30406728 0.37428516 0.42445624 0.50188506 0.5285394 0.56092584 0.5454669 0.36984044 0.2185678 0.06316321 -0.043736525 -0.04626376 -0.0097668925 -0.13011263 -0.15404251 -0.04001682 -0.03657127 -0.02609952 0.0049243527 0.11307913 0.17115003 0.117771626 -0.016935078 -0.13077511 -0.12438221 -0.06503879 -0.041596733 0.06730241
0.32217154 0.5023202 0.44129732 0.22411315 0.045206696 -0.021723287 -0.019025847 0.07832961 0.14116485 0.2290772 0.18751375 0.16303755 0.14807166 0.13055652 0.15424712 0.12541908 -0.012270423 -0.056938794 0.0346975 0.1103763 0.039053775 0.052811164 0.053784408 -0.04636804 -0.051895563 0.029230997 0.057985276 0.08881622 -0.025479902 0.25998193 0.3952228 0.4757347 0.5205992 0.50996125 0.456695 0.3670943 0.31407607 0.31190142 0.2974331 0.18517599 0.07250503 0.020317947 -0.047367953 -0.1544354 -0.11552227 -0.03364272 -0.11190109 -0.17267679 -0.17314233 -0.072973855 0.058233444 0.055717893 0.024058552 -0.045389943 -0.057329938 -0.060555413 -0.03349116 -0.011506093
0.33958468 0.43281093 0.35381392 0.1740133 0.052457612 -0.019898927 -0.22974394 -0.16071329 -0.05308715 0.07627413 0.0965838 0.101718016 0.11982567 0.12606391 0.044791825 -0.06894546 -0.060324088 -0.038154576 0.13593192 0.187392 0.10657227 0.091009796 0.031281102 -0.13991156 -0.28145 -0.25614756 -0.21711604 -0.07143597 0.03499053 0.003463654 0.031604834 -0.0071506887 0.027256917 0.19232984 0.31441528 0.3689509 0.35838306 0.31601098 0.26118505 0.2081962 0.14334282 0.05572913 -0.04547677 -0.1235668 -0.018712709 -0.030119646 -0.0913273 -0.047216047 -0.032674875 -0.06890684 0.04315928 0.008996366 -0.0150248315 0.0004598529 -0.074077345 -0.09793787 -0.050538484 -0.13464408
0.37389654 0.28344285 0.12814012 0.04532964 -0.013786413 -0.05174903 -0.103235595 -0.034281246 -0.11488256 -0.07095917 -0.05249029 0.0010880397 0.0133888265 -0.004092922 -0.08802569 -0.1456159 -0.11949886 0.07084745 0.32398957 0.30256242 0.20666307 0.16573703 0.10930503 0.13925092 -0.029049933 -0.24693616 -0.24050897 -0.31464165 -0.16778925 -0.057221618 0.0697025 0.111869745 0.21309705 0.2487707 0.29660332 0.30242327 0.23004106 0.12802143 0.115738034 0.12507623 0.10949161 0.027482338 -0.06827492 -0.14091273 -0.10957971 -0.16197473 -0.02900558 0.06550187 0.07164608 -0.007646293 -0.04977694 -0.08461278 -0.13176617 -0.092587605 -0.08346926 -0.08489578 -0.22266588 -0.21871138
0.3467942 0.1558544 0.050245546 0.002219655 -0.0019312089 0.010238157 0.02850805 0.031545117 0.09491034 0.009691992 0.014847646 0.011079931 -0.0091928 0.010839929 -0.031619024 0.014644128 0.09163353 0.39142835 0.46336976 0.36361924 0.27681515 0.19283824 0.10484317 0.10452473 0.089672826 -0.059655428 -0.23872247 -32767.0 -0.050932474 -0.044568367 0.07872893 0.20609598 0.25681823 0.2223483 0.16971266 0.18431854 0.1688977 0.06967345 0.018265013 -0.010384212 0.00014563039 -0.039041776 -0.10871079 -0.18902229 -0.24258916 -0.12993842 -0.102186084 -0.1701414 -0.104646474 -0.16750562 -0.30702993 -0.33347377 -0.31425267 -0.27216733 -0.25136185 -0.3635672 -0.3405065 -0.30484626
0.28108934 0.14526391 -0.0017055792 -0.004576231 0.10786505 0.26526797 0.2907695 -0.039469685 -0.041442584 0.12603512 0.11767348 0.075082116 0.014423766 0.039627817 0.035343952 0.13171808 0.50545067 0.58172655 0.48993474 0.35288587 0.30426583 0.12989612 0.00546401 0.011183032 -0.080810316 -0.1245311 -0.22004667 -0.2878148 -0.11386408 -0.0036125989 0.078286655 0.21929325 0.20452814 0.2091674 0.33387518 0.37372738 0.32403556 0.15592733 0.00031072556 -0.073173486 -0.12308367 -0.10940813 -0.18760532 -0.2484628 -0.2219632 -0.15865573 -0.282301 -0.34521386 -0.27601585 -0.3624109 -0.4403531 -0.45651996 -0.44076523 -0.4506526 -0.48439023 -0.42416602 -0.32518262 -0.29415914
0.15223837 0.101989135 0.10504449 0.1999243 0.17779967 0.20631155 0.123043075 0.038950317 -0.04288988 -0.056194056 0.01989173 0.041535556 -0.023329968 0.0055502076 0.19550295 0.48824236 0.66668004 0.5510345 0.3835326 0.31735727 0.16012204 -0.029241303 -0.145042 -0.2942528 -0.36939108 -0.2704587 -32767.0 -0.11066579 -0.025031624 0.051434208 0.13047403 0.13757256 0.17524451 0.32127252 0.39890578 0.36261234 0.2222105 0.07893435 -0.07649353 -0.14756751 -0.2539316 -0.21038102 -0.2777854 -0.3036373 -0.22610669 -0.2750083 -0.3217163 -0.30786762 -0.34293735 -0.4970073 -0.47294736 -0.44723174 -0.49380934 -0.47681 -0.4213791 -0.37871656 -0.33393544 -0.33211455
