static/data/salinity/2023/7/30/0.asc
ncols 137
nrows 93
xllcorner 108.0
yllcorner 17.0
cellsize 0.25
NODATA_value -32767
[rows 54 to 80 of 93, columns 61 to 121 of 137]
33.479454 33.618114 33.801918 33.91312 33.893463 33.764885 33.863472 34.261127 34.364887 34.316456 34.3755 34.357548 34.391495 34.48723 34.554516 34.495594 34.56717 34.570244 34.580925 34.50796 34.51987 34.518173 34.48119 34.46229 34.53414 34.555122 34.533485 34.395428 34.39452 34.437912 34.41636 34.404636 34.430614 34.509968 34.560936 34.48858 34.369774 34.33811 34.258526 34.262287 34.279476 34.29196 34.317158 34.37449 34.42753 34.470013 34.550247 34.69891 34.672066 34.612984 34.52996 34.549393 34.544056 34.517082 34.589363 34.653618 34.632874 34.5603 34.573296 34.71082 34.78568
34.37355 34.380764 34.31603 34.300407 34.29968 34.313995 34.333454 34.3411 34.325424 34.355625 34.371613 34.381046 34.45407 34.53602 34.535442 34.563675 34.529312 34.535896 -32767.0 34.551445 34.573105 34.587578 34.578655 34.547268 34.590675 34.51753 34.584045 34.365585 34.39027 34.472095 34.500343 34.515114 34.548195 34.568356 34.469223 34.391174 34.28001 34.256706 34.339584 34.36774 34.32802 34.31444 34.337334 34.346283 34.445484 34.502094 34.507557 34.647724 34.661137 34.650265 34.593906 34.556595 34.568993 34.545967 34.63256 34.603912 34.580883 34.601074 34.54588 34.75553 34.777355
34.35512 34.35676 34.355827 34.35888 34.350803 34.341713 34.334816 34.33398 34.36006 34.3763 34.39651 34.403942 34.51706 34.555096 34.576027 34.52887 34.5284 34.526398 34.55325 34.60157 34.639477 34.61509 34.58658 34.593315 34.58204 34.487675 34.615345 34.344147 34.42045 34.43756 34.50192 34.54373 34.52106 34.45005 34.360706 34.244694 34.318607 34.447407 34.4265 34.401516 34.423347 34.370857 34.329704 34.342754 34.47709 34.557304 34.526997 34.588985 34.67205 34.649902 34.623463 34.558334 34.590874 34.612717 34.608906 34.59895 34.603485 34.61849 34.604645 34.725735 34.7979
34.359276 34.344013 34.383884 34.374275 34.279114 34.257515 34.27154 34.33266 34.378426 34.3927 34.375473 34.467953 34.524326 34.59918 34.593975 34.52644 34.54673 34.53746 34.623062 34.677486 34.61588 34.578163 34.5839 34.584717 34.578228 34.47273 34.645763 34.39981 34.42969 34.39543 34.48109 34.502075 34.41941 34.340908 34.23925 34.34456 34.494846 34.43842 34.374294 34.374306 34.40235 34.402462 34.36368 34.354946 34.48551 34.60115 34.600243 34.534054 34.67829 34.646767 34.611107 34.56447 34.583454 34.674484 34.621174 34.61282 34.62207 34.61882 34.61695 34.774166 35.00689
34.34548 34.34541 34.336582 34.31976 34.2933 34.30603 34.337513 34.402283 34.358936 34.357964 34.436176 34.44695 34.529667 34.57393 34.598194 34.524475 34.52507 34.569458 34.616207 34.629887 34.596043 34.589912 34.612164 34.60552 34.593227 34.481705 34.68315 34.5153 34.37694 34.424892 34.448772 34.47268 34.357044 34.26397 34.259842 34.452183 34.497948 34.43336 34.34458 34.390755 34.440575 34.40731 34.380787 34.400696 34.522503 34.637814 34.647182 34.545555 34.625603 34.65355 34.64145 34.59596 34.572933 34.610497 34.624165 34.601814 34.62521 34.615864 34.757652 34.935207 35.069122
34.38957 34.40727 34.362583 34.37348 34.397564 34.42321 34.338425 34.3402 34.36651 34.45892 34.366623 34.435192 34.467884 34.596066 34.546444 34.5393 34.582386 34.590298 34.602627 34.60843 34.58411 34.621216 34.63446 34.617657 34.564514 34.526665 34.699184 34.633778 34.359993 34.3943 34.400776 34.45474 34.341675 34.23155 34.23293 34.4186 34.5139 34.482582 34.344982 34.444588 34.49763 34.41954 34.392536 34.421772 34.538235 34.63949 34.628914 34.58437 34.54855 34.60726 34.637665 34.673443 34.654675 34.639954 34.642452 34.644867 34.639282 34.68652 34.914814 34.98907 35.04624
34.435814 34.406 34.338078 34.341415 34.324318 34.429672 34.29627 34.299404 34.408085 34.50005 34.357555 34.448273 34.53263 34.489906 34.60849 34.611347 34.55926 34.632168 34.587154 34.58018 34.583008 34.607754 34.618538 34.56575 34.36151 34.512146 34.76029 34.70134 34.394108 34.36447 34.40371 34.430504 34.374928 34.24808 34.213146 34.25209 34.344906 34.376934 34.322433 34.451626 34.524033 34.4731 34.458675 34.474453 34.566093 34.63903 34.588387 34.543472 34.529224 34.543827 34.56203 34.653324 34.7291 34.688686 34.662537 34.64777 34.69581 34.880074 34.971874 35.018684 35.05214
34.446053 34.419727 34.335457 34.31033 34.30457 34.382603 34.289776 34.277573 34.340454 34.457817 34.315384 34.490112 34.551674 34.516525 34.567806 34.586742 34.639614 34.588223 34.575462 34.571938 34.582817 34.57423 34.531055 34.32538 34.420765 34.71378 34.746037 34.739677 34.456234 34.375843 34.39462 34.406647 34.389507 34.285446 34.248177 34.26343 34.284084 34.327267 34.419224 34.503967 34.529747 34.503227 34.50515 34.538364 34.598087 34.647736 34.602104 34.560844 34.518547 34.533688 34.547592 34.6496 34.779144 34.723103 34.674072 34.682198 34.864014 34.984215 34.98561 35.04588 34.9597
34.40064 34.361 34.327965 34.325657 34.370346 34.33919 34.289036 34.299908 34.283623 34.28851 34.335754 34.488 34.536583 34.569702 34.58356 34.641727 34.583935 34.55322 34.57525 34.584164 34.550835 34.524345 34.325947 34.492302 34.697918 34.69494 34.709396 34.738186 34.61054 34.46044 34.35554 34.375076 34.38063 34.33257 34.296024 34.325962 34.394234 34.470856 34.49923 34.495586 34.49522 34.530315 34.59125 34.619972 34.64012 34.636665 34.596546 34.561092 34.539246 34.542137 34.555054 34.751892 34.82925 34.756557 34.701008 34.787373 34.889534 34.991734 34.937653 34.9734 34.99337
34.322617 34.350815 34.367527 34.302975 34.323807 34.33976 34.341587 34.36353 34.338028 34.333294 34.38589 34.436974 34.533802 34.59104 34.623062 34.57787 34.538754 34.553703 34.586735 34.530212 34.421265 34.36912 34.667744 34.68778 34.674248 34.669327 34.67149 34.684654 34.71953 34.71073 34.664608 34.472878 34.338104 34.339558 34.33811 34.34559 34.370407 34.40371 34.440155 34.514088 34.61164 34.623917 34.570988 34.532482 34.524574 34.4981 34.55602 34.57441 34.517708 34.549057 34.579334 34.834618 34.863205 34.773125 34.72317 34.85979 34.80868 34.83349 34.80481 34.7847 34.770176
34.34977 34.413948 34.405136 34.387383 34.35366 34.331985 34.377094 34.430485 34.406105 34.42015 34.448032 34.460278 34.542274 34.62686 34.625164 34.54469 34.540096 34.52457 34.44811 34.426304 34.59809 34.733204 34.71348 34.71193 34.711956 34.719265 34.71731 34.708435 34.690006 34.669895 34.661835 34.66826 34.66397 34.628574 34.59063 34.575813 34.569427 34.59071 34.6289 34.622856 34.55186 34.54856 34.557766 34.537296 34.53501 34.497868 34.56769 34.55337 34.509575 34.543945 34.613426 34.845398 34.853928 34.740532 34.822002 34.770794 34.706436 34.670734 34.67385 34.62506 34.600742
34.429634 34.402523 34.387497 34.37408 34.374924 34.394676 34.42783 34.479824 34.489136 34.51336 34.522 34.523037 34.582035 34.636444 34.630196 34.57732 34.558167 34.47277 34.542313 34.701626 34.74254 34.713806 34.6811 34.68133 34.698933 34.71996 34.74102 34.742275 34.73275 34.714264 34.689175 34.66084 34.636314 34.60145 34.574615 34.567085 34.56362 34.566154 34.568455 34.574516 34.602364 34.58171 34.566772 34.549328 34.539703 34.484676 34.58542 34.57571 34.53243 34.51972 34.62567 34.80281 34.783024 34.748585 34.91414 34.74287 34.6052 34.62592 34.621147 34.67481 34.711723
34.417824 34.42195 34.43584 34.45693 34.466354 34.443996 34.400845 34.466156 34.500862 34.54378 34.54396 34.559566 34.648792 34.623413 34.637917 34.585644 34.57445 34.624718 34.70573 34.69059 34.66667 34.66897 34.635235 34.604725 34.613857 34.649452 34.68025 34.725643 34.739944 34.72199 34.701515 34.696293 34.686653 34.650578 34.614082 34.55732 34.59022 34.574394 34.62009 34.626057 34.594414 34.583828 34.63154 34.59665 34.547035 34.525955 34.52271 34.59585 34.55108 34.506706 34.63687 34.743202 34.720856 34.93459 34.8157 34.714085 34.603153 34.66051 34.72878 34.721504 34.704502
34.44093 34.41936 34.42498 34.466484 34.546116 34.525566 34.445972 34.51641 34.53528 34.54804 34.540062 34.60118 34.627148 34.622177 34.61881 34.644936 34.651398 34.61397 34.597103 34.59491 34.6138 34.638054 34.565567 34.498833 34.478394 34.527897 34.64799 34.67401 34.70801 34.69829 34.67899 34.686737 34.695236 34.656975 34.54621 34.556736 34.583195 34.617672 34.650265 34.640568 34.623062 34.574577 34.650784 34.654972 34.649128 34.6232 34.53186 34.5294 34.551674 34.52095 34.646706 34.70615 34.8097 35.020363 34.834488 34.714626 34.677475 34.606678 34.64235 34.760876 34.757378
34.3799 34.400078 34.426495 34.452076 34.540924 34.60036 34.505253 34.5141 34.570847 34.570454 34.55958 34.66396 34.60447 34.621735 34.61936 34.618988 34.6095 34.615417 34.62763 34.62893 34.62012 34.617374 34.54703 34.453743 34.39737 34.41133 34.50839 34.651653 34.671986 34.69384 34.661068 34.659744 34.69271 34.672184 34.581387 34.541634 34.572563 34.6208 34.655056 34.646305 34.662067 34.591976 34.61295 34.659798 34.631195 34.618587 34.62596 34.58174 34.55249 34.527885 34.654514 34.69367 34.897842 34.955 34.927994 34.82251 34.73316 34.744587 34.76224 34.718636 34.71775
34.413235 34.471928 34.53653 34.585117 34.644157 34.651398 34.548824 34.50202 34.592285 34.58544 34.61256 34.661083 34.61259 34.609848 34.619118 34.59836 34.602833 34.600742 34.608505 34.63519 34.646385 34.615345 34.523304 34.377853 34.299793 34.29363 34.368664 34.556328 34.659847 34.65844 34.6771 34.63687 34.67836 34.661892 34.657093 34.577793 34.568962 34.5844 34.612347 34.6297 34.64721 34.643005 34.56532 34.652256 34.590073 34.57143 34.57896 34.608734 34.578857 34.507084 34.660835 34.698776 34.928154 34.83675 34.916466 34.886574 34.812237 34.78222 34.7405 34.761597 34.75138
34.40747 34.506527 34.60905 34.64441 34.668083 34.457184 34.48327 34.53478 34.601536 34.58729 34.64823 34.663593 34.612453 34.602085 34.599922 34.58828 34.55959 34.551464 34.56146 34.583588 34.63532 34.65748 34.54747 34.402718 34.270775 34.22785 34.28054 34.493958 34.647533 34.65449 34.63592 34.621365 34.66895 34.657227 34.66446 34.6573 34.613525 34.607876 34.57645 34.58304 34.656208 34.625477 34.545837 34.65969 34.571033 34.54602 34.557266 34.59744 34.54737 34.513138 34.65463 34.725903 34.902145 34.766273 34.846493 34.877796 34.81098 34.77961 34.80704 34.74263 34.807777
34.395462 34.595646 34.652 34.67849 34.551174 34.42502 34.42588 34.605606 34.6023 34.5871 34.667873 34.679974 34.61477 34.60133 34.58623 34.548405 34.537292 34.514847 34.539665 34.591763 34.63459 34.645664 34.61872 34.507618 34.350475 34.184536 34.207222 34.413486 34.64281 34.61923 34.58638 34.59611 34.660934 34.654366 34.624023 34.66851 34.639473 34.60224 34.614998 34.677544 34.655483 34.587746 34.54758 34.6577 34.563255 34.548542 34.55579 34.582348 34.505066 34.521103 34.660442 34.714912 34.83764 34.817238 34.803146 34.818 34.84755 34.849884 34.772907 34.753986 34.814945
34.53457 34.60988 34.633133 34.660435 34.435757 34.416286 34.53713 34.61952 34.599983 34.589615 34.6718 34.700706 34.635292 34.61436 34.591496 34.56885 34.537754 34.544956 34.590572 34.61624 34.6245 34.57536 34.63768 34.602615 34.442085 34.19242 34.136265 34.258938 34.586628 34.576782 34.55151 34.543926 34.607285 34.652782 34.612488 34.569054 34.654602 34.684227 34.67951 34.65577 34.627583 34.52612 34.573128 34.659065 34.560196 34.53842 34.55183 34.549206 34.511063 34.512466 34.627865 34.664818 34.796146 34.890438 34.81625 34.842434 34.859573 34.854904 34.822384 34.81118 34.809895
34.535023 34.607365 34.647095 34.660896 34.496693 34.435833 34.578785 34.62178 34.59558 34.58944 34.67095 34.70681 34.664387 34.641838 34.623444 34.617096 34.617477 34.624775 34.62572 34.565617 34.469032 34.436695 34.41553 34.409927 34.25023 34.15171 34.104134 34.146824 34.469997 34.54904 34.51489 34.491516 34.484474 34.51457 34.53163 34.52719 34.539707 34.670715 34.6639 34.646732 34.545753 34.507896 34.6169 34.64925 34.56563 34.551872 34.549107 34.543446 34.518795 34.514328 34.6152 34.658966 34.826233 34.842583 34.81332 34.81714 34.826347 34.80843 34.771812 34.73228 34.711338
34.60186 34.624763 34.636906 34.65499 34.650887 34.57834 34.615116 34.62574 34.59537 34.59354 34.64766 34.67088 34.68268 34.66957 34.64638 34.612164 34.556606 34.485416 34.417423 34.370243 34.318703 34.288986 34.251766 34.2408 34.220043 34.2786 34.180904 34.10395 34.399544 34.56161 34.539715 34.43198 34.37601 34.415054 34.458897 34.476513 34.505547 34.613743 34.665325 34.638073 34.495792 34.52914 34.63657 34.65318 34.573223 34.52386 34.527298 34.52598 34.5192 34.539955 34.65831 34.77883 34.861916 34.83694 34.80413 34.735188 34.61819 34.530632 34.49042 34.469986 34.486855
34.612614 34.620155 34.62833 34.629864 34.63223 34.639164 34.63067 34.62988 34.592304 34.59913 34.62307 34.617886 34.608677 34.577732 34.51076 34.41892 34.330692 34.268223 34.25147 34.268223 34.304703 34.333366 34.356983 34.40256 34.508366 34.414074 34.246613 34.10026 34.342163 34.58146 34.52286 34.35695 34.326992 34.41269 34.439613 34.440945 34.47343 34.566795 34.64598 34.630924 34.47338 34.563427 34.616817 34.65196 34.593422 34.568565 34.544712 34.55341 34.592648 34.651833 34.785164 34.863483 34.73531 34.606133 34.513832 34.469276 34.44426 34.425526 34.39968 34.38812 34.387203
34.607796 34.58453 34.571545 34.604546 34.622086 34.63494 34.63318 34.63075 34.585045 34.6103 34.61709 34.553917 34.446804 34.395115 34.34787 34.256065 34.24844 34.36756 34.418755 34.32935 34.366463 34.337326 34.327152 34.408207 34.429977 34.20694 34.16289 34.09535 34.212997 34.374104 34.30916 34.235985 34.37321 34.464947 34.44226 34.408745 34.456245 34.541233 34.636112 34.624416 34.474686 34.626026 34.619987 34.61783 34.672752 34.64998 34.65609 34.68202 34.743374 34.85184 34.770367 34.637253 34.547855 34.48974 34.394 34.335575 34.36235 34.39797 34.385082 34.343105 34.333096
34.585434 34.55921 34.511932 34.59569 34.636307 34.645054 34.643063 34.63428 34.58801 34.615368 34.579086 34.475666 34.396206 34.23655 34.209274 34.273754 34.50547 34.42497 34.280293 34.265194 34.30664 34.33849 34.35885 34.3486 34.383286 34.284145 34.03306 34.06621 34.136627 34.17095 34.138298 34.29842 34.47249 34.448425 34.41763 34.39441 34.47756 34.548553 34.608425 34.604065 34.454414 34.596664 34.603245 34.608837 34.624977 34.704185 34.743877 34.79107 34.80661 34.719337 34.60603 34.54912 34.473286 34.33488 34.339615 34.412918 34.482273 34.50601 34.481823 34.380802 34.31588
34.616634 34.57214 34.499935 34.58811 34.640774 34.65058 34.648502 34.637466 34.590347 34.601303 34.486828 34.44833 34.2597 34.20443 34.191616 34.3255 34.443512 34.368378 34.278217 34.287483 34.38719 34.440617 34.464443 34.473763 34.445408 34.400948 34.35387 34.22322 34.193798 34.246204 34.34439 34.431213 34.42579 34.41867 34.400536 34.42682 34.532063 34.577034 34.594643 34.58176 34.456627 34.473644 34.601215 34.60707 34.62264 34.632015 34.641243 34.672073 34.660187 34.620075 34.58265 34.46519 34.37449 34.332977 34.35479 34.42985 34.47143 34.48603 34.499023 34.41922 34.335217
34.654163 34.56333 34.49427 34.627693 34.63393 34.643383 34.65036 34.644573 34.624275 34.59453 34.521416 34.418148 34.164177 34.155663 34.1582 34.224537 34.397346 34.329338 34.3726 34.41414 34.449715 34.503483 34.481407 34.473312 34.508476 34.51639 34.488327 34.471096 34.455433 34.43064 34.425697 34.436584 34.447163 34.398746 34.356636 34.473164 34.509346 34.541027 34.57934 34.584126 34.51906 34.468906 34.533813 34.58551 34.637012 34.650925 34.63448 34.63291 34.622734 34.580074 34.540104 34.458637 34.417175 34.38463 34.351997 34.363407 34.420723 34.482655 34.494175 34.487667 34.397633
34.62748 34.55106 34.477062 34.552933 34.646656 34.63399 34.633877 34.64844 34.621407 34.50153 34.531246 34.45428 34.172928 34.10382 34.12952 34.19541 34.36183 34.316406 34.359573 34.47364 34.517036 34.474857 34.45975 34.448105 34.456215 34.459873 34.40221 34.42328 34.443604 34.459316 34.464207 34.462 34.389942 34.31504 34.397793 34.500492 34.52107 34.553944 34.57004 34.574715 34.51778 34.529377 34.563797 34.62427 34.62646 34.617683 34.609886 34.596283 34.55874 34.608814 34.558887 34.52685 34.56091 34.543133 34.49656 34.37484 34.32586 34.41712 34.491108 34.502262 34.454517
