static/data/salinity/2023/7/30/12.asc
ncols 137
nrows 93
xllcorner 108.0
yllcorner 17.0
cellsize 0.25
NODATA_value -32767
[rows 28 to 55 of 93, columns 61 to 121 of 137]
27.746466 28.25065 29.477028 30.043505 30.374796 30.31545 30.303757 30.639414 31.183332 31.311308 30.753063 30.882986 32.589397 32.905144 32.909492 32.998177 32.881367 32.93943 33.413994 33.294754 32.924797 32.763702 32.750828 -32767.0 32.935234 32.70031 -32767.0 -32767.0 26.10843 -32767.0 -32767.0 -32767.0 -32767.0 -32767.0 -32767.0 32.855713 33.595295 -32767.0 -32767.0 33.557743 33.63577 33.6567 33.608143 33.59251 33.584435 33.571747 33.61101 33.72235 33.319134 34.071274 34.08094 34.102875 34.06588 34.073524 34.102135 33.943962 33.963776 33.96559 33.900375 33.814068 34.094513
25.683718 25.619907 25.800062 26.389526 27.971176 29.473146 30.26296 30.228941 30.247057 30.409441 30.428696 30.522171 31.323597 31.900719 32.272274 32.684757 32.681465 32.88072 33.12247 33.484035 32.814087 32.680515 -32767.0 32.941902 32.95596 32.209103 30.413605 28.711195 -32767.0 27.558964 -32767.0 -32767.0 -32767.0 -32767.0 -32767.0 33.45939 33.844975 33.66581 33.587444 33.50069 33.52115 33.42158 33.305443 33.243523 33.284527 33.36289 33.471527 33.625767 33.36159 34.035976 34.038456 34.072704 34.046253 34.067814 34.074986 33.975353 34.00563 33.8421 33.898464 33.79615 34.095787
26.552015 26.924604 26.628803 26.058584 27.468824 28.374275 29.251837 29.892204 29.803076 29.819025 30.032598 29.661682 30.867722 31.454935 32.603695 32.516373 32.59857 32.71715 32.944798 33.23864 33.22994 32.580196 32.741943 32.951225 33.047256 33.060886 32.237755 31.513662 29.046911 28.243664 -32767.0 -32767.0 -32767.0 -32767.0 33.297047 33.558575 33.796745 33.82513 33.39079 33.31046 33.464962 33.61798 33.672302 33.595287 33.51829 33.601856 33.50799 33.42006 33.377365 33.873646 33.994648 33.970264 33.93553 34.008728 34.019173 33.972965 33.987743 33.99169 33.91691 33.75228 34.08532
28.87764 28.49393 28.98121 28.707891 29.265074 29.221018 29.063927 29.284882 29.24061 29.393541 29.51268 28.680883 30.369524 31.80533 32.409943 32.37495 32.47914 32.60326 33.211594 33.24258 33.291218 33.403465 33.245014 32.850037 32.742252 32.73336 32.75164 30.603207 29.355194 29.653152 -32767.0 -32767.0 -32767.0 -32767.0 33.20742 33.641914 33.82641 33.57655 33.29398 33.652325 33.79298 33.948044 34.093758 34.0445 34.05265 33.86795 33.574337 33.515522 33.50595 33.821526 33.95661 33.98384 33.79483 33.78265 33.956623 33.968678 33.967358 33.989468 33.925323 33.666546 34.074562
30.526274 30.306332 30.453484 30.30336 29.69507 30.450708 29.584923 28.868338 29.039625 28.804415 29.040165 28.47984 30.263672 31.762392 32.23293 32.17436 32.173923 32.981903 33.35556 33.30311 33.253426 33.392277 33.378975 33.384224 33.473564 33.10291 32.748825 32.884094 -32767.0 -32767.0 -32767.0 -32767.0 -32767.0 33.562016 32.967533 32.83556 32.93232 33.253845 33.261322 33.39049 33.920425 34.10629 34.16073 34.140945 34.05299 34.04053 33.84062 33.67983 33.5293 33.58671 33.953003 33.92366 33.839146 33.758076 33.826836 33.95848 33.973576 33.981182 33.879448 33.598873 34.07665
31.967222 31.508535 31.257923 30.41589 30.88276 31.366922 30.876326 29.389433 28.43202 28.289648 28.250444 28.781693 30.877163 31.883718 32.123203 32.114136 32.274334 33.18838 33.385883 33.291008 33.289875 33.338875 33.337532 33.378307 33.372334 32.792706 32.699566 32.914314 -32767.0 -32767.0 -32767.0 -32767.0 -32767.0 33.145397 32.94418 32.98199 33.180527 33.19282 33.310757 33.937584 34.17552 34.1638 34.233345 34.162254 34.00576 33.968647 34.01274 33.737034 33.79365 33.47734 33.595608 33.993736 33.972904 33.71532 33.789623 33.776207 33.712936 33.686264 33.574192 33.65684 34.105648
32.029697 32.713703 33.09348 32.180027 32.23008 30.717085 30.176731 29.49373 28.486399 27.964415 27.997654 29.965004 31.221884 31.798313 32.198425 32.43607 32.680748 33.485455 33.54869 33.430042 33.413033 33.405273 33.364643 33.347034 32.8412 32.656006 32.65133 32.824066 32.912395 -32767.0 33.20795 -32767.0 -32767.0 33.14781 33.054203 33.10892 33.142952 33.09243 33.415443 34.10163 34.139122 34.158302 34.24631 34.202488 34.055206 34.097313 34.176792 33.95446 33.914986 34.006783 33.70089 33.50852 33.806686 33.913414 33.8397 33.73897 33.66353 33.608135 33.584755 33.928375 34.130676
33.504734 33.6458 33.581375 33.79725 32.72179 31.764172 30.911886 29.620647 29.143389 28.464483 28.677881 30.46466 31.309223 31.863752 32.158848 32.229866 33.376133 33.60128 33.556717 33.50155 33.457207 33.544952 33.620945 33.471066 32.98462 32.791626 32.631466 32.69845 32.797916 32.846348 32.917267 -32767.0 33.1299 33.21303 33.18612 33.04907 33.11548 33.18264 33.122448 33.71565 34.118847 34.203194 34.308865 34.25659 34.123135 34.056618 33.998894 33.995358 34.064976 34.07842 34.10426 33.93917 33.551296 33.645 33.79748 33.643417 33.555626 33.617508 33.772743 34.164555 34.1426
33.96597 33.89323 33.921116 34.00229 33.447853 33.09512 33.292324 32.8785 29.829372 28.943872 29.232145 31.090256 31.851686 31.738329 32.118237 33.660526 33.651447 33.66548 33.633453 33.615158 33.503624 33.58681 33.723705 33.80059 33.753334 33.71503 33.6526 33.48389 33.124172 33.053417 -32767.0 33.13046 33.18857 33.125984 33.32036 33.232903 33.30386 33.5477 33.172745 33.417606 34.104046 34.27052 34.29994 34.208824 34.12271 34.140503 34.108906 34.088448 34.085705 34.094624 34.180466 34.196102 34.10138 33.798687 33.61789 33.706745 33.571587 33.738453 34.01942 34.251957 34.206074
34.00522 33.907494 33.765537 33.90433 33.98098 33.96253 33.614887 33.02064 32.276 31.163893 31.087938 31.383507 31.421244 31.57532 32.929066 33.52325 33.669495 33.707146 33.677197 33.704544 33.7122 33.623203 33.67063 33.873146 34.01047 34.095203 34.20658 34.240223 34.090607 33.770317 33.72036 33.56063 33.599 33.473747 33.25217 33.250828 33.489437 34.02018 33.379948 33.960674 34.1441 34.31421 34.192253 34.143074 34.102806 34.216297 34.22202 34.194164 34.173225 34.15404 34.111813 34.041878 33.96637 33.901867 33.82017 33.720543 33.98562 34.00708 34.19387 34.227753 34.276455
34.172726 33.948708 33.715977 33.70876 33.897343 33.95303 33.794888 33.524292 33.095016 32.26906 31.913666 31.956854 32.205425 32.47195 32.92948 33.22538 33.47822 33.711956 33.76735 33.810352 33.858772 33.87464 33.855362 33.737778 33.85296 34.064224 34.20407 34.327637 -32767.0 34.344315 33.689106 -32767.0 33.914433 33.91646 34.010532 34.135086 34.197155 34.384583 34.30291 34.41777 34.124382 34.365658 34.162598 34.177315 34.143948 34.194534 34.148273 34.08752 34.035744 34.054256 34.09718 34.182762 34.17501 34.1102 34.077686 34.10878 33.939186 34.151672 34.24756 34.163742 34.26032
34.146477 33.926514 33.69871 33.56753 33.7231 33.80155 33.717846 33.61642 33.412518 33.10665 33.071354 32.933037 33.206932 33.134712 33.139225 33.407696 33.574795 33.70164 33.822376 33.96252 34.123837 34.247227 34.219032 34.058018 33.92574 33.917786 34.00679 34.144928 34.326927 -32767.0 34.07525 33.78282 33.851967 34.164745 34.35593 34.306705 34.224453 34.20226 34.144466 34.13386 34.12714 34.414093 34.15359 34.199036 34.192856 34.145374 34.073692 34.04844 34.085888 34.09277 34.081963 34.119118 34.1787 34.249638 34.20974 34.135185 34.169884 34.25971 34.17758 34.38671 34.238297
33.963497 33.868008 33.720596 33.60959 33.51477 33.692764 33.62597 33.549603 33.474735 33.3874 33.332695 33.298717 33.3022 33.2643 33.250893 33.54589 33.687656 33.892555 34.09482 34.108566 34.21128 34.277943 34.253975 34.220768 34.25967 34.156376 34.11382 34.347248 34.392754 34.35543 34.36726 34.401924 34.45098 34.20096 34.214905 34.272278 34.256317 34.23543 34.199524 34.131115 34.24742 34.431824 34.161694 34.11864 34.10061 34.069466 34.04141 34.031265 34.09652 34.070873 34.165844 34.161903 34.23455 34.308872 34.29493 34.153202 34.21337 34.186935 34.11756 34.4171 34.264225
33.68165 33.343178 33.630894 33.66896 33.532036 33.43167 33.52046 33.537224 33.5192 33.46286 33.404224 33.368874 33.34483 33.255856 33.317123 33.541817 33.90196 34.1268 34.273895 34.241947 34.271595 34.36933 34.411934 34.298306 34.199852 34.18954 34.179737 34.208755 34.3307 34.403957 34.411148 34.477444 34.362198 34.39436 34.30125 34.274837 34.24612 34.217377 34.173653 34.153465 34.46211 34.32858 34.112007 34.105232 34.14828 34.15597 34.08559 34.031395 34.033165 34.134846 34.3204 34.29142 34.34033 34.31286 34.077343 34.22957 34.207203 34.097553 34.16038 34.432068 34.293495
33.342762 33.095993 33.136597 33.165268 33.283146 33.319103 33.429356 33.458893 33.46671 33.31116 33.161366 33.33524 33.310368 33.375973 33.537754 33.898067 34.09928 34.245174 34.241695 34.205948 34.38234 34.40445 34.374527 34.35014 34.380768 34.365917 34.367065 34.42787 34.512135 34.523777 34.4969 34.475002 34.427017 34.370186 34.27847 34.286396 34.27454 34.26789 34.28621 34.4695 34.39774 34.155983 34.102657 34.17047 34.15895 34.11873 34.08415 34.039455 33.98007 34.080864 34.325848 34.357414 34.428795 34.262825 34.301037 34.241837 34.145718 34.337013 34.410458 34.384144 34.240112
33.33019 33.088184 33.197247 33.11672 33.039135 32.98961 33.28093 33.347076 33.264347 33.209286 33.160583 33.290073 33.462902 33.51843 33.895126 33.92988 34.142624 34.355076 34.271748 34.33845 34.435062 34.453655 34.35726 34.317608 34.3267 34.346615 34.458458 34.47219 34.454853 34.442867 34.36611 34.32248 34.29414 34.245117 34.26465 34.41436 34.407707 34.394222 34.41869 34.476223 34.25993 34.082546 34.104156 34.1567 34.235817 34.197598 34.104427 34.026604 34.020306 33.988216 34.298206 34.326447 34.363983 34.34016 34.25217 34.240585 34.399345 34.351337 34.236355 34.186943 34.150764
33.11988 33.138252 33.55587 33.08792 32.909393 32.883083 33.005695 33.133102 33.142437 33.335464 33.33142 33.433697 33.512447 33.805096 33.982304 33.90622 34.218452 34.44612 34.359264 34.428196 34.483517 34.44937 34.357098 34.30978 34.343582 34.386528 34.39221 34.380035 34.32778 34.297215 34.277725 34.28658 34.375355 34.472675 34.48574 34.47112 34.510326 34.462093 34.430866 34.45974 34.196964 34.08783 34.121983 34.236824 34.336933 34.355747 34.222622 33.97686 33.954876 33.950577 34.098034 34.26477 34.274136 34.172474 34.190224 34.398136 34.255867 34.20268 34.148865 34.10506 34.12852
33.02775 33.172302 33.79878 33.375004 32.997757 32.950798 32.93901 33.103302 33.42828 33.442924 33.48439 33.578255 33.720776 33.91064 33.910706 34.063057 34.22925 34.43959 34.440544 34.44503 34.474163 34.455673 34.396435 34.327457 34.322 34.31377 34.357952 34.429955 34.45103 34.512352 34.54692 34.540844 34.495403 34.39574 34.320934 34.308544 34.328133 34.450478 34.43441 34.435696 34.30023 34.100777 34.148373 34.32166 34.42208 34.432198 34.24186 34.033466 34.005165 33.964672 33.99852 34.094173 34.091534 34.133156 34.336216 34.257473 34.28128 34.249725 34.185238 34.12186 34.128452
32.997673 33.468178 34.06006 34.054867 33.960796 33.363354 33.285736 33.434883 33.42125 33.4894 33.62189 33.77331 33.8646 33.823265 33.82274 34.246384 34.228508 34.417633 34.474155 34.45993 34.474884 34.47323 34.42552 34.37583 34.41489 34.41507 34.439655 34.441837 34.529232 34.51349 34.45732 34.358727 34.316547 34.331768 34.363907 34.35743 34.297615 34.313454 34.368988 34.451572 34.3666 34.19301 34.19573 34.386646 34.395645 34.411495 34.125668 34.10204 34.09867 33.989403 33.948936 34.04806 34.087337 34.251923 34.26495 34.28405 34.279453 34.24712 34.198044 34.15146 34.195442
33.115776 33.908726 34.02089 33.962452 33.955208 33.887825 33.348354 33.2767 33.32191 33.409122 33.53439 33.780838 33.843906 33.87633 34.274223 34.220806 34.25164 34.443123 34.510914 34.498016 34.479847 34.42204 34.393486 34.389732 -32767.0 34.41546 34.417 34.48582 34.49561 34.338066 34.337757 34.46502 34.496983 34.47168 34.468132 34.48727 34.397675 34.282284 34.309982 34.46054 34.423275 34.16473 34.294426 34.571022 34.560833 34.35411 34.0284 34.029446 34.00376 33.96838 34.03426 34.11588 34.238018 34.235626 34.319324 34.291695 34.236053 34.231102 34.25344 34.286972 34.32412
33.43907 33.742966 34.050533 33.93997 33.864338 33.37558 33.42073 33.455772 33.318085 33.34511 33.480526 33.74518 33.921192 34.313313 34.276524 34.25437 34.31688 34.51496 34.549847 34.481182 34.384327 34.37684 34.378513 34.39921 34.383 34.356174 34.346035 34.491768 34.393497 34.42999 34.500275 34.45426 34.413048 34.398983 34.407436 34.449955 34.40259 34.264164 34.282066 34.504604 34.296417 34.19554 34.52498 34.56947 34.508526 34.34194 34.036865 34.04599 34.084084 34.140526 34.15706 34.2509 34.223232 34.339592 34.44447 34.357986 34.27585 34.251507 34.293476 34.344994 34.386204
33.79721 33.86838 33.886127 33.766075 33.98958 33.510498 33.295612 33.27467 33.33765 33.47331 33.773426 34.16474 34.29972 34.32149 34.293716 34.260284 34.445305 34.560337 34.526207 34.400845 34.470387 34.44192 34.429943 -32767.0 34.39225 34.40992 34.37924 34.45975 34.426495 34.466553 34.407227 34.376385 34.403603 34.447826 34.399815 34.44638 34.35922 34.253403 34.452724 34.41897 34.196655 34.43321 34.508884 34.588757 34.55921 34.46049 34.16814 34.11202 34.156223 34.217434 34.27285 34.20697 34.30621 34.45778 34.676105 34.59109 34.46865 34.415897 34.414555 34.447052 34.458183
33.8054 33.762287 33.646973 33.53124 33.485325 33.439293 33.586235 33.70365 33.74972 34.059868 34.224014 34.36388 34.29457 34.295895 34.275185 34.371227 34.544506 34.545033 34.46142 34.4027 34.50755 34.450954 34.425365 34.380833 34.38723 34.43552 34.463596 34.364235 34.45645 34.394634 34.35122 34.44168 34.521736 34.497513 34.399216 34.50352 34.274586 34.321693 34.46368 34.218822 34.3828 34.43174 34.558155 34.560402 34.58669 34.522167 34.49563 34.34773 34.29172 34.273403 34.210255 34.22843 34.307384 34.408245 34.69485 34.62878 34.61413 34.62116 34.632507 34.605675 34.594566
33.694977 33.50357 34.000896 34.134727 34.095592 34.122875 33.987926 34.08604 34.16664 34.22156 34.274513 34.410164 34.297726 34.36102 34.375305 34.431538 34.541 34.510235 34.545113 34.449665 34.41516 34.411118 34.37883 34.38339 34.41689 34.491825 34.481106 34.389004 34.3812 34.345516 34.377876 34.521008 34.544426 34.492874 34.488087 34.29495 34.317112 34.519653 34.27598 34.38058 34.493496 34.526154 34.47178 34.505806 34.590702 34.590107 34.503517 34.501793 34.49238 34.486343 34.45537 34.266735 34.237835 34.257385 34.64085 34.64583 34.62277 34.643234 34.658493 34.6542 34.67307
33.626873 33.366116 33.49411 33.930866 34.070976 33.837265 33.79044 34.009403 34.116726 34.137886 34.414368 34.374287 34.348602 34.42979 34.4517 34.44012 34.559486 34.57214 34.590355 34.519108 34.415813 34.435677 34.384304 34.405594 34.46258 34.554535 34.46184 34.435562 34.39346 34.33156 34.347492 34.461815 34.491905 34.369415 34.27357 34.36002 34.534153 34.328648 34.429684 34.526623 34.43037 34.38052 34.39685 34.39625 34.469692 34.604156 34.586063 34.495167 34.485714 34.51118 34.484512 34.514168 34.50795 34.451916 34.556675 34.659645 34.635426 34.648586 34.59639 34.582474 34.608765
33.203194 33.252018 33.497242 33.63108 33.68879 33.75569 33.806087 34.024704 34.180843 34.38175 34.32394 34.35665 34.371418 34.452503 34.50533 34.471897 34.55484 34.579468 34.588074 34.601547 -32767.0 34.502007 34.418613 34.43691 34.492622 34.540016 34.44698 34.438667 34.421215 34.357418 34.302628 34.31541 34.29128 34.28486 34.445957 34.549595 34.37474 34.38478 34.446793 34.359524 34.32634 34.338417 34.349483 34.37164 34.42448 34.48471 34.632927 34.62471 34.54249 34.504684 34.51315 34.513428 34.513607 34.57004 34.584503 34.63094 34.689568 34.684254 34.593777 34.579903 34.629303
33.375954 33.45732 33.722034 33.869167 33.864685 33.74039 33.867283 34.298775 34.341755 34.32374 34.367424 34.38454 34.39294 34.49639 34.55647 34.497265 34.56497 34.57138 34.582176 34.512825 34.530247 34.529613 34.50349 34.498238 34.574707 34.521103 34.445038 34.43157 34.43619 34.43629 34.40316 34.402607 34.456738 34.533768 34.552914 34.414528 34.35719 34.320606 34.25586 34.25262 34.267574 34.277622 34.31413 34.35776 34.43875 34.465748 34.54795 34.67115 34.65865 34.61573 34.517338 34.526924 34.52974 34.525887 34.585903 34.6354 34.5877 34.534893 34.544136 34.676365 34.760048
34.329216 34.349285 34.35226 34.29885 34.297375 34.28909 34.312202 34.33958 34.315254 34.34793 34.3873 34.377586 34.4663 34.54054 34.540787 34.564472 34.533657 34.530212 -32767.0 34.552025 34.57991 34.596863 34.59214 34.571026 34.5814 34.49564 34.50908 34.401558 34.410027 34.485474 34.50133 34.532284 34.57306 34.544727 34.434635 34.358593 34.24371 34.282772 34.33656 34.339634 34.307354 34.313206 34.33367 34.361275 34.473545 34.509464 34.50525 34.626785 34.649487 34.630116 34.597153 34.534363 34.55579 34.535435 34.62519 34.572254 34.56756 34.59521 34.55925 34.70978 34.75006
