static/data/salinity/2023/7/30/18.asc
ncols 137
nrows 93
xllcorner 108.0
yllcorner 17.0
cellsize 0.25
NODATA_value -32767
[rows 54 to 80 of 93, columns 61 to 121 of 137]
33.34684 33.426117 33.70524 33.880516 33.876514 33.74462 33.868675 34.28349 34.33694 34.32267 34.35359 34.39506 34.384132 34.490517 34.558388 34.49756 34.562187 34.570812 34.582508 34.514923 34.536865 34.53279 34.515915 34.522083 34.588524 34.504917 34.391865 34.435295 34.462135 34.434612 34.40736 34.416306 34.47304 34.54133 34.523266 34.37915 34.3571 34.321053 34.254684 34.252335 34.25965 34.269913 34.314255 34.365597 34.45165 34.465652 34.544365 34.658672 34.64838 34.63343 34.52484 34.5207 34.53234 34.527508 34.59036 34.625237 34.550003 34.545444 34.54506 34.675236 34.765648
34.30126 34.33733 34.349384 34.316086 34.285854 34.284042 34.295822 34.326344 34.31119 34.32439 34.38616 34.381554 34.440353 34.533928 34.54401 34.564056 34.534325 34.530437 -32767.0 34.551018 34.582233 34.60215 34.599884 34.58402 34.57803 34.50078 34.44077 34.41556 34.437344 34.48822 34.500473 34.540634 34.569843 34.516148 34.4155 34.346146 34.26584 34.29695 34.35697 34.338326 34.29486 34.2979 34.326088 34.378647 34.47998 34.503433 34.496864 34.613594 34.637222 34.620113 34.608826 34.53077 34.55165 34.53619 34.6273 34.571762 34.567368 34.592762 34.5774 34.676655 34.73881
34.33059 34.347893 34.350174 34.345684 34.34499 34.344025 34.323387 34.291916 34.274887 34.35073 34.39494 34.421116 34.482864 34.550823 34.572353 34.54679 34.52894 34.535 34.557686 34.59524 34.657764 34.633953 34.60502 34.58788 34.582573 34.508167 34.524277 34.37356 34.394615 34.49792 34.533577 34.534416 34.487236 34.410843 34.32229 34.280525 34.39657 34.415966 34.389145 34.392162 34.38921 34.34432 34.329025 34.378464 34.489464 34.558464 34.528877 34.56962 34.63889 34.616158 34.61679 34.541576 34.562214 34.572533 34.610798 34.584892 34.582253 34.606876 34.60937 34.59838 34.7406
34.36967 34.358543 34.347958 34.359787 34.290638 34.236492 34.25792 34.324677 34.374905 34.375736 34.403698 34.44399 34.509842 34.604374 34.590546 34.554123 34.550274 34.528805 34.608646 34.671917 34.636784 34.591778 34.5878 34.59137 34.57762 34.521687 34.61824 34.35647 34.41899 34.454903 34.50138 34.46693 34.405884 34.310986 34.280594 34.420906 34.439426 34.36296 34.351818 34.373432 34.404358 34.381695 34.36021 34.39877 34.517014 34.6059 34.60219 34.523098 34.625885 34.624207 34.611973 34.532078 34.571022 34.62562 34.61449 34.618004 34.60866 34.598515 34.602997 34.825035 34.973133
34.372986 34.35894 34.355278 34.32818 34.29941 34.33295 34.338203 34.334343 34.318436 34.35767 34.374268 34.455658 34.499443 34.578865 34.595184 34.53964 34.556343 34.537804 34.614113 34.61258 34.620243 34.589695 34.621426 34.61482 34.58848 34.56098 34.6934 34.41416 34.413216 34.411392 34.48468 34.414158 34.347275 34.263695 34.354836 34.489635 34.42866 34.355217 34.35523 34.41564 34.4246 34.381683 34.388775 34.418385 34.52918 34.61213 34.625023 34.542336 34.61446 34.624832 34.616962 34.553707 34.550392 34.59613 34.60924 34.588203 34.61631 34.60382 34.779778 34.93324 35.03455
34.420933 34.408188 34.35101 34.335415 34.326317 34.394398 34.329468 34.30098 34.384373 34.431854 34.345066 34.43426 34.50069 34.546516 34.57402 34.55124 34.560925 34.600597 34.605274 34.618523 34.592148 34.64097 34.63092 34.608868 34.56788 34.593964 34.722675 34.51317 34.36718 34.409004 34.438053 34.411594 34.30004 34.23526 34.345356 34.48841 34.489796 34.43871 34.32057 34.422413 34.459858 34.42762 34.423218 34.433704 34.533035 34.615345 34.591854 34.555607 34.538834 34.572563 34.613453 34.655193 34.63501 34.61326 34.611767 34.63182 34.623173 34.700752 34.916103 34.987823 35.04734
34.451656 34.429916 34.369442 34.311134 34.31379 34.416416 34.288124 34.280304 34.42928 34.478123 34.34845 34.440292 34.556095 34.495823 34.592854 34.618263 34.576828 34.635277 34.59031 34.59185 34.595627 34.64307 34.62655 34.554596 34.405895 34.598965 34.759308 34.584473 34.359108 34.379765 34.39734 34.441082 34.318707 34.225925 34.219265 34.32069 34.386135 34.358856 34.307808 34.410667 34.47388 34.470093 34.478928 34.498314 34.53604 34.603397 34.58585 34.536495 34.50851 34.52092 34.534817 34.603935 34.711704 34.669617 34.63576 34.62183 34.68953 34.898228 34.975895 35.04039 34.99709
34.44597 34.37768 34.32644 34.310627 34.29409 34.374405 34.29614 34.283573 34.32946 34.47924 34.300507 34.43778 34.554817 34.56678 34.570816 34.598984 34.624798 34.58909 34.577744 34.593765 34.58658 34.598843 34.4756 34.319935 34.597973 34.722416 34.74687 34.63303 34.371666 34.356075 34.391495 34.425285 34.374866 34.273533 34.229572 34.238186 34.26661 34.31114 34.403946 34.45313 34.456932 34.46358 34.499645 34.538773 34.566845 34.607204 34.586807 34.522198 34.526165 34.51827 34.528843 34.631805 34.76676 34.710785 34.654945 34.67192 34.86994 34.98597 35.00584 35.016495 34.897697
34.35187 34.3439 34.337425 34.30744 34.35168 34.3543 34.31638 34.311153 34.30056 34.29177 34.321327 34.386795 34.519302 34.56213 34.608 34.608253 34.56959 34.565155 34.593864 34.581615 34.567112 34.445633 34.350952 34.701923 34.682186 34.697834 34.71671 34.69761 34.484875 34.41412 34.36677 34.397346 34.393463 34.331776 34.285202 34.28831 34.334034 34.389153 34.40216 34.41562 34.451206 34.521927 34.57281 34.5835 34.57913 34.595 34.573402 34.562714 34.524628 34.532475 34.532883 34.74853 34.81395 34.731102 34.682453 34.831856 34.909927 34.969986 34.89631 34.988632 34.94527
34.315495 34.379745 34.39323 34.340244 34.369244 34.383553 34.35456 34.369396 34.36501 34.35 34.3762 34.404453 34.521057 34.61201 34.61886 34.539833 34.54219 34.589336 34.55402 34.49801 34.409473 34.49041 34.735397 34.688316 34.67524 34.669357 34.670803 34.694736 34.69621 34.67228 34.595387 34.374508 34.351368 34.357933 34.33986 34.33426 34.33662 34.357826 34.416576 34.51014 34.56059 34.52715 34.510303 34.49546 34.508736 34.48769 34.54445 34.556602 34.51522 34.536304 34.573997 34.82775 34.821056 34.737114 34.733963 34.843468 34.803497 34.826164 34.786407 34.77088 34.7431
34.422806 34.413998 34.37873 34.365726 34.35023 34.358597 34.394695 34.436546 34.42643 34.427803 34.46227 34.461636 34.54182 34.630962 34.59781 34.536766 34.53695 34.457016 34.413734 34.47139 34.68851 34.731525 34.724632 34.7156 34.72193 34.715706 34.713856 34.702595 34.6822 34.654873 34.65029 34.64583 34.61993 34.578884 34.555347 34.55701 34.571472 34.56875 34.56503 34.541798 34.54599 34.54719 34.527313 34.516533 34.49663 34.4624 34.556587 34.538223 34.51489 34.507854 34.6087 34.818073 34.798767 34.709766 34.863194 34.764557 34.6546 34.67072 34.643936 34.617054 34.625355
34.4023 34.41415 34.41301 34.429554 34.43083 34.411633 34.40072 34.45267 34.489002 34.513878 34.52836 34.52094 34.599735 34.629852 34.60279 34.56826 34.501064 34.478573 34.62422 34.743397 34.731907 34.70985 34.68722 34.6779 34.69623 34.718388 34.740906 34.72857 34.694695 34.668034 34.650513 34.631397 34.614952 34.585804 34.56863 34.555294 34.55266 34.54062 34.5424 34.568413 34.539024 34.53248 34.5503 34.529495 34.509224 34.481388 34.55252 34.55989 34.5159 34.4887 34.62082 34.7506 34.726875 34.772972 34.836674 34.71407 34.612335 34.616074 34.666412 34.728085 34.735546
34.420815 34.443596 34.477802 34.525368 34.554882 34.518593 34.424587 34.468586 34.489708 34.539787 34.53655 34.57236 34.64747 34.62846 34.614624 34.552677 34.5184 34.650383 34.722576 34.689026 34.671772 34.654793 34.599987 34.575375 34.60062 34.6503 34.683113 34.7265 34.71787 34.68779 34.677326 34.666912 34.633507 34.581367 34.58022 34.558296 34.533966 34.54412 34.57524 34.58081 34.55694 34.564064 34.6167 34.608906 34.569344 34.495605 34.476505 34.55927 34.557987 34.497684 34.61554 34.689194 34.70702 34.94032 34.73699 34.67849 34.59836 34.661327 34.72262 34.69871 34.724373
34.43382 34.42252 34.421307 34.445496 34.54444 34.61815 34.496174 34.49568 34.52883 34.556896 34.54044 34.642456 34.617603 34.630142 34.60466 34.628746 34.660534 34.637333 34.60511 34.604156 34.626137 34.61071 34.517555 34.46158 34.456684 34.524323 34.65007 34.670807 34.68973 34.656834 34.652786 34.667442 34.665474 34.59197 34.534447 34.54694 34.55341 34.588367 34.586872 34.611454 34.612507 34.536247 34.59348 34.61071 34.605583 34.604942 34.54965 34.48327 34.52961 34.517517 34.613464 34.6663 34.84754 34.96561 34.765278 34.69895 34.642586 34.613075 34.66521 34.741302 34.701004
34.383274 34.40265 34.423378 34.457554 34.56396 34.66133 34.57153 34.499454 34.5532 34.57528 34.602882 34.62426 34.622128 34.62175 34.63996 34.622295 34.610195 34.62194 34.632336 34.62726 34.6152 34.598404 34.485332 34.378677 34.353535 34.401886 34.52271 34.652412 34.657066 34.67036 34.63578 34.640617 34.6615 34.627335 34.532333 34.51921 34.545326 34.591587 34.602375 34.590813 34.61369 34.587643 34.535484 34.611427 34.570362 34.55392 34.588814 34.579338 34.5286 34.524464 34.606827 34.66664 34.89658 34.925938 34.873295 34.794006 34.71603 34.722954 34.725895 34.703403 34.731308
34.381283 34.396385 34.504658 34.60745 34.652546 34.56167 34.489887 34.501778 34.56624 34.583664 34.66954 34.60356 34.62151 34.61877 34.620747 34.613163 34.622486 34.62316 34.624794 34.645718 34.63863 34.59116 34.445217 34.32194 34.259674 34.291084 34.39942 34.570473 34.64126 34.641685 34.647514 34.616444 34.648903 34.637783 34.602512 34.555 34.537792 34.54345 34.55032 34.55906 34.613525 34.594177 34.52361 34.627117 34.54516 34.524246 34.52839 34.573124 34.567287 34.504932 34.60961 34.667793 34.891296 34.811462 34.87807 34.860863 34.80553 34.756756 34.728603 34.74393 34.772022
34.43066 34.443176 34.6058 34.66669 34.70064 34.43322 34.459152 34.548264 34.575058 34.598377 34.68162 34.606457 34.61925 34.61458 34.60209 34.602432 34.579613 34.563213 34.5731 34.59251 34.635967 34.651108 34.51809 34.391335 34.252697 34.211277 34.30528 34.53238 34.630634 34.635525 34.601944 34.614044 34.645824 34.634407 34.63083 34.596924 34.574677 34.55983 34.568398 34.62432 34.619717 34.561806 34.52232 34.620342 34.53567 34.516884 34.517998 34.555775 34.549824 34.483776 34.611855 34.672207 34.872 34.764744 34.806732 34.835506 34.790085 34.771923 34.790966 34.740974 34.765717
34.360413 34.545498 34.6422 34.6754 34.60812 34.420223 34.443874 34.62311 34.584682 34.611828 34.69346 34.623936 34.615704 34.60406 34.586456 34.569897 34.54718 34.519855 34.52896 34.593357 34.633686 34.619354 34.630516 34.520393 34.40527 34.2046 34.217117 34.479176 34.616158 34.58768 34.56586 34.59742 34.644657 34.613434 34.596195 34.62824 34.593845 34.598732 34.642136 34.61769 34.591408 34.49705 34.53868 34.61455 34.52787 34.511234 34.532013 34.549072 34.483173 34.49084 34.61887 34.66565 34.773182 34.86045 34.761726 34.80367 34.815468 34.837875 34.811058 34.76215 34.794926
34.50974 34.568157 34.62711 34.644733 34.56029 34.429893 34.560074 34.629074 34.59022 34.628685 34.69885 34.652264 34.616417 34.593834 34.577522 34.543133 34.52105 34.52919 34.58713 34.618893 34.615334 34.56326 34.59468 34.587612 34.533134 34.26995 34.14603 34.30571 34.598267 34.54324 34.533546 34.54629 34.601337 34.619457 34.560802 34.54109 34.622906 34.630283 34.59968 34.608685 34.506042 34.48049 34.579945 34.60888 34.542065 34.52235 34.530067 34.526257 34.4702 34.491028 34.58446 34.633144 34.73223 34.84696 34.835266 34.800568 34.822838 34.827732 34.8305 34.822956 34.79241
34.556908 34.59949 34.624626 34.658978 34.59239 34.440926 34.584435 34.624958 34.593605 34.648003 34.703053 34.687614 34.638344 34.614822 34.601177 34.599285 34.605988 34.62306 34.62125 34.568176 34.489956 34.434624 34.42392 34.4125 34.352825 34.245163 34.159023 34.138596 34.492886 34.520145 34.503674 34.481113 34.49183 34.510212 34.519505 34.499287 34.546886 34.60978 34.58675 34.577168 34.467113 34.5147 34.60691 34.60511 34.537064 34.528675 34.52802 34.511745 34.495525 34.489483 34.558163 34.613483 34.757355 34.826836 34.82558 34.795578 34.786858 34.760155 34.706623 34.65147 34.592377
34.607662 34.62767 34.634796 34.649063 34.655487 34.543514 34.60686 34.620384 34.591034 34.657944 34.69155 34.70574 34.6885 34.674355 34.658886 34.63716 34.587746 34.507137 34.426914 34.354874 34.311874 34.2947 34.28683 34.261726 34.240158 34.217747 34.239513 34.107296 34.38484 34.525993 34.49154 34.422714 34.387108 34.446842 34.461716 34.47765 34.530235 34.608795 34.585293 34.543087 34.457443 34.551662 34.613148 34.62285 34.576813 34.515957 34.514988 34.49379 34.48202 34.51146 34.6085 34.68043 34.80863 34.791405 34.7452 34.665607 34.54728 34.4662 34.443882 34.445206 34.45338
34.617577 34.608543 34.612392 34.629314 34.63442 34.643623 34.630196 34.622517 34.58761 34.648422 34.635063 34.63028 34.61486 34.58999 34.545376 34.477676 34.39115 34.292873 34.277866 34.320858 34.34434 34.36952 34.361057 34.38016 34.422718 34.47937 34.37999 34.104527 34.333878 34.551025 34.52761 34.365147 34.33852 34.440582 34.44479 34.454212 34.507683 34.59242 34.581654 34.52939 34.471222 34.593616 34.60506 34.61752 34.63827 34.593895 34.5544 34.54805 34.56306 34.603302 34.690292 34.783783 34.655533 34.55 34.487736 34.427025 34.370956 34.361362 34.370064 34.379417 34.384487
34.577595 34.545425 34.545498 34.602715 34.62546 34.636154 34.63496 34.626877 34.58204 34.617275 34.61758 34.530033 34.45953 34.41683 34.352074 34.295643 34.238827 34.397118 34.425438 34.282784 34.31014 34.340538 34.327213 34.382324 34.44344 34.30369 34.32612 34.118645 34.261463 34.52086 34.399258 34.2676 34.353207 34.479755 34.47426 34.444244 34.482037 34.56105 34.577152 34.5287 34.428505 34.591145 34.606205 34.60425 34.62737 34.668354 34.67886 34.68431 34.708897 34.781376 34.744625 34.63238 34.541027 34.43885 34.318867 34.331593 34.408398 34.457134 34.47803 34.44542 34.36999
34.597313 34.53064 34.514915 34.62216 34.639435 34.64778 34.636765 34.62703 34.590282 34.610954 34.515327 34.48418 34.359222 34.253025 34.21736 34.260086 34.49487 34.412804 34.29549 34.268593 34.30547 34.34004 34.36711 34.34887 34.399223 34.248627 34.1208 34.108135 34.11749 34.219036 34.217415 34.174084 34.428333 34.497704 34.48166 34.442688 34.496174 34.55368 34.575752 34.544643 34.459534 34.467697 34.584538 34.59545 34.613667 34.622414 34.68338 34.73787 34.75918 34.723408 34.61337 34.57669 34.426678 34.369473 34.352432 34.38841 34.442406 34.472034 34.48778 34.474346 34.366787
34.63118 34.531757 34.53938 34.647274 34.639797 34.655045 34.64384 34.62836 34.603504 34.607582 34.505985 34.397125 34.180313 34.194397 34.19419 34.33689 34.440742 34.36394 34.31326 34.31945 34.41697 34.448647 34.46129 34.460163 34.415226 34.37795 34.237167 34.039967 34.05263 34.080276 34.126102 34.33102 34.452503 34.465675 34.455257 34.476437 34.525852 34.569344 34.555916 34.57276 34.508354 34.45401 34.49264 34.55428 34.60444 34.63638 34.635292 34.639687 34.64937 34.622097 34.59245 34.475395 34.42681 34.42349 34.379517 34.370922 34.403618 34.47447 34.481747 34.489258 34.36824
34.627426 34.505413 34.56474 34.658092 34.642906 34.65726 34.649853 34.62947 34.596912 34.578587 34.51031 34.359085 34.138878 34.143745 34.163048 34.245712 34.389206 34.3495 34.394 34.43009 34.48577 34.505577 34.475796 34.472145 34.491417 34.49047 34.46961 34.414516 34.335777 34.307644 34.330227 34.39243 34.43188 34.433006 34.411777 34.48262 34.51116 34.536 34.559006 34.563705 34.49315 34.50329 34.511623 34.552383 34.61389 34.63156 34.6343 34.62137 34.61686 34.585777 34.54565 34.49991 34.53513 34.53667 34.492485 34.394104 34.346474 34.434444 34.494476 34.490475 34.391453
34.599663 34.490234 34.529705 34.655186 34.63103 34.650192 34.6521 34.634823 34.65676 34.51645 34.533657 34.402916 34.137672 34.10741 34.136715 34.28064 34.327404 34.325012 34.434746 34.52116 34.495243 34.455738 34.453583 34.450108 34.47178 34.50457 34.467365 34.46691 34.472046 34.46269 34.430855 34.43223 34.454826 34.37712 34.39304 34.467377 34.489273 34.518772 34.532463 34.52508 34.50992 34.5467 34.54818 34.553047 34.573563 34.59488 34.609844 34.60608 34.568428 34.605328 34.62319 34.62809 34.682312 34.708065 34.684322 34.545227 34.394894 34.329056 34.466972 34.498985 34.45582
