static/data/salinity/2023/7/30/6.asc
ncols 137
nrows 93
xllcorner 108.0
yllcorner 17.0
cellsize 0.25
NODATA_value -32767
[rows 27 to 53 of 93, columns 61 to 121 of 137]
30.5642 30.803436 30.709593 30.449253 30.33669 30.042624 30.103214 30.851246 32.063393 32.336525 31.85649 32.797127 -32767.0 -32767.0 32.47582 32.64342 32.984554 32.857094 33.10656 33.07838 32.953705 32.777725 32.619503 32.94558 32.88493 -32767.0 -32767.0 -32767.0 -32767.0 -32767.0 -32767.0 -32767.0 -32767.0 -32767.0 32.468517 32.803207 33.292763 -32767.0 -32767.0 -32767.0 33.193367 33.36241 33.654205 33.193996 32.579216 33.116253 33.25277 33.801945 33.43981 33.950684 34.046642 34.03474 33.990154 33.92544 33.873997 33.9042 33.984184 34.01524 33.935036 33.842686 34.033558
28.23299 28.823677 29.874657 30.322983 30.503233 30.237137 30.323277 30.676128 31.193127 31.421928 30.762505 31.060064 32.797077 32.90148 32.916164 33.02681 32.871357 32.998943 33.448143 33.197693 32.911377 32.695976 32.8104 -32767.0 32.92404 32.58008 -32767.0 -32767.0 26.169046 -32767.0 -32767.0 -32767.0 -32767.0 -32767.0 -32767.0 32.848923 33.63702 -32767.0 -32767.0 33.552628 33.633255 33.658997 33.614418 33.605625 33.59031 33.58108 33.613148 33.753876 33.24534 34.059376 34.06304 34.106224 34.06873 34.070957 34.08374 33.92834 33.969193 33.969852 33.90292 33.838688 34.089245
25.876173 25.917131 26.072544 26.94723 28.311256 29.782404 30.24752 30.201681 30.309065 30.535494 30.38729 30.744284 31.516756 32.059227 32.435246 32.746307 32.713676 32.953903 33.245953 33.441826 32.787758 32.66846 -32767.0 32.93607 32.96181 32.26695 30.628252 28.73825 -32767.0 27.68006 -32767.0 -32767.0 -32767.0 -32767.0 -32767.0 33.498764 33.849815 33.602787 33.57092 33.489304 33.522186 33.40751 33.27536 33.266872 33.308296 33.419155 33.47484 33.64239 33.26327 33.9904 34.03724 34.072292 34.046364 34.072296 34.080242 33.971397 34.00579 33.823647 33.88002 33.84279 34.10924
26.371088 26.70321 26.13128 26.316704 27.731874 28.465742 29.41332 29.870583 29.807545 29.84929 29.928411 30.03956 31.025738 31.564379 32.66282 32.546917 32.66588 32.81435 33.111443 33.321606 33.159935 32.58344 32.753513 32.94201 33.042572 33.05877 32.458122 31.572483 28.893482 28.261894 -32767.0 -32767.0 -32767.0 -32767.0 33.373703 33.639027 33.796463 33.863132 33.4842 33.289883 33.334316 33.45434 33.489193 33.47431 33.565704 33.641617 33.433895 33.4517 33.32458 33.9268 34.001606 33.976616 33.962048 34.053883 34.02806 33.97095 33.99131 33.929165 33.882515 33.830666 34.099674
28.361385 28.109667 28.45312 28.716316 29.310646 29.211329 29.088776 29.313183 29.230158 29.391632 29.443062 28.749563 30.492447 31.89876 32.44989 32.428116 32.553093 32.696575 33.15777 33.299423 33.321796 33.45928 33.218113 32.870285 32.77069 32.733986 32.78326 30.731453 29.258339 29.514454 -32767.0 -32767.0 -32767.0 -32767.0 33.345074 33.69033 33.81425 33.640102 33.25483 33.715935 34.046097 34.144226 34.117382 34.07188 33.98451 33.567257 33.61227 33.421097 33.46098 33.923527 33.958668 33.997864 33.740295 33.831436 33.97995 33.978302 33.958084 33.978706 33.89134 33.794544 34.086143
30.249992 30.012825 30.511799 30.136507 29.72764 30.316729 29.365305 28.887121 28.992985 28.773932 29.046246 28.552277 30.534288 31.902967 32.260746 32.24599 32.25619 32.99807 33.37115 33.33779 33.29677 33.405342 33.404556 33.417896 33.479115 32.99391 32.727474 32.890118 -32767.0 -32767.0 -32767.0 -32767.0 -32767.0 33.660675 33.039444 32.866177 33.01389 33.260452 33.466286 33.34329 33.85385 34.07181 34.163563 34.015522 34.018368 34.025703 33.625095 33.694057 33.461746 33.73583 33.962273 33.93872 33.75199 33.78235 33.874863 33.96564 33.987587 33.99524 33.882042 33.73721 34.082867
31.688675 31.090796 30.93504 30.34183 30.853977 31.38013 30.694767 29.256447 28.42554 28.302307 28.198572 29.113949 31.063374 32.033794 32.15543 32.14483 32.30064 33.23007 33.381924 33.25078 33.289196 33.382957 33.365616 33.40956 33.339584 32.722942 32.70664 32.902023 -32767.0 -32767.0 -32767.0 -32767.0 -32767.0 33.177986 32.972473 33.00518 33.189976 33.30365 33.193222 33.932865 34.22399 34.169975 34.24106 34.040955 34.00779 33.966156 33.92999 33.794086 33.888905 33.457382 33.651875 34.012764 33.904633 33.72114 33.784546 33.81634 33.825535 33.783924 33.734142 33.743717 34.087738
32.025787 32.823215 32.897915 31.998753 32.180264 30.983757 30.555857 29.529428 28.443298 27.942915 28.130102 30.178493 31.304045 31.83642 32.19419 32.462173 32.718636 33.50382 33.537453 33.432102 33.410248 33.39351 33.36277 33.35828 32.813522 32.623543 32.671364 32.82223 32.910698 -32767.0 33.21557 -32767.0 -32767.0 33.136112 33.080933 33.131996 33.155388 33.066586 33.558277 34.0919 34.209427 34.170773 34.251648 34.14509 33.981346 34.113953 33.992016 33.876488 34.04255 34.064457 33.659622 33.496525 33.849434 33.89087 33.810844 33.725773 33.60625 33.543274 33.539 33.964565 34.100437
33.235023 33.392506 33.532772 33.842007 32.56388 31.66038 30.788126 29.522163 29.112226 28.430048 28.885107 30.602306 31.329624 31.966629 32.257214 32.33893 33.37988 33.618988 33.564674 33.491623 33.465096 33.54164 33.609947 33.465027 32.952312 32.779205 32.644913 32.703644 32.825478 32.84714 32.95651 -32767.0 33.14271 33.22134 33.177635 33.044846 33.092167 33.176476 33.446163 34.16224 34.129456 34.211544 34.293835 34.20186 34.091732 34.04481 34.021282 34.066906 34.060226 34.064465 34.061497 33.84461 33.516716 33.658764 33.709736 33.605198 33.5685 33.59095 33.7224 34.157764 34.122208
34.014076 33.927055 33.97856 33.975113 33.401413 33.02459 33.231792 32.442616 29.673014 28.934872 29.492441 31.335974 31.95022 31.846186 32.09394 33.48738 33.65246 33.65242 33.620167 33.596344 33.50106 33.604515 33.72575 33.803802 33.74338 33.70183 33.621147 33.43268 33.09466 33.036892 -32767.0 33.168476 33.207554 33.154064 33.345325 33.233932 33.271523 33.1857 33.080902 33.93437 34.121548 34.295902 34.284767 34.21688 34.11748 34.129448 34.101006 34.07884 34.074856 34.13806 34.216793 34.176716 34.075905 33.81691 33.703537 33.607967 33.59242 33.697834 34.00906 34.235336 34.19256
33.964157 33.865334 33.785812 33.904766 33.97471 33.92215 33.559784 32.95803 32.055946 31.060974 31.109081 31.446737 31.45566 31.669287 33.047985 33.61879 33.68243 33.704514 33.672886 33.717182 33.66949 33.59709 33.703743 33.894573 34.00175 34.07558 34.196964 34.239765 34.048367 33.71661 33.672535 33.52896 33.61159 33.503277 33.18504 33.184353 33.420097 33.427906 33.02651 33.960518 34.117462 34.357555 34.171757 34.150562 34.09878 34.210693 34.2217 34.19587 34.180122 34.158882 34.100273 33.980434 33.882732 33.82732 33.729286 33.74395 33.93071 34.008595 34.19279 34.210045 34.275146
34.1679 33.919064 33.681835 33.751953 33.891644 33.94125 33.777496 33.487976 32.96567 32.151623 31.84373 31.820255 32.035328 32.367428 32.944454 33.2331 33.539906 33.722794 33.758045 33.790745 33.82186 33.841812 33.81153 33.745377 33.92442 34.115913 34.23868 34.347397 -32767.0 34.33729 33.750786 -32767.0 33.911163 33.89995 33.92525 34.013878 34.16139 33.999256 33.875847 34.338085 34.127117 34.395267 34.150116 34.167328 34.132706 34.186153 34.15064 34.092712 34.022354 34.038055 34.071003 34.17787 34.193127 34.12124 34.11386 34.103096 33.954144 34.12523 34.24649 34.14724 34.24757
34.147892 33.931828 33.68039 33.543537 33.741913 33.788532 33.7172 33.62022 33.411625 33.084713 33.062572 32.929497 33.227745 33.171787 33.158997 33.40565 33.571217 33.694717 33.802444 33.94906 34.117706 34.189503 34.11707 34.00525 33.90784 33.94959 34.04837 34.195164 34.363354 -32767.0 34.05565 33.846077 33.862804 34.111164 34.32916 34.341152 34.2626 34.289833 34.303688 34.13868 34.15343 34.42215 34.142498 34.206966 34.201862 34.145775 34.06874 34.045982 34.090378 34.086674 34.079617 34.117 34.188156 34.242393 34.200966 34.17104 34.094246 34.266796 34.184822 34.33815 34.225586
34.00412 33.9054 33.69839 33.58183 33.528133 33.67383 33.604378 33.54176 33.477383 33.396557 33.34081 33.300976 33.3137 33.25517 33.27382 33.56706 33.69575 33.866814 34.038113 34.113605 34.27258 34.277348 34.228626 34.26889 34.21024 34.14342 34.128 34.358753 34.396713 34.3831 34.379284 34.425095 34.469242 34.24679 34.174995 34.262505 34.256428 34.221798 34.217842 34.114433 34.277428 34.414124 34.153934 34.123875 34.1042 34.070744 34.034008 34.02691 34.098106 34.067802 34.160603 34.173454 34.254642 34.301605 34.276592 34.059937 34.23308 34.186554 34.116165 34.407772 34.2476
33.711735 33.457928 33.728462 33.669724 33.502983 33.41945 33.509865 33.525314 33.509518 33.456306 33.408348 33.377075 33.353645 33.258232 33.337273 33.550213 33.894737 34.095345 34.19663 34.24904 34.27914 34.38025 34.34333 34.216156 34.18958 34.173626 34.222862 34.254063 34.376762 34.418545 34.44183 34.47133 34.327038 34.281902 34.24459 34.261826 34.2365 34.202816 34.158943 34.141235 34.460323 34.32133 34.124195 34.108715 34.159157 34.15915 34.071598 34.024807 34.057034 34.160297 34.31535 34.300877 34.365402 34.249523 34.05538 34.237877 34.19779 34.089092 34.142803 34.41635 34.274666
33.337288 33.115795 33.175655 33.253315 33.312935 33.343853 33.423775 33.46369 33.475845 33.32148 33.18062 33.358967 33.301258 33.37887 33.53414 33.90053 34.101765 34.235622 34.208763 34.20783 34.39721 34.401882 34.361633 34.36616 34.39068 34.415413 34.400616 34.4796 34.52644 34.528973 34.503666 34.473335 34.45148 34.378876 34.272884 34.294666 34.256683 34.23135 34.23972 34.45265 34.408695 34.16969 34.113613 34.175934 34.166862 34.127632 34.08061 34.031437 33.972824 34.109917 34.327534 34.36548 34.412308 34.260994 34.28739 34.231773 34.120956 34.274994 34.369823 34.395058 34.224514
33.262966 33.099476 33.173332 33.0991 33.04757 32.966705 33.306007 33.34366 33.26752 33.199867 33.150986 33.324055 33.470673 33.5189 33.889015 33.92755 34.120758 34.327396 34.237377 34.32567 34.424393 34.440216 34.341446 34.31318 34.32809 34.363796 34.473927 34.470776 34.466972 34.447422 34.380047 34.351616 34.298145 34.223946 34.250206 34.408176 34.360233 34.385803 34.402916 34.472706 34.27736 34.114704 34.126022 34.145203 34.201992 34.16854 34.08104 34.036484 34.01441 34.010124 34.311108 34.326576 34.377823 34.315487 34.246536 34.20596 34.362366 34.380154 34.292763 34.21116 34.15156
33.123688 33.152992 33.538216 33.11463 32.90357 32.874195 33.03933 33.145527 33.152622 33.337994 33.33394 33.437275 33.516323 33.8074 33.974422 33.934856 34.23784 34.390743 34.313576 34.42538 34.485085 34.456093 34.369473 34.312218 34.349033 34.3918 34.396088 34.368923 34.325035 34.292007 34.267235 34.26002 34.336033 34.448757 34.478344 34.47402 34.510475 34.45334 34.40273 34.458744 34.2245 34.119896 34.155758 34.224888 34.30643 34.32358 34.195568 33.968143 33.967068 33.952892 34.11486 34.265015 34.260674 34.159096 34.186493 34.401405 34.31053 34.21299 34.132385 34.105362 34.129673
33.020805 33.205734 33.81289 33.37041 32.984093 32.953793 32.964138 33.13088 33.427765 33.440876 33.48603 33.5747 33.706726 33.930687 33.95663 34.048653 34.25302 34.47786 34.40036 34.450047 34.479916 34.457367 34.375324 34.311867 34.318996 34.311954 34.36284 34.43128 34.44735 34.51253 34.555492 34.551952 34.501053 34.39485 34.3206 34.301567 34.338566 34.454002 34.424885 34.44043 34.31323 34.117737 34.178402 34.32936 34.420265 34.44849 34.251923 34.03024 34.012627 33.971718 34.007908 34.0909 34.079506 34.143322 34.33587 34.232674 34.26737 34.24514 34.18639 34.122124 34.12678
33.000195 33.501003 34.07017 34.067436 33.924053 33.31131 33.30008 33.440887 33.42951 33.492107 33.630016 33.764545 33.870766 33.824013 33.818237 34.240166 34.279663 34.453487 34.462997 34.469135 34.475983 34.46932 34.44296 34.371487 34.41727 34.428493 34.45733 34.45653 34.530468 34.52631 34.494286 34.38661 34.31736 34.314377 34.342396 34.332947 34.285843 34.30602 34.361168 34.456173 34.39753 34.228737 34.21417 34.42333 34.39347 34.39664 34.172565 34.10653 34.121227 34.0109 33.95032 34.048306 34.086876 34.231804 34.239624 34.282887 34.279938 34.258 34.214954 34.153362 34.16494
33.123802 33.91213 34.028625 33.96254 33.96159 33.91315 33.32851 33.277916 33.335125 33.43215 33.559868 33.791695 33.8495 33.862244 34.24446 34.20876 34.308086 34.45916 34.498802 34.49639 34.473274 34.41868 34.40013 34.402325 -32767.0 34.418472 34.434887 34.48969 34.50585 34.352306 34.318913 34.438614 34.48784 34.46575 34.4653 34.468605 34.387802 34.2813 34.314632 34.49282 34.47321 34.199104 34.28462 34.508842 34.568764 34.42811 34.066055 34.081703 34.038437 33.984634 34.077484 34.130222 34.230656 34.21443 34.295876 34.28917 34.253918 34.224518 34.235107 34.26011 34.312794
33.472363 33.75684 34.071026 33.91968 33.85474 33.380653 33.449345 33.433796 33.318398 33.342922 33.50027 33.747395 33.89157 34.30584 34.26945 34.21741 34.357315 34.523357 34.53965 34.48377 34.387527 34.368427 34.374954 34.403233 34.387 34.357 34.3515 34.50423 34.379692 34.415344 34.50852 34.4585 34.393642 34.37575 34.39438 34.446556 34.416832 34.28547 34.30754 34.528206 34.366764 34.194984 34.527615 34.58426 34.551357 34.3954 34.038643 34.078274 34.09313 34.175858 34.162697 34.251606 34.219807 34.316837 34.41129 34.349586 34.28506 34.238686 34.265923 34.322857 34.363686
33.83736 33.889053 33.88797 33.778534 34.008698 33.5087 33.299168 33.279663 33.342407 33.448048 33.767067 34.145252 34.28882 34.302418 34.280556 34.278152 34.470116 34.562374 34.52843 34.40206 34.472088 34.44455 34.439514 -32767.0 34.390923 34.406986 34.366875 34.472687 34.411194 34.47608 34.4062 34.367226 34.41089 34.447495 34.397045 34.45664 34.36749 34.261726 34.476444 34.48047 34.204845 34.430607 34.488255 34.590782 34.582993 34.48983 34.234222 34.113327 34.16176 34.22316 34.308304 34.205856 34.28289 34.391415 34.662216 34.590084 34.4642 34.38979 34.37274 34.39349 34.431152
33.82628 33.783 33.663273 33.532223 33.49645 33.447983 33.561687 33.676083 33.739483 34.046432 34.25772 34.29761 34.325584 34.302658 34.2589 34.385685 34.54688 34.55222 34.466824 34.394173 34.50895 34.45302 34.43168 34.386024 34.386707 34.443806 34.44997 34.378742 34.47183 34.404343 34.34701 34.434914 34.50785 34.486897 34.414436 34.507572 34.278507 34.33307 34.51064 34.225254 34.361965 34.393555 34.535637 34.587025 34.598724 34.5506 34.533806 34.373497 34.309162 34.300533 34.25411 34.21272 34.293037 34.359703 34.707207 34.64826 34.623596 34.610306 34.63516 34.609524 34.59698
33.714573 33.516724 33.965458 34.137604 34.120987 34.14152 34.029926 34.09899 34.15261 34.250732 34.224125 34.40546 34.273136 34.351208 34.355934 34.449516 34.53968 34.509796 34.54101 34.45458 34.411682 34.415466 34.3846 34.38124 34.40718 34.471626 34.4875 34.367764 34.399548 34.35364 34.363724 34.51381 34.544228 34.511055 34.506367 34.298992 34.312054 34.54011 34.30546 34.354134 34.465443 34.55094 34.504654 34.494 34.575336 34.60175 34.527935 34.531944 34.513905 34.51188 34.482513 34.308468 34.22131 34.24133 34.61695 34.661915 34.62549 34.653522 34.667725 34.665676 34.67389
33.62499 33.376335 33.488552 33.885067 34.07051 33.88075 33.777042 34.006073 34.119637 34.135654 34.429222 34.37046 34.331127 34.415257 34.443466 34.44916 34.559883 34.56889 34.589287 34.526527 34.416367 34.435894 34.384544 34.391033 34.445396 34.555283 34.48886 34.40087 34.384087 34.337357 34.336597 34.43546 34.479286 34.402206 34.285736 34.329674 34.5562 34.36441 34.385754 34.53703 34.482037 34.39722 34.40463 34.38869 34.47369 34.633842 34.6212 34.519814 34.49911 34.515125 34.48026 34.51445 34.529556 34.461792 34.554863 34.66586 34.648113 34.648 34.601353 34.596893 34.61233
33.208275 33.25127 33.493256 33.638836 33.666664 33.77595 33.774113 33.990425 34.128937 34.385757 34.394688 34.353825 34.384727 34.478157 34.493977 34.467854 34.558388 34.580276 34.58693 34.60111 -32767.0 34.502167 34.41301 34.425217 34.47038 34.5679 34.485867 34.41553 34.40095 34.363247 34.309105 34.29621 34.292408 34.28136 34.40854 34.561806 34.438854 34.35516 34.44586 34.37619 34.337307 34.352585 34.356968 34.389954 34.433784 34.496998 34.65463 34.637222 34.542027 34.512142 34.521706 34.518948 34.51235 34.584564 34.588215 34.63593 34.69692 34.69189 34.609135 34.587612 34.628506
