static/data/ASCData/20210115/ASCU/00.asc
ncols 97
nrows 97
xllcorner 99.0
yllcorner 2.0
cellsize 0.25
NODATA_value -32767
[rows 38 to 56 of 97, columns 0 to 41 of 97]
0.3217968367581445 0.6479994095554373 -0.6342937194787895 -1.133226628280462 -0.7125112301222821 -0.5454101846566389 -0.7563604406345432 -0.7954691959562895 -0.26335310082101415 -0.727917709491455 -0.9136842972697499 0.025814665800382608 0.2533565149450885 -0.3667542796641161 -1.2259617829449059 -1.6958594037046757 -1.624456297397548 -1.9008840906944366 -2.202791830640342 -2.234789903176316 -2.7008359040937924 -2.6792075772870696 -2.2445670920067524 -2.303230224989372 -2.5532892362890225 -2.8199398407554748 -2.713279598968894 -2.534623693976371 -2.408705352978324 -2.32752505784076 -1.992730410010659 -1.6763050260438026 -0.7270288741432335 0.5268215237479053 0.6148162232218344 -0.2817223646842586 -2.217309474661293 -3.3375382918697984 -3.9703890598035114 -3.9819439193303907 -3.948760732996788 -4.05216191183989
0.3656460472704055 0.6714054070586037 0.03262907013674754 -1.1293750084381688 -0.7984319804503611 -0.5513357536447823 -0.7972468666527325 -1.261218918424359 -0.9664218612642259 -1.065082584916813 -0.769989249307273 0.04744299260710605 0.35112840324945416 -0.0855860311767127 -0.7495460362981783 -1.2748477270970888 -1.9047357105367297 -2.1304998889849927 -2.466479650612722 -2.5482525026491007 -2.91563777991399 -3.0113357190725054 -2.614915153765714 -2.34530176480519 -2.508254911979133 -2.3207106535043946 -2.1802746684853966 -2.5992123959471334 -2.1939034771581265 -1.9693244125074925 -2.169608644306739 -1.9429556305102547 -1.0932290376104943 0.18402735778381096 0.6675537872163106 -0.0444033267091164 -0.2153559920170527 -0.5854077753266067 -1.7299314253865001 -3.378424717887988 -3.428199497388392 -3.5864121893718206
0.2749848417518117 0.731846210737666 0.3609055920798907 -0.5620017778234404 -1.263292867570209 -1.0375286891219464 -1.2114441389239545 -1.4398748234168819 -1.192778596611303 -1.2603300830761375 -1.1234494394500254 -0.057143300033624556 0.09810660745573196 -0.18691326087396454 -0.8482067599507654 -1.5844587067275802 -2.1343515088272857 -2.206643450482635 -2.433000185829712 -2.543512047458586 -2.722167952451109 -2.8326798140799827 -2.790608274264165 -2.5218837206518625 -2.241604307512681 -2.0268024316924835 -1.855849766384547 -2.1263519906932924 -1.5337950918789542 -1.4798724140868496 -1.576755467042994 -2.202791830640342 -1.373508450749676 -0.16469237716842677 0.4927495020660808 0.494527172762524 0.9673875780163654 1.2719618240069352 0.5540791410933648 -1.2339613010788995 -2.9283777532384985 -3.1079224935792427
0.3736455654043991 0.8402841232206901 0.4204575604107317 0.16743576461700949 -0.5436325139601959 -1.463280820920048 -1.6371962707220562 -1.6235674620493266 -1.4742431235481135 -1.4321715837322955 -1.3815079688836696 -0.21624482736527417 -0.7465832518041066 -1.0289366140891385 -1.1548549550871854 -1.8842924975276352 -2.15272077269053 -2.216420639313071 -2.362782193320213 -2.388262139969229 -2.5162544301131264 -2.5532892362890225 -2.512106531821426 -2.351227333793333 -2.0709479206541515 -1.715413781365549 -1.475131958896335 -1.5133518788698597 -1.324622506597493 -1.1275973377417259 -0.554298538138854 -1.1969264949030034 -2.3041190603375936 -1.1098206307772958 0.5531903057451433 0.633185487085079 1.0716775922076889 1.675196793650092 1.56972166566114 0.8811705492388793 -0.822726813301749 -2.729871192135695
0.5277103590961267 0.8500613120511264 0.5961506809091828 0.4711211752593576 -0.24379872316014106 -1.164632143917622 -1.6617873820228513 -1.703562643389262 -1.9115501148730947 -1.6342334862279846 -1.3794340197378194 -0.40082630134594044 -1.1607805240753286 -1.3169192669129066 -1.4428376079109535 -1.8902180665157786 -2.108871562178269 -2.201606716842713 -2.3764110019929428 -2.294341871507157 -2.356856624332069 -2.3687077623083566 -2.1939034771581265 -2.0327280006806268 -1.7826689893809762 -1.4215055595536374 -1.0336770692796533 -1.120782933405361 -1.5142407142180812 -0.7015489274942169 0.03470301928259789 -0.9273131059424796 -2.034801949826477 -1.6635650527192944 0.26609648826959664 0.31113081257948627 0.6557026492400237 1.1341923450326017 1.8236322968030834 1.503355292993934 1.3021822258464661 -0.6079249374815515
0.34816561875538254 0.6811825958890405 0.5825218722364531 0.6118534387277628 -0.002331786893298382 -0.7193256344586471 -1.254404514087994 -1.576755467042994 -1.9447333012066976 -1.7583741565295883 -1.4721691744022631 -0.7184367991104256 -0.796358031304511 -0.8970927041029484 -1.3432880489101446 -1.8294809843873088 -2.113908295818191 -2.1616091261727455 -2.3873733046210077 -2.3444129294569684 -2.3687077623083566 -2.082502780181031 -1.8961436355039218 -1.501500740893573 -1.1978153302512249 -1.073674659949621 -0.677254094642829 -0.8529472151412802 -1.4215055595536374 -0.42038067900681364 0.28565086593046973 -0.6206649108060598 -1.763114611720103 -1.5406094962153192 -0.6559220462855129 -0.5611129424752188 0.07262666080671543 0.7105141623803499 1.2553702308401338 1.9945849621110199 2.1948691939102662 1.045308810210451
0.13514141363162802 0.5757074679000882 0.7398457288716598 0.7466601332080245 0.27794762624588354 -0.3794942529886244 -0.8890931859689548 -1.1744093327480585 -1.115746199765439 -1.4849091477267715 -1.4878719322208431 -0.5794822063384634 -0.23965082486844058 -0.7113261163246535 -1.4780947433904066 -1.8872552820217068 -1.8774780931912702 -2.1722751503514033 -2.4614429169728 -2.419371377156982 -2.1568686709822305 -1.8842924975276352 -1.7056365925351122 -1.2250729475966844 -0.7231772543009403 -0.6674769058123925 -0.1800988565375996 -0.5794822063384634 -0.8988703747993914 -0.6470336928032978 0.194693381962469 0.44860401310441267 -0.5474841338024891 -1.6528990285406362 -1.6478622949007145 -1.6851933795260177 -0.8725015928021533 0.47704674424750104 1.0873803500262689 1.812077437276204 3.1548113699894933 2.361673960926502
-0.37356868400048093 0.7114029977285714 1.1018979940472202 0.5718558480577949 0.08625546947944507 -0.15076729004628997 -0.43993505666768673 -0.8959075903053197 -1.3160304315646851 -1.1498182214472634 -0.8890931859689548 0.037665803776669504 0.09899544280395345 -0.2230592317016391 -0.5658533976657336 -0.9222763723025578 -1.380322855086041 -2.073614426698816 -2.438036919469634 -2.1147971311664127 -1.9497700348466194 -1.492612387411358 -1.3883223732200345 -1.2709961072547955 -0.8345779512780358 -0.3199422846577833 0.2133589242751206 -0.13832359517118875 -0.9009443239452416 -0.7015489274942169 -0.4301578678372502 -0.14306405036170355 -0.5670385114633623 -1.3989883973986925 -1.569941062706629 -1.5483127358999056 -1.7651885608659532 -0.7925064114622178 0.4779355795957225 1.743637115463148 3.490791131617223 3.2036973141416767
-0.5504469182965608 0.633185487085079 1.212409855676094 0.2992796746031996 -0.18809837467159318 -0.04736611120318801 0.037665803776669504 -0.2535759119905776 -1.3041792935883985 -1.3412140997642945 -0.10395529503995715 0.3804599697407638 0.03855463912489099 -0.060994919875917875 0.16743576461700949 -0.02781173354231492 -0.7640636803191295 -1.1782609525903516 -1.7074142632315552 -1.0796002289377644 -1.1110057445749244 -0.9116103481238997 -0.5101530491771858 -0.4408238920159083 -0.6997712567977739 -0.807024055483169 0.15973252493242307 -0.747472087152328 -0.3744575193487024 -0.5406697294661242 -1.5640154937184856 -1.6890449993683108 -1.4398748234168819 -1.4712803390540417 -1.32284483590105 -1.1480405507508205 -1.8374805025213026 -1.7240058563983567 -0.11965805285853715 1.5922388278160846 3.141182561316764 3.0220786246550815
0.4166059405684386 0.7759916996993343 0.903687711393824 0.18699014227788258 -0.21328204287120256 -0.17032166770716306 -0.1498784546980685 -0.3910491125155039 -1.1255233885958755 -1.0464170426041615 -0.31401671566964007 -0.4458606256558302 -0.7113261163246535 -0.23965082486844058 0.24446816146287342 0.44090077341982625 0.07677455909841568 -0.20646763853483763 -0.8209491426053059 -0.8656871884657884 -1.164632143917622 -1.0111599071247084 -0.8843527307784401 -1.0055306165859723 -1.2221101631026126 -0.8061352201349475 -0.6002216977969651 -1.217369707912098 -1.4185427750595656 -1.01412269161878 -1.7758545850446112 -1.5797182515370656 -1.1178201489112891 -0.9516079387938674 -1.0532314469405264 -1.4300976345864451 -1.9047357105367297 -1.5619415445726355 -0.021886164554171472 1.2689990395128632 1.8734070763034878 1.7857086552789658
0.8666529052179279 0.9448704158614207 1.0503455438503728 0.4927495020660808 0.007149123487731002 -0.29446233800876676 -0.3314971441846629 -0.7006600921459955 -1.3462508334042165 -1.106857846283224 -1.1450777662567488 -1.0834518487800575 -0.90005548859702 -0.512226998323036 0.015148641621724579 0.21039613978104899 0.053072283145842336 -0.12439850804905195 -0.6968084723037022 -0.9613851276243041 -1.2152957587662478 -1.457651530381312 -1.4967602857030582 -1.6380851060702777 -1.631270701733913 -1.6588245975287796 -1.4535036320896115 -1.6860822148742391 -1.9986559789988023 -1.9272528726916747 -2.138203128669579 -2.0416163541628416 -1.5992726291979387 -1.424468344047709 -1.692896619210604 -2.446925272951849 -2.810162651925038 -1.7222281857019137 -0.5883705598206784 0.5013415770988887 1.3587714096832357 1.9868817224264337
0.6693314579127536 0.7075513778862783 0.9312416071886909 0.5914102257186682 0.13040095844111343 -0.17921002118937812 -0.4292690324890287 -0.8248007624475993 -1.250552894245701 -1.3989883973986925 -1.59808751540031 -1.715413781365549 -1.296476053903812 -1.0864146332741293 -0.5688161821598052 0.03648068997904086 -0.004405736039148511 -0.05625446468540307 -0.3629026598218229 -0.7584343897803933 -0.8686499729598602 -1.1293750084381688 -1.854072095688104 -1.9974708652011737 -1.6733422415497308 -1.6937854545588256 -2.107093891481826 -2.1411659131636505 -2.4409997039637057 -2.6880959307692844 -2.864677886615957 -2.8931206177590454 -2.4614429169728 -2.1547947218363803 -2.341450144962897 -3.157697273079647 -3.3775358825397666 -2.096131588853761 -1.7533374228896665 -0.7486572009499568 1.2876645818255152 1.9418473981165438
-0.234910369677926 -0.030774518036386533 0.4358640397799045 0.9487220357037138 0.4868239330779376 -0.1285464063407522 -0.3842347081791391 -0.8197640288076773 -1.0698230401073279 -1.501500740893573 -1.5826810360311372 -1.6392702198679063 -1.4712803390540417 -1.2182585432603195 -0.4058630349858624 0.18017573794151764 0.028777450294454443 -0.007368520533220124 0.17425016895337442 -0.3119427665237897 -0.47400707834951117 -1.1400410326168269 -1.8579237155303971 -2.0288763808383337 -1.7115621615232557 -1.8599976646762473 -2.452554563490585 -2.3746333312965 -2.703502410138457 -3.025853363093457 -3.2252487595444816 -3.252506376889941 -3.075628142593861 -2.7689799474574412 -2.6605420349744175 -3.272949589899036 -3.576635000541384 -2.419371377156982 -1.961324894373499 -1.1234494394500254 0.890947738069316 1.5806839682892049
-1.3080309134306916 -0.9800506699369557 0.3256484566004376 0.9496108710519353 0.5834107075846746 -0.03166335338460802 -0.6861424481250441 -1.1987041655994464 -1.094414151408123 -1.4078767508809076 -1.4215055595536374 -1.17737211724213 -1.310104862576542 -0.46334105417085314 0.34905445410360403 0.5825218722364531 0.29039132112098454 0.026703501148604314 0.4115692069285166 0.1274381739470416 -0.39608584615542575 -1.2093701897781044 -1.9370300615221112 -2.1079827268300475 -1.9838420565284438 -2.105019942335976 -2.4741828902973086 -2.3657449778142845 -2.6987619549479422 -3.1968060284013933 -3.4009418800429327 -3.3570926695306715 -3.1793255998863703 -2.8910466686131953 -2.802163133791044 -3.036519387272115 -3.779882016834702 -2.88423226427683 -1.4271348500923735 -0.6206649108060598 0.41749477591666007 1.1078235630353634
-1.805186151535921 -1.5355727625753974 0.25039373045101665 1.2932938723642513 0.833469718884325 -0.21624482736527417 -0.9447935344575026 -1.3423992135619232 -1.094414151408123 -1.1957413811053748 -1.2709961072547955 -1.0570830667828197 -0.8775383264420753 -0.24942801369887713 0.3217968367581445 0.7591038280831257 0.9427964667155706 0.31379731862415094 0.2329133019359937 0.4897867175720092 -0.2974251225028386 -1.1566326257836284 -1.8685897397090552 -2.1020571578419043 -1.9965820298529522 -2.131388724333214 -2.4261857814933467 -2.2193834238071433 -2.524846505145934 -3.1283657065883372 -3.411607904221591 -3.3197615849053683 -3.17725165074052 -2.8854173780744587 -2.5005516722945464 -2.47507172564553 -3.9078743069785986 -3.6441864870062184 -1.7720029652023181 -0.44378667650997994 0.4204575604107317 0.7845837747321425
-1.768151345360025 -1.2484789450998508 0.5940767317633326 1.4799492954907678 0.9436853020637921 -0.16350726337079813 -0.9818283406333987 -1.3258076203951217 -1.0259738295950669 -0.6988824214495524 -0.7984319804503611 -0.8209491426053059 -0.769989249307273 -0.43904622131946525 -0.04262565601267321 0.35112840324945416 0.8453208568606119 1.2017438314974362 0.18402735778381096 0.5697818989119448 -0.23965082486844058 -0.9498302680974244 -1.3901000439164775 -1.6733422415497308 -1.8042973161876996 -2.001618763492874 -2.222346208301215 -1.8919957372122216 -2.2709358740039907 -2.722167952451109 -2.9722269637507592 -3.089256951266591 -3.0688137382574965 -2.8560858115831493 -2.3236734379984667 -1.9820643858320008 -3.4477538750492656 -3.754402070185685 -2.3461906001534114 -0.7006600921459955 0.3774971852466922 0.5736335187542381
-1.5308323073848826 -1.261218918424359 0.4595663157324781 1.3501793346504276 1.0512343791985943 0.12240144030711986 -0.73680606297367 -1.1216717687535824 -1.166409814614065 -1.124634553247654 -1.5023895762417945 -1.6188270068588118 -1.234850136427121 -0.6411081238151545 -0.6147393418179165 -0.677254094642829 0.09514382296166013 0.7641405617230475 1.1392290786725234 0.4740839597534292 -0.4751921921471399 -0.780655273485931 -0.8882043506207333 -1.096191822104566 -1.3764712352437476 -1.6019391352426031 -1.8434060715094458 -1.569941062706629 -1.8656269552149833 -2.0199880273561184 -1.9711020832039357 -2.2113839056731495 -2.675355957444776 -2.7328339766297667 -1.9115501148730947 -0.8873155152725118 -1.7417825633627868 -2.4146309219664674 -1.5240179030485177 0.322685672106366 1.1460434830088881 0.5748186325518667
-1.4828351985809212 -1.7465230185533016 -0.7172516853127968 0.5863734920787462 0.8062121015388657 0.13721536277747814 -0.6597736661278061 -0.8979815394511699 -1.0268626649432884 -1.0766374444436928 -1.219147378608541 -1.5729038472007006 -1.5299434720366611 -0.9213875369543363 -0.7036228766400671 -0.9409419146152094 -0.7670264648132012 0.30609407893956453 0.24269049076643046 0.33157402558858107 -0.030774518036386533 -0.754286491488693 -0.5726678020020984 -0.3978635168518688 -0.763174844970908 -0.9409419146152094 -1.063008635770963 -1.1693725991081365 -1.2232952769002414 -1.3862484240741841 -1.329659240237415 -1.250552894245701 -1.5006119055453515 -1.7456341832050801 -1.20670368373344 -0.1676551616624986 -0.38038308833684586 -2.0161364075138253 -1.2055185699358113 0.45275191139611315 1.124415156202165 0.6986630244040635
-1.0179743114610733 -1.7183765658596206 -0.7406576828159632 0.468158390765286 0.43319753373523984 -0.3199422846577833 -0.8988703747993914 -1.0464170426041615 -1.105080175586781 -1.1148573644172175 -1.1275973377417259 -1.212332974272176 -1.3373624799220014 -1.2428496545611145 -1.0864146332741293 -1.0464170426041615 -0.7270288741432335 -0.754286491488693 -1.0953029867563444 0.7768805350475558 1.0103479531804052 0.07944106514308036 -0.4144551100186703 -0.3042395268392035 -0.24379872316014106 -0.35608825548545797 -0.5083753784807428 -0.6751801454969789 -0.6606625014760276 -0.9720511518029622 -0.9507191034456459 -0.8256895977958207 -0.9516079387938674 -1.212332974272176 -1.0327882339314318 -0.8656871884657884 -0.727917709491455 -2.0931688043596894 -0.26039031632694254 0.6829602665854835 0.6322966517368573 0.3188340522640727
