static/data/ASCData/20210115/ASCU/03.asc
ncols 97
nrows 97
xllcorner 99.0
yllcorner 2.0
cellsize 0.25
NODATA_value -32767
[rows 38 to 56 of 97, columns 0 to 42 of 97]
-0.9743703131094854 -0.9782068224826257 -0.5682905517678712 -0.3738090381602232 -0.30445675333807254 -0.17667147960193963 -0.16103032600375244 -0.4664754953268415 -0.8424534138945861 -0.7223411589047336 -0.9832237962782706 -1.249713639658705 -0.9324638261105688 -0.7497869567279677 -0.8513068970633713 -1.1121895344369082 -1.4725262994064656 -1.9060518585713138 -2.3437090432149286 -2.63351305893983 -2.9147587076015733 -2.900298018425891 -2.6093135382784842 -2.3572843840737323 -2.2773079194490395 -2.4410973580715654 -2.6237742274541667 -2.6462030514817556 -2.8026145874636277 -2.9206610297140965 -2.9734868126211818 -2.702865343761981 -2.287046750934703 -2.0270494618780446 -1.3105075574176965 -0.46854130806622474 -1.1248795269788336 -1.80069540886277 -2.545568459463231 -3.2157771353402698 -3.6141838779356035 -3.627759218794407 -3.6463515334488563
-0.9177080208292602 -0.9684679909969619 -0.49687245420633736 -0.30062024396493225 -0.250745622114109 -0.3298367384219234 -0.40715715809598074 -0.9802726352220088 -1.2868982689676027 -1.0446079462485145 -1.11514069549317 -1.295751752136388 -1.2078071526597882 -1.0339837664459723 -1.0720537440717486 -1.3054905836220516 -1.6950438430486 -2.1052552298689804 -2.4381461970153038 -2.672763500988111 -2.8893787225177223 -2.9286291645660034 -2.6706976882487283 -2.3758766987281814 -2.28114442882218 -2.251632818259562 -2.2262528331757117 -2.307409762222909 -2.188182855549935 -1.9939964580479135 -1.823124232890359 -1.7077338355905254 -1.8865741955999864 -1.7059631389567684 -1.6003115731425983 -1.0661514219592252 -0.5839317053660584 0.3447986790395082 -0.0028480933881236403 -1.9889794842522686 -2.755691126669066 -3.392256566504721 -3.4049465590466466
-0.9129861631392414 -0.9451538186524943 -0.48123130060815017 -0.30150559228181084 -0.3817771730121299 -0.46559014700996304 -0.9793872869051303 -1.5651927565730839 -1.80069540886277 -1.6425131762471412 -1.6844196632460577 -1.672615019021011 -1.5613562471999436 -1.3689405463316788 -1.4040593629011933 -1.574046239741869 -1.9606483381121556 -2.255764443738329 -2.4939231409786506 -2.6190523697641477 -2.6766000103612515 -2.704931156501364 -2.586589598145269 -2.2938344213641053 -2.0692510649825873 -1.9745187950765857 -1.64723503393716 -1.6141820301070284 -1.4108470333305954 -1.1139602310706653 -0.8424534138945861 -0.7391627769254254 -0.9265615039980454 -1.492003962377793 -1.4120274977531 -1.1121895344369082 -0.5446812633177773 1.0061538717477618 2.3731316730081957 0.6514243127851019 -1.713636157703049 -2.3865008785307236 -3.118979052694885
-0.9625656688844384 -0.8914426874285307 -0.472377817439365 -0.3484290530763723 -0.431356678757327 -0.9236103429417836 -1.441243992210091 -1.9910452969916514 -2.194085177662459 -2.1766733274305143 -2.3200997547648345 -2.2194651627463093 -1.9196271994301175 -1.7272114985618527 -1.6540227043665618 -1.8240095812072377 -2.1149940613546443 -2.358169732390611 -2.4753308263242015 -2.452016653979734 -2.4638212982047807 -2.367023215559396 -2.2498621216258052 -2.037968757786213 -1.8122049369821907 -1.55161741571428 -1.2069218043429097 -1.1092383733806463 -0.833895046831427 -0.6462012036531809 -0.2693379367685579 -0.16191567432063092 -0.6872223423352191 -1.2594524711443684 -1.2966371004532664 -1.000930762615841 -0.6960758255040042 0.6289954887575128 2.4914732313642913 2.896667644389027 0.535443683274016 -1.909888367944454 -2.6630246695024478
-1.0018161109327195 -0.8415680655777075 -0.518415929917048 -0.3835478696458869 -0.5632735779722263 -1.0564125904735615 -1.7880054163208445 -2.328067889616741 -2.543797762829474 -2.6140353959685028 -2.819141089378693 -2.479167335697342 -2.1501128779241587 -1.8709330420017993 -1.7965637833840036 -1.9479583455702305 -2.2224163238025714 -2.3563990357568536 -2.4118808636145745 -2.323050915821096 -2.2477963088864223 -2.122962196206551 -1.9031006975150522 -1.6912073336754596 -1.4518681720126334 -1.181541819259059 -0.8229757509232586 -0.6951904771871257 -0.3366244088513254 -0.363184858357681 0.014858872949446766 0.12611764477051401 -0.4000743715609526 -1.1473083510064228 -1.215775287511695 -0.941317309279354 -0.7819546122412205 -0.11882872289920965 1.1017714899706421 2.0423065186012557 2.345980991290588 -0.10141687266726551 -2.451131305662855
-0.9782068224826257 -0.7790034511849588 -0.5378935928883755 -0.37469438647710174 -0.5585517202822076 -1.0330984181290939 -1.7947930867502464 -2.4549678150359955 -2.704931156501364 -2.9802744830505836 -3.129603232497427 -2.6101988865953625 -2.0418052671593534 -1.7741349593564144 -1.843487244178565 -2.0184910948148858 -2.2498621216258052 -2.347545552588069 -2.364072054503134 -2.259600953111469 -2.1386033498047383 -1.8552918884036118 -1.6345450413952345 -1.3621528759022767 -1.1180918565494316 -0.9011815189141945 -0.4714924691224865 -0.1082045430966675 0.3235503194344237 0.1447099594249629 -0.356397187928279 -0.189361472143865 -0.07308572652715284 -0.6774835108495553 -1.1139602310706653 -0.9109203503998582 -0.8876061780553905 -0.943088005913111 -0.417781337898523 0.9846103960370515 1.9248503085620388 1.379180629259245 -1.0289667926503274
-0.9383661482230923 -0.7772327545512018 -0.5700612484016283 -0.3932867011315506 -0.4452271357217571 -0.8397973689439505 -1.3406094001915663 -1.973338330654081 -2.429587829952145 -2.9100368499115543 -2.9705356515649197 -2.3708597249325365 -1.807483079292172 -1.5964750637694582 -1.7272114985618527 -2.03590294504683 -2.291768608624722 -2.4000762193895273 -2.397420174438892 -2.2616667658508525 -2.0409199188424747 -1.7537719480682084 -1.4645581645545587 -1.1481936993233013 -0.8876061780553905 -0.7028634959334061 -0.37469438647710174 0.09188417651787795 0.5265902001052308 0.3731298251796208 -0.45112945783428055 -0.6287893534212368 -0.31626139756311944 -0.27317444614169817 -0.7996615785787909 -1.0124402907352616 -1.1316671974082357 -1.0310326053897105 -0.8229757509232586 0.4973737056482396 2.612470834671022 2.6623454565218454 0.15739995196688839
-0.7790034511849588 -0.8436338783170907 -0.707880469729051 -0.511628259487646 -0.4608682893199443 -0.5848170536829369 -0.8085150617475761 -1.0525760811004212 -1.4264881869287827 -2.2634374624846094 -2.6385300327354755 -2.168705192578608 -1.729277311301236 -1.539812771489233 -1.633659693078356 -1.9157906900569777 -2.205004473570627 -2.378827859784443 -2.4275220172127616 -2.2926539569416002 -2.013474121019241 -1.6853050115629364 -1.3016540742489113 -0.9841091445951491 -0.8279927247189035 -0.7790034511849588 -0.6385281849069004 -0.31331023650685774 0.08804766714473766 0.13290531519991589 -0.43932481360923364 -0.7391627769254254 -0.4000743715609526 -0.052427599133320735 -0.3180320941968765 -0.6884028067577237 -1.3358875425015473 -1.4911186140609143 -1.2526648007149666 -0.31537604924624096 2.102805320254621 3.2735309112736495 1.2248349060167563
-0.6757128142157982 -0.8397973689439505 -0.8592750319152779 -0.692239316130864 -0.5983923945417409 -0.6169847091961898 -0.6414793459631621 -0.41483017684226126 -0.36200439393517625 -1.2390894598561626 -1.9479583455702305 -1.7410819555262829 -1.5690292659462242 -1.4899381496384096 -1.5085304642928588 -1.6510715433103003 -1.9090030196275753 -2.1288645183190744 -2.232155155288235 -2.1306352149528314 -1.8747695513749396 -1.6814685021897962 -1.3308705687059024 -1.0643807253254682 -0.9655168299407002 -0.902066867231073 -0.8259269119795203 -0.653283990188209 -0.5328766190927305 -0.3513802141326341 -0.3200979069362597 -0.4537855027849161 -0.3944671655540553 -0.2811425809936049 -0.4520148061511591 -0.7438846346154442 -1.3621528759022767 -1.7694131016663956 -1.5672585693124672 -0.8102857583813332 1.2422467562487007 2.628111988269209 1.2384102468755604
-0.7663134586430334 -0.7790034511849588 -0.8161880804938566 -0.7586404398967529 -0.8034980879519311 -0.8424534138945861 -0.8707845600346986 -0.7733962451780615 -0.6854516457014619 -1.0838583882967956 -1.4734116477233439 -1.3122782540514535 -1.3093270929951917 -1.5672585693124672 -1.6277573709658326 -1.5507320673974014 -1.6619908392184686 -1.9128395290007156 -2.174607514691131 -2.3162632453916943 -2.184346346176795 -2.0270494618780446 -1.7741349593564144 -1.4979062844903164 -1.2809959468550791 -1.1452425382670395 -1.1532106731189462 -1.069102583015487 -0.9852896090176538 -0.6892881550746022 -0.5505835854303008 -0.5290401097195903 -0.5193012782339266 -0.46175363763682276 -0.4832971133475334 -0.9832237962782706 -1.6667126969084873 -1.9550411321052583 -1.9140199934232203 -1.466623977293942 -0.45880247658056106 0.8019335266544504 0.461959772973099
-0.888491526372269 -0.6462012036531809 -0.605180064971143 -0.6093116904499093 -0.7185046495315933 -0.9782068224826257 -1.0593637515298233 -1.4264881869287827 -1.5368616104329713 -1.7165873187593106 -1.8426018958616865 -1.6569738654228237 -1.7106849966467872 -1.9588776414783986 -2.0320664356736895 -1.9479583455702305 -1.8201730718340974 -1.9479583455702305 -2.126798705579691 -2.3776473953619384 -2.2790786160827965 -2.1306352149528314 -1.930546495338286 -1.7977442478065082 -1.606213895255122 -1.4911186140609143 -1.5164985991447653 -1.4149786588093618 -1.420585864816259 -1.1874441413715824 -1.1071725606412632 -1.0496249200441596 -0.9764361258488686 -0.8991157061748113 -1.0779560661842722 -1.9246441732257624 -2.9908986628531258 -3.0280832921620235 -2.890559186940227 -2.243959799513282 -1.2311213250042559 0.2482957124997497 0.09394998925726106
-1.0906460587261977 -0.8055639006913144 -0.5408447539446372 -0.4363736525529719 -0.5340570835152352 -0.8026127396350526 -1.3512335799941084 -1.7567231091244702 -2.076924083728868 -2.2536986309989455 -2.364957402820013 -2.3035732528497688 -2.3386920694192836 -2.248976773308927 -2.3082951105397878 -2.047707589271877 -1.9255295215426411 -1.8700476936849206 -1.9597629897952773 -2.2469109605695436 -2.323050915821096 -2.1580810127760657 -1.9931111097310348 -1.862079558833014 -1.8375849220660416 -1.7643961278707505 -1.862079558833014 -1.8083684276090506 -1.9039860458319304 -1.868867229262416 -1.827846090580378 -1.7655765922932554 -1.693273146414843 -1.7800372814689378 -2.017310630392381 -3.059365599358398 -4.065121287332396 -3.8172237586064104 -3.250895951909784 -2.5585535681107823 -1.4586558424420355 0.019580730639465527 0.34893030451827467
-1.2382041115392841 -1.1735736844071523 -0.8114662228038378 -0.257533292543511 -0.3493144013932509 -0.680434671905817 -1.2302359766873774 -1.6962243074711045 -2.0311810873568112 -2.2126774923169075 -2.307409762222909 -2.328067889616741 -2.4381461970153038 -2.347545552588069 -2.034132248413073 -1.7723642627226575 -1.6189038877970474 -1.519449760201027 -1.6755661800772725 -2.0866629152145317 -2.2498621216258052 -2.223596788225076 -2.059512233496924 -2.0214422558711473 -1.998718315737932 -2.034132248413073 -2.1501128779241587 -2.1512933423466634 -2.257535140372086 -2.3416432304755452 -2.6287912012498116 -2.570063096230203 -2.5809823921383717 -2.6647953661362047 -2.8454064227794227 -3.712752657214745 -4.455855011181449 -3.969503669109516 -3.1561636820037826 -2.5281566092312864 -1.4353416700975679 -0.018489246986310826 0.3176479973219003
-1.2526648007149666 -1.4586558424420355 -1.1042213995850014 -0.4803459522912717 -0.22920214640339842 -0.5603224169159646 -0.9422026575962326 -1.3922547186761465 -1.563422059939327 -1.6962243074711045 -1.6979950041048617 -1.7174726670761893 -1.8405360831223034 -1.9491388099927351 -1.6345450413952345 -1.3532993927334915 -1.1980683211741245 -1.1083530250637679 -1.371006359071062 -1.9187418511132392 -2.209726331260646 -2.2224163238025714 -2.2477963088864223 -2.209726331260646 -2.1805098368036546 -2.2215309754856927 -2.389452039586985 -2.4000762193895273 -2.481233148436725 -2.787858782182319 -3.1363909029268293 -3.2399766560016157 -3.250895951909784 -3.194233659629559 -3.3739593679558983 -3.7292791591298107 -4.5057296330322725 -4.2079574824554635 -3.013622602986341 -2.552651245998259 -1.8036465699190316 -0.38649903070214864 0.4339237429386126
-1.169737175034012 -1.6873708243023195 -1.36421868864166 -0.8102857583813332 -0.5213670909733097 -0.6199358702524516 -0.9655168299407002 -1.098319077472478 -1.1346183584644973 -1.1688518267171335 -1.0584784032129446 -1.0466737589878978 -1.2175459841454521 -1.436227018414446 -1.519449760201027 -1.2547306134543499 -1.028081444333449 -0.9607949722506814 -1.1346183584644973 -1.7331138206743764 -2.0300006229343066 -2.1031894171295975 -2.1796244884867764 -2.278193267765918 -2.2156286533731695 -2.291768608624722 -2.513400803949978 -2.5759654183427267 -2.781071111752917 -3.1570490303206613 -3.4607235030099934 -3.544831593113453 -3.5584069339722566 -3.497908132318891 -3.2975242965987195 -3.4040612107297683 -4.582754936600703 -4.941321004936504 -3.5749334358873224 -2.682502332473775 -1.8768353641143225 -0.5612077652328431 0.30967986246999357
-1.0564125904735615 -1.7927272740108633 -1.6053285469382432 -1.1083530250637679 -0.8495362004296142 -0.8905573391116522 -1.0263107476996918 -1.0661514219592252 -1.0682172346986083 -1.1160260438100484 -1.0390007402416173 -0.9725996164757283 -1.1549813697527034 -1.3757282167610807 -1.558405086143682 -1.633659693078356 -1.4899381496384096 -1.0956630325218426 -0.9950284405033175 -1.4031740145843148 -1.59942622482572 -1.6637615358522257 -1.8172219107778358 -1.9978329674210538 -2.1961509904018417 -2.317148593708573 -2.410995515297696 -2.53405893134381 -2.904134527799031 -3.170624371179465 -3.4577723419537314 -3.678519188962109 -3.740198455037979 -3.6932749942434175 -3.3795665739627956 -3.112191382265483 -4.3932903967887 -4.92154822585955 -3.6454661851319776 -2.410995515297696 -1.5761120524812524 -0.5417301022615157 -0.16191567432063092
-1.2098729653991716 -2.116174525777149 -1.8544065400867336 -1.3220170855371172 -1.0632002609029634 -1.0699879313323655 -1.2010194822303863 -1.3689405463316788 -1.486986988582148 -1.6383815507683748 -1.713636157703049 -1.5495516029748968 -1.323197549959622 -1.2830617595944624 -1.4179298198656234 -1.7351796334137597 -1.94028532682395 -1.418815168182502 -1.0136207551577665 -0.9286273167374286 -0.8876061780553905 -0.8495362004296142 -0.9811579835388874 -1.3630382242191552 -1.816336562460957 -2.0506587503281386 -2.051544098645017 -2.0975822111227003 -2.1852316944936736 -2.322165567504218 -2.4549678150359955 -2.7975976136679828 -3.3875347088147025 -3.676453376222726 -3.1747559966582317 -2.524320099858146 -2.538780789033829 -2.7430011341271405 -2.2165140016900478 -1.4306198124075489 -0.8935085001679139 -0.62082121856933 -0.7040439603559109
-1.5525027640311584 -2.4989401147742956 -2.460870137148519 -1.8836230345437244 -1.3981570407886699 -1.263584096623135 -1.4421293405269697 -1.6433985245640197 -1.7216042925549555 -1.9635994991684176 -2.090499424587672 -1.9901599486747732 -1.5690292659462242 -1.028081444333449 -0.5231377876070668 -0.7438846346154442 -1.5846704195444112 -1.533025101059831 -1.1912806507447224 -0.827107376402025 -0.5358277801489922 -0.33101720284442815 -0.30740791439433424 -0.6178700575130683 -1.1883294896884609 -1.6569738654228237 -1.7655765922932554 -1.5097109287153634 -1.1520302086964416 -1.0994995418949827 -0.9655168299407002 -0.9870603056514108 -1.4022886662674363 -1.996947619104175 -2.214743305056291 -1.6891415209360765 -0.8855403653160073 -1.6560885171059452 -1.9606483381121556 -1.3884182093030062 -0.7323751064960234 -0.36790671604769976 -0.6296747017381152
-1.9140199934232203 -2.6453177031648774 -2.7577569394084493 -2.2684544362802543 -1.7986295961233867 -1.6823538505066744 -1.8768353641143225 -2.0320664356736895 -1.981306465505988 -2.100533372178962 -2.104369881552102 -2.0837117541582697 -1.7567231091244702 -1.1248795269788336 -0.3543313751888958 -0.032949936161993265 -0.8855403653160073 -1.384581699929866 -1.174754148829657 -0.9938479760808128 -0.6757128142157982 -0.43342249149671014 -0.24602376442409024 -0.37174322542084 -0.6101970387667879 -1.0065379686227383 -1.069102583015487 -0.735031151446659 -0.5328766190927305 -0.3416413826469703 -0.1657521836937712 0.14264414668557956 0.021646543378848748 -0.424569008327925 -0.9303980133711856 -0.9705338037363451 -0.2752402588810814 -1.1608836918652268 -1.736064981730638 -1.4772481570964842 -1.1883294896884609 -0.7683792713824166 -0.8368462078876887
