static/data/ASCData/20210115/ASCU/06.asc
ncols 97
nrows 97
xllcorner 99.0
yllcorner 2.0
cellsize 0.25
NODATA_value -32767
[rows 57 to 75 of 97, columns 43 to 85 of 97]
-1.5024875069651216 -3.15389476552188 -4.393081481327275 -4.901886622916246 -4.764269351369849 -4.548374365732842 -4.434114154036063 -4.381402951402467 -4.297443790321408 -4.0474601227417155 -3.9177337497931632 -3.742871436864944 -3.8306182292729667 -3.8170458836846755 -3.9849642058467922 -4.12857856032755 -4.281030721237893 -4.434114154036063 -4.498503886594468 -4.592563397880768 -4.548374365732842 -4.483984633174436 -4.310069228077958 -4.1440447215793235 -4.052510297844335 -4.016212164294253 -4.033887777153423 -3.9868580215102747 -4.056297929171301 -4.023156155060356 -3.9028988604292167 -4.149094896681944 -4.731127577258905 -5.203634585297793 -5.539786865565941 -5.503488732015859 -5.327679511255899 -4.975114161904236 -4.343526638132816 -3.5894723681228595 -2.50052836162041 -1.7701467874039845 -1.3131059406168697
-2.2631701317972674 -3.611882520140736 -4.659793853934397 -4.959648000652463 -4.708717425241028 -4.476093734576592 -4.282924536901375 -4.227056974828641 -4.068923366927851 -3.810101892918573 -3.6548090085130065 -3.4919408614535095 -3.5777938381980503 -3.6472337458590762 -3.8258836901142605 -4.024103062892097 -4.174345772195044 -4.2261100669969 -4.273139822640049 -4.317960126675802 -4.270299099144825 -4.237788596921709 -4.138363274588876 -4.036728500648647 -3.9900143809494124 -3.949928616072366 -3.8119957085820553 -3.731192906940135 -3.6948947733900535 -3.591366183786342 -3.550333511077554 -3.976126399417207 -4.6509560475048115 -5.348195847610293 -5.686241943541923 -5.761363298193396 -5.566931556742524 -5.059073322985295 -4.347314269459781 -3.366002119831922 -2.4194099240345754 -1.8619968470828867 -2.7340989601165875
-3.0377407381616184 -4.230213334267778 -4.851069235946131 -4.858960134543975 -4.579622324180304 -4.290499799555305 -4.096383694048347 -3.9224682889518694 -3.7614939575558552 -3.538654981152745 -3.382415188915437 -3.2769927836482435 -3.348326506972752 -3.464480534333013 -3.6989980406609315 -3.895007961831373 -3.9900143809494124 -4.040516131975613 -4.023156155060356 -4.037675408480389 -3.9448784409697457 -3.950875523904107 -3.9070021277000957 -3.9489817082406247 -3.8981643212705106 -3.811048800750314 -3.6772191605308824 -3.4117693316994164 -3.3129752812544115 -3.106233737990903 -3.2028183368285115 -3.71730492540793 -4.730180669427163 -5.429314285196128 -5.763257113856879 -5.833643929349646 -5.309056990564987 -4.720395955165837 -3.8347214965438456 -2.780813079815823 -2.234131624957202 -2.5895376978040887 -3.465427442164754
-4.003586726537703 -4.628545895486935 -4.886420461664471 -4.706507973633633 -4.318907034507543 -4.029784509882545 -3.8208335150116404 -3.6472337458590762 -3.4909939536217682 -3.2896182214047935 -3.1352722448309684 -3.0768795952069237 -3.1567354890171035 -3.339488700543167 -3.568956031768465 -3.718251833239671 -3.8132582523577105 -3.840402943534293 -3.8208335150116404 -3.8091549850868316 -3.696788589053536 -3.7583375981167175 -3.7624408653875965 -3.7927419160033167 -3.6519682850177824 -3.5651684004415003 -3.4742652485943393 -3.180408184810635 -2.9389466877166135 -2.6460365317646506 -2.845202812374229 -3.53486734982578 -4.586566314946406 -5.359874377535101 -5.6938172061958525 -5.442886630784419 -4.82487145260129 -4.079654989020918 -2.9878702590232455 -2.265379583404664 -2.8218457525246112 -3.2719426085456234 -4.119740753897965
-4.5581590799941685 -4.86779794097356 -4.775000973462917 -4.409810186354704 -4.007374357864668 -3.731192906940135 -3.5231888199009713 -3.394093718840246 -3.242904101705558 -3.0787734108704066 -2.9174834435304784 -2.928215065623546 -3.0424752773203245 -3.217337590248544 -3.4108224238676748 -3.5629589488341042 -3.6500744693543 -3.6753253448674 -3.64502429425168 -3.642183570756456 -3.585684736795894 -3.6989980406609315 -3.6352395799903534 -3.5522273267410367 -3.4294449445585866 -3.352114138299717 -3.261210986452556 -2.98408262769628 -2.7104262643230563 -2.3786928872697013 -2.5756497162718834 -3.2691018850503997 -4.263355108378723 -5.020250101883903 -5.096318364367118 -4.7819449642290195 -4.366883697982433 -3.6958416812217947 -2.417516108371093 -2.3805867029331838 -3.3375948848796844 -3.9556100630628133 -4.6803101902887905
-4.96532944764291 -4.793623494153828 -4.575834692853339 -4.107115316141415 -3.7125703862492236 -3.4468049214738428 -3.2807804149752084 -3.175358009708015 -3.0737232357677864 -2.911801996540031 -2.792491609740632 -2.7984886926749932 -2.924427434296581 -3.0601508901794947 -3.2653142537234348 -3.443017290146878 -3.5200324604618336 -3.511510289976162 -3.4692150734917195 -3.5367611654892626 -3.5064601148735424 -3.6052541653185473 -3.4831030550239244 -3.413663147362899 -3.308240742095705 -3.2037652446602527 -3.0708825122725627 -2.8609846095699165 -2.656768153857718 -2.373642712167081 -2.3988935876801816 -2.86382533306514 -3.8347214965438456 -4.275980546135273 -4.289552891723564 -3.963500961660657 -3.6686969900452113 -3.357164313402337 -2.2555948691433376 -2.6059507668876036 -3.835668404375587 -4.480197001847471 -4.831815443367392
-5.040766438238297 -4.778788604789882 -4.354258260225883 -3.8599723720569457 -3.5036193913783182 -3.2397477422664207 -3.080667226533889 -3.0121742267046043 -2.9402092314922688 -2.804170139665441 -2.7009571860056436 -2.6618183289603383 -2.8092203147680608 -2.8609846095699165 -3.024168392573327 -3.2321724796124904 -3.3767337419249897 -3.400090801774607 -3.3852559124106607 -3.5064601148735424 -3.561065133170622 -3.6062010731502885 -3.493834677116992 -3.300349843497861 -3.1384286042701057 -2.9645131991736275 -2.8344711902811612 -2.819005029029387 -2.7202109785843827 -2.4626520483507597 -2.308306071776934 -2.6422489004376852 -3.1090744614861268 -3.3278101706183576 -3.2116561432580966 -2.7252611536870024 -2.0993550769060296 -2.087676546981221 -2.604056951224121 -3.8814356162430816 -4.649062231841329 -4.6676847525322405 -4.766163167033332
-4.941972387793292 -4.61970808905735 -4.161720334438494 -3.7046794876513798 -3.3120283734226703 -3.077826503038665 -2.9635662913418863 -2.9430499549874924 -2.886235485083017 -2.738833499275294 -2.655821246025977 -2.6128947576537063 -2.6012162277288975 -2.649192891203788 -2.9351590563896486 -3.1655732954466886 -3.2896182214047935 -3.339488700543167 -3.3843090045789195 -3.509300838368766 -3.6276643173364236 -3.591366183786342 -3.5200324604618336 -3.2321724796124904 -2.932318332894425 -2.682334665314732 -2.623626379746774 -2.8092203147680608 -2.842362088879005 -2.5718620849449185 -2.343341661551361 -2.4099408457171627 -2.4604425967433636 -2.59048460563583 -2.25748868480682 -1.5854997602144387 -1.639157870679777 -3.1157028163083154 -4.34226409435716 -4.683150913784014 -4.73491520858587 -4.553424540835461 -4.4947162552675035
-4.8071958397421195 -4.539536559303257 -4.090386611113986 -3.6030447137111508 -3.266261161555176 -3.1090744614861268 -3.06393852150646 -3.044684728927721 -2.9654601070053688 -2.7868101627501844 -2.6296234626811352 -2.537773403002233 -2.4626520483507597 -2.6179449327563264 -2.9635662913418863 -3.1529478576901386 -3.234066295275973 -3.3716835668223695 -3.53486734982578 -3.5983101745524446 -3.64502429425168 -3.5806345616932744 -3.5036193913783182 -3.162732571951465 -2.6880161123051796 -2.4314040899032983 -2.543454849992681 -2.8073264991045783 -2.9196928951378744 -2.724314245855261 -2.388161965587114 -2.1255528602508713 -1.9636316210231153 -1.5776088616165949 -1.1275120055955825 -1.046393568009748 -1.8686252019050758 -3.877647984916116 -4.651902955336553 -4.5837255914511825 -4.478303186183989 -4.347314269459781 -4.053457205676076
-4.740912291520232 -4.426538891382133 -4.004533634369444 -3.5954694510572205 -3.2732051523212786 -3.122646807074418 -3.0816141343656303 -3.0670948809455973 -2.9888171668549868 -2.828789743290714 -2.656768153857718 -2.512206891545219 -2.4683334953412075 -2.627414011073739 -2.96640701483711 -3.148213318531432 -3.146003866924036 -3.2653142537234348 -3.582528377356757 -3.7106765705857403 -3.701838764156155 -3.561065133170622 -3.400090801774607 -3.0027051483871916 -2.526094873077424 -2.356914007139652 -2.528935596572648 -2.994814249789348 -3.1198060835791943 -2.83857445755204 -2.3423947537196197 -2.0131864642175747 -1.0580720979345568 -0.4116496847991899 -0.465307795264528 -1.001573263973995 -2.8736100473264665 -3.992855104444636 -4.1402570902523586 -4.148147988850202 -3.962554053828916 -3.6519682850177824 -3.391252995345022
-4.60203247619818 -4.301547057592287 -3.9136304825222843 -3.5241357277327126 -3.187983447464565 -3.011227318872863 -2.9402092314922688 -2.928215065623546 -2.92348052646484 -2.789650886245408 -2.6403550847742028 -2.5406141264974567 -2.57785916787928 -2.6716030432216646 -2.9389466877166135 -2.958516116239266 -2.958516116239266 -3.1851427239693413 -3.5241357277327126 -3.7321398147718763 -3.7106765705857403 -3.5162448291348687 -3.257423355125591 -2.8979140150078257 -2.4948469146299628 -2.3256660486921907 -2.6608714211285966 -3.1491602263631733 -3.249532456527747 -2.875503862989949 -2.3237722330287083 -1.656833483538947 -0.6275446704361973 0.5794471790899958 0.5002225571676436 -1.6423142301189144 -3.5572775018436564 -3.6226141422338034 -3.5670622161049828 -3.3981969861111248 -2.893179475849119 -2.6665528681190445 -3.010280411041122
-4.417701084952548 -4.101118233207053 -3.755496874621494 -3.3413825162066493 -3.007439687545898 -2.7350458679483287 -2.6637121446238208 -2.715476439425676 -2.7135826237621936 -2.6548743381942357 -2.5368264951704917 -2.5885907899723475 -2.772922181217979 -2.788703978413667 -2.7397804071070353 -2.759349835629688 -2.841415181047264 -3.0708825122725627 -3.4089286082041923 -3.633345764326871 -3.6440773864199385 -3.3678959354954046 -3.089505032963474 -2.8619315174016577 -2.4664396796777246 -2.413728477044128 -2.746724397873138 -3.1374816964383645 -3.240694650098162 -2.6618183289603383 -1.797607114524481 -0.9624344069286896 -0.41575295207006874 0.7552563998499564 0.6447838194801427 -1.438097774406716 -2.9547284849123012 -3.0857174016365088 -3.0004956967797956 -2.5661806379544707 -1.9421683768369802 -1.8051823771784112 -2.178264062884468
-4.167717417372855 -3.8552378328982395 -3.555383686180174 -3.1216998992426768 -2.7839694392549608 -2.4888498316956014 -2.3452354772148434 -2.396999772016699 -2.4011030392875776 -2.3452354772148434 -2.4029968549510605 -2.5806998913745036 -2.887182392914758 -2.8227926603563525 -2.72336733802352 -2.6804408496512497 -2.7621905591249116 -3.007439687545898 -3.323706903347479 -3.502672483546577 -3.477105972089563 -3.130537705672262 -2.8530937109720726 -2.664659052455562 -2.591431513467571 -2.538720310833974 -2.595219144794536 -2.9196928951378744 -2.8483591718133665 -2.042540607001554 -0.8835254209502512 0.02771554912875479 0.230985097009212 -0.28002949618715484 -0.3901864406130547 -0.567889477036498 -1.8727284691759543 -2.503684721059548 -2.4235131913054544 -1.9487967316591688 -1.2263060560405874 -1.1256181899321 -2.1148212381578033
-3.861866187720429 -3.5973632667207034 -3.352114138299717 -2.928215065623546 -2.562077370683592 -2.2095120213319297 -2.0640038511876893 -1.9440621925004626 -1.9235458561460688 -1.9743632431161828 -2.13723139017568 -2.4654927718459834 -2.9146427200352547 -2.8306835589541963 -2.7009571860056436 -2.6791783058755945 -2.854987526635555 -3.098342839393059 -3.3012967513296023 -3.4420703823151366 -3.2066059681554764 -2.842362088879005 -2.6226794719150326 -2.526094873077424 -2.490743647359084 -2.490743647359084 -2.5406141264974567 -2.388161965587114 -2.1842611458188292 -1.1060487614094474 0.03750026339008117 0.7385276948225274 0.2631799632884148 -0.3355814223159754 -0.2936018417754462 -0.25951315983276085 -1.2184151574427435 -1.951637455154393 -1.9166018653799661 -1.5719274146261475 -0.8443865639049457 -0.8630090845958573 -1.8648375705781104
-3.615985787411615 -3.3884122718497984 -3.0768795952069237 -2.698747734398247 -2.3591234587470487 -2.0084519250588686 -1.7038632391820963 -1.5015405991333803 -1.2995335950285782 -1.379389488838758 -1.777090778170087 -2.27011412256337 -2.7956479691797695 -2.7947010613480283 -2.6968539187347647 -2.832577374617679 -3.0475254524229447 -3.2163906824168027 -3.3600050368975607 -3.2681549772186584 -2.924427434296581 -2.6665528681190445 -2.5485050250953005 -2.404890670614543 -2.3004151731790903 -2.284633375983403 -2.1852080536505705 -1.9595283537522368 -1.3374099082982287 -0.18628562084477002 0.6810819530302243 1.0238625881205605 0.7776665518678328 0.42699501817965285 0.3644991012847297 0.12619396362984583 -0.725076177105547 -1.2468223923949815 -1.4548264794341448 -1.3307815534760399 -0.8911006836041813 -0.8942570430433188 -1.2329344108627762
-3.4067191565967962 -3.148213318531432 -2.8404682732155226 -2.51315379937696 -2.1930989522484143 -1.8765161005029196 -1.4399915900701985 -0.9535966004991046 -0.5827243664004442 -0.4605732561058217 -0.9147733793977129 -1.9977203029658008 -2.6059507668876036 -2.724314245855261 -2.8366806418885577 -3.0415283694885833 -3.240694650098162 -3.3334916176088054 -3.2732051523212786 -3.1081275536543855 -2.7691345498910143 -2.478118209602534 -2.339554030224396 -2.2155091042662907 -2.1236590445873884 -1.960475261583978 -1.6754560042298585 -1.2193620652744848 -0.441003827583169 0.5551432114086368 1.272899347868512 1.527617554606911 1.4973165039911907 1.2094565231418475 0.8508940908558236 0.41247576475962017 -0.17429145497604742 -0.6089221497452859 -1.0113579782353213 -1.166650862640888 -0.9214017342199017 -0.865849808091081 -0.8863661444454751
-3.2817273228069497 -2.837627549720299 -2.3922652328579925 -2.1549070030348503 -1.9762570587796657 -1.6978661562477348 -1.1811701160609207 -0.5366415185890363 0.09904927245326306 0.6283707503966275 0.19089933213216528 -1.5368918248517207 -2.569021361449695 -2.8912856601856367 -3.065201065282115 -3.2204939496876817 -3.302243659161344 -3.2760458758165023 -3.114755908476574 -2.9127489043717723 -2.6870692044734383 -2.2944180902447293 -1.878409916166402 -1.5807652210557326 -1.4851275300498652 -1.3531917054939162 -1.0580720979345568 -0.5533702236164653 0.3196787972489767 1.2384950299819129 1.9066963232473289 2.1058626038569073 2.0149594520097462 1.718261664730818 1.3079349376429386 0.905499109152903 0.5990166076126484 0.21330948415004178 -0.4302722054901014 -0.9829507432830835 -0.8765814301841486 -0.6247039469409734 -0.4750925095258544
-3.0670948809455973 -2.478118209602534 -2.0504315055993976 -1.9683661601818219 -1.7935038472536025 -1.429259967977131 -0.8746876145206661 -0.26235388332798454 0.539361414212949 1.2915218685594234 1.3559116011178292 -0.4050213299770011 -2.286842827590799 -3.176304917539756 -3.258370262957332 -3.282989866582605 -3.2719426085456234 -3.0210120331341894 -2.7868101627501844 -2.5229385136382865 -2.3922652328579925 -1.8238048978693226 -1.0934233236528972 -0.8169262367844492 -0.745592513459941 -0.6149192326796471 -0.24972844557143442 0.3411420414351119 1.1750522052552483 1.9878147608331636 2.5209238701034926 2.7453410262261713 2.6029892155210685 2.2150726404510657 1.7365685494778158 1.2337604908232065 0.9007645699941966 0.7230615335707535 0.09715545678978055 -0.46751724687192425 -0.49466193804850705 -0.19291397566695884 0.03939407905356368
-2.7495651213683616 -2.1596415421935564 -1.9020826119599337 -1.8541059484850428 -1.5630896081965624 -1.104154945745965 -0.5622080300460504 -0.009529492253068095 0.7817698191387117 1.853985120613732 2.2475831426741824 0.9114961920872644 -1.9683661601818219 -3.249532456527747 -3.344223239701873 -3.3063469264322225 -3.092345756458698 -2.8073264991045783 -2.356914007139652 -1.9576345380887539 -1.5896030274853177 -0.9624344069286896 -0.37661409502476334 -0.13231187443551817 -0.07865376397018009 -0.04267126636401225 0.30295009222154773 1.21135033880533 1.964142065039632 2.830562731082885 3.2415207300585918 3.2913912091969646 2.983646163881055 2.5471216534483343 1.9799238622353197 1.491635057000743 1.1232879104533928 1.0285971272792669 0.5532493957451542 0.18016771003909768 0.1359786778911722 0.38028089848041735 0.5677686491651869
