static/data/ASCData/20210115/ASCU/09.asc
ncols 97
nrows 97
xllcorner 99.0
yllcorner 2.0
cellsize 0.25
NODATA_value -32767
[rows 0 to 18 of 97, columns 0 to 42 of 97]
1.0750330894034452 1.020175425254276 1.2389718892018293 1.3112698512018903 1.0496653834385117 0.6580514226048475 0.9840264442542457 1.40988680814057 1.4802821921932612 0.19984723361323267 -1.4027575907214536 -1.6447020863620088 0.6295127533942972 1.3112698512018903 1.2976347092457385 1.331881112298399 1.1812603581316052 0.622853730578502 0.41769240858710077 0.5768747635170597 1.032859278236743 0.5036255125433137 -1.1097605868264695 -2.951456039880656 -3.2111579296966646 -2.4387112830644333 -1.5353038543882322 -1.0707577389053837 -1.2445265247651796 -1.8146657163270645 -1.8793533665376454 -1.61457793552865 -1.604747949467238 -1.7220735895550565 -1.9151852512131142 -2.0550247303448113 -1.7287326123708515 -1.8888662562744956 -1.85176598630078 -1.705267484353288 -1.631066944405857 -1.524839675677697 -0.5101314370803491
0.6510753034644907 0.9168020234471712 1.3169775850440004 1.6109258779126696 1.5075524761055648 1.351223988096661 1.6413671250705901 1.8062572138426591 2.2467040086588206 1.6090232999652996 0.5369206266222892 0.028932314674491883 1.2281906141667325 1.1638200602807132 1.3845191021756365 1.9302418767462726 2.050421383755146 1.5329201820704985 1.339491424087879 1.4910634672283578 1.6724425648776338 0.8863607762892509 -0.8510099859841458 -2.483738961152191 -2.7580272818980363 -2.595991060047022 -1.9047210725025792 -1.2464291027125496 -1.2150365665809442 -1.8831585224323855 -2.2072309661344134 -1.3995866274758368 -1.0920031926510159 -1.3285570507740225 -1.8803046555113305 -2.215158374248455 -1.762027726449827 -1.703364906405918 -1.931991356414883 -1.9916054654324769 -1.847009541432355 -1.4075140355898788 -0.4153196360364095
0.6900781513855763 1.2957321312983685 1.8094281770882759 2.105279047904315 2.2996590948606195 2.4058863635887793 2.499746875659034 2.426497624685288 2.741057178650466 2.6744669504925147 1.8658713228602533 1.2389718892018293 1.5991933139038879 1.5240414849827717 1.7624979210531484 2.243850141737765 2.4471088857817964 2.099254217737643 1.877603886869035 2.032029796930569 1.9292905877725874 0.6050963364030484 -1.168106310545817 -2.152690398309806 -2.096881445186952 -2.0245834831868907 -2.1780581042747396 -1.6497756275549955 -1.4680794335811578 -1.9513342322131448 -2.5148144009592346 -1.3459973486249144 -1.0501464778088752 -1.2629181115897565 -1.7686867492656222 -1.9836780573184352 -1.3957814715810968 -1.0491951888351903 -1.4376381864232375 -1.6573859393444756 -1.6244079215900618 -1.077416761721179 -0.45146861703644003
1.0652031033420335 1.6686374089828937 2.0846677868078065 2.20484729381668 2.3824212355712158 2.7026885233785034 2.689053381422352 2.5476284206678463 2.689053381422352 2.6668566387030346 2.4195215055449313 1.892190317798872 1.8338445940795245 1.976220843807715 2.176625720930691 2.3199532596325665 2.4461575968081117 2.3757622127554208 2.3551509516589118 2.3941537995799975 1.1587465190877264 -0.1340551961502071 -1.4943984285197767 -2.2649424972046375 -1.9104288063446893 -1.4779094196425697 -1.7249274564761115 -1.7277813233971666 -1.5949179634058264 -1.7667841713182522 -2.4231735631609115 -1.7395138874059484 -1.5521099595900008 -1.6583372283181605 -1.621236958344445 -1.7150974704146997 -1.4357356084758675 -0.9309182597736869 -1.1760337186598586 -1.380243751677575 -1.3295083397477074 -0.7181466259928055 -0.5266204459575561
1.6080720109916147 2.006662090965635 2.275242677869371 2.3748109237817356 2.10432775893063 2.2771452558167407 2.197871174676323 2.1490383406938256 2.2390936968693405 2.2593878616412875 2.017443366000732 2.0456649388867207 2.0659591036586678 2.2137259909044067 2.3611757818255836 2.499746875659034 2.4363276107467 2.365932226694009 2.7096646425188604 2.351345795764172 0.8210389334295465 -0.9857759239228561 -2.321702739301177 -2.102906275353624 -1.5578176934321109 -1.3450460596512295 -1.4484194614583343 -1.4144901547302355 -0.8497416006858991 -1.0403164917474634 -2.1878880903361515 -2.1964496910993168 -1.9427726314499796 -1.6605569025900924 -1.6202856693707601 -1.7892980103621308 -1.6681672143795725 -1.1722285627651186 -1.304140633782774 -1.5013745476601335 -1.2327939607563978 -0.6271399808436058 -0.6106509719663991
1.8541387588514715 1.889336450877817 2.20865244971142 2.4039837856414095 2.131598042842934 1.7193728209127612 1.5427501681319102 1.6978102708425675 1.740935370982955 1.7615466320794635 1.6803699729916757 1.8268684749391677 2.182333454772801 2.199773752623693 2.344369676623815 2.4039837856414095 2.340564520729075 2.218482435772832 2.6062912407117556 2.048518805807776 0.21538495351675455 -1.5958692523795113 -2.232598672099347 -1.931991356414883 -1.5578176934321109 -1.7648815933708821 -1.8108605604323245 -1.0111436298877896 -0.44576088319432994 -0.6848515119138301 -2.0306083133535626 -2.257966378064281 -1.8371795553709431 -1.5549638265110557 -1.6389943525198987 -1.8793533665376454 -1.9747993602307086 -1.4465168835109643 -1.5930153854584563 -1.7103410255462748 -1.439857860695169 -0.7853710467998798 -0.6280912698172909
1.7653517879742036 1.6686374089828937 2.046616227860406 2.266363980781644 2.275242677869371 1.7555218019127916 1.108011107157859 1.5357740489915535 1.5475066130003354 1.3150750070966304 1.2009203302544287 1.4568170641756975 2.0700813558779694 2.0748378007463946 2.3316858236413482 2.3893973547115723 2.114791937641165 1.9556095827112063 2.092595194921848 1.6746622391495656 0.06222742875346736 -0.5304256018522961 -1.133225714844033 -2.215158374248455 -2.380999751994209 -2.5424017811960997 -2.4104897101784446 -1.5736725096601945 -0.993386235712336 -1.1703259848177485 -1.9846293462921203 -2.1625203843712177 -1.6605569025900924 -1.0901006147036458 -1.1623985767037068 -1.905672361476264 -2.1869368013624664 -1.6427995084146387 -1.765832882344567 -1.8752311143183438 -1.7131948924673297 -1.062830330791342 -0.5139365929750892
1.815135910930386 1.8094281770882759 2.076740378693765 2.2321175777289834 2.3190019706588814 1.9686105320182348 0.9031668814910194 1.3042937320615335 1.7000299451144993 1.3981542441317882 0.9402671514647349 1.030956700289373 1.8433574838163747 2.0776916676674495 2.3884460657378876 2.369737382588749 2.051372672728831 1.819892355798811 1.8338445940795245 1.7555218019127916 1.6949564039215126 1.1121333593771607 -0.010070533246593676 -1.7667841713182522 -3.159471228793112 -3.1918150538984027 -2.868376802845498 -2.5880636519329805 -2.1954984021256316 -2.0011183551693272 -2.0588298862395513 -1.9973131992745872 -1.239452983572193 -0.6350673889576477 -0.7825171798788249 -1.6351891966251586 -1.9446752093973496 -1.6732407555725592 -1.7220735895550565 -1.765832882344567 -1.6037966604935532 -1.1975962687300523 -0.2941888400538511
2.0827652088604363 2.099254217737643 1.966390857746303 2.0152236917288002 2.0776916676674495 1.8550900478251564 0.8299176305172733 1.2380206002281442 1.7193728209127612 1.5592391770091172 1.1501849183245614 1.0835946901666105 1.6822725509390457 2.017443366000732 2.5289197375187076 2.4626466056853187 2.099254217737643 1.9410231517813694 2.415716349650191 2.57299612663278 2.5552387324573265 2.3199532596325665 1.4108380971142551 -0.28245627604506923 -2.4621764110819973 -2.9172096368279954 -3.0199488459859767 -2.9885563098543715 -2.999337584889468 -2.8363500740647694 -2.3588030092748924 -2.0363160471956725 -1.148763434747555 -0.6585325169752112 -0.9153805398701651 -1.4779094196425697 -1.241355561519563 -1.2581616667213316 -1.7005110394848628 -1.7005110394848628 -1.3938788936337267 -1.0422190696948335 -0.1419826042642489
1.7770843519829853 2.1138406486674803 2.30536682870273 2.432205358527398 2.2486065866061904 1.571923029991584 0.6999081374469882 1.4742573620265893 1.8297223418602229 1.6705399869302637 1.4704522061318492 1.5456040350529654 1.263388306193078 1.7682056548952585 2.6129502635275506 2.746764912492576 2.4195215055449313 2.3288319567202933 2.8355518833698437 2.7575461875276726 2.4556704865449617 2.1550631708604975 1.5592391770091172 0.4528901006134463 -0.7806146019314548 -1.761076437476142 -2.4406138610118036 -2.6330913300207377 -2.6039184681610643 -2.609626202003174 -2.560793368020677 -2.456468677239887 -1.4953497174934616 -0.9895810798175959 -1.2365991166511379 -1.699559750511178 -1.1994988466774223 -1.307945789677514 -1.7699551345638689 -1.762979015423512 -1.4240030444670855 -1.0726603168527538 -0.454322483957495
1.6033155661231895 2.3912999326589426 2.664636964431103 2.676369528439885 2.3006103838343046 1.3854703911493214 0.5232854846661372 1.5408475901845402 2.1775770099043763 2.0057108019919503 1.6724425648776338 1.7047863899829243 1.496771201070468 1.8103794660619608 2.109084203799055 1.966390857746303 1.7818407968514105 2.01141853583406 2.4391814776677547 2.5260658705976526 2.4645491836326885 1.799598191026864 0.33080801565720286 -1.2064749658177791 -0.8703528617824077 -0.37251163222058387 -0.8392774219753638 -1.0285839277386815 -1.2483316806599196 -1.999215777221957 -2.4808850942311356 -2.395903279248608 -1.7239761675024265 -1.3761214994582731 -1.61077277963391 -1.8967936643885372 -1.2131339886335741 -0.9651646628263473 -1.369462476642478 -1.5159609785899701 -1.3478999265722844 -1.224866552642356 -1.0685380646334521
1.2662421731141331 2.3151968147641413 2.66971050562409 2.642440221711786 2.076740378693765 1.087716942385912 -0.17115546612392266 1.0778869563245004 2.1667957348692792 2.042811071965666 1.4634760869914925 1.2174093391316356 1.8569926257725264 2.010467246860375 1.4029106890002132 1.3141237181229453 1.3658104190264977 1.417814216254612 1.013516402438481 1.4723547840792193 1.9070938450532706 1.6071207220179295 0.12754927161317164 -1.6818023563357243 -1.4144901547302355 -0.33319168797493665 0.09457125385875782 -0.0725385091852429 -0.5881371329225202 -1.4319304525811274 -1.8803046555113305 -1.526742253625067 -1.005118799721118 -1.0999306007650576 -1.4826658645109947 -1.831471821528833 -1.3206296426599808 -0.988629790843911 -1.135128292791403 -1.2562590887739615 -1.2033040025721624 -1.146860856800185 -1.1741311407124886
0.6628078674732727 1.7945246498338772 2.279047833764111 2.5270171595713378 2.021248521895472 0.639342739455709 -0.7336843458963274 0.5974860246135685 2.0865703647551763 1.9166067347901208 0.6942004036048781 0.2730964845869787 1.0563244062543067 1.2859021452369566 1.191090344193017 1.4526948119563956 1.4840873480880012 0.6529778814118607 -0.03448695023784236 0.01244330579728498 1.044591842245525 0.9148994454998012 0.1617956746658321 -1.378341173730205 -1.3009696705371572 -0.02275438622906053 0.32383189651684613 -0.07856333935191466 -0.6819976449927749 -1.2483316806599196 -1.6399456414935836 -1.4408091496688542 -0.7590520518612611 -0.7482707768261643 -0.9134779619227951 -1.2346965387037678 -1.1360795817650882 -1.0872467477825907 -1.1652524436247618 -1.1896688606160106 -1.14781214577387 -1.0314377946597366 -0.9553346767649356
0.6041450474293635 1.3718352491931696 1.8601635890181432 2.5964612546503436 2.279999122737796 0.6726378535346844 -0.9093557097034932 -0.2364773089836269 1.3122211401755755 1.4821847701406312 0.7544487052715956 0.0064184756306132264 0.1608443856921471 0.037811011762218676 1.0388841084034148 1.3572488182633327 0.8679691894646739 0.5787773414644297 -0.017997941360635455 -0.7942497438876066 -0.7726871938174129 0.20270110053428772 0.01244330579728498 -0.993386235712336 -0.7317817679489573 0.47128168743802323 0.6069989143504184 -0.08902751806244981 -0.697535364896297 -1.2159878555546293 -1.61077277963391 -1.7131948924673297 -1.205523676844094 -0.3978793381855176 -0.3928057969925308 -0.8303987248876372 -0.9651646628263473 -1.059976463870287 -1.0726603168527538 -0.9994110658790079 -0.8215200277999104 -0.8763776919490793 -0.8595715867473108
0.9294858764296381 1.485989926035371 1.7479114901233115 2.408740230509834 2.352297084737857 0.9821238663068756 -0.9369430899403586 -1.15542245756335 0.28578033756944554 0.4937955264819019 1.087716942385912 0.7332032515259637 -0.009119244272908663 -0.5091801481066642 0.23123976974483812 0.6792968763504796 0.14816053270968027 0.5993886025609383 0.4322788395169377 -0.5326452761242277 -1.6808510673620392 -1.0374626248264083 -0.932820837721057 -1.1769850076335437 -0.527571734931241 0.42340014242921087 0.5477019016573861 0.0485922867973155 -0.4261009110715063 -0.832301302835007 -1.2679916527827433 -1.5511586706163156 -1.1877662826686406 -0.3636329351328571 -0.39375708596621584 -0.7257569377822857 -1.0285839277386815 -1.1576421318352816 -0.8139097160104303 -0.5335965650979129 -0.4651037589925919 -0.6046261417997272 -0.7552468959665211
1.194895500087757 1.8785551758427201 1.646123569939015 2.292682975720263 2.519089751457296 1.17460133531581 -1.0450729366158884 -1.6320182333795419 -0.42229575517676626 0.2664374617711836 1.0239805811490161 1.246899297315871 0.5083819574117387 -0.448614750115385 -0.5706968350716284 -0.036389528185212384 0.06793516259557744 0.5359693376486041 1.2018716192281138 0.5768747635170597 -0.7140243737735037 -1.8831585224323855 -1.598088926651443 -1.2990670925897871 -0.6204809580278108 -0.13690906307126216 -0.11249264608001347 -0.010070533246593676 0.4195949865344708 -0.03068179434310231 -0.45337119498381 -0.7501733547735343 -0.6458486639927445 -0.22284216702747506 -0.47493374505400365 -1.1731798517388037 -1.461103314440801 -1.081221917615919 -0.6664599250892531 0.022273291858696788 -0.19842575003622637 -0.3205078349924698 -0.5354991430452829
1.4695009171581643 2.1686983128166495 1.5808017270793109 1.160014904385973 1.5525801541933222 1.5915830021144077 -0.38900064109779076 -1.6351891966251586 -0.8167635829314852 0.07586257070961921 1.026200255420948 1.2516557421842962 0.8045499245523398 0.18050435781497073 -0.3712432469223372 -0.27865112015032917 -0.014826978115018746 -0.16227676903619587 0.24487491170099 1.4010081110528432 1.349321410149291 -0.988629790843911 -2.1212978621782006 -1.7160487593883849 -1.1272008846773613 -0.7777607350103997 -0.8510099859841458 -0.3645842241065421 0.5270906405608773 0.8257953782979717 0.44781655942045956 0.20270110053428772 0.21855591676237127 0.23409363666589317 -0.7971036108086615 -1.4652255666601028 -1.5295961205461222 -1.0989793117913726 -0.3499977931767052 0.4148385416660457 0.25058264554310006 -0.10488233429053337 -0.32748395413282655
1.807208502816344 2.34341838765013 1.2545096091053511 0.2673887507448686 0.4871365036661068 1.0506166724121966 0.3894708357011121 -1.2004501356511073 -0.8215200277999104 -0.32843524310651157 0.6421966063767639 1.0290541223420029 0.6520265924381758 0.6092185886223502 0.5270906405608773 0.32700285976246285 0.8032815392540931 0.3767869827186452 -0.46415247001890686 0.11010897376227971 2.2222875916675715 0.5740208965960047 -1.4132217694319889 -2.2005719433186184 -1.7953228405288026 -1.3088970786511989 -1.2014014246247924 -0.8088361748174435 0.13167152383247335 0.8435527724734253 1.2234341692983075 1.17840649121055 0.6900781513855763 0.46557395359591314 -0.6233348249488657 -1.0726603168527538 -1.0726603168527538 -0.7140243737735037 -0.05890336722909105 0.6609052895259027 0.7585709574908974 0.317172873701051 0.406911133552004
2.017443366000732 2.4353763217730147 1.7009812340881842 0.13167152383247335 -0.47207987813294866 -0.3138488121766747 -0.3119462342293047 -0.5237665790365011 -0.08522236216770976 -0.4349796081592331 0.2017498115606027 0.7760112553417893 0.5416770714907142 0.055251309613110595 0.2810238927010205 0.3514192767537115 1.2535583201316662 1.3639078410791277 0.3415892906922997 -0.4847637311154155 1.565264007175789 1.3220511262369872 -1.15161730166861 -2.763100823091023 -2.9073796507665834 -2.1859855123887817 -1.3548760457126412 -0.683900222940145 0.019102328613080075 0.799476383359353 1.2361180222807742 0.9881486964735473 0.1364279687008984 -0.24059956120292864 -0.7913958769665514 -0.9153805398701651 -0.9826049606772393 -0.8694015728087228 -0.29038368415911103 0.7439845265610605 1.1774552022368652 0.9539022934208867 1.6949564039215126
