static/data/ASCData/20210115/ASCU/12.asc
ncols 97
nrows 97
xllcorner 99.0
yllcorner 2.0
cellsize 0.25
NODATA_value -32767
[rows 19 to 37 of 97, columns 0 to 42 of 97]
-0.015275779958010181 1.5139732899285354 0.6927659342356021 -0.2506845208309292 -0.6733914758430986 -0.2730755835874793 0.46522432352038995 0.8159167793966278 0.012259175593963625 -0.8131843271069656 -1.0582756897124468 -0.970224348331959 -0.9938257388050795 -1.1275669514860953 -0.7045574145447833 -0.5699084560763399 -0.005290576296305395 0.6146997965168193 0.5989655362014057 -0.05430884881740163 -0.47308223875071764 -1.5033737074811664 -1.606856727247925 -1.6256168068547645 -1.6967235602032682 -1.8637487850899666 -1.405942326297259 -1.3112341824756348 -1.1947401397557456 -1.0749176958152882 -0.7738486763184316 -0.5230082570592416 -0.586550462179181 -1.1012423236506916 -0.46914867367186425 0.03071667327166036 0.16929919681895714 0.17141727032295512 0.2845829118222761 0.68308331250304 1.27190774661448 1.7581569067465888 2.100074486677692
-0.06096565125853816 1.3245570022852868 0.17020694260638483 -0.7759667498224296 -0.1841164964195639 0.6098584856505382 0.5520653371843074 0.4379919498975587 0.28276742024742063 -0.04341589936826913 -0.6080337791483035 -0.9898921737262261 -1.002600614750214 -1.1245411321946694 -0.8119739993903954 -0.7163581097813434 -0.24765870153950345 0.5747589818700001 1.0198569996387197 0.17141727032295512 -1.481890390512044 -1.4576838361806383 -1.6059489814604975 -1.6449820503198889 -1.7115500747312542 -1.5638900933096802 -1.176282642078049 -1.5651004210262505 -1.7641993304020611 -1.6743324974467182 -1.3669092574378676 -1.0622092547913002 -1.1823342806609003 -1.604133489885642 -1.3160754933419159 -0.9596339808119692 -0.81015850781554 -0.7172658555687712 -0.47913387733356905 0.04130704079165029 0.7445074441189814 1.2271256211013797 1.4964235380382664
-0.33147389591199516 0.24857566225431033 -0.509392070247826 -0.8189333837606745 -0.6059157056443056 0.277623527451997 0.18594120292179844 0.10091568083273644 0.8110754685303467 0.3687006881239103 -0.9623572181742523 -0.9517668506542625 -0.9448074662839834 -0.965383037465678 -0.9018408323457385 -0.970224348331959 -0.5729342753677655 1.0501151925529766 1.5581502515833505 0.08245818315503972 -1.62743229842962 -1.8825088646968058 -1.757239946031782 -1.5629823475222526 -1.3726583140915765 -1.1078991260918283 -0.9390584096302745 -1.4274256432663814 -1.9039921816659282 -2.004449382141261 -1.7466495785117921 -2.0141320038738235 -2.222308371123911 -2.2867583220312784 -2.030774009976665 -1.6011076705942162 -1.4652483844092026 -1.2328654628277094 -0.9057743974245918 -0.3599165972513967 0.22981558264747098 0.633157294194516 0.8198503444754812
-0.5260340763506672 -0.677325040921952 -1.073707368098718 -1.2897508655065124 -0.8382986272257988 -0.25945939677606367 -0.11179941535448981 -0.017091271532865597 1.0767424023175227 0.6059249205716848 -0.9097079625034452 -0.9206009119525778 -0.7720331847435762 -1.0836925717604227 -1.163574201054061 -1.2504152147179783 -0.6286093503299983 0.7075924487635881 1.7085334703672075 0.4682501428118157 -1.2933818486562232 -1.8334905921757096 -1.6401407394536078 -1.2933818486562232 -1.1732568227866231 -0.9947334845925073 -0.982932789355947 -1.2280241519614283 -1.739690194141513 -2.155740346712546 -2.214441240966204 -2.6090080765681147 -3.041700235241989 -2.630491393537237 -2.290691887110132 -2.036825648559516 -1.8716159152476732 -1.571757223467387 -1.2670572208208197 -0.7057677422613535 -0.26914201850862585 0.06974974213105181 -0.0319177860608515
-0.7387491725378936 -1.0709841307364347 -1.418650767321247 -1.5200157135840078 -1.0697738030198645 -0.8198411295481021 -0.6724837300556707 -0.035851351139704904 1.1272735844843318 0.6897401149441764 -0.6694579107642451 -0.7251329857264779 -0.5962330839117433 -0.9097079625034452 -0.9420842289217002 -1.0298329883730453 -0.9254422228188588 0.17141727032295512 1.492489972959413 0.6038068470676867 -1.135434081643802 -1.6489156153987423 -1.4546580168892127 -1.2201570218037214 -1.1000319959341214 -1.152983833534071 -1.2047253434174505 -1.235891282119135 -1.8014169076865971 -2.5221670629041975 -3.192083454025846 -3.586347707698614 -3.1294489946933344 -2.716424661413727 -2.4858572314070893 -2.2797989376609995 -2.1109582211994455 -1.8522506717825489 -1.584465664491375 -1.0951906850678403 -0.6588675432442552 -0.576867840446619 -0.6782327867093796
-0.8939737021880316 -0.9838405351433748 -1.3784073707452853 -1.538775793190847 -1.2495074689305508 -0.9995747954587884 -0.7965423210041243 -0.058242413896255035 0.9741671283381916 0.4700656343866711 -0.6168086550934382 -0.31997578260457754 -0.27973238602861583 -0.23797607980694124 -0.2709575100834813 -0.6694579107642451 -0.7339078616716124 0.07549879878476062 1.1877899703128456 0.005299791223684527 -1.2301422254654262 -1.6676756950055815 -1.2945921763727934 -1.0600911812873022 -0.9995747954587884 -1.05040855955474 -1.3042747981053557 -1.5133589111428711 -2.469215225304248 -3.459565879387877 -3.997556549403366 -3.4946653831684156 -3.0377666701631356 -2.8637820609061584 -2.684048394995472 -2.4096065852631616 -2.2201902976199133 -2.0083829472201145 -1.8834166104842336 -1.431359208345235 -0.9584236530953989 -0.8755162045103349 -1.1959504674723158
-0.6558417239528296 -0.4331414241038985 -1.007441925616495 -1.5962663597279352 -1.198673704834599 -0.6019821405654522 -0.3668759816216758 -0.22224181949152763 0.5472240263180264 -0.10907617799220669 -0.6255835310385727 0.03465023835051376 0.2249742717811899 0.5003238273009281 0.6028991012802591 0.09607436996645535 -0.3042415222891639 0.5620505408460121 0.8870235327451317 -0.9693166025445314 -1.6840151191792803 -1.436200519211516 -1.0395156101056076 -0.8882246455343228 -0.8434425200212226 -0.8688594020691984 -1.2192492760162938 -1.8238079704431474 -3.788775018294993 -4.259289918111688 -3.727048304749909 -3.315839463045157 -3.135198051347043 -3.0014568386660274 -2.7720997363759596 -2.4683074795168203 -2.1723823528153874 -2.0395488859217994 -2.0289585184018093 -1.7536089628820712 -1.1557070708963542 -0.44675761091531413 -0.6782327867093796
-0.004382830508877687 0.1487236256372624 -0.6900334819459399 -1.423492078187528 -1.2389171014105607 -0.576867840446619 -0.509392070247826 -0.7992655583664074 -0.29062533547774827 -0.4449421193404587 -0.8286160054932366 0.3021326637125451 0.6322495484070882 0.5248329635614761 0.5112167767500606 0.7611494502218228 1.0355912599541333 1.0619158877895367 0.399866626825595 -1.386274500902992 -1.644074304532461 -1.37659187917043 -1.30124897881393 -1.2467842315682676 -1.1714413312117677 -1.176282642078049 -1.313957419837918 -1.717299131384963 -4.150965587478648 -4.282891308584809 -3.7349154349076157 -3.4840750156484255 -3.3188652823365827 -3.0631835522111115 -2.8277748113381924 -2.260433694195875 -1.839542230758561 -1.9167006226899161 -2.2319909928564736 -1.8431732139082717 -0.732092370096757 0.17716632697666393 0.08729949402132084
0.6585741762424917 0.5541834106883055 -0.21830825441267424 -0.6479745937951227 -0.6588675432442552 -0.6879154084419419 -0.9820250435685194 -1.0964010127844106 -0.4086322878433504 -0.790490682421273 -1.3893003201944178 -0.017091271532865597 0.48973345978093813 0.27278221658571583 0.3393502409970811 0.8461749723108849 1.096107645782647 0.720300889787576 -0.24947419311435887 -0.9575159073079711 -1.067958311445009 -1.0035083605376418 -1.1469321949512197 -1.49671690504003 -1.5532997257896903 -1.1118326911706817 -1.1302901888483783 -2.43411572152371 -3.898914840502888 -4.098316331807841 -3.8638153367223502 -3.658664788763688 -3.466222681829014 -3.178164685285288 -2.6976645818068876 -1.8891656671379424 -1.4174404396046767 -1.6410484852410354 -2.0465082702920783 -1.4401340842903694 -0.17443387468700167 0.9741671283381916 0.9193997991633867
0.2573505381994448 -0.22042632791667222 -0.3266325850457141 0.08548400244646542 0.4770250187569502 0.231933656151469 -0.6646165998979641 -1.298525741451647 -0.46824092788443655 -0.6461591022202673 -1.418650767321247 -0.6615907806065384 -0.6830740975756608 -0.8198411295481021 -0.2818504595326138 0.6125817230128212 1.0776501481049503 0.4516081367089743 -0.7584169979321607 -0.8346676440760881 -0.8013836318704055 -0.8531251417537848 -1.0649324921535834 -1.3902080659818454 -1.4625251470469196 -1.2564668533008299 -1.514266656930299 -2.927324266026098 -3.9098077899520205 -3.828715832941812 -3.7358231806950433 -3.688922981677945 -3.5240158302952445 -3.1236999380396253 -2.464373914437967 -1.6598085648478749 -0.8570587068326381 -0.6537236504488315 -1.067958311445009 -0.9333093529765657 0.1556830100075415 0.8343742770743245 0.4038001919044484
-0.8031991234452609 -1.3542008164138797 -0.8588741984074937 -0.1850242422069916 0.783540512978373 0.9330159859748022 0.24161627788403123 -0.8491915766749314 -0.6146905815894401 -0.7799003149012831 -1.235891282119135 -0.7553911786407348 -0.8930659564006038 -1.0640247463661556 -0.5971408296991711 0.2806493467434227 0.8812744760914228 0.39774855332159703 -0.6234654575345746 -0.7514576135618816 -0.25643357748463796 -0.6168086550934382 -1.418650767321247 -1.7106423289438264 -1.5699417318925317 -1.6050412356730697 -1.1372495732186574 -1.7808413365049025 -2.9067486948444032 -2.8970660731118407 -2.8383651788581825 -3.0631835522111115 -3.0171910989814408 -2.7848081773999476 -2.2670904966370116 -1.7378747025666577 -0.8452580115960779 -0.15688412279673264 0.11967576043957576 0.27490029008971384 0.6655335606127708 0.9808239307793281 0.1556830100075415
-1.819874405364294 -1.887350175563087 -1.5532997257896903 -0.5953253381243158 0.4603830126541089 1.128483912200902 0.42709900044842625 -0.3656656539051055 -0.8755162045103349 -1.2933818486562232 -0.910615708290873 -0.6782327867093796 -1.3375588103110383 -1.5121485834263009 -0.9671985290405334 -0.012249960666584486 0.8198503444754812 0.5541834106883055 0.2836751660348484 -0.42043298307991056 -0.2046920676012586 -0.15869961437158808 -0.9088002167160176 -1.4616174012594918 -1.5182002220091524 -1.3082083631842092 -0.8969995214794573 -1.002600614750214 -1.8422654681208441 -1.85709198264883 -1.4458831409440782 -1.6812918818169973 -2.13032346466457 -2.0807000282851886 -2.3717838441203405 -2.083423265647472 -1.4546580168892127 -0.30726734158058966 0.5112167767500606 1.1899080438168435 1.4253167846897625 0.7190905620710057 -0.291533081265176
-2.029866264189237 -2.1342570297434236 -1.9106489841070649 -1.0249916775067642 0.18503345713437075 0.855857594043447 1.0374067515289886 0.399866626825595 -0.8071326885241141 -1.501558215906311 -1.2222750953077195 -0.93028353368514 -1.4098758913761125 -1.5883992295702285 -1.0473827402633142 -0.19289137236469842 0.7094079403384435 0.5980577904139779 0.6927659342356021 -0.1810906771281382 -0.26127488835091905 0.06188261197334502 -0.17352612889957397 -0.732092370096757 -1.4585915819680662 -1.3920235575567008 -0.9886818460096558 -0.6655243456853916 -1.1266592056986675 -0.9039589058497364 -0.444034373553031 -0.22708313035780875 -0.6782327867093796 -1.9342503745801851 -2.511274113455065 -2.676181264837765 -2.214441240966204 -1.0864158091227059 0.05310773602821049 0.7808172756160898 0.6909504426607467 -0.019209345036863584 -1.2709907858996732
-1.9330400468636149 -2.0434824510006524 -1.757239946031782 -1.336348482594468 -0.12541560216590544 1.038617079245559 1.2250075475973816 1.2250075475973816 0.039491549216794875 -1.4722077687794817 -1.794457523316318 -1.5493661607108369 -1.5045840351977366 -1.6840151191792803 -1.1753748962906212 -0.31392414402172614 0.30818430229539645 0.16143206666125032 0.05915937461106188 -0.41952523729248287 -0.3783740949290934 0.6721903630539074 0.4467668258426933 -0.8044094511618312 -1.5454325956319837 -1.9987003254875524 -1.5414990305531302 -0.8159075644692488 -0.8013836318704055 -0.6128750900145847 -0.10514261291335328 0.11664994114815005 0.04645093358707397 -1.2086589084963038 -2.7388157241702773 -3.089508180046515 -2.9224829551598166 -2.1294157188771425 -1.110924945383254 -0.5172592004055327 -0.6050079598568778 -1.1596406359752076 -2.410816912979732
-1.9067154190282114 -1.8667746043813922 -1.514266656930299 -1.2770424244825245 -0.11966654551219662 1.0461816274741231 1.692799210051794 1.8440901746230784 0.8364923505783226 -1.285817300427659 -1.8256234620180027 -2.0746483897023373 -1.927290990209906 -2.004449382141261 -1.494598831536032 -0.7106090531276346 -0.2721678378000516 -0.5677903825723418 -1.1266592056986675 -1.205633089204878 -0.7611402352944436 0.3305753650519466 1.687050153398085 0.43405838481870535 -2.125482153798289 -2.7212659722800083 -2.2592233664793047 -1.5045840351977366 -1.1254488779820973 -1.085508063335278 -0.5817091513129 -0.03675909692713261 -0.1069581044882087 -0.8912504648257484 -2.5248903002664806 -3.377566176590241 -3.5327907062403794 -3.051382856974551 -2.4362337950277078 -1.892191486429368 -1.7212326964638163 -2.2767731183695736 -2.733974413303996
-1.8014169076865971 -1.76994838705577 -1.5992921790193608 -1.488849774882323 -0.1880500614984173 0.6019913554928313 1.1372587881460365 2.0610414178183007 1.3402912626007006 -0.5690007102889121 -1.3678170032252954 -1.8080737101277338 -2.0241172075355283 -1.9741911892270043 -1.4029165070058334 -0.7045574145447833 -0.6286093503299983 -1.007441925616495 -1.902781853949358 -1.9693498783607233 -1.5182002220091524 -0.26823427272119815 1.3802320772475196 0.6059249205716848 -2.1294157188771425 -3.232932014460093 -3.0474492918956977 -2.470425553020818 -1.602015416381644 -1.6480078696113145 -0.8960917756920297 -0.413776180638774 -0.40197548540221384 -1.065840237941011 -2.4380492866025634 -3.4771156312781466 -3.9203981574720106 -3.756398751876738 -3.268031518240631 -2.9097745141358287 -2.6625650780263497 -2.6401740152697997 -2.9252061925221
-1.6958158144158406 -1.3959571226355543 -2.0337998292680903 -1.5914250488616541 -0.8724903852189092 -0.4936578099324124 0.19683415237093094 1.7436329741477454 2.071631785338291 0.7366403139612747 -1.1644819468414886 -2.117615023640582 -2.036825648559516 -1.7992988341825993 -1.2476919773556954 -0.6461591022202673 -0.6031924682820224 -0.8891323913217506 -1.687040938470706 -1.914582549185918 -1.86768235016882 -0.7847416257675641 0.3109075396576796 -0.24675095575207576 -2.2973486895512685 -3.7875646905784226 -3.618723974116869 -3.2105409517035426 -2.267998242424439 -1.5853734102788026 -1.0249916775067642 -0.594417592336888 -0.6168086550934382 -1.2240905868825749 -2.4428905974688444 -3.5397500906106583 -3.9427892202285606 -3.8843909079040446 -3.719181174592202 -3.340348599305705 -3.107057931936784 -3.0202169182728666 -2.989656143429467
-1.1315005165649485 -1.614723857405632 -1.6598085648478749 -1.5678236583885337 -1.4546580168892127 -1.015309055774202 0.1499339533538327 1.6195743831992921 1.8909903736401767 0.9351340594788002 -0.7738486763184316 -1.5826501729165197 -1.313957419837918 -1.2876327920025143 -1.0951906850678403 -0.5650671452100586 -0.4388904807576073 -0.7084909796236367 -1.0316484799479007 -1.048290486050742 -1.488849774882323 -1.122725640619814 -0.28669177039889493 -0.586550462179181 -2.271024061715865 -3.73309994333276 -3.812073826838971 -3.4644071902541587 -3.058039659415688 -2.5651336968424423 -1.634391682799899 -0.7702176931687208 -0.5856427163917535 -1.3042747981053557 -2.533665176211615 -3.497691202459841 -3.869564393376059 -3.6928565467567984 -3.6205394656917242 -3.4244663756073392 -3.2386810711138017 -3.07952297638481 -2.957582458940355
-0.311200906659443 -1.9847815567469942 -0.9838405351433748 -1.1841497722357557 -1.6782660625255714 -1.5629823475222526 -0.19864042901840723 1.5687406191033404 1.4231987111857645 0.875525419437714 -0.6637088541105363 -1.6840151191792803 -1.2455739038516973 -1.1517735058175007 -0.985050862859945 -0.5260340763506672 -0.5414657547369384 -0.7133322904899178 -0.6286093503299983 -0.5717239476511953 -1.093375193492985 -1.589306975357656 -0.9811172977810916 -0.6216499659597192 -1.5133589111428711 -2.798424364211363 -3.9028484055817416 -3.6029897138014553 -3.3385331077308495 -3.0610654787071137 -2.2692085701410094 -1.228931897748856 -0.9732501676233849 -1.6655576215015835 -2.464373914437967 -3.4411083817101806 -4.009357244639926 -3.2907251629263237 -2.9808812674843326 -3.0329253592968546 -2.9584902047277826 -2.849258128307315 -2.798424364211363
