static/data/ASCData/20210115/ASCU/18.asc
ncols 97
nrows 97
xllcorner 99.0
yllcorner 2.0
cellsize 0.25
NODATA_value -32767
[rows 0 to 18 of 97, columns 42 to 83 of 97]
0.7257825249458347 -0.6902200758430808 -1.5798021852383473 -0.9294479505397983 0.012865583290485566 -0.08068055949253979 -0.6657908283647109 -1.059340046888203 -1.5291561843685564 -1.0837692943665727 0.12815971468230342 1.0189334946862707 0.03431565424710284 1.3284699352963452 1.4330390312098544 0.42995029633582144 -0.6687700048864635 -0.7623161476694889 0.27950188198732534 1.3597512887747454 1.8391007911247064 1.6761398353848502 0.944751999294636 0.13113889120405584 0.482681720770839 -0.9529834450616423 -1.2077030376714726 -1.9596471917617782 -2.500665648112014 -1.704927599151948 0.04712611329063815 -0.7125638997562238 -1.3277638514980943 -0.3580418936676882 0.060830325290699205 -1.4439517358464378 -1.2097884612366991 -0.09736394801435322 0.3185290944222817 0.9426665757294095 0.6876490654674041 -1.374834840541782
0.04801986624716387 -0.7956829247131156 -1.0992610122796853 -0.7965766776696415 -0.6062072979296631 -0.9294479505397983 -2.116947712110305 -0.8785040320178323 -0.1667787609711841 0.17791196259556852 0.5130693212927135 0.3361062359006209 -1.4898310542814248 -0.9714543394965072 -0.6422553338428671 -0.812366313234929 -0.9654959864530024 -1.096281835757933 -0.11106816001441425 1.5149663855580453 1.9064301805163106 0.9504124346859657 -0.2829666453195277 -0.6911138287996064 0.8264786913810658 -1.0408691524533382 -1.7624257060217694 -1.5818876088035738 -1.1502049308016513 -1.1004526828883863 -0.5367924849728322 0.3557688009441867 -0.32973971671104035 -0.9109770561049335 -1.3054200275849512 -1.7546798470652132 -0.7527827827998812 0.32657287103101323 0.8118807264244792 0.7797056199895531 -0.3738315292329759 -2.324894233328622
-0.8043225366261977 -1.1960842492366381 -0.7086909702779456 -0.9243833504528194 -1.362024381498247 -1.9930139688054052 -1.965605544805283 0.012865583290485566 0.5744403576408128 0.4963859327709 -0.10630147757961042 -0.28892499836303254 -1.183273790193103 -0.49389234305959756 -0.757549465234685 -0.9812856220182902 -1.009587798974938 -0.6431490867993928 0.23958091659584319 1.4494245020794925 1.5501206685147237 0.4972796857274257 -0.8689706671482247 -1.0837692943665727 0.8869559747726397 -1.059340046888203 -1.635512786195117 -0.5436445909728627 0.008098900855681726 -1.3718556640200297 -1.0250795168880504 0.5520965337276698 -0.5025319549726796 -1.0015440223662064 -0.5633071560164284 -0.15396830192764882 0.05397821929066868 0.30899572955267407 0.44961286137938733 -0.7399723237563458 -2.158060348110488 -3.130463564810471
-1.035804552366359 -1.1433528248016207 0.06172407824722492 -0.2615165743629104 -1.3825806994983385 -1.6784129281083517 -0.5201090964510187 0.008992653812207443 -0.23112897384103595 -0.8218996781045367 -1.1502049308016513 0.6280655350323561 0.14484310320411686 0.0921116787690994 0.04712611329063815 -0.15784123140592693 -0.49389234305959756 -0.7095847232344714 -0.5055111314944319 1.0520023540777224 1.195598662426188 0.32150827094403417 -0.9616230569747244 -1.5115790428902174 -0.20282679688438815 -0.25943115079768375 -0.6413615808863413 0.004225971377403603 -0.6315302983645585 -1.6295544331516123 -1.362024381498247 0.35278962442243433 -0.47720895453778417 -0.24959986827590083 0.3703667659007735 0.4963859327709 0.4153523313792347 0.26698934059596524 -0.899060350017924 -2.0534912521969786 -3.044663280984002 -3.635433985247503
-1.137394471758116 -1.0798963648882947 0.1615264917259303 0.5812924636408434 -0.4664839190594755 -1.0906214003666033 -0.20580597340614057 0.1302451382475301 -1.0280586934098028 -1.5777167616731205 -0.5457300145380893 0.8929143278161444 -0.07382845349250926 -0.948812597931189 -0.34165642279805 1.0189334946862707 0.6927136655543831 -1.3903265584548947 -1.4263745943680988 0.2181308456392259 0.9885458941643963 0.21217249259572107 -0.19418718497130621 -0.9663897394095282 -0.7760203596695499 0.5666944986842566 0.23451631650886406 -0.3619148231459663 -1.0036294459314332 -1.7225047406302871 -1.3152513101067342 0.1525889621606731 -0.02228869966619275 0.14871603268239497 0.514856827205765 0.7814931259026046 0.578313287119091 -0.6911138287996064 -1.951901332805222 -2.780112405852389 -3.706636304117385 -3.8883660719442816
-0.8180267486262587 -1.1111777183666949 -0.5162361669727407 -0.09557644210130178 -0.015436593666162235 -0.9041249501049029 -0.546623767494615 0.07155536076900784 -0.963708480539951 -0.49389234305959756 0.5392860746841346 0.6614323120759829 -0.3091833987109488 -1.2029363552366688 -0.3580418936676882 1.0040376120775087 0.46719000285772644 -1.7546798470652132 -1.476424759933539 -0.6538741222777014 0.21127873963919536 1.1017546019909876 0.6956928420761355 -0.4548651306246412 -0.8013433601044453 0.29409984694391206 0.38496473085736027 -0.21265807940617107 -1.0328253758446067 -1.8297550954133737 -1.4978748308901562 0.06857618424725542 0.057851148768946786 -0.05625131201417011 0.3107832354657255 0.27086227007424335 -0.34821061114590524 -1.9831826862836222 -3.01725485698388 -3.8472534359440984 -3.7566864696828257 -3.9431829199445256
0.07542829024728595 -1.2565615326282118 -0.9303417034963242 0.2541788815524299 0.5100901447709609 -0.6538741222777014 -0.19508093792783193 0.11445550268224239 -0.735205641321542 -0.23708732688454076 0.532433968684104 0.3763251189442783 0.6507072765976742 0.22677045755230785 0.4415690847706559 -0.07293470053598354 -0.6169323334079717 -1.7388902114999254 -1.246730250106429 -1.0992610122796853 -0.23798107984106648 0.7111845599892479 0.8282661972941172 -0.09736394801435322 -0.7176284998432028 -0.3678731761894711 -0.03480124105755283 -0.4343088126245496 -1.2428573206281508 -1.9274720853268523 -1.9527950857617478 -0.020203276100966068 0.3000581999874169 0.1615264917259303 -0.2683686803629409 -0.5132569904509882 -2.2107917725455053 -3.199878377767302 -3.913689072379177 -3.722425939682673 -3.580915054899434 -3.638413161769255
0.6828823830326003 -1.0924089062796547 -1.3834744524548641 -0.11404733653616665 0.7403804899024216 -0.11970777192749621 0.2511997050306775 -0.20193304392786243 -0.9205104209745412 -0.8081954661044757 -0.26330408027596186 0.06291574885592588 0.9906313177296231 0.9593499642512229 0.729655454424113 -0.062209665057674904 -0.9243833504528194 -1.4996623368032076 -1.5330291138468346 -1.0623192234099554 0.17105985659553796 0.5842716401625958 0.5538840396407214 0.12518053816055102 -0.22040393836272731 -0.1792913023625442 -0.6657908283647109 -1.0944943298448813 -1.3533847695851648 -1.4782122658465904 -1.7156526346302567 0.01971768929051608 0.25805181103070807 0.18982866868257808 -0.10034312453610561 -1.449016335933417 -3.328876721159181 -3.667609091682429 -3.6619486562910994 -3.475452206029399 -3.3589664040288802 -3.2526098022023198
-0.07293470053598354 -0.8874415615830895 -1.1579507897582075 -0.11017440705788853 0.7043324539892175 -0.006499064100905033 -0.8933999146265943 -0.43520256558107534 0.17314528016076464 0.2181308456392259 -0.14234951349281444 -0.5025319549726796 -0.3961753531461189 0.9602437172077485 1.0022501061644573 0.01673851276876369 -1.0807901178448203 -1.1910196491496592 -0.8189205015827843 0.25805181103070807 0.363514659900743 0.4076064724226785 0.3927105898139165 0.39866894285742127 0.6095946405974912 -0.2576436448846323 -0.9294479505397983 -1.2115759671497506 -1.352193098976464 -1.3191242395850122 -0.48406106053781467 0.2571580580741823 -0.15903290201462789 -0.6100802274079411 -1.374834840541782 -2.6686912039388493 -3.2603556611588758 -3.3267912975939544 -3.3220246151591506 -3.2088159073325593 -3.2144763427238887 -3.255588978724072
-1.6667941396735173 -1.3328284515850732 -0.24393943288457126 0.35755630685723816 0.1585473152041779 -0.46469641314642407 -0.6568532987994538 -0.09944937157957989 0.20532038659569057 0.1907224216391038 0.035507324855803796 -0.12268694844924861 -0.510575731581411 0.33521248294409517 0.34295834190065144 -0.2457269387976227 -0.8531810315829369 -0.8561602081046893 0.037294830768855244 0.36857925998772206 0.037294830768855244 -0.4146462475809838 -0.5808842974947677 -0.26717700975423997 0.3167415885092303 -0.07502012410121021 -0.7000513583648635 -0.8081954661044757 -0.43520256558107534 0.017930183377464645 0.042359430855834324 -0.5496029440163674 -1.4421642299333863 -2.2974858093285 -2.907025325679041 -3.158765741767119 -3.023213210027385 -3.1989846248107763 -2.940094185070493 -2.720528875417341 -2.8611460072440544 -3.1179510234191112
-2.217643878545536 -0.9812856220182902 -0.09944937157957989 0.1615264917259303 -0.2984583632326402 -0.8621185611481941 -0.532919555494554 -0.1599266549711536 -0.8561602081046893 -0.9869460574096196 -0.42656295366799335 0.5949966756409044 0.6760302770325697 0.8860622218161138 -0.21861643244967588 -0.7760203596695499 -0.7906183246261367 -0.5984614389731069 -0.26628325679771425 0.26401016407421285 -0.07502012410121021 -0.4879339900160928 -0.6100802274079411 -0.4313296361027972 -0.38545031766781024 0.15080145624762165 0.16629317416073414 -0.14830786653631925 -0.4879339900160928 -0.5612217324512019 -1.7546798470652132 -2.866806442635384 -3.332749650637459 -3.4313603935074637 -3.482006394377254 -3.110205164462555 -2.9177503611573496 -2.8414834422004884 -2.7086121693303316 -2.606128496982049 -2.623705638460388 -2.555482496112258
-0.6315302983645585 -0.9744335160182596 -0.4626109895811974 -0.06012424149244822 -0.12477237201447529 -0.1560537254928755 -0.2615165743629104 0.20353288068263914 -0.40779414158095323 -0.6199115099297241 -0.2576436448846323 0.40641480181397754 0.7073116305109699 0.9465395052076875 -0.15009537244937068 -0.7057117937561932 -0.670557510799515 -0.524279943581472 -0.6228906864514765 -0.3130563281892269 -0.5633071560164284 -0.8463289255829065 -0.4781027074943099 0.051892795725442004 -0.29667085731958875 -0.24870611531937512 0.06946993720378117 -0.3151417517544536 -0.9196166680180156 -2.116053959153779 -3.60117345524735 -4.260465219511156 -3.9997872738578213 -3.9127953194226515 -3.490050170985986 -3.0330444925491675 -2.8140750182003664 -2.4068215876768133 -2.4392946117639145 -2.4851739301989015 -2.435123764633461 -1.9900347922836528
-0.015436593666162235 -0.688134652277854 -0.9783064454965378 -0.47631520158125845 0.32746662398753895 0.39181683685739077 -0.015436593666162235 0.4689775087707779 0.09121792581257368 -0.08574515957951886 0.21217249259572107 0.5812924636408434 0.7308471250328139 1.20423827433927 0.8616329743377442 0.11654092624746906 -0.5954822624513545 -0.6657908283647109 -0.9937981634096502 -0.8600331375829675 -0.9205104209745412 -0.8600331375829675 -0.49001941358131945 0.29320609398738634 -0.2945854337543621 -0.5564550500163981 -0.7730411831477975 -1.2097884612366991 -2.468490541677088 -3.76830525811766 -4.583705872121291 -4.731175109948035 -4.449940846294608 -3.931266213857516 -3.4674084294206677 -2.9898464329837577 -2.766408193852328 -2.315062950806839 -2.335619268806931 -2.339492198285209 -2.106222676631996 -1.7332297761085957
-0.30739589279789736 -0.6851554757561016 -0.8475205961916075 -0.6255719453210535 -0.14413701940586587 0.022696865812268485 -0.010371993579183156 0.5071109682492085 0.6078071346844398 0.06946993720378117 0.47404210885775705 1.0070167885992611 1.0305522831211051 1.4622349611230279 1.2813989462526572 0.7698743374677703 0.1838703156390733 -0.9392792330615813 -1.421607911933295 -1.2732449211500254 -1.0027356929749074 -1.109092294801468 -0.936300056539829 -0.5016382020161538 -1.1061131182797157 -1.5065144428032382 -1.8482259898482385 -2.987165174114181 -4.10435636977133 -4.876558924209552 -5.088676292558323 -5.104168010471436 -4.715683392034922 -4.149044017597616 -3.6199422673343906 -3.1891533422889933 -2.9088128315920927 -2.436315435242162 -2.4333362587204097 -2.3463443042852394 -2.0552787581100302 -1.7671923884565732
-0.6851554757561016 -0.2165310088844492 -0.37949196462430546 -0.9187229150614897 -0.5406654144511103 -0.5436445909728627 -0.36012731723291486 0.21425791616094775 0.7502117724242043 0.2806935525960263 0.4630191557272731 1.1300567789476352 1.196492415382714 1.1613381324260355 1.2843781227744095 1.1115858845127704 0.4767233677273342 -0.95000426853989 -1.6346190332385915 -1.3804952759331117 -1.5926126442818827 -1.8035383420219524 -2.056470428718731 -1.9578596858487267 -2.3960965521985047 -2.705632992808579 -3.4724730295076465 -4.199987936119582 -5.060374115601675 -5.506654758560185 -5.422641980646767 -5.3600792736899665 -4.949846666644661 -4.384398962816055 -3.9419912493358247 -3.493029347507738 -3.250822296289268 -2.8355250891569836 -2.8152666888090674 -2.6853745924606627 -2.448827976633522 -2.1512082421104575
-0.7125638997562238 -0.2427477622758703 -0.22427686784100542 -0.9547709509746938 -0.4069003886244275 -0.7039242878431418 -0.560327979494676 -0.005605311144379316 0.579504957727792 0.3781126248573297 0.17225152720423892 0.8860622218161138 0.7552763725111835 0.6828823830326003 0.7189304189458043 0.578313287119091 -0.04850545305761386 -1.071852588279563 -1.7225047406302871 -1.8592489429787222 -2.0710683936753176 -2.4976864715902614 -2.7810061588089146 -2.9362212555922147 -3.333643403593985 -3.635433985247503 -4.120741840640968 -4.8288920998615135 -5.291856131341836 -5.62582181943028 -5.538829864995111 -5.368718885603048 -4.974275914123031 -4.638522720121536 -4.224417183597952 -3.7849886466394733 -3.649138197247564 -3.301468297159059 -3.255588978724072 -3.12867605889742 -2.9606505030705845 -2.6082139205472754
-0.5770113680164896 -0.7703599242782202 -0.9529834450616423 -0.9675814100182292 -0.3053104692326707 -0.6362969807993624 -0.6675783342777624 -0.1569474784494012 0.4037335429444004 0.29320609398738634 -0.2537707154063542 0.2619247405089862 0.08525957276906887 -0.02407620557924419 0.017930183377464645 -0.16469333740595743 -1.0241857639315246 -1.5532875141947509 -1.8854656963701435 -2.206620925415052 -2.4881531067206537 -2.8590605836788274 -3.092628022984216 -3.2663140142023805 -3.6521173737693164 -3.9488433553358555 -4.3766531038595 -4.816975393774504 -5.236145530385067 -5.469415052038279 -5.368718885603048 -5.203970423950141 -4.955805019688166 -4.647162332034617 -4.388271892294334 -3.996808097336069 -3.89223900142256 -3.7691990110741855 -3.7018696216825813 -3.671482021160707 -3.5427815954210033 -3.667609091682429
-0.788830818713085 -1.1999571787149164 -1.4070099469767081 -1.2419635676716252 -0.7858516421913326 -0.8933999146265943 -0.9517917744529414 -0.7000513583648635 -0.21176432644964535 -0.035992911666253784 -0.7322264647997896 -0.4030274591461494 -0.5796926268860667 -0.701838864277915 -0.8758227731482553 -1.2663928151499948 -1.6647087161082907 -1.9548805093269743 -2.3630276928070533 -2.6091076735038015 -2.788752017765471 -2.947840044027049 -3.1715762008106543 -3.4402979230727206 -3.7009758687260557 -3.978337202901204 -4.329880032467987 -4.734154286469788 -5.035944868123305 -5.205757929863192 -5.1431952229063915 -5.0827179395148185 -4.889369383253087 -4.660866544034678 -4.398996927772642 -4.183304547597769 -4.042687415771056 -4.118954334727917 -4.174664935684687 -4.180325371076016 -4.323027926467956 -4.658781120469452
-1.1665904016712894 -1.6930108930649383 -1.9510075798486963 -1.9322387677616562 -1.435312123933356 -1.7174401405433082 -1.5369020433251126 -1.5818876088035738 -1.6393857156733953 -1.3033346040197247 -1.5601396201947815 -1.4665934774117562 -1.5952939031514597 -1.6959900695866907 -1.8473322368917127 -2.097285147066739 -2.276035738371883 -2.4264841527203793 -2.5945097085472146 -2.752703981852267 -2.8951086195920315 -3.0533028928970842 -3.2710806966371844 -3.5544003838558376 -3.8004803645525858 -4.026004027249242 -4.29651325542436 -4.582812119164766 -4.8297858528180395 -5.033859444558079 -5.005557267601431 -4.875665171253027 -4.7749690048177955 -4.649247755599844 -4.5017785177731 -4.442194987338052 -4.422532422294486 -4.548551589164613 -4.626606014034525 -4.7839065343830525 -5.138428540471588 -5.756607668735211
