static/data/ASCData/20210115/ASCU/21.asc
ncols 97
nrows 97
xllcorner 99.0
yllcorner 2.0
cellsize 0.25
NODATA_value -32767
[rows 19 to 37 of 97, columns 42 to 83 of 97]
-2.377570490441048 -1.9030901057970524 -1.072973385022786 -0.6011804286115123 -0.5817712247085169 -1.2596003456285114 -2.0592595464319237 -2.7379844767628256 -3.0279281227598807 -2.7164850509010456 -2.173624547891112 -1.7242268267525251 -1.6012023343212312 -1.645395598592667 -1.868750745045599 -2.232150762737067 -2.5594198008552675 -2.787851200636675 -3.076899037222822 -3.44418089569489 -3.768165299306429 -4.110961700547025 -4.509596888400854 -4.84552541749116 -5.21937654497655 -5.459752070236724 -5.576804499928635 -5.605171797940705 -5.567249199545621 -5.395253792651385 -5.29372872608187 -5.1432327450494135 -5.110983606256744 -5.048575550630189 -5.035735615740515 -5.060221072971987 -5.167718202280884 -5.584568181489833 -6.15490017310093 -6.990093147203671 -7.959657532942535 -8.843522818371252
-2.084640813074302 -1.5740294488570374 -0.8152788778184006 -0.42948362485424507 -1.1500129943608295 -2.4940257138590214 -3.081676687414329 -3.3865504902598422 -3.5612333253868007 -3.359079001658679 -2.9275974687382424 -2.4402771492045723 -2.1969155925747064 -2.2769412332824412 -2.4704360660384577 -2.7078255599289403 -2.7469425708718997 -2.925507246779458 -3.1628967406699404 -3.413723375724036 -3.7096390844604734 -3.9870413987048243 -4.332823831315111 -4.665766329035725 -4.978403813442437 -5.200863150484461 -5.296714757451562 -5.318214183313342 -5.251625683769219 -5.12680957251611 -5.12680957251611 -5.127705381927017 -5.116955668996127 -5.202953372443245 -5.274020919041906 -5.576804499928635 -5.87361601807598 -6.337645292926055 -7.028015745598755 -7.8464869440312235 -8.63748665386253 -9.386383321381185
-2.145257249879042 -1.6462914080035744 -1.1658389606201949 -0.6970320355786129 -1.3912843290319112 -2.5964465898394433 -3.3277256722769177 -3.877752650574111 -4.179341818912963 -4.097524559383413 -3.7723457432239975 -3.3289200848247944 -2.9977692059259953 -2.923715627957643 -2.8592173503723046 -2.910875693067969 -2.9538745447915282 -3.068239546250717 -3.2067914018044075 -3.380578427520459 -3.6511128696145185 -3.9079115674079965 -4.204723085555342 -4.512582919770546 -4.768187205016147 -4.947050484060675 -5.064102913752586 -5.098442274504039 -5.097247861956163 -5.097247861956163 -5.156072679939087 -5.2331122892771305 -5.372858557378698 -5.518278285082679 -5.711773117838695 -6.031875680669635 -6.446934041056768 -7.012488382476358 -7.699872803779366 -8.456831755996188 -9.095543865973223 -9.496866482059774
-2.6958814344501736 -2.2876909462133312 -1.1998797182346794 -0.608048300761803 -1.4432412748645451 -2.489845269941453 -3.301448596223631 -4.225326702006214 -4.668752360405417 -4.758631904633135 -4.486007240580291 -4.0524354857010705 -3.6932159119271697 -3.5065889513214445 -3.291594692703649 -3.2291866370770945 -3.0975026536736943 -3.1736464536008304 -3.2438181907885832 -3.3999876314234543 -3.6051279865212678 -3.859239256082023 -4.132461126408805 -4.399113727722265 -4.626649318092766 -4.829699451231795 -4.96645968796367 -5.070074976491969 -5.095456243134348 -5.193995278334171 -5.31522815194365 -5.47527943335912 -5.6550385218145545 -5.872720208665073 -6.228356544795343 -6.54577167939356 -7.018161842078772 -7.605215609360142 -8.162707666081566 -8.775142700005313 -9.229318071335406 -9.49477626010099
-3.358183192247772 -2.558225388307391 -1.247656220149745 -0.4488928287572405 -1.2360106978079477 -2.211547146286195 -3.4068555035737447 -4.332823831315111 -5.1208375097767265 -5.211612863415351 -5.01632641183752 -4.5788728161777 -4.217563020445016 -3.9168696615170715 -3.6824661989962806 -3.457618036858502 -3.325038244044195 -3.236054509227385 -3.3065248495521073 -3.4205912478743263 -3.612891668082466 -3.8855163321353094 -4.127683476217299 -4.373732461079887 -4.58962252910859 -4.792672662247619 -4.993035367153926 -5.097247861956163 -5.260583777878294 -5.386594301679279 -5.575908690517727 -5.765223079356175 -5.96946762504308 -6.369894431718725 -6.725232164712026 -7.105353958073767 -7.578938533306856 -7.97249746783221 -8.457727565407096 -8.891299320286317 -9.125702782807108 -9.353238373177607
-3.1169118575766896 -2.299635071692098 -1.2342190789861327 -0.3142228139841491 -0.6579150246356529 -1.2867732310927051 -2.631681760001804 -4.422703375542829 -5.211612863415351 -5.576804499928635 -5.416753218513165 -4.9987088267563395 -4.5964904012588805 -4.243840096498302 -3.9518062285424627 -3.6773899456678043 -3.4606040682281938 -3.3719189365483535 -3.3775923961507672 -3.4743398125287754 -3.6824661989962806 -3.937174674830974 -4.172473946762673 -4.400009537133172 -4.608135923600678 -4.83477570456027 -5.035735615740515 -5.257597746508602 -5.452884198086433 -5.654142712403647 -5.857192845542676 -6.020230158327838 -6.337645292926055 -6.792716473667056 -7.227184037957185 -7.607305831318926 -7.964435183134042 -8.319175709853406 -8.567016313537808 -8.889507701464503 -9.03970507935999 -9.13943852710769
-2.0144690758865496 -1.5241627249831877 -0.7310727931930971 0.046191172337627706 0.26297704977723824 -0.18134441803287266 -2.050600055459818 -4.015408696716894 -5.316123961354557 -5.764327269945268 -5.731182321741691 -5.322991833504848 -4.86702484335294 -4.459730164527005 -4.14141922051788 -3.8054906914275746 -3.5964684955491615 -3.4850895254596654 -3.477325843898467 -3.578850910467981 -3.7762275840045962 -3.959569910103661 -4.224430892595307 -4.469584068046987 -4.701001499198086 -4.954814165621873 -5.2331122892771305 -5.461543689058539 -5.659816172006061 -5.892428015705037 -6.063229010051397 -6.26836936514921 -6.64908836478489 -7.117895289826472 -7.554453076075385 -7.949803629422553 -8.313203647114022 -8.54163504689543 -8.667645570696415 -8.818141551728873 -8.998796449595215 -9.102411738123513
-1.7000399726580233 -1.3172307510635592 -0.4079841989924655 0.3976470645503297 0.7941920304453749 -0.11684614044753397 -2.1022583981554828 -3.9753958763630264 -5.279097172370381 -5.898101475307452 -6.019334348916931 -5.624879604980669 -5.118747287817942 -4.66785655099451 -4.267429744318866 -3.9431467375703573 -3.6970977527077693 -3.5767606885091974 -3.599454526918853 -3.7105348938713814 -3.83564960826146 -4.0622893892210525 -4.328941990534513 -4.567227293835903 -4.8317896731905785 -5.1315872227076165 -5.421530868704671 -5.668774266115136 -5.887351762376562 -6.0769647543519785 -6.230148163617158 -6.5096406998202925 -6.907977284537152 -7.336771389224867 -7.760489240584105 -8.15793001589006 -8.449963883845898 -8.624646718972857 -8.736025689062354 -8.882639829314211 -9.031045588387883 -9.006560131156412
-1.243774379369146 -1.2652738052309256 -0.3924568358700692 0.6780354101643715 0.43676407549328966 -1.033856374079826 -3.220527146104989 -4.711751212128976 -5.453780007497341 -5.927364582730429 -6.130713319006428 -5.766417491904051 -5.352254940927826 -4.891211697447442 -4.405085790461649 -4.046762026098656 -3.8093725322081733 -3.7194929879804564 -3.7478602859925267 -3.8278859267002616 -3.979277717143626 -4.1960635945832365 -4.393440268119851 -4.7078693713483775 -5.065297326300462 -5.371664144830821 -5.618907542241286 -5.829721356941514 -6.021125967738746 -6.225370513425651 -6.4108030614835 -6.6228112887316035 -7.075792247513821 -7.525189968652407 -7.885603954974184 -8.224219912297212 -8.52401746181425 -8.68347153695578 -8.762302765115638 -8.892195129697225 -8.951019947680148 -8.96445708884376
-0.8122928464487089 -0.23300276072853743 0.44751378842417944 0.801955712006573 -0.2771960249999732 -2.075981322102196 -3.8738708097935124 -5.01632641183752 -5.526937776054785 -5.921691123128015 -6.097269767665881 -5.896309856485637 -5.587554212859525 -5.049471360041097 -4.558269199726828 -4.160828424420876 -3.9070157579970886 -3.81415018239968 -3.8493853525620407 -3.967632194801828 -4.1736683593105495 -4.331629418767235 -4.614107986340061 -4.910919504487406 -5.138455094857907 -5.392267761281693 -5.638316746144281 -5.861074686323275 -6.071888501023503 -6.28986879101099 -6.5006826057112175 -6.7888346328864575 -7.210760865423881 -7.537731300405112 -7.84439672207244 -8.163902078629443 -8.449963883845898 -8.608223546439552 -8.74767121140415 -8.927430299859585 -9.071954218152658 -9.194978710583953
-0.28197367519147976 0.20236061297249863 0.2608868278184542 0.2062424537530978 -1.093577001473658 -2.803378563759072 -4.244735905909209 -4.991840954606049 -5.516486666260864 -5.877796461993548 -6.00171676383575 -5.97334946582368 -5.703710833140528 -5.164732170911193 -4.636503221612748 -4.22323648004743 -4.00645060260782 -3.9431467375703573 -4.003763174375097 -4.125593254258514 -4.326851768575729 -4.502729016250564 -4.761319332865857 -4.981091241675159 -5.21937654497655 -5.441238675744636 -5.6675798535672595 -5.868838367884473 -6.084728435913177 -6.307486376092171 -6.518300190792398 -6.868860273594192 -7.226288228546277 -7.528176000022099 -7.799606251527066 -8.084772247332614 -8.286926571060736 -8.456831755996188 -8.785892412936203 -9.044781332688466 -9.246935656416587 -9.465513152678012
-0.18910809959407082 -0.2906331661635854 -0.6725465783471418 -1.2566143142588198 -2.076877131513104 -3.445972514516705 -4.314310436823024 -5.046485328671405 -5.519174094493587 -5.86316490828206 -6.030979871258728 -6.017244126958146 -5.77418117346525 -5.272229300220091 -4.7087651807592845 -4.284748726263077 -4.0640810080428675 -4.007645015155696 -4.0622893892210525 -4.243840096498302 -4.445994420226423 -4.671738391775109 -4.867920652763847 -5.089484180394964 -5.30836027979336 -5.501556509412406 -5.658024553184246 -5.861074686323275 -6.061138788092613 -6.325999770584258 -6.578916627597137 -6.88737366808628 -7.20777483405419 -7.400075254262329 -7.638360557563719 -7.873659829495417 -8.10029961045501 -8.339480723167307 -8.635396431903747 -8.981178864514034 -9.336516597507336 -9.565246600425713
-1.5301347877225708 -1.6609229617150632 -1.965498161423607 -2.4322148645064052 -2.904903630328586 -3.7320343197331605 -4.592608560478281 -5.212508672826258 -5.684301629237532 -5.933336645469812 -6.085624245324084 -6.044715615559309 -5.778958823656756 -5.269243268850399 -4.7078693713483775 -4.2966928517418435 -4.09155249664403 -4.034817900619889 -4.159036805599061 -4.3513372258072 -4.545727867974123 -4.800436343808817 -4.980195432264252 -5.196981309703863 -5.395253792651385 -5.506632762740882 -5.661906393964845 -5.845547323200879 -6.042625393600525 -6.313159835694584 -6.5320359350929795 -6.838701356760307 -7.119985511785257 -7.299445997103722 -7.381561859770241 -7.615965322291032 -7.815133614649462 -8.042669205019962 -8.443096011695607 -8.7936560944974 -9.13943852710769 -9.237081752896605
-2.876834935453485 -2.8072604045396705 -2.8619047786050267 -2.9449164506824532 -3.331906116194486 -4.097524559383413 -4.876580143735953 -5.4967788592209 -5.8309157694893905 -6.07995078572167 -6.124741256267044 -6.048597456339908 -5.719536799399894 -5.180259534033589 -4.654120806693928 -4.303560723892134 -4.098420368794321 -4.134551348367589 -4.259367459620698 -4.436140516706441 -4.624857699270951 -4.883448015886244 -5.065297326300462 -5.274020919041906 -5.41854483733498 -5.529923807424476 -5.635629317911559 -5.818971644010624 -6.035757521450234 -6.290764600421897 -6.414684902264099 -6.722544736479303 -6.979343434272781 -7.117895289826472 -7.2000111524929915 -7.220316165806894 -7.419783061302294 -7.68434544065697 -8.130458527288896 -8.35321646746789 -8.596279420960785 -8.553579172374196
-3.342655829125375 -3.2712896793897457 -3.188278007312319 -3.199027720243209 -3.6532030915733023 -4.381496142641085 -5.159954520719686 -5.661010584553938 -5.995744701096367 -6.16176804525122 -6.187149311893599 -5.982307559932755 -5.577998912476511 -5.021104062029027 -4.5982820200806955 -4.248617746689809 -4.171578137351765 -4.207709116925034 -4.353128844629015 -4.516464760551146 -4.690251786267197 -4.921669217418296 -5.104115734106453 -5.2877566633424875 -5.429294550265869 -5.571131040326221 -5.6765379476763345 -5.8103121530385184 -6.047701646929001 -6.208648737755378 -6.285986950230391 -6.532931744503887 -6.695073247878141 -6.839597166171214 -6.867964464183284 -6.889463890045064 -6.9011094123868615 -7.173435473302736 -7.532057840802698 -7.659859983425498 -7.760489240584105 -7.247787654408057
-3.2945807240733407 -3.268303648020055 -3.3053304370042307 -3.5710872289067837 -3.967632194801828 -4.627545127503673 -5.318214183313342 -5.77418117346525 -6.009480445396949 -6.166844298579695 -6.14415046017004 -5.882574112185055 -5.347477290736319 -4.797450312439126 -4.434348897884626 -4.266235331770989 -4.205917498103219 -4.276089235290971 -4.4206131535840445 -4.5788728161777 -4.740118510141047 -4.936300771129785 -5.123823541146418 -5.298506376273377 -5.453780007497341 -5.606067607351612 -5.712668927249602 -5.857192845542676 -5.972453656412772 -6.053375106531415 -6.137581191156718 -6.194017184043889 -6.33943691174787 -6.4684334669185475 -6.47828737043853 -6.385421794841121 -6.362130750157527 -6.420656965003483 -6.705822960809031 -6.812125677570052 -6.582798468377736 -5.7986666306967205
-3.133633633246963 -3.167674390861447 -3.401182043971331 -3.8425174804117503 -4.156946583640276 -4.65710683806362 -5.29761056686247 -5.695051342168422 -5.940204517620103 -6.075770341804102 -6.019334348916931 -5.670565884936951 -5.086796752162242 -4.614107986340061 -4.356114875998706 -4.242944287087394 -4.249812159237686 -4.321178308973314 -4.4528622923767145 -4.6072401141897705 -4.757437492085258 -5.001694858126031 -5.184439977951158 -5.329859705655139 -5.506632762740882 -5.59949833833829 -5.668774266115136 -5.734168353111382 -5.814193993819117 -5.861970495734183 -5.9539402619206845 -5.85241519535117 -5.9234827419498295 -5.984994988165477 -5.9781271160151865 -5.883469921595962 -5.761341238575576 -5.744918066042272 -5.792694567957337 -5.732078131152598 -5.319109992724249 -4.517360569962053
-2.6277999192212054 -2.888480457795282 -3.2769631389921603 -3.6881396585986943 -4.159036805599061 -4.7195148936901745 -5.211612863415351 -5.563068755628053 -5.7986666306967205 -5.90198331608805 -5.78493088639614 -5.4000314428428915 -4.804318184589416 -4.4734659088275865 -4.276089235290971 -4.233986192978319 -4.269221363140681 -4.367760398340503 -4.511388507222669 -4.661884488255127 -4.846421226902068 -5.091574402353749 -5.256701937097694 -5.362108844447808 -5.461543689058539 -5.5311182199723525 -5.572026849737128 -5.597408116379507 -5.59949833833829 -5.583672372078925 -5.546645583094749 -5.428398740854962 -5.507528572151789 -5.4197392498828565 -5.388385920501094 -5.345387068777535 -5.268347459439491 -5.239084352016514 -5.091574402353749 -4.754750063852535 -4.218458829855924 -3.4859853348705725
-2.353383636346546 -2.687221943478068 -2.9977692059259953 -3.3065248495521073 -4.170682327940858 -4.785804790097329 -5.149204807788797 -5.444224707114327 -5.634434905363682 -5.682211407278748 -5.495883049809992 -5.05544342278048 -4.643371093763038 -4.455848323746406 -4.299678883111535 -4.270117172551588 -4.27997107607157 -4.35820509795749 -4.50063879429178 -4.661884488255127 -4.905843251158931 -5.073061007861661 -5.261479587289201 -5.372858557378698 -5.382413857761711 -5.4089895369519665 -5.388385920501094 -5.352254940927826 -5.329859705655139 -5.291638504123086 -5.248639652399527 -5.177572105800867 -5.229230448496532 -5.202953372443245 -5.244757811618928 -5.239980161427422 -5.1100877968458365 -4.8658304308050635 -4.437334929254318 -4.1745641687214565 -3.6072182084800515 -2.913861724437661
