static/data/pressure/2023/7/8/0.asc
ncols 137
nrows 93
xllcorner 108.0
yllcorner 17.0
cellsize 0.25
NODATA_value -32767
[rows 19 to 37 of 93, columns 0 to 42 of 137]
100.53328259235805 100.53400451871576 100.568025298323 100.61323593647475 100.6160334011109 100.5373434281202 100.44908793088979 100.37924155578106 100.33998681008043 100.3244653933896 100.31083903338777 100.30028086040622 100.3078610871622 100.32175816954818 100.31887046411732 100.29901748928022 100.29838580371722 100.2797059592114 100.2221323321838 100.14335211839837 100.06691816527552 100.0118712804999 99.96278028817544 99.93588853135061 99.93029360207835 99.9267742110845 99.91775013161309 99.91251616551968 99.91829157638136 99.9070114770421 99.90412377161125 99.90502617955839 99.90502617955839 99.9044847347901 99.90403353081653 99.9070114770421 99.91639651969238 99.94428092525904 99.96296076976486 99.96476558565915 99.94265659095419 99.91991591068621 99.9158550749241
100.51415154387865 100.49926181275083 100.48202582096043 100.46235332771276 100.41750365273985 100.3807756492912 100.33285778729801 100.28836907550395 100.24703879152489 100.25588238940688 100.26310165298399 100.26887706384571 100.27889379205897 100.32491659736316 100.29387376398151 100.21951534913708 100.14398380396136 100.10400713190303 100.0533820460684 100.00302768261791 99.97451159148827 99.96223884340715 99.95213187439916 99.95050754009432 99.94834176102118 99.93679093929777 99.9280375822105 99.92262313452764 99.91964518830208 99.91441122220867 99.91296736949324 99.91278688790382 99.90989918247296 99.9101699048571 99.9089065337311 99.9089065337311 99.91098207200953 99.93552756817176 99.95276355996215 99.95384644949873 99.93065456525721 99.91964518830208 99.91883302114965
100.51388082149451 100.47976980109259 100.44863672691622 100.39936525300232 100.34034777325928 100.29549809828636 100.26535767285185 100.23927808317949 100.25272396159188 100.27708897616468 100.28114981192682 100.27573536424397 100.27365982596555 100.29378352318679 100.25209227602888 100.181975178536 100.12602588581326 100.08072500686677 100.04336531785513 100.03334858964188 100.04471892977584 100.02161728632903 99.99436456632537 99.97785050089269 99.95601222857186 99.94310779492776 99.93697142088719 99.93453491942992 99.9300228796942 99.92984239810478 99.92848878618408 99.92650348870036 99.9236157832695 99.9204573554545 99.91811109479194 99.91558435253995 99.91540387095053 99.9267742110845 99.93336178909864 99.93354227068806 99.92821806379993 99.93327154830392 99.93426419704578
100.39828236346574 100.36615664054752 100.33800151259672 100.29378352318679 100.2707721205347 100.28015716318497 100.27708897616468 100.34648414729983 100.40333584796973 100.40577234942701 100.37815866624449 100.3629079719378 100.32933839630415 100.30172471312164 100.25750672371171 100.18720914462943 100.13153057429082 100.10427785428716 100.10175111203517 100.10166087124045 100.09128317984832 100.03028040262159 100.00212527467079 99.98046748393939 99.96999955175255 99.96025354592344 99.95375620870401 99.94987585453131 99.9465369451269 99.9459955003586 99.94410044366961 99.94103225664932 99.93913719996033 99.93489588260877 99.93137649161493 99.92912047174707 99.93065456525721 99.9351666049929 99.94076153426518 99.9433785173119 99.9434687581066 99.95213187439916 99.95926089718158
100.38889732081547 100.34052825484872 100.3130048124609 100.29874676689607 100.29540785749165 100.31508035073932 100.3698565131308 100.43834927631882 100.47101644400531 100.45666815764578 100.4222864148597 100.40577234942701 100.37509047922423 100.35740328346026 100.31065855179833 100.24252675178917 100.16428798277205 100.13450852051639 100.09723907229946 100.0815371740192 100.06060130964553 100.03064136580045 100.00726899996948 99.9888598778478 99.98353567095968 99.97640664817726 99.97063123731556 99.967021605527 99.96449486327501 99.96350221453315 99.95989258274457 99.95628295095601 99.95339524552516 99.9491539281736 99.94761983466346 99.94834176102118 99.95150018883618 99.95628295095601 99.96034378671816 99.96539727122214 99.9728872571834 99.98290398539669 99.99021348976852
100.55674519898373 100.49808868241955 100.48545497115957 100.46695560824318 100.47002379526346 100.4396126474448 100.48076244983444 100.47760402201943 100.46154116056033 100.44186866731266 100.43789807234523 100.42454243472756 100.39810188187631 100.4044187375063 100.36245676796423 100.3092146990829 100.23602941456977 100.19885020714756 100.11591891680528 100.07522031838921 100.02685125242245 100.0174662097722 100.00636659202235 100.00050094036594 99.99400360314651 99.99111589771566 99.9888598778478 99.98588193162225 99.98100892870768 99.97821146407155 99.97496279546183 99.97252629400455 99.96837521744771 99.96584847519571 99.96539727122214 99.96810449506357 99.97351894274641 99.9784821864557 99.98416735652268 99.99147686089452 100.00239599705493 100.01277368844706 100.02071487838188
100.65998066813667 100.64283491714099 100.637781432637 100.59049525620681 100.55439893832116 100.5238975497078 100.5194757507668 100.47913811552958 100.45928514069249 100.43013736399982 100.4261667690324 100.38258046518548 100.35740328346026 100.36624688134224 100.36723953008409 100.31526083232876 100.27961571841668 100.23350267231777 100.14696175018693 100.09399040368974 100.042462909908 100.03028040262159 100.01936126646119 100.01349561480477 100.01060790937392 100.00898357506905 100.00726899996948 100.00374960897562 99.9989668468558 99.99562793745137 99.9920183056628 99.98958180420551 99.98714530274823 99.98461856049626 99.98534048685397 99.98904035943723 99.99463528870952 100.0015838299025 100.00708851838006 100.01845885851404 100.03009992103216 100.04047761242428 100.0508553038164
100.61395786283246 100.6058361913082 100.61973327369418 100.53626053858362 100.50178855500283 100.51099311606367 100.5194757507668 100.48789147261685 100.46948235049518 100.43203242068881 100.38510720743749 100.31941190888561 100.27826210649597 100.25109962728702 100.25398733271788 100.26698200715671 100.25371661033374 100.20724260105595 100.16374653800376 100.112219044222 100.09272703256376 100.0667376836861 100.05175771176356 100.0322657001053 100.0303706434163 100.02946823546917 100.02549764050174 100.02233921268675 100.01900030328233 100.01701500579861 100.01250296606291 100.00970550142677 100.00762996314835 100.00826164871134 100.00934453824792 100.01250296606291 100.01836861771933 100.02540739970702 100.03325834884716 100.04616278249127 100.05699167785696 100.0680912956068 100.07873970938307
100.51108335685838 100.53571909381533 100.56973987342256 100.51974647315095 100.51983671394565 100.5316582580532 100.53075585010606 100.486267138312 100.4517049139365 100.41696220797157 100.37436855286651 100.32500683815788 100.23891712000062 100.18612625509287 100.16952194886547 100.19126998039157 100.20634019310882 100.18116301138359 100.14786415813408 100.13315490859569 100.13198177826439 100.11438482329514 100.0923660693849 100.06836201799095 100.0463432640807 100.04724567202784 100.0476066352067 100.04589206010714 100.04201170593441 100.03912400050356 100.034882683152 100.0335290712313 100.0328973856683 100.03398027520487 100.03695822143042 100.03966544527185 100.0450798929547 100.05049434063756 100.05816480818825 100.06971562991166 100.07882995017778 100.09001980872233 100.10247303839289
100.48328919208643 100.48996701089528 100.50485674202311 100.51451250705752 100.5188440652038 100.52091960348223 100.50404457487069 100.44926841247921 100.39846284505516 100.36913458677309 100.34134042200114 100.31372673881862 100.24622662437245 100.2048963403934 100.17601928608488 100.16275388926191 100.16564159469276 100.16961218966019 100.15860281270506 100.14777391733936 100.14777391733936 100.15661751522134 100.1429009144248 100.11321169296386 100.08000308050906 100.06745961004381 100.06971562991166 100.06953514832223 100.06827177719623 100.06664744289138 100.06403045984467 100.06321829269224 100.06186468077152 100.06312805189752 100.06773033242794 100.07016683388524 100.07549104077336 100.0802738028932 100.08487608342364 100.09146366143776 100.10166087124045 100.11637012077885 100.13053792554896
100.57813226733097 100.51613684136237 100.46551175552776 100.43988336982895 100.43798831313995 100.45152443234707 100.46722633062733 100.47372366784674 100.43401771817253 100.3742783120718 100.30975614385119 100.25786768689058 100.2305247260922 100.22249329536265 100.20823524979781 100.18865299734486 100.16762689217647 100.17024387522318 100.16699520661348 100.16158075893063 100.15959546144691 100.16870978171305 100.17051459760732 100.15336884661164 100.12548444104497 100.10229255680346 100.09462208925275 100.09137342064304 100.09038077190118 100.09011004951704 100.08641017693377 100.08650041772849 100.08686138090734 100.09001980872233 100.09678786832589 100.0962464235576 100.10364616872417 100.113482415348 100.12241625402469 100.1237698659454 100.13450852051639 100.15165427151207 100.16600255787162
100.58823923633895 100.55990362679873 100.52164152983994 100.48022100506616 100.46316549486518 100.46614344109075 100.47002379526346 100.47327246387317 100.4581120103612 100.43311531022539 100.38736322730534 100.34341596027956 100.28683498199382 100.23765374887462 100.19587226092199 100.17737289800559 100.18459216158273 100.18071180741002 100.17998988105231 100.18991636847085 100.20516706277755 100.20922789853967 100.18612625509287 100.16239292608304 100.13685478117897 100.12088216051457 100.12097240130927 100.11691156554714 100.113482415348 100.10987278355944 100.10572170700257 100.10770700448629 100.10815820845987 100.11041422832771 100.11727252872599 100.12133336448814 100.12801118329698 100.13550116925825 100.14235946965651 100.14984945561778 100.16510014992447 100.17764362038973 100.18549456952987
100.6070093216395 100.59735355660507 100.6243355542246 100.61504075236904 100.59762427898922 100.56784481673355 100.54934545381717 100.46975307287931 100.4153378736667 100.41127703790457 100.43437868135139 100.42309858201213 100.3712101250515 100.28521064768896 100.23386363549663 100.1953308161537 100.19208214754399 100.19415768582242 100.19496985297484 100.20462561800926 100.22574196397235 100.2464071059619 100.22565172317763 100.19289431469642 100.16428798277205 100.13577189164239 100.13288418621154 100.12999648078068 100.12873310965469 100.12710877534983 100.12079191971985 100.119167585415 100.1205211973357 100.12422106991897 100.13062816634368 100.13577189164239 100.14687150939223 100.15508342171121 100.16284413005661 100.17322182144873 100.18513360635102 100.18847251575544 100.19451864900127
100.5712739669327 100.61901134733647 100.67153148986007 100.70934238284529 100.72323946523126 100.6940014477439 100.64003745250486 100.5437505245449 100.48022100506616 100.48897436215343 100.51478322944166 100.47841618917187 100.41434522492486 100.35316196610869 100.31020734782476 100.27014043497171 100.2036329692674 100.19984285588941 100.20652067469824 100.21076199204981 100.21734957006394 100.2247493152305 100.24225602940504 100.21554475416966 100.20976934330795 100.1793581954893 100.16726592899761 100.1549931809165 100.15336884661164 100.1524664386645 100.14398380396136 100.13658405879482 100.13459876131111 100.13874983786795 100.15300788343279 100.1549931809165 100.16365629720904 100.16979267124961 100.17773386118445 100.19415768582242 100.20498658118812 100.20958886171853 100.22222257297851
100.52922175659592 100.57695913699969 100.64888105038683 100.72396139158897 100.74047545702166 100.73352691582866 100.68109701409976 100.637781432637 100.64770792005555 100.65258092297012 100.5962706670685 100.53066560931134 100.45964610387135 100.42327906360156 100.38041468611235 100.30596603047321 100.22141040582609 100.20173791257841 100.21653740291151 100.22059823867366 100.21364969748066 100.19515033456427 100.21022054728152 100.2298930405292 100.22565172317763 100.22420787046221 100.2241176296675 100.21428138304367 100.22745653907192 100.23034424450277 100.23088568927106 100.19424792661712 100.19009685006027 100.15111282674378 100.16221244449362 100.16898050409718 100.17466567416416 100.18089228899944 100.19614298330613 100.21915438595823 100.23386363549663 100.24758023629317 100.26021394755314
100.4651507923489 100.47453583499917 100.5291315158012 100.6064678768712 100.65646127714282 100.6493322543604 100.6199137552836 100.61846990256818 100.6741484729068 100.68172869966277 100.62514772137703 100.54429196931318 100.50639083553325 100.46163140135505 100.3597495441228 100.28466920292068 100.23602941456977 100.19045781323914 100.20597922992998 100.23251002357591 100.23296122754948 100.20047454145241 100.1831483088673 100.20273056132027 100.2273662982772 100.24171458463675 100.25137034967116 100.263733338547 100.27699873536997 100.32798478438345 100.35216931736683 100.31390722040804 100.25777744609586 100.21861294118995 100.18928468290785 100.1915407027757 100.19695515045855 100.20516706277755 100.2208689610578 100.24397060450461 100.26301141218929 100.27690849457525 100.28963244662995
100.39277767498817 100.40135055048603 100.3820390204172 100.43284458784125 100.49547169937284 100.52146104825052 100.48635737910672 100.50972974493767 100.59590970388966 100.59789500137336 100.55322580798988 100.49375712427329 100.50449577884426 100.40252368081731 100.29964917484321 100.23810495284819 100.22890039178735 100.18179469694658 100.17737289800559 100.20309152449911 100.23575869218563 100.21220584476524 100.18359951284087 100.18946516449728 100.21283753032824 100.23512700662263 100.23711230410635 100.25254348000246 100.30073206437979 100.36308845352724 100.42147424770727 100.4587436959242 100.39963597538646 100.35487654120826 100.30109302755865 100.26995995338228 100.23810495284819 100.2464071059619 100.25100938649231 100.26526743205714 100.28277414623167 100.29658098782294 100.30948542146704
100.37824890703921 100.3763538503502 100.33764054941786 100.35162787259854 100.41578907764028 100.44953913486336 100.4779649851983 100.51586611897822 100.58201262150368 100.5507893065326 100.50160807341341 100.45414141539378 100.4382590355241 100.32852622915173 100.25046794172403 100.19325527787527 100.19000660926557 100.16564159469276 100.15878329429448 100.17186820952804 100.20002333747884 100.19253335151755 100.1818849377413 100.18775058939772 100.20724260105595 100.22637364953535 100.22095920185251 100.2419853070209 100.29252015206079 100.3545155780294 100.41226968664643 100.50115686943982 100.55936218203044 100.5477211195123 100.44962937565808 100.34025753246458 100.2945054495445 100.28521064768896 100.2853911292784 100.28963244662995 100.30361976981064 100.31724612981247 100.33258706491387
100.3757221647872 100.36850290121009 100.3724734961775 100.39963597538646 100.48076244983444 100.54402124692905 100.60015102124122 100.6403984156837 100.66945595158165 100.64175202760443 100.59437561037952 100.52353658652893 100.34025753246458 100.21346921589124 100.16446846436148 100.15914425747334 100.14371308157723 100.13739622594724 100.14723247257108 100.1589637758839 100.16979267124961 100.17764362038973 100.17926795469458 100.19009685006027 100.20679139708238 100.2241176296675 100.23386363549663 100.25290444318131 100.2867447411991 100.33574549272886 100.36696880769995 100.43988336982895 100.49998373910854 100.49989349831384 100.4197596726077 100.33312850968215 100.3136364980239 100.30975614385119 100.32040455762747 100.32473611577373 100.33114321219844 100.34413788663727 100.3629079719378
