static/data/pressure/2023/7/8/6.asc
ncols 137
nrows 93
xllcorner 108.0
yllcorner 17.0
cellsize 0.25
NODATA_value -32767
[rows 57 to 75 of 93, columns 43 to 85 of 137]
100.75852361596448 100.69932565463202 100.66521463423008 100.65646127714282 100.67144124906537 100.70645467741444 100.7310904143714 100.74570942311509 100.7541018170235 100.76330637808434 100.7707963640456 100.78559585437871 100.80878773862024 100.82358722895336 100.8354087730609 100.84091346153846 100.84695959478432 100.86067619558087 100.86609064326372 100.87484400035098 100.88693626684267 100.8992992557185 100.91166224459434 100.9299811259213 100.94315628194956 100.96048251453468 100.97780874711978 100.99495449811546 101.01065639639572 101.02978744487511 101.04215043375093 101.05704016487877 101.06922267216518 101.08041253070972 101.0930462419697 101.10396537813011 101.11885510925795 101.13582037866419 101.15233444409688 101.16993139906613 101.18852100277724 101.20593747615706 101.22380515351044
100.74552894152565 100.69878420986373 100.70122071132101 100.70591323264615 100.7337976382128 100.76402830444205 100.77603033013902 100.78189598179544 100.790559098088 100.79146150603513 100.78992741252499 100.80201967901668 100.82214337623793 100.82945288060978 100.8379355153129 100.84578646445303 100.84732055796317 100.85372765438787 100.86320293783285 100.87466351876155 100.88856060114752 100.90642827850091 100.92140825042345 100.93692966711428 100.95597047479896 100.9722138178475 100.9914351071216 101.009302784475 101.02419251560283 101.04133826659852 101.05397197785848 101.0674178562709 101.0796003635573 101.09079022210184 101.10252152541469 101.11705029336366 101.13194002449148 101.14953697946073 101.16605104489342 101.18328703668382 101.2016961588055 101.21721757549632 101.23418284490258
100.72441259556255 100.72766126417226 100.73280498947095 100.76592336113103 100.79732715769156 100.80779508987838 100.81745085491279 100.82710661994722 100.81654844696565 100.81068279530925 100.78956644934614 100.81095351769339 100.83955984961776 100.82467011848993 100.83152841888821 100.84082322074376 100.84659863160546 100.84921561465218 100.86184932591215 100.87682929783469 100.89307264088323 100.90994766949477 100.93097377466316 100.94478061625442 100.96679937016467 100.98502801069691 101.00397857758686 101.02184625494026 101.03727743083637 101.05090379083822 101.06471063242947 101.07671265812644 101.08952685097584 101.10143863587813 101.1135309023698 101.12977424541835 101.14394205018846 101.16217069072071 101.17904571933225 101.19619147032793 101.21405914768133 101.22705382212015 101.24167283086385
100.75554566973892 100.76565263874689 100.79082982047214 100.82358722895336 100.84280851822747 100.84659863160546 100.86545895770071 100.85228380167244 100.84145490630675 100.82629445279478 100.81708989173394 100.84334996299575 100.85670560061344 100.8379355153129 100.82566276723179 100.8347770874979 100.84082322074376 100.85147163452001 100.86329317862757 100.8852216917431 100.90155527558635 100.91969367532388 100.94108074367114 100.95705336433554 100.97807946950392 100.99748124036746 101.01507819533671 101.03285563189539 101.04810632620207 101.05956690713076 101.0744566382586 101.08492457044544 101.09791924488427 101.11145536409138 101.12327690819892 101.1410543447576 101.15558311270658 101.17381175323882 101.19059654105565 101.20765205125662 101.2221808192056 101.23391212251843 101.2464555929837
100.80860725703081 100.83035528855692 100.85553247028216 100.86735401438969 100.88440952459067 100.88314615346468 100.90760140883219 100.88630458127966 100.90480394419606 100.8896434906841 100.97058948354264 100.97122116910565 100.91797910022433 100.82494084087408 100.81266809279296 100.82818950948378 100.83134793729877 100.85778849015001 100.8693393118734 100.89171902896251 100.91427922764105 100.93241762737858 100.95190963903683 100.97185285466864 100.98990101361147 101.01020519242215 101.02789238818612 101.04296260090337 101.0585742583889 101.06859098660219 101.08429288488244 101.09485105786398 101.10820669548167 101.12183305548349 101.13419604435934 101.15197348091802 101.16695345284056 101.18455040780982 101.20142543642136 101.21469083324433 101.2285879156303 101.23905584781714 101.2484408904674
100.87267822127784 100.89027517624709 100.89442625280394 100.90471370340134 100.91843030419788 100.91509139479348 100.93665894473014 100.92258138075474 100.94983410075841 101.1844601670151 101.30881198213115 101.19844749019579 100.95290228777868 100.84596694604247 100.8135705007401 100.83143817809349 100.83206986365649 100.86293221544872 100.87746098339768 100.90191623876521 100.92519836380146 100.9465854321487 100.96373118314438 100.9862913818229 101.00054942738774 101.02121456937726 101.03664574527338 101.05144523560651 101.06795930103918 101.07851747402073 101.0943096130957 101.10622139799796 101.11939655402622 101.13365459959105 101.14664927402988 101.16289261707843 101.1780530705904 101.19546954397022 101.20909590397204 101.2221808192056 101.23255851059773 101.24221427563212 101.2503359471564
100.9171669330719 100.91617428433004 100.92203993598645 100.93160546022615 100.94081002128699 100.94432941228084 100.9651750358598 100.96454335029681 101.06777881944976 101.33083073604139 101.53333107937986 101.32695038186868 100.97040900195321 100.84479381571118 100.81221688881938 100.8359502178292 100.8391988864389 100.86572968008485 100.89009469465766 100.91509139479348 100.94315628194956 100.96670912936995 100.97970380380877 100.99928605626174 101.01246121229 101.03141177917996 101.04684295507607 101.06092051905148 101.0770736213053 101.08943661018114 101.1045970636931 101.11723077495309 101.13094737574963 101.14502493972503 101.15856105893215 101.17345079005997 101.18897220675079 101.20295952993149 101.21631516754918 101.22633189576244 101.23535597523386 101.24257523881099 101.24979450238811
100.93990761333986 100.93810279744557 100.94667567294341 100.95633143797782 100.9593996249981 100.97835019188807 100.97320646658936 100.96977731639022 101.06317653891934 101.23481453046557 101.35095443326264 101.06281557574047 100.8576982493553 100.79110054285628 100.80454642126868 100.82782854630493 100.84659863160546 100.87321966604613 100.90047238604978 100.92691293890103 100.95290228777868 100.97492104168893 100.99116438473746 101.00858085811728 101.02608757229183 101.04269187851922 101.05758160964704 101.07229085918544 101.087270831108 101.10053622793097 101.11533571826409 101.12896207826591 101.14276891985718 101.15657576144844 101.17002163986085 101.18355775906797 101.19817676781165 101.2100885527139 101.22019552172189 101.22903911960387 101.23589742000215 101.24302644278455 101.24916281682512
100.95894842102453 100.96084347771352 100.96707009254881 100.97419911533122 100.9811476565242 100.99955677864588 100.9612946816871 101.01164904513757 101.17471416118597 101.33209410716739 101.30366825683245 100.92817631002701 100.76556239795218 100.79001765331971 100.81420218630309 100.82160193146964 100.85246428326187 100.88377783902769 100.9083233351899 100.93810279744557 100.96219708963424 100.98322319480263 101.00506146712344 101.0208536061984 101.03980417308837 101.05297932911664 101.06795930103918 101.08320999534587 101.09602418819527 101.11208704965438 101.12490124250378 101.13897880647917 101.15269540727573 101.16632176727757 101.17994812727939 101.19104774502922 101.20241808516322 101.21297625814476 101.22227106000032 101.22958056437216 101.2342730856973 101.2407704229167 101.24483125867884
100.97519176407307 100.97753802473564 100.98466704751806 100.99233751506875 100.99883485228817 101.01146856354815 100.9754624864572 101.10207032144112 101.40970119062152 101.55796681633682 101.26793290212565 100.89271167770437 100.76556239795218 100.79795884325456 100.81384122312424 100.82142144988022 100.86879786710513 100.88982397227352 100.9216789728076 100.95127795347383 100.97519176407307 100.99630811003617 101.01814638235699 101.0322239463324 101.05153547640121 101.06480087322419 101.08005156753087 101.0943096130957 101.10558971243496 101.12291594502007 101.1332936364122 101.14845408992417 101.16090731959471 101.17272886370226 101.1850918525781 101.19483785840723 101.20665940251476 101.21478107403904 101.22254178238447 101.22822695245144 101.23264875139243 101.23770223589644 101.23968753338015
100.99206679268461 100.99170582950575 100.99955677864588 101.00704676460715 101.00569315268643 101.03132153838526 100.98917908725376 101.10405561892483 101.38939701181086 101.40031614797125 101.00614435666 100.80869749782553 100.77991068431173 100.79173222841928 100.81131448087224 100.8308967333252 100.87989748485496 100.89632130949293 100.93792231585614 100.95985082897167 100.98457680672334 101.00885158050143 101.02807286977554 101.04720391825494 101.06480087322419 101.07851747402073 101.09232431561199 101.10577019402439 101.11741125654251 101.1326619508492 101.1416860303206 101.15522214952772 101.16677297125113 101.17706042184854 101.18996485549265 101.1965524335068 101.20765205125662 101.21478107403904 101.2209174480796 101.22642213655716 101.22867815642502 101.23219754741886 101.23391212251843
101.00442978156043 101.00018846420889 101.00803941334901 101.01191976752172 101.009302784475 101.04079682183023 100.99730075877802 101.09106094448599 101.26206725046923 101.2515993182824 100.85553247028216 100.72594668907269 100.76077963583234 100.7815350186166 100.80707316352067 100.84741079875789 100.88828987876337 100.91310609730976 100.95389493652053 100.97456007851007 101.00045918659303 101.02608757229183 101.04079682183023 101.06407894686647 101.07842723322601 101.0949412986587 101.1078457323028 101.11840390528437 101.13031569018663 101.1403324183999 101.15007842422902 101.16180972754185 101.17020212145027 101.18039933125296 101.19077702264508 101.19691339668564 101.20783253284606 101.21396890688662 101.21992479933775 101.22317346794745 101.22443683907345 101.22831719324616 101.22831719324616
101.01318313864772 101.00966374765386 101.01552939931028 101.01480747295257 101.01706349282043 101.03466044778968 100.99757148116217 101.04566982474479 101.1225549818412 101.0955729842217 100.75581639212307 100.69968661781087 100.77819610921216 100.79019813490913 100.8347770874979 100.8706026829994 100.90534538896435 100.93584677757771 100.96941635321136 100.9901717359956 101.014356268979 101.03845056116766 101.05559631216335 101.0802320491203 101.09169263004898 101.10947006660767 101.12002823958923 101.13040593098134 101.1403324183999 101.14818336754003 101.156395279859 101.16559984091985 101.17308982688111 101.1819334247631 101.19068678185036 101.19745484145393 101.20783253284606 101.2113519238399 101.21766877946989 101.21920287298003 101.22109792966903 101.2241661166893 101.22389539430516
101.01715373361513 101.0157098808997 101.01760493758871 101.02058288381426 101.01895854950942 101.0265387762654 100.99757148116217 101.02229745891383 101.08483432965072 100.97816971029863 100.72684909701984 100.72991728404011 100.79218343239285 100.80680244113654 100.85571295187158 100.90119431240748 100.92646173492744 100.96147516327653 100.98556945546518 101.00903206209087 101.0348409293791 101.05460366342149 101.07409567507973 101.0943096130957 101.10567995322967 101.12390859376193 101.13194002449148 101.1416860303206 101.14827360833475 101.15477094555416 101.16171948674715 101.16767537919827 101.17471416118597 101.18220414714725 101.18942341072437 101.19646219271208 101.2048545866205 101.2081934960249 101.21414938847605 101.21496155562846 101.21757853867518 101.21992479933775 101.2209174480796
101.02319986686098 101.02482420116583 101.02644853547068 101.02617781308655 101.02455347878168 101.02608757229183 101.00939302526972 101.02103408778784 100.99053269917447 100.87953652167612 100.78857380060428 100.8052683476264 100.83315275319305 100.85832993491829 100.9057063521432 100.93178594181559 100.95506806685182 100.9862913818229 101.00370785520272 101.02960696328569 101.04783560381793 101.06823002342333 101.08690986792915 101.10504826766667 101.11930631323152 101.13419604435934 101.1416860303206 101.15080035058674 101.15747816939557 101.15928298528986 101.16668273045642 101.16839730555598 101.17597753231198 101.18256511032611 101.18906244754552 101.19628171112265 101.20097423244779 101.20539603138879 101.20981783032975 101.2113519238399 101.21378842529718 101.21658588993333 101.21757853867518
101.03078009361697 101.03231418712711 101.03447996620025 101.03466044778968 101.03132153838526 101.02996792646454 101.01859758633057 101.01083687798514 100.98394512116035 100.95064626791084 100.89966021889737 100.89559938313522 100.89731395823479 100.92267162154945 100.94171242923413 100.96616768460166 100.98584017784933 101.01155880434285 101.0259070907024 101.04792584461265 101.06443991004534 101.08239782819344 101.10143863587813 101.11470403270108 101.13221074687563 101.1415957895259 101.15080035058674 101.15883178131628 101.162080449926 101.16370478423086 101.16740465681413 101.16821682396656 101.1761580139014 101.18039933125296 101.18689666847239 101.19285256092351 101.19583050714908 101.20133519562664 101.20259856675264 101.20539603138879 101.20882518158791 101.21171288701876 101.21369818450248
101.03890176514123 101.04133826659852 101.04296260090337 101.04368452726108 101.04196995216151 101.03727743083637 101.02978744487511 101.01868782712528 101.00632483824944 100.98926932804847 100.97428935612592 100.9631897383761 100.96535551744924 100.97708682076207 100.9914351071216 101.00641507904415 101.02229745891383 101.03285563189539 101.05072330924878 101.06660568911848 101.08005156753087 101.09629491057942 101.11109440091252 101.1238183529672 101.13807639853205 101.14565662528803 101.15693672462729 101.16117804197886 101.16379502502556 101.16578032250928 101.16559984091985 101.16767537919827 101.17408247562297 101.17796282979567 101.18292607350496 101.18806979880367 101.19014533708209 101.19555978476494 101.19709387827507 101.20214736277907 101.20467410503106 101.20729108807777 101.2107202382769
101.04467717600293 101.04918921573865 101.0520769211695 101.0527086067325 101.05090379083822 101.04603078792366 101.04242115613508 101.03529213335267 101.02744118421253 101.01904879030414 101.011829526727 101.00903206209087 101.01255145308471 101.01796590076756 101.02644853547068 101.03565309653153 101.04621126951308 101.05929618474661 101.07283230395373 101.07969060435201 101.09340720514855 101.10631163879268 101.11822342369494 101.13094737574963 101.1410543447576 101.15052962820259 101.158922022111 101.16180972754185 101.16316333946257 101.16433646979385 101.16280237628371 101.16839730555598 101.17047284383442 101.17480440198068 101.1787749969481 101.18166270237896 101.1844601670151 101.18806979880367 101.19059654105565 101.19610122953321 101.1998011021165 101.20323025231563 101.20629843933591
101.05279884752721 101.05694992408405 101.06092051905148 101.06272533494577 101.0611010006409 101.0559572753422 101.05009162368579 101.04566982474479 101.04115778500908 101.03854080196237 101.03547261494211 101.03592381891568 101.03727743083637 101.04368452726108 101.05117451322236 101.05956690713076 101.06795930103918 101.07806627004716 101.08293927296172 101.09358768673799 101.1045970636931 101.11335042078038 101.12345738978836 101.13491797071705 101.14267867906246 101.15152227694445 101.15585383509072 101.16027563403172 101.16235117231014 101.1615390051577 101.16072683800529 101.16415598820443 101.16559984091985 101.17065332542384 101.17381175323882 101.17543608754369 101.17922620092168 101.1818431839684 101.18806979880367 101.19240135694994 101.19592074794379 101.1985377309905 101.1991694165535
