static/data/thetao/2023/7/23/0.asc
ncols 137
nrows 93
xllcorner 108.0
yllcorner 17.0
cellsize 0.25
NODATA_value -32767
[rows 0 to 26 of 93, columns 61 to 121 of 137]
-32767.0 -32767.0 -32767.0 -32767.0 -32767.0 -32767.0 -32767.0 -32767.0 -32767.0 -32767.0 -32767.0 -32767.0 -32767.0 -32767.0 -32767.0 -32767.0 -32767.0 -32767.0 -32767.0 23.551176 21.766407 21.83373 22.90927 23.915266 23.535017 23.592672 23.83076 24.193895 24.465208 24.52382 24.537098 24.45294 24.67438 24.51387 24.203096 24.04944 24.318647 24.480947 23.255777 23.398033 23.133389 23.365711 23.213242 23.480177 23.708958 23.93705 24.00944 23.847921 23.854876 23.795876 23.758957 23.729158 23.84337 23.983898 24.0567 23.865507 23.685694 23.73722 24.040804 23.317862 23.497076
24.874964 25.920387 26.550846 27.219963 27.394075 27.557747 27.848541 -32767.0 -32767.0 -32767.0 -32767.0 -32767.0 -32767.0 -32767.0 -32767.0 -32767.0 -32767.0 -32767.0 22.535162 22.553137 22.855455 23.868841 23.91006 23.134005 23.369318 22.963665 23.104513 23.814928 23.656765 22.809942 22.05478 22.513523 24.088392 24.399284 24.257633 24.08529 24.347864 23.921797 23.599445 23.638018 23.277164 23.524942 23.695011 23.643047 24.07169 23.79712 23.592041 23.846773 23.980333 24.033466 23.932493 24.002798 24.089209 24.251287 23.772068 23.934195 23.925877 23.433926 23.538897 23.911276 23.977827
25.916327 25.314493 24.576025 24.668983 25.15507 26.199614 27.037737 26.431234 25.49931 -32767.0 -32767.0 -32767.0 -32767.0 -32767.0 -32767.0 -32767.0 -32767.0 -32767.0 22.835985 22.04289 22.977772 23.356283 22.965128 23.490953 22.737059 22.557304 21.698841 21.194368 21.552732 21.232487 21.497099 22.451593 23.340902 24.112352 24.157528 24.36489 24.59141 24.258245 23.91672 23.741428 23.923456 23.807049 24.029428 24.003977 23.875668 23.620764 24.143623 24.366133 24.439583 24.426405 23.984112 23.926958 23.94006 24.116987 24.074896 24.16682 23.87587 23.50299 23.657372 24.079584 24.561739
23.54838 23.467949 23.609503 23.939648 24.281624 24.56119 24.54642 25.843754 25.952803 -32767.0 -32767.0 -32767.0 -32767.0 -32767.0 -32767.0 -32767.0 -32767.0 24.997538 22.997358 21.803457 22.765863 22.837177 23.136543 23.547039 23.963747 23.25155 20.547693 21.635855 24.219809 23.596588 22.774324 22.941265 24.068733 24.239603 24.057903 24.219696 24.022774 23.445654 23.6495 24.375933 24.386366 24.039984 24.366135 24.113222 24.005253 23.718073 23.91494 24.25958 24.518148 24.358015 24.556023 24.082972 24.061764 24.28898 24.373774 24.173061 24.058622 24.05299 24.17242 24.69376 24.62782
22.7709 23.641222 23.659348 23.460854 23.720535 24.51718 24.368961 25.04427 -32767.0 -32767.0 -32767.0 -32767.0 -32767.0 -32767.0 -32767.0 -32767.0 -32767.0 -32767.0 -32767.0 23.094858 22.360636 23.179007 23.002909 23.328339 23.371344 21.360075 19.444212 23.103384 24.337736 24.326778 22.986286 23.020302 22.906673 23.521528 24.250353 24.467108 23.043991 23.879604 24.00528 24.133505 24.102928 24.167156 24.524473 23.96205 23.926853 23.815697 24.16639 24.420036 24.47609 24.345877 24.500132 24.47921 24.296127 24.291567 24.195612 24.453804 24.60192 24.688572 24.84185 24.697231 24.793219
23.619287 23.531387 23.554255 23.509237 23.426645 23.801828 24.556583 25.869162 -32767.0 -32767.0 -32767.0 -32767.0 -32767.0 -32767.0 -32767.0 -32767.0 -32767.0 -32767.0 -32767.0 -32767.0 22.705292 22.455353 23.087835 23.274113 22.924994 21.701948 20.022518 23.08835 24.425734 24.505743 24.017796 23.781666 23.679272 23.39625 22.866503 22.668736 23.372635 24.308968 23.951813 24.172953 24.291851 24.13991 24.449133 24.031416 24.19639 24.401476 24.439253 24.51418 24.451593 24.540316 24.559832 24.287344 24.023766 24.21624 24.146421 24.16255 24.782976 24.955004 24.715403 24.7185 24.866852
24.202553 24.205013 24.065474 23.637606 23.566526 24.114202 24.970922 26.20548 -32767.0 -32767.0 -32767.0 -32767.0 -32767.0 -32767.0 -32767.0 -32767.0 -32767.0 -32767.0 -32767.0 -32767.0 -32767.0 23.472843 23.181698 22.972874 23.04244 22.362503 20.284163 21.35186 24.500793 24.785578 24.792454 24.748795 24.403425 23.545475 23.397726 24.266577 24.720612 24.590303 24.36004 24.161892 24.069595 24.181658 24.467731 24.679615 24.849636 24.828156 24.539824 24.385033 24.558315 24.554024 24.742723 24.646828 24.324345 24.274963 24.30839 24.603092 25.252617 25.040651 24.974537 24.851297 24.982885
24.448147 24.469105 24.293715 24.211227 24.24915 24.922382 25.1276 -32767.0 -32767.0 -32767.0 -32767.0 -32767.0 -32767.0 -32767.0 -32767.0 -32767.0 -32767.0 -32767.0 -32767.0 -32767.0 -32767.0 -32767.0 23.392725 23.314 23.023825 23.031977 20.289564 20.837606 23.961542 24.291817 24.392948 23.635876 24.627882 24.32611 24.503265 24.768785 24.704962 24.80824 24.581072 24.605412 24.348085 24.576847 24.80775 25.003532 25.104519 24.82476 24.515202 24.35238 24.464252 24.589073 24.60004 24.637817 24.378895 24.390028 24.19033 25.366358 25.250399 25.054007 25.128563 25.005075 25.13469
24.547611 24.54526 24.519665 24.0603 24.074306 24.871464 -32767.0 26.319868 -32767.0 -32767.0 -32767.0 -32767.0 -32767.0 -32767.0 -32767.0 -32767.0 -32767.0 -32767.0 -32767.0 -32767.0 -32767.0 -32767.0 23.436401 23.348598 22.980486 22.907734 20.164595 21.093119 23.891577 23.9844 23.93874 24.728693 24.352781 24.47519 25.12849 25.112673 25.14079 25.105017 25.012398 25.00315 25.065966 25.138996 24.954247 24.797071 25.04234 24.632631 24.308931 24.593327 24.817167 25.027266 24.579832 24.369081 24.354883 24.506083 25.304096 25.62298 25.524231 25.862522 25.9344 25.218864 -32767.0
24.376593 24.633148 24.7983 24.581953 24.21393 24.337484 24.494905 24.5788 25.862076 26.264723 26.021105 26.498177 27.253279 -32767.0 -32767.0 -32767.0 -32767.0 -32767.0 -32767.0 -32767.0 -32767.0 -32767.0 -32767.0 23.69193 23.064577 22.378292 21.427624 22.36678 23.149334 24.40619 24.31758 24.529505 24.308844 24.057804 24.316738 24.71974 25.138657 24.933016 24.863876 25.223228 24.928743 24.945532 24.732992 24.837841 24.835045 24.703878 24.396118 24.439598 24.766327 25.465736 25.379293 25.149815 25.245487 25.366821 25.642155 25.735079 25.794472 26.12477 26.338009 26.254148 25.691467
24.633356 24.956919 25.170906 24.89565 24.540495 24.594545 24.547028 24.494614 25.068293 25.397772 25.066122 25.00486 24.934217 -32767.0 -32767.0 -32767.0 -32767.0 -32767.0 -32767.0 -32767.0 -32767.0 -32767.0 -32767.0 -32767.0 21.735432 22.759186 22.35026 23.059752 22.659594 23.718157 24.782206 24.438549 24.653458 24.50022 24.478798 24.517183 24.377485 24.987387 24.77793 25.29619 24.968512 25.09057 25.172415 24.830084 24.776447 24.824148 24.619907 24.626537 25.359882 25.736275 25.847347 25.805206 25.254524 25.33305 25.630903 25.878998 -32767.0 26.207445 26.19017 26.296926 25.562508
24.41722 24.715216 25.324003 25.310148 24.969866 24.805212 24.772076 24.371063 23.70121 23.915476 24.056267 24.125153 24.29074 25.294277 26.027725 -32767.0 -32767.0 -32767.0 -32767.0 -32767.0 -32767.0 -32767.0 -32767.0 -32767.0 -32767.0 21.310255 22.533667 23.417772 22.401186 21.658543 23.536797 24.764343 24.671211 24.665586 24.832375 25.000599 24.440279 24.897587 24.887255 25.297714 24.832207 25.317284 25.553705 25.676767 25.766869 25.769785 25.781479 25.794466 25.621204 25.793669 25.910652 25.86442 25.875662 25.774052 -32767.0 -32767.0 26.31385 25.905148 25.884573 25.518358 25.810999
24.242064 24.44024 25.098192 25.38832 25.394068 25.320444 25.168055 24.641832 23.529858 23.483582 24.076784 23.552689 23.861277 -32767.0 26.472416 -32767.0 -32767.0 -32767.0 -32767.0 -32767.0 -32767.0 -32767.0 -32767.0 -32767.0 -32767.0 21.14153 22.005398 23.532999 23.905188 23.452997 23.16768 23.717577 24.649239 24.82986 25.064741 25.011002 24.691286 24.675077 25.038155 25.30944 25.124342 25.467201 25.638313 25.678488 25.472446 25.519592 25.584078 25.56088 25.557125 25.626644 25.670078 25.908066 25.927675 26.096413 -32767.0 26.68111 26.31802 26.52276 -32767.0 -32767.0 -32767.0
24.76744 24.690432 25.24815 25.325136 25.306107 25.21996 25.061216 24.972513 24.595549 24.146286 23.588293 23.962894 -32767.0 -32767.0 -32767.0 -32767.0 -32767.0 -32767.0 -32767.0 -32767.0 -32767.0 -32767.0 -32767.0 -32767.0 -32767.0 21.568968 21.367483 23.67416 24.406855 24.220076 23.881163 24.22523 24.899242 25.144209 24.954908 25.00709 24.76342 24.634798 25.003521 25.236452 25.279905 25.462704 25.54933 25.51786 25.573397 25.682194 25.867453 25.623432 25.539415 25.456146 25.54598 25.87994 26.20345 26.307457 26.853355 -32767.0 26.459732 -32767.0 -32767.0 -32767.0 -32767.0
25.185806 24.781096 25.230204 25.378698 25.318325 25.254648 25.185837 25.156809 24.909492 24.212168 23.881874 23.78279 24.946064 -32767.0 -32767.0 -32767.0 -32767.0 -32767.0 -32767.0 -32767.0 -32767.0 -32767.0 -32767.0 -32767.0 -32767.0 21.197496 21.895674 24.585283 25.05886 24.949947 24.232504 24.768906 25.168287 25.112494 24.81901 24.650244 24.812021 24.769913 24.853262 25.261143 25.446125 25.283575 25.694746 25.805004 25.833076 26.101324 25.984673 25.750734 25.496826 25.528505 25.658825 25.864368 26.18774 27.149927 -32767.0 -32767.0 -32767.0 -32767.0 -32767.0 -32767.0 -32767.0
25.39457 25.033436 25.344969 25.442274 25.410517 25.287174 25.238794 24.79181 24.523664 24.256483 24.140419 23.599985 24.215496 25.756882 -32767.0 -32767.0 -32767.0 -32767.0 -32767.0 -32767.0 -32767.0 -32767.0 -32767.0 -32767.0 -32767.0 21.95117 22.509588 25.011602 24.640453 24.594528 25.232327 25.013853 24.792727 24.750183 24.454302 25.195574 25.450169 25.408764 25.618916 25.486526 -32767.0 25.595427 25.912367 25.774555 25.871107 26.197868 25.754057 25.633543 25.583927 25.614996 25.583466 25.772593 -32767.0 -32767.0 -32767.0 -32767.0 -32767.0 -32767.0 -32767.0 -32767.0 -32767.0
25.232409 25.29623 25.33717 25.429161 25.537254 25.475534 25.281921 24.54761 23.856106 23.723206 23.831707 23.741865 23.823772 25.315971 -32767.0 -32767.0 -32767.0 -32767.0 -32767.0 -32767.0 -32767.0 -32767.0 -32767.0 -32767.0 -32767.0 -32767.0 23.851835 25.346394 24.83568 25.192274 24.499475 24.685926 24.776964 25.33568 25.716688 25.557295 24.813604 25.06658 25.331814 25.62214 25.72048 25.93975 25.979395 25.757668 25.766756 25.956028 25.928936 26.037062 25.747372 26.494972 26.461311 26.343025 -32767.0 -32767.0 -32767.0 -32767.0 -32767.0 -32767.0 -32767.0 -32767.0 -32767.0
25.808317 25.653969 25.925041 25.718206 25.536087 25.453339 25.30581 24.827261 23.555298 22.867496 23.430922 23.165367 23.2578 25.418436 25.053728 -32767.0 -32767.0 -32767.0 -32767.0 -32767.0 -32767.0 -32767.0 -32767.0 -32767.0 -32767.0 22.379318 24.716755 25.4349 25.263166 25.139492 25.497217 25.538729 25.648838 25.702108 25.891613 25.671654 25.008389 25.1581 25.725803 26.188663 25.59057 26.775612 26.563559 26.433985 26.090668 26.170113 25.733501 25.557505 -32767.0 27.05377 27.091202 27.421328 -32767.0 -32767.0 -32767.0 -32767.0 -32767.0 -32767.0 -32767.0 -32767.0 -32767.0
26.084301 25.983524 25.917366 25.819656 25.510796 25.14378 24.692347 24.481836 23.869678 22.874725 22.465286 22.885424 24.105629 25.381 -32767.0 -32767.0 -32767.0 -32767.0 -32767.0 -32767.0 -32767.0 -32767.0 -32767.0 -32767.0 -32767.0 23.033438 25.473568 25.382982 25.59878 25.52735 25.914019 26.051317 26.470856 26.829845 26.423458 26.482115 26.137308 26.045767 26.025644 -32767.0 -32767.0 26.822271 26.904463 -32767.0 -32767.0 -32767.0 -32767.0 -32767.0 -32767.0 -32767.0 -32767.0 -32767.0 -32767.0 -32767.0 -32767.0 -32767.0 -32767.0 -32767.0 -32767.0 -32767.0 -32767.0
26.097502 25.961262 25.857025 25.322943 24.84693 24.12984 23.587463 23.569105 23.131233 22.27659 22.366222 21.962708 24.914682 -32767.0 -32767.0 -32767.0 -32767.0 -32767.0 -32767.0 -32767.0 -32767.0 -32767.0 -32767.0 -32767.0 21.70687 25.604397 25.968851 25.73472 25.756735 26.095022 25.971827 26.317043 26.927904 26.633514 26.50384 26.59522 26.359043 25.838114 -32767.0 -32767.0 -32767.0 -32767.0 -32767.0 -32767.0 -32767.0 -32767.0 -32767.0 -32767.0 -32767.0 -32767.0 -32767.0 -32767.0 -32767.0 -32767.0 -32767.0 -32767.0 -32767.0 -32767.0 -32767.0 -32767.0 -32767.0
26.12845 25.982174 25.733839 25.535675 25.23115 24.740149 23.939182 23.01727 22.509361 22.022335 21.739574 21.05587 24.980038 -32767.0 -32767.0 -32767.0 -32767.0 -32767.0 -32767.0 -32767.0 -32767.0 22.46947 23.334963 22.814304 23.8145 25.408846 25.508747 25.785095 25.96308 25.949978 25.974703 26.994062 26.993864 26.363161 26.477055 26.667345 -32767.0 -32767.0 -32767.0 -32767.0 -32767.0 -32767.0 -32767.0 -32767.0 -32767.0 -32767.0 -32767.0 -32767.0 -32767.0 -32767.0 -32767.0 -32767.0 -32767.0 -32767.0 28.061617 -32767.0 -32767.0 -32767.0 -32767.0 -32767.0 -32767.0
26.017868 25.986416 25.540638 25.282492 25.133347 24.86721 24.11226 23.37668 23.374659 22.400068 22.178879 22.35186 23.28805 -32767.0 -32767.0 -32767.0 -32767.0 27.749866 23.898022 24.874681 23.028801 22.68151 22.84674 23.282007 25.897442 25.561333 25.804474 25.789635 26.049795 26.409084 27.070446 27.084883 26.678131 26.498133 26.42237 -32767.0 -32767.0 -32767.0 -32767.0 -32767.0 -32767.0 -32767.0 -32767.0 -32767.0 -32767.0 26.833141 27.722565 -32767.0 -32767.0 -32767.0 -32767.0 -32767.0 -32767.0 -32767.0 26.50696 -32767.0 -32767.0 -32767.0 -32767.0 -32767.0 25.518984
25.948814 25.77387 25.294216 25.055042 24.877954 24.728048 24.456049 23.934774 23.75631 22.734972 22.372416 21.118074 -32767.0 25.441381 -32767.0 24.762598 -32767.0 23.864124 -32767.0 22.105537 22.231606 22.377241 23.01037 25.048222 26.444057 25.981375 25.956882 26.080362 26.644316 27.098984 27.102856 26.800825 26.473715 -32767.0 -32767.0 -32767.0 -32767.0 -32767.0 -32767.0 -32767.0 -32767.0 26.81775 27.293592 27.108883 27.506111 26.615932 26.703403 26.456448 26.823294 -32767.0 -32767.0 -32767.0 -32767.0 -32767.0 26.745256 26.329206 25.76796 26.883726 27.120079 27.054886 26.762133
25.711166 25.655085 25.487474 25.236732 25.097395 24.73872 24.446318 24.214188 24.06942 23.707407 23.091928 22.560087 21.233421 21.082552 21.299288 19.878117 21.362154 21.947693 22.217182 23.252699 24.587463 25.323706 26.363262 26.968517 -32767.0 26.44221 27.134256 27.48982 27.600603 27.297808 27.397518 -32767.0 -32767.0 -32767.0 -32767.0 -32767.0 26.413511 27.081621 25.831587 26.465956 27.055529 27.405376 28.49824 -32767.0 -32767.0 27.183275 27.298368 26.90766 -32767.0 -32767.0 -32767.0 -32767.0 -32767.0 26.120867 26.614168 26.992832 27.820236 27.8575 27.88856 27.898027 27.90582
25.859928 25.692266 25.49667 25.188469 25.124987 25.077217 24.794106 24.769663 23.375565 23.998365 24.320002 24.541628 23.970966 23.561571 23.784306 23.82682 25.105282 24.62408 24.657162 25.475674 26.867975 26.719133 26.707525 26.734413 27.273252 27.757374 27.62855 27.84722 27.425684 27.751938 27.7612 29.70621 -32767.0 26.77696 27.076189 -32767.0 26.4494 26.168085 26.111858 -32767.0 28.195927 28.132317 -32767.0 -32767.0 -32767.0 -32767.0 26.700066 26.025103 -32767.0 -32767.0 -32767.0 -32767.0 26.28264 27.567942 27.288418 27.871948 27.952961 27.840645 27.922714 28.038033 28.145283
26.018974 25.825798 25.484236 25.31891 25.294785 25.252924 25.172306 25.228888 25.390411 25.509281 25.642765 25.76027 25.94415 26.0481 26.137428 26.154877 26.34992 26.469864 26.489195 26.524677 26.726212 27.22285 27.453054 27.508461 27.399134 27.399399 -32767.0 27.59682 27.478912 -32767.0 -32767.0 30.093542 28.431324 27.849825 26.892029 26.080128 26.289124 26.407043 -32767.0 -32767.0 -32767.0 -32767.0 -32767.0 -32767.0 -32767.0 -32767.0 26.842012 25.949934 25.652624 -32767.0 -32767.0 26.94916 27.921623 28.097471 28.089844 28.019913 27.7916 27.800112 28.04367 28.335907 28.554474
25.578001 25.423014 25.365252 25.289087 25.179512 25.284166 25.399359 25.462645 25.586502 25.922844 26.22214 26.46013 26.722502 -32767.0 -32767.0 25.972538 26.967985 27.41177 27.473787 27.564629 27.575527 27.55461 27.580833 27.401144 27.301813 27.212795 27.35534 27.522568 -32767.0 -32767.0 -32767.0 -32767.0 -32767.0 -32767.0 26.56246 26.301027 26.01479 -32767.0 -32767.0 -32767.0 -32767.0 -32767.0 27.536242 -32767.0 26.80711 26.999174 27.124517 26.063429 25.901087 26.284203 -32767.0 27.807287 27.978283 28.082727 28.111483 28.013895 27.848118 27.848969 28.173912 28.520512 28.678995
