static/data/thetao/2023/7/23/12.asc
ncols 137
nrows 93
xllcorner 108.0
yllcorner 17.0
cellsize 0.25
NODATA_value -32767
[rows 54 to 80 of 93, columns 61 to 121 of 137]
29.599962 29.719725 29.693464 29.591995 29.606726 29.81352 29.825794 29.916636 30.281548 30.673779 30.405756 30.093847 30.18938 30.264688 30.134449 30.081053 30.05261 30.148108 30.244556 29.883875 29.70128 29.705532 29.792028 29.75592 29.734087 29.768522 29.541424 29.94713 29.94475 29.934425 29.845573 29.754532 29.662907 29.599709 29.59269 29.648024 29.679726 29.788767 29.684013 29.550003 29.482328 29.5344 29.590738 29.585903 29.669413 29.827932 30.031557 29.988897 29.96023 29.946907 29.68921 29.643265 29.467607 29.581755 29.689102 29.701801 29.910057 29.790016 29.78453 29.766077 29.972643
29.993702 29.875364 29.769169 29.715845 29.819666 30.014158 30.124092 30.206951 30.494839 30.972666 30.439405 30.076864 30.161278 30.164337 30.208105 30.15895 30.127062 29.944193 -32767.0 29.774746 29.82949 29.846624 29.876564 29.855785 29.670853 29.641077 29.592527 29.776814 29.837677 29.94701 29.91061 29.783527 29.788877 29.67662 29.668304 29.671783 29.745932 29.613377 29.49553 29.386646 29.428774 29.400505 29.473265 29.469412 29.550587 29.536812 29.655817 29.904161 29.90147 30.001411 29.863226 29.608484 29.629633 29.570402 29.538483 29.66872 29.90388 29.952787 29.596786 29.909138 30.022623
30.045042 30.067472 30.03595 30.136368 30.207966 30.204826 30.435612 30.534597 30.716745 30.696285 30.26456 30.13038 30.197283 30.168869 30.299603 30.28217 30.23073 30.156084 30.038504 30.120695 29.975462 29.899086 29.898537 29.630117 29.649054 29.66468 29.647253 29.547592 29.87851 29.916098 29.904814 29.787436 29.716253 29.701822 29.69116 29.696926 29.578457 29.428802 29.309488 29.321302 29.222342 29.183687 29.218588 29.306675 29.326687 29.449472 29.46145 29.62892 29.934269 29.864021 29.997496 29.792484 29.58186 29.59879 29.624144 29.618862 29.781776 29.797335 29.893454 29.97974 30.00922
30.576563 30.548265 30.45418 30.28467 30.26909 30.460245 30.54194 30.297684 30.186941 30.101181 30.13986 30.237036 30.23205 30.162254 30.312794 30.135874 30.296364 30.299097 30.33779 30.26881 30.130917 30.165377 30.038391 29.944359 29.699558 29.68981 29.689642 29.499775 29.901958 29.743427 29.835224 29.827354 29.736742 29.718351 29.67195 29.569075 29.46628 29.33515 29.401653 29.321775 29.27934 29.170082 28.987133 29.173218 29.26187 29.281946 29.39935 29.527285 29.907177 30.00459 29.863611 29.996124 29.905731 29.828268 29.751572 29.694347 29.774317 29.699015 29.921236 29.896362 30.034649
30.679773 30.574924 30.48442 30.388973 30.48388 30.506144 30.087301 29.98694 30.14359 30.324457 30.208443 30.135128 30.198961 30.211071 30.237001 30.313524 30.240532 30.279066 30.324863 30.342388 30.218296 30.141474 30.104132 29.986797 29.737701 29.67695 29.573738 29.518621 29.831587 29.773169 29.686445 29.818018 29.794441 29.766628 29.665161 29.564085 29.56959 29.343782 29.407183 29.338736 29.291864 29.11463 28.96242 29.122883 29.216736 29.23695 29.324697 29.53793 29.79315 30.014345 30.047745 29.961412 29.964344 29.99462 30.03519 30.049496 29.912874 30.015371 29.775522 29.869692 30.052849
30.638071 30.500284 30.506376 30.5591 30.129557 29.924257 30.089012 30.19926 30.32427 30.158215 30.2057 30.208353 30.244299 30.274073 30.296106 30.211393 30.204643 30.358795 30.384928 30.29995 30.208818 30.12777 30.047804 30.054646 29.823673 29.630787 29.420406 29.487244 29.811378 29.897648 29.685865 29.702927 29.791502 29.720428 29.649803 29.563318 29.554667 29.386906 29.399567 29.19581 29.070986 29.029947 29.012886 29.07265 29.096636 29.156229 29.336946 29.54141 29.673653 29.87279 29.920242 30.0651 30.187408 30.15099 30.105957 30.082952 30.031769 29.876593 29.718153 30.036987 30.190718
30.608791 30.554382 30.582006 30.065664 29.99768 30.235 30.26306 30.328625 30.266655 30.11319 30.212738 30.161493 30.26085 30.136198 30.04271 29.98592 30.105762 30.210077 30.232489 30.20381 30.048151 30.022173 29.973234 29.898968 29.823061 29.480923 29.402086 29.518028 29.81288 29.907156 29.695633 29.666918 29.636057 29.650122 29.611923 29.571507 29.578453 29.532776 29.374956 29.191679 29.107307 29.10408 29.05056 29.001514 29.02652 29.147924 29.38961 29.461521 29.614918 29.74193 29.866224 30.0839 30.162891 30.233534 30.280905 30.142387 29.984531 29.73572 29.802443 30.207226 30.227518
30.60263 30.636086 30.379448 30.121424 30.06229 30.241222 30.263514 30.289562 30.565258 30.10689 30.208248 30.197739 30.116495 30.0148 30.019335 29.931093 30.070938 30.142012 30.166101 30.087442 29.99059 30.064339 29.97917 29.85937 29.70848 29.410635 29.511517 29.767717 29.82339 29.915493 29.861212 29.6081 29.591242 29.503252 29.430056 29.403019 29.426361 29.417595 29.368994 29.237562 29.12557 29.074741 29.066727 29.010082 29.157 29.443678 29.584692 29.550674 29.571156 29.67078 29.793259 30.101286 30.051022 30.030907 30.21414 30.11531 29.937685 29.689705 30.198929 30.218307 30.259842
30.659983 30.287313 30.286598 29.992805 30.048035 30.227415 30.256676 30.252003 30.262278 30.266788 30.200905 30.163305 29.922033 29.750473 29.774672 29.804113 30.102379 30.086168 30.101454 29.98296 29.951462 30.03423 29.883879 29.779303 29.492134 29.533014 29.799997 29.795437 29.743711 29.83606 29.855532 29.74101 29.56433 29.52039 29.442919 29.374031 29.30682 29.23213 29.192057 29.183271 29.203861 29.253887 29.322012 29.464853 29.608263 29.518677 29.486437 29.526848 29.520678 29.622185 29.76106 30.074076 29.986515 29.938799 30.080656 30.10457 29.822893 30.039232 30.268246 30.239025 30.300583
30.245493 30.130426 30.275667 30.226112 30.145193 30.166504 30.24109 30.240553 30.17231 30.217628 30.235374 30.146143 29.919062 29.684832 29.575783 29.69576 30.03158 30.124063 30.023397 29.910133 29.961208 29.869766 29.777725 29.631252 29.712091 29.832941 29.861713 29.771772 29.742046 29.72118 29.714005 29.698204 29.681963 29.679611 29.640179 29.595636 29.57134 29.59051 29.587133 29.587341 29.542969 29.522326 29.543943 29.495453 29.416523 29.39422 29.450388 29.44179 29.512466 29.596094 29.791348 30.067276 29.94966 30.007244 30.03858 29.997723 29.735823 30.209354 30.225107 30.218502 30.249142
30.343369 30.322458 30.34897 30.346024 30.31607 30.326239 30.205654 30.18713 30.095047 30.050535 30.16788 30.087692 29.763283 29.580723 29.48226 29.530052 29.85629 29.873255 29.91283 29.943232 29.815584 29.846725 29.87902 29.872984 29.906528 29.707256 29.588793 29.558636 29.581612 29.603256 29.612923 29.656572 29.678944 29.69951 29.693491 29.68992 29.657894 29.6113 29.560379 29.530874 29.475632 29.427002 29.387009 29.375822 29.50705 29.648932 29.597515 29.48702 29.483082 29.627813 29.792452 30.057808 29.954866 30.010117 29.998844 29.809956 29.956926 30.264584 30.140411 30.130545 30.0675
30.295063 30.377333 30.382675 30.387156 30.329552 30.232225 30.148815 30.126688 30.047121 29.997738 30.095373 29.998573 29.49576 29.489779 29.463911 29.474417 29.707727 29.793432 29.895199 29.77361 29.66581 29.65875 29.78297 29.875647 29.811996 29.72272 29.720959 29.676054 29.621851 29.624779 29.626802 29.60967 29.503006 29.410559 29.396036 29.425175 29.426943 29.40004 29.384548 29.533825 29.611382 29.584024 29.538757 29.564074 29.6718 29.921482 29.838028 29.519823 29.439287 29.60925 29.814371 30.059813 29.938097 29.980331 29.86685 29.704859 30.173784 30.252655 30.210163 30.016535 30.223774
30.425274 30.330505 30.272165 30.238377 30.192928 30.114195 30.111414 30.062958 29.971272 29.959738 30.037329 29.799797 29.505264 29.43582 29.47659 29.445557 29.705406 29.875605 29.721432 29.522495 29.462208 29.465372 29.421513 29.3059 29.460598 29.805239 29.916134 29.86766 29.77507 29.694517 29.637997 29.610205 29.61206 29.600872 29.496616 29.548021 29.521646 29.583988 29.70679 29.70322 29.66767 29.696697 29.728632 29.741781 29.769186 29.831364 29.890554 29.691507 29.497944 29.582647 29.880054 30.085646 29.896145 29.854485 29.679562 30.072784 30.192865 30.301817 30.287458 30.079016 30.193287
30.263802 30.243284 30.329432 30.278921 30.218231 30.13474 30.095694 30.058702 30.001429 29.958982 29.987858 29.610874 29.494436 29.422516 29.514904 29.567091 29.822813 29.70955 29.434164 29.29582 29.382593 29.36608 29.22032 29.188917 29.116636 29.308243 29.558731 29.794985 29.755974 29.666084 29.663733 29.634838 29.606821 29.623981 29.589058 29.569654 29.523026 29.591494 29.746075 29.63514 29.701126 29.722124 29.754282 29.815186 29.848265 29.84756 29.846256 29.909346 29.768866 29.721722 29.997818 30.133787 29.839333 29.671207 29.718605 30.267319 30.288326 30.298632 30.305584 30.1674 30.085592
30.178074 30.470547 30.310575 30.261055 30.146347 30.100695 30.045153 30.010424 29.957262 29.908781 29.952944 29.49359 29.480059 29.407377 29.572035 29.69129 29.777634 29.438797 29.21885 29.17839 29.234905 29.237944 29.171541 29.257324 29.287098 29.136118 29.312006 29.685787 29.59996 29.51758 29.626116 29.5912 29.589945 29.596638 29.559738 29.589842 29.547358 29.585829 29.714806 29.581173 29.679995 29.755384 29.83179 30.027002 30.107126 30.094442 30.005554 29.938759 29.91114 29.952822 30.073906 30.139093 29.727667 29.563684 30.246101 30.265745 30.005507 30.103203 30.268934 30.208414 30.125977
30.165148 30.524202 30.410769 30.248245 30.060736 30.027592 29.987164 29.96112 29.94939 29.923855 29.932835 29.368288 29.446442 29.378387 29.620073 29.723787 29.568668 29.262941 29.252296 29.099464 29.216711 29.180235 29.192404 29.263218 29.324219 29.164774 29.263025 29.54914 29.579824 29.348705 29.537477 29.566261 29.526566 29.498224 29.561653 29.54932 29.58688 29.587458 29.704325 29.473122 29.577759 29.781538 29.829792 30.190437 30.251587 30.280548 30.27351 30.21358 30.112505 30.098526 30.198393 30.044357 29.618916 29.74948 30.210644 30.15711 29.834686 29.859087 29.899452 29.882986 29.856457
30.182564 30.40844 30.311987 30.37548 30.106176 29.987564 29.944181 29.950155 29.964931 29.986506 29.890524 29.23552 29.431004 29.35701 29.623178 29.648413 29.419321 29.234768 29.183096 29.105087 29.246397 29.14129 29.203287 29.334871 29.290361 29.30892 29.150492 29.27993 29.234035 29.339125 29.555054 29.495783 29.45934 29.432827 29.44547 29.52005 29.486822 29.504654 29.53692 29.429052 29.485964 29.760624 29.780901 30.207687 30.264668 30.317461 30.29864 30.302315 30.226702 30.223015 30.270067 29.84565 29.529676 30.026302 30.154095 30.091053 30.032557 30.134075 30.105127 30.068901 29.89827
30.101 30.140018 30.128582 30.235987 30.244942 29.989452 29.955553 29.989899 30.059805 29.972874 29.810482 29.202215 29.407923 29.332628 29.507805 29.540958 29.391268 29.17149 29.128038 29.249563 29.239809 29.128506 29.274935 29.35682 29.351728 29.280706 29.30163 29.255148 29.259499 29.275724 29.408815 29.459587 29.396414 29.296028 29.27289 29.299427 29.545988 29.44637 29.43968 29.403313 29.513376 29.77727 29.751387 30.18981 30.21251 30.359701 30.362148 30.34582 30.308851 30.33053 30.161957 29.7267 29.596767 30.14007 30.163284 30.112835 30.06686 29.940838 29.802917 29.750483 29.677773
30.285463 30.122572 30.1719 30.267096 30.288149 29.971617 29.951862 30.0731 29.976202 29.911999 29.585115 29.25816 29.394787 29.328775 29.32471 29.433023 29.471067 29.400755 29.33709 29.254623 29.076231 29.218542 29.343637 29.451088 29.493464 29.265453 29.260431 29.30841 29.326145 29.344732 29.36951 29.37145 29.36849 29.352608 29.361425 29.308992 29.369205 29.519234 29.488245 29.483025 29.616669 29.79247 29.751616 30.148968 30.043531 30.28116 30.377094 30.390472 30.36951 30.201263 29.735975 29.680609 30.038034 30.195803 30.079367 29.805096 29.735146 29.794802 29.819893 29.82599 29.792336
30.240585 30.253658 30.243402 30.122068 30.234877 29.935047 29.929585 29.992039 29.893013 29.857878 29.399261 29.25045 29.326681 29.308187 29.290878 29.297155 29.289112 29.273552 29.132784 29.067947 29.236593 29.40601 29.551338 29.596703 29.54648 29.408815 29.22947 29.305826 29.369661 29.418842 29.44923 29.438791 29.41509 29.393055 29.346413 29.296728 29.274115 29.506977 29.524925 29.579664 29.705204 29.863123 29.758694 30.067358 30.201876 29.874882 30.094414 30.176212 30.01643 29.736685 29.84332 30.067997 30.129286 30.041756 29.759945 29.690695 29.771152 29.727592 29.717152 29.766615 29.7776
30.342161 30.372837 30.375324 30.206234 30.154701 29.92766 29.916729 29.922998 29.85785 29.86491 29.449406 29.234919 29.215612 29.129503 29.084366 29.063145 29.048138 29.031368 29.139603 29.315294 29.473825 29.607313 29.59783 29.576963 29.586082 29.626577 29.273478 29.263268 29.435055 29.46039 29.5567 29.585611 29.546755 29.458511 29.360115 29.272337 29.28507 29.48172 29.54062 29.606907 29.793627 29.869373 29.761194 30.006353 30.0382 30.072779 29.864655 29.656 29.623636 29.772211 30.0514 29.947384 30.099121 29.93898 29.889074 29.909096 29.925724 29.902658 29.90439 29.932133 29.981277
30.370478 30.43853 30.466974 30.230957 30.034492 29.931612 29.914095 29.93144 29.853598 29.891895 29.66734 29.32292 29.394402 29.404907 29.394419 29.335236 29.284729 29.318455 29.42999 29.54111 29.629162 29.608328 29.59846 29.576557 29.593636 29.652248 29.623774 29.435001 29.598328 29.562557 29.637127 29.648039 29.654215 29.609137 29.504393 29.372873 29.363306 29.398878 29.513126 29.567526 29.835773 29.837841 29.785612 29.963333 29.944525 29.967735 30.012896 29.90717 29.49559 29.6382 29.89365 30.078981 30.040308 29.926361 29.831593 29.92808 30.059687 30.126638 30.149113 30.155224 30.157501
30.330738 30.428158 30.324942 30.231678 29.906404 29.943409 29.856527 29.866732 29.811443 29.844805 29.813437 29.4688 29.416674 29.594414 29.58913 29.557827 29.545635 29.565115 29.597723 29.632324 29.615444 29.620691 29.62832 29.627317 29.654776 29.746065 29.740936 29.714924 29.613827 29.661703 29.697853 29.654736 29.672482 29.660204 29.57463 29.520164 29.53312 29.368141 29.463888 29.55926 29.89894 29.846191 29.815525 29.933752 29.722256 29.571358 29.811853 29.904318 29.913929 29.882448 29.832773 29.88114 29.940834 30.007492 30.063627 30.078314 30.117706 30.145931 30.125507 30.107918 30.096146
30.050215 30.146027 30.133263 29.882607 29.957058 29.880795 29.803411 29.77143 29.774557 29.828583 29.811232 29.576803 29.543238 29.522577 29.456934 29.574059 29.651234 29.670168 29.659054 29.638842 29.618193 29.627954 29.576017 29.55361 29.595863 29.65557 29.642694 29.582863 29.701458 29.757137 29.711027 29.642685 29.654684 29.674849 29.557972 29.541924 29.555185 29.620493 29.557547 29.649305 29.92557 29.839037 29.858547 29.92845 29.648386 29.694838 29.786285 29.956186 29.978767 29.976562 29.987455 29.997543 30.040295 30.11041 30.198887 30.115864 30.040714 30.091322 30.10846 30.101707 30.068283
29.925394 29.869543 29.875933 29.951723 29.892351 29.753805 29.738558 29.750628 29.792717 29.80963 29.75558 29.68429 29.396576 29.482944 29.763063 29.65522 29.58531 29.572933 29.504818 29.485989 29.453495 29.399387 29.470434 29.537348 29.55934 29.616825 29.72634 29.771822 29.771826 29.74793 29.72295 29.657896 29.61909 29.668034 29.616373 29.586273 29.57467 29.595142 29.66109 29.745752 29.948412 29.860392 29.919624 29.924938 29.924793 29.866402 29.952456 30.050909 30.05266 30.05774 30.088816 30.12019 30.158182 30.17018 30.079746 30.024927 30.055763 30.116146 30.086391 30.084763 30.091127
29.885614 29.928963 30.004354 29.952988 29.776333 29.818657 29.818985 29.803556 29.794806 29.762167 29.6548 29.331594 29.422737 29.668602 29.665623 29.609938 29.60326 29.400068 29.280313 29.251995 29.311289 29.37663 29.440445 29.559929 29.728739 29.751204 29.747948 29.747326 29.718288 29.630785 29.704834 29.758799 29.671526 29.64226 29.671223 29.630041 29.587643 29.637157 29.681364 29.792227 29.883741 29.892214 29.93611 29.916737 29.94773 29.951103 30.060917 30.00499 30.0228 30.080067 30.115519 30.155453 30.15697 30.044416 29.828344 29.862366 30.023827 30.121544 30.049908 30.001112 30.013157
29.922964 30.001396 29.99712 29.873287 29.761812 29.635456 29.562872 29.594692 29.632761 29.567644 29.322166 29.182013 29.377005 29.653368 29.605616 29.609306 29.437813 29.350029 29.300108 29.303913 29.329294 29.374792 29.544643 29.670654 29.587091 29.78257 29.697342 29.66834 29.65687 29.57365 29.676035 29.775036 29.705502 29.706749 29.712318 29.748957 29.644957 29.66202 29.722883 29.881323 29.778994 29.881832 29.907793 29.905579 29.96341 30.063166 30.00721 30.00835 30.041525 30.127424 30.158152 30.13408 30.039341 29.89647 29.893494 29.884087 30.022783 30.087729 30.020184 29.978167 30.050299
