static/data/thetao/2023/7/23/18.asc
ncols 137
nrows 93
xllcorner 108.0
yllcorner 17.0
cellsize 0.25
NODATA_value -32767
[rows 27 to 53 of 93, columns 61 to 121 of 137]
25.975893 25.808441 25.578482 25.421673 25.16586 25.04041 25.0499 25.323698 25.860071 25.963394 26.192242 26.592201 -32767.0 -32767.0 26.431519 27.029953 27.659365 27.767887 27.821165 27.90634 27.878445 27.719193 27.781878 27.350657 27.068127 -32767.0 -32767.0 -32767.0 -32767.0 -32767.0 -32767.0 -32767.0 -32767.0 -32767.0 26.99559 26.390871 26.087013 -32767.0 -32767.0 -32767.0 27.835003 27.684553 27.533587 27.42186 27.120554 26.891668 27.470764 26.83602 26.117762 27.375608 27.855534 27.971167 28.008516 27.997087 28.053589 28.134785 27.940945 28.100563 28.280334 29.043451 29.020132
25.702642 25.294893 25.062038 25.031698 24.86305 24.813745 24.922338 25.219913 25.449154 25.498732 26.963509 27.360043 27.28495 27.406614 27.438898 27.770367 27.846212 28.046679 28.127642 28.230276 28.124743 27.851942 27.448273 -32767.0 26.937748 26.976555 -32767.0 -32767.0 29.522943 -32767.0 -32767.0 -32767.0 -32767.0 -32767.0 -32767.0 26.04553 26.493244 -32767.0 -32767.0 27.421326 27.30637 27.353027 27.563147 27.797705 27.522911 27.598835 27.144526 26.567152 27.205933 27.760729 27.773046 27.64854 27.346678 27.41031 27.688683 27.933083 27.93672 28.179136 28.354187 28.794436 29.043549
25.71077 25.406239 24.774786 24.432264 24.401854 24.491747 24.803022 25.103207 25.26154 25.168194 26.34289 27.343613 27.495268 27.566696 27.758238 27.831741 28.009602 28.313992 28.521437 28.600155 28.468899 27.83815 -32767.0 26.880394 26.975487 27.16903 27.4928 28.082285 -32767.0 29.02046 -32767.0 -32767.0 -32767.0 -32767.0 -32767.0 27.76271 27.789188 27.892553 27.57448 27.565176 28.182594 28.492243 28.363873 27.810837 27.390598 27.221172 26.734037 26.906883 27.44476 27.543447 27.402424 27.294807 27.215647 27.354734 27.63203 27.91818 28.037813 28.094402 28.473413 28.444952 29.051428
25.851871 25.781647 25.64965 25.407042 24.591097 24.606342 24.50073 24.650873 25.05012 25.026888 25.570894 27.090528 27.372837 27.439285 27.646656 27.763655 28.210415 28.49749 28.753742 28.747068 28.733084 28.406055 27.95451 27.587158 27.328583 27.106611 27.600372 28.165766 28.328375 29.45609 -32767.0 -32767.0 -32767.0 -32767.0 27.727375 28.029507 28.164272 28.140001 28.381824 28.619856 28.925566 29.012762 28.961372 28.59013 28.194769 26.79867 26.742155 26.610706 26.651812 26.774696 27.001982 27.082613 27.112709 27.523935 27.757797 27.909437 27.92972 28.006247 28.472906 28.473608 28.914137
26.26748 25.918787 25.593819 25.674957 25.2811 25.352358 25.21992 24.671677 24.688604 24.984264 25.63344 26.5678 27.066944 27.33267 27.601719 27.927296 28.314816 28.553907 28.898054 29.002914 28.808474 28.681726 28.619177 28.569527 28.397669 27.913862 27.384855 27.944977 28.43202 28.999714 -32767.0 -32767.0 -32767.0 -32767.0 28.066072 28.414854 28.402102 28.18008 27.651464 28.528303 29.19212 29.267216 29.098076 28.98597 28.996624 28.434393 27.441027 26.579191 26.656633 26.761242 26.623753 26.89391 27.278833 27.569887 27.853067 27.818203 27.774551 28.02303 28.384182 28.70294 28.675245
26.303959 25.801287 25.959934 26.117369 26.316319 26.36154 25.83219 25.194727 24.962927 25.140785 25.876522 26.953642 27.47719 27.666342 28.026102 28.222425 28.302101 28.454262 28.769938 29.056221 29.113794 29.083141 28.949757 28.604507 28.618052 28.407698 27.87083 27.706118 -32767.0 -32767.0 -32767.0 -32767.0 -32767.0 27.385849 28.21563 28.283236 28.37601 28.219961 28.329092 29.340687 29.267914 29.472136 29.313608 29.044857 29.004389 29.063229 28.956974 28.520184 28.088793 27.890455 27.250328 26.876873 27.547113 27.566637 27.84801 27.723888 27.876802 27.858576 28.335926 28.809288 28.64504
26.358173 26.137442 26.282154 26.57831 26.796791 26.646044 26.280743 26.297892 26.11647 26.197514 26.235594 26.721241 27.559711 27.963694 28.23611 28.276262 28.359179 28.592182 28.755276 28.793993 28.844252 28.994133 29.029823 28.949696 28.634144 28.62663 28.298702 27.846365 -32767.0 -32767.0 -32767.0 -32767.0 -32767.0 26.840689 27.900736 28.447992 28.72457 29.154083 29.15954 29.29346 29.586035 29.55763 29.477789 29.324717 29.232538 29.211874 29.312592 29.139395 28.843174 28.479994 28.225212 27.177498 27.725607 27.678862 27.882408 27.796898 27.929688 27.7966 28.40434 28.915699 28.650724
26.523373 25.835184 26.188042 26.620949 26.953697 27.157618 27.128155 26.821589 26.612621 26.53054 26.69256 27.604286 28.189041 28.25497 28.171104 28.288353 28.458727 28.429863 28.595722 29.010672 29.170408 29.142784 29.102266 29.002424 28.711973 28.717838 28.272589 28.044228 28.505714 -32767.0 28.801937 -32767.0 -32767.0 28.518131 28.959473 29.052797 29.187866 29.249193 29.438805 29.589334 29.56039 29.591156 29.529013 29.465427 29.424807 29.490114 29.478737 29.410536 29.214493 28.81551 28.40293 27.924881 27.656162 27.885378 27.913784 27.939095 27.954338 28.036007 28.630339 29.004684 28.654377
25.071253 25.324354 26.077433 26.558287 26.823532 27.751574 27.678417 27.322788 26.844213 26.808558 27.150513 27.83411 28.307844 28.209494 28.209604 28.192415 28.18159 28.440096 28.682693 29.008907 29.073643 29.038902 28.979258 29.015684 28.845097 28.709238 28.45053 28.30239 28.403063 28.484924 29.090427 -32767.0 27.804207 28.794785 29.092695 29.534842 29.79002 29.747805 29.671764 29.535973 29.63782 29.603899 29.413841 29.604439 29.45014 29.512938 29.587847 29.608183 29.44844 29.081049 28.666307 28.641867 27.683098 28.047272 27.922709 28.04217 27.981756 28.190163 28.946613 29.060377 28.698757
26.13165 25.646078 26.137733 26.429094 27.305754 27.730822 28.160252 27.755922 27.39474 27.322615 27.506947 27.871382 28.218557 28.25547 28.227133 28.196424 28.316845 28.539494 28.774641 29.083122 29.115929 29.012594 29.055054 29.033066 29.026798 28.843517 28.619362 28.406445 28.580372 28.450111 -32767.0 28.508291 28.67055 29.023602 29.390083 29.121456 29.162182 29.468548 29.708857 29.672966 29.67637 29.595316 29.483467 29.545317 29.526407 29.451647 29.511423 29.540344 29.49381 29.306234 28.92459 28.70523 28.409771 28.030163 27.977865 28.007051 28.051918 28.555525 29.166382 29.063892 28.768581
25.304052 26.346802 27.045467 27.181345 27.112902 27.402035 27.78052 28.254057 28.002928 28.335253 28.187546 28.155458 28.255423 28.340818 28.401525 28.511988 28.502636 28.541475 29.060534 29.15936 29.10325 29.122652 29.256489 29.266092 29.17903 29.154964 29.080362 28.833866 28.920559 28.81727 28.785082 29.004873 28.946392 29.274982 28.926264 29.397581 29.595901 29.469145 29.685272 29.665997 29.737 29.62543 29.534956 29.564096 29.49525 29.21384 29.489992 29.460777 29.4008 29.345585 28.999191 28.809679 28.878729 28.328987 28.14877 28.254808 28.255236 29.057436 29.276278 29.034348 28.751108
25.619184 26.298275 26.84936 27.352257 27.67325 28.076283 28.187153 28.219603 28.358416 28.488655 28.653145 28.540087 28.562265 28.587938 28.605017 28.514479 28.662447 28.887411 29.097872 29.22377 29.06657 29.038372 29.291906 29.462938 29.356762 29.171898 29.226671 29.205997 -32767.0 29.055101 28.827024 -32767.0 29.109653 28.854404 29.132734 29.307863 29.631285 29.644753 29.682936 29.582043 29.744444 29.58875 29.522678 29.61536 29.544834 29.222515 29.207823 29.369972 29.479221 29.306622 29.145658 29.147842 28.775774 28.929934 28.75857 28.609697 29.000238 29.322763 29.356546 29.033623 28.631386
25.94568 27.202623 27.617561 27.917007 27.80884 28.060322 28.168297 28.270752 28.31449 28.374342 28.507326 28.64267 28.463902 28.354126 28.604347 28.813702 28.759052 29.018726 29.016342 29.14892 29.142092 29.050705 29.23855 29.449608 29.449198 29.20993 29.201565 29.218853 29.129784 -32767.0 28.96666 28.799997 29.086645 28.865465 29.095575 29.131338 29.617113 29.598604 29.671354 29.54048 29.679504 29.517136 29.511412 29.535189 29.445498 29.349169 29.317427 29.072847 29.181545 29.33317 29.33945 29.238667 29.206264 29.07554 29.043669 29.183325 29.399368 29.381067 29.364155 29.05217 28.590397
27.252804 27.896383 28.130167 28.175123 28.109322 28.254646 28.396555 28.32714 28.177643 28.255283 28.326864 28.490955 28.37309 28.673683 28.848305 28.868736 28.964777 28.968838 28.96519 29.059929 29.073967 29.201872 29.40042 29.350906 29.32759 29.108135 29.200624 29.506369 29.484278 29.128515 29.263382 29.050047 29.221245 29.239584 29.30376 29.180542 29.58083 29.621616 29.678623 29.522 29.692812 29.502445 29.57264 29.509272 29.3675 29.15798 29.231478 29.323936 29.124868 29.17264 29.21399 29.312473 29.419659 29.451609 29.43114 29.56176 29.407024 29.393354 29.257177 28.924055 28.59383
26.786303 27.918615 28.40471 28.456003 28.639544 28.427172 28.648846 28.56976 28.576878 28.580648 28.684782 28.58349 28.656454 28.82323 29.060585 28.998013 29.00126 29.071379 29.26051 29.41119 29.51882 29.497627 29.353994 29.302507 29.194672 29.159245 29.460787 29.526077 29.446575 29.551376 29.13578 29.133942 29.267061 29.088108 29.16919 29.255114 29.590664 29.605534 29.655264 29.514679 29.688162 29.544817 29.555782 29.43938 29.29939 29.09104 29.073402 29.074015 29.258463 29.167715 29.139034 29.266132 29.282333 29.315434 29.413563 29.392063 29.280033 29.336336 29.142345 28.734455 28.666807
27.003109 28.214933 28.581074 28.680206 28.933702 28.829758 28.895168 28.786396 28.819715 28.847496 28.961195 29.007242 29.024567 29.125395 29.181189 29.13174 29.234024 29.43475 29.65101 29.535994 29.36831 29.266134 29.32799 29.344444 29.281227 29.489773 29.547264 29.622711 29.45589 29.609453 29.574697 29.505726 29.362728 29.24321 29.385187 29.504522 29.535173 29.585546 29.630854 29.510096 29.66104 29.546227 29.478497 29.360113 29.258 29.332087 29.259949 29.086706 29.007738 29.203583 29.185392 29.168972 29.279055 29.313164 29.335167 29.239614 29.249657 29.267176 29.038877 28.786451 28.726946
27.373013 28.235268 28.917852 28.920698 28.748472 28.500668 28.610878 28.698963 28.7489 28.74961 28.945995 29.032284 29.18498 29.283348 29.318354 29.3814 29.579632 29.708405 29.62561 29.459661 29.345795 29.302893 29.28766 29.361979 29.354696 29.627827 29.598122 29.698292 29.618614 29.486044 29.574844 29.590216 29.7224 29.636993 29.561932 29.560236 29.526316 29.643064 29.593943 29.53221 29.631563 29.568687 29.512087 29.355635 29.404222 29.440453 29.413641 29.240585 29.23701 28.988127 29.090868 29.078247 29.038912 29.199791 29.139112 29.182356 29.180641 29.166344 29.185509 28.788038 28.660023
27.317013 28.171833 28.736877 29.171112 29.207605 28.946712 28.72131 28.782448 28.878153 28.966375 29.023302 29.199547 29.3426 29.351913 29.378214 29.676441 29.703922 29.753777 29.500689 29.3945 29.382442 29.321898 29.490164 29.452448 29.388578 29.676203 29.624718 29.674635 29.644983 29.646027 29.727644 29.766842 29.742727 29.71081 29.618383 29.479836 29.624666 29.581743 29.59189 29.538406 29.609364 29.579111 29.581175 29.466831 29.57829 29.610565 29.435194 29.287165 29.230545 29.297924 29.130554 29.03731 29.022045 29.026941 29.045088 29.148647 29.15369 29.21046 29.105387 28.71625 28.64458
28.839777 29.081045 29.089264 29.09753 29.291887 29.215363 29.041052 28.908747 29.010326 29.166328 29.213678 29.379627 29.3683 29.267784 29.587494 29.73289 29.779915 29.558697 29.408785 29.428953 29.496504 29.516373 29.497055 29.400066 29.74381 29.67879 29.611052 29.652847 29.745384 29.742338 29.711746 29.544006 29.474915 29.54348 29.548254 29.453726 29.46174 29.56682 29.54827 29.645576 29.567125 29.557375 29.655115 29.586918 29.474642 29.52781 29.38558 29.28891 29.220505 29.251984 29.339283 29.249441 29.034388 28.970087 29.0695 29.214178 29.373142 29.167868 29.095697 28.859732 28.829882
29.564249 29.582891 29.492151 29.411856 29.4756 29.24463 29.091421 29.064878 29.280495 29.256836 29.47217 29.42378 29.305582 29.573172 29.798697 29.755238 29.810923 29.451597 29.422455 29.469257 29.42013 29.470251 29.40033 29.592741 29.711596 29.188652 29.422152 29.482689 29.475817 29.489395 29.62672 29.671015 29.553024 29.509295 29.449335 29.38017 29.309734 29.573576 29.52625 29.649677 29.54586 29.569017 29.59774 29.637281 29.5608 29.45245 29.342295 29.38279 29.280834 29.184488 29.17213 29.09776 28.988111 28.961302 29.16734 29.315958 29.186646 29.045918 28.988289 28.91647 28.894625
29.872044 29.817533 29.758966 29.660297 29.51535 29.13726 29.433018 29.459497 29.422026 29.373678 29.517988 29.532959 29.561306 29.717297 29.790234 29.82419 29.721653 29.493107 29.513536 29.549776 29.523699 29.439339 29.376158 29.347023 -32767.0 29.23343 29.467415 29.371122 29.395552 29.706776 29.592638 29.609629 29.698841 29.647165 29.540825 29.426832 29.23026 29.492195 29.514952 29.661924 29.594898 29.612743 29.641506 29.608118 29.442823 29.368233 29.41746 29.40388 29.341187 29.139486 28.99614 29.032682 28.995134 29.144112 29.51082 29.1741 29.155668 28.945347 29.0313 29.011126 28.992409
29.793753 29.353151 29.616549 29.798689 29.501253 29.264616 29.419773 29.528812 29.22539 29.507797 29.478374 29.598383 29.669804 29.764217 29.878735 29.868862 29.693195 29.596466 29.551044 29.555809 29.423613 29.59441 29.320812 29.495928 29.471832 29.597498 29.595749 29.626513 29.697788 29.64665 29.739481 29.772808 29.72515 29.679384 29.575583 29.439213 29.248909 29.438053 29.49174 29.706083 29.63398 29.626936 29.658613 29.52883 29.675285 29.454374 29.384888 29.522251 29.500532 29.371943 29.11876 29.016815 29.043678 29.441637 29.521736 29.249105 29.120419 29.026854 29.040543 28.821558 28.738846
29.78419 29.699198 29.700857 29.821714 29.743925 29.359089 29.18955 29.560871 29.618074 29.596943 29.460451 29.631424 29.682144 29.866388 30.007727 29.963223 29.749039 29.667791 29.549324 29.593435 29.449087 29.471418 29.25609 -32767.0 29.587925 29.668278 29.714298 29.806225 29.805721 29.774666 29.805 29.76196 29.719303 29.66617 29.578735 29.48652 29.289476 29.424393 29.515705 29.747055 29.654375 29.694542 29.615135 29.691841 29.74948 29.882298 29.844357 29.624878 29.363764 29.344404 29.330597 29.316357 29.353415 29.46143 29.585604 29.59058 29.291203 29.183641 29.123125 28.989607 29.004894
29.37121 29.696136 29.70778 29.708843 29.614685 29.49128 29.494137 29.638561 29.721869 29.65675 29.717367 29.89898 30.000057 30.240225 30.110312 30.039574 29.784561 29.704393 29.633438 29.606468 29.52953 29.357815 29.44936 29.484236 29.69954 29.687275 29.792482 29.917696 29.695747 29.897385 29.790445 29.705618 29.519615 29.578226 29.588593 29.457533 29.332346 29.44434 29.567965 29.702576 29.669382 29.7182 29.574282 29.65797 29.762932 29.829485 29.831577 29.855808 29.673012 29.392107 29.331451 29.39118 29.52604 29.47687 29.552849 29.513565 29.62638 29.497309 29.40022 29.309538 29.221424
29.41269 29.65435 29.821136 29.722383 29.620811 29.636162 29.754568 29.73122 29.745522 29.83794 29.846306 30.049564 30.22148 30.359392 29.973824 29.997892 29.802341 29.717993 29.667469 29.592102 29.366657 29.25325 29.393152 29.571575 29.749199 29.68801 29.851723 29.829397 29.765947 29.788313 29.695807 29.525034 29.528337 29.529158 29.455265 29.413004 29.35568 29.449842 29.642235 29.614006 29.69378 29.565004 29.565454 29.732126 29.799164 29.797043 29.822111 29.809206 29.87309 29.461966 29.533379 29.534672 29.446823 29.595942 29.691961 29.488663 29.678194 29.756569 29.587181 29.439331 29.407858
29.313683 29.653639 29.882952 29.799465 29.77805 29.643202 29.72634 29.663353 29.49974 29.794455 30.248058 30.329063 30.44089 30.126818 30.04889 29.872658 29.802706 29.796276 29.655571 29.646425 29.285822 29.405142 29.441143 29.544502 29.72723 29.57599 29.790026 29.762012 29.814653 29.661959 29.673567 29.459145 29.466362 29.436377 29.434832 29.40132 29.460583 29.557709 29.646357 29.648275 29.496584 29.493046 29.60559 29.783846 29.859236 29.888874 29.945808 29.839785 29.867397 29.503279 29.579473 29.347555 29.524763 29.548641 29.6266 29.692337 29.641727 29.680939 29.743929 29.683739 29.428381
29.544876 29.401735 29.721323 29.53575 29.298557 29.531155 29.446886 29.420172 29.81932 30.313185 30.192953 29.988588 30.025475 30.003149 29.967628 29.755913 29.737892 29.803598 29.64691 30.262812 -32767.0 29.411364 29.496155 29.463755 29.602009 29.456549 29.609432 29.771254 29.834215 29.682669 29.680456 29.500208 29.466375 29.44553 29.454987 29.477991 29.565195 29.624983 29.627125 29.451609 29.468063 29.480974 29.600796 29.703062 29.834166 29.920527 29.96166 29.901783 29.830893 29.609453 29.501507 29.357025 29.39706 29.464222 29.557652 29.523577 29.64276 29.787828 29.680286 29.717123 29.76696
