static/data/precipitation/2023/7/30/12.asc
ncols 137
nrows 93
xllcorner 108.0
yllcorner 17.0
cellsize 0.25
NODATA_value -32767
[rows 40 to 59 of 93, columns 45 to 89 of 137]
0.024298619782328612 0.004970172228203895 0.0005522413586908637 0.0 0.0 0.0 0.0 0.0 0.0 0.0 0.0 0.0 0.0 0.0 0.0 0.0 0.0 0.0 0.0 0.0 0.0 0.0 0.0 0.0005522413586908637 0.0011044827173782579 0.0016567240760691215 0.004970172228203895 0.07289585934698584 0.2496130941275522 0.31919550532240326 0.2590011972252726 0.2501653354862431 0.21758309532357578 0.10106016864013662 0.06461223896664717 0.07455258342305149 0.09167206554241969 0.1336424088028039 0.14910516684610645 0.2297324052147401 0.38822567515856343 0.5897937710801493 0.9504073783042459 1.329244950365089 2.0013226838899376
0.0033134481521347736 0.0033134481521347736 0.0005522413586908637 0.0 0.0 0.0 0.0 0.0 0.0 0.0 0.006626896304273017 0.006626896304273017 0.0 0.0 0.0 0.0 0.0 0.0 0.0016567240760691215 0.0 0.0 0.0 0.0 0.0005522413586908637 0.0016567240760691215 0.0038656895108256373 0.010492585815095185 0.07952275565125538 0.20322481999765496 0.29489688554007465 0.3252701602679854 0.33410602200701145 0.24298619782328265 0.13088120200936 0.050253963640722876 0.05743310130368676 0.10603034086834051 0.15738878722644511 0.13198568472673824 0.29213567874662727 0.4627782585816149 0.8758547948811944 1.3264837435716417 1.9378149276406722 2.586146282741883
0.0016567240760691215 0.0011044827173782579 0.0005522413586908637 0.0 0.0 0.0 0.0 0.0 0.0 0.0022089654347565157 0.024850861141019476 0.024850861141019476 0.0 0.0 0.0 0.0 0.0 0.0022089654347565157 0.0077313790216512746 0.004970172228203895 0.0 0.0 0.0011044827173782579 0.0033134481521347736 0.0044179308695130315 0.01822396483674646 0.024850861141019476 0.08394068652077188 0.17837395885663548 0.25789671450789087 0.401479467767106 0.41086757086482295 0.1949411996173163 0.13419465016149476 0.06185103217319979 0.06516448032533456 0.11376171988999179 0.14468723597658995 0.14855292548741558 0.37552412390870826 0.48376343021180535 0.8973922078700757 1.3695585695494075 1.994695787585668 2.607131454372075
0.0005522413586908637 0.0005522413586908637 0.0 0.0 0.0 0.0 0.0 0.0 0.0 0.0033134481521347736 0.02705982657577599 0.028716550651841644 0.0022089654347565157 0.0 0.0 0.0 0.0 0.0022089654347565157 0.01546275804329908 0.012149309891164306 0.006074654945582153 0.0005522413586908637 0.0016567240760691215 0.004970172228203895 0.03644792967349292 0.053015170434170256 0.10161240999882748 0.1629112008133364 0.322508953474538 0.20322481999765496 0.3396284355939062 0.3285836084201202 0.10989603037916615 0.11265723717261353 0.09222430690111055 0.09664223777062358 0.11265723717261353 0.13529913287887302 0.20322481999765496 0.5284949802656369 0.622928252601504 0.6825703193399473 1.126572371726125 1.5402011493843917 2.031143717259161
0.0 0.0 0.0011044827173782579 0.0 0.0 0.0 0.0 0.0 0.0 0.0016567240760691215 0.035895688314802054 0.03700017103218031 0.0038656895108256373 0.0 0.0016567240760691215 0.0 0.0 0.0016567240760691215 0.017671723478055595 0.014358275325920822 0.008835861739029532 0.0027612067934473794 0.006074654945582153 0.011044827173786048 0.07565706614042975 0.12370206434639958 0.17229930391105333 0.17064257983498768 0.3451508491807975 0.11762740940081742 0.19935913048682932 0.18831430331304327 0.12756775385722174 0.12425430570508697 0.11541844396605744 0.1899710273891124 0.20543378543241148 0.2805386102141538 0.39595705418021127 0.7079734218396541 0.8189739349361985 0.8791682430333292 0.7897051429256661 1.0072882382492419 1.4010363269946966
0.0 0.013806033967233428 0.016567240760677338 0.007179137662960411 0.005522413586894759 0.004970172228203895 0.006074654945582153 0.006074654945582153 0.0 0.0011044827173782579 0.022089654347572096 0.022089654347572096 0.0 0.0 0.011044827173786048 0.0038656895108256373 0.0 0.0016567240760691215 0.011597068532473442 0.012149309891164306 0.006626896304273017 0.0033134481521347736 0.006626896304273017 0.033134481521358145 0.10823930630309703 0.12314982298770871 0.12370206434639958 0.12535878842246523 0.06350775624926544 0.03534344695611466 0.19991137184552019 0.2496130941275522 0.15241861499824122 0.1380603396723204 0.10271689271620574 0.20819499222585885 0.36116584858278744 0.44621101782093764 0.7394511792849432 0.8504516923814875 0.9459894474347329 0.8852428979789113 0.7052122150462068 0.6704210094487829 0.8675711745008557
0.0016567240760691215 0.02705982657577599 0.0640599976079563 0.04197034326038421 0.03258224016266728 0.01546275804329908 0.018776206195437323 0.025955343858397734 0.0005522413586908637 0.0016567240760691215 0.007179137662960411 0.007179137662960411 0.0011044827173782579 0.0 0.0 0.0 0.0 0.0022089654347565157 0.013806033967233428 0.006074654945582153 0.0027612067934473794 0.0016567240760691215 0.013806033967233428 0.06185103217319979 0.06737344576009108 0.09167206554241969 0.08504516923815014 0.04638827412990071 0.023194137064950354 0.03810465374956204 0.2672848176056113 0.31312085037682114 0.14137378782445517 0.1032691340748966 0.0740003420643641 0.1386125810310078 0.3727629171152609 0.6963763533071772 0.7720334194476104 0.8079291077624124 1.001765824662347 0.9642134122714758 0.6096744599929614 0.3490165386916232 0.37110619303919523
0.004970172228203895 0.04086586054300595 0.09277654825979795 0.09774672048800184 0.09608999641193272 0.050253963640722876 0.04197034326038421 0.06074654945582153 0.005522413586894759 0.022089654347572096 0.012149309891164306 0.0016567240760691215 0.0 0.0 0.0 0.0 0.0 0.0016567240760691215 0.006626896304273017 0.009388103097716927 0.008283620380338669 0.00994034445640779 0.025955343858397734 0.07179137662960758 0.14634396005265907 0.14413499461790255 0.08394068652077188 0.014910516684611685 0.030373274727910765 0.03644792967349292 0.051358446358104604 0.2844042997249795 0.5152411876570944 0.04141810190169681 0.08835861739028492 0.09608999641193272 0.18168740700877373 0.4384796387992863 0.9691835844996798 0.35453895227851445 0.2468518873341083 0.34459860782211016 0.3733151584739518 0.05632861858630503 0.050253963640722876
0.0077313790216512746 0.03644792967349292 0.08338844516208102 0.1800306829327046 0.20322481999765496 0.11044827173785701 0.23249361200818747 0.4213601566799181 0.005522413586894759 0.0011044827173782579 0.0005522413586908637 0.0005522413586908637 0.0 0.0 0.0 0.0 0.0 0.0011044827173782579 0.0044179308695130315 0.009388103097716927 0.010492585815095185 0.014358275325920822 0.03202999880397989 0.09167206554241969 0.0938810309771762 0.12922447793329087 0.09277654825979795 0.009388103097716927 0.014910516684611685 0.011044827173786048 0.25237430092099955 0.49536049874428223 0.5014351536898644 0.051358446358104604 0.0982989618466927 0.08449292787945928 0.07234361798829497 0.2247622329865362 0.508062049994134 1.3209613299847502 1.2121697823229625 0.6759434230356742 0.09553775505324533 0.00994034445640779 0.01546275804329908
0.016014999401989943 0.04804499820596636 0.1110005130965444 0.24353843918197005 0.2700460243990552 0.1259110297811561 0.12646327113984349 0.22089654347571056 0.0016567240760691215 0.0005522413586908637 0.0 0.0 0.0 0.0 0.0 0.0 0.0 0.0 0.0022089654347565157 0.011044827173786048 0.027612067934463386 0.054119653151548514 0.0911198241837323 0.09940344456407096 0.10106016864013662 0.1281199952159126 0.10768706494440963 0.045836032771209845 0.017671723478055595 0.013253792608542564 0.14137378782445517 0.23912050831245701 0.5953161846670406 0.9642134122714758 0.33631498744177146 0.15241861499824122 0.1209408575529522 0.10989603037916615 0.1607022353785799 0.3561956763545836 0.4451065351035559 0.3501210214090014 0.07344810070567323 0.0469405154885881 0.01988068891281558
0.04197034326038421 0.08228396244470276 0.14137378782445517 0.2501653354862431 0.315882057170265 0.18610533787828676 0.05964206673844327 0.02098517163019384 0.0 0.0 0.0 0.0 0.0 0.0 0.0 0.0 0.0 0.0 0.0005522413586908637 0.011044827173786048 0.0392091364669403 0.08559741059683754 0.15407533907430687 0.13916482238969866 0.13088120200936 0.1110005130965444 0.10989603037916615 0.13419465016149476 0.2468518873341083 0.26949378304036775 0.07952275565125538 0.24850861141017394 0.53512187656991 0.9007056560222104 0.2744639552685717 0.1734037866284316 0.08504516923815014 0.08062723836863364 0.04417930869514072 0.033134481521358145 0.040313619184318555 0.01546275804329908 0.014358275325920822 0.00994034445640779 0.025955343858397734
0.10050792728144922 0.14192602918314604 0.17119482119367507 0.2783296447793973 0.3650315380936131 0.18665757923697415 0.061298790814508924 0.016567240760677338 0.007179137662960411 0.0 0.0 0.0 0.0 0.0 0.0 0.0 0.0 0.0 0.0005522413586908637 0.0016567240760691215 0.02540310249970687 0.07786603157518973 0.0982989618466927 0.09056758282504143 0.09443327233586707 0.07676154885781147 0.1032691340748966 0.16567240760678378 0.26949378304036775 0.2711505071164369 0.13032896065066912 0.6052565291234484 0.8333322102621193 0.6820180779812564 0.21150844037799363 0.08007499700994625 0.023194137064950354 0.018776206195437323 0.01546275804329908 0.008835861739029532 0.005522413586894759 0.004970172228203895 0.004970172228203895 0.024298619782328612 0.04417930869514072
0.1430305119005243 0.18941878603042153 0.21537412988881927 0.3214044707571598 0.34018067695259363 0.15628430450906686 0.04914948092334462 0.004970172228203895 0.008835861739029532 0.0005522413586908637 0.0005522413586908637 0.0 0.0 0.0 0.0 0.0 0.0 0.0 0.0 0.0016567240760691215 0.006074654945582153 0.04473155005383159 0.040313619184318555 0.040313619184318555 0.04362706733645333 0.03092551608659816 0.055776377227617635 0.10989603037916615 0.1579410285851325 0.1579410285851325 0.26231464537740734 0.7383466965675649 0.6974808360245555 0.40092722640841516 0.10989603037916615 0.0811794797273245 0.024298619782328612 0.0022089654347565157 0.0033134481521347736 0.0033134481521347736 0.0027612067934473794 0.0038656895108256373 0.022089654347572096 0.04141810190169681 0.040313619184318555
0.23028464657342748 0.27777740342070645 0.21206068173668102 0.2805386102141538 0.22918016385604922 0.14689620141134646 0.038656895108249434 0.0005522413586908637 0.0033134481521347736 0.0016567240760691215 0.0016567240760691215 0.0005522413586908637 0.0 0.0 0.0 0.0 0.0 0.0 0.0 0.0 0.0044179308695130315 0.01546275804329908 0.03644792967349292 0.0392091364669403 0.025955343858397734 0.008835861739029532 0.012149309891164306 0.040313619184318555 0.09443327233586707 0.1800306829327046 0.21703085396488492 0.18113516565008286 0.09443327233586707 0.0392091364669403 0.029268792010532507 0.04197034326038421 0.028716550651841644 0.0044179308695130315 0.0016567240760691215 0.0016567240760691215 0.0016567240760691215 0.005522413586894759 0.024298619782328612 0.0298210333692199 0.019328447554124717
0.26673257624692037 0.34404636646341924 0.2220010261930888 0.14247827054183343 0.10934378902047875 0.06461223896664717 0.03147775744528902 0.0005522413586908637 0.0022089654347565157 0.0027612067934473794 0.0022089654347565157 0.0016567240760691215 0.0005522413586908637 0.0 0.0 0.0 0.0 0.0 0.0 0.0 0.0 0.0022089654347565157 0.024850861141019476 0.017671723478055595 0.00994034445640779 0.008835861739029532 0.010492585815095185 0.02264189570625949 0.05743310130368676 0.1457917186939682 0.13088120200936 0.07179137662960758 0.06847792847746934 0.019328447554124717 0.02264189570625949 0.0171194821193682 0.008283620380338669 0.0038656895108256373 0.0027612067934473794 0.0016567240760691215 0.0038656895108256373 0.005522413586894759 0.00994034445640779 0.011597068532473442 0.014910516684611685
0.2197920607583323 0.29765809233352203 0.2148218885301284 0.11320947853130092 0.04362706733645333 0.030373274727910765 0.013806033967233428 0.0005522413586908637 0.0016567240760691215 0.0033134481521347736 0.0038656895108256373 0.0027612067934473794 0.0016567240760691215 0.0016567240760691215 0.0011044827173782579 0.0 0.0 0.0 0.0 0.0 0.0 0.0011044827173782579 0.007179137662960411 0.006626896304273017 0.005522413586894759 0.005522413586894759 0.0077313790216512746 0.017671723478055595 0.04970172228203548 0.10989603037916615 0.11707516804212656 0.07897051429256799 0.029268792010532507 0.0171194821193682 0.026507585217085128 0.01270155124985517 0.008283620380338669 0.0077313790216512746 0.004970172228203895 0.0022089654347565157 0.010492585815095185 0.01822396483674646 0.019328447554124717 0.014910516684611685 0.02264189570625949
0.1734037866284316 0.1949411996173163 0.12038861619426133 0.07234361798829497 0.043074825977762465 0.018776206195437323 0.004970172228203895 0.0 0.0 0.0 0.004970172228203895 0.0038656895108256373 0.004970172228203895 0.004970172228203895 0.0016567240760691215 0.0 0.0016567240760691215 0.0005522413586908637 0.0 0.0 0.0 0.0 0.006074654945582153 0.007179137662960411 0.005522413586894759 0.004970172228203895 0.007179137662960411 0.01546275804329908 0.04362706733645333 0.07510482478174235 0.10216465135751487 0.0988512032053801 0.053015170434170256 0.005522413586894759 0.010492585815095185 0.012149309891164306 0.01270155124985517 0.00994034445640779 0.004970172228203895 0.016567240760677338 0.04362706733645333 0.047492756847278966 0.03534344695611466 0.02374637842363775 0.04141810190169681
0.1032691340748966 0.10713482358571877 0.054119653151548514 0.04141810190169681 0.024850861141019476 0.007179137662960411 0.0016567240760691215 0.0 0.0 0.0 0.0011044827173782579 0.008835861739029532 0.00994034445640779 0.006074654945582153 0.0022089654347565157 0.0011044827173782579 0.0016567240760691215 0.0011044827173782579 0.0005522413586908637 0.0 0.0 0.0 0.0027612067934473794 0.008835861739029532 0.008283620380338669 0.005522413586894759 0.008283620380338669 0.016567240760677338 0.04362706733645333 0.07510482478174235 0.0640599976079563 0.038656895108249434 0.023194137064950354 0.012149309891164306 0.010492585815095185 0.01822396483674646 0.013806033967233428 0.008835861739029532 0.019328447554124717 0.051358446358104604 0.037552412390871176 0.04970172228203548 0.04638827412990071 0.04086586054300595 0.09608999641193272
0.10492585815096225 0.1259110297811561 0.033134481521358145 0.02705982657577599 0.009388103097716927 0.0044179308695130315 0.0 0.0 0.0 0.0 0.0 0.006074654945582153 0.008835861739029532 0.006626896304273017 0.0016567240760691215 0.0 0.0005522413586908637 0.0005522413586908637 0.0 0.0 0.0 0.0 0.0011044827173782579 0.006074654945582153 0.007179137662960411 0.005522413586894759 0.0077313790216512746 0.01546275804329908 0.05688085994499589 0.06792568711878194 0.050253963640722876 0.01822396483674646 0.008283620380338669 0.006626896304273017 0.011597068532473442 0.013253792608542564 0.008835861739029532 0.006074654945582153 0.01822396483674646 0.04252258461907507 0.06461223896664717 0.043074825977762465 0.037552412390871176 0.07510482478174235 0.17064257983498768
0.2772251620620156 0.19991137184552019 0.019328447554124717 0.011597068532473442 0.004970172228203895 0.0005522413586908637 0.0 0.0 0.0 0.0 0.0 0.0 0.0033134481521347736 0.004970172228203895 0.0016567240760691215 0.0 0.0005522413586908637 0.0005522413586908637 0.0 0.0 0.0 0.0 0.0016567240760691215 0.006074654945582153 0.007179137662960411 0.006074654945582153 0.007179137662960411 0.03534344695611466 0.06792568711878194 0.05743310130368676 0.03644792967349292 0.013253792608542564 0.008835861739029532 0.008835861739029532 0.012149309891164306 0.006626896304273017 0.0022089654347565157 0.0027612067934473794 0.01270155124985517 0.028716550651841644 0.03258224016266728 0.02540310249970687 0.05080620499941374 0.09608999641193272 0.37828533070215564
