static/data/precipitation/2023/7/30/18.asc
ncols 137
nrows 93
xllcorner 108.0
yllcorner 17.0
cellsize 0.25
NODATA_value -32767
[rows 60 to 79 of 93, columns 0 to 44 of 137]
0.04197034326038421 0.24519516325803917 0.46995739624457533 0.5765399784716068 0.6919584224376641 0.6383910106448031 0.16125447673727075 0.3214044707571598 0.39098688195200737 0.3186432639637124 0.012149309891164306 0.027612067934463386 0.02374637842363775 0.013806033967233428 0.008835861739029532 0.01546275804329908 0.019328447554124717 0.01988068891281558 0.0022089654347565157 0.0005522413586908637 0.0 0.0 0.012149309891164306 0.014910516684611685 0.0 0.0 0.0005522413586908637 0.0022089654347565157 0.013806033967233428 0.02816430929315425 0.7134958354265454 0.6969285946658681 0.4285392943428785 0.0016567240760691215 0.0005522413586908637 0.0038656895108256373 0.41197205358220124 0.009388103097716927 0.0171194821193682 0.0469405154885881 0.0740003420643641 0.04914948092334462 0.050253963640722876 0.005522413586894759 0.0016567240760691215
0.03644792967349292 0.21316516445406275 0.49370377466821314 0.8460337615119711 0.9620044468367194 0.7085256631983415 0.09553775505324533 0.13474689152018215 0.08946310010766317 0.0171194821193682 0.013806033967233428 0.0298210333692199 0.051358446358104604 0.040313619184318555 0.0392091364669403 0.02816430929315425 0.03202999880397989 0.016014999401989943 0.0022089654347565157 0.0044179308695130315 0.01822396483674646 0.01822396483674646 0.0 0.0005522413586908637 0.0 0.0011044827173782579 0.0011044827173782579 0.0011044827173782579 0.012149309891164306 0.038656895108249434 0.7874961774909095 0.9227953103697826 0.4412408455927337 0.01270155124985517 0.0022089654347565157 0.006626896304273017 0.008835861739029532 0.008283620380338669 0.012149309891164306 0.103821375433584 0.13088120200936 0.09995568592275836 0.0988512032053801 0.08891085874897231 0.006074654945582153
0.1734037866284316 0.1551798217916886 0.46995739624457533 0.8256008312404681 0.7908096256430442 0.5423010142328704 0.08394068652077188 0.08228396244470276 0.07344810070567323 0.03147775744528902 0.028716550651841644 0.08394068652077188 0.11928413347688308 0.1259110297811561 0.2070905095084806 0.19162775146517805 0.050253963640722876 0.024298619782328612 0.005522413586894759 0.008835861739029532 0.029268792010532507 0.04417930869514072 0.023194137064950354 0.0 0.0 0.0027612067934473794 0.005522413586894759 0.005522413586894759 0.0016567240760691215 0.019328447554124717 0.07786603157518973 0.363374814017544 0.02705982657577599 0.014358275325920822 0.0027612067934473794 0.011044827173786048 0.01546275804329908 0.020432930271502975 0.058537584021065014 0.16014999401988902 0.2518220595623122 0.20598602679109887 0.27777740342070645 0.23525481880163138 0.09608999641193272
0.5389875660807355 0.26286688673609476 0.6720777335248486 0.7002420428180028 0.5461667037436959 0.40976308814744467 0.13971706374838605 0.14634396005265907 0.16014999401988902 0.11320947853130092 0.08283620380339016 0.15904551130251077 0.23304585336687486 0.3230611948332289 0.446763259179625 0.4047929159192408 0.20432930271503322 0.05467189451023938 0.014910516684611685 0.007179137662960411 0.03258224016266728 0.058537584021065014 0.05080620499941374 0.0016567240760691215 0.0033134481521347736 0.011597068532473442 0.014358275325920822 0.03258224016266728 0.037552412390871176 0.0005522413586908637 0.0044179308695130315 0.0022089654347565157 0.0016567240760691215 0.0016567240760691215 0.007179137662960411 0.014910516684611685 0.0298210333692199 0.050253963640722876 0.1159706853247483 0.162358959454649 0.21592637124750666 0.26673257624692037 0.4727186030380227 0.214269647171441 0.09056758282504143
0.7057644564048976 0.6317641143405335 0.39264360602807646 0.49536049874428223 0.6472268723838326 0.5003306709724862 0.10768706494440963 0.15959775266120163 0.30041929912696597 0.37938981341953393 0.31698653988764675 0.19438895825862543 0.30704619543123896 0.4296437770602568 0.4252258461907438 0.5566592895587912 0.47437532711408836 0.04362706733645333 0.03258224016266728 0.01822396483674646 0.029268792010532507 0.050253963640722876 0.048597239564657224 0.010492585815095185 0.01546275804329908 0.019328447554124717 0.028716550651841644 0.028716550651841644 0.017671723478055595 0.0005522413586908637 0.0027612067934473794 0.0016567240760691215 0.0038656895108256373 0.007179137662960411 0.014358275325920822 0.05688085994499589 0.06571672168402543 0.07897051429256799 0.2772251620620156 0.35730015907196183 0.23028464657342748 0.1452394773352808 0.004970172228203895 0.004970172228203895 0.0044179308695130315
0.5467189451023834 0.7637497990672717 0.5953161846670406 0.3821510202129813 0.29379240282269636 0.29489688554007465 0.09056758282504143 0.7698244540128505 0.7057644564048976 1.1646770254756835 1.18290099031243 0.13529913287887302 0.31753878124633417 0.45062894869045067 0.5262860148308803 0.6897494570029077 0.555002565482722 0.019328447554124717 0.07289585934698584 0.058537584021065014 0.1380603396723204 0.12977671929198173 0.05467189451023938 0.0044179308695130315 0.012149309891164306 0.07455258342305149 0.028716550651841644 0.0016567240760691215 0.0022089654347565157 0.0044179308695130315 0.013253792608542564 0.008835861739029532 0.007179137662960411 0.023194137064950354 0.14634396005265907 0.3578524004306527 0.3186432639637124 1.4164990850379957 1.3844690862340157 0.7024510082527593 0.09940344456407096 0.033134481521358145 0.0027612067934473794 0.026507585217085128 0.013806033967233428
0.4307482597776351 1.0199897894990935 1.0785273735201586 0.7146003181439237 0.3898823992346291 0.3186432639637124 0.18610533787828676 0.8333322102621193 0.3998227436910369 0.27225498983381513 0.21150844037799363 0.05467189451023938 0.27667292070332816 0.2987625750509003 0.602495322330001 0.64998807917728 0.3799420547782213 0.02816430929315425 0.05908982537975241 0.04914948092334462 0.0861496519555284 0.2612101626600291 0.29986705776827854 0.012149309891164306 0.024850861141019476 0.023194137064950354 0.008283620380338669 0.0005522413586908637 0.0022089654347565157 0.010492585815095185 0.025955343858397734 0.013253792608542564 0.04970172228203548 0.23635930151900963 0.9128549659133747 1.728515452697435 2.48177266594961 2.111218714269104 1.1508709915084534 0.36116584858278744 0.08062723836863364 0.016014999401989943 0.010492585815095185 0.16732913168284944 0.09498551369455446
1.7268587286213695 1.4728277036243007 1.0299301339555014 0.7665110058607156 0.5649429099391299 0.37938981341953393 0.28661326515973595 0.3296880911374984 0.1330901674441165 0.03202999880397989 0.0022089654347565157 0.0298210333692199 0.18886654467173414 0.5168979117331635 0.8786160016746383 0.7770035916758143 0.2844042997249795 0.019328447554124717 0.2904789546705582 0.4031361918431717 0.29379240282269636 0.36889722760443877 0.4213601566799181 0.25292654227969047 0.0347912055974238 0.024850861141019476 0.010492585815095185 0.0033134481521347736 0.004970172228203895 0.013253792608542564 0.03147775744528902 0.08946310010766317 0.11873189211819568 0.39485257146283304 1.0674825463463724 1.9709494091620303 2.75623662121818 1.7483961416102507 0.8267053139578463 0.15186637363955036 0.03644792967349292 0.0044179308695130315 0.02098517163019384 0.13695585695494214 0.10823930630309703
1.601499940198904 1.0365570302597744 1.1365127161825326 1.0293778925968105 0.6969285946658681 0.5423010142328704 0.42798705298419115 0.18831430331304327 0.103821375433584 0.0033134481521347736 0.0033134481521347736 0.029268792010532507 0.05688085994499589 0.15241861499824122 0.38822567515856343 0.4296437770602568 0.06792568711878194 0.03258224016266728 0.12425430570508697 0.1800306829327046 0.20653826814978973 0.2733594725511934 0.43903188015797373 0.3479120559742449 0.13419465016149476 0.09774672048800184 0.06350775624926544 0.08283620380339016 0.09940344456407096 0.08891085874897231 0.2904789546705582 0.207642750867168 0.08283620380339016 0.3291358497788076 0.5638384272217516 1.1707516804212657 2.7462962767617736 0.7057644564048976 0.15462758043299774 0.1380603396723204 0.037552412390871176 0.0022089654347565157 0.008835861739029532 0.05522413586892677 0.05356741179286112
1.2806477108004317 0.575435495754225 0.7957797978712482 1.4529470147114885 0.7041077323288285 0.6301073902644644 0.5163456703744727 0.20432930271503322 0.0342389642387364 0.03534344695611466 0.0027612067934473794 0.0022089654347565157 0.0011044827173782579 0.0044179308695130315 0.022089654347572096 0.14689620141134646 0.2717027484751243 0.15904551130251077 0.2319413706494966 0.18665757923697415 0.06461223896664717 0.2369115428777005 0.2496130941275522 0.4313005011363259 0.2567922317905126 0.162358959454649 0.10161240999882748 0.29379240282269636 0.19991137184552019 0.1778217174979481 0.2993148164095877 0.20432930271503322 0.14855292548741558 0.2567922317905126 0.315882057170265 0.5318084284177751 1.8014113120444208 0.5058530845593774 0.39043464059332 0.15738878722644511 0.020432930271502975 0.004970172228203895 0.0016567240760691215 0.0027612067934473794 0.007179137662960411
0.9934822042820084 0.1800306829327046 0.34846429733293227 1.5363354598735697 0.9134072072720656 0.681465836622569 0.6019430809713135 0.32747912570274196 0.09277654825979795 0.07455258342305149 0.004970172228203895 0.0038656895108256373 0.0016567240760691215 0.006626896304273017 0.08504516923815014 0.24298619782328265 0.3434941251047319 0.31035964358337376 0.415285501734336 0.25347878363837784 0.10161240999882748 0.3147775744528868 0.3650315380936131 0.40976308814744467 0.37165843439788265 0.2247622329865362 0.13750809831362953 0.291031196029249 0.22807568113867097 0.20598602679109887 0.16677689032416204 0.17892620021532635 0.1607022353785799 0.12646327113984349 0.10768706494440963 0.14468723597658995 0.9321834134674994 0.6582716995576187 0.3457030905394884 0.05743310130368676 0.018776206195437323 0.008835861739029532 0.0022089654347565157 0.0027612067934473794 0.019328447554124717
0.6720777335248486 0.36668826216967876 0.679256871187809 1.3364240880280494 1.1193932340631645 0.7874961774909095 0.3810465374955996 0.10658258222703137 0.1905232687477998 0.1905232687477998 0.02540310249970687 0.0044179308695130315 0.0016567240760691215 0.0298210333692199 0.11707516804212656 0.18831430331304327 0.22807568113867097 0.35398671091982703 0.3931958473867639 0.25513550771444693 0.3434941251047319 0.5793011852650507 0.498673946896417 0.2739117139098808 0.315882057170265 0.31919550532240326 0.23249361200818747 0.18610533787828676 0.15297085635692861 0.11707516804212656 0.10216465135751487 0.1032691340748966 0.1336424088028039 0.10216465135751487 0.0911198241837323 0.15683654586775425 0.6974808360245555 0.27556843798594993 0.02098517163019384 0.02540310249970687 0.01988068891281558 0.012149309891164306 0.004970172228203895 0.004970172228203895 0.007179137662960411
1.096199096998214 0.6985853187419337 1.006735996890551 0.9277654825979864 1.0061837555318636 0.6477791137425235 0.23083688793211835 0.0640599976079563 0.13198568472673824 0.29600136825745293 0.027612067934463386 0.0022089654347565157 0.0022089654347565157 0.02264189570625949 0.2512698182036213 0.2987625750509003 0.17616499342187897 0.5638384272217516 0.6781523884704308 0.9774672048800184 1.152527715584519 0.8073768664037216 0.3136730917355085 0.17616499342187897 0.12425430570508697 0.09277654825979795 0.061298790814508924 0.08228396244470276 0.12977671929198173 0.05743310130368676 0.004970172228203895 0.012149309891164306 0.0640599976079563 0.11762740940081742 0.13419465016149476 0.1110005130965444 0.16677689032416204 0.028716550651841644 0.021537412988881233 0.024850861141019476 0.021537412988881233 0.01270155124985517 0.012149309891164306 0.006074654945582153 0.0077313790216512746
1.242543057050873 1.4927083925371163 1.4877382203089122 1.209408575529515 2.2426521576371545 0.7852872120561529 0.9343923789022559 0.9686313431409923 0.0033134481521347736 0.011597068532473442 0.007179137662960411 0.05522413586892677 0.05743310130368676 0.10934378902047875 0.4324049838537042 0.941019275206529 0.1380603396723204 0.8195261762948859 1.5037532197109023 1.5302608049279873 1.0006613419449688 0.4892858437987001 0.27501619662725907 0.16567240760678378 0.1380603396723204 0.07786603157518973 0.03147775744528902 0.0077313790216512746 0.0027612067934473794 0.008283620380338669 0.0038656895108256373 0.02374637842363775 0.0695824111948476 0.11707516804212656 0.12038861619426133 0.029268792010532507 0.03258224016266728 0.03810465374956204 0.05080620499941374 0.05246292907548286 0.04141810190169681 0.033134481521358145 0.027612067934463386 0.016567240760677338 0.006626896304273017
1.8836952744891236 2.4977876653516 2.134965092692745 2.5894597308940193 3.286388325559886 4.274348116255003 3.0886859191491256 1.1348559921064636 0.0 0.0005522413586908637 0.0027612067934473794 0.39540481282152384 0.48431567157049615 0.575435495754225 0.7002420428180028 0.7631975577085809 1.0343480648250143 1.3038418478653822 1.7169183841649616 1.4391409807442552 0.8256008312404681 0.4346139492884607 0.3418374010286628 0.2512698182036213 0.17616499342187897 0.13143344336804738 0.07123913527091671 0.011044827173786048 0.004970172228203895 0.004970172228203895 0.0022089654347565157 0.008835861739029532 0.028716550651841644 0.035895688314802054 0.029268792010532507 0.07841827293387713 0.05467189451023938 0.10989603037916615 0.36447929673492224 0.37552412390870826 0.16567240760678378 0.2672848176056113 0.09553775505324533 0.043074825977762465 0.02264189570625949
2.3724288769291326 2.476802493721406 2.414399220189517 2.4906085276886376 2.136069575410123 2.5276086987208197 2.0118152697050364 0.949855136945555 0.0 0.0 0.0 0.6996898014593155 0.9023623800982795 0.7576751441216896 0.5826146334171889 0.7703766953715413 1.2276325403662616 1.8312323454136408 1.8356502762831572 1.3342151225932928 0.7521527305347948 0.42301688075598726 0.3357627460830806 0.24740412869279568 0.21537412988881927 0.16456792488940553 0.16732913168284944 0.15352309771561948 0.011044827173786048 0.0038656895108256373 0.004970172228203895 0.0033134481521347736 0.00994034445640779 0.012149309891164306 0.01822396483674646 0.06571672168402543 0.10989603037916615 0.8289142793926063 0.866466691783474 0.9316311721088086 1.577753561775263 2.004083890683385 1.060303408683412 0.21868757804095404 0.07786603157518973
2.010710786987658 2.3006375002995285 2.337637671331709 2.4889518036125704 1.269602883626649 1.730724418132195 1.2392296088987385 0.3059417127138607 0.0 0.0 0.011597068532473442 0.5384353247220447 0.5086142913528248 0.4047929159192408 0.4379273974405955 0.6102267013516522 1.132647026671707 1.4463201184072156 1.2033339205839328 0.8438247960772145 0.6185103217319909 0.39264360602807646 0.3418374010286628 0.26673257624692037 0.2672848176056113 0.2374637842363879 0.2220010261930888 0.18610533787828676 0.09443327233586707 0.07952275565125538 0.019328447554124717 0.014910516684611685 0.007179137662960411 0.004970172228203895 0.010492585815095185 0.04970172228203548 0.15683654586775425 0.2987625750509003 0.7952275565125573 1.3286927090064016 1.7213363150344745 1.0078404796079292 1.0569899605312774 0.3075984367899264 0.07952275565125538
1.7439782107407376 1.9090983769888306 2.6187285229045503 2.2989807762234595 1.3347673639519837 1.1503187501497627 0.21813533668226318 0.4622260172229241 0.0005522413586908637 0.23635930151900963 0.04362706733645333 0.23635930151900963 0.2319413706494966 0.1728515452697442 0.20432930271503322 0.34404636646341924 0.839959106566389 1.1089006482480692 0.9752582394452619 0.7946753151538699 0.5599727377109259 0.4141810190169577 0.32692688434405104 0.2744639552685717 0.31753878124633417 0.35177774548507057 0.331897056572255 0.3015237818443442 0.2496130941275522 0.24629964597541742 0.21703085396488492 0.18334413108483938 0.11928413347688308 0.04638827412990071 0.035895688314802054 0.06792568711878194 0.16567240760678378 0.22144878483440142 0.33631498744177146 0.6648985958618882 0.7228839385242624 0.30318050592041335 0.33686722880045883 0.051358446358104604 0.040313619184318555
1.4606783937331365 1.6616942482960348 2.435384391819711 1.838963724435292 1.184557714388499 0.37828533070215564 0.0016567240760691215 0.1457917186939682 0.0022089654347565157 0.16346344217202727 0.12370206434639958 0.0038656895108256373 0.0011044827173782579 0.0033134481521347736 0.023194137064950354 0.030373274727910765 0.370001710321817 0.5997341155365536 0.6521970446120364 0.6323163556992208 0.5693608408086464 0.39153912331069823 0.23801602559507876 0.20101585456289844 0.3407329183112845 0.4047929159192408 0.5163456703744727 0.6019430809713135 0.5191068771679199 0.5737787716781594 0.5251815321135022 0.2982103336922094 0.1905232687477998 0.08283620380339016 0.08338844516208102 0.07013465255353846 0.08504516923815014 0.1032691340748966 0.17174706255236594 0.2220010261930888 0.21868757804095404 0.09277654825979795 0.023194137064950354 0.00994034445640779 0.013253792608542564
1.115527544552339 1.3132299509630991 2.096860438943183 1.2105130582468933 0.5555548068414129 0.3771808479847774 0.0011044827173782579 0.0016567240760691215 0.0038656895108256373 0.006626896304273017 0.1209408575529522 0.0 0.0 0.0016567240760691215 0.0033134481521347736 0.010492585815095185 0.014910516684611685 0.16732913168284944 0.30318050592041335 0.36447929673492224 0.3832555029303596 0.35453895227851445 0.20101585456289844 0.12204534027033045 0.26231464537740734 0.3843599856477378 0.5787489439063632 0.8747503121638162 0.783078246621393 0.8659144504247867 0.7256451453177097 0.4981217055377296 0.19991137184552019 0.09167206554241969 0.1402693051070769 0.11541844396605744 0.01988068891281558 0.0298210333692199 0.10492585815096225 0.11486620260737004 0.1110005130965444 0.1281199952159126 0.058537584021065014 0.0038656895108256373 0.0016567240760691215
