static/data/precipitation/2023/7/30/6.asc
ncols 137
nrows 93
xllcorner 108.0
yllcorner 17.0
cellsize 0.25
NODATA_value -32767
[rows 0 to 18 of 93, columns 0 to 42 of 137]
0.0 0.0 0.0 0.0005522413586908637 0.004970172228203895 0.017671723478055595 0.0342389642387364 0.033134481521358145 0.02540310249970687 0.05080620499941374 0.16567240760678378 0.15407533907430687 0.15352309771561948 0.17119482119367507 0.17009033847629682 0.23525481880163138 0.34735981461555404 0.43571843200583893 1.5269473567758491 2.536444560459849 1.3375285707454276 1.6843361440022944 2.4282052541567505 3.354866254037357 6.139819425907378 7.240436453775107 6.821285262529948 7.665662299965851 9.008161042939482 10.00219548858018 11.327022508075755 11.974249380459586 11.46839629590021 8.90268294342983 4.348348458319365 1.9549344097600403 2.368563187418307 3.285836084201197 4.770813097716662 5.803504438465611 7.542512476978143 6.34525321133979 4.6631260327722535
0.0 0.0 0.0 0.0005522413586908637 0.0044179308695130315 0.04086586054300595 0.09222430690111055 0.12259758162902132 0.07013465255353846 0.06626896304271282 0.12038861619426133 0.2545832663557561 0.29986705776827854 0.27612067934463735 0.23525481880163138 0.33631498744177146 0.5185546358092326 0.6698687680900921 0.7383466965675649 1.3634839146038253 1.5495892524821122 1.6589330415025874 2.6242509364914435 4.101496570985259 5.906221331181814 8.230605209904981 9.89506066499446 12.402236433443777 15.27886167085622 16.70861454850276 18.147203287888324 18.686190853969055 18.393502933863743 11.922890934101485 6.646776993184136 2.8954014436078785 3.340507978711436 5.47492083004549 7.454153859587858 7.798200226051277 6.776001471117427 5.514129966512429 4.072227778974726
0.0 0.0 0.0 0.0005522413586908637 0.0044179308695130315 0.05964206673844327 0.11155275445523527 0.14744844277003732 0.1551798217916886 0.20156809592158584 0.32637464298536367 0.5632861858630642 0.5124799808636504 0.401479467767106 0.28606102380104514 0.37110619303919523 0.6146446322211653 0.7974365219473173 0.8294665207512937 1.927322341825577 1.920695445521304 1.5921118371011838 3.2477314304516365 5.109337050593188 7.311675589046024 10.181673930154195 11.121036481284655 12.978224170556693 15.358936667866166 17.581708136590503 18.510578101905867 17.7363357170235 14.606231695972681 9.930956353309263 5.980221673246178 3.1748355711046523 4.249497255113985 6.533567514652833 7.997007115179417 6.072445980147287 3.4570309053948733 2.1183978519320674 2.1012783698126993
0.0 0.0 0.0 0.0005522413586908637 0.0022089654347565157 0.022089654347572096 0.10823930630309703 0.20101585456289844 0.15297085635692861 0.30704619543123896 0.591450495156215 0.9089892764025491 0.8924220356418717 0.7521527305347948 0.609122218634274 0.5478234278197616 0.6394954933621813 0.7659587645020283 0.8035111768928994 1.9251133763908204 2.0129197524224143 1.9124118251409652 3.6453452087079166 6.335312866883384 9.150087072122627 11.175156134436204 10.115404967111482 9.055653799786759 9.679686535105644 12.248713335728159 12.962761412513393 11.94166714029692 8.079843318982808 6.05587873938661 3.7259724470765505 3.683449862457475 4.0109289881602175 5.128113256788623 4.775783269944865 2.7026692094253204 1.6644554550894788 1.5065144265043462 1.520872701830267
0.0005522413586908637 0.0 0.0 0.0016567240760691215 0.0044179308695130315 0.04362706733645333 0.14137378782445517 0.22752343977998357 0.2374637842363879 0.7781080743931925 1.1657815081930651 2.06262147470445 2.0764275086716797 1.906889411554074 1.4982308061240075 0.9647656536301668 0.9581387573258972 0.9437804819999729 1.0293778925968105 1.8859042399238801 2.539758008611984 2.9329538559987496 4.414617421362078 6.259655800742952 8.732592604953535 8.662457952399995 6.758329747639369 5.64335444444572 5.170635841407699 6.2215511469933915 6.11662528884243 4.3604977682105295 2.445876977634806 1.5109323573738627 1.776008209544714 1.9924868221509116 1.796441139816217 2.1576069883990043 1.8687847578045118 1.5678132173188586 1.030482375314192 0.8532128991749315 0.9443327233586638
0.0 0.0 0.0 0.0016567240760691215 0.0022089654347565157 0.024850861141019476 0.13474689152018215 0.3600613658654092 0.4992261882551079 1.1630203013996179 2.078084232747749 2.9047895467055955 2.7181319674686213 2.3867871522550534 1.9891733739987767 2.112875438345173 1.2673939181918892 1.1972592656383507 1.1823487489537425 1.278990986724366 1.8986057911737353 1.9107551010648962 2.5270564573621304 4.082720364789823 4.695708272934921 4.840395508911511 3.413956079417109 2.85619230714094 2.494474217199463 2.4420112881239806 2.148771126659975 0.6151968735798562 0.4125242949408886 0.4517334314078289 0.7179137662960584 2.290697155843121 1.7097392465020012 1.7136049360128267 0.7924663497191133 0.7455258342305253 0.41638998445171427 0.4346139492884607 0.50530084320069
0.0011044827173782579 0.0 0.0 0.004970172228203895 0.008283620380338669 0.026507585217085128 0.06295551489057805 0.2783296447793973 0.6566149754815496 2.752923173066045 3.670748311207624 4.039645538812059 4.6322005166856535 4.300855701472088 3.6171808994147625 3.277552463820858 2.417712668341655 1.7058735569911756 1.7086347637846229 1.8400682071526702 2.1217113000842023 2.1592637124750738 2.12226354144289 1.7218885563931654 2.337085429973018 2.6027135235025622 1.8306801040549534 1.2707073663440274 0.9294222066740521 0.5688085994499554 0.2882699892358016 0.3285836084201202 0.33134481521356757 0.34018067695259363 0.3821510202129813 1.657828558785209 1.3739765004189206 2.0383228549221215 1.1133185791175824 0.5290472216243278 0.19825464776945106 0.21647861260619752 0.2844042997249795
0.0016567240760691215 0.0005522413586908637 0.0005522413586908637 0.0044179308695130315 0.017671723478055595 0.04528379141252245 0.07289585934698584 0.24795637005148655 0.7582273854803769 2.3762945664399586 4.64214086114206 5.0215306745615935 6.210506319819606 4.927649643584416 4.234586738429376 3.0848202296383 2.2023385384528362 2.170860781007547 2.2503835366588025 2.575653696926788 2.893192478173122 3.159925054420042 2.8849088577927815 2.5270564573621304 2.153741298888179 1.826262173185437 0.9697358258583706 0.5218680839613674 0.3650315380936131 0.2297324052147401 0.25955343858395996 0.29268792010531813 0.3214044707571598 0.3534344695611362 0.35453895227851445 0.6759434230356742 1.132647026671707 3.0621783339320405 2.186875780409537 1.0249599617272973 0.18886654467173414 0.14413499461790255 0.21592637124750666
0.0022089654347565157 0.0022089654347565157 0.0011044827173782579 0.005522413586894759 0.01822396483674646 0.06350775624926544 0.08725413467290666 0.1850008551609085 0.6864360088507728 1.7252020045453003 2.4646531838302432 4.221885187179522 5.179471703146726 3.3024033249618756 1.826262173185437 1.9389194103580505 1.4684097727547876 2.218353537854826 2.439802322689224 2.603265764861251 2.989834715943744 3.3211795311573113 3.385791770123957 2.97105850974831 2.477354735080095 1.2718118490614057 0.5605249790696167 0.22420999162784533 0.23138912929080574 0.26065792130133825 0.27225498983381513 0.27059826575774604 0.3075984367899264 0.4241213634733655 0.47050963760326275 0.8311232448273629 3.194716260017466 5.339069455807928 4.37540828489514 1.4512902906354195 0.06019430809713067 0.17616499342187897 0.5003306709724862
0.014358275325920822 0.016014999401989943 0.014910516684611685 0.016567240760677338 0.024298619782328612 0.07234361798829497 0.27612067934463735 0.36834498624574785 0.5378830833633573 0.6157491149385436 0.8868996220549805 1.1315425439543287 1.3518868460713485 0.7250929039590224 0.857630830044448 1.398275120201249 1.8847997572065018 1.9466507893797016 2.308921120679867 3.1853281569197494 3.572449349360931 3.8822567515856155 3.4780160770250657 2.63474352230654 2.9252224769771002 1.7290676940561258 0.9553775505324498 0.23138912929080574 0.24077723238852614 0.3457030905394884 0.39264360602807646 0.38546446836511605 0.3628225726588566 0.3650315380936131 0.4174944671690925 2.9633271307266584 7.592766440618867 8.160470557351442 4.585812242555755 1.0028703073797254 0.0695824111948476 0.6875404915681511 1.0277211685207448
0.051910687716792 0.07289585934698584 0.10713482358571877 0.1159706853247483 0.0982989618466927 0.11873189211819568 0.6969285946658681 1.252483401507281 1.0144673759122023 0.6306596316231552 0.48431567157049615 0.6428089415143196 0.9067803109677925 0.419703432603849 0.42301688075598726 0.8178694522188202 1.455155980146245 1.6953809711760803 2.71757972610993 3.9866303683778885 5.430741521350348 6.607015615358508 6.881479570627078 6.550134755413512 5.8250418514544915 3.563613487621903 1.5992909747641442 0.4638827412989932 0.3252701602679854 0.769272212654163 0.8526606578162441 0.7504960064587257 0.7698244540128505 0.6842270434160129 1.6119925260139993 5.059635328311154 12.125563512740449 7.519870581271881 5.25402428656978 3.375851425667549 0.05632861858630503 0.07565706614042975 0.13032896065066912
0.07565706614042975 0.13529913287887302 0.2496130941275522 0.3208522293984689 0.2739117139098808 0.2816430929315321 0.3506732627676923 0.8206306590122642 2.0902335426389134 0.9995568592275905 0.6151968735798562 0.539539807439423 0.18389637244353024 0.21647861260619752 0.39043464059332 0.7990932460233829 1.4242304640596435 2.0615169919870717 3.9352719220197856 6.091774427701412 7.9241112558324325 7.853424361920205 8.503964682456173 8.78118984451819 7.645781611053037 5.483756691784518 2.5960866271982908 0.5218680839613674 0.5323606697764626 5.4152787633070485 7.704871436432789 7.56736333811916 4.200900015549328 2.075323025954302 3.536553661046129 7.06316697763585 10.611317707214452 8.431621064467878 4.129108638919722 0.3860167097238035 0.04362706733645333 0.04804499820596636 0.05964206673844327
0.1629112008133364 0.4307482597776351 0.5638384272217516 0.6129879081450962 0.5218680839613674 0.5654951512978207 0.48376343021180535 0.7974365219473173 1.5225294259063362 1.2806477108004317 0.8151082454253729 0.4368229147232172 0.13916482238969866 0.18279188972615198 0.2672848176056113 0.5975251501017971 1.3099165028109643 2.0377706135634304 3.1030441944750464 4.298094494678641 6.427537173784493 6.328685970579112 7.065375943070606 7.697692298769829 8.815428808756925 3.4940310764270537 2.2851747422562263 4.981769296735966 9.342267064946496 5.171188082766387 2.7551321385008016 3.18477591556106 11.312111991391147 12.013458516926526 11.958786622416287 10.877498042102685 10.328570131565543 4.694051548858852 1.9510687202492147 0.33686722880045883 0.05798534266237415 0.0298210333692199 0.03976137782562769
0.24298619782328265 0.8106903145558598 1.2806477108004317 1.3955139134078018 1.2486177119964554 0.8432725547185271 0.6947196292311115 0.41583774309302685 0.6052565291234484 0.6720777335248486 0.6996898014593155 0.42798705298419115 0.2501653354862431 0.5920027365149059 0.5202113598852982 0.8913175529244934 2.377399049157337 1.6086790778618645 1.269602883626649 2.3448168089946693 2.6993557612731855 3.745300894630675 4.745962236575644 6.062505635690881 6.423119242914978 1.9449940653036326 1.6534106279156962 4.44388621337261 5.168979117331631 3.9490779559870175 1.683231661284916 1.8152173460116543 4.75700706374943 7.129435940678563 8.496233303434522 7.785498674801423 3.7955548582714 3.6591512426751485 1.4573649455810016 1.4800068412872611 0.2253144743452236 0.2612101626600291 0.33134481521356757
0.2220010261930888 0.8073768664037216 1.2193489199859229 1.2977671929198 1.3634839146038253 1.0823930630309841 0.6919584224376641 0.3871211924411817 0.43627067336452985 0.8697801399356122 0.8222873830883333 0.3860167097238035 0.18334413108483938 0.3252701602679854 0.2993148164095877 0.7361377311328049 1.5766490790578847 0.8239441071644025 0.4821067061357397 0.7433168687957653 1.0072882382492419 1.3999318442773183 1.796441139816217 2.9114164430098666 2.9307448905639912 1.4341708085160512 0.9167206554242003 1.0050792728144853 1.2640804700397543 0.9261087585219173 1.3049463305827604 1.466200807320031 1.7997545879683516 2.3205181892123408 3.7071962408811148 5.05466515608295 4.523408969023866 4.534453796197652 3.0052974739870444 2.502205596221113 2.025069062313579 1.8897699294347057 1.678813730415403
0.11431396124867918 0.5494801518958308 0.8880041047723587 0.9730492740105054 1.417603567755374 2.460235252960727 2.0443975098677036 0.4964649814616605 0.36171808994147486 0.6742866989596086 0.6118834254277179 0.18113516565008286 0.06682120440140368 0.03534344695611466 0.009388103097716927 0.10934378902047875 0.6118834254277179 0.1480006841287282 0.1380603396723204 0.3976137782562804 0.6372865279274248 0.7643020404259592 1.1409306470520457 1.2397818502574258 1.7931276916640821 0.6163013562972344 0.09664223777062358 0.18279188972615198 0.1899710273891124 0.31919550532240326 0.7002420428180028 0.9261087585219173 1.1343037507477762 1.1674382322691308 1.3507823633539702 2.6976990371971166 5.405338418850641 5.509712035642914 4.004854333214635 3.3377467719179887 2.759550069370316 3.29853763545105 4.379273974405965
0.033134481521358145 0.12977671929198173 0.4694051548858845 0.7134958354265454 1.189527886616703 2.4409068054066023 1.999113718455181 0.446763259179625 0.2855087824423577 0.20653826814978973 0.14413499461790255 0.07344810070567323 0.011597068532473442 0.0005522413586908637 0.040313619184318555 0.14137378782445517 0.2816430929315321 0.15683654586775425 0.1480006841287282 0.2253144743452236 0.4727186030380227 0.7383466965675649 0.6107789427103396 0.7101823872744106 1.4049020165055186 0.6693165267314047 0.14855292548741558 0.10989603037916615 0.14689620141134646 0.14910516684610645 0.4495244659730724 0.6759434230356742 0.5411965315154921 0.5428532555915577 0.726749628035088 0.8852428979789113 2.977133164693892 3.1665519507243136 3.4100903899062835 2.7413261045335697 2.773356103337548 5.075098086354453 6.159147873461503
0.038656895108249434 0.03810465374956204 0.37552412390870826 0.5897937710801493 0.47768877526622316 0.3943003301041456 0.1921799928238689 0.1800306829327046 0.34735981461555404 0.1905232687477998 0.10989603037916615 0.04362706733645333 0.0022089654347565157 0.012149309891164306 0.061298790814508924 0.08946310010766317 0.1032691340748966 0.08835861739028492 0.06682120440140368 0.1259110297811561 0.3053894713551698 0.34018067695259363 0.27998636885546296 0.24795637005148655 0.21868757804095404 0.20046361320420758 0.16677689032416204 0.12259758162902132 0.07841827293387713 0.11155275445523527 0.4147332603756486 0.6124356667864088 0.45007670733175975 0.28274757564891034 0.28661326515973595 0.43295722521239155 0.6963763533071772 0.952064102380315 1.290035813898152 1.7826351058489869 2.918043339314138 5.494801518958304 5.4782342781976245
0.06295551489057805 0.14634396005265907 0.6267939421123296 1.3933049479730453 0.6251372180362604 0.6129879081450962 0.05688085994499589 0.12259758162902132 0.23083688793211835 0.1259110297811561 0.054119653151548514 0.0016567240760691215 0.004970172228203895 0.0298210333692199 0.06626896304271282 0.08559741059683754 0.05688085994499589 0.09222430690111055 0.07455258342305149 0.030373274727910765 0.11873189211819568 0.18389637244353024 0.1905232687477998 0.18444861380221764 0.1899710273891124 0.3075984367899264 0.2512698182036213 0.13419465016149476 0.0817317210860119 0.08007499700994625 0.41804670852778336 0.7234361798829532 0.22862792249736183 0.0740003420643641 0.07676154885781147 0.17450826934581332 0.4070018813539973 0.5472711864610742 0.9907209974885645 1.5871416648729832 1.93174027269509 2.71150507116435 3.4200307343626912
