static/data/thetao/2023/7/28/0.asc
ncols 137
nrows 93
xllcorner 108.0
yllcorner 17.0
cellsize 0.25
NODATA_value -32767
[rows 27 to 53 of 93, columns 61 to 121 of 137]
26.730103 26.45238 26.440575 26.302616 26.079033 26.103893 26.209352 26.459745 26.431376 26.5985 27.572824 27.58081 -32767.0 -32767.0 27.90261 27.80393 28.242306 28.67018 28.92054 29.0252 29.119228 29.106403 28.912773 28.82412 28.660275 -32767.0 -32767.0 -32767.0 -32767.0 -32767.0 -32767.0 -32767.0 -32767.0 -32767.0 27.60043 26.604095 27.991335 -32767.0 -32767.0 -32767.0 28.84792 29.10968 29.01544 29.223167 28.35808 28.47231 28.626259 28.825474 28.564825 28.54124 28.756432 29.121912 29.32484 28.939413 28.954494 29.033539 29.069574 29.058512 29.053028 29.478382 29.810287
26.674318 26.387844 25.974737 25.698202 25.400444 25.826303 26.090235 26.314291 26.400764 26.348183 26.932732 27.854225 27.94893 28.08686 28.164001 28.298729 28.449923 28.860281 29.158854 29.241488 29.186848 29.015995 28.742737 -32767.0 28.657532 28.657907 -32767.0 -32767.0 30.260096 -32767.0 -32767.0 -32767.0 -32767.0 -32767.0 -32767.0 26.679716 28.256008 -32767.0 -32767.0 28.693052 29.046146 29.213041 29.395195 29.511023 29.545753 29.49676 29.049152 28.851286 28.483156 29.067028 28.94329 29.19563 29.07219 28.733091 28.902056 29.036098 29.033451 28.852991 29.050028 29.360914 29.778479
27.041048 26.756666 26.568806 26.510983 26.201378 25.523096 25.789219 25.943468 26.127943 26.099695 26.572496 27.403233 27.884441 27.991686 28.10187 28.3916 28.707144 29.027433 29.310438 29.320908 29.20206 28.935658 -32767.0 28.303152 28.45158 28.598902 28.982203 29.0515 -32767.0 29.534927 -32767.0 -32767.0 -32767.0 -32767.0 -32767.0 28.301815 28.949717 29.05693 29.330091 29.31739 29.240053 29.403524 29.515816 29.620771 29.694626 29.650532 29.507593 28.59425 29.125143 29.266817 29.234533 29.055754 28.71786 28.536198 28.890255 29.03332 29.068014 28.925428 28.95407 29.268707 29.786045
26.896963 27.046017 27.00186 26.578772 26.408705 26.082348 25.615675 25.516333 25.675266 25.904102 26.678165 27.911715 27.864637 28.207655 28.471203 28.561256 28.74661 28.949038 29.022308 29.329304 29.244864 29.13952 28.758606 28.397144 28.315708 28.243732 28.570354 28.828474 29.044273 30.00384 -32767.0 -32767.0 -32767.0 -32767.0 28.372147 29.278656 29.246462 29.158092 29.160099 29.25838 29.464798 29.616173 29.64477 29.669292 29.693302 29.689339 29.705227 28.917019 29.24156 29.179453 28.893467 28.656698 28.509132 28.471806 28.790428 29.069033 29.116426 28.968105 28.817585 29.190403 29.726122
27.385317 27.44272 26.889063 26.466064 26.352116 26.335361 25.918726 25.89279 25.624065 25.854717 26.212748 27.59295 28.186731 28.461605 28.556969 28.628813 28.784548 28.751368 28.852543 29.052572 29.261559 29.2649 29.194193 29.152206 29.128304 29.07064 28.701887 29.010899 29.054976 29.03763 -32767.0 -32767.0 -32767.0 -32767.0 28.693466 29.418327 29.17277 29.010986 29.22059 29.574049 29.748299 29.84241 29.88544 29.894947 29.899773 29.838568 29.87472 29.196962 29.103476 28.98678 28.648626 28.159643 28.080145 28.43555 28.77511 28.991034 29.13798 28.831532 28.796673 29.199787 29.640966
27.130302 27.256657 27.033178 26.797455 26.81217 26.874191 26.872887 26.361824 25.94563 25.96993 26.329327 26.963934 27.931494 28.487968 28.543575 28.613863 28.649982 28.75103 28.852217 28.939568 29.284206 29.264008 29.19912 29.246946 29.211218 29.103401 28.888006 28.692762 -32767.0 -32767.0 -32767.0 -32767.0 -32767.0 28.450907 28.980103 29.368149 29.41656 29.533966 29.716742 29.80834 29.725624 29.77056 29.813242 29.872913 30.042849 29.946188 29.722004 29.924109 29.146982 28.509575 27.972036 28.12981 27.961744 28.19635 28.763878 28.97341 28.980167 28.68628 28.840887 29.306835 29.685303
26.943459 26.727585 26.7781 27.097399 27.063963 27.230719 27.27555 26.533913 26.246405 26.237902 26.344368 27.045885 28.22464 28.55648 28.500235 28.52401 28.54671 28.735012 28.814974 28.921541 29.037724 29.109522 29.104576 29.183664 29.126123 29.08038 28.97471 28.783777 -32767.0 -32767.0 -32767.0 -32767.0 -32767.0 28.455927 29.53674 29.673721 29.689617 29.709965 29.59742 29.628626 29.611853 29.64924 29.77989 29.913355 29.935417 30.046072 29.771505 29.8526 29.954504 29.810658 29.306095 28.66091 27.782578 28.048903 28.6248 28.83207 28.765862 28.60382 28.90991 29.409678 29.75041
26.602114 26.785194 26.81651 27.073244 27.158648 27.239956 27.522655 27.057957 26.339947 26.251287 26.583042 27.48215 28.245731 28.484617 28.423569 28.495737 28.66513 28.767805 28.824923 29.075499 29.112051 29.060038 29.004879 29.06257 29.009802 29.01212 28.963118 28.796154 29.222425 -32767.0 29.330145 -32767.0 -32767.0 29.31677 29.443552 29.560392 29.55051 29.530764 29.63585 29.750486 29.72552 29.678442 29.789495 29.823614 29.857512 29.93727 29.845222 29.832035 29.919569 29.88604 29.79224 29.691994 29.38878 28.56757 28.392138 28.653852 28.603462 28.522707 29.01111 29.577055 29.80411
26.51019 26.266527 26.394688 26.646162 27.49761 27.783243 27.497898 27.200525 26.66847 26.381847 26.769808 27.347427 27.856628 28.152042 28.30658 28.511566 28.599623 28.721739 28.96236 29.078716 29.029123 28.952618 28.946682 28.933796 29.00473 28.979067 28.903145 28.75829 28.895235 28.942347 29.329006 -32767.0 28.720894 28.794485 29.44495 29.471746 29.512453 29.52821 29.6822 29.80354 29.896475 29.733807 29.853657 29.908993 29.86755 29.873556 29.909288 29.930832 29.90649 29.903795 29.871624 29.773579 29.706453 29.409132 28.63619 28.582548 28.700726 28.720818 29.194067 29.716599 29.839897
26.714333 26.706457 26.892132 26.97616 27.011574 27.28542 27.460752 27.140043 26.951857 26.842073 27.07356 27.381699 27.593649 28.087948 28.440872 28.432165 28.480137 28.801657 28.969725 29.069218 28.945017 28.98754 29.0611 29.090466 29.053955 29.053482 29.05612 29.018026 29.001015 28.894627 -32767.0 28.920881 29.24923 28.597282 29.217264 29.356312 29.508842 29.437244 29.695444 29.755041 29.703003 29.779524 29.84415 29.840126 29.812424 29.775593 29.827507 29.853638 29.831244 29.865776 29.811718 29.78184 29.686796 29.591066 29.260723 28.650957 28.62728 29.064075 29.482096 29.758368 29.804998
26.427576 26.821396 27.339973 27.089375 27.15417 27.505026 27.768269 27.959692 27.545454 27.443468 27.86586 28.077366 28.274115 28.37791 28.342133 28.410875 28.784538 28.858702 28.958532 28.993761 29.013681 29.009003 29.089361 29.233866 29.354794 29.401316 29.431189 29.418417 29.065334 28.840021 29.016003 29.133324 28.892044 29.208828 29.336168 29.341885 29.417423 29.363956 29.623741 29.658115 29.687872 29.783945 29.762257 29.756697 29.77106 29.75991 29.71408 29.784386 29.717865 29.716053 29.778425 29.86487 29.817205 29.779285 29.641409 28.848986 28.74772 29.28148 29.757647 29.758615 29.561852
25.646303 26.444994 27.267717 27.87098 27.499529 27.776756 27.926664 28.038067 27.901257 27.891811 27.916344 27.995995 28.081009 28.091232 28.211338 28.456089 28.828331 28.87472 28.91088 28.95191 29.043913 29.125612 29.153097 29.237434 29.41676 29.498182 29.51794 29.542496 -32767.0 29.497513 29.458172 -32767.0 29.202877 29.281736 29.355953 29.483887 29.362766 29.440775 29.471657 29.649786 29.61075 29.750849 29.811192 29.834082 29.766201 29.700869 29.798582 29.575865 29.58252 29.690142 29.784285 29.878412 29.784758 29.885294 29.799967 29.40405 29.460785 29.626328 29.714766 29.76144 29.3498
25.758814 27.107355 27.592068 27.906698 28.14769 28.207376 28.265179 28.265562 28.273125 28.034103 27.876163 27.88153 28.129656 28.383484 28.55564 28.410965 28.825363 28.976004 29.004335 29.123205 29.194899 29.235142 29.253162 29.313313 29.446436 29.529793 29.502745 29.463144 29.506437 -32767.0 29.427708 28.64923 29.233715 29.288742 29.38242 29.290537 29.364887 29.44132 29.397133 29.649305 29.569473 29.765392 29.821146 29.834 29.78647 29.766705 29.72058 29.784533 29.605381 29.667416 29.781557 29.798092 29.750914 29.6692 29.73933 29.63186 29.583958 29.72135 29.524765 29.593058 29.212067
25.857885 27.238733 28.391329 28.202978 28.26222 28.42867 28.572828 28.578114 28.379084 28.438805 28.357906 28.586006 28.594183 28.692497 28.707117 28.809462 28.94564 29.078207 29.216953 29.398764 29.502684 29.46692 29.452496 29.421455 29.459164 29.462942 29.512587 29.221355 29.23157 29.427486 29.4441 29.589935 29.45265 29.377266 29.417147 29.319344 29.396557 29.342964 29.481949 29.640827 29.55275 29.762032 29.826754 29.796347 29.678179 29.63123 29.616514 29.657675 29.58362 29.679422 29.769968 29.837555 29.78407 29.566002 29.639345 29.479422 29.751688 29.465437 29.552902 29.34487 29.200195
26.647596 27.055927 28.015867 28.653316 28.717806 28.740376 28.917318 28.811966 28.800999 28.774132 28.645452 28.671879 28.639286 28.763401 28.886236 28.995695 29.105936 29.26818 29.654848 29.690472 29.607134 29.457808 29.366156 29.35772 29.34328 29.335667 29.300558 29.26295 29.043064 29.023836 29.09934 29.14434 29.233189 29.31286 29.293781 29.240503 29.220318 29.384565 29.632109 29.61285 29.56161 29.750305 29.801338 29.70583 29.673298 29.624165 29.564621 29.568445 29.63515 29.743273 29.850138 29.794828 29.776484 29.656445 29.642975 29.769121 29.49259 29.498905 29.58862 29.337364 29.14711
27.187744 27.827774 28.24079 28.60322 28.812962 28.781963 28.683172 28.607742 28.623083 28.703634 28.798685 28.80615 28.778074 28.827213 28.99486 29.11582 29.409225 29.43656 29.646444 29.679907 29.293198 29.145958 29.180424 29.152617 29.112871 29.146149 29.17648 29.175585 29.082642 29.16329 29.369574 29.511312 29.53592 29.525208 29.475933 29.667965 29.705153 29.638922 29.579935 29.544676 29.576885 29.737692 29.739923 29.688738 29.701162 29.760283 29.61866 29.558712 29.602936 29.689762 29.714363 29.722422 29.770248 29.714235 29.744164 29.521961 29.501764 29.561632 29.361023 29.285107 29.087362
27.931696 28.641006 28.96206 29.415182 29.164568 28.842386 28.855888 28.853989 28.989647 28.911295 28.78862 28.85192 28.914827 29.063057 29.049482 29.414822 29.445452 29.4028 29.746748 29.404072 29.053114 28.960056 29.05129 29.144945 29.151411 29.121595 29.08254 29.095919 29.037498 29.01632 29.107557 29.132244 29.310434 29.458725 29.418201 29.450512 29.457487 29.455677 29.494667 29.43416 29.593689 29.64743 29.673887 29.75787 29.633974 29.584763 29.59515 29.686333 29.639915 29.622454 29.669277 29.693413 29.677704 29.66485 29.53525 29.465887 29.416855 29.478926 29.487455 29.17524 29.108702
28.802965 29.558994 29.675882 29.526232 29.488115 29.134985 28.834011 28.949797 28.842978 28.809143 28.785923 28.93374 29.08772 29.01183 29.321012 29.447851 29.550312 29.31695 29.503342 29.130478 28.981081 28.9858 29.051592 29.179722 29.15256 29.14827 29.030018 29.059288 29.07766 29.152164 29.239574 29.414255 29.496515 29.450268 29.418846 29.415855 29.435835 29.473444 29.503592 29.416668 29.610882 29.601624 29.600798 29.704151 29.554302 29.43032 29.392464 29.549894 29.644382 29.623928 29.63496 29.619524 29.621279 29.617905 29.415268 29.33258 29.537144 29.34369 29.212967 29.203728 29.131193
29.347795 29.695116 29.28849 29.266731 29.209728 29.161026 29.035534 28.941465 28.927454 28.88229 29.019726 29.114407 29.117046 29.219244 29.304857 29.630255 29.835033 29.338985 29.3448 29.119488 29.006035 29.01436 28.82011 28.947512 29.0666 29.127718 29.154593 29.207726 29.29135 29.35456 29.398556 29.431196 29.499454 29.559875 29.583618 29.616371 29.641323 29.60158 29.555086 29.427443 29.564272 29.678108 29.705866 29.707233 29.447784 29.383001 29.319397 29.38615 29.541338 29.61653 29.586899 29.562073 29.537756 29.446749 29.383541 29.289545 29.353918 29.32397 29.178759 29.153635 29.162683
29.504492 29.505892 29.374273 29.068897 29.16866 28.966232 28.957485 28.995089 29.170794 29.109426 29.085764 29.145748 29.136852 29.229937 29.307783 29.660736 29.882343 29.377756 29.278927 29.132061 28.88884 28.921312 29.017185 28.838476 28.932076 28.88612 29.009035 29.079855 29.268875 29.485655 29.608437 29.607197 29.565983 29.560509 29.580208 29.6294 29.666431 29.593864 29.55443 29.455051 29.525229 29.685432 29.773254 29.603289 29.502623 29.52626 29.424395 29.337524 29.57494 29.558355 29.591145 29.473497 29.4091 29.347935 29.283783 29.24606 29.109488 29.100466 29.131754 29.09597 29.109652
29.180082 29.062082 28.963814 29.295761 29.40176 29.162903 29.038668 28.882244 29.065332 28.997972 29.048433 29.18535 29.110931 29.260283 29.402222 29.800404 29.907211 29.318848 29.222345 29.078327 29.04451 29.002264 28.863523 28.977701 -32767.0 28.87266 29.085632 29.174109 29.40466 29.553831 29.46471 29.437502 29.379147 29.341146 29.42351 29.533825 29.59517 29.59869 29.49614 29.49826 29.504105 29.704613 29.723589 29.478134 29.535355 29.592241 29.59244 29.299433 29.668617 29.602615 29.51041 29.434778 29.363365 29.356768 29.22162 28.94473 29.01624 29.097597 29.129202 29.169292 29.180307
28.846968 28.69479 29.021355 29.196154 29.347294 29.405155 29.218052 29.152786 29.049574 29.178951 29.177637 29.163916 29.194578 29.414227 29.738863 29.996384 29.543217 29.269222 29.158607 29.08299 29.020172 29.091398 28.969902 28.787886 29.066145 29.031672 29.0749 29.325922 29.396477 29.313267 29.312084 29.12961 29.06249 29.073744 29.260906 29.514353 29.523663 29.549732 29.45699 29.497019 29.579084 29.732828 29.540718 29.834078 29.916542 29.87157 29.663012 29.245905 29.573864 29.627348 29.4963 29.347334 29.42182 29.241032 28.887283 29.038147 29.002817 28.973722 29.008434 29.0752 29.169565
28.47229 28.90296 29.32901 29.365831 29.235035 29.233017 29.2708 29.155655 29.186256 29.33497 29.183678 29.226469 29.492823 29.660381 29.383598 29.137798 29.183943 29.219492 29.098288 29.052448 29.05557 28.951376 29.079334 -32767.0 28.93955 28.979029 28.99671 29.11553 29.228693 29.116024 28.939175 28.825275 28.901096 28.987242 29.13881 29.494757 29.49212 29.432148 29.495987 29.486084 29.6536 29.616087 29.8103 29.88368 29.828754 29.829048 29.796665 29.32558 29.234005 29.305418 29.337317 29.439625 29.234636 29.099115 28.997446 29.257055 29.254498 29.23435 29.21687 29.03999 28.902693
28.596521 28.813364 29.369818 29.2816 29.069185 29.006067 29.07282 29.190363 29.21372 29.032333 29.036629 29.531683 29.669872 29.27872 29.012177 29.135523 29.204626 29.157597 29.011982 28.977877 28.745295 28.845978 28.86011 29.019732 28.9731 29.029776 28.972143 29.079851 29.09787 28.883505 28.749903 28.814692 28.994564 29.03819 29.277298 29.418955 29.43604 29.388924 29.528934 29.561506 29.602993 29.594597 29.704649 29.773056 29.767887 29.801592 29.770922 29.36921 29.404102 29.411335 29.445175 29.412947 29.239365 28.988562 28.979641 29.3618 29.515392 29.512033 29.242176 29.186146 29.292849
28.446247 28.550472 28.853184 28.727451 28.520891 28.48188 28.57167 28.875093 29.016788 29.053238 29.490944 29.666706 29.713144 29.240765 28.956636 29.155092 29.022062 29.138987 29.059666 28.996876 28.764122 28.906792 28.88916 28.950325 28.88731 28.968891 28.968035 29.053722 29.023808 28.806694 28.699337 28.851088 29.002577 29.178427 29.30138 29.321117 29.333357 29.523777 29.567688 29.579985 29.475967 29.579094 29.645588 29.67859 29.653208 29.63882 29.70129 29.493319 29.402607 29.417912 29.453852 29.48852 29.399214 29.34266 29.34203 29.584974 29.65697 29.392256 29.349731 29.243721 29.206556
28.333212 28.510921 28.507956 28.355167 28.187927 27.845915 28.154406 28.661112 29.005066 29.251871 29.62279 29.860058 29.538212 29.192625 29.01676 29.110527 29.069351 29.169561 29.20937 29.078308 28.845959 28.635332 28.829344 28.85155 28.734892 28.969933 28.97786 29.064518 29.005814 28.83858 28.746035 28.878477 29.014536 29.128124 29.18059 29.244818 29.447523 29.594004 29.504553 29.50749 29.514315 29.53264 29.501272 29.394272 29.462532 29.619339 29.5779 29.671532 29.211647 29.216837 29.218313 29.364899 29.440098 29.398111 29.520727 29.593096 29.695272 29.731638 29.605282 29.49499 29.549263
28.914768 28.81532 28.65998 28.650824 28.360014 28.348839 28.628973 28.80542 29.051418 29.127602 29.579456 29.946726 29.438192 29.099161 29.118973 29.104006 29.02648 29.103878 29.174757 29.559881 -32767.0 28.957926 28.861975 28.822025 28.958912 29.078768 29.012106 29.051498 29.01906 28.872885 28.776922 28.846611 28.929153 29.041517 29.161627 29.331778 29.541138 29.518534 29.47444 29.383715 29.287086 29.21063 29.146986 29.15062 29.211487 29.440685 29.661062 29.539791 29.555176 29.27625 29.255228 29.198824 29.352106 29.45601 29.531164 29.597445 29.671553 29.609253 29.5634 29.575705 29.659653
