static/data/thetao/2023/7/28/18.asc
ncols 137
nrows 93
xllcorner 108.0
yllcorner 17.0
cellsize 0.25
NODATA_value -32767
[rows 54 to 80 of 93, columns 61 to 121 of 137]
28.423508 28.38108 28.38839 28.365742 28.429834 28.6096 28.731846 28.848873 29.163351 29.535727 29.494324 29.344263 29.203674 29.16111 29.17628 29.11511 29.189714 29.235985 29.181257 29.275473 29.009468 28.957895 28.926828 29.038847 29.13835 29.287449 28.995626 28.97438 28.886395 28.869862 28.865927 28.957893 29.094484 29.246899 29.43094 29.54552 29.507938 29.399162 29.218313 29.110622 29.034235 29.008118 28.976816 28.929234 28.96562 29.181908 29.448977 29.674883 29.476065 29.524893 29.304073 29.227642 29.128607 29.304464 29.355623 29.572542 29.540983 29.477228 29.54553 29.3203 29.467112
28.634607 28.679167 28.794315 28.73315 28.803797 28.78382 28.998306 29.321497 29.441082 29.422403 29.290289 29.127478 29.202923 29.168041 29.127518 29.087273 29.088322 29.296556 -32767.0 29.070492 29.178272 29.308357 29.043734 29.055294 29.325912 29.379564 28.986864 28.95528 28.975412 28.902855 28.921957 29.068562 29.21234 29.392801 29.48113 29.431055 29.302647 29.089296 28.811602 28.704912 28.689774 28.721975 28.786219 28.772764 28.866045 29.143732 29.289776 29.646616 29.593739 29.554878 29.465279 29.239061 29.13742 29.222 29.397661 29.361183 29.369156 29.597685 29.403967 29.396276 29.80947
28.724865 28.853111 28.904802 29.062803 29.224188 29.28173 29.48713 29.4809 29.362888 29.130869 29.024868 29.201815 29.199188 29.214802 29.041574 29.1396 29.286383 29.337734 29.38134 29.42898 29.501265 29.556684 29.572542 29.420631 29.56435 29.317848 29.015196 28.974815 29.071613 28.897831 28.966572 29.105427 29.291035 29.372128 29.324417 29.198006 28.934013 28.636543 28.582714 28.611107 28.668402 28.56935 28.493979 28.587992 28.884111 29.196833 29.25433 29.52972 29.664846 29.546423 29.57918 29.225355 29.124443 29.237127 29.284906 29.324902 29.449217 29.615343 29.609926 29.515314 29.973825
28.69741 28.475933 28.622417 28.836763 29.022139 29.268631 29.40935 29.248997 28.925062 29.00632 29.189255 29.149912 29.24566 29.199123 29.073656 29.115583 29.246124 29.392021 29.41246 29.490852 29.61218 29.55534 29.570032 29.611586 29.598696 29.149837 29.10663 29.06966 29.05554 28.93376 28.994682 29.102139 29.245766 29.259739 29.11658 28.876482 28.634983 28.633776 28.592453 28.592545 28.627277 28.613161 28.483742 28.481504 28.807724 29.146187 29.29884 29.386257 29.693113 29.683031 29.70089 29.28387 29.072271 29.266062 29.293764 29.313292 29.635677 29.676737 29.722948 29.793848 30.123589
28.584234 28.476835 28.804556 29.054115 29.1337 29.212133 28.957645 28.867624 29.01035 29.237522 29.160265 29.225052 29.202194 29.182428 29.154217 29.21233 29.316366 29.37275 29.297058 29.519825 29.508944 29.43326 29.498095 29.597834 29.559778 28.993345 29.172531 29.167583 29.001085 29.108719 28.972933 29.071543 29.160933 29.114117 28.909864 28.745054 28.686525 28.70428 28.675426 28.693754 28.684082 28.68261 28.530497 28.528458 28.84647 29.18929 29.35906 29.357553 29.573257 29.726322 29.72587 29.691755 29.436504 29.243713 29.295845 29.617136 29.653795 29.688002 29.594683 30.060991 30.23685
28.439772 28.486507 28.795458 28.783289 28.789383 28.743683 28.900839 28.990028 29.155117 29.171934 28.964909 29.05419 29.230326 29.275196 29.304758 29.395489 29.320614 29.117134 29.265656 29.581663 29.507946 29.551311 29.595554 29.587786 29.346514 28.90554 29.199112 29.267189 29.024357 29.18388 29.026516 29.053839 29.107014 28.997236 28.791105 28.660269 28.652435 28.719028 28.701813 28.746807 28.73748 28.669321 28.561398 28.646389 28.92533 29.21339 29.372236 29.44512 29.427525 29.528337 29.683279 29.786459 29.733292 29.677189 29.697636 29.692907 29.6574 29.61167 30.053633 30.219744 30.283524
28.177422 28.482769 28.7298 28.978756 28.870821 28.610584 28.982943 29.122412 29.28984 28.969746 28.994461 29.026638 29.164972 29.203459 29.310328 29.20229 28.941046 29.237585 29.516033 29.576872 29.531528 29.556213 29.539585 29.405443 28.970705 28.889174 29.23372 29.3293 29.12606 28.98736 29.13594 29.055967 29.056261 28.933073 28.740843 28.660263 28.628971 28.654997 28.66685 28.794065 28.752378 28.608597 28.5624 28.732306 29.032673 29.231445 29.291441 29.372488 29.380026 29.439789 29.44861 29.660686 29.798058 29.849155 29.841516 29.813795 29.54862 29.987282 30.23346 30.319496 30.166803
28.277529 28.652922 28.91392 29.049314 28.927547 28.609575 29.187683 29.197987 29.36656 28.583641 29.054176 29.01057 29.097603 29.312 29.29278 29.06778 29.121973 29.458818 29.544106 29.47464 29.458057 29.485012 29.444834 29.103746 28.827215 29.154072 29.204947 29.32208 29.224888 28.823015 29.1236 29.064743 29.034754 28.918848 28.71158 28.680836 28.712112 28.689688 28.744728 28.77225 28.743397 28.71215 28.76569 28.870573 29.058508 29.219376 29.255642 29.289036 29.35127 29.383776 29.392843 29.62445 29.694908 29.82888 29.905518 29.81647 29.646133 30.174334 30.321663 30.247946 30.065186
28.561773 28.7507 29.101917 29.116573 28.916853 29.116854 29.337864 29.268713 29.157022 29.055645 28.9829 28.970625 28.996536 29.18254 29.123592 28.938677 29.318474 29.478611 29.504555 29.340282 29.455023 29.361923 29.127043 28.831846 29.133633 29.147345 29.086731 29.180586 29.284674 29.075365 28.858786 28.96404 29.031036 28.94156 28.812351 28.749184 28.74983 28.789177 28.80799 28.782274 28.813679 28.920527 29.026415 29.119108 29.178125 29.194185 29.32183 29.310469 29.312416 29.307287 29.41559 29.603537 29.625885 29.730846 29.915106 29.690294 30.09423 30.217321 30.250982 30.072153 30.124748
28.74922 28.730001 28.997168 29.255041 29.251545 29.362007 29.31971 29.24525 29.119461 29.012407 28.965668 28.952805 28.643972 28.735203 28.767014 29.159637 29.38815 29.536945 29.386827 29.233715 29.336674 29.011723 28.981262 29.122763 29.050516 29.082867 29.118076 29.171024 29.198605 29.251917 29.24987 29.174957 28.931734 28.795488 28.764223 28.76036 28.775297 28.812435 28.907995 29.069328 29.189676 29.257536 29.245237 29.195494 29.091581 29.141926 29.350018 29.388199 29.220625 29.324057 29.491327 29.601875 29.631361 29.70053 29.852135 29.90465 29.959995 30.059895 30.044144 30.02351 30.031088
28.83129 28.909533 29.072433 29.276001 29.411861 29.407501 29.33464 29.268919 29.11003 29.004442 28.988972 29.03338 28.634935 28.677439 28.805058 29.2107 29.39388 29.473059 29.21231 29.06468 29.065302 29.1529 29.06155 29.072365 29.145294 29.193157 29.179407 29.159891 29.160732 29.18438 29.251518 29.291742 29.293728 29.25893 29.228407 29.21049 29.205015 29.250877 29.267204 29.21249 29.182623 29.1383 29.062534 28.999754 29.000828 29.117636 29.431078 29.496561 29.13293 29.323168 29.523779 29.624043 29.66161 29.77899 29.73468 30.088764 29.983637 30.056995 30.017927 30.058973 30.042852
28.892517 28.901646 29.231434 29.43711 29.469505 29.359985 29.251446 29.18747 29.162653 29.108976 29.04172 29.04 28.569582 28.628393 28.873951 29.202477 29.287321 29.153322 29.12267 29.20055 29.244902 29.179523 29.075968 29.09697 29.181717 29.333408 29.447222 29.411987 29.340418 29.284328 29.273304 29.222305 29.18633 29.066603 29.006386 29.01161 29.009418 29.036179 29.108728 29.266584 29.435137 29.440489 29.447924 29.435966 29.262592 29.086086 29.361113 29.406776 29.39624 29.196182 29.559404 29.642992 29.743927 29.7761 29.875494 29.96321 29.942871 29.79265 29.846722 29.809896 29.804707
28.755281 29.05626 29.33286 29.39941 29.437683 29.35385 29.25673 29.217516 29.17995 29.054827 29.020859 28.75949 28.51444 28.616116 28.960514 29.157509 29.187958 29.19603 29.129606 29.063408 28.939146 28.826157 28.781136 28.778223 28.749456 28.821894 29.095718 29.37916 29.517778 29.518023 29.485685 29.445719 29.39544 29.32946 29.333776 29.2696 29.031878 29.294937 29.43808 29.419172 29.458776 29.533255 29.538942 29.501099 29.46691 29.433054 29.180855 29.270933 29.452477 29.197779 29.61099 29.664055 29.734198 29.69284 30.061897 29.935938 29.845625 29.708086 29.732758 29.723267 29.802004
28.66035 28.85958 29.213148 29.313152 29.328072 29.408867 29.380281 29.2456 29.250097 29.114374 28.960138 28.532871 28.475855 28.657696 29.015373 29.155178 29.029455 29.009268 28.95117 28.913187 28.842993 28.769745 28.7539 28.794212 28.833511 28.802528 28.738903 28.905476 29.41902 29.452242 29.437735 29.481613 29.47507 29.327898 29.256199 29.275723 29.243876 29.469069 29.442862 29.415892 29.504084 29.63962 29.870285 29.836082 29.825699 29.750168 29.522562 29.356705 29.416899 29.347563 29.634678 29.668621 29.643192 29.864378 29.900442 29.954935 29.81273 29.797037 29.68838 29.790625 29.93681
28.836851 28.629276 28.780235 29.067055 29.069084 29.122559 29.45276 29.25515 29.227936 29.115313 28.880335 28.47504 28.477165 28.731434 29.066244 29.003883 28.916706 28.879425 28.901678 28.907003 28.89481 28.827095 28.847233 28.946774 29.048983 28.98924 28.909277 28.798899 28.970968 29.39816 29.305988 29.38893 29.462408 29.320894 29.323471 29.28847 29.315979 29.480991 29.425652 29.36001 29.44079 29.560759 29.752989 29.718678 29.828878 29.89483 29.84036 29.772541 29.632772 29.34976 29.62139 29.625074 29.563742 30.051497 30.010763 29.992332 29.909058 29.813871 29.837542 29.872353 29.739225
29.085714 29.031511 29.005484 29.033813 28.877499 28.866333 29.358118 29.2729 29.210655 29.041147 28.698832 28.480984 28.550938 28.820173 28.951279 28.864725 28.792349 28.737679 28.726263 28.803452 28.82471 28.75904 28.819477 28.995426 29.102541 29.157022 29.108088 29.016388 28.962181 29.271505 29.260584 29.275354 29.408152 29.294773 29.305586 29.340971 29.325726 29.484995 29.447079 29.328882 29.33267 29.558641 29.651758 29.789999 30.045559 30.0495 29.963018 29.860062 29.69175 29.37673 29.551537 29.506638 29.795488 29.873318 29.959871 30.057796 29.97331 29.933882 29.75769 29.649904 29.652225
28.940493 28.773064 28.634573 28.59871 28.6722 28.945753 29.341967 29.3026 29.19547 28.986126 28.49556 28.440228 28.649538 28.793966 28.845346 28.749004 28.717943 28.644125 28.601498 28.665281 28.729307 28.655094 28.84063 29.044401 29.204878 29.23111 29.234154 29.085812 29.065573 29.188433 29.153864 29.186348 29.353739 29.222914 29.202879 29.282686 29.326372 29.468218 29.513258 29.369013 29.33139 29.571465 29.599892 29.824183 30.117043 30.027882 29.945343 29.8653 29.658178 29.454596 29.502512 29.400253 29.833452 29.734522 29.766727 30.0155 29.9211 29.709064 29.788477 29.711115 29.733578
29.014769 28.74092 28.559273 28.590876 28.714088 29.353828 29.55305 29.282219 29.16246 28.942394 28.424894 28.41538 28.664522 28.742668 28.734745 28.699377 28.664719 28.662342 28.603968 28.666824 28.708046 28.599049 28.832941 28.989042 29.201128 29.299067 29.27238 29.15271 29.085098 29.14268 29.220219 29.21747 29.249928 29.209522 29.215023 29.24741 29.272516 29.389809 29.478354 29.290297 29.421839 29.652393 29.588982 29.862564 30.083092 30.00101 29.922628 29.864672 29.653286 29.526506 29.537405 29.275717 29.735836 29.78738 29.610666 29.724752 29.784006 29.803188 29.66232 29.668455 29.725834
28.90211 28.764843 28.695839 28.855844 29.18267 29.59014 29.487473 29.24028 29.139288 28.809187 28.406826 28.375324 28.65549 28.762953 28.742949 28.64281 28.613184 28.59458 28.628355 28.681496 28.647 28.551134 28.692432 28.827824 29.246168 29.318525 29.310438 29.257109 29.139925 29.168198 29.229975 29.314257 29.264587 29.205343 29.233568 29.261292 29.273985 29.293346 29.317368 29.415327 29.571405 29.746338 29.614613 29.844328 29.993814 29.9944 29.97387 29.897722 29.715105 29.636835 29.580542 29.249256 29.717941 29.861917 29.750404 29.73538 29.78897 29.677414 29.639526 29.641397 29.816505
28.700396 28.684471 28.735464 28.881355 29.292288 29.54646 29.257376 29.210743 29.131327 28.62271 28.360676 28.275625 28.489727 28.712275 28.802803 28.751738 28.696953 28.660984 28.60706 28.585934 28.667938 28.681965 28.634157 29.094921 29.407011 29.39335 29.411957 29.32767 29.17778 29.172718 29.315817 29.410793 29.403706 29.32923 29.288029 29.297604 29.29119 29.300232 29.346323 29.489033 29.79031 29.728863 29.720823 29.758764 29.877258 29.978542 29.96746 29.951113 29.799576 29.70667 29.530231 29.254978 29.767471 29.833271 29.792173 29.716736 29.648172 29.640793 29.680216 29.773005 29.868563
28.491877 28.562757 28.734724 28.840233 28.934635 29.049053 29.084223 29.190655 29.096014 28.411272 28.3046 28.230846 28.272852 28.345013 28.408152 28.460022 28.52142 28.631027 28.788761 28.937893 29.068533 29.18892 29.268892 29.286808 29.157644 29.239952 29.408115 29.36675 29.238739 29.159657 29.272057 29.47063 29.598547 29.576841 29.447857 29.358166 29.304277 29.28111 29.37942 29.525063 29.853226 29.722832 29.792046 29.665314 29.593565 29.926514 29.912436 29.881393 29.766525 29.623522 29.257816 29.511047 29.73969 29.76317 29.763813 29.771797 29.804882 29.841984 29.890066 29.912912 29.902922
28.455914 28.568827 28.603989 28.675926 28.786663 28.80492 29.013004 29.1644 29.040586 28.358057 28.250742 28.319874 28.299627 28.413658 28.647429 28.82497 28.93848 29.055376 29.17795 29.236254 29.25321 29.190891 29.07482 28.987406 29.107168 29.320143 29.433527 29.405708 29.375093 29.291395 29.38862 29.452906 29.568869 29.584024 29.5145 29.435219 29.363607 29.264393 29.388664 29.52138 29.86765 29.741226 29.828196 29.667381 29.272078 29.490665 29.685596 29.617237 29.452269 29.205881 29.413 29.704052 29.722878 29.749159 29.80045 29.893614 29.906572 29.913237 29.9228 29.949574 29.980112
28.451042 28.275747 28.221176 28.22303 28.35059 28.643866 29.013664 29.112894 29.000187 28.370857 28.516773 28.690788 28.783796 28.778435 28.789192 29.114676 29.287533 29.22423 29.081442 29.013975 28.988533 28.97438 29.103098 29.230583 29.343933 29.464296 29.511787 29.489323 29.467655 29.474873 29.453304 29.473598 29.56653 29.537392 29.526361 29.505013 29.41709 29.262295 29.34635 29.499538 29.887205 29.744965 29.726347 29.746437 29.466764 29.268871 29.266747 29.349766 29.45068 29.615479 29.625195 29.683956 29.856989 29.911957 29.815228 29.780764 29.88606 29.983187 30.020905 30.043646 29.986061
28.168032 28.105654 28.262068 28.314138 28.475058 28.763115 29.000174 29.071526 29.003563 28.566496 28.749825 28.744154 28.83749 28.984991 29.206923 29.240805 29.094042 28.93997 28.948181 29.050457 29.034563 29.167082 29.2779 29.33412 29.375998 29.466894 29.530502 29.558838 29.536823 29.48417 29.454523 29.516989 29.51877 29.571394 29.581894 29.540186 29.391193 29.232094 29.25778 29.505547 29.872517 29.738592 29.555532 29.630817 29.660854 29.496292 29.257378 29.46635 29.551275 29.514446 29.680157 29.933353 29.799168 29.76291 29.826353 29.859972 29.913687 29.952538 29.996214 30.008423 30.005455
28.014498 27.941458 28.17544 28.301668 28.410889 28.715736 28.885193 29.014885 29.01584 28.725119 28.794498 28.898672 28.891455 29.200384 29.31807 29.279406 29.100744 28.937145 29.02409 29.08553 29.177757 29.244925 29.27851 29.31449 29.36228 29.405277 29.463959 29.497992 29.519934 29.538465 29.562778 29.561409 29.59756 29.597198 29.610846 29.522072 29.423853 29.336555 29.324879 29.544085 29.850355 29.78255 29.67218 29.544395 29.783491 29.720024 29.543106 29.446096 29.491295 29.669174 29.933758 29.77378 29.819456 29.71334 29.819994 29.844677 29.893263 29.926376 29.955143 29.98258 29.997454
27.721685 27.523096 27.93393 28.216547 28.428492 28.702335 28.884357 28.935669 29.002762 28.928215 28.811453 28.881355 28.94866 29.27352 29.395702 29.406708 29.151924 28.926203 29.03844 29.071047 29.172918 29.252573 29.370525 29.543179 29.489548 29.441082 29.500248 29.529795 29.549023 29.57967 29.595657 29.60567 29.608654 29.572144 29.568136 29.58476 29.557848 29.48556 29.472118 29.628717 29.814865 29.795235 29.729181 29.73912 29.866093 29.852148 29.776747 29.701097 29.754965 29.9237 29.822855 29.803219 29.628418 29.69101 29.76314 29.802057 29.845188 29.87761 29.947277 29.963737 29.99779
27.345634 27.329634 27.79344 28.179077 28.374624 28.612528 28.794888 28.861055 28.82072 28.741364 28.905949 28.772085 28.937265 29.24266 29.419552 29.458973 29.228363 28.98685 29.071096 29.134441 29.249603 29.373226 29.460884 29.409554 29.369305 29.403826 29.482037 29.540596 29.583979 29.63488 29.624018 29.64396 29.59191 29.55449 29.600529 29.612047 29.577015 29.545961 29.573744 29.834724 29.831865 29.825306 29.827118 29.876951 29.944534 29.879345 29.830189 29.842419 29.935871 29.878777 29.78677 29.562284 29.497839 29.623604 29.677937 29.7398 29.770302 29.805147 29.880537 29.947693 29.97637
