static/data/thetao/2023/7/28/6.asc
ncols 137
nrows 93
xllcorner 108.0
yllcorner 17.0
cellsize 0.25
NODATA_value -32767
[rows 54 to 80 of 93, columns 61 to 121 of 137]
28.630032 28.56445 28.561754 28.470768 28.51687 28.687737 28.860619 28.928135 29.189653 29.59718 29.742342 29.589348 29.32038 29.216524 29.26167 29.141296 29.315434 29.372456 29.308529 29.351702 29.123781 29.033464 29.032524 29.12088 29.155077 29.262144 29.140175 29.103338 29.089855 29.003334 28.950493 29.06144 29.164545 29.34092 29.550312 29.694424 29.66133 29.544275 29.396559 29.317406 29.288467 29.272636 29.233957 29.17063 29.187016 29.397255 29.677773 29.848942 29.681885 29.717278 29.533371 29.416348 29.38965 29.563416 29.612247 29.80812 29.812586 29.745655 29.687347 29.609978 29.71802
28.837286 28.996555 28.968515 28.90292 28.852385 28.90288 29.106453 29.359758 29.551775 29.487696 29.480549 29.251278 29.287424 29.178236 29.19563 29.24797 29.156542 29.408218 -32767.0 29.127161 29.208254 29.220387 29.056389 29.135544 29.270468 29.472849 29.1224 29.089151 29.169512 28.991457 29.021175 29.109898 29.28909 29.484041 29.602667 29.54946 29.41252 29.254423 29.071392 28.918165 28.949486 29.020111 29.07406 29.046688 29.055294 29.308405 29.49464 29.826897 29.795687 29.749264 29.656897 29.401484 29.337875 29.502851 29.632353 29.626749 29.590096 29.85336 29.678858 29.6163 29.893822
29.00961 29.069063 29.195543 29.383823 29.36488 29.436357 29.444561 29.429392 29.386574 29.167036 29.111525 29.288836 29.262533 29.247812 29.118229 29.168377 29.368517 29.43283 29.486052 29.511913 29.59622 29.670206 29.706146 29.391922 29.620424 29.525656 29.079416 29.111736 29.17069 28.986824 29.06375 29.15897 29.342573 29.494663 29.453362 29.308464 29.072304 28.8105 28.709208 28.729286 28.807043 28.79 28.814499 28.905874 29.001986 29.314625 29.416258 29.70894 29.862411 29.714125 29.722511 29.357159 29.326563 29.509544 29.491516 29.499289 29.643654 29.857416 29.76051 29.851818 30.117495
28.743307 28.753225 28.911531 29.215227 29.467243 29.502666 29.338339 29.193165 28.955296 29.094793 29.24193 29.257448 29.311258 29.206465 29.140873 29.190458 29.333742 29.479856 29.513601 29.630116 29.683279 29.647326 29.678827 29.71172 29.665129 29.305393 29.119543 29.206915 29.07508 29.115889 29.077494 29.16615 29.315731 29.370525 29.242222 29.023352 28.81508 28.78811 28.756718 28.70245 28.759281 28.785069 28.690304 28.622345 28.928421 29.29086 29.449287 29.548048 29.850397 29.823784 29.870985 29.45496 29.275042 29.493431 29.459742 29.491352 29.760227 29.829897 29.87897 29.933834 30.265448
28.558733 28.729126 29.089128 29.213308 29.22024 29.166014 28.84174 28.914228 29.110123 29.316214 29.22787 29.335354 29.2803 29.275526 29.27121 29.279434 29.426727 29.444595 29.449718 29.651535 29.565102 29.541346 29.626944 29.763351 29.664701 29.1176 29.177557 29.29499 29.083288 29.247507 29.0801 29.15376 29.254688 29.229752 29.033098 28.879356 28.812843 28.857058 28.80379 28.816538 28.77783 28.837137 28.71244 28.693775 28.947428 29.264864 29.464504 29.473465 29.755442 29.857874 29.866226 29.847681 29.64892 29.4461 29.545624 29.764408 29.810274 29.862328 29.845629 30.17128 30.370995
28.558516 28.678013 28.953455 28.867922 28.820927 28.802608 28.934172 29.046213 29.272982 29.159739 29.06792 29.197721 29.291277 29.384846 29.433048 29.470427 29.381798 29.256804 29.506077 29.693542 29.578087 29.666197 29.709663 29.657158 29.431145 28.99456 29.221592 29.374147 29.196304 29.170013 29.210276 29.147064 29.211197 29.129444 28.924805 28.804842 28.776714 28.85178 28.841925 28.883732 28.900764 28.86423 28.72489 28.746555 29.046505 29.345133 29.486868 29.563507 29.579062 29.694902 29.844578 29.932207 29.872332 29.821972 29.842495 29.856512 29.846333 29.84156 30.092346 30.295996 30.412699
28.316566 28.681454 28.916262 29.087543 28.857822 28.739262 29.071564 29.140396 29.383997 28.95045 29.055414 29.14432 29.362188 29.283031 29.372564 29.220097 29.030285 29.405344 29.654379 29.678457 29.616396 29.627121 29.664968 29.542402 29.103443 28.94815 29.294676 29.42575 29.322754 28.977415 29.2708 29.1757 29.206356 29.064651 28.862856 28.80903 28.76515 28.775375 28.829588 28.961348 28.902382 28.78542 28.707254 28.864037 29.1509 29.372526 29.453156 29.513344 29.515137 29.61099 29.597921 29.80996 29.929338 29.99933 29.999884 29.975359 29.76899 29.96704 30.35102 30.428772 30.432287
28.377234 28.760092 29.069109 29.219173 28.803 28.739637 29.207806 29.210793 29.562117 28.773579 29.101349 29.098423 29.216862 29.423851 29.348743 29.052414 29.277899 29.568804 29.620163 29.61071 29.538067 29.598597 29.544327 29.24215 28.942932 29.200636 29.307436 29.389488 29.393257 29.000654 29.067343 29.172337 29.15046 29.020386 28.85108 28.867004 28.879875 28.866943 28.929031 28.91534 28.856758 28.777369 28.827047 29.007734 29.250994 29.382505 29.368877 29.406916 29.480207 29.53603 29.526844 29.730606 29.836252 29.94501 30.063478 30.041607 29.735579 30.224424 30.444519 30.491951 30.244036
28.645369 28.880754 29.256086 29.125196 28.670284 29.260885 29.36692 29.300356 29.182371 29.094759 29.05258 29.057858 29.120653 29.257141 29.140564 29.061504 29.38399 29.53064 29.616716 29.503893 29.472431 29.522867 29.2964 28.964216 29.213634 29.279928 29.2072 29.250523 29.380888 29.294384 29.024786 28.961527 29.095636 29.055685 28.95907 28.906569 28.903427 28.956451 28.935349 28.90632 28.907385 28.985895 29.139765 29.234474 29.325169 29.368017 29.45531 29.44677 29.433735 29.448475 29.520315 29.725586 29.740936 29.840582 30.044514 29.889599 30.23217 30.300934 30.468649 30.355408 30.24703
28.808493 28.901028 29.177107 29.387484 29.34748 29.370085 29.35288 29.263521 29.156725 29.081581 29.0515 28.931196 28.716593 28.806278 28.84905 29.23056 29.372501 29.588778 29.56848 29.258915 29.328009 29.19159 29.10547 29.287287 29.20471 29.203897 29.235085 29.300476 29.306738 29.348913 29.376925 29.337633 29.17025 28.978357 28.901327 28.884851 28.921316 28.98315 29.067211 29.200888 29.315624 29.387037 29.376547 29.330757 29.230421 29.310982 29.50544 29.488659 29.369474 29.42798 29.57522 29.728756 29.742622 29.816149 30.006739 29.887268 30.132442 30.185936 30.241755 30.206312 30.200354
28.828266 28.983004 29.181768 29.358414 29.45542 29.4165 29.366264 29.257841 29.116066 29.037788 29.020298 29.049501 28.673084 28.723938 28.860323 29.269121 29.372591 29.53122 29.384295 29.145302 29.186441 29.327 29.248503 29.186867 29.260857 29.304308 29.287172 29.2801 29.280746 29.271126 29.325506 29.355598 29.360838 29.340395 29.343477 29.356339 29.377615 29.400093 29.391151 29.373964 29.332264 29.270725 29.203375 29.156105 29.180037 29.271069 29.62652 29.68471 29.298666 29.430183 29.630743 29.744183 29.797338 29.91576 29.898262 30.23438 30.160818 30.23668 30.236906 30.240143 30.251743
28.976778 29.018408 29.301117 29.48504 29.497177 29.370735 29.286623 29.265137 29.216133 29.158684 29.051138 29.033104 28.606733 28.689304 28.88636 29.279942 29.35345 29.275913 29.335949 29.397474 29.421972 29.368946 29.229336 29.196466 29.275406 29.41721 29.565487 29.520988 29.420578 29.353382 29.35676 29.303644 29.262762 29.139463 29.068201 29.072153 29.115599 29.178308 29.289658 29.426455 29.570845 29.598764 29.614836 29.584223 29.388168 29.214453 29.537 29.590136 29.569786 29.358091 29.668993 29.760778 29.891603 29.955338 29.924246 30.173233 30.16581 30.092506 30.043928 30.035004 30.024399
28.869131 29.097155 29.42178 29.50233 29.50215 29.352272 29.290947 29.271513 29.21281 29.11607 29.055103 28.756294 28.555513 28.653717 28.944714 29.216394 29.260782 29.209007 29.18694 29.158625 29.08888 28.98682 28.906092 28.871578 28.83063 28.875374 29.166443 29.457067 29.599447 29.609156 29.583008 29.542147 29.466272 29.408049 29.4295 29.384499 29.124498 29.43324 29.581049 29.552404 29.595146 29.653025 29.672796 29.66619 29.646738 29.602482 29.390514 29.455238 29.69777 29.380919 29.777819 29.831244 29.903927 29.868717 30.24029 30.142467 30.0575 30.063992 30.011585 29.934635 30.0078
28.751522 28.905317 29.3267 29.392908 29.440422 29.433647 29.323204 29.319433 29.294348 29.125624 29.016737 28.563986 28.53191 28.668642 29.055462 29.200054 29.087944 29.074396 29.059772 29.065418 29.00719 28.912142 28.879139 28.881157 28.90156 28.858503 28.813639 29.001759 29.527842 29.559015 29.544811 29.57997 29.574902 29.448462 29.355328 29.38249 29.323496 29.578436 29.585829 29.550703 29.604156 29.766478 30.020733 30.040953 30.0149 29.909716 29.730553 29.591908 29.675673 29.505268 29.833136 29.866488 29.868319 29.945038 30.206526 30.1939 30.148783 30.118057 30.010052 30.021332 30.168968
28.863165 28.63426 28.866898 29.22636 29.293518 29.4517 29.43685 29.310572 29.320694 29.148815 28.932888 28.531412 28.546688 28.70742 29.069836 29.01834 28.974445 28.97843 29.05175 29.090961 29.062908 28.967937 29.001524 29.075277 29.084572 29.015194 28.958796 28.892382 29.190668 29.502964 29.40951 29.53017 29.581898 29.460176 29.438677 29.428017 29.425182 29.594854 29.546494 29.487593 29.578957 29.717098 29.943192 29.87769 30.002613 30.06927 30.03424 29.954933 29.799557 29.478151 29.820303 29.812347 29.784042 30.31251 30.280361 30.284346 30.26989 30.113857 30.114855 30.187595 30.144638
29.051014 29.012579 29.004976 29.100302 29.042562 29.166967 29.53579 29.312817 29.300777 29.10508 28.742699 28.540348 28.650608 28.794828 28.969824 28.878866 28.862265 28.844501 28.844894 28.994934 29.061325 28.95203 28.98829 29.122284 29.186962 29.227121 29.159164 29.055357 29.141628 29.418974 29.29827 29.433876 29.546495 29.41401 29.432081 29.466494 29.454247 29.619883 29.57723 29.44969 29.45755 29.671537 29.834433 29.898453 30.159538 30.206867 30.10229 30.007362 29.81782 29.530853 29.746483 29.646502 29.846045 30.128609 30.132736 30.33829 30.27569 30.22807 30.101524 29.939676 29.90014
28.891417 28.790497 28.825453 28.780838 28.810411 29.031855 29.57063 29.30654 29.280045 29.082788 28.554333 28.496555 28.720135 28.8005 28.838093 28.789738 28.803915 28.77978 28.767763 28.835682 28.978651 28.860224 29.010206 29.179167 29.27374 29.301054 29.271086 29.120531 29.184475 29.24676 29.245731 29.354723 29.508305 29.289654 29.306082 29.404047 29.48539 29.64883 29.667812 29.506598 29.451382 29.706835 29.767565 29.966043 30.24415 30.219378 30.128635 30.034533 29.807783 29.634192 29.739712 29.499857 29.871414 29.996737 29.864052 30.143984 30.11668 29.972641 30.02836 30.014551 29.990568
28.994314 28.771183 28.65204 28.74652 28.790804 29.156837 29.651125 29.324358 29.233118 29.037247 28.493626 28.469707 28.73733 28.825926 28.771929 28.754534 28.762608 28.754887 28.738417 28.868757 28.880049 28.778812 29.04755 29.229048 29.3708 29.379194 29.349754 29.207981 29.18912 29.249449 29.348623 29.362534 29.415531 29.293787 29.311716 29.357815 29.420065 29.535324 29.638727 29.47957 29.571613 29.781069 29.76757 30.047009 30.217855 30.241758 30.173817 30.087637 29.863573 29.767942 29.806515 29.454376 29.844757 30.035929 29.83745 29.972706 30.044636 30.073223 29.925415 29.953606 29.99854
28.961428 28.773958 28.70802 28.929453 29.063147 29.59616 29.557907 29.309118 29.227262 28.875378 28.470314 28.426018 28.72225 28.85485 28.836386 28.709 28.733814 28.740078 28.817245 28.865469 28.837515 28.741037 28.935747 29.194637 29.394129 29.460882 29.386793 29.328346 29.232864 29.299467 29.396889 29.467566 29.381725 29.333746 29.388672 29.412386 29.444664 29.507484 29.539936 29.598028 29.711628 29.861967 29.792719 30.081593 30.079535 30.225813 30.238125 30.145872 30.000061 29.919518 29.884823 29.478146 29.87945 30.067242 29.974955 29.983265 30.045666 29.905878 29.891113 29.918884 30.066618
28.855595 28.826752 28.804968 28.949165 29.36071 29.66285 29.351501 29.289892 29.211191 28.652061 28.425219 28.312796 28.495138 28.7197 28.84909 28.824522 28.809114 28.788404 28.765488 28.756538 28.775251 28.733707 28.910933 29.43077 29.539377 29.505596 29.48158 29.402006 29.25848 29.31736 29.47283 29.5449 29.494907 29.414356 29.405407 29.438282 29.490656 29.521019 29.569832 29.665262 29.905573 29.938475 29.8971 30.038496 29.902374 30.176771 30.191713 30.194048 30.07243 29.97266 29.816584 29.497993 29.968021 30.053066 30.032076 29.948881 29.866758 29.854141 29.89646 30.038746 30.13889
28.688898 28.706676 28.849495 28.969296 29.06231 29.177595 29.211477 29.26914 29.171846 28.475332 28.377235 28.291237 28.316189 28.389784 28.471058 28.547676 28.677216 28.86065 29.017532 29.187056 29.300903 29.369612 29.52778 29.502464 29.392164 29.473658 29.563953 29.51691 29.355373 29.292551 29.432089 29.657366 29.782696 29.692791 29.564157 29.531977 29.453491 29.478485 29.6004 29.742493 30.021109 29.942944 29.958979 29.985346 29.669191 30.081167 30.155323 30.115484 30.04673 29.898012 29.541 29.725412 29.980625 30.004263 29.973515 29.984924 29.997814 30.033163 30.067308 30.095514 30.134604
28.52091 28.65106 28.783205 28.877064 28.983688 28.970406 29.116129 29.232529 29.133331 28.442642 28.327341 28.397236 28.328249 28.433992 28.714502 28.933456 29.094254 29.257208 29.416 29.51708 29.544409 29.467197 29.325657 29.220808 29.405287 29.580622 29.67565 29.594374 29.550116 29.475561 29.55736 29.67388 29.800152 29.759779 29.69546 29.605082 29.51957 29.474216 29.62057 29.720173 30.045622 29.945732 29.989616 29.971615 29.512539 29.670904 29.8677 29.848316 29.66675 29.498695 29.67806 29.956572 29.991009 29.950792 29.936014 30.047892 30.152916 30.171017 30.185204 30.182062 30.206474
28.532 28.561417 28.500639 28.462059 28.470592 28.706135 29.077894 29.180796 29.098598 28.514961 28.61549 28.732592 28.856539 28.869852 28.899847 29.216404 29.41976 29.393808 29.345371 29.29401 29.25256 29.17359 29.331295 29.438496 29.578508 29.724398 29.778635 29.73747 29.688072 29.66166 29.637697 29.749971 29.79193 29.755745 29.771236 29.697008 29.571203 29.464931 29.577925 29.692072 30.056345 29.939362 29.927427 30.002598 29.805742 29.498812 29.64659 29.68055 29.777912 29.910482 29.90053 29.872612 29.95657 30.110052 30.1345 30.00279 30.043968 30.133856 30.184376 30.185452 30.128077
28.445332 28.259485 28.204828 28.286146 28.477348 28.791569 29.040392 29.139791 29.083479 28.686054 28.821636 28.825918 28.874596 29.039787 29.319641 29.349648 29.23256 29.118088 29.186207 29.336058 29.320637 29.472391 29.536139 29.585663 29.611694 29.681385 29.742046 29.76528 29.736732 29.687302 29.70354 29.759502 29.750444 29.814272 29.829596 29.727339 29.544329 29.441246 29.473944 29.714602 30.038172 29.951096 29.797941 29.849237 29.899055 29.785238 29.611475 29.645542 29.770348 29.780298 29.825302 30.041254 30.16929 29.952873 30.028717 30.059393 30.078293 30.113768 30.155954 30.16685 30.159475
28.18308 28.126595 28.284513 28.366327 28.41625 28.726507 28.906569 29.040792 29.08312 28.877628 28.87494 28.952711 28.993935 29.273157 29.417425 29.335308 29.211216 29.12759 29.26463 29.346886 29.453482 29.58523 29.633394 29.652584 29.652164 29.666037 29.7088 29.750128 29.778269 29.81626 29.80645 29.796349 29.831293 29.825626 29.8274 29.722044 29.66797 29.576265 29.566929 29.756866 30.01717 29.976963 29.926384 29.73356 29.961046 29.994188 29.8601 29.740015 29.708538 29.824863 30.058182 30.147165 29.969374 29.98382 29.967035 30.027699 30.05556 30.09796 30.115242 30.125008 30.141153
28.02887 27.783203 28.030355 28.299524 28.44698 28.627861 28.893711 28.979507 29.062803 28.946087 28.899113 28.995703 29.100204 29.399117 29.500765 29.47466 29.256464 29.105995 29.269804 29.357544 29.45464 29.54373 29.662052 29.874107 29.83614 29.75369 29.764212 29.794914 29.840714 29.859028 29.859177 29.866644 29.813288 29.801498 29.802486 29.846231 29.775326 29.713251 29.695347 29.811346 30.005356 30.001022 29.96798 29.926565 30.053843 30.085854 30.03173 29.976315 29.969446 30.043829 30.178476 29.975307 29.935707 29.85771 29.93905 30.003561 30.043716 30.068968 30.106615 30.099989 30.125868
27.707293 27.464128 27.854265 28.203367 28.417837 28.551937 28.789167 28.86155 28.813604 28.846119 29.00925 28.88705 29.07927 29.396431 29.543312 29.567213 29.363401 29.180546 29.277248 29.350588 29.528309 29.61933 29.846394 29.846842 29.724682 29.727524 29.824371 29.842068 29.894222 29.961714 29.93569 29.889582 29.837011 29.831863 29.876945 29.86135 29.793287 29.771101 29.78195 30.006756 30.003609 30.040224 30.026817 30.052176 30.139484 30.098196 30.048754 30.05059 30.079836 30.178165 29.965633 29.896723 29.773472 29.788967 29.861414 29.927736 29.961487 29.96619 30.037489 30.103441 30.110563
