static/data/ASCData/20210130/ASCV/00.asc
ncols 97
nrows 97
xllcorner 99.0
yllcorner 2.0
cellsize 0.25
NODATA_value -32767
[rows 38 to 56 of 97, columns 0 to 42 of 97]
1.4792013465935252 1.8962948517264353 2.4450727277106727 2.43809791993253 2.3044606029033234 1.7291784573621456 0.6687286827733887 -0.24636609771888196 -0.9368720677549707 -1.0080151070920222 -0.7161891496545483 -0.4896473930204861 -1.0364723228268429 -1.114590169942037 -1.1380255240765949 -1.3322041726200768 -1.3517336343988755 -1.4719793204940488 -1.6282150147244367 -1.8773551485596798 -2.2824519843141853 -2.4894642791694492 -2.594086395841584 -2.5022979254812308 -2.259016630179627 -2.2054501064434944 -2.1301221824395573 -1.8070490861560056 -1.3849337194228326 -1.3361100649758368 -1.2990040875961197 -0.7747775349909434 0.387504433158691 1.3737422529880137 1.1100945189742344 0.3289160478222959 -0.4818356083089661 -1.6547192842813776 -2.9378049231484367 -3.532616530468413 -3.9963017515593138 -4.700478344840562 -5.533549385861879
1.1100945189742344 1.6647312334921107 2.1705442935629913 2.337660687927281 2.234991517433026 2.024073330222003 1.0953079264845726 -0.01591844872906023 -0.8088145969482778 -0.8548483282840174 -0.7736615657464405 -0.9396619908662278 -1.4563557510710101 -1.6907092924165918 -1.74846070081961 -1.8176507939787818 -1.6176133069016605 -1.7473447315751072 -1.8313214172239407 -1.967190672742153 -2.2316753836893093 -2.6007822113086005 -2.7238178205150305 -2.639841134866197 -2.426970001477294 -2.3402033927172035 -2.0726497663476646 -1.6547192842813776 -1.0802741156735767 -1.0579547307835213 -1.0755312463844398 -0.6165888945826756 -0.08622451113273488 0.6394344901051916 0.9206587397198893 0.39615319480358746 0.07391707545341308 -1.139978470254475 -2.5402408797943252 -3.4611944988202357 -3.945525150934438 -4.649701744215686 -5.4757979774588605
0.6550580595282298 1.5475544628193205 1.7350372958957854 1.8396594125679204 1.6853766645154122 1.4764114234822685 1.2858596749834206 0.387504433158691 -0.39004713794861345 -0.5705551632469366 -0.503318016265645 -1.2766847027060644 -1.8910257718048387 -2.3703345623187784 -2.424180078366037 -2.115614582261021 -1.9582629187861307 -2.0012277346994876 -2.0012277346994876 -2.057026196924626 -2.143792805684716 -2.474956678990913 -2.6964765740247127 -2.6155688037982623 -2.5480526645058443 -2.4339448092554363 -1.8391332019354603 -1.2766847027060644 -0.9642133142452884 -0.8802366285964554 -0.8986501211307512 -1.059907676961401 -0.5384710474674819 0.05159769056335772 0.36211613284625344 0.2039274924379857 0.10237429118823371 -0.8060246738370211 -2.2933326844480875 -3.320582374012887 -4.074419598674508 -4.777759215022378 -5.598833586665291
0.5289535348994168 1.3902027993444293 1.5846604401990376 1.3737422529880137 1.2116477202239864 0.9030822241189709 0.7144834217980023 0.6129302205482503 0.028162336428799506 -0.37135465310319216 -0.5013650700877648 -1.3665202268885372 -2.068743873991905 -2.5472156875724674 -2.525733279615789 -2.21995770662203 -2.1281692362616775 -2.144908774929219 -2.1038969051937424 -2.09496915123772 -2.1624852905301375 -2.315652069338143 -2.537450956683068 -2.6359352425104374 -2.5695350724625228 -2.399628754986976 -1.8285314941126836 -1.1134742006975342 -0.6673654952075521 -0.30021161376614103 -0.08538753419935752 -0.26003672096404085 -1.1251918777648133 -0.5501887245347614 -0.16155243513667195 -0.11747164997881221 0.12274072990040885 -0.24943501314126504 -1.6926622385944716 -3.1205448869357655 -3.888052734842545 -4.956314294142821 -5.77571471191898
0.32780007857779303 0.9058721472302276 1.1999300431567077 0.8913645470516913 0.45474158013998256 0.1453391071015897 0.2223409849722815 0.21648214643864172 0.2254099003946637 -0.15653057353640953 -0.5744610556026961 -1.5110382440516457 -2.1223103977280378 -2.2941696613814644 -2.272687253424786 -2.194569406309592 -2.1105927206607586 -2.152720559640738 -2.1535575365741155 -2.101943959015862 -2.1789458368865535 -2.290263769025705 -2.3070033076932464 -2.4054875935206157 -2.4211111629436544 -2.2433930607565884 -1.7933784629108467 -0.9622603680674087 -0.1732701122039506 0.8492367080717118 1.0378355103926804 0.13641135314556774 -0.7298597728997072 -1.3165806031970382 -1.009131076336525 -0.486578477598103 0.05159769056335772 0.08758769869857197 -0.4318959846174675 -1.967190672742153 -4.046241375250813 -5.115618903795592 -5.967103437351205
-0.41152954590529234 -0.014802479484557374 0.050481721318854866 -0.5529786476460181 -0.6994496109870068 -0.49941212390988543 -0.41152954590529234 -0.3998118688380128 -0.11272878068967529 0.0496447443854775 -0.36856472999193546 -1.3517336343988755 -1.7824977627769445 -1.9476612109633544 -2.080461551059184 -2.029684950434308 -2.090226281948583 -2.144908774929219 -2.1281692362616775 -2.0218731657227886 -2.1262162900837978 -2.106686828304999 -2.0598161200358827 -2.0539572815022433 -2.078508604881304 -1.8684273946036578 -1.3997203119124944 -0.5080608855547819 -0.09989513437789377 0.9390722322541851 0.3093865860434972 -0.47486080053082436 -0.9251543906876916 -1.71023875419539 -1.9359435338960753 -1.42008675062467 -0.5814358633808387 -0.02373023344057934 0.22819982350592039 -0.30997634465554036 -2.821465129409023 -5.379266637809371 -6.358808642171677
-1.052932869183259 -1.1341196317208353 -1.6019897374786214 -1.3391789803982195 -1.2072156172357666 -1.124354900831436 -1.1184960622977966 -1.1740155322118095 -0.8216482432600598 -0.14285995029124976 -0.032378995085475815 -0.6310964947612119 -1.1575549858553935 -1.6039426836565012 -1.83718025575758 -2.0402866582570844 -2.2308384067559324 -2.209355998799254 -2.101943959015862 -1.955472995674874 -1.7855666781993271 -1.735627054507828 -1.6039426836565012 -1.6078485760122612 -1.5872031449889596 -1.2872864105288406 -0.7650128041015445 -0.12528343469033132 -0.42408419990594837 -1.2434846176821068 -1.4591456741822668 -1.0822270618514565 -1.0149899148701649 -1.3489437112876184 -1.9758394343870496 -2.47969954828005 -1.4817440513834481 -0.7072613956985259 0.06722125998639594 -0.17410708913732797 -2.630076403976798 -5.460174408035822 -6.862668756064678
-0.9134367136204125 -1.4368262892922115 -1.5314046827638212 -1.8285314941126836 -1.8078860630893825 -1.6293309839689392 -1.6536033150368747 -1.71414464655115 -1.2337198867927075 -0.05497737228665667 0.31719837075501633 -0.16238941207004842 -0.6634596028517921 -1.2247921328366855 -1.7504136469974898 -2.1516045903962357 -2.3831682086305603 -2.349968123606603 -2.1429558287513393 -1.8488979328248591 -1.4680734281382892 -0.9025560134865107 -0.6576007643181527 -0.7630598579236643 -0.8049087045925183 -0.46425909270804766 0.013375743939137763 0.480129880452421 0.19416276154858636 -0.554094616890521 -1.263014079460905 -0.7912380813473594 0.11297599901100952 0.4910105805863232 0.07782296780917264 -1.1232389315869336 -1.6555562612147545 -2.030521927367685 -1.2775216796394413 -0.8185793278376772 -3.0812069710670427 -6.012858176375818 -7.415352524404675
-0.8939072518416142 -1.3575924729325148 -2.0637220123916427 -2.3890270471641997 -2.2277694913335497 -1.887119879449079 -1.7269782928629316 -1.5540030599650025 -1.1712256091005524 -1.085295977273839 -1.2688729179945448 -1.2872864105288406 -1.0052251839807655 -0.9943444838468634 -1.4485439663594906 -2.1652752136413946 -2.553074526106107 -2.5589333646397465 -2.3675446392075217 -1.9524040802524913 -1.6672739382820336 -1.2853334643509604 -0.94663679864437 -0.9142736905537898 -0.8040717276591414 0.034021174962438394 0.7437776144662003 0.8249643770037771 0.5328594272551772 0.003611013049738432 -0.6126830022269161 -0.7532951270342654 -0.7482732654340025 -0.5471198091123783 -0.10491699597815618 0.018397605539400175 -1.1388625010099722 -2.337134477294821 -2.3304386618278046 -2.3519210697844826 -4.193549315525178 -6.850951078997399 -8.307011950762387
-0.7053084495206461 -1.5168970825852854 -2.2238635989777897 -2.4757936559242903 -2.1262162900837978 -1.7035429387283734 -1.3497806882209957 -1.1251918777648133 -1.03535635358234 -1.0384252690047227 -1.8519668482472418 -2.262922522535387 -2.0921792281264633 -2.029684950434308 -2.34689920818422 -2.5276862257936688 -2.553911503039484 -2.2816150073808084 -2.017967273367029 -1.7074488310841334 -1.355639526754635 -1.2990040875961197 -1.3712630961776737 -1.251296402393626 -0.769755673390681 -0.03154201815209934 0.809340807580738 0.9597176632774866 0.34844550960109455 0.03792706731819884 -0.3412234835016177 -0.7864952120582225 -1.0841800080293362 -1.4719793204940488 -1.3489437112876184 -1.1946609632351106 -1.6438385841474754 -1.8137449016230223 -2.650721835000099 -2.5101097101927503 -3.1272407024027817 -5.789385335164139 -8.526578899618308
-0.7619438886791619 -1.3645672807106575 -1.926178803006676 -2.1262162900837978 -1.7406489161080905 -1.1212859854090533 -0.739624503789106 -0.474023823597447 -0.20926012033916486 -0.19084662780486905 -0.7658497810349214 -1.2942612183069828 -1.7504136469974898 -1.8812610409154398 -2.4386876785445732 -2.627286480865541 -2.323463854049662 -2.0121084348333893 -1.6234721454352998 -1.474769243605306 -1.059907676961401 -0.9759309913125676 -1.0364723228268429 -0.7005655802315092 -0.15959948895879172 0.02704636718429665 0.5680124584570141 0.7984601074468358 0.5582477275676148 0.3180353476883937 0.24772928528471905 -0.13700111175761087 -0.24636609771888196 -0.4584002541744079 -1.1458373087881144 -1.7063328618396305 -2.3488521543621 -2.0891103127040807 -2.8019356676302243 -2.0891103127040807 -2.5011819562367283 -5.399633076521547 -8.461294698814896
-0.8654500361067936 -1.5157811133407826 -1.5188500287631652 -1.6926622385944716 -1.4563557510710101 -0.8439676281501152 -0.4690019619971846 -0.20926012033916486 0.003611013049738432 -0.07841272642121488 -0.3908841148819908 -0.37721349163683193 -0.6478360334287534 -0.8771677131740727 -1.4415691585813484 -2.145745751862596 -2.007086573233127 -1.8606156098921383 -1.5685106601435383 -1.3341571187979566 -1.0880859003850962 -0.9670032373565456 -0.7834262966358398 -0.4466825771071292 -0.14592886571363284 0.03681109807369598 0.28204533955317945 0.407870871870867 0.37467078684690946 0.3531883788902306 0.3688119483132697 0.2828823164865568 0.16877446123614792 -0.0460496183306347 -0.6740613106745688 -1.2501804331491235 -2.0355437889679475 -2.1234263669725406 -2.5608863108176263 -2.0207571964782858 -2.504250871659111 -5.410513776655449 -8.807803149233006
-0.8439676281501152 -1.5129911902295254 -1.4094850428018937 -1.5403324367198437 -1.3224394417306775 -1.1427683933657318 -0.7599909425012816 -0.5619064016020401 -0.4104135766607895 -0.5716711324914394 -0.7572010193900249 -0.545166862934499 -0.10380102673365332 -0.3275528602564588 -0.8743777900628156 -1.576322444855058 -1.8703803407815376 -1.7727330318875452 -1.6750857229935527 -1.3801908501336961 -1.1798743707454489 -1.0286605381153238 -0.8439676281501152 -0.7513421808563852 -0.4603532003522881 -0.2854250212764793 -0.06585807242055886 -0.0619521800647993 -0.03823783361911559 -0.056093341531159524 0.10628018354399327 0.02425644407303995 -0.043259695219378 -0.2552938516749039 -0.503318016265645 -0.8802366285964554 -1.5520501137871228 -1.5941779527671023 -1.6937782078389745 -1.5774384140995608 -2.0793455818146813 -5.583210017242252 -8.98552125142007
-0.714236203476668 -1.136072577898715 -1.4044631812016313 -1.584413221877703 -2.0207571964782858 -1.84108614811334 -1.3801908501336961 -1.1731785552784322 -0.9153896597982927 -0.984579752957464 -1.1692726629226726 -0.9524956371780098 -0.4475195540405066 -0.5686022170690572 -1.115427146875414 -1.4767221897831857 -1.8109549785117651 -1.7797078396656878 -1.6703428537044163 -1.373216042355554 -1.0998035774523753 -0.937709044688348 -0.8732618208183127 -0.7806363735245831 -0.8693559284625532 -0.6888479031642301 -0.5111298009771641 -0.5432139167566188 -0.6037552482708941 -0.7337656652554667 -0.5822728403142161 -0.44277668475136966 -0.5100138317326612 -0.3060704522997799 -0.5217315087999408 -0.883026551707712 -1.4817440513834481 -1.1419314164323549 -0.5178256164441803 -0.5822728403142161 -1.5637677908544019 -5.0707011417043555 -8.992496059198213
-0.588131678847855 -0.6838260415639676 -1.3712630961776737 -1.3400159573315964 -1.887119879449079 -2.2757561688471686 -1.9086022874057575 -1.698521077128111 -1.3391789803982195 -1.2326039175482046 -1.3849337194228326 -1.1954979401684875 -1.0657665154950409 -1.1809903399899517 -1.2833805181730806 -1.4083690735573908 -1.7004740233059907 -1.8078860630893825 -1.4845339744947048 -0.984579752957464 -0.7240009343660674 -0.5423769398232414 -0.5842257864920954 -0.8802366285964554 -0.972025098956808 -1.0638135693171606 -0.9240384214431892 -1.102872492874758 -1.3907925579564724 -1.54702825218686 -1.6008737682341185 -1.356755495999138 -0.845920574327995 -0.5306592627559628 -0.2103760895836677 -0.5646963247132968 -1.3126747108412786 -1.0744152771399373 -0.3674487607474326 0.1668215150582686 -0.7611069117457845 -4.7922668152009145 -8.890942857948462
-0.5178256164441803 -0.7591539655679047 -1.2727788103503044 -1.1466742857214913 -1.4758852128498083 -1.96802764967553 -2.1292852055061804 -2.007086573233127 -1.9144611259393969 -1.8363432788242031 -1.8860039102045763 -1.5392164674753408 -1.4817440513834481 -1.8109549785117651 -1.9828142421651918 -1.6067326067677583 -1.4504969125373703 -1.5353105751195812 -1.2395787253263473 -0.5861787326699757 -0.07366985713207885 -0.08622451113273488 -0.5568845400017777 -0.9778839374904478 -1.2111215095915266 -1.3450378189318588 -1.4094850428018937 -1.7894725705550867 -2.1144986130165186 -2.239487168400829 -2.4007447242314788 -2.337134477294821 -1.7375800006857078 -0.8685189515291762 -0.2190248512285642 -0.09403629584425399 -0.8978131441973738 -1.0052251839807655 -0.6380713025393541 0.17072740741402814 -0.6662495259630492 -4.923114209118864 -9.562756343139128
-0.4026017919492695 -0.7834262966358398 -1.3029099799518793 -0.8732618208183127 -1.0892018696295986 -1.6039426836565012 -1.9348275646515725 -2.441756593966956 -2.915206545947256 -3.161556756671242 -3.062793478532747 -2.807794506163864 -2.4339448092554363 -2.1292852055061804 -2.0988750435934795 -2.0012277346994876 -1.4036262042682544 -1.1056624159860147 -1.2618981102164026 -0.7532951270342654 -0.13030529629059373 0.08479777558731527 -0.29239982905462103 -0.921248498331932 -1.4172968275134132 -1.6762016922380556 -1.8137449016230223 -2.327369746405422 -2.5198744410821496 -2.643747027221957 -2.6722042429567776 -2.797192798341088 -2.588227557307944 -1.7894725705550867 -0.9524956371780098 -0.7795204042800803 -1.4856499437392077 -0.8978131441973738 -0.3518251913243935 0.18132911523680484 -0.5384710474674819 -4.891867070272786 -9.902568978090223
-0.3889311687041106 -0.4045547381271497 -0.6057081944487743 -0.604871217515397 -1.022801699581684 -1.5392164674753408 -1.8402491711799627 -2.2922167152035846 -2.837088698832062 -3.3236512894352694 -3.4358061985077977 -3.867407303819244 -3.906466227376841 -3.3479236205032046 -2.34689920818422 -1.5930619835225994 -1.2716628411058015 -1.190755070879351 -1.4767221897831857 -0.8821895747743351 -0.515872670266301 -0.2084231434057875 -0.503318016265645 -1.1251918777648133 -1.6410486610362183 -1.981698272920689 -2.334344554183564 -2.7042883587362323 -2.467981871212771 -2.399628754986976 -2.101943959015862 -2.0715337971031618 -2.251204845468108 -2.2922167152035846 -2.3890270471641997 -2.1398869133289566 -1.6371427686804587 -0.07171691095419863 -0.17410708913732797 -0.6486730103621303 -1.3196495186194208 -5.476913946703363 -10.595864871237568
-0.17996592767096686 -0.19084662780486905 -0.595943463559375 -0.739624503789106 -1.07748419256232 -1.449380943292868 -1.596967875878359 -1.956309972608251 -2.3547109928957397 -2.98941850070669 -3.355735405214724 -4.1798786922800195 -4.693782529373545 -4.619291582302985 -3.53540645357967 -1.9582629187861307 -1.1876861554569684 -2.0500513891464833 -1.6566722304592574 -0.8763307362406954 -0.8556853052173943 -0.7267908574773245 -1.1701096398560495 -1.660578122815017 -1.7961683860221034 -2.0999910128379824 -2.4046506165872388 -2.7277237128707905 -2.493370171525209 -2.4582171403233715 -2.0715337971031618 -1.3361100649758368 -1.20051980176875 -1.735627054507828 -2.3879110779196973 -1.9496141571412342 -1.3860496886673355 -0.794306996769742 -2.0921792281264633 -2.0129454117667667 -2.1859206446646957 -6.388939811773252 -11.616418745335352
