static/data/ASCData/20210130/ASCV/03.asc
ncols 97
nrows 97
xllcorner 99.0
yllcorner 2.0
cellsize 0.25
NODATA_value -32767
[rows 0 to 18 of 97, columns 0 to 42 of 97]
0.6669806867695556 1.0848912003657594 1.5400496463013944 1.5222722240484838 1.2273927596946468 1.1091587926475102 1.4189938661982406 1.7420914611122535 1.7703095916724294 2.3016569901205397 3.2314443920783313 3.8564759839862246 3.0779377618309756 2.6179822337001095 2.802528807563659 2.4540348951454884 1.8036069857334365 1.6043869839785954 2.5175256889058844 2.3611972456025105 1.621035681009099 1.06739595941845 0.9217904057279434 0.8642254193851846 0.24794144795094564 -0.5949341118815052 -1.2950259310794667 -2.11419826124137 -2.707061184310663 -2.747130929706113 -2.5507327410072893 -1.9513796479091554 -1.5537861883162787 -1.4747754227477863 -1.580029049737242 -1.6212275203550988 -1.381937773204808 -1.0548896400123708 -0.9806759566391081 -1.3077240898315456 -1.7803777767144902 -1.9824195915253489 -1.6708914301410083
0.6963275425521385 0.7078969760818108 1.138505648430093 1.2928588225942548 1.2059469804689131 1.3515525341594206 1.7322151154161922 2.3631725147417226 2.7206962289391496 3.0751159487749575 3.517576235958514 3.8906199219640376 3.028273852045066 2.7548401669169627 2.9111686102203365 2.5623925164965637 2.047693815078957 2.3877222883290754 3.706919892017294 4.329129670869169 4.03227493737612 2.661155973457179 0.846730178437876 0.07806830197868742 -0.3028764605836862 -0.7450545664616408 -1.1025782806590678 -1.7891253971881445 -2.3300669600267145 -2.050989648786576 -1.9022801007344494 -1.6398514865248148 -1.3252193307788547 -1.2628572622408663 -1.4442998417427964 -1.5879301262940912 -1.5216175194776782 -1.0108693563384965 -0.7052670023717926 -0.7481585608232599 -1.1525243717505789 -1.5391127604249872 -1.3370709456141285
0.6562577971566892 0.5693459550313476 0.6619014232687244 0.8066604330424259 0.9618601511233926 1.2400909184467261 1.920712227558166 2.835826201624667 3.2009688110733423 3.51362569768009 3.9442343700283713 4.21682151123967 3.450134903919694 3.218746233326253 2.831029119429437 2.508778068432229 2.5889175592231286 3.322306772482098 4.197068819847547 4.257737800551925 4.194247006791529 2.6814730274605054 0.7908582799287274 -0.33306986028307417 -0.5370869442331445 -0.9033582789042267 -1.008894087199284 -1.5343156782297571 -1.6739954245026274 -1.2998230132746964 -1.35174437350542 -1.2811990471049803 -1.0850830397117588 -1.1934406610628336 -1.4395027595475667 -1.827219873444382 -1.8613638114221946 -1.2989764693578914 -0.7941541136363464 -0.7450545664616408 -0.9660025287478171 -1.3125211720267758 -1.435552221269142
0.6308614796525305 0.7344220188083757 0.7781601211766489 0.7177733217778721 0.846730178437876 1.4480585406752216 2.1571801616524393 2.7528648977777506 2.901292264524275 3.2421672816911977 3.571190684022848 3.6834988436523473 3.1659783291787233 3.1719041365963605 2.998926996262483 3.0322243903234902 3.185448839265245 3.7283656712430266 4.444259643554687 4.118058054279055 3.4509814478365 2.143353277677953 1.0134993300485142 0.09076646073076589 -0.4445314759957686 -1.1748166948931176 -1.2831743162441929 -1.1807425023107547 -1.1798959583939492 -1.013691169394514 -1.141801482137712 -0.9482251064949061 -0.8302733207533715 -0.9279080524915795 -1.2208122477062044 -1.6017570102685772 -1.6026035541853827 -1.189490122784409 -0.7902035753579222 -0.9541509139125433 -1.2383074886535135 -1.793075935466569 -1.9132851716529182
0.5332267479143225 0.910220972198271 1.201149898273684 1.1238322205388016 0.974558309875472 1.5067522522403873 2.0917140987528313 2.183423023073403 2.25199308033463 2.532199116797176 2.869123595685674 3.218746233326253 2.8222814989557827 2.833004388568649 3.252890171304066 3.2969104549779393 3.3604012487383352 3.7509401756911673 4.234316752186978 3.669954140983463 2.867148326546462 1.7118980614128656 0.5896630090346742 0.06141960494818388 -0.42477878460364504 -0.8974324714865896 -1.0890335779901834 -1.0069188180600719 -1.0128446254777086 -0.8486151056174855 -0.833095133809389 -0.716836435901465 -0.6564496365026882 -0.6778954157284218 -0.9589479961077729 -1.1855395845059844 -1.2275845990406467 -1.0049435489208594 -0.8282980516141589 -1.0040970050040543 -1.616148256854267 -2.154268006636819 -2.0430885722297267
0.455062526262636 1.0527225315271593 1.3789241208027914 1.3103540635415643 1.1610801528782337 1.3075322504855462 1.7432201863346606 1.7381409228338285 1.527351487549316 1.8075575240118615 2.3535783503512624 2.803657532786066 2.5468725446884672 2.570293593053413 3.1064380736967525 3.4910511932319492 3.554541986992345 3.3572972543767152 3.57316595316206 2.8513461734327636 1.6690065029613983 0.5117809686885888 0.08596937853553666 -0.34858983209117067 -0.40530827451712437 -0.29017830183160687 -0.5342651311771274 -0.8565161821743348 -0.863288533508777 -0.45525436560863497 -0.25970272082661694 -0.2656285282442541 -0.6124293528288147 -0.6338751320545475 -0.7433614786280298 -0.9073088171826513 -1.0859295836285638 -1.1291033233856331 -0.947378562578101 -1.1124546263551292 -1.725634603427749 -1.827219873444382 -1.5605585396507209
0.5078304304101646 0.9833059303491263 1.0995646282570508 1.0459501801927171 1.1777288499087373 1.2519425332819996 1.4734548581793803 1.693274095243149 1.4500338098144336 1.3535278032986326 1.8769741251898937 2.308429341454982 2.148432541178785 2.306454072315769 3.1659783291787233 3.5350714769058227 3.2751824944466046 3.023476769849836 2.7850335666163506 1.7305220275825812 0.5419743683879767 0.07609303283947533 -0.3037230045004913 -0.4786754139735807 -0.3155746193357647 -0.12030515585934864 -0.3906348466258329 -0.7207869741798891 -0.5430127516507817 -0.06358671343339495 0.2832141111511648 0.32130858740740287 -0.1417509350850823 -0.31754988847497767 -0.4532790964694229 -0.589854848380674 -0.913234624600288 -1.0509391017339462 -0.7236087872359072 -0.8700608848432192 -0.9795472314167011 -0.9191604320179252 -0.783149042717878
0.7070504321650057 0.8035564386808067 0.8066604330424259 0.8729730398588389 1.1258074896780146 1.3114827887639713 1.4861530169314587 1.9314351171710333 1.986178290457774 1.7508390815859078 1.564317238583146 1.7635372403379872 1.8007851726774193 2.2048688022991367 3.0672148722181083 3.027145126822659 2.6885275601005496 2.5310703915747688 2.217566961051215 1.198045903912064 0.9531125306497383 0.5535438019176491 0.19235173074739897 -0.10760699710726929 -0.05878963123816572 -0.17871668611891245 -0.3604414469264441 -0.5116906267289867 -0.24333620510171539 0.011755695162274371 0.3125609669337477 0.5019046229925275 0.5165780508838189 0.38677465030700997 0.8515272606331052 0.6943522734129264 0.015424052135096566 -0.21088535495751248 0.29393700076403206 0.5986928108139304 0.6221138591788762 0.19630226902582404 -0.052863823820528566
1.0281727579398057 1.1650306911566588 1.102386441313068 1.0546978006663714 1.0008011712964358 1.0428461858310971 1.5154998727140416 2.1298085750090685 2.204022258382331 2.016653871462764 1.7762353990900666 1.661105426404549 1.7957059091765872 2.179472484794978 2.508778068432229 2.340880191599184 2.1365809263435107 2.119085685396202 2.0282233049924363 1.824206221042365 2.1219074984522193 2.443312005532622 2.138556195482723 1.3523990780762256 1.0008011712964358 0.6150593265388329 0.15707906754717982 -0.1727908787012753 -0.39853592318268216 -0.36636725434408124 -0.2862277635531818 -0.39176357184823996 0.1455096340175075 1.201149898273684 2.2322403889425066 2.729443849412804 2.1317838441482815 1.7762353990900666 1.7440667302514656 2.0039557127106846 1.9246627658365911 1.3222056783768377 0.7781601211766489
1.0781188490313172 1.236140380168302 1.265487235950884 1.2059469804689131 1.0515938063047523 0.9570630689281634 1.4218156792542578 1.9579601598975982 2.021450953657994 2.011574607961932 1.9297420293374223 1.6766253982126456 1.3368791062681291 1.7734135860340485 2.151254354234802 2.1659277821260936 2.206844071438349 2.5274020346019457 2.4893075583457085 2.217566961051215 2.634630930730614 3.381847027964068 3.612106973335103 2.9199162306939908 2.1365809263435107 1.7615619711987751 1.233318567112284 0.5741430372265777 0.04985017141851156 -0.13384985852823306 -0.24531147424092747 -0.24615801815773253 0.21859459216836274 1.2000211730512769 2.4314603906973478 3.419941504220305 3.445337821724464 2.798860450590837 2.1913240996302523 1.919865683641361 1.7401161919730415 1.4551130733152657 1.4150433279198165
0.8106109713208509 0.943236184953677 0.8904682808061484 0.8309280253241775 0.8357251075194068 1.1074657048139 1.5341238388837581 1.9393361937278826 2.117956960173795 2.175804127822155 2.152383079457209 1.9432867320063067 1.4999799009059451 1.3944440926108879 1.6444567293740455 1.8318251162936123 2.1543583485964213 2.9111686102203365 3.2664348739729503 2.96478305828467 2.855296711711188 3.161181246983494 2.920762774610796 2.048822540301364 1.6063622531178074 1.7607154272819692 1.5166285979364487 1.5095740652964054 1.5146533287972366 1.7686165038388184 1.6111593353130376 1.4587814302880888 1.5730648590568004 2.0584167046918243 2.6814730274605054 3.50882861548486 3.420788048137111 2.5361496550756 1.9658612364544474 1.7147198744688827 1.6083375222570204 1.559520156387916 1.5194504109924667
0.5467714505832069 0.9550877997889504 1.075014854669698 0.8915970060285554 0.6376338309869727 0.811457515237656 1.1864764703823925 1.4813559347362295 1.8055822548726486 1.985331746540969 1.9568314346751912 1.9246627658365911 2.016653871462764 1.630912026705161 1.2245709466386296 1.3924688234716758 1.6738035851566284 2.0945359118088493 2.179472484794978 2.246913816833798 2.376999398716209 2.6873988348781426 2.4548814390622935 1.6639272394605662 1.362275423772287 1.3428049136857663 1.203971711329701 1.3642506929115 2.0615206990534434 2.5575954343013336 2.5544914399397145 2.2353443833041258 2.4540348951454884 2.893391187967426 3.422763317276323 3.3017075371731694 2.925842038111628 2.3877222883290754 1.986178290457774 1.7079475231344405 1.5039304391843702 1.3738448573019593 0.9062704339198469
0.3066351595161114 0.7372438318643937 1.0166033244101342 1.1004111721738559 0.9051417086974398 0.8642254193851846 1.3114827887639713 1.5857630178088797 1.688477013047919 1.824206221042365 1.593664094365729 1.5008264448227502 1.8369043797944444 1.528198031466121 1.1582583398222166 1.1201638635659794 1.362275423772287 0.9960040891012056 0.8611214250235655 1.07219304161368 1.5186038670756608 1.8338003854328244 1.8464985441849038 1.269437774229309 1.138505648430093 1.0487719932487343 1.0312767523014257 1.402345169167737 2.080991209139965 2.5183722328226894 2.50567407407061 2.110338064922548 2.308429341454982 2.771488863947466 3.1445325499529897 3.053670169549224 2.6512796277611175 2.3933659144411106 1.9424401880895017 1.5389209210789874 1.3114827887639713 0.9237656748671554 0.4725577672099446
0.22931748178122913 0.4355920161761144 0.781264115538268 1.0840446564489543 0.9519838054273313 0.8642254193851846 1.2451701819475574 1.7293933023601742 1.8436767311288866 1.4833312038754416 1.4119393335581965 1.2412196436691332 1.3368791062681291 0.9931822760451876 0.9150180543935011 0.777313577259843 0.6475101766830349 0.4717112232931395 0.4666319597923074 0.842779640159451 1.0439749110535042 1.0800941181705292 1.0467967241095222 0.8281062122681595 0.8261309431289474 0.9011911704190148 1.3162798709592005 1.6063622531178074 1.9619106981760224 2.1980964509646945 2.0039557127106846 1.5566983433318988 1.6865017439087069 1.8972911791932203 2.7460925464433084 2.9794564861759616 2.667928324791621 2.341726735515989 1.8984199044156274 1.5154998727140416 1.2451701819475574 1.0154745991877272 0.7900117360119223
0.258664337563812 0.32413040046342 0.6054651621483726 0.8269774870457525 0.8701512268028218 0.812304059154461 0.9999546273796298 1.6345803836779833 1.918736958418954 1.3797706647195964 1.0380491036358679 1.0214004066053635 1.0829159312265473 0.7273674861683324 0.7440161831988359 0.4657854158755024 0.2019458951378592 0.11136569603969448 0.3915717325022401 0.6551290719342822 0.781264115538268 0.6130840573996199 0.47848357462758173 0.38564592508460294 0.6638766924079365 0.9971328143236127 1.5820946608360567 1.7626906964211821 2.019475684518781 1.8718948616890616 1.528198031466121 0.9023198956414218 0.846730178437876 1.04482145497031 2.2274433067472765 2.7762859461426963 2.595689910557571 2.1571801616524393 1.8710483177722566 1.525376218410103 1.3758201264411714 1.3856964721372336 1.366225962050712
0.26854068325987335 0.4082204295327436 0.684475927716865 0.8808741164156881 0.9881030125443564 0.9412609158144649 0.8221804048505224 1.3368791062681291 1.823077495819958 1.3388543754073412 0.9881030125443564 0.7126940582770409 0.8495519914938932 0.6571043410734942 0.6444061823214149 0.28518938029037777 0.22056986130757483 0.1249103987085789 -0.10168118968963213 0.04082036963925528 0.2832141111511648 0.19235173074739897 0.10741515776127031 0.5701924989481526 0.8574530680507424 1.2158233261649753 1.7381409228338285 1.7694630477556244 2.0341491124100726 1.8388796489336565 1.2186451392209925 0.5320980226919154 0.4959788155748903 0.9130427852542891 2.109209339700141 2.432589115919755 2.242963278555374 1.7686165038388184 1.5087275213795994 1.368201231189924 1.4404396454239743 1.5135246035748295 1.3464732706585885
0.3436009105499416 0.5732964933097726 0.8622501502459725 1.0166033244101342 1.1297580279564388 1.1963528160784538 1.0642919650568308 1.1277827588172267 1.524247493187696 1.398394630889312 1.0820693873097413 0.68362938380006 0.453087257123423 0.3828241120285858 0.3828241120285858 0.3055064342937044 0.3777448485277537 0.5225038583014561 0.2744664906775105 -0.23938566682329032 -0.1485232864195245 -0.05568563687654571 0.19235173074739897 0.8055317078200188 1.4785341216802115 1.9334103863102454 1.8016317165942244 1.6182138679530818 1.9892822848193932 1.9305885732542274 1.3230522222936427 1.0166033244101342 0.9813306612099142 1.4754301273185924 1.7595867020595621 1.951187808563156 1.5166285979364487 1.0594948828616015 0.9500085362881192 0.9500085362881192 1.168981229435083 1.2206204083602046 1.0253509448837885
0.6562577971566892 0.8396756457978318 0.7959375434295595 0.9697612276802419 1.0956140899786257 1.238115649307514 1.460756699427301 1.5087275213795994 1.2733883125077332 1.4099640644189844 1.167852504212676 0.7685659567861887 0.38367065594539085 0.2507632610069628 0.36617541499808226 0.41301751172797374 0.4482901749281938 0.7400656449204108 1.0682425033352558 0.6777035763824228 0.05549379753054673 0.1384551013774633 0.49202827729646614 0.8757948529148569 1.4460832715360095 1.9452620011455188 1.6218822249259048 1.2626654228948668 1.2908835534550427 1.297655904789485 1.3289780297112799 1.4579348863712829 1.754789619864333 1.9424401880895017 1.5135246035748295 0.9881030125443564 0.4169680500063988 0.0526719844745287 0.11813804737413669 0.5605983345576933 0.7586896110901273 0.7888830107895153 0.520528589162244
0.8701512268028218 1.2059469804689131 1.0281727579398057 1.0205538626885584 1.0301480270790186 1.0975893591178387 1.3808993899420035 1.9551383468415802 1.2812893890645825 1.0293014831622127 0.9765335790146841 0.9646819641794107 0.7967840873463645 0.33880382835471146 0.05351852839133464 0.007805156883849307 0.001032805549407101 0.3943935455582581 1.0693712285576629 1.4892570112930787 1.0800941181705292 0.41978986306241595 0.4169680500063988 0.682500658577653 1.2948340917334669 1.9638859673152353 1.7773641243124727 1.0340985653574428 0.7538925288948972 0.7431696392820308 0.9296914822847926 1.2273927596946468 1.5047769831011752 1.527351487549316 0.40624516039353153 -0.6437514777506097 -1.4462751108820089 -1.596677746767746 -0.9727748800822593 -0.22471223893199888 0.09866753728761513 -0.031418044594794914 -0.3104953558349335
