static/data/ASCData/20210130/ASCV/06.asc
ncols 97
nrows 97
xllcorner 99.0
yllcorner 2.0
cellsize 0.25
NODATA_value -32767
[rows 38 to 56 of 97, columns 43 to 85 of 97]
-4.019629972616596 -3.941357071821386 -3.9103432809402654 -4.030263272347266 -4.190353507181243 -4.3155901484535795 -4.438463834230211 -4.598554069064187 -4.7305842073866735 -4.714929627227632 -4.645517809541314 -4.581127272283367 -4.574333775233217 -4.712862041168891 -4.89156055053154 -5.176887426637853 -5.4551254362570525 -5.78534846678175 -6.17287316807728 -6.45022506938559 -6.745299136911685 -7.011722369052362 -7.234430924522506 -7.497014353982664 -7.695502615621838 -7.914962107285389 -8.113450368924564 -8.302782178017884 -8.433630838592517 -8.527262950109806 -8.597560876107014 -8.588995162435085 -8.545871224638478 -8.37396621232598 -8.142691943183905 -7.555792871938312 -6.843657159420382 -5.619055473771549 -4.2618329109263025 -2.2813808360890073 0.09073111216130236 1.9648501896918975 1.8700366004267566
-4.290188376874756 -4.3477854170825525 -4.285167096446385 -4.385888074450786 -4.50994323797527 -4.706954652429629 -4.8224441022821845 -4.901307741951321 -4.990213942477201 -5.022409211106174 -4.9786945344356415 -5.002028719955723 -5.048992460432849 -5.2560464357439525 -5.547871439463452 -5.839991812619916 -6.1767129707578 -6.5196368870719095 -6.833909968000601 -7.096788766897722 -7.34489909394669 -7.506761545402445 -7.716769215083178 -7.884834424715157 -8.057625545338546 -8.156278937284206 -8.322276560857444 -8.375147690073831 -8.46582610722149 -8.439538227331779 -8.464053890599711 -8.417976258433475 -8.239277749070826 -8.005049785559121 -7.4385312054639785 -6.788127705271328 -5.679606208348975 -4.369052016543892 -3.1358846172231303 -1.6924141787846718 0.23930193895371987 2.4412810915133085 2.6220471869346986
-4.527370034756091 -4.718769429908152 -4.696321352698959 -4.824216318903963 -4.859365281902567 -5.014729605745135 -5.049878568743738 -5.129037577849838 -5.182794815377114 -5.212922497947345 -5.193428115107784 -5.292967615364335 -5.4580791306266825 -5.798935460882051 -6.110254847441112 -6.513729498332648 -6.851632134218384 -7.162065412466557 -7.454185785623021 -7.671873060664794 -7.836098467616253 -7.938591662242434 -8.056739437027657 -8.18847420591318 -8.254932329229868 -8.35269961286464 -8.403503156022285 -8.46287241285186 -8.438652119020889 -8.347678332436267 -8.331137643966336 -8.212989869181113 -7.997074810761118 -7.477519971143103 -6.9071615883674395 -6.056792979350799 -4.953292762856819 -3.8955748090921123 -2.983473987750193 -1.922802339615856 -0.8975750239170859 1.2001387173945433 2.5098068008887373
-4.679780664229028 -4.8838809451705005 -4.964812170898378 -5.114269106001685 -5.14764585237851 -5.170980037898592 -5.206129000897196 -5.216762300627865 -5.270519538155142 -5.287060226625073 -5.324276775682418 -5.515676170834479 -5.8349705321915435 -6.200342525714845 -6.61533658464794 -7.017629757791623 -7.316543627998236 -7.624909320187667 -7.831077187187882 -8.01952288797031 -8.119062388226862 -8.212989869181113 -8.302782178017884 -8.338817249327375 -8.405275372644063 -8.409115175324583 -8.45903261017134 -8.46198630454097 -8.388734684174132 -8.328183949596706 -8.238391640759936 -8.09661431101767 -7.690481335193466 -7.167972801205819 -6.35836517449008 -5.505928979414698 -4.779320164485578 -3.930723772090716 -3.3878347469526178 -2.6319843577641553 -1.6856206817345214 -0.22560955482613165 1.074311337248281
-4.705182435807851 -4.910168825060213 -5.079120143003081 -5.221783581056237 -5.308622195523376 -5.308622195523376 -5.227690969795498 -5.238324269526169 -5.303896284531968 -5.293853723675223 -5.5469853311525625 -5.775305905925006 -6.175826862446911 -6.531156295113468 -6.965940106323088 -7.250085504681548 -7.548999374888162 -7.74601078934252 -7.942431464922954 -8.076233819867218 -8.186701989291402 -8.268519323330167 -8.338817249327375 -8.378101384443463 -8.435698424651259 -8.439538227331779 -8.408229067013695 -8.402321678274433 -8.303668286328772 -8.312529369437664 -8.135898446133757 -7.932684273503172 -7.477519971143103 -6.763612042003394 -5.953118306976766 -5.218829886686607 -4.567540278183067 -4.033216966716897 -3.559739759265117 -2.86916601564549 -1.814401756250414 -0.5313169220828953 -0.6456248941875984
-4.786113661535729 -4.947385374117558 -5.14469215800888 -5.3585396303701325 -5.445378244837271 -5.4276560786194885 -5.319255495254046 -5.3233906673715286 -5.403435784788517 -5.550825133833083 -5.8810481643577805 -6.124137210978375 -6.590820921380006 -6.881759816788616 -7.1446386156857375 -7.395407267667372 -7.531277208670378 -7.713815520713547 -7.776433841349716 -7.90432880755472 -8.023362690650831 -8.021590474029052 -8.103703177504782 -8.18936031422407 -8.232484252020676 -8.223623168911784 -8.18463440323266 -8.215943563550745 -8.134716968385904 -8.18374829492177 -7.849685461716554 -7.63672409766619 -6.938470748685523 -6.240217399704857 -5.508882673784329 -4.776366470115947 -4.249132025136891 -3.7245559050905026 -3.2558046086301315 -2.5820669229173987 -1.6445643299966566 -1.579287684427821 -1.7999286538392245
-5.281152837885812 -5.163005063100589 -5.192542006796895 -5.519515973514999 -5.530444642682632 -5.585974096831686 -5.573273211042276 -5.596607396562357 -5.7383847263046235 -5.920923038347793 -6.290134834551614 -6.6114967819674195 -7.039191726689926 -7.148478418366257 -7.335151902526909 -7.418150714313528 -7.502035634411036 -7.5351170113508985 -7.497014353982664 -7.525369819931117 -7.585920554508544 -7.599507548608845 -7.6866415325129465 -7.73626359792274 -7.8183763013984695 -7.841710486918551 -7.887788119084789 -7.92086949602465 -7.840824378607662 -7.91791580165502 -7.499968048352295 -6.989274291843169 -6.207136022764995 -5.566479713992125 -4.868226365011458 -4.211029367768657 -3.6826134450417483 -3.23631022579057 -3.0791736853262233 -2.5693660371279874 -2.473666339551957 -2.452104370653654 -2.552825348658056
-5.737203248556772 -5.590995377260058 -5.4306097729891185 -5.754039306463666 -5.742224528985144 -5.8946351584580805 -5.933623924137205 -5.972612689816328 -6.103461350390962 -6.280387643131833 -6.659346630755435 -6.9990214832629505 -7.204007872515312 -7.332198208157278 -7.423762733615826 -7.426716427985456 -7.430851600102939 -7.437645097153089 -7.378866579197441 -7.35937219635788 -7.18067368699523 -7.094721180838981 -7.107422066628392 -7.151432112735888 -7.3067964365784555 -7.482541251571474 -7.647652766833823 -7.754871872451412 -7.5947816376174355 -7.375912884827811 -6.702175199115079 -5.9667053010770665 -5.212922497947345 -4.683620466909548 -4.144571244451969 -3.6300376852623244 -3.389606963574396 -3.024530339488058 -3.1406105282145393 -2.7607654322800483 -3.1299772284838694 -3.0020822622788654 -3.2079547598421163
-6.315536606130436 -5.999195939143003 -5.744292115043885 -5.9315563380784635 -6.006875544504043 -6.1767129707578 -6.258825674233529 -6.347731874759409 -6.492167529434345 -6.655211458637952 -6.941424443055154 -7.2226161470439845 -7.45891169661443 -7.551657699820829 -7.469840365782063 -7.4063359368350055 -7.383887859625814 -7.402496134154486 -7.435577511094348 -7.408108153456784 -7.220843930422205 -7.040963943311704 -6.967712322944866 -7.030330643581035 -7.17388018994508 -7.285234467680152 -7.326290819418017 -7.117169258048174 -6.667026236116474 -6.139791791137418 -5.524537253943371 -5.016501822366913 -4.562518997754695 -4.222844145247179 -3.915069191931674 -3.6300376852623244 -3.6876347254701205 -3.5263630128882912 -3.762658562458737 -3.2460574172103502 -3.4882603555200573 -3.7354845742581357 -4.51082934628616
-7.175947776003821 -6.318490300500067 -6.119115930550004 -6.207136022764995 -6.281273751442722 -6.4277769921763985 -6.586095010388597 -6.688588205014778 -6.8028961771194805 -6.993114094523689 -7.260718804412218 -7.466886671412432 -7.637610205977079 -7.5918279432478055 -7.453299677312131 -7.242110529883545 -7.123962755098323 -7.0235371465308845 -7.065479606579638 -7.024423254841773 -6.978640992112499 -6.877033905797208 -6.895642180325881 -6.918090257535073 -6.868172822688316 -6.81736927953067 -6.449338961074702 -6.032277316082865 -5.562639911311605 -5.198154026099193 -4.875905970372498 -4.832191293701966 -4.482473880337706 -4.395635265870568 -4.238203355969258 -4.255039413876153 -4.3339030535452885 -4.238203355969258 -4.400361176861977 -4.1103083897642545 -4.296981873924906 -4.5391848122346135 -4.88860685616191
-7.6485388751447125 -6.53913126991147 -6.468833343914263 -6.428663100487288 -6.5518321557008825 -6.69744928812367 -6.865219128318685 -7.054846306848968 -7.198395853213014 -7.374140668206032 -7.561700260677574 -7.656218480505752 -7.7052498070416195 -7.615162128767887 -7.286120575991042 -7.0264908409005145 -6.72462327632427 -6.6114967819674195 -6.589048704758227 -6.53233777286132 -6.603521807169417 -6.5624654554315525 -6.605589393228159 -6.445499158394181 -6.319376408810957 -5.90615456649964 -5.493228093625286 -5.225623383736757 -4.901307741951321 -4.852571784852416 -4.861432867961308 -4.89835404758169 -4.909282716749323 -4.840757007373894 -4.856411587532937 -4.880041142489981 -4.930844685647626 -4.912236411118954 -4.9834204454270505 -4.995235222905573 -5.011775911375504 -4.61036884654271 -4.613322540912341
-8.233370360331564 -6.868172822688316 -6.823276668269932 -6.740277856483313 -6.921043951904704 -7.069319409260158 -7.241224421572657 -7.430851600102939 -7.62904449230515 -7.811582804348319 -7.848799353405665 -7.848799353405665 -7.697274832243616 -7.34489909394669 -6.987206705784428 -6.667026236116474 -6.370179951968602 -6.2694589739642 -6.234310010965596 -6.149538982557199 -6.166079671027131 -6.133884402398157 -6.187641639925433 -5.993288550403742 -5.662179411568156 -5.25191126362647 -5.06641925721367 -4.899535525329543 -4.849618090482786 -5.002028719955723 -5.1181089086822045 -5.233302989097797 -5.281152837885812 -5.339045247530571 -5.35440445825265 -5.349678547261241 -5.362379433050652 -5.52158355957374 -5.624076754199921 -5.800707677503829 -5.775305905925006 -5.571205624983533 -5.2022891982166755
-8.720729931320609 -7.300889047839194 -7.125144232846175 -7.093835072528091 -7.285234467680152 -7.433509925035606 -7.610436217776478 -7.83196329549877 -8.027497862768314 -8.143578051494796 -8.123197560344344 -8.00298219950038 -7.645585180775082 -7.218776344363464 -6.706015001795597 -6.3849484238167555 -6.151311199178977 -6.048818004552796 -6.0234162329739735 -5.939531312876465 -5.866279692509627 -5.81340856329324 -5.826109449082652 -5.575340797101017 -5.247185352635061 -5.136717183210877 -4.956246457226449 -5.104521914581904 -5.117222800371316 -5.35351834994176 -5.471666124726983 -5.602514785301618 -5.729523643195732 -5.786234575092639 -5.835856640502433 -5.833198315569765 -5.847671417980955 -6.071266081761989 -6.227516513915446 -6.589048704758227 -6.656392936385805 -7.108308174939282 -6.73525657605494
-9.219904279788175 -7.7149969984614 -7.412243325574266 -7.421990516994048 -7.652378677825231 -7.792974529819647 -8.01952288797031 -8.241345335129568 -8.308689566757144 -8.413250347442066 -8.251978634860237 -8.088048597345741 -7.668919366295163 -7.211982847313314 -6.688588205014778 -6.315536606130436 -6.081013273181769 -5.927716535397943 -5.917083235667273 -5.873073189559777 -5.837924226561174 -5.746064331665663 -5.6036962630494696 -5.373012732781323 -5.273473232524772 -5.1621189547897 -5.226509492047646 -5.404321893099406 -5.493228093625286 -5.680787686096828 -5.782394772412119 -5.917083235667273 -6.044092093561387 -6.108482630819334 -6.1581046962291275 -6.260893260292271 -6.279206165383981 -6.517569301013168 -6.654325350327063 -7.005814980313101 -7.043917637681335 -7.566426171668983 -7.007882566371842
-9.65823252424135 -8.134716968385904 -7.833144773246623 -7.71795069283103 -7.999142396819861 -8.091002291715371 -8.308689566757144 -8.45519280749082 -8.508950045018096 -8.497135267539575 -8.272359126010688 -8.131763274016272 -7.644699072464192 -7.208143044632795 -6.734370467744052 -6.359546652237932 -6.082194750929622 -5.917969343978163 -5.932737815826315 -5.903496241566973 -5.99506076702552 -5.818429843721612 -5.60753606572999 -5.519515973514999 -5.438584747787122 -5.463986519365944 -5.573273211042276 -5.642685028728593 -5.779441078042488 -5.865393584198738 -6.021644016352195 -6.094895636719033 -6.211861933756404 -6.313469020071695 -6.372247538027343 -6.471787038283894 -6.492167529434345 -6.699221504745448 -6.7509111562139825 -6.688588205014778 -6.475626840964414 -5.784166989033897 -5.334910075413088
-10.357371981532905 -8.637731119533989 -8.414136455752955 -8.100749483135152 -8.240163857381715 -8.330251535655448 -8.505996350648466 -8.63093762248384 -8.587813684687232 -8.542917530268848 -8.275312820380318 -8.143578051494796 -7.582080751828024 -7.25894658779044 -6.797874896691109 -6.445499158394181 -6.151311199178977 -6.010715347184562 -6.064472584711838 -6.0839669675514 -6.102575242080073 -5.873959297870667 -5.7676263005639665 -5.7401569429264026 -5.730409751506621 -5.752857828715814 -5.746064331665663 -5.725683840515212 -5.868347278568368 -5.854464915031105 -6.0724475595098415 -6.189413856547212 -6.388788226497275 -6.484487924073305 -6.488327726753825 -6.42984457823514 -6.4413639862766985 -6.3037218286519145 -6.299882025971394 -5.849739004039696 -5.300942590162337 -4.274533796715715 -3.49918902468769
-10.866293521420253 -9.369065845454518 -8.857485980634504 -8.478526993010902 -8.563593390856262 -8.539077727588328 -8.664018999423702 -8.680855057330596 -8.56241191310841 -8.490341770489424 -8.197335289022071 -8.005049785559121 -7.466886671412432 -7.18451348967575 -6.7461852452225735 -6.460858369116261 -6.317308822752215 -6.254985871553011 -6.289248726240725 -6.216883214184776 -6.119115930550004 -6.012782933243304 -5.956072001346397 -5.940417421187355 -5.939531312876465 -5.907336044247492 -5.847671417980955 -5.8243372324608735 -5.916197127356384 -5.908222152558381 -6.110254847441112 -6.220723016865295 -6.346845766448521 -6.345664288700668 -6.24139887745271 -6.116162236180374 -5.920036930036904 -5.620236951519401 -5.3632655413615415 -4.545978309284763 -3.8223231887252744 -2.845831830125409 -1.996053959982694
-11.457918503657256 -10.165972586380844 -9.321215996666503 -8.855418394575763 -8.877866471784955 -8.766512194049882 -8.780394557587146 -8.62414412543369 -8.364219020906198 -8.207082480441853 -7.942431464922954 -7.80094950461765 -7.353464807618618 -7.085860097730089 -6.808508196421778 -6.6466457449660235 -6.586095010388597 -6.518455409324057 -6.442545464024551 -6.2960422232908755 -6.243171094074488 -6.138610313389566 -6.144517702128827 -6.141564007759197 -6.103461350390962 -6.007761652814931 -5.938645204565576 -5.943371115556985 -5.88577407534919 -6.010715347184562 -6.037298596511237 -6.080127164870881 -6.049704112863686 -6.0018542640756705 -5.837924226561174 -5.537238139732782 -5.041017485634846 -4.651425198280575 -3.9667588434002092 -3.4873742472091678 -2.7675589293301988 -2.21787640714195 -1.828284119787678
-11.953253049444301 -10.457206851226418 -9.765746999295903 -9.255939351097668 -9.10264261331384 -8.990402227267879 -8.850692483584353 -8.625030233744578 -8.222737060600895 -7.946271267603473 -7.627863014557298 -7.494060659613034 -7.206961566884942 -7.0713869953189 -6.90627548005655 -6.851632134218384 -6.785174010901697 -6.670866038796994 -6.552718264011771 -6.400307634538834 -6.374905862960011 -6.278320057073092 -6.364272563229341 -6.257939565922641 -6.160172282287869 -6.07333366782073 -6.016622735923823 -6.037298596511237 -5.972612689816328 -6.0907604646015505 -5.935691510195946 -5.940417421187355 -5.776487383672858 -5.463986519365944 -5.2022891982166755 -4.762779476015647 -4.241157050338889 -3.6622329538912974 -2.7459969604318957 -2.483413530971738 -2.2276235985617308 -2.3428176789773225 -3.124069839744608
