static/data/ASCData/20210130/ASCV/09.asc
ncols 97
nrows 97
xllcorner 99.0
yllcorner 2.0
cellsize 0.25
NODATA_value -32767
[rows 0 to 18 of 97, columns 43 to 85 of 97]
-0.44983549934296274 0.42136469452405834 0.8929102356302563 0.8236602370608335 0.3198371542485483 -0.43692448266052786 -1.1898715010043395 -1.3442168367989011 -1.1303047649467426 -0.9175664218838966 -0.9964996829651454 -1.265283575717652 -1.7377094134158344 -1.8568428855310284 -1.320742261012656 -0.4615727872360855 0.26701935872949667 0.6558170201891809 0.048412371720089276 -0.8169191782003704 -1.320742261012656 -1.4536670464022687 -1.3961543357259683 -1.2514922624432328 -1.4947475540281976 -1.5874721283838658 -1.1948598483589166 -0.8412740505785998 -1.0366998939990903 -1.5279053923262689 -1.4536670464022687 -1.436061114562585 -1.3920462849633755 -1.3421628114176047 -1.1402814596558968 -0.11385563340232974 -0.09126135420806891 -0.036682965505049125 -0.7943248990061096 -3.1021691309913306 -6.544422237846846 -8.231070508088557 -8.339346988902612
-0.47712469369447286 -0.12852724326873322 0.017015126605986364 -0.21332914829654337 -0.6147443942413346 -1.1646363320341262 -1.2368206525768297 -1.3609424720466006 -1.2749668382294779 -1.1919255263856359 -1.350085480745462 -1.5689858999521977 -1.7259721255227118 -1.4847708593190436 -1.0141056148048295 -0.36972850947240143 0.3177831288672519 0.5463668105858135 0.28169096859590015 -0.436044186068544 -0.8177994747923547 -0.9574732007205129 -1.0748460796517385 -1.0152793435941416 -1.386177641016814 -1.1928058229776202 -0.9633418446670743 -0.78669566187558 -0.7162719345168447 -1.0689774357051771 -0.7884562550595482 -0.5073482100192632 -0.021131059046661793 0.2925479598970382 0.4603911767686908 0.5396178700472678 -0.007339745772242612 -0.6138640976493503 -1.915529324996641 -4.648850243107555 -7.884233650846785 -8.988712441589616 -8.384242115093805
-0.9956193863731615 -0.7808270179290187 -0.9486702348006713 -1.1332390869200233 -0.709522993978299 -0.35887151817126295 -0.3177910105453341 -1.0317115466445133 -1.3110589985008296 -1.6508534830067276 -1.647919161033447 -1.3051903545542687 -1.3227962863939524 -1.0601744697853355 -0.5463746922638957 0.08919944714869033 0.47418249004310997 0.33333503532563924 -0.11385563340232974 -0.4193185508208441 -0.7485494762229319 -0.8588799824182836 -0.916392693094584 -0.8861691767697937 -0.9868164204533194 -0.8227878221469318 -0.7016003246504416 -0.5522433362104571 -0.3277677052544883 -0.4818196088517217 0.002343516739583329 0.4146157539855131 0.8978985829848334 1.3392206077662419 1.5375807731600126 0.978885869447379 0.07863588804488009 -1.5170484010251306 -4.427308934124866 -7.323778153950183 -9.065885109486898 -9.31882366358369 -8.524796137613947
-1.4058375982377944 -1.5631172560056366 -1.6303132291937632 -0.9263693878037382 -0.11678995537561043 0.7943170173280274 0.7464875691635529 0.09213376912197102 -0.2682009691968914 -0.5014795660727018 -0.03756326209703342 0.08157021001816078 -0.5035335914539987 -0.7611670607080385 -0.2711352911701721 0.16050347109940954 0.4730087612537974 0.004397542120879727 -0.4155039322555796 -0.7007200280584573 -0.8744318888766709 -0.9859361238613351 -0.4976649475074373 -0.2611585964610179 -0.16461940354008497 0.03256703306437414 0.12265071764408964 0.05017296490405787 0.18603207226695107 0.27787635003063516 0.5639727424254972 0.9204928621790947 1.0346379869397113 1.3841157339574357 1.1197333241648497 0.5140892688797263 -0.699839731466473 -3.5572824690471574 -6.4085631304839525 -8.410651012853332 -9.60492005597855 -9.276862859365774 -8.64099528775586
-1.5777888658720398 -1.6919339906326565 -1.3509657773374464 -0.626481682134457 0.7065807903269361 1.3958530218505576 1.3119314134147313 1.0601665881072533 0.7153837562467782 0.8755977359879008 1.211284169731206 0.9515966750958693 0.39026088160728367 0.12734563280133848 -0.183105631971753 0.20070368213335454 0.029632711091093444 -0.38528041593078877 -0.5883354964818088 -0.7925643058221414 -0.9410409976701413 -0.460399058446773 0.0707132187170223 0.44395897371831916 0.4301676604439004 0.520838209418272 0.3802841868981295 0.3130882137100026 0.6147365125632525 0.95453099706915 1.2376930674907314 1.3245489978998384 1.431064885529926 1.0111634111534666 0.5619187170442008 -0.478885286878441 -2.4293291025180808 -5.238648959736962 -7.408580058977994 -9.354035527263056 -9.646880860196465 -9.201744216849791 -8.52596986640326
-1.5279053923262689 -1.2027825176867744 -0.86093400779958 -0.14613317510841695 1.1596401030014665 1.4976739943233959 1.4251962415833646 1.253538406146447 1.1264822647033954 1.286696244444518 1.1449684931350639 0.8618064227134816 0.7632132044112527 0.9037672269313948 0.5921422333689916 0.10973970096165475 -0.183105631971753 -0.4272412201487019 -0.330702027227769 -0.4780049902864567 -0.3286480018464726 0.1517005051795679 0.35974393308516506 0.6197248599178296 0.4829854559629516 0.3823382122794259 0.2417841897592834 0.2681930875188092 0.5962502841315844 1.0748381979736559 1.4075903097436804 1.5006083162966766 1.593332890652345 1.1722576874865736 -0.1822253353797687 -1.685185050094111 -4.037630976073197 -6.4877898237625296 -8.662709270358139 -9.331441248068796 -9.530681710054552 -8.898041892615245 -7.960526022152082
-1.3433365402069168 -0.86856324493011 0.12059669226279324 0.8248339658501456 1.1646284503560436 1.3626951835524865 1.269970609196819 1.2095235765472374 1.0551782407526762 1.1449684931350639 0.9105161674699405 0.7329896880864624 0.838331846927237 1.042560656267569 0.7065807903269361 0.22417825791959967 -0.06896050721113633 -0.21538317367783977 -0.00939377115353901 0.3022312224088646 0.42136469452405834 0.27670262124132305 0.3060458409741291 0.3920214747912518 0.3735352463595838 0.33245473873365494 0.3060458409741291 0.3306941455496868 0.5052863029598846 0.8530034567936404 1.1088763328637112 1.3421549297395226 1.4389875548577837 0.5384441412579557 -0.9545388787472322 -3.0921924362821764 -5.520050436974575 -7.729008018460239 -8.606957152865807 -9.225218792636035 -9.039476211727372 -8.314111819932398 -7.175301462102183
-0.8902772275323865 0.34037740806151273 1.406710013151696 1.5455034424878704 1.4369335294764864 1.0833477316961702 0.9155045148245176 1.0317036649664306 1.0892163756427315 1.264982261842242 1.3706178528803443 1.129416586676676 0.7796454074616239 0.4838657525549359 0.1587428779154414 -0.16461940354008497 -0.35975181476324725 -0.18692025053701755 0.2447185117325641 0.535509819284675 0.3802841868981295 0.18691236885893536 0.12059669226279324 0.2984166038435996 0.4759430832270781 0.7494218911368336 0.7191983748120432 0.7905023987627624 0.9105161674699405 0.9985458266683596 0.9935574793137825 1.1517174336736087 0.405812788065671 -0.6226670635691924 -2.225100293177748 -4.562874609290432 -6.667370328527305 -7.721085349132381 -8.488703977342595 -8.72315630300772 -8.420334275365157 -7.87748471030824 -6.179099152173407
0.3764695683328645 1.5053032314539259 1.8186888182002976 1.659648567248487 1.2506040841731663 0.9419134125840429 0.9204928621790947 0.7787651108696396 0.6487746474533074 0.6763572740021457 0.9251877773363439 1.0736644691843438 0.8764780325798851 0.43897062636374207 -0.06309186326457494 -0.4096352883090182 -0.3236596544918955 0.06102995620519591 0.5522354545323749 0.5199579128262877 0.24941342688981294 0.006451567502176125 -0.07277512577640088 0.21332126661846118 0.6851602399219878 1.1079960362717278 1.4381072582657994 1.6587682706565028 1.6713858551416099 1.4058297165597118 1.1030076889171507 0.2611507147829357 -0.879420236231248 -2.2896553765899226 -3.9126288600114427 -5.453734760378433 -6.666490031935321 -7.530647853066468 -7.955537674797505 -8.145975170863418 -8.109883010592066 -7.755416916219765 -5.386245354992979
1.6713858551416099 1.6411623388168195 1.0237809956385728 0.35798333990119646 0.2338615204314256 0.8403858723085333 1.124428239322099 0.7699621449497984 0.36766660241302285 0.3013509258168803 0.6361570629682012 0.980059598236692 0.9037672269313948 0.4351560077984775 0.042543727773527884 -0.015262415100100402 0.3001771970275682 0.7171443494307468 0.640265113730794 0.2943085530810068 0.012320211448737517 0.019069151987283206 0.33245473873365494 0.6763572740021457 1.224195186413641 1.5493180610531354 1.9683392388376104 2.2532619024431604 2.0745616942703693 1.4389875548577837 0.3823382122794259 -0.9498439635899834 -2.3090219016135745 -3.536742215234193 -4.5980864729698 -5.637129883708473 -6.493658467709091 -7.0230101516889185 -7.267145739865867 -7.421491075660429 -7.513335353424113 -7.108985785506041 -4.224253853573846
1.1528911624629208 0.04929266831207357 -0.5895092252711209 -0.4876882527982831 0.12265071764408964 0.8042937120371816 1.0833477316961702 1.0601665881072533 1.0064684959962173 0.9419134125840429 0.8130966779570237 0.6655002827010073 0.4691941426885329 0.30721956976344167 0.19102041962152816 0.36678630582103855 0.664619986109023 0.6957237990257976 0.17722910634710942 -0.03286834693978413 0.07570156607159939 0.36385198384775785 0.8081083306024466 0.9008329049581141 1.1839949753796963 1.4947396723501152 1.8404028008025746 1.8186888182002976 1.3119314134147313 0.4066930846576553 -1.0933323080834065 -2.398812153995962 -3.3433703971949993 -4.152949829623127 -4.760354478092219 -5.536776072222276 -6.129509110824964 -6.2885493617767745 -6.372470970212601 -6.4546319854644585 -6.572885160987669 -6.32874957281072 -3.355987981680106
0.239730164377987 -0.5308227858055083 -0.47037575315592717 -0.07365542236838518 0.6429060035067469 0.6801718925674107 0.747661297952865 1.0161517585080437 1.004414470614921 0.8667947700680587 0.681052189159395 0.39114117819926797 0.27875664662261945 0.3480066451920423 0.5581040984789358 0.7280013407318853 0.8177915931142721 0.8852809984997272 0.8861612950917115 1.1616941283827629 1.2447354402266049 1.3227884047158698 1.556067001591681 1.4163932756635225 1.1919176447075532 1.2690903126048347 0.9624536663970078 0.6801718925674107 -0.036682965505049125 -0.938106675696861 -2.158784616581606 -2.9399011258689116 -3.7679667867287074 -4.340453003715759 -4.94961824536882 -5.434955099749438 -5.678210391334402 -5.831675430536979 -5.674395772769137 -5.667353400033264 -5.856030302915208 -5.792355516095019 -2.7565060025388717
0.3031115190008489 0.9351644720454981 0.9477820565306043 1.0774790877496088 1.4087640385329925 0.8530034567936404 0.4583371513873944 0.7027661717616711 0.7632132044112527 0.6264738004563748 0.3999441441191096 0.2338615204314256 0.21625558859174188 0.6499483762426204 0.9037672269313948 1.264982261842242 1.4507248427509056 1.556067001591681 2.0220373309486455 2.3900013063980374 2.311068045316788 2.288473766122528 2.1382364810905594 1.8383487754212782 1.2602873466849926 0.31015389173672236 -0.09536940497066171 -0.8756056176659834 -1.5405229768113757 -2.0883608892228707 -2.826636297700279 -3.528819545906335 -3.9234858513125808 -4.451663806503095 -4.699614013245309 -5.152966758117168 -5.239822688526274 -5.267992179469769 -5.147978410762591 -5.205491121438891 -5.4185228966990655 -5.281783492744188 -2.5065017704153614
0.8110426525757273 1.432238614319238 1.8803095796391913 1.825731190936171 1.6860574650080133 1.0035341740229367 0.44190494833702276 0.4008244407110939 0.6382110883494976 0.5366835480739875 0.428113635062604 0.41050770322291985 0.5005913878026353 0.8987788795768177 1.2641019652502576 1.7074780154129616 2.3811983404781962 2.1763826667432076 2.3988042723178795 2.7964048996974062 3.031737521954513 2.6928233340405994 2.1966294883588438 1.4750797151291355 0.5493011325590942 -0.4838736342330181 -1.464230605506079 -2.00062466222178 -2.3178248675334165 -2.7318576979633145 -3.2884985762946513 -3.6949021695940196 -3.8929689027904626 -3.85394242054583 -4.034696654099918 -4.686996428760203 -4.747443461409784 -4.683181810194938 -4.42525490874357 -4.289689233578004 -3.997430765039253 -3.233039890999647 -1.4800759441617946
1.2749589565513961 1.6822428464427484 1.9642311880750176 1.9351814005395394 1.8139939030430483 1.5355267477787162 0.926361506125656 0.6167905379445489 0.8755977359879008 0.644079732296059 0.6566973167811652 0.7426729505982879 1.1822343821957277 1.4624621306440284 1.5161602227550643 1.8101792844777842 2.4331358394052636 1.722149625279365 1.5942131872443293 1.7074780154129616 2.1256188966054523 1.708358312004946 1.0610468846992376 0.10211046383112521 -0.7770123993637537 -1.8286733945875342 -2.0971638551427123 -2.4800928726558356 -2.6227009205572744 -2.900874643624279 -3.3237104399740187 -3.42054306509228 -3.3647909475999476 -3.3421966684056867 -3.507398995501387 -3.983052587370178 -3.8480737765992687 -3.477175479176596 -2.194876776852958 -1.7641183111753602 -0.8852888801778094 0.21038694464518048 1.0190860804813244
1.9067184773987167 1.8656379697727878 1.990640085834543 2.0892333041367728 2.0639981351665586 1.9067184773987167 1.576607255404645 1.269970609196819 1.2632216686582733 0.9888625641565332 1.0660352320538147 1.2679165838155217 1.7447439044736255 1.9029038588334517 1.9117068247532938 1.373552174853625 1.290510863009783 0.42048439793207404 -0.011154364337507605 0.10211046383112521 0.14025664948377337 -0.2523556305411758 -0.7329975697645441 -1.4566013683755494 -2.25062889434529 -2.522933973465733 -2.7465293078297175 -2.831624645054856 -2.9390208292769273 -3.0963004870447692 -3.264143703916422 -3.3539339562988095 -3.52207060536779 -3.5326341644716 -3.20076234929356 -2.9264032447918207 -2.5170653295191716 -1.3873513698061264 -0.06690648182983949 0.7943170173280274 1.8315998348827325 2.56694092138686 2.1382364810905594
2.276736478229405 2.3157629604740375 2.3735691033476662 2.359777790073247 2.170514022796646 1.8958614860975782 1.5745532300233487 1.3668032343150793 1.401721665797119 1.6118191190840125 1.7054239900316652 1.7679250480625424 1.3568265396059251 1.4163932756635225 1.386169759338732 0.6801718925674107 -0.11767025196759473 -0.7057083754130344 -1.141161756247881 -1.3374678962603554 -1.4612962835327985 -1.6763820841742691 -1.9574901292145541 -2.477158550682555 -2.734792019936595 -2.956626761116611 -3.145010231801228 -3.277935017190841 -3.4663184878754576 -3.611860857750177 -3.6811108563196004 -3.6949021695940196 -3.9105748346301463 -3.6576362805333553 -3.061968919957386 -1.8941087745916925 -0.8081162122805288 0.2300469018661606 0.8597523973321852 1.6068307717294354 1.7955076746113807 1.8764949610739263 0.8500691348203597
2.7388921890211053 2.5942301157383705 2.5610722774402985 2.6323763013910186 2.4037926196724566 2.090407032926085 1.833360428066701 1.6370542880542267 1.5161602227550643 1.796387971203365 1.5698583148660994 1.0296496395851342 0.19982338554137025 -0.4125696102822989 -0.7406268068950741 -0.855065363853019 -1.3277846337485295 -1.61564161932736 -1.920517672351218 -2.120638430928958 -2.2523894875292583 -2.4604329154348554 -2.7251087574247688 -2.970124642193702 -3.195774001938983 -3.4701331064407226 -3.701651110132565 -3.821664878839743 -3.9076405126568656 -4.09338309356553 -3.969261274095759 -3.79936403184281 -3.397948785898019 -2.840427610974698 -2.059017669490064 -1.137347137682616 -0.266146943815595 0.1880860976482479 0.5287608787461298 0.6314621478109519 0.5786443522919007 0.0014632201475990314 -1.1156331550803396
3.039660191282371 2.56694092138686 2.395869950344599 2.4973974906201093 2.281724825583982 2.202498132305405 2.260304275179034 2.1168159306856102 1.4281305635566452 0.33157444214167064 -0.8227878221469318 -1.5493259427312176 -2.0094276281416215 -2.1705219044747284 -2.034662797111835 -1.7787899210417633 -2.066940338817922 -2.2485748689639933 -2.5405399053054167 -2.7817411715090854 -2.9721786675749984 -3.2163142557519473 -3.24771150086605 -3.375647938901086 -3.6772962377543355 -3.954589664229356 -4.198725252406305 -4.403834358338621 -4.371556816632534 -4.109815296615902 -3.835456192114162 -3.370659591546509 -2.7201204100701917 -2.002385255405748 -1.376494378504988 -0.9964996829651454 -0.6411532920008605 -0.36855478068308933 -0.2720155877621564 -0.41843825422885983 -0.8236681187389161 -1.4742073002152332 -2.2025060139834873
