static/data/ASCData/20210130/ASCV/12.asc
ncols 97
nrows 97
xllcorner 99.0
yllcorner 2.0
cellsize 0.25
NODATA_value -32767
[rows 0 to 18 of 97, columns 43 to 85 of 97]
-0.8871090537255708 -0.26899084419754704 0.2299252553248312 0.12058196644747143 -0.6567711419101498 -1.3618262286603366 -1.6507195629346718 -1.2602504958234455 -0.9856972650084361 -0.9292331076373408 -0.9632908533532394 -1.209462629405 -1.5718489939083797 -1.7427352267986793 -1.1900437393038295 -0.3511476869332677 -0.005192690977032122 -0.5336852538842698 -1.4496593623487075 -1.40663905197073 -1.463401961497228 -1.641159493961788 -1.7436314832648871 -2.2132698715578085 -1.6068029960904864 -1.4221741640516663 -1.2112551423374156 -1.2055788513847658 -1.525841161976376 -1.4156016166328087 -1.2993870281811888 -1.4272529506935108 -1.6106867741107205 -1.254275452715393 -0.15277625574592735 0.8423671739002052 0.14209212163646034 -0.4312132645811704 -1.4625057050310202 -3.5678121441532946 -6.552346176625484 -8.298253772798406 -8.375331828892282
-0.6382485082751872 -1.0403689094471158 -1.092351784487172 -1.1888487306822189 -1.3695937847008048 -0.9710584093937076 -1.467285739517462 -1.3949877179100278 -1.0941442974195876 -0.9525357757587454 -1.096235562507406 -0.7239903768757396 -1.0493314741091946 -1.4075353084369377 -0.9193742865090542 -0.17607892386733148 0.0444001668198033 -0.3589152429737359 -1.335536038984906 -1.5279324270641943 -1.5942554055635763 -1.645043271982022 -1.6898560952924153 -2.2416513263210573 -1.6020229616040444 -1.2934119850731365 -1.4036515304167039 -1.5933591490973684 -1.4810283386659828 -1.8090582052980613 -1.5864878495231083 -1.2757856079043817 -0.5474278530327901 0.17913738890638564 0.6021704409564976 0.11102189747458757 -0.9271418425495224 -1.5981391835838104 -2.345318324245767 -4.330526396896188 -7.689994384398668 -9.031690314311842 -7.991734061355315
-0.7825457993346534 -1.3549549290860765 -1.5473513171653648 -1.4663894830512543 -1.1724173621350746 -1.0884680064669379 -1.5736415068407954 -2.0005583369111415 -1.6157655607525652 -1.068750364210365 -1.0403689094471158 -1.1888487306822189 -1.171222353513464 -1.6773085047655052 -1.4729620304701119 -0.6636424414844102 0.5397312404773498 0.341359809290009 -1.0511239870416103 -1.9076464165809264 -1.921389015729447 -1.8443109596355707 -2.0863002055116944 -1.9682931041276586 -1.920492759263239 -1.3480836295118162 -0.7015839652205429 -0.5492203659652062 -0.3959605102436612 -0.7505793187065728 -0.1656225984282398 0.3285134666076961 0.762301596252303 0.8393796523461794 1.0141496632567129 -0.7398242411120788 -1.5628864292463012 -2.4427115269070216 -4.509180185826955 -6.986731810580896 -8.936089624583003 -9.328649956782048 -7.794258886634182
-1.0179624977919195 -1.2474041531411326 -1.4613106964094098 -1.4087303170585483 -1.2835531639448499 -0.9193742865090542 -1.0765179202508333 -1.4272529506935108 -1.3140258837959173 -0.8685864200906086 -1.1565834978987355 -1.254275452715393 -1.2357528190804303 -1.2593542393572374 -1.130293308223305 -0.767010687253717 -0.015051512105318743 -0.06195560050353022 -0.9701621529274997 -1.83056836048705 -2.0140021839042594 -1.9691893605938664 -1.0042198986433988 -0.4790136094455901 -0.43688955553382014 -0.2591320230692604 0.3168621325469938 0.4477155766133425 0.5014909645858143 0.7700691522927712 1.4428590062594746 1.6959020818854955 1.2788440729434352 1.2573339177544471 0.547498796517818 -1.0842854762913015 -1.8744849273312354 -4.513063963847189 -6.511118379179923 -8.306021328838874 -9.66056360143436 -9.29040968089051 -7.513133108400316
-1.1948237737902714 -1.2981920195595784 -1.3920001963560016 -1.3567474420184922 -1.121629495716629 -0.1683113678268633 0.1011630763463014 -0.21820297777910147 -0.12439480098267808 -0.014155255639110909 -0.13126610055693844 -0.20266786569816508 -0.35592772141970963 -0.1937053010360863 0.05724650950211574 0.4008114882151306 -0.17727393248894208 -0.3959605102436612 -0.9749421874139417 -1.0269250624539978 -1.2103588858712078 -0.9710584093937076 -0.156660033766161 0.7162937643202989 0.7670816307387449 0.6117305099293815 0.12177697506908203 0.2376928113652994 0.5035822296736323 0.9723243615003461 1.7084496724124052 1.8443819031205986 1.4096975170097834 0.33269599678333295 -0.6000082323836518 -1.5374924960370782 -3.171368033934016 -5.758262947565316 -7.646077817554483 -9.38720537924096 -9.561975390151494 -8.973134891852927 -7.0267645994048475
-1.4182903860314322 -1.40663905197073 -1.500447228767153 -1.1419446422840074 -0.7933008769291479 0.4889433740589042 0.8776199282377148 0.5660214301527806 0.6723771974761137 0.7826167428196809 0.9233290080143157 0.848043464852855 0.5591501305785203 0.9379678636290447 1.1901146827888573 0.8970388183388853 0.19108747512249025 -0.47214230987132977 -0.49753624308055233 -0.40283180981792155 -0.001308912956798025 0.2376928113652994 -0.02969036772004685 0.5122460421803083 0.4507030981673683 0.11878945351505577 -0.3726578421222566 -0.07061941301020624 0.24366785447335193 0.5424200098759733 1.2809353380312536 1.4996219157859731 1.1402230728366187 0.060234031056142 -1.835348394973492 -2.8606657923152894 -4.805243571830953 -6.807181765183921 -8.698581661037919 -9.137149825168967 -9.16164750191198 -8.19279426194128 -5.8422123032334525
-1.5560151296720408 -1.6304044163672935 -1.1685335841148405 -0.7885208424427059 -0.3374050877847474 0.45159935463357614 0.5122460421803083 0.5570588654907018 0.6870160530908422 1.2211849069507292 1.2916904156257485 1.2671927388827338 0.8268320618192688 1.1587457064715818 0.7330238850228459 0.4235166520257301 0.1644985332916571 -0.5298014758640357 -0.12140727942865182 0.30132702046605786 0.732127628556638 0.31984965410102006 -0.2152154562250752 -0.43300577751358604 -0.3275462666564608 -0.32963753174427923 0.34823110886426933 0.6831322750706081 0.5238973762410106 0.5023872210520222 1.0395435964659359 1.494543129144128 1.1324555167961514 -0.6292859436131084 -2.765961359052658 -4.628382295832601 -6.095255378859473 -7.802325194830054 -8.462268706114445 -8.863791602975567 -8.260312249062272 -7.034532155445316 -4.413579496098116
-1.6653584185494004 -1.460414439943202 -0.7153265643690636 -0.08734953371275278 0.1528471992309548 -0.11065220183415736 -0.15875129885397943 0.00048359997561764345 0.30730206357410994 0.9750131308989691 1.553397303758445 1.5629573727313288 1.0885389499519653 0.6422032297804487 0.1450796431904866 -0.3275462666564608 -0.5181501418033334 -0.2818371868798595 0.42142538693791165 0.8656698420216098 0.3228371756550463 -0.3705665770344382 -0.43300577751358604 -0.4652710102970694 0.23679655489909157 0.9448391632033046 1.6761844396289223 1.747586204770149 1.2358237625654582 0.622485587523876 0.4955159214777618 1.0416348615537543 -0.0972083548410394 -2.045371160221535 -3.7622997973204013 -5.6187456909922915 -6.808974278116336 -7.597978720534661 -8.141110139056627 -8.089426016171972 -7.331491797915522 -5.979040790407854 -3.0357345553812256
-1.7015074293531176 -1.2103588858712078 -0.8892003188133892 -0.6215183875726402 -0.6615511763965918 -0.6839575880517885 -0.3314300446766949 -0.38520543264916673 -0.39297298868963493 0.033645089225308844 0.8656698420216098 1.4243363726245124 1.35114209455087 0.8393796523461794 -0.05807182248329612 -0.6839575880517885 -0.46736227538488784 0.34912736533047717 0.8071144195626965 0.17913738890638564 -0.4019355533517137 -0.5181501418033334 -0.34816016537924144 0.9340840856088106 1.4183613295164599 1.5103769933804672 1.4721367174889317 1.441066493327059 1.1635257409580233 0.5797640293013009 -0.03357414574028095 -0.7075590083285954 -2.088391470599513 -3.521804312221291 -4.678273905784839 -5.634280803073228 -6.397891312282329 -7.074564944269267 -7.3413506190438085 -7.241567399139333 -6.698734732772769 -5.335528647670607 -2.317833125948726
-1.430240472247537 -1.3020757975798125 -1.438904284754213 -1.5852928409014977 -1.6068029960904864 -1.0669578512779494 -0.7933008769291479 -0.6430285427616291 -0.27287462221778114 0.2553191885340538 0.6547508203073589 0.6275643741657206 0.9203414864602899 0.0933955203058332 -0.7933008769291479 -1.1031068620816664 -0.6516923552683052 0.17346109795373588 -0.4339020339797939 -0.4954449779927339 -0.6546798768223314 -0.39506425377745336 0.711513729833857 1.9438663708696713 1.7398186487296807 1.3158893402133605 1.1255842172218906 1.1548619284513477 0.9926395080677239 -0.030586624186254685 -0.6782812970991383 -2.0561262378160294 -3.262188689176413 -3.999509008710083 -4.4807987310637065 -5.259346848042938 -5.979040790407854 -6.359949788546196 -6.450770443788593 -6.349194710951702 -5.982924568428087 -4.917574382262339 -2.013105927438052
-1.426356694227303 -1.5852928409014977 -1.5482475736315726 -1.3588387071063106 -1.249495418228951 -0.6215183875726402 -0.27287462221778114 -0.12947358762452277 0.048283944840037396 0.341359809290009 0.30909457650652605 -0.3365088313185396 -0.5707305211541946 -0.758346874747041 -0.9576145624005896 -0.2668995791097286 0.8325083527719186 1.3382957518685576 1.6705081486762725 1.921459959214475 1.925343737234709 1.8082328923168807 1.4458465278135013 1.3051342626188664 1.4174650730502516 1.2301474716128085 0.9478266847573305 0.5074660076938664 -0.09511708975322097 -0.9163867649550279 -1.9605255480871904 -3.033643290293407 -3.66072406448351 -4.1127360756076765 -4.5638518302656355 -5.254268061401094 -5.833548490726777 -5.841316046767245 -5.752287904457264 -5.608886869864005 -5.362715093812245 -4.87545032835057 -2.4439065355286322
-1.3510711510658424 -1.4290454636259267 -1.6507195629346718 -1.6088942611783048 -1.0738291508522093 -0.23284183339382958 0.1764486195077617 0.15105468629853913 0.029761311205074747 -0.5366727754382961 -0.9125029869347938 -1.2300765281277806 -1.1371646077975655 -0.42225069991909203 1.1205054305800464 2.0570934377672647 2.0786035929562536 2.3424017461767686 2.21035329348881 2.184063103813379 2.0316995045580417 1.7613288039186696 1.7281673146689784 1.1058665749653174 0.5767765077472746 0.288480677783745 0.06202654398855767 -0.2698871006637549 -0.7386292324904682 -1.4905884076388667 -2.4603379040757765 -3.207517044737733 -3.8196602111577045 -4.31379627619364 -4.868579028776309 -5.491776024946178 -5.844303568321271 -5.8783613140371695 -5.584389193120991 -5.362715093812245 -5.2826495161643425 -5.085473093598612 -2.300206748779971
-1.451750627436526 -1.1323845733111235 -1.3217934398363855 -1.2474041531411326 -0.7269778984297659 -0.004296434510824287 0.06889784356281803 0.060234031056142 -0.29737229896079587 -0.850063786455646 -1.348979885978024 -1.10579563148029 -0.24568817607614246 0.6822360186044003 2.0962299701250084 2.6420501580455977 2.711360658099006 2.336426703068716 1.7915027716143341 1.8246642608640253 1.3929673963072369 1.0804726417560953 0.9672455748585009 0.5552663525582862 -0.12260228805026241 -0.6546798768223314 -0.9426769546304588 -1.2865406854988761 -1.7053912073733515 -2.1848884167945593 -2.972100346280467 -3.6956780666656166 -4.269879709349455 -4.7846296731081726 -5.196608895408388 -5.758262947565316 -5.956634378752657 -5.851174867895532 -5.511194915047348 -5.152692328564202 -5.1488085505439685 -5.052311604348922 -2.041487382201301
-0.5229301762897753 -0.09033705526677904 0.31118584159434404 0.5552663525582862 0.3285134666076961 0.44293554212690056 0.26995804414878233 0.15105468629853913 -0.05807182248329612 -0.46228348874304315 -0.22985431183980332 0.40379900976915684 1.23492750609925 1.6597530710817785 2.499545379918547 2.5150804919994836 2.8726868220164214 2.024828204983782 1.3843035838005613 1.404917482523342 1.3120055621931264 0.49760718656558023 -0.026702846166021033 -0.38520543264916673 -1.0179624977919195 -1.5112023063616475 -1.9428991709184358 -2.2437425914088758 -2.5747599795949805 -3.0366308118474334 -3.7115119309019557 -4.298261164112704 -4.769094561027236 -5.2465005053606255 -5.530613805148519 -5.877465057570962 -5.8568511588481815 -5.51597494953379 -4.722190472629024 -4.0873421423984535 -4.399836896949596 -4.152768864431628 -1.764245381987668
1.1019827969450833 1.6615455840141942 1.7203997586285102 1.8667883147757949 1.6206165387240348 0.9878594735812825 0.6684934194558796 0.8803086976363388 0.8815037062579489 0.6675971629896718 1.2582301742206545 1.8160004483573489 1.582675014987902 1.8608132716677424 1.9692603040788943 1.8100254052492963 2.2007932245159254 1.2358237625654582 0.6051579625105239 0.6664021543680612 0.6568420853951773 -0.12827857900291217 -0.8169022972059548 -1.3343410303632957 -1.8882275264797561 -2.382363591515692 -2.6527342921550647 -2.9458101566050363 -3.3255241461217686 -3.767976088273051 -4.32275884085572 -4.579685694501974 -5.041556526754427 -5.337321160603022 -5.548240182317273 -5.6722223268093614 -5.1595636281384625 -4.358907851659437 -2.576552492527396 -2.0609062723024714 -2.1302167723558796 -1.8177220178047373 -0.5393615448369196
2.3011739487312064 2.397969647081656 2.1431340585232195 2.116843868847789 2.245606047826319 1.4419627497932672 1.1674095189782574 1.4117887820976018 1.7242835366487443 1.430311415732565 1.7338436056216282 1.53457591796808 1.2904954070041375 1.1841396396808048 1.1079578400531358 0.6353319302061888 0.5298724193490632 -0.3138036675079401 -0.4273294865609363 -0.36578654254799625 -0.4359932990676123 -1.0511239870416103 -1.5757327719286138 -2.1839921603283514 -2.742658690931254 -3.04648963297572 -3.3081965211084166 -3.5764759566599706 -4.002496530264109 -4.361895373213462 -4.635253595406862 -4.852147660229165 -4.4192557870507665 -4.664531306636318 -4.611652175130055 -4.450624763368041 -3.60605242004483 -2.0806239145590446 -0.26899084419754704 0.5609426435109359 0.6460870078006828 0.6490745293547091 -0.10796343243553386
2.134470246016544 2.2115483021104203 2.506416679492808 2.6841742119573673 2.1792830693269374 1.4458465278135013 1.2086373164238196 1.2397075405856923 1.6812632262707665 1.0825639068439128 1.007278363682453 0.787695529461526 0.28967568640535557 0.17047357639970961 0.13522082206219999 -0.5190463982695412 -1.249495418228951 -1.5288286835304021 -1.505227263253595 -1.5482475736315726 -1.7573740824134076 -2.02774478305278 -2.388039882468342 -2.968216568260233 -3.195865710677031 -3.4847590449513657 -3.9319910215890905 -4.2680871964170395 -4.6507887074877985 -4.885309149478855 -5.03169770562614 -4.457496062942302 -3.85102918747498 -2.938042600564568 -2.6234565809256076 -2.0561262378160294 -0.8267611183342414 0.5376399753895313 1.191907195721273 1.8258592694856355 1.4975306506981547 1.0102658852364788 -0.5298014758640357
2.473255190243117 2.4350149143515813 2.6127724468161406 2.658780278748145 2.3238791125418063 1.4312076721987723 0.6616221198816192 0.3434510743778274 0.33269599678333295 0.3335922532495408 0.160614755271423 -0.2836296998122756 -0.9447682197182772 -1.3997677523964698 -1.6507195629346718 -2.0337198261608327 -2.481848059264765 -2.6948583460668343 -2.8929310250987723 -2.980764158787143 -3.0530621803945777 -3.157625434785495 -3.2182721223322273 -3.35988064399307 -3.566915887687087 -3.97979136645351 -4.570723129839895 -4.940877050383744 -5.12042709578072 -5.172409970820775 -4.84019757401306 -3.9759075884332757 -2.8128654474508696 -1.5903716275433422 -0.6899326311598406 -0.015947768571526577 0.8199607622450089 1.249566361713979 1.429116407110954 1.1527706633635293 0.5298724193490632 -0.5169551331817228 -1.7122625069476118
3.025946677737967 2.3412067375551584 2.116843868847789 1.939086336383229 1.4574978618742036 0.8501347299406734 0.13223330050817372 -0.44286459864187266 -0.7075590083285954 -1.1087831530343162 -1.8323608734194659 -2.358762171238885 -2.6751407038102615 -2.869628356977368 -3.043502111421694 -3.2427697990752424 -3.4937216096134445 -3.7542334891245304 -4.017135385878838 -4.237614476565972 -4.421347052138584 -4.543536683698257 -4.286609830052003 -4.211324286890542 -4.277647265389923 -4.479902474597498 -4.729958028669492 -4.901740518026 -4.913391852086702 -4.560864308711609 -3.9594762198861315 -3.0892111911982947 -2.1439593715044003 -1.2710055734179397 -0.5005237646345786 0.09518803323824887 0.4420392856606923 0.5845440637877428 0.3813925981139601 -0.1342536221109647 -0.8079397325438764 -1.5826040715028742 -2.227012470706329
