static/data/ASCData/20210130/ASCV/15.asc
ncols 97
nrows 97
xllcorner 99.0
yllcorner 2.0
cellsize 0.25
NODATA_value -32767
[rows 76 to 94 of 97, columns 0 to 42 of 97]
-4.218797651903878 -3.7275503092005833 -2.908187980536017 -1.798024494200888 -0.9074266751631515 -0.12106087234243512 0.3378067020094182 1.0809994803615464 1.5262983898804148 1.7458640571778066 2.3700226394951125 2.46376977834119 1.9355169860933916 1.2361139897022602 0.825045121012058 0.3945483913109915 -0.012819932424759983 -0.33692599468537665 -0.7520037870762333 -1.2040870290115941 -1.798024494200888 -2.4863258557286683 -3.1659926123627304 -3.7414273527797723 -4.298976125916971 -4.7892983323816525 -5.3594906341132225 -5.848579325593088 -6.259031436790881 -6.5519912456848735 -6.867154324305568 -7.256019923269068 -7.437655004783343 -7.050948057043273 -6.683668970314068 -6.714815223680692 -6.87609730794549 -7.731539949915948 -8.465789744628154 -8.533324690046875 -8.2930976467538 -8.131815562489003 -7.939695603603785
-4.524400989392243 -3.865395608753862 -3.244320813898598 -2.2442485399583694 -1.36814452199223 -1.1220582825212764 -0.6650409806466482 0.07013395030417025 0.6338502983654526 0.9413039083310424 1.8044560189566052 2.2497549284754736 2.0261803374774265 1.30950813129886 0.49600499881217397 0.05564014923257288 -0.3847247003470282 -0.7569378470155006 -1.1328515386384235 -1.618239685163838 -2.192440910596063 -2.8332519452083957 -3.517544383035521 -4.2277406355438 -4.78621454491961 -5.151334980425386 -5.678662636434572 -5.984574352669141 -6.285243630218238 -6.59578102764587 -6.950416585780704 -7.335890018535956 -7.354701122054412 -6.972619855507406 -6.716973874904122 -6.760763656865119 -6.997290155203742 -7.795991107872626 -8.46393947215093 -8.39362911801637 -8.159261270901176 -7.86229253830653 -7.667088791959269
-4.108398060762774 -3.3007541244539667 -2.792237571963237 -1.8917716330469658 -2.287113185680753 -2.0419520824484123 -1.3752372331549265 -0.6681247681086901 -0.06370242554845351 0.41490138856046865 1.2117520687521282 1.8232671224750616 1.7224272724662875 1.2577005019365544 0.444197369449868 -0.34371032710186933 -0.7794494954884073 -1.2383170698402608 -1.6173145489252256 -2.1212054202228923 -2.6044349155248776 -3.238461617720718 -4.003857665799549 -4.71497905454644 -5.150409844186774 -5.491168358742417 -5.888668562599634 -6.160350238005536 -6.403352690014448 -6.708956027502813 -7.047864269581231 -7.311528097585825 -7.329105686119464 -7.147470604605188 -6.898608956418397 -6.904468152596277 -7.2813069804578125 -8.039301938627741 -8.440502687439409 -8.312525507764665 -8.002913246575647 -7.706252892727203 -7.385847375421037
-2.426808757711257 -1.7021187041313812 -1.2355416611244228 -1.9855187718930432 -2.6210873678199045 -2.369141932171071 -1.5420701348514 -0.9570756533020279 -0.49234888277229505 0.26934662035208534 0.9228011835587902 1.245056973342182 1.5633038394249192 1.1377411696631192 0.3183788409985535 -0.5537162532669311 -1.3036933640355517 -1.7736625732507563 -2.1748633220624236 -2.677829057121478 -3.0929068495123344 -3.717990568068253 -4.4846201311319005 -5.033225920629176 -5.429800988247781 -5.76655057910277 -6.12982074213132 -6.453310046899529 -6.637720537129642 -6.918036817429262 -7.116324351238564 -7.381838451720382 -7.686516652970135 -7.589068969169607 -7.222715018679014 -7.203287157668149 -7.507040222679289 -7.908240971490956 -8.30481603910956 -8.069523055755754 -7.763611339521185 -7.5233842962281114 -7.198353097728882
-0.2030896188327529 -0.006960736246880206 -0.6163171387463842 -1.9950785130253736 -3.0685449285622024 -2.674745269659436 -1.3937399579271788 -0.7843835554276746 -0.3517281745031786 0.29278340506360445 0.29278340506360445 1.1377411696631192 1.291930542765221 0.8904214152073489 0.14260295566215797 -0.7128396863082997 -1.6358172736974776 -2.383944111988873 -2.7774353921454353 -3.2989038519767417 -3.712131371890373 -4.298050989678358 -4.915116860832967 -5.419007732130634 -5.741263521914025 -6.088806368886162 -6.43943300332034 -6.7129649512034675 -6.864378915589731 -7.17985037295663 -7.3448330021758785 -7.58413490923034 -7.943396148558235 -8.032209227465046 -7.685591516731522 -7.645502279724975 -7.692375849148014 -7.631008478653378 -7.854583069651425 -7.612505753881126 -7.343907865937266 -7.145620332127963 -7.111390291299297
0.056565285471185334 0.10158858241699908 -0.6348198635186364 -2.012656101559013 -2.8193749016292067 -2.1144210878064 -0.8204638687335664 -0.41309554499781465 -0.11643519114937195 -0.27833403290657843 -0.19044609023838088 0.49199607511151955 0.26749634787486 -0.028547248481174403 -0.16022497311036865 -0.7119145500696868 -1.923843022652203 -3.056826536206443 -3.4543267400636597 -3.853677216398102 -4.33197265176082 -4.772645880086626 -5.27345296392225 -5.681746423896614 -5.997217881263513 -6.382999692764971 -6.76384744432716 -6.924821149845754 -7.204212293906762 -7.4980972390393665 -7.619290086297618 -7.83515520864056 -8.081241448111513 -8.153402074723296 -8.035293014927088 -7.995203777920541 -7.871235521946452 -7.367344650648785 -7.243376394674695 -7.074384841754792 -6.9679941743143425 -6.871163248006223 -6.817505346166692
-0.29683675767883066 0.14044430443872846 0.08000207018270489 -0.4991332151887873 -0.9620097132412953 -0.5956557627507029 0.18824301010038003 0.291858268824992 -0.37516495921469817 -0.8389665935058184 -0.24718777953995374 -0.5342883922560664 -0.6320444548027986 -0.8651787869331757 -0.6240266074014893 -0.4738461580000428 -1.4844033093112143 -3.3106222443325013 -4.331047515522208 -4.4951050085028434 -4.80379213345325 -5.1670622964818005 -5.5997176774062964 -5.987349761384979 -6.365422104231332 -6.806712090049545 -7.124958956132282 -7.222715018679014 -7.563473533234657 -7.83515520864056 -7.9689915844931845 -8.102519581599605 -8.155252347200523 -8.19256617549123 -8.344905276116107 -8.38191072566061 -8.131815562489003 -7.548054595924448 -7.2082212176074165 -6.975703642969448 -6.711114678726242 -6.46286978803186 -6.404277826253061
0.572174549124612 1.1072116737889033 1.3779682129561932 1.204042600097023 1.1963331314419179 1.2382726409256897 0.6912087451594342 0.10621426361006225 -0.7569378470155006 -0.8105957488550319 -0.07727109038143842 -0.821389004972179 -1.1319264023998108 -0.891699359106737 -0.6974207489980895 -1.0246105987207483 -1.8310210200447379 -2.2861880494421407 -4.787139681158223 -5.1584276915880825 -5.259884299089265 -5.554694380460482 -5.876025034005262 -6.248238180673734 -6.644504869546134 -7.060507798175603 -7.355626258293025 -7.5458959447010185 -7.7774883831003745 -8.108378777777483 -8.21014376402487 -8.21014376402487 -8.283229526875267 -8.46979866832881 -8.627071828892952 -8.621212632715071 -8.303890902870947 -7.693300985386627 -7.206062566383987 -6.877022444184103 -6.50696794873906 -6.273525237862479 -6.286168766456852
1.2635596981144337 1.8426949834859263 2.207815418991702 2.333942326189221 2.4335486612131785 2.4101118765016585 1.7967465503015 0.17559948150600757 -0.3976766076876048 -0.12321952356586463 -0.01682885612541485 -0.8047365526771519 -1.3955902304044039 -1.0400295360309586 -0.632969591041411 -0.9521415933627608 -1.564581783324307 -1.975650652014509 -5.388786615002622 -5.713817813501851 -5.775493562742692 -5.964838112912072 -6.2812347065175835 -6.6398791883530714 -7.032445332271021 -7.293025372813572 -7.535102688583871 -7.743258342271708 -7.891588519195929 -8.215077823964137 -8.351689608532599 -8.411206706550011 -8.610419376597925 -8.804697986706572 -8.914172441609065 -8.961046011032103 -8.688439199387588 -8.03035895498782 -7.419152280011091 -6.874247035468265 -6.507893084977672 -6.256872785567452 -6.243304120734467
1.1611779543746388 1.708858607633302 2.2654822445318876 2.381741031850872 2.567385037065802 2.5633761133651474 2.166801045746543 0.7908150801833917 0.03991283317615846 0.13551024449946114 -0.12321952356586463 -0.7939432965600048 -1.4150180914152688 -1.499205489129016 -1.1057142089724536 -0.9200702037575237 -1.316645271376128 -2.4696734034336414 -6.1427726494718975 -6.287093902695464 -6.200439475012082 -6.380841041541541 -6.5849877715287235 -6.934689269724289 -7.236283683511999 -7.488229119160833 -7.696384772848669 -7.875244445647106 -8.1096122927623 -8.36340800088836 -8.48460084814661 -8.62614669265434 -8.816416379062332 -8.88086753701901 -9.01871283657229 -8.957037087331448 -8.78033606575644 -8.379135316944772 -7.779338655577599 -7.160114133199561 -6.60164022382375 -6.337051259580544 -6.1680597066606415
0.7547347668774997 1.176596891684849 1.835910651069434 2.149223457212903 2.3132809501935396 2.0224797925229767 1.6015428039542403 0.7568934181009292 -0.005110463769654849 -0.08713921025997262 -0.4531847820043611 -0.9728029693584423 -1.1211331462826637 -1.211179740174291 -1.392814821688566 -1.2451014022567533 -1.488412233011869 -2.97664806219335 -6.8409421308782115 -6.829223738522452 -6.651597580708831 -6.736401735914987 -6.939623329663556 -7.215005550023909 -7.518758615035049 -7.706252892727203 -7.920884500085329 -8.041152211104968 -8.294022782992414 -8.521606297691115 -8.604560180420044 -8.732537360094788 -8.64742482614243 -8.707250302906044 -8.68566379067175 -8.56539607965211 -8.528390630107607 -8.217853232679975 -7.903306911551689 -7.489462634145649 -6.9279049373077966 -6.371281300409211 -6.188721082656324
0.7920485951682084 0.923726319797403 1.5633038394249192 1.9305829261541243 1.96481296698279 1.6737034305660234 1.0039047938104955 0.23912550322407355 -0.23361911470696883 -0.24410399207791178 -0.5919552177962522 -1.0088832826643341 -1.0313949311372408 -1.330213936209113 -1.5118490177233883 -1.2774811706081943 -1.450173268482548 -3.3898755821069813 -7.322321353702971 -7.288091312874305 -6.976628779208061 -7.057732389459765 -7.1699822530780954 -7.444439337199835 -7.744183478510321 -7.911324758952998 -8.12718988129594 -8.23943974491427 -8.427859158845038 -8.556761474758394 -8.646499689903816 -8.582048531947137 -8.497244376740984 -8.294947919231026 -8.206134840324216 -8.096660385421725 -7.782422443039642 -6.8008528938716655 -7.746033750987546 -7.416993628787662 -7.210996626323254 -6.654372989424669 -6.227576804678053
1.3369538397110343 1.0917927364786935 1.68449668668317 2.1208526125621168 2.1316458686792643 1.6277549973815972 0.8935052026693913 0.22463170215247574 -0.17872769788262088 -0.1944550139390353 -0.6348198635186364 -1.0693255169203577 -1.2589784458359423 -1.7255554888429006 -1.6308832137582105 -1.2071708164736363 -1.624098881341718 -3.754070881374145 -7.590919241646832 -7.562548396996045 -7.253861272045638 -7.265579664401399 -7.348841925876533 -7.583209772991727 -7.883879050540824 -8.051020330983501 -8.251158137270028 -8.368342060827626 -8.545968218641246 -8.580198259469913 -8.62984723760879 -8.533324690046875 -8.386844785599878 -8.201200780384948 -7.972692129447634 -8.025424895048552 -6.886890564062638 -4.521625580676405 -6.5214617498106575 -7.622990631252069 -7.372278710588052 -6.999140427680968 -6.637720537129642
1.6746285668046363 1.732295392344822 2.1933216179201045 2.582803974376012 2.486281426814097 1.9851659642322677 1.547884902114709 1.043994030817042 0.17282407279016976 -0.2030896188327529 -0.7501535145990084 -1.1982278328337144 -1.5568723146692018 -1.5439204073286255 -1.3018430915583263 -1.3536507209206323 -1.945429534886497 -4.123200240580575 -7.770704050683882 -7.7531264621502425 -7.470651530627193 -7.439505277260569 -7.513824555095781 -7.766695126983227 -8.033442742449862 -8.205209704085604 -8.366183409604197 -8.374201257005506 -8.581123395708527 -8.448212156094515 -8.549052006103288 -8.454071352272393 -8.292172510515188 -8.116396625178794 -7.911324758952998 -8.08401685682735 -6.9297552097850215 -4.492329599787006 -6.325332867224785 -7.47188504561201 -7.2510858633298 -6.965835523090913 -6.851735386995358
1.508720801346775 2.150148593451516 2.654347843495387 3.080835649495799 2.944223864927338 2.4492759772695925 2.1297955962020385 2.207815418991702 1.7538819045791163 0.6807238677884913 -0.557725176967586 -0.9913056941306946 -0.5712938418005709 -0.6456131196357835 -1.0869031054539973 -1.5790755843959043 -2.5489267412081213 -4.30483532209485 -7.971766993209022 -7.923043151308758 -7.712112088905084 -7.609421966419084 -7.589068969169607 -7.75590187086608 -8.005071897799077 -8.139833409890311 -8.415215630250664 -8.426934022606424 -8.593766924302898 -8.50803763285813 -8.506804117873314 -8.406272646610743 -8.222787292619243 -8.0362181511657 -7.869385249469227 -7.756827007104692 -7.727531026215294 -6.678734910374801 -7.239367470974041 -7.324171626180196 -7.202362021429536 -7.046939133342619 -6.8390918584009865
1.0917927364786935 1.4646226406395737 2.004902203989337 2.6259769988446005 2.894574886788461 2.7431609224021978 2.448042462284776 2.541789601130853 2.85633592225914 2.4736378982197245 0.5573723693068104 -0.3545035832190164 -0.6739839642865704 -0.9111272201176019 -1.4514067834673645 -2.099618907988598 -2.8310932939849667 -4.309769382034117 -8.159261270901176 -8.047936543521459 -7.746033750987546 -7.824361952523413 -7.806784363989774 -7.883879050540824 -8.096660385421725 -8.170979663256936 -8.307591447825398 -8.471648940806034 -8.582048531947137 -8.687514063148976 -8.485525984385223 -8.379135316944772 -8.294022782992414 -8.12503123007251 -7.926743696263208 -7.6896004404321765 -7.6260744187141105 -7.6251492824754985 -7.763611339521185 -7.702243969026549 -7.54897973216306 -7.2510858633298 -6.91125248501277
0.9548725731640273 1.0624967555892941 1.127873049784585 1.661059901971651 2.205040010275864 2.4258391925580733 2.5633761133651474 2.54302311611567 2.9861633744111087 3.2822069707671435 1.4501288395679763 0.06735854158833243 -0.4315982697700669 -1.0656249719659072 -1.7295644125435552 -2.3515643436374316 -2.9726391384926956 -3.913194314415513 -7.515674827573006 -8.420149690189932 -8.028508682510594 -7.940620739842397 -7.961898873330488 -7.9942786416819285 -8.05379573969934 -8.238514608675658 -8.35754880471048 -8.698307319266123 -8.636939948771486 -8.649583477365859 -8.52345657016834 -8.480591924445957 -8.427859158845038 -8.241290017391496 -7.9541894046753825 -7.798766516588464 -7.736474009855216 -8.024499758809942 -8.333186883760348 -8.206134840324216 -7.872160658185065 -7.536336203568688 -7.18355091791108
0.18639273762315467 0.5663153529467322 0.8475567694849651 0.8299791809513253 1.372109016778313 2.118077203846279 2.4024024078465542 2.3709477757337254 2.6083994103109607 3.100571889252868 1.8679820406746712 0.5126574511072008 -0.48340589913237286 -1.2626789907903926 -1.9845936356544307 -2.4903347794293227 -2.9131220404752844 -3.2470962226144358 -5.176005280121722 -7.45430745707837 -8.087100644289393 -8.141683682367537 -8.201200780384948 -8.257017333447909 -8.291247374276576 -8.406272646610743 -8.435568627500142 -8.628922101370177 -8.706016787921229 -8.677954322016646 -8.721744103977642 -8.633856161309446 -8.50803763285813 -8.327327687582468 -8.10375309658442 -7.931677756202475 -8.051020330983501 -8.426008886367812 -8.56755473087554 -8.374201257005506 -8.063663859577874 -7.713037225143696 -7.338973805997998
-0.6379036509806784 0.04392175687681332 0.5937610613589062 0.686583063966371 1.064347028066519 1.8007554740021545 2.2793592881110767 2.2361862636424883 2.1473731847356783 2.4551351734474727 1.2635596981144337 0.115157247249984 -0.9317885961132835 -1.7863061018451285 -2.4619639347785363 -2.5245648202579893 -2.835102217685621 -2.734570746423051 -3.458952421256723 -5.28147081132356 -8.110537429000914 -8.367416924589014 -8.335962292476186 -8.38191072566061 -8.48460084814661 -8.538258749986142 -8.67302026207738 -8.627996965131565 -8.785270125695707 -8.808706910407228 -8.862364812246758 -8.918181365309719 -8.795138245574243 -8.5792731232313 -8.366183409604197 -8.300807115408906 -8.36926719706624 -8.65914321849819 -8.607643967882087 -8.365258273365583 -7.961898873330488 -7.608496830180472 -7.220864746201789
