static/data/ASCData/20210130/ASCV/21.asc
ncols 97
nrows 97
xllcorner 99.0
yllcorner 2.0
cellsize 0.25
NODATA_value -32767
[rows 0 to 18 of 97, columns 0 to 42 of 97]
-0.11667503096267762 0.4769953335864807 0.414612640897301 0.4613257472711889 0.5775172080619355 0.6224563990039038 1.070665698135639 1.5375011093025321 1.786440574915277 1.5717968076529818 1.6820752170039954 2.508128503134647 2.631415625653073 2.719224439533103 2.6946852760582125 2.3461108936859727 1.7143013473505384 1.4993619275162562 3.5278342239165434 5.112827662336881 4.992497065538322 3.591399526893669 1.827536282421419 0.5355345428398337 0.06396869052115495 -0.4761885584984231 -0.6450061771027904 -0.6098235210363812 -0.33634489194874595 0.07668175111657982 0.07963827683644631 0.2564385148844526 -0.14298810986948807 -0.5054581631250996 -0.6538757542623894 -0.6645192468539083 -0.6831453588890661 -0.8726586575324975 -0.9107978393187732 -1.1283981323009349 -1.5511813102418197 -1.8344164742050137 -1.2135460730330851
-0.5211277494403914 -0.8472325363416471 -0.8179629317149706 -0.4702755070586906 0.16951665872038246 1.4174661650759592 2.006406088473331 2.5220241740180187 1.5913098774040995 1.431066183387344 2.202719396272456 3.1606337295091453 2.784563657942149 2.33842392681432 2.2807716752769265 2.095101860069321 1.724944839942057 2.0395191765358343 4.389957123829564 5.3354540490428155 5.193836467061218 3.7767736895292883 1.9907365021580397 0.8335523354023597 0.7679174644213274 -0.15777073846881962 -0.33250140851291965 -0.5843973998455307 -0.4164667389571233 0.2942820440987415 -0.026796649078741464 -0.5317712420319101 -0.5161016557166187 -0.4176493492450697 -0.2692317581077801 -0.4203102223929496 -0.5444843026273354 -0.20655341284661421 -0.06404887314905716 -0.09627500349560014 -0.5474408283472019 -1.1860503838383283 -0.7496671875860583
-0.7582411121736707 -0.8629021226569387 -0.9066587033109603 -0.6305192010754455 0.10979483917908262 1.299205136281306 1.7024752444710733 2.4575719133249327 2.038632218819874 1.9280581568968742 2.4223892572585237 2.4605284390447997 2.3783370240325157 2.5335546243254976 2.4779719407920107 2.2396759677707845 2.446632768161428 3.440912367752473 5.283714848945155 4.744444557641537 4.479835505713501 3.4485993346241255 1.9750669158427483 1.4026835364766277 1.5298141424308795 1.038439567789096 0.7173608746116131 0.2984211801065544 -0.19590992025509557 0.0004033875440287993 -0.5503973540670679 -0.5932669770051298 -0.5435973449113756 -0.059022779425284444 0.16064708156078344 -0.14801420359326078 -0.4418928601479739 -0.26213609638010116 0.33330818360097725 0.39687348657810295 -0.06789235658488346 -0.7777541819247884 -0.8158933637110641
-0.6810757908851597 -0.30027527816637667 -0.03477926852238067 0.22982978340565552 0.8920915446557127 1.3598139135385656 1.5052749789559892 1.9407712174922986 2.0344930828120615 2.0755887903182035 2.4212066469705773 2.2905282101524858 2.153641069322674 2.1985802602646425 2.4037631452233654 2.4478153784493744 2.678128732026961 3.6596952710225814 5.143871182395477 4.416565855308361 3.6126865120767064 2.6772417743110006 1.9975365113137329 1.5120749881116815 0.9213611492823897 0.36967344995533313 0.24756893772485355 0.13137747693410695 -0.2739621992595662 -0.5690234661022258 -0.7221714983913015 -0.3384144599526522 0.02494255101891918 0.37440389110711925 0.25052546344472004 -0.012309673051396519 -0.395179753774086 -0.280762208415259 -0.014083588483316145 -0.2837187341351255 -0.7993368196798127 -1.223302607908644 -1.191076477562101
-0.37655364173892814 0.05214258764168944 1.0325265163493635 1.2796920665301883 0.7046478140161878 0.8158131810831617 1.3237442997561968 1.7211013565062308 1.7621970640123727 1.6829621747199557 1.985710408434267 2.367693531440996 2.223119423739533 2.10397143722892 3.045329226434359 3.0813988402167283 2.8179723985766385 3.5579907862591797 4.492548566308925 4.022756629422166 3.0757814413489815 1.6977448033192868 0.9858134099754756 0.8900219766518065 0.6254129247237703 0.2747689743476238 0.23396891941346842 0.12457746777841461 -0.03359665823443425 -0.26124913866414134 0.04829910420586314 0.20854279822261823 0.40189958030187567 0.09412525286379125 -0.03862275195820697 -0.27011871582374036 -0.4682059390547839 -0.42740588412062896 -0.37448407373502146 -0.6568322799822557 -1.0278762578254799 -1.3170244732284064 -1.352207129294816
-0.2426230266289835 -0.09036195205586761 0.86075237202513 1.4730488486094462 0.8980045960954457 0.5240040925323552 1.1986832618058512 1.7290839759498704 1.6214664397467358 1.5425272030263049 1.6968578456033274 2.199762870552589 2.05311919484722 2.285502116428713 3.2747556222959853 3.2114859718908466 2.94776387767877 2.777763648786456 3.392129693374679 3.0648422961854767 1.8177797475458597 0.43708223636828514 0.08436871798823242 0.09028176942796495 0.6274824927276765 0.9243176750022557 0.8305958096824932 0.662665148794086 0.5044910227812376 0.8598654143091697 1.2779181510982687 1.0943179038945696 0.4311691849285526 0.12339485749046775 -0.1645707476245124 -0.38542321889852715 -0.7026584286401838 -0.7526237133059248 -0.6178061404800201 -0.958397903408621 -1.3306244915397916 -1.2318765324962564 -1.3959637099488373
-0.29643179473055037 -0.19088382653132285 -0.03566622623834048 0.6907521431328161 1.3509443363789666 1.0786483175792783 1.4730488486094462 1.827536282421419 1.66936215640857 1.413622681640133 1.5756402910888072 1.7231709245101374 1.5259706589950532 2.1137279721044795 2.7700766819148033 2.6917287503383456 2.3452239359700124 2.0726322645983375 2.332510875374587 1.8763189567992127 0.5863867852215345 0.36967344995533313 0.07668175111657982 -0.17639685050397746 0.2035167044988455 0.5990998458169599 0.47019532443078793 0.3040385789743003 0.7220913157633992 1.2699355316546295 1.6294490591903745 1.701588286755113 0.8852915355000204 0.4027865380178359 0.09412525286379125 -0.19088382653132285 -0.8853717181279228 -0.8688151740966714 -0.5308842843159503 -0.898971736439308 -1.4683985900855625 -1.269128756566572 -1.2975114034772888
-0.05133581255363184 0.6703521156657382 0.5142475576567964 0.6508390459146205 1.2749616253784022 1.3911530861691488 1.7045448124749791 1.727901365661923 1.4408227182629032 1.156700596583749 1.2835355499660146 1.362770439258432 1.1490136297120968 1.4760053743293122 2.1761106647936588 2.1459541024510225 1.824579756701552 1.8987885522701973 2.109884488668653 1.5315880578627992 1.252492029907418 1.2817616345340945 1.4585618725821012 0.9234307172862959 -0.05606625370541796 -0.5347277677517766 -0.5474408283472019 -0.33161445079695984 0.30019509553847445 0.28068202578735635 0.44476920323993774 1.1771006240508268 1.2796920665301883 0.7767870415809259 0.43796919408424495 0.06988174196088748 -0.8451629683377408 -0.5601538889426267 -0.33161445079695984 -0.5424147346234287 -1.0397023607049451 -1.3658071476062008 -1.0062936200704555
0.5316910594040078 1.2631355224989367 1.1244744662372064 1.057065679824254 1.0677091724157726 0.8530654051534774 0.4299865746406062 0.8187697068030282 0.8353262508342794 0.9574307630647585 1.2143528481211425 1.2779181510982687 1.0523352386724678 1.252492029907418 1.8636058962037882 1.774910124607798 1.5200576075553203 1.6548751803812252 2.145067144735062 1.8843015762428523 2.143884534447116 2.97407695658558 3.3111208886503416 2.5737633741156793 1.2427354950318592 0.822613190238854 0.5970302778130536 0.39598652886214314 0.11570789061881559 -0.3061883296061092 -0.6538757542623894 -0.4350928509922811 0.31793424985767205 0.6682825476618319 0.5520910868710853 0.09116872714392477 -0.8481194940576071 -0.6441192193868306 -0.9447978850972361 -1.0181197229499208 -1.1538242534917853 -1.5494073948098999 -1.3102244640727139
-0.2973187524465102 -0.21542299000621323 0.07756870883253963 0.5970302778130536 0.6809956082572572 0.15473403012105091 0.6733086413856046 1.0032569117226866 1.0277960751975774 0.9896568934113015 1.024839549477711 1.0502656706685611 0.7005086780083749 0.8900219766518065 1.5103010726797619 1.7358839851055627 1.8402493430168443 2.1761106647936588 2.2044933117043755 1.7465274776970814 2.196806344832723 3.2573121205487743 3.7797302152491543 3.0911553750922867 2.256232511802036 2.006406088473331 1.4331357513912506 0.9467872704732399 0.7454478689503432 0.7691000747092738 0.6109259486964254 0.29546465438668834 0.40189958030187567 0.6233433567198636 0.7377609020786906 0.5834302595016685 0.03647300132639808 -0.29436222672664414 -0.9371109182255835 -1.1363807517445739 -1.1449546763321863 -1.3072679383528476 -1.174224280958863
-0.3159448644816685 0.3812039002628116 0.5707171989062432 0.12753399349828065 -0.2760317672634729 -0.02797925936668788 1.1957267360859847 0.8042827307756828 1.156700596583749 1.2122832801172359 1.0969787770424495 1.0600222055441204 1.38139655129359 1.354787819814793 1.1664571314593082 1.1176744570815136 1.5717968076529818 2.5737633741156793 2.883311616985684 2.4954154425392217 2.42623274069435 2.8939551095772025 2.821815882012465 2.0874148931976686 1.8109797383901673 2.094214902353361 1.780823176047531 1.675275207848303 1.865675464207694 2.5042850196988207 2.231989000899132 1.436979234827077 1.1283179496730322 1.006213437442553 0.7915696701802579 0.6567520973543535 0.6576390550703133 0.1538470724050911 -0.5347277677517766 -0.9977196954828431 -1.0240327743896536 -0.6139626570441941 -0.2310925763215046
-0.0004835701719310137 0.39214304542631684 1.138074484548591 0.7747174735770197 0.40781263174160864 0.8628219400290362 0.7327348083549179 0.4722648924346946 0.9680742556562776 1.2415528847439128 1.1253614239531662 1.0647526466959065 1.5404576350223982 1.4751184166133529 1.114717931361647 0.8501088794336109 0.8128566553632952 1.5082315046758552 1.478074942333219 1.5502141698979575 1.8606493704839213 2.4241631726904433 2.346997851401932 1.4828053834850046 1.0493787129526013 1.2161267635530622 1.1859702012104258 1.2817616345340945 2.0874148931976686 2.889224668425417 2.531780708893578 1.5091184623918155 1.40948354563232 1.5179880395514145 1.3577443455346594 0.895935028091539 0.6839521339771233 0.32562121672932465 -0.1861533853795363 -0.669545340577681 -0.7759802664928688 -0.40375367836169795 -0.08060541718030878
0.47995185930634676 -0.15097072931312727 0.6097433384084785 1.3296573511959293 1.240665927027953 1.0150830146021521 1.0053264797265933 0.8140392656512416 1.0579526375402137 1.3139877648806375 0.9858134099754756 0.805169688491643 0.6050128972566924 0.3510473379201753 0.5219345245284486 0.9710307813761436 1.042578703796909 0.2357428348453885 -0.07380540802461599 0.24934285315677363 0.5727867669101494 1.2288398241484875 1.634179500342161 0.9946829871350742 0.6381259853191956 0.5142475576567964 0.5766302503459757 0.9379176933136408 1.7329274593856958 1.9407712174922986 1.5794837745246335 1.179170192054733 1.2016397875257172 1.3618834815424723 1.5638141882093421 1.32167473175229 0.9184046235625232 0.8912045869397529 0.45452573811549657 0.043273010482090424 -0.06996192458878969 -0.05340538055753852 0.23958631828121435
0.5423345519955265 0.14113401180966578 -0.0406923199621132 1.0824918010151041 1.3695704484141245 1.2075528389654497 1.3071877557249452 1.1948397783700249 1.1694136571791742 0.9175176658465634 0.753430488393982 0.4231865654849134 0.06692521624102099 -0.4262232738326821 0.10595135574325676 0.3764734591110255 0.2789081103554367 -0.08356194290017482 -0.1489011613092206 0.32857774244919113 0.4604387895552291 0.28363855150722284 0.5121779896528897 0.35784734707586763 0.23396891941346842 0.18902972847150057 0.5101084216489835 0.7368739443627308 0.9535872796289326 0.7152913066077065 0.3120211984179395 0.2641254817561052 0.2789081103554367 0.44565616095589755 0.7992566370519101 1.0969787770424495 1.1626136480234819 1.4174661650759592 1.2377094013080865 0.8217262325228942 0.8391697342701057 0.5931867943772273 0.6792216928253372
0.47492576558257404 0.7484043946702092 0.35991691507977386 0.5940737520931871 1.0990483450463557 1.0833787587310644 1.0286830329135372 1.139257094836538 0.7767870415809259 0.32857774244919113 0.16537752271256956 0.049186061921822954 0.24845589544081337 -0.08740542633600112 0.04741214648990333 -0.23789258547719738 -0.40375367836169795 -0.3549710039839038 0.06189912251724827 0.5189779988085825 0.7504739626741159 0.12162094205854812 -0.25829261294427486 -0.2467621626367964 -0.17817076593589753 0.0012903452599886123 0.4222996077689536 0.8412393022740119 0.9145611401266969 0.40189958030187567 -0.12258808240241059 -0.5122581722807924 -0.4995451116853671 -0.26509262209996765 0.36553431394752023 0.828526241678587 1.266979005934763 1.6871013107277681 1.5463706864621312 1.102891828482182 1.3071877557249452 0.9408742190335073 0.7572739718298083
0.6390129430351554 1.0969787770424495 1.12063098280138 1.0091699631624196 0.796300111332044 0.8217262325228942 0.4681257564268817 0.6487694779107143 0.11955137405464189 -0.0746923657405758 -0.21157950657038693 -0.32481444164126705 -0.07084888230474995 0.2564385148844526 0.2250993422538694 -0.280762208415259 -0.3082578976100159 -0.26509262209996765 -0.34905795254417127 0.06012520708532865 0.6156563898482115 0.24372545428902725 -0.20064036140688168 -0.5025016374052336 -0.4389363344281074 -0.2680491478198337 0.10979483917908262 0.677152124821431 1.079535275295238 0.598212888101 0.33833427732474997 -0.11490111553075799 -0.0814923748962686 0.15177750440118443 0.8450827857098382 0.9497437961931063 1.3784400255737235 1.6850317427238615 1.5425272030263049 0.7827000930206589 0.9018480795312716 0.5266649656802347 0.2641254817561052
1.1049613964860883 0.9887699356953417 1.4124400713521865 0.6665086322299123 0.350160380204215 0.4965084033375984 0.4193430820490871 0.14497749524549208 -0.2310925763215046 -0.07971845946434897 -0.09243152005977384 -0.25444912950844856 -0.5016146796892738 -0.2467621626367964 0.045342578485996654 -0.04364884568197969 0.07963827683644631 0.2993081378225142 0.16360360728064993 -0.2310925763215046 0.16449056499660974 0.3451342864804423 -0.05724886399336482 -0.34905795254417127 -0.4330232829883749 -0.24084911119706343 -0.009353147331530032 0.1127513648989491 0.9819699265396493 0.7572739718298083 0.6156563898482115 0.8696219491847286 1.0647526466959065 0.9807873162517025 1.0727352661395453 1.0943179038945696 0.9027350372472318 1.217309373841009 1.2279528664325277 0.25525590459650616 0.232786309125522 0.2729950589157042 -0.03862275195820697
0.9175176658465634 1.4692053651736199 1.4153965970720526 0.697847804860495 0.3460212441964021 0.5325780171199677 0.7895001021763512 0.589343310941401 0.28866464523099555 0.07963827683644631 -0.16752727334437845 -0.32481444164126705 -0.37271015830310184 -0.3168318221976283 -0.13234461727796942 0.02878603445474548 0.21829933309817706 0.5588910960267777 0.8480393114297047 0.5745606823420695 -0.10307501265129293 0.3891865197064508 0.40869958945756846 -0.0894749943399078 -0.4350928509922811 -0.06877931430084328 0.24549936972094732 0.5083345062170634 0.1204383317706017 -0.12258808240241059 0.13522096036993325 0.6966651945725486 0.8891350189358467 0.8509958371495707 1.0668222146998128 1.0591352478281602 0.1050643980272965 -0.7144845315196491 -0.7076845223639565 -0.1725533670681516 -0.0776488914604423 0.01991645729514646 0.03174256017461197
0.677152124821431 1.2533789876233778 1.4993619275162562 1.4437792439827692 0.8675523811808223 0.3832734682667178 0.47788229130244053 0.630439018447543 0.9290481161540418 0.4944388353336917 0.15562098783701073 0.09530786315173767 0.13817748608979974 -0.02590969136278165 -0.3082578976100159 -0.17344032478411142 -0.1725533670681516 0.14290792724158585 0.6635521065100458 0.8743523903365151 0.44181267752007125 -0.06700539886892365 0.1615340392767437 0.2777255000674903 0.265012439472065 0.32650817444528446 0.47788229130244053 0.8501088794336109 -0.20655341284661421 -0.7467106618661921 -0.5716843392501056 -0.11874459896658429 0.07283826768075352 0.13729052837383948 -0.5563104055068004 -1.0787285002071805 -1.6783119161960718 -1.7194076237022136 -0.802293345399679 0.17424709987216858 0.4633953152750956 0.3891865197064508 0.36760388195142646
