static/data/pressure/2023/7/7/0.asc
ncols 137
nrows 93
xllcorner 108.0
yllcorner 17.0
cellsize 0.25
NODATA_value -32767
[rows 57 to 75 of 93, columns 43 to 85 of 137]
100.93079329307373 100.87484400035098 100.8169094101445 100.77070612325089 100.75753096722264 100.7802716474906 100.79525161941314 100.80364401332153 100.80499762524225 100.80463666206339 100.80174895663254 100.79877101040698 100.80391473570567 100.81510459425024 100.82737734233136 100.83838671928648 100.8507497081623 100.8602249916073 100.86663208803199 100.8731294252514 100.88188278233868 100.89108734339952 100.89938949651322 100.91464019081991 100.92709342049045 100.9421636332077 100.95741432751439 100.97239429943693 100.98638162261761 101.00515170791815 101.01471723215785 101.02834359215969 101.03962369149895 101.05063306845408 101.06290581653519 101.07202013680131 101.08266855057758 101.09259503799613 101.10234104382526 101.11208704965438 101.12084040674165 101.1281499111135 101.1377154353532
100.91572308035647 100.85796897173944 100.82809926868907 100.80039534471183 100.81447290868724 100.83766479292876 100.84362068537989 100.84777176193674 100.84921561465218 100.84362068537989 100.83558925465033 100.81835326285993 100.81510459425024 100.83053577014635 100.84578646445303 100.85616415584515 100.85986402842843 100.86410534578 100.8724074988937 100.87872435452368 100.88747771161094 100.89947973730793 100.9113915222102 100.92438619664902 100.94414893069141 100.95723384592496 100.97338694817878 100.98908884645904 101.00325665122915 101.02148529176141 101.03186298315353 101.0438650088505 101.05523534898448 101.06579352196604 101.07698338051058 101.089165887797 101.09828020806312 101.10847741786581 101.11659908939009 101.12535244647735 101.13464724833291 101.14114458555233 101.15188324012331
100.89045565783651 100.86013475081258 100.83558925465033 100.85526174789801 100.87601713068226 100.88576313651137 100.89316288167794 100.90227720194406 100.89045565783651 100.87935604008669 100.86112739955443 100.85724704538173 100.84786200273146 100.83486732829262 100.84822296591032 100.85571295187158 100.86410534578 100.86708329200556 100.8731294252514 100.88278519028583 100.89198975134666 100.90299912830177 100.92285210313888 100.93503461042528 100.95723384592496 100.9722138178475 100.98809619771718 101.00515170791815 101.02022192063541 101.03538237414739 101.04846728938094 101.05902546236248 101.07012508011232 101.08113445706744 101.09124142607541 101.10396537813011 101.11208704965438 101.12264522263592 101.1307668941602 101.13924952886332 101.14899553469246 101.15558311270658 101.1672241752247
100.89153854737309 100.87276846207254 100.88621434048495 100.90588683373262 100.92546908618559 100.93277859055745 100.95136819426855 100.94514157943327 100.93322979453102 100.92014487929745 100.91184272618376 100.93359075770987 100.89090686181008 100.865368716906 100.84398164855875 100.85165211610945 100.86175908511743 100.87123436856241 100.87448303717211 100.88883132353166 100.89839684777137 100.91436946843577 100.93503461042528 100.95028530473198 100.96995779797965 100.98647186341233 101.002985928845 101.01986095745654 101.03565309653153 101.04801608540737 101.06227413097218 101.07084700647002 101.08212710580929 101.09376816832741 101.10351417415654 101.11659908939009 101.12408907535135 101.13464724833291 101.14340060542017 101.15197348091802 101.16289261707843 101.17110452939741 101.18301631429968
100.9088647799582 100.92366427029131 100.93711014870371 100.95434614049411 100.97401863374178 100.98015500778234 101.00821989493843 100.99558618367845 101.02139505096669 101.00821989493843 101.0789686779943 101.06525207719775 100.96174588566066 100.85020826339401 100.82891143584149 100.84750103955261 100.8545398215403 100.8750244819404 100.87827315055011 100.89316288167794 100.9127451341309 100.9287177547953 100.94811952565884 100.96779201890652 100.98421584354449 101.00415905917629 101.02058288381426 101.0361043005051 101.05234764355365 101.06173268620391 101.07572000938458 101.084112403293 101.09449009468513 101.10622139799796 101.11533571826409 101.12833039270292 101.13609110104834 101.14646879244046 101.15540263111714 101.16578032250928 101.1767896994644 101.18852100277724 101.20016206529536
100.95416565890467 100.97022852036379 100.98078669334535 100.99748124036746 101.01859758633057 101.02148529176141 101.05072330924878 101.05487438580563 101.08952685097584 101.34490830001678 101.45915314612486 101.24428981391056 100.98466704751806 100.86076643637557 100.83351371637191 100.85508126630859 100.85336669120902 100.87637809386112 100.88386807982239 100.90227720194406 100.92285210313888 100.94414893069141 100.96102395930295 100.98448656592863 100.9983836483146 101.01940975348299 101.0361043005051 101.05135499481179 101.06823002342333 101.07653217653701 101.08961709177056 101.0974680409107 101.1077554915081 101.11903559084737 101.1282401519082 101.14024217760517 101.14926625707659 101.15964394846871 101.17083380701328 101.18148222078953 101.1940256912548 101.20702036569362 101.21811998344347
100.99928605626174 101.00596387507058 101.01841710474113 101.0348409293791 101.05288908832193 101.0572206464682 101.09629491057942 101.11741125654251 101.23084393549816 101.51573412441061 101.72527324973679 101.33552325736653 100.98611090023347 100.86121764034915 100.83387467955076 100.85778849015001 100.85697632299758 100.87610737147698 100.89433601200922 100.91409874605162 100.94171242923413 100.96526527665452 100.97835019188807 101.00063966818246 101.01453675056842 101.03628478209453 101.05288908832193 101.06696665229732 101.08339047693529 101.09124142607541 101.10279224779883 101.1109139193231 101.12065992515222 101.13175954290206 101.14213723429418 101.15314661124931 101.16352430264142 101.17498488357012 101.18662594608824 101.19953037973235 101.21252505417118 101.22497828384174 101.23409260410786
101.02897527772268 101.03709694924694 101.05225740275893 101.06759833786033 101.0783369924313 101.09773876329484 101.12264522263592 101.13988121442632 101.24248499801627 101.4382172817512 101.57042004600736 101.09936309759969 100.87953652167612 100.81185592564053 100.82412867372165 100.84479381571118 100.86139812193858 100.88034868882855 100.90146503479163 100.92501788221202 100.95091699029498 100.97483080089421 100.99296920063175 101.01471723215785 101.03375803984254 101.05352077388493 101.06958363534405 101.0840221624983 101.09800948567899 101.1071238059451 101.11777221972137 101.12571340965621 101.13527893389592 101.14628831085103 101.15711720621671 101.16839730555598 101.18048957204768 101.1921306345658 101.20503506820992 101.21821022423818 101.23084393549816 101.24338740596342 101.24934329841454
101.05388173706378 101.0641691876612 101.07752482527887 101.09024877733356 101.10225080303054 101.12634509521921 101.12237450025178 101.18121149840539 101.34860817260007 101.52277290639832 101.48812044122809 100.94983410075841 100.78090333305359 100.80833653464667 100.83053577014635 100.83333323478247 100.86248101147514 100.88648506286908 100.90913550234234 100.93665894473014 100.96084347771352 100.98466704751806 101.01065639639572 101.02996792646454 101.05135499481179 101.06714713388675 101.08375144011416 101.09909237521555 101.11046271534953 101.12210377786764 101.13013520859721 101.13897880647917 101.14926625707659 101.16090731959471 101.17308982688111 101.18436992622038 101.19574026635436 101.20837397761433 101.22272226397389 101.23634862397572 101.24708727854669 101.25665280278638 101.26008195298552
101.07436639746388 101.08375144011416 101.09828020806312 101.11073343773367 101.1192160724368 101.14538590290388 101.14087386316818 101.26450375192651 101.58747555620833 101.73664358987075 101.36566368280104 100.89947973730793 100.77702297888088 100.81158520325639 100.8257530080265 100.82972360299392 100.87403183319854 100.8916287881678 100.92402523347016 100.95272180618925 100.97835019188807 101.0028956880503 101.02789238818612 101.04422597202937 101.06660568911848 101.0814954202463 101.09828020806312 101.11298945760151 101.12228425945707 101.13609110104834 101.14240795667831 101.15314661124931 101.163343821052 101.17453367959654 101.18825028039309 101.19962062052707 101.21351770291304 101.22551972861001 101.238785125433 101.25096763271941 101.26089412013795 101.2676621797415 101.2694669956358
101.09385840912213 101.10035574634155 101.11659908939009 101.12941328223948 101.13004496780249 101.16884850952957 101.15314661124931 101.27091084835122 101.57529304892194 101.56473487594037 101.07102748805946 100.84461333412175 100.81113399928282 100.81573627981324 100.82566276723179 100.84100370233318 100.88639482207438 100.90245768353348 100.94378796751256 100.9676115373171 100.99414233096303 101.02013167984069 101.04151874818794 101.0611010006409 101.08077349388859 101.09629491057942 101.11145536409138 101.12526220568263 101.13464724833291 101.14791264515588 101.15386853760702 101.16677297125113 101.17724090343796 101.1896038923138 101.20503506820992 101.21396890688662 101.22885863801444 101.24058994132727 101.25313341179255 101.26513543748952 101.27190349709308 101.27650577762348 101.27758866716006
101.1109139193231 101.11298945760151 101.12914255985535 101.13825688012147 101.13789591694263 101.17976764568996 101.16226093151542 101.26549640066837 101.45572399592572 101.42016912280836 100.9318761826103 100.78397152007386 100.8078853306731 100.81221688881938 100.82809926868907 100.86383462339586 100.90101383081806 100.92763486525874 100.96688961095937 100.98963029122733 101.01589036248915 101.0425113969298 101.05785233203119 101.07996132673615 101.09566322501641 101.11235777203852 101.12670605839807 101.13762519455848 101.14791264515588 101.15874154052158 101.16758513840357 101.17985788648468 101.19140870820809 101.20413266026279 101.21902239139061 101.22849767483558 101.24347764675812 101.25439678291855 101.26703049417851 101.27677650000763 101.28201046610106 101.28589082027376 101.28562009788962
101.12526220568263 101.12796942952406 101.14123482634703 101.14484445813561 101.14899553469246 101.17588729151726 101.16659248966171 101.22786598927259 101.30475114636901 101.25908930424366 100.8398305720019 100.77052564166146 100.83234058604063 100.83008456617279 100.86545895770071 100.89713347664537 100.92835679161645 100.96021179215053 100.99161558871104 101.01336362023714 101.03637502288923 101.05947666633605 101.07590049097402 101.09809972647369 101.11037247455481 101.12733774396106 101.13834712091618 101.14926625707659 101.15973418926343 101.17002163986085 101.18003836807411 101.19285256092351 101.20449362344164 101.21748829788046 101.23084393549816 101.2420337940427 101.25737472914409 101.26612808623138 101.2791227606702 101.2867932282209 101.29076382318831 101.29311008385089 101.29238815749318
101.13545941548534 101.13988121442632 101.14583710687745 101.15350757442816 101.15341733363346 101.16803634237714 101.16316333946257 101.19176967138694 101.25177979987183 101.12390859376193 100.81889470762822 100.80878773862024 100.85426909915616 100.85526174789801 100.89713347664537 100.93783207506142 100.96147516327653 100.99666907321503 101.01850734553585 101.04115778500908 101.06453015084004 101.08059301229916 101.09809972647369 101.11488451429052 101.12670605839807 101.14312988303604 101.15134179535502 101.1615390051577 101.17137525178155 101.18139197999481 101.1940256912548 101.20566675377292 101.21739805708576 101.23012200914044 101.2420337940427 101.2534943749714 101.26721097576794 101.27587409206049 101.28841756252577 101.29401249179803 101.29798308676546 101.2995171802756 101.29924645789146
101.1486345715136 101.15395877840173 101.15964394846871 101.16162924595243 101.16199020913129 101.16433646979385 101.15838057734271 101.170292362245 101.12923280065006 100.99684955480446 100.88287543108054 100.88585337730609 100.90011142287094 100.91608404353534 100.95651191956725 100.98123789731892 101.00361761440801 101.0334873174584 101.04900873414921 101.07202013680131 101.08501481124016 101.10152887667283 101.11596740382709 101.1307668941602 101.14385180939375 101.15666600224314 101.16451695138328 101.17534584674897 101.18527233416754 101.19447689522836 101.20864469999847 101.2183907058276 101.2311146578823 101.24320692437398 101.25484798689212 101.26666953099966 101.27578385126577 101.28516889391605 101.2950953813346 101.29978790265973 101.30384873842188 101.30547307272673 101.30511210954788
101.16126828277358 101.16641200807229 101.16920947270842 101.17083380701328 101.16875826873485 101.16541935933043 101.15684648383258 101.14376156859903 101.10486778607725 101.05776209123648 100.98990101361147 100.97573320884135 100.96860418605894 100.98845716089603 101.004880985534 101.02825335136497 101.04702343666551 101.07165917362245 101.08302951375644 101.09891189362612 101.10983102978652 101.12273546343064 101.13699350899549 101.14691999641403 101.16162924595243 101.16984115827142 101.17985788648468 101.18987461469794 101.19953037973235 101.20936662635619 101.22127841125847 101.23021224993515 101.24347764675812 101.25439678291855 101.26612808623138 101.27560336967635 101.28264215166405 101.29184671272489 101.29753188279189 101.30285608968002 101.30700716623687 101.30863150054171 101.30872174133643
101.17516536515954 101.17850427456396 101.17985788648468 101.17976764568996 101.17814331138511 101.17137525178155 101.16171948674715 101.14538590290388 101.12390859376193 101.09575346581113 101.07202013680131 101.05361101467963 101.0489184933545 101.05622799772634 101.06723737468147 101.08050277150444 101.09521202104284 101.10252152541469 101.11551619985352 101.12426955694077 101.13311315482277 101.14448349495675 101.15540263111714 101.16514863694628 101.1761580139014 101.18202366555782 101.1940256912548 101.20259856675264 101.21252505417118 101.22389539430516 101.23264875139243 101.24176307165855 101.25358461576612 101.26477447431066 101.27461072093449 101.28264215166405 101.28751515457863 101.2957270668976 101.29924645789146 101.30610475828973 101.30953390848886 101.31124848358843 101.31278257709856
101.18400896304153 101.18797955800896 101.18978437390322 101.1888819659561 101.18554305655167 101.17913596012697 101.17227765972869 101.15991467085286 101.1454761436986 101.13013520859721 101.11596740382709 101.1071238059451 101.10441658210367 101.10558971243496 101.11145536409138 101.11903559084737 101.12616461362978 101.13284243243862 101.14087386316818 101.14303964224132 101.15323685204402 101.16316333946257 101.17191669654983 101.18112125761068 101.18816003959839 101.19565002555964 101.20503506820992 101.21423962927075 101.22497828384174 101.23571693841272 101.24320692437398 101.25448702371325 101.26152580570096 101.27100108914594 101.2796642054385 101.28616154265791 101.29139550875132 101.29536610371873 101.2988854947126 101.30538283193202 101.30998511246243 101.31323378107214 101.3155800417347
101.19501833999665 101.19709387827507 101.19727435986451 101.19601098873851 101.19185991218166 101.18626498290939 101.17715066264326 101.16812658317185 101.15801961416386 101.14971746105017 101.14123482634703 101.13798615773734 101.13491797071705 101.13798615773734 101.14195675270474 101.14664927402988 101.14935649787131 101.15278564807045 101.15440998237531 101.16316333946257 101.17137525178155 101.17823355217982 101.18590401973053 101.19411593204951 101.1991694165535 101.20783253284606 101.21541275960205 101.22651237735187 101.23761199510172 101.2464555929837 101.25358461576612 101.26161604649566 101.26703049417851 101.27479120252391 101.28210070689578 101.28760539537333 101.29283936146675 101.2938320102086 101.30060006981216 101.30574379511087 101.31070703882014 101.31476787458227 101.31774582080784
