static/data/pressure/2023/7/7/12.asc
ncols 137
nrows 93
xllcorner 108.0
yllcorner 17.0
cellsize 0.25
NODATA_value -32767
[rows 19 to 37 of 93, columns 86 to 128 of 137]
100.33448212160286 100.31535107312347 100.30073206437979 100.29603954305465 100.28728618596739 100.27365982596555 100.25452877748616 100.25335564715488 100.26237972662628 100.27735969854882 100.29721267338593 100.34549149855798 100.42652773221126 100.50648107632797 100.57984684243053 100.64310563952513 100.71159840271315 100.75933578311691 100.7982295656387 100.83170890047764 100.84984730021517 100.84849368829445 100.82313602497979 100.8532764504143 100.88233398631225 100.90227720194406 100.91436946843577 100.96995779797965 100.9728455034105 100.95335349175225 100.94487085704912 101.0425113969298 101.17173621496042 101.29283936146675 101.4057305956541 101.36566368280104 101.31846774716556 101.2528626894084 101.18021884966353 101.07599073176873 101.05126475401707 101.07734434368945 101.12490124250378
100.33637717829187 100.33240658332444 100.3270823764363 100.32383370782661 100.3130048124609 100.29874676689607 100.28575209245724 100.27763042093297 100.27023067576641 100.27546464185983 100.30966590305648 100.41560859605084 100.53274114758977 100.64048865647842 100.73127089596083 100.79489065623427 100.81627772458151 100.80490738444753 100.78658850312057 100.80689268193125 100.8213312090855 100.83071625173578 100.84100370233318 100.87908531770255 100.89325312247266 100.89487745677751 100.89902853333436 100.95578999320954 100.96039227373996 100.94820976645356 100.9587679394351 101.04585030633422 101.12896207826591 101.19312328330766 101.24022897814841 101.20377169708392 101.18915268834023 101.17687994025911 101.16866802794013 101.09196335243313 101.07626145415287 101.10053622793097 101.13933976965804
100.32726285802573 100.32464587497903 100.32690189484687 100.33385043603987 100.33177489776143 100.33177489776143 100.3270823764363 100.31201216371905 100.31923142729619 100.34973281590955 100.47525776135689 100.60060222521479 100.6813677364839 100.71990055582684 100.77034516007203 100.81384122312424 100.80201967901668 100.77449623662888 100.73885112271681 100.74634110867808 100.76411854523677 100.79434921146598 100.83351371637191 100.85390813597729 100.85390813597729 100.85751776776587 100.90660876009034 100.96661888857524 100.96553599903866 100.94766832168527 100.96273853440252 101.0207633654037 101.0533402922955 101.09313648276441 101.1307668941602 101.13672278661134 101.13888856568447 101.16199020913129 101.18274559191553 101.14123482634703 101.12499148329849 101.13401556276992 101.14565662528803
100.32654093166802 100.32987984107244 100.33989656928571 100.3538838924664 100.37148084743565 100.37662457273434 100.3992750122076 100.42670821380068 100.45901441830834 100.56324253620313 100.68308231158348 100.72441259556255 100.71096671715014 100.73190258152381 100.72910511688768 100.71737381357484 100.71791525834313 100.72423211397312 100.72125416774756 100.72612717066212 100.7420095505318 100.77233045755574 100.82728710153664 100.85724704538173 100.8743927963774 100.93476388804115 101.01038567401157 101.02238769970855 100.99125462553218 100.97176261387393 100.98827667930661 101.01020519242215 101.03926272832008 101.05676944249463 101.089165887797 101.1109139193231 101.13284243243862 101.15522214952772 101.17173621496042 101.17002163986085 101.15522214952772 101.15549287191186 101.16415598820443
100.34738655524698 100.35460581882411 100.36949554995194 100.38564865220577 100.41046487075214 100.44926841247921 100.48608665672258 100.52470971686022 100.59852668693635 100.67838979025835 100.73524149092823 100.7202615190057 100.68470664588834 100.68091653251034 100.6819091812522 100.6786605126425 100.68371399714648 100.72486379953612 100.75590663291777 100.7598772278852 100.76077963583234 100.78135453702716 100.84334996299575 100.90462346260662 100.9805159709612 101.1006264687257 101.13383508118048 101.02933624090154 100.99748124036746 100.98304271321321 101.00226400248731 101.02004143904598 101.03890176514123 101.05234764355365 101.07761506607359 101.1071238059451 101.13175954290206 101.14971746105017 101.1659608040987 101.1729995860864 101.17633849549082 101.17561656913311 101.18427968542568
100.37409783048237 100.38916804319962 100.40496018227459 100.42373026757512 100.45666815764578 100.50124711023454 100.5297632013642 100.57659817382084 100.61964303289946 100.66016114972611 100.6729753425755 100.67721665992707 100.6518589966124 100.67685569674822 100.75563591053363 100.76186252536891 100.82051904193308 100.88089013359682 100.92573980856973 100.85950306524958 100.8520130792883 100.81934591160179 100.87141485015184 100.96535551744924 101.05911570315719 101.155763594296 101.12986448621307 101.03899200593594 100.97916235904049 100.99152534791632 101.01426602818428 101.02933624090154 101.04801608540737 101.06453015084004 101.08546601521373 101.11425282872752 101.13825688012147 101.155763594296 101.1723679005234 101.18310655509438 101.18924292913493 101.19176967138694 101.20178639960021
100.41199896426228 100.42697893618482 100.45666815764578 100.47986004188729 100.51749045328309 100.54699919315459 100.57551528428426 100.58201262150368 100.59924861329407 100.62451603581403 100.63796191422642 100.64211299078327 100.69634770840646 100.78658850312057 100.87746098339768 100.8718660541254 100.93575653678299 100.9862913818229 101.03790911639938 100.96959683480078 100.90561611134848 100.86239077068043 100.9012845532022 100.96896514923779 101.0629960573299 101.09773876329484 101.05451342262677 100.99748124036746 101.00524194871286 101.017514696794 101.03276539110068 101.04675271428137 101.06588376276076 101.08510505203486 101.10613115720324 101.13103761654435 101.15052962820259 101.16785586078771 101.18283583271025 101.19312328330766 101.20214736277907 101.20900566317734 101.21902239139061
100.45585599049335 100.493215679505 100.52461947606551 100.55539158706301 100.59563898150552 100.62072592243604 100.65339309012253 100.65601007316926 100.63435228243786 100.61765773541575 100.63354011528543 100.69291855820732 100.77801562762274 100.90850381677934 100.94802928486412 100.94234411479714 100.88865084194224 100.9113915222102 100.9650847950651 100.94478061625442 100.88314615346468 100.88684602604795 100.9197839161186 100.97320646658936 101.00713700540186 101.03375803984254 101.02184625494026 101.02139505096669 101.0322239463324 101.04476741679765 101.05487438580563 101.07021532090704 101.09115118528071 101.11064319693895 101.12670605839807 101.14854433071888 101.16451695138328 101.18166270237896 101.1966426743015 101.20747156966719 101.21775902026461 101.22488804304702 101.23472428967087
100.5277779038805 100.5681155391177 100.60087294759893 100.62334290548274 100.66476343025651 100.73397811980225 100.77413527345003 100.76790865861474 100.69300879900204 100.65853681542124 100.66449270787237 100.72847343132469 100.8225945802115 100.91996439770803 100.9197839161186 100.87899507690783 100.82223361703265 100.84226707345918 100.8807096520074 100.88224374551754 100.88937276829995 100.9127451341309 100.938914964598 100.95885818022981 100.98890836486962 101.017514696794 101.02626805388125 101.03790911639938 101.05216716196422 101.06335702050876 101.07815651084188 101.09900213442084 101.12020872117866 101.13663254581662 101.15152227694445 101.16740465681413 101.18301631429968 101.20034254688478 101.2132469805289 101.22335394953687 101.23165610265058 101.24086066371142 101.25114811430883
100.56946915103842 100.61504075236904 100.65086634787055 100.65709296270582 100.6812774956892 100.77214997596631 100.85571295187158 100.87015147902584 100.76691600987289 100.71078623556072 100.70762780774572 100.74399484801552 100.82024831954894 100.87213677650955 100.85670560061344 100.83315275319305 100.82864071345735 100.84885465147332 100.87249773968841 100.89108734339952 100.91121104062077 100.93647846314072 100.95199987983153 100.96959683480078 100.9913448663269 101.01489771374729 101.03529213335267 101.05640847931576 101.07274206315903 101.08988781415471 101.10928958501825 101.1282401519082 101.14601758846689 101.16171948674715 101.17660921787497 101.19258183853937 101.20774229205134 101.22109792966903 101.23228778821358 101.2414021084797 101.25051642874583 101.2618867688798 101.27154253391423
100.5872465875971 100.63326939290128 100.6741484729068 100.67703617833764 100.67965316138435 100.76808914020417 100.8705124422047 100.9248374006226 100.85796897173944 100.79299559954528 100.76177228457419 100.76438926762091 100.80247088299025 100.83802575610761 100.83495756908734 100.83252106763007 100.8456059828636 100.866000402469 100.88648506286908 100.9101281510842 100.93286883135215 100.95190963903683 100.96941635321136 100.99161558871104 101.01246121229 101.03213370553767 101.05315981070608 101.07590049097402 101.09458033547985 101.1135309023698 101.13347411800163 101.15260516648102 101.1710142886027 101.18716739085653 101.20187664039493 101.21658588993333 101.23102441708758 101.24510198106299 101.25728448834938 101.26675977179437 101.27271566424551 101.28047637259091 101.28859804411519
100.62541844376116 100.66386102230938 100.69878420986373 100.71475683052813 100.76384782285263 100.88666554445852 100.98150861970306 100.9778989879145 100.84614742763189 100.78676898471 100.77648153411259 100.79146150603513 100.81501435345552 100.83775503372347 100.84921561465218 100.863473660217 100.87989748485496 100.89875781095022 100.9197839161186 100.94126122526056 100.95903866181924 100.97437959692064 100.99188631109517 101.00984422924328 101.03023864884868 101.05189643958008 101.07436639746388 101.09539250263227 101.11623812621123 101.13636182343248 101.15684648383258 101.17660921787497 101.19366472807593 101.20900566317734 101.22371491271574 101.23959729258543 101.25647232119697 101.27352783139794 101.28913948888348 101.2996074210703 101.30375849762716 101.308541259747 101.31603124570827
100.66250741038867 100.68741386972977 100.71638116483298 100.7586138567592 100.85002778180458 100.94884145201655 100.97474056009949 100.93711014870371 100.83008456617279 100.80608051477881 100.80229040140082 100.8295431214045 100.85011802259932 100.86735401438969 100.88233398631225 100.89713347664537 100.91409874605162 100.9331395537363 100.95299252857339 100.96923587162193 100.98565969625992 100.99883485228817 101.014987954542 101.03240442792182 101.05288908832193 101.07535904620573 101.09837044885784 101.12002823958923 101.14123482634703 101.162080449926 101.18229438794197 101.20196688118963 101.21911263218533 101.23499501205501 101.25114811430883 101.26675977179437 101.28372504120063 101.30348777524301 101.3200018406757 101.33362820067752 101.33877192597623 101.34084746425467 101.34400589206965
100.69896469145316 100.72459307715198 100.75951626470633 100.8033732909374 100.88215350472282 100.92185945439702 100.94487085704912 100.90209672035463 100.83351371637191 100.82349698815864 100.84271827743275 100.86852714472099 100.88359735743825 100.90290888750705 100.91770837784019 100.93386148009401 100.95136819426855 100.97104068751622 100.98647186341233 101.00208352089788 101.01408554659486 101.02698998023897 101.04224067454565 101.06046931507791 101.0808637346833 101.10216056223584 101.12463052011964 101.14728095959289 101.16902899111899 101.18987461469794 101.2100885527139 101.2292196011933 101.2459141482154 101.26170628729038 101.27776914874948 101.29410273259275 101.3117899283567 101.33083073604139 101.34788624624235 101.3616028470389 101.36909283300018 101.37170981604689 101.37477800306718
100.72964656165597 100.75428229861292 100.78884452298843 100.82286530259564 100.87953652167612 100.92258138075474 100.9415319476447 100.90326985068592 100.85832993491829 100.86663208803199 100.88585337730609 100.90435274022249 100.91996439770803 100.9390052053927 100.95515830764653 100.97140165069507 100.98926932804847 101.007407727786 101.02184625494026 101.03538237414739 101.04738439984436 101.06046931507791 101.07553952779516 101.09358768673799 101.11253825362795 101.13374484038577 101.15513190873303 101.17715066264326 101.19871821257993 101.2183907058276 101.23851440304885 101.25629183960754 101.27289614583493 101.28877852570461 101.30484138716373 101.3212652118017 101.33841096279738 101.35375189789877 101.37089764889446 101.38389232333328 101.39237495803641 101.39688699777211 101.40491842850169
100.75383109463935 100.77864731318573 100.80608051477881 100.83622094021334 100.88278519028583 100.91996439770803 100.938914964598 100.92763486525874 100.89758468061893 100.90660876009034 100.9230325847283 100.9415319476447 100.95921914340867 100.97564296804664 100.99215703347932 101.01011495162743 101.02825335136497 101.04359428646637 101.05758160964704 101.07111772885416 101.08438312567715 101.09800948567899 101.11416258793281 101.1313985797232 101.15034914661317 101.16884850952957 101.18915268834023 101.20963734874033 101.2285879156303 101.24826040887798 101.26612808623138 101.28273239245877 101.2995171802756 101.31503859696642 101.33128194001496 101.34671311591107 101.3622345326019 101.37739498611387 101.39020917896329 101.40302337181268 101.41304010002594 101.4235982730075 101.43162970373706
100.77666201570202 100.79940269596997 100.82728710153664 100.85553247028216 100.89135806578366 100.92348378870189 100.93476388804115 100.92510812300674 100.92853727320588 100.94875121122183 100.96463359109153 100.97997452619292 100.99811292593046 101.01399530580014 101.03204346474297 101.05009162368579 101.06651544832376 101.08176614263044 101.09575346581113 101.11010175217066 101.12336714899364 101.13825688012147 101.15558311270658 101.17290934529169 101.18933316992965 101.20765205125662 101.22470756145759 101.24284596119513 101.26161604649566 101.2778593895442 101.2950953813346 101.31097776120428 101.32595773312683 101.34138890902294 101.35546647299834 101.37035620412618 101.38497521286986 101.39796988730869 101.4108743209528 101.42413971777579 101.43650270665162 101.44922665870631 101.46411638983413
100.7969661945127 100.81934591160179 100.84028177597547 100.86636136564786 100.90146503479163 100.92952992194773 100.94062953969757 100.94622446896985 100.96346046076023 100.98647186341233 101.00316641043443 101.01850734553585 101.03574333732625 101.05315981070608 101.07075676567531 101.087902516671 101.10360441495126 101.12038920276808 101.13401556276992 101.14953697946073 101.16478767376742 101.18021884966353 101.19628171112265 101.21171288701876 101.22795623006729 101.24428981391056 101.26098436093267 101.27840083431249 101.29365152861916 101.30935342689942 101.32433339882196 101.33949385233394 101.35402262028292 101.36764898028476 101.3813655810813 101.39399929234126 101.40609155883297 101.41890575168237 101.43262235247892 101.44624871248074 101.46276277791343 101.47900612096196 101.49452753765279
100.82503108166878 100.84596694604247 100.86401510498528 100.8807096520074 100.90651851929563 100.93674918552485 100.95985082897167 100.98033548937178 101.00262496566616 101.02022192063541 101.03763839401523 101.05496462660034 101.07174941441717 101.08871468382341 101.10658236117682 101.12463052011964 101.14240795667831 101.16009515244228 101.17372151244412 101.18825028039309 101.20259856675264 101.21685661231747 101.2330097145713 101.24862137205683 101.26414278874766 101.27984468702792 101.29545634451345 101.31088752040957 101.32523580676911 101.33940361153924 101.3538421386935 101.36701729472175 101.38091437710771 101.39363832916241 101.4057305956541 101.41827406611937 101.42964440625335 101.44300004387102 101.45752881182001 101.4741331180474 101.49362512970566 101.51086112149603 101.52611181580274
