static/data/pressure/2023/7/7/6.asc
ncols 137
nrows 93
xllcorner 108.0
yllcorner 17.0
cellsize 0.25
NODATA_value -32767
[rows 38 to 56 of 93, columns 43 to 85 of 137]
100.12999648078068 100.1231381803824 100.14714223177637 100.14623982382922 100.11303121137443 100.05275036050541 100.04426772580227 100.05058458143226 100.05834528977768 100.06258660712923 100.07025707467994 100.07558128156806 100.08361271229764 100.09453184845803 100.10734604130744 100.1250332370714 100.1391108010468 100.15273716104865 100.16762689217647 100.18341903125145 100.20200863496255 100.22050799787894 100.24027073192133 100.26301141218929 100.28638377802025 100.3103878294142 100.33502356637115 100.35947882173866 100.38366335472206 100.4062235534006 100.4281520665161 100.44872696771093 100.46821897936918 100.48698906466971 100.50612011314911 100.52552188401265 100.54474317328676 100.56315229540841 100.58598321647109 100.61134087978577 100.63859359978943 100.66575607899837 100.68786507370334
100.26048466993728 100.24595590198831 100.20408417324097 100.15066162277022 100.10951182038058 100.08388343468178 100.06899370355394 100.06890346275924 100.07278381693193 100.07675441189936 100.08713210329148 100.08577849137077 100.09633666435232 100.11366289693743 100.13315490859569 100.14948849243893 100.16500990912976 100.17908747310516 100.19388696343827 100.20949862092381 100.22664437191949 100.24739975470375 100.26923802702456 100.29279087444493 100.31733637060718 100.34386716425313 100.36814193803123 100.39313863816703 100.41678172638214 100.43871023949767 100.46027778943433 100.47886739314544 100.4983594048037 100.51749045328309 100.53589957540477 100.55313556719516 100.56973987342256 100.58896116269666 100.61134087978577 100.636518061511 100.66241716959397 100.68849675926633 100.70988382761358
100.27708897616468 100.26616984000428 100.2011062270154 100.14804463972351 100.13820839309967 100.12846238727055 100.110955673096 100.10716555971801 100.11050446912243 100.11772373269957 100.12295769879297 100.105270503029 100.11140687706957 100.13153057429082 100.15779064555262 100.17222917270689 100.18946516449728 100.20372321006212 100.21852270039523 100.23611965536449 100.25398733271788 100.27474271550211 100.29928821166436 100.32365322623717 100.3494620935254 100.37689529511849 100.40098958730717 100.42562532426413 100.44899769009507 100.47074572162117 100.49258399394199 100.51135407924252 100.53111681328491 100.54997713938016 100.5668521679917 100.58291502945082 100.59960957647293 100.61946255131004 100.64211299078327 100.66620728297194 100.6901210935712 100.71448610814399 100.73488052774938
100.24947529298217 100.23972928715305 100.20146719019426 100.2113936776128 100.2094083801291 100.16266364846719 100.14750319495522 100.15084210435964 100.17114628317033 100.18035084423116 100.17439495178002 100.12349914356126 100.12710877534983 100.14840560290236 100.17583880449544 100.19361624105413 100.21563499496438 100.23034424450277 100.24721927311431 100.26535767285185 100.2853911292784 100.30623675285736 100.33060176743015 100.35623015312898 100.38239998359606 100.40938198121559 100.4338372365831 100.4586534551295 100.48247702493401 100.50440553804954 100.52624381037036 100.54690895235989 100.5668521679917 100.58553201249752 100.60213631872492 100.61801869859461 100.635886375948 100.65546862840097 100.67685569674822 100.70058902575802 100.7222468164894 100.74354364404195 100.76402830444205
100.26048466993728 100.2261029271512 100.20164767178369 100.21148391840752 100.22095920185251 100.17277061747517 100.17710217562144 100.21509355019609 100.23539772900678 100.2305247260922 100.2208689610578 100.16121979575176 100.14524717508736 100.1665440026399 100.1978575584057 100.21789101483223 100.24153410304731 100.26075539232143 100.27772066172768 100.29802484053836 100.31896070491204 100.3417916259747 100.36678832611052 100.39241671180932 100.41741341194513 100.44376372400164 100.46821897936918 100.49240351235257 100.51613684136237 100.53941896639861 100.56152796110358 100.58246382547725 100.60213631872492 100.62072592243604 100.63760095104757 100.6537540533014 100.67216317542308 100.69327952138619 100.71466658973341 100.73479028695466 100.75563591053363 100.77521816298659 100.79525161941314
100.27925475523783 100.21716908847452 100.19036757244442 100.1767412124426 100.18684818145059 100.17403398860117 100.21987631231595 100.25886033563243 100.2516410720553 100.24415108609404 100.22366642569392 100.17908747310516 100.16284413005661 100.19424792661712 100.22574196397235 100.24748999549846 100.27176476927656 100.2913470217295 100.3123731268979 100.33303826888744 100.35541798597654 100.3807756492912 100.40577234942701 100.43085929035753 100.45576574969864 100.48085269062915 100.50521770520197 100.5291315158012 100.55160147368503 100.57497383951598 100.59726331581035 100.6173870130316 100.63687902468986 100.6537540533014 100.67062908191294 100.68777483290862 100.70654491820916 100.7278417457617 100.74787520218823 100.76772817702532 100.78812259663071 100.8065317187524 100.82665541597365
100.27763042093297 100.23350267231777 100.22483955602522 100.21112295522867 100.18486288396687 100.19009685006027 100.24947529298217 100.26977947179284 100.262469967421 100.2208689610578 100.19045781323914 100.16690496581876 100.19433816741184 100.22583220476707 100.25877009483771 100.28033764477439 100.30434169616835 100.32428491180018 100.34540125776327 100.3698565131308 100.39313863816703 100.4191279870447 100.4453880583065 100.47065548082647 100.4952912177834 100.51965623235623 100.5437505245449 100.56613024163399 100.58860019951781 100.60998726786505 100.63164505859643 100.65086634787055 100.66801209886623 100.68488712747777 100.70140119291044 100.71926887026385 100.7381291963591 100.75852361596448 100.77864731318573 100.79813932484399 100.81898494842294 100.83766479292876 100.85435933995088
100.3142681835869 100.33141393458259 100.3321358609403 100.28503016609953 100.22998328132392 100.23296122754948 100.28909100186166 100.29748339577007 100.27176476927656 100.22808822463492 100.1825166233043 100.18684818145059 100.2227640177468 100.26066515152671 100.29197870729251 100.31345601643447 100.33547477034472 100.35586918995011 100.3787903518075 100.40378705194331 100.42851302969497 100.45775104718234 100.48446232241771 100.51027118970596 100.53490692666291 100.55800857010972 100.58074925037768 100.60312896746677 100.62361362786689 100.64463973303528 100.66359029992525 100.68010436535792 100.69697939396947 100.71349345940214 100.72946608006654 100.74823616536708 100.76772817702532 100.7874909110677 100.80734388590481 100.82746758312607 100.84822296591032 100.86690281041612 100.88233398631225
100.43374699578838 100.41353305777243 100.36678832611052 100.3130048124609 100.27104284291885 100.29513713510751 100.3455817393527 100.33321875047686 100.30813180954634 100.28313510941054 100.22321522172035 100.23160761562877 100.26752345192499 100.30253688027408 100.32464587497903 100.34738655524698 100.36588591816337 100.38664130094763 100.41010390757329 100.43627373804038 100.4619923645339 100.49186206758428 100.51866358361437 100.54465293249204 100.57028131819084 100.59446585117423 100.61648460508447 100.636518061511 100.65573935078511 100.6741484729068 100.6927380766179 100.70862045648758 100.72486379953612 100.74173882814766 100.75996746867992 100.77837659080159 100.79795884325456 100.81672892855508 100.83658190339219 100.85751776776587 100.87728050180826 100.89713347664537 100.91491091320405
100.54961617620131 100.4690311465216 100.39340936055117 100.34152090359058 100.31914118650147 100.32121672477989 100.30677819762563 100.28963244662995 100.2944152087498 100.30903421749348 100.27429151152855 100.28448872133124 100.31309505325562 100.33764054941786 100.35289124372454 100.37500023842951 100.39386056452474 100.41633052240856 100.4407857777761 100.46677512665376 100.49474977301512 100.52299514176065 100.55087954732731 100.57804202653627 100.60358017144036 100.62586964773475 100.64689575290312 100.66638776456136 100.68497736827247 100.70221336006287 100.71791525834313 100.73488052774938 100.75139459318207 100.76989395609846 100.79028837570385 100.8091487017991 100.82764806471549 100.84650839081075 100.86627112485314 100.88648506286908 100.90651851929563 100.93936616857157 100.96598720301223
100.46172164214975 100.50377385248655 100.4849135263913 100.46289477248104 100.42201569247555 100.34016729166986 100.2707721205347 100.24866312582974 100.25615311179102 100.27735969854882 100.30515386332078 100.32473611577373 100.34585246173684 100.36561519577923 100.38438528107977 100.40703572055301 100.42779110333726 100.45161467314178 100.47679185486703 100.50232999977112 100.53084609090077 100.55710616216258 100.5840881597821 100.60971654548092 100.633991319259 100.65664175873225 100.67649473356936 100.69373072535976 100.71033503158715 100.72775150496697 100.74273147688952 100.76258445172662 100.78054236987474 100.79976365914882 100.81970687478065 100.83874768246532 100.85670560061344 100.87565616750341 100.89496769757223 100.91491091320405 100.9331395537363 100.96309949758138 100.98827667930661
100.43798831313995 100.52128056666108 100.56279133222957 100.52786814467521 100.42589604664826 100.31372673881862 100.24812168106146 100.24478277165703 100.25922129881128 100.29495665351808 100.33015056345658 100.3564106347184 100.3756319239925 100.39783115949217 100.41876702386584 100.44096625936552 100.46334597645462 100.48951580692172 100.51712949010422 100.54302859818719 100.57010083660141 100.5962706670685 100.6217185711779 100.64572262257185 100.66584631979309 100.68615049860377 100.70437913913601 100.7202615190057 100.73623413967009 100.75184579715564 100.76790865861474 100.78685922550471 100.80599027398411 100.8263846935895 100.84623766842661 100.86410534578 100.88359735743825 100.90101383081806 100.92113752803931 100.94261483718127 100.96373118314438 100.98728403056475 101.00100063136131
100.46352645804404 100.57136420772741 100.5969023526315 100.50621035394383 100.40847957326844 100.35009377908841 100.2853911292784 100.2848496845101 100.31462914676575 100.3513571502144 100.37084916187266 100.3967482699556 100.41488666969313 100.43473964453024 100.45675839844048 100.48040148665558 100.50575914997026 100.53183873964262 100.55972314520929 100.58634417964996 100.61097991660691 100.636518061511 100.6576344074741 100.67884099423193 100.69779156112187 100.71358370019686 100.73090993278197 100.74561918232037 100.76077963583234 100.77512792219188 100.79371752590299 100.81239737040882 100.83170890047764 100.8520130792883 100.8705124422047 100.88747771161094 100.90787213121634 100.92637149413274 100.94586350579098 100.96670912936995 100.98899860566432 101.00903206209087 101.02139505096669
100.51496371103109 100.61720653144218 100.55241364083744 100.45847297354007 100.41497691048785 100.41840606068699 100.35983978491753 100.34386716425313 100.37346614491936 100.39936525300232 100.41696220797157 100.4408760185708 100.45675839844048 100.47715281804587 100.49935205354555 100.52308538255537 100.54970641699602 100.5764176922314 100.60385089382449 100.62785494521846 100.6524906821754 100.67198269383366 100.69246735423376 100.7087106972823 100.72504428112555 100.74065593861108 100.75446278020235 100.76908178894602 100.784873928021 100.80048558550654 100.81898494842294 100.83739407054462 100.85688608220286 100.87520496352982 100.89397504883037 100.91211344856791 100.93052257068959 100.94947313757956 100.96860418605894 100.98935956884318 101.00677604222301 101.02473396037111 101.03863104275709
100.58011756481467 100.62262097912503 100.55764760693087 100.40775764691072 100.36435182465323 100.43311531022539 100.41064535234158 100.39313863816703 100.4210230437337 100.44674167022721 100.46045827102375 100.48446232241771 100.50016422069797 100.52200249301879 100.5443822101079 100.5693789102437 100.59572922230024 100.6217185711779 100.64491045541942 100.66810233966093 100.68515784986191 100.70474010231487 100.72035175980041 100.73488052774938 100.74877761013535 100.76258445172662 100.77639129331789 100.79209319159814 100.80797557146782 100.82629445279478 100.84362068537989 100.862210289091 100.88125109677569 100.89975045969207 100.91734741466134 100.936388222346 100.95326325095753 100.97338694817878 100.99251799665818 101.00849061732258 101.02491444196055 101.0406163402408 101.05478414501091
100.61422858521661 100.62920855713917 100.54014089275633 100.3870925049212 100.33935512451743 100.40902101803673 100.41804509750813 100.44186866731266 100.46984331367403 100.49059869645828 100.50386409328125 100.52696573672807 100.54465293249204 100.56703264958114 100.59148790494866 100.61675532746861 100.64021793409428 100.66377078151467 100.68236038522576 100.69833300589016 100.715117793707 100.72829294973526 100.74246075450537 100.7554554289442 100.76835986258831 100.7822569449743 100.79913197358584 100.81528507583967 100.83134793729877 100.85002778180458 100.86753449597913 100.88603385889552 100.90525514816963 100.9230325847283 100.93990761333986 100.95795577228267 100.97645513519906 100.99721051798332 101.01210024911114 101.02771190659668 101.04287236010865 101.05875473997834 101.07111772885416
100.57840298971512 100.5725373380587 100.50296168533411 100.44286131605452 100.40387729273802 100.43852975790824 100.46713608983261 100.49700579288297 100.51740021248837 100.53472644507347 100.54790160110174 100.56901794706485 100.5879685139548 100.61260425091177 100.63696926548457 100.6576344074741 100.67965316138435 100.6958965044329 100.70952286443472 100.72360042841012 100.73578293569652 100.74850688775122 100.76023819106405 100.77178901278745 100.78676898471 100.80301232775854 100.82060928272779 100.83874768246532 100.85553247028216 100.87159533174126 100.89072638022066 100.9082330943952 100.92601053095387 100.94396844910199 100.95976058817696 100.97699657996735 100.99883485228817 101.01661228884686 101.03023864884868 101.04296260090337 101.05676944249463 101.0732835079273 101.08546601521373
100.52696573672807 100.52516092083378 100.49709603367769 100.47101644400531 100.4772430588406 100.50422505646011 100.53066560931134 100.55421845673173 100.56910818785956 100.57975660163582 100.59509753673723 100.60971654548092 100.63002072429158 100.65610031396396 100.67784834549008 100.6958965044329 100.70735708536158 100.71737381357484 100.73072945119254 100.74128762417409 100.75139459318207 100.76312589649491 100.77666201570202 100.78974693093556 100.80725364511011 100.82503108166878 100.84226707345918 100.86013475081258 100.87827315055011 100.8928921592938 100.91247441174676 100.92962016274245 100.94649519135399 100.96237757122367 100.9778989879145 100.99360088619474 101.014356268979 101.02816311057026 101.04215043375093 101.05685968328933 101.07165917362245 101.087270831108 101.09963381998384
100.59166838653809 100.54059209672991 100.49709603367769 100.483108710497 100.51550515579937 100.5662204824287 100.58878068110724 100.60773124799721 100.61964303289946 100.62839638998673 100.63913504455772 100.64978345833397 100.67261437939665 100.69291855820732 100.70853021569286 100.71972007423742 100.72675885622512 100.73127089596083 100.73984377145867 100.75337989066577 100.76601360192575 100.77828635000688 100.79263463636642 100.8110437584881 100.82846023186792 100.8493960962416 100.86654184723729 100.88152181915983 100.8980358845925 100.9139182644622 100.9306128114843 100.94766832168527 100.96183612645538 100.9754624864572 100.99089366235333 101.00560291189173 101.02473396037111 101.03854080196237 101.05325005150078 101.06913243137046 101.08429288488244 101.09972406077856 101.11461379190638
