static/data/pressure/2023/7/2/12.asc
ncols 137
nrows 93
xllcorner 108.0
yllcorner 17.0
cellsize 0.25
NODATA_value -32767
[rows 38 to 56 of 93, columns 0 to 42 of 137]
99.91720868684482 99.9784821864557 100.10247303839289 100.2407219358949 100.3942215277036 100.42264737803856 100.34792800001526 100.29468593113394 100.35839593220211 100.40144079128073 100.43492012611968 100.43871023949767 100.23846591602705 100.08866619680161 100.0221587310973 100.01367609639419 100.01015670540033 100.02721221560131 100.05897697534067 100.09642690514703 100.1339670757481 100.16789761456062 100.16419774197733 100.16040762859933 100.16194172210947 100.16618303946105 100.17971915866816 100.19397720423298 100.22619316794592 100.28268390543697 100.35839593220211 100.44647094784307 100.49123038202129 100.48897436215343 100.45522430493035 100.43492012611968 100.4426808344651 100.4702042768529 100.51866358361437 100.58065900958296 100.61097991660691 100.63669854310042 100.66395126310408
99.91197472075139 100.08821499282804 100.28647401881496 100.37472951604536 100.36317869432195 100.33042128584073 100.28367655417883 100.30515386332078 100.44421492797522 100.49619362573056 100.51496371103109 100.47444559420445 100.33773079021258 100.17647049005845 100.06114275441381 100.0221587310973 100.0169247650039 100.03695822143042 100.0698961115011 100.11068495071186 100.15093234515436 100.17096580158089 100.16392701959319 100.15616631124777 100.15914425747334 100.16898050409718 100.18747986701358 100.21094247363924 100.23269050516535 100.27095260212413 100.339174642928 100.4109160747257 100.45242684029421 100.43293482863596 100.4216547292967 100.43140073512582 100.46542151473304 100.52064888109808 100.58697586521295 100.66196596562038 100.69896469145316 100.71944935185327 100.73993401225337
100.00221551546551 100.18495312476158 100.28873003868281 100.28945196504053 100.26517719126242 100.28566185166252 100.2899031690141 100.40017742015473 100.49014749248471 100.5066615579174 100.46993355446875 100.40243344002259 100.27519391947568 100.16419774197733 100.07170092739536 100.0354241279203 100.03190473692645 100.05870625295653 100.08839547441747 100.12422106991897 100.14497645270322 100.15869305349976 100.16067835098347 100.16546111310333 100.17222917270689 100.18368975363558 100.2048963403934 100.24144386225261 100.27618656821754 100.30118326835336 100.32022407603803 100.37166132902509 100.39719947392916 100.39891404902873 100.41867678307113 100.47246029672074 100.52245369699236 100.58643442044466 100.63841311819999 100.6889479632399 100.70519130628844 100.71972007423742 100.73515125013353
100.16167099972533 100.17042435681262 100.20769380502954 100.20065502304183 100.22339570330978 100.24315843735218 100.30118326835336 100.39819212267102 100.3801439637282 100.38339263233792 100.3629079719378 100.31020734782476 100.19190166595456 100.12620636740269 100.07368622487907 100.04165074275556 100.04968217348512 100.07540079997864 100.10490953985015 100.13089888872783 100.14894704767065 100.16121979575176 100.1684390593289 100.19614298330613 100.22122992423665 100.24090241748432 100.27122332450827 100.30316856583707 100.32464587497903 100.3481987223994 100.36742001167352 100.38998021035205 100.41389402095128 100.42264737803856 100.4504415428105 100.49592290334641 100.53021440533777 100.58390767819267 100.63516444959029 100.69093326072361 100.71340321860744 100.72946608006654 100.74444605198909
100.12972575839655 100.1384791154838 100.1537298097905 100.18847251575544 100.21166439999695 100.2157252357591 100.27365982596555 100.29116654014008 100.25118986808174 100.25191179443945 100.26589911762014 100.21292777112295 100.1659123170769 100.1064436333603 100.06448166381824 100.05843553057238 100.06646696130196 100.08695162170206 100.11447506408986 100.13694502197367 100.15616631124777 100.16816833694476 100.21771053324281 100.262469967421 100.29739315497537 100.35018401988312 100.38041468611235 100.38095613088063 100.3839340771062 100.3962068251873 100.39945549379702 100.4216547292967 100.43997361062367 100.44818552294264 100.4676775346009 100.4792283563243 100.51342961752094 100.54745039712817 100.59464633276366 100.65167851502297 100.7099740684083 100.72621741145683 100.75717000404377
100.12016023415686 100.108428930844 100.1307184071384 100.2151837909908 100.19244311072285 100.19316503708056 100.186396977477 100.19866972555812 100.1724096542963 100.17989964025759 100.1946991305907 100.18621649588758 100.14614958303451 100.08839547441747 100.0642109414341 100.05942817931424 100.07973235812493 100.09967557375674 100.12395034753483 100.1429009144248 100.16365629720904 100.2094083801291 100.26219924503685 100.33547477034472 100.36642736293166 100.41939870942885 100.43789807234523 100.43816879472938 100.4734529454626 100.46045827102375 100.46045827102375 100.42048159896541 100.43744686837167 100.44493685433294 100.45964610387135 100.46921162811104 100.49240351235257 100.52597308798622 100.55096978812202 100.6044825793875 100.6659365605878 100.70843997489816 100.74273147688952
100.13992296819923 100.1281916648864 100.14064489455694 100.22095920185251 100.16898050409718 100.13865959707323 100.13198177826439 100.15021041879665 100.1441642855508 100.15842233111563 100.14696175018693 100.1384791154838 100.1256649226344 100.07296429852136 100.06141347679795 100.07314478011078 100.09344895892147 100.11519699044757 100.13893031945737 100.1589637758839 100.18540432873515 100.2311564116552 100.29270063365023 100.37391734889293 100.39593610280318 100.41245016823585 100.4312202535364 100.48671834228557 100.56739361275999 100.53914824401447 100.4747163165886 100.4344689221461 100.42589604664826 100.43239338386768 100.45116346916821 100.46921162811104 100.49240351235257 100.52543164321793 100.54095305990876 100.60114366998306 100.65095658866525 100.69373072535976 100.69544530045933
100.18594577350343 100.15345908740636 100.14091561694109 100.19190166595456 100.12846238727055 100.0948928116369 100.10472905826073 100.13414755733754 100.14822512131293 100.13667429958953 100.11465554567928 100.12972575839655 100.12395034753483 100.10897037561229 100.09444160766333 100.10445833587659 100.11447506408986 100.1384791154838 100.15797112714205 100.18720914462943 100.21491306860666 100.2559726302016 100.31147071895076 100.3801439637282 100.42743014015839 100.4491781716845 100.47670161407231 100.54347980216076 100.5879685139548 100.51415154387865 100.45269756267835 100.43618349724566 100.43094953115225 100.43365675499368 100.45341948903607 100.47273101910488 100.49989349831384 100.53346307394749 100.56540831527627 100.6499639399234 100.6754118440328 100.67071932270765 100.64743719767141
100.1749363965483 100.13893031945737 100.117904214289 100.16898050409718 100.12665757137626 100.12295769879297 100.13793767071553 100.13595237323182 100.10617291097616 100.07693489348878 100.09570497878931 100.13992296819923 100.19740635443212 100.2131984935071 100.18143373376773 100.1716877279386 100.1716877279386 100.17195845032275 100.18071180741002 100.21491306860666 100.24920457059802 100.29215918888194 100.34269403392184 100.40893077724202 100.48590617513315 100.52344634573421 100.53716294653076 100.52443899447607 100.48996701089528 100.43094953115225 100.41822557909757 100.41615004081913 100.42192545168085 100.43392747737782 100.46172164214975 100.49041821486885 100.51965623235623 100.54194570865062 100.55142099209559 100.59320248004823 100.6044825793875 100.62018447766775 100.69445265171747
100.15192499389622 100.1256649226344 100.14795439892879 100.2151837909908 100.18017036264173 100.19244311072285 100.17764362038973 100.11591891680528 100.05166747096884 100.08271030435048 100.14669102780279 100.22041775708423 100.2809693303374 100.29369328239208 100.2989272484855 100.2989272484855 100.27790114331711 100.24144386225261 100.22339570330978 100.23765374887462 100.25867985404301 100.29270063365023 100.34197210756413 100.40640403499002 100.4734529454626 100.48572569354371 100.46596295950133 100.4344689221461 100.42066208055485 100.41669148558742 100.41822557909757 100.41696220797157 100.41867678307113 100.44141746333909 100.4702042768529 100.49339616109442 100.51595635977294 100.53472644507347 100.54140426388233 100.57542504348955 100.62189905276732 100.69571602284347 100.81420218630309
100.108428930844 100.13116961111197 100.2144618646331 100.31390722040804 100.22267377695208 100.20715236026125 100.16221244449362 100.09146366143776 100.04643350487541 100.08839547441747 100.1524664386645 100.22520051920407 100.28196197907926 100.27420127073383 100.32166792875347 100.33366995445044 100.3092146990829 100.261206596295 100.24397060450461 100.24739975470375 100.26968923099814 100.30867325431463 100.35893737697039 100.38772419048419 100.42120352532314 100.44439540956465 100.45215611791006 100.44241011208095 100.43871023949767 100.42797158492668 100.43392747737782 100.43970288823952 100.44322227923338 100.4491781716845 100.48798171341157 100.52967296056948 100.58471984534509 100.63146457700701 100.72197609410527 100.80165871583782 100.8308967333252 100.82548228564235 100.85742752697115
100.0948928116369 100.10590218859201 100.21166439999695 100.25191179443945 100.19515033456427 100.1577004047579 100.15472245853236 100.10969230197 100.09417088527918 100.13315490859569 100.21419114224895 100.33691862306014 100.35415461485054 100.28322535020524 100.28665450040438 100.28746666755681 100.25714576053286 100.23891712000062 100.25019721933988 100.25922129881128 100.28069860795325 100.31544131391819 100.35595943074483 100.39169478545162 100.4459295030748 100.50341288930768 100.49168158599485 100.46794825698504 100.44818552294264 100.43970288823952 100.46018754863964 100.4734529454626 100.47742354043001 100.49366688347857 100.52840958944348 100.57371046838998 100.64265443555156 100.7541920578182 100.85318620961958 100.89298240008851 100.87340014763555 100.84795224352618 100.83315275319305
100.16266364846719 100.17069507919675 100.22222257297851 100.21094247363924 100.17141700555447 100.1697024304549 100.1684390593289 100.12467227389254 100.14064489455694 100.19289431469642 100.32248009590589 100.43194217989411 100.38095613088063 100.29694195100178 100.28647401881496 100.28241318305282 100.26544791364657 100.25822865006943 100.27023067576641 100.28142053431097 100.29622002464407 100.33096273060902 100.3929581565776 100.45468286016207 100.53842631765676 100.5546696607053 100.52994368295363 100.47868691155601 100.45143419155235 100.4689409057269 100.48798171341157 100.50765420665925 100.5731690236217 100.59040501541209 100.58616369806053 100.60466306097692 100.6671999317138 100.77242069835046 100.85345693200372 100.85192283849358 100.8206995235225 100.84497429730061 100.85192283849358
100.23648061854334 100.22844918781378 100.2139204198648 100.20417441403569 100.2126570487388 100.21220584476524 100.17917771389988 100.14172778409352 100.16771713297119 100.25317516556545 100.3814073348542 100.3551472635924 100.28493992530481 100.25019721933988 100.28566185166252 100.28241318305282 100.27997668159554 100.27492319709154 100.28196197907926 100.29522737590221 100.31165120054018 100.35695207948669 100.41994015419714 100.5091883001694 100.57046179978028 100.55647447659959 100.52091960348223 100.47092620321061 100.4734529454626 100.49267423473671 100.51721973089894 100.57939563845696 100.64689575290312 100.65366381250668 100.64689575290312 100.65366381250668 100.72721006019869 100.80391473570567 100.82196289464851 100.82196289464851 100.83694286657105 100.86094691796501 100.87619761227168
100.26147731867914 100.24297795576275 100.2304344852975 100.25019721933988 100.25867985404301 100.23341243152306 100.19018709085499 100.1671756882029 100.2144618646331 100.3001906196115 100.29116654014008 100.23440508026492 100.1966844280744 100.23368315390721 100.268155137488 100.26797465589857 100.26544791364657 100.26968923099814 100.27320862199198 100.28873003868281 100.32870671074116 100.37418807127708 100.41840606068699 100.50440553804954 100.55421845673173 100.53896776242505 100.51018094891126 100.48689882387501 100.48969628851114 100.52516092083378 100.56414494415027 100.65068586628111 100.69346000297561 100.7004085441686 100.7061839550303 100.7246833179467 100.80247088299025 100.8321601044512 100.84443285253232 100.84542550127418 100.8602249916073 100.8896434906841 100.9171669330719
100.27790114331711 100.27420127073383 100.28268390543697 100.30289784345293 100.27889379205897 100.24270723337861 100.2151837909908 100.21969583072652 100.261206596295 100.28620329643081 100.27167452848185 100.23693182251691 100.23990976874248 100.27041115735585 100.22664437191949 100.22745653907192 100.25173131285003 100.26021394755314 100.25940178040072 100.2842179989471 100.33421139921872 100.36868338279952 100.41046487075214 100.50395433407597 100.59789500137336 100.59545849991609 100.53914824401447 100.51514419262051 100.54293835739247 100.58165165832482 100.64193250919385 100.71223008827614 100.7337073974181 100.72639789304627 100.7337073974181 100.78947620855142 100.84795224352618 100.85796897173944 100.8589616204813 100.85869089809715 100.85814945332886 100.88720698922681 100.95470710367296
100.35018401988312 100.38447552187448 100.37066868028323 100.33421139921872 100.29865652610135 100.26896730464043 100.25245323920774 100.27068187974 100.33646741908657 100.3551472635924 100.33971608769629 100.32870671074116 100.3596593033281 100.28015716318497 100.2081450090031 100.2298930405292 100.26165780026857 100.28196197907926 100.28268390543697 100.31318529405033 100.35271076213512 100.3814073348542 100.4542316561885 100.5571964029573 100.7451679783468 100.67622401118521 100.5936536840218 100.57019107739613 100.6064678768712 100.65492718363268 100.71295201463386 100.74471677437323 100.73641462125953 100.73894136351151 100.78189598179544 100.84244755504861 100.86139812193858 100.8589616204813 100.86094691796501 100.87466351876155 100.87042220140998 100.88043892962325 100.9459537465857
100.42048159896541 100.43464940373553 100.37870011101278 100.34143066279586 100.340438014054 100.33141393458259 100.29594930225993 100.33691862306014 100.45621695367221 100.51920502838266 100.49989349831384 100.43266410625182 100.40369681114859 100.25118986808174 100.22068847946838 100.27393054834968 100.34991329749897 100.37743673988678 100.37942203737049 100.3757221647872 100.38564865220577 100.4294154376421 100.53617029778891 100.71421538575986 100.90047238604978 100.73641462125953 100.63146457700701 100.61341641806418 100.63372059687487 100.65465646124854 100.68867724085575 100.70067926655273 100.71114719873958 100.75491398417591 100.80689268193125 100.84019153518075 100.84091346153846 100.83721358895518 100.89117758419422 100.9242057150596 100.93169570102087 100.93268834976273 100.95741432751439
100.3859193745899 100.35415461485054 100.31417794279218 100.30172471312164 100.32672141325745 100.36065195206996 100.339174642928 100.37518072001893 100.51839286123023 100.5936536840218 100.54564558123388 100.41470618810371 100.32464587497903 100.27618656821754 100.33294802809273 100.4491781716845 100.52498043924436 100.49817892321427 100.45892417751364 100.43997361062367 100.43591277486154 100.50747372506983 100.66747065409794 100.86491751293242 100.95118771267913 100.76971347450903 100.66647800535608 100.63471324561672 100.63940576694185 100.65420525727497 100.68994061198175 100.70320600880473 100.75022146285077 100.81420218630309 100.86464679054829 100.8794462808814 100.86166884432272 100.87917555849725 100.9651750358598 101.00415905917629 101.00821989493843 101.02789238818612 101.07590049097402
