static/data/pressure/2023/7/2/18.asc
ncols 137
nrows 93
xllcorner 108.0
yllcorner 17.0
cellsize 0.25
NODATA_value -32767
[rows 19 to 37 of 93, columns 86 to 128 of 137]
100.81708989173394 100.8251213224635 100.84235731425389 100.854630062335 100.86735401438969 100.87908531770255 100.8903654170418 100.90164551638107 100.90715020485862 100.9088647799582 100.90660876009034 100.91662548830362 100.9536242141364 100.99739099957274 101.03763839401523 101.06064979666733 101.09412913150626 101.11434306952223 101.12914255985535 101.13166930210734 101.1281499111135 101.10658236117682 101.0611010006409 101.0694031537546 101.07887843719959 101.07914915958374 101.05938642554133 101.04413573123465 100.99287895983703 100.94487085704912 100.93936616857157 101.00785893175957 101.07815651084188 101.12463052011964 101.15233444409688 101.09015853653885 101.04711367746022 101.00614435666 100.97086020592678 100.8883801195581 100.86085667717029 100.8724074988937 100.90336009148064
100.81366074153482 100.82566276723179 100.83865744167062 100.85083994895702 100.86491751293242 100.88034868882855 100.89866757015551 100.90859405757405 100.90660876009034 100.90615755611677 100.92113752803931 100.96562623983338 101.01110760036929 101.05460366342149 101.09458033547985 101.09909237521555 101.082849032167 101.0533402922955 101.03565309653153 101.0418797113668 101.04359428646637 101.0393529691148 101.03637502288923 101.05866449918362 101.06064979666733 101.05261836593779 101.04485765759236 101.03240442792182 100.97916235904049 100.92989088512658 100.92989088512658 100.97058948354264 100.99161558871104 100.99089366235333 100.98484752910748 100.93864424221385 100.92339354790717 100.92140825042345 100.9306128114843 100.87610737147698 100.86266149306458 100.87908531770255 100.90787213121634
100.81510459425024 100.82539204484765 100.83883792326004 100.85165211610945 100.86491751293242 100.87935604008669 100.89659203187708 100.91039887346834 100.92808606923231 100.9465854321487 101.00812965414372 101.04115778500908 101.0565889609052 101.0489184933545 101.06308629812462 101.0661544851449 101.04287236010865 101.01237097149529 100.98836692010133 100.98764499374361 100.98809619771718 100.99333016381061 101.00641507904415 101.01390506500543 101.013092897853 101.01408554659486 101.0554158305739 101.03240442792182 100.97311622579464 100.91364754207805 100.90363081386478 100.91364754207805 100.90489418499077 100.89758468061893 100.89938949651322 100.88765819320038 100.88215350472282 100.89758468061893 100.9191522305556 100.8936140856515 100.8891020459158 100.89966021889737 100.91184272618376
100.82088000511193 100.83360395716662 100.84966681862575 100.862841974654 100.87538544511926 100.8896434906841 100.91112079982605 100.94559278340684 100.97835019188807 101.03466044778968 101.08059301229916 101.06209364938276 101.02987768566983 101.01913903109885 101.004880985534 100.97835019188807 100.96589696221753 100.96959683480078 100.97212357705278 100.97266502182107 100.9676115373171 100.97040900195321 100.98611090023347 101.00109087215603 101.01516843613143 101.06164244540919 101.1109139193231 101.04359428646637 100.96833346367481 100.91364754207805 100.90489418499077 100.8936140856515 100.8878386747898 100.88585337730609 100.8883801195581 100.88639482207438 100.89063613942595 100.90408201783835 100.91039887346834 100.9108500774419 100.90859405757405 100.91834006340318 100.92962016274245
100.83784527451819 100.85183259769887 100.86762473677383 100.87836339134483 100.89063613942595 100.91184272618376 100.93386148009401 100.96111420009767 100.99865437069874 101.03736767163109 101.04359428646637 101.00190303930846 100.97266502182107 100.97383815215235 100.96860418605894 100.9568728827461 100.95741432751439 100.98538897387577 101.01191976752172 101.00686628301771 100.9824110276502 100.9556095116201 100.97113092831093 101.00533218950758 101.06137172302505 101.1428591606519 101.12535244647735 100.99360088619474 100.93539557360414 100.90110407161278 100.90083334922863 100.89659203187708 100.89884805174493 100.89514817916165 100.8954189015458 100.89641155028765 100.90065286763922 100.90588683373262 100.91364754207805 100.91987415691331 100.93241762737858 100.93963689095571 100.9503755455267
100.8481327251156 100.86708329200556 100.88215350472282 100.89559938313522 100.9139182644622 100.93539557360414 100.9344029248623 100.94965361916898 100.96688961095937 100.99062293996919 100.97636489440436 100.97311622579464 100.95434614049411 100.9778989879145 101.03213370553767 101.03538237414739 101.05785233203119 101.09313648276441 101.12733774396106 101.0476551222285 101.00812965414372 100.94288555956541 100.95190963903683 101.00533218950758 101.0541524594479 101.10658236117682 101.0418797113668 100.9491121744007 100.88260470869639 100.8936140856515 100.90336009148064 100.90408201783835 100.9113915222102 100.91184272618376 100.91409874605162 100.91491091320405 100.91834006340318 100.92258138075474 100.93133473784202 100.93963689095571 100.95109747188441 100.95858745784567 100.96986755718493
100.85959330604429 100.87890483611311 100.9088647799582 100.92691293890103 100.9478488032747 100.95858745784567 100.95786553148795 100.9409002620817 100.9421636332077 100.96309949758138 100.97239429943693 100.96914563082721 100.99116438473746 101.0476551222285 101.10883838104466 101.06786906024448 101.09187311163842 101.10116791349398 101.13735447217434 101.0554158305739 100.99215703347932 100.92258138075474 100.93115425625258 100.96409214632324 101.01291241626357 101.01408554659486 100.94162218843942 100.88738747081624 100.89614082790351 100.90715020485862 100.9159035619459 100.91987415691331 100.92790558764287 100.9331395537363 100.93539557360414 100.938914964598 100.94062953969757 100.94487085704912 100.95064626791084 100.9581362538721 100.9676115373171 100.97636489440436 100.98764499374361
100.88161205995453 100.91933271214502 100.95163891665268 100.97365767056293 100.99188631109517 101.0009103905666 101.02184625494026 101.00388833679216 100.96959683480078 100.95858745784567 100.96959683480078 100.98890836486962 101.02383155242397 101.09385840912213 101.09837044885784 101.05740112805762 100.98764499374361 100.96661888857524 101.00262496566616 100.97311622579464 100.91409874605162 100.90236744273878 100.91888150817145 100.94108074367114 100.94983410075841 100.94541230181741 100.9108500774419 100.90534538896435 100.9171669330719 100.92510812300674 100.92934944035831 100.93837351982971 100.9465854321487 100.95190963903683 100.95461686287825 100.95858745784567 100.95985082897167 100.96463359109153 100.97040900195321 100.9753722456625 100.98439632513391 100.99333016381061 101.00109087215603
100.9306128114843 100.96986755718493 100.99883485228817 101.01291241626357 101.02816311057026 101.07635169494759 101.10658236117682 101.10161911746755 101.01516843613143 100.9811476565242 100.97058948354264 100.99035221758504 101.01859758633057 101.0598376295149 101.04314308249279 100.99540570208903 100.93259810896801 100.91861078578731 100.92637149413274 100.91184272618376 100.90011142287094 100.90561611134848 100.91933271214502 100.92140825042345 100.92889823638473 100.937651593472 100.92709342049045 100.93133473784202 100.93711014870371 100.94261483718127 100.94884145201655 100.96138492248181 100.96734081493295 100.97058948354264 100.97365767056293 100.97735754314621 100.97934284062993 100.98412560274977 100.98809619771718 100.9926082374529 100.99910557467231 101.00686628301771 101.01462699136314
100.95434614049411 100.99287895983703 101.02112432858254 101.02410227480811 101.03384828063724 101.09584370660583 101.16108780118414 101.17814331138511 101.08140517945158 101.02689973944426 101.00966374765386 101.01363434262129 101.02987768566983 101.04233091534037 101.01065639639572 100.97311622579464 100.9465854321487 100.9409002620817 100.93241762737858 100.92213017678117 100.9159035619459 100.91734741466134 100.91815958181374 100.92339354790717 100.9318761826103 100.94062953969757 100.94586350579098 100.95416565890467 100.95958010658752 100.96616768460166 100.97510152327835 100.97889163665636 100.98159886049777 100.98538897387577 100.98890836486962 100.9913448663269 100.9945935349366 100.99811292593046 101.00163231692432 101.00587363427586 101.01291241626357 101.0221169773244 101.03014840805396
100.95416565890467 100.99513497970489 101.03014840805396 101.03583357812096 101.04864777097036 101.11759173813195 101.19312328330766 101.22533924702059 101.14412253177788 101.07635169494759 101.04612102871836 101.0380895979888 101.03863104275709 101.03962369149895 101.013092897853 100.98214030526606 100.95858745784567 100.9478488032747 100.93963689095571 100.93386148009401 100.92934944035831 100.92564956777503 100.92709342049045 100.93711014870371 100.94712687691698 100.95615095638838 100.96616768460166 100.97564296804664 100.9811476565242 100.98611090023347 100.99161558871104 100.99333016381061 100.99784220354631 101.0009103905666 101.00235424328203 101.00361761440801 101.00785893175957 101.01083687798514 101.01390506500543 101.01733421520457 101.02310962606626 101.03141177917996 101.0393529691148
100.96111420009767 100.99513497970489 101.02789238818612 101.04612102871836 101.09638515137412 101.19889869416936 101.26612808623138 101.23761199510172 101.09864117124198 101.04287236010865 101.04287236010865 101.05315981070608 101.05162571719593 101.03087033441167 101.00984422924328 100.98836692010133 100.96959683480078 100.96138492248181 100.9581362538721 100.95416565890467 100.95010482314255 100.94586350579098 100.94712687691698 100.95064626791084 100.95885818022981 100.96887490844307 100.98087693414006 100.99035221758504 100.99865437069874 101.00433954076573 101.00812965414372 101.00984422924328 101.01164904513757 101.01191976752172 101.01237097149529 101.01408554659486 101.01661228884686 101.02013167984069 101.02410227480811 101.02861431454383 101.03511165176324 101.04485765759236 101.0541524594479
100.96490431347567 100.98665234500176 101.016883011231 101.05866449918362 101.12914255985535 101.2113519238399 101.22633189576244 101.17633849549082 101.0726518223643 101.05559631216335 101.05965714792548 101.084112403293 101.08366119931944 101.05839377679948 101.02283890368211 100.99937629705646 100.98439632513391 100.9798842853982 100.97609417202021 100.97383815215235 100.97040900195321 100.96860418605894 100.97040900195321 100.97311622579464 100.97916235904049 100.98908884645904 100.99865437069874 101.00713700540186 101.01516843613143 101.02040240222483 101.0233803484504 101.02608757229183 101.02662901706012 101.02689973944426 101.02608757229183 101.02563636831826 101.02735094341783 101.0315922607694 101.03637502288923 101.04341380487693 101.05216716196422 101.06191316779334 101.07084700647002
100.96815298208537 100.98990101361147 101.02410227480811 101.0674178562709 101.1313985797232 101.16740465681413 101.18039933125296 101.13663254581662 101.06714713388675 101.05965714792548 101.07608097256345 101.09764852250012 101.09485105786398 101.07887843719959 101.04566982474479 101.02112432858254 101.00614435666 101.00208352089788 100.99784220354631 100.99612762844674 100.99639835083089 100.99486425732074 100.9958569060626 100.99937629705646 101.00533218950758 101.01137832275343 101.01859758633057 101.02491444196055 101.03014840805396 101.03511165176324 101.03908224673066 101.0418797113668 101.04260163772452 101.04233091534037 101.04133826659852 101.0406163402408 101.04440645361879 101.0489184933545 101.05514510818976 101.0623643717669 101.07165917362245 101.08239782819344 101.09133166687013
100.97311622579464 100.99116438473746 101.0246437195764 101.05685968328933 101.10658236117682 101.14385180939375 101.1511613137656 101.11109440091252 101.0681397826286 101.07409567507973 101.09060974051242 101.10089719110984 101.09809972647369 101.0859172191873 101.06958363534405 101.0451283799765 101.03466044778968 101.0291557593121 101.02491444196055 101.02310962606626 101.0233803484504 101.0233803484504 101.02491444196055 101.02834359215969 101.03384828063724 101.04016513626723 101.04359428646637 101.04485765759236 101.04964041971222 101.05261836593779 101.0565889609052 101.05839377679948 101.0611010006409 101.06083027825676 101.0611010006409 101.06037907428319 101.0648911140189 101.0706665248806 101.07689313971588 101.0846538480613 101.09214383402255 101.10234104382526 101.11190656806495
100.98439632513391 101.00235424328203 101.02013167984069 101.04566982474479 101.084112403293 101.10360441495126 101.1109139193231 101.09584370660583 101.07111772885416 101.07734434368945 101.09187311163842 101.10216056223584 101.1071238059451 101.09584370660583 101.08212710580929 101.07409567507973 101.06434966925062 101.05866449918362 101.0554158305739 101.05361101467963 101.05288908832193 101.05315981070608 101.05613775693162 101.0598376295149 101.06561304037662 101.0694031537546 101.07165917362245 101.07111772885416 101.07211037759602 101.07508832382159 101.07761506607359 101.07788578845773 101.0808637346833 101.082849032167 101.08339047693529 101.084112403293 101.0886244430287 101.09458033547985 101.09990454236798 101.10766525071338 101.11316993919095 101.12210377786764 101.1313985797232
100.99766172195689 101.00713700540186 101.02491444196055 101.03763839401523 101.05938642554133 101.07310302633788 101.07310302633788 101.0598376295149 101.06389846527705 101.0783369924313 101.09259503799613 101.1058604348191 101.11587716303238 101.10811645468695 101.1018898398517 101.09358768673799 101.09088046289656 101.08763179428685 101.08483432965072 101.08366119931944 101.08266855057758 101.0846538480613 101.0886244430287 101.0924145564067 101.09539250263227 101.09864117124198 101.09936309759969 101.09909237521555 101.1000850239574 101.1006264687257 101.1026117662094 101.10216056223584 101.1018898398517 101.10414585971955 101.10739452832924 101.10983102978652 101.11434306952223 101.11840390528437 101.12390859376193 101.12860111508706 101.13383508118048 101.1428591606519 101.15260516648102
101.00190303930846 101.00939302526972 101.01516843613143 101.02166577335083 101.04133826659852 101.05388173706378 101.05460366342149 101.05288908832193 101.06561304037662 101.08266855057758 101.09584370660583 101.10811645468695 101.11912583164208 101.11885510925795 101.11434306952223 101.11335042078038 101.11208704965438 101.11316993919095 101.11190656806495 101.11136512329666 101.11335042078038 101.11614788541652 101.12038920276808 101.12336714899364 101.12616461362978 101.1268865399875 101.12634509521921 101.1268865399875 101.12715726237164 101.12715726237164 101.12860111508706 101.12986448621307 101.12887183747121 101.12959376382892 101.13284243243862 101.13563989707477 101.13861784330032 101.14213723429418 101.14484445813561 101.1486345715136 101.15486118634888 101.16289261707843 101.17308982688111
101.01363434262129 101.02139505096669 101.02563636831826 101.02762166580197 101.03736767163109 101.04864777097036 101.05740112805762 101.06786906024448 101.08510505203486 101.1000850239574 101.11289921680681 101.12237450025178 101.12941328223948 101.13184978369678 101.13365459959105 101.13491797071705 101.13636182343248 101.13834712091618 101.13933976965804 101.1415957895259 101.14439325416203 101.1473712003876 101.15134179535502 101.15233444409688 101.15260516648102 101.15233444409688 101.1511613137656 101.15260516648102 101.15341733363346 101.15459046396474 101.15612455747485 101.16135852356828 101.16361454343614 101.163343821052 101.16162924595243 101.16189996833657 101.16361454343614 101.16514863694628 101.16713393443 101.16984115827142 101.17633849549082 101.18491137098867 101.19610122953321
