static/data/precipitation/2023/7/13/0.asc
ncols 137
nrows 93
xllcorner 108.0
yllcorner 17.0
cellsize 0.25
NODATA_value -32767
[rows 69 to 91 of 93, columns 0 to 50 of 137]
0.0 0.0005522413586908637 0.027612067934463386 0.061298790814508924 0.11652292668343917 0.027612067934463386 0.0011044827173782579 0.0 0.0 0.0 0.0 0.0 0.0 0.0 0.0 0.0 0.0 0.0 0.0 0.0 0.0 0.0 0.0005522413586908637 0.0016567240760691215 0.0011044827173782579 0.0016567240760691215 0.0 0.0298210333692199 0.08946310010766317 0.10658258222703137 0.008835861739029532 0.011044827173786048 0.011597068532473442 0.016567240760677338 0.061298790814508924 0.1380603396723204 0.08228396244470276 0.09332878961848881 0.043074825977762465 0.0077313790216512746 0.0016567240760691215 0.0027612067934473794 0.0016567240760691215 0.0005522413586908637 0.0005522413586908637 0.0 0.0 0.0033134481521347736 0.009388103097716927 0.0033134481521347736 0.0
0.0 0.0 0.0027612067934473794 0.024850861141019476 0.1259110297811561 0.05743310130368676 0.02374637842363775 0.0 0.0 0.0 0.0 0.0 0.0 0.0 0.0 0.0 0.0 0.0 0.0005522413586908637 0.0016567240760691215 0.0016567240760691215 0.0 0.0 0.0 0.0 0.0 0.0 0.014910516684611685 0.05080620499941374 0.0811794797273245 0.027612067934463386 0.07455258342305149 0.07289585934698584 0.0690301698361602 0.12756775385722174 0.15738878722644511 0.08891085874897231 0.02098517163019384 0.009388103097716927 0.0022089654347565157 0.0016567240760691215 0.0033134481521347736 0.008283620380338669 0.0016567240760691215 0.0011044827173782579 0.0 0.0 0.0 0.0 0.0 0.0
0.0 0.0 0.0027612067934473794 0.01546275804329908 0.11210499581392266 0.05467189451023938 0.02540310249970687 0.0016567240760691215 0.0 0.0 0.0 0.0 0.0 0.0 0.0 0.0016567240760691215 0.0011044827173782579 0.0016567240760691215 0.0022089654347565157 0.0038656895108256373 0.0027612067934473794 0.0005522413586908637 0.0 0.0 0.0 0.0 0.0 0.006626896304273017 0.03368672288004554 0.0861496519555284 0.04252258461907507 0.11376171988999179 0.15959775266120163 0.1502096495634847 0.16456792488940553 0.11983637483557394 0.033134481521358145 0.023194137064950354 0.010492585815095185 0.0022089654347565157 0.0033134481521347736 0.006074654945582153 0.016567240760677338 0.007179137662960411 0.0022089654347565157 0.0016567240760691215 0.0 0.0 0.0 0.0 0.0
0.0011044827173782579 0.0011044827173782579 0.029268792010532507 0.045836032771209845 0.04417930869514072 0.13750809831362953 0.07455258342305149 0.0022089654347565157 0.0 0.0 0.0 0.0 0.0011044827173782579 0.0011044827173782579 0.005522413586894759 0.00994034445640779 0.0027612067934473794 0.0038656895108256373 0.0038656895108256373 0.008283620380338669 0.008283620380338669 0.0011044827173782579 0.0 0.0 0.0 0.0 0.0038656895108256373 0.013253792608542564 0.024850861141019476 0.0298210333692199 0.0347912055974238 0.0392091364669403 0.1336424088028039 0.1899710273891124 0.15904551130251077 0.05964206673844327 0.0298210333692199 0.02374637842363775 0.016567240760677338 0.008283620380338669 0.004970172228203895 0.007179137662960411 0.014358275325920822 0.012149309891164306 0.005522413586894759 0.0016567240760691215 0.0 0.0 0.0 0.0 0.0033134481521347736
0.014358275325920822 0.04528379141252245 0.0982989618466927 0.1380603396723204 0.025955343858397734 0.09940344456407096 0.06185103217319979 0.0038656895108256373 0.0 0.0 0.0 0.0 0.0022089654347565157 0.01546275804329908 0.029268792010532507 0.019328447554124717 0.0027612067934473794 0.0011044827173782579 0.0038656895108256373 0.0038656895108256373 0.0016567240760691215 0.0 0.0 0.0 0.0 0.0 0.0016567240760691215 0.0171194821193682 0.037552412390871176 0.047492756847278966 0.09167206554241969 0.07234361798829497 0.09608999641193272 0.11320947853130092 0.07289585934698584 0.024850861141019476 0.02264189570625949 0.01546275804329908 0.014910516684611685 0.0171194821193682 0.014910516684611685 0.0044179308695130315 0.008835861739029532 0.005522413586894759 0.004970172228203895 0.0027612067934473794 0.0011044827173782579 0.0016567240760691215 0.0022089654347565157 0.0077313790216512746 0.0171194821193682
0.13529913287887302 0.19383671689993803 0.22918016385604922 0.08891085874897231 0.033134481521358145 0.019328447554124717 0.025955343858397734 0.01988068891281558 0.0 0.0 0.0 0.0 0.0 0.0038656895108256373 0.005522413586894759 0.0016567240760691215 0.0016567240760691215 0.0011044827173782579 0.0011044827173782579 0.0016567240760691215 0.0016567240760691215 0.0 0.0 0.0 0.0 0.0 0.0038656895108256373 0.027612067934463386 0.07620930749912061 0.07897051429256799 0.04970172228203548 0.10658258222703137 0.13916482238969866 0.12701551249853435 0.09056758282504143 0.03202999880397989 0.011597068532473442 0.0347912055974238 0.037552412390871176 0.04362706733645333 0.0469405154885881 0.006074654945582153 0.008835861739029532 0.010492585815095185 0.008835861739029532 0.008835861739029532 0.008835861739029532 0.008835861739029532 0.01546275804329908 0.05467189451023938 0.11928413347688308
0.013253792608542564 0.030373274727910765 0.0298210333692199 0.008835861739029532 0.0027612067934473794 0.022089654347572096 0.06019430809713067 0.051358446358104604 0.0 0.0 0.0 0.0 0.0 0.0011044827173782579 0.0011044827173782579 0.0011044827173782579 0.0 0.0011044827173782579 0.0011044827173782579 0.0005522413586908637 0.0 0.0 0.0 0.0 0.0 0.0 0.0016567240760691215 0.018776206195437323 0.051358446358104604 0.06074654945582153 0.14855292548741558 0.2070905095084806 0.21592637124750666 0.1921799928238689 0.16567240760678378 0.1159706853247483 0.017671723478055595 0.02540310249970687 0.045836032771209845 0.050253963640722876 0.030373274727910765 0.01546275804329908 0.012149309891164306 0.00994034445640779 0.00994034445640779 0.014910516684611685 0.020432930271502975 0.02705982657577599 0.02816430929315425 0.08394068652077188 0.07013465255353846
0.0 0.0 0.0 0.0 0.0 0.00994034445640779 0.01988068891281558 0.01270155124985517 0.0 0.0 0.0 0.0 0.0 0.0 0.0 0.0 0.0 0.0011044827173782579 0.0005522413586908637 0.0 0.0 0.0 0.0 0.0 0.0 0.0 0.0011044827173782579 0.011044827173786048 0.037552412390871176 0.023194137064950354 0.08835861739028492 0.18444861380221764 0.21537412988881927 0.1971501650520728 0.2070905095084806 0.1800306829327046 0.13088120200936 0.04417930869514072 0.0469405154885881 0.045836032771209845 0.03810465374956204 0.08394068652077188 0.018776206195437323 0.018776206195437323 0.023194137064950354 0.029268792010532507 0.0347912055974238 0.03700017103218031 0.045836032771209845 0.07565706614042975 0.06571672168402543
0.0 0.0 0.0 0.0 0.0 0.0038656895108256373 0.00994034445640779 0.0016567240760691215 0.0 0.0 0.0 0.0 0.0 0.0 0.0 0.0 0.0 0.0005522413586908637 0.0 0.0 0.0 0.0 0.0 0.0 0.0 0.0 0.0005522413586908637 0.0038656895108256373 0.055776377227617635 0.020432930271502975 0.03976137782562769 0.1032691340748966 0.12701551249853435 0.17616499342187897 0.18665757923697415 0.18444861380221764 0.1579410285851325 0.08835861739028492 0.051358446358104604 0.08007499700994625 0.07565706614042975 0.07620930749912061 0.021537412988881233 0.018776206195437323 0.023194137064950354 0.02816430929315425 0.03976137782562769 0.07676154885781147 0.08946310010766317 0.12646327113984349 0.14634396005265907
0.0 0.0 0.0 0.0 0.0 0.0016567240760691215 0.0016567240760691215 0.0 0.0 0.0 0.0 0.0 0.0 0.0 0.0 0.0 0.0 0.0 0.0 0.0 0.0 0.0 0.0 0.0 0.0 0.0 0.0 0.0011044827173782579 0.06461223896664717 0.019328447554124717 0.008835861739029532 0.019328447554124717 0.0811794797273245 0.13585137423756388 0.1380603396723204 0.13971706374838605 0.13640361559625128 0.11320947853130092 0.10603034086834051 0.1032691340748966 0.10050792728144922 0.06461223896664717 0.03258224016266728 0.0298210333692199 0.02264189570625949 0.0298210333692199 0.04197034326038421 0.061298790814508924 0.07676154885781147 0.1457917186939682 0.18665757923697415
0.0 0.0 0.0 0.0 0.0 0.0 0.0 0.0 0.0 0.0 0.0 0.0 0.0 0.0 0.0 0.0 0.0 0.0 0.0 0.0 0.0 0.0 0.0 0.0 0.0 0.0011044827173782579 0.0016567240760691215 0.012149309891164306 0.10713482358571877 0.04528379141252245 0.0077313790216512746 0.01822396483674646 0.035895688314802054 0.09056758282504143 0.0982989618466927 0.10603034086834051 0.1502096495634847 0.17837395885663548 0.15241861499824122 0.0690301698361602 0.06626896304271282 0.07013465255353846 0.037552412390871176 0.033134481521358145 0.026507585217085128 0.025955343858397734 0.0298210333692199 0.0342389642387364 0.03368672288004554 0.1032691340748966 0.16456792488940553
0.0 0.0 0.0 0.0 0.0 0.0 0.0 0.0 0.0 0.0 0.0 0.0 0.0 0.0 0.0 0.0 0.0 0.0 0.0 0.0 0.0 0.0 0.0 0.0 0.0005522413586908637 0.0016567240760691215 0.010492585815095185 0.033134481521358145 0.12756775385722174 0.08449292787945928 0.04362706733645333 0.040313619184318555 0.05798534266237415 0.04252258461907507 0.05798534266237415 0.09940344456407096 0.17671723478056983 0.20598602679109887 0.15462758043299774 0.0690301698361602 0.07013465255353846 0.0740003420643641 0.03976137782562769 0.033134481521358145 0.02540310249970687 0.01546275804329908 0.013806033967233428 0.00994034445640779 0.01270155124985517 0.028716550651841644 0.09001534146635404
0.0 0.0 0.0 0.0 0.0 0.0 0.0 0.0 0.0 0.0 0.0 0.0 0.0 0.0 0.0 0.0 0.0 0.0 0.0 0.0 0.0 0.0 0.0 0.0 0.0005522413586908637 0.009388103097716927 0.021537412988881233 0.04528379141252245 0.0640599976079563 0.10271689271620574 0.15683654586775425 0.12425430570508697 0.10823930630309703 0.07952275565125538 0.0298210333692199 0.07123913527091671 0.1551798217916886 0.1480006841287282 0.14137378782445517 0.08228396244470276 0.0811794797273245 0.08062723836863364 0.04362706733645333 0.03976137782562769 0.016567240760677338 0.01270155124985517 0.014358275325920822 0.008835861739029532 0.012149309891164306 0.02705982657577599 0.07289585934698584
0.0 0.0 0.0 0.0 0.0 0.0 0.0 0.0 0.0 0.0 0.0 0.0 0.0 0.0 0.0 0.0 0.0 0.0 0.0 0.0 0.0 0.0 0.0 0.0 0.0005522413586908637 0.008835861739029532 0.0342389642387364 0.033134481521358145 0.09608999641193272 0.051910687716792 0.13695585695494214 0.1330901674441165 0.16567240760678378 0.18334413108483938 0.0298210333692199 0.08338844516208102 0.14855292548741558 0.10879154766178789 0.08780637603159405 0.05964206673844327 0.03644792967349292 0.038656895108249434 0.04086586054300595 0.011597068532473442 0.013253792608542564 0.010492585815095185 0.010492585815095185 0.012149309891164306 0.020432930271502975 0.11265723717261353 0.16843361440023116
0.0 0.0 0.0 0.0 0.0 0.0 0.0 0.0 0.0 0.0 0.0 0.0 0.0 0.0 0.0 0.0 0.0 0.0 0.0 0.0 0.0 0.0 0.0 0.0 0.0005522413586908637 0.013253792608542564 0.05080620499941374 0.02816430929315425 0.022089654347572096 0.03976137782562769 0.06847792847746934 0.06792568711878194 0.05522413586892677 0.05743310130368676 0.08228396244470276 0.14137378782445517 0.17064257983498768 0.07897051429256799 0.054119653151548514 0.04473155005383159 0.030373274727910765 0.01822396483674646 0.011044827173786048 0.0044179308695130315 0.0016567240760691215 0.0038656895108256373 0.0038656895108256373 0.021537412988881233 0.05467189451023938 0.16346344217202727 0.16567240760678378
0.0 0.0 0.0 0.0 0.0 0.0 0.0 0.0 0.0 0.0 0.0 0.0 0.0 0.0 0.0 0.0 0.0 0.0 0.0 0.0 0.0 0.0 0.0 0.0 0.0011044827173782579 0.03644792967349292 0.1408215464657643 0.3125686090181302 0.06682120440140368 0.09940344456407096 0.10989603037916615 0.0938810309771762 0.07786603157518973 0.07897051429256799 0.08891085874897231 0.12480654706377783 0.12756775385722174 0.08007499700994625 0.033134481521358145 0.04528379141252245 0.03202999880397989 0.008835861739029532 0.0027612067934473794 0.005522413586894759 0.006074654945582153 0.008283620380338669 0.013253792608542564 0.024850861141019476 0.1380603396723204 0.22807568113867097 0.3247179189092946
0.0 0.0 0.0 0.0 0.0 0.0005522413586908637 0.0016567240760691215 0.0016567240760691215 0.0 0.0 0.0 0.0 0.0 0.0 0.0 0.0 0.0 0.0 0.0 0.0 0.0 0.0 0.0 0.0 0.0011044827173782579 0.035895688314802054 0.1281199952159126 0.5428532555915577 0.38877791651725085 0.16014999401988902 0.15186637363955036 0.08394068652077188 0.05964206673844327 0.08283620380339016 0.10161240999882748 0.11652292668343917 0.05356741179286112 0.023194137064950354 0.023194137064950354 0.017671723478055595 0.01546275804329908 0.0022089654347565157 0.0005522413586908637 0.0016567240760691215 0.0016567240760691215 0.0016567240760691215 0.0033134481521347736 0.0033134481521347736 0.043074825977762465 0.04362706733645333 0.09167206554241969
0.0 0.0 0.0 0.0 0.0 0.0 0.0005522413586908637 0.0005522413586908637 0.0 0.0 0.0 0.0 0.0 0.0 0.0 0.0 0.0 0.0 0.0 0.0 0.0 0.0 0.0 0.0 0.0011044827173782579 0.04086586054300595 0.18058292429139547 0.6985853187419337 0.5610772204283042 0.4749275684727793 0.22918016385604922 0.14634396005265907 0.09774672048800184 0.12535878842246523 0.07841827293387713 0.07123913527091671 0.019328447554124717 0.008835861739029532 0.006074654945582153 0.0033134481521347736 0.0016567240760691215 0.0016567240760691215 0.0 0.0 0.0 0.0 0.0 0.0 0.0 0.0005522413586908637 0.0005522413586908637
0.0 0.0 0.0 0.0 0.0 0.0 0.0033134481521347736 0.0 0.0 0.0 0.0 0.0 0.0 0.0 0.0 0.0 0.0 0.0 0.0 0.0 0.0 0.0 0.0 0.0 0.0016567240760691215 0.03976137782562769 0.3075984367899264 0.712943594067858 0.6533015273294147 0.7930185910778008 0.5903460124388367 0.18334413108483938 0.1336424088028039 0.23415033608425312 0.16512016624809292 0.053015170434170256 0.019328447554124717 0.006626896304273017 0.009388103097716927 0.0044179308695130315 0.0 0.0 0.0 0.0 0.0 0.0 0.0 0.0 0.0 0.0 0.0
0.0 0.0 0.0 0.0 0.0 0.0 0.0033134481521347736 0.0 0.0 0.0 0.0 0.0 0.0 0.0 0.0 0.0 0.0 0.0 0.0 0.0 0.0 0.0 0.0 0.0016567240760691215 0.0033134481521347736 0.07179137662960758 0.3661360208109914 0.6262417007536387 0.6019430809713135 0.8040634182515869 1.0547809950965172 0.6461223896664543 0.12756775385722174 0.22365775026915793 0.22034430211702316 0.0938810309771762 0.02540310249970687 0.014910516684611685 0.01546275804329908 0.014358275325920822 0.009388103097716927 0.0011044827173782579 0.0011044827173782579 0.0 0.0 0.0 0.0 0.0 0.0 0.0 0.0
0.0 0.0 0.0 0.0 0.0 0.0 0.0 0.0 0.0 0.0 0.0 0.0 0.0 0.0 0.0 0.0 0.0 0.0 0.0 0.0 0.0 0.0 0.0 0.0016567240760691215 0.0044179308695130315 0.07620930749912061 0.2810908515728412 0.5025396364072426 0.37773308934346483 0.6891972156442168 1.0879154766178754 1.1856621971058772 0.6660030785792664 0.11652292668343917 0.17174706255236594 0.1778217174979481 0.12259758162902132 0.06461223896664717 0.02374637842363775 0.02816430929315425 0.0298210333692199 0.020432930271502975 0.0038656895108256373 0.0022089654347565157 0.0 0.0 0.0 0.0 0.0 0.0 0.0
0.0 0.0 0.0 0.0 0.0 0.0 0.0 0.0 0.0 0.0 0.0 0.0 0.0 0.0 0.0 0.0 0.0 0.0 0.0 0.0 0.0 0.0 0.0 0.0027612067934473794 0.006626896304273017 0.07179137662960758 0.24077723238852614 0.33134481521356757 0.15462758043299774 0.5892415297214584 0.9465416887934203 1.2800954694417443 1.1293335785195722 0.3771808479847774 0.09167206554241969 0.17450826934581332 0.24022499102983527 0.07620930749912061 0.03202999880397989 0.02264189570625949 0.03534344695611466 0.040313619184318555 0.01822396483674646 0.007179137662960411 0.0011044827173782579 0.0016567240760691215 0.0 0.0 0.0 0.0 0.0
0.0 0.0 0.0 0.0 0.0 0.0 0.0 0.0 0.0 0.0 0.0 0.0 0.0 0.0 0.0 0.0 0.0 0.0 0.0 0.0 0.0016567240760691215 0.0016567240760691215 0.0 0.0016567240760691215 0.006074654945582153 0.07289585934698584 0.311464126300752 0.12314982298770871 0.2744639552685717 0.7560184200456205 0.9940344456406992 0.9266609998806081 1.053676512379139 1.028825651238123 0.22918016385604922 0.0469405154885881 0.0027612067934473794 0.0016567240760691215 0.0016567240760691215 0.0027612067934473794 0.06792568711878194 0.07179137662960758 0.026507585217085128 0.03644792967349292 0.01546275804329908 0.01822396483674646 0.011597068532473442 0.014358275325920822 0.013806033967233428 0.008835861739029532 0.008835861739029532
