static/data/precipitation/2023/7/13/18.asc
ncols 137
nrows 93
xllcorner 108.0
yllcorner 17.0
cellsize 0.25
NODATA_value -32767
[rows 0 to 22 of 93, columns 53 to 105 of 137]
0.03700017103218031 0.022089654347572096 0.005522413586894759 0.0005522413586908637 0.0 0.004970172228203895 0.024850861141019476 0.11762740940081742 0.2026725786389641 0.15462758043299774 0.23525481880163138 0.18058292429139547 0.12701551249853435 0.018776206195437323 0.013253792608542564 0.1380603396723204 0.566047392656508 0.9156161727068222 1.3148866750391681 2.2111744001918656 2.185771297692159 2.4536083566564573 2.8849088577927815 5.088351878962996 6.429746139219249 5.7162503037927035 3.8071519268038747 4.996127572061887 4.292572081091747 1.1376171988999109 1.282304434876501 1.5087233919391028 1.6953809711760803 3.7679427903369365 4.24507932424447 3.8761820966400333 2.9892824745850546 2.5878030068179503 2.243756640354533 1.5788580444926412 1.4452156356898374 0.8609442781965827 0.5864803229280111 0.39374808874545475 0.24353843918197005 0.14468723597658995 0.2148218885301284 0.15297085635692861 0.07676154885781147 0.009388103097716927 0.0038656895108256373 0.0 0.0
0.008835861739029532 0.0038656895108256373 0.0 0.0 0.0 0.0016567240760691215 0.02098517163019384 0.10492585815096225 0.34128515966997186 0.49425601602690394 0.5185546358092326 0.2424339564645918 0.08725413467290666 0.0027612067934473794 0.011597068532473442 0.17229930391105333 0.4456587764622467 0.8432725547185271 0.7510482478174165 1.0531242710204516 1.5987387334054568 2.285726983614917 2.977685406052581 4.6852156871198245 8.03290280349422 5.894624262649341 5.145784980266681 5.816205989715463 2.9627748893679695 1.6075745951444862 0.796332039229939 0.8106903145558598 0.9879597906951171 1.640709076665841 2.430414219591507 2.7518186903486668 2.7667292070332765 2.8164309293153122 2.941789717737777 3.4940310764270537 3.2532538440385292 1.7826351058489869 1.232050471235778 0.7968842805886265 0.5439577383089395 0.3672405035283696 0.21150844037799363 0.12425430570508697 0.05080620499941374 0.03147775744528902 0.014910516684611685 0.0 0.0
0.0011044827173782579 0.0005522413586908637 0.0 0.0 0.0016567240760691215 0.0171194821193682 0.0469405154885881 0.08946310010766317 0.1281199952159126 0.15904551130251077 0.21813533668226318 0.0817317210860119 0.025955343858397734 0.018776206195437323 0.0695824111948476 0.2987625750509003 0.5196591185266108 0.5947639433083497 0.582062392058498 0.7278541107524662 0.925004275804539 0.9481984128694894 2.3934140485593267 4.844261198422337 8.191948314796731 7.447526963283586 5.476577554121557 2.9489688554007376 1.7384557971538428 2.0598602679110027 2.1576069883990043 0.5677041167325771 0.3943003301041456 0.508062049994134 0.5726742889607811 0.6549582514054839 0.8835861739028422 1.3888870171035324 2.3729811182878238 3.935824163378475 4.506289486904498 3.6215988302842774 3.272030050233965 2.310577844755933 1.2988716756371783 0.66379411314451 0.40092722640841516 0.25237430092099955 0.1402693051070769 0.08891085874897231 0.04417930869514072 0.004970172228203895 0.0005522413586908637
0.008283620380338669 0.040313619184318555 0.04362706733645333 0.0 0.0005522413586908637 0.0016567240760691215 0.018776206195437323 0.023194137064950354 0.027612067934463386 0.048597239564657224 0.06737344576009108 0.10989603037916615 0.10050792728144922 0.12425430570508697 0.08283620380339016 0.18776206195435588 0.24298619782328265 0.30483722999648244 0.5500323932545216 0.7886006602082878 0.9459894474347329 1.419260291831443 2.072009577802167 4.0214215739753145 7.721990918552158 8.630427953596017 7.026719047962357 4.253362944624809 2.888774547303607 2.0929947494323606 1.2143787477577188 1.133199268030398 0.7593318681977552 0.3760763652673992 0.0988512032053801 0.1452394773352808 0.24519516325803917 0.629555148905777 1.0525720296617607 2.554668525296594 3.364254357135074 3.7171365853375224 4.0109289881602175 4.018660367181867 4.048481400551088 1.8246054491093713 1.0884677179765663 0.44289756966879934 0.24298619782328265 0.15186637363955036 0.08228396244470276 0.04086586054300595 0.011044827173786048
0.004970172228203895 0.03202999880397989 0.033134481521358145 0.0011044827173782579 0.0 0.0011044827173782579 0.0011044827173782579 0.0016567240760691215 0.0044179308695130315 0.004970172228203895 0.011597068532473442 0.028716550651841644 0.03368672288004554 0.04417930869514072 0.07344810070567323 0.09995568592275836 0.1480006841287282 0.15352309771561948 0.8311232448273629 1.1646770254756835 1.9770240641076124 3.7823010656628573 4.838738784835444 6.8152106075843655 9.578074125106816 9.866344114342617 7.976021943549225 5.088351878962996 2.846251962684532 1.6948287298173894 1.039870478411909 1.1044827173785527 0.4539423968425854 0.09774672048800184 0.25513550771444693 0.024298619782328612 0.09940344456407096 0.1728515452697442 0.39153912331069823 1.2088563341708276 1.6694256273176826 2.2111744001918656 2.6253554192088213 3.13783540007247 3.0610738512146605 2.535340077742469 2.123920265518959 1.5490370111234213 0.9227953103697826 0.21150844037799363 0.14689620141134646 0.10934378902047875 0.038656895108249434
0.0033134481521347736 0.020432930271502975 0.01988068891281558 0.0011044827173782579 0.0005522413586908637 0.0 0.0 0.0 0.0 0.0 0.0 0.0 0.004970172228203895 0.005522413586894759 0.021537412988881233 0.043074825977762465 0.043074825977762465 0.0469405154885881 0.6113311840690305 1.1481097847150061 1.9709494091620303 4.393632249731886 8.973369837342059 11.35242561057546 13.846347586416236 11.086245275687231 9.189848449948254 6.3198501088400825 3.6028226240888417 2.298428534864769 1.1492142674323844 0.8996011733048321 0.4252258461907438 0.3357627460830806 0.4417930869514211 0.1386125810310078 0.08062723836863364 0.15904551130251077 0.24298619782328265 0.39485257146283304 0.857078588685757 0.9200341035763351 1.512036840091241 2.0582035438349333 2.7076393816535242 2.7137140365991064 2.265294053343414 1.6545151106330744 1.0050792728144853 0.4522856727665163 0.21206068173668102 0.14247827054183343 0.10713482358571877
0.0016567240760691215 0.0022089654347565157 0.0016567240760691215 0.0005522413586908637 0.0005522413586908637 0.0005522413586908637 0.0 0.0 0.0 0.0 0.0 0.0 0.0005522413586908637 0.0011044827173782579 0.01546275804329908 0.0027612067934473794 0.0027612067934473794 0.0022089654347565157 0.12038861619426133 0.658823940916306 1.392752706614358 3.6436884846318476 8.259874001915513 12.721984180124869 15.168413399118366 12.273564196869176 9.36877465016358 6.503746481283613 4.186541740223407 2.639161453176053 1.4866337375915342 1.0360047889010835 0.7007942841766936 0.6107789427103396 1.0144673759122023 0.4042406745605499 0.3457030905394884 0.4445542937448685 0.949855136945555 0.8780637603159509 0.3009715404856568 0.31753878124633417 0.731167558904601 1.0669303049876815 1.7009033847629715 2.2768911218758876 2.798759205837255 2.1852190563334677 1.911307342423587 1.1701994390625783 0.9294222066740521 0.32747912570274196 0.20101585456289844
0.0011044827173782579 0.0011044827173782579 0.0005522413586908637 0.0005522413586908637 0.0005522413586908637 0.0005522413586908637 0.0005522413586908637 0.0 0.0 0.0 0.0 0.0005522413586908637 0.0011044827173782579 0.004970172228203895 0.0298210333692199 0.06737344576009108 0.009388103097716927 0.013253792608542564 0.02540310249970687 0.3081506781486172 1.7771126922620923 3.59619572778457 7.2763321420899105 11.82790542040693 13.268703125227251 10.764288563571382 7.457467307739994 5.562727206077084 4.07719795120293 2.8120129984457973 1.9825464776945037 1.419260291831443 1.1193932340631645 0.7085256631983415 1.186214438464568 0.5704653235260246 0.32637464298536367 0.5947639433083497 1.5650520105254113 0.5113754981462721 0.14855292548741558 0.13032896065066912 0.16125447673727075 0.35453895227851445 0.64998807917728 1.4965740820479418 2.09244250807367 2.763968000239831 3.0748798851818937 2.400593186222287 2.065934922856585 1.3115732268870333 0.848242726946731
0.0011044827173782579 0.0005522413586908637 0.0 0.0 0.0 0.0 0.0 0.0 0.0 0.0005522413586908637 0.0005522413586908637 0.0005522413586908637 0.0011044827173782579 0.008283620380338669 0.04638827412990071 0.12480654706377783 0.1452394773352808 0.12922447793329087 0.40368843320186254 0.6323163556992208 3.0152378184434507 3.391866425069539 5.653847030260815 10.204868067219145 10.920020626721758 8.407874686044238 5.697474097597268 4.483095349839549 3.7673905489782453 3.5807329697412715 2.897610409042635 1.7594409687840367 1.684888385360985 1.242543057050873 0.64998807917728 0.3451508491807975 0.3059417127138607 0.48376343021180535 0.814556004066682 0.1750605107045007 0.14634396005265907 0.10879154766178789 0.07786603157518973 0.07013465255353846 0.17174706255236594 0.33410602200701145 1.0382137543358398 1.8980535498150444 2.8241623083369616 3.194164018658777 3.702226068652911 2.876072996053754 1.8765161368261631
0.0016567240760691215 0.0016567240760691215 0.0011044827173782579 0.0005522413586908637 0.0 0.0 0.0 0.0 0.0 0.0 0.0005522413586908637 0.0011044827173782579 0.0033134481521347736 0.00994034445640779 0.09222430690111055 0.14468723597658995 0.3479120559742449 0.5903460124388367 0.9189296208589569 1.3772899485710552 1.468962014113475 1.6191716636769597 2.9489688554007376 6.901360259539892 8.914280011962306 7.619826267194641 5.040859122115719 3.7983160650648453 3.518329696209382 3.4934788350683648 3.292462980505468 2.117293369214686 2.321622671929719 2.0062928561181415 1.3463644324844573 0.712943594067858 0.3396284355939062 0.23249361200818747 0.33741947015914975 0.3252701602679854 0.2915834373879399 0.1159706853247483 0.08725413467290666 0.06516448032533456 0.048597239564657224 0.07786603157518973 0.1607022353785799 0.6687642853727138 1.6506494211222487 2.4331754263849543 3.1869848809958166 3.68786779332699 3.44322487142764
0.0 0.0011044827173782579 0.0016567240760691215 0.0011044827173782579 0.0 0.0 0.0 0.0 0.0005522413586908637 0.0005522413586908637 0.0016567240760691215 0.0016567240760691215 0.008283620380338669 0.09001534146635404 0.2197920607583323 0.4373751560819081 0.3258224016266728 0.7455258342305253 1.1613635773235487 1.2381251261813602 1.074109442650642 1.375080983136299 2.7490574835552195 6.163013562972329 9.319072927881546 8.035111768928978 5.163456703744738 3.8695552003357623 3.563613487621903 3.5172252134920043 3.375851425667549 2.7490574835552195 2.9793421301286487 2.892087995455742 2.308921120679867 1.0271689271620539 0.6085699772755832 0.39209136466938566 0.46995739624457533 0.9962434110754558 0.4174944671690925 0.17395602798712245 0.12756775385722174 0.0867018933142158 0.06682120440140368 0.05743310130368676 0.07013465255353846 0.10768706494440963 0.3125686090181302 1.0089449623253075 1.8582921719894168 2.8705505824668607 3.2217760865932403
0.0011044827173782579 0.0005522413586908637 0.0 0.0 0.0 0.0 0.0 0.0005522413586908637 0.0005522413586908637 0.0005522413586908637 0.004970172228203895 0.01546275804329908 0.0982989618466927 0.349568780050314 0.5793011852650507 0.6163013562972344 0.602495322330001 0.582062392058498 0.5290472216243278 0.5511368759718999 0.8603920368378919 1.7495006243276288 3.708300723598493 7.4790047207288755 10.878602524820064 9.298639997610042 5.890206331779826 3.915391233106972 3.7673905489782453 3.5249565925136537 3.2151491902889693 2.8550878244235616 2.779982999641819 2.327697326875301 1.6429180421005976 0.9758104808039527 1.152527715584519 1.0868109939004973 0.848242726946731 0.3291358497788076 0.3125686090181302 0.24519516325803917 0.20432930271503322 0.14744844277003732 0.11376171988999179 0.09608999641193272 0.09940344456407096 0.1209408575529522 0.1949411996173163 0.4136287776582669 0.690853939720286 1.1459008192802496 1.9764718227489215
0.0 0.0 0.0 0.0 0.0 0.0 0.0 0.0 0.0 0.0005522413586908637 0.0033134481521347736 0.006626896304273017 0.11486620260737004 0.27667292070332816 0.4141810190169577 0.5428532555915577 0.4489722246143815 0.39650929553890213 0.4136287776582669 0.7477347996652818 0.9156161727068222 1.3955139134078018 3.0395364382257792 7.238227488340351 9.632746019617054 7.557975235021441 4.400811387394846 4.713379996412977 3.704987275446358 3.490717628274919 3.3786126324609946 3.0345662659975754 2.1890847458442932 2.2454133644305987 2.0852633704107095 0.8162127281427511 0.6466746310251417 0.5047486018419991 0.322508953474538 0.20653826814978973 0.21647861260619752 0.2247622329865362 0.20101585456289844 0.155732063150376 0.12646327113984349 0.11155275445523527 0.11210499581392266 0.1259110297811561 0.1728515452697442 0.24519516325803917 0.43627067336452985 0.5925549778735932 1.3424987429736315
0.0 0.0 0.0 0.0 0.0 0.0 0.0 0.0 0.0005522413586908637 0.0011044827173782579 0.0033134481521347736 0.008835861739029532 0.08559741059683754 0.23028464657342748 0.3860167097238035 0.34846429733293227 0.47713653390753574 0.4412408455927337 0.557211530917482 0.8614965195552736 1.1365127161825326 1.5059621851456588 3.178701260615478 6.272357351992806 7.945096427462625 6.2834021791665915 4.1843327747886505 3.890540371965954 4.0783024339203084 3.6486586568600514 3.2041043631151847 2.5011011135037347 3.0892381605078145 2.353652670733699 1.0028703073797254 0.44621101782093764 0.3434941251047319 0.3053894713551698 0.1977024064107602 0.2220010261930888 0.2650758521708547 0.26673257624692037 0.23635930151900963 0.1850008551609085 0.15241861499824122 0.13198568472673824 0.13032896065066912 0.1209408575529522 0.13032896065066912 0.18334413108483938 0.22365775026915793 0.3197477466810906 0.8438247960772145
0.0005522413586908637 0.017671723478055595 0.022089654347572096 0.009388103097716927 0.0022089654347565157 0.0016567240760691215 0.0016567240760691215 0.0027612067934473794 0.0038656895108256373 0.0033134481521347736 0.005522413586894759 0.016567240760677338 0.1110005130965444 0.2650758521708547 0.37938981341953393 0.28992671331187075 0.4721663616793319 0.6654508372205791 0.805720142327656 1.256901332376794 1.8875609639999493 2.430414219591507 4.269930185385488 7.118943354863467 7.3807057588821845 6.546821307261376 4.79511171749899 4.211392601364425 3.230059706973581 2.8849088577927815 2.3519959466576297 1.7434259693820466 1.9079938942714523 1.4794545999285738 0.3628225726588566 0.24795637005148655 0.2220010261930888 0.1921799928238689 0.214269647171441 0.23359809472556572 0.25568774907313435 0.24353843918197005 0.21371740581275014 0.1899710273891124 0.17229930391105333 0.15462758043299774 0.14910516684610645 0.13253792608542564 0.11376171988999179 0.0867018933142158 0.11928413347688308 0.13916482238969866 0.24629964597541742
0.09940344456407096 0.11652292668343917 0.0867018933142158 0.06074654945582153 0.035895688314802054 0.008835861739029532 0.008835861739029532 0.005522413586894759 0.004970172228203895 0.004970172228203895 0.04970172228203548 0.09277654825979795 0.19604568233469455 0.3230611948332289 0.4368229147232172 0.6262417007536387 0.868675657218234 1.060303408683412 1.0752139253680237 1.3839168448753283 2.159815953833761 4.52782689989338 6.39826838177396 8.413397099631132 5.904564607105747 5.064053259180669 4.347243975601987 3.873420889846588 3.189193846430573 2.217801296496135 1.6644554550894788 1.215483230475097 0.8438247960772145 0.41915119124516165 0.2490608527688648 0.15738878722644511 0.13750809831362953 0.11541844396605744 0.13695585695494214 0.1380603396723204 0.1380603396723204 0.12701551249853435 0.13088120200936 0.1209408575529522 0.1110005130965444 0.103821375433584 0.0988512032053801 0.08338844516208102 0.06185103217319979 0.0347912055974238 0.02816430929315425 0.0347912055974238 0.06737344576009108
0.11983637483557394 0.1159706853247483 0.08559741059683754 0.06516448032533456 0.03976137782562769 0.012149309891164306 0.009388103097716927 0.004970172228203895 0.004970172228203895 0.029268792010532507 0.0740003420643641 0.45283791412520713 0.6301073902644644 0.7582273854803769 1.0591989259660337 1.2596625391702414 1.335319605310671 1.1674382322691308 1.1823487489537425 1.563947527808033 3.972824334410657 6.349118900850615 7.734692469802011 8.833100532234981 5.791355128574446 4.16997449946273 3.450956250449291 3.443777112786331 2.871655065184239 1.8963968257389754 1.3794989140058154 0.965870136347545 0.575435495754225 0.3219567121158472 0.15131413228086296 0.08062723836863364 0.05743310130368676 0.03534344695611466 0.035895688314802054 0.03368672288004554 0.03534344695611466 0.029268792010532507 0.03258224016266728 0.03644792967349292 0.0347912055974238 0.027612067934463386 0.025955343858397734 0.0171194821193682 0.008835861739029532 0.008283620380338669 0.0016567240760691215 0.0005522413586908637 0.0016567240760691215
0.5340173938525317 0.5329129111351534 0.016014999401989943 0.0171194821193682 0.017671723478055595 0.011044827173786048 0.00994034445640779 0.008835861739029532 0.01270155124985517 0.040313619184318555 0.9448849647173512 1.6235895945464727 1.8096949324247595 1.6362911457963278 2.0200988900853747 1.593768561177253 1.2270802990075742 1.0619601327594812 2.3464735330707387 3.2195671211584838 6.845031640953585 8.10855986963465 9.448849647173525 7.914723152734714 5.4589058306435 3.803286237293049 3.39849332137381 3.588464348762921 2.0239645795962007 1.4993352888413858 1.1724084044973346 0.8294665207512937 0.498673946896417 0.2468518873341083 0.10106016864013662 0.024850861141019476 0.0044179308695130315 0.006074654945582153 0.008835861739029532 0.0171194821193682 0.012149309891164306 0.0038656895108256373 0.0 0.0011044827173782579 0.0005522413586908637 0.0005522413586908637 0.0 0.0 0.0 0.0 0.0 0.0 0.0
1.5622908037319638 0.9404670338478381 0.04804499820596636 0.0469405154885881 0.08449292787945928 0.07455258342305149 1.4424544288963899 1.4402454634616333 1.4479768424832846 0.9272132412392955 2.067039405573963 3.206313328549941 2.4828771486669883 2.005188373400763 1.936710444923294 1.4098721887337227 1.434723049874742 2.3022942243755944 3.702226068652911 6.547373548620064 8.139485385721251 8.471382442293505 7.299526279154859 5.593100480804995 3.4393591819168163 3.1858803982784383 3.2068655699086306 2.7402216218161914 1.661142006937344 1.1790353008016077 1.0382137543358398 0.7339287656980484 0.4296437770602568 0.2148218885301284 0.07731379021649887 0.00994034445640779 0.0038656895108256373 0.00994034445640779 0.01546275804329908 0.01822396483674646 0.0022089654347565157 0.0005522413586908637 0.0 0.0 0.0 0.0 0.0 0.0 0.0 0.0 0.0 0.0 0.0
0.5003306709724862 0.40368843320186254 0.6417044587969413 0.6356298038513591 0.8024066941755177 2.302846465734285 5.110993774669257 7.816976432246713 8.191948314796731 5.5063985874907795 2.6524152457845958 2.095755956225805 1.532469770362744 1.4512902906354195 1.5943208025359437 2.071457336443476 2.3100256033972455 4.13904898337613 6.037102533191174 7.4966764442069325 7.072555080733567 6.448522345414685 5.127008774071245 3.090894884583882 2.5519073185031482 2.123920265518959 1.8925311362281532 2.0758752673129925 1.2143787477577188 0.9763627221626402 0.8984966905874539 0.726749628035088 0.47050963760326275 0.24298619782328265 0.08394068652077188 0.008835861739029532 0.005522413586894759 0.0033134481521347736 0.0016567240760691215 0.0016567240760691215 0.0011044827173782579 0.0005522413586908637 0.0005522413586908637 0.0 0.0 0.0077313790216512746 0.0077313790216512746 0.0 0.0 0.0 0.0 0.0 0.0
3.5017624554487035 4.905007747878156 6.752807334052476 8.042843147950627 8.300739862458519 7.629766611651047 7.026166806603668 6.2215511469933915 4.5852600011970654 2.2675030187781706 0.49536049874428223 0.557211530917482 1.4209170159075086 1.8317845867723317 1.7732470027512666 1.1497665087910751 2.6253554192088213 3.4896131455575405 3.6690915871315544 3.338851254635367 2.9732674751830666 2.778326275565752 2.7026692094253204 3.297985394092361 2.0140242351397926 1.5700221827536152 1.4037975337881405 1.0636168568355469 0.8355411756968758 0.7990932460233829 0.7725856608062978 0.6278984248297079 0.36116584858278744 0.17119482119367507 0.05688085994499589 0.0044179308695130315 0.0016567240760691215 0.0011044827173782579 0.0016567240760691215 0.0016567240760691215 0.0011044827173782579 0.0005522413586908637 0.0 0.0 0.0 0.05632861858630503 0.08504516923815014 0.0 0.0 0.0 0.0 0.0 0.0
1.65617183470914 3.3112391867009037 5.458353589284811 7.433168687957665 6.409865450306436 5.250710838417643 3.228402982897512 1.1315425439543287 0.742212386078387 0.7074211804809633 0.1800306829327046 0.23580706016032224 0.27556843798594993 0.5356741179285973 0.5991818741778663 0.5069575672767557 0.9316311721088086 1.1425873711281147 1.3099165028109643 1.6661121791655478 1.5584251142211383 1.263528228681067 1.1558411637366575 1.6523061451983179 1.0879154766178754 0.9200341035763351 0.7908096256430442 0.7018987668940719 0.6428089415143196 0.6096744599929614 0.555002565482722 0.3749718825500209 0.2269711984212927 0.11707516804212656 0.02540310249970687 0.0016567240760691215 0.0011044827173782579 0.0011044827173782579 0.0016567240760691215 0.0011044827173782579 0.0005522413586908637 0.0005522413586908637 0.0 0.0 0.0 0.0171194821193682 0.0171194821193682 0.0 0.0 0.0 0.0 0.0 0.0
2.13165164454061 2.847908686760601 2.1664428501380337 2.057099061117555 1.6357389044376371 1.5970820093293876 0.14634396005265907 0.09277654825979795 0.07620930749912061 0.043074825977762465 0.040313619184318555 0.07234361798829497 0.11486620260737004 0.15186637363955036 0.2021203372802767 0.17450826934581332 0.17947844157401374 0.31753878124633417 0.3407329183112845 0.5014351536898644 0.47327084439671013 0.4721663616793319 0.48707687836394353 0.7852872120561529 0.742212386078387 0.5770922198302941 0.5246292907548147 0.45836032771209845 0.4042406745605499 0.35950912450671835 0.28771774787711424 0.21813533668226318 0.1502096495634847 0.054119653151548514 0.011597068532473442 0.0005522413586908637 0.0005522413586908637 0.0005522413586908637 0.0011044827173782579 0.0011044827173782579 0.0005522413586908637 0.0 0.0 0.0 0.0 0.0 0.0 0.0 0.0 0.0 0.0 0.0 0.0016567240760691215
