static/data/precipitation/2023/7/13/6.asc
ncols 137
nrows 93
xllcorner 108.0
yllcorner 17.0
cellsize 0.25
NODATA_value -32767
[rows 0 to 23 of 93, columns 0 to 53 of 137]
0.0 0.0 0.0 0.0 0.0 0.0 0.0 0.0 0.0 0.0 0.0 0.0 0.0 0.0 0.0 0.03258224016266728 0.08062723836863364 0.1330901674441165 0.17174706255236594 0.20046361320420758 0.24298619782328265 0.17892620021532635 0.15241861499824122 0.11541844396605744 0.10603034086834051 0.13695585695494214 0.17174706255236594 0.23138912929080574 0.5213158426026765 0.5699130821673337 0.10437361679227486 0.047492756847278966 0.03202999880397989 0.03147775744528902 1.3485733979192136 3.1339697105616464 5.2374570458091005 4.472050522665763 2.5789671450789227 0.6013908396126227 0.12701551249853435 0.07841827293387713 0.19328447554124717 0.20101585456289844 0.1678813730415403 0.13143344336804738 0.08891085874897231 0.18941878603042153 0.21813533668226318 0.2683893003229895 0.2247622329865362 0.17616499342187897 0.12867223657460347 0.05467189451023938
0.0 0.0 0.0 0.0 0.0 0.0 0.0 0.0 0.0 0.0 0.0 0.0 0.0 0.0 0.018776206195437323 0.0811794797273245 0.15738878722644511 0.19991137184552019 0.2026725786389641 0.16953809711760942 0.15904551130251077 0.1728515452697442 0.27556843798594993 0.23249361200818747 0.2026725786389641 0.2468518873341083 0.2468518873341083 0.4555991209186545 0.6941673878724207 0.22918016385604922 0.08283620380339016 0.05080620499941374 0.027612067934463386 0.04362706733645333 0.7725856608062978 2.1890847458442932 3.8275848570753777 2.9373717868682627 1.3474689152018353 0.13971706374838605 0.162358959454649 0.40976308814744467 0.7764513503171234 0.4489722246143815 0.23580706016032224 0.13253792608542564 0.15407533907430687 0.0988512032053801 0.0690301698361602 0.07068689391222932 0.051358446358104604 0.027612067934463386 0.0033134481521347736 0.0
0.0 0.0 0.0 0.0 0.0 0.0 0.0 0.0 0.0 0.0 0.0 0.0 0.0 0.0022089654347565157 0.033134481521358145 0.15407533907430687 0.22255326755177968 0.23635930151900963 0.18610533787828676 0.18334413108483938 0.20819499222585885 0.28329981700759777 0.5953161846670406 0.3600613658654092 0.1607022353785799 0.21537412988881927 0.28329981700759777 0.29268792010531813 0.2048815440737206 0.11707516804212656 0.050253963640722876 0.03534344695611466 0.0298210333692199 0.04362706733645333 0.6891972156442168 1.8853519985651928 2.0239645795962007 1.117184268628408 0.09553775505324533 0.13032896065066912 0.33465826336570237 0.5213158426026765 0.6030475636886918 0.23138912929080574 0.46830067216850624 0.7134958354265454 0.07289585934698584 0.0298210333692199 0.02264189570625949 0.0171194821193682 0.006626896304273017 0.0027612067934473794 0.0 0.0
0.0 0.0 0.0 0.0 0.0 0.0 0.0 0.0 0.0 0.0 0.0 0.0 0.0 0.02264189570625949 0.0695824111948476 0.23635930151900963 0.30925516086599547 0.3153298158115776 0.23525481880163138 0.28274757564891034 0.31091188494206456 0.3075984367899264 0.18058292429139547 0.10547809950965312 0.043074825977762465 0.05080620499941374 0.07510482478174235 0.07620930749912061 0.0392091364669403 0.02540310249970687 0.02374637842363775 0.017671723478055595 0.01546275804329908 0.02540310249970687 0.5064053259180683 1.0233032376512317 0.5682563580912646 0.1971501650520728 0.07289585934698584 0.03147775744528902 0.08228396244470276 0.07952275565125538 0.07455258342305149 0.023194137064950354 0.022089654347572096 0.00994034445640779 0.010492585815095185 0.008835861739029532 0.0044179308695130315 0.0027612067934473794 0.0022089654347565157 0.0 0.0 0.0
0.0 0.0 0.0 0.0 0.0 0.0 0.0 0.0 0.0 0.0 0.0 0.0 0.0016567240760691215 0.04362706733645333 0.162358959454649 0.29489688554007465 0.3490165386916232 0.31753878124633417 0.23304585336687486 0.1905232687477998 0.1402693051070769 0.11817965075950482 0.10050792728144922 0.12259758162902132 0.08891085874897231 0.008283620380338669 0.005522413586894759 0.0077313790216512746 0.010492585815095185 0.008835861739029532 0.008835861739029532 0.012149309891164306 0.011597068532473442 0.03644792967349292 0.20322481999765496 0.5378830833633573 0.322508953474538 0.18831430331304327 0.07013465255353846 0.011044827173786048 0.008283620380338669 0.006074654945582153 0.006626896304273017 0.0044179308695130315 0.0033134481521347736 0.0016567240760691215 0.0016567240760691215 0.0011044827173782579 0.0011044827173782579 0.0 0.0 0.0 0.0 0.0
0.0 0.0 0.0 0.0 0.0 0.0 0.0 0.0 0.0 0.0 0.0 0.0 0.0044179308695130315 0.0817317210860119 0.20101585456289844 0.25237430092099955 0.24077723238852614 0.207642750867168 0.12922447793329087 0.07952275565125538 0.0298210333692199 0.025955343858397734 0.033134481521358145 0.05688085994499589 0.06350775624926544 0.004970172228203895 0.0011044827173782579 0.0 0.0016567240760691215 0.008283620380338669 0.008835861739029532 0.011044827173786048 0.008835861739029532 0.0695824111948476 0.2374637842363879 0.37110619303919523 0.16401568353071466 0.058537584021065014 0.06295551489057805 0.007179137662960411 0.0027612067934473794 0.0022089654347565157 0.0022089654347565157 0.0016567240760691215 0.0027612067934473794 0.0016567240760691215 0.0044179308695130315 0.0005522413586908637 0.0005522413586908637 0.0 0.0005522413586908637 0.0005522413586908637 0.0 0.0
0.0 0.0 0.0 0.0 0.0 0.0 0.0 0.0 0.0 0.0 0.0 0.0 0.0038656895108256373 0.0817317210860119 0.11486620260737004 0.12756775385722174 0.11873189211819568 0.11431396124867918 0.05688085994499589 0.018776206195437323 0.004970172228203895 0.0011044827173782579 0.0038656895108256373 0.018776206195437323 0.02540310249970687 0.0022089654347565157 0.0011044827173782579 0.0 0.0016567240760691215 0.010492585815095185 0.011597068532473442 0.008835861739029532 0.004970172228203895 0.06074654945582153 0.1110005130965444 0.22255326755177968 0.04638827412990071 0.06074654945582153 0.06461223896664717 0.011044827173786048 0.0011044827173782579 0.0005522413586908637 0.0 0.0 0.0016567240760691215 0.0027612067934473794 0.006626896304273017 0.0033134481521347736 0.0011044827173782579 0.0005522413586908637 0.0011044827173782579 0.0011044827173782579 0.0011044827173782579 0.009388103097716927
0.0 0.0 0.0 0.0 0.0 0.0 0.0 0.0 0.0 0.0 0.0 0.0 0.0016567240760691215 0.012149309891164306 0.03368672288004554 0.043074825977762465 0.04252258461907507 0.0392091364669403 0.0298210333692199 0.007179137662960411 0.01546275804329908 0.0038656895108256373 0.0027612067934473794 0.010492585815095185 0.03368672288004554 0.006626896304273017 0.0 0.0 0.0011044827173782579 0.010492585815095185 0.012149309891164306 0.008835861739029532 0.0044179308695130315 0.01822396483674646 0.035895688314802054 0.08946310010766317 0.02540310249970687 0.048597239564657224 0.08007499700994625 0.0298210333692199 0.0027612067934473794 0.0005522413586908637 0.0005522413586908637 0.0011044827173782579 0.0005522413586908637 0.0011044827173782579 0.0044179308695130315 0.0027612067934473794 0.0033134481521347736 0.0011044827173782579 0.0011044827173782579 0.0011044827173782579 0.0044179308695130315 0.024298619782328612
0.0 0.0 0.0 0.0 0.0 0.0 0.0 0.0 0.0 0.0 0.0 0.0 0.0 0.0016567240760691215 0.007179137662960411 0.008835861739029532 0.008283620380338669 0.0038656895108256373 0.0027612067934473794 0.008835861739029532 0.024298619782328612 0.0171194821193682 0.006074654945582153 0.01546275804329908 0.05964206673844327 0.01546275804329908 0.0 0.0 0.0022089654347565157 0.01546275804329908 0.020432930271502975 0.0171194821193682 0.004970172228203895 0.0033134481521347736 0.0033134481521347736 0.006074654945582153 0.07344810070567323 0.06792568711878194 0.08062723836863364 0.14192602918314604 0.09167206554241969 0.08835861739028492 0.4865246370052527 0.4865246370052527 0.016014999401989943 0.00994034445640779 0.011044827173786048 0.0022089654347565157 0.0044179308695130315 0.0005522413586908637 0.0005522413586908637 0.0005522413586908637 0.0016567240760691215 0.02098517163019384
0.0 0.0 0.0 0.0 0.0 0.0 0.0 0.0 0.0 0.0 0.0 0.0 0.0 0.0 0.0005522413586908637 0.0011044827173782579 0.0 0.0 0.0 0.0 0.0 0.011597068532473442 0.019328447554124717 0.02816430929315425 0.0911198241837323 0.022089654347572096 0.005522413586894759 0.0016567240760691215 0.007179137662960411 0.019328447554124717 0.038656895108249434 0.040313619184318555 0.017671723478055595 0.0044179308695130315 0.004970172228203895 0.025955343858397734 0.18610533787828676 0.10216465135751487 0.19383671689993803 0.31312085037682114 0.27556843798594993 0.3556434349958962 1.07024375313982 1.3115732268870333 0.07068689391222932 0.054119653151548514 0.018776206195437323 0.0022089654347565157 0.0016567240760691215 0.0016567240760691215 0.0011044827173782579 0.0005522413586908637 0.0005522413586908637 0.0044179308695130315
0.0 0.0 0.0 0.0 0.0 0.0 0.0 0.0 0.0 0.0 0.0 0.0 0.0 0.0 0.0 0.0 0.0 0.0 0.0 0.0005522413586908637 0.0011044827173782579 0.0016567240760691215 0.03644792967349292 0.10989603037916615 0.2247622329865362 0.08283620380339016 0.0171194821193682 0.0011044827173782579 0.0038656895108256373 0.004970172228203895 0.03644792967349292 0.06626896304271282 0.06571672168402543 0.02098517163019384 0.006074654945582153 0.010492585815095185 0.054119653151548514 0.08338844516208102 0.09940344456407096 0.08891085874897231 0.06571672168402543 0.5875848056453893 0.5235248080374331 0.25071757684493046 0.12977671929198173 0.03976137782562769 0.004970172228203895 0.0016567240760691215 0.0016567240760691215 0.004970172228203895 0.0077313790216512746 0.008283620380338669 0.004970172228203895 0.0077313790216512746
0.0 0.0 0.0 0.0 0.0 0.0 0.0 0.0 0.0 0.0 0.0 0.0 0.0 0.0 0.0 0.0 0.0 0.0 0.0 0.0 0.0 0.012149309891164306 0.08062723836863364 0.1734037866284316 0.2496130941275522 0.06461223896664717 0.0016567240760691215 0.0005522413586908637 0.0022089654347565157 0.0077313790216512746 0.024850861141019476 0.040313619184318555 0.04638827412990071 0.028716550651841644 0.0171194821193682 0.10437361679227486 0.4451065351035559 0.12867223657460347 0.04252258461907507 0.03258224016266728 0.016567240760677338 0.07179137662960758 0.11652292668343917 0.11044827173785701 0.07510482478174235 0.02705982657577599 0.004970172228203895 0.0044179308695130315 0.00994034445640779 0.025955343858397734 0.02098517163019384 0.016014999401989943 0.033134481521358145 0.051910687716792
0.0 0.0 0.0 0.0 0.0 0.0 0.0 0.0 0.0 0.0 0.0 0.0 0.0 0.0 0.0 0.0 0.0 0.0 0.0 0.0 0.0 0.0022089654347565157 0.0038656895108256373 0.11541844396605744 0.712943594067858 0.21813533668226318 0.0695824111948476 0.0 0.0005522413586908637 0.0016567240760691215 0.0022089654347565157 0.008835861739029532 0.012149309891164306 0.040313619184318555 0.02705982657577599 0.011597068532473442 0.08338844516208102 0.0690301698361602 0.08228396244470276 0.06792568711878194 0.043074825977762465 0.04086586054300595 0.05908982537975241 0.07565706614042975 0.10216465135751487 0.0740003420643641 0.0469405154885881 0.0392091364669403 0.08338844516208102 0.02264189570625949 0.016567240760677338 0.014358275325920822 0.008283620380338669 0.07676154885781147
0.0 0.0 0.0 0.0 0.0 0.0 0.0 0.0 0.0 0.0 0.0 0.0 0.0 0.0 0.0 0.0 0.0 0.0 0.0 0.0 0.0 0.0 0.0016567240760691215 0.02264189570625949 0.27612067934463735 0.06074654945582153 0.038656895108249434 0.0 0.0 0.0 0.0005522413586908637 0.0011044827173782579 0.0038656895108256373 0.014358275325920822 0.016014999401989943 0.008835861739029532 0.03534344695611466 0.037552412390871176 0.0740003420643641 0.09940344456407096 0.06185103217319979 0.051910687716792 0.03534344695611466 0.045836032771209845 0.048597239564657224 0.09719447912931445 0.08338844516208102 0.0695824111948476 0.04252258461907507 0.011044827173786048 0.023194137064950354 0.02816430929315425 0.014358275325920822 0.050253963640722876
0.0 0.0 0.0 0.0 0.0 0.0 0.0 0.0 0.0 0.0 0.0 0.0 0.0 0.0 0.0 0.0 0.0 0.0 0.0033134481521347736 0.03258224016266728 0.055776377227617635 0.04804499820596636 0.010492585815095185 0.02374637842363775 0.03644792967349292 0.024298619782328612 0.0016567240760691215 0.0 0.0 0.0 0.0 0.0011044827173782579 0.0011044827173782579 0.0022089654347565157 0.006074654945582153 0.024298619782328612 0.051358446358104604 0.06461223896664717 0.11928413347688308 0.14634396005265907 0.11707516804212656 0.11762740940081742 0.10879154766178789 0.12480654706377783 0.11983637483557394 0.09995568592275836 0.0695824111948476 0.054119653151548514 0.01546275804329908 0.05246292907548286 0.055776377227617635 0.07013465255353846 0.11155275445523527 0.09001534146635404
0.0 0.0 0.0 0.0 0.0 0.0 0.0 0.0 0.0 0.0 0.0 0.0 0.0 0.0 0.0 0.0 0.0 0.0 0.0044179308695130315 0.033134481521358145 0.10658258222703137 0.9310789307501212 0.9493028955868676 2.0907857839976005 0.8173172108601294 0.3998227436910369 0.0016567240760691215 0.0 0.0 0.0 0.0 0.0 0.0 0.0027612067934473794 0.04417930869514072 0.06350775624926544 0.06461223896664717 0.14137378782445517 0.19549344097600369 0.18886654467173414 0.16346344217202727 0.13419465016149476 0.07841827293387713 0.09332878961848881 0.0861496519555284 0.06847792847746934 0.038656895108249434 0.04914948092334462 0.011044827173786048 0.08338844516208102 0.07234361798829497 0.08559741059683754 0.09608999641193272 0.06461223896664717
0.0 0.0 0.0 0.0 0.0 0.0 0.0 0.0 0.0 0.0 0.0 0.0 0.0 0.0 0.0 0.0 0.0 0.0 0.0044179308695130315 0.004970172228203895 0.07344810070567323 1.164124784116996 3.011924370291316 4.158377430930255 1.4700664968308532 0.4070018813539973 0.0077313790216512746 0.0 0.0 0.0 0.0011044827173782579 0.0011044827173782579 0.0005522413586908637 0.010492585815095185 0.051910687716792 0.07179137662960758 0.06185103217319979 0.15241861499824122 0.16843361440023116 0.16180671809595815 0.15904551130251077 0.09222430690111055 0.035895688314802054 0.08449292787945928 0.11707516804212656 0.09664223777062358 0.024850861141019476 0.03534344695611466 0.03644792967349292 0.0811794797273245 0.07013465255353846 0.04638827412990071 0.019328447554124717 0.014358275325920822
0.0 0.0 0.0 0.0 0.0 0.0 0.0 0.0 0.0 0.0 0.0 0.0 0.0 0.0 0.0 0.0016567240760691215 0.0016567240760691215 0.0016567240760691215 0.0 0.0 0.0 0.38656895108249434 2.0653826814978937 2.6711914519800315 0.9194818622176477 0.020432930271502975 0.009388103097716927 0.0 0.0005522413586908637 0.0005522413586908637 0.0016567240760691215 0.0044179308695130315 0.0027612067934473794 0.016567240760677338 0.027612067934463386 0.04362706733645333 0.05080620499941374 0.07455258342305149 0.08891085874897231 0.08394068652077188 0.09940344456407096 0.055776377227617635 0.07510482478174235 0.1281199952159126 0.2545832663557561 0.23415033608425312 0.15131413228086296 0.02264189570625949 0.061298790814508924 0.04086586054300595 0.03092551608659816 0.014358275325920822 0.01546275804329908 0.047492756847278966
0.0 0.0 0.0 0.0 0.0 0.0 0.0 0.0 0.0 0.0 0.0 0.0 0.0 0.0 0.0 0.0016567240760691215 0.010492585815095185 0.016014999401989943 0.014910516684611685 0.07841827293387713 0.07841827293387713 0.16180671809595815 0.13088120200936 0.13971706374838605 0.022089654347572096 0.016014999401989943 0.005522413586894759 0.0 0.0011044827173782579 0.0011044827173782579 0.0016567240760691215 0.004970172228203895 0.006626896304273017 0.01988068891281558 0.021537412988881233 0.023194137064950354 0.05743310130368676 0.03644792967349292 0.03147775744528902 0.026507585217085128 0.020432930271502975 0.051358446358104604 0.08228396244470276 0.13695585695494214 0.17671723478056983 0.3898823992346291 0.26949378304036775 0.08394068652077188 0.024298619782328612 0.01270155124985517 0.008283620380338669 0.0171194821193682 0.03534344695611466 0.1032691340748966
0.0 0.0 0.0 0.0 0.0 0.0 0.0 0.0 0.0 0.0 0.0 0.0 0.0 0.0 0.0005522413586908637 0.0171194821193682 0.04086586054300595 0.07841827293387713 0.16346344217202727 0.2821953342902195 0.4318527424950133 0.20874723358454625 0.0690301698361602 0.0077313790216512746 0.0022089654347565157 0.0033134481521347736 0.0038656895108256373 0.0027612067934473794 0.0 0.0 0.0 0.0 0.0 0.0016567240760691215 0.006074654945582153 0.008283620380338669 0.02098517163019384 0.019328447554124717 0.01546275804329908 0.0038656895108256373 0.013253792608542564 0.03368672288004554 0.09443327233586707 0.17616499342187897 0.25237430092099955 0.08449292787945928 0.04086586054300595 0.04197034326038421 0.01546275804329908 0.008283620380338669 0.01546275804329908 0.02705982657577599 0.09222430690111055 0.31422533309419937
0.0 0.0 0.0 0.0 0.0 0.0 0.0 0.0 0.0 0.0 0.0 0.0 0.0 0.0 0.014910516684611685 0.06295551489057805 0.1551798217916886 0.28661326515973595 0.4241213634733655 0.4848679129291836 0.3506732627676923 0.14468723597658995 0.03644792967349292 0.0016567240760691215 0.0038656895108256373 0.0011044827173782579 0.0027612067934473794 0.0044179308695130315 0.0 0.0 0.0 0.0 0.0 0.016014999401989943 0.045836032771209845 0.0811794797273245 0.12701551249853435 0.16401568353071466 0.1800306829327046 0.1430305119005243 0.018776206195437323 0.019328447554124717 0.06847792847746934 0.14468723597658995 0.22310550891046707 0.12038861619426133 0.051910687716792 0.016567240760677338 0.012149309891164306 0.02816430929315425 0.08007499700994625 0.23415033608425312 0.6278984248297079 1.744530452099425
0.0 0.0 0.0 0.0 0.0 0.0 0.0 0.0 0.0016567240760691215 0.0016567240760691215 0.0005522413586908637 0.0 0.0 0.0005522413586908637 0.11486620260737004 0.2468518873341083 0.4622260172229241 0.6914061810789733 1.1193932340631645 1.6164104568835123 1.6070223537857955 0.6726299748835395 0.1408215464657643 0.025955343858397734 0.07676154885781147 0.0171194821193682 0.014358275325920822 0.022089654347572096 0.024850861141019476 0.06626896304271282 0.07510482478174235 0.0740003420643641 0.10989603037916615 0.1457917186939682 0.17064257983498768 0.18223964836746112 0.18610533787828676 0.15186637363955036 0.10603034086834051 0.06074654945582153 0.05632861858630503 0.04362706733645333 0.06516448032533456 0.08062723836863364 0.1032691340748966 0.09995568592275836 0.0982989618466927 0.10768706494440963 0.30925516086599547 0.7615408336325118 1.240886332974804 2.1073530247582815 2.8815954096406466 3.0654917820841754
0.0 0.0 0.0 0.0 0.0 0.0 0.0005522413586908637 0.0005522413586908637 0.0005522413586908637 0.0005522413586908637 0.0005522413586908637 0.0 0.0005522413586908637 0.026507585217085128 0.21813533668226318 0.42301688075598726 0.3628225726588566 0.37773308934346483 0.4395841215166646 0.7499437651000384 1.2745730558548496 0.7637497990672717 0.21703085396488492 0.07510482478174235 0.18113516565008286 0.06626896304271282 0.0298210333692199 0.03976137782562769 0.06737344576009108 0.09940344456407096 0.12204534027033045 0.16898585575891856 0.23249361200818747 0.2573444731492035 0.26673257624692037 0.27280723119250255 0.25292654227969047 0.21206068173668102 0.18886654467173414 0.16622464896547118 0.08504516923815014 0.04473155005383159 0.05688085994499589 0.08062723836863364 0.2021203372802767 0.26673257624692037 0.2871655065184234 0.4395841215166646 0.7350332484154266 1.0735572012919545 1.7169183841649616 2.573996972850719 3.073775402464514 2.810908515728419
0.024298619782328612 0.004970172228203895 0.0 0.006626896304273017 0.01988068891281558 0.022089654347572096 0.0033134481521347736 0.0005522413586908637 0.0 0.0 0.0 0.0005522413586908637 0.0027612067934473794 0.01988068891281558 0.22752343977998357 0.1607022353785799 0.11486620260737004 0.09553775505324533 0.07289585934698584 0.1435827532592117 0.4064496399953065 0.25789671450789087 0.19438895825862543 0.16953809711760942 0.2567922317905126 0.05246292907548286 0.05467189451023938 0.0817317210860119 0.10989603037916615 0.1380603396723204 0.2264189570626053 0.3733151584739518 0.3771808479847774 0.33521050472438974 0.3600613658654092 0.3639270553762348 0.3407329183112845 0.3081506781486172 0.30373274727910415 0.2672848176056113 0.13143344336804738 0.06240327353188718 0.06295551489057805 0.08228396244470276 0.12370206434639958 0.22310550891046707 0.3639270553762348 0.7852872120561529 1.2651849527571326 1.3077075373762077 1.6512016624809362 1.9643225128577573 1.9808897536184347 1.2624237459636853
