static/data/thetao/2023/7/27/0.asc
ncols 137
nrows 93
xllcorner 108.0
yllcorner 17.0
cellsize 0.25
NODATA_value -32767
[rows 54 to 80 of 93, columns 0 to 60 of 137]
-32767.0 -32767.0 -32767.0 -32767.0 -32767.0 -32767.0 -32767.0 -32767.0 -32767.0 -32767.0 -32767.0 -32767.0 -32767.0 -32767.0 -32767.0 -32767.0 -32767.0 -32767.0 -32767.0 -32767.0 -32767.0 -32767.0 -32767.0 -32767.0 -32767.0 -32767.0 -32767.0 -32767.0 -32767.0 -32767.0 -32767.0 -32767.0 -32767.0 -32767.0 -32767.0 -32767.0 -32767.0 -32767.0 -32767.0 -32767.0 -32767.0 -32767.0 -32767.0 -32767.0 -32767.0 -32767.0 -32767.0 -32767.0 27.060991 25.39195 25.870932 27.144684 27.433567 28.83348 29.204855 28.702192 29.175152 29.489815 29.258844 29.428616 29.455284
-32767.0 -32767.0 -32767.0 -32767.0 -32767.0 -32767.0 -32767.0 -32767.0 -32767.0 -32767.0 -32767.0 -32767.0 -32767.0 -32767.0 -32767.0 -32767.0 -32767.0 -32767.0 -32767.0 -32767.0 -32767.0 -32767.0 -32767.0 -32767.0 -32767.0 -32767.0 -32767.0 -32767.0 -32767.0 -32767.0 -32767.0 -32767.0 -32767.0 -32767.0 -32767.0 -32767.0 -32767.0 -32767.0 -32767.0 -32767.0 -32767.0 -32767.0 -32767.0 -32767.0 -32767.0 -32767.0 -32767.0 30.296495 -32767.0 25.166515 26.972403 28.080996 29.574202 30.114473 30.199207 30.147182 29.887426 29.200438 28.736486 28.794353 28.905094
-32767.0 -32767.0 -32767.0 -32767.0 -32767.0 -32767.0 -32767.0 -32767.0 -32767.0 -32767.0 -32767.0 -32767.0 -32767.0 -32767.0 -32767.0 -32767.0 -32767.0 -32767.0 -32767.0 -32767.0 -32767.0 -32767.0 -32767.0 -32767.0 -32767.0 -32767.0 -32767.0 -32767.0 -32767.0 -32767.0 -32767.0 -32767.0 -32767.0 -32767.0 -32767.0 -32767.0 -32767.0 -32767.0 -32767.0 -32767.0 -32767.0 -32767.0 -32767.0 -32767.0 -32767.0 -32767.0 -32767.0 29.50077 25.026451 25.79629 27.147152 29.581537 29.5466 29.584263 29.707088 29.728317 28.93229 28.554127 28.703669 29.178686 29.550673
-32767.0 -32767.0 -32767.0 -32767.0 -32767.0 -32767.0 -32767.0 -32767.0 -32767.0 -32767.0 -32767.0 -32767.0 -32767.0 -32767.0 -32767.0 -32767.0 -32767.0 -32767.0 -32767.0 -32767.0 -32767.0 -32767.0 -32767.0 -32767.0 -32767.0 -32767.0 -32767.0 -32767.0 -32767.0 -32767.0 -32767.0 -32767.0 -32767.0 -32767.0 -32767.0 -32767.0 -32767.0 -32767.0 -32767.0 -32767.0 -32767.0 -32767.0 -32767.0 -32767.0 -32767.0 -32767.0 -32767.0 27.773937 25.432556 26.11044 27.514893 29.618969 28.513508 28.821587 28.878157 28.689962 28.518663 28.41203 29.6674 29.8437 29.640703
-32767.0 -32767.0 -32767.0 -32767.0 -32767.0 -32767.0 -32767.0 -32767.0 -32767.0 -32767.0 -32767.0 -32767.0 -32767.0 -32767.0 -32767.0 -32767.0 -32767.0 -32767.0 -32767.0 -32767.0 -32767.0 -32767.0 -32767.0 -32767.0 -32767.0 -32767.0 -32767.0 -32767.0 -32767.0 -32767.0 -32767.0 -32767.0 -32767.0 -32767.0 -32767.0 -32767.0 -32767.0 -32767.0 -32767.0 -32767.0 -32767.0 -32767.0 -32767.0 -32767.0 -32767.0 30.821503 -32767.0 27.037603 25.81586 26.502825 27.35074 29.252115 29.322662 29.259642 29.186188 28.638943 28.747477 28.910755 29.732698 29.475351 29.213697
-32767.0 -32767.0 -32767.0 -32767.0 -32767.0 -32767.0 -32767.0 -32767.0 -32767.0 -32767.0 -32767.0 -32767.0 -32767.0 -32767.0 -32767.0 -32767.0 -32767.0 -32767.0 -32767.0 -32767.0 -32767.0 -32767.0 -32767.0 -32767.0 -32767.0 -32767.0 -32767.0 -32767.0 -32767.0 -32767.0 -32767.0 -32767.0 -32767.0 -32767.0 -32767.0 -32767.0 -32767.0 -32767.0 -32767.0 -32767.0 -32767.0 -32767.0 -32767.0 -32767.0 -32767.0 -32767.0 26.620129 25.979322 26.701572 27.550087 28.326864 29.889055 29.781824 29.839811 29.904804 29.071877 29.11728 29.479618 29.582514 29.30224 29.084942
-32767.0 -32767.0 -32767.0 -32767.0 -32767.0 -32767.0 -32767.0 -32767.0 -32767.0 -32767.0 -32767.0 -32767.0 -32767.0 -32767.0 -32767.0 -32767.0 -32767.0 -32767.0 -32767.0 -32767.0 -32767.0 -32767.0 -32767.0 -32767.0 -32767.0 -32767.0 -32767.0 -32767.0 -32767.0 -32767.0 -32767.0 -32767.0 -32767.0 -32767.0 -32767.0 -32767.0 -32767.0 -32767.0 -32767.0 -32767.0 -32767.0 -32767.0 -32767.0 -32767.0 27.627396 25.60107 26.273142 27.178722 27.253275 28.328493 28.568851 30.483603 -32767.0 -32767.0 -32767.0 -32767.0 28.78642 29.635653 29.387354 29.078545 28.974127
-32767.0 -32767.0 -32767.0 -32767.0 -32767.0 -32767.0 -32767.0 -32767.0 -32767.0 -32767.0 -32767.0 -32767.0 -32767.0 -32767.0 -32767.0 -32767.0 -32767.0 -32767.0 -32767.0 -32767.0 -32767.0 -32767.0 -32767.0 -32767.0 -32767.0 -32767.0 -32767.0 -32767.0 -32767.0 -32767.0 -32767.0 -32767.0 -32767.0 -32767.0 -32767.0 -32767.0 -32767.0 -32767.0 -32767.0 -32767.0 -32767.0 -32767.0 -32767.0 27.727621 25.143873 25.832787 26.063316 28.088585 27.824217 28.834232 29.332516 30.930538 -32767.0 -32767.0 -32767.0 -32767.0 29.314405 29.784239 29.281893 28.921822 28.957958
-32767.0 -32767.0 -32767.0 -32767.0 -32767.0 -32767.0 -32767.0 -32767.0 -32767.0 -32767.0 -32767.0 -32767.0 -32767.0 -32767.0 -32767.0 -32767.0 -32767.0 -32767.0 -32767.0 -32767.0 -32767.0 -32767.0 -32767.0 -32767.0 -32767.0 -32767.0 -32767.0 -32767.0 -32767.0 -32767.0 -32767.0 -32767.0 -32767.0 -32767.0 -32767.0 -32767.0 -32767.0 -32767.0 -32767.0 -32767.0 -32767.0 30.593687 26.70565 25.667463 26.652555 27.535242 27.70079 28.400171 28.938898 29.249117 30.866873 -32767.0 -32767.0 -32767.0 -32767.0 -32767.0 29.859293 29.743736 29.192543 29.042965 28.621397
-32767.0 -32767.0 -32767.0 -32767.0 -32767.0 -32767.0 -32767.0 -32767.0 -32767.0 -32767.0 -32767.0 -32767.0 -32767.0 -32767.0 -32767.0 -32767.0 -32767.0 -32767.0 -32767.0 -32767.0 -32767.0 -32767.0 -32767.0 -32767.0 -32767.0 -32767.0 -32767.0 -32767.0 -32767.0 -32767.0 -32767.0 -32767.0 -32767.0 -32767.0 -32767.0 -32767.0 -32767.0 -32767.0 -32767.0 -32767.0 -32767.0 27.459595 26.180906 27.926363 28.149076 29.877432 29.688093 29.628412 30.044079 30.53281 31.789536 -32767.0 -32767.0 -32767.0 -32767.0 29.715649 29.666494 29.821547 29.166683 29.11735 29.033377
-32767.0 -32767.0 -32767.0 -32767.0 -32767.0 -32767.0 -32767.0 -32767.0 -32767.0 -32767.0 -32767.0 -32767.0 -32767.0 -32767.0 -32767.0 -32767.0 -32767.0 -32767.0 -32767.0 -32767.0 -32767.0 -32767.0 -32767.0 -32767.0 -32767.0 -32767.0 -32767.0 -32767.0 -32767.0 -32767.0 -32767.0 -32767.0 -32767.0 -32767.0 -32767.0 -32767.0 -32767.0 -32767.0 -32767.0 29.041708 26.90767 26.313833 27.30776 28.57929 28.543417 29.796135 29.993069 30.28503 31.045586 31.523012 -32767.0 -32767.0 -32767.0 -32767.0 -32767.0 29.281147 29.83121 29.711262 29.067148 29.007147 29.133942
-32767.0 -32767.0 -32767.0 -32767.0 -32767.0 -32767.0 -32767.0 -32767.0 -32767.0 -32767.0 -32767.0 -32767.0 -32767.0 -32767.0 -32767.0 -32767.0 -32767.0 -32767.0 -32767.0 -32767.0 -32767.0 -32767.0 -32767.0 -32767.0 -32767.0 -32767.0 -32767.0 -32767.0 -32767.0 -32767.0 -32767.0 -32767.0 -32767.0 -32767.0 -32767.0 -32767.0 -32767.0 -32767.0 27.481133 26.313519 25.432592 25.20017 28.4972 29.03779 28.656334 29.758394 30.006472 30.392904 30.915161 32.29848 -32767.0 -32767.0 -32767.0 -32767.0 -32767.0 29.336733 29.44922 29.672724 29.144503 29.382164 28.993576
-32767.0 -32767.0 -32767.0 -32767.0 -32767.0 -32767.0 -32767.0 -32767.0 -32767.0 -32767.0 -32767.0 -32767.0 -32767.0 -32767.0 -32767.0 -32767.0 -32767.0 -32767.0 -32767.0 -32767.0 -32767.0 -32767.0 -32767.0 -32767.0 -32767.0 -32767.0 -32767.0 -32767.0 -32767.0 -32767.0 -32767.0 -32767.0 -32767.0 -32767.0 -32767.0 -32767.0 27.75359 26.413544 24.686321 24.92272 25.19324 26.740934 29.108448 29.12668 29.631983 29.978153 -32767.0 30.731401 30.682293 -32767.0 -32767.0 -32767.0 -32767.0 -32767.0 29.361818 29.416046 29.247593 29.51504 29.60237 29.609703 29.172628
-32767.0 -32767.0 -32767.0 -32767.0 -32767.0 -32767.0 -32767.0 -32767.0 -32767.0 -32767.0 -32767.0 -32767.0 -32767.0 -32767.0 -32767.0 -32767.0 -32767.0 -32767.0 -32767.0 -32767.0 -32767.0 -32767.0 -32767.0 -32767.0 -32767.0 -32767.0 -32767.0 -32767.0 -32767.0 -32767.0 -32767.0 -32767.0 -32767.0 -32767.0 -32767.0 26.801828 26.714533 27.26015 25.601019 27.139868 28.798468 29.657543 29.629923 29.73032 29.961277 30.59982 -32767.0 30.399143 30.5571 -32767.0 -32767.0 -32767.0 -32767.0 -32767.0 29.418344 29.332607 29.127153 29.474724 29.556318 29.732904 29.141054
-32767.0 -32767.0 -32767.0 -32767.0 -32767.0 -32767.0 -32767.0 -32767.0 -32767.0 -32767.0 -32767.0 -32767.0 -32767.0 -32767.0 -32767.0 -32767.0 -32767.0 -32767.0 -32767.0 -32767.0 -32767.0 -32767.0 -32767.0 -32767.0 -32767.0 -32767.0 -32767.0 -32767.0 -32767.0 -32767.0 -32767.0 -32767.0 -32767.0 -32767.0 -32767.0 29.054268 29.02269 28.55967 27.12968 28.575455 29.665924 29.799522 29.85405 30.229576 28.150646 29.951395 30.560572 30.295511 30.788801 -32767.0 -32767.0 -32767.0 -32767.0 -32767.0 29.333654 29.25141 29.054169 29.422077 29.623117 29.713573 29.103037
-32767.0 -32767.0 -32767.0 -32767.0 -32767.0 -32767.0 -32767.0 -32767.0 -32767.0 -32767.0 -32767.0 -32767.0 -32767.0 -32767.0 -32767.0 -32767.0 -32767.0 -32767.0 -32767.0 -32767.0 -32767.0 -32767.0 -32767.0 -32767.0 -32767.0 -32767.0 -32767.0 32.048187 -32767.0 30.791842 -32767.0 29.933228 28.815212 29.127981 29.59012 29.23136 28.935293 28.520214 28.386677 29.299019 29.314825 29.360723 29.912539 29.847025 29.354895 30.456697 30.318941 30.19235 30.47488 -32767.0 -32767.0 -32767.0 -32767.0 29.39142 29.366484 28.775076 29.33937 29.394575 29.643082 29.725328 29.05136
-32767.0 -32767.0 -32767.0 -32767.0 -32767.0 -32767.0 -32767.0 -32767.0 -32767.0 -32767.0 -32767.0 -32767.0 -32767.0 -32767.0 -32767.0 -32767.0 -32767.0 -32767.0 -32767.0 -32767.0 -32767.0 -32767.0 -32767.0 32.722824 -32767.0 -32767.0 28.85578 29.452335 29.646423 29.746078 29.742792 29.753641 29.887873 29.755276 29.81718 29.375626 29.236399 28.841068 28.869873 29.253979 28.867533 29.824835 30.119902 30.102102 30.143715 30.142672 30.241945 30.268957 30.295956 30.121393 -32767.0 -32767.0 29.528017 29.423733 29.244175 28.769167 29.44046 29.276651 29.639502 29.67812 29.402624
-32767.0 -32767.0 -32767.0 -32767.0 -32767.0 -32767.0 -32767.0 -32767.0 -32767.0 -32767.0 -32767.0 -32767.0 -32767.0 -32767.0 -32767.0 -32767.0 -32767.0 -32767.0 -32767.0 -32767.0 -32767.0 -32767.0 -32767.0 31.87368 32.473316 29.449894 29.230005 29.922499 29.79162 30.07491 30.212156 30.231379 30.26019 30.183735 30.098797 29.430117 29.264153 29.480736 29.5878 29.391882 29.57269 29.805845 29.959751 29.969347 29.965456 30.106188 30.210491 30.183912 30.095554 30.044853 30.45756 -32767.0 29.486311 29.200804 29.15634 28.775208 29.340828 29.17219 29.108059 28.972885 28.821468
-32767.0 -32767.0 -32767.0 -32767.0 -32767.0 -32767.0 -32767.0 -32767.0 -32767.0 -32767.0 -32767.0 -32767.0 -32767.0 -32767.0 -32767.0 -32767.0 -32767.0 -32767.0 -32767.0 -32767.0 32.88958 31.948933 31.596209 29.98007 28.804861 -32767.0 30.16083 29.990395 30.427536 30.508957 30.41194 30.588467 30.497826 30.3439 30.158398 29.934122 29.926567 29.791672 29.76507 29.655403 29.866106 29.821304 29.94025 30.128983 30.203138 30.234049 30.249296 30.269629 30.197643 30.078594 29.858631 -32767.0 29.453579 29.010403 28.990639 28.830015 29.319347 29.368238 29.128283 29.044077 28.878252
-32767.0 -32767.0 32.428074 -32767.0 -32767.0 -32767.0 -32767.0 -32767.0 -32767.0 -32767.0 -32767.0 -32767.0 -32767.0 -32767.0 -32767.0 -32767.0 32.32795 -32767.0 32.137047 31.505219 30.036575 28.96185 28.808626 28.96687 29.153997 29.984388 30.116282 30.392242 30.699371 30.73917 30.730082 30.600634 30.451914 30.336464 30.134558 29.82614 29.78535 29.721472 29.699762 29.762691 29.94523 30.136263 30.060074 30.14592 30.38474 30.472124 30.41694 30.27755 30.242521 29.990883 29.563412 29.231253 28.988028 28.935934 28.940601 29.139046 29.286137 29.426517 29.317375 29.054247 28.826166
-32767.0 32.050457 31.919195 31.924435 32.248672 -32767.0 32.604336 32.421757 -32767.0 -32767.0 -32767.0 -32767.0 -32767.0 31.549135 31.488926 30.649872 30.006815 30.432108 30.269453 30.3461 30.031609 29.371536 29.039907 29.402514 29.87271 30.386808 30.615995 30.57041 30.489943 30.495564 30.517591 30.429462 30.383049 30.172495 29.935417 29.718296 29.663246 29.650034 29.890478 29.976933 30.06984 30.114717 30.020039 30.014263 30.177845 30.292093 30.302425 30.194477 29.770998 29.228481 29.072483 29.025255 28.978151 28.89673 28.686895 28.910465 29.195896 29.17385 28.972235 28.92984 28.829004
31.717516 31.307531 31.142712 31.358873 31.599607 31.909182 31.97753 32.449085 -32767.0 -32767.0 -32767.0 30.853819 30.224531 29.948147 29.624477 29.536282 29.215956 29.775877 29.671167 30.005297 29.718811 29.254889 29.439617 29.706858 29.985952 30.403728 30.289186 30.220213 30.2149 30.344551 30.399248 30.327095 30.153826 29.96943 29.825085 29.750813 29.732801 29.979618 30.053452 30.050951 30.198742 30.160654 29.972874 29.766773 29.640888 29.698559 29.572132 29.270353 29.060015 28.983759 29.160498 29.141066 28.830803 28.7002 28.740824 28.512918 28.78856 28.920837 28.846718 28.841412 28.751755
31.05085 31.292469 31.285074 31.295074 31.188452 31.423023 31.92523 -32767.0 -32767.0 31.800919 -32767.0 29.8047 29.947594 29.140942 29.00178 29.026611 28.686646 28.859343 28.952654 29.218426 29.317127 29.483576 29.968666 30.471771 29.973732 30.149702 29.821335 29.834856 30.135027 30.293026 30.217766 30.11075 30.008018 29.867476 29.641504 29.614597 29.867096 30.098055 29.951555 30.008583 30.205263 30.23503 29.97293 29.598541 29.48548 29.396872 29.217756 29.076029 28.898182 29.029747 29.033098 28.901909 28.64625 28.565674 28.681004 28.609165 28.424541 28.684875 28.664948 28.59432 28.590158
31.385166 31.41267 31.408573 31.524069 31.355787 31.171185 31.744297 32.298805 -32767.0 -32767.0 31.741629 30.8417 30.241598 29.613052 29.089436 28.902515 28.840689 28.699297 28.771784 29.029781 29.280003 29.872803 30.188877 30.360811 30.066368 29.952026 29.781778 29.825033 30.039701 30.15565 29.950434 29.897688 29.907446 29.822536 29.759336 29.813011 29.973305 30.065546 30.087568 30.018143 29.940481 29.86 29.467598 29.1576 29.03131 28.932531 29.039936 28.929964 28.762342 28.97319 28.874884 28.770796 28.400934 28.281702 28.742897 28.4609 28.024496 28.096468 28.492695 28.409143 28.425797
31.350706 31.366045 31.422203 31.472569 31.485168 31.101067 31.422834 31.83775 -32767.0 -32767.0 31.727373 31.660946 31.107088 29.075006 29.005333 28.88089 28.653912 28.320036 28.38894 28.500061 28.780003 29.80505 30.347025 30.203987 29.952686 29.726477 29.574951 29.798225 29.940014 30.041706 29.88993 29.975283 29.80665 29.6943 29.836493 29.84031 29.981459 29.876143 29.805689 29.714762 29.612404 29.41168 29.134829 28.87337 28.758987 28.57316 28.51851 28.497028 29.008345 28.872038 28.909328 28.193638 27.7425 27.666357 28.210892 28.280699 -32767.0 28.33563 28.22643 28.271194 28.391474
31.285385 31.320997 31.423271 31.411278 31.4906 31.16573 31.381775 31.616951 31.761936 31.630182 31.212305 31.254831 31.282263 30.296877 29.152338 29.117437 29.002298 29.169268 29.643951 29.877226 29.408407 28.895323 29.957708 29.997768 29.695671 29.627224 29.783749 29.773693 29.848333 29.85432 30.046694 29.90029 29.82553 29.902052 29.941074 29.812927 29.638268 29.574696 29.49908 29.447897 29.383093 29.218132 29.062057 28.67075 28.140345 27.969475 28.182684 28.81529 28.934837 28.761688 28.571274 27.896059 27.416157 27.272264 27.739672 27.805458 27.884615 27.846975 27.939735 28.1222 28.194878
30.938324 31.065361 31.20147 31.347857 31.34447 31.36219 31.735495 31.931768 31.750118 -32767.0 -32767.0 -32767.0 31.430859 29.866146 29.932682 30.18141 30.045889 29.941105 30.37669 30.316418 30.055614 29.51834 29.954014 29.805998 29.640486 29.906004 29.823751 29.753527 29.763744 29.801275 29.98303 29.897152 29.89958 29.901545 29.869076 29.647802 29.528952 29.44349 29.365953 29.306728 29.224463 29.117313 29.056648 28.626537 28.223091 27.908934 28.21487 28.82494 28.844818 28.366755 28.146824 27.520615 27.04491 26.775097 26.89034 27.435392 26.989594 27.595589 27.82392 27.878723 27.944407
