static/data/thetao/2023/7/27/12.asc
ncols 137
nrows 93
xllcorner 108.0
yllcorner 17.0
cellsize 0.25
NODATA_value -32767
[rows 54 to 80 of 93, columns 61 to 121 of 137]
29.2405 29.118206 28.918833 28.907675 29.031473 29.032162 29.134499 29.09001 29.230501 29.554337 30.035175 29.637606 29.262964 29.238653 29.213919 29.204313 29.320656 29.360563 29.317083 29.358757 29.109089 28.999737 29.051394 29.050089 29.133436 29.214746 29.090958 29.123823 29.15589 28.989977 28.977386 28.936447 29.038322 29.1649 29.32752 29.499609 29.444784 29.343214 29.20331 29.103243 29.080322 29.107729 29.103708 29.08221 29.061466 29.301903 29.568632 29.77095 29.63783 29.677795 29.491716 29.381042 29.328894 29.475796 29.606405 29.831245 29.791153 29.755022 29.651457 29.718208 29.845995
28.97717 29.069824 29.084402 29.090689 29.02641 29.096485 29.262194 29.55425 29.815464 29.899767 29.65486 29.29798 29.239191 29.22922 29.321991 29.31828 29.132135 29.334858 -32767.0 29.072336 29.161077 28.985634 29.087688 29.092886 29.215963 29.307781 29.074577 29.100643 29.204535 28.967495 29.01618 29.035564 29.118427 29.282324 29.42894 29.377316 29.242897 29.060772 28.826225 28.693651 28.695683 28.82896 28.9285 28.927631 28.93829 29.184841 29.364517 29.764301 29.711727 29.724964 29.564543 29.335228 29.29414 29.468746 29.5809 29.593815 29.578993 29.831448 29.637512 29.742516 29.942627
29.619295 29.595497 29.560257 29.49431 29.447271 29.558542 29.662636 29.658236 29.609009 29.464676 29.238914 29.313597 29.233072 29.120726 29.298052 29.176468 29.403252 29.449457 29.465036 29.513988 29.588684 29.62201 29.403841 29.318844 29.50277 29.396015 29.012693 29.098396 29.128027 28.996323 29.019123 29.07728 29.180569 29.286554 29.273117 29.13913 28.914646 28.651861 28.502592 28.461836 28.519117 28.600622 28.675842 28.785238 28.823904 29.123728 29.295326 29.585709 29.80165 29.65877 29.674099 29.313194 29.27753 29.434675 29.450106 29.491703 29.669275 29.905294 29.706932 29.898321 30.143637
29.244574 29.307697 29.662212 29.709393 29.555613 29.519505 29.499754 29.296885 29.12473 29.231165 29.339014 29.29484 29.341875 29.127302 29.305958 29.322794 29.417248 29.471527 29.54516 29.649292 29.635952 29.644842 29.68022 29.66593 29.542181 29.216606 28.973976 29.145151 28.978682 29.130465 28.977936 29.069355 29.16571 29.18977 29.063454 28.844051 28.66857 28.61151 28.582314 28.482697 28.448006 28.564564 28.526337 28.45373 28.653254 29.107805 29.310488 29.439602 29.759794 29.781605 29.806156 29.560549 29.186274 29.323803 29.37851 29.465895 29.730755 29.882874 29.799082 30.054377 30.299831
29.045786 29.238293 29.350536 29.35062 29.423141 29.29614 28.974737 29.083218 29.174263 29.390472 29.271269 29.404575 29.35417 29.231812 29.301273 29.335882 29.455177 29.394379 29.526136 29.660831 29.55026 29.560701 29.65411 29.650423 29.520145 29.02704 29.00921 29.203955 28.990068 29.174276 29.048948 29.063547 29.138878 29.11662 28.90203 28.702246 28.563536 28.643862 28.583443 28.558647 28.476347 28.57127 28.494608 28.457209 28.643702 29.042435 29.318453 29.339474 29.619404 29.743505 29.835226 29.765005 29.712086 29.579113 29.621265 29.75848 29.798977 29.880304 29.814762 30.126453 30.3707
28.866135 29.159294 29.247004 29.089918 28.886284 28.924913 29.005077 29.278755 29.36524 29.182121 29.363773 29.444744 29.280827 29.446634 29.481571 29.44653 29.338633 29.345446 29.596067 29.595757 29.573065 29.624811 29.637363 29.569193 29.244669 28.865389 29.010857 29.238928 29.168196 29.014063 29.183117 29.065052 29.133577 29.018732 28.766956 28.648026 28.601141 28.644232 28.63091 28.629786 28.64044 28.648949 28.507338 28.496113 28.773407 29.11833 29.3308 29.409643 29.445007 29.581495 29.765846 29.87844 29.872631 29.847368 29.821299 29.851929 29.854786 29.821596 30.009598 30.280357 30.39858
28.86023 28.937412 29.228409 29.170137 28.948635 29.072372 29.073769 29.27763 29.586418 28.941021 29.168083 29.28909 29.311417 29.386667 29.37596 29.119781 29.112656 29.48006 29.649912 29.607594 29.577162 29.576342 29.559128 29.43519 29.056934 28.796978 29.137617 29.312025 29.294117 28.899197 29.15279 29.097881 29.065575 28.946867 28.69999 28.669628 28.603098 28.57277 28.66992 28.757538 28.681719 28.60164 28.526993 28.658112 28.95971 29.234797 29.343445 29.411163 29.395319 29.518068 29.526585 29.789711 29.896975 29.969341 29.981203 29.955303 29.730951 29.75696 30.265661 30.37464 30.459293
28.751339 29.000303 29.197844 29.16676 28.731462 29.140844 29.265448 29.235456 29.508665 28.840822 29.174751 29.175968 29.431068 29.411974 29.202631 28.938374 29.30375 29.57565 29.609499 29.516891 29.426077 29.494745 29.486183 29.192436 28.855936 28.969524 29.200296 29.285036 29.315817 29.049467 28.829948 29.076136 29.046124 28.940254 28.773739 28.733372 28.759594 28.775509 28.779026 28.752499 28.63742 28.54245 28.649132 28.881884 29.129942 29.23263 29.24644 29.292822 29.37214 29.428747 29.426027 29.675348 29.765474 29.871223 30.011482 29.984226 29.664633 30.174639 30.401594 30.4726 30.351484
28.89539 29.13369 29.381775 29.206257 28.540678 29.39825 29.348026 29.251785 29.199984 29.11625 29.127987 29.186586 29.307175 29.38655 29.05733 29.031088 29.353506 29.461584 29.564299 29.558735 29.294632 29.422369 29.278233 28.893751 29.045444 29.177383 29.097155 29.092316 29.25946 29.28021 28.99819 28.787514 28.875278 28.89236 28.841131 28.78729 28.796669 28.797445 28.73805 28.714825 28.755863 28.883842 28.990124 29.134893 29.22484 29.226164 29.30564 29.296946 29.326204 29.356735 29.427061 29.672577 29.660776 29.752457 29.969578 29.84395 30.052006 30.19871 30.38243 30.3799 30.197735
29.06578 29.221613 29.401197 29.494476 29.453545 29.414522 29.36915 29.315248 29.18758 29.104181 29.127348 28.999773 28.858269 28.83028 28.806852 29.169598 29.263184 29.447882 29.549448 29.419004 29.196959 29.116402 28.959644 29.186342 29.150042 29.079966 29.104174 29.15344 29.172375 29.24672 29.276209 29.263994 29.121197 28.96362 28.85202 28.820835 28.837038 28.875593 28.926382 29.034187 29.17259 29.248522 29.25479 29.192196 29.143652 29.149944 29.444145 29.265614 29.235151 29.314674 29.443941 29.64917 29.665054 29.741518 29.934896 29.7145 30.073689 30.080158 30.162037 30.152699 30.076916
28.988909 29.141705 29.340378 29.448362 29.467648 29.430588 29.3585 29.233192 29.1228 29.0752 29.084728 28.917393 28.694027 28.723198 28.750952 29.223572 29.228159 29.384047 29.299694 29.078045 29.058506 29.199867 29.207457 29.04208 29.08449 29.132061 29.118778 29.114878 29.156204 29.197525 29.245762 29.281534 29.307089 29.306856 29.310497 29.294483 29.266598 29.275078 29.27801 29.2708 29.241602 29.14837 29.036606 29.023436 29.09062 29.110092 29.54865 29.484282 29.140726 29.286299 29.454899 29.637596 29.726368 29.81687 29.837446 30.03472 30.064558 30.098705 30.202665 30.140444 30.142786
29.19192 29.292048 29.433046 29.532259 29.444004 29.365627 29.348085 29.249004 29.139475 29.102486 29.036657 28.91244 28.60874 28.69075 28.736261 29.190998 29.21415 29.148804 29.223772 29.246344 29.271538 29.26805 29.185282 29.134823 29.206415 29.311357 29.457415 29.410984 29.295101 29.216187 29.199842 29.145615 29.097475 29.018227 28.905903 28.934574 29.020174 29.09278 29.123611 29.199732 29.365234 29.43102 29.447319 29.320498 29.128283 29.069279 29.435337 29.444798 29.236809 29.163185 29.495245 29.621264 29.753689 29.813984 29.731283 30.107275 30.044323 30.10177 29.902903 29.92266 29.888813
29.129887 29.205421 29.514177 29.575518 29.478601 29.32921 29.257467 29.223272 29.188845 29.172337 29.031681 28.682938 28.57312 28.596056 28.797602 29.074455 29.140608 29.01365 28.970518 28.943775 28.898525 28.817917 28.794077 28.794031 28.769186 28.903421 29.223246 29.46635 29.546434 29.513376 29.442757 29.366474 29.346521 29.335493 29.34724 29.31448 29.03822 29.277645 29.425611 29.443308 29.455942 29.47003 29.486158 29.494932 29.501385 29.381304 29.266272 29.363684 29.548985 29.122797 29.54598 29.624353 29.722128 29.688736 29.989496 30.013609 30.016655 29.999054 29.806715 29.795652 29.777786
28.962027 29.03754 29.400322 29.50209 29.54412 29.363777 29.31718 29.301767 29.226143 29.075626 28.96991 28.542274 28.504383 28.4999 28.875902 29.053402 28.942608 28.87676 28.822266 28.811064 28.75929 28.688786 28.705671 28.798788 28.843094 28.799383 28.777481 29.01615 29.46569 29.459576 29.41849 29.450819 29.478863 29.402739 29.261663 29.295916 29.231825 29.453651 29.49282 29.450901 29.470242 29.53605 29.735935 29.860138 29.839533 29.743893 29.588358 29.544249 29.576946 29.225222 29.638132 29.619675 29.657782 29.637661 30.114796 30.060978 30.131535 29.926258 29.936502 29.817287 29.868498
28.921562 28.690844 29.061192 29.438435 29.497028 29.476213 29.318838 29.272665 29.29901 29.094683 28.886381 28.507591 28.521246 28.487814 28.92081 28.870972 28.79331 28.732132 28.761066 28.799955 28.794304 28.67419 28.701675 28.80788 28.875927 28.907349 28.818401 28.79981 29.151606 29.380823 29.287664 29.406256 29.456928 29.397978 29.307524 29.344131 29.314947 29.522844 29.481308 29.434381 29.458023 29.552965 29.808773 29.796589 29.860804 29.925293 29.901268 29.801455 29.654219 29.308847 29.674309 29.548498 29.530064 30.116549 30.12172 30.186615 30.163654 30.032879 29.91971 29.984257 29.960144
28.985586 28.906101 28.898542 29.191444 29.34493 29.5252 29.40794 29.268604 29.283264 29.083452 28.752546 28.475851 28.594715 28.594725 28.849035 28.740648 28.642038 28.633755 28.56252 28.665497 28.77104 28.651718 28.716293 28.936533 29.093245 29.092924 29.03245 28.91087 29.120092 29.341854 29.170492 29.308447 29.404205 29.320103 29.32033 29.344288 29.33375 29.50663 29.487791 29.39896 29.412964 29.534044 29.678316 29.741308 30.043016 30.072529 30.000572 29.897043 29.66066 29.469072 29.695156 29.443977 29.571842 30.090677 29.993387 30.233582 30.22318 30.157337 29.969265 29.725657 29.648842
29.152424 29.123852 29.10138 29.079842 29.0687 29.37056 29.497812 29.247437 29.218039 29.074438 28.561771 28.428347 28.578115 28.725683 28.768562 28.631739 28.546743 28.544634 28.492645 28.5019 28.710333 28.52224 28.72286 28.994995 29.14584 29.199615 29.138178 29.02546 29.105001 29.15479 29.107124 29.177595 29.30885 29.236845 29.20389 29.277632 29.341585 29.489988 29.565193 29.372671 29.34485 29.505949 29.560783 29.765997 30.104736 30.120354 30.009212 29.961208 29.72838 29.609522 29.698868 29.3982 29.641607 30.005892 29.757982 29.92739 29.91347 29.828346 29.87805 29.859215 29.71117
28.86942 28.688421 28.658415 28.828812 29.0382 29.37739 29.553886 29.212467 29.162125 29.000395 28.46379 28.361664 28.579609 28.75959 28.756226 28.558039 28.496544 28.451712 28.423656 28.507877 28.637266 28.472898 28.830564 29.038282 29.170519 29.24225 29.263159 29.113731 29.105434 29.166561 29.195269 29.149427 29.1701 29.15855 29.16722 29.223522 29.271301 29.330473 29.414923 29.259266 29.375608 29.584742 29.56342 29.862577 30.025576 30.118696 30.060474 30.000235 29.891844 29.755905 29.75386 29.389246 29.65631 29.985676 29.829512 29.8498 29.913342 29.90891 29.717918 29.74904 29.744953
28.783201 28.585629 28.653196 28.811985 29.277384 29.615797 29.449598 29.205036 29.141506 28.822512 28.413527 28.327639 28.444633 28.721798 28.751245 28.587147 28.509272 28.459293 28.509575 28.564259 28.495157 28.46884 28.800404 29.109535 29.276875 29.295736 29.284513 29.179268 29.12644 29.141132 29.209454 29.25784 29.20182 29.157219 29.182796 29.227516 29.259628 29.292194 29.340603 29.37914 29.495222 29.67342 29.587358 29.917072 29.798794 30.116495 30.054146 30.09056 29.997692 29.867407 29.77651 29.371874 29.734724 29.959145 29.898602 29.89844 29.866737 29.707214 29.696026 29.738943 29.86657
28.794924 28.723148 28.869667 28.8378 29.535751 29.609797 29.29388 29.175617 29.114794 28.54313 28.311123 28.242657 28.263752 28.401674 28.546238 28.587742 28.527134 28.489962 28.423376 28.376492 28.270903 28.374302 28.867706 29.251867 29.343225 29.361305 29.25278 29.252703 29.098629 29.098124 29.265896 29.36325 29.310268 29.254847 29.270931 29.251806 29.25195 29.264723 29.347233 29.469267 29.683292 29.77411 29.673313 29.876026 29.659527 30.075356 30.049284 30.01937 29.967093 29.87066 29.66012 29.328094 29.86 29.960264 29.92128 29.802122 29.722536 29.703136 29.772388 29.941648 29.976442
28.777458 28.774464 28.915886 28.937918 29.116125 29.146765 29.17921 29.13298 29.076319 28.42819 28.19542 28.20547 28.209303 28.24614 28.31117 28.37719 28.47383 28.545715 28.657385 28.792486 28.912766 29.14741 29.336935 29.242468 29.26596 29.375269 29.337545 29.324137 29.09666 29.024471 29.255547 29.51903 29.550074 29.434898 29.347845 29.323074 29.229836 29.230679 29.343798 29.497858 29.814425 29.783459 29.77502 29.916998 29.598001 29.802208 29.975252 29.968496 29.871058 29.635311 29.301388 29.658558 29.876652 29.89343 29.889318 29.916996 29.933496 29.944298 29.972624 30.026024 30.022821
28.598446 28.727774 28.807194 28.917484 28.965948 28.907804 29.070208 29.108706 29.032627 28.392942 28.156044 28.24273 28.17837 28.256672 28.524872 28.727177 28.877369 29.008425 29.125532 29.214607 29.26652 29.232443 29.073906 29.028898 29.268866 29.43191 29.444368 29.374495 29.346455 29.28582 29.408686 29.559063 29.574736 29.493109 29.47228 29.397255 29.267454 29.176386 29.370626 29.501467 29.848598 29.777718 29.807858 29.850197 29.647907 29.37624 29.381376 29.383692 29.349266 29.399666 29.668507 29.85556 29.915558 29.89833 29.875437 29.99589 30.109598 30.149353 30.137585 30.158962 30.179867
28.548796 28.562628 28.486797 28.40616 28.403666 28.649908 28.984392 29.08178 28.994257 28.51384 28.463411 28.521505 28.663315 28.8017 28.799223 29.022778 29.148949 29.180231 29.141317 29.03703 28.90688 28.774073 28.942726 29.14049 29.342188 29.461338 29.49971 29.454897 29.396864 29.383795 29.478113 29.582315 29.546846 29.533518 29.570414 29.488789 29.263874 29.155962 29.348488 29.47235 29.848074 29.761038 29.78448 29.676521 29.800446 29.633995 29.378428 29.628775 29.771694 29.88024 29.825571 29.785095 29.85182 30.028193 30.1282 30.040249 30.031889 30.109602 30.145983 30.144655 30.11433
28.399935 28.215176 28.125029 28.145758 28.310722 28.613947 28.850172 28.964396 28.978647 28.683323 28.67392 28.73061 28.702948 28.833492 29.162945 29.19855 29.103897 28.917799 28.84151 28.883478 28.803564 29.008457 29.122044 29.21414 29.295223 29.352324 29.415031 29.46036 29.483149 29.494068 29.546326 29.537285 29.62205 29.612738 29.59624 29.481905 29.35181 29.233246 29.256512 29.504269 29.871752 29.810163 29.762543 29.519567 29.75346 29.7253 29.681269 29.505753 29.52614 29.646095 29.762568 29.96366 30.149492 30.027212 29.96229 30.072378 30.114542 30.148924 30.166723 30.162148 30.156448
28.137291 28.037216 28.07631 28.246105 28.259521 28.392057 28.655418 28.886374 28.89519 28.854486 28.76414 28.67974 28.81896 29.073763 29.256886 29.124945 28.913229 28.802301 28.874115 28.863194 28.902441 29.085283 29.182945 29.24561 29.291128 29.35054 29.44196 29.535631 29.582144 29.565134 29.568024 29.621674 29.60389 29.544617 29.558254 29.568367 29.483637 29.40996 29.401175 29.574768 29.868713 29.828922 29.793442 29.627865 29.791811 29.929789 29.90215 29.80872 29.753942 29.815361 30.009092 30.177202 29.942179 29.996422 30.015057 30.046036 30.09274 30.101759 30.113583 30.119677 30.137331
27.949667 27.868425 27.716927 28.047945 28.23031 28.324268 28.510317 28.72311 28.750414 28.774874 28.635538 28.84991 28.839884 29.14854 29.300926 29.247894 28.9009 28.79852 28.881845 28.92378 29.012207 29.040352 29.0717 29.288248 29.419369 29.437328 29.504776 29.570694 29.59725 29.564283 29.571758 29.592724 29.54079 29.493034 29.58562 29.628853 29.54333 29.531359 29.563658 29.6413 29.85641 29.870108 29.848455 29.863827 29.953613 30.02584 29.995338 29.982756 29.978416 30.013147 30.178873 29.979757 30.010122 29.964926 29.916288 30.00659 30.013544 30.08088 30.108515 30.104021 30.107937
27.790497 27.529005 27.369694 27.760763 28.047209 28.27857 28.341629 28.468538 28.528526 28.580925 28.824299 28.848915 28.804543 29.193375 29.331676 29.320908 28.997269 28.748207 28.844301 28.896303 28.98065 29.053385 29.24768 29.374367 29.325811 29.354025 29.500013 29.567669 29.618832 29.655727 29.641258 29.594038 29.509544 29.547276 29.661669 29.627699 29.603292 29.66726 29.672642 29.88466 29.872393 29.927658 29.91499 29.965076 30.076118 30.072613 30.049414 30.077608 30.09961 30.172638 30.02976 30.013783 29.929235 29.826744 29.865917 29.949465 29.986895 30.01849 30.03664 30.087227 30.106478
