static/data/thetao/2023/7/27/18.asc
ncols 137
nrows 93
xllcorner 108.0
yllcorner 17.0
cellsize 0.25
NODATA_value -32767
[rows 54 to 80 of 93, columns 0 to 60 of 137]
-32767.0 -32767.0 -32767.0 -32767.0 -32767.0 -32767.0 -32767.0 -32767.0 -32767.0 -32767.0 -32767.0 -32767.0 -32767.0 -32767.0 -32767.0 -32767.0 -32767.0 -32767.0 -32767.0 -32767.0 -32767.0 -32767.0 -32767.0 -32767.0 -32767.0 -32767.0 -32767.0 -32767.0 -32767.0 -32767.0 -32767.0 -32767.0 -32767.0 -32767.0 -32767.0 -32767.0 -32767.0 -32767.0 -32767.0 -32767.0 -32767.0 -32767.0 -32767.0 -32767.0 -32767.0 -32767.0 -32767.0 -32767.0 27.003143 25.600832 25.437609 26.99731 28.152508 28.978756 29.40871 29.291107 28.700819 29.095333 28.918674 28.811117 28.981262
-32767.0 -32767.0 -32767.0 -32767.0 -32767.0 -32767.0 -32767.0 -32767.0 -32767.0 -32767.0 -32767.0 -32767.0 -32767.0 -32767.0 -32767.0 -32767.0 -32767.0 -32767.0 -32767.0 -32767.0 -32767.0 -32767.0 -32767.0 -32767.0 -32767.0 -32767.0 -32767.0 -32767.0 -32767.0 -32767.0 -32767.0 -32767.0 -32767.0 -32767.0 -32767.0 -32767.0 -32767.0 -32767.0 -32767.0 -32767.0 -32767.0 -32767.0 -32767.0 -32767.0 -32767.0 -32767.0 -32767.0 30.046982 -32767.0 25.057262 26.564438 28.890621 29.02044 29.36425 29.749657 29.852709 29.72774 28.63707 28.253506 28.367989 28.705254
-32767.0 -32767.0 -32767.0 -32767.0 -32767.0 -32767.0 -32767.0 -32767.0 -32767.0 -32767.0 -32767.0 -32767.0 -32767.0 -32767.0 -32767.0 -32767.0 -32767.0 -32767.0 -32767.0 -32767.0 -32767.0 -32767.0 -32767.0 -32767.0 -32767.0 -32767.0 -32767.0 -32767.0 -32767.0 -32767.0 -32767.0 -32767.0 -32767.0 -32767.0 -32767.0 -32767.0 -32767.0 -32767.0 -32767.0 -32767.0 -32767.0 -32767.0 -32767.0 -32767.0 -32767.0 -32767.0 -32767.0 28.57427 25.1885 25.917006 27.861492 28.750807 28.17444 28.349632 28.697117 29.003506 28.243961 27.96119 28.684898 29.230862 29.287554
-32767.0 -32767.0 -32767.0 -32767.0 -32767.0 -32767.0 -32767.0 -32767.0 -32767.0 -32767.0 -32767.0 -32767.0 -32767.0 -32767.0 -32767.0 -32767.0 -32767.0 -32767.0 -32767.0 -32767.0 -32767.0 -32767.0 -32767.0 -32767.0 -32767.0 -32767.0 -32767.0 -32767.0 -32767.0 -32767.0 -32767.0 -32767.0 -32767.0 -32767.0 -32767.0 -32767.0 -32767.0 -32767.0 -32767.0 -32767.0 -32767.0 -32767.0 -32767.0 -32767.0 -32767.0 -32767.0 -32767.0 28.060022 25.60311 26.564493 27.924484 29.176039 27.913046 27.837782 27.492405 28.135296 27.815496 28.620386 29.127619 29.27604 29.157078
-32767.0 -32767.0 -32767.0 -32767.0 -32767.0 -32767.0 -32767.0 -32767.0 -32767.0 -32767.0 -32767.0 -32767.0 -32767.0 -32767.0 -32767.0 -32767.0 -32767.0 -32767.0 -32767.0 -32767.0 -32767.0 -32767.0 -32767.0 -32767.0 -32767.0 -32767.0 -32767.0 -32767.0 -32767.0 -32767.0 -32767.0 -32767.0 -32767.0 -32767.0 -32767.0 -32767.0 -32767.0 -32767.0 -32767.0 -32767.0 -32767.0 -32767.0 -32767.0 -32767.0 -32767.0 30.546852 -32767.0 26.54628 26.46441 27.032211 27.840256 29.426762 29.764126 28.779354 28.27165 27.585815 28.025087 28.555384 29.249435 29.046755 28.885992
-32767.0 -32767.0 -32767.0 -32767.0 -32767.0 -32767.0 -32767.0 -32767.0 -32767.0 -32767.0 -32767.0 -32767.0 -32767.0 -32767.0 -32767.0 -32767.0 -32767.0 -32767.0 -32767.0 -32767.0 -32767.0 -32767.0 -32767.0 -32767.0 -32767.0 -32767.0 -32767.0 -32767.0 -32767.0 -32767.0 -32767.0 -32767.0 -32767.0 -32767.0 -32767.0 -32767.0 -32767.0 -32767.0 -32767.0 -32767.0 -32767.0 -32767.0 -32767.0 -32767.0 -32767.0 -32767.0 26.976933 26.10024 27.457806 28.032167 28.813765 29.638557 30.104942 29.494188 29.391344 29.049774 27.081417 28.086899 29.094904 29.031807 28.889736
-32767.0 -32767.0 -32767.0 -32767.0 -32767.0 -32767.0 -32767.0 -32767.0 -32767.0 -32767.0 -32767.0 -32767.0 -32767.0 -32767.0 -32767.0 -32767.0 -32767.0 -32767.0 -32767.0 -32767.0 -32767.0 -32767.0 -32767.0 -32767.0 -32767.0 -32767.0 -32767.0 -32767.0 -32767.0 -32767.0 -32767.0 -32767.0 -32767.0 -32767.0 -32767.0 -32767.0 -32767.0 -32767.0 -32767.0 -32767.0 -32767.0 -32767.0 -32767.0 -32767.0 27.846275 26.32476 26.706072 27.35467 27.528034 28.70743 28.578636 30.078255 -32767.0 -32767.0 -32767.0 -32767.0 26.599691 28.772158 29.227993 28.940678 28.838472
-32767.0 -32767.0 -32767.0 -32767.0 -32767.0 -32767.0 -32767.0 -32767.0 -32767.0 -32767.0 -32767.0 -32767.0 -32767.0 -32767.0 -32767.0 -32767.0 -32767.0 -32767.0 -32767.0 -32767.0 -32767.0 -32767.0 -32767.0 -32767.0 -32767.0 -32767.0 -32767.0 -32767.0 -32767.0 -32767.0 -32767.0 -32767.0 -32767.0 -32767.0 -32767.0 -32767.0 -32767.0 -32767.0 -32767.0 -32767.0 -32767.0 -32767.0 -32767.0 27.755533 25.457048 25.959005 26.48349 28.123327 28.512981 28.791164 29.118814 30.57764 -32767.0 -32767.0 -32767.0 -32767.0 28.06422 29.205868 29.327728 28.842787 28.660389
-32767.0 -32767.0 -32767.0 -32767.0 -32767.0 -32767.0 -32767.0 -32767.0 -32767.0 -32767.0 -32767.0 -32767.0 -32767.0 -32767.0 -32767.0 -32767.0 -32767.0 -32767.0 -32767.0 -32767.0 -32767.0 -32767.0 -32767.0 -32767.0 -32767.0 -32767.0 -32767.0 -32767.0 -32767.0 -32767.0 -32767.0 -32767.0 -32767.0 -32767.0 -32767.0 -32767.0 -32767.0 -32767.0 -32767.0 -32767.0 -32767.0 30.430075 26.402826 25.90341 26.748026 27.862507 28.501612 28.316517 28.833569 29.405527 30.553608 -32767.0 -32767.0 -32767.0 -32767.0 -32767.0 29.436268 29.225698 29.371267 28.91462 28.45181
-32767.0 -32767.0 -32767.0 -32767.0 -32767.0 -32767.0 -32767.0 -32767.0 -32767.0 -32767.0 -32767.0 -32767.0 -32767.0 -32767.0 -32767.0 -32767.0 -32767.0 -32767.0 -32767.0 -32767.0 -32767.0 -32767.0 -32767.0 -32767.0 -32767.0 -32767.0 -32767.0 -32767.0 -32767.0 -32767.0 -32767.0 -32767.0 -32767.0 -32767.0 -32767.0 -32767.0 -32767.0 -32767.0 -32767.0 -32767.0 -32767.0 27.34353 26.133244 27.889652 28.116154 29.76848 29.863846 30.13524 29.9421 29.95361 31.635254 -32767.0 -32767.0 -32767.0 -32767.0 29.691599 29.329905 29.22904 29.346724 28.788244 28.902729
-32767.0 -32767.0 -32767.0 -32767.0 -32767.0 -32767.0 -32767.0 -32767.0 -32767.0 -32767.0 -32767.0 -32767.0 -32767.0 -32767.0 -32767.0 -32767.0 -32767.0 -32767.0 -32767.0 -32767.0 -32767.0 -32767.0 -32767.0 -32767.0 -32767.0 -32767.0 -32767.0 -32767.0 -32767.0 -32767.0 -32767.0 -32767.0 -32767.0 -32767.0 -32767.0 -32767.0 -32767.0 -32767.0 -32767.0 29.063658 27.221468 26.416441 28.365622 28.486057 28.450003 28.691923 29.984818 29.981785 30.409273 31.274994 -32767.0 -32767.0 -32767.0 -32767.0 -32767.0 29.38445 29.430984 29.270187 29.304546 28.861048 29.011404
-32767.0 -32767.0 -32767.0 -32767.0 -32767.0 -32767.0 -32767.0 -32767.0 -32767.0 -32767.0 -32767.0 -32767.0 -32767.0 -32767.0 -32767.0 -32767.0 -32767.0 -32767.0 -32767.0 -32767.0 -32767.0 -32767.0 -32767.0 -32767.0 -32767.0 -32767.0 -32767.0 -32767.0 -32767.0 -32767.0 -32767.0 -32767.0 -32767.0 -32767.0 -32767.0 -32767.0 -32767.0 -32767.0 27.615192 26.486282 25.827875 26.595667 28.563234 28.701601 28.464754 29.046677 29.900364 29.760685 30.953876 32.076626 -32767.0 -32767.0 -32767.0 -32767.0 -32767.0 29.45339 29.18049 29.184544 29.496271 29.365122 29.041424
-32767.0 -32767.0 -32767.0 -32767.0 -32767.0 -32767.0 -32767.0 -32767.0 -32767.0 -32767.0 -32767.0 -32767.0 -32767.0 -32767.0 -32767.0 -32767.0 -32767.0 -32767.0 -32767.0 -32767.0 -32767.0 -32767.0 -32767.0 -32767.0 -32767.0 -32767.0 -32767.0 -32767.0 -32767.0 -32767.0 -32767.0 -32767.0 -32767.0 -32767.0 -32767.0 -32767.0 27.767601 26.511381 25.196209 25.04392 25.183504 26.432339 28.22547 28.35963 29.529797 28.576534 -32767.0 30.51221 30.616137 -32767.0 -32767.0 -32767.0 -32767.0 -32767.0 29.081055 29.377825 29.205555 29.167051 29.35275 29.576902 29.116201
-32767.0 -32767.0 -32767.0 -32767.0 -32767.0 -32767.0 -32767.0 -32767.0 -32767.0 -32767.0 -32767.0 -32767.0 -32767.0 -32767.0 -32767.0 -32767.0 -32767.0 -32767.0 -32767.0 -32767.0 -32767.0 -32767.0 -32767.0 -32767.0 -32767.0 -32767.0 -32767.0 -32767.0 -32767.0 -32767.0 -32767.0 -32767.0 -32767.0 -32767.0 -32767.0 27.403418 27.014294 27.599236 25.68461 27.019972 28.630974 29.547392 29.430195 29.653801 29.490017 28.306643 -32767.0 29.868841 30.71212 -32767.0 -32767.0 -32767.0 -32767.0 -32767.0 29.250528 29.228043 28.90995 29.129307 29.38391 29.553934 29.050196
-32767.0 -32767.0 -32767.0 -32767.0 -32767.0 -32767.0 -32767.0 -32767.0 -32767.0 -32767.0 -32767.0 -32767.0 -32767.0 -32767.0 -32767.0 -32767.0 -32767.0 -32767.0 -32767.0 -32767.0 -32767.0 -32767.0 -32767.0 -32767.0 -32767.0 -32767.0 -32767.0 -32767.0 -32767.0 -32767.0 -32767.0 -32767.0 -32767.0 -32767.0 -32767.0 29.425331 28.971294 28.129995 26.864851 28.611942 29.40204 29.473965 29.55691 29.188396 28.560032 27.58338 29.01799 29.623487 30.289505 -32767.0 -32767.0 -32767.0 -32767.0 -32767.0 29.315805 29.130682 28.834806 29.239613 29.336044 29.593306 29.062304
-32767.0 -32767.0 -32767.0 -32767.0 -32767.0 -32767.0 -32767.0 -32767.0 -32767.0 -32767.0 -32767.0 -32767.0 -32767.0 -32767.0 -32767.0 -32767.0 -32767.0 -32767.0 -32767.0 -32767.0 -32767.0 -32767.0 -32767.0 -32767.0 -32767.0 -32767.0 -32767.0 32.26845 -32767.0 30.835981 -32767.0 29.651167 28.569687 29.39158 29.646414 29.282398 28.848976 28.178991 28.230724 29.254223 29.007809 29.286036 29.57434 25.718323 27.625093 28.598352 28.488697 29.1096 29.818155 -32767.0 -32767.0 -32767.0 -32767.0 29.361223 29.083881 29.129341 29.185514 29.167877 29.500072 29.639158 29.146862
-32767.0 -32767.0 -32767.0 -32767.0 -32767.0 -32767.0 -32767.0 -32767.0 -32767.0 -32767.0 -32767.0 -32767.0 -32767.0 -32767.0 -32767.0 -32767.0 -32767.0 -32767.0 -32767.0 -32767.0 -32767.0 -32767.0 -32767.0 33.03602 -32767.0 -32767.0 28.903067 29.784672 30.218576 29.937798 29.915768 29.767057 29.73703 29.867538 29.793787 29.375023 28.93077 28.23674 28.852985 29.150703 28.559566 28.99767 28.101322 27.764778 28.88091 29.065853 28.897306 28.817686 29.367985 29.980669 -32767.0 -32767.0 29.294197 29.26136 28.910841 29.091936 29.202387 29.100206 29.591574 29.59793 29.236334
-32767.0 -32767.0 -32767.0 -32767.0 -32767.0 -32767.0 -32767.0 -32767.0 -32767.0 -32767.0 -32767.0 -32767.0 -32767.0 -32767.0 -32767.0 -32767.0 -32767.0 -32767.0 -32767.0 -32767.0 -32767.0 -32767.0 -32767.0 32.11576 32.60179 29.134903 29.16129 29.939518 30.004213 30.41118 30.406254 30.312113 30.245258 30.175919 29.994848 29.34712 29.271465 29.427402 29.337315 29.014511 28.686335 28.942636 29.004805 28.998968 29.225962 29.314018 29.32398 29.22441 29.55011 29.646948 29.809984 -32767.0 29.375238 28.941551 28.84105 28.870758 28.832718 29.336256 29.037561 28.984663 29.06316
-32767.0 -32767.0 -32767.0 -32767.0 -32767.0 -32767.0 -32767.0 -32767.0 -32767.0 -32767.0 -32767.0 -32767.0 -32767.0 -32767.0 -32767.0 -32767.0 -32767.0 -32767.0 -32767.0 -32767.0 33.255783 32.469833 31.721027 29.827448 28.807535 -32767.0 30.494768 30.340895 30.449335 30.588312 30.508596 30.535532 30.370695 30.273186 30.176739 29.838032 29.816584 29.622156 29.541306 29.396254 29.402079 29.263964 29.283285 29.46987 29.794682 29.934462 29.869465 29.443792 29.445934 29.545584 29.536812 -32767.0 29.152992 28.804365 28.836653 28.73286 28.975273 29.288376 29.269733 29.17135 29.090372
-32767.0 -32767.0 32.850906 -32767.0 -32767.0 -32767.0 -32767.0 -32767.0 -32767.0 -32767.0 -32767.0 -32767.0 -32767.0 -32767.0 -32767.0 -32767.0 32.72649 -32767.0 32.466652 31.208977 30.4658 29.275696 29.06045 29.023064 29.670946 30.44491 30.479097 30.585394 30.762379 30.81797 30.804237 30.65397 30.418852 30.278872 30.09691 29.764956 29.654312 29.594887 29.550669 29.526241 29.584055 29.465048 29.38188 29.72565 29.875326 29.950096 29.848513 29.453314 29.113611 29.017704 28.909739 28.860584 28.755241 28.736404 28.725668 28.589966 29.018549 29.264887 29.337584 29.220516 28.946877
-32767.0 32.338223 32.134758 32.208508 32.56825 -32767.0 32.949722 32.69275 -32767.0 -32767.0 -32767.0 -32767.0 -32767.0 31.8154 31.406204 30.726152 30.636204 30.987535 30.577274 30.60642 29.793882 29.556768 29.462242 30.011572 30.244389 30.678215 30.79018 30.810492 30.79258 30.77021 30.642294 30.547564 30.393463 30.106901 29.835484 29.639114 29.557388 29.506157 29.73133 29.74393 29.602695 29.44767 29.348621 29.389366 29.542639 29.514822 29.21888 28.624838 28.399906 28.396236 28.561907 28.74897 28.863106 28.642292 28.709423 28.551813 29.006445 29.068783 28.931038 28.920122 28.754215
31.91784 31.576443 31.549046 31.62528 31.750874 32.121086 32.179897 32.762806 -32767.0 -32767.0 -32767.0 31.118156 30.642511 30.390795 30.249216 30.071003 29.74903 30.4453 30.294323 30.434504 30.335787 29.922865 29.885567 30.176928 30.152328 30.591103 30.566555 30.650497 30.482922 30.435728 30.486006 30.426186 30.190773 30.026102 29.734423 29.654875 29.7385 29.895096 29.86774 29.736433 29.790018 29.448061 29.289288 29.108145 29.007889 28.842705 28.557224 28.299946 28.253366 28.212929 28.321857 28.564016 28.594654 28.488644 28.370623 28.528318 28.647573 28.846008 28.744432 28.682682 28.530334
31.507263 31.594198 31.532755 31.513767 31.506866 31.65325 32.1253 -32767.0 -32767.0 32.023613 -32767.0 30.188526 30.299955 29.709698 29.435339 29.298813 29.129267 29.200216 29.269192 29.709702 29.810776 29.827677 30.185974 30.652187 30.210629 30.39669 30.173038 30.076336 30.300251 30.425951 30.384031 30.187311 30.023323 29.854916 29.584349 29.616552 29.863312 29.904816 29.784992 29.83133 30.06676 29.8168 29.471146 29.164768 28.970028 28.934832 28.640635 28.46196 28.295082 28.009182 28.25151 28.624313 28.487793 28.202374 28.400068 28.628721 28.408184 28.469883 28.353422 28.427853 28.39015
31.743998 31.706015 31.68979 31.740171 31.567602 31.408457 31.943626 32.560497 -32767.0 -32767.0 32.07619 31.079227 30.427954 29.829803 29.552542 29.355639 29.17825 29.18141 29.050112 29.166494 29.56093 30.211224 30.353163 30.480232 30.263037 30.164454 29.948912 29.89602 30.105686 30.264069 30.094944 29.963303 29.923475 29.839632 29.657608 29.683786 29.952301 29.929995 29.811441 29.875034 29.941084 29.738651 29.220753 28.865295 28.623438 28.512321 28.541412 28.409996 28.330496 28.027246 28.376919 28.540014 28.018887 27.91261 28.256617 28.623514 28.535612 27.798126 28.194523 28.213785 28.348015
31.740215 31.682585 31.699066 31.692423 31.695908 31.286694 31.531334 32.005684 -32767.0 -32767.0 32.003212 31.92557 31.327877 29.416252 29.44085 29.152157 28.931614 28.577564 28.42051 28.611122 29.253405 29.864542 30.305235 30.270693 30.09879 29.82977 29.691584 29.800976 29.910028 30.004982 29.929153 29.978373 29.824347 29.72696 29.794895 29.813072 29.883694 29.810484 29.74937 29.61294 29.463928 29.163036 28.846184 28.620079 28.633446 28.499977 28.207533 27.87872 27.73194 28.027473 28.313156 27.992651 27.51183 27.451109 27.92766 28.473972 -32767.0 28.242065 27.948889 28.088339 28.232038
31.634832 31.611893 31.647657 31.632055 31.661726 31.301683 31.473022 31.700571 31.95678 31.65802 31.26352 31.268799 31.438066 30.425766 29.199175 29.1447 29.38623 29.110752 29.377775 29.712631 29.534744 28.88934 29.669844 30.066885 29.738901 29.594337 29.68383 29.700401 29.80644 29.81753 29.967638 29.80134 29.724113 29.870453 29.86477 29.706425 29.578068 29.479288 29.42286 29.367792 29.207804 28.979921 28.785547 28.339367 27.995281 27.966179 27.543001 27.343777 27.648668 28.30041 27.978119 27.25862 26.875076 27.010605 27.640457 27.204277 27.610212 27.740114 27.849306 27.939102 28.027376
31.338564 31.317154 31.46927 31.548326 31.543436 31.457876 31.844471 32.078136 31.899603 -32767.0 -32767.0 -32767.0 31.561716 30.568977 29.92515 30.059841 30.083506 29.659058 29.883974 30.301075 30.10279 29.284681 29.590042 29.89978 29.595848 29.74866 29.782623 29.750633 29.72902 29.802895 29.840277 29.823927 29.849415 29.878214 29.733284 29.509815 29.407846 29.31658 29.228521 29.183943 29.092865 28.954214 28.846933 28.434986 27.821121 27.534103 27.163877 27.563566 28.37833 28.231577 27.403788 26.862455 27.12458 26.684923 27.148708 27.214647 27.608595 27.56715 27.71462 27.710724 27.822287
