static/data/thetao/2023/7/27/6.asc
ncols 137
nrows 93
xllcorner 108.0
yllcorner 17.0
cellsize 0.25
NODATA_value -32767
[rows 54 to 80 of 93, columns 61 to 121 of 137]
29.387316 29.256128 29.152328 29.14967 29.179735 29.097145 29.239128 29.17849 29.31222 29.637463 30.074858 29.572392 29.307697 29.326515 29.333004 29.268356 29.38674 29.42452 29.394104 29.401485 29.176655 29.048721 29.118402 29.110987 29.194931 29.278046 29.153109 29.214006 29.259544 29.063791 29.060747 29.026691 29.062119 29.197863 29.356058 29.53848 29.48474 29.37306 29.238853 29.158285 29.173069 29.21522 29.231268 29.218315 29.248434 29.481207 29.756857 29.883461 29.76483 29.783382 29.605515 29.471134 29.460772 29.63457 29.74511 29.935865 29.89137 29.857458 29.752512 29.86316 29.99343
29.073387 29.244371 29.177664 29.216646 29.167603 29.21985 29.347803 29.683567 29.922228 30.115822 29.786549 29.373314 29.319887 29.33155 29.416986 29.42866 29.240427 29.369621 -32767.0 29.09374 29.186623 29.02105 29.14872 29.130281 29.240122 29.325407 29.159063 29.206259 29.266115 29.049904 29.085796 29.106852 29.160606 29.295898 29.438389 29.409628 29.268616 29.067106 28.88336 28.833141 28.821154 28.960861 29.045698 29.058184 29.08439 29.346197 29.524715 29.936722 29.808039 29.855843 29.65818 29.412197 29.42629 29.635227 29.710623 29.750233 29.716373 29.854483 29.78164 29.883785 30.071224
29.680521 29.706512 29.6291 29.530834 29.61434 29.62999 29.688675 29.711657 29.731422 29.552937 29.30023 29.359482 29.278753 29.177534 29.37921 29.234116 29.464113 29.500994 29.522552 29.569942 29.652666 29.693542 29.385283 29.320786 29.491005 29.477865 29.08969 29.203602 29.154137 29.120169 29.07332 29.11329 29.206335 29.31978 29.30022 29.122667 28.89417 28.678978 28.561098 28.511198 28.566208 28.67908 28.792513 28.912691 28.938211 29.216492 29.4272 29.742216 29.94321 29.79242 29.785276 29.389881 29.395761 29.554235 29.577034 29.59917 29.801964 29.981472 29.833704 29.979673 30.18531
29.433239 29.617525 29.814491 29.651083 29.57215 29.619482 29.577425 29.392275 29.208324 29.308367 29.41002 29.344545 29.413141 29.18387 29.361845 29.401527 29.474976 29.537334 29.599174 29.685608 29.672373 29.708885 29.729532 29.685644 29.59668 29.32632 28.99049 29.205215 28.999958 29.21901 28.993889 29.090496 29.196241 29.235283 29.1171 28.880524 28.698538 28.662634 28.630175 28.508749 28.463045 28.612339 28.625307 28.585 28.781242 29.172304 29.370777 29.590435 29.900188 29.920185 29.936615 29.70506 29.300327 29.412449 29.444296 29.579958 29.820272 30.029661 29.890387 30.113632 30.382086
29.21796 29.334263 29.408989 29.41882 29.486286 29.317102 29.014107 29.161928 29.234467 29.458384 29.3403 29.441042 29.4272 29.280344 29.35084 29.395815 29.513851 29.457613 29.61178 29.69955 29.611559 29.626232 29.729176 29.657206 29.592567 29.110605 29.015202 29.238243 29.068296 29.161238 29.141615 29.086847 29.178314 29.15568 28.94001 28.748442 28.619621 28.679333 28.623947 28.564901 28.469406 28.580103 28.55707 28.499844 28.654217 29.121052 29.403023 29.448938 29.762262 29.890308 29.965708 29.869074 29.837084 29.7081 29.75104 29.849152 29.882244 29.970493 29.898296 30.23519 30.472862
29.01358 29.286146 29.313086 29.11933 28.925863 28.979755 29.07775 29.358156 29.452862 29.216236 29.507307 29.511448 29.355858 29.50868 29.534891 29.492624 29.388739 29.42313 29.65347 29.63877 29.633488 29.68633 29.685556 29.637142 29.327463 28.91927 28.992216 29.261566 29.266935 29.00477 29.250694 29.12042 29.14887 29.082787 28.792437 28.69517 28.645136 28.680561 28.65832 28.634493 28.62915 28.673355 28.565119 28.542791 28.791008 29.135086 29.369522 29.460997 29.540335 29.682291 29.8635 29.980673 29.988499 29.95586 29.925604 29.956232 29.978676 29.969864 30.037455 30.33868 30.472162
28.944748 29.065954 29.287865 29.207994 28.963253 29.11443 29.09843 29.358532 29.668251 28.978218 29.22431 29.427958 29.348406 29.441992 29.421541 29.169277 29.205713 29.554466 29.693607 29.652985 29.620674 29.627815 29.617754 29.493263 29.137468 28.827505 29.117529 29.336458 29.351212 28.99182 29.093058 29.126822 29.10968 28.9742 28.743402 28.735905 28.654316 28.621702 28.726871 28.774006 28.724146 28.66778 28.581219 28.69083 28.996422 29.295738 29.403965 29.479734 29.479551 29.613924 29.63553 29.877136 30.010723 30.085617 30.106686 30.077066 29.883099 29.827982 30.320122 30.454529 30.565992
28.856588 29.04903 29.289602 29.104 28.741388 29.25171 29.260363 29.287134 29.585527 28.953207 29.231874 29.265963 29.520262 29.44061 29.21585 29.009047 29.385492 29.609024 29.631588 29.568172 29.49808 29.511896 29.527424 29.301985 28.932974 28.939571 29.23732 29.291271 29.362854 29.211895 28.819323 29.067266 29.065416 28.987722 28.828321 28.768751 28.813795 28.82585 28.822062 28.803345 28.678274 28.56689 28.696825 28.935196 29.19739 29.310759 29.331223 29.378454 29.45038 29.528137 29.53891 29.768574 29.855167 29.97151 30.120232 30.108171 29.811281 30.276535 30.488688 30.58828 30.565472
28.98131 29.204847 29.42863 29.250256 28.43798 29.422476 29.37037 29.273428 29.260893 29.15897 29.182049 29.255896 29.383602 29.43021 29.084621 29.098549 29.384562 29.46909 29.574114 29.635561 29.370087 29.419994 29.371506 28.996763 29.043951 29.226086 29.159817 29.105938 29.271042 29.351181 29.127014 28.839136 28.848492 28.902637 28.883135 28.836819 28.835712 28.814547 28.769392 28.755825 28.822842 28.916658 29.03418 29.225946 29.317293 29.303576 29.345016 29.357983 29.401007 29.44459 29.524439 29.771042 29.784653 29.904999 30.09638 29.99221 30.106049 30.30708 30.483622 30.541138 30.369526
29.125828 29.313402 29.471516 29.549835 29.49579 29.442532 29.40465 29.325932 29.2138 29.150581 29.1949 29.057737 28.908634 28.858522 28.862638 29.215424 29.27181 29.441713 29.572483 29.509132 29.224976 29.175486 29.015524 29.226097 29.2131 29.120077 29.139126 29.197224 29.205345 29.27662 29.320013 29.332785 29.22298 29.068 28.930708 28.887785 28.897837 28.927292 28.961891 29.083975 29.249674 29.345062 29.337101 29.24587 29.247946 29.209864 29.510406 29.351833 29.31429 29.393547 29.54066 29.765566 29.782251 29.872068 30.07734 29.841536 30.210922 30.20139 30.29061 30.282448 30.191225
29.093786 29.234816 29.402225 29.496695 29.494087 29.459827 29.376589 29.264553 29.166447 29.118668 29.151278 28.899323 28.743681 28.739628 28.796976 29.236565 29.249235 29.411283 29.325699 29.13508 29.091328 29.24295 29.283842 29.109201 29.13014 29.171837 29.162792 29.15992 29.19242 29.21966 29.258345 29.293549 29.318739 29.325357 29.345114 29.330519 29.31152 29.318401 29.328224 29.32493 29.293184 29.233015 29.152685 29.132793 29.205381 29.171623 29.619123 29.555643 29.226618 29.363373 29.522121 29.739758 29.86348 29.949007 29.98577 30.091175 30.193443 30.184355 30.329206 30.284182 30.28817
29.263145 29.370764 29.5084 29.519003 29.43638 29.392118 29.35189 29.245592 29.165684 29.128376 29.067238 28.858847 28.64138 28.720623 28.769278 29.186817 29.244038 29.186398 29.26525 29.279255 29.305473 29.3093 29.271366 29.191872 29.248606 29.345037 29.499292 29.479076 29.33214 29.245731 29.22502 29.192945 29.156607 29.084476 28.959352 29.00331 29.092531 29.141209 29.159847 29.264786 29.43043 29.53444 29.57454 29.435688 29.235592 29.15778 29.511858 29.52769 29.297525 29.23836 29.614765 29.752764 29.869947 29.93666 29.845827 30.248352 30.204714 30.21944 30.06302 30.069534 30.025572
29.213182 29.320124 29.590473 29.616808 29.461569 29.334064 29.264969 29.249619 29.241573 29.194183 29.056656 28.656902 28.592138 28.60091 28.79975 29.095036 29.15 29.01919 28.975119 28.979721 28.932531 28.863379 28.84741 28.854359 28.8213 28.930508 29.252626 29.511929 29.579012 29.545624 29.472946 29.41224 29.394756 29.40405 29.451393 29.427109 29.15649 29.32502 29.475712 29.508053 29.530071 29.540262 29.565796 29.606321 29.61301 29.508827 29.380758 29.47512 29.627306 29.211613 29.657946 29.767881 29.841017 29.80165 30.03575 30.148468 30.21198 30.107346 29.987513 29.965809 29.88382
29.038923 29.14461 29.508955 29.594734 29.564276 29.35578 29.329899 29.2955 29.239836 29.09311 28.990139 28.547022 28.51621 28.49778 28.8728 29.052906 28.909216 28.891468 28.835182 28.826685 28.792818 28.72718 28.747759 28.854662 28.887205 28.857712 28.814098 29.04103 29.486565 29.48111 29.439709 29.470602 29.534367 29.472906 29.303652 29.368359 29.353384 29.503798 29.55853 29.510002 29.535606 29.569588 29.762856 29.941029 29.90551 29.828266 29.700666 29.66206 29.66965 29.30962 29.73632 29.727762 29.778622 29.746271 30.278648 30.192083 30.307945 30.07943 30.105366 29.955925 29.955132
28.943384 28.773335 29.208925 29.512913 29.545815 29.426603 29.334162 29.308878 29.287813 29.096336 28.873505 28.536379 28.553255 28.504255 28.933153 28.8654 28.783392 28.735174 28.775446 28.834557 28.829006 28.703108 28.732897 28.83161 28.90546 28.946905 28.841194 28.833424 29.21868 29.405804 29.305117 29.428293 29.509678 29.478584 29.361814 29.425152 29.38994 29.600275 29.555069 29.51677 29.50757 29.580338 29.881163 29.906075 29.957977 30.016205 29.990799 29.85995 29.706526 29.40291 29.786167 29.654589 29.620144 30.187475 30.269604 30.345322 30.315397 30.207102 30.046942 30.090256 30.097082
29.003283 28.883743 28.92639 29.310135 29.457924 29.560665 29.342838 29.302017 29.297241 29.095785 28.7518 28.506683 28.62737 28.64302 28.843714 28.712713 28.644674 28.642467 28.592571 28.693995 28.81458 28.67845 28.763752 28.994701 29.147104 29.119108 29.086517 28.953102 29.225126 29.379076 29.184763 29.345404 29.454842 29.401972 29.389122 29.399189 29.405687 29.606504 29.596268 29.502056 29.507853 29.617304 29.753193 29.817204 30.125843 30.152943 30.076818 29.976854 29.69504 29.556007 29.805021 29.55401 29.610447 30.23791 30.145302 30.354702 30.374273 30.306717 30.134811 29.882332 29.76834
29.253538 29.192198 29.14534 29.17273 29.246557 29.564766 29.4048 29.251295 29.230082 29.075722 28.557549 28.451532 28.615355 28.765987 28.755747 28.619442 28.560225 28.545694 28.520824 28.563282 28.762938 28.563076 28.789114 29.065025 29.223156 29.25875 29.179123 29.090014 29.195505 29.215466 29.151278 29.220728 29.342186 29.287025 29.25168 29.321815 29.396704 29.542183 29.650679 29.457167 29.444952 29.587961 29.632008 29.809717 30.166191 30.211218 30.10259 30.065496 29.84164 29.737097 29.814264 29.538246 29.681154 30.148802 29.904644 30.034563 30.040941 29.959955 29.997196 30.009123 29.823095
28.784546 28.692972 28.699474 28.940435 29.152122 29.591646 29.45776 29.20439 29.184921 28.955313 28.484385 28.382277 28.598368 28.782179 28.75595 28.544441 28.486069 28.447922 28.425684 28.54472 28.690645 28.49798 28.881954 29.10047 29.239805 29.297396 29.29448 29.172258 29.185263 29.248497 29.240404 29.197205 29.194195 29.200285 29.209145 29.275015 29.356579 29.421572 29.461256 29.352129 29.478582 29.649836 29.630733 29.93111 30.08786 30.212973 30.165209 30.121647 30.028828 29.896812 29.879116 29.534088 29.733812 30.099615 29.972559 29.969995 30.049706 30.052237 29.850578 29.866634 29.869108
28.662493 28.575462 28.724487 28.840189 29.28102 29.730547 29.405912 29.189327 29.14969 28.740952 28.427279 28.343983 28.444567 28.714535 28.748827 28.59682 28.523651 28.485687 28.55559 28.588829 28.522448 28.548923 28.895054 29.180674 29.323698 29.328892 29.340515 29.20522 29.181026 29.201832 29.27827 29.312258 29.238688 29.231697 29.255468 29.281918 29.364758 29.40465 29.464642 29.48578 29.578932 29.755981 29.663286 29.997688 29.86525 30.22688 30.152988 30.203182 30.124104 29.98755 29.897964 29.500845 29.82749 30.06887 30.01916 30.03579 30.005507 29.836853 29.828611 29.860315 30.003101
28.725126 28.716555 28.863312 28.908617 29.635714 29.608551 29.310959 29.159372 29.100998 28.5208 28.318016 28.264332 28.262781 28.38736 28.502012 28.564304 28.519733 28.492596 28.432068 28.39797 28.258093 28.49588 29.005808 29.315306 29.381802 29.37371 29.27752 29.26216 29.136183 29.16493 29.337446 29.428316 29.355717 29.308374 29.344898 29.29129 29.303152 29.346827 29.44208 29.567108 29.7519 29.837458 29.750244 29.958315 29.767332 30.18601 30.16387 30.12342 30.089926 29.987236 29.76091 29.437933 29.97259 30.085371 30.049784 29.932552 29.857708 29.834583 29.918512 30.080025 30.122921
28.8014 28.821672 28.991865 28.924105 29.273893 29.206606 29.223663 29.118742 29.030672 28.43057 28.185263 28.23168 28.231169 28.262938 28.33282 28.406605 28.48783 28.555586 28.653385 28.776493 28.85879 29.17471 29.364025 29.296782 29.36258 29.436417 29.369608 29.373318 29.141167 29.101633 29.37006 29.628447 29.597057 29.487188 29.413515 29.375631 29.25159 29.293257 29.405846 29.557837 29.882505 29.872015 29.866734 30.02102 29.756823 29.863266 30.048243 30.075706 29.95173 29.69328 29.403805 29.791756 29.982819 30.006878 30.031164 30.06539 30.108107 30.089636 30.141924 30.178288 30.17035
28.712713 28.843935 28.893475 29.011448 29.03542 28.93701 29.13472 29.103064 28.997929 28.40192 28.199734 28.263456 28.190275 28.276337 28.5462 28.77884 28.938475 29.065365 29.157442 29.238407 29.301693 29.25686 29.103184 29.140621 29.373938 29.50873 29.501194 29.447617 29.395798 29.377846 29.55681 29.69813 29.65399 29.57011 29.5514 29.46957 29.282803 29.240616 29.446411 29.559746 29.914118 29.858583 29.878103 29.921661 29.773512 29.44205 29.47567 29.460308 29.465115 29.571434 29.817942 29.98865 30.053095 30.049232 30.020714 30.185595 30.296946 30.327929 30.32853 30.354286 30.370718
28.62048 28.691624 28.64193 28.55298 28.508463 28.754236 29.02635 29.085056 28.99472 28.53236 28.519804 28.536665 28.668959 28.838272 28.851854 29.076084 29.195137 29.229666 29.181879 29.079233 28.936354 28.819485 28.99779 29.208603 29.418907 29.531788 29.559828 29.510826 29.453186 29.497187 29.650118 29.71059 29.645685 29.656473 29.667109 29.558252 29.255949 29.231627 29.428343 29.532125 29.899124 29.829382 29.864594 29.693275 29.851837 29.783508 29.423183 29.69351 29.85527 29.977594 29.925581 29.911049 29.969889 30.157454 30.320843 30.301325 30.273237 30.312742 30.343073 30.363274 30.335724
28.5099 28.320875 28.21654 28.18585 28.371822 28.69005 28.865192 28.982662 28.995733 28.77352 28.713316 28.762974 28.73558 28.860807 29.197023 29.225607 29.13859 28.957623 28.872952 28.88905 28.824787 29.035381 29.165922 29.25931 29.350084 29.414154 29.50026 29.571438 29.585667 29.606195 29.655457 29.677092 29.730116 29.71071 29.685577 29.547558 29.416283 29.320263 29.345976 29.568775 29.9286 29.88514 29.839544 29.529066 29.785116 29.819 29.792685 29.62373 29.593824 29.729065 29.871092 30.076475 30.284872 30.28522 30.206804 30.292019 30.344711 30.37685 30.383022 30.356895 30.357922
28.231325 28.089739 28.103685 28.261757 28.285936 28.44215 28.6803 28.907509 28.897808 28.849525 28.770319 28.710327 28.836506 29.100168 29.275066 29.142874 28.935757 28.840054 28.91497 28.892616 28.912365 29.099453 29.225996 29.304384 29.349545 29.419968 29.536152 29.649508 29.679476 29.616869 29.639559 29.723577 29.670404 29.598978 29.661472 29.688705 29.545938 29.503742 29.516102 29.666235 29.94499 29.906473 29.845383 29.682295 29.855743 30.012062 30.000967 29.915262 29.853115 29.914139 30.13363 30.321001 30.161226 30.189688 30.24355 30.265238 30.312399 30.323116 30.312557 30.292265 30.303934
27.98996 27.910759 27.782463 28.117792 28.272982 28.338863 28.49578 28.694956 28.726786 28.728172 28.663673 28.862617 28.867115 29.160862 29.32483 29.262966 28.932947 28.83886 28.914125 28.95477 29.071468 29.115244 29.109404 29.265415 29.461607 29.524147 29.605434 29.672256 29.683754 29.624163 29.6241 29.639277 29.585604 29.54937 29.712173 29.743517 29.64458 29.659079 29.685589 29.738228 29.917439 29.925613 29.898497 29.939716 30.028643 30.114643 30.101625 30.106943 30.098232 30.123068 30.309093 30.193329 30.207577 30.164946 30.127504 30.210482 30.210596 30.258627 30.282772 30.273228 30.264526
27.80768 27.553917 27.410769 27.820536 28.070742 28.292337 28.33149 28.425423 28.505968 28.601124 28.82787 28.905407 28.809998 29.193565 29.35182 29.33609 29.015831 28.786913 28.872417 28.928999 29.01498 29.077133 29.23718 29.436392 29.404114 29.42371 29.586773 29.666552 29.72345 29.753107 29.720945 29.68486 29.596497 29.711132 29.856184 29.773294 29.7186 29.80533 29.79928 29.991089 29.942987 29.993492 29.975624 30.044926 30.18608 30.186148 30.165945 30.216406 30.24976 30.300705 30.212893 30.196754 30.128786 30.072792 30.038555 30.141088 30.158134 30.188347 30.219635 30.242336 30.25277
