static/data/ASCData/20210114/ASCU/00.asc
ncols 97
nrows 97
xllcorner 99.0
yllcorner 2.0
cellsize 0.25
NODATA_value -32767
[rows 0 to 18 of 97, columns 43 to 85 of 97]
-0.8797246797266023 -0.5321328354935442 0.5938147429211478 1.2353933267787078 1.0724145782378964 1.3067866723784443 1.14573097691776 -0.3347795131454523 -0.36314454607733393 0.6798713682568565 1.3820261241384353 1.5928408180474198 1.3409208645507085 -0.007620107888749672 -1.0174633565907394 -1.1395772271788402 -0.41482659760576235 0.8457346964178591 1.0957315968344434 0.2334826720322445 -0.3963172117095346 -0.706890284150137 -0.9491949722462107 -0.6727560919778728 -0.8309272078183652 -1.2859696429035514 -1.52322631666429 -1.3564014619632236 -0.7802066828300007 0.12122444847979752 -0.8845323124269213 -0.7391014232422739 -0.15425290524847668 -0.031177508120312503 -0.4929506289859449 0.08612872976746955 0.5000659052649286 1.0596743515820513 1.6603880574869008 1.9776918157079497 1.704137515059803 0.964002460845705 -0.3689137053177167
-0.7595338622186292 -0.2439152551094248 0.5303539912769377 1.0998180846297143 1.4786595414148453 -0.04175430006101388 0.399586381828263 0.38780768171248203 0.34886585683989857 0.5976608490814028 0.6661696150609475 -0.2939146351927415 -0.05064842055660401 -0.331894933525261 -0.8866957471420647 -0.8826092593467938 -0.327087300824942 0.42386492696487377 0.8897245356257772 0.6974192276130204 -0.08189803310867694 -0.7655434030940278 -0.7049672310700095 0.12795513426024385 -1.041982283362366 -1.4501502996194426 -1.1931823317873962 -1.014578776970548 -1.3035175022597154 -0.23141541008859545 -0.37203866657292406 -0.5888629013573075 -0.5585748153452983 -0.5633824480456171 -0.5888629013573075 0.4748258335882545 0.9560698668901786 1.1572692953985255 1.4863517537353559 1.544043346139183 1.2178454674225438 0.4748258335882545 -1.666974534403826
-0.4314129304218628 0.1094457483640161 -0.25954006138546126 -0.327087300824942 -0.314347074169097 -0.5292482558733529 0.8195330982011213 1.0363573329855047 0.6154490900725831 -0.02733140196005701 0.05487911721539618 -0.2626650226406686 -0.14343573167275903 -0.6756406715980641 -0.9939059563591768 -0.8162639280823925 0.002956684051952152 0.33516410364398963 0.610401075737248 0.5841994775205097 -0.20785800985703284 -0.9491949722462107 -0.783091262450192 0.1534355875719342 -0.9804445847982837 -1.3710647416991963 -0.6903039513340368 -0.4588164368136807 -1.2547200303514785 0.14766642833155164 0.15920474681231722 -0.524200241538018 -0.5624209215055533 -0.10737848642036729 0.45607606605701045 0.610401075737248 0.8635229374090394 1.0861163314338054 0.9356374279138233 0.7902065387291759 0.399586381828263 -0.3465582132612337 -2.680423507631055
-0.21074258947722413 0.4356436270806552 -0.00665858134868591 -0.9314067312550307 -0.8328502608984929 0.6183336696927744 0.6875635805773666 0.34574089558469145 -0.20593495677690532 -0.5741996216213348 0.9942905468577141 0.5998242837965462 0.3623272284007917 -0.09656131284464964 -0.3698752318577805 -0.48333536358530704 -0.33982752748078715 -0.04295620823609392 0.3683367692761901 0.33708715672411715 -0.09944589246484092 -0.7314092109217636 -1.001838550314703 -0.29295310865267776 -0.9725119908427575 -0.966742831602375 -0.5047293291017263 -0.7489570702779276 -1.2674602570073235 -0.31819318032935207 0.399586381828263 -0.2773283023766413 0.16425276114765186 0.8204946247411851 1.0870778579738691 0.5430942179327829 0.9219356747179144 0.8390040106374128 0.6113626022773118 -0.011706595684020549 -0.43646094475719766 -1.1727498928110407 -3.4119048229845794
-0.19031015050086886 0.48540262552895586 0.517613764621093 -0.34848126634136123 -0.4989601698613435 0.9454930749494768 0.7755432589932032 -0.24992479598482342 -0.7802066828300007 -0.15425290524847668 1.0772222109382152 0.04886957633999778 -0.36025996645714264 -0.2645880757207961 0.5255463585766189 0.4034324879885185 -0.952079551866402 -0.7576108091385017 -0.007620107888749672 0.12795513426024385 -0.2713187615012427 -0.590785954437435 -0.9814061113383477 -0.6835732655535902 -0.6826117390135265 -0.7419860028624652 -0.7234766169662372 -0.9626563438071039 -1.479476859091388 -0.9294836781749032 0.28324167048054516 0.06954239695136932 0.45415301297688293 0.9767426875015501 1.3536610912065536 0.5539113915085006 0.7091979277288019 0.47073934579298315 -0.14824336437307828 -0.7585723356785654 -1.0799625816948855 -1.6816378141397987 -3.4705579419284702
-0.314347074169097 0.0128123310876056 0.04406194363967897 -0.09367673322445835 -0.44703773669789926 0.34189478942443596 0.5185752911611567 -0.403288279124997 -0.19223320358099638 0.4346821005405914 0.5236233054964914 -0.6395834263456721 -0.8564076611300555 -0.10834001296043105 0.6846790009571753 0.3380486832641809 -1.068183881579104 -0.9549641314865935 -0.4725181900095896 -0.32107775994954335 0.18468520012400713 -0.1355031377172331 -0.8797246797266023 -1.0888567021904756 -0.7939084360259097 -0.6619389184021551 -0.6424680059658634 -0.9696274112225662 -1.5633700497119531 -1.2907772756038702 0.7305918932452209 0.5539113915085006 0.06449438261603424 0.589007110220829 1.0127999327539419 0.24237679252783462 0.17891604088362456 -0.519392608837699 -1.140538753718904 -1.3544784088830961 -1.6561573608281086 -1.828991756404574 -2.6472508419988543
-0.6121799199538542 -0.3347795131454523 0.3233854035282082 0.29117426443607153 -0.4989601698613435 0.12603208118011633 0.24622289868808966 -0.4023267525849332 -0.16290664410905098 0.2969434236764541 0.2394922129076429 -0.018437281464467326 -0.007620107888749672 0.3789135612168919 -0.07011933299289552 -0.42948987734173505 -0.8573691876701193 -0.5994396932980091 -0.7167459311857909 -0.4814123105051795 0.0947824686280434 -0.0388697204408226 -0.6756406715980641 -1.4862075448718346 -0.9862137440386665 -0.7616972969337727 -0.66698693273749 -0.9782811500831403 -1.5761102763677983 -1.2273165239596606 1.0207325267094682 0.9885213876173311 0.44141278632103775 0.1563201671921255 0.4640086600125368 -0.6073722872535354 -0.7693895092542831 -1.4744288447560532 -1.7088009388966006 -1.8953370876689748 -1.9237021206008564 -1.8066362643480907 -2.06817148324544
-0.4129035445256348 -0.8035237014265475 -0.05449452671685906 0.41328813502417194 -0.26843418188105117 0.3409332628843722 0.2060791656404266 -0.3261257742848782 -0.479489257425052 -0.2040119036967778 0.01569691070779733 0.6779483151767289 0.569536197784537 0.38973073479260956 -0.21266564255735165 -0.7215535638861097 -0.9460700109910034 -0.5263636762531614 -0.5496806948497082 -0.03406208774050379 -0.0975228393847134 -0.3592984399170789 -0.9275606250947757 -1.3845261132600895 -0.9374162721304293 -1.0037616033948304 -0.9919829032790493 -0.9001571187029578 -1.1746729458911682 -0.5525652744698997 0.6582370211054211 0.7832354713137133 0.7882834856490484 0.6808328947969202 -0.314347074169097 -1.6191385890356527 -1.7898095498969746 -2.112161322453358 -2.301582050845924 -2.1960545130739235 -2.1073536897530394 -1.7773097048761453 -1.5008708246078073
-0.43934552437738894 -0.8309272078183652 -0.12781092539672256 0.3916537878727371 -0.10545543334023977 -0.5028062760215988 0.34189478942443596 0.4257879800450013 0.22579045971173395 -0.12108023961627623 -0.6073722872535354 -0.3417505805609149 0.36328875494085544 0.4161727146443637 -0.15425290524847668 -0.7049672310700095 -0.6073722872535354 -0.5117003965171887 0.1866082532041351 0.04983110288006154 -0.6239586200696356 -1.0652993019589128 -0.8181869811625202 -0.617949079194237 -0.9989539706945116 -1.19414385832746 -1.1424618067990315 -0.8261195751180463 -0.3044914271334431 0.29790495021651786 0.6445352679095122 0.289251211355944 0.08805178284759707 -0.5008832229414713 -1.720579639012382 -2.4950892670337605 -2.52417544487069 -2.581867037274517 -2.421772868353897 -2.239082825741778 -2.078027130281094 -1.6794743794246552 -1.2576046099716698
-0.8309272078183652 -0.23237693662865921 0.3409332628843722 0.29021273789600777 -0.3650675991574617 -0.5701131338260637 0.06761934387124136 0.27074182545971626 0.24045373944770665 0.12891666080030761 -0.02733140196005701 -0.3376640927656438 0.1416568874561528 0.12795513426024385 -0.2234828161330693 -0.5251617680780818 -0.4530472775732979 -0.07204238607302305 0.3428563159644997 -0.14920489091314204 -1.0155403035106119 -1.3749108478594514 -0.8963110125427025 -0.7439090559425927 -0.4773258227099084 -0.22829044883338812 -0.17564687076489616 0.013773857627669805 0.4962197991046735 0.5363635321523366 -0.20112732407658607 -1.0770780020746942 -1.8602413689566468 -2.5116755998498608 -2.944122161243548 -2.8299408846109735 -2.836911952026436 -2.6972502220821712 -2.4335515684696785 -2.210717792809896 -2.042931411568766 -1.52322631666429 -0.7626588234738365
-0.5203541353777628 -0.04079277352095012 -0.05641757979698658 -0.5544883275500272 -0.8241965220379188 -0.28309746161702387 -0.005697054808622148 -0.255693955225206 -0.36025996645714264 -0.10136894554496845 0.48059499282863705 0.252953584468536 0.30776059725217175 -0.3153086007091608 -0.5809303074017813 -0.5828533604819088 -0.5710746603661274 -0.36025996645714264 0.2382903047325633 -0.3583369133770151 -1.1150583004072137 -1.408083513491652 -1.1434233333390953 -0.9326086394301105 -0.05954254105219414 0.38973073479260956 0.5322770443570657 0.44261469449611734 0.24045373944770665 -0.9491949722462107 -2.1297091818095226 -2.940276055083293 -3.361184297996215 -3.5671913592048803 -3.324165526203759 -3.1025336587190564 -2.9421991081634205 -2.585713143434772 -2.302543577385988 -2.055431256589595 -1.7859634437367193 -1.5838024886883086 0.047908049799934016
-0.1600220644888597 -0.033100561200440026 -0.002812475188430863 -0.20208885061665027 -0.3025683740533156 -0.1794929769251512 0.17482955308835368 0.065455909156098 -0.051609947096667774 0.02266797812325949 0.26377075804425365 0.3233854035282082 0.440451259780974 -0.35040431942148875 -0.8044852279666113 -0.7967930156461009 -0.7234766169662372 -0.9696274112225662 -0.3689137053177167 -0.5222771884578903 -1.0946258614308582 -0.7898219482306386 -0.033100561200440026 -0.7850143155303195 -0.23718456932897825 0.5195368177012205 0.3467024221247552 -0.15713748486866796 -1.3905356541354879 -2.841719584726755 -3.747958348736872 -3.913821676897875 -4.12583827898194 -3.900360305336982 -3.6248829516087078 -3.3503671244204973 -2.8309024111510377 -2.417926762193642 -2.136680249224985 -1.921779067520729 -1.6746667467243364 -1.5350050167800715 0.042138890559551445
-0.25954006138546126 -0.4520857510332341 -0.28694356777727914 0.18853130628426262 0.05872522337565167 -0.15329137870841292 0.5507864302532934 0.5147291850009013 0.3447793690446277 0.36328875494085544 0.5147291850009013 0.252953584468536 0.4640086600125368 -0.0018509486483671012 -0.4677105573092706 -0.5710746603661274 -0.6239586200696356 -1.440294652583789 -0.3261257742848782 -0.5203541353777628 -0.8787631531865385 -0.573238095081271 0.10848422182395234 -0.6794867777583191 -0.8338117874385567 -1.0350112159469036 -1.2186627850990863 -2.3114376978815776 -3.609258145332671 -4.360210373122487 -4.535929348319144 -4.594582467263034 -4.254682835350486 -3.9880996021178023 -3.6073350922525433 -3.2546952336841506 -2.6794619810909914 -2.180429706797887 -1.8523087750011205 -1.7489446719442636 -1.7313968125880996 -1.6121675216201903 -0.559536341885362
-0.4715566634695256 -0.25377090214507847 -0.22732892229332435 -0.26651112880092365 -0.2713187615012427 -0.255693955225206 0.3623272284007917 0.5342000974371932 0.21689633921614426 0.3555965426203449 0.780350891693522 0.32242387698814445 0.45126843335669165 0.22170397191646307 0.2647322845843174 0.039254310939359716 -0.8280426281981739 -1.21962431163915 -0.309539441468778 -0.4648259776890793 -1.425631372847816 -1.9491825739125468 -1.6775513263445276 -2.1561511616612763 -2.681625415806135 -2.997006120947056 -3.8280054331971822 -4.627755132895235 -5.0837590945204845 -5.172700299476385 -5.064288182084193 -4.782080142575472 -4.395306091834815 -3.945071289449948 -3.524403428172042 -3.0878703789830837 -2.440282254250125 -1.953028680072802 -1.6249077482760355 -1.4951016653674245 -1.9188944879005376 -1.8200976359089838 -1.1386157006387763
-0.18357946472042208 0.08901330938766083 -0.4374224712972614 -0.5407865743541183 -0.590785954437435 -0.6376603732655446 -0.21266564255735165 0.38780768171248203 0.1680988673079069 0.2159348126760805 0.7433321199010661 0.35655806916040866 0.1926177940795335 0.4082401206888373 0.5851610040605735 0.17579107962841745 -0.7948699625659734 -0.7751586684946656 -0.2948761617328053 -1.6325999605965458 -3.0369094723597034 -4.034974020945912 -4.105405840005584 -4.299634201098469 -4.533044768698952 -5.157075493200349 -5.320294623376176 -5.715722412977407 -5.682549747345207 -5.458754445145361 -5.203949912028458 -4.827031508323454 -4.392421512214623 -3.900360305336982 -3.409020243364388 -2.9549393348192656 -2.2674478586736595 -1.890529454968656 -1.6366864483918169 -1.6102444685400628 -2.026345078752666 -2.030191184912921 -1.622984695195908
-0.4677105573092706 0.008966224927350552 -0.5917474809774987 -0.17276229114470443 -0.684534792093654 -0.8220330873227752 -0.16675275026930603 0.5108830788406462 0.31545280957268185 0.09574399516810717 0.7149670869691844 0.011850804547541838 -0.12492634577653128 0.01569691070779733 0.2793955643202901 -0.29295310865267776 -0.8417443813940828 -0.9393393252105571 -1.7518292515644551 -3.0917164851433387 -4.166943538569666 -5.099383900796521 -5.390486060800832 -5.533993896905352 -5.679665167725016 -5.699136080161307 -5.8241345303696 -5.839759336645636 -5.699136080161307 -5.496013598572833 -5.231353418420276 -4.84746394729981 -4.445305471918132 -3.968628689681511 -3.3357038446845246 -2.8895555300949285 -2.2537461054777506 -2.001826151981039 -1.7518292515644551 -1.689330026460309 -2.0359603441533034 -2.3563890636295595 -2.4023019559176055
-0.9403008517506208 -0.7186689842659184 -0.7001595983696904 0.1094457483640161 -0.6775637246781916 -0.8934264329225112 -0.19223320358099638 0.6397276352091934 0.494296746024546 -0.27828982891670506 0.39261531441280084 -0.1121861191206861 -0.3114624945489055 -0.2645880757207961 -0.577084201241526 -1.270344836627515 -1.7196181124723182 -2.408071115157988 -3.2616663010996128 -4.004685934933903 -4.849387000379938 -5.262603030972349 -5.577022209573206 -5.70490523940169 -5.69721302708118 -5.669809520689362 -5.683511273885271 -5.709953253737025 -5.6650018879890425 -5.426543306053224 -5.187363579212358 -4.855396541255336 -4.454920737318769 -4.052521880302076 -3.4217604700202333 -2.9998907005672475 -2.6698467156903534 -2.409032641698052 -2.320091436742152 -2.279226558789441 -2.6688851891502896 -3.2215225680519497 -3.5330571670326165
-1.729473759507972 -1.2929407103190138 -0.8417443813940828 -0.4354994182171339 -0.5439115356093256 -0.6376603732655446 -0.4823738370452433 0.08204224197219823 0.36449066311593503 -0.48333536358530704 -0.2792513554567688 -0.5535268010099634 -0.9148203984389305 -1.2821235367432964 -1.7011087265760905 -2.2273041256259964 -2.646289315458791 -3.3308962119842054 -3.900360305336982 -4.425594177846824 -4.8318391410237735 -5.165969613695939 -5.4443315470444045 -5.503705810893343 -5.538080384700623 -5.6181274691609335 -5.656107767493452 -5.615002507905726 -5.592647015849243 -5.375822781064859 -5.228468838800085 -4.928472558300184 -4.562371328170897 -4.140501558717912 -3.771275367333419 -3.4316161170558868 -3.3474825448003056 -3.36503040415647 -3.39940497796375 -3.6443538640449993 -4.098434772590122 -4.844579367679619 -5.34553469505285
-2.4549455339860975 -1.6150521012403818 -1.4061604604115243 -0.7381398967022101 -0.5681900807459361 -0.8758785735663472 -1.3162577289155606 -1.4422177056639165 -1.1335676863034414 -1.068183881579104 -1.1600096661551955 -1.400150919536126 -1.7547138311846464 -2.125863075649267 -2.4648011810217514 -2.8162391314150645 -3.1708020430635853 -3.637623178264553 -4.077040807073702 -4.4529976842386425 -4.769339915919627 -5.047701849268093 -5.245055171616185 -5.437360479628942 -5.5234171049646505 -5.60346418942496 -5.661876926733836 -5.669809520689362 -5.685434326965398 -5.58279136881359 -5.389524534260769 -5.15226786050003 -4.876790506771755 -4.609245746999007 -4.42463265130676 -4.257807796605694 -4.36718144053795 -4.516458435882852 -4.798666475391572 -5.235199524580532 -5.772452478841171 -6.377733435811324 -6.8327758708965085
