static/data/ASCData/20210114/ASCU/03.asc
ncols 97
nrows 97
xllcorner 99.0
yllcorner 2.0
cellsize 0.25
NODATA_value -32767
[rows 19 to 37 of 97, columns 0 to 42 of 97]
-0.2669165402015523 -0.07075068614233793 0.06011800250975341 -0.01395861370841156 -0.019994486141002854 -0.04029696614153688 -0.17034258128009294 -0.5080770796673558 -0.39284678777243265 -0.24853456506593363 -0.29435232398605793 -0.22000134993004794 -0.004356089383834583 0.07575639926692146 0.1284331041331721 0.2477787635957711 0.3794705257613975 0.6645283192824099 0.8365506836112593 0.8453301344223012 1.2760719398390379 1.068108698752486 -0.16924514992871287 -0.7464940407547088 -0.42412358128676897 0.12267158953842583 0.24860183710930617 0.10593576142987748 -0.028773936952044554 -0.1585451942527556 -0.22878080074108964 -0.3217881077705633 -0.48585409480190644 -1.012072427788722 -2.000309359706611 -2.3635591370134637 -2.4291306602584317 -2.51802259972023 -2.6370939013449837 -2.8461545737829157 -2.9408080278394597 -2.8198162213497904 -2.5150046635039343
-0.14784523857679854 0.07685383061830175 0.10511268791634243 -0.12232995965720828 -0.37446481263681397 -0.3832442634478559 -0.17418359100992387 -0.39504165047519324 -0.3821468320964756 -0.21533726668668196 -0.295175397499593 -0.3352316418249712 -0.1645810666853469 -0.07760963208846428 0.07273846305062581 0.14407150089034015 0.44504204900636557 0.7720765917176713 0.8862094522612145 0.7438177344196306 0.7594561311767987 0.5427134392792052 -0.29435232398605793 -0.6743379294014593 -0.4680208353419779 -0.12534789587350392 0.11883057980859513 0.11883057980859513 0.013202812238248818 -0.25731401587697555 -0.6537610915630802 -0.9182420472457133 -1.6732748169953051 -2.5882582062085637 -3.1575507197370536 -2.977023262435007 -2.9506849100018817 -2.936967018109629 -3.0521973100045523 -3.2834809673079337 -3.3372551035255644 -3.197606964062431 -2.6497143618858563
-0.25237557479576456 -0.0913275239807172 -0.09708903857546325 -0.26115502560680626 -0.5023155650726097 -0.4309825272328953 -0.2035398796593446 -0.2825549369587206 -0.3607469207445613 -0.2131424039839216 -0.40656467966468557 -0.3588264158796459 -0.2874933780399316 -0.20738088938917554 -0.030694441816959905 0.11087420251108848 0.32761689440868214 0.9010247755048473 0.9087067949645087 0.5171981603596152 0.47330090630440647 0.18138416683726777 -0.3462059553387733 -0.5805075488584505 -0.5297513488571153 -0.3665084353393073 -0.09324802884563255 -0.06471481370974685 -0.019994486141002854 -0.5278308439921998 -1.32456600509424 -2.095237171601 -2.842313564053085 -3.4417854397445304 -3.5051621002867384 -3.222024811630641 -3.2571426148748084 -3.379231852715858 -3.5913104613700852 -3.762235394347555 -3.6829459792103343 -3.3830728624456885 -2.792380437565285
-0.36184435209594157 -0.26005759425542596 -0.31191122560814155 -0.4271415175030646 -0.38516476831277124 -0.2973702602023536 -0.314929161824437 -0.3725443077718986 -0.4271415175030646 -0.2493576385794689 -0.44470041912514824 -0.3684289402042229 -0.3714468764205183 -0.47899514885578 -0.30313177479709963 0.14516893224172045 0.4340677354925635 0.8727659182068066 0.8922453246938054 0.6335258836059185 0.5366775668466139 0.11965365332213018 -0.32562911750039425 -0.5591076375065361 -0.603004891561745 -0.5014924915590745 -0.36184435209594157 -0.2669165402015523 -0.1459247337118832 -0.6809225175097406 -1.6419980234809688 -2.650811793237237 -3.4829391154212885 -3.504339026773203 -3.324634642984692 -3.2727810116319764 -3.4387675035282346 -3.735622684076585 -4.103810902464648 -4.212182248413446 -3.9416654202982206 -3.5539977954231583 -2.9087081608115883
-0.3684289402042229 -0.3462059553387733 -0.3637648569608569 -0.2973702602023536 -0.25539351101206 -0.26609346668801725 -0.2836523683101009 -0.44771835534144366 -0.5121924472350317 -0.31959324506780296 -0.4057416061511503 -0.4172646353406426 -0.603004891561745 -0.7102788061591615 -0.33331113696005565 0.11581264359229948 0.42748314738428217 0.7866175571234593 0.8884043149639747 0.7418972295547153 0.6538283636064526 0.18412774521571817 -0.2619780991203413 -0.5102719423701163 -0.5541691964253251 -0.6117843423727867 -0.5168565304783976 -0.33440856831143595 -0.26115502560680626 -0.762132437511877 -1.6946747283472194 -2.7054090029684024 -3.104874014870803 -3.125450852709182 -3.081553598653973 -3.0941740591948457 -3.3959676808244064 -3.8909092202968854 -4.296410104631877 -4.400666083012998 -4.130149254897773 -3.649748680831082 -3.0033616148681324
-0.3352316418249712 -0.39010320939398224 -0.2737754861476789 -0.17802460073975457 -0.1585451942527556 -0.17034258128009294 -0.20546038452425996 -0.3577289845282656 -0.5217949715596086 -0.40656467966468557 -0.399705733718559 -0.593128009399323 -0.7835323488637912 -0.67817893913129 -0.300113838580804 0.045577037103965434 0.34627322738214583 0.7076024998240833 0.904865785234678 0.695805112796746 0.5934696392805405 0.15970989764750843 -0.22878080074108964 -0.4778977175043998 -0.5560897012902405 -0.6076689748051108 -0.4729592764231889 -0.26005759425542596 -0.22000134993004794 -0.5599307110200713 -1.419219459150784 -2.208272600793163 -2.608835044046943 -2.712267948914529 -2.712267948914529 -2.8450571424315356 -3.201447973792262 -3.6917254300213758 -4.110669848410775 -4.229741150035529 -3.957303817055389 -3.4769032429886977 -2.964128444056289
-0.3440110926360129 -0.47487978128810415 -0.2863959466885513 -0.16156313046905124 -0.1645810666853469 -0.1596426256041359 -0.20738088938917554 -0.22000134993004794 -0.40162623858347457 -0.409582615880981 -0.359649489393181 -0.5873664948045768 -0.573648602912324 -0.43893890453040196 -0.2669165402015523 0.012379738724713762 0.19016361764830947 0.6091080360377086 0.8686505506391307 0.6442258392818758 0.47330090630440647 0.03487708142800816 -0.31575223533797225 -0.40766211101606564 -0.4828361585856108 -0.5149360256134823 -0.3684289402042229 -0.1311094104682502 0.05325905656362684 -0.21725777155159753 -1.1421180429272784 -1.9426942137591492 -2.310059358633678 -2.4036153813388417 -2.4749484191785562 -2.724888409455401 -3.006105193246583 -3.2143427921709797 -3.6557845532636737 -3.503241595421823 -3.1751096213591365 -2.837375122971874 -2.314723441877044
-0.38406733696139095 -0.5217949715596086 -0.46610033047706234 -0.3138317304730569 -0.04633283857412818 0.04447960575258514 0.005520792778587413 -0.06087380397991593 -0.11848894992737757 -0.12342739100858857 -0.24633970236317326 -0.41150312074589657 -0.22603722236263923 -0.07568912722354892 -0.0356328828981709 0.014300243589629114 0.2027840781891821 0.45574200468232284 0.6285874425247078 0.5915491344156252 0.3073144144081481 -0.19860143857813362 -0.459241384530936 -0.4778977175043998 -0.41040568939451627 -0.3588264158796459 -0.19860143857813362 -0.028773936952044554 0.23104293548722277 -0.10669156290004023 -1.0735285834660144 -1.8090819467286074 -2.1440728667374196 -2.2543647175511317 -2.3734360191758856 -2.565760863505269 -2.7103474440496136 -2.8343571867555784 -2.687850101346319 -2.2123879683608383 -1.7953640548363545 -1.7278720267264709 -1.9281532483533612
-0.3832442634478559 -0.49847455534277896 -0.6614431110227417 -0.5198744666946933 -0.0940711023591676 0.2252814208924765 0.3073144144081481 0.33255533548989313 0.2809760619750228 0.05243598305009178 -0.3042292061484799 -0.1909194191184722 0.1432484273768051 0.19592513224305552 0.12267158953842583 0.17150728467484577 0.2603992241366435 0.24366339602809517 0.3893474079238195 0.5759107376584571 0.12267158953842583 -0.3859878418263063 -0.5569127748037757 -0.5209718980460735 -0.44387734561161296 -0.2973702602023536 -0.10477105803512488 0.09825374197021608 0.3805679571127778 0.07383589440200611 -0.7591145012955813 -1.4076964299612917 -1.6546184840218412 -1.7396694137538085 -1.8713611759194348 -1.9643684829489085 -2.096060245114535 -2.3333797748505076 -1.6362365088862225 -0.662540542374122 -0.3363290731763513 -0.6606200375092065 -1.1448616213057288
-0.3412675142575623 -0.414521056962192 -0.7209787618351187 -0.6301663175084055 -0.23975511425489193 0.10319218305142708 0.28783500792114913 0.45464457333094255 0.4206242014381558 0.11965365332213018 -0.2504550699308492 0.0749333257533864 0.2924990911645151 0.2165019700814348 0.2192455484598852 0.4302267257627328 0.5133571506297845 0.3122528554893589 0.25738128792034787 0.43214723062764815 -0.05017384830395888 -0.5305744223706504 -0.6186432883189131 -0.5160334569648625 -0.4817387272342306 -0.3763853175017293 0.06203850737466876 0.8354532522598792 1.1188648987538212 0.6198079917136659 -0.2084783207405556 -0.692719904537078 -0.7231736245378791 -0.7670708785930879 -1.0178339423834684 -1.145959052657109 -1.3753222050955751 -1.7210130807803445 -0.9544572818412606 -0.17116565479362822 0.07081795818571046 -0.21039882560547096 -0.6244048029136593
-0.3324880634465206 -0.3832442634478559 -0.6702225618337835 -0.5744716764258592 -0.43784147317902167 -0.23975511425489193 -0.07267119100725328 0.16958677980993042 0.3100579927865985 0.12651259926825675 -0.2641729618231019 0.06505644359096441 0.28783500792114913 0.3355732717061888 0.41842933873539523 0.6491642803630866 0.6568462998227484 0.2016866468378018 -0.06279430884483128 0.1978456371079711 0.16272783386380385 -0.3676058666906876 -0.6995788504832043 -0.7094557326456263 -0.7434761045384132 -0.6362021899409966 -0.19860143857813362 0.6617847409039592 1.5172324793048413 1.626701256605018 1.0211935084809813 0.7575356263118833 0.5054007733322778 -0.37446481263681397 -1.0090544915724267 -1.1624205229278124 -1.280668751039031 -1.7210130807803445 -1.2524098937409904 -0.5492307553441141 -0.2493576385794689 -0.4282389488544449 -0.6595226061578263
-0.4320799585842756 -0.359649489393181 -0.5346897899383262 -0.3527905434470546 -0.2817318634451853 -0.5072540061538207 -0.419459498043403 -0.15662468938784024 -0.02767650560066426 -0.11848894992737757 -0.3626674256094766 -0.03645595641170618 0.24860183710930617 0.33749377657110413 0.5385980717115293 0.7476587441494613 0.4741239798179415 -0.04139439749291718 -0.2962728288509733 0.0074412976435027645 0.07685383061830175 -0.14208372398205227 -0.5305744223706504 -0.8949216310288837 -0.996434031031554 -0.9135779640023474 -0.5591076375065361 0.12651259926825675 1.56222716471143 2.0346713614806156 2.259370430675715 1.9117590501260306 0.8365506836112593 -0.2718549812827633 -1.354745367257196 -1.5989238429392951 -1.7182695024018941 -2.3676745045811396 -2.243664761875175 -1.8812380580818568 -1.4768346050982455 -1.205494703469486 -1.3607812396897871
-0.464179825612147 -0.3374265045277316 -0.26499603533663696 -0.10093004830529395 -0.17528102236130394 -0.40272366993485464 -0.7785939077825802 -0.6312637488597856 -0.4965540504778636 -0.42412358128676897 -0.45265679642265466 -0.01395861370841156 0.24969926846068646 0.27411711602889643 0.47330090630440647 0.4118447506271139 0.11197163386246878 -0.3130086569595216 -0.4564978061524856 -0.17610409587483922 0.07575639926692146 -0.0715737596558732 -0.25621658452559526 -0.6213868666973636 -0.9956109575180189 -1.0277108245458904 -0.996434031031554 -0.5014924915590745 0.7770150327988825 1.7221777841750974 2.2475730436483783 2.351280306353809 1.2692129938929113 -0.707535227780711 -1.7514668007811458 -2.087280794303493 -2.345177161877845 -3.0041846883816676 -3.3715498332561964 -3.104874014870803 -2.8851133867569136 -2.614596558641689 -2.2680826094433844
-0.4466209239900636 -0.3264521910139293 -0.13796835641437655 0.07081795818571046 -0.003258658032454509 -0.4702156980447383 -0.847183367243844 -0.9769546245445551 -0.8293501077839155 -0.5560897012902405 -0.305052279662015 0.1372125549442138 0.24091981764964476 0.26341716035293916 0.028018135481881812 -0.0356328828981709 -0.2630755304717216 -0.5988895239940691 -0.643061135887123 -0.4260440861516843 -0.11656844506246222 0.009361802508418116 -0.17418359100992387 -0.28557287317501623 -0.6595226061578263 -1.3226455002293245 -1.4897294234769631 -1.2172920904968234 -0.3783058223666449 0.6285874425247078 1.6870599809309301 1.7926877485012767 0.43214723062764815 -1.5454240645595094 -2.3460002353913803 -2.6096581175604783 -2.997325742435541 -3.4017291954191524 -3.8324710008358887 -4.03659323219261 -3.8176556775922563 -3.553174721909623 -3.203642836495023
-0.42906202236797997 -0.32837269587884466 0.0044233614272071176 0.19592513224305552 0.03295657656309281 -0.43482353696272624 -0.8255090980540847 -0.9876545802205122 -0.8628217640010122 -0.5774896126421548 -0.18680405155079627 0.24476082737947547 0.2897555127860645 0.05051547818517643 -0.1859809780372612 -0.37062380290698327 -0.5805075488584505 -0.8128886375132122 -0.8578833229198012 -0.7297582126461605 -0.5023155650726097 -0.33934700939264695 -0.27487291749905896 -0.3870852731776866 -0.727837707781245 -1.4905524969904984 -2.034604089437243 -2.0052478007878216 -1.4496731791515851 -0.8090476277833814 0.18906618629692917 -0.2084783207405556 -1.5706649856412545 -2.4897637424221895 -3.2387606397391897 -3.2826578937943984 -3.6245077597493376 -3.809973658132594 -4.099146819221283 -4.40944553382404 -4.473096552204093 -4.20751816517008 -3.753181585698668
-0.43482353696272624 -0.3237086126354789 0.0074412976435027645 0.20854559278392815 0.06889745332079511 -0.11080693046771595 -0.4466209239900636 -0.8441654310275484 -0.8109681326482967 -0.6995788504832043 -0.27487291749905896 0.1383099862955941 0.23680445008196882 -0.013135540194876505 -0.2905113142562272 -0.5003950602076943 -0.6411406310222076 -0.886965253731377 -1.036490275356932 -1.1284001510350254 -1.011249354275187 -0.9292163607595155 -0.8716012148120539 -1.0491107358978047 -1.4104400083397421 -1.7221105121317248 -2.246408340253625 -2.678247577021742 -2.727906345671697 -2.3608155586350135 -2.275764628903046 -2.6927885424275297 -3.1613917294668843 -3.6859639154266297 -3.957303817055389 -3.9603217532716846 -4.086252000842565 -4.21135917489991 -4.468158111122881 -4.694777685182897 -4.759251777076485 -4.577626888423059 -4.124387740303027
-0.5667896569661977 -0.47103877155827334 -0.14016321911713692 0.16163040251242378 0.36492956035560953 0.3023759733269371 -0.06883018127742258 -0.6167227834539977 -0.842244926162633 -0.8293501077839155 -0.5248129077759043 -0.19558350236183797 0.023079694400670814 -0.00929453046504558 -0.25731401587697555 -0.46610033047706234 -0.5824280537233658 -0.8636448375145473 -1.1692794688739387 -1.4524167575300357 -1.6633979348328831 -1.6751953218602205 -1.7259515218615555 -1.9174532926774042 -2.1223985975476602 -2.265064673227089 -2.380294965122012 -2.9262670624336717 -3.6585281316421243 -3.6302692743440836 -3.319696201903481 -3.4124291510951092 -3.771837918672132 -3.847011966241677 -3.9496217975957277 -4.245379546792697 -4.198738714359037 -4.282692212739624 -4.5238527522054275 -4.663500891668561 -4.705477640858854 -4.597929368423593 -4.354848324092874
-0.8910806212990529 -0.6342816850760812 -0.2729524126341436 0.09935117332159615 0.4340677354925635 0.5221366014408262 0.17342778953976112 -0.39778522885364365 -0.5843485585882812 -0.6820199488611208 -0.7629555110254121 -0.4828361585856108 -0.17610409587483922 -0.07459169587216885 -0.22109878128142824 -0.45265679642265466 -0.6126074158863218 -0.8041091867021704 -1.1791563510363607 -1.6595569251030522 -1.9399506353806986 -2.100998686195746 -2.1479138764672503 -2.1879701207926283 -2.280703069984257 -2.3745334505272657 -2.4379101110694736 -2.474125345665021 -3.447546954339277 -4.149903019222617 -3.846188892728142 -3.4516623219069524 -3.296375785686651 -3.2689400019021457 -3.431085484068573 -4.017113825705611 -4.334271486254495 -4.194623346791362 -4.269797394360907 -4.4261813619325885 -4.484619581393585 -4.333448412740959 -4.090093010572396
-0.9651572375172177 -0.5500538288576493 -0.1909194191184722 0.11581264359229948 0.4294036522491975 0.6362694619843692 0.4332446619790282 -0.11574537154892695 -0.43976197804393724 -0.49353611426156796 -0.7141198158889923 -0.6213868666973636 -0.3763853175017293 -0.2268602958761743 -0.34318801912247765 -0.598066450480534 -0.772832393187834 -0.9536342083277254 -1.2669508591467784 -1.7572283153758919 -2.1731547975489955 -2.3226798191745504 -2.246408340253625 -2.145993371602335 -2.225831502415246 -2.458486948907853 -2.707329507833318 -2.5492993932345662 -2.846977647296451 -3.7142227727246704 -3.8862451370535194 -3.558113162990834 -3.2991193640651018 -3.145753332709716 -2.8198162213497904 -2.7816804818893277 -3.718063782454501 -4.3216510257136225 -4.358689333822705 -4.340307358687086 -4.248397483008993 -4.094208378140071 -3.9164244992164763
