static/data/ASCData/20210114/ASCU/06.asc
ncols 97
nrows 97
xllcorner 99.0
yllcorner 2.0
cellsize 0.25
NODATA_value -32767
[rows 76 to 94 of 97, columns 0 to 41 of 97]
-5.413940747515878 -5.535796160532984 -5.213562753318298 -4.48213945084092 -3.9859930675302215 -4.293685256007783 -4.420775507770253 -5.294702753871454 -5.739082398477988 -6.059280035069477 -6.501623909052814 -6.294556954236156 -5.491881679946867 -4.794775653689104 -4.358248267200617 -3.9010723501054128 -3.505551200455618 -3.175465535122885 -2.994863598407795 -2.9547298346933304 -2.9928278277845974 -3.0320891183748344 -3.0983970758161234 -3.2350845319450965 -3.486938440472098 -3.820223173926999 -4.0935980861849455 -4.251806546044864 -4.419612210271284 -4.517329200184762 -4.649072641943113 -4.651108412566311 -4.735156656866892 -4.727304398748845 -4.643256154448263 -4.53681443329251 -4.303573284749028 -4.064224824335954 -3.858030342643523 -3.7341391590032202 -3.6422386565845914 -3.529980447933988
-5.568077666129401 -5.600359171725818 -5.560225408011354 -4.875624829867517 -4.3678454715671196 -3.992100379399814 -4.106103534298873 -4.0935980861849455 -4.475450490221843 -4.827929632409748 -5.488973436199442 -5.87780562523016 -5.908923833327607 -5.1998940077054 -4.547574935157982 -4.084873354942671 -3.6940053952887557 -3.3816600168153146 -3.2126910550899246 -3.245845033810569 -3.2635853206698613 -3.319132776245678 -3.379624246192117 -3.4587284761220762 -3.708837438400623 -3.91474109571831 -4.154962029255612 -4.32015027410935 -4.434444253383151 -4.496971493952787 -4.480103680217723 -4.484175221464118 -4.437352497130576 -4.425428697766134 -4.388494002173837 -4.321022747233577 -4.165722531121085 -3.9478950744389545 -3.7097099115248504 -3.549465681041735 -3.4578560029978487 -3.3531592280905502
-5.856284621499214 -5.788813366558956 -5.596578454854165 -4.945131855430974 -4.677573430667878 -4.3015375141258305 -3.794630628949659 -3.6756834596799783 -3.7672931377238648 -3.7556601627341646 -4.1500180148849894 -5.125733792146065 -5.395327987532358 -5.437206697495277 -4.784015151823631 -4.18142704735718 -3.807426901438329 -3.628569910971694 -3.4616367198695013 -3.54074094979946 -3.5954159322510493 -3.652126685325836 -3.6082122047397194 -3.687316434669678 -3.8181874033038015 -4.0232185874972615 -4.242790990427846 -4.375697729685167 -4.470506475851221 -4.441133214002228 -4.393438016544459 -4.316078732862955 -4.269256008529413 -4.183462817980377 -4.148273068636535 -4.154089556131384 -4.062189053712756 -3.862101883889918 -3.5925076885036242 -3.4354625261426763 -3.2536972919286162 -3.14929134139606
-6.193059247451025 -5.970578600773016 -5.415685693764333 -4.9782858341516185 -4.820949847415928 -4.106103534298873 -3.4657082611158962 -3.264457793794089 -3.315061234999283 -3.102177792687776 -3.299647543137931 -4.110175075545268 -4.7008393806472775 -4.839562607399448 -4.894237589851037 -4.254714789792288 -3.8347643926641237 -3.74111894399704 -3.6852806640464806 -3.7702013814712894 -3.861229410765691 -3.906888837600263 -3.858030342643523 -3.810335145185754 -3.9010723501054128 -4.057245039342133 -4.28408805164128 -4.398091206540339 -4.444041457749654 -4.392274719045489 -4.282052281018083 -4.188116007976257 -4.112210846168465 -4.010422315008592 -3.9478950744389545 -3.949930845062152 -3.89729163323376 -3.7332666858789927 -3.480249479853021 -3.334837292481773 -3.1120658214290207 -2.81716990544013
-6.378605198536738 -6.177645555589673 -5.873734083983765 -5.481121178081395 -4.785760098072086 -3.8708266151321933 -3.008532344020692 -2.7351574317627456 -2.7107281842843762 -2.537978505687333 -2.5496114806770334 -2.8709724147674915 -3.257478008800269 -3.5593537097829797 -4.010422315008592 -4.204983821711322 -3.7419914171212674 -3.6559074021974887 -3.780961883336762 -3.868790844508996 -4.057245039342133 -4.067133068083378 -4.000825110642089 -3.9382978700724522 -3.924629124459555 -4.052591849346253 -4.227377298566494 -4.380641744055789 -4.385585758426411 -4.310262245368105 -4.2000398073406995 -4.113083319292692 -4.072077082454001 -4.025254358120459 -3.9167768663415075 -3.74577213399292 -3.6178094091062216 -3.4372074723911314 -3.3328015218585754 -3.2039663238476495 -2.939316142831978 -2.5984699756337726
-6.476322188450216 -6.1363484943762385 -5.871698313360567 -5.088508272179024 -3.8708266151321933 -2.778199439224635 -2.1793920516298355 -2.0924355635818292 -2.40012775205939 -2.404199293305785 -2.3035740596448813 -2.448113773891902 -2.1453655997849634 -2.3797700458274154 -3.1687765745038075 -3.611120448487144 -3.3200052493699053 -3.3738077586972675 -3.6588156459449137 -3.7702013814712894 -4.078766043073078 -4.1599060436262345 -4.065097297460181 -3.8932200919873656 -3.8181874033038015 -3.9577831031801995 -4.13256855240044 -4.264311994158791 -4.3326557222232776 -4.307354001620681 -4.189279305475226 -4.113083319292692 -4.112210846168465 -4.071204609329773 -3.8943833894863356 -3.7126181552722755 -3.392420518680787 -3.1158465383006733 -3.0309258208758645 -2.8503238841607743 -2.5955617318863475 -2.3024107621459113
-5.894382614590482 -5.582909709241268 -5.040813074721255 -3.9859930675302215 -2.700840155543131 -1.7390839482696965 -1.1882625825074087 -0.9547306095891843 -1.5564462409314088 -1.6844089658181072 -1.8248771388187328 -1.8757714043986695 -0.9567663802123817 -0.8424724009385808 -1.5134042334695192 -2.041832122376635 -2.194224094741703 -2.7976846723323825 -3.4665807342401234 -3.6893522052928756 -3.9284098413312076 -4.031070845615309 -3.977268336287947 -3.8248763639228787 -3.7166896965186704 -3.7800894102125344 -3.980176580035372 -4.095343032433401 -4.180554574232952 -4.263439521034563 -4.249770775421666 -4.161941814249432 -4.074112853077199 -3.997916866894664 -3.851341382024446 -3.544812491045855 -3.027145104004212 -2.827930407305602 -2.754642664870493 -2.4801044551135765 -2.2311587903339998 -2.0985428754514217
-4.441133214002228 -4.16281428737366 -3.9080521350992328 -3.0349973621222595 -1.9499316199580061 -1.0201660939062458 -0.5720057324280593 -0.5533929724445396 -1.3150620098951369 -1.3150620098951369 -1.5797121909108085 -1.6794649514474846 -0.857304444050448 -0.7107289591802299 -1.313317063646682 -1.7713654538661134 -1.9371353474693365 -2.1834635928762305 -3.1481280438970902 -3.4566927054988787 -3.6559074021974887 -3.833891919539896 -3.8210956470512265 -3.714653925895473 -3.6998218827836054 -3.73995564649807 -3.845524894529596 -3.94498683069153 -4.056372566217906 -4.1607785167504625 -4.171539018615935 -4.11511908991589 -4.021182816874064 -3.900199876981185 -3.7262869008851727 -3.391257221181817 -2.994863598407795 -2.789832414214335 -2.615046964994095 -2.3064823033923063 -2.03776058113024 -1.9002006518770393
-2.6170827356172923 -2.2078928403546003 -2.0211835917699177 -1.9813406524301955 -1.138531614426442 -0.5943992092832315 -0.18142859714888693 -0.5545562699435096 -1.153945306287794 -1.1492921162919143 -1.6931336970603819 -1.6716126933294373 -1.1998955574971086 -0.9841038714381763 -1.049539355755238 -1.3240775655121544 -1.6413669583562176 -1.912996924365709 -2.872717361015946 -3.1306785814125404 -3.351414281842095 -3.603268190369097 -3.6326414522180888 -3.6541624559490335 -3.657943172820686 -3.6529991584500636 -3.725414427760945 -3.7789261127135645 -3.882459590121893 -3.9929728525240415 -4.036014859985931 -4.007514071261166 -3.959818873803397 -3.8397084070347463 -3.6256616672242687 -3.3083722743802055 -2.9285556409665054 -2.681354922435384 -2.5280904769460886 -2.246863306570095 -1.9519673905812036 -1.6335147002381705
-1.1501645894161416 -0.8680649459159204 -0.781108457867914 -0.8834786377772726 -0.9049996415082174 -0.37686257697584435 -0.20963856149890903 -0.6138844423909787 -0.7782002141204891 -0.863120931545298 -1.7390839482696965 -1.4430247347818352 -0.9890478858087988 -0.9460058783469094 -1.0006808607984987 -1.1373683169274718 -1.6306064564907454 -2.054337570490562 -2.6002149218822277 -2.806409403574657 -3.1501638145202877 -3.35432252558952 -3.4578560029978487 -3.484030196724673 -3.52329148731491 -3.5349244623046103 -3.5750582260190744 -3.623916720975814 -3.683244893423283 -3.794630628949659 -3.857157869519296 -3.876643102627043 -3.8240038907986516 -3.645146900332016 -3.4372074723911314 -3.1149740651764457 -2.7918681848375324 -2.585673703145103 -2.4100157808006353 -2.1375133416669163 -1.7925956332223159 -1.461637494765355
-0.6071954817719013 -0.49988128749192023 -0.42077705756196127 -0.7252701779173548 -0.7537709666421194 -0.5516480261960846 -0.3943120394603941 -0.4812685275084005 -0.45189526565940835 -0.5027895312393452 -1.7946314038455133 -1.436335774162758 -0.7107289591802299 -0.672630966088963 -0.7683121853792442 -0.9148876702494623 -1.877807175021867 -2.374826031456793 -2.4754512651176968 -2.589745244391498 -2.938152845333008 -3.0925805883212734 -3.1932058219821773 -3.2321762881976714 -3.271146754413166 -3.34268955059982 -3.357230769336945 -3.3991094792998644 -3.4441872573849515 -3.5779664697664995 -3.696041165911953 -3.714653925895473 -3.5983241759984743 -3.420630483030809 -3.2068745675950745 -2.907034637235561 -2.8014653892040347 -2.459746748881602 -2.2567513353113395 -1.9685443799415259 -1.619845954625273 -1.1902983531306062
-0.9733433695727041 -0.8453806446860057 -0.781108457867914 -1.0672796426145303 -1.0320898932706881 -0.8299669528246534 -0.4344458031748586 -0.4382265200465111 -0.328004082019105 -0.3143353364062077 -1.7556609376300187 -1.6178101840020755 -0.8014661640998888 -0.40012852695524403 -0.4958097462455253 -1.1335876000558194 -2.156126101650436 -2.5699691869090078 -2.5818929862734503 -2.568224240660553 -2.7107281842843762 -2.8639926297736715 -2.8892943503762685 -2.929428114090733 -3.0035883296500696 -3.096361305192926 -3.1190456064228407 -3.1539445313919403 -3.2164717719615767 -3.391257221181817 -3.508459444203043 -3.4831577236004456 -3.3679912712024174 -3.184481090739902 -2.9617096196871504 -2.813389188568477 -2.7828526292205154 -2.115119864811744 -2.0299083230121924 -1.7507169232593962 -1.3543233004853739 -0.9244848746159646
-1.7419921920171215 -1.5075877459746696 -1.4753062403782524 -1.5104959897220944 -1.4479687491524578 -1.1248628688135445 -0.6979326866915602 -0.2683850851968933 -0.2555888127082234 -0.31898852640208764 -1.6765567077000596 -1.6823731951949097 -0.9791598570675539 -0.4879574881274779 -0.5280912518419424 -1.2458458087064228 -2.408852483301665 -2.7409739192575957 -2.7584233817421455 -2.5661884700373556 -2.6101029506234723 -2.613883667495125 -2.6217359256131725 -2.602250692505425 -2.6775742055637317 -2.813389188568477 -2.902963095989166 -2.9617096196871504 -3.0632073264722814 -3.233048761321899 -3.2624220231708914 -3.230140517574474 -3.103341090186746 -2.9236116265958834 -2.761622449864313 -2.699095209294676 -2.4929007276022466 -1.462800792264325 -1.6724851664536649 -1.734139933899074 -1.3034290349054372 -0.8200789240834085
-2.257623808435567 -2.0985428754514217 -2.000825885537943 -1.9031088956244644 -1.7379206507707265 -1.433427530415333 -0.9020913977607925 -0.3064830782881603 -0.1363508190638001 -0.2791455870623657 -1.4869392153679524 -1.728323446404224 -1.2595145543193202 -0.9870121151856013 -1.0076606457923185 -1.5515022265607863 -2.6862989368060064 -2.834619367924679 -2.803501159827232 -2.6170827356172923 -2.603413990004395 -2.4754512651176968 -2.3053190058933364 -2.2742007977958894 -2.3181152783820065 -2.4225212289145626 -2.6511091874621644 -2.7683114104833906 -2.9439693328278578 -3.064079799596509 -3.0573908389774314 -2.9695618778051975 -2.837527611672104 -2.651981660586392 -2.4870842401073965 -2.386459006446493 -2.1316968541720662 -1.2830713286734623 -1.813244163829033 -1.8513421569203001 -1.3551957736096014 -0.8424724009385808
-1.9842488961776206 -2.280889758414967 -2.2840888265371344 -2.2116735572262525 -1.9548756343286287 -1.562262728426259 -1.0640805744923627 -0.5632810011857844 -0.2526805689607985 -0.40012852695524403 -1.4869392153679524 -2.040668824877665 -2.0290358498879653 -1.7829984288558134 -1.6178101840020755 -1.974360867436376 -2.7624949229885405 -2.9166318416020633 -3.073095355213526 -2.766275639860193 -2.531871193817741 -2.216617571596875 -2.034852337382815 -1.971452623688951 -1.9705801505647234 -2.0496843804946825 -2.3035740596448813 -2.5749132012796303 -2.77412789797824 -2.868936644144294 -2.8093176473220822 -2.688334707429204 -2.5359427350641357 -2.3541775008500756 -2.1424573560375384 -1.9234666018564388 -1.8923483937589918 -1.7946314038455133 -2.1316968541720662 -1.8542504006677247 -1.3092455224002872 -0.7683121853792442
-1.7966671744687108 -1.6823731951949097 -1.5555737678071813 -1.8757714043986695 -1.7771819413609635 -1.3679920460982713 -1.053610897001633 -1.014349606411396 -0.8532329028040531 -0.4373540469222836 -1.398237781071491 -2.386459006446493 -2.4452055301444773 -1.9528398637054312 -1.666668678958815 -2.0467761367472574 -2.7127639549075737 -2.925647397219081 -3.268238510665741 -2.8552678985313964 -2.4460780032687044 -2.058409111736957 -1.8269129094419303 -1.7254152026567993 -1.7038941989258545 -1.7225069589093742 -1.8405816550548275 -2.2000405822365527 -2.4030359958068153 -2.650236714337937 -2.665650406199289 -2.5455399394306384 -2.359121515220698 -2.1346050979194913 -1.8786796481460946 -1.6149019402546505 -1.5642984990494562 -1.84552566942545 -1.9676719068172983 -1.7829984288558134 -1.313317063646682 -0.784016701615339
-1.6364229439855953 -1.4723979966308276 -1.0076606457923185 -1.2467182818306504 -1.550629753436559 -1.4119065266843882 -1.2595145543193202 -1.196114840625456 -1.3610122611044515 -0.7947772034808114 -1.3394912573735067 -2.4548027345109795 -2.728177646768926 -2.5115134875857663 -2.272165027172692 -2.4100157808006353 -2.8258946366824045 -2.9343721284613555 -3.1219538501702657 -2.7243969298972734 -2.3503967839784234 -1.9266656699786067 -1.6657962058345874 -1.5535379971839838 -1.4694897528834026 -1.4354633010385305 -1.392421293576641 -1.7390839482696965 -2.02031111864569 -2.3914030208171155 -2.4833035232357443 -2.4402615157738548 -2.2584962815597946 -1.9665086093183284 -1.6500916895984927 -1.4392440179101829 -1.401146024818916 -1.6687044495820125 -1.769329683242916 -1.7507169232593962 -1.4197587848024358 -0.9215766308685397
-0.5350710368357623 -1.0242376351526408 -0.9244848746159646 -0.7790726872447166 -1.125735341937772 -1.631478929614973 -1.6931336970603819 -1.8289486800651278 -2.153217857903011 -1.6160652377536207 -1.1804103243893613 -2.104359362946272 -3.064079799596509 -3.040813849617109 -2.8474156404133493 -2.825022163558177 -2.7811076829720602 -2.820950622311782 -2.3963470351877376 -2.1628150622695133 -2.0671338429792323 -1.880715418769292 -1.6346779977371404 -1.4313917597921355 -1.2839438017976899 -1.0975253775877498 -1.0064973482933486 -1.2752190705554152 -1.7126189301681292 -2.077021871720477 -2.339636282112951 -2.310263020263959 -2.1424573560375384 -1.848433913172875 -1.4918832297385747 -1.2996483180337848 -1.313317063646682 -1.4860667422437248 -1.6512549870974627 -1.7547884645057912 -1.4168505410550107 -0.9811956276907514
0.35863226674792836 -0.31608028265466265 -1.1551086037867642 -0.9803231545665239 -0.8561411465514781 -1.3493792861147516 -1.9528398637054312 -2.1980048116133553 -2.9870113402897474 -3.1335868251599654 -2.1412940585385685 -2.0592815848611847 -2.98032237967067 -3.295576001891536 -3.087636573950651 -2.676410908064762 -2.6423844562198897 -2.6013782193811976 -2.0115863874034154 -1.6149019402546505 -1.8463981425496776 -1.7419921920171215 -1.590472692776281 -1.3836965623343662 -1.132715126931592 -0.9244848746159646 -0.7496994253957244 -0.9166326164979173 -1.392421293576641 -1.7303592170274216 -1.9987901149147453 -2.081675061716357 -1.9225941287322117 -1.6823731951949097 -1.3328022967544293 -1.1873901093831811 -1.2603870274435478 -1.3581040173570265 -1.5075877459746696 -1.6422394314804452 -1.4881025128669223 -1.0611723307449379
