static/data/ASCData/20210114/ASCU/09.asc
ncols 97
nrows 97
xllcorner 99.0
yllcorner 2.0
cellsize 0.25
NODATA_value -32767
[rows 19 to 37 of 97, columns 0 to 41 of 97]
1.7836703811460863 2.3557937829531914 2.498422484809508 2.166515844023568 1.7563242766548377 0.648002747568347 -1.0230587160978595 -1.1546953563449487 -0.25334630438830086 -0.5131342970551633 0.1372740313347316 1.0297758141912696 1.2533704332667737 1.0386230832913796 1.058194314937077 1.0394273804822987 1.58822616375275 2.078579351149749 1.5745531115071258 0.4614057992751206 0.992778143408992 1.4233452396143387 -0.6919563725028386 -2.3061808346774297 -2.6254868194723042 -2.0053736852736943 -1.5093904175402624 -0.7935659176222822 0.1879447543626338 0.7573871655333415 1.0804465372191714 0.9174423065262383 -0.010180453667099298 -1.9351317306000948 -2.577765186144439 -2.492777782970656 -1.96542692479138 -1.5260125594859235 -1.1059013267625244 -0.4935630654094658 0.09223338864326336 0.788486656915546
2.0445307700675075 2.824699045259014 2.291450007679665 1.1927800448842028 0.15764956017134835 -0.739678005830704 -1.209387565327446 -0.7016079387938676 0.5179747017030956 -0.45468870118171023 -0.17935096282374574 0.5992087179859229 1.1244147836560814 0.6380830822136783 0.22789151484494785 0.7329901507421293 1.850963246119649 2.4496284552270833 2.2220123501969846 1.2504213435667368 0.6565819176048169 1.3949267388685314 -0.4820348056729591 -2.353098170814376 -2.8228077303111183 -2.213418558658096 -1.7211886778156198 -0.6764066268117364 0.5101998288575447 0.6000130151768419 -0.12733974447764518 -0.6919563725028386 -1.9388851174910506 -3.7252291785223246 -3.7330040513678755 -2.843183259147735 -2.2447861491039403 -1.802154595034807 -1.4370036703575453 -1.2788252228101264 -0.6742618343026188 0.3442465084645747
1.9565942771936882 2.76705774657648 1.9965410376760022 -0.023853505912723838 -0.5611240294466684 -0.7407504020852627 -1.019037230143264 -0.3042851264798425 1.1313853593107133 -0.04154804411294344 -0.5182281792643175 0.9573890670085523 1.11663991081053 0.24960753899976296 -0.2836414985795863 0.3871423586469256 1.8882290159655664 2.5697368357376664 2.3139703290253992 1.6517656418353572 1.150956590956411 1.0035021059545797 -0.7085785144484995 -2.298405961831879 -2.5053784389617215 -2.1753484916212598 -1.71234140871551 -0.7104552078939774 0.4525585301750106 -0.3375294103711646 -1.926284461499985 -2.7965340220744284 -3.48501241750116 -4.059012512753743 -3.5035112528922987 -2.5630197376442556 -2.2514886256949325 -1.9370084240455727 -1.8882143944631486 -1.6324478877508815 -1.0337826786434472 0.13915072478020973
1.5386278369794069 2.1898404625602215 1.3539075821316582 -0.5112576036096856 -0.8461133340956621 -0.7418227983398216 -0.3638031186078545 0.37641839610133787 1.2544428295213323 0.2016178066082579 0.039417873106243784 1.094119589464796 0.8812489329348796 -0.11876057444117505 -0.6820367071481699 0.407785986547182 1.7300505684181477 2.4233547469903938 2.20833929795136 1.9788464994757826 1.6185213579440354 0.5112722251121034 -1.356037753138358 -2.6557820136635897 -2.6801790284548015 -2.317977193477576 -1.5640826265227599 -0.813941446458899 -0.12063726788665297 -1.5024198418856303 -3.350158588490394 -3.786623864095814 -4.259282513292593 -3.4174514534639573 -2.735943633691858 -2.427361611442571 -2.3013550515319157 -2.1051065369476603 -2.1782975813212966 -1.8579192002718632 -1.2474576323642825 0.016093254569590654
0.8587286115891455 1.2552471267122514 0.5493422921489397 -0.6782833202572143 -1.0131390507431908 -0.32385635812554026 0.05523571786098569 0.788486656915546 1.3295105673404464 0.5689135237946374 0.7866099634700683 1.3520308886861805 0.20054541035369922 -0.8013407904678334 -0.2152762373514645 0.8764231497893651 1.6010949188074555 2.3206728056163914 2.090375709949895 2.1421188292323556 1.8313920144739517 -0.055221096358567756 -1.924407768054507 -2.9096718269303787 -2.932192148276113 -2.4917053867160974 -1.570785103113752 -1.1742665879906462 -1.2828467087647217 -2.667578372463736 -3.75552437271361 -4.190917252064471 -3.46731787930094 -2.6236101260268265 -2.4399622674336365 -2.338352722314193 -2.347199991414303 -2.2418370594039034 -2.27105985734063 -1.867838865626532 -1.256304901464392 -0.4908820747730689
0.024940523669700232 0.35872385790111827 -0.10401512594099205 -1.2311035894822613 -0.8404832537592284 -0.14986006582337952 0.24370935959968976 1.0316525076367473 1.3228080907494542 0.9906333508998746 0.9954591340453887 0.7289686647875342 -0.35013006636223 -0.12063726788665297 0.4654272852297161 0.9329920522173405 1.5024344633880482 2.1957386419602942 2.00726500022159 2.0844775305498215 1.6480122549444014 -0.299459343334328 -1.5678360134137155 -2.554172468544146 -2.893049684984718 -2.527898760307456 -2.100012654738506 -2.0367412757195384 -2.551223378844109 -3.1217381862693756 -3.8013693125959973 -3.238897477079922 -2.5142257080618315 -2.3482723876688616 -2.2603358947950425 -2.2994783580864375 -2.3442509017142665 -2.164624529075672 -1.8471952377262755 -1.4488000291576917 -0.813941446458899 -0.04744622351301664
-0.5072361176550901 -0.07854571489522111 -0.45763779088174705 -1.347190484038248 -0.7485252749308138 0.5286986642486833 0.9311153587718624 0.7426417170331583 1.0171751582002042 1.1480075012563742 0.24263696334513107 -0.11768817818661637 0.268910671581821 0.4898243000209279 0.7514889861332683 1.0833956269192082 1.298411075958242 1.8608829114743177 1.8890333131564854 1.8568614255197222 1.0501513430278864 -0.6587120886115168 -1.6900891864334155 -1.9037641401542507 -2.2174400446126916 -2.41958673859702 -2.5375503265984847 -2.999485013249676 -3.7045855506220686 -3.422277236609472 -2.741841813091931 -2.363822133359964 -2.250416229440374 -2.164624529075672 -2.2777623339316224 -2.4429113571336734 -2.3110066178229443 -1.7699827073980439 -1.24075515577329 -0.34235519351667887 0.30215495547314286 0.3051040451731797
-0.20562467106043547 0.22306573169943333 -0.7721179925311068 -1.4525534160486475 -0.2699684463339618 1.1616805535019987 1.2670434855123978 0.7026949565508442 1.019856148836601 0.9702578220632578 -0.5747970816922927 -0.45173961148167363 0.2632805912453875 0.7026949565508442 0.9329920522173405 1.0501513430278864 1.1010901651194278 1.3206632982403363 1.5922476497073454 1.3860794697684213 -0.6723851408571411 -2.0356688794649798 -2.2496119322494548 -2.223070124949125 -2.2289683043491983 -2.1343293348843866 -2.554172468544146 -3.113695214360185 -3.7748275052956677 -2.9555167668127664 -2.372669402460074 -2.28848629647721 -2.258459201349565 -2.231917394049235 -2.4917053867160974 -2.476959938215914 -2.1040341406931016 -1.4555025057486841 -0.15870733492348932 0.9477375007175237 1.3949267388685314 1.1372835387107865
0.19277053750814832 0.4858028140663324 -0.7651474168764747 -1.117697685562671 -0.020904416212687016 1.1088650379649791 1.2112788802753418 0.9544399773085159 1.5608800592615013 1.058998612127996 -0.9576425445697743 -0.2133995439059866 0.6576543138593756 0.9311153587718624 1.0150303656910864 1.150956590956411 1.1498841947018519 1.0707949709281428 1.1059159482649423 1.2142279699753782 -1.0260078057978959 -2.3812485724965438 -2.5552448647987047 -2.6051112906356875 -2.61181376722668 -2.1694503122211866 -2.3667712230600007 -3.1324621488149633 -3.2289778117252528 -2.551223378844109 -2.289558692731769 -2.2311130968583157 -2.0855353053019625 -1.9048365364088096 -1.7925030287437782 -1.6294987980508449 -1.8959892673086998 -1.181237163645278 0.8198542473613901 2.0238871421672515 2.15579188147798 1.4544447309965431
-0.38417864744447106 0.48767950751181055 -0.2651426631884475 -0.33940610381664227 0.29732917232762834 0.7640896421243337 0.7329901507421293 0.7064483434418001 1.6694601800355768 1.3783045969228704 -0.788472035413128 -0.04825052070393587 0.7659663355698119 0.9388902316174137 1.1265595761651988 1.56195245551606 1.6702644772264958 0.9126165233807237 -0.32680544782557686 0.6421045681682738 -0.425197804181344 -1.5844581553593764 -2.093310178147514 -2.6080603803357243 -2.9439885070762593 -2.817981947165604 -2.8032364986654206 -3.2895682001078237 -2.859805401093396 -1.9790999770370046 -1.6820462145242248 -1.6059060804505518 -1.2396827595187312 -0.739678005830704 -0.4107204547448007 -0.6753342305571777 -1.6683731622786002 -0.7008036416029484 1.470262575751285 2.337294947562052 2.2445326715427187 1.488761411142424
-0.9565701483152156 0.27883033693648973 0.37052021670126467 0.2474627464906456 0.3227985833733993 0.5201194942122134 0.24665844929972658 0.24853514274520427 1.6136955747985209 1.645867462435284 -0.40884376129932276 -0.29731455082521063 0.43700878448390834 0.8941176879895851 1.2825932312035 1.76302675324583 1.6313901129987405 0.3442465084645747 -0.6605887820569945 0.5072507391575078 0.9447884110174869 -0.11178999878654294 -1.2798976190646854 -2.1343293348843866 -2.938090327676186 -3.0238820280408882 -2.720125788937116 -2.6871496041094334 -2.386342454705698 -1.3431689980836528 -0.8375341640591918 -0.39517070905369844 0.02681721711517837 0.2573824118453143 0.1831189712171193 -0.7691689028310702 -1.6509467231420203 -0.8461133340956621 1.198678224284276 2.030857717821883 1.8549847320742445 1.2064530971298273
-1.5260125594859235 -0.3579049392077811 0.10000826148881425 0.37829508954681557 0.4662315824206351 0.49840347005739827 0.2603315015453507 0.14987468732579745 1.3598057615317318 1.4761607551513583 -0.10401512594099205 -0.12546305103216748 0.1879447543626338 0.6635524932594492 1.2504213435667368 1.71047933677245 1.0083278891000942 -0.18015526001466475 -0.3072342161798791 0.48178132811173735 0.96811302955414 1.0364782907822618 -0.1361870135777552 -1.359791140029314 -2.1791018785122156 -2.4399622674336365 -2.2681107676405934 -2.2994783580864375 -2.076688036201853 -1.0375360655344028 0.04343935906083929 0.5581895612490497 0.9203913962262746 1.019051851645682 -0.25844018659745505 -1.3549653568837994 -1.6812419173333057 -1.1871353430453515 0.6997458668508074 2.1321991638776874 1.9595433668937245 1.0522961355370037
-1.6236006186507717 -0.8900815805325717 0.01796994801506835 0.3461232019100524 0.49759917286647926 0.5297710605032424 0.35309377756468474 0.2866052097820406 1.0707949709281428 1.0112769788001306 -0.12653544728672617 0.07480694950668343 0.29330768637303284 0.2640848884363065 0.8480046490435578 1.155782374101925 0.5552404715490129 -0.03967135066746552 0.07480694950668343 0.4839261206208547 0.7581914627242605 0.9555123735630746 0.910739829935246 -0.3042851264798425 -0.9576425445697743 -1.4136790518208922 -2.1059108341385793 -2.065964073656265 -1.671322251978637 -0.7563001477763649 0.2876776060365993 1.0951919857193546 1.4555171272511018 0.7171723059873878 -0.6284168944202313 -1.6820462145242248 -1.7426366029067952 -1.5600611405681644 -0.599998393674424 0.919318999971716 1.711283633963369 0.8061811951157656
-1.0571072971801003 -0.9750689837063544 -0.05924258231316326 0.4056411940380642 0.5552404715490129 0.48178132811173735 0.3051040451731797 0.408590283738101 0.9134208205716428 0.4037645005925865 -0.06192357294956019 0.2603315015453507 0.28365612008200425 0.25041183619068197 0.17319930586245058 0.4799046346662592 0.5190470979576547 0.17722079181704609 0.16837352271693606 0.28848190322751877 0.5120765223030224 0.8568519181436678 0.8169051576613533 1.155782374101925 0.5064464419665888 -1.0951773642169367 -2.3423742082687884 -2.148002387130011 -1.5230634697858867 -0.7514743646308504 0.005369292024002936 0.8150284642158756 1.0463979561369305 0.3051040451731797 -0.8900815805325717 -1.8080527744348804 -2.0043012890191356 -2.239692266894786 -1.7064432293154368 -0.6930287687573973 0.10295735118885108 0.21126937289928693
-0.44584143208160043 -0.6723851408571411 -0.25629539408833746 0.22226143450851432 0.42923391163835745 0.3560428672647211 0.687949508050661 0.9654320389177433 0.6860728146051833 -0.09624025309544093 -0.1627288208780846 0.23486209049958018 0.19679202346274338 -0.05334440291309006 -0.13028883417768178 0.09705917178877788 0.22601482139947016 0.07561124669760244 -0.058170186058604356 0.02091903771510517 0.2632805912453875 0.5825865760402615 0.8402297761980069 1.1791069926385787 0.5726669106855933 -1.1332474312537733 -2.788491050165238 -2.6627525893182216 -2.032719789764943 -1.3970569098752312 -0.6742618343026188 0.022795731160582866 0.2544333221452775 -0.26138927629749165 -1.3841881548205257 -2.067036469910824 -2.5640921338988143 -3.02200533459541 -2.9555167668127664 -2.058189200810714 -1.1694408048451317 -1.0611287831346958
-0.45173961148167363 -0.8179629324134943 -0.5951726105289095 -0.06889414860419207 0.23673878394505787 0.7056440462508806 1.1195890005105669 1.2182494559299737 0.5638196415854833 -0.16460551432356252 -0.2876629845341816 -0.10589181938646974 -0.09329116339540433 -0.31098760307083495 -0.34235519351667887 -0.15575824522345272 -0.03270077501283364 -0.20562467106043547 -0.38417864744447106 -0.32466065531645927 -0.03377317126739232 0.2016178066082579 0.3949172314924765 0.12842676223462202 -0.647988126065929 -1.8246749163805414 -3.1498885879515437 -3.2016317072340046 -2.8102070743200525 -2.083658611856485 -1.5504095742771353 -0.9340498269694812 -0.6284168944202313 -1.1080461192716422 -1.7691784102071249 -2.41073946949691 -3.157663460797095 -3.6801885358308564 -3.664638790139754 -3.0737484538778705 -2.1439809011754156 -1.5042965353311082
-0.764075020621916 -1.2866000956556776 -1.0064365741521986 -0.4107204547448007 0.2925033891821138 0.9203913962262746 1.4418440750054777 1.5091369399790404 0.8120793745158388 0.1820465749625606 -0.3541515523168255 -0.9975893050520885 -0.7426270955307406 -0.4721151403182904 -0.44879052178163703 -0.39114922309910316 -0.2729175360339986 -0.284713894834145 -0.4262702004359029 -0.540480401546412 -0.588470133937917 -0.4037498790901686 -0.30911090962535703 -0.6919563725028386 -1.5689084096682744 -2.6705274621637725 -3.148011894506066 -3.047474745641181 -2.956589163067325 -2.7699922147740987 -2.3745460959055515 -1.9359360277910138 -1.471320350503426 -1.2378060660732535 -1.5815090656593398 -2.4008198041422415 -3.235948387379885 -3.6772394461308195 -3.774023208104749 -3.3490861922358355 -2.775890394174172 -2.0874119987474407
-1.6420994540419105 -1.96542692479138 -1.2866000956556776 -0.6450390363658924 0.0560400150519047 0.762212948678856 1.440771678750919 1.7903728577370785 0.9496141941630014 0.013144164869553832 -0.4214444172903884 -1.3941078201751944 -1.242631849218768 -0.7954426110677602 -0.6128671487291291 -0.5932959170834315 -0.5123299998642443 -0.44289234238156383 -0.4203720210358297 -0.6332426775657458 -0.7798928653766579 -0.8168905361589356 -0.7270773498396383 -0.8520115134957353 -1.446923335712214 -2.2573868050950057 -2.6801790284548015 -2.604038894381129 -2.808062281810935 -3.064096887586842 -3.0179838486408146 -2.643181357672524 -2.1949197232669575 -1.9203862820999118 -1.9614054388367848 -2.353902468005295 -2.883398118693689 -3.087421506123495 -3.1831328718428655 -3.063024491332283 -2.7640940353740255 -2.372669402460074
-1.5689084096682744 -2.0796371259018893 -1.1117995061625978 -0.754423454330887 -0.34235519351667887 0.3286967627734725 1.2201261493754514 1.8287110238375546 0.967308732363221 0.29545247888215065 -0.23002168585164773 -1.6568449025420935 -1.6236006186507717 -1.0571072971801003 -0.763270723430997 -0.7514743646308504 -0.7260049535850797 -0.7115276041485361 -0.5278797455553466 -0.5707755957376974 -0.8021450876587524 -0.9477228792151058 -0.8764085282869474 -0.8150138427134577 -1.11877008181723 -1.6490700296965424 -2.139155118029901 -2.3520257745598174 -2.6654335799546187 -2.996535923549639 -3.190907744688417 -2.958465856512803 -2.609937073781202 -2.5102042221072365 -2.922272482921444 -3.243723260225436 -3.523082484537996 -3.024954424295447 -2.701626953545977 -2.702699349800536 -2.5289711565620148 -2.2994783580864375
