static/data/ASCData/20210114/ASCU/15.asc
ncols 97
nrows 97
xllcorner 99.0
yllcorner 2.0
cellsize 0.25
NODATA_value -32767
[rows 76 to 94 of 97, columns 0 to 41 of 97]
-7.128614437679612 -6.5358153839109 -5.416726438503624 -4.018299012149726 -2.764456720861368 -2.862196272165672 -2.861039591085148 -4.411859749798125 -4.518274409206362 -4.588542784848213 -5.90600253556541 -6.515284294731593 -5.851349354510636 -5.220379825084622 -4.989911119790152 -4.709705128033136 -4.543721392977897 -4.38641276602659 -4.081916471578563 -3.8112530987358735 -3.567193390745243 -3.581941074521928 -3.7039709285172435 -3.991984517567798 -4.243851822851967 -4.331759584971816 -4.35431486604204 -4.325976179569194 -4.31412019849382 -4.253683612036425 -4.202789644493355 -4.153052358030809 -4.140328866145042 -4.111122668861803 -4.087699876981185 -4.075843895905811 -3.9870686229755696 -3.860122874388026 -3.820217377109937 -3.760648301462935 -3.5877244799245496 -3.4078605719030186
-7.197147791700678 -7.005717072873904 -6.290888165109876 -4.631629155097745 -3.3942695692068576 -2.7742885100458246 -2.7604083370795323 -2.7233945425027546 -2.7184786479105263 -2.450996148039278 -4.12384616074757 -5.406894649319168 -6.185341016512033 -5.547720570873003 -5.02432238193575 -4.7371763036955885 -4.39711206602144 -4.226212436373972 -3.9011850527466394 -3.7117785258107823 -3.4451635367499276 -3.403233847580921 -3.524107020495712 -3.74590061768625 -3.9969004121600262 -4.086543195900661 -4.089724068872103 -3.999792114861337 -3.9578624256923307 -3.900028371666115 -3.903209244637557 -3.851447766284094 -3.7742393041590954 -3.74590061768625 -3.820217377109937 -3.849423574393176 -3.8112530987358735 -3.8473993825022585 -3.8815214743777258 -3.8297599960242628 -3.655101152865091 -3.3355680043702485
-7.043598378261075 -7.034055759346749 -6.556346473090207 -4.82595157662583 -4.3884369579175075 -3.769323409566867 -2.9012342586333677 -2.6646929776661454 -2.480202345322517 -1.5973655106123328 -2.276048134609975 -3.409017252983543 -4.654184436167969 -5.72642779781401 -5.203029608876757 -4.767250011789221 -4.392485341699342 -4.059361190508339 -3.6822831582574125 -3.4879607367293275 -3.2838065260167855 -3.231177536852929 -3.2878549097986207 -3.508491825908634 -3.7245020176965498 -3.8248441014320345 -3.797662096039713 -3.6481610663819453 -3.5660367096647185 -3.5105160177995516 -3.523239509685319 -3.5252637015762365 -3.4480552394512385 -3.4460310475603206 -3.5330712988697757 -3.6756322420443976 -3.6932716285223934 -3.7956379041487955 -3.8728463662737935 -3.8153014825177087 -3.5692175826361607 -3.248816923330925
-6.682424710867357 -6.741993786514359 -5.986970211202112 -5.103265865681535 -4.923691127930135 -3.991984517567798 -2.9891420207532162 -2.5125894155771977 -2.297735904869806 -1.5456040322588696 -1.1988888783717058 -1.6959725727270307 -2.8844623829657654 -4.173583447210116 -5.282840603432935 -4.862965371202608 -4.291854087693727 -3.8797864527569392 -3.4821773313267057 -3.2430335179283034 -3.110015193668007 -3.0758931017925395 -3.121871174743381 -3.238117623336075 -3.4304158529732427 -3.51543191239178 -3.5142752313112555 -3.3268928962663162 -3.127654580146003 -3.0721338882808356 -3.1325704747382312 -3.1481856693253096 -3.147318158514916 -3.1325704747382312 -3.2878549097986207 -3.4998167178047015 -3.6053638664025454 -3.694139139332787 -3.729128742018647 -3.637461766387095 -3.372870969217158 -3.0163240261455373
-6.252717689452574 -6.200088700288718 -5.954872311217563 -5.711680114037325 -5.565070787080868 -4.203946325573879 -2.238166829222804 -1.6158724079007218 -1.5311455187523157 -1.1910812810781666 -1.2604821459096256 -0.3834287166020631 -0.6598754948473746 -1.8923191861460333 -3.7565999176810996 -4.69206574155514 -4.108230966160492 -3.603339674511628 -3.324001193565006 -3.124762877444692 -3.036855115324844 -2.9900095315636093 -3.031071709922222 -3.1296787720369204 -3.1961879341670687 -3.255757009814071 -3.1432697747330813 -2.9703459531946956 -2.739009737089833 -2.642426866866052 -2.6901399614376804 -2.795687110035524 -2.842532693796759 -2.849472780279905 -2.9957929369662306 -3.2800473125050815 -3.3934020583964646 -3.4304158529732427 -3.3991854637990864 -3.3277604070767097 -3.096424190971846 -2.753757420866518
-5.82011896533648 -5.304528373692765 -5.320143568279844 -5.191173627801383 -4.496875809216662 -2.6950558560299087 -0.9646609595655319 -0.9996505622513924 -1.2017805810730167 -1.3992838755725436 -1.4400568836610257 -0.7596392380425968 0.0023244237527964007 -0.54073734355337 -2.3503648940336626 -3.720453633914715 -3.3864619719133184 -3.282071504395999 -3.1412455828421635 -2.977286039677842 -2.99290123426492 -2.948079842394603 -2.9764185288674483 -3.0232641126286834 -3.0232641126286834 -2.9411397559114567 -2.7233945425027546 -2.6033888803983567 -2.4217899507560388 -2.3249179102621276 -2.3717634940233623 -2.4637196399250456 -2.454755361550982 -2.426416675078136 -2.5915328993229823 -2.9686109315739095 -3.167849247694223 -3.1666925666136985 -3.080808996384768 -2.9547307586076177 -2.70083926143253 -2.361064194028512
-4.731103728022836 -4.273347190405338 -3.702814247436719 -2.82402579650837 -2.067267199575336 -1.236191843218615 -0.32993221662781336 -0.17349110048689975 -0.9929996460383775 -1.1092460946310714 -1.4148990701596218 -0.6922625651020553 0.4201754640922055 -0.04365364919804526 -0.9264904839082294 -1.229251756735469 -1.4088264944868691 -2.3708959832129692 -3.1062559801563028 -2.955887439688142 -2.9402722451010637 -2.9235003694334614 -2.962538355901157 -2.975261847786924 -2.891402469448911 -2.6872482587363695 -2.426416675078136 -2.2624571319138145 -2.1314629995444356 -2.0681347103857295 -2.2283350400383473 -2.3200020156698993 -2.2283350400383473 -2.14331898061981 -2.2916633291970534 -2.6033888803983567 -2.7352505235781286 -2.7722643181549067 -2.7098035398065936 -2.563194212850137 -2.319134504859506 -2.058302921201273
-2.6383784830842174 -2.278939837311286 -2.106305186043032 -1.5985221916928571 -1.2703139350940824 -0.7350597650814551 -0.3192329166329635 -0.11999460051264998 -0.5340864273403552 -1.061243829789312 -1.4148990701596218 -0.5838237138029008 0.13592108855335483 -0.13647730591012164 -0.7174203786034593 -0.4557212841348328 -0.281062440975661 -0.9510699568693711 -2.560302510148826 -2.9217653478126744 -2.930440455916607 -2.9957929369662306 -2.946055650503685 -2.865955485677376 -2.7497090370846826 -2.5877736858112783 -2.2517578319189644 -1.9949746320425663 -2.048471132016816 -1.887403291553805 -1.9724193509723422 -2.0397960239128836 -1.9871670347490271 -1.91285027532534 -1.9851428428581097 -2.181489456277112 -2.3327255075556668 -2.3963429669845038 -2.407042266979354 -2.282988221093121 -2.015505721221873 -1.7222870673089588
-1.0193141406203057 -0.5427615354442876 -0.7839295407336074 -1.4383218620402394 -1.3290154999306913 -1.3368230972242305 -0.9363222730926861 -0.21252908695459527 -0.23132515451311542 -0.997915540630606 -1.3405823107359345 -0.610138208384829 -0.4577454760257502 -0.6405010867485923 -0.8562221082663772 -0.6344285110758396 -0.11016281132819339 0.07056860750373106 -2.147367364401645 -2.9608033342803703 -2.9538632477972246 -3.070977207200311 -3.013432323444227 -2.819109901916142 -2.6803081722532234 -2.5221320344915235 -2.221394953555201 -1.9304896618033358 -2.018397423923184 -1.8278342159068026 -1.7867720375481895 -1.8055681051067096 -1.7341430483843332 -1.675441483547724 -1.653175372747631 -1.7977605078131704 -1.9050426780318008 -2.0123248482504312 -2.0574354103908794 -2.018397423923184 -1.7477340510804937 -1.4235741782635543
-0.41292408415543314 -0.033821860013588445 -0.6746231786240595 -1.2526745486160866 -1.4215499863726366 -1.437165180959715 -1.1696826810884668 -0.4108998922645155 -0.06910063296958002 -0.8640297055599163 -1.188189578376856 -0.16394848157257402 -0.15122498968680653 -0.5309055543689134 -0.7428673623749942 -0.731300551569751 -0.26747143827950026 0.1769832669119682 -1.9362730672059574 -2.8873540856670763 -3.0935324882705357 -3.1600416504006836 -3.051602799101529 -2.8523644829812156 -2.601364688507439 -2.4197657588651214 -2.2809640292022033 -2.0348801293206553 -1.9724193509723422 -1.7616142240467856 -1.7086960646127982 -1.579726124134337 -1.499915129578159 -1.4070914728660826 -1.378752786393237 -1.4420810755519433 -1.5221812403782522 -1.7222870673089588 -1.755541648374033 -1.7254679402804007 -1.5028068322794699 -1.1795144702729234
-0.833666827196153 -0.2741223544925151 -0.7448915542659118 -1.1647667864962385 -1.338558118845017 -1.5895579133187936 -1.3327747134423955 -0.42738259766198694 0.014758745368432802 -0.9235987812069186 -0.9967588595500816 0.17987496961327887 0.14083698314558335 -0.2790382490847434 -0.8915008812223688 -0.8816690920379122 -0.5086394435688202 -0.14139320050234994 -1.992950440151649 -2.9793102315687596 -3.189247847683923 -3.2213457476684724 -3.113196066639449 -2.8590153991942304 -2.6051239020191432 -2.3659800886207405 -2.241926042734508 -2.0984975887494928 -1.9625875617878856 -1.8044114240261853 -1.6511511808567134 -1.5233379214587766 -1.3220754134475454 -1.22144415944193 -1.1228370973272321 -1.1939729837794775 -1.2379268648394015 -1.3885845755776938 -1.40101889719333 -1.4753356566170175 -1.2567229323979217 -1.0427369325009233
-1.5484957349601804 -0.7350597650814551 -0.5037235489765919 -0.9392139757939969 -1.2526745486160866 -1.5036743430898631 -1.8015197213248746 -0.9400814866043902 -0.32010042744335676 -0.9354547622822929 -0.9510699568693711 0.14662038854820492 0.10671489127011591 -0.8414744244896922 -1.4539370566273175 -1.162742594605321 -0.7457590650763051 -0.46179385980758547 -2.316242802158195 -3.2389851341464686 -3.2291533449620116 -3.2722397152115423 -3.1609091612110767 -2.9070176640359895 -2.608304774990585 -2.3474731913323517 -2.150259067102956 -2.0516520049882576 -1.9559366455748708 -1.9293329807228115 -1.7243112591998764 -1.4510453539260069 -1.2489153351043825 -1.108089413550547 -1.0008072433319168 -1.0887150054517647 -1.0193141406203057 -0.8981517974353836 -0.9100077785107579 -1.0407127406100056 -1.1422115054260145 -0.9285146757991469
-1.5964979998019395 -0.9950238379292952 -0.5583767300313658 -0.7362164461619795 -1.1063543919297607 -1.5953413187214152 -1.9510207509826425 -1.7029126592101766 -1.1569591892026994 -0.7535666623698442 -1.0152657568384706 -0.13560979509972837 -0.46179385980758547 -1.4362976701493217 -1.579726124134337 -1.2087206675561626 -0.9305388676900646 -0.7284088488684403 -2.76243252897045 -3.4743697340331665 -3.350315688146934 -3.3121452124896313 -3.1814402503903834 -2.9636950369816812 -2.6794406614428303 -2.3541241075453665 -2.114112783336571 -1.9637442428684098 -1.866004691564105 -1.8845115888524941 -1.7029126592101766 -1.4021755782738543 -1.061243829789312 -0.9100077785107579 -1.0505445297944624 -1.1610075729845346 -0.855354597455984 -0.2293009626221978 -0.3562467112097416 -0.8064848218038316 -0.9400814866043902 -0.8874524974405338
-0.701805184016381 -0.7009376732059878 -1.0797507270777014 -1.1158970108440862 -1.2653980405018541 -1.723443748389483 -2.2332509346305756 -2.1170044860378816 -1.276097340496704 -0.8816690920379122 -0.9244662920173119 -0.7703385380374468 -1.0780157054569148 -1.320051221556628 -1.2379268648394015 -1.1511757838000778 -1.112137797332382 -1.1297771838103778 -3.147318158514916 -3.6571253447560084 -3.4373559394563884 -3.316193596271466 -3.124762877444692 -2.9402722451010637 -2.7615650181600566 -2.4313325696703645 -2.1346438725158774 -1.8885599726343294 -1.796603826732646 -1.8298584077977202 -1.700888467319259 -1.4148990701596218 -1.0436044433113163 -0.8727048136638487 -1.0780157054569148 -1.152043294610471 -0.8142924190973707 0.03818153724905016 -0.07112482486049765 -0.5690760300262157 -0.8426311055702165 -0.815159929907764
0.2833979263202051 -0.2194691734377412 -1.1844303648651517 -1.795736315922253 -1.938297259096875 -2.158066664396495 -2.58285779121905 -2.8561236964929195 -2.4489719561483603 -1.1491515919091602 -0.7613742596633832 -1.0279892487242381 -1.1051977108492363 -1.3767285945023193 -1.7604575429662612 -1.9489965590917249 -1.7859045267377962 -1.5279646457808738 -3.5174561042826973 -3.7644075149746388 -3.4567303475551707 -3.2253941314503076 -3.0339634126235335 -2.8561236964929195 -2.6979475587312196 -2.5154811182785086 -2.2653488346151254 -1.9255737672111075 -1.8151107240210351 -1.7908204213300245 -1.6170290889812462 -1.3943679809803153 -1.1179212027350038 -0.9149236731029863 -0.9733360676694642 -1.0505445297944624 -0.8327993163857598 0.014758745368432802 0.001167742672272043 -0.36000592472144555 -0.613897421896533 -0.5653168165145117
0.6682835558646714 0.6066902883267513 -0.20790236263249806 -1.4420810755519433 -2.2292025508487403 -2.670765553338898 -2.9547307586076177 -3.165825055803305 -3.0212399207377656 -2.1999963535655014 -1.1179212027350038 -1.4539370566273175 -1.2928692161643065 -1.5045418539002564 -1.9695276482710313 -2.1823569670875056 -1.9744435428632596 -1.7243112591998764 -3.7253695285069433 -3.8181931852190196 -3.4148006583861643 -3.1666925666136985 -2.9246570505139857 -2.717611137100133 -2.6363542911932996 -2.586617004730754 -2.3249179102621276 -1.9920829293412556 -1.7616142240467856 -1.7506257537818046 -1.5603517160355547 -1.3854037026062518 -1.2009130702626234 -1.0016747541423099 -0.9392139757939969 -1.0143982460280774 -0.7576150461516793 0.06362852102058514 0.21804544527058134 -0.029195135691491236 -0.2067456815519737 -0.18043118697004545
0.23857653444988802 0.4172837613908946 0.4386823613805948 -0.7223362731956876 -2.1051485049625076 -2.9148252613295287 -3.3482914962560164 -3.4373559394563884 -3.4998167178047015 -3.0504461180210045 -1.7497582429714114 -1.5886904025084003 -1.6228124943838678 -1.6647421835528742 -1.990058737450338 -2.2586979184021105 -2.1198961887391925 -1.8894274834447224 -3.4743697340331665 -3.8141448014371844 -3.406125550282232 -3.0085164288519985 -2.7340938424976042 -2.6178473939049107 -2.6539936776712953 -2.588641196621672 -2.264481323804732 -2.0027822293361055 -1.7682651402598004 -1.6959725727270307 -1.4637688458117741 -1.273205637795393 -1.162742594605321 -1.1101136054414646 -1.049677018984069 -1.0074581595449317 -0.6532245786343598 0.10758240208050918 0.4357906586792839 0.27269862632535524 0.2267205533745138 0.2365523425589704
-0.32993221662781336 0.4308747640870556 0.13302938585204416 -0.5965472056886683 -1.6922133592153266 -2.819977412726535 -3.5955320772180888 -4.137437163443731 -4.160859955324348 -4.4303666470865135 -3.5787602015504865 -2.784987810040674 -2.067267199575336 -2.160958367097806 -2.241926042734508 -2.328966294043963 -2.0623513049831077 -1.638427688970946 -1.9987338455542705 -2.9900095315636093 -3.142402263922688 -2.8523644829812156 -2.5565432966371215 -2.537747229078602 -2.614088180393207 -2.4998659236914302 -2.151126577913349 -1.8738122888576443 -1.770289332150718 -1.6502836700463202 -1.3804878080140235 -1.195997175670395 -1.2116123702574733 -1.202937262153541 -1.1199453946259212 -1.0340618243969908 -0.5789078192106725 0.14864458043912232 0.5274576343108359 0.5508804261914535 0.5138666316146754 0.4748286451469794
-1.112137797332382 -0.5904746300159156 -0.2917617409705109 -0.661032175927899 -1.089582516262158 -2.249733640028047 -3.621846571800017 -4.088567387791578 -4.402027960613668 -5.687389811346314 -5.843541757217097 -4.989043608979758 -3.8358325716970154 -2.531096312865587 -2.5007334345018237 -1.8396901969821768 -1.5730752079213222 -1.2818807458993255 -0.9079835866198404 -1.6881649754334915 -2.759540826269139 -2.609172285800978 -2.315086121077671 -2.2957117129788887 -2.5192403317902126 -2.4168740561638105 -2.0828823941624144 -1.7838803348468786 -1.7916879321404178 -1.6141373862799353 -1.3102194323721712 -1.0916067081530754 -1.1130053081427753 -1.180381981083317 -1.06326802168023 -0.9314063785004577 -0.566184327324905 0.060736818319274244 0.5323735289030642 0.637053166690515 0.6749344720776862 0.6321372720982863
