static/data/ASCData/20210114/ASCU/18.asc
ncols 97
nrows 97
xllcorner 99.0
yllcorner 2.0
cellsize 0.25
NODATA_value -32767
[rows 38 to 56 of 97, columns 0 to 41 of 97]
0.35324236198195846 1.1950142167869804 1.6920833520413558 1.2497098531934472 0.6991471834316481 -0.455171165124614 -1.412344802237786 -0.6309785678596863 -0.2072376484469478 -0.9708728798141597 -0.921887227428148 0.29073306323171044 0.9696201107163747 0.8698456530957865 0.17863706114592914 -0.7481835030164012 -1.7053571401295733 -1.7579490982127146 -1.8117431581948993 -2.1994210206363407 -2.480712865012457 -2.3379632645010733 -1.8252668045591356 -1.7991210882549453 -2.041044095437395 -2.343072197572007 -2.4728992026686756 -2.5293979919237075 -2.4560697760820704 -2.294988121610278 -1.6759056436030142 -1.6398425866317172 -0.8614816070012257 0.5876522322953881 0.09178519894005577 -0.9816917969055488 -2.2111415141520125 -2.7052053946587797 -2.92488951670893 -2.884919628565743 -2.584995204754457 -2.047956181356894
0.13085351065896078 1.0165020847790607 1.5799873499555748 1.6902801991927912 0.981340604232046 -0.5871018485446085 -1.5626075396181898 -1.2335321447551055 -0.7100167677217787 -0.9825933733298312 -0.9865002045017217 0.05842687124160628 0.5906574870429964 0.6345342063580741 0.11793091524424604 -0.93751455211571 -1.873050355046104 -1.9250412621797235 -1.7366117895046973 -2.4230119738583817 -2.710013802254953 -2.713019057002561 -2.2159499217481855 -1.918129176260225 -2.116475989602358 -1.9863484590309284 -2.1221859736228135 -2.538113230691771 -2.11347073485475 -1.78229166166834 -2.0344325349926575 -1.7913074259111643 -0.8272217028784936 0.39922275962036213 0.5954658946391693 -0.1447283496966998 -0.3896566116267579 -0.6357869754558593 -1.3429234175680393 -2.2658371505584793 -2.0332304330936144 -1.9112170903407264
0.4500115648549383 0.9470807001093142 1.447155090111298 1.6433982251301051 1.043849902982294 -0.5294009573905334 -1.7795869323954927 -1.3928106463783334 -1.20918958129948 -1.237438975926996 -1.3086635134453073 -0.18680191616321284 0.24505319106806756 0.1795386375702117 -0.340971484715507 -1.1505871137211225 -1.813546311043464 -1.5920590361447489 -1.4541178432295383 -2.1299996359665943 -2.4951380878009757 -2.522485906004209 -2.3740263214723702 -2.077407677883453 -1.8018258175277926 -1.6632835736630602 -1.6260184147927201 -1.87906086454132 -1.279512542393509 -1.1662144384086846 -1.4006243087221144 -2.068391913640629 -1.128047703114062 0.08276943469723164 0.6189068816705121 0.5750301623554344 0.7682680426266337 1.0213104923752336 -0.325344160027945 -1.3333066023756937 -1.6016758513370948 -1.4787609321599244
0.7487338867671811 0.8905819108542823 1.3542927184102083 1.66383395741384 1.0633840588417467 -0.6027291732321705 -1.8538167246614123 -1.6885277135429682 -1.6212100071965472 -1.2912330359091806 -1.3985206303987887 -0.2814674407128672 -0.5615571831899397 -0.6261701602635135 -0.6778605419223723 -1.4736519990889907 -1.312570344617198 -1.0333821785644077 -1.0664399807880964 -1.5139224127069388 -1.974627965515257 -2.1642595400893265 -2.01670153198177 -1.805732648699683 -1.5304513138187834 -1.1632091836610765 -0.9855986280774393 -1.2677920488778376 -0.9895054592493298 -0.9816917969055488 -0.419108108153317 -1.1094151236788918 -2.1065586489352515 -0.9023530715686956 0.7664648897780686 0.7947142844055848 1.1228881028443864 1.5622563469446873 0.2585768374323041 -0.6709484560028738 -0.9483334692070992 -1.0781604743037678
0.7595528038585702 0.9783353494844382 1.2527151079410555 1.556546362924232 1.1706716533313548 -0.49634315516684446 -1.8234636517105707 -1.7540422670408242 -1.6368373318841092 -1.2170032436432612 -1.4697451679171003 -0.411294445809536 -0.9318045680952547 -1.370271235771273 -1.4210600410058494 -1.3020519530005696 -1.0207601086244538 -0.7121204460451044 -0.7647124041282457 -0.9474318927828167 -1.320384006960979 -1.524440804323567 -1.6142979212770485 -1.4033290379949617 -1.1319545342859525 -0.7346598566521649 -0.5615571831899397 -1.2266200588356069 -1.2179048200675435 -0.8332322123737098 0.12874983233563508 -0.8566731994050528 -1.8547183010856947 -1.0820673054756584 0.7859990456375212 0.5194329495246848 0.8542183284082245 1.2418961908496664 0.798621115577475 -0.017606073872878047 -0.333157822371726 -0.462984827468395
0.5954658946391693 1.0369378170627956 1.1228881028443864 1.3542927184102083 1.1171781188239311 0.13175508708324313 -1.0850725602232665 -1.4345836873700857 -1.4532162668052557 -1.3654628281751 -1.9472801473120234 -0.6201596507682973 -0.6934878666099343 -1.2227132276637165 -1.7570475217884323 -1.6338320771365011 -1.0724504902833125 -0.6105428355759515 -0.6748552871747643 -0.5303025338148157 -0.6934878666099343 -0.8194080405347126 -0.9591523862984882 -0.7833449835634158 -0.47680899930739207 -0.2862758483090402 -0.19251190018366815 -1.1584007760649035 -1.0303769238167995 -0.2598296065300889 0.4716493990377164 -0.4091907674862103 -1.6155000231760919 -1.1006998849108285 0.2802146716150822 -0.2637364377019795 0.3544444638810016 0.9774337730601554 0.9870505882525014 1.2869750120637873 0.7968179627289103 -0.03052866928759279
-0.04495389207611167 0.6579751933894173 1.0672908900136373 1.290881843235678 1.1276965104405594 0.25947841385658643 -0.6682437267300265 -0.9230893293271912 -1.2990466982529614 -1.221811651239434 -1.5674159472143627 -0.11046844557396773 -0.027523414539984747 -0.9943138668455026 -1.7940121551840116 -1.8030279194268357 -1.177934931924356 -0.8067859705947588 -0.8936378328006321 -0.6075375808283434 -0.42000968457759935 -0.473803744559784 -0.2775606095409766 -0.10656161440207712 0.025369069017917356 0.1365634946794161 0.630627375186184 -0.08131747452216942 -0.5480335368257034 -0.470798489812176 0.35143920913339355 0.5086140324332957 -0.5949155108883895 -1.7110671241500286 -1.516627141979786 -1.229625313583215 0.2711989073722578 0.6044816588819937 0.9930610977477174 1.0555703964979655 1.239191461576819 0.5419723601317457
-0.6036307496564528 0.7009503362802127 1.2157504745454761 1.3095144226708482 1.0261188999714066 0.3406202920420045 -0.41039286938525366 -0.7707229136234618 -0.9053583263163036 -0.9943138668455026 -0.42000968457759935 0.37878702733662695 0.4052332691155782 -0.4130975986581009 -1.1388666202054512 -1.3303013476280854 -1.378084898115054 -1.7062587165538556 -2.1152738877033146 -1.6710972360068412 -1.3429234175680393 -1.0324806021401254 0.029275900189807746 0.6375394611056824 0.428674256146921 0.5888543341944317 1.382542113037724 0.5125208636051863 -0.640895908526793 -0.7091151912974963 -0.22196339671022725 0.21950852571339907 -0.34788357063500563 -1.5265444826468928 -1.873050355046104 -1.4111427003387427 -1.1193324643459985 0.23994425799713404 0.6483583781970714 1.2127452197978679 1.3786352818658338 0.5251429335451401
-0.7199341083888854 0.42356532307598727 1.0165020847790607 1.286073435639505 1.0143984064557348 0.5954658946391693 0.2576752610080215 -0.050964401571327755 -0.7559971653601822 -0.8362374671213179 0.1657144657312144 0.39922275962036213 0.18434704516638445 -0.008890835104814698 0.23513585040096108 0.08577468944483968 -0.8145996329385398 -0.8245169736056464 -0.9777849657336583 -0.9825933733298312 -0.9200840745795832 -0.42211336290092505 0.373978619740454 0.4461047336830477 0.15128924294269575 0.49509038606905964 0.7439254791710082 -0.3974702739705389 -1.337213433547584 -1.039092162584863 -1.318580854112414 -0.9630592174703787 -0.7442766718445107 -1.1067103944060448 -1.085974136647549 -1.3242908381328693 -1.4631336074723624 -1.0841709837989841 0.40613484553986057 0.9452775472607491 0.7712732973742416 -0.05006282514704541
0.20388120102583707 0.5993727258110599 0.9891542665758273 1.382542113037724 1.415900440736174 1.1415206822795567 1.0086884224352795 0.6483583781970714 -0.5089652251067984 -0.6604300643862455 -0.1426246713733741 -0.2228649731345096 -0.458176419872222 0.10831410005190012 0.5915590634672787 0.6609804481370252 0.25947841385658643 -0.04795914682371971 -0.462984827468395 -0.38304505118202004 -0.37523138883823903 -0.0539696563189358 0.1542944976903038 0.06834421190871276 -0.16516408198043475 0.1813417904187764 0.5095156088575785 -0.8410458747174908 -1.5725248802852965 -1.459226776300472 -1.7687680153041037 -1.1418718749530592 -0.5627592850889831 -0.478612152155957 -0.7902570694829143 -1.3164771757890883 -1.4814656614327717 -1.1818417630962466 0.05061320889782528 0.5819422482749328 0.4001243360446445 -0.3391683318669423
0.34542869963817746 1.1276965104405594 1.4237141030799547 1.2596271938605539 1.3104159990951305 1.3026023367513493 1.2175536273940408 1.0234141706985591 0.19426438583349115 -1.2695952017264025 -1.516627141979786 -1.0538179108481427 -0.7647124041282457 -0.30971683534038297 0.20388120102583707 0.3036556586464252 0.3015519803230995 0.16090605813504144 -0.2267718043064002 -0.5393182980576401 -0.20423239369933954 0.2342342739766785 0.4208605938031402 0.15309239579126044 -0.08612588211834216 -0.12519419383724717 -0.38484820403058495 -1.5920590361447489 -2.149533791826047 -2.090029747823407 -2.004079462041816 -1.500999817292224 -0.8010759865743035 -0.6748552871747643 -1.0508126561005344 -1.8937866128045997 -2.1621558617660006 -1.3242908381328693 -0.6183564979197325 -0.5510387915733115 -0.09093428971451512 0.015451728350810656
0.2859246556355375 0.8464046660644438 1.2370877832534934 1.2418961908496664 1.3885526225329405 1.38464579136105 1.3660132119258797 1.1042555234092166 -0.08131747452216942 -1.390706968055008 -1.8955897656531646 -1.6467546725512159 -1.2677920488778376 -1.1692196931562926 -0.6535179784667469 0.1813417904187764 0.26068051575562956 0.2976451491512089 -0.03323339856044005 -0.5236909733700781 -0.2150513107907286 0.3192829833339872 -0.06358647151128172 -0.3166289212598816 0.3388171391934396 0.1678181440545401 -1.2052827501275896 -2.3653110827043067 -2.603627784189627 -2.670945490536048 -2.4620802855772865 -2.4533650468092234 -1.7783848304964496 -1.4757556774123164 -1.7783848304964496 -2.564559472470722 -2.765911540560463 -1.5635091160424721 -1.3877017133073997 -1.296943019929636 0.013648575502245741 0.12784825591135274
-0.28837952663236566 0.16691656763025775 0.7096655750482763 1.353391141985926 1.5174780512053268 1.880813350191143 1.8573723631598003 0.8602288379034406 -0.43774068758848705 -0.7238409395607759 -1.1692196931562926 -1.2539678770388405 -1.370271235771273 -1.2473563165941026 -0.3058100041684926 0.522438204272293 0.5681180764359359 0.6618820245613075 0.5398686818084197 -0.28717742473332253 -0.16426250555615218 0.12093616999185408 -0.24330070541824456 0.09058309704101264 0.7391170715748352 0.08397153659627477 -1.5079119032117227 -2.7012985634868896 -2.8010730211074777 -2.9218842619613223 -2.710013802254953 -2.6964901558907166 -2.6748523217079385 -2.377031576219978 -2.279360796922716 -2.7950625116122616 -3.091080104251657 -1.9659127267471934 -1.78229166166834 -1.3516386563361027 -0.05487123274321837 -0.001978749185316042
-1.198370664208091 -0.5627592850889831 0.5350602742122468 1.2605287702848362 1.9784841294884057 2.3427210048985043 1.9246900695062212 0.7204844921396654 -0.08011537262312607 0.2645873469275202 -0.05787648749082641 -0.8605800305769433 -1.1094151236788918 -0.4130975986581009 0.5281481882927483 0.8494099208120516 0.8007247939008009 0.981340604232046 0.9413707160888589 0.20087594627822902 0.017555406674136353 0.1912591310858831 0.06323527883777902 0.397419606771797 0.683519858744086 0.029275900189807746 -1.3585507422556014 -2.5324032466713158 -2.864483896282008 -3.0264671271780834 -2.8918317144852415 -2.972673067195899 -2.9513357584878817 -2.6496081818280306 -2.547128994934595 -2.5822904754816096 -3.2082850394083717 -2.4542666232335058 -1.751037012293216 -1.1866501706924195 -0.6240664819401878 -0.5714745238570464
-1.6329305007122188 -1.1223377190936068 0.3484339543857855 1.2019263027064788 1.901249082474878 2.0379881734910454 1.6151488305025894 0.9383654613412507 0.32799822210205054 0.9470807001093142 0.6366378846814 -0.614449666747842 -0.7941639006548048 -0.1348110090295931 0.3153761521620966 0.4920851313214514 0.7126708297958841 0.876757739015285 0.6717993652284142 0.9296502225731871 0.6092900664781662 0.7331065620796191 0.6032795569829501 0.45211524317826424 0.6423478687018553 0.22041010213768142 -1.0508126561005344 -2.071397168388237 -2.810689836299823 -2.9513357584878817 -3.126241584798671 -3.188750883548919 -3.085069594756441 -2.7256411269425147 -2.2375877559309636 -2.029323601921724 -3.035182365946147 -2.8323276704826017 -1.6885277135429682 -0.945328214459491 -0.6544195548910293 -0.6769589654980899
-1.4853724926046623 -0.8155012093628222 0.7282981544834461 1.5243901371248252 1.885621757787316 1.8787096718678176 1.4354345965956266 0.9149244743099079 0.7577496510100055 1.0204089159509513 0.7048571674521034 -0.11738053149346617 -0.5537435208461587 -0.8176048876861478 -0.44435224803322493 0.20207804817727215 0.5915590634672787 0.7469307339186164 0.7604543802828525 1.1249917811677124 1.3581995495820989 1.6199572380987624 1.2509119550924903 0.8689440766715042 0.7781853832937404 0.33761503729439646 -0.5324062121381414 -1.3985206303987887 -2.3995709868270385 -2.8771059662219622 -2.9387136885479275 -3.0559186237046427 -3.0264671271780834 -2.548030571358878 -1.7579490982127146 -1.474854100988034 -2.332253280480618 -2.666137082939875 -2.356595843936243 -1.1710228460048575 -0.015802921024313354 0.03708956253358875
-1.1632091836610765 -0.9131719886600846 0.9071108119661266 1.4354345965956266 1.8222108826127856 1.8152987966932872 1.286073435639505 1.0663893135893545 1.3095144226708482 1.4793113159107043 1.3251417473584102 0.30065040389881714 -0.40257920704147265 -0.5967186637369544 -0.7785365759672428 -0.7346598566521649 0.03198062946265501 0.845503089640161 1.0877266222973718 1.1093644564801504 1.3885526225329405 1.491933385850658 1.3738268742696609 1.0651872116903114 0.7859990456375212 0.6736025180769794 0.24595476749235012 -0.6769589654980899 -2.007084716789424 -2.3935604773318224 -2.202426275383949 -2.3761299997956957 -2.5411184854393793 -2.1886021035449517 -1.326394516456195 -0.15344358846476314 -0.7638108277039632 -1.7834937635673833 -1.198370664208091 0.030177476614090315 0.6736025180769794 0.012446473603202612
-1.3877017133073997 -1.3985206303987887 0.28682623205981983 0.9948642505962826 1.4333309182723006 1.382542113037724 0.9050071336428012 0.8758561625910026 1.1328054435114931 1.2479067003448825 1.3807389601891593 0.7703717209499592 0.05662371839304137 -0.4717000662364583 -0.8115943781909317 -0.7911586459071968 -0.3857497804548673 0.3896059444280162 0.40222801436796995 0.5681180764359359 0.5398686818084197 1.2184552038183232 1.5310016975695633 1.267440856204335 0.9071108119661266 0.9158260507341902 0.4587268036230019 -1.0949899008903732 -1.7609543529603227 -1.5773332878814692 -1.4336821109458033 -1.7110671241500286 -2.1260928047947036 -2.0019757837184904 -0.9804896950065055 0.5359618506365296 -0.06569014983460741 -1.0685436591114221 -0.2246681259830745 0.7087639986239935 0.43528581659165866 -0.6691453031543089
-1.4943882568474864 -1.5547938772744088 -0.47560689740834894 0.6318294770852271 0.9852474354039367 0.7890043003851295 0.500800370089515 0.5984711493867771 0.7890043003851295 0.9648117031202017 1.0516635653260753 1.0038800148391065 0.4560220743501544 -0.11527685317014069 -0.5606556067656574 -0.7286493471569487 -0.3430751630388327 -0.24810911301441751 -0.3740292869391959 0.7595528038585702 1.2010247262821965 1.7194311702445897 1.7323537656593042 1.369018466673488 1.0838197911254817 1.0820166382769165 0.15519607411458614 -0.7620076748553984 -0.633082246183012 -0.6426990613753578 -0.625268583839231 -0.8996483422958483 -1.2569731317864483 -1.4787609321599244 -0.9318045680952547 -0.4386422640127694 -0.7277477707326664 -0.9465303163585342 0.14527873344747966 0.9461791236850319 0.21169486336961807 -1.0469058249286438
