static/data/ASCData/20210114/ASCU/21.asc
ncols 97
nrows 97
xllcorner 99.0
yllcorner 2.0
cellsize 0.25
NODATA_value -32767
[rows 76 to 94 of 97, columns 42 to 83 of 97]
-3.8162919528615356 -3.6825945217962706 -3.553717911562686 -3.2950005269291807 -2.9755407998165047 -2.645475266874132 -2.4735326572108707 -2.4298238816703033 -2.305768092268399 -2.1592151389853202 -1.9442065298923823 -1.6719908469301725 -1.3573519406491767 -1.026322243540468 -1.4023462684115253 -1.6591353247123586 -1.5604691916906366 -1.5595050275243005 -1.9159243810131916 -2.3925428672386433 -2.4629268513811744 -2.1640359598170003 -2.1990672578605435 -2.0223038273656018 -1.6504578472153342 -1.3409611498214637 -0.7637482022416185 -0.08979744997272343 0.628826242003075 1.096767250731502 2.094677162889308 2.383926412790121 2.1387073264853207 1.4178339181214046 0.7567386880703237 -0.021341794162864414 -0.1611455982815908 -0.35751370015869854 -0.583128115081333 -1.1992290173700653 -1.2615783001264629 -0.8858756633108509
-3.570430090445844 -3.3184618549766913 -3.1876569164104342 -3.0391756347946837 -2.746069728228526 -2.371974031690141 -2.1688567806486807 -2.1328613184388017 -2.136717975104146 -1.987272529322059 -1.7655147710647687 -1.546970893361932 -1.3075367920551477 -1.3007876428907954 -1.6610636530450307 -1.431592581457052 -1.329069791769986 -1.4071670892432055 -1.7655147710647687 -2.120969960387324 -2.2071019592466774 -1.882821411302321 -1.8407195760389803 -1.72951930885489 -1.665884473876711 -1.3602444331481847 -0.7666406947406267 -0.08304830080837111 0.41895984179726264 0.6484309133852411 1.1102655490602067 1.5438180358559812 1.6778368549766913 1.7774671521647494 1.1202285787790123 0.9961727893771082 0.8663320149771874 0.6387892717218806 0.44338533401110913 -0.2267087615924417 -0.6162310847922037 -0.2948430293468556
-3.2625403333292002 -2.982289948980857 -2.7823865784938504 -2.711038430184983 -2.443322179999008 -1.989200857654731 -1.7889760991122792 -1.8953555454646893 -1.899533590185479 -1.6845249810925411 -1.464695551167923 -1.3281056276036498 -1.1015270485146795 -1.3856340895283672 -1.847790113258778 -1.5225454011480857 -0.9286202746850821 -1.0057534079919659 -1.3750282836986707 -1.7079863091400516 -1.935529052395358 -1.7822269499479269 -1.717627950803412 -1.5623975200233087 -1.5399003561421343 -1.3846699253620312 -0.7901020227881371 -0.3652270134893869 0.11717645773408081 0.3954985137497524 0.4032118270804408 0.3543608426527476 1.128906056276037 1.4599357533847455 1.7266878394043843 1.6026320500024798 1.6453766613767113 1.4316536045055548 1.4618640817174176 1.0398815649176751 0.5320884373140253 0.3787863348665943
-2.8906943531789326 -2.5927676257810948 -2.3311577486485815 -2.2099944517456853 -1.988236693488395 -1.5800738630728028 -1.583930519738147 -1.6768116677618528 -1.5643258483559808 -1.3146073292749454 -1.1327016898928783 -0.9970759304949414 -0.9151219763563776 -1.528330386146102 -1.9930575143200753 -1.5868230122371552 -0.874948469425709 -0.3546212076596904 -0.7001133672634396 -1.327141463437314 -1.6035351911203133 -1.818222412157806 -1.7208418313578653 -1.4258075964590358 -1.3653866420353102 -1.2246186737502478 -0.9678296174494146 -0.6268368906219002 -0.28134473101815094 0.29490405239535833 0.5147334823199765 -0.48349781789327495 0.45688363233981377 1.5605302147391393 1.8992732251785363 2.08696384955862 2.11042517760613 2.0496828351269594 2.099497983720988 2.122959311768499 1.8494580765845074 1.4120489331233883
-2.4687118363791907 -2.1142208112229715 -1.8204721285459233 -1.6620278172113667 -1.5389361919757985 -1.382741597029359 -1.3534952839838326 -1.3721357911996626 -1.2615783001264629 -1.039177765758282 -0.8174200075009918 -0.7293596803089664 -0.9103011555246974 -1.7793344574489187 -2.254988779508034 -1.833006262708292 -0.6708670542179129 0.03233001109650879 -0.268489208800337 -1.027286407706804 -1.4589105661699067 -1.8224004568785954 -1.5010124014332473 -0.8916606483088672 -1.0497835715879784 -1.465659715334259 -1.2753979865106129 -0.623944398122892 -0.1492542402301129 0.5166618106526486 0.45688363233981377 -0.5400621156516563 -0.28134473101815094 1.0633428929651858 1.939446732109205 2.256978130889209 2.5626181716177348 2.625931618540468 2.6072911113246384 2.818443063752232 2.863437391514581 2.041969521796271
-1.9667036937735567 -1.648529518882662 -1.380813268696687 -1.074209063801825 -0.9668654532830786 -0.924763618019738 -0.9424399610692321 -0.9855059604989088 -0.9620446324513984 -0.7579632172436023 -0.5313846381546319 -0.5468112648160086 -1.1220958840631816 -2.323123047262448 -2.677614072418667 -1.9188168735122 -0.6933642180990873 -0.10554546468954551 -0.470642295675461 -1.0957420635166633 -1.4209867756273555 -1.5527558783599482 -1.026322243540468 -0.5956622492437016 -1.0478552432553063 -1.6250681908351516 -1.5087257147639357 -0.7001133672634396 0.16795577049444566 0.8348359855435432 0.25601609768647116 -0.5304204739882958 -0.634871592008034 0.21102176992412236 1.1317985487750448 1.6463408255430472 2.164096982865503 3.0312019564570525 3.5164979201795283 3.3966201754984136 3.1816115664054756 2.443383203047511
-1.5399003561421343 -1.2188336887522315 -0.8026361569505057 -0.46292898234477264 -0.3584778643250346 -0.2186740602063082 -0.1836427621627652 -0.2803805668518149 -0.47739144483981333 -0.5535604139803609 -0.6249085622892281 -1.0616749296394563 -2.1270763334407854 -3.202119378905475 -3.0038229486956953 -1.9618828729418765 -0.9434041252355682 -0.5750934136951993 -0.8016719927841697 -1.0176447660434436 -0.9620446324513984 -0.4600364898457645 0.24219641130232117 0.10946314440339244 -0.5985547417427095 -1.0536402282533226 -0.9610804682850623 -0.34369401377454856 0.38971352875173615 0.5166618106526486 0.2814057540666537 -0.4520017884596308 -0.45907232567942846 0.22066341158748282 1.1035163998958541 1.5557093939074593 1.795786271325134 2.4257068599980167 3.4901440996330093 3.971583406690141 3.2333550433321765 2.612433320211764
-1.0526760640869866 -0.7139330536475896 -0.3485148346062288 -0.013628480832176049 0.23930391880331303 0.5282317806486811 0.6728564055990875 0.5790110934090462 0.23737559047064094 -0.30062801434487185 -0.6425849053387224 -1.6231398625024795 -2.792992384323547 -3.5106519121330093 -2.9540078001016665 -2.14057463176949 -1.4344850739560602 -0.8643426635960125 -0.22960125409144982 -0.021341794162864414 0.5584422578605439 1.184506189868082 1.2285363534640945 0.20105874020531656 -0.4931394595566354 -0.6056252789625072 -0.30191356656665325 0.2325547696389607 0.6426459283872248 0.3485758576547313 0.26662190351616766 -0.23827873158847424 -0.15343228495090244 0.5526572728625276 1.1739003840383857 1.5293555733609407 1.5438180358559812 1.8182834352063084 2.5057324858039083 3.5264609498983344 3.0996576122669115 2.759629049605733
-0.8016719927841697 -0.4131138337507436 -0.02230595832920046 0.37107302153590593 0.6580725550486015 0.982353102992958 1.4981809319827417 1.4718271114362231 1.0887325493453681 0.5047704526011705 -0.6114102639605234 -1.8233646210449315 -2.9228331587234675 -3.4589084352063084 -2.9932171428659986 -2.4227533444505056 -1.71569962247074 -0.7303238444753024 0.0741104583044041 0.7840566727831781 1.3712326500818293 1.5643868714044835 0.5770827650763741 -0.2440637165864905 -0.1874994188281094 -0.20324743354493147 0.09082263718756223 0.480344960387324 0.5320884373140253 0.21680675492213863 0.3848927079200557 0.022366981377702988 -0.03419731638067813 0.6230412570050587 1.2127883387472727 2.0712158348417975 2.4960908441405483 2.87597152567695 2.931571659268995 3.3182014899697485 3.0771604483857375 2.9071461670551484
-0.6454773978377304 -0.2627042238023207 0.13388863661723893 0.4960929751041463 0.79016304583664 1.28413648705614 1.8301747932577865 2.1338865056536402 1.7665399582796075 0.9405726557850627 -0.2627042238023207 -1.5897155047361633 -2.6143006254959333 -3.0459247839590358 -2.858555547634398 -2.368117375024797 -1.8243287852112675 -0.8447379922138463 0.10239260718359477 0.7657375536227935 0.9257888052345766 0.7628450611237851 -0.1717514041112873 -0.5898772642456853 -0.44236014679627034 0.3270428579398932 0.6182204361733787 0.37396551403491385 0.33604172349236294 0.12006895023308894 0.5674411234130137 0.46684666205861935 -0.016520973331184186 0.44434949817744496 0.5790110934090462 1.4149414256223967 2.800766720702738 3.4911082637993456 3.1845040589044835 3.0144897775738944 3.069447135055049 3.253923878880679
-0.5850564434140051 -0.24117122408748237 0.14738693494594357 0.4745599753893077 0.7850208369495144 1.3153111284343386 1.9217703890597106 2.2431584445050587 2.4051380244495144 1.5997395575034719 0.4337436923477487 -0.9112653196910334 -2.1113283187239635 -2.3350144053139257 -2.287127585052569 -2.1270763334407854 -1.5868230122371552 -0.9922551096632611 -0.0730852710895653 0.34761169348839527 0.37107302153590593 -0.15728894161624662 -0.6425849053387224 -0.92669194635241 -0.4969961162219796 0.2987607090607025 0.9325379543989292 0.6982460619792703 0.2039512327043247 -0.0730852710895653 0.5761186009100379 0.7792358519514981 0.29104739573001415 0.00886868304899835 0.13388863661723893 0.5606919742486611 1.937518403776533 3.3808721607815917 3.224677565835152 2.808480034033426 3.1738982530747872 3.433579801874629
-0.5410262798179923 -0.20517576187760356 0.11814062190041685 0.41413902096558264 0.7236357183594526 1.2539260098442773 1.8475297482518354 2.3270407269762945 2.4893416949761953 2.4707011877603655 1.4159055897887325 0.35146835015373945 -1.0449627507562982 -1.2734696581779408 -1.5546842066926203 -1.4258075964590358 -1.0809582129661772 -0.4863903103922831 -0.09365410663806761 0.3164370521101967 0.07314629413806806 -0.6425849053387224 -0.8964814691405474 -0.925727782186074 -0.5040666534417773 0.3829643795873836 1.01674162492561 0.741312061408947 0.15445747216574124 -0.04769561470938277 0.37010885736956967 0.6426459283872248 0.5761186009100379 0.1277822635637773 -0.2871297160161672 0.1396736216152552 1.4628282458837534 2.938320808433347 3.1873965514034914 2.98717179286104 3.3808721607815917 3.7119018578903002
-0.41600632624975176 -0.12515013607171177 0.14835109911227962 0.3543608426527476 0.7059593753099587 1.254890174010613 1.7051548396895462 2.1747027886951997 2.5459059927345766 2.570331484948423 2.7577007212730615 2.122959311768499 0.7978763591673284 0.3398983801577071 -0.15150395661823035 -0.6670103975525687 -0.33887319294286833 -0.165002254946935 0.1563858004984131 0.3562891709854197 -0.011700152499503957 -0.8370246788831579 -1.0086459004909738 -0.8849114991445148 -0.26945337296667304 0.5320884373140253 0.7959480308346563 0.5128051539873044 0.11814062190041685 0.23930391880331303 0.006940354716326258 0.18756044187661192 0.3270428579398932 -0.11422294218656992 -0.533312966487304 -0.03419731638067813 1.3339516356501688 2.723633587395854 3.1581502383579654 3.462826114920155 3.8009263492486616 4.165059016068241
-0.1942485679924617 0.12103311439942499 0.17470491965879797 0.3623955440388813 0.8692245074761953 1.4168697539550688 1.6707663177568937 1.8719552404656818 2.3260765628099587 3.049842463672883 3.540923412393375 3.776500857034815 2.759629049605733 2.423778531665344 1.6788010191430276 0.6346112270010913 -0.12290041968359433 -0.08401246497470716 0.14545860661327148 0.20620094909244213 -0.1200079271845862 -0.9180144688553857 -1.1523063612750444 -0.8116350225029755 -0.036125644713350225 0.741312061408947 0.9129332830167627 0.4237806626289431 -0.029376495548998127 -0.05283782359650835 -0.435610997631918 -0.37004783432106714 0.03233001109650879 -0.2842372235171591 -0.3613703568240427 0.11814062190041685 1.2275721892977587 2.540121007736561 3.349697519403392 3.8780594825555452 4.337001625731502 4.8534722308321765
0.1827396210449317 0.3816788273656022 0.23544726213796885 0.42956564762695937 1.0887325493453681 1.5791707219549695 1.606488706667824 1.754969988283575 2.3926038902871456 3.3516258477360648 4.179842866618727 4.704990949216426 4.51955004122446 4.280115939917676 2.9306074951026586 1.130834384608709 0.07121796580539597 -0.06922861442422112 0.1522077557776238 0.12681809939744126 -0.318304357394366 -0.7676048589069627 -1.0790298846335051 -0.7489643516911325 0.1669916063281096 0.9608201032781198 1.0614145646325137 0.47938079622098817 -0.2440637165864905 -0.6367999203407061 -0.38868834153689735 -0.19521273215879775 -0.1543964491172385 -0.17271556827762335 0.004047862217318121 0.5870457947951797 1.6151661841648486 2.8026950490354103 3.5987732623735376 4.2470129702068045 4.847687245834161 5.344874567608114
0.46588249789228353 0.45688363233981377 0.22355590408649095 0.7859850011158502 1.6241650497173183 1.8915599118478479 1.8173192710399726 1.9355900754438609 2.5684031566157515 3.5193904126785363 4.241227985208789 4.492232056511606 4.93960422969153 4.3514640882265425 2.4549531730435437 1.0829475643473518 0.24316057546865721 -0.04994533109750021 0.11814062190041685 0.35950305153987316 -0.03998230137869441 -0.43657516179825406 -0.8260974849980162 -0.6004830700753816 0.13581696494991102 0.843834851096013 1.1620090259869076 0.7557745239039875 -0.19521273215879775 -0.4413959826299343 0.08503765218954595 -0.055730316095516486 -0.00880766000049582 0.3087237387795083 0.731349031690141 1.3435932773135293 2.1798449975823253 3.078124612552073 3.8790236467218806 4.683457949501587 5.422971865081333 5.869058486039477
0.5809394217417183 0.5410873028664951 0.4697391545576277 1.2098958462482643 1.9658005526557232 2.1415998189843286 2.1290656848219602 2.1329223414873044 2.582865619110792 3.09772928393424 3.4355081302073005 2.5057324858039083 2.673818438801826 2.403209696116842 1.756898316616247 1.2137525029136085 0.6834622114287843 0.19527375520730028 0.24990972463300953 0.5565139295278718 0.5488006161971835 0.1191047860667529 -0.5497037573150167 -0.28134473101815094 0.4922363184388021 0.9306096260662571 1.1150863698918867 0.8534764927593734 0.09950011468458664 -0.2167457318736361 0.12199727856576104 0.007904518882662304 0.2039512327043247 0.5205184673179928 1.1260135637770285 1.9002373893448725 2.8055875415344182 3.5663130687735576 4.0516090324960325 4.73648697865007 5.7469310249702446 6.256009704795676
0.4051401554131129 0.5381948103674867 0.6747847339317596 1.5216422600302524 2.245086772837731 2.5195521721880585 2.2852602797683996 1.9686930451547315 1.36705460536104 1.6251292138836542 1.903451269899326 1.3905159334085502 1.4187980822877408 1.6649813327588774 1.3143469642680028 1.2362496667947829 0.8329076572108711 0.49512881093781 0.5459081236981751 0.5918666156268602 0.6670714206010713 0.4549553040071417 0.022366981377702988 0.2264483965854991 0.6866760919832378 0.982353102992958 0.8865794624702441 0.6661072564347355 0.4764883037219798 0.023331145544039034 -0.12290041968359433 -0.11904376301825015 0.14931526327861566 0.46588249789228353 1.1610448618205718 2.258906459221881 3.1983237452886337 3.769430319815017 4.225479970491966 4.900394886927198 5.7793912185702245 6.2029806756471935
0.29779654489436647 0.5195543031516565 0.814588538050486 1.5361047225252928 2.3202915778119424 2.8126580787542155 2.6211107977087886 1.7138323171865704 1.0887325493453681 0.8779019849732199 1.0186699532582821 1.1192644146126765 1.4882179022639361 1.6942276458044043 1.2285363534640945 0.9511784616147594 0.8573331494247176 0.5741902725773658 0.5732261084110299 0.5918666156268602 0.7323131958564773 0.7107801961416387 0.30775957461317227 0.17663324799147007 0.6368609433892085 0.814588538050486 0.726528210858461 0.8174810305494944 0.7159224050287643 0.1191047860667529 -0.15921726994891872 -0.19039191132711752 0.055791339144019236 0.3681805290368976 1.0215624457572905 2.103676028441778 3.0157753297956758 3.6122715607022418 4.114279703307876 4.802692918071812 5.617090250570324 6.1377389003917875
