static/data/ASCData/20210117/ASCU/00.asc
ncols 97
nrows 97
xllcorner 99.0
yllcorner 2.0
cellsize 0.25
NODATA_value -32767
[rows 38 to 56 of 97, columns 0 to 41 of 97]
0.20303616498930527 0.8248784941879532 -0.11558530363146599 -0.9708324036135362 -1.3733016271345104 -1.4034183717517261 -1.2911650509057402 -1.3828842276945335 -1.0423596720794235 -1.6984255747067258 -2.507128614825826 -1.5940436757493304 -1.0957484466281242 -1.486581655183356 -2.5245826372744395 -3.599887314402757 -4.144726603386933 -4.537270990613598 -5.108462431137838 -5.43392861444434 -5.64269241235913 -5.258019447021057 -4.593055415302304 -4.191612898984189 -3.9924317016294215 -3.936647276940715 -3.6135767437742183 -3.2073429271760925 -2.980782871078401 -2.861684835546684 -2.75422281498071 -2.4044578945398634 -2.103632684101992 -1.778508736529777 -2.30384058865962 -2.766885537149312 -4.242263787658598 -5.393887033532814 -6.264876977292065 -6.818614395367691 -7.035249615171073 -6.931894423416537
0.22151689464077856 0.5397961275272632 0.09660085162619049 -1.0160075205393597 -1.416081093920328 -1.6162889984779556 -1.6077331051207921 -1.514987221129139 -1.3685103268544987 -1.8000695877898292 -1.9698185119959541 -1.3274420387401136 -1.1556397001282692 -1.5430505513406356 -2.546143488534492 -3.6163146296485107 -4.277514068290111 -4.659449147753893 -5.131049989600749 -5.526674498435993 -5.697450129844977 -5.49724222528735 -4.854865752031509 -4.283332075772983 -4.055060841003859 -3.7706629458117416 -3.38872786634796 -3.1700392321388593 -2.585158362243158 -2.076253825359069 -1.9085583155586632 -1.8565384839471086 -2.195694096625072 -1.9544179039530598 -0.8685039190618599 -0.8137462015760131 -2.047163787944713 -3.4787358644653206 -4.872319774480123 -6.050979643362976 -6.328190588135076 -6.556804058638486
0.4354142285698678 0.5829178300473676 0.5993451452931217 -0.6436550416356014 -1.3596121977630486 -1.5529753876349452 -1.5919902613436112 -1.5889101397350323 -1.611497698197944 -2.001304199550316 -1.9181409161186862 -1.8411378759042143 -1.6604374082009197 -1.8459291761842258 -2.8411506914894917 -3.715905228325895 -4.374366781093204 -4.643706303976712 -5.029405976517646 -5.379170896958493 -5.41510564905858 -5.247410139258173 -4.889773796928736 -4.320635770810216 -3.8291852563747404 -3.484553871948192 -2.9592220198183488 -2.632044657840414 -1.739493862821111 -1.2473588769170627 -1.134078848868217 -1.8137590171612907 -2.1573636943849794 -1.6251871275694059 -0.4386558367979622 -0.01770588362551477 -0.6624780070213612 -1.5177251070034314 -3.4951631797110747 -4.839122908254328 -5.623184975504798 -5.8576164534910795
0.7184431808248385 0.7636182977506621 0.7115984661391076 -0.8616592043761291 -1.5783008319721494 -1.3028010658714826 -1.335313460628704 -1.5625579881949685 -1.6330585494579963 -2.290151159288158 -2.1436742650135177 -2.292204573693877 -2.428756631674208 -2.613563928188941 -2.953404012335478 -3.8223405416890097 -4.267931467730088 -4.487646809142049 -4.799081327342803 -4.98149297371753 -4.978755087843238 -4.786418605174201 -4.428782262844764 -4.003041009392304 -3.512959437893975 -3.0625772115728847 -2.5451167813316324 -2.23847356341089 -1.9201943305244056 -1.4112897936403166 -0.7432456403129852 -1.4318239376975093 -2.585158362243158 -2.061879924519034 -0.4855421323952186 -0.15049334852869334 -0.34009194532343795 -0.2825963419632988 -2.138882964733506 -3.671072347134358 -4.4660859578819965 -5.429821785632901
0.7673828908278141 0.8368567448879822 0.5798377084387887 -1.0050559770421905 -1.7901447514955193 -1.514987221129139 -1.1594042932054212 -1.3880177637088318 -1.7942515803069579 -2.702202983369155 -2.7090476980548863 -2.727870663440646 -2.905491009535362 -3.0177443303813476 -3.3575844145278846 -3.702215798954433 -4.074568277858192 -4.181003591221307 -4.454449942916255 -4.506127538793522 -4.435626977530495 -4.216938343321393 -3.8196026558147174 -3.393861402362258 -3.010899615695617 -2.562570803780246 -2.138882964733506 -1.8986334792643533 -2.510893207902978 -1.979743348290264 -0.9954733764821673 -0.9280529368277183 -2.0824140685762265 -2.5831049478374384 -0.8890380631190524 -0.4475539658894124 -0.48348871798949933 0.01822886847457221 -0.40853909218074647 -1.9239589236015575 -3.208369634378952 -4.174158876535576
0.4364409357727274 0.726314602713429 0.5788110012359291 -0.9201815149391278 -1.7483919919125612 -1.573509531692138 -1.2757644428628456 -1.134078848868217 -1.8010962949926888 -2.795291103095095 -3.2874260889991436 -2.927051860795414 -2.8781121507924383 -3.022535630661359 -3.400706117047989 -3.721723235808766 -3.8165225342061384 -3.8623821226005353 -4.041371411632397 -4.008859016875176 -3.906530532323499 -3.490371879431063 -3.1204150506673107 -2.7326619637206577 -2.336010747682555 -1.9417551817844578 -1.5050623848348292 -1.034488250190833 -2.255927585859504 -1.8380577542956353 -0.47390611742947614 -0.26274666937467933 -1.1683024222968712 -1.8692012061157106 -1.4691276327347422 -0.9338709443105896 -0.7326363325501024 0.14622503309773918 0.6161146962731623 0.6551295699818281 -0.8643970902504214 -3.1368423659130644
0.09146731561189235 0.59455384501311 0.6024252669017005 -1.0676851164166277 -1.7422317486954033 -1.4698121042033154 -1.1398968563510883 -0.8558411968932578 -1.0919838535509723 -1.8527738908699567 -2.4670870339143005 -2.4160939095056055 -2.584131655040298 -3.12144175787017 -3.519804152579706 -3.7237766502144853 -3.731648072103076 -3.62829288034854 -3.6963977914715618 -3.5820910562198565 -3.3264409627078093 -2.948612712055466 -2.546143488534492 -2.1614705231964177 -1.828475153735612 -1.4718655186090346 -0.5861594382754622 -0.10566046733715624 -1.3370246393001368 -1.8692012061157106 -0.5755501305125794 -0.10668717454001587 -0.6878034513585654 -1.349687361468739 -1.646747978829458 -1.4934263698690868 -1.4201879227317666 -0.41606827833505045 0.7167320021534058 1.315302301420569 0.6636854633389917 -1.7483919919125612
-0.5255837133067441 0.6842196073961843 0.6082432743845717 -0.9297641154991511 -1.5451039657463548 -1.2689197281771147 -1.0793211313823703 -1.0557068657165987 -0.7432456403129852 -1.0957484466281242 -1.4982176701490983 -1.4318239376975093 -2.0355277729789703 -2.8059004108579777 -3.3165161264134997 -3.548894189994062 -3.6152879224456513 -3.5598457334912315 -3.6183680440542303 -3.4154222536223102 -3.1262330581501816 -2.581393769166006 -1.8948688861872014 -1.4533847889575613 -1.3058811874800615 -0.9270262296248587 0.19105791428927626 0.18044860652639344 -0.8284623381503344 -1.6087598123236517 -1.6368231425351483 -1.4523580817547017 -1.185756444745485 -1.1019086898452821 -1.3223085027258155 -1.2589948918828051 -2.2158860049479783 -1.7891180442926597 -0.6224364261098357 0.8016064642564684 0.9364473435653662 -0.9855485401878575
-0.584106023869743 0.42548939227555804 0.505572554098609 -0.7843139284273704 -1.3558476046858967 -1.2473588769170627 -1.1193627122938956 -0.9876019545935768 -1.1193627122938956 -1.041332964876564 -1.1604310004082807 -1.0355149573936928 -1.381173049023101 -2.1310115428449157 -2.5704422256688364 -2.7288973706435056 -3.0061083154156054 -3.0245890450670787 -3.0636039187757445 -2.437654760765658 -1.9044514867472246 -1.256941477477086 -0.6789053222671153 -0.5724700089040005 -0.6467351632441802 -0.4259931146293602 0.0065928535088297605 -1.0119006917279212 -0.9376355373877415 -1.5303878291720334 -2.241553685019469 -2.0324476513703913 -1.4006804858774338 -1.1604310004082807 -1.262075013491384 -1.3401047609087158 -2.4513441901371196 -2.5139733295115567 -1.3359979320972772 -0.009149990268351204 0.43130739975842924 -0.8770598124190234
0.5565656785073039 0.5418495419329825 0.4501303651441891 -0.8079281940931419 -1.1963657525083677 -1.102593161313855 -1.2757644428628456 -1.326415331537254 -1.1494794569111115 -0.8965672492733564 -0.5423532642867848 -0.6066935823326548 -1.0403062576737043 -1.2959563511857517 -1.4718655186090346 -1.531414536374893 -1.7952782875098174 -2.0529817954275837 -2.399666594259852 -2.116295406270594 -1.8496937692613777 -1.3733016271345104 -1.3401047609087158 -1.371248212728791 -1.3537941902801773 -1.0635782876051891 -0.917101393330549 -1.8828906354871724 -1.8428490545756468 -1.3507140686715986 -1.7795354437326365 -1.5557132735092376 -0.9992379695593192 -0.8448896533960885 -1.073503123899499 -1.8010962949926888 -2.6056925063003504 -2.4934391854543643 -1.6494858647037502 -0.6231208975784088 -0.03550214180841499 -1.0509155654365872
0.9539013660139799 0.8638933678966192 0.5572501499758769 -0.7042307666043194 -1.2121085962855487 -1.08924596767668 -1.1231273053710478 -1.3038277730743422 -1.163168886282573 -1.137843441945369 -0.8411250603189365 -0.7452990547187045 -0.5608339939382581 -0.7795226281473588 -0.8137462015760131 -0.9417423661991801 -1.2405141622313318 -1.422925808606059 -1.7374404484153918 -2.1241668281591846 -2.0197849292017893 -1.9824812341645563 -2.0023309067531754 -1.9581824970302117 -1.8021230021955483 -2.0998680910248404 -2.120402235082033 -2.4065113089455825 -2.277488437119556 -1.995486192067445 -1.919167623321546 -1.784326744012648 -1.6203958272893941 -1.5440772585434952 -1.9718719264016735 -2.869214021700988 -3.4123421320137313 -3.0061083154156054 -2.315476603625362 -1.294245172514319 -0.5012849761723996 -0.7579617768873066
0.7721741911078257 0.6756637140390207 0.4607396729070719 -0.436602422392243 -1.2374340406227529 -1.1494794569111115 -1.1895210378226369 -1.1895210378226369 -1.0841124316623818 -1.166249007891152 -0.9865752473907171 -0.789105228707382 -0.6741140219871037 -0.38697824092069427 -0.40648567777502725 -0.47972412491234734 -0.8127194943731535 -0.7774692137416396 -0.8548144896903982 -1.3965736570659952 -1.6214225344922537 -1.6563305793894811 -2.1115041059905826 -2.0676979320019053 -1.8938421789843418 -2.2805685587281346 -2.799055696172247 -2.815483011418001 -2.741560092812108 -2.795975574563668 -2.715892412740617 -2.645734087211876 -2.482487641957195 -2.286386566211006 -2.613563928188941 -3.507141430411104 -3.934936098269282 -3.3712738438993464 -2.7237638346292075 -1.7531832921925727 -0.44858067309227195 -0.688830158561425
-0.03036860579411685 0.19721815750643404 0.2105653511436092 0.2642963614265964 -0.5225035916981653 -1.0423596720794235 -1.0882192604738203 -1.2374340406227529 -1.021825528022231 -0.9629609817249457 -0.9561162670392148 -0.7600151912930259 -0.6477618704470399 -0.3479633672120284 0.16983929876351062 0.0935207300176116 -0.2689069125918371 -0.20833118762311906 0.09933873750048282 -0.4297577077065121 -1.00608268424505 -1.9239589236015575 -2.368523142439776 -2.2189661265565572 -2.0519550882247244 -2.4954925998600834 -3.096800785001539 -2.991392178841284 -3.12144175787017 -3.2911906820762953 -3.3770918513822177 -3.306933525853476 -3.1231529365416026 -2.9249984463896945 -2.9855741713584125 -3.7521822161602683 -4.078332870935344 -3.381198680193656 -2.46024231922857 -1.855511776744249 -0.5656252942182697 -0.22886533168031162
-0.8869846487133332 -0.47493282463233577 0.2704566046437542 0.36594037450969963 0.2194634802350593 -0.3010770716147721 -1.1973924597112273 -1.6094442837922247 -1.1556397001282692 -0.9639876889278053 -0.8801399340276024 -0.7952654719245398 -0.6272277263898474 0.0065928535088297605 0.5250799909529419 0.7721741911078257 0.4265160994784177 0.2752479049237658 0.7157052949505461 0.23897091708939225 -1.5050623848348292 -2.6046657990974906 -2.814798539949428 -2.6652415240662086 -2.5061019076229663 -2.8507332920495148 -3.108779035701568 -2.907544423941081 -3.1953646764760633 -3.660463039371475 -3.7737430674203205 -3.755262337768847 -3.5714817484569736 -3.212134227456104 -3.283319260187705 -3.7152207568573217 -4.204275621152791 -3.755262337768847 -2.0687246392047647 -1.6847361453352643 -0.9465336664791917 -0.609431468206947
-1.1525595785196903 -1.125180719776767 0.07983130064614989 0.726314602713429 0.5972917308874024 -0.14775546265440098 -1.1309987272596382 -1.8469558833870854 -1.406498493360305 -1.1837030303397658 -0.688830158561425 -0.7658331987758971 -0.6320190266698589 -0.0724636011113616 0.37586521080400936 0.7311059029934406 1.09148013119717 0.691064322081915 0.8943523482481215 0.49393653913286656 -1.8685167346471376 -3.17688394682459 -3.3117248261334877 -3.1262330581501816 -3.004054901009886 -2.9561418982097702 -3.0978274922043987 -2.762778708337873 -3.1936534978046307 -3.826447370500448 -4.2237830580071245 -4.18168806268988 -3.929802562254984 -3.534520289154027 -3.1720926465445785 -3.366482543619335 -4.409274825990431 -4.846994330142919 -2.80966500393513 -1.4749456402176135 -0.676851907861396 -0.10942506041430822
-1.2952718797171787 -1.009162805853629 0.20200945778644563 0.9686175025883013 0.8632088964280461 0.052452441903226475 -1.0687118236194875 -1.7952782875098174 -1.5334679507806124 -1.1203894194967554 -0.8859579415104736 -0.7774692137416396 -0.8048480724845629 -0.4886222540037975 -0.1624715992287223 0.12774430344626586 0.8337766232794034 1.0798441162314276 1.0172149768569902 0.44910365794132945 -1.8342931612184834 -3.1847553687131804 -3.512959437893975 -3.367509250822194 -3.3096714117277686 -3.1731193537474383 -3.0334871741585285 -2.642653965603297 -3.135131187241632 -3.881889559454868 -4.359650644518882 -4.638915003696701 -4.443498399419085 -3.9397273985492935 -3.343894985156423 -3.1594299243759765 -4.202222206747073 -4.844940915737199 -2.8291724407894625 -0.7952654719245398 0.12671759624340626 0.4107732557012367
-1.3048544802772017 -1.0492043867651544 0.24786904618084235 0.8327499160765438 0.8132424792222108 0.0007748460259585348 -1.2442787553084838 -1.9756365194788255 -1.995486192067445 -1.8811794568157396 -1.88015274961288 -1.4961642557433792 -1.0625515804023296 -0.6162761828926779 -0.7668599059787568 -1.0355149573936928 -0.37123539714351333 0.4354142285698678 0.7458220395677619 0.6968823295647864 -0.9944466692793077 -2.6963849758862843 -3.2521758083676295 -3.317542833616359 -3.414395546419451 -3.247384508087618 -2.8360171554751936 -2.2716704296366848 -2.549908081611644 -3.226850364030425 -3.8675156586148334 -4.4630058362734175 -4.936660092525993 -4.722762758596904 -3.660463039371475 -2.8479954061752224 -2.4160939095056055 -2.9445058832440276 -1.6087598123236517 0.47545580948139327 1.1657452855373498 0.5291868197643804
-1.3976003642688548 -1.4054717861574453 -0.4776707105066281 0.45389495822134107 0.4987278394128782 -0.46500798833802603 -1.6019150976379208 -1.8606453127585472 -1.8127323099584312 -1.9492843679387617 -2.117322113473454 -1.9338837598958674 -1.410263086437457 -0.772677913461628 -0.6857500369528461 -0.9708324036135362 -0.47869741770948776 0.9891516466454938 0.05347914910608611 0.16196787687492015 -0.6994394663243079 -1.4612562108461518 -2.16420840907071 -2.669006117143361 -2.8839301582753096 -2.831225855195182 -2.400693301462711 -1.9691340405273812 -1.6614641154037793 -1.8938421789843418 -2.3332728618082625 -3.0488877822014233 -3.9951695875037134 -4.234734601504294 -3.2158988205332557 -1.816496903035583 -0.9845218329849978 -2.30281388145676 -1.470838811406175 0.1883200284149839 0.9823069319597629 0.6794283071161726
-0.7668599059787568 -1.3089613090886403 -0.6436550416356014 0.23315290960652102 -0.05774746453704027 -1.1457148638339594 -2.012940214516058 -2.0488749666161454 -1.899660186467213 -1.8955533576557746 -1.924985630804417 -1.8859707570957513 -1.4944530770719464 -1.1946545738369352 -1.08924596767668 -1.0492043867651544 -0.5823948451983102 -0.7658331987758971 -0.9533783811649225 0.5740197009559175 0.6784015999133131 -0.5560426936582464 -1.4592027964404326 -1.8332664540156238 -1.9903526560531468 -2.0488749666161454 -1.7542099993954323 -1.4766568188890463 -1.1426347422253806 -0.9160746861276894 -1.0355149573936928 -1.816496903035583 -2.902410887926783 -3.650538203077165 -3.154638624095965 -2.0772805325619284 -1.0303814213793947 -2.075569353890496 -0.8253822165417555 -0.04713815677415744 0.15409645498632965 0.09660085162619049
