static/data/ASCData/20210117/ASCU/03.asc
ncols 97
nrows 97
xllcorner 99.0
yllcorner 2.0
cellsize 0.25
NODATA_value -32767
[rows 38 to 56 of 97, columns 0 to 42 of 97]
-1.9622722320302843 -1.2930566746012029 -0.46230632744786027 -0.4037277773280733 -0.7523589059197752 -0.9398102663030934 -1.0225302795025502 -1.9193146286091072 -2.8068684183028494 -2.9250905830900558 -3.197392085768096 -2.6194170579195313 -2.244514337152894 -2.421315052059888 -2.8420155483747216 -3.6709907879486767 -4.573455481309273 -5.257936963921088 -6.060640611320108 -6.37518967438757 -6.4163721702293595 -5.889875262183032 -5.075455904760054 -4.5762956534362935 -4.881969178606818 -5.79508451744374 -5.909401445556294 -5.3616032465573165 -4.843981876407926 -4.461268682291984 -4.242575428511446 -3.706137918020549 -3.229699043712948 -2.4894791831083674 -2.7699461806515897 -3.706137918020549 -4.982795289116027 -5.868573971230382 -6.09294756926496 -5.995316652398649 -5.754257043117828 -5.605858049481034 -5.718044848498323
-2.100020580190753 -1.3392094716652774 -0.4562709616779428 -0.4651464995748802 -0.7999317890473597 -1.213176833528766 -1.487608465302071 -2.3946884383690756 -3.1927768060616883 -3.1984571503157286 -3.2123029894349506 -2.611606584570226 -2.4074692129406654 -2.632907875522876 -3.220113462784256 -4.034532820207233 -4.817710284232992 -5.468819744352321 -6.10288817170953 -6.512938022548039 -6.537434507143586 -6.156496420607032 -5.404560849978494 -4.925991846575628 -5.211074123825258 -5.85188795998414 -5.738636096419218 -5.376159128708294 -4.765877142914877 -4.297248741956581 -4.100921843676325 -3.7423501126400534 -3.234669344935233 -2.520721076505587 -1.498259110778396 -1.9963542975545239 -3.110766835893987 -4.335236044155473 -5.0179424191879 -5.650590760481599 -5.48160051892391 -5.4230219688041235 -5.532368595694392
-2.3790674916704657 -1.447491034007914 -0.613545493211674 -0.6944903988317432 -1.1925855856078713 -1.6175463401132348 -2.871482334192554 -3.87335305199885 -4.344821625084165 -4.195712588415617 -4.017846808960991 -3.5694546344077125 -3.322359659356975 -3.2492252270862103 -3.82649021190302 -4.305059215305886 -5.035338473465897 -5.53840396146431 -6.039339320367458 -6.404656460205402 -6.41921234235638 -6.0645458479947605 -5.633194706203602 -5.1564008103801235 -4.978890052441375 -5.398525484208577 -5.186932660745589 -4.960073912099868 -4.301864021662988 -3.8382059219269777 -3.5588039889313876 -3.8694478153241976 -3.3869735752466794 -2.823554429549092 -1.6818052344870618 -1.4279648506346516 -2.0616782564759837 -2.845920785049374 -4.122223134628975 -4.856762650979516 -5.221014726269828 -5.167406477372325 -5.344917235311074
-2.6953916623173155 -1.5568376608981829 -0.8059671548172771 -1.050221957740995 -1.553997488771163 -2.663439725888341 -3.921280956642312 -4.821615520907644 -5.169181584951713 -5.070485603537769 -4.899720254400693 -4.491445511141571 -4.133228801621177 -4.057964240255148 -4.097726650033428 -4.575585610404539 -5.031433236791244 -5.459234163423628 -5.8458525942142225 -6.094012633812593 -6.1224143550827925 -5.877094487611442 -5.445388324304406 -5.00516164461631 -4.826585822129929 -4.6721514627232175 -4.495350747816224 -4.37535347544963 -3.756195951759276 -3.1927768060616883 -2.270785929327829 -2.599890874546269 -4.5422135879120535 -4.001160797714748 -2.16427947456458 -1.655533642312127 -1.87919719731495 -1.8880727352118873 -3.167215256918509 -4.195712588415617 -4.567775137055234 -5.014037182513247 -5.194743134094893
-2.8469858495970066 -1.6573087498915144 -1.0665529474713598 -1.2863112657995304 -1.9083089616169047 -3.018816263281715 -4.250385901860751 -5.084331442656992 -5.382194494478211 -5.458169098875996 -5.401720677851474 -4.819485391812379 -4.422926358577215 -4.228729589392224 -4.2688470206863816 -4.4807948656652465 -4.889779651956124 -5.179832230428038 -5.5149725414163955 -5.693548363902776 -5.699583729672693 -5.475920174669871 -5.0676454314107495 -4.627063730206776 -4.2589064182418115 -4.015006636833971 -3.7306344026160962 -3.448392297493486 -2.930060884312341 -2.538472152299462 -1.434000216404569 -1.9874787596575865 -3.9329966666662695 -4.935932449020198 -3.01668613418645 -1.9310303386330645 -1.884167498537235 -1.508909756254721 -2.029371298531131 -3.0979860613223966 -4.0167817444133584 -4.464108854419004 -4.874158705257513
-2.688646253515643 -1.6828702990346942 -1.2110467044335012 -1.3399195146970324 -1.9523316295857143 -2.7834369982549347 -3.9759542700874464 -4.957233739972848 -5.269652673945045 -5.477695282249258 -5.418051667581839 -4.721854474946067 -4.213108642693614 -4.049088702358211 -4.131098672525912 -4.311804624107558 -4.565645007959969 -4.837236467606254 -5.092141916006296 -5.2249199629444805 -5.203263650475953 -4.904690555622978 -4.494285683268592 -4.006131098937034 -3.6514646045754144 -3.1270978256243516 -2.71882308236523 -1.7904418183455757 -1.4787329274051335 -1.6583738144391469 -1.759199924948356 -2.0961153435161006 -2.9691132510588654 -4.059739347834536 -3.8460163952762825 -2.6155118212448785 -1.9523316295857143 -1.228797780227376 -1.322523460419035 -1.6438179322881696 -2.724858448135148 -3.84779150285567 -4.36541287300506
-2.248419573827547 -1.6878406002569792 -1.3527002892686222 -1.3750666447689046 -1.6984912457333041 -2.3751622549958133 -3.151594310219899 -4.1495597913515425 -4.904690555622978 -5.295214223088225 -5.097822260260337 -4.363637765425673 -3.8644775141019125 -3.7668465972356007 -3.887908934149827 -4.084235832430083 -4.271687192813401 -4.4534582089426795 -4.650495150254691 -4.753096368343287 -4.647654978127671 -4.3409163884095125 -3.804833899434493 -3.250290291633843 -2.617286928824266 -1.9044037249422523 -1.098859905416212 0.23495592973554352 0.4500989683573066 -1.103830206638497 -1.9729228775066092 -1.9143443273868221 -2.081204439849246 -2.7816618906755473 -3.514071277930823 -3.232539215839968 -2.6495938867691184 -1.7638152046547635 -1.1908104780284838 -1.1652489288853038 -1.5206254662786782 -2.7383492657384925 -4.003290926810013
-1.5167202296040259 -1.8419199381478129 -1.4943538741037434 -1.2266676511321108 -1.3750666447689046 -1.7151772569795465 -2.1280672799450753 -2.7504199972783274 -3.689806928290184 -4.689547517001215 -4.5628048358329485 -3.887908934149827 -3.5264970309865356 -3.447682254461731 -3.5822354089793027 -3.804833899434493 -3.9642385600634893 -4.1055371233827325 -4.281627795257971 -4.336301108703106 -4.089916176684123 -3.5715847635029774 -2.8675770975179016 -2.1994266046364523 -1.5451219508742255 -0.7502287768245102 0.10608311947201216 0.805475505750681 0.5289137448821108 -0.9749573963749656 -2.1937462603824125 -2.1731550124615175 -1.5060695841277008 -1.3605107626179271 -1.9952892330068914 -2.5196560119579545 -3.7288592950367088 -3.362477090651132 -2.259070219303872 -1.1048952711861295 -0.7999317890473597 -1.9143443273868221 -3.59395111900326
-1.2579095445293307 -1.653403513216862 -1.4034683660391043 -1.111640679987802 -1.2043012956318286 -1.3811020105388219 -1.4084386672613893 -1.1361371645833491 -1.3743566017371496 -2.670185134690013 -3.4622381366127084 -3.1437838368705937 -2.949587067685603 -2.8753875708672063 -2.8938486896928364 -3.0276918011786527 -3.2385745816098854 -3.395849113143617 -3.4338364153425087 -3.32732996057926 -3.0138459620594302 -2.558708378704479 -1.917184499513842 -1.383232139634087 -0.9415853738824809 -0.5755581910127817 -0.1974602766032476 -0.2503584824689946 -1.0413464198440576 -1.8458251748224652 -2.207237077985757 -2.115641526889363 -1.6917458369316316 -1.6037005009940124 -2.1809654858108223 -2.877162678446594 -4.139974210422849 -4.084235832430083 -3.3177443796505672 -2.1096061611194457 -1.3342391704429923 -1.8831024339896025 -3.4093399307469614
-1.5373114775249206 -1.652693470185107 -1.383942182665842 -1.1173210242418419 -1.1272616266864117 -1.2756606203232055 -1.2259576081003558 -0.9817028051766381 -0.6976855924746406 -1.6416878031929045 -2.657404360118423 -2.568648981149049 -2.2874719405740715 -2.270785929327829 -2.291377177248724 -2.2395440359306096 -2.372322082868793 -2.6897113180632757 -2.9513621752649906 -3.04224768332963 -2.77278635277861 -2.429125525409193 -2.0109101797055016 -1.5099748208023533 -1.2110467044335012 -1.0275005807248352 -1.3370793425700125 -1.444650861880894 -1.9310303386330645 -1.924994972863147 -2.0265311264041115 -2.036471728848681 -1.8490203684653628 -1.8646413151639727 -2.289247048153459 -3.1175122446956594 -4.237605127289162 -4.32139020503625 -3.9269613008963518 -2.800123009501177 -1.6487882335104547 -1.9640473396096718 -3.3184544226823225
-1.5245307029533306 -1.3509251816892347 -1.152468154313714 -0.9895132785259431 -1.0030040961292879 -1.1194511533371068 -1.0676180120189924 -1.0697481411142573 -0.9856080418512905 -1.4748276907304811 -2.3116134036537415 -2.367351781646508 -2.4280604608615604 -2.4369359987584978 -2.4174098153852355 -2.319423877003046 -2.2395440359306096 -2.4632075909334326 -2.8224893650014593 -3.0071005532577577 -2.701427028087233 -2.3567011361701833 -1.9903189317846066 -1.709141891209629 -1.4631119807065238 -1.6203865122402548 -2.0030997063561964 -2.1319725166197276 -2.2803715102565216 -2.144753291191318 -2.001324598776809 -2.0265311264041115 -2.134102645714993 -2.1838056579378424 -2.652434058896138 -3.764716468140336 -5.043148946815202 -5.072615732633034 -4.553929297936011 -3.31170901388065 -2.143688226643685 -2.103925816865406 -3.3869735752466794
-1.4815730995321537 -1.261104738172228 -1.06087260321732 -0.8166178002936021 -0.8127125636189496 -0.9337749005331761 -1.0686830765666249 -1.0743634208206647 -1.285246201251898 -1.5863044467160152 -2.0755240955952057 -2.2874719405740715 -2.3996587395913607 -2.548057733228154 -2.525691377727872 -2.3655766740671207 -2.3187138339712914 -2.515040732251547 -2.8175190637791743 -2.937871357661646 -2.6652148334677284 -2.3148085972966386 -2.034341599753416 -1.7581348604007236 -1.7709156349723134 -1.945586220784042 -2.3304295439952485 -2.5704240887284366 -2.6975217914125804 -2.576459454498354 -2.499419785552937 -2.457172225163515 -2.5597734432521118 -2.7376392227067377 -3.224728742490663 -4.444582671045742 -5.714139611823671 -5.5902371027824245 -4.775462723843569 -3.5421179776851455 -2.3382400173445537 -2.2959924569551315 -3.349696316079542
-1.434000216404569 -1.5518673596758978 -1.3125828579744652 -0.7005257646016606 -0.6905851621570906 -0.7970916169203397 -0.9327098359855435 -1.0743634208206647 -1.3995631293644517 -1.6878406002569792 -1.8000273992742681 -2.030436363078764 -2.1653445391122124 -2.3087732315267213 -2.088304870166796 -1.9271251019584121 -2.077299203174593 -2.3439203615985935 -2.7901824070566072 -2.948522003137971 -2.7110126090159254 -2.337174952796921 -2.0588380843489635 -1.9885438242052191 -2.002034641808564 -2.1731550124615175 -2.5274664853072593 -2.833140010477784 -3.0255616720833873 -3.0450878554566496 -3.3244897884522397 -3.2843723571580825 -3.2715915825864927 -3.448392297493486 -3.7718168984578857 -4.826585822129929 -5.926087456802536 -5.475920174669871 -4.46907915564129 -3.700457573766509 -2.507230258902242 -2.2100772501127772 -3.2435448828321705
-1.4045334305867367 -1.9622722320302843 -1.721922665781219 -1.0257254731454477 -0.600764718640084 -0.707271173403333 -0.944425546009501 -1.093889604193927 -1.3566055259432748 -1.6995563102809366 -1.647723168962822 -1.6729296965901244 -1.767720441329416 -1.8099680017188382 -1.5891446188430352 -1.2220523714257034 -1.3967229572374318 -1.935645618339472 -2.7003619635396006 -3.183901268164751 -3.1906466769664235 -2.7862771703819544 -2.3311395870270037 -2.2608453268832593 -2.169249775786865 -2.337174952796921 -2.6819008447139705 -2.930060884312341 -3.1934868490934436 -3.57264982805061 -3.8946543429514997 -3.929801473023372 -3.9173757199676595 -3.9376119463726766 -4.240445299416181 -4.845046940955559 -5.875319380032055 -5.426927205478776 -4.210268470566594 -3.7178536280445065 -3.043312747877262 -2.7454496960560424 -3.0071005532577577
-1.4542364428095864 -2.421315052059888 -2.0911450422938156 -1.3019322124981403 -0.8389841557938844 -0.8986277704613039 -1.1556633479566116 -1.2628798457516155 -1.3477299880463374 -1.647723168962822 -1.444650861880894 -1.3899775484357595 -1.5042944765483133 -1.5752987797238127 -1.487608465302071 -1.04809182864573 -0.9192190183821987 -1.4964840031990085 -2.5423773889741144 -3.5598690534790203 -3.687676799194919 -3.213013032466706 -2.7493549327306948 -2.5704240887284366 -2.4230901596392753 -2.4046290408136457 -2.770656223683345 -2.9797638965351902 -3.4963202021369484 -4.015006636833971 -4.377128583029018 -4.394879658822893 -4.372158281806733 -4.3781936475766505 -4.364347808457428 -4.7775928529388345 -5.83910718541255 -6.005967297874974 -4.840076639733274 -3.8761932241258696 -3.061773866702892 -2.309838296074354 -2.350665770400266
-1.501099282905416 -2.549122797775787 -2.14581835573895 -1.4329351518569364 -1.1048952711861295 -1.159568584631264 -1.469857389508196 -1.6409777601611497 -1.5032294120006808 -1.7034615469555892 -1.4670172173811762 -1.1847751122585664 -1.306902513720425 -1.5128149929293733 -1.61541621101797 -1.6292620501371922 -1.4670172173811762 -1.4730525831510937 -2.3116134036537415 -3.119287352275047 -3.4043696295246764 -3.114672072568639 -2.9201202818677707 -2.7699461806515897 -2.7688811161039575 -2.7376392227067377 -2.7784666970326497 -3.058933694575872 -3.84779150285567 -4.312869688655191 -4.6945178182235 -4.910370899877018 -4.937707556599586 -4.985635461243048 -4.925991846575628 -4.8049295096614015 -5.723725192752363 -6.117444053860507 -4.621383385952735 -3.04224768332963 -2.150788656961235 -1.6722196535583693 -2.2874719405740715
-1.8000273992742681 -2.4983547210053048 -2.135167710262625 -1.6573087498915144 -1.4865434007544385 -1.6466581044151896 -1.9981294051339114 -2.2981225860503964 -2.248419573827547 -2.156469001215275 -1.9562368662603669 -1.490448637429091 -0.9788626330496182 -1.0061992897721854 -1.3615758271655596 -1.834109464798508 -2.196586432509432 -1.9640473396096718 -2.0861747410715306 -2.2981225860503964 -2.44936175181421 -2.6847410168409906 -2.7326689214844526 -2.845920785049374 -3.043312747877262 -3.02946690875804 -2.8118387195251344 -2.906629464264426 -3.4405818241441812 -3.8967844720467646 -4.258196375210056 -4.63487420355608 -5.214269317468156 -5.570710919409162 -5.183027424070936 -4.607537546833513 -4.379968755156038 -4.011811443191074 -2.6290026388482235 -1.3654810638402122 -1.1478528746073067 -1.7080768266619966 -2.611606584570226
-2.116351569921118 -2.688646253515643 -2.784502062802567 -2.3410801894715734 -2.0080700075784814 -2.166409603659845 -2.579299626625374 -2.7110126090159254 -2.6368131121975282 -2.544152496553502 -2.429835568440948 -1.9885438242052191 -1.3097426858474452 -0.76016937926908 -0.2425480091196897 -0.7023008721810481 -2.389008094115036 -2.6797707156187056 -2.054932847674311 -1.6906807723839992 -1.6214515767878874 -1.8976583161405798 -2.1653445391122124 -2.5803646911730063 -3.00106518748784 -3.2005872794109935 -3.036212317559712 -2.6868711459362555 -2.4710180642827373 -2.8068684183028494 -3.01668613418645 -3.172185558140794 -3.631938421202152 -4.210268470566594 -4.33133080748082 -3.882938632927542 -2.9268656906694432 -2.4894791831083674 -1.945586220784042 -1.3477299880463374 -1.1389773367103693 -1.4485560985555463 -2.2881819836058264
-2.240609100478242 -2.7933776006995044 -3.213013032466706 -2.797992880405912 -2.4447464721078025 -2.616576885792511 -2.9847341977574753 -3.0177511987340826 -2.9613027777095606 -2.8168090207474195 -2.645688650094466 -2.304867994852069 -1.7102069557572614 -0.7921213156980548 0.15614115321073924 0.26619782313276324 -1.4815730995321537 -2.5881751645223114 -2.0687786867935336 -1.7844064525756584 -1.1947157147031362 -1.2884413948947953 -1.5316311332708805 -1.9338705107600844 -2.3449854261462257 -2.5558682065774594 -2.3968185674643405 -2.0559979122219434 -1.8497304114971178 -1.945586220784042 -2.1546938936358875 -2.2959924569551315 -2.663439725888341 -3.219048398236623 -3.5531236446773478 -3.051833264258322 -1.6917458369316316 -1.4837032286274185 -1.9718578129589768 -1.767010398297661 -1.59695509219234 -1.661213986566167 -2.254099918081587
