static/data/ASCData/20210117/ASCU/06.asc
ncols 97
nrows 97
xllcorner 99.0
yllcorner 2.0
cellsize 0.25
NODATA_value -32767
[rows 57 to 75 of 97, columns 43 to 85 of 97]
-2.434618047295381 -2.948971383591598 -3.2038888130736907 -3.5966198011827353 -3.8425002760007656 -3.996881584845165 -4.126034728585723 -4.1463678765798635 -4.126034728585723 -4.017591272616975 -3.9324932828637205 -3.7724638773542822 -3.5518115676400925 -3.244931648839641 -3.0954453571049423 -2.904163150048955 -2.7049736076619135 -2.4813089797263697 -2.0584548094037842 -1.858135647683735 -1.7655068623770955 -1.930431284996234 -2.120207332941544 -2.028331627190243 -1.7655068623770955 -1.7734141977081501 -2.134515844492976 -2.345754659765434 -1.9812641549815848 -2.206811481805475 -2.6835108403347654 -3.637662636948685 -4.310539219643664 -4.643400383103295 -4.719461418192486 -4.7684115892894905 -4.449105857825953 -3.9882211699587717 -3.392535241685993 -3.1425128293136004 -2.9158358831567024 -3.8104943948988783 -4.052609471940216
-3.002816571798303 -3.2588636206134036 -3.44035579344999 -3.726526024478632 -3.9268451861986815 -4.06126988682661 -4.008554317952912 -4.023239369282013 -3.9257155668656734 -3.7920439457930843 -3.6131875514001828 -3.361282440139444 -3.0849022433302027 -2.812287444297654 -2.6921712552211585 -2.654140737676563 -2.451938877068167 -1.9598013876544367 -1.505694415785302 -1.4032755962592618 -1.533934899110497 -1.7956300445906368 -1.751951430381002 -1.6111255535326965 -1.6013355193132957 -1.6325883208598446 -2.0106342576397873 -2.0644794458464926 -1.8679256819031358 -2.3434954210994183 -2.883830002054815 -3.6444403529467317 -4.357230152074652 -4.5330742282462 -4.588802115341251 -4.271379082766059 -4.015708573728628 -3.7969389629027845 -3.539762294754676 -3.5254537832032438 -4.176491058793405 -5.166037594508235 -6.545679339888426
-3.5830643691866415 -3.7498714906941264 -3.6836004898243355 -3.8534199295531746 -3.9938692666238107 -4.039807119499462 -3.9882211699587717 -3.859444565995883 -3.7577788260251808 -3.5292191809799367 -3.330029638592895 -2.893620036274216 -2.5682896683679703 -2.353285455318819 -2.326174591326632 -2.2888971533373748 -2.0418870591863367 -1.5478668708842598 -1.0350196936987197 -0.9258231581746326 -1.3076344927312682 -1.6826681112898572 -1.399510198482569 -0.9529340221668199 -0.9638536757192284 -1.7606118452673951 -2.136775083158992 -1.9744864389835382 -1.9100981370020937 -2.421815694854626 -3.125945079096153 -3.779241593352329 -4.313551537865018 -4.490148693591903 -4.2966072478699004 -3.987091550625764 -3.8349694804473806 -3.690378205822382 -3.7156063709262233 -3.7088286549281766 -4.8708304088155305 -6.38941533215568 -7.7607732024271465
-4.290959151204861 -4.104571961258575 -3.8191548097852714 -3.921950169088981 -3.9294809646423663 -3.9754188175180167 -3.882790032211377 -3.753636888470819 -3.5145341296508352 -3.2712894332764897 -2.9512306222576137 -2.4120256606352246 -2.100627264502742 -2.005739240530087 -1.9733568196505302 -2.031343945411597 -1.7839573114828895 -1.2488942874148627 -0.7334113317856379 -0.3933959125502907 -0.7665468322205331 -1.273369372963365 -0.7127016440138282 -0.28306975769319587 -1.0497047450278212 -1.8464629145759877 -2.0528067127387453 -1.8660429830147895 -2.1171950147201897 -2.4248280130759796 -3.2204565632911386 -3.783006991129022 -4.256694031436958 -4.301502264979601 -4.109466978368276 -3.91216013486958 -3.725396405145624 -3.8982281630958173 -3.857185327329867 -3.6003851989594278 -5.805402136990649 -7.272401110790108 -7.941135755930724
-4.751843839072043 -4.327106969861111 -3.857185327329867 -3.8240498268949716 -3.851537230664828 -3.9294809646423663 -3.7995747413464693 -3.537126516310991 -3.2871041039385984 -2.8913607976082 -2.4880866957244163 -1.9812641549815848 -1.7304886630538538 -1.6563103268530084 -1.7410317768285932 -1.8261297665818474 -1.7090258957267057 -1.1807405876567256 -0.364025809892088 0.229400879714675 0.2824929883660415 -0.4607965327530893 0.09384655975373929 -0.06241744797900606 -0.9209281410649321 -1.616020570642397 -1.719569009501445 -1.899178483449685 -2.3310696084363327 -2.4285934108526726 -3.1982407164086517 -3.746106092917434 -4.14825057546821 -4.210003099005969 -4.184398394124459 -3.993116187068472 -3.917808231534619 -4.442328141827907 -3.9501906524141757 -3.471608594996539 -6.068226901803796 -7.5487813075993495 -8.016443711464579
-5.051569502096778 -4.452118176047307 -3.9452956353044755 -3.7528838089154806 -3.8240498268949716 -3.8729999979919763 -3.667032739606888 -3.379732889245238 -3.015618924239058 -2.5615119523699232 -2.059584428736792 -1.5889097066502098 -1.3543254251622572 -1.3260849418370624 -1.4755712335717608 -1.597570121536603 -1.5233917853357577 -1.2097341505372592 -0.43443874831624074 0.9143267352950695 1.5167903795658948 0.7637108242273631 0.7686058413370638 0.32428890368732993 -0.7383063488953383 -1.373905493601059 -1.610372473977358 -1.971474120762184 -2.3408596426557335 -2.5095494630515645 -3.1278277779844994 -3.6621377224971874 -4.1316828252507625 -4.228453548111763 -4.297736867202908 -4.436303505385198 -4.585036717564558 -4.130929745695424 -3.1504201646446552 -3.4072202930150945 -6.209052778652102 -7.481380687396551 -7.427535499189846
-5.229296277156672 -4.612147581556745 -4.02512206817036 -3.909147816648226 -3.9422833170831213 -3.883543111766716 -3.646323051835078 -3.2419193306182867 -2.772374227864712 -2.2666813064548883 -1.6950939239529428 -1.2244192018663604 -1.1453458485558146 -1.1110807287879114 -1.172833252325671 -1.264708958076972 -1.3034925551769063 -1.1483581667771687 -0.4822593000802375 1.0167455548211097 2.3869738057595686 2.3007461966733067 1.7950532752634822 0.6748474366974164 -0.37381584411148894 -0.9284589366183176 -1.32721456117007 -1.9616840865427831 -2.206811481805475 -2.5234814348253276 -2.9753291680284466 -3.6316380005059767 -3.9422833170831213 -4.034159022834422 -4.199083445453561 -4.206990780784615 -3.5476696300857307 -2.415037978856579 -2.1864783338113347 -4.803806328390402 -6.932385691554761 -7.072081949070059 -6.886447838679111
-5.230425896489679 -4.591814433562605 -4.151262893689564 -4.118880472810007 -4.031146704613068 -3.943412936416129 -3.6094221536234903 -3.0690875726680935 -2.556616935260223 -2.0701275425115315 -1.4510961480232585 -1.0809575465743702 -1.0293715970336808 -0.9521809426114813 -0.9725140906056216 -1.0018841932638243 -0.9423909083920803 -0.8113550657631758 -0.4559015156433889 0.7091125564653196 2.5635709614864544 3.4394024843451665 2.8019206407510993 1.4738648449115985 0.3928191432231363 -0.3135694796844064 -0.9969891761541239 -1.842697516799295 -2.089707610950333 -2.6198756179086597 -3.200123415296998 -3.677575853381627 -3.6045271365137896 -3.820284429118279 -3.80446975845617 -3.078124527332156 -2.334835006213025 -3.461818560777138 -5.163025276286881 -6.544926260333087 -7.30741931011335 -6.981335862651766 -6.716628398950272
-5.216870464493586 -4.675782803982851 -4.298866486535916 -4.195318047676868 -4.064282205047964 -3.9569683684122228 -3.5604719825264857 -3.008841208241011 -2.4470438599584665 -1.8875057503419377 -1.3008567767332215 -1.0146865457045795 -0.9668659939405826 -0.9344835730610257 -0.85541021975048 -0.6833315413556255 -0.5165244198481407 -0.31808795701643755 -0.03229426576546479 0.5829717309461155 2.2883203840102206 3.6875421978292127 3.5263831729867667 2.3146781684470694 1.1895773127713027 0.3389739550164313 -0.6426652453673447 -1.515484450004703 -1.95302367165639 -2.749028761649218 -3.5175464478721894 -3.7498714906941264 -3.5604719825264857 -3.2517093648376876 -2.9052927693819632 -1.9763691378718844 -1.6299525424161598 -4.409192641393011 -6.532123907892331 -6.951212680438225 -7.0039282493119215 -6.734325768500727 -6.274194160188885
-5.262431777591567 -4.730381071744895 -4.364007868072699 -4.210003099005969 -4.074072239267364 -3.8161424915639173 -3.4569235436674375 -2.9610206564770145 -2.3894332739750688 -1.798642362811991 -1.2654620376323105 -1.0244765799239803 -0.9529340221668199 -0.8572929186388263 -0.572252306943192 -0.38774781588525176 -0.10910838040999501 0.10363659397314018 0.2433328514884378 0.6865201698051637 1.9494345841078815 3.771510568249459 3.99140979840831 3.2500029761775258 2.0371683523048203 0.7569331082293165 -0.3094275421300444 -1.2311969178644073 -1.7606118452673951 -2.5810920208087254 -3.455040844779091 -3.5954901818497276 -2.936545570928512 -2.251996255125787 -1.6250575253064594 -1.1110807287879114 -2.4060010241925167 -4.498056028922957 -6.262521427081137 -6.819423758253982 -6.89736749223152 -6.541913942111733 -6.050529532253341
-5.224401260046972 -4.797781691947693 -4.4430812213832445 -4.18929341123416 -3.987091550625764 -3.7205013880359235 -3.3827452074665922 -2.8875953998315076 -2.361192790649874 -1.8182224312507929 -1.280147088961412 -1.0301246765890193 -0.868212572191235 -0.6023754891567332 -0.345575360786294 -0.08199751641780789 0.19927769750113372 0.4180473083269772 0.5197130482976791 0.7042175393556191 1.747985803054824 3.633697009622508 4.607428874675229 4.024545298843206 2.812463754525839 1.507000345346494 0.1796976290623319 -0.6709057286925397 -1.2959617596235211 -2.125855429606583 -2.959891037144007 -2.5867401174737643 -1.8844934321205835 -1.30160985628856 -0.7480963831147391 -1.7937473457022906 -2.951983701812952 -3.9238328679773273 -5.771513557000414 -6.546808959221433 -6.7109803022852335 -6.423680451923583 -5.974468497164149
-5.248123266040135 -4.816232141053487 -4.476593261595809 -4.10720773970226 -3.868104980882276 -3.5487992494187384 -3.212925767737753 -2.879688064500453 -2.3593100917615275 -1.8844934321205835 -1.3065048733982605 -0.974396789493968 -0.6426652453673447 -0.3252422127921536 -0.06844208442171432 0.18948766328173278 0.3389739550164313 0.5517189293995666 0.6123418336043183 0.8047536599933132 1.7694485703819722 3.438649404789828 4.646589011552833 5.055887749879325 3.8554789386697053 2.2725057133481115 0.9357895026222176 0.13488939551968926 -0.5643449716121374 -1.3953682609282072 -1.7146739923917447 -1.1464754678888225 -1.1231300016733279 -0.5869373582722934 -1.4168310282553553 -2.442148842848766 -2.3630754895382204 -3.1338524144272073 -5.45597322331357 -6.361174848830485 -6.551703976331134 -6.3193789335091965 -5.870166978749762
-5.2880364824730774 -4.803806328390402 -4.446093539604599 -4.021356670393668 -3.667032739606888 -3.348480087698689 -3.138747431536908 -2.8055097282996075 -2.4334884279623727 -1.9677087229854913 -1.288807503847805 -0.8154970033175377 -0.37118006566780404 -0.014596896215009286 0.23655513549039103 0.30470883524852815 0.45419512698322667 0.5938913844985243 0.6661870218110233 1.0118505377114093 2.028507937418427 3.384804216583123 4.476769571823994 5.098813284533621 4.90941377636598 3.325310931711379 2.141846410496876 1.3477240193923945 0.5264907642957257 -0.3485876790076481 -0.24202692192724587 0.25801790281753917 -0.13283038640315875 -1.1679382352159706 -1.9989615245320405 -2.195138748697728 -1.8317778632468864 -2.5332714690447284 -4.8855154601446324 -5.910080195182704 -6.297916166182048 -6.04563451514364 -5.7929763243275625
-5.28690686314007 -4.833929510603943 -4.370032504515407 -3.8767653957686687 -3.4727382143295467 -3.1963580175203057 -3.0137362253507116 -2.8250897967384097 -2.4782966615050155 -1.9665791036524836 -1.2937025209575055 -0.5918323753819938 -0.08086789708480008 0.24634516970979192 0.4180473083269772 0.44930010987352625 0.42896696187938593 0.5558608669539284 0.9229871501814626 1.3721991049408968 2.453244806629359 3.3671068470326673 4.247080307445742 5.048733494103609 5.008820277670667 4.205284392124454 3.12988678710103 2.7763159358695892 2.0119401872009797 1.0848992545792469 1.0909238910219552 1.2539656147527474 0.03247057599364894 -0.9160331239552317 -1.226301900754707 -1.3027394756215678 -1.574977734876447 -2.1932560498093814 -3.7841366104620295 -5.0937419571957365 -5.582114048832774 -5.7782912729984615 -5.579854810166759
-5.41982540465732 -4.835812209492289 -4.225441229890409 -3.7205013880359235 -3.2754313708308516 -3.0291743562351514 -2.8446698651772113 -2.671838107227018 -2.4101429617468786 -1.906332739225401 -1.188271383210111 -0.41297598098909255 0.08518614486734616 0.4718924965336822 0.5780767138364151 0.5185834289646711 0.45720744520458084 0.5859840491674697 1.029547907261865 1.8809043445720748 2.867438562065552 3.527512792319775 3.9963048155180108 4.8457785539398746 5.090905949202567 4.421794764284281 3.5907714749682116 3.345644079705519 3.444297501454867 2.792883686087037 2.413331590196417 2.0439460683028674 0.8156733135457219 0.16237679928954568 -0.12605267040511198 -0.5349748689539346 -1.0945129785704637 -1.519626387559065 -2.579962401475717 -4.0439490570538235 -4.6475423206576565 -5.00487856966579 -5.3388693524584285
-5.449948586870861 -4.815479061498149 -4.200213064786569 -3.6094221536234903 -3.099587294659304 -2.8190651602957013 -2.6364433681261072 -2.5020186674981795 -2.2666813064548883 -1.7500687314926557 -1.0271123583676651 -0.24503924014859998 0.21998738527294331 0.592008685610178 0.6974398233575725 0.6454773340392137 0.5682866796170143 0.7053471586886271 1.3127058200691528 2.271752633792773 3.1163313551049363 3.896521774435655 4.0926989986013425 4.60178077801019 5.06341854543271 4.773482916627375 3.928904195315212 3.5783456623051255 4.144661487919701 4.015884883956812 3.316650516824986 2.841833857184042 1.9279718167807334 1.38085951982729 1.1338494256762515 0.814543694212714 0.28324606792138 -0.659986075140131 -1.7127912935033984 -2.5897524356951185 -3.2596167001687424 -3.9863384710704253 -4.5925675131179435
-5.4891087237484655 -4.8964351136970405 -4.126787808141062 -3.413998009013141 -2.9636564349206993 -2.6307952714610683 -2.434618047295381 -2.300569886445122 -2.0565721105154378 -1.5633050017686998 -0.8896753395183832 -0.15429315373030694 0.30094343747183544 0.6379465384858285 0.8819443144155126 0.9346598832892099 0.9621472870590664 1.1504171758936992 1.6493323813054765 2.4434547724099582 3.3546810343695816 4.1103963681517985 4.340085632530051 4.625126244225685 5.160189268293712 5.027270726776461 4.031323014841252 3.2921754312764837 3.9571446786404074 4.316363626536886 4.020779901066513 3.831003853121203 3.2861507948337754 2.843716556072388 2.4716952557351535 2.084235824513479 1.719745319729629 0.824333728432115 -0.38774781588525176 -1.229314218976061 -1.8826107332322373 -2.8691449507257136 -3.8406175771124196
-5.435640075319429 -4.871960028148538 -4.116244694366323 -3.3552578036967358 -2.820194779628709 -2.479426280838023 -2.302829125111138 -2.163885947151179 -1.8984254038943464 -1.4266210624747564 -0.6980165926847268 -0.1004479655236019 0.34876398923583224 0.7079829371323119 1.0186282537094562 1.28333571741095 1.4640748106921977 1.8146333437022844 2.25292564490931 2.6953598836706973 3.284268095945429 3.789961017355253 4.6631567617702805 4.916191492364027 5.235497223827565 5.154541171628672 4.430831718948344 3.7131469027107227 3.7989979720193157 4.095711316822697 4.241432210780703 4.894728725036879 4.74524243330218 4.486559606043395 3.932669593091905 3.142689139541785 2.6377492976872996 2.12979713761146 1.1142693572374496 0.05092102509944296 -0.892311117962068 -1.9959492063106863 -3.3729551732471914
-5.31251156802158 -4.767658509734152 -4.085744972375112 -3.2645117172784426 -2.742251045651171 -2.471518945506969 -2.2666813064548883 -2.0038565416417407 -1.7030012592839974 -1.273369372963365 -0.5643449716121374 -0.08388021530615422 0.38076987033771986 0.7460134546769077 1.166984926111147 1.519802697787249 2.0409337500815132 2.441572073521612 2.705149917890098 2.9152591138295483 3.0323629846846902 3.43262476834712 4.480534969600686 5.374063862009854 5.798800731220786 5.728764332574303 4.885691770372817 3.5557532756449697 3.410408921464633 4.149556505029402 4.419912065395935 5.081115914983165 5.711820042579186 5.4678222666495016 4.715119251088639 3.8908736777706165 3.3430083012618343 2.925802227604288 2.3007461966733067 1.4083469235971462 0.2734560337019791 -1.2714866740750188 -2.7362264092084625
