static/data/ASCData/20210117/ASCU/12.asc
ncols 97
nrows 97
xllcorner 99.0
yllcorner 2.0
cellsize 0.25
NODATA_value -32767
[rows 38 to 56 of 97, columns 0 to 42 of 97]
-1.610892497550733 -0.2932721049622662 1.2456195603056142 -0.23656439186352202 -2.223187543558088 -2.6079104598750584 -2.0578827066820105 -1.9155574659635939 -2.0052520187080125 -1.1672380362487935 -2.282489727190762 -1.7658194522910928 -1.099040525071219 -1.8773816852500602 -3.162385876840556 -4.086388025567152 -4.7279635247431395 -5.709414663863888 -6.444761740909041 -6.488497101338138 -6.453657068453942 -6.383235725390142 -5.965155330779793 -5.514829373819178 -5.235738472097908 -5.104903029458321 -4.723886499618393 -4.079345891260773 -3.6516288918101143 -3.3373273185569436 -2.9251771423098623 -2.4622494713273038 -1.610892497550733 -0.7873334223519782 -0.8762866978009887 -1.20652573290544 -3.208345069155879 -6.2094061996168675 -7.670463748866863 -8.512184117803125 -8.698615357598344 -8.48179174869138 -8.184910191880308
-1.5441775409639753 -0.07644849605530324 1.3279013400959487 -0.6390779632702942 -2.5745529815816797 -3.2513391522895674 -2.833258757679218 -2.601980241511791 -2.365512784276505 -1.5219392221017225 -1.65462785797983 -1.3147522180350693 -1.2658279165381134 -2.0823448574304884 -3.3528941417605207 -4.175341301016163 -5.024845081554212 -5.932909768429527 -6.515183083972841 -6.611549132375935 -6.512959252086616 -6.411404262615662 -6.054108606228803 -5.688658899592452 -5.435883341858181 -5.204604825690754 -4.758355893854885 -4.286532895327426 -3.52190536511364 -2.952604402239974 -2.5326708143911034 -2.166479830459344 -2.1301572429843314 -1.589395455983889 -0.5464183013442416 -0.22989289620484626 -1.6868734203300961 -4.70238945805155 -6.580415485968782 -7.527767869500743 -7.74051445328296 -7.830579644675082 -7.655638202958696
-1.5356528520667783 -0.019740782956559122 1.149994789197928 -0.8685032861992003 -2.8087966069307404 -3.4837295844001064 -3.4944781051835285 -3.3295439069551556 -2.8451191944057523 -2.0823448574304884 -1.7962118214028382 -1.3225356296368576 -1.383320367860348 -2.4585430848502616 -3.7231621508170267 -4.410696842308337 -5.2835508576517505 -5.998512809073172 -6.416222565035817 -6.497392428883039 -6.314667575564863 -6.190874267231657 -6.055220522171916 -5.695701033898833 -5.499262550615601 -5.226101867257598 -4.570812738116555 -4.1049199579523625 -3.3247256045350007 -2.5971619390916363 -2.145724066187908 -2.324742533029042 -2.3032454914621976 -2.1264508565072893 -0.9711701916132665 -0.16836688068594735 -0.765836380785134 -2.897008605084342 -5.331363243205594 -6.398802548593719 -6.712362844551481 -6.801316120000491 -7.092267458448296
-1.8380939885934138 -0.14019834346042737 1.0132291281950745 -0.7776968175116687 -2.7220671633679547 -3.4425886945049395 -3.457414240413108 -3.3910699224740544 -2.922212033128228 -2.37033108669666 -2.282489727190762 -1.840317820479639 -1.9426140872460012 -3.0141304177588726 -3.8224933084017545 -4.51225183177929 -5.292446185196652 -5.916231029282837 -6.195692569651812 -6.187909158050023 -6.0100026071520025 -5.840250106503475 -5.705337638739142 -5.5737609188041475 -5.376210519577803 -5.017802947247832 -4.386234691559858 -3.9777909017898185 -3.343257536920211 -2.59308491396689 -1.6157107999708877 -1.8002888465275844 -2.988556351067282 -2.8225102368957957 -1.6957687478749972 -1.0452979211541085 -0.9426310157400423 -1.529722633703511 -3.942580230257919 -5.237591665336429 -5.563012398020725 -6.070787345375493 -6.362850599766411
-1.8918365925105243 -0.36369344802606607 0.7467399404957473 -0.882216916164256 -2.3032454914621976 -3.0256202158377032 -3.206491875917358 -3.123468818831615 -2.829552371202176 -2.468179689690571 -2.7239203566064756 -2.492641840439049 -2.503390361222471 -2.9125754282879193 -3.7231621508170267 -4.4455368751925315 -5.206458018929275 -5.664567387491679 -5.869530559672107 -5.809857737391729 -5.6616022783100455 -5.485548920650546 -5.241668690461175 -5.108609415935364 -4.969249284398581 -4.601946384523709 -4.1771944942546835 -3.653852723696339 -3.149784162818613 -2.931848637968538 -1.7435811334288402 -1.1779865570322157 -2.36773661616273 -3.437029114789376 -2.3618063977994628 -1.6360959255946195 -1.2817653783893945 -0.9448548476262675 -1.9418728099505926 -3.2405906315061452 -4.729816717981661 -5.238703581279541 -5.688658899592452
-1.3684948219521798 -0.8344045306104129 0.24489521150424687 -0.8948186301861991 -2.2250407367966094 -2.7847050948299668 -2.9748427211022266 -2.9985635945552955 -2.7602429440814884 -2.6516458203041546 -2.94259715875196 -2.6820381894159 -2.527852511970949 -2.8617979335524426 -3.4240567621197293 -4.13901871354115 -4.931073503685047 -5.389182872247451 -5.509269794103615 -5.419204602711492 -5.263907009323428 -4.926996478560301 -4.650870686020664 -4.37140914565169 -4.233902207353428 -3.971119406131143 -3.6293905729478615 -2.402576649046926 -2.194648367684864 -2.727997381731222 -2.503390361222471 -1.5608562801106647 -1.7658194522910928 -2.9896682670103942 -2.7835931788868535 -1.91259235678196 -1.2250576652906504 -0.16540177150431368 -0.32662958325564506 -0.7728785150915141 -2.688709685074576 -4.5930510569788074 -5.23685038804102
-1.4796864162634427 -1.217274253688862 -0.32662958325564506 -1.0734664583796285 -2.216145409251708 -2.7884114813070084 -2.870322622449639 -2.880329865937653 -2.756165918956742 -2.903680100743018 -2.6831501053590125 -2.329560835449197 -2.3265957262675627 -2.627183669555677 -3.128287121251769 -3.769862620427757 -4.520035243381078 -5.021879972372578 -5.164575851738699 -5.017802947247832 -4.757243977911773 -4.416256422023899 -3.9837211201530858 -3.6234603545845943 -3.2561574547097214 -2.901826907504497 -2.3050986847007184 -0.6802188531654615 -0.8236560098269908 -2.919246923946595 -3.275801303038045 -2.4085068674101935 -2.159437696152964 -2.6127287622952133 -2.6205121738970014 -2.062701009102165 -1.886277012794961 -0.6272175265437595 0.2878892946379352 -0.10572894922393583 -1.6216410183341552 -3.60196331301775 -4.659395374917861
-1.6253474048111973 -1.6253474048111973 -0.6779950212792363 -0.8488594378708771 -2.1164436130192756 -3.0726913240961373 -3.1927782459523018 -3.1056781637418123 -3.0923351724244608 -3.1760995068056124 -2.5678814859230035 -2.1809347377198085 -1.848842509376836 -2.0882750757937556 -2.7287386590266305 -3.465197652014896 -4.149767234324572 -4.618625123670398 -4.879184093006457 -4.790230817557447 -4.343981885721578 -3.77282772960939 -3.17239312032857 -2.66350625703069 -2.217257325194821 -1.6498095555596752 -0.8988956553109455 -0.26992187015690094 -1.1212788439334715 -3.1067900796849255 -3.6479225053330717 -2.9955984853736624 -2.1957602836279766 -1.982643061198056 -2.1742632420611328 -2.054917597500377 -2.7980480861473183 -2.348092767834407 -0.8966718234247202 -0.31884617165385665 -1.16427292706716 -2.727997381731222 -3.9292372389405674
-1.6468444463780414 -1.5219392221017225 -0.8488594378708771 -0.9341063268428454 -2.036385665115166 -2.8625392108478502 -2.8888545548348494 -2.4748511853492468 -1.9077740543618054 -2.485599706132669 -2.640156022225325 -1.8888714833288907 -1.7191189826803623 -2.062701009102165 -2.3618063977994628 -2.6927867101993224 -3.2639408663115104 -3.694622974943802 -3.9496223645642985 -3.7661562339507144 -3.231695303961244 -2.8276991779636544 -2.311770180359394 -1.7884284098010497 -1.3128990247965482 -0.7561997759448246 -0.03271313562620648 -0.42892585002200706 -2.671289668632478 -3.6293905729478615 -3.358824360123788 -2.723179079311068 -2.117555528962388 -1.965223044755958 -2.341050633528027 -2.3792264142415607 -2.768767632978685 -2.89589668914123 -1.9329774824056916 -1.210232119382482 -1.6145988840277752 -2.660541147849056 -3.6623774125935356
-2.118667444905501 -1.8803467944316938 -1.044186005210996 -0.9730233848517875 -1.639061034776253 -2.3158472054841406 -2.371443002639772 -2.1390525705292323 -1.8607029461033706 -1.9396489780643675 -2.194648367684864 -1.4318740307095996 -1.361823326293504 -1.8236390813329497 -2.097170403338657 -2.134975545404486 -2.511173772824259 -2.73392760009449 -2.9955984853736624 -2.9233239490713414 -2.539342310049779 -2.2024317792866523 -1.8373527112980055 -1.2776883532646481 -0.7435980619228815 -0.3403432132207008 -0.28067039094032303 -0.8559015721772572 -2.818803850418754 -2.960387813841762 -2.6957518193809564 -2.3929400442066164 -2.133122352165965 -2.3618063977994628 -2.6079104598750584 -2.8840362524146945 -3.0093121153387177 -2.805090220453698 -2.3977583466267713 -1.7717496706543603 -1.5842065149160298 -2.428150715738516 -3.6516288918101143
-2.1616615280391893 -1.4711617273662458 -0.8325513373718918 -0.6361128540886605 -1.448552769856289 -1.9789366747210138 -1.8881302060334821 -2.4711447988722046 -2.5619512675597362 -2.485599706132669 -2.0541763202049683 -1.4789451389680344 -1.6965100251704055 -2.035644387819758 -2.1605496120960765 -2.2532092740221294 -2.2328241483983975 -2.2680348199302975 -2.216145409251708 -2.196501560923385 -1.8810880717271024 -1.5601150028152562 -1.2239457493475379 -0.7309963479009383 -0.22581587108009993 -0.3518330112995314 -0.435967984328387 -1.0590115511191642 -2.1701862169363864 -2.4544660597255152 -2.511173772824259 -2.3391974402895057 -2.880329865937653 -3.260234479834468 -3.60196331301775 -3.9162648862709197 -3.88105421473902 -3.358824360123788 -2.9896682670103942 -2.286566752315508 -1.8451361228997938 -2.0004337162878576 -3.201673573497203
-1.9641111288128452 -1.4263144509940364 -0.4485696983503302 -0.0949804284405138 0.062170358186071306 -0.4885986723023849 -1.9985805230493368 -2.6342258038620567 -3.0111653085772385 -2.89589668914123 -2.4288919930339246 -1.9485443056092684 -2.054917597500377 -2.19168325850323 -2.3139940122456197 -2.283601643133874 -2.2747063155889733 -1.930012373224058 -1.676124899546674 -1.5334290201805532 -1.398887191063925 -1.044186005210996 -0.7309963479009383 -0.25250185371480305 -0.28067039094032303 -0.4163241360000639 -0.5278863689590312 -0.9418897384446339 -1.6535159420367171 -2.4340809341017837 -2.6672126435077317 -3.054159391710927 -3.5852845738710606 -3.886243155806879 -4.186831099094993 -4.500391395052755 -4.546350587368077 -3.940727037019398 -3.239478715563032 -2.5434193351745256 -1.6683414879448857 -1.8147437537880486 -2.753200809775109
-1.8810880717271024 -1.4526297949810354 -0.5119489071077501 0.6726122109549053 0.8531132323868558 0.3709123517236783 -1.1409226922617948 -2.927030335548383 -3.327690713716634 -2.831405564440697 -2.4477945640668395 -2.1019887057588114 -1.9856081703796895 -2.124227024621064 -2.2065088044113987 -2.1761164352996536 -2.0404626902399126 -1.7065172686584194 -1.3666416287136585 -1.1887350778156378 -1.1546363222268505 -0.8247679257701035 -0.5089837979261165 -0.5441944694580164 -0.5823702501715501 -0.61758092170345 -0.7632419102512046 -1.0434447279155874 -1.7406160242472066 -2.940002688218031 -3.68387445416038 -4.060813958875562 -3.984833036096199 -4.279490761021046 -4.356954238391226 -4.554133998969865 -4.777629103535504 -4.072674395602097 -3.010053392634126 -2.5734410656385664 -1.711335571078574 -1.5942137584040437 -2.517103991187527
-2.2609926856239175 -1.665376378763252 -0.9885902080553644 0.44800519044615394 1.8308579850305617 1.3471745497765677 -0.06384678203336014 -2.289531861497142 -3.100118584026249 -2.676107971052633 -2.143870872949387 -1.7776798890176275 -1.6079273883690994 -1.9270472640424243 -2.009329043832759 -1.901843835998538 -1.7054053527153066 -1.573457994132608 -1.3588582171118702 -1.2873249581049575 -1.3147522180350693 -0.9719114689086749 -0.5441944694580164 -0.5794051409899164 -0.797340665839992 -0.7688014899667677 -1.1212788439334715 -1.4963651554101323 -2.4837465128941476 -4.149767234324572 -4.788377624318926 -4.54931569654971 -4.472964135122644 -4.410696842308337 -4.466292639463967 -4.30098780258789 -4.589344670501766 -4.044135219728872 -2.7142837517661667 -2.5356359235727375 -2.134975545404486 -2.0178537327299555 -2.107918924122079
-2.9407439655134393 -2.3177003987226614 -1.4478114925608807 0.2582382028215985 1.6462799384738653 2.096235256786777 1.0043338006501734 -0.23767630780663462 -1.4114889050858679 -2.540454225992892 -1.9181519364975232 -1.2710168576059724 -1.3773901494970806 -1.7150419575556162 -1.903697029237059 -1.7758266957791067 -1.7406160242472066 -1.601997170005832 -1.66166999228621 -1.3236475455799703 -1.2639747232995924 -0.8696152021423129 -0.4604301350768649 -0.6205460308850836 -0.8158725982252024 -0.9085322601512549 -1.3529279987486027 -1.977824758777901 -3.518940255932007 -5.035593602337634 -5.196821414088966 -4.937744999343723 -4.697571155631395 -4.564882519753287 -4.198691535821528 -3.8491792910364575 -4.090094412044195 -4.325449953336368 -3.2202055058824133 -2.4807814037125144 -1.9222289616222696 -1.5571498936336226 -1.4796864162634427
-3.167204179260711 -2.6801849961773794 -1.349962889566969 0.06513546736770504 0.784915721209281 1.4205610020220012 2.2585749844812204 2.1451595582837317 0.9517031126761755 -1.4689378954800207 -1.1587133473515967 -1.1720563386689484 -1.229875967710805 -1.6935449159887719 -1.9718945404146337 -1.9251940708039033 -1.7806449981992614 -1.840317820479639 -1.8039952330046265 -0.5356697805608196 -0.17022007392446842 -0.09201531925888007 -0.5686566202064942 -0.838110917087455 -0.8840701094027771 -0.9211339741731981 -1.3733131243723344 -2.376261305059927 -4.2553992489202725 -5.791325805006519 -5.713121050340931 -5.385105847122705 -5.169394154158854 -4.830259791509501 -4.096024630407462 -3.3577124441806756 -3.5052266259669507 -4.103066764713842 -2.7424522889916867 -1.3558931079302365 -0.8540483789387361 -0.8773986137441012 -1.3166054112735903
-3.4114550480977854 -2.813985547998599 -1.573457994132608 -0.3040206257456883 0.05030992145953661 0.5180558948622498 1.7760034651703387 2.988733120458514 3.13624730224479 2.536924608907082 1.5358296214580107 -0.1372332342787937 -1.4203842326307692 -1.9789366747210138 -1.8714514668867928 -1.6868734203300961 -1.833275686173259 -1.7580360406893045 -0.5482714945827627 0.3727655449621994 1.1714918307647721 0.7712020912442252 -0.13797451157420215 -0.8403347489736803 -1.0219476863487431 -0.9066790669127338 -1.1587133473515967 -2.404800480933151 -4.3654789272884225 -5.627503522721257 -5.404749695451027 -5.220171648894331 -5.472205929333193 -5.422169711893125 -4.5363433438800635 -3.314718361046987 -2.131269158927444 -2.1742632420611328 -1.5237924153402438 0.4350328377765067 0.35423361257698893 -1.0960754158895853 -1.864779971228117
-3.4885478868202613 -3.063795996551237 -2.38886301908187 -1.529722633703511 -0.9348476041382539 -0.11462427676883691 1.1655616124015047 2.416467048403214 3.0191254895702597 3.0602663794654266 2.5065322397953373 0.0669886606062261 -2.56491637674137 -2.891078386721075 -1.8918365925105243 -1.4211255099261775 -1.6157107999708877 -1.386285477041982 -1.2973322015929714 0.9995154982300187 1.8315992623259703 1.390168632910256 0.3190229410450889 -0.6049792076815068 -0.956344645705098 -0.9856250988737306 -1.0679068786640653 -1.7884284098010497 -3.766897511246123 -4.864729185745993 -4.62233151014744 -4.242426896250625 -4.374374254833324 -4.5834144521384985 -4.228713266285569 -3.1605326836020353 -1.882199987670215 -1.8392059045365265 -0.9663518891931118 0.28677737869482267 -0.10869405840556956 -1.4437344674361343 -2.0393507742968
-3.4066367456776314 -3.0296972409624496 -2.66350625703069 -1.6605580763430972 -1.1546363222268505 -0.5052774114490743 0.4635720136497308 1.5084023615278992 2.081780349526312 1.8794116478798133 1.7293029955596084 0.44096305613977416 -2.273965038293565 -3.60196331301775 -2.9800316621700853 -2.282489727190762 -2.273965038293565 -1.9203757683837486 -1.1379575830801612 0.2359998839593459 1.3041804666428793 0.9361362894725986 0.023994577472537637 -0.7591648851264583 -0.9848838215783222 -1.0226889636441516 -0.8607198745974118 -1.2580445049363251 -3.2698710846747776 -4.686081357552564 -4.499279479109642 -3.9915045317548747 -3.940727037019398 -4.073786311545209 -3.9055163654874976 -3.0178368042359143 -1.3851735610988691 -1.3099339156149146 -1.1564895154653714 -0.4048343379212334 -0.6420430724519278 -1.6498095555596752 -2.1779696285381744
