static/data/ASCData/20210117/ASCU/15.asc
ncols 97
nrows 97
xllcorner 99.0
yllcorner 2.0
cellsize 0.25
NODATA_value -32767
[rows 57 to 75 of 97, columns 0 to 42 of 97]
-2.6735263212264897 -1.92426609343572 -1.7104017223841126 -1.319051971232975 -0.9321117947426952 -0.7935776574807433 -0.23025449455614805 0.4230974843609624 0.8225314557236727 0.9243191374784756 0.29521981919608364 -1.6743901959871064 -3.098315346889133 -3.070020576148628 -2.393150865706942 -1.5376933815005118 -1.1889695187376672 -0.7965173739213152 -0.5855927193102796 0.02182619022289456 0.8890425401916127 1.0073661269246326 0.2974246065265126 -0.763445563964881 -2.469216028606741 -3.8207506621596834 -4.134197927635665 -3.6722949819108015 -3.4224190844621876 -3.402943463043399 -3.426461194567974 -3.6568614705977986 -3.8394913544683296 -4.171311847697885 -4.062174874841653 -3.1177909683079217 -1.1022478837407954 -1.413490361886348 -1.5806867344438762 -1.2631973588621084 -0.94313573139484 -1.1158440722784406 -1.6890887781899662
-2.9498596666402506 -1.8676765519547105 -1.4303937314196367 -1.3308108369952625 -1.7691960511955511 -1.62845712660317 -1.031694689167069 -0.4466911174932561 -0.08253374341740877 0.144926816171844 0.12361387197769746 -0.2280497072257191 -1.3366902698764065 -1.4858808792354317 -0.8259145383270344 -0.23980857298800679 0.10083106956326504 0.35180936067709323 0.03836209520111167 -0.35519244328045485 -0.06305812199861976 0.45947647531304003 0.38818835162917076 -0.6781937871882951 -2.0220116650847366 -3.266246648556804 -3.808991796397396 -3.5591158989487823 -3.3099749306103114 -3.350028567113104 -3.3842027707347526 -3.314017040716098 -3.4701894766214814 -2.9428778400938924 -2.6511109833671287 -2.320025419247716 -0.28978375247772953 -0.2475253286445081 -1.9889398551283024 -1.8834775278227847 -1.9918795715688744 -2.170467345333619 -2.489794043690744
-2.8014039863913682 -1.9029531492415737 -1.67034808588132 -2.357139339309936 -2.7837656877479366 -2.45672223373431 -1.862899512738781 -1.512338327200579 -1.1941140225086682 -0.901979701226833 -0.43309492895561086 -0.2927234689183015 -0.09429260917969645 -0.24458561220393615 0.12251147831248299 0.7093523727616537 1.2329893637385279 1.3197109987353997 0.9331382868001914 -0.7564637374185227 -0.7535240209779508 0.4660908373043269 0.4006821465016015 -0.4011255126643912 -1.7320821311333305 -2.810958064823227 -3.445936815986763 -3.4635751146301947 -2.9722750044996116 -2.968232894393825 -2.9410405173185348 -2.8668126771940936 -2.4809748943690284 -1.9525608641762249 -1.300311278924329 -1.1801503694159514 -0.4996060134235507 -0.9350515111832671 -3.228030334829369 -4.059970087511224 -4.138240037741451 -3.421316690796973 -3.71639072851938
-2.604075520317978 -2.175244384549548 -2.906866313696886 -3.625626983416722 -3.4613703272997656 -3.134326873286139 -2.810958064823227 -2.490896437355959 -2.1723046681089766 -1.8871521733734995 -1.373804189938627 -1.039778909378642 -0.7458072653214495 -0.6579832366593632 -0.29051868158787253 0.7905620394324531 1.4847025839624992 2.158632577963613 2.225143662431553 0.03468744965039672 -1.0798325458814344 0.24267238782086054 0.29521981919608364 -0.507322769080052 -1.1742709365348076 -2.2123583046117687 -3.0200453966589054 -3.0972129532239183 -2.386169039160584 -2.112775410187395 -2.0690471281338874 -1.8210085534606313 -1.4340683769703515 -0.8317939712081783 -0.07481698776090745 -1.4057736062298467 -2.4927337601313164 -3.9137191945927707 -5.971153238438047 -6.760467102731608 -5.651091610970779 -4.9330658703610855 -4.5112165611390145
-2.8337408672376596 -3.355173070884105 -4.3962001554016386 -4.485861506839082 -4.207690838649963 -3.858966975887119 -3.5962298190110027 -3.307402678724811 -2.946919950199679 -2.5798228596832593 -2.1656903061176895 -1.9136096213386469 -1.7515577525521195 -1.589505883765592 -0.9302744719673378 0.18020341345870705 1.4409743019089916 2.6966006865882752 3.34113351618367 1.3498430922512619 -0.5190816348423397 -0.2379712502126493 -0.15896637087227883 -0.29860290179944526 -0.883239008918187 -1.7126065097145415 -2.5621845610398277 -2.675363644001847 -1.836442064773634 -1.4215745820979209 -1.396954456908131 -1.0993081673002236 -0.8520045217371103 -0.2545071551908664 -1.1547953151160186 -3.401841069378184 -5.876714847784674 -7.600123611069964 -8.633433939930997 -7.5571302581266 -6.414682956409337 -5.743692678848793 -5.303470141873149
-3.137266589726711 -4.876476328880075 -5.473238766316177 -5.174490083043056 -4.799308772315063 -4.528854859782447 -4.268322490236759 -3.9420139653332753 -3.6021092518921467 -3.1383689833919255 -2.749591484126288 -2.4126264871257312 -2.238815752576916 -1.8386468521040629 -1.1294402608160858 -0.21445351868807394 0.9408550424566928 2.004297464833587 2.7153413788969214 0.517903339569407 -1.0610918535727885 -1.1011454900755808 -0.4011255126643912 -0.21041140858228752 -0.626381284923215 -1.5476149244874422 -2.485751933584958 -2.8285963634666587 -1.8922966771445004 -1.358003214070553 -1.528874232178796 -1.9165493377792189 -1.8570200798576373 -2.485017004474815 -4.228268853733967 -7.505317755861521 -9.464271298947638 -9.611992050086377 -8.662831104336716 -7.642014570348115 -6.9460367030427115 -6.399984374206477 -5.8803894933353895
-3.1655613604672155 -5.65880836662728 -6.052362905108847 -5.684163420927213 -5.335439558164369 -5.098057455588185 -4.85516338468593 -4.598305660690958 -4.2506841915933276 -3.7748175927757472 -3.4135999351404718 -3.022985113099477 -2.535727113074681 -1.9419043920791517 -1.2731189018490388 -0.6039659470638541 -0.006468580517610234 0.5337043154374812 0.2121728297499268 -1.4564837148297125 -2.7536335942320744 -2.164587912452475 -0.7924752638155288 -0.20673676303157262 -0.8237097509966055 -1.9371273528632222 -2.9028242035911 -2.648171266926557 -2.3012847269390697 -1.9547656515066538 -1.8404841748794203 -3.249710743578587 -5.06976268484768 -6.398881980541262 -7.994780543216747 -10.221248282394908 -10.417474354803085 -9.397025285369555 -8.558103706141342 -7.9029144044488735 -7.286676345593984 -6.702775167585385 -6.1449639729868615
-2.929281651556247 -5.600014037815841 -6.147168760317291 -5.962334089116331 -5.679386381711284 -5.504473253497254 -5.342421384710727 -5.143255595861978 -4.805188205196208 -4.465283491755079 -3.9096770844869844 -3.5502967496270665 -3.0589966394964834 -2.3843317163852262 -1.65307725179296 -1.1118019621726543 -1.018098500629424 -1.1930116288434536 -2.198027186963981 -3.424256407237545 -3.6958127134353767 -2.4155662035663035 -1.1665541808783062 -1.017363571519281 -1.650137535352388 -2.1304137088308264 -2.620611425296195 -2.6636047782395593 -2.648171266926557 -2.1061610481961077 -2.916420392128745 -5.066822968407109 -7.139323059010316 -8.272951211405864 -9.21549779516424 -10.23888658103834 -10.25836220245713 -9.379386986726123 -8.474321787585042 -7.942968040951666 -7.485842134442732 -6.9467716321528545 -6.276883748257527
-2.9851362639271137 -6.205595624573657 -7.055173675898944 -6.615686068033442 -6.205595624573657 -5.982177175090191 -5.720174947324219 -5.55518336209712 -5.208664286664703 -4.89227730474815 -4.390320722520494 -3.966266625967994 -3.4154372579158294 -2.7837656877479366 -2.1675276288930467 -1.8989110391357873 -1.9253684871009347 -2.5258055700877504 -3.3669319366463926 -3.929152705905773 -3.440057383105619 -2.4791375715936708 -1.8735559848358543 -1.6019996786380228 -1.6391135987002434 -2.27188756253335 -2.5963587646614767 -2.6764660376670615 -2.5221309245370356 -3.601006858226932 -5.234019340964636 -7.045619597467086 -8.294631620155082 -8.642988018362857 -9.624485844958809 -10.368601568978576 -10.234844470932554 -9.153028820802085 -8.408913096782316 -8.050267691032541 -7.598286288294608 -6.920681648742779 -6.073675849302992
-3.0729602925892 -6.342292439060252 -7.349145319956136 -6.807135101225688 -6.555421881001717 -6.495525158525064 -6.183180286714297 -5.939183822146827 -5.487937348519036 -4.97605922330445 -4.639094226303893 -4.348062298687273 -3.9861097119418543 -3.3415768823464598 -2.813897781263799 -2.566961600255757 -2.705495737517709 -3.18136233633529 -3.603211645557361 -3.600271929116789 -3.1236704011890657 -2.7797235776421503 -2.279971782744923 -2.096239505209178 -2.1362931417119704 -2.2582913739957053 -2.501552909453032 -3.034743978861765 -3.7134510120788082 -5.562900117753621 -7.406837255102362 -8.737058944461157 -8.789606375836382 -9.257388754442388 -9.906698623253712 -10.407920276371225 -10.001504478462158 -8.975175976147483 -8.351221161636092 -7.99551547232689 -7.499438322980376 -6.732907261101246 -5.936979034816398
-2.6823454705482055 -4.477042357517366 -4.9282888311451565 -4.632479864312607 -6.442977727149842 -6.503609378736638 -6.539620905133644 -6.149006083092649 -5.633453312327347 -5.1351713756504065 -4.915795036272726 -4.755580490261556 -4.439193508345003 -3.9850073182766397 -3.456593288083836 -3.0659784660428415 -3.128447440404995 -3.1490254554889985 -3.1990006349787214 -3.0046118853459025 -2.681243076882991 -2.6128946696396937 -3.1413086998324973 -2.9421429109837494 -2.1792864946553347 -2.2847488219608527 -3.699854823541163 -5.375493194667161 -6.371689603465972 -7.610045154056895 -8.988037235574986 -8.916749111891116 -8.990976952015558 -9.602070507099446 -10.13526157650818 -10.32009624770914 -9.747586470907757 -8.807244674479813 -8.285812470833367 -7.920552703092305 -7.439909065058796 -6.683299546166596 -6.088374431505853
-1.909934975787932 -2.096239505209178 -2.40490973146923 -2.6742612503366328 -4.512318954804229 -6.79758102279383 -6.84718873772848 -6.221396600441732 -5.774192236919728 -5.368878832675874 -5.322945763291937 -5.214543719545848 -4.9242467210393706 -4.4711629246362214 -3.966266625967994 -3.576754197592214 -3.236849484151085 -3.1130139290919923 -2.8951074479345986 -2.8208796078101575 -2.7837656877479366 -3.4830507360489835 -4.007422656136001 -3.301523245843667 -2.521028530871821 -3.539640277529993 -5.626471485780989 -7.75151900775942 -8.204602804162567 -8.840316484436247 -9.06520479214 -9.008247786103919 -9.301484501050968 -9.893102434716068 -10.046335154180879 -10.127544820851679 -9.398862608144913 -8.583458760441275 -8.103182586962836 -7.833463603540363 -7.355024752837281 -6.8295504390850486 -6.23793250541995
-1.3679247570574833 -1.2720165081838242 -1.5406330979410838 -1.9224287706603627 -3.9750857752897097 -6.2621851660546675 -6.998584134417936 -6.361768060479042 -6.101970620043497 -5.826739668294952 -5.7955051811138745 -5.674241877940283 -5.351240534032442 -4.9518065626697325 -4.446910264001504 -4.109945267000947 -3.7241074841758817 -3.5444173167459225 -3.3970640301622548 -3.5131828295648457 -4.0375547496518625 -4.739044585283338 -5.17044797293727 -4.46344616897972 -4.39913987184221 -5.531665630572544 -7.246622709091191 -8.480936149576328 -8.479098826800971 -8.802467635263882 -9.127673766502152 -9.406946828356485 -9.699816078748464 -9.824754027472771 -9.940872826875362 -9.707532834404965 -8.998693707672059 -8.293529226489868 -7.940028324511093 -7.701911292824768 -7.366783618599568 -6.840574375737194 -6.283865574803885
-1.5435728143816558 -1.4605258249354989 -1.8412191039895631 -1.6850466680841796 -3.5796939140327857 -6.187222396820083 -7.114702933820526 -6.865929430037127 -6.594373123839295 -6.5737951087552915 -6.322816817641463 -6.07771795940878 -5.753614221835724 -5.380637698438161 -5.140315879421406 -4.823928897504853 -4.65085309206618 -4.509379238363657 -4.625498037766247 -4.783875261002061 -5.37071615545123 -5.6459471071997775 -6.133572571779647 -6.588493690958151 -6.921416577852922 -7.420433443640006 -8.184024789078563 -8.227018142021928 -8.420671962544604 -8.948718528182336 -9.248569605120673 -9.49660817979393 -9.623750915848666 -9.729213243154183 -9.571938413583585 -9.125468979171723 -8.629391829825211 -8.046593045481826 -7.7037486156001265 -7.528835487386097 -7.2095087890289715 -6.739889087647606 -6.184282680379512
-2.4460657616372368 -2.2575564448855623 -1.9577053679472258 -1.6189030481713114 -2.463336595725597 -5.257537072489212 -7.721386914243558 -7.840445430086721 -7.244785386315833 -7.2142858282449005 -6.892019413447203 -6.584451580852365 -6.221396600441732 -6.054200227884204 -5.92742495638454 -5.812041086092092 -5.7583912610516546 -5.543424496334833 -5.688940460143142 -5.824902345519593 -6.048320795003059 -6.234992788979378 -6.511326134393139 -7.050396636683015 -7.66773708920312 -8.070845706116545 -8.235837291343644 -8.474321787585042 -8.682306725755506 -8.966356826825768 -9.285683525182893 -9.554300114940153 -9.64506386004281 -9.437078921872347 -9.141269955039798 -8.623512396944067 -8.17336831698149 -7.640177247572758 -7.484004811667374 -7.297332817691057 -6.965512324461502 -6.508386417952567 -6.0222308115929835
-4.2396602549411835 -3.5113455067894885 -3.6509820377166546 -3.722270161400524 -3.6851562413383037 -5.490877064959609 -8.062026556794828 -8.507393597541476 -8.07672513899769 -7.8746196337083685 -7.22898441044776 -7.11580532748574 -6.794641306353258 -6.6957933410390265 -6.582614258077008 -6.416520279184693 -6.487808402868563 -6.467230387784559 -6.373526926241329 -6.465393065009202 -6.4517968764715565 -6.4565739156874855 -6.722250789004175 -7.213550899134757 -7.790470250596998 -8.293529226489868 -8.510333313982049 -8.731914440690158 -8.761311605095877 -9.084680413558788 -9.335658704672616 -9.465373692612852 -9.349254893210261 -9.054180855487854 -8.703619669949653 -8.233999968568286 -7.800391793583927 -7.4362344195080805 -7.254339464747693 -6.9467716321528545 -6.600987485830583 -6.182077893049083 -5.728259167535791
-6.406966200752835 -4.136402714966094 -3.882484707411694 -3.9089421553768413 -3.9945613967084985 -6.093518935276853 -8.705824457280082 -8.625717184274496 -8.061291627684685 -8.321823997230373 -7.656713152550974 -7.348410390845995 -7.087510556745237 -7.006300890074437 -6.955590781474571 -6.854170564274838 -6.849393525058909 -6.887242374231274 -6.843514092177767 -6.764141748282324 -6.738051764872248 -6.7145340333476735 -7.02210186594251 -7.528835487386097 -8.06680359601076 -8.549284556819627 -8.741835983677086 -8.914544324560687 -9.038747344174851 -9.247467211455458 -9.292665351729251 -9.301484501050968 -9.138330238599226 -8.797323131492883 -8.341299618649161 -7.858083728730152 -7.4740832686804435 -7.1294015160233855 -6.849393525058909 -6.554319487336503 -6.21845688400116 -5.798444897554447 -5.360794612464302
-7.804433903689715 -5.5279909850218285 -3.7494625384758145 -3.2379518778162995 -3.5572785761734247 -5.776764488805229 -8.648132522133857 -9.37865205761598 -8.761311605095877 -8.328805823776731 -7.8793966729242975 -7.488781850883303 -7.362006579383639 -7.155858963988534 -7.044517203801872 -7.102209138948096 -7.169455152526178 -7.073914368207591 -7.223104977566615 -7.112865611045169 -7.076854084648163 -7.072811974542375 -7.338488847859065 -7.812150659346216 -8.279933037952222 -8.690023481412007 -8.881472514604253 -9.054180855487854 -9.113710113409436 -9.116649829850008 -9.169564725780303 -9.065939721250142 -8.811286784585599 -8.378413538711383 -7.9635460560356695 -7.629520775475685 -7.279694519047625 -6.916639538636993 -6.570855392314719 -6.222131529551875 -5.797342503889231 -5.397908532526522 -5.103936888469329
-8.416629852438817 -7.686110316956695 -5.8285769910703085 -4.034615033211291 -3.844268393684259 -4.191154933671746 -6.454736592912129 -8.9027854587984 -8.909767285344758 -8.368859460279523 -8.453743772501038 -7.747476897653634 -7.320850549215633 -7.25139974830712 -7.269038046950552 -7.280796912712839 -7.366783618599568 -7.365681224934354 -7.433294703067508 -7.393975995674859 -7.402795144996574 -7.513401976073093 -7.736085496446417 -8.049532761922398 -8.482038543241543 -8.769028360752378 -8.929242906763548 -8.968194149601125 -9.019271722756063 -9.02882580118792 -8.914544324560687 -8.768293431642235 -8.460358134492324 -8.071948099781759 -7.729103669900059 -7.391036279234287 -7.013282716620795 -6.645083232439161 -6.286805291244457 -5.923382846278754 -5.549303929215975 -5.280687339458716 -5.00545638771017
