static/data/ASCData/20210117/ASCU/21.asc
ncols 97
nrows 97
xllcorner 99.0
yllcorner 2.0
cellsize 0.25
NODATA_value -32767
[rows 76 to 94 of 97, columns 0 to 42 of 97]
-9.152496931868788 -8.960265835035894 -8.012083001577942 -5.9258449015939645 -3.860441664865903 -3.7951853007058616 -3.808944172667316 -5.321633867172375 -5.331068522231658 -5.346792947330464 -6.5540356842912315 -7.123259872867979 -6.462047797463221 -5.9482522073597615 -5.853905656766931 -5.803980607078224 -5.79218728825412 -5.817739479039679 -5.860588537433923 -6.110606896504925 -6.435709385422722 -6.777715631321735 -7.046996411138774 -7.213282206558639 -7.355588253702826 -7.569440435046576 -7.929922880436685 -8.418166279754585 -8.708281922827542 -8.740516994280092 -8.694523050866087 -8.55378944623178 -8.376103442615282 -7.988496363929734 -7.42988616229468 -6.835109782932374 -6.197484345175824 -5.8507607717471695 -5.66914366185597 -5.551996694869871 -5.4796643394153675 -5.222963099677373 -5.039380436648822
-9.903338230336736 -9.717003792915895 -9.115544532886595 -6.891717713288073 -4.836928463501706 -3.5911608850488643 -3.5742571280676487 -3.5011385513582045 -3.3643360529985995 -3.2491546391498516 -4.620324507765664 -5.890858055749122 -6.857517088698171 -6.33821794981013 -5.971052623753029 -5.9105135871226295 -5.8283534659813725 -5.817739479039679 -5.794152841391471 -6.007218801480281 -6.3028379933378185 -6.635016473550078 -6.905476585249527 -7.09692146082748 -7.240406839854078 -7.473914552571334 -7.891791149572082 -8.46416022316859 -8.693736829611147 -8.664253532550887 -8.547892786819729 -8.40362118653819 -8.172079026958285 -7.786437501410088 -7.245124167383719 -6.603567623352467 -5.868450749983325 -5.441532608550765 -5.254018839247513 -5.128223438457072 -5.061787742414619 -5.118395672770318 -4.94267522229117
-10.275613994550948 -10.240627148706107 -9.624229684832944 -7.362664244997288 -6.147559295487118 -4.900612385151867 -3.6886523206614563 -3.4095437751576645 -3.0392335640808024 -2.2412189903164395 -2.5773285768034 -3.693369648191098 -5.161244731164563 -6.4718755631499745 -6.104710237092873 -5.94274865857518 -5.871202524375616 -5.8342501253934245 -5.817739479039679 -5.989528823244125 -6.247409394864531 -6.556787458683522 -6.7384045685747225 -6.9298494441526755 -7.058789729962878 -7.300159655229537 -7.839900546746025 -8.379248327635043 -8.57934163701734 -8.507009281562835 -8.388682982694325 -8.253059816217132 -8.020731435382285 -7.687766733915085 -7.167288263144633 -6.419984960323917 -5.63966036479571 -5.116430119632968 -4.814521157735908 -4.696587969494869 -4.653345800473155 -4.710346841456324 -4.671035778709311
-10.30981461914085 -10.502045715973743 -9.46501988070754 -7.862307852511822 -6.968767396272218 -5.327530526584427 -3.94260178600716 -3.330135428408698 -2.9378110221935088 -1.8606879029253542 -1.3653685123129908 -1.8166595126486997 -2.9220865970947036 -4.492563553837872 -6.086234037601777 -5.941569326692769 -5.842112337942827 -5.8330707935110135 -5.884175175082131 -6.006039469597871 -6.2804306875720215 -6.45929602307093 -6.626368039745735 -6.7266112497506185 -6.838254667952135 -7.078445261336384 -7.67322164069869 -8.224755851039282 -8.362344570653827 -8.299839980886077 -8.273501568845578 -8.15832015499683 -7.9232399997696925 -7.587130413282732 -7.050141296158535 -6.302051772082878 -5.545313814202879 -4.932847456604417 -4.549957705448511 -4.33335374971247 -4.264952500532667 -4.222889663393363 -4.178075051861768
-10.167115461369193 -10.384898748987643 -10.250061803765389 -9.331362267367696 -8.585238296429392 -6.409370973382224 -3.6642794617583085 -2.9248383714869948 -2.3037235800841898 -1.5383371883998478 -1.4632530585530532 -0.23832034335612937 -0.294928273711828 -1.5969106718928971 -4.106528917662205 -5.991494376381476 -5.958079973046515 -5.737544911035772 -5.878278515670079 -6.075226940032613 -6.264706262473216 -6.385784335734016 -6.4765928906796155 -6.567401445625216 -6.6515271199038235 -6.899579925837475 -7.431851715432031 -8.057683834364477 -8.131195521701391 -8.201562324018544 -8.239300944255676 -8.143775061780435 -7.874101171335926 -7.434603489824322 -6.885821053876021 -6.1876565794890706 -5.384924678195066 -4.704450182044272 -4.262986947395317 -4.042058774757103 -3.896607842593155 -3.8380343591001056 -3.7550880167039082
-9.684768721463342 -9.720934899190596 -9.922993761710242 -9.514944930396247 -8.376103442615282 -5.621184165304614 -2.889851525642153 -2.514037765780709 -2.1409757803115563 -1.4211902214137493 -1.8587223497880034 -0.6817491311424355 0.34466271718207275 -0.35192931469499683 -2.7844978774801583 -5.066505069944261 -5.463153693061622 -5.814594594019917 -5.842898559197767 -5.965942185595917 -6.270602921885268 -6.410550305264634 -6.467944456875273 -6.448288925501767 -6.463227129345632 -6.719142147828686 -7.179081581968737 -7.799017041489131 -7.968840832556228 -8.133947296093682 -8.152423495584777 -8.03645586048109 -7.781327063252976 -7.33986382860402 -6.692410625160717 -5.97380439814532 -5.309840548348271 -4.690691310082817 -4.18397171127382 -3.8313514784331133 -3.6104233057949005 -3.4893452325341006 -3.3682671592733007
-8.833291102363043 -8.79712492463579 -8.513692162229827 -8.023483209774575 -7.008078459019231 -4.674966884984012 -2.3898148075001484 -2.1614175329400034 -1.9444204665764917 -1.3818791586667363 -1.8976403019075463 -0.9199741713893341 0.4012706475377714 0.4822514367966181 -0.5323670927037862 -1.660201482915588 -2.385097479970507 -4.88095685377836 -5.819705032177029 -5.827174134098962 -6.223036535961382 -6.375170348792323 -6.462047797463221 -6.48956554138613 -6.492317315778421 -6.658210000570816 -7.070583048786982 -7.615434378460582 -7.88707382204244 -8.00697256342083 -8.044318073030492 -7.983779036400093 -7.701525605876539 -7.160212271850171 -6.4659789037379225 -5.775676641900374 -5.111712792103326 -4.4815564562687085 -3.9834852912640537 -3.66899678928795 -3.453179054806849 -3.308907454525311 -3.180753389970049
-7.527377597907273 -7.432637936686971 -7.256131264952883 -6.929063222897735 -6.00328769520558 -3.8439310185121576 -2.0957680581524913 -1.9687933254796397 -1.9495309047336034 -1.5430545159294895 -1.8646190092000554 -0.5197875526247422 0.6343852496275583 0.4099190813421143 -0.49934579999629536 -0.8810562192697913 -1.4377008677674947 -2.248294981610902 -5.175003603126017 -5.755234889271928 -6.084268484464427 -6.33821794981013 -6.400722539577881 -6.410550305264634 -6.462047797463221 -6.608678061509579 -6.960118962467876 -7.3713126788016305 -7.6720423088162795 -7.779361510115625 -7.814741466587937 -7.693663393327137 -7.372098900056571 -6.812702477166576 -6.135765976663014 -5.522513397809611 -4.905329712681508 -4.356547276733207 -3.899752727612916 -3.5518498223018513 -3.33603208782075 -3.1976571469512645 -3.0616408698465998
-6.056750740541517 -5.844077891080177 -5.6545985686395746 -5.334213407251419 -4.721747049652957 -3.978767963734412 -2.6123154226482415 -1.496274351260544 -1.5725378129897492 -2.096947390034902 -1.8488945841012503 -0.29021094618218646 0.5038725213074753 0.44333348467707534 -0.1974368380992359 -0.6585556041216979 -0.4258341126593812 -0.6290723070614381 -4.706415735181622 -5.6534192367571645 -5.812629040882567 -6.219105429686681 -6.310700205887221 -6.344114609222182 -6.39954320769547 -6.45811669118852 -6.785184733243668 -7.0882730270231376 -7.352836479310534 -7.470769667551574 -7.475880105708685 -7.302125208366888 -6.890931492033133 -6.348831936751823 -5.79140106699918 -5.236721971638827 -4.636048932864469 -4.104563364524854 -3.7004456394855603 -3.4484617272772073 -3.2483684178949113 -3.1426216591054463 -3.013681373295244
-3.6163199652069524 -3.647768815404563 -3.860441664865903 -3.568753579283067 -3.542022056615098 -2.874127100543348 -2.306868465103951 -1.2179520270116921 -1.3744100567448039 -2.3037235800841898 -1.7679137948424035 -0.011102400678394464 0.57895665115427 0.20471533380270665 -0.38691616053983835 -0.3731572885783838 -0.23949967523853977 -0.4698625029360357 -4.311732665201612 -5.307874995210921 -5.563790013693975 -5.952183313634463 -6.225002089098733 -6.261954488080925 -6.230505637883315 -6.264706262473216 -6.436888717305132 -6.684941523238784 -6.933780550427376 -6.983705600116083 -6.950291196781122 -6.67196887253227 -6.2686373687479175 -5.985597716969424 -5.526444504084313 -5.03348377723677 -4.495315328230163 -4.057783199855908 -3.663100129875898 -3.39657112445115 -3.1945122619315036 -3.0820826224750464 -2.905575950740958
-0.8330967227184355 -1.107487940692586 -1.4455630803168973 -1.8654052304549957 -1.8760192173966892 -2.764842346106652 -2.24318454345379 -1.4200108895313388 -1.3213401220363363 -2.30293735882925 -1.60555910569724 0.22555019705862353 0.6540407810010648 0.24795750282442094 -0.25797587472963585 -0.2481481090428826 -0.4415585377581863 -0.8684766791907471 -4.066431633660251 -4.948571881703222 -5.232790865364126 -5.726930924094079 -6.001322142068229 -6.059895625561278 -6.023729447834026 -5.954148866771813 -6.0304123285010185 -6.177828813802317 -6.389715442008717 -6.409370973382224 -6.242298956707419 -5.971838845007969 -5.805946160215575 -5.530375610359014 -5.261094830541976 -4.806658945186506 -4.538164386624407 -4.051886540443856 -3.674893448700002 -3.3604049467238983 -3.1583460842042514 -3.0030673863535506 -2.829312489011753
1.5876785212426225 1.1658708179671735 0.5408249202896674 -0.07635876483843598 -1.1067017194376456 -1.9963110694025488 -2.8399264759534466 -2.2180254632957017 -1.5312611971053856 -2.351683076635546 -1.7490444847238373 0.04393308716742364 0.5553700135060622 0.6736963123745712 0.1677629348205145 -0.37826772673549547 -0.5606710578816356 -1.0882255199465496 -4.083335390641467 -4.769706546204313 -4.810590051461206 -5.340896287918412 -5.707275392720573 -5.765848876213622 -5.748158897977466 -5.685654308209715 -5.580300660047721 -5.641625917933061 -5.7591659955466294 -5.687619861347065 -5.511113189612978 -5.395538665136759 -5.228859759089424 -5.153382518615159 -4.890784619465113 -4.676932438121363 -4.470942469327015 -3.559712034851254 -3.6123888589322513 -3.3030107951132592 -3.043950891610444 -2.889851525642153 -2.668137131749
3.1530450398286787 2.7096162520423723 1.856173079804721 0.8073539257144153 -0.3106526988106332 -1.4424181952971362 -2.4035736794616027 -2.5989496613142573 -1.8127284063739983 -2.322592890202756 -2.079257411798746 -0.5107460081929291 0.39733954126307014 0.7409182296719634 0.3572422572611169 -0.4317307720714331 -0.6660247060436304 -1.1916136149711936 -4.234682982217467 -4.602634529529508 -4.4980671026224535 -4.916336810250671 -5.2669914899540275 -5.418339081530027 -5.432884174746421 -5.329496079721777 -5.18483136881277 -5.12429233218237 -5.074367282493664 -4.963116974919617 -4.8538322204829205 -4.763023665537321 -4.784251639420708 -4.741402581026464 -4.630152273452417 -4.593986095725166 -4.049134766051566 -2.4601816098173015 -3.098986379456262 -3.3977504563335605 -3.0616408698465998 -2.7267106152420495 -2.510106659506008
3.1951078769679824 3.466747320549842 2.775265726829884 1.5487605691230797 0.2900203399637248 -0.6652384847886901 -1.2521526516015935 -1.7470789315864867 -1.7922866537455515 -2.0226494814430476 -1.9377375859094996 -1.3877758180787882 -0.38966793493212926 -0.09680051746688273 -0.3711917354410331 -0.5881888018045447 -0.7981098768735939 -1.3948518093732507 -4.251979849826153 -4.451286937953508 -4.18593726441117 -4.503177540779565 -4.757127006125269 -4.939530337271409 -5.025621564687367 -4.916336810250671 -4.828280029697362 -4.627007388432657 -4.561751024272614 -4.3828856887737055 -4.322346652143306 -4.332174417830059 -4.384851241911057 -4.417086313363607 -4.327457090300418 -4.2091307914319085 -3.539270282222807 -2.1681004136069952 -3.135152557183514 -3.3313147602911086 -2.852899126659961 -2.5167895401730003 -2.2923233718875564
1.4968699662970226 2.638463228470279 3.023318532763536 2.456846118579079 0.9901503674880254 -0.04805479966058665 -0.3566466422246384 -0.9408090346452509 -1.866584562337406 -1.9719382104994008 -1.735678723389853 -1.771844901117105 -1.162130317910934 -1.004886066922882 -1.0559904484939988 -0.9474919153122432 -0.9140775119772822 -1.4074313494522948 -4.283428700023763 -4.467797584307254 -3.9944923888332173 -4.056996978600968 -4.278711372494121 -4.439493619129404 -4.511039753328968 -4.463080256777612 -4.438707397874464 -4.205199685157207 -4.202447910764916 -4.0117892564419035 -3.9339533522028174 -3.9610779854982563 -4.020830800873716 -4.06367985926796 -3.9952786100881577 -3.7432946978798043 -3.4767656924550567 -2.9912740675294467 -3.356473840449197 -2.993239620666797 -2.554921271037603 -2.234536109649447 -1.9172958332810528
-0.09011763679989052 0.9480875303487217 1.8329795527839832 2.67148452117777 2.192282666291682 0.7527115484960673 -0.5488777390575317 -1.2784910636420923 -2.2180254632957017 -2.8069051832459557 -1.590227791225905 -2.1134580363886473 -1.717988745153697 -0.9533885747242951 -0.7092668750653446 -0.9522092428418847 -1.0666044354356923 -1.4581426203959416 -4.186723485666111 -4.288146027553404 -3.7071285201525526 -3.69848008634821 -3.7951853007058616 -3.8946422894558044 -4.022796354011067 -4.036162115345051 -4.005106375774911 -3.997244163225508 -3.9044700551425575 -3.8918905150635132 -3.8596554436109627 -3.8655521030230147 -3.845110350394568 -3.7708124418027134 -3.6037404251279086 -3.316769667074714 -3.022722917727057 -3.0187918114523558 -2.9818394124701633 -2.6457298259832025 -2.2726678405140497 -1.9554275641456553 -1.6739603548770425
-0.04805479966058665 0.7027864988073608 0.9040591400720672 1.7810889499579263 2.527212920896232 1.4402620359413238 -0.7061219900455835 -2.0556707741505384 -2.283281827455743 -2.9511767835274934 -1.8233423933156918 -2.4153669982857067 -2.324558443340107 -1.5363716352624972 -1.071321762965334 -1.1165294851243988 -1.3107261350946429 -1.644870168444253 -3.751156910429207 -4.093949377583161 -3.5306218484184644 -3.386743358764397 -3.4464961741398565 -3.5227596358690616 -3.565608694263306 -3.6194648502267137 -3.6760727805824125 -3.7523362423116176 -3.6399066028551603 -3.801868181372854 -3.762950229253311 -3.6485550366595034 -3.553815375439202 -3.367480938018361 -3.1367249996933944 -2.973977199920761 -2.7109861901432444 -2.710199968888304 -2.5785079086858107 -2.3233791114576965 -1.9837315293235047 -1.6896847799758479 -1.4219764426686896
-0.194685063706945 0.6269161477056258 0.9449426453289607 0.8289750102252724 1.67062486363882 1.7146532539154744 -0.08815208366253988 -2.1885421662354423 -2.589121895627504 -3.277458604327701 -2.8509335735226102 -3.058889095454309 -3.0215435858446464 -2.369373054871702 -1.5772551405193906 -1.3744100567448039 -1.4435975271795467 -1.7034436519373024 -2.4134014451483563 -3.3096936757802515 -3.238540652208158 -3.09308972004421 -3.1768222836953477 -3.2306784396587553 -3.234609545933457 -3.3450736322525634 -3.417012877079597 -3.51764919771195 -3.5589258135963138 -3.6253615096387657 -3.614354412069602 -3.4622205992386617 -3.202374474480906 -2.9853774081173947 -2.7451868147331453 -2.555707492292543 -2.390994139382559 -2.343820864086143 -2.2081976976089486 -2.0501672253659566 -1.7160231920163465 -1.4093969025896453 -1.129109025203443
-0.7776681242451472 0.028208662068618467 0.6968898393953089 0.41502951949922595 0.6988553925326595 0.8093194788517659 0.4256435064409194 -1.3606511847833493 -2.801794745088844 -4.0353758940901105 -4.06092808487567 -4.216993003981311 -4.075473178092064 -3.2884657018968646 -2.427946538364751 -1.2120553675996404 -1.1982964956381859 -1.6094902119719414 -1.7152369707614061 -2.2062321444715978 -3.034516236551161 -2.9747634211757013 -2.928769477761696 -2.9826256337251036 -3.1280765658890517 -3.225961112129114 -3.225961112129114 -3.263699732366246 -3.3517565129195552 -3.2766723830727607 -3.2629135111113063 -3.080117069337696 -2.8245951614821116 -2.629219179629457 -2.408291006991244 -2.24239832219885 -2.096947390034902 -2.0140010476387045 -1.8976403019075463 -1.7073747582120036 -1.4231557745510999 -1.129109025203443 -0.9915203055888977
