static/data/salinity/2023/7/31/12.asc
ncols 137
nrows 93
xllcorner 108.0
yllcorner 17.0
cellsize 0.25
NODATA_value -32767
[rows 54 to 80 of 93, columns 0 to 61 of 137]
-32767.0 -32767.0 -32767.0 -32767.0 -32767.0 -32767.0 -32767.0 -32767.0 -32767.0 -32767.0 -32767.0 -32767.0 -32767.0 -32767.0 -32767.0 -32767.0 -32767.0 -32767.0 -32767.0 -32767.0 -32767.0 -32767.0 -32767.0 -32767.0 -32767.0 -32767.0 -32767.0 -32767.0 -32767.0 -32767.0 -32767.0 -32767.0 -32767.0 -32767.0 -32767.0 -32767.0 -32767.0 -32767.0 -32767.0 -32767.0 -32767.0 -32767.0 -32767.0 -32767.0 -32767.0 -32767.0 -32767.0 -32767.0 34.01302 33.91539 33.233776 33.3705 33.26752 33.44468 33.31351 33.216576 32.99963 33.00321 32.987278 33.047745 33.28025 33.246643
-32767.0 -32767.0 -32767.0 -32767.0 -32767.0 -32767.0 -32767.0 -32767.0 -32767.0 -32767.0 -32767.0 -32767.0 -32767.0 -32767.0 -32767.0 -32767.0 -32767.0 -32767.0 -32767.0 -32767.0 -32767.0 -32767.0 -32767.0 -32767.0 -32767.0 -32767.0 -32767.0 -32767.0 -32767.0 -32767.0 -32767.0 -32767.0 -32767.0 -32767.0 -32767.0 -32767.0 -32767.0 -32767.0 -32767.0 -32767.0 -32767.0 -32767.0 -32767.0 -32767.0 -32767.0 -32767.0 -32767.0 33.258385 -32767.0 33.244743 33.14158 33.12815 33.205853 33.371597 33.301517 33.20342 33.489105 33.541 33.974255 34.14738 34.18112 34.26365
-32767.0 -32767.0 -32767.0 -32767.0 -32767.0 -32767.0 -32767.0 -32767.0 -32767.0 -32767.0 -32767.0 -32767.0 -32767.0 -32767.0 -32767.0 -32767.0 -32767.0 -32767.0 -32767.0 -32767.0 -32767.0 -32767.0 -32767.0 -32767.0 -32767.0 -32767.0 -32767.0 -32767.0 -32767.0 -32767.0 -32767.0 -32767.0 -32767.0 -32767.0 -32767.0 -32767.0 -32767.0 -32767.0 -32767.0 -32767.0 -32767.0 -32767.0 -32767.0 -32767.0 -32767.0 -32767.0 -32767.0 33.359524 33.736267 33.303074 33.027554 33.11742 33.252876 33.2721 33.054955 33.35083 34.022682 33.909363 34.167774 34.177143 34.276638 34.268875
-32767.0 -32767.0 -32767.0 -32767.0 -32767.0 -32767.0 -32767.0 -32767.0 -32767.0 -32767.0 -32767.0 -32767.0 -32767.0 -32767.0 -32767.0 -32767.0 -32767.0 -32767.0 -32767.0 -32767.0 -32767.0 -32767.0 -32767.0 -32767.0 -32767.0 -32767.0 -32767.0 -32767.0 -32767.0 -32767.0 -32767.0 -32767.0 -32767.0 -32767.0 -32767.0 -32767.0 -32767.0 -32767.0 -32767.0 -32767.0 -32767.0 -32767.0 -32767.0 -32767.0 -32767.0 -32767.0 -32767.0 33.72586 33.64324 33.32401 33.15364 32.860676 32.99333 33.11209 33.022762 33.297962 33.51519 33.62425 33.793304 33.978985 34.35689 34.387638
-32767.0 -32767.0 -32767.0 -32767.0 -32767.0 -32767.0 -32767.0 -32767.0 -32767.0 -32767.0 -32767.0 -32767.0 -32767.0 -32767.0 -32767.0 -32767.0 -32767.0 -32767.0 -32767.0 -32767.0 -32767.0 -32767.0 -32767.0 -32767.0 -32767.0 -32767.0 -32767.0 -32767.0 -32767.0 -32767.0 -32767.0 -32767.0 -32767.0 -32767.0 -32767.0 -32767.0 -32767.0 -32767.0 -32767.0 -32767.0 -32767.0 -32767.0 -32767.0 -32767.0 -32767.0 31.395485 -32767.0 33.446846 33.47072 33.365746 33.234432 33.12304 33.14964 33.062977 33.044224 33.11643 33.235172 33.058228 33.592236 34.04762 34.27808 34.378284
-32767.0 -32767.0 -32767.0 -32767.0 -32767.0 -32767.0 -32767.0 -32767.0 -32767.0 -32767.0 -32767.0 -32767.0 -32767.0 -32767.0 -32767.0 -32767.0 -32767.0 -32767.0 -32767.0 -32767.0 -32767.0 -32767.0 -32767.0 -32767.0 -32767.0 -32767.0 -32767.0 -32767.0 -32767.0 -32767.0 -32767.0 -32767.0 -32767.0 -32767.0 -32767.0 -32767.0 -32767.0 -32767.0 -32767.0 -32767.0 -32767.0 -32767.0 -32767.0 -32767.0 -32767.0 -32767.0 33.244 33.603333 33.292942 33.375755 33.286797 33.333378 33.070393 32.99681 33.039234 32.978413 33.112926 33.21097 33.73134 34.16407 34.297268 34.412273
-32767.0 -32767.0 -32767.0 -32767.0 -32767.0 -32767.0 -32767.0 -32767.0 -32767.0 -32767.0 -32767.0 -32767.0 -32767.0 -32767.0 -32767.0 -32767.0 -32767.0 -32767.0 -32767.0 -32767.0 -32767.0 -32767.0 -32767.0 -32767.0 -32767.0 -32767.0 -32767.0 -32767.0 -32767.0 -32767.0 -32767.0 -32767.0 -32767.0 -32767.0 -32767.0 -32767.0 -32767.0 -32767.0 -32767.0 -32767.0 -32767.0 -32767.0 -32767.0 -32767.0 33.03184 33.430008 33.534622 32.934406 32.931755 33.178425 33.484512 33.0573 -32767.0 -32767.0 -32767.0 -32767.0 33.03234 32.968185 33.964905 34.29526 34.372406 34.456867
-32767.0 -32767.0 -32767.0 -32767.0 -32767.0 -32767.0 -32767.0 -32767.0 -32767.0 -32767.0 -32767.0 -32767.0 -32767.0 -32767.0 -32767.0 -32767.0 -32767.0 -32767.0 -32767.0 -32767.0 -32767.0 -32767.0 -32767.0 -32767.0 -32767.0 -32767.0 -32767.0 -32767.0 -32767.0 -32767.0 -32767.0 -32767.0 -32767.0 -32767.0 -32767.0 -32767.0 -32767.0 -32767.0 -32767.0 -32767.0 -32767.0 -32767.0 -32767.0 33.28436 33.45752 32.905426 32.704937 32.79247 33.204815 33.288105 33.68466 32.942486 -32767.0 -32767.0 -32767.0 -32767.0 32.947273 33.88007 33.93852 34.306164 34.350563 34.448204
-32767.0 -32767.0 -32767.0 -32767.0 -32767.0 -32767.0 -32767.0 -32767.0 -32767.0 -32767.0 -32767.0 -32767.0 -32767.0 -32767.0 -32767.0 -32767.0 -32767.0 -32767.0 -32767.0 -32767.0 -32767.0 -32767.0 -32767.0 -32767.0 -32767.0 -32767.0 -32767.0 -32767.0 -32767.0 -32767.0 -32767.0 -32767.0 -32767.0 -32767.0 -32767.0 -32767.0 -32767.0 -32767.0 -32767.0 -32767.0 -32767.0 32.55452 32.48255 33.113113 32.865242 32.773758 32.723167 32.968094 33.254944 33.36949 32.9778 -32767.0 -32767.0 -32767.0 -32767.0 -32767.0 33.747204 34.007835 34.036625 34.354733 34.33379 34.367104
-32767.0 -32767.0 -32767.0 -32767.0 -32767.0 -32767.0 -32767.0 -32767.0 -32767.0 -32767.0 -32767.0 -32767.0 -32767.0 -32767.0 -32767.0 -32767.0 -32767.0 -32767.0 -32767.0 -32767.0 -32767.0 -32767.0 -32767.0 -32767.0 -32767.0 -32767.0 -32767.0 -32767.0 -32767.0 -32767.0 -32767.0 -32767.0 -32767.0 -32767.0 -32767.0 -32767.0 -32767.0 -32767.0 -32767.0 -32767.0 -32767.0 33.192562 33.395233 32.963108 32.75538 32.719547 33.068043 33.53669 33.649628 33.58308 32.53952 -32767.0 -32767.0 -32767.0 -32767.0 33.683582 33.894302 33.958424 34.33791 34.358894 34.307453 34.304592
-32767.0 -32767.0 -32767.0 -32767.0 -32767.0 -32767.0 -32767.0 -32767.0 -32767.0 -32767.0 -32767.0 -32767.0 -32767.0 -32767.0 -32767.0 -32767.0 -32767.0 -32767.0 -32767.0 -32767.0 -32767.0 -32767.0 -32767.0 -32767.0 -32767.0 -32767.0 -32767.0 -32767.0 -32767.0 -32767.0 -32767.0 -32767.0 -32767.0 -32767.0 -32767.0 -32767.0 -32767.0 -32767.0 -32767.0 32.857655 32.825253 33.22913 33.172913 33.026928 32.9317 32.774673 33.240864 33.431896 32.849556 32.965546 -32767.0 -32767.0 -32767.0 -32767.0 -32767.0 33.901405 33.957947 34.18572 34.329147 34.369526 34.312923 34.422104
-32767.0 -32767.0 -32767.0 -32767.0 -32767.0 -32767.0 -32767.0 -32767.0 -32767.0 -32767.0 -32767.0 -32767.0 -32767.0 -32767.0 -32767.0 -32767.0 -32767.0 -32767.0 -32767.0 -32767.0 -32767.0 -32767.0 -32767.0 -32767.0 -32767.0 -32767.0 -32767.0 -32767.0 -32767.0 -32767.0 -32767.0 -32767.0 -32767.0 -32767.0 -32767.0 -32767.0 -32767.0 -32767.0 32.962025 33.231457 33.18461 33.17865 33.41164 33.20113 32.777355 32.894306 33.205917 33.451256 32.432625 32.14402 -32767.0 -32767.0 -32767.0 -32767.0 -32767.0 33.88784 33.925083 34.122814 34.172497 34.337463 34.428867 34.420383
-32767.0 -32767.0 -32767.0 -32767.0 -32767.0 -32767.0 -32767.0 -32767.0 -32767.0 -32767.0 -32767.0 -32767.0 -32767.0 -32767.0 -32767.0 -32767.0 -32767.0 -32767.0 -32767.0 -32767.0 -32767.0 -32767.0 -32767.0 -32767.0 -32767.0 -32767.0 -32767.0 -32767.0 -32767.0 -32767.0 -32767.0 -32767.0 -32767.0 -32767.0 -32767.0 -32767.0 32.534897 32.825935 33.01932 32.7328 33.045746 32.89245 33.171215 32.724625 32.545902 33.6763 -32767.0 33.443222 32.690163 -32767.0 -32767.0 -32767.0 -32767.0 -32767.0 34.006382 33.76535 34.28744 34.337532 34.176193 34.339466 34.427216 34.42599
-32767.0 -32767.0 -32767.0 -32767.0 -32767.0 -32767.0 -32767.0 -32767.0 -32767.0 -32767.0 -32767.0 -32767.0 -32767.0 -32767.0 -32767.0 -32767.0 -32767.0 -32767.0 -32767.0 -32767.0 -32767.0 -32767.0 -32767.0 -32767.0 -32767.0 -32767.0 -32767.0 -32767.0 -32767.0 -32767.0 -32767.0 -32767.0 -32767.0 -32767.0 -32767.0 32.989254 33.737434 31.356007 30.943254 31.67011 32.44458 33.211933 33.391106 32.813625 32.354435 33.771214 -32767.0 33.952183 32.65063 -32767.0 -32767.0 -32767.0 -32767.0 -32767.0 33.863308 33.775505 34.38305 34.1961 34.25767 34.34537 34.41713 34.411552
-32767.0 -32767.0 -32767.0 -32767.0 -32767.0 -32767.0 -32767.0 -32767.0 -32767.0 -32767.0 -32767.0 -32767.0 -32767.0 -32767.0 -32767.0 -32767.0 -32767.0 -32767.0 -32767.0 -32767.0 -32767.0 -32767.0 -32767.0 -32767.0 -32767.0 -32767.0 -32767.0 -32767.0 -32767.0 -32767.0 -32767.0 -32767.0 -32767.0 -32767.0 -32767.0 31.667154 31.257654 31.072626 32.277008 32.837936 33.618275 33.525997 33.284588 33.76979 33.693493 33.70373 33.94641 33.870686 31.94112 -32767.0 -32767.0 -32767.0 -32767.0 -32767.0 33.869793 33.999596 34.37918 34.29802 34.379913 34.339634 34.371326 34.396576
-32767.0 -32767.0 -32767.0 -32767.0 -32767.0 -32767.0 -32767.0 -32767.0 -32767.0 -32767.0 -32767.0 -32767.0 -32767.0 -32767.0 -32767.0 -32767.0 -32767.0 -32767.0 -32767.0 -32767.0 -32767.0 -32767.0 -32767.0 -32767.0 -32767.0 -32767.0 -32767.0 25.595661 -32767.0 28.634264 -32767.0 30.43781 30.195745 30.891596 30.526207 30.534094 31.49916 32.375053 33.570473 33.614246 33.66795 33.614994 33.59677 33.620262 33.663197 33.836163 34.05424 33.607693 31.768913 -32767.0 -32767.0 -32767.0 -32767.0 33.77326 33.845787 33.883556 34.370113 34.284035 34.334743 34.3567 34.36168 34.381493
-32767.0 -32767.0 -32767.0 -32767.0 -32767.0 -32767.0 -32767.0 -32767.0 -32767.0 -32767.0 -32767.0 -32767.0 -32767.0 -32767.0 -32767.0 -32767.0 -32767.0 -32767.0 -32767.0 -32767.0 -32767.0 -32767.0 -32767.0 7.839615 -32767.0 -32767.0 29.248798 29.141478 28.98901 29.175884 29.164886 29.375519 30.363953 30.840004 31.103971 31.76324 32.819695 33.06565 33.711693 33.759502 33.721527 33.695747 33.685978 33.645737 33.648373 33.844982 34.12674 34.080467 34.20986 31.87748 -32767.0 -32767.0 32.7791 33.962147 33.77989 33.931843 34.15014 33.628647 33.605213 33.72718 34.116257 34.350555
-32767.0 -32767.0 -32767.0 -32767.0 -32767.0 -32767.0 -32767.0 -32767.0 -32767.0 -32767.0 -32767.0 -32767.0 -32767.0 -32767.0 -32767.0 -32767.0 -32767.0 -32767.0 -32767.0 -32767.0 -32767.0 -32767.0 -32767.0 17.96788 11.863656 26.474804 27.23591 30.268702 31.04798 31.199352 31.160727 32.199867 32.912926 33.187996 33.48845 33.745937 33.661465 33.736183 33.82726 33.8014 33.78109 33.75062 33.554066 33.527508 33.54304 33.6427 33.746216 33.72238 34.166836 34.216187 32.033802 -32767.0 32.096478 33.981403 33.681286 34.078278 33.988636 33.629623 34.49368 34.379814 34.37569 34.365913
-32767.0 -32767.0 -32767.0 -32767.0 -32767.0 -32767.0 -32767.0 -32767.0 -32767.0 -32767.0 -32767.0 -32767.0 -32767.0 -32767.0 -32767.0 -32767.0 -32767.0 -32767.0 -32767.0 -32767.0 13.405322 17.616833 20.110104 26.245985 29.553373 -32767.0 30.671698 33.13002 33.447693 33.360825 33.473385 33.54101 33.707584 33.80228 33.797558 33.851448 33.861275 33.8909 33.79138 33.71879 33.63024 33.60346 33.642345 33.637524 33.741974 33.619232 33.94715 34.06754 34.2778 34.29306 33.595364 -32767.0 33.01275 34.266197 34.23073 34.19307 33.71627 34.255386 34.416805 34.491455 34.497368 34.53164
-32767.0 -32767.0 32.391293 -32767.0 -32767.0 -32767.0 -32767.0 -32767.0 -32767.0 -32767.0 -32767.0 -32767.0 -32767.0 -32767.0 -32767.0 -32767.0 28.86164 -32767.0 23.992731 25.250996 23.58412 29.51822 29.939312 30.70943 32.41664 32.88879 33.71158 33.85999 33.798775 33.774483 33.76659 33.781868 33.869843 33.88671 33.935 34.047215 34.086487 33.974327 33.815083 33.74884 33.736244 33.986034 34.15387 34.173813 34.186275 34.185097 34.230633 34.160065 33.990997 34.12461 34.24737 33.92438 34.032543 34.58152 34.486107 34.280342 33.814106 34.450397 34.514244 34.509167 34.56126 34.598347
-32767.0 31.921782 32.063133 31.856197 31.645868 -32767.0 31.88645 31.814415 -32767.0 -32767.0 -32767.0 -32767.0 -32767.0 32.574 32.49295 32.14281 32.284817 32.525826 31.155706 30.506798 30.42273 29.557814 30.181547 31.030642 33.150444 33.45012 33.64576 33.85292 33.817043 33.79981 33.850533 33.987675 34.086414 34.116524 34.19993 34.194923 34.067307 34.052082 34.033318 34.112225 34.19505 34.169415 34.185947 34.23909 34.258945 34.289116 34.002174 33.918556 34.033615 34.447514 34.509304 34.527126 34.525055 34.516083 34.506927 34.377785 34.317413 34.531914 34.53306 34.54658 34.600143 34.606823
32.46888 32.60737 32.506054 32.6026 32.31665 32.125767 31.980255 31.90077 -32767.0 -32767.0 -32767.0 33.10951 33.26667 33.377884 33.468372 33.50786 33.24142 33.47184 32.779533 32.701897 32.057922 31.082968 31.522665 32.993416 33.563286 33.538414 33.80223 33.829662 33.81493 33.88543 34.04953 34.1343 34.216595 34.24441 34.21571 34.08213 34.137394 34.169235 34.189022 34.184536 34.16755 34.21511 34.223568 34.217937 34.14812 33.977562 33.908546 34.016254 34.14433 34.01213 34.382843 34.450787 34.484272 34.48276 34.49388 34.41084 34.50347 34.492023 34.54277 34.60723 34.60309 34.586914
33.010723 32.94944 32.938717 32.872547 32.789032 32.434616 32.07632 -32767.0 -32767.0 31.080015 -32767.0 33.019005 32.911148 33.408382 33.625576 33.669933 33.708237 33.5322 33.613136 33.53501 33.451454 33.56617 33.555958 33.58243 33.612686 33.600822 33.850468 33.865536 33.86622 33.939644 34.044315 34.139385 34.25047 34.23185 34.17008 34.123764 34.163227 34.128277 34.07317 34.02409 34.116623 34.053894 34.051804 34.092342 34.127903 33.97665 33.918205 34.02899 34.18776 34.05409 34.359417 34.5435 34.482876 34.45374 34.46767 34.40206 34.46323 34.601616 34.59289 34.59881 34.588165 34.56959
33.177483 33.11338 33.086662 33.0674 33.0148 32.673344 32.215214 32.027428 -32767.0 -32767.0 32.547173 32.72316 32.736877 33.240665 33.738087 33.71917 33.665226 33.67794 33.780853 33.79991 33.692707 33.576313 33.59909 33.608124 33.718502 33.65548 33.76826 33.8268 33.872883 33.956135 34.045948 34.1608 34.27516 34.29158 34.229126 34.20661 34.1814 34.15309 34.151314 34.087982 34.047764 34.062607 33.953163 33.816475 33.841625 33.937366 34.03192 34.13779 34.12597 34.273018 34.466938 34.504307 34.37153 34.497128 34.449516 34.42643 34.591644 34.606853 34.60245 34.608986 34.623512 34.606567
33.120327 33.054104 33.141727 33.02481 33.034676 32.8459 32.588665 32.17675 -32767.0 -32767.0 32.548622 32.534077 32.53034 32.640247 33.66869 33.72549 33.68109 33.676132 33.772743 33.81864 33.77144 33.768265 33.74376 33.651672 33.756702 33.826485 33.84904 33.84127 33.919575 34.079773 34.210335 34.25039 34.30826 34.300964 34.17571 34.14249 34.140663 34.10881 34.096172 34.06133 33.884716 33.808907 33.98512 33.931854 33.87598 33.97324 34.126957 34.028896 34.33471 34.51232 34.550957 34.489784 34.18035 34.403114 34.53775 34.467625 -32767.0 34.609352 34.617996 34.655502 34.66448 34.57337
33.168655 33.186954 33.225624 33.198524 32.98414 32.900425 32.788425 32.308144 32.19853 32.41204 32.551006 32.557766 32.530857 32.616783 33.10199 33.27833 33.27082 33.35451 33.446568 33.5108 33.522102 33.59557 33.71121 33.627632 33.84872 33.870552 33.84031 33.898163 34.088375 34.18246 34.247406 34.2726 34.21803 34.21054 34.23433 34.193787 34.078945 33.95896 33.82809 33.732895 33.76112 33.785732 34.024075 34.112816 33.97909 33.720367 33.68908 34.06141 34.297497 34.475338 34.373074 34.101894 34.145054 34.375465 34.612503 34.59185 34.609882 34.625965 34.647827 34.670715 34.61208 34.51403
33.53766 33.34329 33.275723 33.31717 32.994938 32.913338 32.850967 32.822025 32.650303 -32767.0 -32767.0 -32767.0 32.633846 32.737785 33.05177 33.175514 33.34144 33.54198 33.579266 33.58121 33.6321 33.620846 33.666935 33.647472 33.864975 33.788715 33.868275 34.087696 34.188774 34.202194 34.244728 34.223217 34.265835 34.27786 34.225666 34.186897 34.057137 33.90332 33.744125 33.81295 33.958218 33.862705 33.615406 33.994984 33.951366 33.786163 33.617416 33.847435 34.198788 34.17948 34.27979 33.977245 33.955933 34.31485 34.56948 34.56305 34.61109 34.633423 34.66166 34.639286 34.57952 34.485554
