static/data/salinity/2023/7/31/18.asc
ncols 137
nrows 93
xllcorner 108.0
yllcorner 17.0
cellsize 0.25
NODATA_value -32767
[rows 54 to 80 of 93, columns 61 to 121 of 137]
33.22287 33.28569 33.559074 33.830757 33.88378 33.744434 33.86498 34.190437 34.278416 34.3207 34.302773 34.38653 34.379868 34.494907 34.53865 34.486397 34.545254 34.569706 34.57774 34.51491 34.53687 34.52484 34.516113 34.528076 34.539032 34.493565 34.363766 34.431564 34.459652 34.470108 34.487198 34.505497 34.502823 34.45047 34.403046 34.413074 34.380795 34.30559 34.279716 34.310143 34.321327 34.348057 34.37465 34.422344 34.47638 34.480812 34.487637 34.573418 34.62263 34.60989 34.596363 34.50884 34.528706 34.537197 34.584393 34.631107 34.561413 34.57547 34.587677 34.548164 34.711555
34.2422 34.26784 34.298897 34.31831 34.31767 34.271393 34.31966 34.353687 34.313328 34.27314 34.336826 34.378716 34.450947 34.517902 34.544697 34.526413 34.53054 34.52034 -32767.0 34.5182 34.579765 34.613613 34.601948 34.578873 34.543552 34.542778 34.34775 34.42736 34.493137 34.516487 34.539555 34.521294 34.455585 34.39704 34.371635 34.342106 34.326374 34.40953 34.41643 34.415634 34.41206 34.39141 34.394836 34.422977 34.502525 34.538452 34.505432 34.524372 34.62668 34.613033 34.605522 34.564716 34.533314 34.534023 34.607224 34.59619 34.57149 34.58681 34.581833 34.557026 34.677643
34.289604 34.260757 34.311447 34.341896 34.344475 34.342907 34.30283 34.231613 34.27155 34.37233 34.38641 34.43577 34.4689 34.557426 34.555103 34.520943 34.50552 34.536736 34.5584 34.593826 34.654915 34.611023 34.590084 34.581345 34.556446 34.5721 34.3543 34.41485 34.483986 34.499542 34.495255 34.46494 34.404957 34.355083 34.334854 34.38473 34.414528 34.38592 34.388615 34.410976 34.415226 34.41861 34.41584 34.433685 34.49463 34.57002 34.578835 34.514664 34.613388 34.60221 34.609497 34.584522 34.536102 34.548225 34.611008 34.589302 34.595352 34.597507 34.58212 34.56838 34.707638
34.39283 34.380615 34.359264 34.335434 34.31974 34.260647 34.30968 34.326534 34.31602 34.336395 34.42326 34.45951 34.54324 34.58432 34.563427 34.5575 34.522446 34.518894 34.596714 34.648895 34.62821 34.597126 34.593002 34.591076 34.565594 34.60332 34.448513 34.39672 34.420593 34.484726 34.46216 34.41526 34.364326 34.333138 34.39154 34.42863 34.380936 34.363327 34.39921 34.429382 34.41157 34.41333 34.424564 34.437126 34.494686 34.58193 34.60091 34.544235 34.59433 34.610172 34.613544 34.558956 34.5366 34.572647 34.61209 34.627197 34.59253 34.594654 34.58177 34.82349 34.922832
34.37543 34.396687 34.381115 34.35515 34.28078 34.350964 34.353565 34.282764 34.27608 34.373077 34.372383 34.478592 34.51233 34.56298 34.586 34.54115 34.526253 34.514282 34.59268 34.592182 34.61129 34.589314 34.622307 34.602276 34.573315 34.654785 34.532955 34.369514 34.408688 34.46254 34.439495 34.402283 34.333996 34.33591 34.436474 34.4546 34.43333 34.37291 34.341206 34.409576 34.449932 34.46022 34.464645 34.45898 34.499176 34.575874 34.588005 34.546085 34.556484 34.585407 34.611713 34.57848 34.54109 34.551754 34.57872 34.584873 34.606766 34.596615 34.702774 34.904465 34.987907
34.416473 34.436867 34.369915 34.309303 34.318916 34.33984 34.337574 34.25731 34.380486 34.38814 34.336388 34.513 34.53089 34.515686 34.573647 34.545746 34.53275 34.584785 34.59182 34.60767 34.587986 34.63317 34.604874 34.592854 34.551376 34.67685 34.57434 34.359806 34.39489 34.421165 34.44647 34.394722 34.336838 34.3177 34.423927 34.489876 34.47968 34.41776 34.338383 34.363358 34.417664 34.447117 34.460716 34.491684 34.516624 34.57175 34.591114 34.537052 34.508472 34.53713 34.55333 34.58467 34.63079 34.62459 34.616287 34.6233 34.596817 34.66591 34.911976 34.97378 35.020687
34.460403 34.391846 34.351517 34.347965 34.32636 34.36792 34.296387 34.27481 34.388866 34.416992 34.31925 34.44938 34.548637 34.513973 34.585815 34.61144 34.586674 34.61407 34.586475 34.584114 34.625683 34.6192 34.601997 34.522186 34.527317 34.710964 34.597515 34.360435 34.39489 34.4047 34.436825 34.413895 34.34942 34.276382 34.284813 34.318836 34.337486 34.327866 34.36055 34.4179 34.428932 34.433247 34.45384 34.479862 34.529224 34.56206 34.584087 34.557404 34.525623 34.49226 34.50643 34.519417 34.65598 34.699432 34.661213 34.60743 34.64965 34.907257 34.98244 35.024307 34.938473
34.44727 34.35196 34.34853 34.31358 34.31582 34.3847 34.324677 34.29717 34.390774 34.4777 34.254536 34.338856 34.54523 34.579086 34.590084 34.60643 34.610798 34.57362 34.569546 34.586876 34.602196 34.517902 34.411263 34.548622 34.68498 34.708706 34.586277 34.37741 34.390682 34.40851 34.42503 34.443333 34.404037 34.343857 34.299988 34.3001 34.323498 34.359013 34.386265 34.390667 34.415554 34.45448 34.50526 34.53236 34.53333 34.554173 34.58024 34.58003 34.530205 34.518757 34.502064 34.531204 34.732166 34.723 34.6531 34.640514 34.870533 34.971836 34.97549 34.96615 34.84316
34.38018 34.367878 34.354538 34.315247 34.33653 34.370228 34.34025 34.328278 34.31092 34.287647 34.28216 34.33435 34.495747 34.56566 34.614086 34.574223 34.558033 34.5889 34.572308 34.55855 34.463074 34.37305 34.66439 34.669468 34.673782 34.679142 34.630283 34.479614 34.464176 34.39967 34.41583 34.43313 34.435707 34.4155 34.381367 34.35388 34.342632 34.36018 34.389465 34.43487 34.48885 34.535305 34.53328 34.50827 34.492752 34.49474 34.50948 34.56631 34.540993 34.527912 34.49777 34.62757 34.805954 34.71813 34.66335 34.81188 34.879486 34.907646 34.86071 34.90866 34.874485
34.314228 34.417187 34.407574 34.355843 34.37569 34.393574 34.362087 34.344788 34.363148 34.349804 34.358047 34.38872 34.49344 34.60459 34.569176 34.537666 34.581474 34.560413 34.549385 34.44895 34.38165 34.704414 34.673157 34.652042 34.64938 34.640766 34.657887 34.64623 34.615944 34.592167 34.476257 34.463364 34.45249 34.449738 34.46278 34.486557 34.509293 34.52166 34.538567 34.53404 34.52127 34.53259 34.533436 34.537533 34.527798 34.525684 34.494568 34.565125 34.53485 34.526165 34.49552 34.734722 34.803177 34.70837 34.702133 34.82969 34.7754 34.78185 34.727844 34.70525 34.664356
34.417553 34.38738 34.38049 34.37888 34.398888 34.407875 34.40138 34.428123 34.429626 34.40963 34.438442 34.443203 34.530212 34.60497 34.524773 34.536186 34.527462 34.45083 34.40687 34.514297 34.708263 34.689342 34.6768 34.670036 34.66475 34.65197 34.65335 34.632927 34.619007 34.604805 34.593735 34.57429 34.56195 34.556477 34.555206 34.54693 34.540684 34.52458 34.529354 34.538357 34.563313 34.52212 34.501675 34.52064 34.511784 34.49761 34.480934 34.557552 34.525578 34.512978 34.508434 34.759148 34.77779 34.689182 34.832005 34.73418 34.638187 34.655415 34.61638 34.624523 34.64057
34.42751 34.442444 34.48421 34.520615 34.5259 34.504932 34.428883 34.409695 34.462124 34.48321 34.518787 34.494778 34.58955 34.586033 34.52173 34.48129 34.445793 34.484535 34.651478 34.70793 34.671894 34.662224 34.66104 34.665733 34.681118 34.691044 34.674496 34.62847 34.60138 34.60792 34.608707 34.607113 34.592926 34.57429 34.574127 34.557 34.543682 34.54835 34.550835 34.55042 34.560154 34.5414 34.55173 34.58586 34.54949 34.493534 34.470764 34.54655 34.55564 34.496773 34.5145 34.720642 34.71795 34.73317 34.805634 34.661114 34.62779 34.626034 34.709274 34.716194 34.71543
34.42328 34.439507 34.457436 34.476013 34.56192 34.617393 34.515823 34.45657 34.478043 34.523563 34.539845 34.565517 34.634087 34.59536 34.54714 34.46129 34.5322 34.70507 34.71179 34.655853 34.638943 34.58617 34.55866 34.564583 34.600647 34.640682 34.67685 34.659718 34.60301 34.623005 34.609306 34.61511 34.60271 34.55689 34.538643 34.547047 34.544365 34.552174 34.53331 34.5658 34.587723 34.591038 34.52666 34.564663 34.58996 34.567677 34.47579 34.523468 34.57799 34.51733 34.52895 34.681705 34.671192 34.871204 34.704296 34.62642 34.619297 34.66938 34.660755 34.69792 34.708084
34.39559 34.399258 34.404686 34.418064 34.487003 34.633293 34.575256 34.49218 34.516663 34.553234 34.539417 34.636063 34.620914 34.60433 34.508713 34.50658 34.680893 34.66798 34.621235 34.60265 34.601475 34.529175 34.4588 34.42547 34.451656 34.55216 34.624428 34.638336 34.577766 34.570213 34.588367 34.61062 34.61442 34.59458 34.557068 34.549755 34.53303 34.52485 34.533646 34.570026 34.56725 34.58968 34.55186 34.532707 34.59259 34.589832 34.57959 34.47146 34.515488 34.513607 34.525707 34.657867 34.795574 34.91373 34.691437 34.65542 34.59991 34.61376 34.686317 34.681446 34.69707
34.39788 34.396767 34.4315 34.499737 34.59402 34.647923 34.46191 34.507618 34.53708 34.56923 34.628056 34.621822 34.621227 34.597183 34.583576 34.63516 34.619373 34.606644 34.609352 34.58961 34.581078 34.504745 34.371284 34.311253 34.330036 34.411266 34.55814 34.625267 34.606655 34.55358 34.53722 34.564186 34.59713 34.614937 34.578815 34.56576 34.544426 34.51044 34.5068 34.538097 34.546204 34.59696 34.578655 34.529762 34.6129 34.58481 34.55037 34.572712 34.519047 34.511154 34.508858 34.64172 34.870872 34.915543 34.793736 34.73378 34.690346 34.702095 34.687756 34.688354 34.735252
34.36469 34.4058 34.50578 34.59429 34.631496 34.487526 34.43685 34.533695 34.556194 34.596035 34.63851 34.614315 34.62196 34.62457 34.628056 34.61498 34.63018 34.627316 34.623127 34.61644 34.58062 34.507256 34.34897 34.26598 34.233986 34.30051 34.41147 34.55853 34.599533 34.586426 34.587914 34.55539 34.5849 34.610527 34.583904 34.579823 34.56955 34.55069 34.523087 34.51405 34.563282 34.60715 34.560795 34.53411 34.612396 34.56046 34.5313 34.540344 34.57306 34.54981 34.501682 34.643795 34.851044 34.834034 34.858906 34.835476 34.78278 34.73777 34.707424 34.71801 34.73719
34.28654 34.385128 34.54735 34.64374 34.700138 34.428036 34.466473 34.591385 34.57519 34.64073 34.61522 34.623592 34.621773 34.62825 34.60124 34.623817 34.60389 34.57269 34.56523 34.579433 34.600475 34.609882 34.465496 34.35298 34.25603 34.20648 34.34605 34.507957 34.58062 34.58041 34.586643 34.550056 34.559597 34.584503 34.57064 34.5657 34.572353 34.564003 34.56951 34.5897 34.59632 34.58817 34.515366 34.538597 34.602055 34.54611 34.520042 34.519867 34.561478 34.55938 34.501625 34.639668 34.84258 34.769558 34.78954 34.82239 34.78708 34.752827 34.759228 34.74523 34.733524
34.36748 34.431744 34.579185 34.625744 34.622353 34.430817 34.491554 34.618217 34.596886 34.66786 34.63301 34.623512 34.6151 34.61361 34.60328 34.5928 34.566658 34.528763 34.500546 34.55525 34.592407 34.596493 34.602108 34.46819 34.43522 34.238556 34.214115 34.44379 34.5618 34.56296 34.553234 34.551178 34.591904 34.574615 34.559032 34.559628 34.58664 34.6095 34.628323 34.572876 34.54176 34.546818 34.471153 34.573 34.59297 34.53248 34.517876 34.522606 34.559177 34.512596 34.50701 34.62866 34.780087 34.8501 34.75431 34.781834 34.793816 34.80553 34.814648 34.793804 34.804672
34.55998 34.547157 34.56004 34.631664 34.600967 34.45137 34.571186 34.609795 34.60509 34.68423 34.662144 34.617325 34.60764 34.60419 34.585606 34.573006 34.550163 34.52947 34.53114 34.597595 34.611996 34.588974 34.53152 34.563343 34.539696 34.38416 34.19265 34.262333 34.54415 34.529953 34.510063 34.519352 34.588795 34.597015 34.561886 34.541805 34.54486 34.609474 34.60637 34.56487 34.535023 34.50314 34.473824 34.607937 34.57632 34.536533 34.530754 34.54945 34.51043 34.47987 34.54456 34.62889 34.70333 34.78349 34.846832 34.79874 34.794502 34.802906 34.80161 34.780766 34.741505
34.60172 34.626595 34.631367 34.643024 34.636936 34.46667 34.591488 34.600765 34.610073 34.693096 34.69637 34.6325 34.613243 34.59787 34.583973 34.57175 34.570335 34.593613 34.622383 34.600437 34.54021 34.484188 34.471355 34.46089 34.467194 34.39807 34.28503 34.13004 34.479897 34.518852 34.498966 34.50014 34.52946 34.562958 34.57183 34.538498 34.51901 34.572384 34.56988 34.557278 34.526253 34.463566 34.50844 34.62049 34.57522 34.536846 34.536224 34.529564 34.473164 34.492794 34.538082 34.61299 34.664757 34.79116 34.83924 34.817574 34.797207 34.76567 34.699833 34.600857 34.541023
34.611134 34.615868 34.624054 34.64414 34.660076 34.479992 34.596592 34.60297 34.61939 34.710537 34.722126 34.687996 34.66422 34.651527 34.64935 34.650547 34.636173 34.585094 34.498688 34.400574 34.33727 34.311924 34.308643 34.320377 34.322956 34.283092 34.219177 34.18456 34.299564 34.501324 34.496536 34.480038 34.47105 34.485687 34.50857 34.50169 34.50939 34.525818 34.577457 34.52915 34.51255 34.463634 34.536484 34.622307 34.58633 34.529984 34.53262 34.51866 34.492596 34.49445 34.51907 34.600647 34.731937 34.783245 34.748093 34.689766 34.588795 34.47834 34.43202 34.403378 34.416264
34.57239 34.54139 34.57531 34.625618 34.6394 34.622944 34.604824 34.604073 34.623043 34.670815 34.661983 34.64915 34.634193 34.61053 34.57767 34.524334 34.44821 34.362873 34.289078 34.337772 34.37617 34.37664 34.372066 34.337276 34.31441 34.30915 34.30882 34.202778 34.183952 34.486176 34.492367 34.43226 34.385876 34.40711 34.469963 34.500294 34.505985 34.53153 34.55588 34.53971 34.485966 34.52329 34.571117 34.61543 34.609875 34.531208 34.514034 34.496494 34.485073 34.51457 34.581516 34.718693 34.723442 34.616604 34.53285 34.444767 34.367905 34.3415 34.341366 34.353546 34.35441
34.576263 34.513485 34.553123 34.62208 34.629326 34.645103 34.615967 34.606564 34.61793 34.629597 34.6156 34.525036 34.4768 34.43792 34.399887 34.317913 34.267773 34.293438 34.469303 34.344177 34.263126 34.313587 34.345486 34.341267 34.392746 34.463505 34.487015 34.268166 34.152424 34.49237 34.553146 34.450222 34.30368 34.387848 34.45525 34.485664 34.50704 34.5081 34.52237 34.543312 34.491684 34.542904 34.599373 34.602978 34.64806 34.587013 34.53845 34.529995 34.532204 34.644012 34.75818 34.67107 34.565655 34.45907 34.34447 34.33386 34.371933 34.424244 34.450447 34.439655 34.380886
34.61071 34.512604 34.59143 34.653645 34.638985 34.644577 34.624096 34.606926 34.601936 34.612762 34.518585 34.473606 34.27851 34.22606 34.223984 34.199253 34.432034 34.46556 34.362087 34.288445 34.290783 34.33298 34.361965 34.354275 34.412968 34.312546 34.311787 34.284298 34.11942 34.466625 34.526005 34.34139 34.253452 34.405766 34.49569 34.503456 34.501972 34.490685 34.544052 34.542496 34.503757 34.496662 34.604782 34.608234 34.62929 34.680695 34.66845 34.69867 34.739456 34.740646 34.632835 34.56519 34.415253 34.392582 34.365032 34.364456 34.39892 34.447884 34.466557 34.48608 34.392162
34.57141 34.52756 34.66807 34.649796 34.65455 34.64788 34.628323 34.601837 34.627014 34.613758 34.519405 34.376747 34.162704 34.148872 34.18632 34.264606 34.39736 34.401608 34.354412 34.350925 34.421326 34.45613 34.46011 34.44865 34.38529 34.36271 34.12509 34.1672 34.11555 34.25189 34.2906 34.217323 34.216778 34.460983 34.521107 34.512547 34.492615 34.500626 34.561855 34.550426 34.5379 34.460915 34.562244 34.593773 34.612137 34.636536 34.684406 34.718067 34.693966 34.634193 34.574665 34.442093 34.44607 34.424797 34.38552 34.34587 34.376026 34.46341 34.471756 34.48236 34.367344
34.501423 34.57348 34.65889 34.652523 34.66969 34.6457 34.628277 34.601467 34.600098 34.549404 34.519115 34.412292 34.159206 34.115005 34.15671 34.233303 34.372696 34.358173 34.403763 34.460922 34.510735 34.503628 34.48013 34.473915 34.474636 34.446236 34.37904 34.142307 34.062885 34.0939 34.117085 34.145706 34.372902 34.48566 34.504375 34.486225 34.5007 34.542084 34.577747 34.562435 34.530987 34.480686 34.49476 34.54957 34.59846 34.63323 34.640404 34.64755 34.635567 34.5843 34.505535 34.495396 34.56557 34.58107 34.48644 34.366333 34.342552 34.480465 34.480545 34.450146 34.344326
34.47255 34.52777 34.663593 34.65056 34.671776 34.652733 34.637344 34.619553 34.624672 34.530632 34.532215 34.495075 34.203835 34.094406 34.14897 34.363182 34.339138 34.367157 34.50219 34.520855 34.460957 34.443104 34.44985 34.4594 34.493614 34.530735 34.516712 34.48339 34.345383 34.246544 34.2419 34.322155 34.42703 34.458694 34.457966 34.454735 34.529804 34.55545 34.55218 34.56237 34.50171 34.518677 34.521248 34.556637 34.61857 34.641914 34.641617 34.621788 34.57921 34.572376 34.54986 34.64418 34.704536 34.709488 34.60507 34.45764 34.342293 34.403275 34.486614 34.440376 34.367825
