static/data/salinity/2023/7/31/6.asc
ncols 137
nrows 93
xllcorner 108.0
yllcorner 17.0
cellsize 0.25
NODATA_value -32767
[rows 56 to 83 of 93, columns 61 to 121 of 137]
34.281937 34.32248 34.347775 34.34462 34.343063 34.343063 34.317104 34.258 34.25213 34.3287 34.39879 34.422062 34.474854 34.55129 34.57318 34.54101 34.525692 34.538536 34.55981 34.59352 34.653328 34.618996 34.595688 34.57333 34.56178 34.523514 34.426422 34.392426 34.42691 34.49306 34.511124 34.50384 34.442867 34.375122 34.30527 34.32004 34.41365 34.399555 34.374783 34.383743 34.40755 34.399532 34.382572 34.419083 34.511616 34.575886 34.536964 34.53601 34.61972 34.613686 34.619316 34.54984 34.54505 34.55885 34.620384 34.59035 34.58801 34.60134 34.598873 34.58749 34.72848
34.3828 34.374783 34.349766 34.342403 34.321785 34.2606 34.27812 34.341396 34.374233 34.37415 34.40835 34.442352 34.527557 34.607304 34.585224 34.563164 34.54152 34.525425 34.60309 34.655052 34.63382 34.59309 34.581623 34.5795 34.56593 34.546318 34.537956 34.35496 34.390755 34.482452 34.4903 34.448063 34.37754 34.300533 34.328247 34.437046 34.38081 34.341934 34.371525 34.39508 34.394375 34.39157 34.399982 34.42428 34.506115 34.589405 34.605057 34.517944 34.61416 34.609035 34.60755 34.539787 34.551548 34.59812 34.622658 34.629356 34.60382 34.588856 34.605324 34.84362 34.96553
34.377125 34.370674 34.369854 34.33894 34.277798 34.34939 34.340973 34.305824 34.297 34.36153 34.37055 34.465855 34.518795 34.577297 34.603573 34.545506 34.555454 34.528004 34.60487 34.59917 34.61372 34.58253 34.606895 34.596153 34.57184 34.602154 34.6355 34.346325 34.410263 34.42889 34.461605 34.40028 34.324955 34.28448 34.39203 34.460934 34.39894 34.34453 34.35663 34.424187 34.418102 34.401497 34.408993 34.42701 34.511513 34.596294 34.58695 34.54685 34.582523 34.602585 34.612923 34.563335 34.54873 34.57387 34.598427 34.585625 34.614185 34.604305 34.74928 34.93009 35.0161
34.409233 34.42614 34.34914 34.312126 34.322685 34.371014 34.337112 34.283714 34.389225 34.41696 34.33954 34.462936 34.51719 34.548836 34.574005 34.549137 34.547806 34.604874 34.59863 34.61664 34.582687 34.630478 34.60839 34.59222 34.54474 34.629833 34.687443 34.38452 34.38826 34.41035 34.456955 34.38176 34.31434 34.27568 34.39896 34.489716 34.474777 34.41399 34.30719 34.378876 34.449287 34.45749 34.46866 34.46575 34.50239 34.57997 34.56361 34.52876 34.513718 34.549496 34.574333 34.625748 34.649155 34.626736 34.620132 34.627277 34.616734 34.704365 34.92659 34.98742 35.037693
34.452885 34.420406 34.377487 34.329018 34.32142 34.390263 34.294243 34.278114 34.4166 34.44875 34.341892 34.449253 34.555107 34.50288 34.59929 34.621014 34.594276 34.62838 34.597683 34.57857 34.592674 34.62572 34.606182 34.535175 34.440624 34.67186 34.715 34.437225 34.375763 34.395725 34.40711 34.409996 34.303032 34.231323 34.25272 34.339413 34.374233 34.327248 34.31456 34.376774 34.411053 34.437687 34.4533 34.503937 34.537605 34.58035 34.587093 34.532463 34.501972 34.49656 34.516964 34.564003 34.712074 34.68971 34.642563 34.616516 34.684868 34.9257 34.97987 35.039597 34.96574
34.45313 34.354534 34.340427 34.309322 34.30267 34.38682 34.30946 34.293034 34.346577 34.50133 34.28875 34.391445 34.557415 34.577156 34.580456 34.605186 34.636024 34.59674 34.582363 34.580257 34.58714 34.5619 34.424564 34.387493 34.67468 34.70686 34.716103 34.464638 34.39114 34.3712 34.39254 34.43293 34.370113 34.278366 34.229523 34.231113 34.26693 34.318348 34.388485 34.412525 34.419308 34.43341 34.486275 34.528427 34.560738 34.58528 34.579502 34.553223 34.52189 34.505684 34.509026 34.59973 34.768726 34.710777 34.65054 34.674946 34.89196 34.985966 34.99197 34.993214 34.873077
34.36735 34.358154 34.349976 34.314846 34.337833 34.372635 34.33358 34.31639 34.30854 34.290295 34.30068 34.34732 34.51419 34.56339 34.613464 34.612804 34.576324 34.57769 34.59565 34.575665 34.546623 34.359913 34.46072 34.6921 34.66686 34.6833 34.708157 34.57761 34.486706 34.374886 34.37529 34.40631 34.398537 34.34286 34.287567 34.279785 34.313133 34.346176 34.353264 34.39475 34.45941 34.526302 34.53345 34.50807 34.505215 34.532906 34.537758 34.572624 34.52209 34.523273 34.504414 34.716347 34.81464 34.717163 34.674244 34.843597 34.893223 34.931026 34.870037 34.934784 34.90407
34.303314 34.399143 34.404522 34.35719 34.367992 34.38961 34.36339 34.353394 34.371048 34.350018 34.363243 34.401268 34.505497 34.608204 34.610065 34.549835 34.561424 34.58628 34.561726 34.509758 34.380177 34.60233 34.69302 34.669903 34.65455 34.65547 34.66425 34.68148 34.656387 34.63382 34.52485 34.366684 34.373196 34.363907 34.342422 34.343983 34.36275 34.392986 34.45097 34.52406 34.54004 34.520786 34.522583 34.518726 34.51938 34.49408 34.50889 34.56382 34.515923 34.52466 34.535595 34.79614 34.80809 34.71815 34.73121 34.83172 34.779556 34.797314 34.747246 34.729546 34.694664
34.422108 34.402412 34.38154 34.370663 34.369026 34.381886 34.400677 34.435917 34.435287 34.41798 34.45166 34.45143 34.52842 34.626907 34.568905 34.537987 34.53806 34.476868 34.418163 34.47906 34.7053 34.708267 34.69017 34.69767 34.692707 34.68533 34.68829 34.677357 34.64863 34.626102 34.621986 34.60687 34.58102 34.550793 34.54484 34.554764 34.555027 34.54239 34.522964 34.51848 34.55019 34.516117 34.506237 34.50617 34.49584 34.474094 34.51471 34.540802 34.517906 34.506805 34.564884 34.78543 34.786522 34.69622 34.857872 34.74741 34.641705 34.66124 34.620953 34.629093 34.639835
34.41467 34.421696 34.441547 34.472202 34.483116 34.454586 34.40576 34.417477 34.47508 34.501106 34.531883 34.503742 34.57968 34.628098 34.563934 34.5458 34.449356 34.500607 34.64306 34.737297 34.703003 34.671505 34.659523 34.67219 34.68677 34.70566 34.716915 34.691475 34.641323 34.625683 34.61885 34.61293 34.59749 34.578148 34.56882 34.557476 34.552116 34.549915 34.548428 34.555332 34.53284 34.531002 34.574078 34.55403 34.51289 34.48689 34.498993 34.547913 34.53341 34.485756 34.56946 34.725605 34.713036 34.762016 34.814896 34.677765 34.626503 34.62335 34.697132 34.734406 34.73152
34.42832 34.44589 34.484146 34.524372 34.579483 34.576614 34.47501 34.46094 34.484035 34.526524 34.545326 34.559246 34.645897 34.626865 34.57814 34.528645 34.48176 34.683506 34.729553 34.68414 34.660236 34.617043 34.55857 34.56187 34.590794 34.641388 34.67093 34.707146 34.671158 34.649754 34.64672 34.627796 34.595654 34.544403 34.556084 34.551296 34.541573 34.566456 34.552067 34.576145 34.577114 34.530743 34.56669 34.599068 34.58546 34.525692 34.450584 34.534103 34.57866 34.502857 34.56974 34.678547 34.68705 34.91287 34.71181 34.648792 34.616383 34.666245 34.69238 34.69943 34.724133
34.425087 34.41785 34.417778 34.432335 34.482697 34.642094 34.570004 34.487682 34.528442 34.547813 34.538105 34.624306 34.626865 34.632618 34.573452 34.562935 34.661148 34.663532 34.618607 34.60775 34.616596 34.567074 34.47938 34.437428 34.43656 34.509945 34.635876 34.653965 34.65939 34.63733 34.630966 34.6441 34.634453 34.57268 34.531944 34.53963 34.549805 34.556168 34.570168 34.58422 34.599773 34.587894 34.51926 34.586117 34.601006 34.578876 34.57531 34.476803 34.517376 34.515697 34.55964 34.65069 34.828564 34.932526 34.723087 34.68265 34.621464 34.61775 34.68649 34.711594 34.695118
34.39389 34.411037 34.437973 34.48027 34.573475 34.6612 34.533207 34.499363 34.548035 34.573257 34.587605 34.62786 34.625374 34.62384 34.627274 34.636833 34.611828 34.61562 34.631653 34.615993 34.60349 34.557976 34.42703 34.331547 34.320168 34.38053 34.512913 34.63948 34.638123 34.63936 34.611595 34.611473 34.628307 34.602856 34.533607 34.525444 34.522617 34.52459 34.555836 34.565964 34.57814 34.607216 34.5204 34.593037 34.605534 34.538048 34.545834 34.579384 34.52845 34.53321 34.53725 34.643616 34.875256 34.91858 34.837746 34.766876 34.70802 34.71256 34.7083 34.697304 34.734352
34.38694 34.407997 34.496696 34.596603 34.64365 34.504498 34.443687 34.51574 34.55968 34.585144 34.66689 34.603817 34.6242 34.625698 34.633865 34.61446 34.634216 34.633087 34.631443 34.6358 34.62614 34.551754 34.39684 34.295486 34.235195 34.278027 34.401886 34.568703 34.6258 34.61703 34.62107 34.584854 34.615044 34.6202 34.59685 34.561035 34.551044 34.5277 34.510822 34.560925 34.605648 34.58916 34.513412 34.603054 34.576584 34.539413 34.520027 34.54314 34.571377 34.54744 34.527355 34.64345 34.864292 34.81136 34.868996 34.84734 34.791058 34.748405 34.71692 34.730286 34.762352
34.38974 34.398415 34.59743 34.673363 34.70277 34.42845 34.46073 34.572865 34.570408 34.6103 34.66417 34.608948 34.61647 34.6249 34.603527 34.617172 34.598896 34.57371 34.56921 34.57571 34.62482 34.633305 34.50728 34.38678 34.269825 34.19119 34.32276 34.529987 34.603645 34.61306 34.59129 34.592365 34.60059 34.584248 34.581364 34.57425 34.566505 34.5771 34.584854 34.593098 34.59115 34.53615 34.489216 34.60655 34.566826 34.53099 34.509583 34.52849 34.56148 34.511204 34.526527 34.636974 34.8507 34.764416 34.795666 34.831146 34.789547 34.765926 34.77576 34.739613 34.757534
34.365124 34.499477 34.619755 34.652485 34.571827 34.429108 34.471523 34.63177 34.582466 34.634274 34.678215 34.61395 34.61445 34.61464 34.59681 34.57904 34.55416 34.529987 34.509552 34.573795 34.607136 34.603146 34.624584 34.49706 34.450687 34.21824 34.206226 34.481636 34.591713 34.565834 34.560997 34.590576 34.628193 34.566006 34.55541 34.579628 34.63098 34.638794 34.56202 34.53523 34.55639 34.481857 34.48844 34.60931 34.569904 34.52121 34.52689 34.54656 34.534286 34.473408 34.54761 34.632336 34.76033 34.854786 34.753963 34.794067 34.80711 34.822693 34.819912 34.78686 34.804867
34.50921 34.546936 34.596607 34.65473 34.506355 34.451332 34.570198 34.627167 34.591766 34.65646 34.69495 34.62875 34.613827 34.598457 34.573524 34.55528 34.534454 34.51804 34.554153 34.597664 34.615993 34.56991 34.531418 34.566742 34.564327 34.30462 34.155617 34.287426 34.58299 34.534912 34.52443 34.552002 34.621845 34.6073 34.54735 34.514492 34.565823 34.60709 34.565784 34.52825 34.5203 34.459103 34.518158 34.62005 34.567238 34.53563 34.53468 34.550625 34.47863 34.48456 34.5412 34.61967 34.691204 34.802578 34.835663 34.791546 34.804657 34.817474 34.816914 34.80797 34.781597
34.58793 34.61605 34.623283 34.660774 34.56106 34.460262 34.589203 34.620422 34.59903 34.679626 34.70904 34.669674 34.62506 34.604294 34.59314 34.586765 34.590763 34.61134 34.62113 34.579163 34.497604 34.451042 34.42938 34.42138 34.40172 34.29203 34.19728 34.11365 34.501408 34.515575 34.51285 34.496265 34.51441 34.540035 34.520546 34.50191 34.506565 34.564358 34.58608 34.52949 34.497665 34.454792 34.540115 34.625717 34.581394 34.53139 34.536224 34.530743 34.48845 34.49183 34.51141 34.605022 34.685055 34.805412 34.831367 34.795227 34.78365 34.761032 34.693104 34.631878 34.600636
34.607243 34.62855 34.63605 34.651894 34.653572 34.508366 34.599262 34.616634 34.60253 34.69231 34.718353 34.704834 34.68413 34.671474 34.660027 34.642857 34.60327 34.527943 34.43197 34.34944 34.297718 34.285084 34.28831 34.28676 34.25599 34.218155 34.228127 34.107124 34.380028 34.51192 34.490005 34.454494 34.434013 34.478386 34.493866 34.48375 34.508892 34.54371 34.58473 34.5219 34.490902 34.48087 34.55342 34.619743 34.60789 34.53495 34.526672 34.50998 34.485615 34.499477 34.53028 34.604237 34.757538 34.787502 34.759533 34.68209 34.581013 34.49575 34.428448 34.421764 34.448288
34.607117 34.59047 34.60837 34.632523 34.64017 34.642277 34.61422 34.614113 34.600517 34.663143 34.641205 34.62952 34.607487 34.576942 34.53361 34.4682 34.37976 34.27969 34.291958 34.36477 34.367195 34.38601 34.389874 34.368984 34.3819 34.442398 34.387707 34.11865 34.302208 34.531918 34.506992 34.392113 34.362755 34.435963 34.468918 34.49469 34.480125 34.500942 34.52362 34.539005 34.49925 34.49017 34.57789 34.604546 34.643612 34.59325 34.531788 34.51148 34.487896 34.53165 34.587936 34.741833 34.715816 34.604275 34.518932 34.44618 34.381813 34.342 34.36057 34.37107 34.38099
34.56643 34.52149 34.557648 34.616444 34.6299 34.64344 34.627483 34.616394 34.595196 34.625294 34.607025 34.504448 34.454365 34.41364 34.330296 34.284485 34.23829 34.40919 34.44854 34.286728 34.26772 34.31818 34.320942 34.355938 34.437603 34.39112 34.4272 34.14183 34.263992 34.531116 34.51052 34.325584 34.30246 34.454838 34.481182 34.47628 34.473465 34.476467 34.51741 34.553772 34.53207 34.43121 34.591057 34.601933 34.61604 34.657787 34.62431 34.60456 34.60452 34.681644 34.773212 34.67764 34.580536 34.50006 34.365818 34.31125 34.3521 34.417168 34.45216 34.44899 34.38923
34.605564 34.517513 34.560467 34.652115 34.639935 34.647743 34.632847 34.61767 34.596786 34.61047 34.50286 34.460743 34.27687 34.24173 34.219494 34.23206 34.479134 34.437943 34.32096 34.27584 34.30346 34.344032 34.37258 34.349617 34.40853 34.22576 34.219715 34.153168 34.178944 34.401638 34.29959 34.227543 34.31449 34.48964 34.503933 34.490673 34.466335 34.495075 34.54923 34.556824 34.539417 34.44674 34.551243 34.605045 34.608124 34.630165 34.69358 34.721996 34.752766 34.754955 34.670128 34.578976 34.48943 34.37516 34.351048 34.35166 34.40352 34.451706 34.46632 34.49475 34.39477
34.586502 34.506397 34.63405 34.656414 34.651215 34.65559 34.634254 34.614532 34.61963 34.606907 34.511845 34.33836 34.146835 34.171688 34.18999 34.305077 34.424484 34.37151 34.348267 34.35505 34.437645 34.460964 34.468487 34.45629 34.3943 34.353657 34.116837 34.074398 34.108498 34.18503 34.165024 34.13033 34.399803 34.484135 34.48963 34.47404 34.494923 34.528057 34.564564 34.548126 34.565964 34.498165 34.460823 34.54402 34.584312 34.618057 34.637344 34.67768 34.70307 34.664257 34.596275 34.506084 34.412342 34.41362 34.36476 34.35258 34.365685 34.451183 34.471508 34.49659 34.382557
34.53708 34.520016 34.662827 34.637505 34.669598 34.658485 34.64294 34.61991 34.592804 34.533577 34.50627 34.33746 34.105114 34.129646 34.16043 34.25601 34.36312 34.35938 34.40268 34.456585 34.50861 34.50303 34.47658 34.477272 34.481956 34.46347 34.41738 34.245842 34.10687 34.114365 34.17995 34.31448 34.430176 34.455734 34.454166 34.45727 34.51727 34.55239 34.562717 34.545784 34.570045 34.50228 34.48292 34.510765 34.568024 34.623955 34.64203 34.643623 34.643616 34.595337 34.57856 34.479427 34.502728 34.52372 34.467754 34.38625 34.334957 34.4328 34.48416 34.47924 34.363163
34.507034 34.499744 34.630272 34.63957 34.66888 34.666313 34.652145 34.632275 34.649757 34.530067 34.532085 34.449284 34.13233 34.103348 34.15049 34.374977 34.331238 34.35108 34.48701 34.51996 34.467384 34.44478 34.447533 34.454502 34.48984 34.52673 34.500668 34.485775 34.44059 34.383957 34.354603 34.39016 34.434326 34.433975 34.41727 34.456192 34.506275 34.530003 34.542336 34.550987 34.5335 34.509483 34.529404 34.53821 34.59383 34.621216 34.637024 34.62463 34.603443 34.599323 34.560966 34.564358 34.643276 34.69107 34.620102 34.49725 34.372017 34.339546 34.48153 34.48581 34.42018
34.488144 34.472282 34.48727 34.593445 34.663063 34.669254 34.667686 34.618595 34.519897 34.531887 34.512226 34.475613 34.136814 34.093758 34.18718 34.434116 34.336945 34.383026 34.492676 34.444084 34.432835 34.44929 34.441906 34.439255 34.424667 34.416977 34.408432 34.440586 34.468235 34.474747 34.4493 34.43489 34.458786 34.376366 34.38746 34.462868 34.49048 34.50992 34.525536 34.542477 34.50437 34.530983 34.546593 34.53835 34.552113 34.58575 34.60493 34.61061 34.575523 34.603004 34.666496 34.69352 34.72189 34.72706 34.671562 34.55636 34.43205 34.336437 34.33446 34.481377 34.473476
34.513683 34.492153 34.479496 34.47424 34.475986 34.487686 34.4985 34.502872 34.499443 34.512768 34.47574 34.47146 34.164288 34.094543 34.19236 34.446014 34.342907 34.375877 34.446056 34.4601 34.467957 34.455166 34.46792 34.47085 34.428295 34.377586 34.410397 34.44347 34.44976 34.45724 34.452164 34.427654 34.366226 34.412224 34.46673 34.460186 34.475067 34.512287 34.53103 34.521122 34.536964 34.544693 34.48487 34.498287 34.521595 34.53372 34.56914 34.594536 34.621613 34.65681 34.739605 34.756466 34.769833 34.71176 34.58663 34.48533 34.40521 34.349625 34.32565 34.300022 34.415684
34.601875 34.585217 34.57143 34.558685 34.547813 34.529835 34.513073 34.48996 34.453964 34.418934 34.391132 34.31184 34.130726 34.10685 34.229073 34.43496 34.331306 34.34743 34.44005 34.484734 34.492397 34.49997 34.530598 34.47701 34.445793 34.390675 34.412743 34.44121 34.45421 34.45015 34.38797 34.383747 34.429165 34.449615 34.4495 34.449947 34.48985 34.517666 34.52323 34.5545 34.59313 34.579514 34.52242 34.526638 34.550697 34.530666 34.536987 34.579193 34.66766 34.699554 34.743366 34.75145 34.700783 34.570675 34.532204 34.470554 34.39843 34.34008 34.322968 34.31164 34.293762
