static/data/pressure/2023/7/16/0.asc
ncols 137
nrows 93
xllcorner 108.0
yllcorner 17.0
cellsize 0.25
NODATA_value -32767
[rows 0 to 18 of 93, columns 43 to 85 of 137]
100.60989702707035 100.61260425091177 100.61531147475318 100.61720653144218 100.59139766415394 100.57795178574155 100.56531807448157 100.55683543977844 100.54564558123388 100.53364355553691 100.52218297460823 100.5105419120901 100.50079590626098 100.50070566546626 100.50151783261869 100.49872036798254 100.489425566127 100.46478982917004 100.4466514294325 100.43392747737782 100.42409123075399 100.41551835525614 100.40893077724202 100.41434522492486 100.4325738654571 100.4499000980422 100.46208260532862 100.46334597645462 100.47643089168817 100.50178855500283 100.55051858414845 100.59789500137336 100.63119385462286 100.57082276295912 100.46352645804404 100.37509047922423 100.34765727763113 100.32789454358873 100.30542458570493 100.28683498199382 100.28006692239025 100.27808162490653 100.2797059592114
100.59581946309493 100.59302199845881 100.59004405223324 100.58318575183496 100.57596648825783 100.57082276295912 100.56721313117056 100.55764760693087 100.54627726679688 100.53445572268934 100.52633405116508 100.51676852692538 100.50954926334825 100.50458601963896 100.49240351235257 100.47670161407231 100.46045827102375 100.4460197438695 100.43780783155053 100.43040808638396 100.42246689644912 100.41705244876627 100.41470618810371 100.41633052240856 100.42977640082097 100.43582253406682 100.43816879472938 100.43735662757696 100.46090947499734 100.49890084957198 100.54510413646561 100.58679538362352 100.58020780560939 100.52452923527079 100.40198223604902 100.35857641379154 100.34395740504785 100.3424233115377 100.32527756054202 100.32554828292616 100.33240658332444 100.33827223498086 100.3436866826637
100.58381743739795 100.58318575183496 100.5815614175301 100.57822250812569 100.57578600666841 100.5719056524957 100.56531807448157 100.55683543977844 100.5477211195123 100.53797511368319 100.52822910785407 100.51839286123023 100.5091883001694 100.49980325751912 100.48509400798072 100.47191885195247 100.46090947499734 100.4523365994995 100.44358324241222 100.43591277486154 100.42896423366854 100.42779110333726 100.42797158492668 100.43022760479454 100.43654446042453 100.44096625936552 100.4459295030748 100.45477310095679 100.4759796877146 100.5066615579174 100.54230667182948 100.57704937779441 100.5590914596463 100.50359337089711 100.4134428169777 100.39368008293532 100.39331911975646 100.39828236346574 100.38239998359606 100.38131709405948 100.38619009697405 100.39016069194147 100.40026766094945
100.58354671501381 100.58390767819267 100.5828247886561 100.57903467527812 100.57659817382084 100.57244709726399 100.56640096401813 100.56008410838815 100.55169171447973 100.54329932057132 100.53472644507347 100.52534140242322 100.51469298864694 100.50296168533411 100.49095965963714 100.48157461698686 100.47227981513132 100.46217284612332 100.4523365994995 100.44430516876993 100.43807855393467 100.43834927631882 100.4407857777761 100.4472831149955 100.45378045221493 100.45946562228191 100.46668488585904 100.47579920612517 100.49123038202129 100.51839286123023 100.5553013462683 100.59121718256452 100.5776810633574 100.52759742229108 100.45784128797706 100.42318882280684 100.4153378736667 100.41678172638214 100.4222864148597 100.42517412029055 100.43103977194696 100.42752038095311 100.43582253406682
100.58580273488167 100.58634417964996 100.58553201249752 100.5821931030931 100.57930539766225 100.57605672905255 100.57145444852213 100.56468638891856 100.55665495818901 100.54835280507531 100.53968968878276 100.52922175659592 100.5183026204355 100.50602987235439 100.4965545889094 100.48671834228557 100.47670161407231 100.46614344109075 100.45757056559292 100.45314876665192 100.45008057963165 100.45134395075765 100.45666815764578 100.46379718042819 100.47191885195247 100.48121365380801 100.48933532533229 100.49583266255169 100.50765420665925 100.53409475951048 100.56604000083928 100.59527801832665 100.60078270680421 100.60944582309678 100.57542504348955 100.52281466017122 100.47182861115775 100.45369021142021 100.44421492797522 100.44547829910121 100.45035130201579 100.45341948903607 100.45504382334092
100.5892318850808 100.58760755077596 100.58634417964996 100.58372719660325 100.58065900958296 100.57741034097326 100.57398119077412 100.56784481673355 100.55981338600401 100.55033810255902 100.53968968878276 100.52958271977477 100.5201074363298 100.50909805937468 100.4990813311614 100.48897436215343 100.47895763394015 100.47209933354189 100.46803849777974 100.46379718042819 100.46433862519648 100.46885066493218 100.47435535340975 100.48383063685472 100.49294495712086 100.50205927738698 100.50882733699054 100.51415154387865 100.52877055262235 100.54745039712817 100.57533480269484 100.58769779157066 100.60718980322892 100.61621388270032 100.63002072429158 100.63020120588101 100.57903467527812 100.55457941991058 100.49041821486885 100.48635737910672 100.47209933354189 100.47643089168817 100.47634065089346
100.59094646018038 100.58932212587553 100.58715634680239 100.58444912296096 100.58129069514595 100.57722985938383 100.57371046838998 100.568025298323 100.56089627554059 100.55142099209559 100.54005065196162 100.53057536851662 100.52091960348223 100.51108335685838 100.50332264851298 100.493215679505 100.48735002784858 100.4836501552653 100.48022100506616 100.48247702493401 100.48428184082829 100.48960604771642 100.49691555208827 100.50648107632797 100.51740021248837 100.52831934864878 100.53517764904706 100.53544837143119 100.54582606282331 100.56441566653442 100.57010083660141 100.56901794706485 100.5879685139548 100.60321920826149 100.6255989253506 100.63742046945814 100.67216317542308 100.65745392588468 100.58002732401997 100.50494698281783 100.490688937253 100.49168158599485 100.4990813311614
100.59464633276366 100.59220983130638 100.59040501541209 100.58706610600767 100.58264430706667 100.57804202653627 100.57289830123756 100.56793505752827 100.56143772030886 100.55421845673173 100.54447245090262 100.53571909381533 100.52732669990694 100.5188440652038 100.51342961752094 100.50846637381169 100.50377385248655 100.50232999977112 100.50359337089711 100.50584939076496 100.51027118970596 100.51532467420995 100.52218297460823 100.53030464613248 100.54221643103476 100.55142099209559 100.55647447659959 100.55548182785773 100.56134747951415 100.562340128256 100.56414494415027 100.56134747951415 100.56964963262784 100.58896116269666 100.6172967722369 100.6499639399234 100.66810233966093 100.69517457807518 100.64003745250486 100.58715634680239 100.51144432003723 100.50422505646011 100.51721973089894
100.60159487395664 100.5975340381945 100.5962706670685 100.59266103527995 100.58905140349138 100.58381743739795 100.57704937779441 100.57407143156884 100.56928866944898 100.56206940587185 100.55439893832116 100.54745039712817 100.54357004295547 100.53671174255719 100.53247042520563 100.53066560931134 100.52859007103291 100.53003392374835 100.53192898043734 100.53517764904706 100.53752390970962 100.54158474547175 100.54790160110174 100.55196243686387 100.55927194123572 100.56396446256085 100.563603499382 100.56477662971328 100.56315229540841 100.55972314520929 100.55791832931502 100.56441566653442 100.5750640803107 100.59915837249936 100.637149747074 100.6499639399234 100.65934898257368 100.69327952138619 100.70004758098973 100.66368054071994 100.58453936375567 100.52642429195978 100.53247042520563
100.61079943501748 100.60565570971877 100.60502402415578 100.6026777634932 100.59969981726763 100.59581946309493 100.5962706670685 100.59392440640595 100.58968308905438 100.5796663608411 100.57073252216442 100.56441566653442 100.56179868348772 100.55945242282516 100.55746712534145 100.5565647173943 100.5565647173943 100.55891097805687 100.56017434918287 100.56152796110358 100.563603499382 100.56459614812385 100.56594976004456 100.56856674309127 100.56766433514413 100.56667168640227 100.56206940587185 100.56134747951415 100.55918170044102 100.55602327262602 100.55918170044102 100.56766433514413 100.58426864137152 100.61260425091177 100.65393453489082 100.66377078151467 100.67053884111822 100.70853021569286 100.78144477782187 100.7503117036455 100.67685569674822 100.57208613408513 100.56206940587185
100.62135760799903 100.61747725382632 100.61495051157432 100.61134087978577 100.60971654548092 100.60935558230206 100.6205454408466 100.62722325965545 100.6256891661453 100.61179208375934 100.59708283422093 100.59040501541209 100.58733682839181 100.58553201249752 100.58372719660325 100.58165165832482 100.58120045435125 100.58165165832482 100.58309551104024 100.58372719660325 100.5828247886561 100.58129069514595 100.57677865541027 100.57118372613799 100.56640096401813 100.56378398097142 100.56396446256085 100.56468638891856 100.5668521679917 100.56784481673355 100.57398119077412 100.58471984534509 100.60168511475135 100.6255989253506 100.65528814681154 100.67243389780722 100.69318928059147 100.73415860139167 100.79516137861842 100.81447290868724 100.77630105252317 100.67333630575436 100.58878068110724
100.63516444959029 100.63002072429158 100.62379410945631 100.6218088119726 100.6255989253506 100.63552541276914 100.640939860452 100.64581286336656 100.64815912402912 100.6480688832344 100.63678878389514 100.62794518601316 100.62072592243604 100.6147700299849 100.60944582309678 100.60385089382449 100.60015102124122 100.5987974093205 100.59834620534693 100.59545849991609 100.59085621938566 100.58643442044466 100.57957612004638 100.57235685646927 100.56694240878642 100.56477662971328 100.56955939183312 100.57452263554241 100.58129069514595 100.5892318850808 100.5955487407108 100.60367041223506 100.61756749462103 100.64021793409428 100.66214644720982 100.68091653251034 100.7042888983413 100.74119738337937 100.76718673225703 100.80201967901668 100.81266809279296 100.78694946629943 100.65294188614897
100.64852008720797 100.64409828826699 100.639044803763 100.63922528535242 100.64454949224056 100.6595294641631 100.65131755184412 100.65032490310226 100.64978345833397 100.65564910999039 100.64734695687669 100.636518061511 100.62722325965545 100.62027471846245 100.61856014336288 100.61458954839547 100.61052871263334 100.60565570971877 100.60168511475135 100.59572922230024 100.5897733298491 100.58291502945082 100.5764176922314 100.57371046838998 100.57722985938383 100.58129069514595 100.58652466123938 100.5897733298491 100.59455609196894 100.59979005806235 100.60240704110906 100.60971654548092 100.6230721830986 100.6468055121084 100.66819258045565 100.68615049860377 100.70934238284529 100.74480701516794 100.76285517411077 100.790559098088 100.81348025994538 100.8206995235225 100.70780828933515
100.67180221224422 100.66097331687853 100.65655151793753 100.65402477568554 100.65140779263882 100.6595294641631 100.65483694283796 100.65203947820183 100.65203947820183 100.64833960561855 100.642203231578 100.63390107846429 100.62947927952331 100.6243355542246 100.62090640402546 100.61639436428975 100.61206280614348 100.60294848587735 100.59320248004823 100.58517104931867 100.57560552507898 100.57109348534327 100.57578600666841 100.58896116269666 100.59609018547907 100.59419512879009 100.59672187104208 100.60168511475135 100.60619715448706 100.60691908084478 100.61079943501748 100.62947927952331 100.64833960561855 100.67342654654908 100.69057229754476 100.71168864350787 100.73740727000138 100.76592336113103 100.75906506073277 100.7516653155662 100.76619408351517 100.80409521729511 100.75572615132835
100.69941589542674 100.68145797727863 100.6723436570125 100.66395126310408 100.66133428005739 100.6594392233684 100.66043187211025 100.65853681542124 100.65610031396396 100.64797864243968 100.64121058283614 100.63543517197444 100.63092313223872 100.62505748058231 100.61720653144218 100.61197256534876 100.60096318839364 100.58941236667023 100.57867371209926 100.57145444852213 100.56306205461371 100.57154468931684 100.58841971792837 100.60096318839364 100.60330944905621 100.59590970388966 100.5955487407108 100.5987974093205 100.60321920826149 100.60330944905621 100.6237038686616 100.64635430813485 100.68669194337204 100.71069599476601 100.72044200059513 100.72991728404011 100.75365061304991 100.76168204377949 100.74029497543223 100.73641462125953 100.76420878603147 100.80391473570567 100.7630356557002
100.72693933781454 100.70320600880473 100.68551881304076 100.67703617833764 100.67315582416494 100.66882426601865 100.66891450681337 100.6671999317138 100.6646731894618 100.6499639399234 100.63985697091543 100.63390107846429 100.6243355542246 100.61684556826332 100.60655811766591 100.59392440640595 100.5828247886561 100.56964963262784 100.56342301779256 100.55647447659959 100.5719056524957 100.5867051428288 100.60069246600949 100.6013241515725 100.60358017144036 100.59302199845881 100.58896116269666 100.59220983130638 100.5981657237575 100.60339968985092 100.63065240985458 100.66566583820365 100.70609371423558 100.73154161834496 100.75356037225521 100.76330637808434 100.77169877199275 100.77106708642974 100.75085314841378 100.76953299291961 100.79777836166512 100.82494084087408 100.78676898471
100.73758775159081 100.7178250175484 100.70004758098973 100.6908430199289 100.68678218416676 100.67622401118521 100.6697266739658 100.66810233966093 100.66043187211025 100.64491045541942 100.63326939290128 100.62135760799903 100.61179208375934 100.6000607804465 100.58715634680239 100.57443239474769 100.56847650229656 100.55827929249386 100.55728664375201 100.56983011421727 100.5853515309081 100.60385089382449 100.60827269276548 100.60890437832849 100.59870716852578 100.58814899554423 100.5834564742191 100.5867051428288 100.59266103527995 100.61296521409061 100.64319588031985 100.67829954946365 100.71223008827614 100.74219003212123 100.7802716474906 100.83053577014635 100.83901840484947 100.82106048670136 100.78514465040514 100.80391473570567 100.82548228564235 100.84677911319488 100.80842677544139
100.72405163238369 100.72296874284713 100.71096671715014 100.70058902575802 100.68615049860377 100.67216317542308 100.66295861436224 100.65330284932783 100.64518117780356 100.63146457700701 100.61856014336288 100.60610691369234 100.59464633276366 100.58192238070896 100.56955939183312 100.56658144560755 100.56116699792473 100.5636937401767 100.57533480269484 100.58805875474953 100.59834620534693 100.61305545488533 100.61531147475318 100.60367041223506 100.59257079448523 100.57795178574155 100.57695913699969 100.58101997276182 100.60033150283064 100.6262306109136 100.65303212694369 100.68930892641876 100.72242729807884 100.76447950841562 100.82467011848993 100.87908531770255 100.89830660697665 100.87303918445669 100.82214337623793 100.82755782392078 100.84641815001604 100.87006123823112 100.83369419796134
100.71719333198541 100.7234199468207 100.70943262364001 100.6902113343659 100.67270462019137 100.6633195775411 100.65357357171197 100.64193250919385 100.62839638998673 100.61422858521661 100.60078270680421 100.58941236667023 100.57777130415212 100.57055204057498 100.56856674309127 100.568025298323 100.57307878282698 100.57921515686753 100.59320248004823 100.60321920826149 100.61296521409061 100.6147700299849 100.60367041223506 100.5897733298491 100.57984684243053 100.56604000083928 100.57235685646927 100.59202934971695 100.61440906680603 100.64003745250486 100.66620728297194 100.708800938077 100.7579821711962 100.80021486312239 100.85192283849358 100.90092359002337 100.91996439770803 100.87682929783469 100.85083994895702 100.85968354683901 100.8781829097554 100.90092359002337 100.8589616204813
