static/data/pressure/2023/7/16/12.asc
ncols 137
nrows 93
xllcorner 108.0
yllcorner 17.0
cellsize 0.25
NODATA_value -32767
[rows 38 to 56 of 93, columns 86 to 128 of 137]
101.28895900729405 101.30998511246243 101.33074049524667 101.35474454664063 101.39111158691043 101.40536963247526 101.41123528413166 101.41863502929823 101.43587102108862 101.44651943486488 101.45752881182001 101.46871867036455 101.47936708414082 101.48929357155937 101.49940054056735 101.50959775037006 101.51988520096747 101.52963120679658 101.53964793500985 101.54903297766012 101.55733513077382 101.56509583911922 101.57177365792808 101.57772955037922 101.58377568362505 101.58973157607619 101.59514602375904 101.60209456495201 101.60786997581373 101.61346490508599 101.61924031594769 101.62375235568341 101.63124234164466 101.6377396788641 101.64423701608351 101.65235868760777 101.6582243392642 101.66472167648361 101.67085805052417 101.67627249820703 101.68213814986343 101.68646970800971 101.6908915069507
101.27948372384905 101.3027658488853 101.31900919193384 101.34923985816307 101.38759219591657 101.40690372598539 101.40591107724354 101.4108743209528 101.42928344307448 101.44236835830804 101.45473134718387 101.46700409526498 101.47702082347826 101.48812044122809 101.49858837341492 101.50950750957534 101.52087784970932 101.53062385553844 101.54027962057285 101.54948418163369 101.5585082611051 101.56690065501351 101.57375895541179 101.57989532945234 101.58639266667176 101.59198759594403 101.59749228442159 101.60462130720401 101.6095845509133 101.61626236972212 101.62221826217326 101.62772295065083 101.63548365899624 101.6422517185998 101.64983194535577 101.65741217211178 101.66372902774175 101.67058732814003 101.67699442456474 101.68222839065814 101.68728187516214 101.69161343330842 101.69540354668642
101.26639880861552 101.29085406398303 101.30872174133643 101.33164290319381 101.35600791776663 101.37522920704075 101.38939701181086 101.4024819270444 101.42179345711322 101.43560029870447 101.4485047323486 101.46249205552928 101.47350143248441 101.48586442136023 101.49660307593122 101.50761245288635 101.51889255222561 101.52954096600186 101.54036986136757 101.5508377935544 101.56004235461525 101.56825426693422 101.57538328971664 101.58151966375719 101.58747555620833 101.59334120786475 101.5994775819053 101.60687732707187 101.61274297872829 101.61960127912656 101.62600837555127 101.63259595356539 101.64008593952666 101.6467637583355 101.65425374429677 101.66147300787391 101.6678801042986 101.6749188862863 101.68024309317444 101.68520633688371 101.690169580593 101.69441089794456 101.69838149291196
101.25096763271941 101.27551312888163 101.29735140120245 101.31485811537699 101.33687686928724 101.3564591217402 101.37297318717289 101.39201399485756 101.4108743209528 101.42585429287536 101.44164643195033 101.45599471830987 101.46790650321213 101.48090117765096 101.49236175857966 101.50499546983963 101.51672677315246 101.52800687249173 101.53946745342043 101.55011586719668 101.5597716322311 101.56816402613951 101.57583449369021 101.58260255329377 101.58891940892376 101.59577770932202 101.60245552813087 101.60850166137672 101.61499899859614 101.62221826217326 101.62970824813453 101.63665678932752 101.64360533052051 101.65046363091878 101.65786337608534 101.66454119489417 101.6710385321136 101.6779870733066 101.68376248416828 101.68899645026171 101.69377921238156 101.69784004814369 101.70289353264768
101.2355364568233 101.26035267536966 101.28300311484291 101.30159271855402 101.32090424862284 101.3404865010758 101.36061019829704 101.37983148757115 101.39896253605055 101.41746189896693 101.43325403804191 101.44877545473274 101.46149940678742 101.47449408122627 101.48658634771795 101.49940054056735 101.5124854558009 101.52448748149789 101.53666998878428 101.54813056971297 101.55778633474739 101.56762258137123 101.5757442528955 101.58323423885676 101.58991205766561 101.5968605988586 101.60426034402515 101.61039671806572 101.61725501846398 101.62447428204112 101.63214474959182 101.63927377237424 101.64577110959365 101.65271965078664 101.6594877103902 101.66625576999374 101.67347503357088 101.68051381555857 101.68637946721499 101.69224511887141 101.69684739940185 101.70153992072697 101.70704460920453
101.22100768887432 101.24573366662598 101.26675977179437 101.28787611775748 101.30727788862102 101.32740158584225 101.34761552385821 101.3680099434636 101.38786291830071 101.40672324439596 101.42504212572292 101.44047330161905 101.4542801432103 101.46745529923855 101.47963780652496 101.49299344414266 101.50625884096563 101.51916327460975 101.53315059779042 101.54461117871912 101.55661320441611 101.56662993262937 101.5751125673325 101.58386592441977 101.59054374322861 101.59776300680574 101.605252992767 101.61202105237058 101.61896959356355 101.62627909793541 101.63286667594953 101.63999569873195 101.64640279515663 101.65299037317078 101.65975843277434 101.66697769635147 101.67437744151802 101.68222839065814 101.68872572787757 101.69450113873927 101.70000582721683 101.70460810774725 101.71011279622482
101.20837397761433 101.23201706582944 101.25250172622954 101.2739790353715 101.29545634451345 101.31576052332413 101.3366061469031 101.35853466001863 101.37847787565043 101.39787964651397 101.41610828704623 101.43325403804191 101.44697063883845 101.46050675804557 101.47250878374255 101.48586442136023 101.49949078136207 101.51266593739032 101.52764590931288 101.54091130613585 101.5527328502434 101.5649153575298 101.57348823302765 101.58278303488319 101.59072422481805 101.59803372918988 101.6051627519723 101.61175032998644 101.6186086303847 101.62510596760411 101.63187402720767 101.63828112363238 101.6447784608518 101.65109531648177 101.65804385767477 101.6652631212519 101.67347503357088 101.68222839065814 101.68935741344056 101.69639619542828 101.70190088390582 101.70677388682039 101.7119176121191
101.19303304251294 101.21685661231747 101.2414021084797 101.2644135111318 101.2867932282209 101.30863150054171 101.32983808729954 101.35158611882564 101.37035620412618 101.3897579749897 101.40897926426382 101.42702742320662 101.44191715433448 101.45464110638916 101.4658309649337 101.47783299063067 101.49145935063252 101.50490522904492 101.52051688653046 101.53450420971114 101.54813056971297 101.56049355858882 101.5706005275968 101.58025629263119 101.58828772336076 101.59586795011676 101.60308721369387 101.60922358773443 101.61626236972212 101.62284994773627 101.62871559939269 101.63476173263852 101.64071762508966 101.6467637583355 101.65425374429677 101.66228517502634 101.67058732814003 101.67961140761145 101.68746235675157 101.69477186112341 101.70135943913753 101.70650316443624 101.7113761673508
101.18473088939925 101.20350097469978 101.22822695245144 101.2553894316604 101.27921300146491 101.30114151458045 101.3225285829277 101.3436449288908 101.36385886690675 101.38416304571743 101.40329409419682 101.42071056757665 101.43587102108862 101.44895593632216 101.46059699884027 101.47259902453726 101.4849620134131 101.49813716944135 101.51338786374804 101.52836783567058 101.54235515885128 101.55516935170068 101.56653969183465 101.57664666084264 101.58485857316163 101.59261928150704 101.60001902667359 101.60615540071416 101.61175032998644 101.61716477766927 101.62266946614683 101.62808391382968 101.63485197343324 101.64098834747381 101.64838809264035 101.65623904178048 101.66472167648361 101.67446768231274 101.68358200257886 101.69161343330842 101.69865221529611 101.70478858933667 101.70966159225124
101.1922208753605 101.20295952993149 101.21766877946989 101.24672631536784 101.27027916278823 101.29283936146675 101.316121486503 101.33750855485025 101.35853466001863 101.37938028359758 101.39923325843469 101.41737165817223 101.43298331565776 101.44426341499702 101.45536303274687 101.46628216890727 101.47765250904125 101.4920007954008 101.50616860017092 101.52150953527232 101.53621878481071 101.54984514481254 101.56247885607252 101.57177365792808 101.5809782189889 101.58891940892376 101.59550698693789 101.60164336097844 101.60759925342958 101.61283321952298 101.61788670402699 101.62239874376269 101.6269107834984 101.63349836151252 101.64071762508966 101.64883929661393 101.65777313529063 101.66670697396732 101.67654322059117 101.68439416973128 101.6915231925137 101.69802052973311 101.70262281026353
101.17137525178155 101.1863552237041 101.20810325523018 101.23725103192287 101.26098436093267 101.28453720835306 101.30827053736286 101.33037953206782 101.35284948995164 101.37423655829889 101.39372856995712 101.41123528413166 101.42720790479606 101.43884896731419 101.45103147460058 101.46204085155571 101.4728697469214 101.48712779248623 101.50021270771978 101.51591460600004 101.53053361474372 101.54361852997728 101.55751561236325 101.56771282216593 101.57745882799507 101.58576098110876 101.59225831832818 101.5988458963423 101.60417010323044 101.60904310614501 101.61400634985428 101.61896959356355 101.62284994773627 101.62862535859797 101.63476173263852 101.64189075542095 101.6506441125082 101.65849506164834 101.66860203065632 101.6767237021806 101.68439416973128 101.69116222933485 101.69522306509698
101.15287588886517 101.17597753231198 101.20097423244779 101.22678309973601 101.25150907748768 101.27623505523935 101.30078055140159 101.32352123166956 101.34635215273221 101.3692733145896 101.389036048632 101.40672324439596 101.42125201234494 101.43361500122077 101.44561702691774 101.45671664466758 101.46808698480156 101.48153286321396 101.49425681526866 101.5092367871912 101.52403627752432 101.53685047037371 101.55110851593854 101.56283981925137 101.57312726984878 101.5821513493202 101.58946085369205 101.59649963567973 101.60308721369387 101.60777973501901 101.61301370111242 101.61716477766927 101.6211353726367 101.62645957952483 101.63061065608167 101.63737871568523 101.64441749767295 101.65199772442892 101.66048035913205 101.6678801042986 101.67437744151802 101.68096501953214 101.68538681847313
101.1473712003876 101.17065332542384 101.19637195191736 101.21884190980118 101.24438005470526 101.26901579166223 101.29311008385089 101.31666293127128 101.33949385233394 101.36178332862833 101.38226798902843 101.3999551847924 101.41439371194666 101.42774934956434 101.43975137526132 101.45175340095831 101.46348470427114 101.47620865632584 101.4888423675858 101.50310041315063 101.51672677315246 101.53035313315429 101.54415997474557 101.55679368600553 101.56762258137123 101.57791003196864 101.5860317034929 101.59334120786475 101.60028974905774 101.60552371515115 101.61066744044986 101.61472827621199 101.61915007515299 101.62384259647811 101.62790343224026 101.63313739833367 101.63927377237424 101.64495894244122 101.65235868760777 101.65840482085363 101.66463143568889 101.6704068465506 101.67401647833917
101.1461078292616 101.16938995429784 101.19249159774465 101.2157737227809 101.23959729258543 101.26333062159523 101.28697370981034 101.30998511246243 101.33290627431981 101.35474454664063 101.37549992942488 101.3929164028047 101.40798661552196 101.42134225313966 101.43370524201548 101.44561702691774 101.45788977499886 101.4689893927487 101.48198406718753 101.49470801924221 101.50833437924406 101.52304362878246 101.53621878481071 101.54966466322311 101.56112524415181 101.57141269474921 101.58115870057834 101.58891940892376 101.59640939488501 101.60227504654144 101.60723829025072 101.61184057078114 101.61626236972212 101.61951103833184 101.62348163329926 101.62727174667727 101.63196426800238 101.63764943806937 101.64198099621566 101.64766616628263 101.65262940999192 101.65714144972763 101.66084132231092
101.14312988303604 101.165870563304 101.18897220675079 101.2132469805289 101.23526573443915 101.2592697858331 101.28074709497506 101.30375849762716 101.32550652915326 101.34725456067936 101.36764898028476 101.38515569445929 101.40040638876597 101.41511563830437 101.42747862718021 101.43884896731419 101.45166316016359 101.46186036996627 101.47476480361041 101.4874887556651 101.50003222613036 101.51474147566876 101.52710446454459 101.54136251010942 101.55300357262753 101.56464463514565 101.57439064097478 101.58314399806206 101.59099494720218 101.59749228442159 101.6026360097203 101.60741877184014 101.61039671806572 101.61310394190713 101.61662333290099 101.61824766720584 101.62284994773627 101.62664006111426 101.63115210084996 101.63566414058566 101.63936401316894 101.64333460813637 101.64685399913022
101.13915928806861 101.16189996833657 101.18536257496224 101.20963734874033 101.23084393549816 101.25520895007097 101.27623505523935 101.29753188279189 101.31927991431799 101.3391328891551 101.35916634558161 101.37685354134558 101.39201399485756 101.40690372598539 101.41998864121894 101.43108825896877 101.44435365579174 101.4542801432103 101.46700409526498 101.4786451577831 101.49100814665894 101.50499546983963 101.51708773633132 101.531706745075 101.54415997474557 101.5558912780584 101.56735185898708 101.57610521607435 101.58449760998276 101.5917168735599 101.59704108044802 101.6012823977996 101.60435058481987 101.60552371515115 101.60823093899258 101.60922358773443 101.61301370111242 101.61662333290099 101.61951103833184 101.62411331886226 101.62664006111426 101.63052041528695 101.63413004707553
101.1313985797232 101.15450022317002 101.17814331138511 101.20295952993149 101.22579045099415 101.24925305761984 101.27036940358293 101.29166623113547 101.31188016915142 101.33137218080968 101.35140563723621 101.36900259220546 101.38335087856501 101.39824060969283 101.41177672889995 101.42278610585508 101.43541981711505 101.44525606373888 101.45752881182001 101.46926011513284 101.48090117765096 101.4946177784475 101.50698076732334 101.52159977606703 101.53396276494286 101.54650623540812 101.55823753872096 101.56861523011308 101.57791003196864 101.58503905475105 101.59054374322861 101.59478506058018 101.59713132124273 101.59803372918988 101.6001092674683 101.60173360177316 101.605252992767 101.60741877184014 101.60976503250272 101.61274297872829 101.61445755382785 101.61878911197412 101.62086465025256
101.1230964266095 101.14646879244046 101.16902899111899 101.19204039377108 101.21613468595976 101.24040945973785 101.26324038080053 101.28426648596891 101.30321705285887 101.32198713815941 101.34066698266524 101.35826393763448 101.37378535432532 101.388404363069 101.40212096386554 101.41439371194666 101.42738838638549 101.43785631857233 101.44940714029573 101.46041651725085 101.47187709817955 101.4843303278501 101.49633235354707 101.51104160308547 101.52439724070317 101.53712119275785 101.54903297766012 101.55950090984696 101.56996884203379 101.57836123594221 101.58422688759862 101.58828772336076 101.59009253925504 101.59063398402333 101.59298024468589 101.5955972277326 101.5982142107793 101.60001902667359 101.60173360177316 101.60426034402515 101.60489202958816 101.60823093899258 101.61021623647629
101.11389186554867 101.13672278661134 101.15883178131628 101.18048957204768 101.20512530900464 101.22777574847787 101.25250172622954 101.27415951696092 101.2944636957716 101.31521907855584 101.33191362557795 101.3487886541895 101.36440031167504 101.37874859803458 101.39246519883113 101.40600131803825 101.41827406611937 101.4294639246639 101.43984161605604 101.45021930744817 101.46122868440328 101.47314046930555 101.48613514374438 101.49976150374621 101.51347810454276 101.52665326057102 101.53883576785742 101.55038658958082 101.56247885607252 101.57285654746464 101.57935388468405 101.58314399806206 101.58485857316163 101.5854000179299 101.58549025872462 101.58729507461891 101.58946085369205 101.59126566958632 101.59252904071232 101.59397289342775 101.59460457899075 101.59586795011676 101.59740204362687
