static/data/pressure/2023/7/16/18.asc
ncols 137
nrows 93
xllcorner 108.0
yllcorner 17.0
cellsize 0.25
NODATA_value -32767
[rows 19 to 37 of 93, columns 0 to 42 of 137]
100.88549241412724 100.93241762737858 100.98547921467049 101.0259070907024 101.00885158050143 100.93241762737858 100.87646833465583 100.8442523709429 100.84804248432089 100.81438266789253 100.79335656272413 100.78586657676286 100.82683589756307 100.89740419902951 100.96273853440252 101.01137832275343 101.07238109998016 101.08014180832558 101.04476741679765 100.99197655188989 100.94496109784384 100.9082330943952 100.86184932591215 100.83125769650407 100.8225945802115 100.81772157729694 100.8104120729251 100.80635123716296 100.81266809279296 100.80508786603697 100.8027416053744 100.8047269028581 100.80959990577267 100.81898494842294 100.83062601094106 100.84641815001604 100.86762473677383 100.90660876009034 100.94035881731342 100.95885818022981 100.95588023400424 100.93927592777685 100.93449316565702
100.84912537385746 100.86672232882671 100.88034868882855 100.88161205995453 100.84822296591032 100.80508786603697 100.75347013146049 100.70708636297744 100.67721665992707 100.69364048456504 100.72098344536342 100.75960650550105 100.82809926868907 100.94324652274427 100.97871115506692 100.96409214632324 100.93729063029313 100.91427922764105 100.8762878530664 100.83974033120718 100.82764806471549 100.82412867372165 100.81600700219738 100.81465339027667 100.81708989173394 100.81077303610395 100.80797557146782 100.80725364511011 100.80689268193125 100.80301232775854 100.80301232775854 100.80571955159996 100.80851701623611 100.81790205888636 100.82909191743093 100.84271827743275 100.85751776776587 100.89189951055194 100.92176921360232 100.93611749996185 100.92564956777503 100.91436946843577 100.91121104062077
100.87511472273512 100.84271827743275 100.8257530080265 100.7809935738483 100.73072945119254 100.68876748165047 100.66936571078693 100.65221995979125 100.68227014443106 100.73623413967009 100.76583312033632 100.7982295656387 100.84741079875789 100.93196642340502 100.94162218843942 100.91815958181374 100.88341687584882 100.84479381571118 100.81925567080708 100.82403843292693 100.85472030312972 100.85499102551387 100.83784527451819 100.82322626577451 100.8052683476264 100.79940269596997 100.79940269596997 100.8021099198114 100.80111727106954 100.80174895663254 100.80174895663254 100.80310256855326 100.80815605305725 100.81672892855508 100.82746758312607 100.83838671928648 100.84984730021517 100.86961003425755 100.88477048776952 100.89460673439336 100.89253119611494 100.89253119611494 100.88991421306822
100.73460980536524 100.69950613622144 100.6741484729068 100.63561565356386 100.62740374124488 100.66575607899837 100.68858700006105 100.82665541597365 100.94423917148613 100.98277199082906 100.96264829360781 100.9722138178475 100.94252459638656 100.94523182022799 100.94703663612226 100.90137479399692 100.863473660217 100.84271827743275 100.85571295187158 100.87276846207254 100.90588683373262 100.86365414180644 100.84091346153846 100.80887797941496 100.79741739848627 100.79362728510827 100.79209319159814 100.79299559954528 100.79227367318757 100.79416872987656 100.79452969305542 100.79714667610213 100.8034635317321 100.81140472166696 100.82024831954894 100.83071625173578 100.84199635107504 100.85309596882487 100.86509799452186 100.86834666313155 100.86771497756855 100.87096364617827 100.8724074988937
100.7222468164894 100.67198269383366 100.64897129118154 100.64238371316742 100.65835633383182 100.71908838867441 100.85535198869272 101.03691646765752 101.12237450025178 101.1326619508492 101.09115118528071 101.06037907428319 101.02274866288741 101.02428275639754 101.00045918659303 100.95912890261395 100.8941555304198 100.87150509094656 100.85598367425573 100.862841974654 100.87448303717211 100.85345693200372 100.82340674736393 100.79498089702899 100.786137299147 100.78198622259016 100.78000092510645 100.78054236987474 100.78063261066944 100.78171550020602 100.784242242458 100.7874909110677 100.79389800749242 100.8008465486854 100.81077303610395 100.81988735637007 100.83071625173578 100.84091346153846 100.84723031716847 100.84948633703631 100.85129115293059 100.85490078471915 100.85535198869272
100.94315628194956 100.88621434048495 100.88251446790169 100.88928252750523 100.91698645148247 100.94802928486412 101.08835372064456 101.14213723429418 101.13013520859721 101.11903559084737 101.13870808409504 101.11777221972137 101.0873610719027 101.10234104382526 101.0840221624983 101.03962369149895 100.9753722456625 100.94820976645356 100.88260470869639 100.86870762631041 100.82250433941678 100.80887797941496 100.78758115186243 100.77747418285445 100.76745745464117 100.76583312033632 100.7662843243099 100.76691600987289 100.76709649146231 100.76799889940946 100.7715182904033 100.77747418285445 100.78288863053729 100.78974693093556 100.79904173279112 100.80779508987838 100.81645820617094 100.82539204484765 100.82864071345735 100.83098697411992 100.83396492034548 100.83576973623975 100.83676238498161
101.10558971243496 101.10721404673981 101.11677957097952 101.10279224779883 101.0846538480613 101.11560644064824 101.14141530793646 101.11533571826409 101.0924145564067 101.09476081706927 101.11452355111166 101.09665587375827 101.08203686501459 101.09909237521555 101.10847741786581 101.06398870607175 101.02671925785482 100.98250126844492 100.91283537492562 100.85390813597729 100.7995831775594 100.77963996192759 100.76529167556804 100.75509446576534 100.75139459318207 100.7510336300032 100.75184579715564 100.75211651953978 100.75238724192391 100.7560871145072 100.7598772278852 100.76610384272047 100.77178901278745 100.77873755398045 100.78559585437871 100.79290535875056 100.80111727106954 100.8047269028581 100.80761460828896 100.81113399928282 100.81320953756124 100.81501435345552 100.81699965093922
101.04900873414921 101.0629960573299 101.12751822555049 101.0674178562709 101.03745791242581 101.05812305441533 101.08384168090886 101.07048604329117 101.07283230395373 101.06976411693347 101.05812305441533 101.02166577335083 100.99928605626174 100.98015500778234 100.99098390314803 100.99748124036746 100.9779892287092 100.92185945439702 100.86988075664169 100.81122424007752 100.79028837570385 100.76799889940946 100.7528384458975 100.74246075450537 100.7394828082798 100.73749751079609 100.73749751079609 100.73785847397495 100.74029497543223 100.74561918232037 100.74895809172477 100.7541018170235 100.75978698709048 100.76529167556804 100.77133780881388 100.77666201570202 100.77991068431173 100.78352031610028 100.785505613584 100.78974693093556 100.79101030206157 100.79263463636642 100.79461993385013
100.84497429730061 100.90164551638107 101.00587363427586 100.97871115506692 100.97934284062993 101.0035273736133 101.04458693520823 101.03890176514123 101.03050937123282 101.02509492354997 101.01733421520457 100.99378136778418 100.9171669330719 100.86446630895885 100.84073297994904 100.85065946736759 100.85553247028216 100.82439939610579 100.782978871332 100.76565263874689 100.76204300695834 100.75635783689134 100.75076290761906 100.73839991874324 100.72549548509912 100.72251753887355 100.7260369298674 100.72766126417226 100.72973680245069 100.73352691582866 100.73659510284895 100.74237051371065 100.74724351662522 100.75247748271863 100.75662855927548 100.75816265278563 100.76050891344819 100.76186252536891 100.7630356557002 100.76646480589932 100.76799889940946 100.76953299291961 100.77260117993988
100.76420878603147 100.78983717173028 100.83883792326004 100.87854387293426 100.90399177704363 100.94414893069141 100.9785306734775 100.9536242141364 100.91689621068775 100.90940622472648 100.90985742870005 100.9126548933362 100.85823969412358 100.81645820617094 100.7816252594113 100.7598772278852 100.7477849613935 100.7465215902675 100.73785847397495 100.73009776562954 100.73090993278197 100.74164858735294 100.74796544298295 100.74110714258467 100.72486379953612 100.71177888430257 100.71241056986558 100.71475683052813 100.7183664623167 100.72314922443655 100.72865391291411 100.7349707685441 100.73839991874324 100.74083642020052 100.74408508881022 100.74237051371065 100.74408508881022 100.74570942311509 100.74724351662522 100.74913857331421 100.7528384458975 100.75996746867992 100.76511119397863
100.88684602604795 100.8244896369005 100.77233045755574 100.75509446576534 100.77521816298659 100.82060928272779 100.87538544511926 100.91987415691331 100.90985742870005 100.87908531770255 100.83974033120718 100.80553907001054 100.78947620855142 100.78595681755758 100.77233045755574 100.74949953649306 100.71890790708498 100.71421538575986 100.71340321860744 100.71340321860744 100.71547875688584 100.72540524430441 100.73785847397495 100.7368658252331 100.7247735587414 100.71015454999772 100.7042888983413 100.7030255272153 100.70627419582502 100.713222737018 100.71926887026385 100.72748078258283 100.73163185913967 100.73415860139167 100.73749751079609 100.73136113675552 100.73163185913967 100.73587317649124 100.74173882814766 100.74498749675737 100.74751423900936 100.75446278020235 100.75816265278563
100.86789545915798 100.85923234286544 100.82764806471549 100.80066606709597 100.80021486312239 100.83134793729877 100.8679856999527 100.90245768353348 100.90760140883219 100.90859405757405 100.88928252750523 100.86753449597913 100.82800902789435 100.7809935738483 100.7310904143714 100.70221336006287 100.70013782178445 100.69598674522761 100.6940014477439 100.70275480483116 100.71890790708498 100.73713654761724 100.73136113675552 100.72188585331055 100.70537178787787 100.69436241092275 100.6946331333069 100.69571602284347 100.69995734019501 100.70798877092459 100.71421538575986 100.72459307715198 100.72711981940398 100.7266686154304 100.72441259556255 100.72062248218455 100.72152489013169 100.72360042841012 100.7266686154304 100.72973680245069 100.73533173172295 100.73903160430623 100.73713654761724
100.88314615346468 100.89298240008851 100.94062953969757 100.9593996249981 100.96716033334351 100.96977731639022 100.98277199082906 100.90308936909649 100.84190611028032 100.85652511902401 100.89966021889737 100.91752789625076 100.89587010551936 100.81239737040882 100.75112387079793 100.69490385569104 100.67983364297378 100.67938243900021 100.67983364297378 100.68849675926633 100.70654491820916 100.73262450788152 100.73190258152381 100.7222468164894 100.70690588138801 100.6857895354249 100.68064581012621 100.68109701409976 100.68560905383548 100.69427217012804 100.70221336006287 100.711959365892 100.71565923847527 100.71574947926999 100.71403490417043 100.70898141966644 100.71241056986558 100.715117793707 100.71737381357484 100.71935911105855 100.72170537172113 100.71683236880656 100.71259105145501
100.85363741359315 100.92285210313888 100.9939618493736 101.05424270024263 101.11533571826409 101.11822342369494 101.07553952779516 100.9715821322845 100.90525514816963 100.9273641428746 100.97428935612592 100.97916235904049 100.93413220247815 100.87412207399326 100.81474363107138 100.75563591053363 100.67351678734379 100.66151476164681 100.66801209886623 100.67748738231121 100.68633098019319 100.69264783582318 100.70446937993073 100.69950613622144 100.707537566951 100.68921868562404 100.67875075343721 100.66801209886623 100.67216317542308 100.68109701409976 100.69571602284347 100.70672539979859 100.71033503158715 100.71015454999772 100.71141792112373 100.70483034310959 100.70591323264615 100.70546202867259 100.70726684456687 100.70952286443472 100.70672539979859 100.70113047052631 100.69237711343904
100.81645820617094 100.88603385889552 100.99865437069874 101.10279224779883 101.15901226290572 101.14213723429418 101.09340720514855 101.03953345070423 101.07111772885416 101.09728755932127 101.1250817240932 101.09385840912213 101.01065639639572 100.95948986579282 100.89984070048679 100.79173222841928 100.68515784986191 100.65664175873225 100.66313909595168 100.67261437939665 100.67974340217907 100.66566583820365 100.66900474760808 100.66747065409794 100.67496064005921 100.67586304800636 100.6723436570125 100.66286837356753 100.67089980429708 100.68227014443106 100.71502755291228 100.73479028695466 100.73722678841195 100.70663515900387 100.70104022973159 100.69490385569104 100.68985037118705 100.68948940800819 100.68948940800819 100.69264783582318 100.6901210935712 100.68587977621962 100.67703617833764
100.74859712854592 100.77936923954344 100.88016820723911 100.9900814952009 101.06290581653519 101.04585030633422 101.00948326606444 101.00136159454017 101.08898540620756 101.16135852356828 101.18951365151908 101.11425282872752 101.06191316779334 101.00397857758686 100.88901180512109 100.77945948033816 100.69661843079061 100.64752743846611 100.65420525727497 100.67162173065479 100.68533833145133 100.66620728297194 100.635886375948 100.63453276402728 100.63561565356386 100.64310563952513 100.64184226839913 100.633991319259 100.64202274998857 100.67965316138435 100.72973680245069 100.75771144881206 100.76610384272047 100.73524149092823 100.70862045648758 100.69138446469718 100.68497736827247 100.67315582416494 100.67288510178079 100.6710802858865 100.66783161727679 100.66359029992525 100.66025139052081
100.65835633383182 100.68660170257733 100.69003085277647 100.76384782285263 100.85291548723544 100.89577986472466 100.86112739955443 100.89171902896251 101.01724397440985 101.07400543428501 101.05108427242764 100.98963029122733 101.01679277043628 100.93674918552485 100.82078976431721 100.7310904143714 100.68624073939847 100.63922528535242 100.62415507263518 100.64048865647842 100.66521463423008 100.65528814681154 100.6173870130316 100.60348993064564 100.60222655951964 100.60565570971877 100.59383416561123 100.58426864137152 100.59933885408878 100.64202274998857 100.69833300589016 100.75888457914334 100.76953299291961 100.7988612512017 100.7689013073566 100.72522476271497 100.67712641913236 100.66512439343536 100.65447597965911 100.64590310416128 100.64184226839913 100.64247395396214 100.63922528535242
100.63354011528543 100.64301539873043 100.61783821700517 100.6537540533014 100.73785847397495 100.79010789411443 100.83613069941862 100.89153854737309 100.99937629705646 100.99540570208903 100.96174588566066 100.91671572909833 100.9197839161186 100.83820623769704 100.75626759609663 100.67622401118521 100.6518589966124 100.62352338707217 100.60475330177164 100.60033150283064 100.61395786283246 100.60998726786505 100.59148790494866 100.57777130415212 100.57100324454855 100.57046179978028 100.55746712534145 100.55133075130088 100.56703264958114 100.60087294759893 100.63489372720615 100.70203287847345 100.76989395609846 100.8270163791525 100.81564603901852 100.72748078258283 100.66575607899837 100.64066913806785 100.62541844376116 100.6161236419056 100.62099664482017 100.62216977515146 100.62352338707217
100.62153808958846 100.62722325965545 100.64491045541942 100.69075277913419 100.78902500457785 100.87321966604613 100.95227060221568 101.00758820937543 101.05758160964704 101.04873801176508 101.02112432858254 100.97212357705278 100.82936263981506 100.711959365892 100.65465646124854 100.63534493117972 100.61675532746861 100.59563898150552 100.5872465875971 100.58101997276182 100.57371046838998 100.5725373380587 100.56549855607099 100.56008410838815 100.55259412242688 100.53987017037218 100.53689222414663 100.53265090679506 100.54447245090262 100.57371046838998 100.58652466123938 100.61973327369418 100.67035835952879 100.6979720427113 100.68876748165047 100.63191578098058 100.60312896746677 100.58697586521295 100.59040501541209 100.5949170551478 100.60051198442007 100.60664835846063 100.61224328773291
