static/data/thetao/2023/7/5/0.asc
ncols 137
nrows 93
xllcorner 108.0
yllcorner 17.0
cellsize 0.25
NODATA_value -32767
[rows 0 to 26 of 93, columns 61 to 121 of 137]
-32767.0 -32767.0 -32767.0 -32767.0 -32767.0 -32767.0 -32767.0 -32767.0 -32767.0 -32767.0 -32767.0 -32767.0 -32767.0 -32767.0 -32767.0 -32767.0 -32767.0 -32767.0 -32767.0 20.78454 20.182457 19.704962 20.357052 20.615429 20.548506 20.79206 21.129229 20.871319 20.605795 20.575623 20.958334 20.869116 20.813583 21.545992 21.9662 21.772942 21.80987 22.000376 22.306154 22.585758 22.514446 22.215786 21.992386 22.044647 21.965282 21.534319 21.567047 21.869678 21.745438 21.784155 21.710474 21.767538 21.825434 21.876892 21.924133 21.78837 21.584751 21.465216 21.539906 21.80358 21.950987
23.573809 23.987307 24.677696 25.287336 25.470577 25.754763 26.216011 -32767.0 -32767.0 -32767.0 -32767.0 -32767.0 -32767.0 -32767.0 -32767.0 -32767.0 -32767.0 -32767.0 20.039785 20.716394 20.900087 20.593803 21.076185 21.15273 20.82784 21.128794 21.461966 21.2548 20.632767 21.181879 20.498951 21.41744 21.356758 22.03043 21.98717 21.342474 21.480522 22.051365 22.291817 22.27772 22.437433 22.560202 22.306686 22.101072 22.030722 22.053558 21.742203 21.70579 21.704388 21.624887 21.600988 21.846241 21.822857 21.670303 21.476831 21.417759 21.145947 20.830843 21.280987 21.621336 21.787598
24.114084 22.54503 21.915539 21.488094 22.157724 23.768826 25.261045 24.789734 23.550001 -32767.0 -32767.0 -32767.0 -32767.0 -32767.0 -32767.0 -32767.0 -32767.0 -32767.0 21.644491 20.094042 20.2753 20.02897 21.029175 21.495358 21.67231 20.705908 19.862795 20.575083 21.051512 20.222801 19.975357 21.201485 21.133211 21.361109 21.797867 21.47384 21.758337 22.282324 22.503384 22.060694 22.292707 22.494707 22.40512 22.284931 22.400394 21.563036 21.950308 22.015938 21.89739 21.861843 21.715837 21.290491 21.41054 21.489609 21.503468 21.154804 20.96548 20.876589 21.114935 21.565994 21.873533
21.415447 20.630856 20.946533 20.750017 20.84125 20.930897 22.30446 24.340374 24.25591 -32767.0 -32767.0 -32767.0 -32767.0 -32767.0 -32767.0 -32767.0 -32767.0 23.561073 22.85461 21.452852 20.898293 19.716856 19.45098 18.61042 18.216347 20.54804 22.15628 21.965721 21.542747 21.424454 21.310545 20.826887 21.67624 21.179447 21.856455 22.20733 22.22612 22.496494 22.221458 21.73346 22.311491 22.483028 22.537338 22.520031 22.263672 22.004799 21.943087 21.95992 21.940523 21.858204 21.690685 21.746323 21.908178 21.944475 21.782337 21.481398 21.107735 21.10403 21.296537 21.705805 21.753828
19.599714 20.894064 20.968626 20.58526 20.56075 20.833874 21.023045 22.682169 -32767.0 -32767.0 -32767.0 -32767.0 -32767.0 -32767.0 -32767.0 -32767.0 -32767.0 -32767.0 -32767.0 22.665648 20.984797 20.033312 18.183527 18.436848 17.974665 20.763706 21.795214 21.83127 22.138119 22.275513 22.170198 21.717873 21.446125 21.467081 21.554676 21.725111 22.533188 22.052437 22.249147 22.137701 22.400856 22.403627 22.354097 22.197485 21.859241 21.967405 22.1211 22.125252 21.94751 21.822264 21.830084 21.725275 21.754084 21.798365 22.001474 21.873852 21.957468 21.223017 21.59182 21.798191 21.98747
21.032335 20.6525 21.01323 20.98014 20.92716 20.361784 21.631 23.76533 -32767.0 -32767.0 -32767.0 -32767.0 -32767.0 -32767.0 -32767.0 -32767.0 -32767.0 -32767.0 -32767.0 -32767.0 21.910929 20.486568 18.619518 19.230635 18.616747 19.111746 22.085543 21.611712 22.134474 22.177288 22.488806 22.487114 22.258816 21.646715 22.038216 22.4458 22.154337 22.154325 22.311512 22.127443 22.034254 22.020725 22.332521 21.618362 21.849703 21.643412 22.178215 22.26953 22.034243 21.751007 21.723112 21.729517 21.743933 21.684193 21.933748 22.064686 21.879206 22.061932 22.195568 22.251629 22.360844
21.321703 21.307966 21.436647 21.245127 21.10064 20.642694 21.90622 23.88171 -32767.0 -32767.0 -32767.0 -32767.0 -32767.0 -32767.0 -32767.0 -32767.0 -32767.0 -32767.0 -32767.0 -32767.0 -32767.0 21.534613 19.63079 18.308905 19.583324 18.208176 21.588804 21.731266 22.115025 22.312674 22.477995 22.627766 22.136974 22.196108 22.52317 22.469727 22.132618 22.084341 22.287863 22.036137 22.274387 21.925318 21.296156 22.02268 22.067347 21.8212 22.14166 22.359571 22.19795 21.935724 21.583775 21.496807 21.52852 21.7721 21.807 22.155426 21.926308 22.01722 22.264585 22.154436 22.634996
21.430294 21.504793 21.412994 21.117464 21.191565 21.207714 21.786308 -32767.0 -32767.0 -32767.0 -32767.0 -32767.0 -32767.0 -32767.0 -32767.0 -32767.0 -32767.0 -32767.0 -32767.0 -32767.0 -32767.0 -32767.0 20.443138 19.176392 19.791275 18.395113 19.44883 22.168774 22.14513 22.444458 22.828316 22.626392 22.393396 22.668835 22.517296 22.538374 22.19229 22.002316 22.287338 22.360191 22.212107 22.05139 22.340513 22.306831 22.321213 22.338163 22.477966 22.357988 22.15292 21.926388 21.661613 21.691994 21.745304 21.91927 22.13836 22.79964 22.74928 21.994131 22.201275 22.13811 22.60834
21.45415 21.684357 21.251266 21.194887 21.360352 21.32617 -32767.0 23.786772 -32767.0 -32767.0 -32767.0 -32767.0 -32767.0 -32767.0 -32767.0 -32767.0 -32767.0 -32767.0 -32767.0 -32767.0 -32767.0 -32767.0 21.129908 19.065683 18.61631 18.315073 18.155518 21.93146 22.529114 22.583502 22.866297 22.472366 22.662622 22.185495 22.23844 22.603333 22.582462 22.307018 21.914019 22.321182 22.476057 22.472237 22.472609 22.6398 22.445013 22.306778 22.288643 22.079216 21.758146 21.801626 21.924637 21.857264 21.808516 22.79857 23.135117 23.093157 22.873636 22.131155 21.952553 22.11668 -32767.0
21.450466 21.28169 21.571547 21.554283 20.850613 20.191015 20.427412 21.300486 23.41899 23.695797 23.840763 24.21146 26.210703 -32767.0 -32767.0 -32767.0 -32767.0 -32767.0 -32767.0 -32767.0 -32767.0 -32767.0 -32767.0 20.02416 17.699152 17.460203 17.930285 20.158045 22.478872 22.577972 22.696068 22.805979 22.917023 22.317926 22.233278 22.631548 22.705214 22.537804 22.495117 22.479677 22.574196 22.750034 22.434986 22.585716 21.986088 22.21205 22.108448 21.943502 21.89628 22.63165 22.820572 22.831907 22.832909 23.11422 23.360529 23.48096 22.806885 22.611256 22.417868 22.481 23.043058
21.486586 21.597048 21.969023 21.880688 21.58865 21.212967 21.330414 21.09097 21.98172 22.70963 22.804754 23.323488 24.768808 -32767.0 -32767.0 -32767.0 -32767.0 -32767.0 -32767.0 -32767.0 -32767.0 -32767.0 -32767.0 -32767.0 17.817936 17.30054 18.418976 19.944345 21.746464 22.686512 22.804066 22.782722 22.724148 22.036638 22.08458 22.020136 22.115044 22.29598 22.793856 22.782253 22.520462 22.657314 22.818172 22.455837 22.22003 22.194862 22.20441 21.901688 22.88999 22.844967 22.880981 23.022573 23.002756 23.217718 23.437483 23.438875 -32767.0 22.916927 23.303642 23.390415 23.772635
21.337471 21.78422 22.231918 22.106707 21.850666 21.424257 21.255663 21.342224 20.955492 20.85984 21.328068 21.223766 21.832447 23.919134 24.594532 -32767.0 -32767.0 -32767.0 -32767.0 -32767.0 -32767.0 -32767.0 -32767.0 -32767.0 -32767.0 17.630438 18.331917 20.632557 20.140259 21.412382 22.35493 22.767218 22.587017 21.979021 22.048904 22.101454 22.184662 22.40215 22.98796 22.954584 22.790876 22.812876 22.894781 22.981352 22.782583 22.527803 22.40918 22.248962 22.841246 23.023462 23.23604 23.553358 23.580967 23.824125 -32767.0 -32767.0 23.152 22.827522 23.025248 23.649904 24.120745
21.90024 22.049053 22.194061 22.183315 22.04077 22.186407 22.322187 21.721321 20.9495 20.86232 20.553406 21.375265 21.547613 -32767.0 25.480251 -32767.0 -32767.0 -32767.0 -32767.0 -32767.0 -32767.0 -32767.0 -32767.0 -32767.0 -32767.0 18.045622 18.746616 21.131468 20.739407 21.52933 22.13481 22.594786 22.793999 22.635014 21.712292 21.738688 22.315075 22.954473 23.141256 22.914213 22.944265 23.043331 23.036402 23.21302 23.240335 23.12972 22.670677 22.550861 22.97291 23.318762 23.29741 23.606113 24.019411 23.940023 -32767.0 23.694874 23.456226 23.780762 -32767.0 -32767.0 -32767.0
22.177692 22.258747 22.29466 22.22682 22.407896 22.29327 22.36639 21.976793 21.172869 21.399044 20.621248 21.327324 -32767.0 -32767.0 -32767.0 -32767.0 -32767.0 -32767.0 -32767.0 -32767.0 -32767.0 -32767.0 -32767.0 -32767.0 -32767.0 18.12949 19.194424 21.38476 22.504808 22.591991 22.5659 22.933876 22.997057 23.055597 23.029058 23.052916 23.130772 23.227913 23.087814 22.880772 22.854969 22.956575 23.22877 23.106613 23.310728 23.223803 22.948496 22.789383 23.024206 23.218258 23.318401 23.991146 24.301905 24.295485 24.330032 -32767.0 23.744574 -32767.0 -32767.0 -32767.0 -32767.0
22.678278 22.843933 22.841553 22.774668 22.615541 22.611214 22.670456 22.4932 21.93897 21.162636 20.98487 21.557781 23.924658 -32767.0 -32767.0 -32767.0 -32767.0 -32767.0 -32767.0 -32767.0 -32767.0 -32767.0 -32767.0 -32767.0 -32767.0 18.33469 19.89772 21.972454 22.49082 22.381796 23.02648 23.015245 23.00038 22.859346 22.884491 23.099371 23.182938 23.014696 22.924341 22.88904 23.091215 23.08021 23.235952 23.08417 23.543343 23.156662 22.881292 22.958534 23.090725 23.200539 23.52808 23.882126 24.461893 24.456955 -32767.0 -32767.0 -32767.0 -32767.0 -32767.0 -32767.0 -32767.0
23.014812 23.161541 23.0529 23.055363 23.110998 23.260248 23.035824 22.50083 22.244448 22.334454 21.885883 21.693031 23.069962 25.407902 -32767.0 -32767.0 -32767.0 -32767.0 -32767.0 -32767.0 -32767.0 -32767.0 -32767.0 -32767.0 -32767.0 20.303335 20.64018 22.210165 21.885593 22.398602 22.968382 22.820759 22.860281 22.601906 22.859528 23.255745 23.512732 23.26315 22.994143 23.330923 -32767.0 23.428293 23.358824 23.605854 23.65393 23.463156 23.011074 23.104136 23.36039 23.563349 23.6918 23.939388 -32767.0 -32767.0 -32767.0 -32767.0 -32767.0 -32767.0 -32767.0 -32767.0 -32767.0
23.101854 23.241224 23.227186 23.268301 23.277266 23.245893 22.857216 22.338556 21.990845 22.08832 21.963179 21.531471 22.08562 24.581308 -32767.0 -32767.0 -32767.0 -32767.0 -32767.0 -32767.0 -32767.0 -32767.0 -32767.0 -32767.0 -32767.0 -32767.0 21.044945 22.24216 21.629599 22.45351 22.978794 22.964783 22.67584 22.84162 23.264156 23.596598 23.906694 23.599129 23.218672 23.781939 23.507772 23.444782 23.375237 23.39694 23.525347 23.496372 23.366913 23.504683 23.803844 23.971931 24.031244 24.241884 -32767.0 -32767.0 -32767.0 -32767.0 -32767.0 -32767.0 -32767.0 -32767.0 -32767.0
23.372656 23.403791 23.460619 23.36343 23.20068 23.13379 22.866901 22.456644 22.115475 21.871025 21.759052 21.780596 22.065441 24.952 24.328001 -32767.0 -32767.0 -32767.0 -32767.0 -32767.0 -32767.0 -32767.0 -32767.0 -32767.0 -32767.0 20.415316 21.88075 22.438492 21.730135 21.086557 22.407148 23.10975 23.21633 23.09452 23.13803 23.558596 24.086544 23.953337 24.16583 24.291012 24.357084 24.501905 24.311209 23.93234 24.101397 24.07204 23.983253 24.014523 -32767.0 24.754637 24.329706 25.062489 -32767.0 -32767.0 -32767.0 -32767.0 -32767.0 -32767.0 -32767.0 -32767.0 -32767.0
23.558727 23.550446 23.517473 23.365503 23.14392 23.103394 22.93335 22.790253 22.416327 21.997372 21.072203 21.550364 23.337797 25.467144 -32767.0 -32767.0 -32767.0 -32767.0 -32767.0 -32767.0 -32767.0 -32767.0 -32767.0 -32767.0 -32767.0 21.23227 22.392511 22.704641 22.573942 23.028284 23.188917 23.320503 23.573067 23.628447 23.51847 23.796852 24.333498 24.485981 24.310843 -32767.0 -32767.0 24.536684 25.044931 -32767.0 -32767.0 -32767.0 -32767.0 -32767.0 -32767.0 -32767.0 -32767.0 -32767.0 -32767.0 -32767.0 -32767.0 -32767.0 -32767.0 -32767.0 -32767.0 -32767.0 -32767.0
23.765545 23.693562 23.367443 23.088566 23.01753 22.847208 22.355434 22.41051 22.42899 21.901993 20.851725 21.015583 24.788662 -32767.0 -32767.0 -32767.0 -32767.0 -32767.0 -32767.0 -32767.0 -32767.0 -32767.0 -32767.0 -32767.0 21.259003 22.819307 22.685482 23.154058 23.45749 23.47578 23.869476 24.218536 24.451742 24.382074 24.011726 24.386374 24.874147 24.37403 -32767.0 -32767.0 -32767.0 -32767.0 -32767.0 -32767.0 -32767.0 -32767.0 -32767.0 -32767.0 -32767.0 -32767.0 -32767.0 -32767.0 -32767.0 -32767.0 -32767.0 -32767.0 -32767.0 -32767.0 -32767.0 -32767.0 -32767.0
23.784567 23.715916 23.343931 23.284826 23.144924 22.819197 22.449713 22.021872 22.192541 21.130276 20.802288 20.012161 24.989283 -32767.0 -32767.0 -32767.0 -32767.0 -32767.0 -32767.0 -32767.0 -32767.0 22.08308 23.022259 22.437994 20.952188 23.192204 22.784304 22.92073 22.997627 23.761606 24.048151 24.548933 24.75791 24.653097 24.875862 24.984924 -32767.0 -32767.0 -32767.0 -32767.0 -32767.0 -32767.0 -32767.0 -32767.0 -32767.0 -32767.0 -32767.0 -32767.0 -32767.0 -32767.0 -32767.0 -32767.0 -32767.0 -32767.0 25.275263 -32767.0 -32767.0 -32767.0 -32767.0 -32767.0 -32767.0
23.563585 23.756245 23.722994 23.678017 23.479773 23.240225 22.761675 21.875921 21.324947 21.34009 20.29428 19.990376 22.098284 -32767.0 -32767.0 -32767.0 -32767.0 26.772041 23.215471 24.354984 22.380173 22.575155 21.990025 20.79818 23.613213 22.873241 23.639109 23.518639 23.665613 23.832914 24.581978 24.925903 24.739882 24.686663 24.432833 -32767.0 -32767.0 -32767.0 -32767.0 -32767.0 -32767.0 -32767.0 -32767.0 -32767.0 -32767.0 24.242584 24.536901 -32767.0 -32767.0 -32767.0 -32767.0 -32767.0 -32767.0 -32767.0 24.127918 -32767.0 -32767.0 -32767.0 -32767.0 -32767.0 23.716665
23.46048 23.547195 23.591133 23.467258 23.349468 23.228022 22.942715 22.730188 22.42546 21.148287 20.298403 19.632135 -32767.0 23.836798 -32767.0 24.04471 -32767.0 23.732454 -32767.0 20.980768 20.992647 20.859379 20.665312 21.991539 23.723291 23.30268 23.414595 23.320019 23.481588 23.866629 24.568592 24.85494 24.748419 -32767.0 -32767.0 -32767.0 -32767.0 -32767.0 -32767.0 -32767.0 -32767.0 24.244406 24.693928 24.52709 24.525633 23.692152 23.318644 23.282293 24.53311 -32767.0 -32767.0 -32767.0 -32767.0 -32767.0 24.545282 24.195154 24.155657 24.996912 25.731241 25.533491 24.598328
23.61648 23.789576 23.751137 23.674232 23.511175 23.433199 23.230005 23.197727 23.105991 21.874533 20.974127 20.435402 19.564201 19.912169 20.184608 19.970892 19.37224 19.863472 19.812685 19.763105 20.088938 21.17408 21.425438 21.70908 -32767.0 23.729809 23.812054 24.215609 24.422861 24.91929 24.480713 -32767.0 -32767.0 -32767.0 -32767.0 -32767.0 24.446156 24.235067 22.841694 23.690796 23.826242 24.055944 25.213474 -32767.0 -32767.0 24.517384 24.31758 23.958328 -32767.0 -32767.0 -32767.0 -32767.0 -32767.0 24.33589 22.138351 24.262629 26.388493 26.257204 26.206873 26.37156 26.261093
23.403845 23.608858 23.670729 23.571028 23.554054 23.598604 23.616186 23.508636 22.38549 22.700418 22.528305 21.65987 20.852558 20.775194 20.589947 21.255482 22.20181 21.765318 21.117605 22.399157 21.526127 22.096804 23.08644 22.34714 23.239119 24.107603 24.284285 24.660278 24.599854 24.710989 25.061853 26.51704 -32767.0 24.957304 24.758698 -32767.0 23.55337 24.324795 24.211458 -32767.0 25.421125 25.454536 -32767.0 -32767.0 -32767.0 -32767.0 24.227598 24.673855 -32767.0 -32767.0 -32767.0 -32767.0 24.204954 25.205591 25.58229 25.865881 26.001402 26.036282 26.504774 26.417486 26.45991
23.696627 23.824379 23.897451 23.835274 23.809996 23.768753 23.85047 23.853209 23.840208 23.845201 23.800613 23.697151 23.492594 23.471037 23.772774 23.24734 23.399946 23.566814 23.47036 22.402046 24.42043 24.403555 24.418203 24.43671 24.148869 24.18025 -32767.0 24.717945 25.01727 -32767.0 -32767.0 26.848566 25.321257 24.785534 23.633322 23.933475 24.626812 24.527851 -32767.0 -32767.0 -32767.0 -32767.0 -32767.0 -32767.0 -32767.0 -32767.0 23.631573 23.798574 23.769651 -32767.0 -32767.0 23.39566 25.065298 25.513575 25.795206 25.886215 26.150051 26.257175 26.484497 25.789974 25.269634
23.673452 23.687675 23.716972 23.883524 24.10246 24.035927 24.113005 24.151628 24.198751 24.14966 24.056467 23.98764 24.231594 -32767.0 -32767.0 22.990223 23.52247 24.53553 24.545073 24.447159 24.682402 24.505262 24.525766 24.487556 24.554024 24.46534 24.67319 24.71191 -32767.0 -32767.0 -32767.0 -32767.0 -32767.0 -32767.0 23.646196 24.074596 24.867624 -32767.0 -32767.0 -32767.0 -32767.0 -32767.0 25.549591 -32767.0 23.836418 24.646715 25.08029 24.887405 24.731094 23.112574 -32767.0 25.148054 25.278364 25.488272 25.79067 25.891596 26.139984 26.333422 26.4112 25.716131 25.03064
