static/data/thetao/2023/7/5/12.asc
ncols 137
nrows 93
xllcorner 108.0
yllcorner 17.0
cellsize 0.25
NODATA_value -32767
[rows 54 to 80 of 93, columns 61 to 121 of 137]
28.663631 28.813768 29.002283 28.996023 28.904774 28.793362 28.713123 28.65684 28.884317 29.16076 29.403797 29.147188 28.88344 28.738277 28.492842 28.505684 28.437235 28.51416 28.608774 27.707834 28.227875 28.348625 27.58035 27.749443 27.823313 27.849632 28.123251 28.019043 28.159237 28.262806 28.336903 28.127892 27.86424 27.711203 27.825575 27.731915 27.52327 27.557863 27.543606 27.546595 27.491941 27.433243 27.398764 27.46566 27.816385 27.918911 27.935225 28.044884 28.151297 28.059597 28.103127 28.556332 28.726076 28.57808 28.207079 27.795595 27.407475 27.392557 27.63833 27.82189 28.518415
28.911621 28.913675 28.979368 29.045395 28.946932 28.790775 28.517561 28.926603 29.172758 29.226885 29.310053 29.141893 29.00104 28.607302 28.468288 28.46209 28.45061 28.473705 -32767.0 27.289703 27.787148 28.112535 28.109467 27.674692 27.80021 27.787739 28.142607 28.091167 28.280506 28.280558 28.403416 28.197937 27.923056 27.887892 27.80016 27.880936 27.671988 27.691933 27.575575 27.541111 27.49747 27.455118 27.478134 27.800695 28.006569 28.027552 28.009125 28.085796 28.134512 28.10298 28.664583 29.047003 29.066269 28.997766 28.723232 28.249678 27.92859 27.69551 27.676039 27.876957 28.334238
29.085762 29.413807 29.26223 29.1547 29.070696 28.881235 29.128502 29.216032 29.464647 29.442726 29.24615 29.027437 28.93433 28.526089 28.57892 28.628244 28.605957 28.527714 28.230898 28.011042 28.023027 27.936346 28.23331 28.136354 28.17273 27.839285 28.061594 28.196444 28.29586 28.301174 28.428812 28.386467 28.120008 28.279257 27.974365 27.967356 27.930157 27.708624 27.669117 27.631292 27.568027 27.525106 27.605797 28.000694 28.21843 28.306185 28.306395 28.334871 28.289663 28.545155 29.089642 29.094427 28.79049 28.993711 29.054157 28.76652 28.409063 28.288115 28.25723 28.140278 28.234999
29.969133 29.98174 29.7045 29.306429 29.378462 29.420246 29.528067 29.617455 29.528671 29.302595 28.783953 28.84111 28.663973 28.48668 28.580984 28.674791 28.738594 28.75512 28.789087 28.786455 28.75171 28.713497 28.603216 28.393349 28.219433 28.056335 28.039864 28.305069 28.305258 28.35741 28.494467 28.528475 28.389664 28.592772 28.659739 28.278948 27.890793 27.962614 27.80229 27.675892 27.63397 27.603428 27.707788 28.021048 28.168064 28.336687 28.427101 28.345787 28.41769 29.110071 29.248247 28.946884 28.806248 29.022816 29.14598 28.954786 28.671595 28.592918 28.407911 28.217293 28.155422
30.01543 29.973625 29.901667 29.928492 29.859442 29.219492 29.543648 29.712036 29.214561 29.07813 28.768986 28.489202 28.488 28.645685 28.749443 28.825813 28.813726 28.821022 28.927168 28.896769 28.840614 28.832972 28.792185 28.718739 28.57624 28.233755 28.128511 28.369596 28.321775 28.455675 28.49355 28.681776 28.745415 28.754204 28.783556 28.74952 28.42003 27.848263 27.92071 27.82478 27.768824 27.641514 27.792652 27.97752 28.035528 28.127508 28.196768 28.338724 28.838488 29.27469 29.310867 28.952967 28.94685 28.98812 29.1149 28.763718 28.428108 27.91407 27.938747 28.065775 28.06806
29.901388 30.011002 29.898548 29.566502 29.51913 29.766203 29.65478 28.917706 28.843187 28.711273 28.583292 28.68732 28.968346 29.1323 29.139797 29.127222 29.050842 29.08635 28.963108 28.86216 28.788347 28.751455 28.806034 28.79259 28.732702 28.420631 28.195711 28.454 28.47193 28.550726 28.623627 28.721155 28.751366 28.709274 28.789127 28.822012 28.666433 28.499205 28.056448 27.83182 27.92026 27.864555 27.891407 27.997076 27.974562 28.051527 28.209894 28.250496 29.065874 29.474186 29.352556 29.399374 28.817211 29.004879 29.28013 28.406658 28.076717 27.649536 27.861397 27.904125 28.010555
29.947485 29.876757 29.89521 29.8417 29.553394 28.984863 28.794312 28.508848 28.69449 28.519022 28.964008 29.245777 29.362165 29.387596 29.371346 29.325758 29.163437 28.889372 28.754274 28.71302 28.568087 28.623055 28.695896 28.853462 28.786995 28.491966 28.36617 28.498966 28.50783 28.610628 28.727156 28.86465 28.93143 28.979628 28.946795 28.964943 28.977028 28.965984 28.85186 28.667349 28.027565 27.90823 28.02972 28.044699 27.968567 27.91342 28.014933 28.134441 29.160803 29.472586 29.493864 29.349794 29.269903 28.870846 28.85264 29.192503 28.12385 27.749207 27.776287 27.761976 27.998571
29.99113 29.62378 29.123156 28.859621 28.954344 28.763565 28.622849 28.707445 28.904724 28.752192 29.180439 29.303541 29.422909 29.44211 29.265198 29.247211 28.923262 28.795263 28.74547 28.721575 28.563288 28.717054 28.75901 28.847113 28.825834 28.537016 28.484455 28.4643 28.416775 28.639217 28.764257 28.926765 29.12603 29.097246 29.187664 29.190493 29.33705 29.375816 29.31699 29.00777 28.82193 28.431358 28.267807 28.183096 28.104763 28.062433 28.030111 28.15514 29.210394 29.359392 29.521084 29.480972 29.417143 28.967487 28.701006 28.785463 28.524893 27.81956 27.652527 27.72189 27.999258
29.985693 29.767729 29.306372 29.046616 28.51934 28.525263 28.721241 29.173868 29.145128 29.07217 29.16167 29.341597 29.482605 29.458183 29.298597 29.060972 28.927101 28.846497 28.78455 28.737795 28.737143 28.758133 28.847176 28.877821 28.806093 28.620518 28.609604 28.524946 28.681795 28.638237 28.775465 28.969147 29.208471 29.233335 29.328276 29.412697 29.506987 29.377558 29.369503 29.334106 29.002768 28.760937 28.589434 28.51366 28.404617 28.181166 28.19947 28.330069 29.232122 29.411673 29.58946 29.566887 29.28944 29.107306 29.175737 28.62713 28.970085 27.929695 27.676449 27.655796 28.237932
29.780792 29.57579 28.652468 28.095945 28.441765 28.569046 28.912016 29.17759 29.019499 29.02867 29.217152 29.405895 29.556583 29.50056 29.33773 29.096832 29.023945 28.913881 28.900064 28.822067 28.783777 28.767189 28.781368 28.798498 28.773615 28.646143 28.607151 28.629612 28.731522 28.738745 28.893055 29.042068 29.281525 29.333538 29.416933 29.41015 29.312975 29.168356 29.32501 29.290325 29.019472 28.816437 28.725748 28.85232 28.738232 28.008894 28.110523 28.850554 29.253119 29.463692 29.667553 29.620657 29.317144 29.655632 29.59106 28.911068 29.05377 28.12539 27.79008 27.828922 29.003939
29.45684 29.128344 28.564444 28.502035 28.524166 28.577848 28.7037 28.87541 28.817554 29.039766 29.276392 29.449488 29.634981 29.596235 29.413517 29.241909 29.059666 28.930079 28.986954 28.970577 28.92389 28.887217 28.879398 28.83204 28.769993 28.6583 28.61757 28.649275 28.73082 28.883211 29.076982 29.135214 29.279915 29.362669 29.4267 29.31968 29.315847 29.12777 29.211407 29.125769 28.99574 28.683355 28.76769 28.69358 28.727652 28.186506 28.423222 29.223503 29.29869 29.438454 29.677277 29.573076 29.736294 29.634993 29.623592 29.064886 28.972927 28.134077 28.036589 28.870907 29.469284
28.916153 28.493332 28.43339 28.49088 28.56744 28.610455 28.652275 28.781158 28.892954 29.168812 29.384844 29.5622 29.690556 29.654575 29.55959 29.352623 29.062094 28.934948 28.998936 29.031454 29.007113 28.962883 28.83389 28.792185 28.705692 28.664743 28.673985 28.705126 28.780245 29.067926 29.266043 29.301638 29.34038 29.501337 29.558167 29.229246 29.288977 29.345287 29.280676 29.029297 28.953413 28.623589 28.665024 28.729204 28.870838 28.871931 29.146187 29.243504 29.337791 29.428349 29.704874 29.542454 29.85421 29.687656 29.543064 29.24198 28.598566 28.236288 28.883055 29.405787 29.684448
28.943417 28.39887 28.53767 28.578884 28.732765 28.651663 28.724827 28.910215 29.17745 29.403034 29.603834 29.728853 29.784506 29.71794 29.648455 29.426392 29.037514 28.988504 29.043694 29.03988 29.046495 29.085482 28.999685 28.845367 28.723213 28.725893 28.701307 28.699343 28.932623 29.259798 29.306978 29.337486 29.498295 29.639717 29.551783 29.508667 29.232607 29.158438 29.163528 28.954294 28.795702 28.838963 28.787699 29.006136 29.221416 29.350359 29.355097 29.304478 29.38442 29.435438 29.674137 29.604446 29.662924 29.588823 29.447128 29.041368 28.52063 28.926678 29.296364 29.769306 29.69601
29.094927 28.435545 28.512905 28.679935 28.665632 28.642239 28.980238 29.20209 29.33831 29.654518 29.801128 29.864172 29.822313 29.721586 29.673595 29.484024 29.025312 29.048388 28.861439 28.755604 28.699625 28.939566 29.006573 28.884207 28.782368 28.748789 28.802431 28.870907 29.032988 29.360111 29.448254 29.503796 29.668062 29.57915 29.541292 29.55777 29.5242 29.494339 29.196012 29.217066 29.136536 28.718742 28.740835 29.274446 29.416504 29.472383 29.403156 29.35269 29.349615 29.480698 29.63837 29.797419 29.220284 29.293463 29.154036 28.687754 28.812641 29.156984 29.471237 29.804316 29.776243
29.184494 28.602175 28.547014 28.507215 28.542515 28.85671 29.138617 29.274115 29.547577 29.773613 29.878767 29.936123 29.912033 29.753222 29.719997 29.529556 29.121761 29.00019 28.898163 28.856874 28.847788 28.808031 28.836437 28.901451 28.894491 28.860834 28.830404 29.043324 29.10202 29.393908 29.581333 29.523254 29.75104 29.791237 29.790903 29.80046 29.79237 29.623814 29.46304 29.215773 29.21745 29.096338 28.600863 28.996628 29.285282 29.333624 29.457533 29.5049 29.573685 29.582516 29.580698 29.835373 29.11547 28.97776 28.82331 28.702038 29.265299 29.159166 29.300407 29.75677 29.995071
29.103033 28.711926 28.564331 28.453857 28.78632 29.054173 29.233042 29.36096 29.647455 29.765928 29.82334 29.926876 29.888763 29.77626 29.762943 29.55644 29.22961 29.027657 29.019056 29.06201 29.149313 29.175264 29.124645 29.10859 29.104805 29.119173 29.1434 29.107218 29.297775 29.552881 29.677477 29.65944 29.82073 29.933207 29.913853 29.919514 29.911259 29.73976 29.605387 29.471912 29.261263 29.219402 29.097622 28.987324 29.149202 29.404202 29.588299 29.55085 29.513657 29.526709 29.6063 29.882975 29.639448 29.004293 28.803318 29.133026 29.208004 29.175283 29.221552 29.444656 29.996683
28.844187 28.423086 28.374205 28.635475 28.941498 29.134115 29.200108 29.378515 29.752031 29.772112 29.784239 29.915443 29.83881 29.781502 29.794218 29.572231 29.281185 29.149649 29.123224 29.172033 29.272156 29.272747 29.259798 29.31947 29.291471 29.312717 29.25149 29.199926 29.419739 29.56528 29.767786 29.747805 29.923504 29.926535 29.867855 29.727837 29.723492 29.75211 29.671661 29.694263 29.496887 29.327065 29.3143 29.433828 29.533047 29.676632 29.796066 29.803143 29.756018 29.742712 29.937399 30.073412 29.912199 29.07634 28.884111 29.33145 29.377474 29.366722 29.463062 29.336966 29.480183
28.263464 28.39511 28.751266 29.016672 29.00544 29.161667 29.130455 29.537922 29.797607 29.792173 29.830828 29.914358 29.813286 29.801584 29.820574 29.581945 29.296862 29.158155 29.200693 29.245605 29.284445 29.235624 29.263823 29.311073 29.30694 29.3461 29.32086 29.40801 29.514366 29.608887 29.71098 29.843853 29.877836 29.95847 29.610008 29.566412 29.641788 29.6569 29.795006 29.750025 29.684017 29.559685 29.601229 29.793524 30.005743 30.017958 29.97725 29.987902 29.999304 30.052593 30.121628 30.106956 29.988966 29.19336 29.037117 29.508453 29.713545 29.469847 29.482166 29.722664 29.493319
28.32869 28.622114 29.07732 29.253313 29.062412 29.18013 29.119534 29.58612 29.748472 29.80367 29.929747 29.920687 29.783232 29.831896 29.837269 29.580149 29.30935 29.260057 29.253248 29.254719 29.242517 29.25996 29.411242 29.45205 29.382086 29.404924 29.452152 29.491537 29.5406 29.576992 29.728575 29.782427 29.848614 29.854519 29.669935 29.6025 29.605373 29.661366 29.729698 29.850004 29.775017 29.676495 29.954031 29.952003 29.999702 30.114435 30.127834 30.196615 30.22531 30.252138 30.203861 30.16164 30.009302 29.385939 29.230417 29.47784 29.809734 29.702179 29.632612 29.688124 29.666796
29.244503 29.137426 29.3725 29.191916 29.122105 29.167496 29.223513 29.668295 29.668404 29.808292 29.938868 29.872095 29.814816 29.851965 29.871296 29.60519 29.37567 29.28111 29.243155 29.273699 29.320932 29.363338 29.378935 29.396921 29.415277 29.450314 29.425253 29.490208 29.536486 29.54726 29.620485 29.701067 29.708748 29.722502 29.654783 29.596495 29.586985 29.586239 29.755617 29.882652 29.830118 29.946507 30.007847 30.104345 30.103445 30.223665 30.281313 30.26969 30.300764 30.342798 30.23238 30.192202 30.09395 30.025982 29.871006 29.794165 29.772694 29.803795 29.834076 29.860563 29.831087
29.476065 29.566519 29.368467 29.163916 29.171612 29.297556 29.474148 29.744923 29.608843 29.834494 29.913074 29.78289 29.880983 29.91293 29.861225 29.66754 29.528282 29.360313 29.256248 29.315796 29.361721 29.35703 29.3791 29.39311 29.454641 29.50804 29.545107 29.589483 29.62164 29.658014 29.629957 29.610044 29.663523 29.824131 29.990654 30.100609 30.047735 29.805288 29.765936 29.909954 29.964205 30.15602 29.957478 30.183016 30.195599 30.308537 30.32346 30.407114 30.407574 30.382374 30.35864 30.234903 30.172619 30.156544 30.164894 30.168552 30.150902 30.13574 30.178005 30.21599 30.195608
29.491516 29.378853 29.291483 29.234922 29.26983 29.31965 29.778498 29.614887 29.653635 29.829277 29.90286 29.76026 29.974545 29.92588 29.779774 29.753689 29.641235 29.4399 29.2711 29.325613 29.384834 29.44417 29.465395 29.524399 29.67956 29.718626 29.509691 29.454237 29.619879 29.684515 29.821917 30.036572 30.196033 30.201235 30.116798 30.115864 30.15072 30.242033 29.975668 29.943562 30.120148 30.197632 30.11762 30.101318 30.235783 30.421444 30.410418 30.491028 30.380445 30.352655 30.33017 30.262337 30.260452 30.255661 30.264977 30.262411 30.256874 30.30583 30.382732 30.372093 30.443396
29.438803 29.38055 29.318449 29.337128 29.339655 29.332846 29.860996 29.452433 29.653374 29.795 29.88109 29.761196 29.958237 29.862549 29.800066 29.839254 29.708048 29.40874 29.345383 29.416584 29.522127 29.603806 29.717476 29.841225 29.656631 29.363735 29.36661 29.404968 29.591248 29.992405 30.161396 30.121607 30.084965 30.176403 30.13724 30.102482 30.185915 30.114174 30.201887 30.12881 30.164488 30.246862 30.199615 30.175385 30.324032 30.495584 30.461805 30.486574 30.410048 30.395569 30.384016 30.39652 30.401707 30.408968 30.405745 30.350632 30.453495 30.556723 30.56457 30.63545 30.591915
29.398796 29.395863 29.417276 29.429943 29.46244 29.69741 29.860725 29.47944 29.60654 29.79373 29.874533 29.745771 29.944489 29.8417 29.877264 29.886948 29.756962 29.446337 29.570068 29.571056 29.62684 29.506817 29.67786 29.688488 29.457008 29.475786 29.5553 29.70062 30.107838 30.152464 30.25747 30.280235 30.306818 30.282476 30.213264 30.249882 30.180927 30.241768 30.32249 30.322027 30.269634 30.276203 30.258884 30.309273 30.379478 30.54935 30.468782 30.53824 30.383986 30.400473 30.44174 30.466036 30.605934 30.550644 30.568968 30.64569 30.646347 30.580917 30.607883 30.613115 30.569317
29.373112 29.526056 29.538784 29.584465 29.420956 30.041641 29.806665 29.46962 29.622705 29.807364 29.781303 29.775309 29.973951 29.874771 29.803013 29.838814 29.854282 29.685223 29.620888 29.631918 29.603464 29.516626 29.740038 29.670292 29.552526 29.639666 29.807552 30.11202 30.13322 30.24317 30.230244 30.319492 30.373232 30.314522 30.325027 30.337221 30.310093 30.25995 30.373991 30.463299 30.48384 30.365868 30.359455 30.423788 30.485039 30.57329 30.52394 30.532404 30.473957 30.528519 30.6451 30.635147 30.512388 30.629965 30.830765 30.859818 30.847992 30.873245 30.940228 30.962374 30.948696
29.318022 29.555748 29.566534 29.624784 29.765337 30.067543 29.668182 29.612143 29.596094 29.788485 29.87195 30.013672 30.045954 29.929834 29.906368 29.86481 29.801481 29.855297 29.789661 29.76588 29.667685 29.724281 29.75988 29.615776 29.802216 29.920923 30.10852 30.241858 30.33661 30.349323 30.378778 30.385355 30.415834 30.456007 30.475992 30.523607 30.4873 30.427382 30.472668 30.545383 30.59153 30.530235 30.502487 30.59864 30.728645 30.673323 30.653158 30.697884 30.724245 30.678265 30.69844 30.633228 30.781181 30.93709 30.955694 30.912075 30.994003 31.02178 30.962847 30.924566 30.872517
29.569277 29.637878 29.57257 29.654898 29.847288 30.086586 29.67019 29.810307 29.67425 29.806364 30.002274 30.026747 29.898378 29.736967 29.837185 29.899845 29.910406 29.879747 29.75053 29.614147 29.681246 29.808346 29.673845 29.86117 29.779493 30.004385 30.283731 30.259895 30.420422 30.493145 30.507996 30.497845 30.528193 30.452448 30.48103 30.570662 30.452648 30.437714 30.46235 30.674963 30.712793 30.775797 30.70924 30.802671 30.755217 30.742165 30.77732 30.753576 30.683372 30.707489 30.824663 30.919813 30.898602 30.92646 30.936722 31.009527 30.95589 30.896442 30.810364 30.824867 30.874994
