static/data/thetao/2023/7/5/18.asc
ncols 137
nrows 93
xllcorner 108.0
yllcorner 17.0
cellsize 0.25
NODATA_value -32767
[rows 0 to 26 of 93, columns 61 to 121 of 137]
-32767.0 -32767.0 -32767.0 -32767.0 -32767.0 -32767.0 -32767.0 -32767.0 -32767.0 -32767.0 -32767.0 -32767.0 -32767.0 -32767.0 -32767.0 -32767.0 -32767.0 -32767.0 -32767.0 20.94339 20.475826 19.4945 18.832012 19.426233 19.864435 20.400019 21.054197 21.05352 20.739363 20.721651 20.924326 20.791706 20.627703 20.926785 21.219341 20.82617 20.749685 20.911484 21.302038 21.60718 22.020016 21.645113 20.750324 20.587782 20.864944 20.610237 20.098066 20.77825 20.685602 20.349968 20.46087 20.776297 20.966742 21.152859 21.287603 21.174469 21.071188 21.028944 20.980785 21.310278 21.464342
23.888527 24.242022 24.712175 25.384562 25.703588 25.928644 26.400625 -32767.0 -32767.0 -32767.0 -32767.0 -32767.0 -32767.0 -32767.0 -32767.0 -32767.0 -32767.0 -32767.0 20.847404 19.855074 19.868422 20.261082 20.432621 20.964664 20.885666 20.949692 21.276812 21.32028 20.832071 21.186073 20.799294 21.246044 21.174591 21.668499 21.54138 20.694483 20.911654 21.493576 21.74093 21.661852 21.690065 21.938667 21.462952 20.976908 21.168371 21.09047 20.908527 20.816252 20.618885 20.673717 20.553307 20.78569 20.839281 20.809587 20.867064 21.124233 20.373375 20.140436 20.253391 20.936829 21.300282
24.25653 23.082672 22.139587 21.80758 22.675165 23.88068 25.391487 25.012295 24.30215 -32767.0 -32767.0 -32767.0 -32767.0 -32767.0 -32767.0 -32767.0 -32767.0 -32767.0 20.5988 19.667696 20.508673 19.972942 20.504972 20.989513 20.988243 21.214727 21.084915 21.125145 21.214958 20.684017 20.332836 21.222233 21.223097 21.34817 21.507051 20.886467 21.603842 21.954475 22.174997 21.798029 21.514278 21.739073 21.69989 21.325829 21.39758 21.136713 21.251446 21.224926 21.173107 21.177608 21.066206 20.353294 20.90063 21.248455 21.194874 20.668722 20.183365 20.459318 20.397734 21.083342 21.359922
21.65671 21.32089 21.264387 21.154243 20.98468 21.296232 22.438759 24.066704 24.470812 -32767.0 -32767.0 -32767.0 -32767.0 -32767.0 -32767.0 -32767.0 -32767.0 23.39954 21.515478 21.179855 20.743492 19.613077 19.116314 18.794077 18.229012 18.35032 19.297693 19.708883 20.344559 20.55818 20.446981 20.354498 21.423218 21.243465 21.858534 21.95788 21.931292 21.676409 22.095432 21.83495 21.52468 21.797447 21.835423 21.684278 21.325605 21.22494 21.15127 21.058735 21.142084 21.379744 21.27484 20.946205 21.405258 21.488052 21.239231 21.237318 20.720287 20.601072 20.927294 21.32917 21.59481
21.08137 21.36706 21.368689 21.079191 21.069338 21.05928 21.428543 23.181322 -32767.0 -32767.0 -32767.0 -32767.0 -32767.0 -32767.0 -32767.0 -32767.0 -32767.0 -32767.0 -32767.0 22.37186 20.988222 20.336372 18.818886 19.474312 18.465618 20.07075 21.829514 21.936527 22.068459 22.105335 21.96653 21.489218 21.05196 21.447168 21.396376 21.443262 22.014893 22.13572 21.76975 21.733915 21.5291 21.934923 21.93605 21.691906 21.165705 21.33244 21.456112 21.30846 21.455463 20.8851 21.238146 20.94473 21.262806 21.135853 21.547796 21.461868 21.730085 21.102575 21.40174 21.528557 21.680214
21.277954 21.125807 21.332579 21.420729 21.365622 20.738409 21.627129 23.462418 -32767.0 -32767.0 -32767.0 -32767.0 -32767.0 -32767.0 -32767.0 -32767.0 -32767.0 -32767.0 -32767.0 -32767.0 21.642464 21.160265 19.208038 19.715906 18.649227 20.229342 22.097223 21.730116 22.001118 22.187067 22.254345 22.248552 21.934034 21.402449 21.681105 22.341354 22.243515 21.85942 21.469887 21.807686 21.993912 22.064697 21.791143 21.25232 21.18435 21.198902 21.645267 21.60655 21.55028 21.361729 20.627457 20.93463 21.263275 21.268375 21.429974 21.588837 21.413733 21.690079 21.781494 21.76771 22.067572
21.742556 21.719679 21.810863 21.74213 21.567188 20.980265 22.04736 24.042843 -32767.0 -32767.0 -32767.0 -32767.0 -32767.0 -32767.0 -32767.0 -32767.0 -32767.0 -32767.0 -32767.0 -32767.0 -32767.0 20.339956 19.529737 19.246157 19.50127 19.078753 22.034208 21.916142 22.18133 22.201817 22.403973 22.503922 22.394625 21.90226 22.50146 22.42171 22.04711 21.756893 21.809845 21.381437 21.489317 21.740805 21.093466 21.231514 21.323107 21.420298 21.658464 21.673162 21.45763 21.659039 20.524107 20.98567 21.277193 21.181162 21.371582 21.65288 21.96765 21.673634 21.769793 21.843365 22.203247
21.726208 21.839914 21.784721 21.487349 21.502077 21.470104 22.013945 -32767.0 -32767.0 -32767.0 -32767.0 -32767.0 -32767.0 -32767.0 -32767.0 -32767.0 -32767.0 -32767.0 -32767.0 -32767.0 -32767.0 -32767.0 20.710388 19.562546 19.759178 18.456966 20.265055 22.305426 22.287415 22.4859 22.601109 22.656145 22.224045 22.665884 22.451302 22.486616 22.129902 21.804577 21.835724 21.558685 21.530426 21.33006 21.916225 21.865402 21.585987 21.484978 21.5111 21.942461 21.673306 21.505213 20.716034 21.02377 21.150974 21.278608 21.73211 22.458048 22.280312 21.67527 21.811386 21.905817 22.361712
21.74406 21.9949 21.729713 21.500664 21.602661 21.636162 -32767.0 24.113613 -32767.0 -32767.0 -32767.0 -32767.0 -32767.0 -32767.0 -32767.0 -32767.0 -32767.0 -32767.0 -32767.0 -32767.0 -32767.0 -32767.0 20.164541 19.57748 18.443905 18.318895 18.718071 22.356495 22.742558 22.60656 22.886696 22.597267 22.627544 22.235455 22.175077 22.60676 22.48862 22.078222 21.576216 21.813274 21.905687 22.061089 22.078136 21.984842 21.944223 21.774305 21.801802 21.809277 21.319685 21.049513 21.097376 21.321182 21.299072 22.27261 22.58129 22.788332 22.446007 22.21376 22.036873 22.26983 -32767.0
21.693949 21.568317 21.800947 21.894756 21.589886 20.664412 21.09765 21.797337 23.715017 23.927238 24.188086 24.48975 26.357845 -32767.0 -32767.0 -32767.0 -32767.0 -32767.0 -32767.0 -32767.0 -32767.0 -32767.0 -32767.0 20.023767 18.055069 18.130672 19.01189 20.571306 22.816278 22.73695 22.806124 22.553509 22.760258 22.222382 21.932014 22.388405 22.405231 22.182844 22.100218 21.972303 22.089985 22.102995 22.100866 22.23475 21.816763 21.743563 21.75353 21.581207 21.22658 21.553131 21.915812 22.194908 22.311783 22.644653 23.117752 23.226706 23.045967 22.69114 22.526525 22.462671 22.81804
21.589855 21.694681 22.128782 22.233055 21.967901 21.684742 21.645271 21.540613 22.133425 23.03088 23.27758 23.629692 25.071192 -32767.0 -32767.0 -32767.0 -32767.0 -32767.0 -32767.0 -32767.0 -32767.0 -32767.0 -32767.0 -32767.0 18.03092 17.88716 18.866472 20.060617 22.124361 22.876156 22.852613 22.70369 22.928722 21.993351 21.632156 21.817402 22.01576 22.03673 22.438192 22.455389 22.305681 22.228294 22.400463 22.073177 21.817003 21.856575 21.831007 21.630997 22.34047 22.564812 22.44735 22.315018 22.399189 22.71873 23.42626 23.39168 -32767.0 23.12572 23.270988 23.416723 23.767658
21.365284 21.7446 22.393707 22.348907 22.204515 21.862501 21.624891 21.642838 21.36075 21.26082 21.560123 21.424677 22.343534 24.133518 24.81469 -32767.0 -32767.0 -32767.0 -32767.0 -32767.0 -32767.0 -32767.0 -32767.0 -32767.0 -32767.0 18.144274 18.875168 20.972279 20.517906 21.47268 22.509695 22.792755 22.550928 21.912222 21.835932 21.792253 21.854712 21.94338 22.304874 22.746643 22.425661 22.395859 22.570213 22.479462 22.187292 22.057764 22.057606 21.881592 22.514225 22.40357 22.588116 22.509323 22.809212 23.04785 -32767.0 -32767.0 23.171564 23.128933 23.037735 23.45759 23.98713
21.918558 22.152699 22.382706 22.490362 22.27047 22.421764 22.526999 22.186773 21.574768 21.312273 21.064934 21.660234 21.809238 -32767.0 25.54924 -32767.0 -32767.0 -32767.0 -32767.0 -32767.0 -32767.0 -32767.0 -32767.0 -32767.0 -32767.0 16.701914 19.577759 21.370964 20.258133 20.422287 21.732056 22.578335 22.61278 22.525095 21.760075 21.657164 21.739359 22.158468 22.458427 22.756235 22.482971 22.56759 22.725174 22.599323 22.744823 22.735909 22.27253 22.137064 22.323013 22.775671 22.7706 22.72422 22.954578 23.740978 -32767.0 23.447489 23.313463 23.733109 -32767.0 -32767.0 -32767.0
22.252277 22.357224 22.437288 22.51093 22.645405 22.615812 22.651598 22.337084 21.705456 21.76488 21.06993 21.719881 -32767.0 -32767.0 -32767.0 -32767.0 -32767.0 -32767.0 -32767.0 -32767.0 -32767.0 -32767.0 -32767.0 -32767.0 -32767.0 17.240576 20.222204 21.714214 22.596062 22.616432 22.355835 22.480986 22.669844 22.818502 22.805206 22.4963 22.562954 22.771914 22.820774 22.573664 22.472635 22.553972 22.789715 22.839706 22.824564 22.752987 22.52495 22.461378 22.574593 22.649519 22.72667 23.030912 23.196045 24.229961 24.334204 -32767.0 23.59151 -32767.0 -32767.0 -32767.0 -32767.0
22.563368 22.78993 22.956047 22.986362 22.834307 22.773666 22.938929 22.740051 22.34862 21.668243 21.409641 21.961737 24.183577 -32767.0 -32767.0 -32767.0 -32767.0 -32767.0 -32767.0 -32767.0 -32767.0 -32767.0 -32767.0 -32767.0 -32767.0 17.70165 20.66646 22.141129 22.493057 22.606606 22.928312 23.034708 23.02546 22.972828 22.8956 22.763172 22.80682 22.804174 22.473139 22.438128 22.699558 22.700888 22.845005 22.889881 22.919895 22.79693 22.577765 22.703854 22.73118 22.67117 22.80199 23.302805 23.35891 24.343988 -32767.0 -32767.0 -32767.0 -32767.0 -32767.0 -32767.0 -32767.0
22.972132 23.183632 23.159452 23.16062 23.186903 23.361214 23.363401 22.747803 22.591124 22.584421 22.20554 22.135178 23.53863 25.585257 -32767.0 -32767.0 -32767.0 -32767.0 -32767.0 -32767.0 -32767.0 -32767.0 -32767.0 -32767.0 -32767.0 19.764954 20.593916 22.220667 22.285494 22.577368 23.032274 22.83619 22.80408 22.729067 22.762241 22.787754 22.8118 22.785444 22.317997 23.103436 -32767.0 22.958092 22.979475 23.126438 23.061613 23.075104 22.501888 22.703749 22.912903 23.164253 22.73151 23.588154 -32767.0 -32767.0 -32767.0 -32767.0 -32767.0 -32767.0 -32767.0 -32767.0 -32767.0
23.131033 23.357645 23.341125 23.367228 23.368155 23.428387 23.184174 22.705229 22.350533 22.493835 22.420504 22.009447 22.418945 24.879478 -32767.0 -32767.0 -32767.0 -32767.0 -32767.0 -32767.0 -32767.0 -32767.0 -32767.0 -32767.0 -32767.0 -32767.0 21.826586 22.3002 22.169123 22.578207 23.026747 22.868498 22.605583 22.429905 22.790436 22.861376 23.135448 23.224058 22.96398 23.365526 23.139704 23.012707 22.83276 23.01748 23.12682 23.471115 23.299383 23.096922 23.512157 23.872154 23.732853 23.880545 -32767.0 -32767.0 -32767.0 -32767.0 -32767.0 -32767.0 -32767.0 -32767.0 -32767.0
23.488361 23.46444 23.598406 23.526033 23.411682 23.343193 23.094923 22.769238 22.424416 22.286354 22.199512 22.255314 22.304352 25.135393 24.75521 -32767.0 -32767.0 -32767.0 -32767.0 -32767.0 -32767.0 -32767.0 -32767.0 -32767.0 -32767.0 20.630548 21.893625 22.299498 21.83817 21.204842 22.518461 23.075104 22.95687 22.941174 22.763 22.822996 23.423155 23.532198 23.663202 23.85719 23.919668 24.093327 24.284426 23.977274 23.816145 24.211813 23.981255 23.702133 -32767.0 24.390688 23.981245 24.35191 -32767.0 -32767.0 -32767.0 -32767.0 -32767.0 -32767.0 -32767.0 -32767.0 -32767.0
23.680357 23.689848 23.637741 23.550066 23.387335 23.297012 23.185404 23.035833 22.769653 22.45062 21.570995 21.812634 23.38585 25.670715 -32767.0 -32767.0 -32767.0 -32767.0 -32767.0 -32767.0 -32767.0 -32767.0 -32767.0 -32767.0 -32767.0 20.626219 22.38251 22.477573 22.443882 22.29103 22.92483 23.050322 23.306194 23.153027 23.044847 23.034824 23.424702 23.979881 24.198414 -32767.0 -32767.0 24.400126 24.6417 -32767.0 -32767.0 -32767.0 -32767.0 -32767.0 -32767.0 -32767.0 -32767.0 -32767.0 -32767.0 -32767.0 -32767.0 -32767.0 -32767.0 -32767.0 -32767.0 -32767.0 -32767.0
23.882524 23.86386 23.672771 23.363178 23.2242 23.199644 22.770496 22.64 22.781078 22.438396 21.48605 22.281061 25.090096 -32767.0 -32767.0 -32767.0 -32767.0 -32767.0 -32767.0 -32767.0 -32767.0 -32767.0 -32767.0 -32767.0 21.505877 21.628017 22.504805 22.704742 23.35771 23.299046 23.641796 23.878046 24.130917 24.144054 23.762213 23.651484 24.074638 24.205317 -32767.0 -32767.0 -32767.0 -32767.0 -32767.0 -32767.0 -32767.0 -32767.0 -32767.0 -32767.0 -32767.0 -32767.0 -32767.0 -32767.0 -32767.0 -32767.0 -32767.0 -32767.0 -32767.0 -32767.0 -32767.0 -32767.0 -32767.0
23.922922 24.03082 23.59737 23.447107 23.365246 23.129848 22.694683 22.326189 22.361217 21.789156 21.16633 20.842117 25.268414 -32767.0 -32767.0 -32767.0 -32767.0 -32767.0 -32767.0 -32767.0 -32767.0 22.648708 23.159838 22.547077 20.831345 22.77973 22.612055 23.237549 23.202465 23.616323 23.760632 24.227308 24.470123 24.433025 24.409473 24.527412 -32767.0 -32767.0 -32767.0 -32767.0 -32767.0 -32767.0 -32767.0 -32767.0 -32767.0 -32767.0 -32767.0 -32767.0 -32767.0 -32767.0 -32767.0 -32767.0 -32767.0 -32767.0 25.347008 -32767.0 -32767.0 -32767.0 -32767.0 -32767.0 -32767.0
23.844269 23.958382 24.01117 23.877462 23.762028 23.549437 23.099014 22.193874 21.720213 21.54045 21.013979 20.010742 22.628305 -32767.0 -32767.0 -32767.0 -32767.0 27.06864 23.881968 24.982328 22.890985 22.703218 21.511814 20.953695 23.423735 23.181202 23.163746 23.24505 23.546854 23.52018 23.996874 24.532728 24.42106 24.425756 24.448174 -32767.0 -32767.0 -32767.0 -32767.0 -32767.0 -32767.0 -32767.0 -32767.0 -32767.0 -32767.0 24.05254 24.448273 -32767.0 -32767.0 -32767.0 -32767.0 -32767.0 -32767.0 -32767.0 23.428871 -32767.0 -32767.0 -32767.0 -32767.0 -32767.0 23.580635
23.792786 23.845062 23.857931 23.698364 23.68097 23.502594 23.257687 23.002361 22.71697 21.249191 20.66342 20.427769 -32767.0 24.140957 -32767.0 24.110182 -32767.0 24.125317 -32767.0 21.06879 20.978123 21.17551 21.137516 21.185694 23.456781 22.707563 23.26864 23.438574 23.31656 23.384586 24.16732 24.511063 24.670555 -32767.0 -32767.0 -32767.0 -32767.0 -32767.0 -32767.0 -32767.0 -32767.0 24.117182 24.541807 24.430382 24.346409 22.700644 22.967588 22.983788 24.429512 -32767.0 -32767.0 -32767.0 -32767.0 -32767.0 24.043924 23.922127 23.729273 24.570293 25.213795 25.359877 24.490435
23.871357 24.064648 23.960648 23.9406 23.802786 23.713709 23.569586 23.542385 23.447794 22.502083 21.502968 20.136276 20.466919 20.794205 20.254322 21.206112 19.99744 19.799679 19.914669 20.078485 20.02069 20.748081 21.831938 21.485811 -32767.0 23.63974 23.48874 23.601498 24.027378 24.41312 24.45676 -32767.0 -32767.0 -32767.0 -32767.0 -32767.0 23.823837 23.59884 22.68931 23.5843 23.609962 23.816202 25.05424 -32767.0 -32767.0 23.931099 24.14669 23.469532 -32767.0 -32767.0 -32767.0 -32767.0 -32767.0 23.961937 23.221987 24.544655 26.113352 25.915966 25.954044 26.06067 26.159552
23.755375 23.964209 24.02328 24.020039 23.887321 23.894112 23.992624 23.921488 22.939564 23.063087 23.108648 22.286156 21.249874 20.942614 21.195978 21.014862 20.89692 20.992018 20.666231 21.784338 22.404411 21.682354 22.177505 23.055595 22.401222 23.82707 24.337921 24.326344 24.50348 24.312183 24.674221 26.472876 -32767.0 24.969398 24.578535 -32767.0 23.17387 23.810947 24.390755 -32767.0 25.25635 25.1896 -32767.0 -32767.0 -32767.0 -32767.0 23.452969 24.223122 -32767.0 -32767.0 -32767.0 -32767.0 24.028683 25.216846 25.539589 25.789404 25.758736 26.004025 26.261936 26.308588 26.418112
24.216114 24.186163 24.368109 24.27437 24.261257 24.206615 24.267786 24.283194 24.267643 24.296543 24.280813 24.205595 24.062168 23.983265 23.789341 23.685892 23.66804 23.895855 24.040869 23.308517 23.981356 24.559958 24.468588 24.455793 24.435041 24.228119 -32767.0 24.451944 24.431019 -32767.0 -32767.0 26.79529 25.300861 24.669071 23.703518 23.778742 24.2269 24.548746 -32767.0 -32767.0 -32767.0 -32767.0 -32767.0 -32767.0 -32767.0 -32767.0 23.345015 23.191479 23.495535 -32767.0 -32767.0 23.692478 25.166409 25.503048 25.713148 25.791025 26.004408 26.151987 26.258028 26.332817 25.880272
24.231476 24.20183 24.231775 24.355263 24.57967 24.51335 24.582273 24.603922 24.649918 24.57969 24.471626 24.441128 24.53158 -32767.0 -32767.0 23.508087 24.154177 24.780312 24.755816 24.682219 24.723473 24.700834 24.601332 24.578388 24.635994 24.419518 24.56642 24.738657 -32767.0 -32767.0 -32767.0 -32767.0 -32767.0 -32767.0 23.322466 23.77985 24.782131 -32767.0 -32767.0 -32767.0 -32767.0 -32767.0 25.451857 -32767.0 23.658695 24.243345 24.99592 25.007185 24.555744 23.18849 -32767.0 25.202345 25.337065 25.406992 25.633604 25.916807 26.095339 26.287724 26.328129 26.2275 25.275053
