static/data/thetao/2023/7/5/6.asc
ncols 137
nrows 93
xllcorner 108.0
yllcorner 17.0
cellsize 0.25
NODATA_value -32767
[rows 54 to 80 of 93, columns 61 to 121 of 137]
28.739708 28.843134 29.013273 28.989271 28.919434 28.824697 28.712015 28.751715 28.929369 29.143856 29.279222 29.036678 28.888605 28.686111 28.483675 28.528017 28.436789 28.501442 28.61794 27.694437 28.147142 28.446249 27.710686 27.783144 27.881184 27.894728 28.148039 28.06856 28.221035 28.314909 28.382513 28.188557 27.916393 27.801043 27.86782 27.82665 27.603495 27.660295 27.568514 27.581154 27.557993 27.505941 27.47022 27.63396 27.917984 27.981268 27.978676 28.095268 28.207258 28.105785 28.123003 28.601362 28.757751 28.674517 28.341516 27.975794 27.568495 27.458471 27.656712 27.855095 28.580853
28.813835 28.886417 29.023256 29.062727 28.975208 28.7627 28.589378 29.089983 29.207787 29.29359 29.331417 29.07045 28.993803 28.588068 28.47864 28.52484 28.399693 28.474026 -32767.0 27.484217 27.919636 28.179483 28.251963 27.794285 27.892899 27.837587 28.202562 28.117416 28.347153 28.346087 28.459509 28.317709 27.980515 27.9933 27.860325 28.010393 27.845606 27.739187 27.643978 27.644135 27.59226 27.557089 27.585613 27.932589 28.111835 28.124245 28.091442 28.143682 28.184912 28.13503 28.720646 29.115738 29.114677 29.084671 28.862398 28.407022 28.073172 27.887032 27.819235 27.971735 28.374865
29.356516 29.529585 29.425522 29.265675 29.09817 29.0203 29.178728 29.3599 29.506771 29.46815 29.1934 29.045372 28.864815 28.534899 28.600151 28.66689 28.665915 28.554594 28.54703 28.18124 28.186232 28.033182 28.149155 28.161152 28.230925 27.946619 28.118582 28.238104 28.364037 28.407957 28.507545 28.502474 28.240477 28.371853 28.211178 27.935541 28.057161 27.8743 27.799099 27.718693 27.674929 27.629274 27.680485 28.075253 28.30674 28.400505 28.39479 28.393312 28.324442 28.657484 29.178492 29.136045 28.822882 29.083773 29.184235 28.955204 28.602451 28.478743 28.411448 28.260262 28.249636
30.324955 30.037916 29.600405 29.47731 29.542938 29.594303 29.670845 29.597626 29.435373 29.305874 28.692316 28.881672 28.618505 28.498589 28.618553 28.718699 28.785152 28.801758 28.86544 28.85499 28.82682 28.81432 28.736116 28.547403 28.369352 28.133188 28.119253 28.350708 28.35175 28.430878 28.573553 28.633911 28.536499 28.660881 28.762707 28.568352 27.924788 28.073326 27.96024 27.80702 27.743855 27.705257 27.793638 28.081692 28.229298 28.43102 28.513319 28.379633 28.469975 29.203701 29.335257 29.001755 28.888756 29.127867 29.243032 29.073475 28.725882 28.566555 28.331907 28.24111 28.163113
30.21533 30.135073 30.056578 30.095757 29.454952 29.383152 29.820639 29.722935 29.112123 29.03346 28.69864 28.472961 28.527521 28.689272 28.785858 28.877968 28.860432 28.942575 29.011549 28.963047 28.931156 28.905668 28.843407 28.804451 28.6786 28.303205 28.194965 28.418451 28.424934 28.521208 28.630987 28.756433 28.816553 28.82469 28.853634 28.87189 28.696154 28.074284 27.913477 27.952866 27.93342 27.79882 27.899277 28.052986 28.071365 28.17953 28.276472 28.38011 28.923079 29.340054 29.38319 29.017248 29.037851 29.051926 29.221981 28.769983 28.413578 27.899282 28.023485 28.160063 28.08515
30.216461 30.22945 29.913641 29.536306 29.72266 29.89974 29.479488 28.83923 28.84789 28.698082 28.571825 28.745457 29.039335 29.189297 29.191633 29.202782 29.142246 29.112661 28.98636 28.865065 28.781017 28.758263 28.87522 28.883818 28.811234 28.488726 28.29397 28.516138 28.51294 28.660547 28.701595 28.80817 28.850643 28.862358 28.92275 28.933641 28.801514 28.688984 28.399105 27.97581 28.013866 28.048096 28.065277 28.094988 28.080158 28.11884 28.277035 28.320993 29.21733 29.558325 29.420467 29.487356 28.928373 29.041965 29.41176 28.566566 28.209785 27.788694 27.990494 27.985735 28.058771
30.265234 29.992361 29.964426 29.791746 29.51747 29.012056 28.810482 28.514803 28.73621 28.528334 29.053677 29.322847 29.399942 29.441484 29.385288 29.369667 29.159212 28.873251 28.809835 28.799715 28.681664 28.727163 28.785505 28.928278 28.852497 28.562386 28.462906 28.566969 28.554222 28.726583 28.809341 28.93809 29.081741 29.11447 29.102282 29.12499 29.159061 29.16446 29.01403 28.881016 28.40681 28.046423 28.055334 28.042837 27.983343 28.037237 28.09756 28.209373 29.307253 29.59515 29.578476 29.409527 29.380106 28.96014 28.873943 29.370493 28.265282 27.90694 27.895765 27.926638 28.036184
30.152912 29.72175 29.113186 28.905836 29.061388 28.800045 28.628742 28.729305 28.924791 28.797373 29.21543 29.376583 29.479074 29.487934 29.312801 29.26803 28.96435 28.857903 28.826416 28.762169 28.638578 28.782864 28.81294 28.943472 28.876953 28.645214 28.58997 28.53092 28.490599 28.781725 28.868711 29.023966 29.25285 29.23176 29.300253 29.312065 29.496862 29.533302 29.459932 29.185883 28.972618 28.670464 28.491198 28.376284 28.273165 28.216616 28.204824 28.286491 29.328384 29.46457 29.630276 29.55061 29.566967 29.079533 28.842455 28.789486 28.84898 27.990835 27.762342 27.858068 28.078577
30.030106 29.734612 29.192083 29.01819 28.487999 28.572477 28.760857 29.19418 29.168962 29.111103 29.212704 29.42271 29.544146 29.494665 29.353516 29.074135 29.001448 28.928398 28.870222 28.829329 28.821497 28.840384 28.913527 28.910269 28.850176 28.705837 28.674109 28.619211 28.779715 28.830997 28.924948 29.062763 29.332062 29.353079 29.44918 29.561056 29.608736 29.498672 29.544836 29.421253 29.12275 28.864447 28.723867 28.709827 28.52156 28.311441 28.303831 28.568373 29.333237 29.54553 29.72856 29.68543 29.3357 29.376163 29.443169 28.819326 29.106363 28.16638 27.85459 27.876114 28.327105
29.737097 29.504133 28.571564 28.161787 28.510296 28.588064 28.90973 29.19928 29.058168 29.078522 29.273233 29.494 29.60832 29.539007 29.390863 29.157887 29.104778 28.968344 28.981602 28.903637 28.887342 28.879791 28.857487 28.869932 28.819654 28.724892 28.655222 28.713795 28.83495 28.895382 29.061642 29.167934 29.383694 29.458652 29.539684 29.552908 29.423069 29.262445 29.478039 29.335571 29.089298 28.997269 28.840765 28.995605 28.826883 28.133873 28.271385 29.215267 29.384655 29.58303 29.834187 29.734636 29.526476 29.84043 29.745785 29.063358 29.137522 28.248447 27.930603 28.000095 29.121445
29.36304 28.983496 28.516932 28.495914 28.52986 28.5815 28.713804 28.887964 28.853247 29.090332 29.333973 29.539423 29.683163 29.64475 29.472383 29.295717 29.12068 28.98628 29.059914 29.064066 29.032475 28.973085 28.927673 28.871311 28.803278 28.699533 28.683157 28.758524 28.872416 29.03129 29.247143 29.272251 29.37807 29.507242 29.57907 29.453934 29.436485 29.245829 29.410938 29.169394 29.09109 28.65068 28.901806 28.836836 28.912527 28.513031 28.966549 29.4174 29.453049 29.57485 29.848074 29.684917 29.907436 29.812506 29.756296 29.312355 29.06602 28.357037 28.24631 29.033659 29.604221
28.780931 28.439512 28.437748 28.504477 28.576998 28.628895 28.681883 28.815493 28.935837 29.219778 29.44008 29.640554 29.743032 29.701643 29.620495 29.39005 29.126997 28.998913 29.065287 29.109596 29.085577 29.06804 28.951323 28.860172 28.77009 28.73569 28.753256 28.820774 28.959604 29.238274 29.402235 29.426287 29.500067 29.639793 29.722153 29.399305 29.434828 29.52192 29.418049 29.141964 28.920504 28.794355 28.83311 28.863384 29.098146 29.249027 29.506739 29.383932 29.524706 29.546934 29.874023 29.694439 29.974522 29.878489 29.706217 29.377314 28.744978 28.445614 29.06281 29.572577 29.82276
28.862534 28.3961 28.579735 28.616127 28.746365 28.645613 28.746305 28.93453 29.22064 29.462784 29.656523 29.790443 29.830015 29.760956 29.70062 29.451036 29.093378 29.07379 29.111067 29.056314 29.062014 29.119455 29.083347 28.964369 28.825418 28.798895 28.79239 28.827347 29.088564 29.397554 29.425179 29.53882 29.63314 29.799147 29.73367 29.700895 29.426678 29.412102 29.401058 29.163774 28.97659 28.97733 28.883183 29.277554 29.509808 29.656229 29.539726 29.512829 29.549746 29.554752 29.85019 29.760489 29.66662 29.69539 29.51193 29.037102 28.67875 29.149677 29.482965 29.913692 29.845083
29.031633 28.457478 28.530518 28.705788 28.657999 28.66434 29.0197 29.242762 29.39318 29.69766 29.850895 29.914324 29.84932 29.761028 29.719524 29.537666 29.116287 29.100105 28.933153 28.802412 28.718914 28.946136 29.101112 28.993322 28.882896 28.85126 28.914688 29.016525 29.196434 29.498665 29.605946 29.64758 29.798422 29.764627 29.716614 29.759798 29.754375 29.66897 29.388239 29.488823 29.28794 28.832169 28.811726 29.398283 29.456747 29.600262 29.544874 29.498713 29.54443 29.627728 29.770714 29.882101 29.23983 29.396013 29.188574 28.822062 29.08889 29.39585 29.60077 29.921623 29.936562
29.135256 28.618177 28.569698 28.51205 28.599566 28.89198 29.185629 29.319887 29.6128 29.834232 29.931253 29.989786 29.93971 29.781116 29.781614 29.567472 29.221615 29.040272 28.97609 28.972988 29.009096 28.968864 28.913418 28.91898 28.932297 28.923328 28.98369 29.211227 29.316046 29.541382 29.758356 29.67916 29.903337 29.965033 30.04588 30.018002 30.024616 29.853199 29.692003 29.47055 29.514372 29.25324 28.801558 28.987076 29.29624 29.499207 29.709044 29.702694 29.780659 29.716211 29.778921 30.006952 29.43822 29.144352 28.972137 28.957752 29.541498 29.336056 29.389887 29.829897 30.181753
29.041536 28.656778 28.563683 28.50068 28.85581 29.099607 29.283615 29.431503 29.714462 29.825626 29.89739 29.98151 29.90041 29.81261 29.82854 29.59795 29.328417 29.11629 29.101768 29.170782 29.262444 29.323252 29.28174 29.277458 29.255423 29.266369 29.256357 29.235813 29.51045 29.777021 29.835974 29.824919 29.990555 30.106277 30.112465 30.117857 30.127174 30.005272 29.846842 29.659088 29.48362 29.506842 29.323254 29.263336 29.464962 29.684032 29.777853 29.671698 29.631966 29.654728 29.820824 30.129099 29.890144 29.23076 29.006779 29.407255 29.47624 29.391542 29.472485 29.55784 30.08743
28.72996 28.373222 28.425007 28.712524 28.99157 29.189528 29.249262 29.462015 29.78912 29.821865 29.862625 29.967314 29.870777 29.834446 29.863546 29.624199 29.362383 29.210733 29.187532 29.234861 29.374096 29.369566 29.37012 29.451162 29.481451 29.484945 29.387415 29.421713 29.541092 29.711979 29.949413 29.94267 30.05975 30.092237 30.077177 29.947432 29.907417 29.906404 29.894657 29.913292 29.643196 29.522024 29.486816 29.608734 29.730663 29.879686 29.95637 29.93703 29.883366 29.93476 30.186419 30.290195 30.105951 29.353325 29.124748 29.64388 29.701218 29.631094 29.745613 29.619652 29.700253
28.195208 28.479803 28.842545 29.082554 29.028912 29.216778 29.167545 29.635962 29.846052 29.845882 29.900448 29.957989 29.858192 29.860956 29.882805 29.625626 29.375324 29.239607 29.280916 29.359352 29.375864 29.298132 29.369932 29.443083 29.420122 29.572447 29.549831 29.61009 29.709045 29.82252 29.87388 29.98876 30.033482 30.044552 29.813498 29.822947 29.81511 29.776907 29.943663 29.946932 29.874836 29.788517 29.786982 29.949387 30.219713 30.230774 30.131836 30.12413 30.199396 30.279837 30.356585 30.324942 30.207512 29.51138 29.336376 29.799318 29.980757 29.746645 29.801113 30.057499 29.816906
28.360735 28.735376 29.204008 29.237637 29.082865 29.22129 29.152304 29.696264 29.83407 29.882431 29.990114 29.964014 29.849522 29.890846 29.907064 29.641994 29.39227 29.33556 29.324642 29.325382 29.348642 29.39086 29.554543 29.550833 29.56317 29.55816 29.59843 29.608068 29.697992 29.737255 29.898094 29.926388 30.025284 29.948399 29.804836 29.800734 29.753368 29.823368 29.882229 30.018442 29.929031 29.878159 30.198658 30.157118 30.210709 30.29674 30.313986 30.402565 30.45513 30.49565 30.434467 30.36306 30.206799 29.9201 29.678143 29.727455 29.965092 29.969204 29.975191 29.979347 29.98615
29.34171 29.280785 29.4215 29.180506 29.152225 29.208433 29.291067 29.73705 29.750246 29.883543 30.001856 29.886518 29.888296 29.921116 29.92302 29.6655 29.477095 29.348112 29.299839 29.372147 29.444036 29.465477 29.49664 29.559752 29.553827 29.596586 29.586779 29.671265 29.702389 29.74935 29.81385 29.837063 29.830301 29.81447 29.750984 29.765213 29.712416 29.788078 29.961487 30.012842 30.035799 30.206133 30.23029 30.295765 30.320976 30.433369 30.510542 30.49939 30.5454 30.530481 30.452038 30.497213 30.362423 30.28728 30.189547 30.1449 30.144255 30.192738 30.231924 30.252707 30.32435
29.539028 29.627207 29.337917 29.18419 29.212746 29.339483 29.548529 29.775358 29.68421 29.896008 29.979311 29.816034 29.968054 29.978674 29.8545 29.738594 29.630901 29.422312 29.353788 29.375824 29.447935 29.486578 29.563929 29.551527 29.602146 29.624075 29.661455 29.74359 29.762022 29.800116 29.821499 29.801188 29.843977 29.987991 30.14861 30.264568 30.185455 29.955244 30.004665 30.062012 30.231377 30.358526 30.170818 30.42596 30.513369 30.573229 30.590939 30.636112 30.640717 30.64402 30.604206 30.452835 30.4765 30.467432 30.50665 30.524137 30.512512 30.54046 30.605099 30.661499 30.660034
29.43684 29.419886 29.27132 29.263453 29.31202 29.350098 29.844404 29.664684 29.72524 29.887623 29.971018 29.798262 30.029718 29.972383 29.837406 29.837812 29.729431 29.417358 29.337515 29.4224 29.49211 29.530209 29.531078 29.657656 29.781538 29.820364 29.694576 29.695261 29.815151 29.826487 30.01064 30.243717 30.38599 30.346643 30.259895 30.277906 30.337265 30.410303 30.138647 30.18971 30.342495 30.365904 30.331928 30.423866 30.564713 30.658773 30.68238 30.726925 30.700218 30.69592 30.6958 30.60475 30.619493 30.621294 30.675703 30.725456 30.749762 30.801228 30.86594 30.971798 30.958511
29.51276 29.353159 29.340235 29.369135 29.398212 29.43015 29.887592 29.49801 29.765247 29.86935 29.933483 29.807493 30.018475 29.910486 29.875465 29.90755 29.78989 29.40398 29.401608 29.540485 29.590748 29.713306 29.89082 29.938406 29.742018 29.49874 29.496367 29.552101 29.742651 30.143578 30.308079 30.224247 30.241446 30.265814 30.281519 30.284393 30.361034 30.379618 30.337772 30.33623 30.347982 30.492865 30.502775 30.473991 30.622324 30.767035 30.761955 30.826977 30.83563 30.817015 30.828274 30.872707 30.90812 30.89418 30.963554 30.909502 31.018997 31.066885 31.096354 31.094177 31.102749
29.420277 29.42057 29.463326 29.433182 29.460407 29.815647 29.857437 29.490017 29.694733 29.878025 29.91591 29.786182 30.001545 29.895025 29.932653 29.954767 29.838825 29.516178 29.686796 29.648155 29.749823 29.679892 29.852234 29.701712 29.622448 29.61455 29.679298 29.822365 30.228851 30.280954 30.323502 30.351181 30.42103 30.405537 30.369818 30.412176 30.314117 30.477303 30.522434 30.593937 30.528461 30.504822 30.532576 30.567904 30.72095 30.94138 30.948633 31.010603 30.879225 30.912312 30.99063 31.06847 31.16073 31.099344 31.073097 31.084787 31.114532 31.115786 31.09453 31.09448 31.057838
29.43927 29.579538 29.55167 29.561821 29.473417 30.060255 29.82529 29.500942 29.716053 29.883404 29.834274 29.867275 30.06018 29.923859 29.88122 29.89352 29.896294 29.8285 29.73176 29.700968 29.733973 29.654404 29.865808 29.740099 29.625288 29.741205 29.9261 30.193861 30.27276 30.365877 30.406971 30.501358 30.484415 30.443127 30.466158 30.488182 30.50285 30.494286 30.656246 30.729202 30.681805 30.613773 30.619436 30.741444 30.937801 31.03382 31.017817 31.03381 31.015015 31.115337 31.195667 31.111341 31.062382 31.142752 31.295107 31.335272 31.367119 31.406563 31.440424 31.446674 31.41987
29.389711 29.639595 29.610691 29.625431 29.803537 30.062595 29.75737 29.625793 29.664583 29.849602 29.946089 30.111609 30.081493 29.998508 29.940533 29.923025 29.870525 29.897589 29.881727 29.788967 29.799747 29.832663 29.889894 29.647188 29.909912 30.022894 30.219965 30.257769 30.462543 30.410975 30.511713 30.53095 30.563358 30.63262 30.66361 30.704409 30.691006 30.629547 30.734419 30.83755 30.876497 30.882063 30.932457 31.083994 31.189032 31.143742 31.113552 31.191013 31.19433 31.162699 31.179852 31.17985 31.288143 31.390783 31.42939 31.395752 31.45751 31.499062 31.43425 31.431618 31.364769
29.608526 29.684015 29.606594 29.68451 29.934708 30.037964 29.655 29.818516 29.722141 29.857405 30.051374 30.075123 29.91042 29.775629 29.895388 29.974794 29.99229 29.941992 29.78047 29.739634 29.873142 29.852161 29.733091 29.999994 29.931332 30.159933 30.41026 30.37831 30.558638 30.627121 30.603676 30.61207 30.639503 30.599485 30.657171 30.776337 30.667196 30.635897 30.742514 30.981653 31.158056 31.236101 31.23903 31.236477 31.213558 31.199242 31.218782 31.184072 31.196081 31.203737 31.311413 31.407776 31.38543 31.391981 31.39395 31.423998 31.448545 31.38882 31.334778 31.363884 31.388922
