static/data/salinity/2023/7/24/0.asc
ncols 137
nrows 93
xllcorner 108.0
yllcorner 17.0
cellsize 0.25
NODATA_value -32767
[rows 54 to 80 of 93, columns 61 to 121 of 137]
33.422256 33.541145 33.77534 33.86189 33.916515 34.011406 34.24252 34.290977 34.142532 34.17143 34.17123 34.43407 34.437843 34.36019 34.535007 34.581722 34.560905 34.576477 34.562145 34.488438 34.461277 34.395973 34.394398 34.388138 34.37354 34.3575 34.487595 34.47044 34.313652 34.475468 34.522987 34.4644 34.422318 34.41094 34.416386 34.372066 34.40114 34.288967 34.283615 34.175182 34.13159 34.14862 34.19407 34.247738 34.300808 34.442135 34.626244 34.641922 34.632553 34.613537 34.56688 34.57075 34.586548 34.713028 34.6976 34.644497 34.72397 34.689457 34.68455 34.711937 34.72382
33.100636 33.235146 33.387627 33.501877 33.609734 34.019547 34.20351 34.192387 34.205788 34.14624 34.23117 34.45067 34.48236 34.442257 34.589577 34.595943 34.587692 34.56854 -32767.0 34.57783 34.544735 34.422333 34.3895 34.40542 34.41167 34.36554 34.371613 34.612877 34.263012 34.424324 34.549587 34.46141 34.434822 34.403202 34.369762 34.383755 34.279774 34.310062 34.251038 34.205963 34.207767 34.2067 34.21919 34.256344 34.33171 34.340298 34.44418 34.65309 34.647396 34.632042 34.572582 34.58552 34.55865 34.681004 34.618332 34.649387 34.683426 34.699986 34.694393 34.723312 34.823853
33.966125 33.882687 33.657894 33.772346 33.94771 34.10139 34.12661 34.176765 34.150257 34.22771 34.40142 34.44908 34.48313 34.46891 34.586834 34.5696 34.583576 34.58102 34.600185 34.609524 34.630787 34.53255 34.442795 34.38416 34.42366 34.386692 34.326675 34.67277 34.254894 34.366722 34.501457 34.49369 34.440197 34.402676 34.357967 34.283237 34.334957 34.294613 34.253475 34.408966 34.4495 34.41303 34.383465 34.277893 34.34393 34.39622 34.36669 34.551384 34.662533 34.62257 34.620613 34.59499 34.601032 34.59385 34.58577 34.59697 34.62432 34.665737 34.67507 34.89937 34.911484
34.2946 34.25963 34.163765 34.148792 34.18648 34.171104 34.14398 34.27304 34.489094 34.4855 34.45042 34.4487 34.473965 34.459656 34.562244 34.513504 34.60118 34.632633 34.607803 34.597897 34.593044 34.590385 34.575756 34.59783 34.47167 34.3554 34.31856 34.667747 34.4705 34.363983 34.39299 34.469036 34.42621 34.35266 34.28152 34.352882 34.415615 34.31584 34.393703 34.51863 34.541107 34.432117 34.30677 34.35618 34.303608 34.4134 34.44991 34.44646 34.6901 34.676697 34.63392 34.62864 34.586525 34.574604 34.58299 34.606533 34.648884 34.69069 34.699272 34.98421 35.000736
34.257656 34.23018 34.18339 34.14326 34.095158 34.166473 34.423973 34.47979 34.38106 34.421417 34.545193 34.544575 34.504585 34.484203 34.49462 34.58911 34.620235 34.641827 34.651855 34.618176 34.591393 34.58476 34.55898 34.55143 34.40409 34.285164 34.364414 34.647144 34.688847 34.36287 34.29098 34.35485 34.361355 34.31985 34.329952 34.496647 34.407566 34.330704 34.41559 34.52435 34.55341 34.529713 34.327164 34.314434 34.32464 34.40892 34.485542 34.43766 34.63199 34.687737 34.682457 34.652737 34.638004 34.629246 34.642548 34.646626 34.680153 34.678387 34.84107 34.926483 34.995697
34.286446 34.210323 34.070683 34.139297 34.41472 34.47289 34.352337 34.385395 34.472366 34.52176 34.56594 34.560287 34.545876 34.528812 34.602844 34.61177 34.587517 34.606365 34.637085 34.599957 34.58009 34.54464 34.56175 34.56898 34.40021 34.248047 34.464252 34.635487 34.75352 34.45495 34.460068 34.31814 34.323647 34.348083 34.447014 34.571106 34.50609 34.385548 34.39734 34.47239 34.480186 34.52315 34.403248 34.291965 34.337387 34.379875 34.452858 34.499916 34.50091 34.670452 34.67239 34.670044 34.679108 34.65925 34.64082 34.647102 34.657635 34.66941 34.779305 34.95968 35.02485
34.324173 34.11154 34.22879 34.446533 34.48756 34.28224 34.36676 34.429832 34.48972 34.524868 34.565002 34.62453 34.59884 34.613174 34.65723 34.70528 34.61304 34.56812 34.59017 34.560974 34.61117 34.596504 34.61854 34.608078 34.428463 34.302933 34.539536 34.673424 34.76916 34.69545 34.405014 34.493584 34.369057 34.40366 34.482105 34.5664 34.554855 34.47162 34.417812 34.410233 34.466946 34.503635 34.36227 34.265278 34.2912 34.389782 34.478508 34.52757 34.478436 34.629623 34.682034 34.676216 34.70053 34.688942 34.67532 34.67315 34.671497 34.762833 34.892353 34.95928 35.031593
34.191563 34.25174 34.377777 34.48795 34.449966 34.27792 34.357807 34.420204 34.557743 34.54978 34.602245 34.597507 34.621822 34.627712 34.64796 34.660614 34.639645 34.549053 34.56054 34.61094 34.52213 34.53969 34.580402 34.60065 34.345043 34.466103 34.624336 34.76424 34.771877 34.750694 34.4942 34.42405 34.523968 34.536163 34.541454 34.57183 34.58576 34.568455 34.536404 34.505177 34.46677 34.36285 34.29541 34.30981 34.41665 34.526005 34.53105 34.536896 34.567356 34.563156 34.67893 34.696686 34.755234 34.779793 34.722694 34.704063 34.680405 34.742077 34.896706 34.967224 35.036522
34.25403 34.418945 34.38064 34.46961 34.396786 34.289837 34.3113 34.348064 34.40165 34.496544 34.565884 34.58206 34.54169 34.534798 34.609238 34.65231 34.637714 34.58265 34.634903 34.5874 34.50948 34.527187 34.58629 34.4905 34.406506 34.64252 34.78545 34.78722 34.753193 34.753994 34.68341 34.482327 34.38504 34.37173 34.387207 34.392624 34.373325 34.35016 34.32481 34.338196 34.382782 34.438335 34.485966 34.550545 34.60824 34.541306 34.494637 34.501354 34.552536 34.541412 34.666172 34.72023 34.83989 34.843838 34.762264 34.72076 34.70643 34.93689 34.860184 34.925503 34.981148
34.38767 34.366455 34.33096 34.336887 34.356762 34.341274 34.291714 34.341022 34.37716 34.40085 34.48637 34.5511 34.594055 34.55843 34.609856 34.645134 34.666832 34.64955 34.649036 34.535892 34.57618 34.59749 34.550102 34.540367 34.71887 34.79105 34.768864 34.76979 34.75781 34.754128 34.74101 34.7089 34.661346 34.62342 34.589592 34.56096 34.56577 34.600376 34.65474 34.670567 34.644264 34.62333 34.61157 34.57069 34.479755 34.496983 34.531487 34.48035 34.48285 34.54837 34.640816 34.749004 34.887764 34.87515 34.767914 34.694256 34.796944 34.902603 34.836372 34.954533 34.926876
34.31364 34.331593 34.330025 34.329517 34.342102 34.35951 34.3103 34.320766 34.378914 34.44604 34.45018 34.564556 34.561428 34.597 34.63068 34.63377 34.678604 34.636772 34.576515 34.628174 34.633816 34.674973 34.705376 34.73655 34.762676 34.716652 34.72238 34.71327 34.692333 34.673016 34.665974 34.66634 34.677933 34.694748 34.698536 34.687378 34.670845 34.627487 34.60234 34.58188 34.568394 34.512943 34.463245 34.483204 34.552666 34.635715 34.5644 34.51421 34.483246 34.5524 34.623978 34.727905 34.85744 34.816647 34.727844 34.71499 35.02752 34.867474 34.724434 34.76362 34.733276
34.34015 34.33144 34.318905 34.312527 34.305923 34.30155 34.307964 34.33211 34.399406 34.452084 34.495728 34.604286 34.5479 34.63957 34.654427 34.629143 34.654743 34.605404 34.65639 34.68847 34.68417 34.70626 34.733353 34.736134 34.73418 34.73858 34.734066 34.73247 34.729687 34.693443 34.647087 34.608192 34.571495 34.548054 34.534424 34.533657 34.525467 34.52822 34.54109 34.585712 34.59081 34.567707 34.562584 34.57131 34.650936 34.659447 34.67421 34.48574 34.485943 34.53865 34.612583 34.711292 34.794342 34.745197 34.700184 34.810326 35.0464 34.912716 34.742344 34.73865 34.852978
34.322308 34.2908 34.264534 34.266304 34.267548 34.264183 34.29826 34.355633 34.408134 34.434834 34.51656 34.5687 34.61256 34.677975 34.639748 34.63211 34.625748 34.65961 34.60405 34.570198 34.592632 34.58177 34.588627 34.634457 34.699585 34.75908 34.76275 34.75669 34.74269 34.735413 34.748306 34.722485 34.649696 34.553802 34.524323 34.519123 34.504257 34.497208 34.596096 34.568317 34.53942 34.538784 34.541687 34.553875 34.558495 34.55448 34.562267 34.617367 34.504555 34.50421 34.610382 34.692406 34.74749 34.718575 34.75739 35.054962 35.018642 34.936676 34.875317 34.74644 34.835106
34.311943 34.218563 34.23022 34.27662 34.316853 34.33905 34.309086 34.344975 34.381958 34.42853 34.5191 34.548378 34.640377 34.68788 34.63154 34.63069 34.652336 34.598637 34.6071 34.629456 34.63265 34.592754 34.62965 34.69711 34.719254 34.669506 34.701584 34.760788 34.760086 34.74825 34.730347 34.721294 34.74743 34.707348 34.611183 34.53557 34.529667 34.53401 34.576576 34.560112 34.54887 34.531574 34.53977 34.568653 34.572887 34.562622 34.554256 34.576504 34.596767 34.56559 34.60536 34.684982 34.733234 34.73772 34.890594 35.02217 34.90198 34.920277 34.90524 34.79505 34.816826
34.272945 34.259544 34.282677 34.34939 34.47042 34.501827 34.48671 34.44969 34.47945 34.495476 34.529938 34.53603 34.65104 34.69672 34.648354 34.652046 34.635567 34.57594 34.558838 34.575497 34.651257 34.637554 34.71617 34.714363 34.71562 34.72258 34.685276 34.709023 34.726425 34.71971 34.721703 34.71954 34.71355 34.7395 34.692886 34.555298 34.56052 34.596455 34.572495 34.586143 34.5752 34.534 34.569973 34.590885 34.58884 34.57676 34.56489 34.558846 34.573853 34.588593 34.59282 34.6878 34.731293 34.75867 35.045486 34.916348 34.872055 34.8997 34.910145 34.86968 34.852615
34.279903 34.306442 34.307175 34.30586 34.49884 34.56384 34.573658 34.591797 34.625244 34.603806 34.54171 34.522423 34.65473 34.700592 34.668053 34.66044 34.58545 34.557407 34.50894 34.51127 34.637024 34.66773 34.70053 34.691433 34.69825 34.711445 34.705196 34.67748 34.689457 34.693882 34.703514 34.703587 34.70508 34.724255 34.734528 34.68093 34.577026 34.62372 34.590088 34.601616 34.615803 34.56753 34.576107 34.62413 34.611847 34.59076 34.582535 34.563354 34.56629 34.582687 34.6023 34.714123 34.72343 34.86954 35.011917 34.860825 34.801 34.782063 34.78271 34.77967 34.766815
34.32021 34.40845 34.414257 34.334515 34.36661 34.54218 34.563267 34.597492 34.61677 34.64659 34.54889 34.51962 34.64756 34.700085 34.675865 34.641865 34.560246 34.545357 34.506218 34.52101 34.642464 34.68323 34.65715 34.62553 34.672974 34.693245 34.71477 34.692623 34.708584 34.66799 34.691727 34.695732 34.69885 34.68582 34.688316 34.727066 34.66939 34.59283 34.61434 34.60222 34.635445 34.60019 34.564598 34.644268 34.62118 34.58104 34.565575 34.558723 34.57496 34.606537 34.61719 34.73586 34.725647 34.94668 34.95838 34.87924 34.918877 34.88799 34.910183 34.916363 34.861355
34.368004 34.407948 34.429447 34.355423 34.294266 34.527916 34.604294 34.654488 34.654243 34.646515 34.56112 34.534695 34.632275 34.70398 34.673084 34.629986 34.560642 34.541622 34.535538 34.589348 34.6664 34.68253 34.598034 34.559513 34.597767 34.646385 34.682148 34.6824 34.669533 34.663197 34.66692 34.681698 34.677334 34.666027 34.668438 34.675232 34.736797 34.667805 34.613068 34.609993 34.639385 34.6154 34.55084 34.65027 34.639664 34.594135 34.580746 34.58507 34.61641 34.63464 34.6685 34.705353 34.7037 34.95364 34.86521 34.889282 34.920963 34.896404 34.82437 34.78275 34.705963
34.39918 34.415577 34.4091 34.35152 34.27574 34.5267 34.63794 34.670612 34.674908 34.60403 34.565125 34.552593 34.613304 34.67509 34.68575 34.643547 34.600857 34.588833 34.627506 34.675617 34.66964 34.595562 34.517532 34.466248 34.477894 34.61041 34.623684 34.634624 34.620544 34.60189 34.601074 34.617928 34.63383 34.635017 34.633583 34.663467 34.68907 34.72726 34.682728 34.667305 34.63357 34.61273 34.53781 34.64418 34.669353 34.6291 34.61861 34.628414 34.63665 34.67249 34.725147 34.665417 34.911934 34.921696 34.870728 34.85245 34.769302 34.74756 34.75896 34.73856 34.692936
34.39897 34.380814 34.35869 34.299706 34.281246 34.5326 34.648254 34.678513 34.653156 34.570217 34.574776 34.54937 34.5807 34.615387 34.66377 34.685223 34.68358 34.678364 34.661858 34.652782 34.5621 34.48316 34.395237 34.357826 34.382267 34.52037 34.598083 34.58632 34.557384 34.54178 34.52594 34.516094 34.539062 34.567905 34.588097 34.624397 34.65898 34.73667 34.69178 34.65459 34.64701 34.58495 34.52317 34.611546 34.65745 34.68823 34.679405 34.68063 34.705284 34.70446 34.749805 34.95109 34.957657 34.881565 34.831352 34.768547 34.768486 34.797592 34.802742 34.756844 34.692627
34.368256 34.339195 34.341984 34.348118 34.317017 34.552147 34.66557 34.671967 34.64257 34.573265 34.58575 34.558025 34.58391 34.602055 34.622124 34.632504 34.643116 34.658134 34.636757 34.55751 34.45192 34.31211 34.24163 34.24065 34.264618 34.37212 34.583447 34.598637 34.547913 34.520817 34.496777 34.463257 34.517128 34.543995 34.564426 34.61405 34.635418 34.71712 34.689053 34.659554 34.638203 34.53938 34.52003 34.603657 34.629726 34.64198 34.70502 34.71126 34.712223 34.793385 34.949844 34.97213 34.955753 34.898094 34.892296 34.889877 34.857777 34.793 34.73942 34.707924 34.687717
34.342186 34.347088 34.35422 34.344875 34.39784 34.59258 34.687145 34.671165 34.647354 34.57888 34.61421 34.545097 34.593002 34.592484 34.59504 34.596275 34.606186 34.60144 34.534096 34.41175 34.256668 34.183056 34.163177 34.151443 34.20352 34.293827 34.409702 34.546467 34.489655 34.468353 34.38099 34.33307 34.440998 34.54121 34.56059 34.60453 34.64924 34.691982 34.706707 34.662918 34.62679 34.501022 34.519394 34.59665 34.62441 34.624672 34.65072 34.706924 34.728107 34.74324 34.851498 34.99007 34.964252 34.877323 34.740776 34.673683 34.646996 34.63344 34.62562 34.619915 34.619392
34.357872 34.3432 34.349365 34.310143 34.541977 34.652523 34.68859 34.674355 34.636982 34.59243 34.61406 34.562603 34.587303 34.54535 34.43121 34.375935 34.340405 34.297237 34.223305 34.156292 34.112373 34.09946 34.10332 34.173904 34.26119 34.29378 34.344868 34.39014 34.425545 34.365917 34.294197 34.254345 34.364136 34.51142 34.54605 34.591908 34.65432 34.663773 34.688362 34.67141 34.621193 34.48071 34.531082 34.601284 34.611588 34.595238 34.61563 34.634964 34.66413 34.699333 34.709087 34.712406 34.699814 34.674553 34.64477 34.59479 34.53826 34.497807 34.487827 34.49757 34.517906
34.59736 34.439106 34.42533 34.57749 34.63155 34.67173 34.67542 34.676403 34.63661 34.625748 34.61407 34.59239 34.538376 34.310566 34.258106 34.155678 34.073566 34.025204 34.004562 34.01181 34.054874 34.12687 34.32451 34.45437 34.464134 34.45238 34.439907 34.409977 34.31066 34.31509 34.2692 34.240177 34.363197 34.465546 34.544266 34.580944 34.610905 34.669804 34.68869 34.691803 34.610435 34.474148 34.54263 34.591187 34.60677 34.60388 34.60341 34.635406 34.63677 34.641193 34.643047 34.650356 34.64473 34.613785 34.52733 34.446095 34.412785 34.38399 34.428974 34.477165 34.49589
34.63949 34.6273 34.60478 34.639103 34.67569 34.67555 34.667862 34.660538 34.633495 34.627075 34.634247 34.559624 34.298687 34.21028 33.976753 33.986946 34.02646 34.075558 34.235527 34.394184 34.458866 34.49519 34.492107 34.431957 34.34516 34.29145 34.308693 34.37724 34.412506 34.41249 34.30881 34.2106 34.25989 34.39596 34.511917 34.546913 34.575073 34.608215 34.65897 34.676807 34.57929 34.481968 34.553658 34.578987 34.600136 34.59889 34.649986 34.627384 34.61807 34.620186 34.62117 34.605858 34.554634 34.463394 34.47392 34.534145 34.411095 34.2768 34.314137 34.410194 34.486023
34.65001 34.677433 34.671646 34.669056 34.649776 34.67597 34.679123 34.674007 34.660854 34.650787 34.47341 34.30226 34.267746 34.073105 33.991436 34.18973 34.33549 34.526188 34.482986 34.49116 34.491306 34.44298 34.29275 34.30066 34.42094 34.469864 34.453373 34.4241 34.43035 34.397488 34.374943 34.26735 34.197674 34.334743 34.471565 34.507904 34.536232 34.568565 34.596775 34.650604 34.534588 34.57143 34.56654 34.582573 34.6026 34.654827 34.625824 34.616592 34.571144 34.53195 34.50502 34.48531 34.458275 34.548218 34.70603 34.675507 34.39342 34.280743 34.352367 34.49759 34.525864
34.679016 34.710598 34.683548 34.65068 34.632797 34.607334 34.603878 34.594715 34.533855 34.36503 34.30386 34.31338 34.284714 34.099163 34.05591 34.349155 34.51321 34.334774 34.39184 34.42016 34.324314 34.258614 34.386066 34.460495 34.481197 34.416492 34.39739 34.401325 34.415627 34.38224 34.371902 34.328068 34.29817 34.387493 34.451073 34.457825 34.4846 34.542408 34.58018 34.635048 34.578766 34.60817 34.57685 34.612316 34.66318 34.637074 34.643517 34.516407 34.483738 34.46099 34.446236 34.463726 34.550186 34.69144 34.771732 34.67719 34.353405 34.333385 34.36544 34.560314 34.539207
