static/data/salinity/2023/7/24/12.asc
ncols 137
nrows 93
xllcorner 108.0
yllcorner 17.0
cellsize 0.25
NODATA_value -32767
[rows 54 to 80 of 93, columns 61 to 121 of 137]
33.410294 33.428654 33.70705 33.929523 33.938 33.994736 34.127796 34.278297 34.20136 34.16949 34.134953 34.31874 34.484703 34.39966 34.54468 34.583714 34.567318 34.579105 34.560467 34.49466 34.481842 34.39603 34.40492 34.395123 34.39565 34.36186 34.44089 34.490032 34.351337 34.49381 34.504154 34.454803 34.42062 34.395058 34.411163 34.3988 34.442535 34.31808 34.25671 34.14919 34.12758 34.150845 34.201015 34.25866 34.29795 34.369602 34.564568 34.648285 34.63266 34.617924 34.578983 34.568863 34.572857 34.708675 34.7091 34.66239 34.725216 34.712616 34.699207 34.710583 34.74045
33.027683 33.109646 33.234642 33.430767 33.537373 33.572952 34.000084 34.26226 34.285583 34.12298 34.226425 34.395557 34.463882 34.43427 34.596764 34.60271 34.59011 34.58158 -32767.0 34.589 34.583336 34.439377 34.39653 34.407555 34.405308 34.403675 34.356155 34.633514 34.279556 34.436718 34.54412 34.45379 34.41168 34.349598 34.350277 34.39452 34.306774 34.292233 34.22181 34.1971 34.21735 34.24366 34.238335 34.2552 34.353138 34.387356 34.369736 34.644424 34.647907 34.6403 34.572124 34.587467 34.545742 34.712772 34.636665 34.641727 34.697544 34.69734 34.7023 34.777325 34.922672
34.00366 34.1012 34.05675 33.675922 33.74893 34.009026 34.22721 34.21145 34.243767 34.377884 34.467228 34.46964 34.451363 34.451683 34.58648 34.558544 34.56591 34.57811 34.60168 34.60617 34.636284 34.53488 34.45546 34.415394 34.431374 34.427242 34.32075 34.67173 34.272655 34.370945 34.51018 34.488647 34.4236 34.377396 34.352276 34.309116 34.311474 34.27585 34.2422 34.39458 34.439983 34.362072 34.34271 34.33189 34.30589 34.4011 34.42519 34.50372 34.681114 34.63011 34.626053 34.587933 34.596493 34.595673 34.591198 34.590126 34.625977 34.65414 34.685863 34.939583 34.955513
34.228466 34.30326 34.28634 34.22368 34.160442 34.18889 34.123768 34.218987 34.458225 34.433987 34.42201 34.47468 34.458046 34.474976 34.549633 34.514126 34.602123 34.64067 34.662 34.60711 34.593792 34.594246 34.59641 34.592922 34.52312 34.393307 34.301685 34.65295 34.484783 34.374107 34.419037 34.47638 34.41545 34.35031 34.30347 34.332962 34.365547 34.292454 34.393745 34.494164 34.535286 34.489006 34.31839 34.32725 34.317726 34.396206 34.474323 34.439587 34.681377 34.691418 34.642845 34.63457 34.604816 34.59221 34.581657 34.587296 34.627575 34.690975 34.736427 34.975433 35.05354
34.33454 34.277073 34.23991 34.158016 34.103706 34.10263 34.3547 34.460304 34.371742 34.469776 34.55884 34.542027 34.50284 34.505882 34.50146 34.591526 34.598892 34.60512 34.646458 34.63643 34.602287 34.582836 34.564716 34.545967 34.473534 34.304947 34.32659 34.63811 34.707275 34.387737 34.30412 34.378765 34.364025 34.289364 34.320347 34.449852 34.369114 34.322544 34.449543 34.531647 34.54485 34.520523 34.438858 34.29181 34.31907 34.387287 34.469143 34.473907 34.610413 34.685764 34.68679 34.66431 34.641823 34.61795 34.633595 34.642395 34.66958 34.670963 34.835533 34.93047 35.032772
34.34428 34.271805 34.083042 34.117283 34.35289 34.441975 34.294456 34.37385 34.48937 34.52055 34.557903 34.604534 34.548298 34.54014 34.60943 34.635822 34.617645 34.582867 34.625755 34.608208 34.579983 34.54476 34.549755 34.528717 34.42392 34.24247 34.427116 34.621243 34.757652 34.451397 34.441925 34.335793 34.340057 34.323742 34.418774 34.541084 34.470287 34.370075 34.377853 34.458878 34.468445 34.49561 34.47324 34.296432 34.33107 34.3717 34.441074 34.527515 34.47302 34.664055 34.679512 34.673504 34.677467 34.658836 34.641315 34.647533 34.652924 34.670692 34.778732 34.951168 35.01897
34.33293 34.132523 34.212597 34.407555 34.49503 34.298798 34.359825 34.418076 34.49429 34.52624 34.57543 34.62959 34.605633 34.616695 34.676548 34.68656 34.64941 34.556217 34.582092 34.556633 34.599224 34.578087 34.597054 34.57477 34.43826 34.254948 34.51299 34.678875 34.774757 34.6929 34.44573 34.450058 34.35511 34.392162 34.48097 34.586452 34.58094 34.50287 34.42464 34.41907 34.426857 34.50039 34.396175 34.28464 34.292557 34.388863 34.49378 34.52196 34.51836 34.592365 34.693287 34.68784 34.706745 34.693253 34.682133 34.67315 34.669804 34.767178 34.925106 34.95102 35.04608
34.172073 34.241016 34.31871 34.482533 34.472267 34.283905 34.33864 34.382816 34.55453 34.5474 34.584225 34.59387 34.625034 34.57454 34.570282 34.649555 34.62089 34.54645 34.56339 34.593742 34.507713 34.528492 34.57312 34.580273 34.350433 34.409924 34.630142 34.78422 34.77484 34.755432 34.481533 34.473 34.529152 34.47722 34.480705 34.532715 34.5811 34.58233 34.552326 34.51018 34.48044 34.38999 34.315422 34.326714 34.42747 34.555897 34.56923 34.536823 34.58011 34.538464 34.674225 34.704704 34.759853 34.782623 34.72235 34.701733 34.681355 34.756664 34.891495 34.95611 35.028015
34.25771 34.378345 34.351555 34.47097 34.4001 34.314728 34.295815 34.34114 34.344685 34.40849 34.527027 34.566704 34.604332 34.529762 34.607796 34.66345 34.61207 34.59033 34.628113 34.551807 34.504303 34.53357 34.568188 34.453053 34.37905 34.669174 34.79757 34.779293 34.755123 34.75857 34.689938 34.49733 34.401287 34.407448 34.449924 34.47809 34.475372 34.41464 34.366325 34.33963 34.379536 34.451508 34.52532 34.59099 34.628674 34.55525 34.49515 34.495937 34.538166 34.540264 34.65613 34.728745 34.86308 34.851086 34.765812 34.716015 34.71247 34.911907 34.86356 34.958313 34.979282
34.328785 34.345722 34.339798 34.343422 34.365536 34.37151 34.30344 34.319546 34.368855 34.449905 34.441067 34.53608 34.609722 34.55915 34.616016 34.665936 34.647232 34.654263 34.63898 34.542217 34.594894 34.578396 34.522903 34.529896 34.74624 34.775692 34.75184 34.765667 34.756786 34.753906 34.743893 34.721024 34.681152 34.628654 34.592484 34.571243 34.559315 34.575493 34.6302 34.67919 34.66652 34.621044 34.604897 34.57963 34.512115 34.534912 34.588684 34.526234 34.481625 34.547184 34.629654 34.754482 34.892593 34.881397 34.766907 34.692513 34.799835 34.841145 34.84073 34.93099 34.91413
34.31129 34.315624 34.32349 34.326145 34.330296 34.329983 34.3162 34.315384 34.382893 34.45237 34.482944 34.575832 34.54485 34.610126 34.637856 34.654892 34.655685 34.626923 34.58642 34.622673 34.652996 34.687145 34.70887 34.74887 34.73571 34.72167 34.724247 34.713 34.692017 34.66621 34.658154 34.658905 34.663784 34.67829 34.692978 34.694347 34.68595 34.646847 34.59845 34.567116 34.552956 34.51665 34.47995 34.47828 34.537064 34.660805 34.610855 34.521873 34.490566 34.54827 34.61738 34.74201 34.86182 34.82325 34.73602 34.71361 35.038246 34.81401 34.70609 34.746918 34.795258
34.3539 34.32361 34.295807 34.2838 34.28175 34.280724 34.29301 34.330704 34.3978 34.446064 34.53512 34.593693 34.583717 34.65691 34.649437 34.646362 34.63078 34.61671 34.668327 34.68964 34.681175 34.700138 34.726913 34.736946 34.73378 34.743732 34.74221 34.742123 34.737755 34.71005 34.668785 34.62457 34.582508 34.543987 34.53478 34.537354 34.526836 34.534515 34.550407 34.595043 34.59929 34.583916 34.58642 34.57882 34.634224 34.6718 34.642166 34.53687 34.48683 34.545532 34.603928 34.722584 34.801624 34.751072 34.704075 34.83457 35.02587 34.861465 34.67376 34.818893 34.78431
34.29892 34.259068 34.22211 34.25085 34.26939 34.27312 34.28695 34.34355 34.38674 34.431644 34.539234 34.55779 34.64847 34.679096 34.63236 34.639423 34.624527 34.663494 34.591095 34.584652 34.59974 34.58208 34.599476 34.641987 34.676456 34.739082 34.763172 34.765594 34.752716 34.73929 34.75255 34.73801 34.67584 34.57465 34.534275 34.527077 34.506527 34.510403 34.599533 34.549107 34.541504 34.537693 34.536797 34.54267 34.558224 34.562344 34.55997 34.64083 34.498756 34.524395 34.611057 34.699093 34.752285 34.72056 34.761135 35.061657 35.01673 34.927357 34.78189 34.79924 34.732357
34.2795 34.230476 34.279392 34.320324 34.376343 34.395134 34.34398 34.3511 34.395203 34.443188 34.535343 34.544884 34.67011 34.675735 34.62552 34.63552 34.651363 34.586613 34.620045 34.639267 34.625805 34.61184 34.6913 34.717846 34.727325 34.69978 34.670437 34.7434 34.754562 34.744316 34.736095 34.72474 34.74866 34.712875 34.623295 34.539085 34.535736 34.538166 34.569 34.578457 34.560383 34.532784 34.54673 34.58429 34.586414 34.578228 34.559677 34.553543 34.601192 34.534916 34.608723 34.68878 34.73815 34.741184 34.927925 34.997818 34.914288 34.90719 34.87171 34.78085 34.799736
34.264114 34.290524 34.294636 34.37637 34.5262 34.539104 34.546734 34.522408 34.538692 34.522377 34.53947 34.53776 34.674576 34.683414 34.635063 34.653496 34.62228 34.589443 34.56452 34.595814 34.658028 34.677155 34.708324 34.704517 34.71233 34.71558 34.70006 34.693577 34.72492 34.71607 34.720848 34.718014 34.716766 34.74056 34.68992 34.557503 34.569546 34.59378 34.571484 34.598877 34.59591 34.554066 34.580692 34.60896 34.613415 34.59426 34.5743 34.562355 34.57444 34.59337 34.593513 34.688244 34.738014 34.7705 35.047115 34.89308 34.886795 34.923378 34.899105 34.84566 34.847008
34.300842 34.37645 34.364143 34.295944 34.466206 34.55049 34.556877 34.572495 34.622066 34.60529 34.549328 34.53889 34.677937 34.688175 34.65627 34.64886 34.58243 34.56021 34.51719 34.517906 34.642166 34.684208 34.67078 34.655586 34.68576 34.70675 34.71321 34.67314 34.687996 34.693012 34.6942 34.70242 34.703568 34.719624 34.72908 34.679745 34.582806 34.627335 34.592113 34.61189 34.628574 34.592697 34.580963 34.640186 34.615696 34.586864 34.585674 34.570946 34.565506 34.575363 34.597942 34.71066 34.733036 34.90425 35.000237 34.845757 34.782093 34.804867 34.780994 34.76703 34.753803
34.339523 34.428143 34.41018 34.35529 34.321297 34.530025 34.57569 34.621742 34.616764 34.635937 34.556133 34.56295 34.68139 34.684345 34.66434 34.63199 34.565266 34.543667 34.506367 34.52086 34.651104 34.687984 34.630024 34.57515 34.630905 34.67156 34.700806 34.70154 34.70516 34.66677 34.684677 34.690727 34.697098 34.679413 34.678528 34.721786 34.676384 34.60088 34.61937 34.607143 34.649628 34.626385 34.561718 34.65203 34.62179 34.58262 34.566456 34.561996 34.56749 34.597107 34.615635 34.736885 34.726192 34.96126 34.948174 34.874542 34.903076 34.87935 34.908085 34.906315 34.856674
34.382843 34.408695 34.444344 34.379986 34.286774 34.52804 34.630707 34.657078 34.651806 34.628304 34.566196 34.593 34.665257 34.68749 34.664005 34.622356 34.563583 34.54743 34.53876 34.592842 34.668457 34.664333 34.573154 34.50361 34.50602 34.62839 34.6622 34.670567 34.659416 34.652683 34.651573 34.671196 34.672527 34.66138 34.659996 34.66855 34.72745 34.676476 34.6281 34.622223 34.65272 34.633385 34.548824 34.66096 34.64758 34.602814 34.584442 34.58577 34.611732 34.630356 34.66338 34.71092 34.704132 34.947678 34.87528 34.901028 34.92859 34.89614 34.803776 34.742256 34.68737
34.38982 34.40509 34.406357 34.376022 34.276253 34.5308 34.654404 34.67407 34.665848 34.588295 34.55594 34.594025 34.631287 34.696457 34.665592 34.63635 34.595905 34.58538 34.626034 34.67391 34.660618 34.573597 34.48169 34.4314 34.424015 34.544445 34.61041 34.620182 34.605236 34.580482 34.573402 34.588753 34.60846 34.614857 34.616825 34.64643 34.67939 34.73499 34.691692 34.678577 34.65203 34.62024 34.53694 34.64528 34.67926 34.640533 34.625534 34.632526 34.634007 34.661663 34.731266 34.65206 34.89053 34.916237 34.86936 34.86529 34.77604 34.75368 34.769917 34.763863 34.71331
34.446465 34.406597 34.386578 34.349335 34.28459 34.539295 34.661144 34.674137 34.639427 34.56442 34.553364 34.57695 34.59225 34.63961 34.6763 34.685734 34.680103 34.675766 34.663437 34.644817 34.560715 34.45737 34.33555 34.290707 34.308323 34.400726 34.59093 34.584965 34.568092 34.545666 34.53488 34.515076 34.516647 34.537403 34.5751 34.598648 34.650513 34.729668 34.70567 34.667515 34.655987 34.588505 34.52049 34.609093 34.653496 34.698624 34.69137 34.689075 34.706882 34.704033 34.72383 34.919674 34.960133 34.88444 34.83846 34.779118 34.774174 34.82748 34.823406 34.80018 34.7166
34.379417 34.35197 34.343063 34.368027 34.30039 34.565334 34.673927 34.66364 34.622177 34.57344 34.56343 34.585827 34.59493 34.615997 34.634502 34.64596 34.653862 34.661236 34.63992 34.56706 34.443745 34.284794 34.21422 34.214806 34.227024 34.299736 34.51402 34.594944 34.5723 34.510345 34.47319 34.44882 34.455505 34.522064 34.55453 34.59218 34.63385 34.7012 34.70535 34.665333 34.64317 34.532207 34.51806 34.605404 34.631023 34.649723 34.711044 34.71242 34.72477 34.8091 34.961662 34.984116 34.958214 34.898357 34.895683 34.893166 34.854866 34.782097 34.73156 34.708412 34.69017
34.367104 34.370132 34.36374 34.365314 34.388397 34.616707 34.683655 34.659027 34.634335 34.58451 34.605488 34.566925 34.597023 34.59572 34.573414 34.560352 34.562996 34.55696 34.49099 34.349228 34.21181 34.158207 34.143295 34.13907 34.187817 34.2564 34.314526 34.440994 34.4847 34.457 34.406418 34.342926 34.318142 34.490795 34.556885 34.580246 34.642857 34.66989 34.715076 34.66983 34.641148 34.49897 34.51832 34.60061 34.63444 34.632114 34.669197 34.727436 34.747437 34.774918 34.896404 35.001255 34.97926 34.891945 34.742485 34.670193 34.64676 34.625164 34.61275 34.61153 34.611965
34.449303 34.350418 34.338535 34.328304 34.572285 34.667316 34.67843 34.65894 34.64092 34.58803 34.618614 34.554752 34.580593 34.46062 34.345024 34.29463 34.257336 34.203796 34.13323 34.077908 34.050556 34.056 34.10296 34.203754 34.298325 34.32534 34.35402 34.38682 34.41146 34.414562 34.32257 34.27894 34.263847 34.46312 34.537697 34.561764 34.622368 34.656162 34.69179 34.675186 34.638676 34.481068 34.533318 34.61 34.60465 34.598244 34.620438 34.646744 34.686123 34.711514 34.72129 34.718163 34.69513 34.667065 34.63626 34.574444 34.50387 34.457798 34.458893 34.479324 34.50132
34.65312 34.587685 34.543453 34.59891 34.658775 34.659977 34.67687 34.659813 34.63049 34.60518 34.618057 34.583443 34.44019 34.289577 34.15707 34.032497 34.009552 34.020893 34.063267 34.134438 34.180016 34.244606 34.42164 34.497143 34.493515 34.47264 34.442844 34.39503 34.33836 34.32918 34.349865 34.234917 34.32029 34.44603 34.521294 34.57084 34.60056 34.64982 34.682327 34.69248 34.627617 34.475143 34.54281 34.596874 34.60972 34.612354 34.61523 34.641434 34.640415 34.646915 34.648365 34.64938 34.64332 34.601456 34.488125 34.43243 34.387653 34.32754 34.377975 34.458 34.492447
34.656406 34.63755 34.626144 34.655926 34.661655 34.66608 34.66124 34.64389 34.627064 34.62086 34.63691 34.416534 34.29118 34.112362 34.02687 34.096237 34.13879 34.30253 34.500183 34.53069 34.51799 34.49423 34.44627 34.350826 34.310913 34.32339 34.373417 34.42136 34.441048 34.429592 34.400185 34.221886 34.266106 34.36548 34.49866 34.54152 34.568657 34.596542 34.64356 34.669563 34.592888 34.4884 34.55348 34.58116 34.600864 34.603634 34.656227 34.627274 34.625576 34.6254 34.624958 34.60503 34.534546 34.45012 34.537266 34.58148 34.361794 34.27741 34.3166 34.39423 34.47998
34.690086 34.68975 34.664978 34.65276 34.671803 34.670918 34.669353 34.65901 34.654835 34.608257 34.349106 34.31566 34.263954 34.051792 34.18723 34.35103 34.548653 34.37859 34.46581 34.463535 34.43999 34.339066 34.306107 34.40867 34.482563 34.469383 34.42726 34.405598 34.428303 34.402218 34.389523 34.288227 34.205074 34.28039 34.442524 34.50301 34.531235 34.565132 34.589798 34.642258 34.54401 34.59259 34.56759 34.586994 34.606052 34.66305 34.625053 34.613937 34.569218 34.53479 34.505013 34.482147 34.459476 34.64708 34.69983 34.611916 34.311527 34.31604 34.384735 34.523502 34.53123
34.719566 34.687553 34.653824 34.630173 34.61002 34.610397 34.59486 34.552975 34.460445 34.331253 34.334908 34.340324 34.30617 34.114323 34.21195 34.43106 34.439426 34.31419 34.283524 34.292946 34.279312 34.368042 34.463737 34.497593 34.45789 34.43423 34.413177 34.40698 34.4035 34.384155 34.37193 34.338318 34.26545 34.35516 34.44957 34.464687 34.486706 34.542408 34.579144 34.63329 34.61013 34.60067 34.581734 34.627445 34.662643 34.642338 34.62965 34.51172 34.479515 34.460377 34.45315 34.472134 34.61275 34.73666 34.753696 34.523075 34.35328 34.31657 34.426197 34.5627 34.538986
