static/data/salinity/2023/7/24/18.asc
ncols 137
nrows 93
xllcorner 108.0
yllcorner 17.0
cellsize 0.25
NODATA_value -32767
[rows 54 to 80 of 93, columns 61 to 121 of 137]
33.37223 33.45362 33.73542 33.890762 33.915333 33.94534 34.116203 34.25229 34.210827 34.202354 34.140713 34.310005 34.486492 34.4127 34.546986 34.584053 34.56563 34.579704 34.5644 34.49215 34.47579 34.394047 34.397552 34.39795 34.400097 34.361935 34.471027 34.46292 34.37203 34.517384 34.484547 34.452404 34.411427 34.41069 34.430447 34.43002 34.47125 34.309986 34.221416 34.138283 34.135414 34.15957 34.218414 34.27719 34.313824 34.39752 34.585606 34.645775 34.625736 34.60105 34.576904 34.557705 34.60474 34.683914 34.70247 34.67158 34.71182 34.71127 34.70417 34.715076 34.762745
33.024418 33.09319 33.20506 33.41075 33.518616 33.591866 33.978394 34.233067 34.286892 34.152397 34.286198 34.40426 34.451946 34.445606 34.596367 34.601418 34.587086 34.582767 -32767.0 34.586403 34.579826 34.429848 34.394783 34.403145 34.398655 34.403492 34.38081 34.613754 34.29354 34.456295 34.52786 34.45134 34.408524 34.355545 34.385784 34.41352 34.319904 34.266773 34.212082 34.165234 34.198654 34.219696 34.230324 34.269375 34.373867 34.374496 34.388832 34.65702 34.640797 34.635845 34.572388 34.582573 34.558563 34.72402 34.63035 34.64428 34.69696 34.680702 34.703793 34.77731 34.940983
33.991432 34.05471 34.08487 33.71263 33.697197 33.982204 34.243523 34.24595 34.22659 34.38668 34.493618 34.486404 34.461605 34.460037 34.587532 34.545395 34.553524 34.57751 34.597816 34.60399 34.63429 34.525333 34.44495 34.42116 34.433784 34.43147 34.339085 34.67595 34.263557 34.38117 34.521114 34.47419 34.412262 34.377728 34.38112 34.30951 34.309364 34.25563 34.232166 34.407795 34.419266 34.35149 34.342922 34.315826 34.32227 34.412125 34.425438 34.52085 34.67811 34.629505 34.61801 34.58451 34.588936 34.61365 34.587097 34.588768 34.622402 34.643143 34.68342 34.947346 34.981148
34.21961 34.304752 34.293114 34.252377 34.19278 34.162415 34.163116 34.19886 34.448 34.43263 34.43345 34.502945 34.47496 34.483887 34.54856 34.516663 34.59258 34.627686 34.663433 34.626396 34.59744 34.59554 34.593147 34.578907 34.548607 34.40356 34.334 34.678913 34.410416 34.372307 34.44669 34.484177 34.412315 34.360626 34.30992 34.33449 34.32417 34.291637 34.45473 34.494736 34.53825 34.469585 34.302376 34.32561 34.31851 34.412098 34.47312 34.441673 34.683304 34.68695 34.64103 34.631016 34.604095 34.595512 34.58522 34.581127 34.61619 34.68845 34.75114 34.949055 35.022938
34.31187 34.316372 34.256763 34.180813 34.128967 34.09915 34.348267 34.459587 34.36657 34.48123 34.557655 34.54295 34.50766 34.509037 34.50026 34.566135 34.604996 34.588737 34.636475 34.642303 34.608456 34.586575 34.577103 34.56099 34.49317 34.30718 34.376247 34.65769 34.656628 34.400867 34.32408 34.406445 34.3703 34.304195 34.33702 34.43271 34.32578 34.343864 34.485863 34.524334 34.5342 34.515495 34.41758 34.29636 34.32686 34.391872 34.465137 34.475666 34.62055 34.67982 34.683 34.657745 34.639744 34.614853 34.613464 34.641033 34.662575 34.676624 34.851757 34.93848 35.046925
34.34025 34.313385 34.096485 34.12323 34.37781 34.427452 34.298084 34.377274 34.495636 34.52107 34.552822 34.611782 34.546143 34.53881 34.59291 34.630936 34.649525 34.57019 34.61768 34.615803 34.589878 34.549515 34.52986 34.518238 34.407322 34.241554 34.45793 34.638966 34.75561 34.42043 34.37589 34.348454 34.34247 34.32121 34.436947 34.516468 34.41136 34.34848 34.384907 34.4565 34.456142 34.498726 34.471813 34.29946 34.33591 34.37914 34.45184 34.522625 34.481575 34.666904 34.679123 34.67223 34.675873 34.65921 34.641655 34.640587 34.64688 34.667633 34.79501 34.955402 35.034946
34.333588 34.14356 34.22359 34.42951 34.48778 34.30449 34.356842 34.41022 34.49749 34.527187 34.580326 34.623905 34.60432 34.61332 34.671764 34.678684 34.669872 34.549652 34.579685 34.561104 34.59244 34.584774 34.591553 34.54957 34.40998 34.26455 34.521927 34.68109 34.77108 34.64888 34.49032 34.37156 34.361286 34.386196 34.491135 34.58494 34.56465 34.47797 34.41466 34.41775 34.42791 34.49465 34.407185 34.29077 34.305313 34.404964 34.501892 34.522266 34.522293 34.617664 34.68986 34.688126 34.705444 34.68714 34.676533 34.668262 34.66959 34.768818 34.92025 34.96895 35.073288
34.16607 34.252766 34.318733 34.481213 34.454666 34.286713 34.335403 34.383972 34.551785 34.544735 34.571617 34.592308 34.625977 34.5747 34.55621 34.641068 34.628407 34.544796 34.559387 34.591663 34.513638 34.53344 34.57351 34.57618 34.337414 34.41774 34.62987 34.782562 34.77394 34.753284 34.44017 34.520634 34.490402 34.427372 34.4644 34.52981 34.573185 34.57414 34.54197 34.509647 34.486725 34.40307 34.325024 34.333984 34.434692 34.56211 34.575012 34.540787 34.578762 34.54591 34.67169 34.702927 34.757072 34.777203 34.717224 34.698647 34.68213 34.79429 34.892677 34.966084 35.03269
34.317776 34.361526 34.35304 34.46754 34.39958 34.3204 34.29588 34.339478 34.35193 34.397667 34.49873 34.56198 34.61067 34.52546 34.6026 34.6598 34.609238 34.58859 34.61435 34.53605 34.498833 34.530273 34.561543 34.43693 34.378616 34.666676 34.791832 34.77617 34.756416 34.75821 34.676537 34.471508 34.40629 34.4507 34.505844 34.532337 34.533337 34.473625 34.407356 34.34893 34.36334 34.444126 34.522266 34.589676 34.63157 34.570736 34.504337 34.501736 34.538555 34.543564 34.65083 34.72105 34.854282 34.844524 34.760242 34.713715 34.72074 34.909634 34.886997 34.989243 34.984905
34.3329 34.335884 34.34091 34.34695 34.37052 34.36866 34.30633 34.31737 34.368217 34.44746 34.43796 34.531 34.60964 34.55561 34.61453 34.666084 34.63812 34.65196 34.63045 34.53609 34.5821 34.571774 34.49798 34.5174 34.74085 34.767696 34.749336 34.76243 34.754517 34.752537 34.741486 34.711052 34.66374 34.603848 34.547104 34.514988 34.508167 34.53235 34.58724 34.661983 34.676937 34.6389 34.60128 34.59002 34.541725 34.515244 34.596447 34.541687 34.487556 34.549015 34.627728 34.744892 34.889194 34.880478 34.760056 34.692642 34.86215 34.816437 34.86243 34.91785 34.93379
34.307365 34.31129 34.321144 34.32218 34.325348 34.32397 34.312164 34.314396 34.38432 34.452465 34.501987 34.579517 34.545444 34.60616 34.636856 34.658447 34.65435 34.63064 34.584366 34.614704 34.635277 34.667084 34.69923 34.747574 34.72454 34.722786 34.72375 34.713287 34.690926 34.66388 34.659176 34.664036 34.67141 34.68609 34.697567 34.703663 34.689247 34.664246 34.61283 34.573822 34.555065 34.528343 34.492275 34.475166 34.5089 34.657642 34.636436 34.526924 34.495716 34.550087 34.61178 34.737587 34.863983 34.824005 34.731174 34.72972 35.03981 34.792046 34.73673 34.743923 34.82087
34.349003 34.31707 34.287056 34.275238 34.275204 34.276104 34.28514 34.329865 34.398945 34.443115 34.552544 34.58464 34.588337 34.657715 34.64372 34.651134 34.62571 34.61565 34.668003 34.694183 34.692627 34.70844 34.727524 34.73577 34.729763 34.74311 34.741734 34.74164 34.73732 34.715305 34.673157 34.6291 34.58712 34.551437 34.54108 34.54245 34.531628 34.53587 34.54626 34.58746 34.59323 34.582012 34.58295 34.56728 34.616817 34.677685 34.61922 34.569927 34.48792 34.548183 34.6005 34.716423 34.80673 34.75384 34.705418 34.874363 35.01646 34.84108 34.683308 34.83503 34.73123
34.296215 34.25058 34.22151 34.25463 34.27911 34.287792 34.286507 34.340145 34.38328 34.43065 34.55509 34.5515 34.654438 34.67101 34.629158 34.642406 34.622757 34.663498 34.59326 34.587097 34.594795 34.579716 34.603592 34.646717 34.67442 34.7317 34.760727 34.766968 34.755848 34.74097 34.752045 34.742752 34.6868 34.582848 34.537453 34.53 34.507782 34.521313 34.597874 34.546978 34.54476 34.538624 34.536343 34.543335 34.562977 34.571312 34.56204 34.62772 34.497955 34.529133 34.612686 34.701736 34.75519 34.715004 34.766663 35.062954 35.023064 34.92564 34.75537 34.820263 34.6723
34.26408 34.25741 34.288982 34.348854 34.418766 34.424915 34.37672 34.364586 34.406944 34.450947 34.550797 34.54341 34.67557 34.66086 34.625847 34.6357 34.649757 34.583076 34.623028 34.640446 34.625774 34.617016 34.69521 34.717365 34.721046 34.71035 34.66786 34.73662 34.754814 34.742905 34.737732 34.72701 34.74622 34.713913 34.627636 34.54204 34.538116 34.5414 34.566742 34.58091 34.563927 34.535492 34.546402 34.584602 34.589046 34.58392 34.567394 34.55198 34.599316 34.523685 34.611263 34.690746 34.736282 34.740013 34.94213 35.005867 34.92217 34.920315 34.85235 34.781128 34.79402
34.27098 34.29605 34.301453 34.362865 34.53185 34.551834 34.565292 34.557426 34.565758 34.5322 34.552544 34.542873 34.680717 34.669357 34.633835 34.6476 34.615788 34.59763 34.571156 34.604557 34.659344 34.675972 34.70435 34.695362 34.706184 34.710876 34.710575 34.685253 34.72393 34.716515 34.71938 34.71686 34.717 34.74033 34.688423 34.56008 34.572918 34.590233 34.571705 34.604023 34.601532 34.563236 34.579464 34.614883 34.622242 34.602665 34.57989 34.56551 34.57774 34.598244 34.59434 34.685417 34.738075 34.784416 35.047256 34.88993 34.90496 34.93616 34.891464 34.84177 34.84823
34.32517 34.400208 34.380314 34.308434 34.43425 34.542427 34.55255 34.565224 34.616337 34.60178 34.559284 34.55517 34.68698 34.67856 34.651306 34.640823 34.581863 34.551926 34.515022 34.525063 34.642616 34.681103 34.669796 34.63349 34.673393 34.70027 34.71646 34.67253 34.68866 34.69541 34.68868 34.70143 34.702866 34.71969 34.726887 34.679867 34.584736 34.6286 34.590958 34.61722 34.633377 34.60127 34.57975 34.643814 34.62199 34.59044 34.585453 34.574806 34.56291 34.573425 34.593014 34.70066 34.736782 34.90689 34.994846 34.8388 34.78814 34.826 34.807896 34.781334 34.758026
34.35423 34.4337 34.416595 34.344837 34.318943 34.529297 34.58727 34.629185 34.615887 34.625755 34.563538 34.58785 34.693356 34.67802 34.659363 34.62277 34.563427 34.535625 34.50841 34.527245 34.651356 34.68535 34.63273 34.56929 34.58182 34.657833 34.692745 34.701176 34.703293 34.669807 34.677357 34.687935 34.696037 34.680683 34.679707 34.718735 34.67322 34.604652 34.621235 34.6086 34.653423 34.633953 34.55998 34.65421 34.630005 34.58502 34.566277 34.564156 34.564087 34.585075 34.610474 34.72809 34.728302 34.95591 34.94568 34.86628 34.883053 34.876778 34.90613 34.91018 34.85716
34.385853 34.410576 34.441383 34.38835 34.29227 34.5304 34.639114 34.655056 34.647728 34.615322 34.569126 34.613976 34.682045 34.68034 34.656998 34.615685 34.56349 34.55018 34.539074 34.59174 34.666576 34.666332 34.57586 34.50206 34.481445 34.606293 34.64934 34.670017 34.658787 34.646503 34.644844 34.666267 34.67301 34.661354 34.658283 34.66897 34.726006 34.67442 34.6282 34.6201 34.65965 34.642395 34.54599 34.662815 34.651333 34.604492 34.58406 34.57835 34.59999 34.619965 34.64168 34.72663 34.713226 34.94561 34.88852 34.90566 34.933506 34.903053 34.80831 34.75291 34.693596
34.39272 34.40359 34.40664 34.390495 34.28605 34.53062 34.657005 34.673058 34.66027 34.580917 34.550648 34.60751 34.643967 34.700836 34.661713 34.635006 34.592033 34.580902 34.61769 34.67242 34.65824 34.57774 34.4761 34.406258 34.397907 34.480537 34.60493 34.616028 34.603226 34.574356 34.565685 34.57975 34.607014 34.618073 34.617935 34.63694 34.676327 34.735466 34.692513 34.682495 34.65757 34.63174 34.534897 34.645256 34.680058 34.640144 34.625347 34.628746 34.62873 34.642403 34.718155 34.663208 34.85151 34.9154 34.867046 34.88243 34.79648 34.760727 34.77404 34.77829 34.72818
34.465 34.413612 34.3961 34.378582 34.29335 34.540215 34.661247 34.67075 34.633873 34.56404 34.54811 34.58511 34.600735 34.647438 34.679012 34.684006 34.677456 34.675278 34.664913 34.648884 34.569904 34.45987 34.332855 34.271065 34.28752 34.34359 34.568428 34.585243 34.570583 34.544334 34.534428 34.517067 34.508457 34.52946 34.566525 34.5926 34.64691 34.727253 34.708626 34.673973 34.660236 34.600636 34.517414 34.606018 34.653267 34.70028 34.68749 34.684315 34.700745 34.706444 34.686447 34.87083 34.956173 34.88554 34.84471 34.78945 34.77463 34.832577 34.843174 34.81794 34.738754
34.394436 34.373604 34.360424 34.365814 34.30343 34.571236 34.6696 34.659286 34.617462 34.576244 34.55843 34.592037 34.599823 34.61916 34.635376 34.647545 34.655796 34.662395 34.64697 34.58314 34.45916 34.29312 34.223213 34.21409 34.228546 34.28822 34.45019 34.580387 34.58519 34.50868 34.48465 34.452423 34.436543 34.504765 34.544895 34.57996 34.631844 34.69872 34.7081 34.66797 34.65166 34.544323 34.51057 34.601166 34.630085 34.653233 34.70994 34.71029 34.71666 34.792442 34.94994 34.990013 34.95594 34.89561 34.89593 34.893322 34.855537 34.780552 34.733032 34.71282 34.693985
34.39867 34.383423 34.38042 34.370255 34.40106 34.62614 34.6763 34.65378 34.62685 34.5867 34.59842 34.576008 34.599102 34.58765 34.55177 34.534878 34.531727 34.53068 34.47448 34.342274 34.19135 34.133358 34.14333 34.140896 34.177357 34.234688 34.301647 34.421688 34.485676 34.446 34.423347 34.34757 34.31042 34.441727 34.548695 34.569557 34.633785 34.660442 34.71442 34.671013 34.648666 34.50947 34.507957 34.59737 34.63494 34.634285 34.677982 34.734722 34.76002 34.798046 34.91001 35.00528 34.983982 34.90495 34.753246 34.670834 34.6412 34.6242 34.60735 34.607513 34.612873
34.540306 34.371254 34.345646 34.36037 34.591724 34.65805 34.663162 34.647972 34.63863 34.5898 34.619156 34.554935 34.569695 34.433506 34.326702 34.264046 34.214806 34.160885 34.10493 34.068333 34.055744 34.052284 34.106033 34.218735 34.310654 34.335697 34.346287 34.37946 34.40589 34.434296 34.34311 34.30577 34.266777 34.402004 34.534973 34.556103 34.611526 34.647125 34.697327 34.67539 34.64806 34.48832 34.52268 34.610275 34.60446 34.6017 34.623844 34.654686 34.703354 34.730247 34.736458 34.733986 34.700275 34.666626 34.637756 34.57765 34.497852 34.44602 34.443695 34.468082 34.495575
34.64998 34.642662 34.59187 34.6104 34.658905 34.654037 34.66612 34.64951 34.62288 34.599342 34.618553 34.58472 34.394314 34.271507 34.096878 34.03988 34.054573 34.081963 34.159103 34.259502 34.27933 34.313335 34.456055 34.504036 34.498474 34.480476 34.45358 34.409016 34.36536 34.32588 34.37658 34.255104 34.288452 34.431675 34.512074 34.5622 34.595924 34.64663 34.678238 34.69068 34.642593 34.479225 34.534046 34.598904 34.608784 34.61413 34.61272 34.640076 34.641712 34.648884 34.655296 34.65088 34.645298 34.60056 34.481777 34.437073 34.383022 34.31264 34.35613 34.443947 34.487354
34.66839 34.65079 34.636566 34.654633 34.659286 34.653107 34.64916 34.63059 34.623867 34.61468 34.631245 34.36535 34.289516 34.102676 34.10249 34.191296 34.263786 34.443436 34.55117 34.523155 34.51825 34.488853 34.42291 34.343697 34.321655 34.344814 34.39201 34.427525 34.447437 34.43974 34.42786 34.242508 34.278904 34.371246 34.4969 34.542835 34.56912 34.593582 34.643826 34.6718 34.611443 34.48484 34.54822 34.580013 34.60325 34.60411 34.65436 34.630615 34.62995 34.631973 34.632492 34.611526 34.54139 34.45238 34.572308 34.592003 34.339863 34.282326 34.326164 34.39035 34.472816
34.705616 34.679745 34.649315 34.64924 34.659832 34.65871 34.65504 34.648884 34.644356 34.56413 34.35028 34.335083 34.272957 34.09953 34.287533 34.43001 34.53853 34.36583 34.459427 34.441616 34.407013 34.32504 34.341812 34.444183 34.491886 34.466595 34.425632 34.40674 34.42579 34.41568 34.39979 34.296288 34.220108 34.27013 34.4303 34.503998 34.531635 34.563694 34.59061 34.637436 34.559967 34.580486 34.568966 34.5818 34.60267 34.661213 34.62753 34.61498 34.583336 34.55689 34.523567 34.488205 34.468643 34.686596 34.69678 34.559357 34.303867 34.326553 34.414856 34.53972 34.53401
34.713264 34.675266 34.639526 34.6298 34.601265 34.596123 34.565083 34.519676 34.406967 34.356617 34.347908 34.362816 34.32249 34.145546 34.236004 34.437542 34.43616 34.277145 34.25479 34.274895 34.31093 34.424023 34.473076 34.511993 34.45389 34.45172 34.41998 34.40843 34.40691 34.389507 34.37755 34.343777 34.257496 34.32308 34.4433 34.474728 34.490307 34.53882 34.574497 34.640762 34.59906 34.606518 34.581768 34.62641 34.662876 34.64411 34.62596 34.51436 34.484394 34.464935 34.45608 34.48147 34.646313 34.756813 34.7107 34.45849 34.394817 34.31776 34.464382 34.557198 34.53768
