static/data/salinity/2023/7/24/6.asc
ncols 137
nrows 93
xllcorner 108.0
yllcorner 17.0
cellsize 0.25
NODATA_value -32767
[rows 27 to 53 of 93, columns 62 to 123 of 137]
29.878511 29.96214 29.971231 29.970463 29.912312 29.837038 30.146902 31.070198 32.38874 33.067192 32.975918 -32767.0 -32767.0 32.478386 32.437798 32.889282 32.864025 32.7712 32.63074 32.601162 32.6609 33.045353 32.955498 32.900658 -32767.0 -32767.0 -32767.0 -32767.0 -32767.0 -32767.0 -32767.0 -32767.0 -32767.0 32.172794 32.517216 32.74737 -32767.0 -32767.0 -32767.0 33.290348 33.65943 33.83905 33.791725 32.65914 33.178318 33.844845 32.88503 33.20326 33.87862 34.0504 34.05241 34.07048 34.061054 34.053703 34.029205 33.915634 33.817226 33.78844 33.798267 34.10409 34.21899 34.259167
30.174765 30.042315 29.949375 29.85345 29.700737 30.048624 30.548826 31.709105 33.244713 32.888035 32.77498 32.721607 32.850002 32.78316 32.929718 32.847687 32.73804 32.568115 32.51096 32.440247 32.87211 32.949467 -32767.0 32.883606 32.935925 -32767.0 -32767.0 26.493292 -32767.0 -32767.0 -32767.0 -32767.0 -32767.0 -32767.0 32.708073 33.386375 -32767.0 -32767.0 33.685413 33.688076 33.721985 33.677357 33.88989 33.97884 33.928997 33.471848 33.418053 33.877583 34.008705 33.96475 33.931133 33.93502 33.915184 34.017776 33.96037 33.84722 33.848923 33.836475 33.77676 34.07958 34.25813 34.382004
30.765497 30.653715 30.657988 30.235474 29.838459 29.892284 30.427269 31.795675 33.1034 33.065643 32.909843 32.933395 32.863255 32.8716 32.92213 32.759937 32.493927 32.620556 32.739197 32.469807 32.90297 -32767.0 33.142586 33.108578 33.137928 33.073795 31.353777 -32767.0 27.726124 -32767.0 -32767.0 -32767.0 -32767.0 -32767.0 33.894825 33.78792 34.034386 33.711742 33.52587 33.535446 33.44674 33.467545 33.55902 33.964752 33.650623 33.408157 33.799408 33.96457 34.011593 34.002213 33.96774 33.93081 33.93575 33.983685 33.865326 33.8068 33.741325 33.8161 33.790447 33.9556 34.221436 34.347702
30.045776 29.979788 29.93392 30.28407 29.813475 29.845446 30.11016 30.896826 32.164574 32.520283 32.95813 33.129795 33.07081 32.983498 33.050816 32.70357 32.741463 32.83836 32.814327 32.724583 32.476387 32.7257 32.863106 33.00019 33.257847 32.94952 31.192793 28.96081 28.52916 -32767.0 -32767.0 -32767.0 -32767.0 33.810913 33.856205 33.723297 33.882595 33.57851 33.553585 33.474457 33.511547 33.478695 33.463505 33.530655 33.659157 33.713825 33.795273 33.773125 33.742783 33.76251 33.818268 33.88402 33.997986 33.946144 33.812138 33.736256 33.74957 33.76536 33.80625 33.766502 34.1613 34.358223
27.752352 27.979986 28.433197 29.680786 29.119932 29.134464 29.411047 30.156965 31.62861 31.626678 31.466415 32.67915 33.167515 33.17181 33.053852 32.7803 32.834457 32.928036 33.049545 33.01067 32.82192 32.658806 32.59196 32.53842 32.645473 33.096603 31.43839 29.313496 29.084988 -32767.0 -32767.0 -32767.0 -32767.0 33.852753 33.650673 33.55108 33.77293 33.932243 33.614067 33.382504 33.500282 33.79876 33.66344 33.455276 33.509315 33.645126 33.268017 33.274918 33.62007 33.838886 33.784824 33.910183 34.024605 33.819008 33.76887 33.763855 33.886333 33.750347 33.860233 33.689457 34.06719 34.27005
27.609375 28.714035 29.079634 29.040504 28.788597 27.823618 28.70081 29.452324 31.03274 30.498154 30.795044 31.957712 32.805008 32.967846 33.011185 32.93042 32.871593 33.00435 33.303658 33.511395 33.462273 33.32145 32.955883 32.832123 32.52978 32.79423 33.05795 -32767.0 -32767.0 -32767.0 -32767.0 -32767.0 33.847847 33.914818 33.634342 33.578094 33.687523 33.674503 33.335197 33.46097 34.016964 34.31271 34.213867 33.756844 33.63231 33.703503 33.63333 33.585117 33.544273 33.66828 33.764744 33.923294 33.989895 33.7595 33.74727 33.853466 33.92889 33.731148 33.876778 33.704468 33.895073 34.168182
28.297245 30.286482 29.912636 28.948128 28.44245 27.777723 27.402752 27.876438 28.022543 28.687908 30.37758 30.66552 31.845324 32.930805 32.949295 32.86507 33.033222 33.712498 33.829155 33.893753 33.841 33.78152 33.39745 32.837257 32.79671 32.613804 32.904903 -32767.0 -32767.0 -32767.0 -32767.0 -32767.0 33.66313 33.395172 33.37293 33.370415 33.315613 33.58215 33.80176 34.04016 34.026608 34.088715 34.17008 34.100418 33.982174 33.987663 34.067398 33.950497 33.619583 33.475483 33.774883 33.890133 33.944073 33.738594 33.7496 33.84186 33.8539 33.711494 33.924606 33.71355 33.824467 34.186214
28.796583 31.006718 30.769758 30.393967 30.117493 29.753359 28.237305 27.414719 27.686281 29.142483 30.04952 31.615835 32.54394 32.912106 32.777752 33.024773 33.683342 33.73916 33.53813 33.707294 33.82795 33.813583 33.709896 33.034805 32.894043 32.72923 32.899185 33.000027 -32767.0 33.13365 -32767.0 -32767.0 33.193497 33.271187 33.31166 33.612568 33.97598 34.06279 34.163383 34.13225 34.149883 34.185677 34.20486 34.216255 34.25378 34.271122 34.24163 34.20384 34.029068 33.600967 33.612244 33.845734 33.92385 33.78159 33.78211 33.889893 33.84046 33.75607 33.98832 33.700417 33.858013 34.154137
32.380688 31.743755 31.360014 32.04443 30.899261 30.134499 29.72178 28.780485 28.936245 29.51404 30.642246 32.083294 32.870163 32.684654 33.023518 33.422318 33.640472 33.788177 33.641277 33.829334 33.683064 33.679104 33.74065 33.440544 33.03455 32.66524 32.806477 33.018738 33.2865 33.28263 -32767.0 33.209072 33.181644 33.347363 33.425404 33.2355 33.410435 33.97481 34.109745 34.091297 34.155483 34.250572 34.292313 34.12436 34.00916 34.195152 34.289146 34.277157 34.273026 33.817875 33.46232 33.770573 33.890797 33.855694 33.793343 33.916985 33.78902 33.856705 34.04022 33.73372 34.152843 34.255558
29.64281 33.05695 33.031654 32.21935 31.263489 30.951096 30.576092 30.130869 30.110054 30.242483 30.713987 31.72513 32.387047 32.5028 32.840286 33.10413 33.624554 33.71544 33.602478 33.637905 33.693764 33.844814 33.83612 33.74054 33.444035 32.973763 32.65249 32.65934 32.638268 -32767.0 32.936134 32.913086 33.16241 33.06287 33.599785 33.98099 33.855087 34.05735 34.115723 34.142075 34.200966 34.22592 34.260693 34.163567 33.9484 34.200344 34.315453 34.34634 34.360912 33.99674 33.473804 33.62407 33.822617 33.91775 33.901127 33.952248 33.724308 34.021137 34.01723 33.892845 34.270985 34.14439
34.002922 33.974766 33.821503 33.479748 33.384647 33.164776 31.416815 31.20168 31.682653 32.049168 31.831644 32.366997 32.695976 32.737392 32.649536 33.593246 33.852066 33.51426 33.649643 33.60607 33.744343 33.948166 33.96938 33.994358 33.936577 33.83464 33.24152 33.03448 32.95619 33.076344 33.43363 33.41186 33.331276 33.042835 33.14881 33.84932 33.92191 34.07431 34.115456 34.13314 34.16414 34.125885 34.27168 34.172043 33.896393 34.111217 34.377983 34.333523 34.166943 34.06465 33.645153 33.438137 33.62594 33.791912 33.903107 33.75091 33.78692 34.140194 33.895123 34.216057 34.192894 34.194374
34.078953 34.056107 34.01995 33.852364 33.540955 32.92853 32.33183 31.53065 31.716654 32.000946 32.73892 32.48228 32.194244 32.521957 33.311237 33.78773 33.745754 33.537994 33.63188 33.47849 33.48996 33.817043 34.172153 34.1683 34.17605 34.137367 34.004032 -32767.0 33.10544 32.948853 -32767.0 33.246567 32.92869 32.952007 32.959045 33.638943 33.927055 34.2042 34.172493 34.081512 34.19888 34.111286 34.218304 34.140987 33.99232 33.958664 34.16961 34.263477 34.372654 34.22646 33.851833 33.60963 33.47959 33.50707 33.541653 33.552536 34.0784 34.04601 33.81466 34.320015 34.16667 34.206085
33.949543 33.934547 33.9508 33.953205 33.75244 33.557575 33.208138 31.562412 31.22133 31.219872 31.325426 32.3312 33.744026 33.779316 33.714184 33.757835 33.706627 33.660175 33.532867 33.489254 33.535503 33.77523 34.181442 34.271328 34.297436 34.273228 34.233147 33.834866 -32767.0 33.01064 33.417744 33.15955 32.994663 33.19878 32.889454 33.416367 34.102642 34.26919 34.208813 34.097866 34.274517 34.11951 34.10897 34.09862 34.08275 34.129547 33.988384 34.093567 34.18552 33.966316 33.80646 33.710438 33.623566 33.716038 34.11943 34.204876 34.038795 33.920753 33.891888 34.296925 34.161182 34.200512
33.907944 33.78464 33.830875 33.840836 33.79513 33.69538 33.701073 33.216885 33.026188 32.74299 32.48732 33.458946 33.727272 33.62771 33.659637 33.721737 33.71183 33.857903 33.849712 33.822433 33.885235 34.061142 34.36189 34.3336 34.302605 34.29645 34.149155 34.183056 33.590935 32.93402 33.303265 33.17838 33.20643 33.11805 33.13516 33.52608 34.142006 34.289528 34.3015 34.130203 34.31608 34.08183 34.092342 34.107452 33.972927 34.089584 34.17937 33.95215 34.04698 34.06437 34.090748 34.12657 34.166367 34.157562 34.029926 33.97286 33.95727 33.914513 34.1793 34.280434 34.15967 34.172535
33.7774 33.62088 33.636234 33.59056 33.615273 33.640755 33.652046 33.60095 33.60383 33.509583 33.530308 33.55676 33.602837 33.56877 33.664116 33.729923 33.7634 33.82362 34.030914 34.24319 34.373463 34.41575 34.365734 34.32181 34.322323 34.17217 33.976337 33.977272 34.18227 33.676186 33.08338 33.004463 32.92978 33.194317 33.3249 33.74051 34.22309 34.31767 34.372143 34.23995 34.351906 34.069508 34.0514 34.064987 33.956184 34.020233 34.104107 34.207882 33.9914 34.00034 33.998043 33.91899 34.016632 34.08547 34.127525 33.920986 34.058067 33.95223 34.39273 34.266785 34.129868 34.158165
33.857613 33.44115 33.430157 33.449585 33.44489 33.456966 33.479347 33.559147 33.36641 33.347183 33.49564 33.578735 33.674713 33.71648 33.774548 33.818195 33.95258 34.294598 34.349243 34.421253 34.418976 34.430794 34.39745 34.42005 34.230682 34.20833 34.158195 33.914684 34.066315 34.137295 34.07821 33.714245 33.76794 33.683254 33.878246 33.99117 34.3589 34.371796 34.441242 34.35329 34.382492 34.154274 34.065186 34.030373 34.07444 33.994057 33.919754 34.14159 34.215843 34.067165 34.07075 34.04589 34.0559 34.031025 34.05623 34.14202 34.042366 34.18562 34.4156 34.248455 34.11939 34.137512
33.698456 33.495834 33.20257 33.464592 33.54955 33.560658 33.518856 33.486553 33.40884 33.290035 33.469402 33.630318 33.68369 33.80064 33.864925 34.12357 34.252018 34.306503 34.493458 34.49999 34.492107 34.488876 34.388832 34.252464 34.22255 34.223038 34.192284 34.089935 34.09719 34.137253 34.116936 34.083275 34.093853 34.029556 33.99415 34.281597 34.45142 34.466274 34.50768 34.442448 34.339767 34.15398 34.09301 34.15863 34.186626 34.15393 34.046593 33.93069 34.093925 34.139217 34.118996 34.163506 34.17796 34.166374 34.10906 34.03076 34.421005 34.634956 34.390373 34.211445 34.08105 34.066372
33.64599 33.472134 33.389076 33.17912 33.28908 33.3644 33.485184 33.457203 33.338932 33.45871 33.58548 33.64393 33.91124 33.982628 34.103157 34.16461 34.347557 34.53179 34.484886 34.478485 34.42768 34.293064 34.250813 34.280823 34.213787 34.18926 34.215992 34.210514 34.224503 34.230915 34.147076 34.130207 34.172314 34.19084 34.319973 34.473465 34.58361 34.573112 34.524334 34.47087 34.409218 34.160606 34.11703 34.214417 34.233242 34.146744 34.023335 33.999424 34.02798 34.045574 34.166492 34.19458 34.230938 34.049828 33.995907 34.384247 34.49775 34.60191 34.24823 34.151524 34.113304 34.052578
33.04309 33.108414 33.160137 33.298374 33.097332 33.185314 33.27085 33.502636 33.47492 33.4857 33.570683 33.897358 34.004986 34.030975 34.051342 34.317345 34.485577 34.528656 34.45828 34.32786 34.331013 34.33059 34.305187 34.19515 34.137535 34.107903 34.171314 34.154118 34.134468 34.149864 34.268703 34.40953 34.495056 34.51492 34.457935 34.403324 34.524246 34.535076 34.45173 34.527237 34.49483 34.204144 34.149967 34.194164 34.18582 34.085484 34.003345 34.020584 34.12394 34.09508 34.091686 34.156815 34.10427 33.970257 34.44882 34.273106 34.389084 34.475887 34.164368 34.09564 34.09269 34.086655
32.89713 32.793453 32.90692 32.94171 33.012142 33.412582 33.49404 33.535522 33.49756 33.593765 33.668785 33.9201 34.04416 33.866226 34.3168 34.331837 34.55306 34.47199 34.394974 34.319122 34.32878 34.32178 34.27485 34.2067 34.245358 34.24489 34.333042 34.349724 34.490314 34.621613 34.56357 34.376553 34.242496 34.22908 34.230537 34.214928 34.4528 34.508377 34.42986 34.56206 34.49238 34.155285 34.155834 34.293243 34.15779 34.050564 34.10845 33.965237 34.026325 34.04832 34.06344 34.120655 33.949383 34.32186 34.20507 34.330925 34.238693 34.11014 34.021595 34.05796 34.096157 34.091976
33.539333 33.045506 32.798874 32.848095 33.364796 33.290424 33.41295 33.481018 33.572983 33.723263 33.790955 33.94963 33.841076 34.05782 34.294155 34.367943 34.55088 34.460022 34.401756 34.350357 34.367184 34.438667 34.386024 -32767.0 34.299072 34.506336 34.48713 34.583603 34.611805 34.427475 34.276085 34.303246 34.309917 34.325077 34.291153 34.16354 34.40664 34.499126 34.508877 34.567207 34.58444 34.4005 34.28168 34.185936 34.129192 34.250206 34.39995 34.204803 33.90728 33.96463 34.00424 33.99994 34.19064 34.412262 34.159565 34.155754 34.135887 34.122765 34.23212 34.278534 34.29549 34.31053
34.171017 33.86524 33.28508 33.009068 33.35146 33.43406 33.27169 33.495968 33.62562 33.810432 33.853374 34.04912 33.87646 34.03486 34.291374 34.363747 34.546497 34.486347 34.41852 34.338802 34.373875 34.35176 34.511784 34.435783 34.550697 34.393345 34.42086 34.555134 34.353954 34.260727 34.338764 34.455055 34.473804 34.388065 34.28881 34.203716 34.42469 34.459084 34.538197 34.573505 34.537216 34.39423 34.25756 34.534492 34.404156 34.302372 34.606575 34.556465 34.3322 33.946453 33.95432 34.186745 34.649696 34.554806 34.240345 34.252655 34.25958 34.237076 34.25953 34.246063 34.238884 34.231655
33.62473 33.395237 33.39133 33.202835 33.171867 33.452137 33.25995 33.44079 33.66993 33.841915 33.798004 33.78738 33.848072 34.16172 34.288116 34.371563 34.546238 34.545753 34.450024 34.361748 34.377434 34.451588 -32767.0 34.49403 34.495914 34.542942 34.5491 34.384632 34.247097 34.37902 34.55066 34.52739 34.541946 34.49696 34.306145 34.222233 34.397305 34.473824 34.57346 34.519184 34.429367 34.285942 34.59776 34.410286 34.628338 34.612263 34.472412 34.538403 34.547195 34.39764 34.50531 34.631016 34.64041 34.58984 34.47799 34.29651 34.286663 34.258186 34.259926 34.28726 34.324238 34.336388
34.105553 33.36472 33.203457 33.199192 33.12452 33.2371 33.14596 33.5729 33.74915 33.716248 33.80814 34.159687 34.21935 34.147076 34.271732 34.439133 34.552788 34.49788 34.512394 34.43478 34.433907 34.524445 34.495358 34.523457 34.49773 34.62924 34.502823 34.25447 34.34819 34.543278 34.461624 34.4479 34.502758 34.440742 34.26699 34.289856 34.403343 34.44996 34.49981 34.43117 34.34954 34.327072 34.249893 34.379868 34.583904 34.643326 34.645123 34.490055 34.56401 34.460648 34.456955 34.45779 34.53348 34.621853 34.667423 34.648365 34.59497 34.551125 34.55522 34.567734 34.42459 34.434307
33.78616 33.614532 33.325073 33.22732 33.140663 33.23856 33.692806 33.740337 33.683308 34.0824 34.243073 34.129524 34.08882 34.308445 34.333054 34.52605 34.563328 34.52259 34.45366 34.426662 34.45036 34.520138 34.47222 34.45335 34.554382 34.625076 34.43552 34.281055 34.458145 34.48629 34.40685 34.449516 34.445312 34.35899 34.236614 34.35974 34.424267 34.51038 34.441784 34.334255 34.176537 34.21281 34.35953 34.459583 34.592293 34.634445 34.647415 34.5976 34.554783 34.519794 34.50492 34.45359 34.47765 34.659245 34.633926 34.71962 34.73993 34.710358 34.72384 34.76006 34.648956 34.570946
33.976498 33.71815 33.60909 33.83255 34.194386 34.125328 33.897636 34.243343 34.23619 34.156956 34.336052 34.36184 34.33919 34.31363 34.54709 34.57666 34.571003 34.558212 34.516357 34.37795 34.407784 34.457703 34.45001 34.432693 34.46301 34.63176 34.349888 34.323833 34.524296 34.46766 34.389366 34.371456 34.365532 34.261738 34.34697 34.441242 34.45553 34.46581 34.353767 34.28058 34.18341 34.453075 34.564598 34.627747 34.643116 34.63778 34.6348 34.64668 34.55523 34.57803 34.491596 34.53786 34.492695 34.649105 34.706234 34.74663 34.757996 34.775276 34.747616 34.773327 34.694492 34.569492
33.438396 34.154037 34.23234 34.160122 34.142178 34.321747 34.352787 34.163643 34.1641 34.14603 34.394627 34.445145 34.319023 34.506622 34.608402 34.576443 34.579037 34.617504 34.563797 -32767.0 34.398724 34.430195 34.395325 34.413715 34.37412 34.60081 34.342426 34.35801 34.54116 34.471962 34.409245 34.375587 34.35039 34.380695 34.433743 34.43689 34.498116 34.312927 34.24656 34.169792 34.20285 34.272396 34.385105 34.51168 34.618206 34.64252 34.644005 34.65264 34.567745 34.594734 34.560246 34.595917 34.619183 34.62162 34.75797 34.73265 34.767784 34.752823 34.78966 34.79962 34.786476 34.745113
