static/data/seaWater_vo/2023/7/30/0.asc
ncols 137
nrows 93
xllcorner 108.0
yllcorner 17.0
cellsize 0.25
NODATA_value -32767
[rows 52 to 77 of 93, columns 58 to 115 of 137]
0.25701022 0.15667549 -0.09322515 0.10113833 0.18631479 0.19613317 0.056161575 0.15913899 0.2415129 0.21509874 0.13359058 0.13938664 0.27523378 0.6610818 0.8906344 0.6439154 0.555263 0.3438007 0.19934082 0.070714064 0.06935411 0.14080836 -0.0072915624 -0.07815069 -0.026123649 0.12621178 0.23445305 0.423381 0.37813047 0.36703074 0.33312118 0.44279265 0.43080032 0.28909838 0.08648423 -0.102182165 -0.24953525 -0.44999635 -0.5657252 -0.4951156 -0.50090027 -0.42407352 -0.2831757 -0.26157823 -0.18311314 -0.06563093 0.035077028 0.1334771 0.16217701 -0.14370689 -0.14327769 -0.030404713 -0.025229407 0.018080685 -0.03412614 -0.1337732 -0.12820953 -0.07834981
0.23187348 0.13611566 -0.029703151 0.029403487 0.10031638 0.04798661 0.04332476 0.07653931 0.15310368 0.15188259 0.17024215 0.21871519 0.4380917 0.7556305 0.746124 0.61669433 0.5386827 0.23297215 0.051173225 -0.03905247 0.12341592 0.11353885 0.025089074 -32767.0 -0.23854166 0.061056606 0.2692559 0.41529095 0.33788127 0.33352062 0.29745844 0.35552803 0.30389988 0.13748479 -0.030856537 -0.20180467 -0.38150018 -0.5066212 -0.48436052 -0.52335525 -0.48011416 -0.32808903 -0.2753759 -0.15066071 -0.0576206 0.022079576 0.08907388 0.15803577 0.13005203 0.11663668 -0.12849411 -0.21851696 -0.095310315 -0.02434469 -0.020878399 -0.090322785 -0.12724498 -0.122414455
0.10542323 0.08378441 0.06027032 0.04180518 -0.003919176 -0.0020290131 0.026889171 0.018098764 -0.0111402385 0.050246198 0.19858283 0.3834433 0.60922796 0.73441833 0.56439775 0.6406771 0.4418135 0.13997558 -0.059871078 0.0036428496 0.13119295 -0.01982735 -0.0325993 -0.0012249271 -0.09289506 -0.062490992 0.30146277 0.34227067 0.24883826 0.28376964 0.23039745 0.2451324 0.18426093 -0.0028760263 -0.16593216 -0.28896877 -0.38343877 -0.42217886 -0.5151928 -0.5295634 -0.38311318 -0.30831778 -0.14413965 -0.0470573 -0.01026844 0.0039354065 0.14494 0.30692074 0.2677056 0.20141645 0.13579838 -0.039288837 -0.26284406 -0.14787556 0.011209971 -0.11660345 -0.1872613 -0.15026228
0.1346466 0.21285662 0.18076964 0.13927095 0.042443547 -0.046751313 -0.01618454 -0.054117497 -0.05535191 0.14093873 0.41134423 0.63668627 0.6700292 0.51770526 0.5395861 0.52403975 0.2391143 0.030846914 -0.12511885 0.026073778 0.09475839 -32767.0 -0.06391872 0.07120736 0.0846854 0.054253392 0.18814796 0.2734121 0.15457045 0.23029162 0.19657902 0.14909126 0.037657563 -0.090020075 -0.21211447 -0.30477586 -0.3808754 -0.50559694 -0.53367764 -0.4649233 -0.38860366 -0.24588694 -0.11607726 -0.0029062456 0.041337077 0.05453684 0.19942614 0.33349508 0.33616257 0.24621263 0.28103423 0.25837228 -0.06802208 -0.29667377 -0.09857396 -0.12675543 -0.23802395 -0.10253893
0.72502184 0.58627015 0.29859737 0.19784129 0.0836108 0.09016424 0.060676742 0.015122766 0.051251337 0.24014072 0.44353938 0.50598484 0.3658392 0.4322528 0.47415566 0.3504868 0.13692948 -0.07573561 -0.16485785 -0.0068988847 0.14431551 0.1266645 0.13108923 0.14968407 0.16610207 0.10632188 0.025023397 0.08916283 0.06161719 0.16990142 0.1812591 0.08168044 -0.0322275 -0.12485759 -0.21607687 -0.3268954 -0.45626506 -0.510498 -0.49350348 -0.4350757 -0.25714132 -0.15535367 -0.030206919 0.13575402 0.15584603 0.15995729 0.24202076 0.36499542 0.391082 0.28843412 0.26091644 0.36694714 0.0806262 -0.30075264 -0.16246566 -0.21764675 -0.2691507 -0.107175566
1.0419872 0.6616348 0.28262395 0.08071768 0.05568942 0.07004131 0.22040962 0.26446426 0.18426281 0.17117538 0.22153953 0.17136906 0.3196838 0.3830997 0.3456776 0.29442596 0.060045272 -0.10606915 -0.2692035 0.017326716 0.248597 0.16804141 0.12453487 0.239366 0.22397794 0.10990034 -0.03507269 -0.07076854 -0.060105145 0.15553191 0.16293952 0.029477406 -0.073135436 -0.145308 -0.22511493 -0.39721164 -0.50588363 -0.5197014 -0.49260664 -0.3174251 -0.16577287 -0.035427373 0.06910252 0.20595817 0.2960406 0.27600998 0.2706592 0.36878547 0.4051915 0.36559212 0.22585338 0.3676609 0.21145396 -0.19388485 -0.20689441 -0.21514817 -0.23423883 -0.096144624
1.2992907 0.6684589 0.19988033 0.21301125 0.1872855 0.20119007 0.29937938 0.20247006 0.13208823 0.082561195 0.21038973 0.27571553 0.23098955 0.1845628 0.2736674 0.18741408 0.057628144 -0.10347077 -0.140034 0.11647272 0.24720825 0.15260404 0.24427749 0.29371032 0.24461944 -7.692809e-05 -0.2159196 -0.2941073 -0.1823579 0.16112721 0.13206092 0.05524272 -0.05371787 -0.16437939 -0.26946017 -0.44585657 -0.51217693 -0.50786847 -0.43453515 -0.22623645 -0.060758706 0.08854576 0.12415194 0.24463157 0.2995839 0.28131318 0.3238073 0.44951683 0.48477283 0.3668977 0.20334807 0.2422986 0.3061153 -0.0032021732 -0.15920888 -0.16618326 -0.14797008 -0.03614441
1.3785019 0.6701611 0.20994115 0.18558487 0.3106196 0.062118012 0.006642771 0.19626549 0.12498672 0.33955288 0.2825596 0.23961595 -0.19172545 0.30648896 0.24180394 0.17444563 0.12062191 0.0184736 0.050963994 0.14288436 0.1447437 0.24149682 0.26687226 0.15751155 0.15567651 -0.16308855 -0.3504236 -0.43285808 -0.10806832 0.13457066 0.06758413 0.11234715 -0.062184714 -0.11548782 -0.29880887 -0.48593307 -0.461245 -0.43845502 -0.3440222 -0.19989558 -0.0039085723 0.09825593 0.18838677 0.24176931 0.25811875 0.26724365 0.29540965 0.4399565 0.51932025 0.38591698 0.22986294 0.077297464 0.19989596 0.22515035 0.087141745 -0.023226462 -0.01794509 0.12248975
1.2191063 0.5327593 0.17148222 0.21620248 0.300058 0.19367011 -0.020763189 0.101663455 0.069171175 0.37362817 0.25882027 -0.022305194 -0.17083785 0.40586543 0.3392316 0.2087168 0.10890245 0.08406239 0.02837628 0.07072316 0.21573968 0.17290716 0.0311659 0.03708562 -0.018671593 -0.23152949 -0.40156493 -0.30047616 0.07228365 0.111953124 0.00586673 0.13384774 -0.013124707 -0.10034373 -0.24823849 -0.4390644 -0.44411764 -0.37886587 -0.32607478 -0.18148874 -0.03367422 0.09269663 0.19012895 0.15977564 0.25009984 0.26761281 0.27698782 0.4145199 0.51659197 0.3627298 0.3039046 0.105354235 0.034217216 0.18281586 0.34593847 0.16841474 0.08219851 0.09952022
0.75178874 0.26477388 0.14817698 0.19838801 0.3788867 0.45123023 -0.056548435 -0.11046293 0.10916827 0.28103286 0.2132414 -0.050959557 0.012218683 0.3025976 0.25234166 0.25007254 0.13009368 0.019751279 0.019114824 0.14913778 0.0423753 -0.03633075 -0.044055693 -0.10967815 -0.20126006 -0.32974678 -0.2693842 0.008971043 0.07869467 0.049165126 -0.038233705 0.06819543 0.048765916 -0.103897445 -0.21005489 -0.37899256 -0.3919069 -0.3253652 -0.26519376 -0.15002593 -0.04914286 0.06674732 0.13103709 0.20271607 0.29104728 0.34180495 0.28064954 0.31615996 0.42353186 0.28374875 0.3404804 0.17483191 0.072634585 0.1847902 0.44568315 0.18731308 0.06485577 0.030890068
0.19704527 0.16917391 0.02058415 0.28752658 0.31971282 0.12814914 -0.04017437 -0.1057044 0.17882182 0.28231442 0.069723874 0.03589831 0.09260216 0.1940928 0.12527868 0.21797036 0.201673 0.056466546 0.073949 -0.0462837 -0.038303353 -0.016035529 -0.12067831 -0.2384374 -0.343724 -0.26891804 0.0037460648 0.05854677 0.028708795 0.0433364 -0.059651755 -0.08195964 0.07966373 0.0049348543 -0.16853517 -0.29566467 -0.340851 -0.28960684 -0.18514015 -0.095204785 -0.008639986 0.06315715 0.1294924 0.2799618 0.3693662 0.36027545 0.28893316 0.23367782 0.24726975 0.13939185 0.3257143 0.2033808 0.16452718 0.33965316 0.4409601 0.12966493 0.0192475 0.01524638
0.3431852 0.19314946 0.086774886 0.22939536 0.17120957 0.17406318 -0.012774125 0.19593473 0.26962635 0.11712739 0.021017829 0.0279885 0.10689036 0.1622088 0.06665688 0.12714615 0.15035018 0.087532245 -0.06772453 -0.120112754 -0.05882523 -0.12729968 -0.23953713 -0.29522625 -0.23802958 -0.055198018 0.00053669716 0.021356225 0.016543498 0.022152891 0.009446638 -0.041952338 0.010403764 -0.04088988 -0.06951915 -0.1388722 -0.18155538 -0.16116631 -0.12810381 -0.04621789 0.021790009 0.15693125 0.2978565 0.38034865 0.38011062 0.30434623 0.25699836 0.17705925 0.1268717 -0.036800273 0.27296636 0.18424192 0.1154515 0.46975458 0.2904744 0.011061481 -0.032318365 -0.047947284
0.2816677 0.19730383 0.11290521 0.12688532 0.15332045 0.10143581 0.10286773 0.17619474 0.1626188 0.07723008 -0.010740566 -0.0063554295 0.060887396 0.092262976 -0.012417233 -0.009795946 0.041286517 -0.059926443 -0.15814398 -0.14598018 -0.16644455 -0.21282013 -0.19600038 -0.1202362 -0.057404354 -0.018714216 0.015924385 0.018382965 0.02243228 0.029839998 0.043904815 0.031202547 0.0025339336 -0.02062902 -0.05015272 -0.0857236 -0.077842996 -0.061894927 -0.033150975 0.014937007 0.07733071 0.18424481 0.27649957 0.27541152 0.25541687 0.1475075 0.11667999 0.12046834 0.07436251 -0.20477314 0.12471538 0.18397821 0.07330706 0.4510375 0.20906296 -0.029891295 -0.049032163 0.009560663
0.21394256 0.16375625 0.040575035 0.23113263 0.23213334 0.15708466 0.17413361 0.17952886 0.17462516 0.12129951 0.021057907 -0.026491556 0.01719696 -0.02660058 -0.1258022 -0.037961833 -0.08865305 -0.2237662 -0.1989678 -0.2542259 -0.26173422 -0.17202681 -0.10642506 -0.099792376 -0.032758355 0.04400598 0.057065964 0.058112312 0.0907915 0.07331176 0.027262134 0.053625405 0.08977719 0.054633413 0.017741723 0.012039342 0.004318284 0.04619282 0.08050741 0.07731659 0.046310503 0.07468695 0.16485767 0.2650898 0.23034057 0.122131474 0.0045887954 -0.07944619 0.09125055 -0.24282992 0.006736958 0.29703346 0.15195753 0.37865245 0.15971123 -0.037907034 -0.0885662 0.028310927
0.15167259 0.032790557 0.016652068 0.23838376 0.22501595 0.19938011 0.24934547 0.2997228 0.3127401 0.24111213 0.09070541 -0.069174685 -0.09434329 -0.12135511 -0.1591035 -0.12979527 -0.24800484 -0.32236567 -0.26985148 -0.3106307 -0.22007918 -0.16237028 -0.13615483 -0.074265614 -0.016840734 0.0486397 0.06349453 0.04531089 0.04263709 0.035645314 0.039079152 -0.0036073737 0.02017116 0.05600095 0.09276752 0.095903166 0.09235323 0.023163332 0.06378091 0.07467407 -0.0011192224 0.050940495 0.19985221 0.3141771 0.23494774 0.19874103 0.07967647 -0.06593318 -0.09003775 -0.17574547 -0.12363791 0.33905324 0.24525341 0.3091852 0.08951985 -0.0841665 0.01225253 0.022080515
-0.09473468 -0.1341016 -0.012320638 0.15472049 0.24409379 0.28404114 0.34647828 0.39885816 0.4511006 0.39613917 0.18744294 -0.09334922 -0.22441696 -0.22263382 -0.13215101 -0.20959564 -0.36081928 -0.35998407 -0.38925225 -0.32193285 -0.24020046 -0.15773153 -0.09358783 -0.060230684 -0.000774297 0.079749554 0.0907188 0.042960513 -0.04269796 -0.06746452 -0.0005684854 -0.017041573 -0.022670941 0.031216437 0.06016475 0.117948666 0.13781844 0.06110108 -0.022573581 0.020061893 -0.04859209 0.0014856817 0.22113025 0.42103633 0.36489502 0.2782144 0.2832227 0.13749233 -0.09076253 -0.19762506 -0.14363708 0.17389916 0.26430294 0.23547205 -0.017266665 -0.061835367 0.10077881 0.03135038
-0.13696627 -0.1853818 0.0706118 0.16704376 0.19077453 0.24774694 0.32649466 0.41675916 0.5405466 0.5823325 0.18305406 -0.16661635 -0.30283013 -0.2800223 -0.15671945 -0.25925624 -0.36080545 -0.4162486 -0.4240816 -0.29831296 -0.1922009 -0.110745445 -0.0449316 -0.041404143 0.0023290778 0.08121048 0.13349767 0.06579131 -0.026934037 -0.08303413 -0.10582793 -0.051420745 -0.09725715 -0.01759337 0.08146981 0.07760111 0.14833505 0.06208569 -0.02890451 0.005697216 -0.09309786 -0.05620607 0.14320362 0.48819488 0.5098551 0.4079687 0.51647276 0.34526983 0.05918149 -0.15271829 -0.21067837 -0.033472296 0.07671837 0.08550864 -0.14878935 0.09497789 0.13198048 0.09950671
-0.16569133 -0.11880531 0.19887273 0.3286021 0.28854644 0.25067994 0.3215688 0.3870026 0.51971626 0.4539575 0.03445816 -0.249308 -0.3547475 -0.20932949 -0.17428173 -0.26415825 -0.40247023 -0.5212979 -0.4068781 -0.34755328 -0.26864117 -0.09830914 0.08700547 0.10051378 0.016615955 0.13044819 0.22169545 0.23233265 0.13385926 -0.0921601 -0.13729182 -0.10409278 -0.0988591 -0.11837907 0.06808487 0.019335859 0.10810346 0.07701559 0.007934944 -0.012423983 -0.017529318 0.0022387526 0.088200875 0.4632489 0.6183622 0.45584333 0.6230294 0.457799 0.18492849 -0.051361416 -0.19818114 -0.15819179 -0.08296742 -0.07431889 -0.17478028 0.1407022 0.13651761 0.12308943
0.11105049 0.120439574 0.33982608 0.5040479 0.38702637 0.3324984 0.31849885 0.40595368 0.79455143 0.19367331 -0.13865995 -0.3682695 -0.3748173 -0.12129698 -0.20947191 -0.27995437 -0.4771589 -0.50296056 -0.44517758 -0.441789 -0.28642878 -0.026708597 0.1468091 0.25310385 0.13724 0.01922673 0.20465964 0.29338944 0.20342143 0.028050425 -0.13622105 -0.09982519 -0.13252275 -0.086661056 0.029842086 -0.022833286 0.062124413 0.085415244 0.05554025 0.04070534 -0.008334573 0.024935411 0.117347784 0.43449762 0.59546214 0.4674592 0.62798697 0.5202922 0.2603683 -0.0121441 -0.18365918 -0.21676603 -0.022270901 -0.14760935 -0.13601278 0.11202232 0.16755222 0.16875137
0.5252205 0.25683308 0.087228574 0.37701875 0.39731157 0.37654662 0.42299995 0.80275506 0.4704723 0.06215525 -0.18963993 -0.45410192 -0.32696924 -0.11982566 -0.23742372 -0.30184442 -0.5267624 -0.41717368 -0.4131185 -0.4002054 -0.2020687 0.11000933 0.17861754 0.26006824 0.20662622 -0.01556444 0.0932096 0.36656073 0.34416232 0.04586126 -0.17734306 -0.15564772 -0.11604309 -0.03763882 -0.020721799 -0.079575635 -0.013399755 0.072582535 0.05485166 0.059513286 0.016381804 0.07747974 0.33657467 0.53221023 0.54218036 0.41926557 0.58865565 0.5266864 0.29217204 -0.024524305 -0.23906386 -0.2704587 0.083427384 -0.12597068 -0.030266548 0.20080987 0.14455633 0.2071771
0.32612598 0.16608259 0.111499414 0.28195313 0.49482423 0.5047213 0.4541315 0.7197096 0.14164807 0.09906398 -0.28463867 -0.4958402 -0.24794981 -0.12228347 -0.22190379 -0.31046948 -0.47657177 -0.42337444 -0.3581475 -0.28038508 -0.10519828 0.06685055 0.15571588 0.25698477 0.16633464 0.047636904 -0.017231483 0.3229389 0.38190696 0.0101013575 -0.25406742 -0.1933719 -0.021747792 -0.02716226 -0.067882285 -0.06614279 -0.082544096 0.01664576 0.040870745 0.007040818 0.06214648 0.23260818 0.50762165 0.562245 0.44403446 0.37734333 0.5441506 0.4725778 0.260633 -0.039091118 -0.2448928 -0.18916824 0.109541826 -0.09664136 -0.010650161 0.30570847 0.1638684 0.17939492
0.2628451 0.23927315 0.36332616 0.47485173 0.54413736 0.48850557 0.39729133 0.44019145 0.03591645 0.07647295 -0.37180343 -0.5052577 -0.18720235 -0.12874985 -0.15559967 -0.25424376 -0.32218975 -0.34976175 -0.27374494 -0.13222398 0.011420681 0.105014116 0.16424534 0.14678533 0.08190823 0.040243797 0.08626852 0.32685435 0.251692 -0.10475526 -0.39782 -0.25152808 -0.04305405 -0.021073697 0.01510029 -0.00032911912 -0.0041397274 -0.011383424 0.016140558 -0.040404852 0.02994329 0.3743001 0.54861367 0.5064818 0.31161112 0.2869178 0.52304065 0.46207628 0.21946022 0.015587531 -0.12553026 -0.08980557 0.05149626 -0.1094968 0.044490237 0.30561355 0.22411822 0.19887696
0.24335676 0.51240283 0.56317806 0.55408776 0.52705795 0.44150412 0.31344444 0.14634852 0.07007399 0.020055003 -0.46253848 -0.53770894 -0.23218727 -0.11856876 -0.103994966 -0.14080586 -0.1566353 -0.14184041 -0.07770821 0.01923122 0.13348031 0.2508637 0.32048377 0.29303142 0.21034123 0.16329041 0.16259399 0.14540501 -0.0031323296 -0.20253019 -0.5278348 -0.3578472 -0.14130865 0.033412788 0.08129164 0.106840506 0.031650763 -0.0042943135 0.013978268 -0.062409397 -0.06437582 0.30210286 0.52445555 0.4266883 0.26454005 0.1988686 0.4747274 0.48101178 0.23533739 0.06818533 -0.033434175 -0.020964626 -0.041887365 -0.101070516 0.24024662 0.31905758 0.27271944 0.3430529
0.5660865 0.6586204 0.59430605 0.5264353 0.49312028 0.4041175 0.2736347 0.12491591 0.06215007 -0.12868242 -0.5831905 -0.58118176 -0.26121658 -0.12345758 -0.00078615075 0.027322019 0.07510544 0.1745818 0.26769733 0.332142 0.3427716 0.29717326 0.21393374 0.16160756 0.11288735 0.042763226 0.050675213 0.019447336 -0.01215748 -0.18903923 -0.58728516 -0.46872717 -0.20483944 0.031916153 0.15367791 0.1621737 0.08327174 0.0104092555 -0.019119786 -0.10450643 -0.13909492 0.16706654 0.49377164 0.3753264 0.22453266 0.073893584 0.33652174 0.45223176 0.2718482 0.12736875 0.030754333 -0.040140543 -0.04227361 0.16879414 0.3677698 0.4669927 0.545688 0.5945004
0.5785619 0.5865104 0.46585712 0.42039227 0.45390347 0.43100327 0.31954205 0.17173648 0.05012085 -0.27664986 -0.70228136 -0.5834008 -0.22398382 -0.00822773 0.23363268 0.26972207 0.29004398 0.3118294 0.2964264 0.13913344 0.06875804 0.15038261 0.16647756 0.13867319 0.11395296 0.08830421 0.068107955 -0.010456182 -0.043222535 -0.24978556 -0.53920084 -0.47815356 -0.18499881 0.03226918 0.13646825 0.13218027 0.08465319 -0.034122497 -0.05800599 -0.14294097 -0.21578819 0.03915244 0.40286624 0.2981916 0.16470754 0.07197302 0.20039056 0.32811606 0.25544918 0.13264965 0.09354007 0.1055174 0.21647154 0.40886533 0.5791176 0.59518373 0.59234834 0.62052053
0.5984455 0.41766042 0.32343212 0.33834583 0.4103925 0.49488702 0.3747282 0.19311905 -0.019440092 -0.35068637 -0.7312415 -0.56287795 -0.18177313 0.29143387 0.35059217 0.34289396 0.3456497 0.20554958 -0.05333278 0.05979755 0.14897153 0.21263804 0.1309178 0.12550522 0.12433046 0.049440324 0.0009771492 -0.025334405 -0.003668239 -0.20555112 -0.3937462 -0.33868206 -0.14801683 -0.011594707 0.008692222 0.024566106 -0.035379693 -0.060076363 -0.13675939 -0.21073708 -0.25351873 -0.057309072 0.2697373 0.24601161 -0.004292152 0.1433747 0.21737489 0.17849712 0.18493406 0.21899676 0.1964264 0.25623345 0.45334747 0.609581 0.5702659 0.55520093 0.6028168 0.6309038
