static/data/seaWater_vo/2023/7/30/18.asc
ncols 137
nrows 93
xllcorner 108.0
yllcorner 17.0
cellsize 0.25
NODATA_value -32767
[rows 52 to 77 of 93, columns 58 to 115 of 137]
0.2045889 0.16053855 -0.11510317 0.11137852 0.21332584 0.21930918 0.073804624 0.16358894 0.38445795 0.23040469 0.10277763 0.067131564 0.23400298 0.6418913 0.8093143 0.57613516 0.51440257 0.25421277 0.05180312 -0.025942462 0.071960114 0.12398539 0.018575996 -0.033917952 0.020315602 0.22564942 0.43431142 0.60638654 0.53935057 0.5704483 0.6046298 0.6239787 0.52728117 0.3019272 0.14083253 0.023790611 -0.0808622 -0.24066743 -0.3884691 -0.32849127 -0.31836024 -0.24130876 -0.12069555 -0.03726898 0.030625943 0.14707343 0.3008297 0.3866133 0.2075752 -0.07504636 -0.021811934 -0.005265562 0.03915445 0.050991833 0.019371161 0.021841725 0.0674561 0.08171917
0.05403153 0.13411723 -0.017460467 0.059613023 0.1582116 0.14149079 0.16647458 0.17339112 0.21441728 0.10562508 0.13610837 0.17758806 0.4140776 0.71895427 0.7065315 0.51693493 0.49427846 0.16838278 -0.06689388 -0.13760427 0.14061584 0.10775718 0.024081852 -32767.0 -0.14480835 0.11694592 0.5117023 0.536907 0.4602961 0.4914945 0.5252631 0.5118508 0.41158426 0.24813621 0.08127543 -0.08148475 -0.24731924 -0.3474051 -0.32779294 -0.36459026 -0.27337873 -0.16324468 -0.09724085 -0.02267592 0.10028808 0.17082672 0.37652934 0.46689117 0.35547403 0.24725503 -0.011152019 -0.071559936 0.019878672 0.11175399 0.091949016 0.08022138 0.15579355 0.10396293
0.02738069 -0.014061252 0.010153801 0.046363655 0.016393265 0.034362435 0.11303621 0.16334207 0.11600302 0.12811884 0.18918265 0.3570039 0.6309514 0.7812443 0.51171637 0.51358 0.370382 0.07969785 -0.10280106 -0.07269935 0.071399376 0.008743214 -0.027916927 0.04312778 0.010042147 0.050860513 0.4063228 0.4463021 0.36970496 0.4087789 0.42378223 0.3878036 0.26988116 0.1344444 -0.009507417 -0.14771084 -0.23416753 -0.265736 -0.36648527 -0.33945668 -0.23049362 -0.082653336 0.089616954 0.18205553 0.16987662 0.22299033 0.40789294 0.46594593 0.35964528 0.36024943 0.2981776 0.099816106 -0.15251014 -0.049210466 0.11826653 0.061844043 0.107687265 0.144438
0.049208187 0.101883546 0.07075662 0.086221956 0.053439405 0.05573705 0.09567872 0.012207441 -0.01260898 0.1755667 0.44235957 0.6467559 0.75778806 0.5436211 0.45252746 0.3910192 0.15231326 -0.05815964 -0.18193991 0.008670846 0.058566943 -32767.0 -0.07411498 0.12701136 0.15050168 0.10764851 0.19859566 0.34327218 0.28881672 0.3276166 0.29156354 0.2676666 0.16940016 0.061057728 -0.016895905 -0.096286 -0.1713533 -0.309964 -0.31580448 -0.22341079 -0.06275767 0.13145153 0.22526427 0.2780902 0.26396456 0.29232207 0.44057962 0.44058347 0.34080634 0.31503642 0.41175422 0.29949227 -9.562695e-05 -0.28090346 0.0151077695 0.09605267 0.071007036 0.18849863
0.81122 0.6403863 0.24262765 0.103732914 0.054664154 0.08639947 0.16501936 0.15134992 0.24025969 0.3979728 0.5132806 0.5841747 0.3885258 0.37002507 0.38281718 0.26811135 0.049941707 -0.26988158 -0.24584787 0.04897242 0.17212638 0.0534389 0.05604212 0.1373341 0.15361412 0.08590407 0.026420172 0.084804885 0.18181884 0.22278075 0.17151484 0.14655322 0.116672486 0.033807714 -0.020094786 -0.1171126 -0.27194536 -0.31164065 -0.25072923 -0.12934913 0.0026557974 0.23411195 0.41196647 0.39570084 0.3510997 0.36762887 0.43129054 0.4794264 0.4415675 0.3315235 0.44437614 0.43693617 0.10079671 -0.26906243 -0.08145459 0.10549475 0.047282618 0.1637117
1.0429157 0.6613695 0.30315462 0.13548689 0.061742447 0.101605766 0.13386075 0.41982776 0.41385612 0.37193918 0.32466394 0.21839851 0.336141 0.31328544 0.33812463 0.21572775 0.0031444652 -0.26726842 -0.32653415 -0.06683753 0.23238793 0.13745442 0.07721875 0.20779784 0.16757388 0.06490038 -0.09885163 -0.1271696 0.04603431 0.1512011 0.11029794 0.0421539 0.024259072 0.0042742062 -0.11026786 -0.22804825 -0.28134382 -0.2752891 -0.22596616 -0.14911978 0.028486498 0.24409792 0.40402865 0.48720282 0.45183906 0.4121456 0.4604046 0.52836597 0.49349362 0.3829059 0.41405857 0.49518636 0.20698355 -0.20931605 -0.0889103 0.09531704 0.08406653 0.14323474
1.2152398 0.78964555 0.26039004 0.23654807 0.19624026 0.19797036 0.26677546 0.16215478 0.20051898 0.24403772 0.36887488 0.33865497 0.20253403 0.25127545 0.21612355 0.13267791 0.044867434 -0.09059061 -0.19715567 -0.03681285 0.19771233 0.09701209 0.123986915 0.25263977 0.16460364 0.08517434 -0.20283194 -0.32896015 -0.040715184 0.116654344 0.08633032 -0.05721802 -0.05552558 -0.08296484 -0.20766999 -0.32432655 -0.3242951 -0.27067044 -0.23053706 -0.099188134 0.11857779 0.30341524 0.43272388 0.46021286 0.4825639 0.4513245 0.47441518 0.5492238 0.53137296 0.3938414 0.29269743 0.43799156 0.40546885 0.034885615 -0.07159224 0.010966179 0.11803936 0.21482041
1.276324 0.76443636 0.2953072 0.20142621 0.38473073 0.26028106 -0.0006450311 0.10094476 0.14096206 0.39106008 0.34592924 0.23558928 -0.17196155 0.3051558 0.25883082 0.18296126 0.08626979 -0.048335195 -0.052613366 0.0093735 0.020904273 0.11778386 0.22640379 0.05752775 0.1771077 -0.031753343 -0.30719948 -0.40798503 -0.0024879214 0.08991925 0.033887718 -0.027838461 -0.11051301 -0.15978765 -0.2622317 -0.33969605 -0.32215023 -0.27005914 -0.20749946 -0.047791887 0.1346814 0.31074938 0.41620514 0.4198139 0.50500983 0.5127634 0.52036816 0.5883831 0.5887564 0.4277216 0.30058157 0.25044116 0.37236255 0.40188795 0.17147565 0.04670995 0.08458653 0.2511891
1.2008916 0.4544635 0.30899987 0.16759683 0.38232967 0.3138125 0.08407457 0.07538227 0.08623248 0.41104013 0.3763048 0.05381677 -0.13441612 0.38986653 0.28719676 0.24787927 0.11772062 0.04125669 -0.03996444 -0.016813561 0.16507848 0.13332234 -0.0145657975 -0.028043812 -0.004884963 -0.2140536 -0.35256138 -0.19157577 0.10888837 0.05879625 -0.0057873684 0.0707277 -0.094909735 -0.16055846 -0.26683253 -0.33425155 -0.2833364 -0.17112952 -0.09152741 0.01205248 0.16953892 0.30060878 0.4438339 0.39286718 0.47897616 0.56439227 0.55479634 0.5700109 0.6030992 0.44656205 0.3791349 0.212369 0.22030255 0.36041397 0.45531997 0.20966382 0.13885604 0.14955841
0.8170413 0.48930046 0.34706417 0.25381085 0.48319757 0.57637095 0.027131578 -0.0047218557 0.08787646 0.41793844 0.36499017 0.08738432 0.034560755 0.29162806 0.19897695 0.20857377 0.20631747 0.030591903 -0.014730791 0.17163527 0.05995443 -0.022081293 -0.101797156 -0.16187906 -0.2038966 -0.26858026 -0.11996118 0.081882134 0.0913795 0.012968235 -0.060081877 0.117090136 -0.033364326 -0.106938705 -0.1878075 -0.27758422 -0.22596125 -0.11996636 -0.041751172 0.08858344 0.25667068 0.3602693 0.3923758 0.42119986 0.50182694 0.5597987 0.50461674 0.44731614 0.46789724 0.3965447 0.4556126 0.3272004 0.21775204 0.3423408 0.53231007 0.20720436 0.10005022 0.09669599
0.50313205 0.49618506 0.17164294 0.3376247 0.50628793 0.19180782 0.041083038 -0.009643301 0.20807222 0.40194997 0.21019073 0.13072565 0.15160643 0.1811172 0.14693484 0.08909387 0.18669076 0.15034589 0.1483301 -0.012958266 -0.053018644 -0.07942811 -0.15495251 -0.24339353 -0.255811 -0.08710036 0.10799627 0.11219536 0.092418276 0.025434783 -0.07155671 0.06848246 0.09761521 -0.010553668 -0.100490496 -0.15897089 -0.1655289 -0.078906 0.014349262 0.15794972 0.26777303 0.33633772 0.42146385 0.5028898 0.6081737 0.5609477 0.46546838 0.40552682 0.35164437 0.280173 0.4250894 0.37286845 0.28269112 0.46288568 0.428745 0.14677367 0.08066302 0.10418015
0.40544847 0.35102442 0.13954228 0.33095703 0.3586509 0.36882666 0.1997991 0.32896635 0.43051174 0.29286835 0.13096027 0.100550294 0.1481729 0.16104604 0.13461745 0.040681608 0.16724548 0.17209435 -0.031835843 -0.088046305 -0.087920845 -0.18948443 -0.24617623 -0.26677936 -0.10887601 0.02058794 0.07635171 0.09638319 0.091313444 0.07241415 0.0012342307 5.401617e-05 0.022719134 0.024602944 -0.02671932 -0.06944768 -0.031691268 0.044724893 0.10627717 0.18875039 0.27090046 0.35974562 0.5158766 0.65553117 0.6305905 0.54808474 0.44839966 0.40195778 0.3366197 0.15882169 0.37142622 0.3846777 0.2521901 0.56499714 0.3291168 0.12876093 0.05866389 0.10004105
0.39362735 0.29672936 0.2035284 0.37138444 0.46016532 0.37138185 0.36347455 0.37560242 0.3469999 0.25107938 0.14829077 0.114459686 0.13881163 0.15283442 0.08252024 -0.001471662 0.13486236 -0.028297383 -0.18590304 -0.17763394 -0.22852677 -0.27478185 -0.23823999 -0.13422574 -0.08335024 -0.0019084966 0.047315463 0.0747398 0.11546642 0.16551995 0.16574478 0.14718066 0.11190217 0.067866795 0.042556383 0.034021765 0.06846587 0.13815357 0.22069155 0.26592076 0.33611536 0.4495094 0.55820507 0.6085249 0.6105985 0.5021717 0.36138177 0.357911 0.41102102 0.10767666 0.3145122 0.38089463 0.29144847 0.52472025 0.26385826 0.11475752 0.039936196 0.12235186
0.3630964 0.18962386 0.15176873 0.3286793 0.31413153 0.28000838 0.33852813 0.39561063 0.4052571 0.35330042 0.22806443 0.1346186 0.11367482 0.056988515 -0.008347948 0.024463205 -0.0018706619 -0.20037997 -0.24974585 -0.31725758 -0.3247724 -0.23244353 -0.18275666 -0.15503548 -0.053291995 0.029310886 0.050482094 0.08081071 0.120307006 0.12095583 0.16188098 0.20591994 0.17204124 0.16004696 0.17431703 0.21273148 0.22057942 0.27546236 0.354944 0.37792593 0.40262693 0.4238614 0.52886367 0.60996544 0.5787144 0.5394296 0.38893434 0.24897951 0.33625773 0.09790913 0.22556305 0.42002568 0.28009644 0.39713767 0.17421916 0.06828168 0.07253813 0.10870658
-0.05577224 -0.014341527 0.07469741 0.15056056 0.14256646 0.17201427 0.2711024 0.49469393 0.5740035 0.473291 0.3086106 0.09032804 0.020085186 -0.017766984 -0.08550388 0.042699467 -0.15132312 -0.2617721 -0.3265757 -0.3509653 -0.22589639 -0.2106889 -0.20083508 -0.07811043 0.044582494 0.09763844 0.10255847 0.08358089 0.07774278 0.12005884 0.1183202 0.11969968 0.15174112 0.160385 0.19169867 0.30634794 0.31372613 0.254764 0.34927166 0.34373358 0.32398003 0.35805088 0.53759056 0.6497675 0.6173945 0.56444764 0.4858176 0.30430314 0.17691272 0.10786127 0.052555855 0.41369092 0.36995044 0.2908327 0.10025033 0.011266413 0.06874368 0.040792495
-0.25694752 -0.2031092 -0.06961863 0.057036046 0.09467655 0.14963764 0.30848885 0.45232564 0.59930694 0.63211364 0.2514142 0.02925952 -0.07227848 -0.112498954 0.0859486 -0.041064717 -0.26223627 -0.31013626 -0.38818762 -0.32808548 -0.22392727 -0.11796358 -0.0135617675 0.06296291 0.118904896 0.1568288 0.18597248 0.15768746 0.09863758 0.03436024 0.100379094 0.09284932 0.0908431 0.16893324 0.22852989 0.30503464 0.3907729 0.3231012 0.3059202 0.2631843 0.19089705 0.2428292 0.45961607 0.7266149 0.7059407 0.63757735 0.6456364 0.43988684 0.18074042 0.030615086 -0.01263635 0.16830239 0.34224743 0.21583268 -0.020057289 0.025409663 0.026197063 -0.017098352
-0.06929419 -0.1677069 0.046752993 0.18812351 0.17085652 0.19592609 0.28165916 0.39374295 0.5392708 0.60631573 0.1383743 -0.076859556 -0.16382904 -0.028609348 0.050435163 -0.15361795 -0.28081003 -0.39449114 -0.3821571 -0.24225749 -0.09189794 0.023979664 0.093145356 0.100584075 0.14636838 0.2643469 0.31403902 0.31329313 0.16098784 0.034584723 -0.019205885 0.06892676 0.043045145 0.09156662 0.24749576 0.26682088 0.41259432 0.3565255 0.24170473 0.21734813 0.1682646 0.2057598 0.4006677 0.69055325 0.8176177 0.6480093 0.71100813 0.5731879 0.2856498 0.030803567 -0.057498503 0.0024829 0.15731898 0.08517326 -0.13075894 0.04586377 -0.037089348 -0.06468526
0.031623583 -0.015238824 0.14844698 0.33094043 0.32793415 0.23376523 0.28355044 0.4285614 0.67118996 0.35029638 -0.06928197 -0.22525346 -0.22098175 0.059234425 -0.039346583 -0.20980138 -0.33844325 -0.40033472 -0.29732224 -0.22017822 -0.14217855 0.038459424 0.18252827 0.21303985 0.19530545 0.25538793 0.36588714 0.36603552 0.21463925 0.03172487 -0.046789587 0.01745575 0.08652451 0.09441164 0.2646303 0.24309 0.35000303 0.3364066 0.2440428 0.2260791 0.2520525 0.30140495 0.39663246 0.68432873 0.8502323 0.6924129 0.7471803 0.61654854 0.36032334 0.11238742 -0.1056171 -0.10669661 -0.03166875 -0.022983849 -0.20886074 0.0015334605 -0.029987304 -0.040809434
0.35179847 0.19231741 0.14229307 0.16534151 0.24319781 0.17506728 0.18723685 0.30247626 0.6268021 0.05447149 -0.2746314 -0.37207815 -0.1796479 0.009384579 -0.052423917 -0.22283609 -0.39665613 -0.36370093 -0.32296842 -0.30628097 -0.16802163 0.06548529 0.21930803 0.3287226 0.27481088 0.18153842 0.30727112 0.38824505 0.28527424 0.06403735 -0.026475066 0.014982231 0.047656074 0.10713403 0.22082222 0.15702067 0.24103807 0.31963396 0.3249498 0.31642967 0.2667871 0.36458674 0.5672516 0.8217347 0.82780623 0.663082 0.7463734 0.62105256 0.40078807 0.114533484 -0.086605184 -0.14958759 -0.07102469 -0.12385713 -0.18455277 -0.0050760387 -0.017046453 0.0044435216
0.28441787 0.30786896 0.008245258 0.04632603 0.08974086 0.20441452 0.18786855 0.41037068 0.17797293 -0.08609279 -0.35173237 -0.4601749 -0.14899614 -0.08465895 -0.11531953 -0.28104907 -0.40265232 -0.32795542 -0.3394593 -0.29186806 -0.12299341 0.1870007 0.27949008 0.31104732 0.3023073 0.118079 0.074908234 0.3613044 0.36057895 0.056677 -0.098731175 -0.05540894 0.0016109693 0.032265164 0.11141752 0.030042473 0.10516594 0.25828496 0.29106835 0.33290154 0.36623725 0.58782756 0.82306284 0.88220346 0.77077025 0.64162934 0.737995 0.59364086 0.37832928 0.0740827 -0.1439928 -0.20030923 0.02145541 -0.19492649 -0.1822375 0.045233447 -0.03684013 -0.017950395
0.23089978 0.26017094 0.124173515 0.0878784 0.17915224 0.15431671 0.13112035 0.26968727 -0.046138324 -0.090340704 -0.44614038 -0.45661145 -0.14747599 -0.13460854 -0.13272657 -0.24503669 -0.31715205 -0.22751127 -0.2201667 -0.13992009 0.06720901 0.27196673 0.3301073 0.29930952 0.2529149 0.13337758 0.00946707 0.19195206 0.34854162 0.042572238 -0.26764318 -0.16032992 -0.031708654 -0.011821062 -0.010519203 -0.04259641 0.015331542 0.17027836 0.25964147 0.2950617 0.44580606 0.8130346 0.9915169 0.89635944 0.68414146 0.62159 0.7381337 0.5696855 0.34719044 0.008993268 -0.1971719 -0.14158013 0.04577328 -0.20410235 -0.18254426 0.1264932 0.021962564 -0.04124304
0.026134478 0.30678847 0.32864213 0.22389159 0.165731 0.0957538 0.038107965 0.07844227 -0.1377741 -0.16515641 -0.55039394 -0.44902992 -0.14451054 -0.1418761 -0.15802944 -0.1508773 -0.20718952 -0.14828303 -0.07020139 0.055146016 0.21586414 0.31467077 0.37143674 0.3245184 0.22144778 0.08076929 0.052330673 0.18602721 0.26154768 -0.06855665 -0.4402869 -0.3205644 -0.0914028 -0.07184822 -0.06305366 -0.048339695 -0.016619325 0.07455149 0.20646963 0.35176966 0.62666327 1.0296422 1.1419562 0.8806473 0.6632432 0.58853114 0.7409067 0.53274906 0.30353653 0.02715126 -0.14329173 -0.09643508 -0.018583462 -0.19545294 -0.17522384 0.12355438 0.035233587 0.017823199
0.009070698 0.5054839 0.3104631 0.22336268 0.13015804 0.031624015 -0.07791464 -0.15405269 -0.18438381 -0.23321678 -0.63413566 -0.42210892 -0.19020995 -0.08977818 -0.10205353 -0.0959898 -0.0748848 -0.0393691 0.069399476 0.2337498 0.36581865 0.42211828 0.3860797 0.30255783 0.17533845 0.08412286 0.06960092 0.10521338 0.007033758 -0.2148882 -0.5941524 -0.5058009 -0.2557054 -0.14718136 -0.07417069 -0.039000362 -0.08139791 -0.029410087 0.19492951 0.37861487 0.695128 1.1896391 1.2391422 0.8715246 0.64445275 0.5345106 0.6575652 0.4980892 0.26845536 0.060790624 -0.09083851 -0.11805479 -0.17034334 -0.25825 -0.044444337 0.111858726 0.10742273 0.115397125
0.3145371 0.31365302 0.2183144 0.14568403 0.091748394 0.015305307 -0.034797993 -0.13409868 -0.22455533 -0.39297304 -0.74143046 -0.48045933 -0.22682379 -0.047689613 0.08018141 0.1670989 0.20561437 0.2527344 0.29846865 0.3156619 0.33668873 0.34670204 0.29597515 0.22116016 0.16126533 0.09475705 0.044813044 -0.0078099463 -0.1310634 -0.3047048 -0.67897266 -0.6501831 -0.39351034 -0.19343059 -0.05088826 -0.062184066 -0.14229266 -0.0513365 0.14797553 0.29585657 0.5760347 1.0992076 1.2468082 0.8243457 0.6201537 0.45547506 0.5303997 0.38542938 0.21845198 0.03675654 -0.07795161 -0.19542928 -0.21530375 -0.08331767 0.1353901 0.22595602 0.24043125 0.21205455
0.297487 0.15691099 0.17714079 0.25301653 0.25390053 0.14085181 0.0087844 -0.1581237 -0.29647812 -0.5446956 -0.8440669 -0.5080631 -0.21134405 0.13716067 0.26868555 0.26328814 0.26446372 0.25755236 0.2547319 0.2294751 0.1936313 0.26473087 0.2776704 0.18750472 0.13685414 0.08428779 0.013812687 -0.054765124 -0.16767891 -0.40523684 -0.69092834 -0.72536886 -0.4113616 -0.18410516 -0.08335241 -0.116034925 -0.19465815 -0.16799317 0.03036435 0.16109033 0.31514564 0.7981009 1.0631547 0.80360687 0.48152107 0.43472645 0.4179798 0.24583967 0.100912906 -0.033822615 -0.104026146 -0.16051142 -0.072518945 0.07978489 0.22725987 0.2133124 0.20762023 0.3051059
0.16131583 0.1942923 0.247238 0.28234208 0.3312255 0.23515718 0.11396412 -0.13374577 -0.34035373 -0.6650589 -0.8860322 -0.4746891 -0.017165361 0.37234747 0.3219189 0.3332784 0.27373797 0.1953211 0.06958355 0.22113313 0.2784444 0.26664144 0.18492344 0.17341332 0.11629199 0.06338089 -0.06389178 -0.1222901 -0.17478332 -0.32226077 -0.60506445 -0.7111102 -0.44003788 -0.270937 -0.25361392 -0.20783146 -0.3371582 -0.30845895 -0.09362629 0.05376176 0.1695048 0.4612376 0.72884387 0.7795752 0.37503645 0.27741006 0.3323936 0.20943594 -0.015247671 -0.1055236 -0.15734026 -0.14920554 0.022646045 0.18198466 0.11321026 0.1564947 0.29458672 0.34982088
