static/data/seaWater_vo/2023/7/30/6.asc
ncols 137
nrows 93
xllcorner 108.0
yllcorner 17.0
cellsize 0.25
NODATA_value -32767
[rows 0 to 25 of 93, columns 58 to 115 of 137]
-32767.0 -32767.0 -32767.0 -32767.0 -32767.0 -32767.0 -32767.0 -32767.0 -32767.0 -32767.0 -32767.0 -32767.0 -32767.0 -32767.0 -32767.0 -32767.0 -32767.0 -32767.0 -32767.0 -32767.0 -32767.0 -32767.0 -0.09630904 -0.08499376 -0.17596233 -0.060513385 0.19106986 0.2127957 0.08899146 -0.0064006057 -0.07087957 -0.028356276 -0.017321466 0.005073742 -0.036513284 -0.03873536 0.015980078 0.10366104 0.08596723 0.03378836 0.11221398 0.09902708 0.12945306 0.34737635 0.33529872 -0.0036693164 -0.24046639 -0.038648456 -0.09565822 -0.15663576 -0.11442365 -0.100017235 -0.026800701 0.014514551 0.15942669 0.09788962 -0.02328158 -0.03578284
-32767.0 -32767.0 -32767.0 0.009074748 -0.018661588 0.006469301 0.019611914 0.03848441 0.031352993 0.042068817 -32767.0 -32767.0 -32767.0 -32767.0 -32767.0 -32767.0 -32767.0 -32767.0 -32767.0 -32767.0 -32767.0 0.09621046 -0.09205238 -0.20477426 -0.0691585 0.030207478 0.21768548 0.06133627 0.028649103 -0.028726224 -0.104049824 -0.109512866 -0.16773011 -0.19498524 -0.18330996 -0.20610176 -0.1807455 0.0015121417 0.11153076 0.06250423 0.15923072 0.21042645 0.2693109 0.32275394 0.116840854 -0.26344082 -0.124160215 0.18290548 0.12596886 -0.077123314 0.029176857 0.16791299 0.15508816 0.18474643 0.19855718 0.059133407 -0.06778808 0.0857134
-32767.0 -0.014388579 -32767.0 0.015493028 0.022264026 0.008411621 0.052793976 0.062925845 0.103319 0.047597554 0.06683403 -0.012326058 -32767.0 -32767.0 -32767.0 -32767.0 -32767.0 -32767.0 -32767.0 -32767.0 -32767.0 0.1520389 -0.11481155 -0.42029694 -0.12750117 0.02477483 -0.0543625 -0.1066578 -0.10520635 -0.07281024 -0.07540649 -0.10412283 -0.101928845 -0.28107706 -0.34750348 -0.4054374 -0.16563593 -0.07181721 -0.056172006 0.111187324 0.33343577 0.24925022 0.16394691 0.2217996 -0.029908273 -0.2997045 0.03170219 0.13664894 -0.12675996 -0.11549572 0.08823214 0.33222732 0.28537232 0.2544951 0.20221698 0.0028352104 -0.040492848 0.0002508727
-0.039478384 -32767.0 0.040391233 0.06276964 0.010291911 0.09254698 -0.044686604 0.14663114 0.021833405 0.081386186 0.02973531 0.022093955 -32767.0 -32767.0 -32767.0 -32767.0 -32767.0 -32767.0 -32767.0 -32767.0 -0.14704233 0.19692484 -0.114260666 -0.44218233 -0.015190566 -0.16232552 -0.25578585 -0.06956792 0.00074586447 0.05664274 0.027290113 0.023798693 -0.028894184 -0.2760511 -0.46369654 -0.3392382 -0.045012627 -0.0009598257 -0.06090277 0.23818865 0.5280635 0.29863778 0.036017764 -0.102670714 -0.27873307 -0.299002 0.11237548 -0.035017163 -0.22152385 -0.13507801 0.14268777 0.22474955 0.3613878 0.23211595 0.092302784 -0.14904723 -0.21588458 0.034458555
0.03309278 -32767.0 -0.06326936 -0.12646858 -0.023879955 0.009603919 0.06387357 0.1763108 0.16271724 0.14814535 0.054108337 -32767.0 -32767.0 -32767.0 -32767.0 -32767.0 -32767.0 -32767.0 -32767.0 -32767.0 -32767.0 -32767.0 0.039040484 -0.24815693 -0.023386177 -0.11047726 -0.12795094 -0.09886719 0.09015454 0.4748603 0.3945807 0.041193586 -0.21078473 -0.25570014 -0.2593239 -0.2868573 -0.14996763 0.15273435 0.18977852 0.39701045 0.4217588 0.14604929 -0.19973317 -0.37726247 -0.45651555 -0.35710898 0.04684711 0.026133584 -0.114293605 0.051113453 0.17490204 0.18850759 0.29387194 0.2652021 -0.008401092 -0.120547846 -0.23491237 -0.1493107
-0.06253951 -0.04640105 -0.049459763 -0.0821891 0.05282118 0.014131871 0.03089953 0.14530976 0.32372874 0.012667672 0.04952624 -32767.0 -32767.0 -32767.0 -32767.0 -32767.0 -32767.0 -32767.0 -32767.0 -32767.0 -32767.0 -32767.0 -32767.0 0.15462801 0.070539355 -0.2609973 -0.17764644 -0.0644148 0.06130278 0.7745909 0.4748574 0.026976384 -0.16738379 -0.109952316 -0.046274945 -0.14565004 -0.15752557 -0.019740356 0.0960126 0.17791753 0.11855651 -0.05207402 -0.3989497 -0.491987 -0.39560637 -0.09903354 0.030334242 0.14158818 0.27008566 0.27207673 0.16619526 0.06521165 0.019868014 0.008229685 -0.1397168 -0.17727882 -0.17840055 -0.058727425
-0.014741365 -0.0096946135 0.025235798 -0.01662089 0.008374192 -0.021969402 -0.01793153 0.13449131 0.16616338 -0.13880903 -0.027995225 -32767.0 -32767.0 -32767.0 -32767.0 -32767.0 -32767.0 -32767.0 -32767.0 -32767.0 -32767.0 -32767.0 -32767.0 -32767.0 -0.041397635 -0.2062628 -0.14656578 -0.035769183 0.08903854 0.9344558 0.46656471 0.21085645 -0.025578259 0.024068786 0.011369577 -0.005210361 -0.029034354 -0.00884596 0.07340996 0.08129618 -0.02298533 -0.09465166 -0.21099302 -0.29256833 -0.04972849 0.040487513 0.24055831 0.41251978 0.45209584 0.21092561 -0.044949934 -0.16364245 -0.2010452 -0.33321172 -0.39994827 -0.42117167 -0.2610163 -0.06904861
0.07441509 0.088667154 0.05174096 0.040693037 -0.018107854 -0.059946984 0.014154895 0.05297171 0.15446664 -0.12589376 -32767.0 -32767.0 -32767.0 -32767.0 -32767.0 -32767.0 -32767.0 -32767.0 -32767.0 -32767.0 -32767.0 -32767.0 -32767.0 -32767.0 -32767.0 0.024325216 -0.069970645 0.20381746 0.3186861 0.95580405 0.4277068 0.19186015 -0.0042684325 -0.007974863 0.13555391 0.086156406 -0.00926164 0.033238735 -0.019841691 -0.027572183 -0.09083245 0.07790063 0.07550021 0.0012743352 0.110344045 0.23603389 0.32720274 0.2893163 0.099395186 -0.066579096 0.010791884 -0.04280143 -0.15257749 -0.445277 -0.60116494 -0.4411758 -0.2649781 -0.08618523
0.096909694 0.013077949 -0.021748057 -0.057210613 -0.11890746 -0.115626246 -0.080491714 -0.050689854 0.04033332 -32767.0 0.10510248 -32767.0 -32767.0 -32767.0 -32767.0 -32767.0 -32767.0 -32767.0 -32767.0 -32767.0 -32767.0 -32767.0 -32767.0 -32767.0 -32767.0 0.030336676 0.031704567 0.15557188 0.7468928 0.8331343 0.2520019 0.12440871 -0.07198128 0.0729986 0.21179345 0.19173579 0.055294428 -0.06652126 -0.066521026 -0.042389132 0.017560303 0.30643123 0.23580785 0.1358651 0.064569846 -0.011067301 -0.1333654 -0.21661955 -0.19759357 0.08024648 0.02993033 -0.1819736 -0.23495264 -0.33509135 -0.43830898 -0.2800479 -0.18327828 -0.092589185
-0.019693524 -0.019050924 -0.06767578 -0.04451533 -0.062344592 -0.061573822 -0.062845305 -0.034358054 -0.114713036 -0.08543651 0.15151297 0.08049566 -0.0046244487 0.06451449 0.053525317 -0.06793949 -32767.0 -32767.0 -32767.0 -32767.0 -32767.0 -32767.0 -32767.0 -32767.0 -32767.0 -32767.0 0.16138946 0.2051278 1.1638231 0.71141094 0.2078295 -0.041090358 -0.17001607 0.00028688146 0.12300856 0.112440735 0.013254501 -0.08244041 -0.045441203 0.06340131 0.22385693 0.34303558 0.13713354 0.019264309 0.17163567 -0.15362686 -0.41850346 -0.3436046 -0.019934384 -0.1286885 0.056534596 -0.18998948 -0.43701732 -0.24274781 -0.24509405 -0.1651487 -0.12648086 -0.1444297
0.12788408 0.24010544 -0.021273158 -0.0146080395 0.033362053 0.0663232 0.09197337 0.0146712 -0.05765051 -0.10149765 -0.12552634 0.16468906 0.1814835 0.04532343 -0.07359205 -0.0821098 -32767.0 -32767.0 -32767.0 -32767.0 -32767.0 -32767.0 -32767.0 -32767.0 -32767.0 -32767.0 -32767.0 0.11737695 1.0389658 0.6232169 0.25374097 -0.24029373 -0.31117016 -0.16010235 -0.017018778 0.027802203 0.06163394 0.03159083 0.024784863 0.3316658 0.36073405 0.34620002 0.06909144 0.16310346 0.09563036 -0.077096745 -0.11988755 -0.121735744 -0.25720903 -0.24264821 -0.06186765 0.04617653 -0.07812386 -0.4238871 -0.29907757 -0.17549756 0.02890601 0.25081617
-32767.0 0.26085436 0.063926734 0.014670843 0.10294458 0.098809116 0.05763968 0.013499102 0.015819043 -0.11720299 -0.25476974 -0.14214589 0.021999974 0.009950812 0.19376226 0.0035818694 -0.14261727 -0.1766237 -32767.0 -32767.0 -32767.0 -32767.0 -32767.0 -32767.0 -32767.0 -32767.0 -32767.0 -32767.0 0.70537674 0.79817337 0.42853674 -0.046595804 -0.40167946 -0.33116034 -0.14977817 0.044625152 0.059954144 0.08576527 0.15179445 0.25061983 0.40519074 0.44617277 0.1784564 -0.04570502 -0.0780302 -0.05415285 -0.074583516 -0.26446837 -0.26867217 -0.35257488 -0.2712779 0.04659872 0.10133623 0.025280114 -0.23844743 -0.03460926 -0.26259947 -32767.0
-32767.0 0.1496021 0.048838053 0.016763698 0.0958904 0.051674478 -0.0060714744 -0.027676508 -0.109012745 -0.17742121 -0.257711 -0.22899733 -0.07441512 -0.04878249 0.045838356 -0.21675436 -32767.0 -0.08542521 -32767.0 -32767.0 -32767.0 -32767.0 -32767.0 -32767.0 -32767.0 -32767.0 -32767.0 -32767.0 0.53133845 0.8071945 0.5742606 0.20865464 -0.26278847 -0.39474797 -0.14760625 0.13156874 0.27411947 0.20661576 0.10174125 0.2047801 0.396087 0.28857562 0.39483818 -0.11876603 -0.14194071 -0.08121641 -0.13687803 -0.15736398 -0.13564672 -0.21801968 -0.25020912 -0.09218739 -0.13191189 -0.22906376 0.016914519 0.39568084 -0.29137322 -32767.0
0.09674511 0.0678 0.06660447 0.12974976 0.07656213 -0.019811347 -0.032183625 -0.0052218013 -0.07953003 -0.13113086 -0.13879097 -0.13617381 -0.09591263 0.057289712 -0.17376587 -32767.0 -32767.0 -32767.0 -32767.0 -32767.0 -32767.0 -32767.0 -32767.0 -32767.0 -32767.0 -32767.0 -32767.0 -32767.0 0.15222481 0.9456957 0.65822184 0.17396079 0.022449767 -0.13370907 -0.0823368 0.3562504 0.32210886 0.015280947 -0.08352286 -0.0007844694 0.152779 0.2552764 0.34539026 -0.04510077 -0.21424419 -0.033489294 -0.031634178 -0.10324848 -0.20663834 -0.26632956 -0.33175737 -0.20037405 -0.16335405 -0.18383262 -0.18888626 0.36216432 -0.2027604 -0.016753785
0.105352424 0.052991018 0.14375687 0.18024094 0.12986827 0.0723902 0.106512554 0.11450349 0.085058555 0.08751891 0.048839565 -0.017150404 0.06891288 0.14667661 -0.22480951 -0.04854643 -32767.0 -32767.0 -32767.0 -32767.0 -32767.0 -32767.0 -32767.0 -32767.0 -32767.0 -32767.0 -32767.0 -32767.0 -0.18797512 1.0570064 0.7654539 0.31698188 -0.13360696 -0.080618784 0.11680492 0.2924873 0.11818708 -0.23059374 -0.19225685 0.031675767 -0.043242216 0.21616173 0.33634126 -0.17703803 -0.35063338 0.025121346 0.018508792 -0.1551725 -0.3386721 -0.30258897 -0.34327558 -0.39146596 -0.36550972 -0.20285593 0.21816184 0.18175659 -0.050173324 -32767.0
0.12239148 0.16516711 0.24351546 0.22649914 0.18719137 0.2607796 0.31482738 0.29229233 0.29062662 0.3199112 0.2752486 0.18830486 0.0945184 0.13719901 -0.061105013 -0.19630063 -0.06426423 -32767.0 -32767.0 -32767.0 -32767.0 -32767.0 -32767.0 -32767.0 -32767.0 -32767.0 -32767.0 -32767.0 -0.07354342 1.1334851 0.82723695 0.27339116 0.019282363 -0.036648262 -0.03183753 0.13318582 0.12221559 -0.19677667 -0.32214364 -0.023816476 0.15001853 0.48611167 0.110792965 -32767.0 -0.044924166 -0.12229341 -0.05571421 0.011501976 -0.3726192 -0.3595323 -0.23822245 -0.29752663 -0.21299769 -0.15701985 0.18755071 -32767.0 -32767.0 -32767.0
0.1291368 0.20456839 0.22682005 0.2271395 0.15995839 0.33125842 0.3756909 0.35392278 0.35459882 0.38009158 0.41491714 0.31318346 0.27104062 0.12046467 -0.027748961 -0.18352671 -0.086787604 -32767.0 -32767.0 -32767.0 -32767.0 -32767.0 -32767.0 -32767.0 -32767.0 -32767.0 -32767.0 -32767.0 -32767.0 1.1492239 0.68520504 0.15242583 -0.11865539 -0.3010582 -0.097119175 0.13430347 0.20403123 0.04620137 -0.40524206 -0.15534808 0.20023002 0.22790316 0.13722803 0.03166525 -0.13916194 -0.16095102 0.22418234 0.076804385 -0.16112523 -0.15765929 -0.091753386 0.18344395 0.07492656 -0.17670889 -0.32961854 -32767.0 -32767.0 -32767.0
0.11522082 0.18741931 0.1940563 0.26706058 0.2458751 0.2986939 0.31069615 0.28705683 0.26083782 0.3098045 0.30683857 0.29596508 0.22800785 0.15478107 -0.030602524 -0.12927409 -0.14221123 -0.058033597 -32767.0 -32767.0 -32767.0 -32767.0 -32767.0 -32767.0 -32767.0 -32767.0 -32767.0 -32767.0 0.9700574 1.0233693 0.3671023 -0.14254443 -0.20145921 -0.08195711 0.084050156 0.177335 0.19319518 0.25306606 -0.19961494 -0.4634794 -0.31461182 0.16368075 0.12747729 -0.136507 -0.19216578 -0.067931615 -0.0673807 -0.2591517 -0.12512681 -0.25478327 -0.13980918 -32767.0 -0.06887607 -0.20431063 -0.09712837 -32767.0 -32767.0 -32767.0
0.13336644 0.15722586 0.1957513 0.25688258 0.2680063 0.28192106 0.19707236 0.14731036 0.1113836 0.06495294 0.07077704 0.14117332 0.095562406 -0.09140843 -0.26009747 -0.02254171 -0.12266535 -32767.0 -32767.0 -32767.0 -32767.0 -32767.0 -32767.0 -32767.0 -32767.0 -32767.0 -32767.0 -32767.0 0.9091248 0.77402854 0.07379154 -0.09868261 -0.059690244 -0.027136216 0.047970284 0.18007454 0.09922904 -0.051000502 -0.32170412 -0.55152506 0.31188875 0.13784215 -32767.0 -32767.0 -0.074973725 -0.05540345 -32767.0 -32767.0 -32767.0 -32767.0 -32767.0 -32767.0 -32767.0 -32767.0 -32767.0 -32767.0 -32767.0 -32767.0
0.15052722 0.17390631 0.18256943 0.22083227 0.19290116 0.16177472 0.21251993 0.1457793 0.106203444 0.11416368 -0.023891337 -0.012089894 -0.028090172 -0.20843628 0.1453882 0.058532853 -32767.0 -32767.0 -32767.0 -32767.0 -32767.0 -32767.0 -32767.0 -32767.0 -32767.0 -32767.0 -32767.0 0.77256185 0.87364405 0.35951743 -0.17981318 -0.11506773 0.03228288 0.03653544 0.1741252 0.17331725 -0.08091851 -0.21416275 -0.44032684 -0.42116004 -0.05452954 -32767.0 -32767.0 -32767.0 -32767.0 -32767.0 -32767.0 -32767.0 -32767.0 -32767.0 -32767.0 -32767.0 -32767.0 -32767.0 -32767.0 -32767.0 -32767.0 -32767.0
0.1546967 0.123079106 0.18626158 0.22178552 0.20205034 0.19830169 0.2336808 0.23098005 0.22889008 0.14929114 0.02972957 0.26773432 -0.09435119 -0.00016796403 0.022418113 0.071181834 -32767.0 -32767.0 -32767.0 -32767.0 -32767.0 -32767.0 -32767.0 -32767.0 0.09923179 0.014075553 0.41600534 0.6705559 0.5208665 -0.08291206 -0.1412767 -0.06504162 0.062208135 0.21438073 0.24298202 -0.022599384 -0.29087415 -0.08771235 0.042097773 -32767.0 -32767.0 -32767.0 -32767.0 -32767.0 -32767.0 -32767.0 -32767.0 -32767.0 -32767.0 -32767.0 -32767.0 -32767.0 -32767.0 -32767.0 -32767.0 -32767.0 -32767.0 0.033883397
0.1325231 0.08025365 0.12500192 0.15349133 0.20578742 0.21629354 0.16475198 0.15099739 0.20281252 0.17733815 0.18561295 0.25269672 -0.068746656 -0.06363661 -0.013704117 0.11069836 -32767.0 -32767.0 -32767.0 -32767.0 -0.0060629686 0.22978662 0.16939159 0.16547088 0.323323 0.33672795 0.4937219 0.62391293 0.08666224 -0.111814685 0.030908914 -0.071908474 0.26825687 0.28144094 0.13940933 -0.11008547 -0.08526829 0.012366012 -32767.0 -32767.0 -32767.0 -32767.0 -32767.0 -32767.0 -32767.0 -32767.0 -32767.0 -32767.0 0.10213025 -0.13040392 -32767.0 -32767.0 -32767.0 -32767.0 -32767.0 -32767.0 -32767.0 0.16553578
0.057958603 0.026440118 -0.0010837084 -0.004821001 0.12090645 0.17839749 0.114944406 0.08312173 0.10899866 0.1681427 0.054284338 0.08181713 0.0463307 -0.25616527 0.14966969 -32767.0 0.032129306 -32767.0 0.054466203 -32767.0 0.086256236 -32767.0 0.14264898 0.15825815 0.20030355 0.22151057 0.5938236 0.17953835 0.023087908 -0.06560887 0.15138091 0.25711206 0.33883977 0.17588443 -0.13729909 -0.09854628 -32767.0 -32767.0 -32767.0 -32767.0 -32767.0 -32767.0 -32767.0 -32767.0 0.1338162 0.06861542 -0.05631542 0.008236707 0.25206986 -0.0037072296 0.11017553 0.020434964 -32767.0 -32767.0 -32767.0 -32767.0 -32767.0 0.023619313
0.10031525 -0.0010261212 -0.043744124 -0.08031972 -0.012869708 0.034758303 0.02192647 0.004134988 0.027835872 0.080135636 0.0007842004 -0.10219393 0.021086194 0.002408812 -0.042171333 0.044900283 0.0074703055 0.06571042 0.09615143 0.023707453 0.13429561 0.21975957 0.25782013 0.26769635 0.25957787 0.33252016 0.3503039 -32767.0 0.12072336 0.43573496 0.30604547 0.1978744 0.24947771 0.10740414 -32767.0 -32767.0 -32767.0 -32767.0 -32767.0 0.2294031 0.19151059 0.08675365 0.25015 0.12151299 0.09522499 0.016145064 -32767.0 -32767.0 0.0832464 0.072124764 0.05155476 -32767.0 -32767.0 -32767.0 -32767.0 -32767.0 0.28349912 0.29780784
0.14426015 0.07279152 -0.045104872 -0.11840998 -0.19754638 -0.15217371 -0.06854156 -0.0484443 -0.04106812 -0.00044451852 0.035688937 -0.01065579 -0.055997517 -0.018330403 0.0723208 0.075382054 0.049276263 0.17824721 0.10513341 0.044721846 0.050123353 0.13808961 0.22171497 0.25336426 0.19905257 0.18555541 0.13616292 0.12479407 0.273022 0.22889635 0.07989114 0.061177716 0.16404821 0.14335088 0.0070778476 -32767.0 0.083225235 0.04763802 -32767.0 0.0005914382 0.10432246 -0.01528255 -32767.0 -0.012928987 -0.116270386 -32767.0 -32767.0 -32767.0 -32767.0 0.13872287 -0.0054713227 -32767.0 -32767.0 -32767.0 -32767.0 0.19440222 0.22198775 0.19538274
0.24375312 0.09997137 0.030246912 -0.019515522 -0.09468775 -0.10609808 -0.08778497 -0.037181422 -0.012289959 -0.027883708 -0.066700116 0.01864969 0.03272864 -0.059520025 -0.13538119 0.017184056 0.12605986 0.12974969 0.07457994 0.13012211 0.14711027 0.07147067 0.12980224 0.1801603 0.23105773 0.20945564 0.16467427 0.049070705 -0.07149545 -32767.0 0.083220094 -0.107542954 -32767.0 -32767.0 -0.040009122 0.05102793 0.11512244 0.051607925 0.09967632 0.27749807 -0.13190739 -32767.0 -32767.0 -32767.0 -32767.0 -32767.0 -32767.0 -32767.0 -32767.0 -0.022268198 0.05167378 0.19344407 -32767.0 -32767.0 0.22245213 0.15167229 0.12600704 0.082567215
