static/data/seaWater_vo/2023/7/15/0.asc
ncols 137
nrows 93
xllcorner 108.0
yllcorner 17.0
cellsize 0.25
NODATA_value -32767
[rows 52 to 77 of 93, columns 58 to 115 of 137]
0.34795108 0.38948253 0.24636555 0.17121631 0.10089656 0.08879301 0.20490268 0.25639346 0.27928564 0.26506254 0.31729096 0.46565577 0.6300594 0.70732397 0.734053 0.70968306 0.7544066 0.5360916 0.38702056 0.21921559 0.23302844 0.17148088 0.035353135 -0.107951924 -0.18248884 0.11343476 0.2799023 0.11170749 0.40449512 0.52377427 0.40343285 0.3558883 0.4482796 0.55771506 0.47130746 0.35253343 0.31119537 0.21265948 0.03481346 -0.12018934 -0.2707278 -0.28662878 -0.34743103 -0.5763402 -0.4740777 -0.13024922 -0.017464165 0.030455558 0.25558013 0.4582734 0.46006915 0.43922 0.13970436 -0.14347818 -0.1577876 -0.11864252 0.17677258 0.115374394
0.42380613 0.43410057 0.33377448 0.27134228 0.16025956 0.19847658 0.31326902 0.28258818 0.2417585 0.24627513 0.37605664 0.58062285 0.6112105 0.69482136 0.6618281 0.6603735 0.6503163 0.4211298 0.21716066 0.27774402 0.29477695 0.28840685 0.028455295 -32767.0 -0.22010106 0.0092642065 0.18865108 0.116179675 0.39155152 0.521531 0.35958806 0.2994711 0.36041975 0.51689327 0.46224988 0.2917785 0.15959038 0.09853212 -0.014100336 -0.10827825 -0.21194276 -0.35407698 -0.5967632 -0.5566849 -0.21250422 -0.11004255 0.0035396423 0.12197602 0.24465342 0.39741284 0.51367515 0.47577155 0.14666876 -0.19904283 -0.35887316 -0.02935183 0.33874133 -0.06274221
0.5222688 0.46340853 0.32002398 0.3270824 0.36654073 0.28087884 0.3177845 0.37031627 0.27375004 0.277298 0.4128827 0.43532988 0.69927686 0.74387485 0.6187857 0.60183454 0.55186296 0.2252833 0.15520607 0.27695838 0.24435444 0.06672058 0.10249117 0.043697603 -0.16254477 -0.0071513723 0.09506332 0.12451757 0.24865302 0.47883865 0.38548657 0.26508445 0.281782 0.40516773 0.48788175 0.37629217 0.21550675 0.1102942 -0.068242125 -0.21441542 -0.3729718 -0.55670094 -0.55861 -0.2784403 -0.1783061 -0.05626237 0.07566313 0.17584014 0.18005721 0.43918958 0.54337364 0.5478469 0.27820772 -0.05861479 -0.4586868 -0.11187759 0.2546483 0.030655237
0.53069484 0.3405971 0.31657118 0.3422124 0.4070134 0.38623807 0.40744707 0.33910656 0.34163597 0.3577234 0.34822682 0.5943948 0.7999598 0.60644823 0.52634877 0.536333 0.3508979 0.26224324 0.2843015 0.19668844 0.16523999 -32767.0 0.18060233 0.02302037 -0.12069433 0.0111363325 0.05060249 0.18184693 0.1874166 0.42535004 0.4285658 0.30277118 0.22255126 0.24205656 0.30818033 0.34813303 0.2573861 0.110088214 -0.035013802 -0.24464127 -0.40099183 -0.43664894 -0.3172742 -0.23044118 -0.13206282 0.014632737 0.21406423 0.2859863 0.24930012 0.47915542 0.5454996 0.43728495 0.42210278 0.046144158 -0.27727154 -0.48068097 -0.04267028 0.01027385
0.5256802 0.62526995 0.47701353 0.32095826 0.17196424 0.3172556 0.36907667 0.4480308 0.4423046 0.54187906 0.6536849 0.60702795 0.50093055 0.48854718 0.41631114 0.43910587 0.32066557 0.28572536 0.24787079 0.12896398 0.07131044 0.063897274 0.0772111 0.09175108 -0.10706269 0.0109759 -0.06263534 0.08224403 0.14858966 0.25183564 0.4228683 0.3556644 0.15549666 0.115207925 0.08946514 0.105323896 0.16988885 0.113285035 -0.056348104 -0.12629052 -0.16614416 -0.13970621 -0.20709574 -0.23275542 0.030375585 0.12585197 0.26840344 0.3068606 0.2554366 0.4483242 0.5203641 0.413965 0.43013683 0.21982378 -0.08140211 -0.42309642 -0.46546102 -0.2469517
0.5438149 0.7774096 0.6367966 0.41838703 0.077747874 0.19337921 0.33027318 0.5271375 0.46596026 0.46554926 0.4291116 0.41633883 0.4182732 0.39515772 0.35501632 0.38877648 0.36422166 0.31590724 0.2882792 0.15409918 0.072101586 0.080434114 0.076514676 -0.062554374 -0.17398107 -0.1395626 -0.06169877 -0.027987843 0.030251015 0.08656699 0.3719756 0.47524527 0.29139224 0.021303847 0.0035204238 -0.057958685 0.01325253 0.05482249 0.021291602 -0.034431342 -0.06686467 -0.115433276 -0.27506465 -0.18993014 0.13276237 0.18402657 0.24549133 0.27476406 0.2223332 0.3881039 0.46021673 0.44526315 0.28981414 0.37126005 0.14349437 -0.06153786 -0.22324301 -0.19371985
0.57160205 0.93527645 0.7076126 0.49747702 0.26490816 0.17219967 0.24221243 0.3148404 0.37503335 0.30800664 0.34140643 0.38449973 0.3754067 0.19269024 0.3886104 0.4157056 0.3649329 0.29326743 0.23395537 0.13770126 -0.027339231 0.11028967 0.12261377 0.087575875 -0.07146537 -0.3091771 -0.22170597 -0.09546546 -0.06413694 -0.052432083 0.15354101 0.57235765 0.3934956 0.16949745 -0.10213522 -0.071265474 -0.10824585 -0.03018384 -0.013370883 -0.05107561 -0.10888074 -0.1533574 -0.23430116 -0.19701105 0.011447794 0.099263534 0.19383587 0.20585284 0.19733804 0.3243556 0.41610843 0.4641945 0.26312697 0.27574417 0.2944602 0.21417575 0.013307532 -0.008361361
0.7063972 0.9727155 0.65048456 0.4786161 0.27017435 0.15291508 0.3624131 0.44906953 0.2854097 0.34669173 0.39612824 0.4777197 0.17633116 0.04789022 0.42923427 0.40778935 0.3798311 0.28533807 0.16408084 0.083232015 -0.083576664 0.18817939 0.16559519 0.031030456 0.045631126 -0.1509125 -0.41219985 -0.26357064 -0.15369296 -0.11188269 -0.050847262 0.41457695 0.44645354 0.19656272 -0.009552367 -0.10692858 -0.09240548 -0.13724266 -0.063535914 -0.036589075 -0.043716718 -0.14749235 -0.18531968 -0.19205181 -0.115824565 -0.0348038 0.13058476 0.18590112 0.17986071 0.25282204 0.3750451 0.40513566 0.21649256 0.28750312 0.31890747 0.30922934 0.17009409 -0.037136953
1.0769205 0.9336667 0.5450703 0.330717 0.17356576 0.36289984 0.46677637 0.3096594 0.32595357 0.34715077 0.47392094 0.12808199 0.08811907 0.295559 0.44760427 0.43404618 0.42327905 0.23247862 0.10999284 0.050106287 -0.004143674 0.17520368 0.10377479 0.05649824 0.008004228 -0.079035334 -0.38208857 -0.4333933 -0.23687132 -0.1371003 -0.05666804 0.36064366 0.3485038 0.1312623 0.041104186 -0.08274296 -0.036074437 -0.041517492 -0.0727524 -0.11228614 -0.10444448 -0.056327596 -0.04875165 -0.063210785 -0.07522505 -0.00016563777 0.13864268 0.17725113 0.22187427 0.23805489 0.34192333 0.34314153 0.24398153 0.3337712 0.42900854 0.32453144 0.15058237 0.06134832
1.061783 0.8267825 0.35028413 0.28566176 0.40526924 0.3884499 0.26551917 0.17665754 0.47488272 0.3298968 0.3739972 0.17465343 0.27171728 0.41326857 0.40165827 0.39885455 0.3756357 0.16519788 0.08495811 0.0042777783 0.13095999 0.115849644 0.081582546 0.06504693 0.00075904385 -0.10388856 -0.36626974 -0.46005833 -0.28336865 -0.058823656 0.14404425 0.33904862 0.21613874 0.0098840995 -0.003809416 0.09118814 0.04444141 -0.0033154788 -0.026158225 -0.081604265 -0.15787901 -0.21172011 -0.16917677 -0.08404423 -0.003815623 0.04947207 0.0929172 0.15896644 0.16308005 0.1726609 0.27312195 0.2721397 0.31758052 0.41838586 0.5233264 0.3186786 0.07739296 -0.042668883
0.58562374 0.44867113 0.2784481 0.4284048 0.4484379 0.15312932 0.17673613 0.26091453 0.38168103 0.31915128 0.44516388 0.48252037 0.50672024 0.44430795 0.32548895 0.22964594 0.26040092 0.115376316 0.0841703 0.04026309 0.116334066 0.12756214 0.002264593 -0.063588664 -0.1162991 -0.25532112 -0.44093418 -0.42850137 -0.16193022 0.10969918 0.27568665 0.20087111 0.12686294 -0.066364534 -0.08904309 0.1126902 0.16923232 0.012256395 0.06274499 0.068207346 -0.011171067 -0.05084727 -0.13478385 -0.1834458 -0.1861729 -0.14070436 -0.070609 -0.0040121884 0.061068535 0.095452026 0.21884285 0.2847328 0.3957169 0.5061499 0.53363717 0.2821237 0.021382248 -0.18952492
0.6330381 0.22986846 0.37863228 0.39542744 0.44781038 0.36939368 0.16887529 0.16831443 0.23725407 0.43163913 0.6328515 0.7101273 0.52232003 0.38309407 0.19400084 0.12931837 0.17022443 0.10311416 0.012761816 0.09418434 0.13301322 0.08011058 -0.10758961 -0.19832999 -0.28156877 -0.43163142 -0.4880657 -0.27047724 0.06875156 0.24378777 0.25763467 0.10330945 0.038700387 -0.01024372 -0.015658397 0.07323889 0.16660953 0.0015091471 0.22777092 0.2103237 0.11669697 0.031463783 -0.0039474056 -0.032022133 -0.0837466 -0.11238043 -0.12727125 -0.17366417 -0.10532422 0.006422226 0.15369411 0.31542945 0.47585762 0.589965 0.47766337 0.22989914 -0.0983703 -0.27561116
0.5681363 0.05636425 0.22413166 0.33854496 0.43469504 0.349433 0.14643782 0.13309714 0.31606248 0.49974775 0.7796814 0.6859036 0.53158027 0.28096867 0.09608199 0.1721733 0.13499162 0.075119615 0.09197157 0.090744585 0.09620643 -0.041166812 -0.18332575 -0.28192875 -0.49736133 -0.548839 -0.31232285 -0.019362045 0.15355067 0.29268992 0.25496593 0.11150389 0.10566197 0.10562211 0.16164336 0.18945919 0.10647428 0.13198774 0.25360173 0.16897774 0.08866775 0.07397067 0.07195102 0.032708574 0.00060519145 -0.058510248 -0.10592254 -0.10502718 -0.10863068 -1.60282e-05 0.15426452 0.33902907 0.47600234 0.5252744 0.34437162 0.10904572 -0.17100029 -0.23508947
0.5410338 -0.11675887 0.0011356618 0.24110201 0.34563318 0.340564 0.20204006 0.23591764 0.32842916 0.5210064 0.77471405 0.6849549 0.44635415 0.23135433 0.16514625 0.12267217 0.1305971 0.10486157 0.07706583 0.103009276 0.0070905033 -0.056522865 -0.18247391 -0.43513855 -0.63699067 -0.44670352 -0.019721348 0.17874175 0.15094355 0.22775003 0.28185454 0.14340061 0.06751093 0.07516824 0.16626608 0.21678035 0.21370044 0.08295417 0.15923412 -0.018524267 -0.0128228795 0.1812803 0.20021667 0.16993068 0.06967188 0.012419066 -0.040458586 -0.010249286 0.085361704 0.089282975 0.18232572 0.30813086 0.3891295 0.3456595 0.19116189 -0.014107532 -0.09690149 -0.25542814
0.48644024 -0.18766303 -0.34597126 0.13629879 0.3721965 0.2892816 0.28170353 0.26502454 0.38046774 0.5223505 0.713786 0.69376284 0.33885306 0.25913277 0.10371214 0.12012598 0.23923382 0.14818215 0.12663713 0.106302455 -0.041061938 -0.12856181 -0.300305 -0.6062092 -0.64518756 -0.15723205 0.18790285 0.19721614 0.19397394 0.15816216 0.21183869 0.04712677 0.05111493 0.07109948 0.14009707 0.22262025 0.18656996 0.060027502 0.061798308 -0.048345797 0.029952986 0.18735152 0.23782724 0.07311851 0.08098761 0.019104958 -0.01243811 0.037199978 0.12298446 0.20595196 0.28114098 0.31795424 0.28727844 0.16310768 0.034907393 -0.0326516 -0.113059826 -0.26979277
0.43848726 -0.12653038 -0.5889985 0.08989972 0.2951964 0.25423205 0.25243258 0.32140067 0.4867158 0.4939898 0.6190489 0.6787208 0.4233117 0.20198135 -0.0049976376 0.10775117 0.34296775 0.212686 0.12316388 0.016690383 -0.09316231 -0.16823158 -0.3450558 -0.5639134 -0.47497353 -0.025583368 0.14618486 0.16198318 0.13020015 0.06933905 0.10823428 0.07214725 -0.0021991062 0.09041721 0.14893427 0.2081148 0.21521515 0.20825267 0.09453689 0.007513987 0.0641479 0.07763482 0.25546026 0.1334283 0.022933576 0.0865789 0.018914785 0.25186628 0.37519065 0.38091236 0.30433166 0.21542615 0.0954023 -0.091318704 -0.11977551 -0.17171507 -0.2513467 -0.1526127
0.40891948 -0.09902423 -0.6945577 0.09954723 0.2646801 0.22659443 0.42171595 0.43559107 0.3911441 0.34042174 0.5168031 0.59969014 0.4316171 0.15091056 -0.046127234 -0.0791535 0.29196683 0.20140058 0.10263749 0.016265424 -0.0870493 -0.16176823 -0.30820453 -0.35478032 -0.21315727 -0.0060147946 0.13812704 0.17079742 0.083904855 0.0021083115 0.08179207 0.1377225 0.055380866 0.05931464 0.10935976 0.18719041 0.22336715 0.22985348 0.22722577 0.104244255 -0.012054798 0.06890717 0.1812974 0.07239369 -0.047939338 0.06257849 0.3023259 0.47198638 0.44861254 0.36985224 0.25041994 0.0659117 -0.13964026 -0.28798887 -0.32863754 -0.37946215 -0.11022936 0.017822882
0.36781815 -0.07667618 -0.73977757 0.014621714 0.26555336 0.3980114 0.48544618 0.37457743 0.2680114 0.32242987 0.48880827 0.55784696 0.36025175 0.13025172 -0.07590539 -0.23250298 0.14665005 0.24282373 0.041815218 0.0070150243 -0.083373144 -0.18482062 -0.24665642 -0.21116571 -0.1061233 0.04071565 0.14380407 0.14446291 0.07158592 0.045313142 0.17140557 0.18767323 0.14940923 0.08975887 0.08096616 0.09252377 0.15037596 0.20773752 0.19865862 0.2185069 0.08689328 -0.032289013 0.03304031 0.06312296 0.10444587 0.31620327 0.46831045 0.5037741 0.36191544 0.2657523 0.2275763 -0.011352952 -0.28599617 -0.3980465 -0.4745404 -0.2732035 -0.082201414 -0.042010408
0.3567889 -0.06668428 -0.7317433 0.026848372 0.21559761 0.46151188 0.47342372 0.3745627 0.3201493 0.4135397 0.57514554 0.47153544 0.22336866 0.026490731 -0.13476075 -0.30218905 -0.011864606 0.1685933 0.071567364 0.0019354798 -0.04137433 -0.10816033 -0.13834028 -0.09697956 0.002331649 0.12623806 0.08513808 0.026133547 0.011990699 0.05305962 0.18508859 0.10847557 0.14055659 0.10299334 0.11232264 0.14129138 0.11365123 0.14877139 0.112202965 0.1772055 0.13740927 0.012652563 -0.09858672 -0.0074623446 0.25294587 0.43409616 0.51420957 0.41762796 0.26973623 0.24967995 0.1501951 -0.08541588 -0.29450384 -0.43975428 -0.5346012 -0.14964984 -0.17750405 -0.13894309
0.40428683 -0.12139456 -0.66950256 0.060602326 0.28099898 0.49097437 0.47278562 0.36138147 0.35876545 0.59664756 0.54940736 0.36654046 0.13986637 -0.038675588 -0.13239919 -0.33905044 -0.17649446 0.11946752 0.047211595 0.013074379 -0.04121153 -0.052546524 -0.02328372 -0.0069151255 0.055316854 0.08894278 0.084944636 0.0076263067 -0.015938303 0.02700143 0.009392121 0.02717976 0.0731527 0.13673683 0.13968708 0.12807226 0.079468265 0.046354156 0.03210233 0.07902135 0.12355399 0.021385288 -0.12988043 -0.08141697 0.24176174 0.47135496 0.5631774 0.33060205 0.2682572 0.24986745 0.06753164 -0.14127015 -0.27260926 -0.37389213 -0.5521755 -0.19934697 -0.29811707 -0.1970667
0.4576098 -0.19851556 -0.61387837 0.013630619 0.31840953 0.4766722 0.45711452 0.41928706 0.60593283 0.63990533 0.41844746 0.2958967 0.024689052 -0.016815055 -0.1379723 -0.38696563 -0.37333596 0.03232959 0.04684956 -0.046396375 -0.087678485 -0.078432634 -0.009224987 0.029976364 0.05638324 0.10127443 0.09361325 0.09197908 0.06466044 0.04991242 0.0402548 0.113723576 0.18900228 0.23244108 0.26887003 0.19500855 0.11383212 0.0064364877 -0.08764518 -0.045081753 0.027188059 0.01280091 -0.102816 -0.038580496 0.21602802 0.48348823 0.49488413 0.2781432 0.20065637 0.13402277 -0.029124025 -0.13317257 -0.21130238 -0.28416002 -0.4969165 -0.38975108 -0.2609683 -0.16874865
0.3298431 -0.22327964 -0.47654465 0.098886825 0.343635 0.5124972 0.49319786 0.5067434 0.670202 0.4892001 0.2860848 0.2291802 0.082139775 -0.009091137 -0.16963503 -0.38162383 -0.5087912 -0.09949243 -0.028981477 -0.04676946 -0.13932672 -0.054603744 0.030389978 0.10690523 0.10726542 0.049221616 0.01979745 0.046397984 0.06787452 0.08714098 0.109838225 0.112228885 0.13468675 0.19178271 0.16690388 0.112162516 0.00086326007 -0.13831143 -0.23011732 -0.27177465 -0.05671283 -0.01547793 -0.06473957 -0.042814296 0.16602254 0.4340268 0.4377402 0.28254187 0.14995685 0.042158157 -0.08343764 -0.08000619 -0.11643354 -0.23377693 -0.35823113 -0.5536611 -0.26548252 -0.10034547
0.17317963 -0.2058512 -0.25871307 0.20627266 0.42234293 0.5658031 0.5509878 0.6386991 0.59788966 0.34547126 0.19015108 0.20454998 0.056578502 -0.028756816 -0.19103037 -0.3892675 -0.50735885 -0.20483482 -0.0943892 -0.15666547 -0.19807756 -0.05033148 0.13828138 0.20583813 0.13790293 0.04534396 0.012071195 0.0010920789 0.13323042 0.19497032 0.18289866 0.12370411 0.14994566 0.18624893 0.16153933 0.100654684 0.010883061 -0.13069728 -0.33348823 -0.4542026 -0.3136949 -0.055225726 0.04874549 -0.055495802 0.046801187 0.3749808 0.37566012 0.1912927 0.11293839 -0.016621212 -0.025534583 -0.053977918 -0.10081841 -0.22141923 -0.34719598 -0.4243582 -0.41657877 -0.120520845
0.108873926 -0.08980617 -0.1136536 0.112507746 0.47015205 0.59816337 0.57144743 0.67555326 0.48136187 0.29284048 0.12873957 0.121023715 -0.04234443 -0.13919488 -0.26186466 -0.3922507 -0.4117055 -0.22327514 -0.18170705 -0.26822487 -0.17759793 0.05413695 0.10562961 0.08756052 0.05393082 0.041076113 0.0048628426 0.038509015 0.1649208 0.24320701 0.18995783 0.23774661 0.19920039 0.13034332 0.10588529 0.04966968 -0.015638018 -0.122273326 -0.31626797 -0.53114915 -0.54348695 -0.23527487 0.0067283344 -0.029495995 -0.028083611 0.23342706 0.3113342 0.09231556 0.08814087 -0.09203065 -0.093169086 -0.06557434 -0.078867525 -0.09829169 -0.1497898 -0.23419575 -0.30096185 -0.14647941
0.11220758 0.026115784 -0.11480931 0.14612067 0.5135975 0.6896577 0.59590894 0.562585 0.4087531 0.21173108 0.101904005 0.049522024 -0.18068863 -0.29602265 -0.3464257 -0.30444783 -0.23624091 -0.24781726 -0.30827394 -0.22239712 -0.009900845 0.065146625 0.12588604 0.11369509 0.06277223 0.022525698 0.009908638 0.032197315 0.1786075 0.24357708 0.33559224 0.22691844 0.14225121 0.11726679 0.06373263 0.030367032 0.0072607845 -0.091550484 -0.2908163 -0.5002802 -0.6356354 -0.43022123 -0.10866366 -0.06560032 -0.09832479 0.14274558 0.27424327 0.06949803 0.019750623 -0.04629118 -0.21200293 -0.12534598 0.05438227 0.1289971 0.07101706 -0.009908618 -0.010667076 0.04062147
0.19897267 -0.10555642 -0.17767212 0.05350764 0.5181741 0.63884854 0.5692452 0.41726485 0.4071694 0.17754135 0.09356254 -0.050873768 -0.33435294 -0.41857177 -0.31877768 -0.24389891 -0.29129478 -0.28938347 -0.20445491 -0.020330738 0.1810686 0.30236354 0.2726603 0.1787906 0.055468544 -0.08349651 -0.12413831 -0.0073170257 0.13695106 0.3256271 0.26213956 0.25965816 0.13256697 0.030336512 0.02636079 0.07575787 0.076917306 -0.112576656 -0.28782532 -0.42131683 -0.6042348 -0.5725945 -0.28615806 -0.20808047 -0.15489239 0.048533276 0.20204154 0.04817484 -0.088297054 -0.032493535 -0.119953245 -0.12459388 0.025294423 0.09649725 0.089616105 0.07793605 0.0634588 0.087775685
