static/data/seaWater_vo/2023/7/15/12.asc
ncols 137
nrows 93
xllcorner 108.0
yllcorner 17.0
cellsize 0.25
NODATA_value -32767
[rows 52 to 77 of 93, columns 58 to 115 of 137]
0.20277375 0.2703925 0.16899858 0.02233787 0.036123727 -0.0068958537 -0.019547395 0.004701172 -0.083070405 -0.102121 -0.08584062 0.023116829 0.2635951 0.35598877 0.4028647 0.423767 0.40688863 0.39298177 0.16929315 0.038030744 0.020301834 0.07942081 -0.030142691 -0.17317179 -0.17383415 0.14746454 0.04889413 -0.047053784 0.2768442 0.5021962 0.3800756 0.39116716 0.41313508 0.50025064 0.43701828 0.29630667 0.3179516 0.17339599 -0.017875394 -0.16069068 -0.29562473 -0.44899032 -0.43903404 -0.6397168 -0.69159913 -0.38799232 -0.23155043 -0.19216338 0.051162012 0.33077034 0.38051513 0.2951156 0.06203873 -0.27155948 -0.31748828 -0.28557336 -0.2635787 -0.20799352
0.15050772 0.13962966 0.082853235 0.11408811 0.050596673 0.0034449196 0.085380726 0.05524355 -0.04508814 -0.12083859 -0.0674869 0.23713386 0.28124177 0.42637688 0.41962636 0.36099228 0.35918412 0.27946168 -0.018578667 -0.044231907 0.09777399 0.19621167 0.04369181 -32767.0 -0.3677037 -0.07324719 -0.00079598575 0.0092279995 0.30196238 0.5152614 0.40806472 0.3663103 0.37559444 0.42783913 0.41864073 0.27512094 0.17300016 0.081185736 -0.0597367 -0.23007984 -0.33059353 -0.44975293 -0.66680706 -0.67431736 -0.3488942 -0.25267652 -0.12594295 -0.026588216 0.27166757 0.3901173 0.40294155 0.44244394 0.15614735 -0.18025614 -0.46029583 -0.30700588 0.10523294 0.06380158
-0.01860636 0.089550756 0.07052503 0.0017572575 0.010280798 -0.022598881 -0.005423001 0.10080906 0.07487182 0.06216643 0.14167143 0.21746908 0.3668241 0.55321485 0.39497498 0.3290946 0.28675428 0.19288342 -0.02892186 0.10256673 0.15721075 0.045206662 0.06809391 -7.070543e-05 -0.2844437 -0.17044145 -0.0644932 0.10112652 0.20308085 0.44845387 0.43861717 0.35171378 0.32505742 0.30120853 0.31546968 0.2846122 0.15807222 -0.008725513 -0.10156252 -0.19429386 -0.35919258 -0.6067393 -0.6721597 -0.39279318 -0.3564774 -0.16093297 -0.007080585 0.07357809 0.31703752 0.3666875 0.3818716 0.44964513 0.28698182 -0.09841315 -0.47358322 -0.29322237 0.19904497 0.06558894
0.093743056 0.123612866 0.0827008 0.02362294 -0.031243106 -0.027588109 0.02517212 0.14173083 0.121560924 0.15249266 0.14740373 0.30654094 0.5405446 0.4537371 0.32195646 0.2761214 0.23412889 0.105441876 0.14489563 0.069433585 0.0632916 -32767.0 0.11441066 -0.039541278 -0.25401813 -0.14572208 -0.14850025 0.053174365 0.111872636 0.29095507 0.5005949 0.36902007 0.27096376 0.17679249 0.103881605 0.19272347 0.16061229 0.018758757 -0.15191229 -0.29407653 -0.47905436 -0.54907554 -0.4065198 -0.4193177 -0.2979078 -0.054410167 0.1293874 0.069503695 0.2995057 0.31593326 0.4049694 0.39085442 0.38819504 0.08995666 -0.26744738 -0.49420944 -0.036194656 -0.06472564
0.53884804 0.6375312 0.38098022 0.19255272 -0.030844552 -0.15598203 -0.14292958 -0.069927074 0.058882073 0.2553038 0.44722298 0.479669 0.37598962 0.2967722 0.21293667 0.24726313 0.16368325 0.08009071 0.04844384 0.0083440505 0.009604897 -0.0006307779 0.029351642 -0.063034326 -0.18374829 -0.111924216 -0.15516816 -0.037237007 0.08725909 0.14747511 0.52232474 0.49433422 0.28560498 0.1583982 0.01945108 -0.011724692 0.0066926815 -0.10413736 -0.20511004 -0.36491573 -0.44030198 -0.44698116 -0.42740715 -0.41130883 -0.2267248 -0.03351053 0.23338959 0.21902345 0.2950778 0.33378506 0.44479048 0.3335094 0.4058577 0.2602642 -0.02981449 -0.37823248 -0.4487682 -0.23032793
0.85348386 0.8269327 0.58274055 0.22090578 0.11137786 0.06783533 0.03512526 0.24590224 0.35909688 0.43545672 0.3620828 0.27178404 0.23619585 0.21666767 0.118998915 0.16665964 0.14809202 0.111164995 0.10084847 0.105046056 0.045757428 0.03891282 0.04469425 -0.017096626 -0.1877929 -0.19846085 -0.13367385 -0.063371204 0.0077453344 0.08108232 0.32367986 0.59264076 0.33260903 0.14482021 0.089433566 -0.07007345 -0.15192072 -0.18224908 -0.26931292 -0.3213471 -0.36190224 -0.36819094 -0.3933344 -0.42016256 -0.22730927 0.023346407 0.32156655 0.31518525 0.3631817 0.38415745 0.46456867 0.39727545 0.25438794 0.30272487 0.15235232 -0.035600007 -0.18380414 -0.13502534
0.8366393 0.92779213 0.5350134 0.29526317 0.27661604 0.19489774 0.23612505 0.20071281 0.27833715 0.22750221 0.16432805 0.2071451 0.23638235 0.04142671 0.11058985 0.23071909 0.20585154 0.1688002 0.11126646 0.11478561 -0.06249633 -0.014210228 0.09201143 0.055305142 -0.06872518 -0.30573666 -0.2742921 -0.12156389 -0.045002244 0.10251937 0.1447157 0.5662495 0.4353611 0.18931842 0.03655304 -0.026320009 -0.14207463 -0.1775232 -0.21317308 -0.21074083 -0.25286245 -0.30906996 -0.29527095 -0.25724384 -0.14713514 0.112634316 0.3009605 0.31610686 0.3461904 0.42413592 0.41008732 0.4634975 0.28367954 0.29149586 0.24387416 0.12989037 0.042071957 -0.027454417
0.8148108 1.1220788 0.5813316 0.3435568 0.23993681 0.042671923 0.057867713 0.28456494 0.22763415 0.10927761 0.17082123 0.3428378 0.08521229 -0.1284668 0.23669858 0.274326 0.2656 0.16006751 0.06717536 0.056237236 -0.11039066 0.03042552 0.10116534 0.00058120285 0.005441798 -0.18369104 -0.41015032 -0.23087938 -0.019142723 0.10769692 0.20319784 0.49232095 0.47915035 0.1833514 0.022912962 -0.02358375 -0.10335801 -0.18297143 -0.18948498 -0.17504324 -0.13382138 -0.162556 -0.19248348 -0.12303898 -0.018966757 0.10874756 0.18192971 0.31801918 0.3930038 0.5261066 0.3861962 0.45354947 0.31976852 0.29513595 0.28724658 0.21148077 0.10050345 0.013071943
0.920204 0.84538776 0.51491445 0.23791236 0.061309267 0.120560214 0.25716314 0.18760526 0.12520592 0.18624265 0.3035884 0.0826975 -0.007475537 0.07255903 0.2910683 0.2743259 0.29500028 0.120007135 0.0019838994 -0.01014571 -0.118529 0.026655335 0.01268416 -0.068544075 -0.03265326 -0.07811595 -0.3782787 -0.32074246 -0.05347367 0.16891408 0.22042345 0.47141474 0.33956474 0.072665446 0.01525809 -0.067571685 -0.065318935 -0.049636662 -0.10675757 -0.16424476 -0.21871836 -0.20884871 -0.15666507 -0.14351651 -0.0984669 -0.047228433 0.040426236 0.27363306 0.35141733 0.4444879 0.36370936 0.43037215 0.27965635 0.35215643 0.37196693 0.29277557 0.1907244 0.008719528
0.98431456 0.5105889 0.3117927 0.08491142 0.16965169 0.22983815 0.12999558 0.022406053 0.32025278 0.18689808 0.25366047 0.096515454 0.0923418 0.31603298 0.2697566 0.19440342 0.20526043 0.055654194 -0.0076944483 -0.07596493 -0.07698048 0.02163438 -0.033776797 -0.119430535 -0.12578627 -0.13074614 -0.35197788 -0.3267593 -0.042911205 0.16320603 0.30713633 0.37718153 0.15447147 -0.018680181 0.047290508 0.026789794 0.0009847016 0.009555497 0.034311812 -0.006248433 -0.076870896 -0.17130542 -0.24122348 -0.26217118 -0.18892069 -0.08553225 0.060505256 0.19903332 0.34671944 0.38270664 0.35878992 0.31843248 0.39621204 0.37444004 0.37722236 0.3443002 0.21120496 -0.04415436
0.7144061 0.44579747 0.19518071 0.2966564 0.313788 0.16189048 0.05998739 0.16290008 0.24037373 0.2166308 0.30266455 0.29408553 0.2742889 0.25577742 0.116061315 -0.00848715 0.07795 -0.02306663 -0.06748643 -0.11437439 0.013003374 -0.027823005 -0.08242318 -0.16489978 -0.1449503 -0.23345493 -0.3436886 -0.24633613 0.06596308 0.31165156 0.33121303 0.17610805 0.119906835 -0.07278439 -0.004809808 0.14052397 0.16350712 0.028066099 0.063533194 0.10038852 0.041930106 -0.06591825 -0.1716782 -0.17746508 -0.12660843 -0.06043421 0.07445854 0.12123483 0.19871487 0.30641955 0.3444632 0.24634208 0.48984432 0.40847015 0.37407273 0.3241031 0.148845 -0.10010339
0.70560443 0.25920355 0.14244977 0.24261178 0.28919327 0.20681825 0.08217337 0.094973184 0.15552124 0.31071413 0.4612603 0.45815155 0.37129417 0.19452871 0.021304833 -0.059126478 -0.024457194 -0.0854252 -0.12140265 0.0030062352 -0.009145411 -0.044548128 -0.14314592 -0.18145438 -0.21399005 -0.3099454 -0.29592535 -0.025242688 0.28816393 0.39005688 0.23431782 0.07102353 0.10126558 0.022430433 0.05619053 0.2046179 0.15268007 0.0021414168 0.20320828 0.18503466 0.08699817 -0.009937958 -0.04594985 -0.062312443 -0.114886716 -0.17606121 -0.14105947 -0.019527245 0.06363407 0.19540721 0.20391549 0.2363249 0.46757773 0.501648 0.38654786 0.3176968 0.028460056 -0.14247519
0.65655905 0.08416979 0.019121442 0.14221156 0.21562411 0.121347 0.011263268 0.03731462 0.15802062 0.35550514 0.54323393 0.50734484 0.36260486 0.122563876 -0.025969284 -0.04064984 -0.09679363 -0.09577749 -0.011721883 -0.03357672 -0.07485147 -0.12287892 -0.21203275 -0.2978538 -0.38807297 -0.33277577 -0.02631073 0.22807169 0.40901947 0.4628544 0.24023889 0.11859873 0.11443495 0.12680428 0.18795761 0.18476057 0.10348543 0.09624842 0.19794294 0.12994519 0.03791825 0.076950975 0.099169075 0.06527324 -0.0010664797 -0.082422026 -0.14573216 -0.1312234 -0.071687214 -0.016575674 -0.03601318 0.30349585 0.49696735 0.46414784 0.33964998 0.1921517 -0.07293799 -0.14726281
0.5827357 -0.03880513 -0.2376988 0.018850066 0.15952404 0.14102806 0.03784673 0.03270527 0.1410142 0.32466996 0.5535202 0.5133409 0.24963391 0.067069486 -0.0071050865 -0.0708775 0.009291936 0.02329817 -0.07127666 -0.13601255 -0.17378347 -0.23794909 -0.3292226 -0.5124356 -0.48666677 -0.14019093 0.2081892 0.34682372 0.3788275 0.44639808 0.250159 0.15589426 0.19167319 0.2501914 0.24737155 0.19672742 0.09239788 0.0026976315 0.11650909 -0.06124888 0.0059865676 0.1473935 0.21254042 0.2743067 0.159088 0.013536104 -0.11970868 -0.16094984 -0.19543953 -0.11992307 0.10659408 0.2909414 0.41642633 0.31883988 0.15359172 0.035753172 -0.04354947 -0.20181924
0.48782474 -0.03594059 -0.46729332 -0.0927379 0.12392175 0.030184787 0.030547503 0.02705907 0.20016761 0.32936138 0.48709077 0.54495233 0.22119337 0.074741885 -0.07272038 0.024842264 0.049166147 -0.06614316 -0.1315423 -0.18836893 -0.28141117 -0.25545254 -0.4307509 -0.5928169 -0.45350045 -0.02502966 0.4175446 0.40446198 0.27557406 0.31097963 0.27196512 0.12138682 0.1427226 0.25486338 0.32916805 0.29658744 0.18396483 0.05516592 0.05735777 -0.12597771 -0.031956818 0.1366397 0.106212154 0.12638038 0.13307858 0.070886455 -0.010724704 -0.040754437 -0.0028791612 0.11920107 0.21897906 0.29077554 0.27735502 0.13193993 -0.026100414 -0.11833498 -0.16135792 -0.25197634
0.44574335 -0.0038759413 -0.5993066 -0.14741676 0.140094 0.04772129 0.05123661 0.15016174 0.21657251 0.309829 0.39622185 0.52268976 0.33711678 0.037930038 -0.14023721 0.029652445 0.07180098 -0.0812703 -0.11284865 -0.16907659 -0.26143596 -0.31871256 -0.4675656 -0.47766048 -0.25669348 0.18717396 0.4547863 0.4295564 0.32928398 0.17097175 0.2405196 0.08293097 0.03639476 0.13706051 0.26092812 0.3146411 0.25168195 0.13292089 -0.002901656 0.023452763 -0.0013032942 0.043380797 0.11615433 -0.023875576 -0.009082818 0.054245587 0.13350938 0.32191074 0.34109464 0.33053946 0.2750479 0.1898938 0.06797072 -0.050592866 -0.19131818 -0.18162432 -0.26188958 -0.1964736
0.450911 -0.0189645 -0.6877623 -0.10549612 0.115467496 0.06946879 0.29181913 0.32323328 0.2552181 0.22231673 0.36159816 0.47947395 0.40855294 0.033132248 -0.18270698 -0.05057764 0.13978016 -0.041612703 -0.103398494 -0.13994762 -0.24527448 -0.33985752 -0.39665636 -0.3149469 -0.036168836 0.235724 0.31920198 0.27512425 0.24283472 0.12367881 0.15932685 0.20606434 0.050434995 0.01842809 0.07691189 0.18451512 0.24127643 0.2229521 0.14780064 0.004679233 -0.057590716 0.022564758 0.13334383 0.10779684 -0.022190081 0.094964206 0.3045483 0.4413965 0.5380221 0.41300648 0.2568702 0.070659846 -0.116100356 -0.25299108 -0.28538653 -0.31589693 -0.14743502 -0.0030482807
0.42459968 -0.049027894 -0.7129149 -0.091865666 0.16807994 0.23745173 0.44117865 0.30765712 0.24441376 0.28159085 0.39244643 0.5147868 0.34706154 0.04250179 -0.21427578 -0.24444875 0.08700168 -0.017090654 -0.15436178 -0.1876395 -0.23506907 -0.2998984 -0.2875387 -0.15320985 0.07068616 0.21431856 0.23213491 0.17192921 0.13224469 0.12675866 0.20503947 0.15681022 0.049823057 0.0979801 0.07558185 0.11472719 0.13786915 0.22119686 0.2220943 0.08541438 0.003233172 -0.11225361 0.01713497 0.022352431 0.059945878 0.2197835 0.41509345 0.5755476 0.47102797 0.36749554 0.26593012 0.011351229 -0.23742086 -0.38588005 -0.3844342 -0.24989465 -0.09973388 -0.034337524
0.40740877 -0.016682046 -0.6755475 -0.050034314 0.19860825 0.4848106 0.3897616 0.2408824 0.23717813 0.32215065 0.5662915 0.50704724 0.22659513 -0.0412246 -0.2580417 -0.3620774 -0.0006334002 -0.0072149076 -0.15547356 -0.22617492 -0.23422702 -0.21132801 -0.16671112 -0.023509994 0.09178735 0.191434 0.25203574 0.20085554 0.14438802 0.15289482 0.21617854 0.087833874 0.10920136 0.06263844 0.09515139 0.095653996 0.148583 0.17080165 0.17262395 0.17882651 0.07635472 -0.032099582 -0.1178055 0.06444291 0.27569783 0.4308368 0.55997163 0.49458194 0.3963997 0.29546756 0.16819355 -0.084298156 -0.29780698 -0.4223153 -0.503817 -0.15975937 -0.15795588 -0.14471436
0.40451172 -0.07599451 -0.6269564 -0.020439364 0.2515826 0.4731639 0.41446272 0.3059118 0.369863 0.56633043 0.5869403 0.38547876 0.113458976 -0.13581505 -0.28413883 -0.43022487 -0.15692039 -0.012747979 -0.13364506 -0.22122815 -0.22151606 -0.18702067 -0.1029053 0.021929707 0.13547397 0.22999474 0.27935687 0.20675848 0.17346042 0.21322335 0.14614223 0.10571397 0.122358255 0.13766232 0.14623736 0.16143547 0.17659071 0.12706427 0.119709 0.1040266 0.07892244 0.08740496 -0.0423766 0.04527073 0.3182844 0.49756283 0.57944477 0.4322451 0.31901693 0.249065 0.031042174 -0.19987337 -0.26589504 -0.31098458 -0.5324664 -0.20167431 -0.24191038 -0.23395784
0.39819565 -0.19036815 -0.578907 0.021818114 0.35712644 0.5136495 0.43988323 0.40286928 0.53095365 0.6200072 0.459629 0.3007193 -4.0954517e-05 -0.15885153 -0.26305065 -0.47683948 -0.30417803 -0.036176875 -0.066558465 -0.09942771 -0.14077467 -0.12054919 -0.052730203 0.1262223 0.21190475 0.25863788 0.28814512 0.22492355 0.20102508 0.21376932 0.17982164 0.16622892 0.2272559 0.28565502 0.27773416 0.2333824 0.124803714 0.002894959 -0.067258045 -0.02400327 0.041165806 0.053073585 -0.02948385 0.09385436 0.26318258 0.50957257 0.5824023 0.40397775 0.2602403 0.12065784 -0.066591255 -0.20616776 -0.17809798 -0.11664004 -0.45078665 -0.35825652 -0.31002802 -0.2367741
0.33480045 -0.22387 -0.54888165 0.05625484 0.33093417 0.53436273 0.5334112 0.5167403 0.66657376 0.55505514 0.33293557 0.13353525 -0.024323884 -0.15777287 -0.23260759 -0.48931575 -0.4506761 -0.04380703 -0.014007627 -0.09375512 -0.1471563 -0.053492047 0.05329801 0.17667653 0.25107235 0.28318503 0.22752689 0.21695797 0.27219296 0.33067894 0.3690821 0.3998493 0.43613982 0.39276147 0.34516552 0.29796338 0.20174849 0.07477147 -0.13249417 -0.21194339 -0.12363074 -0.0007045291 0.052556343 0.117213435 0.22254825 0.5181323 0.5378036 0.39315113 0.21708716 0.02136454 -0.04640495 -0.09034431 -0.10546382 -0.12231713 -0.23852764 -0.45251447 -0.25757766 -0.15923968
0.20300916 -0.26353973 -0.41159946 0.16943376 0.3501513 0.60570234 0.59754443 0.6953423 0.66360056 0.5109735 0.19871616 0.124842964 0.0057686744 -0.15498507 -0.26515967 -0.49358675 -0.5131852 -0.040139835 0.0066795275 -0.018450672 -0.031916555 0.06259936 0.20115766 0.3202323 0.29380175 0.24112104 0.17778169 0.19281195 0.31726795 0.4413162 0.48767957 0.42511413 0.35431883 0.31451654 0.2827356 0.25016505 0.16503125 0.028190983 -0.12871711 -0.27518216 -0.29934537 -0.0953601 0.060046304 0.10856671 0.16568327 0.4210622 0.49185756 0.34971902 0.1805261 -0.023871427 0.008319799 0.036262132 -0.0063609662 -0.067754626 -0.1583633 -0.27706316 -0.3130943 -0.14680366
0.10892619 -0.15838212 -0.2060335 -0.0017951011 0.40986422 0.68162966 0.6798328 0.7574843 0.64100754 0.43763292 0.1948589 0.09426984 -0.044395424 -0.22321352 -0.29722524 -0.38782933 -0.35390773 -0.041849993 0.036117777 0.008481549 0.10835588 0.29771155 0.42152882 0.40268052 0.32619423 0.2154766 0.16894862 0.20556206 0.31360275 0.47380885 0.44215032 0.43212107 0.4261558 0.3548619 0.2651752 0.1949109 0.157223 0.023715073 -0.14347535 -0.34036085 -0.42177048 -0.26762202 0.022301251 0.13740395 0.09592009 0.2964638 0.44544843 0.29284227 0.17753065 -0.0048274053 -0.0388775 -0.004997339 0.0081509575 -0.03799645 -0.10326242 -0.1130437 -0.1556731 -0.08056707
0.15985562 0.024118174 -0.11042031 -0.08023008 0.44558272 0.69451034 0.75762683 0.68978304 0.61022174 0.3623209 0.1713773 0.04728685 -0.17206265 -0.2886555 -0.28849977 -0.25442886 -0.19161531 -0.011861612 0.038460966 0.118893534 0.3413013 0.40431285 0.36444363 0.33149537 0.29592806 0.23710997 0.16480668 0.19539598 0.37664488 0.51060444 0.5238851 0.4268197 0.3541765 0.23463944 0.17722562 0.18555889 0.18264648 0.098500006 -0.11566309 -0.33349642 -0.45203695 -0.37061244 -0.06706001 0.07334439 0.019227019 0.15310968 0.36372265 0.19624157 0.16002019 -0.04676598 -0.19729513 -0.20607843 -0.038196407 0.07607402 0.01052476 -0.022916386 -0.016204402 0.024477804
0.19950113 -0.042857617 -0.13489994 -0.041844245 0.48173982 0.64190906 0.7297916 0.5109715 0.55226547 0.28652278 0.17370167 -0.0031602741 -0.26887682 -0.3381938 -0.19276121 -0.042074706 -0.042187676 -0.0068014385 0.112535626 0.29446825 0.41662288 0.47816187 0.403276 0.30377233 0.1619612 0.048444413 0.026977777 0.16310692 0.43568176 0.55167 0.4502922 0.4094142 0.3490964 0.2578752 0.15758155 0.1514447 0.17487909 0.015630359 -0.095399015 -0.28740788 -0.44251364 -0.4065368 -0.14874208 0.0039413488 -0.01679221 0.07957075 0.28044152 0.14928073 0.027486317 -0.014796359 -0.11158095 -0.08123901 0.11426445 0.16811937 0.08791225 0.0516955 0.09032843 0.0908838
