static/data/seaWater_vo/2023/7/15/6.asc
ncols 137
nrows 93
xllcorner 108.0
yllcorner 17.0
cellsize 0.25
NODATA_value -32767
[rows 26 to 51 of 93, columns 58 to 115 of 137]
-0.087758325 -0.20501867 -0.34342834 -0.30466586 -0.19018714 -0.07648565 -0.040654976 -0.022218173 -0.0540277 -0.09289617 -0.10684299 -0.09070891 -3.7447753e-06 0.069868445 0.030123185 0.0973729 -32767.0 -32767.0 -0.13993038 0.12141796 0.1240125 -0.04479581 -0.0324657 0.059831865 -0.026872039 -0.04241114 0.013034899 0.040937684 0.10310045 -0.024184464 0.0068597216 -32767.0 -32767.0 -32767.0 -32767.0 -32767.0 -32767.0 -0.15511185 0.1037241 0.30056906 -32767.0 -32767.0 -32767.0 -32767.0 -32767.0 -0.11619576 -32767.0 0.045598455 0.12659347 0.019042538 -0.29983795 -0.4233557 -0.17912267 -32767.0 0.122148916 -0.20424554 -0.18635024 -0.082256876
-0.009677586 -0.15916435 -0.08856031 -0.28038386 -0.20748885 -0.12498967 -0.058631446 0.013213672 0.07958742 0.057036005 0.09465372 0.07739613 0.13275515 0.17355376 0.11910064 -32767.0 -32767.0 -0.12369912 0.04794842 0.2826314 0.2089743 0.08393829 0.0015579053 -0.052814238 -0.118671 -0.09749712 -0.027727515 -0.04917977 -32767.0 -32767.0 -32767.0 -32767.0 -32767.0 -32767.0 -32767.0 -32767.0 -32767.0 -0.1348934 0.01805876 0.19386102 -32767.0 -32767.0 -32767.0 -0.10690561 0.01769408 -0.1305231 -0.05332765 0.12683092 0.08804637 -0.0524057 -0.3593802 -0.5748631 0.04506898 -0.2934958 -0.18546668 -0.2896458 -0.17528586 -0.03205872
-0.22484545 -0.086376 -0.21813387 -0.11556259 -0.13299873 -0.13037665 -0.07602226 -0.043414716 0.012118321 0.071336456 0.08527967 0.120316654 0.21017222 0.21039934 0.09543642 -0.07338577 -0.07840942 -0.07747781 -0.04495846 0.069029965 0.116601944 0.10988607 0.048195317 -0.08793011 -0.09376442 -0.042354144 -32767.0 -0.17768535 0.08211894 -32767.0 -32767.0 0.0034137315 -32767.0 -32767.0 -32767.0 -32767.0 -32767.0 -32767.0 -0.095412165 0.08072923 -32767.0 -32767.0 -0.04188316 0.13984294 -0.036233924 -0.1851361 0.08669642 -0.033261042 -0.03247116 -0.09453441 -0.45739165 -0.26167238 -0.07074485 -0.27152905 -0.27896488 -0.2058926 -0.113967665 -0.028574536
-0.21670052 -0.08776542 -0.18014805 -0.13010466 -0.06345384 -0.008216895 -0.0460183 -0.12436378 -0.122230805 -0.06441879 -0.042379722 -0.011587319 0.005843579 -0.02408498 -0.090449385 -0.086809926 -0.020635536 0.028425833 0.00386587 0.03872122 0.037202675 0.022284247 -0.11083741 -0.20207354 -0.10420312 -32767.0 -0.049105152 -0.054952227 0.10343254 0.017601263 0.08316298 -32767.0 0.100367635 -32767.0 -32767.0 -32767.0 -32767.0 -32767.0 0.11303738 0.18804915 -0.03945876 -0.20167601 -0.0034768751 0.2998152 -0.10031603 -0.23707922 -0.013129705 0.014899477 -0.011605358 -0.09858926 -0.40026206 -0.28230017 -0.14625423 -0.15629302 -0.20469354 -0.19687754 -0.15871371 -0.07323168
-0.20552576 -0.18086806 -0.11186486 -0.035465527 -0.07095027 -0.08881267 -0.17599325 -0.19526307 -0.24583694 -0.2273672 -0.21108118 -0.14388609 -0.103642754 -0.16943896 -0.24043901 -0.13748886 -0.0041919807 0.064442426 0.09192727 0.050178804 0.03593632 0.034472838 -0.028992277 -0.16629194 -0.18731217 -0.18714471 0.0065868925 0.03557938 -0.026712162 0.012526199 -0.0042664767 -0.013738702 0.05843014 -32767.0 -32767.0 -32767.0 -32767.0 0.31244242 0.4540103 0.19692668 -0.07918927 -0.19089828 -0.02710083 0.14494665 0.037412915 -0.07261606 -0.048266247 -0.010347186 0.0055106753 -0.10063539 -0.25959033 -0.3692242 -0.25051904 -0.23809426 -0.24075934 -0.20800662 -0.21159314 -0.11080072
-0.18375282 -0.15235451 -0.10377595 -0.04877855 -0.047343213 -0.08202765 -0.13018055 -0.17918573 -0.18114004 -0.22947046 -0.28726688 -0.19989407 -0.19043534 -0.1048741 -0.17153147 -0.0984103 -0.055377744 -0.010720747 0.03368559 0.09251228 0.2358981 0.2152206 0.11415351 0.058035173 -0.050102964 -0.106250346 -0.12990363 -0.15514173 -0.252346 -0.23778383 0.08141562 0.043211013 -0.055544462 -32767.0 -32767.0 -32767.0 -32767.0 0.4182398 0.060703408 0.055335313 0.093117006 0.09836359 0.14908446 0.14069656 0.05847787 -0.01767208 -0.022970129 -0.043363005 -0.08305264 -0.17022781 -0.27869326 -0.31563655 -0.38144812 -0.41170248 -0.33739197 -0.21014942 -0.14417079 -0.012627274
-0.2502962 -0.09560935 -0.09232618 -0.054614924 -0.0656008 -0.016031988 -0.05376508 -0.102815785 -0.15638743 -0.14422798 -0.12836422 -0.09497946 -0.08463511 -0.08423661 -0.10259022 -0.11084547 -0.0213404 0.08448735 0.23420392 0.33979732 0.45363232 0.42739 0.33467117 0.11102854 -0.048097417 -0.10390034 -0.20092611 -0.28007638 -0.2878752 -0.3584694 -0.045812815 -32767.0 -32767.0 -32767.0 -32767.0 -32767.0 0.1542014 0.29804215 -0.025623076 0.056548584 0.2390447 0.3621693 0.43442154 0.29109198 0.13597387 0.06755017 0.03666504 -0.009308876 -0.104606226 -0.30144215 -0.5456191 -0.6468125 -0.5186822 -0.5110791 -0.6090306 -0.40072274 -0.15754333 0.11459983
-0.23235029 -0.031955566 0.0075284373 -0.026690902 -0.025370773 -0.038035944 -0.07930632 -0.21387048 -0.19903228 -0.1978365 -0.19208041 -0.21800117 -0.09795034 0.004471022 0.07440663 0.02276553 0.13439304 0.19983914 0.28557307 0.3722184 0.41201666 0.4006839 0.27063584 0.08061395 0.011318572 -0.015444116 -0.16711442 -0.39922348 -0.46921474 -0.35005245 -0.07173221 -32767.0 -32767.0 -32767.0 -32767.0 -32767.0 -0.06744355 0.23334688 0.35051265 0.4739381 0.4910708 0.41984868 0.3624472 0.23230378 0.1074769 -0.012677995 -0.04033577 -0.033517748 -0.116894595 -0.32824844 -0.5970047 -0.9209546 -0.98568374 -0.6185763 -0.75074816 -0.68012995 -0.16921742 0.16902378
-0.24558416 -0.07412617 -0.08566315 -0.11063888 -0.05920471 0.0068370067 -0.13358359 -0.1716273 -0.15922645 -0.24435873 -0.31493416 -0.25795338 -0.16871671 -0.04454758 0.12406075 0.16679606 0.2098614 0.25669226 0.30810794 0.36879766 0.39063904 0.32383832 0.2399169 0.16341011 0.08542135 -0.011867413 -0.13179109 -0.28994775 -0.5867919 -0.3412248 -0.167224 0.047192242 -32767.0 0.11883531 -32767.0 -32767.0 0.2563564 0.67871153 0.41849363 0.3984822 0.4228978 0.42995316 0.391235 0.17318702 -0.010874065 -0.047072418 -0.0048217215 -0.060238205 -0.17536978 -0.34354958 -0.5856776 -0.87472755 -1.2336653 -0.8811167 -0.8082585 -0.83969873 -0.14610384 0.22346473
0.07347983 0.01182863 0.053022306 -0.033071797 -0.067996785 -0.057358507 -0.01922287 -0.018354604 -0.0767101 -0.20448323 -0.2156222 -0.1706645 -0.16402584 -0.13457973 0.074330784 0.16426654 0.2355133 0.27516928 0.3112115 0.2911937 0.28611785 0.3270678 0.31994954 0.22012499 0.120448776 -0.055825874 -0.1884904 -0.27858648 -0.5602204 -0.45192814 -0.2315871 -0.14127848 -0.013717969 0.0061403173 -32767.0 0.20678446 0.6127486 0.45211443 0.45593724 0.51807636 0.542115 0.44083536 0.32215446 0.061779965 -0.028666483 0.009774201 -0.033445258 -0.04123517 -0.110338576 -0.3197153 -0.5381952 -0.80400354 -1.1620156 -1.1972177 -0.8847894 -0.94364953 -0.12311487 0.32694012
0.15322863 0.04052814 0.19947085 0.13971417 0.07569997 -0.054928597 -0.03566045 -0.02499339 -0.048513297 -0.111742936 -0.17855246 -0.09458799 -0.056214165 -0.031659964 0.05986098 0.17400974 0.16713862 0.297458 0.30853873 0.27243844 0.27979475 0.32118407 0.2668502 0.19394892 0.16292977 0.007270594 -0.26715255 -0.33739054 -0.51593196 -0.35390308 -0.21663885 -0.121713065 -0.12420643 -32767.0 0.64243954 0.28484023 0.17133483 0.45817366 0.4873861 0.55346006 0.48781326 0.33917505 0.19034947 0.016889844 0.056443274 -0.047896653 -0.069766685 0.012834117 -0.104927585 -0.16664407 -0.49257496 -0.73043936 -1.0382757 -1.3265193 -1.0430025 -0.9888971 -0.1707212 0.3178852
0.2679355 0.43222806 0.28490195 0.22242689 0.14891717 -0.06993581 -0.07907046 -0.110152416 -0.081895456 0.0010130376 -0.025941731 -0.058476225 -0.013364328 -0.0056657135 0.089869596 0.18384507 0.2458903 0.24832363 0.25522766 0.22478434 0.24970497 0.24561064 0.24480912 0.2470025 0.18646993 0.039138883 -0.23696055 -0.38787204 -0.5088849 -0.29225272 -0.08516094 -0.031870533 0.05845055 -0.0010514874 0.19290636 0.01949846 0.48597476 0.43747985 0.6214104 0.65581894 0.3569556 0.2613707 0.031131607 0.12781015 0.11716536 -0.14793235 0.1705462 0.012049738 -0.24678785 -0.39789248 -0.29678577 -0.6531238 -0.96084404 -1.2498391 -1.1905249 -1.0395045 -0.22945012 0.3064921
0.27542165 0.17490932 0.25087076 0.24433015 0.21607979 -0.012577987 -0.19609377 -0.13081485 -0.10588462 -0.106602 -0.030860323 -0.05586612 -0.039787296 0.02336992 0.069247104 0.13284567 0.24019776 0.23471017 0.23976663 0.22896165 0.19965939 0.2900105 0.35158485 0.28892717 0.15037905 -0.057791293 -0.28811312 -0.4702266 -0.4903597 -0.34777585 -0.03400216 -32767.0 0.0439594 -0.22250053 -32767.0 0.39436042 0.5227926 0.5553376 0.8492577 0.7103803 0.2466313 0.11591652 -0.033248667 0.1071396 0.067223236 0.025833387 0.19502851 0.105239384 -0.20585746 -0.47057822 -0.44953716 -0.48034227 -0.94103575 -1.1918609 -1.225411 -1.0556033 -0.26983032 0.37104473
-32767.0 0.2830014 0.2984647 0.44886455 0.26549825 0.088995405 -0.19988051 -0.2974057 -0.22361225 -0.13299997 -0.20337705 -0.08012914 -0.02023876 0.014431797 0.0619061 0.116082326 0.16699709 0.11077593 0.07547023 0.10167931 0.21395662 0.36624292 0.46457306 0.40901127 0.2527907 -0.0029918645 -0.31549415 -0.5598533 -0.5532957 -0.47111323 -0.28431836 0.10256431 -32767.0 -0.22489265 0.22026077 0.46973732 0.60135233 0.6953571 0.9074443 0.64367896 0.18731722 0.016110668 -0.069812015 0.011483715 0.06451541 0.092702456 0.22169137 0.19294772 -0.006921789 -0.36748198 -0.47172135 -0.47757435 -0.920482 -1.1687601 -1.1724799 -1.052278 -0.30610144 0.5655423
0.16747856 0.43573052 0.37740043 0.28472766 0.13384816 0.108577624 0.092691645 0.029889831 -0.17312238 -0.3486704 -0.305403 -0.38986415 -0.26231322 -0.079356395 -0.024351405 0.035315834 0.09973096 0.04824463 0.009946944 0.10068329 0.28539926 0.5800557 0.65681446 0.587188 0.41424358 0.17709628 -0.14990258 -0.38310993 -0.5928766 -0.4570592 -0.39919183 -0.4486358 -0.20565978 0.021483576 0.26132765 0.5090054 0.5930781 0.72634804 0.66810715 0.5327632 0.2763546 0.04248118 -0.02294639 -0.031934045 0.03353042 0.061174285 0.18042354 0.17575952 0.024425544 -0.0817992 -0.1862 -0.43828583 -0.8576511 -0.9992199 -1.0303154 -0.8450041 -0.18950723 0.7008424
0.23447411 0.3820696 0.3091946 0.33867985 0.25815952 0.11380751 0.111238584 -0.017704986 0.058813125 -0.084203854 -0.0682906 -0.035939377 -0.06840724 -0.08350914 -0.06143245 -0.009646834 0.025234777 -0.050692208 -0.030731328 0.13520427 0.46190995 0.77464885 0.82214606 0.7131393 0.46070245 0.1712161 -0.017262358 -0.17043786 -0.4097605 -0.49758765 -0.18143205 -0.685128 -0.3850138 0.2234934 0.57752615 0.5267248 0.6075717 0.57160765 0.37048027 0.286737 0.1841074 0.042990033 -0.024353772 -0.042531077 -0.093082 -0.020130921 0.038273964 0.13836986 -0.0627516 -0.053688373 0.052321233 -0.29042462 -0.75833696 -0.85997534 -0.81152284 -0.6017235 -0.023277216 0.6428616
0.29633987 0.38922974 0.24621654 0.21724908 0.19456717 0.20057662 -0.018285653 -0.0145284915 0.019017886 -0.051129844 -0.04338356 -0.022504978 -0.044412475 -0.045594968 0.023317434 0.10094161 0.073905066 -0.0774515 -0.029249584 0.062089592 0.44835296 0.8352988 0.89330125 0.7987045 0.45231235 0.23568086 0.06405621 -0.0981009 -0.23848243 -0.691702 -0.41787347 -0.42770138 0.10633581 0.31941023 0.5189337 0.60591847 0.6199123 0.38063535 0.13095081 0.08734167 0.08769093 0.031146578 -0.016400056 -0.07635709 -0.195089 -0.17131177 -0.020547116 0.034500808 0.03233557 -0.14109214 -0.001008876 -0.042076394 -0.4364618 -0.62566715 -0.5822131 -0.34857672 0.11759044 0.48330125
0.24297127 0.40237752 0.24860871 0.24792886 0.2297876 0.033467557 0.17319594 0.019365352 0.18801875 0.0023662553 -0.038895495 0.023050323 0.06379103 0.012756191 0.06210441 0.072952524 -0.032666087 -0.05259835 0.07838196 -0.0106112 0.3315663 0.87834436 0.92661613 0.77188724 0.4330197 0.34969717 0.14620757 -0.0952525 -0.45965335 0.04590182 -0.40648165 -0.19009621 0.100469865 0.2793342 0.5488515 0.54408437 0.4427618 0.29871914 0.035102468 -0.029078664 0.028749028 0.057991877 0.066175066 0.059117407 -0.058132365 -0.32807085 -0.18627605 0.13172342 0.05211968 -0.013365962 -0.064188935 -0.15396263 -0.2230094 -0.37372336 -0.3699931 -0.1705587 0.10764877 0.37097344
0.43448246 0.304171 0.22562738 0.027882654 0.31572613 0.02955752 0.09562702 0.16537255 0.17155497 0.044419304 0.08958182 0.13906878 0.057499155 0.06807462 0.15231486 0.120340064 0.056515593 0.022861041 0.077393904 0.12510179 0.39416024 0.7531337 0.902601 0.6752888 0.32200688 0.33496934 0.1041377 -0.12088234 -0.045486856 -0.14615417 -0.2129433 -0.023884866 0.17570569 0.29561517 0.3061401 0.29116148 0.21783356 0.12273478 0.027226115 -0.008263479 0.028854234 0.06706728 0.07325354 0.014787087 0.02137849 -0.091081195 -0.31625298 -0.17917931 0.0040288875 -0.006319834 -0.05214554 -0.03644264 -0.040556278 -0.11668662 -0.07487872 0.1169076 0.19635615 0.054966748
0.41579306 0.3581528 0.19328342 0.053610466 -0.01465117 0.21747051 0.21001947 0.03716695 0.06354614 0.017280366 0.07152201 0.123362154 0.09217697 0.12767828 0.058298875 0.12885033 0.14365104 0.16113663 0.28880948 0.47825202 0.62164664 0.7595189 0.7028752 0.42251417 0.18761776 0.25078222 0.15302466 -0.06179156 -0.04149158 0.045656614 -0.010461667 0.032219 0.0858813 0.15233445 0.285011 0.30553842 0.25374183 0.19219543 0.13788624 0.09355974 0.05564792 0.06281671 0.026482867 -0.013438979 -0.034415673 0.0070472425 -0.08908588 -0.22390968 -0.1444808 -0.114428595 -0.07045684 -0.01611821 -0.10936286 -0.1493971 -0.10636246 -0.09999482 0.011092598 -0.13635305
0.4096278 0.40876174 0.32134807 0.13669756 -0.02646778 -0.021196008 0.15168837 -0.002519356 0.06274471 0.05078711 0.094400294 0.15155225 0.09804388 0.07387162 0.0147609655 0.17944977 0.27351844 0.43688735 0.61774683 0.87943506 0.8851993 0.66403174 0.33814862 0.10705214 0.06307693 0.06754782 0.21228383 -0.004525494 0.038706873 0.12383358 0.04244719 -0.13428499 0.17643628 0.35444203 0.3885081 0.4009804 0.40621573 0.3329671 0.23621678 0.1295479 0.079763405 0.010687786 -0.03530741 -0.09591956 -0.08186456 0.018706985 0.015369717 -0.14776085 -0.16994523 -0.13993335 0.15303732 0.180534 0.1036924 0.052288443 0.037916485 0.02921614 -0.21899761 -0.06225072
0.49568957 0.49015206 0.18791804 0.17136507 0.08741753 -0.104564786 0.08231629 0.04468236 -0.024561793 0.10117848 0.16415024 0.25504354 0.21147189 0.07988789 0.19173373 0.38531515 0.48594773 0.85949105 1.0592482 0.93934464 0.64034164 0.26124904 0.057539847 -0.04039077 0.00016709324 -0.061466336 0.21518232 -32767.0 -0.1805839 -0.04283669 0.07465492 0.062373742 0.36409092 0.49375755 0.5216793 0.5013161 0.38096905 0.26849407 0.1818669 0.086034216 0.008801086 -0.030979462 -0.08850863 -0.13503526 -0.15619953 -0.017672371 -0.013049069 -0.19299988 -0.24437314 0.039472505 0.19999042 0.20940194 0.16422518 0.108088106 -0.092782006 -0.25654134 0.12263351 0.17508535
0.51214063 0.4772023 0.120873645 0.069452375 0.05265328 0.12616159 0.032520346 -0.039844107 -0.06117966 0.16100886 0.178795 0.27650896 0.24602403 0.22004484 0.304468 0.4444659 0.89170426 0.9566027 0.85683584 0.67368275 0.38273373 0.115704924 -0.014789493 0.019534197 -0.005904395 -0.18239208 0.23628509 0.019921456 -0.18467233 0.09351662 0.22010092 0.33692434 0.48356974 0.5384932 0.5053445 0.4231146 0.4193526 0.3683798 0.16756345 -0.014593793 -0.09089906 -0.12135255 -0.09398481 -0.19276603 -0.18102463 0.024935111 -0.14277048 -0.2783027 -0.15649039 -0.03901615 -0.03805392 0.028231854 0.0780193 -0.04980689 -0.21711823 -0.12934273 0.13754763 0.20849887
0.5429295 0.38041154 0.078869574 -0.07182058 0.060970005 0.11337565 0.013587062 -0.08056944 0.06725176 0.19263777 0.22864603 0.21826716 0.13885747 0.19851713 0.260971 0.70778203 0.8748557 0.847475 0.63996685 0.43483078 0.2602385 0.20237307 0.12093193 -0.00032718753 -0.10933735 -0.121491544 -32767.0 0.0039268457 0.19703382 0.23077475 0.44382676 0.48774007 0.51377684 0.5061998 0.46532905 0.4810147 0.5117211 0.37364337 0.2507618 0.04750191 -0.12747203 -0.09823045 -0.1707395 -0.28017023 -0.13553517 -0.11079228 -0.25667745 -0.300344 -0.21725929 -0.14835829 0.08756063 0.2783477 0.31425455 0.30678344 0.18383937 0.09732022 0.16322997 0.25703824
0.5147411 0.3644237 0.09161142 0.21248731 0.07892132 0.0052099293 0.0924544 0.14996727 0.18407783 0.13643584 0.24167064 0.1912117 -0.04149325 0.1199897 0.45111948 0.76586276 0.7564665 0.7179434 0.50635934 0.4264011 0.29142064 0.14771467 0.07983801 -0.049526144 -0.1520556 0.016125424 -0.15930551 0.21182676 0.1547724 0.4379278 0.5048308 0.45273 0.5244673 0.50212824 0.5223269 0.5498411 0.52708244 0.2983795 0.20946287 -0.02910752 -0.12666696 -0.15686028 -0.24513128 -0.23644373 -0.15453757 -0.30931064 -0.37237307 -0.29571554 -0.02142419 0.21219683 0.37184948 0.3450831 0.24189654 0.1756059 0.15465164 0.1492641 0.034059156 0.22724849
0.30101562 0.4164704 0.28379473 0.17779233 0.024132557 0.106966026 0.1767464 0.13459386 0.08041559 0.21399784 0.19929335 0.21179512 0.1514969 0.34376836 0.65892005 0.7204248 0.70625114 0.6404939 0.48614827 0.32291275 0.15464278 0.08896709 0.041321736 -0.15061365 -0.013767278 -0.09091926 0.057974637 0.07759453 0.27161562 0.5387292 0.45716906 0.43882108 0.48378617 0.5655542 0.5070784 0.46229318 0.49325368 0.2626531 0.11453709 -0.026202358 -0.1586926 -0.24097851 -0.28569478 -0.26042333 -0.42304325 -0.4781569 -0.32000813 0.04796635 0.16614003 0.4705947 0.4705077 0.35848308 0.14514813 -0.042827643 0.09901546 0.052993167 -0.05107741 0.2502476
