static/data/pressure/2023/7/6/0.asc
ncols 137
nrows 93
xllcorner 108.0
yllcorner 17.0
cellsize 0.25
NODATA_value -32767
[rows 57 to 75 of 93, columns 0 to 42 of 137]
100.54474317328676 100.56513759289213 100.5418554678559 100.52091960348223 100.53228994361619 100.55764760693087 100.55972314520929 100.63299867051715 100.71475683052813 100.73578293569652 100.67658497436408 100.59599994468435 100.57912491607281 100.6044825793875 100.61260425091177 100.62262097912503 100.62550868455588 100.59924861329407 100.60908485991791 100.64328612111457 100.6755020848275 100.73596341728594 100.8065317187524 100.8706026829994 100.85787873094472 100.77873755398045 100.72071272297927 100.72125416774756 100.75076290761906 100.7963345089497 100.80499762524225 100.82015807875422 100.8819730231334 100.92664221651688 100.95912890261395 100.99721051798332 101.02220721811912 100.99865437069874 101.01724397440985 101.01471723215785 101.00650531983887 101.02148529176141 101.0009103905666
100.57984684243053 100.62965976111273 100.67071932270765 100.65673199952697 100.6287573531656 100.61504075236904 100.59699259342621 100.67640449277464 100.7017621560893 100.67450943608564 100.635886375948 100.68515784986191 100.71863718470084 100.71241056986558 100.63471324561672 100.62975000190744 100.63976673012071 100.64436901065113 100.69391120694918 100.72098344536342 100.75933578311691 100.82376771054278 100.8878386747898 100.8832363942594 100.86184932591215 100.7919127100087 100.75888457914334 100.75590663291777 100.784242242458 100.83062601094106 100.83152841888821 100.86103715875971 100.92411547426488 100.9491121744007 100.97573320884135 101.04341380487693 101.0744566382586 101.01462699136314 100.99071318076389 100.99721051798332 101.00190303930846 100.99188631109517 100.9409002620817
100.59464633276366 100.6307426506493 100.68750411052447 100.70320600880473 100.67351678734379 100.62776470442374 100.62677205568188 100.6845261642989 100.64554214098241 100.62866711237088 100.69490385569104 100.77251093914516 100.77350358788702 100.71674212801184 100.68624073939847 100.76673552828346 100.79741739848627 100.77810586841746 100.7745864774236 100.77260117993988 100.7822569449743 100.8341454019349 100.84578646445303 100.84596694604247 100.86961003425755 100.80833653464667 100.7802716474906 100.78722018868356 100.81754109570751 100.88612409969024 100.90778189042163 100.92312282552302 100.9491121744007 100.97771850632506 101.007407727786 101.06786906024448 101.09927285680497 101.05315981070608 101.02771190659668 101.01264169387943 101.01011495162743 100.92176921360232 100.87511472273512
100.59897789090992 100.61070919422276 100.6551076652221 100.67053884111822 100.64373732508814 100.60809221117606 100.64852008720797 100.69039181595532 100.66133428005739 100.64770792005555 100.711959365892 100.78884452298843 100.79651499053912 100.74146810576352 100.77603033013902 100.85408861756673 100.86699305121086 100.8347770874979 100.80941942418325 100.86040547319672 100.8706026829994 100.79985389994354 100.80427569888454 100.81537531663439 100.8737611108144 100.83721358895518 100.83766479292876 100.84398164855875 100.864737031343 100.9242057150596 100.96526527665452 100.96237757122367 100.97825995109335 100.98683282659118 101.016883011231 101.06371798368761 101.10549947164024 101.0610107598462 101.01895854950942 101.0047907447393 100.9753722456625 100.89072638022066 100.84199635107504
100.5936536840218 100.57948587925168 100.61910158813117 100.63173529939115 100.60484354256634 100.60466306097692 100.64852008720797 100.68777483290862 100.71872742549556 100.70510106549372 100.69391120694918 100.75951626470633 100.81763133650222 100.79263463636642 100.82873095425207 100.86058595478615 100.87358062922497 100.83946960882304 100.82791878709963 100.91039887346834 100.93963689095571 100.86888810789983 100.8251213224635 100.83450636511375 100.90173575717577 100.90678924167977 100.91112079982605 100.90038214525508 100.92113752803931 100.93223714578916 100.97474056009949 100.97528200486778 100.97275526261579 100.98123789731892 100.99639835083089 101.04016513626723 101.10225080303054 101.02446323798698 100.97483080089421 100.94947313757956 100.92014487929745 100.87872435452368 100.83811599690233
100.60033150283064 100.58002732401997 100.60060222521479 100.61558219713733 100.62235025674089 100.62803542680788 100.62758422283432 100.65925874177896 100.71123743953429 100.74859712854592 100.73415860139167 100.75401157622878 100.82241409862208 100.81086327689867 100.85165211610945 100.87998772564968 100.91464019081991 100.88991421306822 100.87285870286726 100.8916287881678 100.92059608327102 100.90408201783835 100.86563943929015 100.88377783902769 100.93178594181559 100.95190963903683 100.96896514923779 100.95452662208353 100.92934944035831 100.92510812300674 100.96012155135581 100.9734771889735 100.97086020592678 100.9779892287092 100.99161558871104 101.02689973944426 101.0917828708437 100.9939618493736 100.9299811259213 100.90453322181192 100.88874108273694 100.86175908511743 100.85553247028216
100.63814239581586 100.61828942097875 100.63146457700701 100.64725671608197 100.65862705621596 100.64915177277098 100.61585291952146 100.64491045541942 100.7497702588772 100.80012462232769 100.79471017464485 100.80111727106954 100.81708989173394 100.81149496246167 100.86572968008485 100.89650179108237 100.94062953969757 100.96589696221753 100.93133473784202 100.87565616750341 100.84804248432089 100.84822296591032 100.86888810789983 100.89550914234052 100.93277859055745 100.95885818022981 100.97239429943693 100.95515830764653 100.92962016274245 100.92646173492744 100.95100723108969 100.96003131056109 100.97501128248364 100.98421584354449 101.0002787050036 101.03411900302139 101.06471063242947 100.99387160857889 100.93810279744557 100.91103055903133 100.88937276829995 100.88260470869639 100.89090686181008
100.6493322543604 100.6595294641631 100.67171197144951 100.68299207078877 100.68470664588834 100.67189245303894 100.633991319259 100.69562578204875 100.8040049765004 100.83396492034548 100.81799229968108 100.80878773862024 100.83685262577633 100.8520130792883 100.85291548723544 100.84948633703631 100.857156804587 100.89072638022066 100.93539557360414 100.90588683373262 100.86627112485314 100.85851041650773 100.88025844803383 100.92077656486046 100.9722138178475 100.97636489440436 100.96246781201839 100.9523608430104 100.95921914340867 100.96300925678666 100.96102395930295 100.96616768460166 100.99296920063175 101.013092897853 101.03150201997468 101.02987768566983 101.01201000831642 100.96400190552852 100.9409002620817 100.91861078578731 100.91166224459434 100.91608404353534 100.92898847717944
100.63678878389514 100.67026811873407 100.67126076747593 100.65601007316926 100.64590310416128 100.6512273110494 100.65528814681154 100.74462653357851 100.80851701623611 100.80463666206339 100.77503768139717 100.77684249729145 100.82033856034364 100.84578646445303 100.84001105359133 100.83549901385561 100.83874768246532 100.85183259769887 100.89198975134666 100.89298240008851 100.87403183319854 100.87358062922497 100.90146503479163 100.94640495055927 100.98015500778234 100.94685615453284 100.93674918552485 100.95651191956725 100.99323992301589 101.02220721811912 101.0221169773244 101.01715373361513 101.01489771374729 101.01246121229 101.00370785520272 100.9811476565242 100.94712687691698 100.93476388804115 100.92447643744373 100.92321306631774 100.9312444970473 100.94360748592312 100.9568728827461
100.64121058283614 100.6767654559535 100.68560905383548 100.66322933674638 100.64716647528726 100.66774137648208 100.69562578204875 100.73885112271681 100.7413778649688 100.73984377145867 100.74814592457237 100.77160853119803 100.79389800749242 100.79750763928098 100.81826302206522 100.87150509094656 100.90245768353348 100.89189951055194 100.87764146498712 100.85787873094472 100.85309596882487 100.86166884432272 100.88422904300124 100.91364754207805 100.94108074367114 100.93196642340502 100.92384475188074 100.94775856247999 100.98935956884318 101.03014840805396 101.04612102871836 101.02861431454383 100.98250126844492 100.96174588566066 100.95127795347383 100.9402685765187 100.93665894473014 100.94902193360598 100.94577326499628 100.95335349175225 100.96373118314438 100.97076996513208 100.98033548937178
100.6186503841576 100.65835633383182 100.69941589542674 100.68651146178262 100.67983364297378 100.7017621560893 100.70952286443472 100.70546202867259 100.72233705728412 100.74552894152565 100.76086987662705 100.77621081172845 100.8047269028581 100.81663868776036 100.82665541597365 100.86446630895885 100.88116085598097 100.8731294252514 100.8724074988937 100.8520130792883 100.84966681862575 100.86464679054829 100.88513145094838 100.89379456724095 100.91960343452917 100.92799582843759 100.93503461042528 100.96427262791266 101.00199328010316 101.0246437195764 101.02608757229183 101.02987768566983 100.99035221758504 100.96526527665452 100.95434614049411 100.95010482314255 100.95127795347383 100.96039227373996 100.96463359109153 100.97140165069507 100.97961356301407 100.98674258579646 100.99621786924146
100.61179208375934 100.63597661674271 100.67315582416494 100.68660170257733 100.68515784986191 100.70203287847345 100.70401817595716 100.71051551317657 100.7650209531839 100.79092006126685 100.80987062815682 100.8169094101445 100.84091346153846 100.85210332008302 100.85733728617643 100.86275173385928 100.87583664909283 100.8679856999527 100.87123436856241 100.85823969412358 100.85553247028216 100.8693393118734 100.88233398631225 100.89271167770437 100.91734741466134 100.93711014870371 100.94450989387028 100.97248454023165 101.00785893175957 100.98800595692246 100.9766356167885 100.98638162261761 100.98647186341233 100.96436286870738 100.96400190552852 100.96138492248181 100.96833346367481 100.97311622579464 100.98024524857706 100.98674258579646 100.9939618493736 101.0047907447393 101.01074663719044
100.61964303289946 100.63516444959029 100.6563710363481 100.67035835952879 100.67838979025835 100.69995734019501 100.71629092403828 100.74011449384281 100.784873928021 100.81754109570751 100.85002778180458 100.86175908511743 100.88747771161094 100.89388480803565 100.87854387293426 100.87908531770255 100.89785540300308 100.87971700326554 100.87791218737125 100.87285870286726 100.87349038843026 100.87583664909283 100.88477048776952 100.90038214525508 100.9273641428746 100.94613422817513 100.95190963903683 100.96788225970123 100.9741088745365 100.96273853440252 100.95524854844125 100.96291901599196 100.96246781201839 100.96472383188623 100.96896514923779 100.97383815215235 100.98277199082906 100.98710354897533 100.99603738765204 101.00361761440801 101.00885158050143 101.0220267365297 101.02500468275525
100.63796191422642 100.64888105038683 100.65474670204325 100.67315582416494 100.68263110760991 100.70762780774572 100.7413778649688 100.76926227053546 100.79290535875056 100.81411194550839 100.85237404246716 100.88188278233868 100.94270507797599 100.93909544618742 100.91247441174676 100.90633803770619 100.92754462446402 100.89947973730793 100.88738747081624 100.8903654170418 100.8897337314788 100.88747771161094 100.89623106869823 100.91328657889919 100.93584677757771 100.95073650870555 100.95190963903683 100.95190963903683 100.9587679394351 100.95696312354082 100.9606629961241 100.96589696221753 100.96878466764838 100.97374791135763 100.9811476565242 100.98547921467049 100.99477401652604 100.99946653785118 101.00903206209087 101.0157098808997 101.02274866288741 101.03601405971038 101.04115778500908
100.66115379846796 100.65736368508996 100.65916850098425 100.67622401118521 100.69237711343904 100.71972007423742 100.75698952245435 100.784873928021 100.79813932484399 100.81438266789253 100.84226707345918 100.86545895770071 100.9390052053927 100.97311622579464 100.94884145201655 100.91373778287276 100.92934944035831 100.90173575717577 100.89424577121451 100.89821636618194 100.90290888750705 100.90110407161278 100.91066959585248 100.9230325847283 100.94135146605528 100.94884145201655 100.95001458234783 100.9537144549311 100.9581362538721 100.96463359109153 100.96923587162193 100.97600393122549 100.98186958288191 100.98683282659118 100.99423257175775 100.9971202771886 101.00623459745472 101.01264169387943 101.0221169773244 101.03177274235883 101.03962369149895 101.04864777097036 101.05803281362063
100.68389447873591 100.67649473356936 100.65601007316926 100.66701945012437 100.69165518708132 100.7131324962233 100.74570942311509 100.77133780881388 100.79001765331971 100.8110437584881 100.82078976431721 100.83071625173578 100.88278519028583 100.91834006340318 100.91202320777319 100.88016820723911 100.90047238604978 100.90038214525508 100.89722371744008 100.90272840591763 100.90660876009034 100.90895502075291 100.91996439770803 100.92790558764287 100.93990761333986 100.94676591373813 100.95425589969939 100.96102395930295 100.96688961095937 100.97401863374178 100.97627465360964 100.98484752910748 100.99071318076389 100.99621786924146 101.00397857758686 101.00939302526972 101.01823662315171 101.02563636831826 101.03321659507425 101.04287236010865 101.05325005150078 101.0584840175942 101.07003483931761
100.70663515900387 100.67622401118521 100.6563710363481 100.66647800535608 100.6933697621809 100.71114719873958 100.73415860139167 100.7579821711962 100.77810586841746 100.79579306418141 100.80490738444753 100.8187142260388 100.85986402842843 100.8903654170418 100.89009469465766 100.86825642233684 100.87971700326554 100.8935238448568 100.89947973730793 100.90453322181192 100.90913550234234 100.9127451341309 100.92537884539088 100.93413220247815 100.94514157943327 100.9523608430104 100.9612946816871 100.97049924274793 100.97591369043079 100.98466704751806 100.99125462553218 100.99937629705646 101.00551267109701 101.01128808195871 101.01850734553585 101.02473396037111 101.02933624090154 101.03863104275709 101.04576006553951 101.05388173706378 101.06398870607175 101.0713884512383 101.0789686779943
100.66350005913053 100.64852008720797 100.6588977786001 100.67604352959579 100.69598674522761 100.71466658973341 100.73451956457052 100.7554554289442 100.77648153411259 100.79534186020784 100.80499762524225 100.81727037332337 100.83946960882304 100.86591016167428 100.88052917041797 100.87574640829811 100.87809266896069 100.8909971026048 100.89677251346652 100.90426249942777 100.91310609730976 100.92285210313888 100.93701990790899 100.94541230181741 100.9549778260571 100.96300925678666 100.97076996513208 100.97862091427221 100.98547921467049 100.99333016381061 101.00063966818246 101.00650531983887 101.01372458341599 101.02049264301955 101.02563636831826 101.03438972540553 101.0406163402408 101.04900873414921 101.05740112805762 101.06434966925062 101.07120796964888 101.08059301229916 101.08501481124016
100.64066913806785 100.64915177277098 100.67089980429708 100.68696266575618 100.70338649039415 100.7235101876154 100.73984377145867 100.75933578311691 100.782978871332 100.80003438153297 100.80689268193125 100.82151169067494 100.83333323478247 100.8493960962416 100.862841974654 100.8724074988937 100.88377783902769 100.89487745677751 100.90326985068592 100.91409874605162 100.92465691903317 100.93359075770987 100.94324652274427 100.95290228777868 100.96273853440252 100.97185285466864 100.97952332221935 100.98701330818061 100.99684955480446 101.0028956880503 101.01146856354815 101.01715373361513 101.02473396037111 101.03276539110068 101.03899200593594 101.04566982474479 101.0533402922955 101.05902546236248 101.06687641150262 101.07427615666916 101.0802320491203 101.08700010872386 101.0924145564067
