static/data/pressure/2023/7/6/18.asc
ncols 137
nrows 93
xllcorner 108.0
yllcorner 17.0
cellsize 0.25
NODATA_value -32767
[rows 0 to 18 of 93, columns 86 to 128 of 137]
100.1262966081974 100.13080864793311 100.13468900210582 100.14407404475608 100.15165427151207 100.15914425747334 100.16816833694476 100.1748461557536 100.18260686409901 100.19208214754399 100.20218911655198 100.2113034368181 100.22141040582609 100.2311564116552 100.24054145430547 100.2502874601346 100.25940178040072 100.27221597325013 100.28818859391453 100.30831229113576 100.32608972769445 100.3437769234584 100.36110315604353 100.37644409114492 100.39178502624634 100.4069454797583 100.42309858201213 100.43997361062367 100.45793152877178 100.47570896533045 100.49285471632614 100.50981998573239 100.52660477354922 100.54023113355105 100.55394773434759 100.56928866944898 100.58020780560939 100.5923000721011 100.60529474653993 100.61846990256818 100.63281818892771 100.65068586628111 100.67604352959579
100.15210547548564 100.1577004047579 100.16194172210947 100.1690707448919 100.1768314532373 100.1837799944303 100.19145046198099 100.19857948476341 100.20606947072467 100.21554475416966 100.22366642569392 100.23232954198649 100.2446022900676 100.25416781430731 100.26382357934172 100.27456223391269 100.28430823974182 100.29685171020708 100.31129023736133 100.32744333961516 100.3455817393527 100.36390062067966 100.38258046518548 100.39701899233974 100.4121794458517 100.42743014015839 100.44195890810738 100.45657791685106 100.47227981513132 100.488793880564 100.50458601963896 100.52046839950866 100.53635077937834 100.55133075130088 100.56540831527627 100.57984684243053 100.59455609196894 100.60917510071263 100.6243355542246 100.64003745250486 100.65402477568554 100.67405823211207 100.70717660377215
100.18540432873515 100.189555405292 100.19515033456427 100.20119646781012 100.20670115628768 100.2113936776128 100.21771053324281 100.22285425854152 100.22754677986664 100.23602941456977 100.2446022900676 100.25407757351259 100.26671128477257 100.27708897616468 100.28818859391453 100.30109302755865 100.31192192292433 100.3244653933896 100.33809175339144 100.35298148451926 100.37166132902509 100.38952900637848 100.40523090465874 100.42093280293899 100.43546157088795 100.44926841247921 100.46271429089161 100.47543824294631 100.488793880564 100.50205927738698 100.5169490085148 100.53219970282149 100.54781136030702 100.56540831527627 100.5821931030931 100.59915837249936 100.61639436428975 100.63092313223872 100.64391780667756 100.65646127714282 100.67180221224422 100.69264783582318 100.71917862946913
100.21157415920224 100.21590571734852 100.22095920185251 100.22520051920407 100.22980279973449 100.23458556185435 100.23882687920592 100.24369988212047 100.24929481139274 100.25741648291701 100.26698200715671 100.2784425880854 100.2913470217295 100.3033490474265 100.3161632402759 100.32915791471473 100.34052825484872 100.35460581882411 100.36931506836251 100.38366335472206 100.39972621618116 100.41596955922971 100.42878375207911 100.44556853989593 100.45856321433477 100.46803849777974 100.48085269062915 100.49285471632614 100.50422505646011 100.5163173229518 100.53129729487434 100.54808208269117 100.56540831527627 100.58264430706667 100.60078270680421 100.61846990256818 100.63444252323258 100.65221995979125 100.66747065409794 100.68470664588834 100.707537566951 100.7337976382128 100.76204300695834
100.22294449933622 100.22682485350892 100.23196857880762 100.2362098961592 100.24153410304731 100.24920457059802 100.25335564715488 100.26039442914258 100.26896730464043 100.27790114331711 100.29044461378238 100.30316856583707 100.31697540742833 100.33105297140372 100.3443183682267 100.35884713617567 100.37292470015107 100.3870925049212 100.4018017544596 100.41416474333542 100.42977640082097 100.44385396479636 100.45603647208277 100.46921162811104 100.47958931950315 100.48978652930586 100.50232999977112 100.51171504242137 100.52245369699236 100.5368019833519 100.55006738017488 100.56703264958114 100.58652466123938 100.60547522812935 100.62469651740345 100.64328612111457 100.65772464826883 100.67730690072179 100.6883162776769 100.6986037282743 100.71484707132285 100.74760447980408 100.77792538682802
100.22366642569392 100.22844918781378 100.23584893298035 100.24153410304731 100.24703879152489 100.25777744609586 100.26680152556727 100.27402078914442 100.28719594517267 100.3001906196115 100.31309505325562 100.32942863709887 100.34422812743199 100.35884713617567 100.37409783048237 100.38853635763662 100.40279440320145 100.4166012447927 100.43076904956283 100.44322227923338 100.45405117459907 100.46794825698504 100.47769426281415 100.489425566127 100.49989349831384 100.51081263447425 100.52173177063464 100.53156801725848 100.54447245090262 100.55954266361987 100.57434215395298 100.59464633276366 100.61540171554789 100.63308891131186 100.64942249515512 100.66756089489266 100.67857027184779 100.70004758098973 100.71105695794486 100.71728357278013 100.74877761013535 100.78135453702716 100.80382449491097
100.22953207735034 100.23323194993363 100.24243651099447 100.24821192185617 100.25705551973815 100.26734297033556 100.27754018013826 100.29143726252423 100.30479290014192 100.32031431683275 100.33845271657029 100.35505702279768 100.37102964346208 100.38745346810005 100.40270416240674 100.4166012447927 100.4313104943311 100.44502709512764 100.45594623128807 100.46803849777974 100.47868691155601 100.48870363976928 100.49890084957198 100.51027118970596 100.52019767712451 100.53084609090077 100.54239691262418 100.5565647173943 100.56946915103842 100.58309551104024 100.60330944905621 100.6237038686616 100.64653478972427 100.6620562064151 100.67848003105307 100.69327952138619 100.70383769436773 100.72305898364183 100.72928559847712 100.73533173172295 100.78857380060428 100.84344020379046 100.86609064326372
100.24415108609404 100.24622662437245 100.25254348000246 100.26355285695757 100.27140380609771 100.28006692239025 100.29432496795508 100.3104780702089 100.32527756054202 100.3436866826637 100.36344941670609 100.38068540849649 100.39783115949217 100.41506715128257 100.42842278890025 100.44231987128623 100.45720960241407 100.46839946095861 100.47967956029787 100.49123038202129 100.50043494308211 100.51081263447425 100.52191225222408 100.53120705407963 100.54402124692905 100.55367701196344 100.5662204824287 100.5775908225627 100.59248055369052 100.60592643210292 100.62704277806603 100.65014442151283 100.6729753425755 100.68822603688218 100.70789853012987 100.72504428112555 100.73271474867624 100.74083642020052 100.73659510284895 100.74895809172477 100.8206995235225 100.88269494949111 100.89947973730793
100.25317516556545 100.26454550569943 100.26544791364657 100.27790114331711 100.28791787153038 100.29685171020708 100.31183168212962 100.33060176743015 100.34892064875712 100.36877362359422 100.39007045114677 100.4063137941953 100.42309858201213 100.43970288823952 100.45215611791006 100.46722633062733 100.48004052347673 100.49294495712086 100.50485674202311 100.51604660056766 100.52678525513865 100.53671174255719 100.54708943394931 100.55620375421545 100.56919842865427 100.57939563845696 100.58959284825967 100.5987974093205 100.61170184296462 100.62830614919203 100.64364708429342 100.66683896853493 100.68741386972977 100.70654491820916 100.7285636721194 100.7465215902675 100.74931905490364 100.74354364404195 100.73740727000138 100.77747418285445 100.8398305720019 100.89767492141365 100.92267162154945
100.259311539606 100.27447199311797 100.28033764477439 100.28854955709339 100.30109302755865 100.3199533536539 100.33682838226544 100.35695207948669 100.37689529511849 100.39792140028689 100.41542811446142 100.43158121671524 100.44746359658492 100.46181188294447 100.47489679817804 100.49077917804772 100.50395433407597 100.5163173229518 100.53247042520563 100.54293835739247 100.55439893832116 100.56576927845514 100.5763274514367 100.5867051428288 100.59590970388966 100.60466306097692 100.61260425091177 100.62722325965545 100.63832287740529 100.64707623449254 100.65483694283796 100.67757762310593 100.69553554125403 100.71592996085941 100.72946608006654 100.74670207185694 100.74814592457237 100.75383109463935 100.75753096722264 100.82106048670136 100.88314615346468 100.93981737254514 100.95479734446768
100.27185501007128 100.28078884874796 100.29721267338593 100.30768060557277 100.3277140619993 100.35108642783027 100.37292470015107 100.38998021035205 100.40802836929487 100.4248131571117 100.43898096188181 100.45504382334092 100.46857994254803 100.481845339371 100.4965545889094 100.51144432003723 100.52642429195978 100.54203594944534 100.55891097805687 100.56883746547541 100.58210286229838 100.59446585117423 100.60159487395664 100.61314569568005 100.62090640402546 100.6288475939603 100.641571546015 100.65041514389696 100.65519790601682 100.66115379846796 100.68082629171562 100.69129422390247 100.70203287847345 100.71259105145501 100.72314922443655 100.73903160430623 100.7484166469565 100.76132108060062 100.7950711378237 100.85923234286544 100.9038112954542 100.92384475188074 100.92718366128516
100.30127350914807 100.29459569033922 100.32103624319046 100.33718934544429 100.3576740058444 100.3801439637282 100.40234319922787 100.41768413432928 100.43302506943067 100.44710263340608 100.45928514069249 100.47246029672074 100.48545497115957 100.50007397990326 100.51857334281965 100.5329216291792 100.55006738017488 100.56721313117056 100.5809297319671 100.59302199845881 100.6058361913082 100.6160334011109 100.62027471846245 100.63317915210658 100.63967648932599 100.6460835857507 100.6594392233684 100.66133428005739 100.68371399714648 100.71168864350787 100.73776823318023 100.70446937993073 100.70230360085759 100.71556899768056 100.73641462125953 100.75491398417591 100.77521816298659 100.80635123716296 100.86654184723729 100.93810279744557 100.96842370446952 100.96607744380695 100.94432941228084
100.33303826888744 100.31832901934904 100.34296475630599 100.36308845352724 100.3826707059802 100.40207247684374 100.42156448850199 100.43627373804038 100.45071226519464 100.46433862519648 100.47652113248289 100.48978652930586 100.50359337089711 100.51902454679322 100.5368019833519 100.55196243686387 100.56856674309127 100.58444912296096 100.59455609196894 100.60773124799721 100.61639436428975 100.62235025674089 100.63092313223872 100.64130082363086 100.64644454892957 100.6538442940961 100.67468991767507 100.67667521515878 100.69995734019501 100.71944935185327 100.71629092403828 100.72332970602598 100.7975978800757 100.85390813597729 100.87917555849725 100.87547568591397 100.89966021889737 100.9434270043337 101.0035273736133 101.0917828708437 101.06904219057576 101.01940975348299 100.9421636332077
100.36119339683823 100.34395740504785 100.36326893511666 100.38366335472206 100.40234319922787 100.4210230437337 100.43834927631882 100.45396093380435 100.46857994254803 100.48202582096043 100.49366688347857 100.5079249290434 100.52371706811836 100.53968968878276 100.55503062388416 100.57217637487985 100.58778803236538 100.59979005806235 100.60827269276548 100.61756749462103 100.62018447766775 100.6249672397876 100.63868384058414 100.64328612111457 100.65285164535426 100.66918522919751 100.68660170257733 100.68515784986191 100.71033503158715 100.73118065516611 100.73767799238553 100.81790205888636 100.93232738658386 101.05604751613691 101.00659556063357 100.99278871904232 101.03429948461081 101.08943661018114 101.04052609944608 101.0661544851449 101.03890176514123 100.95209012062625 100.87890483611311
100.38158781644363 100.36471278783209 100.3814073348542 100.40342608876445 100.42192545168085 100.43843951711352 100.45603647208277 100.47110668480003 100.48608665672258 100.4997130167244 100.5131588951368 100.52904127500649 100.54483341408147 100.56044507156702 100.57452263554241 100.58878068110724 100.5962706670685 100.60691908084478 100.61097991660691 100.61540171554789 100.6192820697206 100.62893783475502 100.64256419475686 100.64915177277098 100.66819258045565 100.6857895354249 100.68479688668305 100.70320600880473 100.74155834655824 100.84371092617461 100.87971700326554 100.95967034738224 101.10631163879268 101.2221808192056 101.04260163772452 101.03583357812096 101.06832026421804 101.03971393229365 100.95506806685182 100.96030203294524 100.94965361916898 100.87655857545055 100.84127442471733
100.38447552187448 100.38131709405948 100.40107982810189 100.42382050836984 100.44159794492852 100.45802176956649 100.4753480021516 100.48996701089528 100.50494698281783 100.51857334281965 100.53192898043734 100.54681871156517 100.56071579395115 100.57614696984726 100.58941236667023 100.60096318839364 100.60845317435492 100.61341641806418 100.6172967722369 100.62009423687303 100.62207953435674 100.63164505859643 100.64581286336656 100.66241716959397 100.68145797727863 100.69454289251217 100.69165518708132 100.73181234072909 100.86951979346284 100.9728455034105 101.0315922607694 101.06254485335633 101.2081934960249 101.23445356728672 101.07292254474845 101.07553952779516 101.0719298960066 101.04269187851922 100.91346706048861 100.85670560061344 100.84605718683717 100.8456059828636 100.83017480696749
100.4056821086323 100.40252368081731 100.42589604664826 100.44583926228007 100.46352645804404 100.47904787473487 100.49565218096227 100.51018094891126 100.52119032586637 100.5348166858682 100.54564558123388 100.55882073726215 100.57271781964812 100.58589297567639 100.59906813170464 100.60917510071263 100.61016774945449 100.61522123395847 100.61720653144218 100.62027471846245 100.6224404975356 100.63769119184228 100.65366381250668 100.67279486098607 100.68416520112005 100.69734035714832 100.71484707132285 100.80427569888454 100.94243435559184 101.00939302526972 101.0565889609052 101.07608097256345 101.14908577548717 101.17543608754369 101.1122675312438 101.12805967031878 101.12426955694077 101.10243128461998 100.97645513519906 100.88756795240566 100.81402170471367 100.8135705007401 100.82142144988022
100.43365675499368 100.4338372365831 100.4555852681092 100.47209933354189 100.48635737910672 100.50205927738698 100.51622708215709 100.52759742229108 100.53779463209376 100.54618702600217 100.55620375421545 100.56928866944898 100.58183213991424 100.59509753673723 100.60529474653993 100.60818245197078 100.60827269276548 100.61458954839547 100.61422858521661 100.62108688561489 100.6480688832344 100.66494391184594 100.67884099423193 100.68678218416676 100.69652818999589 100.71809573993255 100.7516653155662 100.85417885836144 100.88865084194224 100.94306604115485 100.94929265599012 101.01940975348299 101.09160238925428 101.16821682396656 101.13527893389592 101.15034914661317 101.1351886931012 101.11759173813195 101.03068985282225 100.90534538896435 100.82530180405293 100.80553907001054 100.81420218630309
100.4690311465216 100.46758729380618 100.48410135923886 100.49565218096227 100.50954926334825 100.52155128904522 100.53364355553691 100.54266763500833 100.55106002891674 100.55855001487801 100.56703264958114 100.57795178574155 100.59040501541209 100.61531147475318 100.6224404975356 100.62271121991975 100.64509093700885 100.65519790601682 100.66792185807151 100.69183566867076 100.72558572589384 100.73118065516611 100.73208306311324 100.73027824721898 100.74110714258467 100.76357710046848 100.79804908404927 100.85156187531473 100.85941282445486 100.84190611028032 100.83631118100804 100.92194969519174 101.01607084407857 101.09909237521555 101.15468070475944 101.1410543447576 101.10667260197152 101.04666247348665 100.96697985175409 100.85860065730243 100.81420218630309 100.79940269596997 100.82710661994722
