static/data/pressure/2023/7/22/12.asc
ncols 137
nrows 93
xllcorner 108.0
yllcorner 17.0
cellsize 0.25
NODATA_value -32767
[rows 0 to 18 of 93, columns 0 to 42 of 137]
100.67658497436408 100.69436241092275 100.72314922443655 100.76465999000504 100.80833653464667 100.81212664802467 100.8008465486854 100.79164198762456 100.76935251133017 100.7439046072208 100.72360042841012 100.72964656165597 100.73659510284895 100.74760447980408 100.77341334709232 100.81934591160179 100.85210332008302 100.84533526047946 100.84190611028032 100.8321601044512 100.78460320563686 100.74435581119437 100.7381291963591 100.7451679783468 100.74940929569836 100.73785847397495 100.7451679783468 100.7701646784826 100.7663745651046 100.73009776562954 100.69391120694918 100.62189905276732 100.54014089275633 100.45639743526164 100.42634725062183 100.4153378736667 100.412089205057 100.40162127287016 100.37662457273434 100.35036450147255 100.3493718527307 100.3564106347184 100.36191532319594
100.72513452192027 100.73885112271681 100.76384782285263 100.79308584033998 100.83261130842477 100.82891143584149 100.82286530259564 100.81339001915067 100.80066606709597 100.78009116590115 100.75635783689134 100.73190258152381 100.72486379953612 100.74688255344637 100.79588330497613 100.88061941121268 100.90985742870005 100.89884805174493 100.854630062335 100.81239737040882 100.78415200166329 100.76908178894602 100.8225945802115 100.85914210207072 100.85634463743457 100.7963345089497 100.80463666206339 100.81140472166696 100.79092006126685 100.7036572127783 100.6416617868097 100.58490032693453 100.50909805937468 100.46108995658676 100.44015409221309 100.4338372365831 100.41362329856713 100.38988996955733 100.36534447339508 100.34639390650513 100.34314523789541 100.34585246173684 100.35036450147255
100.75491398417591 100.77539864457603 100.77963996192759 100.78433248325271 100.79561258259199 100.79137126524041 100.79110054285628 100.78685922550471 100.76511119397863 100.75888457914334 100.74688255344637 100.72865391291411 100.70591323264615 100.72558572589384 100.77765466444387 100.86058595478615 100.88260470869639 100.85941282445486 100.79416872987656 100.7689013073566 100.782347185769 100.82241409862208 100.90408201783835 100.92258138075474 100.90534538896435 100.85309596882487 100.85490078471915 100.8169094101445 100.72739054178811 100.60114366998306 100.53635077937834 100.49583266255169 100.46839946095861 100.45134395075765 100.44583926228007 100.44241011208095 100.42535460187999 100.40866005485788 100.38916804319962 100.36390062067966 100.3468451104787 100.34034777325928 100.34088921802757
100.74715327583051 100.77639129331789 100.7745864774236 100.77440599583417 100.77133780881388 100.77287190232403 100.77864731318573 100.77783514603331 100.73460980536524 100.72865391291411 100.72964656165597 100.72883439450355 100.70762780774572 100.73136113675552 100.787400670273 100.86365414180644 100.8891020459158 100.86609064326372 100.78640802153114 100.76511119397863 100.79290535875056 100.86266149306458 100.90462346260662 100.89659203187708 100.85165211610945 100.80761460828896 100.78189598179544 100.7196298334427 100.6288475939603 100.54113354149818 100.49565218096227 100.46415814360704 100.46108995658676 100.46009730784492 100.4555852681092 100.44836600453208 100.43464940373553 100.41714268956099 100.39665802916089 100.37211253299866 100.35541798597654 100.34612318412098 100.34485981299498
100.72134440854227 100.7586138567592 100.7598772278852 100.75888457914334 100.75662855927548 100.75013122205607 100.75112387079793 100.74760447980408 100.7196298334427 100.71890790708498 100.72008103741626 100.71213984748144 100.7183664623167 100.75491398417591 100.85363741359315 100.93611749996185 100.96364094234967 100.9191522305556 100.80508786603697 100.75013122205607 100.77783514603331 100.85733728617643 100.95010482314255 100.88540217333252 100.82439939610579 100.70735708536158 100.65041514389696 100.5949170551478 100.55485014229473 100.50864685540111 100.47164812956832 100.4658727187066 100.4646093475806 100.4626240500969 100.4586534551295 100.45215611791006 100.44186866731266 100.4249033979064 100.40414801512216 100.38258046518548 100.36660784452108 100.35713256107611 100.35108642783027
100.70212311926817 100.72838319052997 100.7343390829811 100.73334643423924 100.74616062708866 100.73262450788152 100.73190258152381 100.72287850205241 100.70410841675186 100.69734035714832 100.67838979025835 100.66413174469352 100.69210639105489 100.79516137861842 100.90191623876521 100.95633143797782 100.95615095638838 100.9101281510842 100.78541537278929 100.69165518708132 100.7171030911907 100.77963996192759 100.87989748485496 100.82412867372165 100.73262450788152 100.61413834442189 100.56062555315644 100.53310211076862 100.50115686943982 100.48166485778158 100.48085269062915 100.47616016930402 100.47065548082647 100.46885066493218 100.4651507923489 100.4581120103612 100.44863672691622 100.43239338386768 100.41587931843499 100.3961165843926 100.3801439637282 100.3685931420048 100.36236652716953
100.6813677364839 100.69833300589016 100.70266456403644 100.69986709940031 100.71033503158715 100.69661843079061 100.69264783582318 100.68416520112005 100.6773971415165 100.66034163131553 100.64139106442556 100.62866711237088 100.6958965044329 100.79940269596997 100.86563943929015 100.87033196061526 100.87087340538355 100.85183259769887 100.7528384458975 100.67387775052265 100.68263110760991 100.74363388483665 100.79263463636642 100.72910511688768 100.63733022866343 100.54916497222774 100.5188440652038 100.49141086361071 100.49240351235257 100.48915484374285 100.488162195001 100.48536473036486 100.47760402201943 100.4753480021516 100.47065548082647 100.46388742122289 100.45585599049335 100.44484661353822 100.4281520665161 100.40965270359972 100.39458249088246 100.38312190995377 100.3756319239925
100.66963643317108 100.67911171661606 100.67640449277464 100.66891450681337 100.66214644720982 100.65086634787055 100.64491045541942 100.64436901065113 100.64364708429342 100.63489372720615 100.62090640402546 100.62108688561489 100.69634770840646 100.79164198762456 100.8354087730609 100.80436593967924 100.79461993385013 100.7701646784826 100.72287850205241 100.67884099423193 100.72188585331055 100.77314262470817 100.76384782285263 100.68858700006105 100.60484354256634 100.53012416454305 100.4996227759297 100.48888412135871 100.49763747844598 100.49736675606184 100.4983594048037 100.49339616109442 100.48437208162301 100.47760402201943 100.47588944691988 100.47137740718418 100.4664141634749 100.45612671287749 100.44060529618666 100.42210593327027 100.40658451657944 100.39458249088246 100.38790467207362
100.66286837356753 100.66936571078693 100.66837306204508 100.65537838760625 100.64716647528726 100.64066913806785 100.633359633696 100.61161160216992 100.60791172958663 100.60637763607649 100.59636090786321 100.61585291952146 100.68389447873591 100.80490738444753 100.8225945802115 100.80463666206339 100.78433248325271 100.74435581119437 100.65537838760625 100.63687902468986 100.70636443661972 100.7758498485496 100.75238724192391 100.72486379953612 100.63841311819999 100.56062555315644 100.4996227759297 100.488162195001 100.50133735102926 100.50512746440725 100.50359337089711 100.49863012718784 100.48915484374285 100.48085269062915 100.47886739314544 100.47814546678772 100.47489679817804 100.46614344109075 100.45062202439993 100.43437868135139 100.41759389353456 100.40586259022173 100.39891404902873
100.67838979025835 100.68263110760991 100.68687242496148 100.68714314734562 100.68488712747777 100.67685569674822 100.64436901065113 100.61639436428975 100.58959284825967 100.5840881597821 100.57091300375384 100.58065900958296 100.63733022866343 100.78261790815314 100.84614742763189 100.85111067134116 100.73885112271681 100.61134087978577 100.52091960348223 100.53662150176248 100.6186503841576 100.70212311926817 100.72991728404011 100.72134440854227 100.6940916885386 100.58715634680239 100.51740021248837 100.48608665672258 100.49890084957198 100.50566890917554 100.5066615579174 100.50088614705568 100.49366688347857 100.48536473036486 100.48337943288115 100.481845339371 100.47859667076129 100.47137740718418 100.46190212373918 100.4466514294325 100.43185193909939 100.42111328452842 100.413352576183
100.74634110867808 100.7528384458975 100.76565263874689 100.76908178894602 100.74209979132651 100.70284504562588 100.66259765118339 100.62388435025103 100.58914164428609 100.56983011421727 100.55485014229473 100.56784481673355 100.64012769329956 100.76989395609846 100.79741739848627 100.7183664623167 100.5373434281202 100.46758729380618 100.48464280400715 100.54916497222774 100.65158827422826 100.72188585331055 100.75383109463935 100.74958977728778 100.71665188721713 100.59166838653809 100.51514419262051 100.4836501552653 100.49736675606184 100.50738348427511 100.51108335685838 100.50936878175882 100.50214951818168 100.48861339897458 100.48040148665558 100.4766113732776 100.47588944691988 100.47191885195247 100.46533127393833 100.4581120103612 100.44863672691622 100.4396126474448 100.43058856797339
100.78983717173028 100.79615402736027 100.7995831775594 100.788664041399 100.74462653357851 100.71114719873958 100.68064581012621 100.64662503051898 100.59988029885707 100.56215964666657 100.562340128256 100.60809221117606 100.71990055582684 100.75013122205607 100.67911171661606 100.5616182018983 100.48762075023272 100.53111681328491 100.59211959051166 100.64716647528726 100.66738041330322 100.73289523026567 100.78785187424657 100.7919127100087 100.70058902575802 100.57037155898556 100.50341288930768 100.4836501552653 100.4990813311614 100.50837613301697 100.5143320254681 100.51415154387865 100.50512746440725 100.49312543871028 100.48265750652344 100.47390414943618 100.4651507923489 100.46190212373918 100.46063875261319 100.4593753814872 100.45459261936735 100.4499000980422 100.44385396479636
100.76213324775306 100.75789193040148 100.7598772278852 100.75337989066577 100.72585644827798 100.6908430199289 100.65790512985825 100.62135760799903 100.5706422813697 100.55485014229473 100.57713961858911 100.65465646124854 100.76465999000504 100.72287850205241 100.6460835857507 100.57434215395298 100.66286837356753 100.71141792112373 100.69761107953245 100.62740374124488 100.6186503841576 100.71385442258101 100.78559585437871 100.78712994788886 100.66566583820365 100.55638423580487 100.49511073619398 100.48013076427144 100.49240351235257 100.50458601963896 100.51460274785224 100.51685876772008 100.51090287526897 100.5003447022874 100.48563545274901 100.46740681221675 100.45287804426778 100.45161467314178 100.45441213777792 100.45540478651978 100.45341948903607 100.45666815764578 100.45089274678406
100.73208306311324 100.73163185913967 100.72937583927182 100.7208932045687 100.70338649039415 100.65312236773839 100.62361362786689 100.59933885408878 100.56089627554059 100.54690895235989 100.57362022759527 100.64662503051898 100.7343390829811 100.6813677364839 100.61937231051532 100.637149747074 100.75085314841378 100.72513452192027 100.63390107846429 100.56134747951415 100.60285824508263 100.69959637701616 100.7541018170235 100.72558572589384 100.6268622964766 100.54059209672991 100.4990813311614 100.4849135263913 100.48915484374285 100.4990813311614 100.50810541063282 100.51063215288482 100.50711276189097 100.49637410731998 100.48563545274901 100.47011403605818 100.4766113732776 100.48536473036486 100.48789147261685 100.49186206758428 100.49465953222041 100.49583266255169 100.47634065089346
100.69138446469718 100.72414187317841 100.71935911105855 100.6978818019166 100.67712641913236 100.63760095104757 100.62812566760259 100.60737028481834 100.5731690236217 100.53562885302063 100.56089627554059 100.62262097912503 100.72116392695284 100.65158827422826 100.57136420772741 100.58264430706667 100.67685569674822 100.65312236773839 100.5719056524957 100.55187219606916 100.58264430706667 100.67189245303894 100.71665188721713 100.69237711343904 100.60186559634079 100.54239691262418 100.50386409328125 100.50115686943982 100.50386409328125 100.50738348427511 100.50016422069797 100.5003447022874 100.49583266255169 100.49159134520013 100.48437208162301 100.50359337089711 100.52416827209194 100.53283138838448 100.53508740825234 100.5386067992462 100.54835280507531 100.5431188389819 100.52236345619765
100.62586964773475 100.66485367105123 100.6761337703905 100.6551076652221 100.62189905276732 100.60791172958663 100.59888765011522 100.61639436428975 100.59013429302794 100.54862352745945 100.57488359872127 100.637149747074 100.74110714258467 100.5911269417698 100.51063215288482 100.50160807341341 100.59563898150552 100.59166838653809 100.58011756481467 100.56008410838815 100.55683543977844 100.65709296270582 100.70266456403644 100.69490385569104 100.58490032693453 100.52588284719151 100.51135407924252 100.50891757778525 100.51388082149451 100.51036143050068 100.50314216692354 100.49213278996842 100.48509400798072 100.483108710497 100.48590617513315 100.50485674202311 100.52859007103291 100.53589957540477 100.53833607686205 100.5546696607053 100.56983011421727 100.56333277699785 100.54366028375019
100.56838626150184 100.61016774945449 100.62162833038317 100.61540171554789 100.57235685646927 100.56008410838815 100.5969023526315 100.61413834442189 100.6538442940961 100.58733682839181 100.61386762203776 100.60466306097692 100.6901210935712 100.52362682732365 100.50612011314911 100.49736675606184 100.60890437832849 100.57334950521113 100.5616182018983 100.57416167236356 100.57560552507898 100.68840651847162 100.71033503158715 100.70266456403644 100.56784481673355 100.50909805937468 100.49465953222041 100.49637410731998 100.50359337089711 100.50061542467155 100.49610338493584 100.48509400798072 100.47489679817804 100.47561872453575 100.47841618917187 100.48410135923886 100.50232999977112 100.51036143050068 100.52633405116508 100.54284811659775 100.56414494415027 100.55033810255902 100.5303948869272
100.53111681328491 100.57587624746313 100.62316242389332 100.62108688561489 100.56585951924984 100.52037815871394 100.56387422176614 100.63065240985458 100.71412514496515 100.62334290548274 100.53716294653076 100.5143320254681 100.52759742229108 100.4646093475806 100.46289477248104 100.56188892428243 100.67766786390064 100.59437561037952 100.55033810255902 100.56513759289213 100.637149747074 100.73740727000138 100.74435581119437 100.66738041330322 100.54465293249204 100.49086941884242 100.47435535340975 100.47435535340975 100.48383063685472 100.48437208162301 100.480581968245 100.47634065089346 100.46659464506432 100.46785801619032 100.46758729380618 100.47291150069432 100.49114014122657 100.50810541063282 100.52489019844965 100.53635077937834 100.55566230944716 100.53463620427877 100.51108335685838
100.47986004188729 100.53490692666291 100.59040501541209 100.63435228243786 100.59590970388966 100.52759742229108 100.49691555208827 100.5521429184533 100.61837966177346 100.5360800569942 100.43338603260953 100.39133382227276 100.39286791578289 100.40586259022173 100.488162195001 100.61034823104391 100.69210639105489 100.59789500137336 100.55485014229473 100.54916497222774 100.63841311819999 100.69761107953245 100.6416617868097 100.54808208269117 100.50584939076496 100.4836501552653 100.46433862519648 100.46415814360704 100.47561872453575 100.47688209566174 100.47588944691988 100.47291150069432 100.46812873857446 100.46686536744846 100.46686536744846 100.47264077831018 100.49411808745214 100.51640756374651 100.53662150176248 100.54736015633345 100.5431188389819 100.51613684136237 100.49637410731998
