static/data/pressure/2023/7/22/18.asc
ncols 137
nrows 93
xllcorner 108.0
yllcorner 17.0
cellsize 0.25
NODATA_value -32767
[rows 19 to 37 of 93, columns 43 to 85 of 137]
100.58986357064381 100.60159487395664 100.57984684243053 100.56414494415027 100.55936218203044 100.56558879686571 100.56964963262784 100.57389094997941 100.57984684243053 100.5878782731601 100.59609018547907 100.60439233859277 100.61161160216992 100.61684556826332 100.62189905276732 100.62984024270216 100.6403984156837 100.6538442940961 100.66765113568736 100.68010436535792 100.69210639105489 100.70410841675186 100.71665188721713 100.73533173172295 100.75789193040148 100.784873928021 100.8091487017991 100.83585997703447 100.86735401438969 100.90615755611677 100.93864424221385 100.98990101361147 101.04991114209636 101.1058604348191 101.1818431839684 101.25908930424366 101.29563682610288 101.2528626894084 101.24609462980483 101.2733473498085 101.30935342689942 101.32361147246426 101.30384873842188
100.58959284825967 100.5878782731601 100.58038828719882 100.57786154494683 100.58065900958296 100.58363695580853 100.58490032693453 100.58814899554423 100.5936536840218 100.60033150283064 100.60664835846063 100.61314569568005 100.61910158813117 100.62541844376116 100.63308891131186 100.64364708429342 100.65564910999039 100.66864378442922 100.6813677364839 100.6946331333069 100.70834973410344 100.7221565756947 100.74083642020052 100.76465999000504 100.79110054285628 100.81862398524407 100.84362068537989 100.8706026829994 100.90038214525508 100.93485412883587 100.96309949758138 101.00966374765386 101.0681397826286 101.13212050608091 101.19438665443364 101.24609462980483 101.26865482848336 101.2503359471564 101.25836737788595 101.26991819960936 101.28309335563763 101.29013213762533 101.30339753444831
100.59184886812751 100.5911269417698 100.59437561037952 100.59590970388966 100.59636090786321 100.59563898150552 100.59988029885707 100.60312896746677 100.60664835846063 100.61161160216992 100.6186503841576 100.62460627660874 100.63065240985458 100.63760095104757 100.64815912402912 100.6588977786001 100.67008763714465 100.6813677364839 100.6940916885386 100.70816925251401 100.72287850205241 100.74110714258467 100.7663745651046 100.79164198762456 100.81916543001236 100.84614742763189 100.87412207399326 100.90336009148064 100.93341027612044 100.96165564486596 100.99540570208903 101.04287236010865 101.09764852250012 101.15188324012331 101.17588729151726 101.1896038923138 101.20386193787864 101.22714406291487 101.2541260605344 101.26712073497323 101.2796642054385 101.29410273259275 101.31539956014528
100.5936536840218 100.59708283422093 100.6058361913082 100.60737028481834 100.60809221117606 100.60908485991791 100.6121530469382 100.61540171554789 100.61937231051532 100.62541844376116 100.62911831634445 100.634623004822 100.63958624853129 100.64788840164498 100.65916850098425 100.66963643317108 100.68037508774206 100.69309903979675 100.70961310522944 100.72441259556255 100.74209979132651 100.76086987662705 100.78559585437871 100.81185592564053 100.83910864564419 100.86888810789983 100.90137479399692 100.93133473784202 100.96039227373996 100.98665234500176 101.02265842209269 101.06209364938276 101.11190656806495 101.14060314078404 101.16063659721057 101.17859451535868 101.20458386423635 101.22840743404088 101.24916281682512 101.2676621797415 101.2829128740482 101.30583403590559 101.32541628835854
100.59988029885707 100.60358017144036 100.6108896758122 100.61386762203776 100.61783821700517 100.62235025674089 100.6243355542246 100.62839638998673 100.63209626257 100.63660830230572 100.63733022866343 100.63733022866343 100.64283491714099 100.65240044138068 100.66611704217722 100.6741484729068 100.68660170257733 100.70266456403644 100.72188585331055 100.74083642020052 100.75960650550105 100.77936923954344 100.80183919742726 100.8263846935895 100.85688608220286 100.89063613942595 100.9248374006226 100.95660216036195 100.98286223162377 101.00912230288557 101.0438650088505 101.08185638342515 101.1071238059451 101.12887183747121 101.15287588886517 101.18166270237896 101.21108120145576 101.23391212251843 101.25385533815026 101.2733473498085 101.29365152861916 101.31639220888714 101.33940361153924
100.60691908084478 100.61161160216992 100.6173870130316 100.62289170150918 100.62785494521846 100.633359633696 100.63760095104757 100.64139106442556 100.64238371316742 100.64409828826699 100.64364708429342 100.64084961965729 100.64509093700885 100.65014442151283 100.66458294866709 100.67459967688036 100.69210639105489 100.71033503158715 100.73208306311324 100.75139459318207 100.77061588245617 100.79037861649857 100.81185592564053 100.83910864564419 100.8731294252514 100.91039887346834 100.94811952565884 100.97934284062993 101.00641507904415 101.0291557593121 101.06137172302505 101.085375774419 101.1096505481971 101.13338387720691 101.16289261707843 101.19384520966537 101.2196540769536 101.24365812834755 101.26558664146309 101.28182998451163 101.30285608968002 101.32288954610655 101.34590094875864
100.61314569568005 100.61883086574703 100.62460627660874 100.63011096508629 100.63760095104757 100.64364708429342 100.6493322543604 100.65240044138068 100.65339309012253 100.64987369912869 100.64861032800269 100.6460835857507 100.64861032800269 100.65366381250668 100.6653951158195 100.68010436535792 100.69833300589016 100.71935911105855 100.7413778649688 100.75888457914334 100.77783514603331 100.7975978800757 100.82187265385379 100.85083994895702 100.8883801195581 100.93160546022615 100.96959683480078 101.00361761440801 101.0291557593121 101.04936969732807 101.07337374872202 101.09737780011598 101.11939655402622 101.14637855164574 101.1761580139014 101.20566675377292 101.2311146578823 101.25638208040226 101.27758866716006 101.29365152861916 101.30836077815756 101.32740158584225 101.3456302263745
100.61883086574703 100.6268622964766 100.63263770733829 100.63958624853129 100.64761767926083 100.65537838760625 100.66214644720982 100.66440246707765 100.66359029992525 100.65934898257368 100.6563710363481 100.65808561144767 100.66115379846796 100.66783161727679 100.67712641913236 100.69264783582318 100.70934238284529 100.73036848801368 100.74958977728778 100.76538191636277 100.78433248325271 100.80833653464667 100.83261130842477 100.86708329200556 100.90715020485862 100.95163891665268 100.99414233096303 101.02960696328569 101.04964041971222 101.07734434368945 101.10216056223584 101.13735447217434 101.15711720621671 101.17065332542384 101.19059654105565 101.22010528092719 101.24383860993699 101.2676621797415 101.28715419139976 101.30366825683245 101.318648228755 101.33191362557795 101.34590094875864
100.6268622964766 100.63787167343172 100.64436901065113 100.65140779263882 100.6588977786001 100.66738041330322 100.67459967688036 100.6781190678742 100.6773971415165 100.67559232562222 100.67135100827065 100.67315582416494 100.6786605126425 100.68714314734562 100.6958965044329 100.70934238284529 100.72441259556255 100.73966328986923 100.75762120801734 100.77061588245617 100.79362728510827 100.82015807875422 100.85237404246716 100.8896434906841 100.92934944035831 100.9715821322845 101.014356268979 101.05090379083822 101.07165917362245 101.11587716303238 101.1748946427754 101.22037600331132 101.22010528092719 101.19763532304336 101.2113519238399 101.23237802900829 101.2553894316604 101.27813011192835 101.29690019722888 101.31386546663514 101.32785278981582 101.33886216677095 101.35808345604507
100.64337636190928 100.64987369912869 100.65610031396396 100.66340981833581 100.67162173065479 100.67712641913236 100.68434568270948 100.68858700006105 100.69066253833947 100.6901210935712 100.68966988959761 100.6908430199289 100.69562578204875 100.7036572127783 100.7131324962233 100.72585644827798 100.7356024541071 100.74886785093007 100.76664528748874 100.783610556895 100.81086327689867 100.8410939431279 100.8743927963774 100.91066959585248 100.9491121744007 100.98963029122733 101.02861431454383 101.06389846527705 101.08835372064456 101.12165257389407 101.16884850952957 101.20187664039493 101.20810325523018 101.20638868013062 101.22588069178887 101.24564342583126 101.26486471510538 101.28688346901562 101.30610475828973 101.32388219484841 101.33841096279738 101.35212756359392 101.37441703988831
100.6653951158195 100.66638776456136 100.66909498840279 100.6741484729068 100.68064581012621 100.68416520112005 100.68985037118705 100.69634770840646 100.70113047052631 100.70311576801001 100.70510106549372 100.70789853012987 100.71412514496515 100.72233705728412 100.72937583927182 100.74011449384281 100.75058242602964 100.76384782285263 100.78189598179544 100.80409521729511 100.83288203080892 100.86184932591215 100.89316288167794 100.92835679161645 100.9650847950651 101.00208352089788 101.03863104275709 101.07310302633788 101.10540923084552 101.12616461362978 101.14935649787131 101.17083380701328 101.19059654105565 101.21541275960205 101.23716079112815 101.25566015404453 101.2733473498085 101.29437345497689 101.3155800417347 101.3353427757771 101.35266900836221 101.36864162902661 101.38912628942671
100.67658497436408 100.68461640509362 100.68615049860377 100.68786507370334 100.68840651847162 100.69111374231304 100.6946331333069 100.69959637701616 100.70537178787787 100.71286177383915 100.7196298334427 100.72387115079427 100.73289523026567 100.74191930973709 100.74733375741994 100.75536518814948 100.76790865861474 100.78586657676286 100.8066219595471 100.82891143584149 100.85363741359315 100.88061941121268 100.90913550234234 100.94261483718127 100.97690633917264 101.01462699136314 101.05036234606993 101.08266855057758 101.11434306952223 101.14240795667831 101.17011188065555 101.19312328330766 101.2126152949659 101.2298512867563 101.24708727854669 101.26333062159523 101.28164950292219 101.30114151458045 101.31991159988098 101.3366061469031 101.35266900836221 101.37161957525217 101.40410626134926
100.68885772244519 100.7004085441686 100.70185239688402 100.69941589542674 100.69815252430074 100.69616722681704 100.69833300589016 100.70464986152015 100.71412514496515 100.72287850205241 100.73235378549738 100.74164858735294 100.75085314841378 100.76041867265349 100.76538191636277 100.77539864457603 100.79209319159814 100.81059255451453 100.8308967333252 100.85065946736759 100.87340014763555 100.89713347664537 100.92510812300674 100.9568728827461 100.99089366235333 101.02834359215969 101.06434966925062 101.09764852250012 101.1268865399875 101.1498979426396 101.1761580139014 101.19763532304336 101.21658588993333 101.23661934635986 101.25511870927626 101.27190349709308 101.28913948888348 101.30709740703159 101.32559676994796 101.33958409312866 101.35537623220364 101.37613161498787 101.40834757870083
100.70185239688402 100.71159840271315 100.71340321860744 100.71087647635544 100.70690588138801 100.70410841675186 100.70464986152015 100.70934238284529 100.71863718470084 100.73262450788152 100.7451679783468 100.75509446576534 100.76808914020417 100.77810586841746 100.784873928021 100.7975978800757 100.81465339027667 100.83387467955076 100.85363741359315 100.87159533174126 100.89207999214138 100.91563283956177 100.94135146605528 100.9728455034105 101.00812965414372 101.04359428646637 101.07987108594145 101.11163584568081 101.14186651191004 101.16433646979385 101.18491137098867 101.20584723536234 101.22434659827873 101.24510198106299 101.26233797285337 101.2778593895442 101.2950953813346 101.31088752040957 101.32785278981582 101.34265228014894 101.35889562319747 101.37938028359758 101.40663300360126
100.71665188721713 100.72287850205241 100.72360042841012 100.71737381357484 100.7131324962233 100.70988382761358 100.71340321860744 100.71809573993255 100.72811246814584 100.74164858735294 100.75635783689134 100.7663745651046 100.77909851715931 100.79461993385013 100.8053585884211 100.81934591160179 100.8354087730609 100.854630062335 100.87385135160912 100.8916287881678 100.91211344856791 100.93413220247815 100.96012155135581 100.9913448663269 101.02689973944426 101.0623643717669 101.09358768673799 101.12490124250378 101.15161251773917 101.1723679005234 101.19312328330766 101.2113519238399 101.22940008278273 101.2503359471564 101.26739145735738 101.28309335563763 101.29861477232845 101.31359474425099 101.33037953206782 101.34716431988464 101.36358814452261 101.38037293233944 101.40284289022325
100.72612717066212 100.73036848801368 100.73334643423924 100.72711981940398 100.72134440854227 100.71538851609112 100.7196298334427 100.73009776562954 100.73984377145867 100.7541018170235 100.76962323371431 100.77891803556987 100.78839331901486 100.80391473570567 100.82340674736393 100.8410939431279 100.85661535981872 100.87412207399326 100.89334336326736 100.9113915222102 100.93214690499444 100.95434614049411 100.98015500778234 101.01137832275343 101.04458693520823 101.07608097256345 101.10739452832924 101.13383508118048 101.15838057734271 101.17841403376926 101.19709387827507 101.21541275960205 101.23264875139243 101.25439678291855 101.27190349709308 101.28661274663148 101.30213416332231 101.316121486503 101.33263555193567 101.34960082134192 101.36638560915875 101.38289967459143 101.40212096386554
100.73163185913967 100.73488052774938 100.74110714258467 100.74634110867808 100.74237051371065 100.7266686154304 100.72585644827798 100.73785847397495 100.7541018170235 100.7689013073566 100.78460320563686 100.79434921146598 100.8033732909374 100.81537531663439 100.83685262577633 100.85733728617643 100.8743927963774 100.89189951055194 100.9126548933362 100.93034208910017 100.95190963903683 100.97510152327835 101.0009103905666 101.03014840805396 101.05884498077305 101.08934636938642 101.11515523667467 101.14114458555233 101.164607192178 101.18337727747853 101.20187664039493 101.22064672569546 101.23788271748586 101.25963074901195 101.27713746318649 101.29184671272489 101.30538283193202 101.31891895113912 101.33516229418767 101.35239828597807 101.36909283300018 101.38416304571743 101.40139903750783
100.75058242602964 100.75310916828164 100.76285517411077 100.76863058497246 100.75960650550105 100.74291195847894 100.74011449384281 100.75184579715564 100.76808914020417 100.78333983451085 100.79813932484399 100.80833653464667 100.81835326285993 100.83035528855692 100.84966681862575 100.87087340538355 100.88865084194224 100.90859405757405 100.93034208910017 100.9491121744007 100.97311622579464 100.99612762844674 101.02040240222483 101.04837704858622 101.07508832382159 101.10161911746755 101.12634509521921 101.14664927402988 101.16758513840357 101.18590401973053 101.20512530900464 101.2241661166893 101.24284596119513 101.26215749126395 101.2796642054385 101.29491489974517 101.30863150054171 101.32288954610655 101.33759879564495 101.3551055098195 101.37189029763631 101.387140991943 101.40085759273954
100.79137126524041 100.78911524537257 100.8008465486854 100.79940269596997 100.78261790815314 100.75464326179177 100.76213324775306 100.77260117993988 100.78333983451085 100.79516137861842 100.80608051477881 100.8148338718661 100.82665541597365 100.84316948140632 100.86239077068043 100.88540217333252 100.90489418499077 100.92510812300674 100.94712687691698 100.9663481661911 100.99161558871104 101.01616108487327 101.0406163402408 101.06633496673433 101.08961709177056 101.11434306952223 101.13536917469062 101.15413925999117 101.1716459741657 101.1908672634398 101.21090071986633 101.23066345390872 101.24862137205683 101.26540615987366 101.28137878053806 101.29690019722888 101.31188016915142 101.32613821471625 101.34111818663881 101.35763225207148 101.37414631750417 101.38912628942671 101.39941374002412
