static/data/pressure/2023/7/22/6.asc
ncols 137
nrows 93
xllcorner 108.0
yllcorner 17.0
cellsize 0.25
NODATA_value -32767
[rows 0 to 18 of 93, columns 43 to 85 of 137]
100.30091254596921 100.27483295629683 100.24487301245175 100.2126570487388 100.1601369062152 100.13315490859569 100.10635339256558 100.10788748607573 100.11988951177271 100.1429009144248 100.17259013588574 100.19433816741184 100.21933486754766 100.25633359338045 100.32040455762747 100.39413128690889 100.48960604771642 100.54086281911404 100.58435888216624 100.61540171554789 100.65212971899653 100.67658497436408 100.69138446469718 100.70537178787787 100.74760447980408 100.79786860245984 100.84984730021517 100.862841974654 100.88287543108054 100.91039887346834 100.97916235904049 101.0846538480613 101.21766877946989 101.35790297445563 101.36891235141074 101.3403962602811 101.3423815577648 101.36015899432347 101.36737825790061 101.36133212465475 101.36313694054904 101.36710753551647 101.3711683712786
100.2516410720553 100.20913765774496 100.16040762859933 100.10184135282988 100.06384997825523 100.05491613957854 100.06908394434866 100.09958533296204 100.1244015515084 100.1474129541605 100.17141700555447 100.19460888979599 100.22835894701906 100.2746524747074 100.336647900676 100.4006286241283 100.4599168262555 100.50485674202311 100.54961617620131 100.59266103527995 100.63164505859643 100.6588977786001 100.68037508774206 100.69734035714832 100.72612717066212 100.7560871145072 100.78261790815314 100.79615402736027 100.8341454019349 100.90164551638107 100.9958569060626 101.1071238059451 101.2285879156303 101.31233137312499 101.32361147246426 101.30484138716373 101.30863150054171 101.33110145842554 101.33191362557795 101.33814024041324 101.34662287511635 101.35808345604507 101.36963427776847
100.21915438595823 100.17015363442847 100.11835541826257 100.07314478011078 100.05762336341996 100.06709864686495 100.09534401561046 100.12485275548197 100.14660078700808 100.16636352105047 100.18937492370256 100.2068816378771 100.23386363549663 100.2726671772237 100.3231117814689 100.37536120160837 100.42463267552228 100.47038475844232 100.51911478758794 100.5668521679917 100.61134087978577 100.65212971899653 100.68236038522576 100.70338649039415 100.71611044244884 100.72684909701984 100.7439046072208 100.77034516007203 100.82358722895336 100.89135806578366 100.97762826553036 101.10116791349398 101.2113519238399 101.28164950292219 101.28534937550548 101.27433999855035 101.27587409206049 101.28841756252577 101.29184671272489 101.30439018319016 101.32009208147042 101.33859144438681 101.35835417842921
100.21509355019609 100.1703341160179 100.12340890276654 100.09913412898845 100.10337544634002 100.11564819442114 100.13486948369525 100.14912752926007 100.16789761456062 100.18287758648316 100.1978575584057 100.20760356423482 100.22483955602522 100.26084563311615 100.30740988318864 100.35316196610869 100.39990669777059 100.45134395075765 100.50485674202311 100.55539158706301 100.60691908084478 100.64861032800269 100.6819091812522 100.70934238284529 100.72459307715198 100.72838319052997 100.73641462125953 100.76141132139534 100.80183919742726 100.85237404246716 100.92763486525874 101.06083027825676 101.1723679005234 101.24483125867884 101.27316686821908 101.25908930424366 101.25015546556698 101.23661934635986 101.25015546556698 101.27190349709308 101.3008707921963 101.3181067839867 101.34265228014894
100.23187833801292 100.19163094357042 100.1646489459509 100.14840560290236 100.15264692025393 100.1633855748249 100.17908747310516 100.18711890383472 100.19361624105413 100.20534754436697 100.21013030648682 100.20083550463127 100.21509355019609 100.24234627019975 100.29161774411365 100.33836247577557 100.38790467207362 100.4351006077091 100.48735002784858 100.53987017037218 100.5936536840218 100.63760095104757 100.67983364297378 100.71141792112373 100.72711981940398 100.73388787900753 100.74309244006837 100.76808914020417 100.79434921146598 100.84316948140632 100.90137479399692 100.99035221758504 101.09665587375827 101.19285256092351 101.27560336967635 101.26865482848336 101.23788271748586 101.20665940251476 101.20711060648833 101.235626697618 101.26666953099966 101.3001488658386 101.32965760571011
100.25236299841302 100.22763702066135 100.2023695981414 100.19686490966384 100.20264032052555 100.21337897509652 100.21861294118995 100.21536427258023 100.2208689610578 100.21888366357409 100.21563499496438 100.20336224688326 100.20462561800926 100.23413435788078 100.28764714914624 100.33890392054386 100.38790467207362 100.42761062174782 100.47137740718418 100.52362682732365 100.57515432110542 100.62361362786689 100.66638776456136 100.70789853012987 100.72558572589384 100.73641462125953 100.76086987662705 100.788664041399 100.82115072749608 100.86834666313155 100.9261007717486 100.9728455034105 101.01363434262129 101.10513850846138 101.18112125761068 101.20115471403722 101.1703826030397 101.19763532304336 101.2100885527139 101.23264875139243 101.24862137205683 101.28309335563763 101.31440691140342
100.27735969854882 100.25263372079716 100.24288771496803 100.24108289907375 100.2458656611936 100.24884360741918 100.25290444318131 100.2471290323196 100.24288771496803 100.24063169510018 100.23016376291335 100.2094083801291 100.21058151046039 100.2471290323196 100.30389049219478 100.35541798597654 100.39133382227276 100.42336930439627 100.4658727187066 100.50584939076496 100.55539158706301 100.60439233859277 100.65591983237454 100.69833300589016 100.72964656165597 100.77133780881388 100.79588330497613 100.8251213224635 100.86437606816415 100.91184272618376 100.943336763539 100.95858745784567 100.9983836483146 101.03087033441167 101.08889516541285 101.11208704965438 101.15666600224314 101.19059654105565 101.22037600331132 101.21586396357561 101.23183658424001 101.26035267536966 101.30312681206416
100.2886397978881 100.27663777219111 100.27140380609771 100.27158428768713 100.27483295629683 100.27889379205897 100.28133029351625 100.27510367868098 100.27014043497171 100.2650869504677 100.25263372079716 100.23287098675478 100.23909760159005 100.27483295629683 100.32663117246273 100.36913458677309 100.40216271763845 100.42715941777425 100.45585599049335 100.49438880983627 100.53959944798805 100.58616369806053 100.63814239581586 100.69264783582318 100.73858040033267 100.78938596775671 100.83315275319305 100.86563943929015 100.90615755611677 100.93738087108785 100.96138492248181 100.97013827956907 100.9926082374529 101.02383155242397 101.06759833786033 101.09665587375827 101.13184978369678 101.16866802794013 101.2138786660919 101.21062999748219 101.21658588993333 101.23716079112815 101.2829128740482
100.29008365060352 100.28241318305282 100.28638377802025 100.28963244662995 100.29991989722735 100.30533434491021 100.3071391608045 100.30515386332078 100.29883700769079 100.2918884664978 100.28133029351625 100.26887706384571 100.27158428768713 100.30488314093664 100.35234979895625 100.3870925049212 100.4166012447927 100.43564205247739 100.45784128797706 100.49312543871028 100.52958271977477 100.57208613408513 100.62487699899289 100.67784834549008 100.73488052774938 100.7906493388827 100.83784527451819 100.88314615346468 100.92709342049045 100.9556095116201 100.97040900195321 100.98863764248547 101.00785893175957 101.03736767163109 101.08934636938642 101.11434306952223 101.12390859376193 101.14015193681047 101.1876185948301 101.22560996940473 101.23734127271757 101.22714406291487 101.26513543748952
100.29215918888194 100.28809835311982 100.29712243259122 100.30939518067234 100.3231117814689 100.3321358609403 100.34034777325928 100.33935512451743 100.33565525193416 100.32365322623717 100.31309505325562 100.30235639868464 100.30740988318864 100.33159441617201 100.3685931420048 100.40261392161202 100.43140073512582 100.44962937565808 100.46857994254803 100.49285471632614 100.5271462183175 100.56486687050798 100.61341641806418 100.66584631979309 100.71665188721713 100.76908178894602 100.81763133650222 100.86816618154212 100.91491091320405 100.94965361916898 100.9753722456625 100.9945935349366 101.01841710474113 101.04864777097036 101.10441658210367 101.1230964266095 101.12959376382892 101.15459046396474 101.22940008278273 101.2700986811988 101.27433999855035 101.239416810996 101.26387206636352
100.30885373590405 100.31535107312347 100.32690189484687 100.33610645590772 100.34440860902141 100.35162787259854 100.3711198842568 100.38564865220577 100.3883558760472 100.37409783048237 100.35216931736683 100.33836247577557 100.336647900676 100.35289124372454 100.38285118756963 100.41389402095128 100.44439540956465 100.46758729380618 100.4811234130133 100.50088614705568 100.52786814467521 100.56540831527627 100.61116039819635 100.65664175873225 100.7036572127783 100.7516653155662 100.79859052881756 100.84614742763189 100.8928921592938 100.93485412883587 100.97212357705278 101.00190303930846 101.02888503692797 101.06010835189905 101.09891189362612 101.1230964266095 101.15188324012331 101.20214736277907 101.27840083431249 101.30908270451529 101.307909574184 101.29265887987732 101.2848981715319
100.32690189484687 100.3346626031923 100.34287451551127 100.3493718527307 100.35839593220211 100.37409783048237 100.38961924717319 100.40486994147987 100.41488666969313 100.41858654227642 100.4044187375063 100.39088261829919 100.38483648505334 100.39313863816703 100.41741341194513 100.44114674095495 100.46433862519648 100.4836501552653 100.4983594048037 100.51559539659408 100.5386067992462 100.57136420772741 100.61413834442189 100.65591983237454 100.69833300589016 100.74065593861108 100.79092006126685 100.84190611028032 100.89207999214138 100.93810279744557 100.97483080089421 101.00587363427586 101.03664574527338 101.07391519349031 101.1078457323028 101.13762519455848 101.17390199403354 101.22488804304702 101.27136205232479 101.31215089153557 101.34265228014894 101.37189029763631 101.34111818663881
100.3308724898143 100.33385043603987 100.33935512451743 100.34612318412098 100.35713256107611 100.38086589008591 100.38185853882777 100.38988996955733 100.3961165843926 100.40712596134773 100.40261392161202 100.39909453061817 100.39783115949217 100.41136727869929 100.44141746333909 100.46415814360704 100.4823867841393 100.49890084957198 100.51640756374651 100.53265090679506 100.55358677116872 100.58038828719882 100.61765773541575 100.6576344074741 100.69688915317475 100.73758775159081 100.784873928021 100.83558925465033 100.88666554445852 100.9344029248623 100.96914563082721 101.00262496566616 101.0393529691148 101.08185638342515 101.11488451429052 101.14439325416203 101.1806700536371 101.23409260410786 101.27713746318649 101.31783606160256 101.3563688809455 101.39237495803641 101.36864162902661
100.34883040796241 100.34585246173684 100.34711583286284 100.34991329749897 100.3493718527307 100.36335917591137 100.36390062067966 100.36660784452108 100.37337590412466 100.3788805926022 100.38312190995377 100.38465600346392 100.39990669777059 100.41858654227642 100.44935865327393 100.47715281804587 100.49736675606184 100.51685876772008 100.53409475951048 100.55015762096959 100.56712289037584 100.59211959051166 100.62361362786689 100.65808561144767 100.69688915317475 100.7451679783468 100.78983717173028 100.8398305720019 100.88937276829995 100.93738087108785 100.9766356167885 101.0221169773244 101.06335702050876 101.1031532109777 101.13338387720691 101.16740465681413 101.21360794370776 101.2676621797415 101.2829128740482 101.28336407802176 101.31034607564128 101.36187356942304 101.38912628942671
100.37833914783391 100.36886386438894 100.36435182465323 100.35559846756597 100.35460581882411 100.3526205213404 100.35740328346026 100.36110315604353 100.36660784452108 100.36814193803123 100.37490999763479 100.39016069194147 100.40640403499002 100.43140073512582 100.46190212373918 100.49014749248471 100.51514419262051 100.53463620427877 100.55133075130088 100.56585951924984 100.58309551104024 100.60484354256634 100.630832891444 100.6653951158195 100.70690588138801 100.75689928165963 100.80066606709597 100.84416213014818 100.89262143690965 100.936388222346 100.98764499374361 101.03565309653153 101.08835372064456 101.12408907535135 101.1486345715136 101.18085053522654 101.22660261814659 101.2720839786825 101.26540615987366 101.26811338371509 101.29816356835488 101.3551055098195 101.38190702584957
100.41461594730899 100.39710923313446 100.37987324134406 100.37084916187266 100.36489326942151 100.36011050730167 100.36633712213694 100.37662457273434 100.38239998359606 100.3776172214762 100.38691202333176 100.40234319922787 100.42264737803856 100.44791480055851 100.47760402201943 100.50639083553325 100.5316582580532 100.55160147368503 100.56883746547541 100.58336623342439 100.59888765011522 100.61937231051532 100.64463973303528 100.6773971415165 100.71908838867441 100.76808914020417 100.8066219595471 100.85038874498345 100.89740419902951 100.94288555956541 100.9945935349366 101.03691646765752 101.08934636938642 101.12210377786764 101.15964394846871 101.1921306345658 101.236890068744 101.27813011192835 101.2733473498085 101.29311008385089 101.32334075008012 101.36358814452261 101.37189029763631
100.43708590519282 100.42183521088613 100.40162127287016 100.38961924717319 100.38384383631148 100.37509047922423 100.3801439637282 100.3903411735309 100.39963597538646 100.3961165843926 100.40613331260587 100.42183521088613 100.4421393896968 100.4658727187066 100.49312543871028 100.52209273381351 100.5476308787176 100.5681155391177 100.5866149020341 100.60339968985092 100.61883086574703 100.63886432217357 100.66187572482568 100.69490385569104 100.73415860139167 100.78135453702716 100.81636796537622 100.85986402842843 100.90715020485862 100.96039227373996 100.99684955480446 101.0393529691148 101.07562976858988 101.11362114316452 101.16884850952957 101.25665280278638 101.30159271855402 101.32839423458411 101.30439018319016 101.32415291723255 101.34184011299651 101.37134885286804 101.37216102002046
100.43708590519282 100.4396126474448 100.42111328452842 100.40866005485788 100.40117006889659 100.3916045446569 100.3935898421406 100.39990669777059 100.4088405364473 100.41615004081913 100.42959591923153 100.44511733592236 100.4626240500969 100.48563545274901 100.51189552401081 100.53589957540477 100.56116699792473 100.58363695580853 100.60466306097692 100.62189905276732 100.64283491714099 100.66413174469352 100.68633098019319 100.7196298334427 100.75915530152749 100.8021099198114 100.83387467955076 100.87836339134483 100.92637149413274 100.98186958288191 101.00713700540186 101.03863104275709 101.0726518223643 101.13040593098134 101.21288601735004 101.30709740703159 101.3711683712786 101.388404363069 101.34283276173836 101.3481569686265 101.36340766293318 101.39508218187784 101.39038966055271
100.44141746333909 100.45161467314178 100.43239338386768 100.4191279870447 100.4109160747257 100.41416474333542 100.41687196717685 100.4216547292967 100.42914471525796 100.43934192506067 100.45314876665192 100.46857994254803 100.48590617513315 100.50612011314911 100.52786814467521 100.55115026971144 100.57334950521113 100.59663163024736 100.61964303289946 100.64337636190928 100.66611704217722 100.69165518708132 100.71809573993255 100.7516653155662 100.79092006126685 100.83387467955076 100.86888810789983 100.91310609730976 100.96039227373996 101.00334689202387 101.0233803484504 101.06191316779334 101.11515523667467 101.1748946427754 101.2446507770894 101.33435012703524 101.39914301763997 101.38858484465842 101.35763225207148 101.37008548174204 101.40410626134926 101.44516582294416 101.42865175751149
