static/data/seaWind_vo/2023/7/4/0.asc
ncols 137
nrows 93
xllcorner 108.0
yllcorner 17.0
cellsize 0.25
NODATA_value -32767
[rows 19 to 37 of 93, columns 44 to 87 of 137]
4.349830968670335 4.473494786737261 5.32846550013522 6.233257607862299 6.7430372319799154 7.061538288583943 7.20655413279192 7.2581548626327965 7.331997286370601 7.340004296173497 7.186981442162622 6.950329819099297 6.605138729818956 6.041979040348708 5.659421905321526 5.385404236511358 5.188787662462504 5.299106464191273 5.542875429301617 5.927211899840554 6.432543185178785 6.775065271191494 6.829335004300001 6.673643147021497 6.397846142699576 6.347135080614576 6.404073816990715 6.470798898681503 6.70745052174483 5.629173201621702 4.18168376280955 3.048247041822038 3.010880996075197 2.930810898046252 2.3925619057405654 2.018901448272155 2.1701449667712738 2.2591117423589906 2.1648069602360107 1.9379416824873328 1.5126804951780466 0.9228307730314842 0.8151809745703471 1.058949939680691
3.963715162619644 5.044661486010403 5.832907117717573 6.256388969515106 6.2003399008948445 6.542861986907553 6.742147564224039 6.856914704732194 6.96812317421684 7.0232825750812236 6.981468190554997 6.881825401896755 6.718126534815356 6.398735810455452 6.036641033813445 5.688780941265472 5.399638920605392 5.4539086537139 5.751947351932751 6.202119236406599 6.704781518477198 7.004599552207804 7.114028686180696 6.991254535869647 6.5891247102131665 6.160304851880372 5.9254325643287995 5.701236289847753 5.444122308399251 4.313354590679371 3.1336551463862463 2.231532041926798 1.9753077282341738 1.7893671672558458 1.7724634798941796 1.9379416824873328 2.161248289212502 1.9210379951256666 1.7084074014710235 1.4548520910460305 1.0731846237747256 1.1532547218036708 1.3988030224257693 1.727090424344444
3.0446883707985295 3.6799111484948277 4.460149770399104 5.093593212583647 5.782196055632575 5.6852222702419635 5.89073552184959 6.228809269082913 6.637166769030534 6.711898860524215 6.747485570759302 6.69499517316255 6.608697400842464 6.432543185178785 6.131835483692302 5.8747215022438 5.670987586147929 5.707463964138893 5.872052498976169 6.2047882396742295 6.49659926360194 6.632718430251147 6.701222847453689 6.560655342025097 6.190553555580195 5.664759911856789 5.242167727815135 4.93879102306102 4.639862657086292 3.667455799912547 2.5135567205398606 1.573177902577694 1.1683790736535826 1.6185509581274296 2.225304367635658 2.5615987793572277 2.425479612708021 2.24042871948557 2.0838471944511885 2.0073357674457517 1.8845616171347028 2.123882243465661 2.1398962630714498 2.1914969929123256
2.6247651900245064 2.4619559906989847 3.085613087568879 3.637207096212723 4.412997379337614 4.550006213742698 5.147862945692154 5.645187221227491 6.2199125915241416 6.403184149234837 6.4645712243903635 6.510833947695975 6.4441088660051875 6.307100031600104 6.138063157983442 5.912087547990641 5.711912302918279 5.657642569809772 5.763513032759155 5.811555091576522 5.944115587202219 5.99126797826371 5.841803795276345 5.638959546936351 5.275085434782589 4.547337210475066 3.985067188760696 3.332940723702732 2.9886393021782682 2.2537737358237275 1.3943546836463834 0.5162526085956185 0.9103754244492039 2.0785091879159254 2.647006883921436 2.958390598478444 2.8987828588346742 2.7733397052559936 2.664800239038979 2.579392134474771 2.481528681328282 2.405017254322846 2.442383300069687 2.4121345963698633
2.268008419917762 2.1754829733065364 2.3551958599937244 2.6194271834892433 2.7635533599413447 3.167462521109579 4.276878212688407 5.239498724547502 5.993047313775463 6.291975679750193 6.396956474943698 6.360480096952735 6.243043953176948 6.081124421607303 5.8649351569291515 5.727036654768191 5.569565461977932 5.479709018634338 5.533978751742845 5.494833370484249 5.484157357413723 5.451239650446269 5.3409208487175 5.122952248527594 4.710146409800588 4.0829306419071845 3.3996658053935196 2.5669367858924903 1.6034266062775178 0.7093105116209639 -0.3138074076377788 -0.057583093945154484 1.271580533335334 2.477970010304774 3.1683521888654558 3.2297392640209805 3.131875810874492 3.0117706638310744 2.9610596017460757 2.788464057105905 2.6043028316393313 2.431707286999161 2.5215637303427547 2.477970010304774
1.8338505550497042 1.8356298905614585 1.9281553371726838 1.9503970310696133 1.917479324102158 2.379216889402408 3.5945030439306196 5.072241186442595 6.038420369325199 6.321334715694139 6.441439862737557 6.372935445535015 6.162084187392126 5.953901932516868 5.668318582880298 5.410314933675918 5.298216796435396 5.09893121911891 5.13985593588926 5.146973277936278 5.229712379232854 5.1665459685655755 5.124731584039348 5.0117437790429475 4.65943534771559 4.532212858625154 3.920121442581663 3.1292068076068604 1.5073424886427835 0.3303120476172905 -0.4009948477137413 -0.0006443575690160408 1.657696339386025 2.9895289699341454 3.5322263010192176 3.5829373631042163 3.3703067694495727 3.2092769056358055 2.9646182727695845 2.822271431829238 2.5215637303427547 2.4032379188110915 2.4922046943988083 2.399679247787583
1.5811849123805886 1.6986210561563748 1.790256835011723 1.9032446400081233 1.9023549722522461 2.382775560425917 3.5313366332633405 5.012633446798825 6.022406349719411 6.307100031600104 6.4396605272258025 6.373825113290891 6.162084187392126 5.963688277831517 5.630062869377579 5.356934868323289 4.953025707155055 4.7270500971622536 4.639862657086292 4.680787373856641 4.763526475153218 4.793775178853041 4.770643817200235 4.781319830270761 4.920997667943476 4.792885511097165 4.7768714914913755 4.199477117927094 2.6407792096302956 1.4370587359284874 0.7039725050857011 0.6132263939862299 1.8694372652847908 3.202159563588788 3.704821845659388 3.7635399175472815 3.4512665352343954 3.268884645279576 3.00999132831932 2.6888212684476622 2.3818858926700397 2.2911397815705685 2.283132771767674 2.1914969929123256
1.642571987536113 1.7929258382793545 1.9299346726844382 2.0375844711455757 2.2012833382269745 2.590957815301174 3.6389864317244776 4.669221693030238 5.693229280044858 6.1345044869599334 6.307100031600104 6.240374949909317 6.1398424934951965 5.978812629681429 5.70212595760363 5.388962907534867 4.984164078610755 4.52420584882226 4.259084857570864 4.227056818359285 4.132752036236306 4.162111072180252 4.189690772612445 4.2831058869795475 4.538440532916294 4.752850462082692 4.794664846608919 4.720822422871114 3.971722172422538 2.759994688917836 1.6114336160804124 1.2617941880206853 2.0100047707133832 2.575833463451262 3.082054416545371 3.2768916550824705 3.0544747161131784 2.9325902335580065 2.728856317462135 2.401458583299337 2.1585792859448705 1.9059136432757549 1.8347402228055814 1.752890789264882
1.8400782293408444 2.060715832798382 2.2021730059828517 2.2973674558617088 2.5349087466809124 2.744870337067924 3.082054416545371 3.9984122050988535 5.295547793167764 5.919204890037658 6.024185685231165 6.021516681963533 5.979702297437306 5.907639209211256 5.832907117717573 5.538427090522231 5.182559988171364 4.662994018739099 4.211042798753496 3.985067188760696 3.8605137029378924 3.7599812465237727 3.7822229404207017 3.8080233053411394 3.8996590841964878 4.1229656909216565 4.225277482847531 4.372962330323141 3.662117793377284 2.3445198469231987 1.1149990083009527 0.8854647272846432 1.5909712576952373 1.859650919970142 1.9779767315018053 2.1487929406302215 2.264449748894253 2.4023482510552143 2.2342010451944296 2.072281513624785 1.858761252214265 1.4388380714402418 1.127454356883233 1.080301965821743
2.066053839333645 2.379216889402408 2.4886460233752996 2.5028807074693344 2.6790349231330137 2.7484290080914326 2.935259236825638 3.6532211158185124 4.980605407587246 5.631842204889334 5.623835195086439 5.6505252277627545 5.723477983744682 5.643407885715737 5.657642569809772 5.577572471780826 5.323127493599957 4.927225342234617 4.4227837246522625 4.154104062377358 3.920121442581663 3.757312243256141 3.6692351354243016 3.6274207508980743 3.5135432781457974 3.3800931147642217 3.3240440461439604 3.36496876291431 2.788464057105905 1.6683723524565508 0.9201617697638529 0.9673141608253426 1.3098362468380522 1.1105506695215668 1.186172428771126 1.3178432566409468 1.3694439864818224 1.4281620583697157 1.3836786705758573 1.3036085725469122 1.3525402991201565 1.355209302387788 1.2208694712503356 1.111440337277444
2.3382921726320585 2.608751170418717 2.6897109362035394 2.664800239038979 2.745760004823801 2.7680016987207305 2.8489614645055528 3.3685274339378184 4.394314356464193 5.131848926086366 5.251064405373906 5.304444470726536 5.38807323977899 5.479709018634338 5.563337787686792 5.461915663516795 5.284871780097238 5.061565173372069 4.653207673424449 4.332037613552791 4.072254628836658 3.8596240351820152 3.667455799912547 3.5322263010192176 3.3293820526792235 3.084723419813002 2.9050105331258145 2.9334799013138837 2.8952241878111655 2.569605789160122 2.1754829733065364 1.7715738121383025 1.234214487588493 0.7742562577999972 0.47354855631351445 0.2253312524237847 -0.0006443575690160408 0.11946078947440153 0.3338707186407992 0.5207009473750044 0.7084208438650867 1.0287012359808674 1.4957768078163804 1.472645446163574
2.5028807074693344 2.569605789160122 2.6194271834892433 2.632772199827401 2.703055952541697 2.7386426627767837 2.70216628478582 2.9850806311547595 3.3889897923229935 3.994853534075345 4.558013223545592 4.930784013258125 5.064234176639701 5.182559988171364 5.372948887929078 5.339141513205746 5.268857760491449 5.099820886874787 4.862279596055584 4.568689236616118 4.2279464861151625 3.8347133380174547 3.524219291216323 3.3240440461439604 3.2146149121710685 3.042019367530898 2.892555184543534 2.8311681093880092 2.7813467150588878 2.6532345582125756 2.368540876331882 2.0740608491365395 1.9352726792197013 1.5491568731690104 1.037597913539639 0.5634049996571084 0.2146552393532586 0.053625375539491316 0.1924135454563296 0.4744382240693916 0.8454296782701707 1.1986277773534064 1.7600081313118991 1.9272656694168069
2.44772130660495 2.480639013572405 2.523343065854509 2.571385124671876 2.6149788447098574 2.6247651900245064 2.603413163883454 2.5882888120335426 2.80269874119994 3.0918407618600194 3.5829373631042163 4.111400010095254 4.743064116768043 4.9966194271930355 5.156759623250926 5.286651115608993 5.254623076397415 5.184339323683118 5.040213147231017 4.827582553576374 4.485060467563665 4.079371970883676 3.63186908967746 3.2306289317768577 3.0784957455218622 2.9388179078491468 2.817823093049852 2.6416688773861727 2.3498578534584613 2.2484357292884645 2.220856028856272 2.1381169275596954 2.1301099177568013 2.103419885080486 1.7671254733589166 1.6487996618272533 1.3196225921527012 0.7822632676028918 0.30540135045272976 0.4575345367077255 0.8685610399229771 1.3712233219935768 1.897016965716983 2.4886460233752996
2.518894727075123 2.405906922078723 2.452169645384336 2.5135567205398606 2.504660042981089 2.4984323686899486 2.5722747924277534 2.569605789160122 2.571385124671876 2.528681072389772 2.8596374775760784 3.4735082291313244 4.139869378283323 4.775092155979621 4.993950423925405 5.145193942424523 5.2910994543883785 5.270637096003203 5.236829721279872 5.152311284471541 4.8516035829850575 4.611393288898222 4.225277482847531 3.805354302073508 3.51265361038992 3.36496876291431 3.127427472095106 2.90323119761406 2.638110206362664 2.504660042981089 2.4788596780606507 2.480639013572405 2.411244928613986 2.3934515734964426 2.459286987431353 2.3809962249141625 2.0918542042540826 1.5411498633661158 1.0349289102720074 0.7048621728415783 0.9281687795667473 1.3356366117584901 1.7208627500533038 2.2813534362559196
2.6505655549449445 2.5357984144367895 2.420141606172758 2.457507651919599 2.485087352351791 2.5980751573481915 2.633661867583278 2.5073290462487203 2.5019910397134573 2.4041275865669687 2.518894727075123 3.1336551463862463 3.8969900809288562 4.520647177798751 4.817796208261726 5.123841916283471 5.269747428247326 5.387183572023113 5.40052858836127 5.332913838914605 5.264409421712063 5.028647466404614 4.837368898891023 4.574916910907259 4.2982302388294595 4.111400010095254 3.879196725811313 3.667455799912547 3.4690598903519385 3.3240440461439604 3.0758267422542307 3.004653321784057 2.908569204149323 2.840954454702658 2.9059002008816917 2.760884356673713 2.5126670527839834 2.1025302173246088 1.7297594276120756 1.3988030224257693 1.0553912686571822 1.0393772490513933 1.2573458492412994 1.318732924396824
2.7528773468708185 2.627434193292138 2.510887717272229 2.522453398098632 2.728856317462135 3.0179983381222146 2.717290636635732 2.590068147545297 2.4717423360136337 2.4325969547550383 2.527791404633895 3.062481725916073 3.82670632821456 4.371182994811386 4.744843452279797 5.061565173372069 5.284871780097238 5.408535598164164 5.445011976155128 5.44768097942276 5.379176562220218 5.284871780097238 5.137186932621628 4.993060756169527 4.854272586252689 4.667442357518484 4.606944950118836 4.455701431619717 4.2777678804442845 4.080261638639553 3.832044334749823 3.5802683598365848 3.4405905221638693 3.3578514208672927 3.222621921973963 3.0642610614278274 2.86853415513485 2.571385124671876 2.2003936704710974 1.7608977990677763 1.3694439864818224 0.9931145257457805 0.7021931695739467 0.7635802447294713
2.7582153534060816 2.617647847977489 2.2706774231853935 2.255553071335482 2.9103485396610775 3.6594487901096526 3.2457532836267697 2.7430910015561696 2.558929776089596 2.4610663229431076 2.5019910397134573 3.0402400320191436 3.8089129730970166 4.380969340126036 4.75018145881506 5.044661486010403 5.268857760491449 5.4112046014317965 5.454798321469777 5.48860569619311 5.430777292061094 5.338251845449868 5.221705369429959 5.09893121911891 4.973488065540229 4.895197303023039 4.87918328341725 4.831141224599882 4.733277771453395 4.543778539451557 4.42367339240814 4.163890407692007 3.945032139746224 3.7679882563266673 3.6327587574333373 3.445038860943255 3.2448636158708926 2.907679536393446 2.518894727075123 2.075840184648294 1.6559170038742708 1.2893738884528774 0.953079476731308 0.6372474233949135
2.7350839917532754 2.410355260858109 2.0215704515397865 1.795594841546986 2.505549710736966 3.4503768674785182 3.337389062482118 2.8640858163554643 2.693269607227048 2.5135567205398606 2.65501389372433 3.2306289317768577 3.9832878532489415 4.444135750793315 4.7822094980266385 5.061565173372069 5.292878789900133 5.461915663516795 5.533978751742845 5.539316758278108 5.479709018634338 5.394300914070129 5.304444470726536 5.164766633053821 5.052668495813297 4.968150059004966 4.881852286684881 4.854272586252689 4.857831257276198 4.800892520900058 4.710146409800588 4.610503621142345 4.418335385872877 4.199477117927094 3.9823981854930643 3.774215930617807 3.533115968775095 3.21105624114756 2.850740800017307 2.4788596780606507 2.0304671290985583 1.6986210561563748 1.381899335064103 1.0100182131074467
2.8320577771438864 2.4174726029051263 1.9281553371726838 1.6399029842684816 2.0882955332305744 2.685262597424154 2.817823093049852 2.84985113226143 2.8854378424965166 2.8712031584024817 3.2172839154387 3.7377395526268433 4.167449078715515 4.395204024220071 4.78487850129427 5.085586202780753 5.317789487064694 5.522413070916442 5.6798842637067 5.73682300008284 5.707463964138893 5.619386856307053 5.517964732137056 5.324906829111711 5.207470685335925 5.089144873804262 4.980605407587246 4.920997667943476 4.8667279348349695 4.800892520900058 4.727939764918132 4.682566709368396 4.622958969724625 4.4779431255166475 4.244850173476829 3.9557081528167495 3.6736834742036875 3.327602717167469 2.9957566442252856 2.6683589100624876 2.304484797908726 1.7733531476500568 1.2484491716825277 0.6843998144564034
