static/data/seaWind_vo/2023/7/4/12.asc
ncols 137
nrows 93
xllcorner 108.0
yllcorner 17.0
cellsize 0.25
NODATA_value -32767
[rows 57 to 75 of 93, columns 88 to 131 of 137]
4.291112896782442 4.283995554735425 4.245739841232706 4.12830369745692 3.937025129943329 3.710159852194651 3.507315603854657 3.375644775984836 3.220842586462209 2.8213817640733607 2.399679247787583 1.9032446400081233 1.4957768078163804 1.0838606368452517 0.76713891575298 0.5883156968216692 0.6007710454039497 0.8267466553967502 1.387237341599366 2.0313567968544355 2.6301031965597694 2.9548319274549355 3.089171758592388 3.114082455756949 3.004653321784057 2.8365061159232723 2.6363308708509097 2.4406039645579325 2.241318387241447 2.1105372271275034 2.094523207521714 2.050929487483733 2.1372272598038182 2.3471888501908302 2.421031273928635 2.3712098795995136 2.28758111054706 2.183489983109431 2.03936380665733 1.859650919970142 1.7075177337151464 1.5642812250189224 1.4103687032521721 1.3578783056554193
4.06869595781315 4.066916622301395 4.063357951277887 3.9726118401784154 3.8089129730970166 3.6105170635364083 3.4094521507081685 3.2199529187063316 3.0384606965073893 2.697717946006434 2.2591117423589906 1.7279800921003212 1.1514753862919165 0.6941861597710521 0.3739057676552717 0.29472533738220363 0.35433307702597405 0.6995241663063152 1.2511181749501592 1.8302918840261955 2.3071538011763573 2.500211704201703 2.4557283164078445 2.410355260858109 2.235980380706184 2.0633848360660134 1.9397210179990871 2.018901448272155 1.9788663992576825 2.14612393736259 2.226194035391535 2.438824629046178 2.60786150266284 2.7680016987207305 2.7528773468708185 2.6301031965597694 2.298257123617586 2.049150151971979 1.8196158709556696 1.764456470091285 1.710186736982778 1.7413251084384789 1.6657033491889195 1.566950228286554
3.901438419708242 3.7848919436883333 3.787560946955965 3.7341808816033346 3.6105170635364083 3.4147901572434316 3.2057182346122968 3.0126603315869516 2.745760004823801 2.458397319675476 2.1398962630714498 1.8810029461111941 1.3578783056554193 1.1381303699537588 1.0340392425161302 1.1559237250713024 1.4237137195903298 1.717304079029795 1.859650919970142 2.2333113774385525 2.221745696612149 2.0002184253987347 1.9165896563462808 1.7751324831618112 1.6132129515921667 1.5794055768688342 1.5918609254511145 1.8729959363082995 2.277794765232411 2.485087352351791 2.8658651518672187 3.1203101300480887 3.2768916550824705 3.1977112248094026 3.0687094002072133 2.6265445255362607 2.2573324068472362 1.8979066334728603 1.7875878317440914 1.9361623469755784 2.250215064800219 2.2813534362559196 2.113206230395135 1.8516439101672475
3.7199461975093 3.5793786920807076 3.4877429132253592 3.366748098426064 3.2448636158708926 3.1034064426864227 2.897893191078797 2.6674692423066104 2.3427405114114443 2.085626529962943 2.08028852342768 1.83829889382909 1.7884774994999686 1.6141026193480437 1.679938033282954 1.8952376302052287 2.1479032728743443 2.2858017750353055 2.4245899449521437 2.2973674558617088 2.123882243465661 1.7973741770587401 1.5918609254511145 1.4584107620695392 1.6301166389538326 1.6959520528887433 1.9673007184312794 2.2938087848382 2.6870419329359083 3.1042961104423 3.4886325809812364 3.655890119086144 3.703042510147634 3.481515238934219 3.024226012413355 2.579392134474771 2.198614334959343 1.8996859689846146 2.0455914809484703 2.425479612708021 2.721738975415118 2.638110206362664 2.453059313140213 1.8676579297730367
3.7448568946738607 3.51265361038992 3.327602717167469 3.0980684361511597 2.8382854514350266 2.6959386104946796 2.504660042981089 2.279574100744165 1.981535402525314 1.752890789264882 1.7573391280442676 1.8044915191057576 1.7555597925325133 1.8196158709556696 1.8845616171347028 2.0411431421690844 2.225304367635658 2.363202869796619 2.5171153915633693 2.372989215111268 2.1648069602360107 1.8712166007965452 1.679048365527077 1.7573391280442676 1.9281553371726838 2.256442739091359 2.566047118136613 2.8142644220263433 3.090061426348265 3.5082052716105343 3.6496624447950037 3.7768849338854387 3.6576694545978983 3.300912684491154 2.8276094383645005 2.504660042981089 2.122992575709784 2.1745933055506597 2.426369280463898 2.7680016987207305 2.6461172161655586 2.5615987793572277 2.008225435201629 1.424603387346207
3.856065364158507 3.6283104186539514 3.337389062482118 2.9744046180842334 2.6736969165977507 2.3187194820027606 2.119433904686275 1.9503970310696133 1.7342077663914615 1.525135843760327 1.3783406640405942 1.4415070747078733 1.5740675703335711 1.7199730822974266 1.779580821941197 1.9094723142992636 2.0954128752775913 2.299146791373463 2.469073332746002 2.480639013572405 2.310712472199866 2.0740608491365395 2.08028852342768 2.1692552990153966 2.4237002771962666 2.7680016987207305 2.9236935559992347 3.100737439418791 3.3614100918908014 3.4414801899197465 3.5598060014514097 3.4236868348022034 3.2332979350444893 2.850740800017307 2.5304604079015265 2.230642374170921 2.19327632842408 2.3276161595615323 2.5500330985308244 2.5037703752252116 2.194165996179957 1.457521094313662 0.8667817044112227 0.8979200758669237
3.8969900809288562 3.6959251681006164 3.37742411149659 3.0064326572958113 2.6247651900245064 2.235980380706184 1.901465304496369 1.7137454080062864 1.5500465409248876 1.4486244167548905 1.2804772108941058 1.2947118949881404 1.4068100322286636 1.525135843760327 1.6185509581274296 1.8142778644204065 1.9904320800840858 2.1674759635036422 2.3596441987731103 2.405906922078723 2.3178298142468834 2.1479032728743443 2.264449748894253 2.5402467532161754 2.8196024285616064 3.0215570091457233 3.1194204622922115 3.3053610232705397 3.4094521507081685 3.434362847872729 3.2332979350444893 3.005542989539934 2.6879316006917855 2.357864863261356 2.1265512467332925 1.9744180604782966 1.9628523796518935 1.9050239755198777 1.9895424123282086 1.6016472707657634 0.8498780170495566 0.13458514132431354 0.2297795912031706 0.49934892123395236
3.740408555894475 3.5775993565689532 3.340947733505627 3.05714371938081 2.6728072488418735 2.2955881203499544 1.9432796890225958 1.689724378597603 1.499335478839889 1.4415070747078733 1.4183757130550667 1.4361690681726103 1.499335478839889 1.5918609254511145 1.7262007565885669 1.7973741770587401 1.971749057210665 2.236870048462061 2.4939840299105627 2.581171469986525 2.4406039645579325 2.1906073251564484 2.3436301791673215 2.6212065190009977 2.8863275102523938 3.0811647487894938 3.2929056746882592 3.4503768674785182 3.445038860943255 3.2537602934296643 2.973514950328356 2.585619808765911 2.2333113774385525 1.9156999885904036 1.669262020212428 1.514459830689801 1.3685543187259452 1.1781654189682316 0.6843998144564034 -0.04512774536287445 -0.5433416886540883 -0.3547321244081285 0.16305450951238276 0.7057518405974554
3.3240440461439604 3.2092769056358055 3.084723419813002 2.939707575605024 2.679924590888891 2.3809962249141625 2.085626529962943 1.8418575648525985 1.7190834145415494 1.6479099940713762 1.6657033491889195 1.7306490953679528 1.8107191933968978 1.89167895918172 2.008225435201629 2.129220250000924 2.420141606172758 2.698607613762311 2.8098160832469574 2.6834832619123996 2.410355260858109 2.4414936323138097 2.66124156801547 2.919245217219849 3.1452208272126496 3.316926704096943 3.4139004894875544 3.3747551082289586 3.1647935178419475 2.8436234579702897 2.457507651919599 2.03936380665733 1.6363443132449729 1.2706908655794569 1.117668011568584 1.054501600901305 0.8311949941761361 0.3107393569879928 -0.30224172681137595 -0.49618929759259833 -0.2844483716938324 0.2146552393532586 0.7075311761092098 0.9655348253135885
2.9984256474929167 2.9165762139522173 2.7964710669087998 2.7066146235652058 2.5785024667188936 2.38811356696118 2.2003936704710974 1.9753077282341738 1.8205055387115467 1.8000431803263717 1.9050239755198777 2.1309995855126784 2.363202869796619 2.6959386104946796 2.9699562793048475 3.1203101300480887 3.0500263773337926 2.9797426246194965 2.7413116660444152 2.553591769554333 2.4655146617224935 2.7261873141945037 2.951273256431427 3.1558968402831757 3.3187060396086974 3.349844411064398 3.2235115897298403 2.8943345200552884 2.431707286999161 2.0464811487043475 1.6950623851328661 1.344533289317262 0.9014787468904322 0.6052193841833353 0.4468585236371996 0.296504672893958 0.10433643762448996 0.03316301715431624 0.09632942782159537 0.38814045174930634 0.6069987196950897 0.7760355933117515 0.7502352283913138 0.7929392806734179
2.7893537248617823 2.6772555876212594 2.5544814373102103 2.5260120691221406 2.411244928613986 2.277794765232411 2.1069785561039946 2.0358051356338214 2.085626529962943 2.298257123617586 2.4352659580226694 2.5891784797894197 2.7991400701764313 3.174579863156596 3.4130108217316772 3.2457532836267697 2.946824917652041 2.5829508054982795 2.3970102445199513 2.5366880821926667 2.6051924993952085 2.808036747735203 2.9806322923753736 3.1452208272126496 3.1283171398509833 3.036681360995635 2.684372929668277 2.104309552836363 1.5971989319863775 1.1799447544799857 0.8534366880730653 0.5678533384364943 0.19953088750334702 0.1105641119156302 0.11946078947440153 0.030494013886685156 0.12657813152141895 0.27604231450878336 0.48422456938404057 0.4646518787547429 0.5411633057601792 0.5144732730838644 0.5260389539102674 0.6817308111887719
2.6212065190009977 2.473521671525388 2.3445198469231987 2.2760154297206565 2.198614334959343 2.0963025430334685 2.1745933055506597 2.2172973578327637 2.527791404633895 2.754656682382573 2.7938020636411682 2.693269607227048 2.876541164937745 3.0509160450896697 3.1078547814658086 2.8276094383645005 2.421031273928635 2.094523207521714 2.1212132401980295 2.2528840680678504 2.3329541660967954 2.4877563556194224 2.6149788447098574 2.552702101798456 2.49487369766644 2.1808209798417995 1.779580821941197 1.1737170801888457 0.6594891172918427 0.26803530470588877 0.16394417726825994 -0.009541035127787811 0.02070766857203621 0.17995819687404913 0.2333382622266793 0.32141537005851895 0.4352928428107963 0.3712367643876402 0.36856776112000866 0.2858286598234323 0.3303120476172905 0.33120171537316767 0.4788865628487775 0.6194540682773702
2.4281486159756525 2.28758111054706 2.1630276247242564 2.0651641715777678 2.014453109492769 2.122992575709784 2.4281486159756525 2.7955813991529226 3.0598127226484415 3.117641126780457 2.840064786946781 2.7208493076592406 2.744870337067924 2.75554635013845 2.5989648251040687 2.2964777881058316 1.9744180604782966 1.8658785942612823 1.8729959363082995 1.8783339428435626 1.8979066334728603 1.9806457347694368 2.024239454807418 1.827622880758564 1.4753144494312056 1.1158886760568296 0.7208761924473672 0.2707043079735203 -0.06292110048041755 -0.1287565144153282 -0.06914877477155779 0.04917703676010543 0.20308955852685573 0.3151876957673787 0.33920872517606226 0.29828400840571234 0.2377866010060652 0.12657813152141895 0.05006670451598261 0.018038665304404677 0.10789510864799867 0.25735929163536264 0.3819127774581663 0.5304872926896533
2.2653394166501304 2.13366858878031 1.997549422131103 1.913030985322772 2.0963025430334685 2.38811356696118 2.89700352332292 3.4236868348022034 3.6434347705038634 3.259098299964927 2.9050105331258145 2.7110629623445917 2.6256548577803835 2.479749345816528 2.268898087673639 2.0171221127604007 1.8516439101672475 1.7262007565885669 1.669262020212428 1.6069852773010265 1.557163882971905 1.404141028961032 1.3472022925848934 0.9459621346842906 0.49579025021044365 0.13458514132431354 -0.029113725757085263 -0.2737723586233063 -0.013989373907173253 0.050956372271859784 0.15326816419773426 0.17817886136229477 0.2698146402176431 0.0874327502628236 -0.021996383710067846 -0.08071445559796109 -0.15633621484752025 -0.22039229327067655 -0.20526794142076454 -0.15010854055638 -0.024665386977699377 0.10611577313624432 0.32853271210553614 0.5580669931218456
2.128330582245047 1.9432796890225958 1.807160522373389 2.0260187903191724 2.3142711432233747 2.8596374775760784 3.444149193187378 3.9441424719903466 3.636317428456846 3.2306289317768577 2.8338371126556408 2.623875522268629 2.4459419710931956 2.2662290844060076 2.0687228426012765 1.8187262031997924 1.6648136814330423 1.504673485375152 1.3836786705758573 1.3311882729791042 1.1941794385740205 1.0304805714926215 0.6630477883153514 0.18974454218869807 -0.21683362224716785 -0.3832014925961982 -0.4401402289723366 -0.2221716287824309 0.05451504329536849 0.11412278293913891 0.17639952585054042 0.007362652233878553 -0.16790189567392355 -0.37252547952567205 -0.4339125546811968 -0.4864029522779494 -0.5006376363719842 -0.4864029522779494 -0.4454782355075997 -0.329821427243568 -0.202598938153133 0.10166743435685843 0.34721573497895664 0.7591319059500854
1.906803311031632 1.752890789264882 1.8987963012287374 2.187938321888817 2.638999874118541 3.2297392640209805 3.6478831092832493 3.439700854407992 3.0784957455218622 2.7066146235652058 2.3667615408201277 2.345409514679076 2.28758111054706 2.1256615789774154 1.8569819167025106 1.5865229189158514 1.3009395692792807 1.1212266825920927 0.9815488449193774 0.8899130660640291 0.7190968569356129 0.41305114891386707 -0.003313360836647572 -0.30669006559076184 -0.5513486984569829 -0.5210999947571593 -0.3378284370464626 -0.13498418870646844 -0.1429911985093626 -0.18836425405909818 -0.35651145991988287 -0.5380036821188252 -0.6750125165239091 -0.7221649075853991 -0.7630896243557488 -0.7995660023467126 -0.8262560350230275 -0.8084626799054844 -0.7088198912472414 -0.5451210241658426 -0.22661996756181635 0.10522610538036714 0.5420529735160564 1.0251425649573587
1.8454162358761073 1.870326933040668 2.1149855659068892 2.4930943621546855 2.9228038882433576 3.1283171398509833 3.0135499993428287 2.6736969165977507 2.331174830585041 2.0375844711455757 1.9308243404403154 2.055377826263119 2.109647559371626 1.8845616171347028 1.5794055768688342 1.234214487588493 0.937065457125519 0.6488131042213166 0.3943681260404466 0.19063420994457525 -0.07092811028331214 -0.36807714074628617 -0.5904940797155782 -0.7444066014823281 -0.6759021842797863 -0.5139826527101419 -0.3938775056667243 -0.4517059097987399 -0.5735903923539118 -0.711488894514873 -0.8805257681315348 -0.9499198530899542 -0.9694925437192516 -0.9855065633250408 -1.0193139380483731 -1.076252674424512 -1.0807010132038979 -1.0219829413160046 -0.859173741990483 -0.5495693629452285 -0.16345355689453767 0.29739434064983516 0.7956082839410492 1.2048554516445464
2.140785930827327 2.274236094208902 2.5126670527839834 2.7573256856502044 2.8800998359612535 2.7911330603735367 2.4512799776284586 2.1114268948833805 1.9192586596139123 1.8649889265054052 1.8729959363082995 1.886340952646457 1.7760221509176883 1.519797837225064 1.127454356883233 0.6995241663063152 0.32497404108202765 0.02337667183966774 -0.2221716287824309 -0.509534313930756 -0.786220986008555 -0.9961825763955665 -1.076252674424512 -1.0015205829308296 -0.8253663672671503 -0.7559722823087314 -0.8057936766378528 -0.9516991886017085 -1.1047220426125812 -1.2079235022943329 -1.272869248473366 -1.272869248473366 -1.2942212746144182 -1.2844349292997692 -1.2906626035909095 -1.3022282844173123 -1.2488482190646826 -1.1065013781243356 -0.8182490252201333 -0.441919564484091 0.005583316722124199 0.4610932077312342 0.8498780170495566 1.1238956858597242
2.54825376301907 2.638110206362664 2.718180304391609 2.797360734664677 2.7359736595091526 2.5553711050660874 2.135447924292064 1.7350974341473386 1.519797837225064 1.4637487686048023 1.4708661106518197 1.3543196346319109 1.1043229952304265 0.8641127011435912 0.5393839702484249 0.19864121974746984 -0.03000339351296244 -0.22306129653830808 -0.4383608934605827 -0.7844416504968006 -1.0620179903304772 -1.2052544990267013 -1.231054863947139 -1.173226459815123 -1.1278534042653874 -1.203475163514947 -1.3120146297319613 -1.3983124020520465 -1.427671437995993 -1.4588098094516941 -1.4810515033486231 -1.4561408061840626 -1.452582135160554 -1.427671437995993 -1.4089884151225727 -1.3413736656759077 -1.203475163514947 -0.9881755665926724 -0.6145151091242615 -0.21950262551479938 0.18707553892106654 0.5509496510748282 0.7413385508325421 0.8436503427584163
