static/data/seaWater_vo/2023/7/2/0.asc
ncols 137
nrows 93
xllcorner 108.0
yllcorner 17.0
cellsize 0.25
NODATA_value -32767
[rows 26 to 51 of 93, columns 58 to 115 of 137]
-0.22491938 -0.119167194 -0.26318514 -0.30366004 -0.27778262 -0.27332014 -0.17479318 -0.05521085 0.062819526 0.16795188 0.1037898 0.06563691 0.11445834 0.1889751 0.25637922 0.0076944847 -32767.0 -32767.0 -0.05576169 0.28754553 0.17971496 -0.015429945 0.0474959 0.1341318 0.10967199 0.10323079 0.06171626 -0.02211265 0.09418223 0.014872913 0.083634205 -32767.0 -32767.0 -32767.0 -32767.0 -32767.0 -32767.0 0.015456249 -0.1028445 0.23852076 -32767.0 -32767.0 -32767.0 -32767.0 -32767.0 -0.10527745 -32767.0 -0.11394198 -0.07979585 0.06525885 -0.049443286 -0.3357392 -0.59543455 -32767.0 -0.02668342 -0.14352058 0.20026223 0.5206884
-0.04663911 -0.083322436 -0.04131846 -0.07531229 -0.02993669 -0.17485482 -0.1679325 -0.069152564 -0.017866043 0.090750344 0.09549437 0.17999633 0.16587982 0.1510843 0.08342516 -32767.0 -32767.0 0.005919583 -0.13066764 0.23120792 0.104060866 0.011319945 0.024631325 -0.01981844 -0.13853602 -0.053385824 0.117637165 -0.0069857854 -32767.0 -32767.0 -32767.0 -32767.0 -32767.0 -32767.0 -32767.0 -32767.0 -32767.0 -0.09036154 -0.11938599 0.2700903 -32767.0 -32767.0 -32767.0 -0.07798832 -0.13266824 -0.12653382 -0.2843715 -0.038662337 0.062746 0.06839593 -0.054921493 -0.36646554 -0.7431914 -0.41894072 -0.3574429 -0.14989102 0.046910413 0.37409574
-0.07831966 0.07222379 0.16507727 0.20888372 0.25457612 0.098498456 0.032733295 0.03155775 -0.016618425 0.035388142 -0.015657747 0.037747197 0.0747583 0.0050266907 -0.0075631645 0.038761877 0.14592007 0.10533405 0.017703673 -0.032415874 0.22317474 0.19211571 0.01128481 -0.12844968 -0.13708787 0.06448401 -32767.0 -0.13681321 0.03782196 -32767.0 -32767.0 -0.004901005 -32767.0 -32767.0 -32767.0 -32767.0 -32767.0 -32767.0 -0.2609138 -0.006467437 -32767.0 -32767.0 -0.0939306 0.01171587 0.3158158 0.11585759 -0.17835966 -0.3100465 -0.0849749 0.03606503 -0.06919274 -0.4249296 -0.7230318 -0.47262424 -0.37483984 -0.12875316 -0.072448544 0.24192727
-0.022271046 0.055745624 0.14947781 0.082578376 0.1628509 0.2615424 0.3343184 0.3438863 0.2832137 0.25565794 0.12642029 0.09205418 0.06553596 0.00186733 0.035551395 0.021180259 0.07048631 0.06577189 -0.024867684 0.089219876 0.12454208 0.19887523 0.024487799 -0.083845824 -0.12120975 -32767.0 -0.093284555 -0.011826098 -0.10133756 -0.073419 0.03297405 -32767.0 0.102315396 -32767.0 -32767.0 -32767.0 -32767.0 -32767.0 0.117840126 0.14982311 -0.17100987 -0.39504772 0.113268 0.29682913 0.20265593 0.14180143 0.009274598 -0.22981757 -0.4793166 -0.11553285 -0.15762575 -0.5146013 -0.65051055 -0.46842453 -0.18359435 -0.16297252 -0.14004111 0.1034906
-0.015832584 0.042051062 0.12759535 0.07609258 0.09059858 0.11707734 0.13167343 0.09665413 0.13678002 0.22870825 0.17192094 0.13608724 0.15802781 0.08480793 0.1146429 0.047116965 0.11022698 0.058773946 0.009545747 0.027998885 0.11554642 0.15781875 -0.0012597152 -0.11595528 -0.22859596 -0.22980364 -0.18258162 -0.17776017 -0.20343907 -0.17899412 -0.14349888 -0.0034946073 0.07621315 -32767.0 -32767.0 -32767.0 -32767.0 0.15212965 0.24525324 0.009147039 -0.11074902 -0.17969523 -0.037658792 0.18924709 0.30885413 0.25549495 0.09270749 -0.15277341 -0.5290741 -0.30257285 -0.25393078 -0.6056533 -0.49964538 -0.2292778 -0.088736 -0.16537029 -0.19109729 -0.0052284542
-0.005277631 -0.011165259 0.07568515 0.022664934 0.12907502 0.015188654 0.08361448 0.15127873 0.21067555 0.13261606 0.069555014 0.18877262 0.39258856 0.39685 0.19216165 0.1220365 0.078425184 0.11388335 0.11685535 0.16546069 0.31975985 0.13294189 -0.048162438 -0.0757663 -0.21551491 -0.25026715 -0.29563564 -0.30469915 -0.2009256 -0.17194822 -0.10637231 -0.045654878 0.009730253 -32767.0 -32767.0 -32767.0 -32767.0 0.28460556 -0.026053125 -0.1913002 -0.15827444 -0.11237328 0.07515505 0.55229145 0.6274483 0.36660314 0.10874916 -0.09485222 -0.49215165 -0.63365436 -0.46711433 -0.55931634 -0.34256572 -0.06453731 -0.09487902 -0.201104 -0.23224701 -0.0828355
-0.09855253 -0.10777041 0.03892357 0.09516093 0.046394054 0.076933846 0.1508545 0.21825497 0.17618513 0.10098118 0.12483047 0.16529308 0.20020603 0.24859047 0.2086002 0.17101568 0.07668345 0.15465198 0.13018855 0.15809943 0.2132259 0.18241355 0.05973893 -0.036850438 -0.11028111 -0.12768632 -0.21011262 -0.28419727 -0.3974936 -0.3791144 -0.20736021 -32767.0 -32767.0 -32767.0 -32767.0 -32767.0 0.15672381 0.18382622 -0.13867335 -0.2774524 -0.023257926 -0.09620182 0.53215915 1.0361857 0.8397939 0.3158251 -0.0067013535 -0.20114821 -0.39397696 -0.8753676 -0.7413912 -0.64425915 -0.36697212 -0.14903119 -0.150262 -0.32249042 -0.34248576 -0.16515712
-0.16067028 -0.055724327 0.025917733 0.10464498 0.10525947 0.0019857627 0.1507678 0.16743557 0.059154306 0.110614 0.13590373 0.14173813 0.15080388 0.13804646 0.09069627 0.09506632 0.07050319 0.1697746 0.19072977 0.19908522 0.0877841 0.115446545 0.09537669 0.0044133114 0.026576066 -0.02059151 -0.15011036 -0.2651833 -0.35627756 -0.3324135 -0.22028254 -32767.0 -32767.0 -32767.0 -32767.0 -32767.0 0.06586993 0.23503949 -0.0717519 -0.23170583 0.09503061 0.13973455 0.86023855 1.2247365 0.7403132 0.28068212 -0.0048707332 -0.24332209 -0.298629 -0.7773139 -1.1339316 -0.8535603 -0.5031201 -0.29862064 -0.3085042 -0.3861343 -0.44576114 -0.18244503
-0.3637027 -0.06406872 -0.06276484 -0.031570114 0.06531965 0.070601836 0.07180124 0.018811766 0.012978768 0.009354572 0.13466425 0.07591893 0.10308368 0.02424064 -0.07463067 -0.12505957 -0.16069111 -0.06842322 0.067906156 0.18365479 0.19569638 0.12223337 0.08407505 0.06532445 0.15509705 0.03162471 -0.24656561 -0.3619273 -0.36379632 -0.36232716 -0.277044 -0.022521356 -32767.0 0.09155735 -32767.0 -32767.0 0.2858901 0.24679413 0.03330304 -0.09221339 0.108214095 0.51075274 1.1084044 0.8976572 0.5577529 0.3544599 -0.011968379 -0.24772352 -0.32715186 -0.5763535 -1.2352536 -1.1547729 -0.6982071 -0.4473903 -0.46007437 -0.46302193 -0.36082006 -0.20117976
-0.40193602 -0.13412826 -0.15226421 -0.0661569 0.095352985 0.052953713 0.015638344 -0.0739194 -0.15791054 -0.1843423 -0.04972556 -0.062494807 -0.02815322 -0.06299643 -0.1431121 -0.2084094 -0.25116748 -0.14283107 -0.05812497 -0.007645551 -0.040065456 -0.012133776 0.00031598104 0.082801744 0.14845312 -0.008260552 -0.30706006 -0.4281111 -0.41019064 -0.46012557 -0.28657705 -0.307678 -0.15167949 0.0036363578 -32767.0 -0.004105467 0.23824517 0.29166207 0.3056094 0.35151574 0.56016046 0.8508381 0.8098975 0.5502707 0.6859357 0.30146462 -0.07145644 -0.31221235 -0.38080433 -0.5300675 -1.1082593 -1.4190606 -0.88196707 -0.60366064 -0.5773783 -0.42465565 -0.19817267 -0.11362916
-0.37826845 -0.21428885 -0.099156775 0.052222874 0.1514731 0.1272546 0.12811331 0.029556496 -0.18693288 -0.16939881 -0.07821932 -0.14337935 -0.19790271 -0.10888307 -0.15777753 -0.18454964 -0.15486932 -0.016624095 0.0850484 -0.18645617 -0.2800876 -0.10853275 0.012661606 0.03498629 0.043071523 -0.11128495 -0.31008783 -0.4583726 -0.39861888 -0.26829603 -0.20281899 -0.15941286 -0.39774466 -32767.0 0.32271752 0.037620973 0.2213913 0.4760547 0.5315206 0.60841095 0.5748264 0.48767418 0.30508435 0.87412626 0.74334824 0.32560867 -0.11199291 -0.40781668 -0.44956365 -0.5450844 -0.99826586 -1.5396298 -1.0042906 -0.6392319 -0.5898109 -0.4365982 -0.14062673 -0.028872581
-0.2617165 -0.015299208 -0.08990468 0.07309461 0.041378446 0.048507094 0.1324206 0.10487601 -0.16083671 -0.19653873 -0.13445021 -0.13536093 -0.22250222 -0.18412681 -0.19394878 -0.19901249 -0.12082726 -0.025818828 0.07282046 -0.034008313 -0.026602505 0.032461092 0.0256996 0.02253886 0.016174918 -0.1280406 -0.333531 -0.44945303 -0.47202232 -0.25965318 -0.09500821 -0.07937789 -0.056275178 -0.07301256 -0.014292668 0.059642382 0.21509804 0.3741153 0.62282133 0.70141125 0.3671976 0.26924032 0.315872 0.8536026 0.68069285 0.28136364 -0.0059637446 -0.36058098 -0.51791304 -0.53388983 -0.87214047 -1.5664737 -1.0751877 -0.5968329 -0.4819423 -0.25931612 -0.07685182 0.064942256
-0.10279065 -0.041040163 0.16114125 0.19727854 0.2051281 0.050948408 0.012955502 0.043060433 -0.12974478 -0.11638623 -0.11104227 -0.12076222 -0.13079385 -0.19790027 -0.12549362 -0.060787916 -0.06879194 -0.11727168 -0.038459916 0.06563664 0.12956928 0.04972821 0.10079772 0.20441528 0.30635533 0.16135244 -0.14428693 -0.4427375 -0.4845937 -0.36687925 -0.26850238 -32767.0 0.048751075 -0.34724504 -32767.0 0.19307755 0.35974774 0.42367133 0.7575074 0.62371176 0.18305327 0.092212975 0.09427697 0.6866194 0.7310673 0.29522848 0.030942801 -0.20682676 -0.5020843 -0.5652315 -0.6906259 -1.3598086 -1.1286582 -0.5717509 -0.34586164 -0.12672633 0.07720871 0.35061738
-32767.0 0.14990653 0.2260331 0.2798991 0.28337204 0.22699352 0.001715951 -0.062790126 -0.19547443 -0.14484338 -0.13771248 -0.13479346 -0.108232506 -0.087714374 0.008333337 0.006872127 -0.03398684 -0.079943426 -0.067905456 0.039010108 0.04465339 -0.037514374 0.043030128 0.33822912 0.5245584 0.4649179 0.124034934 -0.20845664 -0.3991917 -0.42422754 -0.41422176 -0.34450144 -32767.0 -0.58324426 0.3306647 0.5808586 0.51013935 0.5228869 0.56307566 0.44726968 0.05351721 0.06604859 -0.13340837 0.2353358 0.68681943 0.48134574 0.04214568 -0.16663681 -0.37677243 -0.5418493 -0.6136383 -0.82979923 -1.086996 -0.57886726 -0.12903506 0.17881566 0.3317708 0.45248625
-0.013895304 0.05722188 0.11702307 0.15724775 0.23229869 0.16295621 0.06311356 -0.02671997 -0.10477159 -0.19135588 -0.19152707 -0.13542156 -0.07832317 0.00071878155 0.04126945 -0.0037165107 -0.09120633 -0.119072 -0.1346341 -0.17652953 -0.025676567 -0.13728388 -0.050090987 0.36209658 0.66468066 0.61955816 0.24750909 -0.08406173 -0.26488155 -0.31351155 -0.3129118 -0.6606192 -0.4015252 0.025035057 0.58484465 0.5135834 0.35236675 0.36535656 0.44622937 0.44282186 0.06559492 0.11331208 0.029681982 0.099542774 0.44968706 0.3758158 0.24800912 -0.12121164 -0.24393666 -0.40708312 -0.5522217 -0.60295135 -0.5983633 -0.51021016 -0.2933995 -0.06250627 0.15406899 0.33395755
-0.04298284 0.018835178 0.201513 0.23385867 0.15710361 0.2408678 0.16970801 0.010085199 -0.042869825 -0.13850392 -0.1851409 -0.14127213 -0.15819086 -0.1828782 -0.112775095 -0.06138739 -0.09634427 -0.20119126 -0.17631228 -0.10468906 -0.10636572 -0.06676435 -0.0316107 0.35586193 0.7151678 0.68486065 0.30223632 0.03166713 -0.19538815 -0.45559496 0.07347446 0.034379955 -0.35431346 0.026036665 0.2180423 0.18559556 0.40923932 0.5075138 0.39522284 0.34842116 0.21332593 0.06498512 -0.00611205 0.11346384 0.2395666 0.33478948 0.24090058 0.11203071 -0.21723253 -0.30385315 -0.4077214 -0.53326625 -0.54663384 -0.44381654 -0.2309931 0.009143496 0.1550091 0.19474687
-0.13742176 0.14547068 0.18942496 0.1780311 0.16413663 0.04697886 0.12964089 0.076920405 0.021068573 -0.053956233 -0.072679095 -0.10938901 -0.102809556 -0.08070828 -0.09251687 -0.07420505 -0.065280415 -0.06139628 -0.10552673 0.052059736 0.20957886 0.21981895 0.23792697 0.4392541 0.5886446 0.54400617 0.26107186 0.06546521 -0.0766435 -0.5300603 -0.5635448 -0.056685485 -0.14908563 -0.24796237 0.25556162 0.3771369 0.5127088 0.50746495 0.2964602 0.31157893 0.26646087 -0.02908165 -0.09135544 0.027200315 0.25724044 0.3288159 0.20177387 0.048019703 -0.117814 -0.4082429 -0.37843204 -0.35720012 -0.34777436 -0.2776885 -0.1578589 -0.06190028 -0.02108781 -0.03269446
-0.048845638 0.24784984 0.25744864 0.21515301 0.19022317 0.11009643 0.10908904 0.09489036 0.010713958 -0.029342035 -0.035134107 0.037433058 0.09602115 0.108221985 0.10389694 0.043282717 -0.014264158 0.06677012 0.19279672 0.42939672 0.6270409 0.6350049 0.53260916 0.3989538 0.32747734 0.37143853 0.19055651 0.003327434 -0.2673332 -0.06355705 -0.3289119 -0.17271744 -0.10947409 -0.0047715064 0.29704863 0.41042438 0.41934112 0.34125373 0.26906893 0.3013042 0.3364354 0.11434288 0.031028885 0.1385349 0.28674406 0.19713612 0.09581677 -0.053789664 -0.14859433 -0.3475827 -0.45471156 -0.24583293 -0.15296626 -0.13035393 -0.15153691 -0.11591024 -0.085797116 -0.11905625
0.1134679 0.32473472 0.31615272 0.29122424 0.1791512 0.09106243 0.059902973 0.09524009 -0.061648823 -0.14114901 -0.0998161 -0.028808579 0.09529418 0.12360363 0.19062348 0.23970242 0.2144731 0.27051964 0.569446 0.8176058 0.7578695 0.5853253 0.4466256 0.2917915 0.2573703 0.18244924 -0.04527452 -0.024751514 0.011762377 -0.24489513 -0.01749041 -0.07924794 -0.03828612 0.18856904 0.27697366 0.20813079 0.20977017 0.38847867 0.3310317 0.3126484 0.2192465 0.21881092 0.23444001 0.23101585 0.1378959 0.06712134 -0.10095405 -0.18493444 -0.25065747 -0.2907493 -0.4151359 -0.19367297 -0.11196029 -0.12302251 -0.11802307 -0.16549936 -0.23615658 -0.3126034
0.24650222 0.3202946 0.37128368 0.27986094 0.15068965 0.040155284 -0.060956553 0.09789125 0.0654833 -0.12564795 -0.105860695 -0.020521417 -0.012248329 0.040564157 0.20561123 0.24773347 0.30566633 0.53813607 0.76788074 0.8266541 0.71294576 0.52686185 0.37797254 0.23052885 0.16935273 0.101991676 0.11383306 0.028044827 -0.0734902 -0.06155414 -0.32027137 0.031742554 0.17352307 0.14558233 0.08809581 0.08757816 0.25797102 0.34426522 0.4282687 0.46192345 0.4372721 0.3403723 0.2410325 0.13514619 -0.034404706 -0.11898538 -0.21312898 -0.31517926 -0.3209712 -0.3436471 -0.3677901 -0.16549936 -0.14814425 -0.16531812 -0.26877788 -0.3094181 -0.35335922 -0.26101017
0.35812673 0.4428609 0.3659814 0.21540844 0.07890092 -0.036265954 -0.16043237 0.033370808 0.018010825 -0.0331979 -0.01936016 0.011245256 0.01975749 0.0712868 0.20746349 0.24657753 0.43471822 0.58080816 0.79671985 0.76751596 0.6760294 0.48495126 0.2814938 0.1519062 0.047820788 0.20408922 0.05407755 -0.073947005 -0.14271264 -0.094976306 -0.21396255 -0.050496295 0.053153507 0.054251872 0.10355704 0.1583547 0.24667574 0.3746936 0.49154446 0.5034002 0.40680164 0.29621336 0.15641694 0.059142523 -0.08874589 -0.2931853 -0.37290886 -0.44000608 -0.43111426 -0.44127443 -0.25960076 -0.23798136 -0.22915816 -0.22441533 -0.23594755 -0.305753 -0.2442919 -0.10278641
0.4698047 0.38450086 0.2145479 0.13109204 0.0084096575 -0.09839517 -0.20864646 -0.08572239 -0.021152698 -0.051948175 0.090707086 0.15013598 0.07034101 0.08492931 0.14789085 0.38965976 0.29529536 0.6592634 0.884445 0.78474545 0.6218505 0.36212206 0.22120169 0.047651093 0.010096716 -0.13656321 -0.09364766 -32767.0 -0.20344275 -0.16671602 -0.12533647 -0.08084323 -0.0051391576 0.09381085 0.16999678 0.26208425 0.4032094 0.48362127 0.499161 0.38770735 0.32018238 0.23804212 0.15057191 -0.028881032 -0.1931796 -0.3225312 -0.509867 -0.5361247 -0.5075768 -0.40902224 -0.43264493 -0.3716019 -0.21976969 -0.10127191 -0.11227264 -0.16826026 -0.17799784 0.02834488
0.43305853 0.22199585 0.1186298 0.1655581 -0.0041430276 -0.10736537 -0.16356398 -0.17349376 -0.0063584046 -0.0077388696 0.079939164 0.15195091 0.1140424 0.090992376 0.2770534 0.22257935 0.21749464 0.69647497 0.94693035 0.74917686 0.5024595 0.27347866 0.17105107 0.017735187 -0.0022446434 -0.058584638 -0.077147126 0.043094732 -0.23276886 -0.120130256 0.07422708 0.22437888 0.3316462 0.32322073 0.29086444 0.35556006 0.3975044 0.4056918 0.3628238 0.28327093 0.22440422 0.20091648 0.1627339 -0.08973476 -0.36300552 -0.48947507 -0.6015246 -0.589745 -0.56151295 -0.5456431 -0.34251097 -0.09894608 0.035191182 -0.057717577 -0.11306447 -0.16322836 -0.16854125 -0.025470512
0.32862842 0.11796545 0.15202598 0.2552815 0.017411869 -0.051127516 -0.04214409 -0.12493991 -0.026619535 0.037981488 0.047372535 0.14339115 0.15246716 0.18665889 0.2434031 0.23986779 0.32584357 0.82418984 0.92365146 0.57552075 0.32150993 0.22036125 0.16750123 0.056663677 -0.015186421 -0.034940932 -32767.0 -0.05756464 -0.07790282 0.09494295 0.36392424 0.43190676 0.37745267 0.27803868 0.28776512 0.3287395 0.3492546 0.35410026 0.24370198 0.21406277 0.23080398 0.11446835 0.021749469 -0.223656 -0.47939214 -0.602487 -0.6149437 -0.6387358 -0.5709654 -0.37835267 -0.13953432 0.0028600865 0.097479075 0.11340579 0.0038270922 -0.12814547 -0.059084076 0.031870075
0.3332993 0.11315194 0.07837638 0.4043946 0.177861 0.0005322791 0.014079277 -0.06332524 -0.08291683 -0.006085446 0.04833398 0.116759546 0.17598017 0.20505469 0.3413297 0.53656083 0.7619538 0.884346 0.7372807 0.30149502 0.15178768 0.12060293 0.14547868 0.03787974 -0.05568287 -0.153722 -0.068239935 -0.121367194 0.09665758 0.31544712 0.45987988 0.33867884 0.28202155 0.2651248 0.27029398 0.34939703 0.32911536 0.2361422 0.14150518 0.26120752 0.11917837 -0.08512076 -0.17598131 -0.37717772 -0.4358785 -0.5211604 -0.5710051 -0.6198841 -0.50971985 -0.16357991 -0.10334742 -0.05421344 0.022571774 0.07495823 0.054586496 -0.0022717968 -0.049697407 -0.10047195
0.3708387 0.09513613 0.04008916 0.27028295 0.21364863 0.07491151 0.050171465 -0.043450437 -0.09052991 -0.010884749 0.029711438 0.11366454 0.21712887 0.3768844 0.6702934 0.8364787 0.75574565 0.62547046 0.45220488 0.14700124 0.09922328 -0.07254232 0.066061765 -0.06765418 -0.096358284 -0.096352085 -0.18564157 0.084567584 0.30380198 0.40198362 0.33087647 0.26642236 0.18145765 0.27205986 0.25707093 0.31830022 0.20793398 0.2744223 0.10903223 0.27343053 0.13329342 -0.11366785 -0.25282866 -0.32615224 -0.40682358 -0.49143115 -0.55904955 -0.61608607 -0.28759697 -0.19931313 -0.1583356 -0.05435985 0.09201487 0.11126779 0.09442731 0.15945403 0.040970653 -0.058811482
