static/data/seaWater_vo/2023/7/2/12.asc
ncols 137
nrows 93
xllcorner 108.0
yllcorner 17.0
cellsize 0.25
NODATA_value -32767
[rows 0 to 24 of 93, columns 58 to 115 of 137]
-32767.0 -32767.0 -32767.0 -32767.0 -32767.0 -32767.0 -32767.0 -32767.0 -32767.0 -32767.0 -32767.0 -32767.0 -32767.0 -32767.0 -32767.0 -32767.0 -32767.0 -32767.0 -32767.0 -32767.0 -32767.0 -32767.0 0.10240674 0.02943169 0.05266733 0.004493474 0.057850685 0.039234884 -0.07757327 -0.08759576 -0.056768574 0.03707496 0.101660594 -0.039874673 -0.087609865 0.054816227 0.3047641 0.2768224 0.26307377 0.19644897 0.12840165 0.11609173 0.12071073 0.22997908 -0.030484755 -0.1522958 -0.17623144 -0.24327321 -0.26006123 -0.22081447 -0.18102771 -0.3173801 -0.34029108 -0.3194509 -0.3586772 -0.21270446 0.00039864704 0.1439094
-32767.0 -32767.0 -32767.0 0.028000241 0.025736101 0.021727113 0.0130704 -0.0009702761 -0.011351688 0.0028430377 -32767.0 -32767.0 -32767.0 -32767.0 -32767.0 -32767.0 -32767.0 -32767.0 -32767.0 -32767.0 -32767.0 -0.0012018415 0.072943226 -0.13464917 -0.09718412 -0.05541075 0.04212419 0.0042714477 -0.03971291 -0.050415438 -0.119655184 0.08840341 0.27723768 0.12727393 0.020183517 0.23774278 0.13478641 -0.022057682 0.234011 0.5226831 0.4641793 0.18562046 -0.121289685 0.01603936 0.066345975 -0.3061949 -0.34000388 -0.30269906 -0.27413183 -0.27214903 -0.22699378 -0.19713068 -0.2502081 -0.30188307 -0.17881566 -0.058520302 0.038143493 0.032262243
-32767.0 0.008424084 -32767.0 0.011134118 -0.083228745 -0.056751322 -0.004320239 -0.017894525 0.07243587 0.016246816 -0.03053556 -0.049973566 -32767.0 -32767.0 -32767.0 -32767.0 -32767.0 -32767.0 -32767.0 -32767.0 -32767.0 0.1819419 0.041773677 -0.21328104 -0.01921365 0.019157097 -0.008000087 0.04990784 0.005250003 -0.19655131 -0.24222413 0.0049680797 0.15789475 0.008160245 -0.18593276 0.16310966 -0.09009395 -0.0110132815 0.37289965 0.5474584 0.6103593 0.23406157 -0.108652554 -0.24326493 -0.28584564 -0.37025467 -0.31565925 -0.33583978 -0.36238304 -0.31614304 -0.14182186 -0.28376243 -0.31564683 -0.20307578 -0.061574854 0.03969334 0.15005703 0.19430034
0.041855726 -32767.0 -0.0935535 -0.07652331 0.0343422 -0.24482968 -0.002691353 -0.079695165 0.0070768073 0.10634277 0.01802663 -0.06525129 -32767.0 -32767.0 -32767.0 -32767.0 -32767.0 -32767.0 -32767.0 -32767.0 0.16149849 0.1104945 -0.06456978 -0.18374728 0.154037 0.13352114 0.20596491 0.36927566 0.4841383 0.3306532 0.2453731 0.18007946 0.21037857 0.14863373 -0.21421811 -0.24914524 -0.03028423 -0.06545743 0.074054986 0.44902295 0.6947689 0.16497341 -0.16180608 -0.4114575 -0.43909153 -0.4020534 -0.49733666 -0.6254511 -0.23574717 -0.08789512 -0.1457257 -0.3993689 -0.5061944 -0.47050762 -0.3286178 -0.062948056 0.28238454 0.4070453
0.101883665 -32767.0 -0.007864151 0.010498915 0.11186298 0.0351873 -0.20954984 -0.026792966 0.061444722 0.008898649 -0.008328571 -32767.0 -32767.0 -32767.0 -32767.0 -32767.0 -32767.0 -32767.0 -32767.0 -32767.0 -32767.0 -32767.0 -0.0020108563 -0.2850987 0.010015481 0.25513113 0.51760614 0.74407727 0.3661153 0.42527875 0.34784722 0.308479 0.15541208 0.19668707 0.15709485 -0.22387493 -0.19978186 -0.00739363 0.4374204 0.6464698 0.38480997 0.01177328 -0.26851833 -0.52767235 -0.56564415 -0.6891658 -0.72306454 -0.45789078 -0.1912249 0.20400189 0.13071434 0.057309162 -0.31045654 -0.6973208 -0.63004494 -0.24702048 0.10742942 0.25492045
0.13045499 0.048676804 0.091424264 0.09462458 0.12238773 0.009381063 -0.0542593 -0.10437263 -0.18258451 -0.036664624 -0.028383525 -32767.0 -32767.0 -32767.0 -32767.0 -32767.0 -32767.0 -32767.0 -32767.0 -32767.0 -32767.0 -32767.0 -32767.0 -0.17339057 -0.16855882 0.08291614 0.48141202 0.79926723 0.35059887 0.55528575 0.5058832 0.44655678 0.30032375 0.27602655 0.13341299 -0.24043474 -0.019771088 0.5472602 0.50784224 0.25777334 0.043200444 -0.004947209 -0.2379749 -0.5172953 -0.74765617 -0.87517715 -0.4176165 -0.40256017 0.039826117 0.41852233 0.29749596 0.06062442 -0.0233711 -0.61055195 -0.9363122 -0.15625344 -0.03425224 0.06864404
0.11008587 0.05985204 -0.005415154 -0.039586097 -0.065023705 -0.12658411 -0.08258931 -0.17393321 -0.09794663 -0.015131457 -0.034674596 -32767.0 -32767.0 -32767.0 -32767.0 -32767.0 -32767.0 -32767.0 -32767.0 -32767.0 -32767.0 -32767.0 -32767.0 -32767.0 -0.06293537 -0.0057321875 0.07769714 0.61547285 0.65797454 0.5210874 0.48072284 0.4369782 0.37465477 0.29438302 0.06967333 -0.2844392 0.3922615 0.39200106 0.12784073 -0.011758683 -0.040505894 -0.2913847 -0.42891034 -0.71390855 -0.84604794 -0.43675396 -0.046207726 -0.15779926 0.287438 0.45829016 0.29573134 -0.06683303 0.0566785 -0.29500508 -0.7242115 -0.28624886 -0.16809845 -0.21020633
0.08668179 0.014628641 -0.07780477 -0.09847599 -0.14846952 -0.14246407 -0.14375587 -0.1109611 -0.08233752 -0.047156036 -32767.0 -32767.0 -32767.0 -32767.0 -32767.0 -32767.0 -32767.0 -32767.0 -32767.0 -32767.0 -32767.0 -32767.0 -32767.0 -32767.0 -32767.0 -0.20094854 -0.06457069 0.06285715 0.73175913 0.47789297 0.50823593 0.28487232 0.27226394 0.20885344 -0.045934305 -0.01338728 0.30473113 0.15196586 -0.018316269 -0.0089005325 -0.14945596 -0.31944382 -0.6719357 -0.7608158 -0.37373012 0.16831338 0.06946433 -0.06323848 0.05644879 0.08297362 0.00075217616 -0.23956026 -0.051631365 0.026353307 -0.3161989 -0.35775965 -0.3308046 -0.19959265
0.10967069 0.07065479 0.067809924 -0.055756167 -0.055893064 -0.05051844 -0.097122855 -0.014779817 0.12902446 -32767.0 0.0058638146 -32767.0 -32767.0 -32767.0 -32767.0 -32767.0 -32767.0 -32767.0 -32767.0 -32767.0 -32767.0 -32767.0 -32767.0 -32767.0 -32767.0 -0.09881389 -0.12896584 0.008844297 0.5980268 0.60703003 0.31288823 0.29561758 0.09462112 0.09540234 0.0024036877 0.13439447 0.15336253 0.05937303 0.011126464 0.01337382 -0.082443 -0.3086564 -0.48156527 -0.44872025 -0.051710937 0.015130066 -0.097876124 -0.14927828 -0.051322676 -0.068912074 -0.26998654 -0.17184633 -0.13376145 -0.21738252 -0.27472126 -0.25575924 -0.060255244 0.10571874
0.21693942 0.24163455 -0.0005680993 -0.071260765 -0.004815565 -0.057047006 -0.08436585 -0.17151438 -0.021410067 0.02524153 0.058170505 0.050391857 -0.16188718 -0.07831018 -0.0760411 -0.0686526 -32767.0 -32767.0 -32767.0 -32767.0 -32767.0 -32767.0 -32767.0 -32767.0 -32767.0 -32767.0 -0.096760005 -0.0012805837 0.6393795 0.54972863 0.18415739 0.25117582 0.06097193 -0.03885722 -0.05124099 -0.031475075 0.19346195 0.115024015 -0.0310896 -0.25469518 -0.27272275 -0.25560713 -0.29834193 -0.22375157 -0.34391323 -0.34427816 -0.0587783 -0.050430685 0.027832838 -0.27071175 -0.31230265 -0.33666253 -0.24492246 -0.19580382 -0.14352041 -0.09448443 -0.02896732 0.25279242
0.057067595 0.10687713 -0.016431822 -0.17150351 -0.051560152 -0.086611256 0.021422047 0.08154847 0.16343182 0.04147615 0.12175058 0.10099151 0.01256542 -0.036678422 -0.036135636 -0.17383207 -32767.0 -32767.0 -32767.0 -32767.0 -32767.0 -32767.0 -32767.0 -32767.0 -32767.0 -32767.0 -32767.0 -0.030526781 0.26330417 0.6303285 0.18757977 0.044085283 0.07785669 0.20579542 -0.051459998 -0.086924225 0.05187914 -0.03450123 -0.069697045 -0.34504148 -0.46058992 -0.2902401 -0.20745048 -0.17266871 -0.33638456 -0.40413836 -0.2638059 -0.10613938 0.030490994 -0.24841973 -0.38514978 -0.5064759 -0.30725643 -0.18533124 -0.102092564 0.012812416 0.13335139 0.28173763
-32767.0 0.03392784 -0.012637503 -0.11866212 -0.099233486 -0.009906635 0.13962832 0.12591927 0.21249776 0.19275984 0.08915937 0.016799958 -0.027008219 -0.10026087 -0.020239716 -0.028151076 -0.121647805 -0.18676323 -32767.0 -32767.0 -32767.0 -32767.0 -32767.0 -32767.0 -32767.0 -32767.0 -32767.0 -32767.0 0.06844799 0.65815187 0.17224017 0.030001963 -0.064869024 -0.06614927 -0.054294363 -0.07386483 -0.04360357 -0.15312356 -0.18582709 -0.18354546 -0.20025304 -0.14618152 -0.031764995 -0.14969487 -0.34454888 -0.46492824 -0.4368873 -0.26320678 -0.19657438 -0.20051306 -0.2931082 -0.41118345 -0.27823004 -0.12261134 0.054590307 0.14540261 0.3984222 -32767.0
-32767.0 0.07320441 0.004396789 -0.109019175 0.011765932 -0.010443318 0.08805043 0.13351679 0.19127111 0.28177157 0.21546921 -0.07992506 -0.033497684 -0.013578746 0.08832661 -0.08644079 -32767.0 -0.014453473 -32767.0 -32767.0 -32767.0 -32767.0 -32767.0 -32767.0 -32767.0 -32767.0 -32767.0 -32767.0 0.0014711419 0.7583971 0.5513759 -0.01775828 -0.19918932 -0.31671685 -0.33008227 -0.21929441 -0.12105674 -0.046929028 -0.14780508 -0.039160702 0.034056187 0.07546075 0.051956065 -0.11558987 -0.36304 -0.49126294 -0.4741677 -0.3379219 -0.29384217 -0.33160377 -0.3572469 -0.38796514 -0.2046077 -0.017811637 0.089913085 0.1032141 0.28346378 -32767.0
0.08966917 0.18649429 -0.049389467 -0.05705582 0.070941664 0.10365362 0.18734491 0.19687468 0.17974247 0.30606836 0.2463972 0.03706313 -0.050176833 0.07155366 -0.0532206 -32767.0 -32767.0 -32767.0 -32767.0 -32767.0 -32767.0 -32767.0 -32767.0 -32767.0 -32767.0 -32767.0 -32767.0 -32767.0 -0.0038655945 0.88667375 0.45643604 0.0986666 -0.31959638 -0.21951732 -0.20595115 -0.28714734 -0.33618692 -0.29651958 -0.213212 -0.1970892 -0.085511096 -0.11625242 -0.053003024 -0.20652066 -0.36146727 -0.36549306 -0.23006132 -0.15185738 -0.11515702 -0.26632124 -0.41824806 -0.3712706 -0.15049869 -0.043276228 0.06915335 0.1934484 0.02950098 0.001461087
0.14827543 0.087924466 -0.069354735 -0.011078757 -0.0064274576 0.15958819 0.1567649 0.14748764 0.24037822 0.39177603 0.41022646 0.22783636 -0.057355292 0.023939176 -0.030478183 -0.17366692 -32767.0 -32767.0 -32767.0 -32767.0 -32767.0 -32767.0 -32767.0 -32767.0 -32767.0 -32767.0 -32767.0 -32767.0 -0.21477014 1.0641886 0.37773693 0.11253913 -0.11364783 -0.19167013 -0.23676383 -0.29996255 -0.36959076 -0.41065353 -0.41333756 -0.37162828 -0.38369104 -0.377599 -0.23125203 -0.07704048 -0.15789276 -0.26363158 -0.17726219 0.10412976 0.15411529 0.02543555 -0.15775435 -0.15513158 -0.007170991 0.024847604 0.25951207 0.19457844 -0.048544936 -32767.0
-0.025880247 0.017675286 0.09223835 0.0054776175 -0.02992372 0.05004979 0.12226483 0.19097114 0.2220372 0.3086241 0.40421453 0.40265206 0.2716308 0.033265002 -0.0015568526 -0.20200229 -0.1685691 -32767.0 -32767.0 -32767.0 -32767.0 -32767.0 -32767.0 -32767.0 -32767.0 -32767.0 -32767.0 -32767.0 -0.2778267 1.1073971 0.48337042 -0.033573512 0.19416206 -0.04325799 -0.22270839 -0.31530967 -0.45419922 -0.30210164 -0.09767934 -0.23290052 -0.35058695 -0.18738304 0.11928976 -32767.0 0.0048554125 -0.21287622 -0.20773412 0.1750852 0.28612986 0.18476517 0.06732844 0.0760614 0.02081998 0.11587372 0.41006717 -32767.0 -32767.0 -32767.0
0.07311249 0.018853568 0.013323374 -0.03130767 -0.043954965 0.12743111 0.16857798 0.15558101 0.17400509 0.2735666 0.37724787 0.39811164 0.26406842 0.08304846 -0.035403784 -0.110862434 -0.13052678 -32767.0 -32767.0 -32767.0 -32767.0 -32767.0 -32767.0 -32767.0 -32767.0 -32767.0 -32767.0 -32767.0 -32767.0 1.0385296 0.4125634 -0.2715536 0.10579009 -0.10022717 -0.19179848 -0.3409385 -0.30252752 -0.09494806 -0.07451572 -0.33345184 -0.54436636 -0.12303379 -0.0019845217 -0.13820882 -0.11993745 -0.24274 -0.36871445 -0.13352463 0.030507352 0.08188072 -0.015008597 0.18125853 0.1831369 0.25255823 0.06423603 -32767.0 -32767.0 -32767.0
0.11580502 0.09964764 0.06444808 0.047125526 0.13238059 0.19637606 0.18389258 0.1723471 0.23092858 0.41181496 0.38418642 0.34464756 0.3655774 0.27040878 -0.06819627 -0.03691221 -0.061940067 -0.09186068 -32767.0 -32767.0 -32767.0 -32767.0 -32767.0 -32767.0 -32767.0 -32767.0 -32767.0 -32767.0 0.8183491 0.7866499 0.19706433 -0.16289656 0.007971966 -0.03425314 -0.12072118 -0.19687234 -0.1887345 -0.06638555 -0.10371383 -0.21766178 -0.2586481 -0.13253593 -0.1002379 -0.16146082 -0.092850775 -0.26890516 -0.2054607 0.010862064 0.057182435 0.040097754 -0.042441413 -32767.0 -0.08899503 -0.03288315 -0.038220923 -32767.0 -32767.0 -32767.0
0.07158248 0.029032499 0.106454946 0.150896 0.25760555 0.38236842 0.40433007 0.35933477 0.39423108 0.43256 0.43067414 0.33520895 0.32889748 0.081251 -0.10370666 -0.004724329 -0.04683954 -32767.0 -32767.0 -32767.0 -32767.0 -32767.0 -32767.0 -32767.0 -32767.0 -32767.0 -32767.0 -32767.0 0.50220776 0.48655617 0.0196747 -0.078131855 -0.15033929 -0.14867686 -0.033632584 -0.070486255 -0.18115927 -0.15207393 -0.08215059 -0.13024005 0.006166538 -0.07119389 -32767.0 -32767.0 -0.04139432 -0.059197817 -32767.0 -32767.0 -32767.0 -32767.0 -32767.0 -32767.0 -32767.0 -32767.0 -32767.0 -32767.0 -32767.0 -32767.0
0.09490474 0.06183868 0.11632819 0.19482404 0.30757278 0.33138594 0.4499047 0.35604763 0.31493634 0.33728948 0.2943562 0.28078306 0.19847725 -0.04509419 0.06852034 -0.074857496 -32767.0 -32767.0 -32767.0 -32767.0 -32767.0 -32767.0 -32767.0 -32767.0 -32767.0 -32767.0 -32767.0 0.48832926 0.55472934 0.27017236 -0.08929953 -0.2150462 -0.0043778108 0.05218524 0.06588278 -0.07552838 -0.21720146 -0.20839036 0.0049581574 0.104081556 -0.016953427 -32767.0 -32767.0 -32767.0 -32767.0 -32767.0 -32767.0 -32767.0 -32767.0 -32767.0 -32767.0 -32767.0 -32767.0 -32767.0 -32767.0 -32767.0 -32767.0 -32767.0
0.03862336 0.031659592 0.038770735 0.0908547 0.092653684 0.17677924 0.30334407 0.26838878 0.18269473 0.19919392 0.2757008 0.16515526 0.08964175 -0.019923015 0.06611281 0.053891856 -32767.0 -32767.0 -32767.0 -32767.0 -32767.0 -32767.0 -32767.0 -32767.0 0.087124765 0.030953374 0.29618567 0.42413205 0.5024085 0.07619159 -0.23505211 -0.20460588 0.11055744 0.2676198 0.2679783 0.051702715 -0.11911333 -0.0154901985 0.104546964 -32767.0 -32767.0 -32767.0 -32767.0 -32767.0 -32767.0 -32767.0 -32767.0 -32767.0 -32767.0 -32767.0 -32767.0 -32767.0 -32767.0 -32767.0 -32767.0 -32767.0 -32767.0 0.05134048
0.005425032 -0.034242008 -0.039279673 0.027136188 0.07288225 0.14698316 0.20807238 0.21354371 0.18109636 0.46320504 0.5062939 0.2784629 -0.10150142 0.09113333 0.04383782 0.061339293 -32767.0 -32767.0 -32767.0 -32767.0 0.016486164 0.02455213 -0.013416827 -0.018476171 0.03978167 0.3383378 0.19544505 0.5810022 0.21875751 -0.032638844 0.011781615 0.019048166 0.21926455 0.40915003 0.21708162 -0.12085365 -0.05049742 -0.032710444 -32767.0 -32767.0 -32767.0 -32767.0 -32767.0 -32767.0 -32767.0 -32767.0 -32767.0 -32767.0 0.0673727 0.14120449 -32767.0 -32767.0 -32767.0 -32767.0 -32767.0 -32767.0 -32767.0 0.040661577
0.10366663 0.013959913 0.0053653507 -0.018467482 0.017870756 0.18598936 0.32008508 0.3231945 0.361445 0.4318835 0.51315904 0.46761292 0.05107008 -0.28369874 0.20694754 -32767.0 0.012672959 -32767.0 0.041947275 -32767.0 0.03740698 -32767.0 0.15086192 0.20633125 0.20398052 0.16982609 0.5797261 0.22896244 0.15804225 -0.101861194 0.1888094 0.24370311 0.4125051 0.28534812 0.18139654 0.19831224 -32767.0 -32767.0 -32767.0 -32767.0 -32767.0 -32767.0 -32767.0 -32767.0 0.08074733 0.047355514 -0.1023928 0.035907805 0.28355497 0.09411634 -0.043002423 0.09016456 -32767.0 -32767.0 -32767.0 -32767.0 -32767.0 0.033124007
0.2114792 0.08842221 0.1396919 0.14312066 0.1778141 0.28020838 0.34679496 0.41505727 0.40946177 0.39440173 0.33092234 0.21935374 0.1623988 -0.13554811 -0.044269323 0.009000979 0.10030294 0.031003844 0.109032355 0.005517035 0.03887605 0.109950475 0.11741915 0.14669025 0.11167824 0.33020592 0.5576392 -32767.0 0.057109274 0.12567225 0.29164484 0.22796166 0.16428065 0.21958576 -32767.0 -32767.0 -32767.0 -32767.0 -32767.0 -0.08950519 -0.031166913 0.072616026 -0.0007940817 -0.086077295 0.12415041 0.039763883 -32767.0 -32767.0 0.19338024 0.021441119 0.073636554 -32767.0 -32767.0 -32767.0 -32767.0 -32767.0 0.2198577 0.27606562
0.4149329 0.21543927 0.08793026 0.26186475 0.3637382 0.3844289 0.32329607 0.36248246 0.36807296 0.25359067 0.11814825 -0.018970698 0.12151371 0.06836775 0.04022481 -0.05354659 -0.054246347 0.1572436 0.08182881 0.015724901 0.030246414 -0.04961423 0.19616777 0.16696337 0.14054176 0.25233167 0.25982088 0.19288938 0.19551075 0.10901862 0.1551513 0.06548473 0.1502648 0.033621203 0.03355125 -32767.0 0.13669945 0.08721934 -32767.0 -0.11719798 0.15965559 -0.008318035 -32767.0 0.07839555 0.083216414 -32767.0 -32767.0 -32767.0 -32767.0 -0.113801405 0.1238243 -32767.0 -32767.0 -32767.0 -32767.0 0.31354347 0.18334408 0.36862075
