static/data/seaWater_vo/2023/7/2/18.asc
ncols 137
nrows 93
xllcorner 108.0
yllcorner 17.0
cellsize 0.25
NODATA_value -32767
[rows 0 to 25 of 93, columns 58 to 115 of 137]
-32767.0 -32767.0 -32767.0 -32767.0 -32767.0 -32767.0 -32767.0 -32767.0 -32767.0 -32767.0 -32767.0 -32767.0 -32767.0 -32767.0 -32767.0 -32767.0 -32767.0 -32767.0 -32767.0 -32767.0 -32767.0 -32767.0 0.1267819 -0.074213766 -0.08306672 -0.112497 -0.1631202 -0.17958756 -0.06614271 -0.029244665 -0.093731225 -0.07695364 -0.10386691 0.009438512 0.04242554 -0.022100603 -0.055362772 -0.23925337 -0.15624404 -0.120449446 -0.17894034 -0.12081439 0.037166387 0.43310457 0.43135145 0.18510629 -0.050799772 -0.033078477 0.0928025 0.2529412 0.3406513 0.13900891 0.067430854 0.10679315 0.09159004 0.1810318 0.026626555 -0.24194218
-32767.0 -32767.0 -32767.0 0.000345303 0.017285362 0.025051704 0.010602735 -0.0016612397 -0.004224082 0.0029444327 -32767.0 -32767.0 -32767.0 -32767.0 -32767.0 -32767.0 -32767.0 -32767.0 -32767.0 -32767.0 -32767.0 -0.22545701 -0.20176122 -0.16180634 -0.03575198 -0.08688419 -0.17565401 -0.26401928 -0.11702953 -0.06832468 -0.075536646 -0.026192307 -0.0017997557 -0.18564932 -0.28664413 -0.21722625 -0.39434212 -0.3742027 -0.079509385 0.16381377 0.30626976 0.16645122 -0.22315307 0.007983417 0.39024705 0.15023936 0.06402511 0.13717999 0.3161141 0.2896968 0.106514215 -0.14852826 -0.2948254 -0.247074 -0.23187847 -0.2688124 -0.376769 -0.41611156
-32767.0 0.019305792 -32767.0 0.006871891 0.03017915 0.1591703 0.11737511 0.032926746 0.015986858 0.0010961996 -0.034411177 -0.017496057 -32767.0 -32767.0 -32767.0 -32767.0 -32767.0 -32767.0 -32767.0 -32767.0 -32767.0 -0.15506202 -0.39152476 -0.2872958 0.047899507 -0.117231965 -0.16078073 0.075534336 0.10938747 0.015724014 0.1312798 0.32234153 0.24385118 -0.25643367 -0.55404586 -0.23805465 -0.47900102 -0.2577551 -0.0670219 0.19345798 0.5346357 0.38556328 0.0418859 -0.26660568 -0.14933325 0.15869084 0.24326903 0.32949564 0.40688002 0.27715313 0.0244212 -0.3054856 -0.34037367 -0.37263498 -0.50400984 -0.478959 -0.48111477 -0.4354344
0.006244611 -32767.0 0.033092655 0.19785103 0.40471944 0.29942197 0.20780785 0.12706245 0.13429354 0.05031382 -0.024821235 -0.02275599 -32767.0 -32767.0 -32767.0 -32767.0 -32767.0 -32767.0 -32767.0 -32767.0 -0.22422029 -0.19303748 -0.24584468 -0.0042528133 0.13385445 -0.13337915 -0.0022426283 0.19977984 0.1749936 -0.080339834 -0.260664 -0.28596 -0.23156229 -0.4005459 -0.6316356 -0.29586065 -0.37752405 -0.3570604 0.0138839 0.13454103 0.5753507 0.44697708 0.041053627 -0.36536968 -0.30562475 0.03372242 0.3153052 0.25546214 0.59683317 0.4465513 0.19691253 -0.08721277 -0.06959593 -0.29233465 -0.38633245 -0.34537652 -0.28562105 -0.27355027
0.050889015 -32767.0 -0.027792186 -0.029218376 0.1526039 0.1858009 0.24740814 0.20309152 0.018698398 0.082213834 0.043537192 -32767.0 -32767.0 -32767.0 -32767.0 -32767.0 -32767.0 -32767.0 -32767.0 -32767.0 -32767.0 -32767.0 -0.14850649 -0.0720104 0.44294843 0.25842285 0.27209532 0.42082298 0.065073155 -0.10499152 -0.19177483 -0.23162654 -0.3359937 -0.37812343 -0.5337754 -0.7009404 -0.4009381 -0.057453465 0.19283317 0.4568809 0.48750982 0.35860962 -0.006525049 -0.29263324 -0.26635003 0.115533255 0.18868983 0.58484435 0.42158547 0.5422114 0.2210699 -0.28549087 -0.55762845 -0.44050473 -0.3667668 0.12504642 0.12154644 -0.12512407
-0.012977481 -0.0077123162 0.0058603557 -0.020282045 0.031944938 0.03385897 0.09614585 0.08111996 0.1829754 0.14056097 -0.045516644 -32767.0 -32767.0 -32767.0 -32767.0 -32767.0 -32767.0 -32767.0 -32767.0 -32767.0 -32767.0 -32767.0 -32767.0 -0.16457494 0.39216766 0.2072308 0.44309404 0.4554311 0.07378176 0.019216033 -0.13552245 -0.30894014 -0.360646 -0.37203515 -0.28642637 -0.61038613 -0.2250399 0.2919649 0.45356986 0.36558443 0.32558975 0.08129842 -0.18138634 -0.30825892 -0.04783928 0.07648875 0.43876892 0.3415397 0.29636726 0.73266137 0.3035253 -0.25554773 -0.61414796 -0.805818 -0.3408811 0.17323951 0.19672342 0.05397864
-0.02641356 -0.04895351 -0.018279642 0.020266976 0.002395161 0.016486872 -0.0006470508 -0.011867284 0.2430062 -0.08779345 -0.061246835 -32767.0 -32767.0 -32767.0 -32767.0 -32767.0 -32767.0 -32767.0 -32767.0 -32767.0 -32767.0 -32767.0 -32767.0 -32767.0 -0.07618438 0.022907674 0.39854646 0.46541414 0.4130665 0.18942043 0.0609647 -0.17790231 -0.2667272 -0.30156595 -0.34306198 -0.47476265 0.27082977 0.51387805 0.37934065 0.33032575 0.2818179 0.04778787 -0.30799526 -0.08412112 0.0034262817 0.046501298 0.30801424 0.3568133 0.22028494 0.8178544 0.22768113 -0.30343977 -0.47755867 -0.8815748 -0.29680097 0.18890227 0.03843837 0.0029140562
-0.07973133 -0.15239263 -0.05232443 -0.0525545 -0.044531852 -0.075912036 -0.11056538 -0.093162045 0.0796601 -0.13618416 -32767.0 -32767.0 -32767.0 -32767.0 -32767.0 -32767.0 -32767.0 -32767.0 -32767.0 -32767.0 -32767.0 -32767.0 -32767.0 -32767.0 -32767.0 -0.043265887 -0.030417735 0.4317134 0.64868563 0.312045 0.3036503 0.03163967 -0.14420618 -0.08856309 -0.334862 -0.2813169 0.29894945 0.48799753 0.38073716 0.38190505 0.38436303 0.1972412 -0.052566376 -0.19077836 0.13505755 0.36695695 0.47984153 0.44533494 0.48273194 0.4180579 -0.08953541 -0.38613307 -0.32471016 -0.72069746 -0.6472361 -0.11073393 -0.12385047 -0.011017541
-0.14839448 -0.12487499 -0.118716866 -0.13839231 -0.13775964 -0.1311324 -0.14725919 -0.13719228 -0.093658306 -32767.0 -0.059277404 -32767.0 -32767.0 -32767.0 -32767.0 -32767.0 -32767.0 -32767.0 -32767.0 -32767.0 -32767.0 -32767.0 -32767.0 -32767.0 -32767.0 -0.07737196 -0.0495927 0.14185749 0.7112841 0.34659937 0.15471415 0.26964122 0.11138779 -0.06342114 -0.21818693 -0.09772709 0.25487533 0.5198185 0.3840613 0.4258395 0.4350888 0.3890687 0.21071014 0.18649879 0.45818314 0.30866897 0.10577586 0.054557297 -0.0031446125 -0.23368786 -0.32728076 -0.4295496 -0.6375008 -0.69658756 -0.61333865 -0.2963581 -0.050934806 -0.17777663
-0.07839623 0.0820639 -0.10651945 -0.024611745 -0.028208718 -0.11501306 -0.16740492 -0.23816869 0.023615757 -0.05452733 -0.06648605 -0.08501042 -0.120532885 -0.1594098 -0.08610565 -0.038755298 -32767.0 -32767.0 -32767.0 -32767.0 -32767.0 -32767.0 -32767.0 -32767.0 -32767.0 -32767.0 -0.1427133 0.16352035 0.6504854 0.5107431 0.17004213 0.24675716 0.3067899 0.26947787 0.08798832 -0.036114838 0.27937442 0.5276046 0.64125144 0.43275928 0.4038592 0.28173804 0.21510807 0.24456233 0.16228522 0.15016493 0.22020808 -0.012087463 -0.32851088 -0.53768766 -0.33711413 -0.5660011 -0.4983688 -0.4514147 -0.3773841 -0.3174789 -0.118246 0.23807514
-0.059665002 0.0983578 -0.029944021 -0.016342998 0.02779379 -0.117949314 -0.196605 -0.18436915 -0.1939636 -0.2788631 -0.07592011 -0.074744 -0.09563167 -0.12481548 -0.089769915 -0.12480501 -32767.0 -32767.0 -32767.0 -32767.0 -32767.0 -32767.0 -32767.0 -32767.0 -32767.0 -32767.0 -32767.0 0.19550847 0.6021273 0.45809746 0.2429137 0.039585177 0.02079474 0.21441825 0.11296759 -0.0114587 0.5239004 0.5296512 0.7244313 0.54365134 0.4404394 0.45735058 0.40966 0.29522547 0.08634446 0.09851765 0.040748637 -0.20051059 -0.40536776 -0.51360774 -0.34062627 -0.42642537 -0.33984834 -0.27533677 -0.17487913 -0.10654998 0.21816231 0.2712211
-32767.0 0.063998066 -0.084156714 -0.07235111 -0.05395374 -0.11533195 -0.17194293 -0.13824637 -0.12609535 -0.21059565 -0.23623987 -0.090484075 0.037966356 -0.023205325 0.066833496 0.033944566 0.0049235076 -0.057350405 -32767.0 -32767.0 -32767.0 -32767.0 -32767.0 -32767.0 -32767.0 -32767.0 -32767.0 -32767.0 0.50009084 0.5462284 0.32179776 0.19899088 0.07474995 -0.056016035 0.045933865 0.08376312 0.27999657 0.47848836 0.43401167 0.4464983 0.46375284 0.61747646 0.5542114 0.22385558 -0.06073969 -0.028883364 0.0061229113 -0.18041061 -0.34414947 -0.42951125 -0.3729073 -0.30380538 -0.2210332 -0.09490957 -0.043128483 -0.0548438 0.2192904 -32767.0
-32767.0 0.16011798 -0.10271999 -0.05358349 -0.07748529 -0.10030302 -0.049828075 -0.02195916 -0.03761727 -0.13919936 -0.337849 -0.27113658 0.028026504 0.061649363 0.19121669 0.0630026 -32767.0 0.071554415 -32767.0 -32767.0 -32767.0 -32767.0 -32767.0 -32767.0 -32767.0 -32767.0 -32767.0 -32767.0 0.27325872 0.92061806 0.24409932 0.21256003 0.28413647 0.18349384 0.0014849436 -0.013297272 -0.0056547187 0.11161333 0.23696114 0.28619057 0.39821005 0.5011726 0.55412596 0.1180239 -0.21330488 -0.087628536 0.030417953 -0.019211018 -0.1902443 -0.35089567 -0.46149597 -0.36845568 -0.13655455 -0.068524875 1.4561694e-05 0.2548708 0.37776244 -32767.0
0.030333921 0.016607214 -0.11200899 0.030088333 -0.019913562 -0.04769352 -0.08751323 -0.06013651 -0.056071214 -0.09757006 -0.26902646 -0.2724833 0.009628149 -0.0075024823 -0.009483812 -32767.0 -32767.0 -32767.0 -32767.0 -32767.0 -32767.0 -32767.0 -32767.0 -32767.0 -32767.0 -32767.0 -32767.0 -32767.0 0.043455087 0.8184556 0.3026521 0.21560909 0.21377234 0.19241942 0.24549249 0.22912055 0.14684534 0.098046124 0.037357707 0.1838135 0.28319362 0.42925364 0.40727422 0.18122225 -0.07748577 0.025042938 0.03849863 -0.16566032 -0.27275494 -0.39804867 -0.3133189 -0.18062642 -0.041903853 0.0068474663 0.13706851 0.40350825 0.14551473 -0.0044856207
0.0014741091 -0.11086508 -0.050965622 -0.065125056 -0.09644352 -0.0077558225 -0.0032218746 -0.030920379 -0.063735664 -0.07006269 -0.17586808 -0.18397462 0.1421753 0.10102798 0.09510159 -0.10847589 -32767.0 -32767.0 -32767.0 -32767.0 -32767.0 -32767.0 -32767.0 -32767.0 -32767.0 -32767.0 -32767.0 -32767.0 -0.10867683 0.83030826 0.29654545 0.1800506 0.23609301 0.22890963 0.18593276 0.10602634 0.11859747 0.123129874 0.14715035 0.20697542 0.2296205 0.3119361 0.38664025 0.26987898 0.03174948 -0.022151237 -0.06538877 -0.17143378 -0.42535713 -0.5916173 -0.43090466 -0.24816617 -0.12365 -0.09078655 0.40426788 0.28780022 -0.035391677 -32767.0
-0.12837657 -0.096392274 -0.09790772 -0.16685684 -0.17838985 -0.046690103 -0.05164729 -0.01842561 -0.049912862 -0.1436714 -0.123054035 -0.12841187 -0.13841952 -0.115604624 0.12573591 -0.0890733 -0.11414638 -32767.0 -32767.0 -32767.0 -32767.0 -32767.0 -32767.0 -32767.0 -32767.0 -32767.0 -32767.0 -32767.0 -0.29933548 0.90482974 0.38011643 -0.25301325 0.2070541 0.26203308 0.12820147 -0.024262007 -0.052199893 0.14601228 0.30568108 0.14356388 0.16940281 0.2832472 0.3435515 -32767.0 -0.022174332 -0.26890552 -0.19417967 -0.113120444 -0.13520871 -0.3471192 -0.4176338 -0.2819424 -0.19410323 -0.02987535 0.5717803 -32767.0 -32767.0 -32767.0
-0.19027397 -0.18944508 -0.20563737 -0.20112433 -0.15981215 -0.10968753 -0.06366828 -0.11841138 -0.16557983 -0.18501002 -0.18992488 -0.10979762 -0.05319123 -0.054055665 -0.13257323 -0.010584308 -0.08135675 -32767.0 -32767.0 -32767.0 -32767.0 -32767.0 -32767.0 -32767.0 -32767.0 -32767.0 -32767.0 -32767.0 -32767.0 0.83957195 0.3001061 -0.34811437 0.031879615 0.27701882 0.16575506 0.13857219 0.21566477 0.3472595 0.19442482 -0.16695257 -0.19547307 0.36228755 0.25690815 0.0040710224 0.07121227 -0.20400973 -0.11430646 -0.094469264 0.022987867 0.01637511 -0.26645318 -0.08799617 -0.09131888 0.15212812 0.21984245 -32767.0 -32767.0 -32767.0
-0.2048337 -0.2730647 -0.292724 -0.2406737 -0.20343848 -0.16343434 -0.18915252 -0.21639575 -0.23795603 -0.31127033 -0.29917592 -0.16953513 -0.047825903 0.1599989 -0.036490798 -0.08431856 -0.056554053 -0.110017404 -32767.0 -32767.0 -32767.0 -32767.0 -32767.0 -32767.0 -32767.0 -32767.0 -32767.0 -32767.0 0.66617984 0.58210653 0.11997914 -0.26825005 0.11313519 0.2321022 0.19828583 0.22091214 0.23830204 0.34508732 0.21339576 -0.049348295 -0.062907144 0.19845939 0.17713381 -0.021178447 -0.08144736 -0.11052839 -0.023462407 0.14553198 0.12619004 -0.008893191 0.012140057 -32767.0 0.08953354 0.10063568 0.064839505 -32767.0 -32767.0 -32767.0
-0.22836544 -0.25416714 -0.24204691 -0.24266975 -0.20393619 -0.17715526 -0.20196661 -0.23400833 -0.20325898 -0.1516136 -0.14241481 -0.027625237 0.028105747 -0.0765178 -0.1153794 0.028438661 0.021131225 -32767.0 -32767.0 -32767.0 -32767.0 -32767.0 -32767.0 -32767.0 -32767.0 -32767.0 -32767.0 -32767.0 0.39013702 0.4051072 -0.018441072 0.071052246 0.20624687 0.23098427 0.22005068 0.23326361 0.28237143 0.29253808 0.27498558 0.21245103 0.31479317 0.13147423 -32767.0 -32767.0 0.08219588 0.07249174 -32767.0 -32767.0 -32767.0 -32767.0 -32767.0 -32767.0 -32767.0 -32767.0 -32767.0 -32767.0 -32767.0 -32767.0
-0.28397927 -0.2546781 -0.22582565 -0.18833905 -0.15530668 -0.13391887 -0.08692835 -0.06991853 -0.014135724 0.03825226 0.011253317 0.030620174 0.078006074 -0.16884063 0.075651854 0.0597762 -32767.0 -32767.0 -32767.0 -32767.0 -32767.0 -32767.0 -32767.0 -32767.0 -32767.0 -32767.0 -32767.0 0.43279672 0.4742411 0.25739792 -0.03728428 -0.12221911 0.25799847 0.29839098 0.310657 0.17806207 0.19252001 0.24156314 0.3333098 0.25682524 0.07175863 -32767.0 -32767.0 -32767.0 -32767.0 -32767.0 -32767.0 -32767.0 -32767.0 -32767.0 -32767.0 -32767.0 -32767.0 -32767.0 -32767.0 -32767.0 -32767.0 -32767.0
-0.27145293 -0.22819214 -0.23478685 -0.1453602 -0.159119 -0.08146402 -0.019402053 0.07535892 -0.028889373 -0.107309714 -0.07659972 0.01732675 -0.0049044853 -0.25254735 -0.019002976 0.07834529 -32767.0 -32767.0 -32767.0 -32767.0 -32767.0 -32767.0 -32767.0 -32767.0 0.020961976 -0.1742489 0.11558093 0.19143428 0.47318038 0.14308171 -0.08976679 -0.06893357 0.13590655 0.22005738 0.23432873 0.0791439 0.015442076 0.17927629 0.16103916 -32767.0 -32767.0 -32767.0 -32767.0 -32767.0 -32767.0 -32767.0 -32767.0 -32767.0 -32767.0 -32767.0 -32767.0 -32767.0 -32767.0 -32767.0 -32767.0 -32767.0 -32767.0 -0.024652647
-0.19733773 -0.23496492 -0.18607117 -0.12346415 -0.12669702 -0.09486742 -0.06681564 -0.036809903 -0.15443897 -0.2486816 -0.21080366 -0.056713387 -0.07934178 -0.097251326 0.023152454 0.028556595 -32767.0 -32767.0 -32767.0 -32767.0 0.018301802 -0.046943855 -0.16907573 -0.12155314 -0.10317177 0.31214255 0.21231909 0.51782924 0.16592169 -0.1457528 -0.10926689 0.009444129 0.22967167 0.3557693 0.13991094 -0.0017043742 -0.02565741 -0.03479359 -32767.0 -32767.0 -32767.0 -32767.0 -32767.0 -32767.0 -32767.0 -32767.0 -32767.0 -32767.0 -0.24067368 -0.09727351 -32767.0 -32767.0 -32767.0 -32767.0 -32767.0 -32767.0 -32767.0 -0.28973588
-0.27378047 -0.23625809 -0.18408467 -0.20529021 -0.21296942 -0.1889481 -0.1842553 -0.18845382 -0.2130321 -0.12619339 -0.0448801 0.007977233 0.051119253 -0.2765098 0.117350794 -32767.0 -0.0039220713 -32767.0 -0.04276278 -32767.0 -0.06131799 -32767.0 -0.17608549 -0.07097208 -0.016961902 0.12001023 0.48088437 0.2771997 0.036063746 -0.29261506 0.0975207 0.10467143 0.26269123 0.19962156 0.043873504 -0.09305165 -32767.0 -32767.0 -32767.0 -32767.0 -32767.0 -32767.0 -32767.0 -32767.0 -0.022604274 0.03428298 -0.071364224 0.010173064 -0.2283668 -0.014524627 -0.20160812 0.013497358 -32767.0 -32767.0 -32767.0 -32767.0 -32767.0 -0.07397788
-0.21326138 -0.2712303 -0.19435374 -0.28314403 -0.32067484 -0.21997465 -0.12473119 -0.035930157 -0.028883964 -0.0024775527 0.124721095 0.06719249 0.14419317 0.013864631 -0.0154614905 -0.10670374 0.07263396 -0.015640594 -0.028644461 -0.06188192 -0.040732 -0.10986675 0.082868636 0.14740843 0.1680668 0.37749597 0.5099944 -32767.0 0.11367025 0.024384892 0.19302186 0.21517791 0.17135243 0.10763023 -32767.0 -32767.0 -32767.0 -32767.0 -32767.0 -0.28253454 -0.11914322 0.07117278 0.024733555 -0.10165826 0.014204852 0.007880473 -32767.0 -32767.0 -0.0923093 -0.21348478 -0.19319734 -32767.0 -32767.0 -32767.0 -32767.0 -32767.0 0.10756638 0.1719671
-0.043067444 -0.14719623 -0.2825068 -0.238893 -0.23141949 -0.19329645 -0.014550233 0.043550223 0.16934729 0.21049961 0.13713105 -0.05010586 0.07668108 0.045383286 0.09900885 -0.022325436 -0.053953193 0.13032052 0.020604685 -0.06793642 -0.013566501 -0.035673104 0.18034114 0.14452605 0.07284809 0.26297173 0.3588469 0.2527615 0.26311487 0.14867547 0.10463986 0.027590942 0.096700326 0.16028425 0.05235559 -32767.0 -0.34029937 -0.33352268 -32767.0 -0.2728452 0.035678867 0.014198609 -32767.0 0.051382218 0.09963154 -32767.0 -32767.0 -32767.0 -32767.0 -0.37882167 0.039891317 -32767.0 -32767.0 -32767.0 -32767.0 0.20331916 0.115452416 0.30324402
0.012481935 -0.0033103619 -0.14929983 -0.15213645 -0.18178391 -0.21300662 -0.104949124 0.0036712894 0.16464026 0.27919722 0.23000774 0.14908943 0.15698011 0.116442226 0.14547235 0.0938681 0.0897239 0.15065841 -0.02437713 -0.10168586 -0.06518023 -0.050967 0.10278148 0.2065614 0.13751933 0.24204598 0.3507322 0.19399182 0.06260177 -32767.0 0.09008998 0.15744331 -32767.0 -32767.0 0.01084918 -0.10039589 -0.29498792 -0.44878992 -0.20763446 -0.123909615 0.045879964 -32767.0 -32767.0 -32767.0 -32767.0 -32767.0 -32767.0 -32767.0 -32767.0 -0.30654714 0.010515194 -0.14572622 -32767.0 -32767.0 0.06335782 -0.041673593 0.111111835 0.3794752
