static/data/seaWater_vo/2023/7/2/6.asc
ncols 137
nrows 93
xllcorner 108.0
yllcorner 17.0
cellsize 0.25
NODATA_value -32767
[rows 26 to 51 of 93, columns 58 to 115 of 137]
0.03940197 0.15574163 -0.008924171 0.01237103 0.045248408 0.07732219 0.082221046 -0.02264107 -0.07532518 -0.16479093 -0.20347644 -0.12745076 -0.08178793 -0.038653124 -0.03475862 -0.045817588 -32767.0 -32767.0 0.006268681 0.2197157 0.12875614 0.09515098 0.11673853 0.12595877 -0.00062927627 0.079396054 0.14198516 0.093586005 0.11659892 -0.061235946 -0.04423633 -32767.0 -32767.0 -32767.0 -32767.0 -32767.0 -32767.0 -0.06311949 0.052781336 0.4126098 -32767.0 -32767.0 -32767.0 -32767.0 -32767.0 0.18419921 -32767.0 0.06681798 0.1264633 0.23663391 0.018336698 -0.3123791 -0.44917306 -32767.0 -0.023437481 0.08488416 0.40001732 0.66752136
-0.11403451 0.03978004 -0.11217931 -0.032850455 -0.111537874 -0.06426945 0.088192716 0.09010314 0.040608503 -0.007242177 -0.06637533 -0.05396207 -0.004287311 0.007488196 0.05050095 -32767.0 -32767.0 -0.07114756 -0.028939044 0.25147027 0.09750591 0.0719487 0.097862154 0.027899345 0.043439504 0.06468981 0.12414881 0.033588815 -32767.0 -32767.0 -32767.0 -32767.0 -32767.0 -32767.0 -32767.0 -32767.0 -32767.0 -0.03885563 0.155739 0.3625355 -32767.0 -32767.0 -32767.0 0.14585184 0.21625383 0.2334807 -0.060805093 0.16711786 0.3486217 0.20687743 -0.018294517 -0.39727503 -0.67534065 -0.15801577 -0.08326187 0.20198172 0.38167477 0.59140706
-0.00019934773 -0.04560968 0.07682103 -0.05694231 -0.11087378 -0.192257 -0.088211305 -0.07337226 -0.045201782 -0.05647886 -0.07434374 -0.05683085 0.062276218 0.09098222 0.026293727 0.0035473683 0.032952063 -0.03270642 -0.08944853 0.015699923 0.22592379 0.09551674 -0.055318564 -0.12119687 -0.04846276 -0.04571584 -32767.0 -0.011042576 0.14157262 -32767.0 -32767.0 0.0037103242 -32767.0 -32767.0 -32767.0 -32767.0 -32767.0 -32767.0 -0.052088406 0.29437453 -32767.0 -32767.0 0.13022812 0.29972193 0.49972796 0.26311213 -0.022102416 -0.09409078 0.064217694 0.10712093 -0.088597454 -0.48800153 -0.70686734 -0.2742153 -0.0779464 0.23369202 0.21372132 0.41327053
-0.031477775 0.058291007 0.15065747 0.13098538 0.03728976 0.014607692 0.08015797 0.05570961 -0.041175976 -0.112611435 -0.2081044 -0.10592249 0.003844983 0.08072155 0.104534164 0.046783116 0.010793795 -0.004267099 -0.024477497 0.038782936 0.04441977 0.2484208 0.054053728 -0.11743317 -0.12468168 -32767.0 0.040680025 0.180551 0.20424668 0.15514424 0.118735775 -32767.0 0.06372681 -32767.0 -32767.0 -32767.0 -32767.0 -32767.0 0.2370678 0.22714837 -0.071833044 -0.3414072 0.21743551 0.3347249 0.25169104 0.2284758 0.10382675 -0.08096658 -0.39623114 -0.10672168 -0.2466367 -0.56379926 -0.6081574 -0.2845486 0.098276496 0.10559348 0.06903247 0.24695902
0.09806671 0.064111 0.17479984 0.09736522 0.11777556 0.08194161 0.087973654 0.13189523 0.17286599 0.26419497 0.18499957 0.025691714 -0.03413014 -0.09789452 -0.0061876164 0.015427672 0.08813788 0.021306783 -0.04359548 -0.08258721 0.035875924 0.22783726 0.10724294 -0.049349125 -0.113784656 -0.103690736 0.058535706 0.21769564 0.1922965 0.12825099 -0.014507984 -0.027781792 0.05578122 -32767.0 -32767.0 -32767.0 -32767.0 0.3379977 0.29945 0.05517067 -0.09851868 -0.26537725 -0.08500799 0.15073374 0.2812514 0.2514712 0.12740487 -0.07424724 -0.4320827 -0.3668449 -0.37289318 -0.71222395 -0.4957791 -0.09399733 0.038954947 -0.05450069 -0.06993517 0.121384166
0.10934065 0.082130015 0.18854713 0.17249538 0.28696236 0.09067168 -0.006351882 0.04293351 0.068306826 0.17483081 0.070764564 0.05792384 0.15778795 0.027558466 -0.12348004 -0.089962564 0.041627496 0.0681425 0.016278462 -0.04998823 0.110095695 0.04763785 -0.042342983 -0.011945432 -0.040903956 -0.04600188 -0.059001602 0.027609196 0.15788753 0.13412172 -0.08138199 -0.048241656 0.026914109 -32767.0 -32767.0 -32767.0 -32767.0 0.44124115 0.072220236 -0.11534737 -0.13403845 -0.19134627 0.005804751 0.5385228 0.6794021 0.3572521 0.04208182 -0.1046418 -0.41960022 -0.6764216 -0.57907873 -0.7275656 -0.356231 0.038695328 -0.037659284 -0.11543948 -0.13008961 0.06986076
0.07471479 0.09081976 0.3062626 0.34179595 0.2295686 0.12115857 0.058413178 0.019567994 0.12153484 0.07416945 0.09317501 0.06913465 0.14653356 0.15959702 0.09958402 0.043122906 0.030626776 0.058359746 0.05979136 0.12653175 0.07565096 -0.028915282 -0.047342893 -0.052081566 -0.025267225 -0.02185767 -0.042556535 -0.029270582 -0.09480779 -0.042851232 -0.044795517 -32767.0 -32767.0 -32767.0 -32767.0 -32767.0 0.19274881 0.33050996 -0.040638853 -0.17515531 -0.021955095 -0.14923458 0.44283634 1.0376613 0.9651423 0.42459843 0.018780638 -0.2275878 -0.3534733 -0.8299388 -0.86292934 -0.72969556 -0.30065307 -0.037243634 -0.024842858 -0.14207172 -0.14050734 0.13956758
0.0042800186 0.14407612 0.17594583 0.25778043 0.2230401 0.10662784 0.11549854 0.194075 0.09310048 0.10925818 0.14593846 0.09127663 0.11022354 0.17110498 0.13146573 0.04753288 0.027411846 0.056661054 0.079354726 0.099032395 0.06539049 0.090220265 0.026781226 -0.0051780883 -0.00029382843 -0.0076614204 -0.09361642 -0.09156305 -0.21680334 -0.23667453 -0.1656532 -32767.0 -32767.0 -32767.0 -32767.0 -32767.0 -0.015792932 0.26121494 -0.02643564 -0.18154371 0.08375017 0.12463609 0.7871335 1.1876951 0.7450425 0.34719372 0.038005237 -0.26945588 -0.35184687 -0.6439355 -1.1181705 -0.8877671 -0.40371275 -0.08486626 -0.11442641 -0.19409871 -0.19577347 0.16523847
-0.37765962 0.12477138 0.14494593 0.074512646 0.045445487 0.10579283 0.13648786 0.116495654 0.16459621 0.122495465 0.20201054 0.19602446 0.06358496 0.0979477 0.059947886 0.022358486 0.060704157 0.18663634 0.2132421 0.29960716 0.23404805 0.14976814 0.15289767 0.10308472 0.1758724 0.09130273 -0.15352781 -0.25142446 -0.31381032 -0.28599527 -0.1990655 -0.06916147 -32767.0 0.065118104 -32767.0 -32767.0 0.25316238 0.20216948 0.06908842 -0.10486452 0.106104925 0.47933412 0.925294 0.82027155 0.44700927 0.33557087 0.0152389435 -0.27242747 -0.35252514 -0.47914845 -1.0855814 -1.1464837 -0.57944816 -0.22013645 -0.27329794 -0.2644189 -0.13530065 0.15388422
-0.43645883 0.030449508 -0.042161115 -0.15401742 -0.05938667 -0.014339142 0.05879894 0.11523507 0.16319075 0.22248587 0.16040733 0.11472703 0.08487508 0.04941295 0.036014106 -0.06682271 0.015951958 0.15963195 0.28057483 0.3006763 0.3060164 0.29879653 0.17884059 0.1764037 0.27152357 0.06358285 -0.2231542 -0.30628216 -0.3460595 -0.3956276 -0.24494845 -0.3684988 -0.13402808 0.009643667 -32767.0 0.11272648 0.18359612 0.1611244 0.18318346 0.252631 0.41306078 0.60633737 0.6350548 0.4038838 0.7293946 0.42776486 -0.05518145 -0.3325749 -0.37453392 -0.38375553 -0.8987516 -1.2986906 -0.76305395 -0.37701508 -0.41518328 -0.22843719 0.060065318 0.17149588
-0.42086795 -0.08968358 -0.19820361 -0.11844377 -0.018225204 -0.058395263 -0.037210546 -0.046402056 -0.028633535 0.09422175 0.20094192 0.09763218 0.18997067 0.21431576 0.05454133 0.0009920722 -0.0039876946 0.06051936 0.12924996 0.14357059 0.2899103 0.3066933 0.2568113 0.2303422 0.19221038 0.000746511 -0.25580177 -0.36996287 -0.36394295 -0.26760682 -0.2230635 -0.24241686 -0.456738 -32767.0 0.2953839 0.06458995 0.053350214 0.33258757 0.3667684 0.48226994 0.4662398 0.32680225 0.18920538 0.7580129 0.9171054 0.47900936 0.016395636 -0.38290626 -0.4611616 -0.37393484 -0.7630859 -1.3474898 -0.88971967 -0.45146865 -0.41488147 -0.12988113 0.12798692 0.22349262
-0.25361633 0.012977103 -0.1745473 -0.16017145 -0.13864744 -0.13186498 -0.04968028 -0.081465624 -0.21347119 -0.12620732 0.120012656 0.17465605 0.22895436 0.18847016 0.14374319 0.08430249 0.12026932 0.19738485 0.24463809 0.085477054 0.22854866 0.25915164 0.12694037 0.15449521 0.09752537 -0.05962814 -0.26285598 -0.4101396 -0.4147851 -0.1927045 -0.15085037 -0.15455788 -0.14978129 -0.18195246 -0.051713973 -0.03772259 0.11471082 0.19127843 0.4865826 0.6294456 0.36793745 0.014561971 -0.02318466 0.8216125 0.81580776 0.41738588 0.10895566 -0.26667216 -0.4628741 -0.38329077 -0.6167157 -1.3023612 -0.9017425 -0.36710107 -0.2796832 -0.035983074 0.1683553 0.3581077
-0.16473384 -0.12143577 -0.069878675 -0.17207012 -0.1986103 -0.23863982 -0.124662876 0.021835726 -0.17377761 -0.09954081 0.009021961 0.05204162 0.103493705 0.114864625 0.21559444 0.22196214 0.1551924 0.13586107 0.25248095 0.15516604 0.19762915 0.005805187 0.026460977 0.05132408 0.07302242 -0.067299396 -0.31592637 -0.4741692 -0.4485114 -0.31820714 -0.20760444 -32767.0 0.0025899664 -0.45033085 -32767.0 0.18113975 0.33575973 0.35858223 0.61795646 0.5528982 0.1496419 -0.16914128 -0.22111794 0.55589396 0.76604015 0.42111325 0.11101029 -0.15560399 -0.36088836 -0.37140232 -0.4570524 -1.1375077 -0.9527855 -0.2999823 -0.05091926 0.18423142 0.47718787 0.7677387
-32767.0 -0.07700746 -0.048344154 -0.10122618 -0.059935994 -0.17583212 -0.24805439 -0.032901846 -0.104517855 -0.019983921 -0.015258545 0.05266506 0.11344059 0.1315746 0.19462214 0.2893836 0.189951 0.08337575 0.15042374 0.14563999 0.028271098 -0.1494368 -0.05589788 0.24232776 0.4081698 0.29799834 -0.088160016 -0.47407344 -0.5595 -0.43483624 -0.37160778 -0.30065805 -32767.0 -0.46196133 0.30908176 0.5769132 0.43351448 0.30377036 0.3276926 0.4245628 0.019143248 -0.1274311 -0.2633526 0.085855156 0.6213435 0.5009057 0.13103408 -0.07333601 -0.25893706 -0.30946258 -0.34113684 -0.7159174 -0.89413846 -0.45159644 0.010655083 0.4047703 0.6296877 0.63433385
-0.06560147 -0.09029653 -0.12449767 0.02648786 0.07160625 -0.016022306 -0.18432666 -0.1875983 -0.17351344 -0.13271254 -0.058873743 0.039181646 0.09917253 0.1061247 0.16523172 0.18262626 0.1377846 0.036379337 -0.011195321 0.02252963 -0.016407453 -0.18165591 -0.08894162 0.3213832 0.6619397 0.56802577 0.17327407 -0.2953317 -0.55133504 -0.50286067 -0.35722154 -0.63615954 -0.35079625 -0.010805702 0.5035403 0.4398156 0.23104726 0.25878763 0.25637352 0.37238726 0.08419888 -0.0833204 0.008437425 0.0045773685 0.30438384 0.3285783 0.30577737 0.0047181128 -0.13504626 -0.23399161 -0.31554958 -0.34633255 -0.44248086 -0.37322372 -0.08472781 0.15275683 0.2870172 0.45594668
-0.010075399 -0.1669407 0.109596476 0.14312574 0.09666573 0.1402346 0.07271584 -0.15912797 -0.11418674 -0.14697032 -0.09773865 -0.02861974 -0.025813242 0.03905424 0.06681137 0.05219613 -0.045298427 -0.17961065 -0.067774795 -0.07462065 -0.02065378 -0.023483925 0.0021190532 0.36734644 0.6911631 0.5557079 0.2478115 -0.16161226 -0.4203755 -0.6437837 0.030582568 -0.2750614 -0.5225537 -0.18762356 0.059055638 0.119252145 0.31673846 0.46310332 0.32860518 0.15876485 0.19174893 -0.053884495 -0.13866656 -0.014315877 0.17974822 0.3066271 0.27363735 0.16994789 -0.10755446 -0.17104408 -0.225693 -0.33496907 -0.28046808 -0.15683363 -0.030705363 0.11491051 0.24176 0.27958286
-0.08502305 0.03626974 0.11538136 0.11705337 0.09265697 0.03483869 0.08003804 0.043880098 -0.09389159 -0.110527724 -0.10313072 -0.07666729 -0.06088038 -0.099689655 -0.11868309 -0.1172695 -0.17001672 -0.2630117 -0.09880813 0.023717681 0.17295578 0.22805257 0.24379823 0.3879781 0.4563445 0.32704693 0.16807385 -0.11622681 -0.21274765 -0.68018997 -0.63535374 -0.09800037 -0.13720486 -0.41560665 0.14706686 0.3471758 0.37254435 0.41465524 0.26699355 0.15622352 0.29956126 0.016638445 -0.13447738 -0.17468789 0.16923589 0.35142797 0.25599477 0.109711364 -0.015271932 -0.315312 -0.22858185 -0.18127424 -0.23188366 -0.20430781 -0.08232849 -0.023225186 0.03892496 0.015737327
-0.06587016 0.16551603 0.17830148 0.14024143 0.14490683 0.0668015 0.01969398 0.008323116 -0.026105303 -0.0552167 -0.088328026 -0.1275642 -0.10874144 -0.18622516 -0.22728032 -0.26856044 -0.20083544 -0.09769663 0.10168577 0.38537565 0.58686894 0.5918139 0.4663562 0.29113388 0.20119108 0.13930513 0.0136711495 -0.17754295 -0.42968318 -0.19240716 -0.4616352 -0.34189448 -0.20597221 -0.13610265 0.12198208 0.20236036 0.29469037 0.12983888 0.1596618 0.16058171 0.22400512 0.13210285 0.013822993 0.0016640313 0.20778209 0.2848751 0.18818831 0.02632143 -0.087078966 -0.25532988 -0.35590407 -0.22645727 -0.19352466 -0.1723824 -0.109281935 -0.05271848 -0.08476432 -0.1379504
0.061667666 0.25626487 0.17566034 0.16804011 0.12932788 0.06084427 -0.028613701 -0.011669354 -0.112607166 -0.081738986 -0.06794386 -0.048449278 0.010407465 -0.011363482 -0.047592252 -0.05181453 -0.08258121 0.056745417 0.4512361 0.721999 0.667936 0.5242482 0.36671194 0.19372934 0.09718127 0.054774642 -0.19355316 -0.21976851 -0.13064331 -0.376939 -0.22941166 -0.09794235 -0.16039641 -0.010499934 0.1018277 0.096845336 -0.039150737 0.13447234 0.14557484 0.16738822 0.16711023 0.1860818 0.18677975 0.1812837 0.1597082 0.1338292 0.007548586 -0.09108631 -0.18180199 -0.24151196 -0.41661412 -0.20895493 -0.115085825 -0.1202622 -0.123443745 -0.11385301 -0.17414598 -0.27851623
0.22602902 0.28271112 0.3017788 0.22226782 0.1530451 0.04854464 -0.05414366 0.0009098898 -0.10159501 -0.19163263 -0.07000218 -0.012970418 -0.049411647 -0.05643426 0.052326564 0.1264273 0.20694643 0.44797492 0.6654845 0.7642569 0.62448907 0.4763653 0.30419752 0.12696196 0.055328015 -0.10939559 -0.14462943 -0.2516342 -0.271597 -0.1732974 -0.4136159 -0.069427095 0.11444828 0.053099286 -0.031283095 -0.08327927 0.09238144 0.21478333 0.25491002 0.29415688 0.28671104 0.20982344 0.16284211 0.083152145 0.030221825 -0.014275132 -0.07968449 -0.22787267 -0.28058022 -0.30820635 -0.32676607 -0.18466309 -0.19494335 -0.1322804 -0.16667397 -0.27082118 -0.29313105 -0.32340845
0.35778487 0.41442546 0.38085958 0.23354353 0.13409318 -0.0048006857 -0.1505751 -0.041326065 -0.09240038 -0.17505646 -0.12666628 -0.061351094 -0.069222465 -0.0038900415 0.09926963 0.18663798 0.32100102 0.47825894 0.7253533 0.74123305 0.55701333 0.41565818 0.23103239 0.032211386 -0.1785919 0.0648374 -0.036308877 -0.15542705 -0.23292755 -0.066966355 -0.270907 -0.12377359 -0.054030936 -0.026082436 0.04733419 0.12176487 0.2198647 0.28050995 0.34048083 0.32644054 0.24389604 0.21756184 0.13078892 0.059111584 -0.01448505 -0.074768916 -0.19456692 -0.38279763 -0.36893237 -0.3728852 -0.3013491 -0.27109516 -0.08865132 -0.08227706 -0.13857444 -0.2647847 -0.2741395 -0.26186648
0.48077565 0.39753425 0.23076496 0.15216249 0.06318867 -0.0759967 -0.20508865 -0.13484444 -0.10307669 -0.18858956 -0.005849134 0.07156539 -0.010673477 0.017059173 0.09071519 0.27187803 0.1577924 0.55262566 0.8241852 0.79871625 0.49936494 0.30190724 0.11299564 -0.13284326 -0.2580634 -0.23017412 -0.056985814 -32767.0 -0.18671651 -0.12749459 -0.11090532 -0.102742754 0.11150575 0.18191582 0.15791321 0.17144941 0.23535828 0.320444 0.3151603 0.2521672 0.25673622 0.19875953 0.18393713 0.11190196 -0.032710206 -0.19031592 -0.36618665 -0.49406022 -0.4162096 -0.39284894 -0.3539632 -0.20999472 -0.13786921 -0.14064895 -0.104206614 -0.18162097 -0.25246105 -0.22932832
0.42965326 0.22011007 0.077160574 0.13659586 0.040087666 -0.10292593 -0.16577768 -0.19441311 -0.06549321 -0.11313561 -0.06832245 0.035633687 0.043795735 0.016711269 0.11663181 0.12725657 0.15954483 0.7010498 0.92081845 0.7624216 0.37453896 0.1612483 0.021998543 -0.20274495 -0.26803073 -0.26213282 -0.18940642 0.010095517 -0.23735467 -0.062297538 0.1308222 0.1923787 0.20835242 0.20697187 0.20710239 0.20889582 0.26305464 0.2535335 0.22272432 0.22770914 0.24350487 0.31750017 0.19814827 -0.03571495 -0.19863017 -0.37524942 -0.47895634 -0.52613926 -0.5141796 -0.47327906 -0.38319466 -0.28273645 -0.23049341 -0.09249525 -0.04014566 -0.11570514 -0.24723828 -0.17653315
0.24151549 0.079116784 0.037585884 0.14811485 0.016681364 -0.06954689 -0.07271143 -0.13134298 -0.09882812 -0.098788336 -0.09719525 -0.013946636 0.03186475 0.038900908 0.10445361 0.13348149 0.31333134 0.79269874 0.8844756 0.5842607 0.17963919 0.07573427 0.08003686 -0.14215481 -0.20021172 -0.18218327 -32767.0 -0.14455646 -0.10025855 0.107416116 0.23751828 0.30688542 0.31800777 0.23522946 0.18184768 0.22969082 0.1410701 0.21517101 0.2385096 0.22250578 0.25997445 0.21460122 0.15934111 -0.079836875 -0.31782424 -0.43543595 -0.49241936 -0.5153021 -0.54594487 -0.47436205 -0.27578583 -0.22603773 -0.16492912 -0.10670032 -0.04934358 0.025479298 -0.052835837 -0.093919136
0.17027624 0.067039326 -0.03699642 0.28028217 0.14959095 -0.036885586 -0.02347338 -0.10547468 -0.11199317 -0.08126826 -0.08719126 -0.024603464 0.05005474 0.07770184 0.23523492 0.48917523 0.670226 0.7693089 0.7445944 0.36178076 0.046605866 -0.06359643 0.030039001 -0.14205927 -0.20230818 -0.253257 -0.1494827 -0.15193577 0.045080174 0.17643201 0.3146936 0.31871992 0.20487897 0.17521355 0.1465901 0.2070276 0.2041611 0.19162911 0.19088855 0.33431125 0.11989681 0.10709428 0.050227802 -0.17712437 -0.29340205 -0.39150524 -0.48331693 -0.5687513 -0.5581023 -0.32957378 -0.19366352 -0.019227915 0.0036230101 0.018940987 0.04877993 0.043653667 0.03456402 0.013213811
0.21374695 0.084775336 -0.11210392 0.08994716 0.066387944 0.013713652 -0.019925242 -0.057533175 -0.11961596 -0.043598097 -0.011988409 0.047634546 0.10588012 0.2583071 0.54516697 0.77506274 0.68802243 0.60398555 0.5196076 0.17082356 0.07608199 -0.21331035 -0.14865035 -0.27741933 -0.1509849 -0.075060055 -0.2185664 -0.036022168 0.13456641 0.24516943 0.25230092 0.16761446 0.098029085 0.18622981 0.21002302 0.2582121 0.15398028 0.21211803 0.24302605 0.2833132 0.06382321 0.03957928 -0.078641996 -0.17969938 -0.3086874 -0.43584105 -0.53433025 -0.6218182 -0.42133704 -0.28227487 -0.19238773 -0.09788258 0.071361594 0.1161597 0.05126945 0.008088851 0.09076199 0.020591749
