static/data/ASCData/20210125/ASCU/00.asc
ncols 97
nrows 97
xllcorner 99.0
yllcorner 2.0
cellsize 0.25
NODATA_value -32767
[rows 76 to 94 of 97, columns 42 to 83 of 97]
-4.780424217377913 -4.397751496668499 -4.032462312688672 -3.716034961678494 -3.5647512095993887 -3.389036541035459 -3.267821609245369 -3.1301627913597234 -2.9105194556548115 -2.702386840216788 -2.4806292905853042 -2.1876932054259193 -1.893817469632502 -1.4592290513928365 -1.0558840167347254 -0.4866906451700177 -0.14865132957711014 -0.09015807760863614 -0.006998996496829779 -0.19351964735212412 -0.5519963642352215 -1.0500112002720272 -1.2717687499035106 -1.2433443182240513 -1.0901812648768827 -0.9417164646998728 -0.5773669313540775 -0.2531874626131376 0.2664393380063972 0.8248267272797407 1.5662110775307587 2.227255298572066 2.847424717032995 3.1178091869756193 3.1901622857960605 2.9665254348965133 2.6451649180576693 2.3531684835323157 2.228194949206098 1.991872814747123 1.7830354613335757 1.4703667128595246
-4.776665614841786 -4.256099163588219 -3.916180546727248 -3.634990094493259 -3.4465901423699012 -3.2687612598794002 -3.0686156748306463 -2.930956856945001 -2.8214875580803067 -2.617348457836918 -2.44938590700375 -2.208365519374617 -1.9974139520344978 -1.7112903339718426 -1.364559250014142 -1.0079618343991081 -0.6720367327327721 -0.4709514970499864 -0.3870876779626564 -0.47283079831804997 -0.7991244809855607 -1.137868534553992 -1.1817972016949745 -1.1731054333301811 -1.1496141674793883 -1.0091363976916479 -0.9036606140215886 -0.579246232622141 -0.22593759422621806 0.23120243923020833 0.8795613767120876 1.5133557293664754 2.3113540303179043 3.284832087174755 3.3679911682865615 3.3874889189427195 3.0701219172985095 2.6021759015507184 2.405084181062567 2.181447330163021 1.9791875311876952 1.7506175144594822
-4.775725964207754 -4.233547548371458 -3.887991027706297 -3.5421995943826277 -3.3079916738502244 -3.1527144065764845 -2.944581791138461 -2.8109164884474502 -2.702386840216788 -2.66245168827044 -2.509993372898795 -2.348843289162357 -2.1712493193303644 -1.9661705684529436 -1.7190424517026042 -1.3939233323276328 -1.2034091662777038 -1.0023239305949179 -0.9417164646998728 -1.0265199344212343 -1.147734866211325 -1.3011328322170015 -1.2395857156879244 -1.234652549859258 -1.2463981827846544 -1.276701915732177 -1.1712261320621176 -0.9006067494609855 -0.5519963642352215 -0.1535844954057768 0.4811495078826429 0.8161349589149474 1.4459357963747 2.614861185110146 3.6853581699307716 3.703916269952898 3.370810120188657 2.887359868979342 2.4821355330531674 2.2634318479822877 2.0865426161258185 2.0094912641352183
-4.6350132817615055 -4.2474073952234255 -3.8753057441468686 -3.3918554929375544 -3.209328357276895 -3.0686156748306463 -2.856724456856496 -2.7395030402610403 -2.793298039059356 -2.7902441744987527 -2.638020771785616 -2.4505604702962898 -2.3265265866041043 -2.20343235354595 -1.9826144545484985 -1.8040808340824739 -1.6262519515919729 -1.5003387666317238 -1.45429588556417 -1.4387916501026468 -1.4493627197355035 -1.4357377855420437 -1.3225098841412228 -1.3107642512158264 -1.367378201916237 -1.3810031361096968 -1.0979333826076443 -0.8127494151790207 -0.4740053616105895 0.06817305422570685 0.7858312259674247 0.581692125724036 0.9382895413390693 2.242994446692098 3.459607105104653 3.8836244537114615 3.5242080861943332 3.1199234009021906 2.641406315521542 2.3172268467806028 2.125773030096642 2.0534199312762
-4.486548481584496 -4.178108160963587 -3.8313770770058864 -3.3634310612580953 -3.21214730917899 -3.0042496063994744 -2.8264207239089734 -2.7766192403052927 -2.8557848062224642 -2.9318965075790326 -2.799170855522054 -2.5734197906959357 -2.517745490629557 -2.424015339884894 -2.2767251030004236 -2.137891721822238 -2.022784519153354 -1.9025092379972952 -1.7657900707456817 -1.68098660102432 -1.5950085680104185 -1.551079900869436 -1.3781841842076017 -1.4026151006924261 -1.4632225665874712 -1.1341099320178651 -0.7796267303294027 -0.6086103149356319 -0.37040887920859333 0.5748796586273057 1.1062520921722374 0.6580387397391121 0.8161349589149474 1.9568708286294418 2.7830586486018225 3.28882560236939 3.6130050711103294 3.4459821709111935 2.939275566509594 2.367028330384283 2.1363440997294987 1.867838931054938
-4.19361239642511 -3.930040393579216 -3.6671731287088454 -3.4407173259072033 -3.2492635092232423 -3.0296201735183304 -2.96619375572119 -2.9260236911163346 -2.964079541794619 -3.0364326406150606 -2.9798186899146497 -2.772625725110658 -2.685708041462725 -2.562848721063079 -2.487676670340542 -2.3995844234000696 -2.301156019485248 -2.1536308699422695 -1.962177053258309 -1.7951541530591726 -1.7277342200673975 -1.6116873667644813 -1.6438704009800673 -1.7218614036046993 -1.4827203172436292 -1.0880670509503114 -0.8656047633433044 -0.6976422125101363 -0.0950912434373028 0.9772850426513853 0.9822182084800519 0.5445759256797835 0.7066656600502532 1.046584276911224 1.363951278555434 1.7097427118791027 2.4548856646662482 3.45091533673986 3.621696839475123 2.6717100484690652 1.9890538628450285 1.69306391312504
-3.8703725783182024 -3.634990094493259 -3.4270923917137432 -3.2786275915367336 -3.1780849736953405 -3.0578096925392817 -3.027505959591759 -3.089992726754868 -3.195468510424927 -3.21895977627572 -3.1047922242408674 -2.959146375965952 -2.8499119897597662 -2.756181839015103 -2.707320006045454 -2.5900985894499984 -2.44938590700375 -2.2473610206869328 -2.011038886227958 -1.8177057682759337 -1.7413591542608573 -1.7883416859624426 -2.197559537083252 -2.046040872345639 -1.2247862182019251 -0.7716396999401334 -0.7542561632105467 -0.592166428840077 0.1158603239028162 0.8473783424965018 0.7947579069907258 0.7155923410735543 0.6930407258567932 0.7242841094383476 0.8649967918845962 0.9577872919952273 1.324955777243118 2.1588957149462598 3.0905593185886993 3.2009682680874247 2.2566193808855575 1.7332339777298955
-3.506023044972407 -3.302118857387526 -3.182783226865499 -3.0587493431733135 -3.0237473570556324 -3.1555333584785794 -3.161406174941278 -3.2591298408805756 -3.3498061270646353 -3.3420540093338738 -3.253257024417877 -3.163285476209341 -2.9943832747421415 -2.8879678404380504 -2.7590007909171983 -2.6417793743217426 -2.4475066057356867 -2.2111844712767117 -1.9952997381079265 -1.8811321860730739 -1.968049869721007 -2.1242667876287786 -2.0617800204656698 -1.6302454667866075 -1.0345069648105039 -0.801943432887656 -0.74932299738188 -0.3880273285966882 0.3376178735342994 0.6911614245887301 0.7047863587821896 0.5798128244559724 0.4362811901076289 0.4870223243453413 0.5924981080154006 0.7078402233427927 0.8541908095932316 1.3630116279214022 2.118960562999912 2.9928356526494015 2.499753982441262 1.82109131201186
-3.1212361103364223 -2.9758251747200153 -2.8304142391036082 -2.90840524172824 -2.9847518557433164 -3.1722121572326425 -3.3556789435273338 -3.443536277809298 -3.5001502285097086 -3.4954519753395505 -3.399607610668316 -3.253257024417877 -3.0911672900474074 -2.9748855240859835 -2.818668606178212 -2.6389604224196472 -2.4085111044233707 -2.2093051700086486 -2.0763446052931616 -2.2210508029340446 -2.2189365890074733 -1.9602977519902454 -1.0706835142207247 -0.7277110327991507 -0.9036606140215886 -0.6976422125101363 -0.5470631984065548 -0.172142595427903 0.25070018988636633 0.5513883927765133 0.7057260094162214 0.5671275408965442 0.32305328870680805 0.4421540065703269 0.5535026067030846 1.0026556097702417 1.3766365621148617 2.069159079396232 2.4772023672245016 2.9655857842624824 2.6139215344761144 1.994926679307726
-2.9279029923843978 -2.8304142391036082 -2.741382341529104 -2.9105194556548115 -3.0324391254204257 -3.2560759763199725 -3.4651482423920275 -3.5861282615236103 -3.6368693957613223 -3.5842489602555467 -3.5001502285097086 -3.338060494139239 -3.1252296255310568 -2.9279029923843978 -2.7552421883810716 -2.543116057748413 -2.4484462563697185 -2.281423356170582 -2.316660254946771 -2.296222853656581 -1.7181028010685724 -1.234652549859258 -0.3880273285966882 -0.46014551475862175 -0.6389140478831545 -0.2689266107331689 -0.08616456241400128 0.02894264025488269 0.3239929393408394 0.5114532408301655 0.7115988258789194 0.5826317763580677 0.06605884029913556 0.2135839898421139 0.3366782229002676 0.7682127765793303 1.662760180177517 2.51925173309742 2.7088262485133177 2.697080615587921 2.499753982441262 2.281989948004414
-2.8421598720290047 -2.9260236911163346 -2.939648625309794 -3.07049497609871 -3.1583523103806748 -3.3469871751625404 -3.5013247918022485 -3.622304810933831 -3.629117278030561 -3.5783761437928487 -3.4827666917801223 -3.2786275915367336 -3.0011957418388713 -2.808802274520879 -2.646712540150409 -2.4895559716086058 -2.4134442702520373 -2.4054572398627676 -2.4085111044233707 -1.6906180200231449 -1.0422590825412656 -0.6447868643458525 -0.3518507791864671 -0.5256861464823332 -0.662405313733947 -0.27855802973199406 0.3308054064375696 0.44497295847242224 0.3620487900191236 0.5142721927322609 0.6695494600060008 0.6267953561575577 0.15203687331303684 0.40597745716010625 0.5192053585609271 0.4987679572707373 1.3747572608467982 2.4274008836208205 2.6129818838420835 2.30054804802654 2.3277979164134592 2.2683650138109535
-2.9163922721175095 -3.008008208935601 -3.20533484208226 -3.245269994028608 -3.263828094050734 -3.3176230928490495 -3.448469443637965 -3.4992105778756772 -3.506023044972407 -3.4113532435937124 -3.311750276386351 -3.0423054570777586 -2.8069229732528154 -2.6711434566352334 -2.595971405912697 -2.491435272876669 -2.60466317427749 -2.5969110565467286 -1.8606947847828843 -1.031453100249901 -0.6642846150020105 -0.42420387800690884 -0.4768243135126844 -0.6252891136896945 -0.695527998583565 -0.15945731186847478 0.44990612430108845 0.610116557403495 0.48890162561340444 0.6023644396727335 0.6871679093940952 0.7926436930641545 0.7644541740432031 1.0837004769554763 1.4752998786881912 1.4548624773980015 1.4196255786218126 2.402969967135996 2.2340677656687964 1.9070693450257616 1.9615690817996008 2.1168463490733407
-3.041365806443727 -3.112544341971629 -3.3429936599679055 -3.3460475245285086 -3.2854400586334633 -3.2746340763420987 -3.2854400586334633 -3.3274894245063824 -3.238457526931878 -3.1329817432618183 -2.9680730569892537 -2.7181259883368187 -2.639900073053679 -2.615469156568855 -2.620402322397521 -2.7611150048437696 -2.7611150048437696 -2.1242667876287786 -1.2814001689023355 -0.7923120138888309 -0.5423649452363963 -0.31755353104431006 -0.5588088313319513 -0.6212955984950597 -0.5256861464823332 -0.05492117883244729 0.40691710779413803 0.5924981080154006 0.7731459424079965 0.8795613767120876 0.9256042577796415 1.2312256264984551 1.406000644428353 2.4313943988154554 2.8298062676448996 2.433273700083519 2.250746564422859 2.3346103835101895 1.899082314636492 1.5192285458291739 1.3883821950402577 1.654068411812724
-3.161406174941278 -3.202515890180165 -3.3528599916252384 -3.4329652081764417 -3.339235057431779 -3.160466524307246 -3.146841590113786 -3.0813009583900746 -2.9622002405265553 -2.7580611402831665 -2.5421764071143813 -2.4768706880491775 -2.469118570318416 -2.7169514250442792 -3.0042496063994744 -2.8870281898040187 -2.197559537083252 -1.5071512337284536 -1.2229069169338616 -0.9544017482593006 -0.4768243135126844 -0.2318104106889165 -0.6887155314868352 -0.7277110327991507 -0.4768243135126844 0.09941643780726128 0.5300113408522917 0.7360297423637441 1.0252072249870023 1.2408570454972798 1.320962262048483 1.6491352459840574 2.0787904983950565 3.006460586842861 2.9742775526272753 2.5594217977022753 2.149264295947435 2.0506009793741056 1.6286978446938676 1.1598121783120448 0.904931943830944 1.347507392459879
-3.117477507800295 -3.2795672421707653 -3.392795143571586 -3.3615517599900318 -3.2591298408805756 -3.089992726754868 -2.9603209392584917 -2.8001105061560856 -2.5783529565246024 -2.362468223355817 -2.2736712384398206 -2.359649271453722 -2.5675469742332373 -2.949514956967127 -2.8548451555884324 -2.2483006713209646 -1.6145063186665765 -1.30583108538716 -1.2238465675678933 -1.0295737989818374 -0.4133978957155442 -0.27949768036602585 -0.5569295300638877 -0.695527998583565 -0.5294447490184604 0.08579150361380128 0.6110562080375268 0.8356327095711054 1.0437653250091286 1.3298889430717846 1.3893218456742895 2.0719780312983263 3.1100570692448573 3.4342365379857966 2.801381835965441 2.0475471148135025 1.6550080624467558 1.3190829607804195 1.0484635781792875 0.6413599409850494 0.6051833915748284 1.1746116757980447
-2.896659608802844 -3.1623458255753096 -3.2424510421265125 -3.173151807866674 -3.089053076120836 -2.959146375965952 -2.7961169909614507 -2.61147564137422 -2.4338816715422267 -2.3185395562148345 -2.3020956701192796 -2.270852286537725 -2.5158661893614935 -2.387838790474673 -1.7737771011349512 -1.3781841842076017 -1.0852480990482163 -0.9485289317966026 -0.9757788001835221 -1.0589378812953285 -0.6661639162700741 -0.16814908023326813 -0.23744831449310677 -0.5256861464823332 -0.4866906451700177 0.027063338986819563 0.46447070912858024 0.5643085889944492 0.6286746574256212 1.108131393440301 1.4344250761078117 2.0437885122773753 3.2829527859066916 3.4422235683750664 2.5857320154551635 1.6716868612008184 1.1412540782899185 0.6707240232985403 0.5142721927322609 0.02800298962085135 0.14428475558227527 1.077827660492778
-2.813735440349545 -2.9748855240859835 -3.0138810253982995 -2.9798186899146497 -2.953273559503254 -2.9544481227957937 -2.8156147416176087 -2.562848721063079 -2.3509575030889285 -2.112521154703382 -1.8527077543936148 -1.3636195993801101 -1.4310395323718852 -1.341067984163349 -1.0706835142207247 -0.8566780823200029 -0.7326441986278174 -0.6360950959810592 -0.8244950481044171 -1.005142882497013 -0.8353010303957817 -0.41833106154421085 -0.2931226145594854 -0.3927255817668467 -0.18083436379269635 0.0437421377408822 0.18915307335728926 0.19314658855192413 0.48514302307727775 1.0797069617608415 1.60802553074517 1.6676933460061836 2.0809047123216278 2.6355334990588446 2.2439340973261297 1.3531452962640689 0.8640571412505644 0.7242841094383476 0.5027614724653722 -0.1124747801668895 -0.139019910578285 0.8610032766899613
-2.8038691086922123 -2.879276072073257 -2.9269633417503664 -2.8489723391257344 -2.8304142391036082 -2.8734032556105586 -2.7063803554114223 -2.245481719418869 -1.577390118622324 -1.2922061511937002 -1.1808575510609427 -0.9299708317744764 -1.0187678166904728 -0.8811089988048275 -0.6398536985171863 -0.6036771491069652 -0.520752980653667 -0.4718911476840182 -0.6203559478610283 -0.7199589150683892 -0.6476058162479479 -0.4895095970721126 -0.1564034473078717 -0.2639934449045023 -0.22006477776352007 -0.10566231307015927 -0.23862287778564628 -0.172142595427903 0.44027470530226376 0.8581843247878664 1.3240161266090862 1.4041213431602895 1.6695726472742471 2.328737567047491 1.9773082299196316 0.9840975097481155 0.42453555718223246 0.8201284741095822 0.7057260094162214 0.17270918726173434 -0.08522491177996994 0.7517688904837754
-2.9220301759217 -2.943642140504429 -2.724938455433549 -2.6389604224196472 -2.59103824008403 -2.5588552058684444 -2.4700582209524478 -1.832270353103425 -1.1653533155994196 -0.9708456343548555 -0.8782900469027322 -0.8947339329982871 -0.9544017482593006 -0.7728142632326729 -0.41527719698360777 -0.394839795693418 -0.526625797116365 -0.48175747934135105 -0.3908462804987831 -0.4768243135126844 -0.44957444512576483 -0.3156742297762465 -0.029550611713590857 -0.19257999671809234 -0.20056702710736207 -0.34879691462586404 -0.46813254514789104 -0.10190371053403258 0.4919554901740075 0.5964916232100355 0.9039922931969122 1.2096136619157258 1.5133557293664754 2.0388553464487087 1.8307227310106855 0.8600636260559296 0.29462885702734853 0.5983709244780986 1.0045349110383048 0.6911614245887301 0.4538996394957233 1.0935668086128096
