static/data/ASCData/20210125/ASCU/03.asc
ncols 97
nrows 97
xllcorner 99.0
yllcorner 2.0
cellsize 0.25
NODATA_value -32767
[rows 38 to 56 of 97, columns 42 to 83 of 97]
-4.015614048542188 -4.16892389994816 -4.282218129453714 -4.385758551121042 -4.434527590312175 -4.5215615679455805 -4.636606480909279 -4.73139348528589 -4.689377082290453 -4.620100036875357 -4.64260882419434 -4.679623274452226 -4.7246408490901945 -4.753902272604875 -4.844687714791444 -4.879951481591187 -4.855441913177182 -4.849689667528997 -4.817427072371785 -4.856442303724692 -4.788165648857106 -4.684625227189779 -4.604343885752067 -4.424773782473948 -4.0448754720568685 -3.7695179738546267 -3.7567629943738687 -3.8377946287222127 -3.6874859489587726 -3.3701120477610935 -3.344602088799578 -3.524422289714575 -3.4023746429183044 -3.2635704544512345 -3.0369819954401254 -2.8183966608091 -2.630823433150897 -2.422742199268731 -2.247923951091286 -2.246923560543775 -1.83001079986881 -1.5664078905998158
-3.768517583307116 -3.9443362220320717 -4.070385431018384 -4.141663257528501 -4.2119406934911074 -4.2929723278394505 -4.358247811064506 -4.450283741435464 -4.50180385463225 -4.469791357111917 -4.454035205988628 -4.456035987083649 -4.598591640103883 -4.616098474685315 -4.64060804309932 -4.655363803675099 -4.628853454166073 -4.565328654399162 -4.52056117739807 -4.348494003226279 -4.215692158044272 -4.104398709633738 -3.9140744079698813 -3.73050274250172 -3.455145244299479 -3.1992953617736903 -3.103507966849568 -3.1240159730735315 -3.0359816048926147 -2.844656912681248 -2.871917555100907 -2.9139339580963446 -2.748869517757126 -2.5205303752878736 -2.3094479697631765 -2.1483850916139993 -1.9735668434365545 -1.758732973358693 -1.6992097357818232 -1.8172558203880522 -1.758732973358693 -1.55865486385661
-3.3741136099511353 -3.60945548625296 -3.7275015708591894 -3.8545511703930115 -3.938333878747009 -3.9715968644517305 -4.040873909866827 -4.120154860757027 -4.172925462138201 -4.258708951587219 -4.257708561039709 -4.248955143748993 -4.373003571640284 -4.377005133830326 -4.401264604607453 -4.406266557345005 -4.352495565416321 -4.286969984554388 -4.132659742600907 -3.959842275518483 -3.737255378697416 -3.5869466989339758 -3.3368490620563724 -3.117263336877836 -2.857411892162006 -2.6953486234653186 -2.5995612285411966 -2.512777348544668 -2.4324960071069572 -2.3887289206533766 -2.4530040133309208 -2.3719723789825773 -2.2051572551852154 -1.9843210418222914 -1.7237193041958285 -1.562406328409774 -1.476622838960756 -1.296802638045759 -1.2430316461170743 -1.316310253722212 -1.4481117083567092 -1.214770613149905
-2.4169899536205457 -3.226556004193349 -3.3613586304703773 -3.5291741448152494 -3.6424683743208037 -3.672730188382994 -3.7500103581781734 -3.828040820883986 -3.9305808520038035 -4.0166144390896985 -4.033120883123621 -4.034121273671131 -4.0848910939572844 -4.088892656147326 -4.129908668595253 -4.114152517471965 -4.059631232632647 -3.9658446188035454 -3.810533986302554 -3.568439473805033 -3.305586857446672 -3.099506404659526 -2.8309015426529798 -2.6180684536701393 -2.4707609455492308 -2.307697286305033 -2.1248759137475046 -2.037091643203466 -1.9843210418222914 -1.9765680150790859 -2.1396316743232835 -2.062351504528104 -1.8965367712782526 -1.5926681424719642 -1.332066404845501 -1.2030160242166577 -1.11823292531515 -0.9814295179431007 -0.8681352884375464 -0.8213670303414344 -0.8016093170281038 -0.38369616580562793
-1.6581937233338964 -2.686595206174603 -3.0614915638541307 -3.206047997969385 -3.333097597503208 -3.412128450756531 -3.490158913462343 -3.604453533515408 -3.7059931740877152 -3.7490099676306627 -3.7567629943738687 -3.766516802212095 -3.8135351579450845 -3.8340431641690484 -3.831041992526517 -3.8055320335650014 -3.785024027341038 -3.6904871206013037 -3.483406277266648 -3.2255556136458385 -2.887673706224196 -2.6513314393748604 -2.4032345835922775 -2.2606789305720434 -2.14938548216151 -2.1238755231999944 -1.9413042482793437 -1.7187173514582765 -1.6561929422388755 -1.8085024030973362 -2.033090081013424 -1.9785687961741067 -1.6797021201053703 -1.3290652332029698 -1.1192333158626604 -0.990182935233817 -0.9921837163288376 -0.8731372411750984 -0.645548391616479 -0.4744816079921983 -0.0838290991893813 0.6524583437782838
-0.2538954922661518 -2.1698934883854735 -2.7783810389086834 -2.928689718672123 -3.0389827765351463 -3.130768609269227 -3.2568178182555387 -3.3846177106999944 -3.463898661590195 -3.497911940205549 -3.5116673102338174 -3.5076657480437756 -3.597700897319713 -3.6444691554158246 -3.581944746196424 -3.5019135023955905 -3.487157741819812 -3.388619272890036 -3.172785012264664 -2.9081817124481595 -2.568299023931496 -2.2724335195052907 -2.078107655651393 -1.9813198701797603 -2.0038286574987447 -2.0078302196887865 -1.8690260312217162 -1.6289322998192168 -1.6484399154956697 -1.9257981947929323 -2.0555988683324085 -1.8417653888020573 -1.458865906742446 -1.2177717847924363 -1.0634615428389547 -1.1239851709633348 -1.1172325347676395 -1.0537077350007282 -0.8408746460178875 -0.5067442031494092 0.17477185734206113 0.7772570645802084
0.6249476037217478 -1.4383579005184828 -2.433496397654468 -2.6298230426033866 -2.753871470494678 -2.9491977248960866 -3.1132617746877944 -3.2538166466130076 -3.3018353928935076 -3.2948326590609347 -3.3418510147939244 -3.4151296223990624 -3.486407448909179 -3.522421508619554 -3.3593578493753564 -3.2255556136458385 -3.1210148014310004 -3.0244771135962454 -2.8379042764855527 -2.55954560664078 -2.3642193522393713 -2.0253370542702185 -1.898287454736396 -1.9550596183076119 -1.9618122545033072 -1.9305500498936068 -1.8085024030973362 -1.7237193041958285 -1.7957474236165782 -1.9980764118505596 -1.974567233984065 -1.7049619814300083 -1.5243914876043783 -1.38958886132735 -1.5506517394765267 -1.6924570995861279 -1.8955363807307422 -1.8797802296074533 -1.5576544733090996 -1.2402805721114205 -0.76859642896026 -0.5087449842444296
1.1338962947676712 -0.7891044351842236 -2.0400928148459974 -2.400483509586624 -2.5585452160932696 -2.8096432435183836 -2.996966373539709 -3.128767828174206 -3.205047607421875 -3.2255556136458385 -3.2528162560654974 -3.3701120477610935 -3.455145244299479 -3.401374252370794 -3.1690335477115 -2.8641645283577013 -2.6943482329178083 -2.647329877184819 -2.52928379257859 -2.307697286305033 -2.2411713148955905 -2.078107655651393 -1.9648134261458385 -1.898287454736396 -1.8700264217692266 -1.8397646077070364 -1.7859936157783518 -1.8155051369299091 -1.9843210418222914 -2.0545984777848982 -1.8632737855735313 -1.6424375722106073 -1.6679475311721228 -1.9863218229173123 -2.4990219785164 -3.0379823859876356 -3.4033750334658146 -3.477403933981585 -3.2343090309365548 -3.016473989216162 -2.606313864736892 -2.4492525487777566
1.2764519477879053 -0.30566570309981556 -1.752980727710508 -2.264680492762085 -2.4550047944259417 -2.715856629689282 -2.9754579767682348 -3.104508357397078 -3.1757861839071952 -3.218802977450143 -3.2420620576797603 -3.355356287185315 -3.3270952542181456 -3.0742465433348882 -2.7606241066903734 -2.3944811663015617 -2.1863999324193952 -2.229416725962343 -2.2909407446342334 -2.246923560543775 -2.223664480314158 -2.1641412427372884 -2.1006164429703773 -1.985321432369802 -1.9483069821119166 -1.9110424342171535 -1.8770291556017995 -1.9217966326028906 -1.9920740685654972 -1.8690260312217162 -1.7647353166437556 -1.8867829634400262 -2.1678927072904526 -2.8799206794809904 -3.7069935646352254 -4.434527590312175 -4.816426681824275 -4.978489950520963 -4.891455972887556 -4.840686152601403 -4.785164477214575 -4.984242196169148
1.3817430529133765 0.2382966571089722 -1.3153098631747018 -2.1123710319036246 -2.4530040133309208 -2.62006923476516 -2.888674096771706 -3.0722457622398673 -3.1690335477115 -3.2205536609082865 -3.224555223098328 -3.2538166466130076 -3.1552781776832317 -2.8691664810952533 -2.3944811663015617 -2.044844669946672 -1.8700264217692266 -1.953058837212591 -2.1708938789329837 -2.185399541871885 -2.252925903828838 -2.291941135181744 -2.2519255132813276 -2.217662137029096 -2.1248759137475046 -1.979569186721617 -1.8925352090882108 -1.8027501574491511 -1.7654856095543883 -1.7079631530725394 -1.849518415545263 -2.155137727809695 -2.6980996974709726 -3.549682151039213 -4.683624836642268 -5.456926729867819 -5.830072404089203 -5.99013489169087 -5.999888699529096 -6.078169259871786 -6.144445133644351 -6.208970323958773
1.4102541835174232 0.831028056508893 -0.8408746460178875 -2.020585199169544 -2.4570055755209625 -2.6328242142459177 -2.853410329971964 -3.045985510367719 -3.1942934090361383 -3.2518158655179867 -3.1512766154931904 -3.106509138492099 -2.9101824935431804 -2.7363646359132456 -2.263680102214575 -1.8417653888020573 -1.652191380048834 -1.7822421512251876 -2.0223358826276874 -2.2059075480958485 -2.2871892800810696 -2.4102373174248504 -2.461007137711004 -2.4735120195548843 -2.277435472242843 -2.086861072942109 -1.79974898580662 -1.6659467500771021 -1.5213903159618472 -1.4971308451847196 -1.901288626378927 -2.436497569296999 -3.1532773965882113 -4.327235704091683 -5.403405835576011 -6.059662034742844 -6.409048433460855 -6.611377421694837 -6.705914328434571 -6.859224179840543 -6.867227304220625 -6.9520104031221335
1.3759908072651914 0.7657525732838386 -0.8623830427893615 -2.012582074789461 -2.4189907347155666 -2.652331829922371 -2.882671753486644 -3.0672438095023153 -3.2118002436175703 -3.148525541487537 -3.03022935924443 -2.882671753486644 -2.637576069346592 -2.567298633383986 -2.220663308671627 -1.79974898580662 -1.5751613078905318 -1.7049619814300083 -2.0713550194556976 -2.294942306824275 -2.4600067471634937 -2.596560056898665 -2.6610852472130873 -2.676841398336376 -2.456005184973452 -2.032089690465914 -1.7382249671347294 -1.3955912046124124 -1.23928018156391 -1.312558789169048 -1.8925352090882108 -2.5635471688308216 -3.5156688724238587 -4.689377082290453 -5.595730918334889 -6.247985555311679 -6.565359456509357 -6.754933465262582 -6.884734138802058 -6.985273388826855 -6.984272998279344 -7.004781004503307
1.1348966853151814 0.42687027531468535 -1.1229847804158244 -2.0468454510416922 -2.4267437614587726 -2.671839445598824 -2.884672534581665 -3.0692445905973362 -3.0692445905973362 -3.002968716824771 -2.7676268405229463 -2.5995612285411966 -2.398482728491603 -2.34871329875296 -2.0643522856231247 -1.8222577731256044 -1.6014215597626804 -1.8027501574491511 -2.1688930978379632 -2.479514362839947 -2.682593643984561 -2.8476580843237795 -2.8809210700285006 -2.8476580843237795 -2.5067750052596054 -2.0801084367464138 -1.5526525205715476 -1.2080179769542096 -1.0682133979396293 -1.1660015739587724 -1.7664860001018987 -2.4442505960402046 -3.4256337231479215 -4.611346619584641 -5.514699283986545 -5.889595641666073 -6.203968371221221 -6.289001567759605 -6.40029501617014 -6.3427725596882905 -6.273495514273195 -6.101428340101403
1.1709107450255565 0.4023607069006805 -1.2762946318217956 -2.104367907523541 -2.4832658273931107 -2.7226092658849774 -2.9139339580963446 -2.958951532734313 -2.958951532734313 -2.787134456199399 -2.5215307658353843 -2.278185765153476 -2.143633236513325 -2.0525976966898773 -1.9305500498936068 -1.744227310419792 -1.8387642171595262 -2.0410932053935076 -2.4102373174248504 -2.7118550674992408 -2.9091821029956697 -3.087751815726279 -3.0975056235645053 -2.9296901092196332 -2.573300976669048 -1.9823202607272705 -1.455114442189282 -1.1404916149972566 -1.0106909414577805 -1.1757553817969988 -1.6326837643723806 -2.1718942694804944 -2.926688937577102 -4.093644511248001 -4.654363413127588 -5.030260161354627 -5.212831436275277 -5.268603209298983 -5.240092078694936 -5.057520803774286 -4.910213295653377 -4.3417413670305836
1.6318406897909803 0.6114423313303572 -1.3193114253647433 -2.2129102819284214 -2.541038381511837 -2.799889435680157 -2.887673706224196 -2.8974275140624224 -2.814395098619058 -2.6463294866373084 -2.3104483603106867 -1.96881498833588 -1.7899951779683936 -1.7432269198722814 -1.752980727710508 -1.9120428247646641 -2.0253370542702185 -2.3339575381771813 -2.7196080942424463 -2.9922145184390345 -3.1455243698450053 -3.2685724071887865 -3.2235548325508177 -2.9922145184390345 -2.4960208068738687 -1.8867829634400262 -1.4346064359653186 -1.1347393693490717 -1.1707534290594468 -1.4296044832277666 -1.696208564139292 -1.9638130355983279 -2.480514753387457 -2.874918726743438 -3.418881086952226 -3.681733703310588 -3.888564449008366 -3.8535507798455013 -3.742257331434968 -3.513668091328838 -3.37986585559932 -2.8211477348147533
1.2714499950503533 0.23429509491893086 -1.3935904235173917 -2.367220523881903 -2.685594815627092 -2.8036409002333214 -2.857411892162006 -2.756872642137209 -2.6600848566655766 -2.5918082017979907 -2.321202558696424 -1.7724883433869612 -1.432605654870298 -1.5253918781518887 -1.8085024030973362 -2.038092033750976 -2.3319567570821604 -2.668838273956293 -2.9764583673157454 -3.2010460452318332 -3.3358486715088618 -3.4151296223990624 -3.2528162560654974 -2.8486584748712898 -2.392480385206541 -1.9843210418222914 -1.605423121952722 -1.4433598532560348 -1.5116365081236205 -1.7852433228677191 -1.9785687961741067 -2.0535980872373876 -1.972566452889044 -2.145383919971468 -2.2139106724759317 -2.3699715978875564 -2.42174180872122 -2.3417105649203873 -2.294942306824275 -2.185399541871885 -2.0771072651038827 -1.944305419921875
0.37610045502853184 -0.4404683293768441 -1.6689479217196332 -2.4862669990356423 -2.739115709918899 -2.81939705135661 -2.7713783050761105 -2.5858058585129284 -2.4374979598445092 -2.427744152006283 -2.365219742786882 -1.9120428247646641 -1.4150988202888655 -1.581913944086227 -1.9355520026311588 -2.2626797116670643 -2.6180684536701393 -2.953949579996761 -3.212800634165081 -3.4043754240133253 -3.568439473805033 -3.481405496171627 -3.1680331571639897 -2.7703779145286 -2.464758602264168 -2.193402666251968 -1.9648134261458385 -1.8690260312217162 -1.9920740685654972 -2.236419459794916 -2.3319567570821604 -2.225665261409179 -1.8915348185407006 -1.6679475311721228 -1.4578655161949359 -1.335817869398665 -1.3290652332029698 -1.2870488302075325 -1.2440320366645847 -1.2002649502110039 -1.0321993382292542 -1.1289871237008868
0.02646395867364193 -0.8358726932803355 -2.1308782570325673 -2.7051024313035454 -2.7743794767186416 -2.796888264037626 -2.62006923476516 -2.422742199268731 -2.3887289206533766 -2.433496397654468 -2.308447579215666 -1.994074849660518 -1.7597333639062034 -1.9735668434365545 -2.2576777589295123 -2.596560056898665 -2.930690499767144 -3.1690335477115 -3.322343399117471 -3.4346372380755152 -3.62095997754933 -3.4756532505234423 -3.169783840622133 -2.868166090547743 -2.6953486234653186 -2.5743013672165587 -2.509776176902137 -2.462757821169147 -2.5030235407064416 -2.625821480413345 -2.6170680631226286 -2.393480775754051 -2.048846232136713 -1.6844539752060448 -1.35932704726516 -1.0352005098717856 -0.820366639793924 -0.6277914593981693 -0.5245011353677187 -0.6005308169785104 -0.6650560072929321 -0.9354115527576217
-0.40420417202959147 -1.3408198221362173 -2.4354971787494883 -2.8389046670330633 -2.868166090547743 -2.6570836850230455 -2.4852666084881316 -2.3857277490108455 -2.4052353646872984 -2.3877285301058664 -2.1406320648707937 -2.0340904715609347 -2.070354628908187 -2.4159895630730355 -2.652331829922371 -2.9091821029956697 -3.144523979297495 -3.38086624614683 -3.495160866199895 -3.538927952653476 -3.6074547051579393 -3.4608974899476634 -3.276325433931992 -3.1327693903642477 -2.9882129562489927 -2.9521988965386177 -2.9081817124481595 -2.828150468647326 -2.7908859207525634 -2.8231485159097742 -2.8436565221337378 -2.5975604474461758 -2.33095636653465 -1.9110424342171535 -1.5008823097378836 -1.1404916149972566 -0.8553803089567884 -0.7393350054455805 -0.8261188854421089 -0.9716757101048743 -1.1807573345345508 -1.6014215597626804
