static/data/ASCData/20210125/ASCU/06.asc
ncols 97
nrows 97
xllcorner 99.0
yllcorner 2.0
cellsize 0.25
NODATA_value -32767
[rows 38 to 56 of 97, columns 0 to 41 of 97]
-0.5712025566008523 -1.7461302290139873 -0.636842389895719 -0.1426428728108151 -0.09778476279849313 0.11712866822099333 0.831056893671339 1.600487526425066 1.1113567223359047 1.045970324690825 1.0566146219818844 -0.23337283543460785 -0.15531465530017163 0.4336697948051187 0.881744023628765 1.0254420370580677 1.0477443742393349 1.0018725216278646 1.2177996952464993 1.191442387668638 1.1318850099686624 0.6815298602969322 0.28718398922815735 0.2793274840847566 0.3290008714430339 0.3388848617847322 0.39742849688555903 0.17491199637245902 -0.009842592322359067 -0.5831140321408472 -1.461015123003466 -1.7088751884952793 -1.9199870847679588 -2.2715023310227083 -3.059687201860683 -4.008803710313485 -4.791919868155717 -4.107390178080679 -3.253058602648263 -3.5645310162366464 -3.9218752824364995 -3.94037608487096
-0.6776455295114467 -1.8720877469581911 -0.6963997675956946 -0.004773879326616548 0.07708583555462667 0.17871353111926602 0.8232003885279378 1.2451707454235095 0.9608159463623496 1.1377140299137665 1.1336590595171723 0.1972143335537262 0.09761412318738438 0.5018439845978566 0.5829433925297383 0.7519849709377544 0.8652707063926015 0.8427149335615467 0.989200739138508 0.9990847294802059 0.9169715789491759 0.5487295798084757 0.1581852434865083 -0.014657869668314394 0.003842932766146223 -0.078016782115097 0.043885765432512436 0.3163290889536774 0.18251506586607302 -0.11121685223721123 -0.17102766558697358 -0.5040421094072627 -0.9756858536611119 -1.461015123003466 -1.8477579245786266 -2.355389531102248 -3.1641026895729807 -3.192487482349139 -2.2530015285882476 -2.305716143743971 -2.9344899908658406 -3.6025463637047155
-0.6971600745450559 -1.8125303692582155 -0.8877436831849776 -0.16114367524527573 0.24612741396264237 0.3535841294723858 0.5829433925297383 0.8868127366245075 0.8868127366245075 1.2099431901030981 1.1151582570827117 0.6356580076854614 0.46788360752638125 0.28895803877666726 0.36802996151025225 0.5205982226821044 0.6133556705041938 0.5849708777280354 0.6620153152633228 0.7889865758066752 0.6972428705837341 0.35839940681834115 0.09964160838568148 -0.07421524736829 -0.1504993779542163 -0.16114367524527573 0.17567230332182016 0.4911996873067972 0.4443140920961781 0.6835573454952293 0.7129558808705361 0.7208123860139373 0.23522968102179576 -1.359387427438827 -1.9453306497466718 -1.719772921436126 -2.058616385201519 -2.280372578765258 -1.5770886506059716 -1.3282148425150098 -1.854600687122879 -2.5350754068013237
-0.6844882920556994 -1.608514671179576 -0.9630140711717554 -0.33601427359839553 0.07227055820867134 0.40629874462810855 0.6376854928837585 0.6807695533475706 0.6815298602969322 1.2061416553562916 0.9902144817376564 0.5459417876608175 0.29478705872177136 0.11814241082014165 0.05554380532272063 0.20608458129627572 0.24992894870944937 0.23041440367584043 0.24992894870944937 0.5292150347748668 0.4501431120412822 0.23928465141838995 -0.01668535486661149 -0.03138462255426511 -0.10462752534274555 0.07505835035632957 0.41010027937491556 0.5185707374838073 0.5127417175387032 0.8642569637934527 1.3201876977604998 1.3359007080473022 0.42099801231576217 -1.1807152943389 -2.1688608928589206 -1.8046738641148146 -1.7755287643892945 -1.8984450545360527 -1.427815052881352 -0.714900570030155 -1.2286146321486677 -1.877916766903295
-0.6748577373637885 -1.43947309277156 -1.2793017621060938 -0.5957858146302037 -0.018459404415121394 0.31531534635452907 0.46965765707489115 0.4932271725050943 0.3926132195396037 0.9737411645014928 0.7382994458492491 0.23522968102179576 -0.013644127069166068 -0.16012993264612696 -0.22272853814354843 -0.2100567556541919 -0.17280171513548348 -0.18648724022398877 -0.14745815015677044 0.1455134609971518 0.16882954077756773 -0.010856334921507393 -0.06534499962574047 -0.08004426731339409 0.09279884584142861 0.29884202911836555 0.46382863712978706 0.5342837477706093 0.5928273828714365 0.6865985732926747 1.195243922415445 1.6658739240701452 0.7489437431403085 -0.9815148736062158 -2.054814850454712 -1.6680720488795515 -1.630817008360843 -1.6102887207280858 -1.6016719086353233 -0.8418718305735071 -0.818302315143304 -1.4678578855477187
-0.6006010919761593 -1.2303886816971776 -1.2744864847601383 -0.6553431923301793 -0.05672818753297815 0.1551440156890629 0.2626007311988059 0.33787111918558344 0.2050708386971274 0.48334318216339645 0.2139410864396769 -0.2138582904009989 -0.1913025175699441 -0.368200601121361 -0.5342009517319313 -0.5372421795293767 -0.538002486478738 -0.5821002895416987 -0.4726160888336586 -0.3124447581681924 -0.21968731034610256 -0.19054221062058252 -0.24021559797886027 -0.16215741784442406 0.04591325063080953 0.28034122668390493 0.3611871989659994 0.714729930419046 1.1582423175465237 0.8875730435738687 0.14652720359630012 0.8417011909623984 1.2910425980349798 -0.21867356774695423 -1.6171314832723382 -1.3183308521733117 -1.3515309222954257 -1.1622144919044397 -1.3183308521733117 -1.2608009596716332 -1.1163426392929692 -0.8165282655947941
-0.46399927674089625 -0.9832889231547257 -1.2635887518192916 -0.6827142425071895 -0.2374278058312016 -0.08308549511083951 0.021583428251245262 0.1434859757988547 0.1698432833767165 0.009671952711249876 -0.430799206618782 -0.5635994871072383 -0.4110312259353859 -0.368200601121361 -0.5420574568753322 -0.732387629865467 -0.8213435429407496 -0.8662016529530716 -0.7382166498105709 -0.707044064886754 -0.5742437843982977 -0.45791682114600496 -0.3175134711639349 -0.22855755808865208 -0.078016782115097 0.18352880846522135 0.31151381160772207 0.8105286060385812 1.602515011623363 1.2938303901826385 -0.05470070233468105 -0.11045654528784965 0.7078871678747936 0.8320706362704873 -0.3096569660205337 -0.9189162681087948 -1.369271417780525 -1.2402726720388757 -1.0048309533866318 -1.0849166187193648 -0.9168887829104977 -0.44727252385494554
-0.09854506974785471 -0.8555573556620122 -1.3487431301477675 -0.802842740506289 -0.4736298314328071 -0.44727252385494554 -0.2997729756788359 0.02639870559720059 0.30467104906346965 -0.28912867838777645 -1.123945708786583 -1.008885923783226 -0.6543294497310308 -0.5078436441540697 -0.6211293796089168 -0.8555573556620122 -1.0489287564495924 -1.0605867963398004 -0.9825286162053644 -0.9766995962602605 -0.7627999078399226 -0.6505279149842238 -0.4647595836902576 -0.27747063849756826 -0.08587328725849819 0.14069818365119646 0.19442654140606797 0.6962291279845854 1.367073292971119 1.3359007080473022 0.4004697246830049 -0.1358001102665627 0.3700574467085489 1.1035002171925035 0.9354723813836365 0.12498517336439408 -1.2529444545282322 -2.0117307899909 -1.4678578855477187 -1.055771518993845 -0.769642670384175 -0.026315909558522588
-0.27240192550182574 -0.798787770109695 -1.3018575349371484 -0.9277865158513443 -0.7597586800424769 -0.843645880122017 -0.6758714799629368 -0.11729930783210207 0.5938411254705849 0.21292734384052858 -1.0507028059981023 -1.0078721811840774 -0.8086717604513931 -0.806644275253096 -0.9209437533070917 -1.0400585087070429 -1.1865443142840042 -1.2207581270052668 -1.1358571843265781 -1.1543579867610385 -0.8446596227211656 -0.703242530139947 -0.6112453892672187 -0.42091521627708395 -0.16697269519037983 -0.06052972227978515 -0.08587328725849819 0.6650565430607687 0.9022723112615223 0.9200128067466213 0.8515851813040962 0.5107142323404061 0.4765004196191436 0.7636430108279622 0.7020581479296895 0.09077136064313152 -0.7764854329284276 -1.9942437301555878 -2.0538011078555636 -1.756774526305047 -1.3457019023503218 -0.17280171513548348
-1.0078721811840774 -1.0038172107874832 -0.8603726330079677 -0.8086717604513931 -0.9941866560955723 -1.079087598774261 -0.8730444154973243 -0.36718685852221244 0.35839940681834115 0.29681454392006845 -0.4239564440745296 -0.446258781255797 -0.4140724537328315 -0.9199300107079433 -1.192373334229108 -1.2461016919839798 -1.3114880896290593 -1.461015123003466 -1.4415005779698569 -1.4404868353707085 -1.147515224216786 -0.9931729134964238 -0.8651879103539231 -0.5694285070523422 -0.1953574879665383 -0.2080292704558948 -0.3514738482354103 0.4744729344208469 0.650357275373115 0.852598923903245 0.9795701844465969 0.8700859837385568 0.7225864355624472 0.6688580778075757 0.6133556705041938 0.17288451117416193 -0.8155145229956455 -2.24311753824655 -2.8057446807739783 -2.4141866018528626 -1.6561605733395561 -0.3993731860451779
-1.3682576751813764 -1.1444739964193404 -0.8702566233496658 -0.8682291381513687 -1.04208599390534 -1.09860214380787 -0.8935727031300817 -0.695386024996546 -0.24021559797886027 -0.2011865079116424 -0.37402962106646487 -0.26277137080991464 0.011699437909546972 -0.4835138217745052 -0.9843026657538743 -1.0917593812636175 -1.2207581270052668 -1.478502182838778 -1.6718735836263583 -1.5459160656821547 -1.2861445246503462 -1.159173264106994 -1.0020431612389733 -0.6454592019884813 -0.3164997285647866 -0.36515937332391535 -0.5205154266434262 0.03324146814145301 0.2714709789413554 0.5350440547199709 0.8457561613589926 0.8135698338360267 0.6318564729386544 0.5350440547199709 0.42479954706256917 -0.10260004014444846 -1.7071011389467694 -3.1035315692738563 -3.4902743708490167 -2.935503733464989 -2.1181737629014945 -0.8378168601769131
-1.1982023541742122 -1.2891857524477919 -1.2491429197814252 -1.0917593812636175 -1.0507028059981023 -1.0958143516602115 -0.4551290289983465 -0.13098483292060736 -0.4814863365762081 -0.6631996974735803 -0.5732300417991492 -0.33778832314690543 -0.04101517724617576 -0.18851472542228587 -0.683727985106338 -0.9962141412938694 -1.2227856122035636 -1.535271768391095 -1.7071011389467694 -1.49421519312558 -1.3682576751813764 -1.2382451868405786 -0.9706171406653692 -0.6221431222080653 -0.5430711994744808 -0.5243169613902332 -0.6084575971195603 -0.44347098910813854 -0.1221145851780574 0.1698432833767165 0.4873981525599902 0.7089009104739419 0.5243997574289114 -0.048871682389576954 -0.27823094544692983 -0.9082719708177351 -2.5409044267464274 -3.571373778780899 -3.523474440971131 -3.050816954118133 -2.3194016688324757 -1.0507028059981023
-0.750128125350566 -1.3505171796962774 -1.5753146010574617 -1.417931062539654 -1.3915737549617924 -0.5293856743859757 0.15336996614055298 0.9902144817376564 0.04794073582910663 -0.8046167900547991 -0.4520878012009011 -0.2959714409320289 -0.24427056837545447 -0.38974263135326703 -0.6464729445876298 -0.9569316155768641 -1.3046453270848068 -1.5616290759689568 -1.7286431691786754 -1.5537725708255556 -1.3624286552362723 -1.1680435118495436 -0.9052307430202897 -0.8925589605309332 -0.8155145229956455 -0.6044026267229663 -0.5831140321408472 -0.7354288576629124 -0.33778832314690543 -0.12312832777720617 -0.0009723445798095476 0.2177426211864839 0.035015517689962916 -0.5311597239344856 -1.0048309533866318 -1.6434887908501996 -2.820443948461632 -3.3534191199639665 -3.1600477191763865 -2.9991160815615587 -2.2773313509678124 -1.556560362973214
-0.13681385286571102 -1.1728587891954991 -2.0117307899909 -1.8632174992156416 -2.530260129455368 -1.6670583062804027 1.322215182958797 2.550871213126804 0.6113281853058972 -0.707044064886754 -0.33297304580094966 -0.2713881829026774 -0.3114310155690436 -0.6991875597433528 -0.9561713086275028 -1.1034174211538255 -1.4463158553158126 -1.5760749080068233 -1.825202151747572 -1.7968173589714134 -1.155371729360187 -0.9551575660283542 -1.0732585788291569 -1.0605867963398004 -0.8624001182062646 -0.6659874896212388 -0.6122591318663673 -0.8573314052105221 -0.4698282966860001 -0.327144025855846 -0.26860039075501874 -0.43941601871154456 -0.6221431222080653 -0.9199300107079433 -1.4014577453034904 -1.8437029541820324 -2.6757321924331805 -3.194261531897649 -2.851616533385449 -2.822217998010142 -2.483374534244749 -1.760829496701641
0.6014441949641989 -1.2861445246503462 -2.2061159333776286 -2.1767173980023213 -2.9950611111649645 -1.9559749470377312 1.2431432602252124 2.730557088825879 0.8125560912368783 -0.45411528639919796 -0.409257176386876 -0.2901424209869248 -0.37985864101156896 -0.8251450776875566 -1.2676437222158858 -1.4247738250839066 -1.5616290759689568 -1.6270154736140363 -1.879944252101592 -2.056588900003222 -1.1211579166389245 -0.6806867573088924 -0.9493285460832503 -1.09860214380787 -0.8114595525990516 -0.5810865469425504 -0.5390162290778866 -0.9931729134964238 -0.6806867573088924 -0.43764196916303466 -0.4442312960574999 -0.6806867573088924 -1.096574658609573 -1.363188962185634 -1.5489572934796003 -1.8290036864943788 -2.530260129455368 -3.454033072929457 -3.0741330338985495 -2.627832854623413 -2.263645825879307 -1.478502182838778
1.1035002171925035 -1.2509169693299351 -2.3495605111571445 -2.39847359156606 -3.1805760068091438 -2.0956179900704397 0.6670840282590658 1.7051564497871503 0.9922419669359535 0.12118363861758752 -0.022514374811715587 0.25981293905114766 0.07125681560952257 -0.5585307741114958 -1.0352432313610875 -1.474700648091971 -1.7129301588918735 -1.657174315938705 -1.778316556536953 -2.0086895621934544 -1.2187306418069697 -0.6748577373637885 -0.8241313350884081 -0.9962141412938694 -0.7861159876203385 -0.5674010218540453 -0.5780453191451047 -1.1797015517397516 -0.8593588904088192 -0.34285703614264795 -0.38974263135326703 -0.7833281954726801 -1.3340438624601139 -1.83686019163778 -1.9511596696917757 -1.866258727013087 -2.549774674488977 -3.4208330028073433 -2.7900316704871764 -2.0811721580325733 -1.7441027438156904 -1.1601870067061426
0.92280059889428 -0.6132728744655158 -1.8984450545360527 -2.645573350108512 -3.436546013094145 -2.263645825879307 0.39362696213875203 1.592884456931452 1.508743821202125 1.2079157049048015 1.4327131262659858 1.7852421151198836 1.4375284036119411 0.4726988848723366 -0.38974263135326703 -1.0370172809095974 -1.6424750482510513 -1.6739010688246554 -1.4932014505264317 -1.7119164162927247 -1.2499032267307866 -0.9521163382309088 -0.8905314753326361 -0.8535298704637151 -0.7080578074859025 -0.5957858146302037 -0.7754716903292791 -1.108486134149568 -0.7217433325744074 -0.3182737781132965 -0.2539011230673651 -0.5088573867532182 -1.1992160967733607 -1.9942437301555878 -2.264659568478456 -2.119187505500643 -2.0185735525351522 -2.0097033047926027 -1.6982308912042199 -1.4032317948520003 -1.4795159254379264 -1.6016719086353233
0.562415104896981 -0.44930000905324263 -1.5781023932051201 -2.4610721970634817 -3.0665299644049355 -2.074329395488321 0.12878670811120108 1.3133449352162474 1.2119706753013952 1.1757293773818356 1.238327982879257 1.8524025623134728 2.168943688897599 1.45704294864555 1.1171857422810088 0.7274017129084025 -0.9219574959062402 -1.9199870847679588 -1.4268013102822035 -1.2899460593971532 -1.032202003563642 -1.094800609061063 -1.0175027358759883 -0.9229712385053888 -0.8702566233496658 -0.8593588904088192 -1.102657114204464 -0.9384308131424037 -0.3955716512983709 -0.05951597968063638 -0.05672818753297815 -0.04202891984532453 -0.2843134010418207 -1.049942499048741 -1.8809579947007407 -2.0117307899909 -1.024345498420241 -0.9151147333619878 -1.6280292162131849 -1.5760749080068233 -1.6298032657616948 -1.8515594593254336
-0.06939997002233467 -0.6786592721105953 -1.43947309277156 -2.28898939085802 -2.1904029230908266 -1.1034174211538255 0.27831374148560784 1.0566146219818844 0.7372857032501008 0.8574142012492003 0.8290294084730419 1.2646852904571184 1.8085581949003 2.456086280106417 3.0762433151355246 3.1786313176495256 0.6865985732926747 -1.5596015907706597 -1.159173264106994 -1.2831032968529006 -0.9092857134168837 -1.0507028059981023 -1.1102601836980779 -1.0370172809095974 -0.9969744482432308 -0.9825286162053644 -0.9815148736062158 -0.5917308442336098 -0.30762948082223707 0.01474066570699284 0.0469269932299583 0.4004697246830049 0.4501431120412822 -0.11729930783210207 -1.1913595916299595 -1.5243740354502486 -0.3993731860451779 -0.3993731860451779 -2.0654591477457713 -2.1065157230112863 -2.0469583453113107 -2.158216595567861
