static/data/ASCData/20210125/ASCU/09.asc
ncols 97
nrows 97
xllcorner 99.0
yllcorner 2.0
cellsize 0.25
NODATA_value -32767
[rows 76 to 94 of 97, columns 43 to 85 of 97]
-2.3016690017048007 -1.8651629844596722 -1.6181682988146537 -1.3984716443142493 -1.1483271858448523 -0.9724648698170495 -0.739119199744338 -0.5740186075331621 -0.7236328166911434 -0.7606426473775918 -0.5144354049386677 -0.5976419037160015 -0.9042197919555139 -1.1278536624863917 -1.3884973637037172 -1.744159211789796 -1.8924610156042865 -2.2187249839961654 -2.224499567507526 -2.1699035052182976 -1.8554511849178383 -1.3701236888948425 -0.9685276537865763 -0.6425261664633957 -0.3711207414294435 -0.36508367684938436 -0.27242785959891513 -0.39343163226879163 -0.979289377603203 -1.5194754169841256 -1.6239428823260145 -1.969630449801561 -2.282245402621133 -2.347603188726988 -2.1268566099517905 -1.96096857453452 -1.9470570778935148 -1.8310404455289047 -1.701112316523289 -1.810566922170444 -1.9677930823206735 -2.143392917279778 -2.1268566099517905
-2.23421136704936 -1.6845760091953017 -1.4304943346954313 -1.1648634931728397 -0.9081570079859875 -0.5750685318079549 -0.3474974452466042 -0.3808325409712774 -0.5233597612744068 -0.4666638504355931 -0.26271606005708126 -0.02228340112951832 -0.013621525862477224 -0.12780079074619977 -0.2674407192936492 -0.6259898591354083 -1.1493771101196453 -1.4785283702672043 -1.752821087056837 -1.7879935502623976 -1.5848332030899808 -1.1698506334781058 -0.7753415872246916 -0.35825916906323085 -0.08974103578495907 0.09189586375420467 0.18953882130993982 0.05672340054864389 -0.659062473791383 -1.34256317668153 -1.3953218714898707 -1.7470465035454763 -2.034988235907416 -2.096671287051496 -1.9150343875123328 -1.7499337953011567 -1.6386418221731143 -1.5242000762206935 -1.417895243397917 -1.5417863078234737 -1.6609527130124624 -1.7929806905676637 -1.7782817507205637
-2.177515456210546 -1.5018891853813454 -1.2283839117978073 -0.951991346458589 -0.6874104292107903 -0.33489835394908996 -0.15221153013513344 -0.18633406906590144 -0.2372553963933548 -0.188433917615487 -0.12596342326531218 0.26487088802632686 0.47091852695442427 0.474593261916199 0.32340416634602853 -0.03225768174005017 -0.556432375930382 -1.0068498898165155 -1.3220896533230695 -1.4315442589702243 -1.2606690832476874 -0.8895208521084141 -0.4207296634134057 0.027325520854444285 0.12129374344840427 0.30371808619366236 0.2929563623770357 0.1436046342877524 -0.5047236053968338 -1.1709005577528986 -1.2879671143923017 -1.497951969350872 -1.8066297061399708 -1.8827492160624526 -1.701112316523289 -1.3945344282837762 -1.2517447269119484 -1.210797680195027 -1.1044928473722508 -1.2226093282864465 -1.3163150698117088 -1.4197326108788046 -1.3220896533230695
-2.021339220335109 -1.3543748247729497 -1.0438597205029634 -0.7997523266136253 -0.538058701121507 -0.24696719593518868 -0.04879398906803756 0.010789213526456898 -0.00469716952673771 -0.08186660372401233 -0.03120775746525739 0.2997808701631892 0.5546499878691544 0.5470380368769061 0.4698686026796315 0.1436046342877524 -0.1963083496764333 -0.6425261664633957 -0.9695775780613691 -1.0585586603500634 -0.885583636077941 -0.503936162190739 0.010789213526456898 0.289281627415261 0.29899342695709485 0.09294578802899744 0.0254881533735567 -0.19998308463820846 -0.7099838011188364 -1.3583120408034228 -1.5037265528622328 -1.5066138446179131 -1.9208089710236935 -1.984329389648661 -1.3816728559175637 -1.0330979966863367 -0.9304678988253356 -0.9236433910391817 -0.8679974044751608 -0.9774520101223154 -1.018399056839237 -0.8798090525665803 -0.7987024023388325
-1.927633478809847 -1.337838517444962 -0.9716774266109547 -0.7588052798967042 -0.4734883582217466 -0.19998308463820846 -0.06821758815170531 -0.03015783319046461 -0.11808899120436589 -0.2049702249434744 -0.13462529853235328 0.05173626024337796 0.289281627415261 0.3507021974906426 0.36041399703247645 0.2785199035986339 0.009739289251663674 -0.2674407192936492 -0.5632568837165355 -0.6572251063104955 -0.5175851777630465 -0.03908218952620368 0.5654117116857811 0.5362763130602795 -0.11126448341821238 -0.35038473700228456 -0.2537917037213422 -0.476375649977427 -1.1942613728670397 -1.7830064099571317 -1.8504640446125724 -2.0134647882741628 -2.4334344981913034 -2.0859095632348694 -1.2793052391252606 -0.7753415872246916 -0.7283574759277114 -0.7294074002025042 -0.711821168599724 -0.8036895426440984 -0.8593355292081197 -0.7283574759277114 -0.4501275431076057
-1.955981434229254 -1.4365313992754902 -1.06643309241101 -0.7811161707360523 -0.4910745898245268 -0.2831895834155418 -0.2196691647905742 -0.3055004742548899 -0.44619032707713213 -0.5467205763885481 -0.5244096855492 -0.37479547639121824 -0.1718976102874996 0.012889062076042457 0.2627710394767413 0.29899342695709485 0.16224079016532578 -0.04984391334283034 -0.1952584254016405 -0.11231440769300516 -0.013621525862477224 0.39558646023803723 0.967795190000142 0.33022867413218204 -0.4910745898245268 -0.49317443837411234 -0.2850269508964294 -0.9207560992835018 -1.7050495325537622 -1.8670003519405598 -2.0321009441517357 -2.2284367835379992 -2.079085055448716 -1.7089867485842354 -1.2832424551557338 -0.9882137339389425 -0.8632727452385929 -0.6855730617299027 -0.4989490218854731 -0.7128710928745168 -0.9092069322607803 -0.8837462685970534 -0.565356732266121
-2.150217425065932 -1.6221055148451269 -1.2937416979036624 -0.9218060235582946 -0.6357016586772422 -0.4724384339469534 -0.48530000631316605 -0.6971222287526242 -0.9081570079859875 -0.9422795469167551 -0.8640601884446877 -0.7078839525692509 -0.4881872980688464 -0.0380322652514109 0.2695955472628948 0.33810310619312833 0.3184170260407626 0.2842944871099946 0.2940062866518285 0.27458268756816073 0.23442308405733403 0.739436660232696 1.146544797783625 0.3575267052767961 -0.3474974452466042 -0.2186192405157814 -0.15326145440992667 -1.018399056839237 -1.4031963035508173 -1.3533249004981567 -2.2019261955994796 -2.346553264452195 -2.021339220335109 -1.6473036974401554 -1.2312712035534876 -0.8183884824911987 -0.5351714093658266 -0.4207296634134057 -0.34277278601003625 -0.3740080331851239 -0.6336018101276566 -0.7519807721105507 -0.6123408435631013
-2.05939897529635 -1.7732946104152978 -1.4900775372899258 -1.0966184153113043 -0.9462167629472282 -0.8553983131776466 -0.9197061750087085 -1.0897939075251508 -1.1903241568365663 -1.1716880009589934 -1.1005556313417775 -0.824163066002559 -0.4832001577635805 -0.04984391334283034 0.220774068485027 0.4580569545882116 0.541000972296847 0.6142331904636484 0.679853457638202 0.5782732840519933 0.6396938541273753 0.6593799342797411 0.5284018809993327 0.287181778865675 0.33889054939922314 0.4688186784048387 0.09478315550988503 -0.8417492976053396 -1.0916312750060382 -1.1756252169894665 -1.950994293923988 -2.1796153047601314 -2.042862667968363 -1.5661970472124076 -1.050684228289117 -0.8288877252391269 -0.8183884824911987 -0.14433709807418715 -0.11913891547915867 0.06932249184615813 -0.12885071502099255 -0.3524845855518701 -0.43831589501618584
-1.954931509954461 -1.7284103476679031 -1.4785283702672043 -1.2772053905756748 -1.2509572837058536 -1.3281267179031282 -1.3934845040089834 -1.4696040139314652 -1.526299924770279 -1.3213022101169747 -1.1443899698143791 -0.7509308478357579 -0.41994222020731087 -0.0233333254043111 0.362513845582062 0.6378564866464878 0.8780266645053527 0.9746196977862955 1.0216038090832753 0.8683148649635188 1.0381401164112627 0.12601840268497222 -0.1650731025013461 0.31369236680419466 0.36723850481862996 0.37695030436046384 0.011839137801249677 -0.3456600777657166 -0.7624800148584789 -1.3094905620255552 -1.5801085438534128 -1.7000623922484963 -1.874874784001506 -1.5722341117924665 -1.6677772207986161 -1.7186985481260693 -1.9061100311765935 -0.8924081438640945 -0.38371983272695775 0.1123693871126652 0.06066061657911703 -0.04485677303756441 -0.14932423837945308
-1.9013853719400258 -1.686413376676189 -1.5585850962201593 -1.522362708739806 -1.6357545304174341 -1.7129239646147087 -1.7431092875150032 -1.810566922170444 -1.7068869000346498 -1.494014753320399 -1.1522644018753254 -0.7420064915000184 -0.3787326924216914 0.09583307978467781 0.49611670954945275 0.8622778003834601 1.119246766639011 1.3809403921311287 1.3546922852613075 0.7900955064914514 0.7911454307662442 -0.3388355699795631 -0.377945249215597 -0.12780079074619977 -0.3144248305906294 -0.3076003228044759 -0.059555712884664214 -0.27242785959891513 -0.5448832089076605 -1.1386153863030184 -1.1443899698143791 -1.018399056839237 -1.2703808827895213 -1.4892900940838312 -1.5937575594257198 -2.270433754529713 -2.6132340302495796 -1.6921879601875498 -0.8777092040169947 -0.2196691647905742 0.11630660314313834 0.08008421566278479 0.12129374344840427
-1.9452197104126272 -1.7538710113316298 -1.824215937742751 -1.8866864320929257 -1.984329389648661 -1.9861667571295485 -2.0155646368237483 -1.9530941424735737 -1.8446894611012117 -1.5457235238539468 -1.1648634931728397 -0.7283574759277114 -0.2537917037213422 0.22471128451550015 0.7150259208437624 1.0977233190057567 1.4961695812896445 1.7413268994537758 1.0851242277082425 0.3428277654296963 0.1593534984096454 -0.6727114893636901 -0.3808325409712774 -0.5272969773048803 -0.7099838011188364 -0.7380692754695453 -0.49501180585499993 -0.5068234539464194 -0.5603695919608551 -0.8553983131776466 -0.6787485539437492 -0.44619032707713213 -0.5965919794412082 -0.819175925697293 -1.145439894089172 -1.8310404455289047 -2.7499866670413486 -2.159141781401671 -1.2283839117978073 -0.44724025135192536 0.023650785892669113 0.30476801046845514 0.34492761397928184
-1.9958785566713824 -1.965693233771088 -2.073047990868657 -2.1365684094936244 -2.2137378436908994 -2.185389888271492 -2.096671287051496 -2.0342007927013217 -1.8066297061399708 -1.4929648290456061 -1.0722076759223704 -0.6170655027996692 -0.0955156192963198 0.3740630126047835 0.8866885397723938 1.3956393319782285 1.7930356699873236 1.5830508150287534 0.8252679696970118 -0.07425465273176446 -0.38161998417737175 -0.8769217608108999 -0.2900140912016953 -0.5438332846328677 -0.5496078681442285 -0.5771683803575405 -0.7832160192856379 -0.8952954356197749 -0.7175957521110847 -0.6892477966916775 -0.4160050041768377 -0.06244300464034458 -0.1396124388376192 0.07325970787663127 -0.2527417794465494 -0.8934580681388873 -1.8095169978956511 -1.9179216792680132 -1.1659134174476327 -0.3690208928798575 0.1425547100129596 0.44729523077158495 0.5488754043577937
-2.1042832380437444 -2.1609791488825585 -2.1738407212487707 -2.193264320332439 -2.2733210462853934 -2.111107745829898 -2.0166145610985415 -1.857288552398726 -1.6181682988146537 -1.2879671143923017 -0.8514610971471734 -0.4501275431076057 2.7489709829797704e-05 0.5050410658851918 1.1202966909138037 1.5644146591511796 1.4318617194585825 1.1447074303027374 0.7950826467967174 -0.057455864335078655 -0.6532878902800223 -0.8945079924136801 -0.5018363136411534 -0.2871267994460154 -0.22150653227146178 -0.3388355699795631 -0.6112909192883085 -1.0614459521057438 -1.0312606292054491 -0.6511880417304368 -0.26639079501885643 0.011839137801249677 0.38587466069620335 0.6845781168747695 0.7979699385523977 0.19531340482130055 -0.6141782110439888 -0.981389226152789 -0.7635299391332717 -0.07110487990738568 0.35175212176543535 0.5509752529073793 0.6701416580963682
-2.1218694696465246 -2.2090131844543315 -2.260721954987879 -2.1806652290349247 -1.9950911134652878 -1.8719874922458257 -1.7362847797288496 -1.5457235238539468 -1.2900669629418875 -0.9724648698170495 -0.6396388747077153 -0.32702392188814366 0.050948817037283156 0.6202702550437076 1.2326385883166382 1.3468178532003612 1.096673394730964 0.8037445220637585 0.5793232083267861 -0.018346185099045176 -0.6874104292107903 -0.778228878980372 -0.6511880417304368 -0.1503741626542463 0.1338928347459185 -0.0527312050985107 -0.6005291954716818 -1.0897939075251508 -1.2596191589728947 -0.7147084603554044 -0.30156325822441676 0.09005849627331708 0.5478254800830005 0.9239608515275402 1.123183982669484 0.9512588826721537 0.4045108165737763 -0.24014268814903517 -0.42361695516908604 0.12418103520408463 0.4756431861909922 0.6719790255772553 0.739436660232696
-2.1473301333102515 -2.096671287051496 -2.225549491782319 -2.0105774965184824 -1.6903505927066624 -1.484302953778565 -1.304503421720289 -1.140452753783906 -0.9404421794358675 -0.68452313745511 -0.4608892669242324 -0.26455342753796884 0.26854562298810203 0.6759162416077285 1.03709019213647 1.224764156255692 1.082236935952562 0.6788035333634088 0.20896242039360757 -0.3222992626515757 -0.3467100020405094 -0.19132120937116737 -0.3083877660105703 -0.059555712884664214 0.0976704472655654 -0.14538702234897993 -0.6551252577609099 -1.0614459521057438 -1.168800709203313 -0.7060465850883633 -0.3396230131856579 0.24019766756869476 0.6142331904636484 0.8360296935136384 0.9297354350389009 0.8087316623690244 0.3819374446657302 -0.1952584254016405 -0.377945249215597 0.1457044828373384 0.5772233597772005 0.837867060994526 0.9103118359552331
-2.1785653804853387 -2.105333162318537 -2.0546743160597822 -1.5995321429370806 -1.3173649940865015 -1.0341479209611295 -0.8543483889028538 -0.7343945405077701 -0.5535450841747016 -0.3690208928798575 -0.41311771242115736 -0.29578867471305603 0.5606870524492131 0.7538731190110979 0.8076817380942316 0.9473216666416806 1.0166166687780094 0.730512303896957 0.09084593947941189 -0.348547369521397 -0.10339005135726609 0.02443822909876392 0.1992506208517737 -0.06926751242649809 -0.2595662872327029 -0.36508367684938436 -0.5887175473802619 -0.8984452084441537 -0.8611728966890073 -0.5808431153193157 -0.1952584254016405 0.2997808701631892 0.48824227748850646 0.5732861437467274 0.6662044420658946 0.6515055022187948 0.33495333336875 -0.22649367257672814 -0.5409459928771874 -0.018346185099045176 0.5850977918381468 0.8575531411468922 0.9738322545802007
-2.05651168354067 -1.856238628123933 -1.5869330516395663 -1.1619762014171593 -0.9412296226419623 -0.5879301041741676 -0.4587894183746464 -0.30366310677400277 0.10843217108219205 0.3556893377959085 -0.050631356548925144 -0.2509044119656618 0.7365493684770157 1.1016605350362298 0.9121492034361203 0.7050516402332305 0.7667346913773105 0.8486287848111527 0.5284018809993327 -0.0039097263206433475 -0.0527312050985107 0.161190865890533 0.5244646649688596 -0.10443997563205887 -0.508660821427307 -0.5467205763885481 -0.6238900105858227 -0.8105140504302519 -0.7107712443249312 -0.5115481131829873 -0.20208293318779402 0.21578692817976108 0.3761628611543695 0.4210471239017637 0.5108156493965526 0.6396938541273753 0.5234147406940668 0.0635479083347974 -0.4412031867718662 -0.1503741626542463 0.5021537741295115 0.8517785576355315 1.1339457064861107
-1.781169042476244 -1.5047764771370258 -1.0624958763805366 -0.6385889504329225 -0.3076003228044759 0.1913761887908274 0.2373103758130144 0.06932249184615813 0.3575267052767961 0.6494056536692092 0.503991141610399 0.16617800619579892 0.7911454307662442 1.0880115194639228 0.9903685619081881 0.7013769052714554 0.5722362194719346 0.6543927939744751 0.7853708472548835 0.4921794935189796 0.38692458497099613 0.3661885805438372 0.16014094161573977 -0.3603590176128164 -0.7060465850883633 -0.6755987811193704 -0.7480435560800776 -0.7430564157748112 -0.7351819837138649 -0.4734883582217466 -0.09761546784590536 0.2695955472628948 0.4785304779466726 0.5625244199301007 0.6525554264935876 0.7480985354997371 0.7452112437440568 0.3341658901626552 -0.2889641669269025 -0.3876570487574309 0.22576120879029338 0.853615925116419 1.238413171827999
-1.537061648586906 -0.9716774266109547 -0.4978990976106803 -0.02228340112951832 0.40739810832945667 0.9297354350389009 0.8927256043524525 0.7042641970271357 0.6554427182492679 0.9355100185502616 0.9562460229774206 0.8008572303080781 0.8819638805358259 0.664104593516309 0.7247377203855963 0.48745483428241165 0.35253956497153016 0.5811605758076737 0.7179132125994427 0.8097815866438172 0.9326227267945812 0.40923547581034425 -0.3543219530327577 -0.7997523266136253 -0.9372924066114892 -0.9031698676807212 -0.6971222287526242 -0.6464633824938688 -0.8162886339416127 -0.5233597612744068 -0.07031743670129131 0.31552973428508224 0.47380581871010463 0.6572800857301555 0.7638473996216302 0.9376098670998472 0.9425970074051131 0.6525554264935876 -0.0007599534962645649 -0.3467100020405094 0.08218406421237079 0.744161319469264 1.3575795770169878
