static/data/ASCData/20210125/ASCU/12.asc
ncols 97
nrows 97
xllcorner 99.0
yllcorner 2.0
cellsize 0.25
NODATA_value -32767
[rows 38 to 56 of 97, columns 0 to 42 of 97]
0.1866621680733611 -0.9198387432041633 0.5743667793236091 -0.5203285936182676 -1.8806485791122172 -1.5584110440869248 -0.2898522883836909 0.9824627749717938 1.853657842604704 1.5802523070586818 -0.42266459465972783 -1.5447273519251512 -1.6501722738776408 -1.62387812031188 -0.9235950508564148 -0.17179690502721412 -0.36417351836038225 -0.6287249001546691 -0.34861167237248303 -0.3504898261986087 -0.9539138197638737 -1.3534239693497694 -1.1766092020045005 -0.38161351817440714 -0.007592599085932683 -1.501798121613705 -3.980424556720827 -4.623826396013626 -4.258659630676887 -3.6659679446894837 -3.094472566168357 -2.373798112314955 -1.9549698090889085 -1.4862362756258058 -2.015607346903826 -3.3622436402360023 -4.517576550992796 -3.9852540951308644 -3.6911888674974582 -3.732239943982779 -3.5945980992967046 -3.467688562188492 -3.5672307149731575
-0.25282582724006897 -0.8602744361470318 0.738302777575444 -0.3504898261986087 -1.5946325821622074 -1.0319913573928163 0.3731360122387053 1.6046683067983163 2.1855544544500725 1.925832611065823 0.7863298539863743 -0.3035359805454645 -1.4647716604700827 -1.4636984297122966 -1.119996279531281 -0.5184504397921419 -0.7097538223675237 -0.878787666718843 -0.4685452095550855 -0.09747567505052324 -0.7556344372628818 -1.3738153537477062 -1.3445698155980335 -0.8162719750777994 -0.4647889019028342 -0.9431815121860121 -2.8446781072936296 -4.186484862215768 -3.5742067148987675 -2.6882547243462978 -2.1492245762482023 -1.67271011979115 -1.7840578109114635 -1.4899925832780574 -0.7703913601824415 -1.5769242746587357 -2.326039343593471 -2.6493501093765497 -2.7185734932537566 -3.168793796145048 -3.1162054890135265 -3.1317673350014257 -3.2468713337739907
-0.13959998229362958 -0.9938916654914078 0.2051753986451721 -0.831028897997359 -1.1884147403401482 -0.6064553619306063 0.9816578519034542 2.0538153789318216 2.542135373724522 2.416030759684648 1.4267803086952617 0.5606830871618356 -0.6434818230742287 -1.6804910427850996 -1.3544972001075555 -1.194317509507972 -1.3249833542684362 -1.1980738171602237 -0.7108270531253098 -0.08862152129878753 -0.7870264369281268 -1.3630830461698447 -1.6013402743983707 -1.0818965876298725 -0.5047667476303683 -0.7800504370025167 -1.3485944309397315 -2.5790534947415567 -2.2439371906228303 -1.6609045814555023 -1.1913661249240601 -1.501798121613705 -1.6219999664857543 -1.530238736695038 -0.8806658205449687 -1.074115664635923 -1.4481365837243974 -1.6649291967972004 -2.4304110347881744 -2.8017488769821837 -2.4832676496091426 -2.49507318794479 -2.88653410684729
0.3527446278407682 -1.2136356631481229 -0.513620901382104 -1.2927864315348516 -1.6394399662997792 -0.002763060675894824 1.5840086147109331 1.9883483027068665 2.2853649149241844 2.676020910758344 1.8702929193503892 0.9805846211456681 -0.443324286747111 -1.4891876602097178 -2.0985144229428063 -1.9394079631010093 -1.7636664265135265 -1.4773821218740701 -0.7918559753381644 0.020579708305954014 -0.6960701302057501 -1.52621412135334 -1.7585685804140423 -1.3915236612511779 -0.8143938212516737 -0.09371936739827147 -0.1200135209640325 -1.0067704345848416 -1.4411605837987873 -1.0126732037526656 -0.6190658233345938 -0.9442547429437982 -2.1384922686703405 -2.0545119618735743 -1.0955802797916459 -1.1532664330226516 -1.3679125845798823 -1.3172024312744866 -2.227302113877145 -2.60051810989728 -2.2790854979403266 -2.103343961352844 -2.4958781110131296
0.5244615490865527 -1.3279347388523481 -1.62387812031188 -2.091806730706643 -1.0615052032319356 0.5773181639075209 1.6309624603640773 1.9435409185692945 1.7814830741435856 2.5625267581224587 2.142625224138626 1.1222510811734403 -0.35236798002473435 -1.7341525806744074 -2.3437476510969426 -2.3153070360156094 -2.1210522688563156 -1.6171704280757164 -0.7674399755985295 0.06458216937518602 -0.5332073627117015 -1.5066276600237427 -1.8210842720550857 -1.452966122134435 -0.6982165917213226 0.0597526309651486 0.5451212411739363 -0.20694521234471086 -1.1248258179413186 -0.7878313599964664 -0.28314459614752785 -0.736316283622731 -1.9316270401070597 -2.3641390354948797 -1.2683704317952167 -0.9890621270813702 -1.1562178176065636 -1.0515778187224136 -1.7067851963508605 -2.0789279616132093 -1.9589944244306063 -1.7829845801536774 -2.1698842683355855
0.022457862132079676 -1.4033291995868256 -1.9002350404418147 -1.7263716576804577 -0.6571655152360021 0.6672012398721114 1.6017169222144045 1.8370227658590186 1.6113759990344803 2.2021895311957578 2.0186670716143253 0.857431391689707 0.13595201476796515 -1.3212270466161846 -2.2546694982006916 -2.2957205746860123 -2.2439371906228303 -1.7752036571597278 -0.9831593579135463 -0.27133905781187995 -0.7567076680206679 -1.4422338145565736 -1.8484516563786326 -1.4881144294519315 -0.659043669062128 0.37501416606483096 0.8829206221871284 0.1496357069297387 -0.7830018215864287 -0.4344701329953753 0.28539939778968737 -0.15033228987149094 -1.291981508466512 -1.8621353485404062 -1.4226473532269763 -1.0623101263002752 -1.0789452030459605 -0.6394572077325307 -1.0389673573184264 -1.2380516628877578 -1.3005673545288012 -1.4363310453887497 -1.8006928876571489
-1.0515778187224136 -1.7937168877315388 -2.2927691901021 -1.839597502626897 -0.5624529008613743 0.6398338555485643 1.2843089255991496 1.6623544600293223 1.4807101542740155 1.7559938436461642 1.162228926900975 0.5488775488261881 0.33020678192725894 -0.2957550575515149 -1.2498572012234055 -1.6863938119529234 -1.6649291967972004 -1.7470313497678411 -1.3190805851006124 -0.8181501289039252 -1.121069510289067 -1.5380196596889877 -1.7285181191960302 -1.3426916617719078 -0.2195556737486979 1.061613543358523 1.493320615678003 0.591806779137634 0.0938277075248588 0.5743667793236091 0.6621033937726271 0.3830633967482271 -0.488131670884683 -1.6013402743983707 -1.795863349247111 -1.5632405824969624 -1.2487839704656194 -0.735243052864945 -1.0234055113305272 -1.1951224325763117 -1.452966122134435 -1.5632405824969624 -1.5243359675272143
-1.1854633557562362 -2.0985144229428063 -2.4304110347881744 -1.28205412395699 -0.27911998080582956 0.1308541686684812 0.5303643182543767 1.1192996965895285 1.1992553880445969 0.7208627777614192 -0.09747567505052324 -0.1943347509407234 0.5196320106765153 0.5059483185147418 -0.4218596715913878 -1.2713218163791287 -1.3290079696101342 -1.2136356631481229 -0.9842325886713326 -0.8632258207309436 -1.2010252017441354 -1.557606121018585 -1.6190485819018423 -1.043796895728464 0.11153601502833022 1.196304003460685 1.5206880000015501 1.3838510783838154 1.900611688257848 1.8595606117725283 1.7042104595829826 1.3556787709919287 0.0686067847168843 -1.4129882764069008 -1.703028888698609 -1.7507876574200927 -2.0526338080474487 -1.7322744268482815 -1.2050498170858337 -1.0293082804983509 -1.3759618152632787 -1.4862362756258058 -1.3064701236966252
-1.2380516628877578 -2.064439346383096 -1.8055224260671865 -0.6024307465889083 -0.24316675041999325 -0.41890828700747607 0.10858463044441846 1.245136002939955 1.721918767086454 1.1740344652366224 0.3653550892447557 -0.21365290458087438 -0.37597905669603016 -0.12779444395798212 -0.2772418269797039 -0.8954227434645283 -1.1570227406749032 -1.049699664896288 -0.8991790511167799 -1.0126732037526656 -0.9890621270813702 -1.172852894352249 -1.3426916617719078 -0.9091064356263017 -0.04864367557125293 0.2880824746841526 0.6621033937726271 1.773433843460189 1.5362498459894494 2.145576608722538 2.1485279933064496 1.7618966128139877 0.9913169287235299 -0.18843198177289944 -1.3630830461698447 -1.86803811770823 -3.0185414900549867 -2.422630111794225 -1.704102119456395 -1.1784873558306264 -1.4325747377364981 -1.5887298129943834 -1.3993045842451275
-1.5398978135151136 -2.2195211908831953 -1.5761193515903962 -0.7693181294246552 -0.8447125901591326 -0.8192233596617113 0.260983398050052 1.436707693204783 2.26094891518455 2.1026473784110915 1.3253600020844702 1.1836935420566976 0.39567385815221456 -0.020471368179366678 -0.34458705703078474 -1.1229476641151928 -1.38669412284114 -1.795863349247111 -1.7929119646631992 -1.5243359675272143 -1.5439224288568116 -1.7929119646631992 -1.917943347945286 -1.3464479694241593 -0.5624529008613743 -0.46961844031287203 -0.29763321137764054 1.7149427671608435 1.7627015358823273 1.9424676878115084 2.2813402995824865 1.9102707650779238 0.9572418521638193 -0.16991875120108846 -1.0271618189827787 -2.427727957893709 -3.3437304096641913 -2.381847342998351 -1.941286116927135 -1.48435812179968 -1.215782124663695 -1.1921710479923997 -1.2538818165651036
-1.8065956568249728 -2.378895958414439 -1.7108098116925585 -1.0534559725485393 -0.9853058194291187 -0.5087913629720666 0.5647077025035339 1.2813575410152378 1.8965870729161503 2.0996959938271798 2.0108861486203753 2.146649839480324 1.8947089190900246 1.2617710796856403 -0.33492798021070946 -1.4891876602097178 -1.7684959649235643 -1.790765503147627 -2.2675482672941256 -1.5195064291171765 -1.6257562741380058 -1.6786128889589738 -1.8261821181545699 -1.3005673545288012 -0.5691605930975374 -0.5750633622653614 -0.5428664395317768 0.7900861616386261 1.494393846435789 1.9738596874767533 2.410396298206271 2.142625224138626 0.4345784731219626 -1.1521932022648655 -3.0263224130489363 -4.029256556200097 -4.3611531680454645 -3.1894534882324317 -2.6960356473402474 -1.6882719657790493 -1.2283925860676825 -0.7186079761192594 -0.7811236677603028
-1.138509510103092 -2.018558731487738 -1.456990737476133 -0.9882572040130306 -1.0115999729948795 -0.5281095166122172 0.6916172396117464 1.5059310770819905 1.9794941489551303 2.1340393780763365 2.0460344559378725 2.4052984521067873 2.1699926084621732 1.4337563086208713 -0.15703998210765446 -1.4822116602841078 -1.744884888252269 -1.745958119010055 -2.2176430370570697 -1.3759618152632787 -1.5476787365090632 -1.4969685832036674 -1.117044894947369 -0.5984061312472102 -0.3515630569563948 -0.3797353643482815 -0.9560602812794459 -0.2820713653897413 0.890701545181078 1.6797944598433472 2.1015741476533054 1.5373230767472355 -0.1943347509407234 -2.8994128759407234 -4.570164858124318 -4.884621470155661 -4.980407315288075 -3.9305193264837706 -3.148402411747111 -2.1991298064852582 -1.0877993567976962 -0.5662092085136257 -0.5087913629720666
-0.08084059830483792 -1.5672651978386605 -1.2010252017441354 -0.8610793592153714 -0.9050818202846036 -0.6434818230742287 0.5821477023175587 1.8389009196851442 2.271681222762411 2.317561837657769 1.9805673797129164 1.9357599955753453 1.5998387683882789 0.8721883146092666 0.38789293515826495 -0.9099113586946415 -1.5683384285964466 -1.6386350432314396 -1.6922965811207473 -0.8084910520838497 -0.8388098209913086 -0.8425661286435602 -0.4706916710706581 -0.5790879776070597 -0.34351382627299865 -0.6161144387506818 -1.3748885845054923 -1.0915556644499478 0.3809169352326549 1.2628443104434264 1.339848617314583 0.7549378543211294 -1.4481365837243974 -4.134701478152587 -4.777298394377046 -4.923794392814855 -4.937478084976629 -4.127725478226976 -3.0359814898690116 -2.4022387273962877 -1.3035187391127132 -0.5546719778674247 -0.48625351705855735
0.5781230869758605 -1.315324277448361 -1.3201538158583985 -0.8095642828416361 -1.3319593541940462 -1.0692861262258853 0.5292910874965906 1.9279790725813952 2.180724916040034 2.2325083001032167 1.8136799968771702 1.041222158960586 0.8115507767943488 0.6768603166921867 0.19149170648339897 -0.48625351705855735 -1.2968110468765497 -1.3708639691637943 -1.1151667411212431 -0.189236904841239 0.4726781650233711 0.31544985900769973 0.02943386205768972 -0.07896244447871181 -0.399321825677879 -0.6823864380439768 -1.674588273617276 -1.4736258142218186 0.21885909080694566 1.144520619397503 1.0371975436188876 -0.8007101290899001 -3.006735951719339 -4.081039940263278 -4.493965474321501 -4.479476859091388 -4.625972857529199 -4.103309478487342 -2.6316418018730783 -2.2195211908831953 -1.7792282725014257 -1.0301132035666904 -0.3397575186207473
0.7589624696628277 -1.4266719685686744 -1.2664922779690908 -0.9461328967699241 -1.5224578137010885 -1.4277451993264605 0.1319273994262673 1.6290843065379517 1.7755803049757612 1.8584873810147422 1.505126154013651 0.9542904675799075 0.7267655469292427 0.6945686241956581 0.5048750877569557 -0.1640159820332645 -0.9853058194291187 -1.1784873558306264 -0.9050818202846036 -0.05266829091295122 0.9961464671335674 1.3449464634140673 0.8780910837770906 0.3605255508347178 -0.03495998340947981 -0.45781290197722413 -1.455917506718347 -1.38669412284114 0.8799692376032162 1.4297316932791735 0.7704997003090286 -1.2165870477320346 -3.3837082553917255 -4.203924862029793 -3.995986402708726 -3.8612959426065636 -4.4188393212764705 -4.486184551327551 -2.981246721221918 -2.2002030372430443 -1.7215421192704201 -0.8103692059099756 0.01870155447982791
0.9054584681006372 -1.1551445868487775 -1.6678805813811124 -1.333837508020172 -1.7966682723154508 -1.6678805813811124 -0.3397575186207473 0.9805846211456681 1.727553228564831 1.898465226742276 1.91134399583571 1.7715556896340634 1.352727386408017 1.0879076969242836 0.9443630830703853 0.21778586004915956 -0.6335544385647067 -0.8133205904938876 -0.7762941293502652 -0.060449213906900834 0.9169956987468386 1.2765280026052 1.2070363110385465 0.8126240075521354 0.4160652425501512 -0.11706213638012031 -1.075188895393709 -1.075188895393709 1.3234818482583441 1.7111864595085922 1.0597353895323969 -1.352350738591983 -3.681529790677383 -4.30266209174612 -3.8103174816117216 -3.490226408102001 -4.1140417860652025 -4.34371316823144 -2.8476294918775418 -1.6904184272946217 -1.1277772025252306 -0.399321825677879 -0.001958137607555255
1.321335386742772 -0.5340122857800411 -1.2029033555702613 -1.38669412284114 -1.9316270401070597 -1.751860888177879 -0.4422510559893249 1.010903390053127 2.275437530414662 3.205123674346918 3.8691852057271006 3.868380282658761 2.765635679033488 1.683819075185045 1.0841513892720318 0.6076369328149798 -0.10337844421834674 -0.44520244057323666 -0.2128479815125348 0.14668432234582696 0.5888553945537223 0.8780910837770906 0.9424849292442596 0.9465095445859579 0.8185267767199589 0.23442093679484488 -0.7685132063563156 -1.1277772025252306 1.417121231875186 1.8710978424187288 1.6046683067983163 -0.875836282134931 -3.6160627144524273 -4.409180244456396 -3.5672307149731575 -2.9227556449225722 -2.1658596529938876 -2.0193636545560776 -1.5790707361743082 -1.458868891302259 -1.074115664635923 -0.8455175132274722 -0.7977587445059884
1.7001858442412838 -0.5232799782021793 -1.4577956605444728 -1.2528085858073175 -1.3630830461698447 -1.2342953552355063 -0.341635672446873 0.7785489309924247 1.8507064580207921 2.9639150615344803 3.760788899190699 4.343821508358028 4.186593202342355 2.8388836782523934 1.380094770731564 0.6242720095606651 0.11046278427054412 -0.5525255163518521 -0.13369721312580563 0.1397083224202169 0.5899286253115084 0.9658276982261085 1.0634916971846486 0.9258498524985743 0.6612984707042875 0.2051753986451721 -0.5077181322142801 -0.27536367315357824 0.9728036981517185 1.9454190723954201 1.6553784601037127 -0.13557536695193173 -2.255742728958478 -3.3230707175768077 -2.9890276442158674 -2.2568159597162643 -1.2128307400797833 -1.5476787365090632 -1.3475212001819454 -1.1229476641151928 -1.0778719722881744 -1.3231052004423105 -1.340813507945782
0.8448209302857199 -1.1433390485131298 -1.4111101225807752 -1.0293082804983509 -0.4677402864867459 -0.2761685962219178 0.05492309255511074 0.9465095445859579 1.5343716921633237 2.3693452217209505 2.9443286002048823 3.548020901459594 4.060756895991929 3.9102362822124213 2.7570498329711985 1.455220923776595 0.25025109047219063 -0.488131670884683 0.027555708231563614 0.31169355135544796 0.9913169287235299 0.9687790828100207 0.6280283172129169 0.5000455493469178 0.4504086267993084 0.09194955369873314 0.3175963205232719 0.8359667765339842 1.4503913853665567 1.879951996170465 1.892830765263899 0.8059163153159719 -0.9335224353659368 -1.8602571947142803 -1.9187482710136257 -1.4607470451283846 -0.5114744398665318 -1.0974584336177717 -1.169901509768337 -0.8728848975510191 -1.0800184338037466 -1.5173599676016043 -1.8310116565646077
