static/data/ASCData/20210125/ASCU/15.asc
ncols 97
nrows 97
xllcorner 99.0
yllcorner 2.0
cellsize 0.25
NODATA_value -32767
[rows 38 to 56 of 97, columns 43 to 85 of 97]
-4.485315397123247 -4.355486737921966 -4.472710672928947 -4.722536306459955 -5.056561497608881 -5.389578310822261 -5.669907376903472 -5.944186175371419 -6.191490864063567 -6.23333854838864 -6.332915869523602 -6.389637128397949 -6.366192341396552 -6.305689665263916 -6.366192341396552 -6.393418545656238 -6.645513029542219 -6.837861120747222 -6.837861120747222 -6.805593026809817 -7.067267101083465 -6.847692805618776 -6.494004244726744 -6.376024026268105 -6.295857980392363 -6.192247147515225 -6.118131369252747 -6.060401732442857 -5.95603461611406 -5.821164067235061 -5.497978938893233 -5.178575227809695 -4.864213406403876 -4.489348908865423 -3.9970083818361015 -3.3282017160865935 -2.643513097852269 -1.9129432835506957 -1.2910261918039803 -0.6123878411829193 -0.3388653261666299 -0.2879422404216614 0.12120710692528602
-4.203977953106492 -4.0635613255820004 -3.9844036576418027 -4.261707589916382 -4.632790670196545 -5.091854725352917 -5.350503665819934 -5.501004072699865 -5.701167092905334 -5.875868570238319 -6.048805386184101 -6.285017917585266 -6.3682090972676395 -6.422913600270897 -6.4443416314012065 -6.451148182466127 -6.467786418402602 -6.597615077603883 -6.588791770667873 -6.549717125665547 -6.721645563675786 -6.551733881536634 -6.223506863517087 -6.049813764119646 -6.007713985310687 -5.986285954180378 -5.906119908304636 -5.894523562045881 -5.784106178103821 -5.496970560957688 -5.345713870626101 -5.006898884283341 -4.55665813606298 -4.141458521102768 -3.5283647362920627 -2.8487180077354575 -2.1446181142419123 -1.4629546298142195 -0.9227161508465618 -0.43466123004330237 -0.2372712491605795 -0.3144121612296895 -0.039124984826198084
-4.028268097837963 -4.002806554965479 -3.8749946516352867 -4.082972600841221 -4.2226329449140545 -4.621950607389449 -4.863205028468332 -5.015470096735465 -5.122106063419235 -5.242103037748962 -5.390586688757805 -5.673688794161762 -5.858474050850186 -6.1279630541243 -6.188465730256935 -6.3974520573984135 -6.416863332657634 -6.375015648332561 -6.364175585525464 -6.374007270397017 -6.44913142659504 -6.253758201583405 -5.9930925052453 -5.852423783236922 -5.86326384604402 -5.836793925235991 -5.498987316828777 -5.44050139656723 -5.237313242555128 -4.857406855338955 -4.764636085268914 -4.493130326123712 -4.1033922540359855 -3.6660083244938084 -3.0536708231347602 -2.41511549545157 -1.723620326152324 -1.2050619727988607 -0.8329705145831525 -0.45508088323806684 -0.41499786030019603 -0.575077857567794 -0.1172742748308524
-3.88482633650684 -3.9433122567683876 -3.980370145899627 -4.18658343371836 -4.208011464848668 -4.212801260042501 -4.450274263863095 -4.499936877188634 -4.605312371452974 -4.533213349061583 -4.605312371452974 -4.823122005530461 -4.983454097281946 -5.271345997879736 -5.518398592087998 -5.729401675100563 -5.952001104371885 -5.9121701759179 -5.95981603337235 -5.9998990563102215 -6.0946865822513505 -5.9462029312425075 -5.737216604101029 -5.6444458340309875 -5.6502440071603655 -5.2118516996826445 -4.872028335404342 -4.644387016455301 -4.407166107118593 -4.090787529841687 -4.010621483965944 -3.7567623386927615 -3.535171287356984 -3.099552019202009 -2.6493112709816464 -2.0117643212340006 -1.481357527137896 -1.0273353616592442 -0.8584320574556368 -0.5176003152417903 -0.39054469536325565 -0.990277472528005 -0.5274320001133437
-3.5858422786180664 -3.833903250761872 -4.029276475773507 -4.247086109850994 -4.244060976044363 -4.176751748846806 -4.0683511207758345 -4.118013734101372 -4.076166049776299 -3.9970083818361015 -3.9307075325740883 -4.01843641296641 -4.049696128968272 -4.167928441910797 -4.459853854250763 -4.9569841764739175 -5.179583605745239 -5.277396265493 -5.339915697496723 -5.342688736819468 -5.492180765763855 -5.430669711695677 -5.338907319561179 -5.210843321747101 -4.833962068337559 -4.395569760859837 -4.054738018645991 -3.804660290631098 -3.6092870656194624 -3.461811792546164 -3.4121491792206253 -3.211986159015156 -3.005772871196424 -2.718637254050291 -2.267640222378271 -1.817399474157909 -1.322285907805842 -1.016495298852147 -0.9121281825233507 -0.5672629285673287 0.0019664160472165904 -0.774484594321605 -1.0752333135975807
-3.323159826408874 -3.6738232534942736 -3.963731909963152 -4.0635613255820004 -4.128853796908469 -4.188348095105561 -4.019444790901954 -3.653403600299509 -3.5185330514205093 -3.590884168295786 -3.521558185227141 -3.43256883241539 -3.281312142083801 -3.286101937277635 -3.625925301555937 -4.1512902059743215 -4.560439553321269 -4.68648679526426 -4.668840181392241 -4.621950607389449 -4.694301724264725 -4.685478417328715 -4.614135678388983 -4.376914769052275 -3.978605484512425 -3.6377737422985783 -3.340806440280893 -3.108375326138018 -2.933673848805033 -2.9823280841950277 -3.0214027291973546 -2.8789693458017753 -2.6367065467873476 -2.3846120629013665 -2.084871721560935 -1.6376561071472044 -1.3555623796787915 -1.1122912027288199 -1.0038905746578477 -0.7782660115798947 0.027427958919700846 -0.818349034517766 -1.4218632289408046
-2.977538289001194 -3.367276361088921 -3.766594023564315 -3.880792824764664 -3.9854120355773466 -4.014654995708121 -3.750964165563384 -3.3047569290851975 -3.001991453938134 -3.0655192638774014 -3.2245908832094554 -3.1512313883986347 -2.896363865189908 -2.5976319017850202 -2.9276235811917695 -3.453996863545698 -3.923900981509167 -4.221624566978511 -4.191373228912193 -4.001798177029935 -3.9412955008973 -3.9707905555119596 -3.9599504927048623 -3.7441576144984623 -3.4872733354186476 -3.189297655465418 -2.8935908258671623 -2.6404879640456373 -2.4872145178429608 -2.614270137721495 -2.710822325049826 -2.657126199982112 -2.3954521257084638 -2.2265488215048563 -1.9873111562970602 -1.7127802633452267 -1.5020292748165465 -1.2703544441253298 -1.1190977537937412 -1.0643932507904834 -0.44146778110822416 -0.9043132535228855 -1.2703544441253298
-2.71183070298537 -3.1444248373337134 -3.6004637586834534 -3.7128978984966006 -3.791047188501255 -3.5840776172308644 -3.2255992611449993 -2.857289220187581 -2.6561178220465678 -2.7675435839241715 -3.030226036133364 -2.9109853452552947 -2.4246950858392373 -2.082854965689847 -2.3553691027705925 -2.8398947007994484 -3.393494187413063 -3.8233152824386605 -3.8760030295708305 -3.6904614894307484 -3.5477760115512833 -3.6249169236203933 -3.6660083244938084 -3.574245932359311 -3.324168204344418 -2.964933564806895 -2.6747728138541307 -2.559565634718237 -2.4229304244520353 -2.4667948646481963 -2.4912480295851362 -2.4236867079036934 -2.2245320656337686 -2.1015099574974094 -1.9784878493610507 -1.804542655479724 -1.6328663119533706 -1.3661503480020027 -1.2088433900571505 -1.390603512938943 -1.4072417488754176 -1.2998494987399896 -1.4697611808791409
-2.575195492719168 -3.017621311939065 -3.4373586276092234 -3.591640451747444 -3.657185017557799 -3.3975276991552383 -3.032242792004452 -2.807626606862043 -2.71183070298537 -2.6268748619157942 -2.5928421065911866 -2.267640222378271 -1.8983218034853089 -1.7372334282821669 -1.9706729203605855 -2.3709989607715234 -2.9326654708694893 -3.4774416505470946 -3.7128978984966006 -3.6289504353625692 -3.4794584064181824 -3.5165162955494216 -3.5664310033588458 -3.5535741846806608 -3.309546724279031 -2.9843448400661154 -2.7821650639895585 -2.747123930729407 -2.618051554979785 -2.4637697308415643 -2.3379745833824597 -2.3301596543819945 -2.2754551513787367 -2.2265488215048563 -2.1572228384362115 -2.0087391874273686 -1.7725266560262043 -1.3427055610006065 -1.282202884867971 -1.791937931285425 -2.667966262789209 -3.364251227282289 -4.001041893578277
-2.4773828329714074 -2.8651041491880465 -3.2354309460165527 -3.468618343611085 -3.498869681677403 -3.2235825052739115 -2.831071393863439 -2.6493112709816464 -2.6904026718550615 -2.614270137721495 -2.324109386768731 -1.9373964484876358 -1.6991671612153838 -1.734460388959421 -1.9285731415516265 -2.212935719375013 -2.73250245066402 -3.333999889215971 -3.657185017557799 -3.7149146543676888 -3.564414247487758 -3.525339602485431 -3.512734878291132 -3.5311377756148086 -3.3982839826068965 -3.1270303179455805 -2.9276235811917695 -2.8086349847975867 -2.7138474588564576 -2.560574012653781 -2.374024094578155 -2.3026813556384225 -2.319319591574897 -2.513684438650989 -2.5157011945220766 -2.3183112136393533 -2.0107559432984563 -1.4072417488754176 -1.4140482999403392 -2.200078900696828 -3.279295386212713 -3.887599375829586 -3.9130609187020697
-2.2499936085062524 -2.7403173796644857 -3.1171986330740276 -3.313328141537321 -3.309546724279031 -3.055687579005848 -2.678806325596306 -2.5946067679783886 -2.6523364047882785 -2.46780324258374 -2.110333264433419 -1.8085761672218996 -1.7314352551527894 -1.7470651131537203 -1.8476508122242266 -2.1123500203045067 -2.5918337286556428 -3.2109777810796123 -3.6786130486881072 -3.793063944372343 -3.6639915686227207 -3.53416290942144 -3.524331224549887 -3.5712207985526794 -3.4764332726115503 -3.325176582279962 -3.1287949793327825 -3.0234194850684424 -2.94829532887042 -2.8103996461847887 -2.613261759785951 -2.5293142966519193 -2.6523364047882785 -2.872162794736854 -2.9805634228078257 -2.7831734419251024 -2.2948664266379573 -1.6777391300850752 -1.655302721019223 -2.684604498725684 -3.6065140262967166 -4.210784504171413 -4.391536249117662
-2.0712586194310916 -2.7040157739849047 -3.0203943512618108 -3.1688780022706537 -3.041066098940461 -2.8086349847975867 -2.6258664839802504 -2.5449441546528506 -2.537129225652385 -2.3281428985109067 -1.9676477865539537 -1.7841230022849595 -1.8116013010285312 -1.7939546871565126 -1.8368107494171295 -2.0127726991695445 -2.5000713365211458 -3.3037485511496536 -3.7411324806918307 -3.8389451404395913 -3.738359441369085 -3.588867412424698 -3.590884168295786 -3.6307150967497708 -3.671806497623186 -3.522314468678799 -3.3319831333448833 -3.2205573714672795 -3.205935891401893 -3.2324058122099206 -3.161063073270188 -3.055687579005848 -3.1270303179455805 -3.16408820707682 -3.271480457212248 -3.21677595420899 -2.7567035211170743 -2.149407909435746 -1.9315982753582583 -2.857289220187581 -3.685419599753029 -4.440442578991542 -5.356301838949312
-2.0614269345595386 -2.776366890860181 -2.9014057548676275 -2.990143013195493 -2.8252732207340614 -2.6248581060447065 -2.445366833517888 -2.5058695096505232 -2.499062958585602 -2.297891560444589 -1.9668915031022958 -1.8408442611593052 -1.8612639143540697 -1.8037863720280658 -1.7314352551527894 -1.9121870000990377 -2.709813947114282 -3.5137432562266757 -3.793063944372343 -3.857348037763268 -3.8084417078893877 -3.6307150967497708 -3.617101994619928 -3.6133205773616384 -3.656176639622255 -3.6768483873009057 -3.4892900912897353 -3.3319831333448833 -3.298706661471934 -3.527356358356519 -3.752980921434472 -3.694242906689038 -3.6884447335596606 -3.7197044495615224 -3.6133205773616384 -3.5555909405517485 -3.280303764148257 -2.772333379118005 -2.292849670766869 -2.76451845011754 -3.526347980420975 -4.373133351793985 -5.256724517814349
-1.7500902469603519 -2.7567035211170743 -2.78897161505448 -2.7977949219904894 -2.5731787368480803 -2.388645574643542 -2.3427643785762937 -2.403267054708929 -2.5459525325883945 -2.3604109924483123 -2.188482554438073 -2.0604185566239948 -1.9668915031022958 -1.7821062464138715 -1.7274017434106137 -2.2910850093796675 -3.0887119563949117 -3.6367653643630344 -3.880792824764664 -3.893649643442849 -3.8505414866983463 -3.625925301555937 -3.497105020290201 -3.48525657954756 -3.5596244522939244 -3.5810524834242328 -3.519541429356053 -3.3544195424107355 -3.326184960215506 -3.5820608613597766 -4.01843641296641 -4.23927118085053 -4.2226329449140545 -4.049696128968272 -3.9423038788328437 -3.8114668416960193 -3.5528179012290027 -3.233414190145465 -2.6767895697252184 -2.8086349847975867 -3.0791323660072445 -3.8651629667637333 -3.6748316314298175
-1.3457306948072383 -2.589816972784555 -2.695192467048895 -2.525280784909744 -2.2880598755730355 -2.160247972242843 -2.1133583982400506 -2.291841292831325 -2.460996691518819 -2.5459525325883945 -2.4922564075206806 -2.4393165659046243 -2.2225153097626804 -1.9951260852975257 -2.20310403450346 -2.83787794492836 -3.456013619416786 -3.9246572649608247 -3.975580350705793 -3.954152319575485 -3.7870136767590794 -3.5018948154840346 -3.3153448974084085 -3.2538338433402294 -3.321143070537786 -3.43256883241539 -3.400300738477984 -3.3662679831533766 -3.400300738477984 -3.5419778384219054 -4.048687751032728 -4.363301666922432 -4.380948280794451 -4.199188157912658 -3.9677654217053275 -3.7938202278240007 -3.6541598837511673 -3.3798810852832197 -2.8643478657363883 -2.7410736631161434 -2.734267112051222 -2.6326730350451717 -2.5439357767173063
-1.1405257849240495 -2.438560282452966 -2.5449441546528506 -2.256800159571174 -1.9794962272965948 -1.9013469372919405 -2.01554573849229 -2.245203813312419 -2.512676060715445 -2.6404879640456373 -2.73250245066402 -2.7430904189872316 -2.5693973195897906 -2.619059932915329 -2.894599203802706 -3.4383670055447673 -3.9208758477025354 -4.061544569710913 -4.071376254582466 -3.933480571896834 -3.5986990972962514 -3.295933622149188 -3.071317437006779 -2.9959411863248704 -3.0478726500053828 -3.19232278927205 -3.2997150394074777 -3.3173616532794963 -3.4512238242229523 -3.46080341461062 -3.8359200066329597 -4.091795907777231 -4.131878930715102 -3.9990251377071893 -3.7557539607572177 -3.5535741846806608 -3.4247539034149246 -3.174676175400031 -2.6941840891133513 -2.25579178163563 -1.6658906893424343 -1.1561556429249804 -0.8281807193893189
-1.0331335347886217 -2.3223447253815293 -2.3319243157691965 -1.9590765741018303 -1.7294184992817014 -1.7011839170864715 -1.8710955992256229 -2.190499310309161 -2.5146928165865328 -2.710822325049826 -2.794769788183858 -2.910229061803637 -2.852499424993747 -3.0264446188750744 -3.3730745342182984 -3.7852490153718774 -4.040116538580604 -4.10061921471324 -4.055746396581535 -3.8661713446992776 -3.4492070683518645 -3.1308117352038702 -2.9024141328031714 -2.802584717184323 -2.8202313310563416 -2.920817030126848 -3.040057721004917 -3.121988428267861 -3.2225741273383677 -3.230389056338833 -3.4502154462874084 -3.5399610825508177 -3.4403837614158554 -3.311563480150119 -3.217784332144534 -3.1171986330740276 -2.959891675129175 -2.6757811917896746 -2.230330238763146 -1.3797634501318456 -0.5087770083057808 0.4179223144590858 0.968748761749954
-0.9413711426541247 -2.1738610743726863 -2.1708359405660542 -1.7518549083475539 -1.5955563283382455 -1.6757223742139875 -1.9043720710985723 -2.25201036437734 -2.588808594849011 -2.787963237118936 -2.8270378821212634 -3.0655192638774014 -3.1865246161426724 -3.324168204344418 -3.5926488296829877 -3.8311302114391257 -3.949110429897765 -4.004823310836567 -3.9443206347039315 -3.7441576144984623 -3.468618343611085 -3.1182070110095714 -2.8124164020558764 -2.6523364047882785 -2.6356981688518033 -2.673764435918587 -2.738300623793398 -2.7597286549237063 -2.7158642147275454 -2.695192467048895 -2.6455298537233567 -2.5996486576561084 -2.551750705717772 -2.5184742338448225 -2.5272975407808316 -2.479399588842495 -2.323101008833187 -2.0488222103652394 -1.5302638570117764 -0.8740619154565676 -0.07719125189298115 0.5868256186626928 0.8389201025486739
-1.3154793567409204 -2.082854965689847 -1.9815129831676825 -1.6913522322149184 -1.589758155208868 -1.7314352551527894 -2.136803185241447 -2.4773828329714074 -2.6241018225930484 -2.748132308664951 -3.0791323660072445 -3.40811566747845 -3.5185330514205093 -3.524331224549887 -3.6249169236203933 -3.5810524834242328 -3.6619748127516325 -3.7958369836950885 -3.791047188501255 -3.6776046707525634 -3.470635099482173 -3.138626664204336 -2.829054637992351 -2.617043177044241 -2.513684438650989 -2.5038527537794355 -2.4375519045174223 -2.3856204408369104 -2.1942807275674507 -2.033192352364309 -1.828995820416664 -1.774291317413406 -1.7558884200897296 -1.7705099001551163 -1.7851313802205033 -1.791937931285425 -1.6923606101504622 -1.682528925278909 -1.3134626008698327 -0.8642302305850142 -0.46970236330345383 -0.41499786030019603 -1.040948463789087
