static/data/ASCData/20210125/ASCU/21.asc
ncols 97
nrows 97
xllcorner 99.0
yllcorner 2.0
cellsize 0.25
NODATA_value -32767
[rows 19 to 37 of 97, columns 0 to 42 of 97]
-1.1173453971379999 -0.9707227032280614 -0.44136344911181435 0.42185813390742766 0.6035185187517045 0.6894389710429167 0.7880801136733471 -0.7754489480207611 -0.1211144905718422 0.5488418672936608 -0.18561062229173908 -0.34964057666587145 0.4120386536455749 0.1062957454924307 -0.39561359789181827 -1.0664626357811262 -1.6045255201294697 -1.7060678728372658 -1.3097179422679344 -0.9336764822401622 -1.0430297851562502 -0.989245813722011 -0.6797090154676964 -0.7716550579195907 -1.077174796066784 -1.408359084898365 -1.5215062779156234 -1.3007911420298863 -1.0283005647634709 -1.0548577954716638 -1.1876439490126278 -1.4824515268741634 -1.5429305984869386 -0.8584681902346076 -1.4014408147138777 -1.4561174661719216 -1.712986143021753 -2.228508856769025 -2.5741991959874344 -2.7246157799985435 -2.8730238339560916 -2.942429705806915 -2.8975725346107235
-0.7120686663306204 -0.8593608702584123 -0.18561062229173908 0.46760798512742374 0.48523841559756864 0.4959505758832261 0.46381409502625326 -1.327125202732128 -0.45519998948078877 0.4765347853654718 -0.07045489922091974 -0.37887584744547853 0.12883591609350198 0.34464131184831226 0.08598727495087166 -1.1827342088817014 -2.0234156212998724 -2.0089095709130445 -1.4991892773205033 -1.257942500887256 -1.264637601065792 -0.9990652939838638 -0.8535584501036813 -0.8740900906511917 -1.0303090948170317 -0.9189472618473828 -1.1113198069773174 -1.3065935621846176 -1.3320349428630545 -1.310610622291739 -1.4277748754161192 -1.6446961212006859 -1.9140623183837844 -2.1133531336982063 -2.394547341196718 -2.231410066846391 -2.4327094122143738 -2.8730238339560916 -3.3155699557573213 -3.5507911420298863 -3.6983065159636297 -3.744279537189577 -3.616179953773588
-0.6669883251284778 -0.7392954070566669 0.010778982945316873 0.9599210182557711 -0.24430433385690487 -0.2530079640890017 -0.06844636916735913 -1.1523830880723382 -0.48242673020683524 0.6541781101026269 -0.6611859049737467 -0.6152128837477995 0.1835125675515461 0.4950578958594214 0.050726414010581866 -1.33493615294042 -2.201282116042979 -2.045063111877139 -1.3065935621846176 -1.1046247067987813 -1.1816183588519455 -1.168897668512727 -1.2110767996375038 -1.2237974899767223 -0.9053338914843596 -0.4317671388559128 -0.44627318924274073 -1.0733809059656134 -1.3057008821608127 -1.4043420247912433 -1.58600240963552 -2.1367859843230823 -2.607451526874163 -2.939528495729549 -2.9901880870804716 -3.0607098089610507 -3.7315588468503584 -4.270514411222507 -4.314478902394893 -4.25980225093685 -4.160268428282614 -4.051807805390331 -3.9277252820814637
0.09669943523652913 -0.3418296264575793 0.17190772724208347 1.0565536308326409 0.25492696945592996 -0.4306512888261569 -0.6730139152891601 -1.224690170000527 -0.5888788230455577 0.6639975903644797 -0.9180545818235781 -0.7158625564317909 0.1678906671349618 -0.18561062229173908 -0.7763416280445661 -1.2940960418513503 -2.0693886425258197 -1.9609280196335366 -1.1943390491911638 -1.0948052265369286 -1.0557504754954685 -1.2032658494292119 -1.3213227825773968 -1.1720220485960438 -1.1142210170546831 -0.6875199656759885 0.1062957454924307 -0.6562761648428204 -1.0332103048943975 -1.366179953773588 -1.79979927533677 -2.3331755895601383 -3.0138441077112987 -3.137703461014215 -3.202199592734112 -4.3280922727579165 -5.469830023204256 -6.046054978570256 -5.722681639946966 -5.244205147187593 -4.4541833261203445 -4.298857001978309 -4.106484456848375
0.822225124583881 0.05764468419506885 0.473633575288106 0.9179650571369455 0.11522254573047874 -0.6777004854141353 -0.9209557919009437 -1.3222154626012015 -0.7158625564317909 0.41493986372294067 -0.9160460517700173 -0.5596435522659506 0.15628582682549963 -0.19922399265476232 -0.7433124671637883 -1.2597278609348654 -2.009802250936849 -1.980566980157242 -1.179832998804336 -1.2568266508575 -1.153275768096143 -0.9834433935672797 -1.10060764669166 -1.3242239926547623 -1.2675388111431576 -0.7950879085444669 0.16208824698023072 -0.3233065159636297 -0.9941555538529374 -1.5449391285404994 -2.344780429869601 -2.877933574087018 -2.7558595808317112 -2.8799421041405786 -3.7226320466123104 -5.203141866092572 -6.68275900554903 -7.377933574087018 -7.010818914297294 -5.878900644112806 -5.086870292991997 -4.30086553203187 -4.108492986901935
1.0224086199221074 0.16878334715876653 0.6347623195848726 0.9793368087735259 -0.10459991013145364 -0.8984156212998724 -0.32620772604099546 -0.6435554745036018 -0.9562166528412333 -0.06264394901262804 -0.7627282576815428 -0.2217641632558336 0.2850549202593422 -0.33201014619572655 -0.8769913007285572 -0.9658129630971348 -1.7118702929919971 -2.12897503411479 -1.2139780097148696 -1.350558053357004 -1.3155203624226657 -1.043922465180055 -0.5665618224504376 -0.7890623183837844 -1.1338599775783886 -0.6710053852355995 0.029302093439266486 -0.25590917416636705 -1.2744570813276448 -2.2452466072153654 -2.8964566845809676 -2.6386953277073313 -2.516621334452025 -2.909177374920186 -3.8819754308614676 -5.4111363116390905 -6.77046481788785 -7.4901880870804725 -7.379942104140579 -6.174824072004098 -5.07437277265873 -4.2861363116390905 -3.5449887218751552
1.1531862434095106 -0.27934202479124304 0.4334629742168903 0.8115129642982231 -0.25390064411280644 -0.9785336534363533 -0.3349113562730919 0.061438574296239334 -1.162202568334191 -0.517687591147125 0.2323867988548587 0.12102496588520983 -0.4317671388559128 -0.7823672182052483 -0.6406542644262361 -0.6875199656759885 -1.3019069920596424 -2.0147119910677755 -1.3007911420298863 -1.3487726933093944 -1.3916213344520247 -1.0548577954716638 -0.4726072499449825 -0.39650627791562343 -0.7479990372887635 -0.48934500039132267 0.03421183357019286 -0.322413835939825 -1.814528495729549 -2.682659818879718 -2.823256922628974 -2.572413835939825 -2.3233561092982855 -2.703191459427228 -3.459068269583943 -4.935561028957084 -5.781375351512132 -6.153399751432783 -6.290202965080868 -5.8175288924762265 -4.576257319375651 -3.3222650559358575 -2.3644193903933064
0.9842465489044523 -0.4482817192963018 0.38369606288977254 0.9746502386485507 -0.11821328049447688 -0.9521995927341118 -0.5460301819029274 -0.20703494286305446 -0.8214219692467084 -0.19052036242266546 0.49996763599034777 -0.8379365496870972 -1.052849265418103 -0.7705392078898348 -0.5616520823195112 -0.6904211757533538 -1.0664626357811262 -1.2374108603397456 -1.2119694796613087 -1.177824468750775 -1.3956383945591464 -1.2148706897386743 -0.7734404179672003 -0.5937885631764841 -0.6103031436168731 -0.2472055439342702 0.11120548562335708 -0.23738606367241744 -1.964945079740658 -2.968763766509156 -3.0772243894014397 -2.7413535304448833 -2.3818266508575 -2.219805226536929 -2.714796299736691 -3.367345397138 -3.89358027117093 -4.1484404179672 -4.408210304894397 -4.0352932249499425 -3.1640375217164567 -2.152407884739666 -1.7118702929919971
0.06835684448072676 -0.18471794226793437 0.8242336546374416 0.95411859810104 0.05563615414150824 -0.9189472618473828 -0.9921470237993766 -0.5460301819029274 -1.1124356570070735 0.4658226250798143 0.7733508932805679 -0.6777004854141353 -1.0557504754954685 -0.7413039371102275 -0.7725477379433956 -1.1552842981497038 -1.218887749845796 -0.9999579740076685 -0.45810119955815454 -1.129842917471267 -1.1436794578402414 -1.1035088567690254 -0.8906046710915805 -0.705150396146133 -0.5518326020576585 -0.2159617431011025 0.0009595026834641196 -0.7569258375268115 -2.42088140189896 -3.2959309952336158 -3.248172613960059 -2.735327940284201 -2.199273585989418 -1.879024627449446 -1.752040894063213 -1.6621033816648794 -1.8917453177886645 -2.0196217311987024 -2.192355315804931 -1.7149946730753138 -1.2978899319525208 -1.1680049884889223 -1.0499480553407374
-0.6933223858307196 -0.03430135825682523 0.829143394768368 0.8612798756253408 0.2908573404140733 -0.30857729557085056 -0.35856737690391904 -0.1456631912264741 -1.3135118323691048 -0.14856440130383985 0.6414574197634089 -0.4444878291951313 -0.41793059848693836 -0.22868243344032058 -0.34964057666587145 -0.6406542644262361 -0.6339591642477003 0.14066392640891534 0.5867807683053647 -1.1934463691673591 -1.2237974899767223 -1.0430297851562502 -0.9961640839064982 -0.9229643219545045 -0.6710053852355995 -0.47461577999854354 -0.6464566845809676 -1.5547586088023522 -3.1738570019783094 -3.741378327112211 -3.435635418959067 -2.8116520823195117 -2.0780922727579165 -1.524407487992989 -0.9952714038826933 -0.508760790909077 -0.2226568432796383 -0.27353960463651195 -0.9171619017997732 -1.076282116042979 -0.9640276030495254 -1.0878869563524414 -0.8506572400263157
-0.9405947524246492 -0.15347414143476623 0.42185813390742766 0.43837271434781666 0.06054589427243462 -0.3614685869812848 -0.20815079289281035 -0.1407534510955477 -1.7228056232836058 -0.950191062680551 0.4472995145858647 0.04380814382609444 0.15137608669457325 -0.1367363909884265 -0.6788163354438916 -1.3496653733331991 -1.1905451590899934 0.27635129002724534 0.8427567651313912 -1.1367611876557542 -1.5527500787487913 -1.508785587576405 -1.611443790313957 -1.461027206302848 -1.037227365001519 -0.9189472618473828 -0.5674545024742428 -0.9140375217164565 -2.9609528163008645 -4.018555474503602 -3.5909617431011025 -2.8750323640096522 -2.1602188349479583 -1.5371281783322073 -1.011785984323082 -0.2657286544282198 0.3455339918721174 0.5271943767163942 -0.18159356218461742 -0.5460301819029274 -0.6290494241167739 -0.627933574087018 -0.29206271513046156
-0.4630109396890809 0.464706775050058 0.5419235971091734 0.3035780307532918 -0.22957511346412574 -0.8613694003119732 -0.7413039371102275 -0.09098653976843041 -1.5576598188797177 -0.604500723462142 0.3290194114317284 -0.08786215968511346 0.5008603160141525 0.28416224023553704 -1.0401285750788847 -1.974764560002511 -1.808726075574818 -0.6739065953129653 -0.41703791846313365 -1.343862953178468 -1.6944630325278034 -1.6250571606769801 -1.719681243200289 -1.5547586088023522 -1.1700135185424831 -0.9921470237993766 -0.5107693209626376 0.05563615414150824 -1.5909121497664467 -3.1426132011451413 -3.7402624770824553 -3.114270610389339 -2.5244322846603167 -1.8692051471875932 -1.2559339708336952 -0.49626327057580966 0.17659429736705867 0.6064197288290702 0.32210114124724143 0.06054589427243462 -0.1552595014823761 -0.3114785056482159 0.011671662969121588
0.4832298855440076 0.9833538688806471 0.19712593791456934 -0.010868507631949242 -0.275548134690073 -0.9053338914843596 -1.1876439490126278 -0.8897119910677758 -1.0557504754954685 0.0029680327370251725 0.3749924326576757 -0.35164910671943206 0.2265843787001276 0.6776109607275029 -0.6455640045571629 -2.5293420247912435 -2.603657636772993 -1.85559177682457 -1.633760790909077 -1.7315092535157026 -1.6123364703377618 -1.5527500787487913 -1.3789006441128064 -1.2139780097148696 -1.375999434035441 -1.343862953178468 -0.7589343675803724 0.3330364715388501 -0.29005418507690095 -1.3565836435176863 -2.319339049191164 -3.5626191523453 -2.9823771368721794 -2.404366821458571 -1.7676627944797971 -1.0048677141385949 -0.27733349473768243 0.2567123295035394 0.46760798512742374 0.23729653898578507 -0.43265981887971794 -0.5986983033074105 -1.4717393665885057
1.070167001195664 1.2295103854448213 0.16989919718852287 -0.05773420888170122 -0.3204053058862639 -0.6777004854141353 -0.9609032229662084 -1.0977064366142941 -0.7558099874970556 0.2627379196642221 0.27724397005105006 -0.42975860880235217 -0.023589197971167764 0.417841073800306 -1.0224981446087398 -2.901366424711894 -3.4151037784115568 -2.823256922628974 -2.390753451095548 -1.6846435522659506 -1.5547586088023522 -1.5362354983084026 -1.3623860636724177 -1.2764656113812056 -1.4396028857315328 -1.949323179324074 -1.508785587576405 -0.3360272063028482 0.2274770587239323 -0.2568018541901722 -0.816512229115782 -2.0702813225496244 -3.7773086980703545 -3.210010542942404 -2.714796299736691 -1.998197410627387 -1.2316084401850143 -0.5966897732538499 -0.3849014376061608 -0.6730139152891601 -1.343862953178468 -2.16802978515625 -3.041070848437345
1.0253098299994732 1.3114137776289119 0.4539946147644005 0.3125048309913394 -0.11531207041711111 -0.4726072499449825 -0.8798925108059228 -1.1465806679176072 -0.5665618224504376 0.4247593439847934 0.3486583719554339 0.1239261759625756 0.43948856437757255 -0.9218484719247484 -2.3633035403635505 -3.1738570019783094 -3.6025665834105647 -3.4023830880723382 -2.9511333360390117 -2.091928813126891 -1.8877282576815428 -1.8819258375268118 -1.9600353396097316 -1.8741148873185196 -1.7714566845809676 -2.3320597395303824 -2.3135366290364328 -1.5616768789868394 -0.8301255994788053 0.03510451359399802 -0.25590917416636705 -0.8856949309606541 -2.594730836534945 -4.186602488984856 -3.767712387814453 -3.382967297554584 -2.7685802711709298 -2.1327689242159606 -1.965837759764463 -2.312643949012628 -2.6768573987249864 -3.5030327607563296 -4.002040894063213
0.9315784274999688 1.1219424425763425 0.8427567651313912 0.3691900125029446 -0.16998872187515524 -0.5703557125516081 -0.8535584501036813 -1.1465806679176072 -0.44047076908800964 0.49795910593678716 0.48635426562732453 0.7412144124235951 0.4296690841157198 -1.0381200450253238 -2.365312070417111 -2.971664976586522 -3.5733313126309576 -3.493213280494477 -3.444339049191164 -3.167161901799773 -2.750949840700785 -2.4581507928928104 -2.767687591147125 -2.9834929869019358 -2.816561822450438 -2.6007564266956273 -2.689578089064205 -2.659226968254842 -2.561478505648216 -1.1162295471082437 0.4111459736217702 -0.08406826958394298 -1.6973642426051692 -3.6875943556779722 -4.540103778411557 -4.381876244192156 -4.236369400311974 -3.826182929373667 -3.5351692416133025 -3.4229147286198485 -3.7021004060648 -3.945355712551608 -4.320281322549625
1.251827386039941 0.9833538688806471 0.8925236764585089 0.4472995145858647 -0.3438381565111399 -0.8095939589312948 -0.8946217311987021 -1.0742735859894181 -1.0166957244540085 -0.3672710071360159 0.3877131229968942 0.8095044342446625 0.5653564477340494 -0.3360272063028482 -1.7462384739084817 -2.727516990075909 -2.9736735066400826 -3.6835772955708506 -3.860327940284201 -3.7052247861481167 -3.595871483232029 -3.4101940382806304 -3.4159964584353615 -3.5898458930713466 -3.578241052761884 -3.2030922727579165 -2.879049424116774 -3.0517830087230027 -3.2910212551026894 -2.6679305984869384 -0.9287667421092356 -0.02827576809614296 -1.051733415388347 -2.706092669504594 -3.9678958831526794 -4.4706979065607335 -4.634727860934865 -4.472706436614295 -4.292161901799774 -3.9609776129681924 -3.7538758474454785 -3.856534050183031 -4.132818517550616
1.0976169119276618 1.273474876617208 0.8885066163513873 0.613114829007606 0.08888848502823699 -0.6065092535157026 -1.059544365596639 -1.0664626357811262 -0.8613694003119732 -0.41703791846313365 -1.005983564168351 0.11812375580784407 0.656186640156188 -0.08607679963750403 -1.5507415486952305 -2.570405305886264 -2.8183471824980475 -3.5420875117977895 -3.9063009615101483 -3.609484853595052 -3.695405305886264 -3.5527996720834474 -3.3702466072153654 -3.459068269583943 -3.5938629531784683 -3.3378869563524414 -2.9580516062234987 -2.869229943854921 -3.4581755895601383 -3.788244028361963 -2.8770408940632133 -1.3956383945591464 -0.8194134391931476 -1.6152376804151274 -2.8105362322897554 -3.411086718304435 -4.013645734372675 -4.3184959625020145 -4.16517816841354 -3.8203805092189365 -3.5597179422679344 -3.5342765615894978 -3.7451722172133817
0.775359423334129 1.3290442080990563 0.4481921946096694 0.7539351027628136 0.8505677153396833 0.021491143230974785 -0.9854519236208406 -0.8203061192169525 0.37990217278860205 -0.5683471824980475 -0.8145036990622212 0.0478252039332161 0.7137645016915974 -0.30857729557085056 -1.5703805092189362 -2.328265849429212 -3.347706436614294 -3.7784245481001104 -4.26560467109158 -4.100682036693644 -3.980616573491898 -3.7773086980703545 -3.4454548992209197 -3.256876244192156 -3.3086516855728343 -3.3398954864060024 -3.3555173868225863 -2.9823771368721794 -3.201306912710307 -3.732451526874163 -3.15533389148436 -1.7118702929919971 -1.3126191523453 -1.8564844568483747 -1.539136708385768 -1.7685554745036018 -2.446322782577397 -3.3390028063821973 -3.8163634491118144 -3.7491892773205033 -3.469780429869601 -3.420013518542483 -3.610377533618857
