static/data/salinity/2023/7/18/0.asc
ncols 137
nrows 93
xllcorner 108.0
yllcorner 17.0
cellsize 0.25
NODATA_value -32767
[rows 54 to 80 of 93, columns 0 to 60 of 137]
-32767.0 -32767.0 -32767.0 -32767.0 -32767.0 -32767.0 -32767.0 -32767.0 -32767.0 -32767.0 -32767.0 -32767.0 -32767.0 -32767.0 -32767.0 -32767.0 -32767.0 -32767.0 -32767.0 -32767.0 -32767.0 -32767.0 -32767.0 -32767.0 -32767.0 -32767.0 -32767.0 -32767.0 -32767.0 -32767.0 -32767.0 -32767.0 -32767.0 -32767.0 -32767.0 -32767.0 -32767.0 -32767.0 -32767.0 -32767.0 -32767.0 -32767.0 -32767.0 -32767.0 -32767.0 -32767.0 -32767.0 -32767.0 34.15219 34.020634 33.109272 32.61326 32.587845 32.992493 32.741222 32.820576 32.885574 33.684303 34.150326 34.130085 34.13366
-32767.0 -32767.0 -32767.0 -32767.0 -32767.0 -32767.0 -32767.0 -32767.0 -32767.0 -32767.0 -32767.0 -32767.0 -32767.0 -32767.0 -32767.0 -32767.0 -32767.0 -32767.0 -32767.0 -32767.0 -32767.0 -32767.0 -32767.0 -32767.0 -32767.0 -32767.0 -32767.0 -32767.0 -32767.0 -32767.0 -32767.0 -32767.0 -32767.0 -32767.0 -32767.0 -32767.0 -32767.0 -32767.0 -32767.0 -32767.0 -32767.0 -32767.0 -32767.0 -32767.0 -32767.0 -32767.0 -32767.0 33.269924 -32767.0 33.71461 32.76415 32.337475 32.6175 33.02315 32.762486 33.410496 33.582504 33.48103 33.742496 33.884 34.042637
-32767.0 -32767.0 -32767.0 -32767.0 -32767.0 -32767.0 -32767.0 -32767.0 -32767.0 -32767.0 -32767.0 -32767.0 -32767.0 -32767.0 -32767.0 -32767.0 -32767.0 -32767.0 -32767.0 -32767.0 -32767.0 -32767.0 -32767.0 -32767.0 -32767.0 -32767.0 -32767.0 -32767.0 -32767.0 -32767.0 -32767.0 -32767.0 -32767.0 -32767.0 -32767.0 -32767.0 -32767.0 -32767.0 -32767.0 -32767.0 -32767.0 -32767.0 -32767.0 -32767.0 -32767.0 -32767.0 -32767.0 33.264954 33.99717 33.732937 32.965855 32.32603 32.22212 32.694477 32.77825 33.081535 33.131214 33.60323 33.63668 33.95462 33.979126
-32767.0 -32767.0 -32767.0 -32767.0 -32767.0 -32767.0 -32767.0 -32767.0 -32767.0 -32767.0 -32767.0 -32767.0 -32767.0 -32767.0 -32767.0 -32767.0 -32767.0 -32767.0 -32767.0 -32767.0 -32767.0 -32767.0 -32767.0 -32767.0 -32767.0 -32767.0 -32767.0 -32767.0 -32767.0 -32767.0 -32767.0 -32767.0 -32767.0 -32767.0 -32767.0 -32767.0 -32767.0 -32767.0 -32767.0 -32767.0 -32767.0 -32767.0 -32767.0 -32767.0 -32767.0 -32767.0 -32767.0 33.704494 34.077045 33.72218 33.603054 32.59658 32.0688 32.119034 32.79872 33.294567 32.942097 33.334614 33.97284 33.995136 34.098156
-32767.0 -32767.0 -32767.0 -32767.0 -32767.0 -32767.0 -32767.0 -32767.0 -32767.0 -32767.0 -32767.0 -32767.0 -32767.0 -32767.0 -32767.0 -32767.0 -32767.0 -32767.0 -32767.0 -32767.0 -32767.0 -32767.0 -32767.0 -32767.0 -32767.0 -32767.0 -32767.0 -32767.0 -32767.0 -32767.0 -32767.0 -32767.0 -32767.0 -32767.0 -32767.0 -32767.0 -32767.0 -32767.0 -32767.0 -32767.0 -32767.0 -32767.0 -32767.0 -32767.0 -32767.0 31.357765 -32767.0 33.800083 33.819572 33.754784 33.267765 32.827766 32.102875 32.515514 32.53958 33.27617 32.901123 33.235687 33.96458 33.979416 34.232903
-32767.0 -32767.0 -32767.0 -32767.0 -32767.0 -32767.0 -32767.0 -32767.0 -32767.0 -32767.0 -32767.0 -32767.0 -32767.0 -32767.0 -32767.0 -32767.0 -32767.0 -32767.0 -32767.0 -32767.0 -32767.0 -32767.0 -32767.0 -32767.0 -32767.0 -32767.0 -32767.0 -32767.0 -32767.0 -32767.0 -32767.0 -32767.0 -32767.0 -32767.0 -32767.0 -32767.0 -32767.0 -32767.0 -32767.0 -32767.0 -32767.0 -32767.0 -32767.0 -32767.0 -32767.0 -32767.0 33.46977 33.85705 33.674965 32.83112 32.991035 31.811964 32.639797 32.657097 32.68945 32.72167 32.786816 32.923923 33.95196 33.984543 34.198036
-32767.0 -32767.0 -32767.0 -32767.0 -32767.0 -32767.0 -32767.0 -32767.0 -32767.0 -32767.0 -32767.0 -32767.0 -32767.0 -32767.0 -32767.0 -32767.0 -32767.0 -32767.0 -32767.0 -32767.0 -32767.0 -32767.0 -32767.0 -32767.0 -32767.0 -32767.0 -32767.0 -32767.0 -32767.0 -32767.0 -32767.0 -32767.0 -32767.0 -32767.0 -32767.0 -32767.0 -32767.0 -32767.0 -32767.0 -32767.0 -32767.0 -32767.0 -32767.0 -32767.0 33.122337 33.503735 33.63471 33.420055 32.48785 32.229645 31.836576 32.265697 -32767.0 -32767.0 -32767.0 -32767.0 32.635437 33.44022 34.081947 33.97184 34.25839
-32767.0 -32767.0 -32767.0 -32767.0 -32767.0 -32767.0 -32767.0 -32767.0 -32767.0 -32767.0 -32767.0 -32767.0 -32767.0 -32767.0 -32767.0 -32767.0 -32767.0 -32767.0 -32767.0 -32767.0 -32767.0 -32767.0 -32767.0 -32767.0 -32767.0 -32767.0 -32767.0 -32767.0 -32767.0 -32767.0 -32767.0 -32767.0 -32767.0 -32767.0 -32767.0 -32767.0 -32767.0 -32767.0 -32767.0 -32767.0 -32767.0 -32767.0 -32767.0 33.44115 33.502132 33.786327 32.644066 32.066635 31.940588 31.946918 32.247272 32.584656 -32767.0 -32767.0 -32767.0 -32767.0 32.79427 34.0372 34.167496 34.024334 34.31062
-32767.0 -32767.0 -32767.0 -32767.0 -32767.0 -32767.0 -32767.0 -32767.0 -32767.0 -32767.0 -32767.0 -32767.0 -32767.0 -32767.0 -32767.0 -32767.0 -32767.0 -32767.0 -32767.0 -32767.0 -32767.0 -32767.0 -32767.0 -32767.0 -32767.0 -32767.0 -32767.0 -32767.0 -32767.0 -32767.0 -32767.0 -32767.0 -32767.0 -32767.0 -32767.0 -32767.0 -32767.0 -32767.0 -32767.0 -32767.0 -32767.0 33.193684 33.20137 33.59505 33.753143 33.12995 31.932621 31.919031 32.198193 32.275505 32.447304 -32767.0 -32767.0 -32767.0 -32767.0 -32767.0 33.95093 34.1953 34.152252 34.118584 34.351677
-32767.0 -32767.0 -32767.0 -32767.0 -32767.0 -32767.0 -32767.0 -32767.0 -32767.0 -32767.0 -32767.0 -32767.0 -32767.0 -32767.0 -32767.0 -32767.0 -32767.0 -32767.0 -32767.0 -32767.0 -32767.0 -32767.0 -32767.0 -32767.0 -32767.0 -32767.0 -32767.0 -32767.0 -32767.0 -32767.0 -32767.0 -32767.0 -32767.0 -32767.0 -32767.0 -32767.0 -32767.0 -32767.0 -32767.0 -32767.0 -32767.0 33.550243 33.608067 33.686676 33.68701 32.93824 31.853561 31.8365 32.103924 32.438427 32.493683 -32767.0 -32767.0 -32767.0 -32767.0 33.735027 34.03676 34.18107 34.12436 34.162712 34.29436
-32767.0 -32767.0 -32767.0 -32767.0 -32767.0 -32767.0 -32767.0 -32767.0 -32767.0 -32767.0 -32767.0 -32767.0 -32767.0 -32767.0 -32767.0 -32767.0 -32767.0 -32767.0 -32767.0 -32767.0 -32767.0 -32767.0 -32767.0 -32767.0 -32767.0 -32767.0 -32767.0 -32767.0 -32767.0 -32767.0 -32767.0 -32767.0 -32767.0 -32767.0 -32767.0 -32767.0 -32767.0 -32767.0 -32767.0 33.253403 33.232544 33.529182 33.672695 33.77012 33.40692 32.150284 31.842653 32.175533 32.43516 32.568657 -32767.0 -32767.0 -32767.0 -32767.0 -32767.0 33.699417 33.8004 33.75987 34.103436 34.236046 34.352974
-32767.0 -32767.0 -32767.0 -32767.0 -32767.0 -32767.0 -32767.0 -32767.0 -32767.0 -32767.0 -32767.0 -32767.0 -32767.0 -32767.0 -32767.0 -32767.0 -32767.0 -32767.0 -32767.0 -32767.0 -32767.0 -32767.0 -32767.0 -32767.0 -32767.0 -32767.0 -32767.0 -32767.0 -32767.0 -32767.0 -32767.0 -32767.0 -32767.0 -32767.0 -32767.0 -32767.0 -32767.0 -32767.0 33.42104 33.56928 33.577328 33.652348 33.675488 33.59327 32.9157 32.150936 32.107586 32.11507 32.26123 32.37161 -32767.0 -32767.0 -32767.0 -32767.0 -32767.0 33.897324 34.275333 34.042515 34.14973 34.31788 34.374287
-32767.0 -32767.0 -32767.0 -32767.0 -32767.0 -32767.0 -32767.0 -32767.0 -32767.0 -32767.0 -32767.0 -32767.0 -32767.0 -32767.0 -32767.0 -32767.0 -32767.0 -32767.0 -32767.0 -32767.0 -32767.0 -32767.0 -32767.0 -32767.0 -32767.0 -32767.0 -32767.0 -32767.0 -32767.0 -32767.0 -32767.0 -32767.0 -32767.0 -32767.0 -32767.0 -32767.0 33.196026 33.355583 33.07563 32.349636 31.784407 31.66329 31.762758 32.45396 32.309845 32.53297 -32767.0 32.424564 31.76243 -32767.0 -32767.0 -32767.0 -32767.0 -32767.0 33.75304 33.746956 34.028328 34.31479 34.238396 34.341484 34.328037
-32767.0 -32767.0 -32767.0 -32767.0 -32767.0 -32767.0 -32767.0 -32767.0 -32767.0 -32767.0 -32767.0 -32767.0 -32767.0 -32767.0 -32767.0 -32767.0 -32767.0 -32767.0 -32767.0 -32767.0 -32767.0 -32767.0 -32767.0 -32767.0 -32767.0 -32767.0 -32767.0 -32767.0 -32767.0 -32767.0 -32767.0 -32767.0 -32767.0 -32767.0 -32767.0 33.15037 32.29331 31.808922 31.70073 31.799908 31.766508 31.726498 32.05174 32.284103 32.38858 32.605927 -32767.0 32.134315 31.952702 -32767.0 -32767.0 -32767.0 -32767.0 -32767.0 33.701416 33.951706 34.215584 34.296955 34.295628 34.335594 34.304573
-32767.0 -32767.0 -32767.0 -32767.0 -32767.0 -32767.0 -32767.0 -32767.0 -32767.0 -32767.0 -32767.0 -32767.0 -32767.0 -32767.0 -32767.0 -32767.0 -32767.0 -32767.0 -32767.0 -32767.0 -32767.0 -32767.0 -32767.0 -32767.0 -32767.0 -32767.0 -32767.0 -32767.0 -32767.0 -32767.0 -32767.0 -32767.0 -32767.0 -32767.0 -32767.0 31.629269 31.759666 32.173294 32.640945 32.240677 31.73975 31.515982 31.879333 32.01321 32.406765 32.552658 33.231396 32.570263 32.39614 -32767.0 -32767.0 -32767.0 -32767.0 -32767.0 33.99547 34.07305 34.103962 34.317486 34.30741 34.34815 34.324856
-32767.0 -32767.0 -32767.0 -32767.0 -32767.0 -32767.0 -32767.0 -32767.0 -32767.0 -32767.0 -32767.0 -32767.0 -32767.0 -32767.0 -32767.0 -32767.0 -32767.0 -32767.0 -32767.0 -32767.0 -32767.0 -32767.0 -32767.0 -32767.0 -32767.0 -32767.0 -32767.0 24.984314 -32767.0 30.178617 -32767.0 31.268072 31.729746 31.760967 31.756582 32.503925 33.070354 33.342335 33.162083 32.744263 31.60294 31.744528 31.731512 32.160965 32.66893 32.969536 33.431213 33.393875 33.57883 -32767.0 -32767.0 -32767.0 -32767.0 33.69567 34.02429 34.15645 34.244507 34.338245 34.299942 34.33308 34.34132
-32767.0 -32767.0 -32767.0 -32767.0 -32767.0 -32767.0 -32767.0 -32767.0 -32767.0 -32767.0 -32767.0 -32767.0 -32767.0 -32767.0 -32767.0 -32767.0 -32767.0 -32767.0 -32767.0 -32767.0 -32767.0 -32767.0 -32767.0 6.162337 -32767.0 -32767.0 29.821095 31.186678 31.492071 31.884714 32.636242 33.10048 33.48471 33.596558 33.698204 33.73784 33.624744 33.371155 33.326958 33.21773 33.000195 32.737877 32.87363 33.13888 33.538483 33.71379 33.743607 33.648006 33.79434 32.86569 -32767.0 -32767.0 31.704203 33.71866 34.21855 34.253323 34.21261 34.30154 34.30271 34.325043 34.336647
-32767.0 -32767.0 -32767.0 -32767.0 -32767.0 -32767.0 -32767.0 -32767.0 -32767.0 -32767.0 -32767.0 -32767.0 -32767.0 -32767.0 -32767.0 -32767.0 -32767.0 -32767.0 -32767.0 -32767.0 -32767.0 -32767.0 -32767.0 20.881231 15.886222 28.588514 31.350647 33.295807 33.727077 33.714733 33.685547 33.698524 33.658638 33.60723 33.64539 33.60727 33.47704 33.40158 33.36209 33.34775 33.269615 33.296864 33.65014 33.929707 34.203102 34.285988 34.242134 34.109303 33.99695 34.06706 32.896423 -32767.0 32.37218 33.845436 34.242447 34.268436 34.254112 34.33517 34.285236 34.352104 34.370224
-32767.0 -32767.0 -32767.0 -32767.0 -32767.0 -32767.0 -32767.0 -32767.0 -32767.0 -32767.0 -32767.0 -32767.0 -32767.0 -32767.0 -32767.0 -32767.0 -32767.0 -32767.0 -32767.0 -32767.0 15.452376 15.890409 21.654217 30.087147 31.960773 -32767.0 33.62602 33.71895 33.716663 33.757946 33.744392 33.557606 33.511242 33.501797 33.473915 33.444016 33.412277 33.488407 33.556915 33.630177 33.760994 33.98613 34.228527 34.2102 34.215775 34.20813 34.25063 34.304394 34.336933 34.25651 34.121037 -32767.0 33.48052 34.093475 34.183025 34.286526 34.201645 34.29509 34.282455 34.32229 34.36029
-32767.0 -32767.0 32.521664 -32767.0 -32767.0 -32767.0 -32767.0 -32767.0 -32767.0 -32767.0 -32767.0 -32767.0 -32767.0 -32767.0 -32767.0 -32767.0 30.123152 -32767.0 26.493637 27.381058 27.555006 30.77003 32.346794 33.311974 33.703045 33.814037 33.802032 33.772484 33.740894 33.783566 33.651947 33.543224 33.499733 33.49666 33.547607 33.690052 33.762016 33.871838 34.048367 34.14401 34.151543 34.188057 34.266426 34.2073 34.191868 34.231377 34.271225 34.240463 34.107113 34.16852 34.273125 33.83759 34.254673 34.32122 34.282566 34.281223 34.24915 34.260075 34.210125 34.151463 34.256184
-32767.0 32.006775 32.1971 31.98416 31.69175 -32767.0 31.842022 31.76681 -32767.0 -32767.0 -32767.0 -32767.0 -32767.0 32.37756 33.24255 32.70213 32.56006 31.883972 33.194664 32.993492 33.67017 33.795605 33.843212 33.88575 33.888947 33.857597 33.84387 33.840946 33.805046 33.768906 33.710457 33.686356 33.703575 33.84858 34.03204 34.095924 34.101463 34.137146 34.159912 34.16965 34.126583 34.254063 34.180824 34.261982 34.19346 34.23838 34.261765 34.017147 33.981003 34.084267 33.918457 34.155293 34.409992 34.426353 34.307327 34.241585 34.281998 34.200905 34.12501 34.085068 34.244167
32.47823 33.016354 32.956608 32.62516 32.39478 31.987602 32.050915 31.962343 -32767.0 -32767.0 -32767.0 33.03257 33.441196 33.788258 33.746796 33.739323 33.774296 33.740364 33.87656 33.822254 33.839825 33.89015 33.832897 33.79213 33.813637 33.807735 33.833977 33.819553 33.826717 33.77098 33.820236 33.941055 34.16195 34.201847 34.180874 34.171062 34.1398 34.306755 34.24901 34.152237 34.267864 34.2308 34.142406 34.231342 34.02133 33.935387 33.950127 34.01266 33.921017 33.956764 33.917156 34.311085 34.368263 34.383064 34.28672 34.268353 34.3212 34.326828 34.169876 34.131985 34.206875
32.938133 33.015656 33.039867 32.98184 32.816486 32.56167 32.0857 -32767.0 -32767.0 31.01618 -32767.0 33.42385 33.795044 33.838253 33.833927 33.869465 33.947556 33.92251 33.932903 33.913654 33.817398 33.779804 33.789806 33.791492 33.762737 33.815395 33.811092 33.836823 33.82013 33.810825 34.073174 34.211174 34.231277 34.242645 34.22921 34.305317 34.187176 34.333755 34.221565 34.183804 34.150677 34.201447 34.171875 34.14353 34.121567 34.073696 33.97928 33.930702 33.912 33.957195 34.128654 34.424072 34.357853 34.350418 34.304726 34.293453 34.39436 34.364563 34.282875 34.26013 34.267166
33.09316 33.05828 32.95496 32.941826 32.88597 32.54455 32.20245 31.99733 -32767.0 -32767.0 32.325665 33.669334 33.794224 33.71734 33.739437 33.9806 34.08948 34.062737 33.977272 33.920876 33.8767 33.835968 33.85043 33.86697 33.871487 33.872616 33.85867 33.84435 33.817074 33.956074 34.186455 34.209766 34.227623 34.23737 34.283386 34.267807 34.20482 34.36075 34.273926 34.239346 34.11622 34.159008 34.218662 34.18108 34.15418 34.157967 34.194145 34.234898 34.13449 33.97153 34.20045 34.470875 34.3554 34.335953 34.338047 34.315506 34.313015 34.264683 34.27573 34.279095 34.304607
33.17986 33.102905 32.959885 32.865868 32.872135 32.554264 32.352924 32.13271 -32767.0 -32767.0 32.54718 32.593777 33.766106 33.64793 33.754845 33.955193 34.098698 34.09006 33.991035 33.89937 33.850533 33.79989 33.72957 33.895603 33.92783 33.919262 33.90058 33.840538 33.850132 33.98523 34.105976 34.112022 34.19332 34.235546 34.353485 34.364136 34.35331 34.333633 34.279533 34.211388 34.230927 34.217457 34.221348 34.247086 34.296284 34.32096 34.291317 34.127148 33.9523 33.943264 34.205265 34.365112 34.34338 34.323437 34.340794 34.30671 -32767.0 34.29072 34.281624 34.268867 34.28166
33.206547 33.200443 33.037598 32.845066 32.846363 32.637783 32.48801 32.2965 32.00244 32.54326 32.638348 32.61684 33.05396 33.542553 33.820953 33.984863 34.03745 33.95724 33.8556 33.73644 33.642357 33.638546 33.655437 33.75616 33.8976 33.904022 33.912685 33.8354 33.89169 33.95662 33.997986 33.998447 34.092316 34.231335 34.370396 34.306583 34.31095 34.28649 34.203804 34.23198 34.318443 34.32568 34.33629 34.33533 34.317158 34.285564 34.22228 34.02761 33.867397 34.171093 34.39978 34.342484 34.34189 34.327763 34.360336 34.320156 34.322586 34.308506 34.270496 34.270996 34.27496
33.351234 33.307587 33.260487 32.859608 32.75994 32.619644 32.57294 32.64403 32.483913 -32767.0 -32767.0 -32767.0 33.146004 33.448967 33.797287 33.89085 33.706013 33.653587 33.63931 33.59889 33.59958 33.660152 33.682407 33.74236 33.844215 33.861893 33.88096 33.886078 33.92698 33.892895 33.893364 33.92639 33.9953 34.190334 34.30592 34.39791 34.224262 34.190063 34.134914 34.16279 34.24946 34.301277 34.321064 34.33361 34.320633 34.253895 34.170822 33.934643 33.850998 34.252666 34.303104 34.288242 34.295834 34.30055 34.30489 34.41199 34.37948 34.350403 34.317223 34.30533 34.299934
