static/data/salinity/2023/7/18/18.asc
ncols 137
nrows 93
xllcorner 108.0
yllcorner 17.0
cellsize 0.25
NODATA_value -32767
[rows 54 to 80 of 93, columns 0 to 60 of 137]
-32767.0 -32767.0 -32767.0 -32767.0 -32767.0 -32767.0 -32767.0 -32767.0 -32767.0 -32767.0 -32767.0 -32767.0 -32767.0 -32767.0 -32767.0 -32767.0 -32767.0 -32767.0 -32767.0 -32767.0 -32767.0 -32767.0 -32767.0 -32767.0 -32767.0 -32767.0 -32767.0 -32767.0 -32767.0 -32767.0 -32767.0 -32767.0 -32767.0 -32767.0 -32767.0 -32767.0 -32767.0 -32767.0 -32767.0 -32767.0 -32767.0 -32767.0 -32767.0 -32767.0 -32767.0 -32767.0 -32767.0 -32767.0 34.188404 34.017555 33.310818 32.7558 32.525295 32.95418 32.76053 32.804844 32.924305 33.570904 33.741848 33.985523 34.053764
-32767.0 -32767.0 -32767.0 -32767.0 -32767.0 -32767.0 -32767.0 -32767.0 -32767.0 -32767.0 -32767.0 -32767.0 -32767.0 -32767.0 -32767.0 -32767.0 -32767.0 -32767.0 -32767.0 -32767.0 -32767.0 -32767.0 -32767.0 -32767.0 -32767.0 -32767.0 -32767.0 -32767.0 -32767.0 -32767.0 -32767.0 -32767.0 -32767.0 -32767.0 -32767.0 -32767.0 -32767.0 -32767.0 -32767.0 -32767.0 -32767.0 -32767.0 -32767.0 -32767.0 -32767.0 -32767.0 -32767.0 33.290417 -32767.0 33.67024 32.80103 32.284817 32.418774 32.803978 32.766735 33.337334 33.646717 33.271393 33.648987 33.803757 33.89307
-32767.0 -32767.0 -32767.0 -32767.0 -32767.0 -32767.0 -32767.0 -32767.0 -32767.0 -32767.0 -32767.0 -32767.0 -32767.0 -32767.0 -32767.0 -32767.0 -32767.0 -32767.0 -32767.0 -32767.0 -32767.0 -32767.0 -32767.0 -32767.0 -32767.0 -32767.0 -32767.0 -32767.0 -32767.0 -32767.0 -32767.0 -32767.0 -32767.0 -32767.0 -32767.0 -32767.0 -32767.0 -32767.0 -32767.0 -32767.0 -32767.0 -32767.0 -32767.0 -32767.0 -32767.0 -32767.0 -32767.0 33.32325 34.017868 33.63928 33.01473 32.44794 32.104313 32.216263 32.781086 33.010654 33.06893 33.49341 33.773743 34.05424 34.068676
-32767.0 -32767.0 -32767.0 -32767.0 -32767.0 -32767.0 -32767.0 -32767.0 -32767.0 -32767.0 -32767.0 -32767.0 -32767.0 -32767.0 -32767.0 -32767.0 -32767.0 -32767.0 -32767.0 -32767.0 -32767.0 -32767.0 -32767.0 -32767.0 -32767.0 -32767.0 -32767.0 -32767.0 -32767.0 -32767.0 -32767.0 -32767.0 -32767.0 -32767.0 -32767.0 -32767.0 -32767.0 -32767.0 -32767.0 -32767.0 -32767.0 -32767.0 -32767.0 -32767.0 -32767.0 -32767.0 -32767.0 33.73354 34.036182 33.80562 33.564404 32.56624 32.07728 32.19972 32.429977 33.168243 32.99323 33.441715 33.781143 33.917824 34.035217
-32767.0 -32767.0 -32767.0 -32767.0 -32767.0 -32767.0 -32767.0 -32767.0 -32767.0 -32767.0 -32767.0 -32767.0 -32767.0 -32767.0 -32767.0 -32767.0 -32767.0 -32767.0 -32767.0 -32767.0 -32767.0 -32767.0 -32767.0 -32767.0 -32767.0 -32767.0 -32767.0 -32767.0 -32767.0 -32767.0 -32767.0 -32767.0 -32767.0 -32767.0 -32767.0 -32767.0 -32767.0 -32767.0 -32767.0 -32767.0 -32767.0 -32767.0 -32767.0 -32767.0 -32767.0 31.350124 -32767.0 33.734146 33.841984 33.573887 33.45686 32.22401 32.15066 32.57819 32.50028 33.0829 32.894695 33.1639 33.659206 34.10398 34.037064
-32767.0 -32767.0 -32767.0 -32767.0 -32767.0 -32767.0 -32767.0 -32767.0 -32767.0 -32767.0 -32767.0 -32767.0 -32767.0 -32767.0 -32767.0 -32767.0 -32767.0 -32767.0 -32767.0 -32767.0 -32767.0 -32767.0 -32767.0 -32767.0 -32767.0 -32767.0 -32767.0 -32767.0 -32767.0 -32767.0 -32767.0 -32767.0 -32767.0 -32767.0 -32767.0 -32767.0 -32767.0 -32767.0 -32767.0 -32767.0 -32767.0 -32767.0 -32767.0 -32767.0 -32767.0 -32767.0 33.375988 33.81141 33.323803 33.43823 32.7208 31.976934 32.396374 32.68182 32.676003 32.614277 32.934437 32.768696 33.973495 34.09154 34.09337
-32767.0 -32767.0 -32767.0 -32767.0 -32767.0 -32767.0 -32767.0 -32767.0 -32767.0 -32767.0 -32767.0 -32767.0 -32767.0 -32767.0 -32767.0 -32767.0 -32767.0 -32767.0 -32767.0 -32767.0 -32767.0 -32767.0 -32767.0 -32767.0 -32767.0 -32767.0 -32767.0 -32767.0 -32767.0 -32767.0 -32767.0 -32767.0 -32767.0 -32767.0 -32767.0 -32767.0 -32767.0 -32767.0 -32767.0 -32767.0 -32767.0 -32767.0 -32767.0 -32767.0 33.104847 33.428413 33.59273 33.419994 32.78025 32.209007 31.927437 32.451843 -32767.0 -32767.0 -32767.0 -32767.0 32.728954 32.9972 34.191917 34.256733 34.112465
-32767.0 -32767.0 -32767.0 -32767.0 -32767.0 -32767.0 -32767.0 -32767.0 -32767.0 -32767.0 -32767.0 -32767.0 -32767.0 -32767.0 -32767.0 -32767.0 -32767.0 -32767.0 -32767.0 -32767.0 -32767.0 -32767.0 -32767.0 -32767.0 -32767.0 -32767.0 -32767.0 -32767.0 -32767.0 -32767.0 -32767.0 -32767.0 -32767.0 -32767.0 -32767.0 -32767.0 -32767.0 -32767.0 -32767.0 -32767.0 -32767.0 -32767.0 -32767.0 33.54711 33.490757 33.679977 33.688923 32.881916 31.951534 31.928766 32.227222 32.43479 -32767.0 -32767.0 -32767.0 -32767.0 32.73076 34.075382 34.201 34.190517 34.146595
-32767.0 -32767.0 -32767.0 -32767.0 -32767.0 -32767.0 -32767.0 -32767.0 -32767.0 -32767.0 -32767.0 -32767.0 -32767.0 -32767.0 -32767.0 -32767.0 -32767.0 -32767.0 -32767.0 -32767.0 -32767.0 -32767.0 -32767.0 -32767.0 -32767.0 -32767.0 -32767.0 -32767.0 -32767.0 -32767.0 -32767.0 -32767.0 -32767.0 -32767.0 -32767.0 -32767.0 -32767.0 -32767.0 -32767.0 -32767.0 -32767.0 33.18235 33.19996 33.534157 33.810623 33.35262 33.141357 31.94061 32.061176 32.21273 32.359882 -32767.0 -32767.0 -32767.0 -32767.0 -32767.0 33.672104 33.995964 33.945812 34.21649 34.21743
-32767.0 -32767.0 -32767.0 -32767.0 -32767.0 -32767.0 -32767.0 -32767.0 -32767.0 -32767.0 -32767.0 -32767.0 -32767.0 -32767.0 -32767.0 -32767.0 -32767.0 -32767.0 -32767.0 -32767.0 -32767.0 -32767.0 -32767.0 -32767.0 -32767.0 -32767.0 -32767.0 -32767.0 -32767.0 -32767.0 -32767.0 -32767.0 -32767.0 -32767.0 -32767.0 -32767.0 -32767.0 -32767.0 -32767.0 -32767.0 -32767.0 33.54607 33.600975 33.66205 33.7011 32.65419 31.971956 31.82833 31.952229 32.436665 32.50485 -32767.0 -32767.0 -32767.0 -32767.0 33.71439 33.91233 34.307594 33.804726 34.158688 34.161755
-32767.0 -32767.0 -32767.0 -32767.0 -32767.0 -32767.0 -32767.0 -32767.0 -32767.0 -32767.0 -32767.0 -32767.0 -32767.0 -32767.0 -32767.0 -32767.0 -32767.0 -32767.0 -32767.0 -32767.0 -32767.0 -32767.0 -32767.0 -32767.0 -32767.0 -32767.0 -32767.0 -32767.0 -32767.0 -32767.0 -32767.0 -32767.0 -32767.0 -32767.0 -32767.0 -32767.0 -32767.0 -32767.0 -32767.0 33.220974 33.22484 33.418106 33.64229 33.776318 33.405727 32.297977 32.30926 31.952429 32.597042 32.56302 -32767.0 -32767.0 -32767.0 -32767.0 -32767.0 33.764988 33.946835 33.875698 34.199623 34.190575 34.22733
-32767.0 -32767.0 -32767.0 -32767.0 -32767.0 -32767.0 -32767.0 -32767.0 -32767.0 -32767.0 -32767.0 -32767.0 -32767.0 -32767.0 -32767.0 -32767.0 -32767.0 -32767.0 -32767.0 -32767.0 -32767.0 -32767.0 -32767.0 -32767.0 -32767.0 -32767.0 -32767.0 -32767.0 -32767.0 -32767.0 -32767.0 -32767.0 -32767.0 -32767.0 -32767.0 -32767.0 -32767.0 -32767.0 33.342407 33.53421 33.509373 33.545612 33.456226 33.366222 32.742455 32.240074 32.225582 32.077934 32.129234 32.37035 -32767.0 -32767.0 -32767.0 -32767.0 -32767.0 33.820724 34.099087 34.272972 34.31369 34.241352 34.25087
-32767.0 -32767.0 -32767.0 -32767.0 -32767.0 -32767.0 -32767.0 -32767.0 -32767.0 -32767.0 -32767.0 -32767.0 -32767.0 -32767.0 -32767.0 -32767.0 -32767.0 -32767.0 -32767.0 -32767.0 -32767.0 -32767.0 -32767.0 -32767.0 -32767.0 -32767.0 -32767.0 -32767.0 -32767.0 -32767.0 -32767.0 -32767.0 -32767.0 -32767.0 -32767.0 -32767.0 32.95 33.022026 32.887783 32.155804 31.898693 31.825314 31.64447 31.706299 32.230545 32.763454 -32767.0 32.22007 31.894102 -32767.0 -32767.0 -32767.0 -32767.0 -32767.0 33.69292 33.877647 34.09402 34.30474 34.303425 34.271202 34.289112
-32767.0 -32767.0 -32767.0 -32767.0 -32767.0 -32767.0 -32767.0 -32767.0 -32767.0 -32767.0 -32767.0 -32767.0 -32767.0 -32767.0 -32767.0 -32767.0 -32767.0 -32767.0 -32767.0 -32767.0 -32767.0 -32767.0 -32767.0 -32767.0 -32767.0 -32767.0 -32767.0 -32767.0 -32767.0 -32767.0 -32767.0 -32767.0 -32767.0 -32767.0 -32767.0 32.839195 31.897099 31.532804 31.697575 32.499702 32.325607 31.745457 31.876804 31.976582 32.329052 32.83269 -32767.0 32.16146 32.07028 -32767.0 -32767.0 -32767.0 -32767.0 -32767.0 33.726288 34.12585 34.16689 34.299404 34.29529 34.2972 34.30282
-32767.0 -32767.0 -32767.0 -32767.0 -32767.0 -32767.0 -32767.0 -32767.0 -32767.0 -32767.0 -32767.0 -32767.0 -32767.0 -32767.0 -32767.0 -32767.0 -32767.0 -32767.0 -32767.0 -32767.0 -32767.0 -32767.0 -32767.0 -32767.0 -32767.0 -32767.0 -32767.0 -32767.0 -32767.0 -32767.0 -32767.0 -32767.0 -32767.0 -32767.0 -32767.0 31.669666 31.923374 32.45167 33.14312 32.729027 32.19355 31.328915 31.637722 31.86983 32.58053 32.62588 33.333416 32.908005 31.976158 -32767.0 -32767.0 -32767.0 -32767.0 -32767.0 34.06611 34.062634 34.19021 34.308517 34.286964 34.321785 34.32403
-32767.0 -32767.0 -32767.0 -32767.0 -32767.0 -32767.0 -32767.0 -32767.0 -32767.0 -32767.0 -32767.0 -32767.0 -32767.0 -32767.0 -32767.0 -32767.0 -32767.0 -32767.0 -32767.0 -32767.0 -32767.0 -32767.0 -32767.0 -32767.0 -32767.0 -32767.0 -32767.0 24.974829 -32767.0 29.82632 -32767.0 30.94864 31.334126 31.581207 31.971846 32.50937 33.248077 33.564693 33.35882 33.085243 31.956099 32.078976 32.169094 32.161243 32.650894 32.915184 33.50755 33.53551 33.58021 -32767.0 -32767.0 -32767.0 -32767.0 33.686928 34.11641 34.220436 34.24863 34.30999 34.289528 34.343437 34.3229
-32767.0 -32767.0 -32767.0 -32767.0 -32767.0 -32767.0 -32767.0 -32767.0 -32767.0 -32767.0 -32767.0 -32767.0 -32767.0 -32767.0 -32767.0 -32767.0 -32767.0 -32767.0 -32767.0 -32767.0 -32767.0 -32767.0 -32767.0 6.1706696 -32767.0 -32767.0 29.276978 31.219334 31.753384 32.10463 32.44897 33.448402 33.584705 33.69641 33.72689 33.692326 33.674213 33.41283 33.32726 33.28172 33.16214 32.98926 33.019497 33.070408 33.441837 33.78359 33.787277 33.716537 33.799904 32.333668 -32767.0 -32767.0 31.751152 33.8353 34.26711 34.19197 34.241142 34.294395 34.285816 34.34453 34.352345
-32767.0 -32767.0 -32767.0 -32767.0 -32767.0 -32767.0 -32767.0 -32767.0 -32767.0 -32767.0 -32767.0 -32767.0 -32767.0 -32767.0 -32767.0 -32767.0 -32767.0 -32767.0 -32767.0 -32767.0 -32767.0 -32767.0 -32767.0 20.992603 12.349452 27.641855 31.075716 33.32125 33.71011 33.672977 33.663048 33.703297 33.672237 33.595207 33.56444 33.62086 33.524853 33.4236 33.36977 33.34103 33.276867 33.350315 33.69799 33.97454 34.208485 34.27167 34.282364 34.161087 33.97187 33.99623 33.101585 -32767.0 32.14953 34.031948 34.24697 34.201782 34.283634 34.244614 34.29165 34.335327 34.375347
-32767.0 -32767.0 -32767.0 -32767.0 -32767.0 -32767.0 -32767.0 -32767.0 -32767.0 -32767.0 -32767.0 -32767.0 -32767.0 -32767.0 -32767.0 -32767.0 -32767.0 -32767.0 -32767.0 -32767.0 15.160823 16.174238 20.82138 29.515318 30.949566 -32767.0 33.233234 33.704094 33.709755 33.737606 33.745064 33.61986 33.501038 33.491573 33.4649 33.451847 33.409275 33.476334 33.561584 33.604034 33.80346 34.038193 34.21741 34.22269 34.215786 34.211052 34.219475 34.233345 34.26772 34.30367 34.189175 -32767.0 33.56313 34.07532 34.31863 34.250618 34.22155 34.290276 34.286873 34.340027 34.38314
-32767.0 -32767.0 32.551174 -32767.0 -32767.0 -32767.0 -32767.0 -32767.0 -32767.0 -32767.0 -32767.0 -32767.0 -32767.0 -32767.0 -32767.0 -32767.0 29.958105 -32767.0 26.435516 26.478651 26.039835 29.786512 31.655222 32.73753 33.532555 33.788536 33.804802 33.806625 33.785137 33.78861 33.69454 33.59858 33.52797 33.50318 33.519478 33.630646 33.76755 33.85727 34.009777 34.139874 34.148033 34.197872 34.244663 34.23031 34.204723 34.270138 34.315548 34.28536 34.1793 34.23609 34.164227 33.89547 34.228565 34.300797 34.34925 34.300117 34.210823 34.264904 34.23039 34.29433 34.36734
-32767.0 31.983643 32.13045 31.954634 31.710924 -32767.0 31.84252 31.743937 -32767.0 -32767.0 -32767.0 -32767.0 -32767.0 32.433784 33.175663 32.439697 32.315384 31.647297 33.2718 32.385128 33.566246 33.789356 33.82995 33.849533 33.855217 33.845432 33.83385 33.84445 33.82909 33.797886 33.74597 33.736225 33.744846 33.836197 33.937088 34.086777 34.070976 34.135334 34.156387 34.17191 34.164703 34.246403 34.2047 34.184673 34.26156 34.214016 34.054577 33.992092 34.083767 33.997303 33.915913 34.288883 34.33021 34.39075 34.295296 34.207436 34.251015 34.14609 34.142128 34.14195 34.303825
32.48155 32.96205 32.975838 32.603287 32.314545 31.997562 32.023273 31.938816 -32767.0 -32767.0 -32767.0 32.97717 33.384323 33.760857 33.71633 33.723354 33.77827 33.78489 33.856693 33.85205 33.857994 33.852608 33.820606 33.780563 33.7731 33.782246 33.818222 33.824192 33.826485 33.77947 33.84181 33.944363 34.114464 34.212585 34.183273 34.158268 34.117153 34.32017 34.26581 34.153755 34.242172 34.225346 34.196434 34.043186 33.980705 33.973866 34.035904 34.012257 33.909004 33.94508 34.016323 34.428387 34.344673 34.309093 34.264973 34.24589 34.240696 34.31131 34.23263 34.18563 34.25215
33.07504 33.05265 33.03702 32.983345 32.766064 32.51712 32.094498 -32767.0 -32767.0 30.925207 -32767.0 33.512844 33.799458 33.84404 33.810654 33.8975 33.922543 33.940178 33.917786 33.87134 33.784973 33.783737 33.814056 33.81904 33.79019 33.83081 33.83009 33.835514 33.81782 33.855526 34.13049 34.21539 34.228024 34.241524 34.235317 34.27229 34.189396 34.27799 34.187775 34.214172 34.133472 34.234776 34.160732 34.142292 34.114937 34.062965 33.989986 33.959385 33.94909 33.98793 34.158653 34.42831 34.360573 34.342117 34.29427 34.27475 34.338257 34.316605 34.298267 34.308548 34.314518
33.101326 33.09438 32.999332 32.981255 32.904568 32.593307 32.228954 31.994795 -32767.0 -32767.0 32.32878 33.440353 33.774265 33.76458 33.948097 34.074703 34.028015 33.95864 33.930546 33.905296 33.86338 33.802654 33.848938 33.890636 33.89616 33.896496 33.87911 33.838722 33.845623 34.015095 34.166824 34.18086 34.219448 34.24301 34.290157 34.3066 34.225468 34.347828 34.224052 34.137783 34.152916 34.227703 34.21291 34.1733 34.180683 34.2092 34.239834 34.253223 34.12483 33.98586 34.214058 34.4112 34.356804 34.320198 34.32925 34.29007 34.309227 34.304394 34.2703 34.300484 34.304264
33.179604 33.116592 32.97584 32.903748 32.890285 32.598663 32.37748 32.12932 -32767.0 -32767.0 32.528797 32.47388 33.560432 33.720608 33.917778 34.029266 34.07286 34.0069 33.898014 33.780247 33.732082 33.720493 33.688416 33.887894 33.93095 33.924805 33.9022 33.83728 33.882298 33.974823 34.06242 34.07914 34.18552 34.240494 34.39244 34.3701 34.34008 34.31324 34.23449 34.20275 34.204323 34.22312 34.25547 34.319447 34.34138 34.31018 34.23036 34.06799 33.967415 34.06252 34.393208 34.36393 34.321285 34.316196 34.303654 34.29104 -32767.0 34.272793 34.23761 34.266464 34.28471
33.20414 33.19377 33.032486 32.860394 32.871445 32.689926 32.597218 32.247486 32.06974 32.44527 32.590717 32.585014 32.530857 33.685432 33.785316 33.910614 34.048565 33.927002 33.82441 33.725693 33.605217 33.600193 33.64777 33.77285 33.876373 33.893818 33.884174 33.879787 33.934734 33.941757 33.957756 33.97734 34.07606 34.247402 34.40873 34.30562 34.33966 34.269096 34.22028 34.29666 34.331078 34.347107 34.34583 34.338303 34.31822 34.262985 34.176212 33.977535 33.916634 34.37867 34.33451 34.327583 34.32629 34.318077 34.318363 34.31696 34.31778 34.28765 34.259453 34.291943 34.319935
33.34943 33.31988 33.278313 32.879333 32.79615 32.66645 32.5797 32.670235 32.487167 -32767.0 -32767.0 -32767.0 33.06706 33.51529 33.649277 33.952442 33.715637 33.587357 33.56376 33.599415 33.572983 33.659454 33.672516 33.788204 33.82083 33.88469 33.873955 33.93125 33.897747 33.82746 33.864124 33.921448 33.991035 34.210526 34.380806 34.244602 34.254303 34.161243 34.15902 34.239418 34.268257 34.300926 34.30838 34.336433 34.310608 34.232464 34.13865 33.909184 33.924786 34.38726 34.248604 34.114082 34.129963 34.259518 34.25258 34.3099 34.3788 34.38318 34.304462 34.367317 34.472595
