static/data/salinity/2023/7/18/6.asc
ncols 137
nrows 93
xllcorner 108.0
yllcorner 17.0
cellsize 0.25
NODATA_value -32767
[rows 56 to 83 of 93, columns 0 to 60 of 137]
-32767.0 -32767.0 -32767.0 -32767.0 -32767.0 -32767.0 -32767.0 -32767.0 -32767.0 -32767.0 -32767.0 -32767.0 -32767.0 -32767.0 -32767.0 -32767.0 -32767.0 -32767.0 -32767.0 -32767.0 -32767.0 -32767.0 -32767.0 -32767.0 -32767.0 -32767.0 -32767.0 -32767.0 -32767.0 -32767.0 -32767.0 -32767.0 -32767.0 -32767.0 -32767.0 -32767.0 -32767.0 -32767.0 -32767.0 -32767.0 -32767.0 -32767.0 -32767.0 -32767.0 -32767.0 -32767.0 -32767.0 33.28611 33.994125 33.77799 33.107883 32.54057 32.203148 32.54016 32.789635 33.07448 33.092575 33.533504 33.576157 33.929737 33.96451
-32767.0 -32767.0 -32767.0 -32767.0 -32767.0 -32767.0 -32767.0 -32767.0 -32767.0 -32767.0 -32767.0 -32767.0 -32767.0 -32767.0 -32767.0 -32767.0 -32767.0 -32767.0 -32767.0 -32767.0 -32767.0 -32767.0 -32767.0 -32767.0 -32767.0 -32767.0 -32767.0 -32767.0 -32767.0 -32767.0 -32767.0 -32767.0 -32767.0 -32767.0 -32767.0 -32767.0 -32767.0 -32767.0 -32767.0 -32767.0 -32767.0 -32767.0 -32767.0 -32767.0 -32767.0 -32767.0 -32767.0 33.70916 34.077515 33.818348 33.6202 32.683586 32.204212 32.08868 32.7056 33.271847 32.929947 33.33563 33.959053 34.016148 34.093502
-32767.0 -32767.0 -32767.0 -32767.0 -32767.0 -32767.0 -32767.0 -32767.0 -32767.0 -32767.0 -32767.0 -32767.0 -32767.0 -32767.0 -32767.0 -32767.0 -32767.0 -32767.0 -32767.0 -32767.0 -32767.0 -32767.0 -32767.0 -32767.0 -32767.0 -32767.0 -32767.0 -32767.0 -32767.0 -32767.0 -32767.0 -32767.0 -32767.0 -32767.0 -32767.0 -32767.0 -32767.0 -32767.0 -32767.0 -32767.0 -32767.0 -32767.0 -32767.0 -32767.0 -32767.0 31.35245 -32767.0 33.77656 33.902206 33.7647 33.45539 32.826134 32.118008 32.418667 32.50712 33.260895 32.892494 33.236423 33.778645 33.9421 33.981728
-32767.0 -32767.0 -32767.0 -32767.0 -32767.0 -32767.0 -32767.0 -32767.0 -32767.0 -32767.0 -32767.0 -32767.0 -32767.0 -32767.0 -32767.0 -32767.0 -32767.0 -32767.0 -32767.0 -32767.0 -32767.0 -32767.0 -32767.0 -32767.0 -32767.0 -32767.0 -32767.0 -32767.0 -32767.0 -32767.0 -32767.0 -32767.0 -32767.0 -32767.0 -32767.0 -32767.0 -32767.0 -32767.0 -32767.0 -32767.0 -32767.0 -32767.0 -32767.0 -32767.0 -32767.0 -32767.0 33.42232 33.87258 33.599327 33.508236 32.911762 32.03171 32.579227 32.659924 32.68129 32.705563 32.851807 32.87333 33.996815 34.032574 34.093777
-32767.0 -32767.0 -32767.0 -32767.0 -32767.0 -32767.0 -32767.0 -32767.0 -32767.0 -32767.0 -32767.0 -32767.0 -32767.0 -32767.0 -32767.0 -32767.0 -32767.0 -32767.0 -32767.0 -32767.0 -32767.0 -32767.0 -32767.0 -32767.0 -32767.0 -32767.0 -32767.0 -32767.0 -32767.0 -32767.0 -32767.0 -32767.0 -32767.0 -32767.0 -32767.0 -32767.0 -32767.0 -32767.0 -32767.0 -32767.0 -32767.0 -32767.0 -32767.0 -32767.0 33.091408 33.40662 33.624928 33.555813 32.581306 32.295097 31.885803 32.114773 -32767.0 -32767.0 -32767.0 -32767.0 32.665104 33.32483 34.15699 33.969517 34.241127
-32767.0 -32767.0 -32767.0 -32767.0 -32767.0 -32767.0 -32767.0 -32767.0 -32767.0 -32767.0 -32767.0 -32767.0 -32767.0 -32767.0 -32767.0 -32767.0 -32767.0 -32767.0 -32767.0 -32767.0 -32767.0 -32767.0 -32767.0 -32767.0 -32767.0 -32767.0 -32767.0 -32767.0 -32767.0 -32767.0 -32767.0 -32767.0 -32767.0 -32767.0 -32767.0 -32767.0 -32767.0 -32767.0 -32767.0 -32767.0 -32767.0 -32767.0 -32767.0 33.432674 33.465378 33.773266 33.28072 32.143093 31.912119 31.827484 32.16672 32.498417 -32767.0 -32767.0 -32767.0 -32767.0 32.76082 34.07521 34.177994 34.140163 34.212772
-32767.0 -32767.0 -32767.0 -32767.0 -32767.0 -32767.0 -32767.0 -32767.0 -32767.0 -32767.0 -32767.0 -32767.0 -32767.0 -32767.0 -32767.0 -32767.0 -32767.0 -32767.0 -32767.0 -32767.0 -32767.0 -32767.0 -32767.0 -32767.0 -32767.0 -32767.0 -32767.0 -32767.0 -32767.0 -32767.0 -32767.0 -32767.0 -32767.0 -32767.0 -32767.0 -32767.0 -32767.0 -32767.0 -32767.0 -32767.0 -32767.0 33.177162 33.200314 33.54646 33.767715 33.516262 32.333775 31.870195 32.109703 32.27067 32.306244 -32767.0 -32767.0 -32767.0 -32767.0 -32767.0 33.98837 34.217606 34.166275 34.175114 34.295025
-32767.0 -32767.0 -32767.0 -32767.0 -32767.0 -32767.0 -32767.0 -32767.0 -32767.0 -32767.0 -32767.0 -32767.0 -32767.0 -32767.0 -32767.0 -32767.0 -32767.0 -32767.0 -32767.0 -32767.0 -32767.0 -32767.0 -32767.0 -32767.0 -32767.0 -32767.0 -32767.0 -32767.0 -32767.0 -32767.0 -32767.0 -32767.0 -32767.0 -32767.0 -32767.0 -32767.0 -32767.0 -32767.0 -32767.0 -32767.0 -32767.0 33.54271 33.58794 33.670677 33.86157 32.918335 31.965864 31.839195 32.075977 32.383457 32.49917 -32767.0 -32767.0 -32767.0 -32767.0 33.670177 33.849285 33.961246 34.103603 34.19609 34.235367
-32767.0 -32767.0 -32767.0 -32767.0 -32767.0 -32767.0 -32767.0 -32767.0 -32767.0 -32767.0 -32767.0 -32767.0 -32767.0 -32767.0 -32767.0 -32767.0 -32767.0 -32767.0 -32767.0 -32767.0 -32767.0 -32767.0 -32767.0 -32767.0 -32767.0 -32767.0 -32767.0 -32767.0 -32767.0 -32767.0 -32767.0 -32767.0 -32767.0 -32767.0 -32767.0 -32767.0 -32767.0 -32767.0 -32767.0 33.23868 33.201683 33.466682 33.63824 33.77274 33.528893 32.27761 31.917696 32.130135 32.493946 32.58074 -32767.0 -32767.0 -32767.0 -32767.0 -32767.0 33.754387 34.19541 33.809982 34.017693 34.24576 34.287132
-32767.0 -32767.0 -32767.0 -32767.0 -32767.0 -32767.0 -32767.0 -32767.0 -32767.0 -32767.0 -32767.0 -32767.0 -32767.0 -32767.0 -32767.0 -32767.0 -32767.0 -32767.0 -32767.0 -32767.0 -32767.0 -32767.0 -32767.0 -32767.0 -32767.0 -32767.0 -32767.0 -32767.0 -32767.0 -32767.0 -32767.0 -32767.0 -32767.0 -32767.0 -32767.0 -32767.0 -32767.0 -32767.0 33.384293 33.487633 33.477345 33.608704 33.634964 33.498253 32.84424 32.186764 32.22021 32.0895 32.247013 32.3665 -32767.0 -32767.0 -32767.0 -32767.0 -32767.0 33.8245 33.961437 34.36416 34.213642 34.293983 34.320442
-32767.0 -32767.0 -32767.0 -32767.0 -32767.0 -32767.0 -32767.0 -32767.0 -32767.0 -32767.0 -32767.0 -32767.0 -32767.0 -32767.0 -32767.0 -32767.0 -32767.0 -32767.0 -32767.0 -32767.0 -32767.0 -32767.0 -32767.0 -32767.0 -32767.0 -32767.0 -32767.0 -32767.0 -32767.0 -32767.0 -32767.0 -32767.0 -32767.0 -32767.0 -32767.0 -32767.0 33.147472 33.23873 32.941406 32.275894 31.981274 31.71074 31.831911 32.004646 32.328808 32.643776 -32767.0 32.39395 31.762632 -32767.0 -32767.0 -32767.0 -32767.0 -32767.0 33.790455 33.848774 33.93384 34.29917 34.255493 34.2992 34.310627
-32767.0 -32767.0 -32767.0 -32767.0 -32767.0 -32767.0 -32767.0 -32767.0 -32767.0 -32767.0 -32767.0 -32767.0 -32767.0 -32767.0 -32767.0 -32767.0 -32767.0 -32767.0 -32767.0 -32767.0 -32767.0 -32767.0 -32767.0 -32767.0 -32767.0 -32767.0 -32767.0 -32767.0 -32767.0 -32767.0 -32767.0 -32767.0 -32767.0 -32767.0 -32767.0 33.035973 32.067154 31.680735 31.696848 32.12684 31.914045 31.710247 31.94713 32.206528 32.38721 32.68128 -32767.0 32.136772 31.978287 -32767.0 -32767.0 -32767.0 -32767.0 -32767.0 33.67497 34.003044 34.072918 34.313328 34.273605 34.312737 34.310734
-32767.0 -32767.0 -32767.0 -32767.0 -32767.0 -32767.0 -32767.0 -32767.0 -32767.0 -32767.0 -32767.0 -32767.0 -32767.0 -32767.0 -32767.0 -32767.0 -32767.0 -32767.0 -32767.0 -32767.0 -32767.0 -32767.0 -32767.0 -32767.0 -32767.0 -32767.0 -32767.0 -32767.0 -32767.0 -32767.0 -32767.0 -32767.0 -32767.0 -32767.0 -32767.0 31.644114 31.796337 32.25484 32.82186 32.37115 31.916945 31.397724 31.80171 31.956753 32.490826 32.61514 33.242874 32.64494 32.176083 -32767.0 -32767.0 -32767.0 -32767.0 -32767.0 33.947388 34.050495 34.111015 34.336857 34.290936 34.33105 34.29575
-32767.0 -32767.0 -32767.0 -32767.0 -32767.0 -32767.0 -32767.0 -32767.0 -32767.0 -32767.0 -32767.0 -32767.0 -32767.0 -32767.0 -32767.0 -32767.0 -32767.0 -32767.0 -32767.0 -32767.0 -32767.0 -32767.0 -32767.0 -32767.0 -32767.0 -32767.0 -32767.0 24.975538 -32767.0 30.075178 -32767.0 31.158812 31.60017 31.727823 31.820522 32.541023 33.16395 33.43933 33.22756 32.873375 31.714792 31.873491 31.883305 32.17822 32.609074 32.91012 33.461006 33.42777 33.5681 -32767.0 -32767.0 -32767.0 -32767.0 33.630196 34.062634 34.193157 34.234127 34.33975 34.29055 34.32974 34.326904
-32767.0 -32767.0 -32767.0 -32767.0 -32767.0 -32767.0 -32767.0 -32767.0 -32767.0 -32767.0 -32767.0 -32767.0 -32767.0 -32767.0 -32767.0 -32767.0 -32767.0 -32767.0 -32767.0 -32767.0 -32767.0 -32767.0 -32767.0 6.233542 -32767.0 -32767.0 29.592978 31.224981 31.5826 31.975046 32.75582 33.25118 33.554676 33.6465 33.71089 33.727634 33.638866 33.36704 33.321255 33.23433 33.08388 32.80354 32.873703 33.049328 33.517998 33.74221 33.734226 33.65883 33.796227 32.415977 -32767.0 -32767.0 31.864649 33.67205 34.19254 34.248116 34.228256 34.301655 34.287888 34.32419 34.33127
-32767.0 -32767.0 -32767.0 -32767.0 -32767.0 -32767.0 -32767.0 -32767.0 -32767.0 -32767.0 -32767.0 -32767.0 -32767.0 -32767.0 -32767.0 -32767.0 -32767.0 -32767.0 -32767.0 -32767.0 -32767.0 -32767.0 -32767.0 21.319008 15.516555 28.259575 31.308002 33.34104 33.700253 33.705734 33.672333 33.695587 33.654797 33.594948 33.600925 33.640236 33.492825 33.39853 33.365383 33.34511 33.257626 33.284206 33.67487 33.906372 34.17243 34.26573 34.25038 34.072227 33.993378 34.044785 32.85437 -32767.0 32.21172 33.928913 34.268208 34.249283 34.267723 34.31969 34.28038 34.326935 34.366226
-32767.0 -32767.0 -32767.0 -32767.0 -32767.0 -32767.0 -32767.0 -32767.0 -32767.0 -32767.0 -32767.0 -32767.0 -32767.0 -32767.0 -32767.0 -32767.0 -32767.0 -32767.0 -32767.0 -32767.0 15.339766 15.993176 21.594559 29.974977 31.691864 -32767.0 33.533283 33.698944 33.704224 33.748974 33.739334 33.56912 33.50388 33.498966 33.47973 33.45274 33.40036 33.473953 33.540485 33.58601 33.74507 33.976795 34.210464 34.21263 34.210915 34.189632 34.23509 34.256954 34.345337 34.28494 34.141373 -32767.0 33.57963 34.07292 34.26864 34.285446 34.229668 34.280006 34.2832 34.337437 34.37361
-32767.0 -32767.0 32.50269 -32767.0 -32767.0 -32767.0 -32767.0 -32767.0 -32767.0 -32767.0 -32767.0 -32767.0 -32767.0 -32767.0 -32767.0 -32767.0 30.050812 -32767.0 26.496584 27.056185 27.49842 30.487942 32.18832 33.131523 33.66983 33.795082 33.782585 33.777195 33.74452 33.78279 33.659214 33.561844 33.51027 33.499527 33.53473 33.66098 33.745678 33.83399 34.00795 34.129597 34.15236 34.16513 34.26692 34.210213 34.193375 34.24164 34.29009 34.264034 34.118156 34.218056 34.21192 33.814632 34.268665 34.31736 34.300026 34.303223 34.221237 34.218872 34.18458 34.186543 34.313553
-32767.0 31.982834 32.209427 31.955006 31.688385 -32767.0 31.819902 31.742723 -32767.0 -32767.0 -32767.0 -32767.0 -32767.0 32.397762 33.21998 32.628963 32.511116 31.82588 33.221024 32.824783 33.661892 33.794506 33.843513 33.876297 33.872765 33.85194 33.83922 33.845028 33.81263 33.77563 33.724678 33.70948 33.721996 33.847153 33.98871 34.09895 34.080803 34.13113 34.152866 34.171593 34.119247 34.255085 34.1824 34.236076 34.217518 34.268543 34.192543 33.972446 34.01071 34.05978 33.91944 34.16069 34.36599 34.389454 34.303467 34.244892 34.253075 34.139057 34.125107 34.1231 34.287674
32.467365 32.985725 32.971123 32.615967 32.361042 31.965511 32.02711 31.940105 -32767.0 -32767.0 -32767.0 33.02777 33.443096 33.78204 33.74063 33.73304 33.776352 33.756287 33.870857 33.823612 33.850197 33.87305 33.83187 33.78262 33.797913 33.792103 33.827854 33.820923 33.824287 33.773495 33.831448 33.943428 34.158634 34.209675 34.18397 34.174767 34.121986 34.303474 34.25397 34.160675 34.261353 34.236446 34.147663 34.20875 33.99187 33.940727 33.97889 34.018997 33.918518 33.941578 33.91948 34.357754 34.3195 34.34713 34.28173 34.26536 34.286346 34.265244 34.168484 34.16338 34.233597
33.016884 33.020554 33.039356 32.983555 32.793972 32.545547 32.083313 -32767.0 -32767.0 30.95986 -32767.0 33.48265 33.80005 33.842506 33.825665 33.886696 33.935257 33.93228 33.929302 33.901287 33.80623 33.777378 33.7795 33.79397 33.761738 33.807533 33.817062 33.838226 33.81581 33.84791 34.13073 34.217674 34.233936 34.24865 34.233635 34.295994 34.204266 34.30649 34.228382 34.16518 34.143177 34.23272 34.156822 34.147083 34.11296 34.065407 33.97123 33.92827 33.91926 33.956635 34.157974 34.42171 34.342045 34.335968 34.30627 34.2784 34.34634 34.301117 34.29999 34.306725 34.29613
33.089214 33.071224 32.965843 32.952385 32.89378 32.562424 32.18817 31.985542 -32767.0 -32767.0 32.34188 33.618607 33.786224 33.753418 33.817795 34.025852 34.084553 34.02842 33.96518 33.915146 33.86835 33.829605 33.85285 33.872585 33.866676 33.873608 33.865784 33.841396 33.833355 34.025482 34.18592 34.195644 34.222736 34.2427 34.285015 34.28488 34.210587 34.362747 34.260887 34.226196 34.113827 34.179638 34.22795 34.17637 34.151894 34.157925 34.19536 34.23424 34.136265 33.975666 34.170017 34.432125 34.35528 34.30947 34.32769 34.296227 34.286068 34.27984 34.280666 34.291042 34.294125
33.179653 33.11247 32.963043 32.877213 32.875717 32.55822 32.35049 32.11694 -32767.0 -32767.0 32.53794 32.51062 33.748653 33.672314 33.76686 33.96361 34.09419 34.080822 33.975067 33.880302 33.83714 33.788197 33.725937 33.891865 33.92761 33.917896 33.89408 33.833485 33.880928 34.011124 34.08811 34.09088 34.184055 34.236816 34.356247 34.366116 34.35788 34.336746 34.271694 34.199913 34.212708 34.20302 34.21411 34.254692 34.30631 34.321304 34.2782 34.10629 33.958664 33.95542 34.246483 34.310993 34.32588 34.323986 34.313923 34.282955 -32767.0 34.2951 34.2799 34.275364 34.274937
33.20375 33.20836 33.058426 32.851883 32.853355 32.648678 32.530266 32.250095 31.99995 32.458057 32.62328 32.58419 32.742554 33.610416 33.78015 33.92944 34.048042 33.986927 33.867672 33.74337 33.63935 33.622948 33.651142 33.758537 33.89712 33.90848 33.897156 33.845364 33.92513 33.963703 33.979847 33.983227 34.07054 34.231163 34.367664 34.303707 34.326515 34.298664 34.21086 34.254803 34.326653 34.330715 34.34206 34.339268 34.316437 34.27856 34.201088 34.03227 33.878544 34.167377 34.36379 34.337452 34.333477 34.328854 34.333702 34.310123 34.311527 34.304 34.281464 34.275658 34.298084
33.354366 33.320656 33.274258 32.8795 32.769115 32.632374 32.571003 32.65793 32.42788 -32767.0 -32767.0 -32767.0 33.15535 33.45452 33.703297 33.925385 33.709026 33.610847 33.627773 33.621758 33.584755 33.63862 33.67619 33.748714 33.84571 33.875324 33.86288 33.929337 33.91724 33.85596 33.881042 33.9327 33.98986 34.177788 34.301125 34.37284 34.23181 34.19766 34.14665 34.196373 34.272877 34.321194 34.32654 34.33797 34.318 34.24588 34.14867 33.9208 33.875282 34.275646 34.23978 34.235947 34.231308 34.26328 34.26598 34.36522 34.349243 34.29667 34.305458 34.30739 34.328247
33.21338 33.279846 33.242367 32.822845 32.742424 -32767.0 -32767.0 -32767.0 -32767.0 -32767.0 -32767.0 -32767.0 33.039207 33.18624 33.75004 33.563347 33.58989 33.57646 33.580257 33.559383 33.6168 33.68277 33.651066 33.79591 33.791485 33.87039 33.893406 33.899185 33.826702 33.814083 33.894108 33.961315 33.992764 34.106987 34.231094 34.36319 34.302048 34.13898 34.10204 34.166977 34.21236 34.196793 34.24525 34.315113 34.306225 34.207016 34.124905 33.92155 33.77958 34.09483 34.194458 33.94384 34.048412 34.074688 34.260124 34.30988 34.3686 34.41056 34.434254 34.48422 34.529404
33.229607 33.24373 33.03506 32.81119 33.143917 -32767.0 -32767.0 -32767.0 -32767.0 -32767.0 -32767.0 -32767.0 33.12891 33.598946 33.503216 33.60213 33.592228 33.59132 33.574104 33.616955 33.646645 33.655426 33.65425 33.790825 33.80316 33.86094 33.859234 33.828556 33.759586 33.78614 33.84207 33.971672 34.007027 34.029263 34.152824 34.226574 34.316944 34.290615 34.234802 34.236526 34.195107 34.160053 34.146378 34.24947 34.2634 34.13224 34.063778 34.012135 33.643253 33.69682 34.06566 34.136738 34.066566 34.18213 34.15185 34.19568 34.319813 34.409412 34.42473 34.43737 34.46376
33.159443 32.96829 32.919926 -32767.0 -32767.0 -32767.0 -32767.0 -32767.0 -32767.0 -32767.0 -32767.0 33.34334 33.533585 33.518097 33.644093 33.586403 33.603447 33.58977 33.5811 33.588184 33.638718 33.66069 33.75928 33.750942 33.767967 33.82904 33.824966 33.758785 33.74069 33.779766 33.773724 33.86088 33.92262 33.956264 33.974136 34.056313 34.18691 34.201267 34.199795 34.165684 34.115803 34.078094 34.09721 34.223274 34.22523 34.050804 33.991238 33.984802 33.646194 33.47063 33.503582 33.488747 33.522957 33.772087 34.116474 34.072823 34.098625 34.34079 34.40376 34.443157 34.433105
