static/data/ASCData/20210103/ASCU/00.asc
ncols 97
nrows 97
xllcorner 99.0
yllcorner 2.0
cellsize 0.25
NODATA_value -32767
[rows 57 to 75 of 97, columns 0 to 42 of 97]
-2.223396865094745 -2.100384532567621 -1.724358197910845 -1.7917354073177467 -2.2684081958603515 -3.2214741994625444 -3.779223298079844 -3.545779439761325 -3.1834522057723422 -3.1454302120821405 -2.997815413049592 -2.9782452692384584 -2.461593472624539 -1.7908966868686984 -1.320094941469434 -1.2829116682282806 -1.6989170109563716 -1.7811116149631316 -1.7117773911751164 -1.1285871056033434 -0.5291815580166315 -0.3494158084372212 -0.6267527035892817 -0.7195710999506568 -1.168845687157675 -1.3220519558505472 -1.3192562210203853 -1.0192738737440132 -0.8026044244064656 -0.6102578680913266 -0.8504114900022341 -1.6413248734550367 -2.464668780937717 -3.0867197806487408 -2.8406951155944933 -2.0769003599942613 -0.268339498362526 -1.280954653847167 -0.9764991308425359 -0.03209990521384487 0.03248156936289481 -1.157103600870995 -2.1862135918535914
-2.5124758465334853 -1.7967677300120384 -2.0612442449453545 -2.3612265922217266 -3.2418830637227263 -4.162798116778057 -3.973526868776096 -3.7068137659786506 -3.3327444457029882 -3.097343573003356 -2.8406951155944933 -2.3961732775987503 -1.8895861263734135 -1.5848510298857659 -1.1492755433465414 -1.6413248734550367 -2.0662765676396457 -1.6142062456024662 -1.8524028531322603 -2.0897607402130056 -1.5602485633803411 -1.1210386215619064 -0.8982185555980027 -0.9910369519593778 -0.8934658063867276 -0.9314878000769293 -0.779958972282154 -0.5613325085634933 -0.5143641634167735 -0.687420149403795 -0.9362405492882044 -1.5085274690223462 -2.2997204259581645 -2.0321686027116703 -1.7760792922688404 -1.6874544981527078 0.3302273287751376 0.02269649745732849 -1.0262632108194176 -0.497869327918818 -1.2840299621603455 -2.464668780937717 -2.9645461685706653
-2.1669230215254744 -2.022383530806104 -2.7028653884675116 -3.8259120697435476 -4.6805682073240416 -4.5251253507670395 -4.336692823214127 -3.9547954454140117 -3.607285606024887 -3.174505854315824 -2.7361346329464378 -2.202988000834563 -1.9245328117504374 -1.6365721242437612 -2.326839053810735 -2.8309100436889265 -2.584885378634679 -1.8641449394189402 -2.488152953511077 -2.975449534408297 -2.3592695778406134 -1.1218773420109547 -0.9032508782922939 -0.9804131596047627 -0.8778096913378208 -0.6471615678494635 -0.5096114142054979 -0.31614656395829455 -0.3407490304637193 -0.5778273440614483 -0.8221745682175987 -1.3788053729028338 -1.3620309639218622 -1.0964361550564816 -0.864949311119076 -0.8260885969798255 0.8292659959590374 0.2737534852058676 -1.5222265696901394 -2.97153550564607 -3.729179644619946 -3.755739125506484 -4.232132340566072
-1.9139090193958221 -2.5272932411333437 -3.9578707537271898 -5.0652613199543195 -5.0370243981696845 -4.881581541612682 -4.6366751704905 -4.214798784619068 -3.9120207025125344 -3.4286381503775414 -2.9586751254273254 -2.488152953511077 -2.34557047717282 -2.7341776185653246 -3.4255628420643633 -3.9841506611307116 -3.5916294909759805 -3.087838074580805 -3.409068006566408 -3.099300587384469 -2.520303904057939 -1.1833835082745168 -1.0125641101516245 -1.089726391464093 -0.7438939929730655 -0.47550344927752297 -0.4704711265832313 -0.2252851819780326 -0.2879096421736591 -0.39135183088964975 -0.5915264447292419 -0.6471615678494635 -0.6306667323515085 -0.1825104390765553 0.07329929788325895 -0.204037597268802 0.4512826469211477 -1.0145211245327377 -3.6002962689494824 -5.23915602639039 -5.263478919412798 -5.28975882681632 -5.28975882681632
-2.31034421831278 -3.390336583204323 -5.038981412550798 -5.495804483799253 -5.3934805890153275 -5.1443806156479015 -4.903108699804929 -4.5270823651481535 -4.271272628188339 -3.7859330616722326 -3.549693468523552 -3.2293022569869976 -3.4051539778041815 -3.7985138684079613 -4.279100685712792 -4.782892102107967 -4.827064712424526 -4.634718156109386 -3.563392569191345 -2.137567805808774 -2.1658047275934096 -1.8602309106567136 -1.6796264406282546 -1.247964982851257 -0.9138746706469094 -0.4872455355642029 -0.4998263422999316 -0.2811998785812704 -0.35332983719944755 -0.25659741207584563 -0.1179289644998156 -0.1637790157144705 -0.036852654425120424 0.4543579552343262 0.3380553862995912 -0.12491830157521999 -1.377687078970769 -3.575134655478025 -5.9411650422440445 -6.384568586307722 -6.314395642070657 -6.194179044373696 -6.186350986849243
-2.485077645197899 -4.685320956535317 -5.731205356498885 -5.795786831075625 -5.587784159711579 -5.390405280702149 -5.125928765768833 -4.8016235254700526 -4.647298962845115 -4.262605850214837 -4.2312936201170235 -4.192153332494757 -4.3495532034328726 -4.634718156109386 -5.037863118618732 -5.254812141439297 -5.2799737549107535 -4.914850786091609 -3.01850385079279 -2.394216263217637 -4.447124349005523 -3.941096344746218 -2.3327100969540755 -1.4959466622866175 -1.0729519824831217 -0.7086677341130256 -0.6247956892081685 -0.45984733422861623 -0.32593163586386087 -0.15203692942779057 0.12725698010538355 0.2961193638471622 0.41633596154412444 -0.1335850795487219 -0.7606684019540371 -2.1814608426423163 -4.189357597664595 -6.231362317614849 -6.891435311016075 -7.106147745972509 -7.14640632752684 -7.09440565968583 -6.859284360469212
-2.6581336311849206 -5.7781737016456045 -6.224372980539444 -5.865959775312689 -5.62664487385083 -5.4382123462979175 -5.204768487979399 -5.061347291192093 -4.848312297133756 -4.7507411515611055 -4.729213993368859 -4.820075375349121 -4.970485909211831 -5.118939428693428 -5.275221005699478 -5.302619207035065 -4.980270981117398 -4.44516733462441 -4.2732296425694525 -4.981389275049462 -6.611023107550836 -5.695140377189796 -3.567306597953572 -2.0651582737075813 -1.454010639834189 -0.9862842027481027 -0.6815491062604551 -0.4852885211830893 -0.217457124453579 0.030524554981781638 0.5119500927356615 0.40543259570649326 -0.7262808635430456 -2.317333555388185 -3.906988379818243 -5.567095721968381 -6.842509951488242 -7.453937158844649 -7.68430570884999 -7.857361694837012 -7.92362061031185 -7.75475822657007 -7.380688906294408
-2.2488380520492184 -5.454986755278889 -5.984219358628537 -5.751893794242083 -5.547805151640264 -5.385652531490874 -5.207843796292576 -5.141305307334723 -4.996765816615353 -5.056594541980818 -4.8416025335413675 -4.988099038641851 -5.125928765768833 -5.211757825054804 -5.183520903270168 -5.09461653567102 -4.975518231906122 -4.798548217156874 -5.502793820874658 -6.336761520711953 -6.860123080918262 -6.215706202565943 -4.845516562303594 -3.534037353474645 -2.391420528387475 -1.2605457895869852 -0.5915264447292419 -0.4304921185119164 -0.018400804546051752 0.47979914218879927 0.06379379946070829 -1.323170249782612 -3.4979723741655566 -5.334770157581927 -6.697970460768872 -7.820178421595859 -8.186419684347069 -8.25966793689731 -8.43440136378243 -8.493950515664878 -8.428530320639089 -8.112053137864763 -7.594562620801794
-1.6843791898395297 -5.201972753149237 -6.1256835410347295 -5.659914118329756 -5.312404278940631 -5.16283246552697 -5.0487664844563644 -5.040938426931911 -5.062186011641142 -5.102444593195473 -4.916807800472722 -4.960700837306264 -5.026121032332053 -5.185477917651282 -5.206725502360512 -5.158079716315695 -5.169821802602375 -5.651247340356255 -6.325858154874322 -6.932532613019455 -6.738229042323202 -6.1346298924912475 -5.146337630029015 -3.677458550261951 -1.9589203501614287 -0.9354018288391561 -0.5495904222768133 -0.09053076316422892 0.4308737826609663 -0.34857708798817244 -1.7067450684808252 -4.162798116778057 -6.179641223256854 -7.354408998890886 -8.426573306257975 -8.887589979751674 -9.045828571138838 -9.1073347374024 -8.82021277034477 -8.611091805048662 -8.355282068088847 -8.084654936529176 -7.622799542586429
-1.570033635285908 -4.792677174013534 -5.81228166657358 -5.206725502360512 -4.898355950593654 -4.794634188394648 -4.662955077894022 -4.939173679114018 -5.061347291192093 -5.071971083546708 -4.9042269937369944 -4.887452584756023 -5.002636859758693 -5.158079716315695 -5.380620208796582 -5.444083389441257 -5.861207026101413 -6.379815837096446 -6.828810850820448 -6.945113419755183 -6.666937804154074 -6.133511598559183 -5.102444593195473 -3.280184630895944 -1.4822475616188244 -0.6452045534683504 -0.28679134824159425 0.01682545431398852 -0.5965587674235331 -2.1453958633332277 -4.621019055441593 -6.685389654033143 -7.605186413156408 -8.612210098980725 -9.108173457851448 -9.455962870723589 -9.50572695070047 -9.418779597482436 -9.02514013339564 -8.412035485141134 -8.147279396724802 -7.957728575239825 -7.526067117462826
-1.3983755167139673 -3.2849373801072197 -3.669630492737497 -3.0925908237920807 -3.953956724964963 -3.946967387889558 -4.447124349005523 -4.694267307991835 -4.948120030570536 -4.988937759090899 -4.855301634209161 -4.744031387968716 -4.918764814853835 -5.274102711767414 -5.509503584467046 -5.9411650422440445 -6.36415972204754 -6.717540604580004 -6.96664057794743 -6.871865167204941 -6.434332666284604 -5.854217689026008 -4.696224322372949 -2.870050331311193 -0.9969079951027178 -0.12491830157521999 -0.5574184798012665 -1.433322202090991 -3.0584828588641053 -4.99480880223424 -7.027028450278927 -7.614971485061975 -8.509606630713783 -9.03017245608993 -9.446177798818022 -9.75678393844901 -9.705901564540063 -9.416822583101322 -8.96866628982637 -8.38743301863571 -8.008610949148771 -7.806479320928066 -7.3387528838419795
-1.0877693770829797 -1.4411502596154442 -1.765455499914225 -1.18534052265563 -2.0612442449453545 -3.833740127268001 -4.351510217813986 -4.500802457744632 -4.8024622459191 -4.823989404111347 -4.833774476016914 -4.74598840234983 -4.934420929902743 -5.297586884340774 -5.8318518103847135 -6.2674272969239375 -6.569087085098408 -6.844466965869355 -6.814273029703607 -6.576915142622861 -6.133511598559183 -5.3895665602531 -4.232132340566072 -2.377721427719682 -0.503740371062158 -0.6024298105668731 -1.6698413687226878 -3.9371823159839914 -5.814238680954693 -7.3250537831741855 -7.8679854871916275 -8.456767242423725 -8.917783915917422 -9.433317418599277 -9.618954211322027 -9.841494703802915 -9.570028851794195 -9.098388385945881 -8.666726928168885 -8.263581965659537 -7.886437337070697 -7.555422333179527 -7.088814190025506
-0.8182605394553724 -0.6063438393290999 -1.1990396233234235 -0.6541509049248684 -1.6013458653837214 -3.373841747706368 -4.35039192388192 -4.465576198884591 -4.784849116489081 -4.798548217156874 -4.879624527231569 -4.863968412182663 -5.013540225596325 -5.418642202486784 -5.954025422462788 -6.356331664523086 -6.636464294505309 -6.6912606971764825 -6.522398313434703 -6.203964116279263 -5.697936112019958 -4.9207218292349495 -3.8211593205322725 -1.9656301137538172 -1.3737730502085426 -1.6902502329828697 -3.8180840122190944 -6.111984440366936 -7.431571280203355 -8.157064468630368 -8.559370710690667 -8.86885855638959 -9.329875229883287 -9.582889232012938 -9.752869909686783 -9.551577001915126 -9.188411047477095 -8.671759250863175 -8.207946842539315 -7.8562434009049475 -7.7488871834267306 -7.417872179535561 -6.9987915284942925
-0.7791202518331057 -0.04579900588163843 -1.0036177586951065 -1.0505861038418263 -1.7830686293442453 -3.4040356838721166 -4.472565535959996 -4.651212991607341 -4.905065714186042 -5.031992075475393 -5.040938426931911 -4.985303303811689 -5.0817561554522745 -5.493008748969091 -5.946197364938335 -6.336761520711953 -6.435450960216668 -6.368912471258815 -6.17852292932479 -5.76531332142686 -5.219585882579256 -4.467533213265705 -3.4227671072342014 -2.904158296239168 -2.5692292635857723 -3.748749788431079 -5.966606229198517 -7.151159076738116 -7.822974156426021 -8.521348717000464 -8.85627774965386 -9.148152465922763 -9.305552336860877 -9.49985590755713 -9.434435712531343 -9.034086484852157 -8.828879548318273 -8.296571636655447 -7.835834536644766 -7.73127405399671 -7.654111772684242 -7.394388006962201 -6.955737212109799
-1.0866510831509149 -0.08969204271518016 -0.5672035517068332 -0.7908623381197857 -1.2664168327303251 -2.989987355525139 -4.900312964974767 -5.248941098295957 -5.0652613199543195 -5.2399947468394386 -5.2399947468394386 -5.182402609338103 -5.243070055152616 -5.524320979066904 -5.929422955957364 -6.156157050683494 -6.228287009301671 -5.988972107839812 -5.750775500310018 -5.279135034461705 -4.738160344825377 -4.089549864227815 -3.752663817193306 -3.6872436221675176 -4.50164117819368 -5.937251013481817 -6.88081151866146 -7.413958150773334 -8.032933842171179 -8.631780242791859 -8.959719938369851 -9.151227774235942 -9.213572660948552 -9.089721607972379 -8.928407708272037 -8.594596969550707 -8.57306981135846 -8.058375029125653 -7.803404012614887 -7.699961823898898 -7.691295045925395 -7.46567924513133 -7.017522951856376
-1.6413248734550367 -0.7771632374519921 -1.157103600870995 -1.6052598941459482 -1.8543598675133737 -3.3249163881785346 -5.3473509643176556 -5.804453609049126 -5.538858800183746 -5.538858800183746 -5.3054149418652266 -5.3680394020608535 -5.358254330155287 -5.556471929613766 -5.798582565905787 -5.898390299342567 -5.830733516452648 -5.592536908922854 -5.2517368331261185 -4.873753484088229 -4.418887427220888 -4.1451849873480375 -4.353467232195099 -4.9998411249285315 -5.93333698471959 -6.911844175276256 -7.305483639363053 -7.597358355631956 -8.176634612441502 -8.699157452198762 -9.057570657425519 -9.15206649468499 -8.989913874535599 -8.769330396435826 -8.560489004622731 -8.193129447939457 -8.028181092959905 -7.720650261642096 -7.663896844589809 -7.664735565038857 -7.631745894042947 -7.3387528838419795 -6.88081151866146
-2.529250255514457 -1.4755377980264357 -1.6737553974849146 -1.9647913933047687 -2.110169604473188 -3.6218234271417287 -5.686473599216295 -5.926627221127202 -5.456943769660002 -5.6618711327108695 -5.4890947202068645 -5.507546570085933 -5.415846467656622 -5.470642870327795 -5.588622880160628 -5.621892124639555 -5.453868461346824 -5.179606874507941 -4.906184008118107 -4.56622265277042 -4.345639174670645 -4.449081363386636 -5.084831463765453 -5.972477272341857 -6.736272027942089 -7.3133116968875065 -7.608261721469587 -8.220527649275043 -8.824126799106999 -9.058409377874566 -9.13361464480592 -9.026258427327704 -8.870815570770702 -8.800642626533637 -8.593478675618641 -7.996030142413042 -7.537809203749507 -7.356366013272 -7.358323027653112 -7.481335360180236 -7.419829193916675 -7.044641579708947 -6.564334335887132
-3.3864225544420967 -2.1932029289289963 -1.280954653847167 -1.450935331521011 -1.654185253673781 -3.091752103343032 -5.2399947468394386 -6.037897467367646 -5.709678198306638 -5.569052736349494 -5.498879792112431 -5.4871377058257504 -5.451911446965711 -5.335888451513991 -5.322189350846198 -5.269349962556138 -5.141305307334723 -4.874871778020294 -4.744870108417765 -4.50164117819368 -4.7996665110889385 -5.173735831364601 -5.970520257960744 -6.76339065579466 -7.266343351740786 -7.699961823898898 -8.169645275366097 -8.714533993764652 -8.956924203539689 -8.898213772106288 -8.8915040085139 -8.789739260696006 -8.741932195100238 -8.76457764722455 -8.471584637023582 -8.017277727122273 -7.6043476927073606 -7.345462647434368 -7.354408998890886 -7.39522672741125 -7.030942479041154 -6.576915142622861 -6.217663216947056
-4.141550532068827 -3.2390873288925643 -2.022383530806104 -1.6393678590739231 -1.6854974837715946 -1.928446840512664 -3.6042102977117088 -5.536901785802632 -5.6736132189975494 -5.587784159711579 -5.825142046792325 -5.6171393754282795 -5.451072726516662 -5.383695517109761 -5.212596545503851 -5.067218334335433 -4.899194671042703 -4.691191999678657 -4.66379379834307 -4.847473576684707 -5.301500913103 -6.040693202197808 -6.795821179824538 -7.413958150773334 -7.90013643773849 -8.23115144162966 -8.635694271554087 -8.54874691833605 -8.353325053707735 -8.338787232590892 -8.29265760789322 -8.294614622274334 -8.558531990241619 -8.610253084599613 -8.342701261353119 -8.12099948932128 -7.65131603785408 -7.04659859409006 -7.067287031833258 -7.209869508171515 -6.865994124061602 -6.377858822715333 -6.020284337937626
