static/data/ASCData/20210103/ASCU/03.asc
ncols 97
nrows 97
xllcorner 99.0
yllcorner 2.0
cellsize 0.25
NODATA_value -32767
[rows 38 to 56 of 97, columns 0 to 42 of 97]
-1.6121706857006468 -0.752655250728953 -0.14918829514932153 -0.06419294929303554 -0.13165800506646264 -0.023288939099697537 -0.15396928335373783 -0.9391137907011808 -1.2517372971788334 -1.2291604084357575 -2.080707529733424 -1.669808154609441 -0.8777577754111743 -0.7547801343753604 -1.1462899462258784 -1.689197717882906 -2.0945192734350706 -2.382706617979041 -2.688158642150069 -3.074887465796171 -3.705712298323295 -3.9832752246352294 -3.9235128720800283 -3.846485839897769 -3.95963589406895 -4.482091660629309 -5.065106611112272 -5.143196085117735 -5.090605214869157 -4.723531564952322 -4.123783155753903 -3.2547057443733767 -2.2692909533520593 -1.25067485535563 -1.781895766957418 -3.4265557092765553 -5.039873617811186 -5.395260407672783 -4.9684244052007465 -4.823135485877657 -4.590460726596073 -4.642254765477248 -4.998703997162048
-1.6676832709630336 -0.8650084735327312 -0.23126192599179785 0.09411088236429777 -0.026210654113507204 -0.23524608282881143 -0.48890406811866516 -1.1940998282700392 -1.5603766468194724 -1.356122206308585 -1.7574596050237359 -1.7253207398718278 -1.5856096401205573 -1.410837960203569 -1.6111082438774433 -2.1178929935455493 -2.417767198144759 -2.618834313186036 -2.9187085177852454 -3.176616270367914 -3.642231399386881 -3.9684010391103794 -3.9537924640413302 -3.865875403171234 -3.989915486030252 -4.260572540491363 -4.451812068668007 -4.82393231724506 -4.833759904109693 -4.1931074847179355 -3.611951807425579 -3.0613413325503256 -2.8201670386831137 -1.9664950337390397 -0.6482703415992019 -1.1237130574828025 -2.615912598172226 -4.095362836983207 -4.10226870883403 -4.279165272397425 -4.043834408557833 -4.155922020905811 -4.53308886814308
-1.7840206506038254 -1.0007354164469882 -0.3600829970552315 -0.057287077442212286 -0.35238029383700553 -0.5701808675937388 -1.094495907344704 -1.732226611722651 -2.000758782537355 -1.96357331872523 -2.296648830299551 -2.5633217279236487 -2.4363599300508216 -2.1657028755897105 -2.355348741031549 -2.371816589291204 -2.618037481818633 -2.699048670837906 -2.8767420657687044 -3.0270775837520105 -3.201052432301596 -3.5057076251052215 -3.665870729953161 -3.5808753840968746 -3.5261596302018905 -3.675432706361993 -3.2223012687656674 -3.3707775135583673 -3.3455445202572824 -2.9157868027714358 -2.458671208338097 -3.114994644622106 -2.8961316290421695 -2.3181632772194236 -0.9157400705907022 0.03248925661849 -0.48226380672364266 -1.3856049669024841 -1.4392582789742647 -2.0018212243605586 -3.5330655020527137 -3.6695892763343734 -4.1423758876599654
-1.8777811415015409 -1.156914364457914 -0.5260895319307903 -0.33670927694475283 -0.6336617665301527 -1.2254418620545446 -1.74975690180551 -2.1471101436836477 -2.3415369973299023 -2.8015743067770513 -3.3327952183788394 -3.482068294538942 -3.18139725857233 -2.9110058145670195 -2.5983823080893673 -2.612194051791014 -2.6275994582274653 -2.6823152121224494 -2.668769078876604 -2.6658473638627944 -2.7633264011417222 -2.841681485602986 -3.001844590450925 -2.929332936017281 -2.872757908931691 -2.6374270450920987 -2.1500318586974574 -2.0533496527859323 -1.933293726763928 -1.7234614666812216 -1.4998174628968686 -2.166765317412914 -3.6717141599807803 -3.108088772771283 -1.322920899333473 -0.35131785201380206 0.073393266811828 0.927065271755902 1.3108723803881936 0.45826281726732354 -1.09927689554912 -3.4353208543179847 -3.920591157066218
-1.850423264554049 -1.25067485535563 -0.821182748325584 -0.6588947598312376 -1.0642163153834021 -1.6559964109077945 -2.289742958448728 -2.6756749507274273 -2.8990533440559796 -3.579812942273671 -4.196029199731746 -3.8796871468728806 -3.5359872170665234 -3.08949604086522 -2.7771381448433687 -2.5388855659899665 -2.5046218171916514 -2.45681193514749 -2.390409321197267 -2.3006329871365647 -2.2682285115288554 -2.291867842095135 -2.1678277592361175 -2.095581715258274 -1.888405559733577 -1.60128065701281 -1.2469563089744171 -1.0838714891126684 -0.9781585277039122 -1.3338109280213097 -1.0084381196652141 -1.4597102840709337 -2.965721568462004 -3.5261596302018905 -1.6676832709630336 -1.032077450231494 -0.4618118016269741 1.2003784307750216 2.529493151602696 1.7013197504155082 0.39956290653532633 -1.9383403254241447 -3.6695892763343734
-1.7486944599823064 -1.4283682502864279 -1.1707261081595606 -1.1258379411292094 -1.5192070261703337 -2.159062614194688 -2.814323608655494 -3.536784048433926 -3.7899108128121783 -4.296695562480284 -4.534948141333687 -4.044631239925236 -3.3806051004230007 -2.907021657730006 -2.578992744815902 -2.337552840492889 -2.2244027863217077 -2.1051436916671067 -2.091597558421261 -1.9704791905760533 -1.8727345428413242 -1.6424502776619487 -1.474318859139983 -1.212692560176102 -1.006578846474608 -0.7322032456322844 -0.33086584691713306 0.12040631748858566 0.09012672552728418 -0.7635452794167898 -1.1686012245131536 -1.3287643293610927 -1.8084568125375076 -2.45681193514749 -2.1959824675510125 -1.7664903605209665 -1.190115671433026 0.3400661644359255 1.5539059474460117 2.2561799925835766 1.3273402286478495 -0.4950131086020857 -2.5242769909209173
-1.824924660797163 -1.7996916674960781 -1.68149501466468 -1.6384661208249351 -2.0172266307970106 -2.6804559389318436 -3.3327952183788394 -4.070129843682122 -4.606131743488326 -4.980111265255985 -4.570008721499405 -3.491895881403575 -2.8337131719289594 -2.4987783871640317 -2.214575199457075 -2.018289072620214 -1.89238971657059 -1.857063525949071 -1.8482983809076416 -1.711774606625982 -1.5702042336841053 -1.307515492897021 -0.9069749255492727 -0.5563691238920923 -0.2801342498591626 0.002209664657188526 0.4123122084137689 0.9573448637172035 0.9924054438829222 -0.25357320427907304 -1.2937037491953745 -1.3640905199826117 -1.3170774693058536 -1.7672871918883692 -2.3035547021503744 -2.6570822188213645 -2.204747612592442 -0.4859823531048555 0.6819068210516761 1.822438118260716 2.53932073846733 1.0303877390624496 -1.669808154609441
-2.282040255230502 -2.6793934971086397 -2.302492260327171 -2.04086596136329 -2.2780560983934883 -2.7898874467218118 -3.359090653503128 -3.9588390627015473 -4.636411335449628 -4.878648071140043 -3.7498036339862435 -2.6071474531307963 -2.0475062227583125 -1.8063319288911006 -1.6512154227033782 -1.5505490599548395 -1.5640951932006848 -1.6822918460320828 -1.8201436725927471 -1.7731306219159886 -1.5173477529797275 -0.9664716676486731 -0.3914250308397369 -0.06127123427922587 0.09490771373170048 0.31855171751605305 0.6789851060378664 1.0139198908027938 0.9913430020597183 0.20141750650785895 -1.0485452984911494 -1.4706003127587701 -1.2273011352451513 -1.237925553477187 -1.857063525949071 -2.5447289960175863 -3.382464373613607 -2.442203360078441 -0.5592908389059024 1.1573495369352766 2.2755695558570412 1.4298658645869944 -1.0357959966127064
-3.0193748805337846 -3.160945253475661 -2.5994447499125704 -2.152156742343865 -2.1550784573576744 -2.32294426542384 -2.492934957136412 -2.3484428691807255 -2.5396823973573692 -2.828932183724543 -2.2262620595123144 -1.7154931530071948 -1.5045984511012849 -1.104323494209337 -0.7770914126626356 -0.7683262676212061 -0.9704558244856862 -1.1736478231733707 -1.433414848946645 -1.3874642400930903 -1.147352388049082 -0.7986058595825081 -0.37176985711047106 -0.15901588201395445 -0.06419294929303554 0.04311367485052564 0.12518730569300196 0.27366355048570234 0.13023390435321947 -0.26924422117132574 -0.7077670836986019 -1.0875900354938808 -1.1561175330905114 -1.3346077593887125 -2.067161396487579 -2.7253441059621943 -3.8873898500911066 -4.055521268613073 -2.2174969144708845 -0.21373163590893896 1.2200336045042883 1.1270699449739752 -0.7351249606460941
-3.188303130423153 -3.127743946500549 -2.6501763469705413 -2.066098954664375 -1.6639647245818212 -1.5983589419990003 -1.2711268604522985 -1.0203905901762544 -1.051467013504959 -1.6512154227033782 -1.5582517631730655 -1.4089786870129628 -1.2079115719716857 -0.8405723115990491 -0.5592908389059024 -0.5749618557981551 -0.6891743517925395 -0.8336664397482259 -1.0828090472894645 -1.1218537842921963 -1.0565136121651761 -0.9391137907011808 -0.8952880654940332 -0.7037829268615887 -0.5446822638368531 -0.5016533699971082 -0.7274222574278681 -0.5738994139749516 -0.6365834815439624 -0.5592908389059024 -0.7664669944305995 -1.0084381196652141 -1.1510709344302943 -1.3473570612671555 -1.925591023545702 -2.985111131735469 -4.376644309676354 -4.687142932507599 -3.268251877619222 -1.498755021073665 0.01575579790303383 0.25028983037522323 -0.7420308324969174
-2.814323608655494 -2.535963850976157 -2.0251949444710373 -1.4451017090018845 -1.0671380303972118 -0.7340625188228906 -0.3542395670276117 -0.38451915898891365 -0.6424269115715822 -1.5739227800653182 -2.110987121694726 -1.8777811415015409 -1.7213365830348142 -1.508582607938298 -1.4976925792504616 -1.47644374278639 -1.0543887285187692 -0.9959544282425723 -0.9098966405630824 -0.9226459424415254 -0.9938295445961649 -1.2068491301484823 -1.1911781132562296 -1.0145471601486347 -0.8328696083808231 -1.0496077403143529 -1.310437207910831 -1.1842722414054063 -1.2331445652727706 -1.1412433475656614 -1.1784288113777865 -1.4079162451897593 -1.6490905390569712 -1.8748594264877312 -2.469561237025933 -3.8425016830607555 -5.59924923772787 -5.652105718432248 -4.208778501610189 -2.4196264713353655 -0.8270261783532034 -0.03789751416874676 -0.9481445461984115
-2.5524316992358123 -1.925591023545702 -1.0809497740988583 -0.48810723675126244 -0.28093108122656485 0.03833268664610934 -0.11412771498360375 -0.28199352304976877 -1.0780280590850486 -2.144188428669838 -2.8570868920394377 -2.87860133895931 -2.771294714815749 -2.668769078876604 -2.643270475119718 -2.0533496527859323 -1.5964996688083941 -1.2185359902037218 -0.9157400705907022 -0.8639460317095278 -1.1353999175380416 -1.3250457829798803 -1.4352741221372511 -1.2663458722478826 -1.2674083140710861 -1.4644912722753496 -1.7566627736563332 -1.7975667838496712 -1.9548081736838006 -2.0475062227583125 -2.1678277592361175 -2.3864251643602534 -2.6228184700230495 -2.7662481161555323 -3.338638648406459 -4.770279005173279 -6.31506941611128 -6.128610876139052 -4.805339585338997 -2.9880328467492787 -1.1882563982424195 -0.40311189089497645 -1.062357042192796
-2.4947942303270185 -1.6785732996508704 -0.5553066820688888 0.4553411022535139 0.6672982459826269 0.4914641242424356 0.32837930438068597 -0.6081631627732667 -1.6238575457558864 -2.7633264011417222 -3.3553721071219154 -3.517394485160461 -3.6363879693592613 -3.5243003570112843 -2.8201670386831137 -2.227324501335518 -1.7234614666812216 -1.2838761623307415 -1.0153439915160374 -0.9430979475381944 -1.2498780239882272 -1.5221287411841438 -1.631560248974112 -1.7468351867917002 -1.7537410586425235 -1.925591023545702 -2.206872496238849 -2.4236106281723786 -2.7096730890699416 -2.9938762767768985 -3.547674077121763 -3.7673339240691024 -3.856313426762402 -3.996821357881075 -4.308382422535524 -5.538955664261067 -6.519323856622167 -5.927543761097775 -4.575852151527024 -3.3630748103401413 -1.576047663711725 -0.9284893724691452 -1.576047663711725
-2.6716907938904138 -1.8894680015567804 -0.23312119918240404 0.8322423390349822 1.3948052844212766 1.2189711626810844 0.28242869552713135 -0.7927624295548883 -1.900092419788816 -2.919770959608449 -3.286844609525285 -3.572907070422848 -3.6892444500636397 -3.4305398661135684 -2.7253441059621943 -2.059458693269353 -1.5895937969575709 -1.2389879953003904 -1.1736478231733707 -1.1130886392507664 -1.237925553477187 -1.5574549318056627 -1.9664950337390397 -2.080707529733424 -2.2233403444985047 -2.4090020531033294 -2.761467127951116 -2.982189416721659 -3.3346544915694456 -4.047552954939046 -4.646238922314262 -5.028983589123349 -5.11796309181665 -5.061388064731059 -5.351434682465635 -5.795800975020532 -6.54668173356966 -5.796597806387934 -3.9344029007678647 -3.0241558687382004 -2.3455211541669154 -1.6979628629243355 -1.7439134717778901
-2.9811269748984555 -2.0974409884488807 -0.3542395670276117 0.5929273183583765 1.2473914814517801 1.105821108509904 0.1047353005963334 -0.9616906794442568 -1.965698202371637 -2.535963850976157 -2.660800765202577 -3.0241558687382004 -3.2799387376744615 -3.1033077845668666 -2.711797972716349 -2.018289072620214 -1.5300970548581705 -1.2711268604522985 -1.3316860443749023 -1.284938604153945 -1.2145518333667082 -1.6297009757835057 -2.125861307219576 -2.4469843482828573 -2.5319796941391433 -2.829729015091946 -3.2624084475916026 -3.4459452725500204 -3.986993771016442 -4.826854032258869 -5.447054446553958 -5.848391845269108 -6.10709642921918 -6.093550295973333 -5.5867655463052275 -5.554361070697519 -6.498871851525498 -6.170577328155593 -4.000805514718088 -2.8767420657687044 -2.2262620595123144 -1.457851010880327 -1.361168804968802
-2.913927529580829 -2.134626452261006 -1.0466860253005432 0.006193821494201224 0.825336467184159 0.6593299323086006 -0.3016486967790346 -1.2448314253280102 -1.9176227098716754 -2.2586665351200232 -2.3415369973299023 -2.7556236979234967 -3.150055224787824 -3.3131400446495736 -3.0788716226331845 -2.6100691681446064 -2.1394074404654218 -1.4607727258941372 -1.3454977880765489 -1.4089786870129628 -1.310437207910831 -1.6129675170680495 -2.1247988653963725 -2.5670402743048615 -2.927473662826675 -3.266392604428616 -3.494817596417385 -3.7389136052984067 -4.502809276181779 -5.037748734164779 -5.68530702540736 -6.248666802161056 -6.53499487351442 -6.391299616926137 -5.666714293501297 -5.127790678681283 -6.3211784565947 -6.4813415614426395 -4.331756142646003 -2.5819144598297115 -1.340716799872133 -0.6785499335605039 -1.2166767170131152
-2.799449423130644 -3.082855779470198 -2.0437876763771 -0.5895704308672043 0.22001023841392175 -0.02700748548090992 -0.8806794904249844 -1.689197717882906 -2.4188296399679627 -3.1266815046773457 -3.461616289442273 -3.657105584911731 -3.59734323235653 -3.662949014939351 -3.7516629071768497 -3.5681260822184315 -2.8512434620118183 -1.7303673385320448 -1.3590439213223946 -1.3864017982698869 -1.3444353462533454 -1.4432424358112783 -1.7858799237944316 -2.381644176155837 -3.0106097354923547 -3.381667542246204 -3.464538004456083 -3.572110239055445 -3.951933190850724 -4.279962103764828 -4.685283659316993 -5.335763665573383 -6.147203608045114 -6.341630461691369 -5.439351743335731 -4.583820465201051 -4.75567043010423 -4.8348223459328965 -3.3043748996081437 -1.4381958371510613 -0.38850331582592723 -0.4618118016269741 -1.3972918269577232
-2.719500675934575 -3.3758241122185844 -2.6735500670810204 -1.3757773800378508 -0.6851901949555259 -0.9059124837260693 -1.6286385339603022 -2.357208014222155 -2.898256512688577 -3.6775575900084 -4.024179234828567 -4.340521287687432 -4.059239814994285 -3.38937024546443 -2.9412854065283214 -2.8807262226057175 -2.4860290852855886 -1.7789740519436084 -1.669808154609441 -1.0496077403143529 -0.8875853622758076 -0.963549952634863 -1.2498780239882272 -1.9176227098716754 -2.727203379152801 -3.2273478674258844 -3.3572313803125216 -3.1306656615143593 -2.6275994582274653 -2.588554721224734 -2.483107370271779 -2.778200586666572 -3.621779394290212 -4.3522081477426715 -4.300679719317298 -3.621779394290212 -3.037967612439847 -4.080754261914158 -3.5261596302018905 -1.60420237202662 -0.38850331582592723 -0.43445392467948185 -1.3688715081870275
-2.7399526810312436 -3.3006563532269313 -3.039826885630453 -2.0897382852306547 -1.7234614666812216 -1.925591023545702 -2.4342350464044147 -3.0387644438072496 -3.2948129231993115 -3.9227160407126256 -4.021257519814757 -4.126704870767712 -3.8669378449944376 -2.81910459685991 -2.008461485755581 -1.7486944599823064 -1.8660942814463017 -2.0945192734350706 -1.887343117910373 -1.1638202363087373 -0.6745657767234903 -0.7311408038090805 -1.0203905901762544 -1.5877345237669647 -2.1736711892637373 -2.652035620161148 -2.7702322729925455 -2.4987783871640317 -1.863172566432492 -1.3951669433113163 -1.2937037491953745 -1.4735220277725802 -2.2018258975786322 -3.063200605740932 -3.311280771458967 -2.7420775646776505 -1.7731306219159886 -3.268251877619222 -3.572110239055445 -1.8660942814463017 -0.8307447247344162 -0.7800131276764453 -1.4520075808527078
