static/data/ASCData/20210103/ASCU/06.asc
ncols 97
nrows 97
xllcorner 99.0
yllcorner 2.0
cellsize 0.25
NODATA_value -32767
[rows 19 to 37 of 97, columns 0 to 42 of 97]
0.9143207356732339 1.1731599428760933 0.7981985684540462 0.12042428631756552 -0.15684701092008568 -0.25269387910100205 -0.3893546609303855 -0.0446745772797823 -0.08074881063358852 -0.42542889428419217 -0.5876312865903586 -0.7127061832550159 -0.9644358700158846 -1.1060996477118548 -1.0573862669056195 -1.02210198026759 -1.1900973151561192 -1.582700832897181 -1.8375903065211567 -1.881564007032731 -1.6169318572475082 -1.8289008926476122 -2.011378583992049 -1.9782008219294245 -1.5632154805746872 -1.070025414358048 -0.7506236256123016 -0.5220657091808856 -0.6158060527863971 -0.7906475925449921 -0.9352078415321436 -1.0581762136213961 -1.249606634411304 -2.07589089911382 -3.5251798069922935 -3.837472075296049 -3.3619241523984247 -2.834766377403384 -2.5651312317515753 -2.4861365601738967 -2.5535453465868487 -2.4429528063780994 -1.9508160024491625
0.7884558922928 1.1086476277543231 0.5754335946049935 -0.1402581298887733 -0.41384300911946603 -0.4088400132528798 -0.2242557973330377 0.1575517819590746 0.037479881161003537 -0.45571018505563554 -0.6150161060706205 -0.6824248924835725 -0.8796482558558432 -1.1276915246097534 -1.0544897956144381 -0.8541066453790602 -1.0797680905192952 -1.5426768659644905 -2.0553522845036234 -2.1822703901717606 -2.2536289101635965 -2.2897031435174027 -2.300499081966352 -2.0808938949804063 -1.6616955044748596 -1.0650224184914618 -0.5789418727168139 -0.14236465446417768 -0.14420786346765713 -0.2740224404269753 -0.5017904101426147 -0.8435740225020365 -2.5153645886576377 -4.175569269648513 -5.135354529317305 -4.621889164062395 -4.1168498971091045 -3.755580932427189 -3.5973282736999064 -3.4938452539331477 -3.3445453246513352 -3.0377826833580177 -2.1833236524594626
0.4005920548463986 0.7113044297186 0.16913766712380074 -0.3933043945092698 -0.43332836144195985 -0.24479441194323437 -0.08575180650017478 0.15465531066789318 0.05986170477467878 -0.5046868814337961 -0.5584032581066176 -0.5115330863038619 -0.8746452599892569 -1.09741023383831 -0.9381043128233251 -0.5591932048223942 -0.5397078524999004 -1.285944183337036 -1.7449032252033474 -1.8678715972926 -2.1296072757866416 -2.276010733777272 -2.226244090683335 -1.9742510883505404 -1.4821142844216038 -1.0689721520703457 -0.6373979296842958 -0.20661365401402287 0.05011902861343209 0.028527151715532995 -0.5318083853421323 -1.895256416772862 -3.8287826614225042 -5.441063908322921 -5.8855405937333245 -5.177485020825401 -4.786724712087818 -4.51524635743253 -4.35804696099295 -4.192948097395602 -3.878549304516442 -3.256597923628187 -2.223347619392153
-0.08759501550365423 0.17703713428156842 -0.23610499806968965 -0.7585230927700697 -0.6013236963304895 -0.283765116588222 0.024577418136649154 0.15544525738366977 -0.08575180650017478 -0.6071166389128524 -0.4675593857922875 -0.5739388768502276 -0.9567997184300423 -0.981024751047197 -0.7751119738013821 -0.3298453416752012 -0.27612896500238016 -0.883597989434727 -1.3757347933636637 -1.4908036982951485 -1.9078955642252906 -2.130660538074344 -2.122761070916576 -1.8228446344933236 -1.5621622182869848 -1.1756149587002116 -0.8238253546076169 -0.45676344734333796 -0.027032433960767488 -0.08575180650017478 -0.8688523174068936 -2.849248733859292 -5.0015902187791035 -5.854206040674179 -5.896073216610349 -5.552446395247447 -5.262535950557368 -5.067155796188576 -4.952876837972868 -4.659016659703904 -3.978345906276242 -3.191032346218714 -2.5056219124963905
-0.47914527095701365 -0.3298453416752012 -0.6247587822318672 -0.8649025838280098 -0.7077031873884296 -0.2642797642657282 0.045116032746845836 0.007198590389560167 -0.2906113214582877 -0.6597797532979714 -0.4783553242412366 -0.699803720230662 -1.085561033101658 -1.1089961190030362 -0.7722155025102007 -0.32589560809631735 -0.200030764715883 -0.7253453307074444 -1.2819944497581517 -1.464472141102589 -1.8454897736789246 -1.9616119408981119 -1.9537124737403442 -1.8902534209062758 -1.6295710046999368 -1.192993786447301 -0.7945973261238759 -0.6071166389128524 -0.32405239909283834 -0.49678741427602846 -1.924484445256603 -3.9088305952878852 -5.218562250045793 -6.070914756368944 -5.987970351212381 -5.7691551109422115 -5.651189734719545 -5.549549923956266 -5.384451060358918 -4.794624179245586 -4.112900163530221 -3.86011721448165 -3.174443465187401
-0.7019102448060668 -0.6110663724917367 -0.7866978589661082 -0.9841845379103042 -0.6071166389128524 -0.16290326907437436 -0.16658968708133237 -0.25269387910100205 -0.4127897468317636 -0.6676792204557391 -0.6305517248142305 -0.9009768171818164 -1.2087927207628364 -1.0281582384218786 -0.6900610440694148 -0.60606337662515 -0.4849382135393765 -0.8912341410205693 -1.4547294649413423 -1.6422101521523653 -1.7427967006279426 -1.8228446344933236 -1.833640572942273 -1.7701815201082045 -1.6050826565108567 -1.140330672062182 -0.6052734299093734 -0.5797318194325909 -0.6900610440694148 -1.1998399913173663 -2.698895542289777 -4.538681443333908 -5.850256307095295 -6.148066218943143 -6.030100842720476 -6.066175076074282 -6.132530600199533 -6.004559232243693 -5.543756981373903 -4.9215422849137225 -4.30722705561131 -4.054444106562739 -3.980189115279721
-0.7761652360890845 -0.6266019912353467 -0.8238253546076169 -0.949953513559977 -0.5104798240161594 -0.11497983498391617 -0.1892348262669339 -0.4012038616670375 -0.44017456631202556 -0.7145493922584953 -0.8670091084034146 -1.003669890232798 -0.7838013876749268 -0.6950640399360011 -0.7809049163837449 -0.7751119738013821 -0.8140826784463702 -1.155866290805792 -1.5679551608693476 -1.7496429054980083 -1.6882903772393445 -1.704879258270657 -1.7341072867543978 -1.7077757295618388 -1.5679551608693476 -1.1979967823138873 -0.5378646434964209 -0.5476073196576681 -1.0621259472002804 -1.6140353859563268 -3.3005716241397614 -5.111919443415927 -6.038790256594021 -6.245756296127539 -6.298419410512658 -6.486953360011383 -6.609131785384859 -6.143326538648482 -5.587730681885477 -4.909956399748996 -4.188208417100941 -3.712660494203317 -3.5836358639597754
-0.7350880068686916 -0.5826282907237723 -0.9304681612374828 -0.9381043128233251 -0.38830139864268354 -0.028875642964246495 -0.15395053962890382 -0.37460898890255256 -0.35117390300117446 -0.8101329448674859 -1.0407973858743071 -0.6882178350659358 -0.4088400132528798 -0.4488639801855703 -0.6168593150740995 -0.7917008548326945 -1.0007734189416166 -1.1550763440900154 -1.3299178838486103 -1.6382604185734815 -1.9410733262879156 -1.9832038177960107 -1.938176854996734 -1.8591821834190556 -1.755699163652297 -1.4136522357209493 -0.8980803458906346 -0.869905579694596 -1.2106359297663158 -1.580857623893702 -3.474359901610654 -5.2957137126199925 -6.085660428396777 -6.23311714867511 -6.427444040756199 -6.612028256676041 -6.52302759336519 -5.9655885275987055 -5.263325897273145 -4.506556943558985 -3.9156768001579505 -3.537818954444722 -3.3972084390364543
-0.5075833527249776 -0.5826282907237723 -1.0249984515587713 -0.994717160787328 -0.6355547206808168 -0.38066524705684124 -0.23610499806968965 0.02958041400323541 0.0753973235182892 -0.9899774804926671 -1.2427604295412382 -0.38356171834802266 -0.0007008767682079586 -0.16079674449896952 -0.3140464073596658 -0.4030470706705165 -0.6882178350659358 -0.8493669650843998 -0.8111862071551883 -1.1255850000343486 -1.7204148770142673 -1.9273809165477847 -1.980307346504829 -2.085633575275067 -2.0769441614015225 -1.757542372655776 -1.4265546987453033 -1.4655254033902914 -1.1060996477118548 -1.1853576348614587 -3.0103978638777558 -4.761446417182961 -5.496886809571147 -5.759412434780965 -6.218371476647277 -6.398216012272458 -6.079867485814414 -5.047670443866082 -3.6910686173054184 -2.8618878813117203 -2.8287101192490955 -2.973270368236247 -2.8150177095089646
-0.4206892139895313 -0.5641962006889805 -1.0134125663940452 -0.9557464561423399 -0.8288283504742031 -0.7603663017735487 -0.509426561728457 -0.08180207292129094 -0.01623649551181794 -1.0963569715506076 -1.2527664212744107 -0.3688160463201893 -0.08180207292129094 -0.051520782149847566 0.17203413841498216 0.1975757488917651 -0.3306352883909782 -0.8414674979266317 -0.724292068419742 -0.7369312158721706 -1.472371608260357 -1.8855137406116151 -1.971354617059359 -1.9605586786104094 -1.8523359785489901 -1.5513662798380352 -1.3191219453996608 -1.6930300575340054 -1.435244112618848 -1.1316412581886373 -2.085633575275067 -3.4567177582916386 -4.183205421234355 -4.5866048774243655 -5.142200734187371 -5.42263181828813 -5.094540615668838 -3.4030013816188176 -1.4273446454610803 -0.8003902687062392 -1.249606634411304 -1.8552324498401715 -1.8873569496150941
-0.40199380838281407 -0.5328616476298347 -1.0379009145831257 -0.9899774804926671 -1.0476435907443724 -1.087667557677063 -0.9986668943662118 -0.6500370771367243 -0.429378627863076 -1.2477634254078245 -1.3249148879820236 -0.6969072489394805 -0.3580201078712397 0.012991532971923014 0.3587248789102291 0.41138799329534814 -0.14921085933424338 -1.1255850000343486 -1.2203786059275625 -1.1821978479983515 -1.977147559641722 -2.5601282358849886 -2.70468848487214 -2.480080302019608 -1.77702772497827 -1.2985833307894645 -0.6969072489394805 -0.7819581786714473 -0.9694388658824709 -0.9020300794695189 -1.4615756698114075 -2.1949095376241887 -2.905071635107518 -3.503587930094395 -4.071032987594052 -4.302487375316649 -3.8522177473238823 -1.9929464939572576 0.22496056837202705 0.5627944471525645 -0.5260154427597694 -1.3062194823753064 -1.4968599564494371
-0.7134961299707929 -0.6813716301958701 -1.0534365333267357 -1.0328979187165395 -1.0934605002594262 -1.339660560009857 -1.3025330643683484 -1.2917371259193988 -1.205896249471655 -1.6148253326721038 -1.4265546987453033 -0.8912341410205693 -0.6579365442944924 -0.32773881709979635 -0.05626046244450844 -0.059156933735689865 -0.7535200969034834 -1.6382604185734815 -1.8210014254898443 -1.8267943680722074 -2.3073452868364175 -2.5904095266564324 -2.8171242340843694 -2.800535353053057 -2.2244008816798555 -1.3707317974970774 -0.45386697605215653 0.2083716873407142 0.09514599141270841 0.0011423322352714926 -0.47229906608694794 -1.2427604295412382 -2.1814804434559836 -2.868734086181786 -3.252648190049303 -3.296621890560877 -2.7399727715101703 -1.1890440528684167 0.8898323874841538 1.4162002157634173 0.2531353345680656 -1.2095826674786134 -1.5895470377672467
-0.9978769476504352 -0.9567997184300423 -0.9744418617490571 -0.9567997184300423 -1.0816112995227742 -1.328864621560908 -1.7722880446836093 -1.8678715972926 -1.8415400401000408 -1.9342271214178501 -1.5426768659644905 -1.1316412581886373 -0.9489002512722746 -0.9362611038198461 -0.6666259581680372 -0.847260440508995 -1.5202950423508153 -2.0582487557948053 -2.1627850378492663 -2.2341435578411026 -2.295496086099766 -2.5348499409801315 -2.6765137186761017 -2.660714784360566 -2.655975104065905 -1.9616119408981119 -0.9986668943662118 0.24260271169104142 0.7679172776826033 0.9164272602486387 0.4564149560946249 -0.5973739627516057 -1.5408336569610115 -2.403982101733111 -2.751558656674896 -2.557231764593807 -1.9558189983157488 -0.8111862071551883 0.5101313327674464 1.110754152329728 0.2873663589183928 -1.181407901282575 -2.6675609892306316
-1.2087927207628364 -1.1853576348614587 -1.0379009145831257 -0.8893909320170903 -1.0152557753975242 -1.330707830564387 -1.7741312536870883 -2.084580312987365 -2.1404032142355907 -2.1109118701799243 -1.7233113483054487 -1.3854774695249108 -1.3551961787534674 -1.3433469780168155 -1.3659921172024165 -1.5466265995433748 -1.899206150351746 -2.2868066722262217 -2.303395553257534 -2.3170879629976646 -2.2644248486125456 -2.2947061393839894 -2.4361066015080337 -2.5972557315264977 -2.5935693135195392 -2.82186391437903 -2.198069324487296 -0.7163926012619743 0.5930757379240084 1.0931120090107123 1.2484681964468138 0.18967628173399698 -1.4068060308508836 -2.272061000198388 -2.3697510773827837 -2.158835304270382 -1.6295710046999368 -0.9107194933430631 0.045116032746845836 0.16545124911684228 -0.65688328200679 -2.128554013498939 -3.6160236793066236
-1.406016084135107 -1.3512464451745831 -1.0281582384218786 -0.8933406655959741 -0.9041366040449232 -1.2193253436398601 -1.4539395182255652 -1.7341072867543978 -2.1472494191056564 -2.194119590908412 -1.9215879739654216 -1.7427967006279426 -1.702772733695252 -1.719361614726565 -1.742006753912166 -1.8375903065211567 -2.1296072757866416 -2.4176745114732423 -2.4263639253467866 -2.309188495839897 -2.155938832979201 -2.1822703901717606 -2.28391020093504 -2.445059330953504 -2.8961189056620475 -3.257651185915889 -3.2945153659854727 -2.201755742494254 -0.7556266214788878 0.7571213392336538 1.0364991610467098 0.2844698876272109 -1.3141189495330745 -2.2438862340023498 -2.2644248486125456 -2.1109118701799243 -1.7262078195966302 -1.231174544376512 -0.8659558461157122 -0.8728020509857775 -1.7994095485919455 -3.2731868046594994 -4.227179121745929
-1.6050826565108567 -1.5073925793264609 -1.192993786447301 -0.9088762843395841 -0.8259318791830217 -0.5357581189210165 -0.6452973968420639 -1.5066026326106843 -2.186220123750644 -2.1627850378492663 -1.9234311829689006 -1.8365370442334543 -1.806255753462011 -1.786770401139517 -1.8386435688088592 -1.9558189983157488 -2.2399365004234655 -2.5535453465868487 -2.5856698463617716 -2.4429528063780994 -2.3131382294187812 -2.446902539956983 -2.578823641491706 -3.048578621806967 -3.608124212148856 -3.740045313683579 -3.8240429811278434 -3.5046411923820973 -2.48113356430731 -0.561299729397799 0.6096646189553208 -0.09259801137024049 -1.435244112618848 -2.4392663883711405 -2.4792903553038315 -2.2918096680928075 -2.090636571141653 -1.881564007032731 -1.6774944387903954 -2.0924797801451325 -3.005658183583095 -3.901194443702043 -4.664809602286267
-1.9616119408981119 -1.7936166060095824 -1.3981166169773394 -0.9615393987247032 -0.48204174224819507 -0.043621314992079885 -0.2166196457471954 -1.3386072977221546 -2.0866868375627696 -1.9294874411231893 -1.842593302387743 -1.8141552206197789 -1.8181049541986627 -1.899206150351746 -2.008482112700868 -2.153042361688019 -2.4060886263085157 -2.6148978748455125 -2.7273336240577413 -2.763407857411548 -2.9469388110436876 -3.2508049810458237 -3.732145846525811 -4.226389175030152 -4.487861537952268 -4.454683775889643 -4.1968978309744855 -3.819039985261257 -3.2937254192696956 -2.513258064082233 -0.9470570422687952 -0.5191692378897037 -1.5779611526025206 -2.677566980963804 -2.813174500505485 -2.711534689742206 -2.6238506042909826 -2.543539354853676 -2.5835633217863667 -2.9527317536260504 -3.6207633596012845 -4.372792633020783 -4.793570916957883
-2.738919509222468 -2.1656815091404478 -1.5387271323856067 -1.0123593041063428 -0.5357581189210165 -0.06995287218463941 -0.16974947394443962 -1.089510766680542 -1.6208815908263925 -1.8357470975176777 -2.5193143222365215 -2.1880633327541235 -1.804412544458532 -1.9255377075443054 -2.207812000648543 -2.3658013438039 -2.5222107935277034 -2.68915286612853 -2.922450462854607 -3.205778018246547 -3.476203110614133 -3.8864487716742095 -4.376742366599667 -4.703780306931256 -4.849393818206109 -4.9244387562049035 -4.700883835640074 -3.885395509386507 -3.5659937206407606 -3.4548745492881596 -2.3668546060916023 -1.4908036982951485 -1.928434178835487 -3.0456821505157854 -3.443025348551508 -3.3092610380133056 -3.2302663664356275 -3.0359394743545387 -2.9919657738429644 -3.240009042596874 -3.71845343678568 -4.2087470317111375 -4.513403148429051
-3.0593745602559164 -2.128554013498939 -1.407859293138586 -0.963645923300108 -0.5515570532365519 0.026683942712053987 0.06565464735704207 -0.9723353371736523 -1.853125925264767 -2.150145890396838 -2.9195539915634257 -2.6148978748455125 -2.0074288504131657 -2.0398166657600134 -2.395292687859566 -2.6480756369081373 -2.8308166438245 -2.9801165731063124 -3.1978785510887793 -3.496741725224329 -3.9791358529920187 -4.327765670221506 -4.692194421766529 -4.991847542617856 -5.2546364833996 -5.534804251928433 -5.359962712169837 -4.42255927611472 -4.058393840141623 -4.1442347165893665 -3.805347575521126 -2.9859095156886752 -2.5377464122713134 -2.997758716425327 -3.7360955801046947 -3.9636002342484087 -4.006520672472281 -3.6070709498611535 -3.276083275950681 -3.5525646264725554 -3.9567540293783434 -4.173462745073108 -4.2643066173874375
