static/data/ASCData/20210103/ASCU/09.asc
ncols 97
nrows 97
xllcorner 99.0
yllcorner 2.0
cellsize 0.25
NODATA_value -32767
[rows 38 to 56 of 97, columns 43 to 85 of 97]
-4.440120833757539 -4.5866569032521065 -4.883479508370902 -5.3442510614434 -5.835562124428842 -6.2740987711612135 -6.570921376280008 -6.8219347165293875 -7.112863732015859 -7.3628055105139065 -7.62560603002793 -7.817147693078415 -7.866707424077493 -8.026905905901536 -8.132454738407677 -8.207731951438706 -8.329622100652653 -8.559204205875403 -8.722349482515607 -8.727171510396598 -8.943091203289875 -9.076768531768465 -9.156867772680485 -9.012206936250749 -8.854151577929368 -8.75556789680688 -8.747799074109729 -8.80539551824379 -8.587600592285686 -8.259434805940447 -8.03681785210135 -7.939037842292361 -7.268240185958911 -6.457603721076714 -5.790556530872924 -5.082522103680708 -4.440120833757539 -3.568941129925119 -2.416744356806041 -0.8707486400726783 0.036596272867176705 0.27876922866807075 0.9701944487146505
-3.8960353545190256 -4.040696190948763 -4.345287618764711 -4.901963948581368 -5.516236722532088 -6.137206757428629 -6.462425748957705 -6.75255109313068 -7.0405333138009905 -7.31994304046065 -7.5827435599746735 -7.724189711150418 -7.635250085789912 -7.674362089713508 -7.724189711150418 -7.863760629261331 -8.089592268354423 -8.285688068848067 -8.351321226117115 -8.410792903316006 -8.70574027536997 -8.801377161676298 -8.827630424583916 -8.660734681814052 -8.560275767626734 -8.55223905449175 -8.531879381216452 -8.528932586400291 -8.341409279917299 -7.792501772797793 -7.542559994299747 -7.385308307291865 -7.126526144345334 -6.356073245138065 -5.432119125052574 -4.640234990818676 -3.7114588428521937 -2.771163406058899 -1.4145662288733587 -0.08073973890361064 0.30395092982435834 -0.7046565686163127 -0.09922417911407688
-3.46553542092164 -3.615821956545867 -4.01122824278715 -4.657915759715644 -5.2604013544017185 -5.923430188038016 -6.438047719114916 -6.72817306328789 -6.916500041084382 -7.1793005605984055 -7.36789542883273 -7.4380827235449365 -7.398970719621341 -7.378611046346045 -7.408882665821156 -7.716420888453265 -7.944931431924684 -8.092539063170584 -8.18710438772558 -8.302297275993702 -8.52786102464896 -8.598316209798998 -8.62564103445795 -8.467317785698736 -8.408917670251176 -8.398202052737862 -8.263185272070107 -8.236932009162487 -7.921624963833226 -7.262346596326588 -6.922393630716705 -6.602264557506452 -6.351251217257074 -5.703760029015081 -4.779002237616091 -3.8628169402277526 -2.9262719695641177 -1.9516865567282182 -0.8179742238196073 0.4534337941350879 0.26108845977110295 -1.0582719465556716 -1.6256638938856427
-3.060217188480541 -3.197912873526625 -3.7907544124507164 -4.617732194040717 -5.171461729041213 -5.817881355531874 -6.333570448360106 -6.617802202900757 -6.806397071135082 -6.862921953517812 -7.001689200315228 -7.052320493065636 -7.106166471070038 -7.125722473031836 -7.206625385257356 -7.514163607889465 -7.783929278787142 -7.9312690195952085 -8.085573911786929 -8.220322802016852 -8.34435607473346 -8.411864465067337 -8.465442552633906 -8.382396516905725 -8.322924839706833 -8.134329971472507 -7.9977058481777545 -7.743745713112215 -7.376467922843381 -6.672451852218658 -6.200696791195013 -5.809308861521223 -5.375594242669843 -4.729174616179182 -4.0299805734354495 -3.1159383995497736 -2.253599080165837 -1.3384853445288298 -0.633397712152775 0.8587520265761857 0.7649903733346894 -1.3853661711495784 -1.9634737359928633
-2.5533684801007936 -2.8228662605606383 -3.568941129925119 -4.523970540799221 -5.16369290634406 -5.790556530872924 -6.209537175643497 -6.493768930184149 -6.516271726962108 -6.513324932145947 -6.5532406073830405 -6.655038973759523 -6.740763913866035 -6.862921953517812 -6.967399224272623 -7.228056620283984 -7.49862596249516 -7.690167625545646 -7.837507366353712 -8.007349903939737 -8.072983061208785 -8.142098794169659 -8.241754037043478 -8.17237041364477 -8.090395939667921 -7.902068961871429 -7.559169201445384 -7.242790594364791 -6.818987921713226 -6.145243470563614 -5.584548784179464 -5.0522504842055955 -4.559332078593156 -3.9731878006148857 -3.273190086557655 -2.6674898066175867 -1.8228312561306184 -1.2107016056825617 -0.6714381543250396 0.8879520842999664 1.1194094225875464 -1.1900740419694325 -2.641236543709968
-2.1000978592876156 -2.4947004742154 -3.399902263652592 -4.368861977294002 -5.078771637551048 -5.658754435459163 -6.068091024467754 -6.233111534172788 -6.232039972421457 -6.121669112034324 -6.104256233575189 -6.252667536134586 -6.401882510007482 -6.540649756804897 -6.678345441850981 -6.888371545111934 -7.13643809054515 -7.34432107030344 -7.610872055947123 -7.824916515775568 -7.771070537771166 -7.820898159208076 -7.953771816373168 -7.871797342396317 -7.7780356891548195 -7.557293968380554 -7.224306154154323 -6.762463039330495 -6.277849237290873 -5.655807640643001 -5.060287197340581 -4.500664072707763 -3.9927438025766837 -3.4625886261054784 -2.9088590911049823 -2.301283578100084 -1.8423872580924163 -1.349200962042144 -0.8600330225593642 -0.11985174282720612 0.052133918261481504 -1.8375652302114251 -3.4009738254039235
-1.61789507118849 -2.2056466917937576 -3.178356871564827 -4.13820831031992 -4.978044832925897 -5.545436780255868 -5.919679721908357 -6.041569871122302 -5.944861423064644 -5.866905305655285 -5.808237299769892 -5.966560548529104 -6.175515090038726 -6.222395916659474 -6.356073245138065 -6.549490141253381 -6.843365951556015 -7.2125189748896785 -7.495679167678999 -7.654002416438211 -7.596405972304149 -7.635250085789912 -7.659896006070534 -7.581671998223342 -7.419598283334469 -7.169656504836423 -6.755497887946841 -6.2740987711612135 -5.673488409539969 -5.127527697236626 -4.614785399224556 -4.280993913684828 -3.799326906461368 -3.327839735875556 -2.798488230717849 -2.3658451736178003 -2.034732592456401 -1.7622880171803947 -1.5278838840766533 -2.025892208007917 -2.835457111138782 -3.6608275501017857 -3.8188829084231655
-1.4997553881042043 -2.1686778113728247 -3.044679543086236 -4.071771481737374 -4.950720008266947 -5.34050059531374 -5.658754435459163 -5.828864863483021 -5.757338116581651 -5.638394762183866 -5.605176347892593 -5.767250062781466 -5.85324289332581 -5.927448544605509 -6.150869169758104 -6.398132043877823 -6.753622654882011 -7.121704116464343 -7.282706269601885 -7.36789542883273 -7.437011161793604 -7.568009585893867 -7.500501195559989 -7.397095486556511 -7.197785000808873 -6.799431919751427 -6.247577617815762 -5.691972849750436 -5.177355318673536 -4.797486677826558 -4.36779041554267 -4.155889079216887 -3.8258480598068196 -3.412761004668569 -2.909662762418481 -2.5016656255990544 -2.539706067771318 -2.9487747663420767 -3.826651731120318 -4.954738364834439 -5.960666958896782 -5.763231706213974 -4.977241161612398
-1.343307372409821 -2.1528722755406866 -3.004495977411309 -3.9576501552205805 -4.796415116075226 -5.248614175137073 -5.579726756298473 -5.709653618647404 -5.601157991325101 -5.487840336121806 -5.560170754336674 -5.557223959520513 -5.49668072057029 -5.640269995248696 -5.938164162118823 -6.299548362755334 -6.642180232743546 -6.881406393728279 -6.9840084314182596 -7.072948056778765 -7.099201319686384 -7.277884241720893 -7.260471363261758 -7.1010765527512145 -6.862921953517812 -6.543596551621058 -6.098362643942865 -5.560170754336674 -5.016353165535994 -4.630590935056694 -4.559332078593156 -4.567100901290309 -4.349305975332204 -3.9370225915074513 -3.5777815143736027 -3.6032311059677236 -4.622554221921709 -5.886461307617083 -7.031960819790339 -7.3686991001462285 -7.918678169017065 -7.953771816373168 -7.8072357468786
-1.2340080737740196 -2.202699896977596 -2.973152796184866 -3.969437334485226 -4.677471761677442 -5.166639701160221 -5.472302690727501 -5.576779961482312 -5.502574310202613 -5.44497786606855 -5.474177923792331 -5.385506188869658 -5.3024601531414755 -5.349340979762224 -5.660897558961826 -6.08657546467822 -6.376700808851194 -6.446888103563401 -6.569849814528677 -6.749604298314518 -6.903909190506239 -7.018298407460865 -6.965523991207793 -6.864797186582642 -6.671380290467327 -6.368664095716209 -6.035676281489979 -5.595264401692778 -5.358985035524206 -5.174408523857374 -5.200929677202826 -5.170658057727715 -4.945897980385955 -4.811149090156033 -4.862048273344274 -5.933342134237831 -7.2575245684455965 -8.199695238303722 -8.916570049944422 -8.9106764603121 -8.442939755855948 -8.198891566990223 -7.521128759273119
-1.3355385497126688 -2.383525942514768 -2.8815342664460317 -3.8443325000172863 -4.622554221921709 -5.171461729041213 -5.446049427819881 -5.5250771069805715 -5.481946746489483 -5.433190686803905 -5.402919067328793 -5.316926236784449 -5.252632531704566 -5.265223382282709 -5.411759451777277 -5.751712417387161 -5.900927391260057 -6.0064762237661995 -6.233111534172788 -6.382326508045685 -6.637358204862554 -6.681292236667142 -6.685310593234634 -6.717457445774576 -6.558330525701865 -6.420634840655781 -6.141225113996121 -5.963613753712943 -5.730013291922701 -5.644288351816189 -5.7710005289111255 -5.944861423064644 -6.220252793156812 -6.207661942578667 -7.006511228196219 -8.17237041364477 -9.19490821485275 -9.933214261520078 -10.173511984256143 -9.851239787543228 -9.248754192857152 -8.767087185633693 -8.107005146813556
-1.4038506113600446 -2.345217609904671 -2.8062570534150018 -3.6578807552856243 -4.540579747944857 -5.113865284907151 -5.322016155103274 -5.3991686011991336 -5.442031071252389 -5.418456712723098 -5.425421864106752 -5.366753858221359 -5.3688969817240215 -5.309157414087297 -5.333535443930086 -5.204680143332486 -5.352287774578385 -5.5757083997309795 -5.776894118543448 -6.088450697743051 -6.3941136873103295 -6.420634840655781 -6.579761760728493 -6.595299406122798 -6.59637096787413 -6.463497310709037 -6.47421292822235 -6.332766777046608 -6.26713361977756 -6.342410832808589 -6.412598127520796 -6.686114264548133 -7.175282204030912 -8.139151999353498 -8.943894874603373 -9.819092935003287 -10.723223162689145 -11.135506546513898 -11.031832947072587 -10.7114359834245 -10.299420490037582 -9.867848994688863 -9.214464216814548
-1.4635901789967698 -2.283870699640949 -2.8442974955872664 -3.6080531338487147 -4.516201718102068 -5.06109086865408 -5.269241738850202 -5.239773790688589 -5.282904151179677 -5.41577780834477 -5.476321047294993 -5.4165814796582685 -5.434262248555236 -5.323891388168104 -5.074753280983555 -4.946969542137286 -5.0289440161141385 -5.250489408201903 -5.468284334160008 -5.868780538720115 -6.193999530249192 -6.252667536134586 -6.434297252985257 -6.4996625198164715 -6.506359780762292 -6.729244625039222 -6.741835475617366 -6.864797186582642 -6.920518397651875 -7.252434650126773 -7.439154285296268 -7.758479687193022 -8.660734681814052 -9.618710887504315 -10.162796366742828 -11.028886152256426 -11.434204384697523 -11.688164519763063 -11.077642211942003 -10.600261451723869 -10.148062392662023 -9.255451453802975 -8.555185849307911
-1.487968208839559 -2.3754892293797827 -3.0280703359405994 -3.8103104144125144 -4.67157817204512 -5.167711262911553 -5.038588071876121 -5.00938801415234 -5.13824331474994 -5.303263824454974 -5.468284334160008 -5.393275011566811 -5.333535443930086 -5.141190109566101 -4.892319892819386 -4.8207931459180156 -4.9030355103327 -5.005369657584847 -5.209502171213478 -5.609998375773585 -5.942986189999814 -6.05925064001927 -6.208733504329999 -6.302495157571496 -6.599317762690291 -6.823006278280719 -7.130544500912827 -7.293689777553031 -7.65293085468688 -8.104058351997395 -8.555185849307911 -9.143205360351011 -10.026975914761575 -10.303438846605074 -10.847256435405754 -11.239983817268708 -11.57966889244076 -11.258468257479176 -10.355945372420312 -9.520127206381828 -8.184157592909417 -7.036782847671331 -4.54272287144752
-1.3676854022526101 -2.512381243112368 -3.2868524988871304 -4.127492692806606 -4.9381291576888025 -5.111990051842321 -4.927413540175489 -4.639163429067345 -4.745783823324818 -5.139314876501271 -5.356038240708045 -5.306210619271136 -5.16556813940889 -4.98393842255822 -4.815971118037024 -4.72997828749268 -4.735871877125003 -4.819989474604517 -4.960631954466762 -5.277010561547355 -5.636251638681204 -5.818952917283205 -5.969239452907432 -6.264186824961398 -6.558330525701865 -6.971417580840116 -7.3325338910387945 -7.800538485932779 -8.279794479215743 -8.7622651577527 -9.359928724557784 -10.004473117983615 -10.336657260896347 -10.50167777060138 -10.69991669459769 -11.081660568509495 -10.862794080800061 -10.29754525697275 -9.287598306342915 -7.988865463729271 -6.14015355224479 -4.118652308358122 -1.7593412223642333
-1.1774831913912887 -2.642308105461299 -3.508397890974895 -4.392168445385459 -5.128599258987958 -5.236826995872428 -4.892319892819386 -4.529060459118044 -4.52209530773439 -4.947773213450786 -5.169586495976383 -5.184320470057189 -5.135296519933778 -5.033766043995129 -4.779002237616091 -4.603266110397743 -4.6040697817112415 -4.69890299670407 -4.843295942695975 -5.160746111527899 -5.46935589591134 -5.652057174513342 -5.995760606252885 -6.300352034068833 -6.574939732847501 -7.058214082697958 -7.696864886491467 -8.21362554107103 -8.86192040062652 -9.346266312228309 -9.67845045514104 -9.978219855075997 -10.308260874486066 -10.495784180969059 -10.628657838134151 -10.441938202964657 -9.904817875109796 -9.130614509772867 -8.054230730560485 -6.648073822375869 -5.1042212291451685 -3.0543235988482187 -1.4059937348627076
-1.4635901789967698 -2.7966129976530194 -3.7915580837642153 -4.695956201887909 -5.272188533666363 -5.244863709007413 -4.913751127846013 -4.585585341500775 -4.5143264850372375 -4.745783823324818 -4.95580992658577 -5.184320470057189 -5.221289350478123 -5.074753280983555 -4.82775829730167 -4.691937845320416 -4.691937845320416 -4.747659056389648 -4.854011560209289 -5.119758874539473 -5.443906304317219 -5.956648602329289 -6.3217832690954605 -6.5561874021992015 -6.859975158701651 -7.337623809357618 -7.971184694832303 -8.739762360974742 -9.526020796014151 -9.852043458856727 -9.8298085525166 -9.914729821309612 -9.98786391083798 -10.015188735496931 -9.930267466703917 -9.620854011006978 -9.040603322661031 -8.350249664365784 -7.707580504004781 -6.6384297666138865 -5.414706246593439 -4.164729463665372 -3.2145220806722614
-1.8999837022264785 -3.0280703359405994 -4.193929521389152 -5.078771637551048 -5.348269418010892 -5.187267264873351 -4.882407946619571 -4.684169022623263 -4.705600257649891 -4.900088715516539 -5.049571579827267 -5.1577993167117375 -5.180302113489697 -4.986885217374381 -4.977241161612398 -4.997600834887695 -4.948844775202117 -4.851064765393128 -4.860976711592943 -5.145208466133594 -5.665719586842817 -6.154887526325597 -6.46751566727653 -6.8452411846208445 -7.34244583723861 -7.911713017633411 -8.616800650009466 -9.62942650501763 -10.333710466080186 -10.339604055712508 -9.792571781657834 -9.671485303757386 -9.639338451217444 -9.60504847517484 -9.468424351880088 -9.147223716918504 -8.647072269484578 -8.210678746254867 -8.232913652594995 -8.116917093013372 -7.595334410552818 -7.018298407460865 -6.4273321016016025
-2.5681024541816004 -3.7302111735004932 -4.804451829210212 -5.536864286245217 -5.480071513424654 -5.29254820694166 -4.983134751244721 -4.789717855129405 -4.837402353063652 -5.039659633627452 -5.169586495976383 -5.08466522718337 -5.098327639512846 -4.923395183607996 -4.990903573941874 -5.094309282945353 -5.0407311953787834 -4.958488830964099 -5.03001557786547 -5.406937423896286 -5.874674128352438 -6.169621500406404 -6.582708555544654 -7.029817696287676 -7.826791748840398 -8.612782293441974 -9.489855586906716 -10.286829639459437 -10.334514137393684 -10.37175090825245 -9.870795789505024 -9.564061238186415 -9.300457047358893 -8.99372249604028 -8.85709837274553 -8.927285667457735 -8.867813990258844 -9.49387394347421 -9.70577527979999 -9.356981929741623 -9.102218123362587 -8.989972029910621 -8.803252394741127
