static/data/ASCData/20210103/ASCU/12.asc
ncols 97
nrows 97
xllcorner 99.0
yllcorner 2.0
cellsize 0.25
NODATA_value -32767
[rows 76 to 94 of 97, columns 0 to 42 of 97]
-6.002428186917904 -5.552326875245732 -4.40280218146073 -3.069780510246418 -2.0092086448551267 -2.2379444892960954 -2.40187184447879 -3.960579548874857 -4.224134071858507 -4.37357482355994 -5.545464799912502 -6.346294406394161 -6.204732333779027 -6.36662648145558 -7.039618165988564 -7.5941755132887785 -8.115693238614188 -8.623486813273137 -8.906865109441672 -8.996580390650184 -8.950833221761991 -8.879416808108754 -8.791480583468116 -8.708627377592832 -8.65474737868007 -8.868742468701509 -9.048427182056805 -8.93405925983632 -8.760220018061183 -8.650935114606053 -8.637210963939596 -8.686007944087002 -8.432111156757529 -8.089261541034343 -7.72912966150895 -7.346124197539462 -7.028943826581319 -6.9976832611743855 -6.78775458616523 -7.2220985396648025 -7.60408739988122 -7.578672306054447 -7.498614760500107
-6.139161391705951 -5.931265924202936 -5.092313676981117 -3.4263542766360615 -2.363749203738628 -1.7398086502913193 -1.884420534165665 -2.0102252486081977 -2.179235622556247 -2.0717297756689916 -3.850023890728389 -5.317999710162873 -6.3910249715292835 -6.552156666391033 -6.94202420569375 -7.489719477660737 -7.937025129011964 -8.466421533423674 -8.72794284890118 -8.930246995762303 -8.849172846454895 -8.75844096149331 -8.673300397173616 -8.560965682459273 -8.502510966657692 -8.42728228893044 -8.568844361545572 -8.408729270436895 -8.311135310142081 -8.19193852009451 -8.181264180687265 -8.232856821155618 -8.370606629696734 -8.046310032467094 -7.663558719435873 -7.208628539936613 -6.980909299248715 -6.903901564953589 -6.828672887226337 -7.2162530680846455 -7.588330041708621 -7.556307023486886 -7.4790451382534915
-5.983875168424359 -5.922370641363566 -5.323845181743031 -3.618746536904743 -2.9976016437783795 -2.37366109033107 -1.7484497821924225 -1.7164267639706867 -1.6284905393300477 -0.9351667797356451 -2.091299397915608 -3.6332331403860043 -5.0541910362409554 -6.515050629403943 -6.90491816870666 -7.347140801292532 -7.778943245409428 -8.187109652267424 -8.39907153478272 -8.636194360186526 -8.576723040631872 -8.50047775915155 -8.409745874189966 -8.297411159475622 -8.24276870774806 -8.122555313947416 -8.090278144787412 -7.885178337605344 -7.7964796601499025 -7.730908718076824 -7.726079850249738 -7.869675130371013 -8.0084415426652 -8.013270410492286 -7.638143625609098 -7.284619670478667 -7.209390992751416 -6.988787978335015 -7.121708919049045 -7.488702873907665 -7.67626626634926 -7.642972493436186 -7.528858722153968
-5.502513291345254 -5.508358762925412 -4.760392551603445 -3.8784887958143766 -3.4342329557223614 -2.4918412766255704 -1.7652237441180936 -1.5913845023429574 -1.4955695986160182 -0.79945017870067 -1.0142077215369127 -2.091299397915608 -3.5562254060908782 -5.1352651855483655 -6.502597233428823 -6.94202420569375 -7.451596836920575 -7.797496263902973 -8.058255126565678 -8.314947574216099 -8.24378531150113 -8.143141539947104 -8.031823428985831 -8.057238522812607 -8.053172107800322 -7.9604070153325965 -7.784788716989586 -7.468370798846246 -7.370522687613165 -7.330620990305129 -7.295548160824181 -7.462525327266087 -7.6528843800286275 -7.680332681361544 -7.482857402327507 -7.271912123565281 -7.218286275590787 -6.7994455293255465 -6.974047223915486 -7.301393632404339 -7.474216270426404 -7.527842118400898 -7.404833064279311
-5.077572922561588 -4.927369718045352 -4.632300478716502 -4.322744635906391 -4.0289461512688804 -2.7309973095355167 -0.9819305523769097 -0.5229339578653658 -0.9183928178099738 -0.936945836303519 -1.1626318694852746 -0.7348958403806636 -1.5776603516764993 -2.9604956067912886 -4.822659531479042 -6.359001953307548 -6.974047223915486 -7.342311933465446 -7.629502493707995 -7.899919092024874 -8.0084415426652 -7.899919092024874 -7.842226829038096 -7.9095768276790475 -8.03766890056599 -8.003358523899845 -7.606883060202166 -7.259204576651894 -7.151952880702906 -7.0220817512480895 -6.949648733841783 -7.011153260902576 -7.162627220110151 -7.182196842356767 -7.08841514613597 -6.979892695495645 -6.717354776265065 -6.36662648145558 -6.4779445924168515 -6.680248739277975 -6.831468547547282 -6.98599231801407 -7.0726577879633705
-4.5629172725694085 -3.987773699269506 -3.82969181566697 -3.4116135222165327 -2.6471274999071617 -1.1382333794115715 0.31881394967739896 0.23977300787613087 -0.6332354650735663 -0.8647669698354803 -1.3189346965199369 -0.2934356606095938 0.2631548941967634 -1.0093788537098258 -3.2408240917006093 -4.922286699279997 -5.523099517344941 -6.585450439304108 -7.321725707465758 -7.38907570610671 -7.614761739288466 -7.517167778993652 -7.535720797487198 -7.6810951341763465 -7.7906341885697445 -7.753528151582653 -7.38907570610671 -7.236839294084332 -7.181180238603696 -6.806307604658775 -6.521150251922368 -6.558256288909458 -6.659662513278288 -6.628401947871355 -6.513271572836068 -6.406782329701883 -6.248446295161079 -6.384417047134322 -6.521150251922368 -6.422285536936216 -6.430164216022516 -6.626368740365214 -6.782671567399875
-3.7407389872732595 -2.9615122105443596 -2.356887128405399 -1.8346069502651874 -1.3199513002730079 -0.43423528040992343 0.5376379075259257 0.5394169640937996 -0.1666143424139901 -0.49268999621150433 -1.3275758284210402 -0.11273434350122846 0.7963635626824876 -0.03471000545303138 -1.1255258324981843 -1.7309133674519481 -2.5475003321062064 -4.743618589677774 -6.857900245127127 -6.9654060920143825 -7.040634769741635 -6.959560620434225 -6.927283451274221 -7.042413826309509 -7.269116463244336 -7.473199666673333 -7.307239103984497 -7.001495525248402 -6.9166091118669755 -6.531824591329613 -6.258358181753522 -6.1869417681002865 -6.140177995459021 -6.074861204324211 -6.044363091732082 -6.000394979411762 -5.8550206427226135 -5.9419402636101815 -6.232943087926747 -6.367643085208651 -6.483027611182207 -6.675419871450888 -6.745565530412785
-2.9516003239519177 -2.1929597732227046 -1.6137497849105187 -1.3316422434333242 -1.2739499804465462 -0.5201382975444204 0.38235168424433486 0.4242865890585126 -0.049450759872560646 -0.5102264109519785 -1.083590927684007 0.09998999182887225 0.6802165838941292 0.4339443247126864 -0.399924903743778 -1.1186637571649554 -1.969306947547091 -2.754379195856149 -5.718287437934568 -6.4799777999229935 -6.350106670468177 -6.356968745801407 -6.246667238593206 -6.298259879061558 -6.569947232069774 -6.80122458589342 -6.93414552660745 -6.576809307403003 -6.377554971801093 -6.126453844792563 -5.930249320449866 -5.816898001982452 -5.74853139958843 -5.717270834181496 -5.69668460818181 -5.695922155367006 -5.726166117020868 -5.876369321537104 -6.161526674273512 -6.30130969032077 -6.398903650615583 -6.454562706096219 -6.1869417681002865
-2.514206559193132 -1.563936201010041 -0.936945836303519 -0.7046518787268021 -0.8774745167488671 -1.1880469633120492 -0.6088369749998628 0.08347018084146907 0.08550338834761106 -0.5132762222111915 -0.9262714968962737 0.27687904486322124 0.5218805493533258 0.3950592311577217 0.0463641438543787 -0.631456408505692 -0.9984503633643129 -1.1890635670651202 -4.637129346543589 -6.0308930920038915 -5.836467624229068 -5.862899321808914 -5.74853139958843 -5.68423121220669 -5.905850830376162 -5.954647810523569 -6.078673468398227 -5.878402529043246 -5.789703851587804 -5.610781591047313 -5.516237442011712 -5.434146688951231 -5.430080273938947 -5.415593670457686 -5.447870839617689 -5.516237442011712 -5.57952102564038 -5.670507061540232 -5.892126679709705 -5.9096630944501785 -5.91855837728955 -5.71244196635441 -5.437958953025247
-2.132471849914982 -0.9458411191428899 -0.18516736090753527 -0.030897741379015464 -0.6881320677393985 -1.0454682869438452 -1.104939606498497 -0.3783220739910198 0.23392753629597296 -0.7008396146527858 -0.9654107413895061 0.49366979520560594 0.4174245137252832 0.38235168424433486 0.08728244491548498 -0.20473698315415145 -0.4713413173970138 -0.45355075171827197 -3.5084450296965426 -5.254461975595937 -5.343414803989647 -5.374421218458312 -5.380520840976738 -5.320795370483818 -5.4204225382847735 -5.518016498579586 -5.532757252999115 -5.332486313644134 -5.3314697098910635 -5.281656125990585 -5.142127260881594 -4.974133490686617 -4.9703212266126 -5.139077449622381 -5.248616504015779 -5.373658765643508 -5.448887443370761 -5.581554233146522 -5.609002534479439 -5.571896497492348 -5.35993461497705 -5.151022543720965 -4.9703212266126
-1.883403930412594 -0.534624901025682 0.25146395103644714 -0.0034494400460989283 -0.6586505589003404 -1.3646818654081305 -1.4175452605678212 -0.5150552787790659 0.3411792322449605 -0.7582777267012957 -0.941012251315803 0.4380107397249704 0.07457489800209816 0.019932446274533167 -0.03750566577397674 -0.3374037729299135 -0.08833585342752537 0.01713678595358825 -2.443806749292967 -4.609935196148941 -4.686942930444067 -4.652886704716189 -4.671439723209734 -4.758359344097302 -4.855953304392116 -4.992686509180162 -4.977183301945829 -4.841212549972587 -4.9370274536995264 -4.9370274536995264 -4.721253307110212 -4.551226329409092 -4.607901988642799 -4.784791041677148 -5.09536348824033 -5.265136315003182 -5.404919331050441 -5.354089143396893 -5.377471029717524 -5.231842542090108 -5.021913867080952 -4.772083494763761 -4.588332366396182
-1.5326756356031086 -0.4965022602855207 0.05119301168146562 -0.3041100000168391 -1.0678335695114067 -1.7731024232043935 -2.016070720188356 -1.1801682842257493 0.24943074353030514 -0.5717309380127724 -0.886369799588238 0.17038980172903706 -0.0796947215264221 -0.11375094725429946 -0.171443210241077 -0.39102962090440707 -0.020985854786573555 0.49544885177348075 -1.6910116701439126 -3.93999332287517 -3.960579548874857 -3.8891631352216214 -3.8423993625803567 -3.929318983467925 -4.015222000602422 -4.154750865711413 -4.3646795407205685 -4.371541616053798 -4.471168783854753 -4.4800640666941245 -4.2475159581791395 -4.089434074576603 -4.1461097338103095 -4.435079350620733 -4.758359344097302 -5.01428933893292 -4.994719716686303 -4.391111238300414 -4.884418209478103 -4.773862551331635 -4.715407835530054 -4.466339916027666 -4.172287280451887
-0.6146824465800211 -0.535641504778753 -0.17525547431509336 -0.6146824465800211 -1.3921301667410466 -2.1479750571493144 -2.405684108552806 -1.8346069502651874 -0.1676309461670611 -0.1676309461670611 -0.9262714968962737 0.08448678459454007 0.18995942397565324 0.10990187842131416 -0.12162962634059937 -0.38518414932424916 0.041535276027291346 0.5668652654267161 -1.2330316793854394 -3.0855378684190184 -3.209563526293677 -3.2535316386139965 -3.1528878670599703 -3.113748622566738 -3.201684847207377 -3.384419371821884 -3.76996634517405 -3.919407096875483 -3.920423700628554 -3.868576909221934 -3.698804082459082 -3.5658831417450525 -3.686096535545695 -3.978115963615332 -4.253361429759297 -4.586553309828308 -4.134418790649994 -2.761241271189378 -3.8795053995674476 -4.600023309556499 -4.475235198867037 -4.236841618771894 -3.979132567368403
0.8159331849291043 0.4263197965646546 0.05703848326162353 -0.38823396058346216 -1.316901489013795 -2.0590222287556044 -2.418391655466193 -1.9215265711527554 -0.46829150613780124 0.3569365904175603 -0.7699686698616119 -0.6383184838389209 -0.13535377700705764 0.05805508701469453 -0.139166041081074 -0.10307660784705419 0.40090470273788004 0.6362484715738104 -0.7885216883551571 -2.262342979369799 -2.737859384868746 -2.8013971194356815 -2.7836065537569397 -2.7485337242759913 -2.753362592103078 -2.8461276845708046 -3.1450091879736704 -3.293433335922032 -3.2847922040209285 -3.1889773002939896 -3.1439925842205994 -3.1635622064672155 -3.279709185255574 -3.4703223889563812 -3.7132906859403434 -4.040637094429196 -3.7328603081869596 -2.577744293760068 -3.688129743051837 -4.375608031066082 -4.214476336204332 -4.035554075663842 -3.9664250204550155
1.7006326010391177 1.6752175072123432 1.3852312866488488 0.8959907304834429 -0.32672943352266826 -1.6333194071571349 -2.235911281789954 -2.0796084547552915 -1.252347150693788 -0.11680075851351246 -0.3902671680896037 -0.6469596157400241 -0.229135473227855 -0.029881137625944465 -0.11959641883445782 0.03568980444713343 0.5816060198462454 0.6136290380679812 -0.5727475417658434 -1.6655965763171383 -2.201600905123808 -2.620695802327316 -2.7876729687692237 -2.7836065537569397 -2.665680518400707 -2.5103942951191156 -2.597313916006684 -2.6410278773887357 -2.6176459910681036 -2.702786555387797 -2.8550229674101755 -2.8100382513367848 -2.7993639119295395 -2.9625288142974306 -3.212359186614622 -3.529793708511033 -4.000481246182893 -3.880522003320518 -4.30037935333883 -4.208630864624174 -4.064018980749829 -3.986757095516435 -3.8960252105548507
1.343296381834671 1.7865356181736152 1.8706595787402378 1.9906188216026122 1.3003448732674228 -0.1450115126612319 -1.4381314865675083 -1.963461475966933 -1.9263554389798425 -1.2007545102254364 -0.3745098099170039 -0.6177322578392337 -0.47794924179197507 -0.171443210241077 -0.030897741379015464 0.11371414249533052 0.5218805493533258 0.6692880935486167 -0.46727490238473024 -1.5463997862695669 -1.8150373280185712 -2.235911281789954 -2.6097673119818037 -2.7691199502756785 -2.6471274999071617 -2.3795065619112283 -2.2613263756167274 -2.1627158115688436 -1.8989071376469262 -2.2554809040365695 -2.4760839184529706 -2.5258975023534482 -2.667459574968581 -2.822745798250172 -2.8354533451635593 -3.0972288115793343 -3.54250125542442 -4.015222000602422 -4.275980863265127 -4.117644828724322 -3.916611436554538 -3.763104269840821 -3.6675435170521498
0.3421958359980315 1.1615784609732351 1.5082403407704366 1.8050886366671604 1.968253539035051 0.9818937476179403 -0.40780358283007834 -1.3804392235807308 -1.897128081079052 -1.6831329910576125 -0.7026186712206601 -0.47312037396488815 -0.41161584690409425 0.03848546476807835 0.2202033856295147 -0.014123779453344198 0.03670640820020443 0.33838357192401514 -0.24260547295604518 -1.4038211099013629 -1.4683754482213698 -1.6567012934777672 -2.171356943469947 -2.5581746715134517 -2.6079882554139293 -2.282675054431218 -1.9830310982135493 -1.8872161944866102 -1.5463997862695669 -1.9156810995725972 -2.144925245890102 -2.3911975050715446 -2.6471274999071617 -2.7769986293619784 -2.683216933141181 -2.974219757457747 -3.3978893715500744 -3.770982948927121 -3.9478720019614704 -3.8657812489009893 -3.5844361602385977 -3.3384180519954225 -3.1079031509865795
0.03746886101500735 0.6791999801410586 1.0220495958642442 1.3120358164277386 1.609900716077533 1.7748446750132985 0.7651029972755561 -0.5015852790508752 -1.247518282866701 -1.8218994033518001 -1.2388771509655978 -0.5513988629513529 -0.1615313236486351 0.10405640684115625 0.16937319797596606 0.029844332866975076 -0.26115849144959036 -0.22329000164769663 0.061104898273907526 -0.5943503715186016 -0.7847094242811412 -1.2739499804465462 -1.7954677057719548 -2.244552413691057 -2.282675054431218 -2.2132918482841246 -1.969306947547091 -1.866629968486923 -1.5151392208626344 -1.7837767626116388 -2.1400963780630144 -2.359936939664612 -2.5795233503279418 -2.697703536622442 -2.7808108934359943 -3.0131048510127116 -3.4126301259696037 -3.4985331431041007 -3.520135972856859 -3.227099941034151 -2.90178674005144 -2.5630035393405386 -2.345196185245083
0.15183678323549188 0.8207620527561916 0.6441271506601103 0.8324529959165075 1.203513365787412 1.4253871348951517 1.6635265640520274 0.6215077171542811 -0.5689352776918271 -1.5580907294298831 -1.2358273397063848 -0.3023309434489647 0.16835659422289506 0.40192130649095104 0.44868507913221567 0.08651999210068206 -0.2309145297957289 -0.35316113110251335 -0.34528245201621344 -0.311988679103139 0.4517348903914282 -0.21820698288234208 -1.344349790346711 -1.816053931771642 -2.020899588015443 -2.0132750598674107 -1.9301677030538587 -2.007429588287253 -1.8178329883395163 -1.9205099673996844 -2.235911281789954 -2.322830902677522 -2.5406382567729775 -2.8814546649900206 -3.0230167376051535 -2.9330473054583726 -3.1831318287138317 -3.1040908869125636 -2.894162211903408 -2.5424173133408514 -1.9868433622875654 -1.6333194071571349 -1.2925029989400914
