static/data/ASCData/20210103/ASCU/18.asc
ncols 97
nrows 97
xllcorner 99.0
yllcorner 2.0
cellsize 0.25
NODATA_value -32767
[rows 76 to 94 of 97, columns 0 to 42 of 97]
-7.023165868966646 -6.464532211830165 -5.414714336198804 -3.7839609729123684 -2.410766554761399 -3.0074765079052344 -3.311270955335346 -4.71465443674929 -4.933321165248672 -5.376638040191449 -6.998688250104775 -7.878522661417587 -7.820864270320735 -7.7887713922573925 -8.000638782184033 -8.192924077021175 -8.267172854235518 -8.244871023716925 -8.251670362289666 -8.465441567016674 -8.629441613391212 -8.752645628329295 -8.868778331151727 -8.9607053886552 -9.131504773602478 -9.014284176608406 -8.889448320412864 -8.719464856094314 -8.434164609582062 -8.116771485006465 -7.96936182474942 -7.893209232734709 -7.5603136162132625 -7.278005078673015 -6.614933581059217 -5.981235226079665 -5.606183710407218 -5.858031211141581 -5.806356237988742 -5.6159747579519665 -5.541725980737624 -5.54471768970963 -5.520240070847759
-7.305474406506893 -6.899145933399833 -6.102263452674473 -4.280040715179623 -2.927516286289789 -2.376497888354779 -2.6501032725219162 -2.656902611094658 -2.8024084565513365 -3.0368496505394798 -4.897148684041685 -6.4294476247948165 -7.420519215157688 -7.37564358057759 -7.471378267681797 -7.665567377319308 -7.722409847787431 -7.740904048705289 -7.653056594345463 -7.8736271376452125 -7.992751549439652 -8.238071685144183 -8.355020308595345 -8.472240905589416 -8.63841674030723 -8.597348735327868 -8.489919185878545 -8.303345335442506 -8.077879268370381 -7.75749443482278 -7.67263868943496 -7.608180959765366 -7.703915646869573 -7.424598818301332 -7.012286927250258 -6.414761053477694 -5.88359672417509 -5.874621597259071 -5.789765851871252 -5.58768950948936 -5.519152176676121 -5.593400953890463 -5.568923335028592
-7.524957055635004 -7.1001343816100855 -6.2213878644689125 -4.3396029210768425 -3.6490620956291675 -3.0972277770654286 -2.4752242844309924 -2.319111470800837 -2.1695260222005133 -1.7281129620581037 -2.772219393288362 -4.266170064491229 -5.598296477662838 -6.665792633583328 -6.761527320687534 -7.017182451022633 -7.0797363658918595 -7.203756301458673 -7.149089619333828 -7.328864131197125 -7.439013416075546 -7.700923937897566 -7.867915693244109 -7.98595221086691 -8.052313755336872 -8.015325353501154 -8.116771485006465 -8.000638782184033 -7.768101402996257 -7.414807770756584 -7.353069776516087 -7.6862373665804435 -7.781972053684651 -7.745799572477663 -7.395225675667087 -6.897242118599465 -6.2828538851664995 -6.018223627915382 -5.815059391361852 -5.65486697458805 -5.674449069677547 -5.74869784689189 -5.6148868637803275
-7.524957055635004 -7.088439519264969 -5.934183803156291 -4.618919749645083 -4.110873171489803 -3.101307380209074 -2.3718743381253145 -2.1695260222005133 -1.9614662618746088 -1.3767231446187989 -1.5798873811723286 -2.402879322017018 -3.851138438011059 -5.024976249209234 -6.052492294322001 -6.31603465740148 -6.4509335346846814 -6.59535148596972 -6.7438490403984055 -6.865965161164851 -7.013374821421897 -7.256519168783151 -7.4265026331017 -7.48606483899892 -7.529852579407378 -7.533932182551023 -7.744711678306024 -7.77408482094027 -7.4762737914541715 -7.098230566809717 -7.150177513505466 -7.567112954786005 -7.919590666396948 -7.920678560568588 -7.71452261504305 -7.2478160154100415 -6.689998278902289 -6.314130842601113 -6.112054500219221 -6.06228334186675 -6.044605061577621 -5.814243470733123 -5.660850392532064
-7.266310216327899 -6.922535658090065 -6.3755968632987 -5.589593324289727 -4.972213381884756 -3.509539668116502 -1.7447033481755945 -1.441996794917122 -1.3198806741506761 -1.2244179605893786 -1.3326634306674308 -1.1471774744030299 -2.0191246529714606 -2.7703155784879945 -4.260458620090126 -5.9507741892737815 -6.320114260545125 -6.170528811944802 -6.415576974106423 -6.582568729452966 -6.762343241316264 -6.934230520435181 -7.061242164974001 -7.111013323326473 -7.094422937208982 -7.103126090582092 -7.071849133147479 -7.137394756988711 -7.013374821421897 -7.123796079843228 -7.166767899622957 -7.410728167612939 -7.73981615453365 -7.866827799072471 -7.717514324015057 -7.391146072523442 -6.91872802848933 -6.568970052307482 -6.517295079154643 -6.5162071849830046 -6.250761007103158 -5.900187110292581 -5.674449069677547
-6.588552147396979 -6.302435980255996 -6.136532119081092 -5.695119058938683 -4.618919749645083 -2.5984282993690773 -0.8286964556557956 -0.8482785507452926 -1.338646848611444 -0.9684908567113704 -1.589406455174168 -1.255422944481082 -0.7995952865644593 -1.251615314880346 -3.1285047345000416 -5.222429041361661 -5.857215290512852 -6.193102616006305 -6.307331504028371 -6.23199483264239 -6.549387957217985 -6.568970052307482 -6.699789326447037 -6.773222183032651 -6.731066283881651 -6.770230474060645 -6.645122644322192 -6.688094464101922 -6.735145887025296 -7.039756255084137 -7.17247934402406 -7.292691649990138 -7.484161024198552 -7.651968700173824 -7.60518925079336 -7.296499279590874 -6.6589932950105855 -6.343503985235358 -6.382396201871442 -6.377500678099068 -6.045692955749259 -5.738906799347141 -5.61298304897996
-5.871629888287065 -5.419609859971178 -4.9879878473735175 -4.225374033054777 -3.1540702475335514 -1.7096187611402458 -0.47241111444411565 -0.37368471836790196 -0.835495794228537 -0.5934393410389234 -1.5603052860828317 -1.0095588616907323 0.01877310405076482 -0.27115069269095304 -1.130587088285539 -1.9802324363353767 -3.1208894752985707 -5.212637993816912 -6.505600216809527 -6.207789187323428 -6.398170667360204 -6.2222037850976415 -6.243689694987506 -6.3677096305543195 -6.456644979085785 -6.592359776997714 -6.559179004762734 -6.581752808824237 -6.62962015237634 -6.899145933399833 -7.1208043708712205 -7.249719830210409 -7.3726518716055836 -7.406920538012203 -7.1403864659607175 -6.750648378971148 -6.3269135991178675 -6.12184554776397 -6.0122402099713685 -5.870813967658336 -5.623590017153438 -5.475364436267663 -5.414714336198804
-4.879470403752555 -4.5074105970521146 -3.849234623210691 -2.959609164353131 -1.8581163155689309 -0.8053067309655626 -0.44412586598150927 -0.3913629986570317 -0.6755753509976463 -0.521094378624948 -1.1939569237834942 -0.11394998488915853 0.3832176515497343 -0.09137618082765542 -0.7830049004469695 -0.9586998091666219 -1.5934860583178132 -2.6218180240593094 -5.7399946935187804 -6.188207092233931 -6.187119198062293 -6.1188538387919635 -5.940983141729033 -5.918681311210439 -5.945062744872678 -6.038621643633608 -6.234986541614396 -6.3473116148360935 -6.506416137438256 -6.753640087943154 -6.9733947106141745 -7.063145979774369 -7.165680005451318 -7.1412023865894465 -6.825985050357128 -6.463444317658526 -6.207789187323428 -5.9507741892737815 -5.622774096524709 -5.413626442027165 -5.252618104624635 -5.151171973119325 -5.07882701070535
-3.271290844527623 -3.4244119491857723 -2.740942435853749 -2.004438081654338 -1.128683273485171 -0.7751176677025882 -0.4547328341549868 -0.32962500441653386 -0.6421226052197557 -1.0359402953529706 -1.0084709675190933 0.05494558525775162 -0.08376092162618409 -0.3823878717410123 -0.6598008855088846 -0.835495794228537 -0.08457684225491313 -0.3679732739667987 -4.5280805863132505 -6.078873727984241 -6.140339748681828 -6.279046255565764 -6.057387818094376 -5.715517074656909 -5.6559548687596894 -5.591497139090095 -5.832737671650981 -5.965460760590904 -6.3258257049462285 -6.524094417727385 -6.735961807654025 -6.904857377800935 -7.088439519264969 -7.049547302628885 -6.82489715618549 -6.475139180003643 -6.026110860659762 -5.673633149048818 -5.3853411935645585 -5.148180264147318 -5.012465466235389 -4.965414043312014 -4.882462112724562
-1.4254064087996312 -2.157831159855397 -2.1453203768815516 -1.5728160690566773 -1.4713699375513674 -1.1384743210299195 -0.6774791657980135 -0.3823878717410123 -0.3307128985881729 -1.2263217753897457 -1.0133664912914675 0.14877645756159108 -0.10415893734441006 -0.28284555503606956 -0.5319733203413355 -0.4294392946643866 0.31468031873649593 0.5999805652487487 -3.37572868500494 -5.4674772035232815 -6.103079373303202 -6.143331457653835 -5.840624904395361 -5.508545208502643 -5.504465605358998 -5.543629795537992 -5.873805676630342 -5.896107507148936 -6.215404446524899 -6.271159022821384 -6.46072458222943 -6.694077882045934 -6.870860684937226 -6.8697727907655874 -6.735145887025296 -6.50260850783752 -6.001633241797891 -5.617878572752335 -5.172657883009189 -4.919722488103188 -4.998594815546995 -4.962694307882917 -4.717374172178387
-0.07396987408143563 -1.0416517397540739 -1.2994826584324501 -1.755582289891982 -1.6775258830769042 -1.8102489720168276 -1.3511576315852887 -0.22437124331048874 0.2562060070109142 -1.0465472635264481 -0.9733863804837446 0.16427894950744282 -0.002712805839100163 -0.20179743924898474 -0.35899814705077926 -0.25347241240182417 0.5004382485438059 0.8518280659831117 -2.485015331975741 -4.931417350448305 -5.624677911325076 -5.7185087836289155 -5.434296431288301 -5.3834373787641905 -5.382621458135462 -5.6374606678418315 -6.003537056598259 -6.069898601068221 -6.123749362564338 -6.110150685418853 -6.159921843771325 -6.384571990214719 -6.478130888975649 -6.484930227548391 -6.489825751320765 -6.304339795056364 -5.905898554693684 -5.364943177846333 -4.988803768002247 -4.774216642646509 -4.843297922545569 -4.767145330530858 -4.520193353568869
0.8909922561621055 -0.014407668184215794 -0.771038064558943 -1.421598779198896 -2.2614530797039847 -2.393360248015179 -1.8638277599700341 -0.6763912716263754 0.3176720277085021 -0.9508125764222415 -1.066945279244674 0.01605336862166773 -0.013319774012577668 0.2991778267906442 0.14088922481721067 -0.14713075712413914 0.5939971473047363 1.002229435212164 -1.9184944420948793 -4.184306028075416 -4.553374125803851 -4.727165219723135 -5.228140485762764 -5.1772814332386545 -5.413626442027165 -5.674449069677547 -5.993746009053511 -6.188207092233931 -6.0114242893426395 -5.847424242968104 -5.879517121031445 -5.8667343645146905 -5.959749316189801 -5.967364575391272 -5.940983141729033 -5.738090878718412 -5.281991247258881 -4.347218180278314 -4.667603013825915 -4.496803628878637 -4.508498491223754 -4.433161819837772 -4.122840007377828
1.8880472644689892 1.0539044083650033 -0.030998054301706546 -1.4536916572622376 -2.3813934121271534 -2.8736655247936724 -2.3658909201813016 -1.1958607385838622 -0.22029164016684355 -1.0103747823194613 -1.3492538167849215 -0.24395333839998568 0.33725412279799905 0.8009690134590013 0.6037881948494848 0.10090911400948777 0.6244581841106198 0.8763056848449828 -1.5415391116220638 -2.931323915890524 -3.146183014789171 -3.944969310314898 -4.5484786020314765 -5.1557955233487895 -5.492770743013882 -5.558316366855115 -5.759576788608277 -5.9499582686450525 -5.652963159787683 -5.482979695469133 -5.5300311183925075 -5.482163774840404 -5.433208537116662 -5.463669573922546 -5.1557955233487895 -4.953719180966898 -4.185121948704145 -2.7575328219712394 -3.7360936293602647 -4.456823518070914 -4.365984354739082 -4.100266203316325 -3.798375570686581
2.5002597095586774 2.180962770182714 0.9377717055425698 -0.8140098843386729 -2.4722325754589862 -3.0202592644219894 -2.767323869515988 -1.777068199781846 -0.500696362906722 -0.772125958730582 -1.3345672454677988 -1.0073830733474542 0.04515453771300315 0.7892741511138857 0.670149739319446 0.4914631216277865 0.8578114839271249 0.7055062998977046 -1.1814461408096495 -1.9519471878727699 -2.184212593517636 -3.1725644484514097 -4.142150128924415 -4.852273049461587 -5.161778941292803 -5.1130956771119696 -5.180273142210661 -5.283895062059249 -5.0916097672221055 -5.02796795818124 -5.1764655126099255 -5.221341147190023 -5.100312920595215 -4.818004383054968 -4.437241422981417 -4.122840007377828 -3.3999343303239016 -2.338421592347424 -3.4548729859916567 -4.173427086359029 -4.095370679543951 -3.8601135649270786 -3.614793429222548
1.8480671536612663 2.6721469886775937 2.1624685692648553 0.648663829429581 -1.5124379425307284 -2.996869539731757 -3.125784999070945 -2.4148461579050435 -1.2769088543709461 -0.4615321727277282 -1.2361128229344942 -1.0778242209610616 0.16346302887871378 0.8752177906733438 0.8303421560932467 0.8107600610037498 1.109658984661487 0.6048760890211229 -1.3032902880331854 -1.7917547710989687 -1.7808758293825822 -2.616922500286935 -3.6852345768361547 -4.425546560636301 -4.6099446227290635 -4.418747222063559 -4.537871633857999 -4.74076389686862 -4.615928040673077 -4.497619549507366 -4.802501891109117 -4.888445530668575 -4.601241469355954 -4.173427086359029 -3.7964717558862136 -3.4254998433574113 -3.349347251342701 -2.9761995504706213 -3.5767171332151926 -3.806262803430962 -3.7651947984516005 -3.581612656987567 -3.2770022889287262
1.5216989021696516 1.7493407575850526 1.8488830742899953 1.6916823664882008 0.545313883123903 -1.3043781822048244 -2.8083918744953493 -3.0896125178639577 -1.9693534946189892 -0.877651693379538 -0.9361260051051188 -1.1792703524663715 -0.2771341106349663 0.5521132216966453 0.8420370184383632 0.8977915947348478 0.9690486629771833 0.6840203900078397 -0.9975920258027058 -1.6157878888364063 -1.48605650886849 -2.1988991648347587 -3.228319024747894 -3.9294668183690464 -4.127735531150202 -4.06218990730897 -4.111961065661442 -4.1304552665792995 -3.971350743977137 -4.033904658846364 -4.271065588263603 -4.294727286496745 -4.035808473646731 -3.6803390530637805 -3.3904152563220626 -3.1548861681622804 -3.0659508196308156 -2.6637019496674 -2.830693705013943 -3.2359342839493648 -3.3904152563220626 -3.267211241383978 -3.0564317456289767
1.0598878263090166 1.567662430921387 1.1888032856482038 1.3900637074013664 1.5042925954234319 0.14768856338995295 -1.921486151066886 -3.0447368832838606 -2.356099872636553 -1.2486236059083398 -0.7789252973033243 -1.0269651684369512 -0.5632502777759489 0.4006239582959541 0.8869126530184603 0.7492940403061628 0.588285702903633 0.8469325422107374 -0.016311482984583847 -0.709572043861356 -0.9244311427600023 -1.6979238987951293 -2.92642839211815 -3.625672370938935 -3.554415302696599 -3.3542427751150754 -3.3580504047158106 -3.3071913521917007 -3.1725644484514097 -3.471463372109147 -3.679251158892142 -3.665652481746658 -3.4167966899843014 -3.132584337643687 -2.9166373445734015 -2.823894366441201 -2.662886029038671 -2.3922723538435404 -2.2320799370697393 -2.496710194320857 -2.6607102406953937 -2.701778245674755 -2.900046958455911
0.7892741511138857 1.3900637074013664 1.2453737825734175 0.9769358957215637 1.2268795816555595 1.1458314658684747 -0.5406764737144449 -2.6150186854865676 -2.620730129887671 -1.6481527404426588 -0.8091143605662987 -0.7087561232326269 -0.5836482934941749 0.15176816653359815 0.5589125602693876 0.5121331108889224 0.4846637830550451 0.7055062998977046 0.4163984237847158 -0.05547567316357771 -0.4343348184367608 -1.2203383574457334 -2.449930744940392 -3.1198015811269317 -3.0085644020768734 -2.61284289714329 -2.677300626812884 -2.702866139846394 -2.4839274378041023 -2.700962325046026 -3.101307380209074 -3.152982353361913 -2.998773354532125 -2.7224482349358907 -2.6549987962942905 -2.5992442199978063 -2.4480269301400246 -2.278043465821475 -2.0202125471430996 -1.7838675383545883 -1.9723452035909959 -2.3337980421179596 -2.612026976514561
0.47487273551029663 1.1605180371855974 1.2630520628625463 0.9535461710313315 0.9660569540051771 0.9252609225687252 0.4846637830550451 -1.3062819970051915 -2.4439473269963794 -1.9097912887217698 -0.9029452328701382 -0.4996084687350839 -0.43923034220913504 -0.3609019618511473 0.049234140856648345 0.5099573225456453 0.5725112374148713 0.650839617772859 0.6173868719949684 0.3617317416598702 -0.1637211432416299 -0.8716682754355247 -1.7253932266290075 -2.3971678776159147 -2.4371479884236376 -2.0474099014340674 -2.0876619857847 -2.1491280064822873 -1.8532207917965566 -1.902991950149028 -2.2927300371385977 -2.6422160397775354 -2.529075045927109 -2.4752242844309924 -2.3169356824575593 -2.240783090442849 -2.16381457779941 -1.8140566016175628 -1.5798873811723286 -1.3484378961561925 -1.5573135771108255 -1.9263816748392601 -2.068895811323932
