static/data/ASCData/20210103/ASCU/21.asc
ncols 97
nrows 97
xllcorner 99.0
yllcorner 2.0
cellsize 0.25
NODATA_value -32767
[rows 38 to 56 of 97, columns 43 to 85 of 97]
-7.2135016429543075 -8.223310423692638 -8.737161731788369 -8.813210532464172 -8.792632621693073 -8.86778673059622 -8.912819549819933 -8.730302428198002 -8.593414586981552 -8.671551001793556 -8.9175912392741 -9.03181355558325 -9.098318977350718 -9.230136898522113 -9.381638038691952 -9.559383470859714 -9.731164291209767 -9.845386607518916 -9.905927417468675 -9.965573535645776 -10.034763032731213 -10.021342656141366 -9.764267886798057 -9.664658869442299 -9.640203960989687 -9.682254474304543 -9.745777590163156 -9.642291575125885 -9.31722023106068 -8.819175144281882 -8.325007055184596 -7.99874278875585 -7.49085609247783 -7.0056349211071085 -6.28182927702798 -5.339420609829775 -4.886408342274688 -4.387468563723233 -3.8336543564488443 -3.227351565178606 -2.858142093662347 -2.1883161865334966 -0.48512128198635995
-7.664724526964081 -8.446088675084113 -8.713601515108413 -8.692128912564657 -8.654850088703968 -8.602361504708119 -8.698093524382367 -8.842437130370953 -8.797702541738126 -8.856155737551685 -9.010340953039494 -9.026147174356426 -9.077741066579618 -9.218505905477578 -9.262345802337748 -9.422495629643265 -9.610977363082906 -9.752636893753523 -9.842404301610062 -9.887437120833773 -9.986151446416876 -9.944995624874675 -9.705814690984498 -9.447845229868534 -9.423688552006809 -9.510473653954492 -9.568032157995393 -9.326763609969017 -8.940256764181399 -8.425510764313012 -7.815032744770377 -7.346512486489244 -6.742893770536975 -6.173571572536541 -5.29856301887846 -4.405958860358134 -3.9392279856223142 -3.5455636056534434 -3.355292488668489 -3.1346018514132132 -2.5554380439135564 -2.7495861585800223 -1.3464112284637073
-7.869012481720654 -8.267448551143692 -8.531084393486482 -8.473227658854693 -8.498875489670848 -8.522137475759916 -8.617869495434165 -8.761318409650094 -8.931309846454834 -8.993938270540792 -8.994832962313447 -8.972465667997033 -9.026147174356426 -9.126650883484842 -9.132615495302552 -9.218505905477578 -9.408777022462532 -9.643186266898542 -9.732058982982423 -9.686131471986055 -9.76814488447957 -9.735935980663935 -9.701937693302987 -9.480054133684169 -9.324974226423706 -9.404900024781021 -9.115019890440307 -8.815298146600371 -8.289815845460106 -7.791770758681308 -7.169661746094137 -6.490888921238721 -5.843430308426283 -4.925476549680689 -4.052555610158807 -3.5914911166498116 -3.15607445395697 -3.032905219921255 -3.0964283357798683 -3.0505008247835 -2.836669491118591 -2.58376995004768 -1.2193649967464806
-7.594342107515101 -7.974287880303239 -8.26237863109864 -8.29548222668693 -8.35721595900023 -8.58088890216436 -8.675427999475069 -8.812315840691516 -8.983201969268912 -8.965606364406668 -8.934292152363689 -8.896118636730344 -8.916696547501445 -8.999604651767616 -8.990061272859279 -9.076846374806962 -9.302606932107292 -9.534928562407103 -9.563260468541225 -9.473493060684687 -9.521209955226368 -9.511368345727147 -9.549541861360492 -9.44009123450551 -9.282029021336191 -8.906854938002223 -8.614887189525309 -8.186329830422835 -7.628638625466935 -7.055439429784988 -6.417822426471772 -5.664790184485864 -4.8709003515486415 -3.955928898711903 -3.413745684482049 -2.9538741133365956 -2.684273659176096 -2.6198558515448265 -2.6803966614945844 -2.4820733185557216 -2.4537414124215986 -1.9333290313263864 -0.5641523885710189
-7.086753641827967 -7.693056433098205 -7.997848096983193 -8.205714818830392 -8.279079544188228 -8.509611790942726 -8.636359792069067 -8.773247633285514 -8.888364641367321 -8.846314128052464 -8.803368922964951 -8.76430071555895 -8.774142325058172 -8.865997347050907 -8.889259333139977 -9.102195975032231 -9.32795653233256 -9.398040721190654 -9.41951332373441 -9.324974226423706 -9.360165436148193 -9.376568118646897 -9.399233643554195 -9.271292720064313 -8.840647746825638 -8.46547366349167 -8.051529603342585 -7.627743933694278 -7.036949133150086 -6.377561296702228 -5.679403483439254 -4.860164050276763 -4.071045906793708 -3.4987414028844186 -2.9568564192454505 -2.6580293671781714 -2.4116908991067416 -2.2652596789819572 -2.1608789721720294 -1.6070647648976406 -1.122738285299576 -0.7976669412343718 -0.777089030463272
-6.678475962905706 -7.38259838798639 -7.774175153819062 -8.148156314789489 -8.150243928925688 -8.279079544188228 -8.454737362219792 -8.604150888253432 -8.698988216155023 -8.641429712114121 -8.602361504708119 -8.568959678528941 -8.619957109570363 -8.717478512789924 -8.768177713240462 -8.980219663360057 -9.19315630525231 -9.240873199793992 -9.27815202365468 -9.227154592613259 -9.276064409518481 -9.325868918196361 -9.308273313334116 -8.941151455954056 -8.48008696244506 -8.05838890693295 -7.649216536238034 -7.090630639509478 -6.468521626922308 -5.804362101020281 -5.048645783716404 -4.281894934549763 -3.7194320401396945 -3.213632957997873 -2.826827881619369 -2.523229140097922 -2.366061618701259 -2.1209160729933716 -2.0084831402295347 -1.2957120280131704 -0.33063783590766604 -0.7410031289661259 -1.0953010709381088
-6.452715405605376 -7.091525331282135 -7.52604730220232 -7.8541009521763785 -8.051529603342585 -8.155015618379856 -8.240906028554882 -8.348269041273666 -8.415669154813791 -8.390319554588523 -8.316060137458031 -8.335743356456474 -8.374811563862476 -8.38853017104321 -8.43028245376718 -8.566275603210972 -8.808438843010006 -9.011533875403035 -9.057461386399403 -9.135597801211407 -9.209558987751013 -9.223277594931746 -9.030024172037937 -8.631588102614899 -8.143384625335322 -7.728247642822694 -7.31818058035512 -6.746770768218488 -6.070980249271926 -5.4440995472305875 -4.714627521924635 -4.22433643050886 -3.6911001340055716 -3.3004180599455557 -2.9362785084743503 -2.729306478399808 -2.6422231458612395 -2.535754824915113 -2.585559333592993 -2.3296774866132273 -1.4859831449981247 -1.4519848576371768 -1.4490025517283218
-6.156870659446952 -6.733052161037754 -7.141329839960014 -7.419578981256193 -7.802507059953186 -7.9411842847149465 -8.030951692571485 -8.175593529150957 -8.237923722646027 -8.113859796837657 -7.999637480528507 -7.987111795711315 -7.801612368180529 -7.884520472446701 -8.144279317107978 -8.164857227879079 -8.151138620698344 -8.339620354137987 -8.649183707477142 -8.942940839499368 -9.010340953039494 -9.053584388717892 -8.799491925283439 -8.43624706558489 -7.970410882621727 -7.440156892027294 -6.93048081220396 -6.459574709195743 -5.9185844173294315 -5.39220742441651 -4.733117818559537 -4.3093321489112295 -3.9225270725327257 -3.6812585245063496 -3.44684928007034 -3.2801383797653414 -3.4390952847073173 -3.7292736496389165 -4.028995393478852 -4.148287629833055 -4.1268150272892985 -3.703924049413648 -2.8951226869321505
-5.809432021065335 -6.334616091614715 -6.614058155274436 -6.855326703300812 -7.343530180580389 -7.69007412718935 -7.884520472446701 -8.005602092346217 -8.005602092346217 -7.901221385536289 -7.808173441180011 -7.582711114470566 -7.2671831493136985 -7.248692852678797 -7.605078408786979 -7.725265336913839 -7.6715838305544475 -7.811155747088866 -8.325901746957253 -8.865997347050907 -8.940256764181399 -9.033006477946792 -8.765493637922491 -8.283851233642396 -7.777157459727918 -7.264499073995729 -6.798662891032565 -6.411857814654062 -5.906953424284897 -5.388330426734997 -5.010472268083059 -4.742959428058758 -4.544636085119896 -4.417589853402669 -4.370767650633645 -4.425642079356578 -4.842568445414518 -5.218338989930258 -5.801379795111426 -5.869972831015094 -6.060243948000048 -6.050402338500826 -5.821957705882527
-5.611108678126472 -5.994931448596121 -6.241866377849322 -6.514449137918676 -7.034861519013888 -7.448805579162974 -7.6939511248708605 -7.808173441180011 -7.841575267359188 -7.7750698455917195 -7.623866936012766 -7.3599328630790914 -7.064088116920668 -6.6686343534064845 -6.883658609434935 -7.140435148187358 -7.276130067040264 -7.682320131826327 -8.240906028554882 -8.823946833736052 -8.956659446680103 -8.863015041142052 -8.56508268084743 -8.140402319426467 -7.6939511248708605 -7.233184861952751 -6.914674590887028 -6.593480244503336 -6.199815864534465 -5.804362101020281 -5.625721977079863 -5.596495379173082 -5.512394352543369 -5.6012670686272505 -5.661807878577009 -5.936180022191676 -6.361158614203525 -6.541588121689258 -6.985057010336008 -7.103156324326669 -7.226325558362384 -7.050369509739935 -6.265426594529277
-5.543708564586348 -5.801379795111426 -5.824045320018725 -6.164624654809975 -6.8064168863955885 -7.371862086714512 -7.60239433346901 -7.693056433098205 -7.734212254640404 -7.732124640504206 -7.594342107515101 -7.276130067040264 -6.969549019609961 -6.639407755499704 -6.5982519339575045 -6.8120832676224135 -7.229307864271239 -7.736896329958374 -8.165751919651735 -8.582678285709676 -8.847507050416006 -8.700777599700336 -8.45563205399245 -8.152033312471001 -7.723475953368526 -7.304461973174387 -6.967461405473763 -6.6883175724049275 -6.353106388249617 -6.2642336721657355 -6.404103819291039 -6.548447425279624 -6.7810672861703205 -6.883658609434935 -7.050369509739935 -7.316092966218922 -7.428525898982759 -7.623866936012766 -7.724370645141183 -7.8004194458169875 -7.877661168856334 -7.667706832872936 -7.037843824922743
-5.580689157856151 -5.712507079027545 -5.616775059353297 -5.979125227279189 -6.769138062534901 -7.316987657991579 -7.510539311476274 -7.598219105196613 -7.6179023241950565 -7.628638625466935 -7.489066708932517 -7.201870649909773 -7.013388916470132 -6.884553301207592 -6.7613840671718775 -6.535921740462433 -6.948971108838862 -7.6939511248708605 -8.145174008880634 -8.367057568499453 -8.582678285709676 -8.52720739580497 -8.548679998348728 -8.240906028554882 -7.903010769081602 -7.483996788887463 -7.052457123876133 -6.748858382354686 -6.6236015341827725 -6.852344397391957 -7.197098960455604 -7.537678295246854 -7.759561854865673 -7.855293874539921 -8.021110083072264 -8.08970311897593 -8.136525321744955 -8.273114932370518 -8.315165445685373 -8.531979085259138 -8.443106369175258 -8.325901746957253 -8.492910877853138
-5.530884649178271 -5.64510696548742 -5.579794466083494 -5.950793321145066 -6.720526476220562 -7.160714828367572 -7.358143479533779 -7.409737371756972 -7.428525898982759 -7.4637171087072485 -7.3268292674908 -7.183380353274871 -7.158925444822259 -7.0954023289636465 -6.85413378093727 -6.624794456546314 -6.734245083401296 -7.473260487615585 -8.01335608770924 -8.285938847778594 -8.561205683165918 -8.616974803661508 -8.667674004112044 -8.346479657728352 -8.006496784118873 -7.6853024377351815 -7.257639770405363 -7.076912032328744 -7.002652615198253 -7.48220740534215 -7.964446270804016 -8.29756984082313 -8.524225089896115 -8.616974803661508 -8.50662948503387 -8.568959678528941 -8.401950547633056 -8.513488788624237 -8.533768468804452 -8.753564414287071 -8.503647179125014 -8.118035025110053 -8.240011336782226
-5.3599985206008744 -5.509412046634514 -5.555339557630882 -5.954670318826578 -6.621812150637459 -7.035756210786545 -7.285971676539486 -7.337565568762678 -7.230202556043896 -7.265393765768386 -7.215589257090506 -7.193221962774093 -7.227220250135041 -7.247798160906141 -6.988039316244864 -6.6910016477228975 -6.800452274577879 -7.264499073995729 -7.8063840576346974 -8.361987648454399 -8.838560132689441 -8.935186844136346 -8.858243351687884 -8.520348092214604 -8.082843815385564 -7.7613512384109855 -7.516205692703098 -7.385580693895245 -7.512328695021586 -8.024987080753775 -8.488139188398968 -8.757441411968582 -8.993938270540792 -8.947116067771766 -8.836770749144128 -8.628605796706044 -8.43028245376718 -8.364969954363254 -8.259396325189783 -8.208697124739247 -7.439262200254637 -6.911692284978173 -5.142290189254454
-5.100239675939597 -5.308404628377682 -5.469449147455856 -5.971371231916166 -6.604216545775214 -7.020248220060498 -7.273147761131409 -7.231097247816552 -7.080789030010257 -7.070052728738378 -7.052457123876133 -7.149978527095694 -7.219466254772017 -7.264499073995729 -7.017265914151643 -6.757507069490366 -6.892307296570615 -7.301479667265532 -7.914641762126137 -8.522137475759916 -9.068197687671283 -9.181227081616889 -9.056268464035861 -8.940256764181399 -8.440124063266403 -7.878555860628991 -7.608955406468491 -7.600306719332812 -7.8904850842644105 -8.39240716872472 -8.734179425879514 -8.959641752588958 -9.069987071216595 -9.010340953039494 -8.781896320421193 -8.559416299620604 -8.1931891340132 -8.003514478210018 -7.60239433346901 -7.028896907196178 -6.027140352411756 -4.675559314518633 -2.9010872987498604
-4.793658628509295 -5.148254801072164 -5.337631226284461 -5.945126939918241 -6.526080130963211 -6.964479099564908 -7.206642339363941 -7.158925444822259 -6.996688003380543 -6.9635844077922515 -6.88067630352608 -7.080789030010257 -7.160714828367572 -7.113892625598548 -6.927498506295105 -7.0339668272412315 -7.222448560680872 -7.652198842146889 -8.405827545314569 -8.92355585109181 -9.11680927398562 -9.1666137826635 -9.175560700390065 -9.163929707345531 -8.74103872946988 -8.13742001351761 -7.784016763318284 -7.732124640504206 -8.043775607979562 -8.492910877853138 -8.766388329695149 -8.926538157000666 -9.066110073535084 -8.969483362088178 -8.693023604337313 -8.26834324291635 -7.829944274314652 -7.204852955818628 -6.5621660324603575 -5.589636075582716 -4.488866964624306 -3.0320105281485987 -1.558453178583303
-4.804394929781173 -5.239811592474015 -5.260389503245115 -5.928426026828653 -6.4694163186949645 -6.898271908388326 -7.100174018417814 -7.035756210786545 -6.894394910706813 -6.858010778618782 -6.791803587442199 -6.89528960247947 -6.736034466946609 -6.913779899114372 -7.248692852678797 -7.489066708932517 -7.597324413423956 -7.98412948980246 -8.796509619374584 -9.242960813930189 -9.258468804656236 -9.346446828967462 -9.319904306378652 -9.29276532260807 -9.004674571812668 -8.584765899845873 -8.279079544188228 -8.16873422556059 -8.203925435285079 -8.35125134718252 -8.692128912564657 -8.74491572715139 -8.659920008749022 -8.449070980992968 -8.091492502521243 -7.624761627785423 -7.023230525969353 -6.187290179717274 -5.3092993201503385 -3.9615952799387273 -2.800583589621444 -1.6285373674413979 -0.5555037014353399
-4.946054460451789 -5.337631226284461 -5.2896161011518945 -5.977335843733877 -6.404103819291039 -6.738122081082808 -6.903043597842493 -6.851151475028415 -6.768243370762244 -6.797469968669024 -6.701737948994776 -6.5114668320098215 -6.554412037097334 -7.0280022154235215 -7.345319564125702 -7.248692852678797 -7.158030753049603 -7.641462540875011 -8.520348092214604 -9.025252482583769 -9.239978508021334 -9.303501623879948 -9.403110641235708 -9.440985926278167 -9.22238290315909 -8.827823831417563 -8.513488788624237 -8.420739074858844 -8.319937135139542 -8.265360937007495 -8.173505915014758 -8.135332399381413 -7.980252492120949 -7.714529035641961 -7.292830980129852 -6.724403473902074 -5.907848116057553 -4.956790761723668 -3.9615952799387273 -3.1071646370517465 -2.272118982572324 -1.5787328587635177 -1.248889825244146
-5.051628089625259 -5.487939444090758 -5.4217322529141745 -5.852377226152848 -6.107066150769072 -6.425576421834795 -6.654021054453095 -6.660880358043461 -6.639407755499704 -6.662669741588774 -6.579761637322603 -6.555306728869991 -6.875606383481027 -6.9128852073417155 -7.0056349211071085 -6.73991146462812 -6.707702560812486 -7.217378640635819 -7.99009410162017 -8.53585608294065 -8.8991009426392 -9.145141180119744 -9.58950476053915 -9.626783584399838 -9.529858642362049 -9.194945688797624 -8.798597233510783 -8.549574690121384 -8.209591816511905 -8.134437707608756 -7.790876066908651 -7.599412027560155 -7.327723959263457 -6.878588689389882 -6.4243834994712525 -5.950793321145066 -5.302440016559972 -4.883426036365833 -4.055537916067662 -3.466532499068784 -3.326960582534366 -3.4012199996648578 -4.162900928786446
