static/data/pressure/2023/7/4/0.asc
ncols 137
nrows 93
xllcorner 108.0
yllcorner 17.0
cellsize 0.25
NODATA_value -32767
[rows 38 to 56 of 93, columns 0 to 42 of 137]
100.68172869966277 100.66900474760808 100.68921868562404 100.74426557039966 100.78920548616728 100.74570942311509 100.64500069621414 100.58526129011338 100.61828942097875 100.63696926548457 100.65799537065297 100.66801209886623 100.57777130415212 100.52046839950866 100.49474977301512 100.486267138312 100.4747163165886 100.46677512665376 100.4554950273145 100.44051505539196 100.42400098995927 100.41299161300414 100.39377032373002 100.37328566332994 100.34973281590955 100.31923142729619 100.29324207841852 100.26698200715671 100.25624335258573 100.266260080799 100.29152750331895 100.32699213564159 100.32825550676759 100.29802484053836 100.25254348000246 100.22953207735034 100.22628340874064 100.23900736079534 100.26526743205714 100.29224942967666 100.2905348545771 100.29495665351808 100.30253688027408
100.72396139158897 100.73903160430623 100.75599687371249 100.73623413967009 100.68272134840463 100.62226001594617 100.56522783368685 100.57046179978028 100.66701945012437 100.69048205675004 100.69003085277647 100.67604352959579 100.62848663078145 100.57677865541027 100.51324913593152 100.4792283563243 100.4587436959242 100.44872696771093 100.43979312903424 100.43103977194696 100.4222864148597 100.40748692452658 100.38402431790091 100.3610129152488 100.334752843987 100.31273409007676 100.29622002464407 100.28051812636382 100.25750672371171 100.25001673775046 100.27375006676027 100.30253688027408 100.30804156875162 100.27149404689241 100.25497998145974 100.25678479735402 100.27754018013826 100.3142681835869 100.35496678200298 100.39747019631331 100.40577234942701 100.40703572055301 100.41353305777243
100.79651499053912 100.80102703027482 100.73226354470268 100.65528814681154 100.60502402415578 100.59897789090992 100.58300527024552 100.64103010124671 100.69472337410161 100.69102350151833 100.64698599369783 100.6115213613752 100.56125723871943 100.53779463209376 100.49077917804772 100.46154116056033 100.44024433300781 100.43076904956283 100.4222864148597 100.41470618810371 100.40198223604902 100.38600961538462 100.36949554995194 100.3537936516717 100.33096273060902 100.31101951497719 100.29748339577007 100.29378352318679 100.2842179989471 100.26400406093114 100.25272396159188 100.26995995338228 100.27645729060168 100.262469967421 100.27726945775412 100.32726285802573 100.36552495498452 100.41272089062 100.43473964453024 100.45152443234707 100.43726638678224 100.43221290227825 100.43771759075581
100.87854387293426 100.74823616536708 100.6512273110494 100.60403137541392 100.58020780560939 100.5719958932904 100.59401464720067 100.64500069621414 100.61224328773291 100.59726331581035 100.5662204824287 100.53851655845148 100.49348640188914 100.48545497115957 100.45504382334092 100.42625700982713 100.40676499816887 100.3954848988296 100.39052165512034 100.38772419048419 100.37554168319778 100.3679614564418 100.35623015312898 100.3532522069034 100.34422812743199 100.33249682411915 100.3277140619993 100.3200435944486 100.30677819762563 100.29549809828636 100.2880081123251 100.29622002464407 100.30325880663179 100.30046134199564 100.33078224901958 100.37500023842951 100.41172824187814 100.45197563632064 100.4804917274503 100.49799844162483 100.48374039606 100.45847297354007 100.45675839844048
100.79452969305542 100.6640415038988 100.60628739528178 100.59473657355838 100.568025298323 100.54600654441273 100.568025298323 100.57001059580669 100.52353658652893 100.5080151698381 100.50251048136055 100.4747163165886 100.44999033883693 100.43302506943067 100.40279440320145 100.3820390204172 100.36245676796423 100.34901088955183 100.34549149855798 100.34774751842583 100.35595943074483 100.34846944478355 100.36904434597837 100.3757221647872 100.37472951604536 100.40026766094945 100.39521417644546 100.37328566332994 100.34828896319412 100.33195537935087 100.32202889193232 100.33051152663543 100.34395740504785 100.34576222094212 100.36904434597837 100.38700226412648 100.42400098995927 100.45576574969864 100.48545497115957 100.50972974493767 100.5277779038805 100.5022397589764 100.48996701089528
100.72576620748326 100.62848663078145 100.57822250812569 100.5897733298491 100.53174849884792 100.5080151698381 100.49502049539926 100.49402784665742 100.47002379526346 100.46677512665376 100.46172164214975 100.43852975790824 100.41551835525614 100.37148084743565 100.34720607365755 100.32753358040988 100.32022407603803 100.30650747524149 100.30677819762563 100.31499010994462 100.32545804213144 100.35920809935452 100.38276094677491 100.41723293035571 100.41723293035571 100.44376372400164 100.44872696771093 100.42724965856897 100.43473964453024 100.39701899233974 100.38474624425862 100.34828896319412 100.36146411922238 100.37021747630966 100.38546817061633 100.40171151366488 100.42625700982713 100.45802176956649 100.46921162811104 100.50124711023454 100.5227244193765 100.5265145327545 100.51622708215709
100.70573275105673 100.60827269276548 100.56125723871943 100.56279133222957 100.486267138312 100.45026106122107 100.43726638678224 100.45152443234707 100.45125370996293 100.45829249195063 100.43852975790824 100.41551835525614 100.37653433193964 100.32103624319046 100.3039807329895 100.29847604451193 100.2912567809348 100.28746666755681 100.29026413219296 100.29973941563793 100.3187802233226 100.35271076213512 100.40252368081731 100.45350972983078 100.44971961645278 100.44547829910121 100.45026106122107 100.486267138312 100.53346307394749 100.48202582096043 100.42273761883327 100.38628033776877 100.37797818465506 100.38600961538462 100.40351632955917 100.42201569247555 100.44647094784307 100.47426511261503 100.4772430588406 100.51622708215709 100.52371706811836 100.52750718149636 100.50729324348039
100.69427217012804 100.58553201249752 100.52579260639679 100.52254393778708 100.44304179764394 100.40450897830102 100.41028438916271 100.43627373804038 100.46271429089161 100.45197563632064 100.42400098995927 100.41073559313628 100.37148084743565 100.32672141325745 100.30325880663179 100.29847604451193 100.28954220583525 100.28873003868281 100.29279087444493 100.31147071895076 100.33222610173502 100.36949554995194 100.41822557909757 100.47426511261503 100.49222303076314 100.49023773327943 100.49574242175697 100.54176522706119 100.56152796110358 100.48671834228557 100.4344689221461 100.42273761883327 100.41551835525614 100.41578907764028 100.43103977194696 100.44746359658492 100.46821897936918 100.49502049539926 100.52073912189279 100.57975660163582 100.56297181381899 100.53247042520563 100.49547169937284
100.66196596562038 100.55403797514231 100.4964643481147 100.49601314414112 100.43473964453024 100.42246689644912 100.43401771817253 100.43798831313995 100.43149097592054 100.40604307181115 100.40875029565258 100.417774375124 100.42652773221126 100.40324560717502 100.35947882173866 100.33700886385486 100.32076552080632 100.30551482649963 100.30425145537365 100.33123345299316 100.3610129152488 100.40071886492302 100.44845624532678 100.50846637381169 100.55448917911588 100.55927194123572 100.54871376825416 100.52597308798622 100.48698906466971 100.43771759075581 100.43221290227825 100.43401771817253 100.4395224066501 100.44746359658492 100.4632557356599 100.4817550985763 100.5022397589764 100.51577587818352 100.51974647315095 100.5477211195123 100.53598981619947 100.52822910785407 100.57425191315826
100.61648460508447 100.55376725275816 100.54600654441273 100.54600654441273 100.48121365380801 100.48328919208643 100.47372366784674 100.42896423366854 100.3902509327362 100.42021087658128 100.4542316561885 100.48076244983444 100.48924508453757 100.46370693963347 100.44899769009507 100.43203242068881 100.39900428982345 100.3570423202814 100.34097945882229 100.3545155780294 100.37472951604536 100.40721620214245 100.4517049139365 100.50621035394383 100.5424871534189 100.52452923527079 100.487530509438 100.45450237857264 100.44421492797522 100.44502709512764 100.44953913486336 100.45323900744664 100.46027778943433 100.48103317221857 100.49222303076314 100.50178855500283 100.51072239367953 100.51703924930952 100.51749045328309 100.54997713938016 100.57804202653627 100.62424531342988 100.70672539979859
100.57578600666841 100.57677865541027 100.6274939820396 100.64951273594983 100.5227244193765 100.49745699685654 100.4600070670502 100.40775764691072 100.38402431790091 100.41696220797157 100.44872696771093 100.47173837036303 100.47697233645646 100.44222963049152 100.46948235049518 100.46045827102375 100.42454243472756 100.37653433193964 100.36678832611052 100.36904434597837 100.39052165512034 100.42246689644912 100.46172164214975 100.4772430588406 100.49547169937284 100.49204254917372 100.48374039606 100.47047499923704 100.4690311465216 100.46803849777974 100.48220630254987 100.49447905063099 100.4997130167244 100.50278120374469 100.5297632013642 100.55728664375201 100.59951933567821 100.633991319259 100.70347673118887 100.75220676033449 100.75996746867992 100.73803895556438 100.75121411159263
100.57154468931684 100.5424871534189 100.60051198442007 100.5834564742191 100.49727651526712 100.45973634466606 100.46370693963347 100.43347627340424 100.43049832717868 100.45720960241407 100.49853988639312 100.55927194123572 100.52624381037036 100.45125370996293 100.44349300161753 100.42878375207911 100.3915143038622 100.37851962942335 100.38772419048419 100.38952900637848 100.40721620214245 100.43302506943067 100.45829249195063 100.47679185486703 100.51153456083195 100.53797511368319 100.51848310202494 100.50196903659226 100.49420832824684 100.49745699685654 100.52723645911222 100.54221643103476 100.54203594944534 100.54997713938016 100.57596648825783 100.61774797621047 100.68976013039233 100.77648153411259 100.83152841888821 100.83396492034548 100.79326632192942 100.76420878603147 100.7407461794058
100.62677205568188 100.57921515686753 100.57948587925168 100.53779463209376 100.4772430588406 100.47778450360887 100.48274774731814 100.45621695367221 100.48121365380801 100.51577587818352 100.5892318850808 100.63426204164314 100.55178195527445 100.48121365380801 100.4632557356599 100.44773431896907 100.42472291631698 100.41696220797157 100.42427171234341 100.42724965856897 100.43022760479454 100.4554950273145 100.50025446149269 100.53950920719333 100.58399791898738 100.58129069514595 100.5584597740833 100.53228994361619 100.5227244193765 100.54501389567088 100.56703264958114 100.58453936375567 100.63047192826515 100.63696926548457 100.63128409541758 100.65898801939483 100.72504428112555 100.79101030206157 100.82476035928464 100.79254439557171 100.74625086788338 100.75401157622878 100.75049218523492
100.66322933674638 100.6115213613752 100.56450590732913 100.52425851288665 100.52028791791922 100.52200249301879 100.50323240771826 100.48527448957014 100.51902454679322 100.57271781964812 100.64445925144585 100.58499056772924 100.50323240771826 100.47570896533045 100.49502049539926 100.48004052347673 100.46497031075947 100.45675839844048 100.45946562228191 100.46226308691804 100.4657824779119 100.49953253513497 100.54528461805502 100.60024126203592 100.61846990256818 100.59572922230024 100.57452263554241 100.54871376825416 100.56071579395115 100.58300527024552 100.60348993064564 100.65149803343354 100.6979720427113 100.69950613622144 100.69246735423376 100.70898141966644 100.77521816298659 100.81203640722995 100.79795884325456 100.76646480589932 100.74598014549923 100.75022146285077 100.76447950841562
100.65528814681154 100.62451603581403 100.58074925037768 100.57298854203226 100.56901794706485 100.55349653037402 100.5297632013642 100.52200249301879 100.56901794706485 100.62298194230388 100.59121718256452 100.50972974493767 100.47498703897274 100.49826916400897 100.51577587818352 100.5009763878504 100.48599641592786 100.4759796877146 100.47552848374103 100.48022100506616 100.50377385248655 100.53752390970962 100.56820577991242 100.62027471846245 100.62523796217174 100.59997053965178 100.5834564742191 100.57172517090626 100.5834564742191 100.61702604985275 100.64951273594983 100.71502755291228 100.7420095505318 100.7432729216578 100.75500422497063 100.78000092510645 100.83622094021334 100.83721358895518 100.82097024590665 100.79299559954528 100.77224021676103 100.7815350186166 100.80996086895153
100.65871729701068 100.65095658866525 100.63498396800085 100.62722325965545 100.60303872667207 100.57903467527812 100.57028131819084 100.57425191315826 100.61522123395847 100.61901134733647 100.5834564742191 100.54447245090262 100.54501389567088 100.55421845673173 100.51153456083195 100.49727651526712 100.49150110440543 100.4817550985763 100.47778450360887 100.49502049539926 100.5277779038805 100.54997713938016 100.57804202653627 100.63723998786871 100.67577280721164 100.65203947820183 100.6064678768712 100.59347320243238 100.63029144667573 100.66701945012437 100.71972007423742 100.77296214311875 100.784242242458 100.7822569449743 100.79552234179728 100.83802575610761 100.87574640829811 100.86627112485314 100.84398164855875 100.81573627981324 100.79326632192942 100.80571955159996 100.86401510498528
100.71800549913785 100.74146810576352 100.71096671715014 100.67496064005921 100.64472997383 100.6217185711779 100.61774797621047 100.6274939820396 100.67496064005921 100.67351678734379 100.64445925144585 100.63471324561672 100.65546862840097 100.56973987342256 100.51000046732182 100.50846637381169 100.50602987235439 100.4997130167244 100.49700579288297 100.52470971686022 100.55773784772559 100.57398119077412 100.62550868455588 100.69454289251217 100.78478368722628 100.6952648188699 100.63326939290128 100.63823263661057 100.68425544191476 100.73650486205423 100.79001765331971 100.81447290868724 100.80779508987838 100.81320953756124 100.84578646445303 100.88621434048495 100.8935238448568 100.87953652167612 100.85625439663987 100.83522829147148 100.81050231371981 100.81023159133568 100.86545895770071
100.7637575820579 100.77927899874874 100.7304587288084 100.70022806257916 100.7017621560893 100.69246735423376 100.65925874177896 100.69824276509544 100.78676898471 100.80752436749425 100.7682696217936 100.72152489013169 100.69553554125403 100.54925521302245 100.5182123796408 100.53779463209376 100.56423518494499 100.56450590732913 100.56576927845514 100.56703264958114 100.58020780560939 100.61874062495232 100.7004987849633 100.81754109570751 100.87926579929197 100.72053224138983 100.6595294641631 100.67478015846979 100.71150816191843 100.74228027291595 100.78054236987474 100.79371752590299 100.80048558550654 100.83396492034548 100.87096364617827 100.88801915637923 100.8832363942594 100.86951979346284 100.88648506286908 100.87854387293426 100.85697632299758 100.84578646445303 100.86004451001786
100.72504428112555 100.71475683052813 100.68497736827247 100.67748738231121 100.70076950734745 100.7260369298674 100.69697939396947 100.73551221331238 100.85020826339401 100.89045565783651 100.83549901385561 100.73325619344453 100.64797864243968 100.57921515686753 100.61449930760075 100.68524809065661 100.71024479079243 100.65799537065297 100.62577940694003 100.60971654548092 100.60827269276548 100.6709900450918 100.79904173279112 100.93223714578916 100.92646173492744 100.76529167556804 100.70122071132101 100.69851348747959 100.71800549913785 100.7394828082798 100.77575960775488 100.79200295080342 100.82773830551021 100.87547568591397 100.91175248538904 100.91725717386662 100.89325312247266 100.89153854737309 100.93476388804115 100.9337712392993 100.91075983664719 100.91301585651505 100.93503461042528
