static/data/pressure/2023/7/4/12.asc
ncols 137
nrows 93
xllcorner 108.0
yllcorner 17.0
cellsize 0.25
NODATA_value -32767
[rows 38 to 56 of 93, columns 86 to 128 of 137]
100.41064535234158 100.43221290227825 100.45639743526164 100.48292822890758 100.50819565142754 100.50991022652711 100.50494698281783 100.50296168533411 100.5091883001694 100.51045167129539 100.51216624639494 100.51270769116323 100.51090287526897 100.50819565142754 100.5066615579174 100.51045167129539 100.51965623235623 100.53147777646377 100.54645774838632 100.56270109143485 100.57993708322525 100.59771451978392 100.61567243793203 100.63146457700701 100.64617382654542 100.6594392233684 100.67044860032351 100.67721665992707 100.6786605126425 100.67694593754292 100.6729753425755 100.66647800535608 100.66368054071994 100.6588977786001 100.65321260853311 100.6487005687974 100.64265443555156 100.64247395396214 100.64644454892957 100.65393453489082 100.66521463423008 100.67568256641692 100.68597001701433
100.43392747737782 100.4529682850625 100.46695560824318 100.49366688347857 100.5169490085148 100.52019767712451 100.50846637381169 100.5091883001694 100.51992695474037 100.52516092083378 100.52868031182763 100.53147777646377 100.53346307394749 100.53346307394749 100.53192898043734 100.53472644507347 100.54239691262418 100.55015762096959 100.55764760693087 100.57019107739613 100.58544177170282 100.60240704110906 100.6204552000519 100.63597661674271 100.65167851502297 100.66494391184594 100.67568256641692 100.68470664588834 100.68642122098791 100.68416520112005 100.67793858628478 100.66891450681337 100.66115379846796 100.65339309012253 100.64617382654542 100.63940576694185 100.63372059687487 100.63290842972243 100.63742046945814 100.64644454892957 100.6588977786001 100.67216317542308 100.68470664588834
100.45766080638764 100.47246029672074 100.4836501552653 100.50115686943982 100.51415154387865 100.51839286123023 100.51965623235623 100.5238975497078 100.53265090679506 100.53770439129904 100.54266763500833 100.55115026971144 100.55620375421545 100.55990362679873 100.55918170044102 100.56017434918287 100.56089627554059 100.5649571113027 100.57145444852213 100.58120045435125 100.5949170551478 100.60989702707035 100.6262306109136 100.64121058283614 100.65646127714282 100.67017787793937 100.68245062602048 100.69246735423376 100.69571602284347 100.69391120694918 100.68714314734562 100.67667521515878 100.66521463423008 100.65366381250668 100.64265443555156 100.63516444959029 100.63119385462286 100.63164505859643 100.63696926548457 100.64770792005555 100.6607025944944 100.6754118440328 100.68921868562404
100.48319895129173 100.49772771924069 100.51072239367953 100.52019767712451 100.53147777646377 100.53797511368319 100.54095305990876 100.54492365487619 100.54970641699602 100.55421845673173 100.55972314520929 100.56793505752827 100.57569576587369 100.58318575183496 100.58417840057682 100.58490032693453 100.58490032693453 100.58417840057682 100.58814899554423 100.59717307501565 100.60664835846063 100.62072592243604 100.63417180084843 100.64842984641326 100.66322933674638 100.6773971415165 100.6902113343659 100.7004085441686 100.70645467741444 100.70464986152015 100.69815252430074 100.68741386972977 100.6729753425755 100.65718320350054 100.64590310416128 100.63940576694185 100.63642782071629 100.64121058283614 100.65068586628111 100.66169524323624 100.67468991767507 100.68867724085575 100.70221336006287
100.51270769116323 100.52570236560207 100.53968968878276 100.54943569461187 100.55791832931502 100.56441566653442 100.56793505752827 100.57046179978028 100.57371046838998 100.57443239474769 100.57993708322525 100.58643442044466 100.5949170551478 100.60294848587735 100.60746052561306 100.60818245197078 100.60746052561306 100.60619715448706 100.60917510071263 100.61341641806418 100.62316242389332 100.63317915210658 100.64518117780356 100.65871729701068 100.66990715555522 100.68416520112005 100.69815252430074 100.70943262364001 100.71746405436956 100.71890790708498 100.71241056986558 100.69995734019501 100.68371399714648 100.66692920932965 100.65546862840097 100.64897129118154 100.65321260853311 100.6607025944944 100.67117052668122 100.68389447873591 100.69697939396947 100.70771804854044 100.72044200059513
100.54366028375019 100.55647447659959 100.56964963262784 100.5796663608411 100.58814899554423 100.59266103527995 100.59618042627379 100.59771451978392 100.59672187104208 100.59744379739979 100.60042174362535 100.60664835846063 100.61522123395847 100.62343314627746 100.62794518601316 100.63290842972243 100.63272794813301 100.63065240985458 100.63218650336472 100.63597661674271 100.64021793409428 100.65014442151283 100.65916850098425 100.67071932270765 100.68172869966277 100.69192590946547 100.70591323264615 100.71890790708498 100.72991728404011 100.73190258152381 100.73018800642426 100.71791525834313 100.70140119291044 100.68515784986191 100.67396799131735 100.67216317542308 100.67694593754292 100.68741386972977 100.6979720427113 100.71042527238187 100.72116392695284 100.73190258152381 100.74273147688952
100.57921515686753 100.59040501541209 100.60240704110906 100.61016774945449 100.61440906680603 100.61892110654175 100.6217185711779 100.6237038686616 100.62072592243604 100.6211771264096 100.62442579501932 100.63020120588101 100.63796191422642 100.64716647528726 100.65564910999039 100.66043187211025 100.66196596562038 100.6588977786001 100.6588977786001 100.6588977786001 100.66340981833581 100.66990715555522 100.67721665992707 100.68714314734562 100.69445265171747 100.70464986152015 100.7152080345017 100.7279319865564 100.73993401225337 100.74796544298295 100.7464313494728 100.74219003212123 100.72820270894054 100.71367394099157 100.70843997489816 100.70672539979859 100.70816925251401 100.71764453595898 100.7279319865564 100.73894136351151 100.74940929569836 100.75969674629577 100.76989395609846
100.61242376932233 100.6237038686616 100.63417180084843 100.63597661674271 100.63940576694185 100.6416617868097 100.64418852906171 100.64797864243968 100.64842984641326 100.64915177277098 100.65294188614897 100.65844657462654 100.6671999317138 100.67893123502664 100.68795531449804 100.69391120694918 100.69571602284347 100.69120398310775 100.68795531449804 100.68795531449804 100.69066253833947 100.69670867158533 100.70022806257916 100.70564251026201 100.711959365892 100.71872742549556 100.7279319865564 100.73794871476966 100.75022146285077 100.76041867265349 100.76619408351517 100.76465999000504 100.75870409755392 100.75139459318207 100.7476947205988 100.74616062708866 100.74598014549923 100.74895809172477 100.75771144881206 100.76817938099889 100.77918875795402 100.78992741252499 100.80021486312239
100.65546862840097 100.65267116376482 100.66043187211025 100.6626878919781 100.66422198548823 100.6653951158195 100.6671999317138 100.6697266739658 100.67270462019137 100.67667521515878 100.68145797727863 100.68939916721347 100.70122071132101 100.71421538575986 100.72396139158897 100.72991728404011 100.73172209993439 100.72892463529826 100.72369066920484 100.72143464933698 100.72296874284713 100.72639789304627 100.72639789304627 100.7291953576824 100.73415860139167 100.74020473463752 100.74598014549923 100.75392133543406 100.76339661887906 100.77196949437689 100.77891803556987 100.782978871332 100.78315935292143 100.78018140669587 100.77918875795402 100.77819610921216 100.77792538682802 100.77918875795402 100.78694946629943 100.79642474974442 100.80743412669953 100.81790205888636 100.82791878709963
100.70464986152015 100.69093326072361 100.68939916721347 100.69291855820732 100.69318928059147 100.69472337410161 100.6979720427113 100.70022806257916 100.70419865754658 100.71042527238187 100.71872742549556 100.72865391291411 100.73993401225337 100.74940929569836 100.75996746867992 100.76547215715746 100.76592336113103 100.76718673225703 100.7612308398059 100.75744072642792 100.75870409755392 100.76339661887906 100.76520143477333 100.76547215715746 100.76944275212489 100.77341334709232 100.77666201570202 100.78216670417957 100.78694946629943 100.79218343239285 100.79714667610213 100.80147823424839 100.80418545808982 100.80644147795768 100.80671220034182 100.80716340431539 100.80896822020968 100.81095351769339 100.81790205888636 100.82593348961592 100.83495756908734 100.84371092617461 100.85165211610945
100.72540524430441 100.71917862946913 100.72116392695284 100.72423211397312 100.72522476271497 100.72748078258283 100.73145137755026 100.73839991874324 100.74697279424109 100.75491398417591 100.76366734126319 100.77214997596631 100.77945948033816 100.78595681755758 100.79895149199642 100.80770484908368 100.80896822020968 100.80869749782553 100.80165871583782 100.79615402736027 100.79371752590299 100.7957028233867 100.79922221438053 100.80292208696382 100.80797557146782 100.81194616643525 100.81447290868724 100.81645820617094 100.81745085491279 100.8206995235225 100.82340674736393 100.82665541597365 100.82891143584149 100.8321601044512 100.83297227160364 100.83369419796134 100.83522829147148 100.83739407054462 100.84497429730061 100.85345693200372 100.86320293783285 100.87294894366198 100.8819730231334
100.74616062708866 100.7484166469565 100.7516653155662 100.7529286866922 100.75744072642792 100.76366734126319 100.7726914207346 100.78171550020602 100.79146150603513 100.80192943822196 100.81095351769339 100.8181727812705 100.82268482100622 100.82746758312607 100.83640142180276 100.84470357491647 100.84542550127418 100.84398164855875 100.8391988864389 100.83495756908734 100.8327015492195 100.82918215822563 100.82918215822563 100.83243082683535 100.83622094021334 100.84091346153846 100.84416213014818 100.84768152114204 100.85120091213587 100.85345693200372 100.85571295187158 100.85814945332886 100.8602249916073 100.862210289091 100.86121764034915 100.86166884432272 100.86139812193858 100.86464679054829 100.87222701730427 100.88170230074925 100.89189951055194 100.90417225863305 100.91518163558818
100.77070612325089 100.77296214311875 100.77648153411259 100.78072285146416 100.78920548616728 100.7982295656387 100.81221688881938 100.82295554339036 100.83441612431905 100.84470357491647 100.85318620961958 100.85869089809715 100.86293221544872 100.86591016167428 100.87267822127784 100.87664881624526 100.8781829097554 100.8781829097554 100.87845363213954 100.87466351876155 100.86997099743641 100.86545895770071 100.86040547319672 100.85995426922315 100.86293221544872 100.86771497756855 100.87195629492012 100.87719026101354 100.88269494949111 100.88639482207438 100.88819963796865 100.88991421306822 100.89072638022066 100.89189951055194 100.89298240008851 100.88919228671051 100.88720698922681 100.88919228671051 100.8966822726718 100.91193296697848 100.92492764141731 100.937651593472 100.95064626791084
100.79597354577085 100.7982295656387 100.80292208696382 100.80842677544139 100.8194361523965 100.83297227160364 100.84695959478432 100.86040547319672 100.87222701730427 100.8807096520074 100.8884703603528 100.89343360406208 100.89839684777137 100.90164551638107 100.90597707452734 100.90940622472648 100.91220368936263 100.91364754207805 100.91473043161461 100.91346706048861 100.90868429836877 100.90471370340134 100.89821636618194 100.89596034631408 100.8941555304198 100.89839684777137 100.90164551638107 100.90742092724277 100.91220368936263 100.91346706048861 100.91545235797233 100.91617428433004 100.91689621068775 100.9191522305556 100.92068632406574 100.91473043161461 100.91491091320405 100.91689621068775 100.92817631002701 100.94369772671784 100.95967034738224 100.97365767056293 100.9869230673859
100.8199775971648 100.82295554339036 100.82764806471549 100.83721358895518 100.84795224352618 100.86419558657471 100.87917555849725 100.89298240008851 100.90245768353348 100.91039887346834 100.91644500671418 100.9216789728076 100.92673245731159 100.93295907214687 100.93720038949843 100.94171242923413 100.9459537465857 100.94694639532756 100.94947313757956 100.94820976645356 100.94766832168527 100.9446903754597 100.93990761333986 100.93720038949843 100.93422244327287 100.9344029248623 100.93747111188256 100.94270507797599 100.94414893069141 100.94071978049227 100.93990761333986 100.9409002620817 100.9446903754597 100.94667567294341 100.94739759930113 100.94568302420156 100.9484804888377 100.95642167877253 100.96797250049595 100.97997452619292 100.99594714685732 101.011197841164 101.02518516434469
100.84668887240018 100.84966681862575 100.8551715071033 100.86545895770071 100.87619761227168 100.89397504883037 100.90895502075291 100.92095704644989 100.93016160751073 100.93494436963057 100.93945640936627 100.9446903754597 100.94866097042713 100.95515830764653 100.96219708963424 100.96743105572766 100.97320646658936 100.97419911533122 100.97690633917264 100.98096717493478 100.98096717493478 100.98195982367663 100.97916235904049 100.97645513519906 100.97320646658936 100.9734771889735 100.97645513519906 100.98168910129249 100.9778989879145 100.97266502182107 100.97194309546336 100.97871115506692 100.98295247241849 100.98340367639206 100.9836743987762 100.98845716089603 100.99919581546703 101.00668580142829 101.009934470038 101.02022192063541 101.03420924381611 101.04991114209636 101.06344726130348
100.8724074988937 100.87664881624526 100.88242422710697 100.89244095532023 100.90390153624891 100.9204156016816 100.93395172088873 100.9459537465857 100.9537144549311 100.95795577228267 100.96048251453468 100.96544575824394 100.96896514923779 100.9754624864572 100.98268175003435 100.98845716089603 100.99342040460532 100.99567642447317 101.00271520646086 101.00767845017015 101.01065639639572 101.01291241626357 101.011197841164 101.007407727786 101.00542243030229 101.00794917255429 101.01146856354815 101.01273193467414 101.00894182129615 101.01164904513757 101.01841710474113 101.02572660911297 101.0322239463324 101.0322239463324 101.0329458726901 101.03971393229365 101.0476551222285 101.04792584461265 101.04991114209636 101.05839377679948 101.07039580249646 101.08447336647187 101.09169263004898
100.89866757015551 100.90372105465948 100.90922574313706 100.91743765545604 100.92889823638473 100.94297580036013 100.95642167877253 100.96589696221753 100.9722138178475 100.97717706155677 100.97997452619292 100.98439632513391 100.98845716089603 100.99468377573132 101.00370785520272 101.01191976752172 101.01769517838342 101.01995119825126 101.02771190659668 101.03366779904782 101.03718719004166 101.03718719004166 101.03393852143196 101.02996792646454 101.02689973944426 101.02843383295439 101.03339707666368 101.03718719004166 101.04341380487693 101.05144523560651 101.05740112805762 101.06443991004534 101.0726518223643 101.07996132673615 101.08122469786215 101.08095397547801 101.08095397547801 101.08167590183572 101.08447336647187 101.09214383402255 101.09764852250012 101.10739452832924 101.11316993919095
100.92546908618559 100.93043232989487 100.93566629598828 100.94189291082355 100.95290228777868 100.96291901599196 100.97492104168893 100.98421584354449 100.99116438473746 100.99766172195689 101.0009103905666 101.00515170791815 101.009934470038 101.0169732520257 101.02771190659668 101.03971393229365 101.04648199189722 101.0476551222285 101.05117451322236 101.0554158305739 101.05794257282591 101.05640847931576 101.0527086067325 101.05072330924878 101.04918921573865 101.05144523560651 101.05767185044176 101.06597400355547 101.0731932671326 101.07644193574231 101.08068325309387 101.08772203508157 101.09719731852655 101.10739452832924 101.11190656806495 101.10739452832924 101.10595067561381 101.10567995322967 101.10721404673981 101.1109139193231 101.1166893301848 101.12345738978836 101.12842063349764
