static/data/pressure/2023/7/4/6.asc
ncols 137
nrows 93
xllcorner 108.0
yllcorner 17.0
cellsize 0.25
NODATA_value -32767
[rows 57 to 75 of 93, columns 43 to 85 of 137]
100.66431222628295 100.6230721830986 100.58327599262967 100.56107675713001 100.57028131819084 100.60385089382449 100.62704277806603 100.64229347237271 100.65131755184412 100.65808561144767 100.6607928352891 100.6653048750248 100.68154821807333 100.6953550596646 100.70582299185143 100.71078623556072 100.71656164642242 100.72630765225155 100.72829294973526 100.7337976382128 100.74282171768424 100.75184579715564 100.76005770947462 100.7720597351716 100.77909851715931 100.78631778073643 100.79434921146598 100.80129775265897 100.80752436749425 100.81727037332337 100.82205313544321 100.83008456617279 100.83531853226619 100.84010129438605 100.84632790922132 100.85083994895702 100.85778849015001 100.86627112485314 100.87556592670869 100.88585337730609 100.89605058710879 100.90534538896435 100.91879126737675
100.66810233966093 100.61955279210474 100.60655811766591 100.60078270680421 100.62532820296646 100.6562807955534 100.67153148986007 100.68380423794119 100.69309903979675 100.69156494628662 100.68533833145133 100.68479688668305 100.69752083873774 100.70654491820916 100.71583972006471 100.72278826125769 100.72504428112555 100.72910511688768 100.73451956457052 100.74255099530009 100.75256772351335 100.76529167556804 100.77603033013902 100.78505440961042 100.79705643530741 100.80256112378497 100.80905846100438 100.81582652060796 100.8200678379595 100.82909191743093 100.8347770874979 100.84181586948561 100.84777176193674 100.85309596882487 100.85805921253414 100.86482727213772 100.8706026829994 100.87953652167612 100.88756795240566 100.89677251346652 100.90904526154762 100.91834006340318 100.93178594181559
100.69679891238003 100.64283491714099 100.63209626257 100.65682224032167 100.68551881304076 100.7030255272153 100.72080296377398 100.7356024541071 100.72702957860926 100.71926887026385 100.69779156112187 100.70735708536158 100.72432235476784 100.70708636297744 100.71484707132285 100.72305898364183 100.72910511688768 100.73054896960312 100.73830967794852 100.74958977728778 100.76132108060062 100.77305238391345 100.78857380060428 100.79606378656555 100.80833653464667 100.81302905597181 100.81934591160179 100.82656517517893 100.83234058604063 100.83928912723361 100.84804248432089 100.85426909915616 100.86202980750157 100.86807594074742 100.87303918445669 100.88134133757039 100.88585337730609 100.89460673439336 100.9025479243282 100.91157200379962 100.92384475188074 100.93304931294159 100.94631470976455
100.7178250175484 100.6780288270795 100.68777483290862 100.71232032907086 100.73776823318023 100.75085314841378 100.77810586841746 100.77034516007203 100.76177228457419 100.75058242602964 100.73858040033267 100.74931905490364 100.75184579715564 100.7278417457617 100.711327680329 100.71926887026385 100.7247735587414 100.73334643423924 100.74029497543223 100.75680904086491 100.76854034417775 100.7815350186166 100.79678571292327 100.80608051477881 100.81510459425024 100.82160193146964 100.8282797502785 100.83558925465033 100.84380116696933 100.85029850418873 100.86130788114386 100.86780521836327 100.87583664909283 100.88459000618009 100.88928252750523 100.89956997810265 100.90435274022249 100.91283537492562 100.92032536088688 100.92934944035831 100.9402685765187 100.94956337837426 100.9612946816871
100.7273003009934 100.73903160430623 100.74877761013535 100.76610384272047 100.791822469214 100.79859052881756 100.83179914127236 100.81582652060796 100.84010129438605 100.82882119504679 100.8833266350541 100.85426909915616 100.80833653464667 100.71728357278013 100.70076950734745 100.71078623556072 100.71304225542858 100.7343390829811 100.74228027291595 100.75879433834862 100.77729370126502 100.79028837570385 100.80256112378497 100.81555579822381 100.82232385782736 100.83378443875604 100.84055249835961 100.84831320670503 100.85778849015001 100.86383462339586 100.8775512241924 100.88431928379595 100.89433601200922 100.90281864671235 100.90931598393176 100.9197839161186 100.9255593269803 100.93359075770987 100.94108074367114 100.94884145201655 100.95903866181924 100.96779201890652 100.97627465360964
100.77178901278745 100.78731042947828 100.79678571292327 100.81329977835595 100.84028177597547 100.84307924061162 100.87583664909283 100.86482727213772 100.89758468061893 101.1397909736316 101.23210730662416 101.01453675056842 100.83531853226619 100.73127089596083 100.69734035714832 100.70907166046115 100.70627419582502 100.73081969198725 100.74255099530009 100.76159180298477 100.78081309225888 100.79877101040698 100.80833653464667 100.82557252643707 100.83107721491464 100.8443426117376 100.85381789518259 100.861578603528 100.87484400035098 100.88134133757039 100.89532866075108 100.90435274022249 100.91427922764105 100.92456667823845 100.93160546022615 100.9415319476447 100.94830000724826 100.95606071559368 100.9638214239391 100.97131140990035 100.9785306734775 100.9862913818229 100.99333016381061
100.81302905597181 100.82051904193308 100.83333323478247 100.8532764504143 100.87655857545055 100.8891020459158 100.92628125333802 100.9268226981063 101.03953345070423 101.31404594822456 101.48604490294967 101.09205359322785 100.8360404586239 100.72008103741626 100.68551881304076 100.70356697198359 100.70329624959945 100.72432235476784 100.74552894152565 100.76556239795218 100.79209319159814 100.8123071296141 100.82051904193308 100.83658190339219 100.84307924061162 100.85860065730243 100.86852714472099 100.87935604008669 100.89307264088323 100.9012845532022 100.91454995002519 100.9242959558543 100.93485412883587 100.94460013466498 100.95254132459982 100.96183612645538 100.96905539003251 100.97654537599378 100.98457680672334 100.99206679268461 100.99802268513574 101.00406881838158 101.01083687798514
100.84208659186976 100.85102043054644 100.86979051584699 100.89081662101538 100.90805261280576 100.94234411479714 100.96183612645538 100.96355070155495 101.06083027825676 101.21532251880733 101.29356128782446 100.90859405757405 100.72035175980041 100.6562807955534 100.66584631979309 100.68533833145133 100.70058902575802 100.72206633489998 100.74607038629394 100.77034516007203 100.79579306418141 100.81727037332337 100.83053577014635 100.84578646445303 100.85977378763371 100.87430255558269 100.88702650763737 100.89902853333436 100.91202320777319 100.92231065837059 100.93404196168343 100.94378796751256 100.95407541810997 100.9632799791708 100.97131140990035 100.9797940446035 100.98809619771718 100.99531546129433 101.00280544725558 101.01029543321685 101.01706349282043 101.02356083003983 101.02879479613325
100.87078316458884 100.88079989280212 100.8980358845925 100.9165352475089 100.93503461042528 100.97582344963607 100.97004803877437 101.02184625494026 101.14204699349946 101.23707055033343 101.16677297125113 100.8008465486854 100.63534493117972 100.6493322543604 100.66783161727679 100.67252413860193 100.69833300589016 100.7260369298674 100.7477849613935 100.7758498485496 100.79904173279112 100.8200678379595 100.84208659186976 100.85733728617643 100.87556592670869 100.8878386747898 100.90209672035463 100.91635476591948 100.92781534684816 100.94135146605528 100.95082674950027 100.96084347771352 100.9703187611585 100.97880139586164 100.98710354897533 100.99405209016832 101.0015420761296 101.00984422924328 101.01859758633057 101.02626805388125 101.03231418712711 101.0393529691148 101.04458693520823
100.89406528962509 100.90408201783835 100.92231065837059 100.93909544618742 100.95335349175225 100.98926932804847 100.97076996513208 101.0955729842217 101.36485151564861 101.43352476042605 101.0450381391818 100.72206633489998 100.60610691369234 100.64310563952513 100.65934898257368 100.66629752376666 100.70807901171929 100.7260369298674 100.75301892748692 100.78207646338487 100.8065317187524 100.82882119504679 100.85210332008302 100.86509799452186 100.8865753036638 100.90083334922863 100.91635476591948 100.93106401545788 100.94135146605528 100.95660216036195 100.9638214239391 100.97555272725192 100.98358415798148 100.99080342155861 100.99955677864588 101.00578339348115 101.01534891772086 101.02283890368211 101.03132153838526 101.03953345070423 101.0463015103078 101.05433294103734 101.0598376295149
100.91608404353534 100.92258138075474 100.93981737254514 100.95606071559368 100.96084347771352 101.00677604222301 100.96860418605894 101.08880492461813 101.34635215273221 101.28155926212749 100.78604705835228 100.60755076640777 100.59527801832665 100.62027471846245 100.64833960561855 100.66701945012437 100.71159840271315 100.72360042841012 100.76132108060062 100.78433248325271 100.8097803873621 100.83531853226619 100.85679584140816 100.87556592670869 100.89605058710879 100.91130128141548 100.92709342049045 100.94180267002885 100.95380469572582 100.96905539003251 100.97555272725192 100.98710354897533 100.99477401652604 101.00181279851374 101.011829526727 101.01507819533671 101.02581684990768 101.03330683586897 101.04278211931394 101.05153547640121 101.05830353600477 101.06633496673433 101.0712982104436
100.93106401545788 100.93133473784202 100.94857072963241 100.96102395930295 100.96535551744924 101.01002471083271 100.96707009254881 101.0712982104436 101.23183658424001 101.14556638449332 100.65754416667939 100.53878728083562 100.5815614175301 100.60782148879191 100.64184226839913 100.68055556933149 100.71656164642242 100.73479028695466 100.77377431027116 100.79534186020784 100.82178241305907 100.84885465147332 100.86509799452186 100.88828987876337 100.9050746665802 100.9230325847283 100.93828327903499 100.95181939824211 100.96454335029681 100.97708682076207 100.9862913818229 100.9970300363939 101.00406881838158 101.01128808195871 101.0208536061984 101.02455347878168 101.03583357812096 101.04305284169808 101.05252812514307 101.06209364938276 101.06832026421804 101.07779554766302 101.08131493865687
100.93828327903499 100.93882472380328 100.95254132459982 100.9580460130774 100.96607744380695 100.9945935349366 100.9632799791708 101.02383155242397 101.08835372064456 101.01877806792 100.60484354256634 100.55584279103658 100.62632085170831 100.63633757992157 100.67757762310593 100.70807901171929 100.73605365808066 100.76005770947462 100.79110054285628 100.81131448087224 100.83558925465033 100.85959330604429 100.87710002021883 100.90110407161278 100.91409874605162 100.93232738658386 100.94577326499628 100.95903866181924 100.97203333625806 100.98403536195507 100.99378136778418 101.0047907447393 101.01155880434285 101.01977071666184 101.02807286977554 101.03384828063724 101.04557958395007 101.0508135500435 101.06281557574047 101.07102748805946 101.0783369924313 101.08654890475029 101.09006829574413
100.93882472380328 100.94081002128699 100.94631470976455 100.95551927082539 100.95705336433554 100.97329670738407 100.95181939824211 100.9862913818229 101.03330683586897 100.91157200379962 100.62253073833031 100.62984024270216 100.67703617833764 100.68335303396762 100.71556899768056 100.7503117036455 100.76484047159448 100.79353704431357 100.8135705007401 100.83531853226619 100.86004451001786 100.87782194657655 100.89632130949293 100.91427922764105 100.9261007717486 100.94378796751256 100.95353397334168 100.9663481661911 100.97807946950392 100.98981077281675 101.00127135374545 101.01110760036929 101.01805614156228 101.02680949864954 101.03384828063724 101.04178947057208 101.05234764355365 101.0585742583889 101.07102748805946 101.07806627004716 101.08627818236614 101.09331696435385 101.09782900408955
100.94234411479714 100.94559278340684 100.95055602711612 100.95127795347383 100.95227060221568 100.95678264195139 100.94505133863856 100.96454335029681 100.93277859055745 100.80752436749425 100.70807901171929 100.72630765225155 100.73957304907452 100.7490483325195 100.77729370126502 100.789295726962 100.80183919742726 100.82485060007936 100.83802575610761 100.86184932591215 100.87782194657655 100.89605058710879 100.91184272618376 100.92808606923231 100.9402685765187 100.95434614049411 100.96309949758138 100.97528200486778 100.98728403056475 100.9970300363939 101.01002471083271 101.01760493758871 101.0265387762654 101.03457020699496 101.04178947057208 101.05009162368579 101.05902546236248 101.06705689309204 101.07752482527887 101.0840221624983 101.09232431561199 101.1000850239574 101.1045970636931
100.9478488032747 100.95010482314255 100.95010482314255 100.94983410075841 100.94730735850641 100.94703663612226 100.93783207506142 100.93106401545788 100.90552587055377 100.87033196061526 100.81654844696565 100.80905846100438 100.79931245517527 100.80752436749425 100.81158520325639 100.82232385782736 100.8347770874979 100.85210332008302 100.86428582736943 100.88359735743825 100.89830660697665 100.91427922764105 100.93034208910017 100.94135146605528 100.95606071559368 100.96481407268095 100.97456007851007 100.98602065943875 100.99630811003617 101.00632483824944 101.01805614156228 101.02482420116583 101.0348409293791 101.04052609944608 101.04810632620207 101.05631823852106 101.06380822448233 101.07355423031144 101.08059301229916 101.08808299826042 101.09656563296355 101.10432634130898 101.11109440091252
100.95606071559368 100.95533878923597 100.95281204698396 100.95109747188441 100.95055602711612 100.9465854321487 100.93909544618742 100.9261007717486 100.90985742870005 100.88928252750523 100.86979051584699 100.85354717279844 100.84632790922132 100.84605718683717 100.84831320670503 100.85508126630859 100.86482727213772 100.87303918445669 100.89108734339952 100.9038112954542 100.91734741466134 100.93205666419973 100.9453220610227 100.95678264195139 100.96806274129067 100.97456007851007 100.9862913818229 100.99531546129433 101.00506146712344 101.01652204805214 101.02554612752354 101.03330683586897 101.04233091534037 101.04810632620207 101.05478414501091 101.06254485335633 101.06877146819161 101.07878819640487 101.08510505203486 101.09403889071156 101.1013483950834 101.10883838104466 101.1173210157478
100.96156540407124 100.96183612645538 100.96102395930295 100.95958010658752 100.95705336433554 100.95055602711612 100.94685615453284 100.93729063029313 100.9242959558543 100.9095867063159 100.89532866075108 100.88459000618009 100.87809266896069 100.87258798048312 100.87303918445669 100.87809266896069 100.88630458127966 100.89785540300308 100.9108500774419 100.91906198976089 100.93431268406758 100.94703663612226 100.95777529069325 100.96932611241665 100.97681609837792 100.98584017784933 100.99558618367845 101.00433954076573 101.014356268979 101.0252754051394 101.03330683586897 101.04431621282409 101.0495501789175 101.05604751613691 101.06254485335633 101.06877146819161 101.07526880541101 101.08302951375644 101.08880492461813 101.09809972647369 101.10604091640853 101.11434306952223 101.12282570422535
100.97555272725192 100.97383815215235 100.97203333625806 100.97004803877437 100.96607744380695 100.96057275532938 100.95281204698396 100.94360748592312 100.93304931294159 100.92231065837059 100.91003791028947 100.90083334922863 100.89334336326736 100.89180926975723 100.89406528962509 100.89902853333436 100.90678924167977 100.91707669227719 100.92456667823845 100.93756135267728 100.94983410075841 100.96003131056109 100.97076996513208 100.98159886049777 100.98782547533304 100.99757148116217 101.00406881838158 101.014356268979 101.02482420116583 101.0335775582531 101.04233091534037 101.05135499481179 101.05676944249463 101.06453015084004 101.07057628408587 101.07608097256345 101.08357095852472 101.08907564700228 101.09710707773183 101.10432634130898 101.11127488250195 101.11885510925795 101.12607437283506
