static/data/seaWater_vo/2023/7/6/0.asc
ncols 137
nrows 93
xllcorner 108.0
yllcorner 17.0
cellsize 0.25
NODATA_value -32767
[rows 0 to 25 of 93, columns 58 to 115 of 137]
-32767.0 -32767.0 -32767.0 -32767.0 -32767.0 -32767.0 -32767.0 -32767.0 -32767.0 -32767.0 -32767.0 -32767.0 -32767.0 -32767.0 -32767.0 -32767.0 -32767.0 -32767.0 -32767.0 -32767.0 -32767.0 -32767.0 -0.07377064 0.04317726 0.07976259 0.17314757 0.27053583 0.25537568 0.13056988 0.04764024 -0.07386479 -0.045839198 0.07968343 0.19634049 0.2000477 0.28449854 0.5240853 0.4089897 0.41234732 0.2706416 0.1875226 0.15083474 0.061759282 0.02789433 0.2564057 0.08541469 -0.1517335 -0.17720838 -0.01763524 0.008731312 0.13245982 -0.034252297 -0.19630876 -0.18522131 -0.123473465 -0.09654662 -0.105605945 -0.14890893
-32767.0 -32767.0 -32767.0 -0.10293064 -0.057467733 -0.026374163 0.04636271 0.030671643 0.046086818 0.03367811 -32767.0 -32767.0 -32767.0 -32767.0 -32767.0 -32767.0 -32767.0 -32767.0 -32767.0 -32767.0 -32767.0 -0.04627336 -0.0046064025 0.019754194 0.16767345 0.111978434 0.040947225 0.043081634 0.036495958 0.0010910473 -0.12569574 -0.15247904 0.029671408 0.020470228 -0.09095305 0.12504172 0.25853884 0.31843963 0.5299176 0.35098946 0.5363866 0.5153962 0.24619639 0.008597888 -0.1025589 0.1209838 -0.12743966 -0.04007788 0.19018851 0.30693617 0.2570121 -0.040653095 -0.16286351 -0.04769158 -0.15565291 -0.26936853 -0.44130063 -0.46978068
-32767.0 0.0031011584 -32767.0 -0.01743888 -0.089443065 -0.0338503 0.036518738 0.057604637 0.10254996 0.046258997 0.06609583 0.0225175 -32767.0 -32767.0 -32767.0 -32767.0 -32767.0 -32767.0 -32767.0 -32767.0 -32767.0 0.018446833 0.097007975 0.09528464 0.08953687 -0.1271233 -0.18990362 0.0063123517 0.15950139 0.023672806 -0.14027697 -0.015472734 0.102347344 -0.0131157655 -0.27076346 0.0269689 0.105266206 0.17063095 0.23988414 0.1381079 0.3642377 0.72852576 0.44430035 0.12508336 -0.20149025 0.012686474 0.10136745 0.2780099 0.20304058 0.28451395 0.24479502 -0.00793247 -0.119367085 -0.26703006 -0.2465557 -0.3488483 -0.4288808 -0.34574914
0.052859236 -32767.0 -0.00785456 -0.0020780384 0.10577924 0.14024746 -0.016551038 0.10862902 0.1205738 0.13006684 0.115165114 0.06037568 -32767.0 -32767.0 -32767.0 -32767.0 -32767.0 -32767.0 -32767.0 -32767.0 0.085290715 0.04559614 -0.1446639 -0.1652266 -0.18355006 -0.14816324 -0.19948894 -0.045850657 0.07008518 0.013428628 -0.044246405 -0.054102387 -0.10759031 -0.1983833 -0.3952784 -0.31616956 -0.07969561 0.03462991 0.17739868 0.27527744 0.7853537 0.63144875 0.36882302 0.075058654 -0.27714753 -0.119534 0.33070442 0.20812234 0.36603138 0.474578 0.25408304 -0.0569615 -0.23233575 -0.19549912 -0.15391824 -0.1926689 -0.31448466 -0.42251205
0.08558998 -32767.0 0.012593336 -0.031063242 0.21983685 0.28262487 0.21786867 0.2561691 0.19712931 0.22033805 0.11904813 -32767.0 -32767.0 -32767.0 -32767.0 -32767.0 -32767.0 -32767.0 -32767.0 -32767.0 -32767.0 -32767.0 -0.22380653 -0.37051532 -0.1656693 -0.16824786 0.025309969 0.40478203 -0.018311528 0.00823477 -0.19175331 -0.27046457 -0.28347236 -0.30315524 -0.29742858 -0.30528668 -0.27402654 -0.07424928 0.31989783 0.6610327 0.6228054 0.4788661 0.08364906 -0.17834242 -0.3064628 -0.21072583 0.10128692 0.17639044 0.36805308 0.4222499 0.19341306 -0.1215246 -0.40107295 -0.4278871 -0.18781236 0.050709136 -0.040805995 -0.25874797
0.22753161 0.21320082 0.26960194 0.20780858 0.317904 0.32001856 0.31563288 0.30941632 0.2811322 0.35526597 0.10548696 -32767.0 -32767.0 -32767.0 -32767.0 -32767.0 -32767.0 -32767.0 -32767.0 -32767.0 -32767.0 -32767.0 -32767.0 -0.21901064 -0.2830163 -0.3167051 0.055087246 0.3260514 0.1015838 0.04651548 -0.03090815 -0.2898511 -0.36466643 -0.27679554 -0.36560255 -0.3141556 -0.34395742 -0.025525965 0.44977525 0.53345144 0.4585409 0.13081528 -0.095292605 -0.25819382 -0.34027994 -0.12124134 0.13523199 0.18157728 0.13629553 0.6684626 0.53819823 -0.036774132 -0.3401863 -0.60830945 -0.35049945 -0.031219454 -0.068853736 -0.15598708
0.22782448 0.25791016 0.2887022 0.2516269 0.22903706 0.22234972 0.32046768 0.35603327 0.36241984 0.18956786 0.050559234 -32767.0 -32767.0 -32767.0 -32767.0 -32767.0 -32767.0 -32767.0 -32767.0 -32767.0 -32767.0 -32767.0 -32767.0 -32767.0 -0.4568521 -0.33123344 -0.16649279 0.2883682 0.31389502 0.15407938 0.06723179 -0.17175812 -0.27766952 -0.33488506 -0.40230718 -0.5155612 -0.3111823 0.15225005 0.3728754 0.35342225 0.31807637 0.04824131 -0.019344322 -0.13951433 -0.25582048 -0.04811482 0.14450976 0.18362367 0.16686708 0.6880236 0.5700053 0.0041254577 -0.33878276 -0.62114626 -0.31789637 0.10442426 0.03956427 -0.08597499
0.08151451 0.15789467 0.19458698 0.19963616 0.2048978 0.1551987 0.21087879 0.38309798 0.35389033 0.05468336 -32767.0 -32767.0 -32767.0 -32767.0 -32767.0 -32767.0 -32767.0 -32767.0 -32767.0 -32767.0 -32767.0 -32767.0 -32767.0 -32767.0 -32767.0 -0.54630685 -0.4139229 -0.069799215 0.2310353 0.1780326 0.09792483 -0.026172401 -0.18842489 -0.30916148 -0.40677774 -0.5203233 -0.064656556 0.1314254 0.19626415 0.251497 0.27977353 -0.023115428 -0.30454838 -0.27148223 0.06532847 0.36699182 0.4110734 0.2658466 0.2174229 0.30600986 0.25815347 -0.08925782 -0.35783648 -0.56921005 -0.42188022 -0.05124108 -0.037832696 -0.18437621
0.14549787 0.13257913 0.21297969 0.21169943 0.2133017 0.20241435 0.24475968 0.3477928 0.20697106 -32767.0 0.05695918 -32767.0 -32767.0 -32767.0 -32767.0 -32767.0 -32767.0 -32767.0 -32767.0 -32767.0 -32767.0 -32767.0 -32767.0 -32767.0 -32767.0 -0.199309 -0.3789022 -0.00054534804 0.16910237 0.21347576 0.013359361 -0.017003234 -0.006953691 -0.17608011 -0.5247508 -0.4248339 -0.25093392 0.14526865 0.17601418 0.08393667 0.106295966 0.12725487 -0.22253928 -0.11759477 0.32333088 0.4225778 0.24693164 0.17628483 0.16002351 0.09055574 -0.09110268 -0.34993792 -0.48271364 -0.4294106 -0.1428441 0.016267497 -0.15014866 -0.21601416
0.03427248 0.1090362 0.17863664 0.21313034 0.2651741 0.18120608 0.18276615 0.15842426 0.111330815 -0.08052422 0.073992416 0.004148192 -0.0542329 0.027873568 0.07494683 0.03129931 -32767.0 -32767.0 -32767.0 -32767.0 -32767.0 -32767.0 -32767.0 -32767.0 -32767.0 -32767.0 -0.29849398 -0.13618822 0.062661484 0.2799147 -0.06485164 -0.08233525 0.006257317 -0.10614015 -0.43237907 -0.3945624 -0.3231787 0.1968055 0.16148996 0.0236053 0.12715915 0.23823318 0.22147332 0.24908192 0.3370437 0.14106016 0.067060746 0.031068882 -0.11735069 -0.24036616 -0.33909076 -0.28770235 -0.31990755 -0.2256647 -0.1878271 -0.24902217 -0.15619124 0.08544849
-0.07975744 -0.028607696 0.24844785 0.27663663 0.3454984 0.20724683 0.09377994 0.05946719 0.06860675 -0.021922154 0.025364464 0.027152583 0.054674294 0.053799007 0.06132099 0.084658146 -32767.0 -32767.0 -32767.0 -32767.0 -32767.0 -32767.0 -32767.0 -32767.0 -32767.0 -32767.0 -32767.0 -0.19609001 0.18955314 0.538231 0.026122145 -0.35009658 -0.20984507 -0.076374814 -0.2875458 -0.43228048 -0.08150382 0.20960128 0.09552196 0.016097723 0.07144812 0.35195243 0.41167292 0.27841547 0.047746573 0.026571922 0.14780073 -0.034559797 -0.28767976 -0.24434906 -0.223268 -0.12734315 -0.17785053 -0.10358667 -0.102386385 -0.1078788 -0.03796685 0.2248366
-32767.0 0.087372586 -0.0018053192 0.28285494 0.38114163 0.27746215 0.181667 0.056540236 -0.0060608694 -0.062393725 -0.029210445 -0.010444002 0.022683889 0.0554771 0.11417456 0.08714654 0.070991576 0.007215622 -32767.0 -32767.0 -32767.0 -32767.0 -32767.0 -32767.0 -32767.0 -32767.0 -32767.0 -32767.0 0.12815085 0.598612 0.1672641 -0.36831355 -0.36962792 -0.28794947 -0.32641727 -0.41394737 -0.18987007 -0.012055995 0.07360091 0.051200274 0.17418322 0.51413816 0.6195848 0.2571348 -0.12333562 0.049650338 0.2351405 0.063981004 -0.07284084 -0.24114619 -0.21876523 0.00740379 0.019725274 0.016984018 0.018472873 -0.117624804 0.018686596 -32767.0
-32767.0 0.1736427 0.06539713 0.24965693 0.35731307 0.27761427 0.18108876 0.14994864 0.09756689 -0.02075119 -0.15974234 -0.11158943 0.09218134 0.112953916 0.03713977 0.09443539 -32767.0 -0.0213185 -32767.0 -32767.0 -32767.0 -32767.0 -32767.0 -32767.0 -32767.0 -32767.0 -32767.0 -32767.0 0.06081563 0.65452397 0.1414147 -0.30693123 -0.38008294 -0.32107484 -0.37163186 -0.37688726 -0.24339081 -0.117309384 -0.06314668 0.056778952 0.16826354 0.37038386 0.4402068 0.18239383 -0.2355448 -0.04849945 0.25918397 0.15705705 0.04219841 -0.16297434 -0.32121992 -0.02141849 0.10230464 0.046838365 0.14942479 0.07812886 -0.079311185 -32767.0
0.04976533 0.07557703 0.05377142 0.21243304 0.33375165 0.28024548 0.18907341 0.2315822 0.18556075 0.0883044 -0.058272097 -0.04681781 -0.025874395 -0.07732735 0.2042396 -32767.0 -32767.0 -32767.0 -32767.0 -32767.0 -32767.0 -32767.0 -32767.0 -32767.0 -32767.0 -32767.0 -32767.0 -32767.0 0.06028482 0.73244077 0.26864108 -0.0823163 -0.24675275 -0.27314314 -0.172337 -0.16213965 -0.2205541 -0.15992752 -0.12158275 0.038480863 0.2839109 0.289313 0.30808693 0.19408806 -0.074138306 -0.052726135 0.24328348 0.13845721 -0.001452826 -0.140982 -0.19484451 -0.034541167 0.10073141 0.06503445 0.31764874 0.23789708 -0.18408431 0.031645216
0.00809995 -0.03393937 0.040584035 0.17170931 0.24587913 0.26120338 0.21339132 0.17470236 0.2280923 0.17187595 0.014428161 -0.033282418 -0.089960665 -0.02381334 0.07797027 0.09908673 -32767.0 -32767.0 -32767.0 -32767.0 -32767.0 -32767.0 -32767.0 -32767.0 -32767.0 -32767.0 -32767.0 -32767.0 0.05312562 1.0393435 0.48805073 -0.108696535 -0.069949925 -0.14974774 -0.10929953 -0.10836877 -0.13999967 -0.049338922 0.094089516 0.16898926 0.29257712 0.30990863 0.30092612 0.2417861 -0.004147484 -0.14670995 -0.044265393 -0.0023776393 -0.08833123 -0.19923137 -0.21181168 -0.13479868 -0.021737305 0.026745878 0.26019037 0.1899557 0.056933593 -32767.0
0.06955636 0.0772065 0.13075568 0.1482512 0.12578939 0.2078879 0.21809201 0.22080362 0.23366615 0.19910027 0.17968196 0.0895127 0.0071473178 0.0014481456 0.05502415 0.11559312 0.09237192 -32767.0 -32767.0 -32767.0 -32767.0 -32767.0 -32767.0 -32767.0 -32767.0 -32767.0 -32767.0 -32767.0 -0.0268808 1.0193659 0.6090567 -0.112449594 -0.06868483 -0.145466 -0.15272178 -0.28379098 -0.2565827 0.00579632 0.21248469 0.091033526 0.057928555 0.22434957 0.26827416 -32767.0 -0.30991298 -0.21886103 -0.072268985 0.20261618 0.102847114 -0.13738923 -0.3171848 -0.16998757 0.08982567 -0.009312838 0.4605659 -32767.0 -32767.0 -32767.0
0.09090037 0.06852905 0.14917918 0.15046264 0.116134614 0.19767945 0.21005937 0.21147068 0.21579753 0.20198247 0.22444826 0.22274004 0.110158086 0.002739444 -0.040565316 0.07795649 0.09950718 -32767.0 -32767.0 -32767.0 -32767.0 -32767.0 -32767.0 -32767.0 -32767.0 -32767.0 -32767.0 -32767.0 -32767.0 0.876178 0.39332485 -0.0648868 -0.0031335312 -0.12227353 -0.19582687 -0.22961317 0.024910718 0.2975365 0.27502286 0.02958155 -0.16850863 0.010805652 0.2131504 -0.059083585 -0.04680709 -0.059604727 -0.10681774 0.19254562 0.121933736 0.114476115 -0.115586475 0.12578474 0.39177 -0.07935325 0.0801144 -32767.0 -32767.0 -32767.0
0.11464485 0.015238385 -0.004831725 0.020528328 0.11589107 0.14488848 0.12817068 0.10909416 0.15427262 0.14475979 0.20968148 0.23312472 0.24470536 0.13294457 0.009581711 0.03890482 0.067642644 0.006505697 -32767.0 -32767.0 -32767.0 -32767.0 -32767.0 -32767.0 -32767.0 -32767.0 -32767.0 -32767.0 0.5851368 0.763112 0.20869026 -0.19762973 0.14634727 0.033173107 -0.09218242 0.02869208 0.08810571 0.2797502 0.35423183 0.08367087 -0.039931677 0.07257824 0.15614286 -0.036674462 -0.16645351 -0.1825365 -0.23411421 0.09300814 0.10612403 -0.12720177 0.07119001 -32767.0 -0.008188278 -0.08879009 -0.10188216 -32767.0 -32767.0 -32767.0
0.050610643 0.045983404 0.057508096 0.05586882 0.10218779 0.13155569 0.14206506 0.14318754 0.15693612 0.16568026 0.13924693 0.21049388 0.24796353 0.018395342 -0.089350544 0.10662856 0.013235068 -32767.0 -32767.0 -32767.0 -32767.0 -32767.0 -32767.0 -32767.0 -32767.0 -32767.0 -32767.0 -32767.0 0.6772159 0.6891535 0.15418245 -0.08639483 0.06703604 0.14638305 0.0963458 0.22139509 0.14052673 0.19428262 0.31779358 0.35570776 0.3821417 0.20333189 -32767.0 -32767.0 0.017101621 -0.09938621 -32767.0 -32767.0 -32767.0 -32767.0 -32767.0 -32767.0 -32767.0 -32767.0 -32767.0 -32767.0 -32767.0 -32767.0
0.09696127 0.09718275 0.10452385 0.1641415 0.22304597 0.20276432 0.1979813 0.2457546 0.21922378 0.17246488 0.19661884 0.20270412 0.0820575 -0.13632295 0.0059288945 0.058604166 -32767.0 -32767.0 -32767.0 -32767.0 -32767.0 -32767.0 -32767.0 -32767.0 -32767.0 -32767.0 -32767.0 0.49100983 0.6159714 0.58039 0.0030686604 -0.124477364 0.1781597 0.12765288 0.21719766 0.25244895 0.08381425 -0.031044131 0.16728672 0.32892188 0.1293761 -32767.0 -32767.0 -32767.0 -32767.0 -32767.0 -32767.0 -32767.0 -32767.0 -32767.0 -32767.0 -32767.0 -32767.0 -32767.0 -32767.0 -32767.0 -32767.0 -32767.0
0.15281609 0.12046066 0.13156894 0.1933483 0.26841435 0.30114493 0.3060662 0.32538655 0.2604445 0.22217633 0.112088524 0.040056318 -0.11177664 -0.13246682 0.0323134 0.008339251 -32767.0 -32767.0 -32767.0 -32767.0 -32767.0 -32767.0 -32767.0 -32767.0 0.019354355 -0.09746665 0.28527695 0.47871906 0.41677192 0.27593064 -0.032510493 -0.06489625 0.050372884 0.2585511 0.34051868 0.25801796 0.11880508 0.13958474 0.25611582 -32767.0 -32767.0 -32767.0 -32767.0 -32767.0 -32767.0 -32767.0 -32767.0 -32767.0 -32767.0 -32767.0 -32767.0 -32767.0 -32767.0 -32767.0 -32767.0 -32767.0 -32767.0 -0.04726281
0.14695156 0.12389729 0.080626115 0.15304005 0.2541284 0.28029367 0.2912403 0.2662254 0.11813697 -0.008357985 -0.044059794 0.01698205 -0.15746124 -0.18733725 -0.01789215 0.008979348 -32767.0 -32767.0 -32767.0 -32767.0 -0.008540454 -0.014044403 -0.042895272 -0.10609571 -0.08529111 0.18757072 0.27941903 0.43964264 0.091562726 -0.084706165 -0.11943343 -0.0053809322 0.18557934 0.36769658 0.42750672 -0.08262548 0.1252508 0.08482086 -32767.0 -32767.0 -32767.0 -32767.0 -32767.0 -32767.0 -32767.0 -32767.0 -32767.0 -32767.0 -0.09812696 -0.16398123 -32767.0 -32767.0 -32767.0 -32767.0 -32767.0 -32767.0 -32767.0 -0.023175888
0.14138162 0.119800165 0.11261514 0.13257965 0.094434775 0.1365609 0.16562289 0.13087511 0.10117549 0.068763964 0.09083666 0.10074775 -0.2045433 -0.3705398 0.029223321 -32767.0 -0.002718209 -32767.0 0.0017063754 -32767.0 -0.06515946 -32767.0 0.016517743 -0.018340532 -0.06396153 0.08488136 0.2258405 0.080552794 -0.3092941 0.0010017015 -0.009918598 0.10882766 0.23167847 0.40578216 0.20890681 0.081142895 -32767.0 -32767.0 -32767.0 -32767.0 -32767.0 -32767.0 -32767.0 -32767.0 0.027330376 -0.038778212 -0.06466503 -0.07308364 0.03481355 -0.012864844 -0.19940417 -0.032040723 -32767.0 -32767.0 -32767.0 -32767.0 -32767.0 -0.048914064
0.123096146 0.11511437 0.121239185 0.05716457 -0.0035955114 0.061292566 0.10408042 0.1151092 0.10868892 0.11899744 0.2659423 0.08041366 -0.035269257 -0.29514062 -0.16556498 -0.20871902 -0.0442996 -0.027188081 -0.035175823 -0.068677135 0.033840545 -0.031558216 0.0711422 -0.0015437296 -0.04856159 0.010746781 0.17063041 -32767.0 0.050666813 0.24508697 0.19978578 0.19829847 0.27166656 0.32414237 -32767.0 -32767.0 -32767.0 -32767.0 -32767.0 -9.720377e-05 -0.050450888 0.13701405 -0.04675945 -0.094909154 0.028311629 0.014696265 -32767.0 -32767.0 -0.1228996 -0.13026522 0.012143713 -32767.0 -32767.0 -32767.0 -32767.0 -32767.0 0.2968297 0.19722219
0.29685947 0.09041795 0.08725521 0.12944359 0.09416705 0.14560506 0.15313265 0.14637429 0.17593224 0.1029984 0.04030731 -0.11228634 -0.15413232 -0.15808457 -0.24033983 -0.3171031 -0.2922014 -0.045922756 -0.014544574 -0.028120045 -0.035691902 0.020633861 0.1406816 0.114507794 0.07133395 0.051670387 -0.030734751 0.0030755755 0.15672055 0.07632464 0.014671552 0.12565461 0.20075615 0.081134476 0.04709429 -32767.0 0.021828657 -0.0036031131 -32767.0 -0.03144339 0.18256965 0.050410192 -32767.0 -0.056991793 -0.027707007 -32767.0 -32767.0 -32767.0 -32767.0 -0.095617935 -0.10719307 -32767.0 -32767.0 -32767.0 -32767.0 0.34559506 0.35121226 0.2674135
-0.0021939871 0.021466874 0.0043004453 0.25446025 0.1691569 0.11521446 0.15210533 0.12889603 0.11103786 0.009889614 -0.067215934 -0.23177543 -0.21022075 -0.22380018 -0.22986396 -0.21456268 -0.20351392 -0.16151588 -0.06895117 0.005943012 0.07271121 0.052149557 -0.055352345 0.2344532 0.24903898 0.17931035 0.034604006 -0.027338931 -0.0035670637 -32767.0 0.071027696 0.07166881 -32767.0 -32767.0 0.029695783 0.032317128 0.14814922 0.057621352 0.08989843 0.2391411 -0.030704252 -32767.0 -32767.0 -32767.0 -32767.0 -32767.0 -32767.0 -32767.0 -32767.0 -0.057484686 -0.012238166 -0.096089326 -32767.0 -32767.0 0.25612542 0.2864121 0.25812745 0.29153186
