static/data/seaWater_vo/2023/7/6/12.asc
ncols 137
nrows 93
xllcorner 108.0
yllcorner 17.0
cellsize 0.25
NODATA_value -32767
[rows 0 to 24 of 93, columns 58 to 115 of 137]
-32767.0 -32767.0 -32767.0 -32767.0 -32767.0 -32767.0 -32767.0 -32767.0 -32767.0 -32767.0 -32767.0 -32767.0 -32767.0 -32767.0 -32767.0 -32767.0 -32767.0 -32767.0 -32767.0 -32767.0 -32767.0 -32767.0 -0.11284899 -0.12549886 -0.21002996 -0.19105996 -0.22148281 -0.32595 -0.20405899 0.07726018 0.21117845 0.2793988 0.3294369 0.33490157 0.1525138 0.060476057 -0.021238353 -0.12106201 -0.008166622 -0.040540863 -0.09986698 -0.13838683 -0.15954322 -0.044956297 0.17738415 -0.026700988 -0.15208654 -0.25622374 -0.199785 -0.10037273 0.14477785 0.022862943 -0.1384991 -0.14363337 -0.10973702 -0.02885201 0.06812289 0.12709153
-32767.0 -32767.0 -32767.0 -0.12606017 -0.056261174 0.0067717414 0.06329198 0.048469596 0.063198365 0.028523399 -32767.0 -32767.0 -32767.0 -32767.0 -32767.0 -32767.0 -32767.0 -32767.0 -32767.0 -32767.0 -32767.0 -0.107091874 -0.16655855 -0.30143255 -0.13898079 -0.14992116 -0.32109973 -0.5411486 -0.46252942 -0.13541447 0.042892523 0.06833601 0.38099638 0.41085827 0.16574015 0.082868546 -0.097055115 0.023627497 0.03380715 0.038342796 0.24428907 0.1910504 -0.081812575 -0.43935642 -0.41186363 -0.3237769 -0.37269518 -0.12935534 -0.021839583 0.085821815 0.11554994 -0.107647195 -0.32903522 -0.33817336 -0.21022187 -0.079238474 -0.045724113 -0.08094029
-32767.0 0.0027723964 -32767.0 -0.034117293 -0.05526173 -0.02521195 0.09071541 0.0933762 0.09219499 0.02659214 0.053874858 0.055751354 -32767.0 -32767.0 -32767.0 -32767.0 -32767.0 -32767.0 -32767.0 -32767.0 -32767.0 -0.30373135 -0.3790378 -0.1959434 0.13968201 0.2796695 0.09530952 -0.013292132 -0.067862146 0.011143483 0.08620168 0.20366828 0.30674556 0.24881661 0.113688245 0.14601947 0.014063983 0.15736456 0.16487268 0.115830585 0.38683724 0.5122458 0.10083528 -0.34015048 -0.70431966 -0.6800255 -0.36431983 -0.12208499 -0.07325807 0.16271242 0.06779994 -0.23515067 -0.5207932 -0.5495379 -0.2967587 -0.028139256 0.032918353 0.20417787
0.058424007 -32767.0 -0.14140017 -0.070900574 -0.21714191 0.034238886 -0.0049508773 0.12349408 0.13386859 0.11714936 0.11759938 0.06880459 -32767.0 -32767.0 -32767.0 -32767.0 -32767.0 -32767.0 -32767.0 -32767.0 -0.11182983 -0.09611383 -0.10918177 -0.12534437 0.16600212 0.5678563 0.7177673 0.7579691 0.55942446 0.42353344 0.23138535 0.12420935 0.114530265 -0.08758584 0.05471174 0.089677386 0.15007642 0.21920882 0.26179716 0.27827126 0.51291573 0.2992507 -0.021770988 -0.349152 -0.775269 -0.67106444 -0.23725164 -0.19284846 0.021403719 0.16771144 0.017726308 -0.28225443 -0.51951194 -0.6205261 -0.45180497 -0.0010124799 0.19936629 0.21132717
0.08036422 -32767.0 0.012667931 -0.114069745 -0.058479715 -0.056403026 -0.10600437 0.025589082 0.2757297 0.1882637 0.09460795 -32767.0 -32767.0 -32767.0 -32767.0 -32767.0 -32767.0 -32767.0 -32767.0 -32767.0 -32767.0 -32767.0 -0.03839963 -0.12102661 0.34590465 0.5497186 0.7901103 0.61950254 0.644239 0.617706 0.4234364 0.21714546 0.18362936 0.111938775 0.07481957 0.10419319 0.031628035 0.19174933 0.42961806 0.48490864 0.25691187 0.06789606 -0.23011859 -0.57908505 -0.79231536 -0.7148882 -0.40143374 -0.30745253 -0.09720482 0.32012552 0.25087622 -0.1744467 -0.36596346 -0.73991156 -0.5767389 -0.14170204 0.15310068 0.113353886
0.04664079 0.040412635 0.002881616 -0.13459364 -0.16452883 -0.20879836 -0.23191659 -0.18556988 -0.10981987 0.24011779 0.08922854 -32767.0 -32767.0 -32767.0 -32767.0 -32767.0 -32767.0 -32767.0 -32767.0 -32767.0 -32767.0 -32767.0 -32767.0 -0.032402173 0.108946495 0.40236768 0.5686933 0.830473 0.7338502 0.64293844 0.39088184 0.31052417 0.23855202 0.14080746 0.10453672 0.06835652 0.065201625 0.17526308 0.40990227 0.24151938 0.088741995 -0.03635188 -0.31778368 -0.59526426 -0.8151833 -0.765239 -0.46279243 -0.4313566 -0.22404335 0.5014252 0.3747771 -0.019099526 -0.31058994 -0.7192382 -0.748751 -0.26828578 0.065701164 0.12658001
0.017769685 -0.05972776 -0.18106733 -0.23883466 -0.28659287 -0.34068063 -0.33398402 -0.34101874 -0.28188932 0.20908996 0.056689076 -32767.0 -32767.0 -32767.0 -32767.0 -32767.0 -32767.0 -32767.0 -32767.0 -32767.0 -32767.0 -32767.0 -32767.0 -32767.0 -0.29944468 0.13269858 0.1305282 0.38176617 0.869098 0.82028306 0.64430994 0.420074 0.30879268 0.21593525 0.15890843 0.08520497 0.024227586 0.25138158 0.17086175 0.033076283 -0.017989269 -0.21914561 -0.5555734 -0.722559 -0.6645223 -0.25565827 0.029680511 -0.179134 -0.24994543 0.24831674 0.19895197 -0.020534791 -0.3160774 -0.5626686 -0.8617467 -0.1011083 0.053825814 -0.047900118
0.05096601 0.00041387568 -0.14143866 -0.18382914 -0.24547763 -0.31359047 -0.3819851 -0.35141087 -0.16029714 0.058143664 -32767.0 -32767.0 -32767.0 -32767.0 -32767.0 -32767.0 -32767.0 -32767.0 -32767.0 -32767.0 -32767.0 -32767.0 -32767.0 -32767.0 -32767.0 -0.11431955 0.22955497 0.5150027 1.0161407 0.80522716 0.67575264 0.4031777 0.330792 0.286899 0.14932221 0.052630767 0.18780272 0.20528978 0.0438124 -0.07521632 -0.119013675 -0.3019143 -0.58469486 -0.54246247 -0.021362165 0.24052949 0.22475909 -0.042362735 -0.20664491 -0.17393284 -0.037496023 -0.08415336 -0.26069978 -0.40221918 -0.6248805 -0.25626037 -0.0143449865 -0.052058246
0.06429426 -0.0018039033 -0.11468129 -0.21578038 -0.24212569 -0.25663334 -0.29782268 -0.38395894 -0.12770486 -32767.0 0.06588423 -32767.0 -32767.0 -32767.0 -32767.0 -32767.0 -32767.0 -32767.0 -32767.0 -32767.0 -32767.0 -32767.0 -32767.0 -32767.0 -32767.0 -0.268065 0.023876822 0.52103055 0.8983128 0.8504208 0.62395597 0.40711355 0.21837129 0.14661801 -0.018170342 0.107266836 0.13738826 0.27402306 0.04978701 -0.2065488 -0.22048321 -0.30529305 -0.4990801 -0.25209358 0.13243386 0.1982406 -0.007006591 -0.2663052 -0.19007543 -0.105741784 0.037264705 -0.10039787 -0.13568653 -0.29739204 -0.24338424 -0.086655065 0.01881073 0.28190988
0.02915703 0.041210644 -0.014920341 -0.16199754 -0.12162115 -0.23066485 -0.29411575 -0.37262294 -0.17739768 0.056285 0.15805346 0.0743527 -0.0490006 0.032759555 0.058196858 0.022459617 -32767.0 -32767.0 -32767.0 -32767.0 -32767.0 -32767.0 -32767.0 -32767.0 -32767.0 -32767.0 -0.24824175 0.11504576 0.91230637 0.8711044 0.45799482 0.29621527 0.2789263 0.16390976 0.023340534 0.09883814 0.082248315 0.26980016 -0.06958586 -0.2182364 -0.19177449 -0.19977939 -0.31698695 -0.20739052 -0.012848109 -0.19288398 -0.1913697 -0.017874494 0.105502136 0.038642965 -0.3093965 -0.24883686 -0.18503198 -0.08390665 -0.043846082 -0.15070035 -0.06245602 0.38190612
-0.016806219 -0.031413116 -0.017921602 -0.091901846 -0.113267645 -0.20674883 -0.25740635 -0.23937823 -0.2558901 -0.25948608 0.06515198 0.062125828 0.076967016 0.102622725 0.061031744 0.08024979 -32767.0 -32767.0 -32767.0 -32767.0 -32767.0 -32767.0 -32767.0 -32767.0 -32767.0 -32767.0 -32767.0 -0.050328344 0.6947421 1.0085224 0.39457643 0.02986408 -0.0036339608 0.25303292 0.11754152 -0.0657025 0.13790034 0.03571856 -0.15756214 -0.21047409 -0.09409182 0.15908106 0.09182861 -0.07074661 -0.2862347 -0.25067723 -0.019738333 -0.009444889 0.029172808 -0.10176252 -0.36613655 -0.35196936 -0.32253134 -0.18857554 -0.0377152 -0.124419935 -0.14067717 0.1597183
-32767.0 0.070114724 -0.06987793 -0.082818076 -0.19115457 -0.2777325 -0.25989228 -0.22216009 -0.14351368 -0.15249135 -0.08434906 0.033883266 0.05572242 0.0735306 0.12470642 0.062917806 0.026372556 -0.14776991 -32767.0 -32767.0 -32767.0 -32767.0 -32767.0 -32767.0 -32767.0 -32767.0 -32767.0 -32767.0 0.22297944 0.9976982 0.5444105 0.16652496 0.05357759 0.015517309 0.09962781 -0.052230585 0.04550308 0.008257287 0.066658184 -0.00301017 0.0066483654 0.19407314 0.016049435 -0.06309005 -0.35694575 -0.40460992 -0.24815646 -0.14660992 -0.04992725 -0.080494955 -0.3145994 -0.29742318 -0.3013727 -0.23111054 -0.1673738 0.10048639 0.31602916 -32767.0
-32767.0 0.11571502 0.114749506 -0.13412496 -0.16526784 -0.27327996 -0.24683425 -0.21865995 -0.12534115 -0.06361456 -0.04927813 -0.13139018 -0.04435224 0.08597864 0.08439213 0.10556121 -32767.0 -0.027060334 -32767.0 -32767.0 -32767.0 -32767.0 -32767.0 -32767.0 -32767.0 -32767.0 -32767.0 -32767.0 0.6638944 0.9344105 0.51439536 0.21999027 0.07460049 0.0107651 -0.081007 -0.09792461 -0.048001904 -0.031901732 -0.022038326 0.09619843 0.24766436 0.24689148 -0.028523259 -0.11861351 -0.31932655 -0.46770424 -0.13426585 -0.24727513 -0.24904723 -0.21356726 -0.37314266 -0.37282887 -0.2832316 -0.1110148 0.05032607 0.2550886 -0.055900235 -32767.0
0.09540459 0.11413422 0.06503469 -0.11031814 -0.1864253 -0.2543568 -0.24797493 -0.26835966 -0.23972027 -0.13015163 -0.09554102 -0.12953687 -0.12304169 0.065758765 0.21745546 -32767.0 -32767.0 -32767.0 -32767.0 -32767.0 -32767.0 -32767.0 -32767.0 -32767.0 -32767.0 -32767.0 -32767.0 -32767.0 0.43306184 0.8281775 0.37570202 0.25417334 0.17130095 0.04475016 -0.005338024 -0.077375144 -0.0878184 -0.13795325 -0.0941354 0.15688434 0.20678201 -0.010332805 -0.16046949 -0.045489024 -0.2944418 -0.47390953 -0.23920716 -0.047560796 -0.24459171 -0.27152127 -0.3743778 -0.4052616 -0.22681507 -0.087657005 0.081725806 0.38283926 0.016375802 -0.0018975082
0.033389933 0.07876721 -0.041521005 -0.11746821 -0.23686647 -0.25966835 -0.24630336 -0.29218265 -0.22771554 -0.107526906 -0.09097841 -0.16720076 -0.055774335 -0.16395847 0.09079352 0.087180875 -32767.0 -32767.0 -32767.0 -32767.0 -32767.0 -32767.0 -32767.0 -32767.0 -32767.0 -32767.0 -32767.0 -32767.0 0.085738115 0.9459408 0.31953773 0.056063395 0.26249105 0.14928617 0.04766334 -0.10687077 -0.1608084 -0.12292831 -0.14465833 -0.110585496 -0.152737 -0.116183944 -0.14824027 0.03187225 -0.17255633 -0.3074015 -0.3175491 -0.23689066 -0.21158631 -0.28567246 -0.26868606 -0.22259395 -0.09938801 0.006583022 0.12320687 0.118120484 0.024445953 -32767.0
-0.026267234 -0.01999337 -0.05633306 -0.18166688 -0.31607828 -0.18280545 -0.17910632 -0.22645733 -0.22454306 -0.17879066 -0.10860082 -0.083859265 -0.092938304 -0.197699 0.02318706 0.110576496 0.070840105 -32767.0 -32767.0 -32767.0 -32767.0 -32767.0 -32767.0 -32767.0 -32767.0 -32767.0 -32767.0 -32767.0 -0.00024086144 0.9872788 0.41815394 -0.10194487 0.2277412 0.20235424 0.1337578 0.06709164 -0.22083643 -0.21855947 -0.14690495 -0.18898113 -0.27914825 -0.041498914 0.17030297 -32767.0 -0.1541226 -0.1507558 -0.17534499 -0.01066231 -0.118281044 -0.08819025 -0.111025676 -0.03874639 0.15280403 -0.021982435 0.32092673 -32767.0 -32767.0 -32767.0
-0.01568833 -0.0845882 -0.13543212 -0.19242312 -0.19610992 -0.15239665 -0.2164687 -0.21141212 -0.18470575 -0.19500726 -0.17902501 -0.16318116 -0.16446358 -0.15573457 -0.17326002 0.026286133 0.062755905 -32767.0 -32767.0 -32767.0 -32767.0 -32767.0 -32767.0 -32767.0 -32767.0 -32767.0 -32767.0 -32767.0 -32767.0 0.8435893 0.27889365 0.04650094 0.13795681 0.09577132 -0.032674357 -0.06015141 -0.10935329 -0.090206794 0.0052005667 -0.11649932 -0.32461545 -0.053411584 0.2160185 -0.12050102 -0.16612892 -0.016985344 -0.38221666 -0.1702837 -0.12719752 -0.19550614 -0.2866758 0.06734525 0.43205148 0.16382807 0.04815464 -32767.0 -32767.0 -32767.0
0.0020676868 -0.058609787 -0.037211105 -0.034344666 -0.057283245 -0.09472471 -0.103373274 -0.14964741 -0.12075218 -0.118186966 -0.1793017 -0.18584132 -0.20188037 -0.21999812 -0.23513728 0.04180764 0.050315082 -0.015199939 -32767.0 -32767.0 -32767.0 -32767.0 -32767.0 -32767.0 -32767.0 -32767.0 -32767.0 -32767.0 0.6431707 0.73126864 0.043014854 -0.09692316 0.18466902 -0.09650405 -0.16255721 -0.055123217 -0.14329588 -0.05025437 -0.019562174 -0.07043674 -0.13978311 -0.01720039 0.11043615 -0.029738095 -0.06517464 -0.18096246 -0.22299819 -0.09744547 0.20534883 0.13967457 0.06358703 -32767.0 0.009649313 0.027280577 0.043143936 -32767.0 -32767.0 -32767.0
-0.035308033 0.013355253 0.029704422 0.019745618 0.0073698796 -0.038858056 -0.06522851 -0.10844036 -0.15509221 -0.13311304 -0.10108292 -0.14301276 -0.22666842 -0.24758945 -0.09135294 0.14042497 -0.0044496683 -32767.0 -32767.0 -32767.0 -32767.0 -32767.0 -32767.0 -32767.0 -32767.0 -32767.0 -32767.0 -32767.0 0.63923454 0.52967334 -0.09594272 -0.26888716 -0.077822916 -0.09723277 -0.06358552 0.043421067 -0.09878853 -0.24633695 -0.23016362 -0.021692406 0.07083798 0.099713676 -32767.0 -32767.0 -0.09481516 -0.02748854 -32767.0 -32767.0 -32767.0 -32767.0 -32767.0 -32767.0 -32767.0 -32767.0 -32767.0 -32767.0 -32767.0 -32767.0
-0.10051003 0.0020169718 0.013778911 -0.04449199 -0.06411273 -0.12089306 -0.12952094 -0.21860918 -0.21558306 -0.17335826 -0.22452614 -0.33013424 -0.27706596 -0.061992995 0.04280443 0.051741716 -32767.0 -32767.0 -32767.0 -32767.0 -32767.0 -32767.0 -32767.0 -32767.0 -32767.0 -32767.0 -32767.0 0.37288588 0.49133134 0.30316597 -0.27426165 -0.23121953 -0.009757616 0.03297468 0.16106258 0.104991965 -0.079878815 -0.28321832 -0.051155735 0.23163459 -0.0065256753 -32767.0 -32767.0 -32767.0 -32767.0 -32767.0 -32767.0 -32767.0 -32767.0 -32767.0 -32767.0 -32767.0 -32767.0 -32767.0 -32767.0 -32767.0 -32767.0 -32767.0
-0.16734664 -0.08222682 -0.045544654 -0.07873052 -0.19302188 -0.15132482 -0.16849153 -0.22599338 -0.27167174 -0.21068192 -0.090206675 -0.17318621 -0.28246722 -0.046844654 0.0060857404 0.012100556 -32767.0 -32767.0 -32767.0 -32767.0 -32767.0 -32767.0 -32767.0 -32767.0 0.09327568 -0.07468597 0.21214959 0.3966118 0.2437397 0.032838568 -0.30649105 -0.11202126 0.09170737 0.28630275 0.28044325 -0.0035521633 -0.12802982 -0.18165839 -0.04495754 -32767.0 -32767.0 -32767.0 -32767.0 -32767.0 -32767.0 -32767.0 -32767.0 -32767.0 -32767.0 -32767.0 -32767.0 -32767.0 -32767.0 -32767.0 -32767.0 -32767.0 -32767.0 -0.10019154
-0.10527733 -0.10331167 -0.046918623 -0.045159556 -0.17774191 -0.22790995 -0.2770028 -0.30407092 -0.24192172 -0.08128792 0.09107558 0.077423096 -0.16626133 -0.104565404 -0.050273985 -0.017190779 -32767.0 -32767.0 -32767.0 -32767.0 0.008660278 0.1199646 -0.08150227 0.033460516 -0.07732144 0.26829353 0.32932612 0.43558174 0.1614885 -0.15275969 -0.14672251 0.015505443 0.21885838 0.33417493 0.26488924 -0.032360766 -0.068887375 -0.038398933 -32767.0 -32767.0 -32767.0 -32767.0 -32767.0 -32767.0 -32767.0 -32767.0 -32767.0 -32767.0 0.0377709 0.044879656 -32767.0 -32767.0 -32767.0 -32767.0 -32767.0 -32767.0 -32767.0 -0.09241674
-0.058544863 -0.06949262 -0.09028052 -0.08134131 -0.060066003 -0.09785336 -0.112732396 -0.14109088 -0.16330548 -0.030170081 0.061313387 0.054259874 -0.027190432 -0.2954741 0.1250029 -32767.0 0.026757637 -32767.0 0.0033081518 -32767.0 0.007796988 -32767.0 0.09901467 0.10218351 0.12498621 0.11357676 0.3286879 0.121640295 -0.12029361 0.024673324 0.07566746 0.14976078 0.21885175 0.26552084 -0.022326294 -0.18819079 -32767.0 -32767.0 -32767.0 -32767.0 -32767.0 -32767.0 -32767.0 -32767.0 0.07702035 -0.004189978 -0.1045776 -0.06632867 0.03787948 0.05131598 0.05260733 0.034981925 -32767.0 -32767.0 -32767.0 -32767.0 -32767.0 -0.11112839
0.05407307 -0.034708697 -0.05587711 -0.04376783 0.047722194 -0.009647846 -0.02171625 -0.061119214 -0.097297095 -0.09946512 -0.06393572 -0.090063475 -0.034772497 0.08678583 -0.12467739 -0.0696072 0.11679365 -0.019456934 0.11991576 0.0858891 0.12194008 0.13441111 0.22483733 0.17193866 0.088168636 0.1967756 0.3707886 -32767.0 -0.07364745 0.25391912 0.1109679 -0.0012838994 -0.010484973 -0.016761605 -32767.0 -32767.0 -32767.0 -32767.0 -32767.0 -0.1855703 0.028143946 -0.066426314 0.0025529307 -0.07920968 0.14944617 0.023545148 -32767.0 -32767.0 0.05537713 -0.019216 0.019026292 -32767.0 -32767.0 -32767.0 -32767.0 -32767.0 0.15216061 0.16014236
0.0035028565 -0.0041413214 -0.04409752 0.01673466 0.0044404296 -0.03722782 -0.044940114 -0.058088947 -0.11859937 -0.109868534 -0.08904792 0.0063281674 0.11284223 0.19732293 0.14299877 -0.057216614 -0.05507207 0.16887216 0.30810213 0.1823551 0.16624825 0.15173301 0.12088073 0.17472076 0.12639013 0.14548403 0.17124237 0.060478102 0.21773401 0.19016363 0.00195858 -0.02760337 -0.12826939 -0.013027738 -0.01074418 -32767.0 0.00037005675 0.026820365 -32767.0 -0.1108905 -0.08856764 -0.11247792 -32767.0 0.054597877 0.05576971 -32767.0 -32767.0 -32767.0 -32767.0 -0.08763157 0.048562672 -32767.0 -32767.0 -32767.0 -32767.0 0.29555747 0.2668337 0.2422281
