static/data/seaWater_vo/2023/7/6/18.asc
ncols 137
nrows 93
xllcorner 108.0
yllcorner 17.0
cellsize 0.25
NODATA_value -32767
[rows 0 to 25 of 93, columns 58 to 115 of 137]
-32767.0 -32767.0 -32767.0 -32767.0 -32767.0 -32767.0 -32767.0 -32767.0 -32767.0 -32767.0 -32767.0 -32767.0 -32767.0 -32767.0 -32767.0 -32767.0 -32767.0 -32767.0 -32767.0 -32767.0 -32767.0 -32767.0 -0.21053788 -0.1050295 -0.111827835 -0.054645475 0.025909496 0.11102065 0.078132235 0.010170968 -0.07736031 -0.093293525 -0.01892608 0.13591595 0.059278294 0.15691328 0.39042073 0.3566231 0.31799436 0.12959857 0.12593625 0.18503702 0.10901248 0.04554853 0.20232506 0.12056228 -0.20005333 -0.23129892 0.0769355 0.12031159 0.3033412 0.24837098 -0.044823296 -0.13769916 0.14645143 0.08719152 0.03253139 0.011924006
-32767.0 -32767.0 -32767.0 -0.092156306 -0.060034283 -0.009018533 0.029016722 0.020839557 0.05393513 0.030596154 -32767.0 -32767.0 -32767.0 -32767.0 -32767.0 -32767.0 -32767.0 -32767.0 -32767.0 -32767.0 -32767.0 -0.18868731 -0.17607415 -0.12168087 0.05826575 0.040137287 0.014965177 0.13508576 0.09405646 0.01973807 0.0029062794 -0.009571012 0.033406023 0.019504907 -0.065459095 0.0053058174 0.13662316 0.30645454 0.31076103 0.14307268 0.23877494 0.36941636 0.16602312 -0.07360346 -0.061026044 -0.004608105 -0.07989422 0.07273101 0.26302066 0.42374894 0.44490778 0.1405009 -0.15034498 -0.07556813 -0.05779531 -0.15360364 -0.2949021 -0.19850855
-32767.0 -0.019001177 -32767.0 -0.030661913 -0.036874123 0.0026970454 0.052395675 0.05268381 0.082952864 0.056732647 0.048345555 -0.02912483 -32767.0 -32767.0 -32767.0 -32767.0 -32767.0 -32767.0 -32767.0 -32767.0 -32767.0 -0.1876484 0.00415421 -0.03608553 -0.17259829 -0.2700864 -0.38386297 -0.16541189 0.041462947 -0.07076597 -0.17282103 -0.102761865 0.0006237766 -0.116555154 -0.2336845 -0.13552572 0.04626213 0.031443283 0.1238447 -0.010423604 0.15243356 0.62466025 0.3988809 0.020314135 -0.29355535 -0.10038684 0.15139256 0.29965866 0.30784264 0.4624015 0.33922836 0.0006486131 -0.063272394 -0.11196173 -0.16100642 -0.2521223 -0.2996892 -0.21312578
0.0011203312 -32767.0 -0.058356486 0.046375424 0.0594917 0.2202752 0.020618053 0.114968844 0.12403747 0.10954026 0.075064786 0.018503806 -32767.0 -32767.0 -32767.0 -32767.0 -32767.0 -32767.0 -32767.0 -32767.0 -0.053575795 0.052371975 -0.26583454 -0.14453243 -0.18082565 -0.20966831 -0.102865264 0.2612501 0.30863887 0.12281644 -0.036066227 -0.03759855 -0.03053885 -0.13147649 -0.25770855 -0.26369804 -0.13639495 -0.05868402 0.07953464 0.2412977 0.51332134 0.6411113 0.35415658 -0.0896774 -0.3300473 -0.22810024 0.28813425 0.27538848 0.49039516 0.4404967 0.14991602 -0.20567475 -0.27434254 -0.18927802 -0.09717497 -0.13532844 -0.20154572 -0.2282479
0.10539863 -32767.0 0.03308898 -0.014049033 0.22366329 0.2886355 0.22913282 0.2472186 0.24415906 0.15734763 0.07651018 -32767.0 -32767.0 -32767.0 -32767.0 -32767.0 -32767.0 -32767.0 -32767.0 -32767.0 -32767.0 -32767.0 -0.20824593 -0.36215466 -0.18750703 -0.16821148 0.28898302 0.45112658 0.09877088 0.0856512 0.02934508 -0.13049194 -0.15842229 -0.22511473 -0.20352626 -0.23608947 -0.31430554 -0.159046 0.21454246 0.48439303 0.5764392 0.41718084 -0.035455775 -0.34888625 -0.4541504 -0.24584255 0.19910607 0.22920886 0.38919216 0.53681904 0.16298807 -0.16826299 -0.42600918 -0.4724689 -0.0964066 0.07311018 -0.016835472 -0.20484114
0.24073811 0.16032593 0.224646 0.15686134 0.27427313 0.30141696 0.2812665 0.26505256 0.21173592 0.26075527 0.08181874 -32767.0 -32767.0 -32767.0 -32767.0 -32767.0 -32767.0 -32767.0 -32767.0 -32767.0 -32767.0 -32767.0 -32767.0 -0.29933453 -0.30275518 -0.104929596 0.21727338 0.501923 0.408185 0.25001383 0.32115027 0.01683335 -0.19726653 -0.20849134 -0.22476773 -0.21435352 -0.19385096 0.0017863018 0.30230212 0.47963735 0.3715057 -0.014188765 -0.27269158 -0.42508334 -0.4555186 -0.11312083 0.13206746 0.16077223 0.11122953 0.6068025 0.61096704 -0.08999807 -0.33140728 -0.6965743 -0.28291953 0.14090252 -0.0026346869 -0.105341904
0.21183899 0.2337417 0.2244381 0.1595679 0.13951723 0.13469556 0.2482647 0.27847236 0.2044432 0.22913322 0.051905386 -32767.0 -32767.0 -32767.0 -32767.0 -32767.0 -32767.0 -32767.0 -32767.0 -32767.0 -32767.0 -32767.0 -32767.0 -32767.0 -0.30535758 -0.10647858 0.08288702 0.43063092 0.52491534 0.420101 0.17447604 -0.046842247 -0.14631294 -0.10836089 -0.15540466 -0.26349503 -0.13501704 0.12684126 0.29836082 0.34468186 0.21391803 -0.07100731 -0.3552852 -0.38901368 -0.30964983 -0.1618531 0.101462156 0.14882351 0.20367433 0.6353933 0.5648536 -0.022113927 -0.39399856 -0.77392864 -0.3092198 0.16038528 0.083638616 0.0089279115
0.08258424 0.10738403 0.12518255 0.06613603 0.04846344 0.037220098 0.062108234 0.22838007 0.26962823 0.055498604 -32767.0 -32767.0 -32767.0 -32767.0 -32767.0 -32767.0 -32767.0 -32767.0 -32767.0 -32767.0 -32767.0 -32767.0 -32767.0 -32767.0 -32767.0 -0.3977371 -0.25035575 -0.051424667 0.37485608 0.43962556 0.23952623 0.09929639 -0.043148875 -0.18396915 -0.28088826 -0.37398717 -0.090450056 0.13625138 0.17876509 0.16479479 0.19899346 -0.10909882 -0.31415814 -0.17708829 0.060379613 0.3058049 0.34575984 0.172113 0.044737473 0.095096275 0.25372022 -0.098146334 -0.40930352 -0.6756194 -0.39784357 0.05512551 0.05648757 -0.104821265
0.08346055 0.10594493 0.139609 0.105104014 0.11087656 0.08425184 0.02694318 0.20773353 0.16795747 -32767.0 0.063177414 -32767.0 -32767.0 -32767.0 -32767.0 -32767.0 -32767.0 -32767.0 -32767.0 -32767.0 -32767.0 -32767.0 -32767.0 -32767.0 -32767.0 -0.239788 -0.233758 0.019924868 0.3007744 0.64207697 0.22068444 0.118984625 0.10416904 -0.067917675 -0.44046313 -0.38239 -0.2527038 0.13393736 0.09266658 0.017455406 0.120719835 -0.026847342 -0.21633163 -0.0966311 0.2959057 0.4210149 0.14278045 0.038873404 0.06608357 0.04007038 -0.16827083 -0.39701882 -0.51311946 -0.4751675 -0.22171488 0.054462742 -0.110441394 -0.16444078
-0.0058160643 0.0494517 0.12706716 0.14376521 0.162958 0.046772618 0.009495175 0.018226588 0.02921505 -0.015852747 0.16592774 0.063836455 -0.0660551 0.017537374 0.011934012 -0.01054399 -32767.0 -32767.0 -32767.0 -32767.0 -32767.0 -32767.0 -32767.0 -32767.0 -32767.0 -32767.0 -0.1795634 -0.04740292 0.22101893 0.75227207 0.21031125 0.024739228 0.084136076 -0.04616931 -0.38425544 -0.38110244 -0.23001768 0.17323369 0.0813691 0.017461855 0.036476806 0.20305626 0.13871 0.16785114 0.26919854 0.06095174 0.036600478 -0.07429748 -0.19703756 -0.35606483 -0.37519065 -0.30250582 -0.36998865 -0.33684933 -0.26481786 -0.26246908 -0.154631 0.17954727
-0.06043188 -0.08709763 0.16633879 0.23158278 0.2726808 0.1313441 -0.03738316 -0.10853611 -0.05969147 -0.10893732 0.021157723 0.047796767 0.06843454 0.052533366 0.002782459 -0.0016724368 -32767.0 -32767.0 -32767.0 -32767.0 -32767.0 -32767.0 -32767.0 -32767.0 -32767.0 -32767.0 -32767.0 -0.06617676 0.37772468 0.732308 0.330629 -0.26302508 -0.15786514 0.004036111 -0.22004235 -0.34606645 -0.046926565 0.22311369 0.09007469 0.030301139 0.09554817 0.41134894 0.42230415 0.22339305 -0.011778941 -0.03868857 0.13944162 -0.03846024 -0.20236659 -0.32743582 -0.23290192 -0.20137443 -0.2667329 -0.24984998 -0.290854 -0.23496239 -0.027870404 0.30015454
-32767.0 0.10882774 -0.024039458 0.22565937 0.28382584 0.19249956 0.0567069 -0.06651927 -0.14294738 -0.18000491 -0.12005098 -0.015968489 0.012534367 0.025054323 0.021059457 0.02930513 0.024263903 -0.12963013 -32767.0 -32767.0 -32767.0 -32767.0 -32767.0 -32767.0 -32767.0 -32767.0 -32767.0 -32767.0 0.2957635 0.8571536 0.3727407 -0.11067419 -0.33539698 -0.2758323 -0.24029697 -0.37751517 -0.14133893 0.006992082 0.088950515 0.039595235 0.23716508 0.45968273 0.5302825 0.15835115 -0.20364706 -0.011068508 0.21866494 0.03263924 -0.078842655 -0.3280488 -0.34137607 -0.13649705 -0.11207857 -0.10044561 -0.07094977 -0.07401481 0.045495115 -32767.0
-32767.0 0.19532512 0.1656408 0.17503403 0.25759178 0.20148887 0.08206501 0.04892409 0.0017164748 -0.1015601 -0.24090676 -0.21238114 0.00558359 -0.0012279213 0.02879041 0.09868116 -32767.0 -0.019747535 -32767.0 -32767.0 -32767.0 -32767.0 -32767.0 -32767.0 -32767.0 -32767.0 -32767.0 -32767.0 0.39452574 0.97778517 0.40584847 -0.015711993 -0.22408077 -0.2826149 -0.28199813 -0.30473396 -0.15630028 -0.06380143 0.029900018 0.10824765 0.24135412 0.36153108 0.30088547 0.09730307 -0.36906478 -0.13064055 0.19269279 0.105495006 0.0019909544 -0.26057333 -0.39664677 -0.06747873 0.021970436 -0.029062072 0.17395471 0.075817086 -0.13352087 -32767.0
0.097392745 0.10739088 0.08303602 0.10757508 0.211193 0.16411708 0.065008126 0.038114406 0.07218039 -0.00081405265 -0.16636136 -0.20766167 -0.122691534 -0.12417435 0.1504899 -32767.0 -32767.0 -32767.0 -32767.0 -32767.0 -32767.0 -32767.0 -32767.0 -32767.0 -32767.0 -32767.0 -32767.0 -32767.0 0.32760042 0.9228083 0.4478061 0.07501757 -0.09084016 -0.18363881 -0.14245582 -0.13283595 -0.20235673 -0.10391417 0.014958695 0.15129238 0.32512712 0.24738234 0.249793 0.15330182 -0.22531834 -0.16641617 0.26625958 0.10952189 -0.057593834 -0.18131824 -0.29588988 -0.036610954 0.09088858 0.09726855 0.29225004 0.32342288 -0.11660123 0.024573583
0.0070638834 0.057244435 0.026625572 0.057739787 0.12931782 0.1581421 0.053594604 -0.0025848225 0.11312032 0.09476822 -0.09683557 -0.16130106 -0.20987788 -0.15707532 0.030147532 0.069664344 -32767.0 -32767.0 -32767.0 -32767.0 -32767.0 -32767.0 -32767.0 -32767.0 -32767.0 -32767.0 -32767.0 -32767.0 0.06615707 0.9922514 0.53095835 0.0043492243 0.0395691 -0.03587346 -0.03263736 -0.044327296 -0.027023152 0.0033752918 0.13000385 0.24276394 0.29447794 0.34057146 0.32836458 0.23678719 -0.002973099 -0.19051735 -0.022482147 -0.043652143 -0.12607622 -0.18133418 -0.16628574 -0.157154 0.0044791596 0.083969854 0.25728598 0.16504508 0.05396263 -32767.0
0.019737974 0.051970016 0.053946935 0.0011421237 0.018364161 0.07292597 0.054904103 0.02383729 0.052409463 0.07825742 0.03621464 -0.035599735 -0.10463617 -0.08024678 0.009567854 0.07951091 0.029358396 -32767.0 -32767.0 -32767.0 -32767.0 -32767.0 -32767.0 -32767.0 -32767.0 -32767.0 -32767.0 -32767.0 -0.03525615 0.9552892 0.608782 0.04025774 0.030917238 -0.0003540432 -0.018709164 -0.04849222 -0.055338122 0.11907172 0.22574453 0.1603535 0.14945626 0.2730576 0.28014937 -32767.0 -0.14606991 -0.2340206 -0.0849836 0.17978504 0.10999192 -0.05826032 -0.16004002 -0.030768689 0.23325935 -0.069654144 0.5622341 -32767.0 -32767.0 -32767.0
0.037099868 -0.022341888 -0.008424008 0.005031702 -0.01654128 0.07094088 0.10044261 0.067136675 0.039108615 0.04194781 0.11196577 0.10987727 0.01630018 -0.13615923 -0.1822438 0.029059073 0.06193816 -32767.0 -32767.0 -32767.0 -32767.0 -32767.0 -32767.0 -32767.0 -32767.0 -32767.0 -32767.0 -32767.0 -32767.0 0.82235104 0.2780796 0.10314427 0.06763627 -0.028350184 -0.1434406 -0.103824794 0.110082805 0.37293953 0.35352948 0.049055073 -0.11488554 0.09092068 0.29222623 0.008844218 -0.022175219 0.036824003 -0.065755256 0.2312994 0.24810094 0.08750595 -0.1347163 0.11750748 0.50680447 0.15963037 0.06410691 -32767.0 -32767.0 -32767.0
0.053375684 -0.042695627 -0.13234378 -0.14243692 -0.064173825 0.021958264 -0.014939548 -0.020190211 -0.030620825 -0.022709336 0.036245055 0.058690794 0.07368118 -0.06415141 -0.16233046 0.050809484 0.031468455 -0.013102928 -32767.0 -32767.0 -32767.0 -32767.0 -32767.0 -32767.0 -32767.0 -32767.0 -32767.0 -32767.0 0.6290344 0.7293824 0.038767163 -0.14877091 0.17634553 0.0035068337 -0.046849407 0.1904824 0.2096263 0.3461988 0.42556798 0.07858239 -0.050524514 0.15764056 0.2350978 0.043553554 -0.084298156 -0.08440953 -0.1507305 0.085085236 0.20085742 0.10664174 -0.013015319 -32767.0 -0.016937887 -0.0035275081 -0.056591988 -32767.0 -32767.0 -32767.0
0.050300803 0.02055686 0.0019792095 -0.0322588 -0.011289583 0.040024117 0.00025718636 -0.010683631 0.039646544 -0.023183817 -0.03593015 -0.01002959 0.004772882 -0.23780471 -0.13078216 0.13095689 -0.025657007 -32767.0 -32767.0 -32767.0 -32767.0 -32767.0 -32767.0 -32767.0 -32767.0 -32767.0 -32767.0 -32767.0 0.6645282 0.6338284 0.019563925 -0.06008734 0.12012974 0.21618827 0.17517634 0.3410943 0.21056126 0.16002597 0.3955213 0.4310673 0.3686425 0.1952801 -32767.0 -32767.0 0.036083724 0.083578445 -32767.0 -32767.0 -32767.0 -32767.0 -32767.0 -32767.0 -32767.0 -32767.0 -32767.0 -32767.0 -32767.0 -32767.0
0.14089659 0.11589616 0.10628177 0.09968374 0.11442275 0.13064237 0.12492297 0.08842556 0.09672024 -0.0038616243 -0.08960323 -0.05749518 -0.16546674 -0.22158754 0.012514291 0.019501388 -32767.0 -32767.0 -32767.0 -32767.0 -32767.0 -32767.0 -32767.0 -32767.0 -32767.0 -32767.0 -32767.0 0.437444 0.5991867 0.5371903 -0.039382238 -0.06332477 0.28862774 0.23628919 0.3196827 0.3764876 0.17349544 0.015123935 0.20020461 0.4377115 0.016823817 -32767.0 -32767.0 -32767.0 -32767.0 -32767.0 -32767.0 -32767.0 -32767.0 -32767.0 -32767.0 -32767.0 -32767.0 -32767.0 -32767.0 -32767.0 -32767.0 -32767.0
0.12557307 0.11394313 0.101734415 0.081097536 0.15090922 0.215621 0.24202728 0.19150996 0.10988093 0.06430787 -0.10996621 -0.2715323 -0.35411787 -0.11515561 -0.030362196 0.0062196027 -32767.0 -32767.0 -32767.0 -32767.0 -32767.0 -32767.0 -32767.0 -32767.0 0.017381858 -0.111969456 0.21557179 0.49492124 0.43095317 0.3085309 -0.053441223 0.07258916 0.22088058 0.37707347 0.49801293 0.27670637 0.21106319 0.20463464 0.3308869 -32767.0 -32767.0 -32767.0 -32767.0 -32767.0 -32767.0 -32767.0 -32767.0 -32767.0 -32767.0 -32767.0 -32767.0 -32767.0 -32767.0 -32767.0 -32767.0 -32767.0 -32767.0 -0.103360325
0.09075962 0.090411514 0.08883594 0.110218175 0.083368935 0.13943435 0.1803088 0.19578722 0.022742493 -0.1004676 -0.17663094 -0.06438697 -0.30447885 -0.21928221 -0.032063764 0.023486134 -32767.0 -32767.0 -32767.0 -32767.0 0.015103359 0.065476574 -0.024692971 -0.11841158 -0.025067817 0.29403657 0.23661639 0.4126344 0.36746484 0.051249497 -0.047940962 0.09327412 0.2884144 0.4486555 0.4994129 -0.022704177 0.23463416 0.10917523 -32767.0 -32767.0 -32767.0 -32767.0 -32767.0 -32767.0 -32767.0 -32767.0 -32767.0 -32767.0 -0.03887657 -0.045693174 -32767.0 -32767.0 -32767.0 -32767.0 -32767.0 -32767.0 -32767.0 -0.040233485
0.111265935 0.06375339 0.08325914 0.050352816 0.01196211 0.013922475 0.010194037 -0.006102532 0.033325344 0.05427549 0.074072964 0.14921089 -0.16118555 -0.39623109 0.12874025 -32767.0 0.014918809 -32767.0 -0.005758922 -32767.0 -0.00074809726 -32767.0 0.0719488 0.028896846 -0.04967363 0.051167235 0.25573462 0.11686894 -0.082041435 0.037543193 0.10062089 0.19139326 0.34819022 0.45898482 0.13718951 0.17465119 -32767.0 -32767.0 -32767.0 -32767.0 -32767.0 -32767.0 -32767.0 -32767.0 -0.007126211 -0.0015583853 -0.045781758 -0.014843676 0.013479909 0.0148872975 -0.05152894 0.0060347584 -32767.0 -32767.0 -32767.0 -32767.0 -32767.0 -0.11006977
0.06784808 0.01659533 0.027823795 0.029614532 0.022659874 0.020582205 0.008354797 -0.05273665 -0.08723747 -0.016490195 0.11194949 0.050522797 -0.052239466 -0.1757652 -0.19939455 -0.11884023 0.070837855 -0.0068115448 0.005592363 -0.04933004 0.08918106 0.003910386 0.10649633 0.07114179 -0.036581375 -0.041961316 0.16942604 -32767.0 -0.107347794 0.28358492 0.23907644 0.20899837 0.33033314 0.33189642 -32767.0 -32767.0 -32767.0 -32767.0 -32767.0 -0.2749312 -0.24580687 0.13165213 0.06277247 -0.06758086 0.0542317 0.016995294 -32767.0 -32767.0 0.0029284707 -0.06564956 -0.032988787 -32767.0 -32767.0 -32767.0 -32767.0 -32767.0 0.19708765 0.15099569
0.08147498 -0.060488086 -0.014740306 0.11107344 0.039267767 0.0233532 -0.027006019 -0.037938666 -0.05373623 -0.08408268 -0.11353665 -0.16749968 -0.26044118 -0.21286376 -0.24948211 -0.28022903 -0.1576364 0.11510726 -0.040280808 -0.14320986 -0.06871353 0.061451443 0.062037695 0.10237604 0.051163845 0.06041123 0.10822033 -0.0002818564 0.10900708 0.091388315 0.027340628 0.21128091 0.22926435 0.13553862 0.023559386 -32767.0 0.015551861 0.033548743 -32767.0 -0.15766378 -0.11135742 -0.108978175 -32767.0 0.0071492204 0.028327445 -32767.0 -32767.0 -32767.0 -32767.0 -0.117096916 -0.019703865 -32767.0 -32767.0 -32767.0 -32767.0 0.25276142 0.17090067 0.08190923
0.003048812 -0.15700522 -0.19261283 0.053860024 0.020640567 -0.10253137 -0.08276406 -0.121434554 -0.14500108 -0.2193813 -0.25395203 -0.3096441 -0.2545793 -0.19706124 -0.22758847 -0.21135305 -0.00025552697 0.031596217 -0.13759355 -0.05728186 -0.026451109 0.12338254 0.032536246 0.06604923 0.15099487 0.23963977 0.2132762 0.13597973 0.096234106 -32767.0 0.17280568 0.19867364 -32767.0 -32767.0 0.0022867287 -0.019114861 0.051621582 0.090737745 0.10899779 0.13309215 -0.2100974 -32767.0 -32767.0 -32767.0 -32767.0 -32767.0 -32767.0 -32767.0 -32767.0 -0.13538642 -0.0810694 -0.15328825 -32767.0 -32767.0 0.09575839 0.0051979204 -0.020291757 0.11890618
