static/data/seaWater_vo/2023/7/6/6.asc
ncols 137
nrows 93
xllcorner 108.0
yllcorner 17.0
cellsize 0.25
NODATA_value -32767
[rows 50 to 74 of 93, columns 58 to 115 of 137]
0.19395903 0.092422 0.15586519 0.019733135 -0.096130535 0.06192308 0.2682398 0.08304289 0.043052714 0.050254147 -0.06304347 -0.10611806 -0.03161721 0.19536148 0.41098705 0.66206336 0.7217822 0.6261251 0.470326 0.30554554 0.18417215 0.024337325 -0.04328714 -0.20540823 -0.16749941 -0.34483477 -0.2048569 -0.15613799 0.0147286765 0.079045676 0.09297448 -0.03624892 0.07465696 0.055645384 0.12727448 0.17108978 0.25865483 0.28851616 0.17167142 0.124527685 -0.000544718 -0.18555646 -0.40643635 -0.51816183 -0.48237848 -0.69043165 -0.7878261 -0.8091275 -0.603799 -0.31856525 -0.28001553 -0.14564866 -0.05360371 -0.03817553 0.0044817226 0.0999494 -0.0053480202 -0.17532125
0.15032282 0.12191155 0.14868307 0.010985863 -0.038144965 0.15747905 0.31145248 0.15447932 0.15200268 0.118283205 -0.012072169 -0.032293595 0.18330066 0.47406933 0.76553166 0.6817021 0.5478291 0.44056112 0.3886293 0.25639167 0.07221147 -0.13701518 -0.0031210352 -0.14825247 -0.21203896 -0.30758226 -0.26596934 -0.025583662 0.15973388 0.07163668 -0.11742426 0.043513354 0.07610904 0.049694095 0.15647857 0.21764718 0.29850242 0.24731784 0.16480525 0.09908682 -0.04934919 -0.21556611 -0.37043855 -0.40647754 -0.59124255 -0.74294 -0.8228865 -0.6596087 -0.36864913 -0.31326747 -0.20824848 -0.11682895 -0.030916497 -0.0027655517 0.04810233 0.08181042 0.00807224 -0.16728282
0.15644492 0.091550544 0.10200972 0.072507046 -0.01741257 0.09403891 0.23276092 0.12051248 0.11617722 0.09788337 0.011468284 0.04273681 0.30055386 0.7384607 0.69115615 0.52635753 0.37281433 0.3610833 0.3700103 0.17263745 0.017587323 -0.18581955 -0.032590285 -0.120581865 -0.18819176 -0.25759575 -0.2600904 0.018616734 0.13499574 -0.043908488 -0.11220152 0.097862646 0.13034172 0.09999418 0.10999087 0.18961003 0.26542127 0.17162234 0.12724808 0.045506764 -0.13339208 -0.24505018 -0.3923134 -0.55430716 -0.6954738 -0.7808855 -0.6959225 -0.48860332 -0.42225358 -0.34097597 -0.19249739 -0.048041567 0.10526272 0.14194553 0.15241767 0.08095246 -0.064373374 -0.27969977
0.093947776 -0.08895947 -0.11407353 0.19170922 0.14162368 0.094225146 0.12227895 0.14300068 0.107984565 0.059825033 0.07209941 0.23378316 0.5779665 0.62989616 0.5788019 0.32877067 0.28510025 0.35096592 0.14040188 0.12336777 -0.053274777 -0.013532461 0.015432816 -32767.0 -0.40485397 -0.21884525 -0.21820897 -0.044666793 0.10130226 -0.097685225 -0.02854345 0.11724194 0.1672496 0.12477332 0.12079459 0.12117929 0.21551527 0.10557976 0.06324493 -0.066103026 -0.22245389 -0.3322424 -0.49820954 -0.648187 -0.6774658 -0.6103937 -0.49898067 -0.47891206 -0.42548728 -0.3297846 -0.13995627 0.07346491 0.20809737 0.1922812 0.2446071 0.064405985 -0.14615996 -0.37899238
0.001200039 -0.09720836 -0.049579434 0.063178815 0.15019843 0.11125693 0.04690867 0.0089696525 -0.014969184 0.065949336 0.34619182 0.31102425 0.45107257 0.63001174 0.42104208 0.22174467 0.33182126 0.15662968 0.04746517 -0.03878028 -0.0442105 0.010581997 -0.07899775 0.00861193 -0.4133348 -0.19155468 -0.20544864 -0.092081115 0.047169153 -0.13059163 -0.011913883 0.22194386 0.21475716 0.1244984 0.1361237 0.03417523 0.16109765 0.07569917 -0.0028036204 -0.15072425 -0.2995227 -0.4663147 -0.5868803 -0.65290284 -0.56117576 -0.46682575 -0.4326631 -0.43329483 -0.3368569 -0.20535539 -0.036195356 0.11825536 0.2483901 0.32417846 0.3263841 0.03850961 -0.2769145 -0.44704947
0.09683452 0.14212598 0.0709038 0.14247291 0.07704815 0.0022196681 -0.07384331 -0.05411332 -0.015415214 0.15408097 0.202371 0.30837998 0.54752195 0.5255533 0.2744848 0.17287073 0.28946325 0.16127676 0.16330466 0.04914062 -0.0519822 -32767.0 -0.09803663 -0.021775331 -0.16044779 -0.35557225 -0.23169377 -0.15604997 -0.025449289 -0.07336052 -0.036785442 0.2042119 0.30414596 0.14844738 0.058421466 0.0069975588 0.043228067 0.021684159 -0.069813766 -0.17133242 -0.31300762 -0.4506907 -0.5792356 -0.57514334 -0.43541998 -0.33294812 -0.38894135 -0.32930854 -0.15408963 -0.058263525 0.11643993 0.24085942 0.35200384 0.4982687 0.29477003 0.057367116 -0.17375907 -0.44714206
0.34433874 0.41397738 0.36741388 0.27254775 0.118867286 -0.004167536 0.05691111 -0.0339856 0.05696668 0.1776269 0.34915912 0.4610407 0.42410502 0.23570357 0.20009093 0.15554804 0.18983954 0.10183299 0.07893428 0.01945876 0.062496774 -0.078496516 -0.053941917 -0.10149797 -0.1834632 -0.16659385 -0.26942858 -0.25935316 -0.21742037 -0.046764057 -0.09080453 0.1675734 0.25251046 0.105686925 -0.030761631 -0.06311208 -0.07420717 -0.062315796 -0.0808773 -0.21550639 -0.27686974 -0.3967024 -0.52146393 -0.53425133 -0.4186189 -0.24919572 -0.33269376 -0.25876597 -0.108954854 0.04704813 0.15929979 0.32993186 0.59722966 0.4500831 0.13228191 0.0017463462 -0.10818932 -0.2703922
0.40549198 0.6670589 0.48692754 0.20635542 0.07508591 0.113266 -0.014966001 -0.006977523 0.12525263 0.17538309 0.39291567 0.3951233 0.1805524 0.094386056 0.14469099 0.16668792 0.12893835 0.1320229 0.121323 0.07183202 0.05276036 0.018169975 -0.04633485 -0.050931513 -0.14746219 -0.25678355 -0.37247774 -0.34396312 -0.28664684 -0.1584199 -0.14669575 0.16199116 0.18869703 0.12857084 -0.09232911 -0.07433201 -0.021363107 -0.09212213 -0.16881436 -0.21524915 -0.27721077 -0.2855659 -0.3966643 -0.49576706 -0.41168466 -0.29406297 -0.2661998 -0.16145164 -0.055189744 0.095953 0.227609 0.55305606 0.5672095 0.26664135 0.10414993 0.04167234 -0.10417055 -0.17813882
0.9123763 0.9933969 0.54487544 0.21616529 0.17567283 0.20648499 0.09649551 0.05360817 0.12783356 0.15316933 0.20460525 0.053186987 0.12842391 0.21916115 0.16785252 0.15346694 0.2268441 0.19766447 0.13097334 0.117647134 0.0712632 0.085607365 0.055296782 0.034045402 -0.0056443834 -0.13578503 -0.31335825 -0.44210273 -0.42695808 -0.2667343 -0.21309108 0.21476863 0.28192773 0.14957806 -0.047687784 -0.10716135 -0.12008443 -0.1452422 -0.14840978 -0.2691005 -0.34376296 -0.36073077 -0.36684254 -0.4081419 -0.4658444 -0.35677618 -0.25795656 -0.1101402 -0.013051012 0.06423328 0.20223002 0.5896763 0.35673836 0.25068003 -0.040481426 0.10514394 -0.056399632 -0.2480093
1.0525558 0.9095822 0.610495 0.42533386 0.29426235 0.26695418 0.106903695 0.080075115 0.12955518 -0.05634386 0.009153549 0.09836914 0.19697225 0.1553097 0.2963381 0.34192172 0.2793643 0.19851606 0.14995259 0.076038554 0.040772803 0.0608184 0.039424006 -0.041008297 -0.14490165 -0.14655057 -0.27493733 -0.44705957 -0.5466362 -0.40220255 -0.26076734 0.20750462 0.35565865 0.11679355 0.054818895 0.08139244 -0.0250634 -0.0646267 -0.18491949 -0.16832933 -0.3199093 -0.3728306 -0.44004768 -0.4349462 -0.42614922 -0.4114362 -0.29430816 -0.15485643 -0.028341355 0.03771509 0.21077824 0.45027336 0.22534923 0.24684778 0.10799408 -0.14796978 -0.031613432 -0.15221554
0.8651579 0.7147735 0.7289982 0.32085234 0.13687073 0.29765663 0.12268325 -0.07970319 0.04611039 0.10162362 0.1717459 0.08605185 0.048486568 0.3214889 0.300384 0.33927953 0.24592337 0.14504163 0.05363757 0.012880528 0.19804232 0.23483095 0.19126225 0.012127094 -0.14386876 -0.1859936 -0.22613837 -0.45104787 -0.53401744 -0.45766792 -0.3301435 0.18127386 0.44099432 0.25802916 0.13020134 0.124733366 0.008387576 0.010171782 -0.019680554 -0.06637852 -0.15154363 -0.27891275 -0.403459 -0.4628559 -0.4315275 -0.3772504 -0.32562426 -0.22212322 -0.08714192 -0.0031824182 0.089101136 0.27400976 0.17445509 0.37313837 0.24328224 0.0033741698 -0.14532991 -0.16363762
0.7074013 0.799381 0.58078504 0.16458286 0.00480176 0.24601111 0.009927666 0.036359448 0.31854632 0.2802647 0.3220572 0.14984243 0.2588464 0.30597472 0.3610502 0.35562578 0.19376855 0.024894837 -0.04447131 0.2480712 0.23879085 0.30575383 0.25448945 0.07053057 -0.13083981 -0.1509609 -0.2740945 -0.51590604 -0.52988666 -0.5189067 -0.28413782 0.18816069 0.46006078 0.27848947 0.11850946 0.078782104 0.11183248 0.11426814 0.12219667 0.10461381 0.103953905 -0.044205755 -0.3508237 -0.5063763 -0.45285168 -0.317998 -0.20708215 -0.07414052 0.035426207 -0.02050789 -0.048200592 0.04265277 0.1889273 0.53676075 0.29035395 0.007602605 -0.09419283 -0.13619293
0.5950431 0.7632518 0.59337777 0.28394848 0.061217614 0.15713738 0.04719933 0.06333146 0.3161224 0.23291919 0.18009067 0.17317417 0.25078174 0.31457904 0.35896343 0.3064546 0.15013452 -0.0950381 0.08295087 0.21137191 0.15883902 0.16729201 0.15375264 0.052688606 -0.06661984 -0.10681991 -0.30000925 -0.5390712 -0.52194035 -0.546859 -0.09219653 0.23219292 0.41548023 0.20553084 0.061917968 -0.04649331 0.16830793 0.16551311 0.11224555 0.117572196 -0.048439514 -0.09939836 -0.17210554 -0.4198465 -0.38491297 -0.23657796 -0.14538696 -0.0528091 0.095771626 -0.013432895 -0.10089081 -0.14891815 0.26154527 0.53016543 0.2408318 0.1193424 0.089822926 -0.15466061
0.5653403 0.48073104 0.35080695 0.20871443 0.08286434 0.15813163 0.124127135 0.119828895 0.1460722 0.1194247 0.13789128 0.24091342 0.36424154 0.37574893 0.40471193 0.28377086 0.11001648 -0.11555625 0.061077457 0.14580145 0.06500898 0.089943536 0.0702782 0.059902277 -0.043554883 -0.14429127 -0.3338801 -0.5137067 -0.5028317 -0.4710808 0.08696146 0.33416492 0.40774003 0.24379654 -0.0034404302 0.02466932 0.12134147 0.124142185 0.21493033 0.32094604 0.16802613 -0.01990962 -0.26125547 -0.4224169 -0.27648795 -0.28701887 -0.30334866 0.13138776 0.21507542 -0.088336594 -0.0890422 -0.18328011 0.35708562 0.5609036 0.22445291 0.32057282 0.054334395 -0.3196479
0.424434 0.31306326 0.028645368 0.19492288 0.24550048 0.12259878 0.051519245 0.09677216 0.14522636 0.15198788 0.18178518 0.3168038 0.41457224 0.43299854 0.3847888 0.25284487 0.08733709 -0.07393292 -0.018679237 0.12905765 -0.04184399 -0.007636367 -0.008554942 -0.020128645 -0.11370263 -0.17706078 -0.29214182 -0.37904102 -0.48366523 -0.2862387 0.19067042 0.4924426 0.34547365 0.1696047 -0.0010149209 0.0843764 0.1398209 -0.025386631 0.2956177 0.41171548 0.20362204 -0.056070343 -0.27859768 -0.47997805 -0.33345425 -0.36913738 -0.17883512 0.18265663 -0.0087218555 -0.078860104 -0.30432037 -0.089404725 0.38640863 0.5426082 0.22968352 0.228311 -0.044185236 -0.36717856
0.44853064 0.18707716 -0.10074944 0.17189759 0.106002554 0.06364342 0.0111215245 0.12348626 0.3143852 0.31179607 0.30636358 0.41926342 0.47678623 0.40459752 0.2979587 0.17604281 0.064853646 -0.06554764 -0.02267029 0.095034435 -0.08067343 -0.11404706 -0.10534587 -0.13643286 -0.16840632 -0.18539329 -0.18344557 -0.27273628 -0.41541633 -0.11808518 0.324762 0.43071836 0.21701406 0.06442564 0.14479445 0.19106786 0.1626621 0.010267601 -0.053497992 0.3182992 0.32785314 0.08150471 -0.22822522 -0.43864155 -0.27790436 -0.25769588 0.0026491513 -0.050180424 -0.11814022 -0.15640087 -0.3451414 0.038280185 0.29724848 0.5290196 0.14853704 0.10983973 -0.13951138 -0.31623152
0.47414696 0.20839506 -0.10212308 -0.0073662605 0.044593353 -0.0053317756 0.03497154 0.20254068 0.39973482 0.39402872 0.4251886 0.50058204 0.49617428 0.42996705 0.31668356 0.16368303 0.06878789 -0.034866165 -0.06157126 0.029528016 -0.013267006 -0.05309684 -0.042009693 -0.07299681 -0.14981511 -0.15779679 -0.13337295 -0.19721495 -0.28992924 -0.012547088 0.28410146 0.35640365 0.16390991 0.19536445 0.16662282 0.066824615 0.10364627 0.13456993 0.072890095 -0.004438477 0.18856367 0.21160229 -0.10119709 -0.29590437 -0.29811895 -0.05992584 0.09967464 -0.045014255 -0.08532855 -0.20180589 -0.2183795 0.09590099 0.23725311 0.5040098 -0.027027136 0.0340498 -0.17245673 -0.32730374
0.5055613 0.18776566 -0.14203753 -0.12035376 -0.018260984 0.051207848 0.13217176 0.29030678 0.41817966 0.44195467 0.4546767 0.52944684 0.45767984 0.3942235 0.30129403 0.18498185 0.026139315 -0.083491534 -0.14641728 -0.111456 -0.13770641 -0.06098922 0.022594929 0.061055407 0.019987063 -0.08631134 -0.11866148 -0.16597183 -0.16209641 0.03978039 0.25236648 0.3118745 0.18521482 0.120691724 -0.014765535 -0.034537423 0.113345124 0.162345 0.26086882 0.3118054 0.10838103 0.07660307 0.12763853 -0.077438116 -0.39152026 -0.040209386 -0.0030650517 -0.16443112 -0.15787321 -0.017035287 0.11056033 0.18778287 0.13755085 0.45996818 -0.06326241 -0.14464022 -0.14233619 -0.29548293
0.48009035 0.1138168 -0.13553792 -0.15166175 -0.025732728 0.09262689 0.19922215 0.37241173 0.39928707 0.4095948 0.48084515 0.56783056 0.4786048 0.40328166 0.33064866 0.18097632 -0.05625462 -0.20524135 -0.21274203 -0.22833003 -0.2631573 -0.09614095 0.02054969 0.073096186 0.067401804 0.007232828 -0.055602856 -0.09514856 -0.051307116 0.07126217 0.20893335 0.21665677 0.20101875 0.059456386 -0.058384724 -0.007870759 0.08541859 0.10629918 0.09328917 0.22956726 0.24575129 -0.0032417458 0.037431724 0.015472 -0.28876823 -0.30126783 -0.28012478 -0.25869307 0.026716275 0.20547545 0.067911774 0.2037708 0.06171148 0.35504228 0.08133236 -0.30063054 -0.24766453 -0.32586053
0.45027563 0.023305025 -0.14962016 -0.1477723 -0.034543097 0.06991939 0.19538684 0.3391946 0.33063322 0.3697032 0.55942637 0.68177724 0.60595703 0.41534567 0.30638543 0.16472131 -0.10976523 -0.2792172 -0.24112011 -0.17777842 -0.2748961 -0.13324812 0.047138575 0.058752947 0.0027946106 0.0294055 0.051429056 0.048030548 0.091664255 0.16125822 0.21819656 0.15581511 0.20851122 0.05595945 -0.04848538 -0.017572384 -0.018068988 0.122851595 0.2310154 0.06848404 0.1819459 0.066580474 -0.11970522 0.105293505 0.0035074137 -0.05989878 -0.010715261 0.12938426 0.26823074 0.17762429 0.15256025 -0.063888185 0.0402985 0.26920098 0.04191078 -0.46301934 -0.32632115 -0.38936856
0.43488783 -0.067526646 -0.18918107 -0.079638004 -0.08078455 0.06892988 0.23407382 0.3039284 0.2725861 0.44314516 0.66874236 0.8092889 0.6625684 0.34281588 0.2366834 0.10912929 -0.19878177 -0.3488235 -0.22252403 -0.07003579 -0.17063728 -0.13112473 0.04573629 0.11818428 0.120281935 0.14531282 0.19407336 0.23848556 0.23888153 0.15248886 0.050062887 0.057396285 0.15177567 0.05480379 -0.033731334 -0.07384798 0.062156137 0.14141645 0.14119823 0.16471796 0.033685483 0.12608008 -0.008212232 -0.09734638 -0.01744989 0.099604234 0.1716311 0.25498918 0.35571274 0.32707718 0.18598703 0.022580076 -0.01671461 0.10863275 -0.054863695 -0.54368633 -0.28067324 -0.40589356
0.20926335 -0.1141565 -0.26964906 -0.14508376 0.003520451 0.25554448 0.27774903 0.2788807 0.2945451 0.56044245 0.72965956 0.83752906 0.5876642 0.2890345 0.21042505 0.026473703 -0.28503054 -0.37281966 -0.19197926 -0.021191409 -0.044536904 -0.010233868 0.092018254 0.14329612 0.07227308 0.13577238 0.14639771 0.13917416 0.12183678 0.05114417 0.059936486 0.1708685 0.14130343 0.046536136 -0.04706906 -0.024870437 0.032305516 0.08850829 0.24820268 0.24584788 0.008609949 -0.01750236 0.0529795 -0.106416926 -0.014781451 0.1203526 0.17956588 0.33486375 0.37560663 0.36246023 0.25329024 0.07358535 0.019534038 0.010054946 -0.17828876 -0.60326535 -0.27502874 -0.37654415
0.044117365 3.4933303e-06 -0.40145835 -0.18013197 0.096978925 0.40231642 0.31788716 0.29136738 0.3971539 0.6300518 0.92570496 0.7491589 0.42681178 0.21750861 0.10547485 -0.056046672 -0.33138922 -0.3858277 -0.18178208 -0.0045733717 -0.026038183 0.0029085665 0.075989656 0.08158746 0.13526134 0.26872268 0.26122758 0.22917676 0.1580719 0.17402762 0.17508015 0.29159635 0.29180363 0.19042385 0.1147069 0.121037886 0.12165433 0.11246021 0.2617612 0.28615764 0.12840967 -0.13989832 0.0013965566 -0.09295935 -0.07008649 -0.01678436 0.26950216 0.48853573 0.5202443 0.34598956 0.19974734 0.07803022 -0.0036258956 -0.07630511 -0.26912132 -0.63057303 -0.2606668 -0.2159966
0.06462849 0.0022768797 -0.34268954 -0.3199972 0.19765672 0.30118236 0.24927852 0.2853984 0.49486303 0.7152972 0.9673069 0.5618416 0.28610757 0.13810824 0.09083715 -0.11700737 -0.336143 -0.33398062 -0.18761367 -0.0037186434 0.06270435 0.06640262 0.121675104 0.12814635 0.25103873 0.3685534 0.2724733 0.304257 0.27195376 0.20567237 0.22480178 0.27124375 0.26033652 0.25816518 0.24145257 0.277198 0.3426514 0.40379155 0.3577729 0.22073327 0.029003965 -0.14641398 -0.23488122 -0.14502984 -0.19084848 -0.062117066 0.22336955 0.6196087 0.62108773 0.3669161 0.21230103 0.11422262 -0.0033924878 -0.0797842 -0.25016242 -0.43623286 -0.28864917 -0.16440289
0.041256063 -0.018722977 -0.14061019 -0.26027235 0.055203866 0.17675889 0.2534985 0.39357257 0.5208992 0.920876 0.7822983 0.418435 0.18439043 0.08505692 0.042451173 -0.1517307 -0.24856591 -0.275297 -0.16771267 0.067709744 0.060142916 -0.0051807347 0.03495502 0.18141313 0.28712195 0.38203645 0.35575858 0.3847909 0.395089 0.47549552 0.49261066 0.43128616 0.40741754 0.35813814 0.37182134 0.38611358 0.42989123 0.35529077 0.18261477 0.024353804 -0.16386649 -0.23932783 -0.38494995 -0.24520811 -0.30496973 -0.06346673 0.2527573 0.70856655 0.63928527 0.2880677 0.17475055 0.09486438 -0.058774944 -0.13292801 -0.11022522 -0.066486195 -0.084382504 0.055744916
