static/data/seaWater_uo/2023/7/11/0.asc
ncols 137
nrows 93
xllcorner 108.0
yllcorner 17.0
cellsize 0.25
NODATA_value -32767
[rows 26 to 51 of 93, columns 58 to 115 of 137]
-0.1398813 -0.22443843 -0.19586915 -0.21550281 -0.18442553 -0.13645661 -0.09714765 0.17195624 0.20282711 0.21610306 0.1982877 0.19494866 0.3485207 0.48350665 0.5121039 0.36382154 -32767.0 -32767.0 -0.03217322 0.17143199 0.31116492 0.49180093 0.5931595 0.5796213 0.5059292 0.4761782 0.3682722 0.22112152 0.20369735 0.056694407 -0.020084003 -32767.0 -32767.0 -32767.0 -32767.0 -32767.0 -32767.0 0.13280241 0.040078692 -0.05838666 -32767.0 -32767.0 -32767.0 -32767.0 -32767.0 0.034343224 -32767.0 -0.09102295 0.23956199 0.31744128 0.1742707 0.17991735 0.26175535 -32767.0 0.11247221 -0.17550841 -0.21653642 -0.27076268
-0.14616488 -0.18856096 0.0060679843 -0.05605267 -0.13792521 -0.08848421 -0.018854879 0.09040029 0.19624811 0.24815565 0.26172474 0.36394182 0.46765304 0.4821195 0.35209388 -32767.0 -32767.0 0.10733005 0.21703893 0.37290144 0.43354532 0.48491877 0.5146453 0.43673578 0.33732483 0.28879598 0.18975784 -0.0070872065 -32767.0 -32767.0 -32767.0 -32767.0 -32767.0 -32767.0 -32767.0 -32767.0 -32767.0 -0.051966157 0.038031913 -0.08073163 -32767.0 -32767.0 -32767.0 -0.058470644 0.048652593 0.059423383 0.05252149 -0.03304264 0.035517104 0.010315608 -0.017959306 -0.040255293 0.054947622 0.100834005 -0.17015412 -0.19879138 -0.15981284 -0.14572173
-0.24306317 -0.09523144 -0.11570612 -0.024476374 0.1644269 0.19529682 0.17643845 0.16387832 0.19081074 0.26036122 0.2538945 0.25678596 0.2967399 0.30125138 0.19765995 0.27305943 0.36242086 0.45763698 0.5292356 0.5006363 0.3085285 0.23918879 0.22821316 0.1784113 0.18491916 0.09377814 -32767.0 0.0006767389 -0.07985407 -32767.0 -32767.0 0.07410241 -32767.0 -32767.0 -32767.0 -32767.0 -32767.0 -32767.0 0.21611723 -0.063912936 -32767.0 -32767.0 0.010308357 0.0371042 -0.0021683844 -0.09134087 -0.022538124 0.11564982 -0.101558134 -0.11231028 -0.14717892 -0.2471699 -0.11575193 -0.2382599 -0.2294179 -0.16901006 -0.117713094 -0.060309052
-0.09366237 -0.023787457 -0.06331706 -0.048959315 0.075409554 0.09858722 0.10778502 0.11306512 0.15121253 0.16381182 0.14858653 0.13250333 0.16004437 0.20126796 0.18016312 0.215238 0.17518328 0.20876001 0.26921684 0.30459222 0.21866563 0.13787033 0.07092957 0.105550766 0.15861788 -32767.0 -0.05519689 0.029733164 0.0057902248 -0.08137042 0.015300421 -32767.0 -0.026304701 -32767.0 -32767.0 -32767.0 -32767.0 -32767.0 -0.13496505 0.29492947 0.21304543 0.22064327 -0.14368235 0.004913387 -0.2095234 -0.3013336 -0.1784973 -0.09153243 -0.03821071 -0.031562813 -0.033522986 0.026855798 -0.09998473 -0.21838962 -0.28396025 -0.29164064 -0.15643269 -0.12893766
0.04120666 0.01654047 -0.010867977 0.196463 0.028303266 0.089619234 0.062605105 0.004257192 0.040240847 0.098899916 0.06258748 0.0758109 0.11819914 0.19486004 0.10578191 0.014456338 0.069498464 -0.026193887 -0.050387885 -0.0076304115 0.04147383 0.03624142 0.051619858 0.0035792324 0.15189926 0.37814227 0.25673717 0.30102202 0.13370973 0.104242645 -0.117808916 -0.109647125 0.06558047 -32767.0 -32767.0 -32767.0 -32767.0 -0.016834233 0.26100448 0.1454283 0.03487589 0.010097237 0.011212622 -0.1385723 -0.10863193 -0.036075726 0.24260299 0.48424685 0.62262 0.6422263 0.4806128 0.28964034 0.31821322 0.13789384 -0.0018522558 -0.08961828 -0.2155251 -0.22816294
0.035733555 0.020090265 0.06694179 0.11598176 0.12475403 0.16220883 0.070317775 0.0062992563 0.05452354 0.0035646854 0.1118845 0.048084043 -0.008087578 -0.10818029 -0.06639255 -0.087330885 -0.04677027 -0.14336538 -0.06420892 -0.00475192 -0.030180937 -0.07136895 -0.076600455 -0.069028035 0.050736994 0.11240554 0.15174347 0.14485647 0.20853566 0.16598143 -0.08219507 0.08206562 -0.0043952186 -32767.0 -32767.0 -32767.0 -32767.0 0.09372458 -0.14956684 -0.35505226 -0.33305857 -0.17727123 -0.08516886 0.016082572 0.2928207 0.6527674 0.8654425 0.92570287 0.8715075 0.7693925 0.8055284 0.7185949 0.46760222 0.3396118 0.10969663 -0.08626044 -0.2097404 -0.29923096
0.10346131 0.21254307 0.25427213 0.20386693 0.26553386 0.3868589 0.3400342 0.27333435 0.3033592 0.351235 0.2880484 0.17989168 0.05919656 -0.1492751 -0.19078638 -0.07871613 -0.059218507 -0.05659998 -0.06947978 -0.06933915 -0.122524604 -0.11439711 -0.053712532 0.099054396 0.2264411 0.32458144 0.26384026 0.17156698 0.09070327 0.06732564 0.028931038 -32767.0 -32767.0 -32767.0 -32767.0 -32767.0 0.108001195 -0.30344433 -0.40853432 -0.15685901 0.19320415 0.49704042 0.687581 0.8887639 0.9912601 1.015044 1.065648 1.0847726 1.0562207 0.87729955 0.6807694 0.70128924 0.59986013 0.2830378 0.1254358 -0.13473149 -0.22154343 -0.25746036
0.18346514 0.21510692 0.4104777 0.48982736 0.42368272 0.4055453 0.44764403 0.49236715 0.47038198 0.37913427 0.29342577 0.17441675 0.21756315 0.3064414 0.0829233 -0.07122674 -0.001881191 0.009346571 -0.015619036 -0.01070033 0.022744646 0.046020042 0.16021878 0.28055856 0.302951 0.360645 0.38835898 0.29532093 0.11750536 0.09725758 -0.06149939 -32767.0 -32767.0 -32767.0 -32767.0 -32767.0 -0.15886939 -0.1943231 -0.037756752 0.455478 0.7927152 0.8965512 0.94067216 1.038736 1.1271989 1.1084821 1.0388497 1.075664 1.0829078 0.95128435 0.7227058 0.5920332 0.5106922 0.27246854 0.058946032 -0.17430042 -0.21925601 -0.08995578
0.29427746 0.35206735 0.38059577 0.28714547 0.24423099 0.28984353 0.28830934 0.30880803 0.32427984 0.32819533 0.30824056 0.23740955 0.20204158 0.29057345 0.21542074 0.07678277 0.114381894 0.15526477 0.14403233 0.16631232 0.17377661 0.21186036 0.18725294 0.20230089 0.15054505 0.17203343 0.19377929 0.16952969 0.07325139 0.020689316 0.092739016 0.076973245 -32767.0 -0.00299225 -32767.0 -32767.0 -0.07166257 0.16376081 1.0157557 1.0678328 0.97583336 0.9745259 1.0246322 1.0048918 0.90290385 0.8701185 0.8220613 0.83930445 0.78500503 0.66493577 0.58215964 0.5566665 0.38182884 0.19200687 0.021054663 -0.13606483 -0.07625288 0.0101196505
0.29995167 0.46044144 0.40240097 0.22766674 0.10497335 0.105103835 0.20512493 0.23728889 0.19677824 0.1889047 0.21945933 0.2692686 0.2503519 0.25995177 0.36480904 0.22217324 0.1284973 0.17686337 0.21000347 0.20759639 0.16351959 0.15782566 0.1871989 0.17148775 0.15946585 0.1299834 0.06499471 -0.005369843 0.023126777 0.09951244 0.1270549 0.153038 0.14698665 0.06485259 -32767.0 -0.118393205 0.44447035 0.8414982 0.7077853 0.8079463 0.7271847 0.7042048 0.67337745 0.66650504 0.66471595 0.6404973 0.5864431 0.4097993 0.33701292 0.331653 0.44623613 0.42399654 0.27305797 0.12571871 -0.023294207 -0.06303121 0.06339017 0.0781159
0.28466916 0.42277503 0.41945603 0.34733707 0.33275178 0.19815435 0.04592717 0.05008082 0.15851153 0.22656824 0.1773313 0.18946369 0.18070687 0.2385168 0.2936045 0.22779578 0.16562046 0.23518492 0.32737446 0.28197452 0.202524 0.11798084 0.12290738 0.2130367 0.09082762 0.07991978 -0.04737661 -0.089839354 0.018816568 0.21282785 0.3196114 0.37756497 0.4264517 -32767.0 1.0524483 0.9138554 0.45753336 0.52398884 0.49007678 0.40618685 0.4488274 0.48238638 0.4640994 0.46026665 0.45568904 0.33405828 0.14347698 0.111201756 0.23914184 0.18151858 0.039168186 0.26966107 0.19844459 0.08190885 -0.024673339 0.026858684 0.08777356 0.07730316
0.14410916 0.2838611 0.36138067 0.44083956 0.39209697 0.27192312 0.17527217 0.10692283 0.16139294 0.20834702 0.31223544 0.24660023 0.18979515 0.20139015 0.20809644 0.1936223 0.20597705 0.20851663 0.27620187 0.2529573 0.16896711 0.14537093 0.11204275 0.16990323 0.22567688 0.1394554 0.025089908 0.094378866 0.055299655 0.13454933 0.34674156 0.45842996 0.52731776 0.48177558 0.28783715 0.009067767 0.52435213 0.5315965 0.42331433 0.4792968 0.40818542 0.3584756 0.34889024 0.36096334 0.16847982 0.08827339 0.33358276 0.4780309 0.47349685 0.43650416 0.40047774 0.2545594 0.2685865 0.04057679 0.026765777 0.07757881 0.117614314 0.008614925
0.1917911 0.27120203 0.39947563 0.41020083 0.40061894 0.467065 0.4659154 0.4373967 0.33773696 0.33142754 0.36839288 0.33924887 0.31549215 0.2901551 0.24904406 0.1978036 0.20454411 0.2612004 0.24665003 0.2722124 0.33375758 0.26509973 0.2473861 0.25318506 0.22305317 0.47378737 0.36115053 0.22492635 0.15574042 0.061959602 0.4154885 -32767.0 0.18282576 0.13813268 -32767.0 0.4205309 0.4364334 0.4201458 0.5147056 0.41088337 0.3305885 0.37013954 0.30926156 0.09171802 0.07694166 0.30150616 0.19701248 0.29581615 0.34822145 0.45335653 0.5662238 0.3534673 0.36225307 0.06285074 0.033085838 0.1468025 0.071681 0.09922805
-32767.0 0.4318427 0.4050484 0.55756617 0.6141596 0.6376162 0.78166175 0.60031915 0.60430604 0.44714907 0.42641628 0.33168104 0.37323946 0.3660003 0.36728626 0.33101788 0.3403923 0.3774494 0.37965548 0.3337171 0.3218773 0.3484654 0.5158311 0.5834163 0.56283987 0.5347432 0.63915044 0.39554542 0.14177608 0.15186025 -0.017019454 -0.21353093 -32767.0 0.22368002 0.49601448 0.60554725 0.5699972 0.47991478 0.5279766 0.44489232 0.28013593 0.27362645 0.28207788 0.15322758 0.15784794 0.2158 0.09528483 0.10275479 0.037743676 0.09939089 0.25712088 0.36417904 0.4238051 0.17843512 0.15872008 0.17253198 0.12511833 0.5826234
0.3678045 0.5207398 0.70728636 0.6797792 0.5666848 0.5111912 0.570296 0.49792534 0.37982273 0.43134 0.4603711 0.45529667 0.3522776 0.3173515 0.36229336 0.4366924 0.4474273 0.45076028 0.4501128 0.4298903 0.3793409 0.6317721 0.7213656 0.9378573 1.0524423 1.0184307 0.7641593 0.720169 0.29208106 0.3075935 0.19979669 0.2532981 0.491285 0.49562722 0.6170656 0.5467164 0.50973254 0.55401635 0.5865909 0.488236 0.33840787 0.24292603 0.32169202 0.27681097 0.16301742 0.08827359 0.05167837 -0.03696961 -0.06914937 0.024522647 0.270214 0.4756264 0.5005274 0.34564838 0.45825657 0.6311309 0.7894237 0.795215
0.35321975 0.4097605 0.39324322 0.3264173 0.20759524 0.22078341 0.2814724 0.29140252 0.3277879 0.35092583 0.25660956 0.41515407 0.5990107 0.5940926 0.55156356 0.47560278 0.4383511 0.49025518 0.42069915 0.43989992 0.5997475 0.6018398 0.8817332 0.92156446 0.9076876 0.9610932 1.0903302 0.8928751 0.83085364 0.88973695 0.87439835 0.81624305 0.7601027 0.5603725 0.6485079 0.8118969 0.76210696 0.66930604 0.553515 0.51224786 0.47073057 0.4373082 0.40841496 0.3326794 0.30858365 -0.02478348 -0.028670533 -0.025649754 -0.0045600687 -0.049178235 0.043405775 0.23621765 0.44773686 0.49301335 0.6935121 0.8620813 0.86185 0.7821764
0.18660483 0.29421654 0.38846195 0.3667286 0.32078418 0.34181467 0.3339662 0.2167255 0.3111984 0.34537423 0.3719157 0.37136275 0.44830123 0.4634524 0.4838017 0.42073542 0.39382768 0.45298386 0.51854557 0.5387222 0.42393866 0.6800733 0.6788349 0.5854967 0.63388306 0.6605268 0.74307084 0.9085554 1.0648522 1.3590502 1.2590059 1.2094777 1.1479568 0.9867459 0.72200215 0.5541611 0.5008793 0.45121574 0.47004595 0.4965085 0.5622528 0.6172762 0.5971271 0.54973215 0.4339342 0.28564864 -0.10810342 -0.046149254 0.14024305 0.121863894 0.018559076 0.17340209 0.31108806 0.6302083 0.8375728 0.87419206 0.8269796 0.8351924
0.23428757 0.2336958 0.29379317 0.28771827 0.2609875 0.22358443 0.1837327 0.3039008 0.22040164 0.2654771 0.33986363 0.34739882 0.28443572 0.26003045 0.29129642 0.31886223 0.39815557 0.4981093 0.39319092 0.20329581 0.4557534 0.5651347 0.44406888 0.4038327 0.47510764 0.49030596 0.4866706 0.6449887 0.8877453 0.9385921 0.94638693 1.0914569 1.0141253 0.93697244 0.83621633 0.7250215 0.65606594 0.5777651 0.51153153 0.60549724 0.6527559 0.6505927 0.64693975 0.61162806 0.626276 0.500361 0.42237064 0.22014654 0.23893765 0.2958441 0.3852377 0.34107322 0.34314698 0.51838404 0.6370259 0.6834534 0.635796 0.6120187
0.2404102 0.2303755 0.329338 0.3278744 0.28906614 0.23038234 0.1632448 0.3115808 0.22190148 0.26564956 0.23434883 0.28154048 0.23302771 0.20765083 0.19467896 0.24384399 0.23967057 0.18099836 0.065220736 0.1997821 0.49603617 0.41056728 0.28518194 0.2762492 0.20681562 0.19338787 0.21800238 0.3480516 0.16962808 0.34288794 0.3525967 0.42036244 0.42518014 0.50432986 0.480331 0.35522586 0.4549451 0.53141475 0.5942995 0.6346462 0.5204643 0.43205735 0.40951127 0.40873456 0.46951434 0.5596314 0.48720834 0.3503496 0.30131465 0.28574044 0.3325934 0.41002002 0.51473147 0.57452995 0.59847623 0.5670029 0.57533586 0.3880552
0.31879008 0.41508192 0.41868964 0.29741782 0.2847448 0.2749892 0.21169168 0.14689596 0.1917497 0.15868548 0.15185419 0.15776266 0.12292542 0.118378595 0.10490924 0.14558685 0.13320948 0.10358974 0.123355255 0.45221752 0.46783113 0.2985208 0.2281079 0.13084614 0.043600667 0.065048836 0.20902738 0.25474703 0.3063986 0.36011866 0.40128538 0.30015722 0.22453701 0.18747677 0.25923184 0.3816799 0.50812644 0.6085158 0.61827594 0.61673695 0.5726843 0.47141373 0.39021882 0.3302538 0.27384076 0.32082042 0.45551476 0.43688515 0.29984015 0.28545827 0.35703394 0.43313664 0.42074355 0.4063519 0.440094 0.40177548 0.2681547 0.116114475
0.35547248 0.3926333 0.64919806 0.85431504 0.33580133 0.4829368 0.16565478 0.13625474 0.0382052 0.050885275 0.093755916 0.08553892 0.15455604 0.088564955 0.073380165 0.17004421 0.27773604 0.33602947 0.5271316 0.75494 0.46390846 0.26904923 0.21078096 0.11466018 -0.02920248 -0.036694683 -0.02224969 -0.033849694 -0.1288666 0.08529303 -0.058553927 -0.18313918 0.07759724 0.28658783 0.38714585 0.50231683 0.5995685 0.6292001 0.6485444 0.63888323 0.52367526 0.47514397 0.34202293 0.35376152 0.27217707 0.233418 0.25329408 0.33041987 0.31608233 0.32662183 0.16583604 0.13674283 0.15766011 0.14972591 0.106851645 0.076000884 0.023458973 0.10774296
0.6760089 0.28657869 0.343747 0.59642184 0.54688895 0.3389135 0.26954576 0.22489469 0.24156208 0.19547567 0.19171867 0.23593411 0.28141633 0.21923566 0.112199694 0.24465941 0.50386256 0.82901716 0.9866034 0.6762279 0.43399355 0.30529892 0.26543224 0.19299217 0.15398346 0.08004311 0.15931787 -32767.0 -0.038585506 -0.10809123 -0.09935684 0.2436397 0.26702377 0.31278488 0.43907765 0.47086886 0.5087171 0.5041296 0.48576733 0.46719658 0.38462055 0.32105568 0.2477407 0.25726393 0.28092605 0.19291826 0.08668405 0.09842383 0.17204241 -0.07697398 -0.1552389 -0.200714 -0.16972548 -0.12918115 -0.11525543 -0.084952846 0.093138136 0.016176153
0.66381764 0.8032653 0.35922185 0.32380491 0.33516726 0.32567316 0.2122796 0.2858899 0.3007472 0.28820553 0.2841883 0.25013432 0.35037187 0.44529766 0.52023363 0.692086 0.9267583 0.9321605 0.7079886 0.48970175 0.36060795 0.38655686 0.3221163 0.20670775 0.3024017 0.2490838 0.04926107 -0.06888182 -0.17006633 0.14156838 0.366999 0.29771638 0.24560244 0.27799335 0.2990164 0.36503512 0.38140252 0.41068113 0.39452264 0.37938768 0.29925084 0.18305641 0.08540946 0.11309864 0.16924159 0.026525928 -0.11581017 -0.08031676 -0.19504458 -0.20430027 -0.3112175 -0.35272902 -0.35871124 -0.24867609 -0.0638173 0.22457029 0.26016158 0.015874881
0.4368613 0.42935792 0.3108207 0.28852645 0.22500186 0.18750517 0.2626465 0.2658768 0.26828638 0.19721135 0.07312023 0.11147591 0.22611472 0.3585651 0.51263016 0.7110346 0.76793313 0.6931092 0.47532094 0.3194034 0.37151742 0.36044678 0.1642712 0.066524915 0.1266057 0.17821139 -32767.0 -0.044692766 0.24841805 0.29554495 0.14743151 0.18009599 0.17438026 0.16868755 0.20124826 0.23800316 0.20488419 0.20444329 0.20936053 0.14543834 0.16768362 0.02681093 -0.112350576 -0.069005996 0.022920307 -0.20566225 -0.31167156 -0.37198955 -0.37819448 -0.26383156 -0.101484515 -0.122248836 -0.104049705 -0.018928628 0.0354269 0.10460705 0.087479934 -0.08840144
0.27907258 0.25856897 0.15876018 0.117001 0.12284949 0.21247937 0.2548848 0.20385872 0.23896778 0.15539716 0.049531505 0.081393175 0.08930919 0.31485015 0.41840017 0.526486 0.6007863 0.42177492 0.26268145 0.29764217 0.26535347 0.12064615 0.01322054 0.0015218349 0.0029810402 -0.0007723299 -0.090044774 0.27323982 0.2072821 0.061781496 0.110889874 0.08037127 0.11515111 0.08687926 0.12540227 0.06436442 0.015952682 -0.067268245 0.028594194 -0.019027509 -0.05647832 -0.1839708 -0.2795896 -0.1282329 -0.22830717 -0.45324406 -0.5199825 -0.38859448 -0.13572222 -0.17316152 -0.16707718 -0.17629041 -0.12571654 -0.081577614 -0.12778021 -0.0345805 -0.06161087 -0.12174499
0.2093645 0.32527092 0.3239874 0.21751006 0.23898879 0.14026521 0.0472979 0.125993 0.2013262 0.08690438 0.06230607 0.04100479 0.18351375 0.25291103 0.33242416 0.48806214 0.48126286 0.2804257 0.24093579 0.19473848 0.12593463 -0.022705344 0.015288983 0.059844393 0.104765005 0.037241463 0.15419988 0.09992011 0.019941766 0.01791828 0.007574267 0.04735269 0.054654837 -0.0040400443 0.004703009 -0.080443 -0.12633865 -0.20468523 -0.1328594 -0.22262165 -0.26108012 -0.40389442 -0.30078062 -0.3312123 -0.5562571 -0.6146831 -0.41172245 -0.1758489 -0.22706854 -0.21980299 -0.19346458 -0.107893914 0.013628576 0.043907132 -0.028402666 -0.073484935 -0.07953517 0.012676536
