static/data/seaWater_uo/2023/7/11/12.asc
ncols 137
nrows 93
xllcorner 108.0
yllcorner 17.0
cellsize 0.25
NODATA_value -32767
[rows 26 to 51 of 93, columns 58 to 115 of 137]
0.29288644 0.40857875 0.32330087 0.37942335 0.2889568 0.24505965 0.22211462 0.13860865 0.1455323 0.2411529 0.30387756 0.32242692 0.22371851 0.11619757 0.11858725 0.20199843 -32767.0 -32767.0 0.022989312 0.18405654 0.33320412 0.42873368 0.3578803 0.32376158 0.24750474 0.11655531 0.1034184 0.06260786 0.13649586 0.07695445 -0.024285425 -32767.0 -32767.0 -32767.0 -32767.0 -32767.0 -32767.0 0.11812661 0.072722845 0.034108628 -32767.0 -32767.0 -32767.0 -32767.0 -32767.0 -0.21667063 -32767.0 -0.15721236 0.12833254 0.5356402 0.46630666 0.39376637 0.12500791 -32767.0 0.2924388 0.020560775 -0.17710122 -0.2446319
0.33841068 0.4467156 0.2534545 0.35938713 0.37011862 0.29357797 0.27421817 0.139169 0.13221145 0.11791653 0.115853675 0.1008433 -0.047355033 -0.088514514 -0.030087544 -32767.0 -32767.0 0.0949375 0.1525852 0.20209116 0.16885117 0.17557088 0.22135632 0.18448274 0.11485638 0.031272803 0.028219417 0.021427339 -32767.0 -32767.0 -32767.0 -32767.0 -32767.0 -32767.0 -32767.0 -32767.0 -32767.0 -0.008330141 0.15182617 0.050918244 -32767.0 -32767.0 -32767.0 0.14853601 0.46760523 0.6981324 0.33768848 0.100444965 0.25505295 0.23789401 0.279322 0.23855878 0.21441883 0.23530181 -0.070013605 -0.12085441 -0.16285753 -0.15086897
0.29176348 0.20503254 0.23134784 0.11759896 0.012741742 0.110788845 0.14089864 0.16179077 0.10165866 0.06972967 0.037994288 -0.086326756 -0.16861598 -0.15781078 -0.0572624 0.025755303 0.13156718 0.17959228 0.1722673 0.032704465 -0.031696875 -0.017097816 -0.032965504 -0.041133564 -0.08402666 -0.07658041 -32767.0 0.023512278 0.008408283 -32767.0 -32767.0 0.09287138 -32767.0 -32767.0 -32767.0 -32767.0 -32767.0 -32767.0 0.30231932 0.24739146 -32767.0 -32767.0 0.049993355 0.4145237 0.37182137 0.42643738 0.3612315 0.2736361 0.1650091 0.15882784 0.1626918 0.038204536 0.12271561 0.008587444 -0.050001614 -0.035765108 -0.032105803 -0.012739511
0.33515468 0.26602927 0.23437779 0.20356005 0.11241397 0.0064668823 0.10019291 0.13958636 0.05985004 0.040820614 0.04486127 0.05702985 0.008402791 -0.022760466 -0.004889083 -0.054362442 -0.11425418 -0.17273906 -0.16118419 -0.09488098 0.08529235 0.07255491 0.10741422 0.08118371 -0.023102185 -32767.0 -0.038260203 0.06590193 0.074013695 -0.05448312 0.051609393 -32767.0 0.0025100478 -32767.0 -32767.0 -32767.0 -32767.0 -32767.0 0.030345855 0.64017725 0.63618165 0.26533666 0.13151236 0.29292333 0.23306595 0.13131806 0.19473118 0.16427965 0.19862399 0.22987244 0.31123844 0.30983028 0.17820933 0.06744859 0.023005849 0.052233398 0.15798984 0.18863684
0.3127228 0.2515955 0.2581229 0.12650889 0.18846723 0.15631762 0.16789714 0.21867482 0.279029 0.19791147 0.12997445 0.15426311 0.041008793 -0.036520988 -0.0137338005 -0.065220006 -0.10054078 0.026859604 -0.012014051 0.10782416 0.24831834 0.2668316 0.18903464 0.1852674 0.12454157 0.31680018 0.31074595 0.33905187 0.16865003 0.058476675 -0.0069626532 -0.065940954 0.07294591 -32767.0 -32767.0 -32767.0 -32767.0 0.15510662 0.72186285 0.53458804 0.4578938 0.46771994 0.45983166 0.2787922 0.2511162 0.1780077 0.3829134 0.63494176 0.7810355 0.79206663 0.7539783 0.6613836 0.6344118 0.46505868 0.3571147 0.25027552 0.24496931 0.24420847
0.09297859 0.17369254 0.12907372 0.051531624 0.08891477 0.16982852 0.21663201 0.1739328 0.16562074 0.15639862 0.11600239 0.16341412 0.12670678 0.09753512 0.14116879 0.05421879 0.0727891 0.12565883 0.25471064 0.27002233 0.1733025 0.10813004 0.12509343 0.1763828 0.2246421 0.26496607 0.24471234 0.20510907 0.26707426 0.17341168 -0.03923616 0.08578409 0.033055358 -32767.0 -32767.0 -32767.0 -32767.0 0.39475346 0.26332417 0.17392223 0.19298744 0.27145478 0.27922246 0.26792192 0.38891122 0.7045458 0.95684105 1.0889453 1.1298347 1.138678 1.0246861 1.0250897 0.83738154 0.75005347 0.49713588 0.33086228 0.25743926 0.23915678
-0.047164634 -0.005201662 0.049441345 0.082022965 0.11793362 0.12473455 0.2038561 0.31150797 0.22693047 0.054094367 0.08195988 0.1336884 0.26983535 0.32705566 0.29888535 0.16167371 0.114673235 0.19130807 0.12117519 0.03665419 -0.013696829 0.07554441 0.13812654 0.2564678 0.3490727 0.37407804 0.34190878 0.26902676 0.20493619 0.170322 0.086784475 -32767.0 -32767.0 -32767.0 -32767.0 -32767.0 0.10356449 0.08933436 0.03389346 0.15349528 0.457399 0.68342686 0.8613034 1.0656484 1.2526132 1.3088055 1.3077759 1.3077326 1.2895206 1.2316107 1.1112845 0.98516613 0.9137609 0.7348299 0.53126204 0.32518896 0.23602188 0.26789066
0.16948757 0.029067064 0.10571232 0.19546111 0.21561155 0.21594855 0.18076523 0.29625595 0.3025234 0.2838204 0.21943082 0.18841805 0.19837399 0.19200008 0.294664 0.33985436 0.23197374 0.13812596 0.032252867 -0.031014722 0.07576662 0.13453667 0.18560071 0.23909691 0.2464976 0.2946675 0.33148456 0.37190503 0.21830775 0.11924477 0.06604132 -32767.0 -32767.0 -32767.0 -32767.0 -32767.0 0.21142715 0.15969259 0.21241823 0.9036237 1.3072888 1.4228599 1.4148211 1.3634105 1.3753517 1.3457191 1.1926486 1.0818824 1.0802273 1.0825835 1.0501053 0.89764494 0.8246708 0.6494879 0.4630346 0.28891376 0.22323139 0.25773275
0.008022915 0.104516044 0.1979708 0.21989131 0.24056764 0.23111695 0.20061961 0.22199117 0.23509982 0.22700216 0.24897039 0.26696765 0.19516501 0.044609 0.1698122 0.2845813 0.19218579 0.16269049 0.11781756 0.10905483 0.13526247 0.20635614 0.19924581 0.1662126 0.14814456 0.16861275 0.16992079 0.2438348 0.19070293 0.1298583 0.18415272 0.1337305 -32767.0 0.008120616 -32767.0 -32767.0 0.25859603 0.29529727 0.96090394 1.013295 1.0094914 1.0343665 1.0332117 1.0251819 0.9342015 0.8404202 0.8247726 0.76548773 0.77048486 0.7743594 0.7499185 0.72326946 0.66984904 0.52343225 0.40643764 0.27139968 0.21410075 0.27686626
-0.052403804 0.06283907 0.077375166 0.07678147 0.15257184 0.20884939 0.28244287 0.22772586 0.18297079 0.20031607 0.22861375 0.22943206 0.25635672 0.08644207 0.06537754 0.18530041 0.16551158 0.13095655 0.14144538 0.13824569 0.21405232 0.21205908 0.18037255 0.08720885 0.15954947 0.103260264 0.056570068 0.071610846 0.1124954 0.10695688 0.13768327 0.25888205 0.20207137 0.11039941 -32767.0 0.16284701 0.67632115 0.95094895 0.68674964 0.63186276 0.50957114 0.5282236 0.5501882 0.5512822 0.5363849 0.51407605 0.473114 0.3795098 0.30121726 0.30633232 0.3547767 0.49443564 0.49473527 0.40085685 0.34052357 0.25335926 0.35035455 0.4342483
0.18362227 0.12369394 0.07431194 0.06276801 0.17587803 0.27038738 0.19410966 0.16181152 0.17585501 0.2780591 0.28031516 0.2203261 0.15876819 0.054688025 0.009949527 0.10350803 0.18940516 0.20721532 0.14087957 0.11192773 0.13656965 0.13742082 0.111401 0.11847278 0.12583342 0.008706756 -0.034003828 -0.030188603 0.057723515 0.30804467 0.3998596 0.40755266 0.47844848 -32767.0 1.12174 0.9067252 0.2996404 0.5316452 0.5607363 0.43491992 0.44792894 0.38035965 0.3088121 0.2854722 0.21687384 0.061931096 -0.035530657 -0.018132912 0.06865998 0.099878855 0.15219764 0.21590208 0.27748075 0.3288731 0.2896199 0.2610744 0.35085067 0.44324437
0.058179863 0.2253528 0.13178991 0.12026908 0.119903825 0.12533481 0.21200393 0.29068986 0.24325836 0.19147703 0.22915366 0.2123784 0.15154576 0.061559945 0.04930447 0.07723374 0.11793972 0.07214936 0.02108467 0.039549246 0.1312899 0.1384414 0.20875585 0.19039649 0.2531193 0.11005581 0.05574969 0.053082082 0.1519851 0.268859 0.43221742 0.5564061 0.6309801 0.69265574 0.3521621 0.04351172 0.49584672 0.4708433 0.48112318 0.37238708 0.26289138 0.17224924 0.13565074 0.07492782 -0.094184294 0.014607529 0.15842257 0.23148482 0.11313418 0.045840163 -0.060452312 -0.05369605 0.16379483 0.32740188 0.26845273 0.28642312 0.39788973 0.37608603
0.0133602815 0.009495304 0.0758574 0.06521822 0.063819535 0.15575707 0.1064904 0.108147256 0.1287059 0.0897479 0.07268872 0.1678494 0.20859782 0.1297512 0.1462432 0.1997393 0.20136721 0.19394512 0.1463058 0.12928724 0.13548513 0.20789424 0.31491375 0.3647191 0.3742583 0.4198929 0.35523784 0.19600278 0.23544464 0.1738504 0.4145999 -32767.0 0.16142014 0.08835373 -32767.0 0.4135309 0.41277507 0.37513828 0.40800464 0.26870754 0.13817677 0.021131216 0.023184413 -0.0411847 -0.03096781 0.009713497 0.059488453 0.097417526 0.16415535 0.20495261 0.26533473 -0.016157493 0.11805884 0.33742747 0.33736107 0.28114316 0.3583061 0.42411232
-32767.0 0.4306345 0.26282164 0.1442278 0.15618722 0.15668905 0.10810099 -0.021179982 0.07095295 0.061530575 -0.059448406 0.032193933 0.15168564 0.25454324 0.25533313 0.3081264 0.360825 0.30087844 0.2291157 0.21291064 0.17522992 0.34021497 0.37601158 0.48301628 0.57372725 0.58572936 0.58960366 0.40511236 0.20785116 0.181184 0.06506796 -0.23603445 -32767.0 0.24312107 0.44937712 0.43446213 0.33179408 0.33180797 0.34729952 0.1855623 0.13194196 -0.07424967 -0.08170946 0.005877738 -0.015101152 -0.07449639 -0.052968353 -0.1332529 -0.11285456 -0.02113337 0.14277387 0.15301324 0.08714277 0.38124654 0.44102478 0.3203373 0.33883223 0.58337665
0.33085632 0.36195114 0.25489846 0.081826255 -0.019115336 -0.016232153 -0.07657698 0.040763307 0.13621786 0.17678893 0.13165978 0.13194206 0.095862105 0.15621623 0.20685859 0.24016693 0.23708367 0.18076709 0.120254 0.1620223 0.31509262 0.36341742 0.57827073 0.7842952 0.8382367 0.82066673 0.72084343 0.6327122 0.375573 0.32684538 0.1617072 0.17072672 0.33624443 0.32687184 0.46652633 0.38374555 0.45533478 0.45709503 0.3496887 0.14564727 0.20671108 0.029984245 -0.08629752 0.01800007 0.00465946 -0.14423968 -0.19781934 -0.3052659 -0.32195503 -0.21016431 -0.0057355817 0.17892833 0.13189144 0.47608152 0.6044933 0.72483134 0.789871 0.89515805
0.23328722 0.20889553 -0.02877662 -0.0444287 0.09456186 0.10720116 0.13622245 0.12604168 0.14891508 0.12173967 0.19151501 0.17093833 0.19597007 0.29050243 0.30063358 0.18366241 0.0769135 0.014232286 0.02884871 0.16129187 0.2899335 0.54467297 0.6892924 0.76047564 0.81220883 0.80860174 0.8236004 0.7734864 0.7914356 0.87003815 0.87703246 0.78000695 0.7492485 0.5307753 0.61840695 0.7344525 0.49516428 0.37054276 0.21943893 0.13514164 0.20976816 0.22467487 0.051061884 -0.002106117 0.10274239 -0.13180195 -0.20218433 -0.2678234 -0.23918512 -0.21078649 -0.039495848 0.29410878 0.29801852 0.5432739 0.738499 0.9001841 0.9453972 0.8891707
0.22375455 0.19195703 0.006433921 -0.043384805 0.014069561 0.14295354 0.111347 0.19301084 0.18519098 0.19248034 0.1741987 0.13980831 0.13174574 0.16727051 0.18027113 0.11592539 0.029033795 -0.032426607 0.064237855 0.22579217 0.41386726 0.5564925 0.6047192 0.58985025 0.54651487 0.59071475 0.6395985 0.73847497 0.82443666 1.3463211 1.0467253 1.0342052 1.1447549 0.9150755 0.5285044 0.5359729 0.55928826 0.3475335 0.22542962 0.12297137 0.095735244 0.1214337 0.14245349 0.09796847 0.13938205 0.10746683 -0.19629078 -0.16916971 -0.06419498 -0.1200491 -0.1332774 -0.03035842 0.28731152 0.499073 0.805063 0.91690105 0.8777508 0.56727326
0.17317986 0.10913232 0.17361723 0.0973572 0.06651822 0.047388103 0.12074568 0.17295669 0.22388126 0.1605307 0.24845763 0.20669828 0.16971764 0.19521156 0.14682041 0.06766457 0.05137928 0.031247687 0.19165184 0.21642897 0.3796325 0.4406628 0.4585914 0.40397596 0.47578174 0.50735474 0.5238865 0.67464024 0.87290436 0.6943885 0.734735 0.956368 1.011548 1.004015 0.8352746 0.55697715 0.3949724 0.28451714 0.22498019 0.16765267 0.18904069 0.2016277 0.21983953 0.17606305 0.17155781 0.24704817 0.30912718 0.13841845 0.020402605 0.054717 0.14395556 -0.006889059 0.060677983 0.33344427 0.5937011 0.5954397 0.3663454 0.3055333
0.32959327 0.33032486 0.14564714 0.17394859 0.10558342 0.29916707 0.14054555 0.2944927 0.24855527 0.24969444 0.3119988 0.2615921 0.2146773 0.2181962 0.21618144 0.20945232 0.18392025 0.16417694 0.089044 0.27798936 0.25350097 0.3423325 0.31413966 0.28212756 0.29421532 0.20395589 0.19574718 0.38948378 0.18164553 0.3438166 0.42793214 0.3656155 0.33586514 0.26545963 0.3521049 0.16956109 0.15174311 0.14769775 0.21137424 0.23893377 0.23371708 0.20260401 0.19829333 0.22953884 0.25096893 0.2567473 0.26075193 0.21855547 0.11919137 0.035369854 0.10023485 0.20965809 0.27431983 0.30789828 0.36461368 0.35418546 0.28588027 0.2319862
0.3411799 0.41836333 0.66471964 0.44591594 0.18489505 0.14906892 0.16577443 0.1494431 0.18693207 0.27825716 0.25941437 0.2205172 0.23238692 0.15764599 0.22931539 0.15880692 0.12348654 0.06291849 0.23947492 0.32928884 0.35603485 0.36131722 0.2786894 0.16200522 0.06921811 0.08000917 0.13535254 0.18796007 0.27078104 0.28860945 0.31232163 0.27151862 0.21958746 0.05841613 0.0472381 0.10737539 0.1874579 0.27588642 0.34598613 0.3931685 0.41230446 0.35992116 0.24339864 0.13675924 0.15895905 0.24494869 0.20886269 0.16051586 0.04996072 -0.013979853 -0.03670848 0.005385758 0.084870525 0.1801083 0.21878436 0.1418425 0.04780864 -0.08545012
0.46986142 0.28620595 0.32496288 0.7100192 0.6132597 0.38113657 0.25751632 0.12505017 0.03855956 0.111430906 0.16889007 0.21172081 0.116554655 0.13455883 0.304753 0.19915688 0.16785003 0.2551207 0.5416595 0.5755931 0.61620957 0.44162557 0.2813769 0.15137234 -0.07708869 -0.16055472 -0.10824833 -0.029879438 -0.13950814 0.08939376 -0.09341308 -0.28585225 -0.13891234 0.031536214 0.1434971 0.18385525 0.3362641 0.53811437 0.6024966 0.58334714 0.5435258 0.5024557 0.41325513 0.19670066 0.06594815 0.13139315 0.23839314 0.13642484 0.011710846 -0.07570395 -0.08625439 -0.082806125 -0.08060915 -0.08561572 -0.08901746 -0.19257452 -0.25521368 -0.009685387
0.59207284 0.906871 0.30932912 0.42468187 0.6320403 0.3518432 0.33124483 0.17630424 0.18752094 0.19014321 0.26623875 0.26441884 0.15357691 0.20182641 0.16643679 0.26361546 0.43421414 0.6615477 0.7482763 0.8199026 0.6894204 0.4335606 0.2774961 0.20172624 0.07021202 -0.15841356 -0.10873842 -32767.0 -0.07500401 -0.18395957 -0.15285453 0.079000205 0.10707913 0.14497964 0.2484275 0.44042212 0.5493012 0.50240177 0.4482616 0.351909 0.34566763 0.3687924 0.41008013 0.26248148 0.07455882 0.046731677 0.15390323 0.037265364 -0.17123263 -0.21287397 -0.26919836 -0.23674758 -0.30586803 -0.34422418 -0.3671593 -0.30870003 -0.16938998 -0.046673417
0.3994028 0.61920196 0.4729052 0.4219545 0.32802632 0.412815 0.28269878 0.19723484 0.20116018 0.2716038 0.33221263 0.3535539 0.34539953 0.34210944 0.31389445 0.46609327 0.6743792 0.79395896 0.8431014 0.7741751 0.5260254 0.32931575 0.30842036 0.21548422 0.14328079 0.020053389 -0.024202047 -0.01941584 -0.2898263 -0.02620435 0.11796002 0.19501285 0.16909719 0.2853329 0.41959137 0.44044256 0.35512552 0.27778527 0.27539107 0.2319616 0.18793966 0.21608253 0.23098972 0.17675091 0.0113739185 0.022260275 -0.016172715 -0.23063537 -0.37174824 -0.4587358 -0.35723382 -0.33329883 -0.37290737 -0.34889904 -0.2194731 0.00951529 0.073729895 -0.03883633
0.35125226 0.33092472 0.30509743 0.2995272 0.28826544 0.24262762 0.30119672 0.2456585 0.18587008 0.2151737 0.25636628 0.2955287 0.335155 0.3519836 0.36497766 0.5385855 0.6040126 0.6633048 0.694563 0.47720832 0.35936347 0.3275219 0.22437423 0.06057785 0.008232303 0.0017671513 -32767.0 -0.23929402 -0.010276877 0.15953411 0.09068605 0.14013319 0.22715813 0.2976385 0.3106094 0.21720499 0.18089354 0.14435689 0.13333455 0.109084845 0.022154985 0.086789325 0.05068563 0.028603343 -0.10936909 -0.106835485 -0.33609128 -0.5013377 -0.599011 -0.43104413 -0.3720078 -0.17314817 -0.0389566 0.041096125 0.18334047 0.18681116 0.12707698 0.030528933
0.1709878 0.25494483 0.1653676 0.19020961 0.19913256 0.27880454 0.36820272 0.26429826 0.2279627 0.18712866 0.21165526 0.23671666 0.114502415 0.1787316 0.28712678 0.24503921 0.43047988 0.5667412 0.43996766 0.34019032 0.29967892 0.14200112 0.022878947 -0.08990207 -0.17359222 -0.122957006 -0.26187673 -0.009806349 0.13516293 0.025450919 0.08987494 0.20228826 0.17303318 0.16891 0.12848702 0.08175351 0.04435722 0.019081129 -0.047414456 -0.0984971 -0.14213197 -0.07691383 -0.10574091 -0.19309627 -0.1496742 -0.32952815 -0.5145819 -0.58199316 -0.33740684 -0.16510662 -0.18300267 -0.09517404 -0.016262874 0.030060494 0.1900271 0.11400385 -0.009133518 -0.09321105
0.25702366 0.30476275 0.37482706 0.24829894 0.23527701 0.22389314 0.1733771 0.19271949 0.24288477 0.110133536 0.13449445 0.061213285 -0.017642645 0.099546514 0.042777177 0.26119956 0.41612563 0.49682543 0.33396885 0.2798717 0.14070994 0.050960667 0.026712935 0.023233067 0.044874318 -0.17384382 -0.028561233 0.104236245 0.041440908 0.013845253 0.097418584 0.13023509 0.036506433 0.06475944 0.03467008 -0.007700902 -0.0396432 -0.13686939 -0.37731397 -0.28624734 -0.2815104 -0.29296613 -0.30539852 -0.26261982 -0.40496096 -0.5650508 -0.6302009 -0.37416425 -0.23896232 -0.17621744 -0.06549733 -0.03609105 0.11922694 0.28628516 0.24679786 0.026692957 -0.25813773 -0.29219708
