static/data/seaWater_uo/2023/7/29/12.asc
ncols 137
nrows 93
xllcorner 108.0
yllcorner 17.0
cellsize 0.25
NODATA_value -32767
[rows 52 to 77 of 93, columns 58 to 115 of 137]
-0.009723529 0.010663486 0.07037705 -0.064818084 -0.07781636 -0.09978509 0.01884411 -0.029907279 -0.102311544 -0.09785209 -0.029926548 0.020959629 0.06928715 0.22533476 0.31868374 0.21598306 0.16677853 0.1955949 0.09440316 -0.040081043 -0.03099067 0.0014944293 -0.05366116 0.056932613 -0.026666557 -0.12300332 -0.09778547 -0.050806552 -0.054014757 -0.17020845 -0.26972252 -0.3014174 -0.34702805 -0.3581496 -0.38626903 -0.4532825 -0.49208173 -0.56283045 -0.51312906 -0.3748908 -0.43175134 -0.41026458 -0.28559664 -0.28485328 -0.23264666 -0.18678188 -0.18000229 -0.2829575 -0.26982975 -0.04138246 0.040147033 -0.03299329 -0.06255896 -0.03631558 -0.009399382 -0.06357776 -0.012241355 0.0023535374
0.13652486 0.071949534 0.138721 0.15555209 0.074907035 -0.047047004 -0.13507843 -0.06537842 -0.16704826 -0.2153633 -0.18113771 0.0056702117 0.23123099 0.37752613 0.2942924 0.21809489 0.2929036 0.26351425 0.16697071 0.07419033 0.08010042 0.025706364 0.01100133 -32767.0 0.13617909 -0.076533996 -0.08077249 -0.058154512 -0.14694934 -0.24631558 -0.32876545 -0.405673 -0.45525536 -0.49219224 -0.5606816 -0.6120012 -0.6369707 -0.5512726 -0.45571434 -0.4817748 -0.47067276 -0.3156647 -0.30042344 -0.20228702 -0.14735936 -0.102430485 -0.15734671 -0.24311948 -0.29823563 -0.20876978 0.08584268 0.19351017 0.034954265 0.0244825 0.049403153 0.0139780035 -0.092235014 -0.01611866
0.20381738 0.039404333 0.016661987 0.11124168 0.11601902 0.08044608 0.055396006 0.011086303 -0.026787186 0.010256851 0.16813448 0.4180255 0.5661031 0.52533925 0.30445242 0.33900422 0.30534753 0.2567783 0.10493854 0.09399349 0.0505148 -0.030446779 -0.013416911 -0.07628575 0.029634086 0.14026162 0.072049625 -0.06600191 -0.2085113 -0.28456393 -0.38060585 -0.45410928 -0.52192885 -0.55851644 -0.6296729 -0.62361926 -0.5379318 -0.5140067 -0.56448483 -0.5359681 -0.37486026 -0.29500067 -0.25397003 -0.19258338 -0.13055614 -0.058171522 -0.056160763 -0.218552 -0.26302165 -0.2605376 -0.12132536 0.18831185 0.32730055 0.12466533 0.061597627 0.023572138 -0.049622722 0.029252393
0.13480318 0.4235578 0.6731482 0.7674729 0.8744536 0.822293 0.74376684 0.59050083 0.36051923 0.41852486 0.5770957 0.7278537 0.7109949 0.504852 0.4560515 0.42405307 0.26952603 0.12225977 -0.018412491 0.08923534 0.011059579 -32767.0 -0.089461215 0.095559046 0.09731432 0.10993623 0.031851042 -0.09996368 -0.21658735 -0.2876279 -0.3853843 -0.4378903 -0.4943718 -0.5197382 -0.5097293 -0.4956007 -0.5118972 -0.5983355 -0.58547413 -0.44099516 -0.3951932 -0.4078077 -0.39099628 -0.41039056 -0.3043949 -0.15714379 -0.14862974 -0.23502874 -0.24542068 -0.2124803 -0.19901751 -0.04609743 0.22811668 0.17889248 0.08350641 0.021330325 -0.007612436 -0.019757228
0.4482493 0.75656086 0.8609101 0.66928947 0.76556975 0.77685106 0.91042006 1.0342501 0.9777516 0.9907383 0.96021473 0.81335336 0.56393605 0.5210162 0.47648937 0.37082106 0.33219442 0.3018201 0.1240558 -0.04234361 0.008835335 0.20012978 0.1948769 0.16490178 0.2233816 0.24677972 0.17292501 -0.025701413 -0.20638804 -0.27266324 -0.33691385 -0.38958472 -0.418221 -0.44364387 -0.43460834 -0.4668624 -0.544613 -0.53931165 -0.43552157 -0.43603376 -0.37057135 -0.30210412 -0.36198068 -0.41825354 -0.36591086 -0.29825222 -0.24569494 -0.28724185 -0.27068192 -0.1997282 -0.20254597 -0.18114743 0.00926779 0.06688883 0.020637857 -0.033918615 0.01813396 0.008717265
0.31511045 0.4887995 0.42950055 0.359642 0.37416264 0.4273779 0.7187502 0.8583773 0.8727626 0.80011564 0.61819524 0.47206554 0.5355454 0.4520323 0.2804444 0.25958484 0.2520509 0.18555945 0.06968755 0.08219703 0.08419047 0.07583055 0.09717521 0.20588826 0.29446787 0.3367333 0.22454856 0.06065912 -0.16688359 -0.2714438 -0.29154205 -0.30248985 -0.37142187 -0.3656497 -0.38293824 -0.40893534 -0.42573008 -0.37273026 -0.38226217 -0.3672345 -0.29012242 -0.23589055 -0.2220597 -0.35167387 -0.3572985 -0.31296065 -0.25978795 -0.23226286 -0.23091555 -0.22837657 -0.2278123 -0.25360063 -0.15064737 0.013149571 0.05275122 0.003356877 0.028382087 0.09976344
0.04580266 0.27087253 0.28030664 0.35597256 0.4547076 0.4358019 0.30621812 0.21826895 0.19981514 0.16618532 0.33975682 0.4579928 0.34859735 0.14095056 0.11343555 0.11453728 0.12779614 0.18007903 0.18090323 0.29862472 0.20981342 0.18260884 0.2801006 0.27920243 0.33038816 0.30839232 0.117931224 -0.048359472 -0.1867198 -0.25743374 -0.25206777 -0.25740853 -0.28254357 -0.29093522 -0.3075993 -0.2978406 -0.26989892 -0.21626191 -0.24140753 -0.2555449 -0.23288353 -0.1666206 -0.19875488 -0.2745369 -0.31809303 -0.28664428 -0.22521806 -0.1638158 -0.13690151 -0.17512314 -0.16244702 -0.2658774 -0.27125546 -0.0962787 0.1322151 0.14584866 0.08317224 0.17737877
0.22347008 0.27339184 0.2626734 0.26504737 0.3339242 0.2404553 0.038078908 0.046029832 0.10061352 0.18722528 0.24827507 0.20865853 -0.074471675 -0.012882132 0.10371869 0.11812416 0.16499294 0.20222406 0.26611635 0.27921444 0.28447467 0.41935378 0.35069373 0.18990959 0.01980517 -0.101830676 -0.20716473 -0.2720281 -0.17940298 -0.20150432 -0.22993235 -0.25853258 -0.20801908 -0.23780496 -0.21909367 -0.18957834 -0.14131026 -0.09343285 -0.070595145 -0.072856896 -0.051332787 -0.034698732 -0.1363176 -0.18047628 -0.22326879 -0.21626532 -0.16232483 -0.11567152 -0.090111285 -0.08344273 -0.14686324 -0.18757221 -0.33218923 -0.33641312 -0.069201164 0.1707872 0.29610136 0.2890791
0.63170505 0.3364721 0.28846157 0.16145226 0.11061901 0.24706796 0.30693763 0.25592422 0.16398828 0.20177929 0.120943226 0.03376568 0.06157526 0.10621891 0.19778362 0.26288813 0.25627652 0.19404037 0.22664358 0.30453804 0.4177731 0.30094618 0.13806249 0.006970811 -0.17150551 -0.31765324 -0.41421586 -0.2883568 -0.101607166 -0.11863521 -0.17428952 -0.24973331 -0.22319195 -0.18530633 -0.17985205 -0.1249114 -0.045839556 -0.014106311 0.03790919 0.10680809 0.12840113 0.14400515 0.006653623 -0.051167 -0.11116816 -0.1304448 -0.08050557 -0.054038085 -0.06586375 -0.090058096 -0.12928621 -0.08219557 -0.1158095 -0.2110897 -0.20451054 -0.06763892 -0.012620019 -0.026402576
0.65110075 0.34380096 0.31676656 0.13860494 0.24228373 0.3701071 0.3480753 0.22538927 0.13399616 0.19192804 0.09205103 0.081125796 0.23936455 0.23758455 0.1899494 0.1488541 0.21904485 0.24341442 0.22197814 0.2929419 0.15577027 0.0020282734 -0.051973395 -0.12171846 -0.23857094 -0.3990065 -0.35697508 -0.12529291 -0.06814231 -0.1248747 -0.18823124 -0.2418979 -0.27966172 -0.19364494 -0.17903022 -0.12721573 -0.0072490075 0.029094009 0.06958355 0.14953299 0.19040711 0.19154783 0.1343954 0.12485584 0.123313606 0.079471104 0.093579054 0.09457871 0.03180354 -0.067977235 -0.104378715 -0.07448294 -0.019123113 -0.057920907 -0.09781253 -0.08206456 -0.1447161 -0.1460657
0.49467066 0.309568 0.22724786 0.34869185 0.24320121 0.05425395 -0.04229603 0.09645213 0.23191386 0.27722505 0.19761479 0.18377146 0.22851667 0.22121656 0.1726833 0.065278925 0.0593901 0.08971104 0.15141489 0.025199484 -0.13280442 -0.19595394 -0.21913281 -0.31689548 -0.4182002 -0.38410902 -0.15436865 -0.11969871 -0.1583741 -0.19078371 -0.1896328 -0.18347816 -0.26836723 -0.2631284 -0.14631353 -0.078349724 0.028073166 0.13282068 0.15337788 0.15064116 0.18326513 0.20515235 0.27139142 0.32994798 0.37579778 0.46061516 0.4305554 0.35842368 0.21684349 0.024491401 -0.03934796 -0.034088586 -0.103545256 -0.046414007 -0.031355467 -0.07150948 -0.1682528 -0.20962496
0.32381403 0.40195623 0.42413276 0.3915519 0.21010737 0.06955954 0.21162105 0.45192838 0.42940703 0.3320172 0.29318687 0.26127216 0.2569872 0.25126967 0.25107476 0.16132325 0.11597804 0.06157642 -0.040304795 -0.18082988 -0.24459474 -0.27935377 -0.3655799 -0.4778881 -0.40926126 -0.19386001 -0.20048812 -0.21231402 -0.22366972 -0.19847475 -0.15507744 -0.12319492 -0.040489804 0.003308732 -0.047256865 -0.023344923 0.08890386 0.20925266 0.2557266 0.2790397 0.33843002 0.37072456 0.43309578 0.57359296 0.5831796 0.49563813 0.36550054 0.23434077 0.19560638 0.043974943 -0.05558092 -0.07357567 -0.11522177 -0.035526402 -0.088747285 -0.1644688 -0.20094761 -0.26756844
0.29140252 0.29972208 0.34205076 0.30262238 0.23027258 0.2960835 0.32681566 0.34945008 0.30832124 0.27312765 0.27776995 0.27953422 0.26872602 0.26243097 0.20041537 0.13261683 0.08764685 -0.025021615 -0.15077424 -0.22202967 -0.2633344 -0.36631054 -0.43100587 -0.3369053 -0.26562044 -0.28000242 -0.28020653 -0.27095717 -0.25896016 -0.26241 -0.25307432 -0.16590068 -0.06660685 0.0055535915 0.11930957 0.20297453 0.30030236 0.37065735 0.4519056 0.5167731 0.5273581 0.56166685 0.5151354 0.37656924 0.2753228 0.23314929 0.10796547 0.035988204 0.086069755 -0.016923027 -0.1081907 -0.1277732 -0.06219757 -0.07726602 -0.17139636 -0.19606997 -0.254726 -0.3007648
0.2814148 0.19513948 0.14663815 0.12629709 0.102223404 0.06596425 0.034022544 0.09321475 0.13327828 0.18805169 0.23797306 0.23291351 0.22874133 0.16179243 0.07357509 0.11746702 0.039381508 -0.08873367 -0.1600833 -0.21957634 -0.30719602 -0.30032095 -0.24371144 -0.25520754 -0.28516817 -0.28116998 -0.22330749 -0.2132756 -0.21391605 -0.17300965 -0.17580418 -0.24495155 -0.25274625 -0.21441257 -0.1116245 -0.020457648 0.11667379 0.2097694 0.28374997 0.36929497 0.34099218 0.21062666 0.09542854 0.19652732 0.20295916 0.25203 0.26008326 0.13413496 0.007468393 0.0072251265 -0.17138782 -0.14845158 -0.061047137 -0.12594643 -0.22550118 -0.24234794 -0.3392067 -0.3006113
0.292417 0.11267165 0.039026424 -0.07290535 -0.15003772 -0.18549061 -0.19577694 -0.1060997 0.047222856 0.15054609 0.1991564 0.17755975 0.15090246 0.06118701 0.06171494 0.047436673 -0.073484756 -0.15165462 -0.18547289 -0.2480295 -0.28652215 -0.2975071 -0.31237528 -0.2746008 -0.23140147 -0.13096283 -0.024391722 0.017401503 -0.028840283 -0.10188947 -0.1589769 -0.13513048 -0.19673793 -0.22709559 -0.20197827 -0.15758692 -0.074743845 0.028001152 -0.009355391 -0.16363291 -0.19348812 -0.13640712 -0.10271133 -0.06294415 -0.05290186 0.025475603 0.1360837 0.20995846 0.16718991 0.12278225 0.081444204 -0.08360446 -0.053227402 -0.11180476 -0.23170424 -0.31218737 -0.34359723 -0.28801283
0.29813856 0.10478369 0.060552474 0.005486789 -0.15210521 -0.19538277 -0.18209459 -0.13750608 -0.06817381 0.059908934 0.07421213 0.08908862 0.04909316 -0.046870377 -0.008428667 -0.10046875 -0.15045579 -0.18320549 -0.25315994 -0.3415186 -0.32515252 -0.2482299 -0.16497229 -0.11954815 -0.09478571 -0.059345003 0.0013408586 0.08731373 0.11687892 0.07646694 -0.05605846 -0.09963567 -0.13097909 -0.14738916 -0.121647574 -0.09116266 -0.13163835 -0.11567526 -0.115457974 -0.2031749 -0.21809718 -0.27821928 -0.34780264 -0.30473202 -0.19228841 -0.1188201 -0.00717416 0.16546309 0.2822134 0.33480248 0.27828583 0.16139802 0.0063471063 -0.10028776 -0.23983505 -0.3978434 -0.26297262 -0.27843428
0.15565152 0.0741019 0.11077096 0.24195449 0.32843208 0.27959073 0.13175446 0.07774379 0.018693244 0.006093594 -0.0036903105 -0.046628784 -0.0873612 -0.10736563 -0.15378271 -0.21837413 -0.19562423 -0.25878122 -0.36616698 -0.32017088 -0.28606072 -0.27100313 -0.21819597 -0.11401783 -0.04838601 -0.061605386 -0.018936219 0.028361252 0.09331202 0.12636277 0.087552875 -0.025902327 -0.00044552644 -0.029032925 -0.037424006 -0.040770575 -0.10394929 -0.16615003 -0.122320525 -0.14649291 -0.17349556 -0.23642872 -0.34529772 -0.37346134 -0.2574485 -0.15679666 -0.0343245 0.18242337 0.30111924 0.3362795 0.34709102 0.24215403 0.031487454 -0.11511629 -0.29318488 -0.3303619 -0.25314415 -0.24835697
0.014766628 -0.058647946 0.13516378 0.2702988 0.34981686 0.35950375 0.2962674 0.22751227 0.16286732 0.041427787 -0.01180621 -0.14669676 -0.17588355 -0.13564932 -0.21989429 -0.268221 -0.25263688 -0.29109126 -0.33399335 -0.4019117 -0.44246542 -0.4189868 -0.364964 -0.25584385 -0.1461847 -0.11996965 -0.11592063 -0.07109348 0.0021230949 0.042586833 0.03972999 0.022812257 0.0055227387 0.06026341 0.0148110995 -0.039098743 -0.06723322 -0.17049284 -0.13397145 -0.08527886 -0.057540026 -0.03975787 -0.07616703 -0.14502087 -0.16316709 -0.123520754 -0.08981325 0.011912248 0.07341864 0.15555447 0.14508201 0.07208315 -0.07240423 -0.15047394 -0.30824023 -0.22653008 -0.25777104 -0.22318506
-0.057191066 0.10916422 0.17186706 0.26809308 0.26269844 0.2456036 0.23249726 0.24516186 0.41219145 0.15890242 -0.050141357 -0.16623172 -0.18600906 -0.15590382 -0.21239582 -0.24354573 -0.2735342 -0.26019022 -0.29003465 -0.31591856 -0.31200173 -0.22017336 -0.15525542 -0.18559177 -0.15830557 -0.1383288 -0.17195605 -0.12478169 -0.050173912 -0.045799073 -0.008311285 -0.0350197 -0.06696581 0.02196865 -0.03881099 -0.0564976 -0.09315386 -0.17528172 -0.18115522 -0.114651896 -0.035283186 -0.03573765 -0.034550536 0.04967883 -0.023579765 -0.10533167 -0.105240345 -0.075064994 -0.059147485 -0.012852832 -0.07378411 -0.14851433 -0.17431647 -0.19830485 -0.25634634 -0.17974643 -0.22696291 -0.21413328
0.5491722 0.6611546 0.45833102 0.2941972 0.17386658 0.19078374 0.19342926 0.23502734 0.18072039 -0.11835406 -0.14795586 -0.185875 -0.17367962 -0.18170588 -0.217422 -0.2189672 -0.22719681 -0.18029864 -0.14107074 -0.06456245 0.056595422 0.13368784 0.12241292 0.056614943 0.008245997 -0.081161045 -0.14577141 -0.14498349 -0.014500958 -0.002774538 -0.035013955 -0.08178881 -0.048582226 0.010297721 -0.11409848 -0.070426755 -0.05343277 -0.1150311 -0.15409315 -0.17707075 -0.17318495 -0.08270604 0.04730579 0.15018865 0.024916142 -0.09650475 -0.12294429 -0.14329857 -0.14883456 -0.12736486 -0.19599383 -0.21193318 -0.15287513 -0.16573843 -0.18005998 -0.13020547 -0.11653233 -0.16535328
0.21569851 0.18330096 0.22052786 0.15893157 0.1565126 0.17391115 0.122220725 -0.061545983 -0.15849955 -0.19342276 -0.15246898 -0.19050741 -0.18283442 -0.23577307 -0.23891994 -0.19353351 -0.14585654 -0.08193937 -0.014939866 0.16656993 0.31410077 0.3313303 0.35880834 0.25888112 0.13616344 0.11708534 0.15396939 0.13766885 0.1736581 0.17014611 0.033121858 -0.019068092 -0.019161956 -0.035190698 -0.06549127 -0.029560791 0.033117894 0.0008779748 -0.03686126 -0.05760391 -0.139388 -0.07507936 0.06536386 0.11947785 -0.03201478 -0.09459013 -0.16486342 -0.19067447 -0.22222164 -0.21255197 -0.20927201 -0.14756964 -0.10548843 -0.12708108 -0.15839148 -0.09819131 -0.026685923 -0.023087598
-0.10762498 -0.15686764 0.07195631 0.19327544 0.2125409 0.16446716 0.075455494 -0.1954743 -0.10941464 -0.114389226 -0.14545394 -0.20671608 -0.22077647 -0.30479413 -0.32320407 -0.21126352 -0.10449541 0.042731497 0.15367489 0.2656437 0.3918724 0.44334596 0.47062838 0.40191036 0.40830478 0.46356076 0.585402 0.5905682 0.4545591 0.29818845 0.11585914 0.012704165 -0.072865725 -0.14812098 -0.09300372 -0.015562352 0.06104859 0.11584945 0.063217714 0.024622971 -0.034832634 -0.06100262 0.011660312 0.007214039 -0.10901752 -0.15850219 -0.23281091 -0.2690243 -0.27798486 -0.27580354 -0.23071676 -0.13813452 -0.09337432 -0.15469205 -0.1718808 -0.063247934 -0.059620593 -0.030658577
-0.1257388 0.0815653 0.22182064 0.248756 0.2252466 0.17363964 0.05139517 -0.007305258 -0.054619707 -0.110792786 -0.1594478 -0.21215555 -0.24952678 -0.33101514 -0.36781454 -0.3075281 -0.20941603 -0.05412322 0.15217684 0.36186117 0.5387229 0.6558418 0.71564806 0.724615 0.751895 0.73214316 0.6625055 0.50663763 0.27764818 0.23668553 0.12520476 0.008935555 -0.1872051 -0.18537654 -0.124829635 -0.018053 0.056592584 0.096828215 0.082678206 0.03737662 0.0020540669 -0.07668301 -0.094478734 -0.111617 -0.16965477 -0.19183673 -0.30063167 -0.409128 -0.37634188 -0.35666543 -0.30609217 -0.2323384 -0.25178358 -0.29156366 -0.10029324 -0.03726603 0.02207976 0.16242267
0.17444363 0.24317141 0.23941652 0.16791964 0.048401613 -0.0394837 -0.09991389 -0.07712453 -0.079898216 -0.1463694 -0.20152602 -0.21620461 -0.23102131 -0.24395742 -0.19000329 -0.03161872 0.18839583 0.4015168 0.5125863 0.54735017 0.54633224 0.5470926 0.48468173 0.3920169 0.30918536 0.28118107 0.28788415 0.2642247 0.23201767 0.17918131 0.13155608 0.049284678 -0.04612819 0.011732951 0.03673742 0.07070477 0.05346173 0.079418086 0.036775384 0.028529648 -0.010761221 -0.062413502 -0.14051515 -0.16996194 -0.16955456 -0.1651969 -0.31544492 -0.5252839 -0.55116665 -0.52410257 -0.50104386 -0.5094799 -0.44323683 -0.15262252 0.019400103 0.1093031 0.33746964 0.4913864
0.3044271 0.13876012 0.06014578 -0.11396044 -0.18887453 -0.21203023 -0.15339197 -0.09287991 -0.13432528 -0.21781172 -0.2568405 -0.22593503 -0.25627849 -0.14205864 0.071184695 0.23205891 0.26661158 0.27755278 0.29843506 0.21920782 0.09952717 0.08569821 0.13179564 0.11853762 0.14792967 0.14187032 0.1051768 0.069200605 0.106317036 0.11425072 0.17051701 0.21913835 0.2554213 0.23162055 0.15125975 0.072137974 0.009406518 0.008977899 -0.008735513 -0.018436918 -0.030957669 -0.019931283 -0.1309174 -0.16092311 -0.2244428 -0.26534328 -0.22567584 -0.3839343 -0.5133038 -0.5392103 -0.5384419 -0.41390473 -0.16516155 -0.031050654 0.16691272 0.3188111 0.31837124 0.3073079
0.040043958 -0.112495966 -0.25115952 -0.38917837 -0.42604163 -0.41888526 -0.35757527 -0.29700288 -0.28182736 -0.29317686 -0.27458438 -0.21729559 -0.20811413 -0.0316042 0.07172074 0.09167797 0.14475805 0.08310314 -0.059369832 -0.06498948 0.019107928 0.031507548 0.055361595 0.03587075 0.045856632 0.033595596 -0.0011617725 0.009773317 -0.07754988 0.010640407 0.18384534 0.3034395 0.308926 0.23045379 0.13604464 0.062331934 -0.023786293 -0.0786705 -0.092111506 -0.100786634 -0.049751066 0.0024044572 -0.09462218 -0.1454483 -0.15856288 -0.3253029 -0.28668198 -0.1706159 -0.24026749 -0.30570477 -0.28105313 -0.24088259 -0.087132916 0.16214095 0.17927884 0.12349014 0.10907783 0.22521077
