static/data/seaWater_uo/2023/7/29/6.asc
ncols 137
nrows 93
xllcorner 108.0
yllcorner 17.0
cellsize 0.25
NODATA_value -32767
[rows 0 to 24 of 93, columns 58 to 115 of 137]
-32767.0 -32767.0 -32767.0 -32767.0 -32767.0 -32767.0 -32767.0 -32767.0 -32767.0 -32767.0 -32767.0 -32767.0 -32767.0 -32767.0 -32767.0 -32767.0 -32767.0 -32767.0 -32767.0 -32767.0 -32767.0 -32767.0 0.075281255 0.07916163 -0.057453237 -0.094149195 0.09507546 0.17511272 0.15526037 0.18119833 0.2696075 0.22749762 0.18778573 0.12684216 0.1233325 0.16839142 0.11255946 -0.116712205 -0.0018854225 0.0656213 -0.0055877687 -0.015084961 -0.08042441 0.16325027 0.18333858 0.2307141 0.09733781 -0.02800348 0.087738216 0.17093036 0.26412606 0.28872666 0.4176868 0.58876497 0.6531621 0.71242785 0.6282827 0.45044187
-32767.0 -32767.0 -32767.0 0.015568336 -0.029187536 0.026188523 0.010859101 -0.013071366 -0.012638081 -0.0007943302 -32767.0 -32767.0 -32767.0 -32767.0 -32767.0 -32767.0 -32767.0 -32767.0 -32767.0 -32767.0 -32767.0 0.24349396 0.358105 0.1190752 0.09304237 0.30550444 0.15300089 -0.24225426 -0.1913258 0.008551847 0.23041138 0.34437266 0.40676525 0.36136064 0.3103743 0.18996334 0.11476016 0.0015460216 0.014338166 0.05882448 -0.00960006 0.045654725 0.15756339 0.20049283 0.16481225 0.12768252 -0.06512409 0.064475074 0.14053398 0.10312607 0.110664755 0.13847193 0.18779564 0.2571987 0.21451835 0.26137015 0.2132177 0.16044134
-32767.0 0.015880166 -32767.0 0.028919373 -0.037901018 -0.04052594 -0.052421145 -0.013022039 -0.02753308 -0.028316742 -0.007464335 0.10739563 -32767.0 -32767.0 -32767.0 -32767.0 -32767.0 -32767.0 -32767.0 -32767.0 -32767.0 0.18712848 0.08606385 0.0919414 0.1093322 0.06661451 -0.013211774 0.04611774 0.17349598 0.23403405 0.30845338 0.46271068 0.5111392 0.33005023 0.19299874 0.14917932 0.08761597 0.09930525 0.07476131 0.052174956 0.14978795 0.33594123 0.34255496 0.30035654 0.19737591 0.110839576 0.04351381 0.15618081 -0.024143137 -0.23856741 -0.32340607 -0.24621421 -0.09014619 0.016544782 -0.049562078 -0.12114021 -0.17537355 -0.032896742
0.03684608 -32767.0 -0.068787545 -0.14269875 -0.12811622 -0.09670516 -0.04071529 -0.018096913 0.042100586 0.035267837 0.039308406 0.03902081 -32767.0 -32767.0 -32767.0 -32767.0 -32767.0 -32767.0 -32767.0 -32767.0 -0.0297332 -0.22512837 -0.16492905 -0.124353565 -0.015575306 0.014754314 0.08914834 -0.03624351 -0.011436703 0.25535133 0.42603242 0.3491263 0.24285941 0.1708655 0.036731344 0.079816096 -0.13689248 -0.037432034 0.06650409 0.17604017 0.4258397 0.53108054 0.49042043 0.3807377 0.19401091 0.10462387 0.0579566 -0.028095579 -0.089627884 -0.161568 -0.048355266 -0.10185462 -0.09110808 -0.022930287 -0.13610749 -0.10135366 -0.050105274 -0.1832423
-0.006295995 -32767.0 -0.0062332596 -0.040173084 0.014208415 0.041452456 0.0038796277 -0.03828165 -0.020182798 0.018081576 0.0075749964 -32767.0 -32767.0 -32767.0 -32767.0 -32767.0 -32767.0 -32767.0 -32767.0 -32767.0 -32767.0 -32767.0 -0.19156225 0.12198601 0.028308066 -0.00032704137 0.041377075 0.19464855 0.064326376 0.037316803 0.0064652693 -0.030450244 0.034554973 0.18850666 0.33854228 0.4159193 0.3941858 0.32249242 0.4093701 0.5475687 0.4216199 0.33146665 0.3052407 0.16161527 -0.004995255 -0.019717665 -0.028197054 -0.00030840468 0.03715764 0.110449776 0.123107664 0.16477548 0.061671257 0.02871092 -0.03323362 -0.12881236 -0.09136686 -0.14905182
0.083344124 0.04423201 0.058222458 0.096225105 0.1387983 0.14208141 0.07693082 -0.004924888 0.04837931 0.22082423 0.0202113 -32767.0 -32767.0 -32767.0 -32767.0 -32767.0 -32767.0 -32767.0 -32767.0 -32767.0 -32767.0 -32767.0 -32767.0 -0.13723795 0.06201669 0.2666813 0.24209717 0.25848404 0.20236954 0.07858412 -0.012117865 -0.025846243 0.21769479 0.18536435 0.31419134 0.51749504 0.6788775 0.64315057 0.43782645 0.27117425 0.15317258 0.0054327366 -0.063278005 -0.18545534 -0.25296772 -0.18765767 -0.0699052 0.10355251 0.41829845 0.6584414 0.74375445 0.6748424 0.5239671 0.30290523 0.105449654 -0.0022840668 -0.072211854 -0.057879828
0.07108479 0.07168876 0.099158205 0.11647035 0.14888357 0.16724704 0.09817617 0.01727185 0.11872818 0.0752613 -0.0010334564 -32767.0 -32767.0 -32767.0 -32767.0 -32767.0 -32767.0 -32767.0 -32767.0 -32767.0 -32767.0 -32767.0 -32767.0 -32767.0 0.012886553 0.18588659 0.22443007 0.2754078 0.2566648 0.12665334 -0.0852748 -0.044049256 0.05838174 0.08675408 0.07332539 0.075410254 0.062185425 0.046977967 0.012952067 -0.022614866 -0.16625193 -0.28839067 -0.2677709 -0.27213642 -0.14290541 -0.06441531 -0.014891692 0.2914915 0.47659114 0.51146877 0.4985138 0.42255726 0.40504816 0.29441705 0.12463378 0.14932652 -0.015179427 0.02204774
0.07569484 0.052320626 0.05372828 0.0818725 0.10649498 0.09481673 0.1081612 0.1370364 0.053522546 -0.031533122 -32767.0 -32767.0 -32767.0 -32767.0 -32767.0 -32767.0 -32767.0 -32767.0 -32767.0 -32767.0 -32767.0 -32767.0 -32767.0 -32767.0 -32767.0 0.22178108 0.1193001 0.22183791 0.29862437 0.30636632 -0.06376572 0.010446733 -0.1572539 -0.2039594 -0.07728838 -0.00051534234 0.08532435 0.03668486 0.0149230175 -0.071886785 -0.14520821 -0.07215317 0.21140176 0.45908934 0.62814367 0.713297 0.62071913 0.46944034 0.26848853 -0.019314816 -0.0677152 -0.090004176 -0.069573775 0.012759935 0.100734755 0.29797253 0.22998276 0.28687125
0.03704323 0.095852435 0.15913764 0.1762096 0.19574837 0.24252465 0.1759265 0.11010393 0.052072812 -32767.0 -0.036139123 -32767.0 -32767.0 -32767.0 -32767.0 -32767.0 -32767.0 -32767.0 -32767.0 -32767.0 -32767.0 -32767.0 -32767.0 -32767.0 -32767.0 0.13868032 0.1820625 0.33914632 0.24977438 0.20894179 -0.030794732 -0.102304965 -0.20660444 -0.19136375 -0.18265939 -0.18813898 -0.122398674 -0.06937487 -0.026191017 0.02877148 0.121488884 0.3112727 0.3998809 0.45639262 0.49192655 0.501905 0.38187099 0.16955264 -0.13316114 -0.17966439 -0.091469504 -0.042181693 0.00647053 -0.12264551 -0.003969797 0.15126762 0.34902078 0.38509434
0.11554406 0.15065102 0.23402853 0.18545449 0.16180317 0.102861 0.122880906 0.16321631 0.18948406 0.043220203 -0.029280161 -0.0019685489 0.1823062 0.17668799 0.1024354 0.070605926 -32767.0 -32767.0 -32767.0 -32767.0 -32767.0 -32767.0 -32767.0 -32767.0 -32767.0 -32767.0 0.057373106 0.19368409 0.035029408 0.056622595 0.08845852 0.071239516 0.062214233 -0.121907145 -0.27375016 -0.380117 -0.39430225 -0.34590226 -0.31608286 -0.19531417 -0.029847302 0.013771374 0.032994006 0.018967671 -0.03052278 0.050378 -0.039715234 -0.18006232 -0.2249313 -0.2140385 -0.3614463 -0.23181027 0.08821699 -0.042701785 -0.16339567 -0.046445224 0.07186146 0.10264022
0.17392044 0.14413838 0.23905174 0.10812355 0.06002933 0.004918833 -0.014062508 -8.654018e-05 0.12938024 0.22429268 0.25676394 0.07450163 0.027815524 -0.021849195 -0.037315365 -0.07431269 -32767.0 -32767.0 -32767.0 -32767.0 -32767.0 -32767.0 -32767.0 -32767.0 -32767.0 -32767.0 -32767.0 0.086156204 -0.1447255 -0.0388373 0.15170206 0.28129783 0.16524386 0.04142022 -0.11892393 -0.20743482 -0.32178953 -0.3513834 -0.24617057 -0.20373645 -0.17965524 -0.14727077 -0.15274972 -0.22484085 -0.28404388 -0.3678567 -0.3083067 -0.27870846 -0.31806254 -0.21991205 -0.24498253 -0.30869487 -0.068954915 0.67832816 0.43971014 0.24696364 0.15187925 0.38449773
-32767.0 0.03097836 0.12084385 0.11734479 0.034367807 0.03301029 0.014035491 0.035692602 0.098971374 0.23739535 0.32834408 0.3507268 0.2042178 0.07309165 0.018966783 0.09551009 0.20438495 0.13508451 -32767.0 -32767.0 -32767.0 -32767.0 -32767.0 -32767.0 -32767.0 -32767.0 -32767.0 -32767.0 -0.06624771 -0.17286283 -0.15044197 0.087350644 0.3009183 0.24236582 0.054621473 -0.1049632 -0.0470818 -0.057126105 -0.118411206 -0.03111267 -0.23489101 -0.40656438 -0.18904614 -0.11683561 -0.24139164 -0.34067428 -0.4352857 -0.4878209 -0.40470323 -0.18219571 0.025223471 0.027499706 -0.035581794 -0.23341334 0.091240935 0.47489387 0.46220267 -32767.0
-32767.0 0.07915275 0.087954015 0.052427355 0.16912796 0.14797464 0.119544044 0.14619501 0.22641666 0.2959741 0.32201618 0.32345083 0.21849771 0.12483684 -0.0024813875 -0.034047507 -32767.0 -0.009618541 -32767.0 -32767.0 -32767.0 -32767.0 -32767.0 -32767.0 -32767.0 -32767.0 -32767.0 -32767.0 -0.15731224 -0.28944924 -0.07817119 -0.361215 -0.13188969 0.16158523 0.011376173 0.07092701 0.17578731 0.17687978 0.12577286 0.059770394 -0.1599082 -0.22317374 -0.38481638 -0.039926946 -0.28933054 -0.30524892 -0.31539342 -0.18725681 -0.0993951 -0.044626307 0.13741277 0.1145332 0.3228579 0.31908494 -0.06789343 -0.09291448 0.33834133 -32767.0
0.24143404 0.24565616 0.18529457 0.17179863 0.1808053 0.20319743 0.2101982 0.18385524 0.18584326 0.1852775 0.22737774 0.24946836 0.09778005 0.023423104 0.09328445 -32767.0 -32767.0 -32767.0 -32767.0 -32767.0 -32767.0 -32767.0 -32767.0 -32767.0 -32767.0 -32767.0 -32767.0 -32767.0 -0.044841662 -0.24072957 -0.22601311 0.030365342 -0.0756335 -0.12643746 -0.17535658 0.034812484 0.17010148 0.020435872 -0.079500794 -0.096447535 -0.14905839 -0.16655853 -0.15672287 -0.18284756 -0.14323789 -0.15109557 -0.059998628 0.12525637 0.24247235 0.2618224 0.40755802 0.29805776 0.26460674 0.21599239 0.177422 -0.25028333 -0.10533016 -0.26531038
0.12530325 0.13970463 0.11853202 0.0883525 0.11701836 0.12126226 0.08925867 0.007873353 0.047465898 0.096929856 0.10748046 0.04514652 -0.03455876 -0.19629039 -0.12928623 0.07648013 -32767.0 -32767.0 -32767.0 -32767.0 -32767.0 -32767.0 -32767.0 -32767.0 -32767.0 -32767.0 -32767.0 -32767.0 -0.060064867 0.000998823 -0.01637614 0.04887584 -0.03429036 0.01705203 -0.02944479 0.010056164 0.03545554 -0.017897926 -0.28044546 -0.2070657 -0.06977482 0.1420833 0.0024319165 0.045424685 0.070491605 -0.04960275 0.030551674 0.11600629 0.17665511 0.29646754 0.280025 0.27693447 0.32914916 0.16408472 0.10335381 0.072489575 0.13347675 -32767.0
0.051612753 0.061229542 0.03800254 -0.005933089 -0.011393158 -0.042051323 -0.120254196 -0.07853675 -0.07681232 -0.1011772 -0.08608564 -0.048239652 -0.0058698785 -0.14524773 -0.096633986 0.107242785 0.22221473 -32767.0 -32767.0 -32767.0 -32767.0 -32767.0 -32767.0 -32767.0 -32767.0 -32767.0 -32767.0 -32767.0 0.13119459 0.16568719 0.040707316 0.0012342879 -0.07319337 -0.0685962 -0.0692113 -0.22938491 -0.046488494 0.026739776 0.06548777 0.12613638 0.25517255 0.1037599 0.21780348 -32767.0 0.028903423 -0.036092315 0.10875903 0.054715592 0.12587933 0.08833403 0.10877721 0.30983144 0.4662617 0.3627148 0.17232719 -32767.0 -32767.0 -32767.0
0.110817045 0.032773793 -0.02896234 -0.057298556 -0.013274432 -0.068053834 -0.124146104 -0.20189367 -0.22114305 -0.21645248 -0.21942522 -0.23318301 -0.27328324 -0.22201711 -0.03537604 0.12257411 0.21161649 -32767.0 -32767.0 -32767.0 -32767.0 -32767.0 -32767.0 -32767.0 -32767.0 -32767.0 -32767.0 -32767.0 -32767.0 0.17970799 0.0568047 -0.13553381 -0.099778354 -0.19571844 -0.30896774 -0.2046317 -0.29844075 -0.02693945 0.30677915 0.32113448 0.23820134 0.12048178 0.15064761 0.076549195 0.043350168 0.09754872 0.18712206 0.1927571 0.18620656 0.11423391 0.29198357 0.16580833 0.3153616 0.23509148 0.29562008 -32767.0 -32767.0 -32767.0
0.10193403 -0.004367471 0.014812912 0.012656784 0.017869577 -0.018733002 -0.09727956 -0.16055162 -0.21705599 -0.22533324 -0.22003843 -0.24729382 -0.21478447 -0.19026168 -0.052692004 0.013432773 0.07031838 0.05588774 -32767.0 -32767.0 -32767.0 -32767.0 -32767.0 -32767.0 -32767.0 -32767.0 -32767.0 -32767.0 0.22883742 0.18450348 0.110385306 -0.19580795 -0.27220148 -0.32683492 -0.14631298 -0.0839632 -0.1427993 -0.11061992 0.15608779 0.10519163 -0.12708485 0.16144969 0.35922095 0.42319962 0.38505387 0.37400147 0.2766088 0.026937507 -0.0132779265 0.16016848 0.23291965 -32767.0 -0.14353004 -0.1584579 -0.046332438 -32767.0 -32767.0 -32767.0
0.05657196 0.05273793 0.036589682 0.0326607 0.04034446 -0.021802444 -0.098142266 -0.14742422 -0.15835895 -0.08806816 -0.03870078 -0.043309726 -0.11198364 0.024978962 -0.0015577001 0.18717483 0.073637545 -32767.0 -32767.0 -32767.0 -32767.0 -32767.0 -32767.0 -32767.0 -32767.0 -32767.0 -32767.0 -32767.0 0.4359225 0.16539568 0.14618541 -0.3195505 -0.3101017 -0.1303474 -0.08891466 -0.057664547 0.019033907 0.099236615 0.19172956 0.2869217 0.35674337 0.30103043 -32767.0 -32767.0 -0.16020952 -0.07007583 -32767.0 -32767.0 -32767.0 -32767.0 -32767.0 -32767.0 -32767.0 -32767.0 -32767.0 -32767.0 -32767.0 -32767.0
0.057633795 0.06469776 0.065046534 0.018784076 -0.019455235 -0.1447633 -0.2223156 -0.1799738 -0.10602199 -0.01024414 0.05921342 0.088374734 0.042523745 -0.021037579 0.012735931 0.016754936 -32767.0 -32767.0 -32767.0 -32767.0 -32767.0 -32767.0 -32767.0 -32767.0 -32767.0 -32767.0 -32767.0 0.52613276 0.34573117 0.103271864 -0.24898489 -0.30198234 -0.21223563 -0.0116318595 0.13101645 0.20678878 0.26672646 0.012313243 -0.015806783 0.058528215 0.15876822 -32767.0 -32767.0 -32767.0 -32767.0 -32767.0 -32767.0 -32767.0 -32767.0 -32767.0 -32767.0 -32767.0 -32767.0 -32767.0 -32767.0 -32767.0 -32767.0 -32767.0
0.05332209 0.040917173 0.018308012 -0.065452956 -0.14319076 -0.13915984 -0.08523915 -0.14133176 -0.13291954 -0.09504597 -0.079878055 0.021577252 0.05248147 -0.0027080139 0.034088627 -0.040015247 -32767.0 -32767.0 -32767.0 -32767.0 -32767.0 -32767.0 -32767.0 -32767.0 0.122560166 0.10341453 0.4390637 0.49974418 0.35509512 -0.113407336 -0.30729505 -0.22562571 -0.13164309 0.021672549 0.22706933 0.3406806 -0.07103669 -0.1410943 -0.26166147 -32767.0 -32767.0 -32767.0 -32767.0 -32767.0 -32767.0 -32767.0 -32767.0 -32767.0 -32767.0 -32767.0 -32767.0 -32767.0 -32767.0 -32767.0 -32767.0 -32767.0 -32767.0 -0.0085236095
0.083150096 0.060153008 0.003017046 -0.06961156 -0.10363004 -0.07790717 -0.029499782 -0.037842695 -0.10651918 -0.069611706 -0.015767775 -0.052666746 0.019511221 0.046830364 -0.0109083075 -0.028744938 -32767.0 -32767.0 -32767.0 -32767.0 -0.018638078 0.19166008 0.088106476 0.07962995 0.17069004 0.2801626 0.22377011 0.2094223 -0.29687527 -0.33189067 -0.19252428 0.05619195 0.3052843 0.31567687 0.27445358 0.08402708 -0.17850661 -0.11595467 -32767.0 -32767.0 -32767.0 -32767.0 -32767.0 -32767.0 -32767.0 -32767.0 -32767.0 -32767.0 -0.042762276 0.066045694 -32767.0 -32767.0 -32767.0 -32767.0 -32767.0 -32767.0 -32767.0 -0.09671676
0.12980917 0.15144531 0.13456078 -0.008962171 -0.056938898 -0.026664821 0.009446833 0.012056173 -0.010170764 -0.029316025 0.07037555 0.08558965 -0.0060833497 0.17690901 0.03252856 -32767.0 -0.12776257 -32767.0 -0.00574283 -32767.0 -0.0735371 -32767.0 0.13845673 0.1668448 0.21538748 0.16298005 0.16516067 0.144924 -0.21798891 -0.08984462 0.353906 0.48858836 0.44535306 0.33096752 -0.04800568 -0.20800719 -32767.0 -32767.0 -32767.0 -32767.0 -32767.0 -32767.0 -32767.0 -32767.0 -0.092806205 -0.13360533 -0.16206422 -0.055303883 -0.13147394 -0.099909425 0.056159828 0.07908181 -32767.0 -32767.0 -32767.0 -32767.0 -32767.0 -0.015010211
0.15995911 0.22371352 0.1906933 0.1121325 0.13035479 0.11170885 0.14587231 0.1428228 0.0797964 0.08070215 0.08866592 0.13713436 0.15042296 0.11436279 0.22088332 0.2540059 0.1693268 0.2241581 0.29954764 0.27080712 0.13504434 0.1287091 0.22764005 0.40265796 0.47873572 0.4606649 0.2449744 -32767.0 0.03333253 0.40305758 0.3626001 0.27871203 0.17886826 0.16844428 -32767.0 -32767.0 -32767.0 -32767.0 -32767.0 0.09900039 0.08912902 0.18161698 0.16008617 -0.03250068 0.08284892 0.036572214 -32767.0 -32767.0 0.013304218 -0.0047704536 0.17332855 -32767.0 -32767.0 -32767.0 -32767.0 -32767.0 0.0031649375 0.12423653
0.16872755 0.2206971 0.28799984 0.35214862 0.3585954 0.32338172 0.2306969 0.21243778 0.160693 0.17111616 0.047867 0.12810478 0.23542967 0.29288846 0.2490023 0.28331795 0.3812277 0.43974432 0.4791751 0.5165764 0.5540418 0.54975224 0.47827527 0.39549103 0.33865398 0.3254761 0.33609536 0.34540004 0.36844686 0.2951254 0.16404468 0.061497 -0.018210692 -0.048548914 -0.024255153 -32767.0 0.025166307 0.040532526 -32767.0 0.09093694 0.13719788 0.063822925 -32767.0 -0.08861313 -0.2216785 -32767.0 -32767.0 -32767.0 -32767.0 0.09839434 -0.051131077 -32767.0 -32767.0 -32767.0 -32767.0 0.1517108 0.16972853 -0.0469019
