static/data/seaWater_vo/2023/7/21/0.asc
ncols 137
nrows 93
xllcorner 108.0
yllcorner 17.0
cellsize 0.25
NODATA_value -32767
[rows 26 to 51 of 93, columns 58 to 115 of 137]
0.37188235 0.35549498 0.34256443 0.25353128 0.14842568 0.15943208 0.20871162 0.22398804 0.19031009 0.15490301 0.17889707 0.15941592 0.14311221 0.14114068 0.1051127 -0.04600683 -32767.0 -32767.0 0.089180015 0.23129429 0.17690453 0.08484093 0.07230653 0.12733845 0.16666567 0.20048185 0.20530257 0.052568268 -0.06807013 -0.1425654 -0.027206585 -32767.0 -32767.0 -32767.0 -32767.0 -32767.0 -32767.0 -0.21553102 -0.047447488 -0.033945933 -32767.0 -32767.0 -32767.0 -32767.0 -32767.0 0.2830678 -32767.0 -0.17600812 0.15557745 -0.093033835 -0.16940697 -0.24684723 0.107565485 -32767.0 0.05948982 -0.054453187 0.093982086 0.23980145
0.10070658 0.14161186 0.2131029 0.18602231 0.08378349 0.04842609 0.02198806 0.12491724 0.15795831 0.14952813 0.07872397 0.11497702 0.17703527 0.1807729 0.12327936 -32767.0 -32767.0 -0.010209806 0.1339373 0.23409489 0.18780893 0.110042155 0.10019264 0.08392771 0.06389581 0.08858378 -0.055055626 -0.21321681 -32767.0 -32767.0 -32767.0 -32767.0 -32767.0 -32767.0 -32767.0 -32767.0 -32767.0 -0.302325 -0.21673141 0.114048116 -32767.0 -32767.0 -32767.0 -0.044527847 0.24191165 0.372741 0.14118932 -0.02940281 0.24844319 -0.1455355 -0.30824316 -0.112364195 0.16200365 -0.09324891 -0.19490846 -0.15369946 -0.0038409743 0.2748137
0.11640816 0.10332972 0.01541243 0.090603925 0.1324394 0.074567296 -0.015445715 -0.09374762 -0.08055472 0.006985091 -0.030292671 0.06989947 0.21656814 0.14091924 0.05332331 -0.02278621 -0.03388783 -0.046415526 0.061775636 0.11920855 0.24839443 0.24351756 0.13324913 0.08071597 0.022944488 -0.015169831 -32767.0 -0.09198564 -0.12766081 -32767.0 -32767.0 -0.0077467035 -32767.0 -32767.0 -32767.0 -32767.0 -32767.0 -32767.0 -0.30713525 -0.06286304 -32767.0 -32767.0 -0.08724362 0.0034052688 0.17288458 0.21871406 0.23395783 0.058474984 -0.14269237 -0.35065502 -0.044596314 0.04421333 -0.1581258 -0.19409722 -0.22799206 -0.124256626 0.08252354 0.26210764
0.0003079325 0.02690488 -0.0016637803 0.06615791 0.04209247 0.038504314 0.2411008 0.13879971 -0.006807941 -0.016991613 5.4506178e-05 0.13707107 0.33292797 0.16741104 0.03569139 -0.010995492 0.013439749 0.018754533 0.055985745 0.18176223 0.20308268 0.1703981 0.062011626 -0.06405867 -0.06654059 -32767.0 -0.08787912 -0.022930173 0.15571114 -0.0040811216 0.081857756 -32767.0 -0.09781932 -32767.0 -32767.0 -32767.0 -32767.0 -32767.0 0.05941233 -0.02753223 -0.27284214 -0.3575002 -0.102926284 0.11414138 0.12299768 0.13410163 0.1478717 -0.116970904 -0.34369764 -0.27698326 -0.008807823 0.05337258 -0.09036038 -0.16214998 -0.13446403 -0.009726021 0.11823927 0.24995387
-0.107747 -0.08685468 0.059987243 0.06942134 0.04320237 -0.04285804 -0.032531947 0.11922157 0.12424015 0.08965164 0.062903225 0.17060155 0.20558102 0.11873839 -0.04555535 -0.05438491 0.011451858 -0.024116175 0.12804832 0.21383747 0.12626782 0.08860257 0.0518209 -0.07433213 -0.11797555 -0.12175504 -0.03420949 -0.07689047 0.09243302 0.051775325 -0.021404862 0.031665776 0.02055626 -32767.0 -32767.0 -32767.0 -32767.0 0.14198223 0.12011634 0.06688842 -0.03364162 -0.14257574 0.011371941 0.033748 -0.07097339 -0.07395699 0.056325343 -0.023161711 -0.34206465 -0.22028989 0.062275775 -0.17672493 -0.16337459 -0.16600895 -0.17597115 -0.026751189 0.103088535 0.23830499
-0.085859016 -0.15897074 -0.034781806 -0.035421103 -0.06803602 -0.17526738 0.09731803 -0.002773811 -0.0316361 -0.06392883 -0.05826994 0.023864899 -0.06763835 -0.049207926 -0.111437045 -0.066436365 -0.050201148 -0.023247195 0.1015439 0.19972987 0.14740421 0.1587573 0.11717434 0.002280314 -0.043521 -0.062018033 -0.13321021 -0.28686476 -0.2397149 -0.03940724 -0.03202986 0.06655442 -0.06796917 -32767.0 -32767.0 -32767.0 -32767.0 -0.030746832 0.04890899 0.086593725 0.12763622 0.21626031 0.23668465 0.18163997 0.08926642 -0.025312115 -0.16887753 -0.32401606 -0.40770766 -0.33622378 -0.23875672 -0.15577072 -0.24493745 -0.22250274 -0.24729031 -0.1303353 0.11985232 0.19498877
-0.14521097 -0.11185307 -0.044771794 -0.11153203 -0.12906456 -0.12938888 -0.06292307 -0.09923796 -0.21040796 -0.14770313 -0.08740637 -0.030575082 -0.0850455 0.018494328 -0.028504416 -0.03360964 0.02420267 0.16088733 0.31463027 0.2885749 0.24053851 0.288972 0.19986345 0.075459965 0.010674087 -0.08955887 -0.13475038 -0.19508195 -0.3749759 -0.31674302 -0.16492797 -32767.0 -32767.0 -32767.0 -32767.0 -32767.0 -0.19369884 -0.08664874 -0.059156075 -0.10985665 0.3096601 0.55233157 0.4081099 0.24762057 0.16327351 0.046266418 -0.10894053 -0.24272582 -0.3799495 -0.5519069 -0.66383 -0.6048363 -0.4504435 -0.35095152 -0.29613516 -0.17528579 0.08449124 0.21778274
-0.06788053 -0.05245307 -0.0834365 -0.14305496 -0.171416 -0.10130648 -0.08171061 -0.13405825 -0.30675137 -0.26949275 -0.20551556 -0.25287965 -0.18571158 0.04222086 -0.025582194 -0.056814518 0.018716222 0.108816594 0.23673943 0.26264864 0.24338908 0.27609986 0.2297359 0.18777986 0.10383062 -0.012970001 -0.14970823 -0.20308387 -0.41505885 -0.477141 -0.29856625 -32767.0 -32767.0 -32767.0 -32767.0 -32767.0 -0.08319001 -0.11056382 -0.22127785 0.21686032 1.0705812 0.7718695 0.46712142 0.27825746 0.13353774 -0.009231827 -0.1594951 -0.2864629 -0.49395737 -0.5596586 -0.6437528 -0.78696436 -0.9089212 -0.78639513 -0.43508795 -0.285734 0.02530436 0.22503753
-0.1638146 0.04370134 -0.10280101 -0.17687558 -0.16018859 -0.19969489 -0.123871446 -0.06366719 -0.15228698 -0.2834897 -0.33347854 -0.3536488 -0.225563 -0.0540823 -0.11749732 -0.053724483 -0.026430225 0.092330106 0.19243895 0.2829252 0.30258146 0.23221122 0.16877824 0.13344774 0.07734755 -0.0040883278 -0.14232393 -0.23984478 -0.41038883 -0.30583775 -0.28749117 -0.05424015 -32767.0 -0.025628982 -32767.0 -32767.0 0.32768258 0.39274895 0.55456376 0.7680229 0.81571865 0.6830837 0.48554605 0.31957504 0.19069187 0.07254392 -0.0990336 -0.26363403 -0.42771924 -0.61732334 -0.61013526 -0.6894668 -0.9601031 -1.1822702 -1.0511031 -0.54911613 -0.15990855 0.15902989
-0.07350592 -0.09259778 -0.034815233 -0.087798886 -0.046497453 -0.03868228 -0.056835633 -0.053307936 -0.18360575 -0.29025403 -0.3749994 -0.3684716 -0.19774283 -0.123739295 -0.078111 -0.0742865 0.053679224 0.11070638 0.20635961 0.16640948 0.12586355 0.106792346 0.19332474 0.16874102 0.09697088 -0.057448514 -0.18564902 -0.34372783 -0.39458206 -0.39225924 -0.27560377 -0.21078472 -0.017807633 -0.04650595 -32767.0 0.40190125 0.61701924 0.4701909 0.65455264 0.7410624 0.6828892 0.56754076 0.44498006 0.22314785 0.178082 0.15513873 -0.033006407 -0.23721561 -0.32029548 -0.4030065 -0.46681643 -0.58106387 -0.8206418 -1.1459124 -1.4070429 -1.0385488 -0.46350297 0.02884468
-0.14363962 -0.21830781 0.046011668 0.078342386 0.008101721 -0.14258195 -0.13914804 -0.04983683 -0.17543879 -0.25664678 -0.4196624 -0.30579334 -0.29590085 -0.2245689 -0.14185311 -0.11011721 -0.027829928 0.04649807 0.06774463 0.1272832 0.27687898 0.25465688 0.22303395 0.25533876 0.24639173 0.09773972 -0.1334034 -0.39450327 -0.45621005 -0.36179897 -0.3071068 -0.1512293 -0.31293774 -32767.0 0.53099245 0.33639976 0.41017926 0.6205122 0.65183914 0.6446059 0.5557743 0.5081252 0.26330566 0.15065247 0.06351634 0.12928976 0.09460726 -0.103675984 -0.24621277 -0.32949567 -0.36569327 -0.46120542 -0.6590553 -0.97119814 -1.3256128 -1.4008679 -0.78331465 -0.104294345
-0.084593296 -0.3259312 0.008857609 0.12892412 -0.011265827 -0.15324436 -0.2038479 -0.05029218 -0.1354384 -0.19947843 -0.21100745 -0.2790735 -0.32710257 -0.29632127 -0.18030395 -0.10832003 -0.1307874 -0.08047733 0.09699909 0.19695072 0.25004736 0.22922255 0.22625844 0.38794875 0.44797128 0.30057326 -0.013106927 -0.33199164 -0.5306781 -0.47307995 -0.05789751 -0.52013034 -0.056253854 -0.057915635 0.07484565 0.17873009 0.44168085 0.5276609 0.69385684 0.6215703 0.4834292 0.41268227 0.14282095 0.14052106 -0.031359714 0.009937164 0.09555334 -0.06780711 -0.19532028 -0.25052342 -0.23649763 -0.2795697 -0.44377026 -0.73663455 -1.0483087 -1.3673978 -1.0311134 -0.28410602
-0.09233188 0.08601154 0.115511745 0.061428864 0.0123572815 -0.042693432 -0.07085518 -0.0578667 -0.08858022 -0.11831835 -0.095887884 -0.06711463 -0.18806177 -0.14849913 -0.12478671 -0.09413142 -0.1372219 -0.0790644 -2.37606e-05 0.058290176 0.16131294 0.17646192 0.2569727 0.4371091 0.6104776 0.4231879 0.10343755 -0.18746054 -0.5201465 -0.6890068 -0.5131229 -32767.0 -0.14642069 -0.29962748 -32767.0 0.15220594 0.36080715 0.61947733 0.75318587 0.6093575 0.4691362 0.3181763 0.1345416 0.16719425 0.06479326 -0.06142172 0.005592064 -0.040941015 -0.14720117 -0.21013165 -0.3336384 -0.25827983 -0.19785379 -0.4417448 -0.7892474 -1.0362837 -1.0998516 -0.42368153
-32767.0 -0.006851702 0.19891904 0.10365206 0.03143591 -0.0062048985 -0.025332969 -0.007451121 -0.043152276 -0.1518286 -0.17192739 -0.10673724 -0.048770167 -0.08171866 -0.09075502 -0.07696726 -0.13125347 -0.05760378 0.10291953 0.085290164 0.1951532 0.2359554 0.16943882 0.4180695 0.68395007 0.54300964 0.3553743 0.011307058 -0.36187476 -0.6794853 -0.7867827 -0.6031947 -32767.0 -0.51818943 -0.052114666 -0.12356066 0.45723224 0.8885855 0.7083686 0.6707371 0.3992568 0.32506612 0.1101626 0.11727666 0.11616417 -0.020077368 0.06332294 0.13952017 0.052682128 -0.19415642 -0.37694958 -0.40005344 -0.097798504 -0.20851177 -0.54478806 -0.7527313 -0.81292236 -0.46999893
-0.06119013 0.1979522 0.2900919 0.11416548 0.012535483 0.019519275 -0.005193611 0.012394228 0.041468754 -0.04138618 -0.12249242 -0.15652971 -0.24519533 -0.13260972 -0.06847618 0.18294515 0.18747866 0.16918387 0.30716175 0.22671059 0.21353565 0.19727327 0.15846711 0.4333027 0.65608305 0.5482324 0.4764903 0.046358895 -0.3343454 -0.6257952 -0.5397414 -0.97547245 -0.41197103 -0.4106983 0.020593053 -0.026124094 0.46275458 0.86739004 0.72934335 0.6805459 0.34397903 0.3295821 0.0678582 0.16629618 0.1290355 0.055427544 0.05600383 0.19060872 0.13865288 -0.00040356617 -0.20730339 -0.3952412 -0.3915504 -0.21237233 -0.3171272 -0.4166003 -0.4137072 -0.21623309
-0.14152804 0.29240552 0.29905882 0.19769447 0.11782815 0.066644736 -0.022718024 -0.059823398 0.001231412 -0.024623804 -0.018261915 0.059365563 0.06983207 0.11442445 0.15185162 0.1126996 0.09672156 0.09892428 0.15940121 0.24338846 0.23231143 0.19980653 0.3342208 0.61430377 0.5967993 0.6838641 0.56802624 0.044523977 -0.48506853 -0.62266594 0.19962585 -0.82013834 -0.8858331 -0.27726352 0.06006823 -0.11676389 0.5289534 0.8864084 0.7469833 0.57648873 0.23395488 0.27134034 0.057788122 0.15664342 0.12319361 0.059996378 -0.048821162 0.07965399 0.21907453 0.05690614 -0.076617524 -0.28565755 -0.42459252 -0.3172154 -0.2551138 -0.2383619 -0.1874566 -0.06051683
-0.1285106 0.29821163 0.22035542 0.17776491 0.11171224 0.12446217 -0.0057859244 0.0064747995 -0.047336455 -0.07229829 0.034532823 0.047688317 -0.06923427 -0.10101682 -0.01927089 0.0843987 0.058184877 0.019776823 0.13418166 0.3585352 0.45388266 0.5514611 0.5533486 0.5137799 0.511129 0.64633465 0.45078868 0.019427717 -0.45055836 -0.7525209 -0.7933821 -0.080229156 -0.6737494 -0.5266102 -0.13992502 0.1810888 0.5936408 0.7382032 0.64511615 0.4183918 0.094678186 0.16401763 0.048769034 0.11295955 0.08531045 0.0509673 0.080630876 0.12594296 0.11495405 0.14058954 -0.018716916 -0.22452556 -0.31751123 -0.32236013 -0.20551057 -0.20862898 -0.17510664 -0.042941574
-0.016683789 0.24241854 0.2818248 0.20181857 0.09442404 0.02459122 -0.040844627 -0.013067622 0.0155822765 -0.05603848 -0.024028433 0.02840658 0.010535758 0.043763228 0.03963989 -0.015539769 0.0706409 0.13794394 0.35126838 0.53956795 0.6518678 0.6335004 0.5074631 0.39672387 0.36568594 0.3529854 0.2228055 0.08439155 -0.532583 -0.7146722 -0.5407711 -0.52196854 -0.05938926 -0.027606588 0.091145635 0.16003102 0.3822446 0.5115172 0.44923353 0.19489874 0.051611163 0.08755673 0.006555463 0.073936634 0.024099069 -0.03203092 0.016092332 0.09261519 0.11577925 0.15069033 0.20402628 -0.013718046 -0.2692616 -0.39963403 -0.23112147 -0.09996233 -0.066687204 0.010667297
0.18004222 0.24863763 0.217581 0.18691222 0.089086704 -0.04219014 -0.08586701 0.033051144 0.14170033 0.09438756 -0.01839929 -0.046831172 0.042758215 0.12691328 0.09992128 -0.0041035684 0.016904658 0.22780909 0.44946986 0.5976813 0.63950354 0.493281 0.3439939 0.2507655 0.25832394 0.09476132 0.058832753 0.16807266 -0.52200174 -0.25275567 -0.32719064 -0.25026038 -0.080363505 0.068113424 0.12622416 0.2382634 0.28840894 0.25645462 0.16295195 0.07797901 0.033507332 -0.019364873 -0.093462475 0.021854378 0.0055156467 -0.082305126 -0.118570864 0.020768097 0.045542974 0.09388652 0.15582108 0.16796044 0.040868707 -0.3097786 -0.3981438 -0.22136053 -0.07443045 -0.05171473
0.26101136 0.23142876 0.19141655 0.050331593 0.043721 0.012819383 -0.031879302 0.03477162 0.017777305 0.10963733 0.07277759 0.0029668014 0.08224477 0.21533073 0.08242772 -0.007946563 0.059261978 0.3714748 0.5521759 0.72164917 0.5587464 0.38302305 0.2654792 0.22423387 0.080554135 0.088678494 -0.06903507 -0.035233017 -0.11994636 -0.20802283 -0.14819272 -0.108966894 -0.028471667 0.066139214 0.10753697 0.12006603 0.15670781 0.123532414 0.063944705 0.042051487 -0.03235522 -0.122493066 -0.13531657 -0.041633982 -0.022125399 -0.11612613 -0.26127264 -0.099821866 0.11855955 0.077095374 0.03757795 0.08727691 -0.008252677 -0.1194915 -0.25026044 -0.20787597 -0.11470222 -0.19355993
0.26345602 0.31983578 0.3784348 0.24579848 0.07141198 0.017568698 -0.105476014 -0.034717012 -0.05086222 -0.016300287 0.05854897 -0.026271528 0.1877648 0.11564924 -0.014139318 0.12092979 0.40405002 0.4806063 0.5865455 0.6720636 0.4800051 0.28783283 0.14138483 0.07522597 0.29385263 0.0030579313 -0.1960193 -0.16789709 -0.09075574 0.06473586 -0.0073658745 -0.03836197 0.009210633 0.13060011 0.2071038 0.22523919 0.19469185 0.09811781 0.008878378 -0.092706345 -0.1828836 -0.23669598 -0.23837093 -0.1520983 -0.07071665 -0.054187678 -0.14438647 -0.13114229 -0.037338156 0.00025041678 -0.0597836 0.029213717 0.033079363 -0.07970359 -0.11121762 -0.17038274 -0.27501726 -0.46952736
0.49092516 0.51043516 0.43769494 0.23211719 0.04557267 -0.07529208 -0.22331916 -0.14658302 0.022243302 0.044355977 -0.09946072 0.014575267 0.15682627 -0.010330452 0.043960627 0.4066333 0.46686572 0.5715775 0.68366504 0.5805894 0.3545559 0.20425336 0.07108496 -0.040394943 -0.020996325 -0.07611091 -0.053705636 -32767.0 -0.22539648 -0.014485383 0.0109899435 0.10530375 0.21435142 0.30596057 0.37022787 0.35590574 0.28074026 0.14849508 -0.043298695 -0.16874024 -0.21720359 -0.24611494 -0.31337988 -0.20904343 -0.14204778 -0.095898494 -0.22196595 -0.23804727 -0.07067318 -0.007555409 -0.072259136 -0.12992182 -0.099211015 -0.025287805 0.05132088 -0.12121693 -0.42040303 -0.34053105
0.61041546 0.36167884 0.19936757 0.072704054 -0.023541864 -0.10200074 -0.3039882 -0.061196588 0.097804084 -0.04529249 -0.10199808 0.12700984 0.06995746 0.047293488 0.17890716 0.30321905 0.42165634 0.73282856 0.66344965 0.48662984 0.26871076 0.15994176 -0.026256418 -0.096068986 -0.10927686 -0.14470476 0.22816408 0.009207288 -0.12541421 0.08551894 0.22595568 0.2560136 0.36885244 0.5094229 0.47089314 0.34254315 0.23013908 0.09888801 -0.04717085 -0.261619 -0.36324704 -0.30249116 -0.3682394 -0.29936668 -0.22035897 -0.20457776 -0.35167846 -0.33607396 -0.10661576 0.033402864 -0.052184682 -0.18979238 -0.1940461 -0.054480486 -0.019846596 -0.12381202 -0.3091492 -0.21243177
0.24416053 0.10900192 0.28264937 0.20027582 0.057644058 -0.09460975 -0.27377063 -0.10328606 0.097333014 -0.072966896 -0.03957694 0.010001544 0.0070264833 0.12356945 0.13388537 0.14716542 0.6441987 0.7335638 0.59697753 0.41243583 0.2315469 0.13107945 -0.06108445 -0.15463857 -0.21036822 -0.023373883 -32767.0 -0.09214063 0.111200005 0.23598723 0.24755298 0.2964342 0.52399176 0.53458613 0.38083473 0.34444368 0.27521995 0.030543823 -0.13374929 -0.28602907 -0.4116613 -0.38542858 -0.42363632 -0.33187172 -0.2403084 -0.3755219 -0.45541874 -0.2167591 0.024415782 0.0774037 -0.070777 -0.18935558 -0.18367003 -0.09409056 -0.016913958 -0.15206467 -0.25155306 -0.11115435
0.043535087 0.4276059 0.360389 0.23916572 0.063376546 -0.060187638 -0.22081141 -0.106442854 0.044917278 -0.08485442 -0.04625896 -0.05590521 0.042231396 0.15788935 0.11230389 0.42419845 0.67254674 0.6335067 0.52035916 0.29366437 0.13652588 0.05918993 -0.07180753 -0.15507494 -0.18601759 -0.11719152 -0.117382355 0.109690174 0.19494379 0.32887387 0.26234666 0.37965158 0.6322895 0.3977591 0.34470838 0.37855917 0.16598096 0.008528899 -0.18471956 -0.3560148 -0.47134453 -0.40355814 -0.46602538 -0.36562675 -0.35286328 -0.5029326 -0.37626144 0.017941369 0.019410262 0.06947133 0.07706088 -0.10468643 -0.2722144 -0.14213984 -0.13157038 -0.063687645 -0.15761456 -0.11612926
0.093959324 0.51765347 0.16621159 0.21019806 0.10196577 0.007251293 -0.023911113 -0.04218654 -0.0832402 -0.08095132 -0.06779139 0.015896894 0.11724262 0.19564182 0.26729295 0.44659021 0.6566331 0.5033811 0.4510106 0.1334484 -0.010840748 0.00012505153 -0.09757677 -0.12123991 -0.03736064 -0.24669251 -0.07578512 0.15578653 0.30307296 0.40069848 0.26454604 0.47910962 0.57261074 0.3637345 0.3484759 0.33527756 0.24998175 0.043015808 -0.18830332 -0.3909176 -0.4435049 -0.48554978 -0.5032999 -0.4037882 -0.54083794 -0.4207315 -0.0018558517 0.061594494 0.08293203 0.07984981 0.16658095 -0.029155003 -0.32540518 -0.25303262 -0.21228415 -0.08803134 -0.11502899 -0.17961414
