static/data/seaWater_vo/2023/7/21/12.asc
ncols 137
nrows 93
xllcorner 108.0
yllcorner 17.0
cellsize 0.25
NODATA_value -32767
[rows 52 to 77 of 93, columns 58 to 115 of 137]
0.16451572 0.36274087 0.32699585 0.21863274 0.19976266 0.02600952 0.01760667 0.00041294954 0.028597625 0.04648041 0.122095264 0.26179767 0.40647244 0.61619407 0.5577133 0.43364972 0.38342294 0.5066794 0.34051245 -0.09429997 0.0076871198 0.04382153 -0.08082102 -0.019828554 -0.07408573 0.08722798 0.22913767 0.34360793 0.539553 0.29181486 0.25169018 0.58745354 0.2902579 0.11786942 0.04876393 0.03756766 -0.16604784 -0.4038462 -0.56282794 -0.51845026 -0.4655794 -0.5061229 -0.45246008 -0.5822779 -0.22638601 -0.0064692874 0.07564943 0.08906288 0.008002642 0.15119976 0.23793745 -0.18969317 -0.48367378 -0.19748276 0.10529035 0.04515589 -0.14607547 -0.2161306
-0.020259716 0.2581783 0.1938732 0.21702826 0.27029476 0.096779056 0.012330819 0.20826553 0.1691478 -0.052379232 0.1280958 0.480551 0.6416555 0.5203161 0.36901602 0.3161223 0.36106026 0.43294117 0.118830085 -0.024988674 0.07653109 0.041403852 0.042004902 -32767.0 -0.16833638 0.06986494 0.21543011 0.31916195 0.5384327 0.31457847 0.2660782 0.57894427 0.2776119 0.10295171 0.038262304 -0.027614964 -0.14551942 -0.3186116 -0.39606777 -0.4033579 -0.47258687 -0.52176994 -0.6198389 -0.1874098 -0.053929485 0.078449406 0.1330037 0.12730853 0.051586524 0.17701767 0.2848256 0.004037539 -0.49948376 -0.12325826 0.008026906 0.013021841 -0.052051973 -0.15994091
0.19657302 0.18258049 0.09868429 0.07170867 0.12829234 0.17981389 0.21404028 0.2977356 0.25869173 0.016119353 0.17349689 0.66357243 0.678105 0.40384427 0.37137088 0.29975852 0.31425294 0.17493595 -0.049606282 0.103995256 0.16730975 -0.05586087 -0.0048151813 0.022902235 -0.17557365 0.03721778 0.22718444 0.24599 0.5698514 0.41175452 0.3293817 0.53548664 0.29631642 0.056105547 0.029917456 -0.0781084 -0.13358983 -0.21741743 -0.3228411 -0.41668734 -0.52308136 -0.59319633 -0.22755082 -0.10355979 0.041632857 0.051419735 0.1124086 0.19535163 0.1956994 0.1698671 0.27093202 0.12733787 -0.35580456 -0.22655523 0.062245026 -0.05198247 -0.1283086 -0.019845687
0.1983151 0.040733512 -0.0833899 -0.009409708 0.02934338 0.10532735 0.109248124 0.1204276 0.13354804 0.14405319 0.4717093 0.74116987 0.52103645 0.34173647 0.31545255 0.22984527 0.25819904 0.18203631 0.08340824 0.06994169 -0.08876838 -32767.0 0.024164636 0.058216527 -0.24851438 0.04763999 0.2665378 0.21165137 0.3549069 0.57504094 0.3994625 0.416563 0.363067 0.021953315 -0.035221983 -0.11052817 -0.17857225 -0.23802905 -0.35566902 -0.5241653 -0.58751047 -0.23802921 -0.09708056 -0.065631814 -0.054029826 0.0009848513 0.108851865 0.2075171 0.28887168 0.27483132 0.2521205 0.21302274 -0.0526944 -0.4202214 -0.09246246 -0.049000766 -0.23638251 -0.135965
0.3024785 0.27388194 0.14819509 0.12938431 0.049989767 -0.04715516 -0.06613894 -0.15372038 0.078189194 0.26115695 0.41194138 0.49456894 0.32007593 0.33048564 0.22697166 0.16688472 0.18585773 0.17650044 0.12691139 0.040955722 0.07575388 -0.0045840894 0.06363885 0.28608826 -0.07826527 -0.073212035 0.19803636 0.13094838 0.14718747 0.4605232 0.47202364 0.34370738 0.3471466 0.07019329 -0.119956896 -0.22465815 -0.25728106 -0.39555854 -0.51311564 -0.5914668 -0.30416098 -0.13742222 -0.1499331 0.07527745 0.18456703 0.20957187 0.18040673 0.21911253 0.254775 0.28689113 0.28073192 0.28813526 0.10383433 -0.17259555 -0.33096942 -0.07845571 -0.23594634 -0.28810853
0.39122435 0.4782542 0.52704257 0.3028246 0.048162878 0.064807944 0.09890468 0.051610366 -0.03535763 0.16934547 0.36339802 0.422018 0.42610905 0.30597603 0.1317519 0.035016917 0.09361131 0.31779394 0.31809276 0.14649718 0.08948848 0.05103735 -0.0068610297 0.06350422 -0.030478964 -0.10516507 0.034225296 0.0033389868 0.012965997 0.21514826 0.41903117 0.30211577 0.18628016 0.08516151 -0.09197125 -0.24487634 -0.34504503 -0.4881071 -0.5385211 -0.35547477 -0.16266996 -0.17851907 0.056070086 0.25409093 0.2942869 0.21583578 0.18295881 0.34330943 0.32526618 0.23101032 0.2805112 0.24313737 0.25854173 0.07682184 -0.17706123 -0.23917875 -0.09085791 -0.26450542
0.5627359 0.87671065 0.63765144 0.3957721 0.06913384 -0.07638142 -0.0075743194 0.03031448 0.10030146 0.23721282 0.3287244 0.39165625 0.34852 0.18293661 -0.07774274 -0.05745382 0.13088064 0.5926723 0.3750299 0.059023716 -0.04249792 0.0037705866 -0.032969788 -0.08467939 -0.10361089 -0.17100461 -0.060467288 -0.06577841 -0.036488343 0.11288956 0.23266648 0.25083795 -0.0065936144 0.037812196 -0.021784704 -0.12650083 -0.29693425 -0.36223158 -0.32004622 -0.21093258 -0.18835123 -0.036973216 0.1818283 0.28840598 0.32973924 0.2829835 0.14516231 0.21084116 0.37592947 0.27350944 0.2642494 0.26821294 0.23742956 0.18058482 0.05244818 -0.12544475 -0.16001748 -0.08992409
0.9682115 0.9680176 0.7482783 0.2402095 -0.037105106 -0.15584338 0.08599514 0.15632246 0.26446643 0.37929827 0.37147447 0.35718033 0.23175207 0.18654296 -0.07938786 0.023646591 0.44928387 0.4205022 0.23903619 0.01115109 -0.13508013 -0.09149088 -0.1513949 -0.16479121 -0.1035869 -0.13779855 -0.2153416 -0.20468506 -0.004244287 0.041649505 0.18179733 0.23268841 -0.04406841 -0.12480277 -0.0755329 -0.04335108 -0.14108248 -0.24092802 -0.1956228 -0.19560157 -0.14441755 0.050573442 0.1778038 0.24287464 0.3459964 0.2891468 0.1142416 0.086787425 0.39064288 0.31848642 0.19313587 0.22244272 0.24680494 0.19500639 0.11335652 0.037883636 -0.044134054 -0.101314984
1.2385558 0.80538756 0.62220895 0.10719297 -0.14180142 0.078528546 0.23511705 0.13453898 0.3981017 0.35605982 0.35479876 0.13448845 0.13614146 0.23561889 0.26095283 0.26895636 0.22373432 0.16972917 0.105065815 -0.009572045 -0.12927045 -0.17578495 -0.29180038 -0.11405986 0.011495079 -0.082727425 -0.18895376 -0.2648302 -0.073364496 0.012678779 0.18406637 0.15482973 -0.05872046 -0.20097065 -0.15034105 -0.08493655 -0.045397945 -0.07740266 -0.11444965 -0.16326602 -0.11987482 0.057385698 0.19148692 0.22919935 0.20908047 0.1508771 0.15760043 0.13264531 0.41538972 0.32189173 0.07129433 0.14113271 0.2822169 0.32922226 0.17788203 0.049939122 -0.028930904 -0.07353231
1.1156422 0.58758175 0.41906178 -0.067389354 -0.09482986 0.20070775 0.12670873 0.12468491 0.38322467 0.27957094 0.34984022 0.083556645 0.09269113 0.3267325 0.16108079 0.0825177 0.15968819 0.18084845 0.13278389 -0.01697848 -0.12685616 -0.25489715 -0.32297415 0.02043547 -0.006786138 -0.07217076 -0.22144178 -0.27320957 -0.008189259 0.09987851 0.19072315 0.02657784 -0.11335001 -0.20190431 -0.25293034 -0.17437316 -0.13164937 -0.0638898 -0.052030243 -0.0695998 -0.12139918 -0.10159987 -0.033720303 0.01930272 0.06427627 0.14130083 0.26932982 0.28220248 0.34096053 0.30290523 0.04795847 0.053279348 0.24889109 0.41206658 0.2621703 0.07719024 -0.015643964 -0.0763824
0.7494393 0.3871442 0.1970198 -0.04207304 0.19039547 0.06831318 -0.0064204414 0.30402887 0.3391457 0.32267633 0.3195456 0.18026777 0.2221151 0.09342391 0.060460944 0.14935711 0.20195404 0.16661273 0.13333862 0.021340147 -0.13711421 -0.26085928 -0.20245788 -0.06354167 -0.08071186 -0.1552037 -0.28596961 -0.10634864 0.076135896 0.12759438 0.04018044 -0.039311446 -0.13313803 -0.13814874 -0.17950982 -0.13975067 -0.12255519 -0.113773115 -0.07335709 -0.08453015 -0.043291006 0.008382221 0.06318081 0.092121616 0.109401904 0.13230479 0.13187806 0.12813579 0.09551998 0.058379125 0.0047514234 -0.10506491 0.17762722 0.47420716 0.23493274 0.1743032 -0.017063076 -0.124907784
0.686301 0.19866419 -0.03005615 0.04930314 0.18299158 0.1793237 0.082090475 0.16095465 0.3077636 0.27912164 0.37975982 0.27392903 0.21539676 0.09760619 0.14481528 0.2596646 0.17846857 0.055343222 0.019390473 -0.027531158 -0.17224626 -0.23252216 -0.13256358 -0.10029957 -0.18665671 -0.23104323 -0.1168358 0.03649072 0.042227343 -0.023912387 -0.017090403 -0.043667037 -0.028015316 -0.034268264 -0.077226415 -0.10379475 -0.081630506 -0.05335707 -0.02619767 -0.026166994 -0.044165194 -0.04916007 -0.037960187 -0.03183333 -0.0054089143 0.028904868 0.067290135 0.066241995 0.057960927 0.036327235 -0.06625787 -0.18600605 0.074866176 0.5286206 0.26065758 0.23574752 -0.032681916 -0.16049147
0.4257644 -0.048471645 -0.26154494 0.013410545 0.07770428 0.080663174 0.18829139 0.29364833 0.41837263 0.38895842 0.31679487 0.37131384 0.19733888 0.054347187 0.07349408 0.24158436 0.15779833 0.022025067 -0.09180277 -0.16920245 -0.25209624 -0.23539044 -0.22643822 -0.3112041 -0.19227444 -0.022425082 0.027541324 0.022477731 -0.05699572 -0.07118492 -0.05237821 0.0035203688 0.014741019 0.026282253 0.0021436072 6.310146e-05 0.0090073375 0.054534417 0.049487274 0.01936786 -0.034756213 -0.053593654 -0.061778527 0.018184021 0.114652894 0.09118261 0.04901603 0.09286862 0.083869405 -0.009019248 -0.079364024 -0.26336432 -0.038798843 0.5687884 0.24884148 0.1618263 -0.047467873 -0.21951407
0.17682387 -0.22221704 -0.19041488 0.018065317 0.084203124 0.10800074 0.1869855 0.26728597 0.4189318 0.38480344 0.2927555 0.41600162 0.36535704 0.05028215 -0.056692045 0.20502031 0.09331501 -0.027667444 -0.14545366 -0.30568686 -0.32067955 -0.34992617 -0.45027822 -0.25877485 -0.0793189 0.06448898 0.109128065 0.0012202457 -0.048197307 -0.027709523 -0.009644997 0.005367704 0.11109626 0.117476135 0.0069066975 -0.014535402 0.04464544 0.06980082 0.014893689 -0.058761366 -0.103634015 -0.15178593 -0.17550763 -0.0809219 -0.038788956 -0.063473396 0.007437832 0.1456565 0.16430716 0.05211285 -0.09093395 -0.27691913 -0.023222636 0.50401676 0.18412383 0.084812224 -0.13134956 -0.3327541
0.011147353 -0.3856913 0.0062782387 0.15585653 0.18170755 0.22907083 0.2735537 0.27639624 0.35903186 0.3130081 0.30237222 0.4227149 0.38679606 0.052212194 -0.089756176 0.18195789 0.03629921 -0.019868474 -0.16432527 -0.350877 -0.4162492 -0.56529814 -0.3945441 -0.11651448 0.049263477 0.14985652 0.14098832 0.0952817 0.0119021125 -0.05336951 -0.020236822 0.05485005 0.047880385 0.070582226 0.080922544 0.044233784 -0.059635244 -0.14137208 -0.10318529 -0.011042897 -0.029336879 -0.095689476 -0.1543718 0.04130422 0.0453575 0.06549394 0.1111981 0.11681774 0.047101844 0.0026496 -0.050789792 -0.22133315 0.030261485 0.40100047 0.061605163 -0.06778083 -0.26070112 -0.37620637
-0.09116912 -0.47036076 0.23598318 0.32812193 0.31469128 0.38989115 0.3777149 0.31635666 0.2580803 0.2477872 0.2767785 0.40055713 0.37270635 -0.005286793 -0.11315274 0.1263624 -0.0017490459 -0.022240587 -0.20098603 -0.4370044 -0.65496176 -0.5551799 -0.23435457 0.05621556 0.11966643 0.09503803 0.118999936 0.118509956 0.033179954 -0.0298744 -0.01095162 0.025280755 0.05373676 0.038546413 0.010093891 0.06439997 0.1064416 -0.00070383295 -0.06371737 -0.06564162 -0.115439385 -0.18333761 -0.04479995 0.1560391 0.23943408 0.24836606 0.26222667 0.18991047 0.075341955 -0.043268904 -0.14424881 -0.085393615 0.11921035 0.13937917 -0.181098 -0.27158308 -0.35670042 -0.29092237
-0.1626143 -0.4097363 0.30860478 0.3504999 0.40979242 0.4507735 0.37786582 0.2560514 0.18223035 0.16177931 0.21493837 0.35469502 0.24672861 -0.08744533 -0.17769891 0.064134866 -0.05002446 -0.07803667 -0.2988134 -0.625159 -0.68445945 -0.42484292 -0.03437145 0.30739722 0.2546872 0.10124782 0.060529646 0.07468376 0.0018850405 0.010773981 -0.0805074 -0.03917845 0.056619287 0.046968326 -0.017134799 0.0062650396 -0.00013139994 0.04532029 -0.01342452 -0.14931774 -0.09021448 -0.13032116 -0.08334469 0.2696314 0.30389813 0.4137099 0.3851001 0.2660169 0.16204225 0.016991662 -0.034349486 -0.018064661 0.009851508 -0.14572658 -0.38685885 -0.4190702 -0.40277618 -0.07074565
-0.1597505 -0.30982226 0.285433 0.2977152 0.43017262 0.5051784 0.43210134 0.32218307 0.18826705 0.15095551 0.1982306 0.18922903 0.09374211 -0.2237589 -0.24047263 0.024681468 -0.083878845 -0.14442818 -0.40190852 -0.6867054 -0.6330255 -0.33549646 0.0107188625 0.44680834 0.321936 0.09361757 0.07738545 -0.022301063 -0.015526673 0.01713399 -0.07054192 -0.02564441 0.09666466 0.061770275 0.014312594 -0.07102347 -0.018326541 -0.034530118 0.0033452916 -0.11196909 -0.14597295 -0.1214018 -0.11273628 0.21464176 0.4281803 0.5108559 0.47611508 0.3915294 0.23547173 0.100626454 -0.013567455 -0.07660579 -0.13572188 -0.37282553 -0.46494463 -0.5009436 -0.3681277 0.04072395
-0.14555533 -0.26290274 0.2061303 0.23941693 0.47481146 0.5996881 0.55516744 0.4482788 0.24627374 0.1771609 0.17936222 0.13774225 -0.038735054 -0.35690308 -0.27722517 -0.003989289 -0.11633478 -0.18820454 -0.42012936 -0.6522169 -0.5145981 -0.22167577 0.17652303 0.34290308 0.25043514 0.16910945 0.15238188 -0.0013912193 -0.0360318 -0.064052865 -0.030492391 0.08826602 0.07242358 -0.06329678 -0.04286001 -0.10737195 -0.09621151 -0.050762154 -0.0096679665 -0.018214561 -0.19493902 -0.22025138 -0.13749707 0.18169568 0.45715627 0.53428465 0.5307336 0.4173411 0.30622974 0.12010852 -0.04592777 -0.14844304 -0.32001728 -0.5343024 -0.55698365 -0.42872176 -0.14123791 -0.023284476
-0.19583182 -0.32539597 0.09497871 0.16727205 0.37598994 0.606468 0.6372336 0.5787176 0.35175747 0.32766065 0.19345789 0.011033937 -0.16850013 -0.45819685 -0.21946573 0.0014131669 -0.13364573 -0.19035703 -0.31889948 -0.47267875 -0.41107565 -0.15506001 0.048963137 0.09662301 0.07461097 0.1772758 0.15357794 0.02477765 -0.080245934 -0.028016372 0.008070377 0.008165868 -0.0058376724 -0.094456755 -0.08678864 -0.03873058 0.0031002916 -0.041660976 -0.1084158 -0.16460706 -0.067762814 -0.22670694 -0.16276407 0.20885697 0.4900234 0.50819236 0.47609746 0.35332328 0.3256002 0.15250143 -0.04584479 -0.22960113 -0.43153706 -0.55784625 -0.47730377 -0.13922822 -0.09065881 -0.07394481
-0.1680569 -0.3413053 -0.07301581 0.1664272 0.29238093 0.5893552 0.7267628 0.6658055 0.48653677 0.399467 0.09459354 -0.08291415 -0.2595172 -0.50427884 -0.15205507 -0.06347808 -0.16743113 -0.22782594 -0.28351167 -0.33579126 -0.31932458 -0.1711085 -0.10161624 -0.057067897 0.18034692 0.16737503 0.069023594 -0.020045113 -0.04983222 -0.031016313 0.0027594198 0.019252723 0.0053124693 -0.03131399 -0.037224002 -0.018886404 0.0073008025 -0.03830971 -0.14252114 -0.22266689 -0.1326564 -0.017644588 0.01987933 0.2800085 0.43592414 0.41810682 0.3421974 0.20711102 0.2205076 0.16388652 -0.022892818 -0.26706955 -0.45204216 -0.4690517 -0.17929323 -0.10891135 -0.15782037 -0.1291795
0.09434089 -0.060921237 -0.16273904 -0.0026403333 0.19015335 0.4745513 0.7012422 0.67346597 0.5271072 0.34985244 0.015825085 -0.049182545 -0.33910796 -0.4731268 -0.09760111 -0.10938566 -0.1865165 -0.20552452 -0.23117821 -0.24460584 -0.22772646 -0.21325907 -0.046456378 0.113953404 0.15659428 0.0990981 -0.028849665 -0.12517674 -0.119626746 -0.028385798 0.076347016 0.13117392 0.12236212 0.07025051 0.00087264524 -0.016889423 -0.035186827 -0.09412022 -0.15964402 -0.29177436 -0.24489705 -0.048317775 0.104064375 0.25712392 0.34997332 0.3196457 0.23902518 0.13400982 0.0777374 0.094735466 -0.03673652 -0.2033897 -0.31998175 -0.23480327 -0.0939847 -0.13204956 -0.14721881 -0.12593551
0.3909841 0.3315862 0.09615251 -0.024763538 -0.013207042 0.21649784 0.5491996 0.59258735 0.5419819 0.26760077 -0.04903983 -0.055967446 -0.3207747 -0.43492475 -0.12985465 -0.12757546 -0.20898242 -0.1903273 -0.19581878 -0.2331434 -0.2138114 -0.0049954616 0.14957303 0.18856943 0.20240802 0.13063279 -0.053721018 -0.24887061 -0.13632132 -0.026487723 0.12124407 0.19456024 0.14019863 0.050792873 -0.031921938 -0.106420085 -0.09112712 -0.15158089 -0.23594078 -0.29616973 -0.38745624 -0.101328656 0.13352086 0.31431648 0.26657534 0.26459596 0.16184515 0.14400692 0.13802752 0.06464945 -0.07467593 -0.21016303 -0.2765723 -0.15906982 -0.14489305 -0.13172957 -0.081963256 -0.021967672
0.6047171 0.64160895 0.28837037 -0.16385795 -0.06360479 0.15932673 0.39854828 0.5054416 0.4539116 0.1434978 -0.08477264 -0.09823984 -0.28794506 -0.40717074 -0.2803831 -0.14282727 -0.17589965 -0.17677148 -0.19794391 -0.16545555 0.021557992 0.17972544 0.25912908 0.34031337 0.29224324 0.20275955 0.083974354 -0.16183828 -0.30562466 0.04011684 0.23879269 0.21146275 0.16025291 0.07953602 -0.05289577 -0.14456975 -0.14292875 -0.15778637 -0.26208934 -0.29796416 -0.36812147 -0.18201256 0.1497229 0.3681547 0.27411336 0.21238802 0.12805228 0.08509721 0.08571632 0.078271694 0.01007312 -0.105750486 -0.24443668 -0.21569927 -0.14764561 -0.08889856 -0.029970173 0.038026392
0.7006942 0.85577756 0.4732325 -0.028056616 -0.33369905 0.06048182 0.32429236 0.45206493 0.31157517 0.03335171 -0.07776448 -0.16410261 -0.24685696 -0.4130856 -0.41200423 -0.21663585 -0.034028128 0.0269819 0.019422906 0.03983845 0.13177712 0.2602664 0.32474566 0.33337128 0.25867143 0.17859238 0.09560184 -0.018521715 -0.1183587 -0.0009811678 0.19629337 0.27956733 0.20330419 0.025916478 -0.1206155 -0.21950257 -0.14282951 -0.08375103 -0.13077451 -0.26585597 -0.26080588 -0.1881599 0.11934553 0.39011785 0.25664225 0.17121048 0.07499802 -0.018947475 -0.12094948 0.02699458 0.113547705 0.01199613 -0.050184716 -0.07502975 -0.052836515 -0.013342371 0.05970299 0.13368702
0.65817326 0.77579147 0.5367943 0.05423661 -0.23156102 0.09755436 0.31944346 0.39035127 0.15012956 -0.032476105 -0.10343431 -0.21862414 -0.28282723 -0.3807032 -0.4613049 -0.12716605 0.12010884 0.21831547 0.27196085 0.29015693 0.2681672 0.2837413 0.2841382 0.24098007 0.18832658 0.15324232 0.07385384 0.047938246 -0.026102928 0.037791368 0.3375832 0.2649825 0.108849324 -0.035957973 -0.14119022 -0.23510839 -0.16251434 -0.07551827 -0.080717556 -0.12677342 -0.2245429 -0.19368197 0.043815676 0.32476953 0.20258261 0.15547068 0.0071583567 -0.1288179 -0.17661528 0.050730057 0.23975153 0.05455617 -0.0046442845 0.0008417441 0.019491231 0.07894689 0.15520224 0.220987
