static/data/seaWater_vo/2023/7/21/18.asc
ncols 137
nrows 93
xllcorner 108.0
yllcorner 17.0
cellsize 0.25
NODATA_value -32767
[rows 0 to 25 of 93, columns 58 to 115 of 137]
-32767.0 -32767.0 -32767.0 -32767.0 -32767.0 -32767.0 -32767.0 -32767.0 -32767.0 -32767.0 -32767.0 -32767.0 -32767.0 -32767.0 -32767.0 -32767.0 -32767.0 -32767.0 -32767.0 -32767.0 -32767.0 -32767.0 -0.03030977 -0.26213008 -0.46081483 -0.0849336 0.20916425 0.091135174 -0.038833708 0.035211522 -0.045172933 -0.11125124 -0.14590777 -0.10877302 -0.10149022 -0.050977446 0.010456225 -0.025311628 -0.1450088 -0.08258307 0.012101518 0.13732377 0.29203108 0.2767478 0.029280886 -0.21503149 -0.10901422 -0.12530184 -0.036818642 -0.1466296 -0.14401963 0.024387296 0.33628118 0.0879029 -0.06367985 0.086914286 0.1934448 0.2829991
-32767.0 -32767.0 -32767.0 0.034139685 0.012122936 0.012244786 0.012900591 0.010525106 -0.003814441 0.00076593645 -32767.0 -32767.0 -32767.0 -32767.0 -32767.0 -32767.0 -32767.0 -32767.0 -32767.0 -32767.0 -32767.0 0.05131835 -0.21374777 -0.52231145 0.048693843 -0.025483001 0.084266946 0.08761443 -0.09446252 -0.17300512 0.00061952043 0.025332913 0.07926907 -0.014892992 -0.18989216 -0.08175205 0.051058438 -0.11831484 -0.18295126 -0.064661466 -0.016099751 0.22483133 0.48466203 0.29429266 -0.09724694 -0.2824442 -0.16373557 -0.032342684 0.11615303 0.19911723 0.18865806 0.15508187 0.093556724 -0.057822175 -0.2751834 -0.38850403 0.010303832 0.22168876
-32767.0 0.004918129 -32767.0 0.026912022 0.0017828145 0.05096852 0.052156873 0.05697602 -0.0038903963 0.005673457 0.001911443 0.01576484 -32767.0 -32767.0 -32767.0 -32767.0 -32767.0 -32767.0 -32767.0 -32767.0 -32767.0 -0.052093346 -0.4232722 -0.03293364 0.12970118 0.1595571 0.08974154 0.11262441 0.28213602 0.18270266 0.1278111 0.45021656 0.29989803 -0.15112182 -0.26202112 -0.261575 0.020962825 0.047198854 -0.050546907 -0.026577082 0.12861347 0.31659588 0.51501733 0.14635931 -0.310713 -0.17167397 0.10183507 0.041683283 0.119449 0.16501619 0.30104503 0.4123792 0.31066966 0.053983934 -0.26107162 -0.34505928 -0.02675335 0.3910468
0.03299788 -32767.0 0.006740098 0.09072772 0.0413887 0.1088028 0.13491902 0.11478308 0.019618712 -0.014831938 -0.002218577 0.11272266 -32767.0 -32767.0 -32767.0 -32767.0 -32767.0 -32767.0 -32767.0 -32767.0 0.026823461 0.0046286318 -0.39847627 -0.09513658 0.15490724 0.13186446 0.09915133 0.24382165 0.3448575 0.62612313 0.28417522 0.109107174 0.11457994 -0.36829656 -0.4027404 -0.3693965 0.06047207 0.2003461 0.19354863 0.13510397 0.31168833 0.4476021 0.1827261 -0.13273075 -0.41794688 -0.4321902 0.16558775 0.13477059 -0.029344056 0.15152699 0.2742556 0.47065273 0.31613442 0.15044442 -0.006093956 -0.020263124 0.03910766 0.5198935
-0.04659728 -32767.0 -0.006866916 0.054043654 0.15279767 0.14874765 0.08219047 0.17083576 0.21139702 -0.12996091 0.06846502 -32767.0 -32767.0 -32767.0 -32767.0 -32767.0 -32767.0 -32767.0 -32767.0 -32767.0 -32767.0 -32767.0 -0.2827005 -0.17976291 0.006266091 0.0899842 0.012304297 0.08713978 0.5499107 0.76159835 0.2798374 -0.0081087975 -0.21630557 -0.31348163 -0.11056188 -0.1404553 -0.026574627 0.25166878 0.40402937 0.386823 0.29605687 0.20512891 0.17969415 -0.11117686 -0.459848 -0.5248919 -0.033226572 0.08460902 0.08111202 0.25845754 0.38682914 0.54095113 0.20953467 -0.065235145 -0.05344128 -0.046135783 -0.008431763 0.24652071
-0.0060156365 -0.009689584 -0.01959571 0.10858419 0.15215291 0.10576765 0.07350819 0.075431965 0.17525427 -0.10843726 0.014563606 -32767.0 -32767.0 -32767.0 -32767.0 -32767.0 -32767.0 -32767.0 -32767.0 -32767.0 -32767.0 -32767.0 -32767.0 -0.24660264 -0.26158038 -0.15658611 -0.015722204 0.12534809 0.57268894 0.712848 0.2847854 0.009710116 -0.0387435 -0.022382544 0.0011015721 -0.106761515 -0.19830337 -0.15536065 0.061953496 0.2293726 0.085480586 0.07478874 0.075208485 -0.1603317 -0.3164594 -0.33645386 -0.10099122 0.01809692 0.10555232 0.2691119 0.5579652 0.40068147 0.0155501105 -0.33239895 -0.32670102 0.08681136 -0.013405051 -0.013876855
0.095536284 0.101850465 0.036827296 0.008884927 0.011005484 -0.01666986 -0.0020306634 0.062010556 0.13716687 0.0014968436 0.03565912 -32767.0 -32767.0 -32767.0 -32767.0 -32767.0 -32767.0 -32767.0 -32767.0 -32767.0 -32767.0 -32767.0 -32767.0 -32767.0 -0.37795395 -0.3866945 -0.06345468 0.13680325 0.48287347 0.6053477 0.3892194 0.15947624 0.10051628 0.15083271 0.15473227 -0.050544012 -0.23660694 0.009825939 -0.028768217 -0.09754139 -0.101455815 -0.19055766 -0.17017747 -0.06719138 -0.16570786 -0.108473025 0.19353981 0.31496602 0.39985582 0.36530533 0.23552296 0.054232113 -0.19080245 -0.24603657 -0.34037206 -0.11809625 -0.023383781 -0.061815966
0.112352535 0.17015722 0.1502278 0.05156234 -0.022527955 -0.026218839 0.02594756 0.17522062 0.08624794 -0.10918463 -32767.0 -32767.0 -32767.0 -32767.0 -32767.0 -32767.0 -32767.0 -32767.0 -32767.0 -32767.0 -32767.0 -32767.0 -32767.0 -32767.0 -32767.0 -0.5276535 -0.15588406 0.11438334 0.41485 0.8066684 0.4634134 0.1975374 0.15993445 0.0672417 -0.09550316 -0.09761676 0.19157156 0.24240284 0.1526155 0.007388569 -0.2176101 -0.34580216 -0.20951995 0.379787 0.4327144 0.35540545 0.30214074 0.42162105 0.4030556 0.19474107 0.03509295 0.07156588 0.047033638 -0.08443344 -0.2751129 -0.2515328 -0.10293708 0.33126897
0.056322716 0.17651148 0.12244763 0.037935372 -0.11644501 -0.18596177 -0.20641166 -0.0023781338 0.01760027 -32767.0 0.020032855 -32767.0 -32767.0 -32767.0 -32767.0 -32767.0 -32767.0 -32767.0 -32767.0 -32767.0 -32767.0 -32767.0 -32767.0 -32767.0 -32767.0 -0.16702268 -0.41620633 0.09711146 0.46489078 0.8006005 0.20716204 0.022967504 -0.049998753 -0.14756373 -0.13637911 0.06345656 0.30996117 0.27277952 0.17835411 0.09106144 0.022749191 -0.12304179 -0.19914316 0.011513656 0.23663467 0.31206512 0.25404873 0.23817411 0.22663218 -0.040277116 0.019593604 0.19591753 0.23803687 0.1614458 0.09827283 0.08399556 0.05295743 0.19485086
0.01892806 0.15840957 0.14601532 -0.06250416 -0.20805755 -0.31897795 -0.40797466 -0.36104116 -0.20054017 -0.050899386 0.060257852 0.025465295 0.10713774 0.0066608354 0.016349575 0.036284197 -32767.0 -32767.0 -32767.0 -32767.0 -32767.0 -32767.0 -32767.0 -32767.0 -32767.0 -32767.0 -0.19728911 -0.17649001 0.62139827 0.774546 -0.002638911 -0.11985445 -0.10593731 -0.08329856 -0.07394958 -0.00977087 0.005178215 0.1103634 0.15735666 0.23809764 0.23821402 0.31941143 0.29243922 0.3497944 0.23448987 0.09903159 0.24299009 0.35893098 0.10889611 -0.18530501 -0.0693928 0.16171971 0.21507272 0.086089924 -0.016851138 -0.012882248 0.05880639 0.44125083
0.11105786 0.3327753 0.12607738 -0.031841163 -0.08118539 -0.18666573 -0.3263034 -0.31783348 -0.22127141 -0.23929864 0.08335749 0.035756636 0.07823974 0.013984011 0.10551427 0.1456393 -32767.0 -32767.0 -32767.0 -32767.0 -32767.0 -32767.0 -32767.0 -32767.0 -32767.0 -32767.0 -32767.0 -0.11999367 0.18656366 0.7943366 0.002453461 0.004848892 -0.08714833 -0.19714823 -0.19472988 -0.07381328 -0.15731801 -0.12556116 0.05741224 0.3462365 0.27091607 0.46188307 0.43606198 0.15415138 0.06806855 0.121860765 0.1261414 0.12194149 0.09575326 -0.003935382 0.07304878 0.08081639 0.17690428 0.2805217 0.086835474 -0.09105081 0.1047677 0.30974898
-32767.0 0.36154428 -0.04404809 0.112694174 0.07520151 -0.022491325 -0.08638992 -0.19817318 -0.1812562 -0.116699874 -0.013884669 0.14279868 0.12533656 0.1475625 0.15937011 0.18604778 0.16216819 0.025178965 -32767.0 -32767.0 -32767.0 -32767.0 -32767.0 -32767.0 -32767.0 -32767.0 -32767.0 -32767.0 0.24411716 0.74529785 0.0077783484 -0.17125829 0.09285885 -0.12403354 -0.2866958 -0.088140056 0.008470642 -0.048558667 0.03134807 0.20720723 0.36032063 0.4470303 0.52797383 0.002030045 -0.054602157 0.05809301 -0.043024123 -0.019044433 0.03297325 0.047735896 0.020252017 -0.1310383 0.25509432 0.72163755 0.33115003 -0.22960226 -0.041479994 -32767.0
-32767.0 0.3140363 0.13531996 0.22846502 0.1688753 0.18493816 0.10899706 0.08592071 0.0135528315 0.048786048 0.011528466 0.15828812 0.20396568 0.028974582 0.2854772 0.07653437 -32767.0 0.10721531 -32767.0 -32767.0 -32767.0 -32767.0 -32767.0 -32767.0 -32767.0 -32767.0 -32767.0 -32767.0 0.1617494 0.7535809 0.14346974 0.071107455 0.018517766 -0.12094904 -0.19287182 -0.08687396 -0.031869285 0.035692524 -0.012794988 0.23384196 0.35087013 0.5379152 0.54403484 -0.052383088 -0.04980156 0.054131445 -0.052479226 0.021839231 0.08349397 -0.044261597 -0.024934284 -0.2605981 -0.07948281 0.6462937 0.6409128 0.013531109 -0.28156266 -32767.0
0.16946818 0.21623716 0.18455377 0.19090341 0.14215015 0.2157483 0.19471957 0.23481627 0.22005874 0.23148891 0.15895297 0.18631639 0.18361467 0.29748586 -0.15389282 -32767.0 -32767.0 -32767.0 -32767.0 -32767.0 -32767.0 -32767.0 -32767.0 -32767.0 -32767.0 -32767.0 -32767.0 -32767.0 0.021722304 0.8538385 0.38104856 -0.105335705 0.25363824 -0.0039718277 -0.10920106 -0.13944542 -0.12286908 -0.06246687 -0.13350402 0.12773289 0.41484782 0.57044715 0.45582476 0.0028713015 -0.12995194 -0.07945676 -0.016840551 0.098130874 0.08460289 0.12540098 -0.00157248 -0.08818924 -0.22275902 -0.008005869 0.695359 0.12938404 0.121616386 0.033383403
0.15421863 0.22877575 0.21064466 0.1666759 0.088512585 0.14050512 0.11928797 0.10657257 0.1745934 0.2672876 0.23150784 0.14942722 0.1592017 0.29197517 -0.21703616 0.23033997 -32767.0 -32767.0 -32767.0 -32767.0 -32767.0 -32767.0 -32767.0 -32767.0 -32767.0 -32767.0 -32767.0 -32767.0 -0.39176378 0.8622206 0.6850055 -0.013184429 0.016855014 0.21490839 0.06389175 -0.08088004 -0.0620309 0.0119740805 0.058591705 0.0674676 0.16894098 0.3425684 0.23807827 0.2079621 -0.1735671 -0.0023137606 0.04791423 -0.0478496 -0.0010812068 0.13871232 0.147954 -0.08940384 -0.21641828 -0.117491215 0.40280268 0.35073483 0.04490522 -32767.0
0.2451061 0.22629549 0.1860591 0.10404072 0.051463973 0.14687702 0.13580896 0.1083535 0.074788466 0.014371057 -0.042374894 -0.08423609 0.043982536 0.18000875 0.091311194 0.05678875 0.012659431 -32767.0 -32767.0 -32767.0 -32767.0 -32767.0 -32767.0 -32767.0 -32767.0 -32767.0 -32767.0 -32767.0 -0.5399554 1.0438063 0.7177427 0.06840722 0.0785796 -0.1475142 -0.017788917 -0.11124543 0.0067228633 0.35070923 0.39916378 0.17760773 0.048235252 0.02283483 0.15299562 -32767.0 -0.07334837 -0.028184611 0.12938341 0.029642643 -0.033808056 -0.02622109 -0.016656265 -0.0586195 -0.12906002 -0.08151172 0.54557675 -32767.0 -32767.0 -32767.0
0.22103249 0.17531908 0.1464238 0.11853891 0.13018692 0.17440182 0.15421095 0.09462154 0.01573401 -0.044835232 -0.13069129 -0.13208894 -0.00710369 0.0763368 0.20331421 0.21147011 0.00199815 -32767.0 -32767.0 -32767.0 -32767.0 -32767.0 -32767.0 -32767.0 -32767.0 -32767.0 -32767.0 -32767.0 -32767.0 1.0280894 0.5070107 -0.27272308 0.001088162 -0.0931264 -0.19597644 -0.043594994 0.24440764 0.37251547 0.13381353 0.06961647 -0.14047593 -0.052222285 0.21080269 0.14066136 0.15185523 -0.028308164 0.0511198 0.2586755 -0.115335576 -0.31010398 -0.06555971 0.06917354 0.25797758 0.18496938 0.019551128 -32767.0 -32767.0 -32767.0
0.18106057 0.17574537 0.1604651 0.12621082 0.15723994 0.14827606 0.07340309 0.046030253 0.0032839805 -0.0092463335 -0.018889656 0.09903483 0.12154996 0.13387193 0.197159 0.22179264 0.0415162 0.051036146 -32767.0 -32767.0 -32767.0 -32767.0 -32767.0 -32767.0 -32767.0 -32767.0 -32767.0 -32767.0 0.76971626 0.9473504 0.1784147 -0.1336755 0.28690666 0.045056965 0.036758274 0.20661072 0.23049155 0.16207105 -0.08055284 -0.0914103 0.024917211 0.3130675 0.3929354 0.29143697 0.3220203 0.23860669 0.18635547 0.2965641 0.05351523 0.104985274 0.12262737 -32767.0 0.30884603 0.15260924 0.14077069 -32767.0 -32767.0 -32767.0
0.12919724 0.18654524 0.23778431 0.23570211 0.25657016 0.19911902 0.105494626 0.045720074 0.0880859 0.11898905 0.10470656 0.16767427 0.2695929 0.1343366 0.11479262 0.13428517 0.007363229 -32767.0 -32767.0 -32767.0 -32767.0 -32767.0 -32767.0 -32767.0 -32767.0 -32767.0 -32767.0 -32767.0 0.70638865 0.6961268 0.021103077 -0.21446756 0.13321915 0.1547167 0.09428803 0.19790404 0.07742205 0.13755573 -0.1772082 0.15834709 0.30195034 0.25487337 -32767.0 -32767.0 0.031141996 0.057370257 -32767.0 -32767.0 -32767.0 -32767.0 -32767.0 -32767.0 -32767.0 -32767.0 -32767.0 -32767.0 -32767.0 -32767.0
0.100571185 0.19529755 0.2606047 0.32121107 0.29349023 0.1756676 0.12455333 0.07198463 0.12959096 0.18596481 0.19238825 0.21980654 0.16587046 0.04421572 0.15793277 0.059776172 -32767.0 -32767.0 -32767.0 -32767.0 -32767.0 -32767.0 -32767.0 -32767.0 -32767.0 -32767.0 -32767.0 0.5980417 0.59923625 0.4393608 0.052749198 0.05564579 0.09825232 0.26965728 0.3750569 0.3315874 0.20170377 0.08049384 -0.09954663 0.018799987 0.25469044 -32767.0 -32767.0 -32767.0 -32767.0 -32767.0 -32767.0 -32767.0 -32767.0 -32767.0 -32767.0 -32767.0 -32767.0 -32767.0 -32767.0 -32767.0 -32767.0 -32767.0
0.092180304 0.15697433 0.2700786 0.32504463 0.28519562 0.27639344 0.24256681 0.1875709 0.1347942 0.13131598 0.20905422 0.32137886 0.13379513 0.18123974 0.05893045 0.014547618 -32767.0 -32767.0 -32767.0 -32767.0 -32767.0 -32767.0 -32767.0 -32767.0 0.109891854 0.045170393 0.4335573 0.64013773 0.4296177 0.15443048 -0.03621138 0.06129311 0.25959852 0.4123018 0.4496682 0.12590472 0.18944174 0.034839164 -0.13103262 -32767.0 -32767.0 -32767.0 -32767.0 -32767.0 -32767.0 -32767.0 -32767.0 -32767.0 -32767.0 -32767.0 -32767.0 -32767.0 -32767.0 -32767.0 -32767.0 -32767.0 -32767.0 0.068792365
0.12973318 0.20606476 0.29562324 0.33338937 0.33194375 0.36021447 0.37071973 0.34571677 0.24521795 0.18560642 0.18479756 0.1816162 0.06522495 0.1412586 0.07910011 0.055064578 -32767.0 -32767.0 -32767.0 -32767.0 -0.050696705 0.084508315 -0.05354269 0.12529638 0.08704863 0.45277625 0.6083522 0.60286915 0.14931965 -0.021345992 0.05889444 0.22036739 0.36681122 0.3748003 0.34881026 -0.06978776 0.15269057 0.06272608 -32767.0 -32767.0 -32767.0 -32767.0 -32767.0 -32767.0 -32767.0 -32767.0 -32767.0 -32767.0 0.14704636 -0.104833566 -32767.0 -32767.0 -32767.0 -32767.0 -32767.0 -32767.0 -32767.0 -0.034184966
0.1989313 0.26145157 0.292446 0.25780502 0.28099746 0.36341903 0.37027243 0.36469713 0.3155331 0.28630546 0.22559324 0.17419541 0.13136968 -0.13654013 0.17798615 -32767.0 -0.010170404 -32767.0 -0.011065957 -32767.0 -0.026709724 -32767.0 0.17399052 0.2334171 0.32224432 0.41816962 0.67809975 0.27621433 0.03826783 0.11294802 0.2848985 0.34590814 0.32668957 0.34139952 0.059646066 0.057588555 -32767.0 -32767.0 -32767.0 -32767.0 -32767.0 -32767.0 -32767.0 -32767.0 0.011841666 -0.024786381 -0.014548113 -0.0017772551 0.1793694 0.047108248 -0.0410615 -0.09369113 -32767.0 -32767.0 -32767.0 -32767.0 -32767.0 0.051395565
0.18030249 0.1654723 0.26828578 0.25679114 0.30035317 0.34275177 0.35764176 0.31850103 0.2904484 0.25506315 0.19824469 0.16712955 0.22603065 0.1557762 -0.017931126 0.0049878363 0.046666067 0.07176267 0.10090077 0.11138613 0.089410566 0.26763934 0.27578062 0.2649617 0.14356434 0.2881974 0.39765114 -32767.0 0.09791136 0.32763013 0.31913778 0.259505 0.22867267 0.14320947 -32767.0 -32767.0 -32767.0 -32767.0 -32767.0 -0.23836455 -0.16064368 -0.19541763 -0.13909587 -0.093868926 -0.007612966 0.0416323 -32767.0 -32767.0 0.13258927 0.06733003 -0.2615121 -32767.0 -32767.0 -32767.0 -32767.0 -32767.0 0.028176356 -0.029659819
0.013164695 0.186193 0.20074765 0.21358743 0.26033553 0.2580101 0.25144225 0.22713579 0.29123163 0.2562437 0.18497169 0.056201093 0.18358527 0.15875861 0.23677413 0.17461193 0.1544154 0.3185836 0.27261132 0.100827605 0.14982738 0.2943341 0.27811602 0.23972343 0.14002082 0.051969662 0.12564418 0.16229635 0.23313709 0.2514635 0.1099061 0.008882873 0.21544741 0.06438456 -0.011197352 -32767.0 0.104903616 0.040887535 -32767.0 -0.24018165 -0.122982405 -0.111100286 -32767.0 -0.03995517 0.016805371 -32767.0 -32767.0 -32767.0 -32767.0 -0.0072853863 -0.21246701 -32767.0 -32767.0 -32767.0 -32767.0 0.10896591 0.17998631 -0.10713648
-0.055636726 0.09039193 0.16289231 0.15443721 0.17506854 0.2188087 0.2766819 0.2648699 0.18417592 0.1682457 0.17760943 0.17590126 0.21519846 0.21705344 0.1982246 0.15356256 0.22472654 0.2888355 0.20366085 0.11542567 0.052129976 0.027790295 0.08866086 0.20339917 0.17137462 0.19475862 0.18357675 0.090773426 0.08282961 -32767.0 0.05994337 0.10875291 -32767.0 -32767.0 -0.01800462 0.0012902096 0.1015088 0.036852922 0.14066319 0.18007226 -0.15896033 -32767.0 -32767.0 -32767.0 -32767.0 -32767.0 -32767.0 -32767.0 -32767.0 -0.16976729 -0.10177103 -0.02520233 -32767.0 -32767.0 0.16926496 -0.14547423 -0.16534805 -0.16382211
