static/data/seaWater_vo/2023/7/21/6.asc
ncols 137
nrows 93
xllcorner 108.0
yllcorner 17.0
cellsize 0.25
NODATA_value -32767
[rows 25 to 49 of 93, columns 58 to 115 of 137]
0.28155747 0.20957632 0.12119682 0.10524435 0.08203774 0.07390461 -0.029560404 -0.1041615 -0.07777357 -0.040320143 -0.0037927376 0.028167762 -0.024595061 -0.11136304 -0.0613124 0.030465424 0.13709807 0.17987254 0.13670412 0.120810434 0.11948786 0.1559364 0.21904579 0.35915646 0.35426962 0.34032422 0.33407655 0.28478208 0.13021939 -32767.0 0.11073727 -0.22052975 -32767.0 -32767.0 0.0155728245 -0.023330461 0.06040146 -0.06453562 0.24149834 0.17300892 -0.22772875 -32767.0 -32767.0 -32767.0 -32767.0 -32767.0 -32767.0 -32767.0 -32767.0 -0.071536906 -0.042686734 -0.21106929 -32767.0 -32767.0 0.555687 0.33616704 0.23218139 0.26615742
0.25736317 0.25764 0.22508919 0.09240641 0.12677717 0.103856 0.1351769 0.0773436 0.020078108 0.018599885 0.09348809 0.061794847 0.050369103 -0.006978342 -0.035008233 -0.04452038 -32767.0 -32767.0 0.16309685 0.40039068 0.32659322 0.21455792 0.17437549 0.23607737 0.25388646 0.2560819 0.2800205 0.105854936 -0.00939814 -0.11221913 -0.08142503 -32767.0 -32767.0 -32767.0 -32767.0 -32767.0 -32767.0 -0.14927964 0.13576378 0.0043760687 -32767.0 -32767.0 -32767.0 -32767.0 -32767.0 0.04652221 -32767.0 -0.19239262 0.42999536 0.3017859 0.08875364 -0.29599032 0.23010345 -32767.0 0.2053527 -0.0064045424 0.13063104 0.33716837
0.22107898 0.23185669 0.29347244 0.21845058 0.15694 0.18713692 0.3018383 0.2805117 0.17428964 0.15380134 0.14857554 0.19201759 0.18055789 0.19096212 0.17423706 -32767.0 -32767.0 0.2544874 0.32911283 0.42233574 0.36500347 0.27459136 0.24247058 0.2849889 0.19435582 0.18728012 0.021377236 -0.10306106 -32767.0 -32767.0 -32767.0 -32767.0 -32767.0 -32767.0 -32767.0 -32767.0 -32767.0 -0.18350609 0.0034475788 0.10735074 -32767.0 -32767.0 -32767.0 0.02149554 0.112766296 0.16322218 0.118891396 0.012020317 0.5482576 0.28098014 0.027347239 0.030858703 0.29395604 0.1495456 -0.1029147 -0.08709279 0.04604877 0.36203313
0.18436778 0.06724035 0.14856169 0.208019 0.16385774 0.073083036 0.11864786 0.19287029 0.23618226 0.18618739 0.17916748 0.23021895 0.28741196 0.2994421 0.17946452 0.18092307 0.21262038 0.25204566 0.293714 0.32654226 0.40726778 0.37152848 0.34503326 0.23852605 0.13198823 0.12765034 -32767.0 0.04918956 -0.14795747 -32767.0 -32767.0 0.016019335 -32767.0 -32767.0 -32767.0 -32767.0 -32767.0 -32767.0 -0.08135512 0.10185852 -32767.0 -32767.0 0.05910855 0.3046008 0.52856964 0.3414043 0.4745754 0.48432067 0.38204342 0.15621419 0.23893479 0.20238869 0.02722375 -0.09836347 -0.08075819 0.030725492 0.21221335 0.35785973
0.13543665 0.047109593 0.092309885 0.12048852 0.13387376 0.24617542 0.19158988 0.072836205 0.0397313 0.087724954 0.117755026 0.17264336 0.3475771 0.33009258 0.26718053 0.29333124 0.27865958 0.205528 0.253001 0.37402284 0.41718507 0.44551665 0.29942983 0.15385601 0.06772862 -32767.0 0.02188588 -0.0115588335 0.14002673 -0.04132096 0.09059401 -32767.0 -0.026238274 -32767.0 -32767.0 -32767.0 -32767.0 -32767.0 0.30094334 0.2223522 0.039031718 -0.06461004 0.17076242 0.3939668 0.37319702 0.28832328 0.33513042 0.36546338 0.15046825 -0.013415051 0.1612181 0.1753085 0.00736602 -0.02528735 0.07355082 0.19425677 0.29097655 0.37302223
0.0642944 0.04650957 0.10608823 -0.0099655045 0.09606026 0.029530091 0.29244444 0.28516895 0.14203756 0.11377576 0.10373494 0.3291855 0.67158663 0.54844046 0.29220086 0.2937067 0.29112315 0.22806334 0.38229054 0.47108352 0.3545716 0.3157213 0.23017196 0.10002234 0.04565964 0.03832291 0.085913025 0.01668004 0.098190635 0.07209066 -0.038305428 0.04235512 0.02450716 -32767.0 -32767.0 -32767.0 -32767.0 0.312445 0.3150325 0.3400996 0.2211619 0.15169805 0.3534627 0.42135736 0.32868838 0.18319952 0.14473993 0.17785177 0.05612715 -0.11084098 0.19902968 0.14065245 0.1125978 0.105083056 0.16388844 0.22202753 0.23257875 0.3725094
0.036300138 0.052482758 0.21519941 0.2308441 0.16960809 -0.016167032 0.23619708 0.14191158 0.19201627 0.42279947 0.20585449 0.26840177 0.33708993 0.33171883 0.27027646 0.27470872 0.29797405 0.2401259 0.3602102 0.37839043 0.23010626 0.26940134 0.2601477 0.20346384 0.15083532 0.10939429 0.0042637573 -0.16806039 -0.19950034 0.04286809 -0.037277494 0.084987685 -0.0732127 -32767.0 -32767.0 -32767.0 -32767.0 0.0996783 0.22242424 0.31987953 0.34897792 0.4723382 0.5016647 0.46869597 0.39899832 0.33512214 0.26659063 0.11753719 -0.028326038 0.067714445 -0.03150814 0.027782131 0.03977752 0.08367966 0.058505107 0.012497605 0.164705 0.31320482
0.09309148 0.101040244 0.24552749 0.23238389 0.23832965 0.16043214 0.20504108 0.1701505 0.046918515 0.20554738 0.20216726 0.27431107 0.35139057 0.39871976 0.26914495 0.18694498 0.2192311 0.22233905 0.27567276 0.25268722 0.24681304 0.39418888 0.3870035 0.31625226 0.26327586 0.14089783 0.11844233 -0.037519667 -0.29305792 -0.1905938 -0.11416537 -32767.0 -32767.0 -32767.0 -32767.0 -32767.0 0.05087485 0.000587897 0.04648166 -0.020750452 0.47134197 0.8345761 0.6749913 0.48643225 0.36507118 0.2958659 0.19647679 0.10280865 0.03885814 -0.120084025 -0.29014215 -0.28487754 -0.25645232 -0.090875596 -0.0874338 -0.1386144 0.13986713 0.24707101
0.106883585 0.12697968 0.22986567 0.1657765 0.17979851 0.2045734 0.1460226 0.039767854 -0.12673569 -0.103792705 -0.022280138 -0.02101521 0.09290898 0.38470453 0.24671036 0.20854701 0.26865968 0.2872482 0.22935395 0.22349328 0.27218232 0.39582503 0.4154062 0.4351164 0.38978553 0.22770874 0.10982656 -0.028108098 -0.2454766 -0.3603407 -0.26493996 -32767.0 -32767.0 -32767.0 -32767.0 -32767.0 0.037148423 -0.008712983 -0.07149386 0.22268268 1.1081911 0.8618478 0.600347 0.4320763 0.2879118 0.19127454 0.09594689 -0.036919143 -0.1444869 -0.15413737 -0.20765205 -0.43055728 -0.6343122 -0.55969965 -0.34452254 -0.28090268 0.040825225 0.18606625
-0.11238867 0.16822805 0.12857021 0.040116884 0.13191098 0.19507357 0.14090072 0.17374928 0.006361081 -0.2079061 -0.2398285 -0.16776499 -0.02106063 0.14847663 0.17964385 0.13341853 0.1319245 0.20245825 0.25582302 0.31342733 0.36387247 0.38295275 0.41279432 0.4077439 0.33825144 0.25660652 0.057312697 -0.06295059 -0.28646553 -0.2253579 -0.20151143 -0.038739935 -32767.0 -0.032119982 -32767.0 -32767.0 0.15444714 0.3983265 0.5703844 0.76789296 0.85685414 0.752175 0.50973624 0.37421268 0.26279795 0.17262664 0.06361634 -0.09774967 -0.19729635 -0.32337436 -0.27155387 -0.37534684 -0.6326518 -0.92130065 -0.8224866 -0.5243245 -0.15912823 0.11499123
-0.11597266 0.033588637 0.08321129 0.13122925 0.16720001 0.17880942 0.08150886 0.0827285 -0.0674454 -0.18104436 -0.14273123 -0.07768166 0.03024682 0.045800384 0.09886705 0.014381581 0.14493549 0.2846368 0.34434307 0.33429518 0.38234395 0.4163987 0.37463453 0.3088763 0.236428 0.13384363 0.027378187 -0.16433 -0.19897011 -0.29116896 -0.27103373 -0.17062066 -0.023187777 -0.13867752 -32767.0 0.3138236 0.6169332 0.5507782 0.73547107 0.77356136 0.728826 0.5917164 0.49241817 0.26267037 0.24137145 0.23456967 0.010241584 -0.17216009 -0.21853378 -0.34362414 -0.38357356 -0.41593343 -0.56909144 -0.90083104 -1.2023401 -0.9850802 -0.4810068 0.063940346
-0.084897496 -0.14523195 0.23985533 0.22592135 0.16066295 0.083372526 0.12410368 0.14520043 -0.050736167 -0.094578095 -0.12078529 -0.044162877 0.038593423 0.10104213 0.04123818 0.06209642 0.21748544 0.31409505 0.3218156 0.37809864 0.41413456 0.3214954 0.258764 0.30288434 0.29518324 0.17110045 -0.053413376 -0.27349854 -0.2169636 -0.1760378 -0.2112276 -0.050111316 -0.26818612 -32767.0 0.48619306 0.34416923 0.49484769 0.67463005 0.69650006 0.6708642 0.5359457 0.5174526 0.32279179 0.15086375 0.1428693 0.22265211 0.18535978 -0.009795761 -0.1559009 -0.23756932 -0.30237952 -0.38186583 -0.5584739 -0.796687 -1.1264224 -1.285867 -0.8270345 -0.12696561
-0.04020063 -0.07892636 0.011495188 0.27884975 0.13605599 0.029773556 0.03673316 0.1974552 0.02275714 -0.057052705 -0.0851719 0.0014391023 0.05120328 0.06666438 0.08675235 0.10954785 0.15024999 0.26729664 0.3296311 0.34098077 0.30577993 0.25311628 0.32094145 0.4364385 0.429707 0.26823276 -0.02062396 -0.27446508 -0.42067796 -0.30569673 -0.026159173 -0.48137122 -0.07920006 -0.06284019 0.019847747 0.25487307 0.37537324 0.5350516 0.68646306 0.6151464 0.3794095 0.36607102 0.10994298 0.10494991 0.036270164 0.11965799 0.13470632 -0.023014093 -0.15419644 -0.21013004 -0.2541096 -0.33805132 -0.4186928 -0.6172993 -0.90531933 -1.1718508 -1.0238299 -0.37252018
-0.001693488 0.09826942 0.1631881 0.16892423 0.07134478 -0.009500274 -0.09354664 -0.038686644 0.008614831 -0.027668115 -0.06453205 0.008000473 -0.061521873 -0.013403691 0.09331338 0.14733027 0.15823461 0.26309666 0.29435045 0.20867953 0.24304037 0.17132364 0.26222438 0.4326349 0.56279844 0.39194542 0.12727842 -0.14883992 -0.46141908 -0.5613598 -0.41843092 -32767.0 -0.17443061 -0.21087806 -32767.0 0.19523048 0.44540343 0.68072975 0.6604068 0.6189063 0.33467653 0.26658782 0.084076814 0.07231664 0.010630778 -0.07502073 -0.022648012 -0.1235831 -0.14652231 -0.20943959 -0.33898935 -0.24723685 -0.22708051 -0.41364923 -0.6625194 -0.89036447 -0.9724008 -0.49098256
-32767.0 -0.0013463197 0.2557396 0.18157203 0.05477966 -0.018618792 -0.0009279696 -0.07308164 -0.028691465 -0.05787544 0.012198918 0.02311527 -0.028017983 -0.0020161602 0.12225752 0.21169901 0.18245614 0.14741883 0.09193047 0.038041033 0.10030138 0.14709795 0.1890148 0.49546218 0.6154561 0.49450558 0.30332488 -0.046268042 -0.3605958 -0.6532096 -0.7528296 -0.62339705 -32767.0 -0.46586236 -0.026786773 -0.05345326 0.47817114 0.7634233 0.62276673 0.6579304 0.31274912 0.24769683 0.06460873 0.015451091 -0.03469571 -0.10651899 -0.08556406 -0.030532286 -0.09929484 -0.27280983 -0.35253054 -0.3272569 -0.11966177 -0.24868816 -0.48338082 -0.70888245 -0.68047434 -0.40347686
-0.063779235 0.13269822 0.2919823 0.16664737 -0.022536853 -0.01054042 0.020323422 0.10256821 0.06990132 -0.07134694 -0.13859509 -0.07351833 -0.022273809 0.06163572 0.111722186 0.09048946 -0.020344358 -0.097744025 0.055927187 -0.12928653 0.042043746 0.11437359 0.18816197 0.54931134 0.6185042 0.4909818 0.42803207 0.061702468 -0.40759966 -0.64110106 -0.6093571 -0.9718652 -0.5449301 -0.5045459 -0.046651624 -0.048786696 0.32153597 0.7944454 0.75501466 0.62250584 0.29727003 0.21138944 0.0067203776 -0.013473666 -0.12375306 -0.19322021 -0.13140592 0.10168745 0.00944281 -0.0909993 -0.27382293 -0.4717039 -0.3728202 -0.20158303 -0.36054045 -0.4719261 -0.4327498 -0.2436642
-0.19030564 0.24873173 0.32515413 0.17700928 0.017233545 0.061248023 -0.036679894 -0.0084280465 0.12950428 0.010671748 -0.039929636 -0.049090315 -0.0060667666 0.06352554 0.175695 0.18129638 0.07529165 -0.039438326 0.012834318 0.06931752 0.13014185 0.21364304 0.34415436 0.54935724 0.56995046 0.5203495 0.5238053 0.14679196 -0.47110972 -0.74465203 0.21959127 -0.9119787 -0.9819305 -0.4782266 -0.10805322 -0.13469717 0.30533955 0.76640016 0.7748986 0.523567 0.191642 0.11088157 -0.064463116 -0.054041047 -0.120577715 -0.21113013 -0.18018858 0.05362555 0.09775462 -0.023068693 -0.19804971 -0.40145367 -0.5318756 -0.29065415 -0.27224222 -0.32123923 -0.28267786 -0.1905025
-0.16731912 0.2747708 0.27111018 0.2513671 0.10560517 0.1628745 -0.01982099 0.012397384 0.0058070375 0.014264337 0.076704144 0.10521733 0.012607289 0.016408319 0.13620104 0.11729221 0.101990804 -0.099208474 -0.009998522 0.23760282 0.33694538 0.40459916 0.4841594 0.5096669 0.49490958 0.5207202 0.42572033 0.118064664 -0.4870504 -0.8285154 -0.95008385 -0.0183387 -0.9175072 -0.6204397 -0.17606406 0.09234073 0.4864197 0.5484619 0.559642 0.33998218 0.02939297 0.04819696 -0.07822595 -0.1243187 -0.13034523 -0.21003693 -0.18662433 -0.16374794 -0.10168693 0.002803777 -0.10592745 -0.27024767 -0.4204675 -0.3874307 -0.2554605 -0.24985375 -0.22832629 -0.18086395
-0.10900217 0.24548663 0.3500181 0.28716007 0.13652235 0.09660736 0.06380999 0.10412321 0.08947279 0.042827383 0.067076005 0.11894011 0.019731825 0.08677771 0.08944371 0.046546794 0.1304716 0.1340189 0.27843302 0.4204594 0.57471806 0.59738255 0.50362873 0.40380305 0.30188265 0.24868527 0.15080442 0.07376951 -0.5913639 -0.78580225 -0.7009975 -0.48484138 -0.153564 -0.15805812 -0.017391823 0.15838553 0.15659015 0.36941087 0.25587705 0.044952255 -0.08674948 -0.05900758 -0.18437418 -0.22298577 -0.172155 -0.26302788 -0.26088965 -0.19639426 -0.07779088 0.019479236 0.11709181 -0.072784655 -0.32402414 -0.37947834 -0.18841544 -0.13417551 -0.18803889 -0.13106303
0.11249024 0.2770124 0.3151565 0.3244229 0.14017715 -0.0061341063 0.02266079 0.10764926 0.1477332 0.10674948 0.03358546 0.012957115 0.07108389 0.13596816 0.1429693 0.099316485 0.102837935 0.280687 0.4252512 0.58676594 0.66528684 0.4847 0.3201518 0.20417409 0.17625189 -0.034211308 0.002144129 0.10553774 -0.5346322 -0.4097448 -0.4426547 -0.35101575 -0.18278117 -0.014765398 0.07264272 0.11047399 0.11981985 0.09218783 0.013583175 -0.10640973 -0.14776075 -0.22054042 -0.3140305 -0.29078975 -0.19204012 -0.33145902 -0.3754485 -0.1418348 -0.03735762 0.10698984 0.18005574 0.10373324 0.0055605443 -0.3717923 -0.3767577 -0.21535777 -0.22124769 -0.23187688
0.2528327 0.35899687 0.32114023 0.10861595 0.13562244 0.05762955 -0.036750037 0.0086343605 -0.020997293 0.08146507 0.10940061 0.073781595 0.104908854 0.17585403 0.103394054 0.048701204 0.12929948 0.38432226 0.5470644 0.7094049 0.56484723 0.34815693 0.24142437 0.12677939 -0.008639032 -0.025366588 -0.1632257 -0.11702027 -0.2525373 -0.33341736 -0.27287048 -0.22282994 -0.1520636 -0.07458595 0.02540659 0.028682863 -0.0020698272 -0.00061044644 -0.09179441 -0.16192889 -0.25526056 -0.33953473 -0.38258928 -0.35827664 -0.21097873 -0.29213798 -0.3759165 -0.034494333 0.057918873 -0.04979447 0.11220998 0.12123941 -0.04468008 -0.21961838 -0.42217648 -0.34384906 -0.2560344 -0.3350365
0.37626666 0.4598613 0.32998174 0.1058992 -0.08317624 -0.06495329 -0.14321579 0.03112316 0.021876225 0.062471606 0.14735316 0.022523126 0.19731872 0.12008512 -0.07033596 0.12755929 0.35277295 0.43018115 0.5869492 0.61317724 0.41101706 0.25078067 0.06632747 0.027615787 0.18946001 -0.0848469 -0.31451976 -0.20836493 -0.18701805 -0.01974024 -0.05954259 -0.11257922 -0.08810663 0.053661883 0.14115253 0.13394846 0.044823878 -0.09094433 -0.2142317 -0.32668668 -0.37509534 -0.42721048 -0.46651873 -0.38808402 -0.18434301 -0.17436059 -0.24864584 -0.15665437 -0.08353206 -0.06565151 -0.04554272 0.03907782 -0.08289964 -0.16873942 -0.20282926 -0.2797002 -0.39318943 -0.5605054
0.4496881 0.29987606 0.21616133 0.04241155 -0.14753418 -0.24047399 -0.20489463 -0.018605674 0.16304094 0.19356441 0.041346073 0.017775523 0.2046902 -0.013212742 -0.031723324 0.33492902 0.4026053 0.563537 0.63106376 0.48451722 0.31136334 0.18306173 -0.032083154 -0.09884912 -0.11035295 -0.12323296 -0.055928096 -32767.0 -0.18974884 -0.061156053 -0.023544488 0.064637646 0.16094789 0.20624658 0.21275973 0.09397134 -0.038302455 -0.20106184 -0.3644347 -0.5060471 -0.5126088 -0.43743327 -0.49981326 -0.38062823 -0.21460484 -0.088586636 -0.2515254 -0.26703665 -0.15642256 -0.16839617 -0.14451438 -0.06941083 -0.11706757 -0.095393464 -0.120184615 -0.27994314 -0.5421636 -0.47983345
0.43231195 0.23373906 0.08737613 0.053640008 -0.0008502371 -0.121565595 -0.28150225 0.0060903286 0.12468074 0.084759444 -0.0024845472 0.26225168 0.19357277 0.17420828 0.23117347 0.2881841 0.4410193 0.66754293 0.53992975 0.39711872 0.21612415 0.13419095 -0.14525828 -0.1875201 -0.20169061 -0.18812414 0.15659183 -0.023998396 -0.19369619 -0.0058316663 0.09841169 0.12345318 0.25019726 0.27289417 0.17547566 0.010489252 -0.118206106 -0.25635025 -0.40127784 -0.58215934 -0.64021844 -0.5056175 -0.5341382 -0.35621187 -0.25808197 -0.27437556 -0.48081994 -0.42429912 -0.15080857 -0.0256447 -0.101236425 -0.24704656 -0.2423212 -0.09307415 -0.110878125 -0.31653342 -0.49915522 -0.3661512
0.17944823 -0.0010930486 0.27272692 0.16564877 0.016199589 -0.2215499 -0.37818453 -0.13527587 0.121813715 -0.036211904 0.05244172 0.13259152 0.13178495 0.23971371 0.16401906 0.11677674 0.57438284 0.64373827 0.4859349 0.3095692 0.15823486 0.018705985 -0.22302629 -0.21638848 -0.21821453 -0.036965985 -32767.0 -0.04931842 0.080528006 0.14975932 0.17300203 0.15503974 0.3291617 0.23255534 0.058756158 -0.02070187 -0.19635904 -0.34706587 -0.4621055 -0.63787687 -0.7057171 -0.5375485 -0.5651797 -0.42569736 -0.34671903 -0.5068449 -0.55069244 -0.1971463 -0.026284086 -0.061706472 -0.16361068 -0.2682403 -0.33539414 -0.16526194 -0.15331051 -0.34169436 -0.4480333 -0.3715525
