static/data/seaWater_vo/2023/7/10/0.asc
ncols 137
nrows 93
xllcorner 108.0
yllcorner 17.0
cellsize 0.25
NODATA_value -32767
[rows 0 to 25 of 93, columns 58 to 115 of 137]
-32767.0 -32767.0 -32767.0 -32767.0 -32767.0 -32767.0 -32767.0 -32767.0 -32767.0 -32767.0 -32767.0 -32767.0 -32767.0 -32767.0 -32767.0 -32767.0 -32767.0 -32767.0 -32767.0 -32767.0 -32767.0 -32767.0 -0.06571641 -0.18585166 -0.258942 -0.09972626 0.07835777 0.15217064 0.110930376 0.15532649 0.07173284 -0.06912512 0.028348165 0.21526106 -0.034378603 -0.2926276 -0.22701588 0.017539922 0.10137285 0.23979902 0.22651803 0.25769377 0.24225292 0.013755126 -0.15768437 -0.060437255 -0.13879974 -0.4116897 -0.27972478 -0.07446438 0.09574783 0.15782833 0.0209166 -0.25516003 0.0624706 0.20227534 0.16098793 0.04002291
-32767.0 -32767.0 -32767.0 -0.035099544 -0.018293314 0.00023442227 0.014683653 -0.0014895686 0.015576391 -0.0016752974 -32767.0 -32767.0 -32767.0 -32767.0 -32767.0 -32767.0 -32767.0 -32767.0 -32767.0 -32767.0 -32767.0 -0.16933037 -0.05342261 -0.08598292 0.17637734 0.19131291 0.15427433 0.04929347 0.08274519 0.04209452 0.030480802 -0.06677327 0.08721907 0.11114722 -0.13655415 -0.4142819 -0.26758704 0.031354845 0.03408669 0.051081315 0.11515804 0.2451338 0.3699043 0.2955105 -0.024399538 -0.15762049 -0.11706481 -0.21933366 -0.073741704 0.2234506 0.35114083 0.3051159 0.08323778 -0.07638147 -0.01016909 0.16795476 0.12383394 0.21957593
-32767.0 -0.014605773 -32767.0 -0.0373037 -0.06137374 -0.019433314 0.042326383 0.028202934 0.050253328 -0.010807555 0.030951725 0.0055053765 -32767.0 -32767.0 -32767.0 -32767.0 -32767.0 -32767.0 -32767.0 -32767.0 -32767.0 0.047880653 -0.058869436 -0.0995739 0.17710565 0.27426875 0.26643994 0.15057404 0.13367935 0.12499443 -0.003593253 0.1464538 0.14929853 -0.10810967 -0.29964948 -0.41657326 -0.4081998 -0.046028387 -0.036282804 0.10513335 0.35763508 0.36386907 0.3782178 0.20371988 -0.14048359 -0.31862384 -0.23410705 0.02949183 0.16300943 0.4017207 0.3975766 0.2377281 -0.14688672 -0.04888259 0.07246113 0.15087733 0.11404391 0.104092
-0.0700643 -32767.0 -0.15213273 0.095660664 -0.083940625 0.015570097 -0.027357977 0.05209612 0.05538204 0.07743217 -0.024240728 0.011618409 -32767.0 -32767.0 -32767.0 -32767.0 -32767.0 -32767.0 -32767.0 -32767.0 -0.114533775 0.04269288 -0.0013845048 0.100583315 -0.026709123 0.15694602 0.18169823 0.2117451 0.29862913 0.111914665 -0.10725918 -0.12460813 -0.2651142 -0.26448882 -0.39927402 -0.4584492 -0.36834568 -0.25025776 -0.1486635 0.30454075 0.3808935 0.3062785 0.15759678 -0.07736528 -0.24820895 -0.33681363 -0.13899802 0.08499859 0.23966816 0.44495264 0.353995 0.13390419 -0.28772706 -0.15479654 -0.05230697 0.10861295 0.18845615 0.1548972
0.027985416 -32767.0 -0.021803152 -0.044824783 -0.050318617 -0.04844615 0.09036327 0.08865387 0.22072126 0.060517948 0.026877418 -32767.0 -32767.0 -32767.0 -32767.0 -32767.0 -32767.0 -32767.0 -32767.0 -32767.0 -32767.0 -32767.0 0.016734026 0.11169228 0.11113524 0.11216833 0.3009703 0.3397627 0.27803144 0.25602317 0.15840288 -0.032782055 -0.253651 -0.26691994 -0.4064003 -0.35429302 -0.38275638 -0.38525462 -0.19201311 0.114897355 0.29045716 0.24911343 0.0050140563 -0.31612164 -0.33869508 -0.38126078 -0.1650486 -0.0930578 0.11012926 0.4731207 0.5263545 0.032920957 -0.28540793 -0.36487877 -0.13760044 0.0301091 0.23763832 0.14525305
0.019269796 0.08438603 0.09629751 0.0022315523 0.06614721 0.07679588 0.098370895 0.17220259 0.15952009 0.15267059 0.051306523 -32767.0 -32767.0 -32767.0 -32767.0 -32767.0 -32767.0 -32767.0 -32767.0 -32767.0 -32767.0 -32767.0 -32767.0 -0.13709566 -0.025797468 -0.035566464 0.13541579 0.4168325 0.48608038 0.40640995 0.3686995 0.23116334 0.085653365 -0.18928128 -0.33792794 -0.32415405 -0.23833422 -0.20405184 -0.17355892 0.04303086 0.3438714 0.026364626 -0.36966294 -0.36533123 -0.4299894 -0.29842833 -0.089574054 -0.24241081 -0.03608447 0.28961256 0.7186384 0.21607062 -0.23964617 -0.48991838 -0.29285347 -0.028650766 0.07391268 0.02992126
0.12818229 0.13437757 0.097778864 0.12892547 0.1697585 0.12146394 0.17878132 0.21575966 0.12736432 0.24210437 0.03647773 -32767.0 -32767.0 -32767.0 -32767.0 -32767.0 -32767.0 -32767.0 -32767.0 -32767.0 -32767.0 -32767.0 -32767.0 -32767.0 -0.35815078 -0.07841248 0.14928526 0.5736256 0.80558366 0.44673994 0.40199295 0.11348555 -0.06197801 -0.16990408 -0.2507839 -0.29342866 -0.20989132 -0.09233983 -0.00871222 0.19929881 0.25832242 -0.21718365 -0.39164487 -0.4627451 -0.48173797 -0.15512693 0.10263074 -0.059181564 -0.0672291 0.37076956 0.42290533 0.17215799 -0.12980658 -0.45908734 -0.48335826 -0.23271684 -0.029655624 -0.036868196
0.072279446 0.08959604 0.12112578 0.15997659 0.13697003 0.10662028 0.11336985 0.11828509 0.36562347 0.024813259 -32767.0 -32767.0 -32767.0 -32767.0 -32767.0 -32767.0 -32767.0 -32767.0 -32767.0 -32767.0 -32767.0 -32767.0 -32767.0 -32767.0 -32767.0 -0.17184399 0.12686035 0.455568 0.7919926 0.5626217 0.29669553 0.15199144 -0.064477526 -0.14951926 -0.34020862 -0.4132867 0.09398055 0.1113944 0.09346 0.20044634 0.1306728 -0.41630575 -0.67762387 -0.4688112 -0.0818594 0.22660702 0.2845356 0.077663414 0.042542774 0.071482696 0.084434226 -0.040581442 -0.20002046 -0.34538564 -0.33669356 -0.16609669 -0.037038557 0.0022873878
-0.07348136 -0.041961625 0.00027343258 0.022504011 -0.027562682 0.016376507 0.043342963 0.026426502 0.117443 -32767.0 0.114954896 -32767.0 -32767.0 -32767.0 -32767.0 -32767.0 -32767.0 -32767.0 -32767.0 -32767.0 -32767.0 -32767.0 -32767.0 -32767.0 -32767.0 -0.16039965 -0.07399181 0.36528817 0.7920597 0.5168457 0.12579617 0.22532432 -0.066067725 -0.30003718 -0.44928163 -0.39471415 -0.03482688 0.12603104 0.027757002 0.06064815 0.048573323 -0.34841114 -0.5947424 -0.23681125 0.14578554 0.31916755 0.090408206 0.093131945 -0.075947076 -0.016156595 -0.1162764 -0.33749357 -0.34826177 -0.33171868 -0.24494919 -0.059726674 -0.0120032355 -0.057421684
-0.057738725 -0.054449663 -0.05408554 -0.09612215 -0.06921371 -0.027951773 -0.042303354 -0.10946924 -0.10667265 -0.059049234 0.24056669 0.13645913 0.028812941 0.014635988 0.044501208 0.01623767 -32767.0 -32767.0 -32767.0 -32767.0 -32767.0 -32767.0 -32767.0 -32767.0 -32767.0 -32767.0 -0.18816389 0.10418271 0.973675 0.52180195 0.039622653 0.19383857 0.014154334 -0.20520139 -0.50868636 -0.33417082 -0.108083725 -0.031671207 -0.11669309 -0.12710026 -0.03429023 0.0078350445 -0.120739505 -0.114454165 0.061928883 0.06303476 0.08847162 0.05098503 -0.0024858713 -0.19534142 -0.40340477 -0.41472232 -0.24642457 -0.2744695 -0.26358187 -0.20251492 -0.14248951 -0.03162264
-0.1074537 -0.09158105 -0.22302453 -0.08317873 -0.048741277 0.015781531 0.008133652 -0.11452397 -0.21353164 -0.25568318 -0.084602475 0.0502001 0.0377551 0.08491525 0.043810956 0.06055318 -32767.0 -32767.0 -32767.0 -32767.0 -32767.0 -32767.0 -32767.0 -32767.0 -32767.0 -32767.0 -32767.0 -0.14706081 0.72919947 0.6949462 0.03371113 -0.071875736 -0.11104337 -0.11620067 -0.44779947 -0.38170573 -0.23133753 -0.06684738 -0.14738071 -0.2924603 0.09131628 0.35318947 0.13783157 -0.0711834 -0.20353685 -0.16825283 0.08150088 0.10258028 -0.10604867 -0.24519956 -0.3206113 -0.23316331 -0.2614519 -0.2374696 -0.2116031 -0.19041404 -0.0017450999 0.3932413
-32767.0 -0.06491926 -0.24101764 -0.26833344 -0.13753794 -0.1375018 -0.1422314 -0.25951168 -0.3129448 -0.33574054 -0.3647733 -0.0869022 0.07313482 0.043471552 0.16861935 0.025628585 0.051388297 -0.04699737 -32767.0 -32767.0 -32767.0 -32767.0 -32767.0 -32767.0 -32767.0 -32767.0 -32767.0 -32767.0 0.63583505 0.7244517 0.16553353 -0.1942481 -0.24060908 -0.09318495 -0.29876596 -0.43233874 -0.33043578 -0.108333334 -0.21999346 -0.19322464 -0.03460495 0.2855853 0.20299222 -0.11362497 -0.3730922 -0.21419202 -0.054613624 -0.020544324 -0.255286 -0.2825166 -0.23191622 -0.15313424 -0.0774054 -0.0030822805 0.14578213 -0.078852855 -0.26430944 -32767.0
-32767.0 -0.19110179 -0.07567546 -0.19506608 -0.11627436 -0.1585253 -0.23999703 -0.25971118 -0.33886886 -0.37851322 -0.4215118 -0.28311864 -0.044310093 0.087929495 0.051969286 0.0945478 -32767.0 -0.016690398 -32767.0 -32767.0 -32767.0 -32767.0 -32767.0 -32767.0 -32767.0 -32767.0 -32767.0 -32767.0 0.37778896 0.78848875 0.1980894 0.009281527 -0.106939234 -0.26576677 -0.32794118 -0.2853881 -0.371207 -0.2502776 -0.23966555 -0.10272644 0.21044996 0.3141934 0.19519135 -0.11599907 -0.43049282 -0.25368008 -0.04403764 0.10414152 -0.10670075 -0.19325438 -0.24341697 -0.12448019 -0.023864275 0.072419114 0.26809815 0.21280463 0.0309414 -32767.0
-0.15768842 -0.023820356 -0.1034889 -0.211904 -0.22011624 -0.19858058 -0.21043569 -0.25840834 -0.37751496 -0.43355036 -0.38274524 -0.24346298 -0.17289063 0.04195309 0.1787627 -32767.0 -32767.0 -32767.0 -32767.0 -32767.0 -32767.0 -32767.0 -32767.0 -32767.0 -32767.0 -32767.0 -32767.0 -32767.0 0.18555516 0.871825 0.18954897 0.11697286 0.0018193694 -0.0854994 -0.13263918 -0.16015787 -0.24856111 -0.25985718 -0.106075 -0.022972241 0.24538156 0.19008139 0.12053725 0.09355529 -0.2973392 -0.4443799 -0.09953006 0.08494698 -0.06383194 -0.24142782 -0.2894979 -0.15954943 -0.02993254 0.116123125 0.25772297 0.45827684 0.20206687 0.02358385
-0.07587729 -0.037618462 -0.1297602 -0.20136267 -0.29538277 -0.28286088 -0.2697246 -0.28466344 -0.2672043 -0.21544607 -0.23933958 -0.25218296 -0.1820023 -0.09065708 0.12436476 0.1451144 -32767.0 -32767.0 -32767.0 -32767.0 -32767.0 -32767.0 -32767.0 -32767.0 -32767.0 -32767.0 -32767.0 -32767.0 -0.11926935 0.9301703 0.2509108 0.057130784 0.09124361 -0.04506216 -0.07109511 -0.12294918 -0.1531402 -0.066337444 0.006124126 0.086794406 0.13931364 0.12624791 0.15064758 -0.058685325 -0.18264519 -0.35536706 -0.111297384 -0.0783125 -0.31211287 -0.53613 -0.41048735 -0.31503454 -0.051233824 0.13725384 0.10419302 0.3808461 0.116418734 -32767.0
-0.11387695 -0.19646224 -0.20593722 -0.24908762 -0.3076559 -0.26136485 -0.2475073 -0.27025178 -0.21354811 -0.12714498 -0.1183263 -0.13450426 -0.12846519 -0.036074743 0.08948949 0.18782374 0.17536518 -32767.0 -32767.0 -32767.0 -32767.0 -32767.0 -32767.0 -32767.0 -32767.0 -32767.0 -32767.0 -32767.0 -0.1821842 0.9681993 0.33936822 0.21276161 0.07535982 0.08170899 0.090335846 -0.0050535556 -0.084365934 0.064480156 0.115353756 0.025510635 -0.028865838 0.13027292 0.3309867 -32767.0 -0.12590535 -0.19001436 0.05889752 -0.040779535 -0.48972255 -0.5896515 -0.5384465 -0.2063763 0.37035677 0.47644514 0.08657456 -32767.0 -32767.0 -32767.0
-0.13999058 -0.25434673 -0.26121408 -0.2628015 -0.27714995 -0.22682814 -0.23308752 -0.24246956 -0.19996731 -0.14387532 -0.017021433 0.006200308 0.0015384462 0.03866283 -0.0061874595 0.07414398 0.120061025 -32767.0 -32767.0 -32767.0 -32767.0 -32767.0 -32767.0 -32767.0 -32767.0 -32767.0 -32767.0 -32767.0 -32767.0 0.8937913 0.3316853 -0.011547773 0.0041904375 -0.11373327 -0.068324625 0.006302758 -0.02665654 0.1822607 0.104146615 -0.061225936 -0.13250111 0.07510096 0.20298927 0.08666438 -0.025316669 0.19379899 -0.04833764 -0.11164194 -0.079329014 0.033605907 -0.21913974 -0.13720913 0.230509 0.48187333 -0.04037627 -32767.0 -32767.0 -32767.0
-0.11675571 -0.19483688 -0.27002475 -0.28099075 -0.2878544 -0.24909668 -0.24396302 -0.25070652 -0.24729438 -0.15017033 -0.07543367 0.030145355 0.07116348 -0.008418129 -0.013587833 0.07776432 0.07534672 0.009911883 -32767.0 -32767.0 -32767.0 -32767.0 -32767.0 -32767.0 -32767.0 -32767.0 -32767.0 -32767.0 0.6391935 0.8690245 0.26427257 -0.2006574 -0.05632962 -0.17654915 -0.0574779 0.20046832 0.0743767 0.16243409 0.072134785 0.23137735 0.1938283 0.19295973 0.18357523 0.10828909 0.013772486 -0.020975044 -0.093280904 -0.22369565 -0.07274153 -0.08307132 0.078439504 -32767.0 0.017393477 -0.17425151 0.000738263 -32767.0 -32767.0 -32767.0
-0.13876899 -0.18020083 -0.2386106 -0.24962384 -0.26362616 -0.33435068 -0.28896576 -0.24889676 -0.22880793 -0.1992 -0.16188651 -0.0875252 0.020936973 -0.15493733 -0.028502313 0.15672123 0.005114559 -32767.0 -32767.0 -32767.0 -32767.0 -32767.0 -32767.0 -32767.0 -32767.0 -32767.0 -32767.0 -32767.0 0.5759714 0.64031076 0.15043715 -0.13428052 -0.056284733 0.0003601256 0.024036152 0.203596 0.24212775 0.11326544 0.09714939 0.4757485 0.65299803 0.21357942 -32767.0 -32767.0 -0.04338622 -0.14412323 -32767.0 -32767.0 -32767.0 -32767.0 -32767.0 -32767.0 -32767.0 -32767.0 -32767.0 -32767.0 -32767.0 -32767.0
-0.01295561 -0.06956659 -0.104940794 -0.15412094 -0.14753497 -0.21270345 -0.21466288 -0.20507652 -0.20053111 -0.14224522 -0.12388858 -0.15643072 -0.04956444 -0.09235424 0.008134259 0.07061013 -32767.0 -32767.0 -32767.0 -32767.0 -32767.0 -32767.0 -32767.0 -32767.0 -32767.0 -32767.0 -32767.0 0.43154502 0.49176544 0.3777742 -0.03744538 0.07282968 0.13998394 0.1664196 0.2442074 0.25357133 0.2786972 0.25084135 0.20923659 0.37247247 0.1164873 -32767.0 -32767.0 -32767.0 -32767.0 -32767.0 -32767.0 -32767.0 -32767.0 -32767.0 -32767.0 -32767.0 -32767.0 -32767.0 -32767.0 -32767.0 -32767.0 -32767.0
-0.05159826 -0.053263858 0.018631816 -0.013743265 -0.12931712 -0.17555568 -0.11314145 -0.06397932 -0.0736589 -0.0028993704 -0.06944979 -0.18030772 -0.1606103 0.036173943 -0.011696022 0.014196498 -32767.0 -32767.0 -32767.0 -32767.0 -32767.0 -32767.0 -32767.0 -32767.0 0.12799199 -0.083767384 0.30689448 0.4351266 0.38465732 0.17236687 -0.092022896 0.11739505 0.114739545 0.23844586 0.39874694 0.31632188 -0.0071220845 0.12064553 0.07166572 -32767.0 -32767.0 -32767.0 -32767.0 -32767.0 -32767.0 -32767.0 -32767.0 -32767.0 -32767.0 -32767.0 -32767.0 -32767.0 -32767.0 -32767.0 -32767.0 -32767.0 -32767.0 -0.017168239
-0.10809367 -0.085208505 -0.08508079 -0.075540565 -0.19795328 -0.24727744 -0.19314775 -0.123050876 -0.1634029 -0.14303131 -0.14881802 -0.14960465 -0.16344918 -0.069575116 -0.049603973 -0.0145641565 -32767.0 -32767.0 -32767.0 -32767.0 -0.005097861 0.03075881 -0.018304316 -0.035802655 -0.063687116 0.43602857 0.2480276 0.5718351 0.020641014 0.10836036 -0.032922477 0.06314974 0.23688346 0.45529968 0.47326618 0.1758925 0.014505674 -0.08977237 -32767.0 -32767.0 -32767.0 -32767.0 -32767.0 -32767.0 -32767.0 -32767.0 -32767.0 -32767.0 -0.02589324 0.076791875 -32767.0 -32767.0 -32767.0 -32767.0 -32767.0 -32767.0 -32767.0 0.0021132461
-0.12837636 -0.1294154 -0.18833147 -0.28433695 -0.31961918 -0.34885308 -0.37170255 -0.3094343 -0.284644 -0.21677211 -0.19684239 -0.13842729 -0.08031101 -0.38837957 0.09458212 -32767.0 0.0063524884 -32767.0 0.025853954 -32767.0 -0.0002877356 -32767.0 0.028129354 0.04934547 0.063360766 0.1296034 0.25358889 0.1414114 -0.21329132 -0.007830219 0.0255731 0.12120277 0.4520908 0.5468302 0.2029346 -0.08289044 -32767.0 -32767.0 -32767.0 -32767.0 -32767.0 -32767.0 -32767.0 -32767.0 0.04581514 -0.0083207395 -0.033900026 -0.10063008 0.104035 0.00417249 -0.029263714 0.07986671 -32767.0 -32767.0 -32767.0 -32767.0 -32767.0 -0.12536554
-0.14393592 -0.18368047 -0.21368513 -0.25825924 -0.2998778 -0.3399522 -0.39100677 -0.3557685 -0.35146144 -0.2982889 -0.16565132 -0.19508886 -0.04909649 -0.08227115 -0.13740033 -0.12216277 0.009186985 0.015292931 0.009816408 0.116408266 0.14622861 0.076523334 0.085190944 0.18466689 0.2700359 0.3662479 0.50613225 -32767.0 -0.058065385 0.1919386 0.22506195 0.22405942 0.3597023 0.31502488 -32767.0 -32767.0 -32767.0 -32767.0 -32767.0 0.010899872 0.034931183 0.046637263 0.010317407 0.00098815 0.0663114 0.03073145 -32767.0 -32767.0 -0.14068815 -0.15801606 0.17647098 -32767.0 -32767.0 -32767.0 -32767.0 -32767.0 0.3061247 0.32879987
-0.12446922 -0.21691337 -0.30410537 -0.28623635 -0.26121297 -0.30410582 -0.32766318 -0.34499416 -0.43542117 -0.34403506 -0.21990477 0.08513977 -0.095250584 0.00786794 0.16570981 0.07377922 -0.041950546 0.17955008 0.25348 0.1377719 0.080505446 0.13888754 0.189838 0.19718678 0.24716802 0.30549553 0.279924 0.196018 0.23248257 0.17675523 0.10860112 0.13374737 0.09970762 0.11869629 0.045930386 -32767.0 0.15750627 0.13987033 -32767.0 -0.036926642 0.19096088 -0.007964151 -32767.0 -0.029421842 -0.05156291 -32767.0 -32767.0 -32767.0 -32767.0 -0.18179888 0.06306236 -32767.0 -32767.0 -32767.0 -32767.0 0.18266338 0.54942673 0.4283603
-0.15946107 -0.3435708 -0.40324858 -0.34693795 -0.28193265 -0.27784514 -0.29303622 -0.2225026 -0.24277212 -0.24650975 -0.23711543 -0.15024926 0.0073748757 0.1580014 0.21010451 0.2005476 0.2771685 0.15396947 0.074871354 0.14003876 0.20921694 0.22533898 0.264631 0.30311364 0.27503115 0.21328308 0.26295683 0.19369818 0.13866635 -32767.0 0.11243121 0.13876675 -32767.0 -32767.0 0.03026874 0.056522954 0.104327396 0.16176274 0.23228697 0.2733323 0.029463857 -32767.0 -32767.0 -32767.0 -32767.0 -32767.0 -32767.0 -32767.0 -32767.0 -0.07669304 0.15211368 -0.18163982 -32767.0 -32767.0 0.2591303 0.40293 0.23803228 0.36993757
