static/data/seaWater_vo/2023/7/10/18.asc
ncols 137
nrows 93
xllcorner 108.0
yllcorner 17.0
cellsize 0.25
NODATA_value -32767
[rows 26 to 51 of 93, columns 58 to 115 of 137]
-0.12968168 -0.23309931 -0.04649699 -0.1998465 -0.1940088 -0.19252992 -0.0044665732 0.1841411 0.25460467 0.24736194 0.23343366 0.22286262 0.33155692 0.4093519 0.4261869 0.28086388 -32767.0 -32767.0 -0.27342507 0.23925267 0.19990967 0.16105333 0.2298309 0.24963455 0.17851183 0.15784895 0.12361181 0.029746836 0.06326987 0.04083413 0.033222586 -32767.0 -32767.0 -32767.0 -32767.0 -32767.0 -32767.0 -0.0941791 0.04901852 0.20891446 -32767.0 -32767.0 -32767.0 -32767.0 -32767.0 -0.0760552 -32767.0 -0.07893197 0.11825716 0.04858321 -0.1740573 -0.34875673 -0.44857472 -32767.0 0.11414895 -0.10193087 -0.055178184 0.09722749
-0.16962513 -0.28454787 -0.044813346 -0.10467675 -0.15283442 -0.0815657 -0.013065016 0.11916673 0.18899235 0.2711447 0.3588418 0.4020174 0.4965089 0.47032788 0.29992142 -32767.0 -32767.0 0.0097139785 -0.01921705 0.29886693 0.45464998 0.43451494 0.31332013 0.18804643 0.08280193 0.06781894 0.073400095 -0.14474164 -32767.0 -32767.0 -32767.0 -32767.0 -32767.0 -32767.0 -32767.0 -32767.0 -32767.0 -0.14970952 -0.078713626 0.2360604 -32767.0 -32767.0 -32767.0 -0.091047116 -0.075389795 -0.32771516 -0.4139916 0.013537643 0.07113007 -0.03508661 -0.28942493 -0.41606417 -0.538383 -0.046041198 -0.18131754 -0.18201666 -0.10179889 0.050291553
-0.24714972 -0.018328262 -0.08882193 -0.032500323 0.14097261 0.11172955 0.10623535 0.14529954 0.1648998 0.18160155 0.21858199 0.2567456 0.3302636 0.3405945 0.22819565 0.19805557 0.23804483 0.23177138 0.25089884 0.41152087 0.43098336 0.37664753 0.22564057 0.10579823 0.0045994762 -0.007630603 -32767.0 -0.2205462 0.025385728 -32767.0 -32767.0 0.030172374 -32767.0 -32767.0 -32767.0 -32767.0 -32767.0 -32767.0 -0.23528384 -0.003413783 -32767.0 -32767.0 -0.07973628 0.11614032 -0.06434049 -0.31587484 -0.5717975 0.013181967 -0.04972275 -0.08714437 -0.22946815 -0.43158332 -0.2705114 -0.235143 -0.22216493 -0.19732295 -0.12541935 -0.023979478
-0.23465861 -0.1914547 -0.13879766 -0.10521465 -0.07539651 0.008867566 -0.02922126 -0.0027453452 0.065476336 0.10373559 0.07842427 0.098279364 0.16445053 0.26601848 0.27733344 0.2860432 0.25221765 0.2967375 0.30213904 0.32935473 0.29662108 0.26052448 0.12577349 -0.009431793 -0.014645613 -32767.0 -0.051671904 -0.018165799 0.056887172 0.053852316 0.07019523 -32767.0 0.08738962 -32767.0 -32767.0 -32767.0 -32767.0 -32767.0 -0.10258566 -0.04707442 -0.15648548 -0.3885965 -0.045732766 -0.0071657063 -0.24076986 -0.26868555 -0.24959753 -0.12995063 -0.058977433 -0.088137135 -0.20671186 -0.475023 -0.4163314 -0.34384534 -0.24077193 -0.14511842 -0.14645681 -0.09566681
-0.111034125 -0.22131044 -0.18581529 0.06314868 -0.13297005 -0.14224465 -0.06412468 -0.15787396 -0.12163976 -0.080699615 -0.023917077 0.016916517 0.13769326 0.29418603 0.22617748 0.1701041 0.12080373 0.18927306 0.12455762 0.14431973 0.17029049 0.11610855 0.10267373 -0.01819169 -0.10254928 -0.07929447 0.08398664 0.021993373 -0.01840642 0.11470315 0.0027366113 -0.033839017 0.016790308 -32767.0 -32767.0 -32767.0 -32767.0 0.033362307 0.12899248 -0.20400608 -0.41441333 -0.4962159 -0.23873658 -0.25182065 -0.246983 -0.14960694 0.054716785 0.12659705 0.04691184 -0.10657152 -0.2543094 -0.3961985 -0.5856396 -0.53239745 -0.30771255 -0.155636 -0.12409588 -0.20734765
-0.06505853 -0.09162045 -0.054780763 -0.029909007 -0.068734735 -0.04148411 -0.21058312 -0.15211695 -0.018182304 -0.08591679 -0.020471971 -0.021764677 -0.10544549 -0.010422172 -0.07060866 -0.032899626 0.017478421 0.015065267 0.07122269 0.13824265 0.13270432 0.09760289 -0.014618274 -0.009597687 -0.11225124 -0.071051136 0.0016166057 -0.024500825 -0.11814133 0.0362207 -0.11009019 0.00028358022 0.045427375 -32767.0 -32767.0 -32767.0 -32767.0 0.25781983 -0.13933888 -0.35996556 -0.41355556 -0.31067714 -0.19889845 -0.12260286 0.04639901 0.22235054 0.2669939 0.18211915 0.07825887 -0.15311733 -0.4527952 -0.6172914 -0.6248566 -0.77771646 -0.5058895 -0.30190566 -0.20268625 -0.19762029
-0.02192133 0.13838969 0.09726271 0.05580831 0.064720176 0.12877911 -0.0648279 -0.08192702 0.014923241 0.10698076 0.050890133 0.00916358 -0.031002112 -0.12976524 -0.15251876 -0.120536596 -0.022702413 0.06064533 0.19406372 0.21406668 0.12373395 0.10447531 0.12958041 0.1489109 0.08909302 0.07888211 0.007086397 -0.0790141 -0.15082319 -0.084981695 -0.106384 -32767.0 -32767.0 -32767.0 -32767.0 -32767.0 0.07789647 -0.0074349386 -0.21063037 -0.15982778 -0.078611284 -0.0035139374 0.11458319 0.25366917 0.3447708 0.36010438 0.29579055 0.123415925 -0.12672292 -0.2522152 -0.47478485 -0.78835285 -0.99071723 -0.9229217 -0.8378552 -0.42261285 -0.30547014 -0.20680147
-0.01165298 0.18595941 0.29336396 0.2645079 0.20097171 0.10826464 0.046987046 0.07987642 0.027596543 -0.05206454 -0.024875207 -0.012356062 0.069520794 0.09117954 -0.0010093863 -0.13137123 -0.030392768 0.13971171 0.22757211 0.28679326 0.22329266 0.2509584 0.33167717 0.34048852 0.24688214 0.13624033 -0.017438227 -0.21434993 -0.24321581 -0.17443654 -0.031065704 -32767.0 -32767.0 -32767.0 -32767.0 -32767.0 -0.045967676 -0.09599026 0.037548713 0.2683643 0.29032943 0.1958262 0.20871918 0.31505042 0.41001275 0.40381515 0.35846084 0.1327523 -0.21568479 -0.43859595 -0.5392421 -0.8558888 -1.1968488 -1.1892508 -1.0737118 -0.50340486 -0.35085595 -0.08372145
-0.15161608 0.25861922 0.3763838 0.102838375 0.0454202 0.10541804 0.0785882 0.0674042 0.051471077 0.0025510304 -0.05381423 0.049767714 0.09361085 0.15345329 0.111934036 -0.0016400709 -0.013264209 0.13313654 0.22571522 0.3057268 0.31069157 0.34087676 0.41469625 0.29997495 0.2530858 0.16223319 -0.01810035 -0.29279315 -0.36396718 -0.16729851 -0.032535095 0.027364895 -32767.0 0.2164104 -32767.0 -32767.0 -0.19334881 0.006209844 0.89579606 0.7574004 0.4347753 0.37751597 0.44638428 0.41156116 0.3805457 0.4293305 0.43355587 0.1279113 -0.2969956 -0.5425339 -0.56833935 -0.9026096 -1.2415001 -1.3998742 -1.2115299 -0.52258956 -0.28061533 0.10359727
0.06202384 0.23511541 0.36402047 0.1718825 0.08348424 0.012190438 0.08069774 0.02334408 -0.016990839 -0.0563266 -0.020611383 0.05598642 0.039982904 0.14926286 0.21896352 0.1204467 0.07126678 0.112226516 0.25556743 0.32934263 0.308574 0.33333862 0.37435004 0.25377843 0.26113063 0.18451479 -0.012445532 -0.29604313 -0.30377918 -0.17272909 0.033795554 -0.13392195 -0.013467533 0.05245156 -32767.0 -0.08804276 0.16988163 0.9109502 0.8048015 0.66596955 0.5079864 0.4574109 0.38562298 0.37508076 0.3760336 0.37232596 0.30739072 0.04118627 -0.28036016 -0.44841725 -0.5720086 -0.84958625 -1.2312917 -1.5068637 -1.2757431 -0.48234338 -0.14820017 0.18683222
0.15549468 0.2800923 0.34584022 0.24537174 0.16173379 0.044351745 0.036810484 -0.027987802 0.025515463 -0.040049005 -0.034907654 0.021575129 0.095552936 0.18240409 0.22016211 0.12718678 0.123925045 0.21450089 0.3162457 0.3782665 0.39024794 0.34872985 0.33903402 0.34725624 0.24908875 0.109515734 -0.123118386 -0.29860106 -0.10641024 -0.12825796 -0.06807203 0.09762988 -0.101460285 -32767.0 0.6432957 0.26165885 0.09674654 0.63808614 0.79285955 0.5991662 0.48524824 0.45582554 0.39395696 0.39126468 0.35120934 0.29592448 0.17904676 0.04079192 -0.21587643 -0.5749224 -0.63686925 -0.6658517 -1.204102 -1.5245845 -1.2437397 -0.38306916 -0.048094865 0.10509785
0.117981605 0.294913 0.2651412 0.38036954 0.24552177 0.1532798 0.007824781 -0.027520716 0.047119446 0.11069164 0.087233 -0.009748218 0.06919201 0.14922294 0.16551565 0.15599671 0.21925186 0.3022684 0.3635217 0.36644432 0.3773813 0.34253937 0.31437567 0.3051089 0.20335056 -0.0006952761 -0.17011662 -0.17603226 -0.0052312966 0.038926538 0.0937134 0.100598864 0.016757434 0.015218758 0.15515983 0.08223058 0.57368606 0.7063456 0.6606541 0.6496962 0.522254 0.4229344 0.38433892 0.37115568 0.15619308 0.13058606 0.32328704 0.21309824 -0.100106165 -0.45002347 -0.6743356 -0.7500428 -1.1649023 -1.5032386 -1.1505481 -0.32648137 -0.014726399 0.043707922
0.10194144 0.36757904 0.48326242 0.37027112 0.28280607 0.2654719 0.28091365 0.27878073 0.23057348 0.19019993 0.18584758 0.085646525 0.051391292 0.1662432 0.17537075 0.15648848 0.16024783 0.2312217 0.25524905 0.3389517 0.44544217 0.3870584 0.29688323 0.21220094 0.16084632 -0.020528166 -0.20723432 -0.12800954 -0.015841339 0.08304486 0.38107842 -32767.0 0.01962959 -0.363262 -32767.0 0.6027506 0.62900704 0.49471483 0.7650648 0.60264814 0.5127547 0.4581815 0.35089114 0.1104642 0.117521286 0.3748334 0.39198145 0.28035888 -0.071865134 -0.3604353 -0.660734 -0.82493645 -1.1353163 -1.4498041 -1.1006061 -0.16504069 -0.09009867 0.18644646
-32767.0 0.37296697 0.3340956 0.43987045 0.40119764 0.42415455 0.34321246 0.34722057 0.34233847 0.2665142 0.25188667 0.17743029 0.11008339 0.08416356 0.18001382 0.22075039 0.19531679 0.22415759 0.27792236 0.32324862 0.3709709 0.40544495 0.47269607 0.3860488 0.2138096 -0.059874233 -0.29732645 -0.27809197 -0.09536806 0.21741034 0.36365026 -0.1545227 -32767.0 -0.20706412 0.30791223 0.53821635 0.60647213 0.57463145 0.6404043 0.44686198 0.46627262 0.5039924 0.31242242 -0.041078597 0.35348573 0.33914042 0.3545202 0.29544878 -0.031695794 -0.28945592 -0.5465369 -0.74790525 -1.1029148 -1.3813573 -1.0242409 -0.14743802 -0.041423876 0.64905417
0.32082134 0.46583837 0.61642396 0.5460635 0.4146529 0.4506631 0.3552148 0.24804808 0.17892304 0.07320256 0.17702956 0.15531792 0.15719017 0.14172319 0.17985547 0.28814378 0.275848 0.27320924 0.33696792 0.39355004 0.43633902 0.67780715 0.5934656 0.530426 0.28297663 -0.062099084 -0.32979128 -0.5184133 -0.18766667 0.30928078 -0.2797093 0.21268182 0.05796367 0.24907847 0.4104797 0.50555485 0.4907106 0.5878089 0.5371628 0.30485886 0.34453702 0.45394823 0.28826374 0.030699372 0.15587966 0.32540557 0.24038726 0.21691406 -0.040961433 -0.089671664 -0.23015536 -0.6369354 -1.0385538 -1.161996 -0.8161763 -0.19090267 0.46241242 0.8546749
0.44533458 0.44880807 0.48737997 0.42718923 0.30004388 0.23898363 0.17628473 0.16704394 0.14945178 0.12797512 0.09358794 0.14511128 0.2177073 0.2565661 0.2802537 0.3543833 0.3445044 0.34658182 0.35222876 0.47183123 0.73692757 0.7536595 0.8430101 0.6292624 0.2671031 -0.035254706 -0.32172287 -0.41748568 -0.27706146 0.052205253 -0.04223538 0.05680563 0.12232921 0.1949081 0.3627105 0.44335943 0.49389598 0.51213044 0.41724938 0.28763637 0.23053858 0.36368278 0.30800644 0.13950059 -0.083274625 0.15742156 0.19449791 0.13095635 0.008943013 -0.067457065 -0.15741637 -0.46558794 -0.87922543 -0.88344127 -0.4594523 -0.1591462 0.26841974 0.67076844
0.44032076 0.35414895 0.4156365 0.30743748 0.33024707 0.39644107 0.25712076 0.20495613 0.07749364 0.1189777 0.16302845 0.23308237 0.27013803 0.26341245 0.25738192 0.2932481 0.3269384 0.34420964 0.448 0.655782 0.659697 1.0063037 0.84301835 0.508574 0.28219038 0.007998778 -0.20333207 -0.27998337 -0.16782227 -0.2346518 -0.10920698 0.16783272 0.24806868 0.2858675 0.3800908 0.37232304 0.39747694 0.42190453 0.3367415 0.32322028 0.35749155 0.3785535 0.3084465 0.1504348 -0.028971266 -0.20717159 0.03987321 0.14593582 0.068882585 -0.086337805 -0.13015135 -0.22269833 -0.42169675 -0.48115674 -0.2563894 -0.026479578 0.327079 0.56281686
0.34359044 0.308995 0.31382194 0.33143863 0.3521105 0.34131995 0.29802936 0.08128634 0.1424344 0.10446231 0.09689303 0.18460336 0.19866362 0.13983355 0.111503765 0.18546009 0.27091077 0.4361264 0.45444646 0.40956482 0.92754436 1.0044501 0.6757173 0.46000975 0.29397196 0.044072364 -0.14027274 -0.20365584 -0.37846667 -0.18870527 0.17258146 0.07373225 0.23008434 0.3517292 0.3820441 0.2244245 0.3051317 0.3693547 0.32611218 0.40381065 0.42901057 0.371344 0.2812543 0.13085711 -0.02324431 -0.14541896 -0.1781455 0.06196621 0.13871978 0.031485666 -0.07413162 -0.16952553 -0.20302425 -0.17370358 -0.088293105 0.09739763 0.24832994 0.3929253
0.28787357 0.36560026 0.29017055 0.28242478 0.2566277 0.27981672 0.34349337 0.13482367 0.21901669 0.061161082 0.023678718 0.10461567 0.13989687 0.093985654 0.051453058 0.11072946 0.21451747 0.2683143 0.18404117 0.6003341 1.0563091 0.8644513 0.5148645 0.4813591 0.21093786 0.009156986 -0.057395883 -0.18595053 0.013536378 0.16759104 0.1431452 0.015058246 0.03486151 0.24146998 0.20732728 0.18849999 0.2778488 0.34876895 0.37811685 0.38467857 0.2965001 0.21463142 0.14627764 0.02766864 -0.059887648 -0.1458205 -0.11519639 0.009520989 0.10578729 0.084981084 0.003752553 -0.093879215 -0.10334075 -0.107767254 -0.0789934 0.02136964 0.18217684 0.15334088
0.30012742 0.26797417 0.23843154 0.23936269 0.26378316 0.08943647 0.31179756 0.20179366 0.1727514 0.036510397 -0.030532602 0.044335783 0.03452186 0.07185603 0.038629327 0.06707386 0.17351213 0.16449274 0.30212855 0.89722955 1.0141708 0.6400972 0.42699584 0.3962666 0.14208522 -0.024971863 0.02430124 0.015479887 -0.018735865 0.008281899 0.18771176 0.096706815 0.15276948 0.13814302 0.22754844 0.30118567 0.36862814 0.4089763 0.37258637 0.30650097 0.2214059 0.14527966 0.09195134 0.036706273 -0.050538212 -0.1682072 -0.18307629 -0.044992793 0.04787045 0.106066175 0.10574762 0.12868935 0.02759825 -0.0514438 -0.03107189 -0.022423401 -0.007913689 -0.0077448334
0.35945725 0.56660265 0.2740519 -0.019861024 0.19676277 0.13095777 0.19285722 0.1842793 0.18820977 0.064921185 -0.025541203 -0.0043192934 0.05135698 0.07922801 -0.028939608 0.051883314 0.19723013 0.3127822 0.68371475 1.0392148 0.8255602 0.45755634 0.33706102 0.2502576 0.115820765 0.21657582 0.21787739 0.028094359 -0.052842353 0.07969567 0.023789374 0.05601227 0.20260185 0.29563245 0.38136965 0.45362514 0.471788 0.41036478 0.3254246 0.20615725 0.03284575 -0.06974843 -0.108374104 -0.03808294 -0.003294512 -0.07176359 -0.25686422 -0.21474504 -0.025007106 0.15254228 0.08684098 0.062398102 0.03504215 -0.01455543 -0.04908024 -0.10831132 -0.07355816 0.15055262
0.30215785 0.573473 0.33094323 -0.046671577 -0.09104228 0.12772244 0.041275766 0.123350136 0.17492938 0.22712241 -0.0020624392 0.04179494 0.10670672 0.123875156 0.083203204 0.08714343 0.33785477 0.7110471 0.9741562 0.8187502 0.5533945 0.3280263 0.29574728 0.14289226 -0.08764355 0.3509145 0.26500246 -32767.0 -0.1246315 -0.0064894496 -0.06688999 0.2811236 0.34924114 0.3511401 0.4935385 0.54583216 0.47761646 0.3590742 0.22777434 0.13380922 -0.019394582 -0.20287369 -0.2878149 -0.19333963 0.02083202 -0.01314261 -0.2894576 -0.29946318 -0.017840289 -0.13179666 -0.04380189 -0.061421424 -0.060039237 -0.0840647 -0.13569097 -0.13904257 0.16383506 0.07906245
0.5408778 0.32780144 0.34209034 0.08087811 -0.20951967 -0.0954351 0.0074311616 0.13951308 0.22086269 0.24994656 0.005232105 -0.03717051 0.07975071 0.20800582 0.3056667 0.52003044 0.78004193 0.88204575 0.71075237 0.5031342 0.31455135 0.34642917 0.2628082 0.06693437 -0.2362324 0.2226217 0.39805517 0.10470291 -0.1925798 0.1845517 0.33890674 0.33773527 0.30171165 0.37960938 0.45970908 0.5096569 0.4254541 0.40479782 0.2660591 0.13291429 -0.025236374 -0.1840249 -0.39497384 -0.363162 -0.0437853 -0.1180941 -0.40272737 -0.32876223 -0.29746285 -0.08005103 -0.027497042 -0.043355167 -0.08096222 -0.07590554 -0.03504055 0.13986021 0.17994379 -0.04867307
0.5499153 0.31600899 0.26845196 0.05757762 -0.13338748 -0.11332127 0.053333353 0.09520509 0.17453672 0.24034251 -0.025659751 -0.027446207 0.051844552 0.19457102 0.4218592 0.70603883 0.86427003 0.7510917 0.49959895 0.26639777 0.33153468 0.2752103 0.10489287 -0.030657265 -0.15033217 0.12378685 -32767.0 -0.050033845 0.27160954 0.34264794 0.25221187 0.2701886 0.3268775 0.36958274 0.45082408 0.4730797 0.42456242 0.35332298 0.2897713 0.036267046 -0.03726923 -0.20790054 -0.39667192 -0.41569814 -0.0747157 -0.33684486 -0.5285782 -0.5520258 -0.38366002 -0.12269407 0.1213698 0.1303338 0.047365036 0.07380782 0.1091286 0.07234119 -0.036675397 -0.3429682
0.54135966 0.2314723 0.23347986 0.013225446 -0.015921785 0.053918302 -0.0138439955 0.00031023426 0.15168953 0.18061405 0.011367961 0.029794408 0.129727 0.3170612 0.64055187 0.79188603 0.8464246 0.5831841 0.2911533 0.3042429 0.27633077 0.082717866 -0.029490685 -0.12914716 -0.095040135 0.042160407 -0.0069528455 0.29447287 0.30182192 0.16066714 0.24598448 0.25840616 0.3486689 0.34059554 0.47431424 0.39104924 0.28252494 0.2748358 0.31588542 0.07752463 -0.061429735 -0.24869248 -0.43948781 -0.29047623 -0.26919714 -0.5687571 -0.6600253 -0.46182373 -0.091725565 0.0011967018 0.040584013 0.06385517 0.11687874 0.15827386 0.113665305 0.052664716 -0.11666709 -0.306504
0.40425387 0.24657376 0.16142319 0.056445543 0.09442154 -0.0029530814 -0.07576907 0.012729303 0.154669 0.08145569 0.115488194 0.08267678 0.29698107 0.59522736 0.7186346 0.9156051 0.77057946 0.36526346 0.276958 0.25194302 0.11997259 -0.01745969 -0.034846094 -0.15113464 -0.11546364 -0.2402067 0.25054416 0.2400361 0.09911744 0.090979874 0.23507616 0.27365685 0.31904647 0.36586827 0.41687903 0.27147648 0.21702097 0.23573688 0.28495535 0.057692185 -0.11323051 -0.32997286 -0.31502125 -0.31541216 -0.58156055 -0.6833339 -0.4707254 -0.117094904 -0.09466228 0.0039652414 0.11793543 0.15020712 0.2568322 0.24824505 0.13285266 -0.028777262 -0.084546074 -0.099267736
