static/data/seaWater_vo/2023/7/10/6.asc
ncols 137
nrows 93
xllcorner 108.0
yllcorner 17.0
cellsize 0.25
NODATA_value -32767
[rows 0 to 25 of 93, columns 58 to 115 of 137]
-32767.0 -32767.0 -32767.0 -32767.0 -32767.0 -32767.0 -32767.0 -32767.0 -32767.0 -32767.0 -32767.0 -32767.0 -32767.0 -32767.0 -32767.0 -32767.0 -32767.0 -32767.0 -32767.0 -32767.0 -32767.0 -32767.0 0.05132916 -0.15487105 -0.30823028 -0.2525121 -0.1276394 -0.14316007 -0.23972666 -0.13139288 -0.14067295 -0.08852482 0.034793146 0.07613093 -0.20978728 -0.15324609 0.09694019 0.08147869 -0.10362868 -0.289137 -0.29632482 -0.11132327 0.008840815 -0.07065052 -0.25692433 -0.0404489 0.070308074 -0.1465797 -0.3376574 -0.06369082 0.04869857 0.12588164 -0.058198012 -0.114015356 0.03600573 0.24816799 0.33689412 0.49951488
-32767.0 -32767.0 -32767.0 0.04728245 0.040900566 0.041658778 0.040051047 0.049011894 0.04465111 0.032925803 -32767.0 -32767.0 -32767.0 -32767.0 -32767.0 -32767.0 -32767.0 -32767.0 -32767.0 -32767.0 -32767.0 -0.07139306 -0.16125257 -0.3714377 -0.088593364 0.045248605 0.11756204 -0.019074159 -0.15144491 -0.14593293 -0.11341322 0.019770991 0.17574404 0.04171638 -0.19648126 -0.25565717 0.12594476 -0.026572471 -0.075690806 -0.11144053 -0.18740526 -0.010143196 0.24478835 0.09444245 -0.22119685 -0.4525881 -0.13148408 -0.20663022 -0.14012785 -0.05245008 -0.034650706 0.025457073 -0.031498976 -0.1117416 0.15034924 0.35775205 0.44442728 0.45210797
-32767.0 0.05725314 -32767.0 0.032432105 0.0068997983 0.07463822 0.1311153 0.09770178 0.14731354 0.040100727 0.025528526 -0.014489828 -32767.0 -32767.0 -32767.0 -32767.0 -32767.0 -32767.0 -32767.0 -32767.0 -32767.0 -0.2546646 -0.1911526 -0.14656568 0.08479204 0.2743107 0.28964525 0.27416033 0.083602086 -0.036779776 -0.049647845 0.083483525 0.09412325 -0.13131979 -0.3481804 -0.19225986 0.083622284 0.06984761 0.008785951 0.0818433 0.2865574 0.20777903 0.12997974 0.0695784 -0.22751288 -0.691475 -0.19763061 0.006010844 -0.017693337 0.13805242 0.09883669 -0.026429426 -0.19254962 -0.27839896 0.1473152 0.23161277 0.35266423 0.4282151
-0.027292266 -32767.0 -0.15943208 -0.10241727 -0.038575657 -0.034237444 0.09615348 0.13006432 0.06254618 0.090658866 0.05431419 -0.0047241095 -32767.0 -32767.0 -32767.0 -32767.0 -32767.0 -32767.0 -32767.0 -32767.0 0.08661224 -0.10431561 -0.18538472 -0.11968434 0.4529902 0.35759673 0.39359903 0.32770133 0.094656475 0.035806395 0.043695338 0.0470427 -0.042303108 -0.18805934 -0.40930188 -0.27824318 0.18158974 0.21471146 0.23942532 0.6078168 0.51963 0.29710615 0.07557517 -0.13318592 -0.2503539 -0.64797515 -0.27011502 -0.095917664 0.03738135 0.20285308 0.112442896 0.031625185 -0.19612505 -0.5545206 -0.11458424 0.23852107 0.20861575 0.07368515
-0.075207606 -32767.0 -0.062039908 -0.11864578 -0.035755783 -0.06681841 -0.12506463 0.036203705 0.33012152 0.0863885 0.07787389 -32767.0 -32767.0 -32767.0 -32767.0 -32767.0 -32767.0 -32767.0 -32767.0 -32767.0 -32767.0 -32767.0 -0.25662696 -0.18028072 0.23726705 0.40890452 0.34253123 0.375452 0.42824835 0.21336563 0.050545152 -0.19127056 -0.23146564 -0.20830758 -0.517671 -0.23101382 0.1317194 0.268908 0.31288105 0.5101108 0.39290145 0.21451072 -0.02378254 -0.3119206 -0.34880182 -0.592643 -0.34459308 -0.2430592 -0.112898566 0.22420858 0.23276813 0.053434025 -0.13883767 -0.5350835 -0.42920065 0.024474148 0.05341956 0.0016461825
-0.02549195 -0.12266396 -0.0564759 -0.07364315 -0.0049244147 -0.08874751 -0.08353799 -0.01119359 0.0076078624 0.14568499 0.08488185 -32767.0 -32767.0 -32767.0 -32767.0 -32767.0 -32767.0 -32767.0 -32767.0 -32767.0 -32767.0 -32767.0 -32767.0 -0.250089 -0.1820611 0.12938268 0.2159397 0.36126834 0.8139408 0.41200304 0.1846726 0.021914562 -0.20137899 -0.3140777 -0.37210304 -0.3703493 -0.26796734 -0.22932689 -0.041818973 0.12056709 0.25470594 0.14864554 -0.049756866 -0.3453824 -0.48571205 -0.60549843 -0.38511658 -0.3904183 -0.045303527 0.44184053 0.45164818 -0.034564137 -0.2261118 -0.55551153 -0.5988437 -0.17715931 -0.0063995486 0.036261473
-0.17419054 -0.11672862 -0.09999053 -0.026724003 -0.014308001 -0.0014544525 -0.04151714 -0.056839943 0.02900913 0.22305207 0.048571043 -32767.0 -32767.0 -32767.0 -32767.0 -32767.0 -32767.0 -32767.0 -32767.0 -32767.0 -32767.0 -32767.0 -32767.0 -32767.0 -0.29126838 -0.10938975 -0.09137999 0.010571819 0.71722376 0.6801697 0.25268754 -0.07563023 -0.19504859 -0.33553037 -0.4576437 -0.4949329 -0.33648843 -0.21534136 -0.08545677 -0.04253713 0.18349777 -0.029023182 -0.37418112 -0.573046 -0.5914622 -0.14515315 0.035775207 -0.0024746368 0.06883381 0.25803417 0.15212244 -0.19333716 -0.38639405 -0.5749508 -0.63427526 -0.121130265 0.13161483 0.024400199
-0.0595058 0.01345089 0.07130323 0.106329754 0.14174502 0.16930117 0.08849741 0.09961676 0.31727818 0.008805396 -32767.0 -32767.0 -32767.0 -32767.0 -32767.0 -32767.0 -32767.0 -32767.0 -32767.0 -32767.0 -32767.0 -32767.0 -32767.0 -32767.0 -32767.0 -0.31253532 0.001918837 0.20084603 0.6238961 0.87445384 0.23936148 -0.15706304 -0.38570473 -0.4998479 -0.6019194 -0.37710175 -0.050527498 0.098976165 -0.0045412835 0.028189208 0.1607516 -0.29189736 -0.62273467 -0.2722145 0.02764481 0.26875332 0.25653955 0.061138563 -0.003838729 -0.043255057 -0.105268195 -0.23999692 -0.37915033 -0.5418342 -0.51015115 -0.017035132 0.11687564 -0.0023029647
0.050860994 0.13898578 0.17289339 0.14016895 0.21293813 0.16659585 0.12538719 0.20520166 0.17948616 -32767.0 0.21865691 -32767.0 -32767.0 -32767.0 -32767.0 -32767.0 -32767.0 -32767.0 -32767.0 -32767.0 -32767.0 -32767.0 -32767.0 -32767.0 -32767.0 -0.17771554 -0.04585262 0.13210827 0.6417572 0.9084563 0.18765076 -0.10772348 -0.39451423 -0.51759106 -0.40291038 -0.22862 0.19007052 0.22341113 0.120311834 0.20758133 0.04610425 -0.30329022 -0.46522745 -0.026834225 0.2660339 0.33559936 0.18079855 0.112745926 0.06943142 -0.14781454 -0.30281946 -0.48537728 -0.45291665 -0.4104722 -0.20636381 0.035633747 -0.046536233 -0.10742272
0.043059032 0.21697809 0.17305733 0.09635639 0.15280162 0.15433694 0.082588635 0.08596266 0.17351265 0.15621608 0.30595815 0.19873318 -0.011870559 0.015677344 0.09093718 0.019559443 -32767.0 -32767.0 -32767.0 -32767.0 -32767.0 -32767.0 -32767.0 -32767.0 -32767.0 -32767.0 -0.08958647 -0.053005137 0.5488348 0.9023148 0.09876108 -0.13620506 -0.32791963 -0.45067194 -0.34274745 -0.110702515 0.08891445 0.12827411 0.030469116 0.010850597 0.07677645 -0.07664318 -0.19431913 -0.12431984 0.04380369 0.12024979 0.15459147 0.037954178 -0.24559492 -0.43968326 -0.62212026 -0.26457772 -0.066968545 -0.06468787 0.09652692 0.16546999 0.21327837 0.18953833
0.15519863 -0.0004221769 0.20460474 0.16964108 0.10124789 0.09818038 0.112260304 0.19394366 0.17445508 0.18232092 0.08789242 0.1222227 0.11525574 0.0874878 0.039160013 0.026139548 -32767.0 -32767.0 -32767.0 -32767.0 -32767.0 -32767.0 -32767.0 -32767.0 -32767.0 -32767.0 -32767.0 -0.20960765 0.35135567 0.8425892 0.23939103 -0.11227788 -0.13496014 -0.053904273 -0.36691812 -0.059992805 -0.05522451 -0.09954211 -0.15733573 -0.107591316 0.12835352 0.2614696 0.13829882 0.027512722 -0.0026513408 -0.03281285 0.055735398 -0.2389831 -0.4671149 -0.5401559 -0.29819638 0.04078179 0.2040886 0.18105747 0.21178567 0.29181924 0.2135731 0.5916508
-32767.0 0.14446238 0.002962888 0.036942 0.02654637 -0.00843711 0.11288431 0.17273942 0.20336984 0.1229694 0.13634741 0.20387493 0.044955254 0.08398951 0.13166356 0.040060654 0.08758297 -0.14060555 -32767.0 -32767.0 -32767.0 -32767.0 -32767.0 -32767.0 -32767.0 -32767.0 -32767.0 -32767.0 0.55293894 0.897235 0.3307142 0.0030254684 -0.1333076 -0.043871038 -0.14562063 -0.1516985 -0.092516944 -0.05992983 -0.13799466 -0.12522845 0.32220298 0.4311614 0.20050554 0.09678166 -0.08729713 -0.042057224 -0.09797403 -0.0028252457 -0.14913727 -0.36458692 -0.15119849 0.08476024 0.158142 0.30549452 0.453819 0.11285016 0.18817541 -32767.0
-32767.0 0.009243016 0.095343076 -0.05237959 -0.0652818 -0.07427315 -0.0005572019 0.2034778 0.21292163 0.12484462 0.13938206 0.18181182 0.15246665 0.10704347 0.036239266 0.08611588 -32767.0 -0.034095593 -32767.0 -32767.0 -32767.0 -32767.0 -32767.0 -32767.0 -32767.0 -32767.0 -32767.0 -32767.0 0.4921906 0.9603236 0.40309846 0.15009533 -0.0015764558 -0.14757958 -0.19861686 -0.19454631 -0.2709189 -0.20326033 -0.19035245 0.055391528 0.24105793 0.22112074 0.18132022 0.051316284 -0.22854917 -0.083914414 -0.16283031 0.060345095 -0.0368249 -0.09128359 0.09937049 0.05415091 0.19669767 0.3386991 0.3638113 0.23970923 0.0052615874 -32767.0
0.01421154 0.030482236 -0.008467802 -0.0689792 0.017905844 0.03743818 0.044876397 0.08206045 0.0069005964 -0.037069537 0.013079131 0.011558404 0.07407367 0.12929954 0.1691879 -32767.0 -32767.0 -32767.0 -32767.0 -32767.0 -32767.0 -32767.0 -32767.0 -32767.0 -32767.0 -32767.0 -32767.0 -32767.0 0.30429733 1.0865659 0.4526648 0.29581943 0.11233528 -0.053918023 -0.19339895 -0.20876637 -0.22320804 -0.24451178 -0.31484643 -0.056074083 0.14329256 0.20438886 0.16731153 0.06704646 -0.27557656 -0.31725708 -0.018481325 0.17388873 0.1483809 -0.027665067 0.05601722 0.24621968 0.2664627 0.2632018 0.24350496 0.53858143 0.19241752 0.020240743
-0.04279929 -0.054841306 -0.07202311 -0.10718178 -0.02375688 0.1231269 0.20396668 0.09023949 -0.022150159 -0.0892787 -0.1121362 -0.04899064 -0.010513198 -0.009962262 0.11575926 0.12479346 -32767.0 -32767.0 -32767.0 -32767.0 -32767.0 -32767.0 -32767.0 -32767.0 -32767.0 -32767.0 -32767.0 -32767.0 0.06926558 1.1908628 0.56370276 0.27151558 0.069068864 0.08364534 0.059260823 -0.089780755 -0.24033643 -0.24053758 -0.19425477 -0.12766814 -0.037636362 0.019347992 0.2702587 0.012617614 -0.08471878 -0.18127324 0.022966653 0.16655862 0.23516592 0.21433356 0.2436197 0.22768787 0.34936062 0.3442076 0.16418773 0.43916887 0.11480586 -32767.0
-0.033844106 0.0043958724 0.008566027 -0.09857022 -0.1484667 0.021720367 0.12952249 0.14641796 0.04818103 -0.06920884 -0.106018215 -0.10083619 -0.067103066 -0.07202273 0.058432642 0.1637803 0.17023039 -32767.0 -32767.0 -32767.0 -32767.0 -32767.0 -32767.0 -32767.0 -32767.0 -32767.0 -32767.0 -32767.0 -0.17280522 1.1411752 0.60277057 0.18876106 0.03918096 0.12546143 0.20899272 0.045261897 -0.065697774 -0.022424698 0.0066778716 -0.07254545 -0.029510463 0.093017876 0.28166488 -32767.0 -0.12934345 0.17400193 0.21678384 0.10356114 0.15291299 0.23173931 0.10839491 0.07692347 0.21986347 0.5245885 0.032592487 -32767.0 -32767.0 -32767.0
-0.04140167 -0.026353154 -0.0033086082 -0.023216685 -0.07022266 -0.024389816 0.067153566 0.051888216 -0.04685221 -0.040248744 -0.07689084 -0.1315648 -0.120146394 -0.10139636 -0.09070775 0.06285758 0.097099386 -32767.0 -32767.0 -32767.0 -32767.0 -32767.0 -32767.0 -32767.0 -32767.0 -32767.0 -32767.0 -32767.0 -32767.0 1.0408912 0.536684 -0.023507826 0.04103009 0.07401159 0.17719336 0.15616457 0.039837535 0.12108502 0.0625581 0.14327759 0.12641634 0.10737068 0.21894844 -0.005334177 -0.1299341 -0.015119879 0.10345632 -0.017053751 0.041049153 0.18494174 0.11333013 0.098149925 0.09235264 0.43719512 -0.112315476 -32767.0 -32767.0 -32767.0
-0.056416776 -0.094678245 -0.03157077 0.02461466 0.020569276 0.00046370155 -0.039002646 -0.06795049 -0.104383714 -0.0872062 -0.10424781 -0.15205102 -0.2011572 -0.029272974 -0.032101996 0.062515125 0.05749539 0.005978157 -32767.0 -32767.0 -32767.0 -32767.0 -32767.0 -32767.0 -32767.0 -32767.0 -32767.0 -32767.0 0.8063444 0.97059256 0.47552547 -0.0071064313 0.012295762 -0.030680504 -0.0016351882 0.2171109 0.08107775 0.14103231 0.006172286 0.09451693 0.10900368 0.1517564 0.1321015 0.08428027 0.16115606 0.25777104 0.15675095 0.159737 0.19346271 0.073249385 0.04285116 -32767.0 -0.044871375 -0.1994858 -0.12910283 -32767.0 -32767.0 -32767.0
-0.099740975 -0.11661455 -0.039394878 0.025804836 0.020570282 -0.024277518 -0.044377815 -0.09406407 -0.082049705 -0.09863714 -0.073617324 -0.053887255 -0.015909057 -0.053943112 -0.046936218 0.1520664 -0.018774725 -32767.0 -32767.0 -32767.0 -32767.0 -32767.0 -32767.0 -32767.0 -32767.0 -32767.0 -32767.0 -32767.0 0.74112135 0.69859207 0.2778959 0.09358917 0.011936336 -0.007796187 -0.021856934 0.07118568 0.053792544 0.16824192 0.0926121 0.10661304 0.41058263 0.1623726 -32767.0 -32767.0 -0.006736811 -0.13298266 -32767.0 -32767.0 -32767.0 -32767.0 -32767.0 -32767.0 -32767.0 -32767.0 -32767.0 -32767.0 -32767.0 -32767.0
-0.07386071 -0.14089371 -0.1204799 -0.1001686 -0.21368271 -0.21248898 -0.100061044 -0.07320822 -0.0422279 -0.07335391 -0.15559243 -0.17653508 -0.09888903 -0.19979723 -0.058554962 0.057628546 -32767.0 -32767.0 -32767.0 -32767.0 -32767.0 -32767.0 -32767.0 -32767.0 -32767.0 -32767.0 -32767.0 0.44655368 0.56743073 0.41222903 -0.042667147 0.03767472 -0.106515236 -0.10404526 0.021787979 0.036476556 -0.10925369 0.042849302 0.23197848 0.39835742 0.17830259 -32767.0 -32767.0 -32767.0 -32767.0 -32767.0 -32767.0 -32767.0 -32767.0 -32767.0 -32767.0 -32767.0 -32767.0 -32767.0 -32767.0 -32767.0 -32767.0 -32767.0
0.023474421 -0.008977551 -0.0729501 -0.14166893 -0.14244863 -0.077194214 -0.01442127 -0.008623594 -0.09705904 -0.0719317 -0.14265737 -0.22432043 -0.24908039 -0.2953411 -0.033005413 0.006392467 -32767.0 -32767.0 -32767.0 -32767.0 -32767.0 -32767.0 -32767.0 -32767.0 0.14077668 0.010124156 0.27113414 0.35350874 0.29721674 0.116770804 -0.23555577 -0.055463158 -0.10831407 0.081992686 0.2901337 0.29335782 0.16463003 0.14883052 0.3692462 -32767.0 -32767.0 -32767.0 -32767.0 -32767.0 -32767.0 -32767.0 -32767.0 -32767.0 -32767.0 -32767.0 -32767.0 -32767.0 -32767.0 -32767.0 -32767.0 -32767.0 -32767.0 0.044751946
0.12707846 0.07126944 0.086563714 0.0025126296 -0.08949941 -0.027523777 -0.015958015 -0.057241287 -0.12619579 -0.16732316 -0.19895701 -0.23418045 -0.28023997 -0.30954227 -0.07310371 0.01294162 -32767.0 -32767.0 -32767.0 -32767.0 0.035550646 0.09981507 0.0457041 0.025545495 0.0644383 0.28761902 0.2758748 0.5837113 -0.0043886676 -0.07934096 -0.11651737 -0.058995858 0.10033132 0.31971398 0.32820025 0.070509106 0.063796625 0.07768611 -32767.0 -32767.0 -32767.0 -32767.0 -32767.0 -32767.0 -32767.0 -32767.0 -32767.0 -32767.0 0.08725215 0.061825104 -32767.0 -32767.0 -32767.0 -32767.0 -32767.0 -32767.0 -32767.0 0.073853746
0.16985056 0.06131568 0.043718517 0.023708202 0.006553076 0.01336862 0.018442318 -0.045338944 -0.12406145 -0.10741785 -0.14060296 -0.15327501 -0.18853155 -0.40510008 0.08454497 -32767.0 0.009479201 -32767.0 0.05633362 -32767.0 0.03218437 -32767.0 -0.1373643 -0.18031847 -0.16241142 -0.044583626 0.2673056 0.20554091 -0.15702108 -0.043408398 0.031393323 0.15401281 0.40106213 0.52498037 0.29611012 -0.018410394 -32767.0 -32767.0 -32767.0 -32767.0 -32767.0 -32767.0 -32767.0 -32767.0 0.039876536 -0.047649655 -0.036134344 -0.061292782 0.10539466 -0.05840409 -0.21389745 -0.009776076 -32767.0 -32767.0 -32767.0 -32767.0 -32767.0 -0.06771772
0.13090959 0.11686101 0.0031690146 -0.028543979 -0.025003133 0.039591074 0.035676565 -0.07895325 -0.15511554 -0.13140102 -0.09160516 -0.16342512 -0.11537893 -0.1701076 -0.11637873 -0.18723571 0.021850158 -0.030012717 -0.12942597 -0.05171311 -0.25012174 -0.27864859 -0.22952262 -0.20153272 -0.17633541 -0.03171624 0.23775083 -32767.0 0.03508659 0.29677486 0.2405927 0.24464993 0.3714437 0.41502082 -32767.0 -32767.0 -32767.0 -32767.0 -32767.0 -0.07303195 0.037619073 -0.011943229 -0.020526117 -0.056563012 0.016908934 0.023360878 -32767.0 -32767.0 -0.10004445 -0.2143641 0.022200141 -32767.0 -32767.0 -32767.0 -32767.0 -32767.0 0.3847637 0.38816017
0.13292636 0.044006217 0.004698049 0.0120006 0.010946238 -0.015148908 -0.0907965 -0.16982202 -0.20171474 -0.22024636 -0.09520826 -0.026717057 -0.16624421 -0.18125524 -0.22543652 -0.2211659 -0.17973474 -0.038069576 -0.051113874 -0.1472131 -0.18171051 -0.19321309 -0.21417572 -0.039985586 -0.06863521 0.04821453 0.0501618 0.098062 0.24867506 0.20088634 0.14185402 0.1689129 0.23757285 0.16631663 0.068117335 -32767.0 0.110412076 0.07995167 -32767.0 -0.046103783 0.098974064 -0.041893512 -32767.0 0.027851267 -0.04371682 -32767.0 -32767.0 -32767.0 -32767.0 -0.31120148 0.07946951 -32767.0 -32767.0 -32767.0 -32767.0 0.22295225 0.54554814 0.44333425
0.15222548 0.06226222 0.06860903 0.16901463 0.17997749 -0.025451485 -0.124642566 -0.30136412 -0.38163963 -0.38678208 -0.329756 -0.26793626 -0.24863933 -0.30697745 -0.35697594 -0.25300738 -0.07911215 -0.026279323 -0.10943591 -0.085487455 -0.15998131 -0.23307246 -0.14708114 0.038065627 0.035050437 -0.010399788 0.06812452 0.13545644 0.19881448 -32767.0 0.14973116 0.123769246 -32767.0 -32767.0 0.06127853 0.17864588 0.07389869 -0.17608741 -0.048146985 0.14643525 -0.0778451 -32767.0 -32767.0 -32767.0 -32767.0 -32767.0 -32767.0 -32767.0 -32767.0 -0.10988468 0.047468193 -0.2132304 -32767.0 -32767.0 0.24681664 0.39192978 0.27831674 0.41247395
