static/data/seaWind_uo/2023/7/25/0.asc
ncols 137
nrows 93
xllcorner 108.0
yllcorner 17.0
cellsize 0.25
NODATA_value -32767
[rows 38 to 56 of 93, columns 86 to 128 of 137]
-3.668936412606903 -3.570433813112585 -3.62489053478424 -3.9091866552759704 -4.589094842029433 -4.737249158342025 -4.561065647051375 -4.22231280488799 -4.046129293597339 -3.7954682070792787 -3.718588129425177 -3.7866590315147457 -3.9220000015516545 -4.003685084059137 -4.030913444894965 -3.9996809133479863 -3.939618352680719 -3.9083858211337406 -3.839514084901941 -3.784256529088055 -3.7778498559502136 -3.829904075195178 -3.9620417086631656 -4.100586015268995 -4.223914473172449 -4.292786209404249 -4.279972863128566 -3.9932742402101447 -3.638504715202154 -3.290942697474236 -3.0090490794091957 -2.860093928954374 -2.8096413779938696 -2.8384714071141577 -2.927363996901713 -3.038679942671714 -3.1187633568947373 -3.097941669196751 -2.9866257234267497 -2.8024338707137977 -2.6014245010140105 -2.526146091644369 -2.514934413653146
-3.6745422516025146 -3.686554763735968 -3.7009697782961117 -4.1870761026298595 -4.746058333906557 -4.878195967374545 -4.550654803202383 -4.310404560533314 -4.248740331581587 -4.077361825144318 -4.0076892547702885 -4.0821668299977 -4.167055249074103 -4.22551614145691 -4.267159516852882 -4.268761185137342 -4.237528653590363 -4.207096956185615 -4.132619380958204 -4.0477309618818 -3.9684483818010072 -3.928406674689496 -3.9588383720942444 -4.1061918542646065 -4.256748673003889 -4.36886545291612 -4.3896871406141065 -4.243134492585975 -3.9548342013830933 -3.592056334952801 -3.2693201756340198 -3.034675771960563 -2.9129489823415686 -2.9497873528841594 -3.0955391667700605 -3.2765276829140917 -3.4374953455023673 -3.501562076880785 -3.3966528042486255 -3.188435927268767 -2.9513890211686196 -2.758387992891135 -2.689516256659336
-3.7706423486701413 -3.8547299336043155 -3.9908717377834537 -4.395292979609718 -4.714825802359579 -4.826141748129579 -4.750062504617709 -4.593899846882815 -4.5066089253797195 -4.380077130907344 -4.315209565386695 -4.352047935929286 -4.436135520863459 -4.50740975952195 -4.545849798349001 -4.558663144624685 -4.57708232989598 -4.5738789933270585 -4.558663144624685 -4.5066089253797195 -4.4121104965965525 -4.262354511999501 -4.146233561376118 -4.173461922211946 -4.251142834008277 -4.364060448062739 -4.440940525716841 -4.40089881860533 -4.155042736940651 -3.8090823874971926 -3.464723706338195 -3.160406732290709 -2.9978374014179727 -3.02346409396934 -3.154000059152867 -3.354208594710424 -3.5816454911038083 -3.7257956367052487 -3.672940583318054 -3.540002115707836 -3.3125652193144517 -3.1163608544680463 -3.0242649281115703
-3.8379124166174803 -3.865941611595538 -4.080565161713239 -4.478579730401662 -4.814129235996127 -5.040765298247281 -5.010333600842532 -4.907826830637063 -4.760473348466702 -4.65155990512339 -4.593899846882815 -4.61231903215411 -4.602709022447347 -4.703614124368356 -4.75646917775555 -4.855772611392098 -4.903021825783682 -4.971893562015481 -5.0543794786651945 -5.005528595989151 -4.883000972227926 -4.71963080721296 -4.468969720694899 -4.2967903801154 -4.32962457994684 -4.344039594506984 -4.408106325885402 -4.4345338525789995 -4.251943668150508 -3.9268050064050355 -3.5936580032372616 -3.2877393609053147 -3.1035475081923627 -3.104348342334593 -3.229278468522508 -3.405461979813158 -3.6216871982153194 -3.8178915630617247 -3.8555307677465454 -3.7506214951143857 -3.6649322418957517 -3.5063670817341666 -3.384640292115172
-4.066150147153095 -4.004485918201368 -4.1606485759362615 -4.521023939939864 -4.903021825783682 -5.129657888034836 -5.212944638826779 -5.156085414728434 -5.03515945925167 -4.925445181766128 -4.867785123525552 -4.801315889720443 -4.758070846040011 -4.848565104112026 -4.949470206033035 -5.047171971385122 -5.222554648533542 -5.323459750454551 -5.433174027940092 -5.477219905762754 -5.35469228200153 -5.110437868621311 -4.801315889720443 -4.549853969060152 -4.362458779778279 -4.3760729601961925 -4.372068789485041 -4.404902989316481 -4.274367024132954 -4.0821668299977 -3.748218992687695 -3.4919520671740227 -3.322976063163445 -3.295747702327617 -3.3077602144610703 -3.48394372575172 -3.5680313106858943 -3.73140147570086 -3.798671543648199 -3.817090728919495 -3.73060064155863 -3.684152261309277 -3.5856496618149594
-4.29598954597317 -4.244736160870436 -4.412911330738783 -4.653962407550081 -5.03836279582059 -5.239372165520377 -5.325061418739011 -5.318654745601169 -5.294629721334262 -5.182512941422031 -5.097624522345627 -5.0271511178293675 -4.93425435733066 -4.956677713313107 -5.060786151803036 -5.220952980249082 -5.403543164677574 -5.583730846679375 -5.713465977720671 -5.7647193628234055 -5.677428441320311 -5.431572359655631 -5.076002000505411 -4.728439982777493 -4.526629778935476 -4.36486128220497 -4.352047935929286 -4.3760729601961925 -4.32962457994684 -4.148636063802808 -3.992473406067914 -3.743413987834314 -3.6008655105173335 -3.534396276712225 -3.532794608427764 -3.495956237885174 -3.564027139974743 -3.610475520224096 -3.640907217628845 -3.6649322418957517 -3.620886364073089 -3.5808446569615775 -3.5832471593882684
-4.234325317021442 -4.4209196721610855 -4.670779924536916 -4.875793464947854 -5.092018683350015 -5.293028053049802 -5.444385705931315 -5.449190710784697 -5.466809061913761 -5.432373193797861 -5.347484774721457 -5.232965492382535 -5.118446210043613 -5.097624522345627 -5.190521282844333 -5.350688111290379 -5.504448266598581 -5.7238768215696645 -5.85040861604204 -5.88484448415794 -5.797553562654844 -5.606154202661821 -5.2706046970673555 -4.89661515264584 -4.6187257052919515 -4.457758042703675 -4.36806461877389 -4.377674628480653 -4.3584546090671274 -4.284777867981947 -4.128615210247053 -3.9844650646456117 -3.8419165873286314 -3.7714431828123716 -3.708978119718414 -3.6721397491758236 -3.5832471593882684 -3.5584213009791315 -3.525587101147692 -3.4559145307736623 -3.411868652951 -3.423080330942223 -3.4815412233250296
-4.310404560533314 -4.50500725709526 -4.706016626795046 -4.945466035321884 -5.115242873474692 -5.290625550623112 -5.46440655948707 -5.593340856386137 -5.610158373372972 -5.577324173541532 -5.4900332520384385 -5.368306462419444 -5.304239731041026 -5.2834180433430395 -5.388327315975199 -5.516460778732036 -5.63978923663549 -5.762316860396715 -5.81597274792614 -5.855213620895421 -5.791947723659233 -5.613361709941893 -5.374713135557285 -5.060786151803036 -4.777290865453536 -4.561065647051375 -4.444944696427992 -4.40089881860533 -4.395292979609718 -4.3448404286492135 -4.275968692417415 -4.159046907651801 -4.030913444894965 -3.964444211089856 -3.8875641334357542 -3.810684055781653 -3.688156432020428 -3.55361629612575 -3.428686169937835 -3.358212765421575 -3.3013535413232287 -3.322976063163445 -3.3990553066753164
-3.9123899918448917 -4.522625608224324 -4.7716850264579245 -4.985507742433395 -5.196927955982175 -5.381920642837358 -5.535680798145561 -5.685436782742613 -5.689440953453764 -5.671021768182469 -5.590137519817216 -5.4812240764739055 -5.4499915449269265 -5.448389876642466 -5.586934183248296 -5.7102626411517505 -5.784740216379161 -5.85120945018427 -5.805561904077147 -5.772727704245708 -5.70866097286729 -5.588535851532756 -5.435576530366783 -5.175305434141959 -4.924644347623898 -4.698809119514975 -4.510613096090871 -4.415313833165474 -4.395292979609718 -4.377674628480653 -4.328022911662379 -4.26075284371504 -4.171860253927485 -4.104590185980146 -4.058141805730793 -4.004485918201368 -3.9123899918448917 -3.7330031439853206 -3.5223837645787714 -3.338191911865819 -3.254104326931645 -3.2468968196515733 -3.326980233874596
-3.464723706338195 -4.288782038693098 -4.844560933400875 -4.973495230299942 -5.1985296242666355 -5.405945667104264 -5.570116666261461 -5.739092670272038 -5.7823377139524705 -5.774329372530168 -5.666216763329087 -5.518863281158726 -5.504448266598581 -5.690241787595994 -5.880039479304559 -5.988952922647869 -6.020185454194848 -6.06343049787528 -6.004969605492473 -5.933695366833984 -5.823180255206212 -5.679830943747001 -5.552498315132396 -5.329866423592392 -5.088014512638864 -4.829345084698501 -4.57788316403821 -4.399297150320869 -4.355251272498207 -4.399297150320869 -4.4161146673077045 -4.381678799191804 -4.338433755511372 -4.298392048399861 -4.25835034128835 -4.2006902830477735 -4.100586015268995 -3.9260041722628056 -3.6649322418957517 -3.3886444628263233 -3.1940417662643785 -3.125170030032579 -3.214863453962364
-4.438538023290151 -4.817332572565048 -4.939059362184042 -5.114442039332461 -5.318654745601169 -5.495639091034049 -5.644594241488871 -5.784740216379161 -5.835993601481896 -5.828786094201824 -5.755910187258873 -5.651000914626714 -5.663814260902397 -5.85040861604204 -6.050617151599596 -6.196368965485497 -6.2588340285794555 -6.291668228410895 -6.273249043139599 -6.217991487325714 -6.107476375697942 -5.9489112155363575 -5.770325201819017 -5.506850769025273 -5.245778838658219 -4.938258528041812 -4.64755573441224 -4.466567218268208 -4.36886545291612 -4.382479633334034 -4.391288808898567 -4.372869623627272 -4.380877965049574 -4.398496316178639 -4.413712164881013 -4.40410215517425 -4.311205394675545 -4.15424190279842 -3.896373309000287 -3.5976621739484127 -3.3181710583100634 -3.1764234151353135 -3.2092576149667527
-4.998321088709078 -5.0415661323895105 -5.128857053892606 -5.311447238321097 -5.4908340861806675 -5.60375170023513 -5.727080158138585 -5.8183752503528305 -5.864022796459954 -5.886446152442399 -5.775130206672399 -5.718270982574053 -5.78153687981024 -5.95852122524312 -6.170742272934131 -6.3172949209622615 -6.439021710581256 -6.499885105390753 -6.515901788235357 -6.484669256688379 -6.3757558133450685 -6.229203165316937 -6.06343049787528 -5.778333543241319 -5.475618237478294 -5.120047878328073 -4.782896704449148 -4.562667315335835 -4.432131350152309 -4.448948867139143 -4.467368052410438 -4.4521522037080645 -4.424123008730007 -4.396093813751948 -4.43933885743238 -4.50901142780641 -4.47377472554828 -4.36726378463166 -4.1782669270653265 -3.9139916601293523 -3.6369030469176935 -3.3990553066753164 -3.402258643244237
-5.223355482675773 -5.387526481832969 -5.486829915469517 -5.643793407346641 -5.761516026254485 -5.846404445330888 -5.8720311378822565 -5.932894532691753 -5.906467005998156 -5.896056162149163 -5.8047610699349175 -5.7823377139524705 -5.84960778189981 -6.0161812834836965 -6.220393989752404 -6.4021833400386665 -6.563151002626942 -6.661653602121259 -6.723317831072986 -6.696089470237158 -6.611201051160755 -6.461445066563703 -6.278854882135211 -6.02739296147492 -5.730283494707505 -5.387526481832969 -5.040765298247281 -4.714024968217348 -4.529833115504396 -4.580285666464901 -4.617924871149722 -4.597904017593965 -4.509812261948641 -4.455355540276985 -4.50580809123749 -4.591497344456124 -4.6187257052919515 -4.61392070043857 -4.460961379272597 -4.26155367785727 -4.001282581632447 -3.789862368083667 -3.712181456287335
-5.579726675968223 -5.741495172698729 -5.844001942904198 -5.983347083652257 -6.073841341724274 -6.103472204986792 -6.118688053689166 -6.135505570676001 -6.112281380551324 -5.989753756790099 -5.852811118468731 -5.81597274792614 -5.898458664575854 -6.065032166159741 -6.286062389415283 -6.475860081123846 -6.670462777685792 -6.7713678796067995 -6.825824601278455 -6.823422098851765 -6.739334513917591 -6.599188539027301 -6.4069883448920475 -6.179551448498663 -5.9577203911008905 -5.618166714795274 -5.302638062756564 -4.979101069295553 -4.764477519177852 -4.835751757836343 -4.8926109819346895 -4.890208479507998 -4.8029175580049035 -4.6411490612743975 -4.644352397843319 -4.712423299932888 -4.782896704449148 -4.780494202022457 -4.746058333906557 -4.575480661611519 -4.382479633334034 -4.179868595349787 -4.077361825144318
-6.004168771350243 -6.162733931511829 -6.266842370001758 -6.334112437949097 -6.401382505896436 -6.391772496189673 -6.384564988909601 -6.401382505896436 -6.390170827905212 -6.246821516446002 -5.95852122524312 -5.807163572361608 -5.897657830433623 -6.081048849004345 -6.301278238117657 -6.48547009083061 -6.667259441116871 -6.748143689482124 -6.80340124529601 -6.800998742869318 -6.792189567304787 -6.66085276797903 -6.446229217861328 -6.218792321467944 -6.021787122479308 -5.868827801313335 -5.552498315132396 -5.313048906605558 -5.1128403710480015 -5.163292922008505 -5.252986345938291 -5.2505838435116 -5.173703765857498 -4.998321088709078 -4.894212650219149 -4.887005142939078 -4.954275210886417 -4.986308576575626 -4.951872708459726 -4.902220991641451 -4.7524650070444 -4.54424813006454 -4.36806461877389
-6.397378335185285 -6.565553505053632 -6.656047763125647 -6.714508655508455 -6.70009364094831 -6.660051933836799 -6.664056104547949 -6.73452950906421 -6.728122835926369 -6.5647526709114015 -6.200373136196649 -5.9393012058295955 -5.932894532691753 -6.113883048835785 -6.246020682303772 -6.419801691167731 -6.544731817355647 -6.616006056014136 -6.688081128814856 -6.722516996930757 -6.718512826219605 -6.664056104547949 -6.446229217861328 -6.20517814105003 -6.091459692853338 -5.951313717963048 -5.817574416210601 -5.610959207515203 -5.445987374215775 -5.4499915449269265 -5.542087471283402 -5.5981458612395185 -5.528473290865488 -5.3691072965616735 -5.219351311964621 -5.156085414728434 -5.141670400168289 -5.17770793656865 -5.21454630711124 -5.184114609706491 -5.063188654229727 -4.858975947961019 -4.670779924536916
-6.813011255002772 -6.901103010648097 -6.973178083448817 -6.974779751733278 -6.934738044621767 -6.900302176505868 -6.886687996087954 -6.958763068888674 -6.988393932151192 -6.8610613035365855 -6.572761012333704 -6.220393989752404 -6.157928926658447 -6.188360624063195 -6.295672399122045 -6.333311603806866 -6.430212535016723 -6.516702622377588 -6.563151002626942 -6.593582700031691 -6.609599382876295 -6.593582700031691 -6.48547009083061 -6.264439867575067 -6.1643355997962885 -6.067434668586431 -5.951313717963048 -5.7911468895170035 -5.627776724502037 -5.634984231782109 -5.738291836129808 -5.7959518943703845 -5.786341884663622 -5.649399246342253 -5.4996432617452005 -5.4091490036731855 -5.375513969699515 -5.409949837815415 -5.457199052206999 -5.421161515806638 -5.295430555476493 -5.0944211857767066 -4.867785123525552
-7.104514882774575 -7.1805941262864454 -7.220635833397958 -7.222237501682418 -7.182195794570907 -7.139751585032705 -7.082091526792128 -7.065274009805293 -7.075684853654286 -7.042850653822848 -6.870671313243349 -6.55914683191579 -6.48947426154176 -6.4742584128393865 -6.41579752045658 -6.340519111086938 -6.330108267237946 -6.499885105390753 -6.52070679308874 -6.438220876439026 -6.419000857025501 -6.523109295515431 -6.535121807648883 -6.3397182769447085 -6.24201651159262 -6.13470473653377 -5.982546249510027 -5.814371079641679 -5.614162544084123 -5.587735017390525 -5.691042621738225 -5.761516026254485 -5.779134377383549 -5.773528538387938 -5.691042621738225 -5.636585900066569 -5.612560875799662 -5.635785065924339 -5.666216763329087 -5.622170885506425 -5.510854939736424 -5.316252243174478 -5.084811176069943
-7.424047705524435 -7.424047705524435 -7.40322601782645 -7.344765125443642 -7.284702564776376 -7.288706735487526 -7.243860023522634 -7.183797462855367 -7.121332399761409 -7.064473175663064 -7.044452322107308 -6.9419455519018385 -6.868268810816657 -6.744940352913202 -6.597586870742841 -6.490275095683991 -6.4206025253099615 -6.472656744554926 -6.428610866732264 -6.302879906402118 -6.259634862721686 -6.4021833400386665 -6.56154933434248 -6.463046734848163 -6.387768325478522 -6.246821516446002 -6.040206307750603 -5.807163572361608 -5.586934183248296 -5.477219905762754 -5.510854939736424 -5.572519168688151 -5.626175056217576 -5.667017597471318 -5.682233446173692 -5.688640119311534 -5.707059304582829 -5.772727704245708 -5.823180255206212 -5.790346055374773 -5.699050963160527 -5.516460778732036 -5.329065589450162
