static/data/seaWind_uo/2023/7/25/12.asc
ncols 137
nrows 93
xllcorner 108.0
yllcorner 17.0
cellsize 0.25
NODATA_value -32767
[rows 19 to 37 of 93, columns 86 to 128 of 137]
3.5746084038654966 3.8484936805082337 3.509740838344848 2.8778827001251996 2.302082951861667 1.7719307497052568 1.3218619617718694 0.39769936163818764 -0.25257796185275616 -0.6217625014208905 -0.8796310952190236 -0.9260794754683768 -0.8067551882760728 -0.7338792813331223 -1.0285862456738457 -0.9132661291926931 -0.8363860515385912 -0.7843318322936266 -0.6986425790749924 -0.65539753539456 -0.5064423849397381 -0.5833224625938398 -1.107868825754638 -0.7074517546395249 0.08056904131501819 0.8093281107445245 1.1881226600194212 0.44334690774531094 -0.6954392425060714 -1.525103413856586 -1.4874642091717656 -1.1294913475948543 -0.775522656729094 -0.3566864003426855 0.10379323143969454 0.7917097596154594 0.9358599052168999 0.9670924367638789 1.3835261907235967 3.2238430495686576 3.4480766093931208 2.9235302462323225 2.3405229906887173
3.4320599265485163 3.1517679767679367 2.4206064049117404 1.7190756963180616 1.2521893913978395 0.8806023494030146 0.5066128049814989 -0.34307221992477155 -0.8099585248449939 -0.9420961583129812 -0.86761858308557 -0.686630066941539 -0.97332868985996 -1.238404790938165 -1.0285862456738457 -1.0101670604025506 -0.8852369342146351 -0.8219710369784472 -0.9757311922866507 -0.6193599989941998 -0.4752098533927591 -0.4455789901302407 -0.3254538687957069 0.7877055889043083 1.3570986640299991 1.650203960086262 1.9272925732979203 1.6966523403356155 0.2375325331921423 -1.3176873710189574 -2.080081474422133 -1.6163985060708321 -0.8580085733788074 -0.16128286963851046 0.013298973367679157 0.775693076770855 0.9382624076435908 1.116848421360931 2.0209901679388573 4.148806483844568 4.839125514447025 4.658136998302993 4.019071352803273
2.246825396047781 1.7743332521319473 0.9342582369324397 0.4081102054871808 0.16625829453365215 0.15584745068465944 -0.08760612855332939 -0.6730158865236251 -0.945299494881902 -0.9973537141268669 -0.6313725111276534 -0.6233641697053511 -0.6321733452698834 -0.566504945607005 -0.5625007748958539 -0.23415877658146078 -0.10602531382462477 -0.13885951365606397 -0.3566864003426855 -0.46159567297484516 -0.5480857603357097 -0.5705091163181562 -0.07078861156649463 0.8749965104074029 1.5348838436051095 1.9136783928800063 2.004172650952022 1.824785803092452 0.6203312531781906 -0.5336707457755656 -0.9885445385623344 -0.5657041114647747 0.058145685332571695 0.6315429311694141 0.6884021552677599 1.487634629213526 2.378162195373538 3.7684102662852115 5.021715698875516 6.329477853137476 6.476030501165608 6.146086834566754 5.710433061193511
1.0407691778490595 0.34404347410876257 -0.4367698145657082 -0.6722150523813948 -0.6505925305411788 -0.6666092133857833 -0.6497916963989485 -0.37270308318728995 -0.7018459156439132 -0.8988511146325491 -0.7346801154753526 -0.30383134695549074 0.3160142791307048 0.5346419999595566 0.4921977904213546 0.012498139225448845 0.21751167963638673 0.5394470048129381 0.7917097596154594 0.982308285466253 0.6187295848937304 0.47217693686559903 -0.47601068753498943 -0.0820002895577181 0.5842937167778306 1.1024334068007873 1.4195637271239567 1.4916387999246772 1.11284425064978 0.2343291966232215 0.959884929483807 1.4315762392574105 1.9345000805779926 2.2500287326167014 2.435822253614114 2.8554593441427527 3.5113425066293087 4.734216241814865 5.8689982213550955 6.500856359574746 6.706670734127913 6.4976530230058245 6.125265146868768
-0.33746638092916026 -0.983739533708953 -1.5363150918478095 -1.5403192625589606 -1.3040731906010437 -1.223989776378021 -1.1342963524482357 -0.8860377683568654 -1.1022629867590266 -0.9957520458424063 -0.5088448873664286 0.32562428883746763 1.0583875289781246 1.1536867919035219 0.7284438623792715 0.08857738273732041 -0.2661921422706701 -0.02754356788606227 0.4681727661544479 0.9550799246304256 0.9494740856348138 0.3968985274959578 -1.121483006172552 -0.8916436073524769 -0.27500131783520265 0.7220371892414295 1.285824425371509 2.073044387183822 2.346929663826559 2.3068879567150478 2.978787802046208 3.379204873161321 3.3279514880585865 3.3784040390190913 3.4144415754194513 3.441669936255279 3.7596010907206785 4.365832536388961 5.166666678619187 5.728852246464806 6.003538357249774 6.057995078921429 5.825753177674663
-1.5835643062393927 -1.8870804461446484 -2.2658749954195456 -1.8526445780287488 -1.2223881080935606 -1.0918521429100336 -1.5571367795457953 -1.6524360424711921 -1.9351304946784622 -1.4762525311805423 -0.6842275645148483 0.2943917572904886 0.9550799246304256 0.7724897402019337 0.4393427370341598 -0.33666554678692995 -0.5264632384954937 -0.4639981754015361 0.030116490354513914 0.9030257053854607 1.1496826211923707 0.6243354238893422 -1.107067991612408 -0.9917478751312552 -0.3246530346534766 0.7044188381123644 1.5901413994189952 3.070082894260454 3.631467627963843 4.218479054218598 4.667747008009757 4.567642740230978 4.247309083338887 4.030283030794495 3.7636052614318305 3.6554926522307496 3.846091178081543 4.0543080550614015 4.5171901892704724 4.819104660891268 5.121019132512064 5.251555097695592 5.180280859037101
-2.115318176680263 -2.4196351507277494 -2.1489532106539326 -1.5539334429768743 -0.9196728023305349 -0.697040910790532 -1.1623255474262935 -1.461036682478168 -1.7813703393702587 -1.4826592043183842 -1.5219000772876652 -0.5400774189134074 0.15504661654242913 -0.11723699181584779 -0.36549557590721804 -0.40233394644980836 -0.5336707457755656 -0.6097499892874372 0.27036673302358194 1.151284289476831 1.8808441930485675 1.409152883274964 -0.10362281139793383 -0.538475750628947 0.12941992399106184 1.5837347262811536 2.80981179803563 4.529202701403927 5.300405980371634 5.889019074910852 5.4373486186930045 4.8671547094250815 4.5027751747103295 4.2024623713739935 3.9349837678690984 3.783626114987586 3.7459869103027654 3.933382099584638 3.9125604118866524 4.177636512964858 4.369035872957882 4.429899267767379 4.358625029108888
-2.1137165083958025 -1.7917811832192516 -1.4738500287538516 -1.1022629867590266 -1.0237812408204643 -0.7282734423375108 -0.5368740823444866 -0.5296665750644145 -0.6497916963989485 -1.6284110182042855 -1.778967836943568 -1.5843651403816228 -0.7555018031733385 -0.8548052368098866 -0.7490951300354967 -0.7875351688625476 -0.8732244220811818 -0.9244778071839161 0.2631592257435096 1.3763186834435248 2.1275011088554776 2.059430206765908 1.1913259965883425 0.4417452394608503 0.9927191293152462 2.5495407018108067 4.333799170699752 5.677598861362071 6.271817794896901 6.020355874236609 5.396506077439263 4.75663959779731 4.40187007278932 4.110366445017519 3.9037512363221194 3.7684102662852115 3.5930275891367915 3.488118316504632 3.4672966288066465 3.4128399071349906 3.5441767064607483 3.608243437839166 3.5257575211894525
-1.4850617067450749 -1.1230846744570124 -0.8916436073524769 -0.9669220167221182 -0.9781336947133414 -0.9268803096106069 -0.7530993007466478 -0.3246530346534766 -0.08920779683779001 -1.2936623467520507 -2.1105131718268817 -2.117720679106954 -1.4810575360339238 -1.1735372254175167 -0.8988511146325491 -0.8884402707835561 -1.00856539211809 -1.1975622496844236 -0.1732953817719638 0.8149339497401358 1.126458431067694 1.0639933679737363 1.013540817013232 1.1080392457963986 1.5989505749835273 2.607200760051383 4.322587492708529 5.285990965811491 5.4870003355112775 5.1810816931793315 4.762245436792922 4.310574980575074 4.050303884350251 3.8364811683747804 3.632268462106073 3.4264540875529046 3.2614822542534783 3.158975484048009 2.9515594412103803 2.790591778622105 2.7385375593771397 2.727325881385917 2.6272216136071385
-2.1489532106539326 -1.792582017361482 -1.4522275069136354 -1.2247906105202513 -0.9557103387308952 -1.0814412990610407 -1.1022629867590266 -0.6529950329678693 0.38808935193142524 -0.2902171665375768 -1.2744423273385252 -2.005603899194722 -2.0464464404484635 -1.0005570506957877 -0.8756269245078725 -0.9653203484376578 -0.9997562165535576 -0.7995476809960009 -0.23976461557707252 -0.004319377761385912 0.034120661065665026 -0.0820002895577181 -0.07559361641987605 0.33843763511315084 1.1288609334943849 2.1731486549626005 3.2254447178531183 3.8677136999217594 4.200059868947303 4.271334107605794 4.119976454724281 3.9069545728910406 3.697936861768951 3.4793091409401 3.263083922537939 3.078091235682756 2.8562601782849835 2.6216157746115267 2.338120488262027 2.023392670365548 1.8688316809151142 1.8768400223374164 1.8319933103725234
-3.298951038896538 -3.013053250120347 -2.080081474422133 -0.8796310952190236 -0.5016373800863567 -0.8187677004095264 -0.9917478751312552 -0.6465883598300277 0.05334068047919027 0.08377237788393899 -0.446379824272471 -1.1407030255860775 -1.6396226961955085 -1.407380794948743 -1.107868825754638 -0.9348886510329091 -0.8363860515385912 -0.7178625984885179 -0.47280735096606863 -0.4303631414278666 -0.47601068753498943 -0.5376749164867167 -0.5905299698739117 -0.15968120135404984 0.5947045606268238 1.5452946874541023 2.498287316708072 3.1669838254703113 3.4905208189313224 3.604239267128015 3.590625086710101 3.500931662780316 3.2566772494000964 2.969978626481675 2.7041016912612403 2.5279181799705905 2.3885730392225306 2.1371111185622396 1.7903499349765517 1.3923353662881293 1.0896200605251036 0.9670924367638789 0.8910131932520073
-3.2444943172248824 -3.3333869070124376 -2.609432842436313 -1.1527155377195308 -0.6722150523813948 -0.9300836461795279 -1.1350971865904658 -0.9444986607396719 -0.2573829667061376 -0.1436645185094454 -0.4231556341477942 -0.9629178460109671 -1.3224923758723388 -1.383355770681836 -1.1695330547063656 -0.9741295240021903 -0.8195685345517565 -0.9028552853437002 -0.8043526858493824 -0.7771243250135544 -0.810759358987224 -0.841991890534203 -0.774721822586864 -0.37030058076059946 0.2631592257435096 0.9406649100702813 1.7270840377403638 2.3493321662532503 2.7353342228082194 2.9067127292454873 2.9499577729259197 2.7889901103376444 2.6047982576246924 2.413398897631668 2.1955720109450465 1.9809484608273453 1.8007607788255444 1.532481341178419 1.18251682102381 0.8013197693222218 0.5907003899156726 0.42252522004732507 0.2887859182948769
-2.460477691981491 -3.231680970949199 -2.8232555584117836 -1.9535496799497574 -1.4105841315176637 -1.4874642091717656 -1.4330074875001102 -1.1783422302708981 -0.6449866915455671 -0.8067551882760728 -1.1334955183060054 -1.5755559648170903 -1.803793695352705 -1.736523627405366 -1.6500335400445016 -1.4802567018916934 -1.3617332488416198 -1.3857582731085267 -1.3473182342814758 -1.3184882051611877 -1.3184882051611877 -1.1767405619864375 -1.0606196113630548 -0.7482942958932663 -0.32945803950685804 0.3007984304283302 1.0736033776804992 1.6077597505480603 1.946512592711446 2.0474176946324545 2.0522226994858355 1.9985668119564104 1.8816450271907974 1.6862414964866228 1.4868337950712962 1.3178577910607183 1.1793134844548891 1.0311591681422971 0.7436597110816456 0.5698787022176863 0.3752760056557416 0.15584745068465944 -0.13325367466045224
-1.276844829765216 -2.0384380990261612 -2.237845800441488 -1.60999183293299 -1.344114897712555 -1.412185799802124 -1.3577290781304687 -1.1791430644131282 -1.18554973755097 -1.5162942382920537 -1.9191138118338578 -2.3107217073844386 -2.496515228381851 -2.5573786231913482 -2.4516685164169583 -2.284294180690841 -2.1545590496495444 -2.0456456063062336 -1.9983963919146501 -1.96315968965652 -1.8766696022956557 -1.7477353053965892 -1.5443234332701117 -1.2047697569644955 -0.7971451785693102 -0.3574872344849158 0.3208192839840862 0.8285481301580497 1.115246753076471 1.2193551915664003 1.1985335038684144 1.1985335038684144 1.0912217288095638 0.9430674124969722 0.7532697207884085 0.6203312531781906 0.533040331675096 0.4057077030604903 0.3264251229796975 0.18387664566271722 0.03492149520789534 -0.08920779683779001 -0.3534830637737647
-1.471447526327161 -1.5227009114298955 -1.7052910958583871 -1.5002775554474492 -1.2335997860847836 -1.252018971356079 -1.3232932100145691 -1.2784464980496764 -1.817407875770619 -2.4484651798480375 -2.848882250963151 -2.9922315624223614 -3.143589215303874 -3.2853368584786242 -3.23488430751812 -3.0667091376497724 -2.9826215527155986 -2.852886421674302 -2.767998002597898 -2.5902128230227874 -2.502921901519693 -2.3635767607716334 -2.1425465375160906 -1.817407875770619 -1.450625838629175 -1.0045612214069388 -0.43116397557009645 -0.03234857273944369 0.24874421118336576 0.3512509813888345 0.34324263996653226 0.3304292936908486 0.19268582122724975 0.04453150491465774 0.0004856270919955108 -0.10762698210908495 -0.12844866980707081 -0.15247369407397793 -0.2317562741547703 -0.3190471956578649 -0.42796063900117565 -0.5104465556508893 -0.5192557312154216
-2.28029000997969 -2.3323442292246543 -2.0744756354265217 -1.8662587584466626 -1.5074850627275211 -1.465040853189319 -1.5363150918478095 -2.270680000272927 -2.9650032015865335 -3.5119729207297783 -3.5408029498500664 -3.684152261309277 -3.692160602731579 -3.8507257628931644 -3.812285724066113 -3.790663202225897 -3.7177872952829465 -3.5944588373794915 -3.503964579307476 -3.3245777314479055 -3.151597556726176 -2.9962357331335125 -2.7728030074512793 -2.5237435892176787 -2.1553598837917747 -1.8166070416283886 -1.287255673614209 -0.9116644609082325 -0.6778208913770065 -0.5753141211715374 -0.5689074480336955 -0.5713099504603862 -0.7154600960618271 -0.7506967983199571 -0.7923401737159288 -0.8187677004095264 -0.775522656729094 -0.7971451785693102 -0.853203568525426 -0.9380919876018301 -0.9741295240021903 -0.9300836461795279 -0.9380919876018301
-3.3782336189773305 -3.5656288082592034 -3.2340834733758896 -2.8304630656918555 -2.6046278375829317 -2.6518770519745147 -2.789620524438114 -3.6657330760379816 -4.247138663297126 -4.291184541119788 -4.2951887118309395 -4.211901961038996 -4.167055249074103 -4.297591214257631 -4.29598954597317 -4.275167858275184 -4.2231136390302195 -4.099785181126764 -4.054137635019641 -3.9652450452320864 -3.7954682070792787 -3.6256913689264705 -3.3862419603996328 -3.1556017274373276 -2.9073431433459573 -2.5998228327295503 -2.224231620023574 -1.8206112123395397 -1.588369311092774 -1.4826592043183842 -1.4914683798829167 -1.4434183313491031 -1.517895906576514 -1.549128438123493 -1.5098875651542119 -1.499476721305219 -1.4722483604693912 -1.4970742188785282 -1.5531326088346442 -1.5210992431454349 -1.499476721305219 -1.4105841315176637 -1.32649654658349
-4.4521522037080645 -4.75887168018224 -4.938258528041812 -4.681190768385909 -4.5602648129091445 -4.383280467476265 -4.422521340445546 -4.552256471486842 -4.826141748129579 -4.812527567711666 -4.772485860600154 -4.661169914830154 -4.597904017593965 -4.589094842029433 -4.554658973913533 -4.492193910819576 -4.453753871992525 -4.404902989316481 -4.384081301618495 -4.3039978873954725 -4.2367278194481335 -4.11820436639806 -3.94282168924964 -3.7354056464120116 -3.4879478964628716 -3.2525026586471846 -2.9513890211686196 -2.5998228327295503 -2.3956101264608423 -2.28029000997969 -2.2618708247083945 -2.239447468725948 -2.2890991855442224 -2.2690783319884664 -2.226634122450265 -2.156961552076235 -2.1345381960937884 -2.1233265181025653 -2.054454781870766 -1.976773870074434 -1.9391346653896133 -1.8734662657267347 -1.8029928612104746
-4.876594299090084 -5.124052049039225 -5.3194555797433996 -5.305040565183256 -5.242575502089298 -4.851768440680948 -4.491393076677346 -4.402500486889791 -4.878195967374545 -5.092018683350015 -5.087213678496633 -5.006329430131381 -4.927847684192819 -4.797311719009292 -4.6996099536572045 -4.61392070043857 -4.538642291068928 -4.471372223121589 -4.468969720694899 -4.464164715841518 -4.446546364712453 -4.375272126053963 -4.219109468319068 -4.078162659286549 -3.933211679542877 -3.748218992687695 -3.476736218471648 -3.223672629526897 -3.048289952378477 -2.945783182173008 -2.8841189532212805 -2.9329698358973246 -2.928164831043943 -2.8825172849368204 -2.7960271975759556 -2.7231512906330053 -2.683910417663724 -2.5910136571650177 -2.4981168966663114 -2.4132284775899073 -2.3347467316513453 -2.2754850051263085 -2.188194083623214
