static/data/seaWind_uo/2023/7/25/18.asc
ncols 137
nrows 93
xllcorner 108.0
yllcorner 17.0
cellsize 0.25
NODATA_value -32767
[rows 19 to 37 of 93, columns 0 to 42 of 137]
-2.0776789719954425 -2.7327613003397677 -2.768798836740128 -2.333945897509115 -1.5050825603008304 -1.8830762754334973 -2.9922315624223614 -3.998880079205756 -4.127814376104823 -2.973812377151066 -2.4949135600973906 -2.349161746211489 -2.2923025221131432 -1.9151096411227067 -1.8045945294949353 -1.8526445780287488 -1.991188884634578 -1.4514266727714054 -1.4418166630646425 -1.471447526327161 -0.9893453727045647 -0.6818250620881576 -0.5336707457755656 -0.520857399499882 -0.5897291357316816 -0.3246530346534766 -0.31183968837779297 -0.4119439561565712 -0.42796063900117565 -0.31344135666225315 -0.4015331123075785 -0.6714142182391647 -1.2231889422357907 -1.4290033167889589 -1.2992681857476622 -1.1310930158793147 -1.2888573418986693 -1.5130909017231327 -1.5098875651542119 -1.2928615126098204 -0.9284819778950673 -0.9372911534595998 -0.9925487092734855
-2.4949135600973906 -3.2372868099448104 -3.1107550154724346 -2.4444610091368864 -1.5026800578741397 -1.8342253927574537 -2.5830053157427155 -3.3550094288526537 -3.833908245906329 -3.454312862489202 -2.969808206439915 -2.514133579510916 -2.1521565472228534 -2.2674766637040062 -2.1297331912404074 -2.0040022309102614 -2.117720679106954 -1.686871910587092 -1.3329032197213317 -1.227993947089172 -1.5995809890839974 -1.3993724535264407 -1.11427549889248 -1.0245820749626946 -1.4145883022288148 -1.3841566048240663 -1.1951597472577329 -1.0029595531224784 -0.878029426934563 -0.7963443444270799 -0.7979460127115405 -0.9100627926237721 -1.1951597472577329 -1.2712389907696042 -1.2944631808942808 -1.3673390878372316 -1.669253559458027 -1.9599563530875992 -1.8830762754334973 -1.5579376136880254 -1.1238855085992427 -1.0053620555491691 -0.948502831450823
-2.500519399093002 -3.27092184391848 -3.30615854617661 -2.9962357331335125 -2.4172326483010584 -2.160965722787386 -1.811001202632777 -1.92792298739839 -1.8045945294949353 -1.662046052177955 -1.4794558677494631 -1.6772619008803291 -2.0184172454704057 -2.6270511935653778 -2.824056392554014 -2.7303587979130772 -2.475693540683865 -1.7981878563570934 -1.355326575703778 -1.061420445505285 -1.1262880110259332 -1.051009601656292 -1.0870471380566522 -1.146308864581689 -1.234400620227014 -1.4161899705132754 -1.4193933070821962 -1.4266008143622684 -1.2888573418986693 -1.175138893701977 -1.1126738306080195 -1.153516371861761 -1.1222838403147821 -1.1863505716932004 -1.2824506687608275 -1.4874642091717656 -1.7853745100814098 -2.1377415326627096 -2.0080064016214125 -1.6540377107556528 -1.393766614530829 -1.3176873710189574 -1.2191847715246396
-1.8294203879040722 -2.6046278375829317 -3.218867624673515 -3.147593386015025 -3.079522483925456 -2.100903162120119 -1.7237102811296823 -1.4426174972068728 -1.3769490975439942 -0.8988511146325491 -0.5512890969046307 -0.6762192230925459 -1.156719708430682 -1.8029928612104746 -1.9431388361007644 -1.817407875770619 -1.8069970319216258 -1.4946717164518375 -1.4794558677494631 -1.3345048880057921 -0.7539001348888781 -0.47681152167721974 -0.5785174577404584 -0.9316853144639883 -1.287255673614209 -1.5907718135194648 -1.758146149245582 -1.7597478175300425 -1.711697768996229 -1.475451697038312 -1.3633349171260805 -1.2111764301023373 -1.1447071962972286 -1.2039689228222652 -1.3857582731085267 -1.6171993402130622 -1.7741628320901865 -1.8790721047223462 -1.8438354024642163 -1.7629511540989635 -1.6180001743552923 -1.496273384736298 -1.4578333459092472
-0.49122653623736356 -0.9228761388994557 -1.1911555765465818 -1.591572647661695 -1.92712215325616 -1.7501378078232799 -1.871063763300044 -1.8558479145976698 -1.3721440926906128 -0.7979460127115405 -0.5536915993313214 -0.39192310260081564 -0.5136498922198101 -1.0558146065096734 -1.121483006172552 -0.9364903193173697 -1.0518104357985223 -1.1302921817370846 -1.5355142577055791 -1.372944926832843 -0.7699168177334825 -0.2381629472926119 -0.4335664779967874 -0.9100627926237721 -1.4482233362024843 -1.85744958288213 -1.96315968965652 -2.0176164113281754 -1.9863838797811968 -1.8382295634686048 -1.6428260327644295 -1.4370116582112613 -1.3425132294280946 -1.348119068423706 -1.461036682478168 -1.585165974523853 -1.7149011055651497 -1.8294203879040722 -1.8926862851402602 -1.8758687681534254 -2.0920939865555868 -1.969566362794362 -1.7621503199567332
0.24474004047221465 0.13742826541336406 -0.13885951365606397 -0.34387305406700186 -0.9501044997352834 -1.5227009114298955 -1.9199146459760879 -1.8774704364378858 -1.6604443838934944 -1.2464131323604672 -1.2079730935334165 -0.8612119099477282 -0.693837574221611 -0.9477019973085927 -1.0149720652559318 -0.683426730372618 -0.6730158865236251 -0.7282734423375108 -1.1591222108573727 -1.2424089616493161 -0.8828344317879444 -0.44718065841470134 -0.6385800184077253 -1.0213787383937736 -1.6035851597951485 -1.9711680310788222 -2.1121148401113423 -2.168974064209688 -2.1641690593563068 -2.0736748012842914 -1.9319271581095414 -1.7453328029698985 -1.6180001743552923 -1.4874642091717656 -1.5154934041498236 -1.637220193768818 -1.7941836856459423 -1.92792298739839 -2.0736748012842914 -2.093695654840047 -2.3315433950824245 -2.221028283454653 -2.0072055674791827
0.09338238759070183 -0.2069304157456333 -0.5032390483708169 -0.47681152167721974 -0.602542482007365 -1.1759397278442074 -1.5539334429768743 -1.4129866339443544 -1.5907718135194648 -2.064865625719759 -2.026425586892708 -1.517895906576514 -1.1150763330347102 -1.2944631808942808 -1.266433985916223 -0.9316853144639883 -0.7979460127115405 -0.6049449844340558 -1.0373954212383782 -0.8828344317879444 -0.6249658379898115 -0.6057458185762861 -0.8908427732102466 -1.2752431614807556 -1.662846886320185 -1.9871847139234269 -2.163368225214077 -2.2370449662992575 -2.231439127303646 -2.1913974201921347 -2.107309835257961 -1.9367321629629226 -1.835827061041914 -1.704490261716157 -1.594775984230616 -1.7149011055651497 -1.8798729388645765 -2.0352347624572404 -2.1833890787698325 -2.3075183708155174 -2.2474558101482507 -2.1417457033738607 -2.2042107664678183
-0.439973151134629 -0.7498959641777267 -0.9260794754683768 -0.6209616672786604 -0.6481900281144881 -0.9709261874332693 -1.3136832003078063 -1.2071722593911862 -1.5507301064079533 -2.0312305917460893 -2.4428593408524257 -1.9599563530875992 -1.379351599970685 -1.135898020732696 -1.1238855085992427 -1.0902504746255732 -1.0229804066782342 -0.7274726081952805 -0.3318605419335485 -0.13085117223376175 -0.4335664779967874 -0.7875351688625476 -1.07903879663435 -1.276844829765216 -1.6644485546046455 -1.9639605237987503 -2.1345381960937884 -2.203409932325588 -2.1946007567610555 -2.1737790690630696 -2.136139864378249 -2.040840601452852 -1.9543505140919875 -1.888682114429109 -1.7221086128452219 -1.7853745100814098 -1.8302212220463026 -1.9855830456389665 -2.2234307858813436 -2.4388551701412746 -2.380394277758468 -2.9377748407507056 -3.027468264680491
-0.6850283986570784 -0.8516019002409656 -1.1094704940390985 -0.7026467497861435 -0.6730158865236251 -0.9925487092734855 -1.2480148006449279 -1.4618375166203983 -1.1591222108573727 -1.4698458580427005 -1.9503463433808363 -2.333945897509115 -1.6772619008803291 -1.344915731854785 -1.2207864398091 -1.1663297181374446 -1.0558146065096734 -0.8924444414947073 -0.5480857603357097 -0.30863635180887217 -0.573712452887077 -1.0902504746255732 -1.3024715223165833 -1.4129866339443544 -1.5499292722657232 -1.9054996314159438 -2.100102327977889 -2.159364054502926 -2.1449490399427815 -2.082483976848824 -2.061662289150838 -2.0072055674791827 -2.0840856451332845 -2.0448447721640033 -1.8966904558514113 -1.8430345683219862 -1.8262170513351514 -1.9103046362693252 -2.192198254334365 -2.4812993796794767 -2.6438687105522125 -3.468727877049346 -3.8323065776218685
-1.803793695352705 -1.9319271581095414 -2.022421416181557 -1.04380209437622 -1.1447071962972286 -1.2159814349557188 -1.1623255474262935 -1.2728406590540648 -1.2119772642445676 -1.4778541994650027 -2.0456456063062336 -2.7639938318867467 -2.394008458176382 -2.0496497770173847 -1.9535496799497574 -2.0384380990261612 -2.0144130747592546 -1.655639379040113 -1.2175831032401792 -0.9044569536281606 -0.7995476809960009 -1.1190805037458613 -1.3465174001392457 -1.3497207367081665 -1.4017749559531312 -1.846237904890907 -2.0144130747592546 -2.114517342538033 -2.1625673910718466 -2.0752764695687516 -1.9687655286521317 -2.054454781870766 -2.1946007567610555 -2.31712838052228 -2.28029000997969 -2.037637264883931 -1.860652919451051 -1.8830762754334973 -2.10490733283127 -2.5293494282132905 -2.5189385843642973 -2.4036184678831445 -2.3315433950824245
-1.5467259356968022 -1.6604443838934944 -1.7501378078232799 -2.0448447721640033 -1.6652493887468758 -1.5507301064079533 -1.6788635691647897 -1.3569282439882386 -1.4426174972068728 -1.8398312317530652 -2.3403525706469566 -2.7287571296286166 -2.977816547862217 -2.9297664993284034 -2.892928128785813 -2.8344672364030066 -2.556577789049118 -2.163368225214077 -1.6171993402130622 -1.2480148006449279 -1.1679313864219052 -1.0950554794789544 -1.4041774583798219 -1.465040853189319 -1.344915731854785 -1.18474890340874 -1.6644485546046455 -1.991188884634578 -2.2202274493124228 -2.2698791661306967 -1.9679646945099014 -1.8822754412912672 -2.0568572842974566 -2.341954238931417 -2.541361940346744 -2.349161746211489 -2.1425465375160906 -2.093695654840047 -2.2258332883080345 -2.4989177308085417 -2.416431814158828 -2.120924015675875 -1.9535496799497574
-0.7635101445956407 -0.983739533708953 -1.223989776378021 -1.1807447326975888 -1.4298041509311892 -1.5499292722657232 -1.5819626379549323 -1.0710304552120478 -1.4514266727714054 -1.8005903587837842 -2.117720679106954 -2.221028283454653 -2.4949135600973906 -2.6478728812633636 -2.792823861007035 -2.7952263634337253 -2.74076964176207 -2.2058124347522785 -1.6788635691647897 -1.2287947812314024 -0.9861420361356437 -1.3224923758723388 -1.1719355571330563 -1.0910513087678033 -0.9252786413261465 -0.803551851707152 -1.0950554794789544 -1.605987662221839 -2.022421416181557 -2.3363483999358055 -2.0584589525819172 -1.7973870222148631 -2.057658118439687 -2.4772952089683256 -2.772002173309049 -2.8945297970702737 -2.5926153254494784 -2.460477691981491 -2.5806028133160246 -2.6222461887119963 -2.3771909411895473 -2.178584073916451 -2.1809865763431415
-0.6634058768168625 -0.8972494463480885 -0.9164694657616139 -0.6433850232611067 -0.7811284957247058 -0.9789345288555715 -1.04380209437622 -1.1150763330347102 -1.0726321234965082 -1.4330074875001102 -1.814204539201698 -2.1409448692316304 -2.03443392831501 -1.7589469833878124 -1.9367321629629226 -2.372385936336166 -2.581403647458255 -2.249858312574941 -1.8926862851402602 -1.471447526327161 -1.1126738306080195 -0.878029426934563 -0.7619084763111803 -0.8051535199916124 -0.7651118128801011 -0.7314767789064316 -0.9188719681883046 -1.188753074119891 -1.5154934041498236 -1.9175121435493971 -1.8198103781973094 -1.729316120125294 -1.9639605237987503 -2.3635767607716334 -2.6366612032721406 -2.8440772461097694 -2.796828031718186 -2.6462712129789034 -2.5157352477953765 -2.5926153254494784 -2.3924067898919215 -2.1425465375160906 -2.122525683960335
-0.7090534229239853 -0.5873266333049909 -0.5512890969046307 -0.576915789455998 -0.5096457215086589 -0.6642067109590926 -0.3126405225200233 -0.39192310260081564 -0.36709724419167866 -0.7074517546395249 -1.11427549889248 -1.4434183313491031 -1.3240940441567992 -1.1551180401462215 -1.0109678945447806 -1.2640314834895323 -1.6828677398759408 -2.115318176680263 -1.811001202632777 -1.5443234332701117 -1.1839480692665096 -1.0141712311137017 -0.8163651979828357 -0.8323818808274401 -0.7402859544709641 -0.6233641697053511 -0.5969366430117535 -0.5128490580775797 -0.8299793784007494 -1.0726321234965082 -1.422596643651117 -1.340911561143634 -1.7149011055651497 -2.1425465375160906 -2.6006236668717806 -2.648673715405594 -2.5685903011825713 -2.430045994576742 -2.337950068220266 -2.2826925124063804 -2.230638293161416 -2.0704714647153706 -2.232239961445876
-0.6329741794121138 -0.5120482239353494 -0.4856206972417523 -0.5424799213400981 -0.45598983397923387 -0.22695126930138887 0.08697571445285979 -0.03795441173505543 -0.10442364554016415 -0.4199522975788734 -0.42715980485894534 -0.591330804016142 -0.9861420361356437 -1.3313015514368713 -1.18554973755097 -0.39272393674304595 -0.8187677004095264 -1.425799980220038 -1.7693578272368051 -1.5018792237319096 -1.1270888451681635 -1.1663297181374446 -0.958913675299816 -0.8820335976457143 -0.7939418420003892 -0.7442901251821152 -0.5176540629309612 -0.3935247708852758 -0.18450705976318682 -0.3831139270362831 -0.8115601931294543 -0.9709261874332693 -1.3393098928591736 -1.7060919300006172 -2.132936527809328 -2.2090157713211998 -2.252260815001632 -2.1137165083958025 -2.7391679734776098 -2.4636810285504116 -2.1513557130806236 -2.040039767310622 -2.203409932325588
-0.7090534229239853 -0.5304674092066448 -0.48802319966844276 -0.45919317054815467 -0.3719022490450601 -0.14286368436721508 -0.15727869892735935 -0.4191514634366431 -0.5224590677843426 -0.36549557590721804 -0.3719022490450601 -0.12924950394930113 -1.0766362942076593 -1.4882650433139957 -1.2143797666712584 -0.36549557590721804 -0.5849241308783002 -0.9949512117001762 -1.3633349171260805 -1.2928615126098204 -0.9076602901970814 -0.8588094075210377 -0.8163651979828357 -0.7394851203287338 -0.8748260903656422 -0.8940461097791677 -0.6537958671100996 -0.5520899310468608 -0.34307221992477155 -0.4119439561565712 -0.65539753539456 -0.7707176518757128 -0.2966238396754184 -0.6650075451013229 -1.1663297181374446 -1.7028885934316964 -1.7693578272368051 -1.8029928612104746 -2.5293494282132905 -2.235443298014797 -1.938333831247383 -1.8270178854773815 -2.0007988943413406
-1.0742337917809686 -0.8876394366413258 -0.6569992036790206 -0.7707176518757128 -0.7314767789064316 -0.5969366430117535 -0.6417833549766463 -0.930884480321758 -1.0309887481005364 -0.7875351688625476 -0.4920273703795939 -0.1244444990959197 -1.00856539211809 -1.248815634787158 -0.9901462068467948 -0.7050492522128342 -0.7338792813331223 -0.9172702999038442 -0.9629178460109671 -0.8884402707835561 -0.6986425790749924 -0.38471559532074373 -0.4784131899616799 -0.6786217255192366 -0.8467968953875842 -0.7931410078581591 -0.6914350717949203 -0.6738167206658554 -0.6594017061057111 -0.785933500578087 -0.841991890534203 -0.6145549941408186 -0.02434023131714147 0.4601644247321457 -0.10682614796685508 -0.9252786413261465 -1.07903879663435 -1.111072162323559 -1.3216915417301085 -1.3104798637388855 -1.4330074875001102 -1.4570325117670169 -1.619601842639753
-1.6460293693333503 -1.619601842639753 -1.3008698540321226 -1.545925101554572 -1.5755559648170903 -1.4129866339443544 -1.0213787383937736 -0.9533078363042045 -1.0285862456738457 -1.001357884838018 -0.7627093104534104 -0.5280649067799541 -0.7146592619195968 -0.7402859544709641 -0.8227718711206775 -0.8467968953875842 -0.7522984666044175 -0.6818250620881576 -0.6994434132172225 -0.7795268274402452 -0.736281783759813 -0.507243219081968 -0.601741647865135 -0.7915393395736987 -0.8596102416632678 -0.697040910790532 -0.7947426761426195 -0.9036561194859303 -0.8716227537967214 -0.6193599989941998 -0.4984340435174359 -0.5873266333049909 -0.2918188348220374 0.19188498708501944 0.4481519125986919 0.28478174758372576 -0.15727869892735935 -0.535272414060026 -0.7002442473594528 -0.976532026428881 -1.1166780013191706 -1.0886488063411126 -1.0462045968029106
-1.726112783556373 -1.6716560618847176 -1.425799980220038 -1.3417123952858643 -1.2888573418986693 -0.9917478751312552 -0.5480857603357097 -0.33826721507139057 -0.4431764877035502 -0.5128490580775797 -0.42876147314340596 -0.37350391732952026 -0.4143464585832617 -0.5256624043532634 -0.6401816866921859 -0.8299793784007494 -0.9709261874332693 -0.7803276615824755 -0.7883360030047777 -0.9220753047572257 -1.0662254503586663 -1.0678271186431267 -0.9701253532910392 -0.8852369342146351 -0.8483985636720448 -0.9525070021619741 -1.1350971865904658 -1.0662254503586663 -0.8155643638406054 -0.4920273703795939 -0.4736081851082985 -0.7058500863550643 -0.49042570209513325 -0.0027177094769252896 0.4946002928480451 0.3464459765354535 -0.19571873775440984 -0.6473891939722578 -0.8852369342146351 -0.9885445385623344 -1.0598187772208245 -0.9805361971400322 -0.8876394366413258
