static/data/seaWind_uo/2023/7/25/6.asc
ncols 137
nrows 93
xllcorner 108.0
yllcorner 17.0
cellsize 0.25
NODATA_value -32767
[rows 0 to 18 of 93, columns 0 to 42 of 137]
-0.5216582336421123 -0.403935614734269 -0.27980632268858363 -0.15968120135404984 -0.2605863032750584 -0.2125362547412446 -0.14526618679390557 -0.27980632268858363 -0.5817207943093792 -0.8171660321250658 -0.7458917934665756 -0.4479814925569312 -0.11963949424253872 0.2311258600543007 0.7941122620421499 0.8701915055540215 0.6403521067339466 0.44655024431423174 0.2046983333607031 -0.10762698210908495 -0.5456832579090192 0.022908983074442002 0.2535492160367472 -0.008323548472537023 -0.15167285993174762 0.3776785080824321 1.317056956918488 1.0872175580984127 0.2631592257435096 -0.48802319966844276 -0.7418876227554245 -0.9517061680197438 -1.1783422302708981 -1.2352014543692442 -1.1158771671769403 -1.051009601656292 -0.9469011631663626 -0.7130575936351364 -0.5008365459441264 -0.3286572053646277 -0.02514106545937178 0.09498405587516201 0.19188498708501944
-0.6698125499547043 -0.6433850232611067 -0.6313725111276534 -0.6930367400793807 -0.8187677004095264 -0.5905299698739117 -0.36469474176498773 -0.23095544001253998 -0.36549557590721804 -0.45679066812146374 -0.48081569238837085 -0.39192310260081564 -0.150071191647287 0.16545746039142228 0.43133439561185716 0.38728851778919493 0.07095903160825534 -0.14206285022498477 -0.13165200637599206 -0.2541796301372168 0.18147414323602673 0.8141331155979055 0.8878098566830865 -0.10041947482901303 -0.7202651009152086 -0.27820465440412345 0.48739278556797316 0.312810942561784 -0.5104465556508893 -0.8700210855122608 -0.8043526858493824 -0.6906342376526902 -0.8403902222497424 -0.8908427732102466 -1.0133703969714714 -1.2023672545378048 -1.2648323176317626 -1.0878479721988825 -0.8628135782321888 -0.733078447190892 -0.5697082821759258 -0.379109756325132 -0.22775210344361918
-0.8892411049257862 -1.2127780983867977 -1.3569282439882386 -1.4161899705132754 -1.3617332488416198 -0.9845403678511833 -0.7971451785693102 -0.7154600960618271 -0.6193599989941998 -0.5120482239353494 -0.5016373800863567 -0.6073474868607465 -0.47921402410391023 -0.2573829667061376 -0.06037776771750192 -0.056373597006350806 -0.30783551766664186 -0.4720065168238383 -0.4383714828501688 -0.14126201608275446 0.4329360638963178 0.9903166268885553 0.5178244829727219 -0.42155396586333405 -0.8620127440899585 -0.16528704034966157 0.06455235847041374 -0.33826721507139057 -1.1479105328661494 -1.1126738306080195 -0.8804319293612537 -0.629770842843193 -0.5745132870293073 -0.5512890969046307 -0.6313725111276534 -0.8051535199916124 -0.8580085733788074 -0.6650075451013229 -0.49042570209513325 -0.6281691745587323 -0.5536915993313214 -0.4167489610099526 -0.2934205031064976
-1.3120815320233459 -1.60919099879076 -1.8374287293263745 -1.8878812802868787 -1.7028885934316964 -1.259226478636151 -1.1014621526167963 -1.0413995919495294 -0.8147635296983753 -0.6273683404165022 -0.5520899310468608 -0.6754183889503158 -0.4367698145657082 -0.18931206461656824 0.001286461234225822 -0.08280112369994796 -0.5016373800863567 -0.7619084763111803 -0.8716227537967214 -0.18130372319426602 0.34724681067768337 0.5442520096663195 -0.2974246738176487 -0.9372911534595998 -1.0454037626606805 -0.4407739852768593 -0.4680023461126872 -0.7699168177334825 -1.2536206396405394 -1.2151806008134884 -1.0926529770522637 -0.9132661291926931 -0.746692627608806 -0.5496874286201703 -0.5280649067799541 -0.5016373800863567 -0.4655998436859963 -0.4407739852768593 -0.7018459156439132 -1.315284868592267 -1.1831472351242793 -1.0245820749626946 -0.9132661291926931
-1.9367321629629226 -2.228235790734725 -2.298709195250985 -2.1753807373475302 -2.0032013967680316 -1.6604443838934944 -1.2928615126098204 -1.0846446356299615 -0.683426730372618 -0.6353766818388045 -0.6057458185762861 -0.7018459156439132 0.058145685332571695 0.2975950938594094 0.3568568203844462 -0.006721880188076401 -0.4976332093752056 -1.0774371283498896 -1.4017749559531312 -0.6193599989941998 -0.02434023131714147 0.17026246524480326 -0.7378834520442734 -1.111072162323559 -1.1471096987239193 -0.6682108816702437 -0.9661211825798881 -1.2496164689293883 -1.4674433556160098 -1.4017749559531312 -1.2368031226537046 -0.9989553824113273 -0.8187677004095264 -0.5993391454384442 -0.4367698145657082 -0.37670725389844106 -0.23015460587030967 -0.6281691745587323 -1.0598187772208245 -2.6462712129789034 -2.365178429056094 -2.1337373619515585 -1.7429303005432077
-2.531751930639981 -2.804035538998258 -2.52854859407106 -2.405220136167605 -2.144148205800551 -1.9423380019585341 -1.57395429653263 -1.1767405619864375 -0.7603068080267197 -0.711455925350676 -0.6626050426746322 -0.6481900281144881 0.18788081637386833 0.32962845954861875 0.2647608940279702 -0.30303051281326043 -0.718663432630748 -1.2840523370452879 -1.7509386419655102 -1.1391013573016169 -0.5552932676157818 -0.5168532287887309 -1.1735372254175167 -1.5130909017231327 -1.465040853189319 -1.0942546453367243 -1.3577290781304687 -1.4802567018916934 -1.6244068474931344 -1.4193933070821962 -1.1374996890171565 -0.8972494463480885 -0.736281783759813 -0.5152515605042705 -0.3518813954893041 -0.3935247708852758 -0.06678444085534352 -0.4631973412593058 -1.57395429653263 -3.5488112912723686 -3.362216936132726 -2.9826215527155986 -2.5685903011825713
-2.781612183015812 -3.026667430538261 -2.7591888270333653 -2.4516685164169583 -2.168173230067458 -1.9975955577724198 -1.8510429097442884 -1.465040853189319 -1.0213787383937736 -0.8403902222497424 -0.7907385054314684 -0.45358733155254294 0.16225412382250104 0.3048026011394813 -0.5296665750644145 -0.986942870277874 -1.3537249074193176 -1.3745465951173035 -1.7421294664009777 -1.2448114640760068 -1.619601842639753 -1.6996852568627756 -2.1385423668049395 -1.9479438409541459 -1.899893792420332 -1.6147968377863715 -1.5979793207995368 -1.7205069445607615 -1.5747551306748602 -1.2311972836580931 -0.9501044997352834 -0.7034475839283738 -0.5216582336421123 -0.3206488639423255 -0.36949974661836915 -0.4343673121390177 -0.10762698210908495 -0.21894292787908665 -1.3345048880057921 -3.348602755714812 -3.7594306706789182 -3.3798352872617907 -3.1796267517042343
-2.762392163602286 -2.8592930948121436 -2.5942169937339385 -2.3179292146645105 -2.059259786724147 -1.9575538506609085 -2.086488147559975 -1.814204539201698 -1.3104798637388855 -1.039797923665069 -0.6626050426746322 -0.20452791331894238 0.3760768397979719 -0.30062801038656994 -1.288056507756439 -1.630813520630976 -1.506684228585291 -1.5170950724342838 -1.4850617067450749 -1.1238855085992427 -1.4818583701761538 -2.6542795544012057 -2.9954348989912822 -2.8264588949807044 -2.4660835309771025 -2.06886979643091 -1.9006946265625624 -1.531510086994428 -1.3601315805571594 -0.986942870277874 -0.7122567594929061 -0.471205682681608 -0.24296795214599332 -0.18931206461656824 -0.18610872804764744 -0.3566864003426855 -0.1740962159141941 -0.08280112369994796 -0.3598897369116063 -2.03283226003055 -2.5325527647822113 -2.906542309203727 -3.0066465769825053
-2.4596768578392605 -2.302713365962136 -2.124928186387026 -1.898292124135872 -1.771760329663496 -2.022421416181557 -2.196202425045516 -2.2194266151701925 -1.6220043450664434 -1.2976665174632018 -0.7506967983199571 -0.11403365524692699 0.5898995557734423 -0.19171456704325873 -1.1046654891857173 -1.7853745100814098 -1.6107926670752204 -1.6228051792086737 -1.181545566839819 -0.9052577877703909 -0.9461003290241323 -2.4276434921500516 -3.030671601249412 -3.1227675276058884 -2.744773812473221 -2.1946007567610555 -1.6027843256529182 -1.153516371861761 -0.9613161777265067 -0.6762192230925459 -0.40313478059203867 -0.22534960101692825 -0.0035185436191556008 -0.03875524587728574 -0.05076775801073907 -0.10122030897124334 -0.06998777742426432 0.061349021901492495 -0.06438193842865303 -0.23415877658146078 -0.8508010660987353 -1.3817541023973756 -1.92792298739839
-1.7605486516722728 -1.6051868280796087 -1.4514266727714054 -1.453829175198096 -1.4690450239004702 -1.9127071386960157 -2.31632754638005 -2.4068218044520657 -1.9111054704115553 -1.450625838629175 -0.8884402707835561 -0.3743047514717506 0.25515088432120736 -0.17569788419865429 -0.9156686316193838 -1.6332160230576669 -1.6500335400445016 -1.1447071962972286 -0.7122567594929061 -0.47921402410391023 -0.3054330152399509 -1.7741628320901865 -2.4596768578392605 -2.6254495252809176 -2.184990747054293 -2.0320314258883196 -1.355326575703778 -0.7923401737159288 -0.5608991066113933 -0.33746638092916026 -0.16048203549628015 -0.008323548472537023 0.07336153403494627 0.04212900248796725 0.08377237788393899 0.19108415294278958 0.24634170875667483 0.20069416264955198 0.1430341044089758 0.07576403646163676 -0.24056544971930283 -0.6850283986570784 -1.210375595960107
-1.1599230449996027 -1.0277854115316154 -1.0726321234965082 -1.199964752111114 -1.3665382536950013 -1.6548385448978828 -2.0432431038795427 -2.313124209811129 -2.136139864378249 -1.585165974523853 -0.8403902222497424 -0.3278563712223974 -0.4015331123075785 -1.1294913475948543 -1.6540377107556528 -1.6596435497512643 -1.2183839373824095 -0.2613871374172887 -0.04356025073066716 -0.020336060605990358 0.06855652918156485 -1.2552223079249998 -1.8190095440550793 -1.6540377107556528 -0.8732244220811818 -1.1238855085992427 -0.8371868856808216 -0.4143464585832617 -0.3278563712223974 -0.08680529441109908 0.07656487060386707 0.10219156315523437 0.0036889636609163112 0.11180157286199677 0.33603513268646035 0.5042103025548079 0.5050111366970382 0.384886015362504 0.2054991675029334 -0.058776099433041296 -0.4127447902988015 -0.7482942958932663 -1.4394141606379518
-0.9693245191488089 -0.9621170118687368 -1.093453811194494 -1.2504173030716184 -1.3313015514368713 -1.4193933070821962 -1.8558479145976698 -2.309120039099978 -2.432448497003433 -1.5531326088346442 -0.6001399795806746 -0.170092045203043 -0.9469011631663626 -2.144148205800551 -2.0912931524133564 -1.2720398249118345 -0.3302588736490879 -0.19571873775440984 -0.4095414537298807 -0.5136498922198101 -0.10922865039354557 -0.934087816890679 -1.3208907075878784 -1.0982588160478755 -0.21654042545239616 -0.4415748194190896 -0.2990263421021093 -0.07158944570872494 -0.11643615767361748 0.10859823629307597 0.19588915779617055 0.11180157286199677 -0.14206285022498477 0.10619573386638548 0.429732727327397 0.6459579457295579 0.5898995557734423 0.5130194781193405 0.30240009871279083 -0.016331889894839247 -0.4079397854454201 -0.8355852173963612 -1.605987662221839
-0.9773328605711111 -1.0766362942076593 -1.1350971865904658 -1.2175831032401792 -1.411384965659894 -1.4818583701761538 -1.909503802127095 -2.368381765625015 -2.5597811256180387 -1.60919099879076 -0.774721822586864 -0.5721107846026166 -1.3657374195527712 -2.1753807373475302 -1.2712389907696042 -0.12684700152261064 -0.1148344893891573 -1.453829175198096 -1.567547623394788 -1.1727363912752864 -0.5328699116333355 -1.1086696598968684 -1.276844829765216 -1.0061628896913994 -0.1508720257895173 -0.036352743450594804 0.07336153403494627 0.18227497737825704 0.1726649676714942 0.3184167815573953 0.2719684013080421 0.12861908984883152 -0.09881780654455286 0.057344851190341384 0.3480476448199137 0.571480370502147 0.5987087313379749 0.4978036294169663 0.1950883236539407 -0.16368537206520095 -0.4335664779967874 -0.7338792813331223 -1.1863505716932004
-0.8612119099477282 -0.9693245191488089 -1.0317895822427665 -1.1222838403147821 -1.5363150918478095 -1.3753474292595338 -1.7733619979479562 -2.2794891758374596 -2.66949540310358 -1.9583546848031386 -1.3505215708503968 -1.1727363912752864 -1.4594350141937076 -1.700486091005006 -0.8884402707835561 -0.12044032838476859 -0.4455789901302407 -1.6067884963640693 -1.7036894275739267 -1.262429815205072 -1.2335997860847836 -1.5387175942745 -1.6268093499198248 -1.2039689228222652 -0.42075313172110373 -0.14206285022498477 0.14463577269343642 0.27997674273034434 0.36406432766451813 0.23993503561883323 0.18788081637386833 0.07256069989271596 -0.04195858244620654 0.10379323143969454 0.34003930339761146 0.5570653559420031 0.5338411658173263 0.36246265938005795 0.09258155344847152 -0.14526618679390557 -0.3206488639423255 -0.7635101445956407 -1.1150763330347102
-0.7034475839283738 -0.8123610272716846 -0.920473636472765 -1.1911555765465818 -1.4946717164518375 -1.1967614155421933 -1.465040853189319 -1.991188884634578 -2.722350456490775 -2.182588244627602 -1.5843651403816228 -1.372944926832843 -1.7381252956898265 -1.729316120125294 -0.9428969924552115 -0.2317562741547703 -0.7915393395736987 -1.3361065562902528 -1.556335945403565 -1.8206112123395397 -1.8422337341797559 -1.8254162171929211 -1.6820669057337105 -1.2936623467520507 -0.7595059738844896 -0.22615043515915856 0.07095903160825534 0.2719684013080421 0.3120101084195537 0.14143243612451517 0.06935736332379472 -0.02193772889045098 -0.040356914161745916 0.002087295376455689 0.22952419176984007 0.37287350322905066 0.3520518155310648 0.21030417235631482 0.1174074118576085 -0.08680529441109908 -0.30062801038656994 -0.8612119099477282 -1.206371425248956
-0.785933500578087 -0.86681774894334 -1.2047697569644955 -1.4794558677494631 -1.4842608726028446 -0.9613161777265067 -1.2303964495158628 -1.9215163142605483 -2.762392163602286 -2.207414103036739 -1.588369311092774 -1.3745465951173035 -2.117720679106954 -1.485862540887305 -0.7026467497861435 -0.4736081851082985 -1.0598187772208245 -1.3240940441567992 -1.7317186225519845 -2.001599728483571 -1.8934871192824905 -1.542721764985651 -1.39777078524198 -1.1695330547063656 -0.6473891939722578 -0.19011289875879855 -0.12284283081145952 0.07496320231940645 0.08377237788393899 0.014099807509909468 -0.058776099433041296 -0.18771039633210762 -0.262187971559519 -0.2613871374172887 -0.15888036721181953 -0.016331889894839247 0.062149856043722806 0.02130731478998138 -0.07078861156649463 -0.1468678550783662 -0.39512643916973644 -0.9020544512014699 -1.055013772367443
-1.0950554794789544 -1.1647280498529842 -1.50348089201637 -1.7869761783658702 -1.6940794178671639 -1.1134746647502498 -1.1302921817370846 -1.8246153830506908 -2.913749816483799 -2.4500668481324976 -1.8294203879040722 -1.5018792237319096 -2.3107217073844386 -1.4818583701761538 -1.07983963077658 -0.8491993978142749 -1.4810575360339238 -1.248815634787158 -1.658842715609034 -1.8774704364378858 -1.7429303005432077 -1.471447526327161 -1.0454037626606805 -0.8171660321250658 -0.19171456704325873 -0.22134543030577714 -0.1540753623584381 -0.21573959131016585 -0.19411706946994967 -0.18290539147872664 -0.2605863032750584 -0.3895206001741247 -0.6265675062742719 -0.7058500863550643 -0.6033433161495954 -0.4087406195876504 -0.25898463499059776 -0.27099714712405154 -0.2966238396754184 -0.37350391732952026 -0.6610033743901718 -0.8996519487747792 -1.0534121040829827
-1.4954725505940678 -1.6027843256529182 -1.9054996314159438 -2.189795751907674 -2.0832848109910542 -1.6564402131823432 -1.6364193596265877 -2.118521513249184 -3.30535771203438 -2.9569948601642313 -2.373987604620626 -2.0240230844660174 -2.439656004283505 -1.7165027738496104 -1.3961691169575197 -1.4017749559531312 -2.022421416181557 -1.6636477204624154 -1.7141002714229197 -1.8758687681534254 -1.966363026225441 -1.9983963919146501 -1.4690450239004702 -0.6185591648519697 0.03171815863897409 -0.23976461557707252 -0.36549557590721804 -0.4431764877035502 -0.4455789901302407 -0.4527864974103126 -0.5376749164867167 -0.7010450815016831 -0.9725278557177299 -1.0846446356299615 -1.0181754018248528 -0.8251743735473682 -0.5464840920512493 -0.5408782530556377 -0.5745132870293073 -0.6626050426746322 -0.9533078363042045 -1.0566154406519037 -1.0309887481005364
-1.9335288263940016 -2.10330566454681 -2.3523650827804103 -2.546166945200125 -2.496515228381851 -2.398012628887533 -2.744773812473221 -3.2517018245049547 -3.889165801720215 -3.5488112912723686 -3.001841572129124 -2.6294536959920687 -2.84647974853646 -2.4100251410209865 -2.3363483999358055 -2.313124209811129 -2.3323442292246543 -2.3459584096425683 -2.3371492340780358 -2.3996142971719934 -2.5253452575021393 -2.5021210673774625 -1.6804652374492501 -0.7130575936351364 -0.28861549825311617 -0.45679066812146374 -0.5496874286201703 -0.5905299698739117 -0.6650075451013229 -0.7779251591557848 -0.9773328605711111 -1.1447071962972286 -1.277645663907446 -1.32649654658349 -1.2720398249118345 -1.1198813378880914 -0.8091576907027636 -0.7587051397422593 -0.7506967983199571 -0.8395893881075123 -0.9861420361356437 -0.9469011631663626 -0.9653203484376578
