static/data/salinity/2023/7/26/0.asc
ncols 137
nrows 93
xllcorner 108.0
yllcorner 17.0
cellsize 0.25
NODATA_value -32767
[rows 27 to 53 of 93, columns 62 to 123 of 137]
29.783045 29.79769 29.794485 29.79119 29.797163 29.789515 30.172304 31.428095 33.10803 32.8387 32.80325 -32767.0 -32767.0 32.084534 31.987724 32.775814 32.82469 32.71586 32.634075 32.58441 32.561356 32.786102 33.04183 32.86606 -32767.0 -32767.0 -32767.0 -32767.0 -32767.0 -32767.0 -32767.0 -32767.0 -32767.0 32.406853 32.56756 33.314957 -32767.0 -32767.0 -32767.0 33.219135 33.57865 33.76229 33.612347 32.80325 31.838924 33.727383 33.364643 32.913723 33.58232 33.94904 33.969353 33.98519 34.044376 34.03813 33.911613 33.791584 33.9147 33.74629 33.783672 33.94214 33.841175 34.198757
30.330677 30.099653 30.016485 29.880917 29.689253 30.027565 30.651794 32.311264 33.0543 32.904953 32.875305 32.84737 32.86857 32.83677 32.904488 32.903732 32.60781 32.60241 32.605045 32.563133 32.585506 32.977745 -32767.0 32.860348 32.893303 -32767.0 -32767.0 26.270517 -32767.0 -32767.0 -32767.0 -32767.0 -32767.0 -32767.0 32.647137 33.6039 -32767.0 -32767.0 33.50764 33.41642 33.749672 33.717648 33.756054 33.83944 33.856277 33.933334 33.099987 33.70869 34.06971 34.053337 34.02796 33.995388 33.96299 34.00075 33.860153 33.820045 33.837406 33.712982 33.90603 33.998215 33.81244 34.236687
30.685057 30.703499 30.607979 30.401495 29.83751 29.831587 30.293657 31.59936 32.410507 32.375828 32.93639 32.99098 32.86701 32.919865 33.088013 32.841507 32.825375 32.87949 32.802406 32.64812 32.736004 -32767.0 33.043804 32.882034 33.07994 32.13478 29.36264 -32767.0 27.686192 -32767.0 -32767.0 -32767.0 -32767.0 -32767.0 33.60572 33.872047 33.7158 33.473637 33.43117 33.50936 33.517334 33.461502 33.46686 33.49111 33.758144 33.835968 33.797096 34.047264 34.005226 33.99323 33.97977 33.98423 33.962452 34.00502 33.82637 33.888176 33.807144 33.698208 33.998108 34.040573 33.76279 34.180588
29.472956 28.891085 29.068762 30.173697 29.985382 29.674465 29.810555 30.332346 31.424797 31.222702 31.524862 33.03329 33.182808 33.174854 33.06147 32.850548 32.878693 33.02103 33.008736 32.80388 32.494377 32.76509 32.87767 32.977173 33.12374 32.92733 30.766918 28.649117 28.507318 -32767.0 -32767.0 -32767.0 -32767.0 33.685463 33.784416 33.779873 33.77285 33.789852 33.700634 33.5627 33.451996 33.56649 33.506954 33.453518 33.522804 33.532322 34.065998 34.090343 34.029922 33.992382 33.9846 33.981342 33.957954 33.972588 33.80602 33.874077 33.815655 33.66208 34.014503 34.03239 33.75321 34.054115
26.69707 27.586433 28.331371 28.881344 29.235054 28.914665 29.226784 29.43815 30.762 30.454002 30.902245 31.828024 32.772213 32.985695 33.039368 32.95246 33.0071 33.31262 33.44739 33.316807 33.061928 32.878944 32.691406 32.55871 32.570263 32.661003 30.826647 29.105673 29.115606 -32767.0 -32767.0 -32767.0 -32767.0 33.71473 33.671173 33.879025 33.857975 33.69585 33.555557 33.42679 33.391586 33.704815 33.795643 33.490974 33.441963 33.55904 33.790493 33.786167 33.935852 33.810356 33.781578 33.829723 33.97919 33.885 33.817596 33.86484 33.8978 33.617405 33.997032 34.00768 33.7414 33.993362
26.444881 28.985031 29.84203 29.650898 29.343178 28.757185 27.969633 28.663094 29.834286 29.614325 30.37009 30.69777 31.670963 32.97473 32.988636 32.940243 33.332947 33.997845 33.89359 33.845592 33.861687 33.75138 33.385494 32.84213 32.603867 32.743973 32.952217 -32767.0 -32767.0 -32767.0 -32767.0 -32767.0 33.796753 33.800278 33.636337 33.60909 33.688774 33.427277 33.34238 33.686577 33.63846 33.7869 34.122242 34.02394 33.720577 33.63086 33.533424 33.56767 33.58323 33.45384 33.49766 33.816074 34.01469 33.83263 33.796513 33.865562 33.93156 33.591774 34.005764 33.98575 33.807117 34.044094
23.309994 28.93855 30.475756 29.893684 29.54202 28.607788 27.935905 27.769676 28.025112 27.709698 29.296566 30.676365 31.95625 32.99712 32.88238 33.087723 33.657307 33.846413 33.646236 33.667725 33.764782 33.806343 33.69957 32.955658 32.786003 32.58335 32.940292 -32767.0 -32767.0 -32767.0 -32767.0 -32767.0 33.690357 32.961533 33.07563 33.309006 33.52571 33.838757 34.00241 33.98688 33.81157 33.914173 34.09084 34.147243 34.040432 34.029236 34.165646 34.115883 33.726643 33.53545 33.53283 33.669624 33.995594 33.797916 33.727894 33.766014 33.915295 33.58015 34.044334 33.93733 33.913265 34.049046
28.190477 30.974539 30.337957 30.996065 31.016922 30.142805 29.256657 27.58721 27.442049 28.54112 30.088438 31.860294 32.756676 32.779396 32.979675 33.270264 33.31241 33.6398 33.646305 33.801205 33.81399 33.78264 33.78892 33.231174 32.9014 32.673927 32.83708 33.01167 -32767.0 33.200806 -32767.0 -32767.0 32.99598 32.96436 33.480923 33.739845 33.8389 33.93742 33.961575 34.076298 34.06158 34.08091 34.086674 34.13448 34.154766 34.147194 34.17651 34.17939 34.09999 33.89018 33.644897 33.5494 33.921364 33.80729 33.6585 33.717243 33.85174 33.60486 34.08787 33.87452 34.095768 34.255882
27.973583 30.988247 32.034767 32.192787 31.568321 30.31442 29.994492 29.197754 28.436342 29.493395 30.387527 31.623224 32.582275 32.54828 32.663338 32.829533 33.47491 33.86052 33.580986 33.702682 33.659634 33.707203 33.685658 33.55181 33.005505 32.719345 32.79879 32.97115 33.179604 33.213276 -32767.0 33.23346 33.11426 33.23275 33.33662 33.465385 33.633057 34.12906 34.14363 34.06618 34.06751 34.08915 34.127777 34.23271 34.271656 34.192345 34.155014 34.213104 34.196568 33.860966 33.655476 33.565113 33.816803 33.879276 33.745506 33.861183 33.70973 33.750458 34.108086 33.860786 34.225433 34.21491
33.84673 33.457592 33.15124 31.7865 31.760294 31.932812 31.146893 30.178247 30.09851 30.545021 30.68896 31.39935 32.164814 32.61408 32.63491 33.099285 33.805305 33.579235 33.61749 33.64758 33.80667 33.937103 33.947292 33.820915 33.649155 33.315403 32.979477 32.80145 32.74272 -32767.0 32.83575 32.810246 32.869633 33.348198 33.166527 33.378815 33.611584 34.090218 34.155655 34.083473 34.054 34.121616 34.104694 34.237907 34.138863 34.026333 33.92617 34.039837 34.183388 34.19545 33.935543 33.69435 33.72803 33.907074 33.91939 33.875835 33.56328 33.988674 34.08126 33.96809 34.219677 34.169582
33.92393 34.019917 33.924633 33.67145 33.50991 33.181957 32.854763 31.412857 31.567402 32.216034 32.32732 32.701435 32.64972 32.44389 33.092823 33.80731 33.771862 33.633263 33.64651 33.620068 33.658966 33.83344 34.104103 34.241173 34.05625 34.022766 33.784676 33.258183 33.115467 33.010777 33.400517 33.40218 33.267776 33.137978 33.046833 33.252323 33.48128 33.80338 34.211277 34.12843 34.101055 34.107056 34.05437 34.161354 34.19585 33.915783 34.02796 34.24536 34.34201 34.295254 34.172466 33.94364 33.662983 33.793068 33.75759 33.61411 33.549515 34.071606 34.003044 34.17327 34.205406 34.230713
33.8508 33.86216 33.94479 33.864437 33.713215 33.507668 32.776867 32.34999 31.79123 31.678205 31.598087 31.54507 32.20905 33.66246 33.78401 33.716625 33.727306 33.755817 33.64915 33.60662 33.56351 33.70194 33.883476 34.185863 34.37715 34.29091 34.18787 -32767.0 33.813652 33.58882 -32767.0 33.33171 32.952137 33.113705 33.14392 33.246452 33.36394 33.646214 34.161613 34.17961 34.226234 34.142612 34.1061 34.201313 34.066204 33.950417 34.034546 34.26994 34.37094 34.318264 34.28667 34.092056 33.68306 33.69814 33.600853 33.698395 34.036667 34.02561 33.896828 34.25639 34.203346 34.17297
34.024113 33.76425 33.81847 33.813675 33.79844 33.692093 33.50593 33.322147 32.06895 31.834696 31.779902 32.120094 33.180748 33.671818 33.62862 33.724594 33.70297 33.79084 33.87236 33.83776 33.749104 33.80382 33.99296 34.228897 34.4033 34.38449 34.315346 33.990696 -32767.0 33.582844 33.384804 33.288692 32.91803 33.097378 33.15749 33.309322 33.743027 33.999832 34.007538 34.252987 34.285004 34.090683 34.101295 34.100628 34.07001 34.05485 34.06664 34.189816 34.362606 34.378998 34.353848 34.202545 33.84125 33.593784 33.83161 34.010067 33.980324 34.016552 33.86815 34.22562 34.179726 34.12287
33.892006 33.711273 33.59119 33.60481 33.633736 33.67915 33.617847 33.636967 33.434765 33.569508 33.63216 33.599434 33.655495 33.623158 33.639782 33.700012 33.757313 33.82608 33.946854 34.07784 34.16925 34.263084 34.370945 34.45771 34.412216 34.35633 34.27076 34.27131 34.01171 33.44434 33.471226 33.237442 33.19605 33.193825 33.17897 34.023697 34.020138 34.310104 34.117203 34.297577 34.323982 34.080162 34.087288 34.085346 33.98976 34.023064 34.119774 34.05853 34.30096 34.342865 34.279465 34.123306 33.916542 33.918804 34.025276 33.99504 33.99502 33.966496 34.023712 34.205715 34.16187 34.114517
33.698154 33.80777 33.365353 33.467865 33.39386 33.47956 33.51986 33.58011 33.60574 33.44933 33.35709 33.492474 33.55511 33.594135 33.685757 33.80171 33.86655 34.092266 34.289425 34.327232 34.345684 34.366627 34.401608 34.42379 34.43289 34.396667 34.216892 34.18604 34.275166 34.188168 33.826134 33.54734 33.263287 33.415775 34.210518 34.01522 34.05645 34.12523 34.353146 34.340477 34.363438 34.111492 34.072044 34.027164 34.01781 33.97902 34.07432 34.11596 34.115135 34.191525 34.153286 34.06501 34.002445 34.002922 34.024643 33.937794 34.09038 33.971012 34.390697 34.21614 34.13512 34.203926
33.607418 33.470215 33.214725 33.39354 33.396408 33.47001 33.47381 33.45686 33.50447 33.45797 33.32428 33.47342 33.644188 33.697426 33.820503 33.980392 34.21758 34.2801 34.38804 34.50692 34.55226 34.54444 34.520443 34.487354 34.4428 34.42953 34.340763 34.130127 34.10335 34.124714 34.14875 34.149994 34.1477 34.159725 34.164604 34.094162 34.214947 34.426075 34.486366 34.3924 34.300243 34.132725 34.068047 34.141838 34.152843 34.101048 33.969566 34.07004 34.076477 34.02434 34.077965 34.102283 34.091366 34.110115 34.1111 34.081947 34.03117 34.214584 34.470654 34.220882 34.12783 34.192764
33.64461 33.542034 33.424053 33.23018 33.388813 33.490562 33.49174 33.442425 33.39037 33.265022 33.365467 33.550625 33.658203 33.882557 34.01424 34.171432 34.30117 34.399094 34.525936 34.49527 34.464153 34.461327 34.45776 34.37943 34.38524 34.32263 34.287445 34.279358 34.227913 34.186844 34.118107 34.14875 34.1903 34.191383 34.178074 34.299732 34.408657 34.568962 34.57608 34.440147 34.187504 34.09338 34.131012 34.201115 34.176094 34.082287 33.98811 33.968906 34.068172 34.152504 34.081028 34.153038 34.18233 34.201313 34.06292 34.051697 34.51046 34.627514 34.346733 34.17463 34.08872 34.115917
33.264263 32.938034 33.137756 33.36799 33.258804 33.123848 33.14459 33.25583 33.49901 33.456356 33.51656 33.650642 33.99063 33.988678 34.118835 34.24937 34.36316 34.52573 34.470345 34.371445 34.33965 34.35134 34.29796 34.277306 34.26416 34.22489 34.22436 34.244057 34.213745 34.22716 34.225204 34.20556 34.15689 34.224236 34.380863 34.490356 34.51522 34.60991 34.58484 34.47632 34.20136 34.12924 34.13844 34.1947 34.11759 34.02656 33.99679 33.988586 33.96661 34.12596 34.20786 34.183025 34.224667 34.021538 34.03289 34.373974 34.421997 34.52626 34.186893 34.159664 34.104385 34.096394
32.954697 32.832054 32.862717 33.072426 33.178455 33.114403 33.252945 33.296257 33.447178 33.461662 33.599747 33.902115 34.01632 33.928047 34.141273 34.252594 34.393642 34.5134 34.347233 34.349346 34.34132 34.315296 34.270863 34.207794 34.214684 34.238583 34.228485 34.214592 34.200474 34.20438 34.31242 34.49297 34.53989 34.496986 34.44757 34.423016 34.427753 34.560486 34.526894 34.541206 34.346252 34.161953 34.150818 34.211395 34.10086 34.124752 33.970074 34.00923 34.087196 34.057835 34.174915 34.21623 34.058132 34.118393 34.326744 34.404453 34.48762 34.196888 34.14736 34.17105 34.150715 34.13643
33.465992 33.11051 32.881073 32.942684 33.024673 33.427742 33.39034 33.4985 33.47852 33.60228 33.71381 33.900497 33.961685 33.896545 34.16775 34.199062 34.39891 34.498623 34.343384 34.37798 34.401836 34.312866 34.301685 34.29652 34.350388 34.470596 34.52926 34.58262 34.616444 34.60272 34.520584 34.35572 34.258457 34.247417 34.25472 34.24799 34.273407 34.528973 34.494587 34.598423 34.47753 34.213566 34.18889 34.12934 34.29264 34.26185 33.99527 33.984886 34.10603 34.119724 34.127987 34.14732 34.092285 34.331947 34.259335 34.124443 34.089287 34.113117 34.147816 34.162987 34.151146 34.14475
33.747196 34.008022 33.341656 32.898197 33.33533 33.380215 33.33335 33.487877 33.563274 33.738663 33.81501 33.851673 34.060726 33.935932 34.203983 34.174416 34.381927 34.525032 34.38746 34.405453 34.491497 34.510365 34.425564 -32767.0 34.411446 34.5403 34.533348 34.542343 34.541225 34.366688 34.261604 34.30956 34.371246 34.36659 34.329872 34.2884 34.211033 34.521526 34.52042 34.60335 34.425594 34.182903 34.186676 34.187 34.41358 34.580566 34.404816 33.933495 34.100174 34.094273 34.13439 34.05518 34.40458 34.215874 34.196594 34.239117 34.28698 34.26136 34.27408 34.306892 34.316315 34.332626
33.95544 34.092213 33.61521 33.487488 33.123486 33.368378 33.40205 33.38621 33.589436 33.795486 33.857925 33.802845 33.885868 34.34533 34.21251 34.18467 34.40151 34.538445 34.4124 34.346043 34.375843 34.39474 34.53119 34.510918 34.51244 34.531033 34.612194 34.562645 34.29364 34.305973 34.456993 34.541313 34.54628 34.56192 34.39054 34.303383 34.23706 34.53114 34.57595 34.603756 34.448673 34.251923 34.563107 34.483654 34.368458 34.488663 34.55794 34.30226 33.990047 34.074333 34.052803 34.35387 34.334675 34.178173 34.2568 34.26789 34.264294 34.2756 34.272507 34.285435 34.33232 34.334366
34.237072 33.60541 33.34315 33.410847 33.212597 33.248787 33.283417 33.33595 33.634174 33.796276 33.7799 33.959896 34.21988 34.389572 34.393494 34.29453 34.463326 34.527096 34.414654 34.37168 34.452034 34.514477 -32767.0 34.47816 34.52897 34.63631 34.56334 34.30193 34.344124 34.537495 34.48101 34.429276 34.46162 34.56021 34.443123 34.264385 34.38346 34.567738 34.607388 34.55992 34.362446 34.50411 34.38405 34.57356 34.629726 34.616592 34.46 34.525177 34.424957 34.35797 34.528618 34.59471 34.479275 34.24349 34.272556 34.246162 34.28223 34.33296 34.345325 34.343887 34.3701 34.39685
33.933453 33.92701 33.32512 33.265842 33.182407 33.275314 33.31639 33.607853 33.748707 33.84914 34.262653 34.173817 34.196823 34.460773 34.316025 34.42195 34.527767 34.49514 34.475567 34.39661 34.48015 34.517666 34.487324 34.436893 34.566887 34.59519 34.35319 34.32079 34.54883 34.479828 34.40512 34.44736 34.513 34.543327 34.3723 34.261475 34.489006 34.602516 34.582314 34.47745 34.380245 34.34352 34.36972 34.498314 34.614166 34.623024 34.61101 34.50704 34.484688 34.591316 34.596867 34.582043 34.59999 34.474903 34.39492 34.5041 34.61969 34.612564 34.650475 34.63244 34.444176 34.401157
33.783413 33.598347 33.36209 33.296444 33.448997 33.601536 33.731693 33.961525 34.257084 34.26431 34.20066 34.192078 34.353134 34.368347 34.42274 34.574203 34.5557 34.523132 34.475716 34.42048 34.505066 34.45948 34.46604 34.397533 34.469658 34.571243 34.277996 34.43589 34.54468 34.448387 34.408646 34.457302 34.474762 34.422897 34.28993 34.39869 34.492023 34.596577 34.500256 34.392086 34.342316 34.43075 34.5012 34.57207 34.629993 34.6187 34.627422 34.49652 34.49226 34.489834 34.4593 34.485603 34.623665 34.667084 34.70734 34.764397 34.75197 34.746433 34.73535 34.715183 34.64842 34.574776
34.05348 33.8359 34.051632 34.25341 34.232693 34.31542 34.214478 34.363495 34.269577 34.22464 34.201233 34.282585 34.486893 34.471447 34.588444 34.573303 34.562035 34.567535 34.532673 34.401405 34.442596 34.436314 34.425606 34.40095 34.376297 34.573288 34.276794 34.484833 34.523407 34.43445 34.38364 34.379128 34.343273 34.30914 34.37173 34.47625 34.55628 34.481647 34.385883 34.309265 34.497982 34.549267 34.59273 34.60205 34.61281 34.62362 34.61448 34.530746 34.559273 34.542973 34.491856 34.485336 34.547417 34.651012 34.66966 34.7615 34.778996 34.78225 34.78818 34.791355 34.740604 34.56561
33.49005 34.09729 34.19417 34.10188 34.010006 34.21259 34.323948 34.22839 34.282246 34.2488 34.357273 34.44276 34.480625 34.54223 34.591415 34.56403 34.580257 34.61345 34.582706 -32767.0 34.42917 34.416855 34.39457 34.4001 34.37697 34.537125 34.292038 34.494408 34.53063 34.449745 34.38538 34.330273 34.326187 34.39653 34.464817 34.52955 34.48546 34.345688 34.28277 34.309868 34.29169 34.330463 34.38277 34.432056 34.533485 34.63844 34.62737 34.62616 34.532295 34.57584 34.545647 34.551758 34.528557 34.63582 34.703533 34.761555 34.722584 34.717182 34.722908 34.7457 34.771122 34.79353
