static/data/salinity/2023/7/26/12.asc
ncols 137
nrows 93
xllcorner 108.0
yllcorner 17.0
cellsize 0.25
NODATA_value -32767
[rows 27 to 53 of 93, columns 61 to 121 of 137]
29.976204 29.796892 29.784286 29.758123 29.75008 29.744432 29.864525 30.63307 32.307083 33.16503 32.765675 32.838577 -32767.0 -32767.0 32.217957 31.933874 32.798225 32.77388 32.65669 32.593212 32.566578 32.52627 32.664036 33.04334 32.853477 -32767.0 -32767.0 -32767.0 -32767.0 -32767.0 -32767.0 -32767.0 -32767.0 -32767.0 32.581596 32.66859 33.393436 -32767.0 -32767.0 -32767.0 33.25775 33.524323 33.78074 33.714485 33.51133 31.99574 33.219204 33.51318 32.884556 33.441402 33.948673 33.977844 33.993687 34.050312 34.02291 33.8597 33.85131 33.805946 33.731213 33.97751 34.052372
30.72949 30.347874 30.068415 30.015944 29.83952 29.719984 30.161423 30.9293 32.75878 32.955708 32.89463 32.90041 32.876953 32.878963 32.86582 32.90122 32.898033 32.634056 32.7334 32.742134 32.676598 32.510788 32.955658 -32767.0 32.865273 32.85997 -32767.0 -32767.0 26.263391 -32767.0 -32767.0 -32767.0 -32767.0 -32767.0 -32767.0 32.668503 33.58305 -32767.0 -32767.0 33.522923 33.42283 33.64362 33.629932 33.636894 33.715446 33.889164 33.88205 33.324776 33.507732 34.06509 34.015423 34.034904 34.041893 33.99413 34.00283 33.845 33.892612 33.770084 33.719654 34.060425 34.096764
30.364845 30.604187 30.560114 30.50349 30.389553 29.802696 29.927095 30.480053 31.6925 32.197926 32.118465 32.96044 32.999146 32.89584 32.970203 33.117355 32.83209 32.82711 32.89798 32.8506 32.72513 32.570675 -32767.0 33.025566 32.883797 33.071037 31.708248 29.303944 -32767.0 27.70339 -32767.0 -32767.0 -32767.0 -32767.0 -32767.0 33.66299 33.857693 33.777096 33.3727 33.41642 33.61827 33.611664 33.55385 33.466797 33.458904 33.53024 33.950516 33.68643 34.079067 34.073063 34.02407 33.99594 33.989906 33.974323 34.02203 33.838375 33.89754 33.801674 33.65745 34.04383 34.079803
28.947271 28.861778 28.484005 28.857533 29.941647 29.97513 29.676195 29.850481 30.402708 31.46279 31.01997 31.279526 32.90254 33.146473 33.15961 32.9991 32.846294 32.893063 33.102592 33.124016 32.865723 32.517853 32.72447 32.87158 33.01312 33.138783 32.901783 30.84714 28.904501 28.424109 -32767.0 -32767.0 -32767.0 -32767.0 33.656166 33.734074 33.81918 33.75738 33.743923 33.649654 33.539757 33.460743 33.394352 33.499107 33.503735 33.447384 33.75304 34.100185 34.119858 34.072197 34.061813 34.04325 34.05224 33.981884 34.006313 33.83441 33.88938 33.906986 33.6152 34.01901 34.062035
26.70692 26.430267 27.765684 28.431246 28.794464 29.263525 28.987001 29.274946 29.516119 30.800428 30.328571 30.942625 31.879799 32.54936 32.988277 33.020535 32.925423 33.111237 33.56977 33.549587 33.462017 33.16114 32.95582 32.795353 32.63313 32.568462 32.499104 30.259697 28.868301 29.091778 -32767.0 -32767.0 -32767.0 -32767.0 33.656322 33.68018 33.89612 33.854538 33.75155 33.509266 33.369083 33.51725 33.558323 33.69156 33.82794 33.496567 33.64915 33.81566 33.977795 33.982197 33.91984 33.780552 33.837517 33.92592 33.951736 33.853912 33.90309 33.952045 33.59692 34.01442 34.04838
24.209665 26.895412 29.633778 30.133251 29.660633 29.288303 28.699303 28.136135 28.854136 29.943377 29.390207 29.972038 30.55509 31.790722 33.00536 32.908188 32.965145 33.518967 33.882076 33.688587 33.7863 33.802387 33.74841 33.53132 32.973267 32.668083 32.653736 32.932953 -32767.0 -32767.0 -32767.0 -32767.0 -32767.0 33.77483 33.735474 33.49864 33.58088 33.551945 33.245686 33.42321 33.815243 34.096214 33.7567 33.6464 34.070312 33.83302 33.463806 33.509556 33.590862 33.630566 33.5592 33.46955 33.794746 33.94667 33.90669 33.82874 33.8499 33.90002 33.580788 34.018433 34.01713
23.329575 25.071804 29.692543 30.487497 30.192112 29.66186 28.560635 27.994337 27.968357 28.176414 27.816984 29.472223 31.016613 32.097878 32.941017 32.86532 33.18297 33.527203 33.785164 33.68975 33.68389 33.73568 33.75508 33.746914 33.04789 32.812305 32.56981 32.84683 -32767.0 -32767.0 -32767.0 -32767.0 -32767.0 33.367935 32.949608 33.0122 33.30876 33.620632 33.841084 33.97383 33.978 34.112263 34.166786 34.007423 34.084923 34.17325 34.083313 33.9117 33.836628 33.67076 33.53706 33.593597 33.60852 33.93527 33.884613 33.76095 33.75081 33.91462 33.584564 34.042526 33.96471
27.479355 29.936037 30.705471 30.35934 31.43131 30.856152 29.96762 28.826832 27.539936 27.536844 28.871004 30.33311 31.903992 32.79005 32.69336 32.886745 33.052376 33.179085 33.711063 33.649014 33.694183 33.740753 33.725815 33.7807 33.26776 32.92904 32.667263 32.806557 32.964256 -32767.0 33.22952 -32767.0 -32767.0 32.928112 33.236996 33.533062 33.409565 33.506657 33.758213 34.181454 34.17992 34.092068 34.036156 34.087135 34.109673 34.151142 34.141087 34.13729 34.17192 34.2359 34.14372 33.708363 33.541992 33.801136 33.889935 33.690754 33.69443 33.86555 33.632076 34.073555 33.903244
28.467274 28.522799 30.963137 32.17895 32.315037 31.073833 30.17516 29.782522 28.998251 28.536291 29.73089 30.543512 31.609425 32.371304 32.462112 32.658703 32.848198 33.70442 33.793137 33.54459 33.65595 33.642654 33.686924 33.65914 33.589565 33.025364 32.729637 32.785854 32.936024 33.092316 33.167057 -32767.0 33.219902 33.03033 33.24183 33.252567 33.419575 33.602837 33.815998 34.166 34.144432 34.02135 34.0604 34.115913 34.168114 34.252934 34.239887 34.21267 34.24482 34.25655 34.13846 34.03071 33.705208 33.642643 33.909863 33.741123 33.904587 33.767704 33.776585 34.096962 33.902714
32.39448 33.80621 33.497135 32.926014 31.764202 31.997555 31.861614 30.687407 29.949152 30.203566 30.76158 30.84465 31.537966 32.355232 32.73556 32.601875 33.54707 33.782574 33.588146 33.632423 33.6493 33.774315 33.89848 33.92892 33.82135 33.675167 33.374126 33.129223 32.976864 32.8156 -32767.0 32.887672 32.802578 32.8688 32.888138 33.170918 33.261124 33.29825 33.55335 34.010143 34.20624 34.04696 34.078445 34.114212 34.17116 34.18324 34.08001 33.964764 33.93617 34.118237 34.220787 33.88975 33.69862 33.567944 33.893288 33.934906 33.89242 33.627117 33.972225 34.095654 34.009624
33.38774 33.832584 34.011543 33.890247 33.61018 33.499176 33.15982 32.466213 31.262047 31.619019 32.18731 32.30683 32.66023 32.47331 32.52683 33.56032 33.8557 33.768433 33.649395 33.640076 33.58895 33.623634 33.78341 34.021717 34.21593 34.08881 34.04614 33.875423 33.390812 33.218018 33.05562 33.310177 33.405956 33.364925 33.184437 33.02802 33.212738 33.382298 33.707302 33.660255 34.228615 34.110264 34.13506 34.058365 34.10909 34.166317 34.040386 33.97114 34.11884 34.279823 34.267258 34.130077 33.768467 33.558205 33.791424 33.78264 33.654423 33.683403 34.041965 34.03353 34.175953
32.5684 34.050964 33.85485 33.93914 33.835297 33.668674 33.435455 32.781593 32.32194 31.799446 31.681396 31.56215 31.51538 32.474625 33.77159 33.71761 33.693836 33.720036 33.79271 33.672806 33.6017 33.56231 33.682945 33.86774 34.085114 34.313217 34.368225 34.291645 -32767.0 33.8564 33.73289 -32767.0 33.359283 33.092007 33.08791 33.234562 33.218086 33.84313 34.08059 33.93403 34.19855 34.185276 34.177692 34.09341 34.166668 34.136223 33.959507 33.99492 34.19066 34.37417 34.39402 34.232124 34.10155 33.71425 33.684414 33.73722 33.727367 34.001656 34.04408 33.938503 34.257168
34.152565 34.03561 33.79053 33.81322 33.806206 33.767113 33.673695 33.498707 33.24251 32.059216 31.909037 31.989643 32.59367 33.105034 33.6746 33.63211 33.681156 33.716404 33.75344 33.823864 33.87642 33.799923 33.844204 33.986786 34.17975 34.389687 34.420696 34.398933 34.162724 -32767.0 33.66395 33.395935 33.301426 32.940887 33.02014 33.209175 33.3222 34.07908 34.04161 33.983875 34.25536 34.283665 34.10487 34.098286 34.110996 34.075863 34.043667 34.098583 34.13928 34.36943 34.372902 34.28842 34.277206 33.94186 33.81309 33.809624 34.006184 33.994957 34.027313 33.926136 34.224995
33.99917 33.916477 33.727222 33.622074 33.587143 33.61831 33.65937 33.61422 33.678192 33.345898 33.51121 33.633163 33.54907 33.59367 33.645153 33.593014 33.721397 33.762413 33.840023 33.968155 34.08696 34.16723 34.222897 34.31841 34.41334 34.42057 34.419193 34.298508 34.327835 34.126083 33.64738 33.453457 33.492065 33.237022 33.211548 33.11541 34.02972 34.08 34.100677 34.111526 34.342705 34.35909 34.09727 34.085575 34.07986 33.985928 34.004253 34.09151 34.05526 34.34257 34.342907 34.38403 34.340508 33.99085 33.957096 34.020744 34.000984 33.984734 33.999107 34.078712 34.200207
33.82562 33.585472 33.63722 33.524536 33.446922 33.406773 33.43345 33.522846 33.559315 33.593597 33.52102 33.351665 33.46828 33.563232 33.607502 33.6521 33.778442 33.879715 34.12741 34.285675 34.325493 34.330414 34.35787 34.390774 34.4487 34.481525 34.439754 34.234356 34.188038 34.228752 34.286564 34.091473 33.84307 33.621933 33.544136 33.969437 34.14585 34.098534 34.30649 34.368694 34.385414 34.41641 34.13843 34.077766 34.03581 34.054554 33.980618 34.028618 34.124226 34.15631 34.29668 34.2561 34.15805 34.05346 34.01577 34.046703 33.986115 34.09777 33.975414 34.418053 34.216496
33.74864 33.622986 33.4915 33.26788 33.353962 33.386097 33.448746 33.46107 33.450115 33.473637 33.470177 33.35805 33.376804 33.583706 33.670475 33.778564 33.989525 34.18719 34.272015 34.39989 34.512547 34.534523 34.530293 34.502613 34.498592 34.48068 34.447304 34.373775 34.201336 34.143307 34.133392 34.149426 34.159504 34.152905 34.152233 34.197758 34.181828 34.1893 34.41718 34.503162 34.414104 34.343353 34.134037 34.07235 34.16596 34.16827 34.106094 34.005463 33.987644 34.0682 34.081596 34.084175 34.094185 34.1169 34.158607 34.15888 34.080315 34.034794 34.263992 34.492496 34.218468
33.793118 33.696774 33.543613 33.463657 33.232727 33.34235 33.437294 33.442936 33.407692 33.39552 33.290684 33.315098 33.512928 33.600063 33.89087 34.01566 34.146217 34.250164 34.367306 34.536022 34.47687 34.412045 34.43425 34.45034 34.391903 34.364403 34.394955 34.35215 34.322784 34.254982 34.236084 34.185608 34.130894 34.15208 34.191383 34.162704 34.25994 34.387234 34.530704 34.61556 34.439713 34.22269 34.0882 34.150608 34.182205 34.15571 34.0747 33.98476 33.98512 33.974594 34.120132 34.041126 34.11871 34.178787 34.1874 34.046032 34.06856 34.507053 34.61083 34.3988 34.18362
33.59394 33.174465 32.816555 32.813824 33.23829 33.308067 33.14096 33.131363 33.170013 33.459667 33.45926 33.491653 33.574795 33.975674 33.945274 34.115612 34.204113 34.23956 34.502804 34.464237 34.32513 34.324505 34.321785 34.33991 34.29085 34.279163 34.243896 34.22685 34.234005 34.242355 34.223286 34.226425 34.221165 34.187164 34.21208 34.34715 34.482357 34.522083 34.56375 34.614456 34.4648 34.222675 34.117184 34.132298 34.20368 34.099655 34.056458 34.002193 33.99914 33.967117 34.04382 34.20212 34.198845 34.21931 34.020676 34.058342 34.357395 34.43051 34.507137 34.19581 34.169914
33.035397 33.038948 32.929527 32.82 32.98815 33.207016 33.067562 33.226303 33.247707 33.39346 33.452457 33.57928 33.85271 34.005215 33.918858 34.13854 34.17772 34.238113 34.509056 34.361137 34.334538 34.31997 34.276306 34.255188 34.21961 34.231907 34.276745 34.243565 34.228703 34.218258 34.23649 34.316166 34.458782 34.542946 34.513905 34.44946 34.420425 34.443054 34.476154 34.55993 34.50524 34.357967 34.162197 34.148754 34.183647 34.17989 34.0617 33.938396 34.006683 34.09223 34.03281 34.162827 34.213158 34.057465 34.149605 34.3269 34.437237 34.445496 34.158623 34.154682 34.184135
33.02946 33.57717 33.332523 32.92673 32.900517 32.98004 33.398197 33.353577 33.47191 33.478733 33.58087 33.731194 33.88361 34.01483 33.894333 34.216293 34.15841 34.231247 34.51392 34.376663 34.412342 34.434704 34.349045 34.308105 34.320408 34.367634 34.500618 34.555855 34.582863 34.58503 34.569733 34.526913 34.401474 34.285564 34.25701 34.267597 34.260048 34.27778 34.430847 34.514458 34.584408 34.51306 34.23097 34.190113 34.143173 34.41693 34.325638 34.046993 33.99112 34.10226 34.13053 34.161873 34.154243 34.118374 34.294758 34.174747 34.120106 34.143967 34.19923 34.213856 34.202496
33.648277 33.869907 33.905357 33.722843 33.04354 33.215828 33.405594 33.383904 33.45563 33.55551 33.732628 33.81967 33.83656 33.96058 33.974792 34.331696 34.190758 34.277847 34.52416 34.42581 34.41239 34.449974 34.49039 34.449223 -32767.0 34.421467 34.525597 34.528156 34.57718 34.556213 34.383244 34.28433 34.363937 34.4357 34.43425 34.35368 34.306755 34.240936 34.463882 34.509007 34.610065 34.42113 34.18968 34.18511 34.22 34.4535 34.583637 34.411377 33.94436 34.1213 34.11186 34.1413 34.075954 34.37713 34.220486 34.208572 34.2774 34.238186 34.237476 34.25848 34.301533
33.900776 34.2569 33.828396 33.81325 33.646767 33.145573 33.31416 33.42805 33.354153 33.5335 33.76686 33.858685 33.79544 33.954567 34.215614 34.416767 34.321655 34.375614 34.52437 34.439857 34.344658 34.35907 34.41213 34.526783 34.501373 34.483067 34.543118 34.62823 34.54425 34.280857 34.37727 34.522827 34.537174 34.520668 34.566864 34.439404 34.332466 34.215263 34.50604 34.56219 34.608265 34.396015 34.255978 34.54873 34.507217 34.459736 34.466133 34.54222 34.245274 34.055542 34.105816 34.068027 34.333458 34.255417 34.188107 34.250427 34.262886 34.27409 34.283188 34.303658 34.32225
33.92001 34.047504 33.918503 33.3447 33.332436 33.293255 33.186066 33.326775 33.265667 33.563778 33.773895 33.780308 34.047703 34.226566 34.21825 34.41114 34.317123 34.45657 34.512283 34.435116 34.372047 34.487427 34.501953 -32767.0 34.436314 34.526806 34.614056 34.530327 34.28487 34.42396 34.516525 34.437065 34.426895 34.45017 34.554256 34.45623 34.286804 34.305405 34.559147 34.607494 34.55217 34.33255 34.51036 34.39415 34.55977 34.629513 34.635685 34.473022 34.5278 34.31768 34.26913 34.4815 34.554115 34.4033 34.254383 34.23856 34.25951 34.387825 34.384945 34.364143 34.35278
34.016777 33.775833 33.818813 33.419758 33.303127 33.239788 33.30109 33.364655 33.586174 33.756138 33.889954 34.265774 34.207752 34.15456 34.392517 34.3545 34.480034 34.53318 34.48492 34.478905 34.3944 34.474358 34.50137 34.467228 34.402542 34.48187 34.571484 34.28567 34.388657 34.53527 34.43884 34.398987 34.459534 34.523945 34.556286 34.36566 34.258877 34.485523 34.598972 34.588497 34.450287 34.407967 34.316856 34.399082 34.51503 34.617344 34.621227 34.584095 34.52052 34.582115 34.61268 34.6212 34.594864 34.56147 34.359955 34.320538 34.54845 34.672512 34.660934 34.703384 34.691624
33.88492 33.840984 33.59825 33.395103 33.473785 33.70678 33.76573 33.75491 33.933365 34.317978 34.278515 34.247852 34.20303 34.35341 34.425785 34.489265 34.571255 34.55164 34.526077 34.470505 34.413185 34.503246 34.44446 34.431374 34.37993 34.387592 34.551777 34.28118 34.477097 34.479736 34.39477 34.411983 34.47086 34.485195 34.42514 34.296173 34.390892 34.52076 34.609146 34.49229 34.37974 34.352627 34.539856 34.558525 34.612423 34.62771 34.620102 34.62378 34.509636 34.47473 34.491848 34.4659 34.494797 34.631172 34.67481 34.709362 34.770573 34.770668 34.754818 34.74523 34.719822
33.54949 33.898037 34.048447 34.218025 34.22409 34.16435 34.23364 34.341213 34.390606 34.29184 34.229427 34.34362 34.4175 34.494984 34.501404 34.57632 34.568893 34.559074 34.57132 34.536987 34.426006 34.435234 34.419018 34.39499 34.38664 34.36918 34.53573 34.27483 34.48304 34.448982 34.381657 34.35658 34.358543 34.333088 34.30353 34.39179 34.49152 34.57834 34.480442 34.38402 34.32755 34.471703 34.514133 34.533905 34.54093 34.595306 34.633736 34.618187 34.516712 34.551834 34.541737 34.495415 34.490284 34.54773 34.64026 34.675938 34.75951 34.7705 34.77022 34.792168 34.79383
33.40671 33.399834 33.753613 34.146454 34.08386 33.929356 33.982803 34.23844 34.2138 34.25998 34.23031 34.4112 34.451614 34.4792 34.541267 34.583477 34.56374 34.579582 34.617725 34.59091 -32767.0 34.447662 34.411964 34.384144 34.3984 34.40173 34.487022 34.299435 34.49534 34.445324 34.395653 34.360943 34.324245 34.351513 34.41362 34.47964 34.54799 34.461277 34.361115 34.297726 34.287357 34.272915 34.299553 34.333786 34.359753 34.45854 34.64925 34.631226 34.617607 34.535122 34.57453 34.563328 34.55259 34.524357 34.624065 34.698116 34.76667 34.735455 34.72542 34.729115 34.741417
