static/data/salinity/2023/7/26/18.asc
ncols 137
nrows 93
xllcorner 108.0
yllcorner 17.0
cellsize 0.25
NODATA_value -32767
[rows 54 to 80 of 93, columns 61 to 121 of 137]
33.185635 33.302586 33.370487 33.39384 33.61264 33.694862 33.560722 33.926304 34.219986 34.24026 34.227097 34.39236 34.465096 34.49661 34.54329 34.58183 34.576633 34.585445 34.57243 34.499207 34.515453 34.440266 34.4049 34.37836 34.37276 34.438168 34.377834 34.424488 34.44613 34.470016 34.42691 34.407715 34.41016 34.4326 34.47174 34.526707 34.416786 34.338905 34.21393 34.169506 34.17716 34.212032 34.25833 34.346886 34.395878 34.425907 34.496643 34.680706 34.62746 34.584396 34.56206 34.575138 34.587566 34.588978 34.673668 34.725327 34.744965 34.711895 34.66288 34.68814 34.8947
34.06984 34.141445 34.15946 34.216404 34.01822 33.83571 33.939045 34.073895 34.205353 34.26224 34.29968 34.44264 34.50393 34.484554 34.51998 34.592937 34.555695 34.561203 -32767.0 34.55439 34.582138 34.519306 34.400936 34.4085 34.415035 34.530796 34.370148 34.531754 34.387012 34.498295 34.41132 34.405014 34.44776 34.46221 34.494 34.41169 34.30725 34.1503 34.156544 34.276775 34.325527 34.303734 34.300377 34.272636 34.3586 34.414776 34.443943 34.639465 34.659138 34.63882 34.582542 34.58875 34.6185 34.68436 34.66879 34.64776 34.670578 34.620003 34.67812 34.762833 35.018833
34.336437 34.34579 34.426815 34.40596 34.34472 34.33973 34.345814 34.27345 34.249332 34.266994 34.41884 34.519485 34.582973 34.548294 34.488712 34.54244 34.514797 34.565563 34.57689 34.581577 34.581722 34.58728 34.53909 34.528126 34.58568 34.575798 34.374893 34.611645 34.337234 34.45022 34.43292 34.392467 34.425213 34.457466 34.403305 34.280167 34.170525 34.193596 34.396404 34.439262 34.44864 34.373856 34.27339 34.30297 34.33987 34.38496 34.46187 34.511578 34.689022 34.64826 34.624157 34.597313 34.592773 34.705856 34.60721 34.597504 34.602165 34.661 34.74121 34.956104 34.96093
34.32249 34.35443 34.399235 34.384727 34.390392 34.293953 34.217422 34.26508 34.374054 34.4105 34.547035 34.554703 34.580963 34.55858 34.482574 34.552372 34.520744 34.621788 34.577156 34.5699 34.597057 34.625687 34.59858 34.58606 34.57233 34.427826 34.490383 34.681824 34.360554 34.379494 34.465206 34.39926 34.41257 34.407475 34.29795 34.221386 34.19303 34.354645 34.46706 34.498974 34.456768 34.459908 34.369774 34.304897 34.331783 34.3715 34.44123 34.469402 34.667454 34.672104 34.65051 34.612785 34.595207 34.61826 34.611618 34.582146 34.61479 34.668854 34.818672 34.91685 35.00498
34.34799 34.359806 34.361267 34.374508 34.1998 34.293636 34.418274 34.349617 34.388428 34.530235 34.544575 34.5812 34.57912 34.51979 34.490738 34.509727 34.611324 34.69269 34.59387 34.59049 34.61804 34.631676 34.59879 34.564167 34.530663 34.305077 34.549416 34.698296 34.48031 34.389072 34.432957 34.402473 34.386856 34.35953 34.282707 34.248165 34.249004 34.43285 34.50194 34.43551 34.40644 34.42482 34.414013 34.292343 34.294487 34.366413 34.481457 34.486244 34.567383 34.666134 34.666298 34.650013 34.624435 34.60745 34.61223 34.62115 34.636765 34.66782 34.80119 34.934624 35.081856
34.279484 34.271816 34.220894 34.286446 34.467354 34.41034 34.32524 34.38826 34.450912 34.53704 34.526524 34.573647 34.60756 34.544006 34.55683 34.640087 34.63252 34.642567 34.547215 34.58218 34.586273 34.577446 34.539524 34.5221 34.39268 34.27359 34.517914 34.69297 34.68402 34.41483 34.359566 34.38374 34.367382 34.33279 34.3131 34.301105 34.28048 34.36206 34.36216 34.36078 34.382935 34.423042 34.405956 34.32018 34.325336 34.43142 34.550545 34.508778 34.49234 34.67555 34.665 34.67783 34.666203 34.65684 34.65557 34.644264 34.654198 34.666965 34.857765 34.98053 35.143745
34.404766 34.306053 34.291527 34.39088 34.470398 34.36426 34.35414 34.349586 34.521576 34.519966 34.43653 34.53101 34.609375 34.60772 34.59279 34.552155 34.656765 34.573883 34.551056 34.55189 34.562607 34.553085 34.506363 34.477238 34.262505 34.30474 34.572243 34.749706 34.756508 34.477478 34.38414 34.354946 34.35275 34.349186 34.38048 34.414837 34.369358 34.36309 34.410732 34.430943 34.442795 34.440132 34.362568 34.341118 34.414936 34.559723 34.609505 34.570206 34.539486 34.57233 34.641296 34.683723 34.710075 34.686653 34.667213 34.66756 34.682934 34.769077 34.894882 35.005295 35.118114
34.347176 34.35963 34.385605 34.466496 34.390423 34.361755 34.34732 34.337494 34.39188 34.435978 34.45295 34.46008 34.569595 34.588596 34.527416 34.596405 34.61675 34.55788 34.564888 34.528847 34.522243 34.54854 34.498867 34.422646 34.226402 34.487732 34.75598 34.7719 34.761948 34.627617 34.464058 34.361195 34.331146 34.353424 34.419895 34.507343 34.54578 34.53125 34.543022 34.540436 34.470104 34.364887 34.357437 34.44575 34.581345 34.647408 34.575397 34.513943 34.521526 34.525467 34.612186 34.678303 34.76113 34.756714 34.708298 34.687077 34.707546 34.9006 34.96705 34.99648 35.023922
34.34315 34.320072 34.342163 34.391994 34.40176 34.316013 34.305546 34.31142 34.351887 34.398994 34.485653 34.520176 34.535122 34.59478 34.5742 34.648933 34.59236 34.57105 34.52635 34.49902 34.537525 34.53719 34.45021 34.284245 34.509842 34.739494 34.74755 34.74563 34.745785 34.72976 34.544415 34.448048 34.430756 34.41061 34.416977 34.459293 34.508133 34.549126 34.54762 34.44866 34.402096 34.43358 34.522636 34.625626 34.63484 34.60143 34.566113 34.55347 34.499603 34.54138 34.59731 34.689106 34.84102 34.812912 34.759396 34.703976 34.78798 34.85967 34.992577 34.997913 35.02856
34.34883 34.28859 34.27944 34.296696 34.2828 34.27826 34.28651 34.299366 34.34968 34.404182 34.55301 34.58901 34.578903 34.557327 34.59949 34.659622 34.627094 34.58291 34.529507 34.547752 34.5253 34.404987 34.402363 34.65654 34.70863 34.701122 34.710743 34.717163 34.716763 34.72784 34.715073 34.673798 34.60354 34.537323 34.479458 34.45944 34.458298 34.468796 34.510094 34.595608 34.661564 34.661064 34.60578 34.561653 34.54925 34.511852 34.629276 34.54614 34.509453 34.527664 34.583534 34.72355 34.879738 34.862103 34.742596 34.701935 34.915367 34.849876 34.83892 34.85118 34.818634
34.33567 34.256508 34.24134 34.24788 34.25838 34.28085 34.29306 34.302856 34.34573 34.40396 34.559338 34.5603 34.568172 34.620605 34.6188 34.66054 34.641857 34.581036 34.588467 34.55612 34.54494 34.61749 34.714783 34.688713 34.70035 34.70601 34.714054 34.705936 34.67445 34.6495 34.634636 34.637383 34.6394 34.64856 34.663376 34.674187 34.677246 34.679203 34.666214 34.621128 34.548283 34.502808 34.50322 34.49477 34.480713 34.51042 34.65923 34.595665 34.491222 34.521034 34.574474 34.733562 34.85772 34.825043 34.71044 34.853046 34.781532 34.79152 34.78426 34.766388 34.719883
34.286312 34.2966 34.308655 34.333763 34.38738 34.3876 34.3633 34.355045 34.37945 34.431705 34.525784 34.55125 34.62459 34.647934 34.612125 34.642574 34.60863 34.627766 34.666916 34.68348 34.696648 34.702175 34.699684 34.69854 34.709396 34.72584 34.7407 34.747055 34.739506 34.73404 34.715588 34.673973 34.616154 34.55655 34.551666 34.55724 34.55841 34.549725 34.543056 34.558357 34.550804 34.542137 34.54789 34.569912 34.520477 34.56641 34.64593 34.550255 34.497765 34.519886 34.563904 34.73257 34.814144 34.737286 34.715477 35.042873 34.776894 34.755295 34.74931 34.610214 34.610764
34.367985 34.361214 34.328686 34.325764 34.46499 34.502445 34.49386 34.48408 34.481823 34.503967 34.521656 34.555904 34.660446 34.612522 34.615574 34.607784 34.636616 34.61068 34.575718 34.57215 34.569305 34.599342 34.65283 34.673237 34.66517 34.66469 34.71015 34.74208 34.76188 34.74555 34.74202 34.735924 34.720425 34.647644 34.557076 34.526993 34.508934 34.57137 34.55605 34.56895 34.559937 34.543083 34.529877 34.524857 34.528393 34.533703 34.594093 34.538166 34.537045 34.51505 34.5839 34.736176 34.75155 34.69287 34.879677 35.043633 34.864338 34.71654 34.759594 34.62815 34.71329
34.418037 34.378014 34.363274 34.33047 34.40608 34.49869 34.536053 34.557663 34.58452 34.591858 34.541904 34.565502 34.66822 34.607174 34.62077 34.608162 34.604145 34.593426 34.61746 34.616802 34.605064 34.654354 34.674355 34.649075 34.655415 34.685127 34.68379 34.670643 34.734905 34.733425 34.723495 34.71629 34.721394 34.693188 34.595905 34.524494 34.503483 34.55239 34.572483 34.617744 34.612072 34.55499 34.58462 34.605198 34.591335 34.572384 34.566452 34.55558 34.549786 34.47293 34.585136 34.739044 34.691357 34.733227 35.045723 34.99404 34.944603 34.796715 34.782173 34.714127 34.66144
34.426662 34.442005 34.400833 34.36911 34.358707 34.481247 34.536186 34.559135 34.559937 34.60777 34.566696 34.59862 34.68037 34.613316 34.624126 34.60803 34.591015 34.576214 34.56252 34.60685 34.629932 34.663376 34.639736 34.578884 34.579815 34.653595 34.69361 34.685825 34.69002 34.714554 34.689274 34.700043 34.704212 34.707977 34.639103 34.54245 34.541912 34.56202 34.593815 34.642494 34.6433 34.577854 34.628483 34.651237 34.632576 34.611282 34.59714 34.564487 34.54345 34.525253 34.574635 34.73429 34.694874 34.94143 34.941803 34.938984 34.934315 34.866077 34.7743 34.819702 34.827095
34.424988 34.458355 34.422512 34.40497 34.36521 34.432552 34.562473 34.62248 34.59889 34.609108 34.5796 34.635963 34.69016 34.631035 34.63132 34.604477 34.574883 34.507183 34.508957 34.55119 34.63512 34.659096 34.620354 34.534702 34.495815 34.545216 34.658234 34.6889 34.67279 34.68689 34.66221 34.678253 34.688488 34.690937 34.702168 34.62169 34.58792 34.6068 34.579422 34.646286 34.673336 34.631874 34.604168 34.665874 34.62849 34.5885 34.57515 34.579247 34.53493 34.557804 34.564945 34.727375 34.74209 35.001667 34.85062 34.8686 34.9461 34.90685 34.822353 34.758724 34.766045
34.423145 34.42188 34.419846 34.422775 34.432194 34.38017 34.577644 34.63554 34.612434 34.606396 34.577717 34.66101 34.697094 34.644817 34.632977 34.60459 34.56195 34.49844 34.513603 34.535896 34.63475 34.653458 34.59335 34.490196 34.41681 34.420467 34.592243 34.679382 34.6777 34.672367 34.638622 34.662666 34.677174 34.666023 34.669155 34.701176 34.63277 34.615917 34.599003 34.612682 34.66371 34.654316 34.57453 34.67546 34.625896 34.58009 34.556385 34.561707 34.543232 34.546055 34.55898 34.718708 34.77044 34.984344 34.8282 34.802174 34.821438 34.829456 34.869232 34.883297 34.768063
34.564716 34.546085 34.5191 34.47718 34.43684 34.381504 34.562138 34.63924 34.628864 34.59901 34.569267 34.650616 34.696655 34.657566 34.632977 34.60604 34.574505 34.552963 34.544426 34.575836 34.650055 34.632366 34.540672 34.427246 34.347267 34.351536 34.46824 34.638233 34.650776 34.62288 34.61415 34.631645 34.651886 34.647408 34.639744 34.656864 34.715466 34.63968 34.612556 34.615368 34.664894 34.639004 34.552395 34.677113 34.652817 34.595833 34.546227 34.55462 34.55169 34.54946 34.56249 34.715416 34.76004 34.94472 34.859753 34.89848 34.90456 34.891254 34.757126 34.734333 34.77372
34.616634 34.600513 34.49678 34.455902 34.427006 34.375153 34.56565 34.637432 34.63299 34.579044 34.556057 34.622387 34.68853 34.66179 34.643547 34.61316 34.58703 34.574978 34.589127 34.641003 34.64835 34.581486 34.477413 34.351 34.26748 34.252842 34.332058 34.568417 34.59867 34.574364 34.544964 34.555058 34.581387 34.60466 34.594433 34.59579 34.655994 34.723457 34.68821 34.683685 34.655197 34.611828 34.539288 34.648224 34.690784 34.61733 34.590416 34.54882 34.539818 34.5515 34.588078 34.713364 34.78363 34.877224 34.865658 34.904003 34.85427 34.77343 34.777462 34.819355 34.828613
34.64721 34.641502 34.54675 34.494926 34.41915 34.387756 34.59482 34.636776 34.628372 34.55876 34.555405 34.600655 34.64482 34.673622 34.674282 34.65972 34.64722 34.6533 34.653473 34.638214 34.6268 34.54453 34.36628 34.22373 34.159435 34.21111 34.252914 34.500145 34.5714 34.551777 34.511723 34.50238 34.50863 34.508385 34.501484 34.531456 34.591743 34.692623 34.71238 34.664722 34.65799 34.5854 34.522957 34.614582 34.68563 34.665134 34.604073 34.591236 34.575184 34.575886 34.681526 34.672024 34.895645 34.8439 34.85061 34.831757 34.791996 34.78616 34.840355 34.833736 34.814148
34.662247 34.64834 34.619457 34.532585 34.406494 34.5441 34.6189 34.63218 34.62155 34.567017 34.567554 34.599434 34.61143 34.608517 34.590824 34.580467 34.572906 34.55026 34.546257 34.538788 34.475742 34.26913 34.117275 34.083652 34.075718 34.14777 34.23055 34.41165 34.57036 34.582268 34.47381 34.448368 34.446293 34.438034 34.448193 34.497215 34.57313 34.646294 34.703915 34.66138 34.649513 34.531975 34.52357 34.618275 34.663574 34.71032 34.683556 34.65877 34.656307 34.657833 34.67403 34.895172 34.92331 34.86997 34.880898 34.88673 34.85342 34.78542 34.71811 34.677235 34.660137
34.66364 34.65068 34.642006 34.609367 34.60361 34.626762 34.6278 34.629658 34.61757 34.58398 34.591846 34.579266 34.59357 34.53989 34.45644 34.384907 34.322525 34.27475 34.224644 34.169056 34.10726 34.125294 34.254593 34.17742 34.090527 34.1105 34.18011 34.24882 34.399208 34.39641 34.3583 34.397583 34.421337 34.38618 34.364754 34.493694 34.567192 34.61386 34.700672 34.66973 34.6286 34.493114 34.530495 34.623886 34.651234 34.734623 34.709896 34.680275 34.72895 34.843727 34.950535 34.96731 34.96051 34.91588 34.72938 34.615814 34.576763 34.551117 34.53641 34.53697 34.55679
34.640434 34.649452 34.618717 34.6207 34.620686 34.618027 34.62404 34.625614 34.62286 34.585045 34.60536 34.595417 34.54877 34.40152 34.34787 34.25292 34.186546 34.169266 34.18869 34.25337 34.395615 34.509624 34.407246 34.284996 34.188374 34.1523 34.16969 34.206768 34.265945 34.32541 34.39965 34.450954 34.39608 34.3609 34.31272 34.499783 34.569473 34.60981 34.675716 34.664356 34.634773 34.48465 34.559547 34.62903 34.64245 34.676567 34.741955 34.786533 34.818195 34.867313 34.935993 34.825542 34.683655 34.627033 34.58671 34.4852 34.41561 34.3532 34.315445 34.35447 34.41799
34.63773 34.61318 34.62064 34.613167 34.6047 34.608074 34.611004 34.612396 34.617622 34.595875 34.59409 34.561954 34.397385 34.362583 34.212395 34.303402 34.380844 34.431244 34.487293 34.516033 34.435627 34.494133 34.493042 34.467003 34.46447 34.46646 34.454987 34.44997 34.45596 34.446793 34.4161 34.341183 34.384754 34.34148 34.29737 34.51372 34.551006 34.614594 34.64546 34.663147 34.61726 34.477863 34.548695 34.61411 34.629932 34.62071 34.631004 34.668472 34.72134 34.715134 34.672928 34.645393 34.60646 34.494274 34.515545 34.489132 34.32474 34.279472 34.28032 34.313683 34.43127
34.61179 34.604584 34.605896 34.594177 34.58774 34.602192 34.59914 34.598022 34.60905 34.596275 34.595432 34.421684 34.386356 34.284615 34.245533 34.491856 34.52834 34.362057 34.296303 34.382526 34.38224 34.362877 34.36381 34.38496 34.408566 34.425575 34.419426 34.4224 34.42219 34.426857 34.429157 34.434383 34.33444 34.285854 34.389706 34.518475 34.5504 34.57964 34.63686 34.64946 34.592407 34.47209 34.526108 34.60481 34.612442 34.621464 34.64244 34.645565 34.651966 34.64793 34.636696 34.586277 34.47569 34.655872 34.477745 34.33922 34.348392 34.347515 34.389122 34.39725 34.413548
34.59608 34.585423 34.584816 34.578033 34.521126 34.52662 34.58984 34.613068 34.613365 34.5316 34.424156 34.436527 34.376446 34.239822 34.181427 34.415184 34.46792 34.307613 34.251858 34.292427 34.36123 34.43508 34.47883 34.510162 34.477474 34.468163 34.443314 34.42307 34.415573 34.41308 34.431343 34.4387 34.28003 34.361725 34.453045 34.52741 34.552757 34.57362 34.605106 34.61939 34.564068 34.52742 34.543446 34.581932 34.599094 34.660137 34.633648 34.626522 34.633095 34.619095 34.558346 34.489006 34.71454 34.57221 34.385586 34.356396 34.373974 34.487434 34.560226 34.54684 34.506382
34.59018 34.587452 34.571346 34.58079 34.525017 34.46438 34.45848 34.466797 34.434345 34.423077 34.46128 34.494793 34.40923 34.21628 34.164963 34.273525 34.458656 34.29361 34.298325 34.402946 34.452892 34.45104 34.522625 34.4824 34.55302 34.512875 34.428417 34.401436 34.407257 34.408863 34.40313 34.368946 34.250904 34.29821 34.395252 34.49437 34.526608 34.560863 34.591785 34.632896 34.59593 34.57808 34.574463 34.623135 34.656258 34.648373 34.59679 34.556015 34.549763 34.5236 34.489517 34.71145 34.656643 34.474213 34.450787 34.335327 34.35441 34.475754 34.543022 34.53443 34.542572
