static/data/salinity/2023/7/26/6.asc
ncols 137
nrows 93
xllcorner 108.0
yllcorner 17.0
cellsize 0.25
NODATA_value -32767
[rows 54 to 80 of 93, columns 0 to 60 of 137]
-32767.0 -32767.0 -32767.0 -32767.0 -32767.0 -32767.0 -32767.0 -32767.0 -32767.0 -32767.0 -32767.0 -32767.0 -32767.0 -32767.0 -32767.0 -32767.0 -32767.0 -32767.0 -32767.0 -32767.0 -32767.0 -32767.0 -32767.0 -32767.0 -32767.0 -32767.0 -32767.0 -32767.0 -32767.0 -32767.0 -32767.0 -32767.0 -32767.0 -32767.0 -32767.0 -32767.0 -32767.0 -32767.0 -32767.0 -32767.0 -32767.0 -32767.0 -32767.0 -32767.0 -32767.0 -32767.0 -32767.0 -32767.0 34.196705 34.132977 33.868996 33.391552 33.019848 32.973938 33.150127 32.92163 32.781475 32.76344 32.845654 32.962322 33.09163
-32767.0 -32767.0 -32767.0 -32767.0 -32767.0 -32767.0 -32767.0 -32767.0 -32767.0 -32767.0 -32767.0 -32767.0 -32767.0 -32767.0 -32767.0 -32767.0 -32767.0 -32767.0 -32767.0 -32767.0 -32767.0 -32767.0 -32767.0 -32767.0 -32767.0 -32767.0 -32767.0 -32767.0 -32767.0 -32767.0 -32767.0 -32767.0 -32767.0 -32767.0 -32767.0 -32767.0 -32767.0 -32767.0 -32767.0 -32767.0 -32767.0 -32767.0 -32767.0 -32767.0 -32767.0 -32767.0 -32767.0 33.511425 -32767.0 34.03992 33.71942 33.240387 32.949726 32.691654 32.696377 32.77457 32.813473 32.715702 33.19226 33.5235 33.700394
-32767.0 -32767.0 -32767.0 -32767.0 -32767.0 -32767.0 -32767.0 -32767.0 -32767.0 -32767.0 -32767.0 -32767.0 -32767.0 -32767.0 -32767.0 -32767.0 -32767.0 -32767.0 -32767.0 -32767.0 -32767.0 -32767.0 -32767.0 -32767.0 -32767.0 -32767.0 -32767.0 -32767.0 -32767.0 -32767.0 -32767.0 -32767.0 -32767.0 -32767.0 -32767.0 -32767.0 -32767.0 -32767.0 -32767.0 -32767.0 -32767.0 -32767.0 -32767.0 -32767.0 -32767.0 -32767.0 -32767.0 33.433502 34.095303 33.862946 33.216114 33.16922 32.731056 32.69672 32.761444 32.645977 32.84724 33.50951 33.75584 34.27216 34.335453
-32767.0 -32767.0 -32767.0 -32767.0 -32767.0 -32767.0 -32767.0 -32767.0 -32767.0 -32767.0 -32767.0 -32767.0 -32767.0 -32767.0 -32767.0 -32767.0 -32767.0 -32767.0 -32767.0 -32767.0 -32767.0 -32767.0 -32767.0 -32767.0 -32767.0 -32767.0 -32767.0 -32767.0 -32767.0 -32767.0 -32767.0 -32767.0 -32767.0 -32767.0 -32767.0 -32767.0 -32767.0 -32767.0 -32767.0 -32767.0 -32767.0 -32767.0 -32767.0 -32767.0 -32767.0 -32767.0 -32767.0 33.98603 33.90447 33.70641 33.271767 32.998455 32.817993 33.102665 33.15576 33.337738 33.791424 33.773304 34.130993 34.234867 34.30589
-32767.0 -32767.0 -32767.0 -32767.0 -32767.0 -32767.0 -32767.0 -32767.0 -32767.0 -32767.0 -32767.0 -32767.0 -32767.0 -32767.0 -32767.0 -32767.0 -32767.0 -32767.0 -32767.0 -32767.0 -32767.0 -32767.0 -32767.0 -32767.0 -32767.0 -32767.0 -32767.0 -32767.0 -32767.0 -32767.0 -32767.0 -32767.0 -32767.0 -32767.0 -32767.0 -32767.0 -32767.0 -32767.0 -32767.0 -32767.0 -32767.0 -32767.0 -32767.0 -32767.0 -32767.0 31.525114 -32767.0 33.715275 33.823246 33.53261 33.388638 33.114716 32.79977 33.21661 33.090958 32.957996 33.01592 33.95609 34.08141 34.281395 34.33453
-32767.0 -32767.0 -32767.0 -32767.0 -32767.0 -32767.0 -32767.0 -32767.0 -32767.0 -32767.0 -32767.0 -32767.0 -32767.0 -32767.0 -32767.0 -32767.0 -32767.0 -32767.0 -32767.0 -32767.0 -32767.0 -32767.0 -32767.0 -32767.0 -32767.0 -32767.0 -32767.0 -32767.0 -32767.0 -32767.0 -32767.0 -32767.0 -32767.0 -32767.0 -32767.0 -32767.0 -32767.0 -32767.0 -32767.0 -32767.0 -32767.0 -32767.0 -32767.0 -32767.0 -32767.0 -32767.0 33.842056 33.784332 33.639225 33.13383 33.137775 33.071644 32.739326 32.781704 32.78306 32.846497 32.889267 33.47225 34.264908 34.304317 34.289944
-32767.0 -32767.0 -32767.0 -32767.0 -32767.0 -32767.0 -32767.0 -32767.0 -32767.0 -32767.0 -32767.0 -32767.0 -32767.0 -32767.0 -32767.0 -32767.0 -32767.0 -32767.0 -32767.0 -32767.0 -32767.0 -32767.0 -32767.0 -32767.0 -32767.0 -32767.0 -32767.0 -32767.0 -32767.0 -32767.0 -32767.0 -32767.0 -32767.0 -32767.0 -32767.0 -32767.0 -32767.0 -32767.0 -32767.0 -32767.0 -32767.0 -32767.0 -32767.0 -32767.0 33.483677 33.95856 33.861942 33.132565 33.247673 33.002068 33.231956 32.947197 -32767.0 -32767.0 -32767.0 -32767.0 32.80687 34.141987 34.254147 34.26054 34.24614
-32767.0 -32767.0 -32767.0 -32767.0 -32767.0 -32767.0 -32767.0 -32767.0 -32767.0 -32767.0 -32767.0 -32767.0 -32767.0 -32767.0 -32767.0 -32767.0 -32767.0 -32767.0 -32767.0 -32767.0 -32767.0 -32767.0 -32767.0 -32767.0 -32767.0 -32767.0 -32767.0 -32767.0 -32767.0 -32767.0 -32767.0 -32767.0 -32767.0 -32767.0 -32767.0 -32767.0 -32767.0 -32767.0 -32767.0 -32767.0 -32767.0 -32767.0 -32767.0 33.618763 33.93336 33.763912 33.473324 32.791477 32.77932 32.855213 33.205963 32.828342 -32767.0 -32767.0 -32767.0 -32767.0 33.795185 34.229187 34.249943 34.24618 34.32386
-32767.0 -32767.0 -32767.0 -32767.0 -32767.0 -32767.0 -32767.0 -32767.0 -32767.0 -32767.0 -32767.0 -32767.0 -32767.0 -32767.0 -32767.0 -32767.0 -32767.0 -32767.0 -32767.0 -32767.0 -32767.0 -32767.0 -32767.0 -32767.0 -32767.0 -32767.0 -32767.0 -32767.0 -32767.0 -32767.0 -32767.0 -32767.0 -32767.0 -32767.0 -32767.0 -32767.0 -32767.0 -32767.0 -32767.0 -32767.0 -32767.0 33.343204 33.328957 33.827343 33.36642 32.717896 32.967796 32.72375 32.66123 32.749165 32.8438 -32767.0 -32767.0 -32767.0 -32767.0 -32767.0 33.952427 34.181194 34.216713 34.34688 34.329777
-32767.0 -32767.0 -32767.0 -32767.0 -32767.0 -32767.0 -32767.0 -32767.0 -32767.0 -32767.0 -32767.0 -32767.0 -32767.0 -32767.0 -32767.0 -32767.0 -32767.0 -32767.0 -32767.0 -32767.0 -32767.0 -32767.0 -32767.0 -32767.0 -32767.0 -32767.0 -32767.0 -32767.0 -32767.0 -32767.0 -32767.0 -32767.0 -32767.0 -32767.0 -32767.0 -32767.0 -32767.0 -32767.0 -32767.0 -32767.0 -32767.0 33.66202 33.620163 32.98938 32.413437 32.724655 33.006107 32.78735 33.12497 32.977478 32.637806 -32767.0 -32767.0 -32767.0 -32767.0 33.829113 33.985523 34.20295 34.24773 34.30092 34.33892
-32767.0 -32767.0 -32767.0 -32767.0 -32767.0 -32767.0 -32767.0 -32767.0 -32767.0 -32767.0 -32767.0 -32767.0 -32767.0 -32767.0 -32767.0 -32767.0 -32767.0 -32767.0 -32767.0 -32767.0 -32767.0 -32767.0 -32767.0 -32767.0 -32767.0 -32767.0 -32767.0 -32767.0 -32767.0 -32767.0 -32767.0 -32767.0 -32767.0 -32767.0 -32767.0 -32767.0 -32767.0 -32767.0 -32767.0 33.279247 33.5145 33.547207 33.491 32.170006 32.35769 32.776966 32.770527 32.851883 32.889484 32.34639 -32767.0 -32767.0 -32767.0 -32767.0 -32767.0 34.153877 34.044865 34.148567 34.32415 34.359356 34.382965
-32767.0 -32767.0 -32767.0 -32767.0 -32767.0 -32767.0 -32767.0 -32767.0 -32767.0 -32767.0 -32767.0 -32767.0 -32767.0 -32767.0 -32767.0 -32767.0 -32767.0 -32767.0 -32767.0 -32767.0 -32767.0 -32767.0 -32767.0 -32767.0 -32767.0 -32767.0 -32767.0 -32767.0 -32767.0 -32767.0 -32767.0 -32767.0 -32767.0 -32767.0 -32767.0 -32767.0 -32767.0 -32767.0 33.146896 33.39737 33.546494 33.543797 33.03037 31.972557 32.280777 32.669056 32.800102 32.73411 32.115276 32.285065 -32767.0 -32767.0 -32767.0 -32767.0 -32767.0 34.176598 34.1706 34.190342 34.455612 34.395157 34.343212
-32767.0 -32767.0 -32767.0 -32767.0 -32767.0 -32767.0 -32767.0 -32767.0 -32767.0 -32767.0 -32767.0 -32767.0 -32767.0 -32767.0 -32767.0 -32767.0 -32767.0 -32767.0 -32767.0 -32767.0 -32767.0 -32767.0 -32767.0 -32767.0 -32767.0 -32767.0 -32767.0 -32767.0 -32767.0 -32767.0 -32767.0 -32767.0 -32767.0 -32767.0 -32767.0 -32767.0 32.67068 33.37711 33.711933 33.67617 33.568798 33.145363 32.796364 32.500854 32.00205 32.899456 -32767.0 32.75031 32.698936 -32767.0 -32767.0 -32767.0 -32767.0 -32767.0 34.02446 34.146408 34.222355 34.252995 34.37687 34.351128 34.304077
-32767.0 -32767.0 -32767.0 -32767.0 -32767.0 -32767.0 -32767.0 -32767.0 -32767.0 -32767.0 -32767.0 -32767.0 -32767.0 -32767.0 -32767.0 -32767.0 -32767.0 -32767.0 -32767.0 -32767.0 -32767.0 -32767.0 -32767.0 -32767.0 -32767.0 -32767.0 -32767.0 -32767.0 -32767.0 -32767.0 -32767.0 -32767.0 -32767.0 -32767.0 -32767.0 33.287537 33.850544 32.824123 33.072166 33.4338 33.154545 33.490757 33.55884 33.087307 31.885616 33.536053 -32767.0 33.4131 32.529797 -32767.0 -32767.0 -32767.0 -32767.0 -32767.0 34.038395 34.176674 34.2462 34.29086 34.26758 34.33851 34.326008
-32767.0 -32767.0 -32767.0 -32767.0 -32767.0 -32767.0 -32767.0 -32767.0 -32767.0 -32767.0 -32767.0 -32767.0 -32767.0 -32767.0 -32767.0 -32767.0 -32767.0 -32767.0 -32767.0 -32767.0 -32767.0 -32767.0 -32767.0 -32767.0 -32767.0 -32767.0 -32767.0 -32767.0 -32767.0 -32767.0 -32767.0 -32767.0 -32767.0 -32767.0 -32767.0 32.33382 31.60891 33.31433 33.7019 33.591797 33.787277 33.727818 32.989887 32.325478 33.37797 33.52983 33.451954 33.733086 30.680065 -32767.0 -32767.0 -32767.0 -32767.0 -32767.0 34.28219 34.26137 34.28598 34.29483 34.358345 34.334606 34.339195
-32767.0 -32767.0 -32767.0 -32767.0 -32767.0 -32767.0 -32767.0 -32767.0 -32767.0 -32767.0 -32767.0 -32767.0 -32767.0 -32767.0 -32767.0 -32767.0 -32767.0 -32767.0 -32767.0 -32767.0 -32767.0 -32767.0 -32767.0 -32767.0 -32767.0 -32767.0 -32767.0 25.30509 -32767.0 28.185633 -32767.0 29.43512 30.147266 31.115412 31.087309 31.394222 32.302425 33.439804 33.800648 33.78398 33.908997 33.604916 33.206642 32.991886 33.501667 33.553486 33.584297 33.934307 31.241722 -32767.0 -32767.0 -32767.0 -32767.0 34.145668 34.275036 34.34805 34.326885 34.356224 34.341858 34.32892 34.336193
-32767.0 -32767.0 -32767.0 -32767.0 -32767.0 -32767.0 -32767.0 -32767.0 -32767.0 -32767.0 -32767.0 -32767.0 -32767.0 -32767.0 -32767.0 -32767.0 -32767.0 -32767.0 -32767.0 -32767.0 -32767.0 -32767.0 -32767.0 9.626889 -32767.0 -32767.0 29.300465 28.470215 28.589943 29.306437 28.81947 29.639748 29.68679 30.032267 30.58437 32.35982 33.483753 33.850624 33.84458 33.825947 33.78436 33.743324 33.71037 33.695145 33.665565 33.69092 33.72655 33.99435 32.313618 31.242231 -32767.0 -32767.0 33.711617 34.16906 34.42094 34.40103 34.36445 34.382687 34.351585 34.344315 34.394936
-32767.0 -32767.0 -32767.0 -32767.0 -32767.0 -32767.0 -32767.0 -32767.0 -32767.0 -32767.0 -32767.0 -32767.0 -32767.0 -32767.0 -32767.0 -32767.0 -32767.0 -32767.0 -32767.0 -32767.0 -32767.0 -32767.0 -32767.0 17.803602 9.132675 25.91754 27.109694 28.214792 28.472168 29.975336 32.749695 33.44598 33.553368 33.303352 33.701454 33.841763 33.834045 33.778996 33.737465 33.747547 33.679134 33.69454 33.738815 33.86674 34.025715 34.03235 33.987057 33.93373 34.090267 33.646362 31.45102 -32767.0 33.633846 34.264122 34.384804 34.39336 34.335327 34.41679 34.423958 34.43536 34.47774
-32767.0 -32767.0 -32767.0 -32767.0 -32767.0 -32767.0 -32767.0 -32767.0 -32767.0 -32767.0 -32767.0 -32767.0 -32767.0 -32767.0 -32767.0 -32767.0 -32767.0 -32767.0 -32767.0 -32767.0 13.794765 19.482317 19.096859 24.609575 27.9161 -32767.0 30.744078 31.573786 33.76081 33.665318 33.814957 33.873985 33.866924 33.868008 33.87657 33.782734 33.659264 33.602436 33.590885 33.639423 33.76213 34.01894 34.305725 34.251316 34.186577 34.194717 34.175076 34.170895 34.175446 34.21459 33.118866 -32767.0 33.65405 34.328606 34.451237 34.371128 34.34339 34.44854 34.41985 34.457855 34.578
-32767.0 -32767.0 32.40655 -32767.0 -32767.0 -32767.0 -32767.0 -32767.0 -32767.0 -32767.0 -32767.0 -32767.0 -32767.0 -32767.0 -32767.0 -32767.0 29.420584 -32767.0 25.017714 23.749607 22.615969 30.4486 29.515678 31.135962 29.79532 32.826435 33.74591 33.807976 33.853397 33.838142 33.849968 33.866673 33.866108 33.875004 33.87226 33.80202 33.737885 33.792084 33.80798 34.141678 34.266792 34.265408 34.153114 34.28796 34.279247 34.29401 34.279335 34.227512 34.173824 34.20648 34.18099 34.14068 34.310547 34.349987 34.365536 34.37166 34.335526 34.393337 34.37335 34.50733 34.62765
-32767.0 31.916489 32.00525 31.870302 31.719929 -32767.0 31.898624 31.87932 -32767.0 -32767.0 -32767.0 -32767.0 -32767.0 32.694664 32.019318 30.938305 31.683031 28.972675 29.22749 27.410547 26.464083 32.220127 31.922506 33.246414 33.629745 33.751133 33.890858 33.896996 33.86855 33.87871 33.936977 33.953987 33.99023 34.07833 34.09239 34.067482 34.09889 34.117645 34.22044 34.257874 34.24364 34.10923 34.199165 34.260616 34.26149 34.27372 34.253754 34.22946 34.221066 34.20624 34.117706 34.155853 34.28854 34.367817 34.384537 34.37944 34.360283 34.400173 34.479755 34.608402 34.65452
32.391273 32.403976 32.767944 32.499554 32.253143 32.175232 32.033012 31.927843 -32767.0 -32767.0 -32767.0 33.034264 33.132816 33.092518 33.35632 33.42671 33.774845 33.609936 33.635494 32.680164 33.312492 33.666885 33.646633 33.60131 33.592896 33.89133 33.942783 33.90698 33.902985 33.96342 34.13995 34.20441 34.253384 34.270416 34.26105 34.198856 34.163662 34.22087 34.266068 34.237152 34.124348 34.134216 34.042313 34.10812 34.204494 34.200855 34.22231 34.20728 34.072742 33.853462 33.71582 33.690407 34.021824 34.402397 34.415203 34.4356 34.484165 34.553883 34.56867 34.63423 34.679886
32.602768 32.953262 33.00871 32.992203 32.79018 32.515354 32.165424 -32767.0 -32767.0 31.064459 -32767.0 33.15228 33.36741 33.75042 33.77714 33.798935 33.859165 33.80944 33.681675 33.621994 33.593853 33.555088 33.551605 33.690117 33.590733 33.919506 33.95481 33.93497 33.919586 34.091534 34.15346 34.271366 34.303524 34.29998 34.31035 34.23914 34.219746 34.2475 34.213917 34.247948 34.179882 34.183815 34.09876 34.168182 34.138058 34.04702 34.063446 34.05708 33.93225 33.74073 33.605972 33.53488 33.642918 34.342052 34.419224 34.492123 34.536625 34.52266 34.49408 34.590515 34.63248
32.991116 33.11045 33.100494 33.04359 32.995567 32.67105 32.319527 32.080868 -32767.0 -32767.0 32.52876 32.772408 33.14887 33.549225 33.84272 33.80742 33.718765 33.69438 33.693653 33.624958 33.624115 33.544533 33.545227 33.700935 33.685947 33.93447 33.98363 33.957066 33.98493 34.082104 34.206062 34.33808 34.365784 34.352818 34.352676 34.33984 34.2462 34.255596 34.22871 34.220848 34.28215 34.259415 34.21151 34.028408 33.86537 33.948826 34.13328 34.096123 33.896023 33.624245 33.557972 33.612278 34.12623 34.467564 34.463326 34.515953 34.534035 34.50141 34.52347 34.634968 34.640022
33.183735 33.062458 33.037743 32.988045 32.99967 32.78466 32.485706 32.189873 -32767.0 -32767.0 32.593796 32.579094 32.761692 33.736355 33.847294 33.865635 33.834377 33.871223 33.850735 33.767 33.758427 33.504826 33.570374 33.736404 33.811226 33.923717 33.956978 33.96719 34.000965 34.04213 34.216774 34.352554 34.334564 34.391636 34.28463 34.25409 34.24072 34.294147 34.326557 34.35433 34.30915 34.18417 33.91782 33.6934 33.943836 34.038006 34.03007 34.038826 33.82425 33.628487 33.939415 34.403404 34.536873 34.40366 34.42461 34.48913 -32767.0 34.519684 34.604984 34.611763 34.61641
33.20256 33.201176 33.28053 33.090897 32.958523 32.83592 32.671566 32.2867 32.37777 32.49992 32.51912 32.546665 32.61249 32.67194 33.617023 33.899887 33.81341 33.683697 33.584663 33.5758 33.50223 33.537086 33.508583 33.767017 33.90878 33.952896 33.927017 33.90179 33.94744 34.072014 34.34907 34.257473 34.270905 34.252472 34.217476 34.261585 34.36324 34.381252 34.37366 34.345116 34.254948 34.09523 33.91563 33.70215 34.12079 34.062088 34.038914 33.97766 33.546158 33.983696 34.56241 34.45628 34.50571 34.437378 34.456276 34.45793 34.525616 34.603207 34.59832 34.597794 34.594776
33.365902 33.294514 33.362923 33.347416 32.949097 32.863907 32.76945 32.714424 32.583225 -32767.0 -32767.0 -32767.0 32.652813 33.536594 33.5665 33.590637 33.581696 33.55343 33.560776 33.636486 33.48875 33.430996 33.55461 33.852932 33.95584 33.869827 33.895405 33.937572 34.02472 34.252876 34.316532 34.26337 34.24551 34.270958 34.30958 34.33992 34.329407 34.302086 34.302284 34.32318 34.288383 34.188087 34.14216 33.74836 33.926003 34.11704 34.086273 33.782074 33.610226 34.38835 34.39078 34.432304 34.504322 34.554012 34.59928 34.65319 34.574413 34.577236 34.595848 34.593147 34.597412
