static/data/seaWind_uo/2023/7/9/0.asc
ncols 137
nrows 93
xllcorner 108.0
yllcorner 17.0
cellsize 0.25
NODATA_value -32767
[rows 57 to 75 of 93, columns 86 to 128 of 137]
-0.34707639063592266 -0.3719022490450601 -0.39192310260081564 -0.45679066812146374 -0.5584966041847026 -0.7338792813331223 -0.9957520458424063 -1.315284868592267 -1.6500335400445016 -1.8822754412912672 -2.0208197478970966 -2.145749874085012 -2.2410491370104086 -2.3395517365047267 -2.478896877252786 -2.6222461887119963 -2.816048051131711 -2.9401773431773965 -2.945783182173008 -2.9225589920483315 -2.8977331336391945 -2.906542309203727 -2.960198196733152 -3.008248245266966 -3.0066465769825053 -2.9369740066084757 -2.8224547242695532 -2.659084559254587 -2.503722735661923 -2.366780097340554 -2.2450533077215598 -2.0968989914089677 -1.9679646945099014 -1.8686612608733535 -1.8502420756020581 -1.9615580213720596 -2.1193223473914142 -2.349161746211489 -2.6158395155741547 -2.9882273917112103 -3.3429969167192004 -3.5912555008105707 -3.691359768589349
-0.8347843832541308 -0.8500002319565052 -0.8355852173963612 -0.8836352659301747 -0.9845403678511833 -1.1871514058354304 -1.4666425214737797 -1.814204539201698 -2.1505548789383933 -2.4348509994301235 -2.5926153254494784 -2.679906246952573 -2.7311596320553075 -2.8072388755671787 -2.8769114459412086 -2.9994390697024333 -3.0955391667700605 -3.0683108059342326 -3.077119981498765 -3.0955391667700605 -3.1051491764768233 -3.171618410281932 -3.2132617856779038 -3.211660117393443 -3.158004229864018 -3.0667091376497724 -2.888923958074662 -2.702329602935019 -2.552573618337967 -2.479697711395016 -2.3771909411895473 -2.2602691564239343 -2.1385423668049395 -2.1057081669735003 -2.144148205800551 -2.298709195250985 -2.5725944718937224 -2.8400730753986183 -3.1900375955532274 -3.556819632694671 -3.874750787160071 -4.037320118032807 -4.106992688406836
-1.3104798637388855 -1.2648323176317626 -1.2400064592226254 -1.2480148006449279 -1.3609324146993897 -1.6252076816353644 -1.9935913870612687 -2.343555907215878 -2.6751012420991915 -2.9417790114618567 -3.0595016303697005 -3.1307758690281906 -3.175622580993083 -3.1916392638376876 -3.2525026586471846 -3.2629135024961777 -3.2701210097762496 -3.2268759660958177 -3.2797310194830125 -3.3013535413232287 -3.359013599563805 -3.420677828515532 -3.430287838222295 -3.34139524843474 -3.254104326931645 -3.0939374984856 -2.9145506506260292 -2.7399688076198396 -2.595017827876169 -2.5445652769156646 -2.5093285746575344 -2.408423472736526 -2.394008458176382 -2.397211794745303 -2.5349552672089017 -2.7848155195847326 -3.0739166449298443 -3.4134703212354602 -3.7650365096745295 -4.056540137446333 -4.310404560533314 -4.420118838018855 -4.427326345298927
-1.6476310376178107 -1.6027843256529182 -1.5611409502569464 -1.591572647661695 -1.8182087099128492 -2.178584073916451 -2.541361940346744 -2.8592930948121436 -3.186834258984306 -3.354208594710424 -3.4431011844979786 -3.4671262087648858 -3.4358936772179067 -3.453512028346972 -3.4703295453338066 -3.4735328819027274 -3.416673657804381 -3.4070636480976186 -3.457516199058123 -3.546408788845678 -3.6080730177974054 -3.616882193361938 -3.534396276712225 -3.355810262994884 -3.1844317565576157 -3.0282690988227214 -2.9497873528841594 -2.8024338707137977 -2.6863129200904146 -2.643067876409982 -2.6134370131474642 -2.623847856996457 -2.612636179005234 -2.785616353726963 -2.998638235560203 -3.3149677217411426 -3.684152261309277 -4.021303435188202 -4.253545336434968 -4.50821059366418 -4.666775753825765 -4.747660002191018 -4.7444566656220974
-1.9399354995318436 -1.8734662657267347 -1.831822890330763 -2.001599728483571 -2.3035142001043662 -2.7039312712194796 -3.073115810787614 -3.391046965253014 -3.551213793699059 -3.6929614368738095 -3.733803978127551 -3.701770612438342 -3.6657330760379816 -3.6721397491758236 -3.6889572661626584 -3.6873555978781978 -3.6513180614778378 -3.6537205639045283 -3.6441105541977654 -3.733803978127551 -3.73140147570086 -3.7281981391319396 -3.4855453940361807 -3.221270127100206 -3.0611032986541606 -3.0514932889473982 -2.973812377151066 -2.9393765090351662 -2.8400730753986183 -2.781612183015812 -2.7808113488735815 -2.791222192722574 -2.9794182161466773 -3.1844317565576157 -3.5119729207297783 -3.920398333267194 -4.288782038693098 -4.517820603370943 -4.751664172902169 -4.867785123525552 -4.979901903437783 -5.047171971385122 -5.023947781260446
-2.143347371658321 -2.0816831427065936 -2.21061743960566 -2.4060209703098354 -2.7663963343134372 -3.1724192444241623 -3.540002115707836 -3.7289989732741695 -3.8827591285823733 -3.9300083429739567 -3.9412200209651798 -3.914792494271582 -3.946025025818561 -3.9500291965297123 -4.010091757196979 -4.006087586485828 -3.9972784109212958 -3.9228008356938844 -3.8803566261556828 -3.7602315048211485 -3.7506214951143857 -3.645712222482226 -3.3550094288526537 -3.0995433374812116 -3.0651074693653118 -3.0643066352230814 -3.1451908835883344 -3.136381708023802 -3.045086615809556 -2.9650032015865335 -2.9802190502889077 -3.1179625227525065 -3.3149677217411426 -3.6529197297622984 -4.044527625312879 -4.488990574250654 -4.8029175580049035 -5.022346112975986 -5.120047878328073 -5.219351311964621 -5.281816375058579 -5.313849740747788 -5.295430555476493
-2.318730048806741 -2.366780097340554 -2.5237435892176787 -2.842475577825309 -3.230880136806969 -3.6088738519396357 -3.8491240946087037 -4.018900932761512 -4.080565161713239 -4.114200195686909 -4.12060686882475 -4.151839400371729 -4.204694453758924 -4.293587043546479 -4.369666287058351 -4.402500486889791 -4.352848770071516 -4.164652746647413 -3.909987489418201 -3.7610323389633784 -3.6713389150335933 -3.5504129595568292 -3.30535771203438 -3.101945839907902 -3.1147591861835857 -3.2525026586471846 -3.3606152678482655 -3.3782336189773305 -3.288540195047545 -3.2260751319535874 -3.282133521909703 -3.434292008933446 -3.7145839587140257 -4.077361825144318 -4.5514556373446124 -4.979901903437783 -5.2609946873605935 -5.4003398281086525 -5.485228247185057 -5.536481632287791 -5.579726675968223 -5.608556705088511 -5.578925841825993
-2.581403647458255 -2.6678937348191196 -2.9049406409192664 -3.2476976537938036 -3.640907217628845 -3.950830030671942 -4.146233561376118 -4.239931156017054 -4.275968692417415 -4.284777867981947 -4.33282791651576 -4.436135520863459 -4.54344729592231 -4.657966578261233 -4.738049992484255 -4.75566834361332 -4.586692339602742 -4.2591511754305795 -3.9436225233918707 -3.7570281682522273 -3.6721397491758236 -3.627293037210931 -3.44790618935136 -3.291743531616466 -3.334187741154668 -3.495956237885174 -3.6393055493443844 -3.6561230663312188 -3.5696329789703545 -3.5656288082592034 -3.628093871353161 -3.8138873923505736 -4.114200195686909 -4.510613096090871 -5.011935269126992 -5.3827214769795875 -5.601349197808439 -5.731084328849736 -5.798354396797075 -5.826383591775134 -5.8544127867531905 -5.861620294033263 -5.799956065081536
-2.7840146854425023 -2.942579845604087 -3.2340834733758896 -3.62328886649978 -4.027710108326044 -4.316811233671156 -4.4705713889793595 -4.533036452073317 -4.546650632491231 -4.555459808055764 -4.631539051567636 -4.761274182608932 -4.871789294236703 -4.9510718743174955 -4.975096898584402 -4.907025996494832 -4.685194939097061 -4.301595384968781 -4.0076892547702885 -3.8491240946087037 -3.790663202225897 -3.7682398462434508 -3.743413987834314 -3.6617289053268305 -3.6745422516025146 -3.803476548501581 -3.946025025818561 -3.988469235356763 -3.9155933284138125 -3.924402503978345 -3.9996809133479863 -4.2006902830477735 -4.5154181009442524 -4.903822659925912 -5.349086443005918 -5.6654159291868575 -5.896856996291393 -6.039405473608373 -6.111480546409094 -6.13230223410708 -6.109878878124633 -6.065833000301971 -6.001766268923553
-3.0090490794091957 -3.2260751319535874 -3.535997944996685 -3.9051824845648193 -4.280773697270796 -4.599505685878426 -4.780494202022457 -4.862980118672171 -4.903822659925912 -4.935856025615121 -5.014337771553683 -5.140068731883829 -5.225757985102463 -5.204936297404477 -5.133662058745987 -4.962283552308719 -4.714024968217348 -4.372869623627272 -4.172661088069715 -4.04853179602403 -4.0253076058993535 -4.04853179602403 -4.089374337277771 -4.026108440041583 -4.078963493428779 -4.195885278194392 -4.299192882542091 -4.310404560533314 -4.266358682710652 -4.307201223964393 -4.384081301618495 -4.5642689836202965 -4.846963435827566 -5.224156316818003 -5.633382563497648 -5.9441062106829765 -6.189962292347656 -6.3261040965267945 -6.37975998405622 -6.372552476776148 -6.318896589246722 -6.246821516446002 -6.1643355997962885
-3.1988467711177595 -3.430287838222295 -3.7458164902610047 -4.0973826787000736 -4.459359710988136 -4.818133406707277 -5.051976976238504 -5.241774667947068 -5.317053077316709 -5.349086443005918 -5.385924813548508 -5.456398218064768 -5.466008227771531 -5.412352340242106 -5.220952980249082 -4.99992275699354 -4.742054163195406 -4.522625608224324 -4.356852940782668 -4.3176120678133865 -4.325620409235689 -4.419318003876625 -4.418517169734395 -4.379276296765114 -4.497799749815187 -4.601908188305117 -4.65075907098116 -4.658767412403463 -4.644352397843319 -4.673182426963606 -4.7404524949109454 -4.880598469801235 -5.14247123431052 -5.46440655948707 -5.880039479304559 -6.229203165316937 -6.468652573843775 -6.600790207311762 -6.6360269095698925 -6.616806890156367 -6.549536822209028 -6.460644232421473 -6.359739130500464
-3.3742294482661794 -3.55521796441021 -3.857132436031006 -4.145432727233888 -4.513015598517562 -4.911030167205984 -5.267401360498434 -5.478020739904984 -5.687038451027074 -5.756711021401103 -5.783138548094701 -5.763117694538945 -5.730283494707505 -5.554099983416856 -5.349887277148149 -5.088815346781095 -4.813328401853896 -4.615522368723031 -4.557061476340223 -4.539443125211159 -4.673182426963606 -4.780494202022457 -4.770083358173464 -4.78770170930253 -4.894212650219149 -4.965486888877639 -5.007130264273611 -4.992715249713467 -4.979101069295553 -5.009532766700302 -5.063188654229727 -5.200932126693326 -5.415555676811026 -5.726279323996355 -6.137908073102691 -6.515100954093128 -6.733728674921979 -6.826625435420686 -6.857857966967664 -6.813812089145003 -6.740936182202052 -6.652844426556728 -6.558345997773561
-3.5223837645787714 -3.6489155590511473 -3.816289894777264 -4.079764327571009 -4.455355540276985 -4.8982168209303 -5.340277267441385 -5.718270982574053 -5.968932069092114 -6.082650517288806 -6.101069702560101 -6.06022716130636 -5.965728732523193 -5.739893504414269 -5.451593213211387 -5.169699595146348 -4.89901765507253 -4.7308424852041835 -4.722834143781881 -4.829345084698501 -4.947868537748574 -5.051976976238504 -5.0679936590831085 -5.124852883181454 -5.254588014222751 -5.334671428445773 -5.331468091876853 -5.28261720920081 -5.273808033636277 -5.292227218907572 -5.333870594303544 -5.469211564340452 -5.697449294876066 -5.995359595785711 -6.386166657194061 -6.73452950906421 -6.929132205626155 -7.007613951564718 -7.0228298002670915 -6.992398102862342 -6.9283313714839245 -6.8522521279720525 -6.764961206468959
-3.699368110011651 -3.7650365096745295 -3.843518255613092 -4.065349313010865 -4.373670457769502 -4.850166772396487 -5.371509798988365 -5.823180255206212 -6.113082214693554 -6.318095755104492 -6.340519111086938 -6.290867394268664 -6.16753893636521 -5.918479518131609 -5.584531680821605 -5.267401360498434 -5.020744444691525 -4.903822659925912 -4.957478547455337 -5.055981146949655 -5.164894590292966 -5.259393019076132 -5.311447238321097 -5.451593213211387 -5.579726675968223 -5.643793407346641 -5.627776724502037 -5.562909158981388 -5.527672456723259 -5.531676627434409 -5.584531680821605 -5.725478489854124 -5.95932205938535 -6.266041535859527 -6.6224127291519785 -6.889090498514644 -7.075684853654286 -7.134145746037094 -7.156569102019539 -7.145357424028315 -7.100510712063423 -7.041248985538386 -7.007613951564718
-3.927605840547266 -3.9612408745209353 -4.008490088912518 -4.175063590496405 -4.484986403539503 -4.876594299090084 -5.396335657397501 -5.865624464744414 -6.216389819041254 -6.447830886145789 -6.547134319782337 -6.502287607817444 -6.322099925815643 -6.0666338344442 -5.70866097286729 -5.340277267441385 -5.102429527199009 -5.049574473811813 -5.112039536905771 -5.210542136400089 -5.333870594303544 -5.454796549780308 -5.574921671114842 -5.717470148431822 -5.852811118468731 -5.909670342567077 -5.894454493864702 -5.821578586921752 -5.774329372530168 -5.731084328849736 -5.783138548094701 -5.944907044825206 -6.184356453352044 -6.484669256688379 -6.80900708429162 -7.065274009805293 -7.190204135993209 -7.2430591893804035 -7.280698394065224 -7.289507569629757 -7.2566733697983175 -7.2566733697983175 -7.225440838251339
-4.209499458612306 -4.283977033839717 -4.345641262791444 -4.5066089253797195 -4.739651660768716 -5.123251214896994 -5.522867451869877 -5.950512883820818 -6.304481574686578 -6.545532651497876 -6.652043592414497 -6.598387704885072 -6.404585842465357 -6.158729760800677 -5.77753270909909 -5.405945667104264 -5.182512941422031 -5.134462892888218 -5.168898761004117 -5.2834180433430395 -5.461203222918149 -5.655805919480095 -5.779134377383549 -5.927288693696141 -6.057824658879669 -6.139509741387151 -6.149920585236145 -6.061828829590819 -6.007372107919164 -5.963326230096502 -5.985749586078948 -6.13470473653377 -6.351730789078162 -6.6184085584408265 -6.931534708052846 -7.15576826787731 -7.276694223354074 -7.351171798581484 -7.40322601782645 -7.429653544520047 -7.435259383515659 -7.443267724937961 -7.469695251631558
-4.5874931737449725 -4.726037480350802 -4.804519226289364 -4.912631835490444 -5.100827858914547 -5.329065589450162 -5.641390904919951 -6.003367937208013 -6.407789179034277 -6.669661943543561 -6.776172884460182 -6.710504484797303 -6.539926812502264 -6.309286579539959 -5.95691955695866 -5.623772553790886 -5.3514889454326084 -5.134462892888218 -5.111238702763541 -5.277812204347428 -5.4812240764739055 -5.720673485000743 -5.950512883820818 -6.1106797122668635 -6.23961400916593 -6.319697423388952 -6.359739130500464 -6.318896589246722 -6.270045706570679 -6.234809004312549 -6.249224018872693 -6.338116608660248 -6.511096783381976 -6.692085299526008 -6.964368907884285 -7.200614979842202 -7.355175969292636 -7.44086522251127 -7.511338627027529 -7.516944466023141 -7.5345628171522065 -7.609841226521848 -7.669102953046885
-4.929449352477279 -5.1488779074483615 -5.25138467765383 -5.305040565183256 -5.373912301415055 -5.508452437309733 -5.737491001987578 -6.042608810177294 -6.407789179034277 -6.644836085134424 -6.753749528477735 -6.7665628747534186 -6.724118665215217 -6.635226075427662 -6.350129120793701 -5.998562932354632 -5.610959207515203 -5.28902388233865 -5.14487373673721 -5.223355482675773 -5.335472262588004 -5.660610924333476 -5.986550420221178 -6.223597326321325 -6.372552476776148 -6.475059246981616 -6.52471096379989 -6.535922641791114 -6.4878725932573005 -6.460644232421473 -6.495880934679603 -6.582371022040467 -6.675267782539173 -6.742537850486512 -6.953958064035293 -7.182195794570907 -7.357578471719327 -7.4632885784937155 -7.532961148867745 -7.617048733801919 -7.719555504007388 -7.83247311806185 -7.906950693289261
-5.210542136400089 -5.492435754465129 -5.619768383079735 -5.640590070777721 -5.6165650465108135 -5.657407587764555 -5.735889333703117 -5.95691955695866 -6.298074901548736 -6.572761012333704 -6.772969547891261 -6.964368907884285 -7.036443980685005 -6.827426269562917 -6.3621416329271545 -5.964127064238732 -5.621370051364195 -5.374713135557285 -5.25138467765383 -5.187317946275412 -5.080006171216562 -5.42836902308671 -5.900861167002544 -6.286863223557513 -6.48867342739953 -6.635226075427662 -6.696890304379389 -6.704898645801691 -6.637628577854352 -6.582371022040467 -6.572761012333704 -6.637628577854352 -6.742537850486512 -6.80660458186493 -6.924327200772774 -7.118929897334718 -7.3191384328922755 -7.4624877443514865 -7.525753641587674 -7.680314631038108 -7.860502313039909 -7.987034107512285 -8.063113351024155
