static/data/seaWind_uo/2023/7/9/12.asc
ncols 137
nrows 93
xllcorner 108.0
yllcorner 17.0
cellsize 0.25
NODATA_value -32767
[rows 38 to 56 of 93, columns 0 to 41 of 137]
-1.0109678945447806 -0.8724235879389515 -0.8556060709521167 -1.026183743247155 -0.7627093104534104 -0.5056415507975078 -0.2830096592575049 0.17106329938703357 0.7724897402019337 1.0103374804443113 1.1256575969254636 1.1753093137437376 0.1982916602228615 -0.24296795214599332 -0.030746904454983515 0.649962116440709 1.3426836494698553 1.3811236882969062 1.1384709432011473 0.6203312531781906 -0.08119945541548779 -0.5360732482022563 -0.7354809496175827 -1.1655288839952145 -1.903097128989253 -2.902538138492576 -3.3125652193144517 -3.1139583520413554 -2.306717536673287 -1.153516371861761 -0.49122653623736356 -0.6121524917141279 -0.32945803950685804 0.33203096197530924 1.1817159868815796 1.8824458613330282 1.6726273160687088 1.1560892943302123 0.6395512725917163 0.6723854724231555 0.8269464618735891 0.8141331155979055
-1.4065799608065126 -1.1094704940390985 -0.8740252562234119 -1.0221795725360039 -0.6185591648519697 -0.3719022490450601 -0.2725988154085117 -0.0948136358334013 0.31761594741516497 0.773290574344164 1.0047316414486995 0.9791049488973322 0.5650736973643053 0.40250436649156907 1.065595036258197 1.6061580822635997 1.8776408564796463 1.767125744851875 1.3995428735682012 0.5546628535153122 -0.09961864068678272 -0.5472849261934796 -0.8395893881075123 -1.199163917968884 -1.7757645003746472 -2.538959437920053 -2.888923958074662 -2.67029623724581 -2.0496497770173847 -1.4241983119355777 -1.015772899398162 -0.9661211825798881 -0.8123610272716846 0.3208192839840862 0.7548713890728687 0.8237431253046683 0.45696108816322445 -0.06278027014419241 -0.2381629472926119 0.20790166992962433 0.5626711949376144 0.5666753656487655
-1.2552223079249998 -0.9933495434157158 -0.8652160806588796 -1.0053620555491691 -0.9276811437528372 -0.6906342376526902 -0.5160523946465008 -0.22935377172807936 0.18707998223163802 0.8277472960158194 1.2698077425269045 1.2233593622775514 1.013540817013232 1.267405240100214 1.9793467925428856 2.1098827577264125 2.1555303038335354 1.717474028033601 1.1120434165075501 0.2863834158681864 -0.24777295699937474 -0.6914350717949203 -1.0454037626606805 -1.2311972836580931 -1.6228051792086737 -1.9287238215406204 -2.1257290205292563 -1.7741628320901865 -1.2936623467520507 -0.9725278557177299 -0.9493036655930533 -0.9228761388994557 -0.9597145094420463 -0.5008365459441264 -0.22935377172807936 -0.22294709859023776 -0.4383714828501688 -0.22294709859023776 -0.0011160411924651115 0.5226294878261033 1.1272592652099243 0.9831091196084834
-1.0518104357985223 -1.0734329576387385 -1.0558146065096734 -1.11427549889248 -1.1006613184745662 -0.9797353629978018 -0.54888659447794 -0.06037776771750192 0.2311258600543007 0.8870090225408562 1.285824425371509 1.3426836494698553 1.2329693719843142 1.3603020005989204 1.8576200029238907 2.004973485094253 1.721478198744752 1.2193551915664003 0.47538027343451983 -0.057975265290810984 -0.5432807554823285 -0.7763234908713244 -1.0558146065096734 -1.055013772367443 -1.2752431614807556 -1.4266008143622684 -1.354525741561548 -1.1190805037458613 -0.8876394366413258 -0.5360732482022563 -0.4343673121390177 -0.3494788930626136 -0.3711014149028298 -0.7635101445956407 -0.9004527829170095 -0.8451952271031238 -0.6682108816702437 -0.42075313172110373 -0.3206488639423255 0.3264251229796975 0.8205397887357475 0.9542790904881953
-1.2728406590540648 -1.2936623467520507 -1.0774371283498896 -1.04380209437622 -0.9885445385623344 -0.9661211825798881 -0.5344715799177959 0.07095903160825534 0.23032502591207038 0.6884021552677599 1.5621122044409375 1.6197722626815136 1.1913259965883425 1.1112425823653198 1.5180663266182743 1.5533030288764045 1.2706085766691348 0.45696108816322445 -0.21974376202131696 -0.5568949359002422 -0.7322776130486619 -0.9661211825798881 -0.9717270215754996 -0.9396936558862905 -1.156719708430682 -1.0710304552120478 -0.9989553824113273 -0.6594017061057111 -0.45598983397923387 -0.17089287934527286 -0.13565617708714317 -0.04996692386850876 -0.3935247708852758 -0.958913675299816 -1.2167822690979488 -1.117478835461401 -0.9396936558862905 -0.7883360030047777 -0.8251743735473682 -0.3719022490450601 0.21110500649854513 0.3448443082509929
-1.206371425248956 -1.3529240732770875 -1.1014621526167963 -0.7010450815016831 -0.7947426761426195 -0.7587051397422593 -0.24056544971930283 0.3536534838155254 0.42893189318516667 0.4777827758612103 1.4243687319773382 1.614166423685902 1.1560892943302123 1.047976685129132 1.243380215833307 1.2585960645356815 0.5058119708392685 -0.34066971749808106 -0.6209616672786604 -0.7394851203287338 -0.9140669633349232 -1.1166780013191706 -1.1046654891857173 -0.8900419390680165 -1.0822421332032708 -1.0077645579758598 -0.9220753047572257 -0.5392765847711773 -0.13005033809153144 0.18547831394717784 0.1982916602228615 -0.379109756325132 -0.7619084763111803 -1.7397269639742867 -1.9479438409541459 -1.8182087099128492 -1.1302921817370846 -0.97332868985996 -0.8620127440899585 -0.7306759447642015 -0.11563532353138761 0.06615402675487392
-0.8075560224183032 -0.9549095045886649 -0.7138584277773667 -0.03795441173505543 -0.34467388820923217 -0.4784131899616799 0.04212900248796725 0.3768776739402018 0.5154219805460309 0.5146211464038011 0.8814031835452445 1.0720017093960386 1.2393760451221558 1.3010402740738836 1.2281643671309328 0.3312301278330789 -0.42395646829002454 -0.7226676033418991 -0.6722150523813948 -0.7442901251821152 -1.061420445505285 -1.2648323176317626 -1.2440106299337765 -0.8876394366413258 -1.012569562829241 -1.1014621526167963 -1.015772899398162 -0.803551851707152 -0.2950221713909582 0.23913420147660291 0.3456451423932232 -0.2325571082970006 -1.0854454697721918 -2.243451639437099 -2.358771755918252 -2.009608069905873 -1.319289039303418 -1.0309887481005364 -0.686630066941539 -0.5000357118018961 -0.26699297641290043 -0.08440279198440859
-0.3855164294629736 -0.15247369407397793 0.04373067077242787 0.737253037943804 0.0845732120261693 -0.2645904739862095 -0.3278563712223974 -0.22054459616354727 0.02451065135890218 0.564272863222075 0.7949130961843802 0.9022248712432304 1.256994396251221 1.353094493318848 0.5154219805460309 -0.5721107846026166 -1.0173745676826225 -1.0950554794789544 -0.6385800184077253 -0.5985383112962139 -0.8884402707835561 -1.103864655043487 -1.1663297181374446 -0.9541086704464345 -0.86761858308557 -0.9012536170592396 -1.0950554794789544 -0.97332868985996 -0.7410867886131944 -0.09321196754894112 -0.03795441173505543 -0.5136498922198101 -1.3601315805571594 -1.5291075845677373 -1.594775984230616 -1.5379167601322696 -1.4770533653227726 -1.3705424244061524 -0.9036561194859303 -0.39192310260081564 -0.1837062256209565 -0.2725988154085117
0.13502576298667357 0.6235345897471118 0.5418495072396285 0.5963062289112839 -0.055572762864120495 -0.25578129842167696 -0.2934205031064976 -0.17810038662534522 0.1502416116890477 0.613924580040349 0.6131237458981187 0.5690778680754565 0.5010069659858871 0.18387664566271722 -0.5272640726377238 -0.9653203484376578 -1.142304693870538 -0.9773328605711111 -0.6097499892874372 -0.573712452887077 -0.8772285927923329 -1.0285862456738457 -0.9140669633349232 -0.7266717740530502 -0.39432560502750613 -0.6065466527185164 -1.0309887481005364 -1.3377082245747132 -0.7995476809960009 -0.9436978265974416 -1.4290033167889589 -1.7373244615475962 -1.630813520630976 -1.6115935012174507 -1.7245111152719126 -1.5819626379549323 -1.4978750530207585 -1.478655033607233 -1.0149720652559318 -0.6105508234296675 -0.2950221713909582 -0.4095414537298807
0.5955053947690536 1.0151424852976927 0.6259370921738023 0.008493968514297734 -0.3158438590889441 -0.15327452821620824 0.07095903160825534 0.1694616311025734 0.09738655830185294 0.30560343528171163 0.17746997252487562 -0.01873439232153018 -0.17569788419865429 -0.287013829968656 -0.09881780654455286 -0.24136628386153314 -0.36149140519606693 -0.3318605419335485 -0.2862129958264257 -0.7250701057685898 -1.0702296210698174 -1.0926529770522637 -0.8235727052629076 -0.5857249650205303 0.09578489001739232 -0.15567703064289873 -0.7947426761426195 -1.4137874680865847 -1.64442770104889 -1.6788635691647897 -1.8278187196196118 -1.7757645003746472 -1.4770533653227726 -1.3024715223165833 -0.7034475839283738 -0.5753141211715374 -0.8708219196544911 -1.3096790295966552 -1.241608127507086 -0.7098542570662154 -0.3935247708852758 -0.6369783501232649
-0.25337879599498647 -0.6698125499547043 -0.8347843832541308 -0.20052374260779127 -0.2950221713909582 -0.05957693357527161 0.2375325331921423 0.33203096197530924 0.07416236817717614 0.04373067077242787 -0.026742733743832403 -0.298225507959879 -0.6257666721320416 -0.9597145094420463 -0.415147292725492 -0.17569788419865429 0.11580574357314788 0.2655617281702005 0.24714254289890514 -0.5825216284516095 -0.9372911534595998 -0.9100627926237721 -0.6153558282830487 -0.39672810745419707 0.33603513268646035 0.18467747980494753 -0.5080440532241983 -1.2784464980496764 -1.6468302034755806 -1.368940756121692 -1.4266008143622684 -1.3905632779619082 -1.188753074119891 -0.8427927246764331 -0.07879695298879685 0.24393920632998434 -0.005921046045846534 -0.5713099504603862 -0.8291785442585193 -0.39913060988088755 -0.11163115282023606 -0.25498046427944665
-0.7675143153067918 -1.3993724535264407 -1.407380794948743 -0.9220753047572257 -0.6137541599985883 -0.3022296786710301 0.1406316019822853 0.21510917720969625 0.15584745068465944 0.05093817805249978 -0.0916102992644805 -0.10202114311347366 -0.3158438590889441 -0.9404944900285208 -0.8708219196544911 -0.5681066138914654 -0.09401280169117143 0.3752760056557416 0.40250436649156907 -0.38471559532074373 -0.9236769730416861 -0.8684194172278004 -0.4784131899616799 -0.04275941658843685 0.6427546091606371 0.2671633964546607 -0.45598983397923387 -0.8019501834226916 -0.7947426761426195 -0.6457875256877974 -0.7266717740530502 -1.1415038597283076 -1.1014621526167963 -0.7162609302040572 -0.01873439232153018 0.5810903802089098 0.4001018640648786 -0.4335664779967874 -0.4159481268677223 -0.09401280169117143 0.12701742156437135 0.06615402675487392
-0.5616999407536236 -0.9973537141268669 -1.227993947089172 -1.2207864398091 -0.8163651979828357 -0.3799105904673623 0.029315656212283603 0.15584745068465944 0.23913420147660291 0.05974735361703232 -0.22534960101692825 -0.22454876687469838 0.2063000016451637 -0.39913060988088755 -0.5833224625938398 -0.4111431220143409 0.13742826541336406 0.47858361000344063 0.4001018640648786 -0.2381629472926119 -0.7130575936351364 -0.7402859544709641 -0.5120482239353494 -0.00031520705023480033 0.22071501620530753 0.06935736332379472 -0.4143464585832617 -0.39913060988088755 -0.24777295699937474 -0.1540753623584381 -0.3310597077913182 -0.6481900281144881 -0.7370826179020433 -0.40633811716095947 0.2247191869164591 0.9118348809499932 1.0415700119912898 0.25114671361005625 0.1694616311025734 -0.005120211903616223 0.10939907043530628 -0.2581838008483679
-0.3486780589203833 -0.5568949359002422 -0.8988511146325491 -0.8964486122058584 -0.7226676033418991 -0.33826721507139057 0.16305495796473135 0.2030966650762429 0.30240009871279083 0.3576576545266765 0.08937821687955072 -0.5520899310468608 -0.06758527499757383 -0.42555813657448516 -0.39192310260081564 -0.20052374260779127 0.384886015362504 0.6611737944319325 0.348848478962144 -0.12764783566484095 -0.5985383112962139 -0.9164694657616139 -0.7002442473594528 -0.16608787449189188 -0.026742733743832403 -0.24456962043045394 -0.2381629472926119 -0.21493875716793553 0.09258155344847152 0.21751167963638673 -0.04756442144181827 -0.31824636151563457 -0.4688031802549175 -0.13165200637599206 0.5162228146882613 1.0215491584355343 1.3410819811853947 0.6619746285741628 0.5426503413818589 0.3496493131043743 -0.25017545942606567 -0.6481900281144881
-0.2029262450344822 -0.2325571082970006 -0.576915789455998 -0.6722150523813948 -0.4968323752329753 -0.18290539147872664 0.3752760056557416 0.33683596682869066 0.5234303219683336 0.577887043639989 0.28398091344149545 -0.5280649067799541 -0.40313478059203867 -0.640982520834416 -0.5312682433488749 0.18227497737825704 0.7684855694907826 0.6483604481562488 0.19268582122724975 -0.2285529375858495 -0.5232599019265727 -0.8395893881075123 -0.6706133840969344 -0.07158944570872494 0.24073586976106354 -0.6594017061057111 -0.5857249650205303 0.01810397822106058 0.3272259571219278 0.4489527467409222 0.07416236817717614 -0.21093458645678442 -0.3558855662004552 -0.01873439232153018 0.45535941987876427 0.8613823299894889 1.020748324293304 0.8221414570202077 0.7028171698279042 0.3776785080824321 -0.22214626444800745 -0.3855164294629736
-0.1404611819405246 -0.16608787449189188 -0.34707639063592266 -0.44718065841470134 -0.3310597077913182 0.0004856270919955108 0.39129268850034604 0.48659195142574285 0.7276430282370412 0.6291404287427231 0.36246265938005795 -0.2317562741547703 -0.2685946446973606 -0.6033433161495954 -0.15167285993174762 0.5690778680754565 0.8037222717489128 0.5866962192045211 -0.037153577592825116 -0.4095414537298807 -0.6289700087009626 -0.7530993007466478 -0.5945341405850628 0.2095033382140845 0.5514595169463914 -0.8940461097791677 -0.8652160806588796 -0.21493875716793553 0.2623583916012797 0.3856868495047343 -0.09561446997563161 -0.24617128871491412 -0.30783551766664186 0.011697305083218534 0.4625669271588362 0.7068213405390553 0.5770862094977587 0.7324480330904226 0.7500663842194877 0.44655024431423174 0.4129152103405622 0.36406432766451813
-0.36629641004944835 -0.11403365524692699 -0.22294709859023776 -0.20052374260779127 -0.06358110428642272 -0.04596275315735765 0.13822909955559437 0.4425460736030806 0.6179287507515001 0.3200184498418559 -0.08119945541548779 -0.3174455273734047 -0.14526618679390557 -0.2053287474611727 0.3784793422246624 0.6988129991167531 0.8349548032958913 0.4954011269902754 -0.170092045203043 -0.5448824237667889 -0.6770200572347762 -0.7194642667729783 -0.242167118003763 0.6291404287427231 0.4129152103405622 -1.199964752111114 -1.1134746647502498 -0.566504945607005 -0.07399194813541543 -0.27660298611966283 -0.5496874286201703 -0.520857399499882 -0.11563532353138761 0.15264411411573864 0.36406432766451813 0.577887043639989 0.5250319902527938 0.7052196722545947 0.8165356180245964 0.9630882660527278 1.023150826719995 1.0439725144179808
-0.65539753539456 -0.15167285993174762 -0.2101337523145541 -0.22214626444800745 -0.15727869892735935 -0.18450705976318682 -0.28461132754196505 -0.1540753623584381 0.22071501620530753 0.1766691383826453 -0.1837062256209565 -0.15807953306958922 0.2895867524371072 0.43133439561185716 0.5370445023862471 0.5514595169463914 0.3760768397979719 0.010896470940988223 -0.08440279198440859 -0.2830096592575049 -0.43596898042347787 -0.496031541090745 0.04212900248796725 0.8485689837138053 0.02050648064775107 -1.0558146065096734 -0.602542482007365 -0.42796063900117565 -0.8307802125429797 -1.3048740247432737 -1.2616289810628416 -0.5841232967360699 -0.09561446997563161 0.24874421118336576 0.44975358088315254 0.4897952879946641 0.4849902831412827 0.6435554433028674 1.151284289476831 1.3691111761634525 1.292231098509351 1.204940177006256
-0.45839233640592436 -0.24777295699937474 -0.686630066941539 -0.9501044997352834 -0.7899376712892381 -0.4007322781653482 -0.33346221021800915 -0.5536915993313214 -0.3262547029379368 -0.03875524587728574 0.10859823629307597 0.3264251229796975 1.3074469472117252 0.5562645217997728 -0.06678444085534352 -0.07559361641987605 0.175868304240415 0.2935909231482583 0.6579704578630117 0.3496493131043743 -0.170092045203043 -0.5833224625938398 -0.3558855662004552 0.45696108816322445 0.5602686925109239 0.3456451423932232 0.3232217864107767 0.0845732120261693 -0.3534830637737647 -0.7971451785693102 -1.3425132294280946 -0.5753141211715374 -0.15167285993174762 0.009294802656528045 0.30240009871279083 0.8221414570202077 0.6835971504143785 0.9382624076435908 1.137670109058917 1.0167441535821529 0.800518935179992 0.800518935179992
