static/data/seaWind_uo/2023/7/9/18.asc
ncols 137
nrows 93
xllcorner 108.0
yllcorner 17.0
cellsize 0.25
NODATA_value -32767
[rows 38 to 56 of 93, columns 0 to 42 of 137]
-1.0181754018248528 -1.18554973755097 -0.7907385054314684 -0.9581128411575857 -0.6417833549766463 -0.056373597006350806 0.4113135420561016 0.07015819746602503 0.36246265938005795 0.7188338526725087 1.00713414387539 1.1897243283038819 1.2778160839492068 0.7676847353485523 0.7484647159350271 1.3114511179228763 2.0434135239213034 2.2764562593102995 2.1963728450872764 1.8808441930485675 1.447592922102015 1.2738119132380556 1.0960267336629452 0.8357556374381216 0.4097118737716414 -0.22615043515915856 -0.878029426934563 -1.6139960036441412 -2.0496497770173847 -1.9815788749278154 -1.4346091557845706 -1.2007655862533444 -0.7146592619195968 0.07336153403494627 1.002329139022009 0.5234303219683336 -0.011526885041457824 -0.40233394644980836 -0.5625007748958539 -0.39993144402311787 -0.19091373290102887 -0.20452791331894238 -0.11323282110469668
-1.0878479721988825 -1.3649365854105409 -1.3953682828152894 -0.9701253532910392 -0.37030058076059946 0.11180157286199677 0.15664828482688975 -0.1997229084655614 -0.02113689474822067 0.4425460736030806 0.9366607393591302 1.3787211858702153 1.6029547456946784 1.1424751139122984 1.2738119132380556 1.838399983510365 2.2772570934525294 2.3477304979687896 2.0754468896105123 1.636589779668348 1.3739161810168339 1.2890277619404298 1.2762144156647466 1.2481852206866884 0.8221414570202077 0.18948248465832895 -0.43596898042347787 -1.0309887481005364 -1.5683484575370183 -1.9607571872298295 -1.7701586613790354 -1.4169908046555055 -0.9461003290241323 -0.906058621912621 -0.42635897071671547 -0.48802319966844276 -0.6666092133857833 -0.8067551882760728 -0.9637186801531974 -0.7090534229239853 -0.367898078333909 -0.30062801038656994 -0.38471559532074373
-1.2784464980496764 -1.4354099899268007 -1.163927215710754 -0.6890325693682295 -0.40313478059203867 -0.5392765847711773 -0.5368740823444866 -0.10762698210908495 0.4033052006337994 0.892614861536468 1.3691111761634525 1.7286857060248244 1.640593950379499 1.7030590134734571 2.058629372623678 2.1387127868467 2.35013300039548 2.1595344745446865 1.8215824665235307 1.4523979269553964 1.3442853177543155 1.3619036688833805 1.5813322238544623 1.4676137756577705 0.8998223688165399 0.25034587946782594 -0.3310597077913182 -0.6201608331364301 -0.8171660321250658 -1.1823464009820492 -1.50348089201637 -1.2816498346185974 -1.2191847715246396 -1.4314058192156496 -1.1775413961286678 -1.0173745676826225 -1.0205779042515435 -0.8475977295298145 -0.7635101445956407 -0.5528907651890911 -0.5280649067799541 -0.5681066138914654 -0.8227718711206775
-1.252018971356079 -1.0734329576387385 -0.8451952271031238 -0.5721107846026166 -0.5408782530556377 -0.7490951300354967 -0.9356894851751394 -0.5825216284516095 0.33923846925538115 0.5746837070710678 1.151284289476831 1.563713872725398 1.5468963557385629 1.7238807011714434 2.242020391194399 2.310892127426199 2.169945318393679 1.9585251048448993 1.6077597505480603 1.3338744739053228 1.256994396251221 1.366708673736762 1.5276763363250372 1.1993343380106447 0.4929986245635849 -0.008323548472537023 -0.19011289875879855 -0.42715980485894534 -0.5592974383269329 -0.6826258962303877 -0.9180711340460743 -0.9220753047572257 -0.9076602901970814 -1.1455080304394587 -1.5467259356968022 -1.4033766242375918 -1.3601315805571594 -1.2400064592226254 -0.9717270215754996 -0.6289700087009626 -0.4391723169923991 -0.262187971559519 -0.45598983397923387
-1.174338059559747 -0.9957520458424063 -0.813962695556145 -0.4672015119704569 -0.45518899983700356 -0.8355852173963612 -1.0221795725360039 -0.658600871963481 0.12221241671098992 0.29919676214387003 1.3362769763320133 1.7503082278650406 1.5476971898807927 1.640593950379499 2.1275011088554776 2.2804604300214506 2.139513620988931 1.6974531744778454 1.3018411082161134 1.1584917967569028 1.1528859577612915 1.2617994011046023 1.1905251624461122 0.8085272766022942 0.061349021901492495 -0.16288453792297064 -0.3454747223514625 -0.07239027985095525 -0.1148344893891573 -0.2910180006798071 -1.0221795725360039 -1.0269845773893853 -0.43116397557009645 -0.5064423849397381 -1.11427549889248 -1.4842608726028446 -1.4418166630646425 -1.3120815320233459 -1.1118729964657892 -0.8307802125429797 -0.810759358987224 -0.6337750135543441 -0.0019168753346954226
-0.8836352659301747 -1.1767405619864375 -1.0037603872647087 -0.4688031802549175 -0.507243219081968 -0.895647778063628 -1.0718312893542778 -0.6882317352259995 0.058946519474802006 0.5210278195416427 1.5861372287078441 2.108281089441952 1.9024667148887837 1.905670051457704 2.093866074881808 2.2540329033278526 1.8392008176525958 1.3691111761634525 1.0471758509869016 1.115246753076471 1.0960267336629452 0.9414657442125116 0.8565773251361075 0.6691821358542347 0.06375152432818343 -0.17089287934527286 -0.5064423849397381 -0.18530789390541713 0.3536534838155254 0.2671633964546607 -0.5368740823444866 -0.6473891939722578 0.006892300229837112 0.14463577269343642 -0.5424799213400981 -0.9541086704464345 -1.2071722593911862 -1.0670262845008966 -1.0277854115316154 -0.998154548269097 -1.0189762359670829 -0.8700210855122608 -0.1837062256209565
-0.5777166235982281 -0.8716227537967214 -1.1599230449996027 -0.616156662425279 -0.6986425790749924 -1.0806404649188104 -1.2576248103516905 -0.8331827149696704 0.10299239729746423 0.8413614764337334 1.384327024865827 1.9080725538843955 2.1507252989801535 2.0922644065973475 2.0442143580635332 1.8576200029238907 1.4419870831064032 1.176110147885968 1.0127399828710018 1.1352676066322265 0.97109660747503 0.8165356180245964 0.7132280136768969 0.7284438623792715 0.3312301278330789 -0.27820465440412345 -0.6153558282830487 -0.367898078333909 0.5874970533467514 0.7388547062282642 0.638750438449486 0.5282353268217146 0.5402478389551684 0.6203312531781906 -0.02514106545937178 -0.38471559532074373 -0.6385800184077253 -0.8788302610767933 -0.9236769730416861 -0.9549095045886649 -0.5232599019265727 -0.37270308318728995 -0.8275768759740587
-0.6089491551452069 -0.573712452887077 -1.011768728687011 -0.7090534229239853 -0.7266717740530502 -1.0742337917809686 -0.9236769730416861 -0.39112226845858533 0.3120101084195537 1.1560892943302123 1.7759349204164079 1.8504124956438184 1.8976617100354018 1.5541038630186352 1.3234636300563296 1.1929276648728027 1.11284425064978 1.00713414387539 1.115246753076471 1.2714094108113652 1.0607900314048155 0.7508672183617175 0.5955053947690536 0.6515637847251696 0.6371487701650254 0.08056904131501819 -0.16448620620743126 -0.10522447968239446 0.9302540662212886 1.1472801187656798 1.2017368404373352 1.1320642700633057 1.0752050459649594 0.755672223215099 0.4393427370341598 0.14783910926235722 -0.06918694328203445 -0.4111431220143409 -0.9356894851751394 -0.6225633355631208 -0.0948136358334013 -0.42876147314340596 -1.3393098928591736
-0.38471559532074373 -0.2349596107236911 -0.4952307069485147 -0.7146592619195968 -0.7763234908713244 -0.6385800184077253 -0.3526822296315344 0.08297154374170868 0.9718974416172603 1.6662206429308664 1.6253781016771254 1.4139578881283454 1.2041393428640261 0.9751007781861811 0.8966190322476191 0.8373573057225823 0.7957139303266105 0.9190423882300651 1.2177535232819396 1.2650027376735231 0.9871132903196345 0.6603729602897022 0.42012271762063413 0.384886015362504 0.5178244829727219 0.48418944899905236 0.5178244829727219 0.7436597110816456 1.2954344350782718 1.3474886543232367 1.3627045030256109 1.2177535232819396 0.9262498955101375 0.6019120679068957 0.47698194171898045 0.42733022490070605 0.292790089006028 -0.061979436001962096 -1.0838438014877314 -0.4079397854454201 -0.11563532353138761 -0.439973151134629 -1.039797923665069
-0.30062801038656994 0.09418322173293214 0.27677340616142354 0.05093817805249978 -0.4303631414278666 -0.04195858244620654 0.5506586828041611 0.9815074513240232 1.1072384116541687 1.3739161810168339 1.2441810499755372 1.1681018064636657 1.126458431067694 0.6035137361913558 0.7020163356856739 0.82934896430028 1.0527816899825133 1.3587003323144597 1.5492988581652534 1.3370778104742436 1.1144459189342406 0.8605814958472586 0.6059162386180468 0.4113135420561016 0.8757973445496332 1.3907336980036686 1.7238807011714434 1.6830381599177016 1.0255533291466854 1.1272592652099243 1.1472801187656798 0.9751007781861811 0.6587712920052415 0.416118546909483 0.3568568203844462 0.384886015362504 0.380081010509123 0.18547831394717784 -0.4487823266991615 -0.4391723169923991 -0.30943718595110203 -0.6561983695367903 -1.209574761817877
-0.3558855662004552 -0.39112226845858533 -0.1989220743233311 0.4337368980385481 -0.016331889894839247 0.3744751715135113 0.9310549003635189 1.2802185863758977 1.1448776163389893 1.1136450847920103 1.5725230482899302 1.6846398282021622 1.1665001381792055 -0.25498046427944665 0.5554636876575425 1.0936242312362547 1.5613113702987067 1.7775365887008685 1.8856491979019485 1.6053572481213698 1.3546961616033086 1.1769109820281982 1.0391675095645994 0.9662916026216486 1.1849193234505004 1.3827253565813664 1.0712008752538082 0.6123229117558884 0.681194647987688 0.7004146674012133 0.7500663842194877 0.7020163356856739 0.48659195142574285 0.1406316019822853 -0.13085117223376175 -0.025941899601602092 0.07896737303055756 -0.051568592152969384 -0.22775210344361918 -0.16608787449189188 0.09898822658631312 -0.27099714712405154 -1.0221795725360039
-0.18851123047433793 -0.711455925350676 -0.27019631298182123 0.27677340616142354 0.2831800792992656 0.3120101084195537 0.6211320873204209 0.928652397936828 1.1088400799386289 0.9799057830395626 0.9310549003635189 0.7532697207884085 0.8533739885671867 0.1982916602228615 0.6411529408761769 1.1504834553346006 1.4403854148219426 1.6574114673663343 1.8808441930485675 1.6670214770730971 1.3050444447850347 1.2826210888025882 1.2850235912292787 1.1136450847920103 0.638750438449486 0.7212363550991991 0.6835971504143785 0.5923020582001328 0.656368789578551 0.5530611852308516 0.39930102992264827 0.5090153074081893 0.4425460736030806 0.12301325085322024 -0.27019631298182123 -0.49042570209513325 -0.4375706487079385 -0.10041947482901303 0.7532697207884085 1.2690069083846742 1.470016278084461 1.1584917967569028 0.12301325085322024
0.24954504532559607 0.09978906072854343 0.19028331880055926 0.07175986575048565 0.13822909955559437 0.11900908014206912 0.4777827758612103 0.8037222717489128 0.8445648130026542 0.6587712920052415 0.4705752685811384 0.589098721631212 1.084014221529492 0.9927191293152462 1.074404211822729 1.0471758509869016 1.2962352692205021 1.578128887285542 1.6886439989133133 1.4572029318087774 1.3002394399316533 1.2033385087217958 1.0575866948358943 0.8069256083178336 0.33523429854423004 0.7004146674012133 0.7324480330904226 0.5394470048129381 0.5050111366970382 0.36566599594897875 0.19588915779617055 0.20069416264955198 0.28798508415264656 0.10139072901300406 -0.055572762864120495 -0.4375706487079385 -0.6209616672786604 0.14143243612451517 1.1536867919035219 1.4932404682091378 1.5605105361564768 1.224961030562012 0.13902993369782468
0.6531654530096302 0.7660830670640921 0.48338861485682205 0.35525515209998604 0.2127066747830053 0.25515088432120736 0.6771904772765369 0.7572738914995596 0.7716889060597034 1.1064375775119384 0.9670924367638789 1.1408734456278382 1.3322728056208621 1.2449818841177676 1.2345710402687744 1.222558528135321 1.437982912395252 1.626979769961586 1.4523979269553964 1.2129485184285587 1.0760058801071897 0.7644813987796315 0.602712902049126 0.9142373833766841 1.0583875289781246 1.402746210137122 0.8205397887357475 0.6155262483248096 0.22071501620530753 0.11260240700422708 -0.025941899601602092 -0.09721613826009223 0.08697571445285979 0.4986044635591962 0.3520518155310648 -0.13565617708714317 -0.3158438590889441 0.42172438590509476 0.7796972474820061 1.1224542603565428 1.0087358121598506 0.6243354238893422 -0.16128286963851046
0.9046273736699213 0.984710787892944 0.6571696237207814 0.46096525887437556 0.3184167815573953 0.4593635905899154 0.8213406228779778 0.7676847353485523 0.8197389545935172 1.1560892943302123 1.2938327667938112 1.3787211858702153 1.247384386544458 0.8389589740070424 0.9014240371010005 1.492439634066908 1.7070631841846082 1.4940413023513677 1.119250923787622 0.8862081883986259 0.9110340468077629 0.5987087313379749 0.5098161415504197 0.8870090225408562 1.4139578881283454 1.5388880143162607 0.8149339497401358 0.31761594741516497 -0.07799611884656654 -0.09561446997563161 -0.2349596107236911 -0.19011289875879855 0.33843763511315084 0.7508672183617175 0.4649694295855267 -0.02113689474822067 0.10379323143969454 0.6283395946004933 0.86538650070064 1.0511800216980527 0.9374615735013605 0.46176609301660587 -0.2357604448659214
0.7436597110816456 0.6747879748498464 0.557866190084233 0.3856868495047343 0.39449602506926684 0.5418495072396285 0.6475596140140185 0.8133322814556756 0.9502749197770441 1.0663958704004268 1.2033385087217958 0.7764939109130848 0.8205397887357475 0.3448443082509929 0.7820997499086966 1.401945375994892 1.5140621559071232 1.2642019035312928 0.6747879748498464 0.429732727327397 0.5258328243950241 0.6523646188673999 0.5850945509200609 0.6723854724231555 0.9871132903196345 1.0015283048797787 0.4153177127672527 -0.051568592152969384 -0.21654042545239616 -0.22374793273246807 -0.2597854691328281 0.11019990457753659 0.6747879748498464 0.5626711949376144 0.2279225234853799 0.09578489001739232 0.4377410687496992 0.8421623105759637 0.9678932709061092 1.180114318597119 0.9494740856348138 0.45535941987876427 -0.4119439561565712
0.04773484148357898 0.38728851778919493 0.4329360638963178 0.4417452394608503 0.47538027343451983 0.36646683009120906 0.28398091344149545 0.7132280136768969 0.9054282078121516 0.8461664812871148 0.6099204093291979 0.2030966650762429 0.4986044635591962 0.6707838041386949 1.115246753076471 1.3274678007674807 1.3867295272925175 0.8749965104074029 0.2903875865793375 0.040527334203506626 0.2911884207215678 0.47297777100782934 0.32562428883746763 0.18868165051609864 1.0335616705689876 0.9382624076435908 0.35925932281113715 -0.1508720257895173 -0.3190471956578649 -0.21573959131016585 -0.061979436001962096 0.4337368980385481 0.6195304190359607 0.4425460736030806 0.3784793422246624 0.48659195142574285 0.8589798275627984 0.7612780622107107 0.9686941050483395 1.0391675095645994 0.6932071601211414 0.15664828482688975 -0.683426730372618
-0.446379824272471 0.33683596682869066 0.35925932281113715 0.30720510356617226 0.27437090373473305 0.2054991675029334 -0.12204199666922921 -0.10362281139793383 0.33683596682869066 0.6043145703335862 0.4305335614696273 0.3216201181263161 1.0087358121598506 1.2577952303934512 1.1184500896453917 1.013540817013232 0.8701915055540215 0.3768776739402018 0.19668999193840087 0.27837507444588416 0.19268582122724975 -0.15487619650066842 -0.3598897369116063 -0.052369426295199695 1.1873218258771914 1.2201560257086306 0.4065085372027202 -0.09881780654455286 -0.15968120135404984 -0.05957693357527161 0.1470382751201269 0.4777827758612103 0.47538027343451983 0.2863834158681864 0.3832843470780438 0.9262498955101375 1.21855435742417 0.5306378292484055 0.6547671212940904 0.8213406228779778 0.6643771310008533 0.1438349385512061 -0.13245284051822237
-0.29982717624433963 0.312810942561784 0.0036889636609163112 -0.45759150226369405 -0.6041441502918257 -0.367898078333909 -0.2910180006798071 -0.6698125499547043 -0.40313478059203867 0.36326349352228826 0.9422665783547419 1.0127399828710018 1.3114511179228763 0.8205397887357475 0.1726649676714942 0.3504501472466046 0.8221414570202077 0.8285481301580497 0.7700872377752432 0.7500663842194877 0.001286461234225822 -0.6794225596614669 -0.8091576907027636 -0.11963949424253872 1.5789297214277718 1.4708171122266913 0.706020506396825 0.3120101084195537 0.30560343528171163 0.3152134449884745 0.21030417235631482 0.29599342557494923 0.17827080666710593 0.07896737303055756 0.23593086490768211 0.6211320873204209 0.7148296819613575 -0.20132457675002158 -0.0011160411924651115 0.3816826787935832 0.3832843470780438 0.0036889636609163112 0.13662743127113375
