static/data/seaWind_uo/2023/7/9/6.asc
ncols 137
nrows 93
xllcorner 108.0
yllcorner 17.0
cellsize 0.25
NODATA_value -32767
[rows 0 to 18 of 93, columns 43 to 85 of 137]
1.8031632812522358 2.0073759875209434 1.3410819811853947 -0.08280112369994796 -0.9653203484376578 -0.775522656729094 -0.9252786413261465 -0.13005033809153144 0.656368789578551 1.3010402740738836 1.4796262877912238 1.910475056311086 2.1242977722865564 1.8135741251012285 0.8389589740070424 0.21911334792084736 0.015701475794369646 -0.030746904454983515 -0.30623384938218123 -0.6746175548080855 -0.5288657409221844 -0.30463218109772106 -0.11243198696246637 -0.11403365524692699 -0.10602531382462477 -0.1436645185094454 -0.4167489610099526 -0.48401902895729165 -0.2653913081284398 0.3224209522685464 0.31361177670401386 0.13662743127113375 -0.017132724037069558 -0.45118482912585245 -0.7675143153067918 -1.0566154406519037 -1.0141712311137017 -0.8844361000724048 -0.5552932676157818 0.033319826923434714 0.5730820387866076 1.0015283048797787 1.3619036688833805
2.38617053679584 1.5613113702987067 -0.15807953306958922 -2.8136455487050207 -2.2178249468857323 -1.209574761817877 -0.4343673121390177 -0.025941899601602092 0.521828653683873 1.0816117191028014 1.2561935621089906 1.2698077425269045 0.7957139303266105 -0.2958230055331885 -0.8588094075210377 -0.7274726081952805 -0.28861549825311617 -0.3462755564936928 -0.736281783759813 -0.9477019973085927 -0.838788553965282 -0.40313478059203867 -0.06918694328203445 0.13822909955559437 -0.06518277257088334 -0.18130372319426602 -0.4888240338106731 -1.0037603872647087 -1.0870471380566522 -0.97332868985996 -0.8572077392365771 -1.111072162323559 -1.0670262845008966 -1.026183743247155 -1.2672348200584531 -1.676461066738099 -1.898292124135872 -1.8526445780287488 -1.4978750530207585 -1.1455080304394587 -0.7547009690311082 -0.47280735096606863 -0.1997229084655614
1.9617284414138205 0.7156305161035879 -1.2007655862533444 -3.511172086587548 -2.495714394239621 -1.1150763330347102 -0.01873439232153018 -0.06758527499757383 0.31761594741516497 0.7933114278999196 0.7644813987796315 0.3264251229796975 -0.22374793273246807 -0.8155643638406054 -1.3345048880057921 -1.3377082245747132 -1.0133703969714714 -0.5304674092066448 -0.4976332093752056 -0.5320690774911052 -0.6353766818388045 -0.65539753539456 -0.3719022490450601 0.08056904131501819 0.6515637847251696 0.9006232029587702 0.5394470048129381 -0.7843318322936266 -1.305674858885504 -1.400974121810901 -1.3433140635703247 -1.730116954267524 -1.3649365854105409 -1.0694287869275871 -1.4530283410558658 -2.1665715617829977 -2.5125319112264557 -2.45887602369703 -2.4308468287189724 -2.454871852985879 -2.3211325512334313 -1.8758687681534254 -1.4562316776247866
0.15824995311134993 -1.2175831032401792 -2.6847112518059544 -2.985024055142289 -1.853445412170979 -0.5576957700424725 0.4913969562791243 0.8445648130026542 1.2209568598508609 1.3715136785901434 0.5802895460666795 -0.3759064197562112 -0.9909470409890251 -0.8964486122058584 -1.0990596501901055 -0.9853412019934134 -0.6730158865236251 -0.242167118003763 -0.415147292725492 -0.5576957700424725 -0.5961358088695234 -0.5865257991627606 -0.3054330152399509 0.27597257201919323 1.3066461130694949 1.6029547456946784 1.1072384116541687 -0.5392765847711773 -0.9068594560548513 -0.8700210855122608 -0.7202651009152086 -1.2231889422357907 -1.1703338888485957 -1.0454037626606805 -1.3905632779619082 -2.4732910382571744 -3.0987425033389813 -3.6577247346156794 -3.8851616310090638 -3.825899904484027 -3.486346228178411 -2.7824130171580417 -2.2058124347522785
0.033319826923434714 -1.2360022885114743 -1.6948802520093942 -1.6948802520093942 -0.6537958671100996 0.39049185435811573 1.3498911567499272 1.9657326121249716 2.7177158716791543 2.9675761240549847 1.9272925732979203 -0.5112473897931191 -1.3745465951173035 -1.203168088680035 -0.45118482912585245 -0.2902171665375768 -0.02193772889045098 -0.25337879599498647 -0.5761149553137677 -0.9941503775579459 -1.0486070992296013 -0.86681774894334 -0.15247369407397793 0.6587712920052415 1.7238807011714434 1.7583165692873428 1.1408734456278382 -0.23015460587030967 -0.33586471264469964 -0.30863635180887217 -0.19411706946994967 -0.39752894159642693 -0.42155396586333405 -0.4655998436859963 -0.7002442473594528 -1.5395184284167303 -2.418834316585519 -3.1948426004066084 -4.108594356691297 -4.590696510313894 -4.363259613920509 -3.3165693900256032 -2.326738390229043
-0.24697212285714443 -0.12284283081145952 -0.45358733155254294 -0.3318605419335485 0.6731863065653858 1.721478198744752 2.8154176370312416 3.4809108092245604 4.166424834973634 4.030283030794495 2.9763852996195177 0.5995095654802047 -0.9541086704464345 -1.00856539211809 -0.3238522005112463 0.007693134372067423 0.20710083578739402 -0.5040398825130472 -1.1679313864219052 -1.5859668086660834 -1.7333202908364451 -1.4810575360339238 -0.7498959641777267 0.48579111728351254 1.6253781016771254 1.5989505749835273 0.9590840953415767 -0.16128286963851046 -0.16368537206520095 -0.1797020549098054 -0.16368537206520095 -0.31424219080448346 -0.2862129958264257 -0.323051366369016 0.03812483177681614 0.22151585034753785 -0.6602025402479414 -0.8836352659301747 -2.514133579510916 -3.291743531616466 -4.380877965049574 -3.557620466836901 -2.4060209703098354
-0.9420961583129812 -0.8179668662672961 0.36406432766451813 1.0463750168446713 2.028197675218929 2.997206987317503 4.061515562341475 4.821507163317959 5.196297541881705 5.054549898706956 3.9445937775758613 1.5092571510537423 -0.05076775801073907 -1.0245820749626946 -0.7290742764797409 -0.39592727331196675 -0.2950221713909582 -1.015772899398162 -1.6940794178671639 -2.2410491370104086 -2.4420585067101954 -2.2402483028681783 -1.8422337341797559 -0.6786217255192366 0.48338861485682205 0.8621831641317192 0.22071501620530753 -0.16688870863412175 -0.054771928721890184 -0.06918694328203445 -0.30463218109772106 -0.5905299698739117 -0.5729116187448469 -0.6137541599985883 -0.2565821325639073 -0.014730221610379068 0.6771904772765369 0.6619746285741628 -0.8508010660987353 -2.424440155581131 -3.5183795938676203 -3.2164651222468246 -2.2538624832860923
-1.2183839373824095 -1.0750346259231989 -0.3158438590889441 1.1953301672994936 2.495083980139151 3.7267668908892397 4.807092148757816 5.785711470563152 6.23818276092323 5.973907493987255 4.582858588933352 2.045816026347994 -0.23976461557707252 -1.5411200967011907 -1.4450199996335635 -1.2392056250803953 -1.0486070992296013 -1.506684228585291 -2.0360355965994708 -2.676702910383652 -2.9802190502889077 -3.0595016303697005 -2.9225589920483315 -2.380394277758468 -1.3329032197213317 -0.7547009690311082 -0.39752894159642693 -0.42075313172110373 -0.22935377172807936 -0.08440279198440859 -0.11883866010030841 -0.4968323752329753 -0.7426884568976548 -0.7474934617510363 -0.7194642667729783 -0.5753141211715374 -0.09080946512225019 0.6587712920052415 -0.2573829667061376 -1.5347134235633488 -2.2931033562553735 -2.3107217073844386 -1.9823797090700457
0.24714254289890514 -0.6081483210029768 -0.7563026373155686 0.656368789578551 2.31489629813735 3.8036469685433416 5.054549898706956 5.877006562777398 6.394345418658125 6.06280008377481 4.237699073632124 1.5829338921389229 -0.9901462068467948 -2.416431814158828 -2.383597614327389 -2.120924015675875 -2.0144130747592546 -1.899893792420332 -2.168173230067458 -2.66949540310358 -3.196444268691069 -3.557620466836901 -3.6176830275041683 -3.637703881059924 -3.0458874499517865 -2.3707842680517053 -1.7909803490770213 -1.3329032197213317 -0.49122653623736356 -0.06918694328203445 0.10539489972415517 0.1990924943650918 -0.07719528470433668 -0.02834440202829258 -0.1404611819405246 -0.22454876687469838 -0.5400774189134074 0.1470382751201269 0.0004856270919955108 0.009294802656528045 -0.5793182918826887 -1.1391013573016169 -1.4266008143622684
2.2171945327852627 0.9678932709061092 -0.12604616738038033 0.4913969562791243 1.9921601388185688 3.613849276834778 4.6693486762942165 5.378887726310197 5.608727125130272 5.076973254689401 3.4080349022816097 1.391534532145899 -1.1270888451681635 -3.1483942201572552 -3.549612125414599 -3.1548008932950973 -2.5381586037778225 -2.027226421034938 -2.101703996262349 -2.3219333853756616 -2.824056392554014 -3.3990553066753164 -3.7778498559502136 -3.955635035525324 -4.002884249916907 -3.685753929593737 -3.045086615809556 -2.324335887802352 -1.3361065562902528 -0.28861549825311617 0.3792801763668927 0.6059162386180468 0.97109660747503 1.0888192263828733 1.0103374804443113 0.719634686814739 0.2639600598857399 -0.22534960101692825 0.05414151462142058 0.2983959280016397 0.28157841101480496 -0.42235480000556436 -0.9469011631663626
2.35013300039548 1.140072611485608 0.625136258031572 1.21855435742417 2.328510478555264 3.343167336760961 4.043897211212409 4.464335135883278 4.700581207841195 4.6693486762942165 4.170429005684785 2.5471381993841162 0.6427546091606371 -1.6316143547732063 -2.791222192722574 -3.454312862489202 -3.05870079622747 -1.9415371678163038 -1.585165974523853 -1.7149011055651497 -2.1345381960937884 -2.754383822179984 -3.3397935801502796 -3.7257956367052487 -3.8523274311776246 -3.773044851096832 -3.3854411262574025 -2.7824130171580417 -2.0880898158444356 -1.3032723564588133 -0.403935614734269 0.5498578486619308 1.353094493318848 1.8680308467728834 2.2484270643322417 1.9993676460986411 1.3042436106428044 0.12701742156437135 0.02130731478998138 0.2615575574590494 0.42332605418955493 -0.2349596107236911 -0.9773328605711111
1.8448066566482075 0.8573781592783378 0.9238473930834465 1.6830381599177016 2.760160081217356 3.6699076667908934 3.770011934569672 3.900547899753199 4.126383127862123 4.513186018559322 4.798282973193283 4.439509277474141 3.9566062897093146 3.2686897615335497 1.224961030562012 -1.1230846744570124 -2.3507634144959497 -1.6564402131823432 -0.9380919876018301 -0.8884402707835561 -1.199163917968884 -1.6684527253157966 -2.344356741358108 -2.900135636065885 -3.2621126683539474 -3.4703295453338066 -3.286938526763085 -2.84728058267869 -2.312323375668899 -1.7501378078232799 -0.6626050426746322 0.3744751715135113 1.2489860548289187 1.901665880746553 2.670466657287571 2.836239324729228 2.485473970432388 1.5116596534804327 0.6371487701650254 0.4601644247321457 0.3576576545266765 -0.45118482912585245 -1.5074850627275211
2.9675761240549847 2.764164251928507 2.862666851422825 3.060472884553691 3.6058409354124756 3.58582008185672 3.2734947663869316 3.3087314686450617 3.295117288227148 3.2550755811156358 3.1661829913280815 3.0893029136739796 2.9195260755211714 3.348773175756573 2.3341163175508757 0.22952419176984007 -1.1519147035773005 -0.7667134811645615 -0.1989220743233311 0.006091466087607245 -0.14206285022498477 -0.323051366369016 -0.9244778071839161 -1.5186967407187444 -2.0352347624572404 -2.3579709217760216 -2.3251367219445824 -2.064865625719759 -1.567547623394788 -0.8251743735473682 0.36566599594897875 1.1240559286410035 1.4644104390888497 1.824785803092452 2.786587607910954 3.1469629719145558 2.8706751928451273 2.210787859647421 0.5282353268217146 0.19749082608063118 0.27276923545027243 0.1798724749515661 -0.878029426934563
2.979588636188438 3.2158347081463554 3.1397554646344834 3.1854030107416063 2.969978626481675 2.8642685197072857 2.8418451637248396 2.6728691597142613 2.5415323603885045 1.6622164722197152 1.3811236882969062 1.4419870831064032 1.8928567051820209 2.3757596929468474 2.013782660658785 1.4804271219334542 0.5370445023862471 0.3048026011394813 0.48178694657236143 0.8437639788604239 1.2481852206866884 1.2561935621089906 0.9406649100702813 0.6155262483248096 0.15664828482688975 -0.3486780589203833 -0.5512890969046307 -0.39993144402311787 -0.2085320840300935 0.37287350322905066 1.5581080337297863 2.1066794211574913 2.405390556209366 2.2043811865095786 2.637632457456131 2.9940036507485828 2.898704387823185 2.4550422730276398 0.7812989157664663 -0.09321196754894112 -0.18530789390541713 -0.11002948453577588 -0.7282734423375108
2.498287316708072 2.7793801006308816 2.670466657287571 2.6216157746115267 2.4438305950364163 2.670466657287571 2.2139911962163414 2.016985997227706 1.667822311215327 1.1873218258771914 1.1753093137437376 1.4644104390888497 1.8976617100354018 1.9529192658492875 1.9473134268536758 1.518867160760505 1.4187628929817269 1.2954344350782718 1.5589088678720162 2.0706418847571313 2.481469799721237 2.6680641548608803 2.8594635148539047 2.584777404068937 2.4021872196404446 1.9673342804094323 1.690245667197774 1.3578994981722294 1.4892362974979867 1.4299745709729499 1.7687274131363355 2.3709546880934664 2.781782603057572 2.7305292179548375 2.8690735245606667 2.6936908474122476 2.5639557163709505 2.2980787811505157 1.1929276648728027 0.2983959280016397 -0.18851123047433793 -0.2934205031064976 -0.856406905094347
2.03060017764562 2.3933780440759125 2.431818082902963 2.3845688685113795 2.274854591025839 2.2716512544569176 1.5701205458632397 1.6518056283707225 1.3194594593451785 1.9128775587377764 2.139513620988931 2.423008907338431 2.1859620012382837 2.0386085190679224 2.004973485094253 2.059430206765908 1.964130943840511 2.2492278984744716 2.6584541451541175 3.169386327897002 3.594629257421252 3.8765228754862924 4.162420664262482 4.288151624592629 4.106362274306367 3.878925377912983 3.3583831854633357 3.0188295091577193 2.4238097414806608 2.1827586646693624 2.360543844244473 2.997206987317503 3.4144415754194513 3.5393717016073665 3.140556298776714 2.9603686167749133 2.2260037083497948 1.6245772675348946 0.7788964133397758 0.8205397887357475 0.3480476448199137 0.3856868495047343 -0.1148344893891573
1.968935948693892 2.367751351524545 2.4550422730276398 2.31489629813735 2.2043811865095786 1.6069589164058296 1.0087358121598506 1.090420894667334 1.8055657836789263 2.6536491403007356 2.8778827001251996 2.979588636188438 2.742541730088291 2.398983883071524 2.2988796152927455 2.354938005248861 2.56155321394426 2.9731819630505965 3.4192465802728322 3.914962914313343 4.341807512122054 4.787071295202059 5.084180761969474 5.209110888157388 5.228330907570914 5.069765747409329 4.4851568235812636 3.774816939423053 3.1789963376037647 2.639234125740592 3.1117262696564256 3.7507919151561464 3.967817967700538 3.8885353876197457 3.3271506539163567 3.122937947647649 2.386971370938071 0.8605814958472586 0.12221241671098992 0.16545746039142228 1.151284289476831 1.5388880143162607 1.1136450847920103
2.0073759875209434 2.405390556209366 2.2620412447501557 2.068239382330441 1.7599182375718034 1.180114318597119 0.8958181981053888 1.3546961616033086 2.1010735821618796 2.684080837705485 2.998007821459734 3.131747123212181 3.0668795576915326 2.7353342228082194 2.624819111180448 2.7305292179548375 2.9379452607924663 3.299121458938299 3.779621944276435 4.2873507904503985 4.777461285495297 5.235538414850987 5.506220354924803 5.70402638805567 5.735258919602648 5.651171334668474 5.233936746566526 4.5027751747103295 3.630666793821612 2.9267335828012437 3.613849276834778 4.11917562058205 4.324989995135219 3.3647898586011773 2.570362389508792 2.4550422730276398 2.3261079761285735 0.5987087313379749 -0.27339964955074203 -0.006721880188076401 1.0736033776804992 2.1739494891048303 2.183559498811593
1.96012677312936 2.2724520885991484 1.96012677312936 1.402746210137122 1.003129973164239 0.8685898372695608 1.0784083825338806 1.4395845806797127 1.9561226024182088 2.448635599889798 2.8146168028890117 2.9731819630505965 2.890696046400883 2.7345333886659886 2.73773672523491 2.8690735245606667 3.0901037478162094 3.420047414415063 3.8661120316372988 4.29696080015716 4.7950796366243615 5.229932575855376 5.550266232747466 5.762487280438476 5.904234923613226 5.893824079764233 5.622341305548186 5.062558240129258 4.1976573665206125 3.2742956005291615 3.464093292237725 3.8997470656109683 3.852497851219385 2.822625144311314 1.9433092561425247 1.74790572543835 1.671826481926478 0.8637848324161799 0.36806849837566924 0.48659195142574285 0.9558807587726559 1.9521184317070577 2.2139911962163414
