static/data/salinity/2023/7/10/0.asc
ncols 137
nrows 93
xllcorner 108.0
yllcorner 17.0
cellsize 0.25
NODATA_value -32767
[rows 0 to 26 of 93, columns 61 to 121 of 137]
-32767.0 -32767.0 -32767.0 -32767.0 -32767.0 -32767.0 -32767.0 -32767.0 -32767.0 -32767.0 -32767.0 -32767.0 -32767.0 -32767.0 -32767.0 -32767.0 -32767.0 -32767.0 -32767.0 31.968754 32.405376 32.47775 33.345528 33.272984 33.219612 33.199615 33.44479 33.63479 33.783207 33.845654 33.47088 33.411808 33.66954 33.79638 33.836018 33.696735 33.699814 33.64557 33.492973 33.534138 33.656563 33.705048 33.724255 34.053284 34.040478 33.85424 33.679024 33.615147 33.96709 34.082737 33.964592 33.67397 33.74131 33.863544 33.88183 33.81462 33.714 33.726505 33.795143 33.745644 33.67508
30.099613 30.015045 29.911526 29.773844 29.591568 29.340706 28.915815 -32767.0 -32767.0 -32767.0 -32767.0 -32767.0 -32767.0 -32767.0 -32767.0 -32767.0 -32767.0 -32767.0 32.214783 32.73521 33.11477 33.412853 33.374302 33.35336 33.429634 33.586277 33.62065 33.628777 33.69495 33.5766 33.517025 33.32878 33.55492 33.9454 33.688503 33.576736 33.465443 33.238304 33.102325 33.308666 33.813515 33.909637 33.824417 33.873047 33.778927 33.72032 33.835472 34.05177 34.15286 34.17643 34.146694 34.044308 33.946373 33.800335 33.745724 33.749386 33.74346 33.755596 33.79884 33.838295 33.886475
30.061386 30.001545 29.981583 29.850584 29.655704 29.39085 28.865387 28.404835 27.82862 -32767.0 -32767.0 -32767.0 -32767.0 -32767.0 -32767.0 -32767.0 -32767.0 -32767.0 32.7679 32.905334 33.253983 33.280746 33.317657 33.40112 33.455612 33.494293 33.505444 33.509655 33.518513 33.522663 33.541245 33.358864 33.523106 33.83814 34.00782 33.860058 33.823814 33.162624 33.040897 33.55396 34.05329 34.003487 33.823048 33.77777 33.789646 33.970535 34.11237 34.136524 34.313747 34.232834 34.087147 33.99035 33.92606 33.84149 33.766846 33.68711 33.710167 33.714046 33.772236 33.878174 33.940765
30.32804 30.248873 30.260204 30.1573 30.000212 29.480053 29.223818 28.719831 27.831308 -32767.0 -32767.0 -32767.0 -32767.0 -32767.0 -32767.0 -32767.0 -32767.0 32.16473 32.598293 33.147896 32.940247 33.106724 33.508923 33.543644 33.35403 33.1645 33.160416 33.284653 33.41636 33.574883 33.61601 33.472164 33.415268 33.86777 33.873306 33.92967 33.476994 33.06259 33.967316 34.015648 34.042366 34.07647 33.78516 33.841423 33.996174 34.089966 34.050262 34.319138 34.341175 34.240837 34.07759 34.012142 34.004925 33.917896 33.82427 33.79512 33.789986 33.81505 33.864315 33.93493 33.957973
30.344229 30.42348 30.357471 30.300575 30.200275 29.6776 29.106619 28.844221 -32767.0 -32767.0 -32767.0 -32767.0 -32767.0 -32767.0 -32767.0 -32767.0 -32767.0 -32767.0 -32767.0 32.558655 32.833355 33.456245 33.547375 33.332798 32.93895 32.88815 33.101475 33.25269 33.304436 33.36788 33.481197 33.688667 33.385582 33.33117 33.325375 33.33546 33.14028 33.929432 33.99179 34.09198 34.118034 34.14849 33.792007 33.911655 34.14784 34.106594 34.04157 34.036182 34.36678 34.271286 34.134277 34.03476 34.02566 34.0035 34.027252 34.05358 33.88803 33.878628 33.912827 33.902294 33.88836
30.027048 29.98634 30.158825 30.139978 30.12765 30.115734 29.195147 28.934814 -32767.0 -32767.0 -32767.0 -32767.0 -32767.0 -32767.0 -32767.0 -32767.0 -32767.0 -32767.0 -32767.0 -32767.0 32.84002 33.173645 33.476498 33.531548 33.26775 32.361313 32.66053 33.44788 33.47553 33.404533 33.398727 33.638786 33.72634 33.62931 33.456005 33.199265 33.660507 34.039864 34.125523 34.23687 34.227245 34.07099 33.838257 34.192165 34.184002 34.18942 34.200672 33.94977 34.273476 34.306465 34.20076 34.04859 33.96727 33.979134 34.021404 34.06435 34.06708 33.914146 33.76366 33.63743 33.733315
29.49017 29.547882 29.658434 29.798143 29.917944 30.097525 28.843668 28.999989 -32767.0 -32767.0 -32767.0 -32767.0 -32767.0 -32767.0 -32767.0 -32767.0 -32767.0 -32767.0 -32767.0 -32767.0 -32767.0 32.892708 33.433064 33.467796 33.555756 32.58241 32.24983 33.589653 33.665123 33.420444 33.435036 33.622364 33.756905 33.24543 33.47351 33.98604 34.131332 34.0109 34.224 34.228607 34.01605 33.987015 34.270447 34.156208 34.07576 34.10765 34.008972 33.90553 34.320286 34.296104 34.260666 34.056458 33.9402 33.944286 34.017174 34.048603 34.061638 33.95248 33.62647 33.594715 33.88531
29.272202 29.540197 29.734196 29.778906 29.89498 28.891703 27.60302 -32767.0 -32767.0 -32767.0 -32767.0 -32767.0 -32767.0 -32767.0 -32767.0 -32767.0 -32767.0 -32767.0 -32767.0 -32767.0 -32767.0 -32767.0 33.21111 33.39052 33.39499 32.98524 32.0839 33.068172 33.752033 33.85543 33.868385 33.78832 33.341602 33.79154 33.977455 33.99388 34.09759 33.979885 34.241245 34.02709 34.16684 34.24017 34.064285 33.875347 33.933075 34.0224 34.002388 34.28389 34.323963 34.26087 34.28172 34.098907 33.972637 34.002106 34.09142 34.1159 34.08083 34.078037 33.670113 33.7242 33.934967
29.134752 29.317392 29.610756 29.692966 29.652218 28.328562 -32767.0 25.209023 -32767.0 -32767.0 -32767.0 -32767.0 -32767.0 -32767.0 -32767.0 -32767.0 -32767.0 -32767.0 -32767.0 -32767.0 -32767.0 -32767.0 32.92471 33.126682 33.277596 32.742943 32.118546 32.462498 33.487835 33.838345 33.672497 33.45758 33.506363 33.748085 33.86087 34.036407 34.03637 33.943417 34.23246 34.033142 34.063747 34.060883 33.895287 34.00917 34.423237 34.42422 34.39753 34.38878 34.219803 34.162445 34.134956 34.073765 34.09974 34.145844 34.039135 34.01511 33.93125 34.089054 33.807632 33.94941 -32767.0
29.048874 29.13698 29.223623 29.260582 29.38198 29.18064 28.4071 27.391848 24.19373 22.886538 23.080456 21.034222 17.976732 -32767.0 -32767.0 -32767.0 -32767.0 -32767.0 -32767.0 -32767.0 -32767.0 -32767.0 -32767.0 33.053375 33.170628 32.360203 32.022488 32.02229 33.513985 33.73064 33.697216 33.386787 33.058407 33.5709 33.773197 33.85245 33.78858 33.82148 33.824657 33.941685 33.985775 33.979256 33.73115 34.363903 34.299477 34.279575 34.2686 34.246273 34.19306 34.13134 34.129177 34.124348 34.084595 34.087265 34.07461 33.952293 33.796955 33.94627 34.02259 33.883648 33.668137
28.88083 29.027266 29.284842 29.31033 29.564291 29.515549 29.552505 29.887123 29.119879 28.301037 27.368073 26.01767 24.114922 -32767.0 -32767.0 -32767.0 -32767.0 -32767.0 -32767.0 -32767.0 -32767.0 -32767.0 -32767.0 -32767.0 33.09213 32.593777 32.09827 32.01598 33.33018 33.34916 33.448498 33.36009 33.00892 33.535885 33.7853 33.80889 33.843697 33.843704 33.70903 33.60004 33.658127 33.73082 34.22448 34.299175 34.30968 34.23903 34.18991 34.205334 34.199318 34.06395 33.980305 34.022144 34.034603 33.988552 34.026276 33.753616 -32767.0 33.819565 33.779396 33.685833 33.74733
28.800652 29.215588 29.309198 29.768244 30.08574 30.4246 30.344027 30.075321 29.906197 28.918556 28.605648 28.252651 25.304201 20.773592 17.579685 -32767.0 -32767.0 -32767.0 -32767.0 -32767.0 -32767.0 -32767.0 -32767.0 -32767.0 -32767.0 32.816135 32.271755 32.07324 31.97761 32.862717 33.574604 33.224743 32.959465 33.570496 33.727608 33.80782 33.803936 33.774128 33.598354 33.540554 33.578537 33.66327 34.34114 34.151493 34.317715 34.27994 34.23879 34.25875 34.044342 33.98791 33.95689 34.049206 34.03905 34.064625 -32767.0 -32767.0 33.738907 33.773037 33.836372 33.70818 32.28001
29.343117 29.386965 29.381992 29.766762 30.329096 30.435932 30.37998 30.493433 30.25268 29.719168 29.36469 28.901134 27.440466 -32767.0 17.733898 -32767.0 -32767.0 -32767.0 -32767.0 -32767.0 -32767.0 -32767.0 -32767.0 -32767.0 -32767.0 32.59334 31.905552 32.0934 32.247875 32.0461 32.52104 33.10711 33.104305 33.310013 33.698536 33.67775 33.625114 33.711964 33.533577 33.547764 33.621727 33.628727 34.12232 33.928253 33.888332 33.95778 34.313225 34.166973 34.011982 34.017643 34.04741 34.005516 33.803986 33.67751 -32767.0 33.700924 33.620426 33.504723 -32767.0 -32767.0 -32767.0
29.39886 29.499065 29.642462 29.666382 29.91927 30.316233 30.593435 30.685167 30.45279 29.837103 29.833513 29.123125 -32767.0 -32767.0 -32767.0 -32767.0 -32767.0 -32767.0 -32767.0 -32767.0 -32767.0 -32767.0 -32767.0 -32767.0 -32767.0 32.3831 32.07032 32.018497 33.147255 32.733963 32.57769 32.81919 33.002754 33.18695 33.466602 33.741592 33.769234 33.45127 33.645596 33.665543 33.627144 33.651016 33.966393 34.151554 33.967186 33.76073 33.946186 34.256226 34.02821 33.878155 33.923023 34.09675 33.874203 33.67128 33.237465 -32767.0 33.39978 -32767.0 -32767.0 -32767.0 -32767.0
29.398472 29.493984 30.1307 30.605738 30.914356 31.096754 31.116058 31.139797 30.752804 30.270079 30.218494 29.905333 28.46238 -32767.0 -32767.0 -32767.0 -32767.0 -32767.0 -32767.0 -32767.0 -32767.0 -32767.0 -32767.0 -32767.0 -32767.0 32.399014 31.707811 32.072918 31.99823 32.627117 33.219143 33.364807 33.343483 33.188255 33.136845 33.262173 33.327957 33.63099 33.742786 33.68021 33.628937 33.656822 33.59277 33.720425 33.663376 33.830097 33.75349 34.080208 34.088753 33.97182 33.947903 34.020164 33.804173 33.264603 -32767.0 -32767.0 -32767.0 -32767.0 -32767.0 -32767.0 -32767.0
29.490366 29.493027 30.105103 30.555744 30.74856 30.844597 31.064838 31.163788 31.036098 30.7902 30.495462 29.748074 28.452421 27.037624 -32767.0 -32767.0 -32767.0 -32767.0 -32767.0 -32767.0 -32767.0 -32767.0 -32767.0 -32767.0 -32767.0 32.61525 31.601847 32.036743 32.28513 32.492535 33.74512 33.830814 33.781612 33.598537 33.45212 33.595627 33.743942 33.84644 33.856483 33.69104 -32767.0 33.736042 33.57452 33.722492 33.647842 33.765026 33.78693 33.827602 33.985714 33.746635 33.618813 33.633926 -32767.0 -32767.0 -32767.0 -32767.0 -32767.0 -32767.0 -32767.0 -32767.0 -32767.0
29.525013 29.51273 29.929443 30.24261 30.445679 30.895245 31.529625 31.466349 31.05351 30.801188 30.670994 30.508442 28.838308 25.91494 -32767.0 -32767.0 -32767.0 -32767.0 -32767.0 -32767.0 -32767.0 -32767.0 -32767.0 -32767.0 -32767.0 -32767.0 31.4145 32.16164 32.469555 32.827923 33.88548 33.9318 33.862953 33.897564 33.926064 33.793137 33.68353 33.6363 33.711987 33.612797 33.684574 33.6205 33.5349 33.429955 33.4891 33.56721 33.421146 33.508907 33.77165 33.87256 33.572956 33.226112 -32767.0 -32767.0 -32767.0 -32767.0 -32767.0 -32767.0 -32767.0 -32767.0 -32767.0
29.75407 29.807526 30.031214 30.632519 30.663277 31.070908 31.666788 31.822332 31.579512 31.391047 30.925375 30.17622 29.017776 25.311926 25.214827 -32767.0 -32767.0 -32767.0 -32767.0 -32767.0 -32767.0 -32767.0 -32767.0 -32767.0 -32767.0 32.173485 31.586897 32.24547 32.142284 32.419884 33.203625 33.89686 33.49221 33.416138 33.40402 33.616806 33.523224 33.344223 33.24212 33.186745 33.07169 33.10253 33.12654 32.566856 32.549187 33.117485 33.2565 33.465683 -32767.0 33.33343 32.890064 32.404633 -32767.0 -32767.0 -32767.0 -32767.0 -32767.0 -32767.0 -32767.0 -32767.0 -32767.0
30.681332 30.873001 31.096407 31.345974 31.1597 31.202858 31.552713 31.961393 32.10763 32.084698 31.46337 29.765112 26.470087 24.40358 -32767.0 -32767.0 -32767.0 -32767.0 -32767.0 -32767.0 -32767.0 -32767.0 -32767.0 -32767.0 -32767.0 32.226967 31.390686 32.11899 32.124504 32.37683 32.70089 33.17246 33.091522 32.800983 32.74423 33.05152 33.118042 32.695263 32.948383 -32767.0 -32767.0 33.370346 33.0701 -32767.0 -32767.0 -32767.0 -32767.0 -32767.0 -32767.0 -32767.0 -32767.0 -32767.0 -32767.0 -32767.0 -32767.0 -32767.0 -32767.0 -32767.0 -32767.0 -32767.0 -32767.0
30.328423 30.761429 31.427956 31.603828 31.474293 31.563282 31.876635 32.008118 32.070824 31.298141 30.04771 29.272572 23.721443 -32767.0 -32767.0 -32767.0 -32767.0 -32767.0 -32767.0 -32767.0 -32767.0 -32767.0 -32767.0 -32767.0 32.781235 31.10858 31.390717 32.054573 32.82207 32.725864 32.796738 32.643085 32.507504 32.4366 32.644318 32.7034 32.53366 32.85023 -32767.0 -32767.0 -32767.0 -32767.0 -32767.0 -32767.0 -32767.0 -32767.0 -32767.0 -32767.0 -32767.0 -32767.0 -32767.0 -32767.0 -32767.0 -32767.0 -32767.0 -32767.0 -32767.0 -32767.0 -32767.0 -32767.0 -32767.0
30.426605 30.906294 31.618755 31.651655 31.508518 31.756771 31.816393 31.838058 31.930521 31.47328 29.664745 29.163189 22.137527 -32767.0 -32767.0 -32767.0 -32767.0 -32767.0 -32767.0 -32767.0 -32767.0 31.455853 31.16713 31.315208 30.967834 30.91766 31.512106 32.01526 32.490158 32.497475 32.607418 32.611324 32.74911 32.93085 32.807938 32.802856 -32767.0 -32767.0 -32767.0 -32767.0 -32767.0 -32767.0 -32767.0 -32767.0 -32767.0 -32767.0 -32767.0 -32767.0 -32767.0 -32767.0 -32767.0 -32767.0 -32767.0 -32767.0 29.780622 -32767.0 -32767.0 -32767.0 -32767.0 -32767.0 -32767.0
30.30282 30.46492 30.73774 30.944193 31.030834 31.300041 31.753439 31.745008 31.773996 31.705332 30.655916 29.973873 28.282103 -32767.0 -32767.0 -32767.0 -32767.0 28.411812 30.822899 30.609262 30.830898 30.839243 31.229324 30.611992 31.266008 31.040627 31.78403 31.994045 32.064133 32.15071 32.344986 32.500748 33.03682 33.106743 32.67012 -32767.0 -32767.0 -32767.0 -32767.0 -32767.0 -32767.0 -32767.0 -32767.0 -32767.0 -32767.0 29.983362 29.875937 -32767.0 -32767.0 -32767.0 -32767.0 -32767.0 -32767.0 -32767.0 30.369759 -32767.0 -32767.0 -32767.0 -32767.0 -32767.0 34.144577
30.273577 30.451517 30.929094 31.197874 31.20812 31.310787 31.426 31.442368 31.727047 31.788656 30.963911 29.356754 -32767.0 28.770145 -32767.0 30.191092 -32767.0 29.69664 -32767.0 30.490396 30.372997 30.610199 30.61948 31.000181 31.629934 31.837479 31.969154 32.31651 32.489594 32.250652 32.477177 32.75473 32.770515 -32767.0 -32767.0 -32767.0 -32767.0 -32767.0 -32767.0 -32767.0 -32767.0 31.436666 31.200645 30.820595 30.223133 31.03182 31.031908 30.410795 30.305885 -32767.0 -32767.0 -32767.0 -32767.0 -32767.0 30.119354 31.162521 33.14351 33.99101 34.133186 34.05537 33.987583
30.499937 30.474524 30.591352 30.687294 30.714273 30.889 31.132292 31.323019 31.556314 31.4328 31.558546 31.0443 30.168373 30.224213 30.203856 30.128653 30.094456 30.141445 30.16996 30.57227 30.79492 31.031176 31.115044 31.435938 -32767.0 32.27998 32.55568 32.517242 32.669807 32.434635 33.070557 -32767.0 -32767.0 -32767.0 -32767.0 -32767.0 30.336899 30.700909 31.773954 31.697681 31.028591 30.665188 30.957317 -32767.0 -32767.0 30.39684 31.040354 31.66129 -32767.0 -32767.0 -32767.0 -32767.0 -32767.0 34.18031 34.457462 34.32746 34.136314 33.98513 33.98349 34.02121 34.096924
30.742304 30.620024 30.505018 30.510563 30.50048 30.614967 30.7578 31.34545 31.457533 31.430624 31.653465 31.75855 31.483923 31.183922 31.073334 31.272182 31.088022 31.018253 31.274952 31.704365 32.33395 32.480267 32.20559 32.029594 32.37689 32.726517 33.00379 33.04631 32.904232 33.19963 32.596783 30.753214 -32767.0 30.616947 30.939287 -32767.0 30.583553 32.066414 32.224827 -32767.0 30.697351 30.81169 -32767.0 -32767.0 -32767.0 -32767.0 31.52304 31.748375 -32767.0 -32767.0 -32767.0 -32767.0 34.277668 34.225895 34.051315 33.868675 33.89954 33.970036 34.059193 34.149555 34.189964
30.122162 30.286343 30.07046 30.212093 30.257156 30.389938 30.625069 30.975878 31.206211 31.413963 31.671766 31.998983 32.244854 32.448483 32.532337 32.09314 31.89652 32.130405 32.235992 32.479218 32.803604 32.80239 32.512688 32.727287 32.822628 33.10571 -32767.0 33.30107 33.296738 -32767.0 -32767.0 31.700815 31.064686 31.274998 31.457891 32.23762 32.90458 32.485226 -32767.0 -32767.0 -32767.0 -32767.0 -32767.0 -32767.0 -32767.0 -32767.0 31.730982 33.21921 32.47392 -32767.0 -32767.0 34.303783 34.26215 33.943253 33.796852 33.82094 33.971794 34.087326 34.18155 34.262165 34.357533
30.114109 30.14844 30.145489 30.257772 30.228134 30.292322 30.58274 30.859829 31.06248 31.439589 31.9403 32.289333 32.54106 -32767.0 -32767.0 32.117393 32.64337 32.766506 32.93446 33.02086 32.994144 32.88421 32.818474 32.860687 33.043568 33.408466 33.121647 32.97212 -32767.0 -32767.0 -32767.0 -32767.0 -32767.0 -32767.0 31.43718 32.998035 32.960762 -32767.0 -32767.0 -32767.0 -32767.0 -32767.0 33.04251 -32767.0 33.43103 33.189426 33.512722 33.834908 33.44751 33.167587 -32767.0 34.246414 34.03656 33.83541 33.735096 33.75217 33.873028 34.067894 34.205772 34.259743 34.4342
