static/data/salinity/2023/7/10/12.asc
ncols 137
nrows 93
xllcorner 108.0
yllcorner 17.0
cellsize 0.25
NODATA_value -32767
[rows 0 to 26 of 93, columns 61 to 121 of 137]
-32767.0 -32767.0 -32767.0 -32767.0 -32767.0 -32767.0 -32767.0 -32767.0 -32767.0 -32767.0 -32767.0 -32767.0 -32767.0 -32767.0 -32767.0 -32767.0 -32767.0 -32767.0 -32767.0 32.299915 32.571976 32.516605 33.092636 33.504128 33.276466 33.19575 33.392277 33.633568 33.785103 33.852 33.5352 33.445908 33.727432 33.84533 33.820686 33.73175 33.76667 33.768745 33.591713 33.484245 33.6017 33.67249 33.727093 34.054432 34.03732 33.92111 33.68827 33.63453 33.88794 34.034977 34.03729 33.76476 33.71784 33.83441 33.851513 33.78219 33.682842 33.685955 33.72715 33.7741 33.6445
30.09726 30.006811 29.907404 29.772034 29.592873 29.344172 28.908846 -32767.0 -32767.0 -32767.0 -32767.0 -32767.0 -32767.0 -32767.0 -32767.0 -32767.0 -32767.0 -32767.0 32.449795 33.09859 32.934982 33.362526 33.390522 33.363384 33.388214 33.557766 33.541924 33.63575 33.696613 33.599697 33.520645 33.35777 33.636307 33.983513 33.640163 33.558594 33.38803 33.204773 33.128624 33.144276 33.75725 33.8709 33.76873 33.918266 33.839943 33.72693 33.78955 33.98208 34.111954 34.210117 34.1292 34.11095 33.977184 33.809235 33.765205 33.718304 33.685333 33.711514 33.761482 33.797657 33.826717
30.05529 29.990252 29.967772 29.82842 29.620028 29.37053 28.860157 28.4406 27.830442 -32767.0 -32767.0 -32767.0 -32767.0 -32767.0 -32767.0 -32767.0 -32767.0 -32767.0 32.754997 32.82245 33.282722 33.253513 33.275646 33.377323 33.45946 33.491478 33.526356 33.538116 33.52671 33.52828 33.527954 33.367462 33.604286 33.880104 33.984547 33.864956 33.818676 33.20594 33.049187 33.39201 33.97932 33.968487 33.81899 33.75802 33.781937 33.903847 34.098923 34.07212 34.228725 34.28085 34.16088 34.00266 33.91438 33.801414 33.741676 33.652035 33.653267 33.66667 33.73308 33.828407 33.89788
30.29947 30.270536 30.213112 30.148172 29.916788 29.46857 29.23774 28.711075 27.826689 -32767.0 -32767.0 -32767.0 -32767.0 -32767.0 -32767.0 -32767.0 -32767.0 32.159203 32.52999 33.135128 33.02172 33.14742 33.515804 33.56433 33.285275 33.185898 33.16875 33.200817 33.34961 33.51698 33.589394 33.47206 33.472374 33.810585 33.836308 33.901047 33.66414 33.1226 33.927837 34.009163 34.02864 34.089577 33.825874 33.852673 33.948162 34.074467 34.02097 34.258522 34.36282 34.28979 34.140846 34.01225 34.00998 33.928436 33.82233 33.80974 33.771973 33.76179 33.817062 33.912792 33.958546
30.370237 30.41057 30.337269 30.30927 30.147549 29.695982 29.122164 28.825855 -32767.0 -32767.0 -32767.0 -32767.0 -32767.0 -32767.0 -32767.0 -32767.0 -32767.0 -32767.0 -32767.0 32.593426 32.818867 33.310425 33.54104 33.21596 32.872105 32.437664 32.858044 33.207844 33.262836 33.31574 33.479614 33.71544 33.39148 33.336914 33.391174 33.37835 33.203506 33.902752 34.004295 34.073074 34.06719 34.11805 33.84392 33.87543 34.12485 34.1111 34.0794 33.966797 34.361652 34.292023 34.178967 34.03354 34.02343 33.99793 34.02236 34.053417 33.901485 33.88481 33.922928 33.92329 33.911053
30.04953 30.012066 30.17708 30.154186 30.126291 30.109241 29.217968 28.961964 -32767.0 -32767.0 -32767.0 -32767.0 -32767.0 -32767.0 -32767.0 -32767.0 -32767.0 -32767.0 -32767.0 -32767.0 32.78371 33.025856 33.486732 33.619816 33.298782 32.420383 32.30406 33.386448 33.503235 33.415974 33.40324 33.50024 33.662445 33.648895 33.54415 33.328716 33.578873 34.051422 34.14138 34.218517 34.196033 34.1198 33.81441 34.11344 34.172897 34.191864 34.22807 33.9622 34.202824 34.31797 34.219772 34.043106 33.95596 33.97465 34.023983 34.06869 34.078907 33.93625 33.848804 33.702667 33.778725
29.48138 29.526152 29.650053 29.775318 29.902372 30.053238 28.753 28.989168 -32767.0 -32767.0 -32767.0 -32767.0 -32767.0 -32767.0 -32767.0 -32767.0 -32767.0 -32767.0 -32767.0 -32767.0 -32767.0 32.815147 33.40362 33.47151 33.560413 32.75407 32.105614 33.36248 33.634182 33.397587 33.429874 33.633633 33.735325 33.323383 33.36872 33.897617 34.123337 34.02894 34.229618 34.22897 34.05088 33.915695 34.27267 34.18896 34.123505 34.128075 34.0157 33.8869 34.241505 34.317986 34.262142 34.052322 33.943882 33.92998 34.013287 34.053604 34.076702 33.988876 33.6781 33.645416 33.926113
29.23196 29.481518 29.752743 29.774174 29.870966 28.985823 27.499004 -32767.0 -32767.0 -32767.0 -32767.0 -32767.0 -32767.0 -32767.0 -32767.0 -32767.0 -32767.0 -32767.0 -32767.0 -32767.0 -32767.0 -32767.0 33.012493 33.398247 33.3679 33.126114 32.155075 32.936947 33.74366 33.758522 33.6682 33.709682 33.457634 33.792934 33.999706 33.99293 34.082844 34.011898 34.22144 34.015133 34.181335 34.24457 34.091717 33.95305 33.882698 34.034355 34.026276 34.202263 34.34148 34.284584 34.274033 34.07834 34.016125 33.992706 34.055 34.14284 34.11033 34.110306 33.71408 33.773254 33.8901
29.1105 29.246283 29.477505 29.6208 29.588224 28.35874 -32767.0 25.09996 -32767.0 -32767.0 -32767.0 -32767.0 -32767.0 -32767.0 -32767.0 -32767.0 -32767.0 -32767.0 -32767.0 -32767.0 -32767.0 -32767.0 32.860638 32.968163 33.289486 32.857685 32.10581 32.30894 33.503414 33.832214 33.836445 33.40477 33.68765 33.735184 33.87257 34.03004 33.985725 33.977177 34.199905 34.021328 34.067284 34.063873 34.00575 33.918926 34.386505 34.42418 34.42319 34.403366 34.24182 34.233036 34.20716 34.077152 34.101692 34.13453 34.105515 34.030354 33.970943 34.1068 33.803493 33.982735 -32767.0
29.048359 29.119774 29.218119 29.234663 29.362772 29.120016 28.24904 26.851791 23.98496 22.435337 22.878435 21.026636 17.981558 -32767.0 -32767.0 -32767.0 -32767.0 -32767.0 -32767.0 -32767.0 -32767.0 -32767.0 -32767.0 32.93347 33.18548 32.713657 32.206955 32.03869 33.515545 33.720726 33.646877 33.398018 33.22544 33.575397 33.79443 33.867622 33.817757 33.81237 33.915363 34.067398 34.061462 34.017006 33.735504 34.352936 34.33283 34.30774 34.323456 34.322353 34.180557 34.143185 34.135468 34.11862 34.072346 34.08143 34.06151 33.993248 33.837933 34.01423 34.02449 33.92092 33.6802
28.772896 29.029007 29.26259 29.352919 29.626581 29.594965 29.576931 29.883244 29.146446 28.354443 27.456491 25.999956 24.189056 -32767.0 -32767.0 -32767.0 -32767.0 -32767.0 -32767.0 -32767.0 -32767.0 -32767.0 -32767.0 -32767.0 33.01099 32.95866 32.274822 32.033115 33.309765 33.42888 33.554855 33.29863 33.057594 33.57522 33.81072 33.824203 33.879158 33.83871 33.71123 33.59869 33.64161 33.7298 34.15485 34.32854 34.309517 34.254875 34.235287 34.205456 34.187702 34.01733 33.971035 34.000927 34.02332 33.9985 33.918625 33.76637 -32767.0 33.80721 33.76865 33.734585 33.768425
28.738548 29.21786 29.307663 29.734705 30.111937 30.492966 30.311756 30.087475 29.885757 28.947834 28.642397 28.30462 25.287302 20.601175 17.643301 -32767.0 -32767.0 -32767.0 -32767.0 -32767.0 -32767.0 -32767.0 -32767.0 -32767.0 -32767.0 33.036957 32.22815 32.141743 32.0016 32.907253 33.57356 33.31618 33.06488 33.58102 33.76845 33.84384 33.816833 33.76722 33.590862 33.536118 33.580044 33.686825 34.32224 34.22764 34.350563 34.252983 34.25741 34.247425 34.040398 33.98151 33.991955 34.072517 34.02589 34.045914 -32767.0 -32767.0 33.762848 33.815224 33.793304 33.547424 32.5451
29.34251 29.372477 29.37663 29.803617 30.271074 30.34565 30.366737 30.484858 30.228088 29.730324 29.411581 28.916378 27.787182 -32767.0 17.611084 -32767.0 -32767.0 -32767.0 -32767.0 -32767.0 -32767.0 -32767.0 -32767.0 -32767.0 -32767.0 32.77467 32.147396 32.042187 32.492752 32.100555 32.396385 33.16113 33.134167 33.31901 33.718536 33.656315 33.633915 33.717907 33.544033 33.555515 33.635616 33.6481 34.131466 33.972713 33.941013 33.995808 34.309414 34.15192 34.01173 34.00639 34.012356 33.949677 33.683002 33.621704 -32767.0 33.721478 33.611122 33.498642 -32767.0 -32767.0 -32767.0
29.397131 29.507856 29.647655 29.701918 30.008484 30.405785 30.617428 30.670902 30.447788 29.842066 29.874561 29.177496 -32767.0 -32767.0 -32767.0 -32767.0 -32767.0 -32767.0 -32767.0 -32767.0 -32767.0 -32767.0 -32767.0 -32767.0 -32767.0 32.69604 31.86976 32.0669 32.874172 33.07514 32.587173 32.729576 33.05268 33.24882 33.460033 33.749954 33.80585 33.469517 33.663475 33.71282 33.642124 33.65465 34.05811 34.1382 33.98123 33.77955 33.90625 34.251522 34.076466 33.915512 33.850178 34.062298 33.939133 33.743793 33.236988 -32767.0 33.45395 -32767.0 -32767.0 -32767.0 -32767.0
29.404322 29.534132 30.254988 30.691956 30.96788 31.117132 31.106525 31.108873 30.64116 30.239906 30.19867 30.027273 28.424116 -32767.0 -32767.0 -32767.0 -32767.0 -32767.0 -32767.0 -32767.0 -32767.0 -32767.0 -32767.0 -32767.0 -32767.0 32.47804 31.875183 32.137344 32.10977 32.46929 33.163097 33.362293 33.355743 33.20908 33.19307 33.298347 33.34207 33.50904 33.768158 33.697094 33.645905 33.643646 33.63449 33.7291 33.703773 33.836746 33.811886 34.09076 34.09102 34.004253 33.828823 33.819473 33.837234 33.283974 -32767.0 -32767.0 -32767.0 -32767.0 -32767.0 -32767.0 -32767.0
29.452158 29.550398 30.211943 30.554304 30.695314 30.83395 31.08653 31.13851 31.02257 30.765602 30.498207 29.732807 28.493847 26.89549 -32767.0 -32767.0 -32767.0 -32767.0 -32767.0 -32767.0 -32767.0 -32767.0 -32767.0 -32767.0 -32767.0 32.6461 31.997334 32.190228 32.438416 32.533688 33.57449 33.889805 33.83032 33.68672 33.4792 33.540813 33.611633 33.753952 33.85832 33.758747 -32767.0 33.664913 33.590103 33.67433 33.641685 33.807217 33.809086 33.91157 34.021027 33.798008 33.6298 33.586845 -32767.0 -32767.0 -32767.0 -32767.0 -32767.0 -32767.0 -32767.0 -32767.0 -32767.0
29.506723 29.527145 29.970558 30.26819 30.482273 31.027233 31.533987 31.44702 31.07686 30.863022 30.729485 30.553703 28.84772 25.850485 -32767.0 -32767.0 -32767.0 -32767.0 -32767.0 -32767.0 -32767.0 -32767.0 -32767.0 -32767.0 -32767.0 -32767.0 32.075626 32.151356 32.281384 32.75251 33.8538 33.981045 33.88293 33.89893 33.991047 33.935745 33.752033 33.66499 33.660408 33.629246 33.706055 33.675514 33.567226 33.42221 33.532406 33.629444 33.402985 33.358475 33.59859 33.8056 33.5722 33.284073 -32767.0 -32767.0 -32767.0 -32767.0 -32767.0 -32767.0 -32767.0 -32767.0 -32767.0
29.743425 29.824535 30.088491 30.66505 30.66649 31.214195 31.721762 31.795765 31.444414 31.126657 30.904627 30.245405 29.238491 25.27287 25.07959 -32767.0 -32767.0 -32767.0 -32767.0 -32767.0 -32767.0 -32767.0 -32767.0 -32767.0 -32767.0 32.819874 31.731312 32.18455 32.136715 32.428757 32.93138 33.912193 33.648018 33.4608 33.417458 33.49788 33.609966 33.37225 33.20222 33.150093 33.16101 33.100163 33.068634 32.967052 32.64542 32.90361 33.052124 33.43521 -32767.0 33.39518 33.293842 32.15369 -32767.0 -32767.0 -32767.0 -32767.0 -32767.0 -32767.0 -32767.0 -32767.0 -32767.0
30.675636 30.879793 31.118563 31.327438 31.102148 31.254915 31.625908 31.989027 32.103596 32.095535 31.527435 30.121153 26.407658 24.331757 -32767.0 -32767.0 -32767.0 -32767.0 -32767.0 -32767.0 -32767.0 -32767.0 -32767.0 -32767.0 -32767.0 32.559578 31.421638 32.088966 32.16714 32.39044 32.65205 33.0659 33.18837 33.02243 32.874535 32.806885 33.308037 32.58911 32.878185 -32767.0 -32767.0 33.34022 32.910984 -32767.0 -32767.0 -32767.0 -32767.0 -32767.0 -32767.0 -32767.0 -32767.0 -32767.0 -32767.0 -32767.0 -32767.0 -32767.0 -32767.0 -32767.0 -32767.0 -32767.0 -32767.0
30.350151 30.77638 31.38701 31.577362 31.443716 31.577639 31.894165 32.012836 32.084206 31.2179 30.204147 29.275211 23.725428 -32767.0 -32767.0 -32767.0 -32767.0 -32767.0 -32767.0 -32767.0 -32767.0 -32767.0 -32767.0 -32767.0 33.14223 31.353947 31.285517 32.016884 32.815582 32.833275 32.9309 32.77886 32.68787 32.59036 32.528095 32.809967 32.75547 32.88063 -32767.0 -32767.0 -32767.0 -32767.0 -32767.0 -32767.0 -32767.0 -32767.0 -32767.0 -32767.0 -32767.0 -32767.0 -32767.0 -32767.0 -32767.0 -32767.0 -32767.0 -32767.0 -32767.0 -32767.0 -32767.0 -32767.0 -32767.0
30.399971 30.939224 31.644949 31.670282 31.53204 31.750574 31.83421 31.866106 31.958351 31.13456 29.744654 29.110218 22.095482 -32767.0 -32767.0 -32767.0 -32767.0 -32767.0 -32767.0 -32767.0 -32767.0 31.619446 31.352089 31.898207 31.018497 31.05997 31.205217 31.961855 32.654743 32.551197 32.580406 32.60726 32.571697 32.840305 32.946014 32.852974 -32767.0 -32767.0 -32767.0 -32767.0 -32767.0 -32767.0 -32767.0 -32767.0 -32767.0 -32767.0 -32767.0 -32767.0 -32767.0 -32767.0 -32767.0 -32767.0 -32767.0 -32767.0 29.734165 -32767.0 -32767.0 -32767.0 -32767.0 -32767.0 -32767.0
30.30487 30.508394 30.793968 30.980139 31.043997 31.311 31.747717 31.780579 31.79137 31.56953 30.044813 29.95453 28.342756 -32767.0 -32767.0 -32767.0 -32767.0 28.503246 31.260115 30.725048 31.062147 30.933708 31.582975 30.875242 31.575342 31.1615 31.778067 32.074337 32.20789 32.23857 32.283222 32.32576 33.003124 33.030544 32.771175 -32767.0 -32767.0 -32767.0 -32767.0 -32767.0 -32767.0 -32767.0 -32767.0 -32767.0 -32767.0 29.949768 29.863895 -32767.0 -32767.0 -32767.0 -32767.0 -32767.0 -32767.0 -32767.0 30.307049 -32767.0 -32767.0 -32767.0 -32767.0 -32767.0 34.229164
30.278582 30.539455 31.036644 31.208588 31.180336 31.363203 31.502375 31.50409 31.746893 31.801115 30.766905 29.211355 -32767.0 28.739195 -32767.0 30.312883 -32767.0 30.000544 -32767.0 30.626501 30.564354 30.762663 30.686977 30.948719 31.545826 31.92236 31.929123 32.231014 32.4915 32.589413 32.42963 32.828716 32.814793 -32767.0 -32767.0 -32767.0 -32767.0 -32767.0 -32767.0 -32767.0 -32767.0 31.491741 31.277699 30.961271 30.18994 30.977037 30.969639 30.294825 30.156443 -32767.0 -32767.0 -32767.0 -32767.0 -32767.0 30.05546 31.04519 33.404327 34.011253 34.18662 34.212135 34.149506
30.473736 30.498589 30.612547 30.705746 30.82678 31.039356 31.209208 31.33737 31.594002 31.472982 31.616728 31.115185 30.170244 30.210522 30.324394 30.234213 30.238918 30.100922 30.061989 30.468193 30.645449 30.9248 31.110947 31.951422 -32767.0 32.39244 32.532387 32.707294 32.66022 32.667698 33.126034 -32767.0 -32767.0 -32767.0 -32767.0 -32767.0 30.380188 30.635118 31.720295 31.692879 31.219416 30.835926 30.935188 -32767.0 -32767.0 30.334692 31.036722 31.274376 -32767.0 -32767.0 -32767.0 -32767.0 -32767.0 34.289898 34.439137 34.397583 34.119663 33.914875 33.924652 33.941822 34.001633
30.744545 30.599138 30.498072 30.512655 30.553635 30.710073 30.916506 31.55546 31.496555 31.397388 31.597727 31.758045 31.22887 31.371634 31.219337 31.109808 31.060678 30.767393 31.13272 31.386003 32.13192 32.468025 32.370213 32.058212 32.221268 32.587467 33.02445 33.0574 32.923927 33.206757 32.52427 30.92628 -32767.0 30.1585 29.95597 -32767.0 30.390497 31.5727 31.945246 -32767.0 30.563992 30.776209 -32767.0 -32767.0 -32767.0 -32767.0 31.490139 31.86956 -32767.0 -32767.0 -32767.0 -32767.0 34.333973 34.255955 34.01751 33.842163 33.912205 34.03555 34.087517 34.0857 34.098976
30.01238 30.181944 30.127563 30.2699 30.353468 30.5308 30.71246 31.032639 31.304985 31.537712 31.644627 31.825558 32.047947 32.23505 32.493446 32.36242 31.932198 31.907991 31.939528 32.096287 32.468296 32.856216 32.974876 32.598682 32.813957 33.027805 -32767.0 33.318638 33.372456 -32767.0 -32767.0 31.507565 30.804684 30.827154 31.035755 31.888248 32.77866 32.390205 -32767.0 -32767.0 -32767.0 -32767.0 -32767.0 -32767.0 -32767.0 -32767.0 31.998922 32.902554 32.57187 -32767.0 -32767.0 34.32721 34.272778 33.937225 33.769447 33.824608 33.90862 34.093708 34.18204 34.21085 34.256516
30.252136 30.18358 30.137985 30.25884 30.224546 30.331137 30.622417 30.851068 31.026588 31.287008 31.684397 32.11314 32.462605 -32767.0 -32767.0 32.2097 32.648827 32.781345 32.8857 32.980106 33.03984 33.019806 32.892544 32.899456 32.938137 33.352165 33.21936 33.00063 -32767.0 -32767.0 -32767.0 -32767.0 -32767.0 -32767.0 31.221125 32.852932 33.083744 -32767.0 -32767.0 -32767.0 -32767.0 -32767.0 33.12582 -32767.0 33.384148 33.2898 33.420795 33.767616 33.868874 33.376637 -32767.0 34.25583 34.00095 33.77923 33.720863 33.74899 33.808235 33.98441 34.20144 34.25861 34.37431
