static/data/salinity/2023/7/10/18.asc
ncols 137
nrows 93
xllcorner 108.0
yllcorner 17.0
cellsize 0.25
NODATA_value -32767
[rows 28 to 55 of 93, columns 61 to 121 of 137]
29.975483 29.811127 29.868301 29.753052 29.473896 29.286951 29.692997 30.338287 31.394375 32.148815 32.424786 32.48407 32.451073 32.48022 32.558697 32.74157 32.80423 32.760937 32.409077 32.812546 32.92174 32.73627 32.827347 -32767.0 33.449455 33.394424 -32767.0 -32767.0 27.223093 -32767.0 -32767.0 -32767.0 -32767.0 -32767.0 -32767.0 32.232185 32.95421 -32767.0 -32767.0 33.473076 33.98805 34.127308 34.13454 33.98635 33.70592 33.970055 33.947178 34.007393 33.463284 33.547054 34.123573 34.047047 33.997807 33.899784 33.787746 33.921665 33.940987 33.757526 33.711826 33.884533 34.301834
30.483593 29.859743 29.427507 29.372873 29.29441 29.499279 29.948992 30.27347 31.133675 32.071205 32.470932 32.693302 32.838627 32.86155 32.842518 32.84145 32.757812 32.487526 32.458218 32.63596 33.0869 32.874287 -32767.0 33.929226 33.729256 33.60814 32.71171 32.231155 -32767.0 28.557854 -32767.0 -32767.0 -32767.0 -32767.0 -32767.0 33.370544 33.735123 34.047516 33.74377 33.93001 33.978336 33.99389 33.99177 34.0512 33.944492 33.893238 33.896084 33.936993 33.75347 33.717785 34.06512 34.04757 34.047497 34.086346 33.956665 33.936523 33.927696 33.783 33.67518 33.86901 34.128727
30.317953 30.165659 29.533995 30.039469 30.048767 30.21751 30.971952 31.394896 31.691105 32.55714 32.90541 32.85037 32.891872 32.69277 32.66426 32.749165 32.689953 32.72455 32.7242 32.944347 32.893833 33.21609 33.23264 33.43108 33.510292 33.687614 33.61875 32.276104 29.426205 29.178326 -32767.0 -32767.0 -32767.0 -32767.0 33.77031 34.03985 34.155457 34.199142 34.131523 33.953835 34.013172 33.9656 33.86399 33.818184 33.849373 33.882034 33.857914 33.79804 33.82651 33.743732 33.950623 34.174557 34.03975 33.955944 34.088898 33.970867 33.89889 33.76632 33.66209 33.878338 34.131096
30.438173 30.451775 30.396578 30.334923 31.304941 32.29973 32.490574 32.363995 32.547703 32.816032 33.052917 32.98821 32.945942 32.676426 32.782486 32.842255 32.916008 32.89786 32.896454 33.20562 33.31543 33.366592 33.594036 33.64471 33.680214 33.506283 33.63306 33.181755 31.178814 30.127666 -32767.0 -32767.0 -32767.0 -32767.0 33.974934 34.118774 34.20301 34.218185 34.098553 34.00703 33.942593 33.91263 33.9456 33.991676 34.008614 34.028614 34.084743 34.08231 33.959255 33.870487 33.753418 34.038452 33.986706 33.94704 33.999462 33.91216 33.839207 33.70737 33.67364 33.93541 34.18455
28.359838 28.11872 28.228378 30.015905 30.841314 31.912659 32.850643 33.044495 33.07949 33.18746 33.348724 33.132683 32.965317 32.931293 32.922775 32.944893 32.91281 32.98022 33.211536 33.25498 33.110744 33.19422 33.299465 33.46336 33.629078 33.751266 33.759663 32.958416 -32767.0 -32767.0 -32767.0 -32767.0 -32767.0 33.586655 34.122833 34.217297 34.231377 34.22954 34.19647 34.132885 34.056194 33.97732 33.931107 33.93703 33.947235 33.9494 33.98752 34.039803 34.129013 33.940666 33.94929 33.87834 33.96043 33.980076 33.950096 34.003784 33.796886 33.64638 33.634205 34.034184 34.198093
28.464993 28.313961 27.88752 28.456808 29.680616 30.500122 31.525581 32.842056 33.190365 33.230778 33.377106 33.245857 33.00561 32.855343 32.93253 32.985413 32.860546 32.830296 32.53682 32.13536 32.129105 32.21514 32.220966 32.292862 33.067043 33.680573 33.779507 33.14545 -32767.0 -32767.0 -32767.0 -32767.0 -32767.0 33.80104 34.00906 33.941166 33.921326 33.951828 33.967155 33.9525 33.89625 33.90338 34.002514 33.951977 33.93913 33.90502 33.956898 33.90601 34.10288 34.150314 33.963314 33.84038 33.943356 33.997444 34.06428 33.938717 33.745625 33.59564 33.715096 34.12128 34.21288
29.81528 29.194418 29.490824 29.123783 29.301731 29.709656 30.6467 31.61993 32.924614 33.07919 32.987827 32.820522 32.754013 32.80309 32.912235 32.945244 32.942997 32.80609 32.387375 31.829668 32.624084 33.001045 33.01936 32.59731 32.50339 33.472256 33.761154 33.760998 33.283325 -32767.0 33.099136 -32767.0 -32767.0 33.93707 33.948563 33.893948 33.931168 33.932194 33.936058 33.930817 33.98818 34.058407 33.883816 33.92584 33.97149 33.95863 33.870377 33.96369 34.0481 34.17862 33.976948 33.84613 33.90777 33.959793 33.991707 33.76215 33.68088 33.611748 33.96592 34.178 34.245
31.229712 31.72808 31.440334 31.698362 31.835875 30.997341 30.98036 31.92249 32.608086 32.989605 33.052467 32.845528 32.647755 32.64574 32.796844 32.866535 32.83908 32.260483 31.992039 31.850647 33.196503 33.66902 33.644676 32.80189 32.545185 33.512714 33.78417 33.75731 33.59523 33.56107 33.26423 -32767.0 33.59317 33.8496 33.812622 33.913956 33.901196 33.87032 33.906487 33.99073 34.136955 33.928123 33.89328 33.8688 33.906628 33.875393 34.00528 34.077118 34.1934 34.170288 33.967297 33.864017 33.88979 33.839245 33.773067 33.83242 33.61651 33.801777 34.146347 34.216663 34.26775
29.071117 30.815706 31.810337 31.766516 31.86221 32.05875 31.827616 31.712364 32.542038 33.01512 32.891094 32.713543 32.654808 32.619614 32.697147 32.77501 32.4031 32.04141 31.930256 31.968138 33.421127 33.764725 33.557583 33.03129 33.31452 33.68968 33.71221 33.79497 33.739254 33.69885 -32767.0 33.675 33.7075 33.766808 33.897892 33.816612 33.83678 33.995216 34.111332 34.14506 34.008034 33.981483 34.03049 34.013985 33.99438 34.015614 34.03724 34.038784 34.10924 34.205273 33.943424 33.88332 33.878555 33.815735 33.78615 33.819347 33.69262 34.00096 34.218525 34.253803 34.25205
29.901133 31.699562 32.421726 32.278988 32.26547 32.54335 32.541996 32.15645 32.494896 32.929955 32.92575 32.84253 32.849716 32.913464 32.628242 32.32166 32.092247 32.069786 32.14248 32.06111 32.231644 33.275665 33.686142 33.60547 33.671707 33.66642 33.636642 33.59363 33.458572 33.536797 33.680096 33.89148 34.08643 33.99296 33.75507 34.17319 34.236004 34.17044 34.12702 34.080666 33.972878 33.979298 33.985306 34.050957 34.082806 34.078007 34.01825 34.02649 34.046803 34.197655 33.946846 33.910217 33.83591 33.86755 33.903526 33.71483 33.810493 34.11173 34.240864 34.288296 34.22124
30.039093 31.416162 33.101814 33.451374 33.255886 33.244392 33.126827 32.864017 32.252388 32.544544 32.84557 32.849358 32.84402 32.718132 32.474854 32.30877 32.20266 32.332565 32.482597 32.54588 32.67908 32.43197 32.92875 33.65888 33.670013 33.67976 32.94719 32.688023 -32767.0 32.80904 32.845585 -32767.0 33.786552 33.672215 34.183388 34.186737 34.08843 34.01982 34.05164 34.051315 33.976986 34.00777 34.127285 34.086903 34.036438 34.08596 34.082108 34.07183 34.056644 34.17769 33.97338 33.942398 33.802567 33.92869 33.840862 33.72609 33.92812 34.179054 34.26966 34.292843 34.248455
30.040667 30.28952 30.610794 32.89188 33.61218 33.71303 33.7243 33.399548 32.778778 32.224823 32.438984 32.58928 32.608646 32.578487 32.510654 32.53111 32.5955 32.786854 32.837917 33.128967 33.37768 33.496155 33.280277 32.678898 33.648888 33.128605 32.855705 33.044853 32.8671 -32767.0 32.950504 33.68236 33.084507 33.753296 34.11756 34.179527 34.04474 33.934963 34.02198 34.038708 34.004314 34.086685 34.13886 34.097797 34.045734 34.064888 34.084023 34.074715 34.078262 34.15047 33.989952 33.94306 33.832947 33.88107 33.75554 33.933056 34.044266 34.201355 34.321323 34.296413 34.336754
29.389996 30.105677 31.788183 33.00049 33.732246 33.895313 33.85561 33.82378 33.581234 32.88618 32.41866 32.36151 32.62891 32.672188 32.76016 32.9713 33.06589 32.996475 33.412743 33.924927 34.038338 34.090923 34.11361 33.952183 32.752064 33.307426 33.122673 33.078796 33.032078 33.047657 33.07497 33.705307 33.93879 33.9813 34.236916 34.256653 34.06308 33.892147 33.907257 34.06842 34.02405 34.081284 34.144356 34.11959 34.071453 34.046566 33.986584 34.073093 34.109707 34.123825 33.989563 34.005245 33.772503 33.76666 33.87331 34.008675 34.113598 34.25572 34.348465 34.36159 34.43564
33.78184 33.86171 33.90934 34.003693 34.022587 34.005253 33.925587 33.827457 33.758076 33.686966 33.58379 33.454315 33.400017 33.257065 33.251072 33.25364 33.123665 33.442123 33.941605 34.019962 34.081287 34.175644 34.15697 34.07994 33.997505 33.1647 33.240353 33.196667 33.338226 33.484524 33.86419 34.2055 34.21994 34.276062 34.31451 34.35712 34.1354 33.94918 33.916492 33.92309 34.065804 34.037895 34.136078 34.11067 34.10575 34.054813 34.002014 33.978195 34.105293 34.098335 34.017178 33.998226 34.029446 34.04521 34.042183 33.977833 34.186493 34.36147 34.40547 34.461693 34.447876
33.70852 34.111282 34.162468 34.1515 34.089577 34.086823 34.024544 33.985523 33.89475 33.785545 33.68484 33.6675 33.540794 33.30465 33.27887 33.234047 33.358032 33.95703 33.98937 34.15036 34.268986 34.38779 34.411827 34.419724 34.296844 34.15667 34.10225 34.076225 34.1028 34.18555 34.202354 34.30949 34.325214 34.294712 34.320927 34.350452 34.142406 34.004635 33.971207 33.98965 33.963463 34.076233 34.073017 34.06093 34.040665 34.090084 34.082558 33.946392 33.982895 34.012688 34.02602 34.03417 33.996563 33.95665 33.968376 34.176323 34.298466 34.405098 34.452427 34.39676 34.38543
34.260586 34.221844 34.22507 34.068806 34.087646 34.030327 34.004498 33.98274 33.8836 33.775208 33.624664 33.580067 33.39969 33.28753 33.20978 33.383995 33.97359 33.948032 34.119373 34.257416 34.395638 34.393215 34.374634 34.372368 34.403347 34.37808 34.36305 34.37445 34.378952 34.374084 34.375385 34.325172 34.35978 34.357212 34.318424 34.259933 34.172657 34.17976 34.176235 34.15213 34.094704 34.020798 34.0609 34.04135 33.99575 33.979946 34.042145 34.09696 34.070824 34.053856 34.02663 34.003597 33.974274 34.009663 34.18472 34.205704 34.380733 34.474773 34.411854 34.363094 34.378143
34.209595 34.24404 34.09063 33.984734 33.98994 33.946278 33.94736 33.94884 33.862835 33.776325 33.51237 33.35548 33.315758 33.27777 33.779793 34.059513 33.89668 34.0601 34.213318 34.33998 34.418438 34.360413 34.345898 34.345425 34.36158 34.342274 34.33833 34.360237 34.375275 34.37538 34.297462 34.2785 34.3436 34.30359 34.269974 34.249397 34.349976 34.421513 34.38921 34.328846 34.24287 34.156734 34.041496 34.05177 34.05791 34.032494 34.052914 34.101044 34.115345 34.124466 34.118626 34.114674 34.10487 34.131077 34.17662 34.394104 34.49877 34.459194 34.453068 34.394806 34.38551
33.819096 34.07545 34.054836 33.996265 33.949295 33.980007 33.960247 33.898354 33.812122 33.675488 33.46283 33.43323 33.393974 33.89067 34.041836 33.962612 33.908737 34.19893 34.249767 34.37654 34.3884 34.33053 34.36398 34.379574 34.369125 34.3592 34.326225 34.330242 34.329014 34.310135 34.326572 34.28431 34.26375 34.314827 34.47384 34.559067 34.549995 34.51245 34.433132 34.3567 34.29476 34.267178 34.20157 34.056614 34.05987 34.07055 34.08842 34.110935 34.138054 34.151978 34.159534 34.15029 34.11976 34.156277 34.38662 34.574417 34.49424 34.46336 34.520214 34.50578 34.488262
34.087997 33.93324 34.018913 33.953274 33.93702 33.989 33.902264 33.84256 33.735764 33.552086 33.810844 33.85538 33.644962 33.909695 33.976574 33.858627 34.127434 34.227875 34.249714 34.39697 34.366024 34.302395 34.263725 34.288513 34.307335 34.332085 34.26336 34.245964 34.24837 34.23338 34.246143 34.38072 34.578987 34.637383 34.638527 34.587658 34.532 34.51791 34.530598 34.44913 34.327473 34.27906 34.269287 34.20138 34.07571 34.080227 34.10226 34.123642 34.12125 34.11757 34.123512 34.12245 34.133186 34.438446 34.58421 34.51891 34.51556 34.49062 34.527485 34.45673 34.417877
33.266846 33.74554 33.804375 33.92897 33.84217 34.065758 34.027943 33.873585 33.754887 33.645847 33.800724 33.928085 33.891483 33.91992 33.81167 34.03305 34.234444 34.19713 34.275772 34.435062 34.40678 34.24978 34.24653 34.24347 -32767.0 34.217346 34.19689 34.2036 34.239246 34.293507 34.467392 34.6511 34.66142 34.567284 34.4213 34.3457 34.34602 34.358784 34.399643 34.46381 34.38869 34.2544 34.19367 34.23812 34.12519 34.10963 34.110508 34.222324 34.216324 34.174557 34.20482 34.31849 34.449326 34.5755 34.578743 34.5033 34.520626 34.53956 34.54046 34.46225 34.450397
33.4952 33.600048 33.783062 33.87083 33.744778 33.78033 33.930794 34.008625 33.883682 33.804733 33.78362 33.806187 33.799976 33.815235 34.179142 34.293236 34.213966 34.245033 34.38519 34.478424 34.423496 34.283062 34.2586 34.244923 34.232555 34.18658 34.211514 34.26486 34.31275 34.4447 34.614697 34.623737 34.55443 34.31907 34.290836 34.322174 34.319355 34.294476 34.31543 34.36589 34.40001 34.226833 34.168438 34.219345 34.14242 34.123962 34.394806 34.485775 34.494427 34.49072 34.46708 34.434883 34.424526 34.459007 34.513187 34.50945 34.5454 34.55625 34.551773 34.51359 34.54927
33.415485 33.6299 33.870876 33.79443 33.721794 33.798447 34.002113 34.066547 33.980103 33.85258 33.80001 33.78168 33.94711 34.311455 34.228348 34.210022 34.226185 34.360146 34.465054 34.482376 34.36783 34.271137 34.235214 -32767.0 34.187584 34.229713 34.285496 34.307205 34.47511 34.58519 34.59493 34.616783 34.313183 34.29084 34.439186 34.43894 34.455585 34.37944 34.285446 34.294888 34.34999 34.188023 34.17932 34.184612 34.133617 34.37024 34.314724 34.400623 34.4704 34.53484 34.59978 34.629032 34.64171 34.611637 34.558918 34.45309 34.446884 34.477905 34.499557 34.533253 34.58828
33.609333 33.73491 33.670784 33.65635 33.64853 33.91148 33.96522 33.971764 33.976162 33.894974 33.839226 34.220627 34.196796 34.218315 34.188965 34.228706 34.351555 34.528194 34.555115 34.412735 34.348907 34.238262 34.209675 34.21228 34.266273 34.27872 34.328465 34.504936 34.553596 34.575706 34.624687 34.417934 34.27141 34.449825 34.385723 34.430683 34.43678 34.36299 34.259136 34.25249 34.29748 34.194542 34.219967 34.142 34.280758 34.29662 34.454487 34.59541 34.623665 34.623344 34.622826 34.62467 34.628468 34.593716 34.571327 34.40216 34.41038 34.428493 34.475117 34.51361 34.515327
33.480698 33.662838 33.630512 33.619434 33.811287 33.945377 33.859707 33.840538 33.90742 33.85793 34.318153 34.241203 34.20273 34.2105 34.192245 34.29893 34.489304 34.542007 34.48051 34.369972 34.356678 34.24265 34.221016 34.23139 34.24225 34.349342 34.440224 34.55296 34.58111 34.56493 34.594025 34.31005 34.342422 34.44746 34.391945 34.350494 34.33133 34.285866 34.256927 34.324898 34.22044 34.203533 34.162994 34.21688 34.30316 34.55887 34.651226 34.67839 34.69608 34.691517 34.650486 34.640995 34.63869 34.602768 34.531338 34.39643 34.52265 34.476383 34.4687 34.528957 34.546432
33.65319 33.7273 33.641033 33.68505 33.743496 33.881786 33.81505 33.83572 33.913486 34.28775 34.20209 34.16374 34.16106 34.203 34.21047 34.380733 34.490665 34.52874 34.39206 34.251007 34.30939 34.274845 34.20621 34.21119 34.283913 34.420486 34.525932 34.59076 34.557037 34.586353 34.522717 34.29107 34.449577 34.414837 34.379322 34.3645 34.357788 34.34816 34.32106 34.202744 34.19089 34.148643 34.225452 34.310757 34.61437 34.69147 34.68473 34.6661 34.662876 34.627224 34.6194 34.634212 34.63791 34.58928 34.451824 34.5936 34.66802 34.663612 34.60273 34.565197 34.557655
33.804398 33.92493 33.928703 33.878532 33.835648 33.958412 33.963123 34.036377 34.278187 34.192814 34.118443 34.16361 34.15875 34.199245 34.211582 34.484844 34.500626 34.491577 34.448486 34.432213 -32767.0 34.287018 34.220184 34.21574 34.33237 34.47205 34.574577 34.568855 34.540436 34.58995 34.497326 34.31327 34.48075 34.409637 34.411423 34.372562 34.301296 34.2188 34.165684 34.167458 34.16503 34.257217 34.357506 34.610775 34.699223 34.686638 34.650417 34.65064 34.58563 34.643364 34.694496 34.7133 34.650066 34.60788 34.47112 34.60738 34.68925 34.639076 34.604847 34.588055 34.573036
33.27558 33.423862 33.612366 33.711067 33.766785 33.85948 33.96842 34.05042 34.06551 34.00642 34.10302 34.173565 34.1436 34.192196 34.32562 34.54223 34.590366 34.510983 34.429832 34.377342 34.317627 34.256176 34.202663 34.23449 34.337856 34.47576 34.529667 34.54987 34.536148 34.58901 34.581066 34.325924 34.48101 34.38733 34.352554 34.22064 34.14127 34.152317 34.17708 34.21092 34.278778 34.392612 34.594204 34.678818 34.708305 34.629612 34.58886 34.64133 34.597176 34.653217 34.747234 34.758823 34.752136 34.680714 34.561813 34.548405 34.609753 34.680843 34.62517 34.605553 34.645752
33.5167 33.597965 33.84422 34.04276 34.098614 34.061897 34.052505 34.07964 34.154785 34.203773 34.161995 34.136444 34.200844 34.17531 34.43297 34.491356 34.599487 34.63932 -32767.0 34.419674 34.38057 34.25179 34.269794 34.27427 34.300774 34.401863 34.491543 34.54707 34.564316 34.57246 34.68823 34.459732 34.40986 34.37037 34.2879 34.162796 34.143845 34.17876 34.23191 34.288994 34.387665 34.54159 34.63407 34.66206 34.617172 34.5643 34.590263 34.54857 34.591442 34.647984 34.741226 34.739246 34.77972 34.727695 34.667572 34.598557 34.58982 34.566868 34.556065 34.55515 34.64222
