static/data/salinity/2023/7/10/6.asc
ncols 137
nrows 93
xllcorner 108.0
yllcorner 17.0
cellsize 0.25
NODATA_value -32767
[rows 0 to 26 of 93, columns 61 to 121 of 137]
-32767.0 -32767.0 -32767.0 -32767.0 -32767.0 -32767.0 -32767.0 -32767.0 -32767.0 -32767.0 -32767.0 -32767.0 -32767.0 -32767.0 -32767.0 -32767.0 -32767.0 -32767.0 -32767.0 32.22166 32.455242 32.443726 33.23077 33.387478 33.231274 33.19222 33.362778 33.62248 33.7748 33.84972 33.524876 33.42571 33.735096 33.814857 33.86421 33.71772 33.727097 33.69182 33.5213 33.491474 33.62185 33.687233 33.715923 34.053062 34.035934 33.906673 33.683933 33.619186 33.88125 34.043198 34.006226 33.733917 33.75522 33.857834 33.833996 33.7273 33.686626 33.704872 33.764706 33.76076 33.658524
30.094843 30.010796 29.908218 29.771576 29.588152 29.33841 28.911833 -32767.0 -32767.0 -32767.0 -32767.0 -32767.0 -32767.0 -32767.0 -32767.0 -32767.0 -32767.0 -32767.0 32.282104 32.845566 32.96986 33.38114 33.372463 33.360092 33.4154 33.590916 33.57822 33.634266 33.703342 33.596313 33.52023 33.354317 33.576725 33.97369 33.670708 33.576874 33.4475 33.240276 33.121605 33.193523 33.76986 33.89931 33.7703 33.900146 33.82836 33.724613 33.798504 33.98844 34.11931 34.212513 34.140297 34.054836 33.908146 33.772556 33.756958 33.730293 33.71269 33.73852 33.785 33.818497 33.85581
30.058119 29.99089 29.966606 29.830725 29.638262 29.377298 28.863338 28.419891 27.830368 -32767.0 -32767.0 -32767.0 -32767.0 -32767.0 -32767.0 -32767.0 -32767.0 -32767.0 32.716816 32.880066 33.252068 33.237667 33.295685 33.442955 33.482605 33.495705 33.50634 33.516438 33.524174 33.52359 33.52676 33.38766 33.579987 33.90884 34.005516 33.86835 33.797928 33.119926 33.02929 33.416416 34.046185 33.99714 33.79762 33.761677 33.775764 33.896145 34.116413 34.070557 34.292896 34.266075 34.11304 33.98719 33.91039 33.78898 33.74871 33.66012 33.661343 33.678562 33.75483 33.864864 33.933254
30.319965 30.256388 30.241814 30.128593 29.937925 29.47343 29.23958 28.722021 27.834105 -32767.0 -32767.0 -32767.0 -32767.0 -32767.0 -32767.0 -32767.0 -32767.0 32.143154 32.507492 33.12405 32.98107 33.42243 33.518795 33.552208 33.26418 33.159233 33.156612 33.25861 33.396507 33.55049 33.598213 33.488026 33.452663 33.87103 33.873096 33.919857 33.455803 33.05282 33.895603 34.01319 34.036728 34.088127 33.807922 33.853622 33.944122 34.0952 34.030506 34.254185 34.351093 34.251286 34.115513 34.016502 34.005383 33.92726 33.822697 33.811943 33.779354 33.797886 33.841496 33.932476 33.957607
30.350592 30.405996 30.36174 30.312574 30.196066 29.6795 29.115038 28.831892 -32767.0 -32767.0 -32767.0 -32767.0 -32767.0 -32767.0 -32767.0 -32767.0 -32767.0 -32767.0 -32767.0 32.51962 32.79435 33.407288 33.55286 33.22289 32.87297 32.671104 32.99737 33.248234 33.28784 33.35084 33.49746 33.715435 33.3452 33.304066 33.321785 33.334267 33.182575 33.810898 33.997726 34.082497 34.084908 34.13922 33.82192 33.8699 34.130882 34.110832 34.065525 33.970795 34.359444 34.27119 34.159767 34.037323 34.025192 33.99854 34.030273 34.049786 33.920193 33.882633 33.919235 33.910583 33.889034
30.069149 30.0153 30.181013 30.151081 30.11967 30.125818 29.237732 28.944998 -32767.0 -32767.0 -32767.0 -32767.0 -32767.0 -32767.0 -32767.0 -32767.0 -32767.0 -32767.0 -32767.0 -32767.0 32.827515 33.033695 33.48904 33.61971 33.32631 32.361973 32.479588 33.443607 33.516846 33.40652 33.408882 33.525646 33.67107 33.64761 33.547493 33.377342 33.353363 34.060905 34.13561 34.2237 34.212627 34.091747 33.79753 34.10862 34.182453 34.19245 34.216984 33.970444 34.164455 34.309093 34.206318 34.050972 33.95629 33.958454 34.01063 34.066986 34.07568 33.941822 33.82277 33.674984 33.772762
29.482382 29.529287 29.64365 29.760763 29.887274 30.071135 28.804335 28.996336 -32767.0 -32767.0 -32767.0 -32767.0 -32767.0 -32767.0 -32767.0 -32767.0 -32767.0 -32767.0 -32767.0 -32767.0 -32767.0 32.844913 33.420097 33.45849 33.565746 32.69292 32.15377 33.471657 33.661377 33.405956 33.4134 33.578735 33.74507 33.477795 33.238503 33.851948 34.115032 34.022057 34.230206 34.231846 34.04425 33.884666 34.264977 34.184902 34.119038 34.143238 34.045788 33.880608 34.21064 34.309166 34.267704 34.069077 33.94434 33.948975 34.014614 34.039864 34.063908 34.003666 33.680065 33.623253 33.92625
29.255497 29.570375 29.776539 29.798029 29.895235 28.701487 27.529787 -32767.0 -32767.0 -32767.0 -32767.0 -32767.0 -32767.0 -32767.0 -32767.0 -32767.0 -32767.0 -32767.0 -32767.0 -32767.0 -32767.0 -32767.0 33.110744 33.376877 33.360313 33.073082 32.074112 32.98583 33.7075 33.822147 33.757595 33.780045 33.362347 33.792088 33.98301 33.991325 34.084713 33.992825 34.235985 34.045162 34.15434 34.252796 34.084347 33.93363 33.878056 34.013653 33.98804 34.180527 34.343075 34.276184 34.28627 34.092133 33.99307 33.97951 34.053043 34.136017 34.08761 34.111115 33.73939 33.7371 33.932487
29.135153 29.313303 29.54542 29.639534 29.5876 28.284124 -32767.0 25.147974 -32767.0 -32767.0 -32767.0 -32767.0 -32767.0 -32767.0 -32767.0 -32767.0 -32767.0 -32767.0 -32767.0 -32767.0 -32767.0 -32767.0 32.908966 33.02331 33.275715 32.83519 32.042767 32.421524 33.46184 33.840282 33.76056 33.48809 33.6204 33.728695 33.877186 34.031445 34.00928 33.945377 34.222492 34.026474 34.088287 34.065365 33.962303 33.901253 34.396294 34.42891 34.41697 34.403107 34.255314 34.195915 34.200245 34.074856 34.092808 34.141014 34.097073 34.034935 33.94604 34.110992 33.81551 33.980755 -32767.0
29.055498 29.140726 29.225498 29.255299 29.350712 29.24998 28.162455 27.019825 24.071053 22.668472 22.905508 20.994688 17.898472 -32767.0 -32767.0 -32767.0 -32767.0 -32767.0 -32767.0 -32767.0 -32767.0 -32767.0 -32767.0 33.014523 33.192425 32.657227 32.016262 32.03116 33.475357 33.70091 33.70464 33.42175 33.15731 33.580784 33.7855 33.85903 33.800686 33.823757 33.876534 34.037292 34.046482 34.01201 33.729103 34.359047 34.322742 34.2953 34.303387 34.306236 34.18814 34.144573 34.13316 34.12509 34.087856 34.07956 34.074852 33.960163 33.83553 33.953487 34.03415 33.934654 33.67389
28.90768 29.030714 29.304586 29.378658 29.650717 29.526693 29.57945 29.880453 29.10477 28.301407 27.366547 25.93442 24.07888 -32767.0 -32767.0 -32767.0 -32767.0 -32767.0 -32767.0 -32767.0 -32767.0 -32767.0 -32767.0 -32767.0 33.071472 32.83175 32.26396 32.01723 33.35011 33.384377 33.519455 33.306366 32.994026 33.56438 33.78671 33.80673 33.865967 33.83833 33.706333 33.601818 33.656357 33.73742 34.172817 34.31164 34.334686 34.255463 34.216347 34.20302 34.190346 34.047478 33.984024 34.023483 34.03215 33.99452 33.934998 33.751762 -32767.0 33.73466 33.83198 33.700905 33.798805
28.758503 29.201056 29.32341 29.800243 30.171377 30.423647 30.220278 30.036703 29.792788 28.94667 28.60691 28.243711 25.19092 20.450987 17.406034 -32767.0 -32767.0 -32767.0 -32767.0 -32767.0 -32767.0 -32767.0 -32767.0 -32767.0 -32767.0 32.96918 32.02646 32.082382 31.980597 32.99042 33.575417 33.294773 32.98111 33.608074 33.755493 33.835823 33.821873 33.77499 33.590805 33.5366 33.584927 33.685616 34.363617 34.19466 34.34358 34.257973 34.25555 34.257256 34.036034 33.978752 33.9887 34.08085 34.04975 34.058292 -32767.0 -32767.0 33.75072 33.80885 33.791878 33.646496 32.59992
29.338497 29.365673 29.364618 29.862282 30.374372 30.46831 30.444983 30.453388 30.09311 29.70824 29.37002 28.89363 27.462912 -32767.0 17.617716 -32767.0 -32767.0 -32767.0 -32767.0 -32767.0 -32767.0 -32767.0 -32767.0 -32767.0 -32767.0 32.618233 32.066097 32.113827 32.303513 32.05786 32.509834 33.151283 33.08061 33.337086 33.710995 33.655205 33.612774 33.74082 33.537846 33.554325 33.625107 33.636665 34.152233 33.94956 33.91999 34.03342 34.310913 34.128605 34.002033 34.010166 34.032864 33.958775 33.758247 33.680183 -32767.0 33.709515 33.626232 33.50193 -32767.0 -32767.0 -32767.0
29.398336 29.507662 29.629658 29.669008 29.89986 30.19716 30.42637 30.601795 30.435593 29.820684 29.835455 29.138393 -32767.0 -32767.0 -32767.0 -32767.0 -32767.0 -32767.0 -32767.0 -32767.0 -32767.0 -32767.0 -32767.0 -32767.0 -32767.0 32.492874 31.946707 32.088093 33.104195 32.85022 32.584686 32.76529 33.01477 33.210136 33.446495 33.74993 33.821674 33.477352 33.648838 33.700706 33.628384 33.647507 34.052498 34.162743 33.99816 33.76477 33.97841 34.229465 33.999256 33.867012 33.878372 34.08684 33.87208 33.73395 33.23796 -32767.0 33.41963 -32767.0 -32767.0 -32767.0 -32767.0
29.403532 29.53046 30.230152 30.642239 30.921597 31.061571 31.116806 31.107601 30.608562 30.201532 30.187057 29.978075 28.445448 -32767.0 -32767.0 -32767.0 -32767.0 -32767.0 -32767.0 -32767.0 -32767.0 -32767.0 -32767.0 -32767.0 -32767.0 32.43823 31.846807 32.120598 31.998789 32.532253 33.215477 33.387356 33.363976 33.212173 33.147015 33.242023 33.310303 33.557484 33.748928 33.682903 33.638226 33.648445 33.617214 33.74051 33.673893 33.828693 33.830837 34.133408 34.071316 33.975212 33.866547 33.924263 33.827747 33.274048 -32767.0 -32767.0 -32767.0 -32767.0 -32767.0 -32767.0 -32767.0
29.45193 29.520689 30.220505 30.644579 30.828737 30.902834 31.04291 31.133814 31.026917 30.757093 30.494932 29.72777 28.499176 26.962198 -32767.0 -32767.0 -32767.0 -32767.0 -32767.0 -32767.0 -32767.0 -32767.0 -32767.0 -32767.0 -32767.0 32.673492 31.857117 32.097126 32.43597 32.560226 33.775734 33.850758 33.789803 33.622795 33.493523 33.626743 33.714985 33.814327 33.869976 33.720345 -32767.0 33.691303 33.58444 33.70211 33.664425 33.838192 33.81759 33.934494 34.01582 33.79954 33.62519 33.619205 -32767.0 -32767.0 -32767.0 -32767.0 -32767.0 -32767.0 -32767.0 -32767.0 -32767.0
29.511383 29.515081 29.952667 30.26356 30.469341 30.897364 31.491024 31.468529 31.096981 30.840208 30.697672 30.538214 28.827986 25.867434 -32767.0 -32767.0 -32767.0 -32767.0 -32767.0 -32767.0 -32767.0 -32767.0 -32767.0 -32767.0 -32767.0 -32767.0 31.784883 32.184273 32.401234 32.787125 33.910374 33.9397 33.874374 33.92027 33.95627 33.846443 33.6968 33.63194 33.684895 33.616905 33.698544 33.65679 33.548553 33.426273 33.54121 33.624325 33.430748 33.503826 33.681995 33.813404 33.62917 33.29094 -32767.0 -32767.0 -32767.0 -32767.0 -32767.0 -32767.0 -32767.0 -32767.0 -32767.0
29.714445 29.783697 30.027937 30.570234 30.615881 31.12075 31.711918 31.80147 31.530327 31.27982 30.910904 30.19826 29.037327 25.26841 25.134718 -32767.0 -32767.0 -32767.0 -32767.0 -32767.0 -32767.0 -32767.0 -32767.0 -32767.0 -32767.0 32.62919 31.6369 32.223675 32.137165 32.42122 33.185314 33.904106 33.53182 33.40779 33.366714 33.52729 33.547916 33.30672 33.17785 33.140705 33.071724 33.029243 33.0531 32.71197 32.65057 32.928078 33.114586 33.49081 -32767.0 33.362625 33.10855 32.23898 -32767.0 -32767.0 -32767.0 -32767.0 -32767.0 -32767.0 -32767.0 -32767.0 -32767.0
30.635918 30.821056 31.019264 31.274961 31.085295 31.194956 31.557337 31.970871 32.10273 32.108967 31.521614 29.914413 26.366327 24.36605 -32767.0 -32767.0 -32767.0 -32767.0 -32767.0 -32767.0 -32767.0 -32767.0 -32767.0 -32767.0 -32767.0 32.407272 31.357784 32.08874 32.15456 32.452576 32.73339 33.122715 33.144165 32.864227 32.762177 32.789486 33.063778 32.564632 32.93023 -32767.0 -32767.0 33.41844 32.96828 -32767.0 -32767.0 -32767.0 -32767.0 -32767.0 -32767.0 -32767.0 -32767.0 -32767.0 -32767.0 -32767.0 -32767.0 -32767.0 -32767.0 -32767.0 -32767.0 -32767.0 -32767.0
30.350702 30.689175 31.3206 31.570702 31.443806 31.53096 31.843348 31.994913 32.084106 31.424381 30.236631 29.294954 23.698763 -32767.0 -32767.0 -32767.0 -32767.0 -32767.0 -32767.0 -32767.0 -32767.0 -32767.0 -32767.0 -32767.0 33.02199 31.283978 31.266712 32.03872 32.835766 32.745533 32.843937 32.693832 32.582756 32.519714 32.499508 32.837063 32.7178 32.84939 -32767.0 -32767.0 -32767.0 -32767.0 -32767.0 -32767.0 -32767.0 -32767.0 -32767.0 -32767.0 -32767.0 -32767.0 -32767.0 -32767.0 -32767.0 -32767.0 -32767.0 -32767.0 -32767.0 -32767.0 -32767.0 -32767.0 -32767.0
30.39794 30.891947 31.645552 31.66496 31.518532 31.740812 31.839994 31.845518 31.94857 31.52616 29.777893 29.157957 22.106628 -32767.0 -32767.0 -32767.0 -32767.0 -32767.0 -32767.0 -32767.0 -32767.0 31.48524 31.229876 31.571665 30.988832 30.939478 31.347904 31.983088 32.56953 32.522976 32.575085 32.614407 32.571255 32.891262 32.914455 32.79654 -32767.0 -32767.0 -32767.0 -32767.0 -32767.0 -32767.0 -32767.0 -32767.0 -32767.0 -32767.0 -32767.0 -32767.0 -32767.0 -32767.0 -32767.0 -32767.0 -32767.0 -32767.0 29.777414 -32767.0 -32767.0 -32767.0 -32767.0 -32767.0 -32767.0
30.31651 30.494583 30.81336 30.994123 31.043385 31.294714 31.734299 31.77352 31.80208 31.7467 30.458092 29.966072 28.315306 -32767.0 -32767.0 -32767.0 -32767.0 28.47666 31.002617 30.659555 30.745815 30.775002 31.337883 30.739248 31.399916 31.064356 31.785336 32.031662 32.1434 32.14978 32.22206 32.414143 32.972923 33.079185 32.70062 -32767.0 -32767.0 -32767.0 -32767.0 -32767.0 -32767.0 -32767.0 -32767.0 -32767.0 -32767.0 29.996923 29.913086 -32767.0 -32767.0 -32767.0 -32767.0 -32767.0 -32767.0 -32767.0 30.368525 -32767.0 -32767.0 -32767.0 -32767.0 -32767.0 34.19613
30.268873 30.503439 30.987146 31.195848 31.159985 31.347584 31.52409 31.5031 31.734577 31.785097 31.031267 29.414904 -32767.0 28.754074 -32767.0 30.255981 -32767.0 29.830359 -32767.0 30.563068 30.434734 30.648537 30.625195 30.968826 31.587479 31.822786 31.945139 32.229156 32.45851 32.51108 32.652367 32.82767 32.792328 -32767.0 -32767.0 -32767.0 -32767.0 -32767.0 -32767.0 -32767.0 -32767.0 31.467531 31.23535 30.96649 30.238764 31.003786 30.996054 30.275944 30.258528 -32767.0 -32767.0 -32767.0 -32767.0 -32767.0 30.02178 31.49038 33.39162 34.053066 34.198566 34.122356 34.05317
30.457174 30.494923 30.688633 30.820438 30.915316 31.098314 31.222664 31.358143 31.598923 31.45491 31.571066 31.090588 30.239035 30.262484 30.291557 30.185772 30.158508 30.118486 30.076551 30.39863 30.64313 31.033236 31.243162 31.729404 -32767.0 32.306446 32.537968 32.724037 32.63476 32.573463 33.106724 -32767.0 -32767.0 -32767.0 -32767.0 -32767.0 30.302092 30.603256 31.676079 31.66386 31.046528 30.697426 30.95703 -32767.0 -32767.0 30.334692 30.983128 31.344032 -32767.0 -32767.0 -32767.0 -32767.0 -32767.0 34.257515 34.539154 34.143612 34.04624 33.91482 33.923412 33.979923 34.06186
30.692709 30.593885 30.49041 30.504086 30.539757 30.679182 30.871155 31.493315 31.515272 31.406672 31.616922 31.81502 31.503925 31.374971 31.131166 31.258514 31.24983 30.937826 31.147305 31.377872 32.16281 32.53352 32.256226 32.014904 32.30195 32.641747 32.98826 33.044907 32.91185 33.159668 32.544495 30.866882 -32767.0 29.984404 29.787998 -32767.0 30.100643 31.680151 31.98179 -32767.0 30.460703 30.803417 -32767.0 -32767.0 -32767.0 -32767.0 31.481855 31.748562 -32767.0 -32767.0 -32767.0 -32767.0 34.3042 34.220047 34.00943 33.84509 33.889286 33.969345 34.031467 34.08101 34.129574
30.404562 30.319231 30.154251 30.27592 30.315302 30.476145 30.629175 30.949314 31.250477 31.484417 31.58923 31.846424 32.17926 32.456074 32.563236 32.287766 31.97129 32.10287 32.2439 32.36172 32.602367 32.807495 32.8626 32.67759 32.797977 33.087013 -32767.0 33.302734 33.301826 -32767.0 -32767.0 31.402536 30.73431 30.808313 30.698145 31.708548 32.66177 32.32571 -32767.0 -32767.0 -32767.0 -32767.0 -32767.0 -32767.0 -32767.0 -32767.0 32.0236 33.038834 32.530937 -32767.0 -32767.0 34.316723 34.264313 33.92468 33.770638 33.85149 33.94228 34.087536 34.166927 34.22582 34.2867
30.079966 30.084547 30.095428 30.251072 30.234137 30.261639 30.520258 30.793531 30.95499 31.218573 31.666021 32.111973 32.504673 -32767.0 -32767.0 32.224594 32.657852 32.800278 32.910873 33.01172 33.028774 32.978725 32.842697 32.880184 33.010227 33.420788 33.17137 32.990562 -32767.0 -32767.0 -32767.0 -32767.0 -32767.0 -32767.0 31.175228 32.7868 32.940556 -32767.0 -32767.0 -32767.0 -32767.0 -32767.0 33.06758 -32767.0 33.41793 33.243103 33.446526 33.810356 33.623962 33.202602 -32767.0 34.246468 34.00881 33.78991 33.732433 33.722332 33.838074 34.033268 34.204544 34.242565 34.40191
