static/data/seaWater_uo/2023/7/27/12.asc
ncols 137
nrows 93
xllcorner 108.0
yllcorner 17.0
cellsize 0.25
NODATA_value -32767
[rows 26 to 51 of 93, columns 58 to 115 of 137]
-0.013327433 0.09066258 0.18284334 0.2459857 0.21459286 0.16935766 0.11081231 0.12050224 0.123396404 0.121658675 0.117363036 0.14280348 0.26511455 0.39978272 0.39997426 0.25326556 -32767.0 -32767.0 0.03761717 0.1519669 0.28429267 0.34303468 0.31696597 0.3167052 0.2709521 0.21474303 0.036259852 0.047838822 -0.056633916 -0.10939403 -0.022960769 -32767.0 -32767.0 -32767.0 -32767.0 -32767.0 -32767.0 0.085489616 -0.022991661 -0.0683217 -32767.0 -32767.0 -32767.0 -32767.0 -32767.0 0.087252386 -32767.0 0.06559415 0.33614498 0.2047794 0.32742256 0.17862992 -0.017733881 -32767.0 -0.012229415 -0.13047567 0.0015801946 -0.010901811
0.032089666 0.023995284 0.073883414 0.13199265 0.16392004 0.17451271 0.14500637 0.122742824 0.14854512 0.14384863 0.10342528 0.15351453 0.19564244 0.17400329 0.05423653 -32767.0 -32767.0 0.29773656 0.24398091 0.250773 0.2786409 0.32299334 0.3291126 0.31545272 0.24126469 0.010535719 -0.08639625 -0.12826164 -32767.0 -32767.0 -32767.0 -32767.0 -32767.0 -32767.0 -32767.0 -32767.0 -32767.0 -0.08907786 0.16499375 0.0557807 -32767.0 -32767.0 -32767.0 0.080051206 0.12603627 0.10623798 0.2462113 0.32073548 0.3865934 0.49712402 0.37325627 0.20670038 0.2645575 0.21961375 -0.021888204 -0.017421164 -0.01940763 0.009603882
0.18496145 0.13177739 0.019498818 0.007760546 0.018692862 0.022387458 0.008823997 0.04149871 0.05725642 0.061360504 0.039683387 -0.04069836 0.012350853 0.06954765 0.07982731 0.0910691 0.12038331 0.10806354 0.17564635 0.27953374 0.2240284 0.2862978 0.31238014 0.24900505 0.12069501 -0.039145947 -32767.0 0.03710235 -0.2637786 -32767.0 -32767.0 0.00847808 -32767.0 -32767.0 -32767.0 -32767.0 -32767.0 -32767.0 0.2410426 0.21395878 -32767.0 -32767.0 0.051523216 0.31668532 0.5129293 0.649 0.7106105 0.8410773 0.7947123 0.5277928 0.2664389 0.19871964 0.0640595 -0.021057999 -0.0024326728 0.025235271 0.02103112 -0.013261172
0.12804013 0.14977139 0.084737696 0.16694668 0.12089317 0.1809261 0.088513784 0.041415855 0.057799518 0.035387073 0.032565404 0.04868703 0.11777196 0.044742107 0.09091292 0.040868476 0.049139187 0.11721509 0.24176109 0.18426643 0.15196985 0.11925254 0.1801132 0.18637255 0.09190322 -32767.0 -0.020791186 -0.103262484 0.015236364 -0.1955219 -0.07382921 -32767.0 0.04592412 -32767.0 -32767.0 -32767.0 -32767.0 -32767.0 0.45472667 0.4624018 0.29633296 0.21926816 0.40462282 0.3111286 0.40085983 0.5083841 0.62254155 0.66873294 0.68019074 0.5560519 0.1703587 0.030748075 -0.10531347 -0.13169116 0.03404964 0.1548187 0.13274679 0.012597166
0.07457797 0.11473833 0.1915983 0.22373523 0.29711598 0.23384501 0.26170486 0.2905449 0.14924131 0.1696171 0.12247743 0.20248504 0.123010375 0.04566341 0.055879556 0.18876079 0.1805567 0.20007205 0.13716847 0.09611242 0.05780304 0.052623026 0.06364407 0.17863292 0.19319274 0.33242416 0.20227633 0.1843882 0.29058945 0.09488211 -0.048726674 -0.11617782 -0.031040605 -32767.0 -32767.0 -32767.0 -32767.0 0.34349447 0.3211711 0.14270055 -0.06873357 -0.0058152084 0.32378307 0.6690313 0.8995608 0.9521141 0.91565317 0.84502274 0.78399795 0.50694245 0.17584299 0.09484938 0.043519277 0.19266614 0.27354166 0.2830274 0.11680944 0.06393037
0.060294487 0.17832647 0.27478644 0.31132957 0.31847507 0.23294473 0.13040502 0.2023998 0.27557892 0.27543905 0.25519833 0.28490815 0.22330885 0.055498477 0.024209637 0.16239846 0.23171835 0.14571589 0.0943053 0.07900745 0.20483851 0.2801303 0.2809057 0.14194517 0.15260968 0.22386624 0.3135157 0.38428646 0.4403149 0.18152921 -0.16716863 -0.061772093 0.009228723 -32767.0 -32767.0 -32767.0 -32767.0 0.3214271 0.122433275 0.2404589 -0.3622704 0.42954466 0.97900707 1.0260831 1.0100914 0.9925207 0.9429519 0.8818454 0.9148665 0.95257664 0.4131553 0.26006427 0.26267675 0.2494185 0.10456797 0.1462665 0.17748995 0.005510125
0.07538213 0.06630802 0.14997421 0.24105085 0.18031047 0.21079914 0.11038824 0.1388409 0.22943068 0.30550712 0.23645881 0.30599245 0.37134784 0.31886467 0.23589988 0.20787984 0.15450917 0.10254881 0.061283804 0.071502976 0.12413886 0.163062 0.13370624 0.23200613 0.29529405 0.32309827 0.3016696 0.25259304 0.23365566 0.2633039 0.028669473 -32767.0 -32767.0 -32767.0 -32767.0 -32767.0 0.12532073 0.29711735 0.5579959 0.743108 1.1037215 0.94408137 0.9319071 0.9963416 1.0234663 1.0106373 0.98135114 0.94222504 0.9594924 0.99619687 1.2669874 0.7741682 0.4008217 0.32507557 0.28524283 0.11750417 0.1695005 0.056416564
-0.033115525 0.13251352 0.1395981 0.16693358 0.094018 0.12920174 0.19028491 0.091917634 0.098782904 0.13014024 0.20220888 0.2862543 0.35459653 0.36384258 0.28985888 0.21539448 0.12494739 0.10472737 0.09090687 0.20759486 0.18304555 0.14897656 0.11546432 0.10809372 0.116620995 0.13623469 0.2076284 0.16124497 0.14720607 0.20395592 -0.16043454 -32767.0 -32767.0 -32767.0 -32767.0 -32767.0 0.15991448 0.4605724 0.3055112 0.36543325 0.5238739 0.6801588 0.7818669 0.8589553 0.88694537 0.899681 0.883622 0.8798183 0.8397964 0.9891685 1.11778 1.3576692 1.4575983 1.170829 0.7550258 0.30932868 0.17265332 0.22193629
0.052239366 -0.001233252 -0.03152129 -0.00407276 0.07134451 -0.011347098 -0.022349533 0.12144634 0.08791044 0.09427499 0.22509453 0.24935308 0.29311347 0.30459988 0.2772292 0.18296199 0.16667397 0.16105868 0.20348614 0.2502748 0.21541448 0.11590623 0.09927333 0.12007044 0.16137712 0.15974842 0.13067275 0.10487274 0.13032408 0.10940615 0.10269322 0.10864851 -32767.0 -0.009729515 -32767.0 -32767.0 0.19420135 0.05918281 0.0051390426 0.20701598 0.4565143 0.6925944 0.83766854 0.8602872 0.784262 0.7152023 0.66605717 0.6216494 0.6306334 0.68532133 0.827844 0.9713811 1.0777072 1.1699172 1.2046196 0.87974614 0.43581474 0.25561443
0.01693252 -0.017580839 -0.1270729 -0.1147097 -0.05548643 0.027792217 0.110619165 0.15759239 0.028672282 0.12046379 0.26010463 0.29712743 0.25927305 0.30723444 0.2779795 0.1921427 0.1666754 0.21581008 0.23417345 0.26079357 0.11466255 0.051978365 0.07180863 0.062120546 0.13022207 0.17419927 0.16704537 0.1499477 0.12687172 0.17369099 0.04232965 0.02743921 0.18166992 0.10456359 -32767.0 0.069373116 -0.21218076 -0.23516357 0.113301694 0.22931193 0.36842433 0.66327405 0.8829965 0.7395249 0.64550245 0.5233174 0.48314247 0.46284458 0.48759755 0.5119162 0.5441665 0.59456867 0.71313053 0.82042843 0.91141236 0.95080537 0.7976674 0.3671937
0.08312748 0.05583391 0.00020579295 0.011540065 -0.0020789416 0.012342613 0.016288029 -0.031030467 0.07233882 0.060759693 0.17211999 0.22759512 0.29888627 0.30100897 0.2789206 0.23090194 0.25797278 0.25028917 0.22021027 0.18400215 0.087243885 0.044722773 0.03175674 0.027138177 0.02302469 0.06698473 0.15818664 0.24519394 0.33871937 0.39896476 0.446457 0.46895015 0.46590152 -32767.0 1.2263267 1.746636 0.97382647 -0.04927684 0.111298084 0.117088854 0.24629688 0.45625955 0.51688206 0.37695885 0.39212584 0.29610085 0.29723248 0.31758788 0.36662576 0.26199245 0.25301212 0.34029233 0.43375555 0.50932074 0.60704947 0.67852825 0.7592811 0.59299654
0.052738607 0.07562455 0.09691619 -0.020921566 0.005640905 0.050646544 0.033758786 0.12549841 0.17500997 0.10442001 0.19049762 0.20415293 0.29440168 0.26539832 0.23091769 0.2640147 0.31457046 0.29457316 0.14965364 -0.0014093667 0.015703157 -0.04470249 -0.02974187 -0.030919215 -0.048114408 -0.042964373 0.008113786 0.089801654 0.21999948 0.41523007 0.42005694 0.22621606 0.114401 0.36454147 0.5596415 0.48966178 0.43983084 0.3518341 0.17044091 0.069608524 0.15677649 0.097745016 -0.011233877 -0.011492596 0.21057755 0.22134261 0.20713876 0.25223586 0.2568696 0.24202852 0.3781953 0.41885304 0.4224216 0.44330516 0.40995833 0.5105633 0.55146515 0.69357336
-0.09525127 -0.12405869 -0.10613836 -0.070776634 -0.05576196 -0.009940579 0.016549902 0.076048285 0.107596844 0.12660794 0.11198572 0.1953909 0.2916973 0.3301456 0.32900858 0.29440352 0.3040638 0.15698326 0.022717807 -0.012777214 0.026159996 0.046163093 0.011766967 0.069116965 0.08776625 0.0588374 0.045228552 0.0809514 0.13280204 0.21071544 0.33222988 -32767.0 0.3779034 0.4021386 -32767.0 0.17068695 0.098133795 0.033149417 0.112565584 0.23760098 0.2527421 0.18013716 -0.112190016 0.01416208 0.17125961 0.19301906 0.15489289 0.1486882 0.106720574 0.2045805 0.21797942 0.380667 0.4172803 0.37711734 0.33278382 0.31322303 0.42122418 0.6024498
-32767.0 -0.02251922 -0.042336326 -0.025015654 -0.055096116 -0.0101373475 -0.04737879 0.022292363 0.03118237 0.044168543 0.037687592 0.15168707 0.17417689 0.2214839 0.2947483 0.3481076 0.340963 0.28338295 0.10520109 0.043356437 0.081746124 0.17516652 0.26028168 0.3546901 0.4173531 0.40161413 0.3581598 0.31414402 0.2835946 0.34413508 0.42077488 0.37948385 -32767.0 0.14672258 -0.21922761 -0.022162294 0.11375275 0.28799015 0.44409725 0.50991356 0.54987365 0.44684267 0.20724568 0.18154334 0.15931317 0.07433161 -0.014339163 0.020372808 0.12801722 0.22035584 0.24482828 0.3006359 0.26814514 0.25049415 0.24738769 0.1994306 0.2531629 0.48397774
0.026360065 -0.017319545 -0.015664183 0.010710765 0.024589453 0.05944858 0.048028115 0.027749795 0.027252784 0.050605375 0.09255056 0.08171736 0.08183232 0.15436438 0.20826386 0.22916156 0.27218014 0.24614473 0.2222782 0.13144709 0.23356052 0.40568614 0.5814772 0.73372024 0.80560124 0.81014234 0.7667108 0.67485917 0.6035487 0.53756785 0.32930145 0.55768 0.85585517 0.49278718 0.99826753 1.0808674 0.8174459 0.7598529 0.94119495 0.95587707 0.88711417 0.55956286 0.33241513 0.24573725 0.17353326 0.09278295 0.013494869 0.069887735 0.19560151 0.24881488 0.18075162 0.15118709 0.12613706 0.12507872 0.1318203 0.18630837 0.27187502 0.4923913
0.002672654 0.014506472 -0.058648966 -0.06337124 -0.048159856 -0.020745901 0.11201967 0.06464691 0.044734612 0.05412867 0.10032292 0.16213796 0.1369085 0.15059282 0.20317815 0.12690116 0.1409994 0.16744238 0.18753853 0.26512712 0.39240032 0.66943645 0.8726905 0.95629835 0.9916892 0.96080863 0.9299292 0.8281885 0.77968615 0.74346256 0.5377157 0.29024225 0.54944444 0.88069224 1.0154308 1.2023994 1.2934248 1.2945619 1.2313197 0.9933301 0.6878455 0.48450366 0.25359368 0.25087768 0.2063133 0.076135054 -0.0035630919 -0.0078039416 0.057993688 0.1343069 0.17778438 0.10480816 0.054988034 -0.019414851 0.07194804 0.24231085 0.37999046 0.4720644
0.10142253 0.16191798 0.11711562 0.048890233 0.020619817 0.020386277 0.0096826805 0.01711166 0.008762335 0.026955727 0.042321004 0.042804547 0.14011954 0.22843322 0.24019824 0.17091979 0.14540812 0.20179965 0.25198895 0.37284404 0.6205171 0.7165758 0.74845487 0.81746364 0.8438944 0.8105103 0.7723902 0.7413213 0.7033037 0.69631755 0.6178137 0.5296439 0.36835682 0.19392008 0.2795836 0.48517647 0.6788244 0.74939334 0.7449227 0.6864718 0.48699182 0.27413857 0.1548252 0.231081 0.16330925 -0.0025736478 -0.046391487 0.104943834 0.120447785 0.087787114 0.22250788 0.21837531 0.11684781 0.122761704 0.16423078 0.27856576 0.29711187 0.265171
0.09823427 0.12220716 0.20645101 0.28760943 0.33945596 0.45117497 0.45817834 0.18747401 0.09192163 0.09725876 0.17736176 0.15082036 0.06903499 0.122497156 0.14486517 0.17645057 0.1894214 0.16727553 0.25721195 0.4804556 0.62685716 0.58556336 0.56581396 0.54224646 0.6085155 0.66144216 0.58307475 0.5723424 0.5114914 0.5578873 0.51949817 0.52251863 0.5427378 0.49744266 0.51091594 0.67105675 0.7217275 0.6513165 0.4959882 0.30500478 0.18957247 0.10443579 0.15065908 0.21143599 0.0563791 -0.068407185 -0.053959917 0.043406032 0.11607096 0.21307014 0.2717617 0.33073053 0.30554822 0.18549733 0.13230301 0.15061803 0.22413635 0.35762218
0.15702921 0.20157552 0.24565423 0.39521605 0.37656435 0.25044474 0.29750654 0.37107965 0.24419202 0.14092077 0.14441463 0.09726606 0.08042619 0.061298452 0.101291284 0.14968818 0.08234088 0.1194957 0.19014047 0.3333368 0.3327887 0.33144432 0.26291353 0.1941653 0.17764817 0.23797557 0.32573187 0.3483479 0.29501587 0.42979336 0.5705478 0.64806336 0.71086264 0.7944575 0.73658705 0.502952 0.3652997 0.26269916 0.21296574 0.18284212 0.14726795 0.12894459 0.17062318 0.1302593 0.05168674 -0.034554068 -0.031806346 0.02454619 0.08734412 0.18073666 0.2151627 0.27575576 0.31977394 0.34198213 0.3378327 0.29062074 0.29799256 0.14727697
0.21811754 0.3510167 0.32301766 0.22620931 0.03513718 0.022552215 0.077828355 0.11018889 0.18246813 0.16472846 0.06712323 0.03810435 0.03426957 0.101471156 0.09210885 0.026908813 0.022539377 0.09425783 0.18387139 0.23720504 0.17749432 0.21101299 0.08528103 -0.025716303 -0.08768056 -0.08114763 0.057161413 0.12710488 0.036129367 -0.040635917 0.042244826 0.09402506 0.15480159 0.2120297 0.30595145 0.3756896 0.41244522 0.42455488 0.43583086 0.3873807 0.28872725 0.18481886 0.15765679 0.09728407 0.018178314 0.036085304 0.02879409 -0.052932363 -0.1587512 -0.09868219 0.057282843 0.1917614 0.1941924 0.19285247 0.25801927 0.21524346 0.13494298 -0.07684099
0.45928454 0.39357117 0.28129932 0.0718244 0.01092782 -0.06570919 -0.11380526 -0.01594695 0.005497142 0.0037889506 0.026470063 0.050960496 0.05009333 0.08773431 0.019179234 0.01725239 0.073493525 0.16000232 0.31526652 0.328001 0.21602094 0.16718546 0.048781797 -0.18377966 -0.3259597 -0.20526937 -0.22412927 -0.21307547 -0.08783987 -0.018533552 0.027452705 0.06949202 0.302541 0.39628622 0.48084146 0.5558123 0.58901113 0.5591856 0.5147068 0.4616211 0.33754194 0.18279317 0.14062709 0.12053785 0.032961506 0.03600971 -0.05400987 -0.13383637 -0.25475335 -0.2842128 -0.10738278 0.07952026 0.060939766 -0.03467343 -0.034721002 -0.009277017 -0.13087234 -0.16026242
0.53561044 0.33379936 0.18078962 0.08619748 0.07053397 0.17667025 0.22208598 0.054706007 0.12850408 -0.009931994 -0.02462612 0.048096307 -0.007956044 0.057445683 -0.0013411157 0.022096938 0.09287395 0.33613357 0.46024776 0.4268781 0.24881117 0.17456128 0.117655426 0.11762119 0.09830094 -0.15216541 -0.20223485 -32767.0 0.04510718 0.106050715 0.3354727 0.39268732 0.40344498 0.50261545 0.44765604 0.39565897 0.39416364 0.32893744 0.25807697 0.25190425 0.19759378 0.11079395 0.09220152 0.12300948 0.081392325 -0.051916618 -0.09435172 -0.034056682 -0.026472276 -0.1993728 -0.24471836 -0.24092005 -0.25776857 -0.20312819 -0.15103441 -0.22136985 -0.20262285 -0.147238
0.30634975 0.21240821 0.12456832 0.10003036 0.20679675 0.2487884 0.23696882 0.24834532 0.23193729 0.20031235 0.096698865 0.10951651 0.06766096 0.08515944 0.11975454 0.20283565 0.45364127 0.73528117 0.57740813 0.41330028 0.22580273 0.14960597 0.09999973 0.1502868 0.12277392 0.10037196 -0.15695997 -0.21199998 0.12939534 0.24320039 0.28531963 0.38180757 0.4055531 0.33426765 0.3882823 0.4109141 0.36354584 0.2932827 0.19361252 0.10909116 0.02207237 0.050890844 0.024895014 0.027023813 -0.04629832 -0.15233704 0.050530355 0.10169946 0.17335308 0.05814277 -0.24017897 -0.35136715 -0.39250135 -0.29118112 -0.27779934 -0.23341152 -0.16306077 -0.2651375
0.137304 0.07733544 0.086694404 0.31851032 0.35194936 0.2844012 0.24311352 0.21451055 0.23214507 0.25696647 0.19070297 0.18267114 0.09961839 0.13381496 0.20524609 0.5097852 0.7195714 0.49319667 0.37030602 0.31584743 0.17890051 0.08719027 0.028493486 -0.10898995 -0.22410597 -0.23384127 -32767.0 -0.069078766 0.01978071 0.13673349 0.26614037 0.22293039 0.22841811 0.29964745 0.258456 0.24144949 0.20273972 0.15847225 0.048993677 -0.025971418 -0.09097085 -0.03910026 -0.050470583 -0.11005338 -0.1918213 -0.013171047 0.00683456 0.00210732 0.011646041 0.026154889 -0.2605085 -0.52404785 -0.543265 -0.50282675 -0.3725985 -0.1690545 -0.14868121 -0.2701268
0.13770637 -0.002240516 0.05371373 0.06284546 0.07657335 0.114883095 0.14878577 0.1955318 0.13502416 0.14942046 0.15551418 0.07170262 0.059310768 0.29050955 0.6574181 0.5833629 0.39373326 0.35687184 0.32757142 0.2447785 0.09500217 -0.008218138 -0.0050763204 -0.061939746 0.025149187 -0.05635518 -0.13650535 -0.10129518 -0.01888212 0.059614092 0.092881426 0.07094361 0.17565437 0.101066664 -0.013392552 0.01152595 -0.0721922 -0.07315367 -0.1201578 -0.1755153 -0.16464444 -0.10641242 -0.11546512 -0.24665977 -0.101013236 0.009425803 0.039749548 0.033519175 0.026940094 0.014877964 -0.14804532 -0.43172067 -0.5247799 -0.45344976 -0.3190074 -0.1976844 -0.10765231 -0.004067014
0.11958242 0.1053219 -0.036060862 -0.09854661 -0.12385696 -0.07638034 -0.088068746 -0.14538126 -0.051361322 0.060024712 0.07635569 0.09715037 0.289592 0.5050411 0.47920087 0.39011624 0.3450214 0.29220665 0.18823169 0.040867023 -0.079646885 -0.023642626 -0.001266217 -0.02598302 -0.11675693 -0.04765533 -0.016808735 0.040599357 0.065749995 0.03342214 -0.0012724566 0.026891498 0.014771898 -0.13693583 -0.20397691 -0.29456902 -0.29898572 -0.3154919 -0.28305456 -0.27215365 -0.18089448 -0.14591034 -0.24602066 -0.26272506 -0.023817826 -0.029007724 0.010137 0.026131831 0.0012814052 0.008920953 0.0067726504 -0.107030064 -0.17343809 -0.13107334 -0.049827524 -0.096336395 -0.078640185 0.038829666
