static/data/seaWater_uo/2023/7/27/18.asc
ncols 137
nrows 93
xllcorner 108.0
yllcorner 17.0
cellsize 0.25
NODATA_value -32767
[rows 52 to 77 of 93, columns 58 to 115 of 137]
0.120847695 0.16833067 0.06809134 0.004271378 0.032323074 0.019962184 0.021190647 0.09445793 0.20776899 0.1690749 0.13995281 0.18263955 0.20577404 0.2889399 0.41568336 0.46984202 0.41299644 0.3212974 0.111478284 -0.0426416 0.014756356 0.09650544 0.031875547 0.14024878 0.06829885 0.039227556 0.03221023 -0.003614813 0.0037028273 0.034578256 0.04691676 0.049254745 0.005393944 -0.15663248 -0.2730403 -0.38446945 -0.4232874 -0.48873186 -0.5311618 -0.49133882 -0.4126885 -0.3762691 -0.43643486 -0.2446639 -0.25605163 -0.27422115 -0.27335703 -0.19592614 -0.09821767 0.029899605 0.14015771 -0.06358462 -0.09189338 -0.118857555 -0.17325473 -0.13225578 -0.15484215 -0.16631304
0.17414762 0.2719386 0.2696799 0.2665274 0.17183127 0.123489566 0.14218397 0.10720545 0.00032241893 0.017701477 0.026476905 0.08126349 0.18454455 0.36748993 0.45164844 0.4575955 0.44670638 0.33135882 0.122498915 0.026656453 0.080229 0.12402574 0.112382635 -32767.0 0.20053126 0.034122344 0.0065404256 -0.015944714 0.023497805 0.03507068 0.0044815526 -0.011966307 -0.09355953 -0.27081314 -0.38932663 -0.47518906 -0.58528274 -0.6103643 -0.5384357 -0.47536162 -0.46674907 -0.50449604 -0.38988432 -0.40071425 -0.4181731 -0.39833948 -0.33377105 -0.24685106 -0.19433069 -0.083641395 0.1534732 0.2721187 0.06037553 -0.07712957 -0.014624029 -0.026833994 -0.01937356 -0.023325102
0.20070943 0.24459456 0.35066298 0.36163443 0.32828754 0.2755551 0.25008458 0.21210954 0.20627826 0.20685944 0.2828312 0.42741445 0.6319684 0.6139966 0.4265044 0.5081413 0.4660858 0.2270352 0.06787327 0.18242967 0.15611656 0.07814315 0.037295 0.06801942 0.19630666 0.13261896 0.09081864 0.14135285 0.14423677 0.06501351 0.005519733 -0.035104416 -0.13753837 -0.29667297 -0.42368144 -0.5097228 -0.556307 -0.5371993 -0.52102166 -0.58790135 -0.60044664 -0.4997859 -0.45766807 -0.3196447 -0.20629631 -0.21674009 -0.23547842 -0.2072333 -0.10328409 -0.11232886 0.009333041 0.22482155 0.2948168 0.0583412 -0.025770131 0.06950487 0.07105478 -0.00843592
0.19452128 0.42977718 0.73747665 0.8364753 0.81033075 0.72401273 0.64094645 0.58201736 0.49550608 0.56315696 0.7048261 0.8228237 0.74351513 0.4748577 0.5018297 0.4563521 0.36327195 0.27375385 0.24766803 0.039688233 0.018349107 -32767.0 -0.002098016 0.13880222 0.17994551 0.36239102 0.32955033 0.23741938 0.20777576 0.07340612 -0.003990063 -0.044631936 -0.12598789 -0.22902825 -0.33987528 -0.39571762 -0.43448243 -0.50005263 -0.6489955 -0.64335227 -0.57405645 -0.46183115 -0.3058235 -0.15987253 -0.049507666 -0.044001527 -0.09942673 -0.10989124 -0.00816046 0.009005259 -0.04516909 0.08639738 0.21090084 0.10735867 -0.0024340176 0.09003203 0.08324789 0.0051025203
0.4158346 0.8782074 1.0914892 1.0255253 1.0956529 1.0398852 0.85578334 0.82675165 0.7973166 0.8526039 0.850961 0.68280935 0.48839235 0.5455859 0.4406001 0.3665245 0.32858607 0.24310975 0.08841049 0.09664697 0.20115632 0.36194915 0.4142435 0.48628813 0.51046246 0.40694696 0.24695207 0.26211572 0.13130134 0.03566058 -0.023826532 -0.04736793 -0.11262217 -0.15212554 -0.23736873 -0.29641598 -0.3882888 -0.5676322 -0.5995735 -0.553348 -0.49255478 -0.45725244 -0.35955805 -0.22900477 -0.07614542 -0.07430171 -0.11944188 -0.10585228 -0.013793582 0.053681582 -0.031063462 -0.032013483 0.116746075 0.1142378 -0.0118025215 0.049378127 0.013720955 -0.08337584
0.41946143 0.5420415 0.5702247 0.5881167 0.75192815 0.591179 0.7828699 0.8132683 0.8135999 0.6979477 0.47485343 0.49630442 0.5424412 0.42406994 0.28917295 0.28374776 0.20568834 0.16723685 0.20843495 0.29402682 0.27512124 0.284144 0.37290737 0.45358625 0.47351262 0.4410529 0.3890075 0.22371568 0.021317251 0.002157624 -0.026752198 -0.066831335 -0.052502822 -0.10465146 -0.15651858 -0.23447777 -0.37344468 -0.46328443 -0.43707794 -0.41515017 -0.40415984 -0.33855498 -0.33335644 -0.18760702 -0.021570323 0.016183801 -0.096739106 -0.1118853 -0.05096132 0.01725913 -0.0024899943 -0.06603183 0.025906714 0.17519319 0.09769062 0.0538845 0.00973539 0.0077830795
0.21731953 0.25843912 0.21552226 0.2042356 0.3160633 0.33749434 0.43315202 0.41944376 0.34905094 0.31762135 0.479921 0.47082442 0.36546668 0.17131943 0.19495246 0.14441578 0.04670177 0.13181065 0.3350099 0.3888871 0.31079337 0.3470336 0.32472414 0.2899145 0.25324923 0.17787811 0.18203135 0.0764212 -0.038624078 -0.039183185 -0.041690633 -0.10108182 -0.06177747 -0.07244318 -0.1025589 -0.20082541 -0.28284392 -0.33053473 -0.30493036 -0.29846323 -0.24819796 -0.1922723 -0.18453746 -0.070099324 0.013752295 0.059160165 0.036235504 -0.035937786 -0.0034815262 0.018266747 0.039207175 -0.048943363 -0.10748176 0.042122014 0.29470986 0.3366974 0.30870202 0.2937457
0.40904477 0.18513057 0.09629596 0.04545556 0.0047382996 -0.04188608 -0.095997766 0.016290858 0.18303633 0.27288213 0.29159164 0.34868515 0.013463214 0.06127715 0.13478589 0.08842304 0.13473809 0.2433939 0.28780806 0.3091582 0.41594052 0.3370345 0.17149648 0.045047592 -0.072780736 -0.043623924 0.023981387 -0.081045784 -0.042728744 -0.0064314874 -0.022677546 -0.08519465 -0.14590879 -0.09756623 -0.097706854 -0.13998568 -0.19282824 -0.19914179 -0.1481996 -0.12629409 -0.11250726 -0.0622254 0.031032227 0.09004112 0.11420592 0.10330061 0.049980447 0.068583995 0.09763443 0.10525188 0.08844613 0.028171342 -0.15290321 -0.1377224 0.12395914 0.29930416 0.39165077 0.37341303
0.5049659 0.20210801 0.14855991 0.121407405 0.10859357 0.06529483 0.1131343 0.09778639 0.113357164 0.1337424 0.15551797 0.030986283 -0.04786199 0.054267 0.15900075 0.091602504 0.06467457 0.13820736 0.22822422 0.31372935 0.27311105 0.11535314 0.007414697 -0.03782459 -0.08120171 -0.12369649 -0.16266389 -0.0930336 0.006127801 0.050568398 -0.036884252 -0.06697071 -0.21287276 -0.17411989 -0.12577741 -0.07552516 -0.10419839 -0.0845913 -0.014484141 0.07432638 0.108604714 0.13550705 0.14535756 0.1894504 0.16348356 0.16689861 0.14296338 0.17126463 0.17182164 0.16755548 0.1100848 0.09648543 -0.033269033 -0.16011527 0.0042545544 0.12199262 0.15318519 0.08996781
0.48137134 0.16193314 0.084732376 0.039542045 0.11418344 0.2716193 0.23912627 0.1117253 0.11544638 0.10697825 0.03560013 0.023327187 0.26280308 0.29211718 0.19912729 0.1709736 0.18916205 0.22662963 0.21069202 0.12585746 -0.02291064 -0.12425217 -0.16428655 -0.17024218 -0.21199228 -0.2457548 -0.17899635 -0.07045179 0.069800824 -0.058570232 -0.08089944 -0.07964658 -0.18070681 -0.26215988 -0.15532734 -0.046609934 0.027473228 0.04577946 0.06991664 0.1651307 0.20555201 0.15707017 0.16199745 0.2330133 0.2612953 0.23012996 0.25969678 0.2241982 0.15515572 0.08800177 0.10085984 0.12057139 0.114484236 0.02429713 0.051891692 0.078546226 0.056112844 0.048030727
0.29058862 0.11768226 0.060761802 0.047126602 0.05898706 0.12883063 0.08669142 0.1795912 0.17709135 0.20361973 0.15155542 0.20107128 0.287464 0.22800635 0.07271471 0.0134382285 0.05742965 0.10877348 0.051680584 -0.122036956 -0.20741534 -0.22219095 -0.20347798 -0.28797686 -0.33345455 -0.2715114 -0.15981112 -0.007101683 -0.10308433 -0.16833363 -0.17898378 -0.15299109 -0.08164249 -0.14314847 -0.16003247 -0.06316296 0.08110172 0.14976887 0.17215198 0.20533052 0.22747327 0.26084134 0.33173558 0.43561682 0.5156276 0.47840297 0.4358413 0.31029972 0.15152343 0.06496961 0.019864466 0.12506387 0.103482805 0.06405298 0.097186506 0.035254225 0.0122778015 -0.019119045
0.17115186 0.09207292 0.174274 0.21352407 0.14956121 -0.052472815 0.12403944 0.39787927 0.31025136 0.2370687 0.20351334 0.21283147 0.21912709 0.12506872 -0.053383548 -0.050119814 -0.01737147 -0.0024827837 -0.10723489 -0.22556792 -0.22105409 -0.20070818 -0.28664795 -0.41453314 -0.36327597 -0.17473286 -0.11308404 -0.16757822 -0.21139422 -0.18015355 -0.13623787 -0.12939152 -0.059250817 0.028140375 0.09874651 0.13539475 0.17777066 0.25373524 0.33918083 0.4093863 0.4643381 0.52599347 0.61540914 0.64134634 0.6005911 0.5250518 0.44999313 0.30032784 0.13654819 0.08846021 0.0117858 0.042864423 0.020147687 0.012958995 0.05836248 -0.0048811776 -0.027600218 -0.08945842
0.09434634 0.1179853 0.2504188 0.23460542 0.23413871 0.23037952 0.31052813 0.35334513 0.30691534 0.23623724 0.18229209 0.18759276 0.16413349 0.11959132 0.084961705 0.030776024 -0.0069114836 -0.07202402 -0.17354065 -0.198201 -0.1789704 -0.2562463 -0.34431577 -0.29645398 -0.1821646 -0.25426713 -0.2635034 -0.27289718 -0.27374515 -0.29333085 -0.2849105 -0.21784806 -0.12357866 -0.04675848 0.053249687 0.16213475 0.30416033 0.43146983 0.504887 0.55162954 0.57523334 0.5292251 0.46116346 0.41352347 0.2742578 0.13470359 0.11916661 0.097926445 0.07614347 0.078005314 0.014333509 0.007915206 -0.023579568 -0.008045454 -0.0083486745 -0.066578485 -0.08271189 -0.14798428
0.2015616 0.23623519 0.21122093 0.10934622 0.13501704 0.23402444 0.26359016 0.26814944 0.258596 0.24110864 0.21409714 0.19644612 0.15044987 0.122952 0.075532615 0.030792179 0.012980522 -0.12687661 -0.1740455 -0.19014442 -0.2762206 -0.29462326 -0.25851512 -0.28058696 -0.2819724 -0.19248864 -0.15249693 -0.16439337 -0.2168928 -0.25640258 -0.26060018 -0.28042054 -0.288772 -0.24185462 -0.17633663 -0.11442077 -0.05548987 0.07660884 0.18780358 0.23336874 0.21914507 0.10391399 -0.01098732 0.1303651 0.19087704 0.2668801 0.20391814 0.05272714 0.0487262 0.12053941 -0.03313694 -0.031018587 -0.0069776643 -0.0037520768 -0.044785973 -0.102457754 -0.16120657 -0.15429825
0.2238974 0.2252989 0.046047315 -0.08097325 -0.093149945 -0.04647118 0.03184065 0.078365825 0.12634279 0.17617005 0.18416455 0.16306515 0.11983886 0.076412834 -0.01629695 -0.036670767 -0.09217629 -0.19443531 -0.21374626 -0.304854 -0.3952514 -0.39596924 -0.33741814 -0.28724417 -0.21093102 -0.14761414 -0.10304165 -0.09603514 -0.14905925 -0.15855715 -0.18661994 -0.17626864 -0.2154457 -0.24861036 -0.27384955 -0.25716648 -0.1599425 -0.16745526 -0.19081375 -0.23760217 -0.23469572 -0.117567554 -0.08345322 -0.035236508 0.026995517 0.14041506 0.24456605 0.31463152 0.3256639 0.3302192 0.22816128 0.1072536 0.03990568 -0.014430301 -0.05273531 -0.15087157 -0.20498987 -0.09936656
0.3245385 0.17867723 -0.0781414 -0.21208756 -0.30617034 -0.30493972 -0.23357244 -0.11398582 0.03788774 0.15429454 0.21199693 0.17346558 0.07579955 -0.0035955866 -0.070519835 -0.12195189 -0.20324382 -0.24668807 -0.34687486 -0.39608812 -0.3394438 -0.23313476 -0.15526588 -0.12412424 -0.13966672 -0.1259526 -0.041763853 0.005301346 -0.014967954 -0.040962934 -0.12611675 -0.14281207 -0.17120825 -0.19059137 -0.19789018 -0.19511381 -0.25000802 -0.21742503 -0.21353576 -0.20704976 -0.21839957 -0.1895588 -0.25825405 -0.2383799 -0.13806362 -0.06267381 0.06009068 0.25410625 0.4256631 0.5518389 0.49812892 0.22453092 0.06391997 -0.030557623 -0.09584331 -0.21545018 -0.1522068 -0.115435794
0.3298859 0.14997673 -0.05520946 -0.13202198 -0.22083375 -0.30890706 -0.3091777 -0.22228813 -0.05499634 0.10741687 0.16578874 0.1354389 0.04454936 -0.06655216 -0.10751882 -0.181892 -0.22903606 -0.2920137 -0.40617222 -0.36472625 -0.3965419 -0.406408 -0.29382956 -0.13086784 -0.09085711 -0.1116323 -0.08681327 -0.014558506 0.034794036 0.040345084 -0.01627389 -0.036282163 -0.09348582 -0.14872798 -0.12889941 -0.13722125 -0.20227844 -0.27299196 -0.2227114 -0.16685683 -0.17144454 -0.15507585 -0.25691515 -0.34838283 -0.25487098 -0.1799658 -0.05435788 0.20166872 0.3535719 0.42858183 0.35496593 0.15002231 0.017208587 -0.045615207 -0.17160286 -0.20229626 -0.09790374 -0.14242588
0.11746816 -0.013576668 -0.0024330132 0.069525525 0.120235264 0.08419599 -0.020601375 -0.0498782 -0.0014007933 0.056270756 0.09949615 0.048118565 -0.025266917 -0.10552708 -0.115771785 -0.15827084 -0.22250274 -0.3216289 -0.33675858 -0.37738785 -0.4686158 -0.4329082 -0.33884153 -0.20846209 -0.10987283 -0.058116246 -0.013045949 0.053097278 0.102397375 0.056427322 0.060654443 0.03873014 -0.034988303 -0.05343424 -0.08884492 -0.11650582 -0.199469 -0.30409268 -0.19748525 -0.11493876 -0.054015595 -0.062072698 -0.040668957 -0.14645049 -0.22067457 -0.16821636 -0.088637896 0.06647912 0.16480242 0.23267832 0.22852175 0.0758253 -0.013199879 -0.0680349 -0.1690764 -0.097028136 -0.15001288 -0.20327975
-0.18243411 -0.14108421 0.11084296 0.30089337 0.37383682 0.34898895 0.290095 0.26122904 0.23589145 0.15341261 0.07885916 -0.0019903048 -0.078434296 -0.12591381 -0.119505025 -0.14392774 -0.19558522 -0.25593784 -0.24182177 -0.21722667 -0.23198548 -0.15009004 -0.08076719 -0.046542577 -0.03518437 0.040449798 0.05787522 0.13778022 0.16813283 0.1605768 0.060919266 -0.05561625 -0.07163674 -0.07868621 -0.12819095 -0.14103352 -0.24808595 -0.26084524 -0.291367 -0.16052268 -0.09927435 -0.08983333 -0.024866588 0.007527105 -0.09342145 -0.11526767 -0.15876643 -0.08950372 0.025317082 0.10349227 0.13061078 0.064037345 0.023752362 -0.036613952 -0.076584265 -0.05298827 -0.11180662 -0.1692625
-0.015025999 -0.04138452 0.14203462 0.32195503 0.39360422 0.3634825 0.37368265 0.4507456 0.4014732 0.20621398 0.112486735 -0.028452763 -0.118020624 -0.13235827 -0.11944276 -0.14398429 -0.14664786 -0.14752968 -0.09330318 0.054180503 0.14478183 0.18326049 0.16055715 0.16830255 0.05054692 0.09282059 0.13798407 0.22138238 0.23105972 0.21750432 0.112043 -0.04146742 -0.029650493 -0.076543495 -0.10766091 -0.1091498 -0.17244676 -0.22733101 -0.17537987 -0.17841627 -0.1856962 -0.15577982 -0.050087743 0.08156831 0.004996923 -0.08610298 -0.17591587 -0.19243959 -0.08025586 0.0057444056 0.017338682 0.030300943 0.041430734 -0.022827327 -0.06310621 -0.028903179 -0.07581251 -0.08750471
0.45016867 0.36232343 0.36179513 0.38707936 0.42074972 0.41889122 0.46766695 0.46925387 0.20908232 0.09576201 0.10562811 -0.030719178 -0.1437457 -0.1440923 -0.15411669 -0.15028557 -0.10731302 -0.038446452 0.03650605 0.13205813 0.26295888 0.30391145 0.3220768 0.31347248 0.12462532 0.1511158 0.27328688 0.37190276 0.3709999 0.27017578 0.1772339 0.08477069 0.021728095 -0.033469018 -0.0073509044 0.03070321 0.032161783 -0.011455417 -0.090983726 -0.072499745 -0.11651563 -0.058855318 0.049844734 0.08383729 0.06235234 -0.05389236 -0.15038106 -0.24032898 -0.19991815 -0.14260918 -0.101530716 -0.054018892 -0.038142998 -0.09442024 -0.08775205 -0.014607577 -0.044240285 -0.006401737
0.31109166 0.41011766 0.42895418 0.45736155 0.47318584 0.42408752 0.4346876 0.20477735 0.01093208 0.120692 0.085799 -0.03464332 -0.1392238 -0.14185779 -0.17545755 -0.1693569 -0.11428553 0.011863391 0.16592741 0.290037 0.38675272 0.3986424 0.36731356 0.32660827 0.29396775 0.5340313 0.6615509 0.5729308 0.46774745 0.3365102 0.22225577 0.06740125 -0.03638582 -0.056824453 0.03576708 0.122247174 0.17267977 0.17432927 0.112926476 0.017435692 -0.022295598 -0.04557254 0.026148545 0.03494318 0.115892045 -0.06897414 -0.15509827 -0.25042352 -0.28832412 -0.2624645 -0.22635852 -0.1917493 -0.20817299 -0.2714373 -0.10562342 -0.036011446 -0.017238125 0.038806386
0.14991115 0.25716788 0.37802523 0.49612132 0.5100539 0.41925636 0.35460198 0.18805799 0.15609814 0.18013453 0.09829517 -0.049658105 -0.13226786 -0.14701265 -0.16195571 -0.16372654 -0.117880754 0.013044466 0.20789117 0.37276572 0.4682632 0.4996693 0.5807897 0.74146605 0.92108166 0.91480774 0.6764106 0.5065703 0.4288672 0.36951035 0.25062218 0.10351957 0.060107492 0.036279913 0.1060165 0.16810885 0.18472125 0.18158785 0.16962793 0.079296514 0.026945285 -0.027457926 -0.015574892 0.0031623528 0.044508573 -0.096639566 -0.15549704 -0.26435688 -0.39432973 -0.3862091 -0.3878338 -0.40653268 -0.43481952 -0.29406583 -0.030160435 0.012834935 0.049049247 0.15514126
0.12612258 0.24854532 0.43143255 0.506413 0.48892713 0.38447505 0.287897 0.24325095 0.18650806 0.14153479 0.08774285 -0.048571043 -0.13879532 -0.16129935 -0.094245285 -0.016276155 0.20022848 0.4702998 0.6338411 0.73534656 0.8010521 0.8205054 0.8102228 0.77688473 0.68440294 0.49227867 0.3777204 0.3368978 0.2996845 0.35570705 0.3199637 0.33070278 0.36097613 0.3251942 0.27085736 0.20010197 0.20611224 0.1657777 0.14502336 0.08588523 0.032768846 -0.00049816025 -0.042252984 -0.032562602 -0.016029254 -0.102884896 -0.11785639 -0.25377914 -0.38959497 -0.49669385 -0.5522995 -0.50701404 -0.3290778 -0.08164267 -0.0063206614 0.022472223 0.23145768 0.47978315
0.18388304 0.39000508 0.45953885 0.4364522 0.36862484 0.24140759 0.17018154 0.16936408 0.1064455 0.08202744 0.070592314 -0.005286847 -0.13511124 -0.1650711 -0.014002678 0.25947288 0.4811074 0.5537758 0.58545464 0.48269302 0.37771463 0.33147 0.29118052 0.2682647 0.3809892 0.3765257 0.22212832 0.15596771 0.18714255 0.31642297 0.4182065 0.4471197 0.46111932 0.4132518 0.3294241 0.25812736 0.28091535 0.19399242 0.09479359 0.03776381 0.021927146 0.017898338 -0.034045983 -0.06675675 -0.03812888 -0.18804975 -0.3022679 -0.16586019 -0.23038073 -0.34638533 -0.3472653 -0.24339975 -0.13578601 -0.11677754 -0.03342088 0.24883507 0.4200746 0.36993375
0.36898288 0.38512096 0.37612593 0.27455115 0.16652803 0.030741038 -0.032118842 -0.04066663 -0.064477526 -0.03658695 0.008664647 0.01071189 0.0019233928 -0.044921298 0.13308711 0.24147108 0.29661906 0.2926318 0.1312467 0.007687017 0.021556467 0.14254203 0.17130834 0.14535816 0.07152583 0.10433172 0.15891628 0.19343244 0.18878631 0.25448197 0.37906605 0.44907114 0.46657938 0.39151686 0.3557581 0.30742472 0.2923563 0.17379607 0.036272123 -0.0044362824 -0.021748345 0.026403049 -0.031739596 -0.067284115 -0.013049656 -0.11362212 -0.27883142 -0.25666606 -0.104475275 0.0054097804 -0.0899879 -0.2143845 -0.1554414 0.03823951 0.21335572 0.2240271 0.040672168 0.06210803
