static/data/seaWater_uo/2023/7/27/6.asc
ncols 137
nrows 93
xllcorner 108.0
yllcorner 17.0
cellsize 0.25
NODATA_value -32767
[rows 25 to 49 of 93, columns 58 to 115 of 137]
0.012986593 0.043067303 0.02096168 0.07525211 0.17572336 0.1399384 0.19252414 0.17300418 0.17212994 0.1693809 0.14514601 0.11708974 0.15423608 0.20831926 0.23300946 0.26513502 0.3268311 0.41465768 0.298947 0.2715173 0.3667894 0.37312484 0.3816312 0.39083448 0.3913454 0.38446054 0.331982 0.3096219 0.1571342 -32767.0 -0.12747829 -0.23130134 -32767.0 -32767.0 -0.014932537 -0.045415625 0.012609382 0.07427706 -0.1962535 -0.22885261 -0.17563662 -32767.0 -32767.0 -32767.0 -32767.0 -32767.0 -32767.0 -32767.0 -32767.0 -0.025412174 -0.12641302 0.16376647 -32767.0 -32767.0 -0.11349559 -0.40741098 -0.30988318 -0.31288144
-0.055956706 -0.08129469 -0.082109414 -0.030473212 -0.03663916 0.019716565 0.0024066423 -0.0052615153 0.081168935 0.12045326 0.06722382 0.012837274 0.06686835 0.19002669 0.26460692 0.23587468 -32767.0 -32767.0 0.058037415 0.09610072 0.24030863 0.32156578 0.32275718 0.3385822 0.32895702 0.22841875 0.19869286 0.15118 0.08767125 -0.117229335 -0.12486199 -32767.0 -32767.0 -32767.0 -32767.0 -32767.0 -32767.0 -0.12870461 -0.20928764 -0.055018704 -32767.0 -32767.0 -32767.0 -32767.0 -32767.0 0.19695936 -32767.0 0.08264893 0.092655815 -0.09133659 -0.013597212 0.15737893 0.012973138 -32767.0 -0.341639 -0.23976716 -0.25577307 -0.28499243
-0.034270342 -0.056259032 -0.18507816 -0.13144375 -0.09399116 -0.052512825 -0.04296895 -0.047753986 -0.071479306 -0.07499757 -0.09986532 -0.114170715 -0.09357699 -0.09858581 -0.10467827 -32767.0 -32767.0 0.19145282 0.18030351 0.15813409 0.21918313 0.29845956 0.32386786 0.3118497 0.20911868 0.1923944 0.13571942 0.065826744 -32767.0 -32767.0 -32767.0 -32767.0 -32767.0 -32767.0 -32767.0 -32767.0 -32767.0 -0.21649508 -0.05825509 0.043541655 -32767.0 -32767.0 -32767.0 0.07670991 0.20682757 0.18284886 0.28500974 0.21768606 0.09567841 0.24094082 -0.05103852 0.053928155 0.003633477 -0.17934248 -0.21785653 -0.13437456 -0.23470226 -0.17829205
0.06410344 0.03016638 -0.04787795 0.0047559934 -0.02518076 -0.10318699 -0.10725069 -0.122816235 -0.17700115 -0.18371703 -0.16295001 -0.23866665 -0.24872787 -0.1743104 -0.14558841 -0.075413 0.030192815 0.048859894 0.102147214 0.16745463 0.19172809 0.24875471 0.2871252 0.26183483 0.18496591 0.105786264 -32767.0 0.04240758 0.1254802 -32767.0 -32767.0 -0.042214163 -32767.0 -32767.0 -32767.0 -32767.0 -32767.0 -32767.0 0.07501397 0.1233933 -32767.0 -32767.0 0.03957795 0.23859583 0.4866911 0.52138835 0.55511665 0.60402 0.5326498 0.20397049 0.09116932 0.10522545 -0.110983394 -0.17679533 -0.06879717 -0.14218119 -0.07998205 -0.07166949
0.01973909 -0.02003087 -0.009183361 0.104377896 0.027065422 0.10924386 0.13730799 0.003036957 -0.046743706 -0.11289715 -0.11439059 -0.0023742393 -0.14154303 -0.12615025 -0.08752314 -0.1666978 -0.095599644 0.021980444 0.13221456 0.12395619 0.077262536 0.086425245 0.16384703 0.14219482 0.22598979 -32767.0 -0.010557199 0.01078852 0.100312434 -0.027726453 0.02786532 -32767.0 -0.01043811 -32767.0 -32767.0 -32767.0 -32767.0 -32767.0 0.16751137 0.09554318 0.10833864 0.06030976 0.16350268 0.07300096 0.24940717 0.35063863 0.42694414 0.45845053 0.4100381 0.28071022 0.16474277 -0.12315541 -0.12495057 -0.13925378 -0.059074055 -0.0023469292 0.015239288 0.098995596
-0.049695585 0.06792875 0.09277984 0.00047636684 0.115457095 0.14174077 0.031194327 0.1417167 0.08649496 0.052384753 0.044454493 0.013902336 -0.021483935 -0.060003847 0.12344092 0.027791243 0.04040156 0.07434867 0.024168618 -0.008508978 -0.04597139 -0.040380932 -0.008969262 0.13152373 0.2378907 0.4469833 0.32244173 0.32247454 0.17898121 0.13227245 -0.0037199138 -0.12804373 0.007689945 -32767.0 -32767.0 -32767.0 -32767.0 0.048642106 -0.09737478 -0.22395316 -0.22465213 -0.030439094 0.25980014 0.5029427 0.6444791 0.7270235 0.69937235 0.5891148 0.43528202 0.2907814 0.054340173 -0.019680804 -0.0048081623 0.13760442 0.21550354 0.1807403 0.07513278 0.05062907
-0.09828506 -0.010853713 0.06117445 0.08135808 0.0150235845 0.03850364 0.04323439 0.100737855 0.13576494 0.058010988 0.05323109 0.054797225 0.025095463 -0.0058319424 0.024039224 0.04900877 -0.00042942585 -0.05831919 -0.029604271 -0.047877014 0.023947194 0.032874845 0.024668677 0.018065538 0.09134578 0.20014428 0.3159924 0.41722944 0.44887152 0.17267752 -0.12284007 -0.016435497 0.06153752 -32767.0 -32767.0 -32767.0 -32767.0 -0.12381589 -0.21561064 -0.17853193 -0.06621545 0.37459108 0.71216923 0.85467124 0.8736694 0.8099634 0.7608212 0.7067778 0.66463053 0.71181643 0.41229925 0.27839231 0.2732765 0.13997716 0.052093476 0.1111389 0.17616962 -0.03404037
-0.06516411 -0.13464582 -0.12648961 -0.10770288 -0.08720375 -0.09790638 0.01867493 0.07739563 0.04640254 0.02537962 0.0399826 -0.0047702016 0.059576087 0.041042794 0.077621065 -0.0024874164 -0.06676189 -0.075532064 -0.078502424 -0.072152965 -0.07100438 -0.15102153 -0.09343589 0.05846937 0.17117785 0.20445237 0.19022407 0.23428439 0.25464243 0.29613638 0.23857215 -32767.0 -32767.0 -32767.0 -32767.0 -32767.0 -0.011274163 0.07475103 0.120230325 0.30442706 0.8146435 0.9215476 0.87735415 0.8444312 0.8150022 0.77968115 0.75625664 0.72132343 0.6535458 0.8024714 1.1887422 0.9454379 0.4664378 0.20437756 0.21648541 -0.020839132 0.13996185 0.040364787
-0.09748674 0.028252508 -0.12835291 -0.21449913 -0.2515768 -0.10245126 0.03773269 -0.061987437 -0.08246117 -0.06417671 0.009917046 -0.065782204 -0.06655903 -0.0010944232 0.072888516 0.045765884 8.656853e-05 -0.018056275 -0.013911253 -0.015034012 -0.052494153 -0.07527147 -0.11906798 -0.050468188 0.023644464 0.046688765 0.07907306 0.098315306 0.083760306 0.23129468 0.10677042 -32767.0 -32767.0 -32767.0 -32767.0 -32767.0 -0.025178952 0.35091147 0.24768114 0.32548344 0.4447415 0.53183174 0.5911726 0.61036575 0.6280882 0.5831369 0.5840357 0.54957086 0.6013154 0.7484569 0.9240779 1.1950778 1.3041875 1.1305234 0.7938261 0.24085417 0.16177283 0.16518788
0.056129027 -0.08187704 -0.22957574 -0.30797428 -0.20399024 -0.19371277 -0.16152738 -0.10068867 -0.17768678 -0.19103748 -0.095997825 -0.018157156 -0.024261886 -0.020580867 0.031532288 0.055186383 0.042648885 0.02729821 0.035603873 0.016417958 0.029696798 0.024890395 -0.00085621583 0.02283027 0.05233779 0.083244495 -0.014244899 0.046675257 0.115304224 0.08046297 0.06378337 0.090192065 -32767.0 -0.015044529 -32767.0 -32767.0 0.061202604 -0.059899487 -0.09178885 -0.06908135 0.113866284 0.32231295 0.4755966 0.49528787 0.4857015 0.3825204 0.31944948 0.31670287 0.36449215 0.483289 0.6421523 0.80911416 0.93538034 0.9787032 0.9350156 0.7683172 0.2970084 0.19587848
-0.01822818 -0.08647884 -0.1723339 -0.12703928 -0.1362042 -0.09942215 -0.022146555 0.06488643 -0.1658117 -0.3133317 -0.22762877 -0.043962605 -0.012458884 0.0026684878 -0.06354319 -0.036252603 0.008150525 0.024033554 0.04427836 0.021013841 0.05065725 -0.01245774 0.020534677 0.023379816 0.053890865 0.11920855 0.14931294 0.08482369 0.18281755 0.18957363 0.043965377 -0.015499227 0.10597708 0.060742717 -32767.0 -0.16726561 -0.27810442 -0.3042 -0.24772047 -0.11700339 0.15861177 0.40966824 0.5004978 0.5295062 0.40822887 0.29301572 0.22313423 0.19650842 0.20582715 0.26538113 0.31371513 0.4015396 0.5510341 0.68269163 0.7268748 0.69419545 0.5239173 0.22204418
0.00048048538 -0.094061494 -0.07825488 -0.103189506 -0.019739356 0.025099766 -0.032960057 -0.19224073 -0.21236525 -0.36656573 -0.33641803 -0.11880143 -0.026121626 -0.004220986 0.003511166 -0.013135736 -0.027388595 0.018280309 0.017167382 0.02459401 0.0134552065 -0.027598182 -0.03485065 -0.0056181736 0.039564554 0.07766079 0.16491613 0.32684067 0.3916338 0.41186607 0.47287622 0.49103698 0.44328052 -32767.0 1.2359664 1.7331072 0.9601475 0.20706227 -0.028416077 0.043086525 0.14809342 0.4289067 0.452559 0.37495992 0.28131184 0.17052741 0.11280362 0.07580209 0.080276966 0.004464167 0.036966227 0.13986894 0.2110794 0.35904053 0.5128676 0.5444986 0.4853846 0.34181842
0.005200437 0.07317956 0.080343746 0.0048362548 0.07662598 0.17103869 0.03318758 0.021194356 0.007507385 -0.065227635 -0.21688479 -0.14596656 -0.052447017 -0.049800344 -0.01438988 0.017459882 0.060720928 0.040002145 0.08817854 0.08879844 0.023175675 -0.10469245 -0.07628067 -0.094224505 -0.11138278 -0.11186202 -0.009203899 0.09700485 0.2607071 0.42164353 0.41558218 0.2516357 0.052877385 0.3267992 0.50889146 0.3855011 0.2585201 0.07536351 0.031125003 -0.05348315 0.12495658 0.20463423 0.17895696 0.08094883 0.20077844 0.20853373 0.1369623 0.10644148 0.050793897 0.09229645 0.12977219 0.15379436 0.18198395 0.18402411 0.25286907 0.41372612 0.39490712 0.41053477
-0.1602398 -0.1475741 -0.12262834 -0.08402888 0.028762516 0.22205457 0.22563766 0.009258858 -0.06355021 -0.0551664 -0.1186014 -0.07207679 -0.03561763 0.010579862 0.039014142 0.04811243 0.0335688 -0.00057813386 -0.042650312 0.045156386 -0.0036451211 -0.13820738 -0.082524806 -0.01580636 -0.01313392 -0.08473101 -0.097858 -0.036728065 0.09061158 0.26553482 0.37734932 -32767.0 0.33402812 0.43470338 -32767.0 0.0055484935 -0.07609238 -0.13185373 -0.0362576 0.102631494 0.13978189 -0.08986043 -0.3012746 -0.04258513 0.19155326 0.17103799 0.06379228 -0.020066414 -0.066067345 -0.011368247 0.07480834 0.17891996 0.19981636 0.14250274 0.11837878 0.18855345 0.30753493 0.41988555
-32767.0 -0.0036351178 -0.009914647 -0.049509052 0.08938701 0.1345706 0.14772545 0.071911186 -0.009204193 0.0018134001 0.036129564 0.05662922 -0.013436189 -0.053795375 0.026025267 0.13809198 0.18589842 0.1258141 0.033029795 0.128814 0.11868801 0.11002381 0.17471772 0.24715352 0.28633913 0.24927397 0.19032298 0.16748838 0.25516984 0.43780014 0.50414634 0.4161839 -32767.0 0.0122431945 -0.25231844 -0.0776727 0.0579066 0.14505032 0.29364845 0.38795152 0.35026816 0.17850451 -0.03547854 0.13706598 0.1548895 0.022694802 -0.10325812 -0.0902215 0.07742885 0.17851023 0.17833206 0.113131806 0.09259679 0.11105344 0.06853311 -0.009135051 0.112105295 0.35980335
0.044631984 -0.0050395555 0.05699723 0.09353385 0.22557853 0.23448335 0.21832629 0.16990028 0.21288274 0.15063538 0.14309284 0.18048155 0.09264386 0.070856266 0.17379683 0.2883922 0.41496393 0.4291442 0.279245 0.19864348 0.25224698 0.32918298 0.47220862 0.66229117 0.76660204 0.7698112 0.7174696 0.6792485 0.68691695 0.6179003 0.32853803 0.535143 0.8210023 0.46220198 0.96605986 0.884781 0.4732322 0.5826794 0.75081134 0.81644005 0.6104234 0.39266774 0.2497362 0.19417831 0.15520868 0.038045395 -0.08342199 0.028611382 0.0956455 0.094035774 0.14608732 0.044873286 -0.020534495 -0.06062578 -0.063981764 -0.04715904 0.051406488 0.2881774
-0.03846841 0.031053506 -0.025431706 -0.064743035 0.012364276 0.1392293 0.33016613 0.24343617 0.15315078 0.112525724 0.16338585 0.23391424 0.22701055 0.19653445 0.10265813 0.1607485 0.17357448 0.24253614 0.25473267 0.32805547 0.35428563 0.63189656 0.8896311 0.95353407 0.93766767 0.9198168 0.8958904 0.8171967 0.7948825 0.639757 0.37299305 0.1751035 0.5502438 0.81930584 0.9119779 1.091421 1.2037157 1.1763846 1.1538147 0.9076083 0.5645914 0.3590285 0.28755394 0.19677937 0.1330289 0.047453366 -0.005771184 -0.015833843 -0.013338042 0.014862521 0.06785547 0.0038716116 -0.09879852 -0.17044412 -0.13078798 -0.0073775304 0.14866586 0.28429538
0.050153308 0.14584361 0.18580674 0.1100251 0.020754207 -0.008959936 0.060955476 0.17084633 0.016151123 0.019630054 0.054619636 0.08965613 0.22767846 0.28714374 0.2872317 0.25856858 0.17700696 0.24352409 0.28045526 0.34668782 0.61395013 0.69945174 0.7132533 0.7235093 0.70152205 0.68505704 0.6588173 0.6408867 0.6166795 0.57300377 0.48847416 0.49533644 0.14432126 0.13583547 0.29296634 0.51502043 0.6367254 0.7031819 0.698473 0.5922384 0.35748073 0.2242947 0.23305044 0.14504953 0.06065503 -0.052949738 -0.039344084 0.04504034 0.019625664 0.05882223 0.08490418 0.096259736 -0.013776222 -0.042859614 -0.037958857 0.031045618 0.108502 0.04201529
0.045667663 0.0593327 0.22970937 0.3843033 0.40560883 0.4847678 0.4422294 0.17279528 0.1540892 0.08400103 0.065237515 0.07999569 0.07876788 0.15570614 0.21592647 0.24448892 0.2763767 0.1804755 0.20079473 0.3995334 0.52792674 0.5144398 0.47725278 0.50723004 0.56451976 0.5636203 0.497491 0.50895816 0.47126597 0.5347281 0.46882826 0.5122712 0.48865625 0.34375262 0.48305655 0.6528751 0.67989403 0.60613006 0.42354238 0.22984666 0.16346231 0.16193908 0.16382551 0.07442476 -0.032962263 -0.09805268 -0.078840405 -0.002438928 0.04748397 0.1416796 0.11469233 0.118102334 0.18301508 0.07111671 -0.016475828 0.11523894 0.09684921 0.08486284
0.03605224 0.13126631 0.2592609 0.3857006 0.3463265 0.2709717 0.30735785 0.32884192 0.23747014 0.21703587 0.34119073 0.34972548 0.17646892 0.08829406 0.17096674 0.20012751 0.12054953 0.043596417 0.09552958 0.32718527 0.3674844 0.30321708 0.2234521 0.19437654 0.17971481 0.20860709 0.2807881 0.35360757 0.37588868 0.49730766 0.6014302 0.6844287 0.7741742 0.7832757 0.59019285 0.44252184 0.33068672 0.24268617 0.19084708 0.19223388 0.20430955 0.18396989 0.114962585 0.05425455 0.005859324 -0.01871293 -0.0011257672 -0.049310792 -0.006250172 0.021993978 -0.020083375 0.0061206715 0.08804159 0.21204753 0.26064894 0.25576153 0.11484523 -0.0409841
0.09487611 0.26268524 0.3209579 0.1663646 0.032269675 0.042202078 0.06178802 0.11402329 0.19995315 0.2546015 0.23543668 0.24001946 0.20926496 0.18866286 0.16613983 0.056184363 -0.007461001 -0.057719234 0.10727682 0.16212423 0.15391022 0.14595039 0.08309184 0.0037862058 -0.045530796 -0.08835039 0.053633306 0.08690779 -0.0137452595 -0.040153407 0.016427418 0.06986653 0.14542872 0.2219481 0.3156712 0.36605942 0.41285962 0.4365977 0.42671013 0.38499025 0.30483812 0.2222241 0.097984634 0.055291153 0.04080149 0.07644087 0.024623012 -0.13790567 -0.25646135 -0.2471881 -0.17633507 -0.11146632 -0.12613727 0.021947144 0.11084259 0.026364373 -0.049721222 -0.21103011
0.35978055 0.3136965 0.24058153 0.0773335 0.048349395 -0.098269805 -0.09339802 0.010884708 0.044104375 0.065143645 0.11943695 0.1763509 0.16933762 0.10207883 -0.02280313 -0.017635074 0.027463472 0.03156601 0.24233985 0.20102234 0.06664233 0.08983652 0.04178824 -0.16636948 -0.32446995 -0.14102636 -0.2074447 -0.21836744 -0.097305015 -0.03187442 0.015253326 0.08589329 0.32421806 0.43389323 0.5464488 0.564442 0.5219963 0.47715378 0.42485526 0.35604757 0.24200177 0.1570078 0.08782964 0.08208318 0.047401406 -0.007313568 -0.10764246 -0.21003716 -0.3466978 -0.3992945 -0.2866134 -0.23709625 -0.18923953 -0.218236 -0.20894645 -0.1487062 -0.27015725 -0.21873036
0.41293788 0.24394363 0.13257252 0.14128082 0.10848777 0.20654942 0.15246195 0.02566016 0.093709156 -0.063491285 0.016002076 0.12821712 0.0478952 0.01588964 -0.058838446 -0.04846855 -0.0007688341 0.2531062 0.40076524 0.30271074 0.10363128 0.09116227 0.071349025 0.097252645 -0.016844967 -0.21011595 -0.21647437 -32767.0 0.02577106 0.13961 0.33991888 0.35545552 0.39711884 0.47286904 0.39403012 0.2791645 0.2142422 0.18138914 0.10417346 0.09576551 0.077562116 0.05868026 0.049078517 0.0070309862 -0.07183557 -0.13071795 -0.12606005 -0.09020778 -0.11658886 -0.26710618 -0.35724247 -0.45162752 -0.4719832 -0.37936762 -0.27667084 -0.31227806 -0.28162777 -0.21762612
0.22307204 0.14593144 0.09244192 0.09783043 0.240384 0.07140909 0.18296331 0.17245674 0.1715622 0.14431317 0.11413317 0.17024456 0.16298147 0.103554994 0.080628075 0.12734553 0.36236492 0.6119499 0.5023729 0.2892252 0.11825121 0.06396278 0.06798025 0.16988352 0.15451956 0.10975745 -0.19604331 -0.21760975 0.16303281 0.23520519 0.24359578 0.3380891 0.3556952 0.24469113 0.25982317 0.29639557 0.21317048 0.12500343 0.025688466 -0.01751821 -0.050141554 0.018199762 -0.023240479 -0.12013705 -0.22245733 -0.1014081 -0.022427425 0.03657196 0.014977262 -0.08907867 -0.33706656 -0.51361567 -0.5756149 -0.42233166 -0.37201774 -0.32279053 -0.24320064 -0.38239303
0.06957796 0.0807553 0.15711953 0.33307925 0.27154222 0.105230205 0.05706158 0.06807388 0.13648881 0.19462858 0.23170443 0.1692824 0.1563472 0.14130786 0.21175395 0.4664934 0.7434079 0.5649048 0.36361948 0.21122633 0.10168023 -0.007660273 -0.02601257 -0.14910345 -0.19435866 -0.19396113 -32767.0 -0.017705731 0.054140493 0.0840573 0.15899092 0.16331612 0.11867723 0.18190433 0.19343074 0.19934088 0.12973341 0.014957375 -0.087892786 -0.14533186 -0.11850448 -0.036806945 -0.10684666 -0.26832974 -0.22315665 -0.09171156 -0.09506877 -0.12480833 -0.16246603 -0.16347577 -0.30440778 -0.6044272 -0.68275386 -0.57337475 -0.36148915 -0.24258524 -0.32226413 -0.3701781
