static/data/seaWater_vo/2023/7/25/0.asc
ncols 137
nrows 93
xllcorner 108.0
yllcorner 17.0
cellsize 0.25
NODATA_value -32767
[rows 26 to 51 of 93, columns 58 to 115 of 137]
-0.017748728 -0.10082019 -0.23221472 -0.3112656 -0.27088547 -0.1932997 -0.16517438 -0.13120168 -0.08467686 -0.03976047 0.0044333073 0.03875326 0.09668846 0.09468988 0.14349489 0.047946986 -32767.0 -32767.0 -0.08452958 0.2677889 0.26558977 0.21652651 0.1991055 0.16684887 0.15934876 0.179235 0.198709 0.16666351 0.090638876 0.024332061 -0.06204458 -32767.0 -32767.0 -32767.0 -32767.0 -32767.0 -32767.0 -0.0656205 0.20091388 0.30104342 -32767.0 -32767.0 -32767.0 -32767.0 -32767.0 0.1901946 -32767.0 -0.072123334 0.10075261 0.22222441 0.1483148 0.04708273 0.13886213 -32767.0 -0.033041015 -0.25575423 -0.28995788 -0.0938902
-0.061579745 0.08700445 -0.024146933 -0.079590164 -0.13410485 -0.116964824 -0.09095128 -0.07188087 -0.12833476 -0.14758246 -0.10843478 0.016030783 0.14337154 0.14313209 0.024856396 -32767.0 -32767.0 -0.06766349 0.11367557 0.31129205 0.2893323 0.24937396 0.21332017 0.20896427 0.15574844 0.12916565 0.08613894 -0.09709424 -32767.0 -32767.0 -32767.0 -32767.0 -32767.0 -32767.0 -32767.0 -32767.0 -32767.0 -0.10741052 0.1354865 0.3126256 -32767.0 -32767.0 -32767.0 -0.10917956 0.17998296 0.1941179 0.0065559293 0.031001713 -0.041777022 0.28622168 0.096659794 0.20496882 -0.010210304 -0.10736835 -0.15200798 -0.19916613 -0.119680576 0.03743001
0.048362188 -0.023139667 0.12411936 0.06704813 0.041914016 0.07645435 0.06969063 0.024407784 0.0040236376 0.07042467 0.025897238 0.20599008 0.25473392 0.1521993 0.123037994 0.10056795 0.10719936 0.07640919 0.16301799 0.32570145 0.32566047 0.23125096 0.22916867 0.13589449 0.0608084 0.12093689 -32767.0 -0.13871562 0.20711012 -32767.0 -32767.0 0.008849303 -32767.0 -32767.0 -32767.0 -32767.0 -32767.0 -32767.0 0.0034511497 0.2723068 -32767.0 -32767.0 -0.10645282 -0.021289105 0.16426653 0.13571061 0.15475972 0.07867188 0.0050730202 -0.037615098 0.22458123 -0.07574516 -0.145519 -0.23090698 -0.21872148 -0.09137755 0.06047672 0.27957156
-0.026432702 -0.034601167 -0.044175033 0.053288214 -0.012571116 -0.02490123 0.09072611 0.171639 0.13481887 0.11996038 0.06222235 0.114824586 0.13184924 0.22649866 0.23599243 0.22952439 0.14151327 0.13084148 0.2754806 0.37503496 0.2946967 0.23802498 0.16745517 0.04480557 0.01966795 -32767.0 0.035804823 0.07003382 0.2813495 0.18276377 0.25087798 -32767.0 0.028815173 -32767.0 -32767.0 -32767.0 -32767.0 -32767.0 0.17907998 0.10775187 -0.036822654 0.07131103 0.097028695 0.21771926 0.19905514 0.074354105 -0.10946759 -0.20999743 -0.21635611 -0.075424634 -0.07663527 -0.0740217 -0.13461705 -0.16942224 -0.07767811 0.077439934 0.24368559 0.29866913
0.011268352 -0.046288237 0.13256444 0.0111985635 0.0670965 0.04769691 0.070765026 -0.1088587 0.029903665 0.1472404 0.09417122 0.006303314 0.085958354 0.3773965 0.2919978 0.20589754 0.16282119 0.12810695 0.27397457 0.28975457 0.2688899 0.26228932 0.18657102 0.05830149 -0.012087623 0.030956648 0.05216992 0.095453784 0.14040737 0.20690043 0.1708445 0.09274195 0.029768864 -32767.0 -32767.0 -32767.0 -32767.0 0.13069025 0.1771133 -0.13822518 -0.25270867 0.111478254 0.35522193 0.49133095 0.42655182 0.20868918 -0.040105876 -0.3916729 -0.3363175 0.11249511 -0.04882373 0.059401035 0.04776566 0.049142197 0.062419627 0.052299283 0.1973677 0.16231886
0.018922709 -0.107909694 0.014573163 0.13783073 0.09294224 0.054045822 0.029442145 -0.08512829 0.047890197 -0.1737535 -0.09179672 -0.036550246 0.13020463 0.43183544 0.35185036 0.17383768 0.18998125 0.1763316 0.19818784 0.19371141 0.24056818 0.2694486 0.28465095 0.18640395 0.13755578 0.1008406 0.041388042 -0.010108069 -0.07764329 0.1641136 0.1871758 0.06451535 0.012281946 -32767.0 -32767.0 -32767.0 -32767.0 0.114225425 0.016800689 -0.51517844 -0.27189472 0.46608377 0.74292505 0.75371605 0.5239531 0.21542245 -0.07031965 -0.3465082 -0.6628897 -0.44069898 -0.111477464 -0.14212115 -0.06765826 0.17679077 0.00051910506 -0.026115933 0.06699671 -0.03934603
-0.12844734 -0.109381266 -0.026041858 0.07502752 -0.09998446 0.024684362 0.024521627 0.06235368 0.02642547 -0.08543114 -0.17752619 -0.051420446 -0.06254776 0.085489236 0.12614334 0.15651987 0.2093055 0.19379695 0.17677276 0.18423814 0.19741145 0.28114486 0.28796032 0.25328052 0.21157898 0.18805742 0.11636772 0.0061587314 -0.10878273 -0.10077169 0.14954863 -32767.0 -32767.0 -32767.0 -32767.0 -32767.0 -0.047320697 0.08696293 0.019133093 -0.30276302 0.11265265 0.7648569 0.92509806 0.7146964 0.44715384 0.24581295 0.029264562 -0.23206729 -0.40542603 -0.56098634 -0.60397494 -0.5220644 -0.4033991 -0.18763225 -0.02185775 -0.11635289 -0.057369318 -0.17169131
-0.03042006 0.0365393 -0.039818224 -0.091913864 -0.11801432 0.064826705 0.070349716 0.07934404 -0.07995436 -0.07208771 -0.09516773 -0.05577338 0.05937435 0.019645877 0.025270062 0.122373216 0.14184058 0.19280474 0.18851586 0.17387861 0.33106676 0.31309333 0.27004576 0.19789538 0.16432941 0.13922867 0.030979779 -0.011857364 -0.033559013 -0.2709911 0.12452864 -32767.0 -32767.0 -32767.0 -32767.0 -32767.0 -0.13167046 0.33846235 0.38629332 0.392844 0.5577461 0.67153704 0.73882985 0.63519007 0.40699324 0.20968427 0.029698618 -0.112890236 -0.20267183 -0.33462662 -0.46444368 -0.5843352 -0.6601125 -0.66700184 -0.5001205 -0.28274202 -0.19893812 -0.2478679
-0.16959603 0.109999076 -0.072111346 -0.22715102 -0.28148174 0.028327068 0.07079938 0.027880646 0.049707554 -0.24349599 -0.30437985 -0.2685316 -0.065261364 -0.014516318 0.08477256 0.096773006 0.11731439 0.1931062 0.22136497 0.2558047 0.39796242 0.32404855 0.28442934 0.15698707 0.17810588 0.13927552 0.012088441 -0.11470987 -0.102079876 -0.103061005 0.1350723 0.059644517 -32767.0 0.13526699 -32767.0 -32767.0 0.2930955 0.7650162 0.62476724 0.68562925 0.7628933 0.75499654 0.65163976 0.53172034 0.32300925 0.20978191 0.045325812 -0.0680373 -0.16648301 -0.24517678 -0.350668 -0.4937491 -0.705827 -0.9272479 -0.97213894 -0.46122193 -0.34562248 -0.2786368
-0.015365917 -0.003609758 0.0046815965 0.011384029 -0.02075034 -0.00060507515 0.049013317 0.078369066 0.112919964 -0.13735825 -0.35929254 -0.34846115 -0.24103191 -0.03267682 -0.020270968 0.069986105 0.08455941 0.19600077 0.20328602 0.28436577 0.37089652 0.32296962 0.29028323 0.20789191 0.19094767 0.143766 0.029846625 -0.14159764 -0.06075173 -0.14735684 0.103732824 0.16123533 0.08083445 0.13189316 -32767.0 -0.10693942 0.69809383 0.80367774 0.74820507 0.8316836 0.8309862 0.8332853 0.6546551 0.43134648 0.27778742 0.0870493 -0.01800399 -0.08462097 -0.030080857 -0.009391809 -0.13332513 -0.3891684 -0.68103725 -0.9568281 -1.221568 -0.83354324 -0.4785748 -0.25289214
0.08072727 -0.06836274 0.15393242 0.16800654 0.108391844 0.029779624 0.009577188 0.03254841 -0.08328299 -0.08107572 -0.22426468 -0.29781905 -0.21685816 -0.10281655 -0.009537531 0.08433418 0.13190266 0.13453887 0.21573058 0.29612026 0.38337275 0.3396034 0.2561897 0.23411733 0.30187687 0.2587648 0.116123274 -0.05961246 -0.12520432 -0.06798543 -0.03440951 0.10395494 -0.026376508 -32767.0 0.6966498 0.12869641 0.46739143 0.39639616 0.7087145 0.96877533 1.0249186 0.91956073 0.63432336 0.4415986 0.25849104 0.0890368 0.052420065 -0.12011652 0.12096019 0.056387834 -0.017070519 -0.2502718 -0.68708444 -0.94470704 -1.1893344 -1.1582892 -0.47249734 -0.28622195
0.017175302 0.19152851 0.24717717 0.18939069 0.20827413 0.05668981 -0.065211535 -0.09411021 -0.0068564042 -0.004172721 -0.054136325 -0.22208121 -0.12299284 -0.02466397 -0.0119228745 0.07540854 0.1408021 0.23660646 0.2416297 0.31395614 0.31650028 0.24145667 0.19379559 0.24971509 0.31666693 0.34462926 0.29392084 0.16981067 -0.01698098 -0.17421378 -0.032889172 -0.14485537 0.083832346 0.124298714 0.08417752 0.19423626 -0.014662475 0.15847595 0.6318758 1.1591036 1.2193478 0.98819524 0.6545951 0.45464873 0.25839975 0.15631177 0.0936517 -0.06746113 0.10630484 0.10707737 0.03137248 -0.16202651 -0.5853326 -0.8983481 -1.0650579 -1.1349375 -0.5188467 -0.01670362
-0.02811566 0.06896153 0.1651258 0.23344405 0.29201156 0.12520279 -0.021746362 -0.11255525 -0.081687026 -0.008565042 -0.060975377 -0.16935669 -0.1009109 -0.008232192 0.051518645 0.11969375 0.07070191 0.13511151 0.28763762 0.30713084 0.21781921 0.20133547 0.17212066 0.12781872 0.29216558 0.36883947 0.38576388 0.3569836 0.20840727 0.0068861493 -0.16027878 -32767.0 -0.014444539 -0.4462293 -32767.0 -0.062220827 -0.12783681 0.13082063 0.51557237 1.2656231 1.3122405 1.0029267 0.68585783 0.4569762 0.3225601 0.27307308 0.106257826 -0.08430524 -0.02114749 0.08802112 0.17107093 -0.15234107 -0.46463025 -0.7715237 -0.9015895 -0.7796278 -0.41213652 0.07434079
-32767.0 0.16188686 0.22207847 0.27859896 0.35517338 0.16090478 -0.008343982 -0.019522231 -0.015000808 -0.019132912 0.0026954364 -0.07858762 -0.12660477 -0.107689865 -0.061479323 0.07786052 0.18929422 0.2815356 0.2724799 0.33120003 0.14195989 0.22182451 0.15066946 0.08974276 0.1360581 0.31328258 0.37461457 0.43923664 0.35333857 0.07926678 -0.23607364 -0.79548246 -32767.0 -0.965303 0.10172745 -0.11450227 -0.07262966 0.33800906 0.3826959 1.2383679 1.3695122 0.9686334 0.6778563 0.43988192 0.37303853 0.23042023 0.057741117 0.04449767 0.08205774 -0.0034762265 0.08717807 -0.020518789 -0.35693812 -0.5759633 -0.6740455 -0.5512838 -0.23699288 0.019681672
0.08421731 0.26714498 0.18087728 0.27543065 0.26121062 0.16388237 0.09008796 0.039739728 -0.018685887 0.076174006 0.12795325 -0.014810136 0.014968294 0.04198433 0.040159233 0.070339516 0.19135405 0.26309508 0.30887705 0.26391023 0.19235864 0.35975766 0.33996952 0.2720605 0.2730858 0.360801 0.4897316 0.56277007 0.40164667 0.083432995 -0.05345768 -0.48170722 -0.6185663 -0.423911 -0.005114466 0.019137163 0.054049384 0.30052322 0.51707053 1.1788157 1.261752 0.796908 0.60032403 0.4097768 0.32810873 0.20755063 0.067006215 0.11243241 0.2285656 0.08793177 -0.08507493 -0.0626544 -0.20535743 -0.3816521 -0.4325268 -0.3208729 -0.1345531 0.11085437
0.02895921 0.28504986 0.24721171 0.406325 0.30674332 0.2895431 0.08480773 0.12081544 0.08743484 0.027927123 0.05551832 0.068250455 0.15805791 0.28682524 0.35126406 0.29609886 0.24098083 0.23146804 0.29003397 0.32335496 0.46071965 0.48520148 0.5165308 0.51332074 0.50950056 0.55749923 0.5575406 0.5020169 0.2997528 -0.0775901 0.25462532 -0.05804768 -0.22555274 -0.5138663 -0.22920649 -0.011841972 0.17533208 0.4668731 0.74071026 0.93386996 0.7513997 0.54413235 0.5258674 0.35411847 0.2763182 0.18215865 0.05499167 0.14565964 0.20099306 0.12133898 -0.0128162475 -0.17433974 -0.18608975 -0.20370582 -0.17109926 -0.042206082 0.104342215 0.19250381
-0.0066911 0.2838523 0.29233307 0.4010152 0.42311516 0.31220946 0.055686355 0.0006780375 0.069552444 0.07814266 0.05506305 0.036330123 0.07490463 0.21845897 0.19702353 0.21126217 0.27012044 0.2608941 0.2949071 0.4387356 0.536373 0.77908564 0.8118248 0.7142555 0.61429155 0.53360707 0.46092764 0.3656552 0.24358304 -0.18376929 -0.30450374 -0.035101287 0.1941765 0.2026169 0.034051597 0.098575 0.39083135 0.67982715 0.6906624 0.40513122 0.14792842 0.38385883 0.47040075 0.2997194 0.23080076 0.1099 0.04886528 0.12549812 0.19536051 0.22067927 0.1089853 -0.09730585 -0.3160645 -0.26820898 -0.09806497 0.018571021 0.065063916 0.13729663
0.25812858 0.2955016 0.1986924 0.22529587 0.28683776 0.31515703 0.1967761 -0.049999375 0.02540816 0.05099244 0.15867193 0.22488293 0.2058739 0.20994455 0.18563297 0.24027467 0.34531248 0.39108416 0.38522282 0.6377426 0.9832048 0.9462258 0.82518184 0.6445279 0.5428426 0.47684735 0.44218647 0.2129846 0.11408216 0.06022978 -0.08109763 -0.05230942 -0.071275316 0.1905414 0.10820585 0.25176188 0.43590513 0.5565094 0.5091943 0.26068988 0.19152823 0.35013714 0.4241546 0.26396507 0.16122039 -0.011046771 0.033299275 0.20543677 0.2391308 0.28474206 0.26889446 0.015092176 -0.2054576 -0.33148474 -0.19742638 -0.060558014 0.0574683 0.26095924
0.4025594 0.3811821 0.32598022 0.36326483 0.39012602 0.26087037 0.15323938 0.105931215 0.101984315 0.07332215 0.09513441 0.17834583 0.18279923 0.21812522 0.26548997 0.37150314 0.3081139 0.36837366 0.6042581 0.9797204 0.97166187 0.9132281 0.7411657 0.62303066 0.47595412 0.35281187 0.26486284 0.2372904 0.30834866 0.1766864 0.06980494 0.023750935 0.0028178075 0.11486449 0.25656995 0.31966954 0.29978883 0.27971697 0.24284686 0.18974707 0.21884483 0.32252648 0.32900995 0.18387592 0.069129504 -0.00907127 0.0516115 0.30839497 0.26682428 0.33717346 0.3195622 0.13123432 -0.09802828 -0.17618366 -0.22916608 -0.10747452 0.08538332 0.2143456
0.4027068 0.49769828 0.5008525 0.5593011 0.47670072 0.30572918 0.12530485 0.08969006 0.21458401 0.24170703 0.16564377 0.13401367 0.16070972 0.24141228 0.32970253 0.19129457 0.3686227 0.45248458 0.92145175 0.97919357 0.95521355 0.7842264 0.72106564 0.59444624 0.31613928 0.2216204 0.3076113 0.20478788 0.2102703 0.22389431 0.15034805 0.09516702 0.15381117 0.20465975 0.20041743 0.1734692 0.18529469 0.1916194 0.17695244 0.16883522 0.17345507 0.25136858 0.23133485 0.18667707 0.080720484 0.022577256 0.07388098 0.2875732 0.31066418 0.4087123 0.3120187 0.23306246 0.10365735 -0.24961661 -0.337283 -0.14126602 0.13508385 -0.111481
0.5673537 0.6302507 0.50888085 0.34731507 0.26834238 0.29791906 0.16263537 0.2068375 0.15424679 0.1560071 0.16630566 0.17767818 0.19104518 0.24881843 0.30305895 0.2909236 0.34936434 0.5806282 1.0347271 0.9626793 0.8665198 0.6759088 0.49538034 0.35524687 0.29972163 0.23178934 0.12863418 0.008912738 -0.028975695 0.19758439 0.15731838 0.10012973 0.22307052 0.298526 0.32497457 0.3378586 0.27559668 0.16675279 0.077765994 -0.01844258 -0.007980247 0.10891747 0.09294932 0.13960831 0.07466158 0.05418477 0.08356924 0.23570454 0.26913565 0.3273169 0.38701454 0.2629493 0.23940931 -0.10367957 -0.42944676 -0.19578722 -0.17891991 0.028032124
0.5837115 0.54474646 0.3072222 0.20961648 0.20699693 0.2698848 0.23482665 0.16996178 0.10600185 0.1783797 0.23818755 0.20222072 0.102639005 0.25334254 0.091242775 0.3270403 0.28278604 0.6117226 1.0376607 0.8973149 0.78231925 0.54457927 0.29274976 0.13023524 0.13760088 0.34380907 0.18975051 -32767.0 -0.061485667 0.08891129 0.2693898 0.3918754 0.42038152 0.5037558 0.48497614 0.34201893 0.20255055 0.092883535 -0.079369985 -0.214438 -0.18489085 -0.016877905 0.024048558 0.104289405 0.092524506 0.0029947108 0.0039679976 0.14395334 0.103056654 0.09497982 0.30711895 0.46966177 0.21721369 0.05182677 -0.17121327 -0.22603539 -0.30030328 0.095173225
0.4871505 0.267 0.441743 0.44278684 0.18191884 0.3166499 0.1750045 0.11146186 0.055945553 0.067909196 0.27337468 0.18709365 0.17140216 0.11872147 0.17702188 0.25210756 0.35808522 0.68036216 0.96216613 0.8171944 0.6600492 0.4391469 0.28258103 0.16421539 0.0475603 0.19578421 0.33490348 0.20994061 0.10522502 0.432782 0.40898445 0.38558787 0.58111995 0.51688385 0.33161664 0.25240502 0.11501887 -0.009209069 -0.10158725 -0.28340143 -0.26833975 -0.08848887 -0.05001591 0.049465857 0.030645197 -0.12719388 -0.04072136 0.1582272 0.17446849 0.10857099 0.0948193 0.39498526 0.3693529 0.065790966 -0.21537183 -0.38716355 0.02442985 0.16900425
0.31837204 0.0068777995 0.38338175 0.43049663 0.3170134 0.20394664 0.19648778 0.0899713 0.115210235 0.2147332 0.3013737 0.1951182 0.1575067 0.1282342 0.21756151 0.3173893 0.65156025 0.882791 0.68779457 0.65836364 0.48392233 0.35977545 0.19615321 0.15604863 0.10770748 0.2609198 -32767.0 0.19639742 0.5689316 0.50058454 0.37911847 0.6393828 0.5245365 0.38365477 0.33848336 0.18008387 -0.03868153 -0.1679116 -0.20210716 -0.36986148 -0.3255339 -0.14703938 -0.08640464 -0.025184713 -0.15633778 -0.20558476 0.24568285 0.23296301 0.24188867 0.14519532 0.027044639 0.14952223 0.22970197 0.008581679 -0.22061685 -0.13297196 0.15309447 0.15228897
0.25752214 0.12451955 0.5997883 0.41202554 0.20488907 0.18192995 0.22876137 0.31075934 0.18229978 0.39469135 0.2750513 0.19856817 0.21173917 0.2209631 0.37288308 0.7940455 0.95556796 0.71169114 0.54104227 0.5341589 0.26214847 0.280928 0.17744955 0.09448682 0.06447716 0.11761794 0.24724542 0.57272184 0.6883259 0.45089605 0.5424077 0.5814195 0.39984268 0.4212981 0.3208735 0.07382283 -0.1186954 -0.25343886 -0.31197625 -0.43440387 -0.24912165 -0.2157109 -0.10164135 -0.15156275 -0.31850052 0.078129254 0.26882243 0.26077697 0.29602578 0.2926397 -0.013654001 -0.103971556 0.10181413 0.021054717 0.029237408 0.06536919 0.10110363 0.10540549
0.13128759 0.41884995 0.5133637 0.44545847 0.28593755 0.21804118 0.23271075 0.28837967 0.30290988 0.25105497 0.23366961 0.20435514 0.29546615 0.6830382 0.74872464 0.82111835 0.8038379 0.62741494 0.5276058 0.35564056 0.06441068 0.17215323 0.09322544 0.07464621 0.122125626 0.17538464 0.31499577 0.6111522 0.6904379 0.51613075 0.6241712 0.4216805 0.4333735 0.4113221 0.25268257 0.061480444 -0.15478498 -0.2770624 -0.35744694 -0.36860836 -0.26025003 -0.21765932 -0.16566615 -0.3221344 -0.17285685 0.26410013 0.21097594 0.20286866 0.26735106 0.27914476 0.019581473 -0.2823202 0.0857553 0.16499594 0.099178754 0.12157638 0.016588027 -0.06102839
