static/data/seaWater_vo/2023/7/25/12.asc
ncols 137
nrows 93
xllcorner 108.0
yllcorner 17.0
cellsize 0.25
NODATA_value -32767
[rows 52 to 77 of 93, columns 58 to 115 of 137]
-0.13731132 -0.024659295 0.013403522 0.085975714 0.19708142 0.07394124 -0.10766416 -0.01414031 0.033669613 -0.092956476 -0.10050419 0.12953223 0.5037404 0.8122945 0.6480908 0.33363566 0.47173497 0.43092623 0.33336133 0.055433635 -0.1027466 0.011044724 -0.031617537 -0.111376464 -0.0669696 0.040881593 0.07424219 0.29898295 0.4325371 0.5323393 0.47312924 0.30800503 0.35059416 0.471391 0.38388112 0.18189403 0.018859884 -0.18472047 -0.4049466 -0.43637288 -0.45570123 -0.34007153 -0.39541382 -0.26241738 -0.02521184 0.057644177 0.0612371 0.0662565 0.17122398 0.2605978 -0.011865289 -0.4378543 -0.15406209 -0.0830374 -0.18114386 -0.22087431 -0.24730238 -0.28035215
0.031328548 -0.10978537 0.11207488 0.14933859 0.023612503 -0.05861497 -0.005408744 0.10031737 0.26450452 0.1989802 0.0761967 0.32060105 0.6994379 0.74063444 0.43572864 0.33145842 0.4407866 0.37460554 0.06985577 -0.014839396 0.13618028 0.036666483 0.032320634 -32767.0 -0.19661073 0.06450577 0.08916062 0.17944506 0.29082674 0.5251319 0.49750298 0.32464707 0.3054395 0.34289408 0.24273898 0.05343617 -0.1522994 -0.34716102 -0.40917405 -0.42032915 -0.4064019 -0.44911438 -0.30975288 -0.22481388 -0.113768116 -0.042318903 0.044490874 0.09379629 0.20219168 0.3012697 0.13464037 -0.32153016 -0.33645806 -0.09643644 -0.14975378 -0.20700441 -0.2024304 -0.2541213
-0.087994345 -0.09117796 0.0009708324 0.09526354 -0.0065084556 -0.091052815 -0.08579034 0.0066863894 0.16188796 0.10881347 0.04925495 0.35322776 0.55897635 0.484231 0.4085265 0.37112752 0.41124713 0.1561525 -0.00021606592 0.08387647 0.09768949 0.07392103 0.057733398 0.056465827 -0.26968917 -0.00025435872 0.10117887 0.28835917 0.26773798 0.38038516 0.46665514 0.31724694 0.25604114 0.23397656 0.11901132 -0.0818701 -0.24712685 -0.34650102 -0.41423047 -0.4298363 -0.51707065 -0.38569957 -0.31917092 -0.24794267 -0.14671025 -0.05945095 -0.027127996 0.074192055 0.17763579 0.30011475 0.30974475 -0.10818243 -0.3980669 -0.24801719 -0.22256057 -0.27485734 -0.28393802 -0.2682938
0.006107701 0.016160697 0.04648544 0.10221212 -0.0059251217 -0.045882992 -0.13170758 -0.1439622 -0.04608659 0.01920896 0.17396294 0.417977 0.52987224 0.39708897 0.4001559 0.3421974 0.32659042 0.21186797 0.15799242 0.15436949 0.16778159 -32767.0 0.07544077 0.18999885 -0.20385486 -0.08153722 0.053187158 0.32670823 0.32771587 0.20740497 0.38038936 0.31214893 0.18206221 0.15367848 0.07548826 -0.08398367 -0.24116509 -0.35722047 -0.46933123 -0.5632916 -0.44833395 -0.4202632 -0.27357143 -0.053797312 0.11456386 0.12878084 0.042374093 0.07913297 0.23689176 0.3122689 0.32427564 0.18504086 -0.29481956 -0.39462125 -0.2577102 -0.33942083 -0.35390794 -0.23849998
0.2763431 0.5115229 0.46514213 0.30851632 0.1576964 0.0023262375 -0.006193229 -0.030991564 -0.031204056 0.16767916 0.40628135 0.53185 0.3879926 0.5681714 0.4814417 0.2683243 0.13192959 -0.00037515644 0.1566603 0.26199275 0.17321827 0.078771874 0.035090443 -0.01912544 0.039216004 -0.02857768 0.039366905 0.13008736 0.11075129 0.065694205 0.30194673 0.2883252 0.17292306 0.1095165 0.05268994 -0.10855949 -0.2562803 -0.40031958 -0.55951256 -0.5090913 -0.47408983 -0.36780497 -0.1667817 0.061249286 0.20469142 0.34844476 0.15806724 0.10877639 0.3387896 0.38113216 0.35665253 0.30910495 0.06853429 -0.42136654 -0.30735233 -0.3383077 -0.38771546 -0.20321466
0.5571319 0.84477556 0.67030305 0.38383603 0.13663174 0.12920019 0.22432289 0.31076333 0.23322347 0.323055 0.37005568 0.36252832 0.6012297 0.5731626 0.49596038 0.21092115 -0.056606952 -0.108311124 0.16164492 0.39935353 0.37777412 0.37869748 0.1828204 -0.07268746 -0.09958435 -0.00021312878 0.09380714 0.082202725 -0.052059628 -0.0022254626 0.26027337 0.17391597 0.19494443 0.08992484 0.012923297 -0.13207185 -0.32505554 -0.54031503 -0.533083 -0.49221566 -0.42448252 -0.2639539 -2.5243557e-05 0.10991749 0.16629618 0.3206714 0.25830206 0.11787762 0.28297082 0.38487053 0.33813274 0.2877113 0.2240136 -0.06376611 -0.36511272 -0.28286186 -0.27121 -0.15347715
0.87121135 1.0448751 0.75331295 0.50257677 0.260143 0.2439534 0.27877894 0.22606723 0.14730994 0.19100474 0.39714772 0.4936277 0.45416716 0.3493549 0.44824874 0.1704248 -0.07948618 0.06297647 0.30591965 0.34075955 0.4515749 0.46672314 0.24491192 -0.052396357 -0.08322871 0.081007585 0.011410344 -0.11036085 -0.19161777 -0.0152452355 0.24436715 0.031592574 0.181276 0.08410782 -0.039665964 -0.21937744 -0.44140288 -0.5609745 -0.49255413 -0.46741349 -0.35659638 -0.14072722 0.029625654 0.077911414 0.11552004 0.27267343 0.20612335 0.09681884 0.22398293 0.37584502 0.3412436 0.23125404 0.2152549 0.16611193 -0.0069849533 -0.18378395 -0.14443627 -0.021000972
1.3336797 1.1032822 0.71019083 0.40923214 0.24393512 0.17012677 -0.024380762 0.040734604 0.30730554 0.45356393 0.50067574 0.4334311 0.21408366 0.43871158 0.414683 0.10982443 0.061229914 0.1957311 0.2030889 0.4223802 0.47082454 0.39579433 0.1619742 0.007276872 0.07567081 0.0114280805 -0.11659589 -0.243291 -0.17605142 0.038903605 0.25287858 0.07026693 0.046355326 0.07150426 -0.11246743 -0.30558452 -0.48117715 -0.48384246 -0.4081904 -0.40699616 -0.35109037 -0.16108564 -0.03149199 0.02888839 0.108782455 0.25491 0.20624304 0.19910145 0.27191284 0.35213622 0.32601282 0.17107607 0.12020851 0.19674921 0.104309805 0.0051681795 -0.03213332 0.030149367
1.4903681 0.8933987 0.5425171 0.30151004 0.13697118 -0.09073362 0.038729478 0.22634515 0.45595464 0.41097492 0.56609213 0.15722445 0.17766827 0.45531288 0.395664 0.1727593 0.08277258 0.15809746 0.35821187 0.48806313 0.38473874 0.1962649 0.068345636 0.014487582 0.06463889 -0.047001835 -0.19744255 -0.25360724 -0.11755415 0.105669305 0.28532618 0.11922353 -0.100341566 0.00888027 -0.11498857 -0.3155204 -0.4576635 -0.44044593 -0.36398044 -0.31176722 -0.27792707 -0.17506859 -0.085952304 0.06350975 0.1347141 0.17939007 0.15716998 0.26049843 0.38496238 0.37195802 0.2599215 0.13135034 0.0750937 0.28580683 0.24811171 0.027451277 -0.03816453 -0.035409417
1.0571735 0.5921589 0.32714993 0.11639871 0.11593882 0.04615584 0.20228918 0.15507656 0.47724 0.3752767 0.4643771 0.1845742 0.39759913 0.41302374 0.26458505 0.06974658 0.092751324 0.3084994 0.47562474 0.41460255 0.209043 -0.014339269 -0.07381834 -0.009075814 0.099306814 -0.03962653 -0.19329742 -0.21027137 0.06277473 0.3011829 0.23813488 0.09774737 -0.09291134 -0.14259827 -0.09354581 -0.23167175 -0.38789305 -0.39391786 -0.31817198 -0.2741407 -0.20340244 -0.08390553 0.007094028 0.07650527 0.08605345 0.1131438 0.20163865 0.32844833 0.37762514 0.303967 0.17407045 0.054675642 0.031357393 0.31540218 0.33580256 0.13968119 -0.062150184 -0.093365945
0.63525474 0.40460753 0.18167616 0.31039545 0.40893245 0.100340165 0.1541531 0.27152827 0.42627737 0.44021013 0.34171563 0.32774988 0.5031527 0.45500138 0.26785395 0.15504907 0.15681371 0.3397393 0.4611583 0.28820714 0.011616442 -0.109272376 -0.061010744 0.042928856 0.056719262 -0.120210744 -0.17609471 0.0540784 0.2473959 0.2538292 0.17768347 0.11721478 0.0008970945 -0.112189546 -0.12302372 -0.15676026 -0.21391246 -0.26463744 -0.30623972 -0.24227057 -0.1576647 -0.07137018 -0.012955301 0.037920978 0.12515394 0.20630428 0.28437567 0.30715612 0.27379718 0.2438965 0.18531394 0.020302808 0.0058520334 0.3662838 0.36960873 0.18423589 -0.016550634 -0.1127661
0.33039558 0.26069814 0.21098028 0.2949637 0.3621697 0.33807626 0.14560138 0.25286767 0.38797697 0.44568613 0.36570504 0.39480022 0.5821692 0.44565254 0.24724515 0.13638315 0.2245149 0.31169516 0.3341152 0.08614156 -0.11001803 -0.019456765 0.046703253 0.043928202 -0.069804035 -0.12331055 0.04802901 0.14748427 0.189875 0.17900158 0.13995911 0.14305682 0.09195258 0.060779754 0.021878012 0.008412461 -0.068771146 -0.109196685 -0.12739132 -0.12183803 -0.06461257 0.041287005 0.14186066 0.21423322 0.23373781 0.2532839 0.20694754 0.14437638 0.11653059 0.27663207 0.23249516 0.03969601 -0.03974262 0.4281597 0.38487533 0.17922494 -0.06437166 -0.17659391
0.091667645 0.24074923 0.25247422 0.34123018 0.3863962 0.37384155 0.3129113 0.38773766 0.42995492 0.42362317 0.39508814 0.40666652 0.55694807 0.32456312 0.1884583 0.25031084 0.2388389 0.1874616 0.16511256 -0.027453568 0.005392297 0.038271543 0.025986701 -0.000994347 0.023308337 0.0814775 0.09568792 0.12822628 0.15920788 0.21163373 0.23343886 0.1945493 0.16925989 0.12478194 0.095115036 0.087767646 0.057415575 0.01170891 0.026164342 0.06382396 0.11600278 0.16680892 0.191094 0.18955705 0.2083349 0.21261281 0.14758159 0.057953965 -0.037905596 0.2576612 0.29948008 0.09139177 -0.07574933 0.41845483 0.32137096 0.08330072 -0.12688307 -0.24712244
0.094716266 0.26648974 0.41219866 0.44872332 0.48055556 0.5002059 0.45752147 0.4126007 0.38434392 0.39022464 0.37864166 0.42086682 0.49348366 0.21522725 0.24661441 0.30305994 0.24218479 0.098994166 0.06048142 0.010755185 -0.018155599 -0.028104637 0.020640645 0.075242124 0.11369342 0.10721198 0.10054362 0.13851845 0.16166155 0.18773969 0.2502187 0.24590662 0.249705 0.23395249 0.19359393 0.2943514 0.32612202 0.18320253 0.12596475 0.09691268 0.07229175 0.03614148 0.08192707 0.14410469 0.14093551 0.15614465 0.07177724 0.0038588664 -0.15669511 0.14194368 0.22049773 0.11028871 -0.10773232 0.369832 0.24411476 -0.0019783955 -0.15831912 -0.3793645
0.03187397 0.5277084 0.5428151 0.53970784 0.58401066 0.55782187 0.4927496 0.39681163 0.34735247 0.34169945 0.35097992 0.41671228 0.4415357 0.15192826 0.32500178 0.33546486 0.18174098 0.031209586 -0.008937904 -0.10076537 -0.13756594 -0.08234929 0.008891602 0.113104045 0.1838981 0.22843854 0.2614465 0.22476542 0.18183139 0.14460348 0.19072883 0.19307664 0.20895033 0.2165469 0.25129363 0.23756826 0.17732798 0.1419116 0.14147994 0.033443853 -0.008090877 0.15909088 0.23734425 0.25081423 0.22490358 0.16830115 0.040223036 -0.05834746 -0.056825824 0.10085747 0.06324514 0.003308642 -0.07980953 0.28869048 0.10925246 -0.11246671 -0.32187098 -0.2900005
0.0914339 0.5728072 0.541344 0.5166805 0.58591855 0.6396767 0.5804467 0.43509984 0.34715658 0.30979145 0.3200951 0.3663851 0.32779846 0.077465996 0.3121584 0.2952963 0.110271245 -0.027451925 -0.13250627 -0.30340558 -0.20637713 0.058926024 0.20646337 0.21647485 0.25973132 0.36473143 0.36691722 0.2977496 0.22372437 0.1815106 0.19149496 0.15890826 0.1630075 0.19128676 0.21825273 0.23361336 0.24044777 0.15545857 0.14074813 0.0039766347 0.045537096 0.18612264 0.2904223 0.3786514 0.37509215 0.33052707 0.24588482 0.169561 0.08283406 0.019257227 -0.13344254 -0.17527403 -0.07081531 0.2295206 -0.026532767 -0.25989568 -0.367353 0.0990803
0.15486687 0.322452 0.40382203 0.36534518 0.51397103 0.66299516 0.6582608 0.55716264 0.44567055 0.3666705 0.3464562 0.32545954 0.20639521 -0.013479722 0.28383926 0.23494156 0.012356453 -0.09630824 -0.30842185 -0.33608797 -0.15457088 0.099081784 0.3454742 0.37409377 0.3605789 0.49032298 0.48975676 0.36459532 0.25780848 0.18416366 0.15214677 0.07948451 0.12096786 0.1904065 0.19270664 0.13400486 0.16365321 0.18290365 0.07454171 -0.0046106647 -0.006657006 0.1026703 0.21931882 0.4302644 0.48712367 0.39905238 0.3350642 0.3092902 0.16599959 -0.024430573 -0.1823488 -0.2985433 -0.13128844 0.112908065 -0.19768861 -0.39916253 -0.06547242 0.007855903
0.19615433 0.04297835 0.2506022 0.23465203 0.39731324 0.6916962 0.7628104 0.6558713 0.61412436 0.47137564 0.33135647 0.23538697 0.11189234 -0.022881651 0.27776855 0.20721829 -0.012143594 -0.18840972 -0.4179382 -0.36566785 -0.2598379 0.082684934 0.3605933 0.50725174 0.32356128 0.45561203 0.5324221 0.3935316 0.22657464 0.22035636 0.15793803 0.042073134 0.14602625 0.22181635 0.15602064 0.10571864 0.15464231 0.20378579 0.09722405 0.04059313 -0.050567865 -0.04186043 0.11020304 0.40128776 0.55928594 0.43936804 0.44139838 0.4382693 0.2041304 -0.046162445 -0.19895145 -0.28022742 -0.20603843 -0.0877745 -0.38176244 -0.4529357 0.062442888 -0.05420095
0.20437478 -0.114435256 0.15773885 0.20366706 0.282277 0.5829878 0.8559637 0.7463328 0.7888362 0.5552358 0.32687414 0.14497359 -0.010041609 0.06076478 0.29164675 0.22082356 -0.027888905 -0.27568132 -0.4312078 -0.36683235 -0.2479096 0.138494 0.36062536 0.5225502 0.32597753 0.3806802 0.5000062 0.4249667 0.29415217 0.17971845 0.13077398 0.09715519 0.16478394 0.23664454 0.18111898 0.0041493084 0.14471374 0.21340781 0.16473667 0.042338755 0.065289244 -0.06792804 0.061603896 0.37997296 0.60824054 0.4393346 0.4629899 0.51299757 0.2332024 0.016709825 -0.21826865 -0.28319353 -0.2397108 -0.26979718 -0.5245278 -0.36954373 0.022063155 -0.10103717
0.23443367 0.004795613 0.19486263 0.29396957 0.36575517 0.52948046 0.766428 0.78077805 0.8564252 0.5845465 0.32100314 0.102308825 -0.13266169 0.16609396 0.27624583 0.2726359 0.024063403 -0.23862624 -0.32903275 -0.22637399 -0.07830477 0.15790907 0.44438273 0.44112664 0.3885837 0.47933155 0.48344442 0.39570764 0.25135544 0.17494828 0.14455013 0.13821329 0.1533934 0.15633191 0.09353449 0.05064903 0.0450115 0.17381793 0.16400403 0.102686524 -0.016681729 0.012611512 0.15362322 0.39746192 0.60214174 0.4086859 0.38498315 0.5726141 0.27686414 0.048776563 -0.17427832 -0.29914463 -0.33909398 -0.46111262 -0.54845375 -0.19485122 -0.016465263 -0.1339869
0.25469407 0.3903259 0.42104313 0.45239964 0.50843054 0.54323363 0.5416699 0.6675224 0.85274106 0.56013507 0.2980664 0.0072441413 -0.16111556 0.21724075 0.23304056 0.23745243 0.11299545 -0.06000999 -0.1286279 -0.058994 0.08085749 0.28236026 0.39394858 0.32018733 0.4303393 0.527793 0.5096337 0.3691124 0.1440823 0.10266323 0.11224939 0.13810109 0.12315233 0.11486249 0.107570104 0.062417116 0.06474701 0.1300383 0.114496894 0.013705387 0.026491936 0.10406441 0.22717275 0.450174 0.47492152 0.3124881 0.22786213 0.5034512 0.36094448 0.078346014 -0.119917355 -0.28175598 -0.43570063 -0.551493 -0.43787137 -0.031726945 -0.092466794 -0.10710753
0.30209452 0.6645816 0.61111206 0.70081335 0.76109165 0.5620196 0.30931452 0.42354235 0.7568997 0.49169925 0.23354864 -0.1316949 -0.07754406 0.23471074 0.22998272 0.23718743 0.156368 0.054948717 0.011567777 0.06880086 0.15492544 0.2336489 0.18726815 0.29883954 0.45734522 0.5450037 0.44250932 0.29423258 0.08385483 -0.05279385 0.09284792 0.121705115 0.18955685 0.16800697 0.122736715 0.07962725 0.043430697 0.072040856 0.0560575 -0.070860445 -0.066865176 0.1364156 0.33817208 0.4557978 0.38823768 0.1937929 0.19528787 0.2441323 0.39017692 0.13323121 -0.0906597 -0.28055537 -0.38722816 -0.37486264 -0.19306925 -0.046764966 -0.09050698 -0.06032822
0.40634316 0.696844 0.6771187 0.83058476 0.93576235 0.6733461 0.28602886 0.310504 0.6720124 0.42156643 0.17727895 -0.20796904 0.008357015 0.26908487 0.21981005 0.22618368 0.21392162 0.18174362 0.14769664 0.16087116 0.15263951 0.12858427 0.25103757 0.4691685 0.5229152 0.45601732 0.31818467 0.18640591 0.014500069 -0.10821954 -0.0021951206 0.09460614 0.27874842 0.29121637 0.21438257 0.099936344 -0.008466759 -0.03727407 -0.064471215 -0.13611457 -0.18881045 0.0882651 0.3384451 0.49134073 0.25875956 0.19027786 0.19177915 0.11985915 0.14804107 0.07308299 -0.12945354 -0.2556671 -0.26506376 -0.17312592 -0.07586863 -0.09969942 -0.026605235 0.063442655
0.48352155 0.6454541 0.670859 0.78369325 0.88755 0.65844154 0.36159587 0.48592907 0.5551598 0.33942327 0.15738504 -0.18040138 -0.083691634 0.2601831 0.22359517 0.19651507 0.28546175 0.289212 0.232001 0.19401392 0.20813155 0.2833439 0.43730322 0.5148593 0.44208863 0.28469622 0.13599074 0.046574734 -0.06559729 -0.09016279 -0.05775514 0.09479127 0.2616983 0.2860864 0.2708691 0.1190617 -0.0007080387 -0.11239222 -0.1052528 -0.120733894 -0.22358821 -0.0011607542 0.36058092 0.4935165 0.2204666 0.13822214 0.12680711 0.04358261 -0.1071399 -0.011421089 -0.09074232 -0.13842982 -0.07166455 -0.051352818 -0.042684235 -0.019649161 0.13168803 0.2585804
0.5232791 0.6171455 0.6898726 0.70892227 0.6685639 0.59180737 0.5548502 0.56117654 0.48076132 0.32044962 0.19196232 -0.08695734 -0.16378252 0.15278462 0.23135601 0.41858205 0.53814375 0.48366213 0.36708817 0.29221952 0.29276168 0.32533276 0.35528287 0.33082953 0.26478314 0.14704496 0.0850224 0.011404008 -0.05788604 -0.013395544 0.040795937 0.15791833 0.23110823 0.24363822 0.22188623 0.09189339 -0.08518997 -0.16097498 -0.13504785 -0.1256949 -0.1425464 -0.035467427 0.30944997 0.48200953 0.1147724 0.071005926 -0.051804576 0.07224255 0.061710674 -0.075196244 -0.12071966 -0.08690224 -0.008439232 0.026602967 0.10513076 0.25892133 0.38773054 0.42069668
0.5649352 0.69723135 0.7517638 0.77388793 0.7280565 0.6384418 0.59662825 0.58810014 0.50277656 0.35803404 0.25259236 0.05664721 -0.08328042 0.1294722 0.43494362 0.6232016 0.68747205 0.5132748 0.37470075 0.31837416 0.28931758 0.26962152 0.31585917 0.27638814 0.19091813 0.16550104 0.14508887 0.08143395 0.044020977 0.03538903 0.089056574 0.13879444 0.15243027 0.15473591 0.072113834 -0.062225748 -0.1798749 -0.15114772 -0.12173783 -0.14551954 -0.13780506 -0.021491077 0.23229887 0.4286141 0.092621736 -0.011913514 -0.19164656 0.11836121 0.23231073 0.12348414 -0.07566635 -0.16199222 -0.050849184 0.1331637 0.27745572 0.36875007 0.40512887 0.26211682
