static/data/seaWater_vo/2023/7/25/18.asc
ncols 137
nrows 93
xllcorner 108.0
yllcorner 17.0
cellsize 0.25
NODATA_value -32767
[rows 52 to 77 of 93, columns 58 to 115 of 137]
-0.05264554 0.21745801 0.37199217 0.35232538 0.405345 0.11454228 -0.034681067 0.16481707 0.24926618 0.12257036 0.14634942 0.3287903 0.6603241 0.8071272 0.62825215 0.32169512 0.44502637 0.3728092 0.29111007 0.09149874 0.04086282 0.121773385 0.012043217 -0.028016528 -0.053128265 0.20665 0.26327416 0.46478143 0.6262672 0.5646611 0.43730673 0.24142972 0.30834344 0.36219764 0.26245394 0.06300925 -0.105722755 -0.29774064 -0.4635015 -0.47063297 -0.4469703 -0.3799576 -0.44288197 -0.21056293 -0.07777558 -0.026798725 -0.00797956 0.038323656 0.12251887 0.1440221 -0.11772986 -0.3925939 0.055761103 0.14479312 -0.07009713 -0.118762754 -0.120214626 -0.11697362
-0.07790881 0.06066004 0.26976332 0.4620285 0.30061552 0.30337897 0.2662223 0.3424914 0.43478966 0.26333404 0.14114293 0.45643082 0.7199119 0.63767 0.45875007 0.39850682 0.41819853 0.3125054 0.05719959 0.098264724 0.16838945 0.04140504 0.017513236 -32767.0 -0.14917333 0.2255683 0.23593885 0.3324686 0.45346093 0.5693077 0.41820496 0.21159714 0.23771979 0.23459488 0.12501708 -0.03887481 -0.236987 -0.3963747 -0.43812567 -0.45801547 -0.43903974 -0.44915906 -0.22297946 -0.1445252 -0.03584231 0.01827286 0.032445677 0.1084755 0.20797281 0.25001976 0.044862032 -0.34394974 -0.13818543 0.11986762 -0.0037995942 -0.12423288 -0.18978754 -0.16711064
0.109921575 0.06594297 0.26457012 0.4524543 0.34599292 0.23463689 0.26772502 0.34255242 0.50742155 0.42702964 0.36808676 0.5518711 0.6246645 0.49251193 0.4843892 0.4348161 0.40437183 0.123397246 0.03089964 0.17219654 0.13993795 0.10190835 0.05210605 0.049760845 -0.19624524 0.1457539 0.2222763 0.4009846 0.37224323 0.50109196 0.4043727 0.22647971 0.15737283 0.09707711 0.009597141 -0.10939041 -0.2583858 -0.35261953 -0.46122944 -0.48056275 -0.46977076 -0.2590245 -0.17133936 -0.08388956 -0.009121845 0.027158603 0.11476421 0.16426484 0.22914891 0.2884177 0.24607068 -0.13722159 -0.30719694 -0.026353784 0.017017048 -0.1859542 -0.30695912 -0.16417629
0.07896787 0.08935056 0.13513622 0.20380682 0.17194447 0.1624791 0.1319798 0.19575937 0.34553856 0.40303567 0.42438456 0.5653168 0.54664224 0.43206492 0.41827542 0.31388742 0.2686898 0.15116127 0.16492683 0.13102165 0.10415527 -32767.0 0.10428896 0.2876786 -0.17027178 0.069801316 0.21430245 0.37600303 0.36477542 0.34126788 0.3525666 0.24064659 0.079441376 0.02749821 -0.060477644 -0.18493949 -0.31097022 -0.41652673 -0.5010008 -0.46697378 -0.29124805 -0.22829816 -0.18265285 -0.10117772 -0.031696938 0.009504216 0.057366356 0.15494898 0.22318517 0.21761233 0.2664803 0.17754416 -0.24544412 -0.2208655 -0.057737324 -0.22225434 -0.2481464 -0.057206813
0.4645056 0.602105 0.5381959 0.3575749 0.19548988 0.14019005 0.12618259 0.10306115 0.1689472 0.32092947 0.49537563 0.52246577 0.38703886 0.5548028 0.44861773 0.21325038 0.01595112 -0.052512158 0.15971398 0.2883484 0.15055014 0.10761907 0.07642168 0.0783468 0.12967286 0.043363072 0.16976225 0.1848219 0.09619818 0.1640079 0.25988227 0.22459646 0.034205705 -0.061654143 -0.12540309 -0.2333497 -0.3748077 -0.4896769 -0.47632647 -0.33777297 -0.32276404 -0.21866506 -0.06830384 0.11194853 0.13884096 0.11686218 0.0793365 0.18485995 0.31992626 0.23091038 0.25405064 0.24046603 0.018334506 -0.37207976 -0.12374493 -0.24086292 -0.16552217 0.018412637
0.6002682 0.90565056 0.78487945 0.47570437 0.2229568 0.13399963 0.17819312 0.29605034 0.29793584 0.29508802 0.31587878 0.34416914 0.5625706 0.52495724 0.4801324 0.2176672 -0.13475111 -0.17433418 0.16996837 0.3109092 0.23767424 0.28736946 0.2367872 -0.026558522 -0.07619089 0.041526716 0.052224852 -0.011090325 -0.10155788 0.08307268 0.19899617 0.17264493 0.08005388 -0.071398415 -0.14726512 -0.24623208 -0.4042838 -0.51668787 -0.40290946 -0.32277972 -0.24702722 -0.05144156 0.19889273 0.32982296 0.20549573 0.1488538 0.17760615 0.2673283 0.3786316 0.29168755 0.22510748 0.22512442 0.17315267 -0.127605 -0.33211276 -0.17674224 -0.13484202 0.070411354
0.8571238 1.154872 0.83164674 0.51222396 0.29875073 0.23082742 0.32300428 0.29254332 0.21145809 0.2585832 0.3819867 0.44461438 0.41091192 0.36808437 0.380111 0.16495997 -0.12484402 -0.008215688 0.17443115 0.19055869 0.3180527 0.40261573 0.27949116 -0.015702343 -0.15726851 -0.07323706 -0.12863187 -0.2214001 -0.18827306 0.06363007 0.19541167 0.025949638 0.13265714 -0.022981336 -0.1635144 -0.3113502 -0.45457423 -0.4300778 -0.2946031 -0.28572088 -0.1297531 0.08774964 0.2539864 0.2979337 0.27828008 0.14281052 0.14476122 0.26737842 0.3830007 0.34674224 0.19775304 0.15792643 0.17113093 0.10914048 -0.10213551 -0.24299757 -0.15419833 0.04990031
1.4725511 1.1664629 0.6955594 0.4668001 0.30053845 0.25149962 0.073336825 0.18445452 0.38745573 0.4331217 0.44628012 0.4112241 0.2310947 0.41967618 0.32064316 0.036356453 -0.04056504 0.07127269 0.11868079 0.28514174 0.3857167 0.3051412 0.09230274 -0.110131845 -0.13657852 -0.15250057 -0.25392315 -0.31540728 -0.11272342 0.032523435 0.15522474 -0.020289794 0.09541936 0.029358292 -0.17299959 -0.34007895 -0.45252657 -0.31739578 -0.27200907 -0.2693697 -0.10604776 0.08742551 0.22054873 0.24058074 0.25709808 0.1476678 0.09565337 0.18423107 0.27283555 0.2877499 0.20520234 0.11595665 0.14385381 0.21090518 0.04916746 -0.05893783 -0.08549105 -0.014974258
1.4987766 0.9270195 0.608788 0.39009613 0.21420605 0.034314096 0.24791458 0.292339 0.4633363 0.35525998 0.5016706 0.15603141 0.1962912 0.42377877 0.31441268 0.09371428 -0.01305754 0.094543554 0.24175094 0.4076392 0.3339346 0.11131959 -0.032198083 -0.076664425 -0.07469571 -0.18742348 -0.33746812 -0.32725123 -0.060375907 0.09447577 0.16796143 0.0002433109 -0.11482816 0.028477041 -0.14390963 -0.33463535 -0.37978742 -0.26678848 -0.19451328 -0.18789777 -0.12974627 -0.013608816 0.078074045 0.14255242 0.16452624 0.15311694 0.19701721 0.3320708 0.35331213 0.28045747 0.17114604 0.055139497 0.078021206 0.30781052 0.15743904 -0.038192872 -0.07610325 -0.0835128
1.0092003 0.6275353 0.37706977 0.2907098 0.25171837 0.17571191 0.2505364 0.22326209 0.4693759 0.31660154 0.42129645 0.18022175 0.36432397 0.34332055 0.22379749 0.06653583 0.075549036 0.2702992 0.37567964 0.36094728 0.15488659 -0.067868784 -0.16211279 -0.0966081 -0.036642954 -0.21236938 -0.32661211 -0.22929108 0.05585683 0.1979307 0.13577397 0.018583054 -0.1566166 -0.069823176 -0.09430268 -0.23128362 -0.3341314 -0.2711032 -0.19335614 -0.13265805 -0.063512094 -0.017531158 0.028865444 0.08819451 0.13134132 0.21511239 0.27932674 0.36763525 0.36851153 0.23413706 0.0767246 0.011200043 0.0062888092 0.3080214 0.2557468 -0.028082702 -0.07726281 -0.08134407
0.5498368 0.4373066 0.2832611 0.40619984 0.44533998 0.0955765 0.18210974 0.3399332 0.446678 0.3887295 0.28021994 0.26211905 0.39334458 0.38104573 0.21244885 0.09409601 0.0772714 0.2540866 0.38481125 0.19690709 -0.039256733 -0.17002055 -0.12860596 -0.062483877 -0.06963648 -0.21454321 -0.2506323 0.022952415 0.13703299 0.21276782 0.12360403 0.021241358 -0.08859181 -0.16155417 -0.124997 -0.1658971 -0.22750421 -0.26326635 -0.23592475 -0.14372072 -0.067962684 -0.045760434 0.0016949478 0.110393316 0.19720131 0.2292137 0.27964622 0.28765747 0.22287217 0.17948762 0.053250153 -0.053186744 -0.016966918 0.3374299 0.28656834 0.032342058 -0.15969631 -0.11697015
0.3142177 0.33457345 0.31513986 0.40661886 0.4548102 0.3961029 0.1560093 0.2841108 0.38809747 0.40470055 0.32949573 0.3208144 0.4970486 0.40284786 0.20327833 0.063124254 0.102984786 0.19010775 0.24793178 0.0072507514 -0.1651403 -0.089695096 -0.08930664 -0.100088574 -0.14695287 -0.15063669 0.047334854 0.08719886 0.12940574 0.13940033 0.116593786 0.08047651 0.027088583 -0.035576075 -0.08296966 -0.12157403 -0.15927953 -0.18139522 -0.1820953 -0.13720818 -0.09210629 0.009552142 0.12802427 0.19246118 0.22192755 0.21559195 0.15684618 0.111556016 0.0049812356 0.13493949 0.15580359 -0.046351116 -0.08426317 0.38125 0.29137886 0.055587284 -0.18756728 -0.19911814
0.19100696 0.3181295 0.34351638 0.39749825 0.41956678 0.35494643 0.3169421 0.355456 0.3945929 0.3780291 0.35129103 0.3553888 0.49195784 0.30963707 0.15851279 0.21352197 0.15882908 0.16609056 0.07124861 -0.11969647 -0.086050525 -0.07720697 -0.1021064 -0.107694946 -0.065220244 0.009703984 0.019096514 0.06805215 0.11610823 0.14904715 0.1667722 0.1523469 0.10630228 0.07009647 0.030117806 -0.0019502249 -0.03113178 -0.04300343 -0.031140566 0.03236402 0.089963585 0.13819182 0.15270959 0.16740829 0.17705444 0.11261321 0.027849145 -0.02898549 -0.18157232 0.18102211 0.26217946 -0.0064708414 -0.11044735 0.40044636 0.26184654 -0.022226095 -0.19594748 -0.26875296
0.25838926 0.39106193 0.47791505 0.44367257 0.49746832 0.5132393 0.47956336 0.44036767 0.4166719 0.36711502 0.3628712 0.38359684 0.4505773 0.19811222 0.2640937 0.24863864 0.21232614 0.066938736 -0.06951682 -0.09878739 -0.13250968 -0.12127185 -0.08610517 -0.006478966 0.009048322 0.010433073 0.020068634 0.037038565 0.10575668 0.12659948 0.15808876 0.18375471 0.16119818 0.12972982 0.12561528 0.17064042 0.22681725 0.15539336 0.09554958 0.07850868 0.041232888 -0.010493207 0.03999178 0.13696513 0.14046624 0.08821296 0.0038925577 -0.02537053 -0.1840863 0.1812962 0.22231844 0.08678533 -0.09342851 0.36664355 0.19078384 -0.08552126 -0.20926486 -0.35127434
0.27763093 0.6145123 0.5464199 0.55738086 0.5842667 0.57628834 0.53278697 0.43183824 0.35980713 0.34765834 0.36166102 0.41070765 0.39706168 0.15497209 0.30832526 0.33353162 0.1629209 -0.019652622 -0.09069284 -0.18005158 -0.21017532 -0.14532574 -0.05989744 -0.009433578 0.026225545 0.10561257 0.1582719 0.1736064 0.15570138 0.10805023 0.17559613 0.13885966 0.123048075 0.17662878 0.19470601 0.19377623 0.14183664 0.06342203 0.057094634 -0.017102255 -0.06654244 0.12026011 0.19254893 0.22795801 0.1820948 0.08791129 -0.010450803 -0.07752208 -0.08530125 0.08158979 0.07217696 0.029715858 -0.057333827 0.319721 0.08985016 -0.15766087 -0.32612452 -0.23404363
0.25688082 0.56042665 0.54226524 0.4971367 0.57474697 0.6429647 0.6122434 0.4866533 0.37648252 0.34722856 0.36655504 0.35757342 0.30600408 0.104577124 0.29963872 0.29887858 0.07375366 -0.05358202 -0.15371041 -0.2959613 -0.21317364 0.018908516 0.12652124 0.127876 0.17142059 0.27823296 0.3370408 0.2912316 0.22209987 0.19851446 0.14676532 0.1085234 0.09419362 0.128338 0.16595496 0.21114469 0.2606796 0.13232683 0.027425358 -0.07042711 0.016258352 0.1285962 0.22413552 0.32795465 0.33379957 0.30075595 0.2233646 0.14383145 0.08268858 0.011582182 -0.122894466 -0.19880867 -0.063998975 0.2082123 -0.0785849 -0.27268666 -0.38499108 0.023109974
0.25212184 0.32343972 0.41737643 0.39628038 0.54758954 0.7018004 0.6850331 0.6273048 0.5241295 0.42113698 0.37600774 0.32894593 0.22192651 0.022969693 0.280426 0.2239813 0.026942672 -0.09006384 -0.33100674 -0.33525223 -0.15944967 0.09953662 0.32404557 0.30365485 0.19496325 0.35856688 0.42178458 0.38371402 0.28825772 0.23393594 0.17580523 0.073083974 0.041920688 0.17309389 0.19158895 0.13885152 0.17148054 0.22362024 0.03386464 -0.037592236 -0.0458718 0.037147112 0.17046532 0.3860635 0.4258259 0.36185986 0.34177947 0.32469985 0.17124462 -0.027708143 -0.20516656 -0.3470638 -0.14545645 0.075503275 -0.2610511 -0.45382953 -0.120650254 -0.027975947
0.26152155 0.087279625 0.27723843 0.29852536 0.46881738 0.7422952 0.82667446 0.71947825 0.73354936 0.5390617 0.33918723 0.22043605 0.11609927 0.008681216 0.25192258 0.18495359 -0.018542651 -0.21231218 -0.43805018 -0.36468372 -0.24402465 0.14043184 0.3847879 0.44864306 0.24898961 0.34931943 0.43574196 0.37735662 0.27266976 0.2289598 0.19178481 0.054036673 0.0921805 0.23175567 0.15557766 0.04343602 0.08879833 0.16230199 0.071757495 -0.008263234 -0.068136916 -0.07211742 0.028992428 0.35099545 0.48950094 0.38923562 0.4128956 0.43550685 0.21651755 -0.021021742 -0.21987137 -0.32042208 -0.22608756 -0.122462764 -0.43603602 -0.50140935 -0.0150806615 -0.091952495
0.2541772 -0.017919688 0.2392255 0.28770053 0.36922652 0.61575395 0.8835751 0.8091029 0.85557073 0.6106713 0.3303656 0.14016244 -0.025884975 0.05300287 0.24638504 0.20525974 -0.036985725 -0.26740244 -0.4420747 -0.3457519 -0.24228323 0.18275076 0.3727175 0.45994127 0.19961736 0.2916935 0.4274834 0.3896855 0.24930397 0.14723283 0.098558664 0.051035676 0.17184706 0.2499087 0.10341601 -0.013165022 0.07235257 0.09168324 0.16218103 0.04246351 -0.0060912254 -0.112961866 -0.040077794 0.29341048 0.5380182 0.40155485 0.4695605 0.5254356 0.26684022 0.035155535 -0.19123733 -0.29679102 -0.27649593 -0.27939132 -0.55904305 -0.42029697 -0.057803575 -0.1518474
0.36483994 0.20871446 0.36324966 0.43167397 0.47272998 0.5753855 0.70358735 0.78742546 0.89505696 0.61992985 0.32050964 0.0915447 -0.15452734 0.120108075 0.23301503 0.18859038 -0.015192003 -0.24672295 -0.33907297 -0.21688251 -0.06642279 0.16932525 0.37621078 0.3718505 0.31204486 0.3729782 0.44589993 0.35579255 0.19896153 0.105011374 0.04800215 0.1339971 0.18626699 0.17625847 0.09918545 -0.050217606 0.020905647 0.12436578 0.10070637 0.018139279 -0.049572147 -0.03863093 0.017725566 0.303995 0.49536836 0.36746934 0.36492196 0.55803496 0.3155326 0.09122189 -0.13815711 -0.25382876 -0.33127812 -0.4496556 -0.62896806 -0.3299157 -0.10100684 -0.21434568
0.32548326 0.5686923 0.6378786 0.65971375 0.71292263 0.663803 0.553979 0.61106724 0.81637114 0.5728071 0.28989857 -0.010687209 -0.19426408 0.1618701 0.2065479 0.17732137 0.013599961 -0.14652596 -0.19099621 -0.09110992 0.053323016 0.2204115 0.3218053 0.23508768 0.37360975 0.48048818 0.46148297 0.34141582 0.0983887 0.036994398 0.087099195 0.14761393 0.19325092 0.16567664 0.09085839 0.004308814 -0.017202534 0.044176903 0.059135012 -0.034615215 -0.040185403 -0.02801051 0.11457282 0.36668023 0.4070442 0.26264635 0.1765413 0.4682985 0.3569533 0.1298361 -0.069473185 -0.23358268 -0.37982407 -0.54937416 -0.56822073 -0.113189764 -0.12902315 -0.23789218
0.45950216 0.783934 0.8140419 0.88246036 0.9586246 0.7749375 0.4229113 0.34646124 0.725572 0.50761545 0.2245586 -0.1728086 -0.15513143 0.17233375 0.17468053 0.15109944 0.08587799 -0.0034228093 -0.049316853 0.02909613 0.16967638 0.22804886 0.14043355 0.25083336 0.47199935 0.55764085 0.49732053 0.28235304 0.05425116 -0.10514725 0.039269745 0.08809848 0.15611763 0.16434371 0.13867816 0.08028377 0.02230674 0.033104867 -0.008174362 -0.07576706 -0.13009824 0.07053099 0.27503058 0.38399476 0.3576632 0.21255401 0.16265163 0.1781415 0.34620768 0.13701779 -0.07374253 -0.26071277 -0.420071 -0.47929952 -0.30338162 -0.0767363 -0.16409343 -0.13648413
0.5803279 0.826369 0.8823129 0.9484858 1.0887842 0.89102703 0.45813757 0.35537708 0.65498257 0.42115396 0.15850183 -0.27784175 -0.09557807 0.16321531 0.12948795 0.1358574 0.13827081 0.12162152 0.12314415 0.13548668 0.16912808 0.13802806 0.18919294 0.41743818 0.53066456 0.49341142 0.3645323 0.17376159 -0.004298312 -0.17212437 -0.1386308 -0.007132462 0.18343154 0.25841862 0.20101367 0.0861731 0.014114661 -0.04413583 -0.055126052 -0.17272133 -0.1986694 0.06409182 0.34926024 0.42110464 0.2692438 0.16384421 0.15937994 0.1337256 0.14923915 0.08239835 -0.0915462 -0.24655664 -0.28150666 -0.20085815 -0.07105255 -0.12546353 -0.08220034 0.024772475
0.67055696 0.85082877 0.893037 0.93912446 0.93054664 0.77016735 0.480069 0.52653056 0.54086554 0.33537838 0.121037036 -0.25999135 -0.20247181 0.14808284 0.1337087 0.10292796 0.23012766 0.2374547 0.20417254 0.18265173 0.18958575 0.27078518 0.4045605 0.47977453 0.44073832 0.3236936 0.17227015 0.07469086 -0.020630753 -0.13289028 -0.16471593 -0.032571036 0.13094996 0.19471204 0.18875529 0.109363064 -0.010479111 -0.097983256 -0.14127614 -0.17166848 -0.22098537 -0.024278075 0.3039565 0.44718456 0.20934695 0.11558924 0.13330647 0.06959864 -0.080260076 -0.02727289 -0.1177935 -0.18454169 -0.11614981 -0.030615902 -0.036450572 -0.016712984 0.1304952 0.27936727
0.8052311 0.89231735 0.9262605 0.9095094 0.8143498 0.6842644 0.5736354 0.5670899 0.4909307 0.2938405 0.116053246 -0.1479506 -0.30892816 0.021598142 0.12973505 0.29666707 0.45472234 0.43697107 0.31746492 0.23957312 0.23967633 0.2851179 0.3133903 0.3114459 0.27875316 0.19950497 0.09757383 0.05140679 -0.012336486 -0.022981824 0.015698213 0.09551148 0.14241955 0.17545858 0.21735077 0.08394382 -0.089056015 -0.1874838 -0.19449134 -0.17363961 -0.23360993 -0.13765587 0.19932644 0.43055633 0.17634605 0.060092248 -0.060765382 0.07647111 0.06076903 -0.07715714 -0.1974065 -0.1887784 -0.106766455 -0.02018888 0.061346773 0.21449293 0.33608776 0.3705236
0.9142179 1.0460665 1.0492764 0.9690241 0.85557985 0.69689244 0.6866458 0.62653023 0.4713684 0.31049988 0.14757924 -0.060348164 -0.25737992 -0.029656565 0.27187636 0.4967029 0.5631184 0.4000945 0.24923736 0.19618997 0.17725384 0.20684715 0.29530367 0.2750222 0.18660335 0.16606364 0.14010487 0.11396492 0.042010535 0.04338133 0.094960876 0.10148862 0.12110246 0.11958218 0.09487521 -0.020491853 -0.1817114 -0.21691251 -0.16215271 -0.17068374 -0.2160946 -0.14667228 0.08166273 0.3621182 0.10834777 0.0063180868 -0.24930005 0.036528774 0.11695562 0.066213794 -0.08502134 -0.1531117 -0.0869944 0.048080213 0.18301186 0.31516996 0.33603087 0.2274142
