static/data/seaWater_vo/2023/7/25/6.asc
ncols 137
nrows 93
xllcorner 108.0
yllcorner 17.0
cellsize 0.25
NODATA_value -32767
[rows 26 to 51 of 93, columns 58 to 115 of 137]
0.039767582 -0.08967731 -0.05908715 -0.004228785 0.046632316 0.08578627 0.11088686 0.21012823 0.25127566 0.21514869 0.23511568 0.2671501 0.25461322 0.2802948 0.20623717 0.09792446 -32767.0 -32767.0 -0.07848926 0.21639659 0.26834857 0.11906381 0.11904646 0.21463314 0.16615234 0.10377712 0.12226249 0.11956158 0.05058247 -0.07646271 -0.114310235 -32767.0 -32767.0 -32767.0 -32767.0 -32767.0 -32767.0 -0.09696809 0.16539675 0.30704975 -32767.0 -32767.0 -32767.0 -32767.0 -32767.0 0.043476604 -32767.0 0.12628864 0.1740277 0.29576918 0.11349856 -0.17092621 0.172976 -32767.0 0.09202784 -0.20004946 -0.23238002 0.07463442
0.027620256 -8.0553815e-05 -0.13793577 -0.10612071 -0.06536476 -0.041806847 0.030123178 0.1309325 0.08324317 0.07249043 0.09200421 0.11874703 0.121747576 0.2619371 0.1001757 -32767.0 -32767.0 -0.065257385 0.08358143 0.30193666 0.28442997 0.28088427 0.25398013 0.23311703 0.11502494 0.07686326 0.058385473 -0.08950513 -32767.0 -32767.0 -32767.0 -32767.0 -32767.0 -32767.0 -32767.0 -32767.0 -32767.0 -0.0855875 0.20972258 0.39317295 -32767.0 -32767.0 -32767.0 -0.010966067 0.08367169 0.23575756 0.13052636 0.095189296 0.0038379328 0.31743056 0.16699189 0.037574697 0.16207327 -0.01274876 -0.19812226 -0.2812368 -0.12738383 0.062733635
0.17096955 0.046129793 0.0041775526 0.0061457455 -0.0038017335 -0.046391677 -0.07011799 -0.06584483 -0.119938344 -0.12176681 -0.05655818 0.104603335 0.21686947 0.12041604 0.060835604 0.027659424 0.06181666 0.051017817 0.14828232 0.30961356 0.3708887 0.34086615 0.29782087 0.17006326 0.04673039 0.08794861 -32767.0 -0.16857864 0.004932647 -32767.0 -32767.0 0.0018632163 -32767.0 -32767.0 -32767.0 -32767.0 -32767.0 -32767.0 0.072936095 0.28774384 -32767.0 -32767.0 0.06565626 0.06463157 0.14782935 0.16420655 0.24204683 0.19970882 0.14708495 0.10963046 0.14629878 0.013980983 -0.121836804 -0.24413376 -0.2564142 -0.18372902 -0.07595878 0.16345674
0.1516318 0.122765586 0.12533577 0.22455561 0.043901946 0.03521007 0.10711053 0.013387316 -0.09865567 -0.13032266 -0.070534416 0.06921045 0.21799107 0.14384358 0.09113386 0.12488545 0.113431506 0.13623157 0.28142786 0.44832718 0.4355723 0.42763898 0.3044409 0.09063328 -0.011837554 -32767.0 -0.04046775 -0.08532678 0.06322319 -0.038437184 0.15469202 -32767.0 0.03211678 -32767.0 -32767.0 -32767.0 -32767.0 -32767.0 0.2918806 0.33512792 0.16345024 0.23441638 0.35598493 0.4619987 0.4092205 0.2788114 0.114383176 -0.114316404 0.033188414 -0.13323598 -0.082960084 -0.17032199 -0.23290326 -0.23362458 -0.15727879 -0.09256956 0.06139136 0.23232752
0.23343658 0.099046886 0.23958223 0.111782886 0.18972875 0.25882193 0.011295315 -0.027049458 -0.005242802 -0.055131942 -0.061962195 -0.010119287 0.008793095 0.09402713 0.09303898 0.13630009 0.18188429 0.23745903 0.4300124 0.43085274 0.44394585 0.38054615 0.28634644 0.14195774 -0.022101935 -0.06316346 -0.10171198 -0.12821938 -0.1380109 -0.02129631 0.0820414 0.091133066 0.049641136 -32767.0 -32767.0 -32767.0 -32767.0 0.3282852 0.32081926 0.025980558 -0.03074452 0.106442 0.27815163 0.43422762 0.46603644 0.29555738 0.08249004 -0.24490868 -0.43193525 -0.2586381 -0.15422833 -0.16178977 -0.06378695 -0.021032136 -0.04764562 -0.09507923 0.06972948 0.12086761
0.30434805 0.20040306 0.26433367 0.28559458 0.1962338 0.17804214 0.09505859 0.008020196 0.021490091 -0.08310618 0.029676072 -0.06828079 0.015747923 0.32930523 0.30074278 0.12020019 0.2009652 0.28109646 0.33224657 0.3631177 0.36737326 0.33299828 0.27278662 0.19380206 0.09943418 0.07711389 0.049648836 -0.021009762 -0.21559498 -0.1069263 0.22282161 0.13444044 -0.023055503 -32767.0 -32767.0 -32767.0 -32767.0 0.36627296 0.13757673 -0.3366212 -0.34202734 0.3058726 0.58840495 0.7488538 0.5623157 0.27836812 -0.015101699 -0.23286304 -0.5512729 -0.61216843 -0.3443804 -0.13287146 -0.08407938 0.034853432 0.052459985 -0.0918755 -0.05457042 -0.09600141
0.1264426 0.19539598 0.25840905 0.42784497 0.23094359 0.21971469 0.26874092 0.22904117 0.089047275 -0.107071616 -0.1560142 -0.15341079 -0.0528271 0.30119526 0.31129932 0.1605268 0.16526146 0.21399572 0.27067623 0.34630185 0.31034303 0.33795244 0.28571504 0.22450675 0.20363332 0.1993624 0.1273947 0.042581256 -0.05613529 -0.26886222 -0.011918455 -32767.0 -32767.0 -32767.0 -32767.0 -32767.0 0.15994833 0.14492464 0.13432877 -0.05026828 0.21231818 0.70519006 0.91787124 0.72349167 0.51068735 0.24807495 0.049641207 -0.15402628 -0.30948678 -0.4284286 -0.50013053 -0.51398695 -0.4647048 -0.21469235 -0.12577297 -0.12883584 -0.19845656 -0.238258
0.15401009 0.3212097 0.3605892 0.2988626 0.14707536 0.22792983 0.23824757 0.16964312 0.12809764 0.04328862 -0.10036771 -0.16752177 -0.10729349 -0.034816436 0.16981187 0.13256496 0.108569846 0.25134453 0.27990073 0.19841489 0.2672397 0.41406408 0.38447508 0.30801955 0.262686 0.18390629 0.11101357 0.0028705844 0.020072524 -0.22185932 0.08049412 -32767.0 -32767.0 -32767.0 -32767.0 -32767.0 0.07419143 0.24724558 0.2506734 0.3644974 0.57828015 0.73685974 0.8068515 0.62351805 0.4837347 0.2733286 0.09628011 -0.07529998 -0.15311822 -0.22472079 -0.33218837 -0.4298527 -0.5241374 -0.5777333 -0.5760473 -0.3302917 -0.3368884 -0.28021422
-0.059988245 0.17790997 0.12795168 0.112251006 -0.15383112 0.22735643 0.19531162 0.11137847 0.112144 -0.06997331 -0.020184316 0.017470036 -0.012003047 0.019101307 0.12365858 0.13646315 0.1276132 0.27083364 0.21085984 0.22992502 0.4327103 0.37044206 0.35574013 0.25282472 0.24325281 0.18318279 0.095413566 0.01129216 0.0038178917 -0.10942297 -0.0067891143 0.113023646 -32767.0 0.13248104 -32767.0 -32767.0 0.20730963 0.7830787 0.6796933 0.6878785 0.69810426 0.7048502 0.67689764 0.5556434 0.36859316 0.19157618 0.07008957 -0.0029142103 -0.013745544 -0.050348178 -0.17100911 -0.34702098 -0.51271856 -0.67013574 -0.8501206 -0.69256395 -0.47170627 -0.2517312
0.08834265 0.094859086 0.0058101267 -0.16084781 0.0025469235 0.07714733 0.08883666 0.15649897 0.23584506 -0.0195755 -0.025998347 0.027923062 0.060762342 0.13298275 0.122821204 0.13660818 0.20127603 0.25867182 0.30059478 0.33771494 0.46698403 0.33901486 0.35579443 0.27269217 0.23046654 0.10153707 0.008857639 -0.04267764 -0.0224176 -0.14405948 -0.04017053 0.07092976 0.027813341 0.12343352 -32767.0 -0.18034002 0.5370319 0.78318727 0.721609 0.78537333 0.82458496 0.79876083 0.7269283 0.47475317 0.29216176 0.15203288 0.11610016 0.078842245 0.051058557 0.07298186 0.014178668 -0.18075782 -0.42728212 -0.6940174 -0.93198043 -1.0332965 -0.6304916 -0.2666412
0.06366839 -0.10180063 0.1760906 0.11078266 -0.012647546 -0.07341166 0.010618857 0.15069889 0.08384867 0.077254765 -0.042655498 -0.0607296 0.048903957 0.0708816 0.06486042 0.14099982 0.19026782 0.25827456 0.3072444 0.28565037 0.34727332 0.3478321 0.25985363 0.24214827 0.22618844 0.14428462 0.01796048 -0.098914616 -0.121599376 -0.027606321 -0.010050295 0.044969697 -0.09719406 -32767.0 0.699715 -0.10403103 0.5355751 0.26493782 0.5950551 0.9184884 1.0507 0.9429347 0.7014738 0.46399063 0.26257667 0.1347256 0.11836904 -0.038488504 0.044049934 0.16513039 0.13610403 -0.041298687 -0.47001338 -0.6784885 -0.9253909 -1.0907385 -0.73941576 -0.37328577
0.0246039 0.2297558 0.19714396 0.09558582 0.11404064 0.07647363 -0.020617498 0.008223369 0.06442504 0.023937035 0.025066629 -0.037921052 0.008444445 0.0112809 0.021873938 0.13190232 0.22131133 0.24532594 0.2802507 0.28716692 0.2574155 0.2819933 0.14453197 0.20224498 0.2615585 0.23250107 0.1348794 0.054109078 -0.050712172 -0.14789031 0.007122295 -0.07960639 0.087127246 0.066088565 0.06645987 0.1775681 -0.09960853 -0.07397648 0.37302187 1.0575608 1.2704622 1.0386386 0.70554096 0.48206443 0.25846723 0.13696456 0.08526224 -0.062867045 0.09106843 0.1292072 0.19582172 -0.0014451811 -0.40036145 -0.6782348 -0.7978592 -0.9201616 -0.6671023 -0.26363748
-0.051626876 -0.032489955 0.17556739 0.20906931 0.22697759 0.03852656 -0.07781137 -0.038015354 0.009516103 0.010780573 -0.022392686 -0.045633413 0.037991617 0.046640173 0.09250911 0.15983912 0.14769445 0.13824789 0.19963291 0.157753 0.17313604 0.13657777 0.038988143 0.08547246 0.25128996 0.3439654 0.27685112 0.2091442 0.099151656 -0.06807507 -0.18438295 -32767.0 0.025615044 -0.4183046 -32767.0 -0.09693564 -0.21598633 -0.0064208275 0.28604415 0.94147855 1.433855 1.0721195 0.71862864 0.4857825 0.25888705 0.22096266 0.063823566 -0.067957796 0.056342743 0.17328992 0.28989822 0.005075552 -0.32675633 -0.5611526 -0.63730156 -0.54973394 -0.25204176 0.2860267
-32767.0 0.100975156 0.20452319 0.1896769 0.25029683 0.02145241 -0.11676438 -0.07508837 -0.049852118 -0.03104917 -0.11111127 -0.078132294 -0.078616455 -0.0077353283 0.09276584 0.10306807 0.14929797 0.16953173 0.06978651 0.03840248 0.121203505 0.12707427 0.0606114 0.034687217 0.14725332 0.30243066 0.3048293 0.24280794 0.20469625 0.0069423 -0.27702713 -0.8008579 -32767.0 -0.9801085 0.21499272 -0.1404163 -0.1879084 0.284262 0.2261784 0.8602608 1.4663665 1.0354474 0.64176023 0.4684252 0.29743153 0.18945079 0.02301117 0.008385699 0.06253215 0.05320244 0.16256614 0.06835737 -0.26642296 -0.4778061 -0.50429326 -0.33407086 0.015540089 0.36173546
0.0723473 0.13628127 0.06677951 0.2505241 0.22972718 0.10612987 -0.005496488 -0.09396836 -0.0944629 0.0054534706 -0.092508085 -0.14680187 -0.0980142 -0.050130576 0.072418176 0.10450087 0.10955229 0.15960991 0.0656468 -0.049479146 0.1280231 0.23837142 0.20306864 0.12789671 0.13729076 0.18189734 0.24287762 0.29082438 0.25758347 0.0111454725 -0.11154391 -0.54344285 -0.60027575 -0.33311626 -0.01872248 0.01516249 -0.027039304 0.21296538 0.41875932 0.9154653 1.2546048 0.78984797 0.47474006 0.4104602 0.24326567 0.12255713 0.057638496 0.16522242 0.1971866 0.106039695 -0.048749045 0.015440107 -0.15866353 -0.3435611 -0.33030796 -0.16748384 0.048606906 0.326647
0.044958945 0.23599578 0.19716303 0.3278601 0.28252023 0.15331404 -0.009369744 -0.015630653 -0.038007356 -0.05332669 -0.032002006 -0.07148578 0.02454507 0.122300744 0.08600046 0.0415002 0.011106195 0.030180443 0.12673472 0.19819686 0.30773756 0.33379415 0.33519807 0.27795509 0.27962992 0.28318563 0.30772597 0.3090902 0.1336799 -0.18176201 0.074793935 -0.083881 -0.27566493 -0.5439248 -0.261913 -0.037379168 0.15179874 0.50061035 0.8886517 0.97586364 0.6485095 0.33992592 0.28056866 0.3197269 0.17047317 0.108290225 0.042525627 0.17893057 0.24640523 0.15848452 0.062417466 -0.122241236 -0.1318154 -0.17435068 -0.15995944 0.015806634 0.1834922 0.2652761
-0.028873233 0.21384512 0.16600138 0.2839313 0.30971178 0.18645531 -0.025783766 -0.011363968 -0.021042643 -0.02624708 -0.06788651 -0.06690668 0.043557044 0.14379443 0.008578118 0.013256332 0.107773975 0.10092209 0.18382274 0.315365 0.41683027 0.5840399 0.5343299 0.470455 0.42658344 0.35887074 0.29194802 0.16843258 0.11684917 -0.35457808 -0.41723347 -0.13980155 -0.0025576558 0.11493103 0.08094188 0.074673906 0.37067625 0.5827903 0.87008643 0.6747717 0.17629151 0.124349475 0.22353426 0.23580426 0.16364788 0.074707285 0.032355294 0.19043118 0.26719147 0.25129503 0.13498665 -0.041371454 -0.22181495 -0.2513876 -0.06690667 0.17660218 0.14635631 0.21705931
0.18850672 0.20850441 0.13335901 0.22221051 0.30221945 0.27808702 0.08691142 -0.09211382 0.017303383 0.046578396 0.10124542 0.07315806 0.03568053 0.060972568 0.013091436 0.09992537 0.15736672 0.20162243 0.27477694 0.5173008 0.75920206 0.6842048 0.62570447 0.4823251 0.32923222 0.23249996 0.18331335 0.09502282 -0.03685261 -0.17959715 -0.26633444 -0.26311272 -0.1444054 0.13819475 0.13957056 0.13441181 0.3345742 0.37701985 0.4997645 0.40905365 0.18594958 0.12991375 0.25295454 0.13240932 0.06042195 -0.0829067 0.03802997 0.28303945 0.2987923 0.27957416 0.28035244 0.05320497 -0.109582484 -0.19404656 -0.1361201 0.06638169 0.16159493 0.2576617
0.36471626 0.3317275 0.21844 0.23081596 0.37962532 0.24220191 0.113911904 0.023692582 -0.019803453 -0.047095094 -0.048436522 0.028932406 0.09536705 0.04702756 0.14832333 0.12766063 0.15516517 0.2561074 0.4558901 0.7901093 0.7300459 0.7419295 0.59115374 0.4728958 0.27598044 0.11634914 0.02780478 -0.03172102 0.14021981 0.0518365 -0.032215394 -0.03150857 -0.0467923 0.01374455 0.21089312 0.29106587 0.2164821 0.21911816 0.22980928 0.1682006 0.104448706 0.12592912 0.17941535 0.016183073 -0.01869731 -0.17489149 0.106008075 0.29585102 0.25201347 0.31625143 0.34943634 0.2649283 -0.024257844 -0.15007177 -0.1634941 -0.104440935 0.12937577 0.22419219
0.42303815 0.49657646 0.45655274 0.48665637 0.37184203 0.25158337 0.11316601 0.013962631 0.011948015 -0.09251157 -0.1019005 -0.0989482 0.046182442 0.07064819 0.12770064 -0.0016385925 0.20458502 0.36532393 0.7240842 0.79284877 0.7682546 0.6676429 0.5517726 0.4752137 0.24643102 0.057075266 0.13726388 0.058978636 0.013927071 0.124568745 0.09149282 0.017443346 0.0621831 0.11460593 0.111040995 0.114488356 0.1281629 0.1380165 0.15526627 0.12177428 0.060398526 0.027307246 0.079802684 -0.055089507 -0.03223602 -0.102601975 0.04548184 0.19993076 0.21817178 0.39908993 0.4027607 0.28131375 0.18794465 -0.18337178 -0.3427223 -0.0962567 0.18007632 -0.15891542
0.5366698 0.5818559 0.4964542 0.21371058 0.17888647 0.26399496 0.13825619 0.069789015 -0.07841716 -0.072561786 -0.045604832 -0.030445127 0.045643695 0.1148746 0.08575284 0.03716327 0.2544282 0.5226712 0.8315726 0.7802459 0.7272196 0.5596811 0.28525478 0.13598335 0.08044154 0.035797067 -0.07958042 -0.11555752 -0.06105385 0.09794057 0.107479826 0.061220188 0.14674343 0.22985975 0.24177344 0.26515958 0.26487458 0.23325603 0.11698474 -0.00043454696 -0.08905437 -0.066663064 -0.055183142 0.055260286 0.079648025 0.045391537 0.026359268 0.16692136 0.22155918 0.2843008 0.41913483 0.3769631 0.3352479 -0.04836504 -0.35623825 -0.16508417 -0.21450494 0.04068323
0.56846523 0.5130287 0.19091336 0.057313167 0.024981655 0.21102925 0.123066664 0.017730607 -0.054344494 0.054215994 0.012471632 -0.01700678 0.051316556 0.1501337 -0.029221252 0.11756088 0.27106765 0.60029775 0.87813056 0.7665722 0.6542799 0.46053827 0.12430449 -0.026636105 0.05627551 0.30045024 0.22954486 -32767.0 -0.010657855 0.13468085 0.2438579 0.3426066 0.3793211 0.39104098 0.43981102 0.3828621 0.28101903 0.18477362 0.07546702 -0.07168792 -0.20721023 -0.10584431 -0.13579069 0.049005765 0.07977111 -0.02432683 -0.005843648 0.13254237 0.09255068 0.12848112 0.32405126 0.48989964 0.29165876 0.019922672 -0.24868636 -0.23233062 -0.33507708 -0.06574471
0.42103273 0.23554961 0.1265497 0.29184544 0.27997607 0.16573927 0.187769 0.049115527 -0.072561786 0.024135761 0.09404044 -0.07777441 0.0053621875 0.032707486 0.095075965 0.22140917 0.31011575 0.70910543 0.85568255 0.66980726 0.543858 0.36832413 0.09596337 0.04413537 -0.0555422 0.13473049 0.292874 0.14766268 0.08037036 0.3227376 0.41461504 0.38278618 0.51517785 0.5137923 0.44320235 0.40983212 0.29253593 0.15396813 0.06520288 -0.15777642 -0.3219962 -0.17273399 -0.18148118 -0.015873658 -0.0021080077 -0.13967142 -0.01946017 0.06542221 0.082417466 0.11321407 0.079299666 0.3694181 0.36250237 0.076089844 -0.2178401 -0.44386882 -0.10512358 -0.015941659
0.24876866 -0.03982386 0.034908637 0.27965352 0.36882904 0.30294833 0.27429047 0.09832661 -0.033723403 -0.10560891 0.08323887 0.019114627 -0.03794999 0.041696563 0.21020174 0.32902676 0.6845723 0.984911 0.6158425 0.5118466 0.40211886 0.2600466 0.04103012 0.049345884 -0.015729524 0.25468296 -32767.0 0.0942833 0.42132884 0.44431162 0.38112026 0.5806396 0.5310537 0.47432995 0.49706176 0.39921573 0.26758078 0.07204735 -0.0412169 -0.27690908 -0.39902753 -0.21769725 -0.20059258 -0.021121953 -0.14261384 -0.1583545 0.14829229 0.107371874 0.16913475 0.16164279 -0.008054709 0.13301696 0.14036179 -0.019341856 -0.28044516 -0.25525868 -0.0318281 -0.078232035
0.16802235 -0.029634833 0.23498656 0.510974 0.348509 0.3406081 0.20189157 0.16615549 0.017284803 0.0968813 0.09624737 -0.020270089 0.026305588 0.12566146 0.33354086 0.63867944 0.8022301 0.83616364 0.55774266 0.46154383 0.20255092 0.13039696 0.057263054 -0.07949506 0.00362659 0.12774545 0.110507876 0.34455195 0.541079 0.4430443 0.56321806 0.5896251 0.48931727 0.5632159 0.5278566 0.310705 0.13329975 -0.064410955 -0.1250682 -0.33952564 -0.35953712 -0.2674774 -0.13784838 -0.116216 -0.28501174 0.15988082 0.25566372 0.19568473 0.21963125 0.25437638 0.016291454 -0.16842109 -0.005116398 -0.09849129 -0.14205311 -0.1179652 -0.10917952 -0.07632486
0.12029524 0.024356248 0.18690844 0.30889913 0.36372414 0.2401226 0.21682385 0.1455402 0.105380476 0.08368237 0.00062193885 0.043825768 0.14967722 0.56435525 0.69099104 0.6252491 0.7990446 0.69028 0.5396384 0.3558384 -0.0453159 0.029219884 -0.00040336512 -0.03895741 0.055676676 0.08677627 0.17058901 0.37305441 0.60037005 0.5810781 0.6683553 0.4787481 0.5284693 0.6240737 0.4719658 0.20417476 0.06317363 -0.12561487 -0.24370913 -0.35658526 -0.25254363 -0.25684118 -0.1297635 -0.2879702 -0.13229567 0.302409 0.27145717 0.21430078 0.28448376 0.33321667 0.05057356 -0.33270186 -0.1422724 -0.016811723 -0.039471686 -0.027034206 -0.051469494 -0.18378389
