static/data/seaWind_uo/2023/7/10/0.asc
ncols 137
nrows 93
xllcorner 108.0
yllcorner 17.0
cellsize 0.25
NODATA_value -32767
[rows 38 to 56 of 93, columns 43 to 85 of 137]
0.8197389545935172 0.4633677613010665 -0.1732953817719638 -0.16368537206520095 0.24554087461444496 0.24954504532559607 -0.029145236170522892 0.11900908014206912 0.5282353268217146 1.0239516608622248 0.8838056859719354 -0.7683151494490221 -1.9639605237987503 -1.8446362366064466 0.15584745068465944 2.094666909024038 3.239859732413262 4.034287201505647 4.706187046836806 5.119417464227604 4.914403923816666 4.50677934542148 4.074328908617158 3.6835218472088074 3.3695948634545583 3.2734947663869316 3.298320624796068 3.392018219437005 3.5265583553316833 3.5425750381762877 3.5738075697232667 3.6506876473773677 3.787630285698737 3.986237152971833 4.254516590618959 4.4266959311984575 4.466737638309969 4.395463399651479 4.377845048522413 4.36663337053119 4.385052555802487 4.455525960318745 4.568443574373207
1.0567858606936644 1.3194594593451785 1.0784083825338806 1.0423708461335202 1.0968275678051755 1.0327608364267573 0.5314386633906358 0.09418322173293214 -0.009925216756997646 0.14783910926235722 0.26956589888135163 -0.40233394644980836 -1.0870471380566522 -0.7539001348888781 0.7052196722545947 2.212389527931881 3.1077220989452745 3.6955343593422607 4.095150596315143 4.29455829773047 4.243304912627735 3.945394611718091 3.6298659596793823 3.362387356174487 3.16297965475916 3.1117262696564256 3.1533696450523974 3.2374572299865716 3.3319556587697376 3.388014048725854 3.403229897428228 3.4865166482201713 3.6426793059550655 3.8052486368278022 3.959008792136005 4.074328908617158 4.1151714498709 4.137594805853347 4.170429005684785 4.194454029951691 4.214474883507448 4.2873507904503985 4.300164136726082
1.0239516608622248 1.5805313897122324 1.5893405652767654 1.437982912395252 1.2866252595137393 1.1889234941616516 0.8197389545935172 0.3416409716820721 0.04693400734134867 -0.13485534294491286 0.002087295376455689 -0.15487619650066842 0.051739012194730094 0.5418495072396285 1.3603020005989204 2.2540329033278526 2.836239324729228 3.187004679026067 3.469699131233337 3.5177491797671503 3.5265583553316833 3.396823224290386 3.335158995338659 3.1573738157635485 3.0852987429628285 3.033244523717863 3.1117262696564256 3.253473912831176 3.353578180609954 3.442470770397509 3.5129441749137693 3.469699131233337 3.424852419268444 3.544977540602978 3.6771151740709658 3.7716136028541327 3.829273661094709 4.099955601168526 4.216877385934138 4.291354961161549 4.1888481909560795 4.223284059071981 4.109565610875288
1.0335616705689876 1.3827253565813664 1.451597092813166 1.496443804778059 1.420364561266187 1.2601977328201417 0.8886106908253169 0.4449485760297711 0.16705912867588246 0.030116490354513914 0.11340324114645739 0.018904812363290446 0.2247191869164591 0.7684855694907826 1.578128887285542 2.1691444842514493 2.547939033526346 2.8426459978670695 2.894700217112034 2.9179244072367108 2.9227294120900917 2.957165280205992 2.947555270499229 3.0228336798688704 2.9875969776107403 3.038049528571245 3.1709879961814624 3.3423665026187312 3.496126657926934 3.5754092380077265 3.5529858820252804 3.392819053579235 3.322345649062975 3.3231464832052056 3.4456741069664303 3.7371777347382324 3.991042157825214 4.244105746769966 4.473945145590042 4.555630228097524 4.428297599482917 4.381048385091335 4.208869044511836
1.196131001441724 1.2666044059579837 1.1849193234505004 1.228965201273163 1.416360390555036 1.2353718744110047 0.8333531350114312 0.38728851778919493 0.10859823629307597 -0.02353939717491116 0.13182242641775277 0.1798724749515661 0.497002795274736 1.0423708461335202 1.609361418832521 2.059430206765908 2.3221038054174223 2.3429254931154078 2.394979712360373 2.423008907338431 2.49027897528577 2.5903832430645486 2.777778432346421 2.853857675858293 2.893899382969804 2.9827919727573593 3.205423864297362 3.6146501109770077 3.770011934569672 3.766007763858521 3.6386751352439144 3.416043243703912 3.3367606636231195 3.33836233190758 3.523355018762762 3.8364811683747804 4.140798142422266 4.2873507904503985 4.5171901892704724 4.479550984585652 4.361828365677809 4.280143283170327 3.919767919166724
1.3731153468746036 1.2914302643671207 1.1945293331572633 0.8709923396962518 1.069599206969348 0.8998223688165399 0.571480370502147 0.12781825570660166 -0.02834440202829258 -0.170092045203043 0.12941992399106184 0.5266336585372544 0.8469673154293451 1.1504834553346006 1.6974531744778454 1.9120767245955466 1.945711758569216 1.9545209341337482 1.9697367828361227 1.9993676460986411 2.2452237277633205 2.475863960725626 2.6720683255720314 2.759359247075126 2.796197617617717 2.903509392676567 3.250270576262255 3.6771151740709658 3.810053641681183 3.802846134401111 3.558591721020892 3.3760015365924008 3.311934805213982 3.5537867161675103 3.748389412729456 3.977427977407301 4.175234010538167 4.299363302583851 4.11917562058205 4.057511391630323 3.83327783180586 3.6066417695547055 3.2374572299865716
1.299438605789423 1.3498911567499272 1.0752050459649594 0.7508672183617175 0.625136258031572 0.47618110757675014 0.24794337704113545 0.12781825570660166 -0.029145236170522892 -0.12684700152261064 0.16465662624919197 0.6771904772765369 0.9550799246304256 1.2593968986779118 1.5308796728939584 1.6830381599177016 1.6277806041038159 1.630983940672737 1.6470006235173416 1.8207816323813009 2.1595344745446865 2.4710589558722442 2.6808775011365635 2.768969256781889 2.863467685565056 3.0044144945975755 3.329553156343047 3.5666000624431944 3.699538530053412 3.5025333310647766 3.2470672396933336 3.1966146887328297 3.392819053579235 3.6346709645327633 3.8749212072018318 4.065519733052625 4.137594805853347 3.892539558330897 3.713152710471326 3.405632399854919 3.0796929039672167 2.7657659202129676 2.472660624156705
0.9006232029587702 0.9358599052168999 0.7500663842194877 0.6787921455609975 0.5618703607953841 0.3568568203844462 0.23913420147660291 0.15264411411573864 0.12541575327991072 0.02531148550113249 0.1438349385512061 0.8349548032958913 1.115246753076471 1.2265626988464722 1.391534532145899 1.4115553857016545 1.3290694690519413 1.3498911567499272 1.5068546486270518 1.7278848718825945 2.176351991531521 2.628823281891599 2.8018034566133276 2.88108603669412 2.9964061531752733 3.30392646379168 3.384810712156933 3.522554184620532 3.4408691021130484 3.218237210573046 3.0276386847222523 3.182199674172686 3.4104374047083 3.654691818088519 3.864510363352839 3.971822138411689 3.852497851219385 3.4985291603536255 3.0444562017090866 2.6760724962831826 2.328510478555264 2.1923686743761253 1.964130943840511
0.5322394975328657 0.4681727661544479 0.5546628535153122 0.6019120679068957 0.5170236488304916 0.14143243612451517 0.11900908014206912 0.06455235847041374 0.12621658742214104 0.39209352264257635 0.6243354238893422 1.132865104205536 1.3763186834435248 1.437982912395252 1.2850235912292787 1.1448776163389893 1.140072611485608 1.2505877231133793 1.461207102519929 1.8167774616701489 2.250829566758932 2.777778432346421 3.073286230829375 3.168585493754772 3.1541704791946272 3.357582351321105 3.2782997712403126 3.1846021765993764 3.0580703821270006 2.9563644460637613 2.933941090081315 3.131747123212181 3.41123823885053 3.65709432051521 3.761202759005139 3.7283685591737004 3.5033341652070065 3.0684812259759933 2.571163223651023 2.107480255299721 1.699054842762306 1.7094656866112987 1.523672165613886
0.09178071930624121 0.6763896431343066 0.8445648130026542 0.780498081624236 0.5522603510886217 0.13822909955559437 0.02531148550113249 -0.15567703064289873 0.04693400734134867 0.6763896431343066 1.3002394399316533 1.437982912395252 1.532481341178419 1.451597092813166 1.176110147885968 0.8621831641317192 0.9358599052168999 1.144076782196759 1.4740204487956121 1.910475056311086 2.394979712360373 2.9515594412103803 3.2598805859690176 3.3423665026187312 3.2470672396933336 3.0708837284026838 2.978787802046208 2.925131914516783 2.796197617617717 2.677674164567643 2.8466501685782206 3.1477638060567856 3.388814882868084 3.5297616919006036 3.5249566870472226 3.362387356174487 2.9996094897441936 2.5135031654104467 2.0658368799037494 1.7118681890379892 1.3931362004303596 1.1777118161704285 0.9270507296523678
0.11820824599983881 1.1544876260457517 1.3178577910607183 1.00713414387539 0.5322394975328657 0.015701475794369646 -0.12684700152261064 -0.13165200637599206 0.19188498708501944 0.7708880719174735 1.381924522439136 1.5076554827692816 1.4620079366621588 1.204940177006256 0.879000681118554 0.638750438449486 0.8301497984425104 1.1737076454592774 1.6333864430994276 2.0882602358861964 2.5831757357844762 3.0804937381094466 3.272693932244701 3.284706444378154 3.2118305374352043 2.9051110609610276 2.6800766669943337 2.588781574780088 2.507897326414835 2.479868131436777 2.7617617495018165 3.05726954798477 3.262283088395708 3.271893098102471 3.1445604694878653 2.8418451637248396 2.459046443738791 1.9873551339651878 1.6021539115524486 1.3002394399316533 0.9494740856348138 0.3792801763668927 0.19588915779617055
0.13822909955559437 0.9166398858033746 1.2033385087217958 0.9702957733327997 0.5546628535153122 0.1502416116890477 -0.13725784537160335 -0.03955608001951605 0.27837507444588416 0.7396555403704945 1.1817159868815796 1.4427879172486335 1.3771195175857551 1.0527816899825133 0.7508672183617175 0.6299412628849534 0.8237431253046683 1.3138536203495672 1.8255866372346818 2.2003770157984275 2.656852476869657 3.100514591665202 3.3007231272227595 3.2558764152578665 3.0268378505800215 2.6904875108433264 2.449436434032028 2.3068879567150478 2.152326967264614 2.367751351524545 2.706504193687931 2.9179244072367108 2.9956053190330425 2.889895212258653 2.611204930762534 2.1987753475139677 1.7999599446833145 1.4491945903864751 1.0712008752538082 0.7796972474820061 0.46176609301660587 0.035722329350125204 -0.17569788419865429
0.3832843470780438 0.9238473930834465 1.2129485184285587 0.9110340468077629 0.5210278195416427 0.3232217864107767 -0.24296795214599332 -0.18210455733649633 0.42733022490070605 0.9414657442125116 1.3330736397630925 1.4788254536489935 1.3194594593451785 0.9566815929148857 0.6771904772765369 0.7404563745127248 1.0359641729956786 1.604556413979139 2.0522226994858355 2.408593892778287 2.759359247075126 3.1517679767679367 3.245465571408874 3.095709586811821 2.6816783352787943 2.283663766590371 2.053824367770296 2.0121809923743244 1.9881559681074177 2.265244581319076 2.520710672690518 2.637632457456131 2.4734614582989347 2.2980787811505157 1.9160808953066977 1.523672165613886 1.1905251624461122 0.9190423882300651 0.571480370502147 0.16465662624919197 -0.1772995524831149 -0.42155396586333405 -0.644185857403337
0.7076221746812856 1.1496826211923707 0.9318557345057488 0.6171279166092698 0.2871842500104167 0.2935909231482583 -0.061979436001962096 0.12301325085322024 0.7324480330904226 1.3691111761634525 1.7022581793312273 1.554904697160865 1.3066461130694949 0.939864075928051 0.7772947450553152 0.8469673154293451 1.3114511179228763 1.896860875893172 2.2804604300214506 2.5191090044060576 2.867471856276207 3.1157304403675767 3.191809683879448 2.832235154018077 2.2660454154613068 1.8680308467728834 1.6886439989133133 1.6478014576595714 1.8936575393242507 2.169945318393679 2.2812612641636805 2.130704445424398 1.9625292755560504 1.5372863460318 1.1248567627832333 0.8069256083178336 0.6339454335961046 0.3608609910955973 0.014900641652139335 -0.39272393674304595 -0.7138584277773667 -0.9044569536281606 -1.1519147035773005
0.9174407199456049 0.946270749065893 0.7276430282370412 0.13662743127113375 -0.2085320840300935 0.08297154374170868 0.5234303219683336 0.7684855694907826 1.3691111761634525 2.0081768216631732 1.950516763422597 1.6782331550643197 1.391534532145899 1.0111383145865416 0.847768149571575 1.1592926308991331 1.6478014576595714 2.1363102844200097 2.3965813806448337 2.610404096620304 2.7345333886659886 2.983592806899589 2.8650693538495156 2.403788887924905 1.8119724568167679 1.5092571510537423 1.3290694690519413 1.5557055313030959 1.847209159074898 1.9657326121249716 1.8311924762302936 1.6253781016771254 1.1857201575927308 0.7596763939262501 0.4193218834784038 0.19188498708501944 0.08537404616839961 -0.22454876687469838 -0.5713099504603862 -0.9108636267660024 -1.2183839373824095 -1.3745465951173035 -1.6460293693333503
0.9062290419543815 0.8301497984425104 0.42012271762063413 -0.18610872804764744 -0.42715980485894534 -0.0027177094769252896 0.9134365492344538 1.7110673548957593 2.27965959587922 2.3941788782181423 2.2364145521987884 1.9304959098668415 1.578128887285542 1.2033385087217958 1.1849193234505004 1.5156638241915839 1.945711758569216 2.318900468848501 2.467855619303324 2.5247148434016693 2.6264207794649086 2.481469799721237 2.306087122572818 1.8175782958123796 1.3338744739053228 1.090420894667334 1.2481852206866884 1.4980454730625188 1.6486022918018013 1.5965480725568368 1.3322728056208621 0.8733948421229423 0.42492772247401556 0.07015819746602503 -0.2285529375858495 -0.31023802009333235 -0.4639981754015361 -0.8099585248449939 -1.1294913475948543 -1.4698458580427005 -1.676461066738099 -1.8085987002060864 -2.0528531135863055
0.7284438623792715 0.694808828405602 0.29919676214387003 -0.14206285022498477 -0.3502797272048439 0.36566599594897875 1.5517013605919439 2.412598063489438 2.7441433983727515 2.7849859396264933 2.642437462309513 2.3925772099336826 1.9945626412452593 1.5500996923074841 1.5244729997561168 1.7655240765674152 2.1635386452558376 2.386971370938071 2.2940746104393646 2.327709644413034 2.2348128839143278 2.045816026347994 1.7022581793312273 1.274612747380286 0.9614865977682672 0.9911174610307856 1.1681018064636657 1.2962352692205021 1.380322854154676 1.1080392457963986 0.6683813017120044 0.16705912867588246 -0.242167118003763 -0.5873266333049909 -0.7723193201601732 -0.8540044026676563 -1.0990596501901055 -1.4241983119355777 -1.711697768996229 -1.9175121435493971 -2.0944964889822772 -2.1505548789383933 -2.207414103036739
0.5498578486619308 0.5274344926794847 0.24714254289890514 -0.10922865039354557 0.10058989487077374 1.197732669726184 2.368552185666775 2.970779460623906 3.200618859443981 3.239859732413262 3.1878055131682967 3.0764895673982955 2.324506307844113 1.7583165692873428 1.5533030288764045 1.7511090620072705 2.089861904170657 2.274053756883609 2.0874594017439656 1.9761434559739643 1.815976627527919 1.542091350885182 1.1913259965883425 0.9574824270571161 0.8621831641317192 0.9110340468077629 0.9839099537507137 1.0239516608622248 0.8557764909938772 0.4777827758612103 -0.057975265290810984 -0.5136498922198101 -0.8411910563919727 -1.0309887481005364 -1.1791430644131282 -1.382554936539606 -1.6548385448978828 -1.9391346653896133 -2.17618157148976 -2.373186770478396 -2.454871852985879 -2.428444326292282 -2.3499625803537194
0.3832843470780438 0.2655617281702005 0.16305495796473135 0.23032502591207038 0.8173364521668267 2.1547294696913046 2.9139202365255596 3.223042215426427 3.3471715074721122 3.536168365038446 3.7988419636899597 3.6386751352439144 2.3541371711066312 1.4531987610976262 1.193728499015033 1.4363812441107915 1.7775365887008685 1.7535115644339618 1.6381914479528086 1.590942233561225 1.3891320297192085 1.0647942021159666 0.7885064230465382 0.7580747256417899 0.7861039206198477 0.7708880719174735 0.7356513696593434 0.5995095654802047 0.2631592257435096 -0.2349596107236911 -0.7378834520442734 -1.07983963077658 -1.266433985916223 -1.4049782925220522 -1.6268093499198248 -1.966363026225441 -2.237845800441488 -2.468486033403793 -2.655080388543436 -2.764794666028977 -2.7479771490421423 -2.6150386814319244 -2.4580751895548003
