static/data/seaWind_uo/2023/7/10/12.asc
ncols 137
nrows 93
xllcorner 108.0
yllcorner 17.0
cellsize 0.25
NODATA_value -32767
[rows 38 to 56 of 93, columns 0 to 41 of 137]
-1.4658416873315494 -1.4514266727714054 -1.4898667115984563 -0.9533078363042045 -0.7138584277773667 -0.5777166235982281 -0.30383134695549074 0.4625669271588362 0.7596763939262501 0.9975241341686276 0.8709923396962518 0.1950883236539407 -0.6858292327993087 -0.8516019002409656 -0.934087816890679 -0.9180711340460743 -0.5016373800863567 -0.4928282045218242 -0.42876147314340596 -0.3158438590889441 -0.15647786478512904 0.058145685332571695 0.2591550550323585 0.360060156953367 0.3512509813888345 0.23913420147660291 0.15664828482688975 -0.27740382026189314 -0.7875351688625476 -1.1927572448310422 -1.2207864398091 -1.450625838629175 -1.1823464009820492 -0.5544924334735515 0.2327275283387613 0.5971070630535142 0.5146211464038011 0.3152134449884745 0.16065245553804086 0.16385579210696166 -0.28140799097304425 -0.5929324723006024
-1.1799438985553585 -1.203168088680035 -1.2231889422357907 -1.2584256444939208 -0.5512890969046307 -0.17249454762973349 -0.013128553325918446 0.1110007387197669 0.04533233905688805 0.14223327026674548 0.4065085372027202 0.38889018607365555 0.16145328968027117 -0.02754356788606227 -0.1789012207675751 -0.23976461557707252 -0.2717979812662814 -0.4143464585832617 -0.3775080880406714 -0.27019631298182123 -0.061979436001962096 0.13902993369782468 0.28398091344149545 0.3464459765354535 0.21350750892523562 0.1406316019822853 0.13182242641775277 -0.036352743450594804 -0.7883360030047777 -1.5267050821410466 -1.531510086994428 -1.3657374195527712 -1.0045612214069388 -0.4527864974103126 -0.08600446026886921 0.05414151462142058 -0.029946070312753204 -0.1989220743233311 -0.3254538687957069 -0.04996692386850876 -0.19571873775440984 -0.4984340435174359
-0.9917478751312552 -0.9877437044201041 -1.0782379624921197 -1.3024715223165833 -0.9661211825798881 -0.8187677004095264 -0.6225633355631208 -0.4167489610099526 -0.39192310260081564 0.09178071930624121 0.42572855661624587 0.5306378292484055 0.4897952879946641 0.5154219805460309 0.3968985274959578 -0.01793355817929987 -0.24376878628822363 -0.40233394644980836 -0.2966238396754184 -0.1764987183408846 0.014099807509909468 0.19588915779617055 0.25034587946782594 0.22231668448976816 0.012498139225448845 -0.19491790361217998 -0.2653913081284398 -0.47681152167721974 -0.8868386024990955 -1.2960648491787414 -1.6083901646485297 -1.4193933070821962 -1.0285862456738457 -0.789136837147008 -0.5200565653576519 -0.435168146281248 -0.45358733155254294 -0.367898078333909 -0.4015331123075785 -0.09961864068678272 -0.30623384938218123 -0.6714142182391647
-0.9332869827484487 -0.9909470409890251 -1.1022629867590266 -1.2600273127783812 -1.358529912272699 -1.1631263815685238 -1.1054663233279474 -1.0277854115316154 -1.0277854115316154 -0.14606702093613588 0.45776192230545476 0.9046273736699213 0.8261456277313592 0.7780955791975455 0.44655024431423174 0.02130731478998138 -0.3454747223514625 -0.48081569238837085 -0.27099714712405154 -0.09641530411786192 0.03492149520789534 0.06295069018595312 0.10058989487077374 -0.0011160411924651115 -0.1989220743233311 -0.415147292725492 -0.7202651009152086 -0.9877437044201041 -1.0886488063411126 -0.9509053338775137 -1.1871514058354304 -1.0205779042515435 -0.6529950329678693 -0.6081483210029768 -0.800348515138231 -0.7338792813331223 -0.746692627608806 -0.6914350717949203 -0.47681152167721974 0.06695486089710423 -0.09321196754894112 -0.6666092133857833
-1.2047697569644955 -1.262429815205072 -1.0486070992296013 -1.25602314206723 -1.3385090587169433 -1.3657374195527712 -1.3072765271699645 -1.3657374195527712 -1.358529912272699 -0.6457875256877974 0.24554087461444496 0.6940079942633717 0.9807066171817929 0.8645856665584097 0.4593635905899154 -0.030746904454983515 -0.39913060988088755 -0.5128490580775797 -0.2878146641108863 -0.19091373290102887 -0.298225507959879 -0.27099714712405154 -0.11563532353138761 -0.16288453792297064 -0.36949974661836915 -0.403935614734269 -0.7090534229239853 -0.8339835491119005 -0.9973537141268669 -0.9212744706149953 -0.9965528799846366 -0.8291785442585193 -0.34387305406700186 -0.2597854691328281 -0.6097499892874372 -0.8275768759740587 -0.8403902222497424 -1.0782379624921197 -0.8371868856808216 -0.01793355817929987 0.14863994340458753 -0.42635897071671547
-1.4418166630646425 -1.333704053863562 -1.0742337917809686 -1.348119068423706 -1.3529240732770875 -1.412185799802124 -1.563543452683637 -1.6188010084975226 -1.4290033167889589 -1.0141712311137017 -0.13085117223376175 0.7644813987796315 1.1272592652099243 1.0976284019474059 0.452156083309843 -0.03955608001951605 -0.4776123558194496 -0.5977374771539838 -0.4135456244410318 -0.5224590677843426 -0.6489908622567182 -0.6505925305411788 -0.47921402410391023 -0.21093458645678442 -0.42796063900117565 -0.45358733155254294 -0.6401816866921859 -0.7258709399108201 -0.6513933646834089 -0.8331827149696704 -0.8996519487747792 -0.6770200572347762 -0.18210455733649633 -0.16929121106081269 -0.5865257991627606 -0.8115601931294543 -0.8644152465166492 -1.1342963524482357 -1.0413995919495294 -0.22374793273246807 -0.05317026043742956 -0.5032390483708169
-1.2199856056668699 -1.111072162323559 -1.054212938225213 -1.3024715223165833 -1.3921649462463686 -1.4906675457406864 -1.6420251986221992 -1.6604443838934944 -1.3040731906010437 -0.83158104668521 -0.06598360671311321 0.8317514667269705 1.2714094108113652 1.3210611276296391 0.41691938105171333 -0.2597854691328281 -0.6994434132172225 -0.8275768759740587 -0.6890325693682295 -0.8451952271031238 -0.9917478751312552 -0.9933495434157158 -0.7258709399108201 -0.2357604448659214 -0.3566864003426855 -0.6850283986570784 -0.8724235879389515 -0.9517061680197438 -0.5681066138914654 -0.697040910790532 -0.18290539147872664 0.040527334203506626 -0.1148344893891573 -0.3262547029379368 -0.7394851203287338 -0.7482942958932663 -0.8011493492804613 -0.774721822586864 -0.7627093104534104 -0.2758021519774325 -0.4976332093752056 -0.948502831450823
-0.841991890534203 -0.5264632384954937 -0.5064423849397381 -0.8403902222497424 -1.2784464980496764 -1.3601315805571594 -1.3785507658284546 -1.354525741561548 -0.8331827149696704 -0.09241113340671081 0.5907003899156726 1.1480809529079101 1.402746210137122 1.013540817013232 -0.21734125959462602 -0.7971451785693102 -0.9493036655930533 -1.0277854115316154 -0.9893453727045647 -0.9909470409890251 -1.0846446356299615 -1.0678271186431267 -0.8732244220811818 -0.3286572053646277 0.06615402675487392 -0.2053287474611727 -0.7402859544709641 -1.1198813378880914 -0.9052577877703909 -0.4655998436859963 0.27517173787696336 0.4265293907584762 0.15184327997350833 -0.5681066138914654 -0.8427927246764331 -0.7683151494490221 -0.6505925305411788 -0.5625007748958539 -0.45759150226369405 -0.3518813954893041 -0.6177583307097394 -0.8011493492804613
-0.45038399498362214 -0.08600446026886921 0.006091466087607245 -0.31103885423556266 -0.8644152465166492 -1.0413995919495294 -1.0061628896913994 -0.8483985636720448 -0.5512890969046307 0.2591550550323585 0.811730613171215 1.401945375994892 1.569319711721009 0.42172438590509476 -0.6794225596614669 -1.0093662262603202 -1.0766362942076593 -1.0309887481005364 -1.0742337917809686 -1.051009601656292 -1.1222838403147821 -1.055013772367443 -0.83158104668521 -0.4639981754015361 -0.004319377761385912 -0.2349596107236911 -0.7843318322936266 -1.1791430644131282 -0.7867343347203173 -0.28060715683081394 0.4633677613010665 0.39129268850034604 -0.48481986309952196 -1.015772899398162 -1.0045612214069388 -0.7338792813331223 -0.6457875256877974 -0.8171660321250658 -0.8275768759740587 -0.8235727052629076 -0.4655998436859963 -0.415147292725492
-0.3014288445287998 0.11500490943091801 0.22632085520091927 -0.10762698210908495 -0.4655998436859963 -0.5544924334735515 -0.6001399795806746 -0.6233641697053511 -0.415147292725492 0.0877765485950901 0.6996138332589834 1.2065418452907166 1.1216534262143125 -0.2685946446973606 -0.5304674092066448 -0.5392765847711773 -0.538475750628947 -0.6105508234296675 -0.721866769199669 -1.1222838403147821 -1.227993947089172 -1.1134746647502498 -0.8620127440899585 -0.5681066138914654 0.4185210493361735 -0.04356025073066716 -1.0694287869275871 -1.754141978534431 -1.0285862456738457 -0.4423756535613199 0.09338238759070183 -0.04275941658843685 -0.7979460127115405 -1.4249991460778078 -0.9517061680197438 -0.601741647865135 -0.8291785442585193 -1.4514266727714054 -1.5531326088346442 -1.2071722593911862 -0.6714142182391647 -0.3871180977474342
-0.5376749164867167 -0.39272393674304595 -0.24056544971930283 -0.036352743450594804 -0.5432807554823285 -0.5993391454384442 -0.5400774189134074 -0.5120482239353494 -0.6634058768168625 -0.28541216168419536 0.8709923396962518 1.3378786446164739 0.6131237458981187 -1.3216915417301085 -0.7827301640091662 -0.6241650038475812 -0.37030058076059946 -0.2565821325639073 -0.4079397854454201 -0.9893453727045647 -1.1046654891857173 -0.9605153435842764 -0.6674100475280136 -0.2133370888834749 0.5858953850622912 0.040527334203506626 -0.7683151494490221 -1.1583213767151423 -1.1270888451681635 -0.6097499892874372 -0.1148344893891573 -0.25017545942606567 -0.9613161777265067 -1.5002775554474492 -0.9108636267660024 -0.3558855662004552 -0.2029262450344822 -0.5576957700424725 -0.669011715812474 -1.0269845773893853 -0.5512890969046307 -0.26699297641290043
-1.00856539211809 -1.376148263401764 -0.9348886510329091 -0.5176540629309612 -0.5785174577404584 -0.8892411049257862 -0.7162609302040572 -0.39592727331196675 -0.3606905710538366 -0.19251540118548904 0.48018527828790125 0.8870090225408562 -0.04836525558404858 -0.9597145094420463 -0.7514976324621874 -0.5336707457755656 -0.31504302494671377 -0.09000863098002032 -0.2285529375858495 -0.7627093104534104 -1.0341920846694572 -0.7931410078581591 -0.3286572053646277 0.27276923545027243 1.080810884960571 -0.2037270791767125 -0.9180711340460743 -1.2360022885114743 -1.1383005231593868 -0.7018459156439132 -0.27900548854635376 -0.5472849261934796 -1.0694287869275871 -1.2512181372138487 -0.909261958481542 -0.47681152167721974 0.380081010509123 0.45455858573653396 -0.47681152167721974 -1.11427549889248 -0.7426884568976548 0.39529685921149715
-0.5777166235982281 -0.7122567594929061 -0.5392765847711773 -0.4968323752329753 -0.49042570209513325 -0.6594017061057111 -0.5681066138914654 -0.21974376202131696 -0.07479278227764574 -0.0852036261266389 -0.2597854691328281 -0.019535226463760047 0.1174074118576085 -0.030746904454983515 -0.12284283081145952 -0.17489705005642397 0.035722329350125204 0.09338238759070183 -0.0852036261266389 -0.4423756535613199 -0.7058500863550643 -0.5424799213400981 -0.2133370888834749 0.3824835129358135 0.3608609910955973 -0.2541796301372168 -0.8443943929608935 -1.0237812408204643 -0.9348886510329091 -0.7787259932980151 -0.5865257991627606 -0.7370826179020433 -0.7066509204972946 -0.86761858308557 -0.9396936558862905 -0.4479814925569312 0.9670924367638789 0.4946002928480451 -0.48481986309952196 -0.8195685345517565 -0.24937462528383536 -0.2653913081284398
-0.27099714712405154 -0.20452791331894238 -0.15567703064289873 -0.12284283081145952 -0.2685946446973606 -0.403935614734269 -0.13725784537160335 0.04853567562580885 0.19028331880055926 -0.23015460587030967 -0.4191514634366431 -0.33346221021800915 0.34324263996653226 0.2855825817259561 0.1174074118576085 0.07976820717278787 0.2887859182948769 0.2855825817259561 -0.05076775801073907 -0.150071191647287 -0.42555813657448516 -0.6954392425060714 -0.3871180977474342 0.09017905102178103 -0.11963949424253872 -0.42876147314340596 -0.538475750628947 -0.7242692716263597 -0.9156686316193838 -0.7995476809960009 -0.7875351688625476 -0.7122567594929061 -0.7651118128801011 -0.6497916963989485 -0.686630066941539 0.24153670390329385 1.140072611485608 0.4994052977014265 0.016502309936599957 -0.3502797272048439 -0.7530993007466478 -0.8243735394051379
-0.27980632268858363 -0.18771039633210762 -0.1468678550783662 -0.24376878628822363 -0.390321434316355 -0.2862129958264257 0.15264411411573864 0.24474004047221465 0.3968985274959578 -0.02273856303268129 -0.3222505322267857 -0.2990263421021093 0.3856868495047343 0.07095903160825534 -0.04436108487289703 0.42252522004732507 0.6315429311694141 0.2351300307654518 -0.24376878628822363 -0.2101337523145541 -0.3206488639423255 -0.5921316381583721 -0.4527864974103126 0.09658572415962263 0.06855652918156485 -0.3310597077913182 -0.4047364488764993 -0.5625007748958539 -0.7530993007466478 -0.7979460127115405 -0.7907385054314684 -0.6818250620881576 -0.7883360030047777 -0.6730158865236251 -0.1732953817719638 0.8469673154293451 0.7340497013748828 0.45856275644768507 0.11980991428429899 -0.33426304436023946 -0.7378834520442734 -0.998154548269097
-0.43116397557009645 -0.3871180977474342 -0.30623384938218123 -0.39993144402311787 -0.5592974383269329 -0.4103422878721106 0.01810397822106058 0.1406316019822853 0.33523429854423004 0.22071501620530753 -0.03955608001951605 -0.04596275315735765 0.32962845954861875 -0.14526618679390557 0.1430341044089758 0.6307420970271838 0.6187295848937304 0.11980991428429899 -0.4968323752329753 -0.42555813657448516 -0.47280735096606863 -0.5464840920512493 -0.42715980485894534 0.12141158256875961 0.1438349385512061 -0.36229223933829724 -0.16448620620743126 -0.3246530346534766 -0.6529950329678693 -0.7426884568976548 -0.658600871963481 -0.5753141211715374 -0.5993391454384442 -0.4343673121390177 0.04933650976803916 0.4641685954432968 0.16866079696034308 0.267964230596891 0.33763680097092097 -0.13485534294491286 -0.7651118128801011 -1.0718312893542778
-0.8019501834226916 -0.37030058076059946 -0.2677938105551303 -0.4447781559880104 -0.6225633355631208 -0.7370826179020433 -0.46159567297484516 -0.23095544001253998 0.01810397822106058 -0.09000863098002032 -0.1476686892205965 -0.052369426295199695 0.28077757687257465 0.07656487060386707 0.5194261512571821 0.8085272766022942 0.7404563745127248 0.07095903160825534 -0.4952307069485147 -0.5801191260249188 -0.5689074480336955 -0.5400774189134074 -0.3422713857825417 -0.010726050899227513 -0.32945803950685804 -0.45759150226369405 -0.11883866010030841 -0.22294709859023776 -0.5729116187448469 -0.7042484180706039 -0.5280649067799541 -0.4688031802549175 -0.24136628386153314 -0.10202114311347366 0.04373067077242787 0.19749082608063118 -0.005921046045846534 0.11260240700422708 0.15985162139581055 -0.15968120135404984 -0.8043526858493824 -1.1735372254175167
-1.0381962553806083 -0.39512643916973644 -0.4007322781653482 -0.6457875256877974 -0.9004527829170095 -1.0357937529539176 -1.036594587096148 -0.9749303581444204 -0.4439773218457801 0.014099807509909468 0.09658572415962263 0.13902993369782468 0.6235345897471118 0.6315429311694141 0.712427179534667 0.762078896352941 0.5282353268217146 -0.10282197725570397 -0.2661921422706701 -0.49122653623736356 -0.5568949359002422 -0.49122653623736356 -0.21814209373685634 0.02771398792782298 -0.471205682681608 -0.34387305406700186 -0.24617128871491412 -0.33666554678692995 -0.46159567297484516 -0.4888240338106731 -0.6497916963989485 -0.36869891247613884 -0.1148344893891573 -0.056373597006350806 0.04613317319911836 0.30240009871279083 0.014900641652139335 -0.4423756535613199 -0.39432560502750613 -0.46159567297484516 -0.7258709399108201 -1.1719355571330563
-0.8395893881075123 -0.4968323752329753 -0.7122567594929061 -1.11427549889248 -1.3385090587169433 -1.2223881080935606 -1.0253829091049247 -1.329699883152411 -0.8227718711206775 0.037323997634585826 0.6155262483248096 0.7156305161035879 1.0599891972625852 0.5979078971957446 0.12461491913768041 0.18387664566271722 0.348848478962144 0.21350750892523562 0.41772021519394364 0.04933650976803916 -0.5016373800863567 -0.7162609302040572 -0.48642153138398214 0.004489797803146622 0.4625669271588362 0.11660657771537819 -0.13485534294491286 -0.13005033809153144 -0.017132724037069558 -0.11723699181584779 -0.8540044026676563 -0.46159567297484516 -0.19491790361217998 -0.07639445056210636 0.3160142791307048 0.9086315443810724 0.05654401704811152 -0.9372911534595998 -0.8732244220811818 -0.6049449844340558 -0.5705091163181562 -0.8291785442585193
