static/data/seaWind_uo/2023/7/10/18.asc
ncols 137
nrows 93
xllcorner 108.0
yllcorner 17.0
cellsize 0.25
NODATA_value -32767
[rows 38 to 56 of 93, columns 0 to 41 of 137]
-1.5827634720971626 -1.5347134235633488 -1.1126738306080195 -1.3112806978811156 -1.0341920846694572 -0.6754183889503158 -0.5056415507975078 -0.958913675299816 -0.4495831608413918 -0.029946070312753204 0.36646683009120906 0.7788964133397758 1.2025376745795655 0.3312301278330789 -0.09721613826009223 0.058145685332571695 0.4305335614696273 0.3560559862422159 0.36967016666012986 0.4145168786250224 0.48258778071459174 0.6531654530096302 0.6011112337646654 0.39850019578041795 0.07175986575048565 -0.3510805613470742 -0.602542482007365 -0.9997562165535576 -1.2944631808942808 -1.348119068423706 -0.9461003290241323 -1.2472139665026976 -0.6578000378212507 0.5002061318436568 1.6894448330555432 1.4123562198438848 0.892614861536468 0.33523429854423004 -0.09321196754894112 -0.16688870863412175 -0.20452791331894238 -0.34147055164031137
-1.570750959963709 -1.5683484575370183 -1.6508343741867317 -1.6508343741867317 -1.3769490975439942 -0.42956230728563627 -0.4167489610099526 -1.0534121040829827 -0.7026467497861435 -0.09721613826009223 0.33683596682869066 0.872594007980712 1.299438605789423 0.8862081883986259 0.49059612213689396 0.48659195142574285 0.5074136391237287 0.39209352264257635 0.3496493131043743 0.4065085372027202 0.5754845412132981 0.692406325978911 0.6331445994538742 0.4081102054871808 0.01810397822106058 -0.30062801038656994 -0.48001485824614054 -0.6537958671100996 -1.040598757807299 -1.408181629090973 -1.132694684163775 -0.7787259932980151 -0.10442364554016415 0.497002795274736 0.7764939109130848 0.5530611852308516 0.19668999193840087 -0.14846952336282682 -0.5336707457755656 -0.4439773218457801 -0.3454747223514625 -0.47921402410391023
-1.8278187196196118 -1.7389261298320566 -1.4105841315176637 -1.71570193970738 -1.4402149947801821 -1.4882650433139957 -1.4298041509311892 -1.2368031226537046 -0.998154548269097 0.06855652918156485 0.9734991099017205 1.4940413023513677 1.569319711721009 1.2890277619404298 1.034362504711218 0.6739871407076161 0.5386461706707077 0.4073093713449505 0.3272259571219278 0.40490686891826 0.5987087313379749 0.7212363550991991 0.6932071601211414 0.4121143761983319 -0.04115774830397623 -0.36149140519606693 -0.5777166235982281 -0.8524027343831959 -1.0053620555491691 -1.0413995919495294 -1.0582171089363641 -0.686630066941539 -0.33266137607577884 0.12141158256875961 0.07576403646163676 -0.05717443114858067 -0.25177712771052585 -0.18530789390541713 -0.37270308318728995 -0.4103422878721106 -0.5681066138914654 -0.8051535199916124
-1.567547623394788 -1.386559107250757 -1.238404790938165 -1.4794558677494631 -1.3673390878372316 -1.408181629090973 -1.4346091557845706 -1.2752431614807556 -1.1631263815685238 -0.3598897369116063 0.8381581398648126 1.7238807011714434 1.74790572543835 1.4275720685462594 1.2121476842863284 0.8461664812871148 0.5178244829727219 0.3608609910955973 0.28077757687257465 0.3496493131043743 0.5178244829727219 0.6443562774450977 0.6307420970271838 0.23032502591207038 -0.18851123047433793 -0.4079397854454201 -0.42075313172110373 -0.6169574965675093 -0.9949512117001762 -0.7731201543024033 -0.7378834520442734 -0.5288657409221844 -0.1837062256209565 0.014099807509909468 -0.18690956218987775 -0.2862129958264257 -0.3246530346534766 -0.31103885423556266 -0.446379824272471 -0.3262547029379368 -0.3190471956578649 -0.3350638785024693
-1.4169908046555055 -1.2360022885114743 -1.1719355571330563 -1.344114897712555 -1.2360022885114743 -1.3184882051611877 -1.344114897712555 -1.4634391849048587 -1.3345048880057921 -0.800348515138231 0.7660830670640921 1.654208130797413 1.869632515057344 1.5653155410098578 1.222558528135321 0.872594007980712 0.5434511755240892 0.2943917572904886 0.18707998223163802 0.2279225234853799 0.19749082608063118 0.3248234546952373 0.36326349352228826 0.011697305083218534 -0.41835062929441325 -0.4896248679529034 -0.502438214228587 -0.22615043515915856 -0.4952307069485147 -0.5192557312154216 -0.8692202513700307 -0.658600871963481 0.06054818775926263 0.3568568203844462 0.13822909955559437 -0.13005033809153144 -0.16849037691858237 -0.669011715812474 -0.9637186801531974 -0.7763234908713244 -0.507243219081968 -0.5232599019265727
-1.0093662262603202 -1.4986758871629886 -1.4354099899268007 -1.421795809508887 -1.3601315805571594 -1.4482233362024843 -1.2504173030716184 -1.3769490975439942 -1.011768728687011 -0.7378834520442734 0.8309506325847402 1.5204688290449657 1.7695282472785663 1.6429964528061904 1.0816117191028014 0.7412572086549551 0.5018078001281174 0.25114671361005625 0.10779740215084566 0.07576403646163676 0.02050648064775107 -0.1404611819405246 -0.10202114311347366 -0.12764783566484095 -0.5016373800863567 -0.5953349747272931 -0.909261958481542 -0.5937333064428327 -0.11723699181584779 -0.07479278227764574 -0.45839233640592436 -0.3350638785024693 0.4193218834784038 0.8445648130026542 0.571480370502147 0.27437090373473305 -0.06998777742426432 -0.6081483210029768 -1.2047697569644955 -0.9228761388994557 -0.669011715812474 -0.8828344317879444
-0.6610033743901718 -1.1511138694350704 -1.598780154941767 -1.4354099899268007 -1.4706466921849308 -1.7028885934316964 -1.5042817261586003 -0.8475977295298145 -0.31824636151563457 0.0052906319453769335 0.7973155986110707 1.4884354633557568 1.533282175320649 1.451597092813166 0.8517723202827261 0.5971070630535142 0.3576576545266765 0.21831251377861705 0.07256069989271596 0.011697305083218534 -0.24777295699937474 -0.4087406195876504 -0.3935247708852758 -0.20452791331894238 -0.4375706487079385 -0.8051535199916124 -1.1190805037458613 -1.0518104357985223 -0.1989220743233311 0.3744751715135113 0.5858953850622912 0.7100246771079761 0.730846364805962 1.00713414387539 0.7180330185302783 0.4673719320122176 0.12141158256875961 -0.3246530346534766 -0.9949512117001762 -0.6537958671100996 -0.14846952336282682 -0.36229223933829724
-0.7010450815016831 -0.683426730372618 -1.2143797666712584 -1.1911555765465818 -1.276844829765216 -1.4946717164518375 -1.252819805498309 -0.5857249650205303 0.02531148550113249 0.9222457247989864 1.5228713314716562 1.4892362974979867 1.4604062683776986 0.9799057830395626 0.5194261512571821 0.39449602506926684 0.36967016666012986 0.25435005017897705 0.06455235847041374 -0.017132724037069558 -0.27980632268858363 -0.4696040143971474 -0.5048407166552775 -0.30703468352441154 -0.17249454762973349 -0.35908890276937644 -0.591330804016142 -0.711455925350676 0.04933650976803916 1.1184500896453917 1.1953301672994936 0.9446690807814324 0.8757973445496332 0.7140288478191272 0.7084230088235159 0.5298369951061752 0.19188498708501944 -0.3318605419335485 -1.0446029285184502 -0.8307802125429797 0.13662743127113375 0.16305495796473135
-0.5312682433488749 -0.3871180977474342 -0.6489908622567182 -1.0077645579758598 -1.0413995919495294 -0.8067551882760728 -0.54888659447794 -0.22374793273246807 0.6523646188673999 1.5500996923074841 1.462808770804389 1.0663958704004268 0.6347462677383349 0.380081010509123 0.3808818446513529 0.5138203122615708 0.48739278556797316 0.36326349352228826 0.1798724749515661 -0.06838610913980414 -0.34387305406700186 -0.48481986309952196 -0.5280649067799541 -0.4928282045218242 -0.39752894159642693 -0.2645904739862095 -0.40633811716095947 -0.42956230728563627 0.9550799246304256 1.2417785475488468 1.0391675095645994 0.7212363550991991 0.5474553462352403 0.45856275644768507 0.6219329214626512 0.5762853753555284 0.25194754775228656 -0.3022296786710301 -1.2584256444939208 -1.1166780013191706 -0.2934205031064976 -0.16128286963851046
-0.5584966041847026 -0.16608787449189188 -0.08119945541548779 -0.3526822296315344 -0.746692627608806 -0.4103422878721106 0.1438349385512061 0.6379496043072557 0.9526774222037346 1.32426446419856 1.0015283048797787 0.45295691745207334 -0.010726050899227513 -0.18210455733649633 0.39209352264257635 0.6659787992853139 0.762078896352941 0.7412572086549551 0.5498578486619308 -0.04836525558404858 -0.3222505322267857 -0.4487823266991615 -0.5408782530556377 -0.6361775159810346 -0.27980632268858363 0.5042103025548079 0.6363479360227955 0.18788081637386833 0.31040844013509306 0.6067170727602771 0.5979078971957446 0.4345377321807784 0.2967942597171791 0.3344334644019997 0.508214473265959 0.4897952879946641 0.25114671361005625 -0.13325367466045224 -0.5368740823444866 -0.5216582336421123 -0.4199522975788734 -0.7090534229239853
-0.711455925350676 -0.683426730372618 -0.54888659447794 -0.009925216756997646 -0.28461132754196505 0.04933650976803916 0.5810903802089098 1.0119391487287714 0.9334574027902094 0.8773990128340934 0.8549756568516473 0.3448443082509929 -0.42876147314340596 -0.9428969924552115 0.0325189927812044 0.6515637847251696 1.0671967045426571 1.0920225629517941 0.7941122620421499 0.1798724749515661 -0.10602531382462477 -0.13005033809153144 -0.10041947482901303 -0.30463218109772106 -0.13085117223376175 0.4745794392922895 0.5042103025548079 0.0813698754572485 0.18868165051609864 0.3304292936908486 0.39769936163818764 0.3768776739402018 0.292790089006028 0.16225412382250104 0.058145685332571695 0.12781825570660166 0.011697305083218534 -0.3190471956578649 -0.3759064197562112 -0.2958230055331885 -0.1989220743233311 -0.4623965071170755
-0.5400774189134074 -1.0486070992296013 -0.6698125499547043 -0.14927035750505713 -0.029145236170522892 0.07656487060386707 0.4057077030604903 0.8013197693222218 0.9230465589412162 0.744460545223876 0.4305335614696273 -0.0019168753346954226 -0.08280112369994796 -0.39592727331196675 0.09658572415962263 0.5971070630535142 0.8757973445496332 0.9246482272256769 0.7676847353485523 0.3015992645705605 -0.020336060605990358 0.12461491913768041 0.24794337704113545 0.04212900248796725 -0.2693954788395909 0.14543660683566628 0.21430834306746593 0.07896737303055756 0.16225412382250104 0.18467747980494753 0.05334068047919027 0.20790166992962433 0.24714254289890514 0.10699656800861579 -0.10842781625131526 -0.24777295699937474 -0.4664006778282266 -0.591330804016142 -0.4920273703795939 -0.45358733155254294 -0.415147292725492 -0.3190471956578649
-0.056373597006350806 -0.1508720257895173 -0.08680529441109908 -0.14606702093613588 0.02050648064775107 -0.03555190930836494 0.25114671361005625 0.6171279166092698 0.7084230088235159 0.4481519125986919 0.10939907043530628 0.019705646505520757 0.47217693686559903 0.38889018607365555 0.5274344926794847 0.5858953850622912 0.8221414570202077 0.8285481301580497 0.6347462677383349 0.2943917572904886 0.26956589888135163 0.3528526496732951 0.27837507444588416 0.019705646505520757 -0.31344135666225315 0.10939907043530628 0.09017905102178103 0.001286461234225822 0.04212900248796725 -0.03875524587728574 -0.15888036721181953 -0.12284283081145952 0.02531148550113249 0.019705646505520757 0.12701742156437135 -0.1540753623584381 -0.6449866915455671 -0.6041441502918257 -0.3462755564936928 -0.6850283986570784 -0.7458917934665756 -0.8796310952190236
0.292790089006028 0.5482561803774706 0.4417452394608503 0.36806849837566924 0.10699656800861579 0.05013734391026947 0.36166182523782764 0.5594678583686936 0.6507629505829393 0.6299412628849534 0.312810942561784 0.3672676642334394 0.7260413599525806 0.6427546091606371 0.6443562774450977 0.7180330185302783 0.8918140273942377 0.8261456277313592 0.4361394004652386 0.3496493131043743 0.348848478962144 0.20069416264955198 0.10859823629307597 0.2022958309340126 0.13902993369782468 0.1766691383826453 -0.06918694328203445 -0.15807953306958922 -0.18851123047433793 -0.25177712771052585 -0.3422713857825417 -0.48321819481506134 -0.22134543030577714 0.3720726690868208 0.48579111728351254 0.15184327997350833 -0.27820465440412345 -0.055572762864120495 0.10139072901300406 -0.22935377172807936 -0.8451952271031238 -1.0470054309451409
0.47858361000344063 0.8045231058911431 0.6707838041386949 0.5234303219683336 0.2615575574590494 0.19348665536948007 0.47858361000344063 0.6419537750184068 0.8773990128340934 0.8565773251361075 0.7300455306637317 0.7500663842194877 0.7909089254732291 0.38408518122027413 0.42813105904293636 1.00713414387539 1.1817159868815796 0.7188338526725087 0.1726649676714942 0.21510917720969625 0.44655024431423174 0.2967942597171791 0.21671084549415642 0.3784793422246624 0.45856275644768507 0.07576403646163676 -0.1805028890520357 -0.1772995524831149 -0.20773124988786362 -0.34387305406700186 -0.5000357118018961 -0.5681066138914654 0.04933650976803916 0.6435554433028674 0.44975358088315254 0.10459406558192486 0.18788081637386833 0.47297777100782934 0.508214473265959 0.11820824599983881 -0.4984340435174359 -0.8604110758054981
0.3224209522685464 0.5018078001281174 0.5266336585372544 0.4081102054871808 0.32562428883746763 0.2583542208901286 0.3712718349445905 0.8349548032958913 1.1560892943302123 1.0047316414486995 0.8862081883986259 0.6835971504143785 0.7100246771079761 0.15584745068465944 0.5730820387866076 1.18251682102381 1.2121476842863284 0.6643771310008533 -0.007522714330306712 0.014099807509909468 0.31361177670401386 0.4561602540209946 0.384886015362504 0.27437090373473305 0.2895867524371072 0.07015819746602503 -0.017132724037069558 0.001286461234225822 -0.11002948453577588 -0.28861549825311617 -0.4527864974103126 -0.2021254108922519 0.4449485760297711 0.3496493131043743 0.09498405587516201 0.002087295376455689 0.39609769335372746 0.497002795274736 0.2343291966232215 -0.1244444990959197 -0.42876147314340596 -0.7010450815016831
-0.3526822296315344 0.1470382751201269 0.3568568203844462 0.4921977904213546 0.4449485760297711 0.1142040752886877 0.10299239729746423 0.8469673154293451 1.309849449638416 0.9775032806128721 0.48739278556797316 0.34404347410876257 0.5442520096663195 0.5538620193730819 1.1096409140808592 1.4491945903864751 1.4219662295506477 0.6827963162721487 0.05974735361703232 -0.05957693357527161 0.2383333673343726 0.42332605418955493 0.15744911896912006 -0.2934205031064976 0.3280267912641581 0.47858361000344063 0.36326349352228826 0.09418322173293214 -0.08119945541548779 -0.20773124988786362 -0.15327452821620824 0.19749082608063118 0.34724681067768337 0.15664828482688975 0.02531148550113249 0.15664828482688975 0.44975358088315254 0.1502416116890477 -0.005921046045846534 -0.04756442144181827 -0.3278563712223974 -0.6642067109590926
-0.8123610272716846 0.04693400734134867 0.36486516180674844 0.44094440531862 0.25194754775228656 -0.07719528470433668 -0.19091373290102887 0.19668999193840087 0.8685898372695608 1.0832133873872616 0.7316471989481923 0.48098611243013156 1.0712008752538082 1.2914302643671207 1.3875303614347478 1.4315762392574105 1.1889234941616516 0.4881936197102035 0.27036673302358194 0.29999759628610034 0.27757424030365385 -0.06678444085534352 -0.3719022490450601 -0.18851123047433793 1.200135172152875 1.0351633388534482 0.5658745315065352 0.22311751863199847 0.014900641652139335 -0.09641530411786192 0.03812483177681614 0.3576576545266765 0.18547831394717784 -0.07239027985095525 -0.07399194813541543 0.30320093285502114 0.3816826787935832 -0.21173542059901473 -0.30623384938218123 -0.19331623532771935 -0.22054459616354727 -0.5761149553137677
-0.7426884568976548 -0.09241113340671081 -0.026742733743832403 -0.30623384938218123 -0.6073474868607465 -0.6249658379898115 -0.25097629356829554 -0.16608787449189188 0.3608609910955973 1.00713414387539 1.314654454491797 1.222558528135321 1.397941205283741 0.9702957733327997 0.5898995557734423 0.7837014181931572 1.0127399828710018 0.7893072571887685 0.8509714861404962 0.8045231058911431 0.14143243612451517 -0.5873266333049909 -0.8604110758054981 -0.24857379114160505 1.5388880143162607 1.4395845806797127 0.8798015152607843 0.4737786051500592 0.24714254289890514 0.054942348763650894 -0.061979436001962096 -0.051568592152969384 -0.13725784537160335 -0.2085320840300935 -0.03795441173505543 0.35925932281113715 0.32962845954861875 -0.5016373800863567 -0.6177583307097394 -0.28861549825311617 -0.10122030897124334 -0.3214496980845558
