static/data/seaWind_uo/2023/7/10/6.asc
ncols 137
nrows 93
xllcorner 108.0
yllcorner 17.0
cellsize 0.25
NODATA_value -32767
[rows 57 to 75 of 93, columns 43 to 85 of 137]
-0.5512890969046307 -1.545925101554572 -1.0494079333718316 -0.055572762864120495 0.3312301278330789 1.2698077425269045 1.39553870285705 2.0922644065973475 2.5639557163709505 2.337319654119797 1.1320642700633057 -1.7733619979479562 -3.4423003503557483 -2.521341086790988 -1.5210992431454349 -0.711455925350676 -0.025941899601602092 0.06935736332379472 -0.08680529441109908 -0.14206285022498477 -0.10522447968239446 0.034120661065665026 0.42492772247401556 0.892614861536468 1.2177535232819396 1.1841184893082701 0.842963144718194 0.10859823629307597 -0.7338792813331223 -1.6123943353596808 -1.859852085308821 -1.9199146459760879 -1.7124986031384593 -1.5499292722657232 -1.3473182342814758 -1.146308864581689 -0.8027510175649217 -1.04380209437622 -1.3208907075878784 -1.3529240732770875 -1.0205779042515435 -0.630571676985423 -0.3775080880406714
-0.056373597006350806 -1.2496164689293883 -0.8876394366413258 0.10939907043530628 0.7036180039701345 1.3795220200124456 1.7591174034295727 2.4238097414806608 2.9291360852279342 3.23185139099096 2.508698160557065 -1.379351599970685 -4.465766384125978 -3.346200253288121 -1.7821711735124888 -0.8291785442585193 -0.2838104933997352 -0.26699297641290043 -0.5056415507975078 -0.6065466527185164 -0.48722236552621245 0.002087295376455689 0.5394470048129381 1.1360684407744568 1.2153510208552492 0.953478256345965 0.2343291966232215 -0.5785174577404584 -1.5387175942745 -2.24585414186379 -2.0496497770173847 -1.6051868280796087 -1.3905632779619082 -1.238404790938165 -1.0670262845008966 -0.6898334035104599 -0.669011715812474 -1.050208767514062 -1.263230649347302 -1.1903547424043515 -0.9276811437528372 -0.6714142182391647 -0.5625007748958539
0.06054818775926263 -1.026183743247155 -0.6746175548080855 0.42252522004732507 1.0792092166761105 1.5757263848588514 2.1379119527044703 2.7969984517599467 3.8124561441078737 4.274537444174715 3.7772194418497436 0.026913153785593114 -3.5840479935304987 -3.769040680385681 -2.143347371658321 -1.0325904163849968 -0.6097499892874372 -0.6738167206658554 -0.8451952271031238 -0.9108636267660024 -0.5544924334735515 -0.029145236170522892 0.7276430282370412 1.406750380848273 1.1857201575927308 0.2279225234853799 -0.471205682681608 -1.199163917968884 -2.0488489428751544 -2.407622638594296 -1.898292124135872 -1.4586341800514773 -1.2223881080935606 -1.083042967345501 -0.8628135782321888 -0.439973151134629 -0.5536915993313214 -1.0726321234965082 -1.262429815205072 -1.0950554794789544 -0.9004527829170095 -0.8475977295298145 -0.920473636472765
0.737253037943804 -0.22454876687469838 -0.09561446997563161 0.9702957733327997 1.4796262877912238 1.8215824665235307 2.448635599889798 3.370395697596789 4.346612516975435 3.770011934569672 2.679275832852103 0.5746837070710678 -1.5323109211366583 -2.0840856451332845 -1.9783755383588943 -0.9156686316193838 -0.8932452756369373 -1.0045612214069388 -1.111072162323559 -0.9813370312822622 -0.6185591648519697 0.11660657771537819 0.8934156956786983 1.5100579851959721 0.8013197693222218 -0.20452791331894238 -0.9773328605711111 -1.6932785837249338 -2.1129156742535726 -2.3075183708155174 -1.8422337341797559 -1.4674433556160098 -1.2255914446624814 -1.0141712311137017 -0.7803276615824755 -0.4127447902988015 -0.658600871963481 -1.1126738306080195 -1.1543172060039912 -0.9893453727045647 -1.04380209437622 -1.1230846744570124 -1.2840523370452879
1.2658035718157534 1.2377743768376956 1.366708673736762 1.4780246195067637 1.8912550368975602 1.9737409535472739 2.876281031840739 3.707546871475714 3.365590692743407 2.786587607910954 1.0872175580984127 0.030917324496744225 -0.6578000378212507 -1.0293870798160758 -0.9236769730416861 -0.9324861486062186 -1.0005570506957877 -1.1911555765465818 -1.288056507756439 -1.0854454697721918 -0.471205682681608 0.2647608940279702 0.9334574027902094 1.330671137336402 0.32562428883746763 -0.7434892910398849 -1.517895906576514 -1.7357227932631356 -2.100102327977889 -2.1641690593563068 -1.8414329000375256 -1.4834600384606145 -1.2071722593911862 -0.9957520458424063 -0.8043526858493824 -0.5328699116333355 -0.8363860515385912 -1.0317895822427665 -1.0718312893542778 -1.1350971865904658 -1.2303964495158628 -1.4770533653227726 -1.7076935982850778
2.0081768216631732 2.162737811113607 2.0914635724551167 2.1555303038335354 2.152326967264614 2.165941147682528 3.2550755811156358 2.7121100326835426 2.2860662690170623 1.9585251048448993 0.29999759628610034 -0.8091576907027636 -0.7595059738844896 -1.07903879663435 -0.7138584277773667 -0.7627093104534104 -1.0317895822427665 -1.2143797666712584 -1.3737457609750734 -0.8964486122058584 -0.28461132754196505 0.41691938105171333 1.0792092166761105 0.9526774222037346 -0.42555813657448516 -1.3921649462463686 -1.5547342771191044 -1.7421294664009777 -1.9775747042166643 -2.0040022309102614 -1.7269136176986033 -1.4626383507626284 -1.1823464009820492 -1.0982588160478755 -0.9140669633349232 -0.7963443444270799 -1.093453811194494 -1.2079730935334165 -1.238404790938165 -1.3128823661655762 -1.552331774692414 -1.8542462463132092 -2.097699825551198
2.8658701879917463 2.7569567446484355 2.6440391305939737 2.479868131436777 2.4430297608941864 2.6728691597142613 3.4889191506468626 2.3036846201461274 1.426771234404029 1.1737076454592774 0.6107212434714282 -1.4169908046555055 -1.7205069445607615 -1.301670688174353 -0.9028552853437002 -0.8091576907027636 -1.1126738306080195 -1.1278896793103939 -1.379351599970685 -0.8363860515385912 -0.1404611819405246 0.5706795363599166 0.9702957733327997 0.5298369951061752 -0.9629178460109671 -1.5827634720971626 -1.690876081298243 -1.6268093499198248 -1.8102003684905468 -1.7693578272368051 -1.5355142577055791 -1.3232932100145691 -1.2672348200584531 -1.2207864398091 -1.2864548394719786 -1.2271931129469418 -1.408181629090973 -1.3168865368767273 -1.3913641121041382 -1.6332160230576669 -1.8870804461446484 -2.2010074298988975 -2.472490204114944
3.4488774435353506 3.3023247955072192 2.8066084614667095 2.5022914874192232 2.7289275496703778 3.322345649062975 3.6514884815195985 2.1987753475139677 1.380322854154676 0.9454699149236627 0.14543660683566628 -1.5835643062393927 -1.1767405619864375 -1.2263922788047117 -1.199163917968884 -1.0101670604025506 -0.9949512117001762 -1.0782379624921197 -1.248815634787158 -0.7194642667729783 -0.008323548472537023 0.5802895460666795 0.8549756568516473 0.001286461234225822 -1.2720398249118345 -1.7845736759391797 -1.8366278951841442 -1.7389261298320566 -1.6468302034755806 -1.5499292722657232 -1.3777499316862245 -1.2984673516054321 -1.3216915417301085 -1.5202984090032048 -1.7108969348539986 -1.673257730169178 -1.6139960036441412 -1.5571367795457953 -1.7429303005432077 -2.0216205820393265 -2.255464151570553 -2.587810320596097 -2.8272597291229347
3.9117595777444216 3.7948377929788086 2.9731819630505965 2.305286288430587 2.6552508085851962 3.625861788968231 2.8890943781164222 1.8031632812522358 1.3026419423583437 0.5594678583686936 -0.9781336947133414 -1.4666425214737797 -0.4447781559880104 -1.0606196113630548 -1.1687322205641353 -0.8363860515385912 -0.8235727052629076 -1.0902504746255732 -0.8203693686939868 -0.44718065841470134 0.07336153403494627 0.4689736002966778 0.36326349352228826 -0.6065466527185164 -1.4810575360339238 -1.8069970319216258 -1.8942879534247206 -1.8310220561885329 -1.6436268669066596 -1.4730491946116213 -1.1767405619864375 -1.18554973755097 -1.4522275069136354 -1.8310220561885329 -2.096098157266738 -2.0176164113281754 -1.8814746071490371 -1.9375329971051527 -2.156961552076235 -2.4212368190122096 -2.656682056827896 -2.964202367444303 -3.133178371454881
4.43710677504745 4.039092206359028 3.0316428554334034 2.328510478555264 2.825828480880235 3.837282002517011 2.6400349598828226 1.9873551339651878 1.4507962586709358 0.35845848866890684 -1.4442191654913332 -1.702087759289466 -0.7699168177334825 -0.669011715812474 -0.6746175548080855 -0.6497916963989485 -0.8403902222497424 -0.7923401737159288 -0.507243219081968 -0.25257796185275616 0.0877765485950901 0.2583542208901286 -0.2950221713909582 -1.1503130352928401 -1.6468302034755806 -1.7837728417969494 -1.8646570901622024 -1.8646570901622024 -1.7237102811296823 -1.5483276039812628 -1.1094704940390985 -1.1879522399776608 -1.634817691342127 -2.10410649868904 -2.35316591692264 -2.263472492992855 -2.1777832397742207 -2.3291408926557335 -2.5693911353248016 -2.840873909540848 -3.097140835054521 -3.3125652193144517 -3.4599187014848134
4.180039015391548 3.787630285698737 3.1789963376037647 2.6856825059899454 2.940347763219157 4.047901381923561 2.714512535110233 2.3901747075069912 1.6830381599177016 0.20069416264955198 -1.400974121810901 -0.7034475839283738 -0.895647778063628 -0.5625007748958539 -0.48642153138398214 -0.5504882627624004 -0.6433850232611067 -0.5152515605042705 -0.3206488639423255 -0.10442364554016415 0.05093817805249978 -0.3807114246095922 -1.1246863427414728 -1.6019834915106879 -1.5971784866573064 -1.6548385448978828 -1.7237102811296823 -1.7773661686591076 -1.8053953636371656 -1.6676518911735665 -1.2656331517739927 -1.4233974777933474 -1.8630554218777418 -2.2947050245398337 -2.4981168966663114 -2.4580751895548003 -2.518137750222067 -2.691117924943796 -2.9481856845996988 -3.2156642881045943 -3.4703295453338066 -3.6489155590511473 -3.775447353523523
3.65709432051521 3.500931662780316 3.033244523717863 2.8890943781164222 2.9371444266502365 4.487559326007954 2.66566165243419 2.368552185666775 1.3723145127323737 -0.19011289875879855 -1.3393098928591736 -0.07239027985095525 -0.6610033743901718 -0.3638939076227574 -0.2894163323953465 -0.38471559532074373 -0.4447781559880104 -0.3550847320582253 -0.10842781625131526 -0.0011160411924651115 -0.446379824272471 -0.983739533708953 -1.6988844227205453 -2.0352347624572404 -1.7621503199567332 -1.4818583701761538 -1.5499292722657232 -1.7181044421340708 -1.7885778466503308 -1.803793695352705 -1.5995809890839974 -1.7701586613790354 -2.118521513249184 -2.514133579510916 -2.652677886116745 -2.675902076241422 -2.8168488852739415 -3.0354766061027934 -3.2933451999009264 -3.5720354813970454 -3.8347090800485595 -3.9756558890810796 -4.066150147153095
3.455284116673193 3.433661594832977 3.527359189473913 3.293515619942687 3.0820954063939072 4.523596862408315 2.6984958522656286 2.6672633207186496 1.2962352692205021 -0.9268803096106069 -2.072873967142061 -0.27099714712405154 -0.5264632384954937 -0.12844866980707081 -0.14206285022498477 -0.26699297641290043 -0.30943718595110203 -0.22615043515915856 -0.02113689474822067 -0.11563532353138761 -0.6666092133857833 -1.4530283410558658 -2.1241273522447957 -2.2907008538286826 -1.7517394761077403 -1.4730491946116213 -1.4706466921849308 -1.6123943353596808 -1.7813703393702587 -1.8726654315845046 -1.8246153830506908 -2.1025048304045795 -2.42283848729667 -2.673499573814731 -2.840873909540848 -2.95299068945308 -3.1275725324592694 -3.3373910777235887 -3.5864504959571892 -3.9115891577026614 -4.15344106865619 -4.283176199697486 -4.360857111493818
3.749190246871686 3.780422778418665 3.6907293544888797 3.388814882868084 3.0140245043043383 3.9798304798339914 2.6664624865764197 3.5025333310647766 2.288468771443753 0.2063000016451637 -1.3561274098460083 0.07656487060386707 -0.02193772889045098 0.42492772247401556 0.058145685332571695 -0.17249454762973349 -0.27420048369297234 -0.20452791331894238 -0.033149406881674004 -0.22935377172807936 -0.881232763503484 -1.7797686710857983 -2.416431814158828 -2.3892034533230007 -1.7797686710857983 -1.5467259356968022 -1.5467259356968022 -1.6500335400445016 -1.7917811832192516 -1.9351304946784622 -2.044043938021773 -2.3211325512334313 -2.6286528618498384 -2.896131465354734 -3.073115810787614 -3.2476976537938036 -3.4070636480976186 -3.606471349512945 -3.866742445737769 -4.199889448905543 -4.428127179441157 -4.559463978766915 -4.619526539434181
3.8364811683747804 3.6106459402658566 3.5249566870472226 3.5345666967539855 3.2470672396933336 3.26788892739132 2.8658701879917463 3.9710213042694584 3.9389879385802495 1.869632515057344 0.5858953850622912 1.328268634909711 0.8573781592783378 0.663576296858623 0.23673169904991243 -0.18610872804764744 -0.2862129958264257 -0.2926196689642673 -0.0916102992644805 -0.3422713857825417 -1.1014621526167963 -2.005603899194722 -2.5501711159112763 -2.454871852985879 -1.8870804461446484 -1.7036894275739267 -1.6924777495827035 -1.931126323967311 -2.072873967142061 -2.1513557130806236 -2.2698791661306967 -2.5157352477953765 -2.8272597291229347 -3.1187633568947373 -3.373428614123949 -3.55361629612575 -3.6753430857447444 -3.87074661644892 -4.138225219953815 -4.433733018436769 -4.661970748972383 -4.786900875160299 -4.8525692748231775
3.5890234184256404 3.351976512325493 3.2286480544220386 3.2462664055511037 3.2014196935862107 2.8882935439741924 2.499088150850302 2.921127743805632 3.3447690050454217 3.2887106150893053 2.6400349598828226 1.9905584705341082 1.2537910596823 0.8173364521668267 0.0653531926126436 -0.36869891247613884 -0.39432560502750613 -0.39752894159642693 -0.17489705005642397 -0.5584966041847026 -1.3080773613121948 -2.0696706305731403 -2.609432842436313 -2.587810320596097 -2.036836430741701 -1.8190095440550793 -2.0136122406170243 -2.2947050245398337 -2.464481862692642 -2.522141920933218 -2.59902199858732 -2.7639938318867467 -3.0819249863521465 -3.4310886723645253 -3.684152261309277 -3.833908245906329 -3.9500291965297123 -4.122208537109211 -4.3760729601961925 -4.658767412403463 -4.872590128378933 -4.996719420424618 -5.050375307954043
3.3199431466362843 3.1397554646344834 2.9603686167749133 2.795396783475486 2.7841851054842626 2.796197617617717 2.4742622924411655 2.2940746104393646 2.360543844244473 2.4374239218985747 2.1787544939582113 1.528477170467268 1.151284289476831 0.42252522004732507 -0.2878146641108863 -0.563301609038084 -0.5456832579090192 -0.5360732482022563 -0.3863172636052039 -0.7979460127115405 -1.2119772642445676 -1.8950887875669509 -2.4829010479639373 -2.627852027707608 -2.160965722787386 -2.009608069905873 -2.2931033562553735 -2.5725944718937224 -2.7231512906330053 -2.7391679734776098 -2.8024338707137977 -2.990629894137901 -3.3686236092705677 -3.7289989732741695 -3.9716517183699285 -4.111797693260218 -4.2054952879011545 -4.336031253084681 -4.586692339602742 -4.82454007984512 -5.03916362996282 -5.204135463262247 -5.28902388233865
3.0772904015405262 2.9459536022147685 2.7433425642305216 2.4438305950364163 2.1234969381443265 2.036206016641231 2.1058785870152614 2.117090265006484 1.9625292755560504 1.7014573451889965 1.402746210137122 1.0471758509869016 0.5250319902527938 -0.17489705005642397 -0.5608991066113933 -0.7066509204972946 -0.7386842861865037 -0.7386842861865037 -0.8347843832541308 -1.4097832973754336 -1.4834600384606145 -1.5795601355282416 -1.9599563530875992 -2.4196351507277494 -2.293904190397604 -2.2907008538286826 -2.472490204114944 -2.723952124775235 -2.828861397407395 -2.7760063440202 -2.8304630656918555 -3.303756043749919 -3.6529197297622984 -3.9844650646456117 -4.201491117190003 -4.319213736097847 -4.412911330738783 -4.488990574250654 -4.751664172902169 -5.014337771553683 -5.255388848364982 -5.432373193797861 -5.526871622581028
2.6936908474122476 2.5679598870821017 2.364548014955624 2.049019362916915 1.6518056283707225 1.3987420394259709 1.3442853177543155 1.3827253565813664 1.317056956918488 1.2089443477174076 0.9999266365953181 0.5626711949376144 -0.07799611884656654 -0.5721107846026166 -0.8355852173963612 -0.9749303581444204 -1.0518104357985223 -1.103864655043487 -1.5387175942745 -2.1697748983519185 -1.9511471775230667 -1.50348089201637 -1.6676518911735665 -2.345157575500338 -2.437253501856814 -2.436452667714584 -2.538959437920053 -2.8512847533898413 -2.9802190502889077 -2.856890592385453 -2.8865214556479715 -3.5392012815656058 -3.840314919044171 -4.181470263634248 -4.399297150320869 -4.497799749815187 -4.586692339602742 -4.641949895416628 -4.879797635659005 -5.152081244017282 -5.420360681664408 -5.619768383079735 -5.739893504414269
