static/data/seaWind_vo/2023/7/31/0.asc
ncols 137
nrows 93
xllcorner 108.0
yllcorner 17.0
cellsize 0.25
NODATA_value -32767
[rows 38 to 56 of 93, columns 43 to 85 of 137]
1.037597913539639 1.165710070385951 1.2591251847530538 1.2164211324709497 1.1025436597186722 1.0367082457837618 1.5189081694691868 1.8427472326084757 2.2101800157857463 2.665689906794856 3.009101660563443 3.1585658435508073 2.637220538606787 1.6550273361183936 0.6603787850477199 0.042059694713088014 -0.4801752779868096 -0.8111316831731159 -0.9908445698603039 -1.225716857411876 -1.4516924674046767 -1.7150341231443185 -1.9863827886868548 -2.2354897603324617 -2.4089749727285095 -2.38673327883158 -2.1936753758062344 -1.882291661249226 -1.5406592429923935 -1.4445751253576593 -1.4241127669724847 -1.4668168192545887 -1.5468869172835338 -1.4917275164191492 -1.385857053469766 -1.2239375219001216 -1.0735836711568805 -1.0611283225746 -1.2141511765854727 -1.400091737563801 -1.6047153214155494 -1.8386979412112443 -2.0539975381335194
0.8187396455938556 0.8507676848054337 0.7368902120531562 0.6336887523714048 0.6968551630386837 0.7004138340621924 1.0625086107041997 1.2351041553443702 1.3801199995523485 1.6167716226156752 1.8783339428435626 2.352526856726093 2.1674759635036422 1.5002251465957661 0.6995241663063152 0.042059694713088014 -0.5424520208982111 -0.8974294554932012 -1.1741161275710001 -1.4472441286252908 -1.6429710349182676 -1.951685746207645 -2.2141377341914095 -2.4240993245784215 -2.552211481424733 -2.5299697875278038 -2.255952118717637 -1.91254036494905 -1.6233983442889701 -1.4694858225222198 -1.4187747604372216 -1.47571349681336 -1.5032931972455525 -1.4321197767753788 -1.283545261543892 -1.1145083879272302 -0.961485533916357 -0.881415435887412 -0.8396010513611851 -0.8342630448259221 -0.998851579663198 -1.4472441286252908 -1.8209045860937016
0.3899197872610607 0.20219989077097855 0.16661318053589147 0.2039792262827329 0.550059983318951 0.7582422381942082 0.9682038285812198 0.9477414701960449 0.9966731967692892 0.995783529013412 1.1763860834564772 1.7030693949357605 1.7253110888326897 1.2164211324709497 0.5562876576100912 -0.09139046866848721 -0.6954748749090842 -1.0976047005655638 -1.3920847277609063 -1.6162810022419527 -1.8146769118025614 -2.1055982679743948 -2.336911884502459 -2.531749123039558 -2.6171572276037662 -2.552211481424733 -2.265738464032285 -1.9214370425078209 -1.6305156863359875 -1.4401267865782734 -1.4063194118549411 -1.4018710730755553 -1.3422633334317848 -1.2817659260321377 -1.263082903158717 -1.1714471243033686 -0.956147527381094 -0.5593557082598775 -0.3814221570844438 -0.26576534882041214 -0.4454782355075997 -0.8645117485257461 -1.1331914108006504
0.36234008682886865 0.0660807241217718 -0.00687203186015628 0.13547480908019072 0.4833349016281634 0.7288832022502618 0.783152935358769 0.8018359582321894 0.9922248579899033 1.1034333274745494 1.0473842588542879 1.123006018103847 1.127454356883233 0.7867116063822777 0.184406535653435 -0.3965465089343554 -0.9543681918693396 -1.3395943301641533 -1.5308728976777446 -1.7203721296795815 -1.9356717266018557 -2.1838890304915854 -2.412533643752018 -2.586018856148066 -2.6732062962240284 -2.5940258659509605 -2.301325174267372 -1.9543547494752764 -1.6625437255475655 -1.4810515033486231 -1.3965330665402922 -1.3796293791786263 -1.3413736656759077 -1.3146836329995928 -1.2817659260321377 -1.0949356972979323 -0.7835519827409234 -0.3912085023990928 -0.14477053402111695 -0.07715578457445238 -0.2728826908674291 -0.4597129196016345 -0.626970457706542
0.39614746155220093 0.14081281561545378 -0.07537644906269803 0.06697039187764897 0.016259329792650323 0.23956593651781954 0.4521965301724624 0.7155381859121042 0.9050374179139409 1.123006018103847 0.9682038285812198 0.7635802447294713 0.5242596183985131 0.18262720014168066 -0.23017863858532506 -0.7817726472291691 -1.2372825382382793 -1.4846101743721318 -1.6767784096415999 -1.7844282081027374 -1.9899414597103635 -2.241717434623602 -2.486376067489823 -2.661640615397625 -2.7328140358677984 -2.6634199509093794 -2.3831746078080713 -2.0709012254951857 -1.7790902015674743 -1.6233983442889701 -1.5166382135837098 -1.5335419009453761 -1.4970655229544123 -1.4712651580339742 -1.1394190850917907 -0.7924486602996952 -0.44992657428698557 -0.22928897082944788 0.0171489975485275 -0.17146056669743226 -0.40188451546961845 -0.4712786004280378 -0.15722588260339743
0.17550985809466324 0.24223493978545108 0.018928333060281854 0.03761135593370213 -0.06114176496866319 -0.1367635242182228 0.27693198226466054 0.5527289865865825 0.5358252992249164 0.7448972218560508 0.5491703155630738 0.1737305225829089 -0.06559010374804908 -0.34405611133760283 -0.7452962692382052 -1.1901301471767893 -1.3938640632726607 -1.633184689603619 -1.7052477778296695 -1.8102285730231755 -2.0095141503396605 -2.2799731481263197 -2.5299697875278038 -2.7185793517737635 -2.786194101220428 -2.7221380227972722 -2.497052080560349 -2.1901167047827257 -1.9952794662456266 -1.8449256155023845 -1.7657451852293167 -1.8004422277085266 -1.752400168891159 -1.3404839979200305 -0.9810582245456549 -0.33249043051119953 0.018038665304404677 0.20486889403860964 -0.20081960264137866 -0.42145720609891635 -0.7212752398295219 -0.5424520208982111 -0.1954815961061156
-0.030893061268839617 0.32497404108202765 0.7929392806734179 0.8107326357909612 0.5767500159952661 0.20219989077097855 0.5171422763514957 0.5153629408397415 0.4984592534780752 0.12568846376554177 -0.06381076823629472 -0.37697381830505794 -0.7399582627029422 -1.0193139380483731 -1.2826555937880149 -1.6260673475566016 -1.6963511002708977 -1.6865647549562488 -1.7604071786940536 -1.8191252505819473 -2.021969498921941 -2.2950974999762317 -2.5539908169364876 -2.7434900489383245 -2.830677489014287 -2.755055729764728 -2.5646668300070137 -2.371608926981668 -2.175882020688691 -2.1029292647067632 -2.057556209157028 -2.0433215250629932 -1.6901234259797575 -1.2764279194968746 -0.5602453760157546 0.19775155199159267 0.4984592534780752 0.19508254872396114 -0.21149561571190478 -0.8840844391550435 -1.1999164924914383 -0.8529460676993428 -0.2702136875997976
0.31785669903501024 0.8623333656318368 1.499335478839889 1.674600026747691 1.4530727555342764 0.9219411052756072 0.937065457125519 0.847209013781925 0.34988473824658817 -0.202598938153133 -0.4828442812544407 -0.7755449729380293 -1.2123718410737183 -1.6465297059417763 -1.9214370425078209 -2.106487935730272 -2.0539975381335194 -1.9935001307338722 -1.8991953486108923 -1.9276647167989611 -2.0442111928188704 -2.2950974999762317 -2.5700048365422767 -2.775518088149902 -2.869822870272882 -2.7924217755115683 -2.640288589256573 -2.4845967319780686 -2.4098646404843866 -2.371608926981668 -2.336911884502459 -2.1038189324626404 -1.6545367157446709 -0.9534785241134625 -0.12608751114769667 0.5002385889898295 0.4495275269048311 -0.011320370639541721 -0.8956501199814468 -1.7141444553884413 -1.9445684041606275 -1.3467116722111707 -0.7248339108530306
1.07496395928648 1.1425787087331447 1.3285192697114727 1.4103687032521721 1.3053879080586666 1.0980953209392863 1.1238956858597242 0.7075311761092098 0.09455009230984102 -0.49529962983672116 -0.779103643961538 -1.1251844009977559 -1.6064946569273038 -2.081577238565712 -2.4436720152077185 -2.611819221068503 -2.5148454356778926 -2.341360223281845 -2.191006372538603 -2.117163948800798 -2.1554196623035167 -2.3591535783993876 -2.57534284307754 -2.77018008161464 -2.885836889878671 -2.890285228658057 -2.779966426929288 -2.6829926415386773 -2.626943572918415 -2.615377892092012 -2.5797911818569257 -2.2087997276561464 -1.5735769499598486 -0.8609530775022374 -0.37964282157268947 -0.16701222791804637 -0.5664730503068949 -1.4045400763431868 -2.3600432461552647 -3.085122467195157 -3.195441268923926 -2.3591535783993876 -1.0629076580863543
1.1372407021978816 0.9335067861020103 1.037597913539639 1.1763860834564772 1.2004071128651608 1.07496395928648 0.7555732349265767 0.17639952585054042 -0.3867601636197069 -0.7897796570320637 -1.0246519445836362 -1.6056049891714266 -2.071790893251063 -2.4685827123722794 -2.771069749370517 -2.9045199127520918 -2.875160876808145 -2.706124003191483 -2.5237421132366635 -2.4054163017050008 -2.387622946587457 -2.4845967319780686 -2.6393989215006957 -2.8137738016526206 -2.960568981372353 -3.0219560565278782 -2.9427756262548104 -2.9089682515314776 -2.9045199127520918 -2.8991819062168287 -2.8244498147231467 -2.4196509857990356 -1.8449256155023845 -1.3591670207934512 -1.183012805129772 -1.4098780828784498 -2.052218202621765 -2.9925970205839314 -3.933865506301975 -4.5486259256130985 -4.47567316963117 -3.3368984421083954 -1.862718970619928
0.4940109146986893 0.7475662251236823 0.9779901738958687 1.2333248198326159 1.2706908655794569 0.7920496129175407 0.0465080334924739 -0.5299966723159306 -1.1171773911948617 -1.5798046242509889 -1.6749990741298455 -2.172323349665183 -2.631391911697801 -2.934768616451916 -3.1224885129419975 -3.115371170894981 -3.075336121880508 -2.960568981372353 -2.8288981535025326 -2.715020680750255 -2.671426960712274 -2.699896328900343 -2.806656459605603 -2.9374376197195473 -3.0771154573922623 -3.174978910538751 -3.2132346240414686 -3.1874342591210314 -3.15629588766533 -3.1144815031391038 -3.0032730336544575 -2.6732062962240284 -2.266628131788162 -2.062894215692291 -2.0539975381335194 -2.5041694226073665 -3.1838755880975227 -3.982797232875219 -4.671400075924147 -5.110895947327467 -4.720331802497391 -3.548639368007161 -2.4543480282782446
0.56607400292474 0.7173175214238585 0.8587746946083281 0.8819060562611345 0.7262141989826303 0.3525537415142197 -0.30669006559076184 -1.066466329109863 -1.8004422277085266 -2.1838890304915854 -2.1803303594680767 -2.582460185124557 -3.145619874594804 -3.3431261163995356 -3.400064852775674 -3.3422364486436584 -3.2417039922295383 -3.1589648909329617 -3.0869018027069113 -3.005942036922089 -2.954341307081213 -2.940106622987179 -2.9828106752692825 -3.1038054900685776 -3.2675043571499764 -3.3911681752169023 -3.4712382732458473 -3.4872522928516365 -3.420527211160849 -3.30398073514094 -3.0993571512891918 -2.8191118081878836 -2.5744531753216626 -2.5032797548514893 -2.7070136709473602 -3.2639456861264677 -3.9658935455135533 -4.496135528016344 -4.914279373278614 -5.018370500716243 -4.559301938683625 -3.650061492177158 -3.014838714480861
0.6283507458361417 0.714648518156227 0.6746134691417545 0.2377866010060652 -0.03623106780410268 -0.18302624752383512 -0.5913837474714554 -1.4303404412636245 -2.1198329520684296 -2.475700054419297 -2.371608926981668 -2.8974025707050743 -3.4516655826165503 -3.573550065171722 -3.585115745998125 -3.4721279410017245 -3.349353790690676 -3.2959737253380452 -3.3075394061644485 -3.2835183767557656 -3.234586650182521 -3.1972206044356803 -3.175868578294628 -3.265725021638222 -3.468569269978216 -3.65895816973593 -3.758600958394173 -3.8057533494556623 -3.7425869387883837 -3.5433013614718987 -3.2212416338443632 -2.9739139977105107 -2.840463834328936 -2.831567156770164 -3.0922398092421743 -3.6029091011156686 -4.264821911488282 -4.780829209897039 -5.077088572604136 -5.029936181542645 -4.605564661989236 -4.058418992124778 -3.578888071706985
0.5536186543424597 0.5981020421363181 0.20219989077097855 -0.2435236549234827 -0.5727007245980347 -0.6260807899506649 -0.9445818465546911 -1.67055073535046 -2.336911884502459 -2.12606062635957 -1.987272456442732 -2.6474059313035903 -3.286187380023397 -3.5014869769456713 -3.6963242154827713 -3.590453752533388 -3.4427689050577786 -3.3573608004935704 -3.4062925270668143 -3.53974269044839 -3.4917006316310224 -3.435651563010761 -3.4134098691138317 -3.4436585728136557 -3.674082521585842 -3.889382118508117 -4.1037920476745136 -4.15539277751539 -4.084219357045216 -3.85379540827303 -3.5059353157250572 -3.214124291797346 -3.0771154573922623 -3.079784460659894 -3.335119106596641 -3.779063316779348 -4.369802706681787 -4.890258343869931 -5.246125446220798 -5.205200729450448 -5.046839868904312 -4.5833229680923075 -4.191869155506353
0.4272858330079019 0.10789510864799867 -0.2897863782290955 -0.43925056121645945 -0.7159372332942588 -1.0210932735601275 -1.4499131318929224 -2.0691218899834314 -1.902754019634401 -1.6919027614915119 -1.5077415360249384 -2.1038189324626404 -2.7728490848822713 -3.3715954845876053 -3.565543055368827 -3.7016622220180344 -3.560205048833564 -3.4071821948226915 -3.4632312634429527 -3.628709466036107 -3.7959670041410143 -3.7408076032766293 -3.704331225285666 -3.6909862089475083 -3.8964994605551335 -4.135820086886092 -4.352009351564243 -4.464107488804768 -4.385816726287576 -4.156282445271266 -3.839560724178995 -3.545080696983653 -3.448996579348919 -3.450775914860673 -3.6233714595008437 -4.0263909529132 -4.56375027746301 -5.008584155401593 -5.365340925508338 -5.65359327841254 -5.550391818730789 -5.231890762126763 -5.045060533392558
0.13547480908019072 -0.3040210623231303 -0.5531280339687372 -0.6652261712092602 -1.0246519445836362 -1.6518677124770393 -2.1794406917121996 -2.156309330059394 -1.957023752742908 -1.8155665795584386 -1.6714404031063372 -1.9445684041606275 -2.400967962925615 -3.0833431316834026 -3.5566463778100554 -3.7158969061120692 -3.654509830956544 -3.5032663124574257 -3.550418703518915 -3.7568216228824185 -3.9427621838607467 -4.141158093421355 -4.112688725233285 -4.0343979627160955 -4.143827096688987 -4.376920048728804 -4.554853599904238 -4.674958746947656 -4.542398251321957 -4.316422641329158 -4.061977663148287 -3.9561072001989044 -3.8706990956346963 -3.9810178973634645 -4.130482080350829 -4.462328153293013 -4.892037679381685 -5.308402189132199 -5.742560054000258 -6.041488419974986 -6.15358655721551 -5.989887690134111 -5.9667563284813045
-0.11541149807717055 -0.5575763727481231 -0.7968969990790811 -1.2817659260321377 -1.8386979412112443 -2.586018856148066 -2.7523867264970963 -2.4801483931986827 -2.3146701906055296 -2.231931089308953 -2.3297945424554416 -2.3440292265494764 -2.5335284585513125 -3.0068317046779662 -3.5023766447015485 -3.7274625869384717 -3.6811998636328593 -3.630488801547861 -3.7158969061120692 -3.9062858058697825 -4.1936484910181075 -4.441865794907837 -4.555743267660116 -4.459659150025381 -4.4925768569928355 -4.539729248054327 -4.699869444112217 -4.739014825370813 -4.579764297068799 -4.325319318887928 -4.235462875544334 -4.236352543300212 -4.400941078137489 -4.541508583566081 -4.739014825370813 -5.045060533392558 -5.419610658616845 -5.9053692533257784 -6.359099808823135 -6.668704187868389 -6.760339966723738 -6.690945881765318 -6.854644748846717
-0.2639860133086578 -0.7559722823087314 -1.0477833062364423 -1.6847854194444944 -2.7826354301969194 -3.2514903375441873 -2.7586144007882365 -2.4303269988695617 -2.422319989066667 -2.5975845369744692 -2.771959417126394 -2.716800016262009 -2.851139847399462 -3.230138311403135 -3.5708810619040903 -3.779063316779348 -3.7817323200469795 -3.7924083331175056 -3.9454311871283783 -4.17407580038881 -4.449872804710733 -4.724780141276778 -4.910720702255105 -4.925845054105016 -4.811967581352739 -4.782608545408793 -4.785277548676424 -4.787056884188178 -4.694531437576954 -4.442755462663715 -4.392934068334593 -4.546846590101344 -4.780829209897039 -5.063743556265978 -5.330643883029129 -5.584199193454122 -5.991667025645864 -6.563723392674884 -7.082399694351272 -7.393783408908281 -7.464067161622577 -7.396452412175913 -7.604634667051171
-0.8244766995112731 -1.1438674238711766 -1.2915522713467866 -2.0593355446687824 -3.500597309189794 -3.670523850562333 -2.946334297278319 -2.7043446676797287 -2.6322815794536782 -2.7087930064591146 -2.9490033005459497 -3.1669719007358563 -3.47034860548997 -3.755042287370664 -3.9365345095696065 -3.9899145749222362 -3.9561072001989044 -4.019273610866183 -4.200765833065125 -4.4632178210488895 -4.745242499661952 -5.019260168472119 -5.248794449488429 -5.372458267555356 -5.222104416812114 -5.131358305712643 -5.05395721095133 -4.995239139063436 -4.925845054105016 -4.741683828638443 -4.690083098797567 -4.875133992020018 -5.183848703309396 -5.540605473416139 -5.874230881870078 -6.136682869853843 -6.601089438421724 -7.128662417656885 -7.594848321736521 -7.914239046096425 -8.085944922980717 -8.22028475411817 -8.382204285687815
