static/data/seaWind_vo/2023/7/31/18.asc
ncols 137
nrows 93
xllcorner 108.0
yllcorner 17.0
cellsize 0.25
NODATA_value -32767
[rows 57 to 75 of 93, columns 86 to 128 of 137]
-10.40352942704074 -8.813693147288241 -7.063716671477852 -4.98456312599291 -2.367160588202282 0.7715872545323659 3.556247330427901 6.043758375860462 8.420950619564255 10.031249257701928 10.779459840394626 10.415585728240865 10.412027057217356 10.419144399264374 10.490317819734546 10.296370248953325 10.765225156300591 11.011663124678567 10.912020336020325 10.794584192244539 10.792804856732785 10.867536948226466 10.975186746687603 10.831950237991379 10.363984998399989 9.866660722864653 9.586415379763345 9.450296213114138 9.156705853674673 8.955640940846433 8.87201217179398 8.764362373332842 8.609560183810215 8.486786033499165 8.380915570549782 8.059745510678125 7.6469396719511185 7.086448985748502 6.420977504352381 5.757285358468014 5.26529908946794 4.973488065540229 4.885410957708389
-12.948868876605317 -11.362591267876327 -9.276320380344368 -6.763898637747246 -3.144730206838927 0.8480986815378022 3.840051344552718 6.939653806028771 9.509903952757908 11.482297367537589 12.32392306459739 12.864841060170708 13.315012944644554 13.102382350989911 12.0312223729138 11.239418070183122 11.032125483063743 11.229631724868474 11.210948701995052 11.130878603966108 11.097960896998652 11.102409235778039 11.256321757544788 11.194934682389263 11.057036180228303 10.58017426307814 10.136230052895435 9.899578429832108 9.5881947152751 9.211865254539058 8.968096289428713 8.620236196880741 8.436074971414167 8.48233769471978 8.4698823461375 8.257251752482857 8.033945145757686 7.533062199198842 6.944102144808156 6.299982689553087 5.62027652406293 5.0464408215221574 4.943239361840406
-15.609865134433925 -13.8145156030738 -11.666857640386318 -7.424921780363983 -2.7443797166942017 1.84452656812023 5.074910189710227 8.141594944218824 11.100629900266284 13.367503342241308 14.059664856313745 14.398628271302945 14.923532247270474 14.597024180863553 13.500953505622883 12.022325695355029 11.630871882769076 11.379985575611714 11.256321757544788 11.221624715065579 11.21539704077444 11.151340962351282 11.424468963405573 11.357743881714786 11.255432089788911 11.0766088708576 10.685155058271647 10.311494600803236 9.910254442902634 9.58463604425159 9.225210270877215 8.80528709010319 8.305293811300222 8.270596768821013 8.387143244840923 8.3373218505118 8.170064312406893 7.9423093669023395 7.392494693770249 6.849797362685177 6.132725151448179 5.424549617769953 5.003736769240053
-17.938125651564473 -16.036905657254966 -11.229141104494751 -6.4249352227580445 -0.32715242397593647 4.734167439209271 8.037503816781195 10.504552503828581 13.425331746373324 15.563203363746158 16.419063744899994 15.965333189402637 15.325662072926955 15.014278358369946 14.044540504463832 12.605947743210452 12.143320510154325 11.493863048363993 11.326605510259085 11.388882253170486 11.387102917658732 11.193155346877509 11.468952351199432 11.428917302184958 11.31592949718856 11.147782291327774 11.079277874125232 10.760776817521206 10.227865831750783 9.965413843767019 9.671823484327552 9.140691834068884 8.634470880974774 8.138036273195315 8.194085341815578 8.212768364688998 8.24034806512119 8.022379464931284 7.791065848403219 7.271499878970953 6.592683381236675 5.800879078505996 5.300885799703027
-19.61781837466057 -15.433710918770245 -10.615270352939506 -3.0637704410541047 3.85517569640263 8.718099650027229 11.53567743289022 14.00717445871699 15.119259153563451 17.00179612499954 18.548928352469932 17.58897684387847 16.61834932221648 15.409290841979407 14.436883984805663 13.404869387988148 12.799005646235797 12.132644497083799 11.83994380540021 11.902220548311613 11.539236103913728 11.311481158409173 11.397778930729258 11.441372650767239 11.31592949718856 11.196714017901018 11.1273199329426 11.0454704994019 10.557042901425335 10.296370248953325 10.080180984275174 9.546380330748873 8.927171572658363 8.330204508464783 7.998358435522601 8.01704145839602 8.066862852725142 8.091773549889703 7.860459933361639 7.5570832286075245 6.97435084850798 6.2145745849888785 5.6505252277627545
-20.074217933425555 -15.726411610453834 -9.19447094680367 -1.0371072931659167 7.774162161041554 13.406648723499902 15.950208837552726 16.358566337500346 17.38702226329435 17.91281590701776 19.693930754283848 19.145895416663514 17.926160923355916 16.701088423513056 15.759819937795012 14.941325602388018 13.912869676594012 13.242949856418504 12.936904148396758 12.307019377235724 11.893323870752841 11.416461953602678 11.316819164944436 11.383544246635223 11.323046839235577 11.197603685656896 11.099740232510406 11.060594851251812 10.746542133427171 10.525904529969633 10.270569884032886 9.915592449437897 9.33019106607072 8.54461443763118 7.903163985643744 7.84444591375585 7.806190200253132 7.841776910488219 7.867577275408657 7.62469797805419 7.291962237356129 6.665636137218602 6.141621829006951
-19.579562661157848 -15.989753266193478 -9.629518479427604 -1.4143264216578357 8.878239846085119 16.799841544415422 21.68233818866932 21.498176963202745 19.54268723578473 19.519555874131925 19.937699719394192 19.974176097385158 19.05870797658755 17.79537976324197 16.6370323450899 16.26337188762149 15.123707492342836 14.363041561067858 14.030305820369797 13.224266833545084 12.172679546098271 11.641547895839603 11.34706786864426 11.352405875179523 11.36219222049417 11.322157171479699 11.234969731403737 11.025008141016725 10.710065755436208 10.573946588787 10.12466437206903 9.815949660779655 9.476096578034577 8.781266060694508 7.94497837016997 7.681636714430329 7.586442264551472 7.551745222072261 7.594449274354366 7.59622860986612 7.4423160880993695 6.9236397864229815 6.485033582775538
-18.08047249250482 -14.649023958086584 -9.141090881451039 -1.5513352560629197 7.202105794012535 18.501775961408445 25.333534658789215 25.69029142889596 22.952783744061914 21.24906999155714 19.789125204162705 19.44215477937061 19.77489052006867 18.54359034593467 16.742902808039283 16.0720933201079 15.67263249771905 15.274061343086078 14.782075074086004 13.713584099277526 12.550788342346067 11.841723140911965 11.490304377340484 11.484966370805221 11.445820989546625 11.382654578879347 11.234969731403737 11.002766447119795 10.661134028862962 10.562380907960597 10.097974339392715 9.749224579088866 9.410261164099666 8.86222582647933 8.091773549889703 7.687864388721469 7.380929012943845 7.305307253694286 7.291962237356129 7.283955227553234 7.334666289638234 7.096235331063152 6.606028397574832
-14.745997743477197 -11.576111529286846 -6.340416785949714 0.20575856179448682 7.47701313057858 18.724192900377734 25.822851924521657 26.420708656471113 24.10312415241109 22.807767899853935 21.10049547632565 19.754428161683496 19.91901669652077 19.007996914502552 17.314069507312425 16.164618766719123 16.10679036258711 15.984905880031935 15.312317056588796 14.401297274570577 13.37906902306771 12.36484778136774 11.645106566863111 11.630871882769076 11.508987400213904 11.314150161676805 11.106857574557424 10.9129100037762 10.650458015792436 10.566829246739983 10.170927095374644 9.80438397995325 9.450296213114138 8.970765292696345 8.349777199094081 7.841776910488219 7.39516369703788 7.118477024960081 7.000151213428417 6.998371877916664 7.100683669842537 6.975240516263858 6.626490755960008
-8.369748937105534 -6.413369541931642 -2.2034617211208833 3.0909510941041423 10.465407122569987 20.335381206271286 24.7419056011309 24.938522175179752 23.245484435745503 22.22147684873088 21.171668896795826 20.12364028037252 19.672578728142796 19.059597644343427 17.773138069345045 16.185970792860175 15.712667546733522 15.77316495413317 15.345234763556252 14.712680989127586 13.921766354152783 12.825695678912112 12.149548184445464 11.893323870752841 11.589947165998726 11.29991547758277 11.08639521617225 10.835508909014887 10.497435161781564 10.54903589162244 10.304377258756219 9.956517166208247 9.579298037716327 9.100656785054412 8.417391948540747 7.962771725287514 7.571317912701559 7.1629604127539395 6.880046066385001 6.736809557688776 6.817769323473598 6.759940919341583 6.5339653093487815
-1.8155665795584386 0.2813803210440464 3.66656613215667 8.54461443763118 14.162866315995496 19.902113009159105 23.11381360787568 22.959901086108932 21.74194592831309 20.991956010108638 20.37541625528576 20.124529948128398 19.532011222714203 18.9359338262765 17.847870160838724 16.239350858212806 15.513381969417036 15.682418843033698 15.324772405171077 14.653073249483816 13.81322688793577 13.169107432680699 12.786550297653518 12.304350373968092 11.723397329380301 11.36575089151768 11.040132492866636 10.759887149765328 10.250107525647712 10.2349831737978 10.090856997345698 9.932496136799562 9.604208734880888 9.10421545607792 8.440523310193553 8.01704145839602 7.72523043446831 7.323990276567708 6.860473375755703 6.573110690607377 6.467240227657994 6.404963484746592 6.241264617665194
1.2279868132973528 4.330258278041037 7.765265483482782 11.681582944854075 16.073872655619653 19.390554049529733 19.830049920933053 19.89766467037972 20.08271556360217 19.622757333813674 19.61475032401078 19.75620749719525 19.249096876345263 18.506224300187828 17.3541045563269 15.92351880487641 15.259826658992043 15.315875727612305 15.308758385565287 14.62994188783101 13.953794393364362 13.444904437002622 13.160210755121927 12.532105319472647 11.966276626734768 11.366640559273558 10.98586275975813 10.563270575716475 10.022352580143156 9.834632683653075 9.7323208917272 9.626450428777817 9.507234949490277 9.011690009466694 8.46632367511399 8.031276142490055 7.71277508588603 7.388046354990863 6.9485504835875425 6.42453617537589 6.177208539242038 5.99749565255485 5.89696319614073
2.4414936323138097 5.428108288793462 8.493013707790306 11.967166294490646 14.914635569711702 16.58987995402841 17.031155160943484 17.805166108556623 18.38345014987678 18.56227336880809 18.78291097226563 18.93326482300887 18.501775961408445 17.866553183712146 16.5240445400935 15.452884562017388 14.923532247270474 14.816772116565215 14.86837284640609 14.603251855154694 13.67443871801893 13.411986730035165 13.20647347842754 12.712707873915711 12.154886190980728 11.429806969940836 10.92892402338199 10.461848451546478 9.94939982416123 9.565063353622293 9.333749737094228 9.29549402359151 9.314177046464932 8.920943898367224 8.424509290587764 7.989461757963829 7.64338100092761 7.368473664361565 6.91474310886421 6.327562389985278 5.9298809031081845 5.604262504457141 5.446791311666883
2.7484290080914326 5.3862939042672355 7.918288337493655 10.810598211850328 12.586375052581154 13.924435357420414 14.980470983646613 16.076541658887283 16.779379186030248 17.434174654355843 17.79982810202136 17.766020727298027 17.344318211012247 16.831869583627 15.540072002093352 14.842572481485652 14.476919033820137 14.326565183076895 14.50360906649645 14.480477704843645 13.344371980588502 13.016084578669826 12.936014480640882 12.764308603756588 12.121078816257395 11.389771920926364 10.912020336020325 10.388006027808672 9.944061817625967 9.460972226184664 8.891584862423276 8.804397422347314 8.917385227343715 8.727885995341877 8.290169459450311 7.97611674162567 7.660284688289277 7.300858914914901 6.840900685126405 6.2599476405386145 5.724367651500559 5.31867915482057 5.061565173372069
3.243084280359138 5.225264040453467 7.4645577819963 9.199409905956777 10.977855749955236 12.397765488335194 13.621058652666301 14.76161271570083 15.493809278787738 16.249137203527454 16.745571811306913 16.72244044965411 16.111238701366496 15.714446882245277 14.678873614404253 14.148631631901461 13.783867851991822 13.688673402112965 13.86927595655603 14.140624622098567 13.065905972998948 12.66911415387773 12.760749932733079 12.585485384825278 12.008980679016872 11.269666773882946 10.759887149765328 10.289252906906308 9.864881387352899 9.319515053000194 8.743900014947666 8.243906736144698 8.27771411086803 8.336432182755924 8.06419384945751 7.777720832065063 7.4930271501843695 7.118477024960081 6.711009192768339 6.21101591396537 5.612269514260036 5.1416352714010145 4.875624612393741
3.9939638663194676 5.394300914070129 6.862252711267457 8.428067961611273 9.80794265097676 11.219845379553824 12.415558843452738 13.474263472946568 14.40663528110584 15.379931806035462 15.803413657832992 15.589003728666595 14.912856234199948 14.901290553373546 14.021409142811025 13.355937661414904 13.036546937055002 12.954697503514302 13.098823679966403 13.460028788852533 12.858613385879568 12.435131534082036 12.438690205105544 12.23584595676555 11.704714306506881 11.075719203101723 10.460069116034724 10.130892046360172 9.790149295859216 9.241224290483004 8.602442841763198 8.044621158828212 7.735016779782958 7.8524529235587455 7.628256649077699 7.357797651291039 7.072214301654469 6.8044243071354416 6.447667537028696 6.1104834575512506 5.571344797489687 5.103379557898296 4.719932755115236
4.351610304182089 5.35337619729978 6.44677786927282 7.640711997659979 8.911157553052574 10.125554039824909 11.224293718333211 12.395096485067564 13.634403669004458 14.549871789802063 14.912856234199948 14.757164376921445 14.325675515321018 14.273185117724264 13.324799289959204 12.681569502460011 12.44936621817607 12.462711234514227 12.566802361951856 12.853275379344305 12.610396081989839 12.143320510154325 11.87464084787942 11.682472612609951 11.367530227029434 10.817715553897344 10.24121084808894 10.067725635692893 9.710079197830272 9.216313593318443 8.596215167472057 7.993020428987338 7.551745222072261 7.5277241926635785 7.141608386612887 6.827555668788248 6.5642140130486055 6.370266442267383 6.298203354041332 6.102476447748355 5.657642569809772 5.248395402106274 4.845375908693917
3.916562771558154 4.84448624093804 5.904080538187747 7.131822041298239 8.346218528070573 9.473427574766944 10.595298614928053 11.886206528705824 12.953807835758425 13.580133935895951 13.912869676594012 13.912869676594012 13.572126926093055 13.150424409807279 12.545450335810804 12.153996523224851 12.00364267248161 12.05969174110187 12.271432667000637 12.532105319472647 12.293674360897565 11.81503310823565 11.544574110448991 11.384433914391101 11.099740232510406 10.572167253275246 10.101533010416224 9.911144110658512 9.599760396101502 9.175388876548093 8.665609252430476 8.130918931148297 7.660284688289277 7.2884035663326205 6.87381839209386 6.530406638325273 6.24571295644458 6.077565750583795 6.112262793063005 6.2599476405386145 6.0446480436163395 5.599814165677756 5.0820275317572445
4.054461273719115 5.130959258330488 6.307989699355981 7.52416552164007 8.653153903848196 9.678051158618693 10.545477220598931 11.345288533132505 12.10417512889573 12.7287218935215 13.127293048154472 13.224266833545084 12.946690493711408 12.355951103808968 11.99741499819047 11.855068157250122 11.88442719319407 12.013429017796259 12.221611272671515 12.282108680071163 11.885316860949946 11.456497002617152 11.220735047309702 11.080167541881108 10.811487879606204 10.352419317573586 9.95206882742886 9.766128266450533 9.517021294804925 9.12289847895134 8.674505929989248 8.207430358153735 7.740354786318221 7.17541576133622 6.727912880130004 6.326672722229402 6.038420369325199 5.957460603540377 6.114042128574759 6.495709595846064 6.348024748370454 5.833796785473451 5.262630086200309
