static/data/seaWind_vo/2023/7/31/6.asc
ncols 137
nrows 93
xllcorner 108.0
yllcorner 17.0
cellsize 0.25
NODATA_value -32767
[rows 19 to 37 of 93, columns 43 to 85 of 137]
2.671027913330119 2.9646182727695845 3.189704215006508 3.789340282467719 4.509971164728225 5.002847101484177 4.903204312825933 4.622958969724625 4.243960505720952 3.8934314099053475 3.77955393715307 3.7057115134152654 3.662117793377284 3.640765767236232 3.5829373631042163 3.477066900154833 3.3453960722850122 3.19860089256528 3.019777673633969 2.7386426627767837 2.4085759253463546 2.119433904686275 1.864099258749528 1.6665930169447967 1.4023616934492777 0.984217848187009 0.19508254872396114 -0.8004556701025898 -1.8636086383758053 -3.110033164359718 -2.949892968301827 -2.106487935730272 -1.1109497169037215 -0.6767918520356635 -0.5584660405040003 -0.20526794142076454 0.17639952585054042 0.30984968923211564 0.37746443867878043 1.0491635943660422 1.7706841443824253 2.151461943897853 2.5037703752252116
2.251994400311973 2.203952341494606 2.5971854895923143 3.3943277988582565 4.259084857570864 4.783099165782516 4.7768714914913755 4.565130565592609 4.221718811824022 3.8329340025057004 3.63186908967746 3.5322263010192176 3.4886325809812364 3.467280554840184 3.4121211539758 3.284898664885365 3.1158617912687028 2.9174658817080945 2.760884356673713 2.4085759253463546 2.00466676417812 1.7075177337151464 1.5927505932069916 1.4210447163226982 1.1523650540477937 0.7546835671706995 0.15415783195361143 -0.7275029141206621 -1.5522249238187968 -2.0691218899834314 -1.608273992439058 -1.1856818083974034 -0.7986763345908354 -0.6162944446360159 -0.019327380442436315 0.7004138340621924 1.2164211324709497 1.0776329625541115 1.2706908655794569 2.416582935149249 3.3462857400408894 2.8694238228907274 2.1532412794096074
2.2760154297206565 2.1968349994475886 2.453059313140213 3.0962891006394053 3.8827553968348214 4.441466747525683 4.689684051415413 4.589151595001293 4.331147945796914 3.869410380496664 3.6069583925128996 3.4530458707461493 3.380982782520099 3.280450326105979 3.1585658435508073 3.052695380601424 2.9503835886755496 2.824050767340992 2.788464057105905 2.570495456915999 2.2164076900768865 1.8320712195379498 1.4388380714402418 1.1674894058977054 0.8160706423262241 0.4299548362755332 -0.0531347551657686 -0.5184309914895278 -1.0273209478512677 -0.9543681918693396 -0.3600701309433916 -0.022886051465945023 0.21109656832974988 0.5207009473750044 1.0064595420839382 1.7511114537531276 2.3053744656646034 2.3187194820027606 1.7875878317440914 2.132778921024433 1.9797560670135597 1.3560989701436652 0.8694507076788542
2.4414936323138097 2.5260120691221406 2.792912395885291 3.2929056746882592 3.698594171368248 4.160331736668498 4.648759334645064 4.96992939451672 4.8124582017264625 4.2030357889506025 3.8329340025057004 3.61941374109518 3.3507340788202753 3.1585658435508073 2.9984256474929167 2.8649754841113415 2.759994688917836 2.85607880655257 3.0500263773337926 2.8640858163554643 2.5731644601836305 2.162137956968379 1.6292269711979555 1.0420462523190248 0.6141160617421071 -0.02644472248945373 -0.4979686331043527 -0.8022350056143441 -0.7177165688060132 -0.5833767376685608 -0.07003844252743496 0.40326480359921835 0.7324418732737703 1.6906140463534802 1.4495140845107677 1.759118463556022 1.3116155823498066 1.0705156205070943 0.6176747327656158 0.24668327856483696 -0.052245087409891866 -0.2586480067733947 -0.1367635242182228
2.6736969165977507 2.7564360178943272 2.9966463119811624 3.3338303914586094 3.7128288554622824 3.9432528042344694 4.488619138587174 5.189677330218381 5.154980287739171 4.575806578663135 3.9388044654550836 3.585606366371848 3.31158869756168 3.066930064695459 2.8640858163554643 2.7297459852180124 2.80269874119994 2.9850806311547595 3.2395256093356295 3.1123031202451945 2.7368633272650293 2.272456758697148 1.6888347108417259 1.0206942261779728 0.33920872517606226 -0.28622770720558677 -0.7604206210881173 -0.9170021461224986 -0.7257235786089078 -0.2630963455527806 0.28404932431167795 0.8222983166173643 1.1238956858597242 1.148806383024285 0.7653595802412256 0.2778216500205377 -0.037120735559979856 -0.4383608934605827 -0.6278601254624192 -0.8280353705347818 -1.0958253650538095 -1.2942212746144182 -1.377850043666872
2.8569684743084474 2.9014518621023058 3.082054416545371 3.222621921973963 3.5224399557045687 3.703932177903511 4.089158316198325 4.796444182120673 5.38807323977899 4.973488065540229 4.12830369745692 3.591834040662988 3.292016006932382 2.982411627887128 2.7626636921854675 2.6523448904566984 2.7840157183265193 3.0340123577280034 3.2101665733916827 3.108744449221686 2.7012766170299427 2.1799313120859223 1.589191922183483 0.9833281804311318 0.3418777284436938 -0.27110335535567476 -0.7186062365618904 -0.896539787737324 -0.7951176635673267 -0.3627391342110231 0.24312460754132825 0.5865363613099148 0.7066415083533326 0.4299548362755332 0.0038039812103698445 -0.39743617669023257 -0.6260807899506649 -1.0121965960013557 -1.2568552288675767 -1.6474193736976535 -1.797773224440895 -2.196344379073866 -2.5326387907954353
3.1114134524893173 3.036681360995635 2.9841909633988823 3.1256481365833517 3.2101665733916827 3.37119643720545 3.6594487901096526 4.479722461028402 5.072241186442595 5.2608507506885545 4.365844988276123 3.7724365951060532 3.2439739481150154 2.9325902335580065 2.7101732945887145 2.6292135288038923 2.760884356673713 2.861416813087833 3.0224466769016005 2.919245217219849 2.5500330985308244 2.0260187903191724 1.499335478839889 0.9424034636607821 0.3836921129699207 -0.1545568793357659 -0.6020597605419815 -1.0798113454480207 -1.215930512097227 -1.0486729739923195 -0.8298147060465362 -0.4855132845220722 0.28760799533518666 0.28493899206755513 -0.12430817563594232 -0.5700317213304031 -0.7933383280555724 -1.173226459815123 -1.6483090414535306 -2.056666541401151 -2.5273007842601722 -2.974803665466388 -3.4320928919872524
3.3187060396086974 3.031343354460372 2.934369569069761 2.920134884975726 2.9708459470607247 3.062481725916073 3.243084280359138 4.076702967616044 4.87295560912611 5.234160718012239 4.491288141854804 3.8391616767968406 3.302692020002908 2.882768839228885 2.6567932292360843 2.575833463451262 2.581171469986525 2.6817039264006453 2.732414988485644 2.6167581802216118 2.2697877554295163 1.8249538774909326 1.2991602337675263 0.8392020039790304 0.3712367643876402 -0.17235023445330944 -0.7239442430971534 -1.2328341994588934 -1.822683921605456 -2.076239232030449 -1.8146769118025614 -1.1225153977301248 -0.0237757192218222 0.03672168817782495 -0.3004623912996216 -0.7604206210881173 -1.0967150328096866 -1.500624193977921 -2.03798351852773 -2.521962777724909 -2.9943763560956858 -3.1634132297123476 -3.31020840943208
3.252870625673787 2.8418441224585353 2.866754819623096 2.8489614645055528 2.8792101682053763 2.953052591943181 3.082054416545371 3.4290248413374664 4.1630007399361295 4.929894345502248 4.50196415492533 3.846279018843858 3.2573189644531726 2.8231610995851146 2.5135567205398606 2.421920941684512 2.405017254322846 2.395230909008197 2.4032379188110915 2.2600014101148678 1.949507363313736 1.525135843760327 1.0562809364130594 0.6114470584744756 0.1852962034093122 -0.31647641090541034 -0.8840844391550435 -1.2924419391026638 -1.9143197004608044 -1.7532898366470362 -0.8654014162816233 -0.0647004359921719 -0.2764413618909378 -0.9392438400194281 -1.1145083879272302 -1.123405065486002 -1.3609463563052056 -1.707916781097301 -2.2853111546615827 -2.7595040685441137 -2.765731742835254 -2.7497177232294647 -1.9045333551461554
2.405017254322846 2.5126670527839834 2.647006883921436 2.744870337067924 2.7902433926176595 2.8703134906466046 2.8462924612379212 2.9699562793048475 3.427245505825712 4.26353319635025 4.339154955599809 3.76087091427965 3.1487794982361583 2.6772555876212594 2.3667615408201277 2.2021730059828517 2.1025302173246088 2.056267494018996 2.001997760910489 1.8605405877260193 1.5767365736012027 1.1897310997946347 0.7288832022502618 0.2262209201796619 -0.2995727235437444 -0.8040143411260985 -1.1963578214679296 -1.4596994772075713 -1.4258921024842386 -0.6598881646739971 0.010031655501510084 -0.034451732292348325 -1.056679983795214 -1.772862527276334 -1.4828308388603775 -1.3645050273287143 -1.4641478159869572 -1.7399448203088794 -2.086915245100975 -2.0984809259273773 -1.8155665795584386 -1.1340810785565276 0.4335135072990419
2.3818858926700397 2.3231678207821465 2.5553711050660874 2.7306356529738895 2.80269874119994 2.8329474448997636 2.7760087085236247 2.6790349231330137 2.8365061159232723 3.3614100918908014 3.8436100155762265 3.5135432781457974 2.9610596017460757 2.430817619243284 2.0829575266953113 1.870326933040668 1.7439941117061102 1.6657033491889195 1.5767365736012027 1.3863476738434888 1.1149990083009527 0.7297728700061388 0.2377866010060652 -0.3333800982670767 -0.7773243084497836 -1.1527641014299483 -1.410767750634327 -1.5406592429923935 -1.4819411711045003 -1.1696677887916143 -0.9694925437192516 -1.023762276827759 -1.2808762582762605 -0.9597061984046027 -0.5557970372363688 -0.3662978052345318 -0.38053248932856665 -0.48818228778970374 -0.5122033171983875 -0.31647641090541034 0.04383903022484237 0.6105573907185984 1.6141026193480437
2.2653394166501304 2.310712472199866 2.547364095263193 2.759994688917836 2.8889965135200253 2.861416813087833 2.7671120309648534 2.6514552227008212 2.679924590888891 2.7359736595091526 3.0865027553247564 3.005542989539934 2.6265445255362607 2.0900748687423283 1.5740675703335711 1.3116155823498066 1.1808344222358629 1.1025436597186722 1.0198045584220956 0.9174927664962214 0.5954330388686866 0.18974454218869807 -0.25064099697050013 -0.6883575328620668 -0.8458287256523254 -0.8725187583286402 -0.9000984587608327 -0.6465431483358399 -0.3004623912996216 -0.12074950461243361 -0.1465498695328713 -0.18480558303558947 -0.022886051465945023 0.05540471105124567 -0.01754804493068196 -0.1910332573267297 -0.22306129653830808 -0.029113725757085263 0.2004205552592242 0.2813803210440464 0.22266224915615318 0.37301609989939455 0.5198112796191272
1.965521382919525 2.2697877554295163 2.479749345816528 2.670138245574242 2.7893537248617823 2.9494939209196724 2.8854378424965166 2.754656682382573 2.6140891769539802 2.606971834906963 2.547364095263193 2.383665228181794 2.060715832798382 1.6399029842684816 1.0918676466481463 0.7235451957149988 0.5536186543424597 0.4797762306046547 0.43618251056667345 0.3667884256082543 0.053625375539491316 -0.23729598063234247 -0.6056184315654902 -0.6056184315654902 -0.46683026164865193 -0.3191454141730419 0.10522610538036714 0.47710722733702315 0.6977448307945608 0.348995070490711 0.21732424262089012 0.03405268491019342 0.18707553892106654 0.10166743435685843 -0.20526794142076454 -0.37964282157268947 -0.42056753834303917 -0.35740112767576004 -0.38053248932856665 -0.6323084642418051 -0.7559722823087314 -0.85383573545522 -0.9036571297843414
1.5820745801364655 1.8898996236699657 2.2537737358237275 2.4717423360136337 2.8525201355290615 3.0295640189486175 2.881879171473008 2.692379939471171 2.5500330985308244 2.509998049516352 2.4406039645579325 2.212849019053378 1.641682319780236 1.1363510344420047 0.5731913449717574 0.1959722164798383 0.02337667183966774 -0.019327380442436315 -0.04245874209524292 -0.08516279437734697 -0.2524203324822545 -0.5193206592454049 -0.5887147442038239 -0.5629143792833862 -0.3547321244081285 0.047397701248351076 0.4744382240693916 0.8641127011435912 1.0206942261779728 0.7502352283913138 0.5598463286335997 0.40682347462272705 0.34009839293193944 0.05006670451598261 -0.1732399022091866 -0.14743953728874848 -0.13943252748585389 -0.32715242397593647 -0.6634468356975058 -0.9027674620284643 -0.9970722441514437 -1.0228726090718818 -1.0050792539543383
1.186172428771126 1.4308310616373472 1.8258435452468098 2.405017254322846 2.807147079979326 3.1443311594567724 2.8952241878111655 2.685262597424154 2.4610663229431076 2.420141606172758 2.4192519384168807 2.135447924292064 1.562501889507168 0.7119795148885955 0.12568846376554177 -0.21416461897953631 -0.41345019629602175 -0.4561542485781258 -0.36896680850216335 -0.3556217921640057 -0.47394760369566935 -0.5575763727481231 -0.6260807899506649 -0.5602453760157546 -0.39743617669023257 -0.0531347551657686 0.14881982541834837 0.5064662632809698 0.71998652469149 0.8445400105142935 0.6719444658741229 0.597212374380441 0.45130686241658524 0.01981800081615903 -0.2595376745292719 -0.23373730960883377 -0.35651145991988287 -0.59939075727435 -0.8565047387228515 -0.7942279958114495 -0.8885327779344294 -0.6020597605419815 -0.36095979869926875
0.8810163885052573 1.1212266825920927 1.5544948797042735 2.135447924292064 2.872982493914236 3.4930809197606223 3.31158869756168 2.65501389372433 2.430817619243284 2.2226353643680263 2.1906073251564484 1.9085826465433864 1.3036085725469122 0.4495275269048311 -0.22661996756181635 -0.5353346788511937 -0.7399582627029422 -0.7052612202237327 -0.6056184315654902 -0.5362243466070709 -0.5798180666450521 -0.6634468356975058 -0.6856885295944353 -0.6127357736125072 -0.5273276690482991 -0.48729262003382656 -0.2853380394497096 -0.14566020177699412 0.08031540821580618 0.31340836025562435 0.4041544713550955 0.3303120476172905 0.11323311518326173 -0.2995727235437444 -0.6127357736125072 -0.8956501199814468 -1.0299899511188992 -1.215930512097227 -1.1723367920592458 -1.0904873585185464 -0.6296394609741736 -0.28000003291444653 0.21109656832974988
0.646144100953685 0.9619761542900798 1.3765613285288398 1.8151675321762837 2.5295707401456493 3.5215502879486915 3.710159852194651 2.9014518621023058 2.3801065571582853 2.0900748687423283 1.9512866988254904 1.5767365736012027 0.9833281804311318 0.21109656832974988 -0.5041963073954929 -0.8102420154172387 -0.9321264979724107 -0.896539787737324 -0.7577516178204857 -0.6874678651061896 -0.7275029141206621 -0.7826623149850462 -0.8031246733702213 -0.7506342757734683 -0.7328409206559252 -0.7283925818765393 -0.7728759696703977 -0.6705641777445233 -0.5753697278656662 -0.494409962080844 -0.4001051799578641 -0.49085129105733527 -0.664336503453383 -0.9588165306487255 -1.253296557844068 -1.543328246260025 -1.5566732625981823 -1.640302031650636 -1.4783825000809916 -1.0282106156071449 -0.5584660405040003 -0.00687203186015628 0.5260389539102674
0.3454363994672023 0.7315522055178931 1.1665997381418283 1.5829642478923427 1.9432796890225958 2.5402467532161754 2.929031562534498 2.665689906794856 2.2386493839738155 2.0909645364982055 1.9219276628815438 1.4495140845107677 0.7333315410296475 -0.0647004359921719 -0.7025922169561012 -0.9632648694281114 -1.0869286874950377 -1.0424452997011793 -0.9000984587608327 -0.8200283607318877 -0.8342630448259221 -0.8885327779344294 -0.9579268628928483 -0.9347955012400422 -0.9161124783666215 -0.9223401526577617 -0.9961825763955665 -1.0228726090718818 -0.9739408824986375 -0.956147527381094 -0.9632648694281114 -1.0851493519832833 -1.2177098476089814 -1.505072532757307 -1.7443931590882653 -1.8431462799906302 -1.7666348529851938 -1.5833632952744976 -1.178564466350386 -0.6554398258946112 -0.09494913969199592 0.4788865628487775 0.6577097817800883
0.11412278293913891 0.4646518787547429 0.7973876194528036 1.1639307348741967 1.5536052119483963 1.8374092260732129 1.864099258749528 1.9326036759520697 1.906803311031632 1.768904808870671 1.5829642478923427 1.2609045202648081 0.5242596183985131 -0.2888967104732183 -0.8867534424226751 -1.10828071363609 -1.210592505561964 -1.1536537691858255 -0.9997412474190752 -0.9463611820664455 -0.9552578596252168 -1.0255416123395134 -1.1162877234389845 -1.2043648312708242 -1.2301651961912619 -1.1767851308386317 -1.093156361786178 -1.0388866286776706 -0.9534785241134625 -0.9045467975402186 -0.8600634097463602 -0.7942279958114495 -0.7666482953792575 -0.8582840742346058 -0.9908445698603039 -1.1180670589507389 -1.130522407533019 -0.986396231080918 -0.40989152527251305 0.20931723281799552 0.7440075541001736 0.9308377828343788 0.6354680878831591
