static/data/seaWind_uo/2023/7/30/0.asc
ncols 137
nrows 93
xllcorner 108.0
yllcorner 17.0
cellsize 0.25
NODATA_value -32767
[rows 0 to 18 of 93, columns 0 to 42 of 137]
-3.892369138289136 -3.811484889923883 -3.8491240946087037 -3.996477576779065 -3.9860667329300723 -3.772244016954602 -3.682550593024817 -4.058942639873023 -4.529032281362166 -4.8525692748231775 -5.104832029625699 -5.136064561172677 -5.059985317660806 -4.776490031311306 -5.071196995652029 -5.596544192955058 -5.832790264912974 -5.590938353959446 -5.163292922008505 -4.673182426963606 -3.9588383720942444 -3.888364967577985 -4.256748673003889 -4.380877965049574 -3.7137831245717954 -3.0378791085294843 -3.1203650251791974 -2.761591329460056 -2.8104422121361 -2.8440772461097694 -3.4334911747912162 -3.2044526101133712 -2.6863129200904146 -1.8334245586152234 -2.652677886116745 -3.6521188956200676 -4.610717363869649 -4.693203280519363 -4.283977033839717 -3.65932640290014 -3.5175787597253896 -3.493553735458483 -3.440698682071288
-3.398254472533086 -3.3181710583100634 -3.3566110971371144 -3.4246819992266837 -3.5488112912723686 -3.2092576149667527 -3.27092184391848 -3.6008655105173335 -4.175063590496405 -4.320014570240077 -4.271964521706263 -4.050934298450721 -4.110196024975758 -4.43933885743238 -5.049574473811813 -6.255630692010534 -6.468652573843775 -6.003367937208013 -4.999121922851309 -4.054938469161872 -3.4374953455023673 -3.174821746850853 -4.220711136603529 -3.744214821976544 -2.5974203303028593 -1.011768728687011 -2.0248239186082477 -2.7383671393353795 -3.104348342334593 -2.8689031045189064 -3.065908303507542 -3.3005527071809984 -3.2052534442556015 -3.5119729207297783 -4.135021883384894 -5.020744444691525 -5.372310633130595 -5.376314803841746 -5.182512941422031 -4.806921728716055 -4.5642689836202965 -4.394492145467488 -4.275167858275184
-3.4599187014848134 -3.453512028346972 -3.429487004080065 -3.3285819021590566 -3.156402561579558 -2.965804035728764 -3.0819249863521465 -3.3878436286840934 -3.7113806221451044 -3.934012513685108 -3.8995766455692076 -3.560823803405822 -3.3822377896884817 -3.568832144828124 -4.056540137446333 -4.998321088709078 -4.944665201179653 -4.220711136603529 -2.95299068945308 -2.3819959460429287 -2.3387509023624964 -2.6903170908015657 -3.545607954703448 -2.900135636065885 -1.839030397610835 -0.8740252562234119 -2.550971950053506 -3.748218992687695 -4.415313833165474 -3.733803978127551 -3.749820660972156 -4.08537016656662 -4.687597441523751 -5.040765298247281 -5.412352340242106 -5.8047610699349175 -5.948110381394128 -5.92408535712722 -5.743897675125419 -5.3691072965616735 -5.206537965688938 -5.0271511178293675 -4.812527567711666
-3.7562273341099974 -3.7354056464120116 -3.507167915876397 -3.277328517056322 -2.875309777656748 -2.832865568118546 -2.971409874724375 -3.1531992250106367 -3.0490907865207073 -3.334187741154668 -3.4358936772179067 -3.2332826392336593 -2.9609990308753824 -3.3758311165506396 -4.130216878531513 -4.559463978766915 -4.050133464308491 -3.0739166449298443 -1.1687322205641353 -0.9220753047572257 -1.153516371861761 -2.0472472745906938 -2.8536872558165323 -2.4028176337409146 -1.8045945294949353 -1.288056507756439 -2.675902076241422 -3.6425088859133052 -4.148636063802808 -3.983664230503382 -4.5066089253797195 -5.132861224603756 -6.2364106725970085 -6.889090498514644 -7.215830828544576 -7.22784334067803 -7.162975775157381 -7.101311546205654 -7.0764856877965165 -7.2334491796736415 -7.5305586464410545 -7.277495057496303 -6.503889276101905
-4.040523454601727 -3.9804608939344606 -3.631297207922082 -3.158004229864018 -2.7479771490421423 -2.490108555244009 -2.4452618432791167 -2.5661877987558808 -2.4276434921500516 -2.4172326483010584 -2.472490204114944 -2.42203765315444 -2.5293494282132905 -2.9706090405821453 -3.7370073146964717 -3.9131908259871215 -3.573637149681506 -2.435651833572354 -0.27099714712405154 0.2063000016451637 -0.3935247708852758 -1.5114892334386723 -2.306717536673287 -1.7317186225519845 -1.0750346259231989 -1.4049782925220522 -3.218867624673515 -4.184673600203169 -4.574679827469289 -4.424123008730007 -4.911831001348214 -5.71106347529398 -6.814612923287232 -7.597027880246165 -8.015063302490342 -8.031079985334946 -7.979826600232212 -8.167221789514086 -8.270529393861784 -10.001932809363534 -10.274216417721812 -9.903430209869217 -8.412277037036535
-4.239130321874824 -4.08537016656662 -3.564827974116973 -3.0899333277744487 -2.5661877987558808 -2.1201231815336445 -2.051251445301845 -1.96315968965652 -1.8734662657267347 -1.7869761783658702 -1.6428260327644295 -1.6019834915106879 -1.8526445780287488 -2.341153404789187 -3.0114515818358867 -3.1556017274373276 -3.224473463669127 -2.10330566454681 -0.12764783566484095 0.5210278195416427 -0.07319111399318556 -1.2424089616493161 -1.9046987972737135 -1.3857582731085267 -1.354525741561548 -2.076077303710982 -3.840314919044171 -4.673983261105837 -4.9558768791708765 -4.749261670475478 -4.621128207718642 -5.3378747650146945 -6.085853853857726 -6.948352225039681 -7.36798931556832 -7.6162478996596885 -7.6386712556421354 -7.895739015298039 -9.148243613746113 -11.380168368141753 -11.505098494329669 -10.740301888499802 -9.393298861268562
-4.019701766903742 -3.8194932313461853 -3.351806092283733 -2.9377748407507056 -2.3956101264608423 -1.9479438409541459 -1.6428260327644295 -1.5467259356968022 -1.5683484575370183 -1.5691492916792487 -1.4241983119355777 -1.382554936539606 -1.7669553248101146 -2.257065819855013 -2.305115868388827 -2.3147258780955897 -2.410825975163217 -2.1385423668049395 -0.4647990095437664 0.11900908014206912 0.0653531926126436 -0.9989553824113273 -1.3489199025659364 -1.6852702423026313 -1.6540377107556528 -2.7744046757357395 -4.04853179602403 -4.887005142939078 -4.911831001348214 -4.766079187462314 -4.633140719852095 -4.615522368723031 -5.138467063599368 -5.932894532691753 -6.48947426154176 -6.786583728309175 -6.906708849643708 -7.3103292573277425 -8.567638860629199 -11.135113120619305 -11.61080860110406 -10.843609492847502 -9.859384332046554
-3.7826548608035946 -3.417474491946612 -3.0643066352230814 -2.6014245010140105 -2.1513557130806236 -1.768556993094575 -1.545925101554572 -1.4426174972068728 -1.57395429653263 -1.7052910958583871 -1.563543452683637 -1.57395429653263 -1.9687655286521317 -2.2963066928242943 -2.0168155771859455 -1.7797686710857983 -1.6244068474931344 -1.3881607755352174 -0.5857249650205303 -0.27900548854635376 -0.8796310952190236 -0.9893453727045647 -1.0566154406519037 -1.3569282439882386 -2.4492660139902678 -3.4591178673425835 -4.529032281362166 -4.57788316403821 -4.376873794338423 -4.29438787768871 -4.134221049242664 -4.283977033839717 -4.585090671318282 -5.047171971385122 -5.551697480990166 -6.059426327164129 -6.333311603806866 -6.571960178191475 -7.146959092312777 -9.470178938922665 -10.102837911284542 -10.049982857897348 -9.224322857257985
-3.708177285576184 -3.0290699329649518 -2.4652826968348722 -2.0872889817022053 -1.8118020367750072 -1.655639379040113 -1.4394141606379518 -1.3841566048240663 -1.6476310376178107 -1.860652919451051 -1.6532368766134224 -1.5995809890839974 -1.8382295634686048 -2.337950068220266 -1.9511471775230667 -1.2295956153736325 -0.630571676985423 -0.25097629356829554 -0.640982520834416 -0.9813370312822622 -2.1169198449647237 -2.079280640279903 -2.0007988943413406 -1.9783755383588943 -3.294946868185387 -4.069353483722016 -4.005286752343598 -3.920398333267194 -3.6761439198869748 -3.6048696812284846 -3.620886364073089 -3.9716517183699285 -4.348043765218135 -4.714024968217348 -4.947067703606344 -5.374713135557285 -5.681432612031462 -5.896856996291393 -6.394975832758593 -6.786583728309175 -7.661895445766813 -7.65068376777559 -7.500126949036307
-3.284536024336394 -2.6791054128103426 -2.079280640279903 -1.6572410473245736 -1.4970742188785282 -1.4914683798829167 -1.4434183313491031 -1.4105841315176637 -1.5267050821410466 -1.6748593984536386 -1.411384965659894 -0.9148677974771535 -0.8524027343831959 -1.464240019047089 -1.6171993402130622 -0.9637186801531974 -0.19812124018110078 -0.4688031802549175 -1.07983963077658 -1.871063763300044 -3.278129351198552 -3.425482833368914 -3.196444268691069 -3.0378791085294843 -3.427084501653374 -3.1708175761397017 -3.080323318067686 -3.2693201756340198 -3.2629135024961777 -3.2765276829140917 -3.6609280711846006 -4.15344106865619 -4.4209196721610855 -4.549853969060152 -4.695605782946053 -4.858175113818789 -5.0231469471182155 -5.4139540085265665 -5.721474319142974 -5.997762098212402 -6.232406501885858 -6.374154145060608 -6.332510769664636
-2.1970032591877464 -2.184990747054293 -1.9583546848031386 -1.5547342771191044 -1.1527155377195308 -1.2079730935334165 -1.2047697569644955 -1.1703338888485957 -1.1679313864219052 -1.2047697569644955 -0.7522984666044175 -0.11723699181584779 0.3192176156996256 -0.6425841891188764 -1.2840523370452879 -1.4802567018916934 -1.0061628896913994 -1.3353057221480225 -1.7197061104185312 -2.3595725900604823 -3.0290699329649518 -3.2757268487718614 -3.1419875470194136 -2.9417790114618567 -2.8088405438516393 -2.436452667714584 -2.520540252648758 -2.898533967781425 -3.4943545696007132 -3.7113806221451044 -4.027710108326044 -4.279172028986335 -4.361657945636049 -4.376873794338423 -4.456156374419216 -4.635543222278786 -4.869386791810012 -5.235367994809225 -5.524469120154338 -5.7286818264230455 -5.904064503571465 -6.172343941218591 -6.651242758272266
-1.6356185254843574 -1.923918816687239 -1.9327279922517715 -1.669253559458027 -1.1935580789732723 -1.0213787383937736 -0.8524027343831959 -0.7442901251821152 -0.8299793784007494 -0.6746175548080855 -0.2942213372487279 -0.0027177094769252896 -0.2934205031064976 -1.3769490975439942 -2.160965722787386 -2.503722735661923 -2.1946007567610555 -1.7709594955212657 -1.5723526282481695 -1.6316143547732063 -1.676461066738099 -2.42283848729667 -2.630254530134299 -2.6678937348191196 -2.7303587979130772 -3.0042440745558148 -3.108352513045744 -3.267718507349559 -3.65932640290014 -4.046129293597339 -4.239130321874824 -4.323217906808997 -4.402500486889791 -4.201491117190003 -4.122208537109211 -4.251142834008277 -4.6635724172568445 -5.076002000505411 -5.341078101583616 -5.457999886349229 -5.445987374215775 -5.6429925732044115 -6.200373136196649
-1.6244068474931344 -1.3288990490101806 -1.320089873445648 -1.203168088680035 -0.8508010660987353 -0.4784131899616799 -0.33906804921362044 -0.367898078333909 -0.7875351688625476 -0.4968323752329753 -0.26699297641290043 -0.6994434132172225 -1.9855830456389665 -2.45887602369703 -2.1737790690630696 -1.9823797090700457 -1.969566362794362 -0.8075560224183032 -0.4143464585832617 -0.3486780589203833 -0.6770200572347762 -1.6756602325958687 -2.1641690593563068 -2.299510029393215 -2.506926072230844 -2.9121481481993383 -3.0667091376497724 -3.34059441429251 -3.9436225233918707 -4.313607897102235 -4.256748673003889 -4.163851912505183 -4.12140770296698 -3.8451199238975526 -3.6889572661626584 -3.7322023098430908 -4.180669429492017 -4.57708232989598 -4.731643319346413 -4.794909216582601 -4.89661515264584 -5.397937325681962 -5.726279323996355
-1.9599563530875992 -1.355326575703778 -0.895647778063628 -0.6882317352259995 -0.30303051281326043 0.1494407775468174 0.21831251377861705 -0.08920779683779001 -0.5360732482022563 -0.2285529375858495 -0.02834440202829258 -0.45839233640592436 -2.122525683960335 -1.5098875651542119 -1.1679313864219052 -0.9525070021619741 -1.5130909017231327 -0.8291785442585193 -0.20052374260779127 0.0004856270919955108 -0.2878146641108863 -1.4850617067450749 -2.040840601452852 -2.546166945200125 -3.061904132796391 -3.4983587403118643 -3.8467215921820133 -4.187876936772089 -4.7172283047862695 -4.633941553994326 -4.526629778935476 -4.139826888238276 -3.935614181969568 -3.610475520224096 -3.2589093317850266 -3.2444943172248824 -3.250100156220494 -3.699368110011651 -3.816289894777264 -3.797870709505969 -3.9115891577026614 -4.532235617931087 -5.14487373673721
-1.771760329663496 -1.5931743159461553 -1.1054663233279474 -0.5801191260249188 -0.05957693357527161 0.25595171846343767 0.24794337704113545 -0.03875524587728574 0.04933650976803916 0.2687650647391213 0.4561602540209946 0.16305495796473135 -1.1727363912752864 -0.47681152167721974 0.04453150491465774 0.2022958309340126 -1.1863505716932004 -1.5090867310119815 -0.8435935588186634 -0.27099714712405154 -0.5048407166552775 -1.789378680792561 -2.263472492992855 -2.7071346077884004 -3.138784210450493 -4.176665258780867 -4.597103183451735 -5.200932126693326 -5.6429925732044115 -5.417958179237718 -4.849365938254257 -4.423322174587776 -3.9788592256500004 -3.8275015727684876 -3.4815412233250296 -3.1483942201572552 -2.9553931918797707 -3.2693201756340198 -3.5215829304365407 -3.564827974116973 -3.489549564747332 -3.560823803405822 -4.140627722380506
-1.206371425248956 -1.3705424244061524 -1.1967614155421933 -0.6682108816702437 0.21991418206307767 0.017303144078830268 0.0004856270919955108 -0.1244444990959197 0.3720726690868208 0.7108255112502064 0.7909089254732291 0.4929986245635849 -0.13405450880268255 0.24073586976106354 0.7604772280684804 0.712427179534667 -0.4680023461126872 -1.1238855085992427 -1.2800481663341368 -0.7170617643462875 -0.7418876227554245 -2.0856873134177447 -2.558980291475809 -2.5541752866224274 -2.8745089435145177 -4.127013541962592 -4.923042679339437 -5.526070788438798 -5.914475347420458 -5.6373867342088 -5.067192824940879 -4.557862310482454 -4.167055249074103 -4.130216878531513 -4.215906131750147 -3.8875641334357542 -3.600064676375103 -3.582446325246038 -3.829103241052948 -3.7658373438167603 -3.6785464223136657 -3.627293037210931 -3.4919520671740227
-0.8508010660987353 -1.2968656833209715 -1.1230846744570124 -0.390321434316355 0.6515637847251696 0.28478174758372576 -0.708252588781755 -0.8331827149696704 0.05654401704811152 1.051980855840283 1.1320642700633057 0.9510757539192745 0.5554636876575425 0.6363479360227955 0.45776192230545476 0.4097118737716414 0.3520518155310648 -0.11243198696246637 -0.2693954788395909 -0.7899376712892381 -0.8988511146325491 -2.0664672940042195 -2.1161190108224934 -2.111314005969112 -2.6863129200904146 -3.970850884227698 -4.769282524031234 -5.0183419422648345 -5.449190710784697 -5.293828887192032 -5.097624522345627 -4.585090671318282 -4.495397247388496 -4.501003086384108 -4.586692339602742 -4.514617266802022 -4.283176199697486 -4.183872766060938 -4.11740353225583 -4.0525359667351815 -3.9628425428053955 -3.7914640363681276 -3.655322232188989
-0.8764277586501026 -1.2047697569644955 -0.9356894851751394 -0.21173542059901473 0.9582832611993464 1.0055324755909298 -0.09080946512225019 -1.0678271186431267 -0.37670725389844106 0.9270507296523678 1.2465835524022282 1.0639933679737363 0.9726982757594906 0.692406325978911 0.46176609301660587 0.36486516180674844 0.7516680525039479 0.7780955791975455 0.7644813987796315 0.12941992399106184 -0.8363860515385912 -1.4105841315176637 -1.4490241703447146 -1.5499292722657232 -2.4268426580078213 -3.5616246375480523 -3.8090823874971926 -3.9972784109212958 -4.673182426963606 -4.999121922851309 -4.846963435827566 -4.675584929390297 -4.7084191292217366 -4.640348227132168 -4.664373251399074 -4.575480661611519 -4.352047935929286 -4.291184541119788 -4.22551614145691 -4.0076892547702885 -3.8539290994620847 -3.570433813112585 -3.634500544491003
-0.8516019002409656 -1.0662254503586663 -0.7763234908713244 -0.1805028890520357 0.9078307102388421 1.5436930191696416 1.3522936591766177 0.48258778071459174 -0.010726050899227513 0.4089110396294111 0.9054282078121516 1.2593968986779118 1.2714094108113652 1.1408734456278382 1.101632572658557 1.00713414387539 0.9230465589412162 1.3731153468746036 1.4940413023513677 1.3290694690519413 -0.015531055752608935 -0.7010450815016831 -0.9845403678511833 -1.1238855085992427 -1.71570193970738 -2.3251367219445824 -2.583806149884946 -3.0010407379868935 -3.896373309000287 -4.461762213414827 -4.500202252241878 -4.340836257938063 -4.421720506303315 -4.511413930233101 -4.555459808055764 -4.607514027300728 -4.319213736097847 -4.270362853421803 -3.996477576779065 -3.747418158545465 -3.408665316382079 -3.242091814798192 -3.4030594773864675
