static/data/seaWind_uo/2023/7/30/12.asc
ncols 137
nrows 93
xllcorner 108.0
yllcorner 17.0
cellsize 0.25
NODATA_value -32767
[rows 38 to 56 of 93, columns 0 to 42 of 137]
-1.2023672545378048 -1.4065799608065126 -0.8908427732102466 -0.8395893881075123 -0.4199522975788734 0.2935909231482583 0.9582832611993464 0.9022248712432304 0.5522603510886217 0.22311751863199847 -0.04115774830397623 -0.2717979812662814 -0.8772285927923329 -1.1439063621549983 -1.3184882051611877 -1.3609324146993897 -0.9781336947133414 -0.5977374771539838 -0.36309307348052755 -0.20052374260779127 -0.10522447968239446 -0.28541216168419536 -0.6746175548080855 -1.1599230449996027 -1.5114892334386723 -1.4898667115984563 -1.5475267698390325 -2.065666459861989 -2.6919187590860263 -3.0434849475250956 -2.566988632898111 -1.9751722017899733 -1.3577290781304687 -0.27740382026189314 1.4075512149905034 1.1424751139122984 0.29999759628610034 -0.390321434316355 -0.6569992036790206 -0.49122653623736356 -0.5200565653576519 -0.502438214228587 -0.4752098533927591
-1.1511138694350704 -1.368940756121692 -1.1695330547063656 -1.1062671574701777 -0.8227718711206775 0.2895867524371072 0.6427546091606371 0.1830758115204869 -0.0916102992644805 0.12141158256875961 0.1462374409778966 0.19749082608063118 0.04373067077242787 -0.5576957700424725 -1.1719355571330563 -1.1735372254175167 -0.7771243250135544 -0.2573829667061376 0.13262326055998264 0.20389749921847278 0.2639600598857399 0.13182242641775277 -0.21734125959462602 -0.76110764216895 -1.068627952785357 -1.0822421332032708 -1.1511138694350704 -1.57395429653263 -2.715943783352933 -3.4046611456709277 -2.960198196733152 -1.9991972260568804 -0.8171660321250658 0.2535492160367472 0.7148296819613575 0.30560343528171163 -0.3014288445287998 -0.640982520834416 -0.8684194172278004 -0.7530993007466478 -0.6353766818388045 -0.5168532287887309 -0.4391723169923991
-1.107067991612408 -1.280849000476367 -1.4762525311805423 -1.5323109211366583 -1.4290033167889589 -1.2207864398091 -0.8660169148011096 -0.42796063900117565 -0.12844866980707081 0.4849902831412827 0.29999759628610034 0.19428748951171038 -0.11083031867800619 -0.34307221992477155 -0.8307802125429797 -1.0822421332032708 -0.774721822586864 -0.2101337523145541 0.3304292936908486 0.48098611243013156 0.5090153074081893 0.3752760056557416 0.030116490354513914 -0.5016373800863567 -0.7394851203287338 -0.8227718711206775 -0.8948469439213977 -1.2071722593911862 -2.2426508052948693 -3.0394807768139445 -2.8168488852739415 -1.807797866063856 -0.573712452887077 0.5346419999595566 0.3704710008023602 -0.24777295699937474 -0.6898334035104599 -0.697040910790532 -0.8411910563919727 -1.0606196113630548 -1.064623782074206 -0.9493036655930533 -0.9749303581444204
-1.2504173030716184 -1.1623255474262935 -1.3401107270014039 -1.449825004486945 -1.6107926670752204 -1.3569282439882386 -1.0958563136211847 -0.7474934617510363 -0.06598360671311321 0.9158390516611443 0.6779913114187672 0.06295069018595312 -0.2902171665375768 -0.23736211315038203 -0.665808379243553 -0.9741295240021903 -0.9957520458424063 -0.4928282045218242 0.1766691383826453 0.5610695266531542 0.5554636876575425 0.3544543179577557 0.014900641652139335 -0.43596898042347787 -0.6762192230925459 -0.7154600960618271 -0.7210659350574387 -1.0422004260917594 -1.96235885551429 -2.6518770519745147 -2.380394277758468 -1.3745465951173035 -0.13485534294491286 0.811730613171215 0.3568568203844462 -0.3278563712223974 -1.0173745676826225 -1.1671305522796749 -0.9268803096106069 -1.002158718980248 -1.0317895822427665 -1.0598187772208245 -1.131893850021545
-1.2071722593911862 -1.118279669603631 -0.9629178460109671 -1.0910513087678033 -1.2784464980496764 -1.563543452683637 -1.3024715223165833 -0.9156686316193838 -0.5064423849397381 0.1830758115204869 0.45776192230545476 -0.16048203549628015 -0.1789012207675751 -0.13165200637599206 -0.6145549941408186 -1.1695330547063656 -1.1911555765465818 -0.7627093104534104 -0.04596275315735765 0.27677340616142354 0.09978906072854343 -0.10202114311347366 -0.1797020549098054 -0.47921402410391023 -0.7250701057685898 -0.7699168177334825 -0.775522656729094 -0.8227718711206775 -1.60919099879076 -2.2162232786012717 -2.0752764695687516 -1.0670262845008966 0.4105127079138713 1.3987420394259709 0.8045231058911431 -0.36549557590721804 -1.0574162747941338 -1.5803609696704717 -1.412185799802124 -1.446621667918024 -1.209574761817877 -1.2376039567959347 -1.0237812408204643
-1.0093662262603202 -0.7506967983199571 -0.5464840920512493 -0.8083568565605335 -1.0982588160478755 -1.449825004486945 -1.3881607755352174 -0.9693245191488089 -0.9709261874332693 -0.7715184860179429 -0.39672810745419707 0.02370981721667187 0.06295069018595312 -0.170092045203043 -0.8203693686939868 -1.3857582731085267 -1.3617332488416198 -0.9348886510329091 -0.33666554678692995 -0.35908890276937644 -0.5440815896245585 -0.4856206972417523 -0.5400774189134074 -0.5440815896245585 -0.708252588781755 -0.7683151494490221 -1.0221795725360039 -1.0534121040829827 -1.351322404992627 -1.4274016485044985 -1.3184882051611877 -0.3550847320582253 1.1528859577612915 2.0378076849256916 1.0816117191028014 -0.11643615767361748 -1.1911555765465818 -1.7525403102499704 -1.6067884963640693 -1.9255204849716994 -1.6604443838934944 -1.4490241703447146 -1.199964752111114
-0.7995476809960009 -0.5392765847711773 -0.2685946446973606 -0.6377791842654952 -1.064623782074206 -1.2896581760408996 -1.2287947812314024 -1.1166780013191706 -1.1294913475948543 -0.8900419390680165 -0.2862129958264257 0.13502576298667357 0.09017905102178103 -0.4087406195876504 -1.1334955183060054 -1.4145883022288148 -1.3889616096774475 -1.1911555765465818 -0.774721822586864 -0.9565111728731253 -0.8443943929608935 -0.7867343347203173 -0.5993391454384442 -0.5264632384954937 -0.6001399795806746 -0.7795268274402452 -1.0341920846694572 -1.3537249074193176 -1.3649365854105409 -1.0181754018248528 -0.4455789901302407 0.5210278195416427 1.721478198744752 2.247626230190011 1.1312634359210754 0.3864876836469646 -0.6906342376526902 -1.6500335400445016 -1.3521232391348572 -1.8438354024642163 -1.7060919300006172 -1.4938708823096074 -1.5363150918478095
-0.7458917934665756 -0.3262547029379368 -0.06678444085534352 -0.49122653623736356 -0.9597145094420463 -1.2295956153736325 -1.2608281469206113 -1.1198813378880914 -1.308878195454425 -0.8347843832541308 -0.1764987183408846 0.17506747009818469 0.07656487060386707 -0.6065466527185164 -1.1687322205641353 -1.3401107270014039 -1.411384965659894 -1.3224923758723388 -1.266433985916223 -1.340911561143634 -1.054212938225213 -0.5424799213400981 -0.2942213372487279 -0.37350391732952026 -0.3526822296315344 -0.5296665750644145 -0.8636144123744189 -1.3040731906010437 -1.3609324146993897 -1.1631263815685238 -0.47921402410391023 0.8806023494030146 2.2948754445815944 2.0113801582320945 1.013540817013232 0.4001018640648786 -0.4968323752329753 -1.4626383507626284 -1.461036682478168 -1.5931743159461553 -1.4290033167889589 -1.4290033167889589 -1.6316143547732063
-1.1166780013191706 -0.6882317352259995 -0.18610872804764744 -0.5464840920512493 -0.8115601931294543 -0.7434892910398849 -0.8467968953875842 -1.1879522399776608 -1.2888573418986693 -0.8948469439213977 -0.40313478059203867 -0.12284283081145952 -0.18610872804764744 -0.5336707457755656 -0.775522656729094 -0.8491993978142749 -1.0205779042515435 -1.3473182342814758 -1.6812660715914802 -1.6332160230576669 -0.9885445385623344 -0.3462755564936928 -0.07879695298879685 -0.2725988154085117 -0.31023802009333235 -0.4720065168238383 -0.721866769199669 -0.9388928217440604 -1.1350971865904658 -1.3921649462463686 -0.8692202513700307 0.4401435711763897 1.7238807011714434 1.8552175004972002 0.8053239400333729 0.4713761027233687 -0.42235480000556436 -1.6436268669066596 -1.8870804461446484 -1.7765653345168773 -1.730116954267524 -1.7565444809611215 -1.6324151889154366
-0.9477019973085927 -0.6810242279459273 -0.27980632268858363 -0.4856206972417523 -0.7563026373155686 -0.764310978737871 -0.7474934617510363 -0.9156686316193838 -1.4802567018916934 -1.0998604843323359 -0.7691159835912522 -0.6802233938036972 -0.7883360030047777 -0.7522984666044175 -0.7547009690311082 -0.6618042085324018 -0.7579043056000292 -1.171134722990826 -1.8854787778601882 -1.8198103781973094 -1.1663297181374446 -0.6257666721320416 -0.49122653623736356 -0.6145549941408186 -0.7370826179020433 -0.8147635296983753 -0.8091576907027636 -0.7691159835912522 -0.9244778071839161 -1.223989776378021 -0.9436978265974416 -0.1797020549098054 0.6067170727602771 0.7925105937576897 0.6603729602897022 0.7092238429657458 0.16065245553804086 -0.9461003290241323 -1.8838771095757276 -1.5074850627275211 -1.351322404992627 -1.2992681857476622 -1.2111764301023373
-1.093453811194494 -1.2015664203955747 -1.0333912505272271 -0.42155396586333405 -0.4231556341477942 -0.4135456244410318 -0.4375706487079385 -0.6505925305411788 -1.1222838403147821 -1.1022629867590266 -0.8804319293612537 -0.7795268274402452 -0.8027510175649217 -1.0093662262603202 -1.3072765271699645 -1.2151806008134884 -1.107868825754638 -1.3128823661655762 -2.0632639574352982 -2.0168155771859455 -1.464240019047089 -0.9685236850065786 -0.7795268274402452 -0.895647778063628 -0.721866769199669 -0.5336707457755656 -0.3558855662004552 -0.39752894159642693 -0.8155643638406054 -0.9028552853437002 -0.7667134811645615 -0.54888659447794 -0.21814209373685634 -0.2565821325639073 0.0845732120261693 0.25274838189451687 0.13822909955559437 -0.5232599019265727 -0.9685236850065786 -1.1519147035773005 -0.9509053338775137 -0.785933500578087 -0.708252588781755
-1.3617332488416198 -1.82141204648177 -1.4634391849048587 -0.7779251591557848 -0.37350391732952026 -0.2677938105551303 -0.30303051281326043 -0.47601068753498943 -0.7338792813331223 -0.7923401737159288 -0.7370826179020433 -0.6393808525499556 -0.7146592619195968 -1.0854454697721918 -1.3697415902639223 -1.4386133264957217 -1.4850617067450749 -1.6788635691647897 -1.9791763725011247 -1.9439396702429947 -1.6460293693333503 -1.209574761817877 -1.055013772367443 -1.093453811194494 -0.7066509204972946 -0.27099714712405154 0.1470382751201269 0.25435005017897705 -0.008323548472537023 -0.39272393674304595 -0.8019501834226916 -0.8500002319565052 -0.6417833549766463 -0.5528907651890911 -0.40313478059203867 -0.34387305406700186 -0.41754979515218293 -0.9076602901970814 -1.0678271186431267 -1.1230846744570124 -0.9493036655930533 -0.47681152167721974 -0.6634058768168625
-1.0990596501901055 -1.5923734818039252 -1.3929657803885989 -1.128690513452624 -0.6730158865236251 -0.5128490580775797 -0.4343673121390177 -0.5192557312154216 -0.7130575936351364 -0.810759358987224 -0.8011493492804613 -0.7058500863550643 -0.5993391454384442 -0.76110764216895 -1.1310930158793147 -1.4314058192156496 -1.5210992431454349 -1.4402149947801821 -1.4690450239004702 -1.3617332488416198 -1.2640314834895323 -0.9789345288555715 -1.0269845773893853 -1.039797923665069 -1.0173745676826225 -0.41754979515218293 0.24794337704113545 0.45776192230545476 0.21510917720969625 -0.1789012207675751 -0.6674100475280136 -0.7579043056000292 -0.7579043056000292 -0.5600982724691632 -0.4439773218457801 -0.5649032773225444 -0.9068594560548513 -1.3144840344500366 -1.156719708430682 -0.8027510175649217 -0.538475750628947 -0.6778208913770065 -0.906058621912621
-0.33346221021800915 -0.9709261874332693 -1.2848531711875182 -1.0277854115316154 -0.8019501834226916 -0.5825216284516095 -0.27420048369297234 -0.3558855662004552 -0.5729116187448469 -0.7282734423375108 -0.7162609302040572 -0.8067551882760728 -0.588127467447221 -0.693837574221611 -1.1663297181374446 -1.4514266727714054 -1.344915731854785 -1.273641493196295 -1.4738500287538516 -1.0998604843323359 -1.0766362942076593 -1.086246303914422 -1.1294913475948543 -0.9380919876018301 -0.9909470409890251 -0.5825216284516095 -0.2902171665375768 -0.054771928721890184 0.061349021901492495 -0.25177712771052585 -0.6065466527185164 -0.8395893881075123 -0.8083568565605335 -0.3486780589203833 -0.22214626444800745 -0.6393808525499556 -1.0990596501901055 -1.2720398249118345 -1.25602314206723 -0.8972494463480885 -0.7547009690311082 -0.895647778063628 -0.9645195142954275
0.5882978874889817 -0.3743047514717506 -0.8091576907027636 -0.9965528799846366 -0.7699168177334825 -0.3823130928940528 -0.0011160411924651115 -0.061979436001962096 -0.18690956218987775 -0.34147055164031137 -0.5929324723006024 -0.7442901251821152 -0.6505925305411788 -0.9268803096106069 -1.29125984432536 -0.8764277586501026 -0.7699168177334825 -1.1975622496844236 -1.6956810861516245 -1.227993947089172 -1.0846446356299615 -1.093453811194494 -1.0357937529539176 -0.7979460127115405 -0.686630066941539 -0.9789345288555715 -0.789136837147008 -0.367898078333909 -0.25177712771052585 -0.34707639063592266 -0.7146592619195968 -0.9284819778950673 -0.6954392425060714 -0.23656127900815171 -0.47601068753498943 -0.9316853144639883 -1.0606196113630548 -0.7827301640091662 -0.9148677974771535 -1.050208767514062 -0.9076602901970814 -0.9669220167221182 -0.9741295240021903
0.9943207975997068 -0.0011160411924651115 -0.5697082821759258 -0.7530993007466478 -0.6353766818388045 -0.24857379114160505 -0.03555190930836494 0.2054991675029334 0.1502416116890477 -0.19091373290102887 -0.4680023461126872 -0.5312682433488749 -0.5865257991627606 -0.9469011631663626 -0.5104465556508893 -0.07559361641987605 -0.20132457675002158 -0.7979460127115405 -1.4434183313491031 -1.2183839373824095 -0.9444986607396719 -0.7234684374841294 -0.6746175548080855 -0.6602025402479414 -0.6041441502918257 -1.227993947089172 -0.9669220167221182 -0.5256624043532634 -0.36549557590721804 -0.4367698145657082 -0.8131618614139147 -0.6770200572347762 -0.3871180977474342 -0.5753141211715374 -0.8860377683568654 -1.2648323176317626 -0.9893453727045647 -0.5088448873664286 -0.6578000378212507 -0.8227718711206775 -0.930884480321758 -0.9829386995667229 -1.1447071962972286
0.4641685954432968 0.19749082608063118 -0.28461132754196505 -0.49122653623736356 -0.38871976603189484 -0.37670725389844106 -0.403935614734269 0.11019990457753659 0.32962845954861875 -0.11002948453577588 -0.4391723169923991 -0.41835062929441325 -0.23415877658146078 -0.28060715683081394 0.1990924943650918 0.39529685921149715 0.22632085520091927 -0.34147055164031137 -0.8155643638406054 -0.9004527829170095 -0.7378834520442734 -0.471205682681608 -0.2717979812662814 -0.18290539147872664 -0.7210659350574387 -1.0822421332032708 -0.8508010660987353 -0.7034475839283738 -0.5969366430117535 -0.5745132870293073 -0.7338792813331223 -0.37030058076059946 -0.2317562741547703 -0.5328699116333355 -1.015772899398162 -1.422596643651117 -0.986942870277874 -0.4007322781653482 -0.5424799213400981 -0.8275768759740587 -1.0005570506957877 -0.986942870277874 -1.2311972836580931
-0.2717979812662814 0.12301325085322024 -0.25898463499059776 -0.5528907651890911 -0.591330804016142 -0.5857249650205303 -0.8572077392365771 -0.5528907651890911 -0.12924950394930113 0.030116490354513914 -0.0916102992644805 -0.04916608972627845 0.21751167963638673 0.32562428883746763 0.6956096625478323 0.6539662871518601 0.21510917720969625 -0.2990263421021093 -0.3518813954893041 -0.686630066941539 -0.6674100475280136 -0.6065466527185164 -0.43276564385455707 -0.21173542059901473 -0.39752894159642693 -0.7731201543024033 -0.9645195142954275 -0.8980502804903188 -0.7042484180706039 -0.5929324723006024 -0.5841232967360699 -0.403935614734269 -0.37270308318728995 -0.5753141211715374 -0.909261958481542 -1.07983963077658 -0.9573120070153556 -0.3743047514717506 -0.6626050426746322 -0.8411910563919727 -0.9252786413261465 -1.086246303914422 -1.0422004260917594
-0.5376749164867167 0.17026246524480326 -0.19011289875879855 -0.9605153435842764 -1.2207864398091 -0.6986425790749924 -0.746692627608806 -1.0950554794789544 -0.8203693686939868 -0.2597854691328281 0.15584745068465944 0.2951925914327189 0.5971070630535142 0.5931028923423631 0.38889018607365555 0.24874421118336576 0.08377237788393899 -0.12924950394930113 0.036523163492355515 -0.4976332093752056 -0.909261958481542 -1.1046654891857173 -1.0534121040829827 -0.7258709399108201 0.06695486089710423 -0.33666554678692995 -0.8219710369784472 -0.7571034714577989 -0.4095414537298807 -0.25257796185275616 -0.30623384938218123 -0.4015331123075785 -0.6137541599985883 -0.76110764216895 -0.6602025402479414 -0.3198480298000952 -0.27980632268858363 -0.5600982724691632 -0.6682108816702437 -0.6193599989941998 -0.6578000378212507 -0.9004527829170095 -0.920473636472765
