static/data/seaWind_uo/2023/7/30/18.asc
ncols 137
nrows 93
xllcorner 108.0
yllcorner 17.0
cellsize 0.25
NODATA_value -32767
[rows 19 to 37 of 93, columns 0 to 41 of 137]
0.36566599594897875 -0.5048407166552775 -0.7707176518757128 -0.3831139270362831 0.8253447935891289 0.7820997499086966 0.27357006959250274 -0.22935377172807936 -0.1997229084655614 0.1494407775468174 -0.052369426295199695 -0.5032390483708169 -0.8459960612453541 -0.8411910563919727 -1.0470054309451409 -1.1487113670083797 -0.8612119099477282 -0.7723193201601732 -0.7875351688625476 -0.9236769730416861 -1.160723879141833 -1.2928615126098204 -1.2552223079249998 -1.1094704940390985 -0.9549095045886649 -0.9036561194859303 -1.2424089616493161 -1.6700543936002572 -1.8550470804554395 -2.016014743043715 -2.2274349565924947 -2.500519399093002 -2.825658060838474 -3.0530949572318584 -3.227676800238048 -3.2476976537938036 -3.0763191473565348 -2.7760063440202 -2.4380543359990443 -2.0752764695687516 -1.7621503199567332 -1.7068927641428475
0.4057077030604903 -0.403935614734269 -0.24617128871491412 0.292790089006028 0.5810903802089098 0.6787921455609975 0.33283179611753955 -0.16208370378074033 -0.5448824237667889 -0.3638939076227574 -0.31824636151563457 -0.5520899310468608 -1.181545566839819 -1.1983630838266537 -1.1278896793103939 -1.04380209437622 -1.0742337917809686 -0.7715184860179429 -0.7026467497861435 -0.9164694657616139 -1.5010783895896793 -1.5587384478302555 -1.3993724535264407 -1.1759397278442074 -1.0742337917809686 -1.1391013573016169 -1.39777078524198 -1.6788635691647897 -1.771760329663496 -1.8822754412912672 -2.100102327977889 -2.4004151313142237 -2.7591888270333653 -3.097140835054521 -3.334187741154668 -3.4414995162135185 -3.4358936772179067 -3.033074103676103 -2.4941127259551603 -1.991188884634578 -1.761349485814503 -1.9359313288206925
0.3720726690868208 0.4265293907584762 0.5234303219683336 0.717232184388048 0.8173364521668267 0.6972113308322925 0.07336153403494627 -0.49122653623736356 -0.33346221021800915 -0.1476686892205965 -0.04436108487289703 -0.287013829968656 -1.1631263815685238 -1.2215872739513303 -1.135898020732696 -1.0582171089363641 -1.2015664203955747 -1.0205779042515435 -0.948502831450823 -0.9525070021619741 -1.0670262845008966 -0.8892411049257862 -0.7250701057685898 -0.6073474868607465 -0.76110764216895 -1.3128823661655762 -1.6107926670752204 -1.817407875770619 -1.853445412170979 -1.9038979631314832 -2.0600606208663774 -2.3355475657935756 -2.6807070810948033 -2.9994390697024333 -3.1836309224153854 -3.246095985509343 -3.2717226780607103 -3.045086615809556 -2.609432842436313 -2.1513557130806236 -1.9991972260568804 -2.203409932325588
0.1790716408093358 0.3192176156996256 0.5554636876575425 0.7500663842194877 1.0984292360896362 -0.11723699181584779 -0.49122653623736356 -0.4696040143971474 -0.2958230055331885 0.02451065135890218 0.2383333673343726 0.0004856270919955108 -0.1740962159141941 -0.14927035750505713 -0.08600446026886921 -0.33426304436023946 -0.9845403678511833 -1.0253829091049247 -1.4570325117670169 -1.6388218620532782 -0.8275768759740587 -0.040356914161745916 0.026112319643362802 -0.22775210344361918 -0.5448824237667889 -1.1903547424043515 -1.648431871760041 -1.8686612608733535 -1.9815788749278154 -1.9495455092386063 -2.051251445301845 -2.1905965860499044 -2.5269469257865995 -2.878513114225669 -3.075518313214305 -3.1483942201572552 -3.0090490794091957 -2.785616353726963 -2.430045994576742 -2.2338416297303367 -2.199405761614437 -2.411626809305447
0.22712168934314958 0.3200184498418559 0.4929986245635849 0.773290574344164 0.7252405258103507 -0.13245284051822237 -0.4856206972417523 -0.6682108816702437 -0.7354809496175827 -0.34066971749808106 0.13182242641775277 0.6059162386180468 0.3184167815573953 0.27437090373473305 0.33363263025976986 0.30960760599286274 -0.06678444085534352 -0.6497916963989485 -1.1206821720303217 -1.4266008143622684 -0.8548052368098866 0.2607567233168191 0.3560559862422159 -0.036352743450594804 -0.5560941017580121 -1.2368031226537046 -1.7397269639742867 -1.9983963919146501 -2.0928948206978166 -2.0712722988576004 -1.9183129776916275 -1.9727696993632828 -2.297908361108755 -2.6743004079569612 -2.9513890211686196 -3.0787216497832257 -2.8977331336391945 -2.659084559254587 -2.3563692534915615 -2.234642463872567 -2.3908051216074613 -2.626250359423148
0.3504501472466046 0.373674337371281 0.38808935193142524 0.5290361609639449 0.30560343528171163 0.5146211464038011 0.17746997252487562 -0.2133370888834749 -0.8612119099477282 -0.45759150226369405 -0.5000357118018961 -0.01793355817929987 -0.14927035750505713 -0.07158944570872494 0.10699656800861579 0.51061697569265 0.3160142791307048 -0.05957693357527161 -0.19331623532771935 -0.4920273703795939 -0.6602025402479414 0.21110500649854513 0.3304292936908486 -0.019535226463760047 -0.6497916963989485 -1.2816498346185974 -1.8085987002060864 -2.0928948206978166 -2.1425465375160906 -2.064865625719759 -1.8774704364378858 -1.8550470804554395 -2.122525683960335 -2.4412576725679656 -2.785616353726963 -3.0186590891159586 -2.9057414750614967 -2.644669544694443 -2.405220136167605 -2.3283400585135032 -2.538959437920053 -2.755184656322214
0.13342409470221295 0.2279225234853799 0.28798508415264656 0.5226294878261033 0.5114178098348798 0.7204355209569693 0.8773990128340934 0.3608609910955973 -0.47601068753498943 -0.9533078363042045 -0.9973537141268669 -0.5977374771539838 -0.535272414060026 -0.439973151134629 -0.46079483883261485 -0.04115774830397623 -0.04436108487289703 0.4265293907584762 0.31441261084624417 0.33843763511315084 0.12221241671098992 0.45776192230545476 0.2831800792992656 -0.06918694328203445 -0.6874309010837691 -1.2784464980496764 -1.8342253927574537 -2.2274349565924947 -2.2786883416952293 -2.0392389331683916 -1.8670595925888929 -1.8398312317530652 -1.9687655286521317 -2.288298351401992 -2.6230470228542266 -3.013053250120347 -2.9017373043503456 -2.6887154225171055 -2.447664345705807 -2.4388551701412746 -2.66949540310358 -2.884919787363511
-0.44718065841470134 -0.34066971749808106 0.16545746039142228 0.890212359109777 0.8141331155979055 0.7052196722545947 0.8533739885671867 0.36406432766451813 -0.31344135666225315 -0.7699168177334825 -0.746692627608806 -0.3799105904673623 -0.3935247708852758 -0.5608991066113933 -0.6089491551452069 -0.6954392425060714 -0.5841232967360699 0.1990924943650918 0.44094440531862 0.4745794392922895 0.706020506396825 0.7925105937576897 0.4441477418875408 -0.12364366495368984 -0.7522984666044175 -1.1839480692665096 -1.7549428126766613 -2.17618157148976 -2.322734219517892 -2.0472472745906938 -1.8382295634686048 -1.9263213191139297 -2.0360355965994708 -2.182588244627602 -2.4700877016882536 -2.9033389726348062 -2.904139806777036 -2.6919187590860263 -2.5157352477953765 -2.506926072230844 -2.7784088464468906 -3.457516199058123
-0.6778208913770065 -0.5136498922198101 -0.06278027014419241 0.8045231058911431 0.6539662871518601 0.4737786051500592 0.4697744344389081 0.21591001135192656 -0.2125362547412446 -0.5096457215086589 -0.48642153138398214 -0.2725988154085117 -0.5096457215086589 -0.7779251591557848 -1.0990596501901055 -1.288056507756439 -1.2079730935334165 -0.4896248679529034 -0.21814209373685634 -0.03955608001951605 0.3896910202158854 0.5162228146882613 0.3808818446513529 -0.18210455733649633 -0.6497916963989485 -0.998154548269097 -1.5419209308434207 -1.9999980601991105 -2.1777832397742207 -2.0528531135863055 -1.7381252956898265 -1.8758687681534254 -2.027226421034938 -2.17618157148976 -2.337950068220266 -2.736765471050919 -2.7824130171580417 -2.764794666028977 -2.6406653739832917 -2.56298446218696 -2.8592930948121436 -3.773044851096832
-0.07479278227764574 0.21190584064077544 0.22552002105868896 0.4121143761983319 0.2046983333607031 0.010896470940988223 0.0909798851640109 0.42252522004732507 0.19588915779617055 -0.09961864068678272 -0.39832977573865724 -0.5865257991627606 -0.9268803096106069 -1.0942546453367243 -1.4378124923534914 -1.931126323967311 -2.249858312574941 -1.6268093499198248 -1.0870471380566522 -0.9300836461795279 -1.0590179430785942 -0.28541216168419536 -0.0948136358334013 -0.13966034779829428 -0.42395646829002454 -0.7675143153067918 -1.1631263815685238 -1.5907718135194648 -1.8422337341797559 -1.8558479145976698 -1.6075893305062996 -1.754141978534431 -1.9223171484027786 -2.053653947728536 -2.1313348595248676 -2.4740918723994048 -2.6726987396725006 -2.7343629686242283 -2.7151429492107026 -2.6678937348191196 -2.765595500171207 -2.9393765090351662
0.4337368980385481 0.8894115249675467 1.0375658412801387 0.7204355209569693 0.3304292936908486 -0.06758527499757383 -0.21814209373685634 0.2351300307654518 0.5506586828041611 0.42492772247401556 -0.06037776771750192 -0.7410867886131944 -0.8355852173963612 -0.800348515138231 -1.2824506687608275 -2.114517342538033 -2.694321261512717 -2.3715851021939356 -1.7765653345168773 -1.2816498346185974 -0.9789345288555715 -0.7026467497861435 -0.2862129958264257 -0.08119945541548779 -0.1404611819405246 -0.39672810745419707 -0.7090534229239853 -0.9781336947133414 -1.1679313864219052 -1.280849000476367 -1.383355770681836 -1.6220043450664434 -1.8206112123395397 -1.931126323967311 -1.9495455092386063 -2.2026090981833577 -2.5910136571650177 -2.8088405438516393 -2.8272597291229347 -2.712740446784012 -2.899334801923655 -2.954592357737541
0.040527334203506626 0.8253447935891289 1.1464792846234495 0.7380538720860339 0.4369402346074689 0.13742826541336406 0.030917324496744225 0.292790089006028 0.055743182905881206 -0.37030058076059946 -0.6225633355631208 -0.02273856303268129 0.5746837070710678 0.33283179611753955 -0.683426730372618 -1.8582504170243603 -2.652677886116745 -1.8950887875669509 -1.3897624438196778 -0.9789345288555715 -0.6457875256877974 -0.39993144402311787 -0.1732953817719638 -0.04596275315735765 -0.13805867951383366 -0.3711014149028298 -0.4688031802549175 -0.4383714828501688 -0.5440815896245585 -0.7867343347203173 -1.2007655862533444 -1.549128438123493 -1.7981878563570934 -1.9046987972737135 -1.9103046362693252 -1.9863838797811968 -2.365178429056094 -2.7039312712194796 -2.8520855875320716 -2.864098099665525 -3.0034432404135845 -3.1035475081923627
-0.5448824237667889 0.05253984633695996 0.4105127079138713 0.30800593770840257 0.1790716408093358 0.45295691745207334 0.6283395946004933 0.7644813987796315 -0.3510805613470742 -0.7603068080267197 -0.6545967012523299 0.08056904131501819 0.6723854724231555 1.0639933679737363 0.034120661065665026 -1.6043859939373786 -2.464481862692642 -1.6828677398759408 -1.2608281469206113 -0.9469011631663626 -1.0093662262603202 -0.6497916963989485 -0.10922865039354557 0.2343291966232215 0.16866079696034308 -0.2910180006798071 -0.34307221992477155 -0.1732953817719638 -0.05717443114858067 -0.2894163323953465 -0.8508010660987353 -1.4298041509311892 -1.7036894275739267 -1.8478395731753676 -1.8558479145976698 -1.9751722017899733 -2.1769824056319904 -2.4676851992615627 -2.6718979055302707 -2.899334801923655 -3.019459923258189 -3.080323318067686
-0.76110764216895 -0.6674100475280136 -0.524060736068803 -0.36949974661836915 0.35925932281113715 0.6483604481562488 1.0848150556717222 1.1640976357525146 0.11660657771537819 -0.30783551766664186 -0.17089287934527286 0.2919892548637981 0.6267379263160326 0.9262498955101375 0.6179287507515001 -0.6962400766483017 -1.8118020367750072 -1.531510086994428 -1.0213787383937736 -0.8331827149696704 -0.9749303581444204 -1.1126738306080195 -0.520857399499882 -0.10362281139793383 0.24474004047221465 -0.06358110428642272 -0.20052374260779127 0.014099807509909468 0.13182242641775277 0.02771398792782298 -0.45358733155254294 -0.9252786413261465 -1.4970742188785282 -1.7237102811296823 -1.8822754412912672 -1.8622545877355114 -2.0384380990261612 -2.199405761614437 -2.408423472736526 -2.6358603691299103 -2.8416747436830785 -2.9513890211686196
-0.9949512117001762 -0.9036561194859303 -0.7603068080267197 -0.7202651009152086 0.06775569503933454 0.7740914084863944 1.1737076454592774 0.9366607393591302 0.3536534838155254 -0.04596275315735765 0.1734658018137245 0.5346419999595566 0.5514595169463914 0.5907003899156726 0.2823792451570353 0.22712168934314958 -0.7378834520442734 -0.9276811437528372 -0.7875351688625476 -0.5977374771539838 -0.4784131899616799 -0.9789345288555715 -0.6634058768168625 -0.5576957700424725 -0.22374793273246807 -0.17810038662534522 -0.3350638785024693 -0.14286368436721508 0.007693134372067423 -0.07239027985095525 -0.11163115282023606 -0.10922865039354557 -0.6890325693682295 -1.4354099899268007 -1.71570193970738 -1.7108969348539986 -1.6684527253157966 -1.8302212220463026 -2.235443298014797 -2.3843984484696192 -2.524544423359909 -2.828060563265165
-1.1655288839952145 -1.0181754018248528 -0.8411910563919727 -0.8732244220811818 -0.7170617643462875 -0.009124382614767335 0.5762853753555284 0.3184167815573953 0.03892566591904645 0.4649694295855267 0.6843979845566088 0.7324480330904226 0.730846364805962 0.7452613793661063 0.4713761027233687 0.4593635905899154 0.10539489972415517 -0.5889283015894513 -0.45518899983700356 -0.22294709859023776 0.07656487060386707 -0.2125362547412446 -0.6954392425060714 -0.5897291357316816 -0.8876394366413258 -0.8091576907027636 -0.8948469439213977 -0.8019501834226916 -0.6513933646834089 -0.42876147314340596 -0.09561446997563161 0.12461491913768041 0.3184167815573953 -0.43116397557009645 -1.07903879663435 -1.2127780983867977 -1.1230846744570124 -1.2368031226537046 -1.6756602325958687 -1.9407363336740737 -2.181787410485372 -2.4877060528173183
-1.4634391849048587 -1.2968656833209715 -1.4201941412244266 -1.160723879141833 -1.4097832973754336 -1.0998604843323359 -0.36949974661836915 -0.11323282110469668 0.31120927427732337 0.7949130961843802 0.9903166268885553 0.9390632417858211 1.1336659383477659 0.9278515637945977 0.6347462677383349 0.30320093285502114 0.21190584064077544 -0.3751055856139809 -0.76110764216895 -0.5536915993313214 0.21110500649854513 0.533040331675096 -0.11963949424253872 -0.7803276615824755 -1.223989776378021 -1.528306750425507 -1.567547623394788 -1.5018792237319096 -1.2944631808942808 -1.0518104357985223 -0.5921316381583721 -0.06358110428642272 0.231926694196531 0.5114178098348798 -0.22775210344361918 -0.3262547029379368 0.1766691383826453 0.06455235847041374 -0.708252588781755 -1.2392056250803953 -1.6756602325958687 -2.171376566636379
-1.7245111152719126 -1.7533411443922007 -2.03443392831501 -1.5843651403816228 -1.4041774583798219 -1.1166780013191706 -0.5929324723006024 -0.040356914161745916 0.7020163356856739 1.1392717773433776 1.303442776500574 1.044773348560211 0.9606857636260373 0.669982969996465 0.18067330909379642 -0.1740962159141941 -0.13885951365606397 -0.12604616738038033 -0.601741647865135 -0.7763234908713244 -0.18931206461656824 0.5306378292484055 0.2975950938594094 -0.42956230728563627 -1.2247906105202513 -1.7837728417969494 -1.9527488458075273 -2.243451639437099 -2.0208197478970966 -1.4330074875001102 -1.156719708430682 -0.8724235879389515 -0.5344715799177959 -0.06758527499757383 0.2623583916012797 0.7636805646374012 1.380322854154676 1.1600934650413635 0.292790089006028 -0.6249658379898115 -1.1471096987239193 -1.6284110182042855
-1.8045945294949353 -1.7629511540989635 -1.6508343741867317 -1.4434183313491031 -1.3208907075878784 -0.7915393395736987 -0.06358110428642272 0.5162228146882613 0.9831091196084834 1.2778160839492068 1.380322854154676 1.2954344350782718 0.8709923396962518 -0.21734125959462602 -0.7034475839283738 -0.5376749164867167 -0.2357604448659214 -0.040356914161745916 -0.1772995524831149 -0.3566864003426855 -0.3558855662004552 0.08377237788393899 0.13262326055998264 -0.18851123047433793 -0.8684194172278004 -1.7036894275739267 -2.4492660139902678 -2.8192513877006324 -2.7495788173266025 -2.1489532106539326 -1.5467259356968022 -1.5555351112613347 -1.5219000772876652 -1.0526112699407524 0.16225412382250104 1.3314719714786318 1.7751340862741771 1.4483937562442453 0.6219329214626512 -0.22054459616354727 -0.7178625984885179 -1.0325904163849968
