static/data/seaWind_uo/2023/7/30/6.asc
ncols 137
nrows 93
xllcorner 108.0
yllcorner 17.0
cellsize 0.25
NODATA_value -32767
[rows 57 to 75 of 93, columns 0 to 42 of 137]
-0.5456832579090192 0.6283395946004933 0.6435554433028674 -0.1789012207675751 -1.0558146065096734 -1.213578932529028 -0.39832977573865724 -0.3302588736490879 -0.24456962043045394 0.5298369951061752 1.5941455701301463 2.028197675218929 2.0370068507834618 1.4315762392574105 1.2385752109799255 1.3995428735682012 1.3739161810168339 0.9142373833766841 0.3520518155310648 0.5522603510886217 0.07896737303055756 -0.5416790871978678 -0.6890325693682295 -0.2725988154085117 0.22151585034753785 0.6011112337646654 0.4921977904213546 0.3224209522685464 0.5090153074081893 0.9414657442125116 1.292231098509351 0.9726982757594906 0.7820997499086966 0.5762853753555284 0.39449602506926684 0.002087295376455689 -0.6754183889503158 -0.9244778071839161 -0.878029426934563 -0.8628135782321888 -0.8355852173963612 -0.8796310952190236 -0.8580085733788074
-1.1407030255860775 -0.08360195784217828 0.12621658742214104 -0.42635897071671547 -0.7651118128801011 -0.8091576907027636 -0.6818250620881576 -1.0221795725360039 -0.8307802125429797 0.1830758115204869 1.2577952303934512 1.487634629213526 0.9767024464706417 0.7228380233836598 1.6397931162372692 1.8103707885323073 1.1857201575927308 0.18387664566271722 -0.31344135666225315 0.036523163492355515 -0.3278563712223974 -0.6449866915455671 -0.6802233938036972 -0.13725784537160335 0.3768776739402018 0.5042103025548079 0.09178071930624121 -0.05957693357527161 0.13182242641775277 0.5530611852308516 0.5522603510886217 0.22952419176984007 0.2911884207215678 0.4337368980385481 0.2919892548637981 -0.13725784537160335 -0.6249658379898115 -0.5641024431803143 -0.6802233938036972 -0.8203693686939868 -1.093453811194494 -1.11427549889248 -0.5216582336421123
-1.7036894275739267 -1.0253829091049247 -0.693837574221611 -0.566504945607005 -0.8259752076895983 -0.5448824237667889 -0.5809199601671491 -0.9677228508643485 -1.0277854115316154 -0.17489705005642397 0.3280267912641581 0.5210278195416427 0.07896737303055756 0.3672676642334394 1.0527816899825133 1.0391675095645994 0.3504501472466046 -0.17169371348750317 -0.2950221713909582 0.11019990457753659 -0.42155396586333405 -0.8043526858493824 -0.86761858308557 -0.25017545942606567 0.4641685954432968 0.47217693686559903 0.0653531926126436 -0.2677938105551303 -0.1212411625269989 -0.03955608001951605 -0.06918694328203445 -0.4335664779967874 -0.39832977573865724 -0.1764987183408846 0.011697305083218534 -0.3310597077913182 -0.6537958671100996 -0.415147292725492 -0.4127447902988015 -0.5360732482022563 -0.7827301640091662 -1.0454037626606805 -0.6730158865236251
-1.9855830456389665 -1.4698458580427005 -1.0141712311137017 -0.8980502804903188 -1.012569562829241 -0.8067551882760728 -0.7563026373155686 -0.6706133840969344 -0.8435935588186634 -1.0173745676826225 -0.5440815896245585 -0.27900548854635376 -0.502438214228587 -0.03234857273944369 -0.033950241023904315 -0.033149406881674004 0.002087295376455689 -0.27820465440412345 -0.37350391732952026 0.15744911896912006 -0.17489705005642397 -0.6505925305411788 -0.7266717740530502 -0.471205682681608 0.2639600598857399 0.36566599594897875 -0.010726050899227513 -0.3494788930626136 -0.5336707457755656 -0.47921402410391023 -0.5232599019265727 -0.853203568525426 -0.8403902222497424 -0.6329741794121138 -0.45118482912585245 -0.5448824237667889 -0.7306759447642015 -0.5600982724691632 -0.3815122587518225 -0.4680023461126872 -0.25177712771052585 -0.46159567297484516 -0.576915789455998
-2.1697748983519185 -1.71570193970738 -1.2432097957915464 -0.9517061680197438 -1.0662254503586663 -1.174338059559747 -1.0678271186431267 -0.4992348776596658 -0.708252588781755 -0.8820335976457143 -1.1270888451681635 -0.8828344317879444 -0.9517061680197438 -0.42475730243225485 -0.5288657409221844 -0.4784131899616799 -0.4431764877035502 -0.5408782530556377 -0.9012536170592396 -0.4167489610099526 0.139830767840055 -0.33666554678692995 -0.42876147314340596 -0.3022296786710301 0.2327275283387613 0.4737786051500592 0.08537404616839961 -0.42796063900117565 -0.6129533258563582 -0.693837574221611 -0.7322776130486619 -0.9845403678511833 -1.1190805037458613 -0.9108636267660024 -0.7058500863550643 -0.7739209884446336 -0.8852369342146351 -0.8572077392365771 -0.669011715812474 -0.150071191647287 0.0653531926126436 -0.04596275315735765 -0.4704048485393777
-2.1913974201921347 -1.698083588578315 -1.422596643651117 -1.0918521429100336 -0.9669220167221182 -1.160723879141833 -1.00856539211809 -0.008323548472537023 -0.2661921422706701 -1.065424616216436 -1.3609324146993897 -1.234400620227014 -1.2896581760408996 -0.878029426934563 -0.9380919876018301 -0.8660169148011096 -0.4928282045218242 -0.6802233938036972 -1.262429815205072 -1.1823464009820492 -0.37030058076059946 0.18788081637386833 0.17026246524480326 0.13662743127113375 0.38408518122027413 0.5907003899156726 0.21430834306746593 -0.3126405225200233 -0.6594017061057111 -0.789136837147008 -0.841991890534203 -0.9509053338775137 -1.1695330547063656 -1.0430012602339898 -0.83158104668521 -0.8299793784007494 -0.97332868985996 -0.9557103387308952 -0.7963443444270799 -0.25017545942606567 0.14543660683566628 0.11500490943091801 -0.7819293298669359
-1.690876081298243 -1.262429815205072 -1.18474890340874 -1.1391013573016169 -0.9901462068467948 -0.9557103387308952 -0.6193599989941998 0.2719684013080421 -0.36709724419167866 -1.2167822690979488 -1.5827634720971626 -1.5082858968697515 -1.4674433556160098 -1.4522275069136354 -1.5331117552788884 -1.418592472939966 -0.9493036655930533 -0.5801191260249188 -0.9853412019934134 -1.18474890340874 -0.7875351688625476 -0.07239027985095525 0.3608609910955973 0.5066128049814989 0.05974735361703232 0.16385579210696166 -0.08760612855332939 -0.19491790361217998 -0.4936290386640545 -0.9693245191488089 -1.1094704940390985 -1.146308864581689 -1.273641493196295 -1.1342963524482357 -0.9108636267660024 -0.8764277586501026 -0.8756269245078725 -0.7707176518757128 -0.6193599989941998 -0.206129581603403 0.1206107484265293 -0.06037776771750192 -1.2055705911067258
-0.9044569536281606 -0.86761858308557 -1.3921649462463686 -1.4586341800514773 -1.2784464980496764 -1.1102713281813288 -0.5705091163181562 -0.2974246738176487 -0.9517061680197438 -1.4137874680865847 -1.6171993402130622 -1.6652493887468758 -1.7333202908364451 -1.7573453151033518 -1.8726654315845046 -1.9991972260568804 -1.9783755383588943 -1.5202984090032048 -1.0037603872647087 -0.7995476809960009 -0.535272414060026 -0.13165200637599206 0.13182242641775277 -0.12684700152261064 -0.810759358987224 -0.3238522005112463 0.07015819746602503 0.04933650976803916 -0.2838104933997352 -0.8612119099477282 -1.3809532682551453 -1.3248948782990295 -1.259226478636151 -1.0974579819056451 -0.9276811437528372 -0.9316853144639883 -0.838788553965282 -0.8227718711206775 -0.5064423849397381 -0.04836525558404858 0.20790166992962433 -0.06838610913980414 -1.1062671574701777
-0.7442901251821152 -1.2368031226537046 -1.7909803490770213 -1.8726654315845046 -1.730116954267524 -1.698083588578315 -1.5595392819724858 -1.4482233362024843 -1.6163985060708321 -1.8093995343483167 -1.9647613579409806 -2.122525683960335 -2.369983433909475 -2.0144130747592546 -1.8878812802868787 -2.333945897509115 -2.7712013391668187 -2.514133579510916 -1.6492327059022713 -1.1046654891857173 -0.6650075451013229 -0.3799105904673623 -0.4647990095437664 -0.9861420361356437 -1.4970742188785282 -0.789136837147008 -0.3238522005112463 -0.2637896398439792 -0.45118482912585245 -0.718663432630748 -1.1391013573016169 -1.2127780983867977 -1.2840523370452879 -1.2656331517739927 -1.2456122982182372 -1.2832515029030578 -1.1471096987239193 -1.1759397278442074 -0.8083568565605335 -0.2966238396754184 -0.07959778713102716 -0.4071389513031898 -0.934087816890679
-1.301670688174353 -1.2311972836580931 -1.6324151889154366 -1.938333831247383 -2.055255616012996 -2.196202425045516 -2.3155267122378196 -2.2947050245398337 -2.2722816685573877 -2.3211325512334313 -2.35316591692264 -2.4909093893862395 -2.9249614944750224 -2.8152472169894813 -2.5934161595917082 -2.45887602369703 -2.504523569804153 -2.380394277758468 -2.037637264883931 -1.453829175198096 -0.5993391454384442 -0.39993144402311787 -0.9933495434157158 -1.8310220561885329 -1.5867676428083137 -0.6217625014208905 -0.4103422878721106 -0.6914350717949203 -1.0077645579758598 -1.1246863427414728 -1.0301879139583061 -1.0702296210698174 -1.348119068423706 -1.5643442868258672 -1.8774704364378858 -2.107309835257961 -2.1793849080586813 -1.729316120125294 -1.3385090587169433 -1.0526112699407524 -0.9605153435842764 -1.036594587096148 -1.1014621526167963
-1.835827061041914 -1.5299084187099674 -1.4274016485044985 -1.6388218620532782 -1.8798729388645765 -2.1729782349208393 -2.464481862692642 -2.168974064209688 -2.1841899129120628 -2.2794891758374596 -2.326738390229043 -2.2754850051263085 -2.574196140178183 -2.8088405438516393 -3.1708175761397017 -2.920156489621641 -2.312323375668899 -1.9575538506609085 -1.5259042479988163 -0.8379877198230519 -0.25578129842167696 -0.42956230728563627 -1.146308864581689 -2.157762386218465 -1.8702629291578137 -1.0213787383937736 -0.6169574965675093 -0.7619084763111803 -1.026183743247155 -1.263230649347302 -1.1094704940390985 -1.0037603872647087 -1.3240940441567992 -1.8486404073175977 -2.277887507552999 -2.719947954064084 -2.9209573237638713 -2.5445652769156646 -2.1873932494809836 -1.8494412414598278 -1.60919099879076 -1.605987662221839 -1.6492327059022713
-1.7501378078232799 -1.4097832973754336 -1.4233974777933474 -1.4946717164518375 -1.7028885934316964 -1.9991972260568804 -2.3579709217760216 -2.0216205820393265 -1.743731134685438 -1.8310220561885329 -1.7733619979479562 -1.6636477204624154 -1.955952182376448 -2.8032347048560275 -3.218867624673515 -3.0635058010808516 -2.468486033403793 -1.711697768996229 -0.8355852173963612 -0.24857379114160505 -0.5504882627624004 -0.6706133840969344 -1.2752431614807556 -2.195401590903286 -2.199405761614437 -1.7517394761077403 -1.4530283410558658 -1.412185799802124 -1.637220193768818 -1.6948802520093942 -1.525103413856586 -1.4402149947801821 -1.7205069445607615 -2.288298351401992 -2.8224547242695532 -3.1139583520413554 -3.309361882745531 -3.256506829358336 -2.9057414750614967 -2.5269469257865995 -2.2794891758374596 -2.277086673410769 -2.253061649143862
-1.8614537535932814 -1.2800481663341368 -1.1342963524482357 -1.4338083216423403 -1.2007655862533444 -1.1030638209012567 -1.6228051792086737 -1.7973870222148631 -1.934329660536232 -1.6412243644799691 -1.4025757900953615 -1.0942546453367243 -1.6051868280796087 -2.522141920933218 -3.1267716983170395 -2.620644520427536 -2.0776789719954425 -1.4482233362024843 -0.48401902895729165 -0.17569788419865429 -0.6393808525499556 -0.8211702028362171 -1.613195169501911 -2.8833181190790502 -2.5253452575021393 -2.2690783319884664 -2.4516685164169583 -3.0538957913740887 -3.073115810787614 -2.8512847533898413 -2.313124209811129 -2.1657707276407674 -2.4316476628612027 -3.1091533471879744 -3.3854411262574025 -3.3221752290212145 -3.514375423156469 -3.6264922030687003 -3.464723706338195 -3.158004229864018 -2.958596528448692 -2.8761106117989783 -2.7752055098779698
-2.355568419349331 -1.528306750425507 -0.8820335976457143 -1.1190805037458613 -0.6289700087009626 -0.12844866980707081 -0.6177583307097394 -1.6676518911735665 -1.9463421726696852 -1.5259042479988163 -1.2704381566273741 -1.002158718980248 -1.4249991460778078 -2.263472492992855 -2.4204359848699792 -1.9839813773545059 -1.6596435497512643 -1.064623782074206 -0.42876147314340596 -0.6890325693682295 -0.9901462068467948 -1.0990596501901055 -1.8486404073175977 -3.1395850445927227 -2.7271554613441564 -2.659084559254587 -3.420677828515532 -4.1782669270653265 -4.033315947321656 -3.680148090598126 -2.842475577825309 -2.6678937348191196 -2.9746132112932964 -3.3926486335374744 -3.5904546666683403 -3.3758311165506396 -3.4607195356270437 -3.7177872952829465 -3.9220000015516545 -3.670538080891363 -3.468727877049346 -3.3149677217411426 -3.223672629526897
-2.3755892729050867 -1.8134037050594678 -1.0718312893542778 -0.7731201543024033 0.07656487060386707 0.5955053947690536 0.0325189927812044 -1.0205779042515435 -1.7837728417969494 -1.4346091557845706 -1.259226478636151 -1.3385090587169433 -1.6700543936002572 -1.8822754412912672 -1.987985548065657 -1.790179514934791 -1.666050222889106 -1.1687322205641353 -0.9653203484376578 -1.2448114640760068 -1.567547623394788 -1.634817691342127 -2.0048030650524917 -2.8697039386611367 -2.6606862275390473 -2.9898290599956705 -3.753824831683307 -4.062946810584174 -3.87154745059115 -3.605670515370715 -2.942579845604087 -2.787218022011423 -3.0434849475250956 -3.464723706338195 -3.5680313106858943 -3.323776897305675 -3.2725235122029406 -3.6697372467491327 -3.927605840547266 -4.080565161713239 -3.914792494271582 -3.6072721836551755 -3.532794608427764
-2.028828089319399 -1.461036682478168 -1.1030638209012567 -0.6962400766483017 0.47698194171898045 0.6755888089920763 0.21911334792084736 -0.4343673121390177 -1.2111764301023373 -1.6356185254843574 -1.4105841315176637 -1.7461336371121288 -2.028828089319399 -2.1729782349208393 -1.9975955577724198 -1.8190095440550793 -1.8630554218777418 -1.8150053733439282 -1.6876727447293223 -1.8814746071490371 -2.160965722787386 -2.2402483028681783 -2.503722735661923 -2.7663963343134372 -2.9970365672757424 -3.2164651222468246 -3.365420272701647 -3.434292008933446 -3.4695287111915762 -3.3013535413232287 -2.896131465354734 -2.900135636065885 -3.0995433374812116 -3.2725235122029406 -3.344598585003661 -3.2412909806559616 -3.178825917562004 -3.6200855299308587 -4.0253076058993535 -4.215906131750147 -4.134221049242664 -3.772244016954602 -3.638504715202154
-1.623606013350904 -1.4474225020602542 -1.2536206396405394 -0.6345758476965742 0.663576296858623 0.8061247741756032 0.9975241341686276 0.564272863222075 -0.6289700087009626 -1.832623724472993 -1.8798729388645765 -2.2058124347522785 -2.349161746211489 -2.373987604620626 -2.1297331912404074 -1.8262170513351514 -1.931126323967311 -2.2714808344151574 -2.712740446784012 -2.8825172849368204 -2.736765471050919 -2.542162774488974 -2.3707842680517053 -2.4204359848699792 -2.66949540310358 -2.779209680589121 -2.9361731724662454 -3.149995888441716 -3.2941460340431568 -3.090734161916679 -2.9537915235953105 -2.8865214556479715 -2.9265631627594826 -3.0434849475250956 -3.1724192444241623 -3.2332826392336593 -3.2701210097762496 -3.5888529983838797 -4.021303435188202 -4.255947838861658 -4.184673600203169 -3.949228362387482 -3.726596470847479
-2.005603899194722 -2.273883336841848 -1.743731134685438 -0.6113516575718976 0.7636805646374012 1.2537910596823 1.945711758569216 2.0386085190679224 0.8381581398648126 -1.3417123952858643 -2.550971950053506 -2.871305606945597 -3.056298293800779 -3.4238811650844534 -3.549612125414599 -3.0250657622538006 -2.6502753836900546 -2.6222461887119963 -2.9089448116304175 -3.0114515818358867 -2.8032347048560275 -2.4268426580078213 -2.159364054502926 -2.2114182737478902 -2.2426508052948693 -2.4060209703098354 -2.6518770519745147 -2.836869738829697 -2.8448780802519993 -2.828861397407395 -2.8592930948121436 -2.7808113488735815 -2.7824130171580417 -2.8809156166523597 -3.033874937818333 -3.2613118342117176 -3.5047654134497064 -3.6929614368738095 -4.0477309618818 -4.248740331581587 -4.181470263634248 -4.074158488575398 -3.8483232604664734
-2.2546633174283226 -2.1905965860499044 -1.4986758871629886 -0.41754979515218293 0.7708880719174735 1.6261789358193552 2.459046443738791 2.5775698967888645 1.2962352692205021 -1.2672348200584531 -3.3261793997323656 -3.8803566261556828 -3.822696567915106 -3.910788323560431 -3.7818540266613647 -3.1916392638376876 -2.91615231891049 -2.6743004079569612 -2.8689031045189064 -2.9225589920483315 -2.7744046757357395 -2.549370281769046 -2.297908361108755 -2.115318176680263 -1.9215163142605483 -2.0464464404484635 -2.249057478432711 -2.434050165287893 -2.643067876409982 -2.7079354419306307 -2.6494745495478242 -2.6855120859481842 -2.7031304370772493 -2.7631929977445164 -2.920156489621641 -3.152398390868407 -3.5528154619835197 -3.7466173244032346 -3.951630864814173 -4.062145976441943 -4.01089259133921 -3.970850884227698 -3.933211679542877
