static/data/thetao/2023/7/18/0.asc
ncols 137
nrows 93
xllcorner 108.0
yllcorner 17.0
cellsize 0.25
NODATA_value -32767
[rows 0 to 26 of 93, columns 61 to 121 of 137]
-32767.0 -32767.0 -32767.0 -32767.0 -32767.0 -32767.0 -32767.0 -32767.0 -32767.0 -32767.0 -32767.0 -32767.0 -32767.0 -32767.0 -32767.0 -32767.0 -32767.0 -32767.0 -32767.0 21.121548 21.262257 22.01426 21.962872 21.915901 21.86691 22.016048 22.822674 23.383804 23.747759 23.600101 23.632158 23.703192 23.56476 23.691345 23.615416 23.835037 24.24789 24.288984 24.234562 23.924805 23.644648 23.017168 23.491116 23.462193 23.514854 23.578085 23.548466 22.865372 22.663921 22.54699 22.421146 22.366592 22.389755 22.647036 22.888344 23.223993 23.239807 23.079422 22.923885 22.820356 22.580835
25.18772 25.440039 25.910278 26.149231 26.44795 26.563976 26.920677 -32767.0 -32767.0 -32767.0 -32767.0 -32767.0 -32767.0 -32767.0 -32767.0 -32767.0 -32767.0 -32767.0 22.047798 21.790417 21.167463 21.736254 22.577303 23.015316 22.762516 22.294569 22.811134 23.395628 23.690966 23.683426 23.712517 23.853304 23.664814 23.374249 23.409393 23.633717 23.978952 24.233887 23.88607 23.345407 23.188757 23.357656 23.435926 23.727638 23.673029 23.421213 22.632458 22.687405 22.830189 22.792742 22.847717 22.76831 22.692013 22.968248 23.216852 22.39597 22.17851 22.70608 23.046074 22.887058 22.6623
25.703074 24.993353 24.276272 24.32527 24.76285 25.30652 26.092073 25.752056 25.67284 -32767.0 -32767.0 -32767.0 -32767.0 -32767.0 -32767.0 -32767.0 -32767.0 -32767.0 22.238169 21.203226 22.28751 23.267242 22.178164 21.444654 21.387287 21.732174 21.810583 21.787573 21.726597 21.40938 21.418213 23.258137 23.365156 23.242716 23.287075 23.650179 23.899035 23.698145 23.114353 22.412893 22.55118 23.050066 22.467932 22.433933 22.389038 22.315008 22.988556 22.679867 22.79784 22.821505 22.853903 22.683626 23.10692 23.527521 22.848629 22.010042 21.552126 21.989199 22.803577 22.522139 22.722075
24.117907 24.09222 24.052841 23.930553 23.707306 23.550539 23.658648 24.683138 24.988678 -32767.0 -32767.0 -32767.0 -32767.0 -32767.0 -32767.0 -32767.0 -32767.0 24.951399 23.798664 21.814203 22.745182 22.901592 21.506783 22.033937 22.313616 22.310833 20.675056 21.079935 20.938137 20.762442 21.025854 22.708656 23.314205 23.306644 23.443127 23.3627 23.221857 22.839905 22.00634 22.923477 22.718863 22.257397 22.635813 22.529015 22.420034 22.710764 22.693737 22.15476 22.440552 22.264772 22.347115 22.595028 22.657734 22.926138 23.012426 22.366426 21.88734 21.89804 22.266752 22.847431 23.442692
23.975973 24.263636 24.300852 24.173923 23.869942 23.614279 23.830196 24.341408 -32767.0 -32767.0 -32767.0 -32767.0 -32767.0 -32767.0 -32767.0 -32767.0 -32767.0 -32767.0 -32767.0 23.559542 23.153511 22.918879 21.641058 21.898108 22.394508 21.183222 21.779991 20.931463 21.130585 21.863733 21.73426 21.61529 22.01583 22.722235 22.7668 22.305334 22.27656 22.135492 23.35822 22.807556 22.792288 22.2167 23.21057 22.754705 22.686747 22.706768 22.635649 22.180504 22.282076 22.491377 21.953243 22.49823 22.415592 22.373817 22.696302 22.962948 22.858627 22.818935 23.18359 23.641932 23.642519
24.407732 24.437271 24.371593 24.15657 23.915003 23.905424 24.18719 24.567411 -32767.0 -32767.0 -32767.0 -32767.0 -32767.0 -32767.0 -32767.0 -32767.0 -32767.0 -32767.0 -32767.0 -32767.0 24.230366 23.441868 21.244766 21.973427 22.601887 20.656536 22.561419 22.835962 23.58189 23.53986 23.24905 22.582876 22.430933 22.502468 22.492483 22.454844 22.52971 22.96057 23.18035 22.755764 22.74494 22.565256 23.387783 23.322794 23.078938 22.067383 22.07907 22.585697 23.056675 22.7872 22.48542 22.05814 22.147106 22.146688 22.573051 23.083744 23.201305 23.046272 23.215542 23.510424 23.715418
24.701057 24.595121 24.444496 24.199663 24.06977 23.879454 24.390108 25.024448 -32767.0 -32767.0 -32767.0 -32767.0 -32767.0 -32767.0 -32767.0 -32767.0 -32767.0 -32767.0 -32767.0 -32767.0 -32767.0 24.311234 22.73649 22.582363 23.180683 21.939123 21.616568 23.199347 23.96081 23.924017 23.942543 23.90382 23.600672 22.980164 22.818096 22.743769 23.084679 23.58255 22.974812 23.10571 23.20513 23.219908 22.881395 22.696827 22.84391 23.002094 23.319084 23.300135 22.810818 22.518326 22.360647 22.221582 22.202759 22.404472 22.752005 22.822918 23.061308 23.19294 23.079441 23.317465 23.870241
24.675638 24.614197 24.457325 24.318495 24.348158 24.607014 24.74712 -32767.0 -32767.0 -32767.0 -32767.0 -32767.0 -32767.0 -32767.0 -32767.0 -32767.0 -32767.0 -32767.0 -32767.0 -32767.0 -32767.0 -32767.0 23.952065 23.682686 23.571947 22.008158 19.204903 23.273241 23.714867 23.613415 23.749891 23.599628 23.081156 23.143744 22.759022 22.969103 22.689138 22.761206 22.960367 22.957338 22.28976 22.567375 22.827345 23.052624 22.999813 23.189034 23.27387 22.871733 22.719118 22.475649 22.51672 22.305445 22.294529 22.711359 22.883232 23.466162 23.485804 23.24167 23.086666 23.359137 24.025536
24.622267 24.679058 24.60226 24.463034 24.378336 24.514296 -32767.0 25.918438 -32767.0 -32767.0 -32767.0 -32767.0 -32767.0 -32767.0 -32767.0 -32767.0 -32767.0 -32767.0 -32767.0 -32767.0 -32767.0 -32767.0 23.586807 24.016584 23.854176 19.12703 19.329548 22.865576 23.483072 22.97285 22.90855 23.10142 22.823479 22.321003 22.938137 23.129206 22.972246 23.148273 23.075424 22.988506 23.038992 22.989353 22.87693 22.920855 23.028908 23.16077 23.064932 23.015656 22.477337 22.817217 23.266161 23.679546 23.736687 23.952734 23.801973 24.157873 24.113358 23.727985 23.48443 23.650892 -32767.0
24.540377 24.59439 24.680176 24.52298 24.332994 24.235025 24.037983 25.056831 25.484043 25.814505 25.331018 25.216068 25.898481 -32767.0 -32767.0 -32767.0 -32767.0 -32767.0 -32767.0 -32767.0 -32767.0 -32767.0 -32767.0 24.061682 23.146149 18.349098 18.670965 20.330946 23.076183 23.149025 22.916527 22.941133 23.16453 22.272436 23.07627 23.042353 23.008883 22.783205 23.233622 23.14811 23.00311 23.131021 23.082844 22.965332 23.337929 23.174938 23.1023 23.292217 23.381052 23.762697 24.063631 24.208994 24.275656 24.45595 24.770119 24.641989 24.546268 24.574005 24.434212 23.997675 24.603514
24.445616 24.604893 24.89972 24.699024 24.58323 24.363098 23.935719 23.613821 23.902822 24.25281 24.027124 23.68311 24.308329 -32767.0 -32767.0 -32767.0 -32767.0 -32767.0 -32767.0 -32767.0 -32767.0 -32767.0 -32767.0 -32767.0 23.30772 19.193298 17.887897 18.420065 20.301174 23.220552 23.280724 23.20169 23.293045 22.66419 22.278458 23.076061 22.769094 23.179613 24.024443 23.743765 23.32554 23.382988 23.495445 23.494642 23.412113 23.406818 23.468235 23.718573 24.109358 24.39622 24.45425 24.756992 24.914589 25.076208 25.164341 25.194906 -32767.0 25.536503 24.919022 25.171759 25.35081
24.219175 24.434294 24.98034 24.908785 24.64097 24.391273 24.24823 23.950937 23.189663 23.396452 23.200502 23.685068 23.615202 24.84973 25.542406 -32767.0 -32767.0 -32767.0 -32767.0 -32767.0 -32767.0 -32767.0 -32767.0 -32767.0 -32767.0 21.34158 17.473974 18.337301 19.485422 21.743702 23.26956 23.309025 23.263586 22.584398 21.645987 21.355154 22.161951 23.837215 24.211012 24.047844 23.697786 23.427486 23.917105 23.954067 24.165247 24.301872 24.417883 24.666767 24.995054 24.825388 24.88363 25.0655 25.16194 25.45464 -32767.0 -32767.0 25.823381 25.542913 25.335327 25.201908 25.962177
24.088125 24.301088 24.746433 24.98315 25.02044 24.952845 24.787567 24.585714 24.00821 23.369516 23.472136 23.410128 24.767778 -32767.0 25.714855 -32767.0 -32767.0 -32767.0 -32767.0 -32767.0 -32767.0 -32767.0 -32767.0 -32767.0 -32767.0 19.5616 17.39758 17.913612 19.547209 20.76247 23.00846 22.754269 22.924604 22.963242 22.112083 21.943766 22.558683 23.784155 24.025627 24.389727 24.345509 23.682388 24.021818 24.359306 24.622343 24.795261 24.682865 24.753094 25.37074 25.270048 25.521124 25.7012 25.660582 25.885416 -32767.0 26.207993 26.337914 26.443876 -32767.0 -32767.0 -32767.0
24.05 24.264063 24.889841 25.010508 25.064257 25.063868 24.934511 24.725864 24.404501 23.990473 23.418009 24.189884 -32767.0 -32767.0 -32767.0 -32767.0 -32767.0 -32767.0 -32767.0 -32767.0 -32767.0 -32767.0 -32767.0 -32767.0 -32767.0 19.223297 17.556501 17.782188 19.982025 21.379374 22.430237 22.84807 22.8914 22.942207 22.59455 22.089958 22.561743 23.539143 23.784369 24.111555 24.150795 24.100891 24.131996 24.388031 24.65159 24.873592 25.08444 25.173365 24.926577 25.390797 25.534117 26.019037 26.017427 25.778595 26.431728 -32767.0 26.621872 -32767.0 -32767.0 -32767.0 -32767.0
24.44777 24.674011 25.104694 25.178959 25.18125 25.081537 24.946224 24.82413 24.580914 24.13932 23.606764 23.523844 25.160923 -32767.0 -32767.0 -32767.0 -32767.0 -32767.0 -32767.0 -32767.0 -32767.0 -32767.0 -32767.0 -32767.0 -32767.0 19.242523 17.604315 18.420351 19.026846 21.078424 21.696781 21.910637 22.050573 22.245796 22.723394 22.727755 22.788097 22.8438 23.246809 23.599424 24.38637 24.586637 24.408037 24.822134 25.314669 25.774494 25.687794 25.55578 25.427273 25.499203 25.557571 25.947899 26.236147 26.500795 -32767.0 -32767.0 -32767.0 -32767.0 -32767.0 -32767.0 -32767.0
25.00044 24.846611 25.007822 25.060444 25.137424 25.102865 24.975653 24.767706 24.423376 24.396358 24.05804 23.519543 24.438288 25.758787 -32767.0 -32767.0 -32767.0 -32767.0 -32767.0 -32767.0 -32767.0 -32767.0 -32767.0 -32767.0 -32767.0 19.64903 18.253689 19.514318 20.812994 20.458103 21.49765 22.635069 22.342083 22.383862 23.061222 23.992887 24.30314 24.090256 23.759747 24.047037 -32767.0 24.866993 25.46254 25.612219 25.703587 26.362654 26.19229 25.98804 25.848705 25.89644 25.943056 26.076008 -32767.0 -32767.0 -32767.0 -32767.0 -32767.0 -32767.0 -32767.0 -32767.0 -32767.0
24.949503 24.902624 24.95278 25.085262 25.15295 25.102333 24.882723 24.348282 23.773867 23.618263 23.984795 23.600737 23.164238 24.701593 -32767.0 -32767.0 -32767.0 -32767.0 -32767.0 -32767.0 -32767.0 -32767.0 -32767.0 -32767.0 -32767.0 -32767.0 19.529074 21.068346 23.231922 21.825603 22.998251 23.104565 23.18772 23.119278 23.718254 23.993425 24.469027 24.066109 24.129309 24.657085 24.992952 25.257105 25.584747 25.397558 25.545483 26.283728 26.29791 26.328531 26.468626 26.392763 26.250305 26.528276 -32767.0 -32767.0 -32767.0 -32767.0 -32767.0 -32767.0 -32767.0 -32767.0 -32767.0
25.242239 25.268728 25.36614 25.383251 25.370956 25.136131 24.926804 24.650913 23.887033 23.3627 23.07173 23.213371 22.596373 25.020435 25.355865 -32767.0 -32767.0 -32767.0 -32767.0 -32767.0 -32767.0 -32767.0 -32767.0 -32767.0 -32767.0 18.27562 20.729275 21.914005 24.18688 22.708735 23.724472 23.858908 23.81663 23.847202 24.356327 24.453506 24.637228 24.446167 24.711918 25.443087 26.046396 25.888044 26.094458 26.055183 25.851181 25.84323 26.128956 26.437252 -32767.0 27.083975 27.473776 27.556952 -32767.0 -32767.0 -32767.0 -32767.0 -32767.0 -32767.0 -32767.0 -32767.0 -32767.0
25.734879 25.77389 25.675705 25.532442 25.223583 24.899797 24.707268 24.615858 24.21086 23.586594 22.959288 22.411137 24.212204 25.675537 -32767.0 -32767.0 -32767.0 -32767.0 -32767.0 -32767.0 -32767.0 -32767.0 -32767.0 -32767.0 -32767.0 20.120361 23.522928 23.209364 24.410112 23.466787 23.531008 24.144354 24.511982 24.774069 25.006496 25.443516 24.852083 25.558624 25.530281 -32767.0 -32767.0 26.751722 27.023626 -32767.0 -32767.0 -32767.0 -32767.0 -32767.0 -32767.0 -32767.0 -32767.0 -32767.0 -32767.0 -32767.0 -32767.0 -32767.0 -32767.0 -32767.0 -32767.0 -32767.0 -32767.0
25.83743 25.75341 25.63366 25.174292 24.84722 24.329903 23.563883 23.537403 23.765118 23.294165 22.416105 22.289022 24.463308 -32767.0 -32767.0 -32767.0 -32767.0 -32767.0 -32767.0 -32767.0 -32767.0 -32767.0 -32767.0 -32767.0 20.893095 22.1776 25.025583 25.202084 24.49197 24.171394 24.488111 24.962553 25.455915 25.874552 25.608065 25.747002 25.996016 26.017561 -32767.0 -32767.0 -32767.0 -32767.0 -32767.0 -32767.0 -32767.0 -32767.0 -32767.0 -32767.0 -32767.0 -32767.0 -32767.0 -32767.0 -32767.0 -32767.0 -32767.0 -32767.0 -32767.0 -32767.0 -32767.0 -32767.0 -32767.0
25.819145 25.758997 25.50631 25.147093 24.887108 24.44236 23.996828 23.136028 23.094854 22.758823 22.103348 21.662493 25.132828 -32767.0 -32767.0 -32767.0 -32767.0 -32767.0 -32767.0 -32767.0 -32767.0 21.362247 22.049904 22.450542 21.747461 24.176548 24.790657 24.04873 24.469934 24.614956 25.178148 25.498878 26.369938 26.278353 26.266901 26.332035 -32767.0 -32767.0 -32767.0 -32767.0 -32767.0 -32767.0 -32767.0 -32767.0 -32767.0 -32767.0 -32767.0 -32767.0 -32767.0 -32767.0 -32767.0 -32767.0 -32767.0 -32767.0 27.622593 -32767.0 -32767.0 -32767.0 -32767.0 -32767.0 -32767.0
25.728897 25.797428 25.73761 25.482603 25.233335 24.76838 24.137522 23.550035 23.33267 22.504122 21.95427 21.561357 23.513945 -32767.0 -32767.0 -32767.0 -32767.0 27.934309 24.02168 24.412611 22.03143 21.790926 22.335836 20.525246 22.936583 24.987131 24.94249 24.83539 24.966297 25.128622 25.179876 26.780783 26.524908 26.428694 26.470201 -32767.0 -32767.0 -32767.0 -32767.0 -32767.0 -32767.0 -32767.0 -32767.0 -32767.0 -32767.0 26.957375 27.247007 -32767.0 -32767.0 -32767.0 -32767.0 -32767.0 -32767.0 -32767.0 27.50017 -32767.0 -32767.0 -32767.0 -32767.0 -32767.0 24.118317
25.646938 25.552855 25.293217 24.888798 24.735872 24.605122 24.238134 23.913517 23.517645 22.325266 21.665335 20.546785 -32767.0 25.866407 -32767.0 23.717241 -32767.0 24.045752 -32767.0 21.041775 20.222666 20.21894 20.498444 21.57798 23.47641 24.885988 24.827417 24.965887 25.479906 26.139446 26.146063 27.003748 26.859436 -32767.0 -32767.0 -32767.0 -32767.0 -32767.0 -32767.0 -32767.0 -32767.0 26.2069 26.309904 26.806044 26.849052 26.38617 26.416449 25.704906 26.092756 -32767.0 -32767.0 -32767.0 -32767.0 -32767.0 27.206373 25.95914 24.38998 24.734083 25.317455 24.765135 24.204355
25.50651 25.455206 25.26127 25.000727 24.757723 24.517036 24.243359 24.235352 23.792513 23.769234 22.544811 21.374338 20.4487 20.714985 20.291466 20.522728 20.371653 20.257185 20.195293 20.613752 21.422083 21.563961 21.75792 22.313759 -32767.0 24.7437 24.891804 26.183285 26.959507 26.985184 27.311338 -32767.0 -32767.0 -32767.0 -32767.0 -32767.0 25.867214 25.617086 24.727585 25.093636 26.022732 26.744175 27.842537 -32767.0 -32767.0 27.267925 26.842413 25.33098 -32767.0 -32767.0 -32767.0 -32767.0 -32767.0 21.509222 21.795467 24.556782 25.937044 27.368984 27.469528 27.629639 27.756166
25.45813 25.241005 25.03141 24.882896 24.728533 24.549458 24.499857 24.518238 23.677786 24.132765 23.762583 22.901697 21.944944 21.564669 22.201286 23.097624 22.98201 22.323597 22.749533 22.938814 23.800566 25.247972 24.893322 25.121918 24.802551 25.605843 26.127104 26.751875 26.772852 26.9655 27.505545 28.96249 -32767.0 26.681192 26.312714 -32767.0 25.321827 25.267853 25.481617 -32767.0 27.901405 27.471178 -32767.0 -32767.0 -32767.0 -32767.0 26.289772 25.544914 -32767.0 -32767.0 -32767.0 -32767.0 22.351171 25.463058 25.941689 26.771511 27.2728 27.364008 27.619432 27.812746 27.94267
26.002766 25.835451 25.20613 24.782228 24.810015 24.667116 24.689503 24.901125 25.008715 25.106611 25.116806 25.324348 25.537611 25.300642 25.916819 25.952765 25.99896 25.76996 25.481293 25.174957 25.722744 25.626959 25.680954 25.978945 26.55343 26.606722 -32767.0 26.727104 27.241692 -32767.0 -32767.0 29.308037 27.905853 27.627151 26.659409 25.263746 25.417505 26.0543 -32767.0 -32767.0 -32767.0 -32767.0 -32767.0 -32767.0 -32767.0 -32767.0 26.172138 25.255604 25.022497 -32767.0 -32767.0 23.072636 25.904287 26.821642 27.004335 27.310507 27.465439 27.567774 27.79797 27.961164 28.1447
25.61327 25.283455 25.193981 25.137548 24.922194 24.850607 25.029608 25.07953 25.272024 25.435616 25.518227 25.701366 26.199755 -32767.0 -32767.0 25.625734 25.38366 26.410849 26.65963 26.753653 26.993366 27.010042 27.037857 27.008778 26.938726 26.648102 26.60909 27.035309 -32767.0 -32767.0 -32767.0 -32767.0 -32767.0 -32767.0 26.40699 24.901463 25.030186 -32767.0 -32767.0 -32767.0 -32767.0 -32767.0 27.427692 -32767.0 25.644352 26.370255 26.361212 25.8841 25.622532 23.17114 -32767.0 24.864527 26.75557 26.995289 27.230974 27.279125 27.431925 27.69403 27.978836 28.292065 28.392263
