static/data/thetao/2023/7/18/12.asc
ncols 137
nrows 93
xllcorner 108.0
yllcorner 17.0
cellsize 0.25
NODATA_value -32767
[rows 0 to 26 of 93, columns 61 to 121 of 137]
-32767.0 -32767.0 -32767.0 -32767.0 -32767.0 -32767.0 -32767.0 -32767.0 -32767.0 -32767.0 -32767.0 -32767.0 -32767.0 -32767.0 -32767.0 -32767.0 -32767.0 -32767.0 -32767.0 21.394798 22.140337 22.476336 22.33673 22.472332 22.762386 22.927309 23.575468 23.866226 24.154362 24.064026 24.05112 24.127396 24.07898 24.24963 24.216831 24.3604 24.79075 24.836388 24.747622 24.37615 24.068527 23.604174 23.919409 23.998768 24.077991 24.11593 24.063314 23.394209 23.493868 23.35777 23.220266 23.142817 23.099735 23.349722 23.573332 23.85989 23.98111 24.057842 23.618996 23.453785 23.019001
25.855871 25.981197 26.422344 26.634039 26.89377 26.9961 27.333967 -32767.0 -32767.0 -32767.0 -32767.0 -32767.0 -32767.0 -32767.0 -32767.0 -32767.0 -32767.0 -32767.0 22.398235 22.179653 22.030617 22.523746 23.642805 23.841667 23.606886 23.29656 23.328922 23.814491 24.085413 24.013105 23.762217 24.256376 24.24728 23.885618 23.91917 24.155828 24.53401 24.652042 23.936789 23.36546 23.399637 23.672112 23.701174 23.814259 23.89191 23.717583 23.072243 23.037561 23.164145 23.162464 23.118101 23.157953 23.138771 23.29191 23.603642 22.897085 22.313194 23.205389 23.685652 23.371716 23.216143
26.318907 25.548115 25.094015 25.002762 25.169584 25.791267 26.528996 26.163002 26.14643 -32767.0 -32767.0 -32767.0 -32767.0 -32767.0 -32767.0 -32767.0 -32767.0 -32767.0 22.793652 21.983702 23.247562 24.070967 22.91304 22.283031 22.158703 22.568537 22.802351 22.780659 22.50778 22.307863 22.120369 23.413754 23.981882 23.759914 23.961468 24.209236 24.327711 24.046602 23.301926 22.529026 22.67764 23.407082 23.195827 23.137545 22.821863 22.737482 23.136627 22.732496 22.896118 23.174767 23.28444 23.163015 23.308912 23.783804 23.128462 22.397728 22.125706 22.573578 23.286453 23.219048 22.986725
24.995445 24.831617 24.929987 24.970078 24.628086 24.250526 24.17819 25.319258 25.593811 -32767.0 -32767.0 -32767.0 -32767.0 -32767.0 -32767.0 -32767.0 -32767.0 25.385748 24.267658 22.544024 23.508053 23.533943 22.568819 22.85131 22.89252 22.697699 21.310762 21.347551 21.636637 21.696278 21.425343 23.1164 23.77037 23.735315 23.712688 23.625275 23.397163 22.844341 22.388977 23.063326 23.006203 22.758245 22.799793 22.888077 22.62921 23.001102 22.561842 22.33337 22.613354 22.66777 22.87145 23.185934 23.434788 23.37898 23.274881 22.524424 22.219942 22.305761 22.664614 23.124634 23.661217
24.791235 25.013832 25.1199 25.022781 24.493792 24.270712 24.330965 24.70942 -32767.0 -32767.0 -32767.0 -32767.0 -32767.0 -32767.0 -32767.0 -32767.0 -32767.0 -32767.0 -32767.0 24.344645 23.45655 23.525259 22.456223 22.37774 22.851984 21.11428 22.87195 22.038805 21.196205 21.888195 21.945002 22.058651 22.911837 23.268013 23.144945 22.767372 22.607573 22.833117 23.561335 23.05585 23.141043 22.389345 23.25784 22.870525 22.94769 23.087572 22.97017 22.521181 22.46132 22.686047 22.364176 22.897955 23.029734 22.953197 23.073498 23.088202 22.907679 22.724482 23.440485 23.871746 23.864286
25.094515 25.126177 25.245178 25.002089 24.722778 24.665592 24.642529 25.039808 -32767.0 -32767.0 -32767.0 -32767.0 -32767.0 -32767.0 -32767.0 -32767.0 -32767.0 -32767.0 -32767.0 -32767.0 24.492954 23.700285 21.86098 22.430069 23.081417 20.674051 22.596525 23.40718 23.902384 23.80779 23.523209 22.83159 22.33855 22.470808 22.80371 22.87149 22.976183 23.436192 23.339762 23.080994 23.17144 22.835829 23.677061 23.474386 23.40197 22.498484 22.558187 23.063534 23.287022 23.172886 22.583366 22.436054 22.336147 22.33397 22.85275 23.32529 23.373648 23.248426 23.5425 23.718973 23.997456
25.393005 25.419025 25.279222 24.969477 24.85036 24.451723 24.782816 25.467703 -32767.0 -32767.0 -32767.0 -32767.0 -32767.0 -32767.0 -32767.0 -32767.0 -32767.0 -32767.0 -32767.0 -32767.0 -32767.0 24.527945 22.74006 22.726473 23.23628 22.03927 20.062027 23.204094 24.053938 23.961718 24.056486 24.045341 23.794968 23.388662 23.188559 23.305092 23.477715 23.944084 23.405695 23.415693 23.530716 23.538736 23.188822 23.0078 23.07804 23.167324 23.425459 23.473558 23.05567 22.779993 22.689072 22.450048 22.32603 22.696798 23.000828 23.07217 23.257442 23.34953 23.358873 23.565203 24.018787
25.509512 25.459066 25.293877 25.136581 25.111946 25.301977 25.072697 -32767.0 -32767.0 -32767.0 -32767.0 -32767.0 -32767.0 -32767.0 -32767.0 -32767.0 -32767.0 -32767.0 -32767.0 -32767.0 -32767.0 -32767.0 23.878336 23.476192 23.257156 20.885147 19.87113 23.266487 23.674648 23.750023 23.928402 23.740765 23.375309 23.541887 23.189238 23.54298 23.092619 23.346857 23.375134 23.475498 22.70848 22.993742 23.273413 23.300135 23.211895 23.317616 23.488457 23.134035 22.872658 22.686838 22.727024 22.6814 22.599846 22.84752 23.197289 23.772009 23.877068 23.57732 23.373034 23.70755 24.317194
25.522657 25.529697 25.455624 25.348259 25.12679 25.079752 -32767.0 26.346785 -32767.0 -32767.0 -32767.0 -32767.0 -32767.0 -32767.0 -32767.0 -32767.0 -32767.0 -32767.0 -32767.0 -32767.0 -32767.0 -32767.0 23.50995 23.4218 23.297262 18.831532 19.365477 22.740683 23.355867 23.128271 23.194605 23.545536 23.324568 22.912476 23.405153 23.387344 23.25621 23.468325 23.338701 23.263872 23.297379 23.325476 23.312328 23.312578 23.34566 23.53913 23.508408 23.241179 22.900417 23.215279 23.586327 23.993736 24.012733 24.26579 24.21421 24.426687 24.414473 23.908989 23.780025 24.039478 -32767.0
25.339586 25.244028 25.378466 25.206245 25.064344 24.96215 24.710463 25.611343 26.057768 26.334095 25.83265 25.731655 26.295233 -32767.0 -32767.0 -32767.0 -32767.0 -32767.0 -32767.0 -32767.0 -32767.0 -32767.0 -32767.0 23.415096 22.395853 18.547617 18.433052 20.493963 23.13656 23.167662 23.230162 23.117538 23.522264 22.846159 23.319822 23.216476 23.15475 23.12306 23.890253 23.7764 23.465282 23.701288 23.642818 23.532156 23.709774 23.544489 23.52987 23.709023 23.699875 24.093328 24.35687 24.543451 24.54847 24.753841 25.097124 24.986479 24.855404 24.975016 25.03619 24.936172 24.95515
25.0168 25.121483 25.422348 25.27759 25.084429 24.8467 24.629967 24.219206 24.408436 24.846567 24.591919 23.981697 24.631557 -32767.0 -32767.0 -32767.0 -32767.0 -32767.0 -32767.0 -32767.0 -32767.0 -32767.0 -32767.0 -32767.0 23.055967 19.232283 18.239677 19.012856 20.98367 23.36215 23.363966 23.443933 23.56492 23.069464 22.67812 23.304853 23.00525 23.809582 24.243746 24.06222 23.959324 23.901442 24.106304 24.03034 23.944275 23.987263 24.057379 24.33646 24.640701 24.85587 24.882448 25.081577 25.23968 25.65032 25.492579 25.353445 -32767.0 25.78706 25.307898 25.435148 25.797535
24.735601 24.913448 25.378002 25.370708 25.212177 25.037867 24.868752 24.439903 23.613863 23.835222 23.586153 23.834347 24.054228 25.085316 25.689379 -32767.0 -32767.0 -32767.0 -32767.0 -32767.0 -32767.0 -32767.0 -32767.0 -32767.0 -32767.0 20.836845 17.891706 18.718113 19.684965 21.793785 23.487728 23.522879 23.5056 23.15353 22.260532 21.914795 22.764345 24.145407 24.537964 24.582066 24.163477 24.031986 24.458008 24.627123 24.858236 24.994638 25.139753 25.355478 25.45424 25.151096 25.37288 25.624937 25.67582 25.997498 -32767.0 -32767.0 26.170095 25.959785 25.75424 25.485811 26.169983
24.55491 24.723764 25.15405 25.385588 25.430197 25.297873 25.052753 24.735622 24.000954 23.599758 23.589909 23.793283 24.800028 -32767.0 25.733871 -32767.0 -32767.0 -32767.0 -32767.0 -32767.0 -32767.0 -32767.0 -32767.0 -32767.0 -32767.0 19.427143 18.259176 18.214434 19.988419 20.953936 23.01774 23.095661 23.218521 23.227913 22.854866 22.301119 22.94659 24.110018 24.325912 24.622746 24.765074 24.301144 24.529022 25.007027 25.317616 25.385946 25.197308 25.343712 25.644287 25.557192 25.989443 26.233551 26.429935 26.239101 -32767.0 26.766373 27.154118 27.151651 -32767.0 -32767.0 -32767.0
24.473288 24.751762 25.335928 25.418068 25.432318 25.286364 25.078106 24.840042 24.474777 23.940811 23.59605 24.56738 -32767.0 -32767.0 -32767.0 -32767.0 -32767.0 -32767.0 -32767.0 -32767.0 -32767.0 -32767.0 -32767.0 -32767.0 -32767.0 19.259087 17.834 18.44153 19.995321 21.63214 22.471996 22.932125 23.003555 23.076689 22.874023 22.452385 22.765738 23.759708 23.958878 24.022554 24.53627 24.330545 24.586441 24.807571 25.063337 25.339735 25.450167 25.525608 25.546291 25.930897 26.1235 26.369287 26.538296 26.201687 27.080177 -32767.0 27.074314 -32767.0 -32767.0 -32767.0 -32767.0
24.809525 25.091726 25.480146 25.506132 25.456446 25.248877 25.141745 24.916727 24.574148 23.973274 23.675594 23.884813 25.227827 -32767.0 -32767.0 -32767.0 -32767.0 -32767.0 -32767.0 -32767.0 -32767.0 -32767.0 -32767.0 -32767.0 -32767.0 18.725859 18.09768 19.495686 19.443203 20.948463 21.84695 22.03366 22.221157 22.327864 22.837702 22.917961 22.933317 22.97179 23.287416 23.948023 24.844845 24.73395 24.862305 25.452839 25.96796 26.276764 26.024727 25.980629 25.697737 26.018982 26.123302 26.38042 26.537611 26.826082 -32767.0 -32767.0 -32767.0 -32767.0 -32767.0 -32767.0 -32767.0
25.339024 25.241482 25.397152 25.41986 25.37586 25.333551 25.241362 24.888983 24.625221 24.424047 23.896301 23.595284 24.583406 25.74337 -32767.0 -32767.0 -32767.0 -32767.0 -32767.0 -32767.0 -32767.0 -32767.0 -32767.0 -32767.0 -32767.0 18.46202 19.20521 20.98343 21.635939 21.251833 21.285683 22.67421 22.529171 22.444403 23.218222 24.126131 24.479553 24.48472 24.101412 24.348854 -32767.0 25.311127 26.0698 26.174585 26.579884 26.944881 26.663576 26.441511 26.307253 26.43839 26.544523 26.538702 -32767.0 -32767.0 -32767.0 -32767.0 -32767.0 -32767.0 -32767.0 -32767.0 -32767.0
25.345228 25.343441 25.355782 25.374226 25.378649 25.299572 25.00139 24.388798 23.868258 23.660288 23.772886 23.129152 23.20674 24.775787 -32767.0 -32767.0 -32767.0 -32767.0 -32767.0 -32767.0 -32767.0 -32767.0 -32767.0 -32767.0 -32767.0 -32767.0 21.180115 22.038527 23.896757 22.13404 23.401464 23.271461 23.335596 23.3773 23.84359 24.126505 24.498434 24.461672 24.582983 24.977345 25.373547 25.761383 25.952482 25.76307 25.989767 26.477232 26.88875 27.00334 26.953167 26.4494 25.995317 27.322653 -32767.0 -32767.0 -32767.0 -32767.0 -32767.0 -32767.0 -32767.0 -32767.0 -32767.0
25.714268 25.739227 25.713957 25.66173 25.527138 25.264353 24.917183 24.43469 23.18301 22.817383 22.651274 22.407818 22.930933 25.093199 25.044073 -32767.0 -32767.0 -32767.0 -32767.0 -32767.0 -32767.0 -32767.0 -32767.0 -32767.0 -32767.0 18.457994 22.7902 22.994272 24.49567 23.315958 24.09806 24.222893 24.31002 24.391232 25.072716 24.801018 24.777637 24.489199 25.053505 25.442638 26.41221 26.33306 25.882284 26.17508 25.996716 26.187351 26.57375 27.062256 -32767.0 27.515825 27.717546 28.214334 -32767.0 -32767.0 -32767.0 -32767.0 -32767.0 -32767.0 -32767.0 -32767.0 -32767.0
26.199718 26.190247 25.99675 25.717247 25.346952 24.894318 24.590874 24.270695 23.488367 22.592922 22.062258 22.27967 24.550104 25.571775 -32767.0 -32767.0 -32767.0 -32767.0 -32767.0 -32767.0 -32767.0 -32767.0 -32767.0 -32767.0 -32767.0 19.646202 23.683386 25.22428 24.629805 24.046444 24.143267 24.6724 25.17123 25.418474 25.547062 25.562551 25.241726 25.1757 25.837688 -32767.0 -32767.0 26.913086 27.334293 -32767.0 -32767.0 -32767.0 -32767.0 -32767.0 -32767.0 -32767.0 -32767.0 -32767.0 -32767.0 -32767.0 -32767.0 -32767.0 -32767.0 -32767.0 -32767.0 -32767.0 -32767.0
26.252886 26.103216 25.882792 25.248446 24.80245 23.965282 23.27006 23.091143 23.410913 22.512337 21.965181 22.326097 24.416145 -32767.0 -32767.0 -32767.0 -32767.0 -32767.0 -32767.0 -32767.0 -32767.0 -32767.0 -32767.0 -32767.0 19.588757 22.036552 24.925785 25.058546 24.820208 24.742735 25.1384 25.516478 25.930082 26.551512 26.205265 26.054672 25.9495 26.246042 -32767.0 -32767.0 -32767.0 -32767.0 -32767.0 -32767.0 -32767.0 -32767.0 -32767.0 -32767.0 -32767.0 -32767.0 -32767.0 -32767.0 -32767.0 -32767.0 -32767.0 -32767.0 -32767.0 -32767.0 -32767.0 -32767.0 -32767.0
26.196335 26.020609 25.67669 25.32489 24.991285 24.33235 23.303728 22.574545 22.724771 22.66809 22.309591 21.287256 25.019459 -32767.0 -32767.0 -32767.0 -32767.0 -32767.0 -32767.0 -32767.0 -32767.0 20.972113 22.14059 21.247606 20.437212 24.022587 24.169022 23.937243 24.753986 25.116735 25.85904 26.52226 27.06851 26.611273 26.547417 26.370504 -32767.0 -32767.0 -32767.0 -32767.0 -32767.0 -32767.0 -32767.0 -32767.0 -32767.0 -32767.0 -32767.0 -32767.0 -32767.0 -32767.0 -32767.0 -32767.0 -32767.0 -32767.0 27.98568 -32767.0 -32767.0 -32767.0 -32767.0 -32767.0 -32767.0
26.051275 25.983374 25.78594 25.42037 25.148874 24.600164 23.84319 23.328083 23.407282 22.923058 22.380579 21.991405 23.281443 -32767.0 -32767.0 -32767.0 -32767.0 27.735643 23.08513 23.916582 20.67857 21.300913 21.13906 19.693312 23.226799 24.411945 24.79093 24.816526 25.254118 25.739693 26.567762 26.989353 26.89483 26.925846 26.806557 -32767.0 -32767.0 -32767.0 -32767.0 -32767.0 -32767.0 -32767.0 -32767.0 -32767.0 -32767.0 27.757792 27.703884 -32767.0 -32767.0 -32767.0 -32767.0 -32767.0 -32767.0 -32767.0 28.123774 -32767.0 -32767.0 -32767.0 -32767.0 -32767.0 24.711323
25.9572 25.77169 25.410198 24.973911 24.691101 24.481756 24.07731 23.914728 23.802767 22.856182 21.647924 20.325666 -32767.0 25.860802 -32767.0 23.797531 -32767.0 23.183151 -32767.0 20.478914 20.182446 19.89158 20.120977 20.428118 23.358284 24.760344 24.65855 25.005272 25.715841 26.868765 27.58427 27.446518 26.784853 -32767.0 -32767.0 -32767.0 -32767.0 -32767.0 -32767.0 -32767.0 -32767.0 26.61522 26.853754 27.385517 27.447071 27.281528 26.899078 26.575851 26.517231 -32767.0 -32767.0 -32767.0 -32767.0 -32767.0 28.056139 26.711933 24.857613 25.121023 25.847115 25.86018 25.39002
25.840681 25.691317 25.46824 25.19858 24.898212 24.562508 24.281792 24.25196 23.845825 23.898968 23.230076 22.02805 20.651684 20.729912 19.514242 20.41672 20.511383 20.008358 19.895895 20.300787 20.21669 21.836016 21.968733 23.779427 -32767.0 24.21047 24.698528 25.905266 27.335793 27.245457 27.394978 -32767.0 -32767.0 -32767.0 -32767.0 -32767.0 26.21136 25.815468 25.112448 25.865875 26.766397 27.173943 28.272242 -32767.0 -32767.0 27.925922 27.217812 26.009817 -32767.0 -32767.0 -32767.0 -32767.0 -32767.0 22.319286 22.69461 24.913866 27.548153 27.634226 27.779173 28.018322 28.15055
25.876257 25.565174 25.246706 25.050447 24.910978 24.709936 24.61878 24.541538 23.281122 24.134022 24.033957 23.293512 22.310446 22.15703 22.134542 23.451193 23.75822 23.169216 22.525415 23.702885 23.609287 24.953207 25.328548 25.407572 25.132229 25.651693 26.153477 26.488813 27.104498 27.531406 28.17595 29.407135 -32767.0 26.931473 26.497473 -32767.0 25.003843 25.814499 26.20631 -32767.0 28.554796 28.235325 -32767.0 -32767.0 -32767.0 -32767.0 26.929314 26.176086 -32767.0 -32767.0 -32767.0 -32767.0 24.60171 27.151098 26.644371 27.240486 27.693026 27.80793 28.060879 28.26615 28.335165
26.430492 26.126617 25.533007 25.140434 25.070393 24.895231 24.858948 24.986422 25.108355 25.246704 25.209682 25.197077 25.173931 25.103119 25.9771 25.951761 25.747925 25.76132 25.553385 24.911125 25.674978 25.863962 26.112072 26.440992 26.92334 26.57344 -32767.0 26.70623 27.460676 -32767.0 -32767.0 29.754301 28.14659 27.949593 26.764484 25.469604 25.591366 26.546919 -32767.0 -32767.0 -32767.0 -32767.0 -32767.0 -32767.0 -32767.0 -32767.0 26.62989 25.926353 25.362839 -32767.0 -32767.0 24.323694 26.626692 27.0782 27.303347 27.721064 27.866476 28.040874 28.322725 28.639818 28.726484
25.898151 25.619352 25.624752 25.474354 25.254932 25.202177 25.334301 25.4321 25.552683 25.660406 25.628296 25.770985 26.145018 -32767.0 -32767.0 25.493208 25.241701 26.251823 26.687887 26.830002 27.034008 26.924643 26.878767 26.917128 26.78939 26.420456 26.592884 27.100111 -32767.0 -32767.0 -32767.0 -32767.0 -32767.0 -32767.0 26.456135 24.90674 25.264986 -32767.0 -32767.0 -32767.0 -32767.0 -32767.0 28.315657 -32767.0 26.054144 26.746443 26.795687 26.343466 25.842562 23.728935 -32767.0 25.634686 27.041933 27.318832 27.601063 27.73315 27.889616 28.159502 28.490255 28.800562 28.91077
