static/data/thetao/2023/7/18/18.asc
ncols 137
nrows 93
xllcorner 108.0
yllcorner 17.0
cellsize 0.25
NODATA_value -32767
[rows 0 to 26 of 93, columns 61 to 121 of 137]
-32767.0 -32767.0 -32767.0 -32767.0 -32767.0 -32767.0 -32767.0 -32767.0 -32767.0 -32767.0 -32767.0 -32767.0 -32767.0 -32767.0 -32767.0 -32767.0 -32767.0 -32767.0 -32767.0 21.007935 22.254534 21.99989 22.18401 22.36039 22.486252 22.513264 23.219015 23.558931 23.971886 23.89718 23.85278 23.970533 23.933508 23.99228 23.911518 24.119837 24.497494 24.572586 24.447903 24.1379 23.867163 23.55856 23.717634 23.855978 23.903519 23.807297 23.871729 23.195103 23.236256 23.088318 22.965256 22.802372 22.80231 22.906141 23.168114 23.517506 23.593262 23.751905 23.484774 23.34165 23.24354
25.513866 25.747478 26.237427 26.483358 26.762547 26.87557 27.16557 -32767.0 -32767.0 -32767.0 -32767.0 -32767.0 -32767.0 -32767.0 -32767.0 -32767.0 -32767.0 -32767.0 22.252478 21.858532 22.083212 22.413252 23.373632 23.51758 23.344774 23.133793 23.010672 23.51171 23.885473 23.94715 23.706629 24.09357 24.088942 23.655014 23.745308 23.975609 24.338772 24.454315 23.682348 23.13634 23.203995 23.4829 23.674501 23.704815 23.72256 23.79208 22.959696 22.997236 23.07237 23.078833 23.042818 23.030828 23.079264 23.216667 23.48773 22.899824 22.507978 23.547653 23.716328 23.425356 23.215176
26.023619 25.32699 24.751888 24.715511 25.018314 25.57734 26.415087 25.995771 25.888266 -32767.0 -32767.0 -32767.0 -32767.0 -32767.0 -32767.0 -32767.0 -32767.0 -32767.0 22.690586 21.903004 22.98418 23.596367 22.236776 21.974352 22.004768 22.464478 22.501867 22.336565 22.39255 22.152033 21.868158 22.947012 23.914047 23.626036 23.841145 24.124557 24.295193 23.90537 23.14194 22.360073 22.51906 23.231747 23.320055 23.281256 22.842571 22.677347 22.873629 22.65405 22.91941 23.04097 23.165274 23.062937 23.324505 23.690987 23.020702 22.365788 22.182474 22.89052 23.399515 23.266298 22.910593
24.599003 24.444279 24.424263 24.317554 24.075813 23.827576 23.845026 25.09593 25.39827 -32767.0 -32767.0 -32767.0 -32767.0 -32767.0 -32767.0 -32767.0 -32767.0 25.083523 24.06142 21.974634 23.020773 23.234858 22.28804 22.580683 22.702711 22.548536 21.346437 21.809258 21.427631 21.76181 21.257511 22.735676 23.692791 23.656158 23.653328 23.600264 23.36601 22.89222 22.344131 23.042858 23.03 22.713728 22.764565 22.821754 22.638016 22.95563 22.39601 22.339428 22.560537 22.651611 22.901073 23.242882 23.468405 23.438585 23.316006 22.576883 22.229616 22.47448 22.742641 23.23854 23.756824
24.467506 24.662628 24.714237 24.610708 24.052406 23.92855 23.972874 24.557508 -32767.0 -32767.0 -32767.0 -32767.0 -32767.0 -32767.0 -32767.0 -32767.0 -32767.0 -32767.0 -32767.0 23.858927 22.994377 23.561975 22.168524 22.213621 22.758863 20.864775 22.775158 22.269344 20.952906 21.492273 21.624989 21.98175 23.196156 23.360182 23.033587 22.615526 22.551065 22.711882 23.439968 22.893398 23.055475 22.380667 23.103542 22.680374 22.874863 22.99301 22.891102 22.48009 22.518728 22.71279 22.357153 22.95424 22.938398 22.847775 23.036776 23.1487 23.08017 22.889956 23.478956 23.865126 23.866758
24.860765 24.820887 24.717527 24.560524 24.335398 24.356718 24.263296 24.930021 -32767.0 -32767.0 -32767.0 -32767.0 -32767.0 -32767.0 -32767.0 -32767.0 -32767.0 -32767.0 -32767.0 -32767.0 24.075449 23.830149 21.71872 22.269217 23.004383 21.594799 21.216719 23.249138 23.707047 23.638142 23.298193 22.819347 22.076756 22.113153 22.553745 22.784138 22.905275 23.222761 23.207176 23.017912 22.985167 22.592867 23.427347 23.292894 23.409693 22.541887 22.57972 23.08337 23.293217 23.164188 22.590872 22.474228 22.356022 22.374077 22.894402 23.347563 23.334593 23.347713 23.492111 23.699926 23.975525
25.149834 25.071686 24.847698 24.565962 24.443003 24.159798 24.4678 25.323404 -32767.0 -32767.0 -32767.0 -32767.0 -32767.0 -32767.0 -32767.0 -32767.0 -32767.0 -32767.0 -32767.0 -32767.0 -32767.0 24.341276 23.0001 22.533628 23.110088 21.92504 19.516277 23.149904 23.919376 23.833323 23.911684 23.930075 23.66 23.33766 23.038654 23.110554 23.236124 23.691265 23.292522 23.224844 23.38809 23.435163 23.128227 22.93301 23.037455 23.096897 23.382732 23.390942 22.991552 22.757385 22.74681 22.433025 22.315876 22.705568 22.988077 23.104166 23.323431 23.331005 23.346474 23.546902 23.914791
25.170088 25.051954 24.873997 24.71058 24.710636 25.086554 24.860975 -32767.0 -32767.0 -32767.0 -32767.0 -32767.0 -32767.0 -32767.0 -32767.0 -32767.0 -32767.0 -32767.0 -32767.0 -32767.0 -32767.0 -32767.0 23.891075 23.385204 23.201452 20.613634 20.000786 23.31144 23.487762 23.697044 23.872955 23.644257 23.226456 23.319447 23.106148 23.43805 23.124693 23.036549 23.27914 23.369188 22.66789 22.8953 23.12937 23.26653 23.125195 23.181776 23.406872 23.090979 22.791298 22.633337 22.673086 22.575998 22.503246 22.785097 23.202036 23.880243 23.956118 23.614061 23.374094 23.642012 24.24848
25.092363 25.086348 24.99602 24.909416 24.778034 24.736933 -32767.0 26.149784 -32767.0 -32767.0 -32767.0 -32767.0 -32767.0 -32767.0 -32767.0 -32767.0 -32767.0 -32767.0 -32767.0 -32767.0 -32767.0 -32767.0 23.52474 23.32267 23.268505 18.83707 18.870913 22.656109 23.154236 22.973078 23.157999 23.438843 22.99152 22.949413 23.306292 23.250706 23.206062 23.357422 23.267126 23.195438 23.184214 23.228575 23.282347 23.271317 23.273415 23.45138 23.461828 23.146029 22.894081 23.216742 23.558878 23.912457 23.927996 24.2266 24.273798 24.431896 24.479769 23.853256 23.737957 23.801382 -32767.0
24.988976 24.924587 25.052536 25.001198 24.850718 24.62957 24.734377 25.60851 25.841959 25.924889 25.520664 25.529432 25.981564 -32767.0 -32767.0 -32767.0 -32767.0 -32767.0 -32767.0 -32767.0 -32767.0 -32767.0 -32767.0 23.189295 22.133678 18.3283 18.08673 19.716766 22.999332 23.019964 23.135685 23.034666 23.41858 22.83735 23.21774 23.134075 22.898098 23.320797 23.946392 23.86002 23.403606 23.334806 23.466915 23.424189 23.657997 23.51834 23.38135 23.474886 23.453405 23.97988 24.369339 24.534191 24.541388 24.756435 25.052584 24.981127 24.798729 24.958374 24.858917 24.63001 24.669458
24.819178 24.935696 25.185469 25.010252 24.964382 24.73352 24.222462 23.863136 24.261776 24.56192 24.364286 23.757807 24.413311 -32767.0 -32767.0 -32767.0 -32767.0 -32767.0 -32767.0 -32767.0 -32767.0 -32767.0 -32767.0 -32767.0 22.687881 19.33711 18.120789 19.001337 20.136723 23.303541 23.180183 23.270256 23.456701 22.85103 23.019659 23.222757 22.651371 24.06997 23.896881 23.724874 23.709253 23.501616 23.859425 23.723923 23.641066 23.695776 23.711893 23.916622 24.324783 24.644066 24.707973 24.976841 25.149406 25.53836 25.405195 25.282127 -32767.0 25.772186 25.096632 25.18134 25.472546
24.571339 24.805885 25.273628 25.200573 24.960766 24.796865 24.633982 24.196184 23.388323 23.668695 23.451359 23.667507 23.83298 24.94267 25.270575 -32767.0 -32767.0 -32767.0 -32767.0 -32767.0 -32767.0 -32767.0 -32767.0 -32767.0 -32767.0 21.60938 17.991941 18.538065 19.57161 21.545269 23.434626 23.368366 23.411444 22.964289 21.992418 21.63635 22.645544 24.064358 24.37871 24.356287 23.709862 23.541056 24.103895 24.311798 24.517096 24.671509 24.859426 25.18353 25.131525 24.957966 25.198263 25.489372 25.530573 25.751389 -32767.0 -32767.0 25.953327 25.76684 25.557102 25.283726 25.835947
24.466415 24.665037 25.080168 25.300146 25.320642 25.218168 24.980507 24.666496 23.961319 23.471397 23.443504 23.537073 24.579315 -32767.0 25.543055 -32767.0 -32767.0 -32767.0 -32767.0 -32767.0 -32767.0 -32767.0 -32767.0 -32767.0 -32767.0 19.638933 18.542717 18.372452 20.109749 20.904448 23.041294 23.087603 23.147264 23.103857 22.769564 22.114414 22.836851 23.862381 24.082613 24.080944 24.243452 23.795486 24.197018 24.675701 24.95828 25.029976 24.882648 25.082392 25.318644 25.301743 25.807743 25.657612 25.93736 25.9843 -32767.0 26.347025 26.3289 26.527655 -32767.0 -32767.0 -32767.0
24.356445 24.710238 25.258831 25.323568 25.336716 25.170105 24.954205 24.719873 24.37425 23.839354 23.544048 24.342104 -32767.0 -32767.0 -32767.0 -32767.0 -32767.0 -32767.0 -32767.0 -32767.0 -32767.0 -32767.0 -32767.0 -32767.0 -32767.0 18.91502 18.114985 18.804066 20.35203 21.701439 22.449804 22.898958 22.96308 23.046713 22.785908 22.292639 22.601133 23.580858 23.675789 23.782097 24.371376 24.06452 24.198645 24.387077 24.631388 24.881731 24.963081 25.090952 24.951921 25.446985 25.565079 26.149832 26.126219 25.901276 26.635313 -32767.0 26.606066 -32767.0 -32767.0 -32767.0 -32767.0
24.726036 25.022028 25.37593 25.377537 25.340357 25.161158 25.096252 24.890167 24.508888 23.95914 23.559217 23.785942 25.080421 -32767.0 -32767.0 -32767.0 -32767.0 -32767.0 -32767.0 -32767.0 -32767.0 -32767.0 -32767.0 -32767.0 -32767.0 18.579277 18.6147 20.144949 19.400219 21.067667 21.95095 22.096361 22.236855 22.351685 22.809984 22.887484 22.910156 22.874191 23.00611 23.579796 24.662148 24.38146 24.418808 24.979626 25.563993 25.850183 25.523428 25.432566 25.097788 25.454468 25.533426 26.119518 26.256693 26.709259 -32767.0 -32767.0 -32767.0 -32767.0 -32767.0 -32767.0 -32767.0
25.247463 25.151651 25.280684 25.30471 25.297571 25.24847 25.113266 24.709839 24.409674 24.319637 23.892101 23.528402 24.52513 25.676619 -32767.0 -32767.0 -32767.0 -32767.0 -32767.0 -32767.0 -32767.0 -32767.0 -32767.0 -32767.0 -32767.0 17.773256 19.834759 21.308506 22.08883 21.743212 20.812971 22.555984 22.466057 22.372986 23.167173 23.894232 24.226486 24.403887 24.074629 24.143974 -32767.0 24.818197 25.680397 25.64707 25.718565 26.29796 26.16511 25.908817 25.732664 25.791939 25.895226 25.918629 -32767.0 -32767.0 -32767.0 -32767.0 -32767.0 -32767.0 -32767.0 -32767.0 -32767.0
25.199934 25.226585 25.241858 25.339052 25.315672 25.225672 24.879797 24.095236 23.569155 23.547777 23.70512 23.10371 23.210218 24.856407 -32767.0 -32767.0 -32767.0 -32767.0 -32767.0 -32767.0 -32767.0 -32767.0 -32767.0 -32767.0 -32767.0 -32767.0 20.461395 22.064753 23.932562 21.813637 23.204971 23.164942 23.102993 23.203175 23.768892 24.18026 24.235739 24.032106 24.135756 24.8018 25.050774 25.413458 25.504442 25.479738 25.317104 25.714666 26.232752 26.29011 26.550022 26.262648 26.15489 26.921158 -32767.0 -32767.0 -32767.0 -32767.0 -32767.0 -32767.0 -32767.0 -32767.0 -32767.0
25.57178 25.652987 25.681997 25.584036 25.441118 25.170534 24.847769 24.347961 23.091974 22.712324 22.54801 22.353544 23.102991 25.063423 24.916084 -32767.0 -32767.0 -32767.0 -32767.0 -32767.0 -32767.0 -32767.0 -32767.0 -32767.0 -32767.0 17.978956 21.229092 24.427368 24.142538 23.082018 23.771593 23.832235 23.968287 24.275038 24.906328 24.843414 24.419773 24.368732 24.684229 25.184042 26.373077 26.135473 25.902939 25.93032 25.71802 25.682316 25.811632 26.470284 -32767.0 27.435991 27.887495 27.71319 -32767.0 -32767.0 -32767.0 -32767.0 -32767.0 -32767.0 -32767.0 -32767.0 -32767.0
26.07143 26.084328 25.898195 25.625767 25.221067 24.74391 24.432566 24.173508 23.429003 22.540003 21.98731 22.320057 24.56381 25.515282 -32767.0 -32767.0 -32767.0 -32767.0 -32767.0 -32767.0 -32767.0 -32767.0 -32767.0 -32767.0 -32767.0 18.746286 22.753546 25.098875 24.319548 23.952866 23.25815 23.995945 24.782572 25.362967 25.371618 25.409296 24.962141 25.293358 25.485819 -32767.0 -32767.0 26.712917 27.187187 -32767.0 -32767.0 -32767.0 -32767.0 -32767.0 -32767.0 -32767.0 -32767.0 -32767.0 -32767.0 -32767.0 -32767.0 -32767.0 -32767.0 -32767.0 -32767.0 -32767.0 -32767.0
26.15906 26.051098 25.79008 25.125942 24.679642 23.75831 23.207413 23.153582 23.32839 22.429886 21.891308 21.851532 24.025927 -32767.0 -32767.0 -32767.0 -32767.0 -32767.0 -32767.0 -32767.0 -32767.0 -32767.0 -32767.0 -32767.0 17.990187 20.815886 24.390354 25.001556 24.459087 24.092804 24.534138 24.887981 25.40368 26.249077 26.101734 25.616558 25.596952 25.483725 -32767.0 -32767.0 -32767.0 -32767.0 -32767.0 -32767.0 -32767.0 -32767.0 -32767.0 -32767.0 -32767.0 -32767.0 -32767.0 -32767.0 -32767.0 -32767.0 -32767.0 -32767.0 -32767.0 -32767.0 -32767.0 -32767.0 -32767.0
26.116478 25.969542 25.558352 25.132418 24.776117 24.172253 23.198578 22.58418 22.742184 22.486929 21.994925 21.161299 24.930828 -32767.0 -32767.0 -32767.0 -32767.0 -32767.0 -32767.0 -32767.0 -32767.0 20.878191 22.162453 21.18781 20.187141 22.591719 24.092768 23.752417 24.275663 24.497112 24.912565 25.642874 26.778866 26.037008 26.104168 25.999432 -32767.0 -32767.0 -32767.0 -32767.0 -32767.0 -32767.0 -32767.0 -32767.0 -32767.0 -32767.0 -32767.0 -32767.0 -32767.0 -32767.0 -32767.0 -32767.0 -32767.0 -32767.0 27.63646 -32767.0 -32767.0 -32767.0 -32767.0 -32767.0 -32767.0
26.009779 25.961195 25.767843 25.404043 25.08834 24.361868 23.48668 23.059473 23.078135 22.698872 22.182632 21.89774 23.38957 -32767.0 -32767.0 -32767.0 -32767.0 27.620958 23.191534 24.168386 21.60373 21.150673 21.128242 19.89569 22.37013 23.763859 24.627705 24.412525 24.67507 24.944506 25.62312 26.31073 26.175787 25.946873 26.033812 -32767.0 -32767.0 -32767.0 -32767.0 -32767.0 -32767.0 -32767.0 -32767.0 -32767.0 -32767.0 27.290785 27.41818 -32767.0 -32767.0 -32767.0 -32767.0 -32767.0 -32767.0 -32767.0 27.795412 -32767.0 -32767.0 -32767.0 -32767.0 -32767.0 24.289816
25.917162 25.689972 25.293715 24.902956 24.65775 24.396854 23.98491 23.691496 23.268938 22.155703 21.355062 20.437462 -32767.0 25.773613 -32767.0 23.95524 -32767.0 23.498047 -32767.0 20.476665 20.104818 19.834 20.030634 20.69644 22.789425 24.49814 24.464094 24.651907 25.009758 26.245193 26.898764 26.938313 26.235151 -32767.0 -32767.0 -32767.0 -32767.0 -32767.0 -32767.0 -32767.0 -32767.0 26.25289 26.416441 26.735794 27.056 26.817368 26.438507 25.974773 26.224834 -32767.0 -32767.0 -32767.0 -32767.0 -32767.0 27.648096 26.778671 24.904886 25.145206 25.667414 26.261166 25.019207
25.846716 25.626873 25.388689 25.071724 24.714134 24.39479 24.062407 24.064543 23.749575 23.322691 22.797176 21.813334 20.542208 20.689507 20.536945 20.094854 20.454195 19.783758 19.735668 19.952093 19.889387 21.016968 22.190247 23.480597 -32767.0 23.977571 24.369598 25.271326 26.675812 26.818344 26.729708 -32767.0 -32767.0 -32767.0 -32767.0 -32767.0 25.390553 25.655 24.626503 25.022604 26.304176 26.708239 28.082573 -32767.0 -32767.0 27.554039 26.861969 25.243843 -32767.0 -32767.0 -32767.0 -32767.0 -32767.0 21.820274 22.667263 24.555614 26.877932 27.4628 27.566473 27.788956 27.960413
25.777124 25.453705 25.208551 25.024601 24.801996 24.521063 24.450365 24.250584 23.048079 23.792597 23.360039 23.009789 22.235273 21.970963 21.564135 22.621153 22.76115 22.522358 22.412638 22.187714 23.878414 24.039421 25.341461 25.403788 25.190767 25.180588 25.895393 26.229208 26.402895 26.540613 27.581808 29.293652 -32767.0 26.822252 26.357182 -32767.0 24.923965 25.26338 25.768438 -32767.0 28.06751 27.7687 -32767.0 -32767.0 -32767.0 -32767.0 26.647 25.578835 -32767.0 -32767.0 -32767.0 -32767.0 23.25326 26.66879 26.654629 26.727137 27.44221 27.573929 27.865988 28.086927 28.248459
26.355143 26.048279 25.426764 25.010742 24.930775 24.75389 24.722345 24.803988 24.87331 25.041382 24.94439 24.696884 24.730247 24.657085 25.35558 25.891832 25.753769 25.818815 25.514881 25.26737 25.308743 25.694517 25.970678 25.958298 26.585941 26.639584 -32767.0 26.275288 27.062408 -32767.0 -32767.0 29.641747 27.936983 27.674416 26.715536 25.390213 25.415386 26.072393 -32767.0 -32767.0 -32767.0 -32767.0 -32767.0 -32767.0 -32767.0 -32767.0 25.916002 25.355242 24.913786 -32767.0 -32767.0 23.714846 25.697691 26.727089 27.011505 27.421278 27.57279 27.776556 28.0624 28.433582 28.688091
25.908474 25.545374 25.485132 25.339228 25.12556 25.087992 25.181665 25.269432 25.41438 25.54671 25.576565 25.742561 26.107021 -32767.0 -32767.0 25.57559 25.237305 26.000015 26.487568 26.649446 26.89658 26.921343 26.83976 26.86404 26.807953 26.35199 26.388035 26.62069 -32767.0 -32767.0 -32767.0 -32767.0 -32767.0 -32767.0 26.495182 24.895603 25.194586 -32767.0 -32767.0 -32767.0 -32767.0 -32767.0 27.772604 -32767.0 25.708961 26.466017 26.378986 25.962805 25.66565 23.69762 -32767.0 24.867739 26.634882 27.06539 27.293653 27.415045 27.617365 27.906422 28.203655 28.524939 28.7567
