static/data/precipitation/2023/7/1/0.asc
ncols 137
nrows 93
xllcorner 108.0
yllcorner 17.0
cellsize 0.25
NODATA_value -32767
[rows 20 to 39 of 93, columns 90 to 134 of 137]
0.3335537806483241 0.2126129230953719 0.1380603396723204 0.1380603396723204 0.14634396005265907 0.162358959454649 0.18113516565008286 0.09940344456407096 0.08559741059683754 0.12370206434639958 0.1971501650520728 0.30483722999648244 0.3197477466810906 0.3307925738548767 0.4616737758642367 0.9542730678150715 2.1885325044856025 4.00098864370381 6.889210949648728 10.169524620263031 12.387325916759167 12.18575782083758 8.242754519796145 6.713598197585537 5.265069113743565 4.163347603158458 4.052899331420601 4.272691392178934 4.5764241394580365 4.4560355232637745 3.29853763545105 1.9019192393258701 2.684445244588574 3.1643429852895553 0.8614965195552736 0.5295994629830152 0.3064939540725481 0.21592637124750666 0.17671723478056983 0.13971706374838605 0.09664223777062358 0.0695824111948476 0.07841827293387713 0.02098517163019384 0.0022089654347565157
0.4235691221146747 0.4832111888531179 0.525733773472193 0.5942117019496623 0.645017906949076 0.6521970446120364 0.534569635211219 0.4892858437987001 0.4627782585816149 0.45725584499472016 0.4793454993422923 0.5997341155365536 0.902914621456967 1.1337515093890853 1.3590659837343089 1.6644554550894788 2.207860952039727 2.361936291114038 3.058864885779904 3.552568660448117 3.605583830882287 3.13065626240951 2.6209374883393086 4.032466401149098 3.00087954311753 1.9554866511187277 1.5015442542761424 2.497235423992909 2.6104449025242116 2.139383023562258 1.2856178830286356 1.0591989259660337 1.568365458677546 1.9229044109560605 0.76485428178465 0.3876734337998726 0.2297324052147401 0.17671723478056983 0.15131413228086296 0.10658258222703137 0.06185103217319979 0.024850861141019476 0.013806033967233428 0.0016567240760691215 0.0011044827173782579
1.0006613419449688 1.0658258222703034 0.9901687561298735 1.0393182370532181 1.1066916828133093 1.184557714388499 1.1834532316711208 1.3209613299847502 1.6396045939484627 1.7522618311210763 1.514798046884685 1.0868109939004973 1.2905880552568396 1.4247827054183344 1.6616942482960348 1.771590278675201 1.7533663138384545 1.8472473448156306 1.9847554431292602 2.013471993781102 2.171413022366238 2.0493676820959075 0.9603477227606537 1.225423574931505 1.0415272024879747 0.3749718825500209 0.3893301578759417 0.442345328310112 0.6919584224376641 0.7030032496114502 0.4241213634733655 0.3219567121158472 0.27888188613808473 0.3125686090181302 0.27777740342070645 0.2540310249970687 0.10216465135751487 0.07841827293387713 0.054119653151548514 0.0298210333692199 0.023194137064950354 0.0011044827173782579 0.0005522413586908637 0.0005522413586908637 0.0
2.1404875062796362 2.0974126803018738 1.9466507893797016 1.8257099318267493 2.5115936993188317 1.6385001112310844 1.52749959813454 1.6456792488940448 1.8444861380221833 2.586698524100572 4.036884332018613 5.002754468366159 5.752145992107508 5.433502728143795 4.997232054779265 4.234586738429376 3.247179189092947 2.836311618228126 2.561847662959554 2.4950264585581525 3.13783540007247 5.582607894989899 2.383473704102919 0.3015237818443442 0.13916482238969866 0.07013465255353846 0.07179137662960758 0.08559741059683754 0.09940344456407096 0.09443327233586707 0.10823930630309703 0.09719447912931445 0.07565706614042975 0.054119653151548514 0.04197034326038421 0.03202999880397989 0.026507585217085128 0.01988068891281558 0.008283620380338669 0.0011044827173782579 0.0005522413586908637 0.0 0.0 0.0 0.0
3.288597290994644 3.283074877407751 3.1864326396371276 3.0859247123556783 2.88601334051016 2.8026248953480803 2.301189741658216 1.884247515847811 2.1785921600291984 3.9766900239214826 9.861926183473106 11.987503173068129 17.49390176055891 17.897037952402084 15.26339891281292 7.345914553284761 5.959788742974675 3.7690472730543148 2.539205767253295 2.5093847338840733 3.194164018658777 4.7967684415750576 1.890874412152084 0.8217351417296425 0.06240327353188718 0.02816430929315425 0.011044827173786048 0.012149309891164306 0.014358275325920822 0.012149309891164306 0.012149309891164306 0.01546275804329908 0.004970172228203895 0.004970172228203895 0.0011044827173782579 0.0011044827173782579 0.0 0.0 0.0 0.0 0.0 0.0005522413586908637 0.0005522413586908637 0.0005522413586908637 0.0005522413586908637
4.086586054300649 5.2993080779823005 5.202113598852987 6.640702338238554 6.582716995576179 6.429746139219249 4.249497255113985 3.831450546586202 2.5215340437752376 3.59619572778457 9.765283945702482 9.63661170912788 15.77532665231788 16.87980936969643 14.13296085157597 6.068028049277772 4.962993090540531 2.5762059382854767 1.3667973627559602 1.8212920009572364 2.508832492525384 3.754136756369703 0.6621373890684443 0.2446429218993483 0.037552412390871176 0.0033134481521347736 0.0005522413586908637 0.0 0.0 0.0 0.0005522413586908637 0.0005522413586908637 0.0 0.0 0.0 0.0005522413586908637 0.0005522413586908637 0.0011044827173782579 0.0011044827173782579 0.0005522413586908637 0.0005522413586908637 0.0011044827173782579 0.0011044827173782579 0.0011044827173782579 0.0011044827173782579
7.338183174263109 8.93305621815774 10.56824288123669 12.79101434996103 12.566804358333181 8.702771571584313 6.382253382371972 4.951948263366744 2.414399220189517 1.3480211565605262 1.1574978878127231 1.0293778925968105 0.9178251381415786 1.4424544288963899 1.28396115895257 1.0542287537378299 0.6151968735798562 0.37828533070215564 0.34735981461555404 0.848242726946731 1.6870973507957416 3.6917334828378157 0.6394954933621813 0.20432930271503322 0.004970172228203895 0.0016567240760691215 0.0 0.0 0.0 0.0 0.0 0.0 0.0 0.0 0.0 0.0 0.0005522413586908637 0.0016567240760691215 0.0011044827173782579 0.0005522413586908637 0.0011044827173782579 0.0011044827173782579 0.0011044827173782579 0.0016567240760691215 0.0016567240760691215
14.707291864612818 18.52604085994917 20.197675452701606 15.717893551014196 10.671512015311583 5.522965828251457 3.2808659119729926 1.859396654706795 1.601499940198904 1.453499256070176 1.2602147805289288 1.0376615129771525 0.8537651405336223 0.862048760913961 0.810138073197169 0.6720777335248486 0.5273904975482586 0.401479467767106 0.2888222305944925 0.23304585336687486 0.18389637244353024 0.15462758043299774 0.04086586054300595 0.006626896304273017 0.0027612067934473794 0.0 0.0 0.0 0.0 0.0 0.0 0.0 0.0 0.0 0.0 0.0005522413586908637 0.0 0.0 0.0 0.0 0.0011044827173782579 0.0011044827173782579 0.0016567240760691215 0.0016567240760691215 0.0016567240760691215
24.94695113742939 23.907632900376168 18.68508637125168 10.91063252362404 5.457801347926122 3.0108198875739376 1.645127007535354 1.3684540868320292 1.4115289128097916 1.2718118490614057 1.0746616840093328 0.8609442781965827 0.6864360088507728 0.5748832543955376 0.4539423968425854 0.33686722880045883 0.21703085396488492 0.14468723597658995 0.08725413467290666 0.0392091364669403 0.01546275804329908 0.0027612067934473794 0.0 0.0 0.0 0.0 0.0 0.0 0.0 0.0 0.0 0.0 0.0 0.0005522413586908637 0.0005522413586908637 0.0 0.0 0.0 0.0 0.0 0.0011044827173782579 0.0016567240760691215 0.0033134481521347736 0.0027612067934473794 0.0027612067934473794
8.025723665831258 5.187203082168377 2.9682973029548627 1.9643225128577573 1.574992354981819 1.2795432280830534 0.9371535856957034 0.8195261762948859 0.7847349706974621 0.6886449742855294 0.5240770493961239 0.3628225726588566 0.24077723238852614 0.14855292548741558 0.08559741059683754 0.05080620499941374 0.02374637842363775 0.013253792608542564 0.008283620380338669 0.0016567240760691215 0.0011044827173782579 0.0 0.0 0.0 0.0 0.0 0.0 0.0 0.0 0.0 0.0 0.0 0.0 0.0 0.0 0.0 0.0 0.0 0.0 0.0 0.0011044827173782579 0.012149309891164306 0.006626896304273017 0.0022089654347565157 0.0027612067934473794
3.0870291950730566 2.6745049001321677 1.933396996771159 2.091890266714979 1.3010806410719347 1.0768706494440894 0.9476461715107986 0.8311232448273629 0.6245849766775731 0.4285392943428785 0.2882699892358016 0.18334413108483938 0.09664223777062358 0.05743310130368676 0.038656895108249434 0.016567240760677338 0.009388103097716927 0.0027612067934473794 0.0005522413586908637 0.0005522413586908637 0.0 0.0 0.0 0.0 0.0 0.0 0.0 0.0 0.0 0.0 0.0 0.0005522413586908637 0.011044827173786048 0.005522413586894759 0.0005522413586908637 0.0 0.0 0.0 0.0 0.0016567240760691215 0.005522413586894759 0.0044179308695130315 0.005522413586894759 0.0038656895108256373 0.0027612067934473794
7.655721955509443 5.400920487981126 2.33598094725564 1.5534549419929342 1.26794615955058 1.2038861619426238 1.0680347877050598 0.8764070362398818 0.6140923908624745 0.36889722760443877 0.2026725786389641 0.09995568592275836 0.051910687716792 0.024850861141019476 0.013806033967233428 0.008835861739029532 0.0027612067934473794 0.0016567240760691215 0.0005522413586908637 0.0 0.0 0.0 0.0 0.0 0.0 0.0 0.0 0.0 0.0005522413586908637 0.0027612067934473794 0.0077313790216512746 0.006074654945582153 0.005522413586894759 0.004970172228203895 0.0022089654347565157 0.013806033967233428 0.037552412390871176 0.019328447554124717 0.004970172228203895 0.004970172228203895 0.0016567240760691215 0.0038656895108256373 0.004970172228203895 0.0044179308695130315 0.0016567240760691215
7.97160401267971 4.562618105490804 1.531917529004053 1.7826351058489869 1.1884234038993247 1.1309903025956378 0.9829896184669131 0.7770035916758143 0.47713653390753574 0.25513550771444693 0.10989603037916615 0.061298790814508924 0.02264189570625949 0.024298619782328612 0.05743310130368676 0.04528379141252245 0.012149309891164306 0.0016567240760691215 0.0016567240760691215 0.0 0.0 0.0 0.0 0.0 0.0005522413586908637 0.0005522413586908637 0.0011044827173782579 0.0016567240760691215 0.0016567240760691215 0.012149309891164306 0.019328447554124717 0.0044179308695130315 0.011597068532473442 0.019328447554124717 0.029268792010532507 0.0342389642387364 0.024850861141019476 0.0171194821193682 0.0033134481521347736 0.0016567240760691215 0.0005522413586908637 0.0016567240760691215 0.0022089654347565157 0.0016567240760691215 0.0011044827173782579
6.167983735200533 3.1289995383334426 2.4707278387758236 2.689415416816778 1.171856163138644 0.9448849647173512 0.7957797978712482 0.5677041167325771 0.28771774787711424 0.1380603396723204 0.1159706853247483 0.06682120440140368 0.08394068652077188 0.07344810070567323 0.07620930749912061 0.0469405154885881 0.013253792608542564 0.0077313790216512746 0.010492585815095185 0.006074654945582153 0.0 0.0 0.0 0.0005522413586908637 0.0011044827173782579 0.0011044827173782579 0.0011044827173782579 0.0016567240760691215 0.03534344695611466 0.04638827412990071 0.017671723478055595 0.01270155124985517 0.02264189570625949 0.029268792010532507 0.038656895108249434 0.01988068891281558 0.006074654945582153 0.0016567240760691215 0.0016567240760691215 0.0 0.0 0.0011044827173782579 0.0016567240760691215 0.0016567240760691215 0.0005522413586908637
3.926436060280758 3.022416956106411 2.362488532472725 2.834102652793368 1.016124099988268 0.7637497990672717 0.5649429099391299 0.33631498744177146 0.1750605107045007 0.14192602918314604 0.13088120200936 0.09608999641193272 0.11817965075950482 0.12038861619426133 0.08891085874897231 0.05964206673844327 0.022089654347572096 0.017671723478055595 0.014358275325920822 0.006626896304273017 0.0005522413586908637 0.0005522413586908637 0.0005522413586908637 0.0011044827173782579 0.0016567240760691215 0.0016567240760691215 0.0016567240760691215 0.0016567240760691215 0.04417930869514072 0.040313619184318555 0.011597068532473442 0.035895688314802054 0.03368672288004554 0.037552412390871176 0.021537412988881233 0.0016567240760691215 0.0011044827173782579 0.0005522413586908637 0.0 0.0005522413586908637 0.0005522413586908637 0.0011044827173782579 0.0016567240760691215 0.0016567240760691215 0.0
2.882699892358025 2.019546648726684 1.065273580911616 1.7837395885663652 0.7256451453177097 0.7593318681977552 0.5605249790696167 0.27612067934463735 0.162358959454649 0.17450826934581332 0.14137378782445517 0.10658258222703137 0.06074654945582153 0.09332878961848881 0.0867018933142158 0.0695824111948476 0.028716550651841644 0.01822396483674646 0.0044179308695130315 0.0005522413586908637 0.0011044827173782579 0.0016567240760691215 0.0011044827173782579 0.0016567240760691215 0.0016567240760691215 0.0027612067934473794 0.0027612067934473794 0.019328447554124717 0.03147775744528902 0.028716550651841644 0.017671723478055595 0.047492756847278966 0.033134481521358145 0.016014999401989943 0.0 0.0 0.0 0.0 0.0 0.0005522413586908637 0.0005522413586908637 0.0005522413586908637 0.0016567240760691215 0.0022089654347565157 0.0016567240760691215
3.1908505705066403 2.67229593469741 1.5451713216125955 0.7372422138501832 0.6163013562972344 0.9172728967828878 0.6074654945582049 0.22862792249736183 0.21592637124750666 0.16180671809595815 0.10216465135751487 0.054119653151548514 0.024298619782328612 0.005522413586894759 0.0022089654347565157 0.0005522413586908637 0.0 0.0 0.0 0.0005522413586908637 0.0011044827173782579 0.0016567240760691215 0.0016567240760691215 0.0016567240760691215 0.0038656895108256373 0.004970172228203895 0.012149309891164306 0.07344810070567323 0.0469405154885881 0.0342389642387364 0.033134481521358145 0.021537412988881233 0.004970172228203895 0.0 0.0 0.0 0.0 0.0 0.0 0.0 0.0 0.0 0.0011044827173782579 0.0027612067934473794 0.0038656895108256373
1.843933896663496 1.2546923669420376 0.63397307977529 0.6074654945582049 0.7714811780889196 0.49425601602690394 0.2838520583662886 0.1800306829327046 0.12425430570508697 0.14137378782445517 0.09332878961848881 0.04141810190169681 0.0033134481521347736 0.0 0.0 0.0 0.0 0.0 0.0 0.0 0.0011044827173782579 0.0022089654347565157 0.0027612067934473794 0.006074654945582153 0.007179137662960411 0.010492585815095185 0.01546275804329908 0.06074654945582153 0.02705982657577599 0.01546275804329908 0.014358275325920822 0.0 0.0 0.0 0.0 0.0 0.0 0.0 0.0 0.0 0.0 0.0 0.0 0.0005522413586908637 0.0011044827173782579
2.986521267791609 1.4777978758525045 0.45615136227734193 0.50530084320069 0.6941673878724207 0.4125242949408886 0.23856826695376615 0.19107551010649065 0.20598602679109887 0.0811794797273245 0.02374637842363775 0.0016567240760691215 0.0 0.0 0.0 0.0 0.0 0.0 0.0 0.0016567240760691215 0.0033134481521347736 0.004970172228203895 0.005522413586894759 0.008283620380338669 0.008835861739029532 0.02264189570625949 0.05080620499941374 0.04804499820596636 0.023194137064950354 0.006626896304273017 0.0005522413586908637 0.0 0.0 0.0 0.0 0.0 0.0 0.0 0.0 0.0 0.0 0.0 0.0 0.0 0.0005522413586908637
2.446429218993497 1.261319263246307 0.19935913048682932 0.21206068173668102 0.23635930151900963 0.18720982059566502 0.1921799928238689 0.2092994749432371 0.05798534266237415 0.01546275804329908 0.0011044827173782579 0.0 0.0 0.0 0.0 0.0011044827173782579 0.0011044827173782579 0.0 0.0 0.0011044827173782579 0.0027612067934473794 0.006626896304273017 0.00994034445640779 0.012149309891164306 0.040313619184318555 0.0298210333692199 0.024850861141019476 0.017671723478055595 0.0038656895108256373 0.0022089654347565157 0.0005522413586908637 0.0 0.0 0.0 0.0 0.0 0.0 0.0 0.0 0.0 0.0 0.0 0.0 0.0 0.0
