static/data/precipitation/2023/7/1/12.asc
ncols 137
nrows 93
xllcorner 108.0
yllcorner 17.0
cellsize 0.25
NODATA_value -32767
[rows 25 to 49 of 93, columns 58 to 115 of 137]
0.0 0.0 0.0 0.0 0.0 0.0 0.0 0.0 0.0 0.0 0.0 0.0 0.0 0.0 0.0 0.0 0.0 0.0 0.0 0.0 0.0 0.0 0.0 0.0 0.0 0.0 0.0 0.0 0.0005522413586908637 0.0005522413586908637 0.0 0.0 0.0 0.0 0.0005522413586908637 0.0005522413586908637 0.0 0.0005522413586908637 0.0011044827173782579 0.0022089654347565157 0.0033134481521347736 0.0011044827173782579 0.0 0.0 0.0016567240760691215 0.0016567240760691215 0.0033134481521347736 0.007179137662960411 0.0077313790216512746 0.007179137662960411 0.04362706733645333 0.24022499102983527 0.4451065351035559 1.7737992441099575 2.55080283578577 3.099178504964221 3.340507978711436 4.181019326636514
0.0 0.0 0.0 0.0 0.0 0.0 0.0 0.0 0.0 0.0 0.0 0.0 0.0 0.0 0.0 0.0 0.0 0.0 0.0 0.0 0.0 0.0 0.0 0.0 0.0005522413586908637 0.0005522413586908637 0.0 0.0 0.0005522413586908637 0.0005522413586908637 0.0 0.0016567240760691215 0.007179137662960411 0.007179137662960411 0.0 0.0 0.0 0.0011044827173782579 0.0016567240760691215 0.0016567240760691215 0.0 0.0 0.0 0.0 0.0 0.0 0.0 0.0011044827173782579 0.0011044827173782579 0.0695824111948476 0.23801602559507876 0.5196591185266108 4.435050351633581 5.965863397920257 7.164227146275988 7.226630419807876 7.189078007417004 5.463876002871704
0.0 0.0 0.0 0.0 0.0 0.0 0.0 0.0 0.0 0.0 0.0 0.0 0.0 0.0 0.0 0.0 0.0 0.0 0.0 0.0 0.0 0.0 0.0 0.0 0.0005522413586908637 0.0005522413586908637 0.0 0.0 0.0 0.0 0.0005522413586908637 0.0027612067934473794 0.020432930271502975 0.04638827412990071 0.03644792967349292 0.0 0.0 0.0005522413586908637 0.0005522413586908637 0.0 0.0 0.0 0.0 0.0 0.0 0.0 0.0 0.0005522413586908637 0.051910687716792 0.13640361559625128 0.742212386078387 4.6073496555446365 9.563715849780895 12.23325057768486 12.02560782681769 9.787925841408741 7.4143924817622295 5.233591356298277
0.0 0.0 0.0 0.0 0.0 0.0 0.0 0.0 0.0 0.0 0.0 0.0 0.0 0.0 0.0 0.0 0.0 0.0 0.0 0.0 0.0 0.0 0.0 0.0 0.0 0.0 0.0 0.0 0.0 0.0077313790216512746 0.008835861739029532 0.0027612067934473794 0.024850861141019476 0.12646327113984349 0.12038861619426133 0.0022089654347565157 0.0 0.0 0.0 0.0 0.0 0.0 0.0 0.0 0.0 0.0 0.0 0.007179137662960411 0.08725413467290666 0.4241213634733655 2.4530561152977666 7.32272041621981 9.87297101064689 10.152957379502354 8.484636234902048 6.059192187538745 4.542185175219301 3.5409715919156435
0.0 0.0 0.0 0.0 0.0 0.0 0.0 0.0 0.0 0.0 0.0 0.0 0.0 0.0 0.0 0.0 0.0 0.0 0.0 0.0 0.0 0.0 0.0 0.0 0.0 0.0 0.0 0.0 0.0 0.03810465374956204 0.061298790814508924 0.0027612067934473794 0.027612067934463386 0.08891085874897231 0.08007499700994625 0.0016567240760691215 0.0 0.0005522413586908637 0.0005522413586908637 0.0 0.0 0.0 0.0 0.0 0.0 0.0 0.0 0.011597068532473442 0.07234361798829497 0.3434941251047319 1.7290676940561258 3.5531209018068064 4.470946039948385 4.502423797393674 3.8364207188144057 3.4426726300689507 2.362488532472725 1.381155638081881
0.0 0.0 0.0 0.0 0.0 0.0 0.0 0.0 0.0 0.0 0.0 0.0 0.0 0.0 0.0005522413586908637 0.0027612067934473794 0.0038656895108256373 0.0022089654347565157 0.0011044827173782579 0.0011044827173782579 0.0016567240760691215 0.0027612067934473794 0.0011044827173782579 0.0011044827173782579 0.0011044827173782579 0.0011044827173782579 0.0016567240760691215 0.0016567240760691215 0.0011044827173782579 0.014358275325920822 0.016014999401989943 0.0044179308695130315 0.11376171988999179 0.23580706016032224 0.20101585456289844 0.007179137662960411 0.0 0.0005522413586908637 0.0011044827173782579 0.0011044827173782579 0.0011044827173782579 0.0011044827173782579 0.0005522413586908637 0.0 0.0 0.0 0.0016567240760691215 0.019328447554124717 0.07123913527091671 0.3186432639637124 0.48265894749442706 0.7543616959695514 1.3220658127021285 1.626903042698611 1.7323811422082607 1.1878711625406337 0.7466303169479036 0.21868757804095404
0.0 0.0 0.0 0.0 0.0 0.0 0.0 0.0 0.0 0.0 0.0 0.0 0.0 0.0005522413586908637 0.008835861739029532 0.019328447554124717 0.024298619782328612 0.007179137662960411 0.0044179308695130315 0.0469405154885881 0.04362706733645333 0.01546275804329908 0.019328447554124717 0.013806033967233428 0.024850861141019476 0.035895688314802054 0.06792568711878194 0.004970172228203895 0.017671723478055595 0.11707516804212656 0.17119482119367507 0.27998636885546296 0.39209136466938566 0.2982103336922094 0.09222430690111055 0.0022089654347565157 0.0 0.0016567240760691215 0.0016567240760691215 0.0011044827173782579 0.0011044827173782579 0.0016567240760691215 0.0022089654347565157 0.004970172228203895 0.018776206195437323 0.023194137064950354 0.13916482238969866 0.36116584858278744 0.4478677418970033 0.24629964597541742 0.20101585456289844 0.5091665327115122 0.45118119004913804 0.473823085755401 0.49370377466821314 0.3976137782562804 0.08449292787945928 0.0469405154885881
0.0 0.0 0.0 0.0 0.0 0.0 0.0 0.0 0.0 0.0 0.0 0.0 0.012149309891164306 0.04141810190169681 0.05467189451023938 0.0469405154885881 0.045836032771209845 0.04362706733645333 0.0911198241837323 0.18665757923697415 0.2545832663557561 0.22918016385604922 0.16843361440023116 0.1678813730415403 0.17561275206319157 0.14192602918314604 0.12480654706377783 0.058537584021065014 0.01270155124985517 0.09940344456407096 0.12038861619426133 0.15352309771561948 0.3976137782562804 0.22034430211702316 0.01546275804329908 0.0016567240760691215 0.0016567240760691215 0.0016567240760691215 0.0016567240760691215 0.0011044827173782579 0.0033134481521347736 0.009388103097716927 0.0392091364669403 0.24132947374721353 0.3407329183112845 0.5975251501017971 0.839959106566389 1.0255122030859882 0.839959106566389 0.49536049874428223 0.2700460243990552 0.15186637363955036 0.13198568472673824 0.14137378782445517 0.12977671929198173 0.08283620380339016 0.040313619184318555 0.0033134481521347736
0.0 0.0 0.0 0.0 0.0 0.0 0.0 0.0 0.0 0.0 0.0 0.0 0.012149309891164306 0.21647861260619752 0.2733594725511934 0.25513550771444693 0.11155275445523527 0.08394068652077188 0.09774672048800184 0.3827032615716687 0.45118119004913804 0.39264360602807646 0.4241213634733655 0.38380774428904696 0.3396284355939062 0.3059417127138607 0.10934378902047875 0.06682120440140368 0.02264189570625949 0.033134481521358145 0.05246292907548286 0.03368672288004554 0.14910516684610645 0.020432930271502975 0.011597068532473442 0.0011044827173782579 0.0011044827173782579 0.0016567240760691215 0.0011044827173782579 0.020432930271502975 0.03700017103218031 0.13750809831362953 0.4760320511901575 0.6787046298291216 1.2972149515611124 1.7224407977518528 1.8743071713914068 1.4153946023206174 1.229841505801018 0.6102267013516522 0.34018067695259363 0.21592637124750666 0.11762740940081742 0.11044827173785701 0.08283620380339016 0.06571672168402543 0.024298619782328612 0.0027612067934473794
0.0005522413586908637 0.0005522413586908637 0.0 0.0 0.0 0.0 0.0 0.0 0.0 0.0 0.0 0.0 0.07455258342305149 0.37441964119133003 0.557211530917482 0.7074211804809633 0.5638384272217516 0.4417930869514211 0.32637464298536367 0.6035998050473792 0.3976137782562804 0.331897056572255 0.6190625630906783 0.419703432603849 0.37386739983263917 0.26065792130133825 0.04804499820596636 0.03202999880397989 0.019328447554124717 0.029268792010532507 0.043074825977762465 0.035895688314802054 0.02264189570625949 0.009388103097716927 0.0005522413586908637 0.0016567240760691215 0.0022089654347565157 0.004970172228203895 0.06240327353188718 0.08228396244470276 0.2220010261930888 0.4892858437987001 0.8835861739028422 1.5970820093293876 2.2520402607348715 2.680027313719061 2.5513550771444593 2.0836066463346405 1.710291487860692 1.1160797859110296 0.8432725547185271 0.50309187776593 0.4042406745605499 0.11762740940081742 0.07344810070567323 0.051910687716792 0.02264189570625949 0.0011044827173782579
0.0016567240760691215 0.0005522413586908637 0.0 0.0 0.0 0.0 0.0 0.0 0.0 0.0 0.0 0.0 0.07510482478174235 0.4042406745605499 0.9067803109677925 1.0779751321614677 1.1354082334651543 1.0144673759122023 0.7593318681977552 0.49756946417903875 0.28661326515973595 0.25568774907313435 0.5671518753738863 0.30207602320303506 0.18941878603042153 0.07179137662960758 0.0171194821193682 0.013253792608542564 0.005522413586894759 0.008835861739029532 0.020432930271502975 0.0171194821193682 0.02264189570625949 0.008835861739029532 0.0044179308695130315 0.006626896304273017 0.02816430929315425 0.08780637603159405 0.15683654586775425 0.35398671091982703 0.5505846346132091 1.003422548738416 1.8930833775868405 2.608235937089455 3.3261497033855134 3.652524346370877 3.4520607331666695 3.3648065984937627 3.0086109221391792 2.488399562253881 1.9190387214452382 1.439693222102946 0.5262860148308803 0.17837395885663548 0.06792568711878194 0.030373274727910765 0.0044179308695130315 0.0005522413586908637
0.0016567240760691215 0.0005522413586908637 0.0 0.0 0.0 0.0 0.0 0.0 0.0 0.0 0.0 0.0 0.0011044827173782579 0.363374814017544 0.7256451453177097 0.9945866869993867 1.142035129769424 0.929974448032743 0.6096744599929614 0.19107551010649065 0.20653826814978973 0.37165843439788265 0.2965536096161403 0.19604568233469455 0.10658258222703137 0.054119653151548514 0.014910516684611685 0.006626896304273017 0.0038656895108256373 0.0022089654347565157 0.00994034445640779 0.012149309891164306 0.02540310249970687 0.010492585815095185 0.006626896304273017 0.03092551608659816 0.0988512032053801 0.21868757804095404 0.3550911936372053 0.5483756691784525 1.3099165028109643 2.395070772635392 3.49016538691623 4.628334827174828 5.362263592872878 5.881922711399487 5.907325813899194 5.968072363355014 4.967963262768734 4.282079495276652 2.938476269585643 1.3380808121041186 0.37773308934346483 0.162358959454649 0.02705982657577599 0.0033134481521347736 0.0011044827173782579 0.0
0.0 0.0 0.0 0.0 0.0 0.0 0.0005522413586908637 0.0011044827173782579 0.0022089654347565157 0.0016567240760691215 0.0016567240760691215 0.0005522413586908637 0.0016567240760691215 0.006074654945582153 0.25237430092099955 0.34404636646341924 0.26176240401871653 0.016567240760677338 0.006626896304273017 0.0044179308695130315 0.02816430929315425 0.07123913527091671 0.15186637363955036 0.11210499581392266 0.10823930630309703 0.07455258342305149 0.014910516684611685 0.01270155124985517 0.00994034445640779 0.03644792967349292 0.055776377227617635 0.06737344576009108 0.025955343858397734 0.018776206195437323 0.0171194821193682 0.054119653151548514 0.12535878842246523 0.20432930271503322 0.41804670852778336 1.3060508133001387 2.7507142076312885 4.691842583424095 6.565597513456812 7.866125913170059 8.63705484990029 9.377610511902608 9.44443171630401 7.914723152734714 6.07023701471253 3.9650929553890073 1.3552002942234866 0.46719618945112795 0.18941878603042153 0.05356741179286112 0.0044179308695130315 0.0011044827173782579 0.0 0.0
0.0 0.0 0.0 0.0 0.0 0.0005522413586908637 0.0038656895108256373 0.012149309891164306 0.027612067934463386 0.013253792608542564 0.022089654347572096 0.01822396483674646 0.006074654945582153 0.0171194821193682 0.007179137662960411 0.014358275325920822 0.014358275325920822 0.0027612067934473794 0.0022089654347565157 0.0016567240760691215 0.0044179308695130315 0.006074654945582153 0.011597068532473442 0.009388103097716927 0.008835861739029532 0.010492585815095185 0.02374637842363775 0.04252258461907507 0.15683654586775425 0.2220010261930888 0.26231464537740734 0.3451508491807975 0.1977024064107602 0.08559741059683754 0.02540310249970687 0.03258224016266728 0.08283620380339016 0.23635930151900963 0.9669746190649232 2.5607431802421763 4.956366194236259 7.102376114102788 9.238445689512911 10.909528040906661 11.846129385243676 11.624680600409276 8.901026219353763 5.791907369933135 2.9406852350203994 0.6615851477097534 0.33686722880045883 0.08780637603159405 0.025955343858397734 0.0022089654347565157 0.0 0.0 0.0 0.0
0.0 0.0 0.0 0.0 0.0 0.0 0.0 0.0011044827173782579 0.0044179308695130315 0.0016567240760691215 0.0038656895108256373 0.005522413586894759 0.0038656895108256373 0.0077313790216512746 0.006626896304273017 0.004970172228203895 0.004970172228203895 0.0038656895108256373 0.0022089654347565157 0.0033134481521347736 0.011044827173786048 0.025955343858397734 0.03534344695611466 0.033134481521358145 0.02264189570625949 0.011597068532473442 0.007179137662960411 0.06461223896664717 0.24132947374721353 0.4550468795599637 0.43019601841894767 0.29324016146400556 0.3556434349958962 0.33741947015914975 0.1734037866284316 0.3981660196149678 1.3281404676477107 2.5982955926330473 4.0214215739753145 5.511921001077672 7.105689562254925 8.219008141372505 8.928638287288226 9.039086559026082 8.33056089582774 7.6010500609992055 4.061735193159631 1.884247515847811 0.6516448032533456 0.12425430570508697 0.0392091364669403 0.02540310249970687 0.0044179308695130315 0.0005522413586908637 0.0 0.0 0.0 0.0
0.0 0.0 0.0 0.0 0.0 0.0 0.0 0.0 0.0 0.0 0.0005522413586908637 0.0011044827173782579 0.0033134481521347736 0.004970172228203895 0.0038656895108256373 0.0022089654347565157 0.0016567240760691215 0.0016567240760691215 0.0005522413586908637 0.0011044827173782579 0.0033134481521347736 0.008835861739029532 0.017671723478055595 0.02816430929315425 0.06350775624926544 0.047492756847278966 0.03147775744528902 0.08835861739028492 0.30318050592041335 0.5897937710801493 0.5246292907548147 0.4136287776582669 1.505409943786968 2.035561648128674 3.4940310764270537 4.646558792011574 6.891419915083484 5.5400853103708245 5.783623749552796 5.118725153690907 5.448965486187094 5.456144623850054 5.9161616756382225 5.5737720332508705 3.7259724470765505 2.0350094067699867 0.7510482478174165 0.6400477347208722 0.021537412988881233 0.01546275804329908 0.0022089654347565157 0.0 0.0 0.0 0.0 0.0 0.0038656895108256373 0.0022089654347565157
0.0 0.0 0.0 0.0 0.0 0.0 0.0 0.0 0.0 0.0 0.0 0.0 0.0016567240760691215 0.0016567240760691215 0.0005522413586908637 0.0005522413586908637 0.0 0.0 0.0 0.0 0.0 0.0 0.005522413586894759 0.006074654945582153 0.025955343858397734 0.03147775744528902 0.0740003420643641 0.27225498983381513 0.7256451453177097 0.9962434110754558 0.9691835844996798 1.4198125331901303 2.4171604269829645 3.1842236742023693 4.330124493482619 4.415721904079456 4.210840360005736 3.2681643607231394 2.5115936993188317 2.0410840617155688 2.0410840617155688 1.786500795359809 1.9853076844879511 1.9295313072603335 0.6146446322211653 0.16125447673727075 0.09608999641193272 0.0044179308695130315 0.0038656895108256373 0.0 0.0 0.0 0.0011044827173782579 0.006074654945582153 0.008835861739029532 0.008283620380338669 0.004970172228203895 0.0027612067934473794
0.0 0.0 0.0 0.0 0.0 0.0 0.0 0.0 0.0 0.0 0.0 0.0 0.0 0.0 0.0 0.0 0.0 0.0 0.0 0.0 0.0 0.0 0.0 0.0011044827173782579 0.0016567240760691215 0.009388103097716927 0.06461223896664717 1.0984080624329706 1.552350459275556 2.544175939481499 2.7661769656745876 3.4415681473515725 3.8292415811514453 4.598513793805608 4.213049325440492 3.729838136587376 2.903132822629528 1.1552889223779665 0.39650929553890213 0.2844042997249795 0.3059417127138607 0.15352309771561948 0.09940344456407096 0.04362706733645333 0.040313619184318555 0.012149309891164306 0.0005522413586908637 0.0005522413586908637 0.0 0.0 0.0 0.0 0.0077313790216512746 0.013253792608542564 0.012149309891164306 0.008835861739029532 0.0038656895108256373 0.0022089654347565157
0.0 0.0 0.0 0.0 0.0 0.0 0.0 0.0 0.0 0.0 0.0 0.0 0.0 0.0 0.0 0.0 0.0 0.0 0.0 0.0 0.0 0.0 0.0 0.0 0.0011044827173782579 0.0027612067934473794 0.025955343858397734 1.106139441454622 1.1701994390625783 2.2155923310613788 2.5220862851339265 3.194716260017466 3.4973445245791903 3.9242270948460014 3.496240041861812 2.8954014436078785 2.5033100789384912 0.7184660076547493 0.26894154168167694 0.15186637363955036 0.11707516804212656 0.07620930749912061 0.029268792010532507 0.006074654945582153 0.0016567240760691215 0.0005522413586908637 0.0 0.0 0.0 0.0 0.0011044827173782579 0.0016567240760691215 0.009388103097716927 0.01270155124985517 0.011044827173786048 0.0033134481521347736 0.0016567240760691215 0.0
0.0005522413586908637 0.0005522413586908637 0.0005522413586908637 0.0005522413586908637 0.0 0.0 0.0 0.0 0.0 0.0 0.0 0.0 0.0 0.0 0.0 0.0 0.0 0.0 0.0 0.0 0.0 0.0 0.0 0.0 0.0 0.0 0.0011044827173782579 0.004970172228203895 0.06847792847746934 0.1336424088028039 0.20432930271503322 0.6847792847747037 0.800749970099452 1.2281847817249523 1.419260291831443 1.0282734098794322 0.8973922078700757 0.7018987668940719 0.2518220595623122 0.09940344456407096 0.06350775624926544 0.04197034326038421 0.02540310249970687 0.0022089654347565157 0.0005522413586908637 0.0 0.0 0.0 0.0 0.0011044827173782579 0.0022089654347565157 0.0027612067934473794 0.004970172228203895 0.0077313790216512746 0.007179137662960411 0.0005522413586908637 0.0 0.0
0.0016567240760691215 0.0011044827173782579 0.0011044827173782579 0.0005522413586908637 0.0 0.0 0.0 0.0 0.0 0.0 0.0 0.0 0.0 0.0 0.0 0.0 0.0 0.0 0.0 0.0 0.0 0.0 0.0 0.0 0.0 0.0011044827173782579 0.004970172228203895 0.009388103097716927 0.020432930271502975 0.04914948092334462 0.07731379021649887 0.07897051429256799 0.06571672168402543 0.05522413586892677 0.054119653151548514 0.06626896304271282 0.07123913527091671 0.05080620499941374 0.037552412390871176 0.02264189570625949 0.006626896304273017 0.0016567240760691215 0.0 0.0 0.0 0.0 0.0 0.0 0.0011044827173782579 0.0027612067934473794 0.0022089654347565157 0.0033134481521347736 0.0011044827173782579 0.0 0.0005522413586908637 0.0 0.0 0.0
0.0027612067934473794 0.0016567240760691215 0.0011044827173782579 0.0005522413586908637 0.0 0.0 0.0 0.0 0.0 0.0 0.0 0.0 0.0 0.0 0.0 0.0 0.0 0.0 0.0 0.0 0.0 0.0 0.0 0.0005522413586908637 0.0044179308695130315 0.007179137662960411 0.01822396483674646 0.024850861141019476 0.03092551608659816 0.03147775744528902 0.0298210333692199 0.03534344695611466 0.03534344695611466 0.027612067934463386 0.0171194821193682 0.008835861739029532 0.01270155124985517 0.018776206195437323 0.01270155124985517 0.0011044827173782579 0.0 0.0 0.0 0.0 0.0 0.0 0.0 0.0016567240760691215 0.0022089654347565157 0.0016567240760691215 0.0011044827173782579 0.0 0.0 0.0 0.0 0.0 0.0 0.0
0.0027612067934473794 0.0016567240760691215 0.0005522413586908637 0.0 0.0 0.0 0.0 0.0 0.0 0.0 0.0 0.0 0.0 0.0 0.0 0.0 0.0 0.0 0.0 0.0 0.0 0.0 0.0005522413586908637 0.0044179308695130315 0.014358275325920822 0.03368672288004554 0.05688085994499589 0.054119653151548514 0.037552412390871176 0.01988068891281558 0.014910516684611685 0.043074825977762465 0.028716550651841644 0.012149309891164306 0.006626896304273017 0.0016567240760691215 0.0005522413586908637 0.0005522413586908637 0.0 0.0 0.0 0.0 0.0 0.0 0.0 0.0 0.0011044827173782579 0.0027612067934473794 0.0027612067934473794 0.0011044827173782579 0.0 0.0 0.0 0.0 0.0 0.0 0.0 0.0
0.0027612067934473794 0.0016567240760691215 0.0005522413586908637 0.0 0.0 0.0 0.0 0.0 0.0 0.0 0.0 0.0 0.0 0.0 0.0 0.0 0.0 0.0 0.0 0.0 0.0 0.0 0.0027612067934473794 0.014910516684611685 0.033134481521358145 0.05798534266237415 0.07344810070567323 0.09056758282504143 0.08835861739028492 0.06461223896664717 0.027612067934463386 0.03534344695611466 0.025955343858397734 0.01270155124985517 0.004970172228203895 0.004970172228203895 0.0016567240760691215 0.0005522413586908637 0.0 0.0 0.0 0.0 0.0 0.0 0.0 0.0 0.0016567240760691215 0.0016567240760691215 0.0005522413586908637 0.0 0.0 0.0 0.0 0.0 0.0 0.0 0.0 0.0
0.0022089654347565157 0.0 0.0 0.0 0.0 0.0 0.0 0.0 0.0 0.0 0.0 0.0 0.0 0.0 0.0 0.0 0.0 0.0 0.0 0.0 0.0 0.0 0.006626896304273017 0.016014999401989943 0.026507585217085128 0.038656895108249434 0.06185103217319979 0.02098517163019384 0.027612067934463386 0.025955343858397734 0.01546275804329908 0.011044827173786048 0.007179137662960411 0.004970172228203895 0.0016567240760691215 0.0016567240760691215 0.0 0.0 0.0 0.0 0.0 0.0 0.0 0.0 0.0 0.0 0.0005522413586908637 0.0 0.0 0.0 0.0 0.0 0.0 0.0 0.0 0.0 0.0 0.0
