static/data/precipitation/2023/7/1/18.asc
ncols 137
nrows 93
xllcorner 108.0
yllcorner 17.0
cellsize 0.25
NODATA_value -32767
[rows 69 to 91 of 93, columns 0 to 51 of 137]
0.0011044827173782579 0.0011044827173782579 0.012149309891164306 0.008835861739029532 0.0038656895108256373 0.005522413586894759 0.0 0.0011044827173782579 0.0016567240760691215 0.0027612067934473794 0.0 0.0 0.0 0.0 0.0 0.0 0.0 0.0 0.0 0.0 0.0 0.010492585815095185 0.13419465016149476 0.555002565482722 0.162358959454649 0.2220010261930888 0.3042849886377916 0.39209136466938566 0.473823085755401 0.3998227436910369 0.42080791532123074 0.36834498624574785 0.21758309532357578 0.19825464776945106 0.15849326994382337 0.11652292668343917 0.0469405154885881 0.10603034086834051 0.13529913287887302 0.0811794797273245 0.12370206434639958 0.13916482238969866 0.08228396244470276 0.09332878961848881 0.11376171988999179 0.17726947613925723 0.15738878722644511 0.27777740342070645 0.2220010261930888 0.03534344695611466 0.0011044827173782579 0.0016567240760691215
0.0011044827173782579 0.0011044827173782579 0.0011044827173782579 0.0016567240760691215 0.0011044827173782579 0.0 0.0 0.10492585815096225 0.11652292668343917 0.03700017103218031 0.006626896304273017 0.0027612067934473794 0.0 0.0 0.0 0.0 0.0 0.0 0.0 0.010492585815095185 0.011597068532473442 0.05080620499941374 0.16567240760678378 0.5538980827653438 0.315882057170265 0.2844042997249795 0.22807568113867097 0.2700460243990552 0.34735981461555404 0.34238964238735015 0.36834498624574785 0.3015237818443442 0.18334413108483938 0.14468723597658995 0.08946310010766317 0.09995568592275836 0.07841827293387713 0.15849326994382337 0.10768706494440963 0.07841827293387713 0.13143344336804738 0.16953809711760942 0.10658258222703137 0.09443327233586707 0.0982989618466927 0.09995568592275836 0.12701551249853435 0.2496130941275522 0.19438895825862543 0.06571672168402543 0.02098517163019384 0.02098517163019384
0.0 0.0 0.0 0.0011044827173782579 0.0011044827173782579 0.0 0.0 0.10603034086834051 0.18334413108483938 0.06682120440140368 0.09719447912931445 0.05632861858630503 0.05246292907548286 0.004970172228203895 0.0038656895108256373 0.0016567240760691215 0.0011044827173782579 0.0038656895108256373 0.01988068891281558 0.03258224016266728 0.11265723717261353 0.14965740820479384 0.2319413706494966 0.4346139492884607 0.29765809233352203 0.266180334888233 0.2098517163019245 0.17064257983498768 0.19935913048682932 0.24795637005148655 0.2545832663557561 0.19659792369338194 0.16401568353071466 0.13529913287887302 0.13640361559625128 0.1800306829327046 0.15628430450906686 0.13916482238969866 0.09332878961848881 0.08228396244470276 0.12867223657460347 0.20432930271503322 0.14689620141134646 0.07455258342305149 0.05246292907548286 0.05743310130368676 0.05632861858630503 0.16677689032416204 0.1402693051070769 0.13750809831362953 0.0695824111948476 0.06571672168402543
0.0011044827173782579 0.0011044827173782579 0.0 0.0011044827173782579 0.0 0.0011044827173782579 0.0 0.0011044827173782579 0.010492585815095185 0.054119653151548514 0.29765809233352203 0.18665757923697415 0.40921084678875386 0.3396284355939062 0.016014999401989943 0.012149309891164306 0.013253792608542564 0.09277654825979795 0.12370206434639958 0.07234361798829497 0.15849326994382337 0.29765809233352203 0.2717027484751243 0.31753878124633417 0.2220010261930888 0.17947844157401374 0.1728515452697442 0.17726947613925723 0.14689620141134646 0.15628430450906686 0.18886654467173414 0.18334413108483938 0.1507618909221721 0.1336424088028039 0.1850008551609085 0.2126129230953719 0.19162775146517805 0.1380603396723204 0.13529913287887302 0.12977671929198173 0.12314982298770871 0.19549344097600369 0.20046361320420758 0.08504516923815014 0.07841827293387713 0.07344810070567323 0.06185103217319979 0.07620930749912061 0.11541844396605744 0.10603034086834051 0.10658258222703137 0.11265723717261353
0.14413499461790255 0.0016567240760691215 0.0 0.0 0.0 0.0 0.0 0.0 0.0027612067934473794 0.03644792967349292 0.2567922317905126 0.07897051429256799 0.8278097966752246 1.02219875493385 0.4550468795599637 0.08228396244470276 0.08946310010766317 0.3672405035283696 0.36171808994147486 0.26894154168167694 0.16677689032416204 0.18610533787828676 0.28495654108366686 0.2490608527688648 0.1507618909221721 0.09443327233586707 0.07731379021649887 0.0695824111948476 0.054119653151548514 0.04473155005383159 0.1734037866284316 0.21537412988881927 0.23580706016032224 0.19659792369338194 0.11928413347688308 0.16014999401988902 0.16125447673727075 0.13143344336804738 0.1507618909221721 0.15904551130251077 0.1336424088028039 0.14192602918314604 0.12701551249853435 0.09332878961848881 0.07731379021649887 0.07344810070567323 0.07841827293387713 0.08283620380339016 0.048597239564657224 0.05798534266237415 0.04086586054300595 0.02098517163019384
0.6704210094487829 0.0038656895108256373 0.0 0.0 0.0 0.0 0.0 0.0 0.0 0.0038656895108256373 0.016014999401989943 0.05743310130368676 1.099512545150349 1.5164547709607539 0.992929962923321 0.36447929673492224 0.45007670733175975 1.0614078914007903 0.7123913527091672 0.41583774309302685 0.24132947374721353 0.10492585815096225 0.18886654467173414 0.2518220595623122 0.2744639552685717 0.13529913287887302 0.04970172228203548 0.061298790814508924 0.04197034326038421 0.025955343858397734 0.13419465016149476 0.2612101626600291 0.2915834373879399 0.2253144743452236 0.1480006841287282 0.1800306829327046 0.1507618909221721 0.09940344456407096 0.08946310010766317 0.11376171988999179 0.12756775385722174 0.09608999641193272 0.13253792608542564 0.09056758282504143 0.07068689391222932 0.05522413586892677 0.05522413586892677 0.07731379021649887 0.04473155005383159 0.05632861858630503 0.05908982537975241 0.033134481521358145
0.19549344097600369 0.008835861739029532 0.0 0.0 0.0 0.0 0.0 0.0 0.0 0.05798534266237415 0.5406442901568012 1.724097521827922 1.1359604748238419 0.6648985958618882 0.29489688554007465 0.0867018933142158 0.17837395885663548 1.1569456464540355 0.6941673878724207 0.4235691221146747 0.29765809233352203 0.10658258222703137 0.16953809711760942 0.23912050831245701 0.22862792249736183 0.09940344456407096 0.01822396483674646 0.022089654347572096 0.0171194821193682 0.016014999401989943 0.08946310010766317 0.322508953474538 0.39595705418021127 0.29489688554007465 0.15186637363955036 0.13750809831362953 0.24132947374721353 0.1629112008133364 0.11265723717261353 0.12314982298770871 0.1380603396723204 0.10216465135751487 0.09608999641193272 0.07068689391222932 0.04473155005383159 0.0342389642387364 0.05632861858630503 0.11541844396605744 0.06295551489057805 0.08559741059683754 0.05908982537975241 0.0298210333692199
0.0027612067934473794 0.0027612067934473794 0.0 0.0 0.0 0.0 0.0 0.0 0.0 0.05743310130368676 0.8228396244470242 0.23580706016032224 0.32692688434405104 0.27777740342070645 0.033134481521358145 0.05632861858630503 0.25071757684493046 0.5958684260257314 0.5262860148308803 0.4042406745605499 0.5456144623850051 0.49480825738559137 0.31091188494206456 0.5417487728741794 0.5770922198302941 0.2700460243990552 0.11155275445523527 0.06571672168402543 0.048597239564657224 0.02374637842363775 0.09277654825979795 0.2126129230953719 0.22420999162784533 0.1457917186939682 0.1032691340748966 0.09332878961848881 0.1480006841287282 0.13419465016149476 0.1032691340748966 0.10492585815096225 0.10106016864013662 0.08394068652077188 0.08228396244470276 0.05908982537975241 0.03700017103218031 0.025955343858397734 0.03700017103218031 0.06792568711878194 0.06019430809713067 0.06295551489057805 0.04086586054300595 0.025955343858397734
0.0 0.0 0.0 0.0 0.0 0.0 0.0 0.0 0.0 0.030373274727910765 0.33741947015914975 0.11817965075950482 0.04362706733645333 0.08559741059683754 0.012149309891164306 0.004970172228203895 0.14689620141134646 0.37552412390870826 0.9868553079777388 0.37662860662608655 2.4707278387758236 1.4198125331901303 0.710734628633098 0.5406442901568012 0.4865246370052527 0.33024033249618934 0.2573444731492035 0.16953809711760942 0.22144878483440142 0.13419465016149476 0.10106016864013662 0.09056758282504143 0.07455258342305149 0.0695824111948476 0.10492585815096225 0.1259110297811561 0.09608999641193272 0.08780637603159405 0.08780637603159405 0.12480654706377783 0.10216465135751487 0.08394068652077188 0.08559741059683754 0.07344810070567323 0.043074825977762465 0.01988068891281558 0.0298210333692199 0.09056758282504143 0.05632861858630503 0.03810465374956204 0.022089654347572096 0.006626896304273017
0.0 0.0 0.0 0.0 0.0 0.0 0.0 0.0 0.02374637842363775 0.11817965075950482 0.03534344695611466 0.04362706733645333 0.0077313790216512746 0.0038656895108256373 0.0 0.07620930749912061 0.20046361320420758 0.37386739983263917 1.049810822868317 0.8410635892837671 4.7205591340759385 3.573553832078311 1.1089006482480692 0.661032906351066 0.5130322222223378 0.530151704341706 0.33741947015914975 0.2810908515728412 0.37552412390870826 0.263971369453473 0.15738878722644511 0.04362706733645333 0.045836032771209845 0.03700017103218031 0.06792568711878194 0.08394068652077188 0.0469405154885881 0.054119653151548514 0.06792568711878194 0.10658258222703137 0.103821375433584 0.0811794797273245 0.08504516923815014 0.06571672168402543 0.05632861858630503 0.04362706733645333 0.03534344695611466 0.07841827293387713 0.04362706733645333 0.011597068532473442 0.0011044827173782579 0.0011044827173782579
0.0 0.0 0.0 0.0 0.0 0.0 0.0 0.0 0.02374637842363775 0.11817965075950482 0.03534344695611466 0.005522413586894759 0.0038656895108256373 0.0 0.0011044827173782579 0.07731379021649887 0.20322481999765496 0.3578524004306527 0.7532572132521731 0.9890642734124954 5.810683576128571 5.2728004927652155 2.8037293780654586 0.8084813491210998 0.661032906351066 0.5329129111351534 0.30925516086599547 0.3672405035283696 0.3672405035283696 0.28606102380104514 0.22034430211702316 0.10768706494440963 0.033134481521358145 0.024850861141019476 0.01546275804329908 0.01546275804329908 0.010492585815095185 0.022089654347572096 0.03644792967349292 0.07234361798829497 0.07068689391222932 0.07068689391222932 0.07455258342305149 0.06185103217319979 0.06019430809713067 0.06295551489057805 0.05356741179286112 0.0811794797273245 0.04362706733645333 0.011597068532473442 0.0011044827173782579 0.0
0.07455258342305149 0.024850861141019476 0.0 0.0 0.0 0.0 0.0 0.0 0.0 0.0 0.0171194821193682 0.005522413586894759 0.0 0.0 0.0011044827173782579 0.030373274727910765 0.11817965075950482 0.2253144743452236 0.4694051548858845 0.7046599736875159 5.849892712595509 5.578189964120385 2.8285802392064765 0.830571003468672 0.6284506661883987 0.4406886042340429 0.28992671331187075 0.46995739624457533 0.3490165386916232 0.2993148164095877 0.2468518873341083 0.20432930271503322 0.13088120200936 0.026507585217085128 0.011597068532473442 0.0038656895108256373 0.0016567240760691215 0.0016567240760691215 0.0077313790216512746 0.04362706733645333 0.0640599976079563 0.0640599976079563 0.061298790814508924 0.05798534266237415 0.05798534266237415 0.054119653151548514 0.07510482478174235 0.08504516923815014 0.04362706733645333 0.011597068532473442 0.0 0.0
0.22034430211702316 0.024850861141019476 0.0 0.0 0.0 0.0 0.0 0.0 0.0 0.0 0.0 0.0 0.0 0.0 0.0 0.028716550651841644 0.12480654706377783 0.13253792608542564 0.11265723717261353 0.7295108348285353 4.982873779453344 5.183337392657552 2.358622842961903 0.9062280696091017 0.6190625630906783 0.4136287776582669 0.2424339564645918 0.5654951512978207 0.4042406745605499 0.338523952876528 0.38159877885429044 0.3749718825500209 0.21647861260619752 0.09056758282504143 0.019328447554124717 0.006626896304273017 0.0016567240760691215 0.0011044827173782579 0.0016567240760691215 0.025955343858397734 0.051358446358104604 0.04970172228203548 0.040313619184318555 0.051358446358104604 0.05798534266237415 0.043074825977762465 0.08891085874897231 0.08228396244470276 0.06185103217319979 0.02374637842363775 0.0 0.0
0.2220010261930888 0.03700017103218031 0.0 0.0 0.0 0.0 0.0 0.0 0.0 0.0 0.0 0.0 0.0 0.009388103097716927 0.009388103097716927 0.006626896304273017 0.07510482478174235 0.2567922317905126 0.15904551130251077 0.22420999162784533 0.41197205358220124 1.3397375361801842 1.5611863210145855 0.9586909986845846 0.3804942961369122 0.18610533787828676 0.20322481999765496 0.4589125690707893 0.3280313670614293 0.35398671091982703 0.7112868699917889 0.5290472216243278 0.263971369453473 0.18113516565008286 0.03258224016266728 0.013253792608542564 0.0038656895108256373 0.0011044827173782579 0.0016567240760691215 0.0171194821193682 0.024850861141019476 0.02264189570625949 0.02374637842363775 0.03534344695611466 0.048597239564657224 0.04970172228203548 0.07455258342305149 0.0811794797273245 0.07234361798829497 0.04970172228203548 0.01988068891281558 0.0
0.3335537806483241 0.03810465374956204 0.0011044827173782579 0.0 0.0 0.0 0.0 0.0 0.0 0.0 0.0 0.0 0.0 0.04970172228203548 0.04970172228203548 0.0077313790216512746 0.01988068891281558 0.0298210333692199 0.17837395885663548 0.13419465016149476 0.08946310010766317 0.3462553318981758 0.48044998205967054 0.42798705298419115 0.3307925738548767 0.2567922317905126 0.2297324052147401 0.49756946417903875 0.42798705298419115 0.6058087704821358 0.6151968735798562 0.4594648104294802 0.2965536096161403 0.15849326994382337 0.01988068891281558 0.01822396483674646 0.0027612067934473794 0.004970172228203895 0.004970172228203895 0.014358275325920822 0.01546275804329908 0.011597068532473442 0.01822396483674646 0.0392091364669403 0.05908982537975241 0.045836032771209845 0.08007499700994625 0.09995568592275836 0.07455258342305149 0.0811794797273245 0.05522413586892677 0.0
0.4003749850497243 0.315882057170265 0.0695824111948476 0.0 0.0 0.0 0.0011044827173782579 0.0016567240760691215 0.0 0.0 0.0 0.0 0.0 0.009388103097716927 0.009388103097716927 0.0016567240760691215 0.004970172228203895 0.030373274727910765 0.02264189570625949 0.022089654347572096 0.09443327233586707 0.05798534266237415 0.09553775505324533 0.162358959454649 0.207642750867168 0.2744639552685717 0.35398671091982703 0.5152411876570944 0.53512187656991 0.45007670733175975 0.49039032651607833 0.48044998205967054 0.28992671331187075 0.047492756847278966 0.0016567240760691215 0.0 0.0027612067934473794 0.006626896304273017 0.019328447554124717 0.06847792847746934 0.048597239564657224 0.01822396483674646 0.0298210333692199 0.0469405154885881 0.05798534266237415 0.05743310130368676 0.08780637603159405 0.11265723717261353 0.08946310010766317 0.09443327233586707 0.06019430809713067 0.0
0.08946310010766317 0.06847792847746934 0.06847792847746934 0.0011044827173782579 0.0 0.0011044827173782579 0.0027612067934473794 0.0038656895108256373 0.24022499102983527 0.3479120559742449 0.04970172228203548 0.0 0.0 0.0 0.0 0.0011044827173782579 0.0038656895108256373 0.0038656895108256373 0.0016567240760691215 0.0016567240760691215 0.0016567240760691215 0.18389637244353024 0.4710618789619536 0.4594648104294802 0.26231464537740734 0.3860167097238035 0.7046599736875159 0.622928252601504 0.6599284236336843 0.44731550053831587 0.4241213634733655 0.4340617079297733 0.3396284355939062 0.1899710273891124 0.0 0.0011044827173782579 0.005522413586894759 0.03700017103218031 0.15904551130251077 0.16512016624809292 0.07179137662960758 0.027612067934463386 0.09332878961848881 0.17450826934581332 0.0392091364669403 0.05798534266237415 0.11044827173785701 0.13088120200936 0.11707516804212656 0.05632861858630503 0.012149309891164306 0.0
0.0 0.0 0.0 0.016014999401989943 0.011597068532473442 0.23580706016032224 0.3556434349958962 0.3998227436910369 0.7725856608062978 0.6301073902644644 0.04970172228203548 0.0016567240760691215 0.0027612067934473794 0.0027612067934473794 0.004970172228203895 0.0077313790216512746 0.02264189570625949 0.025955343858397734 0.019328447554124717 0.0077313790216512746 0.05798534266237415 0.09940344456407096 0.39595705418021127 0.4103153295061321 0.2518220595623122 0.37386739983263917 0.6665553199379572 0.6825703193399473 0.6571672168402404 0.4627782585816149 0.28329981700759777 0.25568774907313435 0.37662860662608655 0.3252701602679854 0.0011044827173782579 0.0011044827173782579 0.02264189570625949 0.15849326994382337 0.295449126898762 0.2148218885301284 0.11707516804212656 0.051358446358104604 0.11541844396605744 0.07731379021649887 0.01988068891281558 0.05798534266237415 0.17174706255236594 0.17837395885663548 0.20322481999765496 0.11155275445523527 0.0077313790216512746 0.0
0.0 0.0 0.0 0.010492585815095185 0.026507585217085128 0.2490608527688648 0.23912050831245701 0.3125686090181302 0.7096301459157197 0.31753878124633417 0.0011044827173782579 0.01546275804329908 0.01822396483674646 0.02374637842363775 0.025955343858397734 0.07841827293387713 0.11044827173785701 0.08504516923815014 0.05522413586892677 0.04362706733645333 0.11541844396605744 0.2098517163019245 0.23083688793211835 0.24519516325803917 0.3860167097238035 0.5500323932545216 0.6847792847747037 0.7411079033610088 0.5538980827653438 0.47658429254884493 0.2567922317905126 0.12038861619426133 0.24022499102983527 0.22034430211702316 0.005522413586894759 0.0392091364669403 0.17561275206319157 0.28329981700759777 0.46553946537505886 0.401479467767106 0.1380603396723204 0.07179137662960758 0.048597239564657224 0.0077313790216512746 0.009388103097716927 0.048597239564657224 0.1927322341825563 0.26894154168167694 0.2700460243990552 0.10492585815096225 0.0011044827173782579 0.0
0.0 0.0 0.0 0.0 0.01546275804329908 0.01546275804329908 0.006626896304273017 0.006626896304273017 0.2700460243990552 0.0011044827173782579 0.01546275804329908 0.03258224016266728 0.0342389642387364 0.0392091364669403 0.05522413586892677 0.10658258222703137 0.15904551130251077 0.13419465016149476 0.07897051429256799 0.06461223896664717 0.1032691340748966 0.1457917186939682 0.16677689032416204 0.17726947613925723 0.3186432639637124 0.5682563580912646 0.6549582514054839 0.6720777335248486 0.3832555029303596 0.3291358497788076 0.17947844157401374 0.04197034326038421 0.03258224016266728 0.013253792608542564 0.02098517163019384 0.06571672168402543 0.31091188494206456 0.49480825738559137 0.76485428178465 0.7372422138501832 0.4710618789619536 0.04362706733645333 0.01988068891281558 0.0027612067934473794 0.005522413586894759 0.033134481521358145 0.18886654467173414 0.266180334888233 0.28495654108366686 0.11928413347688308 0.0011044827173782579 0.0
0.0 0.0 0.0 0.0 0.0 0.0 0.0 0.0 0.0 0.0 0.02098517163019384 0.03644792967349292 0.03700017103218031 0.07510482478174235 0.09167206554241969 0.061298790814508924 0.10768706494440963 0.10879154766178789 0.054119653151548514 0.040313619184318555 0.02264189570625949 0.0077313790216512746 0.006626896304273017 0.01822396483674646 0.10603034086834051 0.3821510202129813 0.4881813610813218 0.4931515333095257 0.2744639552685717 0.16567240760678378 0.07455258342305149 0.028716550651841644 0.019328447554124717 0.011597068532473442 0.019328447554124717 0.1850008551609085 0.5969729087431097 0.8355411756968758 1.1365127161825326 1.0691392704224416 0.46995739624457533 0.043074825977762465 0.0077313790216512746 0.0011044827173782579 0.0027612067934473794 0.02098517163019384 0.1430305119005243 0.15738878722644511 0.2070905095084806 0.11928413347688308 0.0 0.0
0.0 0.0 0.0 0.0 0.0 0.0 0.0 0.0 0.0 0.0 0.0 0.01822396483674646 0.17450826934581332 0.162358959454649 0.08946310010766317 0.025955343858397734 0.026507585217085128 0.030373274727910765 0.0016567240760691215 0.0027612067934473794 0.0011044827173782579 0.0027612067934473794 0.0027612067934473794 0.008835861739029532 0.09332878961848881 0.32029998803978155 0.4053451572779282 0.3727629171152609 0.27943412749677554 0.17837395885663548 0.12867223657460347 0.08504516923815014 0.024850861141019476 0.02098517163019384 0.1507618909221721 0.34238964238735015 1.1348559921064636 1.049258581509626 1.1663337495517525 1.0774228908027803 0.46719618945112795 0.10989603037916615 0.12977671929198173 0.0011044827173782579 0.0027612067934473794 0.019328447554124717 0.03700017103218031 0.07234361798829497 0.1905232687477998 0.1032691340748966 0.0 0.0
0.0 0.0 0.0 0.0 0.0 0.0 0.0 0.0 0.0 0.0 0.0 0.0027612067934473794 0.008835861739029532 0.009388103097716927 0.0171194821193682 0.033134481521358145 0.028716550651841644 0.012149309891164306 0.005522413586894759 0.004970172228203895 0.0011044827173782579 0.005522413586894759 0.006626896304273017 0.012149309891164306 0.30207602320303506 0.6980330773832464 0.5445099796676268 0.32637464298536367 0.29489688554007465 0.20322481999765496 0.26783705896429866 0.16512016624809292 0.04473155005383159 0.07455258342305149 0.21647861260619752 0.7068689391222759 1.216035471833788 0.8383023824903233 1.099512545150349 0.9156161727068222 0.4252258461907438 0.04970172228203548 0.0077313790216512746 0.0038656895108256373 0.004970172228203895 0.02098517163019384 0.024850861141019476 0.03534344695611466 0.14855292548741558 0.09056758282504143 0.0 0.0
