static/data/precipitation/2023/7/1/6.asc
ncols 137
nrows 93
xllcorner 108.0
yllcorner 17.0
cellsize 0.25
NODATA_value -32767
[rows 21 to 41 of 93, columns 47 to 93 of 137]
0.0 0.0 0.0 0.0 0.0 0.0 0.0 0.0 0.0 0.0 0.0 0.0 0.0 0.0 0.0 0.0 0.0 0.0016567240760691215 0.0022089654347565157 0.0022089654347565157 0.0022089654347565157 0.0016567240760691215 0.0005522413586908637 0.0005522413586908637 0.0005522413586908637 0.0005522413586908637 0.0011044827173782579 0.047492756847278966 0.07289585934698584 0.04417930869514072 0.00994034445640779 0.01270155124985517 0.006074654945582153 0.004970172228203895 0.0022089654347565157 0.0005522413586908637 0.0 0.0 0.0 0.0 0.0 0.0 0.0 0.0005522413586908637 0.0005522413586908637 0.0011044827173782579 0.01270155124985517
0.0 0.0 0.0 0.0 0.0 0.0 0.0 0.0 0.0 0.0 0.0 0.0 0.0 0.0005522413586908637 0.0 0.0 0.0 0.0005522413586908637 0.0011044827173782579 0.0011044827173782579 0.0005522413586908637 0.0005522413586908637 0.0005522413586908637 0.0 0.0005522413586908637 0.0005522413586908637 0.0005522413586908637 0.0005522413586908637 0.0016567240760691215 0.0 0.0 0.0016567240760691215 0.0016567240760691215 0.0016567240760691215 0.0005522413586908637 0.0005522413586908637 0.0 0.0 0.0 0.0 0.0 0.0 0.0 0.0 0.0 0.0022089654347565157 0.2844042997249795
0.0 0.0 0.0 0.0 0.0 0.0 0.0 0.0 0.0 0.0 0.0 0.0 0.0 0.0 0.0 0.0 0.0 0.0 0.0 0.0 0.0 0.0 0.0 0.0 0.0005522413586908637 0.0005522413586908637 0.0005522413586908637 0.0005522413586908637 0.0 0.0 0.0 0.0 0.0005522413586908637 0.0 0.0 0.0 0.0 0.0 0.0 0.0 0.0 0.0 0.0 0.0 0.0033134481521347736 0.054119653151548514 0.2772251620620156
0.0 0.0 0.0 0.0 0.0 0.0 0.0 0.0 0.0 0.0005522413586908637 0.0005522413586908637 0.0 0.0 0.0 0.0 0.0 0.0 0.0 0.0 0.0 0.0005522413586908637 0.0 0.0 0.0 0.0 0.0005522413586908637 0.0011044827173782579 0.0011044827173782579 0.0005522413586908637 0.0005522413586908637 0.0 0.0 0.0 0.0 0.0 0.0 0.0 0.0 0.0005522413586908637 0.0016567240760691215 0.0016567240760691215 0.0016567240760691215 0.0027612067934473794 0.03976137782562769 0.058537584021065014 0.07841827293387713 0.18720982059566502
0.0 0.0 0.0 0.0 0.0 0.0 0.0 0.0 0.0 0.0 0.0005522413586908637 0.0 0.0 0.0 0.0 0.0 0.0 0.0 0.0 0.0 0.0005522413586908637 0.0 0.0 0.0 0.0 0.0005522413586908637 0.0005522413586908637 0.0011044827173782579 0.004970172228203895 0.0005522413586908637 0.0 0.0 0.0 0.0005522413586908637 0.0027612067934473794 0.0027612067934473794 0.009388103097716927 0.010492585815095185 0.03368672288004554 0.1110005130965444 0.1110005130965444 0.08007499700994625 0.08946310010766317 0.4616737758642367 0.4313005011363259 0.45062894869045067 0.15959775266120163
0.0 0.0 0.0 0.0 0.0 0.0 0.0 0.0 0.0 0.0 0.0 0.0 0.0 0.0 0.0 0.0 0.0 0.0 0.0 0.0 0.0005522413586908637 0.0005522413586908637 0.0 0.0 0.0 0.0 0.0005522413586908637 0.03092551608659816 0.0392091364669403 0.013253792608542564 0.0 0.0005522413586908637 0.0005522413586908637 0.0011044827173782579 0.004970172228203895 0.008835861739029532 0.01546275804329908 0.022089654347572096 0.06737344576009108 0.19107551010649065 0.21813533668226318 0.17450826934581332 0.7190182490134401 1.641261318024532 1.4303051190052256 0.8614965195552736 0.4445542937448685
0.0005522413586908637 0.0005522413586908637 0.0005522413586908637 0.0 0.0 0.0 0.0 0.0 0.0 0.0 0.0 0.0 0.0 0.0 0.0 0.0005522413586908637 0.0 0.0 0.0005522413586908637 0.0011044827173782579 0.0016567240760691215 0.0005522413586908637 0.0 0.0 0.0 0.0 0.04141810190169681 0.09277654825979795 0.08504516923815014 0.014358275325920822 0.0005522413586908637 0.0005522413586908637 0.0005522413586908637 0.0005522413586908637 0.0005522413586908637 0.004970172228203895 0.008835861739029532 0.011597068532473442 0.016014999401989943 0.2021203372802767 0.2601056799426509 0.5406442901568012 1.8362025176418446 2.269711984212927 1.5142458055259975 0.9321834134674994 1.2022294378665546
0.0033134481521347736 0.0033134481521347736 0.008835861739029532 0.007179137662960411 0.0011044827173782579 0.0005522413586908637 0.0005522413586908637 0.0 0.0 0.0 0.0 0.0 0.0 0.0 0.0 0.0 0.0 0.0 0.0016567240760691215 0.0033134481521347736 0.0005522413586908637 0.0 0.0 0.0005522413586908637 0.0 0.0 0.0016567240760691215 0.004970172228203895 0.011044827173786048 0.0011044827173782579 0.0 0.0 0.0016567240760691215 0.0016567240760691215 0.0038656895108256373 0.0016567240760691215 0.0033134481521347736 0.0811794797273245 0.1032691340748966 0.6560627341228621 0.7416601447196997 0.7858394534148404 1.7075302810672446 1.4590216696570706 1.065273580911616 0.9277654825979864 1.4921561511784254
0.0298210333692199 0.008283620380338669 0.04528379141252245 0.033134481521358145 0.010492585815095185 0.0016567240760691215 0.0016567240760691215 0.0005522413586908637 0.0 0.0 0.0 0.0 0.0 0.0 0.0 0.0 0.0 0.0 0.0 0.0 0.0 0.0 0.0 0.0 0.0 0.0 0.0 0.0022089654347565157 0.006074654945582153 0.0011044827173782579 0.0005522413586908637 0.0016567240760691215 0.006626896304273017 0.016567240760677338 0.004970172228203895 0.0011044827173782579 0.07234361798829497 0.3153298158115776 0.8786160016746383 1.4352752912334295 1.9875166499227075 2.3442645676359786 2.3464735330707387 3.183119191484991 3.346582633657018 2.5635043870356236 1.4673052900374093
0.023194137064950354 0.014358275325920822 0.03644792967349292 0.08780637603159405 0.07952275565125538 0.0011044827173782579 0.006626896304273017 0.0038656895108256373 0.0011044827173782579 0.0005522413586908637 0.0 0.0 0.0 0.0 0.0 0.0 0.0 0.0 0.0 0.0 0.0 0.0 0.0 0.0 0.0 0.0 0.0005522413586908637 0.0016567240760691215 0.0016567240760691215 0.0016567240760691215 0.0005522413586908637 0.011597068532473442 0.024850861141019476 0.02540310249970687 0.005522413586894759 0.004970172228203895 0.1380603396723204 0.4539423968425854 0.6135401495037871 1.6291120081333674 2.4022499102983526 2.5789671450789227 1.7500528656863197 3.563613487621903 4.835977578041996 4.389214318862371 2.71868420882731
0.004970172228203895 0.013806033967233428 0.02705982657577599 0.09277654825979795 0.12922447793329087 0.07510482478174235 0.011597068532473442 0.012149309891164306 0.009388103097716927 0.0033134481521347736 0.0005522413586908637 0.0 0.0 0.0 0.0 0.0 0.0 0.0 0.0 0.0 0.0 0.0 0.0 0.0 0.0 0.0 0.0 0.0 0.0 0.0005522413586908637 0.0011044827173782579 0.008835861739029532 0.02705982657577599 0.06295551489057805 0.0298210333692199 0.05522413586892677 0.1855530965195959 0.39871826097365864 0.7455258342305253 1.3861258103100849 1.7771126922620923 1.8008590706857335 1.6324254562855023 2.612653867958968 3.4067769417541487 3.1024919531163575 1.953829927042662
0.0005522413586908637 0.004970172228203895 0.013253792608542564 0.011597068532473442 0.037552412390871176 0.06792568711878194 0.06461223896664717 0.033134481521358145 0.010492585815095185 0.0077313790216512746 0.0044179308695130315 0.0005522413586908637 0.0005522413586908637 0.0 0.0 0.0 0.0005522413586908637 0.0 0.0 0.0 0.0 0.0 0.0 0.0 0.0 0.0 0.0 0.0 0.0005522413586908637 0.0016567240760691215 0.004970172228203895 0.02264189570625949 0.045836032771209845 0.11431396124867918 0.17892620021532635 0.21868757804095404 0.33631498744177146 0.5318084284177751 0.8278097966752246 1.0531242710204516 1.4402454634616333 1.9085461356301396 2.238786468126329 2.831341445999922 2.3569661188858335 2.021203372802753 1.8295756213375751
0.0 0.0 0.0038656895108256373 0.0033134481521347736 0.011044827173786048 0.03810465374956204 0.07455258342305149 0.048597239564657224 0.025955343858397734 0.018776206195437323 0.004970172228203895 0.0016567240760691215 0.0005522413586908637 0.0 0.0 0.0 0.0 0.0 0.0 0.0005522413586908637 0.0005522413586908637 0.0005522413586908637 0.0 0.0 0.0 0.0005522413586908637 0.0005522413586908637 0.0016567240760691215 0.0027612067934473794 0.011597068532473442 0.054119653151548514 0.07123913527091671 0.21095619901930276 0.3324492979309458 0.47658429254884493 0.7179137662960584 0.8360934170555667 1.0873632352591847 1.3491256392779045 1.5457235629712864 1.7655156237296188 2.231055089104678 2.71757972610993 3.3537617713199785 2.8236100669782727 2.077531991389058 1.8627101028589297
0.0044179308695130315 0.004970172228203895 0.005522413586894759 0.004970172228203895 0.012149309891164306 0.01822396483674646 0.04362706733645333 0.03700017103218031 0.0469405154885881 0.03976137782562769 0.004970172228203895 0.0016567240760691215 0.0011044827173782579 0.0 0.0 0.0 0.0005522413586908637 0.0005522413586908637 0.0011044827173782579 0.0016567240760691215 0.0011044827173782579 0.0005522413586908637 0.0005522413586908637 0.0005522413586908637 0.0011044827173782579 0.0011044827173782579 0.0044179308695130315 0.005522413586894759 0.033134481521358145 0.0811794797273245 0.1457917186939682 0.4324049838537042 0.5781967025476724 0.913959448630753 1.2690506422679584 1.5186637363955104 1.9565911338361095 2.242099916278464 2.4502949085043224 2.4801159418735423 2.700460243990564 2.770042655185413 3.132312986485577 4.208079153212289 3.9037941645744967 3.1560593649092166 1.9643225128577573
0.011044827173786048 0.018776206195437323 0.0033134481521347736 0.0016567240760691215 0.016567240760677338 0.019328447554124717 0.021537412988881233 0.05080620499941374 0.058537584021065014 0.050253963640722876 0.01270155124985517 0.006626896304273017 0.0016567240760691215 0.0005522413586908637 0.0005522413586908637 0.0005522413586908637 0.0011044827173782579 0.0016567240760691215 0.0016567240760691215 0.0022089654347565157 0.0016567240760691215 0.0016567240760691215 0.0016567240760691215 0.0016567240760691215 0.0022089654347565157 0.008283620380338669 0.012149309891164306 0.08835861739028492 0.12370206434639958 0.2512698182036213 0.5516891173305872 0.8460337615119711 1.2784387453656751 1.7406647625885994 2.197368366224632 2.544175939481499 2.9909391986611236 3.2018953976804267 3.3106869453422143 3.256567292190666 3.697255896424709 3.7011215859355326 3.90931657816139 4.730499478532344 4.474259488100522 4.315766218156698 2.6988035199144966
0.014910516684611685 0.0298210333692199 0.005522413586894759 0.06461223896664717 0.08283620380339016 0.04804499820596636 0.03092551608659816 0.040313619184318555 0.053015170434170256 0.06350775624926544 0.02098517163019384 0.0077313790216512746 0.0016567240760691215 0.0016567240760691215 0.0016567240760691215 0.0016567240760691215 0.0016567240760691215 0.0022089654347565157 0.0027612067934473794 0.0027612067934473794 0.0033134481521347736 0.0038656895108256373 0.0033134481521347736 0.02374637842363775 0.025955343858397734 0.0392091364669403 0.2540310249970687 0.35232998684375794 1.0746616840093328 1.4518425319941102 1.850008551609078 1.806933725631312 2.2757866391585093 2.3956230139940833 2.5894597308940193 2.836863859586815 2.9324016146400607 3.001984025834908 3.082059022844854 3.282522636049062 3.9971229541929856 4.506289486904498 4.538319485708476 3.563613487621903 3.376403667026238 3.5442850400677783 3.951286921421776
0.01270155124985517 0.037552412390871176 0.16843361440023116 0.331897056572255 0.21316516445406275 0.024298619782328612 0.04141810190169681 0.05632861858630503 0.04473155005383159 0.02264189570625949 0.006074654945582153 0.0027612067934473794 0.0027612067934473794 0.0027612067934473794 0.011044827173786048 0.011597068532473442 0.011044827173786048 0.04141810190169681 0.04252258461907507 0.02098517163019384 0.021537412988881233 0.022089654347572096 0.13585137423756388 0.1927322341825563 0.27556843798594993 0.6836748020573256 1.0669303049876815 2.0698006123674104 4.0418545042468175 5.417487728741805 5.148546187060128 4.55046879559964 3.717688826696212 2.7335947255119204 2.3702199114943765 2.3442645676359786 2.3906528417658794 2.4828771486669883 2.494474217199463 2.899819374477393 3.349343840450464 3.647554174142673 3.043402127736605 2.3961752553527704 2.2316073304633686 2.3497869812228735 2.7711471379027914
0.05467189451023938 0.2717027484751243 1.4430066702550808 0.8543173818923098 0.09222430690111055 0.00994034445640779 0.0038656895108256373 0.004970172228203895 0.004970172228203895 0.004970172228203895 0.0016567240760691215 0.0022089654347565157 0.0044179308695130315 0.0171194821193682 0.048597239564657224 0.0988512032053801 0.12259758162902132 0.3059417127138607 0.4296437770602568 0.3009715404856568 0.17229930391105333 0.16622464896547118 0.5908982537975276 1.3955139134078018 2.5077280098080057 4.072227778974726 5.293785664395407 6.187312182754657 6.682120440140249 6.125461150581457 4.850335853367919 3.904346405933188 3.366463322569832 3.0688052302363116 3.0516857481169435 3.027939369693304 3.1047009185511136 3.375851425667549 3.8993762337049835 3.55091193637205 3.374746942950171 3.3001943595271177 2.934610580074817 2.019546648726684 1.8682325164458244 1.6870973507957416 1.6235895945464727
0.1480006841287282 0.14855292548741558 0.15849326994382337 0.37552412390870826 0.17561275206319157 0.2126129230953719 0.28606102380104514 0.07952275565125538 0.04473155005383159 0.02705982657577599 0.01546275804329908 0.021537412988881233 0.05246292907548286 0.09664223777062358 0.11873189211819568 0.11873189211819568 0.10492585815096225 0.63397307977529 3.0627305752907295 4.045720193757641 3.632091416099374 3.5393148678395745 5.603040825261402 7.42930299844684 7.578408165292944 7.171406283938949 10.519093400313343 8.474695890445641 6.6064633739998175 4.289810874298302 2.0642781987805154 2.2316073304633686 2.545832663557566 3.120715917953104 3.4365979751233686 3.338851254635367 3.3211795311573113 4.191511912451611 3.8491222700642593 3.2808659119729926 3.2306119483322697 3.3648065984937627 3.050581265399565 1.909650618347518 1.1193932340631645 0.8675711745008557 1.4507380492767321
0.09001534146635404 0.08891085874897231 0.12701551249853435 0.16567240760678378 0.19162775146517805 0.3396284355939062 0.7847349706974621 1.049810822868317 0.5318084284177751 0.30207602320303506 0.19880688912813846 0.5218680839613674 0.5732265303194685 0.19383671689993803 0.11155275445523527 0.10437361679227486 0.06792568711878194 0.25513550771444693 3.1135367802901435 4.946978091138541 5.552786861620678 4.3135572527219415 3.291910739146779 4.94808257385592 6.193386837700239 8.50617364789093 8.688965537617081 7.243197660568555 5.126456532712556 2.6413704186108116 1.4811113240046394 1.999113718455181 3.236686603277852 3.750823308217568 4.092108467887542 4.0214215739753145 2.8545355830648727 2.9992228190414623 2.5480416289923227 2.33598094725564 3.1764922951807195 3.0362229900736444 3.1726266056698957 2.960013682574524 2.1946071594311847 1.4904994271023597 1.1160797859110296
0.9526163437390024 0.1032691340748966 0.13419465016149476 0.16401568353071466 0.1949411996173163 0.36171808994147486 2.0322481999765394 3.6436884846318476 2.222771468724339 0.23801602559507876 0.18610533787828676 0.2496130941275522 0.2601056799426509 0.03810465374956204 0.040313619184318555 0.033134481521358145 0.02705982657577599 0.7405556620023214 2.5358923191011584 2.8164309293153122 3.096417298170775 1.6070223537857955 1.1039304760198654 1.8466951034569432 1.8560832065546602 3.1185069525183455 3.426105389308274 3.7005693445768437 2.7258633464902706 3.6895245174030573 3.236134361919161 3.5420760746330218 4.547707588806195 4.507946210980567 3.444881595503709 3.1035964358337353 2.9567002344223874 2.9677450615961734 2.7694904138267225 2.721445415620756 3.0748798851818937 2.894849202249189 2.352548188016321 1.9013669979671792 1.2326027125944654 0.6853315261333912 0.3943003301041456
