static/data/pressure/2023/7/1/0.asc
ncols 137
nrows 93
xllcorner 108.0
yllcorner 17.0
cellsize 0.25
NODATA_value -32767
[rows 38 to 56 of 93, columns 86 to 128 of 137]
100.88928252750523 100.91030863267362 100.93079329307373 100.95678264195139 100.98006476698764 100.97835019188807 100.9715821322845 100.96977731639022 100.97456007851007 100.97528200486778 100.9785306734775 100.98403536195507 100.99080342155861 101.0035273736133 101.01877806792 101.03429948461081 101.04882825255979 101.06335702050876 101.08077349388859 101.0975582817054 101.11335042078038 101.12833039270292 101.1423177158836 101.15558311270658 101.16929971350314 101.1838284814521 101.19808652701693 101.21234457258176 101.22452707986815 101.23580717920743 101.24654583377841 101.25457726450797 101.26405254795294 101.2733473498085 101.28255191086934 101.29329056544032 101.30330729365359 101.31503859696642 101.3290259201471 101.34553998557979 101.36431007088032 101.38127534028658 101.39733820174568
100.91409874605162 100.93530533280942 100.95082674950027 100.9797940446035 101.00253472487145 101.0035273736133 100.98981077281675 100.99251799665818 101.0035273736133 101.01083687798514 101.01832686394643 101.02608757229183 101.0335775582531 101.04702343666551 101.06028883348847 101.0732835079273 101.08609770077672 101.09828020806312 101.11127488250195 101.1250817240932 101.13952025124746 101.1543197415806 101.16929971350314 101.18355775906797 101.1985377309905 101.21279577655532 101.22633189576244 101.24004849655898 101.25078715112997 101.26134532411152 101.27109132994066 101.28029589100149 101.29103454557246 101.30132199616988 101.3117899283567 101.3225285829277 101.33353795988282 101.34680335670579 101.36205405101246 101.37901932041872 101.39652603459326 101.41258889605237 101.42630549684891
100.93981737254514 100.95777529069325 100.96905539003251 100.98484752910748 100.99630811003617 100.99910557467231 101.00082014977188 101.00776869096487 101.02058288381426 101.03402876222668 101.04431621282409 101.05929618474661 101.07102748805946 101.08582697839257 101.09809972647369 101.11010175217066 101.12056968435752 101.13130833892849 101.14385180939375 101.15585383509072 101.16929971350314 101.18310655509438 101.19781580463278 101.21207385019761 101.22660261814659 101.2407704229167 101.25331389338197 101.26585736384723 101.27677650000763 101.28760539537333 101.29753188279189 101.30809005577343 101.31882871034442 101.3290259201471 101.33985481551281 101.3507739516732 101.36304669975432 101.37730474531915 101.39282616200998 101.40979143141624 101.42657621923306 101.44056354241376 101.45256556811073
100.96030203294524 100.97609417202021 100.98502801069691 100.99206679268461 101.00235424328203 101.010566155601 101.01507819533671 101.02554612752354 101.03953345070423 101.05433294103734 101.07202013680131 101.08781227587627 101.1013483950834 101.11560644064824 101.12860111508706 101.14177627111532 101.15278564807045 101.16280237628371 101.17354103085468 101.18527233416754 101.19781580463278 101.21153240542932 101.22551972861001 101.24058994132727 101.25484798689212 101.26802314292037 101.28083733576977 101.29184671272489 101.30285608968002 101.31332402186685 101.3237919540537 101.33453060862468 101.34526926319565 101.35609815856135 101.36710753551647 101.37956076518701 101.39228471724171 101.40735492995897 101.42260562426564 101.43930017128775 101.45310701287902 101.46610168731785 101.47729154586239
100.98484752910748 100.99360088619474 101.00253472487145 101.01110760036929 101.02004143904598 101.02834359215969 101.0380895979888 101.04882825255979 101.06308629812462 101.07878819640487 101.09683635534769 101.11154560488609 101.12553292806678 101.1397909736316 101.15278564807045 101.16605104489342 101.1780530705904 101.18879172516138 101.1998011021165 101.21180312781347 101.22407587589458 101.23860464384357 101.25277244861368 101.26784266133095 101.28083733576977 101.29428321418217 101.30682668464745 101.31756533921842 101.32884543855768 101.33904264836038 101.34960082134192 101.36006875352876 101.37035620412618 101.38127534028658 101.3935480883677 101.40609155883297 101.42007888201366 101.43478813155205 101.4497681034746 101.46429687142356 101.47810371301482 101.48830092281752 101.4990395773885
101.00704676460715 101.01580012169443 101.02428275639754 101.03529213335267 101.04431621282409 101.0533402922955 101.06335702050876 101.07382495269559 101.087270831108 101.10279224779883 101.1160576446218 101.13031569018663 101.14484445813561 101.15928298528986 101.17227765972869 101.1863552237041 101.19835724940107 101.2100885527139 101.22227106000032 101.2342730856973 101.24835064967269 101.26278917682694 101.27704722239177 101.2925686390826 101.30556331352145 101.31855798796028 101.33083073604139 101.34156939061236 101.35284948995164 101.36304669975432 101.37360487273588 101.38407280492272 101.39381881075184 101.40555011406468 101.4178228621458 101.43054681420048 101.44480485976531 101.4593336277143 101.47332095089499 101.4875789964598 101.49858837341492 101.50878558321763 101.51780966268903
101.0290655185174 101.04079682183023 101.0495501789175 101.0598376295149 101.0693129129599 101.0783369924313 101.08681962713443 101.09710707773183 101.10928958501825 101.12102088833109 101.13428628515406 101.14755168197702 101.1615390051577 101.17606777310668 101.19005509628737 101.20404241946807 101.21685661231747 101.22831719324616 101.24131186768498 101.25430654212383 101.26802314292037 101.2835445596112 101.29780260517603 101.31377522584042 101.32785278981582 101.34084746425467 101.35284948995164 101.36331742213846 101.3743267990936 101.38479473128044 101.39535290426198 101.40582083644883 101.41601804625151 101.42783959035906 101.44029282002961 101.45310701287902 101.46610168731785 101.48081093685624 101.49407633367923 101.50634908176035 101.51726821792074 101.5252996486503 101.53278963461158
101.04982090130164 101.06209364938276 101.07481760143745 101.08302951375644 101.09277551958556 101.10107767269926 101.10928958501825 101.1185843868738 101.12833039270292 101.13933976965804 101.15152227694445 101.16505839615157 101.17958716410054 101.19384520966537 101.20729108807777 101.22028576251661 101.233099955366 101.24510198106299 101.25782593311767 101.27127181153008 101.28552985709491 101.30132199616988 101.31702389445013 101.3328160335251 101.34707407908994 101.35979803114462 101.37152933445746 101.38353136015444 101.39427001472541 101.40509891009111 101.41583756466208 101.42603477446478 101.43704415141991 101.44778280599088 101.460055554072 101.47259902453726 101.48559369897609 101.4990395773885 101.51104160308547 101.52277290639832 101.53206770825386 101.54009913898342 101.544340456335
101.07526880541101 101.08077349388859 101.09683635534769 101.10558971243496 101.11280897601209 101.12029896197338 101.12805967031878 101.13582037866419 101.14529566210918 101.15657576144844 101.16902899111899 101.18256511032611 101.19628171112265 101.21053975668748 101.22434659827873 101.237521754307 101.25060666954055 101.26305989921109 101.27560336967635 101.28859804411519 101.30285608968002 101.31783606160256 101.3340794046511 101.34960082134192 101.36331742213846 101.37604137419315 101.38831412227428 101.40103807432897 101.41132552492637 101.42260562426564 101.43352476042605 101.4440829334076 101.45581423672044 101.46682361367556 101.47882563937253 101.49109838745366 101.50328089474006 101.51582436520532 101.5278263909023 101.53730167434729 101.54560382746098 101.55056707117025 101.55255236865396
101.1173210157478 101.11109440091252 101.11659908939009 101.12553292806678 101.13085713495492 101.13681302740605 101.14403229098318 101.15107107297088 101.16054635641585 101.17209717813925 101.1850918525781 101.19934989814293 101.21351770291304 101.22633189576244 101.24031921894313 101.25385533815026 101.2663085678208 101.27903251987549 101.29085406398303 101.3040292200113 101.31855798796028 101.33380868226696 101.35005202531549 101.36304669975432 101.37658281896144 101.39002869737385 101.40284289022325 101.4165594910198 101.42829079433263 101.44029282002961 101.45130219698473 101.46131892519799 101.47133565341127 101.48351816069767 101.49579090877879 101.50779293447577 101.5195242377886 101.53008241077015 101.54055034295699 101.54858177368655 101.55435718454825 101.55733513077382 101.55679368600553
101.13509845230648 101.13230098767035 101.13609110104834 101.14303964224132 101.14827360833475 101.15359781522288 101.15982443005814 101.16677297125113 101.17733114423268 101.18879172516138 101.2010644732425 101.21432987006547 101.22876839721972 101.24131186768498 101.25529919086568 101.26829386530451 101.28083733576977 101.29482465895046 101.30583403590559 101.31955063670213 101.33335747829338 101.34734480147407 101.36205405101246 101.37477800306718 101.38930677101614 101.40356481658097 101.41683021340394 101.43054681420048 101.44254883989747 101.45382893923673 101.46483831619184 101.47557697076283 101.48577418056553 101.49831765103079 101.51004895434363 101.52132905368289 101.53251891222743 101.5412722693147 101.54984514481254 101.55607175964782 101.56004235461525 101.56202765209895 101.55932042825754
101.14358108700961 101.14908577548717 101.15504166793829 101.15955370767401 101.16478767376742 101.16984115827142 101.17651897708025 101.18427968542568 101.19456713602308 101.20702036569362 101.21983455854304 101.23228778821358 101.24528246265241 101.25755521073353 101.2700986811988 101.28255191086934 101.29482465895046 101.30754861100516 101.31909943272856 101.3328160335251 101.34734480147407 101.36051995750233 101.37405607670945 101.38732147353242 101.40157951909725 101.41628876863565 101.43027609181634 101.4440829334076 101.4568068854623 101.4670943360597 101.47756226824653 101.4875789964598 101.4977762062625 101.50932702798592 101.51979496017275 101.53080433712786 101.53982841659928 101.54776960653412 101.55534983329011 101.56031307699939 101.56256909686722 101.56256909686722 101.55959115064168
101.15477094555416 101.16235117231014 101.16902899111899 101.17408247562297 101.1805798128424 101.18554305655167 101.19285256092351 101.2010644732425 101.21180312781347 101.22407587589458 101.23634862397572 101.24853113126213 101.26080387934323 101.27235470106665 101.28435672676362 101.29626851166589 101.308541259747 101.32108473021228 101.33353795988282 101.34680335670579 101.36006875352876 101.37333415035174 101.38605810240644 101.40004542558711 101.41430347115194 101.42928344307448 101.44381221102346 101.45608495910459 101.46754554003327 101.47756226824653 101.4875789964598 101.49732500228893 101.50779293447577 101.51853158904675 101.5278263909023 101.53657974798956 101.5450623826927 101.5521011646804 101.55859850189982 101.56256909686722 101.56410319037737 101.56202765209895 101.55859850189982
101.16578032250928 101.17327030847055 101.1805798128424 101.1863552237041 101.19285256092351 101.19907917575878 101.20629843933591 101.21604444516504 101.22678309973601 101.238785125433 101.25132859589826 101.2625184544428 101.27379855378207 101.28534937550548 101.29753188279189 101.309804630873 101.32207737895413 101.33380868226696 101.34680335670579 101.35952730876048 101.37279270558346 101.38659954717471 101.39878205446112 101.41331082241008 101.42729814559077 101.4420976359239 101.45509231036273 101.46727481764913 101.47702082347826 101.48631562533382 101.49606163116293 101.5060783593762 101.51654629156303 101.5252996486503 101.53378228335343 101.54082106534113 101.54776960653412 101.55480838852182 101.56004235461525 101.56356174560908 101.56256909686722 101.55904970587339 101.55553031487953
101.17435319800711 101.18130173920011 101.18852100277724 101.1965524335068 101.20205712198435 101.20981783032975 101.2183004650329 101.22831719324616 101.238785125433 101.25078715112997 101.2625184544428 101.27379855378207 101.2848079307372 101.29780260517603 101.31007535325713 101.32334075008012 101.3366061469031 101.34779600544765 101.36133212465475 101.3743267990936 101.38659954717471 101.40031614797125 101.41258889605237 101.42630549684891 101.43984161605604 101.45256556811073 101.46556024254956 101.47584769314697 101.48478153182367 101.49407633367923 101.50310041315063 101.51284641897975 101.5220509800406 101.53053361474372 101.538023600705 101.54280636282485 101.54984514481254 101.55580103726368 101.56085452176767 101.56184717050951 101.55904970587339 101.55480838852182 101.55183044229625
101.18310655509438 101.19005509628737 101.19808652701693 101.20656916172005 101.21180312781347 101.22127841125847 101.2298512867563 101.23977777417484 101.25006522477226 101.26008195298552 101.27109132994066 101.28309335563763 101.29482465895046 101.30781933338929 101.32207737895413 101.33552325736653 101.35104467405735 101.36259549578075 101.37604137419315 101.38858484465842 101.4005868703554 101.41358154479423 101.42531284810707 101.4383075225459 101.44958762188516 101.46204085155571 101.4727795061267 101.48234503036639 101.49082766506952 101.49985174454092 101.50878558321763 101.51753894030489 101.5265630197763 101.53378228335343 101.54082106534113 101.54479166030855 101.55101827514383 101.55679368600553 101.55805705713153 101.55859850189982 101.55327429501168 101.54930370004426 101.54632575381869
101.19131846741337 101.1998011021165 101.20810325523018 101.21757853867518 101.22407587589458 101.233099955366 101.2420337940427 101.25177979987183 101.26134532411152 101.27127181153008 101.2810178173592 101.29329056544032 101.30484138716373 101.31882871034442 101.33335747829338 101.34779600544765 101.36376862611203 101.3755901702196 101.38930677101614 101.40157951909725 101.41331082241008 101.42585429287536 101.43659294744633 101.44760232440144 101.4580702565883 101.46808698480156 101.47855491698839 101.4875789964598 101.49606163116293 101.5048149882502 101.5125756965956 101.52132905368289 101.52954096600186 101.53630902560543 101.54181371408299 101.5450623826927 101.5508377935544 101.55381573977996 101.55453766613768 101.55128899752796 101.54479166030855 101.54154299169885 101.54027962057285
101.20007182450064 101.20927638556148 101.21929311377475 101.22831719324616 101.23734127271757 101.24708727854669 101.25656256199169 101.26459399272123 101.27280590504023 101.28210070689578 101.29085406398303 101.30285608968002 101.31585076411885 101.33001856888896 101.34526926319565 101.36079067988648 101.3755901702196 101.38858484465842 101.4018502414814 101.41358154479423 101.42459092174936 101.43578078029391 101.44552678612303 101.45581423672044 101.46483831619184 101.47377215486856 101.48234503036639 101.49109838745366 101.49876885500436 101.50707100811806 101.51456099407932 101.52232170242475 101.53008241077015 101.53657974798956 101.54208443646714 101.54479166030855 101.54858177368655 101.55029634878612 101.54804032891826 101.54334780759314 101.53630902560543 101.53558709924772 101.53531637686358
101.20828373681962 101.21902239139061 101.23030249072987 101.24031921894313 101.2515993182824 101.25854785947539 101.2675719389468 101.27560336967635 101.28381528199535 101.29356128782446 101.30204392252759 101.3143166706087 101.32830399378939 101.34256203935422 101.35727128889263 101.37234150160988 101.3857873800223 101.39878205446112 101.41060359856866 101.42179345711322 101.4325321116842 101.44281956228161 101.45229484572658 101.46158964758213 101.47007228228527 101.47810371301482 101.48604490294967 101.49353488891094 101.50084439328278 101.5086051016282 101.51627556917889 101.52358507355073 101.529811688386 101.53531637686358 101.53910649024156 101.5412722693147 101.54452093792442 101.5450623826927 101.54154299169885 101.53531637686358 101.529811688386 101.53035313315429 101.531075059512
