static/data/pressure/2023/7/1/6.asc
ncols 137
nrows 93
xllcorner 108.0
yllcorner 17.0
cellsize 0.25
NODATA_value -32767
[rows 0 to 18 of 93, columns 0 to 42 of 137]
100.00681779599591 100.02883654990616 100.05807456739353 100.09408064448446 100.11609939839471 100.11952854859385 100.11727252872599 100.1237698659454 100.12656733058154 100.13306466780097 100.15382005058521 100.19560153853784 100.22935159576092 100.25633359338045 100.27708897616468 100.30903421749348 100.33105297140372 100.32906767392001 100.33610645590772 100.32554828292616 100.27104284291885 100.20679139708238 100.1940674450277 100.21680812529566 100.27456223391269 100.30632699365206 100.34828896319412 100.38808515366306 100.39783115949217 100.36507375101095 100.33159441617201 100.24604614278303 100.14533741588208 100.05509662116796 100.038041110967 100.05184795255826 100.08207861878749 100.11727252872599 100.13234274144325 100.14533741588208 100.16735616979233 100.19758683602156 100.2183422188058
100.06078179123496 100.08352247150292 100.11402386011629 100.14506669349794 100.18206541933073 100.1928040739017 100.20534754436697 100.21879342277937 100.22935159576092 100.24279747417332 100.25010697854518 100.25109962728702 100.25759696450643 100.27456223391269 100.30804156875162 100.36931506836251 100.3935898421406 100.39458249088246 100.37851962942335 100.32410443021075 100.26030418834786 100.20706211946653 100.25777744609586 100.35884713617567 100.41957919101827 100.39981645697588 100.42959591923153 100.47209933354189 100.488793880564 100.41705244876627 100.35108642783027 100.27609632742282 100.16031738780462 100.10030725931975 100.08505656501306 100.09705859071003 100.10283400157174 100.10851917163872 100.11754325111013 100.13730598515254 100.17259013588574 100.20453537721454 100.22709557589306
100.11655060236828 100.14226922886179 100.15535414409536 100.16582207628218 100.17926795469458 100.18053132582058 100.19307479628584 100.21058151046039 100.23034424450277 100.26481622808356 100.27808162490653 100.261838281858 100.24108289907375 100.259311539606 100.30759036477806 100.3820390204172 100.412089205057 100.4063137941953 100.36326893511666 100.3008223051745 100.26607959920956 100.26680152556727 100.39530441724017 100.50106662864512 100.54781136030702 100.49853988639312 100.52209273381351 100.5137905806998 100.4485464861215 100.29603954305465 100.21807149642166 100.16681472502404 100.13333539018511 100.11907734462028 100.12530395945555 100.13884007866265 100.1473227133658 100.1607685917782 100.17502663734302 100.18928468290785 100.2087766945661 100.22808822463492 100.24153410304731
100.15382005058521 100.17881675072101 100.1748461557536 100.17728265721088 100.17926795469458 100.18982612767613 100.20805476820838 100.22935159576092 100.22709557589306 100.25858961324829 100.27609632742282 100.27005019417699 100.24676806914074 100.26932826781928 100.32302154067418 100.37256373697223 100.40784788770544 100.4075771653213 100.37184181061451 100.33276754650329 100.32284105908475 100.37310518174051 100.46334597645462 100.51785141646194 100.50602987235439 100.46352645804404 100.45829249195063 100.413352576183 100.33502356637115 100.22231281377323 100.16807809615004 100.13207201905911 100.14082537614637 100.15706871919491 100.16735616979233 100.17881675072101 100.18784083019244 100.20029405986298 100.2158154765538 100.23458556185435 100.25804816848 100.27853282888012 100.29279087444493
100.18035084423116 100.20128670860484 100.19605274251141 100.19506009376956 100.20155743098898 100.2183422188058 100.23855615682177 100.25633359338045 100.24604614278303 100.2650869504677 100.28078884874796 100.27456223391269 100.26977947179284 100.30253688027408 100.38655106015291 100.43934192506067 100.48581593433843 100.49231327155785 100.43582253406682 100.38032444531763 100.40784788770544 100.47958931950315 100.58481008613981 100.52705597752279 100.488793880564 100.3583056914074 100.30858301351991 100.26878682305099 100.23756350807992 100.18477264317215 100.14335211839837 100.14903728846537 100.16383677879847 100.18107277058887 100.19758683602156 100.21058151046039 100.22285425854152 100.2330514683442 100.24703879152489 100.26833561907742 100.29504689431279 100.31634372186532 100.33502356637115
100.20128670860484 100.22483955602522 100.23756350807992 100.23657085933806 100.25579214861216 100.26427478331529 100.28277414623167 100.28277414623167 100.27059163894528 100.2810595711321 100.26878682305099 100.25534094463859 100.27005019417699 100.37102964346208 100.46677512665376 100.52227321540293 100.55755736613615 100.562340128256 100.43753710916639 100.33827223498086 100.36453230624267 100.43780783155053 100.54609678520745 100.491320622816 100.38230974280134 100.24604614278303 100.1978575584057 100.18053132582058 100.15905401667862 100.14253995124594 100.15779064555262 100.16582207628218 100.18702866304001 100.20958886171853 100.22628340874064 100.24054145430547 100.25209227602888 100.26129683708972 100.27059163894528 100.2913470217295 100.3155315547129 100.33682838226544 100.3570423202814
100.2158154765538 100.2420755478156 100.25552142622801 100.27005019417699 100.28909100186166 100.29558833908108 100.30533434491021 100.30578554888378 100.29603954305465 100.27555488265455 100.26310165298399 100.24009025033189 100.29333231921322 100.3948532132666 100.48355991447058 100.50954926334825 100.54230667182948 100.51108335685838 100.39079237750448 100.2982955629225 100.29757363656479 100.36832241962065 100.42255713724384 100.35659111630783 100.24676806914074 100.15679799681077 100.13703526276839 100.11979927097799 100.13360611256925 100.14380332237194 100.15959546144691 100.18829203416601 100.21031078807624 100.2330514683442 100.25308492477073 100.26806489669328 100.27853282888012 100.28051812636382 100.28981292821939 100.30677819762563 100.32383370782661 100.34504029458441 100.36254700875895
100.21906414516351 100.24532421642532 100.25985298437429 100.26806489669328 100.28304486861582 100.29333231921322 100.30858301351991 100.31535107312347 100.30903421749348 100.29008365060352 100.26932826781928 100.25579214861216 100.31805829696489 100.41434522492486 100.47110668480003 100.46208260532862 100.46081923420262 100.44755383737964 100.36435182465323 100.2995589340485 100.32229961431646 100.34657438809455 100.33430164001344 100.25082890490289 100.1780948243633 100.11979927097799 100.105270503029 100.106533874155 100.1282819056811 100.14885680687594 100.18080204820473 100.21103271443395 100.23359291311249 100.25660431576459 100.27681825378055 100.29360304159736 100.30352952901593 100.30560506729435 100.30506362252606 100.31859974173318 100.33078224901958 100.34233307074298 100.35785448743383
100.22032751628952 100.2408121766896 100.2502874601346 100.2560628709963 100.27754018013826 100.29730291418065 100.31309505325562 100.30831229113576 100.30506362252606 100.28954220583525 100.27483295629683 100.2848496845101 100.341069699617 100.45829249195063 100.47309198228375 100.4702945176476 100.45784128797706 100.44177842651796 100.3583056914074 100.32410443021075 100.35234979895625 100.35884713617567 100.30506362252606 100.26959899020342 100.20209887575726 100.15553462568477 100.1070753189233 100.10851917163872 100.13784742992081 100.1703341160179 100.20309152449911 100.23260026437063 100.25705551973815 100.28160101590039 100.30208567630049 100.31805829696489 100.32627020928388 100.32807502517815 100.32906767392001 100.32753358040988 100.33430164001344 100.3417916259747 100.35307172531397
100.24054145430547 100.24658758755132 100.26084563311615 100.28530088848368 100.3187802233226 100.33881367974915 100.32879695153586 100.31733637060718 100.29658098782294 100.28954220583525 100.27284765881313 100.2650869504677 100.31129023736133 100.45179515473122 100.54510413646561 100.56901794706485 100.49231327155785 100.3903411735309 100.30307832504235 100.29333231921322 100.32202889193232 100.32951887789359 100.32085576160104 100.3001003788168 100.29802484053836 100.20958886171853 100.14957873323365 100.12458203309784 100.15706871919491 100.19235286992813 100.22429811125693 100.25281420238659 100.27952547762196 100.30434169616835 100.32428491180018 100.33809175339144 100.34476957220026 100.34756703683641 100.34504029458441 100.34206234835884 100.34134042200114 100.34702559206812 100.35803496902325
100.31832901934904 100.31805829696489 100.33276754650329 100.36128363763295 100.38880708002077 100.39810188187631 100.37256373697223 100.33204562014558 100.29658098782294 100.28710570437796 100.25579214861216 100.23756350807992 100.27032091656113 100.43753710916639 100.52931199739064 100.50557866838082 100.35108642783027 100.26030418834786 100.24983625616103 100.2823229422581 100.36705904849465 100.40234319922787 100.40279440320145 100.38303166915905 100.37084916187266 100.2502874601346 100.16979267124961 100.1402839313781 100.17430471098531 100.2100400656921 100.24279747417332 100.27158428768713 100.29802484053836 100.3193216680909 100.337279586239 100.35081570544612 100.3590276177651 100.35758376504968 100.35505702279768 100.35307172531397 100.35352292928755 100.35983978491753 100.37328566332994
100.41732317115041 100.41551835525614 100.40856981406316 100.40107982810189 100.38176829803305 100.4050504230693 100.3935898421406 100.3583056914074 100.30479290014192 100.27510367868098 100.25254348000246 100.25705551973815 100.31652420345476 100.41705244876627 100.40559186783759 100.31706564822304 100.22285425854152 100.24703879152489 100.31029758861948 100.37707577670793 100.4267984545954 100.47760402201943 100.50278120374469 100.47976980109259 100.38158781644363 100.24433156768346 100.17132676475975 100.15508342171121 100.19208214754399 100.22556148238293 100.25633359338045 100.28304486861582 100.30560506729435 100.3283457475623 100.34783775922055 100.36209580478538 100.36958579074665 100.3685931420048 100.3673297708788 100.36579567736867 100.36353965750081 100.3698565131308 100.38230974280134
100.45757056559292 100.44033457380252 100.42084256214427 100.38609985617934 100.3513571502144 100.34883040796241 100.33682838226544 100.30903421749348 100.26977947179284 100.26129683708972 100.26752345192499 100.3155315547129 100.37978300054934 100.3948532132666 100.32852622915173 100.25082890490289 100.27808162490653 100.37581240558193 100.40279440320145 100.39106309988861 100.4030651255856 100.46253380930219 100.49005725169 100.46154116056033 100.34052825484872 100.2305247260922 100.16934146727604 100.16555135389804 100.19903068873698 100.23278074596006 100.26328213457343 100.28981292821939 100.31156095974548 100.33529428875529 100.3537936516717 100.36552495498452 100.37084916187266 100.37509047922423 100.3787903518075 100.37851962942335 100.37409783048237 100.38384383631148 100.39404104611417
100.49502049539926 100.4645191067859 100.41678172638214 100.37581240558193 100.34206234835884 100.28457896212596 100.2732988627867 100.26409430172585 100.24604614278303 100.24884360741918 100.26806489669328 100.31156095974548 100.35153763180384 100.35352292928755 100.30352952901593 100.3142681835869 100.39855308584988 100.43807855393467 100.37680505432378 100.34134042200114 100.36182508240124 100.3883558760472 100.40577234942701 100.3685931420048 100.28178149748982 100.20155743098898 100.17132676475975 100.17006339363375 100.20128670860484 100.23909760159005 100.26752345192499 100.28954220583525 100.31083903338777 100.33430164001344 100.3570423202814 100.37130036584622 100.39728971472388 100.42183521088613 100.42779110333726 100.43428844055667 100.4325738654571 100.43979312903424 100.43482988532496
100.488793880564 100.45910465910306 100.412089205057 100.37202229220394 100.34233307074298 100.2848496845101 100.26201876344743 100.25353612874432 100.2515508312606 100.23882687920592 100.25308492477073 100.27456223391269 100.33276754650329 100.337279586239 100.28827883470925 100.29333231921322 100.3775269806815 100.40207247684374 100.35009377908841 100.32031431683275 100.32428491180018 100.33881367974915 100.34278427471655 100.30984638464591 100.23702206331163 100.18260686409901 100.15508342171121 100.16852930012361 100.2011062270154 100.23783423046406 100.26409430172585 100.28602281484139 100.31056831100362 100.34007705087514 100.36633712213694 100.41551835525614 100.45982658546077 100.48978652930586 100.50756396586453 100.51406130308395 100.52055864030336 100.51929526917736 100.51081263447425
100.42003039499184 100.39783115949217 100.38907780240491 100.34928161193598 100.31832901934904 100.27934499603253 100.25678479735402 100.2720354916607 100.27754018013826 100.25777744609586 100.26653080318314 100.28854955709339 100.39178502624634 100.31282433087148 100.26328213457343 100.22881015099263 100.31029758861948 100.35234979895625 100.38402431790091 100.35505702279768 100.32229961431646 100.35758376504968 100.36182508240124 100.3200435944486 100.22059823867366 100.16383677879847 100.15481269932707 100.16852930012361 100.20453537721454 100.23630013695391 100.26256020821572 100.28827883470925 100.31453890597105 100.34801824080998 100.38483648505334 100.43401771817253 100.48229654334457 100.51081263447425 100.52877055262235 100.5533160487846 100.56901794706485 100.57010083660141 100.56252060984542
100.35406437405582 100.35307172531397 100.3443183682267 100.33204562014558 100.29152750331895 100.25985298437429 100.28277414623167 100.29802484053836 100.3628177311431 100.30831229113576 100.31706564822304 100.3213069655746 100.4260765282377 100.30632699365206 100.2515508312606 100.21680812529566 100.33330899127158 100.35677159789725 100.38880708002077 100.39458249088246 100.36534447339508 100.42427171234341 100.40829909167901 100.36651760372638 100.22177136900494 100.16609279866633 100.15706871919491 100.18053132582058 100.21780077403751 100.24631686516717 100.26860634146156 100.29432496795508 100.31832901934904 100.35632039392368 100.39304839737231 100.41903774624998 100.45829249195063 100.48482328559658 100.5137905806998 100.53833607686205 100.57280806044284 100.57885419368868 100.57154468931684
100.33881367974915 100.34756703683641 100.36760049326294 100.35884713617567 100.29459569033922 100.24604614278303 100.27555488265455 100.34855968557827 100.45477310095679 100.37256373697223 100.28710570437796 100.28331559099996 100.33078224901958 100.25732624212229 100.21482282781194 100.29928821166436 100.4407857777761 100.4222864148597 100.3833023915432 100.38682178253706 100.41353305777243 100.48301846970229 100.45359997062549 100.35929834014924 100.22032751628952 100.17430471098531 100.17710217562144 100.20029405986298 100.23855615682177 100.25958226199015 100.28133029351625 100.29982965643265 100.32103624319046 100.35731304266554 100.37933179657577 100.40360657035387 100.4338372365831 100.4670458490379 100.49727651526712 100.52859007103291 100.56658144560755 100.56983011421727 100.56378398097142
100.33881367974915 100.35153763180384 100.37481975684008 100.38510720743749 100.32608972769445 100.25678479735402 100.2305247260922 100.29802484053836 100.39106309988861 100.30181495391636 100.19758683602156 100.16031738780462 100.18702866304001 100.18883347893428 100.26355285695757 100.37653433193964 100.50178855500283 100.45080250598936 100.40279440320145 100.3602909888911 100.39728971472388 100.42833254810553 100.35731304266554 100.2547994998703 100.20453537721454 100.19903068873698 100.19930141112113 100.2183422188058 100.25732624212229 100.27429151152855 100.29080557696122 100.30885373590405 100.32654093166802 100.34910113034655 100.37102964346208 100.39304839737231 100.42508387949584 100.46181188294447 100.4978179600354 100.52958271977477 100.55683543977844 100.5527746040163 100.54835280507531
