static/data/salinity/2023/7/20/12.asc
ncols 137
nrows 93
xllcorner 108.0
yllcorner 17.0
cellsize 0.25
NODATA_value -32767
[rows 54 to 80 of 93, columns 61 to 121 of 137]
33.885044 34.14258 34.27852 34.248814 34.28431 34.377956 34.338493 34.236053 34.182163 34.231285 34.29895 34.2642 34.26882 34.470318 34.54655 34.537968 34.545284 34.637905 34.56653 34.467163 34.446995 34.361176 34.375877 34.371838 34.414272 34.53037 34.52195 34.670124 34.518444 34.24041 34.25722 34.43819 34.543518 34.517246 34.49046 34.482315 34.481052 34.3865 34.26517 34.56909 34.530594 34.466248 34.41623 34.24476 34.216286 34.405834 34.68097 34.68007 34.677517 34.651833 34.64474 34.646553 34.646683 34.638844 34.671124 34.643726 34.68917 34.731754 34.734325 34.72764 34.6456
33.81022 33.87526 33.95212 34.010967 34.165703 34.25889 34.29972 34.207695 34.143578 34.29259 34.33151 34.242638 34.316677 34.518177 34.549496 34.568268 34.570335 34.639027 -32767.0 34.551006 34.480206 34.408867 34.39198 34.400578 34.361843 34.445454 34.4269 34.6479 34.594856 34.25368 34.272327 34.345154 34.47317 34.520943 34.511326 34.45327 34.341106 34.25583 34.58723 34.60176 34.496155 34.45867 34.400627 34.285984 34.21205 34.25245 34.50214 34.700397 34.67822 34.681755 34.664734 34.650734 34.68397 34.70359 34.677505 34.67817 34.711887 34.670532 34.699596 34.718548 34.75562
34.04258 34.08929 34.027855 34.078094 34.114014 34.114803 34.096203 34.062077 34.039387 34.336254 34.35561 34.230938 34.371384 34.55086 34.588745 34.575947 34.55379 34.61177 34.64094 34.64934 34.655315 34.466343 34.437714 34.40769 34.377773 34.347424 34.376633 34.50578 34.700935 34.40753 34.29494 34.325886 34.35145 34.358475 34.339897 34.258564 34.292633 34.58307 34.61801 34.48327 34.420963 34.420246 34.333008 34.281067 34.251404 34.262497 34.330708 34.618504 34.670746 34.670227 34.70976 34.66665 34.68576 34.724995 34.70472 34.69993 34.68121 34.67654 34.701008 34.74144 34.768986
34.231457 34.072968 34.042812 34.03062 34.18397 34.183094 34.039654 34.04677 34.27922 34.380867 34.381046 34.352924 34.430614 34.556217 34.56788 34.579414 34.592236 34.608032 34.587578 34.59054 34.60298 34.6632 34.587368 34.406067 34.390285 34.31837 34.333973 34.42715 34.689552 34.61395 34.272144 34.264225 34.25165 34.25897 34.266277 34.371532 34.572052 34.604534 34.505558 34.52873 34.604755 34.606827 34.59128 34.373447 34.296688 34.337666 34.312775 34.434795 34.662262 34.673683 34.6595 34.698303 34.7029 34.677063 34.718758 34.7091 34.738216 34.723133 34.68697 34.75651 34.796936
34.185455 34.16741 34.140118 34.2191 34.3019 34.326168 34.362587 34.388798 34.413166 34.47902 34.532337 34.475067 34.475582 34.550556 34.595024 34.62019 34.605003 34.601997 34.61233 34.59083 34.643448 34.7118 34.72211 34.628666 34.437164 34.306236 34.315407 34.440254 34.662548 34.714973 34.37435 34.350636 34.399536 34.43997 34.47388 34.56164 34.614937 34.54131 34.53256 34.592846 34.65088 34.621742 34.544437 34.532085 34.330956 34.390316 34.39073 34.377182 34.586872 34.68476 34.688232 34.67169 34.660362 34.69363 34.711723 34.70793 34.697113 34.647583 34.74709 34.757416 34.78099
34.131546 34.181564 34.339897 34.42736 34.464333 34.52385 34.405155 34.48224 34.499264 34.505573 34.51595 34.520176 34.52423 34.568123 34.63241 34.65431 34.625397 34.613243 34.60288 34.612118 34.733173 34.69686 34.70635 34.72401 34.54214 34.340916 34.400772 34.53556 34.704155 34.745197 34.625557 34.30795 34.38083 34.455837 34.541443 34.607574 34.627342 34.539425 34.51193 34.571217 34.649734 34.629345 34.484783 34.483112 34.371605 34.431065 34.468998 34.403435 34.5001 34.70299 34.727085 34.7206 34.703434 34.68279 34.68604 34.676342 34.66806 34.71236 34.737514 34.863117 34.995586
34.11175 34.275696 34.488373 34.50379 34.545475 34.373573 34.414993 34.437496 34.482094 34.548836 34.529404 34.558796 34.58988 34.652065 34.669167 34.652493 34.621723 34.58604 34.568264 34.681923 34.728313 34.623413 34.6504 34.698956 34.604164 34.44575 34.534508 34.602142 34.744606 34.751476 34.726746 34.439007 34.30581 34.36333 34.405243 34.45356 34.535805 34.61956 34.633774 34.633793 34.61112 34.50899 34.402153 34.40906 34.367523 34.441177 34.50562 34.44962 34.453747 34.68482 34.73111 34.70473 34.707462 34.696766 34.702522 34.733807 34.68403 34.747597 34.773464 34.98424 35.09843
34.145054 34.41893 34.476467 34.451527 34.413597 34.37286 34.39876 34.447124 34.517506 34.551075 34.551647 34.624863 34.63308 34.624325 34.59967 34.590168 34.590042 34.586643 34.630608 34.70464 34.653923 34.591915 34.61339 34.684696 34.60459 34.54217 34.6022 34.675667 34.77261 34.746803 34.744225 34.61948 34.36173 34.26291 34.25684 34.280743 34.329437 34.385452 34.435116 34.43641 34.393852 34.327263 34.327003 34.36907 34.399338 34.466873 34.528534 34.524776 34.479645 34.650963 34.71812 34.68332 34.740486 34.770683 34.757336 34.732857 34.720844 34.72519 34.75122 35.06365 34.98253
34.328045 34.42305 34.485306 34.45592 34.38059 34.32762 34.407898 34.474106 34.59595 34.59759 34.63472 34.589855 34.59291 34.659626 34.692406 34.707447 34.701088 34.697193 34.718258 34.661625 34.59259 34.58715 34.63747 34.705585 34.591797 34.624077 34.68041 34.77671 34.769924 34.73129 34.720383 34.713787 34.661446 34.597866 34.57179 34.55477 34.516373 34.442863 34.39786 34.394863 34.43418 34.46021 34.474705 34.49145 34.515175 34.54743 34.564926 34.555954 34.5302 34.651756 34.70399 34.70231 34.82073 34.864826 34.81549 34.717712 34.76033 34.699116 34.964478 34.96428 34.976192
34.41513 34.51332 34.4484 34.341522 34.29958 34.28005 34.343586 34.42521 34.573772 34.56175 34.565945 34.625195 34.605347 34.670742 34.68947 34.66426 34.67568 34.700886 34.6544 34.60517 34.59816 34.679962 34.70744 34.647827 34.683533 34.723213 34.773266 34.789696 34.77259 34.740765 34.739162 34.734653 34.72685 34.72065 34.692303 34.643166 34.645027 34.656185 34.61134 34.583553 34.585835 34.549877 34.505096 34.45317 34.43833 34.43882 34.454857 34.502926 34.54622 34.652008 34.69098 34.717392 34.879486 34.874393 34.793716 34.723522 34.742577 34.730072 35.04353 34.930614 34.88437
34.383816 34.48795 34.346992 34.332325 34.381058 34.342484 34.27639 34.391205 34.413548 34.56898 34.581604 34.614674 34.51247 34.58005 34.619835 34.63289 34.63469 34.64684 34.62271 34.618454 34.706585 34.65541 34.66556 34.710136 34.74542 34.72857 34.758247 34.71615 34.697247 34.68742 34.675285 34.662422 34.648354 34.630436 34.604244 34.595833 34.596127 34.57715 34.49165 34.41689 34.442883 34.486233 34.486603 34.484604 34.48205 34.473396 34.455463 34.474422 34.54126 34.663757 34.681057 34.707474 34.863663 34.83112 34.72644 34.74932 34.66175 35.000336 35.007225 34.94356 34.86384
34.339077 34.33359 34.32774 34.31733 34.356647 34.346066 34.298145 34.365993 34.372936 34.406826 34.573784 34.63874 34.48429 34.60828 34.62531 34.639286 34.629242 34.62734 34.649536 34.6878 34.625175 34.594013 34.5955 34.649887 34.75251 34.7292 34.731323 34.7235 34.711147 34.69805 34.667175 34.614964 34.571037 34.531036 34.51359 34.51219 34.506668 34.50757 34.533134 34.595325 34.586864 34.553673 34.563984 34.583168 34.571877 34.53452 34.482502 34.46538 34.503292 34.659042 34.66677 34.690765 34.79649 34.74674 34.722557 34.6901 34.774433 35.048203 34.972664 34.946053 34.927975
34.44319 34.34376 34.3396 34.368977 34.393906 34.321785 34.314976 34.357704 34.356415 34.424732 34.475395 34.617516 34.491512 34.604546 34.644405 34.658226 34.64163 34.662437 34.679684 34.574734 34.552517 34.579346 34.574905 34.56006 34.6202 34.742615 34.766243 34.76266 34.729046 34.70643 34.709248 34.67995 34.621616 34.55 34.52276 34.506813 34.505283 34.48562 34.47641 34.580997 34.694435 34.69859 34.664215 34.635017 34.645916 34.678013 34.632244 34.538597 34.49654 34.656353 34.638306 34.671734 34.735714 34.707916 34.705643 34.66961 35.047123 35.00423 34.868225 34.885937 34.91146
34.445644 34.333008 34.3427 34.339073 34.32215 34.317844 34.351967 34.38246 34.39359 34.46404 34.45559 34.61499 34.48828 34.59437 34.65799 34.672977 34.67651 34.68061 34.57369 34.538662 34.562553 34.62177 34.613396 34.580067 34.60841 34.648003 34.727085 34.78219 34.769886 34.73849 34.699566 34.707993 34.73171 34.694916 34.603554 34.53378 34.52186 34.513294 34.562416 34.592693 34.645107 34.58552 34.60154 34.59286 34.588684 34.58926 34.5957 34.615185 34.62495 34.60625 34.597652 34.677288 34.720585 34.697575 34.67616 34.922626 35.03448 34.866207 34.866722 34.858578 34.881676
34.34603 34.325386 34.314793 34.29998 34.32874 34.362415 34.390068 34.42806 34.4249 34.495846 34.487614 34.61065 34.47887 34.5805 34.65785 34.685883 34.680347 34.6173 34.529743 34.506336 34.509842 34.64328 34.588062 34.638268 34.70001 34.68516 34.672153 34.711647 34.729774 34.7308 34.73167 34.710808 34.704376 34.73327 34.727627 34.64174 34.55506 34.55524 34.635204 34.642803 34.56401 34.567055 34.55847 34.56734 34.570023 34.584976 34.590557 34.598415 34.60761 34.61807 34.59775 34.68845 34.70677 34.683414 34.71471 35.015495 34.96473 34.839897 34.8299 34.75377 34.77895
34.317356 34.32907 34.308056 34.259453 34.283203 34.346165 34.368946 34.397995 34.443314 34.58303 34.526924 34.605167 34.474716 34.56411 34.637283 34.684483 34.66716 34.570667 34.509445 34.51944 34.5275 34.65783 34.599186 34.7214 34.72138 34.74106 34.67513 34.669994 34.71383 34.72407 34.71376 34.71217 34.710217 34.72196 34.742867 34.733826 34.65893 34.57821 34.60861 34.60926 34.577408 34.554356 34.541897 34.559444 34.57257 34.559067 34.563778 34.578 34.600613 34.619972 34.60702 34.70487 34.646053 34.729218 34.959137 35.001072 34.869095 34.87935 34.889954 34.83068 34.727657
34.357967 34.35806 34.308975 34.29 34.359768 34.448883 34.517906 34.564945 34.627777 34.652664 34.547245 34.609512 34.47847 34.55104 34.59628 34.67858 34.661125 34.597 34.534748 34.540535 34.649582 34.590267 34.714836 34.714554 34.721775 34.726818 34.737362 34.719383 34.711266 34.70647 34.70787 34.711113 34.72123 34.721874 34.727573 34.747166 34.73309 34.649105 34.572536 34.579494 34.582157 34.564537 34.529186 34.56903 34.553577 34.583282 34.566605 34.56543 34.590908 34.610382 34.650894 34.669834 34.766937 34.95875 34.987602 34.895554 34.846832 34.85978 34.885082 34.907738 34.883205
34.347336 34.347492 34.244263 34.28657 34.442608 34.575493 34.592525 34.621567 34.649467 34.654026 34.556873 34.61472 34.480267 34.552273 34.58974 34.63156 34.67645 34.675224 34.6538 34.67785 34.608555 34.69684 34.707542 34.697483 34.70103 34.715332 34.711132 34.698116 34.670734 34.690365 34.70486 34.703312 34.69871 34.691998 34.689182 34.711502 34.74553 34.692505 34.628197 34.579678 34.58792 34.559322 34.511917 34.57073 34.584682 34.59914 34.583862 34.586098 34.602825 34.619194 34.681038 34.644596 34.97904 34.97328 34.89904 34.86231 34.837097 34.81284 34.82278 34.828842 34.819565
34.347607 34.30862 34.199226 34.279354 34.458588 34.58156 34.585716 34.62096 34.667664 34.64685 34.573032 34.61271 34.4768 34.532387 34.539696 34.590958 34.64015 34.66726 34.652477 34.586796 34.694572 34.67703 34.680412 34.670494 34.6538 34.687943 34.681244 34.67862 34.68134 34.68193 34.682217 34.68682 34.69313 34.68826 34.668663 34.681843 34.710747 34.723938 34.652573 34.613853 34.595898 34.527245 34.4962 34.571777 34.593525 34.625557 34.63431 34.63463 34.653507 34.66833 34.65014 34.86888 34.93773 34.91294 34.84432 34.73694 34.670578 34.659832 34.646713 34.608566 34.568295
34.402374 34.325382 34.23037 34.28564 34.457684 34.56817 34.621536 34.659885 34.6443 34.634853 34.59776 34.59965 34.481255 34.5212 34.526333 34.54884 34.56066 34.580105 34.64311 34.68128 34.6482 34.628548 34.627323 34.658962 34.607212 34.619335 34.64519 34.624485 34.603336 34.60897 34.61386 34.61426 34.629807 34.622486 34.62193 34.641544 34.682407 34.718906 34.66709 34.61565 34.541054 34.528328 34.49357 34.57209 34.584064 34.62499 34.64769 34.660362 34.670742 34.670464 34.69945 34.83716 34.890125 34.855392 34.776707 34.67887 34.708195 34.647194 34.58299 34.56593 34.56675
34.343002 34.34679 34.263985 34.27537 34.487343 34.564873 34.648556 34.669 34.645584 34.62057 34.617085 34.620735 34.491787 34.54262 34.55918 34.59388 34.647957 34.65789 34.615097 34.57405 34.552296 34.534466 34.533886 34.596455 34.594482 34.58151 34.57284 34.54913 34.541645 34.55334 34.559624 34.561676 34.582367 34.63162 34.651836 34.683567 34.663567 34.68845 34.673496 34.590607 34.5751 34.526814 34.48351 34.56591 34.580048 34.605938 34.60648 34.619614 34.64191 34.655113 34.577477 34.636738 34.868042 34.873196 34.80891 34.742977 34.658478 34.60847 34.60766 34.625984 34.625362
34.228703 34.27873 34.20982 34.273037 34.52834 34.56098 34.666954 34.68179 34.67614 34.625027 34.615643 34.645645 34.51912 34.546753 34.556618 34.549385 34.56134 34.549637 34.512016 34.500156 34.440327 34.36246 34.35932 34.444107 34.577374 34.585762 34.560097 34.514828 34.548588 34.551735 34.521126 34.52372 34.57041 34.60424 34.620586 34.660866 34.710907 34.667213 34.667446 34.619984 34.60146 34.512745 34.468334 34.549347 34.578827 34.595886 34.600426 34.595665 34.584595 34.602146 34.635063 34.635006 34.623894 34.6478 34.65732 34.6343 34.61897 34.61895 34.6143 34.61899 34.593678
34.295105 34.313843 34.31695 34.336082 34.565994 34.55674 34.695736 34.682354 34.682873 34.663975 34.650753 34.65784 34.556625 34.54833 34.565216 34.53007 34.50762 34.497654 34.442448 34.29079 34.230907 34.23965 34.273735 34.328922 34.387493 34.512268 34.51967 34.524544 34.497536 34.462746 34.412422 34.436222 34.51764 34.544373 34.568344 34.583767 34.623154 34.711597 34.667366 34.64137 34.615036 34.49979 34.476685 34.552677 34.573807 34.592144 34.579018 34.579407 34.581585 34.591667 34.598244 34.60374 34.601604 34.612553 34.608105 34.60545 34.592007 34.580128 34.558853 34.558613 34.55608
34.29208 34.328033 34.314297 34.524677 34.557827 34.58978 34.70223 34.669567 34.669983 34.66224 34.662373 34.658073 34.60034 34.58752 34.533375 34.49756 34.387856 34.266018 34.20599 34.13709 34.140327 34.221947 34.31422 34.387486 34.405308 34.467945 34.519436 34.38383 34.212185 34.206036 34.19485 34.287884 34.441067 34.502472 34.547318 34.5601 34.557076 34.589905 34.68136 34.66872 34.61654 34.48505 34.487324 34.542503 34.569252 34.578377 34.55583 34.58623 34.613693 34.61717 34.617504 34.604855 34.60962 34.601273 34.590252 34.56444 34.512943 34.51015 34.529808 34.533604 34.53104
34.320335 34.33561 34.50607 34.55759 34.56669 34.658806 34.680855 34.655968 34.63063 34.63698 34.645374 34.623207 34.58271 34.529026 34.344498 34.199104 34.1613 34.11027 34.093353 34.063457 34.16122 34.3958 34.4666 34.481373 34.46857 34.503895 34.26285 34.131767 34.15059 34.155144 34.197063 34.26163 34.424957 34.468784 34.48008 34.49793 34.543175 34.555477 34.602753 34.66285 34.600346 34.456985 34.524994 34.540386 34.569473 34.569675 34.575584 34.628284 34.62233 34.59578 34.591797 34.599903 34.576958 34.52999 34.49693 34.496315 34.489716 34.472767 34.479263 34.474003 34.50654
34.520996 34.599945 34.57994 34.56168 34.621105 34.693058 34.654285 34.59986 34.60829 34.59687 34.575027 34.572132 34.509136 34.24408 34.210045 34.21031 34.006565 33.95588 33.97896 34.114594 34.457973 34.441696 34.4647 34.469357 34.480133 34.14605 34.196926 34.32531 34.381004 34.376705 34.36172 34.359673 34.40141 34.40565 34.412796 34.44268 34.503944 34.537273 34.56199 34.621593 34.556652 34.454296 34.594097 34.56407 34.555187 34.603218 34.656384 34.634377 34.59523 34.63661 34.525845 34.500416 34.49015 34.47677 34.46183 34.477646 34.500423 34.475304 34.467503 34.490715 34.48519
34.563774 34.60742 34.58249 34.61903 34.674503 34.679375 34.64289 34.610855 34.560627 34.578312 34.60245 34.512184 34.28605 34.22655 34.259216 34.102955 33.911846 33.9549 34.073143 34.491768 34.457115 34.467926 34.466633 34.442406 34.113613 34.259 34.37137 34.3844 34.395325 34.386272 34.396576 34.394314 34.3836 34.38122 34.418625 34.46886 34.506203 34.520187 34.553303 34.60142 34.49444 34.572193 34.613403 34.54575 34.57545 34.65338 34.61153 34.584976 34.655807 34.54586 34.51411 34.496803 34.48794 34.494965 34.541008 34.57301 34.634144 34.559376 34.3573 34.399418 34.496975
