static/data/salinity/2023/7/20/18.asc
ncols 137
nrows 93
xllcorner 108.0
yllcorner 17.0
cellsize 0.25
NODATA_value -32767
[rows 27 to 53 of 93, columns 61 to 121 of 137]
30.227308 30.311176 30.262817 30.247025 30.062716 30.119211 30.338928 30.70542 31.811083 32.571568 32.961468 32.696735 -32767.0 -32767.0 32.406414 32.524197 32.922688 33.018673 33.012894 33.00381 33.10234 33.137646 33.02187 32.82604 32.926987 -32767.0 -32767.0 -32767.0 -32767.0 -32767.0 -32767.0 -32767.0 -32767.0 -32767.0 31.787464 32.85889 33.28921 -32767.0 -32767.0 -32767.0 33.421158 33.629208 33.797607 33.53617 33.141068 33.888985 33.889656 33.059147 32.33226 33.179993 33.630527 33.80197 33.929867 33.97255 33.95942 34.05091 34.036747 33.960163 33.99042 33.985737 34.018356
30.916689 30.47379 30.317192 30.068384 29.875788 30.066498 30.482594 31.141493 32.378353 33.169743 33.122536 32.957527 32.730225 32.840935 32.954014 32.967964 32.969994 32.851242 32.76838 32.680614 33.059616 33.07511 32.87669 -32767.0 33.015717 33.100525 -32767.0 -32767.0 26.57465 -32767.0 -32767.0 -32767.0 -32767.0 -32767.0 -32767.0 32.450554 33.219254 -32767.0 -32767.0 33.814026 33.790222 33.938927 33.942432 33.922935 33.88465 33.837082 33.852493 32.92934 33.6762 33.74521 33.772778 33.833824 33.92559 33.919 33.877964 34.04263 33.98468 33.936314 34.028748 33.994358 34.01264
31.297623 31.094292 30.734175 30.381636 30.035309 30.184399 30.691654 31.44169 32.569546 33.431526 33.14796 32.92467 32.983276 32.984035 32.93045 32.89641 32.849533 32.73663 32.516766 32.49479 32.819717 32.972874 -32767.0 33.204327 33.448414 33.36633 33.279255 31.851696 -32767.0 27.98156 -32767.0 -32767.0 -32767.0 -32767.0 -32767.0 33.776173 34.22249 34.12507 33.276962 33.611423 33.781403 33.815926 33.94916 33.982754 34.00683 33.818684 33.341396 32.3966 33.10807 33.676926 33.73285 33.81635 33.86717 33.85594 33.928402 34.00335 33.952686 33.943966 34.0366 33.982 34.06909
30.534414 30.613207 30.849741 30.421913 30.28993 30.306658 30.698038 31.458267 32.676342 33.39805 33.30372 33.047794 33.033344 32.967102 32.912685 32.830074 32.73513 32.374874 32.404915 32.415077 32.429966 32.650375 32.954933 32.979183 33.293365 33.36838 33.041935 30.68626 29.319996 28.384195 -32767.0 -32767.0 -32767.0 -32767.0 33.926052 34.130314 34.131012 34.15997 34.139175 34.074352 34.00929 33.892326 33.96328 33.983543 34.003162 34.00222 33.71597 33.446274 33.647903 33.50504 33.78892 33.79816 33.850033 33.845203 34.009045 33.976353 33.957886 33.975143 33.993782 33.974308 34.037716
27.512936 27.474945 29.635593 28.372572 29.057648 29.974882 30.45849 31.392355 32.452713 33.038357 33.283665 33.335594 33.34837 33.154007 32.993065 32.90948 32.59925 32.468155 32.6786 32.74026 32.650627 32.57605 32.51509 32.47269 32.608902 33.14268 33.143906 32.407055 29.746319 29.020975 -32767.0 -32767.0 -32767.0 -32767.0 33.95506 34.04922 33.78693 33.616573 33.496246 33.44393 33.432568 33.38819 33.354473 33.36468 33.455875 33.67473 33.97494 33.97682 33.67 33.866085 33.802017 33.798603 33.82296 33.963127 33.938828 33.918404 33.950005 33.979805 33.959747 33.95785 34.05676
27.137726 28.177158 27.838833 27.78248 26.948545 27.922377 28.925415 30.482065 30.647825 31.703543 32.223213 32.592606 33.24233 33.301796 33.157955 32.98626 32.579544 32.54716 32.75449 32.82145 32.977566 32.90167 32.747074 32.933296 32.653214 32.580036 32.887424 32.778122 -32767.0 -32767.0 -32767.0 -32767.0 -32767.0 33.86526 33.985027 33.95809 33.77666 33.721626 33.582882 33.483505 33.39603 33.40563 33.495544 33.44095 33.389385 33.35433 33.406292 33.622913 33.90416 33.83585 33.830593 33.834145 33.912357 33.931107 33.999264 34.006935 33.871033 33.970047 33.944244 33.95132 34.048283
28.49671 29.898104 29.56167 28.412363 27.69238 26.991674 27.314539 28.61881 29.401857 31.042252 30.57708 31.784409 32.90521 33.07108 33.08002 32.9678 32.72876 32.739468 32.821167 32.90353 33.057945 33.135796 33.101524 32.8024 33.02003 32.548054 32.81679 33.036804 -32767.0 -32767.0 -32767.0 -32767.0 -32767.0 33.908283 34.139256 34.02792 33.994785 33.488483 33.627274 33.87116 33.924778 33.969135 34.06909 34.154003 33.64241 33.602474 33.752983 33.56601 33.60565 33.7143 33.92929 33.83041 33.89278 33.934536 33.99775 33.92794 33.90764 33.977257 33.933052 33.953953 34.001637
30.138227 31.148075 30.971767 29.822565 30.013054 29.646172 29.352827 29.142784 29.289017 30.06431 30.319336 31.621098 32.281944 33.0278 33.017323 33.01487 32.92534 32.8259 32.85399 33.158752 33.435482 33.502766 33.305744 33.215137 33.19907 32.60618 32.94534 33.124184 33.027313 -32767.0 33.13832 -32767.0 -32767.0 33.70106 33.68605 33.6055 33.391308 33.90412 34.17369 34.199936 34.207405 34.219906 34.2313 34.369854 34.127636 33.851307 34.00372 34.322895 34.064182 33.787983 33.665688 33.876175 33.87401 33.855755 33.919018 33.862225 33.880745 33.958374 33.919018 33.965797 34.070553
32.60565 31.623842 31.316936 30.456623 30.149605 30.103363 30.00438 30.09865 29.742498 29.996052 30.908066 32.040226 32.8379 33.024998 32.890507 32.73654 32.773056 33.054207 33.698196 33.698174 33.710785 33.737335 33.746582 33.429363 33.18536 32.7744 32.984303 33.305504 33.289597 33.441685 33.30427 -32767.0 33.546932 33.536133 33.35536 33.540894 33.939064 34.120586 34.2439 34.224876 34.263325 34.36675 34.3199 34.326935 34.395187 34.189873 34.226097 34.36644 34.321632 34.09653 33.822323 33.73178 33.851444 33.832005 33.818592 33.797832 33.87219 33.94611 33.900043 33.972363 34.060722
33.142334 33.210068 33.016747 32.836384 30.993216 30.7604 30.917627 30.789892 30.630596 30.670038 31.193317 32.16432 32.76824 32.651077 32.738106 33.066612 33.705753 33.981327 33.60537 33.827175 33.889877 33.861526 33.88563 33.889782 33.49768 33.31009 32.706566 33.10346 33.38749 33.448948 -32767.0 33.49306 33.508286 33.324436 33.38852 33.485546 33.923748 34.184273 34.243954 34.29651 34.368504 34.299183 34.224216 34.2408 34.237495 34.164833 34.079582 34.01876 34.00355 34.094696 34.11619 33.81097 33.77552 33.83189 33.798397 33.776928 33.888107 33.918034 33.86989 34.046097 34.225292
33.883984 34.05247 33.86067 33.55001 32.512436 30.731047 31.045527 31.527689 31.994822 32.081738 32.150864 32.165405 32.449326 32.728794 33.243835 33.663948 33.99834 33.551975 33.76815 33.847584 33.767906 33.84788 33.966007 33.914875 33.9158 33.499626 33.20172 32.99396 33.115177 33.342773 33.33714 33.532383 33.511738 33.39406 33.661102 33.86551 34.061558 34.25818 34.26881 34.346725 34.404488 34.262173 34.154613 34.068584 34.03524 34.04467 34.04147 33.87247 33.899715 33.79681 33.956646 34.14092 33.808567 33.787437 33.810734 33.829376 33.89577 33.879444 33.861996 34.1838 34.365036
34.179096 34.08227 33.928276 33.182037 32.632553 31.465927 30.637829 30.802212 30.94315 32.226143 32.828053 32.709625 32.701744 33.064648 33.45732 33.836533 33.93579 33.524853 33.802277 33.883263 33.72906 34.046207 34.205463 34.207634 34.067806 34.004005 33.57479 33.181664 -32767.0 32.94567 33.120033 -32767.0 33.304794 33.60197 34.020676 34.307716 34.158745 34.263718 34.286945 34.32588 34.345974 34.366474 34.204025 34.14707 34.055637 33.999146 33.89777 33.853664 33.889652 33.802284 34.02915 34.06345 34.08225 33.823475 33.852844 33.8705 33.86966 33.88769 33.895645 34.23002 34.420647
34.157913 34.140682 33.93364 33.659756 33.306892 32.444435 31.829983 30.888721 30.549307 31.0495 31.540941 32.10898 32.80626 33.677425 33.92109 33.89034 33.905827 33.51167 33.691692 33.825836 33.66445 34.085064 34.23144 34.250084 34.258045 34.04102 33.937553 33.529453 32.997494 -32767.0 33.177055 33.336967 33.3875 33.18658 33.364742 34.147865 34.22951 34.261963 34.285896 34.293873 34.22622 34.29451 34.264507 34.230953 34.232567 34.21494 34.22274 34.179367 34.00845 33.949833 34.055233 34.147633 34.28392 33.97086 33.9191 33.875214 33.78478 33.88089 33.905834 34.34226 34.410328
34.076305 34.09255 34.068096 33.73675 33.51067 33.421497 33.35931 33.012966 32.59114 33.112293 33.44652 33.652176 33.72954 33.721725 33.84265 33.74709 33.692783 33.49506 33.604588 33.660652 33.739082 34.143982 34.261387 34.224445 34.24326 34.25966 34.109688 33.93917 33.585506 33.074375 33.32223 33.417732 33.35488 33.203934 33.715256 34.166706 34.260338 34.274014 34.281826 34.326027 34.36973 34.243385 34.204525 34.231163 34.152546 34.18202 34.206146 34.23406 34.200905 34.134388 33.884544 34.016144 34.07973 33.88949 33.775776 33.735195 33.8635 33.88409 34.06879 34.414463 34.375908
34.022335 34.000145 33.88986 33.749943 33.673866 33.546764 33.432655 33.366867 33.44102 33.5189 33.533985 33.546524 33.57789 33.625206 33.691704 33.612568 33.545353 33.51417 33.526737 33.628826 33.93874 34.24882 34.23691 34.232117 34.255093 34.270565 34.139126 34.138573 33.98687 33.24426 33.089897 33.164135 33.171406 33.260944 34.137486 34.19589 34.326954 34.27807 34.32424 34.32043 34.563545 34.390438 34.240734 34.23373 34.228523 34.145206 34.201355 34.210373 34.22207 34.211903 34.084633 33.942764 33.900322 33.861538 33.808617 33.837227 33.843945 33.924862 34.2849 34.417034 34.360306
33.844128 33.85015 33.596954 33.489914 33.458168 33.46153 33.47567 33.256363 33.33606 33.385807 33.394547 33.413834 33.571423 33.53939 33.73062 33.715725 33.590656 33.589394 33.76337 34.01052 34.26939 34.317112 34.206665 34.259945 34.25942 34.22483 34.159985 34.136055 34.119232 33.78913 33.264923 32.97391 33.104843 33.872684 34.253624 34.348103 34.32826 34.30479 34.39795 34.33863 34.63174 34.478916 34.243305 34.238075 34.237347 34.217922 34.120132 34.166065 34.21796 34.169872 34.064724 34.0037 34.00762 34.0019 33.95796 33.931446 33.96601 33.94627 34.37523 34.38134 34.35942
33.699 33.651295 33.679028 33.447777 33.497334 33.477966 33.374054 33.318798 33.25259 33.434338 33.552906 33.600334 33.667534 33.728912 33.75016 33.67975 33.62993 33.967743 34.227383 34.23669 34.263405 34.340416 34.187904 34.202564 34.260548 34.22238 34.17537 34.15521 34.101345 34.115433 34.041115 33.850643 33.91438 34.212303 34.27514 34.36989 34.301456 34.394375 34.462936 34.35712 34.63939 34.515823 34.21874 34.19822 34.190056 34.186584 34.158268 34.052986 34.019714 34.0744 34.11074 34.16663 34.06091 34.076458 34.10128 34.006313 33.941376 34.34855 34.46865 34.357258 34.340317
33.198475 33.229755 33.525562 33.67863 33.617092 33.5704 33.34267 33.168465 33.234467 33.518818 33.62746 33.662285 33.650497 33.675224 33.649097 33.791576 34.13387 34.264065 34.316734 34.349907 34.400948 34.274387 34.244083 34.22089 34.176113 34.218143 34.195175 34.1547 34.16269 34.167885 34.142143 34.178238 34.24435 34.317596 34.38334 34.333313 34.395046 34.50665 34.517216 34.419594 34.623108 34.559372 34.18991 34.19094 34.20475 34.188126 34.20533 34.148674 33.985188 34.048393 34.07888 34.144474 34.160114 34.098354 33.993256 33.94716 34.115135 34.674725 34.592495 34.389225 34.272846
33.65567 33.16224 33.155514 33.271088 33.397488 33.52036 33.5167 33.415283 33.476536 33.62626 33.651207 33.769768 33.859104 33.82654 33.887806 34.131226 34.374123 34.264553 34.374516 34.434994 34.356956 34.233868 34.30208 34.267975 34.29452 34.24294 34.233 34.28024 34.283348 34.25925 34.30179 34.33915 34.414124 34.4932 34.55614 34.594563 34.567387 34.525913 34.54095 34.507725 34.602745 34.63332 34.267635 34.188156 34.190826 34.294815 34.18164 34.194782 34.092274 33.98197 34.091553 34.137558 34.112896 33.99936 33.950798 34.036354 34.676723 34.681545 34.609226 34.57709 34.310204
33.02244 32.92142 32.922604 33.155106 33.26654 33.454216 33.582817 33.587337 33.513626 33.642307 33.695488 33.9362 34.010902 33.91369 34.179863 34.32347 34.352844 34.369408 34.4872 34.50742 34.266827 34.32433 34.32625 34.29418 34.326374 34.369827 34.308178 34.326828 34.324177 34.382576 34.5581 34.636837 34.595867 34.537346 34.49905 34.48024 34.444904 34.429188 34.518696 34.553307 34.605682 34.62522 34.582172 34.449337 34.399395 34.33964 34.197784 34.189148 34.109573 34.03262 34.000137 33.985985 33.963284 33.94049 33.985935 34.718018 34.67898 34.511482 34.463047 34.481987 34.33162
32.59165 32.59534 32.969135 33.16635 33.520874 33.60132 33.552887 33.506508 33.610096 33.639557 33.7727 33.969322 33.97364 34.153713 34.350952 34.41155 34.374695 34.450844 34.48518 34.468758 34.295696 34.314724 34.337524 34.3445 -32767.0 34.331932 34.458908 34.449127 34.584324 34.6234 34.564068 34.353584 34.25747 34.248142 34.27022 34.316605 34.36637 34.39467 34.43527 34.540325 34.57841 34.564384 34.560184 34.47892 34.410606 34.194824 34.181206 34.184464 34.134598 34.02326 34.096924 34.092175 34.10011 34.20931 34.619373 34.71488 34.634407 34.514496 34.351654 34.40757 34.33869
33.099575 32.96762 33.032673 33.12912 33.44127 33.2006 33.545826 33.518147 33.62689 33.751476 33.812283 33.915363 34.127834 34.339405 34.386803 34.41448 34.473476 34.469406 34.376522 34.49364 34.32604 34.310448 34.335876 34.329296 34.352264 34.406693 34.555428 34.598568 34.62851 34.529785 34.224537 34.24735 34.252575 34.253433 34.23678 34.221657 34.29505 34.415764 34.37741 34.490494 34.54169 34.53674 34.443726 34.437675 34.17849 34.458168 34.399834 34.177143 34.18249 34.46522 34.600937 34.587013 34.382744 34.446995 34.597088 34.727196 34.639725 34.618053 34.385693 34.35584 34.37789
33.41795 33.210987 33.072903 33.18194 33.50551 33.068066 33.43493 33.659843 33.63849 33.826244 33.869648 34.13979 34.267914 34.296223 34.34608 34.459583 34.521713 34.439114 34.38081 34.499702 34.40243 34.388275 34.36511 -32767.0 34.42761 34.525425 34.6017 34.60731 34.606342 34.240513 34.276154 34.265594 34.32078 34.372986 34.36167 34.296394 34.28206 34.411575 34.379642 34.416615 34.47114 34.526787 34.419964 34.239716 34.637466 34.503643 34.477673 34.534607 34.494553 34.45668 34.53914 34.626293 34.554882 34.475277 34.55045 34.719048 34.66183 34.686962 34.645588 34.531048 34.44545
33.210117 33.050037 33.166695 33.386105 33.340137 32.99165 33.334988 33.57309 33.734097 33.839546 33.844585 34.12969 33.841812 34.238663 34.334015 34.50596 34.548267 34.466652 34.45874 34.542816 34.502853 34.452473 34.3775 34.50769 34.531868 34.55152 34.608162 34.610786 34.42012 34.266262 34.26934 34.372833 34.480198 34.445217 34.40758 34.382523 34.33924 34.41959 34.389957 34.38271 34.44723 34.37404 34.298927 34.463467 34.54349 34.402336 34.63732 34.65677 34.65872 34.581684 34.60273 34.615513 34.612503 34.541904 34.560455 34.715706 34.69341 34.666656 34.711506 34.638577 34.651894
33.768837 33.38157 33.18937 33.056644 32.989174 33.34072 33.678646 33.697964 33.74176 33.7542 33.77553 33.851124 34.09604 34.395927 34.381165 34.555035 34.57901 34.528687 34.454865 34.412678 34.339962 34.32899 34.35839 34.501877 34.48896 34.607197 34.59292 34.60469 34.340614 34.281303 34.30399 34.495636 34.50997 34.49658 34.42345 34.38055 34.382477 34.436237 34.381813 34.38734 34.4223 34.32584 34.441795 34.463097 34.334538 34.489365 34.635525 34.66535 34.667698 34.615223 34.643497 34.619297 34.535824 34.651165 34.638367 34.70807 34.73487 34.762314 34.757103 34.673595 34.71894
34.25297 33.789562 33.630356 33.635918 33.662758 33.69393 33.687233 33.607685 33.547398 33.829086 34.269394 34.41534 34.31758 34.271866 34.51016 34.568233 34.597603 34.540455 34.522205 34.431107 34.34384 34.351814 34.405815 34.4593 34.493572 34.594547 34.5985 34.597958 34.355183 34.282166 34.33865 34.539608 34.53166 34.41581 34.4133 34.40095 34.419678 34.456017 34.369865 34.418404 34.28227 34.51392 34.332596 34.26832 34.301926 34.485752 34.63633 34.665874 34.650837 34.63522 34.65536 34.62518 34.548294 34.644 34.74401 34.77175 34.844227 34.761696 34.722576 34.672676 34.78953
34.384552 34.203415 33.862877 33.90359 34.361717 34.395214 34.388966 34.037285 34.290894 34.176697 34.292973 34.368397 34.30836 34.364525 34.555416 34.562824 34.58922 34.525787 34.530384 34.560482 -32767.0 34.37149 34.414787 34.408913 34.46547 34.5538 34.606373 34.61865 34.41257 34.26696 34.314682 34.539276 34.504463 34.51912 34.48277 34.48242 34.470383 34.41603 34.403862 34.27199 34.52988 34.374172 34.316216 34.207073 34.312275 34.551987 34.673634 34.668865 34.654797 34.663033 34.644836 34.62839 34.571407 34.642628 34.78297 34.752167 34.692448 34.692093 34.681267 34.688972 34.741714
