static/data/salinity/2023/7/20/6.asc
ncols 137
nrows 93
xllcorner 108.0
yllcorner 17.0
cellsize 0.25
NODATA_value -32767
[rows 0 to 26 of 93, columns 61 to 121 of 137]
-32767.0 -32767.0 -32767.0 -32767.0 -32767.0 -32767.0 -32767.0 -32767.0 -32767.0 -32767.0 -32767.0 -32767.0 -32767.0 -32767.0 -32767.0 -32767.0 -32767.0 -32767.0 -32767.0 32.16873 32.06834 32.423363 33.430298 33.30425 33.293713 33.255405 33.22236 33.403156 33.553284 33.714977 33.81952 33.915955 33.909164 33.79477 33.74338 33.774372 33.868114 33.882683 33.733505 33.674038 33.660854 33.64657 33.542236 33.41129 33.8995 33.839237 33.87637 33.87183 33.844536 33.966057 33.94413 33.859272 33.92459 33.944283 33.930984 33.77953 33.568558 33.664333 33.7075 33.517986 33.558495
30.049068 29.962152 29.884249 29.750097 29.55432 29.235897 28.788769 -32767.0 -32767.0 -32767.0 -32767.0 -32767.0 -32767.0 -32767.0 -32767.0 -32767.0 -32767.0 -32767.0 32.38098 32.533943 32.996708 32.931667 33.083656 33.22974 33.25526 33.22065 33.162495 33.266094 33.383606 33.40911 33.458008 33.53806 33.788334 33.75094 33.800182 33.728146 33.847763 33.8675 33.642395 33.577 33.67174 33.544594 33.557495 33.34108 33.65098 33.859016 34.066696 34.008587 34.03134 34.092854 34.11608 34.138638 34.13128 33.89628 33.28033 33.335342 33.41257 33.478382 33.74851 33.569862 33.60055
30.077072 29.856258 29.610708 29.453115 29.281103 29.073265 28.773254 28.225277 27.677507 -32767.0 -32767.0 -32767.0 -32767.0 -32767.0 -32767.0 -32767.0 -32767.0 -32767.0 32.448704 32.901276 32.779484 33.010933 33.3328 33.39914 33.25082 33.18991 33.252914 32.99236 32.78211 32.943863 33.220715 33.464813 33.750324 33.86637 33.84654 33.8694 33.986935 33.986023 33.361492 33.617924 33.792908 33.604088 33.721188 33.76367 33.867382 34.001167 33.802555 33.776566 33.876072 33.949257 33.985416 34.032764 33.804306 33.5034 33.321945 33.353188 33.457615 33.612476 33.72271 33.553173 33.49576
29.850935 29.789774 29.941498 29.476969 29.126055 29.170738 28.873672 28.874216 27.866518 -32767.0 -32767.0 -32767.0 -32767.0 -32767.0 -32767.0 -32767.0 -32767.0 31.805437 32.414074 32.578354 32.750996 33.14301 33.429184 33.271362 33.097275 32.956985 33.146217 32.40728 32.449078 32.68171 33.281147 33.476555 33.80713 34.006958 34.025436 33.871834 33.64594 33.29 33.217148 33.980217 33.95072 33.57536 33.788548 33.67665 33.866425 33.934673 33.84297 33.67182 33.612408 33.774647 33.70967 33.681202 33.603775 33.565434 33.575363 33.292835 33.451977 33.590683 33.501583 33.52062 33.644283
29.988573 30.290524 30.21708 29.816895 29.565508 28.120356 28.521233 28.743128 -32767.0 -32767.0 -32767.0 -32767.0 -32767.0 -32767.0 -32767.0 -32767.0 -32767.0 -32767.0 -32767.0 32.524296 32.56275 32.77849 33.44921 33.409344 33.09534 32.887535 33.133236 32.574673 32.78158 33.118416 33.324406 33.401188 33.60729 33.80336 33.730534 33.425922 32.696964 33.06648 34.14195 34.260044 34.1222 33.6509 33.798805 33.687202 33.77181 33.915928 33.79143 33.28809 33.46805 33.63603 33.61584 33.568157 33.543613 33.605534 33.597553 33.463455 33.37682 33.44622 33.540764 33.53563 33.75029
30.293758 30.286299 30.180637 30.09258 29.76379 28.654228 27.953203 28.435526 -32767.0 -32767.0 -32767.0 -32767.0 -32767.0 -32767.0 -32767.0 -32767.0 -32767.0 -32767.0 -32767.0 -32767.0 32.46212 32.689053 33.409492 33.39678 32.928543 33.081104 32.45201 32.704796 33.155815 32.986263 32.891895 32.817738 33.03892 33.37073 33.397957 32.622147 32.862057 33.986935 33.979855 34.0157 33.853806 33.543327 33.637325 33.619373 33.59253 33.609894 33.26758 33.40112 33.525166 33.505875 33.706974 33.377342 33.360912 33.6645 33.632755 33.68203 33.747707 33.709854 33.54922 33.65224 33.866337
29.637812 29.691162 29.912298 29.961689 29.910322 29.208977 28.025446 28.406958 -32767.0 -32767.0 -32767.0 -32767.0 -32767.0 -32767.0 -32767.0 -32767.0 -32767.0 -32767.0 -32767.0 -32767.0 -32767.0 32.614784 33.238422 33.34303 32.697247 33.18678 32.62554 33.393024 33.292313 33.260452 33.31963 32.890327 32.699486 32.863102 32.48994 33.51961 33.718166 33.917152 33.620663 33.514103 33.436535 33.390812 33.371113 33.40223 33.45642 33.5053 33.580162 33.655937 33.765114 33.755493 33.604618 33.30226 33.290195 33.580738 33.656124 33.830215 34.01065 33.95319 33.811172 33.80125 34.032387
29.28789 29.460669 29.652203 29.760721 28.856188 26.887367 27.192223 -32767.0 -32767.0 -32767.0 -32767.0 -32767.0 -32767.0 -32767.0 -32767.0 -32767.0 -32767.0 -32767.0 -32767.0 -32767.0 -32767.0 -32767.0 32.78613 33.127 32.767937 32.838345 33.06292 33.018032 33.37216 33.11556 32.69013 32.469364 32.71704 33.624187 33.809544 33.944294 33.84736 33.796795 33.70673 33.428413 33.488007 33.468014 33.623653 33.65498 33.34149 33.580826 33.676277 33.8581 33.807125 33.761517 33.742046 33.606613 33.502995 33.585648 33.90489 33.960693 33.966625 34.068394 33.939507 33.93689 34.08794
29.121244 29.370092 29.539694 29.617159 28.372583 27.002186 -32767.0 24.44988 -32767.0 -32767.0 -32767.0 -32767.0 -32767.0 -32767.0 -32767.0 -32767.0 -32767.0 -32767.0 -32767.0 -32767.0 -32767.0 -32767.0 32.62898 32.98486 32.69737 32.808865 32.401127 32.541904 33.17468 32.94678 33.23748 33.596813 33.600636 33.557026 33.701714 33.55537 33.213108 33.32023 33.676685 33.84525 33.70016 33.55392 33.40566 33.506184 33.568943 33.713272 33.773914 33.94546 33.926926 33.92441 33.929787 33.962425 34.064476 34.02194 34.01102 33.958206 33.889553 33.971558 33.923855 33.95915 -32767.0
28.982368 29.045298 29.159924 29.303057 29.194242 28.69585 24.711376 24.048609 22.229664 21.45794 20.806166 20.264168 15.616957 -32767.0 -32767.0 -32767.0 -32767.0 -32767.0 -32767.0 -32767.0 -32767.0 -32767.0 -32767.0 32.573425 32.531265 32.718254 32.293285 32.77215 32.88745 33.439644 33.638874 33.72634 33.564667 33.29522 33.088882 33.152115 33.26208 33.363125 33.37092 33.41566 33.474133 33.268078 33.585114 34.051422 33.855015 33.689804 33.759636 33.97522 34.006466 34.036373 34.107983 34.144165 34.0514 34.011074 33.518894 33.584976 33.773964 33.71722 33.68569 33.928783 33.977173
28.926584 28.993526 29.209885 29.23718 29.299866 29.363228 29.632277 29.123497 27.307188 26.495523 24.122389 25.533403 22.626501 -32767.0 -32767.0 -32767.0 -32767.0 -32767.0 -32767.0 -32767.0 -32767.0 -32767.0 -32767.0 -32767.0 32.383083 32.63933 32.14153 32.555332 32.744434 32.815807 33.385216 33.769764 33.590992 33.274395 33.177048 33.322712 33.236996 33.35155 33.21037 33.402237 33.317196 33.602184 34.100307 34.0316 33.780712 33.77228 33.806087 33.881138 34.033707 34.11982 33.905674 33.927498 33.937794 33.92527 33.479755 33.56242 -32767.0 33.628124 33.704144 34.07107 34.012497
28.517073 28.835135 29.351227 29.619253 30.01368 30.300028 30.204487 29.916792 29.204134 28.70113 28.126356 28.413012 22.593971 18.354635 15.9817295 -32767.0 -32767.0 -32767.0 -32767.0 -32767.0 -32767.0 -32767.0 -32767.0 -32767.0 -32767.0 32.457714 31.77547 32.549057 32.83134 32.27577 33.17337 33.491116 33.455425 33.283775 33.36723 33.37464 33.211567 33.155018 33.17563 33.349545 33.402077 33.981934 34.161266 34.171078 34.187027 34.113686 33.967655 33.79589 33.855965 33.88904 33.91602 33.56441 33.583427 33.7536 -32767.0 -32767.0 33.651493 33.72481 33.689587 33.868412 33.19431
28.365673 28.859343 29.33622 29.479012 29.78092 29.958958 30.083323 30.2008 29.818304 29.490116 29.094538 29.007093 24.568624 -32767.0 16.213549 -32767.0 -32767.0 -32767.0 -32767.0 -32767.0 -32767.0 -32767.0 -32767.0 -32767.0 -32767.0 32.58611 31.597607 32.11125 32.39821 32.253014 32.8798 33.060253 33.08929 33.145096 33.33049 33.27207 33.209038 33.09195 33.183628 33.443604 33.43773 34.16041 34.12601 34.033978 33.962006 33.9345 33.99764 33.883625 33.85603 33.91605 33.74848 33.258804 33.26182 33.427376 -32767.0 33.63802 33.646313 33.610325 -32767.0 -32767.0 -32767.0
28.736462 29.168797 29.795588 29.882668 30.035898 30.162968 30.23897 30.1799 30.1815 29.970509 28.497877 28.574722 -32767.0 -32767.0 -32767.0 -32767.0 -32767.0 -32767.0 -32767.0 -32767.0 -32767.0 -32767.0 -32767.0 -32767.0 -32767.0 32.252254 31.60795 31.47599 32.426773 32.311 32.36423 32.985886 33.31625 33.349754 33.226315 33.343605 33.23728 33.29247 33.39661 33.32007 33.474678 33.822197 34.143513 34.050823 33.866314 33.775486 33.77546 33.901756 33.98418 33.95674 34.0708 33.430046 33.316 33.372646 33.071426 -32767.0 33.64577 -32767.0 -32767.0 -32767.0 -32767.0
29.224648 29.44917 30.044834 30.581419 30.515718 30.662712 30.729185 30.662823 30.284 29.88481 29.661457 28.172981 27.529917 -32767.0 -32767.0 -32767.0 -32767.0 -32767.0 -32767.0 -32767.0 -32767.0 -32767.0 -32767.0 -32767.0 -32767.0 32.309624 31.607407 31.467607 31.869865 32.163948 32.33664 32.50529 32.709896 32.871532 32.947227 33.220005 33.301914 33.372826 33.365944 33.28371 33.51136 33.632393 33.71473 33.71974 33.734074 33.95312 33.93826 33.846943 34.045925 34.12232 34.04502 33.69914 33.045563 32.93716 -32767.0 -32767.0 -32767.0 -32767.0 -32767.0 -32767.0 -32767.0
29.310467 29.46525 29.987856 30.272549 30.418884 30.531559 30.683626 30.621574 30.542416 30.465893 30.124887 29.458693 27.180296 25.28967 -32767.0 -32767.0 -32767.0 -32767.0 -32767.0 -32767.0 -32767.0 -32767.0 -32767.0 -32767.0 -32767.0 32.432114 31.496164 31.56049 31.788563 31.766842 32.04731 32.72177 32.85486 32.877216 33.153168 33.17247 33.109024 33.61518 33.646904 33.657352 -32767.0 33.659023 33.726517 33.668686 33.739964 33.922527 33.92238 33.91023 34.027996 34.145405 34.075443 33.262997 -32767.0 -32767.0 -32767.0 -32767.0 -32767.0 -32767.0 -32767.0 -32767.0 -32767.0
29.332388 29.478895 29.545082 29.711174 30.017288 30.604988 31.059792 30.96597 30.729074 30.575624 30.28775 29.319618 27.232458 24.441238 -32767.0 -32767.0 -32767.0 -32767.0 -32767.0 -32767.0 -32767.0 -32767.0 -32767.0 -32767.0 -32767.0 -32767.0 31.480343 31.612295 31.909771 32.661007 32.598244 32.78409 32.851246 33.130047 32.757595 32.81453 32.767372 33.45459 33.695683 33.41424 33.528763 33.562363 33.73 33.689255 33.56626 33.54731 33.808544 33.87745 33.76542 33.185577 33.0572 32.78895 -32767.0 -32767.0 -32767.0 -32767.0 -32767.0 -32767.0 -32767.0 -32767.0 -32767.0
29.312227 29.465574 29.618723 29.70787 30.158644 30.506533 30.959232 31.080538 30.514017 30.389223 30.242641 29.705082 26.804228 22.60976 23.117638 -32767.0 -32767.0 -32767.0 -32767.0 -32767.0 -32767.0 -32767.0 -32767.0 -32767.0 -32767.0 30.977345 31.64445 31.684118 32.09607 32.263634 32.351067 32.63333 32.59536 32.53783 32.670856 32.971977 33.646484 33.82598 33.300343 32.93656 32.601753 32.62125 32.690018 32.708065 32.682312 32.76441 32.857174 33.048733 -32767.0 32.92277 32.59925 31.960407 -32767.0 -32767.0 -32767.0 -32767.0 -32767.0 -32767.0 -32767.0 -32767.0 -32767.0
29.932013 30.035828 30.24684 30.491865 30.698624 30.88494 31.026821 31.144714 31.271149 31.018858 29.617315 27.753721 23.792452 22.386356 -32767.0 -32767.0 -32767.0 -32767.0 -32767.0 -32767.0 -32767.0 -32767.0 -32767.0 -32767.0 -32767.0 30.962978 31.626198 31.580519 31.693867 32.42383 32.079834 32.13948 32.368122 32.396217 32.46577 32.78735 32.946445 32.66387 32.76352 -32767.0 -32767.0 32.701004 32.68729 -32767.0 -32767.0 -32767.0 -32767.0 -32767.0 -32767.0 -32767.0 -32767.0 -32767.0 -32767.0 -32767.0 -32767.0 -32767.0 -32767.0 -32767.0 -32767.0 -32767.0 -32767.0
29.915152 30.104008 30.619627 30.934923 31.070417 31.423744 31.412134 31.315565 31.341587 30.65838 29.464432 26.895205 23.084885 -32767.0 -32767.0 -32767.0 -32767.0 -32767.0 -32767.0 -32767.0 -32767.0 -32767.0 -32767.0 -32767.0 31.157627 31.480236 31.669306 31.638794 31.749554 31.98148 32.2256 32.25247 32.561844 32.72252 32.709545 32.523674 32.549717 32.782246 -32767.0 -32767.0 -32767.0 -32767.0 -32767.0 -32767.0 -32767.0 -32767.0 -32767.0 -32767.0 -32767.0 -32767.0 -32767.0 -32767.0 -32767.0 -32767.0 -32767.0 -32767.0 -32767.0 -32767.0 -32767.0 -32767.0 -32767.0
30.042143 30.6937 31.031643 31.094448 31.152515 31.268517 31.471624 31.333086 31.30459 31.030228 30.144178 28.927555 22.64848 -32767.0 -32767.0 -32767.0 -32767.0 -32767.0 -32767.0 -32767.0 -32767.0 31.350725 30.754278 31.104515 31.375084 31.684772 31.697395 32.19223 31.970644 31.99549 32.636772 32.693707 32.71754 32.641895 32.69913 32.47669 -32767.0 -32767.0 -32767.0 -32767.0 -32767.0 -32767.0 -32767.0 -32767.0 -32767.0 -32767.0 -32767.0 -32767.0 -32767.0 -32767.0 -32767.0 -32767.0 -32767.0 -32767.0 30.521404 -32767.0 -32767.0 -32767.0 -32767.0 -32767.0 -32767.0
29.935915 30.14185 30.401186 30.64005 30.779236 31.067717 31.318624 31.335094 31.333794 31.278772 30.978415 29.965431 27.862806 -32767.0 -32767.0 -32767.0 -32767.0 27.743326 30.2336 30.416769 30.81952 30.93504 31.260368 31.04573 31.812725 31.833038 31.80738 32.035374 32.3632 32.171608 32.828022 32.853485 32.697823 32.773975 32.72142 -32767.0 -32767.0 -32767.0 -32767.0 -32767.0 -32767.0 -32767.0 -32767.0 -32767.0 -32767.0 29.857344 29.763897 -32767.0 -32767.0 -32767.0 -32767.0 -32767.0 -32767.0 -32767.0 30.37218 -32767.0 -32767.0 -32767.0 -32767.0 -32767.0 33.851685
29.885628 30.213211 30.587593 30.829199 30.82706 30.875345 31.012854 31.149427 31.212997 31.26221 30.858377 28.889626 -32767.0 28.230183 -32767.0 30.1723 -32767.0 29.555584 -32767.0 30.976751 31.07373 31.142508 31.141861 31.848515 31.862429 31.931257 32.200718 32.101692 32.223186 32.90722 33.08172 32.781994 32.654762 -32767.0 -32767.0 -32767.0 -32767.0 -32767.0 -32767.0 -32767.0 -32767.0 31.563507 31.455185 31.193214 30.11212 30.711594 30.278736 29.527685 29.139006 -32767.0 -32767.0 -32767.0 -32767.0 -32767.0 30.2513 31.977938 32.684868 33.393238 33.572628 33.57085 33.757378
30.027468 30.200237 30.354939 30.385519 30.448061 30.498425 30.737345 31.12543 31.19203 31.276232 31.293795 30.322802 30.01849 30.187914 29.974375 30.2339 30.357187 30.683325 30.80573 31.014755 31.208002 31.388851 31.325848 32.24028 -32767.0 32.116783 32.41959 32.387375 32.766933 33.128323 32.884502 -32767.0 -32767.0 -32767.0 -32767.0 -32767.0 31.274996 31.373919 31.835693 31.822683 31.423227 31.255928 30.862333 -32767.0 -32767.0 30.037931 30.861147 30.199814 -32767.0 -32767.0 -32767.0 -32767.0 -32767.0 34.010918 33.580788 32.913696 34.029182 33.806515 33.855255 33.903046 33.971703
30.473217 30.48852 30.482681 30.367485 30.368849 30.489502 30.722649 31.148 31.4504 31.329466 31.446674 31.463257 31.018213 31.019348 31.0848 31.208416 31.268293 31.427156 31.365343 31.643518 31.830828 31.997036 32.115063 32.627003 32.79819 32.881172 32.97734 33.007763 33.1142 33.066113 32.35143 31.240822 -32767.0 32.132187 32.58541 -32767.0 31.623234 32.946148 32.258778 -32767.0 30.584867 30.590414 -32767.0 -32767.0 -32767.0 -32767.0 30.984129 31.261545 -32767.0 -32767.0 -32767.0 -32767.0 34.04212 33.902546 33.882397 33.84305 33.79647 33.90067 34.021477 34.06346 34.055954
29.390415 29.70893 30.250742 30.276047 30.351696 30.542227 30.684126 30.766676 30.90176 30.899078 31.029768 31.221989 31.357666 31.399103 31.536018 31.540913 32.237236 32.32777 32.203278 32.06794 32.29502 32.77397 32.946552 32.92427 32.851276 32.868614 -32767.0 33.10886 32.882374 -32767.0 -32767.0 31.496914 31.498344 31.796165 32.507744 32.987762 32.675896 32.869976 -32767.0 -32767.0 -32767.0 -32767.0 -32767.0 -32767.0 -32767.0 -32767.0 31.232552 31.88755 32.52858 -32767.0 -32767.0 34.151512 33.84733 33.734802 33.860264 33.962193 33.9419 34.0207 33.96716 33.985504 34.006084
29.722225 30.213457 30.102224 30.15095 30.327448 30.422977 30.547804 30.639542 30.69968 30.941254 31.340374 31.6283 32.144352 -32767.0 -32767.0 31.91444 32.601215 32.879124 32.943897 32.96154 32.97976 33.02823 33.029503 32.860493 32.878513 33.030903 33.045624 32.843014 -32767.0 -32767.0 -32767.0 -32767.0 -32767.0 -32767.0 31.88589 33.03848 33.131115 -32767.0 -32767.0 -32767.0 -32767.0 -32767.0 33.105934 -32767.0 31.446054 33.600018 33.82698 32.113705 32.26782 33.443024 -32767.0 33.842922 33.783806 33.94705 33.989326 33.99748 34.000618 33.99771 33.989 33.97247 33.986553
