static/data/seaWind_vo/2023/7/8/18.asc
ncols 137
nrows 93
xllcorner 108.0
yllcorner 17.0
cellsize 0.25
NODATA_value -32767
[rows 19 to 37 of 93, columns 0 to 43 of 137]
0.9210514375197301 1.1888414320387575 1.3000499015234035 1.2617941880206853 0.3943681260404466 -0.08071445559796109 -0.7301719173882937 -1.330697652605382 -1.7639658497175623 -1.902754019634401 -2.1340676361624644 -1.7239308007030902 0.17017185155940018 0.5545083220983369 -0.11096315929778466 -0.9855065633250408 -1.4258921024842386 -1.118956726706616 -1.3894157244932748 -1.952575413963522 -2.455237696034122 -1.977486111128083 -1.4072090796108183 -1.0904873585185464 -1.46325814823108 -0.20437827366488737 0.6345784201272819 1.4272723906138385 2.219076693344518 2.647896551677313 2.70839395907696 2.5562607728219646 2.2235250321239035 1.9948804188634717 1.6238889646626926 1.6354546454890957 2.421920941684512 1.7608977990677763 1.4165963775433124 1.2564561814854223 1.1052126629863037 1.0109078808633238 1.1906207675505118 1.218200467982704
2.1158752336627664 0.6852894822122806 -0.13498418870646844 -0.5540177017246144 -0.9347955012400422 -0.8520563999434656 -1.1483157626505625 -1.6056049891714266 -2.1536403267917623 -1.9330027233342242 -1.9534650817193993 -1.5833632952744976 -0.2328476418529566 -0.18836425405909818 -0.47839594247505524 -0.891201781202061 -1.2826555937880149 -1.687454422712126 -1.8538222930611563 -1.6936820970032662 -0.8226973639995192 0.16394417726825994 0.8222983166173643 1.1416890409772675 1.016245887398587 1.5705088993100627 2.049150151971979 2.5553711050660874 3.0446883707985295 3.3133680330734343 3.528667629995709 3.6105170635364083 3.445038860943255 3.085613087568879 2.6914902717152938 2.395230909008197 2.1318892532685556 1.997549422131103 1.6870553753299715 1.4495140845107677 1.4593004298254164 1.504673485375152 1.3418642860496304 1.1212266825920927
0.059853049830631555 -0.13943252748585389 -0.8662910840375004 -1.22126851863249 -1.1251844009977559 -0.7835519827409234 0.13547480908019072 0.5322666282014077 0.8899130660640291 0.9014787468904322 0.9504104734636765 1.0287012359808674 1.3916856803787518 1.4281620583697157 0.476217559581146 -0.3716358117697949 -0.4490369065311084 0.2546902883677311 0.5545083220983369 0.9895558547222718 1.170158409165337 1.2858152174293689 1.3907960126228747 1.6479099940713762 2.2048420092504832 2.686152265180031 3.1114134524893173 3.448597531966764 3.7866712792000876 3.9939638663194676 4.135421039503937 4.195918446903585 4.171007749739024 4.057130276986746 3.7288428750680715 3.3738654404730815 3.00376365402818 2.485977020107668 1.9904320800840858 1.7244214210768125 1.769794476626548 1.7582287958001448 1.6683723524565508 1.5865229189158514
-1.0326589543865308 -1.2372825382382793 -1.2550758933558224 -1.3831880502021345 -1.2550758933558224 -0.05046575189813751 0.730662537762016 1.2324351520767387 1.3810096673082257 1.345422957073139 1.3543196346319109 1.4272723906138385 1.969969721698911 1.9165896563462808 1.2039657838886693 0.7137588504003498 0.6239024070567558 1.2617941880206853 1.5562742152160278 1.8302918840261955 1.344533289317262 0.8961407403551693 1.2084141226680551 2.1390065953155726 3.033122689972126 3.4832945744459733 3.6283104186539514 3.8542860286467526 3.9388044654550836 4.055350941474992 4.18168376280955 4.238622499185689 4.248408844500338 4.201256453438848 4.0580199447426235 3.741298223650352 3.4414801899197465 3.0010946507605483 2.5553711050660874 2.30626413342048 2.198614334959343 2.076729852404171 1.9779767315018053 1.9085826465433864
0.6514821074889481 0.5776396837511433 0.5207009473750044 0.5989917098921953 0.5767500159952661 1.1078816662539352 1.3356366117584901 1.2190901357385813 1.4210447163226982 1.5749572380894483 1.7947051737911088 1.5865229189158514 1.8107191933968978 1.822284874223301 1.504673485375152 1.4210447163226982 1.711966072494532 1.7199730822974266 1.435279400416733 1.0349289102720074 0.4797762306046547 1.0144665518868325 1.9059136432757549 2.618537515733366 3.3400580657497496 3.571371682277813 3.704821845659388 3.796457624514736 3.878307058055436 3.953928817304995 4.017984895728151 4.042005925136834 4.0286609087986776 3.990405195295959 3.905886758487628 3.7688779240825445 3.4930809197606223 3.1452208272126496 2.876541164937745 2.7039456202975742 2.5544814373102103 2.399679247787583 2.30626413342048 2.2164076900768865
1.4557417588019077 1.4833214592341002 1.4504037522666449 1.519797837225064 1.4050306967169093 1.531363518051467 1.4584107620695392 1.0580602719248138 1.1897310997946347 1.5607225539954137 1.8258435452468098 1.6105439483245352 1.6443513230478675 1.5633915572630452 1.5536052119483963 1.457521094313662 1.8409678970967216 1.6301166389538326 1.424603387346207 0.6069987196950897 0.8685610399229771 1.8178365354439152 2.7911330603735367 2.968176943793093 3.3480650755526438 3.4530458707461493 3.557136998183778 3.689697493809476 3.795567956758859 3.851617025379121 3.8978797486847334 3.880976061323067 3.836492673529209 3.7537535722326325 3.687028490541845 3.547350652869129 3.341837401261504 3.083833752057125 2.9370385723373924 2.7760087085236247 2.647006883921436 2.4993220364458257 2.3747685506230223 2.3338438338526726
0.40771314237860423 0.7964979516969264 0.8543263558289425 0.7546835671706995 0.630130081347896 0.7582422381942082 1.0278115682249902 0.7644699124853485 0.894361404843415 1.1924001030622662 1.4584107620695392 0.7537938994148223 0.5803086870187746 0.4610932077312342 0.5384943024925477 0.4299548362755332 0.8605540301200825 0.7208761924473672 0.5465013122954423 1.6915037141093574 2.3178298142468834 3.1389931529215094 3.1647935178419475 3.341837401261504 3.2573189644531726 3.3703067694495727 3.5135432781457974 3.665676464400793 3.770657259594299 3.851617025379121 3.8658517094731555 3.824926992702806 3.7146081909740367 3.630979421921583 3.4735082291313244 3.3249337138998376 3.1256481365833517 2.9646182727695845 2.8311681093880092 2.670138245574242 2.489535691131177 2.341850843655567 2.4085759253463546 2.3978999122758284
-0.55223836621286 -0.15010854055638 0.08031540821580618 -0.10918382378603031 -0.1919229250826069 -0.15277754382401154 0.07230839841291203 0.26447663368238006 0.4086028101344812 0.677282472409386 0.6158953972538614 -0.5922734152273326 -0.9810582245456549 -1.1527641014299483 -1.0540109805275826 -0.8725187583286402 -0.43302288692531965 -0.3173660786612875 0.6390267589066678 1.821395206467424 3.0962891006394053 3.641655434992109 3.401445140905274 3.26443630650019 3.130986143118615 3.31158869756168 3.560695669207287 3.7235048685328085 3.774215930617807 3.8498376898673667 3.816919982899911 3.6905871615653534 3.5749303533013217 3.4414801899197465 3.259098299964927 3.127427472095106 2.9486042531637953 2.787574389350028 2.633661867583278 2.474411339281265 2.2697877554295163 2.631882532071524 2.718180304391609 2.7101732945887145
-0.28622770720558677 -0.6563294936504884 -0.6447638128240856 -0.25775833901751755 -0.11630116583304773 -0.11096315929778466 -0.2479719937028686 -0.3493941178728659 -0.584266405424438 -0.6883575328620668 -0.7621999565998716 -0.8849741069109207 -1.1874611439091578 -1.3689533661081001 -1.3387046624082766 -1.1901301471767893 -1.1225153977301248 -0.12341850788006514 1.005569874328061 1.981535402525314 2.971735614816602 3.1639038500860703 2.7955813991529226 2.770670701988362 3.1808075374477363 3.4254661703139577 3.66033845786553 3.711049519950528 3.746636230185615 3.650552112550881 3.6051790570011453 3.467280554840184 3.3089196942940484 3.173690195400719 3.024226012413355 2.888106845764148 2.7146216333681004 2.5776127989630164 2.405906922078723 2.2422080549973242 2.2057316770063604 2.8151540897822205 3.2030492313446652 3.2252909252415947
1.037597913539639 0.09366042455396384 -0.6243014544389105 -0.6154047768801387 -0.6705641777445233 -0.7025922169561012 -0.7043715524678555 -0.7301719173882937 -1.150984765918194 -1.2559655611116995 -1.2826555937880149 -1.1518744336740712 -1.0726940034010033 -1.2693105774498572 -1.2301651961912619 -0.9089951363196045 -0.8404907191170623 0.5954330388686866 1.4664177718724338 2.2012833382269745 2.759994688917836 2.7110629623445917 2.4495006421167043 2.7146216333681004 3.3080300265381712 3.7866712792000876 3.6211930766069345 3.597172047198251 3.555357662672024 3.4788462356665875 3.3854311212994848 3.162124514574316 2.9788529568636193 2.825830102852746 2.696828278250557 2.5838404732541567 2.5615987793572277 2.468183664990125 2.2973674558617088 2.103419885080486 2.0313567968544355 2.0651641715777678 2.1496826083860987 2.2119593512975007
1.387237341599366 1.12834402463911 0.7591319059500854 -0.2630963455527806 -0.6803505230591722 -0.7230545753412763 -0.4490369065311084 0.12479879600966459 0.3650090900965002 0.2146552393532586 -0.329821427243568 -1.088708023006792 -1.2675312419381028 -1.1420880883594222 -0.8093523476613615 -0.20170927039725584 0.6381370911507906 1.5642812250189224 2.459286987431353 3.1505588337479127 3.396996802125888 2.7671120309648534 2.4753010070371424 2.7680016987207305 3.31781637185282 3.5651440079866727 3.5642543402307956 3.501087929563517 3.3854311212994848 3.2244012574857175 2.9966463119811624 2.770670701988362 2.5411364209720526 2.358754531017233 2.2706774231853935 2.2422080549973242 2.184379650865308 2.0678331748453993 1.9219276628815438 1.843636900364353 1.7653461378471622 1.6452409908037446 1.6060956095451493 1.7199730822974266
1.2786978753823515 1.330298605223227 1.2084141226680551 0.9486311379519221 0.8676713721670999 0.8552160235848196 0.8436503427584163 0.6763928046535088 0.7813735998470146 0.9486311379519221 0.7698079190206115 0.5918743678451779 0.6648271238271057 0.2449039430530826 0.04561836573659672 0.49223157918693516 1.6310063067097098 2.744870337067924 3.461942548304921 3.671014470936056 3.5259986267280774 2.5544814373102103 2.575833463451262 2.797360734664677 3.0135499993428287 3.1336551463862463 3.337389062482118 3.4050038119287827 3.3391683979938724 3.2003802280770337 2.877430832693622 2.4975427009340714 2.1309995855126784 1.9005756367404918 1.7911465027676001 1.7911465027676001 1.7084074014710235 1.627447635686201 1.547377537657256 1.5455982021455017 1.4388380714402418 1.365885315458314 1.434389732660856 1.6434616552919903
1.2244281422738441 1.345422957073139 1.048273926610165 1.0954263176716548 1.0260322327132358 1.0198045584220956 0.984217848187009 1.292042891720509 1.2991602337675263 1.3641059799465596 1.3383056150261217 1.3000499015234035 0.847209013781925 0.730662537762016 0.7279935344943846 1.4237137195903298 2.264449748894253 3.291126339176505 3.6541107835743896 3.72617387180044 3.1585658435508073 2.5393570854602983 2.671027913330119 2.9174658817080945 3.0980684361511597 3.1203101300480887 3.2582086322090498 3.3391683979938724 3.367637766181941 3.2760019873265933 2.7564360178943272 2.00466676417812 1.6247786324185696 1.435279400416733 1.434389732660856 1.4210447163226982 1.3418642860496304 1.2689115300677025 1.2849255496734917 1.3792303317964714 1.3765613285288398 1.3560989701436652 1.408589367740418 1.4788731204547143
0.3943681260404466 0.6755031368976316 0.745786889611928 0.9699831640929741 1.2609045202648081 1.2351041553443702 0.9868868514546405 1.3605473089230509 1.5278048470279586 1.641682319780236 1.6283373034420783 1.324070930932087 1.3988030224257693 1.1247853536156014 0.9566381477548167 1.4922181367928717 2.324947156293901 3.3934381311023794 3.7235048685328085 3.2341876028003664 2.469073332746002 2.2164076900768865 2.6140891769539802 2.878320500449499 3.2190632509504544 3.434362847872729 3.637207096212723 3.8658517094731555 3.900548751952365 3.6167447378275486 2.9450455821402866 2.1398962630714498 1.8285125485144411 1.6977313884004976 1.4281620583697157 1.314284585617438 1.255566513729545 1.3409746182937532 1.420155048566821 1.4779834526988371 1.4895491335252402 1.5233565082485727 1.6443513230478675 1.6852760398182172
-0.4223468738547935 -0.14388086626523977 0.06074271758650873 0.2911666663586949 0.6069987196950897 0.9041477501580637 0.7502352283913138 1.3098362468380522 1.254676845973668 1.3605473089230509 1.3641059799465596 1.1870620965270031 1.344533289317262 1.1683790736535826 1.000231867792798 1.0669569494835855 1.7822498252088286 2.940597243360901 3.438811186652115 2.947714585407918 2.1309995855126784 2.003777096422243 2.4174726029051263 2.6959386104946796 3.024226012413355 3.421907499290449 3.76087091427965 4.003750211634117 4.009977885925257 3.697704503612371 3.1407724884332637 2.5891784797894197 2.2493253970443416 1.7786911541853199 1.6496893295831305 1.5011148143516433 1.5455982021455017 1.6310063067097098 2.124771911221538 1.901465304496369 1.8196158709556696 1.7110764047386549 1.8320712195379498 1.7021797271798833
-0.769317298646889 -0.8476080611640797 -0.7497446080175911 -0.49529962983672116 -0.3485044501169887 -0.05135541965401469 0.1594958384888745 0.6577097817800883 0.4860039048957949 0.35433307702597405 0.35789174804948276 0.667496127094737 0.8392020039790304 0.7021931695739467 0.6968551630386837 0.7555732349265767 1.3062775758145437 2.50110137195758 3.010880996075197 2.908569204149323 2.156799950433116 2.107868223859872 2.4281486159756525 2.7066146235652058 2.613199509198103 2.8836585069847622 3.1914835505182624 3.4041141441729055 3.411231486219923 3.1870352117388765 2.9317005658021293 2.6114201736863487 2.405017254322846 1.9317140081961925 1.6496893295831305 1.6612550104095336 1.7653461378471622 2.4032379188110915 2.95661126296669 2.505549710736966 2.147013605118467 2.0358051356338214 1.5980885997422547 1.3783406640405942
-0.8947604522255697 -1.0006309151749524 -0.9383541722635509 -0.5611350437716318 -0.5495693629452285 -0.5940527507390869 -0.3636288019669003 -0.08961113315673286 -0.1332048531947141 -0.2817793684262009 -0.42056753834303917 -0.03623106780410268 0.2920563341145721 0.19419288096808396 0.19775155199159267 0.6941861597710521 1.307167243570421 2.411244928613986 2.8276094383645005 2.7252976464386265 2.3916722379846886 2.416582935149249 2.647006883921436 2.6060821671510856 2.4788596780606507 2.179041644330045 2.264449748894253 2.45394898089609 2.1060888883481175 1.8881202881582113 2.0411431421690844 2.2697877554295163 2.1158752336627664 2.1443446018508356 1.47709378494296 1.7359871019032158 2.506439378492843 3.146110494968527 3.3053610232705397 2.983301295643005 2.5366880821926667 2.230642374170921 1.7671254733589166 1.3053879080586666
-0.36540813747865464 -0.3912085023990928 -0.314697075393656 -0.031782729024716794 -0.06914877477155779 -0.15366721157988872 -0.0842731266214698 0.5456116445395651 0.4148304844256214 0.2582489593912398 0.16483384502413712 -0.17590890547681814 -0.4187882028312848 -0.29868305578786725 0.2618076304147485 0.8908027338199063 1.5740675703335711 2.368540876331882 2.7857950538382736 2.7733397052559936 2.5971854895923143 2.49487369766644 2.532239743413281 2.4788596780606507 2.2751257619647793 1.8133881966645293 1.827622880758564 1.6069852773010265 1.170158409165337 0.4984592534780752 0.7938289484292951 0.9415137959049049 1.02158389393385 1.2564561814854223 1.4059203644727865 2.0322464646103127 2.721738975415118 3.3000230167352766 3.4094521507081685 3.131875810874492 2.803588408955817 2.5669367858924903 2.429927951487407 2.0749505168924167
-0.9508095208458314 -0.6100667703448757 0.3667884256082543 0.8107326357909612 1.0980953209392863 1.1683790736535826 1.1470270475125306 1.1523650540477937 0.894361404843415 0.5625153319012313 0.19775155199159267 -0.2933450492526042 -0.5815974021568064 -0.29779338803199007 0.3979267970639553 1.3062775758145437 2.2199663611003952 2.7893537248617823 2.9236935559992347 2.835616448167395 2.6398895418744184 2.496653033178194 2.495763365422317 2.395230909008197 2.198614334959343 1.9281553371726838 1.5856332511599742 1.18172408999174 0.6052193841833353 -0.031782729024716794 -0.15010854055638 -0.2764413618909378 -0.509534313930756 -0.5024169718837386 0.005583316722124199 1.3249605986879642 2.5989648251040687 3.269774313035453 3.211945908903437 2.913907210684586 2.7635533599413447 2.816933425293975 2.792022728129414 2.558929776089596
