static/data/seaWind_vo/2023/7/8/6.asc
ncols 137
nrows 93
xllcorner 108.0
yllcorner 17.0
cellsize 0.25
NODATA_value -32767
[rows 19 to 37 of 93, columns 0 to 43 of 137]
1.4815421237223458 1.721752417809181 1.84452656812023 1.769794476626548 1.5109011596662922 1.4504037522666449 1.6817173687947085 1.84452656812023 1.8400782293408444 0.6114470584744756 -0.307579733346639 -0.9018777942725871 -0.8493873966758341 -1.420554095948976 -1.650088376965285 -1.4027607408314324 -0.5798180666450521 -0.3138074076377788 0.024266339595544917 0.15771650297712014 0.2413452720295739 1.191510435306389 2.430817619243284 3.2235115897298403 3.273332984058962 2.9361489045815152 2.594516486324683 2.213738686809255 1.8178365354439152 1.3107259145939294 0.9637554898018341 0.8107326357909612 0.8480986815378022 0.8703403754347314 0.937065457125519 1.0785226303099886 1.292042891720509 1.2057451194004236 0.8694507076788542 0.655930446268334 0.9424034636607821 1.377450996284717 1.3560989701436652 1.1790550867241087
1.424603387346207 1.9477280278019817 2.1683656312595194 2.114095898151012 1.8320712195379498 1.717304079029795 1.6247786324185696 1.3916856803787518 0.9771005061399916 0.28760799533518666 -0.12786684665945103 -0.41789853507540764 -0.6492121516034715 -1.1581021079652114 -1.3573876852816968 -1.0798113454480207 -0.17590890547681814 1.154144389559548 2.0358051356338214 2.410355260858109 2.3338438338526726 2.7164009688798547 3.06337139367195 3.1354344818980007 3.000204983004671 2.8703134906466046 2.5785024667188936 2.2012833382269745 1.8347402228055814 1.5322531858073443 1.355209302387788 1.281366878649983 1.22887648105323 1.1577030605830567 1.1843930932593716 1.3160639211291925 1.5509362086807648 1.531363518051467 1.404141028961032 1.2786978753823515 1.2253178100297213 1.260014852508931 1.1078816662539352 1.0340392425161302
2.050039819727856 1.9352726792197013 1.801822515838126 1.2680218623118253 0.751124896147191 0.5794190192628976 0.14615082215071684 -0.3218144174406734 -1.0326589543865308 -1.1002737038331953 -1.1438674238711766 -0.9686028759633745 -1.1340810785565276 -1.2541862255999452 -1.1776747985945089 -0.9009881265167099 -0.5904940797155782 0.10166743435685843 0.6808411434328947 0.8819060562611345 1.0785226303099886 1.9272656694168069 2.6354412030950325 2.9317005658021293 3.0962891006394053 2.9361489045815152 2.6309928643156466 2.298257123617586 2.055377826263119 1.8302918840261955 1.7813601574529514 1.7573391280442676 1.68438637206234 1.5678398960424311 1.5189081694691868 1.514459830689801 1.6665930169447967 1.5598328862395365 1.5011148143516433 1.4290517261255928 1.3160639211291925 1.3116155823498066 1.2306558165649844 1.2110831259356867
1.6221096291509383 1.4797627882105915 1.2164211324709497 0.7440075541001736 0.3561124125377284 -0.2444133226793599 -0.694585207153207 -1.0913770262744236 -1.325359646070119 -1.2132615088295955 -1.2177098476089814 -1.183902472885649 -1.5308728976777446 -1.803111230976158 -1.7532898366470362 -1.4970655229544123 -0.9410231755311824 -0.15722588260339743 0.587426029065792 0.9575278155106939 1.557163882971905 2.151461943897853 2.75554635013845 2.9174658817080945 2.9708459470607247 2.8658651518672187 2.697717946006434 2.421031273928635 2.2537737358237275 2.066943507089522 2.0153427772486463 2.009115102957506 1.9406106857549643 1.9299346726844382 1.8623199232377736 1.8418575648525985 1.7502217859972504 1.3961340191581377 1.3018292370351578 1.218200467982704 1.1879517642828803 1.2698011978235797 1.3472022925848934 1.366774983214191
-0.4107811930283902 -0.4712786004280378 -0.6002804250302272 -0.7977866668349582 -1.0210932735601275 -1.2773175872527518 -1.3315873203612592 -0.5976114217625956 -0.09050080091261004 0.14170248337133096 0.022487004083790563 -0.4677199294045291 -0.7203855720736447 -0.9944032408838126 -1.1145083879272302 -1.0851493519832833 -0.7132682300266273 -0.03267239678059397 1.096315985427532 1.854312913434879 2.4406039645579325 2.6443378806538043 2.797360734664677 2.891665516787657 2.8792101682053763 2.8712031584024817 2.64878621943319 2.4343762902667923 2.268898087673639 2.1114268948833805 2.107868223859872 2.0473708164602247 1.9886527445723314 1.997549422131103 1.9770870637459281 1.8685475975289136 1.7199730822974266 1.4290517261255928 1.2244281422738441 1.1479167152684078 1.1781654189682316 1.3009395692792807 1.4103687032521721 1.5073424886427835
-1.1714471243033686 -1.1643297822563516 -1.041555631945302 -0.9321264979724107 -1.0104172604896013 -1.0219829413160046 -0.5887147442038239 0.12657813152141895 0.7084208438650867 0.9290584473226244 1.365885315458314 1.0989849886951635 1.0153562196427097 0.8988097436228009 0.630130081347896 0.47799689509290033 0.6701651303623686 1.1194473470803383 1.4913284690369946 2.505549710736966 2.777788044035379 2.764443027697222 2.8000297379323085 2.7573256856502044 2.728856317462135 2.7244079786827493 2.5678264536483675 2.377437553890654 2.3382921726320585 2.241318387241447 2.1639172924801335 2.075840184648294 2.0153427772486463 1.9254863339050525 1.8987963012287374 1.7920361705234773 1.6194406258833067 1.3890166771111203 1.2626838557765625 1.217310800226827 1.254676845973668 1.3507609636084021 1.472645446163574 1.6763793622594454
0.4281755007637791 0.2715939757293975 0.4459688558813224 0.6924068242592978 0.5927640356010551 0.5820880225305289 0.30184267942922105 0.6203437360332473 1.0349289102720074 1.4868801302576087 1.9254863339050525 2.2849121072794283 2.4085759253463546 2.3391818403879356 2.3009261268852175 2.1496826083860987 2.1754829733065364 2.0918542042540826 2.415693267393372 2.6105305059304715 2.8151540897822205 2.7688913664766077 2.638110206362664 2.59540615408056 2.569605789160122 2.5669367858924903 2.4975427009340714 2.5019910397134573 2.463735326210739 2.3987895800317056 2.2964777881058316 2.2021730059828517 2.075840184648294 1.9850940735488227 1.8623199232377736 1.7342077663914615 1.566950228286554 1.5171288339574325 1.3996926901816462 1.4272723906138385 1.4103687032521721 1.5064528208869064 1.7110764047386549 1.9610730441401392
1.7875878317440914 1.6390133165126044 1.6105439483245352 1.5455982021455017 1.3961340191581377 1.4957768078163804 1.1123300050333211 1.0100182131074467 1.250228507194282 1.7199730822974266 1.875664939575931 2.268898087673639 2.4601766551872304 2.547364095263193 2.511777385028106 2.5135567205398606 2.5349087466809124 2.251994400311973 2.3071538011763573 2.4877563556194224 2.8747618294259905 2.840064786946781 2.612309841442226 2.5553711050660874 2.532239743413281 2.6025234961275774 2.6354412030950325 2.6398895418744184 2.643448212897927 2.586509476521788 2.5304604079015265 2.38811356696118 2.255553071335482 2.114095898151012 1.9797560670135597 1.8178365354439152 1.7279800921003212 1.6781586977711997 1.6781586977711997 1.736876769659093 1.6817173687947085 1.9201483273697895 2.1256615789774154 2.231532041926798
0.9966731967692892 1.0883089756246376 0.8916924015757834 0.4308445040314104 0.5687430061923715 0.8107326357909612 0.9468518024401678 1.1888414320387575 1.5500465409248876 1.7350974341473386 1.7778014864294427 1.7244214210768125 1.689724378597603 1.8053811868616347 1.8667682620171595 1.954845369848999 1.9423900212667187 1.785808496232337 1.948617695557859 2.2973674558617088 2.760884356673713 2.664800239038979 2.532239743413281 2.515336056051615 2.670138245574242 2.744870337067924 2.798250402420554 2.8436234579702897 2.85607880655257 2.829388773876255 2.770670701988362 2.6158685124657346 2.4610663229431076 2.3178298142468834 2.1550206149213618 1.969969721698911 1.901465304496369 1.8943479624493516 1.8890099559140885 1.9619627118960163 2.072281513624785 2.3978999122758284 2.4619559906989847 2.3925619057405654
0.13814381234782225 0.5055765955250926 0.9477414701960449 1.1710480769212142 1.3205122599085783 1.3365262795143673 1.2315454843208615 1.1123300050333211 1.1363510344420047 1.3641059799465596 1.5802952446247114 1.7466631149737417 1.5162391662015553 1.4557417588019077 1.4557417588019077 1.5616122217512909 1.584743583404097 1.7092970692269007 1.9886527445723314 2.2697877554295163 2.4281486159756525 2.3569751955054787 2.38811356696118 2.6265445255362607 2.893444852299411 2.967287276037216 3.0117706638310744 3.071378403474845 3.1283171398509833 3.1238688010715974 3.0082119928075657 2.8809895037171307 2.697717946006434 2.479749345816528 2.28758111054706 2.1968349994475886 2.1950556639358343 2.2119593512975007 2.2235250321239035 2.289360446058814 2.2911397815705685 2.184379650865308 2.0162324450045235 1.991321747839963
-0.0878317976449785 -0.07092811028331214 0.1443714866389625 0.5198112796191272 0.7119795148885955 0.7448972218560508 0.667496127094737 0.624792074812633 0.370347096631763 0.2449039430530826 0.20486889403860964 0.2751526467529062 0.47799689509290033 0.9895558547222718 1.3641059799465596 1.5544948797042735 1.493997472304626 1.6114336160804124 1.8320712195379498 2.056267494018996 2.2048420092504832 2.2671187521618847 2.34096117589969 2.571385124671876 2.8587478098202013 3.067819732451336 3.2039388991005424 3.3480650755526438 3.455714874013781 3.4699495581078157 3.3436167367732583 3.114082455756949 2.8338371126556408 2.5767231312071393 2.4361556257785466 2.3391818403879356 2.2537737358237275 2.197724667203466 2.179041644330045 2.245766726020833 2.2342010451944296 2.1923866606682028 2.274236094208902 2.66124156801547
0.5838673580422833 0.05629437880712285 -0.2702136875997976 -0.5202103270012821 -0.6011700927861043 -0.5299966723159306 -0.2702136875997976 0.13458514132431354 0.2146552393532586 0.11946078947440153 -0.05936242945690884 -0.3751944827933036 -0.2888967104732183 0.2004205552592242 0.7564629026824539 1.1292336923949873 1.387237341599366 1.5447085343896245 1.768904808870671 1.9957700866193488 2.156799950433116 2.2804637685000424 2.437045293534424 2.6692485778183648 2.934369569069761 3.136324149653878 3.455714874013781 3.7181668619975454 3.8293753314821917 3.766208920814913 3.541122978577989 3.2083872378799283 2.8569684743084474 2.569605789160122 2.3018157946410946 2.1114268948833805 2.0215704515397865 1.9566247053607533 1.9406106857549643 2.043812145436716 2.107868223859872 2.2706774231853935 2.7190699721474862 3.291126339176505
0.6852894822122806 0.17817886136229477 -0.5291070045600534 -0.8947604522255697 -0.8840844391550435 -0.6687848422327689 -0.382311824840321 -0.14921887280050283 -0.36540813747865464 -0.37608415054918076 -0.24708232594699142 -0.19726093161786995 -0.1323151854388369 -0.20882661244427325 0.25735929163536264 0.8089533002792069 1.3792303317964714 1.53047385029559 1.5954195964746232 1.796484509302863 2.2591117423589906 2.8267197706086233 3.0286743511927408 3.1149721235128256 3.268884645279576 3.4370318511403606 3.751084568965001 4.017984895728151 4.154993730133235 4.110510342339377 3.708380516682897 3.169241856621333 2.778677711791256 2.3516371889702157 2.00466676417812 1.7600081313118991 1.5278048470279586 1.4797627882105915 1.6950623851328661 2.024239454807418 2.2297527064150438 2.608751170418717 3.0660403969395817 3.40589347968466
0.544721976783688 0.15415783195361143 -0.40900185751663587 -0.5308863400718078 -0.20170927039725584 -0.009541035127787811 -0.33871810480233977 -0.6020597605419815 -1.0104172604896013 -1.0113069282454785 -0.8458287256523254 -0.1910332573267297 -0.09050080091261004 -0.10117681398313572 0.27248364348527465 0.856995359096574 1.594529928718746 1.8578715844583877 1.8721062685524223 1.8320712195379498 2.1861589863770625 2.919245217219849 3.4904119164929908 3.614965402315794 3.8578446996702613 4.038447254113326 4.227056818359285 4.43612874099042 4.570468572127872 4.281326551467793 3.651441780306758 3.082054416545371 2.5464744275073157 2.108757891615749 1.8267332130026868 1.4868801302576087 1.3374159472702445 1.754670124776636 2.1541309471654846 2.4245899449521437 2.571385124671876 2.973514950328356 3.391658795590625 3.6834698195183364
0.7377798798090334 0.35433307702597405 0.18173753238580348 0.2671456369500116 0.56607400292474 0.5918743678451779 0.2715939757293975 -0.2808897006703237 -0.7710966341586434 -0.763979292111626 -0.38853949913146124 0.18618587116518936 0.25735929163536264 0.6096677229627212 0.984217848187009 1.3712233219935768 1.886340952646457 2.250215064800219 2.54825376301907 2.5091083817604747 2.4717423360136337 2.992197973201777 3.576709688813076 3.904997090731751 4.144317717062709 4.268871202885513 4.521536845554628 4.763526475153218 4.846265576449794 4.526874852089891 3.77955393715307 3.3293820526792235 2.787574389350028 2.2012833382269745 1.8569819167025106 1.3996926901816462 1.721752417809181 2.1398962630714498 3.1247584688274745 3.2092769056358055 3.278670990594225 3.4850739099577277 3.904997090731751 3.8800863935671903
1.1345716989302503 1.0980953209392863 0.9940041935016577 1.0251425649573587 1.1105506695215668 1.1372407021978816 1.064287946215954 0.6354680878831591 0.274262978997029 0.41038214564623554 0.7876012741381548 0.8507676848054337 0.8721197109464858 1.2769185398705971 1.5580535507277822 1.93883135024321 2.203952341494606 2.6256548577803835 2.9450455821402866 3.2493119546502784 3.199490560321157 3.524219291216323 3.787560946955965 4.1176276843863935 4.059799280254378 4.1185173521422715 4.451253092840332 4.781319830270761 4.864948599323215 4.480612128784278 3.856065364158507 3.534895304286849 3.1923732182741396 2.6051924993952085 1.954845369848999 1.5598328862395365 1.986873409060577 3.0651507291837046 4.104282668048237 4.160331736668498 3.9993018728547307 4.203925456706479 3.8800863935671903 3.7288428750680715
1.445955413487259 1.4272723906138385 1.3738923252612083 1.2671321945559482 1.3116155823498066 1.1995174451092836 1.1746067479447229 0.9263894440549929 0.9219411052756072 1.0278115682249902 1.0037905388163066 0.9068167534256952 1.096315985427532 1.457521094313662 1.732428430879707 2.1007508818128544 2.5082187140045975 2.867644487378973 3.0749370744983535 3.3836517857877304 3.7235048685328085 4.077592635371921 4.176345756274287 4.156773065644989 4.054461273719115 3.969942836910784 4.196808114659462 4.485950135319541 4.154993730133235 3.7475258979414923 3.3987761376376424 3.367637766181941 3.0357916932397577 2.8267197706086233 2.076729852404171 2.075840184648294 3.161234846818439 4.243960505720952 4.598048272560065 4.730608768185762 4.435239073234543 3.9334664589198205 3.56603367574255 3.15767617579493
0.7013035018180696 0.7137588504003498 0.7876012741381548 0.7537938994148223 0.6817308111887719 0.5153629408397415 0.5420529735160564 0.2413452720295739 0.3561124125377284 0.10433643762448996 0.00024531018686113626 0.21999324588852165 1.02158389393385 1.3907960126228747 1.6754896945035682 1.9957700866193488 2.685262597424154 2.971735614816602 3.066930064695459 3.199490560321157 3.6478831092832493 3.9334664589198205 3.957487488328504 3.9521494817932408 3.9076660939993824 3.8275959959704373 3.904997090731751 3.6550004513302667 3.235966938312121 2.6941592749829253 2.4406039645579325 2.3560855277496016 2.0411431421690844 1.9139206530786492 2.340071508143813 3.2715536485472074 4.380079672370158 4.81957554377348 4.845375908693917 4.34182395886744 3.6647867966449157 3.083833752057125 2.721738975415118 2.345409514679076
-0.2808897006703237 -0.21416461897953631 -0.040679406583488564 -0.2604273422851491 -0.2737723586233063 0.04028035920133366 0.43262383954316475 0.6372474233949135 0.4344031750549191 0.005583316722124199 -0.18302624752383512 0.27960098553229207 1.2004071128651608 1.6496893295831305 2.018901448272155 2.4067965898346 2.7252976464386265 3.072268071230722 3.202159563588788 3.2564292966972954 3.3436167367732583 3.4352525156286062 3.407672815196414 3.3098093620499256 3.2404152770915067 3.226180592997472 3.082054416545371 2.711952630100469 2.2377597162179383 1.7786911541853199 1.4521830877783992 0.6594891172918427 0.3151876957673787 0.7208761924473672 1.9512866988254904 3.3453960722850122 4.176345756274287 4.40143169851121 3.996632869587099 3.0607023904043187 2.2902501138146913 1.9948804188634717 1.790256835011723 1.594529928718746
