static/data/precipitation/2023/7/10/18.asc
ncols 137
nrows 93
xllcorner 108.0
yllcorner 17.0
cellsize 0.25
NODATA_value -32767
[rows 66 to 87 of 93, columns 50 to 99 of 137]
0.0 0.0 0.009388103097716927 0.009388103097716927 0.0005522413586908637 0.10050792728144922 0.047492756847278966 0.0022089654347565157 0.0 0.0 0.0005522413586908637 0.01546275804329908 0.016014999401989943 0.008835861739029532 0.0027612067934473794 0.0016567240760691215 0.0 0.0005522413586908637 0.006074654945582153 0.029268792010532507 0.047492756847278966 0.04473155005383159 0.15462758043299774 0.09664223777062358 0.16180671809595815 0.17450826934581332 0.14855292548741558 0.12756775385722174 0.09995568592275836 0.0298210333692199 0.009388103097716927 0.012149309891164306 0.01270155124985517 0.00994034445640779 0.011044827173786048 0.022089654347572096 0.019328447554124717 0.023194137064950354 0.033134481521358145 0.04528379141252245 0.04362706733645333 0.04197034326038421 0.06682120440140368 0.06240327353188718 0.038656895108249434 0.02540310249970687 0.006074654945582153 0.020432930271502975 0.019328447554124717 0.011044827173786048
0.0 0.0 0.0 0.0 0.01270155124985517 0.09001534146635404 0.050253963640722876 0.008835861739029532 0.0 0.0011044827173782579 0.004970172228203895 0.01546275804329908 0.007179137662960411 0.0016567240760691215 0.0016567240760691215 0.0011044827173782579 0.0005522413586908637 0.0044179308695130315 0.019328447554124717 0.06571672168402543 0.09332878961848881 0.09608999641193272 0.1209408575529522 0.1734037866284316 0.18665757923697415 0.19825464776945106 0.17009033847629682 0.12756775385722174 0.054119653151548514 0.023194137064950354 0.006074654945582153 0.008835861739029532 0.00994034445640779 0.00994034445640779 0.01546275804329908 0.024298619782328612 0.033134481521358145 0.0347912055974238 0.03534344695611466 0.04362706733645333 0.10437361679227486 0.23470257744294398 0.23912050831245701 0.14137378782445517 0.07068689391222932 0.01988068891281558 0.0077313790216512746 0.01546275804329908 0.008835861739029532 0.004970172228203895
0.0 0.0 0.0005522413586908637 0.03368672288004554 0.13916482238969866 0.09001534146635404 0.0392091364669403 0.0016567240760691215 0.0 0.0011044827173782579 0.01822396483674646 0.0077313790216512746 0.0033134481521347736 0.0027612067934473794 0.0022089654347565157 0.0038656895108256373 0.004970172228203895 0.021537412988881233 0.07565706614042975 0.09498551369455446 0.05356741179286112 0.06240327353188718 0.07620930749912061 0.1386125810310078 0.15407533907430687 0.1551798217916886 0.12922447793329087 0.05522413586892677 0.019328447554124717 0.005522413586894759 0.0077313790216512746 0.012149309891164306 0.022089654347572096 0.02374637842363775 0.0298210333692199 0.03644792967349292 0.03810465374956204 0.043074825977762465 0.0469405154885881 0.09940344456407096 0.16512016624809292 0.1850008551609085 0.19659792369338194 0.11983637483557394 0.0811794797273245 0.04362706733645333 0.02705982657577599 0.020432930271502975 0.013253792608542564 0.0033134481521347736
0.0 0.0171194821193682 0.01546275804329908 0.014910516684611685 0.10934378902047875 0.06626896304271282 0.01546275804329908 0.0016567240760691215 0.0 0.005522413586894759 0.02264189570625949 0.008835861739029532 0.006074654945582153 0.008835861739029532 0.017671723478055595 0.017671723478055595 0.024298619782328612 0.07510482478174235 0.07952275565125538 0.07510482478174235 0.035895688314802054 0.048597239564657224 0.07565706614042975 0.14965740820479384 0.13971706374838605 0.07179137662960758 0.06350775624926544 0.014358275325920822 0.009388103097716927 0.006074654945582153 0.009388103097716927 0.017671723478055595 0.030373274727910765 0.0347912055974238 0.04141810190169681 0.05080620499941374 0.06074654945582153 0.06240327353188718 0.06295551489057805 0.1386125810310078 0.15297085635692861 0.06737344576009108 0.0695824111948476 0.06792568711878194 0.10050792728144922 0.0867018933142158 0.07179137662960758 0.05246292907548286 0.013253792608542564 0.0038656895108256373
0.024298619782328612 0.04197034326038421 0.04362706733645333 0.038656895108249434 0.03092551608659816 0.030373274727910765 0.005522413586894759 0.0027612067934473794 0.0 0.09332878961848881 0.155732063150376 0.0867018933142158 0.13916482238969866 0.12701551249853435 0.06792568711878194 0.07455258342305149 0.08394068652077188 0.1435827532592117 0.11155275445523527 0.10603034086834051 0.09719447912931445 0.06792568711878194 0.09774672048800184 0.17119482119367507 0.11155275445523527 0.0298210333692199 0.01546275804329908 0.009388103097716927 0.009388103097716927 0.008283620380338669 0.0171194821193682 0.026507585217085128 0.04528379141252245 0.08725413467290666 0.09553775505324533 0.12149309891163959 0.14855292548741558 0.12756775385722174 0.09553775505324533 0.15904551130251077 0.11320947853130092 0.01546275804329908 0.008835861739029532 0.017671723478055595 0.07841827293387713 0.12259758162902132 0.11265723717261353 0.0911198241837323 0.040313619184318555 0.0817317210860119
0.04141810190169681 0.048597239564657224 0.050253963640722876 0.043074825977762465 0.026507585217085128 0.010492585815095185 0.0022089654347565157 0.0 0.0005522413586908637 0.09443327233586707 0.35122550412637965 0.1380603396723204 0.2783296447793973 0.29489688554007465 0.23415033608425312 0.21758309532357578 0.23083688793211835 0.23580706016032224 0.19162775146517805 0.19383671689993803 0.16456792488940553 0.13529913287887302 0.06571672168402543 0.12701551249853435 0.04252258461907507 0.026507585217085128 0.01546275804329908 0.011044827173786048 0.011044827173786048 0.010492585815095185 0.024298619782328612 0.03976137782562769 0.103821375433584 0.14965740820479384 0.1850008551609085 0.214269647171441 0.25292654227969047 0.21150844037799363 0.16401568353071466 0.07565706614042975 0.029268792010532507 0.0077313790216512746 0.0077313790216512746 0.010492585815095185 0.040313619184318555 0.10271689271620574 0.12977671929198173 0.10934378902047875 0.08891085874897231 0.16953809711760942
0.013253792608542564 0.017671723478055595 0.02098517163019384 0.025955343858397734 0.012149309891164306 0.014910516684611685 0.0033134481521347736 0.0 0.0005522413586908637 0.043074825977762465 0.40921084678875386 0.0988512032053801 0.30980740222468284 0.3733151584739518 0.4103153295061321 0.3727629171152609 0.3893301578759417 0.34846429733293227 0.3081506781486172 0.22089654347571056 0.1905232687477998 0.14468723597658995 0.05467189451023938 0.017671723478055595 0.012149309891164306 0.024850861141019476 0.03700017103218031 0.03258224016266728 0.0347912055974238 0.033134481521358145 0.030373274727910765 0.05467189451023938 0.12756775385722174 0.20322481999765496 0.2446429218993483 0.2634191280947856 0.2987625750509003 0.2904789546705582 0.23028464657342748 0.1386125810310078 0.0469405154885881 0.014910516684611685 0.009388103097716927 0.011597068532473442 0.027612067934463386 0.06737344576009108 0.0938810309771762 0.0982989618466927 0.08394068652077188 0.11320947853130092
0.01546275804329908 0.02264189570625949 0.020432930271502975 0.00994034445640779 0.011597068532473442 0.012149309891164306 0.0033134481521347736 0.0 0.0005522413586908637 0.0044179308695130315 0.14910516684610645 0.43295722521239155 0.28274757564891034 0.39098688195200737 0.5157934290157852 0.4810022234183614 0.4169422258104051 0.3810465374955996 0.3219567121158472 0.15683654586775425 0.08559741059683754 0.05080620499941374 0.027612067934463386 0.013806033967233428 0.004970172228203895 0.0640599976079563 0.08062723836863364 0.09056758282504143 0.09056758282504143 0.10271689271620574 0.06295551489057805 0.058537584021065014 0.1734037866284316 0.2148218885301284 0.18776206195435588 0.19935913048682932 0.3009715404856568 0.33024033249618934 0.26673257624692037 0.2269711984212927 0.11265723717261353 0.0077313790216512746 0.004970172228203895 0.008283620380338669 0.008835861739029532 0.023194137064950354 0.048597239564657224 0.07068689391222932 0.06074654945582153 0.012149309891164306
0.0027612067934473794 0.0077313790216512746 0.011597068532473442 0.01270155124985517 0.01270155124985517 0.01270155124985517 0.0033134481521347736 0.0 0.0027612067934473794 0.0988512032053801 0.4495244659730724 1.206647368736071 0.6124356667864088 0.442345328310112 0.4721663616793319 0.45836032771209845 0.33741947015914975 0.2700460243990552 0.16180671809595815 0.053015170434170256 0.02705982657577599 0.03202999880397989 0.021537412988881233 0.0033134481521347736 0.0033134481521347736 0.009388103097716927 0.05908982537975241 0.13032896065066912 0.1480006841287282 0.09001534146635404 0.1380603396723204 0.16180671809595815 0.15186637363955036 0.0988512032053801 0.07786603157518973 0.10271689271620574 0.06185103217319979 0.08559741059683754 0.19162775146517805 0.1435827532592117 0.05688085994499589 0.01546275804329908 0.008835861739029532 0.010492585815095185 0.013253792608542564 0.01546275804329908 0.01988068891281558 0.023194137064950354 0.01988068891281558 0.008835861739029532
0.0005522413586908637 0.0038656895108256373 0.007179137662960411 0.008835861739029532 0.009388103097716927 0.0016567240760691215 0.0 0.0011044827173782579 0.020432930271502975 0.2518220595623122 0.8217351417296425 0.7665110058607156 0.5224203253200548 0.36447929673492224 0.2567922317905126 0.1678813730415403 0.12259758162902132 0.14744844277003732 0.061298790814508924 0.07123913527091671 0.08504516923815014 0.0640599976079563 0.009388103097716927 0.0027612067934473794 0.0022089654347565157 0.03534344695611466 0.09719447912931445 0.16732913168284944 0.19383671689993803 0.15628430450906686 0.16622464896547118 0.11762740940081742 0.07123913527091671 0.04252258461907507 0.0347912055974238 0.03147775744528902 0.024850861141019476 0.03976137782562769 0.08891085874897231 0.08891085874897231 0.06461223896664717 0.0342389642387364 0.01546275804329908 0.019328447554124717 0.02374637842363775 0.026507585217085128 0.024298619782328612 0.01546275804329908 0.008835861739029532 0.008283620380338669
0.0011044827173782579 0.0027612067934473794 0.004970172228203895 0.007179137662960411 0.008835861739029532 0.0011044827173782579 0.0 0.0033134481521347736 0.04362706733645333 0.3186432639637124 1.1492142674323844 0.5787489439063632 0.21647861260619752 0.162358959454649 0.09222430690111055 0.04528379141252245 0.03202999880397989 0.05356741179286112 0.038656895108249434 0.06185103217319979 0.055776377227617635 0.04141810190169681 0.05080620499941374 0.02374637842363775 0.019328447554124717 0.04362706733645333 0.13474689152018215 0.18610533787828676 0.18444861380221764 0.15407533907430687 0.10271689271620574 0.11652292668343917 0.050253963640722876 0.017671723478055595 0.013806033967233428 0.013253792608542564 0.012149309891164306 0.016567240760677338 0.038656895108249434 0.04473155005383159 0.03092551608659816 0.02816430929315425 0.02816430929315425 0.035895688314802054 0.02705982657577599 0.0298210333692199 0.033134481521358145 0.026507585217085128 0.011597068532473442 0.011044827173786048
0.0016567240760691215 0.0027612067934473794 0.0016567240760691215 0.0022089654347565157 0.0038656895108256373 0.0 0.0 0.008835861739029532 0.05467189451023938 0.6477791137425235 1.1679904736278217 0.41086757086482295 0.14413499461790255 0.11873189211819568 0.06792568711878194 0.021537412988881233 0.016567240760677338 0.029268792010532507 0.043074825977762465 0.08780637603159405 0.0911198241837323 0.11376171988999179 0.16898585575891856 0.14247827054183343 0.12922447793329087 0.12038861619426133 0.1728515452697442 0.1927322341825563 0.15352309771561948 0.09167206554241969 0.051910687716792 0.0867018933142158 0.04970172228203548 0.011044827173786048 0.006074654945582153 0.008283620380338669 0.008283620380338669 0.010492585815095185 0.017671723478055595 0.02540310249970687 0.027612067934463386 0.03147775744528902 0.05522413586892677 0.08283620380339016 0.06626896304271282 0.055776377227617635 0.1032691340748966 0.04970172228203548 0.04417930869514072 0.01822396483674646
0.0016567240760691215 0.0011044827173782579 0.0 0.0016567240760691215 0.0027612067934473794 0.0016567240760691215 0.0 0.020432930271502975 0.15352309771561948 0.8140037627079946 1.152527715584519 0.6212715285254383 0.16180671809595815 0.16622464896547118 0.13198568472673824 0.07841827293387713 0.06350775624926544 0.05522413586892677 0.08338844516208102 0.12370206434639958 0.15904551130251077 0.16898585575891856 0.19107551010649065 0.162358959454649 0.14413499461790255 0.14192602918314604 0.13419465016149476 0.16512016624809292 0.15904551130251077 0.08559741059683754 0.051910687716792 0.06461223896664717 0.033134481521358145 0.012149309891164306 0.0038656895108256373 0.006626896304273017 0.008283620380338669 0.01270155124985517 0.02098517163019384 0.03534344695611466 0.040313619184318555 0.06571672168402543 0.06019430809713067 0.09608999641193272 0.09277654825979795 0.10271689271620574 0.17395602798712245 0.15628430450906686 0.23580706016032224 0.2844042997249795
0.0005522413586908637 0.0 0.0005522413586908637 0.0016567240760691215 0.0077313790216512746 0.00994034445640779 0.0044179308695130315 0.1259110297811561 0.25955343858395996 0.5240770493961239 0.8626010022726518 0.5936594605909715 0.1551798217916886 0.1728515452697442 0.1728515452697442 0.1579410285851325 0.16898585575891856 0.16125447673727075 0.14855292548741558 0.18941878603042153 0.18720982059566502 0.17616499342187897 0.1452394773352808 0.09608999641193272 0.10216465135751487 0.15186637363955036 0.1435827532592117 0.11486620260737004 0.10823930630309703 0.08007499700994625 0.05743310130368676 0.040313619184318555 0.02264189570625949 0.007179137662960411 0.0033134481521347736 0.006074654945582153 0.012149309891164306 0.017671723478055595 0.06074654945582153 0.08780637603159405 0.08835861739028492 0.13419465016149476 0.12038861619426133 0.17119482119367507 0.16898585575891856 0.1678813730415403 0.23912050831245701 0.266180334888233 0.3672405035283696 0.4174944671690925
0.0 0.0027612067934473794 0.0027612067934473794 0.0469405154885881 0.058537584021065014 0.06461223896664717 0.019328447554124717 0.18168740700877373 0.3087029195073046 0.5737787716781594 0.658823940916306 0.2545832663557561 0.15904551130251077 0.13585137423756388 0.15241861499824122 0.28495654108366686 0.2965536096161403 0.45836032771209845 0.4451065351035559 0.26286688673609476 0.24298619782328265 0.11486620260737004 0.08449292787945928 0.0640599976079563 0.1209408575529522 0.15352309771561948 0.13474689152018215 0.10603034086834051 0.07510482478174235 0.0342389642387364 0.033134481521358145 0.01546275804329908 0.012149309891164306 0.008283620380338669 0.0033134481521347736 0.008835861739029532 0.01546275804329908 0.07952275565125538 0.13143344336804738 0.15849326994382337 0.1507618909221721 0.17892620021532635 0.1480006841287282 0.2148218885301284 0.21537412988881927 0.2148218885301284 0.23912050831245701 0.24298619782328265 0.3015237818443442 0.25568774907313435
0.0 0.0027612067934473794 0.12480654706377783 0.22310550891046707 0.19162775146517805 0.2098517163019245 0.11873189211819568 0.1551798217916886 0.23967274967114788 0.38380774428904696 0.4578080863534111 0.25513550771444693 0.12370206434639958 0.12370206434639958 0.19604568233469455 0.3578524004306527 0.5997341155365536 0.8189739349361985 0.7637497990672717 0.5428532555915577 0.2810908515728412 0.06074654945582153 0.04804499820596636 0.11431396124867918 0.14192602918314604 0.12204534027033045 0.0867018933142158 0.0740003420643641 0.06516448032533456 0.038656895108249434 0.013253792608542564 0.01270155124985517 0.012149309891164306 0.0038656895108256373 0.0077313790216512746 0.01546275804329908 0.06792568711878194 0.14744844277003732 0.18334413108483938 0.17616499342187897 0.14247827054183343 0.11707516804212656 0.04804499820596636 0.03976137782562769 0.04473155005383159 0.054119653151548514 0.08946310010766317 0.11652292668343917 0.17561275206319157 0.10989603037916615
0.0 0.005522413586894759 0.13474689152018215 0.5389875660807355 0.35950912450671835 0.40203170912579345 0.2717027484751243 0.15628430450906686 0.3197477466810906 0.4522856727665163 0.3810465374955996 0.31919550532240326 0.18113516565008286 0.2148218885301284 0.33024033249618934 0.5870325642867019 0.9553775505324498 0.9890642734124954 0.8515561750988658 0.6698687680900921 0.43903188015797373 0.1330901674441165 0.15297085635692861 0.12535878842246523 0.11210499581392266 0.14137378782445517 0.13971706374838605 0.13143344336804738 0.11873189211819568 0.10161240999882748 0.021537412988881233 0.008835861739029532 0.006074654945582153 0.008283620380338669 0.018776206195437323 0.13088120200936 0.19604568233469455 0.16456792488940553 0.16567240760678378 0.0982989618466927 0.011044827173786048 0.008835861739029532 0.016567240760677338 0.0298210333692199 0.02540310249970687 0.01546275804329908 0.01546275804329908 0.03258224016266728 0.038656895108249434 0.04141810190169681
0.0 0.0016567240760691215 0.024298619782328612 0.14965740820479384 0.5721220476020903 0.4296437770602568 0.38546446836511605 0.3219567121158472 0.1734037866284316 0.11376171988999179 0.2048815440737206 0.2888222305944925 0.27556843798594993 0.39264360602807646 0.5185546358092326 0.7278541107524662 0.8736458294464344 0.7317198002632919 0.5273904975482586 0.37165843439788265 0.15904551130251077 0.054119653151548514 0.1551798217916886 0.12922447793329087 0.21758309532357578 0.23525481880163138 0.20377706135634235 0.15407533907430687 0.09443327233586707 0.04362706733645333 0.030373274727910765 0.019328447554124717 0.0077313790216512746 0.016567240760677338 0.09222430690111055 0.18776206195435588 0.21150844037799363 0.13916482238969866 0.04417930869514072 0.01546275804329908 0.033134481521358145 0.03368672288004554 0.0347912055974238 0.037552412390871176 0.0342389642387364 0.0342389642387364 0.03092551608659816 0.02264189570625949 0.040313619184318555 0.047492756847278966
0.0 0.0005522413586908637 0.008283620380338669 0.09222430690111055 0.3457030905394884 0.5737787716781594 0.20598602679109887 0.09001534146635404 0.054119653151548514 0.2220010261930888 0.48983808515738747 0.66379411314451 0.5599727377109259 0.6267939421123296 1.1365127161825326 0.954825309173759 0.7803170398279491 0.5594204963522386 0.29600136825745293 0.13032896065066912 0.05246292907548286 0.037552412390871176 0.055776377227617635 0.1259110297811561 0.16732913168284944 0.1551798217916886 0.14689620141134646 0.16622464896547118 0.16456792488940553 0.13088120200936 0.048597239564657224 0.02540310249970687 0.07565706614042975 0.12204534027033045 0.14744844277003732 0.17671723478056983 0.18665757923697415 0.14413499461790255 0.045836032771209845 0.024850861141019476 0.038656895108249434 0.054119653151548514 0.06461223896664717 0.13419465016149476 0.16898585575891856 0.1971501650520728 0.2220010261930888 0.266180334888233 0.2993148164095877 0.2844042997249795
0.0 0.0 0.007179137662960411 0.061298790814508924 0.36061360722409663 0.41638998445171427 0.1629112008133364 0.04086586054300595 0.05080620499941374 0.20543378543241148 0.5544503241240346 0.8360934170555667 0.7079734218396541 1.278990986724366 1.6650076964481695 1.1746173699320912 0.8106903145558598 0.39927050233234607 0.14413499461790255 0.054119653151548514 0.021537412988881233 0.051358446358104604 0.08725413467290666 0.14468723597658995 0.11928413347688308 0.08449292787945928 0.05246292907548286 0.06847792847746934 0.12370206434639958 0.1430305119005243 0.14468723597658995 0.11155275445523527 0.07179137662960758 0.08725413467290666 0.11817965075950482 0.1209408575529522 0.1159706853247483 0.09719447912931445 0.06350775624926544 0.051358446358104604 0.10989603037916615 0.18941878603042153 0.12038861619426133 0.1386125810310078 0.2573444731492035 0.3357627460830806 0.3943003301041456 0.44621101782093764 0.4798977407009831 0.5290472216243278
0.0 0.0 0.0 0.04528379141252245 0.13474689152018215 0.27888188613808473 0.1402693051070769 0.09498551369455446 0.09277654825979795 0.16456792488940553 0.4887336024400092 0.8394068652077015 0.8405113479250798 1.159706853247483 1.5424101148191518 1.0012135833036597 0.5826146334171889 0.20322481999765496 0.10713482358571877 0.06295551489057805 0.09277654825979795 0.0867018933142158 0.12259758162902132 0.11376171988999179 0.08449292787945928 0.05246292907548286 0.024850861141019476 0.08228396244470276 0.155732063150376 0.17009033847629682 0.17009033847629682 0.1850008551609085 0.1408215464657643 0.08338844516208102 0.033134481521358145 0.04197034326038421 0.09056758282504143 0.10161240999882748 0.12701551249853435 0.1629112008133364 0.2220010261930888 0.24077723238852614 0.2987625750509003 0.3998227436910369 0.5268382561895713 0.7477347996652818 0.848242726946731 1.053676512379139 1.0354525475423926 0.8410635892837671
0.0 0.0 0.0 0.0 0.008283620380338669 0.10271689271620574 0.09222430690111055 0.0690301698361602 0.09443327233586707 0.16898585575891856 0.8123470386319255 1.2243190922141267 1.1602590946061704 0.9465416887934203 1.1111096136828258 0.6941673878724207 0.3230611948332289 0.18444861380221764 0.08891085874897231 0.0911198241837323 0.07897051429256799 0.15683654586775425 0.1905232687477998 0.11210499581392266 0.05080620499941374 0.024850861141019476 0.040313619184318555 0.09719447912931445 0.11265723717261353 0.10989603037916615 0.10768706494440963 0.12646327113984349 0.09277654825979795 0.047492756847278966 0.004970172228203895 0.011597068532473442 0.06019430809713067 0.13088120200936 0.18720982059566502 0.3236134361919163 0.3153298158115776 0.36834498624574785 0.5152411876570944 0.6654508372205791 0.9117504831959965 1.133199268030398 1.3032896065066948 1.408215464657657 1.2745730558548496 1.177930818084226
