static/data/seaWater_uo/2023/7/16/0.asc
ncols 137
nrows 93
xllcorner 108.0
yllcorner 17.0
cellsize 0.25
NODATA_value -32767
[rows 26 to 51 of 93, columns 58 to 115 of 137]
-0.06610307 0.06807473 0.057932843 0.13722096 0.13936238 0.12627758 0.1198253 0.12681694 0.24180435 0.27791893 0.27702922 0.28104764 0.18198551 0.24236521 0.26259565 0.23943786 -32767.0 -32767.0 0.018827735 0.06916787 0.35420007 0.487769 0.5018279 0.4757177 0.47419494 0.34957734 0.23666936 0.08006851 0.14816527 -0.03904838 -0.017866764 -32767.0 -32767.0 -32767.0 -32767.0 -32767.0 -32767.0 -0.01790571 0.016967528 0.09534714 -32767.0 -32767.0 -32767.0 -32767.0 -32767.0 -0.11609465 -32767.0 0.075378776 0.25214538 0.40433556 0.3682143 0.25664523 0.1078066 -32767.0 0.24351442 -0.10488207 -0.2564806 -0.28933743
0.09499495 0.071039826 0.28030008 0.2979002 0.11682909 0.021317337 0.008678781 0.03636288 0.07070094 0.1174408 0.156915 0.15499783 0.089080155 0.10810118 0.12525673 -32767.0 -32767.0 -0.072661646 0.08130337 0.34544015 0.15222906 0.21001948 0.30096737 0.33715856 0.32523394 0.18388669 0.061235312 0.05532202 -32767.0 -32767.0 -32767.0 -32767.0 -32767.0 -32767.0 -32767.0 -32767.0 -32767.0 0.05904653 0.12502211 0.07477674 -32767.0 -32767.0 -32767.0 -0.050193254 0.03521941 0.20568354 0.20388827 0.45143792 0.29633427 0.18057138 0.14746526 0.03337232 0.3269382 0.25464344 -0.050495468 -0.21855605 -0.23510194 -0.17096075
0.092778675 0.17179199 0.113415815 0.065107405 0.11700241 0.107950486 0.098748624 0.06558555 0.017006477 0.025826998 0.018011827 -0.039261278 -0.16227445 -0.11119807 -0.000975696 0.17920816 0.240213 0.28923148 0.3071952 0.25429428 0.19861749 0.25707433 0.30978903 0.27268332 0.15377302 0.018548522 -32767.0 0.06405763 -0.047363177 -32767.0 -32767.0 0.021694992 -32767.0 -32767.0 -32767.0 -32767.0 -32767.0 -32767.0 0.24872139 0.06877265 -32767.0 -32767.0 -0.05212184 0.05466415 0.28250533 0.1355003 0.19266401 0.06825638 0.08489922 0.070867606 -0.030260725 -0.047701955 -0.041940004 0.037418857 0.005532384 0.045230515 0.07639067 0.09211384
0.3198505 0.15086046 0.096402146 0.081546165 0.06697852 0.034912985 0.10109646 0.16275032 0.13180523 0.06416472 0.05097004 0.014759459 -0.011558207 0.101256475 0.1527385 0.035241563 0.046430815 0.1619487 0.2282234 0.33542615 0.27252653 0.21361156 0.29478437 0.23558788 0.10091783 -32767.0 -0.024296038 0.08738726 0.013539671 0.0027395147 0.172792 -32767.0 -0.008542109 -32767.0 -32767.0 -32767.0 -32767.0 -32767.0 0.06621735 0.31875426 0.22457702 0.21423098 -0.046582032 0.024374861 0.10314527 0.017788015 -0.013243013 -0.0045858794 0.043815218 0.07859842 0.061038923 -0.12485772 -0.024937984 0.0028085178 0.059365053 0.1197177 0.12934446 0.14731954
0.25439358 0.19094801 0.197305 0.1492851 0.12862162 0.1553771 0.22022139 0.2687315 0.2918962 0.27816924 0.21302293 0.11609549 0.13239628 0.35148394 0.26126727 0.07454437 0.10424636 0.16374157 0.14594387 0.11234779 0.21131827 0.2298189 0.18968055 0.24474311 0.24659637 0.38108838 0.3516062 0.2876171 0.22001716 0.061527345 -0.11522476 -0.05893764 0.043927543 -32767.0 -32767.0 -32767.0 -32767.0 0.04290943 0.14327304 -0.0029118694 0.06295311 0.20191133 0.28673053 0.14881824 0.09014912 0.35637364 0.4399813 0.42234144 0.2827856 0.2771061 0.3798574 0.42049602 0.13757944 0.07374152 0.081316695 0.12758142 0.16875795 0.19056605
0.122188956 0.08668005 0.06305882 0.05227659 0.15491007 0.2687929 0.39975306 0.31387767 0.2736676 0.32354185 0.3207353 0.24431545 0.25498107 0.19151759 0.17389074 0.10505408 0.09730394 0.11534165 0.066301696 0.03937345 0.050021544 0.07228061 0.18423924 0.30666557 0.3912683 0.47015187 0.4963019 0.43225515 0.41446975 0.28423536 -0.017456185 -0.07395515 -0.025802035 -32767.0 -32767.0 -32767.0 -32767.0 -0.024481064 -0.23571596 -0.43225455 -0.3552363 -0.10519563 0.17466052 0.42158478 0.66507053 0.86705697 0.9382112 0.9182878 0.8878561 0.78227663 0.69430643 0.6609812 0.5203367 0.37732115 0.20648226 0.15495536 0.13089974 0.17544933
0.24203861 0.09647228 0.10384853 0.18240409 0.355496 0.24210036 0.4100611 0.40655127 0.372782 0.36738652 0.39575407 0.25597197 0.23829557 0.21085076 0.18763207 0.18060298 0.13526429 0.11903655 0.07770508 -0.0051559587 -0.042870604 0.036534782 0.114310384 0.20647968 0.28042683 0.34736347 0.45320007 0.44864172 0.32551175 0.26624978 0.079927 -32767.0 -32767.0 -32767.0 -32767.0 -32767.0 0.03692384 -0.16382688 0.03611551 0.35326996 0.68070096 1.0275377 1.2171015 1.2787445 1.305553 1.3505688 1.3467534 1.3195201 1.2882605 1.2855436 1.2855077 1.0511854 0.7275996 0.5883832 0.44245583 0.24885745 0.13870703 0.12321148
0.2248999 0.15468399 0.26037648 0.30632383 0.2860639 0.31260514 0.39458883 0.36792788 0.39088607 0.3324812 0.26284364 0.26922637 0.27341223 0.2707577 0.21231046 0.2218487 0.09289836 0.036266983 0.04868831 -0.013927662 -0.05488102 -0.0483727 0.026798876 0.119992755 0.18855807 0.29265735 0.3443915 0.43147722 0.3696501 0.2401641 -0.036184687 -32767.0 -32767.0 -32767.0 -32767.0 -32767.0 0.018192556 0.12582599 0.6611614 0.7780604 0.7960837 0.9075915 1.0415035 1.0979438 1.0601703 0.9455631 0.94947344 0.96202964 0.9638417 0.98255277 0.99880797 1.0745666 1.0354863 0.65211684 0.51076084 0.31639478 0.12836044 0.12110873
0.21689993 0.4795207 0.51142323 0.37855 0.2994789 0.2680321 0.2338164 0.24213079 0.3046959 0.35195097 0.3996493 0.432525 0.38799578 0.2500621 0.09616653 0.09201583 0.065366805 0.0105452845 0.069117114 0.07330764 -0.030844353 -0.04186183 0.06100838 0.17139247 0.25701818 0.3522263 0.33265468 0.38837793 0.41341704 0.19155431 0.14177102 0.013713858 -32767.0 0.04134344 -32767.0 -32767.0 0.18769096 0.7554563 0.62529695 0.6817629 0.7753732 0.7998766 0.7467023 0.6593055 0.5771898 0.5759727 0.5974201 0.6812939 0.77245367 0.8025153 0.8414121 0.86639255 0.8910247 0.719029 0.49873498 0.37917748 0.12688544 0.16972595
0.21032387 0.03302991 0.055353004 0.16565675 0.2940908 0.2950636 0.21715118 0.30618212 0.3641164 0.31342685 0.30681646 0.27063775 0.3307903 0.31954983 0.16738635 0.068305105 -0.0001653278 -0.0016598504 0.03646561 0.0074345865 0.03464142 0.08637344 0.19284107 0.19815002 0.2620655 0.36738095 0.44961083 0.38544893 0.39097878 0.33124822 0.25614646 0.1902835 0.12046304 0.15181078 -32767.0 0.38033035 0.73879695 0.4930836 0.5675223 0.65218943 0.74368566 0.65633595 0.5413703 0.41314134 0.34956312 0.43679586 0.5173352 0.42383507 0.46753567 0.56689656 0.63980764 0.6327877 0.66977084 0.6424955 0.48351768 0.40351838 0.16588484 0.17844266
0.075569466 0.08202456 0.032802083 0.14118053 0.24218306 0.34722984 0.37883633 0.25160575 0.15810378 0.23130795 0.2573516 0.18268953 0.2712032 0.27043486 0.10721122 0.0028739115 0.03290872 0.05254688 0.075690374 0.14083062 0.20829104 0.25313523 0.28151384 0.27872416 0.30360505 0.37615743 0.51782846 0.43703744 0.37623763 0.3618926 0.39133936 0.3582826 0.38621852 -32767.0 1.0113708 0.49779326 0.24170843 0.48565108 0.5661561 0.7304582 0.75808007 0.64440614 0.45759845 0.36014193 0.47493693 0.42363748 0.26816064 0.51782846 0.5998378 0.39448452 0.48968914 0.5207399 0.5490674 0.5995899 0.45372555 0.41457766 0.24284676 0.22292915
0.18210211 0.26173198 0.315543 0.38843516 0.38660485 0.5004591 0.39484078 0.2597745 0.22128473 0.18662232 0.20371923 0.21763271 0.20607038 0.15843429 0.09174199 0.11897865 0.15900636 0.17921245 0.21010703 0.2700215 0.3254236 0.36663494 0.38666674 0.4840081 0.5950763 0.62744963 0.6146814 0.5460721 0.47216958 0.38658935 0.34920567 0.3866263 0.4743454 0.51723325 0.2909817 0.083097376 0.39162797 0.48934197 0.6057659 0.6528093 0.58553845 0.51661545 0.40944874 0.37721145 0.38072547 0.22091326 0.44067267 0.5984414 0.568682 0.5300626 0.33021227 0.4544016 0.5296873 0.6381153 0.49201307 0.39362672 0.27760413 0.23341033
-0.009682071 0.11606012 0.08435042 0.16971815 0.2907006 0.4351165 0.5210006 0.40052962 0.37340978 0.38030833 0.27285525 0.2258707 0.18999591 0.19470742 0.28347918 0.29035765 0.28522548 0.291218 0.28132328 0.36937705 0.45288154 0.49471685 0.6430527 0.81159157 0.8997717 0.9313439 0.8883033 0.7683146 0.6216516 0.5751399 0.35996115 -32767.0 0.16193031 0.15893197 -32767.0 0.28545022 0.4345928 0.49986753 0.52975655 0.35966972 0.18936643 0.24518353 0.29379055 0.31743866 0.22633368 0.2755295 0.4444148 0.49043074 0.5133056 0.46638727 0.37281284 0.31978565 0.472872 0.58961827 0.59095174 0.42439917 0.31265652 0.28781393
-32767.0 0.22100277 0.2936988 0.2479382 0.23399165 0.21664806 0.45185885 0.5469178 0.50728583 0.45523977 0.5257139 0.38168788 0.26899704 0.2827201 0.27824268 0.3032889 0.30826566 0.41153336 0.49881136 0.4648122 0.51693094 0.5517089 0.6923794 0.78523815 0.78093445 0.84581876 0.89714473 0.94509405 0.8662135 0.7498538 0.6419349 0.27599263 -32767.0 0.15611582 0.3322041 0.5021211 0.6052847 0.5822065 0.4579181 0.2220227 0.02619654 0.13314776 0.21328633 0.26255065 0.23660369 0.28812617 0.25907826 0.17309113 0.1906679 0.33672816 0.42478666 0.3361734 0.40131223 0.4957327 0.5796856 0.5286822 0.46251738 0.50501955
0.107921325 0.1930079 0.24267726 0.23763645 0.30021676 0.23321834 0.21070164 0.26913837 0.4242769 0.54245645 0.50857246 0.6530111 0.6263209 0.5891192 0.6169038 0.71793795 0.6267316 0.5556428 0.4732865 0.50004905 0.31990898 0.38574353 0.5197726 0.6018195 0.5807821 0.61733544 0.66653365 0.728126 0.845157 0.83231664 0.55919296 0.6280472 0.0962902 -0.09914671 0.28178212 0.574215 0.59239894 0.6189877 0.42404068 0.1697612 0.0010029962 0.09911452 0.17493626 0.26593477 0.24275903 0.20192863 0.07640472 -0.099313796 -0.09595584 0.111525305 0.38808265 0.46806717 0.3783556 0.45697388 0.5586237 0.6279547 0.75909084 0.8681605
0.18386398 0.27922437 0.36507487 0.33271956 0.20344143 0.38498253 0.40805873 0.35612112 0.32195967 0.35150683 0.24525902 0.38488334 0.5107551 0.5992927 0.59870595 0.52105016 0.36224806 0.37325326 0.38065898 0.37481084 0.13906248 0.14953314 0.2991166 0.3832835 0.39599958 0.39173192 0.42285573 0.48643816 0.58961207 0.89601076 0.16540192 0.49008623 0.4978235 0.4695611 0.60291517 0.6116106 0.63900936 0.49923605 0.34932882 0.3079883 0.2021237 0.17835113 0.2225122 0.26370233 0.25353804 0.18050046 0.0061847894 -0.12638067 -0.15419179 -0.12557384 0.10855879 0.29952267 0.3149934 0.4293959 0.5718867 0.7097549 0.82040644 0.90772647
0.2388827 0.32547092 0.40879762 0.3852111 0.4867162 0.3183078 0.36110213 0.29743424 0.2222048 0.36324146 0.4099415 0.40964556 0.51111096 0.55272996 0.47023162 0.2834306 0.13510823 0.28324515 0.48174015 0.28899416 0.096380375 0.033131536 0.2087008 0.2817585 0.27464864 0.24798481 0.2942108 0.32191774 0.37513527 0.60502374 0.56450814 0.3196257 0.5222563 0.67888576 0.75245726 0.7376766 0.5758241 0.34528345 0.271443 0.33214107 0.32513505 0.2818852 0.30124053 0.30214226 0.25068986 0.13152105 -0.0153953945 -0.0955201 -0.027839864 -0.09421523 -0.25269064 -0.048048392 0.18754078 0.37597242 0.56691116 0.70508426 0.7689795 0.77191806
0.1937924 0.36759868 0.4533411 0.40605208 0.25531498 0.36448285 0.17652452 0.3560224 0.45334524 0.49581882 0.43808517 0.4275862 0.47595623 0.4337907 0.36477897 0.2515003 0.25242767 0.41121873 0.41789833 0.36736977 0.37099573 0.35076132 0.45000374 0.39275783 0.2551731 0.19770947 0.23947725 0.32617462 0.4518299 0.24019888 0.64209914 0.727131 0.8396818 0.85965705 0.7264975 0.6064254 0.42279556 0.24933337 0.17924428 0.33375993 0.4135919 0.30981356 0.20732746 0.16421992 0.1662657 0.22107993 -0.0748789 -0.120441794 0.0036173298 -0.015519995 0.024373591 -0.29664806 -0.08011429 0.26762536 0.49054056 0.5893009 0.6374761 0.66430616
0.4226209 0.4901335 0.52558684 0.49452433 0.18841793 0.12918387 0.2940959 0.23329103 0.25450295 0.2502879 0.33733758 0.33767438 0.28910312 0.2634799 0.17078282 0.1403575 0.2563735 0.4101903 0.51704305 0.68679243 0.89610535 0.97896475 0.85881555 0.55127305 0.27569655 0.17276497 0.1618916 0.07474321 0.16060425 0.5315342 0.53008926 0.5727295 0.721899 0.73723155 0.5355549 0.53562057 0.49295324 0.42407492 0.41168734 0.42418593 0.43556744 0.35994607 0.22642621 0.14354749 0.08231406 0.23195782 0.38083085 0.24020898 0.1088937 0.076110415 0.058128156 0.038785096 0.014877518 0.0323281 0.23170619 0.44859326 0.46555343 0.17152634
0.43241104 0.49543044 0.5172363 0.63594764 0.5878024 0.2515063 0.20885654 0.34820396 0.40105075 0.3162141 0.27887833 0.2851552 0.2891616 0.23374961 0.16360514 0.13517687 0.25546727 0.46359578 0.70487547 1.0201442 1.2209494 1.127984 0.8100819 0.44940472 0.1578467 0.099145114 0.08248145 0.1382095 0.16385572 0.16318224 0.2752907 0.3569924 0.33462244 0.36509645 0.5361432 0.52860993 0.5804874 0.54926544 0.52069974 0.48599765 0.47183797 0.38026586 0.26430923 0.16037221 0.13432574 0.062339816 0.1951796 0.2548793 0.21695724 0.13307132 0.052670572 0.030584216 0.07652732 0.094763696 0.123384185 0.136148 0.035734445 0.08686599
0.6039133 0.7108133 0.7297748 0.6064331 0.5502344 0.6208861 0.455812 0.27706477 0.27238068 0.26766056 0.28329644 0.3219669 0.34997064 0.3209762 0.22049455 0.34750047 0.5072291 0.70625615 0.9349003 0.92251587 0.7840017 0.6099486 0.3311883 0.0954617 0.019364825 0.016764833 -0.15176208 -0.11490604 -0.05180377 0.039759163 -0.01099558 0.037732534 0.24376446 0.5249704 0.5118794 0.51123345 0.47333434 0.45000857 0.42521054 0.3969877 0.378061 0.3293949 0.25193685 0.16270895 0.12814417 0.03615624 -0.029314365 0.06841119 0.093225144 0.061647136 -0.03962523 -0.0939928 -0.06350403 0.010155899 0.009789416 -0.05577745 -0.008110475 0.117501624
0.8601301 0.6975904 0.5332345 0.45820454 0.2767721 0.2800088 0.4195197 0.4349163 0.37105075 0.30860072 0.2911462 0.26367834 0.19553684 0.17792302 0.3030775 0.49486065 0.63602316 0.7651203 0.6357099 0.4742366 0.3012849 0.09327571 -0.065199666 -0.106287286 -0.02643283 0.020728478 -0.064528525 -32767.0 -0.08628219 -0.18858653 0.06792247 0.2406458 0.37926713 0.39286578 0.34352997 0.3357104 0.32392588 0.33555982 0.28448567 0.23495567 0.18371609 0.16312014 0.12756686 0.094068915 0.06636892 -0.049501073 -0.13398392 -0.124135375 -0.11965907 -0.19946195 -0.28388453 -0.32753786 -0.2948696 -0.23874722 -0.23274061 -0.06432664 -0.094268024 -0.057914477
0.5744027 0.5082183 0.3709194 0.31341112 0.2697321 0.26188388 0.29167378 0.23513283 0.33101475 0.2762685 0.26286948 0.15358709 0.089076005 0.12066483 0.23519109 0.41658387 0.5018616 0.37526274 0.2594548 0.12411786 0.0031191232 -0.0828239 -0.08442299 -0.016307512 0.029285137 0.06962979 -0.19334495 -0.2653113 -0.010765901 0.26651514 0.174506 0.26881307 0.2081989 0.20694919 0.25344172 0.26640972 0.30142722 0.30746287 0.32339048 0.27158293 0.16357365 0.10737302 0.05410905 -0.027505739 -0.05104286 -0.15130784 -0.2671101 -0.25964957 -0.31666481 -0.38052624 -0.3990815 -0.39127675 -0.3716038 -0.18266442 0.03506004 0.08691063 -0.10396171 -0.114474244
0.3333593 0.2647664 0.213752 0.23881054 0.35942346 0.31425667 0.2017484 0.23763709 0.27587205 0.32643917 0.19612916 0.10058958 0.06495826 0.13100529 0.21520106 0.28075242 0.20405434 0.1779494 0.08894088 0.05732716 0.034250863 0.0513903 0.0199526 -0.00792436 -0.04084872 -0.0012640889 -32767.0 0.027125705 0.043382883 0.059946906 0.14663227 0.09537994 0.078888424 0.14765413 0.14767067 0.15639286 0.18146437 0.14409937 0.08502045 0.081381306 0.06920079 -0.053248238 -0.11076874 -0.16804285 -0.20720208 -0.29797897 -0.42873663 -0.41260764 -0.28084618 -0.08342293 -0.10009455 -0.0607097 -0.08641614 -0.10521872 0.030074222 0.046347924 -0.19529638 -0.29933372
0.112092115 0.053725384 0.2151627 0.43627203 0.32317013 0.2089454 0.20090182 0.20393303 0.1831476 0.094677396 0.050859906 0.054179538 0.17710635 0.34733257 0.41467154 0.20634969 0.1280107 0.076568425 0.03425263 0.003803562 -0.095228665 -0.09462706 -0.102671996 -0.17405173 -0.18595968 0.020819172 0.0061156414 0.04671041 -0.03779565 0.031663615 0.054092128 0.015036236 0.018042676 0.036570247 0.036561534 0.017512036 -0.012507178 -0.12747741 -0.12074348 -0.11834091 -0.17232512 -0.24086839 -0.2920688 -0.31369874 -0.3365609 -0.5267232 -0.50032914 -0.32777426 -0.17583968 -0.101168685 0.050402045 0.13383487 0.10882929 -0.0022787417 -0.1289117 -0.20692267 -0.20603414 -0.30473578
0.01702707 -0.029391376 -0.01474858 0.015916742 0.035742406 0.14355531 0.118833795 0.048555277 0.04739684 0.04180903 -0.014001599 -0.013487316 0.20649345 0.43094397 0.35594195 0.26357332 0.21326528 0.093486145 0.0074067363 -0.1144955 -0.0904312 -0.0826602 -0.11728682 -0.16326782 -0.14832701 -0.0919693 0.034454808 -0.07776634 -0.027871974 0.017062506 -0.011009231 -0.059743587 -0.06953353 -0.07927396 -0.046160698 -0.10591966 -0.20729068 -0.23536685 -0.32587332 -0.38203955 -0.3470118 -0.40960506 -0.44473645 -0.42461184 -0.6202 -0.59269 -0.3298637 -0.3245452 -0.22025616 -0.07160638 -0.014195731 0.012250483 0.022270668 -0.020767774 -0.2148587 -0.28152052 -0.21189202 -0.27893347
