static/data/seaWater_uo/2023/7/16/18.asc
ncols 137
nrows 93
xllcorner 108.0
yllcorner 17.0
cellsize 0.25
NODATA_value -32767
[rows 52 to 77 of 93, columns 58 to 115 of 137]
-0.18677455 -0.18131538 -0.12766042 -0.045536596 -0.009095278 -0.04379528 -0.06518304 0.0357025 0.08290313 0.06977287 0.038614128 0.00064319005 0.15572946 0.19760093 0.35502568 0.44870532 0.36533603 0.3005627 0.18369223 0.026924353 0.004573191 0.06103978 0.07713379 0.16314742 0.08917106 -0.03892912 -0.06950157 -0.04321551 0.051728904 0.047878116 0.06952093 0.0041018827 -0.07446067 -0.09845113 -0.07995868 -0.10081198 -0.13383225 -0.14659108 -0.19291449 -0.20712903 -0.2806661 -0.37866923 -0.3859415 -0.57991534 -0.70165133 -0.47641042 -0.3550567 -0.28393528 -0.17939408 -0.15100281 -0.10916533 0.022657946 0.1753997 0.050952338 -0.10231003 -0.20246893 -0.27758345 -0.17895672
-0.1461901 -0.1436006 -0.121416554 -0.08478698 -0.07761723 0.04107351 0.09964088 0.061868146 0.13741197 0.1870835 0.13704428 0.22386308 0.30093947 0.360367 0.5197319 0.45787913 0.368619 0.35174856 0.25631043 0.11091868 0.14873897 0.16572152 0.03100538 -32767.0 0.21508048 0.083772145 -0.0038960138 0.044765566 0.019543653 0.008902313 0.0036227508 -0.015051556 -0.14354405 -0.25573158 -0.17853196 -0.15925527 -0.22112118 -0.30436683 -0.3343677 -0.3676731 -0.39557022 -0.46802446 -0.6539802 -0.7082152 -0.4631564 -0.34691417 -0.29712376 -0.16956785 -0.16067494 -0.16646013 -0.1146972 -0.051723335 0.08236755 0.13923709 -0.082832016 -0.1042446 0.08110313 0.07415626
-0.105134405 -0.08364569 -0.08979133 -0.111726895 -0.14673011 -0.103653565 -0.028614672 0.06330364 0.17285512 0.25912198 0.36143786 0.4219853 0.5030966 0.6359591 0.48782077 0.3557267 0.32085812 0.2054706 0.008019976 0.16529496 0.15974286 -0.010412248 0.03547731 0.1484471 0.18344593 0.12892585 0.07204037 0.018576453 0.004065799 -0.047650807 -0.055868838 -0.007701783 -0.13564266 -0.38011196 -0.3439886 -0.29379353 -0.22731225 -0.2707006 -0.3190739 -0.3633402 -0.52539486 -0.7049674 -0.6387314 -0.44886217 -0.40075624 -0.35413575 -0.27777717 -0.18838592 -0.20917125 -0.22611251 -0.16199344 -0.18164119 0.0040352307 0.1294291 0.03916111 -0.08983579 0.10176624 0.09736428
0.14890178 0.38217813 0.55310583 0.4676533 0.38118154 0.25558925 0.032545604 -0.051050175 -0.04874435 0.03826719 0.34841827 0.6519951 0.6455234 0.46435666 0.3618576 0.28109422 0.22077866 0.20140179 0.38939726 0.12559532 0.025659066 -32767.0 0.037009984 0.10727754 0.18225539 0.13499078 0.11763114 0.050965868 0.025284557 -0.07982255 -0.13633311 -0.05451748 -0.06158699 -0.30193344 -0.4672649 -0.5043471 -0.420848 -0.3613162 -0.41669118 -0.5446485 -0.64759856 -0.55608 -0.39234948 -0.42022887 -0.34692135 -0.31584105 -0.24503034 -0.14959072 -0.18498749 -0.19515531 -0.13282564 -0.18813466 -0.14749134 0.07571755 0.17893401 -0.1423491 -0.19884591 -0.224434
0.3752749 0.55482286 0.6620867 0.7757553 0.762656 0.63827705 0.54284585 0.43920287 0.37502527 0.553093 0.6777516 0.54393584 0.3972308 0.33747146 0.30150378 0.2064332 0.1561045 0.20481282 0.19256909 0.19140737 0.28559676 0.36547512 0.3740761 0.31007317 0.20963785 0.23917696 0.18976949 0.13425462 0.07797072 -0.047090326 -0.1436564 -0.13155411 -0.064191066 -0.07136921 -0.28982678 -0.4839918 -0.6282533 -0.62286955 -0.60267174 -0.5923766 -0.49508622 -0.3636674 -0.33509955 -0.32093742 -0.21874897 -0.17781177 -0.13461168 -0.13993666 -0.089146234 -0.19050986 -0.13571943 -0.13645592 -0.22581926 -0.071795836 0.12786356 0.19702831 -0.15557894 -0.25479344
0.10697599 0.37443557 0.6732721 0.6915143 0.6640017 0.59462106 0.63746524 0.760049 0.80309063 0.6765461 0.54870695 0.3934437 0.36726555 0.3737884 0.24553661 0.18942994 0.20197535 0.26294792 0.27654642 0.2886487 0.31918633 0.3121357 0.2756346 0.30279383 0.38320974 0.3578566 0.24248229 0.17688087 0.16567627 0.09230353 -0.038438242 -0.13767001 -0.114577204 0.0023147117 -0.008607988 -0.17859925 -0.37757376 -0.45165926 -0.41425392 -0.34740126 -0.29608238 -0.21690272 -0.20803322 -0.26435864 -0.2320592 -0.06580069 -0.010715003 -0.04795931 -0.016072998 -0.10637283 -0.10370564 -0.1684457 -0.13373774 -0.20149949 -0.04477754 0.25539175 0.52154493 0.63024205
0.028574165 0.5164015 0.6579083 0.65731364 0.59043056 0.6080041 0.6616294 0.4838639 0.46351922 0.56904477 0.45950255 0.40134987 0.48471957 0.38050273 0.17840472 0.23381485 0.20838815 0.25139102 0.31719166 0.30372784 0.27114046 0.21460271 0.14679347 0.22955324 0.2619954 0.3471122 0.3392481 0.2068835 0.21223366 0.21868037 0.14473265 -0.0047439286 -0.07732533 -0.045743894 0.061390925 0.011893078 -0.087700605 -0.14191629 -0.14379865 -0.13382195 -0.13934545 -0.05540163 -0.035249125 -0.08943914 -0.0611608 0.06331219 0.077272646 -0.006928691 0.05264687 0.021468204 -0.05959898 -0.10683783 -0.1650057 -0.19037075 -0.13326356 0.029847546 0.23956938 0.45183924
0.49200022 0.48944512 0.3070416 0.33279774 0.31704104 0.2357469 0.21327668 0.3810469 0.44667104 0.36857975 0.43066916 0.5174904 0.2840958 0.08291993 0.1937674 0.2766163 0.30448416 0.32245603 0.29863897 0.25742126 0.2594188 0.2897935 0.3049635 0.24378498 0.21071242 0.25007743 0.34776932 0.2520783 0.20292199 0.22942688 0.21769072 0.08457046 0.0008599389 -0.050651424 0.0024167295 0.008302864 0.038382035 0.040607203 0.057256613 0.09580714 0.110526614 0.114212394 0.18948625 0.23833674 0.23161928 0.21968892 0.10991276 0.041814517 0.07406625 0.10918992 0.0003512799 -0.059662644 -0.101725474 -0.14869587 -0.10920604 0.0084040845 0.1638169 0.20701617
0.7576144 0.4740223 0.34429324 0.13001572 0.05930846 0.19354351 0.37156296 0.2864769 0.20979267 0.28180116 0.23839596 0.21386437 0.09453147 0.16683374 0.46570402 0.5505584 0.44618616 0.3713599 0.23973146 0.19561046 0.18240733 0.19496378 0.23506525 0.1537378 0.15607889 0.22556186 0.21435013 0.21732758 0.1891588 0.17989115 0.17771038 0.16411276 0.049149275 -0.05588122 -0.060826775 -0.0033572414 0.022215862 0.10753889 0.18913992 0.24260786 0.25023848 0.19933292 0.23844698 0.2824229 0.22755687 0.17156097 0.06943806 0.11837026 0.12815587 0.1347326 0.05885864 -0.03229558 -0.057566985 0.00369237 0.006105734 0.06760044 0.16868638 0.13982771
0.720465 0.4454543 0.31827158 0.08931648 0.25672966 0.3415034 0.28810412 0.09168636 0.119817294 0.10718601 0.056284256 0.18810421 0.32548168 0.679882 0.69266677 0.5732896 0.40545318 0.30001742 0.18079755 0.14485988 0.09635983 0.18993731 0.17332235 0.14925687 0.13567466 0.16950245 0.07602031 0.06377845 0.10385984 0.14621261 0.23092338 0.16511083 0.020603549 -0.09440889 -0.10164108 -0.015224081 0.13066447 0.24207164 0.334632 0.42395508 0.48936093 0.5096632 0.4261607 0.29700786 0.18726738 0.14935867 0.19949575 0.2469661 0.28636804 0.19829945 0.09432605 -0.0032789365 -0.03345573 0.021568244 0.11751337 0.17413892 0.15557152 0.106666684
0.5102187 0.32459894 0.1717444 0.23312213 0.2414719 0.3251164 0.13686968 0.06390432 0.0021493156 0.046060797 0.14373696 0.39195883 0.49700356 0.51245636 0.40857401 0.27223018 0.18271868 0.13219105 0.07682757 0.048697013 0.13905758 0.16647719 0.1566403 0.113227405 0.07343998 -0.009827157 -0.15467018 -0.09701414 0.06719076 0.23733418 0.15937881 0.04499794 -0.027402164 -0.078225076 -0.10133576 -0.08194175 0.0053109396 0.12693958 0.16117382 0.24051578 0.40343192 0.5047202 0.5816994 0.63608193 0.67741805 0.6525015 0.6080746 0.51088625 0.35744414 0.20920302 0.19282775 0.0067255585 0.06046714 0.10142827 0.144633 0.21762526 0.12399075 0.046123166
0.38685614 0.30607966 0.124420755 0.026291775 0.058780994 -0.062343962 -0.027396629 -0.11261019 -0.13053364 -0.10744006 0.04060367 0.15544838 0.1589816 0.09669798 0.015187148 -0.003509372 0.0073524667 -0.008610695 0.00710965 0.071201265 0.114880085 0.11289758 0.03461182 -0.019415345 -0.14044097 -0.31117594 -0.2996791 -0.07619241 0.053288072 0.084093384 0.031514015 0.0029684897 -0.066419944 -0.035799526 0.09581458 0.22568306 0.22459403 0.14293288 0.17540842 0.31788975 0.38612017 0.44244355 0.47388494 0.5285632 0.60545444 0.6135113 0.59130114 0.52877945 0.39637855 0.31657487 0.23566428 -0.017479481 0.09522405 0.12835114 0.09661468 0.09758575 -0.009821438 -0.043853432
0.41470262 0.34190792 0.08616815 -0.15278316 -0.15631749 -0.14684184 -0.19778329 -0.16155677 -0.21625735 -0.18468226 -0.10896952 -0.015069872 -0.090822056 -0.12295083 -0.14025147 -0.14602004 -0.064181745 -0.014656508 0.034357473 0.031062536 -0.0035440535 -0.05626284 -0.10037455 -0.22298916 -0.40491712 -0.3768001 -0.16612503 -0.042857453 -0.06265881 -0.026792249 -0.063683346 -0.004603201 -0.0023962718 0.017617207 0.12057082 0.17538993 0.13547151 0.096403085 0.106571026 0.06527113 -0.056249447 -0.010639815 0.06316838 0.18449917 0.26978004 0.28502756 0.30273682 0.36337155 0.33607596 0.2886223 0.18156256 0.0151088955 0.12154422 0.06566841 0.005009808 -0.10791635 -0.21743783 -0.13639718
0.2731608 0.27410975 0.15647858 -0.2103172 -0.24134627 -0.2095401 -0.140874 -0.22354269 -0.275742 -0.17973246 -0.15137152 -0.057464737 -0.054947384 -0.10838746 -0.18523228 -0.1302637 -0.031778235 0.014462505 0.009947632 -0.011865568 -0.10637001 -0.1656371 -0.23110564 -0.39042878 -0.41841772 -0.26941544 -0.078987755 -0.035725083 -0.09651207 -0.09986023 -0.085035406 -0.15562104 -0.16277301 -0.15654771 -0.12310107 -0.05177484 -0.036669 -0.091251366 -0.07373393 -0.20458041 -0.24619195 -0.17651145 -0.14305638 -0.08900414 -0.06035488 -0.042484988 -0.030031506 0.02751947 0.058722194 0.07222653 0.07545618 0.17864871 0.22045448 0.085405044 -0.03853103 -0.17940943 -0.19092295 -0.22580081
0.23123838 0.24026856 0.24426202 -0.07163226 -0.06307687 -0.10633731 -0.17004462 -0.11011211 -0.0057300446 -0.008495567 -0.033667687 -0.047306065 0.017785346 -0.033381518 -0.08536456 -0.08934052 -0.0014905947 0.017628243 0.02558387 -0.030028593 -0.0747853 -0.14557621 -0.26572657 -0.3431416 -0.2944281 -0.071063176 0.09418916 0.13471374 0.03707973 -0.03028098 -0.09045973 -0.083999656 -0.15519206 -0.17951639 -0.2158094 -0.21852532 -0.116836384 -0.03961782 -0.03523106 0.023496546 0.056427926 0.009241166 -0.065640956 -0.07080923 -0.16840771 -0.25554878 -0.256956 -0.14688031 0.0405535 0.27767056 0.42949387 0.4602464 0.33323595 0.13848567 -0.047781862 -0.18372948 -0.30799735 -0.3156525
0.22645204 0.22911212 0.22151089 0.0016697822 0.05049901 0.006849973 0.03789651 0.24105634 0.27285647 0.113427766 0.049644616 0.043562904 0.09999479 0.09548542 0.033726722 -0.05135282 0.012988221 0.024943836 0.050645813 -0.0111758625 -0.011701893 -0.05941423 -0.11850736 -0.014531952 0.11806251 0.2594618 0.26684716 0.2568457 0.23170605 0.076038234 0.036432296 -0.0014791653 0.013725967 -0.051936146 -0.11789683 -0.21132764 -0.24540578 -0.13490231 -0.010542768 -0.0057906983 -0.028014317 -0.0739873 0.0025866788 0.00913821 -0.11259567 -0.1376 0.11159117 0.2509297 0.40299985 0.55015874 0.5334774 0.45138246 0.28809804 0.121145 -0.051992457 -0.16380063 -0.34404457 -0.32344332
0.14926529 0.1629896 0.08926362 -0.010377977 0.030308748 0.024010751 0.23355518 0.2971914 0.21264291 0.11097599 0.10755012 0.1738475 0.20844899 0.16787021 0.09468854 -0.0062499107 -0.03783611 -0.007918541 0.011137838 0.039845288 0.052053798 0.07107201 0.13250911 0.32626528 0.44427133 0.43674523 0.3737561 0.28569588 0.26365992 0.2014727 0.11001557 0.11632283 0.14598967 0.13211152 0.08681623 -0.01845748 -0.09084425 -0.13711551 -0.03131516 0.030528795 0.05996606 -0.057178922 -0.046644416 -0.10095969 -0.1531367 -0.026790943 0.13864814 0.30949852 0.3396651 0.32528666 0.28054222 0.2553716 0.1576004 0.02790681 -0.078107364 -0.21913768 -0.23993012 -0.026868679
0.048351597 0.10466437 -0.07483163 -0.07576092 0.0062927236 0.15635668 0.23809066 0.23342937 0.20382278 0.13716005 0.22517714 0.3330804 0.24567959 0.19497417 0.13411146 0.038007163 -0.05700878 -0.008690265 -0.03913567 0.0019994015 0.050522294 0.08837106 0.18181066 0.3351403 0.41173458 0.4607251 0.4176021 0.3471984 0.3301504 0.24433142 0.21247892 0.25148597 0.1331274 0.17789058 0.20365755 0.14548576 0.09335032 0.04305307 -0.009723932 -0.04071916 0.10451318 0.07588311 -0.033994876 -0.11265325 -0.054023366 0.10267325 0.20641582 0.20874058 0.12782556 0.13095343 0.11994652 0.110133514 -0.014230455 -0.12030516 -0.14077364 -0.1732414 -0.07285867 -0.109984
0.011708362 0.0048064613 -0.14649132 -0.11307448 0.04478298 0.12388754 0.20804185 0.21484615 0.16743281 0.25238818 0.36991578 0.29510546 0.19249858 0.15383263 0.10371126 0.02480191 -0.012773777 -0.005471405 -0.017666046 -0.01071472 0.0025973439 0.08236978 0.18379131 0.2560665 0.3598757 0.36436075 0.3654052 0.347371 0.33240664 0.33590457 0.33203787 0.2767865 0.15783027 0.09975102 0.14665435 0.1755878 0.17824475 0.17699271 0.10758078 0.017626612 0.059410952 0.103805676 0.041058592 -0.0067255283 0.057263426 0.1469015 0.17535149 0.05120088 0.0313241 0.021472897 -0.020574508 -0.09651317 -0.17722481 -0.18644802 -0.17431319 -0.07483839 -0.09734806 -0.19288094
-0.02762905 0.020979544 -0.08468234 -0.050770693 0.018820826 0.07119861 0.14476573 0.21965474 0.3281153 0.3765989 0.3084574 0.1697007 0.14234827 0.09966811 0.06387217 -0.013203404 -0.0154366335 -0.018329442 -0.005310284 -0.01573532 -0.0049581616 0.08723785 0.17809647 0.22697702 0.25706443 0.30042088 0.33127862 0.32066822 0.28504202 0.29314452 0.27465695 0.24417669 0.20757692 0.1659742 0.22651424 0.34868783 0.39467987 0.37622184 0.26873586 0.15539786 0.043784376 0.026531894 0.037579656 0.06403779 0.09171925 0.11883725 0.08979912 -0.0055268942 -0.057193138 -0.107958905 -0.17606086 -0.22295685 -0.18962659 -0.15334965 -0.12599006 -0.03180962 -0.086933486 -0.16638213
-0.0103630815 0.052879896 0.009055521 -0.010675599 0.02179704 0.066536404 0.12693788 0.18938701 0.2935397 0.23824106 0.1355785 0.05254777 0.0331136 0.037082154 0.056696497 0.0020877493 -0.048825447 -0.048835114 -0.025283713 -0.03173788 -0.0009540152 0.039020594 0.08981021 0.17524397 0.24068229 0.32586905 0.34334937 0.32275346 0.28573012 0.3303208 0.379603 0.40278274 0.46454585 0.521526 0.52708894 0.5151342 0.47643209 0.47462565 0.40345743 0.30546603 0.11577889 0.022211181 0.037379283 0.050988544 0.11862411 0.105676234 0.011030405 -0.064125106 -0.12581262 -0.18532313 -0.21105872 -0.19722721 -0.124343336 -0.03339835 -0.026934003 -0.0044703213 -0.002210363 -0.034296874
-0.030832706 -0.047980875 -0.03846169 0.031125499 0.0072540673 0.080236055 0.14421725 0.21466157 0.18818282 0.09468219 0.023396198 0.02954185 0.010045899 0.0767804 0.10678544 0.05482453 -0.051236607 -0.08129301 -0.054124255 -0.034078784 -0.023009326 0.0282304 0.14618228 0.28934273 0.35763076 0.3942729 0.3948644 0.3252929 0.30425403 0.35665104 0.4251812 0.5190728 0.5383928 0.5098938 0.45309576 0.41859943 0.414088 0.42438075 0.38937452 0.3848336 0.2016277 0.067252435 0.097994484 0.16371328 0.15755816 0.09620216 -0.003270677 -0.08834163 -0.15810126 -0.22216363 -0.16866949 -0.061270934 0.038996648 0.09368576 0.21556528 0.091664106 0.18268806 0.2984154
-0.24234772 -0.17126583 -0.115833044 0.09565003 0.07029218 0.0958402 0.15173568 0.15345699 0.04218547 0.024227198 -0.021390274 0.06620059 0.09035627 0.03726215 0.08788164 0.036785644 -0.017152201 -0.03483473 0.017870579 0.045614235 0.10162713 0.1821426 0.34288582 0.43426245 0.4305915 0.3841555 0.35466456 0.31778285 0.34604147 0.38375923 0.45435858 0.5045887 0.47702405 0.45797756 0.45339262 0.42014647 0.38881904 0.39145914 0.39548865 0.38921496 0.30253205 0.13094689 0.079683095 0.11600019 0.14597943 0.08693567 -0.0038513301 -0.0750939 -0.14824992 -0.17394528 -0.15369846 -0.0632926 -0.018595662 0.075143516 0.19893354 0.33243534 0.30708003 0.3083147
-0.36342058 -0.15140934 0.060692526 0.18809927 0.13847686 0.15942773 0.17110191 0.06933861 -0.011437019 -0.053190134 -0.07504284 -0.014722024 0.018114785 -0.08325138 -0.030059556 -0.050789136 -0.00591401 0.056303892 0.050071713 0.052107032 0.17969726 0.38296327 0.4591954 0.46088254 0.4878574 0.475738 0.42695078 0.3880549 0.3404892 0.3769328 0.449164 0.53577197 0.49522403 0.42907354 0.3894043 0.29442936 0.27937844 0.32514954 0.34044597 0.36789098 0.35445234 0.2151177 0.094972536 0.09556238 0.07509625 0.05991487 0.005132936 -0.07759361 -0.1005346 -0.16222851 -0.24500737 -0.30991855 -0.2779417 -0.16110136 0.027360134 0.22224939 0.38164592 0.51419467
0.2644717 0.23382191 0.2189539 0.31308934 0.25934595 0.2898649 0.18600824 0.011894676 -0.020601105 -0.08110481 -0.10304957 -0.08653348 -0.13223223 -0.1941194 -0.21393788 -0.20160043 -0.037056975 0.057796013 0.05297914 0.08860359 0.31623957 0.49464703 0.6518269 0.72051144 0.7442905 0.69636947 0.6045836 0.43063325 0.36541313 0.42041203 0.474911 0.4124055 0.35906217 0.32938161 0.2910776 0.21483488 0.1896746 0.21656942 0.30531767 0.29688895 0.33744568 0.29841793 0.17382945 0.13596772 0.05795657 0.055653412 0.0028406475 -0.08232811 -0.11418565 -0.15380108 -0.2989412 -0.41160458 -0.27086592 -0.0852687 0.0177131 0.08440244 0.193664 0.35201728
0.49263248 0.48881844 0.44735217 0.29580456 0.33968678 0.31209102 0.13667083 0.0056023723 0.02137486 -0.07630279 -0.109515294 -0.18539014 -0.23274858 -0.30802724 -0.33864114 -0.2153212 -0.076960936 -0.066825554 0.013903113 0.26075476 0.4758112 0.5778154 0.6220971 0.6827154 0.7243038 0.70187443 0.59163976 0.4323259 0.35262585 0.38453016 0.37566385 0.3849302 0.32217285 0.30293342 0.2530773 0.20077622 0.1792994 0.21888009 0.22010168 0.23742862 0.22259225 0.24131928 0.22843985 0.1576318 0.048959173 0.058319777 0.034610037 -0.092535794 -0.1158806 -0.07677682 0.042651292 0.07855963 0.08974245 0.09138364 0.14929968 0.16645043 0.22708923 0.23898451
