static/data/seaWater_uo/2023/7/16/6.asc
ncols 137
nrows 93
xllcorner 108.0
yllcorner 17.0
cellsize 0.25
NODATA_value -32767
[rows 26 to 51 of 93, columns 58 to 115 of 137]
-0.05295993 -0.20800121 -0.32566324 -0.35613242 -0.23049083 -0.12395038 -0.04011528 0.012829712 0.013241535 -0.041295763 -0.089800164 -0.0804607 -0.010032032 0.07565752 0.09283961 0.18883276 -32767.0 -32767.0 -0.019706056 0.08427424 0.3429248 0.38489294 0.34436145 0.2604046 0.14803739 0.0554761 0.0011698799 -0.032834098 0.09664564 -0.014926808 -0.014676231 -32767.0 -32767.0 -32767.0 -32767.0 -32767.0 -32767.0 0.04367537 0.11647196 0.07276805 -32767.0 -32767.0 -32767.0 -32767.0 -32767.0 0.034278125 -32767.0 0.10361279 0.33314267 0.3665747 0.22960788 -0.028763128 -0.055961788 -32767.0 0.23556463 -0.117624424 -0.25598398 -0.2896843
-0.04466783 -0.09887263 -0.0976297 -0.14074738 -0.21353991 -0.1172888 -0.009159752 0.082029685 0.08040252 0.07079128 0.08753884 0.025757346 0.07943739 0.124600045 0.06941118 -32767.0 -32767.0 -0.09028823 0.10387327 0.25350034 0.08143046 0.06435354 0.02487011 0.07153266 -0.02565826 -0.068101734 -0.0031276406 0.056483567 -32767.0 -32767.0 -32767.0 -32767.0 -32767.0 -32767.0 -32767.0 -32767.0 -32767.0 -0.035504676 0.17254442 0.03758526 -32767.0 -32767.0 -32767.0 0.034290448 0.077470906 0.085497096 -0.07413177 0.28856894 0.23156078 0.09220068 0.07194154 -0.17155726 0.11523086 0.043900687 -0.111895256 -0.24440414 -0.25320026 -0.20719461
-0.38550898 -0.12614718 -0.17628707 -0.106782034 -0.14063263 -0.103326984 -0.06779336 -0.075429566 -0.014124812 0.004002797 -0.042611316 -0.0551738 -0.119191244 -0.15362509 -0.15589958 -0.011439162 0.0724 0.10436586 0.07549686 0.031461928 0.022915155 0.09300959 0.09819544 0.008782042 -0.088103764 -0.047660444 -32767.0 0.043848068 -0.04674391 -32767.0 -32767.0 0.05527916 -32767.0 -32767.0 -32767.0 -32767.0 -32767.0 -32767.0 0.20456745 0.0015279916 -32767.0 -32767.0 -0.036666714 0.01461798 0.119943224 0.014648913 0.03426457 -0.07817885 -0.00090094545 0.01506101 -0.1140723 -0.09667647 -0.12197194 -0.14338061 -0.09023497 -0.018933594 -0.007435915 -0.0062646936
-0.04694467 -0.14152157 -0.122292034 -0.05637757 -0.021031236 -0.075150475 -0.07241788 -0.10694316 -0.15849294 -0.14556926 -0.15704904 -0.20929469 -0.24968943 -0.33928102 -0.32419354 -0.21196207 -0.11264578 -0.038842764 0.07527839 0.12439647 0.030079529 -0.037391637 0.0104411915 -0.06818633 -0.07498112 -32767.0 -0.040552683 0.053365014 -0.007189185 0.051915932 0.22101827 -32767.0 0.043426193 -32767.0 -32767.0 -32767.0 -32767.0 -32767.0 0.122522146 0.3561947 0.31587115 0.18187396 -0.04663172 0.081698686 0.07999685 -0.09972852 -0.10562353 -0.10756609 -0.1027038 -0.015299606 -0.08782019 -0.24404557 -0.19162779 -0.11999308 -0.050835192 0.042509776 0.063650385 0.01851732
-0.22568956 -0.09842481 -0.088637 0.12686075 0.038501106 0.013793309 -0.071825884 -0.120442174 -0.21994653 -0.18548927 -0.20407856 -0.19284259 -0.17070085 -0.18908359 -0.29667804 -0.22694135 -0.079891525 -0.02848211 -0.05503497 -0.04791316 0.019339534 0.009889763 0.040851153 -0.007747628 0.09573495 0.29623088 0.3413441 0.25465393 0.15469815 -0.013092921 -0.086573385 0.020500826 0.07247293 -32767.0 -32767.0 -32767.0 -32767.0 0.086397015 0.08292946 -0.059724167 0.047629956 0.16856612 0.24731609 0.22496836 0.10950992 0.40745956 0.44896924 0.42199358 0.16280727 0.15688737 0.28606054 0.2643218 -0.076594055 -0.091108166 -0.120610334 -0.110935405 -0.037864603 -0.053208712
-0.22928414 -0.16609988 -0.042663928 -0.037899967 0.031726047 0.08884762 0.06604383 -0.028234981 -0.041979853 0.0017613398 -0.09182165 -0.107061304 -0.07656203 -0.088622406 -0.2319905 -0.15098722 -0.13496622 -0.1340649 -0.098354094 0.036901876 0.15950458 0.14747453 0.16474713 0.2249542 0.23350497 0.28368542 0.348239 0.26723918 0.24514714 0.15251763 0.07713823 0.088174835 0.08083118 -32767.0 -32767.0 -32767.0 -32767.0 0.02508175 -0.22222483 -0.40138564 -0.2823207 0.02122675 0.28121758 0.48227024 0.68935543 0.8752079 0.98039407 0.9165002 0.76737064 0.6508438 0.5443081 0.5149299 0.3681487 0.1591318 0.002579531 -0.11981801 -0.06629556 -0.08646312
0.01020287 -0.08284677 -0.107715905 -0.087774634 0.042159546 -0.012827128 0.15011191 0.21138625 0.130338 0.17810012 0.14944607 0.18836236 0.124217495 -0.03677612 -0.059707254 -0.039386086 -0.0055457396 0.0736925 0.083767965 0.15161721 0.15683019 0.16621806 0.1469006 0.080857016 0.04366004 0.09594326 0.18805255 0.21654758 0.12511992 0.04085727 0.12550893 -32767.0 -32767.0 -32767.0 -32767.0 -32767.0 0.026269345 -0.11473766 0.14707477 0.39427614 0.72875875 0.9681594 1.1157333 1.1766778 1.1809611 1.1790134 1.2229956 1.2574492 1.2244942 1.2100583 1.2010498 0.9078066 0.56801975 0.34322956 0.21949351 -0.03325162 -0.090550505 -0.07278532
-0.00944293 0.011544661 0.01504737 0.0049232924 -0.02585777 0.01225624 0.06792333 0.12059984 0.16074952 0.11656168 0.13492022 0.06681548 0.07055462 0.071593285 0.21175905 0.14532767 0.09760094 0.12180549 0.10127066 -0.017801272 -0.053563245 -0.029074635 -0.039122358 -0.0060811504 0.032702748 0.11622452 0.12902412 0.11446129 0.09402944 0.16492642 0.030859886 -32767.0 -32767.0 -32767.0 -32767.0 -32767.0 -0.049074043 0.21717827 0.6634605 0.68736017 0.64276755 0.70399463 0.85611725 0.9748877 1.0262982 0.99896216 0.94139004 0.9139085 0.86777234 0.8614694 0.89591527 1.0052407 0.8641721 0.46734226 0.28062537 0.0743894 -0.07200266 -0.04745062
0.14370726 0.13872765 0.18578872 0.09646034 0.030511372 -0.016501293 -0.0367352 -0.03422768 0.10954981 0.131889 0.018027872 0.12462888 0.06531267 -0.014841806 0.0630477 0.121775284 0.0739555 0.0572172 0.06726411 -0.0063164067 -0.07746512 -0.056891553 -0.014005134 0.03457447 0.092156686 0.08313017 0.12728918 0.14254141 0.114972316 0.10295614 0.026156861 0.06616428 -32767.0 0.070943296 -32767.0 -32767.0 0.25606045 0.74271107 0.5928578 0.56925595 0.5858965 0.7253631 0.73396856 0.72480196 0.6820623 0.57872194 0.52898335 0.52397346 0.58111787 0.6759717 0.73581463 0.7730073 0.79092383 0.58708316 0.3104528 0.17312841 -0.0207853 -0.00079210114
-0.003993565 -0.1304012 -0.09516138 0.002358455 0.056123495 0.011241916 -0.031573445 0.13176188 0.23426418 0.14261562 0.04205393 0.03987848 0.030594049 -0.013715896 0.017527442 0.0004996767 -0.004789389 0.008189575 -0.014817685 -0.06383568 -0.04476695 0.003506164 0.004738248 0.023376886 0.09791804 0.109606825 0.13805184 0.17423272 0.09350015 0.10848362 0.066778205 0.13363259 0.14200076 0.15754478 -32767.0 0.36848348 0.75684243 0.43292952 0.47202826 0.46524653 0.61759603 0.7029249 0.6110455 0.526205 0.35382974 0.3197561 0.3835958 0.41204596 0.4143256 0.55171555 0.61362547 0.6368059 0.6469781 0.5605394 0.30916205 0.19942439 0.028428355 0.030039877
-0.08823068 -0.051439453 -0.10255301 -0.056111872 0.002719276 0.0016470202 0.07185142 0.04167651 0.047709156 0.10968034 0.027380437 0.0523142 0.116253756 0.04064971 -0.010412871 -0.027423227 -0.047160905 0.0097822845 0.029953022 0.019276444 0.042864386 0.042141795 0.038853947 0.07497745 0.13740154 0.17624103 0.2201273 0.22021566 0.08581773 0.04093202 0.15725225 0.21429665 0.31060642 -32767.0 0.8818144 0.42675805 0.15586202 0.37262857 0.4827506 0.6431803 0.79752624 0.7823454 0.5624185 0.3573472 0.29043555 0.41601366 0.2546481 0.28638065 0.46885148 0.3281027 0.5146021 0.536816 0.54367614 0.51447237 0.28480458 0.24496894 0.07489898 0.028089298
0.15762573 0.17876086 0.1813702 0.22345833 0.23141406 0.27327457 0.044927467 -0.05130306 -0.0022499864 0.056895494 0.09441797 0.06850173 0.075944565 0.04048806 -0.011398325 0.037509095 0.0600268 0.061813567 0.057664376 0.06385148 0.06651703 0.08161895 0.14495759 0.2640318 0.38357988 0.41844273 0.41890818 0.32177395 0.17303611 0.06142606 0.14475657 0.2795036 0.39872912 0.4519652 0.25239187 0.065302074 0.25785166 0.33506873 0.43246314 0.6189077 0.5979402 0.53674346 0.44274226 0.2701975 0.29561666 0.24742416 0.30234185 0.4984762 0.5137865 0.48203585 0.32381797 0.4874092 0.5340821 0.57652056 0.33118266 0.27667156 0.15775964 0.13357998
-0.07581787 0.022540381 -0.12518816 0.1118468 0.24171235 0.33697462 0.23026597 0.12171923 0.07777865 0.12179429 0.060063504 -0.01117416 0.0060868817 0.030057665 0.061455168 0.07016884 0.14364599 0.14442433 0.05907915 0.07556354 0.13196048 0.19291216 0.38336027 0.5825475 0.75676745 0.8307564 0.74081695 0.55294126 0.32456595 0.2200707 0.108984314 -32767.0 0.16559859 0.12998842 -32767.0 0.19880687 0.31890726 0.40922996 0.49988663 0.49020112 0.33258396 0.26597777 0.3077931 0.20375045 0.16204074 0.18730341 0.31272915 0.4860634 0.56092465 0.47604886 0.32158548 0.37992483 0.48695594 0.60096806 0.5314577 0.36111647 0.26447454 0.18870696
-32767.0 0.10586764 0.14039701 0.110786915 0.08373008 0.17885278 0.31316894 0.17426075 0.14553091 0.16488247 0.21226637 0.1357109 0.004114083 -0.054343104 0.0076602115 -0.00021992304 0.080313236 0.1900698 0.19228941 0.21426198 0.20276998 0.31655505 0.5118893 0.7286497 0.8761841 0.94067264 0.96430844 0.890755 0.6418615 0.45482418 0.34372807 0.072079 -32767.0 0.14858435 0.24670318 0.38451418 0.45339653 0.49754453 0.5065 0.38885838 0.24839665 0.2353335 0.24363935 0.19832425 0.15031207 0.17321298 0.19464818 0.31732228 0.3946433 0.45466727 0.29120746 0.21265605 0.44137254 0.5384561 0.644492 0.50388026 0.45701915 0.4211273
-0.07061822 0.010716477 0.01918844 0.010956813 0.16359605 0.07998092 0.21369264 0.2925943 0.3387152 0.2996014 0.19583896 0.18498713 0.24350475 0.24055904 0.31375903 0.3783725 0.4210015 0.4517338 0.35040426 0.20358786 0.23353884 0.22300264 0.388276 0.60419786 0.71356595 0.7393098 0.80346817 0.84287876 0.8686039 0.70134556 0.50508267 0.42547372 -0.10055349 -0.110952966 0.16845088 0.45005736 0.49694785 0.59406215 0.5688372 0.33213374 0.17915477 0.18397103 0.19550946 0.21461664 0.15375516 0.10109915 0.042865865 0.082384884 0.13931994 0.25554693 0.45444143 0.45610029 0.44202206 0.5281189 0.5936439 0.6449742 0.73339975 0.80769664
-0.015948946 0.006052077 0.09667197 0.09157675 0.017396772 0.21629082 0.20733882 0.3686089 0.36231527 0.3751194 0.2769515 0.35464838 0.39626798 0.45122594 0.47938025 0.47447667 0.48865983 0.53306353 0.23110022 0.28909796 0.05519277 -0.00020082947 0.14321761 0.4231408 0.55197006 0.54206055 0.5662203 0.5821014 0.68303436 0.86258155 0.017556977 0.47835064 0.39615092 0.2476655 0.4480578 0.51520073 0.61324674 0.5975233 0.47174233 0.36026946 0.20941263 0.1630353 0.15121704 0.16458622 0.1392018 0.09007593 -0.00855614 0.004081263 -0.17731228 -0.05852374 0.25815585 0.48506948 0.4847891 0.45390138 0.53518796 0.6292035 0.75138044 0.8069699
0.032966807 0.019942358 0.08890928 0.0668978 0.2175745 0.20204681 0.27009916 0.15086095 0.11915147 0.2940205 0.3129475 0.2746232 0.35231027 0.46541286 0.42336315 0.35114428 0.3612321 0.4135524 0.32384807 0.38624713 0.071346454 -0.08111754 0.066968024 0.32789892 0.46027705 0.46505052 0.47997862 0.47146857 0.45228925 0.70875514 0.590721 0.22038732 0.37763062 0.49577227 0.6806687 0.7065747 0.6425293 0.5227998 0.42760342 0.38951293 0.25357962 0.22750911 0.2926986 0.32916185 0.21489781 0.08299553 0.028658433 -0.013175456 0.036206324 -0.12779185 -0.211225 0.06930851 0.2956074 0.36437652 0.4751184 0.63347024 0.7064559 0.69314134
-0.06780925 0.016682222 0.07994134 0.16829717 0.033490747 0.23405135 0.1539605 0.28348505 0.37495297 0.5242543 0.4372001 0.33061475 0.37403902 0.4560016 0.46010134 0.41328058 0.36220342 0.4133014 0.4479244 0.36381128 0.29958934 0.2524376 0.3766365 0.52917755 0.47071272 0.40512106 0.41250673 0.5130152 0.58457816 0.3358545 0.6283635 0.74303067 0.80907214 0.8464344 0.73643833 0.71233946 0.54420054 0.41186246 0.29378825 0.33688048 0.34096834 0.28842324 0.3159325 0.33609438 0.35430467 0.16864474 -0.097157195 -0.19453959 -0.017309368 0.029903417 0.044399615 -0.2487165 0.041755173 0.2896284 0.44158107 0.5449008 0.58210063 0.62629753
0.06692115 0.13677658 0.19645052 0.19428684 -0.009235804 -0.018524405 0.14185047 0.21185482 0.16056193 0.2424749 0.34888744 0.40899047 0.3831627 0.33387148 0.30931503 0.3717239 0.45532688 0.4984817 0.4973979 0.6058095 0.7475921 0.91264623 0.96227515 0.74786466 0.47055173 0.3214588 0.2985637 0.18193391 0.23744105 0.5858342 0.56505275 0.59386677 0.7015695 0.749112 0.632097 0.59711754 0.5948017 0.54600704 0.48363268 0.4604317 0.45897412 0.38825527 0.35765198 0.34535626 0.3122424 0.3818426 0.31435326 0.10858305 -0.038610812 0.05211582 0.074249044 0.11591333 0.05819561 0.10324477 0.26283786 0.38639855 0.46463865 0.2411494
0.11578219 0.16758738 0.205099 0.3687026 0.41427583 0.08351012 0.02881625 0.25730187 0.33689994 0.30938026 0.23613314 0.26236233 0.35399717 0.27831995 0.24868184 0.26165175 0.4242074 0.519904 0.67383236 0.97524214 1.2068943 1.0958209 0.78787845 0.48173097 0.29056796 0.1883209 0.13818687 0.20570153 0.12792592 0.17024724 0.32326573 0.4327918 0.41506138 0.31149817 0.54010046 0.66236264 0.68866724 0.6876411 0.6604034 0.63849634 0.60101295 0.51484334 0.42147413 0.3522502 0.3102537 0.29796144 0.35654497 0.3171681 0.18785568 0.09003764 0.13369386 0.17984444 0.1821038 0.14663333 0.14608559 0.14502072 0.14079331 0.06445403
0.28796762 0.47929293 0.5713778 0.63856375 0.5380984 0.63956195 0.40399185 0.2135132 0.23704916 0.264302 0.24515434 0.32025942 0.41632265 0.39428553 0.29663873 0.44479242 0.57464266 0.7403729 0.96890384 0.9170124 0.71830773 0.5322561 0.2765798 0.09229622 0.072339155 0.030163191 -0.10995459 -0.058463775 -0.023133377 -0.0014503718 -0.0022958661 0.07236667 0.14949818 0.50686496 0.6013043 0.6202464 0.62195396 0.5866195 0.5628711 0.54600465 0.54970264 0.4942921 0.42230782 0.34346676 0.27558157 0.25253856 0.19225857 0.21618605 0.17363003 0.15270026 0.17964311 0.148736 0.17994401 0.16975667 0.1280507 0.06356821 0.028984888 0.098328374
0.7374419 0.7342084 0.58192825 0.51196545 0.43040726 0.42078593 0.45992962 0.45073768 0.3540499 0.32327053 0.24595015 0.33086076 0.29347628 0.19790703 0.39215016 0.55472445 0.70838606 0.78549653 0.6605669 0.5011662 0.30796018 0.08413905 -0.045933396 -0.03375277 0.07529047 -0.10836557 -0.038083345 -32767.0 -0.11187342 -0.28122246 0.026899312 0.17654368 0.41047958 0.4890116 0.43522057 0.398101 0.44365 0.47778133 0.44537544 0.41573355 0.34449792 0.32480466 0.33279905 0.2850552 0.2014953 0.17114045 0.020565243 0.039162163 0.034120213 -0.02977346 -0.110994644 -0.15162748 -0.118368804 -0.12866654 -0.14463449 -0.09582995 0.081624255 0.033867452
0.6009727 0.5588533 0.47859168 0.37479874 0.28389493 0.24312775 0.33650395 0.3359461 0.29561383 0.27684388 0.24714826 0.29741725 0.23187275 0.18616596 0.29187486 0.37680513 0.5312364 0.4241341 0.3629194 0.2577895 0.15801118 -0.029113928 -0.010681237 0.09185694 0.14777683 0.040643357 -0.2538937 -0.30673575 -0.16200948 0.19122691 0.23353429 0.33202675 0.31497177 0.28143585 0.31641257 0.35242823 0.38029644 0.41039526 0.4111519 0.34345248 0.27558044 0.2466786 0.2148291 0.18511485 0.13329156 0.04268587 -0.11083714 -0.07985213 -0.16080782 -0.254729 -0.24986598 -0.21343274 -0.20630346 -0.18291634 -0.08225667 -0.051339373 0.04285385 -0.02420953
0.41301295 0.33294427 0.34015113 0.23932604 0.24678276 0.39576083 0.27980083 0.29702547 0.39915147 0.415692 0.32268938 0.258756 0.16057567 0.08344302 0.11537163 0.2917081 0.29761866 0.2763309 0.220984 0.23039405 0.12653157 0.042996343 0.049467236 0.02624463 -0.018301025 -0.0018038433 -32767.0 -0.05694312 0.059011906 0.14911187 0.20287864 0.15542111 0.15841565 0.19620858 0.21294005 0.19889678 0.21877627 0.20737296 0.17308035 0.19624588 0.10964239 0.16272241 0.08361003 0.026196456 0.056906905 -0.17627631 -0.16454954 -0.2239335 -0.26182118 -0.038550645 0.13611567 0.1724611 0.16679479 0.17020555 0.20029011 0.14188696 0.063245565 -0.029302748
0.1862326 0.10836115 0.2325686 0.41216367 0.40737838 0.29453552 0.3063887 0.3323848 0.3168124 0.27577344 0.25846645 0.19329803 0.23874313 0.3000332 0.41926107 0.35371912 0.3188373 0.24087094 0.18280523 0.06421286 -0.072442725 -0.09948479 -0.11446297 -0.14791703 -0.18397282 -0.07168018 -0.121238075 0.013155833 0.026563184 0.09747239 0.057588935 0.051894434 0.04031833 0.09135545 0.033501036 0.0123511525 -0.030261725 -0.07009023 -0.0057959557 -0.026025444 -0.017746905 -0.023817595 -0.10252196 -0.05538383 -0.17933957 -0.28457785 -0.28330714 -0.21960557 -0.0055924333 0.10778875 0.17149782 0.21893722 0.24205689 0.1688913 -0.0072390945 -0.0023892503 0.12127482 0.04119973
0.06921881 0.02006948 0.04207287 0.048070945 0.10367033 0.2307238 0.20773073 0.16821183 0.22595511 0.30883947 0.21252951 0.17693713 0.31385708 0.50316554 0.4565608 0.46683154 0.40907043 0.2877542 0.13130799 0.0032552392 -0.042218562 -0.0662933 -0.13502187 -0.15134117 -0.24828646 -0.17082544 0.011495613 -0.057825565 0.029689226 0.007877514 -0.017365804 -0.042647246 -0.040421125 -0.030789198 -0.09388229 -0.12331641 -0.19662945 -0.24138787 -0.31151217 -0.288065 -0.2121398 -0.24508697 -0.2514033 -0.28923613 -0.40458944 -0.35224628 -0.22239949 -0.0973056 -0.0058751013 0.026594713 0.094167486 0.14351729 0.13788593 0.092028804 -0.014600357 -0.05439457 0.04619593 -0.04984257
