static/data/seaWind_vo/2023/7/28/0.asc
ncols 137
nrows 93
xllcorner 108.0
yllcorner 17.0
cellsize 0.25
NODATA_value -32767
[rows 19 to 37 of 93, columns 43 to 85 of 137]
0.49934892123395236 0.6061090519392125 1.3712233219935768 2.8338371126556408 4.227056818359285 5.0562271668368055 5.34714852300864 5.7501680164209965 6.1104834575512506 6.423646507620013 6.943212477052279 7.26616187243569 7.385377351723232 7.415626055423056 7.405839710108406 7.539289873489981 7.70298874057138 7.8569012623381305 7.788396845135589 7.554414225339894 7.099794002086661 6.3444660773469455 5.7955410719707325 5.653194231030385 5.6407388824481055 5.444122308399251 5.444122308399251 5.373838555684955 5.183449655927241 4.804451191923567 3.9743911756901698 3.126537804339229 2.2946984525940772 1.5598328862395365 1.22264880676209 0.9868868514546405 0.7066415083533326 0.40682347462272705 0.3890301195051835 0.48066589836053186 0.5580669931218456 0.6265714103243873 1.106102330742181
0.8667817044112227 1.0233632294456043 2.0535984907513645 3.275112319570716 4.243070837965075 4.578475581930767 5.064234176639701 5.707463964138893 6.272402989120895 6.5891247102131665 6.994813206893156 7.165629416021572 7.122035695983589 6.952109154611051 7.02773091386061 7.240361507515253 7.537510537978227 7.927185015052427 8.012593119616636 7.702099072815503 7.190540113186131 6.66652580497448 6.320445047938262 6.0597723954662515 5.799989410750118 5.382735233243727 5.299106464191273 5.200353343288907 5.030426801916368 4.743064116768043 4.043785260648589 3.195042221541771 2.4085759253463546 1.9397210179990871 1.3578783056554193 0.7093105116209639 0.11768145396264762 -0.15633621484752025 0.05629437880712285 0.3231947055702733 0.5456116445395651 0.6888481532357891 0.995783529013412
1.3151742533733153 1.2840358819176145 1.886340952646457 2.599854492859946 3.4041141441729055 4.121186355409902 4.864058931567338 5.533089083986968 6.098917776724846 6.404963484746592 6.543751654663431 6.502826937893081 6.404073816990715 6.232367940106422 6.225250598059405 6.370266442267383 6.5544276677339575 6.822217662252985 7.022392907325347 6.952109154611051 6.630049426983517 6.540192983639923 6.370266442267383 6.023296017475287 5.509068054578284 4.928115009990494 4.785768169050147 4.8124582017264625 4.780430162514884 4.733277771453395 4.192359775880076 3.2955746779558908 2.3427405114114443 1.674600026747691 0.7929392806734179 0.028714678374930802 -0.4855132845220722 -0.46238192286926605 -0.4597129196016345 -0.2515306647263773 -0.060252097212786015 0.07141873065703486 0.27960098553229207
1.3845683383317344 1.5349221890749758 1.642571987536113 2.1754829733065364 2.7101732945887145 3.6825801517624592 4.664773354250852 5.490385031704864 6.054434388930988 6.152297842077477 6.19856056538309 6.156746180856863 6.02863402401055 5.848921137323362 5.906749541455378 6.000164655822481 6.165642858415634 6.045537711372217 6.42453617537589 6.4387708594699244 6.4147498300612416 6.272402989120895 6.09802810896897 5.724367651500559 5.204801682068293 4.646090331377431 4.1478763880862175 4.152324726865603 4.264422864106127 4.404100701778843 4.035778250845695 3.0687094002072133 2.0375844711455757 1.0278115682249902 0.3899197872610607 -0.3307110949994452 -0.711488894514873 -0.7657586276233803 -0.9605958661604799 -0.9499198530899542 -0.7746553051821521 -0.4926306265690896 -0.3485044501169887
1.4584107620695392 1.6932830496211118 1.8178365354439152 2.0073357674457517 2.4664043294783706 3.127427472095106 4.173676753006656 5.57668280402495 6.137173490227565 6.236816278885808 6.180767210265547 6.118490467354144 5.8747215022438 5.676325592683192 5.7448300098857334 6.032192695034059 6.162084187392126 6.114042128574759 6.275961660144404 6.144290832274582 5.832017449961697 5.792872068703101 5.792872068703101 5.605152172213019 5.059785837860314 4.518867842286997 4.025991905531046 3.792898953491228 3.800905963294122 3.9565978205726267 3.795567956758859 3.0704887357189676 2.4174726029051263 1.8302918840261955 1.2537871782177907 0.698634498550438 0.17462019033878606 -0.4161191995636533 -0.8894224456903066 -1.0584593193069685 -0.9161124783666215 -0.6821298585709266 -0.48373394901031785
1.5660605605306768 1.8525335779231247 1.9788663992576825 2.0900748687423283 2.372989215111268 2.638999874118541 3.5936133761747424 5.0508891603015424 6.298203354041332 6.393397803920189 6.1345044869599334 6.117600799598268 5.848031469567486 5.694118947800735 5.7955410719707325 6.053544721175111 6.162973855148003 6.216353920500633 5.89696319614073 5.622945527330562 5.248395402106274 5.35960387159092 5.487716028437232 5.5909174881189845 5.18700832695075 4.695911725706553 4.318692597214634 3.9895155275400818 3.60073071822176 3.2181735831945772 3.1639038500860703 3.4984189262958854 3.3098093620499256 3.2181735831945772 2.728856317462135 2.0882955332305744 1.4913284690369946 0.730662537762016 0.1514888286859799 -0.2283993030735707 -0.21327495122365914 -0.2693240198439204 -0.17857790874444968
1.7671254733589166 1.996659754375226 1.9584040408725076 2.0696125103571537 2.050929487483733 2.140785930827327 3.0171086703663375 4.824023882552865 6.0748967473161635 6.452115875808083 6.068669073025023 6.048206714639848 5.665649579612666 5.512626725601793 5.709243299650647 5.816003430355908 5.919204890037658 5.8747215022438 5.5259717419399506 5.264409421712063 5.095372548095401 5.2065810175800475 5.372948887929078 5.5606687844191605 5.35960387159092 5.195905004509521 4.817796208261726 4.295561235561827 3.6060687247570224 2.907679536393446 2.1639172924801335 2.4993220364458257 3.546460985113252 4.255526186547355 3.7635399175472815 3.307140358782294 2.7208493076592406 2.1176545691745208 1.4495140845107677 1.0598396074365681 0.6906274887475434 0.5616256641453541 0.3409880606878166
1.9931010833517173 1.9379416824873328 1.8400782293408444 1.674600026747691 1.6060956095451493 1.6229992969068154 2.187938321888817 4.009977885925257 5.80265841401775 6.410301491281855 6.136283822471688 5.783085723388452 5.384514568755481 5.100710554630664 5.316899819308816 5.372059220173201 5.313341148285307 5.267078424979695 5.373838555684955 5.340031180961622 5.219926033918205 5.31867915482057 5.454798321469777 5.627393866109948 5.580241475048458 5.457467324737409 5.195015336753644 4.6870150481477815 3.8667413772290327 2.897893191078797 2.028687793586804 1.5811849123805886 2.751098011359064 4.223498147335777 4.3578379784732295 3.9023280874641193 3.630979421921583 3.284008997129488 2.6398895418744184 2.109647559371626 1.736876769659093 1.218200467982704 0.7013035018180696
2.2164076900768865 1.7386561051708473 1.7199730822974266 1.514459830689801 1.3605473089230509 1.414817042031558 1.6772690300153226 2.542915756483807 4.2679815351296355 6.094469437945461 6.0748967473161635 5.5508824391045115 5.167435636321452 4.925446006722862 4.854272586252689 4.922777003455231 4.837368898891023 4.993950423925405 5.1861186591948725 5.474371012099075 5.697677618824244 5.787534062167838 5.788423729923715 5.839134792008714 5.725257319256436 5.590027820363106 5.330244835646974 4.903204312825933 4.220829144068146 3.4850739099577277 2.7573256856502044 2.2395390517296927 2.4495006421167043 3.953039149549118 4.416556050361122 4.443246083037438 4.213711802021129 4.240401834697443 3.7199461975093 3.090061426348265 2.348968185702584 1.6950623851328661 1.1149990083009527
1.6665930169447967 1.4681971073841882 1.5438188666337473 1.4290517261255928 1.2591251847530538 1.7012900594240061 1.9406106857549643 2.367651208576005 3.557136998183778 5.461915663516795 5.490385031704864 5.084696535024875 4.790216507829533 4.626517640748133 4.310685587411739 4.504633158192962 4.759078136373832 5.074910189710227 5.472591676587321 5.7902030654354695 6.006392330113622 5.91564621901415 5.847141801811608 5.955681268028623 6.029523691766428 5.872052498976169 5.57935180729258 5.108717564433559 4.4770534577607695 3.8747483870319273 3.3996658053935196 3.2101665733916827 3.3106990298058028 4.259084857570864 4.754629797594446 4.884521289952513 4.762636807397341 4.788437172317779 4.333816949064546 3.626531083142197 2.8000297379323085 2.0358051356338214 1.615881954859798
1.0340392425161302 1.0580602719248138 1.3116155823498066 1.4708661106518197 1.5678398960424311 1.8694372652847908 2.0224601192956637 2.256442739091359 3.1283171398509833 4.622958969724625 5.174552978368469 4.8667279348349695 4.453922096107963 4.264422864106127 4.525095516578137 4.849824247473303 4.939680690816897 5.267078424979695 5.930770570864063 6.574890026119132 6.59713172001606 6.2546096340033515 5.973474623146166 6.070448408536778 6.177208539242038 6.143401164518705 5.96902628436678 5.622945527330562 5.118503909748208 4.475274122249015 4.1879114371006905 4.265312531862004 4.616731295433485 4.984164078610755 5.175442646124347 5.15853895876268 5.0268681308928596 5.0268681308928596 4.593599933780679 3.9138937682905226 3.1256481365833517 2.401458583299337 2.0527088229954873
0.5536186543424597 0.8267466553967502 1.0402669168072705 1.2511181749501592 1.4904388012811174 1.717304079029795 1.948617695557859 2.0847368622070657 2.5838404732541567 3.142551823945018 4.364955320520247 5.007295440263562 5.223484704941713 5.095372548095401 5.302665135214782 5.572234465245563 5.606931507724773 5.8800595087790635 6.53485497710466 7.217230145862446 7.117587357204204 6.728802547885882 6.367597438999752 6.398735810455452 6.2893066764825605 6.341797074079313 6.292865347506069 6.230588604594668 6.05087571790748 5.803548081773627 5.573124133001441 5.443232640643374 5.162987297542067 4.9565843781785635 5.053558163569175 5.023309459869351 4.958363713690318 4.990391752901896 4.598048272560065 4.017984895728151 3.4895222487371136 2.9975359797370396 2.717290636635732
0.3303120476172905 0.7030828373298239 0.8116223035468384 0.9432931314166593 1.1772757512123544 1.3525402991201565 1.6105439483245352 1.753780457020759 1.807160522373389 2.1425652663390813 3.1123031202451945 4.830251556844006 5.29999613194715 5.29376845765601 4.796444182120673 5.218146698406451 6.052655053419234 6.485033582775538 6.834673010835264 7.1033526731101695 6.977909519531488 6.8337833430793875 6.614925075133604 6.574000358363254 6.2296989368387905 6.272402989120895 6.412970494549487 6.454784879075714 6.330231393252911 6.034861698301691 5.768851039294418 5.438784301863988 5.170104639589084 5.106048561165927 5.227043375965222 5.178111649391978 4.96992939451672 4.847155244205672 4.517088506775242 4.043785260648589 3.5393436430662346 3.2190632509504544 2.9272522270227435
0.24846261407659087 0.4833349016281634 0.5936537033569322 0.7173175214238585 0.8596643623642053 0.990445522478149 1.212862461447441 1.4699764428959425 1.5402601956102386 1.8027121835940032 2.250215064800219 3.661228125621407 4.777761159247253 4.925446006722862 4.408549040558228 5.255512744153291 6.1398424934951965 6.869370053314475 7.189650445430255 7.27594821775034 7.001930548940171 6.86759071780272 6.718126534815356 6.526847967301764 6.3489144161263305 6.4992682668695725 6.614925075133604 6.218133256012387 5.8106654238206445 5.606041839968896 5.668318582880298 5.405866594896533 5.243947063326889 5.202132678800662 5.270637096003203 5.149642281203908 4.937901355305143 4.793775178853041 4.564240897836733 4.070475293324904 3.547350652869129 3.195042221541771 2.8738721616701133
0.12124012498615588 0.274262978997029 0.35789174804948276 0.44418952036956805 0.5883156968216692 0.7760355933117515 0.9237204407873614 1.1870620965270031 1.5509362086807648 1.8525335779231247 2.1763726410624136 3.0927304296158966 4.211042798753496 5.225264040453467 4.768864481688481 5.537537422766354 6.242154285421071 6.973461180752103 7.3133142634971815 7.443205755855248 7.145167057636396 7.025951578348856 6.877377063117368 6.440550194981679 6.4085221557701 6.538413648128168 6.376494116558524 5.96902628436678 5.291989122144256 5.140745603645136 5.2065810175800475 5.170104639589084 4.960143049202072 4.928115009990494 5.028647466404614 4.9067629838494415 4.89786630629067 4.845375908693917 4.663883686494975 4.21015313099762 3.6852491550300908 3.1505588337479127 2.74931867584731
-0.09050080091261004 0.05006670451598261 0.09810876333334972 0.1852962034093122 0.7377798798090334 1.0189148906662184 1.0891986433805148 1.1852827610152488 1.5500465409248876 2.0206807837839094 2.448610974360827 3.355182417599661 4.904093980581811 5.926322232084676 5.383624900999604 5.763513032759155 6.432543185178785 6.788410287529652 7.126484034762976 7.331997286370601 6.982357858310875 6.862252711267457 6.573110690607377 6.1051454510159875 6.039310037081076 6.078455418339672 5.91564621901415 6.041979040348708 5.495723038240127 5.267968092735572 5.114945238724699 5.078468860733736 4.686125380391904 4.5375508651604175 4.655876676692081 4.7021393999976935 4.703029067753571 4.800892520900058 4.725270761650499 4.273319541664899 3.8222579894351743 3.2564292966972954 2.7760087085236247
-0.2666550165762893 -0.1020664817390129 -0.025555054733576554 0.30540135045272976 0.9708728318488513 1.3792303317964714 1.5260255115162042 1.5829642478923427 1.5909712576952373 2.0954128752775913 2.5313500756574037 3.5633646724749184 5.1265109195511025 6.123828473889407 5.527751077451705 5.789313397679592 6.1950018943595815 6.552648332222203 6.5989110555278145 6.836452346347018 6.462791888878609 6.2296989368387905 5.912087547990641 5.437004966352234 5.264409421712063 5.302665135214782 5.768851039294418 6.095359105701338 6.162084187392126 5.893404525117221 5.703015625359507 5.489495363948986 5.08024819624549 4.6870150481477815 4.547337210475066 4.595379269292433 4.502853822681208 4.607834617874714 4.5722479076396265 4.340934291111563 3.896100413172979 3.4539355385020265 2.9797426246194965
-0.2853380394497096 0.0038039812103698445 0.20308955852685573 0.46643121426649725 0.6585994495359655 1.0402669168072705 1.589191922183483 1.7733531476500568 1.7146350757621636 1.933493343707947 2.3872238992053028 3.472618561375447 4.751071126570937 5.682553266974333 5.064234176639701 5.502840380287145 5.799989410750118 5.80888608830889 5.703015625359507 5.992157646019587 6.01617867542827 5.758175026223892 5.504619715798899 4.961032716957949 4.759078136373832 4.955694710422686 5.475260679854952 6.070448408536778 6.517061621987116 6.50638560891659 6.426315510887644 6.194112226603703 5.887176850826081 5.3462588552527635 5.075799857466103 4.723491426138745 4.540219868428048 4.4476944218168235 4.356948310717352 4.163890407692007 4.00908821816938 3.688807826053599 3.3035816877587854
-0.29156571374084983 -0.05491409067752295 0.19063420994457525 0.2377866010060652 0.24846261407659087 0.37657477092290326 0.7093105116209639 1.1995174451092836 1.83829889382909 2.3596441987731103 2.857858142064324 4.125634694189289 5.103379557898296 5.289320118876624 4.582923920710153 5.07046185093084 5.289320118876624 5.275085434782589 5.195015336753644 5.233271050256363 5.582020810560213 5.865824824685029 5.852479808346871 5.454798321469777 5.147862945692154 5.342700184229255 5.69589828331249 6.1994502331389665 6.629159759227639 6.777734274459126 6.6789811535567605 6.538413648128168 6.368487106755628 6.013509672160639 5.594476159142493 5.104269225654173 4.648759334645064 4.380079672370158 4.360506981740861 4.412107711581736 4.374741665834895 4.173676753006656 3.72617387180044
