static/data/seaWind_vo/2023/7/28/12.asc
ncols 137
nrows 93
xllcorner 108.0
yllcorner 17.0
cellsize 0.25
NODATA_value -32767
[rows 0 to 18 of 93, columns 86 to 128 of 137]
7.663843359312786 7.810638539032517 7.8853706305262 7.704768076083134 7.479682133846211 7.236802836491744 6.957447161146314 6.705671186233076 6.451226208052205 6.184325881289055 5.848921137323362 5.581131142804335 5.324017161355833 5.032206137428123 4.767974813932604 4.514419503507611 4.303568245364723 4.137200375015691 4.011757221437011 3.906776426243505 3.846279018843858 3.8711897160084185 3.9681635013990295 4.060688948010255 4.170118081983147 4.303568245364723 4.383638343393667 4.449473757328578 4.502853822681208 4.462818773666735 4.337375620088054 4.186132101588936 4.0331092475780626 3.8711897160084185 3.671014470936056 3.4032244764170283 3.0980684361511597 2.877430832693622 2.6906006039594166 2.495763365422317 2.2475460615325873 1.9041343077640005 1.260014852508931
6.916522444375964 6.95566782563456 6.880935734140877 6.751933909538687 6.606028397574832 6.440550194981679 6.275961660144404 6.093579770189583 5.882728512046695 5.585579481583721 5.336472509938114 5.085586202780753 4.781319830270761 4.558013223545592 4.324920271505774 4.096275658245342 3.900548751952365 3.766208920814913 3.703042510147634 3.693256164832985 3.711939187706405 3.7644295853031586 3.8614033706937696 4.026881573286923 4.164780075447884 4.2928922322941965 4.364955320520247 4.324920271505774 4.240401834697443 4.111400010095254 3.9663841658872756 3.8026852988058764 3.614965402315794 3.4423698576756236 3.2395256093356295 2.958390598478444 2.542915756483807 2.3285058273174095 2.1025302173246088 1.875664939575931 1.6247786324185696 1.2466698361707733 0.8756783819699945
5.85603847937038 5.902301202675993 5.901411534920116 5.834686453229327 5.751057684176875 5.6549735665421395 5.482378021901969 5.305334138482413 5.121172913015839 4.861389928299706 4.6371936538186596 4.421894056896385 4.2074841277299875 4.059799280254378 3.8925417421494704 3.7199461975093 3.72617387180044 3.6959251681006164 3.687918158297722 3.7146081909740367 3.77955393715307 3.840051344552718 3.872969051520173 4.020653898995783 4.084709977418939 4.104282668048237 4.077592635371921 3.9939638663194676 3.8969900809288562 3.8098026408528938 3.661228125621407 3.476177232398956 3.2537602934296643 2.9913083054458998 2.7048352880534514 2.405906922078723 2.1301099177568013 1.870326933040668 1.5660605605306768 1.2333248198326159 0.8160706423262241 0.3925887905286922 0.0020246456986154904
5.134517929353997 5.309782477261798 5.379176562220218 5.308003141750044 5.19946367553303 5.155869955495049 4.96726039124909 4.787547504561902 4.636303986062783 4.43612874099042 4.239512166941566 4.090047983954202 3.9610461593520125 3.8498376898673667 3.7804436049089474 3.6950355003447393 3.7012631746358795 3.7128288554622824 3.7226152007769313 3.7724365951060532 3.825816660458683 3.879196725811313 3.920121442581663 3.87385871927605 3.841830680064472 3.689697493809476 3.5802683598365848 3.5028672650752712 3.4245765025580805 3.3578514208672927 3.2946850102000136 3.2252909252415947 3.0740474067424763 2.7261873141945037 2.283132771767674 1.9076929787875092 1.5802952446247114 1.367664650970068 1.12834402463911 0.9272791118108701 0.5411633057601792 0.3445467317113251 0.4059338068668499
4.959253381446195 5.1709943073449605 5.155869955495049 5.1016002223865415 4.997509094948914 4.880962618929004 4.705698071021202 4.544668207207435 4.400542030755334 4.24129150245332 4.129193365212798 4.001081208366485 3.87385871927605 3.8231476571910514 3.76709858857079 3.831154666993946 3.806243969829385 3.816030315144034 3.824926992702806 3.850727357623244 3.847168686599735 3.736849884870966 3.655890119086144 3.4779565679107103 3.312478365317557 3.1861455439829993 3.0793854132777394 3.06337139367195 3.0073223250516885 3.0598127226484415 3.062481725916073 2.9646182727695845 2.674586584353628 2.2697877554295163 1.8667682620171595 1.5082321563986607 1.1568133928271795 0.9424034636607821 0.8134016390585928 0.6701651303623686 0.49312124694281234 0.43262383954316475 0.47087955304588314
5.146973277936278 5.360493539346797 5.29376845765601 5.183449655927241 5.074020521954349 4.84448624093804 4.743064116768043 4.5820342529542755 4.412997379337614 4.345382629890949 4.234174160406303 4.14698672033034 4.037557586357449 3.976170511201924 3.8996590841964878 3.900548751952365 3.8765277225436816 3.792898953491228 3.771546927350176 3.7137185232181595 3.5526886594043923 3.4361421833844834 3.174579863156596 2.9370385723373924 2.7742293730118703 2.727966649706258 2.664800239038979 2.670138245574242 2.7101732945887145 2.7110629623445917 2.6683589100624876 2.444162635581441 2.1372272598038182 1.7235317533209353 1.292042891720509 0.9228307730314842 0.5900950323334235 0.37212643214351737 0.24312460754132825 0.28760799533518666 0.5553979898542141 0.49223157918693516 0.15682683522124297
5.319568822576448 5.63629054366872 5.530420080719336 5.41921161123469 5.3311345034028506 5.107827896677682 4.999288430460668 4.820465211529356 4.633634982795151 4.584703256221907 4.445915086305069 4.353389639693844 4.2226084795799 4.079371970883676 4.002860543878239 3.8622930384496468 3.7857816114442104 3.7021528423917567 3.534005636530972 3.4094521507081685 3.2252909252415947 2.8845481747406394 2.596295821836437 2.4076862575904774 2.410355260858109 2.3756582183788995 2.372989215111268 2.399679247787583 2.4406039645579325 2.3658718730642505 2.114095898151012 1.8898996236699657 1.244000832903142 0.7422282185884193 0.32764304434965896 0.19775155199159267 -0.07893512008620673 -0.37608415054918076 -0.4730579359397922 -0.37341514728154923 0.10433643762448996 0.3739057676552717 0.03672168817782495
5.444122308399251 5.819562101379416 5.842693463032223 5.753726687444505 5.6798842637067 5.515295728869425 5.376507558952587 5.207470685335925 4.985943414122509 4.91032165487295 4.714594748579973 4.533102526381032 4.348051633158581 4.1407590460392 3.904997090731751 3.72617387180044 3.6069583925128996 3.3845414535436076 3.179917869691859 2.957500930722567 2.5882888120335426 2.2911397815705685 2.1425652663390813 2.0971922107893457 2.0624951683101362 2.0900748687423283 2.0963025430334685 2.081178191183557 2.081178191183557 1.9628523796518935 1.6105439483245352 0.915713430984467 0.12212979274203306 -0.509534313930756 -0.6750125165239091 -0.6154047768801387 -0.8120213509289931 -1.2488482190646826 -1.1919094826885437 -0.4757269392074237 0.09988809884510408 0.21732424262089012 0.41038214564623554
4.69680139346243 5.912087547990641 6.209236578453615 6.102476447748355 5.951232929249237 5.832907117717573 5.6861119379978415 5.487716028437232 5.307113473994168 5.041992482742772 4.815127204994093 4.634524650551029 4.331147945796914 4.0233229022634145 3.731511878335703 3.470839225863693 3.221732254218086 2.920134884975726 2.6825935941565224 2.2964777881058316 2.056267494018996 1.8685475975289136 1.8480852391437388 1.8231745419791783 1.8080501901292663 1.7181937467856723 1.6407926520243588 1.59008158993936 1.4815421237223458 1.3329676084908586 0.8819060562611345 0.05273570778361414 -0.8547254032110971 -1.5575629303540595 -1.7693038562528254 -1.532652233189499 -1.1554331046975799 -1.2675312419381028 -0.9552578596252168 -0.11985983685655643 0.3338707186407992 0.44418952036956805 0.8134016390585928
4.5677995688602415 5.986819639484324 6.551758664466325 6.296424018529578 6.144290832274582 5.974364290902043 5.83735545649696 5.599814165677756 5.313341148285307 5.022419792113474 4.7021393999976935 4.434349405478666 4.114958681118763 3.7813332726648246 3.50642593609878 3.1443311594567724 2.7635533599413447 2.4406039645579325 2.141675598583204 1.807160522373389 1.621219961395061 1.5224668404926955 1.4744247816753284 1.4219343840785754 1.3178432566409468 1.202186448376915 1.017135555154464 0.8543263558289425 0.6915171565034206 0.5135836053279872 -0.00687203186015628 -0.7630896243557488 -1.4250024347283614 -2.12606062635957 -2.262179793008776 -1.5442179140159022 -0.9534785241134625 -0.5086446461748788 0.17639952585054042 0.4148304844256214 0.7119795148885955 0.9415137959049049 0.5260389539102674
4.792885511097165 6.260837308294491 6.735030222177022 6.478805908484398 6.182546545777301 5.926322232084676 5.726146987012314 5.417432275722936 5.106938228921805 4.789326840073656 4.501074487169453 4.116738016630517 3.7635399175472815 3.4352525156286062 3.1354344818980007 2.7012766170299427 2.2911397815705685 1.9059136432757549 1.5384808600984845 1.3560989701436652 1.2253178100297213 1.1212266825920927 0.9619761542900798 0.9664244930694654 0.8142913068144699 0.534045963713162 0.18707553892106654 -0.27110335535567476 -0.5433416886540883 -0.6652261712092602 -0.5815974021568064 -1.0059689217102155 -1.4080987473666955 -1.4178850926813444 -1.0246519445836362 -0.292455381496727 0.16394417726825994 0.5313769604455305 0.6719444658741229 0.6479234364654394 0.8249673198849958 0.7182071891797357 -0.08160412335383826
4.759967804129709 6.292865347506069 6.703891850721321 6.412970494549487 6.002833659090113 5.619386856307053 5.35337619729978 5.074910189710227 4.707477406532956 4.307126916388231 3.953039149549118 3.5446816496014977 3.220842586462209 2.924583223755112 2.612309841442226 2.2573324068472362 1.8471955713878616 1.4441760779755046 1.0998746564510407 0.8676713721670999 0.6203437360332473 0.4246168297402704 0.3240843733261505 0.1959722164798383 -0.07448678130682085 -0.4187882028312848 -0.726613246364785 -1.168778121035737 -1.2817659260321377 -1.178564466350386 -0.8849741069109207 -0.8787464326197805 -0.5210999947571593 0.13547480908019072 0.7351108765414018 0.7698079190206115 0.7555732349265767 0.783152935358769 0.7653595802412256 0.8667817044112227 0.7822632676028918 0.4281755007637791 -0.22128196102655373
3.652331448062635 5.388962907534867 6.203008904162475 6.052655053419234 5.7208089804770506 5.348038190764518 4.935232352037511 4.558013223545592 4.153214394621481 3.7599812465237727 3.396107134370011 2.992197973201777 2.6532345582125756 2.2973674558617088 1.8881202881582113 1.4984458110840118 1.038487581295516 0.6239024070567558 0.39080945501693787 0.08120507597168336 -0.1332048531947141 -0.24886166145874578 -0.29779338803199007 -0.5166516559777734 -0.7977866668349582 -1.1420880883594222 -1.6589850545240568 -1.7488414978676503 -1.4890585131515177 -0.8671807517933776 -0.55223836621286 -0.33871810480233977 0.12390912825378742 0.7448972218560508 1.504673485375152 0.9361757893696419 0.9628658220459569 0.9664244930694654 0.6221230715450017 0.3925887905286922 0.07764640494817465 -0.2524203324822545 -0.314697075393656
3.1977112248094026 4.59004126275717 5.5651171231985455 5.521523403160565 5.299106464191273 4.9218873356993535 4.420114721384631 3.959266823840258 3.523329623460446 3.056254051624933 2.674586584353628 2.284022439523551 1.953955702093122 1.6016472707657634 1.154144389559548 0.8578850268524512 0.43974118159018216 0.1203504572302787 -0.1171908335889249 -0.3832014925961982 -0.45793358408988016 -0.5246586657806676 -0.7897796570320637 -1.109170381391967 -1.4143264216578357 -1.7808695370792287 -2.1892270370268485 -1.6518677124770393 -0.5442313564099654 0.21643457486501294 0.39080945501693787 0.5064662632809698 0.7297728700061388 0.45842420446360266 0.4877832404075493 0.1559371674653658 -0.09939747847138136 -0.25331000023813166 -0.3173660786612875 -0.20793694468839607 -0.1171908335889249 0.6327990846155276 0.7742562577999972
2.6914902717152938 4.047343931672097 5.102489890142419 5.1265109195511025 4.87918328341725 4.360506981740861 3.8240373249469286 3.36496876291431 2.8267197706086233 2.346299182434953 1.965521382919525 1.5607225539954137 1.2431111651472648 1.0233632294456043 0.6861791499681578 0.45842420446360266 0.2707043079735203 -0.024665386977699377 -0.021996383710067846 -0.018437712686559138 -0.1332048531947141 -0.45882325184575734 -0.8600634097463602 -1.2052544990267013 -1.618060337753707 -1.9952794662456266 -1.6465297059417763 -0.30224172681137595 0.6710547981182458 0.9735418351164828 1.1399097054655132 0.9103754244492039 0.19508254872396114 -0.16879156342980073 -0.574480060109789 -0.38853949913146124 -0.562024711527509 -0.5193206592454049 -0.716826901050136 -0.3743048150374264 0.752014563903068 1.5705088993100627 2.28758111054706
2.2697877554295163 3.9770601789578013 4.936122019793388 4.839148234402777 4.362286317252615 3.840941012308595 3.2395256093356295 2.801809073444063 2.260891077870745 1.6772690300153226 1.2742495366029656 0.8934717370875378 0.8347536651996448 0.6176747327656158 0.6381370911507906 0.6007710454039497 0.41394081666974425 0.4504171946607083 0.5438323090278108 0.5945433711128094 0.2867183275793095 -0.04423807760699727 -0.8298147060465362 -1.4436854576017821 -1.847594618770016 -1.287993600323278 -0.5424520208982111 0.5900950323334235 0.8552160235848196 1.1550340573154252 1.5553845474601506 0.8596643623642053 0.14170248337133096 -0.48729262003382656 -0.8324837093141677 -0.4454782355075997 -0.19637126386199277 -0.15722588260339743 -0.17679857323269532 0.3071806859644841 1.4406174069519961 2.6914902717152938 3.40589347968466
2.5206740625868775 4.233284492650426 4.864058931567338 4.356948310717352 3.879196725811313 3.3302717204351007 2.7252976464386265 2.273346426453025 1.6532480006066392 1.0678466172394627 0.6737238013858773 0.47354855631351445 0.4148304844256214 0.5829776902864061 0.7004138340621924 0.6755031368976316 0.5616256641453541 0.597212374380441 0.7404488830766649 0.8338639974437676 0.5251492861543903 0.012700658769141615 -0.8920914489579381 -1.5967083116126548 -1.2266065251677531 -0.6652261712092602 0.5055765955250926 0.7529042316589452 1.0206942261779728 1.0260322327132358 1.47709378494296 0.8507676848054337 0.5224802828867587 -0.10829415603015313 -0.1385428597299767 -0.14477053402111695 0.10433643762448996 0.12390912825378742 0.3107393569879928 0.8231879843732415 2.7751190407677475 4.030440244310432 4.437018408746297
2.8427337902144125 4.105172335804114 4.586482591733661 3.9245697813610487 3.3453960722850122 2.7964710669087998 2.212849019053378 1.5811849123805886 0.9575278155106939 0.4308445040314104 0.08387407923931489 -0.008651367371910634 0.14881982541834837 0.34365706395544815 0.47265888855763727 0.3445467317113251 0.22355191691203036 0.35789174804948276 0.491341911431058 0.6132263939862299 0.4459688558813224 -0.04156907433936574 -0.8867534424226751 -1.1216257299742476 -0.6465431483358399 -0.019327380442436315 1.0571706041689366 1.0206942261779728 0.7680285835088572 0.7377798798090334 0.9166030987403442 0.788490941894032 0.5269286216661446 0.6746134691417545 0.8187396455938556 0.2707043079735203 -0.11274249480953902 -0.1323151854388369 0.12212979274203306 1.0847503046011289 3.194152553785894 5.329355167891096 5.60782117548065
2.9112382074169543 4.031329912066308 3.9975225373429764 3.3729757727172043 2.7955813991529226 2.2119593512975007 1.5776262413570799 0.8009462904763123 0.11412278293913891 -0.3965465089343554 -0.7346202561676796 -0.7737656374262749 -0.6029494282978587 -0.3049107300790075 -0.049576084142260335 -0.06825910701568061 0.010031655501510084 0.1808478646299263 0.6061090519392125 0.6363577556390363 0.5118042698162328 0.3045116826968526 -0.45793358408988016 -0.09672847520374983 0.42105815871676167 0.9797695094076231 0.9343964538578875 0.5233699506426359 0.25291095285597676 0.34009839293193944 0.46998988529000596 0.34632606722307946 0.4166098199373758 0.7555732349265767 0.8970304081110465 0.5482806478071967 0.12657813152141895 0.07764640494817465 0.09099142128633231 1.3409746182937532 4.04022658962508 6.421867172108259 5.832017449961697
