static/data/seaWind_vo/2023/7/28/18.asc
ncols 137
nrows 93
xllcorner 108.0
yllcorner 17.0
cellsize 0.25
NODATA_value -32767
[rows 38 to 56 of 93, columns 0 to 42 of 137]
0.8641127011435912 0.7956082839410492 0.5393839702484249 0.1728408548270317 -0.255089335749886 -0.61184610585663 -0.9081054685637273 -1.2550758933558224 -1.0113069282454785 -0.7710966341586434 -0.494409962080844 -0.17501923772094097 0.13547480908019072 -0.005982364104279103 -0.871629090572763 -2.1536403267917623 -3.1883239268769086 -3.4881419606075137 -3.2514903375441873 -2.8146634694084978 -2.4632447058370164 -2.6002535402421008 -2.6047018790214858 -2.6144882243361347 -2.710572341970869 -2.9819210075134053 -2.805766791849726 -2.451679025010613 -2.0157418246308008 -1.5717976144480943 -1.16788845327986 -0.8645117485257461 -1.2666415741822257 -2.271076470567548 -3.475686612025233 -3.6473924889095266 -3.2078966175062056 -2.5184041067014005 -1.6714404031063372 -0.8502770644317112 -0.3938775056667243 0.0020246456986154904 0.4192788232050073
0.5909847000893007 -0.04423807760699727 -0.7230545753412763 -1.056679983795214 -0.7755449729380293 -1.178564466350386 -1.1500950981623168 -0.8556150709669743 -0.7186062365618904 -0.8307043738024134 -0.7897796570320637 -0.8280353705347818 -0.8974294554932012 -0.8049040088819757 -1.607384324683181 -2.561108158983505 -3.120709177430243 -3.2123449562855915 -3.070887783101122 -2.869822870272882 -2.6847719770504317 -2.5397561328424527 -2.3146701906055296 -2.156309330059394 -2.0548872058893966 -2.0299765087248356 -1.862718970619928 -1.607384324683181 -1.4917275164191492 -1.347601339967048 -1.1287430720212646 -1.2399515415059108 -2.047769863842379 -3.604688436627423 -3.9116238124050455 -3.4578932569076906 -2.545983807133593 -1.453471802916431 -0.41345019629602175 0.06874972738940333 0.3890301195051835 0.5963227066245638 0.76713891575298
0.11145377967150738 -0.5976114217625956 -1.018424270292496 -1.0540109805275826 -0.3556217921640057 0.012700658769141615 -0.03890007107173421 -0.5237689980247908 -0.6705641777445233 -0.7746553051821521 -0.9134434750989899 -1.0264312800953905 -1.183902472885649 -1.395643398784415 -2.3182288616290383 -3.025514727551387 -3.400064852775674 -3.2265796403796263 -3.164302897468225 -2.9819210075134053 -2.706124003191483 -2.4534583605223674 -2.003286476048521 -1.4436854576017821 -1.1919094826885437 -1.3564980175258197 -1.1581021079652114 -0.61184610585663 -0.7746553051821521 -1.0753630066686348 -1.6038256536596722 -1.952575413963522 -2.511286764654384 -3.4178582078932176 -3.276401034708748 -2.470362047884034 -1.5673492756687084 -1.0451143029688108 -0.31647641090541034 0.010031655501510084 0.3151876957673787 0.5153629408397415 0.7431178863442964
-0.6509914871152258 -0.664336503453383 -0.8253663672671503 -0.07359711355094367 0.24579361080895978 0.40949247789035836 -0.007761699616033457 -0.4321332191694425 -0.5860457409361923 -0.8929811167138153 -0.9525888563575857 -0.8369320480935536 -0.9321264979724107 -1.5308728976777446 -2.976583000978142 -3.6465028211536494 -3.7408076032766293 -3.540632358204267 -3.4276445532078665 -3.2221313016002404 -2.8538088506670936 -2.4427823474518413 -2.0353145152600987 -1.3369253268965222 -1.070914667889249 -1.0424452997011793 -0.7301719173882937 -0.3378284370464626 -0.5104239816866332 -1.2337238672147706 -1.575356285471603 -1.742613823576511 -2.2639591285205305 -2.74171071342657 -2.326235871431933 -1.6678817320828285 -1.4508027996487995 -1.093156361786178 -0.7452962692382052 -0.3049107300790075 0.053625375539491316 0.3890301195051835 0.6016607131598266
-0.7346202561676796 -0.7479652725058368 -0.17146056669743226 0.4940109146986893 0.14615082215071684 -0.18302624752383512 -0.6029494282978587 -0.6162944446360159 -0.6438741450682084 -0.8662910840375004 -1.0166449347807416 -0.9018777942725871 -1.273758916229243 -1.8431462799906302 -3.4917006316310224 -4.117137064012672 -4.211441846135651 -3.7612699616618044 -3.385830168681639 -3.2621663506147134 -2.8333464922819185 -2.42143032131079 -1.9285543845548383 -1.3218009750466102 -1.1919094826885437 -1.1047220426125812 -0.791558992543818 -0.4730579359397922 -0.34316644358172566 -0.7301719173882937 -1.178564466350386 -1.3467116722111707 -1.8644983061316824 -2.4143129792637725 -1.9445684041606275 -1.6269570153124788 -1.4080987473666955 -0.9730512147427604 -0.6207427834154018 -0.31558674314953317 -0.07537644906269803 0.2618076304147485 0.46198287548711137
-0.48462361676619503 -0.40989152527251305 0.19152387770045243 -0.11096315929778466 -0.7301719173882937 -1.0175346025366188 -1.0166449347807416 -1.0015205829308296 -0.9036571297843414 -0.8342630448259221 -1.0210932735601275 -1.2853245970556464 -1.697240768026775 -2.367160588202282 -3.818208698037943 -4.424072439790294 -4.521935892936783 -4.070874340707059 -3.1820962525857683 -3.016618049992615 -2.5975845369744692 -2.095811922659746 -1.5717976144480943 -1.004189586198461 -1.1634401145004745 -1.098494368321441 -0.8698497550610087 -0.5486796951893513 -0.2559790035057632 -0.2444133226793599 -0.7568619500646085 -1.3929743955167835 -1.9276647167989611 -2.711462009726746 -1.992610462977995 -1.692792429247389 -1.2550758933558224 -0.7702069664027662 -0.4899616233014581 -0.14210153075348542 0.07319806616878921 -0.11096315929778466 0.08209474372756054
-0.22661996756181635 -0.15188787606813436 -0.3698564762580405 -1.1242947332418791 -1.3280286493377504 -1.2666415741822257 -1.2648622386704713 -1.150984765918194 -1.0646869935981087 -0.9641545371839886 -1.2016958280031926 -1.4668168192545887 -1.6064946569273038 -2.4045266339491236 -3.504155980213303 -3.943651851616624 -4.040625637007235 -3.938313845081361 -3.0032730336544575 -2.7176896840178864 -2.3929609531227203 -1.8902986710521206 -1.273758916229243 -0.674122848768032 -0.9009881265167099 -0.891201781202061 -0.6616675001857515 -0.47038893267216064 -0.44369889999584533 -0.5762593956215434 -0.6759021842797863 -1.3137939652437156 -2.0308661764807128 -2.8182221404320065 -1.9579134204987851 -1.5344315687012533 -1.0949356972979323 -0.7203855720736447 -0.5646937147951405 0.035832020421947774 -0.1919229250826069 -0.3751944827933036 -0.28711737496146394
-0.6972542104208381 -0.7355099239235567 -1.1572124402093342 -1.2479585513088054 -1.4499131318929224 -1.258634564379331 -1.3378149946523994 -1.1287430720212646 -0.9837272278132865 -1.1856818083974034 -1.278207255008629 -1.3120146297319613 -1.4454647931135365 -1.6483090414535306 -2.2141377341914095 -2.690999651341571 -2.8671538670052503 -2.8226704792113924 -2.7079033387032374 -2.6474059313035903 -2.257731454229391 -1.5984876471244092 -0.9686028759633745 -0.7773243084497836 -0.7470756047499596 -0.696364542664961 -0.5451210241658426 -0.4481472387752312 -0.754192946796977 -0.8671807517933776 -0.8342630448259221 -1.1180670589507389 -1.7435034913323881 -2.005955479316152 -1.4748238290574829 -1.0308796188747764 -0.5771490633774206 -0.2684343520880432 -0.034451732292348325 0.12301946049791024 -0.42857454814593376 -0.23818564838821965 -0.010430702883664544
-0.7871106537644321 -0.6954748749090842 -0.6136254413683844 -0.6572191614063656 -0.3938775056667243 -0.5299966723159306 -1.003299918442584 -1.6100533279508125 -1.3413736656759077 -1.3805190469345034 -1.405429744099064 -1.4143264216578357 -1.348491007722925 -1.2613035676469626 -1.5637906046451997 -1.7408344880647566 -1.8653879738875596 -2.0735702287628173 -2.4828173964663143 -2.4739207189075425 -1.8902986710521206 -1.1758954630827545 -0.6509914871152258 -0.9472508498223227 -0.8084626799054844 -0.6705641777445233 -0.5228793302689136 -0.4517059097987399 -0.6447638128240856 -0.8823051036432892 -1.1109497169037215 -1.3502703432346794 -1.5486662527952881 -1.6064946569273038 -0.9365748367517965 -0.2782206974026922 0.25735929163536264 0.5233699506426359 0.5838673580422833 -0.33871810480233977 -0.47394760369566935 0.3561124125377284 1.8792236105994398
-0.5024169718837386 0.08476374699519207 0.6915171565034206 0.4682105497782516 -0.028224058001208085 -0.9810582245456549 -1.4454647931135365 -1.433009444531256 -1.8680569771551911 -1.9748171078604515 -1.967699765813434 -1.742613823576511 -1.4045400763431868 -1.3600566885493284 -2.045990528330625 -2.222144743994304 -2.3778366012728083 -2.6474059313035903 -2.7879734367321825 -2.4650240413487707 -1.87784332246984 -1.1162877234389845 -0.4009948477137413 -0.1323151854388369 -0.06203143272454037 -0.21594395449129067 -0.19815059937374713 0.0349423526660706 0.20753789730624117 -0.06292110048041755 -0.43302288692531965 -0.6830195263268037 -0.7444066014823281 -0.7061508879796099 -0.09228013642436439 0.5847570257981605 0.9450724669284134 0.9237204407873614 0.835643332955522 0.5055765955250926 1.202186448376915 2.776898376279502 4.281326551467793
-0.20882661244427325 0.04294936246896519 0.1434818188830853 -0.043348409851120095 -0.6385361385329453 -1.2230478541442444 -1.5744666177157258 -1.7666348529851938 -1.732827478261862 -1.4677064870104655 -1.6643230610593198 -1.5219762201189728 -1.0575696515510913 -0.9267884914371476 -1.7639658497175623 -2.0442111928188704 -2.28620082241746 -2.560218491227628 -2.6536336055947305 -2.381395272296317 -1.7257101362148446 -0.8155800219525018 0.0046936489662470215 0.3747954354111489 0.7537938994148223 0.71998652469149 0.6230127393008786 0.6212334037891245 0.6594891172918427 0.5794190192628976 0.39970613257570964 0.4450791881254452 0.5838673580422833 1.0020112033045523 1.1746067479447229 1.779580821941197 2.1594689537007477 2.220856028856272 2.2769050974765337 2.8525201355290615 3.1194204622922115 3.467280554840184 3.9646048303755212
0.05540471105124567 -0.025555054733576554 -0.35651145991988287 -0.5566867049922459 -0.8707394228168859 -1.3173526362672243 -1.6919027614915119 -1.6011566503920407 -1.6153913344860755 -1.6803370806651086 -1.847594618770016 -1.2550758933558224 -0.971271879231006 -0.9846168955691637 -1.1420880883594222 -1.0949356972979323 -1.2266065251677531 -1.732827478261862 -2.1055982679743948 -1.897416013099138 -1.427671437995993 -0.9018777942725871 -0.17857790874444968 0.4166098199373758 0.8080636325233297 0.667496127094737 0.7244348634708759 0.6096677229627212 0.5598463286335997 0.5785293515070205 0.7929392806734179 1.0349289102720074 1.3961340191581377 1.6817173687947085 1.8765546073318082 2.3293954950732867 2.549143430774947 2.696828278250557 2.4984323686899486 2.6407792096302956 2.9112382074169543 3.501977597319394 3.8231476571910514
-0.4606025873575117 -0.4525955775546171 -0.674122848768032 -0.6981438781767153 -0.9125538073431128 -0.9810582245456549 -1.3520496787464338 -1.4454647931135365 -1.8564912963287878 -1.9383407298694872 -1.4027607408314324 -0.8556150709669743 -1.4365681155547647 -0.9952929086396898 -0.9774995535221462 -1.0646869935981087 -1.2906626035909095 -1.6518677124770393 -1.7363861492853707 -1.293331606858541 -1.1669987855239832 -0.8129110186848703 -0.5718110568421575 0.12568846376554177 0.5518393188307054 0.3890301195051835 0.4050441391109727 0.5847570257981605 0.571412009460003 0.8774577174817488 1.085639972357006 1.5340325213190986 1.6194406258833067 1.8249538774909326 1.9121413175668949 2.262670413382499 2.235090712950307 2.197724667203466 1.8925686269375972 2.161248289212502 2.628323861048015 3.162124514574316 2.929031562534498
-1.0015205829308296 -0.8947604522255697 -0.7186062365618904 -0.7408479304588194 -0.8111316831731159 -0.9125538073431128 -1.2675312419381028 -1.618060337753707 -1.8378082734553671 -1.0967150328096866 -0.5362243466070709 -0.434802222437074 -1.1056117103684584 -1.1225153977301248 -1.400091737563801 -1.4685961547663426 -1.457920141695817 -1.8217942538495788 -1.772862527276334 -1.0824803487156518 -0.9365748367517965 -0.9027674620284643 -0.6563294936504884 0.021597336327913386 0.3783541064346576 0.21910357813264447 0.332981050884922 0.5153629408397415 0.714648518156227 0.9468518024401678 1.0651776139718312 1.4308310616373472 1.4468450812431362 1.717304079029795 1.8365195583173357 2.1149855659068892 1.93883135024321 1.949507363313736 1.73153876312383 1.991321747839963 2.4841976845959137 2.9174658817080945 2.0847368622070657
-1.056679983795214 -1.1100600491478443 -0.9276781591930248 -0.9098848040754817 -0.9810582245456549 -1.1011633715890725 -1.4508027996487995 -1.665212728815197 -1.3805190469345034 -0.636756803021191 -0.15188787606813436 -0.1509982083122572 -0.696364542664961 -1.2906626035909095 -1.542438578504148 -1.547776585039411 -1.5362109042130077 -1.9810447821515917 -1.981934449907469 -1.3556083497699425 -0.9846168955691637 -0.9499198530899542 -0.5860457409361923 0.08476374699519207 0.33653972190843073 0.34988473824658817 0.4797762306046547 0.5118042698162328 0.7119795148885955 0.751124896147191 0.8979200758669237 1.1096610017656896 1.1185576793244612 1.3890166771111203 1.7982638448146173 2.0224601192956637 1.7555597925325133 1.8578715844583877 1.694172717376989 1.8614302554818964 2.3560855277496016 2.2973674558617088 1.6016472707657634
-0.9508095208458314 -1.2025854957590698 -1.1545434369417027 -1.1349707463124048 -1.1723367920592458 -1.2497378868205598 -1.5077415360249384 -1.4134367539019586 -1.1545434369417027 -0.4748372714515465 -0.003313360836647572 -0.3547321244081285 -0.9347955012400422 -1.2799865905203833 -1.2168201798531042 -1.26842090969398 -1.3449323366994164 -1.812897576290807 -1.8653879738875596 -1.6465297059417763 -1.16166077898872 -0.7159372332942588 -0.3342697660229539 0.17906852911817195 0.43618251056667345 0.56607400292474 0.5536186543424597 0.5509496510748282 0.6212334037891245 0.646144100953685 0.835643332955522 0.9877765192105175 1.1194473470803383 1.6087646128127808 2.03313613236619 1.9317140081961925 1.694172717376989 1.7181937467856723 1.656806671630148 1.7991535125704945 1.4646384363606795 1.2110831259356867 0.8561056913406968
-1.1776747985945089 -1.3048972876849438 -1.2043648312708242 -1.3137939652437156 -1.3769603759109947 -1.347601339967048 -1.46325814823108 -1.4721548257898514 -1.166109117768106 -0.4686095971604063 -0.28711737496146394 -0.9036571297843414 -1.1242947332418791 -1.1242947332418791 -1.0842596842274062 -1.1216257299742476 -1.1758954630827545 -1.1011633715890725 -1.2541862255999452 -1.3137939652437156 -0.8155800219525018 -0.30580039783488466 0.10967444415975303 0.5135836053279872 0.7564629026824539 0.5883156968216692 0.5118042698162328 0.4424101848578137 0.534045963713162 0.7493455606354367 0.8480986815378022 1.06873628499534 1.5589432184836594 1.9415003535108415 2.0891852009864516 2.014453109492769 1.8721062685524223 1.6683723524565508 1.6221096291509383 1.445955413487259 0.9788798416517459 0.25735929163536264 -0.34494577909348
-1.4098780828784498 -1.3671740305963458 -1.3929743955167835 -1.6109429957066896 -1.8342496024318584 -1.9330027233342242 -1.6109429957066896 -1.4214437637048531 -1.305786955440821 -1.2399515415059108 -1.272869248473366 -1.2497378868205598 -0.9552578596252168 -0.9525888563575857 -0.9534785241134625 -0.9899549021044267 -0.9214504849018845 -0.7515239435293455 -0.7132682300266273 -0.5104239816866332 -0.054024422921645776 0.2787113177764149 0.6621581205594742 0.984217848187009 1.0224735616897271 0.6621581205594742 0.4984592534780752 0.3676780933641315 0.3347603863966764 0.5100249343044785 0.8774577174817488 1.345422957073139 1.717304079029795 1.8881202881582113 2.0117841062251376 2.1149855659068892 1.8187262031997924 1.5340325213190986 1.519797837225064 1.3231812631762099 0.995783529013412 0.5411633057601792 -0.5851560731803152
-1.5273142266542359 -1.47571349681336 -1.4970655229544123 -1.7799798693233515 -1.867167309399314 -1.4863895098838862 -1.336035659140645 -1.4232230992166075 -1.1856818083974034 -1.1109497169037215 -1.0442246352129336 -0.6981438781767153 -0.23729598063234247 -0.9472508498223227 -1.347601339967048 -1.2150408443413498 -0.80668334439373 -0.42501587712242506 0.10611577313624432 0.30540135045272976 0.4655415465106201 0.47799689509290033 0.5473909800513195 0.7582422381942082 0.8009462904763123 0.7778149288235059 0.5153629408397415 0.2751526467529062 0.19864121974746984 0.38814045174930634 0.9521898089754308 1.3845683383317344 1.759118463556022 1.8712166007965452 1.913030985322772 2.0162324450045235 1.801822515838126 1.6052059417892721 1.5349221890749758 1.2689115300677025 0.9361757893696419 0.6194540682773702 -0.13053584992708256
