static/data/seaWind_vo/2023/7/28/6.asc
ncols 137
nrows 93
xllcorner 108.0
yllcorner 17.0
cellsize 0.25
NODATA_value -32767
[rows 38 to 56 of 93, columns 0 to 42 of 137]
-0.36807714074628617 -0.6429844773123312 -1.220378850876613 -1.3493806754788022 -0.679460855303295 0.05006670451598261 0.3970371293080781 0.0696393951452805 -0.7399582627029422 -0.9694925437192516 -0.8671807517933776 -0.763979292111626 -1.6563160512564252 -2.636729918233064 -3.663406508515316 -4.389375397311085 -4.534391241519064 -4.11446806074504 -3.610026443162686 -3.279959705732257 -3.3022013996291855 -3.640275146862509 -3.584226078242248 -3.3680368135640966 -3.0869018027069113 -2.8084357951173575 -2.4294373311136845 -1.902754019634401 -1.4294507735077473 -1.1429777561152994 -1.2666415741822257 -1.4169954249254673 -2.0602252124246596 -3.074446454124631 -4.096674705627496 -4.176744803656442 -3.5860054137540023 -2.8333464922819185 -2.102039596950886 -1.6171706699978299 -1.3920847277609063 -1.0824803487156518 -0.7435169337264509
-0.5735903923539118 -0.739068594947065 -0.7177165688060132 -0.11007349154190749 0.34009839293193944 -0.16434322465041484 -0.7497446080175911 -1.1794541341062632 -1.0789216776921435 -0.80668334439373 -0.7808829794732923 -1.3289183170936276 -2.457017031545876 -3.3867198364375164 -3.959665871222413 -4.25592523392951 -4.145606432200742 -3.774614977999962 -3.449886247104796 -3.3137670804555888 -3.4570035891518134 -3.560205048833564 -3.3965061817521653 -3.1118124998714722 -3.045087418180684 -2.790642439999814 -2.3582639106435104 -1.8271322603848419 -1.6385226961388821 -1.67055073535046 -1.77731086605572 -2.1144949455331665 -2.940106622987179 -4.304856960502754 -4.489018185969329 -3.9605555389782903 -3.0183973855043695 -2.017521160142555 -1.2844349292997692 -1.0468936384805652 -1.0228726090718818 -0.9810582245456549 -0.8253663672671503
-0.6438741450682084 -0.5549073694804916 0.18173753238580348 0.6639374560712286 0.6052193841833353 0.12657813152141895 -0.46238192286926605 -0.1251978433918195 0.422837494228516 0.23600726549431084 -0.5397830176305796 -1.3271389815818733 -2.4347753376489467 -3.4285342209637437 -4.112688725233285 -4.361795696878893 -4.204324504088634 -3.8466780662260125 -3.620702456233212 -3.604688436627423 -3.588674417021634 -3.6020194333597915 -3.519280332063215 -3.3626988070288335 -3.295084057582168 -3.164302897468225 -2.756835065276482 -2.2639591285205305 -1.936561394357733 -1.8849606645168575 -2.2096893954120236 -2.6749856317357827 -3.415189204625586 -4.484569847189942 -4.247028556370738 -3.255938676323573 -2.2692971350557936 -1.6269570153124788 -1.1696677887916143 -1.1483157626505625 -1.3129042974878384 -1.3751810403992404 -1.3022282844173123
-0.6225221189271561 -0.19637126386199277 0.3570020802936056 0.51269393757211 0.639916426662545 0.3899197872610607 0.5562876576100912 0.8605540301200825 0.7964979516969264 0.23155892671492495 -0.5540177017246144 -1.4766031645692372 -2.5228524454807864 -3.393837178484534 -4.137599422397846 -4.424962107546172 -4.497025195772222 -4.244359553103106 -4.182972477947581 -4.0682053374394265 -4.019273610866183 -3.9970319169692536 -3.9658935455135533 -3.8671404246111876 -3.8831544442169768 -3.65895816973593 -3.0886811382186656 -2.5486528104012245 -2.2692971350557936 -2.3636019171787734 -2.6482955990594674 -2.8484708441318305 -3.4062925270668143 -4.127813077083198 -3.5833364104863707 -2.7132413452385005 -2.332463545723073 -1.9232163780195752 -1.6474193736976535 -1.5726872822039715 -1.6589850545240568 -1.5068518682690613 -1.3324769881171363
-0.574480060109789 -0.14743953728874848 -0.03801040331585703 0.2662559691941344 0.5518393188307054 0.6123367262303527 0.7795942643352602 0.5215906151308816 0.17195118707115453 -0.2969037202761129 -0.9241194881695161 -1.8484842865258932 -2.7648420750793767 -3.6180334529655807 -4.401830745893365 -4.699869444112217 -4.773711867850022 -4.654496388562482 -4.6384823689566925 -4.5877713068716925 -4.734566486591426 -4.712324792694497 -4.417844765499154 -4.234573207788458 -4.34667134502898 -3.4881419606075137 -2.9169752613343722 -2.2648487962764077 -2.122501955336061 -2.271966138323425 -2.699896328900343 -2.9018509094844602 -3.3822714976581305 -4.045073975786622 -3.389388839705148 -2.7630627395676224 -2.38050560454044 -2.196344379073866 -1.9765964433722059 -2.037093850771853 -1.7043581100737923 -1.5504455883070425 -0.6358671352653138
-0.6527708226269802 -0.4187882028312848 -0.3227040851965506 0.3196360345467646 0.43262383954316475 0.45931387221947984 -0.005982364104279103 -0.3004623912996216 -0.7444066014823281 -0.9543681918693396 -1.5575629303540595 -2.1047086002185176 -3.016618049992615 -3.94810019039601 -4.758587516000109 -5.048619204416067 -4.985452793748788 -4.856450969146598 -4.803070903793968 -4.9721077774106295 -5.145592989806678 -4.8573406369024745 -4.5174875541573964 -4.049522314566007 -4.1082403864539 -3.1892135946327858 -2.6892203158298176 -2.0290868409689584 -1.8093389052672983 -1.8689466449110683 -2.3244565359201785 -3.2319176469148894 -3.7621596294176816 -4.388485729555208 -3.5219493353308464 -2.910747587043232 -2.4027472984373692 -2.19189604029448 -2.2043513888767605 -2.107377603486149 -1.7301584749942305 -1.5184175490954641 -0.5540177017246144
-0.9952929086396898 -0.7621999565998716 -0.21950262551479938 0.3836921129699207 0.22088291364439883 -0.329821427243568 -0.7960073313232039 -1.0148655992689872 -1.311124961976084 -1.452582135160554 -2.0095141503396605 -2.5575494879599963 -3.290635718802782 -4.242580217591351 -4.975666448434138 -5.05662621421896 -4.993459803551682 -4.992570135795805 -4.908941366743351 -5.134916976736152 -5.029046513786769 -4.739904493126689 -4.118026731768548 -3.529066677377864 -3.4828039540722506 -3.2328073146707665 -2.731924368111921 -2.1456333169888677 -1.7354964815294935 -1.8137872440466842 -2.537087129574821 -3.4463275760812873 -3.9303068352784662 -4.448983136954855 -3.534404683913127 -3.0281837308190185 -2.5184041067014005 -2.326235871431933 -2.4445616829635957 -1.922326710263698 -1.8200149183378245 -1.608273992439058 -1.490837848663272
-0.844049390140571 -0.6038390960537359 0.005583316722124199 0.053625375539491316 -0.4686095971604063 -1.1331914108006504 -1.41610575716959 -1.5566732625981823 -1.2524068900881913 -1.4650374837428344 -2.2034617211208833 -2.9587896458605987 -3.755042287370664 -4.440086459396083 -4.8520026303672115 -4.889368676114053 -4.976556116190016 -5.075309237092382 -5.1215719603979935 -5.166055348191852 -4.874244324264142 -4.2532562306618775 -3.6082471076509317 -3.2639456861264677 -3.455224253640059 -3.366257478052342 -2.7283656970884125 -1.9232163780195752 -1.8894090032962434 -2.7087930064591146 -3.3217740902584834 -3.609136775406809 -3.8858234474846083 -3.8271053755967146 -3.2968633930939224 -2.915195925822618 -2.545983807133593 -2.4596860348135077 -2.252393447694128 -1.6990201035385293 -2.002396808292644 -2.2781938126145653 -2.3244565359201785
-0.7435169337264509 -0.6394258062888225 -0.6349774675094366 -0.7097095590031186 -1.283545261543892 -1.6767784096415999 -1.7265998039707218 -1.5299832299218674 -1.4080987473666955 -2.0148521568749236 -2.6936686546092026 -3.3271120967937464 -3.734579928985489 -4.139378757909601 -4.584212635848184 -4.70520745064748 -4.86534764670537 -5.108226944059837 -5.10377860528045 -4.932072728396157 -4.269270250267667 -3.5984607623362828 -3.095798480265683 -2.959679313616476 -3.1465095423506813 -2.7728490848822713 -2.0753495642745716 -1.8057802342437896 -2.555770152448242 -3.544191029227776 -3.7763943135117164 -3.879595773193468 -3.903616802602151 -3.7568216228824185 -3.260387015102959 -2.8075461273614803 -2.2595107897411455 -1.756848507670545 -1.4596994772075713 -2.0700115577393086 -2.7390417101589386 -2.7194690195296407 -1.5869219662980063
-1.352939346502311 -1.787986879126246 -2.0388731862836074 -1.6429710349182676 -1.7959938889291407 -1.7550691721587905 -1.5735769499598486 -1.5780252887392345 -2.436554673160701 -2.806656459605603 -2.875160876808145 -2.9979350271191945 -3.3271120967937464 -3.993473245945745 -4.609123333012745 -4.763925522535372 -4.954314422293086 -5.213207739253342 -5.093102592209924 -4.500583866795731 -3.754152619614787 -3.104695157824455 -2.6029225435097323 -2.1055982679743948 -1.46325814823108 -1.3538290142581881 -1.7257101362148446 -2.545094139377716 -3.429423888719621 -3.763938964929436 -3.739028267764875 -3.6278197982802296 -3.544191029227776 -3.5370736871807584 -3.1927722656562945 -2.9089682515314776 -2.6429575925242044 -2.35203623635237 -1.8983056808550152 -1.5673492756687084 -1.2826555937880149 -0.748854940261714 0.07408773392466639
-1.4508027996487995 -1.2168201798531042 -0.9205608171460073 -0.6340877997535594 -1.2773175872527518 -1.4321197767753788 -1.7995525599526494 -2.2746351415910566 -2.7283656970884125 -2.2506141121823737 -2.0193004956543095 -1.9765964433722059 -2.425878660090176 -3.6776411926093506 -4.404499749160996 -4.5877713068716925 -4.8520026303672115 -5.164276012680098 -4.922286383081508 -4.40361008140512 -3.6972138832386485 -3.040639079401298 -2.4837070642221915 -1.8493739542817704 -1.2390618737500336 -1.4846101743721318 -2.3778366012728083 -3.3422364486436584 -3.7568216228824185 -3.823546704573206 -3.5957917590686512 -3.3280017645496236 -3.2719526959293623 -3.433872227499007 -3.159854558688839 -3.0246250597955098 -2.695447990120957 -2.1180536165566752 -1.0549006482834598 -0.2684343520880432 -0.05669342618927731 0.010031655501510084 0.26447663368238006
-1.1847921406415263 -0.24975132921462295 0.2920563341145721 -0.10117681398313572 -1.1251844009977559 -1.7799798693233515 -2.3351325489907047 -2.9925970205839314 -3.134943861524278 -2.8822782188551623 -2.590467194927452 -2.4490100217429815 -2.6580819443741164 -3.459672592419445 -3.868919760122942 -4.053970653345393 -4.4836801794340655 -4.936521067175542 -4.796843229502828 -4.323539983376174 -3.813760359258557 -3.255049008567696 -2.7532763942529734 -2.2737454738351794 -1.947237407428259 -2.102039596950886 -2.7639524073234996 -3.455224253640059 -3.784401323314611 -3.8164293625261885 -3.4062925270668143 -3.3431261163995356 -3.3226637580143605 -3.245262663253047 -3.0183973855043695 -2.9383272874754245 -1.952575413963522 -1.0504523095040739 -0.6154047768801387 -0.5646937147951405 -0.8627324130139917 -1.0726940034010033 -0.6581088291622428
-1.0068585894660926 -0.5504590307011057 -0.23017863858532506 -1.0522316450158282 -2.1829993627357083 -2.610929553312626 -3.020176721016124 -3.6465028211536494 -3.6429441501301407 -3.3867198364375164 -2.7434900489383245 -2.4534583605223674 -3.079784460659894 -3.739028267764875 -3.9125134801609227 -4.1536134420036355 -4.6384823689566925 -4.859119972414229 -4.697200440844584 -4.299518953967491 -4.096674705627496 -3.7016622220180344 -3.544191029227776 -3.1189298419184888 -2.7630627395676224 -2.6981169933885885 -3.2639456861264677 -3.8279950433525918 -4.140268425665479 -3.908954809137414 -3.6473924889095266 -3.549529035763038 -2.9329892809401614 -2.8280084857466554 -2.8137738016526206 -2.5281904520160494 -1.6047153214155494 -1.240841209261788 -1.2995592811496808 -1.8182355828260701 -2.2283724182854443 -1.9961691340015038 -1.5246452233866044
-0.7177165688060132 -0.8449390578964482 -1.6145016667301983 -2.416092314775527 -2.870712538028759 -3.2132346240414686 -3.6278197982802296 -4.043294640274867 -3.8422297274466266 -2.4534583605223674 -1.767524520741071 -2.0095141503396605 -3.214124291797346 -3.9151824834285542 -3.993473245945745 -4.230124869009073 -4.451652140222487 -4.593109313406956 -4.486349182701696 -4.489907853725205 -4.311974302549771 -4.179413806924073 -4.013045936575043 -3.4463275760812873 -3.106474493336209 -3.1287161872331377 -3.7621596294176816 -4.322650315620297 -4.292401611920473 -3.953438196931273 -3.6963242154827713 -3.2265796403796263 -2.725696693820781 -2.846691508620076 -2.8431328375965674 -2.5184041067014005 -1.8431462799906302 -1.8636086383758053 -2.1945650435621116 -2.720358687285518 -2.974803665466388 -2.725696693820781 -2.0646735512040455
-0.7648689598675031 -1.5041828650014297 -2.3351325489907047 -2.762173071811745 -3.2185726305767317 -3.4623415956870756 -3.9916939104339906 -4.165179122830038 -3.0691084475893677 -1.677668077397477 -1.31557330075547 -1.7604071786940536 -3.3769334911228674 -3.909844476893291 -4.013045936575043 -4.185641481215214 -4.407168752428628 -4.38759606179933 -4.3377746674702085 -4.5779849615570445 -4.4836801794340655 -4.352009351564243 -3.908065141381537 -3.324443093526115 -3.1918825979004173 -3.5059353157250572 -4.140268425665479 -4.567308948486518 -4.537060244786694 -3.8724784311464506 -3.46412093119883 -2.835125827793673 -2.7870837689763053 -2.9080785837756005 -2.8982922384609515 -2.5246317809925407 -2.3137805228496524 -2.6349505827213098 -2.8876162253904254 -3.3520227939583074 -3.6064677721391774 -3.1269368517213834 -2.187447701515094
-1.3965330665402922 -2.07268056100694 -2.4498996894988587 -2.8377948310613044 -3.0246250597955098 -3.276401034708748 -3.8573540792965386 -3.644723485641895 -2.376946933516931 -1.542438578504148 -1.20881317005021 -2.212358398679655 -3.5068249834809344 -3.81909836579382 -4.257704569441264 -4.413396426719768 -4.295070615188106 -4.257704569441264 -4.3039672927468775 -4.6429307077360775 -4.498804531283977 -4.1536134420036355 -3.6856482024122452 -3.314656748211466 -3.3235534257702377 -3.7781736490234707 -4.437417456128452 -4.854671633634844 -4.602005990965727 -3.929417167522589 -3.2781803702205026 -2.7372623746471842 -2.820891143699638 -3.0290733985748957 -3.016618049992615 -2.7648420750793767 -2.7434900489383245 -3.0717774508569993 -3.3475744551789215 -3.819988033549697 -3.953438196931273 -3.4436585728136557 -2.067342554471677
-1.9160990359725587 -1.852042957549402 -2.0949222549038686 -2.497052080560349 -2.6589716121299936 -2.9641276523958617 -3.4320928919872524 -3.104695157824455 -2.3297945424554416 -1.7310481427501077 -1.8191252505819473 -2.810215130629112 -2.9436652940106875 -3.3022013996291855 -4.027280620669078 -4.198096829797494 -3.9899145749222362 -4.00770793003978 -4.175855135900564 -4.529942902739677 -4.489018185969329 -4.146496099956618 -3.7977463396527686 -3.4970386381662855 -3.504155980213303 -4.1883104844828445 -4.856450969146598 -4.95342475453721 -4.602895658721605 -3.989024907166359 -3.284408044511643 -2.865374531493496 -3.0584324345188416 -3.2132346240414686 -3.040639079401298 -2.946334297278319 -3.0237353920396326 -3.200779275459189 -3.5566463778100554 -4.143827096688987 -4.276387592314684 -3.6029091011156686 -2.1340676361624644
-1.4356784477988875 -1.3938640632726607 -2.0593355446687824 -2.6740959639799056 -3.0726671186128764 -3.4463275760812873 -3.754152619614787 -3.3333397710848867 -2.845801840864199 -2.626943572918415 -2.687440980318063 -2.5886878594156975 -1.9392303976253644 -2.5735635075657854 -3.584226078242248 -3.698993218750403 -3.4925902993868996 -3.6767515248534735 -3.9863559038987275 -4.529942902739677 -4.622468349350903 -4.404499749160996 -4.09578503787162 -3.8564644115406614 -3.7719459747323305 -4.3938237360904715 -4.98456312599291 -5.01303249418098 -4.606454329745114 -4.057529324368902 -3.3271120967937464 -3.305760070652694 -3.3982855172639197 -2.941885958498933 -2.5050590903632437 -2.545983807133593 -2.886726557634548 -2.9676863234193704 -3.129605854989015 -3.7959670041410143 -4.270159918023545 -3.81909836579382 -2.8182221404320065
-1.3520496787464338 -1.5273142266542359 -1.9801551143957146 -2.3297945424554416 -2.5984742047303464 -2.974803665466388 -3.479245283048742 -3.196330936679803 -2.4054163017050008 -1.9588030882546623 -1.7479518301117731 -1.4356784477988875 -1.3333666558730135 -2.852029515155339 -3.8831544442169768 -4.09578503787162 -3.9721212198046936 -4.0388463014954805 -4.118026731768548 -4.470335163095907 -4.4587694822695045 -4.207883175112142 -3.9018374670903966 -3.6874275379239996 -3.6180334529655807 -4.2185591881826685 -4.96588010311949 -5.1269099669332565 -4.7025384473798475 -4.04863264681013 -3.5931227558010197 -3.5717707296599674 -3.4659002667105843 -2.8591468572023566 -2.4089749727285095 -2.5103970968985068 -1.9952794662456266 -1.9454580719165047 -2.5531011491806104 -3.4134098691138317 -3.799525675164523 -3.300422064117431 -2.5833498528804344
