static/data/ASCData/20210101/ASCV/03.asc
ncols 97
nrows 97
xllcorner 99.0
yllcorner 2.0
cellsize 0.25
NODATA_value -32767
[rows 76 to 94 of 97, columns 0 to 42 of 97]
-2.3574400268422435 -2.371194934913368 -2.153408890453897 -2.0086548578958725 -2.0751369135729743 -1.8963231086483567 -1.4394636620002936 -1.5711177821096278 -1.4473236094695077 -1.9336578591271225 -2.907308851876005 -3.8095653217795267 -4.073201059809413 -4.327994356936433 -4.270354742162197 -4.0614111386055916 -3.8144777889477854 -3.7021460397002692 -3.766663108510067 -3.9589043236945924 -4.37580903737415 -4.915852928071395 -5.535151289083213 -6.160999606319377 -6.787175421366757 -7.566292714252594 -8.301852798246536 -8.888728875947846 -9.213934202486575 -9.570251821090942 -10.02056131151466 -10.380808903853634 -10.700119269790452 -10.869108140378554 -11.066261822731338 -11.000107264865452 -10.482333225330981 -10.053638590447601 -10.392598825057455 -10.850440765139169 -10.90513289961245 -10.930677728887396 -10.774461272936769
-2.364317480877806 -2.400342240111703 -2.3368076647355567 -2.001777403860311 -2.0741544201393225 -2.3338601844346014 -1.899270588949312 -1.186635351740577 -0.7694031402498016 -0.7107810320419139 -1.429638727663776 -2.4560168680186356 -3.3612208182231127 -3.6307515168549087 -3.9287745250626056 -3.7303108514649526 -3.6065166788248324 -3.5829368364171903 -3.934669485664516 -4.458993481423333 -4.941397757346341 -5.561351113980593 -6.181631968426063 -6.718728378822353 -7.340646722323909 -7.82501598511422 -8.448244319860645 -8.856306592637338 -9.203126774716406 -9.550601952417907 -9.874824785522984 -10.241294836275086 -10.603507415481364 -10.776426259804072 -10.782321220405983 -10.657217056520992 -10.288127023279152 -9.876789772390287 -10.030386245851178 -10.208872552964579 -10.265529674305162 -10.066411005085074 -9.908229562267143
-2.4412794665138593 -2.5935659487298803 -2.7117926585793075 -2.2889929842978383 -2.5018665615890505 -2.7605898324506772 -2.368247454612413 -1.6513547458578541 -1.1034509076913963 -0.5254172708929508 -0.6338190464058604 -1.0955909602221823 -2.125899074311648 -2.9744459031755413 -3.272468911383238 -3.4823950083734947 -3.402158044625269 -3.793845426841099 -4.377774024241454 -5.090736759261406 -5.672700369794458 -6.279226316168804 -6.847762516441948 -7.385841420271889 -7.675676983199155 -8.105354111516185 -8.490164039696454 -8.83600172834187 -9.189371866645281 -9.493289835454888 -9.776247944346592 -10.104400751186276 -10.466613330392553 -10.556675228477296 -10.537025359804261 -10.394563811924758 -10.102435764318972 -9.686513544073065 -9.396350483334583 -9.54306950275991 -9.651471278272819 -9.451042617807863 -9.057717746535946
-2.6014258961990944 -2.842791783066207 -2.9502110651454645 -2.9207362621359123 -3.192231947635012 -2.915168799345219 -2.3446676122047707 -2.0047248841612664 -1.7099768540657418 -0.9891541715765761 -0.5028199219189604 -0.582074392233535 -1.0654611615901945 -1.960840177458154 -2.800872063230399 -3.0527178800564636 -3.5040098639138333 -4.121998233680783 -4.944345237647296 -5.783067132174671 -6.373873183610589 -6.9892415708878 -7.535180422186955 -7.7401940520089525 -7.965840043937638 -8.236353236003085 -8.534048746399565 -8.900518797151667 -9.231291586481088 -9.510647219449403 -9.715660849271401 -10.03136873928483 -10.250792272800386 -10.304501913840015 -10.236382369106828 -10.14075300823139 -9.978641591678851 -9.447112644073256 -9.005973092363622 -9.111427387575576 -9.237186547082999 -8.904121273075056 -8.497041493732016
-2.937438650507992 -3.1103574948306996 -3.2793463654188 -3.5000798901792263 -3.710005987169483 -3.2547840295775066 -2.2313533695236023 -1.9425003000299883 -1.6493897589905506 -1.1699329633684972 -0.7117635254755657 -0.03417055406707714 -0.23034174298620957 -0.8895948369665323 -1.9628051643254576 -2.967895946951196 -3.600621718222922 -4.493053253789926 -5.453931831901335 -6.455092640792467 -7.16314290864416 -7.698274332173145 -7.9540501227338165 -8.072276832583244 -8.176748634361546 -8.462981721365422 -8.672907818355679 -9.002043118629015 -9.23227407991474 -9.388490535865369 -9.589901689763977 -9.77526545091294 -9.976676604811548 -10.03136873928483 -9.936394374031828 -9.910194549134447 -9.871877305222029 -9.337728375126694 -8.885781395646891 -8.913946207411573 -8.654240443116295 -8.218668354197355 -7.586925076359281
-3.6844611578945377 -3.992309100438752 -4.21762759455622 -4.364346613981548 -4.112173299344265 -3.0654902946939364 -1.9510152431216374 -1.487278342438012 -0.9004022647367016 -0.9013847581703534 -0.7811930614536227 -0.5038024153526122 -0.3875406923704885 -0.7811930614536227 -1.5996100916855287 -2.65317055037142 -3.7470132398370324 -4.930590329576171 -5.953038496196424 -7.027231316989001 -7.842700866919952 -8.271395501803331 -8.425646970886655 -8.437436892090476 -8.47149666445707 -8.632625587575957 -8.858271579504642 -9.116339854743835 -9.279106266918808 -9.337728375126694 -9.353448270065122 -9.41108788483936 -9.490342355153933 -9.565339353922683 -9.592849170064932 -9.610206554059447 -9.636733876768044 -9.359343230667033 -8.895606329983409 -8.448244319860645 -7.935382747494433 -7.388788900572845 -6.782262954198499
-4.437378625882994 -4.747191555294512 -4.906355491546095 -4.928625342708868 -4.338801784706602 -2.9403861308089474 -1.6592146933270682 -1.163055509332935 -0.8329377156259481 -1.1044334011250472 -0.7481157825206806 -0.7674381533824981 -0.9161221596751297 -1.1191708026298235 -1.2527899096064612 -1.8321335376497752 -3.241029121506382 -4.949257704815555 -6.476379998521588 -7.554502793048773 -8.283185423007152 -8.574330977179287 -8.696160162952104 -8.752817284292687 -8.789169541337802 -8.872026487575766 -9.116994850366268 -9.303668602760101 -9.35737824379973 -9.281071253786111 -9.286966214388022 -9.307598576494708 -9.209021735318316 -9.138609705906607 -9.252906442021427 -9.402245443936494 -9.31938849769853 -9.086865051734282 -8.618215683882399 -7.928832791270088 -7.2011326547453605 -6.6699312049509825 -6.3368659309430395
-4.526458030534085 -4.803521178823878 -4.91290544777044 -4.69610189674462 -3.815460282381437 -2.428834549687604 -1.1551955618637209 -0.5889518462690972 -0.647573954476985 -0.9275845830677332 -0.4402678399764657 -0.47367261672062533 -0.7107810320419139 -0.7595782059132841 -0.8516050908653314 -1.4149013261589998 -2.7176876191812176 -4.48421081288706 -6.95714678538851 -8.025444645579178 -8.470514171023419 -8.773449646399374 -8.923771141748091 -8.992218184292497 -9.041997851597518 -9.148434640243124 -9.388490535865369 -9.548636965550603 -9.482482407684719 -9.36916816500355 -9.360325724100685 -9.355413256932426 -9.28598372095437 -9.227361612746481 -9.267643843526203 -9.226379119312831 -9.150399627110428 -9.056735253102294 -8.761659725195553 -8.132863927658434 -7.376998979369024 -6.776367993596589 -6.362410760217985
-3.8338001598096034 -3.8017053743103126 -3.8056353480449197 -3.34484592766225 -2.599460909331791 -1.8435959610423795 -0.811650357896827 -0.5008549350516569 -0.520504803724692 -0.25686906569480605 0.04213643594654215 -0.3299010775962534 -0.8388326762278586 -0.8994197713030498 -1.0507237600854191 -1.635634850919426 -2.4727192563907154 -4.187497795924232 -7.531250448452348 -8.35949241302077 -8.682732752692196 -8.826176794005352 -8.981410756522328 -9.147452146809472 -9.247011481419516 -9.399297963635538 -9.579094261993808 -9.73825819824539 -9.58007675542746 -9.505734752281144 -9.55256693928521 -9.608241567192144 -9.6776711031702 -9.631821409599784 -9.601691610967798 -9.59186667663128 -9.517524673484965 -9.24308150768491 -8.924753635181744 -8.578915946536329 -7.887568067056715 -7.256807282652293 -6.787175421366757
-2.875869061999149 -2.709827671712004 -2.3260002369653874 -1.8583333625471559 -1.3788765669251024 -0.672791285940713 -0.6816337268435788 -0.528364751193906 -0.5332772183621648 -0.34267349223372534 -0.3652708412077157 -0.8028079169939613 -1.2665448176775858 -1.3759290866241471 -1.5098756914120024 -1.631704877184819 -2.4101671744482207 -4.274284715896803 -7.99891732287058 -8.644415508779778 -8.840914195510127 -8.923771141748091 -8.955210931624947 -9.123872304401832 -9.426807779777787 -9.611189047493099 -9.729415757342526 -9.866309842431335 -9.787055372116761 -9.724503290174265 -9.716643342705051 -9.856484908094817 -9.92755193312896 -9.909212055700795 -9.934429387164524 -9.843712493457346 -9.739240691679043 -9.431720246946046 -9.039050371296565 -8.685352735181935 -8.157098765688511 -7.524372994416786 -6.934549436414519
-2.087909328210447 -1.8809307115211453 -1.32320193901817 -0.7186409795111279 -0.24114917075637887 -0.12193996747329994 -0.14060734271268327 -0.26571150659767184 -0.31549117390269377 -0.5702844710297139 -0.9891541715765761 -1.109345868293306 -0.8836998763646218 -1.0399163323152498 -1.4414286488675971 -1.556707878416069 -2.520533936828434 -4.489123280055319 -8.549768641337993 -8.97158582218581 -9.081952584566023 -8.99909563832806 -9.032172917261 -9.244064001118561 -9.545034489627213 -9.778212931213895 -9.91707200317001 -10.027438765550222 -10.10145327088532 -10.032351232718481 -9.81915015761605 -9.949166788669299 -10.024491285249267 -10.013683857479098 -10.033988721774566 -9.86925732273229 -9.772317970611985 -9.410105391405708 -9.112409881009228 -8.492129026563758 -7.963875057070334 -7.499810658575492 -6.9257069955116535
-1.7237317621368664 -1.4443761291685524 -0.6043442433963078 -0.030240580332470124 0.24715006576854037 0.3663592690516193 0.3496568806795395 0.23634263799837107 -0.0037132576238727566 -0.3436559856673771 -1.0733211090594086 -1.0156814942851726 -0.6708262990734095 -1.163055509332935 -1.5655503193189348 -1.9248154182242567 -2.9950782652822276 -5.036044624788126 -9.17168698483955 -9.47756994051646 -9.293843668423584 -9.210004228751968 -9.211969215619272 -9.423860299476832 -9.696338478409583 -9.923949457205572 -10.167935326562421 -10.33495921028322 -10.491175666233847 -10.381791397287286 -10.12896308702757 -9.956044242704861 -10.030386245851178 -10.049708616712994 -10.048726123279343 -9.809652721090751 -9.41108788483936 -8.505883934634882 -8.97748078278772 -8.258623087165859 -7.578082635456415 -7.114345734772789 -6.8104277659631824
-1.5321455425747752 -1.2187301372398673 -0.30763122643347973 0.20326535906542897 0.44430374812132456 0.49015344169173947 0.4980133891609535 0.4063140020201237 0.02641654100811408 0.06145880680835969 -1.1581430421646761 -1.3369568470892945 -1.3261494193191252 -1.808553695242134 -1.8750357509192348 -2.186486169386839 -3.7617506413418083 -5.64748303833073 -9.656056247629861 -9.91707200317001 -9.640663850502651 -9.595796650365887 -9.568286834223638 -9.710093386480708 -9.983226561035893 -10.159092885659556 -10.432553558025958 -10.707979217259666 -10.9326427157547 -10.756776391131037 -10.572395123415724 -10.343801651186084 -10.235399875673176 -10.279284582376286 -10.087043367191761 -9.999928949407973 -8.652275456248992 -6.433477785252128 -7.776218811242851 -8.134828914525738 -7.399268830531796 -6.890664729711408 -6.647333855976992
-0.9541119057763305 -0.9960316256121384 -0.3272810951065148 0.286122305303393 0.6368724611170666 0.652264858244278 0.5137332840993816 0.42399888382585527 -0.05578540960741574 0.11025598067972986 -1.3212369521508665 -1.9952274476359655 -2.0047248841612664 -2.1609413401118935 -2.1026467297152234 -2.6377781532442084 -4.433448652148387 -5.944196055293558 -9.970781644209637 -10.224592447903007 -9.993051495372411 -10.066411005085074 -10.170882806863377 -10.314326848176533 -10.40635373312858 -10.504930574304971 -10.702084256657756 -10.878933074715071 -11.153376240515126 -11.054799399338734 -10.992247317396238 -10.774461272936769 -10.59564746801215 -10.371966462950768 -10.074270952554288 -9.965869177041379 -8.25960558059951 -5.676630343529065 -7.425796153240394 -7.928832791270088 -7.2129225759491815 -6.66305375091542 -6.16296459318668
-0.40129560044161305 -0.8437451433961174 -0.4150505085127376 0.3702892427862263 0.8779108501729622 0.8798758370402657 0.5235582184358982 0.062441300242011444 -0.35348092000389464 -0.2254292758179508 -0.9285670765013849 -1.4627160065967182 -1.5681703018086726 -1.931692872259819 -2.4032897204126584 -3.0956200933259232 -4.309654479508266 -5.716912574308787 -10.266512167738814 -10.708961710693318 -10.602524922047712 -10.560605202211903 -10.575997599339114 -10.686364361719328 -10.755793897697384 -10.685381868285676 -10.872055620679507 -10.919870301117227 -11.143551306178608 -11.07412177020055 -10.968667474988596 -10.784286207273286 -10.482333225330981 -10.11226069865549 -9.698303465276886 -9.28008876035246 -8.66210039058551 -7.409093764868314 -7.981559938876066 -7.62393232902683 -7.039021238192822 -6.501924827796533 -5.74507738607347
-0.26571150659767184 -0.380008242712492 -0.23230672985351308 0.37880418587787457 1.0878369471632192 1.3740700341670955 0.9532353467529298 0.02641654100811408 -0.6718087925070613 -0.7284659138476455 -0.5594770432595446 -1.1453706275272042 -1.4384811685666419 -1.837701000440469 -2.3289477172663426 -2.8457392633671623 -3.653348865828899 -5.627833169657695 -10.542920320406171 -10.794766137232237 -10.808521045303362 -10.979474902758765 -11.029254570063788 -11.087876678271675 -11.114076503169056 -10.941485156657563 -10.917905314249923 -10.978492409325113 -11.058401875262124 -11.102614079776451 -10.799678604400496 -10.535060372936957 -10.115208178956445 -9.590884183197629 -9.192319346946237 -8.789169541337802 -8.529136279231306 -8.290062877042715 -7.932435267193478 -7.46673337964255 -7.031161290723608 -6.393523052283624 -5.519431394144785
-0.40326058730891656 -0.32891858416260167 -0.015503178827693809 0.30675466741007984 0.6925470890239991 1.0586896419648841 0.9335854780798947 0.013644126370641274 -0.9619718532455446 -1.0320563848460358 -0.5008549350516569 -1.0418813191825533 -1.5976451048182252 -2.3905173057751856 -2.9492285717118127 -3.169962096472239 -3.6736537301243684 -5.082876811792192 -9.785090385249458 -11.32433009797053 -11.30762770959845 -11.305662722731146 -11.368214804673642 -11.35151241630156 -11.153376240515126 -11.043009478134913 -10.953930073483821 -11.086894184838023 -10.884828035316982 -10.879915568148721 -10.642479655016217 -10.387686357889196 -9.985191547903197 -9.459885058710729 -9.037085384429261 -8.939491036686519 -8.65718792341725 -8.403377119723883 -8.035269579915695 -7.565310220818942 -6.956164291954858 -6.282173796469759 -5.592790903857449
-0.4969249613170499 -0.34267349223372534 0.07030124771122548 0.14464325085754126 0.35555184128145 0.49899588259460526 0.3935415873826509 -0.10065260974417889 -0.9413394911388577 -1.2557373899074165 -1.100503427390441 -1.406058885256134 -2.2313533695236023 -3.0916901195913162 -3.728345864597649 -3.934669485664516 -4.021456405637087 -4.678744512750106 -7.15233548087399 -10.29205699701376 -11.395397123004672 -11.669840288804728 -11.73140987731357 -11.554561059256255 -11.2706204569309 -10.998142277998149 -10.869108140378554 -11.012552181691708 -10.89563546308715 -10.782321220405983 -10.659182043388295 -10.394563811924758 -10.125033113292963 -9.702233439011493 -9.383905566508327 -9.170049495783463 -8.892658849682453 -8.690265202350194 -8.35949241302077 -7.803728627385099 -7.110415761038182 -6.265471408097679 -5.55938612711329
-0.9033497450376569 -0.5840393791008385 -0.068230326433671 0.0634237936756632 0.0653887805429667 0.18165050352509038 0.15545067862771056 -0.17466711507927712 -0.7510632628216358 -1.3035520703451349 -1.5888026639153594 -1.8213261098796067 -2.709827671712004 -3.523332234775651 -4.100710875951661 -4.035211313708212 -4.197322730260749 -3.8524675350489863 -4.906355491546095 -7.548935330258079 -11.391467149270065 -11.912188669105491 -11.730427383879919 -11.53032622122618 -11.40522205734119 -11.191365986616326 -11.173681104810594 -11.028272076630135 -10.928712742020092 -10.730576566233657 -10.610384869516926 -10.439431012061522 -10.175795274031636 -9.9776590982452 -9.703215932445145 -9.401262950502842 -9.004008105496318 -8.72759995282896 -8.316262701940094 -7.73331659797339 -6.868067380737418 -6.020503045307176 -5.257760642982204
