static/data/ASCData/20210101/ASCV/06.asc
ncols 97
nrows 97
xllcorner 99.0
yllcorner 2.0
cellsize 0.25
NODATA_value -32767
[rows 38 to 56 of 97, columns 0 to 42 of 97]
-0.6603432108550331 -0.4210915528163346 -0.6185691118324028 -1.0891606667312708 -1.411327581920946 -1.2657511762360238 -0.9132030981207997 -0.9084560414136824 -1.5607016329715622 -2.0990178635586325 -1.8265368085701157 -2.26294955517774 -2.7560105118236287 -3.1202679964830753 -3.335151430091906 -3.407623162487226 -3.43104197557567 -3.60953130776327 -3.763968885968144 -3.7237771391812196 -3.803844162307927 -3.9171405823844534 -4.010182893843947 -4.051956992866577 -4.283613360173888 -4.817815474948123 -4.809903713769595 -4.653567312881874 -4.315576875335142 -4.163354590260257 -4.397859191591838 -4.137087543147542 -3.703523030564187 -3.0765950747775985 -3.4348396209413634 -4.302918057449497 -5.343156417202407 -7.0530462431059595 -8.138856347247195 -9.025606540136653 -9.766780327341193 -10.495295296660085 -10.948480976966191
-0.5422997340713893 -0.5030573986258888 -0.665406738009291 -1.056880681122875 -1.414492286392358 -1.517028711266085 -1.2413829518061563 -1.2315723679447812 -1.740456846947727 -1.9679990984422027 -1.7736862438975463 -2.442704769153905 -3.3370502527747528 -3.6975100920685056 -3.7892865217394345 -3.8380229705991695 -3.748461834058228 -3.954484095147107 -3.9535346838056835 -3.947521745310002 -4.051007581525154 -4.24532043606981 -4.35956626748776 -4.500395616465565 -4.774775494136929 -5.1849211936318405 -5.072574184896737 -4.943770712910295 -4.618439093249208 -4.550081476666723 -4.236459263549858 -3.904481764498808 -3.148750336725777 -2.645878796218514 -2.8468375301531346 -3.285465569890748 -3.9386605727900506 -6.978675688027793 -8.61735966332459 -9.61265921958346 -10.40446827833058 -10.999432718955912 -11.392805484752344
-0.5422997340713893 -0.6302785183766249 -0.814780789059907 -1.2473958903018385 -1.6711498190238183 -1.7736862438975463 -1.693619220770839 -1.6955180434536858 -1.9806579163278482 -2.1281331446956173 -2.0638896439259664 -2.7943034359277066 -3.6459254091845006 -4.053855815549424 -4.146898127008917 -4.099744030384889 -4.057020520020835 -4.18962163737297 -4.120314609449062 -4.176962819487326 -4.279499244361053 -4.507041495855528 -4.770661378324094 -4.91718719535044 -5.308977608911165 -5.629245701417993 -5.280495268668463 -4.891869559579149 -4.523814429554009 -4.609577920729256 -4.174114585463055 -3.437687854965634 -2.6898681883711317 -2.597775288253062 -2.7493646324336654 -2.60568704943159 -2.5541023665475846 -5.475757534554543 -8.99649125899967 -10.129138989317791 -10.702266969090388 -11.293117293902887 -11.674147712260813
-0.6837620239434772 -0.8616184152367952 -1.1027688959583397 -1.6879227527222982 -2.111676681444278 -2.219909574366546 -2.1398425512398394 -2.0031273180748688 -2.1936425272538322 -2.359789512002928 -2.5743564751646177 -3.2142597192839926 -3.700358326092776 -4.107655791563417 -4.178861642170172 -4.132024015993284 -4.185823992007277 -4.276651010336783 -4.251333374565492 -4.352920388097797 -4.453241519841535 -4.780471962185469 -5.043142433312612 -5.319737604113963 -5.711211547227547 -5.770707991290081 -5.387145809355025 -4.746293153894227 -4.318741579806554 -4.24816867009408 -3.3617349476517613 -2.6332199783328685 -2.718034058166693 -2.6300552738614575 -2.3275095263945325 -2.2442777987964133 -1.8420438604800307 -4.045311113476613 -8.121450472654432 -10.315856553131063 -10.89784570542361 -11.557053646818593 -11.938717006070803
-0.9613066060862518 -1.2091029661977606 -1.7395074356063036 -2.332256583101649 -2.5246706149634592 -2.6332199783328685 -2.5208729695977654 -2.3528271621658225 -2.3126354153788986 -2.4249824241140017 -2.8117093105204685 -3.395913755943004 -3.7934006375522693 -4.01113230518537 -4.082338155792126 -4.138986365830389 -4.216205154932826 -4.289309828222428 -4.337096865740739 -4.436785056590197 -4.619388504590631 -4.963075410185905 -5.164350614567667 -5.4415787262633 -5.675133916253458 -5.705198608731866 -5.331447010658185 -4.606729686704986 -4.0930981509949245 -3.6104807191046935 -2.6936658337368256 -2.4553635870395505 -2.540177666873375 -2.8265834215361023 -2.338269521597331 -2.229720158227922 -1.8860332526326484 -3.497500769475308 -6.3909900676867055 -8.69267962974418 -10.979811551233162 -11.63996890396957 -12.131131037932612
-1.3705028942397401 -1.7990038796688363 -2.495238863379334 -2.911397501369926 -3.044315089169203 -2.984502174659528 -2.869306931900155 -2.7015775949153538 -2.597775288253062 -2.4623259368766552 -2.679108193168333 -3.253185584282352 -3.686750096865707 -3.9114441143359127 -4.090249916970654 -4.175063996804479 -4.258928665296879 -4.341210981553575 -4.393745075779003 -4.480774448742815 -4.730786101984311 -4.950416592300259 -5.16814825993336 -5.395690511427836 -5.596965715809597 -5.4523387214660985 -5.120361222415049 -3.9503699793342726 -3.1038115332317364 -2.7208822921909626 -2.7053752402810476 -2.430995362609683 -2.7610740389778874 -3.177865617862762 -3.407623162487226 -3.042416266486356 -2.434793007975377 -3.0069715764065488 -4.626350854427736 -6.046037280302868 -9.053139469037934 -11.760860614777485 -12.362470934792782
-1.8439426831628776 -2.3743471525714197 -3.285465569890748 -3.586112494674826 -3.5588960362206885 -3.4661701952083357 -3.3908502287887456 -3.276604397370796 -3.0129845149022305 -2.5851164703674163 -2.4553635870395505 -2.985768056448093 -3.5588960362206885 -3.8585935496633432 -4.063666399410799 -4.285512182856735 -4.371275674031982 -4.455456812971524 -4.460203869678641 -4.486470916791355 -4.639959083654805 -4.820663708972393 -5.000418922948558 -5.214985886110248 -5.2725835074899345 -5.110550638553673 -4.231712206842742 -2.402513022366981 -1.1496065221352278 -0.8568713585296779 -1.5451945810616463 -2.1281331446956173 -2.4974541565093213 -3.0148833375850774 -3.6876995082071304 -3.9320146934000864 -3.1341926961572852 -3.1633079772942696 -3.9310652820586633 -5.37733522549365 -9.232578212566956 -12.199488654515097 -12.584316718238718
-2.138893139898416 -2.913296324052773 -3.8782147173860935 -4.195634575868652 -4.192786341844382 -4.1165169640833685 -4.04720993615946 -3.9193558755144413 -3.5373760458150914 -2.8702563432415786 -2.560748245937549 -2.9278539646212653 -3.2864149812321712 -3.522818405246599 -3.8361241479163226 -4.226965150135625 -4.489635621262766 -4.6779355373117415 -4.757053149097025 -4.696607293693068 -4.718127284098665 -4.787434312022574 -4.853893105922213 -4.937757774414614 -4.8675013351492815 -4.260194547085444 -2.969944534091036 -1.5882345618728406 -0.4562197724490007 0.2536234404885649 -0.751170229184539 -1.9271744107609967 -2.4249824241140017 -2.3626377460271977 -2.3411177556216005 -3.0832409541675623 -3.3060361489549215 -4.22000280029852 -4.7551543264141785 -5.674184504912034 -9.772793265836874 -13.033388282731988 -13.124215301061493
-1.9347697014923835 -3.1838785563584433 -4.404505070981801 -4.710215522920137 -4.606729686704986 -4.392795664437579 -4.148796949691764 -3.6459254091845006 -2.921208085231301 -2.4885929839893697 -3.1468515140429307 -3.734537134384018 -3.7696653540166842 -3.7092194986127276 -3.829478268526359 -4.202280455258616 -4.57444970109659 -4.823511942996664 -4.787434312022574 -4.582361462275118 -4.404505070981801 -4.314627463993719 -4.405454482323225 -4.5383720701225005 -4.289309828222428 -3.2367291210310127 -2.0373061263661114 -1.6771627575194996 -1.1116300684782914 -0.7112949528447556 -1.3958205300110302 -2.1300319673784642 -2.316749531191734 -2.1417413739226863 -1.8224226927572804 -2.23763191940645 -2.9933633471794803 -4.699455527717339 -5.924196158153531 -6.409345353620891 -9.864569695507804 -13.4435339822269 -14.049258418055032
-1.6056404364656034 -2.9161445580770433 -4.345958038260691 -4.675087303287471 -4.501345027806988 -4.182975757983007 -3.546237218335043 -2.822469305723267 -1.6866568709337333 -1.3860099461496551 -2.5813188250017225 -3.694661858044235 -3.762070063285297 -3.829478268526359 -3.984548787625515 -4.1165169640833685 -4.3079815846037555 -4.380136846551934 -4.250383963224069 -4.057969931362258 -3.68485127418286 -3.619341891624645 -3.750360656741075 -3.839288852387734 -3.4418019707784686 -2.4623259368766552 -2.0423696535203693 -1.815776813367317 -1.3303111474528153 -1.3518311378584125 -1.527472236021743 -1.3040441003401018 -1.2530923583503784 -1.2024570868077973 -1.2404335404647338 -2.1847813547338806 -3.2152091306254156 -4.191836930502959 -5.758998584745859 -5.814697383442699 -7.05019800908169 -10.779485758192825 -14.135021909230279
-1.9787590936450012 -2.7882904974320244 -3.93581233876578 -4.212091039119991 -4.051956992866577 -3.6759901016629084 -3.04906214587632 -2.5177082651263545 -1.6790615802023465 -1.5980451457342157 -2.1683248914825413 -2.5373294328491047 -2.3411177556216005 -2.674994077355498 -3.713017143978421 -4.037399352298085 -4.037399352298085 -3.9203052868558643 -3.813654746169302 -3.619341891624645 -3.225019714486791 -3.1066597672560063 -3.2386279437138596 -3.3041373262720746 -2.9183598512070312 -2.444603591836752 -2.192693115912409 -1.9964814386849046 -1.6964674547951093 -1.6290592495540475 -1.196444148312116 -0.9894724758818132 -0.5638197244769865 -0.39957156241073744 -1.0109924662874104 -2.1417413739226863 -3.7560571247896153 -4.179811053511595 -5.5140504586586205 -5.34094112407242 -6.2501607187089006 -10.334211839065247 -14.152744254270182
-2.5949270542287914 -2.983552763318105 -3.4484478501684324 -3.710168909954151 -3.694661858044235 -3.332303196067636 -3.2826173358664774 -2.864559875193038 -2.3987153770012872 -2.4230836014311548 -2.655689380079889 -2.3059895359889353 -2.098068452217209 -2.382258913749949 -3.4044584580158146 -3.8595429610047667 -3.8538464929562264 -3.4769301904111343 -3.437687854965634 -3.344962013953281 -3.1721691498142213 -3.0481127345348966 -3.058872729737695 -3.1183691738002284 -2.9044351515328213 -2.5177082651263545 -2.2825707229004912 -2.174021359531082 -2.007241433887703 -1.7834968277589214 -1.3176523295671707 -0.8995948688937307 -0.47109388346463454 -0.22772810961310164 -0.8714289990981703 -1.6702004076823949 -3.318694966840567 -4.051007581525154 -5.073523596238161 -5.12637416091073 -6.061860802659925 -10.151608391064812 -14.661312262825987
-2.850951645965969 -3.0462139118520497 -3.3557220091560795 -3.642760704713089 -3.646874820525924 -4.314627463993719 -4.27570159899536 -3.8997347077916906 -3.295276153752123 -3.251286761599505 -3.370279649724572 -2.9993762856751616 -2.6876528952411434 -2.960133950229661 -3.040200973356368 -3.4845254811425215 -3.515856055409494 -3.079443308801869 -3.0433656778277793 -3.131027991685874 -3.0902033040046675 -3.0958997720532078 -3.1047609445731594 -2.907599856004232 -2.6898681883711317 -2.5509376620761737 -2.259151909812047 -2.239530742089297 -2.1828825320510337 -1.9075532430382456 -1.4024664094009944 -0.9913712985646601 -0.9847254191746959 -0.753069051867385 -1.2122676706691724 -1.807865052188788 -3.0082374581951137 -3.7943500488936928 -4.520649725082597 -4.639959083654805 -5.592218659102481 -10.260157754434221 -14.780621621398193
-2.7806952067006376 -3.0082374581951137 -3.243375000420977 -3.639912470688819 -5.002317745631405 -5.671019800440623 -5.751403294014471 -5.345055239885254 -4.107655791563417 -3.898785296450267 -3.928849988928675 -3.560794858903535 -3.2218550100153798 -3.2171079533082625 -3.29717497643497 -2.985768056448093 -3.0528597912420135 -2.690817599712555 -2.592078820204521 -2.950323366368286 -3.306985560296345 -3.3000232104592397 -3.0765950747775985 -2.8791175157615303 -2.6145482219515417 -2.543342371344786 -2.26294955517774 -2.2521895599749415 -2.24332838745499 -2.0892072796972574 -1.6252616041883536 -1.6075392591484503 -1.6008933797584861 -1.504053422933299 -1.9436308740123351 -2.468022404925196 -3.4006608126501208 -3.773779469829519 -3.7471959522696636 -3.8285288571849354 -4.788383723363998 -9.460120464061433 -14.864486289890596
-2.5756223569531818 -2.857597525355933 -3.1038115332317364 -4.150695772374611 -5.755200939380165 -7.169190897206756 -7.280588494600436 -6.091925495138333 -4.643756729020499 -4.191836930502959 -4.036449940956661 -3.726941843652631 -3.5218689939051755 -3.581365437967709 -3.4348396209413634 -2.9398798416126284 -2.523721203622036 -2.2942801294447133 -2.253138971316365 -3.150649159408624 -3.7092194986127276 -3.318694966840567 -3.1202679964830753 -3.035453916649251 -2.758225804953617 -2.576571768294605 -2.343965989645871 -2.4417553578124815 -2.615497633292965 -2.592078820204521 -2.54998825073475 -2.521822380939189 -2.2464930919264017 -2.1145249154685484 -2.0433190648617927 -2.599041170041626 -3.722827727839796 -3.7630194746267205 -3.6028854283733063 -3.0177315716093474 -3.9193558755144413 -9.353786393822011 -15.058799144435252
-1.9759108596207309 -2.5246706149634592 -3.360469065863197 -4.508940318538375 -6.763792254418963 -8.304053920654866 -7.907516450387025 -6.384027717849601 -4.764964910275554 -4.095946385019195 -3.9503699793342726 -4.024740534412439 -3.82156650734783 -3.7532088907653454 -3.6342160026402786 -2.8556987026730862 -2.1290825560370408 -2.038255537707535 -2.3214965878988503 -3.264894990826574 -4.020626418599605 -3.4418019707784686 -3.227867948511061 -3.2152091306254156 -3.177865617862762 -2.9310186690926767 -2.5892305861802507 -2.9563363048639673 -3.490538419638203 -3.66523010646011 -3.658584227070146 -3.6126960122346814 -3.196537374244089 -2.5813188250017225 -2.2825707229004912 -2.3664353913928915 -3.658584227070146 -3.616493657600375 -3.4329407982585165 -2.806962253813351 -3.2756549860293727 -8.919272469897233 -15.751236482780055
-1.6879227527222982 -2.4651741709009256 -3.4503466728512793 -4.765914321616977 -7.339135527321546 -8.86547249388324 -8.117336356841598 -6.587201744914209 -5.4387304922390305 -5.161502380543396 -5.495378702277294 -5.415311679150586 -4.512105023009787 -4.023791123071016 -3.7335877230425947 -2.9357657257997936 -1.8420438604800307 -1.7062780386564844 -2.1847813547338806 -2.5794200023188756 -3.1652067999771165 -3.1908409061955485 -3.3117326170034618 -3.6126960122346814 -3.742448895562547 -3.501298414841002 -3.0392515620149445 -3.653520699915888 -4.322539225172247 -4.484572094108508 -4.257029842614032 -4.232661618184165 -4.028538179778133 -3.5490854523593134 -3.225969125828214 -2.9240563192555715 -3.5785172039434388 -2.7493646324336654 -2.5177082651263545 -2.2572530871292003 -2.521822380939189 -8.192656323261186 -15.516731881448475
-1.6407686560982695 -2.4806812228108415 -3.326290257571954 -4.768762555641247 -7.589147180563042 -9.157574716594507 -8.268925701022201 -6.835314575472859 -6.041290223595752 -6.079266677252687 -6.3001630493572 -6.560934697801495 -5.8184950288083925 -4.657364958247568 -3.475031367728288 -2.5892305861802507 -2.2335178035936147 -2.810759899179045 -2.7727834455221094 -2.340168344280177 -2.955386893522544 -3.306985560296345 -3.790235933080858 -4.198482809892923 -4.213040450461414 -4.135188720464695 -4.1048075575391465 -4.479825037401391 -4.387099196389039 -4.586159107640812 -4.255131019931186 -3.912393525677336 -3.656368933940158 -3.7728300584880956 -4.527612074919702 -4.458305046995794 -4.341210981553575 -3.1398891642058255 -2.832279889584642 -2.822469305723267 -3.192739728878395 -8.607549079463215 -15.58508949803096
-1.6730486417066652 -2.395867142977017 -3.1019127105488895 -5.0070648023385225 -8.03157286566635 -9.435752239631565 -8.445516210526954 -7.168241485865333 -6.561884109142919 -6.618532319181181 -6.450486511749239 -6.534351180241639 -6.075469031886994 -5.203276479566026 -3.999422898641148 -3.0060221650651253 -2.8500022346245464 -3.940559395472897 -3.473765485939723 -2.7981010812933995 -3.2443244117624004 -3.597821901219048 -4.389947430413309 -4.853893105922213 -4.740596685845686 -4.639959083654805 -4.801991952591067 -4.928896601894662 -4.492483855287037 -4.465267396832899 -4.147847538350341 -3.6047842510561527 -3.225019714486791 -3.4066737511458025 -4.202280455258616 -4.520649725082597 -4.388048607730462 -3.7092194986127276 -4.035500529615238 -4.123479313920473 -5.188718838997533 -10.465230604181677 -16.193662167883364
