static/data/ASCData/20210101/ASCV/09.asc
ncols 97
nrows 97
xllcorner 99.0
yllcorner 2.0
cellsize 0.25
NODATA_value -32767
[rows 57 to 75 of 97, columns 0 to 42 of 97]
-1.4682565845992839 -1.4711284231434147 -2.616672909079889 -6.233594008826391 -8.740709057852264 -8.786339381386782 -7.556873391327383 -6.912305184755885 -6.68798268514214 -7.053025273418276 -6.966231930751223 -6.742547617480619 -5.941623756839797 -5.1888829651060515 -4.3069094388864375 -3.1986988540236583 -2.510095789775493 -3.0882926166604214 -3.0745716102829093 -3.1447721080283197 -3.9134675583405674 -4.424016632852645 -4.861812464246752 -4.700670412603877 -4.475071540303853 -4.865641582305592 -5.321625724479192 -5.255254344792622 -4.756192624457066 -4.508257230147138 -4.336266010670881 -3.9543114843015332 -3.695526922158224 -3.8167823273548422 -4.045253038198997 -4.068546839723611 -3.8001894824331997 -3.4064285087157598 -3.487797267466122 -2.997351062762957 -4.291273873479504 -10.120467931721155 -16.031668935056306
-1.2298939854364574 -1.2024519726814331 -3.3773910301028853 -7.0188823040602815 -8.90950934561282 -8.928016749563882 -7.908514066397577 -7.327445400968518 -7.08142456568801 -7.099931969639074 -6.81689632645644 -6.260078742066705 -5.50318973910255 -4.771828189863998 -3.9016611109924755 -3.3343134519409285 -2.7893023148992855 -2.238547500769381 -2.608695579790638 -3.1546639963469914 -3.9565451365025237 -4.5385710814462925 -4.679929356451824 -4.52485007506878 -4.52070186383837 -4.805013879707284 -5.0424191993553995 -5.04624831741424 -4.643871828064409 -4.280743798817693 -4.120559026689529 -3.7443481774084413 -3.486520894779842 -3.101056343523223 -2.915344117669455 -1.9934839450035842 -1.631313195271579 -1.8588266266010232 -2.3674611420836813 -2.864608303389817 -7.746414735239992 -13.55710138953058 -16.360653994945025
-0.7560406256549355 -1.8380855704489703 -4.594093293299482 -7.7649221391910555 -9.63129809970427 -9.082457844603786 -8.084334403932674 -7.5511297142391225 -7.329359959997938 -6.983782055187576 -6.448662806464604 -5.798031829633275 -5.096984131693878 -4.369451700514167 -3.9153821173699876 -3.3537781354067016 -2.62050202713873 -1.7717141907623999 -2.8352517316053727 -3.102013623037933 -3.6205400268392625 -4.408381067445713 -4.5580357649120655 -4.5609076034561955 -4.551015715137524 -4.401680110842742 -4.500279900857887 -4.632065380716317 -4.241495338714577 -3.8908119431590937 -3.557997765211533 -3.1750859593274745 -2.374481191858222 -1.9641273732191395 -0.6858401279095245 0.554475029983255 0.7867748588862504 -0.8147537692238238 -2.3381045702992367 -6.497484061714822 -11.33621291540304 -14.047228501062174 -16.749309477917347
-0.7084957430909977 -2.971185422694213 -6.650648784068445 -9.313800393992071 -9.119472652505912 -8.570632397405427 -8.136984777241732 -7.574423515763736 -7.266817698370209 -6.743504896995329 -6.114572255830763 -5.368532420699989 -4.7016276921185876 -4.227774332337065 -3.7727474696781758 -3.4964127830985134 -2.728993705472546 -2.441809851059503 -3.717225257824987 -3.098822691322233 -2.9925646651894064 -3.9437814096397217 -4.664293791044892 -4.667484722760593 -4.32733140186692 -4.12821726280721 -4.021959236674384 -4.082267846101123 -3.684039567981702 -3.3598409056665326 -2.9309796830763872 -2.185897127460324 -1.3849732668195012 -0.5208689582078092 0.7778402500822885 1.4370867425460094 1.089594278706226 -1.4711284231434147 -5.545310037749796 -10.116638813662314 -13.378409213451352 -16.091977544483044 -16.676237141627805
-1.5579217658104678 -4.801184761648443 -8.291425872281636 -8.84600980447038 -8.628388261459607 -8.25728290292364 -7.8635219292062 -7.422216072924822 -7.082381845202721 -6.388035103866295 -5.740595058750666 -5.057097485247621 -4.552930274166945 -4.119601747174819 -3.9622888135907846 -3.7328608232319196 -3.610648138520591 -3.908681160767016 -4.358602532680785 -2.866522862419237 -2.897793993233102 -4.082267846101123 -4.805971159221993 -4.552930274166945 -4.166508443395616 -3.805933159521461 -3.638090151275615 -3.487797267466122 -3.1821060091020157 -2.748458388938319 -2.047091597827352 -1.3588076267507576 -0.8508112976112399 -0.04222920085273607 0.6218036891845351 0.6460547702238584 -1.1019376236368679 -4.274681028557863 -8.733689008077723 -12.31774351115251 -15.046309221247997 -16.097083035228167 -16.58625286724505
-2.589230896324865 -6.512162347607044 -8.3791764944634 -8.494369129400187 -8.268770257100162 -8.005199297383301 -7.60282280803347 -7.199489039168928 -6.647776945524314 -6.0590500439775745 -5.44256203650424 -4.8538351349575 -4.427207564568345 -4.187887685890809 -4.109709858856148 -4.098860691022765 -4.107795299826726 -4.3576452531660745 -4.059931324091219 -3.184977847646146 -4.684077567682235 -5.17324739969912 -4.677057517907693 -4.301165761798176 -4.091202454905084 -3.8774100299531518 -3.2778339605730302 -3.0570214858465565 -2.720059096668585 -2.0148631874987775 -1.6077003005753951 -1.5285651940260232 -1.0483299708131 -0.2777199614714325 0.28196946146243285 -1.0687519337935827 -3.9504823662426927 -7.521773142454678 -10.930964587509077 -14.015000090733599 -15.829363864280896 -16.690915427520025 -16.692829986549448
-3.0177730257434403 -7.287558754522262 -8.398641177929171 -8.228883610653906 -7.963078998736055 -7.659621392572939 -7.2700086300859095 -6.856782972902696 -6.119358653404314 -5.557116485097888 -5.066670280394723 -4.665251070559602 -4.379343588832838 -4.202565971783031 -4.142895548699432 -4.117368094973829 -3.9954745034340697 -3.8432670605951564 -3.8764527504384416 -4.297336643739335 -6.0979794109091205 -6.4387709181459325 -5.3803388680480815 -4.424016632852645 -4.117368094973829 -3.827631495188224 -3.388878384279407 -2.8754574712231986 -2.269818631583246 -1.7806487995663618 -1.8987132730472798 -2.3470391791031977 -2.2123818607006376 -1.425179006437327 -1.5138869081338013 -3.8186968863842625 -6.765841419005232 -9.688734870586877 -12.702569876065988 -14.979937841561426 -16.38713872818534 -16.940765380859375 -16.882052237290488
-3.335270731455639 -7.196617200624798 -7.874371097039582 -7.872456538010161 -7.7649221391910555 -7.493373850184943 -7.0099476952563196 -6.395693339983976 -5.713153045995642 -5.239618779385689 -4.838199569550568 -4.6537637163830805 -4.423059353337935 -4.252344506547959 -4.049082156257837 -3.8831537070414126 -3.8295460542176443 -3.662341232314939 -4.1272599832925 -4.973814167467839 -6.097022131394411 -6.510247788577623 -6.09510757236499 -5.3637460231264384 -4.52293551603936 -3.6205400268392625 -3.257092904420977 -2.8713092599927883 -2.5120103488049135 -2.3949031548387056 -2.6058237412465077 -3.102013623037933 -3.34324806074489 -3.184020568131436 -3.9750525404535866 -6.465255651386246 -8.868346326480284 -11.184005472564127 -13.593158917917995 -15.124487048282658 -16.290453497199614 -16.895773243667996 -16.834188261554978
-3.545234038348731 -7.53836598737632 -8.090078081020934 -7.814700673955983 -7.412324184606151 -7.060045323192817 -6.498441341229531 -5.860574091261004 -5.350982296263637 -5.037313708610279 -4.743428897594264 -4.5998369703877415 -4.359559812195496 -4.231922543567476 -4.062803162635349 -3.93293224180634 -3.9281458442327892 -4.110667138370857 -4.6371708714614375 -5.4250119120678875 -5.883229706442478 -6.106914019713082 -5.8168583267559075 -4.924992912217622 -3.760941022330084 -3.257092904420977 -3.2688993517690688 -3.202527972082499 -2.8732238190222086 -2.698679854173392 -2.9836300563854454 -3.6996751333886344 -4.237666220655736 -4.997427062164022 -6.150629784218179 -8.112733696202408 -10.225768678339271 -12.24850029292181 -13.63719377559466 -14.983766959620267 -15.872441442442852 -16.36544039251858 -16.132183284100872
-3.938675918894601 -7.364460208870644 -7.85969281114736 -7.20650908894347 -6.842104687010474 -6.413562557591899 -5.800265481834265 -5.399803551513854 -5.023911795404336 -4.8420286876094085 -4.713115046295109 -4.582286845951389 -4.438694918744867 -4.274681028557863 -4.216286978160543 -4.176081238542717 -4.394021874725061 -4.7016276921185876 -5.124426144448902 -5.562860162186149 -5.9320509616926955 -6.179029076487913 -5.900779830878831 -4.65280643686837 -3.3588836261518225 -3.0774434488270397 -2.996393783248247 -2.8764147507379088 -2.7092099288352034 -2.5854017782660246 -3.177957797871605 -4.06184588312064 -5.338218569400834 -6.234551288341102 -7.4525299242239775 -9.249343573334922 -10.94372831437188 -12.429107028030458 -13.669422185923235 -14.819753069433261 -15.506122481480435 -15.221172279268384 -14.802202944996909
-3.9926026648899393 -5.776652587138082 -4.827350401717187 -4.372323539058297 -5.666246349774845 -5.342047687459675 -5.24249061792982 -4.841071408094699 -4.815863047540665 -4.737685220506003 -4.666208350074312 -4.484644335450954 -4.3949791542397705 -4.407423787931002 -4.361793464396486 -4.598879690873032 -4.823521283658346 -5.094112293149747 -5.369489700214699 -5.725916772858444 -6.0501154351736135 -6.319749165150304 -6.077557447928637 -4.806928438736703 -2.842271781379914 -2.391074036779865 -2.075490890097087 -2.0687899334941156 -2.2015326928672563 -2.561788883569841 -3.239542779984624 -4.6371708714614375 -5.9259881914328645 -7.1430095478010305 -8.332269798242601 -9.815733952871758 -11.281647983064563 -12.440913475378547 -13.352881759725747 -14.368555324833213 -14.131150005185097 -13.810780460928768 -13.210247112033937
-4.075566889498152 -3.9105957197964365 -2.5668943743149617 -2.047091597827352 -3.357607253465542 -4.816820327055375 -4.723006934613781 -4.58739233669651 -4.693650362829336 -4.6505727846673794 -4.6566355549272105 -4.488473453509795 -4.469966049558732 -4.481772496906824 -4.559950323941486 -4.793207432359191 -4.998384341678733 -5.24153333841511 -5.4116099988619455 -5.726874052373154 -6.073728329869796 -6.261036021581416 -5.990445012090014 -4.040466640625446 -2.0774054491265073 -1.7082146496199604 -1.634185033815709 -2.0802772876706372 -2.4006468319269665 -2.9651226524343826 -4.0736523304687315 -5.463303092656294 -6.762969580461102 -7.9787145641429875 -9.092987919265598 -10.465088557016808 -11.53660342714903 -12.282643262279805 -13.070803396057824 -13.326397026485434 -13.086119868293187 -12.50728485506512 -11.924301630606639
-4.1272599832925 -3.322507004592837 -1.8967987140178595 -1.3948651551381728 -2.7082526493204933 -4.168423002425036 -4.476986099333273 -4.402637390357452 -4.616429815309385 -4.5969651318436116 -4.64961550515267 -4.595050572814191 -4.564736721515036 -4.506342671117718 -4.583244125466099 -4.611643417735833 -4.810757556795544 -5.011148068541535 -5.277590866802525 -5.554882832896897 -5.751444226584048 -5.857702252716874 -4.642914548549698 -2.6907025248841405 -1.9162633974836325 -1.6625843260854438 -2.4845683360498887 -3.1371138719106386 -3.47503354060332 -4.249472668003829 -5.386082545136341 -6.581405565837744 -7.883305705843543 -9.008109135627965 -10.15269634204973 -11.07359923520089 -11.817724511302243 -12.296364268657317 -12.77181309429669 -12.841056312527389 -12.177980702004827 -11.598826595605189 -11.242399522961446
-3.6537257166825476 -2.700594413202812 -1.5824919400213613 -1.3929505961087525 -2.5512588089080293 -3.852839855742258 -4.210224207900712 -4.321587724778659 -4.503151739402017 -4.641957269034989 -4.669399281790012 -4.629193542172186 -4.5385710814462925 -4.45847869538221 -4.358602532680785 -4.350944296563104 -4.345200619474843 -4.4575214158675 -4.969985049408998 -5.234832381812138 -5.260040742366172 -4.685034847196945 -3.4045139496863395 -2.5072239512313623 -1.9963557835477141 -2.975971820267764 -4.055144926517668 -4.52293551603936 -5.029655472492598 -5.8273884014177195 -6.807004438137769 -7.986691893432239 -9.076395074343955 -10.170246466486082 -10.971170327126904 -11.65753973917408 -12.11448116086239 -12.339122753647704 -12.760006646948597 -12.511113973123958 -11.908666065199707 -11.359825810099224 -11.029564377524224
-2.81865888668373 -1.8948841549884392 -1.2417004327845493 -1.160650767205757 -2.0802772876706372 -3.452377925421847 -4.337223290185592 -4.509214509661848 -4.546229317563974 -4.742471618079554 -4.71917781655494 -4.618344374338805 -4.475071540303853 -4.339137849215012 -4.204480530812452 -4.100775250052186 -4.0765241690128615 -4.159488393621075 -4.651849157353659 -4.834370451491727 -4.633979939745737 -3.9291031237474994 -3.184020568131436 -2.726760053271556 -3.2931504328083925 -4.476986099333273 -5.509252509362381 -5.983744055487043 -6.595126572215256 -7.386158544537407 -8.301955946943448 -9.267850977285985 -10.28735366045229 -11.069770117142049 -11.777837864855988 -12.144795012161543 -12.431978866574587 -12.398793176731303 -12.758092087919177 -12.619605651457775 -12.05512983095036 -11.376418655020867 -10.41818186079601
-2.5512588089080293 -1.797241644488004 -1.7248074945416034 -1.9583836961308787 -2.5978464119572564 -3.7015896924180547 -4.6566355549272105 -4.888935383830206 -4.9406284776245535 -4.942862129825544 -4.674185679363563 -4.534422870215882 -4.2679800719548915 -4.170337561454456 -4.136194592096461 -4.0541876470029585 -4.0541876470029585 -4.222987934763514 -4.594093293299482 -4.5551639263679355 -4.295102991538345 -3.848053458168707 -3.593098014084238 -3.879324588982572 -4.675142958878274 -5.69943203961813 -6.54821987599446 -7.26873225739963 -7.98956373197637 -8.84313796592625 -9.736598846322385 -10.548052781625021 -11.19453554722594 -11.700617317336036 -12.065659905612172 -12.334336356074152 -12.58641996161449 -12.571741675722269 -12.687891590173766 -12.340080033162412 -11.582233750683548 -10.529545377673957 -9.42899302892886
-3.1546639963469914 -2.311938930230493 -2.169304282538681 -2.09910378479327 -2.5228595166382948 -3.847096178653997 -5.102727808782139 -5.159526393321608 -5.0902831750909066 -5.1860111265619215 -4.813948488511245 -4.525807354583491 -4.2561736246068 -4.140023710155302 -4.12630270377779 -4.144810107728853 -4.252344506547959 -4.416358396734964 -4.6556782754125 -4.596007852328901 -4.45528776366651 -4.342966967273853 -4.484644335450954 -5.04433375838482 -5.860574091261004 -6.781476984412165 -7.461145439856368 -8.236541846771587 -8.960245159892457 -9.794354710376565 -10.55315827237014 -11.256120529338958 -11.781666982914828 -12.162345136597896 -12.39496405867246 -12.51877220924164 -12.468036394962002 -12.605884645080263 -12.38698672938321 -11.677961702154562 -10.655587180444126 -9.50238445838997 -8.51989658312579
-3.6135199770647213 -3.183063288616726 -2.496374783397981 -2.154625996646459 -2.398732272897546 -3.6352183127314848 -4.921163794158781 -5.305032879557549 -5.297055550268299 -5.11261969710081 -4.775657307922839 -4.353816135107234 -4.161402952650495 -4.118644467660109 -4.134280033067041 -4.276595587587282 -4.471880608588153 -4.667484722760593 -4.897869992634167 -4.920206514644071 -5.076562168713394 -5.144848107429385 -5.604980460833396 -6.189878244321295 -6.839232848466343 -7.608885578293301 -8.252177412178519 -8.994388129250453 -9.650762783170043 -10.405737227104778 -11.108699484073595 -11.73476028669403 -12.242437522661978 -12.563764346433018 -12.76702669672314 -12.626306608060748 -12.348057362451664 -12.4456998729521 -11.92525891012135 -10.995421408166228 -9.76595541810683 -8.71518160412666 -8.0521059936041
-3.480777217691581 -3.7523255066976926 -3.07935800785646 -2.5480678771923286 -2.699637133688102 -3.048086877042595 -3.9613315340760744 -4.668442002275302 -4.713115046295109 -4.401680110842742 -4.351901576077815 -3.990688105860519 -3.898789272448345 -3.945695968669142 -4.221073375734094 -4.422102073823225 -4.753320785912935 -4.97700509918354 -5.3040756000428395 -5.537332708460545 -5.806966438437236 -6.184772753576174 -6.61842037373987 -7.13886133657062 -7.7649221391910555 -8.32173972358079 -8.927059470049173 -9.547057502409777 -10.168331907456661 -10.80492278473891 -11.417262580981832 -12.075551793930842 -12.634283937349998 -12.946676152317075 -12.852862759875482 -12.631093005634298 -12.470908233506133 -12.353801039539924 -11.785496100973669 -10.667393627792219 -9.456435041683882 -8.625197329743907 -8.025621260363785
