static/data/ASCData/20210101/ASCV/12.asc
ncols 97
nrows 97
xllcorner 99.0
yllcorner 2.0
cellsize 0.25
NODATA_value -32767
[rows 57 to 75 of 97, columns 43 to 85 of 97]
-16.063901735141954 -13.91355799134112 -12.597239304572621 -11.916428205584326 -11.6987196656121 -11.658764485588293 -11.635168906834078 -11.718225344048916 -11.780832279676769 -11.899753996598013 -11.996653173348658 -12.053282562358776 -11.957641816475022 -11.765101893840624 -11.541415807250662 -11.328740990745999 -11.11292009707411 -10.76024484662777 -10.563929631392696 -10.206535265195514 -10.169411554622215 -10.087298940557545 -10.271973670273871 -10.090445017724774 -9.964287323318903 -9.742803490746 -9.421274404255225 -9.482937516732907 -9.436060966941199 -9.721095558292122 -9.74060123672894 -9.878399416653558 -9.762309169182817 -9.76797210808383 -9.502443195169725 -9.276869462279425 -8.495698501656534 -7.764235560275855 -6.654614143394284 -5.5453073342294354 -4.021976769857288 -3.415413092015589 -2.8667372340508996
-15.926103555217335 -13.811939698839632 -12.197687504334574 -11.747483861704143 -11.64303409975215 -11.58829235704237 -11.527887675431579 -11.604966566028683 -11.638314984001306 -11.741820922803132 -11.711303974281012 -11.629505967933067 -11.4800673024897 -11.333460106496844 -11.135257244961434 -11.016020920323465 -10.798312380351238 -10.537502583187976 -10.34622109142047 -10.094220310325449 -9.996691918141359 -9.868646577435149 -9.763252992332987 -9.593364825302636 -9.453678999077681 -9.235970459105452 -9.221183896419477 -9.337274143890218 -9.5172297578557 -9.803208172356792 -9.874624124052884 -9.744691137046338 -9.594308648452804 -9.021093388583731 -8.725047527147508 -7.77681986894477 -6.927379033793015 -5.915600616812257 -4.842159087353815 -3.6733914197283446 -3.6293463393871424 -3.3977950598791082 -4.836496148452804
-15.820709970115175 -13.864793795249074 -12.085372549464509 -11.851933623656137 -11.701551135062605 -11.466224562953895 -11.397954688425031 -11.170493309234395 -11.198808003739455 -11.266134055118147 -11.297280219073713 -11.312066781759688 -11.242538476363933 -11.175212424985238 -11.08554922571922 -10.968200547381588 -10.74168299134112 -10.47992937102769 -10.189861056209201 -9.961455853868397 -9.815792481025706 -9.609724426572225 -9.400824902668237 -9.178082639228444 -9.03965524387038 -9.084329539645028 -9.078666600744016 -9.242577221156633 -9.495521825401822 -9.666353815582342 -9.646848137145524 -9.392959709750166 -8.884239031809281 -8.30913612563987 -7.375380422406385 -6.423377471602973 -5.245486180192538 -4.223954923993372 -3.3550084104047975 -2.43415162355695 -3.456626702906285 -5.102968884517077 -6.534748603322869
-15.769114304572621 -14.01108638352521 -12.35499136269601 -12.077507356546437 -11.75157376202154 -11.456471723735486 -10.953728592412336 -10.725008782354807 -10.600109518815827 -10.638177052539294 -10.883256463866413 -11.08334697170216 -11.124560582592856 -11.11386392022428 -11.016964743473633 -10.92226782074005 -10.69575026469958 -10.385232448294106 -10.034759451864826 -9.747522606496844 -9.579522085766829 -9.368734915562506 -9.117677957617651 -8.913497549464509 -8.802126417744612 -8.84805914438615 -8.881407562358776 -8.991834870928503 -9.223071542719815 -9.209543410900732 -9.03965524387038 -8.563968376185397 -7.979112630797577 -7.226885580113189 -6.293444484596426 -5.237620987274466 -3.989886782751554 -3.4515929794387192 -2.6848939737850794 -2.0201278683496495 -4.934968363787063 -6.653670320244116 -7.657583544306801
-15.864755050456374 -14.062052833634315 -12.847037831650582 -12.25526071649486 -11.884338218478593 -11.267077878268317 -10.71431211998623 -10.411659496498826 -10.305007480529774 -10.189861056209201 -10.4195246894169 -10.654851261525607 -10.818761881938224 -10.763076316078276 -10.554176792174289 -10.480873194177859 -10.421412335717235 -10.15462499193624 -9.728016928060025 -9.403656372118743 -9.233768205088392 -9.154801668190952 -8.94873361373747 -8.940868420819399 -8.79331740167637 -8.63223825071426 -8.634125897014597 -8.590395424390119 -8.782620739307793 -8.489720955038798 -8.13830413545935 -7.592145139228444 -7.009177040140961 -6.271107336709102 -5.591240060870975 -4.502382753293114 -3.7007622910832345 -3.61267213040083 -2.8267820540270945 -2.5804442118330853 -6.032634687433165 -7.808909856050503 -8.642934913082838
-15.474012266286568 -14.115850753193929 -13.234949146369885 -12.315980005822375 -11.705641035380001 -11.034582775610115 -10.487794563945762 -10.181052040140962 -10.051119053134414 -9.918354596677363 -9.980017709155046 -10.121591181680339 -10.343389621969964 -10.105860795844194 -9.857949915066571 -9.796286802588888 -9.74941025279718 -9.426308127722791 -8.977992131392696 -8.825721996498826 -8.716238511079267 -8.783564562457961 -8.790485932225865 -8.79551965569343 -8.651743929151078 -8.447878128714656 -8.338394643295096 -8.313855241390714 -8.10212424803622 -7.763291737125686 -7.30805437102769 -6.689850207667246 -6.341264857538303 -6.012185185846178 -5.567959089833483 -5.223149032305214 -4.760361081005868 -3.58530125904594 -2.7210738612082097 -3.456626702906285 -6.679153545298668 -8.403833048373455 -8.929227935300652
-15.052123318161197 -13.816973422307198 -12.860880571186389 -11.972113771444274 -11.293504926473037 -10.658626554126283 -10.17224302407272 -9.93219733621317 -9.843163352380596 -9.808241895824358 -9.84033188293009 -9.764196815483155 -9.663522346131836 -9.384150693681924 -9.316824642303231 -9.284734655197498 -9.022981034884069 -8.517091826393688 -8.065000537462922 -8.059022990845186 -8.08450621589974 -8.183922254384168 -8.2641472221485 -8.233944881343104 -8.16441657594735 -8.007427325302636 -7.824640241886646 -7.71326911016675 -7.411560309829515 -7.053222120482164 -6.494478815582342 -6.200635208163179 -6.169489044207615 -6.138028272535327 -6.204725108480576 -5.870611713320885 -4.520944608579763 -2.9878612049892053 -3.6431890789229486 -5.832544179597418 -7.756370367357784 -8.220102141807297 -8.65960912206915
-14.310907537562109 -13.053105886104063 -12.303081089436736 -11.523797775114181 -10.692918795249074 -10.10208550324352 -9.71323036537405 -9.681140378268317 -9.781814847619636 -9.773949654701564 -9.728960751210193 -9.467207130896764 -9.097228456030665 -8.900913240795592 -8.928284112150482 -8.89399187102769 -8.512058102926122 -7.9212248109205685 -7.491785277593848 -7.364683760037807 -7.367515229488313 -7.245447435399838 -7.278795853372463 -7.36279611373747 -7.496504393344691 -7.495560570194522 -7.30805437102769 -7.1038739628745455 -6.736726757458953 -6.384366114729336 -6.0854887838426075 -6.100904561962029 -5.935106295249074 -6.1392867034022185 -5.918432086262762 -4.666607981422453 -3.436177201319299 -4.844361341370876 -6.867603567615669 -7.224997933812852 -7.731830965453399 -7.683066769361354 -7.873404437978692
-13.567804110662683 -12.414452221156633 -11.568786678605552 -10.759301023477601 -10.003298680192538 -9.481993693582739 -9.23785810540579 -9.285678478347666 -9.551207391261771 -9.579522085766829 -9.439836259541874 -8.961317922406385 -8.542575051448242 -8.422394903660104 -8.395967855455384 -8.399743148056057 -8.036685842957862 -7.401807470611106 -6.974255583584722 -6.756232435895772 -6.787693207568059 -6.6099398476196365 -6.690794030817414 -6.802165162537311 -6.906614924489305 -6.852187789496248 -6.601130831551395 -6.36171435912529 -6.233039802985635 -6.284635468528186 -6.045533603818803 -6.083601137542271 -6.16351149758988 -6.152814835221302 -5.3392392797759545 -3.544402255871967 -3.156805548869388 -6.4205460021524665 -7.708549994415907 -7.353043274519061 -7.4439649046519705 -7.369717483505373 -7.026795072277442
-12.48083444938516 -11.349190492332987 -10.648873714907872 -10.030669551547428 -9.269004269361353 -8.692957540041775 -8.503249086857883 -8.739834089833483 -9.021093388583731 -9.114846488167146 -8.914441372614677 -8.37268688441789 -7.996416055217335 -7.882213454046932 -7.897943839883076 -7.905809032801148 -7.591201316078275 -6.979918522485734 -6.771962821731916 -6.717221079022136 -6.741760480926519 -6.579422899097517 -6.660591690012018 -6.435961780271888 -6.385309937879505 -5.936993941549412 -5.6362289643623456 -5.832544179597418 -6.003376169777938 -6.1606800281393745 -6.143061996002893 -6.121668671265738 -5.6966336459731375 -5.192946691499818 -3.815908715403806 -2.5357699160584373 -4.881485051944175 -7.254256451468079 -7.071783975768813 -7.133132480529773 -6.960412844048916 -6.608052201319299 -6.272051159859271
-10.955616238712674 -10.194894779676767 -9.641185198244512 -9.049408083088789 -8.532822212229833 -8.037629666108032 -7.968101360712277 -8.196821170769805 -8.402889225223287 -8.506395164025111 -8.212236948889226 -7.8343930811050555 -7.600954155296685 -7.534571927068158 -7.551246136054471 -7.441762650634911 -7.124638072178255 -6.733895288008448 -6.555198104909857 -6.719108725322473 -6.7348391111586166 -6.556141928060025 -6.402927970015986 -6.110972008897161 -5.719285401577184 -5.2807222444655 -5.099193591916403 -5.2807222444655 -5.640948080113189 -5.7280944176454245 -5.790386745556553 -4.736765502251654 -3.9439540561100146 -3.5230089311348114 -2.3344209773557996 -4.760361081005868 -7.094121123656137 -7.171514621969964 -6.505490085667643 -6.521849686937232 -6.034522333733502 -5.835375649047924 -5.7611282279013265
-9.907657934308785 -9.268060446211186 -8.828553465949334 -8.354125029131241 -8.013090264203647 -7.820864949285972 -7.737808512071133 -7.430122165116164 -7.620459833733502 -7.692819608579763 -7.420369325897756 -7.245447435399838 -7.162705605901723 -7.110795332642449 -7.152952766683314 -7.044413104413923 -6.726030095090376 -6.33654574178746 -6.122612494415907 -6.280860175927511 -6.2270622563679 -6.015016655296685 -5.770881067119735 -5.443689041727948 -5.0513732189745255 -4.855058003739454 -4.682023759541874 -4.652765241886646 -4.954474042223881 -4.8833726982445125 -4.26988765063491 -2.7758156039179895 -2.1226899840013065 -1.790464235141953 -4.368674473685893 -6.786749384417891 -7.203604609075697 -6.642973657875538 -6.095241623061017 -5.846072311416502 -5.428273263608527 -5.400902392253637 -5.330430263707713
-9.431971066623802 -8.9037447102461 -8.520867118994364 -8.174169415165759 -8.037629666108032 -7.846033566623802 -7.532684280767821 -7.223110287512514 -6.683243445616065 -6.711558140121124 -6.641086011575201 -6.558029574360362 -6.531602526155641 -6.479063037462921 -6.5190182174867255 -6.365804259442687 -6.0474212501191404 -5.704498838891209 -5.458475604413923 -5.438969925977105 -5.292362729984246 -5.063013704493272 -4.725125016732907 -4.471236589337549 -4.158831126631737 -3.962515911396664 -3.7964030369669874 -3.7073690531344146 -3.4915481594625244 -3.100176159859271 -1.8999477205615127 -1.0882598114165019 -0.9945067118330853 -3.0746929348047183 -5.653846996498826 -6.466164121077283 -6.409534732067167 -5.900814054126282 -5.558206250615074 -5.2945649840013065 -5.249576080509936 -5.1712387590459405 -5.203643353868396
-9.481049870432571 -9.013228195665658 -8.664642845536715 -8.293405739803728 -8.107787186937232 -7.9643260681116015 -7.6333587501191404 -6.947828535380001 -6.293444484596426 -5.874387005921561 -5.871555536471054 -5.873443182771392 -5.899870230976113 -5.79447664587395 -5.6849931604543915 -5.526745478942786 -5.24454235704237 -4.923327878268317 -4.74179922571922 -4.657798965354212 -4.43411287876425 -4.169527789000314 -3.7621107958441944 -3.436177201319299 -3.085389597173296 -2.761343648948737 -2.602152144286964 -2.330645684755125 -1.8285317688654201 -0.935989676522631 -0.13436921431275195 -0.5266850370661738 -2.0474987397045394 -3.795459213816819 -4.2944270525392945 -4.732990209650979 -5.154879157776351 -5.011103431233998 -4.907597492432173 -4.8676423124083685 -4.929305424886051 -4.944721203005472 -5.043508026056454
-9.44486998300944 -9.186891655296684 -8.722216057697002 -8.294349562953895 -8.149944620978097 -8.008371148452804 -7.536459573368496 -6.797446046786468 -6.015016655296685 -5.5229701863421115 -5.364722504830507 -5.317845955038798 -5.340183102926122 -5.246430003342707 -5.137261125639871 -4.886204167695018 -4.5980234991768665 -4.3969891681909505 -4.276809020402814 -4.103145560771788 -3.9027404452193184 -3.591278805663675 -3.0120859991768665 -2.5835902890003144 -2.2708702185777794 -1.9046668363123551 -1.6057895054256264 -1.3248448143921019 -1.2027770203036274 -0.5600334550387984 -0.627359506417493 -1.5230476759275113 -2.290375897014597 -2.4791405270483207 -2.6546916329796835 -2.834332639228444 -3.2190978767805167 -3.708627484001306 -4.203505422406385 -4.405798184259192 -4.57757399758988 -4.688945129309777 -4.865754666108031
-9.013228195665658 -8.702710379260184 -8.421451080509936 -8.429316273428007 -8.310079948790039 -7.9750227304801795 -7.439875004334573 -6.725086271940207 -5.945802957617652 -5.366610151130844 -5.115553193185992 -5.018024801001902 -5.007328138633324 -4.983732559879108 -5.076541836312356 -4.877395151626778 -4.564989688920965 -4.277752843552983 -3.9448978792601834 -3.6928970981651625 -3.400941137046337 -2.7943774592046386 -2.1245776303016433 -1.692935842957862 -1.6029580359751208 -1.5689804025690508 -1.3647999944159066 -1.1021025509523081 -1.1127992133208853 -1.09140588858373 -1.362912348115569 -1.73100337668133 -1.8684869488892248 -1.8892510581929347 -1.8892510581929347 -1.833565492332986 -1.8851611578755376 -2.532623838891209 -3.2691205037394533 -3.708627484001306 -4.060044303580755 -4.389123975272879 -4.584495367357784
-8.799294948294106 -8.577496508004481 -8.381181292769408 -8.123517572773375 -7.96526989126177 -7.607875525064587 -7.160503351884663 -6.6703445292304275 -6.0540280121703205 -5.407823762021541 -4.922384055118148 -4.690832775610114 -4.73204638650081 -4.753439711237966 -4.88431652139468 -4.882428875094344 -4.7279564861834125 -4.39793299134112 -3.906830345536716 -3.430199654701564 -3.0180635457946012 -2.6332983082425283 -2.0795887268102726 -1.8118575598791082 -1.73100337668133 -1.5932051967567116 -1.308170605405789 -0.9517200623587749 -0.665427040140961 -0.8208432522020601 -1.1373386152252696 -1.5161263061596078 -2.0201278683496495 -2.2378364083218774 -2.3079939291510776 -2.2652072796767673 -2.113880967933066 -2.164532810325448 -2.3237243149872215 -2.9916364975898797 -3.4018849601965058 -3.8461110562092014 -4.182112097669229
-8.776013977256612 -8.700822732959846 -8.474934392352823 -8.051157797927115 -7.975966553630348 -7.6937634317299315 -7.263065467536319 -6.732007641708111 -6.030747041132828 -5.27191322839726 -4.476899528238561 -4.134291724727353 -4.118561338891209 -4.191864936887638 -4.284674213320885 -4.45173091090073 -4.449843264600394 -4.387236328972542 -4.059100480430586 -3.600087821731915 -3.191727005425627 -3.0482658865999968 -2.833388816078275 -2.554331771345087 -2.1978812282980726 -1.8238126531145769 -1.1917657502183268 -0.6909102651955132 0.06509207808954898 0.3287333447033163 0.03079983696675548 -0.448662323318902 -0.9224615447035474 -1.3257886375422698 -1.6136546983436988 -2.0103750291312403 -2.049386386004877 -2.0648021641242975 -2.0600830483734542 -2.3470052860247144 -2.645882616911443 -3.1011199830094394 -3.501300998680933
-8.896823340478196 -8.675339507905294 -8.19178744730224 -7.8831572771971015 -7.774932222644432 -7.594347393245504 -7.166480898502398 -6.3997818928487575 -5.570790559283989 -4.5228322548801 -3.696672390765837 -3.2788733429578625 -3.1665583880877968 -3.346199394336557 -3.6488520178239603 -3.859953795745008 -4.131460255276847 -4.135235547877521 -4.128314178109618 -3.8577515417279478 -3.6167620307182275 -3.394019767278434 -3.2162664073300107 -2.8440854784468526 -2.446735932225865 -1.854958817070142 -1.2181927984230478 -0.30992032024411476 0.5580823701942901 1.4116131056634424 1.3958827198272994 0.9664431865005785 0.6059027431361663 0.19691271139643263 -0.254234754384167 -0.654730377772383 -1.081653049365321 -1.3050245282385609 -1.574643341470062 -1.6488907626166602 -1.8911387044932724 -2.1683081029261224 -2.520983353372463
