static/data/ASCData/20210101/ASCV/15.asc
ncols 97
nrows 97
xllcorner 99.0
yllcorner 2.0
cellsize 0.25
NODATA_value -32767
[rows 57 to 75 of 97, columns 43 to 85 of 97]
-15.139351916197114 -13.233166769019356 -12.871888863231433 -12.27903774242207 -12.02110900804397 -11.95477601550586 -11.887554634674828 -11.88844302296775 -11.891404317277486 -11.901176588499618 -11.836620372547351 -11.645320760138334 -11.555297413122329 -11.482153443671821 -11.343564869976127 -11.217413732381328 -10.912992677340355 -10.580735455787856 -10.132691626724636 -9.835673807458006 -9.993806923597965 -9.906152612029748 -9.94790686179704 -9.961824945052806 -9.950868156106779 -9.83271251314827 -9.603212204143645 -9.36008994131423 -9.052411462532548 -9.026055943175889 -8.946989385105908 -9.126739949706948 -9.14036190353174 -9.301456313981436 -9.046785003344048 -8.599333433142775 -7.47522611316658 -6.338681357089489 -4.984185339815749 -3.670555184016381 -2.3687702054559607 -2.6219608689384812 -2.954810349352929
-14.869874134011042 -13.18637831892551 -12.608037540233859 -12.185460842234377 -11.93641599078549 -11.872748163126143 -11.852315232388957 -11.855276526698693 -11.917759836634147 -11.928420496149199 -11.91983274265096 -11.729125389103894 -11.55144773051967 -11.307437079397335 -11.137458786018426 -10.804313176173004 -10.496930826822297 -10.13150710900074 -9.71455687018976 -9.406878391408076 -9.439156499384211 -9.403028708805419 -9.512596598265691 -9.590478638611776 -9.637563218136595 -9.512596598265691 -9.186261965332665 -8.953800362018303 -8.790929174982764 -8.74591750147476 -8.639310906324226 -8.522339781089611 -8.53092753458785 -8.247827798576985 -7.973315816064357 -7.11098691306892 -6.025080289688333 -4.7662340786191 -3.61695575701014 -2.6551273652075364 -3.3942664249179115 -3.7750888731500996 -4.781040550167786
-14.686273886807342 -13.213622226575092 -12.374687548626579 -12.158809193446745 -11.865937186213747 -11.76643769740658 -11.74393186065258 -11.7966428993659 -11.86208750361109 -11.938192767371332 -11.922497907529724 -11.727348612518051 -11.31513644460265 -10.899074594084592 -10.483308872997505 -10.1578626283574 -10.041779891415707 -9.681390373920705 -9.26651304112654 -8.946100996812987 -8.822022765235003 -8.920633865749249 -9.064256639771497 -9.247856886975196 -9.287834360156646 -9.024279166590047 -8.702978733983572 -8.402111232114287 -8.278921388829223 -8.134410226514053 -7.919716389058116 -7.719532893719889 -7.528233281310873 -7.245725804161957 -6.754743207607548 -5.9001136698174275 -4.928513006792692 -3.7134939515075684 -2.860048931441342 -2.34952179244267 -3.988894322313117 -5.46746857116484 -6.46572088297721
-14.468618755041668 -13.194077684130827 -12.311315850398204 -12.154071122551166 -11.840470055150007 -11.738897660326026 -11.65124334875781 -11.703954387471128 -11.774137062611898 -11.872748163126143 -11.728237000810973 -11.398348814706262 -10.772331197627844 -10.057474751257313 -9.631640629517122 -9.450113288330238 -9.33373442195757 -9.129701244016687 -8.700905827966757 -8.520266875072796 -8.372794418447889 -8.550472077032113 -8.65707867218265 -8.817284694339424 -8.49183844969932 -8.22828325613272 -7.841538219281057 -7.487071290405528 -7.410966026645285 -7.1628095634893185 -6.922648594969641 -6.721576711338494 -6.485265425421474 -6.158042404195527 -5.666763678210146 -5.075097075124678 -4.1150454599079165 -3.506499479256947 -2.748704265395228 -2.3649205228533026 -5.322957408849671 -6.785836797859788 -7.309393631821304
-14.413834810311531 -13.071183970276739 -12.406965656602711 -12.178353735891008 -11.900288200206697 -11.773248674318976 -11.679375644700311 -11.5905368154082 -11.628737512003807 -11.507620574735562 -11.313359668016808 -10.7018523930561 -9.898157117393458 -9.21469039070614 -8.872957027362482 -8.671589014300359 -8.523228169382532 -8.326894356646964 -8.142405721150343 -8.14921669806274 -8.14921669806274 -8.283067200862856 -8.258488458092037 -7.986937769889147 -7.6043385450711165 -7.1971605774822685 -6.764515478829681 -6.472531859889605 -6.434331163293996 -6.159819180781369 -6.085786823037942 -5.90514787014398 -5.707925669115491 -5.416830438468336 -5.115962936599049 -4.519262133187028 -3.83579540649971 -3.741033988588123 -3.0554943558839898 -2.888477356814818 -6.218452808114164 -7.6540882894747 -8.046755914945836
-14.070916929243976 -13.003666460014733 -12.51623741663201 -12.094549106925449 -11.908875953704936 -11.718464729588842 -11.55144773051967 -11.417597227719554 -11.228370521327353 -10.993836011996176 -10.601464515956014 -9.896380340807616 -9.125851561414027 -8.633684447135725 -8.274183317933645 -7.892472481408534 -7.739077436164154 -7.66771024329949 -7.527048763586979 -7.606115321656959 -7.7284167766491 -7.7790549093456045 -7.358254987931965 -6.924721500986457 -6.532942263808241 -6.195946971360162 -6.053508715061809 -5.899225281524506 -5.784919321168656 -5.702003080496017 -5.745830236280126 -5.5983577796552195 -5.588585508433087 -5.3943246017143345 -5.184368835153975 -4.88438972157761 -4.3709012882692 -3.4069999904497807 -2.863010225751079 -3.741033988588123 -6.864903355929768 -8.2555271637823 -8.409810597319602
-13.756723602980873 -12.910977948119962 -12.277260965836227 -11.817075830103086 -11.681448550717128 -11.45490953602224 -11.231331815637091 -10.992059235410334 -10.758413114372079 -10.496930826822297 -9.913851977235066 -9.213505872982246 -8.685210968125151 -8.187417394658347 -7.764544567227892 -7.3366375394708845 -7.057387486062678 -6.884447898374033 -6.6570204953862255 -6.765403867122602 -6.943969913999748 -6.699959262877413 -6.198019877376978 -5.71266374001107 -5.462730500269261 -5.373891670977149 -5.358196811135542 -5.456807911649787 -5.54090867004632 -5.773074143929707 -5.8426645602085285 -6.08874811734768 -6.258430281295614 -6.013531241880358 -5.72539730554294 -5.2302688969549 -4.015249841669776 -2.801415304108548 -3.7733120965642577 -6.269387070241642 -8.119899884396343 -8.27625622395046 -8.414844797646156
-13.009589048634208 -12.165916299790112 -11.718464729588842 -11.574841955566592 -11.288780925245991 -11.044770274123655 -10.8629468035058 -10.649141354342781 -10.379663572156707 -10.01246307774931 -9.3728235068461 -8.795667245878343 -8.283067200862856 -7.82584335943945 -7.398232461113416 -6.9353821605015105 -6.3893194897859935 -5.895375598921849 -5.5281751045144505 -5.584735825830429 -5.793803204097866 -5.563118377369348 -5.243890850779691 -4.981224045506012 -4.896234898816558 -4.905118781745769 -4.948057549236957 -5.2264192143522425 -5.516329927275502 -5.8767194447705045 -6.136424955734447 -6.4938531789197125 -6.271163846827483 -6.226448302750454 -5.687196608947332 -4.279989552960272 -3.1911216352699476 -4.851223225308554 -7.031031966706018 -7.819032382527055 -8.361245370639914 -8.181494806038874 -8.30261174330712
-12.457899918730188 -11.727348612518051 -11.141308468621084 -10.984063740774044 -10.76640860900837 -10.604129680834777 -10.452807541607214 -10.262396317491119 -10.00772500685373 -9.561161824945378 -8.99585074121657 -8.514344286453321 -7.97835001639091 -7.699099962982704 -7.241876121559298 -6.735198665163284 -6.159819180781369 -5.5983577796552195 -5.285052841685037 -4.892385216213899 -4.756461807396968 -4.679468155343804 -4.664957813226092 -4.538806675631292 -4.701973992097805 -4.763568913740337 -4.799696704319129 -5.043707355441464 -5.4236414153807315 -5.9578589088573 -6.121914613616735 -6.418636303452391 -6.479342836802 -6.33956974538241 -5.292752206890353 -3.493765913725077 -3.352216045719645 -6.900142758215639 -8.278921388829223 -8.054455280151153 -8.028988149087414 -7.986049381596226 -7.948144814431592
-12.193160207439695 -11.401013979585025 -10.8054976938969 -10.519436663576297 -10.281940859935384 -10.222418844309669 -10.084718658906894 -10.045629574018365 -9.85906803250493 -9.413689368320473 -8.762500749609288 -8.330744039249623 -7.989010675905963 -7.739077436164154 -7.314131702716883 -6.811303928923527 -6.224375396733638 -5.6676520665030665 -5.3709303766674115 -4.966713703388301 -4.565162194987952 -4.534956993028635 -4.5163008388772905 -4.3768238768886745 -4.504751791069316 -4.528146016116239 -4.55065185287024 -4.82605222367579 -5.1384687733530505 -5.440224663515259 -5.761525096121733 -6.122803001909656 -6.008497041553805 -5.398174284316993 -3.9909672283299327 -2.778021079061625 -5.48020213669671 -8.028099760794493 -7.9294886602802475 -7.986049381596226 -7.7790549093456045 -7.583609484902957 -7.508688738866609
-11.793681605056163 -11.328758398427441 -10.905885570996986 -10.39032423167176 -9.988180464409465 -9.893419046497879 -9.691162645142835 -9.648223877651649 -9.690274256849914 -9.334622810250492 -8.768423338228763 -8.372794418447889 -8.077849505198076 -7.750626483972129 -7.37779953037623 -7.049688120857362 -6.478158319078106 -6.106219753775129 -5.777219955963339 -5.233230191264638 -4.771268278945653 -4.59447900865435 -4.34928383980812 -4.179601675860185 -4.172494569516816 -4.205957195216845 -4.44996784633918 -4.741063076986335 -4.834639977174026 -4.98507372810867 -5.3943246017143345 -4.654001024280065 -4.130740319749523 -3.571944083502136 -2.348337274718775 -4.906895558331612 -7.541855235135664 -7.81310979390758 -7.41777700355768 -7.4879596786984495 -7.171693446418529 -7.0867042997290755 -7.084631393712259
-11.42855401666558 -11.113176172678582 -10.857320344317298 -10.282829248228305 -9.8943074347908 -9.521184351763928 -9.309451808617727 -9.040862414724574 -9.078766981889208 -9.093573453437894 -8.700017439673836 -8.474366813271871 -8.215549690600849 -7.844499513590794 -7.467526747961264 -7.132604361529999 -6.823149106162475 -6.459798294357736 -6.179363723225634 -5.605168756567615 -5.006691176569751 -4.486095636917972 -4.1150454599079165 -3.8805109505767397 -3.871923197078502 -4.09935060006631 -4.350468357532014 -4.600401597273824 -4.69516301518541 -4.711746263319938 -4.395183901609045 -3.153217068105313 -2.513577497202104 -2.0261484538193812 -4.247711444984137 -6.799458751684579 -7.585682390919773 -7.297548454582355 -7.07189782818039 -6.82107620014566 -6.620892704807432 -6.692259897672097 -6.695221191981833
-10.918619136528855 -10.74005308965171 -10.502557286010795 -10.036745691089154 -9.655923242856964 -9.18833487134948 -8.655005766165832 -8.387600889996573 -8.233317456459272 -8.258488458092037 -8.21643807889377 -8.174683829126478 -8.059489480477705 -7.856344690829742 -7.468415136254185 -7.191237988862794 -6.880598215771375 -6.526131286895846 -6.285970318376169 -5.603391979981772 -4.844412248396159 -4.20477267749295 -3.786934050389048 -3.6062950974950865 -3.675589384342934 -3.9042013050546363 -4.055523444282201 -4.273178576047877 -4.147323567884051 -3.892356127815688 -2.7107996982305935 -1.88548697410687 -1.7554861539094118 -3.63057771083493 -5.853325219723581 -6.768365161432339 -7.10624884217334 -6.787909703876604 -6.594537185450773 -6.23414766795577 -6.3016651782177755 -6.323874885540803 -6.513397721363977
-10.478274672670953 -10.342647393284993 -10.059251527843156 -9.615945769675514 -9.113117995882158 -8.506644921248004 -7.991083581922779 -7.623883087515381 -7.445020911207262 -7.251648392781431 -7.228254167734508 -7.307320725804487 -7.453016405843552 -7.381649212978888 -7.254609687091167 -7.036954555325492 -6.7731032323279186 -6.366813653031992 -5.8189742057306315 -5.064140286178651 -4.288873435889483 -3.917823258879427 -3.625839639939351 -3.70401780971641 -3.7499178715173347 -3.677366160928776 -3.7907837329917062 -3.5260440217012112 -3.1745383871354202 -2.4567206464551523 -1.2292641550691332 -1.4566915580569404 -3.0261775422175923 -4.735140488366861 -5.454735005632971 -6.005535747244068 -6.243919939177903 -6.099408776862733 -5.925580800881167 -5.882642033389979 -5.954897614547564 -6.002574452934331 -6.282120635773511
-10.010390171732492 -9.837746713474822 -9.436195205074474 -8.981340399098858 -8.475255201564792 -7.882700210186402 -7.269416158639853 -6.841509130882845 -6.607270750982642 -6.423670503778943 -6.399091761008125 -6.417747915159469 -6.542714535030374 -6.486153813714395 -6.423670503778943 -6.322986497247882 -6.078975846125547 -5.7028914687889385 -5.089607417242389 -4.647190047367669 -4.147323567884051 -4.011400159067119 -3.865112220166107 -3.9042013050546363 -3.8728115853714233 -3.6832887495482503 -3.2701881933399277 -2.8123720930545755 -2.347448886425854 -1.7996094391244943 -1.7596319659430435 -2.4676774354011792 -3.6092563918048235 -4.426573621292257 -4.947169160944036 -5.023274424704279 -4.962567891354668 -5.033935084219332 -5.395212990007256 -5.752641213192521 -5.875831056477583 -5.967631180079433 -6.1041468477583125
-9.480318490289555 -9.315078267806227 -8.874733803948324 -8.407145432440839 -7.822882065129713 -7.165770857799055 -6.574104254713587 -6.156857886471633 -5.918769823968772 -5.8074251579226575 -5.878792350787321 -5.999909288055568 -5.990137016833435 -5.8367419715890545 -5.711775351718149 -5.552457717854295 -5.397285896024072 -5.240041168177033 -5.085757734639731 -4.949834325822799 -4.773341184962469 -4.360240628754147 -4.065295715504334 -3.911012281967032 -3.895317422125425 -3.6892113381677243 -3.1629893393274457 -2.5701382185180823 -2.242026808999214 -2.054576879192857 -2.321981755362115 -2.773283008166046 -3.247682356585926 -3.7593940133084933 -4.035978901837936 -4.0504892439556475 -4.002812405568881 -4.253634033603612 -4.7546850308111255 -5.339540656984199 -5.678608855449094 -5.9469021199112735 -5.932391777793562
-8.900200935012062 -8.748878795784497 -8.415733185939077 -7.977165498667015 -7.368915647447019 -6.724241876217257 -6.108292659791944 -5.5749635546082965 -5.253663122001823 -5.204801765891162 -5.3365793626744615 -5.458880817666603 -5.4704298654745775 -5.329768385762066 -5.227307602645164 -5.186441741170792 -5.1971024006858455 -5.181407540844239 -5.197990788978766 -5.127808113837998 -5.066213192195466 -4.790812821389918 -4.480173048298498 -4.1852281350486855 -3.970534297592747 -3.6365002994544047 -3.1686157985159458 -2.7546268540147025 -2.5094316851684724 -2.5544433586764757 -2.7643991252368347 -2.9177941704812156 -2.9989336345680115 -3.0181820475813024 -2.925493535686532 -2.947999372440534 -3.0279543188034346 -3.075038898328254 -3.2986166187134036 -4.20003460659737 -4.738101782676598 -5.322957408849671 -5.594508097052561
-8.422544162851471 -8.40892220902668 -8.238943915647774 -7.864932444327979 -7.283926500757564 -6.64221402383754 -5.971480862682092 -5.378629741872728 -4.926440100775876 -4.811245752127103 -4.81331865814392 -4.943023348910404 -5.034823472512253 -5.087534511225574 -4.991884705021065 -5.004618270552935 -5.011429247465331 -4.972340162576801 -4.964640797371485 -4.83167868286429 -4.703750768683648 -4.659035224606618 -4.554501535472899 -4.240900468071742 -3.8171392523483663 -3.4354284158232566 -3.2390946030876884 -3.120938960129179 -2.98205425700251 -2.8102991870377596 -2.872782496973212 -2.9216438530838738 -2.91098319356882 -2.745742971085491 -2.5905711492552683 -2.3894992656241203 -2.287926870800139 -2.2526874685142673 -2.3619592285435655 -3.011371070668907 -3.5349279046304227 -4.069145398106992 -4.536733769614477
-8.60614441005517 -8.608217316071986 -8.21081161970527 -7.577983025714457 -6.869937556256321 -6.204830854289373 -5.622936522426037 -5.228195990938085 -4.829013517985526 -4.604251279876482 -4.538806675631292 -4.678579767050882 -4.73425210007394 -4.811245752127103 -4.841450954086422 -4.840562565793501 -4.789924433096997 -4.72625660543765 -4.473362071386103 -4.271401799462034 -4.088689940551257 -3.9509897551484823 -3.7975947099041014 -3.542627269835739 -3.2008939064920803 -2.990938139931721 -2.8251056585864447 -2.6989545209916455 -2.6530544591907206 -2.6734873899279066 -2.6755602959447224 -2.840504388997078 -2.978204574399852 -2.840504388997078 -2.662826730412853 -2.457905164179047 -2.376765700092251 -2.418816079290518 -2.3865379713143833 -2.2292932434673447 -2.4048979960347534 -2.5642156298986083 -3.0495717672645153
