static/data/ASCData/20210101/ASCV/18.asc
ncols 97
nrows 97
xllcorner 99.0
yllcorner 2.0
cellsize 0.25
NODATA_value -32767
[rows 0 to 18 of 97, columns 0 to 42 of 97]
-0.9967318778999728 -0.8572098378352351 -0.754595431615277 -0.3122630320513169 0.2279305178586526 0.6095890042080869 1.4084155943182228 1.1352431832095062 0.8206894856687637 0.5793918492441756 0.515083093302513 0.8136994035011913 2.0383617992598166 2.914358896499948 2.5883414642043867 1.91449754325044 1.1654403381734175 0.5833062952580157 0.7015784855333358 0.6079113844878696 0.23380218687941312 0.30789705785567634 0.6839634784710533 0.8215282955288723 0.11077674073014432 -0.6050076732292347 -0.9497585257338885 -0.7526382086083565 -0.2896151658283834 0.1488027877217366 0.5676485112026546 0.4398698091794371 -0.3374273278545763 -0.868673572590053 -1.0300046690176163 -1.0456624530729774 -1.1910561621584765 -1.4790475474624456 -1.6616284936794274 -2.120737090445561 -2.4313763419724634 -2.225308719672439 -2.120737090445561
-0.9975706877600814 -0.9195613707699772 -1.0660734930022882 -1.0445440399261656 -0.3609140039376184 1.1536970001318965 1.8107647238836702 1.7883964609474399 1.4291062375342358 1.4495172774635465 1.9114219070967078 2.369412090716029 1.7914720971011713 1.6469171978757808 0.8752121265758257 0.9006560256657874 1.163483115166497 1.7746958998989983 2.985657734609182 2.021865205344347 1.4593033924981471 1.2160485330666395 0.6887167343450029 0.08617165150029127 0.34396588184034815 0.19186169387398078 -0.513297795190689 -0.8941174716800155 -0.6315699854660082 -0.1716225788397665 -0.2633324568783122 -0.8317659387452725 -0.9458440797200485 -0.8572098378352351 -0.695039931547563 -1.046501262933086 -1.3999198173255296 -0.52112668721837 0.06576061157098056 0.11161555059025297 -0.5337088351199997 -1.667500162700188 -1.9283700291939776
-0.39810124106910205 -0.4450745932351863 -0.971287978810011 -1.0417480070591374 -0.48785389610072727 0.800278445739453 1.4808328455742688 2.0979172993275306 2.1068646045020225 1.8588564891965662 1.962309705276633 2.1927028135198086 2.1468478745005353 1.9525235902420315 1.819712029058163 1.5638750217250248 1.4836288784412979 2.1146934965297035 2.657683079306702 2.772879633428289 1.7260449280126968 1.230867507261892 0.8022356687463734 -0.05139316555752771 0.024658928425656867 1.009142100906506 0.6428617953257296 -0.10032374073053152 -0.7780821076983191 -0.5650244032307228 -1.1197573240492416 -1.473175878441685 -1.3403643172578157 -0.9900213990191036 -0.9947746548930532 -1.8268740361208313 -2.051395475343246 -1.0708267488762369 -0.9615018637754096 -0.81694696455002 -0.9791168708376912 -1.7497035289908354 -2.044684996462377
-0.14030701072904428 0.6341940934379409 0.3176831728902778 0.17508549667180784 0.6867595113380824 1.0334675868496568 1.4623790286518785 1.8890536441604775 1.523891751726513 1.306080791384967 1.4299450473943445 1.9251224681451493 0.9272183379025618 1.6908149138881337 1.8705998272380873 1.6214732987858191 1.4573461694912266 2.2483438675736807 2.468112050922148 2.0422762452736567 1.5560461296973447 0.9758693097888633 0.5100502341418611 -0.16463249667219504 -0.6570138845559708 -0.4274595861729047 -0.18532313988820803 0.044231158494858924 -0.43417006505377387 -0.8921602486730951 -1.2466972162123504 -0.4556995181298955 -0.3181347010720774 -0.2457174498160306 -1.24473999320543 -1.9216595503131084 -1.766200122906306 -1.181270047123876 -1.0562873779676867 -1.113885655028481 -1.3121243853008249 -1.5718758386478022 -1.54056027053708
0.017948449544787692 0.9241427017488295 1.5599605757111847 1.3949946365564836 0.7689628776287298 0.8520050537794859 1.3675935144596014 1.7201732589919363 1.2406536222964926 0.8285183776964438 0.9699976407681028 2.0238224283512665 1.1956374931373288 1.5803716156404954 1.9681813742973935 1.752327636962768 1.800139798988961 2.4661548279152274 1.8440375150013137 1.393037413549564 0.9233038918887209 -0.2174775178590398 -0.7495625724546251 -0.8776208777645449 -0.8697919857368648 -0.5105017623236607 0.06576061157098056 0.2709894240108959 0.03947790262090933 -0.20657298967762738 0.18403280184629978 0.8928271336381073 0.7513478705664483 -0.3307168489737071 -1.3140816083077445 -1.4751331014486055 -1.1804312372637673 -1.0534913451006584 -1.1412867771253632 -1.2075527560739463 -1.5942441015840334 -1.918583914159377 -1.410824345506942
0.055135686676271334 0.29531490995404663 1.100013169084943 1.630141000673608 1.0032704318857455 0.7650484316148898 1.2923802303365264 1.6771143528396921 1.0980559460780226 0.684802288331162 0.5735201802234151 1.609729960744298 1.942737475207431 2.0316513203789475 2.3635404216952693 2.298113252606795 2.3470438277797996 2.1468478745005353 0.9143565867142289 0.5833062952580157 -0.065932536466077 -1.2086711692207581 -1.1843456832776074 -1.1863029062845278 -0.5152550181976094 0.28049593575879417 0.8273999645496328 0.6789306193104014 0.4476987012071181 0.5198363491764617 1.2795184791481935 1.4623790286518785 0.210315510796371 -0.8737064317507048 -0.6665203963038691 -0.6684776193107886 -0.5543994783360127 -0.8482625326607423 -0.9704491689499024 -1.6314313387155162 -2.0200799072325233 -2.3824457667994587 -1.817926730946339
-0.05335038856444729 -0.07292261863364935 0.46223807211566825 1.0659015681071917 1.2756040331343534 1.1615258921595775 1.5012438855035795 1.6986438059158147 1.1741080400612072 0.8254427415427124 0.6643912484018522 0.8097849574873512 1.516062859698832 2.1946600365267273 2.540529302178193 2.469230464068959 2.425053144769903 2.111617860375972 0.4837675251917899 -0.01616315143296454 -0.797374734480818 -0.6050076732292347 -0.4459134030952949 -0.4556995181298955 -0.1763758347137161 0.2894432409332861 0.31880158603708875 0.16725660464412684 0.2326837737326013 0.09316173366786273 0.43204091715175696 0.5092114242817525 -0.8658775397230238 -0.8267330795846206 -0.5395805041407602 -0.21831632771914844 -0.3268024029598662 -0.5085445393167403 -0.5485278093152521 -1.2710227021555012 -2.339386860647215 -2.657855004201798 -2.0094549823378136
0.0794611726194221 1.0004743990187164 0.9311327839164019 0.9465109646850607 1.1838941550958078 1.0247998849618671 1.5004050756434708 1.51103000053818 1.7053542847966838 1.4075767844581142 1.3460640613834798 1.0941415000641825 1.0365432230033882 1.9955824963942757 2.2209427454767994 2.089249597439741 2.0900884072998496 2.0783450692583285 0.732894053644058 0.36465652505636204 0.5844247084048275 0.8136994035011913 0.9398004858041915 0.7893739175580405 0.12923055765253455 -0.15680360464451404 -0.5309128022529706 -0.4780677810661258 -0.1274452595407114 -0.6382804643468774 -1.189098939151556 -1.0915173920922507 -1.1052179531406914 -1.0339191150314564 -1.0241329999968558 -0.9019463637076957 -1.0221757769899353 -0.6852538165129616 -0.5152550181976094 -1.1295434390838421 -2.3385480507871064 -2.6950422413332817 -1.6784046908816004
0.669424107562504 1.3206201622935172 1.2210813922272914 1.1254570681749057 0.9076461078333597 0.3333409569456389 0.486563558058819 1.0737304601348718 1.4056195614511937 1.5101911906780714 1.7621137519973686 2.07750625939822 1.670403873958823 1.8518664070289939 2.033608543385868 1.7581993059835286 1.5842860616543355 1.4710467305396682 1.0024316220256368 0.5589808093148649 0.692631180358843 0.8735345068556084 1.0295531408358167 1.2719691904072157 1.5180200827057524 1.7092687308105239 1.518858892565861 1.302166345371127 0.7865778846910114 -0.32568398981305524 -1.0300046690176163 -0.6715532554645209 -1.003442356780842 -1.287798899357674 -1.3112855754407162 -1.7175491510200045 -1.8844723131816252 -1.565165359766933 -1.8053445830447092 -1.8981728742300663 -1.9546527381440488 -2.2144041914910266 -1.8190451440931508
-0.10619540975129205 -0.20853021268454697 0.10770110457641291 0.6204935323894993 0.6381085394517809 0.19577613988782083 1.4545501366241984 1.7727386768920788 2.0559768063220982 2.1966172595336477 2.242472198552921 2.09596007632061 1.302166345371127 0.7885351076979319 1.21129527719269 1.574499946619735 2.0433946584204685 2.5346576331574333 1.455388946484307 0.8637483918210069 0.4250508349841846 0.7709201006356503 1.313909683412648 1.4847472915881097 1.942737475207431 2.2796594356844047 2.111617860375972 1.7358310430472974 1.281475702155114 0.9026132486727079 1.0306715539826277 1.3754224064872824 0.12252007877166537 -0.733904788399264 -1.256483331246951 -2.0290272124070152 -2.4176757809240224 -1.6373030077362767 -1.771232982066958 -1.7681573459132256 -1.734884554795583 -2.034898881427776 -2.411804111903262
-0.23593133478143002 0.48572474819871037 0.6557235465140625 -0.09529088156987964 -0.6217838704314076 0.10378665856257285 1.7699426440250496 1.1975947161442493 1.863609745070515 2.2972744427466854 2.2279328276443717 1.7053542847966838 1.3429884252297475 1.7973437661219318 1.5960293996958566 1.566671054592054 1.7875576510873312 1.7883964609474399 2.0073258344357967 1.578414392633575 1.381294075508043 1.3558501764180804 1.3158669064195685 1.4369351295619168 1.3284490543211982 1.883181975139717 1.8412414821342846 1.6625749819311428 1.4416883854358655 1.4847472915881097 1.5451416015159323 1.1313287371956662 1.0745692699949805 0.15076001072865708 -1.122832960202973 -1.9792578273739023 -1.9060017662577473 -1.5886520358499752 -1.5942441015840334 -1.993797198282452 -2.3091897056833037 -2.4263434828118116 -2.37769251092551
-0.017281564579775477 0.3196403958971974 0.7885351076979319 0.3685709710702021 0.3431270719802395 1.155654223138817 1.2884657843226854 0.598125269453269 1.2395352091496816 1.9877536043665947 2.036404576252896 1.6273449678065797 1.4291062375342358 1.4593033924981471 1.3236957984472486 1.1869697912495392 1.0667403779673004 1.142792471950484 0.044231158494858924 0.07079347073163245 1.0443721150310692 1.9983785292613048 1.898839759195078 0.7396045325249272 0.05122124066243039 0.23659821974644135 0.057931719543299565 0.1488027877217366 0.5589808093148649 0.5961680464463486 -0.11989597079973358 0.012076780524027164 -0.04272546366973806 0.29028205079339475 -0.3628712269445389 -1.3971237844585005 -1.9840110832478515 -1.2008422771930771 -1.8649000831124236 -2.120737090445561 -2.1198982805854523 -2.3189758207179048 -1.762285676892465
0.31684436303016916 -0.19287242862918585 -0.07180420548683752 0.5022213421141801 0.7932883635718806 1.1117565071264641 1.3002091223642065 0.7748345466494904 0.6906739573519225 1.4906189606088702 1.8401230689874728 1.4486784676034379 0.4837675251917899 0.2248548817049203 0.6867595113380824 1.369550737466522 1.3304062773281178 0.10881951772322473 -0.5602711473567732 -0.6880498493799907 -0.4682816660315252 0.6859207014779738 1.1897658241165683 0.27574267988484547 -0.36678567295837894 -0.4459134030952949 -0.5376232811338397 -0.5258799430923187 -0.23704974792824096 -0.6852538165129616 -1.1080139860077205 -1.0845273099246784 -1.24473999320543 -1.0073568027946829 -0.8639203167161043 -1.339525507397707 -1.5866948128430556 -1.3825844135499512 -1.7614468670323564 -2.049438252336326 -2.1403093205147625 -2.074882151426288 -2.0231555433862547
0.14964159758184525 -0.3472134428891769 -0.44703181624210586 -0.5269983562391305 0.7015784855333358 1.1732692302010985 1.3625606552989495 0.6898351474918138 0.3948536800202733 0.3227160320509297 1.1176281761472247 1.1293715141887457 0.3901004241463246 -0.4780677810661258 0.00229066548942658 0.2228976586980007 0.19186169387398078 -0.31310184191142554 -0.00833425940528354 0.4093930509288235 0.12727333464561497 -0.4858966730938068 0.1613849356233663 -0.05642602471817959 -0.3561607480636688 -0.4702388890384457 -0.4118018021175427 -0.6813393704991215 -1.0202185539830149 -1.2838844533438332 -1.4088671225000216 -1.5134387517269001 -1.6540792049384496 -1.758371230878625 -1.8386173741623524 -1.4331926084431732 -1.3618937703339373 -1.3336538383769465 -1.620806413820807 -1.9753433813600618 -2.0416093603086454 -1.8042261698978983 -2.099207637369439
0.00229066548942658 0.05709290968319092 0.14209230884086743 0.25225600380180335 0.9828593919564348 1.2669363312465638 1.2756040331343534 0.2914004639402066 -0.05642602471817959 -0.3122630320513169 -0.1226920036667627 0.4885207810657386 0.9252611148956413 0.08337561863326215 -0.1685469426860351 -0.829808715738352 -0.9967318778999728 -0.8278514927314324 0.13510222667329508 0.7152790465817764 0.6683056944156922 -0.6393988774936892 -0.971287978810011 -0.7232798635045539 -0.5376232811338397 -0.6139549784037266 -0.592425525327605 -0.9469624928668603 -1.395166561451581 -1.3716798853685388 -1.4245249065553836 -1.6071058527723654 -1.766200122906306 -1.684276359902361 -1.4868764394901266 -1.1597405940477534 -1.6149347448000464 -1.604030216618634 -1.8210023671000712 -2.1646348064579133 -2.1285659824732415 -1.9216595503131084 -2.0913787453417583
0.1820755788393793 0.8293571875565524 1.0412964788773378 1.2121340870527986 1.2834329251620336 1.5258489747334334 1.3010479322243151 0.3713670039372312 -0.09640929471669146 -0.27507579491983325 -0.1481359027567244 -0.3961440180621816 0.014034003530947636 0.5354941332318228 0.4250508349841846 -0.5242023233721014 -0.5739717084052147 -0.42829839603301334 -0.7847925865791883 -0.5857150464467358 0.621332342249608 -0.26724690289215225 -0.8121937086760704 -1.125628993070002 -0.9321435186716069 -0.9254330397907378 -0.943886856713128 -1.24473999320543 -1.3786699675361103 -1.3266637562093742 -1.430396575576144 -1.607944662632474 -1.125628993070002 -0.5991360042084741 -0.22139196387287985 -0.32093073393910565 -0.8874069927991464 -1.8579100009448513 -2.061181590377847 -2.320094233864716 -2.246838172748561 -2.079635407300237 -1.9870867194015829
0.7063317414072845 1.230867507261892 1.570585500605894 1.0737304601348718 1.0902270540503425 1.2493213241842822 1.147825331111136 0.9330900069233223 0.09120451066094315 0.13118778065945502 -0.08354754352835858 -0.4761105580592062 -0.8004503706345494 -0.4733145251921771 0.692631180358843 0.4681097411364288 0.3901004241463246 0.37723867295799174 -0.15987924079824545 -0.7887070325930283 0.4476987012071181 0.1488027877217366 -0.33155565883381577 -0.7652203565099862 -1.0210573638431235 -0.955630194754649 -1.0132284718154434 -1.3864988595637913 -1.3599365473270177 -1.5114815287199797 -1.6373030077362767 -1.4206104605415435 -0.20657298967762738 0.8959027697918387 0.6146218633687388 0.04339234863475028 -1.0378335610452964 -2.1607203604440732 -2.077678184293317 -2.3502913888286274 -2.38160695693935 -2.1450625763887117 -2.086625489467809
0.5852635182649362 1.452592913617278 1.9399414423404018 1.2630218852327237 0.6557235465140625 0.586381931411748 0.8986988026588678 0.732894053644058 0.5961680464463486 0.19661494974792948 -0.3276412128199748 -0.5144162083375008 -0.4322128420468534 -0.35420352505674924 0.24442711177412235 0.6087501943479783 0.7102461874211246 1.0424148920241487 1.2806368922950053 0.20444384177561048 -0.457656741136816 0.0747079167454725 0.09008609751413132 -0.2739573817730214 -0.805203626508499 -0.9399724106992879 -1.1549873381738047 -1.493866521657698 -1.2106283922276786 -1.2075527560739463 -1.4879948526369375 -1.6294741157085966 -1.0915173920922507 -0.3103058090443964 -1.011271248808523 -1.3571405144599886 -1.9459850362562592 -2.6832989032917607 -2.7819988634978783 -2.9587081406941 -2.68134168028484 -2.320094233864716 -2.227265942679359
0.3000681658279962 0.9045704716796283 1.6175588527719782 1.8334125901066036 1.2747652232742448 0.3274692879248784 -0.14897471261683304 0.808107337767134 1.1878086011096478 1.006346068039477 0.4896391942125504 0.550033504140373 0.8676628378348479 0.024658928425656867 -0.6723920653246296 -0.7009116005683236 -0.48505786323369815 0.3635381119095502 1.4182017093528234 1.599105035849588 -0.16463249667219504 -1.0719451620230487 -0.4224267270122528 0.027734564579388277 -0.08858040268901046 -0.47219611204536527 -0.7859109997260001 -1.1558261480339134 -1.2106283922276786 -1.2223717302691997 -1.2016810870531858 -1.2271249861431484 -1.3453971764184676 -1.1245105799231903 -1.5710370287876936 -2.054471111496978 -3.38650116934951 -4.825898889295949 -5.376717364100628 -5.265155652706178 -4.341346393439854 -3.169529018868073 -3.031964201810255
