static/data/ASCData/20210101/ASCV/21.asc
ncols 97
nrows 97
xllcorner 99.0
yllcorner 2.0
cellsize 0.25
NODATA_value -32767
[rows 38 to 56 of 97, columns 43 to 85 of 97]
-9.554956313187914 -9.417391049074794 -9.44951706883774 -9.561820847325295 -9.76199066277133 -9.881158975396268 -9.987696545208422 -10.005269752600118 -9.957492595003945 -9.925091993875506 -9.84518881651639 -9.839148026475495 -9.76199066277133 -9.73947499080072 -9.835303887358561 -10.100824067792464 -10.423182590883883 -10.749385253092237 -10.997332226134445 -11.111558074180468 -11.312002470991997 -11.452588130125564 -11.510250216879566 -11.536610027967109 -11.495422823142821 -11.468239267958793 -11.46906301205528 -11.438859061850803 -11.480870010771575 -11.474005476634193 -11.566813978171586 -11.547318701221425 -11.577522651425902 -11.548142445317911 -11.448469409643135 -11.071743776183656 -10.539330508488373 -9.5384814312582 -8.268817197208179 -6.319564083557422 -2.918324709167802 -0.4124951676581805 0.18224807000452348
-9.276805389941229 -9.31085347926264 -9.401739911241567 -9.621405003637763 -9.837225956917028 -10.008290147620567 -10.108786927391826 -10.187866360654457 -10.159584480008448 -10.043436562403958 -9.891867648650582 -9.902576321904895 -9.905596716925345 -9.920149529296593 -9.899830508249943 -10.170293153262762 -10.53658469483342 -10.858668636559345 -11.049228104213046 -11.205464901179841 -11.363623767705104 -11.472907151172212 -11.54237623664251 -11.572580186846986 -11.55500697945529 -11.581366790542834 -11.588231324680216 -11.586309255121748 -11.623377739463606 -11.533589632946661 -11.661544549267447 -11.629143948139006 -11.56187151359267 -11.492402428122375 -11.228804317246937 -10.835329220492248 -10.061009769795653 -8.950602727732877 -7.643870009340997 -5.357705560227573 -1.7659067181842518 1.0768341587880377 1.6490617244801316
-9.081303457708614 -9.228753650979561 -9.445672929720805 -9.76610938325376 -9.852877094750257 -10.014880100392453 -10.075562582166903 -10.152719945871066 -10.117573531087675 -10.003347683041651 -9.805923681250569 -9.824595214104246 -9.938821062150268 -10.10576653237138 -10.101922393254444 -10.226856914554784 -10.591226386566975 -10.836152964588734 -11.028634501800903 -11.178006764630318 -11.238689246404768 -11.301019216372188 -11.393003973813094 -11.445723595988182 -11.522880959692348 -11.550064514876375 -11.624476064925588 -11.66648701384636 -11.635184738179902 -11.47702587165464 -11.559949444034206 -11.491578684025889 -11.417441715342171 -11.238689246404768 -10.972894484605368 -10.420162195863437 -9.596967262108686 -8.409402856341744 -7.076584908227817 -4.727815907781477 -1.9106110978002464 0.7887983063835238 1.8415432616922995
-9.108761594258137 -9.286415737733563 -9.497294226433912 -9.836402212820541 -9.904772972828859 -9.997306893000756 -10.054968979754758 -9.934976923033336 -9.898732182787963 -9.796313333458237 -9.675222951274833 -9.729864643008387 -9.969025012354745 -10.175235617841675 -10.34602522717972 -10.467115609363123 -10.509126558283896 -10.752405648112685 -10.93005979158811 -11.06872338116321 -11.124463398358744 -11.181027159650764 -11.281523939422026 -11.381196975096799 -11.459452664262944 -11.531667563388194 -11.605804532071911 -11.57642432596392 -11.467140942496812 -11.250221663755568 -11.155491092659707 -11.098927331367687 -10.977836949184283 -10.799084480246876 -10.398744849354806 -9.842992165592428 -9.023915952320106 -7.856670567599814 -6.280573529657097 -4.128404786905354 -1.9133569114551987 -0.36856214917894103 0.6872032011502824
-9.198549700775084 -9.5384814312582 -9.637056141470993 -9.868528232583486 -9.936898992591802 -10.014880100392453 -9.8734706971624 -9.752380314978996 -9.603831796246068 -9.470110671249882 -9.646941070628822 -9.729864643008387 -10.037395772363062 -10.219168636320916 -10.438833728717114 -10.540428833950354 -10.582439782871127 -10.591226386566975 -10.762015995905019 -10.954497533117186 -11.111558074180468 -11.193657902463546 -11.293330938138322 -11.389159834696162 -11.452588130125564 -11.524803029250814 -11.472907151172212 -11.406733042087858 -11.108812260525514 -10.841095429167648 -10.569809040058345 -10.50143828005003 -10.355910156337549 -10.049202771079358 -9.648863140187288 -9.042312903808288 -8.257284779857379 -6.921171855357508 -5.000475203718257 -3.163525868555057 -1.984748066483963 -0.5775185683208237 -0.490476275458831
-9.431943861446044 -9.874294441258886 -9.91740371564164 -10.077484651725367 -10.059911444333672 -10.063755583450607 -9.891043904554095 -9.713115179713176 -9.56566498644223 -9.47889727494573 -9.798235403016703 -9.875392766720868 -10.249372586525393 -10.353988086779083 -10.613742058537586 -10.72384918610118 -10.66838375027114 -10.628294870908833 -10.632139010025767 -10.869377309813661 -11.134073746151078 -11.195579972022013 -11.290310543117872 -11.27658147484311 -11.328477352921713 -11.310904145530017 -11.237590920942786 -11.045383965096113 -10.713140512846865 -10.357832225896015 -9.92426824977902 -9.858643303425657 -9.530518571658837 -9.243581044716304 -8.717208567061917 -8.082376450036906 -7.0609337703945885 -5.602906719614829 -3.3656177535595586 -2.069593708421994 -1.326576533391857 -1.0687446311918203 -1.2746806553132553
-9.901752577808411 -10.113729391970741 -9.965180873237813 -10.287539396329233 -10.06759972256754 -10.194730894791839 -10.121417670204607 -9.94568559628765 -9.868528232583486 -9.781485939721492 -10.147777481292152 -10.22987730957523 -10.586283921988061 -10.59891466480084 -10.843017498726116 -10.902601655038584 -10.840271685071164 -10.73181204570054 -10.676072028505006 -10.862787357041775 -11.12528714245523 -11.16043355723862 -11.159609813142136 -11.117598864221364 -11.15466734856322 -11.120344677876314 -10.919351118333795 -10.679092423525454 -10.244430121946479 -9.905596716925345 -9.486585553179598 -9.414370654054348 -9.105741199237691 -8.808094999040843 -8.183971555270148 -6.945609596886585 -5.678142013760526 -4.095180441680429 -2.035545619100584 -1.1642989463841662 -1.8274129440551867 -1.3381089507426571 -1.418286709467269
-10.219168636320916 -10.613742058537586 -10.22877898411325 -10.532465974350991 -10.243606377849993 -10.341082762600806 -10.26804411937907 -10.256237120662774 -10.367442573688349 -10.356733900434033 -10.623352406329918 -10.789474132454544 -10.98772187834211 -10.975914879625815 -11.086296588554905 -11.063780916584294 -10.959439997696101 -10.84795996330503 -10.74059864939639 -10.839173359609184 -11.010237550312722 -11.019847898105056 -11.017925828546588 -11.061035102929342 -11.088218658113371 -10.925117327009195 -10.610721663517136 -10.271888258496002 -9.841070096033961 -9.596143518012202 -9.28147327315465 -9.271862925362315 -9.01210895360381 -8.484638150487442 -7.364620760632331 -5.808842743736264 -4.217094567960318 -2.4809165939338738 -1.6906714240385536 -1.7054988177752968 -2.963356053109022 -2.6371533909006692 -2.375477349583699
-10.846037893746564 -11.000352621154892 -10.642023939183595 -10.761192251808533 -10.55800204134205 -10.606877524400204 -10.570632784154832 -10.577497318292213 -10.675248284408521 -10.739500323934408 -10.977013205087797 -11.086296588554905 -11.272737335726177 -11.227980573150452 -11.083276193534456 -10.985799808783645 -10.882282633991936 -10.770802599600867 -10.690899422241749 -10.776843389641762 -10.975091135529329 -11.075587915300591 -11.112656399642448 -11.127209212013696 -11.043187314172151 -10.743619044416837 -10.355910156337549 -9.981930336533022 -9.64584274516684 -9.44375086016234 -9.208434629932913 -9.105741199237691 -8.667234758541781 -7.865457171295661 -6.32258447857787 -4.560046693463882 -3.2005943528969154 -2.0141282725919547 -2.59898658109683 -2.978732609576756 -3.991663266888721 -4.213250428843385 -4.629241197568684
-11.79416734880165 -11.360603372684656 -11.137094141171525 -11.150823209446287 -10.965206206371501 -10.839173359609184 -10.804026944825791 -10.805949014384257 -10.814735618080107 -10.944612603959357 -11.239512990501252 -11.274659405284645 -11.349070955333856 -11.231824712267386 -11.048129778751065 -10.918252792871813 -10.814735618080107 -10.73181204570054 -10.727967906583608 -10.828464686354868 -11.033576966379817 -11.088218658113371 -11.083276193534456 -11.028634501800903 -10.839173359609184 -10.54125257804684 -10.184845965634011 -9.837225956917028 -9.670280486695917 -9.491528017758512 -9.070594784454299 -8.529669494428664 -7.916254723912282 -6.895910369731945 -5.383241627218631 -3.9768358731519777 -3.0383167658892245 -3.034472626772291 -3.8049479383519533 -4.225881171656166 -4.8305093384767 -5.210255366956626 -5.417289716540042
-12.275783063880313 -11.63134059906297 -11.588231324680216 -11.391905648351115 -11.330399422480179 -10.99348808701751 -10.945710929421338 -10.95257546355872 -10.97399281006735 -11.084374518996437 -11.243631710983681 -11.31474828464695 -11.213153179413709 -11.064879242046276 -10.868553565717175 -10.72604583702514 -10.627196545446854 -10.56376825001745 -10.689801096779767 -10.801006549805344 -10.99348808701751 -10.912486584196413 -10.94269053440089 -10.859766962021325 -10.693645235896703 -10.493475420450668 -10.168371083704294 -9.991540684325356 -9.788350473858873 -9.460225742092053 -8.695791220553287 -8.079356055016458 -7.086195256020151 -6.057888042240452 -5.086419171118269 -3.9729917340350442 -4.099024580797362 -4.321710068214007 -4.850828359523348 -5.3022401243975334 -5.75420105200271 -5.798134070481949 -5.809941069198245
-12.543225313872684 -11.95534661034736 -11.954522866250874 -11.617611530788206 -11.60470620660993 -11.256262453796463 -11.023692037221988 -11.027810757704417 -11.093984866788771 -11.249397919659081 -11.184047554671213 -11.231824712267386 -11.031654896821351 -10.893815051342738 -10.716160907867312 -10.647790147858995 -10.551137507204668 -10.480844677637887 -10.57365317917528 -10.708472629633444 -10.905622050059034 -10.74636485807179 -10.752405648112685 -10.639003544163149 -10.566788645037898 -10.371561294170778 -10.248274261063411 -10.098078254137512 -9.677145020833299 -9.198549700775084 -8.240535316562168 -7.468137935424039 -6.526598433140839 -5.748434843327309 -4.801129132368708 -4.846160476309929 -4.986746135443495 -5.419211786098509 -5.758045191119643 -6.096054852044292 -6.275631065078183 -6.421159188790663 -6.292380528373393
-12.746415524339167 -12.158536820813843 -12.03744643863044 -11.706301311843172 -11.677195687100674 -11.341108095734494 -11.112656399642448 -11.079432054417524 -11.143958675308905 -11.240611315963234 -11.096181517712733 -11.081354123975991 -10.832308825471802 -10.759270182250066 -10.70929637372993 -10.643946008742063 -10.547293368087736 -10.475078468962487 -10.556903715880068 -10.685956957662835 -10.812813548521639 -10.578595643754195 -10.56376825001745 -10.394900710237874 -10.32350955520911 -10.297149744121565 -10.174137292379696 -9.969025012354745 -9.470110671249882 -8.819627416391643 -7.806971340445173 -7.034573959307044 -6.347022220106947 -5.578468978085752 -5.563916165714503 -5.613615392869143 -5.81076481329473 -6.270963181864763 -6.4398307216443404 -6.708371297098692 -6.820675075586248 -7.0930597901575325 -6.944785852790099
-12.941642875206288 -12.289512132155075 -12.09812892040489 -11.761217584942221 -11.62145566990514 -11.307060006413083 -11.265872801588795 -11.233746781825852 -11.173338881416898 -11.241435060059718 -10.99925429569291 -10.970148670950415 -10.73071372023856 -10.807047339846239 -10.772724669159333 -10.834230895030268 -10.737578254375942 -10.583263526967613 -10.688702771317788 -10.640101869625129 -10.677170353966988 -10.409453522609121 -10.355910156337549 -10.196652964350307 -10.204341242584173 -10.17798143149663 -9.99071694022887 -9.77187559192916 -9.191685166637702 -8.481892336832491 -7.576597574794661 -6.924192250377955 -6.312974130785537 -6.138065800965064 -6.123512988593816 -6.267942786844316 -6.4661905327318845 -6.7503822460194645 -6.8626860245070205 -7.18504454759844 -7.193831151294288 -7.456330936707744 -6.259979927244954
-12.974043476334725 -12.411426258434965 -12.341133428868183 -11.720030380117933 -11.534413377043148 -11.231824712267386 -11.206288645276327 -11.287564729462922 -11.243631710983681 -11.238689246404768 -10.966304531833483 -10.983877739225179 -10.76997885550438 -10.918252792871813 -10.915506979216861 -10.997332226134445 -10.937748069821977 -10.771900925062848 -10.762015995905019 -10.561846180458984 -10.53548636937144 -10.263101654800156 -10.208459963066602 -10.149699550850618 -10.144757086271703 -10.054145235658272 -9.883081044954734 -9.473954810366816 -8.885252362745007 -8.218019644591557 -7.548315694148651 -6.964281129740262 -6.69574055428591 -6.5842605198948405 -6.657573744482071 -6.796237334057171 -6.883279626919164 -7.017824496011834 -7.211404358685984 -7.476924539119887 -7.390980571719875 -6.896734113828431 -5.582313117202685
-13.416394056147567 -12.2766068079768 -12.224985511263693 -11.474005476634193 -11.312826215088483 -11.06295717248781 -11.203542831621375 -11.319690749225863 -11.261204918375377 -11.253242058776014 -11.00227469071336 -11.086296588554905 -10.901777910942098 -11.13517207161306 -11.083276193534456 -11.142860349846925 -11.0981035872712 -10.939670139380443 -10.911388258734434 -10.6302169404673 -10.574476923271764 -10.269966188937536 -10.278752792633384 -10.256237120662774 -10.19857503390877 -10.048104445617376 -9.679067090391765 -9.17328821514952 -8.618633856849122 -7.9964324826368935 -7.475826213657906 -7.225957171057232 -7.122439996265523 -7.149898132815048 -7.191634500370326 -7.247374517565861 -7.32947434584894 -7.422282847386333 -7.722949442603628 -7.73091230220299 -7.579343388449614 -6.76795545341116 -5.279724452426923
-13.744518787914387 -12.295278340830475 -12.083301526668144 -11.309805820068036 -11.166474347279518 -10.970972415046901 -11.182125485112746 -11.299097146813722 -11.195579972022013 -11.230726386805404 -11.01902415400857 -11.224960178130004 -11.00804089938876 -11.239512990501252 -11.263126987933845 -11.326555283363245 -11.27081526616771 -11.097005261809219 -10.965206206371501 -10.628294870908833 -10.591226386566975 -10.418240126304969 -10.433891264138198 -10.362774690474929 -10.282596931750318 -10.021744634529833 -9.564841242345743 -9.068672714895833 -8.46514287353728 -7.959363998295036 -7.724871512162094 -7.637005475203615 -7.60789985046112 -7.589228317607443 -7.598014921303291 -7.707298304770399 -7.895935702865634 -7.971170997011331 -8.194680228524462 -7.791320202611945 -7.3753294338866455 -6.0609084372609 -4.409576105172486
-13.956495602076718 -12.435863999964042 -12.107739268197221 -11.098927331367687 -11.066801311604742 -11.042363570075665 -11.250221663755568 -11.293330938138322 -11.165376021817536 -11.221939783109557 -11.045383965096113 -11.151646953542773 -10.874319774392575 -11.081354123975991 -11.109636004622 -11.081354123975991 -10.959439997696101 -10.808969409404707 -10.67991616762194 -10.358655969992501 -10.414395987188037 -10.276830723074918 -10.31197713785831 -10.191710499771391 -10.062931839354121 -9.779563870163026 -9.360827287782774 -8.941816124037029 -8.29819740331617 -8.01400569002859 -7.7737469952202485 -7.766882461082868 -7.7943405976323925 -7.861613032178727 -7.8783624954739375 -7.8764404259154706 -7.942614534999826 -8.022792293724438 -8.052172499832428 -7.643046265244511 -6.683933555569615 -5.211353692418607 -3.5715537776809936
-14.160509556639687 -12.353764171680965 -12.100874734059841 -11.243631710983681 -11.202444506159395 -11.147802814425841 -11.231824712267386 -11.239512990501252 -11.088218658113371 -11.078608310321037 -11.007217155292274 -11.063780916584294 -10.9133103282929 -11.053072243329979 -10.956419602675652 -10.655753007458358 -10.409453522609121 -10.175235617841675 -10.086271255421217 -9.925091993875506 -9.960238408658899 -9.798235403016703 -9.931132783916402 -9.77874012606654 -9.566763311904209 -9.273784994920781 -8.911612173832552 -8.522804960291282 -8.083474775498887 -7.955519859178102 -7.66446361175314 -7.759194182849001 -7.6839588887033035 -7.675172285007456 -7.697687956978065 -7.6878030278202365 -7.737776836340371 -7.657599077615759 -7.19081075627384 -6.641098862552356 -5.437883318952185 -4.534510626472824 -4.119618183209506
