static/data/pressure/2023/7/26/0.asc
ncols 137
nrows 93
xllcorner 108.0
yllcorner 17.0
cellsize 0.25
NODATA_value -32767
[rows 0 to 18 of 93, columns 43 to 85 of 137]
101.10035574634155 101.11362114316452 101.12986448621307 101.14637855164574 101.1230964266095 101.11560644064824 101.11037247455481 101.11759173813195 101.12535244647735 101.13338387720691 101.14664927402988 101.16063659721057 101.17841403376926 101.20539603138879 101.24510198106299 101.28011540941206 101.31260209550913 101.30565355431617 101.30565355431617 101.307909574184 101.31458739299285 101.3218968973647 101.33362820067752 101.3628662181649 101.40410626134926 101.44164643195033 101.4670943360597 101.46465783460242 101.47016252307998 101.48387912387652 101.52214122083531 101.57258582508051 101.61915007515299 101.57141269474921 101.43758559618819 101.31440691140342 101.27461072093449 101.26486471510538 101.2503359471564 101.23066345390872 101.22885863801444 101.23066345390872 101.23508525284971
101.08113445706744 101.09033901812828 101.10035574634155 101.1045970636931 101.1018898398517 101.10513850846138 101.11416258793281 101.12138185150992 101.13040593098134 101.1415957895259 101.15684648383258 101.17390199403354 101.1966426743015 101.22461732066287 101.24609462980483 101.25683328437582 101.2606233977538 101.26260869523752 101.27560336967635 101.28661274663148 101.28986141524119 101.29789284597074 101.316121486503 101.3416596314071 101.37414631750417 101.39562362664611 101.40934022744268 101.4134010632048 101.4364124658569 101.47088444943769 101.51537316123175 101.56085452176767 101.5623886152778 101.50039318930921 101.34409613286437 101.26287941762166 101.236890068744 101.24916281682512 101.24185331245327 101.24564342583126 101.25385533815026 101.26008195298552 101.26459399272123
101.06534231799247 101.07815651084188 101.08988781415471 101.09791924488427 101.10414585971955 101.11109440091252 101.11759173813195 101.1256231688615 101.13636182343248 101.1486345715136 101.16135852356828 101.17841403376926 101.1979060454275 101.21766877946989 101.22335394953687 101.22741478529902 101.22940008278273 101.23860464384357 101.25241148543483 101.26414278874766 101.26964747722522 101.28534937550548 101.30610475828973 101.33065025445197 101.35158611882564 101.36737825790061 101.38308015618087 101.40383553896511 101.43939041208247 101.47765250904125 101.51916327460975 101.56013259540995 101.54840129209711 101.48216454877695 101.34987154372607 101.29265887987732 101.2753326472922 101.28390552279005 101.26991819960936 101.26964747722522 101.2753326472922 101.28110805815392 101.29365152861916
101.06263509415105 101.07562976858988 101.0873610719027 101.09665587375827 101.1058604348191 101.11335042078038 101.12011848038394 101.13013520859721 101.14015193681047 101.15061986899731 101.16162924595243 101.17733114423268 101.1921306345658 101.2068398841042 101.21189336860819 101.21559324119147 101.21938335456946 101.22488804304702 101.23364140013429 101.2446507770894 101.25836737788595 101.2823714292799 101.30691692544215 101.3353427757771 101.3563688809455 101.37089764889446 101.38786291830071 101.41186696969466 101.4453463045336 101.48965453473824 101.53811384149971 101.59216807753347 101.5910851879969 101.5328798754063 101.43009561022691 101.34662287511635 101.31287281789328 101.29861477232845 101.30538283193202 101.30962414928356 101.316121486503 101.31260209550913 101.32415291723255
101.05911570315719 101.0726518223643 101.08636842316086 101.09809972647369 101.10739452832924 101.11641860780065 101.1243597977355 101.13365459959105 101.14186651191004 101.15161251773917 101.163343821052 101.1736312716494 101.18689666847239 101.19258183853937 101.19763532304336 101.20259856675264 101.20990807112447 101.21559324119147 101.22488804304702 101.2401387373537 101.2593600266278 101.2848981715319 101.31413618901928 101.34310348412251 101.36638560915875 101.38434352730687 101.40239168624969 101.42865175751149 101.46258229632399 101.5073417305022 101.56139596653595 101.6095845509133 101.62790343224026 101.6428834041628 101.59640939488501 101.49488850083165 101.39887229525583 101.3538421386935 101.33462084941938 101.33065025445197 101.33516229418767 101.3456302263745 101.34914961736835
101.05785233203119 101.07012508011232 101.08339047693529 101.09665587375827 101.10685308356095 101.11614788541652 101.12535244647735 101.13464724833291 101.1428591606519 101.1498979426396 101.15883178131628 101.16785586078771 101.17336054926525 101.17913596012697 101.1850918525781 101.19285256092351 101.20034254688478 101.20909590397204 101.2209174480796 101.23634862397572 101.26089412013795 101.29238815749318 101.3218968973647 101.3551055098195 101.3801022099553 101.39833085048754 101.41962767804009 101.44688039804373 101.48640586612852 101.53215794904858 101.58314399806206 101.61012599568157 101.63737871568523 101.65235868760777 101.66941419780875 101.6454101464148 101.54912321845482 101.4984078918255 101.40166975989197 101.38786291830071 101.35961754955518 101.37459752147774 101.37640233737201
101.05758160964704 101.06985435772818 101.08212710580929 101.09458033547985 101.10486778607725 101.11434306952223 101.12390859376193 101.13338387720691 101.14060314078404 101.14764192277174 101.15215396250746 101.15585383509072 101.16135852356828 101.16758513840357 101.17633849549082 101.18436992622038 101.19483785840723 101.20584723536234 101.21766877946989 101.23183658424001 101.25484798689212 101.28787611775748 101.32686014107396 101.36088092068118 101.39309688439413 101.42413971777579 101.44561702691774 101.47341119168969 101.51663653235775 101.56265933766194 101.58512929554576 101.59036326163918 101.61662333290099 101.63259595356539 101.65687072734349 101.65010266773992 101.67789683251188 101.6403566619108 101.52187049845116 101.4096109498268 101.3813655810813 101.39038966055271 101.4005868703554
101.0565889609052 101.06913243137046 101.08239782819344 101.09340720514855 101.10288248859355 101.11190656806495 101.11966727641037 101.12941328223948 101.13663254581662 101.14213723429418 101.14484445813561 101.14836384912945 101.15359781522288 101.15964394846871 101.16984115827142 101.18112125761068 101.19240135694994 101.20512530900464 101.21739805708576 101.2298512867563 101.24889209444098 101.2791227606702 101.31639220888714 101.35862490081333 101.39833085048754 101.43866848572476 101.47611841553112 101.50616860017092 101.54740864335525 101.5718638987228 101.58341472044619 101.58016605183649 101.58440736918804 101.6051627519723 101.63313739833367 101.65858530244306 101.67058732814003 101.68764283834099 101.5936119302489 101.50887582401234 101.40834757870083 101.40266240863383 101.41809358452994
101.05514510818976 101.06660568911848 101.08014180832558 101.09088046289656 101.09891189362612 101.1071238059451 101.11335042078038 101.12264522263592 101.13058641257078 101.13491797071705 101.1370837497902 101.1415957895259 101.15016866502374 101.15585383509072 101.16686321204585 101.18085053522654 101.19366472807593 101.20783253284606 101.22163937443732 101.23535597523386 101.25141883669298 101.27433999855035 101.31016559405185 101.34283276173836 101.38786291830071 101.43361500122077 101.4799085289091 101.5201559233516 101.5508377935544 101.5706005275968 101.56861523011308 101.56789330375537 101.57042004600736 101.59839469236873 101.63891280919538 101.6481173702562 101.64911001899806 101.6736555151603 101.6575926537012 101.60660660468773 101.50391258030307 101.42964440625335 101.43686366983047
101.05460366342149 101.06434966925062 101.07761506607359 101.08636842316086 101.09458033547985 101.09909237521555 101.10983102978652 101.11966727641037 101.12941328223948 101.13085713495492 101.13058641257078 101.13437652594877 101.14385180939375 101.15612455747485 101.17065332542384 101.18536257496224 101.20061326926893 101.21613468595976 101.23084393549816 101.24537270344712 101.2618867688798 101.28083733576977 101.30511210954788 101.33462084941938 101.36440031167504 101.40383553896511 101.45310701287902 101.49488850083165 101.52710446454459 101.54136251010942 101.54361852997728 101.54614527222925 101.55733513077382 101.5910851879969 101.63313739833367 101.63566414058566 101.63259595356539 101.66508263966246 101.74214827834832 101.69910341926968 101.61337466429127 101.48784971884395 101.47810371301482
101.05261836593779 101.06462039163476 101.07535904620573 101.0808637346833 101.08636842316086 101.09133166687013 101.11515523667467 101.13816663932676 101.15260516648102 101.15034914661317 101.1403324183999 101.14412253177788 101.15666600224314 101.17290934529169 101.1876185948301 101.20115471403722 101.2164054083439 101.23210730662416 101.2459141482154 101.2593600266278 101.27488144331863 101.29464417736102 101.31585076411885 101.33985481551281 101.36566368280104 101.39111158691043 101.42666646002777 101.4670943360597 101.50310041315063 101.52511916706088 101.53513589527414 101.54289660361957 101.55489862931654 101.57312726984878 101.5955972277326 101.60714804945601 101.62664006111426 101.66715817794089 101.73637286748661 101.75812089901272 101.71733205980193 101.60985527329744 101.52060712732518
101.0463917511025 101.05911570315719 101.06714713388675 101.07391519349031 101.0859172191873 101.1083871770711 101.13040593098134 101.15089059138145 101.16812658317185 101.18310655509438 101.18436992622038 101.19059654105565 101.20133519562664 101.2138786660919 101.22389539430516 101.2311146578823 101.23959729258543 101.25015546556698 101.26360134397937 101.27614481444463 101.29058334159889 101.31188016915142 101.33435012703524 101.35808345604507 101.38190702584957 101.40338433499154 101.4306370549952 101.4670943360597 101.50310041315063 101.53008241077015 101.537391915142 101.53964793500985 101.54388925236142 101.55390598057468 101.57014932362323 101.59036326163918 101.62140609502083 101.66715817794089 101.70090823516396 101.74341164947433 101.75766969503916 101.73213155013505 101.5955972277326
101.04612102871836 101.06037907428319 101.0694031537546 101.08014180832558 101.09566322501641 101.1281499111135 101.1326619508492 101.14340060542017 101.15486118634888 101.18112125761068 101.19510858079136 101.20539603138879 101.21460059244961 101.22588069178887 101.2401387373537 101.24961402079869 101.25836737788595 101.26685001258909 101.2803861317962 101.29311008385089 101.30836077815756 101.33083073604139 101.35763225207148 101.38208750743901 101.40509891009111 101.4248616441335 101.4485949731433 101.47783299063067 101.50959775037006 101.53089457792258 101.53008241077015 101.53188722666444 101.53712119275785 101.55011586719668 101.56690065501351 101.58765603779776 101.6186086303847 101.66941419780875 101.69765956655425 101.7311389013932 101.75514295278715 101.76010619649644 101.64333460813637
101.0706665248806 101.0783369924313 101.08709034951858 101.09412913150626 101.09809972647369 101.11741125654251 101.12210377786764 101.13112785733905 101.14538590290388 101.16740465681413 101.18536257496224 101.19835724940107 101.21460059244961 101.23012200914044 101.24510198106299 101.26035267536966 101.27091084835122 101.28336407802176 101.29789284597074 101.31160944676728 101.32938688332597 101.35239828597807 101.3788388388293 101.40509891009111 101.42838103512734 101.44814376916973 101.46610168731785 101.49236175857966 101.51158304785375 101.52764590931288 101.5328798754063 101.54858177368655 101.55941066905224 101.57042004600736 101.58160990455191 101.60633588230358 101.64486870164652 101.69161343330842 101.69459137953399 101.6883647646987 101.70208136549525 101.73808744258618 101.68737211595685
101.1083871770711 101.1071238059451 101.1078457323028 101.1026117662094 101.10558971243496 101.10540923084552 101.11335042078038 101.12408907535135 101.14240795667831 101.15838057734271 101.1761580139014 101.19610122953321 101.21333722132361 101.234363326492 101.2515993182824 101.26685001258909 101.2836348004059 101.29762212358659 101.31341426266157 101.33110145842554 101.34960082134192 101.37360487273588 101.39787964651397 101.4235982730075 101.4440829334076 101.46258229632399 101.4799085289091 101.49588114957349 101.5138390677216 101.52439724070317 101.54334780759314 101.56112524415181 101.58512929554576 101.59388265263304 101.6001092674683 101.61815742641113 101.65533663383334 101.68439416973128 101.67112877290832 101.66941419780875 101.69838149291196 101.7369143122549 101.68935741344056
101.14691999641403 101.13563989707477 101.12165257389407 101.11614788541652 101.11289921680681 101.1091091034288 101.11560644064824 101.12887183747121 101.14710047800345 101.15233444409688 101.16758513840357 101.18788931721424 101.2126152949659 101.23535597523386 101.25439678291855 101.27433999855035 101.29112478636718 101.30908270451529 101.32938688332597 101.34716431988464 101.36810018425832 101.39183351326814 101.4146644343308 101.43460764996262 101.45536303274687 101.47088444943769 101.48586442136023 101.50183704202463 101.5138390677216 101.52484844467673 101.54533310507684 101.56112524415181 101.58485857316163 101.59965806349473 101.62483524521997 101.64333460813637 101.6723921440343 101.69188415569256 101.67410671913387 101.68439416973128 101.71336146483452 101.74016298086461 101.69134271092427
101.16108780118414 101.15341733363346 101.13834712091618 101.13085713495492 101.12760846634521 101.11587716303238 101.11515523667467 101.12833039270292 101.14060314078404 101.14439325416203 101.15937322608457 101.18039933125296 101.20512530900464 101.23165610265058 101.25466750530269 101.27488144331863 101.29789284597074 101.31783606160256 101.3403962602811 101.36340766293318 101.38434352730687 101.40690372598539 101.42612501525949 101.44615847168602 101.46240181473456 101.47684034188883 101.4913691098378 101.50337113553478 101.5156438836159 101.52764590931288 101.54289660361957 101.55886922428397 101.58115870057834 101.60236528733616 101.64459797926237 101.70984207384068 101.73908009132803 101.73438757000291 101.683852724963 101.69414017556042 101.71236881609266 101.73438757000291 101.68665018959913
101.14791264515588 101.16009515244228 101.15341733363346 101.14466397654617 101.13013520859721 101.11416258793281 101.11037247455481 101.1178624605161 101.12914255985535 101.13690326820077 101.15161251773917 101.17290934529169 101.19637195191736 101.22389539430516 101.24889209444098 101.27560336967635 101.29933669868616 101.3251455659744 101.35140563723621 101.37486824386188 101.39688699777211 101.41890575168237 101.4364124658569 101.45211436413716 101.46790650321213 101.48288647513468 101.4978664470572 101.50986847275419 101.51916327460975 101.53035313315429 101.54208443646714 101.56662993262937 101.58909989051318 101.62041344627897 101.67690418377002 101.74684079967346 101.77815435543926 101.76091836364886 101.68989885820885 101.69161343330842 101.7074055723834 101.74034346245404 101.69784004814369
101.14538590290388 101.16433646979385 101.15459046396474 101.13491797071705 101.11659908939009 101.11190656806495 101.11533571826409 101.12111112912578 101.12733774396106 101.13464724833291 101.14791264515588 101.16541935933043 101.18816003959839 101.21460059244961 101.24212403483742 101.27036940358293 101.3014122369646 101.33083073604139 101.35961754955518 101.38515569445929 101.40762565234311 101.4268469416172 101.44263908069219 101.458160497383 101.4741331180474 101.48965453473824 101.50589787778678 101.51708773633132 101.52611181580274 101.53387252414815 101.54461117871912 101.57565401210078 101.61166008919172 101.64008593952666 101.68358200257886 101.74016298086461 101.7688595535837 101.72716830642578 101.68412344734715 101.69414017556042 101.72834143675706 101.76913027596784 101.71787350457022
