static/data/pressure/2023/7/26/12.asc
ncols 137
nrows 93
xllcorner 108.0
yllcorner 17.0
cellsize 0.25
NODATA_value -32767
[rows 57 to 75 of 93, columns 86 to 128 of 137]
101.20295952993149 101.21053975668748 101.21496155562846 101.21802974264875 101.2292196011933 101.238785125433 101.25421630132911 101.26748169815208 101.28002516861734 101.29401249179803 101.30420970160073 101.30998511246243 101.31927991431799 101.32875519776296 101.34075722345995 101.35429334266706 101.36701729472175 101.38127534028658 101.39372856995712 101.40672324439596 101.41998864121894 101.43199066691591 101.4447146189706 101.45175340095831 101.45626544069401 101.45698736705172 101.4555435143363 101.45346797605788 101.45346797605788 101.46077748042971 101.4727795061267 101.48099141844567 101.48424008705538 101.48252551195581 101.4792768433461 101.47999876970381 101.4805402144721 101.48026949208796 101.47972804731967 101.47873539857781 101.47900612096196 101.47702082347826 101.47196733897427
101.19898893496408 101.20503506820992 101.20602771695177 101.20801301443548 101.21875166900647 101.23273899218715 101.2464555929837 101.2580064147071 101.27027916278823 101.28571033868434 101.29852453153374 101.3015024777593 101.30727788862102 101.31729461683427 101.32974784650482 101.3424717985595 101.35600791776663 101.36999524094732 101.38199726664429 101.39499194108312 101.40825733790611 101.42098128996079 101.43478813155205 101.4427293214869 101.44949738109045 101.45076075221645 101.45148267857417 101.45148267857417 101.45175340095831 101.45572399592572 101.46547000175485 101.47422335884212 101.47846467619368 101.48026949208796 101.48072069606152 101.48550345818138 101.48378888308181 101.48198406718753 101.47828419460424 101.47575745235227 101.4727795061267 101.46853818877513 101.46501879778127
101.19149894900279 101.19826700860636 101.19971086132179 101.20025230609006 101.20801301443548 101.22299298635804 101.23950705179071 101.25150907748768 101.26296965841638 101.27578385126577 101.28471768994248 101.2867932282209 101.29428321418217 101.30827053736286 101.32153593418585 101.33552325736653 101.34923985816307 101.36277597737018 101.37477800306718 101.38696051035357 101.39851133207698 101.41123528413166 101.42522260731236 101.43370524201548 101.44101474638732 101.44453413738117 101.44525606373888 101.4485047323486 101.4497681034746 101.45229484572658 101.4542801432103 101.46204085155571 101.46547000175485 101.46799674400684 101.47350143248441 101.48153286321396 101.48153286321396 101.48378888308181 101.48126214082981 101.47999876970381 101.47747202745182 101.47250878374255 101.464477353013
101.17796282979567 101.18500161178339 101.1927623201288 101.1947476176125 101.19998158370593 101.21225433178705 101.22849767483558 101.24374836914227 101.25520895007097 101.2625184544428 101.26928651404637 101.27226446027194 101.28453720835306 101.29852453153374 101.31476787458227 101.32947712412067 101.3437351696855 101.3577224928662 101.36972451856317 101.37929004280286 101.39047990134742 101.40221120466026 101.41574732386736 101.4247714033388 101.43298331565776 101.43677342903577 101.43975137526132 101.44300004387102 101.4459779900966 101.44823400996445 101.4497681034746 101.45148267857417 101.45500206956801 101.45825073817772 101.46375542665528 101.46971131910641 101.47350143248441 101.4760281747364 101.48378888308181 101.48324743831353 101.48026949208796 101.47323071010027 101.46474807539713
101.155763594296 101.16948019509256 101.17697018105382 101.18554305655167 101.19176967138694 101.20277904834207 101.21676637152275 101.2317463434453 101.24221427563212 101.24925305761984 101.25575039483925 101.26098436093267 101.27370831298735 101.2892297296782 101.30547307272673 101.32198713815941 101.33696711008196 101.35221780438864 101.36403934849618 101.37351463194118 101.38253871141258 101.39399929234126 101.4057305956541 101.41628876863565 101.4247714033388 101.43271259327362 101.43551005790977 101.4394806528772 101.44327076625518 101.44552678612303 101.44679015724903 101.4485047323486 101.4530167720843 101.45626544069401 101.45879218294601 101.4599653132773 101.46375542665528 101.46673337288084 101.47422335884212 101.47422335884212 101.47052348625884 101.46276277791343 101.45572399592572
101.13275219164392 101.1467395148246 101.16199020913129 101.17173621496042 101.18175294317368 101.19447689522836 101.20774229205134 101.22200033761618 101.23228778821358 101.23896560702244 101.24627511139427 101.25322365258725 101.26621832702608 101.28173974371691 101.29473441815574 101.3117899283567 101.32676990027925 101.34400589206965 101.35528599140892 101.36421983008562 101.37351463194118 101.38371184174386 101.39499194108312 101.40600131803825 101.41547660148322 101.42377875459694 101.43325403804191 101.43749535539348 101.44227811751333 101.44426341499702 101.4459779900966 101.45049002983231 101.45527279195215 101.45725808943587 101.45798001579358 101.45752881182001 101.45653616307816 101.45879218294601 101.45473134718387 101.4542801432103 101.44949738109045 101.44245859910275 101.43704415141991
101.11172608647553 101.12851087429235 101.14520542131446 101.1615390051577 101.17272886370226 101.18725763165125 101.20124495483192 101.21604444516504 101.22849767483558 101.23526573443915 101.24221427563212 101.25177979987183 101.26351110318465 101.27452048013978 101.2867932282209 101.29978790265973 101.31377522584042 101.33173314398853 101.34346444730136 101.35248852677277 101.36178332862833 101.37170981604689 101.38353136015444 101.3930066435994 101.4024819270444 101.41322058161538 101.42323730982865 101.43271259327362 101.44029282002961 101.4427293214869 101.44624871248074 101.45049002983231 101.45527279195215 101.45752881182001 101.45752881182001 101.4542801432103 101.45202412334244 101.44498534135474 101.43920993049305 101.43153946294234 101.42621525605422 101.41926671486122 101.41421323035723
101.09800948567899 101.11425282872752 101.13103761654435 101.14926625707659 101.1659608040987 101.18500161178339 101.19754508224865 101.21270553576062 101.22597093258359 101.23328043695544 101.23896560702244 101.24853113126213 101.25899906344895 101.26928651404637 101.28047637259091 101.29175647193017 101.3052925911373 101.3212652118017 101.33326723749867 101.34274252094364 101.35221780438864 101.3622345326019 101.37351463194118 101.38073389551829 101.39002869737385 101.40103807432897 101.41304010002594 101.42450068095465 101.43397596439962 101.43650270665162 101.44227811751333 101.44877545473274 101.45400942082615 101.45770929340944 101.45879218294601 101.45247532731602 101.4427293214869 101.43325403804191 101.42278610585508 101.41276937764181 101.40401602055454 101.39796988730869 101.39273592121526
101.09223407481727 101.10703356515039 101.12174281468879 101.13753495376376 101.15395877840173 101.18175294317368 101.20196688118963 101.21875166900647 101.23102441708758 101.23670958715458 101.23725103192287 101.24546294424184 101.25728448834938 101.26928651404637 101.28201046610106 101.29599778928174 101.30953390848886 101.31801654319199 101.32622845551097 101.33678662849253 101.34797648703707 101.35826393763448 101.36620512756932 101.36972451856317 101.37802667167686 101.38948725260558 101.40329409419682 101.41701069499337 101.42702742320662 101.4325321116842 101.43875872651948 101.44453413738117 101.4497681034746 101.45473134718387 101.45725808943587 101.4447146189706 101.42847127592205 101.41322058161538 101.40103807432897 101.39174327247342 101.385245935254 101.38001196916058 101.37676330055086
101.08952685097584 101.10170935826226 101.11596740382709 101.1320302652862 101.14872481230832 101.17697018105382 101.20449362344164 101.22497828384174 101.24049970053255 101.24826040887798 101.24952378000397 101.2547577460974 101.26324038080053 101.27100108914594 101.28246167007462 101.29771236438131 101.31025583484657 101.3162117272977 101.32478460279555 101.33678662849253 101.35050322928907 101.3622345326019 101.36900259220546 101.36828066584775 101.37170981604689 101.38127534028658 101.39625531220912 101.41249865525766 101.4229665874445 101.43099801817405 101.43523933552562 101.43920993049305 101.44245859910275 101.44552678612303 101.44128546877147 101.42278610585508 101.40654276280654 101.3930066435994 101.38253871141258 101.37676330055086 101.37378535432532 101.37125861207332 101.37026596333146
101.08826347984984 101.09999478316269 101.1147942734958 101.13248146925977 101.15395877840173 101.18003836807411 101.20846421840905 101.23273899218715 101.24871161285155 101.2592697858331 101.26603784543666 101.2739790353715 101.2810178173592 101.28552985709491 101.28498841232663 101.29247839828788 101.29726116040774 101.30745837021043 101.31927991431799 101.3347110902141 101.34923985816307 101.36250525498605 101.3705366857156 101.37098788968918 101.37170981604689 101.38001196916058 101.39345784757298 101.40997191300566 101.42251538347094 101.43045657340576 101.43298331565776 101.43352476042605 101.43496861314148 101.4287419983062 101.41926671486122 101.40203072307082 101.38948725260558 101.37775594929272 101.37225126081518 101.36873186982132 101.36828066584775 101.3680099434636 101.36647584995346
101.08952685097584 101.10098743190454 101.11623812621123 101.13473748912763 101.15675624303786 101.18554305655167 101.2157737227809 101.23896560702244 101.25196028146127 101.26125508331681 101.2732571090138 101.28751515457863 101.29599778928174 101.29852453153374 101.29771236438131 101.29301984305617 101.29401249179803 101.30303657126944 101.31521907855584 101.33046977286253 101.34472781842736 101.3577224928662 101.3692733145896 101.37351463194118 101.37522920704075 101.37974124677643 101.39228471724171 101.40428674293868 101.41601804625151 101.42450068095465 101.42621525605422 101.42675670082248 101.42395923618636 101.41673997260922 101.40221120466026 101.38723123273772 101.37649257816673 101.37252198319932 101.3680099434636 101.37026596333146 101.37026596333146 101.36900259220546 101.36403934849618
101.0917828708437 101.10549947164024 101.12020872117866 101.13347411800163 101.15323685204402 101.18103101681596 101.21225433178705 101.23625838318101 101.2502457063617 101.26026243457495 101.27452048013978 101.29148574954603 101.30673644385273 101.3117899283567 101.30799981497871 101.3027658488853 101.30204392252759 101.30700716623687 101.31576052332413 101.32478460279555 101.33552325736653 101.35050322928907 101.36403934849618 101.37170981604689 101.377034022935 101.381455821876 101.38723123273772 101.39625531220912 101.40545987326996 101.41349130399952 101.41628876863565 101.41773262135108 101.41475467512551 101.40401602055454 101.38921653022143 101.37549992942488 101.36728801710589 101.36602464597989 101.36999524094732 101.37396583591475 101.37450728068303 101.37225126081518 101.3667465723376
101.09503153945342 101.11046271534953 101.12625485442449 101.1365423050219 101.14322012383074 101.16875826873485 101.19673291509622 101.22425635748402 101.24022897814841 101.2580064147071 101.27352783139794 101.29301984305617 101.31052655723072 101.31846774716556 101.3174750984237 101.31323378107214 101.31197040994614 101.31395570742986 101.31377522584042 101.31900919193384 101.32704062266339 101.34202059458593 101.35727128889263 101.36900259220546 101.37522920704075 101.37847787565043 101.381455821876 101.38804339989014 101.39399929234126 101.40103807432897 101.40473794691225 101.40545987326996 101.40176000068668 101.3897579749897 101.37676330055086 101.36773922107946 101.36151260624419 101.36602464597989 101.37170981604689 101.37676330055086 101.37748522690858 101.37477800306718 101.36701729472175
101.09728755932127 101.11425282872752 101.13004496780249 101.13401556276992 101.14096410396289 101.1525149256863 101.1775116258221 101.20747156966719 101.23003176834573 101.24997498397755 101.27370831298735 101.29347104702974 101.31070703882014 101.31900919193384 101.32099448941756 101.31900919193384 101.3174750984237 101.31350450345627 101.31224113233029 101.31278257709856 101.3200018406757 101.33498181259824 101.35122515564679 101.36322718134376 101.36873186982132 101.37152933445746 101.37324390955703 101.37748522690858 101.38326063777029 101.38849460386372 101.39228471724171 101.39147255008928 101.38696051035357 101.37549992942488 101.36602464597989 101.35799321525035 101.36024923511819 101.36503199723803 101.37225126081518 101.37676330055086 101.37721450452445 101.37351463194118 101.36575392359575
101.09503153945342 101.11425282872752 101.12796942952406 101.1307668941602 101.13347411800163 101.14322012383074 101.16298285787315 101.1934842464865 101.21875166900647 101.24726776013613 101.27172301550365 101.29301984305617 101.31025583484657 101.31729461683427 101.31946039590741 101.3174750984237 101.312963058688 101.30799981497871 101.30375849762716 101.3040292200113 101.3117899283567 101.3264991778951 101.3424717985595 101.35375189789877 101.35898586399219 101.36178332862833 101.36403934849618 101.36728801710589 101.37297318717289 101.37802667167686 101.37974124677643 101.37802667167686 101.37198053843103 101.36196381021776 101.35302997154106 101.35122515564679 101.35447382425649 101.36421983008562 101.37152933445746 101.37351463194118 101.37225126081518 101.36846114743717 101.36250525498605
101.08348071773001 101.10450682289839 101.11696005256894 101.12472076091436 101.12796942952406 101.13446676674349 101.15224420330216 101.18274559191553 101.21099096066105 101.2407704229167 101.26748169815208 101.28895900729405 101.30448042398487 101.30998511246243 101.31070703882014 101.30628523987916 101.30177320014344 101.29653923405003 101.29202719431431 101.29220767590374 101.29924645789146 101.31323378107214 101.32550652915326 101.33750855485025 101.34653263432165 101.3507739516732 101.35528599140892 101.35799321525035 101.36403934849618 101.36900259220546 101.36999524094732 101.36503199723803 101.35600791776663 101.34599118955336 101.34003529710223 101.34102794584409 101.34923985816307 101.36051995750233 101.36846114743717 101.36972451856317 101.3667465723376 101.36277597737018 101.35754201127678
101.07102748805946 101.09503153945342 101.10974078899181 101.12201353707293 101.12652557680863 101.13103761654435 101.14971746105017 101.1729995860864 101.19700363748036 101.22524900622588 101.25520895007097 101.28074709497506 101.29626851166589 101.30096103299103 101.29996838424917 101.29374176941388 101.28823708093634 101.28273239245877 101.27876179749134 101.28128853974334 101.2879663585522 101.2995171802756 101.30727788862102 101.31603124570827 101.3264991778951 101.33696711008196 101.34671311591107 101.34951058054722 101.35546647299834 101.36024923511819 101.36051995750233 101.35474454664063 101.34301324332779 101.33326723749867 101.33046977286253 101.33498181259824 101.34427661445379 101.35474454664063 101.36151260624419 101.36196381021776 101.35853466001863 101.35546647299834 101.35302997154106
101.06128148223033 101.08772203508157 101.10053622793097 101.11073343773367 101.11723077495309 101.12571340965621 101.14520542131446 101.16072683800529 101.18247486953139 101.20674964330948 101.23598766079687 101.26197700967452 101.27776914874948 101.28697370981034 101.28697370981034 101.2822811884852 101.27749842636534 101.27253518265609 101.27045964437765 101.27596433285521 101.28146902133277 101.29220767590374 101.29978790265973 101.30475114636901 101.3117899283567 101.32198713815941 101.33750855485025 101.34174987220179 101.3475252830635 101.35221780438864 101.35275924915692 101.34653263432165 101.33453060862468 101.3264991778951 101.32550652915326 101.33074049524667 101.33922312994981 101.3475252830635 101.35375189789877 101.35501526902478 101.35375189789877 101.34978130293135 101.3462619119375
