static/data/pressure/2023/7/26/18.asc
ncols 137
nrows 93
xllcorner 108.0
yllcorner 17.0
cellsize 0.25
NODATA_value -32767
[rows 38 to 56 of 93, columns 86 to 128 of 137]
101.34725456067936 101.35853466001863 101.37297318717289 101.3930066435994 101.42522260731236 101.43271259327362 101.43045657340576 101.4287419983062 101.43776607777762 101.44227811751333 101.44679015724903 101.45076075221645 101.45373869844201 101.45725808943587 101.45897266453544 101.46050675804557 101.46204085155571 101.46420663062885 101.47052348625884 101.47702082347826 101.48424008705538 101.49145935063252 101.49849813262021 101.50427354348191 101.5105001583172 101.5169974955366 101.52250218401417 101.52800687249173 101.53125554110143 101.53324083858514 101.53477493209529 101.53495541368471 101.535496858453 101.53477493209529 101.53351156096929 101.53278963461158 101.52972144759129 101.52602157500803 101.52123881288817 101.51600484679474 101.51149280705904 101.50725148970749 101.50571739619734
101.3290259201471 101.3404865010758 101.35176660041506 101.37721450452445 101.41123528413166 101.42549332969651 101.41899599247708 101.41601804625151 101.42648597843835 101.4325321116842 101.43776607777762 101.4427293214869 101.44525606373888 101.4485047323486 101.45021930744817 101.45121195619002 101.4530167720843 101.45500206956801 101.46077748042971 101.46700409526498 101.4740428772527 101.48153286321396 101.48902284917523 101.49579090877879 101.50147607884578 101.50652956334977 101.51104160308547 101.5169974955366 101.51997544176217 101.52304362878246 101.5252094078556 101.52629229739216 101.52728494613402 101.52674350136574 101.52602157500803 101.52475820388203 101.52250218401417 101.5195242377886 101.51474147566876 101.50995871354891 101.50571739619734 101.50174680122993 101.49922005897793
101.31124848358843 101.32171641577527 101.33425988624053 101.35348117551463 101.37423655829889 101.38921653022143 101.39796988730869 101.40374529817039 101.41547660148322 101.42179345711322 101.42720790479606 101.43271259327362 101.43650270665162 101.44002209764547 101.4414659503609 101.44245859910275 101.44372197022874 101.44552678612303 101.45049002983231 101.45671664466758 101.46402614903941 101.47178685738484 101.4792768433461 101.48604490294967 101.49145935063252 101.49597139036821 101.50021270771978 101.50571739619734 101.50896606480705 101.51221473341676 101.51447075328461 101.51627556917889 101.51799014427846 101.5169974955366 101.51672677315246 101.51573412441061 101.51447075328461 101.51275617818504 101.50824413844934 101.50427354348191 101.49976150374621 101.4952494640105 101.49127886904309
101.29527586292403 101.30574379511087 101.3174750984237 101.33046977286253 101.34923985816307 101.36602464597989 101.37748522690858 101.3897579749897 101.40022590717655 101.4075354115484 101.41502539750965 101.42125201234494 101.42603477446478 101.42973464704805 101.43199066691591 101.43478813155205 101.43623198426748 101.43803680016175 101.44227811751333 101.44823400996445 101.45527279195215 101.46303350029756 101.46998204149055 101.47620865632584 101.48153286321396 101.48604490294967 101.49046670189067 101.49452753765279 101.4977762062625 101.50075415248807 101.50273944997178 101.50454426586606 101.5067100449392 101.50598811858148 101.50598811858148 101.50598811858148 101.50526619222377 101.50499546983963 101.50301017235591 101.49876885500436 101.49353488891094 101.48848140440695 101.48378888308181
101.27650577762348 101.28877852570461 101.30023910663331 101.312963058688 101.32722110425283 101.34400589206965 101.36024923511819 101.37378535432532 101.38452400889629 101.39345784757298 101.40103807432897 101.40924998664795 101.41502539750965 101.41953743724537 101.4229665874445 101.42576405208065 101.42847127592205 101.43072729578991 101.43523933552562 101.44029282002961 101.44751208360674 101.45446062479972 101.46095796201914 101.46673337288084 101.47097469023241 101.47548672996813 101.47945732493552 101.48324743831353 101.4862253845391 101.48848140440695 101.49046670189067 101.49254224016909 101.49425681526866 101.4939860928845 101.49452753765279 101.49470801924221 101.49425681526866 101.49452753765279 101.49353488891094 101.49100814665894 101.48577418056553 101.47999876970381 101.47575745235227
101.25872834106481 101.27154253391423 101.28525913471077 101.29924645789146 101.31350450345627 101.32550652915326 101.34147914981766 101.35528599140892 101.3680099434636 101.37748522690858 101.38750195512186 101.39598458982498 101.40329409419682 101.40870854187968 101.41249865525766 101.41746189896693 101.42053008598722 101.4235080322128 101.42847127592205 101.43352476042605 101.43920993049305 101.44624871248074 101.45175340095831 101.45671664466758 101.46077748042971 101.46402614903941 101.4677260216227 101.4715161350007 101.4740428772527 101.47620865632584 101.47846467619368 101.48072069606152 101.48171334480338 101.48198406718753 101.48252551195581 101.48225478957167 101.48153286321396 101.48171334480338 101.48153286321396 101.4792768433461 101.47620865632584 101.47052348625884 101.46745529923855
101.24320692437398 101.2592697858331 101.2752424064975 101.28950045206233 101.3015024777593 101.31350450345627 101.32397243564313 101.33696711008196 101.3507739516732 101.36277597737018 101.37297318717289 101.382719193002 101.39047990134742 101.39670651618269 101.40148927830255 101.40654276280654 101.41177672889995 101.41547660148322 101.42025936360308 101.42522260731236 101.43099801817405 101.43704415141991 101.44173667274504 101.4459779900966 101.44895593632216 101.45229484572658 101.45527279195215 101.45879218294601 101.46122868440328 101.46420663062885 101.46646265049671 101.46853818877513 101.46971131910641 101.46971131910641 101.46926011513284 101.4689893927487 101.46853818877513 101.46853818877513 101.46826746639098 101.46727481764913 101.46420663062885 101.46149940678742 101.45924338691958
101.23346091854486 101.25051642874583 101.26703049417851 101.2797544462332 101.29175647193017 101.30303657126944 101.31251185471443 101.32198713815941 101.33398916385639 101.34653263432165 101.35853466001863 101.3692733145896 101.37775594929272 101.38479473128044 101.38948725260558 101.39472121869898 101.3999551847924 101.40473794691225 101.40979143141624 101.41502539750965 101.42025936360308 101.42621525605422 101.43099801817405 101.43424668678377 101.43704415141991 101.43920993049305 101.44200739512918 101.44552678612303 101.4485047323486 101.45202412334244 101.45527279195215 101.45698736705172 101.45852146056187 101.45725808943587 101.45698736705172 101.45572399592572 101.45527279195215 101.45500206956801 101.45500206956801 101.45446062479972 101.45400942082615 101.45229484572658 101.4497681034746
101.22976104596158 101.24149234927441 101.25250172622954 101.26522567828422 101.27903251987549 101.29148574954603 101.30204392252759 101.30953390848886 101.31946039590741 101.33074049524667 101.34301324332779 101.35402262028292 101.36322718134376 101.37125861207332 101.37748522690858 101.38326063777029 101.389036048632 101.39427001472541 101.39878205446112 101.40374529817039 101.40897926426382 101.4140327487678 101.41899599247708 101.4222446610868 101.42450068095465 101.42648597843835 101.4287419983062 101.43199066691591 101.43451740916791 101.43902944890361 101.4427293214869 101.44552678612303 101.44751208360674 101.44697063883845 101.44552678612303 101.44327076625518 101.44074402400318 101.44074402400318 101.44173667274504 101.44227811751333 101.44245859910275 101.44227811751333 101.43920993049305
101.23725103192287 101.23896560702244 101.23571693841272 101.24853113126213 101.26224773205867 101.27650577762348 101.29049310080418 101.30177320014344 101.30899246372057 101.3187384695497 101.32920640173653 101.33976457471809 101.35050322928907 101.3577224928662 101.36449055246975 101.36999524094732 101.3749584846566 101.38100461790243 101.38497521286986 101.39020917896329 101.39553338585141 101.40022590717655 101.4050086692964 101.4075354115484 101.4107840801581 101.41322058161538 101.41502539750965 101.41827406611937 101.42179345711322 101.42648597843835 101.4312687405582 101.43478813155205 101.43623198426748 101.43677342903577 101.43424668678377 101.43045657340576 101.42702742320662 101.42522260731236 101.42648597843835 101.42774934956434 101.4287419983062 101.42901272069034 101.42648597843835
101.2107202382769 101.21225433178705 101.2152322780126 101.23021224993515 101.24248499801627 101.25647232119697 101.2719937378878 101.29076382318831 101.30023910663331 101.30953390848886 101.31801654319199 101.32676990027925 101.33678662849253 101.34346444730136 101.35104467405735 101.35727128889263 101.3622345326019 101.36828066584775 101.37170981604689 101.37676330055086 101.38100461790243 101.38479473128044 101.38921653022143 101.39201399485756 101.39571386744083 101.39896253605055 101.4012185559184 101.40329409419682 101.40545987326996 101.40897926426382 101.41304010002594 101.41728141737751 101.41953743724537 101.42025936360308 101.41800334373522 101.41475467512551 101.41177672889995 101.40771589313782 101.40897926426382 101.4102426353898 101.41177672889995 101.41222793287352 101.4107840801581
101.18671618688296 101.19420617284422 101.20178639960021 101.21270553576062 101.22551972861001 101.23824368066472 101.25547967245511 101.27253518265609 101.28552985709491 101.2982538091496 101.31025583484657 101.3212652118017 101.33001856888896 101.33579397975068 101.3404865010758 101.34526926319565 101.34896913577893 101.35474454664063 101.35853466001863 101.36295645895962 101.36746849869532 101.3705366857156 101.37378535432532 101.37721450452445 101.38028269154472 101.383982564128 101.38596786161172 101.38723123273772 101.38948725260558 101.39075062373156 101.39372856995712 101.39625531220912 101.39751868333512 101.39796988730869 101.39571386744083 101.39372856995712 101.39002869737385 101.38723123273772 101.38723123273772 101.38849460386372 101.389036048632 101.39002869737385 101.38822388147958
101.1684875463507 101.18048957204768 101.19023557787679 101.19799628622222 101.2094568671509 101.22073696649018 101.23454380808144 101.25078715112997 101.26675977179437 101.28146902133277 101.29798308676546 101.31251185471443 101.3225285829277 101.33128194001496 101.33579397975068 101.33904264836038 101.34075722345995 101.3437351696855 101.34599118955336 101.35050322928907 101.35429334266706 101.35754201127678 101.35925658637633 101.36376862611203 101.3667465723376 101.36873186982132 101.37071716730503 101.37071716730503 101.37170981604689 101.37225126081518 101.37297318717289 101.37450728068303 101.37396583591475 101.37324390955703 101.3705366857156 101.36728801710589 101.36403934849618 101.3622345326019 101.36196381021776 101.36295645895962 101.36376862611203 101.36503199723803 101.3634979037279
101.1537782968123 101.16578032250928 101.17823355217982 101.18671618688296 101.19176967138694 101.19971086132179 101.21351770291304 101.2304829723193 101.24672631536784 101.26324038080053 101.28074709497506 101.2969904380236 101.31224113233029 101.3212652118017 101.33101121763082 101.3347110902141 101.33678662849253 101.33498181259824 101.33678662849253 101.33696711008196 101.34075722345995 101.3449985408115 101.34698383829522 101.35149587803093 101.35302997154106 101.35501526902478 101.35429334266706 101.35402262028292 101.35348117551463 101.3532104531305 101.35348117551463 101.35248852677277 101.3520373227992 101.34896913577893 101.34599118955336 101.34147914981766 101.33904264836038 101.33696711008196 101.33651590610839 101.33750855485025 101.3385012035921 101.34102794584409 101.34003529710223
101.13302291402806 101.15052962820259 101.162712135489 101.1710142886027 101.17200693734456 101.17922620092168 101.19321352410236 101.21026903430334 101.22723430370958 101.24347764675812 101.25954050821724 101.27695698159707 101.29347104702974 101.31197040994614 101.32171641577527 101.3290259201471 101.33326723749867 101.3302892912731 101.33046977286253 101.33046977286253 101.33046977286253 101.3347110902141 101.33624518372424 101.33795975882381 101.33904264836038 101.33877192597623 101.33795975882381 101.33678662849253 101.33552325736653 101.33498181259824 101.33371844147224 101.33272579273039 101.33128194001496 101.32821375299467 101.32595773312683 101.32054328544399 101.31774582080784 101.31503859696642 101.31449715219813 101.31603124570827 101.31702389445013 101.32054328544399 101.32198713815941
101.11271873521738 101.13022544939192 101.14376156859903 101.15224420330216 101.15179299932859 101.16072683800529 101.17471416118597 101.19077702264508 101.20801301443548 101.22272226397389 101.23652910556515 101.2547577460974 101.27370831298735 101.29274912067203 101.30926318610472 101.31729461683427 101.32550652915326 101.32424315802727 101.3245138804114 101.32577725153739 101.32523580676911 101.32496508438497 101.32424315802727 101.32352123166956 101.32198713815941 101.32171641577527 101.32297978690127 101.32171641577527 101.32027256305985 101.31973111829156 101.31846774716556 101.31801654319199 101.31648244968184 101.31377522584042 101.31197040994614 101.30646572146858 101.30348777524301 101.30078055140159 101.2982538091496 101.29978790265973 101.30023910663331 101.30475114636901 101.30628523987916
101.09024877733356 101.10721404673981 101.12020872117866 101.13022544939192 101.13221074687563 101.14195675270474 101.15621479826957 101.17200693734456 101.1869869092671 101.20223760357378 101.2152322780126 101.23328043695544 101.25177979987183 101.27154253391423 101.28850780332047 101.29996838424917 101.30926318610472 101.31052655723072 101.31576052332413 101.3174750984237 101.31702389445013 101.31503859696642 101.31025583484657 101.30772909259458 101.30601451749502 101.30700716623687 101.308541259747 101.31052655723072 101.31052655723072 101.31097776120428 101.31070703882014 101.31025583484657 101.30899246372057 101.30628523987916 101.3040292200113 101.29897573550731 101.29599778928174 101.29148574954603 101.28850780332047 101.28724443219448 101.28652250583677 101.29049310080418 101.29076382318831
101.06750809706561 101.0840221624983 101.09548274342698 101.10297272938826 101.11172608647553 101.1237281121725 101.13897880647917 101.15278564807045 101.16623152648285 101.18048957204768 101.19204039377108 101.2099983119192 101.22876839721972 101.24853113126213 101.26522567828422 101.27749842636534 101.28751515457863 101.29329056544032 101.29897573550731 101.3027658488853 101.30303657126944 101.30123175537517 101.29599778928174 101.2944636957716 101.29473441815574 101.29599778928174 101.2982538091496 101.30096103299103 101.30348777524301 101.30628523987916 101.30700716623687 101.30727788862102 101.30601451749502 101.30303657126944 101.29996838424917 101.29428321418217 101.28895900729405 101.28399576358477 101.28002516861734 101.2784910751072 101.27551312888163 101.27803987113363 101.27803987113363
101.0437747680558 101.05947666633605 101.07174941441717 101.08104421627273 101.09449009468513 101.10477754528253 101.11948679482094 101.13248146925977 101.14628831085103 101.16226093151542 101.17498488357012 101.19122822661865 101.20927638556148 101.22696358132545 101.24275572040041 101.25520895007097 101.26450375192651 101.27172301550365 101.27677650000763 101.28128853974334 101.28426648596891 101.28498841232663 101.28453720835306 101.28372504120063 101.28552985709491 101.28850780332047 101.29175647193017 101.29428321418217 101.2969904380236 101.29996838424917 101.30249512650116 101.30375849762716 101.30249512650116 101.29897573550731 101.29374176941388 101.28697370981034 101.28173974371691 101.27650577762348 101.27127181153008 101.26721097576794 101.26351110318465 101.26396230715824 101.26423302954237
