static/data/pressure/2023/7/26/6.asc
ncols 137
nrows 93
xllcorner 108.0
yllcorner 17.0
cellsize 0.25
NODATA_value -32767
[rows 0 to 18 of 93, columns 43 to 85 of 137]
100.92907871797416 100.95109747188441 100.98205006447135 101.02058288381426 101.009302784475 101.01029543321685 101.01327337944242 101.02708022103369 101.03628478209453 101.04133826659852 101.04178947057208 101.03457020699496 101.03303611348483 101.04756488143379 101.08835372064456 101.12878159667649 101.1767896994644 101.17958716410054 101.18482113019395 101.18752835403538 101.2010644732425 101.21306649893947 101.22551972861001 101.25060666954055 101.29906597630202 101.34806672783178 101.38632882479057 101.38335087856501 101.39508218187784 101.42432019936521 101.46880891115927 101.50427354348191 101.51726821792074 101.41060359856866 101.25304317099783 101.12553292806678 101.09530226183756 101.10035574634155 101.10234104382526 101.0988216528314 101.1122675312438 101.12454027932492 101.13582037866419
100.92501788221202 100.943336763539 100.96779201890652 100.99531546129433 101.00433954076573 101.01453675056842 101.02753142500725 101.03854080196237 101.04585030633422 101.05054282765936 101.0533402922955 101.04702343666551 101.05054282765936 101.07003483931761 101.10152887667283 101.12183305548349 101.13383508118048 101.14303964224132 101.15982443005814 101.17552632833839 101.19032581867151 101.2048545866205 101.22227106000032 101.24401909152641 101.28309335563763 101.31476787458227 101.33254531114096 101.32785278981582 101.3545640650512 101.39454073710955 101.44182691353976 101.47503552599456 101.44651943486488 101.3533006939252 101.17056308462914 101.09079022210184 101.07202013680131 101.0955729842217 101.1045970636931 101.1225549818412 101.14358108700961 101.15801961416386 101.16559984091985
100.93584677757771 100.95606071559368 100.97708682076207 100.99730075877802 101.01534891772086 101.02960696328569 101.04007489547251 101.04909897494393 101.05577679375277 101.0611010006409 101.06660568911848 101.06759833786033 101.07355423031144 101.08754155349213 101.10757500991868 101.1225549818412 101.13230098767035 101.1403324183999 101.14980770184488 101.16009515244228 101.17182645575512 101.19384520966537 101.2157737227809 101.23905584781714 101.26784266133095 101.29202719431431 101.30953390848886 101.31828726557613 101.35754201127678 101.39878205446112 101.44002209764547 101.47034300466942 101.43659294744633 101.34653263432165 101.19258183853937 101.13681302740605 101.12652557680863 101.14502493972503 101.14177627111532 101.15107107297088 101.16505839615157 101.17633849549082 101.18734787244595
100.96030203294524 100.9810574157295 101.00109087215603 101.01228073070057 101.02753142500725 101.04079682183023 101.05009162368579 101.06001811110434 101.0655227995819 101.06877146819161 101.07526880541101 101.08528553362429 101.0975582817054 101.10829693627639 101.11957703561566 101.12634509521921 101.13356435879635 101.13554965628005 101.14276891985718 101.15332709283874 101.16803634237714 101.19158918979751 101.21478107403904 101.23959729258543 101.26360134397937 101.28634202424733 101.30177320014344 101.30908270451529 101.34382541048022 101.3948114594937 101.4485949731433 101.50382233950835 101.48703755169153 101.40609155883297 101.27731794477592 101.18707715006181 101.1575684101903 101.15107107297088 101.17110452939741 101.18310655509438 101.19384520966537 101.19258183853937 101.20304977072621
100.97329670738407 100.99378136778418 101.01155880434285 101.0252754051394 101.03980417308837 101.05306956991136 101.06353750209819 101.07183965521187 101.07608097256345 101.0796003635573 101.08853420223399 101.10252152541469 101.1147942734958 101.11804294210552 101.12002823958923 101.12679629919278 101.13184978369678 101.1365423050219 101.14529566210918 101.15955370767401 101.17606777310668 101.19880845337464 101.22181985602676 101.24609462980483 101.26730121656266 101.28381528199535 101.29807332756016 101.29301984305617 101.31585076411885 101.36755873949004 101.43803680016175 101.50282969076649 101.51284641897975 101.52033640494103 101.45202412334244 101.33832072200266 101.233099955366 101.19077702264508 101.18130173920011 101.1850918525781 101.19456713602308 101.20810325523018 101.21405914768133
100.98060621175593 101.00082014977188 101.01877806792 101.03583357812096 101.0508135500435 101.06407894686647 101.07653217653701 101.08429288488244 101.08880492461813 101.09602418819527 101.10531899005082 101.11632836700595 101.12084040674165 101.12426955694077 101.12833039270292 101.13509845230648 101.14060314078404 101.15034914661317 101.16180972754185 101.17633849549082 101.19131846741337 101.21053975668748 101.23328043695544 101.25304317099783 101.2733473498085 101.28760539537333 101.2880565993469 101.2810178173592 101.30827053736286 101.35429334266706 101.4203496043978 101.46429687142356 101.4990395773885 101.50707100811806 101.52033640494103 101.49082766506952 101.38506545366458 101.31828726557613 101.2228125047686 101.21902239139061 101.20584723536234 101.22551972861001 101.23129513947173
100.98006476698764 101.0002787050036 101.0265387762654 101.04603078792366 101.06155220461447 101.07635169494759 101.08880492461813 101.0975582817054 101.10558971243496 101.11280897601209 101.12056968435752 101.12580365045092 101.13031569018663 101.13609110104834 101.14430301336732 101.15107107297088 101.15982443005814 101.171555733371 101.18328703668382 101.1952890623808 101.20927638556148 101.22660261814659 101.24185331245327 101.26107460172737 101.28408600437947 101.30285608968002 101.30330729365359 101.29653923405003 101.31982135908628 101.36602464597989 101.38984821578443 101.41132552492637 101.44552678612303 101.47232830215313 101.49931029977265 101.48857164520166 101.5073417305022 101.45409966162087 101.33353795988282 101.23282923298187 101.2195638361589 101.23607790159157 101.2515993182824
100.96752129652238 101.00307616963973 101.03204346474297 101.05433294103734 101.07310302633788 101.09079022210184 101.10179959905697 101.11253825362795 101.12183305548349 101.12878159667649 101.13582037866419 101.14177627111532 101.14881505310302 101.15459046396474 101.16235117231014 101.17128501098685 101.18003836807411 101.19176967138694 101.2023278443685 101.21333722132361 101.22506852463644 101.23679982794928 101.2515993182824 101.26829386530451 101.29283936146675 101.31585076411885 101.3302892912731 101.32803327140525 101.34553998557979 101.35682008491906 101.36782946187418 101.38109485869715 101.40085759273954 101.42883223910091 101.45960435009843 101.48333767910825 101.49182031381137 101.5048149882502 101.40654276280654 101.33209410716739 101.23860464384357 101.238785125433 101.25710400675996
100.96084347771352 101.00578339348115 101.0361043005051 101.06182292699862 101.0840221624983 101.10504826766667 101.11434306952223 101.12607437283506 101.1365423050219 101.14385180939375 101.15179299932859 101.15982443005814 101.16677297125113 101.17227765972869 101.17859451535868 101.18879172516138 101.19880845337464 101.21026903430334 101.2183004650329 101.22804647086201 101.23535597523386 101.24356788755284 101.25809665550182 101.27253518265609 101.29356128782446 101.31756533921842 101.33353795988282 101.34454733683793 101.35402262028292 101.35727128889263 101.35853466001863 101.35952730876048 101.3763120965773 101.40780613393254 101.44254883989747 101.45482158797859 101.46754554003327 101.4977762062625 101.4760281747364 101.43235163009477 101.33507205339296 101.25205052225597 101.25358461576612
100.96481407268095 101.014356268979 101.04431621282409 101.07003483931761 101.0930462419697 101.1102822337601 101.12426955694077 101.13681302740605 101.15080035058674 101.15783913257442 101.16505839615157 101.16704369363528 101.17381175323882 101.18103101681596 101.19059654105565 101.20133519562664 101.21405914768133 101.2260611733783 101.23210730662416 101.23679982794928 101.2432971651687 101.24880185364626 101.2592697858331 101.27352783139794 101.28904924808876 101.30709740703159 101.32352123166956 101.33877192597623 101.35059347008378 101.35528599140892 101.35555671379306 101.35284948995164 101.36403934849618 101.39878205446112 101.43334427883663 101.43009561022691 101.43731487380404 101.49407633367923 101.58828772336076 101.54984514481254 101.45085099301116 101.30105127378573 101.2753326472922
100.99152534791632 101.02031216143013 101.04557958395007 101.06985435772818 101.09331696435385 101.10856765866052 101.1378056761479 101.16758513840357 101.18779907641952 101.18978437390322 101.18229438794197 101.18085053522654 101.18409920383624 101.19104774502922 101.20160591801078 101.21351770291304 101.22759526688844 101.23959729258543 101.24284596119513 101.24510198106299 101.24835064967269 101.25430654212383 101.26278917682694 101.2753326472922 101.29031261921476 101.3065559622633 101.32180665656999 101.3353427757771 101.34806672783178 101.35835417842921 101.37207077922575 101.37983148757115 101.39327736598355 101.42603477446478 101.45310701287902 101.44760232440144 101.45184364175302 101.50535643301849 101.58783651938718 101.59857517395817 101.53784311911556 101.40527939168054 101.29852453153374
101.00379809599744 101.01977071666184 101.04133826659852 101.0680495418339 101.10107767269926 101.13952025124746 101.17227765972869 101.20052302847421 101.2208272072849 101.23156586185587 101.22227106000032 101.21857118741704 101.21983455854304 101.22705382212015 101.23454380808144 101.23977777417484 101.24528246265241 101.24880185364626 101.25205052225597 101.25331389338197 101.25529919086568 101.26107460172737 101.27027916278823 101.2822811884852 101.29653923405003 101.31260209550913 101.33001856888896 101.34409613286437 101.35853466001863 101.3755901702196 101.40329409419682 101.41502539750965 101.42305682823923 101.43659294744633 101.4593336277143 101.46907963354342 101.48604490294967 101.52755566851816 101.54154299169885 101.55877898348925 101.54984514481254 101.50806365685992 101.35609815856135
100.99152534791632 101.0220267365297 101.0482868077915 101.0796003635573 101.1160576446218 101.17182645575512 101.18581377893581 101.20079375085835 101.20855445920377 101.22579045099415 101.22434659827873 101.22209057841089 101.22308322715273 101.23382188172373 101.24726776013613 101.25304317099783 101.25556991324983 101.25556991324983 101.25881858185953 101.26107460172737 101.2637818255688 101.26982795881466 101.27957396464377 101.29157599034075 101.30556331352145 101.3213554525964 101.3373280732608 101.35284948995164 101.36882211061604 101.38885556704257 101.4062720404224 101.41710093578808 101.42233490188151 101.43208090771063 101.44733160201731 101.45834097897244 101.47684034188883 101.51401954931103 101.5195242377886 101.53459445050586 101.5450623826927 101.53360180176401 101.39679675697741
101.00903206209087 101.04052609944608 101.07156893282773 101.10107767269926 101.12977424541835 101.16902899111899 101.17579705072254 101.17733114423268 101.18455040780982 101.19303304251294 101.20160591801078 101.2023278443685 101.21108120145576 101.2235344311263 101.23779247669114 101.25060666954055 101.25529919086568 101.26179652808509 101.2663085678208 101.2688353100728 101.27352783139794 101.28029589100149 101.2893199704729 101.30032934742802 101.31404594822456 101.32956736491539 101.34382541048022 101.36106140227061 101.38082413631301 101.4005868703554 101.41060359856866 101.41881551088765 101.42585429287536 101.43352476042605 101.44281956228161 101.45834097897244 101.48460105023425 101.51582436520532 101.5022882459982 101.48559369897609 101.48685707010209 101.49985174454092 101.43009561022691
101.05352077388493 101.07084700647002 101.0955729842217 101.1173210157478 101.14529566210918 101.15504166793829 101.15603431668015 101.15910250370042 101.16505839615157 101.16830706476128 101.17904571933225 101.1940256912548 101.20431314185221 101.21929311377475 101.23481453046557 101.24753848252027 101.25827713709124 101.26558664146309 101.27109132994066 101.27704722239177 101.28210070689578 101.28904924808876 101.29753188279189 101.30827053736286 101.32009208147042 101.33453060862468 101.34978130293135 101.36728801710589 101.38678002876415 101.4005868703554 101.41276937764181 101.42233490188151 101.43235163009477 101.43406620519434 101.43659294744633 101.44778280599088 101.4727795061267 101.49055694268537 101.46953083751698 101.4568068854623 101.47106493102713 101.48703755169153 101.42080080837137
101.09232431561199 101.0955729842217 101.10558971243496 101.12733774396106 101.14006169601575 101.14484445813561 101.14601758846689 101.15585383509072 101.16180972754185 101.16027563403172 101.17227765972869 101.18734787244595 101.20332049311035 101.21857118741704 101.23355115933958 101.24708727854669 101.25782593311767 101.26703049417851 101.27578385126577 101.28182998451163 101.28832732173105 101.2950953813346 101.30303657126944 101.3130532994827 101.32505532517968 101.33804999961852 101.3551055098195 101.37252198319932 101.38632882479057 101.39833085048754 101.41159624731051 101.4152961198938 101.42531284810707 101.42585429287536 101.44281956228161 101.45409966162087 101.47106493102713 101.48081093685624 101.45960435009843 101.46781626241741 101.48234503036639 101.48830092281752 101.42134225313966
101.09232431561199 101.10053622793097 101.10856765866052 101.12002823958923 101.13302291402806 101.13103761654435 101.13257171005449 101.1423177158836 101.15558311270658 101.15630503906429 101.16884850952957 101.18455040780982 101.20034254688478 101.21505179642318 101.2298512867563 101.2432971651687 101.25683328437582 101.26703049417851 101.27704722239177 101.2848079307372 101.2913052679566 101.2983440499443 101.30457066477959 101.31476787458227 101.32803327140525 101.34184011299651 101.35880538240276 101.37306342796761 101.38678002876415 101.39706747936155 101.40410626134926 101.40780613393254 101.4140327487678 101.42007888201366 101.45283629049487 101.50553691460792 101.52232170242475 101.51158304785375 101.47052348625884 101.47882563937253 101.49127886904309 101.49281296255323 101.42783959035906
101.05153547640121 101.08754155349213 101.10360441495126 101.11380162475395 101.1135309023698 101.10730428753453 101.10829693627639 101.12056968435752 101.13410580356462 101.14628831085103 101.16253165389956 101.1780530705904 101.19384520966537 101.20855445920377 101.22380515351044 101.24004849655898 101.25385533815026 101.2663085678208 101.27758866716006 101.28507865312133 101.29103454557246 101.29852453153374 101.30429994239545 101.31476787458227 101.32803327140525 101.34427661445379 101.36133212465475 101.37531944783544 101.38380208253858 101.39255543962584 101.39454073710955 101.40428674293868 101.4107840801581 101.43054681420048 101.47828419460424 101.53531637686358 101.56085452176767 101.54055034295699 101.48478153182367 101.49109838745366 101.50201752361406 101.51185377023789 101.46131892519799
101.01931951268828 101.07084700647002 101.08709034951858 101.087270831108 101.08357095852472 101.08384168090886 101.09160238925428 101.10333369256712 101.11804294210552 101.1332936364122 101.15107107297088 101.16830706476128 101.18409920383624 101.20052302847421 101.21784926105933 101.2342730856973 101.25060666954055 101.26405254795294 101.27578385126577 101.28327383722706 101.2893199704729 101.29581730769232 101.30231464491173 101.3130532994827 101.32803327140525 101.34508878160622 101.36304669975432 101.3743267990936 101.38208750743901 101.38632882479057 101.38705075114828 101.40356481658097 101.42928344307448 101.45085099301116 101.48685707010209 101.53531637686358 101.56031307699939 101.52105833129875 101.48929357155937 101.50282969076649 101.52683374216045 101.54055034295699 101.4901057387118
