static/data/ASCData/20210120/ASCU/03.asc
ncols 97
nrows 97
xllcorner 99.0
yllcorner 2.0
cellsize 0.25
NODATA_value -32767
[rows 38 to 56 of 97, columns 42 to 83 of 97]
-2.776538411309936 -2.8204978060518977 -3.0755225139042395 -3.4007015982968354 -3.937849271034235 -4.759227550870348 -5.6369099869855495 -6.374283670020242 -6.837061681790075 -6.977972618360201 -6.848804259837586 -6.778649883297332 -7.010189435054652 -7.257084665797179 -7.365477693928044 -7.521744309483375 -7.657536686391765 -7.796038889003427 -7.910453752030451 -7.954413146772413 -7.922196330077961 -7.9700699175024265 -7.669279264439275 -7.365477693928044 -6.899688764710131 -6.5958871941989 -6.49261272572977 -6.594080643730052 -6.817791810122366 -6.872289415932607 -6.850911902051242 -6.557949634353097 -6.27582666946804 -5.739582271965063 -5.153657736568775 -4.729720559879168 -4.176916116411754 -3.744548370867525 -3.112556798515618 -2.28455450029373 -1.3020921369853586 -1.1720205032283202
-2.3938508036590194 -2.5519239696831977 -2.8226054482655534 -3.0950934773167567 -3.8595654173841654 -4.700514660632796 -5.414403187572468 -6.154486696310432 -6.756068002436734 -6.949368902603444 -6.937927416300742 -6.862654480098752 -6.898785489475707 -7.015910178206004 -7.103828967689927 -7.201382693007707 -7.360660226011117 -7.472064171590062 -7.54312182336474 -7.588285585085934 -7.563897153756489 -7.623212227483657 -7.500366795602011 -7.187833564491348 -6.726862103190363 -6.401683018797766 -6.134915732897914 -6.145755035711001 -6.238491293111853 -6.227953082043574 -6.123474246595212 -5.917226401401759 -5.5685621609141425 -5.06874986453293 -4.475900219006058 -3.8595654173841654 -3.2902009279523146 -2.699458924639098 -2.1409337380203333 -1.3322013114661546 -0.6761223995296111 -0.43765773764170746
-1.9298684249099538 -2.1105234717947297 -2.514889685071819 -3.0607690184086493 -3.900814986422856 -4.588207439819427 -5.302999241993523 -5.898859804968474 -6.500140019349969 -6.954487462265179 -7.00326432492407 -6.738604681237873 -6.555841992139442 -6.626297460424504 -6.8039415898612 -6.89396802155878 -7.0315669489360175 -7.14176652753573 -7.206200160924634 -7.263106500693338 -7.153509105583241 -7.153509105583241 -7.067697958312973 -6.865665397546832 -6.404693936245846 -5.962089071378146 -5.691708684540599 -5.450534196949422 -5.490579399008881 -5.296074131862939 -5.144926075969344 -4.987455093434781 -4.672212036620848 -4.195583804589848 -3.6584361318524485 -3.0442089724442116 -2.6184652452857566 -2.0743924624177743 -1.6341963315085377 -1.0022047591566312 -0.3936983428997456 0.403893689096539
-0.841120675684373 -1.6799622767193476 -2.1556872335159234 -3.0746192386698152 -3.9270099682211486 -4.538226210181306 -5.200628048758817 -5.795284244754536 -6.279439770405735 -6.733787213320945 -6.824415828508141 -6.496526918412274 -6.181886045087956 -6.18580023777046 -6.3977688261152625 -6.533561203023653 -6.670256855166466 -6.727765378424786 -6.791295736579266 -6.831340938638725 -6.714216249908429 -6.681999433213976 -6.526636092893069 -6.360734541503884 -6.039469649793791 -5.595058234457243 -5.107590699613157 -4.862502019339478 -4.608681678466368 -4.3744323010057755 -4.169087731046748 -4.030585528435086 -3.7629149673008104 -3.396787405614332 -2.862650650325012 -2.507964574941236 -2.083425214762013 -1.706458350262448 -1.2728862377389865 -0.8263671801887829 -0.0853803962163946 0.9976466098578349
-0.005289992097477381 -1.1087912368186488 -1.8705533511827857 -2.854822264960005 -3.704503168808066 -4.446694319759686 -5.123247470343171 -5.626371775917271 -6.110527301568469 -6.473945037551676 -6.559756184821945 -6.198446091052394 -5.925054786766767 -5.8353294468139945 -5.918129676636184 -6.0656646315920835 -6.234577100429349 -6.292386715432477 -6.302021651266331 -6.3273133578302 -6.26980483457188 -6.231867274726078 -5.999424447734333 -5.765777253763356 -5.4875684815608015 -5.141915158521265 -4.65264107320833 -4.203412189954855 -3.8782331055622588 -3.5988199663804727 -3.3654738641543043 -3.2218531018809076 -3.005067045619177 -2.6437569518496256 -2.3167713169881816 -1.9632896085836373 -1.6742415335679963 -1.3312980362317308 -0.8802626025094074 -0.4737887470186628 0.3767954320638225 1.6675757420555444
1.472468291419987 -0.610785490906284 -1.5851183771048403 -2.5100722171548915 -3.3332570474598526 -4.250382502144896 -5.028704662473472 -5.5179787477864055 -5.896752162754819 -6.246319678476859 -6.256255706055522 -5.888923777389811 -5.635103436516702 -5.355690297334915 -5.353883746866067 -5.483654288878299 -5.6673202532111535 -5.852792768012856 -5.863632070825943 -5.85670696069536 -5.824490144000908 -5.701343620374453 -5.476729178747715 -5.1798527183670675 -4.8507594412919675 -4.528591274347451 -4.179927033859834 -3.7562909489150353 -3.354634561341218 -3.018013990645919 -2.75817181487665 -2.594980089190736 -2.3634405374334153 -1.9924955078300095 -1.7121790934137993 -1.4339703212112447 -1.1419113287475242 -0.8468414188357238 -0.35756733352279024 0.04770215498872332 0.7643005076316669 1.9996799365787234
2.5807870040580854 0.3289218446393569 -1.2512076321128136 -2.283350133314498 -3.0794367065867427 -4.170292098025979 -4.933860762858965 -5.460169132783277 -5.79618751998896 -5.972928374191232 -5.937700640048701 -5.57940146372723 -5.213273902040751 -4.672212036620848 -4.359678805510186 -4.552979705676896 -4.926935652728381 -5.196713856076313 -5.316548370509881 -5.280417361132925 -5.246393993969626 -5.075373882918705 -4.907665781060672 -4.5921216325019305 -4.237736648862962 -3.9122564727255584 -3.5940024984635452 -3.2883943774834665 -2.9171482561352526 -2.530546455801833 -2.315868041753758 -2.1505686738541883 -1.942815369936696 -1.5784943587190652 -1.2629502101603238 -0.9690846672277553 -0.6878649775771213 -0.41628022376034224 0.010366778632536544 0.35903101912015334 0.6267015802544291 1.1265138766356415
3.2799220355021665 1.053348582647308 -0.7230927117196528 -2.067768444031999 -2.913234063452749 -3.8508337567847346 -4.5617113662763265 -5.225016480088261 -5.726936418683129 -5.894945612285971 -5.723022226000626 -5.2972784988421715 -4.748388248057261 -3.8978040689747764 -3.4955454979113423 -3.7638182425352342 -4.136870914352296 -4.436758292181024 -4.649630155760251 -4.720085624045313 -4.703525578080876 -4.483728604371065 -4.2542966948274 -3.960130060150024 -3.707212994511338 -3.4425533508251416 -3.1399561472931428 -2.83344475107864 -2.5696883826268673 -2.3128571243056784 -2.188807325444799 -1.9376968102749608 -1.6302821388260345 -1.254218549560893 -0.9573420891802451 -0.6956933629421282 -0.40845183839533483 -0.16035224067357667 -0.011914010483252468 -0.19648325005053202 -0.5803752246806799 -0.6439055828351594
3.3416458431877984 1.615787961948576 -0.1624598828872328 -1.7775160020371263 -2.5531283366624296 -3.4573068463207317 -4.440672484863527 -5.116623451957396 -5.44360908681884 -5.548991197501626 -5.505031802759663 -5.202434599227664 -4.6047674857838645 -3.626219315157997 -3.0785334313523185 -3.238714239590153 -3.567807516665253 -3.9182783076217174 -4.218165685450445 -4.280491676625693 -4.126332703284017 -3.847822839336655 -3.6906529485469 -3.4768778097332493 -3.202583230213198 -2.959301100408367 -2.7521499799804907 -2.53536392371876 -2.358623069516488 -2.168333086797858 -1.9924955078300095 -1.7982913324288754 -1.5276098538465201 -1.2716818707597546 -0.9973872912397037 -0.7258025374229242 -0.48673569204540446 -0.5060055637131144 -0.892005180556918 -1.8871133971472238 -2.6741672180752296 -3.1926472026345354
3.0095416486646194 1.8259499998245312 0.23106702757677056 -1.3704399630567652 -2.063854251349496 -3.00898123830168 -4.1537320520615415 -4.904654863612592 -5.206348791910168 -5.324376755874888 -5.305106884207178 -4.973002689683999 -4.209132933106206 -3.2462415332103522 -2.6371329334638505 -2.7247506312029666 -3.1547096427887324 -3.6000243333597046 -3.908643371787863 -3.876125463348603 -3.72015993953808 -3.509094626427701 -3.233595679928418 -3.005067045619177 -2.774731860841088 -2.597087731404392 -2.4203468772021197 -2.2884686929762332 -2.1466544811716846 -2.1017918111952985 -1.9711179939486443 -1.779623644250782 -1.5245989363984407 -1.3029954122197824 -1.0958442917919062 -0.907661951286932 -1.069649309993614 -1.403560054985641 -2.4582844370479227 -3.663253599769376 -4.389787979990982 -4.86370638631871
2.4148854526688996 1.910857871860376 0.5562461119693669 -0.7179741520579173 -1.520684743715937 -2.5392781164012637 -3.801153618891421 -4.633070109795813 -5.146732626438192 -5.303902517227947 -5.041350515755406 -4.636984302478316 -3.7981427014433415 -2.968936036242222 -2.403485739492874 -2.2357776376348406 -2.653692979428288 -3.2348000469076497 -3.5783457277335313 -3.566603149686021 -3.4085299836618423 -3.2269716615426427 -2.9171482561352526 -2.662424640027719 -2.4504560516829157 -2.2719086470117955 -2.157493783984771 -2.047294205385058 -2.003334810643096 -1.9581710489219022 -1.8741664521204813 -1.7696876166721194 -1.6155286433304443 -1.508038890434003 -1.3752574309736927 -1.5833118266359927 -1.8548965804527722 -2.762989282793577 -3.84119882095088 -4.750194798526109 -5.161486121933781 -5.441802536349992
2.034004395486831 1.6461982281741792 0.9431490040475943 -0.1124786532491111 -1.0735635026761172 -2.2162066742223234 -3.4886203877807596 -4.501191925569927 -5.014854442212306 -5.073567332449858 -4.818542624597516 -4.446694319759686 -3.704503168808066 -2.9270842837139153 -2.318577867457029 -2.121362774607816 -2.3480848584482095 -2.927987558948339 -3.3636673136854562 -3.394679763400676 -3.2161323587295563 -2.955386907725863 -2.6603169978140633 -2.395657354127867 -2.188807325444799 -2.0198948566075337 -1.9045767183460853 -1.8488747455566128 -1.825389589461592 -1.8654347915210505 -1.8597140483696992 -1.7991946076632996 -1.766977790968848 -1.6965223226837853 -1.959375415901134 -2.1818822153142157 -2.9924211923372424 -3.923095775538645 -4.643006137374476 -5.204241149696512 -5.466190967679436 -5.439694894136336
1.4245947039955213 1.5895929801502833 1.071112995590977 0.12568491689398442 -0.9913654563435443 -2.0891459579133644 -3.29230857016597 -4.306084474934369 -4.742366413161102 -4.8001760281642305 -4.643006137374476 -4.293137529907627 -3.8195202153247068 -3.1565161932575805 -2.47785540046044 -2.1126311140083853 -2.338148830869547 -2.7560641726629944 -3.189636285186456 -3.2679201388365255 -3.082447624034822 -2.7259549981821984 -2.4486495012140677 -2.19452806859615 -1.995506425278089 -1.8274972316752476 -1.6947157722149377 -1.6390137994254652 -1.690801579532434 -1.7492133780251784 -1.8127437361796574 -1.8293037821440956 -1.8627249658177791 -2.121362774607816 -2.389033335742092 -3.0646832110911526 -3.8752221881141793 -4.555990623124975 -5.110601617061237 -5.3478619119699085 -5.438791618901912 -5.296074131862939
1.3288475291465902 1.5552685212421755 1.0455201972823005 0.11093142139839429 -1.0753700531449653 -2.053014948536409 -3.233595679928418 -4.072437280963393 -4.509923586169357 -4.582185604923268 -4.451511787676614 -4.183841226542338 -3.906535729574207 -3.381130634884318 -2.760881640579922 -2.373376565012078 -2.453466969130995 -2.8713823109244427 -3.08425417450367 -3.148687807892573 -2.9114275129839013 -2.551020694448774 -2.2785326653975706 -2.0599400586669923 -1.8548965804527722 -1.6877906620843546 -1.5550092026240443 -1.520684743715937 -1.5803009091879132 -1.6573803958587505 -1.7452991853426747 -1.8732631768860575 -2.113534389242809 -2.4631019049648497 -3.0002495777022493 -3.676200544796118 -4.3127084933201445 -4.93596840507262 -5.248200544438474 -5.35659357256934 -5.283428278581005 -4.724903091962241
1.6353589253610927 1.6735975769517042 1.0650911606948181 0.14826679775458196 -1.107586869839417 -2.062649884370264 -2.987603724420315 -3.816810389621435 -4.2904277042043555 -4.378346493688279 -4.276577483943189 -4.03449972111759 -3.8743189128797555 -3.5081913511932767 -3.0041637703847526 -2.7298691908647017 -2.7756351360755116 -2.9261810084794915 -3.1029218626817636 -3.0207238163491903 -2.736493209250477 -2.424261069884623 -2.1388260958066776 -1.9337826175924575 -1.7356642495088201 -1.5763867165054095 -1.482747183870134 -1.45534783509261 -1.5423633493421103 -1.6459389095560484 -1.8166579288621612 -2.143944655468413 -2.449552776448492 -2.9349126690789222 -3.4594144885343874 -3.9622377023636797 -4.596939100418858 -4.98173435028343 -5.244286351755971 -5.23555469115654 -4.926935652728381 -4.134161088649025
1.4363372820430316 1.5164276861619488 1.1460848400481591 0.1853010823659611 -1.0666383925455345 -1.995506425278089 -2.8304338336305603 -3.564796599217173 -4.056780510233379 -4.200401272506776 -4.0823733085420555 -3.900814986422856 -3.773754270113897 -3.527762314605794 -3.301943505999825 -3.055951550491722 -3.049026440361139 -3.1038251379161874 -3.048123165126715 -2.912330788218325 -2.6350252912501944 -2.3480848584482095 -2.0217014070763812 -1.801904433366571 -1.6360028819773853 -1.5167705510334337 -1.4270452110806615 -1.4222277431637345 -1.498403954600148 -1.7775160020371263 -2.0500040310883296 -2.507061299706812 -3.0803399818211665 -3.6204985720066456 -4.078459115859552 -4.463254365724124 -4.707439770763379 -4.995283478799788 -5.109698341826813 -5.0305112129423195 -4.495471182418576 -3.4651352316857387
0.6968559567946837 1.0211317659528563 0.9226747654006529 0.09256482496510898 -1.0247866400172279 -1.921136764310523 -2.737697576229709 -3.440746800356294 -3.8743189128797555 -4.004089454891986 -3.9456776563992415 -3.8128961969389317 -3.715041379876345 -3.5265579476265625 -3.356742203554873 -3.1926472026345354 -3.150795450106229 -3.1134600737500424 -3.0442089724442116 -2.955386907725863 -2.627196905885188 -2.264983536881213 -1.9729245444174919 -1.7483101027907542 -1.574580166036562 -1.4457128992587553 -1.424034293632582 -1.514060725330162 -1.7239216714613095 -2.068671719266423 -2.6097335846863263 -3.2892976527178903 -3.9787977483281174 -4.745377330609182 -5.2512114618865535 -5.341237893584133 -5.246393993969626 -5.168110140319556 -5.019671910129233 -4.805896771315582 -3.9318274361380756 -2.776538411309936
0.7898933059403435 0.8775110036794596 0.5514286440524394 -0.19949416749861104 -1.24729343943031 -1.9220400395449468 -2.5775167679918747 -3.238714239590153 -3.660543774066104 -3.803863444594693 -3.8050678115739247 -3.7084173614905698 -3.6448870033360903 -3.468146149133818 -3.3118795335784874 -3.2375098726109215 -3.1700653217739383 -3.0978033030200285 -3.048123165126715 -2.968936036242222 -2.6711563006271497 -2.313760399540102 -1.9554612232186304 -1.6868873868499308 -1.571569248588482 -1.5559124778584685 -1.7425893596394033 -2.0578324164533366 -2.5040503822587326 -2.912330788218325 -3.522643754944059 -4.274770933474342 -4.92121490957703 -5.4005529673113015 -5.723022226000626 -5.625167408938039 -5.37134706806493 -5.151550094355119 -4.795358560247303 -4.351850420145179 -3.4241867543918563 -2.416432684519616
0.807356627139205 0.7125127275246976 0.21541025684675663 -0.323543966359491 -1.1828598060414066 -1.751321020238834 -2.4447353085315644 -3.0959967525511805 -3.5051804337451973 -3.641876085888011 -3.640069535419163 -3.588281755312194 -3.524751397157715 -3.399798323062411 -3.2844801848009633 -3.240520790059001 -3.165247853857011 -3.0959967525511805 -3.062876660622305 -2.9493650728297043 -2.700362199873522 -2.3333313629526193 -1.9924955078300095 -1.7395784421913234 -1.6468421847904722 -1.8136470114140817 -2.1466544811716846 -2.809959594983619 -3.393776488166252 -3.7698400774313936 -4.1760128411773305 -4.805896771315582 -5.489676123774458 -5.723022226000626 -5.646846014564212 -5.474922628278867 -5.150646819120695 -4.885987175434499 -4.515945421065517 -3.9992719869750584 -3.070705045987312 -2.2679944543292923
