static/data/ASCData/20210120/ASCU/06.asc
ncols 97
nrows 97
xllcorner 99.0
yllcorner 2.0
cellsize 0.25
NODATA_value -32767
[rows 38 to 56 of 97, columns 42 to 83 of 97]
-1.9758129885047775 -2.3127911140293222 -2.470791901800369 -2.4298537961894553 -3.19143789313298 -4.042341493227589 -4.791068995020579 -5.538104839556919 -6.247247561544315 -6.73545984581331 -6.961126923850329 -6.885002347301109 -6.9435336883811765 -7.029469877018961 -7.03251486008093 -6.707378335352931 -6.63396041041435 -6.742226474839907 -6.968908547230916 -7.261903584082578 -7.414152737181017 -7.6631646853597974 -7.817443827166215 -7.835037062635369 -6.986501782700069 -6.073345195560765 -5.407508899343592 -4.988316231145889 -5.030607662562122 -5.3831490348478415 -5.783395141771071 -6.103795026180452 -6.2042794672254225 -6.1281548906762024 -5.757005288567342 -5.322587705059796 -4.429731005000284 -3.611645555684672 -2.837204863590612 -1.697366204060299 -0.35858865114802585 0.42464865868060997
-1.5146672203421723 -2.0157360997617015 -2.2326065600641445 -2.3780890841359863 -3.331168782532214 -4.070423003687968 -4.573521871815476 -5.283341256705532 -5.908239447311791 -6.3791968275629625 -6.643772022502916 -6.582195698360881 -6.603848911245992 -6.629223770095732 -6.654598628945472 -6.694521740202395 -6.673883521671273 -6.792299529636726 -6.964171906912298 -7.130969312417921 -7.284233459870349 -7.4835106847036394 -7.592791743483186 -7.728800986917792 -7.627301551518832 -6.800081153017313 -6.045263685100386 -5.573291310495225 -5.584117916937781 -5.902487812639183 -6.124094913260245 -6.039173718976448 -5.849708106231724 -5.187593455979179 -4.68956955962162 -3.7463014733139577 -2.778335191059216 -1.7511609048217474 -1.036266548161744 -0.10856170861525616 0.5447563239027122 1.2704772870052707
-1.0931062319851614 -1.6516914581307676 -1.9132216700087525 -2.271514676967079 -3.2519992229210257 -3.912422215916921 -4.419242730009058 -4.884110144136292 -5.506978346034572 -6.016843843188678 -6.301042262305764 -6.273637414748045 -6.203264472871433 -6.20833944464138 -6.314575520358958 -6.346040345332636 -6.477651279899953 -6.595052293511415 -6.716851615990167 -6.907332223088881 -6.98176514238145 -7.1495775422410635 -7.264948567144547 -7.390807867039257 -7.285248454224339 -7.006125006877201 -6.260780819597509 -5.970830765807816 -5.957297507754621 -5.816551624001398 -5.730615435363612 -5.387885675166459 -4.791068995020579 -4.091061222219089 -3.114298322229771 -2.166293595603491 -1.1408109666226722 -0.1670930496953229 0.41382205223805446 0.886471089745875 1.2068709741552563 2.1707772789940405
-0.47463633895416946 -1.416212768005182 -1.6905995750337017 -2.2776046430910166 -3.1251249286723266 -3.795021202305458 -4.287293463990411 -4.750130889409665 -5.134137086669061 -5.644679246725826 -5.965079131135208 -6.007032231100111 -5.883879582816041 -5.770538546620536 -5.8957211836125865 -5.940719266639458 -6.072330201206775 -6.2513075389602735 -6.374121855793014 -6.556820839511141 -6.6143371862372184 -6.766924670786986 -6.807862776397901 -6.88398735294712 -6.770646316751615 -6.491522869404477 -6.203264472871433 -5.914329413435729 -5.574306304849214 -5.23563652206802 -4.81373720225968 -4.3860862477787315 -3.7442714846059784 -2.795251763625709 -1.8205188523443696 -0.957096988550556 0.06703231462494319 0.8885010784538538 1.4910693932723431 1.3543834869350775 1.5029109940688876 2.7340991454582646
-0.02668549739342918 -1.09682787794979 -1.678081311334497 -2.356774202702205 -3.050015346477097 -3.7209266144642177 -4.201357275352625 -4.549838670222385 -4.933844867481781 -5.339165946174959 -5.630130994318643 -5.68561735233674 -5.5411498226188876 -5.296197851856066 -5.357435844546772 -5.41123054530822 -5.642649258017848 -5.821626595771345 -5.978612389188402 -6.146763120499346 -6.2259326801105335 -6.352806974359233 -6.269577437332086 -6.222887697048565 -6.13289153099482 -5.931922648904881 -5.644679246725826 -5.279619610740903 -4.901703379605444 -4.343794816362498 -3.8322376619517433 -3.443494824373729 -2.8263782571480567 -1.8154438805744215 -1.066716378781432 -0.20227952063362853 0.6110692883633657 1.3963365868999809 1.9325919372578158 1.6277552996096079 1.799627676885179 3.3748989142770274
0.8895160728078437 -0.7151900008497027 -1.5508686856344678 -2.2667780366484607 -2.822318279732098 -3.5098077888343826 -4.051814773864825 -4.418227735655068 -4.819488836932288 -5.220749938209506 -5.357435844546772 -5.308716115555272 -4.988316231145889 -4.625286583868945 -4.682802930595022 -4.943656479570348 -5.1771051809879545 -5.4349137469013105 -5.596974512088316 -5.752268648248723 -5.851738094939703 -5.889969548939979 -5.752945311151383 -5.6436642523718366 -5.460965268653711 -5.281311267997552 -4.9805346077653025 -4.603633370983834 -4.087001244803131 -3.49052289610858 -3.0598269585656626 -2.6348826556953533 -2.053967553761976 -1.2500920254022185 -0.5724141283885 0.08293389283744723 0.8844411010378961 1.4765211408651586 1.9461251953110104 1.9352985888684548 2.288854955508163 3.9361907920332717
1.753614599504317 0.059250691244356446 -1.3400881914559624 -2.021826065885639 -2.5022567267740463 -3.2161360890800603 -3.7764129724823157 -4.232483768874973 -4.625286583868945 -4.898658396543476 -5.018766061765578 -4.904410031216083 -4.420257724363047 -3.9093772328549523 -3.825471032925146 -4.21218388179518 -4.6438948136920875 -4.960234720685511 -5.210261663218281 -5.366232462281348 -5.475851852512224 -5.4619802630077 -5.373337422759276 -5.167293568899388 -4.919296615074598 -4.66317970641789 -4.331276552663293 -3.8762207506246256 -3.338950405912801 -2.778335191059216 -2.5198499622431996 -2.0901690190542714 -1.6750363282725278 -1.0061550489933864 -0.4269316043166582 0.19898158064359084 0.8465479784889514 1.4342297094489256 1.8808272252043468 2.1305158362857863 2.5564751335100855 3.570116161694359
2.1132609322679636 0.6120842827173547 -0.9181888716476214 -1.7403342983791918 -2.24444816086069 -2.9542675457507452 -3.382933494585683 -3.844755925650948 -4.304886699459564 -4.580288500842073 -4.645586470948738 -4.547132018611746 -4.020688280342478 -3.3957900897362183 -3.229669347133255 -3.588977348445571 -4.049108122254186 -4.484540700115722 -4.815767190967659 -4.948393119888966 -5.063764144792449 -5.068500785111068 -4.881065161074322 -4.651676437072675 -4.38879289938937 -4.082264604484513 -3.6515686669415954 -3.182641275398404 -2.7942367692717194 -2.321587731763899 -2.1114839004880532 -1.732552674998605 -1.338058202747983 -0.9202188603556007 -0.45332145752038766 0.01729759127945396 0.5877244182216046 1.236305810420955 1.5770055819101279 1.825002535734919 2.2019037725163875 2.2039337612243672
2.063187877471143 1.1246564314820997 -0.3058089447405665 -1.5539136686964365 -1.9670163707702009 -2.5002267380660674 -2.969830792511919 -3.413383325205371 -3.825471032925146 -4.148577568945166 -4.3174049631587685 -4.151622552007135 -3.663410267738141 -3.2168127519827197 -3.021595504565388 -3.2110611173101122 -3.523679378338907 -3.9347520917046923 -4.343794816362498 -4.492322323496309 -4.531568771850573 -4.549838670222385 -4.361388051831651 -4.135044310891971 -3.7892695676328505 -3.4445098187277186 -3.0665935875922603 -2.670069126633659 -2.3439176075516697 -2.013706111053722 -1.775520769317498 -1.5880851452807527 -1.2903534681104722 -1.0538597836308972 -0.670191917822831 -0.21682777304081302 0.28694775798935535 0.6773822528240192 0.8336913833384161 0.5105848473183956 -0.05578200220779728 -1.0129216780199837
1.9001121179301483 1.368931739342262 -0.09502845056206155 -1.7288310290339766 -2.0235177231422883 -2.0705457948771393 -2.580411292031245 -3.043248717450499 -3.4698846775774586 -3.9036255981823444 -4.128277681865375 -3.772691326517687 -3.3196655131869988 -2.969830792511919 -2.7181121927225 -2.764801933006021 -2.8801729579095046 -3.2959823115939084 -3.8312226675977534 -4.044033150484238 -4.057904739988762 -4.016628302926519 -3.7764129724823157 -3.563602489595831 -3.2746674301601266 -2.959004186069363 -2.602741167819016 -2.263733053586492 -1.929799911123916 -1.8242404983089981 -1.615489992838472 -1.4524142332974774 -1.2717452382873295 -1.0636713957194632 -0.8897690297359127 -0.5889923695036634 -0.5294460340696072 -0.4502764744584189 -0.6935367879645913 -1.3498998035445284 -2.414290549428282 -3.49052289610858
1.374683374014869 1.3601351216076853 0.008500973544877333 -1.5569586517584053 -1.7521758991757372 -1.8692385813358703 -2.381134067197955 -2.872391334528918 -3.3907151179662702 -3.84001928533233 -3.920203839297508 -3.5490542371886464 -3.1105766762651426 -2.7502536805988367 -2.5225566138538382 -2.3273393664365063 -2.4504920147205773 -2.9180660804584497 -3.46616303161283 -3.607585578268713 -3.597773966180147 -3.4972895251351774 -3.308838906744443 -3.0706535650082185 -2.849723127289817 -2.536428203358363 -2.258996413267874 -1.9524681183630168 -1.7579275338483447 -1.647631480714809 -1.5373354275812732 -1.465947491350672 -1.3898229148014525 -1.3938828922174107 -1.3167433213142017 -1.4903073558464222 -1.5265088211387177 -1.8898767998669919 -2.300949513232777 -2.9935139941050095 -3.8214110555091874 -4.604648365337823
1.2312308386510065 1.2379974676776042 0.29946602168856007 -1.0000650828694484 -1.352606455155167 -1.8692385813358703 -2.3645558260827917 -2.8585197450243935 -3.3751518712050963 -3.64175705485303 -3.681003503207294 -3.34098039462078 -2.9288926869010052 -2.5810879549339045 -2.3645558260827917 -2.1642636068955117 -2.2708380140644193 -2.7384120798022917 -3.173167994761167 -3.2902306769213006 -3.244217599540439 -3.068623576300239 -2.914344434493821 -2.671084120987649 -2.458273638101164 -2.2356515431261132 -1.9602497417436036 -1.7988656394592581 -1.6466164863608195 -1.59586676866134 -1.5674469267496312 -1.5363204332272837 -1.630038245245656 -1.7558975451403658 -2.264748047940482 -2.4521836719772265 -2.8341598805286434 -3.1934678818409594 -3.4942445420732087 -3.9679085739350186 -4.477774071089124 -4.742349266029079
0.9822188904722271 1.2762289216778786 0.5484779698673403 -0.37415189790919934 -1.1672008198264017 -1.8820951764864051 -2.46808525018973 -2.9600191804233527 -3.1975278592569176 -3.461088059842882 -3.421164948585958 -3.0899384577340205 -2.8155516507055007 -2.5509764557655465 -2.273544665675058 -2.104717271461456 -2.2102766842763732 -2.5530064444735263 -2.9837023820164434 -3.002987274742246 -2.924832709485047 -2.724878821749097 -2.5969895331464086 -2.3692924664014097 -2.162233618187533 -1.9406265175664714 -1.7609725169103134 -1.600603408979958 -1.5823335106081453 -1.554928663050426 -1.5792885275461765 -1.7295076919366363 -1.9514531240090274 -2.546916478349589 -3.055766981149705 -3.4455248130817084 -3.8244560385711566 -4.053844762572805 -4.255151976114074 -4.372214658274206 -4.525478805726635 -4.574536866169465
0.9098159598876361 1.2187125749518017 0.7342219366474358 -0.04698538447322065 -1.138780977914693 -2.1155438779040114 -2.665332486315041 -2.9082544683698837 -3.146778141557438 -3.2452325938944284 -3.199557847964897 -2.96712414090128 -2.837204863590612 -2.6260860379607767 -2.2268549253915366 -2.101672288399487 -2.239373189090742 -2.5821029492878944 -2.778335191059216 -2.7844251571831533 -2.598004527500398 -2.4670702558357407 -2.3469625906136384 -2.1730602246300883 -1.9561897643276454 -1.7521758991757372 -1.5715069041655894 -1.4716991260232795 -1.465947491350672 -1.5156822146961617 -1.5870701509267633 -1.9876545893013229 -2.588192915411832 -3.234405987451873 -3.713144991083631 -4.101887828661645 -4.332291547017283 -4.549838670222385 -4.56371025972691 -4.472022436416517 -4.393867871159318 -3.8379892966243507
1.138528020986624 1.344571874846511 0.7897082946655338 -0.11532833764185302 -1.275466884251958 -2.2373432003827625 -2.7336754394836733 -2.9309226756089846 -2.962049169131332 -3.024640487627357 -3.1038100472385453 -2.9505458997861167 -2.9505458997861167 -2.762771944298042 -2.358465859958854 -2.310761125321343 -2.4200421841008892 -2.51781997353522 -2.6808957330762144 -2.5810879549339045 -2.323279389020548 -2.296212872914159 -2.166293595603491 -2.010999459443083 -1.8235638354063384 -1.6212416275110795 -1.4716991260232795 -1.3857629373854938 -1.4114761276865635 -1.5001189679349882 -1.8049556055831961 -2.4846634913048935 -3.175874646371806 -3.668146908056759 -4.129969339122024 -4.427024353389645 -4.677051295922414 -4.755205861179613 -4.729831002329873 -4.422964375973686 -3.9912534440767793 -3.1738446576638273
1.036013591233675 1.3053254264922476 0.752830166470579 -0.293967343944022 -1.3390731971019725 -2.16900024721413 -2.6798807387222254 -2.8098000160328933 -2.819611628121459 -2.847693138581838 -2.9014878393432864 -2.9640791578393113 -3.0276854706893257 -2.9102844570778625 -2.7005189572533466 -2.575336320261297 -2.5225566138538382 -2.5266165912697964 -2.4318837848974346 -2.284371272117614 -2.1828718367186544 -2.1595269665768937 -2.0255477118502676 -1.8732985587518285 -1.7210494056533894 -1.554928663050426 -1.3996345268900185 -1.3644480559517125 -1.4074161502706053 -1.7920990104326613 -2.388915690578542 -3.150499787522066 -3.830207673243764 -4.261918605140671 -4.448339234823426 -4.6621647120639 -4.844863695782027 -4.934859861835771 -4.7464092434450365 -4.228762122910344 -3.3704152308864783 -2.151407011744977
0.6012576762747992 1.033983602525696 0.5545679359912778 -0.3332137922982863 -1.3509147978985179 -2.21907330201095 -2.685632373394833 -2.752960332209476 -2.6917223395187704 -2.6995039628993576 -2.797958415236348 -2.9884390223350614 -3.034452099715923 -2.9065628111132344 -2.8263782571480567 -2.7336754394836733 -2.6047711565269953 -2.408538914755674 -2.191668454453231 -2.061749177142563 -2.061749177142563 -2.022502728788299 -1.9592347473896141 -1.7765357636714874 -1.6351132170156042 -1.4892923614924323 -1.4016645155979974 -1.4639175026426927 -1.7873623701140429 -2.3909456792865207 -3.2648558180715606 -3.9912534440767793 -4.562695265372921 -5.016736073057598 -5.16221859712944 -5.165263580191409 -5.174060197925986 -5.015721078703609 -4.517697182346049 -3.6437870435610087 -2.345947596259649 -1.0684080360380812
0.35055407083936974 0.7673784188777626 0.3170592571577133 -0.4915529115206625 -1.5616952920770233 -2.223809942329568 -2.5293232428804355 -2.6213493976421587 -2.6291310210227454 -2.6514608968105167 -2.740442068510271 -2.895736204670679 -3.0107688981228327 -2.974905764281867 -2.854798099059765 -2.7756285394485767 -2.6260860379607767 -2.407523920401684 -2.166293595603491 -1.9453631578850898 -1.9260782651592874 -1.939611523212482 -1.7833023926980847 -1.6340982226616143 -1.5921451226967114 -1.5616952920770233 -1.6905995750337017 -1.9690463594781802 -2.488385137269522 -3.2073394713454837 -3.892798991739789 -4.379996281654794 -4.808662230489732 -5.093875643960807 -5.247139791413236 -5.205186691448333 -5.016736073057598 -4.523787148469986 -3.698258407225117 -2.739427074156281 -1.590115133988732 -0.6722219065308099
-0.021610525623480648 0.3346524926268666 0.07785892106749959 -0.7297382532568868 -1.7481159217597786 -2.2471548124713285 -2.5245866025618175 -2.598004527500398 -2.6095077968456133 -2.6260860379607767 -2.695443985483399 -2.7756285394485767 -2.8595347393783834 -2.8838946038741335 -2.7363820910943124 -2.6602575145450933 -2.559773073500123 -2.4024489486317364 -2.216028318948981 -1.954159775619666 -1.8117222346097934 -1.7775507580254768 -1.6486464750687988 -1.5978967573693188 -1.615489992838472 -1.8242404983089981 -2.1399037423997616 -2.7502536805988367 -3.296997305947898 -3.7638947087831105 -4.1885006802020905 -4.528523788788604 -4.810692219197711 -4.970046332774077 -5.017751067411588 -4.944671473924338 -4.573521871815476 -3.9865168037581613 -3.204294488283515 -2.3723374494633784 -1.5704919098116 -1.2744518898979686
