static/data/ASCData/20210120/ASCU/09.asc
ncols 97
nrows 97
xllcorner 99.0
yllcorner 2.0
cellsize 0.25
NODATA_value -32767
[rows 38 to 56 of 97, columns 42 to 83 of 97]
-1.6816484712862045 -2.143655089135227 -2.2940682606242095 -2.492443983542434 -3.1779495655345222 -4.157429697443255 -5.073286036639729 -5.7548763083110615 -6.18458161601386 -6.3761055458707645 -6.446581131644344 -6.556862372345594 -6.733703888499669 -6.791128439870734 -6.965033473284244 -6.873349956606577 -6.9562240250625464 -7.168955885823537 -7.407463539529494 -7.687734503323498 -7.9562595361552395 -8.107651535224411 -8.095905604262148 -7.901445191664678 -7.588872917724449 -7.259986850781077 -7.02833099013644 -7.074335886405304 -7.253135057719756 -7.526554228452441 -7.7441802271143745 -7.619216572710296 -7.43095540145402 -7.177765334045234 -7.009080714392731 -6.521624579458804 -5.616209067784343 -4.9894331406035715 -4.337207696337896 -3.185780186176031 -1.917219642251596 -1.4150810936148406
-1.2999057150126476 -1.7286321951352577 -1.971707710882095 -2.169104606220131 -2.960976118592714 -3.947308043562767 -4.7734385212419514 -5.43284203442901 -5.897458859158536 -6.129114719803173 -6.322270028960391 -6.484429131411638 -6.581333061850309 -6.477577338350317 -6.619181061617603 -6.686720164650616 -6.761763612465076 -6.834196853399033 -6.996355955850278 -7.26488098868202 -7.533406021513761 -7.79703691644456 -7.968984294697692 -7.8449994678738015 -7.657390848337651 -7.380056367284213 -7.202236023549949 -7.193426575328251 -7.153620920400582 -7.349712712298366 -7.501104711367537 -7.280542229965038 -6.938605128619151 -6.483450303831448 -6.191433409075181 -5.467100999735612 -4.59692328094794 -3.868349285427553 -3.155436531190184 -1.8810030217846174 -0.825500614481236 -0.5050977198994988
-0.6868333739545167 -1.1348101298208362 -1.6467369542594776 -2.014776124410394 -2.7854397058788907 -3.6056972180769433 -4.453361902520277 -5.074264864219917 -5.537250309649128 -5.8782085834148265 -6.110516995779589 -6.258972512108195 -6.292252649834607 -6.262887822428949 -6.42896223520095 -6.516730441557861 -6.696508440452503 -6.768615405526396 -6.806789681153752 -7.047907541740212 -7.158515058301525 -7.432913056614398 -7.630962503672559 -7.6994804342857615 -7.5588555385986655 -7.4580362978392385 -7.280542229965038 -7.043992231419457 -6.977758231826695 -6.8596463704839366 -6.841048646460353 -6.5284763725201245 -5.897458859158536 -5.389773620900711 -4.641623073776553 -3.915333009276606 -3.1867590137562196 -2.450354397594324 -1.6516310921604205 -0.5471873058476087 0.2117303446586245 0.4345767570815644
0.193132620635041 -0.6914012359953969 -1.3057786804937792 -1.8467440564780162 -2.5978310863427407 -3.3048708750989784 -3.98058818128918 -4.604753901589449 -5.176062932559532 -5.519631413205733 -5.7666222392733255 -5.8928909971176555 -5.932696652045326 -6.009045203300037 -6.186539271174238 -6.33695244266322 -6.5177092691380505 -6.668122440627032 -6.708254371414766 -6.760784784884887 -6.808747336314129 -7.076293541565682 -7.193426575328251 -7.324263195213462 -7.395717608567231 -7.295224643667867 -7.039098093518515 -6.801895543252809 -6.527497544939936 -6.2423324432449885 -5.8145847907025665 -5.410329000084673 -4.718950452611453 -3.918269492017172 -3.170118944893013 -2.4464390872735695 -1.7168862641729943 -1.0538937165252444 -0.23950916980832337 0.5866213078708613 0.894299443910147 1.3240047516129456
0.8574302717230422 -0.17197006677530924 -0.9755875101101559 -1.5713672305849546 -2.355734398176092 -2.9492301876304508 -3.5782900458316624 -4.171133283565895 -4.743421142116167 -5.179978242880287 -5.414244310405427 -5.487330103059509 -5.568572792215164 -5.62501851600604 -5.792071756358229 -5.949336720908532 -6.15945837478902 -6.310850373858191 -6.369253752809445 -6.3907879595735935 -6.458979614326733 -6.650503544183637 -6.68378368191005 -6.77253071584715 -6.8743287841867655 -6.842027474040542 -6.586227199751253 -6.364359614908501 -6.0938769269163835 -5.485372447899132 -4.777353831562706 -4.288266317328466 -3.5264121840816665 -2.660149775614749 -1.9054737112893327 -1.1817938536698893 -0.669214477511122 -0.05581586059292798 0.6991864795925506 1.3680519927214325 1.4421166129557044 2.381791089936767
1.7820960591412138 0.4277249640202436 -0.4630081339513885 -1.2813079909890641 -2.1182055720503232 -2.697345223661916 -3.125092876204337 -3.724787906999891 -4.355479144501417 -4.810633969289119 -5.057624795356711 -5.090904933083124 -5.082095484861426 -5.058603622936899 -5.232508656350409 -5.482435965158566 -5.692557619039054 -5.916056583182119 -5.967934444932116 -5.991426306856642 -6.134008857704115 -6.077236858053176 -6.054723823708839 -6.0752792028927995 -6.148691271406944 -6.141839478345625 -6.022748789422677 -5.815563618282756 -5.457312723933725 -4.793015072845724 -3.9874399743505 -3.2559294960895477 -2.4621003285565877 -1.4992602655110607 -0.8147335110991616 -0.41896089284290117 0.035867656084738186 0.4890648257120631 1.2744108208833893 1.7997149555846086 1.8290797829902665 3.0115034998581045
2.4023464691207277 1.0672256497434676 0.0720842765517169 -1.0323595097610951 -1.8242310221336784 -2.270576398699683 -2.697345223661916 -3.3293415646036935 -3.9668845951665395 -4.388759282227829 -4.648474866837873 -4.673924383922777 -4.415187626892922 -4.273583903625637 -4.531341833075303 -4.812591624449496 -5.14963458789444 -5.449482103292216 -5.576403412856672 -5.540186792389694 -5.600874102361388 -5.471995137636554 -5.496139551281207 -5.34181106947147 -5.415223137985615 -5.428926724108256 -5.353557000433733 -5.1604016912765145 -4.758103555818997 -3.94535038840239 -3.2363529444857755 -2.388688260042442 -1.6320545405566484 -0.7726439251510513 -0.2744206868350503 0.0730631041319052 0.4110848951570376 0.8094677202938012 1.3837132340044507 1.927615092729253 2.061388195355029 2.9511424657464733
2.735147846384854 1.4101415786695428 0.21956096530013358 -0.882925165852301 -1.4454247486006873 -1.9560464695990774 -2.283301157242135 -2.8379701193490128 -3.4846488739936192 -3.94535038840239 -4.202455766131931 -4.322525282635067 -3.9570963193646533 -3.6973807347546095 -4.003101215633518 -4.3127370068331805 -4.593986798207374 -4.898728451506093 -5.116354450168027 -5.138867484512366 -5.140825139672742 -5.043268657513945 -5.033480381712058 -4.893834313605151 -4.946364727075272 -4.892855486024962 -4.708183349229378 -4.447488937039146 -3.9884188019306888 -3.210250875680746 -2.5811910174795347 -1.8291251600346214 -1.1113182678963094 -0.4845423407155378 -0.0656041363948141 0.230328068682208 0.5340908944007392 0.871786409565809 1.2636437175013144 1.767413645438384 2.1853730221789194 2.1932036428204285
2.735147846384854 1.6277675773314764 0.22151862046051063 -0.5997177193177308 -0.9543795792060692 -1.6095415062123104 -2.0451197793962406 -2.490486328382057 -2.9903409459983723 -3.4562628741681496 -3.8252808718992544 -4.052042594642948 -3.845836251083215 -3.5087932876382713 -3.5401157702043067 -3.855624526885101 -4.14666259406118 -4.42301824753443 -4.67881852182372 -4.811612796869308 -4.7590823833991855 -4.65728431505957 -4.522532384853606 -4.431827695756128 -4.3985475580297155 -4.344059489399216 -4.172112111146085 -3.842899768342649 -3.3019343923584126 -2.6787474996383325 -2.014776124410394 -1.5090485413129469 -0.9445913034041835 -0.5442508231070429 -0.17588537709606378 0.12298331072152413 0.40619075725609477 0.6874405486302875 0.9559655814620287 0.9040877197120327 1.0828868910264848 0.10340675911775232
2.49696646853896 1.8046090934855519 0.551709790844134 -0.27050537651429574 -0.7403426150048271 -1.1106657161761837 -1.620308609594385 -2.270576398699683 -2.8360124641886353 -3.287251978655583 -3.6428926661241103 -3.842899768342649 -3.7003172174951753 -3.3642530816304204 -3.132923496845846 -3.462135839649281 -3.78612776869171 -4.066398732485714 -4.338186523918084 -4.47195962654386 -4.346017144559593 -4.284351007007711 -4.095763559891373 -3.982545836449557 -3.900650595573777 -3.759046872306492 -3.5459887356854383 -3.1407541174873552 -2.600767569083307 -2.2248977782908814 -1.7100344711116742 -1.3185034390362311 -0.9015228898758845 -0.5918870986762217 -0.38111289307560847 -0.12531261878631916 -2.2688522177460868e-05 0.10927972459888391 -0.1086725499231127 -0.5860141331950901 -1.2003915776934728 -2.644814810191794
2.0623670229352182 1.9442551615924595 0.8610193061837341 0.13570806926397605 -0.3566422035708934 -0.7403426150048271 -1.425848196996915 -2.138760951234284 -2.848737222731087 -3.288230806235772 -3.506835632477894 -3.709126665716873 -3.699338389914987 -3.360664047169729 -3.0216634285644077 -2.9521666703710165 -3.3038920475187896 -3.8017890099747276 -4.153514387122501 -4.167217973245141 -3.997228250152386 -3.90554473347472 -3.7424068034432856 -3.621358459359961 -3.477797080932299 -3.2931249441367147 -2.9329163946273074 -2.512020535146206 -2.17693522686164 -1.8193368842327353 -1.498281437930872 -1.2131163362359247 -0.9299088897013541 -0.8176699938397274 -0.6780239257328193 -0.7383849598444501 -0.6992318566369056 -1.0695549578082622 -1.5860496442877838 -2.4121801219669683 -3.429834529503057 -4.43770066123726
1.8483300587339757 1.808524403806306 1.001644201870831 0.2802482752718274 -0.06070999849387082 -0.5713317194922611 -1.3282917148381173 -2.211194192168241 -2.9152974981839126 -3.155436531190184 -3.369147219531363 -3.6233161145203385 -3.6856348037923463 -3.4494110811068293 -3.016769290663465 -2.8448219124103327 -3.057880049031386 -3.561649976968456 -3.9414350780816356 -3.8977141128332113 -3.7355550103819652 -3.6154854938788294 -3.490521839474751 -3.325426254282939 -3.150542393289241 -2.849716050311276 -2.48852867322168 -2.1230997099512665 -1.8137901946116666 -1.5694095754245776 -1.4160599211950293 -1.2082221983349815 -1.1906033018915867 -1.1181700609576297 -1.3204610941966086 -1.396483369591257 -1.9560464695990774 -2.41120129438678 -3.173055427633579 -3.948286871142956 -4.801824521067422 -5.190745346262362
1.314216475811059 1.5788261983220462 0.8835323405280722 0.2117303446586245 -0.06070999849387082 -0.6770450981526306 -1.5547271617217486 -2.433714328731118 -2.7766302576571933 -3.013832807922899 -3.2490777030282274 -3.5048779773175167 -3.5665441148693993 -3.5293486668222322 -3.133902324426035 -2.8232877056461834 -3.0334093595266713 -3.4337498398238115 -3.8096196306162367 -3.661164114287631 -3.5038991497373284 -3.3740413574323065 -3.2618024615706793 -3.07647777305497 -2.7903338437798335 -2.489507500801868 -2.1182055720503232 -1.7540817122201615 -1.5870284718679726 -1.3880001972296223 -1.4199752315157834 -1.4297635073176695 -1.5247097825959646 -1.804980746389969 -2.012818469250017 -2.559656810715385 -3.1192199107232055 -3.7296820449008337 -4.4279123854353735 -4.876215417161756 -5.296132449062668 -5.503970171922716
1.079950408285919 1.366094337561055 0.7360556517796555 0.08480903509416882 -0.3693669621133453 -1.1426407504623448 -1.9658347454009635 -2.3772686049402414 -2.719858258006254 -2.9035515672216494 -3.1534788760298067 -3.4122156330596622 -3.453326391427584 -3.474860598191733 -3.2539718409291707 -2.9551031531115823 -3.0441764629087458 -3.444516943205886 -3.5812265285722282 -3.429834529503057 -3.252993013348982 -3.160330669091127 -3.015790463083276 -2.795227981680777 -2.4944016387028114 -2.1524645373569244 -1.7814888844654424 -1.542981230759485 -1.4003986799120112 -1.3752754386871704 -1.5139426792138897 -1.7668064707626134 -2.173998744121074 -2.5312708108899153 -3.08104563509585 -3.62918908000147 -4.156450869863066 -4.78909976252497 -5.148655760314251 -5.330391414369269 -5.38390065541958 -5.068391898738786
1.150099718199436 1.5458723364556963 0.8466631683409682 -0.08126537767783182 -0.8976075795551299 -1.63792750603778 -2.0676328137405786 -2.413158949547157 -2.5997887415031182 -2.7776090852373816 -3.055922393871009 -3.337172185245202 -3.440601632885132 -3.3391298404055796 -3.1818648758552763 -3.130965841685469 -3.1564153587703725 -3.1818648758552763 -3.2471200478678504 -3.168161289732636 -2.980552670196486 -2.956081980691771 -2.7433501199307804 -2.5012534317641317 -2.1925964681446573 -1.8535958495393365 -1.588007299448161 -1.3752754386871704 -1.3994198523318229 -1.4679377829450253 -1.8144427463317923 -2.318538950128925 -2.8477583951508985 -3.4357074949841886 -4.003101215633518 -4.544066591617755 -5.07230720905954 -5.305920724864555 -5.5470385854510145 -5.437736172329953 -4.922872865150746 -4.325461765375633
0.9060453748724102 1.5566394398377712 1.0417761326585637 -0.28029365231618186 -1.2307352326793195 -1.6836061264465818 -2.0754634343820877 -2.30777184674685 -2.493422811122623 -2.737477154449649 -3.013832807922899 -3.2161238411618776 -3.3877449435549467 -3.227543496264078 -3.150542393289241 -3.1153046004024514 -3.04123998016818 -2.9971927390596926 -2.9639126013332797 -2.8927844638395745 -2.7404136371902146 -2.665043913515692 -2.4239260529292315 -2.2092365370078637 -1.909389021610087 -1.623245092334951 -1.3925680592705025 -1.3615718525645302 -1.4199752315157834 -1.8682782632421657 -2.492443983542434 -3.0216634285644077 -3.6272314248410926 -4.311758179252992 -4.849787072496663 -5.351599345273356 -5.57836106801705 -5.634806791807926 -5.39760424154222 -4.961047140778102 -3.9893976295108775 -3.0255787388851623
0.230328068682208 1.3895861994855823 1.0642891670029018 -0.27246303167467323 -1.3263340596777402 -1.7893195051069513 -2.089167020504728 -2.2598092953176083 -2.4209895701886657 -2.6904934306005956 -3.0079598424417675 -3.169140117312825 -3.31074384058011 -3.1270505313647146 -3.0715836351540267 -2.942378394569131 -2.7932703265203993 -2.7276888786477627 -2.719858258006254 -2.6389418447106623 -2.475803914679228 -2.380857639400933 -2.198469433625789 -1.9240714353129162 -1.6291180578160827 -1.3955045420110683 -1.3194822666164199 -1.4581495071431392 -1.8927489527468808 -2.5870639829606663 -3.709126665716873 -4.300991075870917 -4.716992797451075 -5.220762725388145 -5.621103205685285 -5.8145847907025665 -5.778368170235589 -5.411307827664861 -4.845871762175909 -4.108488318433825 -2.8878903259386313 -1.8128113670314778
0.0691477938111511 1.3709884754619983 1.0026230294510192 -0.34098096228787567 -1.4072504729733315 -1.849680539218582 -2.0108608140896393 -2.1867235026635257 -2.4092436392264025 -2.7110488097845566 -3.0715836351540267 -3.2004625998788603 -3.2246070135235123 -3.0343881871068596 -2.9035515672216494 -2.7560748784732323 -2.5606356382955737 -2.4395872942122496 -2.416095432287723 -2.347903777534583 -2.248063364355345 -2.211194192168241 -1.9766018487830381 -1.6526099197406092 -1.4346576452186128 -1.351783576762644 -1.5478753686604283 -2.0069455037688853 -2.877123222556557 -3.806683147875671 -4.752230590337866 -5.138867484512366 -5.575424585276484 -5.899416514318913 -6.047872030647518 -5.839055480207282 -5.465143344575234 -4.812591624449496 -3.9717787330674827 -3.0197057734040307 -2.2356648816729563 -1.59583792008967
-0.08028655009764307 1.0633103394227126 0.8466631683409682 -0.5948235814167875 -1.5468965410802396 -1.9015584009685782 -2.061759848259447 -2.2102153645880525 -2.413158949547157 -2.6709168789968234 -2.9864256356776178 -3.1074739797609423 -3.095728048798679 -2.9299799118867416 -2.6585183963144345 -2.5051687420848863 -2.3772686049402414 -2.2784070193411923 -2.21902481280975 -2.1426762615550388 -2.1407186063946613 -2.035331503594355 -1.8137901946116666 -1.6173721268538193 -1.4209540590959722 -1.508069713732758 -1.8614264701808454 -2.679726327218521 -3.6008030801760005 -4.3907169373882065 -5.043268657513945 -5.429905551688444 -5.973807410413247 -6.106601685458835 -5.7959870666789834 -5.384879482999768 -4.713077487130321 -4.0412754912608735 -3.4366863225643773 -2.7482442578317237 -2.41120129438678 -2.4063071564858367
