static/data/ASCData/20210120/ASCU/12.asc
ncols 97
nrows 97
xllcorner 99.0
yllcorner 2.0
cellsize 0.25
NODATA_value -32767
[rows 0 to 18 of 97, columns 0 to 41 of 97]
1.4011250933172055 1.1676888796443232 1.2389266649013693 1.3911164788596042 1.3981813831826169 0.9869450773805784 -0.25235688928125644 0.14416086584783905 0.7758810607305695 1.0172652917668414 0.7058207595273589 0.24777946258536065 0.5241938442232379 0.6843316755448616 0.5124190036848826 0.9313089558368524 1.3081038530642037 1.076728236485533 1.212433273690071 2.409934556440746 2.3931554086735907 0.9772308339364355 -0.7045107659540775 -1.3792091288018034 -0.5991259431358027 -0.13902404909959198 -0.029518032092893165 -0.49639045943865767 -1.1498941093173451 -1.5208015862755189 -1.642965556860949 -1.3753823056268377 -1.3480058013751632 -1.5346370239080853 -1.5549486238367474 -1.3185687000292763 -1.7133202290776184 -1.4230704098071745 -1.2064133439014477 -1.053929158929754 -0.9944662142110627 -0.9847519707669199
1.1509097318771677 0.9742871238018469 1.0720183002701913 1.1294206478946704 1.0923299001988531 0.9204172283388741 0.2153986511048851 0.35610799553822403 1.4673585713454513 2.147061241421977 1.7302318863642205 0.4762113690294423 0.6304617800818888 1.556258617410029 1.1997753201113395 1.4947350755971258 1.8785948771474898 1.6383881301650534 1.9292266914624148 2.5738992109373364 2.737863865433926 1.626613289626699 -0.008028948110395895 -1.0551066429835894 -0.9818082606323313 -0.42721327127582365 -0.04541406681967208 -0.5178795434211554 -1.2982571001006145 -1.685060611785567 -1.8528520894571219 -1.740696733329293 -1.636195023551395 -1.9720723499079633 -2.301179142954978 -2.122495937785445 -1.4416157836550831 -1.509026745737164 -1.1799199526901494 -1.1301712514156006 -1.198465326538058 -1.1225176050656702
1.0493517322338586 1.0690745901356027 1.1041047407372075 0.8765559473335025 0.7682274143806391 1.1626845724155221 1.1179401783697744 1.0690745901356027 1.980152876790799 2.522973025608952 2.036672111374902 0.8044350490360803 1.2065458534208937 1.6645871503628924 1.5026830929605155 1.904793897345329 2.4255362201540662 2.1950437166157726 1.9448283551757348 2.1040830734569824 2.2115284933694697 1.515341046539246 0.03377173580076365 -1.4416157836550831 -1.7727831737963098 -1.3138587638139345 -0.5608577113861499 -0.946778110030726 -1.466048577772169 -1.5628966412001368 -2.341213600785384 -2.695636300989861 -2.160469798521639 -2.2375950040478623 -2.574649814458266 -2.2172834041192004 -1.6506192032108795 -1.3459452042809512 -0.6312123836028194 -0.5393686274036527 -0.6156107198894993 -0.49050303916948046
1.242753488076335 0.9937156106901326 1.1500266188367916 0.7320197797251988 0.6148601163685687 1.4390989540533998 1.7896948310829113 1.4770728147895933 1.1968316099767509 1.6940242517087793 1.5659728608541719 0.8512400401760405 1.045524909058893 1.7643789239254493 1.8444478395862611 2.080827763393732 2.4264193331944433 1.8306124019536942 1.570977168082973 1.8591663902592042 1.7116865125163119 1.1285375348542934 -0.16257373017630128 -1.92615047180838 -1.814878228720928 -2.089232013264593 -1.5022562124276102 -1.1360586716847783 -1.4192435866322093 -1.7192076493467958 -2.2885211893762465 -2.1928506100021146 -2.1613529115620156 -2.1946168360828677 -2.3833086557100023 -2.028591584492066 -1.6576841075338924 -1.4719359980413467 -0.9270552521289819 -0.45635600160825174 -0.39394934675497195 0.10324329497705653
1.4770728147895933 0.9098198718543551 1.2721905894222219 0.8706685270643253 0.5027047602407406 1.0905636741181 1.3940601889941928 1.2633594590184551 1.0366937786551271 0.8259241330185776 0.6784442552756844 0.737024086953999 1.0564166365568712 1.7926385412174999 2.010473091177063 2.2350781744461785 1.9772091666562104 1.4126055628421015 1.3796360093347082 2.239788110661521 1.9068544944395414 0.5866004990765181 -0.7580862904035914 -2.247309247492005 -2.0462538452995984 -2.0745134625916495 -2.0542018626629877 -1.667398350978035 -1.3559538187385525 -1.665337753883823 -1.6350175394975595 -1.658567220574269 -1.6459092669955375 -1.723034472521761 -1.8890597241125626 -1.8937696603279046 -1.5481780905271934 -1.3256336043522894 -1.1554871585730635 -0.6632988240698361 -0.13313662883041477 0.1665330628707129
1.5845182347020805 0.551275977461454 0.9586854600885268 1.2701299923280094 0.9009887414505884 0.6557776872393517 0.6148601163685687 0.8218029388301535 1.1002779175622428 0.8874476748314808 0.2651473523794339 0.3278483782461725 1.0973342074276542 1.480016524924182 1.6354444200304648 1.7046216081932983 1.4458694873629532 1.0796719466201217 1.1403123753926487 2.166784099323721 2.0396158215094906 0.7173012290522549 -0.944717512936514 -2.2093353867558108 -2.4309967598903386 -2.1077773871125016 -2.1313270681892114 -1.7824974172404524 -1.4701697719605935 -1.636195023551395 -1.2767680161181172 -1.3959882765689584 -1.3930445664343698 -1.47105288500097 -1.6046973251112961 -1.707432808808441 -1.3959882765689584 -1.3353478477964318 -1.1478335122231327 -0.15079888963794685 0.3805407896553099 0.20568440766074225
1.5659728608541719 0.4273457807952701 0.636349200351066 1.0143215816322528 1.3278267109659478 1.0240358250763957 0.35610799553822403 0.48415938639283196 0.838582086597309 0.9713434136672583 0.30930300439826386 -0.1702273765262321 0.7573356868826608 1.0290401323051968 0.9860619643402013 1.0796719466201217 1.1423729724868603 0.8091449852514221 0.6940459189890045 1.6207258693575208 1.7749762804099682 0.8521231532164166 -0.8840770841639869 -1.6341344264571829 -2.2434824243170395 -2.307066563224155 -2.327378163152817 -2.0032756773346034 -2.1166085175162674 -2.3088327893049083 -1.509026745737164 -1.170205709246007 -1.146950399182756 -1.1537209324923103 -1.2785342421988704 -1.4065856330534778 -1.1175132978368696 -1.3185687000292763 -1.0551066429835894 -0.023924982837174813 0.8268072460589537 0.6460634437952089
1.4926744785029133 0.8297509561935423 0.9165904051639084 1.2350998417264036 1.6245526925324865 1.5983536723346474 0.5933710323860715 0.08263732403493584 0.6207475366377468 0.9304258427964753 0.6051458729244268 -0.2541231153620096 0.35905170567281264 1.0708408162163559 0.9118804689485667 0.6978727421639701 0.737907199994376 0.7593962839768733 0.3999692765435956 1.4028913193979586 1.4058350295325472 0.7888333853227603 0.5601071078652198 -0.1496214055841114 -1.0618771762931436 -2.0618555090129185 -2.0542018626629877 -2.347984134094938 -2.6164504983694257 -2.929072514662743 -1.8587395097262993 -1.326516717392666 -0.8478694495085461 -0.9261721390886053 -1.1684394831652538 -1.1966991004573049 -0.8793671479486451 -0.9876956809015085 -0.8802502609890217 -0.13990716213996857 0.6325223771761013 0.9224778254330865
1.38434594555005 1.1335418420830945 1.1938878998421623 1.3725711050116955 1.5689165709887605 1.5132804494450345 0.8073787591706689 0.02788431553158599 0.5963147425206601 0.9742871238018469 0.8668417038893605 0.37259277229192067 0.33550202459610334 1.12176700154474 0.6245743598127116 0.3237271840577485 0.4508954618719794 0.7573356868826608 0.3502205752690468 0.692868434935169 0.7446777333039303 0.8718460111181607 1.2604157488838665 1.5524317942350643 0.7682274143806391 -0.19848699381828316 -0.7836965685745132 -1.1769762425555608 -1.6097016323400968 -2.307949676264532 -2.2885211893762465 -1.8852329009375974 -1.0374443821760573 -0.9350032694923711 -1.1760931295151842 -1.3020839232755796 -1.2944302769256493 -1.2944302769256493 -1.1204570079714582 -0.2288072082045467 0.7817684809997476 1.1403123753926487
1.146199795661826 1.1588577492405574 1.2448140851705465 1.298389609620061 1.4926744785029133 1.6510460837437848 0.5904273222514829 0.7691105274210162 0.8659585908489835 0.5933710323860715 0.4067398098531494 0.6628425915623644 0.7458552173577657 0.3022381000752512 0.16564994983033632 0.3022381000752512 0.340506331824904 0.06026512701206155 -0.03540545236207038 0.4879862095677967 0.4656140125449233 0.2760390798774117 0.3249046681115839 0.6881584987198273 0.7985476287669031 0.7429115072231771 0.28958014649651975 -0.14579458240914578 -0.465187132012018 -0.7513157570940376 -1.1175132978368696 -1.1457729151289207 -1.0109509909647594 -1.1019116341235495 -1.3374084448906438 -1.5169747631005532 -1.5999873888959542 -1.952643863019678 -1.4036419229188892 -0.4681308421466066 0.3199003608827833 0.41086100404157344
1.3463720848138565 1.6110116259133789 1.4538175047263429 1.4664754583050743 1.6793057010358363 1.5671503449080073 0.30341558412908665 0.9692828165730458 1.2233250011880492 0.47032394876026506 -0.36568972946292044 -0.07543991019247631 0.6919853218947929 -0.038349162496658984 -0.2317509183391353 -0.1184180781574713 -0.13107603173620275 -0.4828493928195501 -0.29239134711166237 0.41674842431075065 0.4938736298369739 0.07380619363116958 -0.4436980480295203 -0.4545897755274986 -0.14285087227455717 0.5562802846902541 0.5827736759015525 0.2183423612394737 -0.13019291869582617 0.09529527761366685 0.3151904246674415 0.25454999589491445 0.19302645408201125 -0.45635600160825174 -1.4027588098785126 -1.667398350978035 -1.8343067156092132 -2.1528161521717086 -0.9894619069822617 0.020230669181655614 0.342566928919116 -0.1899502344279762
1.54566126092551 1.7446560660237043 1.5739208782175615 1.5583192145042415 1.7302318863642205 1.656933504012962 0.8403483126780622 0.9389626021867827 1.228034937403391 0.6607819944681528 -0.1672836663916435 -0.8157830090415299 -0.11370814194212953 -0.10576012457873984 -0.20937872131626145 -0.2767896833983423 -0.562918308480362 -0.8237310264049191 -0.3371357411574101 0.06497506322740376 0.47238454585447665 0.3755364824265093 -0.20849560827588487 -1.2287855409243216 -1.0598165791989311 -0.03157862918710519 0.6042627598840498 0.3081255203444284 -0.038349162496658984 0.11207442538082235 0.5124190036848826 0.9878281904209545 1.2194981780130845 0.7125912928369131 -0.3539148889245656 -1.7883848375096298 -1.888176611072186 -1.8528520894571219 -1.2317292510589102 -0.12253927234589534 0.340506331824904 -0.26884166603495263
1.388467139738474 1.4870814292471954 1.5486049710600986 1.3669780557559768 1.41554927297669 1.8933134278204329 1.1353080681638477 0.5533365745556655 0.5503928644210769 0.17153737009951397 -0.45841659870246376 -1.2885428566564716 -1.265876288620139 -0.4369275147199665 -0.32447778757867907 -0.35479800196494216 -0.6459309342757629 -0.8587611770065244 -0.48167190876571464 -0.5246500767307092 -0.31770725426912483 -0.19259957354910595 -0.10958694775370503 -0.915280411590627 -1.229963024978157 -0.39483245979534853 0.22511289454902794 0.23011720177782857 -0.05807202039840309 0.15004828611701626 0.621630649678123 1.0923299001988531 1.6616434402283038 1.3640343456213881 0.25543310893529103 -1.5208015862755189 -1.7651295274463792 -1.7445235565042585 -1.0012367475206165 -0.23263403137951189 0.11089694132698691 -0.28944763697707376
1.627496402667075 1.2409872619955817 1.1432560855272373 1.7446560660237043 1.596293075240435 1.752604083387094 0.8921576110468226 -0.15845253598787723 -0.0724962000578877 0.12944231517489557 -0.3568585990591542 -1.4845939516200781 -1.727744408737103 -1.0618771762931436 -0.9232284289540167 -0.6106064126606987 -0.38011390912240506 -0.6038358793511445 -0.5520265809823841 -0.8608217741007365 -1.1390023818193669 -1.156664642626899 -0.21026183435663803 -0.5861736185436124 -0.8225535423510837 -0.4104341235086686 -0.022747498783338926 0.011399538777889351 -0.016860078514161714 0.29958876095412146 0.8415257967318976 1.3425452616388909 1.8785948771474898 1.9030276712645757 0.7487989274923543 -1.3636074650884833 -1.7980990809537725 -1.7436404434638817 -0.732770383246129 0.07498367768500502 0.1344466224036962 -0.2844433297482727
1.9439452421353587 1.343428374679268 0.96045168616928 1.4635317481704857 1.9262829813278262 1.723166982041207 0.792660208497725 -0.5502603549016305 -0.40278047715873777 -0.1213617882920599 -0.39689305688956056 -1.1760931295151842 -1.801042791088361 -1.584385725182634 -1.4583949314222386 -0.9750377273227775 -0.42426956114123504 -0.5481997578074185 -0.7719217280361583 -0.8246141394452957 -1.297079616046779 -1.7377530231947045 -1.3100319406389693 -0.8823108580832337 -0.5452560476728299 -0.46724772910623 -0.37628708594743987 -0.23469462847372435 0.020230669181655614 0.7016995653389348 1.2642425720588322 1.729054402310385 2.044620128738291 1.8933134278204329 0.38819443600524073 -1.1381192687789903 -1.6838831277317317 -1.4027588098785126 -0.6273855604278542 0.2351215090066292 0.14622146294205107 -0.2629542457657754
1.597176188280812 1.4673585713454513 1.06200968581259 1.5642066347734187 1.853278969990027 1.6245526925324865 0.793543321538102 -0.7689780179015697 -0.5726325519245048 0.005512118508712138 -0.2514737762408794 -0.8979125217965538 -1.5561261078905828 -1.7356924261004925 -1.4963687921584325 -0.9894619069822617 -0.6106064126606987 -0.7551425802690028 -0.9915225040764741 -0.9397132057077133 -1.0765957269660866 -1.453390624193438 -1.2396772684222999 -0.9965268113052748 -0.6400435140065857 -0.7092207021694192 -0.846103223427793 -0.6097232996203221 0.3190172478424067 1.03080635838595 1.5874619448366691 2.071996632989966 2.1129142038607482 1.853278969990027 0.25072317271994926 -0.748372046959449 -1.2932527928718138 -1.0247864285973258 -0.3442006454804232 0.27515596683703514 0.06114824005243813 -0.36951655263788563
0.8482963300414519 1.2456971982109235 1.02020900190143 0.8432920228126508 1.2848485430009524 1.6051242056442008 0.555397171649878 -0.6303292705624428 -0.420148366952811 0.173597967193726 0.5904273222514829 0.014343248912478401 -1.2785342421988704 -1.6420824438205723 -1.5346370239080853 -1.3070882305043803 -1.0686477096026974 -0.8528737567373472 -0.8937913276081297 -0.9641459998247992 -1.0492192227144121 -0.8469863364681696 -1.0462755125798235 -0.7951770380994088 -0.5325980940940984 -0.6535845806256932 -1.0609940632527666 -0.8675923074102903 0.3249046681115839 0.894218208141035 1.4058350295325472 1.6489854866495723 1.7858680079079465 1.4829602350587714 0.037598558975728835 -0.6995064587252768 -0.647697160356516 -0.2844433297482727 -0.01980378864875032 0.19302645408201125 -0.1937770576029414 -0.44163745093530826
-0.4378106277603431 0.7467383303981419 0.989888787515167 0.29664505081953285 0.5141852297656366 1.1226501145851162 0.8247466489647421 0.0796936139003468 -0.04718029290042525 0.18507843671862156 0.7555694608019077 0.8159155185609763 -0.15462571281291204 -1.6779957074625542 -1.5696671745096908 -1.4828277255393245 -1.4389664445339534 -1.1057384572985147 -0.7424846266902714 -0.6632988240698361 -0.5423123375382413 -0.4280963843162007 -0.6497577574507281 -0.8519906436969706 -0.7180518325731855 -0.2700191500887885 -0.691852812375346 -0.4749013754561604 -0.10281641444415124 0.4820987892986195 1.0952736103334417 1.399064496222994 0.707586985608113 -0.06395944066758075 -0.31976785136333685 -0.5911779257724135 -0.4955073463982811 -0.20849560827588487 0.04760717343333054 -0.36951655263788563 -0.7736879541169115 -0.7942939250590322
-0.958258579555622 0.0758667907253816 0.8238635359243651 0.18213472658403296 -0.3156466571749128 -0.13608033896500338 0.3472768651344582 0.3266708941923371 0.7458552173577657 0.5503928644210769 0.5044709863214938 0.5630508179998084 0.18125161354365638 -1.0609940632527666 -1.2220150076147678 -1.5746714817384915 -1.4495638010184728 -1.0657039994681088 -0.730709786151917 -0.6653594211640481 -0.9379469796269597 -1.0960242138543719 -0.8478694495085461 -0.6995064587252768 -0.34802746865538836 0.14121715571325044 -0.10399389849798668 -0.21408865753160322 0.11678436159616412 0.340506331824904 0.6186869395435344 0.42528518370105806 -0.7492551599998256 -0.687731618186922 -1.0521629328490008 -1.0256695416377024 -1.0306738488665035 -1.1225176050656702 -1.2649931755797623 -1.656506623480057 -1.7972159679133959 -1.5764377078192449
