static/data/ASCData/20210120/ASCU/15.asc
ncols 97
nrows 97
xllcorner 99.0
yllcorner 2.0
cellsize 0.25
NODATA_value -32767
[rows 19 to 37 of 97, columns 43 to 85 of 97]
-1.6205765477646845 -1.3374521343012384 -1.4907379192302055 -2.6938701317223854 -4.1048027677607175 -5.036534144986695 -5.368604497423635 -4.9456764139580525 -4.117698703777686 -3.489608001860331 -3.2563087957351726 -3.660479154085164 -4.3999438488763385 -5.097203662157433 -5.36186343996022 -5.34603660939394 -5.549147601661195 -6.018969997915754 -6.613648501970962 -7.090211955688936 -7.482951825296615 -7.777799816957305 -7.934895764800377 -7.947791700817346 -7.862795758887325 -8.037477074026263 -8.49850678663289 -8.987673086912901 -9.153854807858837 -8.88128161477291 -8.562986466717732 -8.805078356490823 -9.3862747456192 -10.378382550560985 -11.178223673067967 -11.636029401670351 -12.064819274234555 -12.50445345663121 -12.743614451854992 -13.066892120643999 -13.193799854629166 -13.226039694671588 -13.066892120643999
-2.2219961092833085 -2.1478444771857395 -2.47991482962268 -4.035633656396977 -5.5511992278457125 -6.2505106673113255 -6.133274885338884 -5.660521594535014 -4.9963808896611335 -4.243434079943129 -3.8568490888890037 -4.303224328749074 -5.1646142367915875 -6.149687894815026 -6.57554687282992 -6.346057829618865 -6.1107069973091885 -6.336385877606139 -6.737625341406819 -7.218292047493829 -7.602825412363437 -7.86953681635074 -7.947791700817346 -7.8305559188449045 -7.890932346560712 -8.322653113674226 -8.906780397351916 -9.688743063108099 -9.97303983439127 -9.783704046505777 -9.896836576109184 -10.314782138840936 -11.12048505044654 -11.97308227484112 -12.26793026650181 -12.745666078039509 -13.00329170892395 -12.914485604079825 -12.996550651460533 -12.978965284164667 -13.048134395528407 -12.845023403261154 -12.630188832796653
-2.8283981915357614 -2.5854270333978766 -2.9321518585813724 -4.43218368891876 -5.727052900804375 -6.248459041126807 -6.433105397733403 -6.1060175660302916 -5.445687024070516 -4.662552000494607 -4.212366597720432 -4.819647948337678 -5.822600063111914 -6.851050960465156 -7.455401416533092 -7.3235111618140945 -6.917289177279585 -6.654681025661317 -6.80415664767618 -7.2358774147896945 -7.6116180960113695 -7.871588442535259 -7.916431129139717 -7.892104704380436 -8.115731958492868 -8.697807615986038 -9.570628012770865 -10.15094513353445 -10.349952873432668 -10.437879709912 -10.931149262561048 -11.322716774349 -11.846174540855953 -12.293429049080816 -12.551054679965256 -12.899831131333269 -13.104993749785042 -13.125510011630219 -13.031721386052267 -12.922399019362965 -12.842092508711842 -12.60293151348806 -12.451697354743612
-3.2357925338899953 -3.0658006500299555 -3.163399438522013 -4.382358481580472 -5.4389459666071 -5.977058205860606 -6.309128558297546 -6.16932488829541 -5.996402109886059 -5.2991422966049635 -5.340174820295318 -6.049158211773657 -6.858671286293365 -7.377439621521418 -7.865726653436637 -7.662615661169381 -7.194844891099341 -6.904686330717548 -6.942787959858592 -7.244670098437628 -7.581429882153467 -7.765196970395268 -7.81883234064766 -7.882139662912778 -8.158523018912808 -8.827646244520517 -9.851114621139931 -10.44286223064583 -10.299248397729588 -10.446672393559933 -11.097037894052052 -11.494467194938627 -11.819796489912154 -12.144832695430747 -12.38721767465877 -12.78054372317631 -12.9877579678126 -13.095028708317384 -12.989809593997117 -12.870522185840159 -12.840333971982256 -12.617585986234618 -12.398941252856014
-3.6889088312134812 -3.657548259535853 -3.7202694028911094 -4.188919441325944 -5.0532402439177675 -5.748448431014345 -6.081398051816079 -7.024853007239301 -6.85193022882995 -6.3950037685923595 -6.584339556477852 -7.313839209801369 -7.605756306912747 -7.934895764800377 -7.892983972745229 -7.689872980477974 -7.34607904984379 -7.055041221097204 -7.098125370972077 -7.315890835985886 -7.561792888673082 -7.693683143392079 -7.716251031421773 -7.674339239366626 -7.950722595366656 -8.949571457771857 -9.975091460575788 -10.632198018531321 -10.507341910730672 -10.60787159377204 -11.088245210404118 -11.450503776698962 -11.573601347770026 -11.89893064274355 -12.28082620251878 -12.675324608856045 -12.628430296067068 -12.60498313967258 -12.363770518264282 -12.341202630234585 -12.399820521220807 -12.437042881997057 -12.218105059163523
-3.2961689616058027 -3.3782340089865115 -3.6244291511286386 -3.472022634564465 -3.761008837126533 -4.616536956070424 -6.562944026267882 -7.50815751842069 -7.7007172903104255 -7.20246521692755 -7.307977420702747 -7.902655924757955 -7.863675027252119 -8.030736016562848 -7.966256336478004 -7.625393300393132 -7.280720101394154 -7.227963999506555 -7.30621888397316 -7.327614414183131 -7.490572151124824 -7.625393300393132 -7.558861994123771 -7.461263205631713 -8.159695376732532 -9.159716596957457 -9.956333735460197 -10.617543545784766 -10.778742745996873 -10.917374058179286 -11.216325302209011 -11.510294025504908 -11.597927772529307 -11.877242023078649 -12.260309940673602 -12.406561578684222 -12.308083521827372 -11.624305823473106 -11.172361883969346 -11.347043199108283 -11.845002183036229 -11.94670422389732 -12.072732689517695
-1.7776724956077559 -1.7114342787933263 -2.010092433368121 -1.6369895572408262 -2.0121440595526385 -4.369462545563503 -6.516049713478905 -7.6547022458862415 -7.819711609012453 -7.503468087141792 -7.558861994123771 -7.983841703773871 -7.900897388028369 -8.070596182433478 -7.886242915281814 -7.521932722802452 -7.307098152337954 -7.296253842505502 -7.333476203281752 -7.266065628647599 -7.247600992986939 -7.336407097831064 -7.292443679591398 -7.964204710293487 -8.785441363010438 -9.405618649644653 -10.0873447218144 -10.329436611587491 -10.503238658361637 -10.69286753570206 -11.090296836588637 -11.399799300995882 -11.689957861377675 -12.02583837672872 -12.347064419333208 -12.472213616588789 -11.906550968571759 -10.905650479982041 -10.301300023914106 -10.79925900784205 -11.636029401670351 -11.912412757670381 -12.022907482179408
-1.2885061953277441 -0.32453497805934495 -0.6284687428228994 -0.39780734179212107 -1.2319399305260412 -4.180126757678011 -6.772796075998551 -7.764024612575543 -7.83231445557449 -7.7845408744207205 -7.771938027858683 -8.048321383858713 -8.096974233377278 -8.029563658743124 -7.712440868507669 -7.327614414183131 -7.201585948562756 -7.2903920534068805 -7.284530264308258 -7.007267639943434 -6.758141603251996 -6.867463969941298 -7.880381126183192 -8.887143403871532 -9.429065806039143 -9.660606475434713 -9.72596542388435 -9.924093895417776 -10.203408145967117 -10.48565329106577 -11.06186715946032 -11.572722079405233 -11.97806479557495 -12.308962790192165 -12.502401830446694 -12.282584739248366 -11.616685497644898 -10.971009428431676 -10.690815909517543 -11.135139523193095 -11.44962450833417 -11.64892533768732 -11.915343652219693
-0.6888451705387064 0.2253008393914051 0.7115362451221059 0.8053248707000589 -0.5950565449607534 -4.057029186606947 -6.724143226479988 -7.660564034984864 -7.776920548592512 -7.948670969182139 -7.964204710293487 -8.05799333587144 -8.137127488702838 -7.990582761237286 -7.606928664732472 -7.258152213364459 -7.147950578310364 -7.175207897618957 -7.045369269084478 -6.642957447464073 -6.181927734857448 -6.965355847888286 -8.54129784705283 -9.516992642518472 -9.69665647839124 -9.587334111701939 -9.577662159689211 -9.68610525801372 -9.936989831434744 -10.462206134671282 -10.919425684363803 -11.439952556321442 -11.95461763918046 -12.182934324571791 -12.093248951362872 -11.758247704376622 -11.305131407053135 -11.041350897615143 -11.187016356715901 -11.246513516066914 -11.226876522586531 -11.47395093309345 -11.772902177123177
-0.3010878216648569 0.3129345864158046 1.2027541715866348 1.6579220950946385 -0.5317492226956353 -4.36858327719871 -6.8929627525203045 -7.642978667688998 -7.746439245279677 -7.9252238127876495 -8.025753495829019 -8.11661122685766 -8.154712855998705 -8.019012438365603 -7.6262725687579245 -7.242618472253111 -7.007267639943434 -6.920220071828897 -6.71916070574616 -6.248459041126807 -6.113637891858501 -7.608687201462059 -8.913521454815331 -9.469219061364702 -9.560956060758139 -9.428186537674348 -9.360775963040195 -9.47097759809429 -9.824736570196132 -10.38717523420892 -10.789587055829324 -11.225997254221737 -11.513224920054219 -11.628409075842143 -11.493587926573834 -11.229807417135842 -11.052195207447593 -10.978922843714818 -11.042523255434867 -11.384265559884533 -11.653614768966218 -11.958427802094565 -12.235690426459389
0.0025528536437664506 -0.04228983296069222 0.5444752558113763 1.5025846839811536 -0.6079524809777221 -4.337222705521082 -6.71916070574616 -7.51607093370383 -7.805057136265898 -8.03952870021078 -8.227105951366687 -8.327635634408056 -8.41145921851835 -8.50436857573151 -8.109870169394245 -7.457453042717609 -7.011077802857539 -6.597235492494821 -6.3442992928892785 -6.035676096846826 -6.19072041850538 -7.732957130352847 -8.558883214348697 -9.145941392575697 -9.36751702050361 -9.292486120041248 -9.238557660333925 -9.411480438743276 -9.715121114051898 -10.12456708259065 -10.56009801261827 -11.003249268474098 -11.228928148771049 -11.284615145207958 -11.189947251265211 -11.087365942039325 -10.982733006628921 -10.9985598371952 -11.111692366798607 -11.55601598047416 -11.996529431235608 -12.425319303799814 -12.909503083345996
-0.48485490990665836 -0.98193462546981 -0.8383207925535694 0.18514758406584386 -1.514185075624694 -4.218228386819054 -6.591373703396199 -7.5374664639138 -7.889173809831124 -8.22798521973148 -8.399735640321106 -8.486783208435645 -8.62629378898285 -8.730926724393253 -8.266086848872524 -7.558861994123771 -6.764003392350618 -6.327593193958206 -6.1391366744375055 -5.934853324350527 -6.284509044083333 -7.774868922407995 -8.526643374306275 -8.7992165673922 -8.994414144376316 -9.026653984418736 -9.026653984418736 -9.206610909746434 -9.47596011882812 -9.952523572546093 -10.372520761462365 -10.734779327757208 -10.880151697403035 -10.932907799290634 -10.9721817862514 -10.917374058179286 -10.919425684363803 -10.941700482938566 -11.210463513110389 -11.514104188419012 -11.786677381504939 -11.485674511290695 -11.244461889882396
-1.2495252978219074 -2.3149054664964686 -2.203531473622649 -1.449705395539851 -2.692697773902661 -5.124460981466026 -6.462414343226513 -7.408507103744115 -7.880381126183192 -8.210399852435614 -8.324704739858744 -8.465387678225675 -8.661464523574582 -8.658533629025271 -8.189883590590437 -7.437816049237226 -6.642957447464073 -6.046227317224346 -5.809997216549877 -5.82963421003026 -6.31293872121165 -7.681080296830041 -8.200727900422887 -8.470077109504572 -8.660585255209789 -8.693704363617003 -8.813871040138755 -9.004379185843973 -9.281641810208797 -9.70750078822369 -10.125446350955444 -10.498549227082739 -10.638939075994736 -10.582372811193034 -10.619595171969284 -10.61871590360449 -10.643042328363773 -10.576511022094412 -10.640111433814461 -10.699608593165475 -10.34526344215377 -9.688743063108099 -7.172277003069645
-2.1126737425940068 -3.164571796341737 -2.9749429190013132 -2.627338825453025 -3.7378547701869755 -5.2915219707767545 -6.631233869266829 -7.3979558833665955 -7.870416084715535 -8.102836022475898 -8.183142533127022 -8.423182796715595 -8.640948261729404 -8.574710044914976 -8.11368033230835 -7.359854254225551 -6.500515972367557 -5.902613484308105 -5.672245172732258 -5.665504115268843 -6.030693576112998 -6.977079426085531 -7.364543685504449 -7.664374197898969 -7.8598648643380145 -8.455422636758016 -8.577640939464287 -8.763166564435675 -9.081461712490853 -9.444892636605422 -9.88511299791194 -10.244440669657472 -10.287524819532344 -10.232717091460227 -10.16442724846128 -10.16149635391197 -9.942851620533366 -9.769928842124015 -9.382171493250166 -9.22097229303806 -8.598157201309464 -6.924323324197932 -4.409615800889065
-2.797330709313065 -3.428059216324799 -3.2671531055676235 -3.1399522821275245 -4.142904396901761 -5.595162646085378 -6.631233869266829 -7.399714420096181 -7.9290339757017545 -8.14005838325215 -8.214210015349718 -8.4486815792946 -8.571779150365664 -8.380391736295653 -7.9574636528300715 -7.33816563456065 -6.477948084337862 -6.31293872121165 -6.140895211167093 -5.762223635396107 -5.812928111099188 -6.261061887688845 -6.266044408422674 -6.645888342013384 -7.115710738267943 -7.712440868507669 -7.880381126183192 -8.034546179476951 -8.627466146802574 -9.15473407622363 -9.620453220109153 -9.799237787617125 -9.80304795053123 -9.759084532291565 -9.690794689292618 -9.303037340418767 -8.992655607646729 -8.601967364223569 -8.089353907549068 -7.8314351872096974 -6.857792017928572 -5.155821553143654 -3.3635795362399565
-3.1449348028613535 -3.500452311692782 -3.4535579989038054 -3.5784141067044555 -4.495491011183878 -5.606006955917829 -6.648819236562694 -7.454522148168298 -8.002306339434531 -8.23589863501462 -8.357823848265959 -8.395925477407003 -8.299205957279739 -8.035425447841746 -7.730026235803535 -7.188983102000718 -7.036576585436545 -7.02192211268999 -7.108676591349596 -6.593132240125785 -6.397934663141671 -6.080518783451286 -6.051209837958175 -6.046227317224346 -6.389141979493737 -6.560892400083364 -6.709488753733433 -6.970045279167184 -7.734715667082433 -8.574710044914976 -9.04629097789912 -9.119563341631897 -9.090254396138787 -9.079410086306336 -8.909711291901226 -8.534556789589415 -8.022822601279708 -7.635065252405858 -7.25053188753625 -6.6479399681979015 -5.583439067888134 -4.046184876774497 -2.335421728341646
-3.1771746429037746 -3.3518559580427123 -3.410473849028933 -3.8284194117606867 -4.812027622509469 -5.7317423320832726 -6.60778671287234 -7.406748567014528 -7.928154707336962 -8.160574645097327 -8.28367221616839 -8.14298927780146 -8.042459594760091 -7.6547022458862415 -7.374508726972107 -7.180190418352785 -7.248480261351732 -7.505226623871379 -7.592274191985917 -7.720061194335878 -7.669356718632796 -6.680179808240323 -6.115689518043018 -5.945697634182977 -5.8079455903653585 -5.865684212986786 -6.0268834131988935 -6.413468404253019 -6.997595687930708 -7.570585572321015 -7.980910809224561 -8.561814108898007 -8.71920314619601 -8.657654360660478 -8.304188478013566 -7.805057136265898 -7.43107499177381 -7.112779843718632 -6.4603627170419955 -5.360691082140495 -3.9526893406514745 -2.190928627060612 -0.2747097707210573
-2.9983900753958017 -3.1742437483544634 -3.333391322382053 -3.9280698264372615 -4.904643890267698 -5.785670791790595 -6.667283872223354 -7.410558729928633 -7.854003075239392 -8.067665287884166 -8.20658968952151 -7.974169751761144 -7.833486813394215 -7.352820107307205 -6.9260818609275185 -6.699523712265776 -6.798294858577558 -7.150881472859675 -7.598135981084539 -8.166436434195948 -8.39299458285769 -7.664374197898969 -6.931064381661347 -6.379176938026079 -6.158480578462958 -6.100155776931669 -6.035676096846826 -6.062054147790626 -6.451570033394063 -6.984699751913739 -7.134175373928603 -7.5462591475617335 -7.964204710293487 -7.987651866687976 -7.389163199718662 -6.772796075998551 -6.689851760253049 -6.2367354629295635 -5.1185991923674035 -4.081355611366229 -2.8196055078878284 -1.2972988789756772 0.5318724092493397
-2.5669623977372176 -2.7768144474678875 -3.117677483552761 -3.932173078806297 -4.878265839323899 -5.739655747366412 -6.550341179705844 -7.195724159464135 -7.616600616745199 -7.834366081759008 -7.902655924757955 -7.76812786494458 -7.5424489846476295 -7.057972115646516 -6.67138712459239 -6.395883036957152 -6.336385877606139 -6.556202968804467 -6.925202592562726 -7.5248636173517625 -7.977979914675249 -8.09521569664769 -7.627444926577649 -6.988803004282775 -6.708316395913709 -6.577598499014437 -6.342247666704761 -5.97295495349157 -5.975885848040882 -6.477068815973068 -6.632113137631622 -6.6555602940261105 -6.815880225873424 -6.975027799901013 -6.653801757296524 -6.0737777259878705 -5.604834598098105 -4.577556058564587 -3.5540876819451737 -3.3011514823396313 -2.6821465535251408 -1.8110846934699016 -0.23484960485042716
