static/data/ASCData/20210120/ASCU/18.asc
ncols 97
nrows 97
xllcorner 99.0
yllcorner 2.0
cellsize 0.25
NODATA_value -32767
[rows 38 to 56 of 97, columns 43 to 85 of 97]
-3.1091385331257992 -3.4352156622058048 -3.802411864882319 -4.400219934862329 -5.082854065758213 -5.891433331166481 -6.493842136653793 -6.921710538832848 -6.984108014150626 -6.6853477521452245 -6.456748706626174 -6.40412779426141 -6.488091217269666 -6.739118848386813 -6.95391568738396 -7.1324817342611055 -7.192291295856027 -7.205805956408725 -7.156923141643645 -7.175613629642058 -7.124717993092533 -6.8561500578537995 -6.480327476101094 -6.02715502863188 -5.6346547806652065 -5.347396357428059 -5.120810133693452 -5.191258896149009 -5.302539186231868 -5.664847107431874 -5.719480841581081 -5.731270226318542 -5.726381944842034 -5.890283147289656 -5.783028500775686 -5.112183754617261 -4.309355408593121 -3.557422699118505 -3.628734099481681 -3.9205932582261305 -3.0407025924546867 -1.4557492101892633 0.15450821736631948
-2.8560980802242075 -3.165785089059451 -3.5671992620715214 -4.284914001210581 -4.913777035864877 -5.578008224731555 -6.190193593171883 -6.648254322117605 -6.739118848386813 -6.722441182172844 -6.583844025015382 -6.520296365820777 -6.577805559662048 -6.73308038303348 -6.803529145489036 -6.958803968860467 -7.004523777964278 -7.014300340917293 -7.056282052421421 -7.052543954821738 -7.0223516280550715 -6.838609753732211 -6.4530106090264905 -6.050446252137595 -5.710566916535685 -5.450050268434728 -5.196147177625517 -4.885597530882654 -4.756489390709001 -4.930454702078846 -4.9879638959201165 -4.973299051490592 -4.981350338628371 -5.000615918565196 -4.557507580018204 -3.8777489088143837 -3.369942727195962 -2.977442479229289 -3.639373300342316 -3.693144396583904 -2.6168598338445213 -1.2955861053413242 0.2706767889256865
-2.4889018775476934 -2.737054048972777 -3.2322082079461185 -4.005706865111211 -4.623930698904872 -5.283848698233455 -5.896321612642989 -6.357257801280775 -6.717552900696337 -6.73221774512586 -6.712664619219828 -6.581831203230937 -6.60914807030554 -6.651129781809669 -6.692248855406177 -6.723303820080464 -6.768448537245861 -6.783113381675385 -6.823082271395068 -6.728192101556971 -6.677584010976653 -6.5749300999699845 -6.268406096796012 -5.858077998738544 -5.517336025229015 -5.255669193251232 -5.095506088403293 -4.866907042884241 -4.60437757299884 -4.70300584043662 -4.599489291522332 -4.286926822995025 -4.208714319370897 -3.7322506483959685 -3.2897174017873896 -3.1649224511518317 -2.7879496855223014 -2.988081680089924 -3.7477781307331117 -3.6511626850797767 -2.6277865806743623 -1.2234120670705293 0.18671336591743115
-2.0388924357397493 -2.2283852294467366 -2.8161291905045243 -3.638510662434697 -4.282901179426137 -4.959784390937894 -5.573119943255048 -6.12578329606966 -6.48694103339284 -6.625825736519509 -6.645378862425542 -6.482052751916332 -6.409878713645537 -6.409016075737918 -6.3756607433099814 -6.406140616045855 -6.414766995122045 -6.428569201643951 -6.448122327549982 -6.345468416543314 -6.253741252366487 -6.123770474285215 -5.864979101999497 -5.498933083199808 -5.155890741936627 -4.813135946642653 -4.65412302567154 -4.557507580018204 -4.315106327977248 -4.414884779291853 -4.182260090203912 -3.7681938945467626 -3.3777064683645337 -2.9049808949892877 -2.8739259303150018 -2.7525815313099202 -2.8788142117915094 -3.2175433635165946 -3.638510662434697 -3.2370964894226266 -2.313211290362611 -1.3815623501340237 0.02079934168536468
-1.7772256037619671 -1.8836176123683182 -2.419603298968962 -3.2615378968051667 -3.9694760729912106 -4.642333640934079 -5.212537297870279 -5.7672134724693365 -6.143323600191247 -6.29371014208617 -6.252591068489662 -6.115144095209025 -6.006739264818229 -5.904085353811561 -5.881656768213465 -6.016515827771245 -6.025142206847436 -6.006739264818229 -6.023129385062991 -5.940316145931561 -5.801431442804892 -5.592673069161079 -5.362923839765203 -5.000615918565196 -4.558370217925823 -4.215615422631849 -3.9654504294223214 -3.846406398170891 -3.51917908521406 -3.5936534912385056 -3.4625325292804083 -3.179587295581356 -2.7643709160473806 -2.580916587693727 -2.5495740770502344 -2.927409480587383 -3.1140268146023073 -3.297481142955961 -3.325085555999771 -2.5748781223403934 -1.4617876755425967 -0.7780033607698869 -0.7644887002171883
-1.643229182111806 -1.7772256037619671 -2.163974932344513 -2.958751991230876 -3.668702989201364 -4.200087940294706 -4.789844723136938 -5.274072135280439 -5.632641958880763 -5.665709745339493 -5.505546640491554 -5.357172920381075 -5.3307186912140905 -5.1872332525801195 -5.301389002355043 -5.457814009603299 -5.642418521833778 -5.633504596788382 -5.600436810329651 -5.510434921968062 -5.305414645923932 -5.066176399544245 -4.820037049903606 -4.381529446863916 -3.938133562347718 -3.5505215958575524 -3.2879921259721514 -3.1062630734337358 -2.7097371818981735 -2.6384257815349974 -2.7146254633746816 -2.5768909441248375 -2.2781306821194356 -2.1685756678518153 -2.4733743952105502 -2.9314351241562724 -3.285979304187707 -3.3288236535994535 -3.064281361929608 -2.1033027328419727 -0.8855455532530634 -0.7115802418832189 -0.8631169676549675
-1.1707911547057663 -1.5906082697470434 -2.020201947741336 -2.6824203148235695 -3.3915086748864387 -3.890400931459463 -4.402232756646773 -4.824925331380114 -4.996877820965514 -4.9822129765359895 -4.677414249177254 -4.483033173993759 -4.452840847227091 -4.2518462147518505 -4.485045995778203 -4.89623673174329 -5.180332149319168 -5.283848698233455 -5.227202142299803 -5.077965784281705 -4.839590175809638 -4.566133959094395 -4.200950578202326 -3.7681938945467626 -3.356140520674057 -2.953001071846749 -2.6861584124232523 -2.548711439142615 -2.307460370978484 -2.178352230804831 -2.2410372520918163 -2.167713029944196 -1.9440022659016525 -1.9529161909470494 -2.2654786594743563 -2.8103782711203973 -3.2790782009267545 -3.2684390000661194 -2.921658561203256 -2.1122166578873696 -1.2791959850965617 -0.995963205428303 -1.000851486904811
-0.6920271159771869 -1.2918480077416414 -1.9227238641803823 -2.402062994847374 -3.0973491483883384 -3.5163036255219966 -3.918580436441686 -4.24868320909058 -4.424661342244869 -4.472393973133124 -4.287789460902644 -4.079893725166451 -3.8101756060508905 -3.644261581818824 -3.9246189017950193 -4.345586200713122 -4.70300584043662 -4.890485812359163 -4.857130479931225 -4.6725259677007465 -4.356225401573757 -3.996792940065814 -3.6111937953600934 -3.1922393182264353 -2.7945632428140477 -2.431392683706423 -2.215733206801657 -2.1999181784953077 -2.095538991673401 -1.9802330580216532 -1.864064486462286 -1.6949874565689498 -1.5477639203352966 -1.6248262400825997 -1.9802330580216532 -2.540660152004837 -3.0777960224823064 -3.1833253931810384 -2.795713426690873 -2.408101460200708 -2.287907245072452 -2.404938454539438 -2.0181891259568916
-0.20981252561813113 -1.009477865981002 -1.6530057450648221 -2.090650710196893 -2.673506389778173 -3.0484663336232583 -3.3756936465800895 -3.6609392480327925 -3.8932763911515265 -4.091683109903911 -4.091683109903911 -3.8573331450007324 -3.4449922251588205 -3.181312571396594 -3.167797910843895 -3.490999580231837 -3.9645877915147025 -4.322007431238201 -4.419773060768361 -4.259609955920421 -3.9332452808712097 -3.499913505277234 -3.07118246519056 -2.655966085656585 -2.2948083483334045 -2.0311286945711777 -1.8747036873229213 -1.8180571313892695 -1.728342788996887 -1.589745631839424 -1.4068663954241831 -1.285809542388308 -1.2645311406670379 -1.349357201582912 -1.7116651227829185 -2.303434727409595 -2.8405705978870643 -3.020286828641036 -2.843446057579128 -2.8132537308124608 -3.35038960128993 -4.057465139568355 -4.035036553970259
0.004121675471396191 -0.7713898034781406 -1.2311758082391009 -1.676584514539743 -2.088637888412449 -2.4538212693045183 -2.7301529457118243 -3.038977316639449 -3.461669891372789 -3.7771078195921595 -3.855320323216288 -3.5741003653324737 -3.2175433635165946 -2.8503471608400806 -2.681270130946744 -2.888303228775319 -3.3915086748864387 -3.8590584208159706 -3.9988057618502584 -3.8573331450007324 -3.532981291735965 -3.0973491483883384 -2.65797890744103 -2.275255222427372 -1.9480279094705415 -1.7116651227829185 -1.5995221947924403 -1.5006063813854547 -1.3680476895813252 -1.1903442806117983 -0.9743972577378264 -0.8757689903000472 -0.9148752421121111 -1.0994797543425907 -1.5144085879073597 -2.2088321035407046 -2.7781731225692856 -3.0418527763315124 -3.0720451030981795 -3.376843830456915 -4.272261978565501 -4.7996212860899545 -4.491084461131536
0.2335833588980667 -0.3650873489895625 -0.774265263170204 -1.3395806386298963 -1.7614105754556177 -2.0682221245987975 -2.3494420824826117 -2.7712720193083333 -3.237959127330246 -3.60515533000676 -3.6471370415108875 -3.356140520674057 -3.0243124722099246 -2.6571162695334105 -2.331901778361024 -2.5047169058540426 -2.9705413759683363 -3.437228483990249 -3.6373604785578717 -3.5154409876143773 -3.244860230591198 -2.848334339055636 -2.3865355125102314 -2.004674465404193 -1.680322612139426 -1.4968682837857719 -1.3942143727791034 -1.2438278308841801 -1.101205030157829 -0.8484521232254436 -0.696915397453695 -0.6736241739479802 -0.7633385163403625 -0.9870492803829061 -1.5690423220565668 -2.2907827047645153 -2.9090065385581765 -3.2264572885619915 -3.54678349825787 -4.117849793101689 -4.740961908371858 -4.828950974949002 -4.610128492382968
0.3575156716260057 0.08607227669520734 -0.37285109015813367 -0.956856953616239 -1.5914709076546623 -1.965568213592129 -2.275255222427372 -2.6910466938997604 -3.0036091624270673 -3.334862118952787 -3.4286021049140585 -3.237959127330246 -2.963640272707384 -2.6102462765527745 -2.2761178603349914 -2.3005592677175315 -2.765521099924206 -3.1735488302280226 -3.3328492971683428 -3.2126550820400865 -2.953001071846749 -2.5886803288622984 -2.178352230804831 -1.8180571313892695 -1.5719177817486303 -1.3884634533949765 -1.233188630023545 -1.073025525175606 -0.9226389832806827 -0.6707487142559168 -0.5798841879867087 -0.6373933818279798 -0.7429227525267117 -1.1676281490444964 -1.758535115763554 -2.690184055992141 -3.3512522391975494 -3.856182961123907 -4.306479948901058 -4.791857544921383 -4.635432537673126 -4.497698018423283 -3.76445579694708
0.6114187624352159 0.44751755998759446 0.053867128144095666 -0.5358896546981367 -1.3453315580140233 -2.0633338431222894 -2.3710080301730883 -2.494940342901027 -2.806352627551508 -3.0953363266038942 -3.2077668005635784 -3.1266788372473866 -2.9420743250169075 -2.601332351507378 -2.352317542174675 -2.3767589495572157 -2.6530906259645217 -3.0573802586686556 -3.039839954547068 -2.9118819982502404 -2.65797890744103 -2.3767589495572157 -2.0115755686651458 -1.738981989857522 -1.492842640216883 -1.3114011336476734 -1.1561263102762425 -0.9723844359533822 -0.8093458714133792 -0.6434318471813132 -0.6442944850889321 -0.7273952701895685 -1.125646437540369 -1.5592657591035506 -2.5389348761895993 -3.4723090922334245 -4.183410274080738 -4.69984283477535 -5.086592163357896 -5.073077502805197 -4.508624765253124 -3.286841942095326 -2.540660152004837
0.8265031474015689 0.7198235928260113 0.4690835076780706 -0.16581799232955907 -1.2906978238648161 -2.032853970386416 -2.302572089501976 -2.4265044022299147 -2.5935686103388065 -2.881689671483573 -3.0194241907334165 -2.9900945018743688 -2.8512097987476994 -2.5935686103388065 -2.3865355125102314 -2.46158501047309 -2.737916686880396 -2.8328068567184927 -2.772134657215952 -2.6375631436273785 -2.408101460200708 -2.211707563232768 -1.950040731254986 -1.680322612139426 -1.4911173644016449 -1.3093883118632292 -1.1190328802486227 -0.9361536438333813 -0.8004319463679823 -0.724519810497505 -0.8611041458705229 -1.2975989271257684 -1.8123062120051423 -2.8405705978870643 -3.821964990788351 -4.439326186674393 -5.123685593385516 -5.339632616259488 -5.495770077538538 -5.035984072777578 -3.819952169003906 -2.4822883202559476 -1.527060610552439
1.0743677728574461 0.9006900074568085 0.7442650002085518 0.018786519900920506 -1.1805677176587825 -1.970456495068637 -2.2398870682149905 -2.3396655195295954 -2.4978158025930903 -2.6668928324864267 -2.8132537308124608 -2.8699002867461125 -2.7594826345708725 -2.552449536742298 -2.5075923655461065 -2.5613634617876944 -2.615997195936902 -2.6608543671330933 -2.54756125526579 -2.3934366157711837 -2.225222223785467 -2.1139419337026077 -1.8795919687994291 -1.7352438922578395 -1.5477639203352966 -1.3326795353689436 -1.1276592593248131 -0.9879119182905254 -0.8924466565140157 -1.0025767627200493 -1.551502017934979 -2.302572089501976 -3.3894958531019945 -4.427536801936933 -4.9655353103220214 -5.508422100183617 -5.531138231750919 -5.53976461082711 -5.2642955723274225 -4.620767693243603 -3.3426258601213585 -2.479125314594677 -1.6872237154003784
1.1379154320520506 1.1126113867618912 0.9075911107177603 0.11540196555425553 -1.1158698745873528 -1.9146725770426043 -2.1472972661305447 -2.2447753496914986 -2.418740661061343 -2.580916587693727 -2.722389204543253 -2.7488434337102374 -2.6482023444880136 -2.59644407003087 -2.5564751803111867 -2.543823157666107 -2.5446857955737263 -2.4840135960711853 -2.358068461558802 -2.232123327046419 -2.119980399055941 -2.055570101953718 -1.9293374214721284 -1.7789508795772053 -1.540862817074344 -1.319164874816245 -1.1659028732292582 -1.0359320951479862 -1.255617215621641 -1.6843482557083147 -2.7448177901413486 -4.059477961352799 -5.033108613085514 -5.498933083199808 -5.791654879851876 -5.722356301273145 -5.5242371284899665 -5.118797311909008 -4.5563573961413795 -4.1638571481747055 -3.951935768869623 -3.397259594270566 -3.200003059395007
0.8595709338602999 1.1778843217717334 0.986666252249508 -0.04562377720130284 -1.1903442806117983 -1.8171944934816504 -2.027103051002289 -2.1803650525892753 -2.380497047156898 -2.501841446161979 -2.580916587693727 -2.6033451732918222 -2.6131217362448385 -2.5935686103388065 -2.548711439142615 -2.490914699332138 -2.4178780231537242 -2.3405281574372148 -2.264328475597531 -2.1550610072991163 -2.0846122448435596 -2.0066872871886376 -1.9060461979664138 -1.7458830931184746 -1.5330990759057723 -1.3513700233673567 -1.208747222641005 -1.2009834814724334 -1.637478262727679 -2.708874543990554 -4.143441384361054 -5.265445756204248 -5.776990035422353 -5.930539582978545 -5.812358189634734 -5.476216951632505 -5.014418125087101 -4.5730350623553475 -4.480157714301695 -4.545718195280744 -4.6834527145305875 -4.686328174222651 -4.861156123500114
0.5783509759764858 0.9777523272041115 0.9610746609901426 -0.10629597670384383 -1.1198955181562416 -1.6656577677099018 -1.9129473012273663 -2.106178192534036 -2.298546445933087 -2.4285172240143593 -2.5084550034537254 -2.5153561067146777 -2.5165062905915034 -2.443182068443883 -2.4032131787242 -2.315224112147056 -2.2557020965213406 -2.2496636311680067 -2.226372407662292 -2.115092117579433 -2.101289911057528 -1.9235865020880014 -1.7967787296679991 -1.6472548256806951 -1.4695514167111683 -1.2731575197432283 -1.2009834814724334 -1.6725588709708543 -2.711750003682618 -4.051426674215022 -4.974449235367418 -5.643281159741397 -5.875618302860131 -5.925651301502038 -5.701940537459494 -5.289887163586789 -4.830963796733448 -4.476419616702013 -4.5232896096826485 -4.708756759820747 -4.879559065529321 -4.952883287676942 -5.02707014773218
0.22380679594505093 0.649662376339661 0.7218364146104559 -0.18335829645114643 -1.059223318653701 -1.6023976544845038 -1.7996541893600628 -1.960679932115621 -2.1346452434854655 -2.2654786594743563 -2.3405281574372148 -2.332764416268643 -2.33851533565277 -2.254551912644515 -2.220333942308959 -2.157073829083561 -2.126593956347687 -2.171738673513085 -2.1286067781321316 -2.0193393098337173 -1.9879967991902245 -1.8094307523130788 -1.7059142033987913 -1.5135459499997403 -1.424694245514977 -1.4382089060676755 -2.031991332478797 -2.8825523093911922 -4.176509170819785 -5.118797311909008 -5.4684532104639345 -5.705966181028383 -5.818109109018861 -5.684400233337906 -5.454938549911235 -5.184357792888056 -4.869782502576305 -4.822912509595669 -4.7771927004918595 -4.7662659536620176 -4.668787870101063 -4.760515034277891 -4.7556267528013825
