static/data/ASCData/20210120/ASCU/21.asc
ncols 97
nrows 97
xllcorner 99.0
yllcorner 2.0
cellsize 0.25
NODATA_value -32767
[rows 57 to 75 of 97, columns 0 to 41 of 97]
-1.0227998801597482 -0.479801192356466 0.4128622605985339 1.5281178856271453 1.9899392735633765 1.6833013457970218 1.4635776295491012 1.5309863414528366 1.505457084604188 1.518365135819797 1.3689185873013021 1.2799964567048847 1.2937650446682016 0.9409449781082242 0.3836040111764869 -0.2052899698378492 -0.7795548261411622 -0.9797730427743852 -0.40177919389767425 0.5006370088646745 1.182182113048826 1.591510759374914 1.1666924515900958 0.5035054646903654 0.21350458071301803 0.11396916356154474 0.1412194939056084 0.07008178942847465 0.2605472562543487 0.8560386856677735 0.8852969350898205 -0.03461684820924216 -0.7348069152603847 -0.7620572456044479 -0.6633823652006816 -0.5804839918382156 0.5367795522683796 -0.21418218289749102 0.3064425494654026 0.7849009811906407 0.3199242918461498 -0.36649718724167624
-0.7718099954117967 -0.17603172041580262 0.36295112923151285 1.3531420802600027 1.3425287937049464 1.0290065719569337 0.8706678103787975 0.988848190397261 1.1460395696451209 1.3023704121452737 1.2653673319938616 1.260490957090187 1.2926176623379244 1.2642199496635853 0.7183528060346123 -0.057851340397338635 -0.7766863703154714 -0.8294659575081833 -0.3343704819939388 0.04569991491010228 1.2203325755305152 1.620769008796961 1.5232415107234707 0.8698072736310904 0.0064020700981370915 -0.37624993704902554 -0.6369925716043259 -0.6780114899117051 -0.3596128932600182 0.42749138530955744 0.5241583466353399 0.6216858447088298 -0.05010650966797314 -0.5480704410079089 -0.6292477408749604 -0.42902952424173746 0.8210435245943448 0.07868715690554717 -0.03949322311291681 0.2877975865984119 -0.4818091114344494 -1.17310696542595
-0.6848957838933636 0.18510686803867848 0.5347716331903962 0.6294306754381949 0.6216858447088298 0.3873330037498852 0.23788645523139085 0.4392520541948901 0.6480756383051856 0.959589940975214 1.1098970262414158 1.1500554078010885 1.2369696193195217 1.2117272080534423 1.1147734011450905 0.34746146777278186 -0.3527285992783602 -0.36850510631966005 -0.3128570633012573 -0.47578535420049883 0.9547135660715402 1.5582366717968994 1.461569710471117 1.2028349949938009 0.3503299235984727 -0.9436304993706801 -1.344066932637126 -1.032552629967097 -0.43304536239770464 0.2720210795571121 0.5534165960573869 0.6529520132088602 0.6882340198648582 0.1980149192542875 -0.21131372707180018 -0.08137267816800353 0.5270268024610307 -0.015111348594544438 -0.35387598160863654 -1.0890612097332073 -1.8480546212110125 -2.1360475861103763
-0.6301082776226679 0.29267396150208613 0.2476392050387397 0.13060620735055206 -0.09600180287902704 -0.3303546438379712 -0.2600774761085449 -0.08538851632397071 0.2048992132359455 0.5993118892684408 0.8531702298420831 1.03961985851199 1.1236656142047328 1.2300853253378636 1.1334183640120812 1.0143774472459097 0.4226150104058828 0.21637303653870887 -0.15566568405339742 -0.6496137772373656 0.7857615179383477 1.3864161678380165 1.505457084604188 1.245861832379164 0.6082041023280826 -0.8099604578934856 -1.33345364608207 -0.7376753710860755 -0.09198596472305987 0.4392520541948901 0.780024606286966 0.9538530293238323 0.988848190397261 0.8356726493053688 0.4527337965756373 0.26829208698371376 0.2272731686763345 -0.3303546438379712 -1.1165983856598398 -2.099905042706671 -2.899630526909287 -3.188770874138927
-0.28732780645260814 -0.2463088881452289 -0.472916898374808 -0.7405438269117663 -0.8899903754302607 -0.710138195159443 -0.582491910916199 -0.46717998672342587 -0.17115534551212797 0.2720210795571121 0.6480756383051856 0.8718151927090738 1.124812996535009 1.246722369126871 1.305238867970965 1.2057034508194913 1.1334183640120812 0.9851191978238636 0.30242671130943544 -0.2913436446085753 0.9392239046128092 1.3608869109893678 1.50459654785648 1.6715406769116892 1.1491948710533815 -0.3108491442232735 -0.9152327866963406 -0.32260981310860615 0.22239679377265986 0.7722797755576001 1.1540712459570552 1.2711042436452433 1.2048429140717842 1.0505199906496148 0.9177104859201273 0.8307962744016941 0.09446366394684702 -0.8217211267788183 -1.8391624081513709 -3.0238346641617015 -3.724885267960551 -3.6996428566944717
-0.17316326459011133 -0.9086353382972514 -1.4281126883298687 -1.5178953556739931 -1.3168166022930627 -1.0529186663295023 -0.848110920375174 -0.7250541654530358 -0.479801192356466 -0.04809859058998933 0.47711567109400965 0.8307962744016941 1.1228050774570248 1.4380483727004525 1.5593840541271757 1.57085787742994 1.5163572167418127 1.4343193801270542 0.8190356055163615 0.9360686032045495 2.187289034370908 2.0037078615266926 2.0954984479488004 2.351364707600426 1.5740131788381997 0.22124941144238353 -0.40665556880134845 -0.18090809531947682 0.4059779666168759 0.9332001473788583 1.3316286615673207 1.5651209657785574 1.5212335916454873 1.2223404946084986 0.9392239046128092 0.7837535988603634 -0.08710958981938521 -1.3546802191921823 -2.6449116495879372 -3.7053797683458534 -4.09606345180495 -4.038407489708564
0.01242582733208808 -1.179130722659901 -1.8489151579587197 -1.9338214503991698 -1.655581235307155 -1.3039085510774537 -1.0755794673524601 -0.9651439180633616 -0.6966564527786958 -0.30396485024161546 0.22325733052036734 0.6589757704428112 1.1090364894937088 1.526970503296869 1.8413532617925887 1.9626889432193129 1.9537967301596715 1.9586731050633452 1.7966053509118116 2.206794533985606 3.4829705308354755 3.636432917509938 2.8367074333073217 2.0671007352744604 1.4429247476041263 0.5172740526536819 -0.14476555191577178 -0.015111348594544438 0.5915670585390753 1.1228050774570248 1.5083255404298783 2.071977110178135 2.192165409274583 1.6804328899713306 0.9722111466082546 0.18338579454326398 -1.0463212179304135 -2.3273735896839574 -3.507169470790614 -4.224857118378471 -4.42622271734197 -4.212235912745431
0.6529520132088602 -0.7824232819668531 -1.8500625402889963 -2.0511412936699265 -1.8107646954770313 -1.5061346867886605 -1.2953031836003812 -1.1840070975635753 -0.9143722499486331 -0.5383176912005596 0.005541533350430061 0.4323677602132321 0.9624583968009053 1.511480841838139 2.028950272792772 2.2917008264260557 2.294569282251747 2.2546977462746436 2.42250241207756 2.775035633054968 3.5337421989502045 4.064119681120447 3.9625763448909903 3.2681231894912295 2.03583456677443 0.6001724260161478 -0.046090671512005965 0.22813370542404154 0.6013198083464242 1.0923994457047015 1.3083941693792247 1.5895028402969307 1.3892846236637069 0.6988473064199137 -0.16341051478276247 -1.18888347246725 -2.454446182762063 -3.536427720212661 -4.3295557560161875 -4.6029195962045275 -4.590298390571488 -4.286528918630824
0.17850941963958977 -0.8432345454714998 -2.0649098816332425 -2.131171211206702 -1.9602112439955257 -1.7697457771696516 -1.6243150668071245 -1.4691316066372482 -1.202365214847997 -0.8392187073155322 -0.28560673295719363 0.12945882502027573 0.6736048951538343 1.3287602057416295 1.9314227747192825 2.4285261693115108 2.553303997729064 2.4695450876188905 2.4334025442151854 2.770159258151294 3.084542016647014 3.578776955413551 3.593406080124575 2.8022859633990316 1.4363272992050375 0.2975503364057608 0.23788645523139085 0.4636339287132625 0.6951183138465162 0.8775521043604555 1.1167813202230739 0.73785830564931 0.16273291259828992 -0.7766863703154714 -1.6507048604034804 -2.5961479005511925 -3.635963137364134 -4.386924872530004 -4.646806970337598 -4.794245599778109 -4.606648588777926 -4.277636705571182
0.3434456296168147 -0.5675759406226066 -1.757124571536612 -1.872436495729385 -1.8420308639770617 -2.0471254555139593 -1.9358293694771533 -1.7404875277476048 -1.4874897239216698 -1.1478645541598702 -0.6897721587970378 -0.2600774761085449 0.31418738019476766 0.974219065686238 1.691046176526387 2.215399901462679 2.5065481677703025 2.5544513800593402 2.3579621559995156 2.465529249462923 2.7096348402292167 2.935095468128519 2.9069846010367484 2.213678827967264 0.994871947631212 0.49662117070870737 0.5866906836354007 0.5505481402316961 0.5855433013051243 0.7341293130759117 0.4538811789059136 -0.02285617932390993 -1.0569345044854699 -2.020735661917603 -2.8959015343358887 -3.757298818790858 -4.463225797493382 -4.791377143952418 -4.882020348044249 -4.758103056374404 -4.581406177511846 -4.191869876383025
0.5473928388234359 -0.39977127481969044 -0.8762217874669447 -1.0159155861780902 -1.6076780230181174 -1.8469072388807362 -2.0649098816332425 -1.9094395758807974 -1.7912591958623334 -1.5256401864033584 -1.150733009985561 -0.7287831580264337 -0.1702948087644205 0.4079858856948593 1.1256735332827161 1.8384848059668983 2.174380983155299 2.3482094061921663 2.2007707767516558 2.1686440715039175 2.222284195444337 2.4488922056739164 2.43827891911886 1.7673471014897646 1.2917571255902174 0.8990655230531366 0.752487430360333 0.7398662247272934 0.5631693458647358 0.2439102124653414 -0.082233214915711 -0.9797730427743852 -2.0218830442478795 -3.0648535824690812 -3.9230955655157906 -4.484739216186064 -4.951436979025969 -5.007085022044372 -4.781624394145069 -4.648814889415581 -4.499368340897087 -4.106676738360006
0.7633875624979587 -0.5500783600858923 -0.835202869159565 -0.4055081864710721 -0.981780961852369 -1.7043449843438998 -1.9386978253028442 -2.1214184613993528 -2.0471254555139593 -1.8870656204404084 -1.6145623169997756 -1.2230180967929711 -0.710138195159443 -0.1312838095350246 0.46248654638298614 1.1675529883378029 1.6812934267190385 1.8904038564119028 1.8258636003338586 1.7584548884301223 1.7937368950861203 2.049603154737746 2.043579397503796 1.9038855987926504 1.4380483727004525 1.0513805273973227 0.8726757294567808 0.6764733509795255 0.2330100803277162 -0.22106647687914904 -0.8254501193522161 -1.7238504839585977 -2.7737053161614575 -3.8117994794789847 -4.452325665355756 -4.9115654430488656 -5.1281338578885265 -4.912425979796573 -4.680081057915612 -4.497360421819104 -4.341029579318951 -3.8470814861349822
0.6480756383051856 -0.7738179144897805 -1.1722464286782426 -0.5882288225675811 -0.2758539831498448 -0.9992785423890833 -2.0451175364359755 -2.3342578836656154 -2.3070075533215526 -2.2132090478214606 -1.9837325817661908 -1.6791025730778202 -1.1693779728525517 -0.634124115778635 -0.03949322311291681 0.4997764721169675 1.0367514026862987 1.3083941693792247 1.2771280008791943 1.282004375782869 1.4136664981820801 1.691046176526387 1.900156606219252 1.7593154251778302 1.4782067542601243 1.0553963655532894 0.7281055558419607 0.20575974998365298 -0.303104313493908 -0.7434122827374572 -1.3744725643894493 -2.3342578836656154 -3.384112715868475 -4.123313782149014 -4.726836887874374 -4.981842610778292 -5.075641116278383 -4.770724262007444 -4.5822667142595535 -4.38520379903459 -4.005133402130549 -3.5091773898685976
0.0006651584467554095 -0.6926406146227286 -1.130080128040587 -0.591097278393272 -0.09198596472305987 -0.7474281208934244 -1.905710583307399 -2.570618643702544 -2.551973680835553 -2.5189864388401078 -2.3058601709912763 -2.008974993032271 -1.6116938611740845 -1.070703092448786 -0.5265570223152269 0.0035336142724462505 0.40683850336458294 0.6813497258831993 0.736997768901603 0.8852969350898205 1.075762401915695 1.4059216674527142 1.6646563829300312 1.6658037652603075 1.3884240869159998 0.8982049863054296 0.3463140854425055 -0.4261610684160466 -0.8254501193522161 -1.2161338028113131 -1.8939499144220666 -2.8353771164138113 -3.541304095116335 -4.221128125805072 -4.667173006700003 -4.847025186970821 -4.914433898874556 -4.687825888644977 -4.493344583663136 -4.0501681585938965 -3.64973172532745 -3.1879103373912194
-0.5500783600858923 -0.5443414484345106 -0.7738179144897805 -0.2698302259158938 0.30931100529109345 -0.43103744331972127 -2.0872838370736315 -2.8284928224321533 -2.8061188669917643 -2.761944647276125 -2.611637562009923 -2.3566318391060044 -1.9269371564175115 -1.4679842243069718 -0.9553911682560128 -0.46603260439314953 -0.11665468482400154 0.15011170696524978 0.3004187922314516 0.5376400890160871 0.8824284792641302 1.182182113048826 1.3405208746269621 1.3531420802600027 1.1130523276496764 0.5591535077087686 -0.21016634474152385 -1.0101786745267085 -1.3919701449261637 -1.7815064460549843 -2.3732688828950117 -2.950402195024015 -3.53355926438697 -3.911334896630458 -4.3011580433418475 -4.487607672011754 -4.673196763933954 -4.575382420277895 -4.217972824396813 -3.665221386786181 -3.199671006276552 -2.759076191450434
-1.4963819369813114 -0.79906032575586 -0.8039367006595346 -0.9086353382972514 -0.17803963949378598 -0.6966564527786958 -2.5080863067024826 -3.251303211138988 -3.186762955060943 -3.102717199368201 -2.810995241895439 -2.6457721863356447 -2.2619727968582057 -1.8216648276146565 -1.3480827707930931 -0.878229706544928 -0.5265570223152269 -0.2795829757232431 -0.0472380538422823 0.3121794611167843 0.6443466457317872 0.9165631035898509 0.9928640285532286 0.8921812290714786 0.6549599322868436 0.2017439118276858 -0.5638469480492083 -1.5784197735960706 -1.9300924578257717 -2.253367429381133 -2.7151888173173635 -3.0559613694094394 -3.1916393299646177 -3.32932520959778 -3.57744663852004 -3.8597026917680224 -4.147695656667386 -3.9555091163460974 -3.59322314556134 -3.2395425422536555 -2.8353771164138113 -2.453585646014356
-2.9544180331799827 -1.6682024409401948 -1.334314182829777 -1.4545024819262247 -0.9367462053890221 -1.4338495999812504 -3.040471707950709 -3.6996428566944717 -3.3978813038317917 -3.4503740454419347 -3.112756794758119 -2.8216085284504953 -2.512962681606157 -2.088144373821339 -1.6165702360777592 -1.1742543477562264 -0.8059446197375184 -0.5297123237234871 -0.2787224389755356 0.17850941963958977 0.4538811789059136 0.6569678513648269 0.69999468875019 0.5866906836354007 0.32279274767184063 -0.18090809531947682 -0.9143722499486331 -1.9427136634588114 -2.2542279661288402 -2.4808359763584193 -2.7846054482990827 -2.91425965162031 -2.899630526909287 -2.9650313197350386 -3.033587413969051 -3.1302543752948333 -3.1985236239462758 -3.0169503701800435 -2.8333691973358275 -2.752191897468776 -2.5072257699547755 -2.217224885977428
-3.6282183066347686 -2.454446182762063 -1.6165702360777592 -1.5950568173850777 -1.1515935467332685 -1.5893199057336957 -3.1488993381618235 -4.158595788805012 -4.069673658208594 -3.754143517382598 -3.4368923030611875 -3.0140819143543527 -2.686791104643024 -2.2846335978811636 -1.8253938201880546 -1.3977070565775453 -1.0334131667148045 -0.680879945737396 -0.37424201797104173 0.05631320146515817 0.37557233486455255 0.5425164639197613 0.4685103036169367 0.3044346303874188 -0.03949322311291681 -0.6037184840263117 -1.225886552618662 -2.0402411615323013 -2.3488870083766393 -2.4386696757207633 -2.515831137431848 -2.515831137431848 -2.5990163563768833 -2.719204655473331 -2.6781857371659514 -2.5666028055465766 -2.432072227321674 -2.217224885977428 -2.108797255766313 -2.1770665044177555 -2.211201128743477 -1.9877484199221582
-3.6574765560568157 -3.5717097268686584 -2.738710155088029 -1.6145623169997756 -1.344066932637126 -1.2367866847562876 -2.3001232593398946 -3.9916516597498024 -4.176953906089433 -3.842205111231308 -3.808931023653294 -3.3373568859097142 -2.8586116086019073 -2.493457181991459 -2.095889204550704 -1.6535733162291713 -1.2494078903893273 -0.9026115810633009 -0.4838170305124332 -0.0805121414202965 0.19600700017630368 0.27603691771307926 0.23415746265799253 0.05918165729084901 -0.3051122325718918 -0.8908509121779682 -1.5686670237887215 -2.144939799170018 -2.236730385592126 -2.4025271323170583 -2.3597871405142645 -2.3196287589545923 -2.302131178417878 -2.361508214009679 -2.2992627225921867 -2.2484910544774586 -1.8351465699954037 -1.5032662309629696 -1.4504866437702575 -1.8021593279999586 -1.8870656204404084 -1.7863828209586587
