static/data/seaWind_vo/2023/7/9/0.asc
ncols 137
nrows 93
xllcorner 108.0
yllcorner 17.0
cellsize 0.25
NODATA_value -32767
[rows 57 to 75 of 93, columns 88 to 131 of 137]
3.4370318511403606 3.301802352247031 3.077606077765985 2.80269874119994 2.4993220364458257 2.188827989644694 1.843636900364353 1.5037838176192748 1.2938222272322633 1.2644631912883169 1.3160639211291925 1.4477347489990133 1.6025369385216406 1.8098295256410206 2.038474138901453 2.311602139955743 2.6016338283717 2.9859702989106367 3.4539355385020265 3.953039149549118 4.525985184334014 5.0820275317572445 5.586469149339598 6.029523691766428 6.372935445535015 6.587345374701412 6.596242052260184 6.364038767976243 6.021516681963533 5.7208089804770506 5.403197591628901 5.144304274668645 4.924556338966985 4.973488065540229 5.079358528489612 5.308003141750044 5.512626725601793 5.571344797489687 5.504619715798899 5.345369187496885 5.194125668997767 5.0508891603015424 4.892528299755407 4.736836442476903
3.19860089256528 2.982411627887128 2.6870419329359083 2.382775560425917 2.1176545691745208 1.8827822816229485 1.578515909112957 1.3338572762467358 1.2101934581798095 1.2644631912883169 1.3587679734112965 1.4681971073841882 1.578515909112957 1.7671254733589166 1.9664110506754022 2.235090712950307 2.5829508054982795 3.0651507291837046 3.5775993565689532 4.225277482847531 4.885410957708389 5.486826360681356 6.001054323578359 6.397846142699576 6.612256071865973 6.767947929144476 6.706560853988952 6.378273452070278 5.970805619878535 5.534868419498722 5.203022346556539 4.9868330818783875 4.8667279348349695 4.96726039124909 5.19946367553303 5.437004966352234 5.591807155874861 5.605152172213019 5.445011976155128 5.243057395571011 5.088255206048384 4.920997667943476 4.758188468617955 4.622069301968748
2.920134884975726 2.622096186756875 2.4041275865669687 2.145234269606713 1.9317140081961925 1.7030693949357605 1.5260255115162042 1.3338572762467358 1.307167243570421 1.3480919603407706 1.4139273742756808 1.4690867751400654 1.5794055768688342 1.73153876312383 1.9254863339050525 2.2172973578327637 2.7066146235652058 3.226180592997472 3.9868465242724502 4.7021393999976935 5.413873604699427 5.8951838606289755 6.293755015261946 6.378273452070278 6.549089661198694 6.5891247102131665 6.548199993442816 6.251940630735719 5.782196055632575 5.3462588552527635 5.044661486010403 4.859610592787952 4.864058931567338 5.0268681308928596 5.273306099270835 5.483267689657847 5.619386856307053 5.529530412963459 5.35960387159092 5.144304274668645 4.928115009990494 4.763526475153218 4.646090331377431 4.541109536183926
2.574943795695385 2.2769050974765337 2.1443446018508356 1.9521763665813676 1.7635668023354079 1.6754896945035682 1.504673485375152 1.4601900975812936 1.4272723906138385 1.4228240518344526 1.397023686914015 1.4495140845107677 1.5135701629339238 1.6594756748977793 1.9156999885904036 2.367651208576005 2.9183555494639717 3.741298223650352 4.509081496972348 5.211029356359433 5.799099742994241 6.118490467354144 6.213684917233001 6.297313686285455 6.32400371896177 6.363149100220365 6.3489144161263305 6.102476447748355 5.634511208156965 5.20569134982417 4.904093980581811 4.805340859679445 4.864948599323215 5.072241186442595 5.314230816041185 5.51707506438118 5.5010610447753905 5.412983936943551 5.243947063326889 5.019750788845842 4.806230527435321 4.6576560122038355 4.5419992039398025 4.461929105910858
2.235090712950307 2.0215704515397865 1.9397210179990871 1.7973741770587401 1.717304079029795 1.6283373034420783 1.5580535507277822 1.531363518051467 1.4165963775433124 1.3418642860496304 1.3000499015234035 1.3000499015234035 1.3641059799465596 1.669262020212428 2.044701813192593 2.6354412030950325 3.392548463346502 4.215491137532883 4.831141224599882 5.493943702728373 5.793761736458978 5.941446583934589 6.027744356254674 6.163863522903879 6.190553555580195 6.24571295644458 6.216353920500633 5.964577945587394 5.531309748475214 5.1016002223865415 4.863169263811461 4.771533484956112 4.890748964243652 5.109607232189436 5.327575832379342 5.35960387159092 5.342700184229255 5.2661887572238175 5.099820886874787 4.894307635267161 4.714594748579973 4.565130565592609 4.4476944218168235 4.358727646229107
1.944169356778473 1.754670124776636 1.7573391280442676 1.7092970692269007 1.642571987536113 1.6069852773010265 1.5349221890749758 1.4379484036843646 1.271580533335334 1.1737170801888457 1.1149990083009527 1.1185576793244612 1.355209302387788 1.7146350757621636 2.3320644983409182 3.048247041822038 3.8044646343176307 4.322251268238142 4.9218873356993535 5.268857760491449 5.436115298596357 5.606041839968896 5.876500837755555 6.023296017475287 6.1051454510159875 6.175429203730284 6.066000069757392 5.779527052364943 5.364052210370306 5.102489890142419 4.867617602590847 4.808009862947076 4.9467980328639145 5.1265109195511025 5.187897994706627 5.217257030650574 5.1718839751008385 5.0962622158512785 4.964591387981457 4.80978919845883 4.6371936538186596 4.4770534577607695 4.361396649496738 4.198587450171217
1.6292269711979555 1.493997472304626 1.4984458110840118 1.493107804548749 1.5055631531310292 1.47709378494296 1.3952443514022606 1.27602887211472 1.0998746564510407 1.0562809364130594 1.0322599070043759 1.2004071128651608 1.4593004298254164 1.934383011463824 2.64255854514205 3.3391683979938724 3.8133613118764025 4.26976087064139 4.633634982795151 4.89786630629067 5.034875140695754 5.40675626265241 5.757285358468014 5.977033294169675 6.056213724442743 5.971695287634412 5.800879078505996 5.521523403160565 5.2661887572238175 5.029537134160491 4.9218873356993535 4.873845276881987 4.995729759437159 5.072241186442595 5.082917199513121 5.0268681308928596 4.971708730028475 4.934342684281634 4.8516035829850575 4.713705080824097 4.508191829216471 4.339154955599809 4.166559410959638 3.9832878532489415
1.308056911326298 1.2537871782177907 1.2698011978235797 1.2689115300677025 1.2751392043588428 1.244000832903142 1.1577030605830567 1.0678466172394627 0.9450724669284134 0.9833281804311318 1.1185576793244612 1.3623266444348052 1.769794476626548 2.311602139955743 2.9130175429287086 3.337389062482118 3.689697493809476 4.026881573286923 4.385417678905421 4.767974813932604 4.925446006722862 5.358714203835043 5.783975391144329 5.992157646019587 5.924542896572921 5.73949200335047 5.499281709263636 5.2661887572238175 5.0864758705366295 5.0117437790429475 4.954805042666809 4.929004677746371 4.995729759437159 4.968150059004966 4.895197303023039 4.843596573182163 4.818685876017602 4.806230527435321 4.695022057950676 4.519757510042874 4.309795919655862 4.107841339071745 3.921900778093417 3.7448568946738607
0.9192721020079757 0.8614436978759596 0.8525470203171881 0.8650023688994684 0.8658920366553455 0.856995359096574 0.8374226684672761 0.8231879843732415 0.8436503427584163 1.011797548619201 1.2671321945559482 1.6256683001744467 2.0580468295307504 2.5028807074693344 2.892555184543534 3.1683521888654558 3.4735082291313244 3.8347133380174547 4.3026785776088445 4.825803218064619 5.10515889341005 5.459246660249163 5.797320407482487 5.912087547990641 5.76796137153854 5.467253670052058 5.167435636321452 4.953025707155055 4.890748964243652 4.915659661408213 4.9512463716433 4.945908365108037 4.904983648337687 4.793775178853041 4.735946774721025 4.693242722438922 4.651428337912694 4.594489601536556 4.478832793272524 4.324030603749897 4.092716987221833 3.8596240351820152 3.665676464400793 3.51888128468106
0.5233699506426359 0.5242596183985131 0.5304872926896533 0.5198112796191272 0.5144732730838644 0.5322666282014077 0.5900950323334235 0.6514821074889481 0.8071739647674525 1.0242528972014815 1.3062775758145437 1.6221096291509383 1.965521382919525 2.255553071335482 2.5678264536483675 2.877430832693622 3.306250691026417 3.783112608176579 4.369403659299632 4.916549329164091 5.227043375965222 5.529530412963459 5.743940342129857 5.732374661303454 5.546434100325126 5.2314917147446085 4.937901355305143 4.720822422871114 4.682566709368396 4.744843452279797 4.832920560111637 4.847155244205672 4.767974813932604 4.671001028541992 4.61851063094524 4.563351230080855 4.498405483901822 4.403211034022965 4.268871202885513 4.084709977418939 3.863182706205524 3.6425451027479863 3.4628322160607983 3.3293820526792235
0.2626972981706257 0.2618076304147485 0.259138627147117 0.23422792998255648 0.22888992344729342 0.2671456369500116 0.34365706395544815 0.5358252992249164 0.772476922288243 0.9779901738958687 1.1434683764890219 1.3730026575053311 1.5215771727368184 1.768904808870671 2.1256615789774154 2.5980751573481915 3.138103485165632 3.872969051520173 4.5224265133105055 5.004626436995931 5.211029356359433 5.493943702728373 5.587358817095476 5.537537422766354 5.3062238062382905 5.012633446798825 4.743064116768043 4.505522825948839 4.461929105910858 4.532212858625154 4.622069301968748 4.668332025274361 4.643421328109801 4.595379269292433 4.505522825948839 4.421894056896385 4.287554225758933 4.1630007399361295 4.025102237775169 3.8667413772290327 3.667455799912547 3.4877429132253592 3.325823381655715 3.2537602934296643
0.1772891936064176 0.20575856179448682 0.20219989077097855 0.14170248337133096 0.06697039187764897 0.09721909557747255 0.1550474997094886 0.3223050378143961 0.47265888855763727 0.5892053645775464 0.7253245312267531 0.841871007246662 0.995783529013412 1.3988030224257693 1.8676579297730367 2.4761906747930196 3.2813399938618564 4.026881573286923 4.720822422871114 5.1763323138802235 5.268857760491449 5.485936692925478 5.5357580872545995 5.326686164623466 5.074910189710227 4.815127204994093 4.552675217010329 4.328478942529283 4.30089924209709 4.364955320520247 4.431680402211034 4.469046447957876 4.483281132051911 4.468156780201998 4.371182994811386 4.251967515523846 4.119407019898148 3.929907787896312 3.774215930617807 3.637207096212723 3.496639590784131 3.327602717167469 3.2395256093356295 3.184366208471245
0.22888992344729342 0.28049065328816924 0.2618076304147485 0.16038550624475167 0.024266339595544917 -0.0762661168185752 -0.12252884012418797 -0.08071445559796109 -0.009541035127787811 0.059853049830631555 0.13903348010369943 0.29472533738220363 0.6425854299301765 1.2004071128651608 1.8534232456790019 2.6212065190009977 3.5055362683429028 4.379190004614282 4.9966194271930355 5.314230816041185 5.390742243046621 5.515295728869425 5.473481344343198 5.155869955495049 4.840927569914531 4.566020233348487 4.314244258435248 4.124745026433411 4.097165326001219 4.163890407692007 4.229725821626917 4.259084857570864 4.259084857570864 4.22883615387104 4.123855358677535 4.003750211634117 3.8889830711259616 3.711049519950528 3.5429023140897433 3.421017831534572 3.2991333489793995 3.212835576659314 3.146110494968527 3.089171758592388
0.16839251604764582 0.2618076304147485 0.3196360345467646 0.1888548744328209 -0.015768709418927607 -0.21327495122365914 -0.34494577909348 -0.46683026164865193 -0.4606025873575117 -0.4356918901929512 -0.3369387692905854 -0.08516279437734697 0.41838915544913013 1.1194473470803383 2.0651641715777678 2.9334799013138837 3.8489480221114896 4.686125380391904 5.183449655927241 5.388962907534867 5.487716028437232 5.444122308399251 5.323127493599957 4.9467980328639145 4.5873722594895385 4.281326551467793 4.032219579822186 3.877417390299559 3.8987694164406106 3.9619358271078897 4.017984895728151 4.00908821816938 3.9779498467136785 3.8925417421494704 3.793788621247105 3.7279532073121944 3.6434347705038634 3.4984189262958854 3.3453960722850122 3.226180592997472 3.1452208272126496 3.0811647487894938 3.037571028751512 2.987749634422391
-0.08516279437734697 0.09277075679808666 0.1514888286859799 0.131916138056682 -0.07359711355094367 -0.33604910153470824 -0.5433416886540883 -0.6954748749090842 -0.7630896243557488 -0.7444066014823281 -0.5833767376685608 -0.2639860133086578 0.364119422340623 1.2991602337675263 2.279574100744165 3.2626569709884357 4.188801104856568 4.886300625464267 5.299106464191273 5.491274699460741 5.462805331272672 5.413873604699427 5.162987297542067 4.7670851461767265 4.339154955599809 3.9877361920283274 3.7448568946738607 3.6425451027479863 3.665676464400793 3.7644295853031586 3.816030315144034 3.756422575500264 3.646993441527372 3.557136998183778 3.449487199722641 3.392548463346502 3.3898794600788706 3.3000230167352766 3.163014182330193 3.06337139367195 2.981521960131251 2.9317005658021293 2.8961138555670427 2.8738721616701133
-0.5068653106631245 -0.31202807212602446 -0.16078455362690613 -0.15366721157988872 -0.239964983899974 -0.4730579359397922 -0.6616675001857515 -0.7924486602996952 -0.8565047387228515 -0.7968969990790811 -0.6305291287300507 -0.14743953728874848 0.6657167915829827 1.6754896945035682 2.6950489427388025 3.677242145227196 4.413887047093491 5.059785837860314 5.464584666784426 5.542875429301617 5.432556627572849 5.2012430110447845 4.927225342234617 4.576696246419013 4.131862368480428 3.784002275932456 3.56603367574255 3.461942548304921 3.4735082291313244 3.5749303533013217 3.608737728024654 3.529557297751586 3.3943277988582565 3.235966938312121 3.122089465559843 3.0749370744983535 3.1042961104423 3.093620097371774 3.0126603315869516 2.914796878440463 2.8436234579702897 2.7955813991529226 2.7528773468708185 2.7261873141945037
-0.8796361003756576 -0.6910265361296983 -0.5219896625130365 -0.4241262093665479 -0.4241262093665479 -0.5727007245980347 -0.7203855720736447 -0.8342630448259221 -0.8707394228168859 -0.7968969990790811 -0.35028378562874307 0.3899197872610607 1.42994139388147 2.431707286999161 3.37119643720545 4.129193365212798 4.800892520900058 5.2608507506885545 5.475260679854952 5.446791311666883 5.238609056791626 4.983274410854879 4.6923530546830445 4.380969340126036 4.035778250845695 3.7181668619975454 3.507315603854657 3.4041141441729055 3.40589347968466 3.4530458707461493 3.461052880549044 3.3560720853555384 3.2030492313446652 3.0455780385544067 2.913907210684586 2.85607880655257 2.86853415513485 2.887217178008271 2.8516304677731843 2.798250402420554 2.7315253207297667 2.659462232503716 2.594516486324683 2.5455847597514385
-1.2070338345384557 -1.0059689217102155 -0.8182490252201333 -0.7105992267589958 -0.6999232136884697 -0.7951176635673267 -0.8849741069109207 -0.9472508498223227 -0.8983191232490784 -0.5638040470392633 0.20219989077097855 1.3525402991201565 2.437934961290301 3.242194612603261 3.8836450645906986 4.476163790004893 5.027757798648737 5.402307923873025 5.412983936943551 5.275085434782589 5.029537134160491 4.687904715903659 4.343603294379195 4.089158316198325 3.86763104498491 3.6167447378275486 3.4254661703139577 3.3053610232705397 3.263546638744313 3.2777813228383477 3.2857883326412423 3.227070260753349 3.1034064426864227 2.9557215952108127 2.7955813991529226 2.670138245574242 2.6354412030950325 2.637220538606787 2.6879316006917855 2.6950489427388025 2.6567932292360843 2.5687161214042447 2.448610974360827 2.367651208576005
-1.4935068519309036 -1.3244699783142417 -1.1545434369417027 -1.033548622142408 -0.9757202180103919 -0.9766098857662691 -1.0006309151749524 -0.9721615469868832 -0.7506342757734683 -0.1367635242182228 0.7440075541001736 1.6639240136771651 2.4548386486519673 3.147000162724404 3.637207096212723 4.142538381550954 4.63096597952752 5.0064057725076845 5.130959258330488 5.028647466404614 4.773312820467867 4.444135750793315 4.123855358677535 3.877417390299559 3.6443244382597406 3.3987761376376424 3.1398828206773866 2.9646182727695845 2.8987828588346742 2.939707575605024 2.9966463119811624 3.0028739862723026 2.9174658817080945 2.8160437575380977 2.6683589100624876 2.5313500756574037 2.472632003769511 2.491315026642931 2.5615987793572277 2.557150440577842 2.491315026642931 2.382775560425917 2.24665639377671 2.1434549340949585
