static/data/seaWind_vo/2023/7/9/12.asc
ncols 137
nrows 93
xllcorner 108.0
yllcorner 17.0
cellsize 0.25
NODATA_value -32767
[rows 38 to 56 of 93, columns 44 to 87 of 137]
1.4601900975812936 1.6906140463534802 1.5438188666337473 1.223538474517967 1.4059203644727865 1.461969433093048 1.4468450812431362 1.551825876436642 1.8774442750876854 2.268008419917762 3.11052378473344 3.8071336375852622 4.437908076502175 5.24661606659452 5.797320407482487 6.154077177589231 6.416529165572996 6.621152749424745 6.7092298572565845 6.689657166627287 6.47791624072852 6.181656878021423 5.942336251690465 5.8853975153143265 5.9298809031081845 6.178098206997914 6.542861986907553 6.7990863006001785 6.817769323473598 6.840011017370527 6.805313974891318 6.682539824580269 6.549089661198694 6.505495941160712 6.4138601623053635 6.2590579727827365 6.074007079560286 5.953901932516868 5.783085723388452 5.617607520795299 5.501950712531267 5.485936692925478 5.408535598164164 5.376507558952587
1.2270971455414756 1.4797627882105915 1.5206875049809412 1.3374159472702445 1.0954263176716548 0.9343964538578875 0.772476922288243 0.7644699124853485 0.9637554898018341 1.2039657838886693 1.9201483273697895 2.778677711791256 4.085599645174816 5.5651171231985455 6.318665712426507 6.356031758173348 6.508164944428344 6.5642140130486055 6.512613283207729 6.42453617537589 6.224360930303527 6.052655053419234 5.978812629681429 6.035751366057568 6.21101591396537 6.25816830502686 6.436101856202294 6.567772684072114 6.613145739621849 6.63538743351878 6.603359394307201 6.567772684072114 6.493040592578431 6.393397803920189 6.266175314829754 6.211905581721247 6.0597723954662515 5.8951838606289755 5.717250309453542 5.57668280402495 5.378286894464341 5.2964374609236415 5.226153708209345 5.165656300809697
0.6052193841833353 0.9993422000369208 1.0767432947982343 0.5002385889898295 0.16216484175650558 0.8738990464582401 1.1141093405450755 1.053611933145428 0.905927085669818 0.9219411052756072 1.4068100322286636 2.463735326210739 4.004639879389994 5.936108577399326 6.801755303867809 6.782182613238511 6.733250886665267 6.6843191600920235 6.403184149234837 6.231478272350545 5.988598974996078 5.927211899840554 5.912977215746519 5.977033294169675 6.101586779992479 6.172760200462651 6.261726976050369 6.366707771243874 6.497488931357818 6.6193734139129905 6.614035407377727 6.614925075133604 6.569552019583869 6.515282286475362 6.383611458605541 6.273292656876771 6.1700911971950205 6.007281997869498 5.823120772402925 5.663870244100911 5.513516393357671 5.425439285525831 5.355155532811534 5.304444470726536
0.25735929163536264 0.6603787850477199 1.0625086107041997 0.6924068242592978 1.1399097054655132 1.0625086107041997 1.3596576411671737 1.403251361205155 1.292042891720509 1.1585927283389337 1.6060956095451493 2.696828278250557 4.651428337912694 6.6585187951715845 7.167408751533326 6.907625766817192 6.848907694929299 6.614925075133604 6.308879367111858 6.1095937897953725 5.867604160196783 5.791092733191347 5.822231104647047 5.902301202675993 5.967246948855026 6.071338076292655 6.1994502331389665 6.422756839864135 6.583786703677903 6.718126534815356 6.796417297332546 6.784851616506144 6.7430372319799154 6.6843191600920235 6.566883016316238 6.328452057741156 6.279520331167912 6.3195553801823845 6.187884552312564 5.945894922713974 5.742161006618103 5.63629054366872 5.456577656981532 5.3560452005674115
0.6132263939862299 1.1105506695215668 1.514459830689801 1.3578783056554193 1.918368991858035 1.525135843760327 1.2982705660116491 1.3427539538055075 1.3463126248290163 1.1372407021978816 1.4486244167548905 2.7244079786827493 4.683456377124273 6.794637961820792 7.30441758593841 6.977019851775612 6.719905870327111 6.485033582775538 6.163863522903879 5.92810156759643 5.701236289847753 5.586469149339598 5.617607520795299 5.762623365003277 5.899632199408361 6.095359105701338 6.415639497817118 6.63805643678641 6.888053076187894 6.99659254240491 7.064207291851574 7.049972607757539 7.008158223231312 6.849797362685177 6.6887674988714085 6.5295169705693965 6.565103680804484 6.604249062063078 6.453005543563959 6.302651692820718 6.167422193927388 6.058882727710374 5.879169841023186 5.687891273509596
1.3543196346319109 1.8249538774909326 1.6950623851328661 1.5091218241545379 1.627447635686201 1.3569886378995422 1.1034333274745494 1.1879517642828803 1.2101934581798095 1.0447152555866563 1.3890166771111203 2.7252976464386265 5.05800650234856 7.161181077242185 7.399612035817267 7.065986627363328 6.789299955285529 6.481474911752029 6.167422193927388 5.848921137323362 5.657642569809772 5.542875429301617 5.662090908589157 5.809775756064767 6.106924786527742 6.471688566437381 6.801755303867809 7.057979617560434 7.3133142634971815 7.398722368061389 7.336445625149988 7.31687293452069 7.098904334330783 6.93342613173763 6.796417297332546 6.841790352882281 6.8684803855585965 6.679870821312637 6.508164944428344 6.566883016316238 6.599800723283693 6.488592253799046 6.32400371896177 6.131835483692302
1.6461306585596218 1.4174860452991895 1.287594552941123 1.2769185398705971 1.1505857185360393 0.9877765192105175 0.9975628645251664 1.0829709690893745 1.0927573144040235 1.0402669168072705 1.779580821941197 4.57758591417489 6.916522444375964 7.679857378918575 7.469895788531563 7.177195096847974 6.891611747211403 6.582007368166149 6.372935445535015 6.049096382395725 5.901411534920116 5.920094557793536 6.039310037081076 6.369376774511506 6.716347199303602 7.098014666574906 7.394274029282004 7.651388010730505 7.670960701359803 7.733237444271204 7.59355960659849 7.367583996605688 7.149615396415783 7.051751943269293 7.001930548940171 7.061538288583943 6.876487395361492 6.687877831115532 6.590014377969043 6.69499517316255 6.794637961820792 6.662967133950971 6.49659926360194 6.391618468408435
1.5687295637983083 1.2368834908561246 1.1683790736535826 1.1452477120007762 1.1238956858597242 0.8027256259880666 0.9593071510224482 1.0918676466481463 0.9468518024401678 1.1007643242069178 2.8756514971818676 5.832907117717573 7.478792466090335 7.888039633793831 7.29463124062376 7.226126823421218 6.977019851775612 6.776844606703248 6.563324345292729 6.412970494549487 6.484143915019661 6.5090546121842205 6.758161583829828 7.145167057636396 7.52416552164007 7.754589470412256 8.025048468198916 7.967220064066899 7.914729666470146 7.788396845135589 7.708326747106643 7.51437917632542 7.398722368061389 7.308865924717795 7.239471839759377 7.079331643701487 6.854245701464562 6.6843191600920235 6.643394443321673 6.81421065245009 7.029510249372365 6.8631423790233335 6.567772684072114 6.432543185178785
0.9931145257457805 1.106991998498058 1.2626838557765625 1.2626838557765625 0.9201617697638529 0.6541511107565796 0.7075311761092098 0.8925820693316606 1.4228240518344526 2.2849121072794283 4.0526819382073604 6.094469437945461 7.318652270032445 7.341783631685251 7.061538288583943 6.993923539137278 6.935205467249384 6.802644971623687 6.731471551153513 6.714567863791848 6.96812317421684 7.259934198144551 7.554414225339894 7.829321561905939 8.135367269927684 8.351556534605836 8.2750451076004 8.03305547800181 7.735016779782958 7.529503528175333 7.539289873489981 7.5268345249077 7.461888778728667 7.319541937788321 7.178974432359729 7.051751943269293 6.889832411699649 6.717236867059478 6.698553844186058 7.082000646969117 7.079331643701487 6.012620004404761 5.67721526043907 6.237705946641685
0.4299548362755332 0.476217559581146 0.4495275269048311 0.33920872517606226 0.24579361080895978 0.5527289865865825 0.6078883874509668 0.8320846619320132 1.6060956095451493 3.222621921973963 5.28754078336487 6.531296306081151 6.84534902390579 6.521509960766501 6.5544276677339575 6.6238217526923755 6.777734274459126 6.82666600103237 6.851576698196931 7.1282633702747304 7.458330107705159 7.8222042198589214 8.113125576030756 8.29639713374145 8.418281616296623 8.468103010625745 8.144263947486456 7.758148141435765 7.538400205734105 7.668291698092171 7.69676106628024 7.561531567386911 7.380929012943845 7.211892139327183 7.085559317992626 6.85513536922044 6.704781518477198 6.622042417180621 6.7092298572565845 7.154953402951046 6.298203354041332 4.733277771453395 4.364955320520247 5.316010151552939
-0.5024169718837386 -0.43747122570470554 -0.731951252900048 -1.0869286874950377 -0.5024169718837386 -0.3662978052345318 0.02604567510729927 1.5482672054131332 3.485963577713605 5.115834906480576 5.643407885715737 6.162973855148003 6.137173490227565 6.1051454510159875 6.501937270137203 6.756382248318074 6.963674835437454 7.064207291851574 7.111359682913063 7.521496518372437 7.833769900685324 8.077538865795669 8.233230723074172 8.375577564014518 8.457426997555219 8.332873511732416 8.090883882133825 7.879142956235059 7.761706812459273 7.735906447538836 7.519717182860683 7.3382249606617425 7.124704699251222 6.951219486855173 6.8284453365441244 6.604249062063078 6.489481921554923 6.502826937893081 6.62560108820413 6.6496221176128145 6.206567575185984 5.221705369429959 5.044661486010403 5.598034830166002
-0.2853380394497096 -0.3965465089343554 -0.6865781973503124 -0.7123785622707501 -0.5113136494425103 -0.5291070045600534 0.9495208057077993 3.062481725916073 5.16832530407733 6.162084187392126 6.0793450860955485 6.029523691766428 6.251940630735719 6.486812918287292 6.799975968356055 7.00548921996368 7.136270380077624 7.362245990070425 7.4725647917991935 7.662953691556908 7.778610499820939 7.8222042198589214 7.786617509623834 7.811528206788395 7.874694617455674 7.864908272141024 7.791065848403219 7.752810134900502 7.621139307030681 7.494806485696124 7.24747884956227 7.033068920395873 6.881825401896755 6.6789811535567605 6.445888201516942 6.299093021797209 6.1692015294391425 6.208346910697738 6.196781229871336 6.066889737513269 5.85603847937038 5.6798842637067 5.203912014312416 5.003736769240053
0.30896002147623847 0.15860617073299732 0.5135836053279872 0.8151809745703471 0.8480986815378022 0.9877765192105175 3.0135499993428287 5.338251845449868 7.29463124062376 6.775065271191494 6.466350559902118 6.3747147810467695 6.621152749424745 6.91741211213184 7.069545298386837 7.246589181806394 7.143387722124642 7.23502350097999 7.388936022746741 7.36402532558218 7.363135657826302 7.369363332117443 7.332886954126479 7.39516369703788 7.518827515104807 7.559752231875157 7.541069209001735 7.474344127310948 7.268830875703323 7.1060216763778 6.856025036976316 6.646063446589306 6.476136905216766 6.2946446830178235 6.062441398733883 5.949453593737482 5.879169841023186 5.887176850826081 5.7955410719707325 5.5953658268983695 5.355155532811534 5.1167245742364535 4.808009862947076 4.488619138587174
0.3561124125377284 0.6737238013858773 1.0705156205070943 1.3365262795143673 1.292932559476386 2.1381169275596954 4.904983648337687 7.192319448697885 7.389825690502617 6.856025036976316 6.705671186233076 6.653180788636323 6.929867460714121 7.0384069269311365 7.179864100115605 7.129153038030607 6.961895499925699 6.985916529334384 6.825776333276494 6.794637961820792 6.725243876862374 6.775065271191494 6.912074105596579 7.094455995551398 7.226126823421218 7.2581548626327965 7.23502350097999 7.094455995551398 6.905846431305438 6.698553844186058 6.49659926360194 6.283968669947297 6.072227744048532 5.886287183070204 5.726146987012314 5.619386856307053 5.558889448907406 5.457467324737409 5.358714203835043 5.074910189710227 4.771533484956112 4.479722461028402 4.153214394621481 3.8329340025057004
-0.10295614949489007 0.2146552393532586 0.655930446268334 0.7609112414618397 1.5883022544276058 3.7857816114442104 6.353362754905717 7.024172242837102 7.2234578201535875 6.959226496658069 6.9280881252023665 6.93342613173763 6.995702874649032 7.104242340866046 6.783072280994389 6.681650156824391 6.557986338757466 6.492150924822555 6.25816830502686 6.08824176365432 6.018847678695902 6.38717012962905 6.668305140486234 6.866701050046842 6.975240516263858 7.007268555475434 6.872928724337983 6.717236867059478 6.5891247102131665 6.316886376914753 6.117600799598268 5.843583130788099 5.630062869377579 5.496612705996004 5.413873604699427 5.3062238062382905 5.197684340021276 5.0962622158512785 4.84448624093804 4.545557874963311 4.165669743203761 3.85517569640263 3.546460985113252 3.353403082087907
-0.5113136494425103 0.044728697980719545 0.4824452338722862 1.615881954859798 3.6398760994803547 6.219022923768264 7.17541576133622 7.781279503088571 7.549076218804631 7.36669432884981 7.308865924717795 7.24747884956227 7.130932373542361 6.493930260334309 6.138952825739319 5.999274988066604 5.921873893305291 5.772409710317927 5.523302738672319 5.377397226708464 5.853369476102749 6.297313686285455 6.672753479265619 6.779513609970881 6.8631423790233335 6.7670582613886 6.629159759227639 6.4147498300612416 6.277740995656158 5.995716317043096 5.70835363189477 5.428108288793462 5.204801682068293 5.078468860733736 5.071351518686718 4.975267401051983 4.830251556844006 4.517088506775242 4.257305522059109 3.958377156084381 3.582047695348339 3.3080300265381712 3.1078547814658086 2.9263625592668663
0.3525537415142197 0.730662537762016 2.0171221127604007 3.841830680064472 7.13449104456587 8.577532144598637 8.696747623886177 8.335542515000046 8.034834813513564 7.7679344867504145 7.581993925772085 7.267051540191568 6.435212188446416 5.77774771685319 5.385404236511358 5.24661606659452 5.115834906480576 4.862279596055584 4.767974813932604 5.405866594896533 6.02863402401055 6.468129895413872 6.779513609970881 6.821327994497107 6.745706235247548 6.63538743351878 6.435212188446416 6.227919601327036 5.949453593737482 5.673656589415561 5.357824536079166 5.066903179907332 4.845375908693917 4.703918735509448 4.6567663444479575 4.545557874963311 4.258195189814987 3.9041074229758737 3.5695923467660586 3.259987967720804 3.067819732451336 2.920134884975726 2.728856317462135 2.632772199827401
0.9886661869663946 1.3641059799465596 3.167462521109579 6.832004007567633 9.583746376495712 9.332860069338352 8.973434295963976 8.640698555265915 8.227892716538909 7.878253288479183 7.30441758593841 6.662077466195093 5.8649351569291515 5.337362177693992 4.9619223847138265 4.5615718945691 4.296450903317705 4.1727870852507785 4.808899530702954 5.658532237565648 6.386280461873172 6.7981966328443 6.925419121934736 6.797306965088424 6.724354209106496 6.519730625254747 6.271513321365017 5.993047313775463 5.608710843236527 5.312451480529431 4.994840091681281 4.7172637518476055 4.5375508651604175 4.399652362999456 4.170118081983147 3.82670632821456 3.5695923467660586 3.3391683979938724 3.058033387136687 2.7528773468708185 2.5829508054982795 2.4192519384168807 2.309822804443989 2.277794765232411
1.203076116132792 1.7226420855650582 4.167449078715515 8.476999688184517 9.937834143334825 9.126457149974849 9.027704029072483 8.664719584674598 7.915619334226024 7.044634601222276 6.138952825739319 6.018847678695902 5.547323768081003 4.9663707234932115 4.397873027487702 3.9503701462814864 3.8071336375852622 4.23506382816218 5.336472509938114 6.322224383450016 6.8987290892584205 7.082890314724995 7.054420946536926 6.799975968356055 6.651401453124569 6.357811093685102 5.982371300704938 5.627393866109948 5.237719389035748 4.9316736810140025 4.638972989330414 4.454811763863841 4.336485952332177 4.166559410959638 3.8293753314821917 3.3854311212994848 3.163014182330193 2.9752942858401106 2.7252976464386265 2.4192519384168807 2.1923866606682028 1.9521763665813676 1.8792236105994398 1.8881202881582113
