static/data/seaWind_vo/2023/7/9/18.asc
ncols 137
nrows 93
xllcorner 108.0
yllcorner 17.0
cellsize 0.25
NODATA_value -32767
[rows 38 to 56 of 93, columns 44 to 87 of 137]
1.9148103208345264 1.5295841825397127 1.1950691063298977 0.9521898089754308 0.7787045965793831 0.23511759773843366 0.28760799533518666 0.6692754626064914 1.1683790736535826 1.880113278355317 3.8186993184116655 5.643407885715737 7.110470015157187 8.176291986698034 8.941406256752398 9.405812825320279 9.640685112871852 9.676271823106939 9.617553751219045 9.605988070392643 9.60331906712501 9.570401360157556 9.463641229452296 9.243893293750634 8.926281904902487 8.624684535660126 8.388032912596799 8.198533680594963 7.993020428987338 7.8871499660379545 7.837328571708833 7.783058838600326 7.7625964802151515 7.836438903952956 7.845335581511728 7.759927476947519 7.641601665415855 7.530393195931209 7.368473664361565 7.178974432359729 7.007268555475434 6.970792177484471 7.020613571813593 7.049972607757539
1.4735351139194512 0.9263894440549929 0.51892161186325 0.3596710835612371 0.3445467317113251 0.3071806859644841 0.5322666282014077 0.9308377828343788 1.3890166771111203 1.9566247053607533 3.5322263010192176 5.311561812773553 7.20655413279192 8.847991142385295 9.639795445115976 9.634457438580712 9.745665908065357 9.807052983220883 9.823067002826672 9.787480292591585 9.595312057322117 9.447627209846507 9.2803696717416 9.064180407063446 8.743900014947666 8.315080156614872 8.05796617516637 7.8924879725732175 7.78483817411208 7.7625964802151515 7.8070798680090085 7.867577275408657 7.8853706305262 7.873804949699796 7.870246278676287 7.859570265605761 7.765265483482782 7.654057013998136 7.518827515104807 7.356018315779284 7.155843070706922 7.036627591419382 6.969902509728595 6.939653806028771
0.8320846619320132 1.101653991962795 0.9424034636607821 0.9166030987403442 0.878347385237626 1.0669569494835855 1.4655281041165567 1.8391885615849672 1.8872306204023341 1.897016965716983 2.5544814373102103 4.363175985008493 6.5544276677339575 8.979661970255115 9.83908102243246 9.937834143334825 10.0401459352607 10.07840164876342 9.956517166208247 9.780362950544568 9.241224290483004 8.892474530179154 8.715430646759597 8.573973473575128 8.29372813047382 8.063304181701634 7.947647373437601 7.823983555370676 7.840887242732341 7.914729666470146 7.929854018320059 7.928074682808305 7.929854018320059 7.8853706305262 7.9165090019819 7.964551060799268 7.972558070602162 7.87558428521155 7.743023789585854 7.579324922504455 7.4378677493199845 7.343562967197004 7.2528168560975335 7.1878711099185
0.7013035018180696 1.0714052882629714 1.2137521292033182 1.037597913539639 1.1087713340098124 1.5260255115162042 1.8792236105994398 2.0073357674457517 2.0055564319339974 1.8302918840261955 2.395230909008197 4.304457913120599 7.173636425824466 9.646023119407115 9.984986534396317 10.010786899316754 10.06505663242526 9.879116071446933 9.694065178224482 9.491220929884488 9.009021006199063 8.63002254219539 8.235899726341804 7.9867927546961965 7.757258473679888 7.922736676273042 7.8871499660379545 7.929854018320059 7.93252302158769 7.949426708949355 7.987682422452075 7.958323386508127 7.933412689343568 7.923626344028918 8.128249927880667 8.169174644651017 8.197644012839087 8.203871687130226 8.094442553157334 7.914729666470146 7.691423059744977 7.569538577189805 7.425412400737704 7.351569976999899
0.5571773253659684 0.17906852911817195 0.32141537005851895 0.9788798416517459 1.4272723906138385 1.5438188666337473 1.5687295637983083 1.6977313884004976 1.796484509302863 1.6915037141093574 2.2866914427911826 4.484170799807787 7.359576986802793 9.705630859050885 10.043704606284209 9.924489126996669 9.630009099801326 9.444068538822998 9.056173397260553 8.751017356994684 8.403157264446712 8.182519660989174 7.786617509623834 7.752810134900502 7.727899437735941 7.936081692611198 7.999248103278477 8.043731491072336 7.936081692611198 7.890708637061463 7.941419699146461 8.007255113081372 7.9814547481609335 8.12113258583365 8.316859492126627 8.38447424157329 8.419171284052501 8.426288626099518 8.255472416971102 8.127360260124789 7.944088702414092 7.804410864741378 7.659395020533399 7.441426420343493
0.6924068242592978 0.21198623608562706 0.29383566962632646 1.048273926610165 1.488659465769363 1.139020037709636 1.1621513993624424 1.4059203644727865 1.5153494984456781 1.3996926901816462 2.745760004823801 4.968150059004966 7.344452634952882 9.64780245491887 9.758121256647637 9.397805815517385 9.076635755645727 8.638919219754161 8.245686071656452 7.867577275408657 7.733237444271204 7.529503528175333 7.7670448189945365 7.777720832065063 7.995689432254968 7.920067673005409 7.969889067334531 7.968999399578653 7.860459933361639 7.873804949699796 7.938750695878831 8.021489797175407 8.219885706736015 8.371129225235133 8.464544339602236 8.559738789481093 8.587318489913285 8.45386832653171 8.268817433309259 8.231451387562418 8.058855842922247 7.918288337493655 7.701209405059625 7.475233795066826
0.8899130660640291 0.9005890791345552 0.9824385126752546 1.1203370148362155 1.1354613666861275 0.8320846619320132 1.1897310997946347 1.434389732660856 1.397913354669892 1.3107259145939294 3.4201281637786947 6.399625478211329 8.781266060694508 9.356881098747035 9.033042035607746 8.625574203416004 8.160277967092245 7.723451098956556 7.5579728963634025 7.318652270032445 7.333776621882356 7.475233795066826 7.71277508588603 7.990351425719705 8.138925940951193 7.845335581511728 7.788396845135589 7.787507177379711 7.889818969305585 8.006365445325494 8.081097536819177 8.244796403900576 8.444081981217062 8.563297460504602 8.620236196880741 8.668278255698107 8.481448026963902 8.34710819582645 8.23412039083005 8.197644012839087 7.980565080405057 7.708326747106643 7.491247814672615 7.365804661093934
0.8009462904763123 0.8062842970115753 0.6061090519392125 0.6523717752448253 0.9219411052756072 0.8925820693316606 1.1924001030622662 1.3125052501056838 1.1559237250713024 1.859650919970142 4.011757221437011 7.031289584884119 8.606891180542583 8.784824731718016 8.1931956740597 7.904943321155498 7.4627784464845455 7.243030510782885 7.1033526731101695 7.348900973732267 7.787507177379711 7.955654383240496 7.937861028122953 8.173622983430402 8.138925940951193 7.930743686075935 7.928074682808305 8.065083517213388 8.202982019374348 8.307962814567855 8.387143244840923 8.556180118457585 8.640698555265915 8.715430646759597 8.701195962665563 8.539276431095919 8.314190488858994 8.125580924613034 8.013482787372512 7.964551060799268 7.8853706305262 7.575766251480946 7.280396556529725 7.145167057636396
1.0785226303099886 0.3970371293080781 0.04561836573659672 0.24935228183246805 0.6808411434328947 0.7155381859121042 0.6479234364654394 0.8881337305522747 1.6710413557241823 2.6247651900245064 4.7466227877915514 6.950329819099297 8.214547700200752 8.191416338547945 7.849783920291113 7.406729377864284 7.191429780942009 7.126484034762976 7.373811670896828 7.935192024855322 8.50724839188434 8.376467231770397 8.124691256857158 7.998358435522601 8.077538865795669 8.197644012839087 8.344439192558818 8.49479304330206 8.615787858101355 8.666498920186353 8.698526959397931 8.767031376600473 8.795500744788542 8.710982307980212 8.606001512786706 8.389812248108553 8.243906736144698 8.053517836386984 7.874694617455674 7.94497837016997 7.668291698092171 6.466350559902118 6.155856513100986 6.829335004300001
1.1319026956626188 0.9868868514546405 0.9824385126752546 0.9575278155106939 0.8854647272846432 0.22800025569141624 0.10611577313624432 0.7351108765414018 2.1274409144891697 3.9441424719903466 6.526847967301764 8.025048468198916 8.35066686684996 7.839107907220587 7.5775455869927 7.311534927985427 7.388936022746741 7.584662929039718 7.943199034658216 8.676285265501003 8.95653060860231 8.64247789077767 8.299066137009083 8.210099361421365 8.41027460649373 8.615787858101355 8.767921044356351 8.883577852620382 8.958309944114065 8.984999976790379 8.959199611869941 8.892474530179154 8.789273070497403 8.653153903848196 8.52593141475776 8.206540690397857 8.001027438790231 7.7768311643091845 7.6175806360071725 7.834659568441202 6.872928724337983 5.110496899945313 4.718153419603482 5.814224094844153
1.3596576411671737 1.4157067097874352 1.2964912304998948 1.0438255878307792 0.9575278155106939 -0.4748372714515465 0.0011349779427383133 2.4753010070371424 5.341810516473377 7.308865924717795 7.77505182879743 8.275934775356276 7.933412689343568 7.545517547781122 7.504592831010772 7.4129570521554236 7.636263658880592 8.024158800443038 8.433405968146536 8.873791507305734 8.750127689238807 8.590877160936794 8.62646387117188 8.794611077032666 8.976103299231607 8.993006986593274 9.134464159777744 9.203858244736162 9.212754922294934 9.115781136904323 8.935178582461258 8.825749448488367 8.672726594477494 8.51080706290785 8.339101186023555 8.074869862528036 7.857790930094007 7.635373991124716 7.465447449752176 7.30441758593841 6.934315799493508 5.774189045829681 5.459246660249163 6.027744356254674
1.170158409165337 1.271580533335334 0.9877765192105175 0.4877832404075493 0.5367149669807936 -0.27110335535567476 1.1995174451092836 4.053571605963238 6.977019851775612 8.274155439844522 8.115794579298386 7.883591295014446 7.668291698092171 7.513489508569544 7.531282863687087 7.584662929039718 7.882701627258568 8.292838462717942 8.516145069443112 8.684292275303896 8.662940249162844 8.663829916918722 8.970765292696345 9.21097558678318 9.320404720756072 9.326632395047211 9.354212095479404 9.366667444061685 9.222541267609584 9.098877449542657 8.84354280360591 8.651374568336442 8.527710750269515 8.367570554211625 8.114015243786632 7.857790930094007 7.521496518372437 7.351569976999899 7.080221311457363 6.75727191607395 6.479695576240275 6.1549668453451085 5.601593501189511 5.47881935087846
1.3996926901816462 1.3205122599085783 0.9219411052756072 0.7137588504003498 1.016245887398587 0.8116223035468384 2.9059002008816917 5.619386856307053 8.204761354886102 8.167395309139263 7.860459933361639 7.601566616401383 7.457440439949282 7.400501703573143 7.636263658880592 7.897825979108481 8.111346240519001 8.298176469253205 8.4698823461375 8.604222177274952 8.662940249162844 9.033042035607746 9.339087743629491 9.473427574766944 9.444958206578875 9.42805451921721 9.307059704417915 9.23944495497125 9.013469344978448 8.855108484432312 8.583759818889776 8.380025902793905 8.25280341370347 8.10244956296023 7.8542322590705 7.605125287424892 7.1985471229890265 6.951219486855173 6.62560108820413 6.261726976050369 5.845362466299854 5.46013632800504 5.179001317147855 5.0766895252219815
1.4263827228579613 0.9699831640929741 0.5562876576100912 0.7751459255558744 0.8916924015757834 1.5500465409248876 4.531323190869277 7.207443800547798 7.906722656667252 7.81330754230015 7.508151502034281 7.269720543459199 7.229685494444727 7.457440439949282 7.69676106628024 7.974337406113916 8.135367269927684 8.386253577085045 8.646036561801179 8.776817721915123 8.974323963719852 9.327522062803089 9.49033126212861 9.388909137958613 9.347094753432387 9.240334622727126 9.119339807927831 8.94407526002003 8.703864965933194 8.484117030231534 8.276824443112154 8.074869862528036 7.928964350564181 7.773272493285676 7.4983651567196326 7.1282633702747304 6.737699225444654 6.345355745102822 6.014399339916515 5.630952537133457 5.184339323683118 4.829361889088128 4.669221693030238 4.560682226813224
1.2582355169971766 0.8009462904763123 0.23511759773843366 0.4237271619843932 0.9521898089754308 2.952162924187304 5.786644394411961 6.906736099061316 7.607794290692523 7.4983651567196326 7.1976574552331485 7.085559317992626 7.380039345187969 7.607794290692523 7.937861028122953 8.201202683862594 8.295507465985574 8.691409617350914 8.968096289428713 9.026814361316607 9.22343093536546 9.334639404850106 9.36844677957344 9.165602531233445 9.023255690293098 8.91560589183196 8.718099650027229 8.526821082513639 8.325756169685398 8.025938135954792 7.833769900685324 7.6771883756509425 7.531282863687087 7.307976256961918 7.020613571813593 6.576669361630886 6.190553555580195 5.797320407482487 5.426328953281708 5.035764808451631 4.574027243151381 4.30089924209709 4.1576627334008665 4.070475293324904
1.2368834908561246 0.8614436978759596 0.3294223798614133 0.9041477501580637 2.4272589482197753 4.836479231135145 6.388949465140804 7.430750407272967 7.457440439949282 7.365804661093934 7.076662640433854 7.3782600096762145 7.685195385453838 8.15849863158049 8.5010207175932 8.655822907115827 8.697637291642055 9.040159377654764 9.137133163045375 9.183395886350988 9.087311768716253 9.13535382753362 9.033042035607746 8.83375645829126 8.679843936524511 8.488565369010919 8.284831452915048 8.057076507410493 7.868466943164533 7.575766251480946 7.3827083484555995 7.226126823421218 7.001040881184295 6.751044241782811 6.455674546831592 6.02863402401055 5.644297553471614 5.226153708209345 4.858720925032075 4.505522825948839 4.042005925136834 3.7991266277823676 3.699483839124125 3.6211930766069345
0.9815488449193774 0.6585994495359655 1.0776329625541115 1.9121413175668949 4.790216507829533 6.770616932412109 7.6771883756509425 7.783948506356202 7.741244454074099 7.440536752587615 7.075772972677978 7.630925652345329 8.383584573817414 8.882688184864506 8.994786322105028 8.996565657616783 8.94674426328766 9.089091104228007 9.13891249855713 9.005462335175555 8.88446752037626 8.779486725182753 8.644257226289424 8.491234372278551 8.286610788426803 8.088214878866195 7.857790930094007 7.644270668683488 7.3782600096762145 7.1985471229890265 6.995702874649032 6.752823577294565 6.515282286475362 6.18877422006844 5.84981080507924 5.465474334540303 5.041102814986894 4.599827608071819 4.240401834697443 3.9121144327787682 3.6176344055834257 3.449487199722641 3.3400580657497496 3.274222651814839
0.9210514375197301 0.597212374380441 1.4192653808109439 4.0277712410428 6.951219486855173 8.003696442057864 8.16472630587163 8.161167634848121 7.792845183914974 7.2830655597973575 6.872928724337983 7.794624519426728 8.669167923453985 9.106884459345551 9.086422100960377 8.920054230611346 9.01613834824608 9.098877449542657 9.012579677222572 8.78660406722977 8.596215167472057 8.550842111922321 8.493013707790306 8.183409328745052 7.969889067334531 7.709216414862521 7.447654094634633 7.226126823421218 6.925419121934736 6.807093310403072 6.567772684072114 6.2599476405386145 5.911197880234765 5.584689813827843 5.215477695138819 4.806230527435321 4.419225053628754 4.099834329268851 3.7866712792000876 3.4948602552723766 3.2083872378799283 3.0260053479251092 2.971735614816602 2.9557215952108127
1.02158389393385 0.8961407403551693 2.5776127989630164 6.146070167786337 8.426288626099518 8.392481251376186 8.476999688184517 8.285721120670926 7.553524557584016 6.494819928090186 6.000164655822481 7.356018315779284 8.389812248108553 8.800838751323806 8.783045396206262 8.750127689238807 8.990337983325642 9.026814361316607 8.947633931043539 8.727885995341877 8.545504105387058 8.505469056372586 8.356004873385222 7.924516011784796 7.689643724233223 7.388936022746741 7.090007656772011 6.895170418234912 6.6496221176128145 6.410301491281855 6.160304851880372 5.846252134055732 5.457467324737409 5.028647466404614 4.610503621142345 4.218160140800514 3.906776426243505 3.66656613215667 3.439700854407992 3.194152553785894 2.9539422596990583 2.786684721594151 2.744870337067924 2.777788044035379
