static/data/seaWind_vo/2023/7/9/6.asc
ncols 137
nrows 93
xllcorner 108.0
yllcorner 17.0
cellsize 0.25
NODATA_value -32767
[rows 0 to 18 of 93, columns 0 to 43 of 137]
-1.6847854194444944 -2.076239232030449 -2.7746284203940257 -3.6580685019800527 -4.21500051715916 -4.2434698853472295 -4.175855135900564 -4.313753638061526 -4.53528090927494 -4.561081274195379 -4.185641481215214 -3.578888071706985 -3.0566530990070873 -2.8431328375965674 -2.7950907787792 -2.9089682515314776 -2.921423600113758 -2.4926037417809632 -2.625164237406661 -2.516624771189647 -2.3093321840702665 -1.3547186820140653 -1.2070338345384557 -1.4730444935457285 -1.7390551525530022 -1.7648555174734395 -1.8814019934933488 -2.5388664650865755 -2.9490033005459497 -3.066439444321736 -2.9516723038135813 -2.192785708050357 -1.6491987092094078 -1.1652194500122288 -1.2693105774498572 -1.4187747604372216 -1.5371005719688848 -1.3146836329995928 -1.008637924977847 -0.7773243084497836 -0.8823051036432892 -0.6928058716414527 -0.47394760369566935 -0.18925392181497536
-1.4089884151225727 -1.817345915070193 -2.5539908169364876 -3.1518475488859443 -3.6118057786744404 -3.378712826634622 -3.349353790690676 -3.495259302654531 -4.032618627204341 -4.18653114897109 -3.8226570368173287 -2.8333464922819185 -1.947237407428259 -1.8484842865258932 -2.311111519582021 -3.075336121880508 -3.5112733222603203 -3.6509511599330353 -3.4961489704104083 -2.152750659035885 -1.023762276827759 -0.40277418322549563 -1.4561408061840626 -2.3484775653288614 -2.7248070260649038 -2.3733882624934224 -2.455237696034122 -2.6091502178008716 -2.6278332406742924 -2.1082672712420263 -1.2016958280031926 -0.49974796861610704 -0.37697381830505794 -1.0166449347807416 -1.6153913344860755 -2.0130728213631692 -2.057556209157028 -1.8938573420756293 -1.687454422712126 -1.6687713998387057 -1.4036504085873096 -1.1794541341062632 -0.9454715143105683 -1.1536537691858255
-0.6785711875474179 -1.2719795807174887 -1.8742846514463314 -2.19189604029448 -2.2079100599002692 -2.2933181644644773 -2.4596860348135077 -2.6776546350034143 -2.8876162253904254 -2.785304433464551 -2.336911884502459 -1.5015138617337982 -0.859173741990483 -0.9347955012400422 -1.4881688453956405 -2.0281971732130812 -2.4685827123722794 -2.57534284307754 -2.2684074672999164 -0.4534852453104943 0.49312124694281234 0.5900950323334235 -0.6678951744768917 -1.5362109042130077 -2.1251709586036927 -2.586018856148066 -2.7924217755115683 -2.6678682896887653 -2.1358469716742188 -1.135860414068282 -0.004203028592524749 0.7004138340621924 0.37657477092290326 -0.5940527507390869 -1.3796293791786263 -1.846704951014139 -1.9427890686488731 -2.006845147072029 -1.9783757788839602 -1.8235735893613332 -1.4970655229544123 -1.3983124020520465 -1.4436854576017821 -0.060252097212786015
0.06697039187764897 -0.48818228778970374 -0.9872858988367952 -1.293331606858541 -1.385857053469766 -1.6198396732654614 -1.7479518301117731 -1.8057802342437896 -1.8182355828260701 -1.6474193736976535 -1.2239375219001216 -0.55223836621286 -0.55223836621286 -0.9579268628928483 -1.5113002070484467 -1.5798046242509889 -1.9036436873902782 -2.0664528867158 -2.0993705936832545 -1.0193139380483731 -0.4036638509813728 -0.7043715524678555 -1.3992020698079237 -1.7648555174734395 -1.677668077397477 -1.7942145534173863 -1.8760639869580857 -1.597597979368532 -1.0219829413160046 -0.1776882409885725 0.3027323471850982 0.6025503809157038 0.01447999428089597 -0.6474328160917171 -1.2817659260321377 -1.6056049891714266 -1.8048905664879125 -1.8911883388079977 -1.4828308388603775 -0.17146056669743226 0.3899197872610607 0.6835101467005262 0.6995241663063152 3.0179983381222146
0.4281755007637791 0.11679178620677044 -0.314697075393656 -0.5824870699126836 -0.7230545753412763 -0.7595309533322401 -0.6331981319976823 -0.6029494282978587 -0.8903121134461838 -0.9428025110429368 -0.5815974021568064 -0.2960140525202357 -1.20881317005021 -1.6669920643269514 -2.2942078322203545 -2.416981982531404 -2.5780118463451713 -2.307552848558512 -1.9098713616814185 -0.8983191232490784 -0.6598881646739971 -0.9837272278132865 -1.5717976144480943 -1.0646869935981087 -0.821807696243642 0.0349423526660706 -0.3173660786612875 -0.187474586303221 -0.28711737496146394 0.2822699887999236 0.5233699506426359 0.1434818188830853 -0.41345019629602175 -0.9347955012400422 -1.20881317005021 -1.4419061220900278 -1.7701935240087026 -1.5673492756687084 -1.0024102506867067 2.235090712950307 3.5891650373953565 3.8578446996702613 3.1763591986683504 3.529557297751586
0.6532614430007024 0.5242596183985131 0.29472533738220363 0.026935342863176448 -0.2702136875997976 -0.3814221570844438 -0.2782206974026922 -0.37252547952567205 -0.6438741450682084 -0.6349774675094366 -0.5202103270012821 -0.37341514728154923 -1.4258921024842386 -2.151860991280008 -2.7043446676797287 -2.695447990120957 -2.1990133823414975 -1.8956366775873836 -0.5860457409361923 -0.08605246213322415 0.14704048990659402 -0.11808050134480208 -0.24263398716760554 0.2413452720295739 0.6514821074889481 1.0571706041689366 0.4308445040314104 -0.25419966799400884 -0.41433986405189893 0.07853607270405183 0.16038550624475167 -0.1919229250826069 -0.5477900274334742 -1.1572124402093342 -1.433009444531256 -1.5717976144480943 -1.9116506971931728 -1.7363861492853707 -0.6554398258946112 2.444162635581441 3.575820021057199 3.651441780306758 3.1123031202451945 2.9957566442252856
0.8605540301200825 0.7849322708705233 0.5562876576100912 0.2618076304147485 -0.05491409067752295 -0.28622770720558677 -0.5041963073954929 -0.6038390960537359 -0.6483224838475943 -0.6065080993213674 -0.4926306265690896 -1.0050792539543383 -2.0299765087248356 -2.7577247330323593 -2.2248137472619356 -1.7657451852293167 -1.2853245970556464 -0.9668235404516201 0.06163238534238591 0.10967444415975303 -0.6954748749090842 -1.01397593151311 -0.7844416504968006 -0.14832920504462566 0.2635869659265029 0.3045116826968526 -0.12341850788006514 -0.8102420154172387 -0.9641545371839886 -0.531776007827685 -0.43925056121645945 -0.4152295318077761 -0.6785711875474179 -1.273758916229243 -1.6269570153124788 -1.7853178758586146 -2.007734814827906 -2.0735702287628173 -0.9881755665926724 0.7840426031146461 0.8863543950405204 0.9619761542900798 1.0126872163750782 0.9779901738958687
0.751124896147191 0.6959654952828065 0.4868935726516721 0.15059916093010273 -0.25331000023813166 -0.6323084642418051 -0.7799933117174151 -0.7799933117174151 -0.61184610585663 -0.7577516178204857 -1.1589917757210886 -1.7782005338115972 -2.4730310511516653 -2.365381252690528 -1.9765964433722059 -1.2248271896559988 -0.9419128432870596 -0.574480060109789 -0.4748372714515465 -1.0878183552509149 -1.7657451852293167 -2.3885126143433344 -2.087804912856852 -1.7034684423179152 -1.4338991122871332 -1.1652194500122288 -1.2773175872527518 -1.2052544990267013 -1.4321197767753788 -1.0842596842274062 -0.9365748367517965 -0.7533032790410998 -0.8992087910049555 -1.1331914108006504 -1.5860322985421291 -1.8066699019996668 -1.9356717266018557 -2.017521160142555 -2.1981237145856203 -1.3387046624082766 -1.6856750872003716 -1.832470266920104 -1.7257101362148446 -1.5913703050773922
0.4557552011959711 0.3819127774581663 -0.008651367371910634 -0.38409116035207536 -0.8734084260845174 -1.2372825382382793 -1.3600566885493284 -1.1999164924914383 -0.8467183934082025 -1.1438674238711766 -1.5717976144480943 -2.16698534312992 -2.1892270370268485 -1.861829302864051 -1.6287363508242332 -1.4970655229544123 -1.343153001187662 -0.956147527381094 -0.9081054685637273 -1.1180670589507389 -1.7114754521208098 -2.062894215692291 -2.2888698256850915 -2.4792587254428056 -2.3449188943053536 -1.7782005338115972 -1.3289183170936276 -1.2150408443413498 -1.542438578504148 -1.4783825000809916 -1.2114821733178411 -1.0371072931659167 -1.0273209478512677 -1.0299899511188992 -1.203475163514947 -1.57001827893634 -1.842256612234753 -1.9436787364047503 -2.1901167047827257 -2.565556497762891 -3.1536268843976987 -3.3973958495080425 -3.465010598954707 -3.6723031860740876
0.16661318053589147 -0.060252097212786015 -0.5255483335365447 -0.9241194881695161 -1.4819411711045003 -1.7390551525530022 -1.6625437255475655 -1.4472441286252908 -1.3244699783142417 -1.5869219662980063 -1.8787329902257173 -2.036204183015976 -1.6563160512564252 -1.3867467212256432 -1.0264312800953905 -1.0317692866306536 -0.34672511460523436 0.11234344742738456 0.010921323257387261 -0.8120213509289931 -1.4472441286252908 -1.6269570153124788 -1.9330027233342242 -2.221255076238427 -2.0433215250629932 -1.2194891831207357 -0.7835519827409234 -0.8191386929760105 -1.1242947332418791 -1.2550758933558224 -1.235503202726525 -1.094046029542055 -1.051341977259951 -0.9321264979724107 -1.0388866286776706 -1.2194891831207357 -1.5637906046451997 -1.677668077397477 -1.9294440523107155 -2.307552848558512 -2.690109983585694 -2.8991819062168287 -2.9623483168841074 -2.6936686546092026
-0.49174095881321245 -0.763979292111626 -1.023762276827759 -1.236392870482402 -1.3449323366994164 -1.3822983824462574 -1.347601339967048 -1.378739711422749 -1.542438578504148 -1.6661023965710742 -1.8493739542817704 -2.021969498921941 -2.1340676361624644 -1.485499842128009 -0.34316644358172566 0.8151809745703471 1.7920361705234773 1.1265646891273557 -0.1661225601621692 -1.4650374837428344 -1.9401200653812416 -1.7853178758586146 -2.095811922659746 -2.2132480664355323 -1.575356285471603 -0.4081121897607587 -0.3040210623231303 -0.5771490633774206 -0.9045467975402186 -1.0353279576541623 -1.1403087528476679 -1.1954681537120524 -1.1029427071008269 -0.8858637746667979 -0.7888899892761865 -0.8565047387228515 -1.1073910458802128 -1.3751810403992404 -1.553114591574674 -1.6394123638947589 -1.7159237909001956 -1.8449256155023845 -1.7915455501497548 -1.348491007722925
-0.26220667779690343 -0.5157619882218962 -0.7177165688060132 -0.8885327779344294 -1.0433349674570565 -1.2301651961912619 -1.405429744099064 -1.5842529630303748 -1.7016891068061608 -1.7897662146380005 -2.0184108278984323 -2.2684074672999164 -2.4490100217429815 -1.3920847277609063 0.0171489975485275 0.9397344603931506 0.5020179245015839 -1.2132615088295955 -1.9152093682166815 -1.9614720915222938 -1.2452895480411739 -1.0371072931659167 -1.103832374856704 -1.0024102506867067 -0.3716358117697949 -0.03978973882761139 -0.48818228778970374 -1.0860390197391605 -1.3564980175258197 -1.2399515415059108 -1.3938640632726607 -1.6064946569273038 -1.6732197386180916 -1.5024035294896754 -1.4169954249254673 -1.3671740305963458 -1.2266065251677531 -1.113618720171353 -1.1002737038331953 -1.103832374856704 -1.1429777561152994 -1.2390618737500336 -1.5237555556307272 -1.698130435782652
0.17017185155940018 0.06163238534238591 -0.18213657976795794 -0.47394760369566935 -0.7123785622707501 -0.7257235786089078 -0.8645117485257461 -1.0771423421803892 -1.4134367539019586 -1.8155665795584386 -1.9899414597103635 -2.026417837701327 -1.9935001307338722 -1.4250024347283614 -0.7782139762056608 -0.3218144174406734 -1.2977799456379264 -1.9757067756163287 -2.002396808292644 -1.1758954630827545 -0.6821298585709266 -0.569142053574526 0.19330321321220678 0.8196293133497328 1.0126872163750782 -0.26220667779690343 -0.8547254032110971 -1.3369253268965222 -1.4196644281930988 -1.4543614706723083 -1.6892337582238803 -1.9347820588459785 -2.136736639430096 -1.8591602995964194 -1.6020463181479179 -1.2266065251677531 -0.9276781591930248 -0.8369320480935536 -0.754192946796977 -0.739068594947065 -0.881415435887412 -1.0531213127717054 -1.22126851863249 -1.2666415741822257
0.2751526467529062 -0.01487904166305043 -0.1616742213827833 -0.3662978052345318 -0.3600701309433916 -0.6038390960537359 -0.8315940415582905 -1.2915522713467866 -1.645640038185899 -1.7968835566850179 -1.5148588780719554 -1.3876363889815204 -1.103832374856704 -1.0851493519832833 -0.6661158389651374 -0.6572191614063656 -1.003299918442584 -0.9828375600574093 -0.7657586276233803 -0.21683362224716785 -0.42145720609891635 0.026935342863176448 0.7911599451616635 1.4753144494312056 1.4539624232901533 -0.004203028592524749 -0.9872858988367952 -1.4677064870104655 -1.3974227342961694 -1.3538290142581881 -1.5255348911424815 -1.6669920643269514 -1.8716156481786999 -1.5397695752365164 -1.098494368321441 -0.694585207153207 -0.6171841123918931 -0.6856885295944353 -0.5922734152273326 -0.5922734152273326 -0.7897796570320637 -0.9356851689959194 -0.6936955393973299 -0.574480060109789
0.5705223417041259 0.08209474372756054 -0.049576084142260335 0.03316301715431624 0.09277075679808666 -0.2702136875997976 -0.7888899892761865 -1.2550758933558224 -1.415216089413713 -1.0522316450158282 -0.8396010513611851 -0.8378217158494308 -0.6821298585709266 -0.19726093161786995 0.12390912825378742 0.131916138056682 -0.060252097212786015 0.17106151931527735 0.2751526467529062 -0.15188787606813436 -0.329821427243568 -0.19637126386199277 -0.4001051799578641 0.07408773392466639 0.5936537033569322 0.13725414459194507 -0.8413803868729395 -1.2773175872527518 -1.251517222332314 -1.113618720171353 -1.01397593151311 -1.1323017430447733 -1.1821231373738947 -0.801345337858467 -0.3858704958638297 -0.16790189567392355 -0.11007349154190749 0.0029143134544926674 0.16305450951238276 0.16038550624475167 -0.09583880744787265 0.08298441148343771 0.32497404108202765 0.7368902120531562
1.016245887398587 0.5936537033569322 0.26803530470588877 0.3445467317113251 0.47087955304588314 0.23155892671492495 -0.29156571374084983 -0.9081054685637273 -1.146536427138808 -0.701702549200224 -0.5122033171983875 -0.5077549784190016 -0.1367635242182228 1.017135555154464 1.3276296019555955 0.491341911431058 0.01981800081615903 0.3712367643876402 0.7982772872086807 0.3836921129699207 -0.03000339351296244 -0.8129110186848703 -1.0121965960013557 -0.5798180666450521 0.22800025569141624 0.04028035920133366 -0.33515943377883106 -0.7719863019145206 -0.754192946796977 -0.6847988618385581 -0.5851560731803152 -0.36807714074628617 -0.19726093161786995 0.2582489593912398 0.6123367262303527 0.8311949941761361 0.8552160235848196 1.0233632294456043 1.1781654189682316 0.8676713721670999 0.5758603482393889 0.8125119713027156 1.1043229952304265 1.5153494984456781
1.3044982403027894 1.132792363418496 0.8062842970115753 0.6755031368976316 0.794718616185172 0.7333315410296475 0.5607359963894769 -0.05936242945690884 -0.4757269392074237 -0.14832920504462566 0.042059694713088014 0.40949247789035836 0.9708728318488513 1.996659754375226 1.202186448376915 0.36234008682886865 -0.39209817015496995 0.5571773253659684 0.9859971836987633 1.0820813013334973 0.46643121426649725 -0.4855132845220722 0.0580737143188772 0.49223157918693516 1.201296780621038 0.5696326739482487 0.1924135454563296 0.04828736900422825 0.12746779927729612 0.06786005963352615 -0.09850781071550418 0.11768145396264762 0.6381370911507906 1.201296780621038 1.5562742152160278 1.4913284690369946 1.4504037522666449 1.5020044821075205 1.2466698361707733 0.9343964538578875 0.7706975867764887 1.011797548619201 1.3044982403027894 1.361436976678928
1.6434616552919903 1.5580535507277822 1.5002251465957661 1.3907960126228747 1.2493388394384048 1.445955413487259 1.3267399341997184 1.2359938231002474 0.8694507076788542 1.0633982784600768 0.9931145257457805 1.3899063448669975 1.7671254733589166 1.7342077663914615 0.8578850268524512 0.42550649749614755 -0.14743953728874848 1.0180252229103413 1.3881270093552431 1.5278048470279586 1.0936469821599006 1.0811916335776202 1.7875878317440914 2.2911397815705685 2.617647847977489 1.547377537657256 1.1577030605830567 1.042935920074902 1.1238956858597242 0.7822632676028918 0.5838673580422833 0.5331562959572849 1.0349289102720074 1.5660605605306768 1.620330293639184 1.5224668404926955 1.2617941880206853 1.0438255878307792 0.7867116063822777 0.7039725050857011 0.7173175214238585 0.9779901738958687 1.1319026956626188 1.170158409165337
2.495763365422317 2.557150440577842 2.527791404633895 2.3898929024729343 1.933493343707947 2.1149855659068892 2.114095898151012 2.156799950433116 1.8142778644204065 1.5616122217512909 1.355209302387788 1.1158886760568296 1.0473842588542879 0.7057518405974554 0.7706975867764887 0.667496127094737 0.9477414701960449 1.2208694712503356 1.4744247816753284 1.7608977990677763 2.0544881585072416 2.8640858163554643 3.3106990298058028 3.6638971288890385 3.1550071725272986 2.5295707401456493 2.187938321888817 1.9592937086283848 1.7760221509176883 1.314284585617438 0.9566381477548167 0.8925820693316606 1.0874193078687604 1.3881270093552431 1.4165963775433124 1.3560989701436652 1.1141093405450755 0.8116223035468384 0.5011282567457067 0.42194782647263884 0.809842968035084 1.096315985427532 1.1906207675505118 1.123006018103847
