static/data/salinity/2023/7/23/0.asc
ncols 137
nrows 93
xllcorner 108.0
yllcorner 17.0
cellsize 0.25
NODATA_value -32767
[rows 54 to 80 of 93, columns 0 to 61 of 137]
-32767.0 -32767.0 -32767.0 -32767.0 -32767.0 -32767.0 -32767.0 -32767.0 -32767.0 -32767.0 -32767.0 -32767.0 -32767.0 -32767.0 -32767.0 -32767.0 -32767.0 -32767.0 -32767.0 -32767.0 -32767.0 -32767.0 -32767.0 -32767.0 -32767.0 -32767.0 -32767.0 -32767.0 -32767.0 -32767.0 -32767.0 -32767.0 -32767.0 -32767.0 -32767.0 -32767.0 -32767.0 -32767.0 -32767.0 -32767.0 -32767.0 -32767.0 -32767.0 -32767.0 -32767.0 -32767.0 -32767.0 -32767.0 34.165276 34.17317 34.090637 34.062817 33.77045 33.149452 32.420715 32.61711 32.907043 32.854424 33.046257 33.447155 33.48069 33.45405
-32767.0 -32767.0 -32767.0 -32767.0 -32767.0 -32767.0 -32767.0 -32767.0 -32767.0 -32767.0 -32767.0 -32767.0 -32767.0 -32767.0 -32767.0 -32767.0 -32767.0 -32767.0 -32767.0 -32767.0 -32767.0 -32767.0 -32767.0 -32767.0 -32767.0 -32767.0 -32767.0 -32767.0 -32767.0 -32767.0 -32767.0 -32767.0 -32767.0 -32767.0 -32767.0 -32767.0 -32767.0 -32767.0 -32767.0 -32767.0 -32767.0 -32767.0 -32767.0 -32767.0 -32767.0 -32767.0 -32767.0 33.38962 -32767.0 34.025997 34.072384 33.75913 33.502384 32.76187 32.419285 32.395782 32.32907 32.810562 33.14848 33.133396 33.24411 33.36224
-32767.0 -32767.0 -32767.0 -32767.0 -32767.0 -32767.0 -32767.0 -32767.0 -32767.0 -32767.0 -32767.0 -32767.0 -32767.0 -32767.0 -32767.0 -32767.0 -32767.0 -32767.0 -32767.0 -32767.0 -32767.0 -32767.0 -32767.0 -32767.0 -32767.0 -32767.0 -32767.0 -32767.0 -32767.0 -32767.0 -32767.0 -32767.0 -32767.0 -32767.0 -32767.0 -32767.0 -32767.0 -32767.0 -32767.0 -32767.0 -32767.0 -32767.0 -32767.0 -32767.0 -32767.0 -32767.0 -32767.0 33.28089 33.951626 33.935932 33.835747 33.800728 33.179127 32.488075 32.373672 32.440063 32.525547 33.016544 33.07329 33.16434 33.409744 33.56039
-32767.0 -32767.0 -32767.0 -32767.0 -32767.0 -32767.0 -32767.0 -32767.0 -32767.0 -32767.0 -32767.0 -32767.0 -32767.0 -32767.0 -32767.0 -32767.0 -32767.0 -32767.0 -32767.0 -32767.0 -32767.0 -32767.0 -32767.0 -32767.0 -32767.0 -32767.0 -32767.0 -32767.0 -32767.0 -32767.0 -32767.0 -32767.0 -32767.0 -32767.0 -32767.0 -32767.0 -32767.0 -32767.0 -32767.0 -32767.0 -32767.0 -32767.0 -32767.0 -32767.0 -32767.0 -32767.0 -32767.0 33.761757 33.90161 33.793644 33.693493 33.558937 32.537483 32.357876 32.565193 32.496117 33.068855 33.124462 34.04592 33.9918 34.03271 34.11663
-32767.0 -32767.0 -32767.0 -32767.0 -32767.0 -32767.0 -32767.0 -32767.0 -32767.0 -32767.0 -32767.0 -32767.0 -32767.0 -32767.0 -32767.0 -32767.0 -32767.0 -32767.0 -32767.0 -32767.0 -32767.0 -32767.0 -32767.0 -32767.0 -32767.0 -32767.0 -32767.0 -32767.0 -32767.0 -32767.0 -32767.0 -32767.0 -32767.0 -32767.0 -32767.0 -32767.0 -32767.0 -32767.0 -32767.0 -32767.0 -32767.0 -32767.0 -32767.0 -32767.0 -32767.0 31.54812 -32767.0 33.311783 33.87171 33.75066 33.69487 32.21053 32.17774 32.361713 32.62984 32.752945 32.918274 33.020073 33.705814 33.913326 34.20392 34.15092
-32767.0 -32767.0 -32767.0 -32767.0 -32767.0 -32767.0 -32767.0 -32767.0 -32767.0 -32767.0 -32767.0 -32767.0 -32767.0 -32767.0 -32767.0 -32767.0 -32767.0 -32767.0 -32767.0 -32767.0 -32767.0 -32767.0 -32767.0 -32767.0 -32767.0 -32767.0 -32767.0 -32767.0 -32767.0 -32767.0 -32767.0 -32767.0 -32767.0 -32767.0 -32767.0 -32767.0 -32767.0 -32767.0 -32767.0 -32767.0 -32767.0 -32767.0 -32767.0 -32767.0 -32767.0 -32767.0 33.588757 33.941082 33.637043 33.560555 33.17707 32.64733 32.570023 32.5888 32.625484 32.65026 32.64111 32.68821 33.379463 34.190327 34.22292 34.244442
-32767.0 -32767.0 -32767.0 -32767.0 -32767.0 -32767.0 -32767.0 -32767.0 -32767.0 -32767.0 -32767.0 -32767.0 -32767.0 -32767.0 -32767.0 -32767.0 -32767.0 -32767.0 -32767.0 -32767.0 -32767.0 -32767.0 -32767.0 -32767.0 -32767.0 -32767.0 -32767.0 -32767.0 -32767.0 -32767.0 -32767.0 -32767.0 -32767.0 -32767.0 -32767.0 -32767.0 -32767.0 -32767.0 -32767.0 -32767.0 -32767.0 -32767.0 -32767.0 -32767.0 33.235603 33.82077 33.874638 33.594254 33.471455 33.1179 32.50153 32.445858 -32767.0 -32767.0 -32767.0 -32767.0 32.80139 33.16326 34.20926 34.308453 34.23333 34.231434
-32767.0 -32767.0 -32767.0 -32767.0 -32767.0 -32767.0 -32767.0 -32767.0 -32767.0 -32767.0 -32767.0 -32767.0 -32767.0 -32767.0 -32767.0 -32767.0 -32767.0 -32767.0 -32767.0 -32767.0 -32767.0 -32767.0 -32767.0 -32767.0 -32767.0 -32767.0 -32767.0 -32767.0 -32767.0 -32767.0 -32767.0 -32767.0 -32767.0 -32767.0 -32767.0 -32767.0 -32767.0 -32767.0 -32767.0 -32767.0 -32767.0 -32767.0 -32767.0 33.74016 33.87538 33.712734 33.471497 32.747482 32.75839 32.877895 32.369087 32.586323 -32767.0 -32767.0 -32767.0 -32767.0 32.812325 34.070454 34.302338 34.330345 34.295597 34.138523
-32767.0 -32767.0 -32767.0 -32767.0 -32767.0 -32767.0 -32767.0 -32767.0 -32767.0 -32767.0 -32767.0 -32767.0 -32767.0 -32767.0 -32767.0 -32767.0 -32767.0 -32767.0 -32767.0 -32767.0 -32767.0 -32767.0 -32767.0 -32767.0 -32767.0 -32767.0 -32767.0 -32767.0 -32767.0 -32767.0 -32767.0 -32767.0 -32767.0 -32767.0 -32767.0 -32767.0 -32767.0 -32767.0 -32767.0 -32767.0 -32767.0 33.40011 33.138527 33.59931 33.760986 33.020462 32.780872 32.62347 32.62684 32.55093 32.65326 -32767.0 -32767.0 -32767.0 -32767.0 -32767.0 34.01649 34.24017 34.325478 34.368977 34.254936 34.230175
-32767.0 -32767.0 -32767.0 -32767.0 -32767.0 -32767.0 -32767.0 -32767.0 -32767.0 -32767.0 -32767.0 -32767.0 -32767.0 -32767.0 -32767.0 -32767.0 -32767.0 -32767.0 -32767.0 -32767.0 -32767.0 -32767.0 -32767.0 -32767.0 -32767.0 -32767.0 -32767.0 -32767.0 -32767.0 -32767.0 -32767.0 -32767.0 -32767.0 -32767.0 -32767.0 -32767.0 -32767.0 -32767.0 -32767.0 -32767.0 -32767.0 33.559483 33.433243 33.60285 33.404747 32.280743 32.728405 32.733505 32.730843 32.794273 32.513264 -32767.0 -32767.0 -32767.0 -32767.0 33.95946 34.208366 34.329437 34.30556 34.323654 34.230167 34.48339
-32767.0 -32767.0 -32767.0 -32767.0 -32767.0 -32767.0 -32767.0 -32767.0 -32767.0 -32767.0 -32767.0 -32767.0 -32767.0 -32767.0 -32767.0 -32767.0 -32767.0 -32767.0 -32767.0 -32767.0 -32767.0 -32767.0 -32767.0 -32767.0 -32767.0 -32767.0 -32767.0 -32767.0 -32767.0 -32767.0 -32767.0 -32767.0 -32767.0 -32767.0 -32767.0 -32767.0 -32767.0 -32767.0 -32767.0 33.27289 33.406773 33.43031 33.39977 33.366314 32.93608 32.117676 32.661816 32.331524 32.4076 32.354576 -32767.0 -32767.0 -32767.0 -32767.0 -32767.0 34.063694 34.310837 34.357697 34.324364 34.258995 34.376022 34.366238
-32767.0 -32767.0 -32767.0 -32767.0 -32767.0 -32767.0 -32767.0 -32767.0 -32767.0 -32767.0 -32767.0 -32767.0 -32767.0 -32767.0 -32767.0 -32767.0 -32767.0 -32767.0 -32767.0 -32767.0 -32767.0 -32767.0 -32767.0 -32767.0 -32767.0 -32767.0 -32767.0 -32767.0 -32767.0 -32767.0 -32767.0 -32767.0 -32767.0 -32767.0 -32767.0 -32767.0 -32767.0 -32767.0 33.069935 33.374943 33.392525 33.449215 33.09124 32.251453 31.830317 31.945177 32.731903 32.186657 31.94998 32.319866 -32767.0 -32767.0 -32767.0 -32767.0 -32767.0 34.190094 34.34192 34.337494 34.336617 34.26979 34.37173 34.35014
-32767.0 -32767.0 -32767.0 -32767.0 -32767.0 -32767.0 -32767.0 -32767.0 -32767.0 -32767.0 -32767.0 -32767.0 -32767.0 -32767.0 -32767.0 -32767.0 -32767.0 -32767.0 -32767.0 -32767.0 -32767.0 -32767.0 -32767.0 -32767.0 -32767.0 -32767.0 -32767.0 -32767.0 -32767.0 -32767.0 -32767.0 -32767.0 -32767.0 -32767.0 -32767.0 -32767.0 32.848015 33.12038 32.96603 32.933514 33.109634 32.82478 32.511177 31.696085 31.61414 32.72265 -32767.0 32.670673 31.895304 -32767.0 -32767.0 -32767.0 -32767.0 -32767.0 33.827393 34.26621 34.330597 34.33717 34.307907 34.344067 34.40528 34.362648
-32767.0 -32767.0 -32767.0 -32767.0 -32767.0 -32767.0 -32767.0 -32767.0 -32767.0 -32767.0 -32767.0 -32767.0 -32767.0 -32767.0 -32767.0 -32767.0 -32767.0 -32767.0 -32767.0 -32767.0 -32767.0 -32767.0 -32767.0 -32767.0 -32767.0 -32767.0 -32767.0 -32767.0 -32767.0 -32767.0 -32767.0 -32767.0 -32767.0 -32767.0 -32767.0 32.85159 33.37898 31.74902 31.989883 32.502483 33.529846 33.540237 32.5362 31.614803 31.531313 33.22907 -32767.0 33.33248 31.284517 -32767.0 -32767.0 -32767.0 -32767.0 -32767.0 33.81667 34.297863 34.315777 34.29902 34.30301 34.442123 34.42023 34.293606
-32767.0 -32767.0 -32767.0 -32767.0 -32767.0 -32767.0 -32767.0 -32767.0 -32767.0 -32767.0 -32767.0 -32767.0 -32767.0 -32767.0 -32767.0 -32767.0 -32767.0 -32767.0 -32767.0 -32767.0 -32767.0 -32767.0 -32767.0 -32767.0 -32767.0 -32767.0 -32767.0 -32767.0 -32767.0 -32767.0 -32767.0 -32767.0 -32767.0 -32767.0 -32767.0 31.39486 31.757015 32.88548 33.725876 33.72312 33.72832 33.338074 32.53984 31.770588 33.475445 33.138817 33.357197 33.38451 30.765625 -32767.0 -32767.0 -32767.0 -32767.0 -32767.0 34.14932 34.32986 34.314945 34.281406 34.30528 34.361137 34.35772 34.32499
-32767.0 -32767.0 -32767.0 -32767.0 -32767.0 -32767.0 -32767.0 -32767.0 -32767.0 -32767.0 -32767.0 -32767.0 -32767.0 -32767.0 -32767.0 -32767.0 -32767.0 -32767.0 -32767.0 -32767.0 -32767.0 -32767.0 -32767.0 -32767.0 -32767.0 -32767.0 -32767.0 25.117249 -32767.0 28.511515 -32767.0 29.932405 29.773312 30.672161 31.312414 32.609207 33.248104 33.74418 33.836067 33.763844 33.693104 33.088455 33.07179 32.99786 33.287453 33.358177 33.42223 33.840115 32.816635 -32767.0 -32767.0 -32767.0 -32767.0 33.72383 34.230392 34.34501 34.335846 34.317234 34.26999 34.300194 34.3279 34.318153
-32767.0 -32767.0 -32767.0 -32767.0 -32767.0 -32767.0 -32767.0 -32767.0 -32767.0 -32767.0 -32767.0 -32767.0 -32767.0 -32767.0 -32767.0 -32767.0 -32767.0 -32767.0 -32767.0 -32767.0 -32767.0 -32767.0 -32767.0 8.588907 -32767.0 -32767.0 29.433008 29.657688 29.455263 29.671843 29.431028 30.981531 32.420494 32.779064 33.29609 33.737007 33.826973 33.788376 33.65662 33.692608 33.579956 33.456573 33.41144 33.396584 33.531693 33.76124 33.899296 34.023525 33.86127 30.996834 -32767.0 -32767.0 32.37015 34.080837 34.37526 34.333115 34.346443 34.314705 34.33333 34.28742 34.346848 34.32158
-32767.0 -32767.0 -32767.0 -32767.0 -32767.0 -32767.0 -32767.0 -32767.0 -32767.0 -32767.0 -32767.0 -32767.0 -32767.0 -32767.0 -32767.0 -32767.0 -32767.0 -32767.0 -32767.0 -32767.0 -32767.0 -32767.0 -32767.0 20.66536 7.7045383 24.660427 27.234327 28.235643 31.43836 33.226112 33.773132 33.797832 33.765266 33.74742 33.744514 33.753433 33.650078 33.579876 33.59755 33.61563 33.576336 33.523575 33.625748 33.8962 34.131535 34.20036 34.219055 34.203354 34.219368 33.730797 32.22307 -32767.0 32.44686 34.116238 34.35633 34.37766 34.37308 34.305355 34.299164 34.3194 34.375866 34.351845
-32767.0 -32767.0 -32767.0 -32767.0 -32767.0 -32767.0 -32767.0 -32767.0 -32767.0 -32767.0 -32767.0 -32767.0 -32767.0 -32767.0 -32767.0 -32767.0 -32767.0 -32767.0 -32767.0 -32767.0 14.113912 17.940321 17.76379 25.15583 30.063726 -32767.0 32.872616 33.84097 33.827602 33.800262 33.82938 33.84077 33.7904 33.709892 33.623093 33.583073 33.547894 33.559296 33.66769 33.724422 33.8059 34.023838 34.296703 34.240875 34.129543 34.1682 34.17759 34.19824 34.235252 34.130516 33.406116 -32767.0 33.221176 34.199253 34.313225 34.335785 34.29553 34.332 34.336967 34.360115 34.38946 34.413605
-32767.0 -32767.0 32.415977 -32767.0 -32767.0 -32767.0 -32767.0 -32767.0 -32767.0 -32767.0 -32767.0 -32767.0 -32767.0 -32767.0 -32767.0 -32767.0 29.400301 -32767.0 24.384003 24.21666 22.189001 29.213202 31.268984 30.669891 32.280556 33.686314 33.794632 33.818874 33.812847 33.818016 33.847527 33.82503 33.81406 33.771183 33.719353 33.684597 33.64256 33.800167 34.106934 34.263058 34.291473 34.245594 34.174664 34.101154 34.278698 34.27129 34.30851 34.280354 34.253887 34.26897 34.128426 34.058517 34.203945 34.375774 34.31674 34.331177 34.30623 34.245853 34.331287 34.341515 34.343643 34.3539
-32767.0 31.744545 31.950142 31.757849 31.66678 -32767.0 31.83839 31.803661 -32767.0 -32767.0 -32767.0 -32767.0 -32767.0 32.683594 32.02103 31.084766 31.470598 29.710892 31.309412 30.387856 32.475563 32.806725 33.443302 33.74665 33.76094 33.809296 33.842667 33.82764 33.852596 33.85777 33.872295 33.888363 33.97047 33.979877 34.002518 34.127968 34.07666 34.13413 34.216515 34.22588 34.24043 34.190414 34.035316 34.04577 34.243828 34.24241 34.247883 34.249584 34.241955 34.265408 34.070305 34.23899 34.24199 34.276184 34.32772 34.320637 34.305817 34.35053 34.39408 34.436783 34.380272 34.35495
32.294704 32.717052 32.73671 32.53774 32.270657 32.126762 32.00061 31.921234 -32767.0 -32767.0 -32767.0 32.937614 33.26762 33.44363 33.53992 33.776814 33.73578 33.82523 33.606026 33.77215 33.753006 33.73611 33.713047 33.73691 33.8525 33.88792 33.881927 33.87603 33.874424 33.954193 34.026215 34.184387 34.247074 34.267418 34.243042 34.223747 34.136894 34.224854 34.20157 34.224583 34.182365 34.19652 34.078075 34.070072 34.003834 34.082394 34.141315 34.127518 34.056416 34.050686 34.16915 34.197735 34.35082 34.346577 34.314484 34.30296 34.301258 34.323322 34.44687 34.46948 34.350002 34.3309
32.740433 32.991135 32.96466 32.92674 32.751125 32.453217 32.095913 -32767.0 -32767.0 30.9886 -32767.0 33.268024 33.7086 33.795975 33.82098 33.85348 33.88179 33.818542 33.734352 33.718716 33.693867 33.621937 33.604614 33.721703 33.920193 33.92979 33.913166 33.89804 33.903168 34.09683 34.153736 34.194542 34.267822 34.282845 34.323654 34.332077 34.224674 34.225216 34.203533 34.20178 34.141563 34.11079 34.161648 34.144936 34.085117 34.04467 34.04148 34.031918 34.0931 33.995834 34.088856 34.293568 34.315777 34.32136 34.292274 34.24449 34.25716 34.347137 34.53024 34.49493 34.34084 34.31969
33.053734 33.068962 33.000412 32.979332 32.895786 32.54115 32.287617 31.988594 -32767.0 -32767.0 32.458908 32.884583 33.464924 33.83791 33.878155 33.858147 33.795998 33.73154 33.659595 33.61066 33.58282 33.57091 33.6568 33.61284 33.933907 33.961792 33.95352 33.919094 33.949093 34.06266 34.09237 34.228935 34.318344 34.371323 34.396553 34.3465 34.28776 34.179512 34.250076 34.221478 34.21967 34.24837 34.33436 34.32168 34.28615 34.240883 34.192535 34.139202 33.997837 34.179714 33.988743 34.106487 34.286064 34.30496 34.270912 34.32295 34.359238 34.476795 34.539803 34.571426 34.464455 34.337685
33.150143 33.03189 32.971394 32.915424 32.947655 32.67609 32.436646 32.150364 -32767.0 -32767.0 32.57366 32.62198 33.0362 34.005882 33.949177 33.886803 33.925762 33.857872 33.732132 33.666954 33.611782 33.535454 33.686176 33.67923 33.892906 33.930756 33.934105 33.945885 33.961163 33.98889 34.033993 34.168266 34.377018 34.34821 34.34453 34.243473 34.205864 34.243587 34.258446 34.296932 34.365223 34.375095 34.328556 34.269268 34.135033 34.030727 34.030937 34.0993 34.017845 33.94871 33.797016 33.578716 33.593483 34.09512 34.370476 34.36783 -32767.0 34.476456 34.506912 34.554977 34.626755 34.62758
33.192707 33.167923 33.18697 32.893303 32.9238 32.761528 32.625862 32.328888 32.331806 32.511097 32.576904 32.58013 33.04183 33.86417 33.86701 33.801884 33.538357 33.38205 33.37129 33.39778 33.472416 33.51487 33.659836 33.75648 33.879463 33.924473 33.955605 33.880993 33.86721 33.92028 34.004444 34.204693 34.348835 34.347084 34.265366 34.221798 34.312828 34.324577 34.363075 34.3593 34.36127 34.368217 34.323936 34.169537 34.009903 33.855034 33.95641 34.00633 34.181236 33.98955 33.87518 33.551834 33.53637 33.706993 34.235943 34.406013 34.421383 34.50448 34.521446 34.564304 34.645386 34.64713
33.379223 33.34659 33.32995 33.189175 32.902927 32.768887 32.64709 32.61722 32.53293 -32767.0 -32767.0 -32767.0 33.21336 33.275314 33.81699 33.63707 33.372726 33.34627 33.490967 33.547443 33.593384 33.6247 33.71519 33.82379 33.90308 33.93912 33.85219 33.853245 33.9291 33.974907 34.05718 34.247623 34.328922 34.31055 34.28139 34.292072 34.346897 34.29691 34.253292 34.221966 34.210865 34.25144 34.318535 34.210037 33.993687 33.68874 33.918747 34.07269 33.998775 34.017044 33.895267 33.462383 33.48378 33.985794 34.176174 34.41231 34.435944 34.453064 34.441395 34.440098 34.644753 34.648823
