static/data/salinity/2023/7/23/12.asc
ncols 137
nrows 93
xllcorner 108.0
yllcorner 17.0
cellsize 0.25
NODATA_value -32767
[rows 0 to 26 of 93, columns 61 to 121 of 137]
-32767.0 -32767.0 -32767.0 -32767.0 -32767.0 -32767.0 -32767.0 -32767.0 -32767.0 -32767.0 -32767.0 -32767.0 -32767.0 -32767.0 -32767.0 -32767.0 -32767.0 -32767.0 -32767.0 31.897085 31.892485 32.10871 33.067257 33.038162 33.09235 33.13417 33.099606 33.301815 33.416725 33.54355 33.57834 33.54515 33.66853 33.879585 33.87053 33.81859 33.85358 33.902287 33.665756 33.539356 33.09322 33.103706 33.511303 33.536552 33.71827 33.9032 33.897186 33.905743 33.937096 33.929153 33.928776 33.929096 33.918526 33.917427 33.964813 33.664726 33.257957 33.204403 33.409046 33.695305 33.707466
30.03909 29.928886 29.815619 29.613861 29.421158 29.094494 28.701193 -32767.0 -32767.0 -32767.0 -32767.0 -32767.0 -32767.0 -32767.0 -32767.0 -32767.0 -32767.0 -32767.0 32.39686 32.29603 32.77167 32.939667 32.898823 33.30594 33.24426 33.21015 33.266663 33.2028 33.234814 33.27535 33.327435 33.20112 33.34803 33.692764 33.93675 33.842857 33.87472 33.86458 33.70598 33.605934 33.067047 33.28013 33.490204 33.483665 33.736786 34.000694 33.885494 33.76384 33.750443 33.7915 33.832024 33.908566 33.917442 33.978863 33.247307 33.45677 33.520287 33.372425 33.23601 33.57708 33.63155
29.989897 29.816746 29.616875 29.423147 29.206749 28.949589 28.571775 28.008615 27.611416 -32767.0 -32767.0 -32767.0 -32767.0 -32767.0 -32767.0 -32767.0 -32767.0 -32767.0 32.676636 32.63687 33.3068 32.8064 33.24499 33.19723 32.98531 32.95379 33.130802 33.34913 33.33849 33.21832 33.30854 33.06707 33.175156 34.007164 33.974453 33.928764 33.98454 33.959805 33.801556 33.292507 33.25136 33.36247 33.445114 33.484753 33.92043 33.88618 33.61507 33.605675 33.61649 33.678738 33.8527 34.02763 33.990086 33.37389 33.399715 33.63135 33.48227 33.302765 33.2213 33.562664 33.59647
29.849152 29.832277 29.878006 29.297594 29.144508 28.964333 28.799044 28.654488 27.782265 -32767.0 -32767.0 -32767.0 -32767.0 -32767.0 -32767.0 -32767.0 -32767.0 31.673885 32.423077 32.82997 33.151047 32.85467 33.263935 33.134956 33.0458 32.92737 33.111618 33.053684 33.29831 33.13632 33.070965 32.77931 33.37821 34.05429 34.02277 33.869198 33.67938 33.70372 33.13177 33.672615 34.0351 33.657055 33.49566 33.89874 34.102962 33.81521 33.770115 33.81704 33.70765 33.654034 33.658756 33.570236 33.401344 33.550373 33.620537 33.549725 33.64114 33.577892 33.598278 33.5915 33.87875
29.962267 30.281765 30.23083 29.956146 29.590443 28.677338 28.542643 28.55509 -32767.0 -32767.0 -32767.0 -32767.0 -32767.0 -32767.0 -32767.0 -32767.0 -32767.0 -32767.0 -32767.0 32.35453 33.069603 32.76007 32.881268 33.223587 33.091873 33.1 32.926655 33.054794 33.349915 32.937687 32.71655 32.531364 32.92587 33.290497 33.54579 33.637608 33.48356 33.30638 33.70924 33.96925 34.065 33.98708 33.61236 33.91495 34.037655 34.11424 34.11733 33.990562 33.72249 33.547287 33.6891 33.582134 33.554554 33.64036 33.82941 33.82007 33.723473 33.57963 33.58201 33.62521 34.007675
30.218328 30.207233 30.182446 30.132498 29.973099 29.575449 28.141638 28.265738 -32767.0 -32767.0 -32767.0 -32767.0 -32767.0 -32767.0 -32767.0 -32767.0 -32767.0 -32767.0 -32767.0 -32767.0 32.550274 32.652252 32.570904 33.31467 33.009026 33.046684 32.690857 32.796673 33.28776 33.275574 33.003994 32.803158 32.925106 33.059402 33.164177 33.22043 33.235847 33.693268 33.74591 34.09247 34.19858 33.95395 33.72214 33.930386 33.924694 33.87562 33.815804 33.70908 33.592964 33.460808 33.676605 33.62586 33.60172 33.74106 33.776863 33.652542 33.792805 33.93767 33.849323 33.7501 33.990265
29.415392 29.523197 29.713907 30.001194 29.917952 29.171793 28.306087 28.14487 -32767.0 -32767.0 -32767.0 -32767.0 -32767.0 -32767.0 -32767.0 -32767.0 -32767.0 -32767.0 -32767.0 -32767.0 -32767.0 32.59415 32.501038 33.173794 33.023754 33.090893 32.637806 32.322563 32.96651 33.057663 33.25245 33.387264 33.16797 33.070557 33.155296 33.345734 33.783604 33.798805 33.647007 33.740284 33.762848 33.782837 33.777534 33.670902 33.633102 33.66804 33.528694 33.59147 33.64162 33.602802 33.67951 33.69071 33.56885 33.50864 33.662178 33.659134 33.94272 33.9984 33.992493 33.84083 33.97181
29.283363 29.429377 29.633675 29.757168 29.385778 27.628357 27.460096 -32767.0 -32767.0 -32767.0 -32767.0 -32767.0 -32767.0 -32767.0 -32767.0 -32767.0 -32767.0 -32767.0 -32767.0 -32767.0 -32767.0 -32767.0 32.493626 32.813267 33.1154 33.108215 32.805767 32.224686 32.88717 32.64683 33.010677 33.014553 33.662617 33.497173 33.474705 33.58621 33.735153 33.914055 33.604504 33.582165 33.605873 33.568172 33.547203 33.52913 33.444813 33.387596 33.64919 33.747417 33.70772 33.720474 33.72542 33.653267 33.631897 33.514633 33.373158 33.884655 33.950233 34.03788 34.015305 33.86527 33.940712
29.095942 29.257586 29.476994 29.625154 28.756378 28.05723 -32767.0 24.617434 -32767.0 -32767.0 -32767.0 -32767.0 -32767.0 -32767.0 -32767.0 -32767.0 -32767.0 -32767.0 -32767.0 -32767.0 -32767.0 -32767.0 32.571873 32.394962 32.996647 33.01994 32.565136 32.335392 32.979046 32.953312 33.024673 33.646076 33.564552 33.424717 33.499626 33.470364 33.43552 33.518654 33.63681 33.650578 33.57594 33.436375 33.29441 33.303013 33.335472 33.55425 33.772457 33.87469 33.914833 33.941734 33.733128 33.581745 33.555717 33.570286 33.998394 33.705784 33.866905 33.862675 33.771404 33.912598 -32767.0
28.949156 29.094017 29.235136 29.297596 29.479748 29.31661 29.152592 27.572876 24.265247 21.853817 22.771912 20.21256 16.387596 -32767.0 -32767.0 -32767.0 -32767.0 -32767.0 -32767.0 -32767.0 -32767.0 -32767.0 -32767.0 32.429985 32.43171 33.072502 32.22204 32.12671 32.708664 33.540886 33.68677 33.694603 33.639454 33.42215 33.330822 33.266407 33.237274 33.268 33.28406 33.269123 33.375565 33.305843 33.60771 33.819366 33.827625 33.69527 33.86775 33.935898 33.86011 33.919796 33.940926 34.01202 34.0423 34.02658 33.621796 33.522125 33.527027 33.668587 33.703213 33.677074 33.880318
28.79267 28.986605 29.290085 29.384996 29.438066 29.506714 29.42517 29.185911 28.480602 27.65848 26.603407 25.82972 24.344082 -32767.0 -32767.0 -32767.0 -32767.0 -32767.0 -32767.0 -32767.0 -32767.0 -32767.0 -32767.0 -32767.0 33.125763 33.071114 32.021812 31.911985 31.936855 33.117027 33.52033 33.81887 33.757786 33.558815 33.497948 33.39699 33.296436 33.1584 33.27657 33.410275 33.281574 33.765785 33.97678 33.733536 33.65843 33.692078 33.84661 33.806236 33.94611 33.65356 33.449932 33.438168 33.98574 33.936474 33.567955 33.53648 -32767.0 33.631012 33.71736 33.659874 33.872044
28.701586 28.759026 29.299913 29.603712 29.931505 30.221529 30.19619 30.115095 29.554241 29.225695 29.01255 28.276316 25.065653 19.971214 17.017118 -32767.0 -32767.0 -32767.0 -32767.0 -32767.0 -32767.0 -32767.0 -32767.0 -32767.0 -32767.0 32.27968 31.932308 31.895527 32.073467 32.547234 33.04614 33.366398 33.80602 33.847202 33.686348 33.338158 33.251194 33.205536 33.31695 33.46705 33.259518 33.843296 34.108917 34.06737 33.99622 33.9502 33.922825 33.869602 33.868202 33.56316 33.374413 33.229015 33.24379 33.49286 -32767.0 -32767.0 33.64382 33.773514 33.712086 33.00409 32.637573
28.698263 28.667625 29.252203 29.50066 29.652645 29.935587 30.0847 30.244461 29.978313 29.821924 29.23395 29.299543 27.678669 -32767.0 16.526669 -32767.0 -32767.0 -32767.0 -32767.0 -32767.0 -32767.0 -32767.0 -32767.0 -32767.0 -32767.0 32.382286 31.96523 31.82213 31.680746 32.318985 32.80788 32.888405 33.20165 33.613663 33.477962 33.36997 33.210953 33.281536 33.35442 33.59229 33.848194 34.06434 34.02233 33.970234 33.92206 33.872326 33.865005 33.895752 33.850655 33.83351 33.968624 33.166203 33.34144 33.28584 -32767.0 33.588814 33.634144 33.53559 -32767.0 -32767.0 -32767.0
29.321608 28.805788 29.773815 30.12731 30.221418 30.152494 30.25646 30.21106 30.251835 30.227882 29.749086 28.867502 -32767.0 -32767.0 -32767.0 -32767.0 -32767.0 -32767.0 -32767.0 -32767.0 -32767.0 -32767.0 -32767.0 -32767.0 -32767.0 32.37237 31.912533 31.827955 31.653767 32.183765 32.389587 32.393166 32.79199 33.10577 33.270737 33.2718 33.172455 33.27853 33.218796 33.57476 33.587135 34.12985 34.071926 34.006626 33.78969 33.753704 33.835835 33.86194 33.92045 33.904976 33.908752 33.693977 33.121094 33.254986 32.938694 -32767.0 33.620834 -32767.0 -32767.0 -32767.0 -32767.0
29.396942 29.271643 29.937963 30.584944 30.65459 30.573093 30.764677 30.740667 30.643038 30.189188 29.947487 29.015524 26.991844 -32767.0 -32767.0 -32767.0 -32767.0 -32767.0 -32767.0 -32767.0 -32767.0 -32767.0 -32767.0 -32767.0 -32767.0 32.501152 31.990108 31.75143 31.646975 31.632404 32.19062 32.631813 32.8674 33.17739 33.27385 32.991528 33.011757 33.056053 33.1276 33.055782 33.542877 33.623116 33.72077 33.73276 33.72047 33.920795 33.96293 33.936363 33.841843 33.995777 33.97147 33.905792 33.112267 32.832333 -32767.0 -32767.0 -32767.0 -32767.0 -32767.0 -32767.0 -32767.0
29.407236 29.400982 29.91794 30.117428 30.38624 30.514666 30.753798 30.823137 30.739897 30.576656 30.450142 29.662033 28.048758 25.731174 -32767.0 -32767.0 -32767.0 -32767.0 -32767.0 -32767.0 -32767.0 -32767.0 -32767.0 -32767.0 -32767.0 32.377052 31.71861 31.751585 32.499275 32.455177 32.096386 32.090816 33.006603 33.133747 33.19703 33.249847 32.82783 32.870823 32.963768 32.958164 -32767.0 33.647495 33.726315 33.697212 33.399334 33.894917 33.97912 34.00227 33.984657 34.027195 34.163754 33.29263 -32767.0 -32767.0 -32767.0 -32767.0 -32767.0 -32767.0 -32767.0 -32767.0 -32767.0
29.412691 29.464611 29.647272 29.71334 29.808378 30.17435 30.817438 31.104656 30.93973 30.69096 30.351377 29.94716 28.80458 25.132317 -32767.0 -32767.0 -32767.0 -32767.0 -32767.0 -32767.0 -32767.0 -32767.0 -32767.0 -32767.0 -32767.0 -32767.0 31.66866 31.730093 32.55341 32.83117 32.821407 32.393555 33.19913 33.009277 32.5094 32.64539 33.278778 33.15439 33.0125 33.144787 33.06755 33.00988 33.03677 33.389244 33.19343 32.93609 33.62359 33.850998 33.372417 32.90719 32.902626 32.813423 -32767.0 -32767.0 -32767.0 -32767.0 -32767.0 -32767.0 -32767.0 -32767.0 -32767.0
29.523823 29.570993 29.95661 30.16894 30.111723 30.29661 30.643366 31.036093 30.82133 30.42904 30.329145 30.210096 28.25775 24.064623 23.943989 -32767.0 -32767.0 -32767.0 -32767.0 -32767.0 -32767.0 -32767.0 -32767.0 -32767.0 -32767.0 31.469725 31.810892 31.713161 32.52959 32.552174 32.531433 32.99739 32.48262 32.31667 32.54266 32.68275 33.772156 33.62963 33.33362 32.74651 32.751266 32.719784 32.71102 32.692917 32.684376 32.75699 32.71505 32.814926 -32767.0 32.76777 32.491417 32.143448 -32767.0 -32767.0 -32767.0 -32767.0 -32767.0 -32767.0 -32767.0 -32767.0 -32767.0
29.991798 30.0901 30.150568 30.339008 30.660315 30.749708 31.006777 31.178757 31.20881 31.250399 30.406101 28.618452 25.807205 23.597822 -32767.0 -32767.0 -32767.0 -32767.0 -32767.0 -32767.0 -32767.0 -32767.0 -32767.0 -32767.0 -32767.0 31.509989 31.961267 31.86482 31.632248 31.702002 31.993183 32.240074 32.525356 32.885925 32.855404 32.76388 32.717667 32.75104 32.70591 -32767.0 -32767.0 32.75754 32.764034 -32767.0 -32767.0 -32767.0 -32767.0 -32767.0 -32767.0 -32767.0 -32767.0 -32767.0 -32767.0 -32767.0 -32767.0 -32767.0 -32767.0 -32767.0 -32767.0 -32767.0 -32767.0
29.985134 30.16859 30.474463 30.846676 30.99856 31.343674 31.447874 31.378298 31.377293 31.022364 29.19397 29.347288 24.152237 -32767.0 -32767.0 -32767.0 -32767.0 -32767.0 -32767.0 -32767.0 -32767.0 -32767.0 -32767.0 -32767.0 32.162395 31.353577 31.890598 31.932116 31.901257 32.100285 32.163128 32.44443 32.927185 32.966034 32.783577 32.762646 32.836433 32.730892 -32767.0 -32767.0 -32767.0 -32767.0 -32767.0 -32767.0 -32767.0 -32767.0 -32767.0 -32767.0 -32767.0 -32767.0 -32767.0 -32767.0 -32767.0 -32767.0 -32767.0 -32767.0 -32767.0 -32767.0 -32767.0 -32767.0 -32767.0
30.02049 30.672876 30.927126 31.009623 31.083374 31.204018 31.326601 31.363869 31.424837 31.08023 30.208998 29.57341 23.202711 -32767.0 -32767.0 -32767.0 -32767.0 -32767.0 -32767.0 -32767.0 -32767.0 31.502209 31.076487 31.478382 31.41678 31.728863 31.808363 31.99084 32.039333 32.23793 32.270763 32.75876 32.946983 32.720795 32.7747 32.48677 -32767.0 -32767.0 -32767.0 -32767.0 -32767.0 -32767.0 -32767.0 -32767.0 -32767.0 -32767.0 -32767.0 -32767.0 -32767.0 -32767.0 -32767.0 -32767.0 -32767.0 -32767.0 30.396605 -32767.0 -32767.0 -32767.0 -32767.0 -32767.0 -32767.0
29.91375 30.174276 30.465893 30.672655 30.775352 30.958576 31.200634 31.345774 31.39497 31.470842 30.917736 29.312973 28.052488 -32767.0 -32767.0 -32767.0 -32767.0 28.128675 30.637861 30.56486 30.996656 31.249638 31.353832 31.290146 31.725796 31.939825 31.870909 32.07794 32.156227 32.403763 32.755074 32.95049 32.86364 32.774143 32.64188 -32767.0 -32767.0 -32767.0 -32767.0 -32767.0 -32767.0 -32767.0 -32767.0 -32767.0 -32767.0 30.364595 29.906593 -32767.0 -32767.0 -32767.0 -32767.0 -32767.0 -32767.0 -32767.0 30.901451 -32767.0 -32767.0 -32767.0 -32767.0 -32767.0 33.46207
29.902489 30.14506 30.47563 30.652405 30.744736 30.774267 30.88605 31.040047 31.133863 31.268593 31.229622 30.380753 -32767.0 28.35359 -32767.0 30.220743 -32767.0 30.08358 -32767.0 31.223782 31.16049 31.145733 31.2022 31.521238 31.897444 32.000313 32.091087 32.18695 32.2938 32.66831 33.054012 32.806156 32.640617 -32767.0 -32767.0 -32767.0 -32767.0 -32767.0 -32767.0 -32767.0 -32767.0 31.422758 31.29805 30.906658 30.488518 30.723412 30.71421 30.074476 29.514599 -32767.0 -32767.0 -32767.0 -32767.0 -32767.0 30.966118 31.062656 32.829533 33.701237 33.86459 33.810562 33.627502
29.989294 30.039211 30.287138 30.342041 30.343298 30.379091 30.515268 30.73741 31.005314 31.134893 31.121895 30.973593 30.478981 30.011986 30.143078 30.161823 30.828121 30.69533 30.642414 30.99359 31.319862 31.620195 31.87295 32.286186 -32767.0 32.31815 32.648808 32.817364 32.86456 33.0771 32.897854 -32767.0 -32767.0 -32767.0 -32767.0 -32767.0 31.11944 31.297659 31.574886 31.608322 31.211468 31.078629 30.875946 -32767.0 -32767.0 30.756174 30.787819 29.749224 -32767.0 -32767.0 -32767.0 -32767.0 -32767.0 33.020107 32.458984 32.766933 33.94457 34.04443 34.018394 34.0076 34.012962
30.208523 30.35027 30.285221 30.329716 30.260862 30.309353 30.488325 30.720503 31.348125 31.274782 31.075144 31.157158 31.182714 31.067743 30.863756 30.892687 31.259277 31.498075 31.336891 31.347145 31.840736 32.416534 32.71163 32.87202 32.891808 33.11702 32.929817 32.883144 33.026276 32.428883 32.27958 31.33783 -32767.0 32.791435 32.81526 -32767.0 31.799086 32.373802 31.942474 -32767.0 30.588577 30.628984 -32767.0 -32767.0 -32767.0 -32767.0 31.125002 30.55741 -32767.0 -32767.0 -32767.0 -32767.0 33.82706 33.872055 33.879574 33.964348 33.947594 33.951736 33.98889 34.00025 33.996628
28.779991 29.492548 29.770918 30.067163 30.160042 30.33305 30.52189 30.634537 30.59285 30.592426 30.71339 30.817833 31.009686 31.221746 31.026596 31.417974 32.180992 32.336327 32.22015 32.334213 32.604317 32.817093 32.990894 32.977467 33.038445 32.932987 -32767.0 32.953568 32.82661 -32767.0 -32767.0 31.481266 31.605162 31.841852 32.320427 32.909893 32.79276 32.719677 -32767.0 -32767.0 -32767.0 -32767.0 -32767.0 -32767.0 -32767.0 -32767.0 31.843197 31.4533 32.29778 -32767.0 -32767.0 33.83388 33.926254 33.95757 33.99437 33.984222 33.97407 33.97113 33.96328 33.91115 33.931618
28.860949 29.545147 29.936079 29.957897 30.069212 30.199665 30.330776 30.426561 30.384459 30.995005 31.929548 32.515995 32.693176 -32767.0 -32767.0 31.819218 32.66437 32.95349 32.97066 32.96291 32.992287 32.96882 33.02434 33.12074 32.88665 32.90035 32.930027 32.633762 -32767.0 -32767.0 -32767.0 -32767.0 -32767.0 -32767.0 32.51583 32.78893 33.14707 -32767.0 -32767.0 -32767.0 -32767.0 -32767.0 33.230717 -32767.0 31.453901 32.703854 33.7882 33.285053 33.245766 33.497128 -32767.0 33.96344 34.009098 33.99705 34.01984 34.019886 33.989315 33.96443 33.87586 33.95085 34.01121
