static/data/salinity/2023/7/23/18.asc
ncols 137
nrows 93
xllcorner 108.0
yllcorner 17.0
cellsize 0.25
NODATA_value -32767
[rows 54 to 80 of 93, columns 62 to 123 of 137]
33.58503 33.90704 33.94161 33.97307 34.069916 34.295734 34.300785 34.129776 34.13321 34.25653 34.4379 34.431515 34.324944 34.53165 34.58207 34.565365 34.575607 34.569202 34.484665 34.464485 34.40172 34.39117 34.38145 34.371056 34.35864 34.511986 34.511307 34.27591 34.413296 34.551308 34.47612 34.425983 34.410103 34.406803 34.35691 34.369106 34.25803 34.28158 34.1591 34.120594 34.13438 34.17055 34.233524 34.298927 34.449013 34.625206 34.64156 34.63405 34.607426 34.562183 34.564056 34.556534 34.703648 34.702396 34.64124 34.723766 34.683712 34.6925 34.724895 34.725 34.77168 34.75128
33.37703 33.558907 33.653984 33.79138 34.022564 34.08693 34.099236 34.138386 34.15696 34.25131 34.459957 34.46752 34.41609 34.588257 34.596092 34.593044 34.56803 -32767.0 34.577633 34.54345 34.424263 34.393402 34.410892 34.410454 34.35411 34.388096 34.63791 34.242393 34.39646 34.552532 34.48183 34.435284 34.412712 34.38925 34.359615 34.287956 34.29995 34.211674 34.25836 34.19602 34.183556 34.20354 34.24532 34.292458 34.3145 34.443783 34.64926 34.651676 34.631725 34.570583 34.58304 34.554325 34.65875 34.625572 34.640064 34.677654 34.704147 34.686707 34.683197 34.77992 34.814167 34.798344
33.471584 33.436108 33.568157 33.870743 34.072414 34.195984 34.167183 34.0876 34.14232 34.381508 34.448647 34.49749 34.45457 34.592243 34.5839 34.594563 34.58342 34.600513 34.62857 34.63358 34.526825 34.42113 34.369896 34.42089 34.38439 34.333954 34.66087 34.28272 34.35566 34.475597 34.525383 34.458675 34.402267 34.36873 34.27412 34.332436 34.315384 34.272827 34.306847 34.409508 34.429108 34.382214 34.26741 34.34138 34.396935 34.352097 34.518585 34.66302 34.62193 34.6233 34.59533 34.60071 34.593864 34.579697 34.594463 34.639072 34.66787 34.66781 34.874153 34.892277 34.849766 34.837814
34.17752 34.13487 34.17768 34.20802 34.15942 34.171066 34.267975 34.443367 34.481735 34.459126 34.45164 34.487602 34.45838 34.567806 34.5254 34.60497 34.636677 34.610252 34.6025 34.601425 34.598164 34.578674 34.58781 34.477684 34.373985 34.3131 34.637985 34.52836 34.346737 34.351906 34.453148 34.442528 34.369114 34.281075 34.352356 34.449192 34.31589 34.369568 34.50658 34.51278 34.404083 34.299915 34.359665 34.28501 34.399673 34.447 34.411255 34.6756 34.671745 34.631603 34.62652 34.576374 34.58851 34.589577 34.616383 34.65441 34.689304 34.68954 34.952904 34.94812 34.862892 34.82475
34.223606 34.15995 34.12903 34.080902 34.19021 34.415028 34.50094 34.400894 34.410194 34.526306 34.541702 34.51526 34.485435 34.50225 34.592167 34.63397 34.657654 34.65107 34.61795 34.596874 34.589 34.5627 34.556805 34.436504 34.306988 34.323814 34.62392 34.7221 34.346474 34.294216 34.32914 34.361618 34.324097 34.34966 34.502144 34.45294 34.33834 34.418922 34.537193 34.560314 34.524548 34.33729 34.298347 34.32575 34.396954 34.475346 34.423786 34.606808 34.688957 34.681557 34.65545 34.63917 34.643417 34.641342 34.651325 34.68143 34.67482 34.819756 34.92636 35.008247 35.10057 35.118683
34.20334 34.067383 34.14879 34.40572 34.493076 34.388603 34.382755 34.46175 34.52195 34.565914 34.555206 34.54922 34.531563 34.606823 34.617115 34.5973 34.614883 34.64098 34.603565 34.586376 34.550373 34.577354 34.573517 34.43725 34.25159 34.41492 34.617775 34.75182 34.49978 34.475754 34.31199 34.32067 34.34822 34.459248 34.5887 34.52247 34.398243 34.410484 34.492905 34.50787 34.532883 34.418896 34.279842 34.318386 34.381687 34.45504 34.504246 34.48934 34.673855 34.66745 34.670647 34.681355 34.66123 34.640564 34.65049 34.656937 34.664394 34.786804 34.96298 35.030888 35.127716 35.140255
34.109955 34.228905 34.447227 34.49402 34.282978 34.345467 34.424156 34.48745 34.526695 34.55647 34.623367 34.6034 34.61774 34.638268 34.69601 34.613976 34.569855 34.591957 34.567474 34.61681 34.59832 34.621655 34.628674 34.480606 34.2835 34.513607 34.646587 34.76719 34.7299 34.397575 34.510864 34.392036 34.395355 34.48646 34.569366 34.568054 34.472126 34.420567 34.403465 34.46612 34.530613 34.40919 34.266846 34.29717 34.38966 34.449642 34.5218 34.469986 34.625557 34.67376 34.67462 34.696716 34.690155 34.678024 34.67686 34.66974 34.754974 34.883354 34.96151 35.013428 35.123154 35.0722
34.217 34.359905 34.48794 34.449986 34.280064 34.349842 34.414616 34.555046 34.549553 34.597935 34.603706 34.617077 34.66116 34.68151 34.67093 34.65548 34.555073 34.559933 34.617535 34.543808 34.535957 34.57074 34.61698 34.404472 34.42662 34.60341 34.749 34.781128 34.76208 34.547295 34.418205 34.52694 34.54421 34.55176 34.583595 34.590275 34.5643 34.531013 34.5156 34.50167 34.409092 34.29467 34.269844 34.382965 34.487072 34.51335 34.536076 34.568428 34.552914 34.684364 34.68902 34.754208 34.779797 34.71956 34.70632 34.67781 34.746273 34.92607 34.962036 35.032078 35.043934 35.014908
34.440506 34.394608 34.47977 34.396797 34.286297 34.311813 34.354656 34.417503 34.510906 34.570923 34.586563 34.545387 34.528557 34.608013 34.648937 34.665882 34.59063 34.62989 34.62657 34.516827 34.522224 34.582172 34.547375 34.390076 34.60608 34.77151 34.792294 34.759506 34.75924 34.71388 34.50087 34.384026 34.37514 34.395023 34.410103 34.396786 34.36446 34.321095 34.323128 34.346264 34.3912 34.44186 34.531017 34.596 34.541367 34.49727 34.500637 34.549927 34.53633 34.669804 34.71108 34.82894 34.844933 34.76027 34.71766 34.703377 34.9464 34.85971 34.901928 34.96127 34.966965 34.9744
34.353012 34.326817 34.332363 34.342773 34.33355 34.292618 34.34591 34.367035 34.389126 34.49402 34.557045 34.589016 34.555492 34.60974 34.63699 34.69108 34.65557 34.671497 34.548164 34.568176 34.612907 34.581196 34.529675 34.690098 34.7889 34.780613 34.77092 34.759056 34.755856 34.74797 34.720573 34.673264 34.629925 34.589966 34.56225 34.562 34.605915 34.658184 34.65869 34.62706 34.625378 34.612118 34.56693 34.472317 34.466755 34.502796 34.463776 34.477886 34.544254 34.64815 34.733658 34.88492 34.876766 34.76797 34.689064 34.76635 34.926105 34.836246 34.928303 34.957966 34.959587 34.91133
34.35486 34.34271 34.34073 34.356285 34.37699 34.315624 34.319134 34.36945 34.440166 34.43911 34.558506 34.57397 34.590183 34.631416 34.626884 34.69361 34.64764 34.5835 34.630497 34.63176 34.67847 34.712696 34.73164 34.77477 34.72767 34.72672 34.719013 34.69881 34.68011 34.67313 34.677174 34.68646 34.697124 34.700115 34.692417 34.65686 34.618725 34.599895 34.579643 34.57052 34.510376 34.458363 34.478775 34.544266 34.6227 34.56202 34.51175 34.476967 34.54987 34.615566 34.71548 34.851154 34.819527 34.72201 34.70406 34.969418 34.895702 34.741817 34.740875 34.71562 34.804157 34.825146
34.334778 34.32876 34.32638 34.31926 34.313763 34.313168 34.325768 34.39267 34.44416 34.481365 34.606438 34.532516 34.63238 34.657936 34.626244 34.66079 34.60685 34.65199 34.674435 34.678394 34.696274 34.73441 34.73844 34.742702 34.738808 34.73655 34.733173 34.73014 34.698402 34.646008 34.60566 34.57053 34.55407 34.54154 34.532635 34.52344 34.52334 34.534092 34.571766 34.581852 34.561893 34.55746 34.568024 34.65185 34.664017 34.656357 34.481613 34.48086 34.5332 34.605682 34.69501 34.792027 34.74819 34.699387 34.757732 35.048878 34.92688 34.794308 34.69778 34.85082 34.750736 34.63933
34.304646 34.28325 34.276424 34.271297 34.266697 34.301888 34.352615 34.410263 34.42654 34.50242 34.587257 34.59108 34.673172 34.64594 34.629005 34.62836 34.654926 34.6235 34.562527 34.587997 34.586613 34.580555 34.62671 34.690052 34.75983 34.762085 34.75419 34.74021 34.73277 34.746582 34.722595 34.643936 34.55358 34.52248 34.51711 34.505234 34.49058 34.581787 34.583393 34.54248 34.542328 34.545586 34.55928 34.562748 34.55495 34.572216 34.586506 34.503624 34.493217 34.603546 34.674156 34.750347 34.719917 34.74218 35.02003 35.025005 34.934296 34.894745 34.7391 34.855175 34.640503 34.645298
34.258762 34.217598 34.270325 34.307636 34.325405 34.306942 34.34499 34.380478 34.4198 34.50981 34.565228 34.619995 34.687714 34.640545 34.62946 34.65354 34.619823 34.587914 34.62106 34.639465 34.59704 34.610256 34.682034 34.717316 34.67033 34.695793 34.758896 34.75681 34.747868 34.729897 34.71758 34.746433 34.707214 34.606903 34.53624 34.525517 34.53535 34.57671 34.54963 34.546204 34.532806 34.534668 34.561924 34.56808 34.558094 34.556297 34.589592 34.596455 34.57024 34.60441 34.667168 34.733852 34.73418 34.821198 35.03982 34.902855 34.917355 34.90824 34.81684 34.809742 34.726017 34.709896
34.230896 34.279186 34.324646 34.44034 34.490242 34.458405 34.42694 34.46336 34.489082 34.52469 34.55073 34.632355 34.697006 34.65961 34.653587 34.646645 34.567017 34.565216 34.56246 34.64774 34.62752 34.706146 34.716198 34.71502 34.72239 34.686974 34.703773 34.72321 34.71914 34.720318 34.719234 34.712753 34.73959 34.696938 34.562874 34.553787 34.59821 34.57768 34.57627 34.570534 34.532337 34.562748 34.585144 34.581726 34.572407 34.5626 34.55626 34.57249 34.585667 34.59199 34.675495 34.73145 34.736553 35.040577 34.943012 34.867275 34.879444 34.91072 34.87691 34.85407 34.84019 34.668953
34.284264 34.285316 34.29886 34.49645 34.564358 34.58066 34.59935 34.624817 34.60608 34.538223 34.531322 34.637302 34.703125 34.675327 34.664528 34.595345 34.558735 34.506702 34.510574 34.617996 34.655025 34.707127 34.694588 34.697548 34.711018 34.71037 34.67419 34.686375 34.694633 34.705406 34.70389 34.70374 34.724907 34.73535 34.689358 34.57706 34.61786 34.596096 34.59206 34.611454 34.55895 34.561924 34.612873 34.61465 34.592243 34.579956 34.56139 34.565014 34.586033 34.6049 34.70362 34.71992 34.818863 35.019146 34.87626 34.817455 34.766434 34.771378 34.773117 34.763657 34.739697 34.75515
34.373817 34.39296 34.31316 34.37242 34.546616 34.560467 34.591034 34.618828 34.651394 34.545956 34.51511 34.62754 34.704533 34.678814 34.647636 34.563946 34.546394 34.507236 34.51743 34.63358 34.673443 34.672638 34.635757 34.67637 34.693638 34.715782 34.695694 34.70951 34.668854 34.69189 34.696644 34.700542 34.687294 34.68768 34.727146 34.676678 34.588543 34.614105 34.594204 34.628834 34.59364 34.55148 34.634914 34.624134 34.583015 34.565468 34.557568 34.578865 34.611217 34.61804 34.735268 34.712738 34.914864 34.968708 34.882935 34.924522 34.893417 34.909492 34.913925 34.858532 34.799553 34.692043
34.40077 34.41362 34.37542 34.291626 34.52809 34.597954 34.653427 34.65804 34.65246 34.55503 34.513855 34.617535 34.696148 34.668194 34.63649 34.562256 34.540417 34.531754 34.56891 34.665813 34.689327 34.61923 34.57367 34.611893 34.64679 34.68317 34.684258 34.672184 34.66519 34.66822 34.683365 34.68077 34.668503 34.668697 34.67278 34.736305 34.669724 34.609486 34.60052 34.63805 34.614754 34.538074 34.637413 34.63934 34.594658 34.581463 34.586163 34.61794 34.63335 34.665913 34.714462 34.680725 34.953968 34.867188 34.881805 34.915802 34.898266 34.837456 34.79809 34.719097 34.602047 34.593838
34.422222 34.419365 34.353252 34.272373 34.52527 34.631138 34.67065 34.677402 34.610104 34.566883 34.528458 34.60247 34.651325 34.69554 34.658295 34.613888 34.592487 34.625618 34.677444 34.668808 34.62109 34.536385 34.478863 34.49114 34.616375 34.623287 34.636887 34.625862 34.60676 34.606174 34.62364 34.63801 34.63894 34.63787 34.664978 34.68699 34.72924 34.68065 34.66313 34.626266 34.617157 34.529484 34.631676 34.667484 34.633858 34.61497 34.62715 34.638046 34.67574 34.721855 34.672832 34.919483 34.929985 34.871555 34.8479 34.759148 34.74165 34.75267 34.72577 34.684914 34.62643 34.653633
34.364674 34.351105 34.28859 34.26992 34.53265 34.644726 34.67915 34.65536 34.575253 34.585186 34.534405 34.573883 34.596344 34.646782 34.676216 34.681625 34.67598 34.657917 34.661476 34.583694 34.49535 34.421368 34.373997 34.391895 34.545544 34.59772 34.586754 34.55498 34.537636 34.522438 34.52294 34.545273 34.5762 34.589577 34.627266 34.658543 34.73573 34.691982 34.651024 34.641655 34.59345 34.51593 34.60389 34.654922 34.685623 34.67892 34.682625 34.7037 34.706905 34.75038 34.95907 34.95816 34.884106 34.8271 34.76269 34.765186 34.778675 34.791195 34.735893 34.680992 34.667328 34.66625
34.335438 34.35861 34.327446 34.32004 34.54764 34.66281 34.675083 34.64832 34.57459 34.6015 34.543015 34.583454 34.598476 34.617634 34.631428 34.641064 34.65738 34.64256 34.565567 34.468754 34.333073 34.2555 34.24008 34.27023 34.38638 34.586334 34.597824 34.551117 34.52502 34.501797 34.477192 34.526993 34.54836 34.566265 34.615143 34.632668 34.718365 34.69131 34.65842 34.642223 34.5529 34.50802 34.597874 34.62716 34.634697 34.698704 34.70772 34.70893 34.78377 34.931225 34.966957 34.953365 34.89389 34.886543 34.886047 34.857666 34.796474 34.74052 34.70183 34.681187 34.66429 34.64691
34.346657 34.35888 34.330433 34.401432 34.58789 34.686546 34.67638 34.64727 34.58392 34.618458 34.547123 34.59085 34.588234 34.594307 34.593925 34.607727 34.604557 34.54441 34.430836 34.268017 34.183537 34.16357 34.152695 34.205532 34.292305 34.43242 34.56666 34.48958 34.46804 34.37816 34.326305 34.46564 34.545235 34.559105 34.606968 34.649265 34.693157 34.706593 34.659985 34.627415 34.512398 34.5065 34.5899 34.6187 34.621494 34.64058 34.692036 34.719124 34.722435 34.816772 34.97669 34.953827 34.867188 34.739815 34.672607 34.649 34.64027 34.628048 34.62367 34.62137 34.612045 34.608204
34.342876 34.3488 34.304104 34.535362 34.650352 34.690548 34.679928 34.636013 34.61404 34.606583 34.57968 34.57846 34.57207 34.477646 34.419315 34.37916 34.327694 34.248676 34.167744 34.125404 34.105988 34.100372 34.172146 34.259346 34.29131 34.341164 34.39732 34.431435 34.349945 34.27343 34.235184 34.382812 34.50967 34.547882 34.59707 34.65798 34.662895 34.68665 34.668354 34.62763 34.488255 34.518158 34.59251 34.612625 34.59402 34.610535 34.628784 34.64843 34.68737 34.6983 34.70084 34.697792 34.675278 34.647663 34.603703 34.55682 34.513954 34.49865 34.50472 34.52341 34.543194 34.568176
34.401924 34.392467 34.55835 34.62188 34.676865 34.67552 34.68237 34.644623 34.63225 34.615147 34.60792 34.566467 34.324493 34.268486 34.200176 34.114357 34.052826 34.009502 33.998795 34.044716 34.10654 34.30623 34.440983 34.454323 34.443214 34.43364 34.408752 34.29631 34.299934 34.244686 34.23285 34.35312 34.461426 34.545547 34.577866 34.608578 34.67157 34.690464 34.691723 34.617233 34.474785 34.53285 34.58361 34.607033 34.600006 34.59547 34.634075 34.63569 34.637135 34.640415 34.649136 34.64449 34.617786 34.540695 34.452805 34.42547 34.410477 34.446983 34.48305 34.502125 34.542377 34.5485
34.631733 34.603836 34.630253 34.68137 34.67484 34.670494 34.664772 34.642296 34.628407 34.637703 34.604347 34.29261 34.25442 33.986748 33.95787 33.998108 34.030216 34.14485 34.306015 34.412678 34.486557 34.493202 34.458714 34.368286 34.287342 34.281517 34.35496 34.401134 34.405453 34.28777 34.201565 34.242386 34.388252 34.506214 34.543316 34.5723 34.60185 34.65603 34.67942 34.593227 34.47493 34.550426 34.57326 34.597816 34.597546 34.643158 34.628593 34.61616 34.619553 34.61955 34.60836 34.56332 34.47243 34.456448 34.50442 34.40055 34.276493 34.325356 34.423473 34.488113 34.511387 34.546555
34.66922 34.670143 34.673023 34.648895 34.674953 34.67871 34.67656 34.666332 34.64978 34.527927 34.29144 34.27894 34.099987 33.95497 34.114506 34.206974 34.51881 34.5039 34.493076 34.489933 34.47706 34.33116 34.259632 34.36959 34.4575 34.458252 34.428013 34.428715 34.39682 34.373493 34.26451 34.19711 34.331863 34.46729 34.50218 34.530167 34.56414 34.589954 34.649364 34.54587 34.553986 34.569317 34.578316 34.59977 34.646805 34.629566 34.61674 34.576206 34.53286 34.50579 34.485687 34.460285 34.512463 34.705635 34.686687 34.41807 34.269234 34.342976 34.48354 34.52072 34.506878 34.54257
34.712368 34.689777 34.662376 34.62764 34.60847 34.60699 34.60181 34.555477 34.41715 34.28142 34.30945 34.286827 34.108807 34.003822 34.28366 34.504475 34.352676 34.40558 34.456608 34.377747 34.25478 34.314205 34.440216 34.479954 34.432087 34.399483 34.40183 34.421 34.383953 34.373283 34.329678 34.307133 34.38772 34.440845 34.448578 34.47519 34.536247 34.571995 34.639545 34.558586 34.614746 34.57937 34.60296 34.66294 34.636433 34.642605 34.52869 34.489464 34.461674 34.442574 34.46136 34.53189 34.670418 34.756157 34.71068 34.387375 34.31058 34.35277 34.559425 34.5412 34.54772 34.508327
