static/data/salinity/2023/7/23/6.asc
ncols 137
nrows 93
xllcorner 108.0
yllcorner 17.0
cellsize 0.25
NODATA_value -32767
[rows 27 to 53 of 93, columns 61 to 121 of 137]
30.057028 29.978481 30.050488 30.03668 30.02822 29.956656 30.024454 30.279772 31.394007 32.603363 33.139027 33.046803 -32767.0 -32767.0 32.446625 32.658085 32.89798 32.870026 32.73198 32.650097 32.673412 32.853184 33.13534 32.88967 32.931343 -32767.0 -32767.0 -32767.0 -32767.0 -32767.0 -32767.0 -32767.0 -32767.0 -32767.0 32.016 32.61469 33.005238 -32767.0 -32767.0 -32767.0 33.3129 33.681396 33.89769 33.878014 32.915535 33.401394 33.738407 32.605953 33.200996 33.82251 33.947304 34.021725 33.96225 34.002956 34.058033 34.035885 33.968506 33.935898 33.875664 33.999012 34.054836
30.590624 30.366518 30.16437 30.033764 29.922062 29.809376 30.214893 30.792875 31.93189 33.346073 32.97261 32.815323 32.81609 32.82051 32.917217 32.939507 32.849983 32.770573 32.614243 32.453934 32.477844 33.044163 32.886787 -32767.0 32.887547 32.97698 -32767.0 -32767.0 26.433006 -32767.0 -32767.0 -32767.0 -32767.0 -32767.0 -32767.0 32.501366 32.898087 -32767.0 -32767.0 33.768276 33.859108 33.800186 33.91603 33.948803 33.96873 33.839832 33.02379 33.451817 33.797775 33.961807 34.014668 33.935883 33.925274 33.896393 34.010853 33.99848 33.934223 33.870754 33.84597 34.035473 34.121223
30.706917 30.83339 30.763306 30.701885 30.30891 29.951578 30.153254 30.769094 32.059296 33.331947 33.17409 32.96179 32.960903 32.89303 32.882236 32.85912 32.80078 32.495354 32.475 32.57983 32.38353 32.983715 -32767.0 33.142673 33.251984 33.208454 33.05139 31.406864 -32767.0 27.798706 -32767.0 -32767.0 -32767.0 -32767.0 -32767.0 33.984715 34.0146 34.170807 33.67009 33.60251 33.71497 33.711864 33.714607 33.96799 33.90072 33.58203 33.53046 33.804325 33.836464 33.907406 33.922825 33.919956 33.901657 33.900574 33.989105 33.939632 33.892 33.807697 33.79395 33.98965 34.14645
30.188848 30.092598 29.948013 30.605036 30.505613 30.134777 30.108414 30.44501 31.40118 32.67099 32.965137 33.055813 33.121098 33.02944 32.926514 32.98642 32.66488 32.604053 32.727005 32.769054 32.609554 32.461113 32.760628 32.909435 33.08809 33.3153 32.986626 30.67416 29.261282 28.37551 -32767.0 -32767.0 -32767.0 -32767.0 33.82643 33.84986 33.671825 33.82917 33.517868 33.47204 33.443382 33.470287 33.445347 33.55445 34.021545 33.40652 33.0378 33.5433 33.75316 33.66078 33.777985 33.81137 33.890343 33.983597 33.95556 33.838478 33.81876 33.781075 33.744648 33.849987 34.114574
28.56357 27.800098 28.206057 29.564465 29.48207 28.882431 29.277824 29.934095 30.901428 32.128468 32.194557 32.328255 33.116425 33.231037 33.141903 33.068867 32.688385 32.791294 32.848404 32.914448 32.916348 32.73276 32.633396 32.5811 32.517765 32.77755 33.185387 31.538805 29.366325 29.069592 -32767.0 -32767.0 -32767.0 -32767.0 33.831024 33.624588 33.549465 33.68306 33.773026 33.579235 33.53542 33.410755 33.526302 33.655727 33.568653 33.51304 33.6733 33.60211 33.758373 33.868668 33.636215 33.848015 33.9188 33.999676 33.905598 33.78746 33.77274 33.832977 33.785576 33.744736 34.04705
26.880722 27.961065 28.884794 28.975773 28.970541 28.538279 28.01027 29.072569 30.392733 30.93225 31.036072 30.912874 32.39812 33.084545 33.074543 32.99211 32.827534 32.83511 32.887466 33.1212 33.263443 33.24888 33.159573 32.808517 32.90887 32.531193 32.952637 33.06036 -32767.0 -32767.0 -32767.0 -32767.0 -32767.0 33.82928 33.982456 33.67761 33.685635 33.845364 33.73985 33.43402 33.83147 33.759468 33.710575 33.9501 34.05118 33.809948 33.598495 33.47798 33.49389 33.67946 33.81506 33.86158 33.926952 33.97796 33.813988 33.74744 33.72879 33.682407 33.7543 33.713345 33.911846
26.062094 29.335602 30.387608 29.680523 28.89129 28.346136 27.486364 27.385132 27.811768 28.377743 29.91669 30.513014 31.219109 32.249912 32.960438 33.007637 32.938766 32.863415 33.090683 33.482506 33.73717 33.740517 33.57304 33.191986 32.80141 32.73506 32.64558 32.935482 -32767.0 -32767.0 -32767.0 -32767.0 -32767.0 33.73167 33.92522 33.919937 33.692696 33.369347 33.504475 34.250145 34.24652 34.082848 34.094917 34.152775 34.178703 34.204838 34.176594 33.83968 33.519104 33.444748 33.76093 33.846493 33.88803 33.934258 33.775494 33.74009 33.726917 33.69824 33.7587 33.708183 33.747887
27.25686 30.501911 31.189074 30.951117 30.269388 30.064894 29.616808 28.27132 27.67192 28.612555 29.784632 30.340578 31.692724 32.7287 32.976326 32.77445 32.857006 33.487514 34.026043 33.86434 33.731632 33.775047 33.76011 33.56505 32.969666 32.832684 32.786625 32.954056 33.001034 -32767.0 33.151836 -32767.0 -32767.0 33.289234 33.38788 33.403027 33.459366 33.729816 34.09062 34.07231 34.107174 34.18455 34.19151 34.249577 34.279697 34.2799 34.230225 34.22969 33.877605 33.522964 33.414062 33.78415 33.857304 33.910366 33.784126 33.77097 33.850464 33.74509 33.715965 33.692223 33.65026
32.31298 32.688137 31.748343 31.36677 31.782713 30.381498 30.048277 29.689718 29.13117 29.307642 29.780424 31.06653 32.319145 32.928875 32.714184 32.895973 33.376842 33.962196 33.62198 33.717213 33.8662 33.76104 33.752567 33.81273 33.308823 32.982937 32.65553 32.91327 33.10891 33.35759 33.251904 -32767.0 33.332924 33.311695 33.38228 33.702087 33.70854 34.161636 34.190727 34.150528 34.146248 34.224083 34.316944 34.160137 34.112507 34.225483 34.3058 34.32336 34.097477 33.774284 33.479683 33.510616 33.812435 33.904404 33.80236 33.824856 33.823723 33.821075 33.75695 33.702362 33.64507
27.34029 32.846638 33.66418 32.963165 32.206345 31.087812 30.951118 30.593327 30.431467 30.311644 30.404314 31.098797 32.16884 32.57108 32.615932 33.1817 33.56421 33.82002 33.618702 33.766285 33.74832 33.685017 33.83221 33.846775 33.800785 33.38522 32.87627 32.65485 32.76979 33.1047 -32767.0 33.242653 33.218117 33.345528 33.886868 34.030655 33.948185 34.127766 34.10332 34.121517 34.17319 34.2319 34.272697 34.12909 33.948936 34.13243 34.332493 34.328777 34.29518 34.12549 33.722164 33.435265 33.6541 33.859726 33.863895 33.76764 33.75583 33.733494 33.79694 33.740307 33.730564
33.915226 34.15548 34.021305 33.871063 33.551357 33.482002 31.820475 31.35295 31.447514 32.04623 31.853872 31.99166 32.314137 32.644684 32.866528 33.076557 33.568863 33.896805 33.53658 33.74631 33.634422 33.836014 33.97795 34.06723 34.067482 33.911625 33.72744 33.105278 32.782276 33.250122 33.26313 33.509285 33.39049 33.485447 33.51003 33.295532 33.583115 34.15533 34.124916 34.153988 34.134724 34.129986 34.29346 34.164543 33.901062 33.95603 34.20186 34.335804 34.161827 34.079643 33.817165 33.492905 33.422874 33.712177 33.854713 33.843903 33.74405 33.632137 33.949215 33.73838 34.126427
34.00643 34.141712 34.104523 33.95198 33.734943 33.166084 32.53705 31.57299 31.405888 31.58072 32.454403 32.903545 32.46028 32.179264 32.390938 33.319233 33.818314 33.770218 33.495106 33.70975 33.622856 33.750996 34.01286 34.11764 34.200428 34.162357 34.09276 33.875618 -32767.0 32.949604 32.976364 -32767.0 33.176758 33.258842 32.99259 33.53804 33.950443 33.958168 34.157166 34.124725 34.149906 34.121006 34.19014 34.19627 34.080963 33.911346 33.9614 34.113667 34.208134 34.111767 33.763157 33.736664 33.563557 33.43529 33.58874 33.63715 33.783615 33.73752 33.97061 33.736954 34.3031
34.13751 34.016785 34.015842 34.00137 33.84555 33.620377 33.484684 32.132923 31.209158 31.05361 31.160917 31.541317 32.75926 33.64841 33.81619 33.754684 33.76882 33.689507 33.532482 33.60052 33.55315 33.63805 34.052498 34.225147 34.297073 34.246597 34.221527 34.13627 33.573677 -32767.0 32.978527 33.368282 33.117683 32.985374 33.09855 33.387474 34.001118 34.191742 34.20865 34.122845 34.12311 34.184017 34.106087 34.077606 34.103054 34.108295 34.159386 33.946022 33.98033 34.005405 34.07992 34.193867 34.451935 34.296597 34.01982 33.96111 33.920357 34.12616 33.84991 33.90058 34.330956
33.999645 33.840744 33.90588 33.920628 33.892334 33.68398 33.6539 33.366955 33.297207 32.68639 32.221054 33.05576 33.68136 33.661255 33.656 33.7386 33.66999 33.69268 33.702682 33.660122 33.659634 33.846504 34.2199 34.31474 34.344936 34.27826 34.235413 34.26363 34.202293 33.277767 32.998196 33.299637 33.260582 33.12719 33.096905 33.45615 34.041786 34.17172 34.228947 34.191433 34.096653 34.223137 34.076256 34.085396 34.08145 33.97711 34.122295 34.196037 33.96465 33.957085 33.908623 33.82508 33.948418 34.027424 34.0445 33.882435 34.156963 33.86052 33.87248 34.235855 34.32157
34.115356 33.781834 33.65022 33.72639 33.570305 33.689392 33.58828 33.57895 33.57637 33.531254 33.526394 33.556408 33.65228 33.517998 33.628883 33.698162 33.679157 33.85071 33.759205 33.86486 34.106567 34.37927 34.368855 34.252857 34.332848 34.231045 34.21444 34.0705 34.06268 34.061752 33.37089 33.26978 33.411095 33.219475 33.114307 33.829884 34.14651 34.3143 34.247444 34.31046 34.163174 34.263847 33.96839 33.974712 34.052765 33.956627 34.040348 34.094185 34.18923 34.084225 33.999428 33.88419 33.938656 34.012226 34.138092 34.050568 33.891747 33.971275 33.941193 34.38822 34.29554
33.96422 33.468414 33.37245 33.55367 33.448727 33.45619 33.46302 33.52685 33.3959 33.290718 33.429863 33.488148 33.535458 33.621742 33.77568 33.74762 33.801224 33.852524 34.2016 34.362823 34.397316 34.359383 34.346718 34.419044 34.29355 34.21981 34.206028 34.131947 34.02227 34.05428 34.103672 33.46924 33.209812 33.144867 33.468014 34.07013 34.241165 34.349354 34.296738 34.38391 34.353443 34.40205 34.141163 34.057117 34.003258 33.94227 33.928757 33.991554 34.13408 34.205017 34.08213 34.014 34.015907 34.023975 34.000854 34.03693 34.11862 34.020935 34.235466 34.37385 34.243446
34.02148 33.788532 33.227295 33.47124 33.497623 33.575775 33.555817 33.50829 33.404827 33.335938 33.400784 33.62016 33.67164 33.7107 33.718605 33.76606 33.985897 34.31627 34.38888 34.437954 34.415512 34.431137 34.437054 34.32695 34.216976 34.257553 34.238678 34.2328 34.16458 34.09534 34.050285 34.06432 33.906963 33.700344 34.06464 34.219723 34.35576 34.31211 34.37881 34.438206 34.435497 34.383003 34.159653 34.110893 34.110023 34.160618 34.128014 33.999344 33.909275 34.028885 34.020412 34.092045 34.10157 34.10284 34.114807 34.107937 33.990086 34.21856 34.589874 34.356785 34.237133
33.888317 33.627857 33.482273 33.159294 33.30813 33.43325 33.573116 33.515564 33.35388 33.29318 33.545094 33.607124 33.710796 33.8566 33.93369 34.124428 34.34069 34.332542 34.475204 34.488434 34.47571 34.43693 34.250095 34.260376 34.257484 34.221447 34.249226 34.251198 34.238136 34.19313 34.13561 34.116383 34.116882 34.13559 34.264893 34.393368 34.367706 34.37741 34.41142 34.398087 34.389503 34.42174 34.17698 34.116543 34.20539 34.243343 34.162266 34.09442 33.9955 34.05477 34.03836 34.15968 34.17706 34.205925 34.059334 33.95569 34.298935 34.598003 34.621006 34.31071 34.211357
33.459126 33.334213 33.224884 33.375713 33.09754 33.18442 33.266464 33.43621 33.533993 33.44161 33.57376 33.599285 33.918175 33.995174 34.060658 34.25764 34.2804 34.472557 34.52374 34.47026 34.37154 34.30734 34.28381 34.303493 34.219086 34.200985 34.17945 34.183292 34.135315 34.121223 34.1935 34.25439 34.349205 34.477745 34.50432 34.492218 34.50076 34.440533 34.402103 34.287468 34.390015 34.437824 34.17636 34.150158 34.1842 34.26783 34.1642 34.041126 34.005 34.093586 34.029766 34.08526 34.10236 34.131252 33.940544 34.29295 34.414124 34.37655 34.51671 34.2515 34.124878
32.851643 32.852398 32.821148 32.989624 32.893078 33.19559 33.434727 33.539413 33.55988 33.509155 33.620136 33.69574 34.028675 33.999584 34.064796 34.231678 34.38569 34.54653 34.47603 34.464695 34.329178 34.311077 34.326324 34.31761 34.2569 34.25588 34.329742 34.177513 34.26922 34.415325 34.566994 34.57624 34.42662 34.24803 34.1895 34.19417 34.312145 34.334354 34.37558 34.14926 34.454052 34.5047 34.22535 34.13823 34.294872 34.1757 34.134293 33.99347 34.019146 33.993866 34.084137 34.109337 34.107155 33.96802 34.14877 34.441063 34.230415 34.32763 34.308666 34.03292 34.045486
33.172787 33.095413 32.781666 32.73964 32.947697 33.46694 33.36189 33.509083 33.479496 33.591583 33.727924 33.792603 33.909233 33.990437 34.054848 34.31761 34.421585 34.548645 34.434353 34.420467 34.327938 34.341553 34.311184 34.31205 -32767.0 34.316734 34.48932 34.445267 34.579372 34.54706 34.419624 34.235435 34.24238 34.29084 34.245964 34.162422 34.147007 34.32683 34.384773 34.508553 34.50951 34.598595 34.533134 34.424496 34.18227 34.15987 34.097263 34.153427 34.251266 34.046516 33.90641 33.94577 33.94268 34.060005 34.687588 34.40823 34.16851 34.196857 34.09863 33.956898 34.06703
34.15528 34.063934 33.529068 33.059277 33.02281 33.370663 33.264866 33.382683 33.555813 33.639675 33.817318 33.865498 34.238384 33.824043 34.289593 34.296368 34.450485 34.540478 34.452686 34.437973 34.32383 34.358196 34.328133 34.4569 34.411148 34.531364 34.571884 34.61795 34.59789 34.420418 34.24701 34.251453 34.257885 34.360664 34.323013 34.189278 34.11118 34.23996 34.231007 34.537586 34.58686 34.57254 34.473476 34.218174 34.499046 34.44956 34.183807 34.375145 34.609173 34.544624 34.211777 34.04459 34.20399 34.6148 34.607708 34.551903 34.228096 34.21361 34.246082 34.277905 34.233524
33.99242 33.611095 33.27125 33.286175 33.069687 33.333515 33.48205 33.227673 33.565895 33.713696 33.841618 33.830463 34.06608 33.82052 34.280773 34.281605 34.456825 34.53858 34.522793 34.477 34.350246 34.36564 34.385014 -32767.0 34.481792 34.523945 34.529545 34.576996 34.522964 34.236343 34.26547 34.44089 34.531036 34.516357 34.432007 34.22583 34.09508 34.34102 34.37544 34.45239 34.45696 34.502876 34.358223 34.416656 34.42099 34.508507 34.587124 34.477146 34.47353 34.543884 34.55042 34.388268 34.585503 34.576733 34.649376 34.585724 34.499485 34.30517 34.334255 34.276432 34.304276
34.300488 33.756184 33.23332 33.184776 33.15256 33.341812 33.16284 33.19246 33.601208 33.77687 33.76337 33.749756 33.90384 34.215416 34.30323 34.27763 34.472073 34.550137 34.505352 34.52897 34.471672 34.41473 34.495274 34.539227 34.506317 34.511253 34.605675 34.56372 34.326458 34.262836 34.4036 34.482925 34.480766 34.47777 34.34076 34.210117 34.12629 34.351116 34.43123 34.467705 34.43776 34.3775 34.222984 34.468826 34.34515 34.41493 34.60271 34.640472 34.574192 34.500595 34.606285 34.46443 34.447357 34.371784 34.584557 34.589237 34.684135 34.665207 34.59075 34.536865 34.51065
34.201218 33.877327 33.580982 33.30229 33.211983 33.08742 33.23232 33.675625 33.72043 33.643883 33.82145 34.185375 34.090717 34.22216 34.294456 34.337227 34.513752 34.560658 34.51698 34.436226 34.422096 34.384384 34.503475 34.480423 34.52952 34.48849 34.643047 34.53066 34.216347 34.29485 34.48995 34.393276 34.394054 34.421173 34.38442 34.166836 34.28156 34.392254 34.372845 34.422348 34.37391 34.234116 34.268585 34.19829 34.373787 34.542046 34.62762 34.650066 34.66416 34.53579 34.5587 34.496174 34.527534 34.330612 34.603043 34.664818 34.670616 34.7802 34.687847 34.687176 34.76977
34.330196 34.02749 33.728004 33.67842 33.715233 34.022873 33.955917 33.84527 33.845253 34.219604 34.15201 34.163418 34.109844 34.31001 34.233257 34.522884 34.565594 34.565075 34.54702 34.508263 34.356625 34.36938 34.44789 34.44975 34.4908 34.476864 34.6628 34.489418 34.222176 34.33692 34.47465 34.382423 34.393345 34.355026 34.285038 34.33437 34.394833 34.350952 34.46962 34.376846 34.19985 34.149292 34.130505 34.50475 34.581017 34.610508 34.616394 34.636627 34.66238 34.566463 34.591316 34.440517 34.486267 34.48955 34.556828 34.69522 34.73017 34.75818 34.742805 34.72545 34.75502
33.43346 33.89677 34.17198 34.15846 34.27018 34.18328 34.326588 34.367783 34.29153 34.198193 34.17564 34.107582 34.347282 34.251358 34.444107 34.58563 34.59028 34.565674 34.601444 34.55894 -32767.0 34.39108 34.44488 34.399117 34.456085 34.420303 34.643276 34.511913 34.259705 34.340263 34.478878 34.428425 34.3895 34.347504 34.3699 34.42345 34.315422 34.36589 34.17245 34.221 34.04389 34.1324 34.176323 34.352757 34.512524 34.64141 34.656536 34.629787 34.63556 34.59033 34.553425 34.54107 34.55868 34.639954 34.594517 34.737694 34.690563 34.76041 34.768833 34.77038 34.75816
