static/data/seaWater_uo/2023/7/14/0.asc
ncols 137
nrows 93
xllcorner 108.0
yllcorner 17.0
cellsize 0.25
NODATA_value -32767
[rows 0 to 25 of 93, columns 58 to 115 of 137]
-32767.0 -32767.0 -32767.0 -32767.0 -32767.0 -32767.0 -32767.0 -32767.0 -32767.0 -32767.0 -32767.0 -32767.0 -32767.0 -32767.0 -32767.0 -32767.0 -32767.0 -32767.0 -32767.0 -32767.0 -32767.0 -32767.0 -0.040396936 -0.26818314 -0.34453383 -0.08813824 0.13909693 0.08866312 0.087906174 0.049338378 0.15221412 0.24568208 0.15462278 0.11418334 0.12532699 0.28630704 0.47357085 0.2501524 0.18846864 0.2656568 0.30545473 0.29323643 0.33724663 0.26192105 0.18358304 0.106024995 0.16128172 0.070151545 0.031285036 0.13850558 0.1406872 0.14553927 0.15440367 0.23999523 0.486807 0.49227318 0.48234317 0.4446092
-32767.0 -32767.0 -32767.0 -0.044793252 -0.07860502 -0.017143492 -0.070060916 -0.06632662 -0.039949633 -0.0143787125 -32767.0 -32767.0 -32767.0 -32767.0 -32767.0 -32767.0 -32767.0 -32767.0 -32767.0 -32767.0 -32767.0 -0.0687368 -0.18123183 -0.28929293 0.037384883 0.306571 0.5481536 0.4196869 0.12711516 0.13494244 0.14994368 0.22270133 0.3771717 0.53534436 0.29856062 0.23130205 0.19812295 0.0074738767 -0.1101548 -0.08703385 0.06391861 0.21641675 0.28312916 0.16818452 0.05145762 -0.10926429 -0.31933275 -0.2667703 -0.051907167 0.29820275 0.5383665 0.6016801 0.55325496 0.44395977 0.22021881 0.23655438 0.15905826 -0.053344775
-32767.0 -0.045476448 -32767.0 -0.076126166 -0.13337372 -0.1050352 -0.13180847 -0.13583414 -0.105049536 -0.10003038 -0.07658654 -0.017679898 -32767.0 -32767.0 -32767.0 -32767.0 -32767.0 -32767.0 -32767.0 -32767.0 -32767.0 0.12461438 0.032645218 0.016087914 0.18517439 0.12508167 0.28416562 0.3745216 0.4999336 0.6255823 0.6412099 0.6374501 0.63636965 0.50021654 0.23426759 0.18487714 0.15610945 0.14850098 0.2785244 0.35010448 0.31400743 0.2807239 0.28976092 0.2674017 0.22121005 0.21675166 -0.10027571 0.016686216 0.12899067 0.24722224 0.24467407 0.09342314 0.1966143 0.01973419 0.021522235 0.049264494 -0.12954277 -0.23778613
-0.023592046 -32767.0 -0.13435587 -0.13904049 -0.10314256 -0.031194458 -0.013889355 -0.039639954 -0.012317642 -0.08371139 -0.014080881 0.030327978 -32767.0 -32767.0 -32767.0 -32767.0 -32767.0 -32767.0 -32767.0 -32767.0 0.07221523 0.15512212 0.21452123 0.16057566 0.1255863 -0.14926603 -0.113494 -0.09004542 0.24459893 0.47685432 0.49430975 0.36365223 0.32491755 0.14493898 0.19810925 0.38199615 0.27779704 0.2920525 0.3169121 0.42604133 0.38910815 0.411471 0.47185418 0.37845078 0.2584398 0.37167394 0.14690496 0.06601138 0.046411574 -0.03532714 -0.11257176 -0.1345567 -0.021151334 -0.0005250424 -0.19853643 -0.19479983 -0.06099195 0.06542787
-0.013213839 -32767.0 -0.03885232 -0.035132315 -0.009252032 0.021660462 0.119156875 0.12972571 0.074957296 0.09989013 0.058577202 -32767.0 -32767.0 -32767.0 -32767.0 -32767.0 -32767.0 -32767.0 -32767.0 -32767.0 -32767.0 -32767.0 0.17132582 0.1341317 -0.014972238 -0.18848032 -0.12329083 -0.17035404 -0.024211414 0.21206892 0.27993298 0.35634357 0.5247264 0.48158625 0.38479322 0.53809947 0.6570671 0.5770332 0.5111328 0.44076857 0.41509968 0.40992814 0.30304423 0.21637371 0.14250393 0.21500908 0.2129342 -0.00050437637 0.0485611 -0.011928115 0.059843216 -0.057330843 0.033695847 0.35262096 0.22455765 -0.040233485 0.06866204 0.14250976
0.16395703 0.18826379 0.17308252 0.19864406 0.10821813 0.066453986 0.08424885 0.08849497 0.02868912 -0.0082599595 0.045722235 -32767.0 -32767.0 -32767.0 -32767.0 -32767.0 -32767.0 -32767.0 -32767.0 -32767.0 -32767.0 -32767.0 -32767.0 0.21828549 0.19170116 -0.122706704 -0.022021899 -0.16589028 -0.02354554 0.13385673 0.23880425 0.21596472 0.1892866 0.2406686 0.35557207 0.42966288 0.5038292 0.526422 0.41297162 0.37585244 0.31470364 0.055251338 -0.101960376 -0.07911133 -0.106240824 -0.033422504 0.092059046 0.15510336 0.3120251 0.28756747 0.4341344 0.22564077 -0.01676385 0.2326523 0.26040807 0.013433704 -0.052092787 0.014951858
0.26920152 0.31951547 0.29510194 0.13955285 0.030718565 0.010606481 0.021236187 0.024777807 0.07717382 0.082443826 0.0069424836 -32767.0 -32767.0 -32767.0 -32767.0 -32767.0 -32767.0 -32767.0 -32767.0 -32767.0 -32767.0 -32767.0 -32767.0 -32767.0 0.11410658 0.13013041 -0.04048874 0.15829504 -0.08762422 0.03776119 0.1471137 0.111837156 -0.009310343 -0.10586259 -0.049128383 0.12729247 0.2765207 0.28595158 0.29357553 0.33439657 0.15321828 -0.08977057 -0.2213122 -0.40868258 -0.255833 0.027438251 0.29521742 0.5062134 0.64443886 0.61118656 0.32544634 0.09516467 -0.097575694 -0.09134416 0.055800054 0.05701035 0.08864022 0.038797665
0.37807378 0.3282669 0.18751593 0.058444165 -0.0322745 -0.12461431 -0.15880041 -0.07868731 -0.030955125 0.10480016 -32767.0 -32767.0 -32767.0 -32767.0 -32767.0 -32767.0 -32767.0 -32767.0 -32767.0 -32767.0 -32767.0 -32767.0 -32767.0 -32767.0 -32767.0 0.24336463 0.08075138 0.09227256 0.19592288 0.18566762 0.2224006 0.10177024 -0.08361302 -0.24031386 -0.18073358 -0.0349358 -0.0015852326 0.09697934 0.32403192 0.3759469 0.20529012 -0.041441392 -0.035449736 -0.08934687 0.124101415 0.24253935 0.37321147 0.44878918 0.32137334 0.18081525 0.0073771114 -0.23097415 -0.34295166 -0.1537735 0.18766764 0.448126 0.513442 0.4997906
0.3346854 0.27959839 0.14293973 -0.03747117 -0.11800813 -0.14736114 -0.20352215 -0.28062302 -0.09240659 -32767.0 -0.003818161 -32767.0 -32767.0 -32767.0 -32767.0 -32767.0 -32767.0 -32767.0 -32767.0 -32767.0 -32767.0 -32767.0 -32767.0 -32767.0 -32767.0 0.16106308 0.2141475 0.2815696 0.3250165 0.25248572 0.24389423 0.19028778 0.1980686 0.12772049 0.08595837 0.037181765 0.016553558 0.17796169 0.11821011 -0.015802404 -0.083955266 0.041212782 0.31379464 0.5743698 0.5979813 0.52918327 0.4368928 0.2550731 0.14523974 0.063966215 -0.09335756 -0.1648433 -0.088236585 0.014105381 0.09877203 0.05325767 0.05771244 0.08443588
0.20867774 0.23799239 0.18531464 0.02540981 -0.07316387 -0.21793216 -0.27912462 -0.28817996 -0.27418613 -0.17227739 -0.13991946 -0.051992938 -0.12578224 -0.11122802 -0.053170267 -0.10045985 -32767.0 -32767.0 -32767.0 -32767.0 -32767.0 -32767.0 -32767.0 -32767.0 -32767.0 -32767.0 0.08163844 0.17466904 0.27870938 0.22130902 0.1882483 0.1857745 0.28603235 0.40222752 0.31317002 0.3275724 0.25841445 0.29484382 -0.010066848 -0.12693284 -0.07531156 0.21562389 0.44564852 0.56779295 0.55331075 0.44677186 0.23737328 0.111783974 -0.110327065 -0.13807741 -0.08284491 0.016989103 0.020129502 0.06619896 0.12678006 0.094422065 0.07679267 0.07689524
0.49041364 0.4481443 0.22925662 0.054257333 -0.023821846 -0.15266714 -0.28778848 -0.29944256 -0.35122794 -0.34927982 -0.016880019 0.104055524 0.05403592 -0.008994092 -0.065461695 -0.034825142 -32767.0 -32767.0 -32767.0 -32767.0 -32767.0 -32767.0 -32767.0 -32767.0 -32767.0 -32767.0 -32767.0 0.05110932 0.100549676 4.3973327e-05 0.1341223 0.24386957 0.35993713 0.36562118 0.30375278 0.3185499 0.34225917 0.39309418 0.2550648 0.09747028 -0.02100388 0.08015191 0.18158053 0.2846422 0.17361455 0.06548305 -0.12166939 -0.29364276 -0.35873273 -0.31896496 -0.40812364 -0.20398012 -0.104396805 -0.10546773 0.09785102 0.21593715 0.3648928 0.46052274
-32767.0 -0.017069528 -0.011299305 0.11799838 0.035868853 -0.104943484 -0.21948256 -0.2822635 -0.37713468 -0.34962583 -0.20829691 -0.2634996 -0.044240966 -0.06341981 -0.07207946 -0.083154485 -0.049812242 0.020747302 -32767.0 -32767.0 -32767.0 -32767.0 -32767.0 -32767.0 -32767.0 -32767.0 -32767.0 -32767.0 0.06513962 0.15177049 0.19914988 0.3241463 0.38226116 0.21551882 0.33235806 0.38907605 0.3879177 0.3247994 0.32678366 0.2653507 0.17727715 0.297557 0.21088137 0.036417183 0.0021201025 -0.029079435 -0.16264963 -0.31749147 -0.32740694 -0.26091048 -0.27145872 -0.30179247 -0.4656833 -0.41437677 -0.27453104 -0.078935854 -0.08771332 -32767.0
-32767.0 0.0068518883 -0.061294556 0.07546536 0.06315351 -0.0026004058 -0.08594146 -0.11424654 -0.10576625 -0.0663539 -0.019465175 -0.021424849 -0.11372093 -0.032167904 -0.01862122 -0.0048305793 -32767.0 -0.03366261 -32767.0 -32767.0 -32767.0 -32767.0 -32767.0 -32767.0 -32767.0 -32767.0 -32767.0 -32767.0 0.048919708 0.12511516 0.25957653 0.43530926 0.4672128 0.5644453 0.5851493 0.5082597 0.53914523 0.48181868 0.2802049 0.11533908 0.23536725 0.017148731 0.016688375 0.028133145 0.0012852551 -0.07227255 -0.10360879 -0.09670661 -0.08360908 0.0017600553 -0.3038529 -0.32614407 -0.34852707 -0.19160798 0.1067041 0.26354256 0.15545106 -32767.0
-0.053079154 0.10443898 -0.035304327 0.02134162 0.05936686 0.016843213 0.00014393614 -0.0011400599 0.035882775 0.09130172 0.13492304 0.09959721 0.08071371 0.095099695 -0.019978845 -32767.0 -32767.0 -32767.0 -32767.0 -32767.0 -32767.0 -32767.0 -32767.0 -32767.0 -32767.0 -32767.0 -32767.0 -32767.0 0.067544326 -0.042621545 0.23685618 0.3724249 0.3626069 0.3540915 0.47810814 0.4578735 0.47504002 0.46027556 0.5025077 0.3579029 0.1717953 -0.24618272 -0.28230292 0.026487783 0.06932696 0.14864402 0.07689932 0.11585239 -0.028340533 -0.0007438988 -0.23912695 -0.3045441 -0.14567283 -0.06899785 0.07799991 0.23961437 0.17642936 0.08242468
0.103420876 0.011036759 0.015980702 0.04771381 0.083055 0.0077743996 -0.00883302 -0.010279344 0.03815384 0.15183194 0.29018775 0.21423757 0.17342517 0.13252446 -0.07634166 -0.13629484 -32767.0 -32767.0 -32767.0 -32767.0 -32767.0 -32767.0 -32767.0 -32767.0 -32767.0 -32767.0 -32767.0 -32767.0 -0.0489474 0.13230427 0.22324614 0.37908286 0.29604077 0.21419525 0.31672448 0.49168268 0.47588038 0.5023551 0.573671 0.55362403 0.37200928 0.15824366 0.16764829 -0.009585278 0.04780925 -0.017614609 0.14031708 0.14683132 -0.10765844 -0.22651586 -0.24714877 -0.21329723 -0.26945972 0.034929723 0.17410254 0.15614708 0.023683848 -32767.0
0.04122223 0.029146723 0.028369587 0.01101295 0.007828908 -0.060721297 -0.076863274 -0.024718776 0.10943197 0.1877051 0.19401191 0.16246997 0.18137103 0.14386877 0.03464305 -0.16272365 -0.10771943 -32767.0 -32767.0 -32767.0 -32767.0 -32767.0 -32767.0 -32767.0 -32767.0 -32767.0 -32767.0 -32767.0 0.29363686 0.44713593 0.37739992 0.31411192 0.21673547 0.30296078 0.38705194 0.4568809 0.3677213 0.38789186 0.55535346 0.59068966 0.40121472 0.17957732 0.37431931 -32767.0 -0.0113781635 0.003525856 -0.014125641 -0.15515095 -0.31528762 -0.41110054 -0.3112633 -0.29664847 -0.20344591 0.16034484 0.26174632 -32767.0 -32767.0 -32767.0
-0.057307795 -0.038031533 -0.040548578 -0.008600545 0.024564229 0.016811045 0.068374835 0.0987013 0.08539095 0.12976332 0.16441631 0.12875617 0.14604118 0.16845 0.062285405 -0.057316545 -0.066053964 -32767.0 -32767.0 -32767.0 -32767.0 -32767.0 -32767.0 -32767.0 -32767.0 -32767.0 -32767.0 -32767.0 -32767.0 0.51013607 0.34972477 0.32954258 0.27788016 0.1245314 0.25894615 0.25662002 0.12923545 0.10798577 0.33607572 0.24691963 0.32274464 0.3596566 0.34620526 0.06486555 0.17241223 0.20626315 0.17487009 0.09238063 0.017681967 -0.023828361 0.059240773 0.12512174 0.3817078 0.5365938 0.3411337 -32767.0 -32767.0 -32767.0
-0.011456366 -0.04514173 -0.025993004 0.03927303 0.07861737 0.12294309 0.19848463 0.234427 0.2181105 0.16709359 0.19003129 0.15101399 0.17399046 0.14623246 0.10219931 0.08024711 0.037765834 -0.0073883533 -32767.0 -32767.0 -32767.0 -32767.0 -32767.0 -32767.0 -32767.0 -32767.0 -32767.0 -32767.0 0.17346472 0.41183323 0.21779442 0.23348506 0.3139082 0.11833774 0.06577237 0.17104541 0.21603024 0.15927231 0.34500986 0.20020923 0.12074447 0.45689633 0.61709005 0.6134144 0.5174205 0.48045594 0.46472982 0.44425064 0.50760317 0.59688663 0.4881557 -32767.0 0.14108317 0.072224885 0.15085706 -32767.0 -32767.0 -32767.0
-0.008030104 -0.018347146 -0.024229046 0.047304187 0.08734766 0.078314744 0.1369031 0.18338816 0.20014833 0.16521667 0.14147337 0.1656426 0.23433746 0.21617483 0.13720374 0.05660728 0.050813787 -32767.0 -32767.0 -32767.0 -32767.0 -32767.0 -32767.0 -32767.0 -32767.0 -32767.0 -32767.0 -32767.0 0.33530578 0.44395217 0.16871946 0.12827812 0.2203073 0.3305717 0.3127556 0.29927424 0.36539212 0.4237982 0.30143452 0.29713067 0.399858 0.3115232 -32767.0 -32767.0 -0.06627981 0.07976638 -32767.0 -32767.0 -32767.0 -32767.0 -32767.0 -32767.0 -32767.0 -32767.0 -32767.0 -32767.0 -32767.0 -32767.0
0.017809367 0.033551816 0.08572483 0.2002817 0.23880567 0.15220915 0.07717859 0.050500143 0.050037697 0.03592842 0.16220091 0.1726203 0.2059735 0.101567775 0.11658888 0.07459157 -32767.0 -32767.0 -32767.0 -32767.0 -32767.0 -32767.0 -32767.0 -32767.0 -32767.0 -32767.0 -32767.0 0.39832976 0.7448023 0.66038036 0.27386612 0.19357173 0.30005103 0.2665555 0.3075576 0.42727 0.4138782 0.6026964 0.46919763 0.400056 0.3341838 -32767.0 -32767.0 -32767.0 -32767.0 -32767.0 -32767.0 -32767.0 -32767.0 -32767.0 -32767.0 -32767.0 -32767.0 -32767.0 -32767.0 -32767.0 -32767.0 -32767.0
0.09415058 0.045716744 0.05333236 0.13711746 0.16158654 0.17113823 0.13332275 0.08162091 0.073784426 0.12999931 0.20193557 0.25310123 0.21301496 0.11548805 0.04817852 0.04750557 -32767.0 -32767.0 -32767.0 -32767.0 -32767.0 -32767.0 -32767.0 -32767.0 0.1888231 0.18916227 0.62776303 0.83240086 0.6797559 0.5461634 0.3450226 0.19769077 0.21285154 0.26381516 0.39873412 0.6513974 0.3987035 0.29388577 0.22389804 -32767.0 -32767.0 -32767.0 -32767.0 -32767.0 -32767.0 -32767.0 -32767.0 -32767.0 -32767.0 -32767.0 -32767.0 -32767.0 -32767.0 -32767.0 -32767.0 -32767.0 -32767.0 0.018150346
0.14593087 0.15430349 0.12720045 0.14590913 0.17276454 0.2236241 0.24937987 0.19161789 0.21607777 0.18994299 0.24540052 0.3286788 0.20318468 0.111206554 0.060311437 0.03226331 -32767.0 -32767.0 -32767.0 -32767.0 0.04824715 0.10758993 0.21730302 0.48049238 0.358989 0.5383602 0.52644295 0.59989876 0.023559501 -0.17564833 0.0030568405 0.26497412 0.3476368 0.40214455 0.48697907 0.2342199 0.20562081 0.11082161 -32767.0 -32767.0 -32767.0 -32767.0 -32767.0 -32767.0 -32767.0 -32767.0 -32767.0 -32767.0 -0.11358472 0.00047905478 -32767.0 -32767.0 -32767.0 -32767.0 -32767.0 -32767.0 -32767.0 -0.047781114
0.31075054 0.26354998 0.27755225 0.3157476 0.2884436 0.2600119 0.271616 0.2368452 0.3023097 0.3755006 0.40651384 0.42947412 0.28517616 0.28792375 0.14978468 -32767.0 0.01282943 -32767.0 0.07019114 -32767.0 0.11226967 -32767.0 0.37179247 0.4028442 0.45928934 0.3634423 0.359863 0.37370685 0.1448564 0.1364907 0.2905553 0.43371385 0.50020444 0.45925137 0.13630779 -0.1275473 -32767.0 -32767.0 -32767.0 -32767.0 -32767.0 -32767.0 -32767.0 -32767.0 0.0006449957 0.012837926 -0.037353415 -0.009320069 -0.102762856 -0.0053345496 0.03879426 0.08239376 -32767.0 -32767.0 -32767.0 -32767.0 -32767.0 -0.00027146452
0.5190075 0.47864658 0.3535865 0.41203776 0.4743599 0.48403183 0.43152556 0.375333 0.4139386 0.4269912 0.35605454 0.3200834 0.3011846 0.3245291 0.3839055 0.45286265 0.59375465 0.89505863 0.8782905 0.70857394 0.6757472 0.43366656 0.4221405 0.44557324 0.44768852 0.37857747 0.26958954 -32767.0 0.23908412 0.57712644 0.5955776 0.48871064 0.31263483 0.20160176 -32767.0 -32767.0 -32767.0 -32767.0 -32767.0 -0.078482546 -0.08002407 -0.044812765 0.15964314 0.06639666 0.15421891 0.08378086 -32767.0 -32767.0 0.1130916 0.0326918 0.073339954 -32767.0 -32767.0 -32767.0 -32767.0 -32767.0 0.20554046 0.5494352
0.36761534 0.49289495 0.43756887 0.3698493 0.31444868 0.28968802 0.26017252 0.28692743 0.35321152 0.3693827 0.26657248 0.19833519 0.34870997 0.31672823 0.35985237 0.44723117 0.6740682 0.8029865 0.75316906 0.8471872 0.70524704 0.6415962 0.50732696 0.48375192 0.53761286 0.5357541 0.50876087 0.46951786 0.5681129 0.5497649 0.30461657 0.1216598 0.13747628 0.07702946 -0.007599357 -32767.0 0.08981686 -0.04687851 -32767.0 0.05896544 0.13452555 0.046778943 -32767.0 0.06765287 -0.012936823 -32767.0 -32767.0 -32767.0 -32767.0 0.061811395 -0.06857992 -32767.0 -32767.0 -32767.0 -32767.0 0.26346692 0.27816153 0.15146871
0.2186521 0.39679936 0.44394702 0.4328481 0.39555266 0.2898489 0.18882306 0.16305086 0.2225762 0.26768354 0.34599715 0.3686463 0.36682746 0.36727554 0.41910726 0.45776343 0.63394326 0.49299237 0.42470273 0.577031 0.59094965 0.637687 0.63509655 0.53089786 0.56421816 0.57036227 0.44674125 0.35768086 0.29619038 -32767.0 0.22186163 0.13609624 -32767.0 -32767.0 0.0069458117 0.032289747 0.00984621 -0.06588947 -0.02866717 -0.01813979 -0.09369308 -32767.0 -32767.0 -32767.0 -32767.0 -32767.0 -32767.0 -32767.0 -32767.0 0.04465993 0.23286526 0.2728704 -32767.0 -32767.0 0.10799223 0.072036296 -0.04540171 -0.19039728
