static/data/seaWater_uo/2023/7/14/12.asc
ncols 137
nrows 93
xllcorner 108.0
yllcorner 17.0
cellsize 0.25
NODATA_value -32767
[rows 26 to 51 of 93, columns 58 to 115 of 137]
-0.057989683 -0.11576785 -0.2606059 -0.13579473 -0.065838076 0.02072148 0.05535222 0.11233914 0.17839348 0.14724696 0.1339227 0.13318284 0.20672573 0.30269787 0.29989058 0.30676368 -32767.0 -32767.0 0.0820381 0.15600108 0.2904976 0.3012789 0.39296293 0.4069157 0.2766507 0.22167471 0.27296615 0.2322359 0.1639186 0.02316904 -0.026024666 -32767.0 -32767.0 -32767.0 -32767.0 -32767.0 -32767.0 0.120454535 0.16673721 0.029667577 -32767.0 -32767.0 -32767.0 -32767.0 -32767.0 0.011176902 -32767.0 0.010496965 0.22648825 0.51865125 0.42265543 0.024937693 -0.040930714 -32767.0 0.1472404 -0.07127744 -0.25630826 -0.2659019
0.022623593 -0.088300206 0.1336443 -0.023870874 -0.040866572 0.006507644 0.059584778 0.1022335 0.18612349 0.24474183 0.23237638 0.2149863 0.216978 0.31302172 0.18845585 -32767.0 -32767.0 0.2510147 0.14299266 0.24206161 0.20327586 0.18906207 0.16966952 0.067121714 0.020150099 0.07167133 0.14214018 0.048215926 -32767.0 -32767.0 -32767.0 -32767.0 -32767.0 -32767.0 -32767.0 -32767.0 -32767.0 0.012828333 0.2332601 0.059261333 -32767.0 -32767.0 -32767.0 0.037775088 0.14820877 0.20760763 -0.11828742 0.2014438 0.20329264 0.08024318 0.08844736 -0.1924788 0.109134585 0.17342772 -0.1378752 -0.19869256 -0.13992134 -0.10098765
-0.12303138 -0.02271193 -0.042546038 0.045707535 0.065102845 0.075501814 0.093605116 0.085163414 0.10742968 0.18212514 0.1566201 0.097783305 0.06366166 0.08429894 0.09952362 0.15945095 0.15652479 0.1948862 0.12951985 0.08637149 0.034208663 0.099717595 0.13980657 -0.03968577 -0.024719765 0.0228128 -32767.0 0.038738202 -0.031726614 -32767.0 -32767.0 0.05359526 -32767.0 -32767.0 -32767.0 -32767.0 -32767.0 -32767.0 0.22767168 0.18577085 -32767.0 -32767.0 -0.0010030521 0.18219009 0.39691266 0.22884278 0.026366776 -0.08155694 -0.08061535 -0.038203318 -0.04452742 -0.19520926 -0.18171044 -0.21956632 -0.14160009 -0.037471052 0.04465018 0.04145504
-0.007261134 0.016640281 -0.054423735 0.01240721 0.050729103 0.08481852 0.093618274 0.05958867 -0.0037656822 -0.0055384487 -0.015621509 -0.048004106 -0.09296274 -0.16111995 -0.19494055 -0.15008877 -0.08281347 -0.044293992 -0.1043226 0.06566628 0.07243569 0.0011266463 -0.001532954 -0.08074033 0.00014217047 -32767.0 0.011902967 0.08549217 0.009345507 0.010245467 0.15016605 -32767.0 -0.0342457 -32767.0 -32767.0 -32767.0 -32767.0 -32767.0 0.08612204 0.5318953 0.45617506 0.23528077 0.025305472 0.19157353 0.18678838 -0.0040843985 -0.13428237 -0.13802975 -0.0751023 -0.076989956 -0.04775004 -0.084647775 -0.09817206 -0.11343739 -0.13571656 -0.06237246 -0.011967098 -0.040582567
0.03429718 0.05769603 0.024655487 0.094534546 0.08174119 0.068823375 -0.029980963 -0.057316784 -0.056941614 -0.028855883 -0.08871056 -0.13240641 -0.15171307 -0.20930025 -0.2594579 -0.21060917 -0.07395321 -0.09065988 0.0015633658 -0.01726574 -0.030633193 -0.099809356 -0.07989806 -0.034766294 0.089910604 0.3237844 0.2549203 0.31003362 0.20525007 0.014409472 -0.033870947 -0.041036915 0.035313718 -32767.0 -32767.0 -32767.0 -32767.0 0.14572637 0.41104752 0.2336901 0.2511298 0.39587083 0.48578644 0.26555037 0.24901123 0.38490433 0.2771298 0.20264445 0.22633152 0.16349249 0.16837236 0.27455443 0.10012368 -0.024264108 -0.10428378 -0.11724683 -0.089553185 -0.11954004
0.06399155 -0.020677827 0.027269052 0.00235494 0.03921036 0.05700192 0.025206802 -0.036914207 -0.024673944 -0.058075722 -0.10426285 -0.07465061 -0.1446743 -0.23067263 -0.31733552 -0.18627153 -0.14483689 -0.156989 -0.09387825 -0.035601787 0.08661518 0.08860092 0.06369124 0.07763041 0.17753914 0.1883545 0.22829685 0.19186652 0.16202737 0.14793019 -0.0341887 0.042594325 -0.004316967 -32767.0 -32767.0 -32767.0 -32767.0 0.26604137 0.03759611 -0.19939613 -0.15492898 0.1682821 0.47975814 0.5986121 0.4744288 0.49518403 0.6171044 0.7200378 0.7774385 0.7696904 0.585226 0.43978658 0.45544404 0.36079565 0.13530141 -0.073168755 -0.093579665 -0.11794326
0.05704683 0.013907671 0.01490374 0.06931783 0.05374701 0.10623922 0.12000362 0.15036145 0.18667307 0.21368156 0.13076441 0.11659856 0.04894458 -0.060494583 -0.18065922 -0.18597244 -0.0825094 -0.007908785 0.06777801 0.09341527 0.17378792 0.14532205 0.16507982 0.16388918 0.1609055 0.20066765 0.2630932 0.1871899 0.0781273 0.12419904 0.10524817 -32767.0 -32767.0 -32767.0 -32767.0 -32767.0 0.08287497 0.18059325 0.19194251 0.3014792 0.3626204 0.6903809 1.0214614 1.1338816 1.2149951 1.2744387 1.3187137 1.3832085 1.4236119 1.4117855 1.2309877 0.77828187 0.4968641 0.5002669 0.2933152 -6.181537e-05 -0.091398515 -0.0640339
0.052468047 0.062614195 0.1551049 0.13500997 0.13727495 0.14306386 0.16166654 0.14015454 0.15739809 0.11179891 0.09182934 -0.01629248 0.009118888 0.16354649 0.22880869 0.13118865 0.1318049 0.16889204 0.16040967 0.15455112 0.22594339 0.22760361 0.11363021 0.010246327 -0.056194074 -0.024484795 0.032981917 0.17532362 0.08075323 0.13288143 -0.05557888 -32767.0 -32767.0 -32767.0 -32767.0 -32767.0 0.08408362 0.37672526 0.66474074 0.96123105 1.1732837 1.0753552 0.91798383 0.85089207 0.82932496 0.86767644 0.95433974 0.97623295 0.9701287 0.9717102 1.0485094 1.096634 0.68190837 0.4932968 0.32253084 0.04745338 -0.088800274 -0.0117326835
0.06585096 0.108794 0.18020083 0.17032157 0.16803068 0.09066659 0.036838297 0.09084029 0.09052671 0.073205754 0.052521612 0.08989865 0.03951614 0.03584853 0.19397779 0.24732667 0.15700547 0.1680971 0.21544418 0.19289397 0.13712047 0.12323718 0.07727461 0.025508538 0.13748226 0.03460353 0.02858886 0.028461343 0.07318344 0.042934515 0.04508767 0.049397834 -32767.0 0.057148036 -32767.0 -32767.0 0.2528396 0.70996565 0.66612214 0.696035 0.8130908 0.812976 0.7376588 0.5933319 0.5785117 0.59387916 0.5814591 0.5830924 0.59388775 0.6281979 0.6915037 0.78287995 0.79656065 0.54727095 0.37583098 0.069498524 -0.03087258 0.063310616
0.27092913 0.023094788 -0.027593717 0.014704721 0.032144774 0.015596125 0.12526956 0.12882876 0.11765545 0.05766015 -0.013372964 0.06503457 0.11265137 0.08381002 0.15400825 0.18088649 0.18756606 0.19720712 0.22563781 0.16053647 0.07216856 0.08871912 0.091480955 0.11788697 0.100927085 0.020420488 0.06505085 -0.0022848921 0.0017988489 0.056856517 0.10795396 0.12471706 0.10405086 0.098615065 -32767.0 0.3299122 0.71080226 0.40128648 0.51644915 0.5648106 0.6452802 0.62717736 0.45842716 0.38336694 0.36271274 0.35523844 0.2994252 0.2942274 0.35580748 0.39742404 0.43857685 0.50047517 0.6052048 0.5034274 0.3621779 0.11375451 0.04800485 0.15482563
0.22023162 0.1811017 0.06646766 0.006141334 0.0050186454 0.04148652 0.0901858 0.10248076 0.074896865 0.10985713 0.11406826 0.114778504 0.19978918 0.055342138 0.12873772 0.10007306 0.14495125 0.19071884 0.15163204 0.16176721 0.15121579 0.14386338 0.107754156 0.10522097 0.10235925 0.042282082 0.028011434 -0.011432021 -0.022852456 0.11563278 0.16700493 0.27131492 0.31688076 -32767.0 0.9344447 0.61130947 0.244136 0.25493178 0.32253543 0.45279467 0.40802246 0.30824745 0.20359099 0.177503 0.21790944 0.10097224 0.16438152 0.20279731 0.15180728 0.17620867 0.3279391 0.3822201 0.42350104 0.4038576 0.30702153 0.1365946 0.09964388 0.16673946
0.032926083 0.16675736 0.18871509 0.1051634 -0.036275297 -0.055984426 0.026522003 0.1012571 0.11119267 0.1345554 0.11933636 0.16361023 0.12819369 0.06729494 0.14907329 0.24211054 0.22640789 0.17937978 0.14068815 0.13318641 0.11325637 0.099369615 0.124785446 0.18636551 0.20535517 0.19855982 0.1570649 0.06290316 0.034552366 0.084624015 0.15264489 0.305107 0.50203866 0.44599855 0.28182337 0.15786484 0.22055721 0.1781776 0.24666727 0.20943378 0.23818694 0.17273171 0.069793075 0.15081725 0.14761975 0.18538839 0.3023318 0.25791937 0.31186086 0.30996314 0.27828062 0.33270413 0.32564482 0.31124687 0.26005477 0.11372934 0.13209239 0.17663288
0.0025176434 -0.0049026604 0.15455246 0.15545551 0.17306216 0.094874285 0.010372488 0.09335695 0.16195397 0.117509395 0.122442596 0.13678527 0.16733924 0.2091189 0.27366412 0.28499523 0.28763962 0.30383068 0.20804514 0.15038793 0.10692238 0.18349218 0.3224804 0.39936298 0.4462979 0.44720072 0.4152438 0.369623 0.26484317 0.11468243 0.107549906 -32767.0 0.21818635 0.22021078 -32767.0 0.23268405 0.21388803 0.20553377 0.3315162 0.3095175 0.19774792 0.1652588 0.10726046 0.061032936 0.05906215 0.14504126 0.12679632 0.23371364 0.31649473 0.31811792 0.29962176 0.28853443 0.21964642 0.23306426 0.24912457 0.09319621 0.109622315 0.22857518
-32767.0 0.38572264 0.19138278 0.17027843 0.043192506 -0.018514326 -0.03690259 0.027620386 0.08714239 0.21416952 0.064672045 0.0070001543 0.114697024 0.12517422 0.18746568 0.24450813 0.2722425 0.1785006 0.11356741 0.10090805 0.15754263 0.3094877 0.42813244 0.58606356 0.71276975 0.74089175 0.70794165 0.6021051 0.55463856 0.37369397 0.18850471 0.063752145 -32767.0 0.15813066 0.27338177 0.39133805 0.35048708 0.53689414 0.69159883 0.56966424 0.33202985 0.20066929 0.15982735 0.020817842 0.06769379 0.052340582 -0.03745337 0.107792966 0.12108471 0.119663775 0.25897563 0.2925094 0.21140963 0.25791338 0.33373746 0.2697373 0.25064722 0.42086166
0.18490224 0.1471943 0.19244814 0.0879378 0.014078909 0.027497957 0.029621957 -0.08511266 -0.19594713 -0.11895757 -0.10331761 0.024331275 0.053622987 0.094918355 0.14730117 0.19952077 0.2589833 0.13001749 -0.056093656 0.0014364701 0.15033196 0.32219115 0.4943334 0.6605366 0.7681044 0.7654524 0.83715075 0.81928796 0.61889964 0.56181216 0.2616022 0.13327728 0.05353755 -0.02009176 0.4682084 0.61142164 0.5923565 0.6274103 0.51603836 0.42651796 0.36314365 0.15963335 0.15279609 0.09251526 0.024710026 -0.045991935 -0.19102962 -0.07827925 -0.11889709 -0.13831398 0.03730417 0.24927486 0.2685566 0.32381365 0.4896573 0.6066652 0.65941775 0.7389972
-0.042502895 0.119418144 0.04846422 0.10976155 0.17261568 0.081875935 0.14575213 0.20507553 0.17852408 0.013406136 0.11377877 0.15107201 0.12985711 0.08904625 0.10984526 0.12180773 0.13792394 -0.021844434 -0.086789586 -0.036654424 0.11855307 0.22226726 0.3889049 0.5664921 0.581942 0.5990484 0.6191938 0.720492 0.7570303 0.74891627 0.1639691 0.16363604 0.33949333 0.6464682 0.55007195 0.56991327 0.53140855 0.40751836 0.20127766 0.12580296 0.08120853 0.0097686285 -0.010295572 0.050111614 -0.008647646 -0.07675234 -0.18272784 -0.23825264 -0.19346161 -0.30434498 -0.30911595 -0.13312025 0.1135991 0.27549016 0.51986957 0.7909015 0.95817953 0.98751974
0.09622633 0.1497518 0.11097585 0.07909504 0.015012942 0.11120078 -0.010588871 0.09824426 0.13371904 0.13444296 0.1586871 0.17497759 0.16054079 0.1078207 0.11523996 0.1457498 0.09129292 -0.04447017 -0.07663025 -0.02814923 0.0062225712 0.04515891 0.26757768 0.40770763 0.45272034 0.51945037 0.56556636 0.504942 0.5077416 0.868234 0.28182876 0.8521444 0.70114243 0.6001798 0.7550358 0.7025142 0.63179153 0.35454428 0.101808004 0.022552537 0.002412416 -0.011942686 0.014131343 0.0038190447 -0.035037834 -0.07354684 -0.15074027 -0.16304453 -0.23035426 -0.055839688 -0.21951468 -0.30254915 -0.046395432 0.24024506 0.4838258 0.75979793 0.89893156 0.8066579
0.14704618 0.14819795 0.15665016 0.14433226 0.2740373 -0.005925391 0.20215355 0.14229545 0.1747457 0.15084168 0.1626527 0.16282165 0.22814459 0.22337663 0.21847634 0.10901381 0.008777049 -0.041134477 0.05780049 0.029351544 0.051453054 0.02708144 0.24388047 0.36294752 0.37572515 0.4176836 0.46527958 0.5338463 0.64632267 0.33259818 0.6906602 0.84614533 0.68710643 0.7125356 0.86936724 0.6720315 0.5342557 0.38820297 0.17486764 0.08993597 0.04788758 0.07449003 0.104890056 0.13089041 0.13677162 0.046869505 0.032797936 -0.16519454 -0.120138325 -0.15623759 0.024226215 0.16048291 -0.027858846 0.13027038 0.4170411 0.5818432 0.73009634 0.6903511
0.26267925 0.17925334 0.14282814 0.026613692 -0.026518116 0.112752214 -0.12819171 -0.07500346 0.046980273 0.23249218 0.31264883 0.34554994 0.2107077 0.18923612 0.26198244 0.2265055 0.09850737 0.057489265 0.08097431 0.2116493 0.38298285 0.29454318 0.38631606 0.3750732 0.24626942 0.25062805 0.24826485 0.2288231 0.23007062 0.62143964 0.86732966 0.7811619 0.7692609 0.6169552 0.5109449 0.3906667 0.24343896 0.2679721 0.2543928 0.24278149 0.2447752 0.22119105 0.17636295 0.08819003 0.16327363 0.22335696 0.15555422 0.07179568 -0.061555553 -0.038186178 0.0084516555 0.008396752 0.21825482 0.39175323 0.48952025 0.4976683 0.404444 0.21089488
0.25248876 0.2291335 0.30351362 0.23738347 0.051838234 -0.031967666 0.37597287 0.115177535 0.011098201 0.011654605 0.075076796 0.10933026 0.14050902 0.208059 0.15513228 0.21031609 0.1826158 0.13642214 0.268948 0.5629351 0.66428936 0.6351195 0.5696161 0.38045833 0.1910062 0.07378174 0.18205015 0.23862141 0.3009813 0.3228735 0.39954522 0.3730604 0.28234208 0.23625608 0.28862762 0.3137796 0.38752812 0.46757847 0.54032815 0.572795 0.5547117 0.4659346 0.38545004 0.24417882 0.09043636 0.17952067 0.24992442 0.10684798 0.019022068 -0.10127107 -0.14424261 -0.024390576 0.04707076 0.060508784 0.06654265 -0.008179024 -0.005331317 -0.020700721
0.29511526 0.41137093 0.46031213 0.52491826 0.40318152 0.26166883 0.07426331 0.032085318 0.059167672 0.0889356 0.08840791 0.1380062 0.1715682 0.15768428 0.15242983 0.2714763 0.33035573 0.4466598 0.6233447 0.82661045 0.9323682 0.8061808 0.5725229 0.31252703 0.1460084 -0.100814864 -0.10292374 0.040409416 -0.00944602 0.13799362 0.12640606 -0.046877496 0.13096808 0.30195764 0.40608528 0.533236 0.6255412 0.6835806 0.6849682 0.6206471 0.54606235 0.4718776 0.419251 0.33049607 0.15878077 0.093678735 0.19818346 0.12664537 -0.03401449 -0.16008951 -0.01575512 0.08357302 0.08450924 0.07341642 0.09330651 0.07947605 -0.14496465 -0.15268645
0.4632067 0.42985666 0.3502089 0.35284668 0.34481707 0.28189674 0.23228566 0.17595339 0.06595636 0.09001569 0.10709784 0.18499447 0.27714956 0.26966873 0.26031744 0.40596932 0.55167884 0.73989326 1.0601084 1.1279073 0.88562495 0.5969762 0.35373658 0.25333297 0.17969798 -0.1181277 0.03772878 -32767.0 -0.069627 -0.27036932 -0.03002307 0.23219006 0.34767032 0.4224623 0.5230113 0.5763347 0.5421119 0.49569058 0.4980534 0.45274886 0.3929321 0.34948367 0.30468404 0.27732548 0.12907569 0.03686411 0.12345973 0.00046007085 -0.17992808 -0.09065124 -0.048857883 -0.040883433 -0.07751443 -0.07181214 -0.17997527 -0.35582474 -0.09756474 0.10032629
0.47583723 0.47527054 0.268948 0.23927929 0.20568085 0.2775768 0.19536231 0.09652478 0.08852657 0.12995957 0.105472006 0.16173308 0.17236678 0.31753138 0.3974491 0.3883275 0.6999831 0.9093091 0.86393136 0.6636712 0.4467045 0.23778884 0.2214413 0.3059844 0.21886635 -0.005159513 -0.04889961 -0.1406836 -0.20081283 0.10907605 0.24790254 0.24846719 0.39485776 0.42823786 0.4375611 0.3928126 0.40904424 0.5147742 0.49524903 0.35712984 0.26093173 0.27327195 0.23177928 0.17389762 0.03274216 0.057337306 0.0172632 -0.17012772 -0.23257025 -0.22777407 -0.31155193 -0.39373598 -0.36576945 -0.32796678 -0.27608228 -0.16246548 -0.10210317 0.036896467
0.34229594 0.35104382 0.15427652 0.08041885 0.2050858 0.13730782 0.091656774 0.042875513 0.15261371 0.161601 0.14561121 0.13325809 0.110033765 0.05990972 0.20112841 0.28291538 0.55610454 0.54916203 0.40234116 0.19939482 0.07055903 0.16020408 0.19703364 0.13482228 0.06922219 -0.031943627 -32767.0 -0.1329188 0.14859988 0.16482063 0.21724728 0.31693292 0.2840733 0.29894203 0.27270314 0.2985311 0.42041877 0.3789708 0.41874766 0.3021542 0.20549494 0.20882101 0.08988463 0.0011962507 -0.050872646 -0.044427812 -0.22070767 -0.28915867 -0.30851376 -0.38507363 -0.27508494 -0.055002227 0.11534704 0.2000157 0.2707562 0.21269166 0.1454267 -0.030262288
0.25503227 0.27804536 0.27037558 0.34837145 0.25273868 0.11890878 0.17851543 0.24963279 0.19589883 0.115441754 0.13133273 0.12973036 -0.113304146 -0.23707077 0.019116476 0.32151112 0.33813298 0.27573523 0.10638757 0.018178167 0.12944552 0.016016036 -0.0396595 -0.03672863 -0.14348872 -0.011292094 -0.08827257 0.11931871 0.05273069 0.12091478 0.26601496 0.18577406 0.20828977 0.17403373 0.20435727 0.19940268 0.21346223 0.16182026 0.17301299 0.057247702 0.06899576 0.03939925 -0.07070807 -0.1338272 -0.08986256 -0.2902579 -0.40709272 -0.43755764 -0.24359871 -0.06246395 0.06548209 0.27621573 0.32347512 0.27161336 0.14814308 0.16999945 0.10401474 -0.058228143
0.0713964 0.11984527 0.18437387 0.15998784 0.14572243 0.20180663 0.19842787 0.11001521 0.052852955 0.13813683 0.07073414 0.059534963 0.09400513 0.091076374 0.3644514 0.4046361 0.26595023 0.18179068 0.10065288 0.11777997 0.003775682 -0.052479584 -0.08111826 -0.12782699 -0.08926972 -0.26306772 0.007300067 0.07941528 0.021611022 0.14832427 0.16686194 0.13110092 0.112589896 0.10144798 0.08610364 0.05414412 0.031651665 0.034256272 -0.034932915 -0.062168702 -0.08950545 -0.17635664 -0.16583098 -0.16877551 -0.38018996 -0.54729235 -0.45370376 -0.1605838 -0.07467692 -0.0343957 0.21601416 0.21176696 0.22772074 0.19788647 0.11492576 0.04022141 -0.10613174 -0.03636632
