static/data/seaWater_uo/2023/7/14/18.asc
ncols 137
nrows 93
xllcorner 108.0
yllcorner 17.0
cellsize 0.25
NODATA_value -32767
[rows 0 to 24 of 93, columns 58 to 115 of 137]
-32767.0 -32767.0 -32767.0 -32767.0 -32767.0 -32767.0 -32767.0 -32767.0 -32767.0 -32767.0 -32767.0 -32767.0 -32767.0 -32767.0 -32767.0 -32767.0 -32767.0 -32767.0 -32767.0 -32767.0 -32767.0 -32767.0 0.0017305759 -0.07603998 -0.14590487 0.10276354 0.34227812 0.18944946 0.15550184 0.041989315 0.060841054 0.1343747 0.028225236 0.06618997 0.036138732 0.044630468 0.2247227 0.21817176 0.10210848 0.151481 0.15449978 0.11755955 0.07493803 0.19235727 0.24714737 0.19056034 0.18134126 0.30154604 0.22926402 0.23269822 0.34841096 0.44871297 0.4981819 0.5833129 0.7701612 0.8153581 0.8691501 0.90651286
-32767.0 -32767.0 -32767.0 0.03528483 -0.012733237 0.08501803 0.069723845 0.010897064 0.0050234543 -0.004177697 -32767.0 -32767.0 -32767.0 -32767.0 -32767.0 -32767.0 -32767.0 -32767.0 -32767.0 -32767.0 -32767.0 0.03729916 -0.03753873 -0.05002674 0.26171046 0.47080874 0.6539587 0.53263396 0.26738974 0.07696514 0.13180527 0.16930626 0.34966788 0.36241278 0.16852796 -0.031943284 0.028398119 -0.13763876 -0.2319396 -0.2692054 -0.20575087 0.0009898264 0.1991889 0.15051481 0.09614004 -0.056468006 -0.1806845 -0.18130039 -0.08029063 0.33713222 0.7011209 0.94016916 0.95269865 0.82687485 0.75954443 0.57440484 0.53169227 0.34105223
-32767.0 0.07267158 -32767.0 0.09214061 -0.015342475 -0.04028302 -0.07144068 -0.112808034 -0.025468362 -0.025453059 0.012791058 0.011185961 -32767.0 -32767.0 -32767.0 -32767.0 -32767.0 -32767.0 -32767.0 -32767.0 -32767.0 0.24952109 0.16425453 0.15999633 0.24222545 0.0632534 0.17013565 0.24307872 0.40076727 0.507722 0.5939542 0.62297314 0.49493018 0.29513353 0.025673764 -0.07387823 -0.12733534 -0.11071926 -0.11570362 -0.060768854 0.11395366 0.23927842 0.23633862 0.17910668 0.12959373 0.075619824 -0.04396956 0.06584126 0.21912085 0.39884314 0.55386263 0.5711393 0.4717543 0.46582952 0.3621432 0.41028464 0.24792224 0.043072138
0.09217781 -32767.0 -0.08487821 -0.042866234 -0.047322743 -0.03737884 -0.03818302 -0.018994365 -0.049352277 -0.06135872 0.05440548 0.059550464 -32767.0 -32767.0 -32767.0 -32767.0 -32767.0 -32767.0 -32767.0 -32767.0 0.17200857 0.19343147 0.10677748 0.24990219 0.04017046 -0.2809236 -0.23413463 -0.06800929 0.0429822 0.2551204 0.3898893 0.3480453 0.15359315 0.09454938 -0.015448177 0.05444799 0.014041061 0.019378837 0.0013502487 0.14759137 0.33698863 0.34256425 0.40011054 0.3381965 0.23556025 0.2997246 0.24007684 0.1583297 0.19186309 0.11972585 0.27107263 0.3452343 0.31466386 0.18644895 0.13671848 0.13948466 0.26557034 0.3640673
0.012017621 -32767.0 -0.01787534 -0.015994957 0.014420774 0.056999523 0.14444695 0.1303739 0.06737037 0.03174088 0.015383387 -32767.0 -32767.0 -32767.0 -32767.0 -32767.0 -32767.0 -32767.0 -32767.0 -32767.0 -32767.0 -32767.0 0.3901514 0.28644758 -0.091113046 -0.2764252 -0.13555312 -0.04729154 -0.069029555 0.020760093 0.10818209 0.12196998 0.21754697 0.2969231 0.18559852 0.34620824 0.33731982 0.34561884 0.3400127 0.34732282 0.24894069 0.32491 0.30126876 0.19377139 0.14340052 0.15023349 0.2526112 0.26954794 0.15979075 0.13116206 0.26388288 0.46948373 0.48814458 0.5342104 0.43603083 0.26023966 0.298892 0.35495222
0.14367577 0.13659367 0.15519288 0.19767942 0.14222673 0.123841114 0.14459795 0.14179575 0.08070974 0.06922467 0.060246073 -32767.0 -32767.0 -32767.0 -32767.0 -32767.0 -32767.0 -32767.0 -32767.0 -32767.0 -32767.0 -32767.0 -32767.0 0.3516985 0.199984 -0.1074114 -0.017141808 -0.16076612 -0.17190412 -0.14325723 -0.06737128 -0.023877984 0.032280557 0.14423452 0.19751753 0.15155175 0.22546385 0.24140795 0.20981279 0.101231545 0.12998508 0.1386373 -0.12052273 -0.14972468 -0.17396764 -0.029635139 0.1691434 0.26287743 0.35688236 0.453521 0.632877 0.70603377 0.61102027 0.55692875 0.61638683 0.3127785 0.20192686 0.15536301
0.2706538 0.33484384 0.3240803 0.21276869 0.10098311 0.064697966 0.08898268 0.14296705 0.05343749 0.077095985 0.019997453 -32767.0 -32767.0 -32767.0 -32767.0 -32767.0 -32767.0 -32767.0 -32767.0 -32767.0 -32767.0 -32767.0 -32767.0 -32767.0 0.2733726 0.06068487 -0.12374546 -0.12451202 0.039950073 -0.20378533 -0.18119882 -0.16413413 -0.16084607 -0.1509271 -0.16058332 -0.24227485 -0.09685794 -0.08345059 -0.033999126 0.10379134 0.0843204 -0.083871186 -0.27690035 -0.4680582 -0.38053864 -0.040847503 0.34999314 0.55453306 0.720005 0.81610084 0.64584726 0.5174604 0.40017232 0.2956678 0.2829164 0.3025949 0.3847678 0.23258878
0.37687132 0.36344206 0.25491795 0.13772984 0.031203723 -0.0143187065 -0.024528027 0.00991388 0.09699712 0.04764107 -32767.0 -32767.0 -32767.0 -32767.0 -32767.0 -32767.0 -32767.0 -32767.0 -32767.0 -32767.0 -32767.0 -32767.0 -32767.0 -32767.0 -32767.0 0.12758523 -0.10821615 0.11830036 0.10405764 -0.16830152 -0.116089255 -0.11712409 -0.23097914 -0.40531144 -0.54246736 -0.37898573 -0.2906857 -0.22997238 0.022111496 0.15283692 0.16660129 -0.07011903 -0.2071129 -0.199598 0.013827694 0.19606385 0.40051562 0.58556885 0.6275159 0.42259595 0.2803943 0.1309226 0.039628506 0.0083358325 0.27982417 0.6324486 0.7816924 0.7171445
0.34462214 0.37774757 0.18190931 0.055918153 -0.025271472 -0.02731539 -0.059436932 -0.16880497 0.038473155 -32767.0 0.013570921 -32767.0 -32767.0 -32767.0 -32767.0 -32767.0 -32767.0 -32767.0 -32767.0 -32767.0 -32767.0 -32767.0 -32767.0 -32767.0 -32767.0 0.15947121 0.08806048 0.10143057 0.18321215 -0.085351706 -0.065640464 -0.06677068 -0.111643136 -0.20409548 -0.21661945 -0.29053757 -0.2053101 -0.1331869 -0.0832139 -0.13258255 -0.1263256 -0.14488047 0.13388126 0.46887508 0.64726746 0.61857706 0.5763425 0.51840687 0.43976903 0.2703325 0.10420351 -0.00063361786 0.11006469 0.18445814 0.20657876 0.3033398 0.2717833 0.3314251
0.27733606 0.2905292 0.27730554 0.12683775 0.021415643 -0.08857971 -0.16651532 -0.14440432 -0.14014171 -0.08744626 -0.14785722 -0.0841642 -0.09379988 -0.012509127 -0.0031449196 -0.00047713122 -32767.0 -32767.0 -32767.0 -32767.0 -32767.0 -32767.0 -32767.0 -32767.0 -32767.0 -32767.0 0.13221206 0.029410582 0.11795648 -0.13284762 -0.096422635 -0.110559136 -0.058364566 0.07775658 0.058342356 0.09831779 0.079185516 -0.05238238 -0.19673583 -0.3094651 -0.3368541 -0.07810478 0.21189211 0.47564948 0.53168166 0.48249868 0.41637278 0.36404374 0.16205572 0.081163764 0.091485575 0.074920975 0.1661661 0.28313354 0.36016345 0.41158402 0.34047648 0.25512198
0.5635958 0.53077054 0.24783564 0.13901839 0.088091426 -0.04166803 -0.1426519 -0.17219095 -0.23703769 -0.21800233 0.053795345 0.07749334 0.06844395 0.034921724 0.01871692 0.029118435 -32767.0 -32767.0 -32767.0 -32767.0 -32767.0 -32767.0 -32767.0 -32767.0 -32767.0 -32767.0 -32767.0 0.06079538 -0.013155749 -0.11862713 -0.15486473 -0.05812619 -0.0030599162 -0.019960277 0.07728287 0.113143854 0.07770226 0.09385859 0.024392633 0.035679907 -0.032132387 0.063542105 0.17116854 0.25240964 0.253854 0.10996262 0.048974648 -0.11774239 -0.17572793 -0.16207509 -0.21900316 -0.065342106 0.101766475 0.13499813 0.28694096 0.33142355 0.32257667 0.586573
-32767.0 -0.02036775 0.19517812 0.15228929 0.11834141 -0.034454938 -0.12498891 -0.17066777 -0.22832821 -0.22307967 -0.14081341 -0.23024076 -0.039680164 -0.0391281 0.011868356 -0.019979002 0.09860638 0.05316426 -32767.0 -32767.0 -32767.0 -32767.0 -32767.0 -32767.0 -32767.0 -32767.0 -32767.0 -32767.0 0.046780404 0.05982612 0.0069126384 -0.024252737 0.07765788 0.0560861 0.10437753 0.12864359 0.11283988 0.018039614 0.08987095 0.18186066 0.1598027 0.36606467 0.2705118 0.16342196 0.0127005875 0.017823733 -0.07322813 -0.21148199 -0.21181618 -0.145712 -0.17635874 -0.1284244 -0.20503296 -0.12591133 0.019574502 0.19020715 0.14421771 -32767.0
-32767.0 0.013967575 -0.1483876 0.043311376 0.112658285 0.055205055 -0.008378916 -0.04316604 0.019079521 0.09219077 0.15017702 0.093696654 -0.10296314 -0.10227099 -0.030980632 0.1639928 -32767.0 -0.0040288763 -32767.0 -32767.0 -32767.0 -32767.0 -32767.0 -32767.0 -32767.0 -32767.0 -32767.0 -32767.0 0.05167476 -0.09568305 -0.05756539 -0.010005163 0.124210045 0.3415339 0.28031352 0.28043544 0.28337243 0.20922829 0.18859275 0.11621482 0.19629024 0.08614457 0.042144537 0.20231694 0.015680004 -0.01330841 -0.0133227715 0.021912731 0.07544985 0.16430552 -0.100461334 -0.18491451 -0.16049843 -0.012449263 0.1896568 0.23144354 0.14804074 -32767.0
0.032867562 0.1324831 -0.012958155 0.0105272615 0.098165475 0.06802411 0.049936548 0.09861461 0.14731461 0.24997734 0.3036175 0.21368593 0.20597327 0.18526557 0.089716054 -32767.0 -32767.0 -32767.0 -32767.0 -32767.0 -32767.0 -32767.0 -32767.0 -32767.0 -32767.0 -32767.0 -32767.0 -32767.0 0.080371 -0.021264376 -0.10918562 -0.019646475 0.09136793 0.16644499 0.17075714 0.17738865 0.21584687 0.22532469 0.2983403 0.2355465 0.16972992 -0.05726968 -0.15369223 0.030971395 0.11771526 0.18678921 0.13858315 0.2279468 0.18818563 0.17677124 0.034074787 -0.12272139 -0.015218223 0.029242724 0.39829978 0.39579564 0.25330526 0.115578756
0.04697039 0.026528882 -0.033971276 0.07480969 0.12124225 0.057183605 0.081113294 0.11414994 0.18116973 0.29338372 0.42430845 0.3299734 0.2335544 0.12818532 -0.06858684 -0.083778515 -32767.0 -32767.0 -32767.0 -32767.0 -32767.0 -32767.0 -32767.0 -32767.0 -32767.0 -32767.0 -32767.0 -32767.0 0.05268313 0.10500993 0.148905 -0.04652224 0.012111142 -0.023639468 0.02802448 0.1748098 0.22515544 0.29377842 0.37358165 0.43497628 0.3315197 0.22083254 0.21060297 0.19745402 0.0819245 0.043115694 0.18749718 0.23014918 0.1822287 0.087645575 -0.0065334006 -0.055612057 -0.13768755 0.05328033 0.21748658 0.11841326 0.02186012 -32767.0
-0.04322552 5.6554563e-05 0.032290876 0.05608788 0.062156145 0.022964422 0.014692796 0.08856451 0.19187574 0.25062138 0.22546303 0.23182996 0.2368519 0.15817611 0.0008360995 -0.10806538 -0.05087109 -32767.0 -32767.0 -32767.0 -32767.0 -32767.0 -32767.0 -32767.0 -32767.0 -32767.0 -32767.0 -32767.0 0.23226564 0.12566534 0.123337984 0.04119883 0.040300213 0.13448393 0.15268065 0.17755377 0.1418618 0.26780635 0.525948 0.58510315 0.47783393 0.27646118 0.5184859 -32767.0 0.011125279 0.07507339 0.0851745 -0.023281202 -0.08693999 -0.23641983 -0.13928452 -0.09154732 -0.08493246 0.23563449 0.20231733 -32767.0 -32767.0 -32767.0
0.02271876 0.028430274 0.0075430376 0.02374613 0.071956925 0.07896735 0.11956717 0.17564172 0.16637382 0.19290185 0.19912045 0.1704656 0.23316076 0.24623345 0.088588715 -0.01128414 -0.00052829785 -32767.0 -32767.0 -32767.0 -32767.0 -32767.0 -32767.0 -32767.0 -32767.0 -32767.0 -32767.0 -32767.0 -32767.0 0.26046407 0.15356193 0.08800364 0.11894094 -0.06541108 0.017818484 0.12778215 0.15178898 0.09193318 0.24965756 0.15163489 0.24290319 0.29633802 0.41983914 0.24164948 0.27560666 0.37668085 0.375423 0.16944031 0.09476181 0.14161266 0.18539612 0.3013225 0.5401437 0.56515664 0.32531783 -32767.0 -32767.0 -32767.0
0.08999052 0.016552182 -0.03290159 -0.0011742999 0.06751174 0.14753287 0.25952515 0.3109744 0.31142318 0.2227857 0.23769796 0.16253978 0.1993052 0.20265698 0.15452722 0.094425984 0.07348143 0.027034864 -32767.0 -32767.0 -32767.0 -32767.0 -32767.0 -32767.0 -32767.0 -32767.0 -32767.0 -32767.0 0.24756089 0.2357606 0.041892916 -0.006137607 0.119821265 0.0005127281 -0.102826856 0.10673792 0.26386848 0.28903925 0.240951 0.27109647 0.26071793 0.54679203 0.73773986 0.7590317 0.7002794 0.5591347 0.57611156 0.5476786 0.52355474 0.54226315 0.499068 -32767.0 0.1591073 -0.061319195 0.04194504 -32767.0 -32767.0 -32767.0
0.020530907 -0.040590398 -0.011140884 0.063820176 0.112158306 0.13306093 0.21837385 0.2743603 0.30606064 0.29385918 0.26690134 0.25238878 0.2902874 0.26581016 0.12889476 0.079159334 0.06547884 -32767.0 -32767.0 -32767.0 -32767.0 -32767.0 -32767.0 -32767.0 -32767.0 -32767.0 -32767.0 -32767.0 0.23447497 0.19900389 -0.01722664 -0.10091058 0.012959147 0.2130843 0.30060774 0.26496089 0.34451246 0.44413576 0.31181377 0.24632092 0.40847933 0.3973116 -32767.0 -32767.0 0.039239306 0.061385803 -32767.0 -32767.0 -32767.0 -32767.0 -32767.0 -32767.0 -32767.0 -32767.0 -32767.0 -32767.0 -32767.0 -32767.0
0.0043754154 0.038768504 0.06976482 0.17568077 0.21850878 0.16019663 0.13444655 0.17697747 0.19893035 0.17647259 0.2620403 0.17864506 0.20573679 0.10249907 0.11897596 0.08025691 -32767.0 -32767.0 -32767.0 -32767.0 -32767.0 -32767.0 -32767.0 -32767.0 -32767.0 -32767.0 -32767.0 0.21050498 0.43481913 0.37399384 0.07734628 0.009951878 0.05997066 0.17295283 0.2534127 0.39013097 0.26843363 0.44570458 0.44270825 0.43031764 0.3685646 -32767.0 -32767.0 -32767.0 -32767.0 -32767.0 -32767.0 -32767.0 -32767.0 -32767.0 -32767.0 -32767.0 -32767.0 -32767.0 -32767.0 -32767.0 -32767.0 -32767.0
0.08138195 0.06918001 0.091808975 0.14012505 0.22359501 0.23059717 0.15055522 0.14072326 0.11652435 0.14420938 0.18361728 0.17818093 0.13478996 0.056725282 0.05031797 0.063111864 -32767.0 -32767.0 -32767.0 -32767.0 -32767.0 -32767.0 -32767.0 -32767.0 0.0979086 0.12404752 0.41683537 0.5422359 0.58966386 0.27524555 0.098279685 0.043116104 0.0651506 0.16234376 0.25817958 0.47612542 0.38580814 0.27527627 0.10287564 -32767.0 -32767.0 -32767.0 -32767.0 -32767.0 -32767.0 -32767.0 -32767.0 -32767.0 -32767.0 -32767.0 -32767.0 -32767.0 -32767.0 -32767.0 -32767.0 -32767.0 -32767.0 0.05133688
0.19738285 0.20213218 0.20924252 0.23096108 0.24944422 0.3083425 0.32024583 0.22630152 0.151916 0.10202322 0.06251213 0.116654396 0.13706924 0.08881346 0.089415416 0.066682495 -32767.0 -32767.0 -32767.0 -32767.0 0.01995043 0.06968635 0.12509999 0.3328114 0.28403065 0.38466635 0.29045546 0.52351457 -0.06876846 -0.28666687 -0.23592433 0.070303366 0.22971971 0.26788402 0.35428023 0.12462463 0.079644375 0.0924701 -32767.0 -32767.0 -32767.0 -32767.0 -32767.0 -32767.0 -32767.0 -32767.0 -32767.0 -32767.0 -0.0604619 0.03409287 -32767.0 -32767.0 -32767.0 -32767.0 -32767.0 -32767.0 -32767.0 0.06455794
0.32836527 0.33501008 0.34616482 0.35273528 0.34455538 0.3264235 0.29822752 0.1947544 0.20136523 0.22432931 0.24998952 0.35127223 0.20974562 0.2616047 0.1484212 -32767.0 0.047173 -32767.0 0.02773567 -32767.0 0.08574429 -32767.0 0.26124844 0.25035268 0.25063998 0.20335457 0.17543425 0.23725246 -0.008375311 0.11319592 0.20590195 0.32349482 0.37318403 0.32631126 0.079948016 -0.15580298 -32767.0 -32767.0 -32767.0 -32767.0 -32767.0 -32767.0 -32767.0 -32767.0 0.0053330534 0.038062837 0.044001874 -0.002105627 0.020377958 0.11493124 0.07771373 0.0061870744 -32767.0 -32767.0 -32767.0 -32767.0 -32767.0 0.065741874
0.45264506 0.47320172 0.42822456 0.4870098 0.51544607 0.47997817 0.4182264 0.30738124 0.30257156 0.31043357 0.2668662 0.2513216 0.23125958 0.28621465 0.33101034 0.42064294 0.71918386 0.8336929 0.80098575 0.5058716 0.5294992 0.36801666 0.33155075 0.2884242 0.33013296 0.3014753 0.20685925 -32767.0 0.28427723 0.46742237 0.5346141 0.4486217 0.24987504 0.0092897555 -32767.0 -32767.0 -32767.0 -32767.0 -32767.0 -0.09478352 0.056088794 0.004627321 0.08781861 0.027964218 0.13476314 0.15646282 -32767.0 -32767.0 0.14951397 0.06983551 0.17913452 -32767.0 -32767.0 -32767.0 -32767.0 -32767.0 0.199959 0.5297853
0.28518206 0.45842898 0.382312 0.30607733 0.2802027 0.26220515 0.22232835 0.18445271 0.14908722 0.2417063 0.18870433 0.03542449 0.27110136 0.2970264 0.3485909 0.4387119 0.65266484 0.7518264 0.6900911 0.7025998 0.64259076 0.5412758 0.49076387 0.4579075 0.48589703 0.49129894 0.53939474 0.5574879 0.61410236 0.5496581 0.24487565 0.06035788 0.023605358 0.032739528 -0.0047849193 -32767.0 0.07762441 -0.020440908 -32767.0 0.12674506 0.1533042 0.09099488 -32767.0 0.03574371 -0.06164012 -32767.0 -32767.0 -32767.0 -32767.0 0.075533584 -0.14905782 -32767.0 -32767.0 -32767.0 -32767.0 0.18328865 0.23817278 0.1011112
