static/data/seaWater_uo/2023/7/14/6.asc
ncols 137
nrows 93
xllcorner 108.0
yllcorner 17.0
cellsize 0.25
NODATA_value -32767
[rows 26 to 51 of 93, columns 58 to 115 of 137]
-0.06279835 0.09306115 0.10713729 0.18473546 0.07129901 0.021261686 0.10241187 0.16895516 0.2880091 0.3691835 0.39174193 0.3657891 0.2956301 0.29634467 0.39303666 0.4700985 -32767.0 -32767.0 0.017262965 0.13291205 0.3874918 0.47590342 0.4535488 0.4005018 0.3250689 0.12749207 0.05095386 0.052910663 0.13524367 0.029162228 -0.009167698 -32767.0 -32767.0 -32767.0 -32767.0 -32767.0 -32767.0 0.029792188 0.12534684 0.13388647 -32767.0 -32767.0 -32767.0 -32767.0 -32767.0 -0.08117747 -32767.0 -0.014966179 0.19246909 0.5951056 0.5498923 0.11841781 0.015816795 -32767.0 0.24190477 0.074833274 -0.22368178 -0.24715093
0.10683664 0.14545248 0.15193836 0.2733354 0.16438873 0.08978075 0.12623072 0.13879521 0.14913484 0.22809605 0.22871886 0.20477273 0.1539828 0.1054967 0.16032064 -32767.0 -32767.0 0.26578712 0.23661014 0.25525528 0.16010307 0.111444406 0.20362031 0.21829487 0.10090602 -0.042107433 -0.0058067357 0.08918707 -32767.0 -32767.0 -32767.0 -32767.0 -32767.0 -32767.0 -32767.0 -32767.0 -32767.0 -0.074595556 0.18532272 0.17865722 -32767.0 -32767.0 -32767.0 0.09598604 0.33072767 0.44210398 0.025975725 0.25968528 0.25641826 0.21188174 0.14893726 0.024626322 0.08236582 0.26320916 -0.02236193 -0.19626036 -0.12698904 -0.12471635
0.031585243 0.014884883 0.1434115 0.08579097 0.11439705 0.1935584 0.19865659 0.17644398 0.11587519 0.07940312 0.07136324 0.014904275 -0.10441153 -0.15529734 -0.059085887 0.15461138 0.22689298 0.29373112 0.22293147 0.049258523 0.030383829 0.0712234 0.10065747 0.09212616 -0.08606275 -0.09082553 -32767.0 0.039886817 -0.025200725 -32767.0 -32767.0 0.034062415 -32767.0 -32767.0 -32767.0 -32767.0 -32767.0 -32767.0 0.25381345 0.2864703 -32767.0 -32767.0 0.06411845 0.32546645 0.37367928 0.20840485 0.17886406 0.04731259 0.06679194 0.07543708 0.08868223 -0.012246858 -0.018196482 -0.13082206 -0.12769698 -0.039906207 -0.010280455 -0.018926887
0.15099953 0.058156967 0.118355915 0.120786645 0.14143315 0.08339756 0.16819559 0.21895626 0.16883111 0.07944551 0.048765063 0.004073277 -0.08025946 -0.09968569 0.009181663 0.025747497 -0.054850414 0.036121532 0.016053028 0.046897568 0.21589208 0.19482891 0.18785198 0.08485371 -0.0516119 -32767.0 0.008456555 0.08118129 0.009290539 0.015717898 0.19260892 -32767.0 -0.015571725 -32767.0 -32767.0 -32767.0 -32767.0 -32767.0 0.07559781 0.50857955 0.44045514 0.18978305 -0.013180254 0.143822 0.06306839 0.12569448 -0.022415694 0.005836637 0.017283572 0.0612511 0.12579447 0.11142443 0.06465143 -0.046176735 -0.060615327 -0.0053482773 0.059138093 0.06344728
0.13543639 0.16269003 0.17060885 0.21964319 0.22923473 0.22002126 0.26554093 0.20781063 0.21154706 0.16892245 0.13816364 0.07041471 0.046497557 0.14604641 0.106001414 -0.03775391 -0.0408288 0.036538813 0.15867412 0.15955617 0.13103409 0.098161474 0.0942567 0.14084765 0.117294 0.31295535 0.22164556 0.2848074 0.18334725 0.05587646 0.036993098 0.023073329 0.040552225 -32767.0 -32767.0 -32767.0 -32767.0 0.123800576 0.3261198 0.10567541 0.16668728 0.25674808 0.28296804 0.18188724 0.25509635 0.38760167 0.41405165 0.31168196 0.2549703 0.21538901 0.34118587 0.4557336 0.29695222 0.15228553 0.04531668 0.07155164 0.17333418 0.134744
0.096990846 0.077988714 0.12207624 0.12810981 0.17524712 0.27384427 0.2901178 0.22682203 0.21250945 0.34417292 0.26073247 0.21327434 0.19254765 0.18419603 0.06373115 0.0058626663 0.074364126 0.12053065 0.10972169 0.0952146 0.084392086 0.12961592 0.1063389 0.19168663 0.23040438 0.2574547 0.30214882 0.2397176 0.2591431 0.14318097 -0.033755034 0.16218287 0.0799756 -32767.0 -32767.0 -32767.0 -32767.0 0.12774643 -0.13487992 -0.35220188 -0.2752413 0.05309465 0.38521218 0.5590561 0.57466173 0.67734873 0.8161501 0.88272864 0.8943651 0.7997251 0.568721 0.56941605 0.6177007 0.51659137 0.32200593 0.17680591 0.15009882 0.10028653
0.06528332 0.060514048 0.11729694 0.1909138 0.18199399 0.24924423 0.26674348 0.3133897 0.34507632 0.31260028 0.25780186 0.18883152 0.2568407 0.23942399 0.20691529 0.19228494 0.13705972 0.10237109 0.01574986 -0.015981385 -0.018531963 -0.0008881842 0.11454922 0.18495941 0.21090616 0.25897652 0.3363429 0.27151176 0.14262518 0.13865724 0.13281858 -32767.0 -32767.0 -32767.0 -32767.0 -32767.0 0.05904295 0.0031360327 0.17805617 0.19629972 0.34965315 0.7880684 1.0134376 1.1671946 1.265964 1.3412089 1.4081626 1.4659239 1.5157298 1.4873655 1.1421272 0.7229715 0.6578096 0.6186461 0.50688076 0.22286597 0.13136731 0.096058935
0.11821877 0.10599296 0.22545318 0.25588876 0.29626617 0.35836136 0.36779103 0.3260161 0.3890537 0.3442438 0.27646083 0.22170797 0.20118155 0.15353474 0.23921038 0.24420041 0.13789077 0.08706207 0.06809449 0.04045547 -0.0423301 -0.01153478 0.0875489 0.053479586 0.0008126572 0.07256838 0.17049675 0.27573237 0.16497786 0.17161578 0.030307045 -32767.0 -32767.0 -32767.0 -32767.0 -32767.0 0.085289225 0.35427436 0.6460331 0.9266537 1.193244 1.071324 0.9280259 0.9117602 0.90333354 1.0117178 1.0578382 1.0653255 1.0552611 1.088384 1.1600069 1.0452857 0.76226735 0.62647164 0.5015871 0.22980034 0.13315338 0.069298014
0.22385527 0.30237037 0.34430313 0.34753895 0.30908275 0.32558253 0.31378 0.30506518 0.32540235 0.2968657 0.34125584 0.31105596 0.22615726 0.070646204 0.01631228 0.0919554 0.04423305 0.049367808 -0.0032723853 -0.027969409 -0.09096842 -0.05849622 -0.011960009 0.0059867157 0.10029219 0.12764631 0.10087719 0.19992146 0.18186444 0.14059532 0.07945412 0.13013725 -32767.0 0.043425865 -32767.0 -32767.0 0.25031504 0.7959805 0.77197623 0.81167346 0.9398627 0.97660935 0.87651175 0.7572387 0.73772234 0.6931806 0.71594244 0.70841366 0.7077128 0.7297431 0.7667496 0.7893943 0.79031956 0.6107562 0.45867082 0.2406624 0.1410725 0.17413197
0.3152543 0.14959419 0.16510724 0.24767803 0.21291229 0.22311342 0.28172413 0.26893696 0.3132269 0.20813434 0.1750083 0.13493337 0.24941732 0.13958794 -0.019875363 -0.06420005 -0.032962974 -0.03736257 -0.0035946907 -0.07375179 -0.11319508 -0.11085523 -0.025014665 0.041910123 0.10685544 0.16228847 0.16619557 0.16068241 0.10966383 0.16299014 0.18705846 0.17158027 0.10865624 0.11719309 -32767.0 0.3347231 0.79176426 0.47111812 0.6781806 0.6991134 0.8539611 0.80137247 0.6950336 0.5841781 0.53632075 0.5262962 0.45492086 0.4507698 0.5054656 0.5335671 0.58576196 0.60572493 0.60908884 0.524988 0.41773942 0.20667358 0.16197078 0.26084015
0.1986473 0.25335255 0.18858376 0.1736401 0.22343834 0.20302437 0.1611971 0.16021188 0.10267107 0.1510833 0.17582946 0.104359254 0.15835662 0.06456228 -0.11167039 -0.100751325 -0.09921747 -0.08729978 -0.115467615 -0.10229402 -0.05914432 -0.025860917 -0.0006039451 0.04971012 0.108056374 0.2225927 0.19835813 0.10703843 0.114005245 0.20869711 0.27134085 0.29897535 0.36572456 -32767.0 1.0268912 0.5986631 0.32553077 0.48695236 0.5326543 0.6852199 0.6144995 0.5619005 0.4398129 0.41626626 0.4580103 0.18838604 0.18738307 0.25478703 0.203766 0.30757582 0.528784 0.48750797 0.49182865 0.43346894 0.33621243 0.20298703 0.15363808 0.24963017
0.054430444 0.18783814 0.24473521 0.22024195 0.22309989 0.14474508 0.1181358 0.105615295 0.1048943 0.06744241 0.08560037 0.0819183 0.04383375 -0.043574777 -0.08997225 -0.11154631 -0.054149013 -0.038995083 -0.05450283 -0.021618178 -0.009625192 0.018477043 0.060241718 0.13969533 0.17759943 0.22792989 0.28596258 0.19320697 0.15963669 0.19258076 0.33373612 0.42275074 0.62666154 0.5427483 0.34855482 0.1624303 0.3389947 0.2693176 0.40623474 0.45969772 0.47793904 0.41976887 0.2517654 0.36835426 0.3120732 0.25263995 0.42345715 0.47986972 0.4153103 0.37988752 0.42956558 0.4634008 0.38357466 0.32792908 0.24655983 0.16900584 0.12019652 0.1879504
0.008487003 0.039062016 0.24503148 0.36828294 0.460064 0.4075692 0.20787035 0.18978567 0.21935229 0.1083125 0.023912366 0.012554767 -0.04106309 0.008026602 0.019519556 -0.014123695 0.03281735 0.08330949 0.083414614 0.07761803 0.063323885 0.1377866 0.26040575 0.3882065 0.46722338 0.48589984 0.46680304 0.48266104 0.3948718 0.17941251 0.17194527 -32767.0 0.22830099 0.21207115 -32767.0 0.28129762 0.31655332 0.365593 0.47029918 0.3781085 0.4383206 0.39061198 0.22870055 0.25441298 0.228572 0.28104472 0.35771084 0.49123183 0.5726721 0.4282008 0.40690157 0.47530562 0.3070223 0.28437433 0.27129686 0.21297194 0.106584705 0.19305222
-32767.0 0.44029793 0.20376195 0.30988035 0.35948315 0.37397534 0.40296537 0.3632102 0.17394158 0.26135495 0.14138177 -0.091663525 -0.047647633 -0.03051147 0.018554907 0.097304985 0.09874118 0.13213633 0.14496826 0.11966054 0.17393698 0.31741515 0.55835843 0.7960894 0.97853976 0.96368366 0.8641397 0.6754435 0.6850347 0.40795317 0.23033659 0.18107246 -32767.0 0.2014268 0.34223223 0.49475908 0.47858137 0.62497264 0.7259245 0.6530385 0.50026757 0.41569242 0.28277692 0.18060434 0.22871482 0.21217836 0.24722004 0.37761486 0.38351423 0.28682986 0.32193553 0.45719412 0.3673274 0.33221412 0.4205344 0.34664148 0.18282983 0.42308098
0.24373662 0.16801293 0.29477444 0.24732918 0.24617304 0.2758721 0.32889774 0.32563463 0.36737928 0.24033871 0.33915555 0.3480136 0.19135885 0.19768128 0.16980994 0.13986991 0.21753454 0.26411918 0.22408687 0.14463449 0.28802875 0.5315757 0.79594076 0.90249884 0.8809551 0.9038465 0.9563927 0.96238565 0.7295274 0.6280662 0.22980349 0.22094671 0.0017115131 0.030303584 0.49795568 0.75210196 0.79491127 0.8929393 0.7420477 0.66852427 0.5498918 0.3982622 0.3227375 0.19239454 0.19081356 0.12983125 0.07233959 0.106636174 0.1326767 0.038054798 0.06672195 0.21817933 0.33091506 0.3825585 0.5588596 0.7100106 0.72957 0.83702844
-0.024901014 0.20479609 0.12817979 0.30066085 0.32527226 0.25761706 0.39590958 0.36665717 0.37419903 0.27847993 0.26988643 0.36331442 0.38166684 0.41456088 0.4684043 0.43517435 0.42996803 0.39426157 0.18780532 0.27877843 0.3407131 0.48535278 0.65689087 0.6916002 0.6604641 0.6691516 0.7002587 0.7882305 0.8983892 0.8627184 0.32173008 0.26986507 0.42055723 0.7127707 0.62537843 0.7508936 0.7395003 0.5030591 0.36584303 0.32918766 0.34235013 0.29580063 0.25575632 0.22501336 0.15126057 0.11761864 0.045924075 -0.10293341 0.066003874 -0.05749202 -0.13149984 -0.025908692 0.22151537 0.3733505 0.65015095 0.92697895 1.0579523 0.9994737
0.11459762 0.17083113 0.18328887 0.13795078 0.23672196 0.35396823 0.19529213 0.21417502 0.29162234 0.26371264 0.30447567 0.32341906 0.33253053 0.35875577 0.42011192 0.45947897 0.44921207 0.351199 0.34508377 0.25740743 0.09844401 0.28211054 0.50571924 0.4888245 0.56610614 0.66175866 0.6322593 0.54702735 0.553981 1.0750376 0.16642956 0.7170696 0.58241534 0.77339584 0.8447422 0.81511676 0.70406246 0.42673028 0.2800334 0.25568554 0.27307847 0.2700259 0.32724005 0.36124057 0.265722 0.11537979 0.035297208 0.030453954 -0.09328319 0.17775418 0.13746786 -0.014899271 0.13535407 0.33819655 0.6159784 0.78389764 0.8794027 0.7716048
0.1817457 0.26106164 0.3087957 0.30341655 0.28056085 0.18357444 0.4126862 0.18956797 0.23808597 0.29658753 0.27397332 0.34109908 0.39359638 0.39540303 0.4193349 0.43617833 0.39200565 0.41953877 0.42235866 0.14497681 0.03186487 0.26596212 0.494501 0.40756834 0.49165487 0.5143371 0.50997484 0.6072481 0.68226874 0.38829684 0.74718034 0.8137083 0.768766 0.9241095 0.9727622 0.7797601 0.6661139 0.5089018 0.39331004 0.33034378 0.37285843 0.41146165 0.44695494 0.4740971 0.53261536 0.35353082 0.22329596 -0.019551663 0.069595724 0.07730987 0.14214224 0.40046555 0.35361767 0.3508901 0.5088634 0.7063899 0.81854296 0.7281698
0.31015596 0.29208207 0.28411052 0.093727 0.17330757 0.22518545 -0.049642216 0.045956906 0.20926942 0.34623495 0.41321203 0.48503238 0.348513 0.33421966 0.34615573 0.48028398 0.49238607 0.4902009 0.35164052 0.3426634 0.37765458 0.5609192 0.59165525 0.3947814 0.37573388 0.35978335 0.34387442 0.28075415 0.2797043 0.65520376 0.9401853 0.86048585 0.77432853 0.68195355 0.64576095 0.5236207 0.41953686 0.48709184 0.53380096 0.5497162 0.5668088 0.5155915 0.47010106 0.4439632 0.45366332 0.5486973 0.47066236 0.30707103 0.10859127 0.14995198 0.21178222 0.18183681 0.27061963 0.43975896 0.52234715 0.5287108 0.42644808 0.23782259
0.29041827 0.32165754 0.4550503 0.43763378 0.075007275 0.12965012 0.48495507 0.17957492 0.14139523 0.1544871 0.20623003 0.24519767 0.29206163 0.2604628 0.26787454 0.3623915 0.46948376 0.4631752 0.52193034 0.7484482 0.9085626 0.89167076 0.6266316 0.41395178 0.336386 0.21484745 0.27647817 0.31900698 0.3767674 0.39431703 0.47405285 0.4430128 0.35139555 0.4363655 0.5101373 0.57789654 0.6471308 0.7035071 0.76121867 0.77293 0.6928086 0.61344206 0.54330575 0.5056459 0.44201237 0.42011556 0.4624662 0.38682222 0.21512197 0.12582162 0.121638045 0.26324224 0.34261757 0.31392947 0.28203407 0.2634316 0.19685572 0.18758559
0.42022824 0.59447056 0.5600462 0.74912167 0.43608254 0.3205072 0.27468917 0.20013751 0.21486512 0.25132 0.2701457 0.3357482 0.3065904 0.26750067 0.34688497 0.40525046 0.45864603 0.64774764 0.84010607 1.0278083 1.072556 0.88240206 0.5262342 0.39138222 0.3126156 0.10117175 -0.026244314 0.058369435 -0.021336058 0.07484497 0.11554834 0.012550789 0.33189803 0.5272259 0.619645 0.6991935 0.76958835 0.7805216 0.7619682 0.73858035 0.6696549 0.59426683 0.55525833 0.47421882 0.41853896 0.37884438 0.30775416 0.31097367 0.19383141 0.13878188 0.29808462 0.27075607 0.30822566 0.32058203 0.27822363 0.14074798 0.045121405 0.1972395
0.4846555 0.5344153 0.56512344 0.5836035 0.6172619 0.4149996 0.41098186 0.23268674 0.25599602 0.2439502 0.31494406 0.3889213 0.41658333 0.340024 0.40601343 0.55080867 0.7147944 0.8945807 1.1060586 1.1341382 0.9018703 0.59460545 0.38639387 0.41006762 0.34698004 0.051818565 0.14302209 -32767.0 -0.02495574 -0.16631965 0.052645765 0.4061687 0.53488505 0.5898072 0.6096667 0.62847084 0.6182005 0.60347587 0.58451647 0.5792773 0.5342217 0.5162542 0.46304482 0.3907582 0.36255726 0.32028055 0.17253326 0.12993574 0.097557716 0.09485795 0.062652655 0.008205815 -0.007817821 -0.06908571 -0.11240902 -0.06824518 0.07119753 0.16323915
0.70618224 0.6637568 0.45293134 0.35729212 0.37309593 0.42182332 0.31467333 0.26019588 0.29883456 0.27516246 0.31756142 0.2722696 0.23784056 0.36993852 0.46416244 0.57019794 0.73221016 1.0096852 0.9566977 0.7383022 0.5268312 0.33441138 0.42923746 0.41940638 0.3142774 0.18578207 -0.033335418 -0.16048342 -0.07580228 0.30498794 0.4220081 0.45791042 0.5010792 0.4759104 0.45301133 0.4862464 0.5122813 0.52732116 0.5643161 0.51722026 0.39913395 0.42479748 0.36438695 0.2849492 0.24158499 0.20070039 0.029967386 -0.0007243242 0.0005686165 -0.048767578 -0.13665101 -0.17995091 -0.18527061 -0.09907747 -0.015744587 0.049987588 0.1729335 0.12679948
0.4937212 0.52752644 0.29713738 0.29515326 0.34682393 0.26854107 0.23993269 0.30597925 0.3074204 0.2930767 0.28257564 0.20064282 0.16164339 0.3147681 0.43017116 0.34724042 0.70783466 0.64717185 0.4479478 0.27788815 0.21428448 0.30490747 0.22981495 0.1808197 0.099982634 0.101268366 -32767.0 -0.040857825 0.317806 0.26510617 0.38891602 0.36402807 0.3507421 0.31035277 0.34991837 0.35372138 0.38843668 0.48556286 0.41747296 0.42625314 0.26799244 0.29329214 0.18530421 0.105418466 0.11596091 -0.05167691 -0.15853631 -0.124917716 -0.18639512 -0.15208977 0.06377776 0.21698469 0.22078657 0.247442 0.20996778 0.23197633 0.18854316 0.1287545
0.36487487 0.3822803 0.4689884 0.5617045 0.3424521 0.23528115 0.29992682 0.34440765 0.28717485 0.2796176 0.23445863 0.20164417 0.10094951 0.06208392 0.19829063 0.4788359 0.44505218 0.29423395 0.112346776 0.12399738 0.19079486 0.060888644 0.024960991 0.011784483 -0.06667388 -0.0033539208 -0.07296977 0.24538898 0.16276331 0.26447457 0.2765661 0.2157925 0.20338967 0.18094215 0.24220581 0.22180012 0.2472702 0.2516533 0.051000647 0.046211887 0.081580244 0.10608178 -0.0674583 -0.001331887 -0.14469203 -0.29437178 -0.29201305 -0.23448087 -0.05333748 0.04545118 0.15716338 0.23343255 0.2305826 0.20820786 0.14320612 0.0013339734 0.043184776 0.13820548
0.18477063 0.27892405 0.31342462 0.25259757 0.26323926 0.27852598 0.2693139 0.22535251 0.26385814 0.29613188 0.22930183 0.18294679 0.24043223 0.358544 0.5210494 0.50181514 0.32794675 0.17711991 0.12941027 0.16982798 0.047510613 0.015615564 0.029334012 -0.022256052 -0.06458545 -0.1003286 0.16784556 0.117104225 0.14644495 0.20292091 0.14843781 0.122300975 0.07116006 0.09777574 0.10181175 0.05260576 0.001136166 -0.052101374 -0.094987735 -0.097905174 -0.14100865 -0.18710016 -0.1349206 -0.21708025 -0.43625942 -0.4123631 -0.19816731 -0.054890905 -0.09203456 0.052357387 0.14246947 0.15355746 0.1829884 0.15803121 0.08761636 -0.097213864 0.020599568 0.14862093
