static/data/seaWind_vo/2023/7/20/0.asc
ncols 137
nrows 93
xllcorner 108.0
yllcorner 17.0
cellsize 0.25
NODATA_value -32767
[rows 57 to 75 of 93, columns 0 to 42 of 137]
1.0402669168072705 0.7964979516969264 0.5304872926896533 0.37657477092290326 0.5029075922574611 0.6603787850477199 0.7262141989826303 0.6105573907185984 0.8507676848054337 1.0046802065721838 0.7164278536679813 0.19152387770045243 0.3454363994672023 0.825856987640873 0.9486311379519221 0.7102001793768411 0.550059983318951 0.7173175214238585 1.1238956858597242 1.4584107620695392 1.4842111269899774 1.420155048566821 1.5367015245867301 1.621219961395061 1.1692687414094598 1.1799447544799857 1.510011491910415 2.0064460996898745 2.24665639377671 2.2110696835416235 2.3854445636935484 2.5028807074693344 2.405906922078723 2.3329541660967954 2.03313613236619 1.4423967424637505 1.0135768841309554 1.0064595420839382 0.9824385126752546 0.8614436978759596 0.6737238013858773 0.44063084934605934 0.2787113177764149
0.8534366880730653 1.0278115682249902 1.4139273742756808 1.3205122599085783 1.07496395928648 0.9246101085432386 0.6274610780802645 0.76713891575298 0.7653595802412256 0.4459688558813224 0.1363644768360679 0.3303120476172905 0.6434750976860537 0.8890233983081519 0.8738990464582401 0.6452544331978078 0.603440048671581 0.9210514375197301 1.297380898255772 1.106102330742181 1.2084141226680551 1.4957768078163804 1.7075177337151464 1.7751324831618112 1.4192653808109439 1.2644631912883169 1.3053879080586666 1.8498645746554931 2.4130242641257404 2.526901736878018 2.4139139318816176 2.5037703752252116 2.462845658454862 2.3187194820027606 1.965521382919525 1.292932559476386 0.8347536651996448 0.8988097436228009 0.8552160235848196 0.6746134691417545 0.38725078399342916 0.1772891936064176 0.1185711217185248
0.5580669931218456 0.7849322708705233 1.1577030605830567 1.0242528972014815 0.7173175214238585 0.16483384502413712 -0.020217048198313492 0.11323311518326173 0.10611577313624432 -0.0762661168185752 0.3009530116733439 0.6203437360332473 0.7466765573678051 0.7546835671706995 0.9237204407873614 1.201296780621038 1.2528975104619136 1.5367015245867301 1.6301166389538326 1.203076116132792 0.8836853917728889 1.0349289102720074 0.9859971836987633 1.1310130279067416 1.260014852508931 1.0847503046011289 1.085639972357006 1.6479099940713762 2.235090712950307 2.7466496725796783 2.7208493076592406 2.64255854514205 2.368540876331882 2.213738686809255 1.8080501901292663 1.1772757512123544 0.7902702774057864 0.8053946292556982 0.7502352283913138 0.5527289865865825 0.27960098553229207 0.11412278293913891 0.07497740168054357
0.33120171537316767 0.4495275269048311 0.46287254324298854 0.3303120476172905 -0.029113725757085263 -0.4819546134985635 -0.49885830086022986 -0.40277418322549563 -0.2995727235437444 0.0465080334924739 0.42550649749614755 0.5803086870187746 0.8187396455938556 0.8427606750025392 0.863223033387714 1.1167783438127068 0.9726521673606057 1.1790550867241087 1.3783406640405942 1.689724378597603 1.4984458110840118 0.9112650922050811 0.8196293133497328 0.6327990846155276 0.863223033387714 0.8792370529935032 1.1025436597186722 1.6407926520243588 2.001108093154612 2.416582935149249 2.5073290462487203 2.3863342314494256 2.0900748687423283 1.6861657075740943 1.2706908655794569 0.7653595802412256 0.4833349016281634 0.4637622109988657 0.3525537415142197 0.16839251604764582 0.274262978997029 0.2146552393532586 0.47265888855763727
0.2333382622266793 0.21910357813264447 0.1657235127800143 0.0465080334924739 -0.3138074076377788 -0.4490369065311084 -0.5513486984569829 -0.5655833825510177 -0.25419966799400884 0.09099142128633231 0.2751526467529062 0.342767396199571 0.6968551630386837 0.7262141989826303 0.6799514756770175 0.6781721401652632 0.5331562959572849 0.6007710454039497 0.9103754244492039 1.604316274033395 1.8845616171347028 1.2964912304998948 0.8062842970115753 0.5162526085956185 0.6452544331978078 0.9166030987403442 1.186172428771126 1.3952443514022606 1.7555597925325133 1.5633915572630452 1.6336753099773413 1.6336753099773413 1.4646384363606795 1.0580602719248138 0.7644699124853485 0.2911666663586949 0.12568846376554177 0.057184046563000024 -0.04512774536287445 -0.00687203186015628 0.09810876333334972 0.6977448307945608 1.3160639211291925
0.5215906151308816 0.4272858330079019 0.32853271210553614 0.23600726549431084 0.18262720014168066 0.12479879600966459 -0.4072225220048815 -0.6607778324298743 -0.329821427243568 0.4192788232050073 0.6114470584744756 0.24045560427369672 0.31340836025562435 0.2902769986028182 0.38725078399342916 0.4112718134021127 0.5589566608777226 0.6114470584744756 0.7013035018180696 0.8383123362231533 1.0989849886951635 0.8694507076788542 0.42906516851965626 0.3712367643876402 0.4495275269048311 0.7591319059500854 1.0838606368452517 1.2609045202648081 1.0100182131074467 0.6176747327656158 0.7537938994148223 1.0073492098398154 0.8863543950405204 0.6870688177240347 0.40771314237860423 0.17906852911817195 0.016259329792650323 -0.09228013642436439 -0.05847276170103166 -0.01487904166305043 0.3667884256082543 1.080301965821743 1.969969721698911
1.0580602719248138 0.863223033387714 0.7876012741381548 0.8712300431906086 0.8543263558289425 0.550059983318951 -0.24975132921462295 -0.5202103270012821 0.1070054408921215 0.9655348253135885 1.054501600901305 0.5598463286335997 -0.0353414000482255 0.050956372271859784 0.2502419495883452 0.2956150051380808 0.4833349016281634 0.6434750976860537 0.5811983547746518 0.1559371674653658 -0.10028714622725854 -0.2186129577589222 -0.11541149807717055 -0.016658377174804784 0.13903348010369943 0.4237271619843932 0.745786889611928 0.7555732349265767 0.4655415465106201 0.02960434613080798 0.3792437741905348 0.7662492479971028 0.7164278536679813 0.5473909800513195 0.41749948769325296 0.27337331124115183 0.05629437880712285 -0.08961113315673286 0.028714678374930802 0.27960098553229207 0.7013035018180696 1.1363510344420047 1.7199730822974266
0.6167850650097386 0.6879584854799119 0.8596643623642053 0.9628658220459569 0.8810163885052573 0.49934892123395236 -0.06914877477155779 -0.03000339351296244 0.5491703155630738 0.6915171565034206 0.4557552011959711 0.0349423526660706 -0.16345355689453767 0.16661318053589147 0.057184046563000024 -0.08249379110971544 -0.049576084142260335 0.1070054408921215 0.34632606722307946 0.2813803210440464 0.044728697980719545 -0.029113725757085263 0.11946078947440153 0.35878141580535994 0.5331562959572849 0.6630477883153514 0.7039725050857011 0.6799514756770175 0.5642946674129856 0.20575856179448682 0.21732424262089012 0.6425854299301765 0.7564629026824539 0.624792074812633 0.476217559581146 0.30540135045272976 0.09988809884510408 -0.05936242945690884 -0.009541035127787811 0.28849766309106384 0.618564400521493 0.9005890791345552 0.772476922288243
-0.13142551768295974 0.15860617073299732 0.21732424262089012 0.0660807241217718 -0.04156907433936574 0.09721909557747255 0.3783541064346576 0.3267533765937818 0.1185711217185248 -0.28000003291444653 -0.5059756429072473 -0.2817793684262009 0.1203504572302787 -0.09583880744787265 -0.30669006559076184 -0.18569525079146665 0.11768145396264762 0.3071806859644841 0.29739434064983516 0.09988809884510408 -0.17857790874444968 -0.2639860133086578 -0.12163917236831079 0.1203504572302787 0.2449039430530826 0.28404932431167795 0.2137655715973814 0.2635869659265029 0.43974118159018216 0.6354680878831591 0.7964979516969264 0.9210514375197301 0.6977448307945608 0.3863611162375522 0.14881982541834837 0.0029143134544926674 -0.18302624752383512 -0.3547321244081285 -0.3342697660229539 -0.20526794142076454 -0.11185282705366184 -0.12697717890357385 -0.1839159152797123
-0.26576534882041214 0.03138368164256233 0.06341172085414026 -0.07715578457445238 -0.1136321625654162 0.24668327856483696 0.7698079190206115 0.2813803210440464 -0.40188451546961845 -0.6785711875474179 -0.3707461440139177 0.19419288096808396 0.36589875785237713 0.11501245069501609 -0.021996383710067846 0.03138368164256233 0.1594958384888745 0.025156007351422094 -0.2221716287824309 -0.3458354468493572 -0.17857790874444968 -0.021996383710067846 0.053625375539491316 -0.05847276170103166 -0.2364063128764653 -0.07982478784208391 -0.02733439024533091 0.05451504329536849 0.20575856179448682 0.47265888855763727 0.825856987640873 0.6541511107565796 0.06874972738940333 -0.3289317594876908 -0.5771490633774206 -0.7604206210881173 -1.0148655992689872 -1.1420880883594222 -1.2452895480411739 -1.2648622386704713 -1.1554331046975799 -0.8449390578964482 -0.3832014925961982
-0.48106494574268677 -0.18213657976795794 -0.16701222791804637 -0.23373730960883377 -0.12341850788006514 0.19953088750334702 0.25735929163536264 -0.17146056669743226 -0.4855132845220722 -0.2444133226793599 0.14259215112720813 0.47799689509290033 0.6292404135920189 0.6479234364654394 0.4610932077312342 0.32052570230264177 -0.06381076823629472 -0.35028378562874307 -0.5655833825510177 -0.5006376363719842 -0.1741295699650638 0.15059916093010273 0.17017185155940018 -0.13053584992708256 -0.07003844252743496 0.021597336327913386 0.007362652233878553 0.17550985809466324 0.41038214564623554 0.5536186543424597 0.30540135045272976 -0.1509982083122572 -0.5184309914895278 -0.6865781973503124 -0.906326133051973 -1.3200216395348559 -1.6643230610593198 -1.862718970619928 -2.0290868409689584 -1.9561340849870308 -1.3369253268965222 -0.6198531156595246 0.29383566962632646
-0.5406726853864567 -0.24708232594699142 -0.24708232594699142 -0.26487568106453496 -0.15277754382401154 -0.20170927039725584 -0.31647641090541034 -0.38853949913146124 -0.07003844252743496 0.10967444415975303 0.2137655715973814 0.4539758656842168 0.6096677229627212 0.6835101467005262 0.5100249343044785 0.3187463667908874 -0.024665386977699377 -0.29156571374084983 -0.5904940797155782 -0.6545501581387341 -0.2034886059090102 0.1737305225829089 0.3409880606878166 0.10166743435685843 -0.1625638891386605 -0.11630116583304773 0.01447999428089597 0.15326816419773426 0.3151876957673787 -0.2221716287824309 -0.6785711875474179 -0.9935135731279354 -0.9810582245456549 -1.141198420603545 -1.2141511765854727 -1.4970655229544123 -1.622508676533093 -1.7070271133414239 -1.702578774562038 -1.2426205447735423 -0.5789283988891749 0.37657477092290326 1.0954263176716548
-0.4036638509813728 -0.07003844252743496 -0.11985983685655643 -0.16879156342980073 -0.17501923772094097 -0.18658491854734383 -0.21594395449129067 -0.030893061268839617 0.236896933250188 0.11590211845089327 0.0580737143188772 0.14259215112720813 0.3863611162375522 0.5491703155630738 0.4966799179663208 0.22800025569141624 -0.01487904166305043 -0.18836425405909818 -0.5219896625130365 -0.6696745099886461 -0.30580039783488466 0.14259215112720813 0.5589566608777226 0.5909847000893007 -0.010430702883664544 0.07497740168054357 0.5892053645775464 1.0847503046011289 0.28404932431167795 -0.6687848422327689 -1.1269637365095102 -1.2613035676469626 -1.173226459815123 -1.1020530393449497 -0.9961825763955665 -0.8600634097463602 -0.7301719173882937 -0.6323084642418051 -0.31558674314953317 0.2137655715973814 0.7778149288235059 1.3276296019555955 1.5794055768688342
-0.0006443575690160408 0.3187463667908874 0.10611577313624432 -0.040679406583488564 -0.03000339351296244 0.047397701248351076 0.1959722164798383 0.07052906290115768 0.10344676986861279 0.015369662036773146 -0.08872146540085568 -0.13498418870646844 0.0349423526660706 0.3045116826968526 0.24668327856483696 -0.07092811028331214 -0.2515306647263773 -0.40989152527251305 -0.6696745099886461 -0.5291070045600534 -0.3218144174406734 0.44863785914895393 0.9868868514546405 1.2066347871563008 0.6897378209916663 0.9068167534256952 1.5037838176192748 1.7653461378471622 1.0705156205070943 0.12479879600966459 -0.2515306647263773 -0.4152295318077761 -0.2702136875997976 -0.3493941178728659 -0.15277754382401154 0.038501023689579306 0.38102310970228914 0.6870688177240347 1.1167783438127068 1.5091218241545379 1.5411498633661158 1.790256835011723 1.806270854617512
0.5109146020603557 0.39614746155220093 0.11412278293913891 -0.17857790874444968 -0.0531347551657686 0.0696393951452805 0.005583316722124199 -0.11985983685655643 -0.14121186299760824 -0.12697717890357385 -0.23017863858532506 -0.4606025873575117 -0.30935906885839337 -0.3867601636197069 -0.45437491306637146 -0.6536604903828569 -0.7230545753412763 -0.8235870317553964 -0.589604411959701 -0.40277418322549563 0.5847570257981605 1.5028941498633976 1.7235317533209353 1.7671254733589166 1.434389732660856 1.647020326315499 2.2448770582649558 2.4361556257785466 1.9254863339050525 1.4735351139194512 1.1479167152684078 0.9094857566933268 0.6381370911507906 0.5304872926896533 0.544721976783688 0.6790618079211403 1.085639972357006 1.4984458110840118 1.918368991858035 2.0624951683101362 2.038474138901453 1.913030985322772 1.8783339428435626
0.28493899206755513 0.030494013886685156 -0.34316644358172566 -0.6305291287300507 -0.40455351873725 -0.3485044501169887 -0.44280923223996815 -0.4712786004280378 -0.4356918901929512 -0.34405611133760283 -0.5495693629452285 -0.7399582627029422 -0.7657586276233803 -0.9267884914371476 -1.109170381391967 -1.2443998802852967 -1.135860414068282 -0.664336503453383 -0.018437712686559138 0.9415137959049049 2.0126737739810148 2.5562607728219646 2.643448212897927 2.2057316770063604 2.1541309471654846 2.289360446058814 2.426369280463898 2.4397142968020553 2.236870048462061 1.986873409060577 1.6256683001744467 1.3596576411671737 1.0607292751924453 0.9077064211815724 0.9032580824021865 1.0278115682249902 1.3543196346319109 1.7342077663914615 1.9886527445723314 2.1123165626392577 2.048260484216102 1.864099258749528 1.816946867688038
-0.06381076823629472 -0.5068653106631245 -0.8520563999434656 -0.7194959043177676 -0.6225221189271561 -0.6465431483358399 -0.6465431483358399 -0.6038390960537359 -0.6207427834154018 -0.537114014362948 -0.5922734152273326 -0.6358671352653138 -0.7132682300266273 -0.7372892594353111 -0.8351527125817992 -0.6305291287300507 -0.4009948477137413 0.8365330007113991 2.326726491805655 3.2555396289414182 3.3462857400408894 3.206607902368174 2.759994688917836 2.2484357292884645 2.226194035391535 2.325836824049778 2.4495006421167043 2.44772130660495 2.2066213447622376 1.934383011463824 1.679048365527077 1.4335000649049787 1.1852827610152488 1.0794122980658658 1.1247853536156014 1.2413318296355105 1.439727739196119 1.6781586977711997 1.8979066334728603 2.0206807837839094 1.9859837413047 1.8187262031997924 1.748442450485496
-0.8609530775022374 -0.5735903923539118 -0.06559010374804908 0.3570020802936056 0.17995819687404913 -0.20170927039725584 -0.42501587712242506 -0.5015273041278614 -0.5006376363719842 -0.42946421590181094 -0.29868305578786725 -0.09139046866848721 0.02960434613080798 0.2778216500205377 0.7742562577999972 1.5349221890749758 2.480639013572405 3.275112319570716 3.8800863935671903 3.976170511201924 3.687028490541845 3.2857883326412423 2.8996725265905514 2.5135567205398606 2.316050478735129 2.346299182434953 2.4646249939666163 2.5144463882957377 2.4041275865669687 2.2164076900768865 1.9370520147314556 1.5713985670659396 1.2404421618796333 1.048273926610165 1.0402669168072705 1.1879517642828803 1.4183757130550667 1.6452409908037446 1.880113278355317 2.0108944384692604 1.9753077282341738 1.832960887293827 1.7831394929647058
0.012700658769141615 0.7333315410296475 1.366774983214191 1.6105439483245352 1.4593004298254164 0.6835101467005262 -0.02110671595419067 -0.6038390960537359 -0.7372892594353111 -0.5006376363719842 0.3739057676552717 1.2004071128651608 1.699510723912252 2.03313613236619 2.4245899449521437 2.921024552731603 3.2777813228383477 3.5144329459016745 3.7199461975093 3.7386292203827205 3.6541107835743896 3.534895304286849 3.1825868729594906 2.647006883921436 2.396120576764074 2.4397142968020553 2.5642677826248588 2.6292135288038923 2.6309928643156466 2.4094655931022317 2.0651641715777678 1.6888347108417259 1.3374159472702445 1.0767432947982343 1.0073492098398154 1.1381303699537588 1.4566314265577849 1.6852760398182172 1.8872306204023341 1.991321747839963 1.9628523796518935 1.8729959363082995 1.8534232456790019
