static/data/seaWind_vo/2023/7/20/12.asc
ncols 137
nrows 93
xllcorner 108.0
yllcorner 17.0
cellsize 0.25
NODATA_value -32767
[rows 38 to 56 of 93, columns 0 to 42 of 137]
0.0660807241217718 0.5198112796191272 0.9548588122430623 1.1149990083009527 1.0180252229103413 1.042935920074902 1.1594823960948109 0.9913351902340262 0.9664244930694654 0.9868868514546405 1.0287012359808674 1.0669569494835855 1.0660672817277084 1.12834402463911 1.207524454912178 1.2698011978235797 1.38278900281998 1.22887648105323 1.1728274124329685 1.0847503046011289 0.9228307730314842 0.7609112414618397 0.7164278536679813 0.5376046347366705 0.35077440600246534 0.40949247789035836 0.27604231450878336 0.6479234364654394 1.1479167152684078 1.4103687032521721 0.7110898471327183 0.5313769604455305 0.15860617073299732 -0.2034886059090102 -0.35740112767576004 -0.514872320466019 -0.5477900274334742 -0.18925392181497536 0.45931387221947984 0.825856987640873 1.2368834908561246 1.4530727555342764 1.519797837225064
-0.00687203186015628 0.491341911431058 0.6194540682773702 0.5002385889898295 0.4682105497782516 0.639916426662545 0.9219411052756072 1.0206942261779728 0.8125119713027156 0.7680285835088572 0.6425854299301765 0.6007710454039497 0.6363577556390363 0.7057518405974554 0.6514821074889481 0.835643332955522 0.8863543950405204 0.7217658602032444 0.5918743678451779 0.5651843351688628 0.4450791881254452 0.32764304434965896 0.2671456369500116 0.2511316173442224 0.5651843351688628 0.863223033387714 0.8747887142141173 0.7956082839410492 0.9628658220459569 1.3214019276644555 0.9148237632285898 0.5847570257981605 0.4308445040314104 0.8214086488614871 0.5847570257981605 0.4860039048957949 0.5580669931218456 0.8614436978759596 0.8819060562611345 0.9192721020079757 0.9068167534256952 0.8890233983081519 0.9166030987403442
0.11501245069501609 0.5153629408397415 0.19508254872396114 -0.18035724425620403 -0.1323151854388369 0.497569585722198 0.884575059528766 1.1105506695215668 1.0972056531834091 0.8276363231526274 0.5011282567457067 0.35878141580535994 0.1399231478595766 -0.01754804493068196 0.06252205309826309 0.7084208438650867 0.9103754244492039 0.8383123362231533 0.3890301195051835 0.028714678374930802 -0.1332048531947141 -0.1990402671296243 -0.1910332573267297 -0.2844483716938324 0.19953088750334702 0.6096677229627212 0.7021931695739467 0.6746134691417545 0.5998813776480725 0.9254997762991157 1.2048554516445464 0.9806591771635003 1.042935920074902 1.8854512848905798 1.1621513993624424 0.9326171183461331 0.9468518024401678 0.7333315410296475 0.7351108765414018 0.7013035018180696 0.6630477883153514 0.5527289865865825 0.18351686789755783
0.6425854299301765 0.41038214564623554 0.0465080334924739 -0.26754468433216605 -0.11808050134480208 0.2600282949029942 0.05273570778361414 0.08298441148343771 -0.05936242945690884 0.1479301576624712 0.0465080334924739 0.3107393569879928 0.17995819687404913 0.23066925895904777 1.0509429298777966 1.4797627882105915 1.4601900975812936 1.3196225921527012 1.0847503046011289 0.5215906151308816 0.31340836025562435 0.26803530470588877 0.2902769986028182 -0.16078455362690613 0.047397701248351076 0.3899197872610607 0.624792074812633 0.6888481532357891 0.7395592153207877 1.1185576793244612 1.3249605986879642 1.1870620965270031 1.2377731586120018 2.150572276141976 1.2582355169971766 0.9032580824021865 0.6016607131598266 0.4157201521814986 0.401485468087464 0.4966799179663208 0.4877832404075493 0.39881646481983246 0.08565341475106925
0.32853271210553614 0.09632942782159537 0.10166743435685843 0.06163238534238591 0.3934784582845694 -0.052245087409891866 -0.2595376745292719 -0.6145151091242615 -0.679460855303295 -0.2604273422851491 0.20486889403860964 0.4691002175341288 0.7262141989826303 0.9148237632285898 1.8463059036319844 2.2671187521618847 2.2475460615325873 1.969969721698911 1.7012900594240061 1.3178432566409468 1.2680218623118253 1.2208694712503356 1.1078816662539352 0.6897378209916663 0.5215906151308816 0.21643457486501294 0.45130686241658524 0.8534366880730653 1.1025436597186722 1.2279868132973528 1.3747819930170855 1.2368834908561246 1.5171288339574325 1.9406106857549643 1.048273926610165 0.7956082839410492 0.49312124694281234 0.24312460754132825 0.21999324588852165 0.3899197872610607 0.4691002175341288 0.38013344194641197 0.3819127774581663
0.32764304434965896 0.1852962034093122 0.22355191691203036 0.5251492861543903 1.0678466172394627 0.5634049996571084 0.4833349016281634 0.12746779927729612 0.19063420994457525 0.31696703127913306 0.7769252610676287 0.9504104734636765 1.2208694712503356 1.4308310616373472 2.0598261650425047 2.49487369766644 2.505549710736966 2.2226353643680263 1.9957700866193488 1.8391885615849672 1.796484509302863 1.7199730822974266 1.5980885997422547 1.313394917861561 0.8480986815378022 0.5082455987927241 0.36234008682886865 0.7600215737059626 1.0358185780278846 1.1772757512123544 1.340084950537876 1.4877697980134859 1.8400782293408444 1.9726387249665422 1.1630410671183196 0.9388447926372734 0.863223033387714 0.6123367262303527 0.608778055206844 0.5064662632809698 0.5856466935540376 0.49223157918693516 0.5162526085956185
0.8053946292556982 0.6621581205594742 0.6950758275269293 0.9308377828343788 1.3730026575053311 1.32940893746735 1.2484491716825277 1.2644631912883169 1.212862461447441 1.0091285453515695 1.1577030605830567 1.3311882729791042 1.3810096673082257 1.5020044821075205 1.918368991858035 1.9993287576428573 2.0108944384692604 2.156799950433116 2.1585792859448705 1.9308243404403154 1.700400391668129 1.6247786324185696 1.5660605605306768 1.308056911326298 1.017135555154464 0.9388447926372734 0.7929392806734179 0.3009530116733439 0.32141537005851895 0.7217658602032444 0.736000544297279 0.884575059528766 1.1683790736535826 1.5722882348218168 1.0082388775956925 1.2786978753823515 1.202186448376915 1.127454356883233 1.1105506695215668 0.7769252610676287 0.6514821074889481 0.5580669931218456 0.23867626876194237
1.2297661488091072 1.3810096673082257 1.451293420022522 1.2119727936915639 1.1879517642828803 1.2244281422738441 1.334746944002613 1.457521094313662 1.1852827610152488 1.0064595420839382 1.1799447544799857 1.2110831259356867 1.207524454912178 1.1790550867241087 1.5865229189158514 1.6176612903715524 1.6078749450569036 1.8765546073318082 2.087405865474697 1.6861657075740943 1.6176612903715524 1.5963092642305003 1.3000499015234035 1.2528975104619136 1.3596576411671737 1.3374159472702445 0.9263894440549929 0.15682683522124297 -0.5166516559777734 -0.896539787737324 -0.7408479304588194 -0.4970789653484755 -0.22306129653830808 -0.2364063128764653 0.3303120476172905 0.9886661869663946 1.1461373797566534 0.931727450590256 0.6212334037891245 0.6888481532357891 0.3303120476172905 0.3231947055702733 -0.043348409851120095
1.6826070365505856 1.9299346726844382 1.8792236105994398 1.4851007947458545 1.5331428535632214 1.5722882348218168 1.6123232838362895 1.6728206912359367 1.7555597925325133 1.2190901357385813 0.931727450590256 0.8596643623642053 0.969093496337097 1.0625086107041997 1.7333180986355843 1.6870553753299715 1.557163882971905 1.5278048470279586 1.689724378597603 1.349871295852525 1.127454356883233 1.2671321945559482 1.4815421237223458 1.1399097054655132 1.2564561814854223 1.403251361205155 1.0304805714926215 0.34632606722307946 -0.6091771025889989 -1.3235803105583646 -1.560231933621691 -1.400981405319678 -1.288883268079155 -1.3742913726433632 -0.419677870587162 0.2146552393532586 0.2618076304147485 -0.1616742213827833 -0.6385361385329453 -0.694585207153207 -0.14477053402111695 0.32764304434965896 0.5171422763514957
1.6069852773010265 1.6123232838362895 1.255566513729545 1.5811849123805886 1.6915037141093574 1.4833214592341002 1.5091218241545379 1.8107191933968978 1.9201483273697895 1.3098362468380522 1.0358185780278846 0.9290584473226244 1.0447152555866563 1.6514686650948849 1.5349221890749758 1.4593004298254164 1.5020044821075205 1.5696192315541855 1.3730026575053311 1.0562809364130594 1.106991998498058 1.4121480387639265 1.471755778407697 0.3561124125377284 0.4557552011959711 1.1194473470803383 1.5509362086807648 1.5011148143516433 0.9628658220459569 -0.12964618217120538 -0.6323084642418051 -0.9196711493901302 -1.2185995153648586 -1.4419061220900278 -1.0104172604896013 -0.7826623149850462 -0.7408479304588194 -0.739068594947065 -0.5104239816866332 0.43974118159018216 0.9068167534256952 0.878347385237626 0.6132263939862299
1.0473842588542879 1.037597913539639 1.186172428771126 1.5091218241545379 1.3863476738434888 1.5811849123805886 1.615881954859798 1.531363518051467 1.9744180604782966 2.014453109492769 1.7751324831618112 1.3988030224257693 1.1630410671183196 1.101653991962795 1.3534299668760337 1.0705156205070943 1.0198045584220956 1.2199798034944584 1.1514753862919165 0.9299481150785016 0.9174927664962214 0.9014787468904322 0.7110898471327183 0.3561124125377284 0.6123367262303527 1.1052126629863037 1.3507609636084021 1.2644631912883169 1.366774983214191 1.4699764428959425 0.9174927664962214 0.13725414459194507 -0.6136254413683844 -1.5032931972455525 -1.867167309399314 -1.5121898748043239 -0.9383541722635509 -0.4072225220048815 1.0251425649573587 1.2199798034944584 1.1950691063298977 0.8311949941761361 0.5829776902864061
0.9388447926372734 0.6274610780802645 0.8400916717349076 1.3632163121906824 1.7404354406826017 1.9592937086283848 1.5002251465957661 1.519797837225064 1.6763793622594454 1.785808496232337 1.7600081313118991 1.265352859044194 1.0491635943660422 0.9610864865342026 0.8881337305522747 0.5749706804835117 0.571412009460003 0.7324418732737703 0.7048621728415783 0.7600215737059626 0.6203437360332473 0.7102001793768411 0.76713891575298 0.655930446268334 0.48511423713991775 0.8169603100821012 1.1870620965270031 1.2199798034944584 1.3747819930170855 1.6363443132449729 1.250228507194282 0.8970304081110465 -0.05491409067752295 -0.6029494282978587 -0.6803505230591722 -0.2969037202761129 0.2582489593912398 0.22088291364439883 0.39881646481983246 0.30540135045272976 0.12924713478905048 0.047397701248351076 -0.3636288019669003
1.4922181367928717 1.4877697980134859 1.4468450812431362 1.5028941498633976 1.9566247053607533 1.7920361705234773 1.5758469058453255 1.6817173687947085 1.5002251465957661 1.5963092642305003 1.3605473089230509 0.9308377828343788 1.0189148906662184 1.1416890409772675 0.9966731967692892 1.0206942261779728 1.0198045584220956 0.9735418351164828 1.0109078808633238 1.0456049233425335 0.8320846619320132 0.9183824342520985 1.1301233601508645 1.0865296401128832 0.5082455987927241 0.46287254324298854 0.7235451957149988 1.0198045584220956 1.2528975104619136 1.22264880676209 1.111440337277444 0.8854647272846432 0.7377798798090334 0.332981050884922 0.5803086870187746 0.9886661869663946 1.127454356883233 0.6835101467005262 0.3383190574201851 0.1434818188830853 0.09366042455396384 -0.2764413618909378 -0.6616675001857515
1.6879450430858487 1.7190834145415494 1.7671254733589166 1.811608861152775 1.769794476626548 1.63723398100085 1.6826070365505856 1.5295841825397127 1.3427539538055075 1.1986277773534064 0.9619761542900798 0.9735418351164828 1.0714052882629714 1.1986277773534064 1.1301233601508645 1.1559237250713024 1.3160639211291925 1.3489816280966478 1.1852827610152488 1.3160639211291925 1.2146417969591954 1.2377731586120018 1.4290517261255928 1.3258502664438414 1.0891986433805148 0.77336659004412 0.476217559581146 0.751124896147191 0.8489883492936794 0.9281687795667473 1.016245887398587 0.9504104734636765 0.847209013781925 0.8027256259880666 1.042935920074902 1.2066347871563008 1.203076116132792 0.873009378702363 0.7164278536679813 0.5198112796191272 0.41038214564623554 0.10077776660098126 0.4157201521814986
1.6968417206446205 1.5963092642305003 1.6487996618272533 1.6648136814330423 1.6221096291509383 1.657696339386025 1.5989782674981319 1.361436976678928 1.1986277773534064 1.054501600901305 1.1532547218036708 1.3098362468380522 1.1808344222358629 1.164820402630074 1.1247853536156014 1.2617941880206853 1.4219343840785754 1.482431791478223 1.3810096673082257 1.5553845474601506 1.4859904625017315 1.5091218241545379 1.5509362086807648 1.4984458110840118 1.6176612903715524 0.9228307730314842 0.5829776902864061 0.5376046347366705 0.6354680878831591 0.8970304081110465 1.0633982784600768 1.1345716989302503 1.1479167152684078 1.1052126629863037 0.8489883492936794 0.9272791118108701 0.7048621728415783 0.6069987196950897 0.5029075922574611 0.4112718134021127 0.30184267942922105 0.6479234364654394 1.1470270475125306
1.7822498252088286 1.6514686650948849 1.647020326315499 1.6879450430858487 1.5509362086807648 1.6710413557241823 1.4966664755722574 1.3765613285288398 1.2457801684148961 0.9735418351164828 1.0607292751924453 1.3356366117584901 1.0625086107041997 1.0562809364130594 1.3587679734112965 1.4948871400605033 1.4495140845107677 1.3845683383317344 1.6665930169447967 1.6950623851328661 1.4797627882105915 1.4779834526988371 1.5028941498633976 1.578515909112957 1.5082321563986607 0.7386695475649105 0.7377798798090334 0.6959654952828065 0.71998652469149 0.9005890791345552 1.06873628499534 1.238662826367879 1.2413318296355105 1.1692687414094598 0.8899130660640291 0.6621581205594742 0.2956150051380808 0.23244859447080213 0.10878477640387585 0.011810991013264438 -0.17057089894155508 0.4086028101344812 0.6781721401652632
1.5722882348218168 1.6345649777332185 1.8463059036319844 1.7582287958001448 1.482431791478223 1.4601900975812936 1.6256683001744467 1.4628591008489251 1.3988030224257693 1.0776329625541115 0.8899130660640291 1.0651776139718312 0.8187396455938556 1.207524454912178 1.5705088993100627 1.4326103971491015 1.387237341599366 1.3044982403027894 1.4904388012811174 1.3934650158905062 1.2831462141617374 1.4272723906138385 1.4681971073841882 1.22887648105323 1.148806383024285 0.9094857566933268 0.9788798416517459 0.841871007246662 0.8587746946083281 0.9005890791345552 0.8311949941761361 0.8694507076788542 0.9174927664962214 0.8916924015757834 0.8694507076788542 0.6381370911507906 0.5064662632809698 0.6105573907185984 0.30184267942922105 -0.054024422921645776 -0.3422767758258485 -0.1429911985093626 0.4450791881254452
1.0954263176716548 1.2751392043588428 1.4948871400605033 1.4361690681726103 1.372112989749454 1.5616122217512909 1.620330293639184 1.5562742152160278 1.6487996618272533 1.5927505932069916 1.4076996999845408 1.4121480387639265 1.5073424886427835 2.0651641715777678 1.9254863339050525 1.4281620583697157 1.0714052882629714 1.1310130279067416 1.308946579082175 1.2591251847530538 1.2484491716825277 1.4788731204547143 1.4833214592341002 1.0847503046011289 1.3151742533733153 1.4023616934492777 1.5073424886427835 1.186172428771126 0.7084208438650867 0.47799689509290033 0.40326480359921835 0.8009462904763123 0.5749706804835117 0.7182071891797357 0.8925820693316606 0.730662537762016 0.809842968035084 0.8827957240170117 1.033149574760253 0.8080636325233297 0.6514821074889481 0.8285259909085045 1.101653991962795
0.7110898471327183 0.7404488830766649 0.9851075159428861 1.0580602719248138 1.0411565845631476 1.0891986433805148 1.0447152555866563 1.1194473470803383 1.0500532621219194 1.2724702010912112 1.6221096291509383 1.8320712195379498 1.859650919970142 2.0989715463011 1.7253110888326897 1.457521094313662 1.3214019276644555 1.1754964157006 1.2520078427060364 1.191510435306389 1.5705088993100627 1.6487996618272533 1.566950228286554 1.6052059417892721 1.397913354669892 1.330298605223227 1.4210447163226982 1.1986277773534064 0.7609112414618397 0.42194782647263884 0.37301609989939455 0.4797762306046547 0.4753278918252688 0.7119795148885955 1.0287012359808674 1.1096610017656896 0.7715872545323659 1.0767432947982343 0.9806591771635003 1.011797548619201 1.2199798034944584 1.4335000649049787 1.59008158993936
