static/data/seaWind_vo/2023/7/20/18.asc
ncols 137
nrows 93
xllcorner 108.0
yllcorner 17.0
cellsize 0.25
NODATA_value -32767
[rows 19 to 37 of 93, columns 88 to 131 of 137]
-0.7986763345908354 -1.3591670207934512 -1.4979551907102895 -1.3716223693757317 -1.0815906809597746 -0.9374645045076737 -1.0255416123395134 -1.041555631945302 -1.0282106156071449 -0.6883575328620668 -0.16345355689453767 0.36234008682886865 0.5349356314690392 0.6648271238271057 0.16661318053589147 -0.4534852453104943 -0.8458287256523254 -1.1162877234389845 -1.1554331046975799 -1.0780320099362664 -1.1180670589507389 -0.9668235404516201 -0.8369320480935536 -0.7924486602996952 -0.9783892212780234 -0.6856885295944353 -0.5086446461748788 -0.6180737801477703 -1.0175346025366188 -0.6376464707770682 -0.34672511460523436 -0.21594395449129067 -0.15366721157988872 -0.17501923772094097 -0.292455381496727 -0.5122033171983875 -0.8609530775022374 -2.916085593578495 -3.9427621838607467 -3.7728356424882077 -2.23282075706483 -2.755055729764728 -3.6723031860740876 -4.440086459396083
-1.6420813671623904 -1.936561394357733 -2.007734814827906 -1.966810098057557 -1.9588030882546623 -2.1589783333270254 -2.026417837701327 -1.5335419009453761 -0.7248339108530306 -0.11630116583304773 0.11590211845089327 0.05540471105124567 -0.42501587712242506 -0.6536604903828569 -0.9392438400194281 -1.2185995153648586 -1.4588098094516941 -1.6732197386180916 -2.053107870377642 -2.2488347766706194 -1.947237407428259 -1.5664596079128312 -1.3520496787464338 -1.2470688835529282 -1.2541862255999452 -0.6972542104208381 -0.3582907954316372 -0.22128196102655373 -0.13498418870646844 -0.34761478236111154 -0.49085129105733527 -0.584266405424438 -0.4766166069633009 -0.3903188346432156 -0.5237689980247908 -0.8858637746667979 -1.5442179140159022 -3.7932980008733828 -4.4934665247487136 -4.102902379918637 -3.116260838650858 -4.021052946377937 -4.626916688130288 -4.892927347137562
-2.3636019171787734 -2.4952727450485948 -2.6340609149654326 -2.805766791849726 -2.9685759911752476 -2.6171572276037662 -1.575356285471603 -0.6385361385329453 0.03138368164256233 -0.664336503453383 -0.6323084642418051 -0.7212752398295219 -0.9926239053720582 -1.1634401145004745 -1.1589917757210886 -1.210592505561964 -1.0629076580863543 -1.9000850163667695 -2.5789015141010485 -3.061101437786473 -2.6687579574446425 -2.03798351852773 -1.2915522713467866 -0.8057936766378528 -0.08872146540085568 -0.2728826908674291 -0.03267239678059397 0.16127517400062885 0.28493899206755513 -0.16345355689453767 -0.5059756429072473 -0.626970457706542 -0.4979686331043527 -0.7764346406939064 -1.183902472885649 -2.0584458769129053 -3.124267848453752 -4.776380871117652 -5.020149836227997 -4.616240675059762 -4.545956922345466 -4.98456312599291 -5.244346110709044 -5.0272671782750145
-2.8573675216906023 -2.9881486818045455 -3.3520227939583074 -3.6269301305243524 -3.0771154573922623 -1.4766031645692372 -0.7257235786089078 -0.6474328160917171 -0.7764346406939064 -1.2862142648115236 -1.2666415741822257 -1.272869248473366 -1.4739341613016057 -1.2435102125294195 -1.26842090969398 -1.0789216776921435 -0.6509914871152258 -1.470375490278097 -2.9970453593633173 -3.784401323314611 -3.6607375052476843 -1.5931496405891465 -0.6785711875474179 0.18796520667694372 0.44863785914895393 -0.1429911985093626 -0.5024169718837386 -0.42145720609891635 -0.2844483716938324 -0.6385361385329453 -0.9303471624606563 -1.0637973258422315 -1.1589917757210886 -1.4961758551985351 -2.1180536165566752 -3.0023833658985803 -4.1242544060596895 -4.821753926667389 -5.15448966736545 -5.111785615083345 -5.142034318783169 -5.3368715573202685 -5.224773420079746 -4.995239139063436
-2.8039874563379716 -3.0424184149130524 -3.3582504682494476 -3.395616513996288 -2.74171071342657 -1.3965330665402922 -0.9979619119073209 -0.8484977289199569 -0.9926239053720582 -1.1438674238711766 -1.5940393083450237 -1.8947470098315065 -2.002396808292644 -1.7942145534173863 -1.5184175490954641 -0.7043715524678555 0.21109656832974988 -0.40900185751663587 -2.096701590415623 -4.648268714271341 -4.505921873330994 -2.365381252690528 -0.5477900274334742 0.11679178620677044 -0.24619265819111424 -1.594928976100901 -1.9427890686488731 -1.6883440904680032 -1.263082903158717 -1.2319445317030162 -1.231054863947139 -1.420554095948976 -1.7070271133414239 -2.1331779684065872 -2.755945397520605 -3.4774659475369876 -4.318201976840912 -4.89381701489344 -5.036163855833786 -5.034384520322032 -5.0326051848102775 -4.99701847457519 -4.795063893991074 -4.4632178210488895
-2.455237696034122 -2.3751675980051767 -2.461465370325262 -2.275524809346934 -2.078018567542203 -1.4018710730755553 -1.2951109423702953 -1.2114821733178411 -0.9881755665926724 -0.7524136112852227 -1.2559655611116995 -1.4312301090195017 -1.400981405319678 -1.1652194500122288 -1.2666415741822257 -0.621632451171279 0.13814381234782225 -0.3636288019669003 -2.541535468354207 -5.513915440739826 -5.093992259965802 -2.7185793517737635 -1.008637924977847 -0.48818228778970374 -1.0620179903304772 -2.6189365631155206 -3.120709177430243 -2.650964602327099 -1.8805123257374716 -1.723041132947213 -1.7906558823938776 -1.9258853812872068 -2.0050658115602746 -2.361822581667019 -2.9837003430251596 -3.5779984039511077 -4.168737793853547 -4.5432879190778355 -4.73634582210318 -4.78349821316467 -4.7274491445444085 -4.580653964824675 -4.3333263286908235 -3.9712315520488164
-1.812897576290807 -1.4988448584661667 -1.4347887800430104 -0.8476080611640797 -0.6492121516034715 -0.8315940415582905 -1.0442246352129336 -1.1242947332418791 -1.1723367920592458 -0.9347955012400422 -0.49174095881321245 -0.4525955775546171 -0.4454782355075997 -0.8244766995112731 -1.0006309151749524 -0.6536604903828569 -0.8271457027789046 -1.3191319717789787 -3.5228390030867236 -6.46141160074901 -5.590426867745261 -2.8075461273614803 -1.093156361786178 -0.9641545371839886 -1.6803370806651086 -3.0780051251481395 -2.7870837689763053 -2.316449526117284 -1.892967674319752 -2.005955479316152 -2.1536403267917623 -2.1785510239563224 -2.2541727832058824 -2.202572053365006 -2.6990066611444656 -3.284408044511643 -3.8128706915026798 -4.181193142435827 -4.370692374437665 -4.410727423452137 -4.354678354831876 -4.055749988857148 -3.7621596294176816 -3.3226637580143605
-1.5451075817717794 -1.0504523095040739 -0.9703822114751288 -0.37341514728154923 0.09455009230984102 0.02070766857203621 -0.3814221570844438 -1.4258921024842386 -1.457920141695817 -0.9641545371839886 -0.1509982083122572 -0.25686867126164037 -0.6919162038855755 -1.0718043356451261 -1.1589917757210886 -0.7684276308910118 -1.150984765918194 -2.615377892092012 -4.932072728396157 -6.864431094161366 -5.65359327841254 -2.8733815412963906 -1.2773175872527518 -1.16788845327986 -1.9410097331371188 -2.3048838452908806 -1.8386979412112443 -1.3725120371316089 -1.146536427138808 -1.7319378105059848 -2.2283724182854443 -2.231041421553076 -2.0148521568749236 -1.7959938889291407 -2.1349573039183416 -2.506838425874998 -3.036190740621912 -3.3769334911228674 -3.5513083712747924 -3.5922330880451425 -3.336008774352518 -3.0183973855043695 -2.6785443027592915 -2.0602252124246596
-1.6723300708622144 -1.2710899129616116 -1.2016958280031926 -0.42501587712242506 0.06163238534238591 0.2546902883677311 -0.031782729024716794 -1.2043648312708242 -1.7853178758586146 -1.4267817702401158 -0.6527708226269802 -0.8271457027789046 -1.1278534042653874 -1.2150408443413498 -1.257744896623454 -1.4561408061840626 -1.9045333551461554 -3.3084290739203257 -4.7576978482442325 -6.337747782682083 -5.327974879761497 -3.2817390412440113 -1.6358536928712506 -0.8929811167138153 -1.3333666558730135 -1.0468936384805652 -0.44369889999584533 -0.01754804493068196 -0.20081960264137866 -0.8778567648639033 -1.4783825000809916 -1.5629009368893225 -1.3822983824462574 -1.1331914108006504 -1.1073910458802128 -1.4045400763431868 -1.5522249238187968 -1.8440359477465074 -1.8867400000286119 -1.7933248856615092 -1.517527881339587 -1.6109429957066896 -1.4588098094516941 -0.7888899892761865
-1.9160990359725587 -2.247945108914742 -1.6145016667301983 -0.7737656374262749 -0.14388086626523977 0.1772891936064176 0.1968618842357155 -0.27555169413506064 -1.2808762582762605 -2.0664528867158 -1.8048905664879125 -1.4472441286252908 -1.0682456646216174 -1.0913770262744236 -1.4614788127193257 -2.1652060076181656 -2.779966426929288 -3.684758534656368 -4.65805505958599 -5.27370514665299 -4.4836801794340655 -2.881388551099285 -1.6509780447211622 -0.8903121134461838 -0.6082874348331218 -0.16701222791804637 0.10789510864799867 0.1443714866389625 -0.021996383710067846 -0.29067604598497265 -0.5059756429072473 -0.5380036821188252 -0.39743617669023257 -0.25419966799400884 -0.0727074457950665 0.011810991013264438 0.10611577313624432 0.24401427529720543 0.2707043079735203 0.04561836573659672 -0.43302288692531965 -0.9534785241134625 -1.0477833062364423 0.274262978997029
-2.0691218899834314 -1.453471802916431 -1.263082903158717 -0.5059756429072473 0.018038665304404677 0.09721909557747255 -0.028224058001208085 -0.42145720609891635 -1.542438578504148 -2.5548804846923647 -2.590467194927452 -1.9837137854192233 -1.5522249238187968 -1.2862142648115236 -1.240841209261788 -1.702578774562038 -2.601143207997978 -3.4134098691138317 -3.9961422492133765 -4.092226366848111 -3.370705816831728 -2.19189604029448 -1.2417308770176652 -0.6340877997535594 -0.38053248932856665 -0.1910332573267297 -0.08694212988910133 -0.11541149807717055 -0.23106830634120223 -0.2630963455527806 -0.0842731266214698 0.13102647030080483 0.3187463667908874 0.35522274478185123 0.422837494228516 0.5607359963894769 0.7858219386264005 1.054501600901305 1.1052126629863037 0.8134016390585928 0.37212643214351737 0.15326816419773426 0.6808411434328947 2.6505655549449445
-1.962361759278171 -1.0522316450158282 -0.8369320480935536 -0.2844483716938324 0.09366042455396384 -0.07537644906269803 -0.45526458082224863 -1.0682456646216174 -1.9712584368369428 -2.7844147657086737 -3.040639079401298 -2.720358687285518 -2.150971323524131 -1.5451075817717794 -1.236392870482402 -0.9917342376161811 -1.3751810403992404 -2.053107870377642 -2.526411116504295 -2.650964602327099 -2.3902919498550887 -1.947237407428259 -1.3040076199290667 -0.9303471624606563 -0.6652261712092602 -0.5139826527101419 -0.4641612583810204 -0.4935202943249668 -0.5282173368041763 -0.3413871080699713 -0.05135541965401469 0.24846261407659087 0.45842420446360266 0.6852894822122806 1.0109078808633238 1.3427539538055075 1.8258435452468098 2.2048420092504832 2.4939840299105627 2.618537515733366 2.538467417704421 2.8738721616701133 3.63186908967746 4.99839876270479
-1.71770312641195 -1.0210932735601275 -0.5041963073954929 -0.21772329000304502 -0.2444133226793599 -0.40900185751663587 -0.5344450110953165 -1.2790969227645062 -2.166095675374043 -2.896512902949197 -3.181206584829891 -3.0619911055423503 -2.6180468953596434 -1.9908311274662407 -1.2346135349706477 -0.6305291287300507 -0.6349774675094366 -0.7292822496324165 -1.1011633715890725 -1.3929743955167835 -1.4961758551985351 -1.3280286493377504 -1.368063698352223 -1.1705574565474914 -1.066466329109863 -0.8840844391550435 -0.7710966341586434 -0.5638040470392633 -0.4312435514135653 -0.13765319197409998 0.08387407923931489 0.3409880606878166 0.5224802828867587 0.7778149288235059 1.3151742533733153 2.1007508818128544 2.684372929668277 3.325823381655715 3.7448568946738607 3.9681635013990295 4.170118081983147 4.505522825948839 4.862279596055584 5.623835195086439
-1.4979551907102895 -0.6972542104208381 -0.4276848803900566 -0.5415623531423339 -0.5789283988891749 -0.7052612202237327 -0.7426272659705737 -1.4641478159869572 -2.036204183015976 -2.687440980318063 -3.026404395307264 -3.125157516209629 -2.7541660620088506 -2.241717434623602 -1.505072532757307 -0.7283925818765393 -0.25775833901751755 -0.23729598063234247 -0.0531347551657686 -0.2221716287824309 -0.4125605285401446 -0.7186062365618904 -0.7835519827409234 -1.023762276827759 -1.0344382898982851 -0.891201781202061 -0.6990335459325925 -0.48729262003382656 -0.13587385646234562 0.206648229550364 0.44774819139307676 0.5536186543424597 0.7066415083533326 0.9504104734636765 1.7520011215090048 2.558929776089596 3.2537602934296643 3.8222579894351743 4.1630007399361295 4.601606943583573 4.828472221332252 5.090034541560138 5.375617891196709 5.9948266492872175
-1.597597979368532 -0.8342630448259221 -0.48818228778970374 -0.5673627180627716 -0.6714538455004004 -0.8209180284877649 -1.1910198149326665 -1.490837848663272 -2.051328534865888 -2.2239240795060584 -2.5984742047303464 -2.7577247330323593 -2.5851291883921887 -2.071790893251063 -1.5032931972455525 -0.7755449729380293 -0.23462697736471094 0.2039792262827329 0.3890301195051835 0.48155556611640904 0.4148304844256214 0.12568846376554177 -0.09494913969199592 -0.32715242397593647 -0.4606025873575117 -0.39743617669023257 -0.21238528346778196 0.02960434613080798 0.3792437741905348 0.76713891575298 1.1052126629863037 1.2119727936915639 1.5091218241545379 1.8374092260732129 2.638110206362664 3.1728005276448417 3.868520712740787 3.9227904458492944 4.071364961080781 4.501074487169453 4.929894345502248 5.195905004509521 5.581131142804335 6.222581594791773
-1.8040008987320353 -1.041555631945302 -0.6171841123918931 -0.5077549784190016 -0.6127357736125072 -1.1145083879272302 -1.5913703050773922 -1.5878116340538835 -1.1545434369417027 -1.3280286493377504 -1.7141444553884413 -1.967699765813434 -1.822683921605456 -1.7141444553884413 -1.160771111232843 -0.604728763809613 -0.07893512008620673 0.36145041907299147 0.6007710454039497 0.7128691826444726 0.7368902120531562 0.624792074812633 0.40326480359921835 0.33920872517606226 0.23066925895904777 0.30629101820860694 0.5224802828867587 0.7644699124853485 1.1514753862919165 1.5954195964746232 1.9931010833517173 2.637220538606787 2.9370385723373924 3.4539355385020265 3.945032139746224 4.4325700699669115 4.324030603749897 4.310685587411739 4.236843163673934 4.333816949064546 4.763526475153218 5.245726398838643 5.7403816711063484 6.376494116558524
-2.041542189551239 -1.4036504085873096 -1.2079235022943329 -1.0913770262744236 -1.0362176254100395 -1.6634333933034426 -1.6856750872003716 -0.9392438400194281 -0.46683026164865193 -0.20170927039725584 -0.5219896625130365 -0.8858637746667979 -1.0388866286776706 -0.9303471624606563 -0.7203855720736447 -0.2933450492526042 0.18618587116518936 0.4637622109988657 0.7021931695739467 0.7564629026824539 0.7466765573678051 0.6790618079211403 0.6763928046535088 0.646144100953685 0.7128691826444726 0.9619761542900798 1.1924001030622662 1.6603653426536564 2.061605500554259 2.622096186756875 3.31158869756168 3.9921845308077133 4.444135750793315 4.974377733296107 5.173663310612593 5.099820886874787 4.9912814206577725 4.952136039399178 4.862279596055584 4.78487850129427 5.009964443531193 5.481488354146093 5.966357281099149 6.334679732032296
-2.760393736299991 -2.586908523903943 -2.4045266339491236 -2.217696405214918 -2.067342554471677 -1.87784332246984 -1.543328246260025 -0.726613246364785 -0.13943252748585389 0.1737305225829089 0.19508254872396114 -0.09139046866848721 -0.2559790035057632 -0.22661996756181635 -0.09050080091261004 0.15682683522124297 0.41838915544913013 0.6550407785124568 0.7751459255558744 0.8249673198849958 0.8187396455938556 0.8285259909085045 0.8427606750025392 0.9984525322810436 1.1692687414094598 1.5135701629339238 1.9993287576428573 2.5144463882957377 3.062481725916073 3.745746562429738 4.484170799807787 4.889859296487776 5.285761447853115 5.417432275722936 5.366721213637938 5.2813131090737295 5.344479519741009 5.375617891196709 5.531309748475214 5.664759911856789 5.873831834487923 5.941446583934589 6.233257607862299 6.206567575185984
-2.7345933713795527 -2.8484708441318305 -2.95523097483709 -2.7826354301969194 -2.476589722175174 -2.061114880180537 -1.6340743573594962 -1.0104172604896013 -0.441919564484091 -0.037120735559979856 0.1550474997094886 0.16483384502413712 0.25646962387948546 0.32052570230264177 0.4272858330079019 0.6212334037891245 0.7876012741381548 0.9085960889374496 0.9913351902340262 1.0420462523190248 1.075853627042357 1.1336820311743732 1.3009395692792807 1.531363518051467 1.897016965716983 2.3907825702288115 2.946824917652041 3.421017831534572 3.9174524393140313 4.322251268238142 4.606055282362959 4.813347869482339 4.942349694084529 5.0215301243575965 5.032206137428123 5.124731584039348 5.295547793167764 5.561558452175038 5.904970205943624 6.172760200462651 6.1950018943595815 6.070448408536778 5.75550602295626 5.454798321469777
