static/data/ASCData/20210105/ASCU/00.asc
ncols 97
nrows 97
xllcorner 99.0
yllcorner 2.0
cellsize 0.25
NODATA_value -32767
[rows 38 to 56 of 97, columns 0 to 42 of 97]
-0.634839046382166 0.40434472481898487 0.44432935088524106 0.17276709885191455 0.25586014989585415 0.10258574997520364 -0.534252721434239 -0.9413878462234675 -0.6221355974756992 -0.5956874333589566 -1.8760284805222176 0.18172198906466974 0.711934790964095 0.12986692713499304 -0.4082594986733783 -0.7137670322108707 -1.0957035124479266 -1.277300355832176 -1.7979335077365601 -2.2919102422634396 -3.1132611027077957 -3.3173492982543147 -2.9472832538806784 -2.636777642084904 -2.590753671456556 -2.7011278996602854 -2.8008812115651653 -2.811502127864015 -3.0272525060131916 -3.4033578949489187 -3.2294664222128544 -2.826079856117338 -1.627998846954969 -0.0927558086193212 1.0497215799196593 2.0616241739610195 2.4843782933073792 -1.415997027499504 -6.089824958775541 -6.510704798775045 -6.462806548799842 -6.611291123722971 -6.918881189868081
-1.5557349654706405 0.27626896945050605 0.500974237812438 0.7910710300535606 0.7704539572381477 0.47161052804503045 -0.17480759335945217 -1.3466486916658398 -1.3193675145060504 -1.1436017624231303 -1.4784730057280302 -0.34182670849037855 -0.10358497817893264 -0.4188804149722274 -0.6073496159616147 -0.9911603755455265 -1.2656381732295179 -1.4287004764059708 -1.848539050101666 -2.24213771294138 -2.9179195441132713 -3.3506698199761953 -3.0584904951274545 -2.7948418670030746 -2.74798488333168 -2.746110603984824 -2.6884244507538186 -3.0332918505752824 -2.5282776932280298 -2.333977400937314 -2.3895810215607023 -2.3329361346335054 -2.295867054217913 -0.9257688516663358 0.451201708490379 0.8408435593756205 2.340891796642531 1.1280248059660782 -3.72177713065364 -6.727496443228031 -6.530280605286649 -6.247056170650664 -6.511746065078853
-1.7704440773160086 0.332913856377703 0.8593780995834162 1.015568045154731 0.7889884974459433 0.4766086063033126 -0.5586183529433644 -1.465769556821563 -1.5253299893994248 -1.4784730057280302 -1.4472350166137669 -1.2489779123685776 -1.0342688005232095 -0.86329287343781 -1.044889716822059 -1.2042034613048003 -1.4287004764059708 -1.534076626351418 -1.8154267816405474 -2.1201013021349926 -2.4356049921890497 -2.8387833050238047 -3.007884952762349 -2.7500674159392977 -2.619076114920155 -2.5566001366916282 -2.402284470467169 -2.62803100513291 -1.823340405549494 -1.2997917079944452 -1.227527826510117 -2.13759457603898 -2.1211425684388017 -1.076127705936322 0.5097208747644317 0.5068053291137669 1.3104546623933744 1.3154527406516565 -0.9024444864610195 -4.291974558619321 -6.46384781510365 -6.201240453283079 -6.289123329324539
-1.7315007175535606 0.4268360769812536 1.1280248059660782 1.0663818407805992 0.8358454811173384 -0.3026750954671691 -1.344774412318984 -1.5673971480732987 -1.547821341561694 -1.7783577012249552 -1.7256696262522315 -1.6904748251834951 -1.7090093653912912 -1.5372004252628444 -1.2783416221359847 -1.4316160220566356 -1.5117935274499108 -1.6123798523978374 -1.7460784458068834 -1.8974785663806784 -2.098651216276532 -2.2275599846880576 -2.395412112862031 -2.370213468309859 -2.239222167290716 -2.17674618906219 -2.0840734880232095 -2.0869890336738743 -1.8574939403144215 -1.395588207944852 -0.40138714106824036 -1.3154107025515769 -2.794008853960028 -1.7646129860146795 0.39934664656070273 0.6484175464317601 0.6317572855708193 1.2919201221855787 0.8270988441653446 -0.9784569266390597 -3.197187166794783 -6.066500593570224 -6.173751022862527
-1.4940920002851614 0.5213830573670903 1.4589392373165047 1.3281561895581233 0.6240519149226347 -0.5157181812264429 -1.898519832684487 -2.083032221719401 -2.083032221719401 -2.44039481718657 -2.5243208812735567 -2.246094524895854 -2.2617135194529854 -1.8300045098938702 -1.5713539600277722 -1.4795142720318388 -1.5372004252628444 -1.5557349654706405 -1.6600698491122792 -1.6944316371379684 -1.7187972686470936 -1.7968922414327513 -1.7060938197406268 -1.6817281882315016 -1.6113385860940288 -1.5751025187214838 -1.4922177209383056 -1.4461937503099582 -2.138635842342789 -1.9355889131000792 -0.5869407964069628 -0.5292546431759568 -2.0086858076274545 -2.6444830127330885 -0.5263390975252924 0.013661607629934736 0.08488422281045427 1.0009903169014085 2.494166196563182 0.968711061483337 -1.5067954491916287 -4.3798574346607815 -6.089824958775541
-0.8368447093210669 0.6444607344772861 1.507878753595517 1.1309403516167431 0.35936202049444566 -0.6777392180990875 -1.9062252033326719 -3.0391229418766117 -3.1026401864089466 -3.521437493800833 -3.539972034008629 -2.8954281919510017 -2.131763484737651 -1.6875592795328307 -1.5176246187512397 -1.426826197059115 -1.491176454634497 -1.422869385104642 -1.5721869730708193 -1.5517781535161674 -1.4853453633331677 -1.2764673427891289 -1.1415192298155126 -0.8095635321612775 -0.7187651104691528 -0.6650357691926203 -0.4609475736461017 -0.4434542997421147 -1.8641580446587978 -1.6756888436694106 -0.251861299841301 0.010746061979270305 -1.0009482788013289 -1.811469969686074 -1.4951332665889705 -1.1883762134869071 -0.7021048496082125 0.5224243236708985 1.6942654219772861 1.711966949142035 -0.49801665406169393 -3.665132243726443 -5.813472881744693
-0.5009321997123584 0.3701911900540571 1.182587160285658 0.862293645234081 0.08113566411674267 -1.0351018135662566 -2.333977400937314 -3.4960305959878992 -3.868179172969153 -4.1738949597674075 -3.556632294869569 -2.3252307639853202 -1.5878059676279506 -1.4043348448968458 -1.3349865090631816 -1.3056227992957745 -1.3397763340607023 -1.3964212209878992 -1.5742695056784366 -1.5615660567719698 -1.39059012968657 -1.08778988853898 -0.5917306214044831 -0.1112903488271173 0.24503098033624315 0.37997909330985946 0.6346728312214842 0.5253398693215634 -0.7148082985146793 -1.4697263687760365 -0.19042658791658384 0.3164618487775246 -0.3359956171890497 -1.1327725928635188 -1.6317474056486807 -1.8789440261728823 -1.5565679785136877 0.18359626841152554 0.9414298843235467 1.2421475928635197 0.283141327055644 -2.830036668071811 -5.82617633065116
-0.9326412092714738 -0.7137670322108707 0.5107621410682408 0.4149656411178335 -0.31641981067744496 -1.2481448993255304 -2.3408497585424515 -3.356500911277524 -3.961893140311942 -3.6503462622123584 -2.0293028804428683 -1.4178713068463598 -0.9530500288261257 -0.8426758006223962 -0.9032774995040667 -0.9657534777325925 -1.1036171363568736 -1.3212417938529062 -1.6629853947629436 -1.69818019583168 -1.520540164401904 -0.8866172386431264 -0.06047655320124967 0.5340865062735571 0.7812831267977587 0.9051938169510021 1.1748817896374733 1.1103232788013293 0.3789378270060504 -0.6083908822654234 -1.3535210492709777 -1.206077740651656 -0.5136356486188256 -0.20500431616990644 -0.5771528931511605 -0.9463859244817496 -2.6386519214317596 -1.8252146848963497 -0.21770776507637368 0.9414298843235467 0.34478429224112306 -2.6640588192446932 -5.810557336094028
-1.281257167786649 -0.7050203952588769 0.20400508796617745 0.09758767171692151 -0.38472688020730006 -0.8193514354170799 -1.377053667737056 -1.7852300588300931 -2.3895810215607023 -2.7813054050535606 -1.4112072025019837 -0.5917306214044831 -0.41596486932156296 -0.17772313901011705 -0.012786556486807932 -0.1483594292427095 -0.4619888399499108 -0.723554935466673 -1.219822455861932 -1.1036171363568736 -0.9091085908053955 -0.5078045573174963 -0.0019573869271969357 0.19046862601666348 0.2987603216127752 0.5869828345070425 0.8954059136951993 0.704021167055148 0.5253398693215634 -0.5146769149226342 -1.6317474056486807 -1.7460784458068834 -0.9209790266688156 -0.2579006444033922 -0.47552530189942477 -1.0419741711713946 -2.7519416952861535 -3.0097592321092046 -1.6346629512993451 -0.15127497489337438 -0.23436802593731398 -2.716746894217417 -5.724548739399425
-0.31246299872297145 -0.11024908252330867 -0.37993705520977983 -0.23915785093483422 -0.13669724664005134 -0.3280819932801031 -0.3389111628397141 -0.5313371757835745 -1.359352140572307 -1.5557349654706405 -1.1327725928635188 -0.848715145184487 -0.7860309136951993 -0.4394974877876412 -0.15814733249851187 -0.15918859880232095 -0.3632767943488395 -0.29975954981650466 -0.6036010572679031 -0.6766979517952785 -0.8495481582275342 -0.6660770354964289 -0.5096788366643521 -0.3320388052345762 -0.10837480317645287 0.2587756955465186 0.49222760086044426 0.10050321736758594 -0.26081619005405665 -0.7031461159120211 -1.295001882996925 -1.2471036330217218 -0.6523323202861535 -0.29975954981650466 -0.5146769149226342 -1.591762779582424 -2.9893504125545522 -2.9335385386704025 -1.937463192446935 -0.6885683876586985 -0.5292546431759568 -2.754857240936818 -5.519627530809859
0.1473602010389805 0.44620363023209686 0.21587552382959752 0.09675465867387434 0.16110491624925638 0.1973409836218014 0.22753770643225568 -0.008829744532334871 -0.79207025825729 -1.1425604961193212 -1.65423875781095 -1.4120402155450305 -1.4297417427097798 -1.30270725364511 -1.3037485199489187 -1.2754260764853202 -0.7402151963276133 -0.4394974877876412 -0.3614025150019837 -0.6533735865899621 -0.9395135668766117 -0.9540912951299343 -0.8212257147639357 -0.45699076169162867 -0.10650052382959707 -0.022366206481848838 -0.013619569529855102 -0.4257527725773653 -0.6933582126562188 -0.9784569266390597 -1.0165672733584605 -0.9559655744767901 -0.7577084702316008 -0.5244648181784366 -1.2071190069554651 -2.690506983361436 -3.910246331643027 -3.1786526265869863 -2.322315218334656 -1.66610919367437 -1.366224498177445 -2.6825933594524893 -5.234320563566257
-0.7295942800287638 0.44537061718905013 0.9766246853922831 0.8895748223938704 0.6923589844524893 0.7108935246602859 0.20317207492313027 -0.19438339987105735 -0.9638791983857367 -1.7187972686470936 -2.4120723737229715 -2.24796880424271 -2.2871204172659194 -2.3797931183048995 -2.372087747656715 -1.792935429478278 -1.176714030884249 -0.5136356486188256 -0.19230086726343965 -0.4619888399499108 -0.841842787579349 -0.8524637038781986 -0.9980327331506644 -0.6396288713796863 -0.14252833794138065 -0.08984026296865677 -0.5567440735965086 -0.8262237930222178 -0.962837932081928 -1.077168972240131 -1.1288157809090458 -1.219822455861932 -1.0390586255207297 -1.3164519688553855 -1.9599545446092044 -3.3477542743255304 -4.306552286872644 -3.4364701634100374 -2.867105748487403 -2.233391075989387 -1.7265026392952785 -3.0293350386208093 -5.12311332231948
-1.6396610295576273 -0.3212096356749652 0.8456333843731403 1.6465754252628444 1.4589392373165047 0.929767701720889 0.40434472481898487 -0.6777392180990875 -1.3389433210176551 -2.202153086875124 -2.7421537920303507 -2.703210432267903 -2.804629770258877 -2.886681554999008 -2.3847911965631816 -1.8027233327340804 -1.1084069613543939 -0.40326142041509616 0.010746061979270305 -0.309547453072307 -0.7822823550014877 -0.9003619538534018 -1.0400998918245388 -0.9463859244817496 -0.4619888399499108 -0.5429993583862327 -1.1073656950505852 -1.1436017624231303 -1.1690086602360643 -1.3710143231749652 -1.6494489328134296 -1.7450371795030746 -2.00098043697927 -2.275458234663261 -2.522446601926701 -3.5370564883579645 -4.258862290158203 -3.6328529883083713 -2.9091729071612775 -2.4610118900019833 -1.9697424478650067 -2.980395522341797 -5.063552889741619
-2.044921875 -1.1875432004438604 0.9433041636704025 1.8387931849459433 2.172831415207796 1.6415773470045631 -0.09775388687760334 -1.4120402155450305 -1.4940920002851614 -2.0155581652325925 -2.327105043332176 -2.349596395494445 -2.4170704519812536 -2.4276913682801027 -1.9258010098442768 -1.3077053319033922 -0.6602459441951001 -0.17293331401259637 0.08009439781293404 -0.4892700171097002 -1.3418588666683195 -1.465769556821563 -1.1592207569802615 -1.0644655233336637 -1.0030308114089466 -1.074253426589466 -1.580100596979766 -1.5655228687264429 -1.5761437850252924 -2.019514977187066 -2.356468753099583 -2.672805456196687 -2.929789979976691 -2.867105748487403 -3.125964551614263 -3.3104769406491767 -4.202217403231005 -4.05664837395854 -2.7519416952861535 -2.420819010674965 -2.661143273594029 -3.672837614374628 -4.813440723566752
-2.3866654759100374 -1.295001882996925 0.8866592767432055 1.7225878654408846 2.1063986250247972 1.2490199504686568 -0.6533735865899621 -1.8447904914079547 -1.5713539600277722 -1.5830161426304303 -1.5957195915368971 -1.4053761112006544 -1.5957195915368971 -1.7529508034120214 -1.5655228687264429 -0.9170222147143421 -0.21583348572951788 0.09675465867387434 0.1288256608311844 -0.8516306908351514 -1.8135525022936916 -1.8085544240354094 -1.4149557611956953 -1.2783416221359847 -1.2391900091127752 -1.523455710052569 -2.046796154346856 -2.1836185466673275 -2.2665033444505056 -2.7392382463796863 -3.1474146374727234 -3.4237667145035706 -3.4922820372941876 -3.324221655859452 -3.0137160440636777 -2.8075453159095414 -4.1053796369767905 -4.812399457262943 -3.276323405884249 -2.66010200729022 -2.9570711571364807 -3.760720490416088 -4.783244000756298
-2.294825787914104 -1.3172849818984327 0.3349963889853207 1.222571786351914 1.6524065165641741 0.7225557072629436 -1.152348399375124 -2.142592654297262 -1.8389594001066256 -1.598635137187562 -1.5184576317942868 -1.4101659361981747 -1.7616974403640149 -1.8720716685677443 -1.7344162632042253 -1.3349865090631816 -0.630882234427693 0.3183361281243804 0.6563311703407062 -0.37702150955911495 -1.4805555383356475 -1.4745161937735567 -1.384759038385241 -1.3291554177618528 -1.616128411091549 -2.0497116999975202 -2.57221913124876 -2.732365888774549 -2.9091729071612775 -3.069319664687066 -3.40231662864511 -3.7763394849732195 -3.955020782706804 -4.000003487031343 -3.5253943057553063 -2.559515682342293 -3.559547840520234 -4.473571402003571 -3.5010286742461814 -2.526403413881174 -1.980571617424618 -2.7246605181263637 -4.354450536847848
-1.7762751686173377 -1.937463192446935 -0.573196081196687 0.7685796778912919 1.2461044048179928 0.0750963195546519 -1.8604094859650862 -2.809627848517159 -2.818374485469153 -2.929789979976691 -3.035166129922138 -2.9062573615106126 -2.521405335622892 -2.1465494662517357 -2.1894496379686568 -2.2987825998685776 -1.426826197059115 0.34853285093483466 0.8456333843731403 1.1503079048675864 -0.046940091251735705 -0.8251825267184087 -1.1356881385141837 -1.5869729545849038 -2.1600859282012497 -2.47954643020978 -2.7569397735444356 -2.9843523342962706 -3.149497170080341 -2.998930062549593 -2.855443565884745 -3.2773646721880576 -4.243243295601071 -4.929646043071811 -4.434628042241123 -2.866272735444356 -1.7548250827588772 -2.3545944737527273 -2.366256656355386 -1.409124669894366 -0.9053600321116839 -2.1913239173155126 -4.2655263945025785
-1.7315007175535606 -2.1465494662517357 -1.5282455350500892 0.20504635426998608 0.7402572344276934 -0.5507047290344178 -2.3895810215607023 -3.230507688516663 -3.3750354514853202 -3.6503462622123584 -3.9833432261704025 -4.261777835808867 -3.779255030623884 -2.506827607369569 -1.4305747557528266 -1.448276282917576 -1.6084230404433644 -0.41513185627851623 -0.1260763303412018 0.9043608039079545 0.7598330409392982 -0.16022986510612958 -0.855379249528863 -1.6944316371379684 -2.540981142134497 -2.943326441926205 -2.974564431040468 -3.0097592321092046 -2.7315328757315016 -2.4843362552073 -2.0303441467466774 -2.1182270227881372 -3.2207197852608607 -4.4804437596087086 -4.460034940054056 -2.7177881605212257 -0.4707354769019041 -2.366256656355386 -2.961860982134001 -1.366224498177445 -0.47760783450704203 -1.5380334383058916 -3.57808238072803
-1.6044662284888909 -2.019514977187066 -1.6825612012745486 -0.1835542303114459 -0.07026445645705204 -1.39059012968657 -2.8252468430742907 -3.483327147081432 -3.6670065230732987 -3.9825102131273553 -4.362364160756794 -4.713895664922634 -4.357366082498512 -2.7763073267952785 -1.3233243264605234 -0.8828686799494148 -1.2743848101815116 -1.2733435438777025 -0.9784569266390597 -0.014660835833663732 0.5165932323695697 -0.3037163617709777 -1.0986190580985915 -1.823340405549494 -2.4999552497644313 -3.030376304924618 -3.0116335114560604 -2.7002948866172387 -2.322315218334656 -2.1092721325753816 -1.4559816535657606 -1.0898724211465978 -2.037008251091053 -3.351502833019242 -3.4004423492982543 -2.0634564152077957 0.24315670098938735 -2.269627143361932 -3.0907697505455265 -1.309579611250248 -0.33495435088524106 -1.3612264199191628 -3.2842370297931955
