static/data/ASCData/20210105/ASCU/03.asc
ncols 97
nrows 97
xllcorner 99.0
yllcorner 2.0
cellsize 0.25
NODATA_value -32767
[rows 38 to 56 of 97, columns 0 to 42 of 97]
-1.3385207107942336 -0.3266533298086993 0.31695832743841246 0.3726026747996656 0.3286603575701781 0.4896229761173223 0.5658055804445317 0.0179595167247264 -0.8441696419625 -0.939935235489807 -1.7855860252159752 -1.5630086357709627 -0.9623840279874796 -0.9927137795534846 -1.4156585828873012 -1.895919452172623 -2.3520598103700197 -2.6763732168789542 -3.0345986290758624 -3.3851818991459037 -3.8960113369386953 -4.018046794027109 -3.7809015711527554 -3.5542642937028446 -3.5502044056979463 -3.878338883270314 -4.248505142540453 -4.6439859976058395 -5.399841617341316 -5.5113691290052875 -4.579505423410396 -3.418377454009484 -1.7719734595524927 0.1304422961545555 1.3197506646482915 2.239673523169952 0.9720331978758261 -3.140155717203218 -6.603001368439999 -6.573865701581318 -6.352960030726558 -6.439889397419674 -6.718349951167404
-1.3774478722529642 -0.38420821270166927 0.35994537690204176 0.690945657771985 0.6410329170058824 0.6118972501472006 0.5853885696446293 -0.10121013706611182 -0.9927137795534846 -1.127406534539522 -1.5668297068343964 -1.6587742292982697 -1.641101775629889 -1.5825916249710605 -1.7359121013913372 -2.1791563447496456 -2.5220974726928187 -2.769034190167221 -3.102183823510346 -3.3804055603166114 -3.7651396530160914 -3.9848512391635285 -3.817918197079769 -3.631402165795912 -3.6275810947324785 -3.8081267024797203 -3.8795329679776374 -4.151784281247288 -4.296507347774838 -4.409706578029062 -4.655688027737606 -3.7818568389186136 -2.973222675119459 -1.1871107699056735 0.3138537071993728 1.0737692149397478 1.8597157692997652 -0.28080047704749544 -4.189039724115766 -6.625450160937673 -6.314988137033685 -6.04249800682257 -6.2934946123018705
-1.525992009843949 -0.4663612405654938 0.3441834587653778 0.6362565781765901 0.4282470221609187 0.3890810437607235 -0.09523971352949667 -0.7799278847085209 -1.438107375384974 -1.7222995357278548 -2.1430949865884896 -2.456661630731517 -2.4244213436337954 -2.1753352736862115 -2.3198195232722982 -2.301191801838059 -2.565084522156448 -2.6890305147765785 -2.9252204698850734 -3.1157963891738287 -3.3130591828235927 -3.513187779770932 -3.608953373298239 -3.4272136808436744 -3.333597439789549 -3.418377454009484 -3.1000344710371643 -3.1812322311351307 -2.9868352407829413 -2.8433062589627136 -3.0474947439149513 -3.7173762647231703 -2.942892923553454 -2.1137205027883432 -0.44486771583367934 0.3823941693997144 1.2767636151846626 0.7348879750014725 -1.487781299209612 -4.375555755399623 -6.123456949979071 -5.863862934607045 -5.964404866963644
-1.7710181917866343 -0.6449963127810188 0.14978646841318888 0.2708666577357439 0.05903603065663843 -0.5181845168633132 -1.0044158096852502 -1.5474855345757634 -2.0384931662269925 -2.6021011480834617 -3.194844796798613 -3.352941612048182 -3.0073734977488975 -2.758287427801314 -2.456661630731517 -2.4351681059997023 -2.4437655158924283 -2.524008008224536 -2.5894438501858374 -2.6381625062446172 -2.8041402805625184 -2.890114379489776 -2.9849247052512244 -2.922354666587498 -2.8277831577675143 -2.708613503976676 -2.4253766113996535 -2.428242414697229 -2.1196909263249584 -1.9331748950411014 -1.5952489228686846 -2.276832473808669 -4.016136258495392 -3.2084573624620956 -0.8109740870989195 0.19372878564267593 0.5199527276833273 1.379454900014443 0.3647217157313336 -2.057120887661232 -3.842277525109159 -5.540504795863969 -5.647017151757183
-1.8393198370455115 -0.8346169643039159 -0.3070703406086017 -0.2242008619203837 -0.6664898375128332 -1.2437103850327853 -1.9701915209681153 -2.5316501503514033 -2.866710319226245 -3.5053068207026 -4.101155089656791 -3.68418070985959 -3.271027401125822 -2.794348785962469 -2.4927229888926723 -2.2641751759110447 -2.241726383413372 -2.186082036052119 -2.1918136426472694 -2.1645885113203045 -2.2309796210474646 -2.2935496597111915 -2.217367055383982 -2.153841748954397 -1.9721020564998322 -1.825707271382029 -1.5845021605027774 -1.5025879495804175 -1.3363713583210521 -1.709403420888766 -1.1792298108373416 -1.621518786429791 -3.3627331066482307 -4.072735873622503 -1.5747106659027286 -0.35698308137470436 -0.18121381245675483 1.1566386936279662 1.9721985487295943 -0.37656607057480196 -2.826589073060191 -4.526965696288183 -5.4292161011414635
-1.624623406668831 -1.0581496215147865 -0.764165966571857 -0.8276912730014421 -1.2699802485938918 -1.975206676738872 -2.743719594371973 -3.5093667087074985 -3.8150523937821936 -4.257341369374643 -4.433110638292593 -3.803350363650428 -3.0570474215735355 -2.5689055932198817 -2.247696806949987 -2.0093574993683108 -1.9009346079433798 -1.7729287273183512 -1.811139437952688 -1.7738839950842096 -1.7564503583572932 -1.6186529831322158 -1.5073642884097096 -1.2544571473986923 -1.057194353748928 -0.797361521435437 -0.44582298359953754 -0.024072264973044266 -0.13225633945651039 -1.1314664225444204 -1.3237140604234279 -1.5238426573707675 -2.430152950228946 -3.280818895725871 -2.555293027556399 -1.5317236164390995 -0.983877552719294 0.5101612330832785 1.4945646658003828 1.061111917042124 -1.3989413969847788 -4.066048999261494 -5.3599591881167274
-1.5990699939321182 -1.3404312463259505 -1.1947529120325409 -1.283831631198839 -1.7729287273183512 -2.5151717813903454 -3.228040351662193 -3.9545214875975234 -4.420453340394969 -4.735930520069713 -4.3227772113359455 -3.2877445870283446 -2.557203563088116 -2.171514202622778 -1.8725153919090918 -1.6625953003617033 -1.5560829444684892 -1.5250367420780906 -1.5064090206438512 -1.4536304765801735 -1.38914990238473 -1.1773192753056247 -0.8482295299673983 -0.5220055879267469 -0.1948263781202373 0.13617390274970598 0.5013250062490879 0.8989552137876564 0.8316088362946377 -0.48403369423387455 -1.2494419916279356 -1.079643146246601 -1.4371521076191156 -2.3716427995701173 -2.6694475255764805 -2.617624249278661 -1.9869087068706377 -0.1508840608907498 0.760202570796721 0.9242698095829049 -0.22993246851553417 -3.0092840332806143 -5.381452712848542
-1.6840888250935178 -1.9496532640021593 -1.6079062207663086 -1.5503513378733387 -1.9410558541094334 -2.4984545954878232 -3.0699435364126244 -3.644059463693536 -4.207667445550006 -4.47132134892693 -3.543517531336937 -2.486752565356057 -1.9331748950411014 -1.6303550132639815 -1.3843735635554377 -1.215291168998497 -1.1918871087349658 -1.2632933742328827 -1.4233007250141685 -1.4185243861848764 -1.2300978193693024 -0.7916299148402866 -0.32283225874526567 0.04351292946143914 0.3179135952042711 0.5345205611126684 0.748500540664955 0.7855171665919687 0.641988184771741 -0.03672956287066853 -1.266159177530458 -1.4467047852777 -1.0521791979781714 -1.1567810183396685 -1.854126487416317 -2.5689055932198817 -3.666508256191209 -2.437078641531419 -0.723089452639945 0.41463445649743624 -0.1948263781202373 -2.7241366051718754 -5.254402099989372
-1.551306605639197 -1.977117212270589 -1.808034817713648 -1.680267754030084 -1.8218862003185954 -1.9663704499046817 -2.1079888961931927 -2.0064916960707357 -2.0697781855588557 -2.47600580299015 -2.249607342481704 -1.6783572184983673 -1.404911820521394 -0.9867433560168695 -0.5953223889563808 -0.4957357243656402 -0.6440410450151606 -0.7476875976107991 -0.9857880882510108 -0.9449503912605635 -0.8238702019380084 -0.6557430751469262 -0.34432578347708054 -0.1069417436612623 0.0669169897249704 0.14501012958389659 0.14978646841318888 0.13999497381313963 -0.5931730364831993 -0.926322669826324 -1.2709355163597502 -1.5904725840393925 -1.5806810894393437 -1.696746122991142 -2.5044250190244384 -3.399988549516709 -4.430244834995018 -3.8160076615480523 -2.317908987740581 -1.0502686624464546 -1.233918890432736 -3.261235906525773 -5.583491845327599
-1.838364569279653 -2.039687250934316 -1.9945508489975052 -1.7211054510205317 -1.525992009843949 -1.4868260314437536 -1.1489000592713365 -0.9117548363969834 -0.8276912730014421 -1.4311816840825005 -1.6255786744346894 -1.4760792690778464 -1.2035891388667315 -0.8432143741966414 -0.4935863718924587 -0.3980595953066164 -0.4828396095265517 -0.4859442297655914 -0.6020092633173899 -0.6626687664493995 -0.8570657568015885 -0.8940823827286026 -0.8881119591919875 -0.681296487883639 -0.5150798966242736 -0.47113757939478607 -0.7992720569671539 -0.8178997784013933 -1.325624595955145 -1.379358407784681 -1.4478988699850228 -1.6382359723323137 -1.7397331724547709 -2.050434013300223 -2.89704007079225 -4.155844169252186 -4.970209939646491 -4.411617113560778 -3.4429755989803383 -2.110854699490768 -1.6704762594300353 -3.4262584130778158 -5.64319608069375
-1.6938803196935666 -1.5923831195711093 -1.530768348673241 -1.3031758034574719 -1.1441237204420447 -1.0091921485145425 -0.6781918676445988 -0.854916404328407 -1.1744534720080493 -2.1177803907932415 -2.5199481202196377 -2.1645885113203045 -1.6568636937665528 -1.4194796539507348 -1.3277739484283262 -1.2143359012326385 -0.8432143741966414 -0.7211789171082281 -0.5561564105561856 -0.5943671211905226 -0.8697230546992127 -1.225082663598546 -1.2408445817352098 -1.1090176300467474 -0.9566524213923291 -1.2300978193693024 -1.561098100239246 -1.5209768540731923 -1.5981147261662598 -1.575665933668587 -1.6157871798346406 -1.798482140055064 -2.3002365340722 -2.7964981384356506 -4.145097406886279 -5.5689240118982575 -6.2388055327064755 -5.323659013014107 -4.238713647940404 -2.840440455665138 -2.387165900765317 -3.6557614938253016 -5.7446932808162074
-1.7710181917866343 -1.3208482571258526 -0.7319256794741351 -0.48976530082902503 -0.5883966976539075 -0.47328693186796755 -0.9165311752262753 -1.2427551172669267 -2.127571885393291 -3.1449320560325105 -3.479036957141494 -3.018120260114805 -2.4810209587609067 -2.202560405013177 -2.1020184726565776 -1.6489827346982209 -1.280727010959799 -0.9380246999580897 -0.6215922525174875 -0.6421305094834437 -1.0591048892806452 -1.366701109887057 -1.495662258277944 -1.372671533423672 -1.462466703414364 -1.7201501832546733 -2.001476540299979 -2.0093574993683108 -2.032761559631842 -1.9701915209681153 -2.063091311197847 -2.5767865522882136 -3.094302864442014 -4.05028708112483 -5.241744802091747 -6.271045819804198 -6.783785793128706 -5.79150140134327 -4.719213334167191 -3.3462547376871727 -2.6918963180741535 -3.9507004165340898 -5.678302171089047
-1.891143113343331 -1.3549990797552913 -0.4312551501701969 0.31194317166765595 0.21737166284767184 -0.29632357824269473 -0.7505534009083745 -1.7640925004841608 -2.766168386869646 -3.62352120672758 -3.746511931581852 -3.3433889343895977 -2.9194888632899225 -2.63052036411775 -2.088405906993095 -1.6353701690347382 -1.3101014947599454 -0.9301437408897577 -0.7132979580398962 -0.723089452639945 -1.175408739773908 -1.4330922196142173 -1.5630086357709627 -1.7425989757523461 -1.8364540337479363 -2.018193726202501 -2.315043184443006 -2.3852553652335997 -2.4086594254971314 -2.5581588308539747 -3.3130591828235927 -3.8343965660408266 -4.482068111292837 -5.421335142073131 -5.487726251800291 -6.1537867015450765 -6.495533744780927 -5.754484775416255 -4.629418164176499 -3.6753444830253996 -3.026956486948995 -3.7085400378889797 -5.417514071009697
-1.9935955812316468 -1.588323231566211 -0.3120854963793587 0.49559339965393745 0.817757453689691 0.30310694483346534 -0.7856594913036714 -1.9360406983386769 -2.8101107040991335 -3.401899085048426 -3.317835521652885 -2.965341716051127 -2.5932649212492715 -2.3267452145747716 -1.7846307574501168 -1.3003100001598966 -1.008236880748684 -0.7701363901084721 -0.7660765021035738 -0.7338362150058519 -1.1011366709784154 -1.3686116454187738 -1.7289864100888637 -1.9097708347775701 -2.0365826306952757 -2.196828798418026 -2.640073041776334 -2.744674862137831 -2.874591278294577 -3.8140971260163354 -4.730915364298957 -5.300254952750576 -5.94864294882698 -5.745648548582066 -5.604030102293555 -5.625523627025369 -5.962494331431928 -5.7690526088455965 -4.40493023919977 -3.6294916302641953 -3.5912809196298583 -4.274058555277166 -4.970209939646491
-2.246502722242664 -1.8013479433526391 -0.5805157385855755 0.18513137574995042 0.6118972501472006 0.38525997269728984 -0.714492042747219 -1.858902826245609 -2.6099821071517937 -2.8287384255333725 -2.4545122782583357 -2.1383186477591978 -2.0435083219977495 -1.8725153919090918 -1.629399745498123 -1.1030472065101322 -0.6822517556494971 -0.5463649159561368 -0.6449963127810188 -0.6490562007859171 -0.9244121342946072 -1.442883714214266 -1.8316776949186442 -2.050434013300223 -2.087450639227237 -2.461437969560809 -2.9643864482852686 -3.3696587979507044 -4.061989111256596 -5.362824991414303 -6.0990976219496815 -6.434157790824523 -6.168593351915883 -5.782665174509079 -5.3931547429803075 -5.158636506462065 -5.716274064781919 -6.567895278044703 -4.930088693480437 -3.610863908829956 -3.6469252669911114 -4.210533248847581 -4.771991878230868
-2.3558808814334533 -2.026791136095227 -1.2162464367643553 -0.37465553504308513 0.216177578140349 0.05617022735906341 -0.8267360052355839 -1.860813361777326 -2.5259185437562524 -2.6646711867471886 -2.180111612515504 -1.8901878455774725 -1.9742514089730137 -2.0005212725341206 -1.9066662145385302 -1.6783572184983673 -1.1880660376715322 -0.34432578347708054 -0.3139960319110755 -0.6528772718493507 -0.8744993935285046 -1.354043811989433 -1.954668419772916 -2.3169537199747228 -2.5932649212492715 -3.0152544568172295 -3.583638777502991 -4.5689974779859535 -5.65871918188895 -6.37851344346327 -6.836564337192383 -6.927314774948934 -6.66055625133297 -6.265075396267583 -5.690959468986671 -4.9565973739830085 -5.808218587245792 -6.937106269548983 -5.066930800939656 -3.245712805330574 -2.600190612551745 -3.174306539832657 -4.431200102760876
-2.4165403845654634 -2.7924382504307523 -1.9575342230704913 -0.8207655816989687 -0.2308877362813928 -0.4047464696676255 -1.2124253657009216 -2.362806572735927 -3.3472100054530314 -4.024017217563724 -3.7357651692159446 -3.1196174602372624 -2.4927229888926723 -2.213307167379084 -2.3716427995701173 -2.5961307245468466 -2.0492399285928995 -0.5239161234584637 -0.11577797049545291 -0.49072056859488367 -1.011341500987724 -1.6430123111616057 -2.1361692952860163 -2.623594672815276 -3.14803667627155 -3.5561748292345614 -4.039540318758923 -5.448799090341561 -6.090261395115491 -6.277971511106672 -6.267224748740764 -6.589388802776517 -7.189058142794142 -7.16565408253061 -5.96058379590021 -4.661658451274221 -4.263311792911258 -4.271909202803984 -3.230906154959768 -2.301191801838059 -1.9097708347775701 -2.8521424857969038 -4.414482916858354
-2.5619799019174083 -3.0405690526124776 -2.5727266642833153 -1.4596009001167887 -0.8618420956308808 -1.05313446574403 -1.854126487416317 -2.9789542817146093 -3.915594326138793 -4.703690232971991 -4.513114313683236 -4.183069300579151 -3.5053068207026 -2.3305662856382052 -1.4488541377508812 -1.66761045613246 -2.0590314231929487 -1.0777326107148841 -0.6039197988491067 -0.40785108990666563 -1.120719660178513 -2.040642518700174 -2.428242414697229 -2.801274477264943 -3.439870978741298 -3.9614471788999968 -4.369585331863008 -5.257267903286947 -5.219296009594075 -5.298344417218859 -5.116843541705759 -5.153860167632773 -5.713408261484344 -6.173369690745174 -5.743738013050349 -4.399915083429013 -3.140155717203218 -4.005389496129484 -3.633312701327629 -2.0747933413296127 -1.2690249808280334 -2.309072760906391 -4.14103751888138
-2.7623473158062124 -3.0854666376078237 -2.9135184397533074 -2.0289404885684084 -1.608861488532167 -1.817826312313697 -2.565084522156448 -3.601072414229907 -4.358838569497101 -4.990748196612447 -4.7476325502014785 -4.442902132892642 -3.894100801406978 -2.3862106329994583 -1.0660305805831185 -0.8510953332649733 -1.639191240098172 -1.5892784993320694 -1.3423417818576673 -1.2124253657009216 -1.079643146246601 -1.770062924020776 -2.2309796210474646 -2.66371591898133 -3.22995088719391 -3.7262124915573605 -3.8716520089093054 -4.220324743447629 -3.9908216627001436 -3.942819457465758 -3.83559065074815 -3.899832408002129 -4.494725409190462 -5.347301890219104 -5.218340741828216 -4.002523692831909 -2.957460756982795 -4.41066184579492 -4.057212772427304 -2.1039290081882944 -1.0951662474418002 -2.217367055383982 -4.186173920818191
