static/data/ASCData/20210105/ASCU/09.asc
ncols 97
nrows 97
xllcorner 99.0
yllcorner 2.0
cellsize 0.25
NODATA_value -32767
[rows 57 to 75 of 97, columns 43 to 85 of 97]
-3.724870949384667 -4.815594504215821 -5.685778079427928 -5.834167893529221 -5.966199775367379 -6.009139347558107 -6.0471131188832405 -5.850817931725626 -5.569519917986365 -5.227755976060159 -5.276537666916293 -5.717909732087657 -6.167168657457318 -6.409324476138364 -6.657614519418086 -6.620517065892763 -6.60678808702906 -6.655569777885194 -6.691790913610706 -6.821485947982702 -6.928104613626347 -6.745246299399164 -6.626359184558168 -6.470082510258578 -6.223837208511749 -6.3167268952916915 -6.550995853774441 -6.678061934747004 -6.769783197793866 -6.568522209770657 -6.211276653381128 -6.005049864492324 -5.75529929154625 -5.543230383992041 -5.333206217970724 -4.856781440806928 -4.297982790460919 -3.6018943514778874 -3.1876881381006577 -3.2101802949624676 -3.1672407227717394 -4.270816938666785 -5.503211871134015
-4.4671121258244 -5.143921573211594 -5.879152207252841 -6.030463080686836 -6.117510648801374 -6.118386966601184 -5.915373342978353 -5.714988672754954 -5.435735400548585 -5.142753149478513 -5.149763691876999 -5.461148616743098 -5.879152207252841 -6.243408306040856 -6.465116709392984 -6.5530405953073325 -6.543108993576143 -6.669298756748896 -6.774748998659461 -6.926936189893266 -6.929857249225969 -6.777670057992163 -6.5772853877687645 -6.441748234731363 -6.53931161644363 -6.638919739688789 -6.760143701995948 -6.835214926846405 -6.664332955883302 -6.367553327680717 -6.082165830875672 -5.87827588945303 -5.700383376091441 -5.59785419351358 -5.3927958283578565 -5.3381720188363175 -4.926886864791791 -4.633028295921908 -4.510928015814939 -4.627186177256503 -5.322398298439724 -6.2805057595661795 -6.949428346755076
-5.006047572708032 -5.569519917986365 -5.962110292301595 -6.050910496015754 -6.12539750899967 -6.1350370047975895 -5.935820758307272 -5.735728194017143 -5.455306498077692 -5.176053225871323 -5.133989971480406 -5.279458726248995 -5.600775252846282 -5.9562681736361895 -6.076323712210267 -6.163371280324805 -6.277584700233477 -6.4075718405387425 -6.738527862933948 -6.932778308558672 -6.924015130560564 -6.79724115552127 -6.590138048832656 -6.535514239311117 -6.631032879490492 -6.761896337595569 -6.882243982102916 -6.723922566270435 -6.540187934243441 -6.361711209015311 -6.2562609671047476 -6.102905352137861 -6.156652843859589 -6.052078919748835 -6.039226258684944 -5.993365627161513 -5.8928811861165435 -5.705349176957036 -5.3685510358964255 -4.830491906812605 -5.94546025410519 -6.99821003761121 -7.657493129002189
-5.579451519717553 -5.807002041735086 -5.882949584385354 -5.896678563249057 -6.040394682418025 -6.095894809739375 -6.100860610604969 -5.90076804631484 -5.630277952106579 -5.34021676036921 -5.142753149478513 -5.219869115861862 -5.433982764948963 -5.64371482503701 -5.739525571149656 -5.742446630482359 -5.856660050391031 -6.05792103841424 -6.4134139592041475 -6.765985820661353 -6.86354920237362 -6.761020019795758 -6.593935425965169 -6.56180377330544 -6.638043421888979 -6.768906879994056 -6.773580574926379 -6.565601150437954 -6.621393383692573 -6.5863406717001425 -6.6438855405543835 -6.633077621023384 -6.706396210274219 -6.5197405189145226 -6.507179963783901 -6.625190760825087 -6.502214162918307 -6.362587526815123 -5.591135757048364 -4.436733108764293 -6.009139347558107 -7.024791677538803 -6.993536342678886
-5.980805072030892 -6.00125248735981 -5.836212635062113 -5.818686279065897 -6.038349940885133 -6.217118772046533 -6.2258819500446405 -6.095018491939563 -5.841178435927707 -5.614504231709985 -5.372348413028939 -5.315679861974508 -5.36270891723102 -5.504088188933826 -5.50817767199961 -5.495325010935718 -5.479843396472394 -5.6624096047663075 -5.907486482780056 -6.328411132622502 -6.646806599887086 -6.680982994079707 -6.520908942647604 -6.56180377330544 -6.6397960574886 -6.773580574926379 -6.764817396928271 -6.745246299399164 -6.928980931426159 -6.9865258002804 -7.258184318221742 -7.235692161359932 -7.006096897809507 -6.820609630182892 -6.741448922266651 -6.848067587910296 -6.706396210274219 -6.755177901130353 -5.6536464267682 -4.246280040272083 -5.881196948785733 -6.454308789861984 -6.282550501099071
-6.305918975760692 -6.1075790470701845 -5.993365627161513 -5.977884012698189 -6.1350370047975895 -6.302121598628179 -6.273787323100963 -6.157529161659399 -6.182942377853912 -6.085378996141645 -5.787430944205979 -5.532422464461042 -5.466990735408503 -5.406524807221559 -5.408569548754451 -5.378190531694344 -5.3177246035074 -5.20526381919835 -5.310714061108913 -5.672049100564226 -6.119555390334265 -6.317603213091503 -6.441748234731363 -6.535514239311117 -6.7043514687413275 -6.861504460840728 -7.00901795714221 -7.096941843056558 -7.296158089546876 -7.517866492899004 -7.892930511218019 -7.644932573871567 -7.299955466679389 -6.94270991028986 -6.831417549713891 -6.513898400249118 -6.275539958700585 -5.857828474124112 -4.831368224612415 -3.9249635136747956 -5.375269472361641 -5.827449457064005 -5.203511183598728
-6.3742717641459326 -6.157529161659399 -6.147597559928211 -6.1925818736518305 -6.175931835455426 -6.118386966601184 -6.094142174139753 -6.1925818736518305 -6.465116709392984 -6.700554091608814 -6.379237565011527 -5.75529929154625 -5.507009248266528 -5.352777315499831 -5.322398298439724 -5.234766518458645 -5.017731810038842 -4.775575991357796 -4.673046808779934 -4.8351656017449285 -5.391043192758235 -5.961233974501784 -6.276708382433666 -6.535514239311117 -6.758098960463055 -6.977762622282292 -7.185742046770717 -7.3557476999340095 -7.522832293764599 -7.821656663500075 -7.851743574626912 -7.711240620723917 -7.21115526296523 -6.588093307299764 -5.9591892329688925 -5.175176908071513 -4.210351010479841 -3.5168915248962414 -3.6223417668068056 -4.749286457363472 -5.6428385072372 -5.019776551571733 -4.111619205034493
-6.508056281583713 -6.293358420630071 -6.298032115562395 -6.284595242631963 -6.126273826799482 -6.040394682418025 -6.1075790470701845 -6.343016429286015 -6.6497276592197885 -6.749335782464947 -6.230847750910235 -5.659488545433605 -5.445667002279774 -5.196500641200242 -5.0443134499664355 -4.893878894332251 -4.707223202972554 -4.568764990602451 -4.516770134480344 -4.461270007158995 -4.733804842900148 -5.482764455805097 -6.1046579877374825 -6.526751061313009 -6.770659515593676 -6.948552028955266 -7.1527340763111775 -7.39080041192644 -7.500340136902788 -7.701309018992728 -7.620395675476866 -7.517866492899004 -6.743493663799542 -6.054123661281727 -5.20526381919835 -4.16536669675622 -3.7570026020443956 -4.688820529176528 -5.22892439979324 -5.275661349116482 -5.188613781001944 -4.223787883410273 -3.396835986322164
-6.517987883314901 -6.490529925587497 -6.458398272927768 -6.3167268952916915 -6.077492135943348 -6.068728957945241 -6.228803009377343 -6.447590353396769 -6.559759031772549 -6.459274590727579 -5.895802245449246 -5.509930307599231 -5.289390327980184 -5.108576755285893 -5.0501555686318405 -5.057750322896868 -4.860578817939441 -4.557957071071451 -4.434980473164671 -4.363414519513458 -4.3899961594410515 -5.005171254908221 -5.993365627161513 -6.499293103585605 -6.79607273178819 -6.945630969622563 -7.045239092867722 -7.212323686698311 -7.181944669638204 -7.3528266406013065 -7.163249889908907 -6.810678028451703 -6.084210572408564 -5.51986190933042 -4.715986380970662 -3.789426360637395 -3.633149686337805 -5.25112445072178 -5.578283095984473 -5.010137055773815 -4.72474955896877 -4.051153276847549 -3.444741359378487
-6.6076644048288715 -6.632201303223574 -6.470958828058389 -6.238442505175262 -6.068728957945241 -6.162494962524994 -6.308840035093395 -6.399684980340446 -6.458398272927768 -6.190829238052209 -5.733683452484251 -5.425219586950855 -5.028539729569841 -4.8655446188050355 -5.0080923142409235 -5.076445102626164 -4.997284394709924 -4.707223202972554 -4.420083070567888 -4.250369523337866 -4.054950653980062 -4.524656994678641 -5.60953843084439 -6.4718351458582 -6.767738456260974 -6.778546375791974 -6.8226543717157835 -6.873188698171538 -6.869391321039025 -6.817688570850189 -6.385956001476743 -6.021699902688728 -4.973915920048302 -4.089127048172682 -3.544349482623646 -3.1047300530519033 -4.137032421229005 -5.241484954923862 -5.256966569387186 -5.027663411770031 -4.742568020898256 -4.309959133725 -3.755249966444774
-6.4259745143347695 -6.67309613388141 -6.485564124721902 -6.1771002591885065 -6.0862553139414555 -6.163371280324805 -6.2805057595661795 -6.3713507048132305 -6.346813806418528 -6.099984292805158 -5.703304435424144 -5.322398298439724 -4.824357682213929 -4.590965041530991 -4.765060177760066 -4.976836979381005 -4.900597330797467 -4.667204690114529 -4.393793536573565 -4.161277213690437 -4.012011081789334 -4.311711769324622 -5.088129339956975 -6.021699902688728 -6.647682917686897 -6.669298756748896 -6.566769574171035 -6.56180377330544 -6.273787323100963 -5.982557707630513 -5.349856256167128 -4.384154040775646 -3.431012380514785 -3.3918701854565696 -2.9554639211508 -4.245403722472272 -5.185692721669242 -5.166413730073405 -5.174008484338431 -5.053076627964543 -4.8655446188050355 -4.555912329538559 -4.3292381253208365
-6.2805057595661795 -6.501337845118496 -6.408448158338554 -6.159573903192292 -6.105826411470563 -6.157529161659399 -6.273787323100963 -6.358790149682609 -6.334253251287907 -6.181773954120831 -5.78830726200579 -5.291435069513076 -4.658441512116421 -4.337124985519134 -4.55678864733837 -4.7746996735579845 -4.8351656017449285 -4.603817702594882 -4.478796363155211 -4.353775023715539 -4.327485489721215 -4.336248667719323 -4.828447165279712 -5.4202537860852615 -6.0471131188832405 -6.233768810242937 -6.132992263264698 -5.672049100564226 -5.186861145402323 -4.387075100108349 -3.4164070838512717 -2.6183736741569192 -2.956340238950611 -2.958384980483503 -4.297106472661108 -5.566598858653662 -5.500290811801313 -5.288221904247103 -5.490651316003394 -5.308961425509292 -5.176053225871323 -5.003126513375329 -4.772654932025093
-6.367553327680717 -6.240487246708153 -6.235521445842559 -6.144676500595508 -6.182942377853912 -6.219163513579424 -6.325490073289799 -6.410492899871445 -6.385956001476743 -6.255092543371666 -5.847020554593112 -5.314803544174697 -4.628062495056314 -4.144919281427303 -4.387951417908159 -4.6476335925854215 -4.708391626705636 -4.677136291845717 -4.56759656686937 -4.684731046110744 -4.6534757112508265 -4.517938558213426 -4.515893816680533 -5.016855492239031 -5.19474800560062 -5.381987908826857 -5.099813577287785 -4.568764990602451 -3.878226564351554 -2.881269014100154 -2.0519802695458838 -2.8000635646510217 -3.5715153344177804 -4.498367460684318 -5.8382573765950045 -5.957436597369271 -5.660364863233416 -5.639041130104687 -5.86746796992203 -5.707393918489927 -5.658612227633794 -5.440701201414179 -5.170211107205918
-6.437658751665579 -6.111668530135969 -6.05792103841424 -6.142923864995886 -6.183818695653723 -6.199592416050317 -6.319647954624394 -6.395887603207933 -6.362587526815123 -6.175931835455426 -5.7590966686787635 -5.2747850313166715 -4.703425825840041 -4.226708942742976 -4.2658511378011905 -4.510928015814939 -4.696707389374825 -4.715110063170852 -4.694662647841933 -4.8410077204103334 -4.715110063170852 -4.6134571983928 -4.510928015814939 -4.475875303822508 -4.585122922865585 -4.526701736211534 -4.208306268946949 -4.107821827901979 -3.540259999557862 -3.1105721717173087 -3.2268303331588726 -4.775575991357796 -5.537388265326636 -6.121308025933887 -6.065807898612538 -5.893757503916354 -5.877107465719949 -5.927933898108974 -5.919170720110866 -5.940786559172866 -5.860749533456814 -5.6986307404918195 -5.478674972739313
-6.475924628923984 -6.164247598124615 -5.920339143843948 -6.073402652877564 -6.120431708134077 -6.099984292805158 -6.109623788603077 -6.16921339899021 -6.099984292805158 -5.890836444583651 -5.554914621322851 -5.1564821283422155 -4.737602220032661 -4.372469803444836 -4.283377493797406 -4.351730282182647 -4.56759656686937 -4.718907440303365 -4.755128576028877 -4.808876067750605 -4.736725902232851 -4.708391626705636 -4.505085897149534 -4.364582943246538 -4.337124985519134 -4.275782739532379 -4.420083070567888 -4.680933668978231 -4.863499877272144 -5.1623242470076205 -5.5744857188519585 -5.889960126783841 -5.913328601445461 -5.802912558669303 -5.808754677334708 -5.881196948785733 -5.808754677334708 -5.545275125524933 -5.534467205993933 -5.679935960762523 -5.621222668175201 -5.529501405128339 -5.455306498077692
-6.408448158338554 -6.249250424706261 -6.153731784526886 -6.211276653381128 -6.097939551272266 -6.0108919831577285 -5.94546025410519 -5.873310088587436 -5.743322948282169 -5.502335553334205 -5.235642836258457 -4.968073801382897 -4.833412966145307 -4.494277977618534 -4.217945764744868 -4.222911565610462 -4.280456434464703 -4.330406549053918 -4.491356918285832 -4.675967868112637 -4.904686813863251 -4.872263055270252 -4.75804963536158 -4.763891754026985 -4.83721034327782 -4.960186941184601 -5.260179734653159 -5.707393918489927 -5.905441741247165 -6.049157860416132 -5.976715588965108 -5.572440977319067 -5.347811514634237 -5.372348413028939 -5.414411667419856 -5.388998451225343 -5.373224730828749 -5.303995624643697 -4.99348701757741 -4.7805417922233895 -4.857657758606739 -4.964276424250384 -4.978881720913897
-6.190829238052209 -6.246329365373558 -6.248374106906451 -6.151687042993994 -6.021699902688728 -6.00125248735981 -5.897846986982137 -5.708270236289739 -5.502335553334205 -5.252292874454861 -5.027663411770031 -4.787260228688606 -4.8655446188050355 -4.583370287265963 -4.025740060653036 -3.766934203775585 -3.5831995717485907 -3.5472705419563484 -3.9544662129350923 -4.606738761927585 -5.170211107205918 -5.209353302264133 -5.308961425509292 -5.41908536235218 -5.650725367435497 -5.840010012194626 -5.940786559172866 -6.006218288225404 -6.0108919831577285 -5.916249660778164 -5.841178435927707 -5.647804308102795 -5.578283095984473 -5.5227829686631225 -5.4564749218107735 -5.4564749218107735 -5.474001277806989 -5.22892439979324 -4.820560305081416 -4.593886100863693 -4.409567256970159 -4.3324512905868096 -4.3929172187737535
-6.164247598124615 -6.0862553139414555 -5.927057580309164 -5.913328601445461 -5.930854957441677 -5.986647190696297 -5.937865499840163 -5.744491372015251 -5.549948820457257 -5.352777315499831 -4.965152742050195 -4.57840448640037 -4.597099266129666 -4.493401659818724 -3.900718721213364 -3.24640143068798 -2.8713374123689652 -2.8167136028474262 -3.3772648887930568 -4.570517626202072 -5.358619434165236 -5.611583172377282 -5.804957300202195 -5.903689105647543 -6.161326538791913 -6.3108847766262866 -6.3167268952916915 -6.446421929663687 -6.274663640900774 -5.794149380671195 -5.505256612666907 -5.688699138760631 -5.684901761628118 -5.6927886218264145 -5.67613858363001 -5.681980702295415 -5.594056816381066 -5.358619434165236 -5.1293162765480815 -4.83721034327782 -4.385906676375267 -4.0900033659724935 -3.8831923652171483
-6.050910496015754 -5.94458393630538 -5.7999914993366 -5.633199011439281 -5.53066982886142 -5.634075329239092 -5.593180498581256 -5.524827710196014 -5.410322184354072 -5.414411667419856 -4.950547445386682 -4.436733108764293 -4.291264353995703 -4.186690429884949 -3.75028416557918 -3.0725984003921747 -2.5988025766278118 -2.6075657546259197 -3.5101730884310256 -4.715986380970662 -5.4623170404761785 -5.828325774863815 -5.997455110227296 -6.208355594048425 -6.441748234731363 -6.6710513923485175 -6.76306476132865 -6.4984167857857935 -5.808754677334708 -5.5441067017918515 -5.031460788902544 -5.171087425005728 -5.506132930466718 -5.53154614666123 -5.511975049132123 -5.492403951603015 -5.436903824281666 -5.2473270735892665 -4.991442276044518 -4.603817702594882 -4.203340468081355 -3.664405021197723 -3.3089121004078157
