static/data/ASCData/20210105/ASCU/15.asc
ncols 97
nrows 97
xllcorner 99.0
yllcorner 2.0
cellsize 0.25
NODATA_value -32767
[rows 19 to 37 of 97, columns 43 to 85 of 97]
0.305081550374966 0.22112680023953812 0.22988729590584356 -0.011513029121241747 -0.6950750381949145 -1.4781660119218918 -2.398018056883972 -3.2331853104050987 -3.5641373689099742 -3.5015971637366263 -3.3161666721331593 -3.2008201458601366 -3.1901128733790967 -3.253626466959812 -3.39914803386122 -3.735940422810299 -4.50078036389914 -5.338624435540527 -6.14921363177563 -6.756607997972813 -7.3815233555026065 -8.03977726598473 -8.471475024652118 -8.679293449625034 -8.631597417664036 -8.60117902993381 -8.516250891391014 -8.360995440415934 -8.063138587761545 -7.7017681415264425 -7.301462158996648 -6.979270596158078 -6.613033207886138 -6.262370034132076 -5.9333647524419355 -5.476358895182997 -4.914713784132076 -4.201950122837385 -3.6042896407138745 -3.360942538872054 -4.014329507317342 -5.526975092366095 -7.95679590425667
-0.3580393021439936 -0.6364283866510361 -0.5884890075881972 -0.892186190686789 -1.4908200612176665 -2.35226880173771 -3.215420971970646 -3.9362150876261173 -4.234071940280505 -4.412688713032401 -4.381540283996648 -4.406848382588198 -4.392247556477688 -4.375699953552444 -4.469388587761545 -4.704705235242585 -5.247855966553528 -5.8630374400096485 -6.379663337219833 -6.945932043205749 -7.448930502712791 -7.985997556477688 -8.309162507723626 -8.33763411863912 -8.321086515713874 -8.198926270589281 -8.058271645724709 -7.812247725762629 -7.5270449224040155 -7.243788895860137 -6.939118324354178 -6.620820315145076 -6.338537677008565 -6.035813882317342 -5.769105458698707 -5.4099251363801795 -4.802530770182997 -4.258406650464687 -3.8004274047983815 -3.9634699630324013 -4.74680428386122 -6.497686681613116 -8.03296354713316
-1.2146211006272007 -0.9449925117864639 -1.1021947395762797 -1.4489643597008734 -2.036890957750711 -3.124652502983647 -4.133569587219833 -4.7399905650096485 -5.015216137192748 -5.234958570155911 -5.307232659402931 -5.220357744045402 -5.115961837355261 -5.083596672810299 -5.183368984565446 -5.426472739305424 -5.823858556613116 -6.224407886244752 -6.611086431071405 -7.067118899922975 -7.478132154933809 -7.875761319343344 -8.105237636380181 -8.106211024787548 -8.035883712355261 -7.890362145453853 -7.627547275464687 -7.367895917799465 -7.107027824625034 -6.867817623514524 -6.6989347348363015 -6.421519038736626 -6.171601565145076 -5.929471198812466 -5.6549756679348935 -5.289711668070321 -4.74680428386122 -4.275197600491772 -4.222391279392098 -4.49274990953836 -5.414792078417016 -6.898236011244752 -7.992811275329259
-2.089453931748544 -1.7076423289587281 -1.7331937746521193 -2.1510207485145245 -2.819008543070321 -3.8834087665264425 -4.7565381679348935 -5.4303662929348935 -5.604116123649952 -5.7603449630324 -5.780056078281588 -5.6890442621927475 -5.571020917799465 -5.590488685946811 -5.722382815145076 -5.86985115886122 -6.1959362753292595 -6.442933583698707 -6.766341882046485 -7.091453610107157 -7.440170007046485 -7.724399421997731 -7.846316320020484 -7.839502601168912 -7.718559091553527 -7.536778806477688 -7.281994390849302 -7.023073074489606 -6.808197583563278 -6.633474364440852 -6.504500400464687 -6.2497159848363015 -6.0338671055026065 -5.8883455386011985 -5.6138500077236255 -5.225224686082239 -4.784766431748544 -4.591548832886139 -4.584735114034568 -4.997695145860137 -6.03289371709524 -7.1695680297983815 -7.438223230231751
-3.3103263416889557 -2.8951761859468106 -2.7790996183682624 -3.0484848601071572 -3.618890466824384 -4.5857085024419355 -5.460541333563278 -5.707781989034568 -5.881531819749627 -5.972300288736626 -5.952832520589281 -5.930444587219833 -5.882505208156995 -5.934338140849302 -6.067935699760461 -6.215404043476605 -6.397184328552444 -6.6451550253292595 -6.846403078552444 -7.100214105773463 -7.360108810540527 -7.541645748514524 -7.628520663872054 -7.598345623243668 -7.4771587665264425 -7.233081623379096 -6.978297207750711 -6.7741289893054235 -6.592348704229584 -6.502553623649952 -6.354111891526442 -6.146293466553528 -6.03289371709524 -5.887372150193832 -5.572967694614199 -5.183368984565446 -5.00353547630434 -4.921527502983647 -4.954866055935977 -5.46735505241485 -6.453884203281588 -7.02501985130434 -7.29367505173771
-3.6149969131949145 -3.095450850762629 -2.9985987042295843 -2.9888648201559116 -3.2623869626261173 -4.259380038872054 -5.603142735242585 -5.851356779121241 -5.930444587219833 -6.04360098957628 -6.042627601168912 -6.065015534538359 -6.065015534538359 -6.155053962219833 -6.270157141391014 -6.4293061459955645 -6.611086431071405 -6.77899593134226 -6.9615062577236255 -7.064198734700874 -7.2233477393054235 -7.364975752577363 -7.38054996709524 -7.345507984430017 -7.171514806613116 -6.927437663465771 -6.740790436353095 -6.546599449083322 -6.447070484430018 -6.383556890849302 -6.241928877577363 -6.175495118774546 -6.070125823677039 -5.813151284132076 -5.497773440145077 -5.36977286457628 -5.2271714628969725 -5.270243899922975 -5.368799476168912 -5.938231694478771 -6.694067792799465 -7.1481534848363015 -7.073932618774546
-2.4498509895762797 -1.8667913335632786 -1.6353682397117077 -1.3747434936391183 -1.8015743102696709 -3.9634699630324013 -5.434259846564363 -5.867904382046485 -5.9175471908222175 -6.044574377983647 -6.085700038194915 -6.1382630121927475 -6.12658235130434 -6.235115158725792 -6.323936850898057 -6.494766516391014 -6.697961346428935 -6.863924069885055 -6.960532869316258 -7.016259355638034 -7.042784189738793 -7.11992522102265 -7.112868155069237 -7.028913404933809 -6.8658708466997895 -6.680440355096323 -6.499633458427851 -6.397184328552444 -6.321016685675954 -6.259449868909974 -6.201776605773462 -6.1579741274419355 -5.9800873959955645 -5.712648931071405 -5.500693605367179 -5.4138186900096485 -5.55836686850369 -5.644268395453853 -5.8219117797983815 -6.450964038059487 -7.110921378254503 -7.254496168341177 -7.153020426873137
-2.1237658731082405 -1.25063647169979 -0.9566731726748714 -0.643242105502607 -1.7086157173660954 -4.048641448677039 -5.421605797268587 -5.849410002306508 -5.974247065551361 -6.124635574489606 -6.134369458563278 -6.147266854960895 -6.10516780634226 -6.190095944885055 -6.28573135590889 -6.435146476439768 -6.64126147169979 -6.791649980638034 -6.864897458292423 -6.843482913330343 -6.862950681477688 -6.877551507588198 -6.82304175677563 -6.733003329094156 -6.599405770182997 -6.436119864847136 -6.327830404527526 -6.244849042799465 -6.2046967709955645 -6.188149168070321 -6.212483878254503 -6.123662186082239 -5.921684091553528 -5.678336989711708 -5.50750732421875 -5.589515297539443 -5.8004972348363015 -5.987874503254503 -6.3288037929348935 -7.060305181071405 -7.443090172268588 -7.440170007046485 -7.1861156327236255
-1.3336178334278508 -0.6931282613801799 -0.24780306500964944 -0.7525049542295843 -2.6744603645762797 -4.668689864169996 -5.604116123649952 -5.831645663872054 -5.9888478916618695 -6.157000739034568 -6.20274999418083 -6.150187020182997 -6.1168484672306676 -6.158947515849302 -6.2584764805026065 -6.375769783590364 -6.484059243909974 -6.556333333156995 -6.569960770860137 -6.549519614305424 -6.592348704229584 -6.533945399787547 -6.49281973957628 -6.399131105367179 -6.302522305935977 -6.256529703687873 -6.235115158725792 -6.193016110107157 -6.178415283996648 -6.182308837626117 -6.18133544921875 -6.064042146130992 -5.8092577305026065 -5.561287033725792 -5.531842034402931 -5.798550458021567 -6.178415283996648 -6.370902841553528 -6.652942132588198 -7.334557364847136 -7.658939051602282 -7.581798020318425 -7.278100837219833
-1.0201867662555864 -0.3981915739478943 0.39682340776933245 -1.3533289486770381 -3.6383582349717294 -4.984067708156995 -5.635507899787547 -5.867904382046485 -6.030946940280505 -6.144346689738793 -6.24290226598473 -6.178415283996648 -6.134369458563278 -6.148240243368262 -6.216377431883972 -6.294735198677039 -6.343404619045402 -6.387450444478771 -6.406918212626117 -6.403024658996648 -6.396210940145076 -6.34437800745277 -6.306415859565446 -6.239008712355261 -6.188149168070321 -6.1832822260334845 -6.176468507181914 -6.172574953552445 -6.1793886724040155 -6.227328051466854 -6.180362060811383 -5.9421252481082405 -5.698048104960895 -5.581728190280505 -5.7467175253292595 -6.10516780634226 -6.533945399787547 -6.795543534267504 -6.978297207750711 -7.4226490157138745 -7.712475414007482 -7.570117359430017 -7.333583976439768
-0.6120936764668539 -0.5113479763043403 -0.19694352072470878 -1.956829761244752 -4.130649421997731 -5.370746252983647 -5.797577069614199 -5.99687834602265 -6.088620203417016 -6.200803217366095 -6.301548917528609 -6.316149743639118 -6.226354663059487 -6.174521730367179 -6.2331683819110575 -6.275024083427851 -6.31906990886122 -6.354111891526442 -6.3628723871927475 -6.331723958156995 -6.303495694343344 -6.283784579094156 -6.229274828281588 -6.186202391255586 -6.193989498514524 -6.200803217366095 -6.230248216688956 -6.262370034132076 -6.256529703687873 -6.216377431883972 -6.042627601168912 -5.725302980367179 -5.542549306883972 -5.612876619316258 -5.874718100898057 -6.372849618368262 -6.783862873379096 -7.165674476168912 -7.546512690551361 -7.8054340069110575 -7.750680908996648 -7.816141279392098 -8.046590984836302
-1.7241899318839722 -2.311143141526442 -2.4880564845654454 -3.2996190692079157 -4.930287998649952 -5.73211669921875 -6.135342846970646 -6.2458224312068324 -6.331723958156995 -6.400104493774546 -6.403024658996648 -6.458751145318425 -6.342431230638034 -6.279891025464687 -6.309336024787547 -6.35119172630434 -6.377716560405099 -6.40594482421875 -6.414705319885055 -6.387450444478771 -6.314202966824384 -6.283784579094156 -6.2584764805026065 -6.2711305297983815 -6.26821036457628 -6.274050695020483 -6.306415859565446 -6.326857016120158 -6.343404619045402 -6.201776605773462 -5.845516448677039 -5.555446703281588 -5.444967119045402 -5.561287033725792 -6.130475904933809 -6.694067792799465 -7.10118749418083 -7.482025708563278 -7.9636096231082405 -8.102317471158077 -8.033936935540527 -8.171671395182997 -8.070925695020485
-4.133569587219833 -4.505647305935977 -4.462574868909974 -4.7652986636011985 -5.491933109700874 -6.210537101439768 -6.450964038059487 -6.5621736636011985 -6.647101802143993 -6.691147627577363 -6.52226473889914 -6.518127838167829 -6.449017261244752 -6.432226311217667 -6.4577777569110575 -6.511314119316258 -6.5368655650096485 -6.515207672945727 -6.513260896130992 -6.4830858555026065 -6.439040030069237 -6.377716560405099 -6.323936850898057 -6.339511065415933 -6.339511065415933 -6.345351395860137 -6.390370609700874 -6.4078916010334845 -6.326857016120158 -6.058201815686789 -5.653028891120158 -5.342517989169996 -5.283871337626117 -5.825805333427851 -6.396210940145076 -6.798463699489606 -7.15594059209524 -7.695927811082239 -8.116918297268587 -8.221314203958729 -8.087473297945728 -8.087473297945728 -6.981217372972813
-5.983980949625034 -5.906839918341177 -5.490959721293506 -5.7087553774419355 -6.263343422539443 -6.520317962084405 -6.760501551602282 -6.806250806748544 -6.890205556883972 -6.886312003254503 -6.705748453687872 -6.597458993368262 -6.583588208563278 -6.595512216553528 -6.638341306477688 -6.69212101598473 -6.6665695702913395 -6.644181636921892 -6.636394529662954 -6.59843238177563 -6.620820315145076 -6.513260896130992 -6.42735936918083 -6.412758543070321 -6.412758543070321 -6.428332757588198 -6.472378583021566 -6.370902841553528 -6.2134572666618695 -5.790763350762628 -5.416738855231751 -5.115961837355261 -5.308206047810299 -5.851356779121241 -6.378689948812466 -6.779969319749627 -7.13452604713316 -7.7302397524419355 -7.9470620201829965 -8.040750654392099 -7.863837311353095 -7.329690422810299 -6.2205143326152825
-6.9069965069110575 -6.497686681613116 -6.102247641120158 -6.392317386515607 -6.6665695702913395 -6.8658708466997895 -6.922570721428934 -6.968563323677038 -7.029886793341177 -7.031833570155912 -6.914783614169996 -6.76828865886122 -6.7488208907138745 -6.775102377712791 -6.8191482031461605 -6.792623369045402 -6.766341882046485 -6.739817047945727 -6.741763824760461 -6.709642007317341 -6.753687832750711 -6.633474364440852 -6.517154449760461 -6.500606846835218 -6.511314119316258 -6.526158292528609 -6.412758543070321 -6.291571686353095 -5.963539793070321 -5.511400877848219 -5.150030431613116 -4.965573328417016 -5.230091628119075 -5.7966036812068324 -6.324910239305424 -6.700881511651036 -7.076852783996648 -7.435303065009649 -7.482999096970646 -7.532885252848219 -7.183195467501523 -6.538812341824384 -5.117908614169996
-7.167621252983647 -6.867817623514524 -6.70672184209524 -6.8532167974040155 -6.93814493594681 -6.977323819343344 -7.023073074489606 -7.072959230367179 -7.150100261651036 -7.197066252306507 -7.1031342709955645 -6.97148348889914 -6.899209399652119 -6.920623944614199 -6.924517498243668 -6.87657811918083 -6.798463699489606 -6.775102377712791 -6.756607997972813 -6.7368968827236255 -6.782889484971729 -6.705748453687872 -6.606219489034568 -6.455830980096323 -6.486006020724709 -6.469458417799465 -6.347298172674871 -6.062095369316258 -5.660815998379096 -5.278031007181914 -4.871884694207916 -4.796690439738793 -5.419659020453853 -5.878611654527526 -6.158947515849302 -6.559253498379096 -6.76828865886122 -6.924517498243668 -6.775102377712791 -6.61984692673771 -6.1560273506272 -5.264403569478771 -3.8629676099717294
-7.316062985107157 -7.178328525464687 -7.1031342709955645 -7.139392989169996 -7.11189476666187 -7.128685716688956 -7.146206708021567 -7.193172698677038 -7.2389219538233 -7.242815507452769 -7.257416333563278 -7.129659105096323 -7.024046462896973 -7.0486245201829965 -7.0113924136011985 -6.90991667213316 -6.816958079229584 -6.742980560269671 -6.673626636244752 -6.691147627577363 -6.771208824083322 -6.743953948677038 -6.59843238177563 -6.371876229960895 -6.261396645724709 -6.1959362753292595 -6.029973551873137 -5.7642385166618695 -5.386320467501523 -5.025193368368262 -4.65992936850369 -5.024219979960895 -5.702915046997731 -6.002718676466854 -6.212483878254503 -6.449017261244752 -6.52226473889914 -6.205670159402931 -5.7966036812068324 -5.458594556748544 -4.897192792799466 -3.8250054620844054 -2.2447093827236255
-7.299515382181913 -7.395150793205749 -7.486892650600115 -7.338450918476605 -7.248655837896973 -7.190009186353095 -7.229188069749627 -7.312169431477688 -7.351348314874221 -7.364002364169996 -7.435303065009649 -7.279074225627201 -7.113841543476605 -7.073932618774546 -7.03962067741485 -6.95274576205732 -6.8318022524419355 -6.731056552279422 -6.691147627577363 -6.716455726168912 -6.759528163194915 -6.711588784132076 -6.453884203281588 -6.151160408590364 -5.985927726439768 -5.8591438863801795 -5.693911204229584 -5.488039556071405 -5.115961837355261 -4.776979324489606 -4.545556230638034 -5.059261962626117 -5.651082114305424 -5.871797935675954 -5.941151859700874 -6.041654212761545 -5.983980949625034 -5.61579678453836 -4.894272627577363 -4.295638757046485 -3.6208372436391185 -2.4245428909847306 -0.8805055297983817
-7.221400962490689 -7.22821468134226 -7.320929927143994 -7.285887944478771 -7.271287118368262 -7.276154060405099 -7.3150895966997895 -7.352321703281588 -7.366922529392098 -7.395150793205749 -7.429462734565446 -7.44211678386122 -7.297568605367179 -7.112868155069237 -7.03962067741485 -6.965399811353095 -6.871711177143994 -6.798463699489606 -6.762448328417016 -6.696014569614199 -6.57580110130434 -6.454857591688956 -6.224407886244752 -5.974247065551361 -5.762291739847136 -5.589515297539443 -5.441073565415933 -5.2398255121927475 -4.867747793476605 -4.646058583698706 -4.588628667664037 -4.983094319749627 -5.285818114440852 -5.424525962490689 -5.461514721970646 -5.545712819207916 -5.542549306883972 -5.114988448947894 -4.182239007588198 -3.36970303453836 -2.7516013958601366 -2.0320240157138745 -0.6646566504646874
