static/data/ASCData/20210105/ASCU/18.asc
ncols 97
nrows 97
xllcorner 99.0
yllcorner 2.0
cellsize 0.25
NODATA_value -32767
[rows 19 to 37 of 97, columns 0 to 42 of 97]
-1.20013601527123 -1.2470450957869625 -0.4247854017206141 0.8388126048419196 0.982241416471175 0.9267364311488944 1.0146602574558696 -0.7968652812040424 0.22064425061103554 0.6590353957449757 -0.2852861465743519 -0.9658362099727544 -0.9474164139587233 -1.1407014734659562 -1.5312011489634156 -1.5108165747078879 -1.8183043695021137 -1.7880959040391027 -1.2286252997729314 -0.6797153785548047 -1.1817162192571988 -0.9513459704417166 -0.39359454713685493 0.2049260246790623 0.3876504011382509 0.03227113670754411 -0.07530047201439727 -0.2567968620726506 -0.735465961157272 -0.9395573009927367 -0.9970270645565136 -0.8975601660807457 -0.6347710762805687 -0.9727129338179927 -2.157228616160286 -2.613302765467696 -2.8505497381284166 -2.8711799096641313 -2.368196679840989 -1.659157331940885 -1.1748394954119605 -0.807671561532274 -0.777463096069263
-1.0009566210395069 -1.2870774524574569 0.26460616376452295 0.6757360107976975 0.5048003037874889 0.5644804428729495 0.771518950070659 -1.2099599064787132 -0.5802484800790366 0.9687335660608856 0.12093175485508079 -0.8702988679799797 -0.9444692465964784 -1.0517952580382328 -1.1915401104646821 -1.716872692784849 -2.183753122420491 -2.064392844249569 -1.6436847032890989 -1.5216228550361195 -1.1817162192571988 -1.1367719169829629 -0.9336629662682467 -0.3341600053315812 -0.027409002377916547 -0.11926238516788512 0.024412023741557487 0.28130677881724475 -0.11336805044339515 -0.27251508800462365 -0.381805877687875 -0.4933070428928099 -1.7247318057508356 -2.7294702789961853 -3.597656664457518 -3.652424857939237 -3.7295424039179808 -3.3604096917967974 -2.743223726686662 -1.9180168652580687 -1.3917018938171535 -0.9130327947325318 -0.5937563304893261
-1.4855200548486185 -1.2959189545441916 0.027359191103802694 0.6610001739864724 -0.11336805044339515 -0.11926238516788512 0.13173803518331217 -0.9034545008052357 -0.3312128379693362 1.084901079589375 -0.544882471732097 -1.0058685666432485 -0.2538496947104054 -0.1261391090131232 -0.6153688911457893 -1.6866642273218382 -2.335041047015733 -2.138808820146255 -1.3155667369591582 -1.203083182633475 -1.0166748469714801 -1.0537600362797295 -1.0967395603124688 -0.5714069779923017 -0.023479445894923234 -0.1366997920611679 0.17373517009530293 0.6904718476089222 0.499888358183747 0.11528301741077751 -0.865386922376238 -2.3340586578949845 -3.8204133975872008 -4.677793502720302 -4.773576441993264 -4.296872121150138 -4.037275795992393 -3.6816509342814996 -2.942403120918385 -2.199225751072277 -1.6181425861496423 -1.1318599713792212 -0.9218742968192668
-1.0606367601249678 -1.1456134190696978 -0.13375262469892268 0.6199854281952297 -0.16027713095912777 -0.511726838906841 -0.5274450648388143 -0.8808595510280242 -0.20030948762962186 0.9999244206446445 -0.8329680813915434 -1.2266605215314348 -0.09372026802842859 0.012623354292577549 -0.732518793795027 -1.4786433310033802 -2.1857179006619876 -2.037131546148803 -1.1524901429149361 -1.2119246847202099 -0.9648538208520061 -0.9678009882142511 -1.0390241994685046 -0.5166387845105826 0.22457380709402885 0.2216266397317841 0.31053285515950746 0.7938683025676836 0.7587478915009309 -0.34472068837962566 -1.8819140650705677 -3.923809852545962 -5.731405834722881 -5.771438191393375 -5.390762407103399 -5.007876247291739 -4.694494117773023 -4.4474232539048195 -4.086886446590184 -3.295080815267034 -2.3271819340497464 -1.918999254378817 -1.8868260106743093
-0.038215282706147935 -0.807671561532274 0.11528301741077751 0.7508887785349443 -0.03133855886090986 -0.6269119633145821 -0.6426301892465554 -1.1259656366547315 -0.5127092280275893 0.8601795682181956 -0.9238390750607635 -1.0107805122469902 0.15629776320202016 0.2616589964022782 -0.4962542102550549 -1.242133150183221 -2.083058237543787 -2.014782193651779 -1.2197837976861965 -1.4219103592801643 -1.1114753971236935 -0.8710356598205409 -0.94348685747573 -0.5186035627520793 0.22457380709402885 0.5283776426854487 0.6219502064367264 0.9257540420281463 0.38961517937974754 -1.3037780675101782 -3.7882401538826933 -5.8330831087203325 -6.039139226797293 -6.079171583467788 -5.987318200677819 -5.732388223843629 -5.569311629799407 -5.589941801335122 -5.392727185344896 -4.808696853060017 -3.83981558272198 -3.1622126866858227 -3.130039442981315
0.7666070044669175 -0.41987345611687243 0.45494405590951104 0.973645511664627 0.04381420887633691 -0.5527415846980834 -0.1845912616976486 -0.6924864371245327 -0.9316981880267501 0.4014038488287275 -0.9736953229387411 0.020482467258564174 0.9375427114771262 -0.04607439567213456 -0.8057067832907774 -0.9736953229387411 -1.7763072345901227 -2.172946842092259 -1.333004143852441 -1.3555990936296525 -1.2188014085654482 -0.9756601011802375 -0.7266244590705371 -0.30174116434688636 0.24201121398731162 0.5838826280077289 0.9011943140094378 1.0760595775026398 -0.34373829925887733 -2.9981537035208525 -5.335011824500931 -5.86525635242484 -6.0722948596225494 -6.203198209962264 -6.194356707875529 -6.245195344874254 -6.360380469281996 -6.519527506843225 -6.550963958707172 -6.093907420279013 -5.201161306798972 -4.523558410762815 -3.5743249228397453
1.1688953494133565 -0.8204426201020021 0.557603719027711 1.2236635428950757 0.11528301741077751 -0.910331224650474 -0.5429176934906004 -0.11042088308114995 -1.0839685017427405 -0.6269119633145821 0.18552383954428286 0.9871533620749164 0.07696984170159293 -0.6222456149910276 -0.5733717562337983 -0.6954336044867777 -1.4796257201241285 -2.2041376966760184 -1.4005433959038882 -1.1173697318481834 -1.1817162192571988 -0.9786072685424825 -0.680697767675553 -0.345703077500374 0.10545912620329467 0.590759351852967 0.994030085920155 0.8916160200821417 -1.4835552766071218 -4.094745559556171 -5.214914754489449 -5.71298603870885 -5.990265368040065 -6.143518070876803 -6.409254328039225 -6.616292835236935 -7.038228962598341 -7.266634433172326 -7.462866660041804 -7.109452173852594 -5.971845572026034 -4.348693147269612 -3.1182507735323353
0.9648040095778923 -0.9238390750607635 0.7216627021926816 1.2322594477016238 -0.20227426587111852 -1.2969013436649401 -0.865386922376238 -0.21283494891916277 -1.3027956783894301 -0.7335011829157754 0.9080710378546764 -0.505832504182351 -0.865386922376238 -0.569442199750805 -0.37885871032563 -0.4463979623770773 -0.9894135488707141 -1.640737535926854 -1.2325548562559248 -0.9425044683549817 -0.9005073334429907 -0.7676392048617797 -0.6153688911457893 -0.28233897921210693 0.0565852674460654 0.3387765423810216 0.8172000441854563 0.5136418058742236 -2.193331416347787 -4.158355255124625 -5.021629694982216 -5.503982753269643 -5.873115465390827 -6.264597530009034 -6.7032342724231615 -7.0812084866310805 -7.486443998939764 -7.844770430732716 -7.98156811579692 -7.113381730335588 -5.375044181171425 -3.8525866412917082 -3.008959983849084
0.06149721304980682 -0.7187653461045505 0.6875246802466775 0.9267364311488944 -0.22757078573038791 -1.5370954836879056 -1.7627993841798333 -1.1397190843452079 -1.4219103592801643 -1.396613839420895 0.889651241840645 -0.8319856922707951 -1.2841302850952117 -0.9707481555764961 -0.774515928707018 -0.6603131934200253 -0.34472068837962566 -0.13964695942341265 -0.47660642784008833 -1.3985786176623916 -0.7138534005008088 -0.3105826664336213 -0.29781160786389305 -0.14357651590640597 0.15236820671902684 0.31446241164250077 0.6113895233886821 0.17078800273305816 -2.346829716464713 -3.905390056531931 -4.56850271303705 -5.088923349753475 -5.646429175778151 -6.206145377324509 -6.746213796455901 -7.06352548245761 -7.44641164226927 -7.574367825246739 -6.932622132117896 -5.116184647854242 -3.7071930514209566 -2.983417866709628 -2.3389706034987263
-0.2911804812988419 -0.01660272204968516 0.533043991009003 0.0818817873053348 -0.777463096069263 -1.39956100678314 -1.2374668018596664 -0.536286566925549 -1.7129431363018557 -1.5567432661028722 0.5320616018882549 -0.7168005678630538 -0.5714069779923017 -0.21774689452290463 -0.3594565251908506 -0.4825007625645783 -0.10943849396040184 0.34565326622626014 0.46280316887549766 -1.4727489962788902 -1.1748394954119605 -0.8808595510280242 -0.7949005029625458 -0.3663332490360889 0.2695181093682648 0.7840444113602003 1.0048363662483863 0.29284985098603755 -1.916052087016572 -3.3085886656773233 -3.993313882838906 -4.6036231241038035 -5.309715304641662 -5.942373898403583 -6.395500880348749 -6.562507030875963 -6.4883366522594645 -5.933532396316849 -4.734526474443518 -2.8476025707661714 -2.077163902819297 -2.160175783522531 -1.7569050494553433
-0.7246596808290404 -0.25483208383115397 0.13861475902855025 -0.0684237481691592 -0.38475304505012 -0.952328359562465 -0.777463096069263 0.02342963462080938 -1.9406118150352802 -1.3320217547316926 0.15629776320202016 0.11896697661358413 -0.045092006551386454 -0.08979071154543528 -0.42085584523762076 -0.9668185990935028 -0.7315364046742787 0.2655885528852715 0.7567831132594343 -1.327109809127951 -1.8300930389510937 -1.699189688611379 -1.5771278403583997 -1.0878980582257338 -0.31156505555436964 0.23243292006001548 1.4061423220740772 1.2099100952045991 -0.638700632763562 -2.402334701786993 -3.2511189021135465 -3.981525213389926 -4.656426539344025 -5.208038030644211 -5.599765692542605 -5.489246916458418 -5.031207988909512 -3.860445754257695 -2.5234141609192244 -1.2460627066662142 -1.2325548562559248 -1.3858075590926635 -1.1591212694799873
-0.3272832814863429 0.17471755921605148 0.20001407907532087 -0.0831595849803839 -0.5186035627520793 -1.0859332799842372 -0.8224073983434987 -0.4589234236666184 -1.9727850587397877 -1.2969013436649401 0.20983797028280415 0.054620489204568745 -0.1993270985088733 -0.3965417144990997 -1.1777866627742055 -1.7070488015773657 -1.2315724671351764 -0.32924805972783955 -0.42380301259986575 -1.4209279701594162 -1.8126556320578109 -1.9062281958090888 -1.7969374061258376 -1.5967756227733663 -0.9845016032669724 -0.24034184430011596 1.028168107866159 1.8867761994001957 0.6796655672806908 -1.02846351642046 -2.235328551259778 -3.0430980057950885 -3.9287217981497036 -4.529452745487305 -4.653479371981781 -4.323396627410343 -3.5421516791352374 -2.054814550322273 -1.2099599064787132 -1.670946001389865 -1.535130705446409 -1.3887547264549083 -1.1095106188821968
0.46280316887549766 0.7558007241386857 -0.07137091553140396 -0.38671782329161664 -0.774515928707018 -1.3379160894561826 -1.2168366303239515 -1.0937923929502238 -1.7716408862665682 -0.9356277445097434 0.16292888976707154 -0.5497944173358384 -0.9894135488707141 -1.103616284157707 -1.877002119466826 -2.154281448798041 -1.7257141948715842 -1.2246957432899381 -1.2949365654234435 -1.5626376008273621 -1.5702511165131616 -1.6670164449068716 -1.5186756876738743 -1.3194962934421515 -1.5761454512376516 -1.0724254295739477 0.15236820671902684 1.6473188512177912 1.384775358697801 0.6524042691799248 -0.6202808367495309 -2.1532990596772925 -3.0450627840365847 -3.7052282731794595 -3.85160425217096 -3.3672864156420355 -2.6513703438966933 -1.8320578171925903 -2.4239472624434564 -3.082147973344834 -3.864375310740688 -3.721683290951994 -3.5166095619957813
0.804674582895915 1.0799891339856331 0.0398846523933436 -0.4716944822363467 -0.8575278094102514 -1.0898628364672305 -0.9727129338179927 -1.0790565561389989 -1.3438104241806725 -0.23051795309263268 -0.11827999604713657 -1.0176572360922285 -1.6358255903231123 -1.7569050494553433 -2.3517416620684544 -2.6300033805204173 -2.3399529926194744 -1.9688555022567946 -1.6846994490803415 -1.3185139043214031 -1.2647280999604322 -1.3828603917304183 -1.2355020236181697 -1.1836809974986955 -1.4405757525743825 -1.9862929091500774 -1.155437310277181 0.3738969534477743 1.3037282562360644 1.2587839539618284 0.8417597722041643 -0.6973983827282744 -2.4121585929944764 -3.075271249499596 -3.3456738549855727 -3.0040480382453425 -2.718909595948141 -3.1514064063575913 -4.2325256337411234 -5.499070807665902 -6.2822805341825045 -6.409254328039225 -6.204180599083012
0.6865422911259289 1.0625517270923504 0.460838390634001 -0.015620332928936609 -0.5264626757180659 -0.7587977027750448 -1.1397190843452079 -1.3290745873694476 -1.1190889128094932 0.18552383954428286 -0.13473501381967123 -1.0947747820709721 -1.5390602619294023 -2.1758940094545043 -2.7714674139081765 -2.9706468081398993 -2.6425288418099586 -2.375073403686227 -2.030254822303565 -1.4796257201241285 -1.1826986083779472 -1.3398808676976792 -1.3349689220939376 -1.282165506853715 -1.3418456459391759 -1.976714615222781 -2.2881319665000004 -1.3799132243681735 -0.12319194165087843 1.3592332415583446 1.096689749038355 0.17275278097455482 -1.5439722075331437 -2.8495673490076685 -3.0919718645523178 -3.4638061467555588 -3.720700901831246 -4.743122379250066 -6.123133496621275 -7.260740098447837 -7.479567275094526 -7.607523458071995 -7.413256009444014
0.7118388109851983 0.7705365609499109 0.746959222051951 0.3584243247959882 -0.3302304488485879 -0.9083664464089773 -1.2549042087529492 -1.3536343153881558 -1.330056976490196 -0.18852081818064192 -0.32924805972783955 -1.1230184692924865 -1.3145843478384098 -2.0860054049060324 -2.532255663005959 -2.5988125259366583 -2.743223726686662 -2.5479738889379324 -2.4423670584574872 -2.1827707332997424 -1.77065849714582 -1.8438464866415702 -1.7989021843673343 -1.7910430714013477 -1.8126556320578109 -1.9356998694315386 -2.6024964851394645 -2.748135672290404 -1.943313385117338 0.070338715136542 1.4569809590728031 0.6366860432479515 -1.2686576564434255 -2.8525145163699133 -3.6777213777985063 -4.278452325136108 -5.218844310972441 -6.309541832283271 -7.456235533476752 -7.910099307262479 -8.040020268481445 -7.7958965719754865 -7.512722907919782
0.8867040744784003 0.6307917085234616 0.7567831132594343 0.5320616018882549 -0.37689393208413335 -1.0039037884017519 -1.0468833124344912 -1.0557248145212261 -0.7489738115675615 -0.8798771619072758 -1.1210536910509898 0.13272042430406028 -0.7578153136542964 -1.8438464866415702 -2.151334281435796 -2.205120085796767 -2.504994364905193 -2.8173941053031606 -3.051939507881823 -2.8751094661471246 -2.810517381457922 -2.4688915647176923 -2.2891143556207485 -2.471838732079937 -2.718909595948141 -2.7471532831696552 -2.7501004505319004 -3.2373654544230694 -2.9296320623486567 -1.9423309959965898 0.11037107180703609 0.9539977292496604 -0.7968652812040424 -3.5460812356182307 -5.080081847666741 -5.654288288744137 -6.506019656432935 -7.454270755235257 -7.980585726676171 -8.217832699336892 -8.158152560251432 -7.913046474624725 -7.620294516641723
0.7098740327437016 0.9120005943376697 0.9539977292496604 0.4844157295319609 -0.45229229710156726 -0.9989918427980102 -0.9474164139587233 -0.9913783271122107 -1.3018132892686816 -0.7158181787423055 -1.282165506853715 0.17078800273305816 -0.13277023557817458 -1.2217485759276931 -1.9629611675323047 -2.2471172207087577 -2.480434636886485 -2.770485024787428 -3.326271669850793 -3.2734682546105707 -3.3252892807300447 -3.084112751586331 -2.812482159699419 -2.8682327423018865 -3.1192331626530834 -3.12709227561907 -2.922018546662857 -3.080183195103338 -3.2373654544230694 -2.837041887718127 -1.3339865329731893 0.0828641764260829 -0.5839324392818428 -3.1582831302028294 -5.434724320256887 -6.65043085718294 -7.324349794016291 -7.709937523910009 -8.316562805972099 -8.429783152138343 -8.168958840579663 -7.792949404613241 -7.546860929865787
0.31151524428025557 1.1016016946420963 0.9267364311488944 0.4677151144792395 -0.4658001475118567 -1.155437310277181 -1.236484412738918 -1.20603034999572 -1.2099599064787132 -1.3536343153881558 -1.6630868884238783 0.11896697661358413 0.5077474711497336 -0.6603131934200253 -2.0781462919400457 -2.8065878249749288 -3.075271249499596 -3.23147111969858 -3.4883658747742667 -3.7482077972121988 -3.841780360963477 -3.6816509342814996 -3.3144830004018133 -3.084112751586331 -3.1963507086318272 -3.40142443758804 -3.4647885358763073 -3.007977594728336 -3.0919718645523178 -3.1884915956658406 -2.435490334612249 -1.0400065885892529 0.2803243896964962 0.03227113670754411 -1.547901764016137 -4.581028174326592 -7.676781891084753 -7.842805652491219 -8.111489077015886 -8.29789741267788 -8.016688526863673 -7.690535338775229 -7.6114530145549875
