static/data/pressure/2023/7/24/0.asc
ncols 137
nrows 93
xllcorner 108.0
yllcorner 17.0
cellsize 0.25
NODATA_value -32767
[rows 38 to 56 of 93, columns 43 to 85 of 137]
100.8693393118734 100.8706026829994 100.89460673439336 100.90110407161278 100.88034868882855 100.82855047266264 100.81429242709781 100.82051904193308 100.83152841888821 100.83802575610761 100.84506453809531 100.85002778180458 100.85282524644073 100.85805921253414 100.87177581333069 100.88630458127966 100.89605058710879 100.90760140883219 100.92357402949659 100.94306604115485 100.9650847950651 100.9862913818229 101.00957350685914 101.03727743083637 101.06055955587262 101.08257830978287 101.10234104382526 101.12002823958923 101.13482772992234 101.14276891985718 101.15531239032244 101.17633849549082 101.20503506820992 101.23210730662416 101.25060666954055 101.26107460172737 101.26477447431066 101.2675719389468 101.2720839786825 101.27379855378207 101.28552985709491 101.3143166706087 101.35302997154106
100.94884145201655 100.95732408671967 100.93530533280942 100.89605058710879 100.85634463743457 100.83378443875604 100.82178241305907 100.8295431214045 100.8443426117376 100.85832993491829 100.8750244819404 100.87583664909283 100.87358062922497 100.87728050180826 100.88801915637923 100.89731395823479 100.90606731532206 100.91734741466134 100.93106401545788 100.94830000724826 100.97104068751622 100.99278871904232 101.01679277043628 101.04233091534037 101.06633496673433 101.08853420223399 101.10703356515039 101.12426955694077 101.13906904727389 101.15107107297088 101.164607192178 101.19104774502922 101.21784926105933 101.24004849655898 101.25556991324983 101.26459399272123 101.2605331569591 101.25809665550182 101.2592697858331 101.26305989921109 101.26955723643051 101.29753188279189 101.32180665656999
100.9440586898967 100.95930938420338 100.92032536088688 100.87908531770255 100.86951979346284 100.86509799452186 100.85426909915616 100.861578603528 100.87655857545055 100.89379456724095 100.90805261280576 100.89126782498894 100.88630458127966 100.89153854737309 100.90308936909649 100.9050746665802 100.91635476591948 100.92880799559002 100.94234411479714 100.95759480910381 100.97753802473564 100.99784220354631 101.02103408778784 101.04557958395007 101.06759833786033 101.09006829574413 101.10928958501825 101.12706702157692 101.14204699349946 101.15657576144844 101.17308982688111 101.20377169708392 101.22705382212015 101.24555318503656 101.25385533815026 101.26360134397937 101.26035267536966 101.25710400675996 101.25710400675996 101.26008195298552 101.26459399272123 101.28029589100149 101.2867932282209
100.92104728724459 100.93259810896801 100.91355730128333 100.92980064433188 100.93178594181559 100.9025479243282 100.88982397227352 100.90209672035463 100.9268226981063 100.94432941228084 100.95533878923597 100.91202320777319 100.90326985068592 100.90408201783835 100.91454995002519 100.91509139479348 100.93007136671602 100.9427953187707 100.95633143797782 100.97131140990035 100.98502801069691 101.00235424328203 101.02455347878168 101.04603078792366 101.06832026421804 101.09033901812828 101.10956030740238 101.12805967031878 101.14628831085103 101.16180972754185 101.18103101681596 101.21053975668748 101.23228778821358 101.2407704229167 101.24726776013613 101.25484798689212 101.25809665550182 101.25710400675996 101.26152580570096 101.26531591907894 101.26802314292037 101.26703049417851 101.27082060755652
100.9337712392993 100.92456667823845 100.90877453916349 100.92501788221202 100.9453220610227 100.91554259876705 100.91906198976089 100.95831673546152 100.98304271321321 100.98981077281675 100.99982750103003 100.95055602711612 100.91933271214502 100.92005463850275 100.92583004936445 100.92808606923231 100.94360748592312 100.95705336433554 100.9703187611585 100.97952332221935 100.99035221758504 101.0073174869913 101.02554612752354 101.04702343666551 101.06859098660219 101.09033901812828 101.10956030740238 101.12932304144478 101.14755168197702 101.16632176727757 101.18527233416754 101.20882518158791 101.22308322715273 101.23156586185587 101.238785125433 101.24726776013613 101.25403581973968 101.26459399272123 101.26928651404637 101.27352783139794 101.27578385126577 101.27027916278823 101.26206725046923
100.94478061625442 100.91382802366748 100.89632130949293 100.8980358845925 100.91879126737675 100.91509139479348 100.95660216036195 100.9970300363939 101.00831013573314 101.01327337944242 101.01128808195871 100.96679937016467 100.93431268406758 100.93332003532572 100.93855400141913 100.942073392413 100.95533878923597 100.96860418605894 100.97780874711978 100.98683282659118 100.99477401652604 101.01110760036929 101.02933624090154 101.04855753017564 101.07003483931761 101.08907564700228 101.1090188626341 101.12878159667649 101.15052962820259 101.16984115827142 101.18806979880367 101.20052302847421 101.21460059244961 101.22660261814659 101.23409260410786 101.24654583377841 101.25656256199169 101.2675719389468 101.27352783139794 101.27776914874948 101.2822811884852 101.27731794477592 101.26829386530451
100.92907871797416 100.91328657889919 100.93133473784202 100.93304931294159 100.92628125333802 100.93332003532572 100.98656210420704 101.01634156646271 101.02753142500725 101.0047907447393 100.98908884645904 100.95254132459982 100.94360748592312 100.94234411479714 100.95055602711612 100.95380469572582 100.96535551744924 100.97329670738407 100.98259150923963 100.99278871904232 101.00082014977188 101.01634156646271 101.03258490951124 101.0520769211695 101.06985435772818 101.087270831108 101.10757500991868 101.12977424541835 101.15152227694445 101.171555733371 101.18978437390322 101.19934989814293 101.21153240542932 101.2235344311263 101.23607790159157 101.24979450238811 101.25854785947539 101.26432327033709 101.27027916278823 101.2765960184182 101.28408600437947 101.28210070689578 101.27632529603406
100.9427953187707 100.98556945546518 101.02058288381426 101.00984422924328 100.98529873308105 100.97907211824578 101.02960696328569 101.0495501789175 101.03953345070423 101.01354410182657 100.96652864778052 100.94378796751256 100.9402685765187 100.94902193360598 100.95705336433554 100.96210684883953 100.97401863374178 100.98060621175593 100.98728403056475 100.99757148116217 101.00776869096487 101.0220267365297 101.03727743083637 101.05180619878536 101.06859098660219 101.08528553362429 101.10631163879268 101.12959376382892 101.15233444409688 101.17227765972869 101.18752835403538 101.19808652701693 101.21153240542932 101.2260611733783 101.23905584781714 101.24934329841454 101.25358461576612 101.25755521073353 101.2637818255688 101.27054988517237 101.28381528199535 101.28327383722706 101.27858131590192
101.04206019295623 101.06606424435019 101.05306956991136 101.0303288896434 101.010566155601 101.02482420116583 101.08330023614059 101.08835372064456 101.07355423031144 101.03781887560466 100.9587679394351 100.93810279744557 100.94577326499628 100.95759480910381 100.96481407268095 100.9728455034105 100.98358415798148 100.9888181240749 100.99504473891018 101.00379809599744 101.01255145308471 101.02554612752354 101.0368262268628 101.04927945653336 101.06380822448233 101.08077349388859 101.10378489654069 101.12805967031878 101.15134179535502 101.17083380701328 101.1850918525781 101.1965524335068 101.2100885527139 101.22452707986815 101.23806319907528 101.24708727854669 101.25006522477226 101.25304317099783 101.26080387934323 101.27452048013978 101.2893199704729 101.2848079307372 101.28534937550548
101.15684648383258 101.11984775799979 101.0732835079273 101.04305284169808 101.03781887560466 101.05379149626906 101.0667861707079 101.04404549043994 101.02256818129797 101.00253472487145 100.95055602711612 100.94306604115485 100.95434614049411 100.9650847950651 100.96959683480078 100.97627465360964 100.98403536195507 100.99107414394275 100.99955677864588 101.00885158050143 101.01580012169443 101.02554612752354 101.03583357812096 101.04783560381793 101.06209364938276 101.07635169494759 101.09981430157326 101.12327690819892 101.14601758846689 101.16578032250928 101.17904571933225 101.19231111615522 101.20557651297821 101.21983455854304 101.233099955366 101.24058994132727 101.2420337940427 101.24654583377841 101.25728448834938 101.2733473498085 101.28634202424733 101.28507865312133 101.2925686390826
101.08627818236614 101.11380162475395 101.11506499587995 101.12327690819892 101.11777221972137 101.09160238925428 101.05460366342149 101.00379809599744 100.9580460130774 100.93909544618742 100.9453220610227 100.95335349175225 100.96102395930295 100.96833346367481 100.97383815215235 100.98060621175593 100.98683282659118 100.99405209016832 101.00181279851374 101.00984422924328 101.01733421520457 101.02554612752354 101.03402876222668 101.04431621282409 101.05758160964704 101.07256158156959 101.0955729842217 101.11705029336366 101.13834712091618 101.158290336548 101.17182645575512 101.18680642767767 101.1998011021165 101.21180312781347 101.22308322715273 101.2298512867563 101.23508525284971 101.24031921894313 101.24753848252027 101.25728448834938 101.2625184544428 101.2650451966948 101.26856458768866
101.0540622186532 101.10829693627639 101.15684648383258 101.16857778714542 101.12607437283506 101.07905891878902 101.02626805388125 100.97708682076207 100.93981737254514 100.93503461042528 100.94631470976455 100.95759480910381 100.96309949758138 100.97058948354264 100.97627465360964 100.9823207868555 100.98827667930661 100.99558618367845 101.00334689202387 101.00984422924328 101.01652204805214 101.02410227480811 101.0315922607694 101.04278211931394 101.05505486739506 101.07003483931761 101.08934636938642 101.10883838104466 101.12905231906063 101.14854433071888 101.16280237628371 101.17760186661683 101.19005509628737 101.20133519562664 101.21207385019761 101.21857118741704 101.2260611733783 101.23210730662416 101.23806319907528 101.24401909152641 101.24934329841454 101.25358461576612 101.24979450238811
101.04530886156594 101.13184978369678 101.17778234820625 101.15603431668015 101.11109440091252 101.09683635534769 101.00984422924328 100.95903866181924 100.94460013466498 100.94505133863856 100.94929265599012 100.95985082897167 100.96553599903866 100.97230405864221 100.97835019188807 100.9843060843392 100.99080342155861 100.99657883242031 101.00235424328203 101.00885158050143 101.01534891772086 101.02229745891383 101.03105081600111 101.04151874818794 101.05379149626906 101.06633496673433 101.08330023614059 101.09981430157326 101.11903559084737 101.1365423050219 101.15305637045459 101.16704369363528 101.17859451535868 101.1896038923138 101.19934989814293 101.20602771695177 101.21478107403904 101.22109792966903 101.22705382212015 101.233099955366 101.23806319907528 101.24356788755284 101.24257523881099
101.0611010006409 101.14881505310302 101.15007842422902 101.12580365045092 101.08654890475029 101.0943096130957 101.00127135374545 100.94857072963241 100.93458340645172 100.94559278340684 100.94929265599012 100.9587679394351 100.96535551744924 100.97257478102635 100.97934284062993 100.98529873308105 100.99107414394275 100.99630811003617 101.0015420761296 101.0073174869913 101.01381482421071 101.02283890368211 101.03204346474297 101.04133826659852 101.0520769211695 101.06353750209819 101.07409567507973 101.0905194997177 101.10685308356095 101.12354763058306 101.1397909736316 101.15359781522288 101.16478767376742 101.17453367959654 101.18409920383624 101.19303304251294 101.20178639960021 101.20810325523018 101.21460059244961 101.22055648490075 101.22533924702059 101.23003176834573 101.23084393549816
101.09909237521555 101.15630503906429 101.1575684101903 101.06480087322419 101.01959023507241 101.0278021473914 100.96932611241665 100.92176921360232 100.93205666419973 100.943336763539 100.94505133863856 100.95533878923597 100.96228733042895 100.97104068751622 100.97780874711978 100.9843060843392 100.98981077281675 100.99558618367845 101.00082014977188 101.00659556063357 101.01453675056842 101.02356083003983 101.03285563189539 101.04151874818794 101.05027210527521 101.05758160964704 101.06832026421804 101.07878819640487 101.0943096130957 101.10956030740238 101.1238183529672 101.13735447217434 101.14908577548717 101.15883178131628 101.16902899111899 101.17958716410054 101.18752835403538 101.19709387827507 101.2035912154945 101.20756181046191 101.21234457258176 101.21631516754918 101.2183004650329
101.12481100170906 101.15910250370042 101.12751822555049 101.03177274235883 100.95353397334168 100.9427953187707 100.91834006340318 100.92231065837059 100.93277859055745 100.93783207506142 100.93882472380328 100.94884145201655 100.95705336433554 100.96652864778052 100.97582344963607 100.98259150923963 100.98854740169075 100.99432281255247 101.0002787050036 101.00776869096487 101.01580012169443 101.02383155242397 101.03258490951124 101.04034561785666 101.04603078792366 101.05279884752721 101.0598376295149 101.07030556170174 101.08032228991502 101.09403889071156 101.10730428753453 101.11957703561566 101.13157906131264 101.14303964224132 101.15305637045459 101.16532911853571 101.17534584674897 101.1863552237041 101.19077702264508 101.19483785840723 101.19781580463278 101.20277904834207 101.2048545866205
101.08555625600843 101.09710707773183 101.07752482527887 101.02130481017197 100.94108074367114 100.91328657889919 100.9152718763829 100.9248374006226 100.93007136671602 100.93205666419973 100.93178594181559 100.9402685765187 100.94983410075841 100.9625580528131 100.97185285466864 100.97952332221935 100.9862913818229 100.99278871904232 101.00082014977188 101.00858085811728 101.01634156646271 101.02455347878168 101.03059961202754 101.03655550447866 101.04178947057208 101.04557958395007 101.0520769211695 101.05956690713076 101.06832026421804 101.07878819640487 101.09133166687013 101.10252152541469 101.1147942734958 101.12679629919278 101.13753495376376 101.15034914661317 101.16406574740971 101.17327030847055 101.1767896994644 101.17760186661683 101.1793164417164 101.18527233416754 101.18680642767767
101.04260163772452 101.04982090130164 101.02004143904598 100.96959683480078 100.92131800962873 100.90805261280576 100.91554259876705 100.92330330711245 100.9261007717486 100.9261007717486 100.92781534684816 100.93160546022615 100.94252459638656 100.95705336433554 100.96860418605894 100.97735754314621 100.98529873308105 100.99233751506875 101.00307616963973 101.010566155601 101.01706349282043 101.02256818129797 101.0278021473914 101.0315922607694 101.0348409293791 101.03908224673066 101.04332356408223 101.04927945653336 101.05758160964704 101.06507159560833 101.0770736213053 101.08808299826042 101.10053622793097 101.11253825362795 101.1238183529672 101.13383508118048 101.14728095959289 101.15206372171274 101.15459046396474 101.157026965422 101.16054635641585 101.16677297125113 101.16902899111899
101.08528553362429 101.04359428646637 100.98060621175593 100.92258138075474 100.89857732936079 100.90606731532206 100.91454995002519 100.9242959558543 100.93007136671602 100.93079329307373 100.92835679161645 100.92835679161645 100.93927592777685 100.95127795347383 100.96355070155495 100.97555272725192 100.98656210420704 100.99378136778418 101.00235424328203 101.01083687798514 101.01733421520457 101.02157553255611 101.02428275639754 101.02807286977554 101.02708022103369 101.03078009361697 101.03429948461081 101.03854080196237 101.04585030633422 101.05379149626906 101.06407894686647 101.07553952779516 101.08555625600843 101.0955729842217 101.10658236117682 101.11380162475395 101.12481100170906 101.12778894793463 101.13103761654435 101.13509845230648 101.13879832488975 101.14583710687745 101.15206372171274
