static/data/pressure/2023/7/24/12.asc
ncols 137
nrows 93
xllcorner 108.0
yllcorner 17.0
cellsize 0.25
NODATA_value -32767
[rows 0 to 18 of 93, columns 43 to 85 of 137]
100.57208613408513 100.59609018547907 100.62216977515146 100.64888105038683 100.62415507263518 100.61666508667389 100.60809221117606 100.6186503841576 100.62659157409246 100.633359633696 100.64310563952513 100.65140779263882 100.66386102230938 100.68759435131919 100.72585644827798 100.75960650550105 100.79037861649857 100.77187925358217 100.75960650550105 100.75139459318207 100.76159180298477 100.7701646784826 100.77810586841746 100.79985389994354 100.83712334816047 100.86888810789983 100.87989748485496 100.86365414180644 100.86365414180644 100.88134133757039 100.9273641428746 100.98538897387577 101.03908224673066 100.96986755718493 100.80941942418325 100.66313909595168 100.61684556826332 100.61161160216992 100.6070995624342 100.60439233859277 100.60935558230206 100.61810893938932 100.62911831634445
100.56116699792473 100.57686889620499 100.59211959051166 100.60114366998306 100.60240704110906 100.6083629335602 100.61964303289946 100.62713301886073 100.633359633696 100.64012769329956 100.64987369912869 100.66088307608382 100.67838979025835 100.70338649039415 100.7266686154304 100.73966328986923 100.74408508881022 100.73740727000138 100.73839991874324 100.74435581119437 100.7528384458975 100.76484047159448 100.77909851715931 100.7975978800757 100.82836999107322 100.84488405650589 100.84858392908917 100.83558925465033 100.85309596882487 100.88639482207438 100.93016160751073 100.97510152327835 100.97266502182107 100.90038214525508 100.72188585331055 100.63038168747043 100.59663163024736 100.60312896746677 100.59888765011522 100.60538498733463 100.61910158813117 100.63534493117972 100.65465646124854
100.54862352745945 100.56640096401813 100.58183213991424 100.59284151686937 100.60358017144036 100.61458954839547 100.6243355542246 100.62938903872859 100.63534493117972 100.64238371316742 100.65014442151283 100.66485367105123 100.68290182999405 100.70266456403644 100.70988382761358 100.71737381357484 100.7234199468207 100.73063921039783 100.7381291963591 100.74814592457237 100.7586138567592 100.77485719980774 100.79010789411443 100.80590003318939 100.82214337623793 100.83513805067676 100.84533526047946 100.857156804587 100.87583664909283 100.90290888750705 100.936388222346 100.9798842853982 100.96436286870738 100.8903654170418 100.74616062708866 100.68037508774206 100.6563710363481 100.6588977786001 100.64436901065113 100.64509093700885 100.65438573886439 100.66837306204508 100.68985037118705
100.54483341408147 100.56215964666657 100.5775908225627 100.59085621938566 100.60358017144036 100.61458954839547 100.62262097912503 100.62984024270216 100.63561565356386 100.64211299078327 100.64987369912869 100.66566583820365 100.68236038522576 100.6986037282743 100.70537178787787 100.71358370019686 100.72161513092641 100.73488052774938 100.74715327583051 100.75834313437505 100.77034516007203 100.78415200166329 100.79940269596997 100.81384122312424 100.82611397120536 100.83766479292876 100.8493960962416 100.86464679054829 100.87637809386112 100.90489418499077 100.94559278340684 101.00388833679216 101.00036894579831 100.93584677757771 100.82936263981506 100.7413778649688 100.70085974814216 100.67838979025835 100.67911171661606 100.68488712747777 100.6958965044329 100.69941589542674 100.71665188721713
100.54284811659775 100.5603548307723 100.5775908225627 100.59184886812751 100.60412161620863 100.61513099316375 100.6243355542246 100.63110361382815 100.637149747074 100.64337636190928 100.6551076652221 100.66512439343536 100.67983364297378 100.68560905383548 100.69562578204875 100.70510106549372 100.72008103741626 100.73587317649124 100.74940929569836 100.76438926762091 100.77909851715931 100.79290535875056 100.80734388590481 100.82187265385379 100.83261130842477 100.84235731425389 100.85435933995088 100.865368716906 100.87791218737125 100.90660876009034 100.9491121744007 100.99441305334717 101.013092897853 101.03258490951124 100.98863764248547 100.8878386747898 100.79209319159814 100.74110714258467 100.7118691250973 100.6991451730426 100.70483034310959 100.71890790708498 100.72811246814584
100.5463675075916 100.56261085064014 100.57939563845696 100.59284151686937 100.60358017144036 100.61458954839547 100.62388435025103 100.62911831634445 100.63489372720615 100.63958624853129 100.64888105038683 100.65736368508996 100.66359029992525 100.67035835952879 100.68335303396762 100.7004085441686 100.71638116483298 100.7343390829811 100.75211651953978 100.7676379362306 100.784873928021 100.7995831775594 100.81411194550839 100.82809926868907 100.83965009041248 100.85011802259932 100.85860065730243 100.86563943929015 100.88359735743825 100.91364754207805 100.9536242141364 100.97437959692064 101.00109087215603 101.02013167984069 101.04115778500908 101.0304191304381 100.9344029248623 100.8883801195581 100.77936923954344 100.75536518814948 100.71565923847527 100.73090993278197 100.73785847397495
100.54961617620131 100.56613024163399 100.58011756481467 100.59266103527995 100.60339968985092 100.6108896758122 100.61883086574703 100.62262097912503 100.62316242389332 100.62758422283432 100.63191578098058 100.63841311819999 100.64463973303528 100.65736368508996 100.67586304800636 100.69309903979675 100.71286177383915 100.73262450788152 100.75058242602964 100.77034516007203 100.78812259663071 100.80364401332153 100.81934591160179 100.83360395716662 100.84912537385746 100.87033196061526 100.87908531770255 100.87863411372896 100.8954189015458 100.92537884539088 100.94108074367114 100.94460013466498 100.97040900195321 100.98584017784933 101.01137832275343 101.01489771374729 101.05009162368579 101.01859758633057 100.8954189015458 100.77115732722446 100.73136113675552 100.73515125013353 100.74661183106222
100.55060882494317 100.56640096401813 100.57984684243053 100.59139766415394 100.60033150283064 100.60565570971877 100.6070995624342 100.60791172958663 100.60764100720249 100.60908485991791 100.61260425091177 100.62036495925717 100.63308891131186 100.64788840164498 100.66810233966093 100.68966988959761 100.70988382761358 100.73036848801368 100.75085314841378 100.77160853119803 100.79010789411443 100.80734388590481 100.82412867372165 100.83965009041248 100.85860065730243 100.88116085598097 100.89866757015551 100.89938949651322 100.91238417095205 100.92258138075474 100.93286883135215 100.9344029248623 100.94586350579098 100.96264829360781 100.98340367639206 101.00686628301771 101.02112432858254 101.04837704858622 100.96337021996553 100.8718660541254 100.7541018170235 100.73885112271681 100.75058242602964
100.55015762096959 100.56441566653442 100.5764176922314 100.58634417964996 100.5911269417698 100.59410488799537 100.59085621938566 100.59184886812751 100.59211959051166 100.59410488799537 100.60033150283064 100.61134087978577 100.62641109250302 100.6416617868097 100.66241716959397 100.68533833145133 100.70789853012987 100.72964656165597 100.75085314841378 100.77160853119803 100.79164198762456 100.80941942418325 100.82683589756307 100.84362068537989 100.86212004829629 100.88116085598097 100.89659203187708 100.90859405757405 100.91734741466134 100.92258138075474 100.92790558764287 100.93837351982971 100.9491121744007 100.96833346367481 100.9945935349366 100.99414233096303 100.99161558871104 101.0246437195764 101.02933624090154 100.97762826553036 100.85760800856058 100.7611405990112 100.75590663291777
100.54736015633345 100.55791832931502 100.56983011421727 100.5775908225627 100.58210286229838 100.57939563845696 100.58237358468253 100.58508080852395 100.59184886812751 100.59338296163766 100.59861692773107 100.60511426495049 100.62036495925717 100.63787167343172 100.65961970495782 100.68308231158348 100.70609371423558 100.72937583927182 100.75112387079793 100.77214997596631 100.79236391398227 100.81059255451453 100.82764806471549 100.84461333412175 100.85959330604429 100.8724074988937 100.88540217333252 100.89641155028765 100.90615755611677 100.91238417095205 100.92339354790717 100.93512485122 100.95010482314255 100.97212357705278 101.00009822341417 100.99441305334717 100.98836692010133 101.02265842209269 101.11163584568081 101.07211037759602 100.97816971029863 100.82412867372165 100.79308584033998
100.54113354149818 100.55241364083744 100.56315229540841 100.56766433514413 100.57037155898556 100.56964963262784 100.59058549700153 100.61413834442189 100.62866711237088 100.62614037011889 100.61558219713733 100.61837966177346 100.62965976111273 100.64716647528726 100.66710969091908 100.68560905383548 100.70762780774572 100.73036848801368 100.7516653155662 100.77233045755574 100.79236391398227 100.81158520325639 100.82737734233136 100.84334996299575 100.85787873094472 100.8693393118734 100.87989748485496 100.88937276829995 100.89911877412908 100.9095867063159 100.92213017678117 100.93359075770987 100.94839024804298 100.96914563082721 100.98385488036563 100.98565969625992 100.99612762844674 101.03438972540553 101.10685308356095 101.13437652594877 101.09015853653885 100.95714360513024 100.83658190339219
100.53337283315277 100.54483341408147 100.55187219606916 100.55791832931502 100.56883746547541 100.58959284825967 100.61458954839547 100.63886432217357 100.65808561144767 100.6710802858865 100.66765113568736 100.66936571078693 100.6754118440328 100.68416520112005 100.69436241092275 100.70266456403644 100.71466658973341 100.73009776562954 100.7516653155662 100.77214997596631 100.79164198762456 100.81059255451453 100.8263846935895 100.84208659186976 100.85661535981872 100.86888810789983 100.88116085598097 100.8916287881678 100.90308936909649 100.91734741466134 100.92934944035831 100.93810279744557 100.94938289678484 100.9663481661911 100.97564296804664 100.98259150923963 100.99883485228817 101.03511165176324 101.06660568911848 101.11109440091252 101.12463052011964 101.09015853653885 100.9286275140006
100.52940223818534 100.54212619024004 100.54916497222774 100.56008410838815 100.57659817382084 100.61513099316375 100.62641109250302 100.6403984156837 100.6518589966124 100.67387775052265 100.67911171661606 100.68109701409976 100.68362375635176 100.68633098019319 100.6971598755589 100.70609371423558 100.71638116483298 100.73036848801368 100.75184579715564 100.77133780881388 100.79037861649857 100.81014135054096 100.82611397120536 100.84163538789618 100.85562271107686 100.86789545915798 100.88016820723911 100.89207999214138 100.90489418499077 100.92086680565517 100.93286883135215 100.94288555956541 100.9536242141364 100.96833346367481 100.97816971029863 100.98791571612776 101.00533218950758 101.04160898898266 101.0623643717669 101.09665587375827 101.12390859376193 101.1313985797232 101.00235424328203
100.54591630361803 100.54690895235989 100.55584279103658 100.56585951924984 100.58111021355653 100.6128749732959 100.62460627660874 100.63290842972243 100.64491045541942 100.65808561144767 100.66485367105123 100.66891450681337 100.67514112164865 100.68109701409976 100.69210639105489 100.70464986152015 100.71638116483298 100.73334643423924 100.75437253940763 100.77386455106588 100.79236391398227 100.81239737040882 100.82764806471549 100.84262803663803 100.85688608220286 100.87141485015184 100.88413880220652 100.89740419902951 100.91337681969391 100.92962016274245 100.94387820830727 100.96337021996553 100.9778989879145 100.98791571612776 100.99360088619474 101.00812965414372 101.03411900302139 101.06462039163476 101.0598376295149 101.05460366342149 101.0726518223643 101.11560644064824 101.0636277428929
100.57713961858911 100.56739361275999 100.57163493011156 100.57786154494683 100.59338296163766 100.61034823104391 100.62614037011889 100.635886375948 100.6460835857507 100.65240044138068 100.6588977786001 100.66710969091908 100.6741484729068 100.68290182999405 100.69391120694918 100.70663515900387 100.72116392695284 100.7381291963591 100.75915530152749 100.77909851715931 100.79813932484399 100.81736061411807 100.83161865968292 100.84659863160546 100.86139812193858 100.87538544511926 100.8891020459158 100.90561611134848 100.92185945439702 100.93611749996185 100.9556095116201 100.97708682076207 101.00208352089788 101.01110760036929 101.01264169387943 101.02491444196055 101.05009162368579 101.06534231799247 101.04738439984436 101.04566982474479 101.07590049097402 101.11939655402622 101.07039580249646
100.61486027077962 100.59708283422093 100.59139766415394 100.59789500137336 100.6121530469382 100.6243355542246 100.63841311819999 100.65158827422826 100.66187572482568 100.65808561144767 100.66241716959397 100.67089980429708 100.67938243900021 100.68858700006105 100.69959637701616 100.71286177383915 100.72766126417226 100.74291195847894 100.76312589649491 100.78333983451085 100.80238064219554 100.8213312090855 100.83613069941862 100.85336669120902 100.86789545915798 100.88314615346468 100.89839684777137 100.91491091320405 100.93115425625258 100.94514157943327 100.96436286870738 100.9798842853982 101.004880985534 101.01913903109885 101.04160898898266 101.0541524594479 101.07635169494759 101.08510505203486 101.06913243137046 101.08564649680315 101.11614788541652 101.14015193681047 101.086639145545
100.630832891444 100.6199137552836 100.61540171554789 100.62659157409246 100.64084961965729 100.64211299078327 100.64590310416128 100.65934898257368 100.66936571078693 100.66611704217722 100.67062908191294 100.6781190678742 100.68687242496148 100.69634770840646 100.70762780774572 100.72116392695284 100.7343390829811 100.74859712854592 100.76790865861474 100.784873928021 100.80391473570567 100.8238579513375 100.84136466551205 100.85887137968658 100.87791218737125 100.89388480803565 100.9095867063159 100.92564956777503 100.94189291082355 100.9568728827461 100.97058948354264 100.98611090023347 101.00812965414372 101.02960696328569 101.0713884512383 101.13509845230648 101.15738792860085 101.1486345715136 101.11235777203852 101.12914255985535 101.14764192277174 101.16388526582028 101.11037247455481
100.61161160216992 100.63263770733829 100.64066913806785 100.65113707025469 100.65158827422826 100.64761767926083 100.64734695687669 100.6576344074741 100.66738041330322 100.6736070281385 100.68109701409976 100.68858700006105 100.69616722681704 100.70591323264615 100.71737381357484 100.72964656165597 100.74291195847894 100.75536518814948 100.77088660484031 100.78758115186243 100.80635123716296 100.82764806471549 100.8468693539896 100.86816618154212 100.88738747081624 100.90516490737491 100.92014487929745 100.93611749996185 100.95209012062625 100.96788225970123 100.97862091427221 101.00262496566616 101.0246437195764 101.06389846527705 101.12634509521921 101.19510858079136 101.22560996940473 101.20665940251476 101.15134179535502 101.15838057734271 101.17462392039126 101.19862797178521 101.15188324012331
100.60935558230206 100.64463973303528 100.65041514389696 100.64409828826699 100.63859359978943 100.64563238177713 100.6551076652221 100.66512439343536 100.6748703992645 100.68335303396762 100.6908430199289 100.69761107953245 100.70464986152015 100.71412514496515 100.72486379953612 100.7368658252331 100.74913857331421 100.76186252536891 100.77639129331789 100.79263463636642 100.81140472166696 100.8341454019349 100.85616415584515 100.87764146498712 100.89812612538722 100.9159035619459 100.93115425625258 100.94559278340684 100.96138492248181 100.98015500778234 100.99558618367845 101.02662901706012 101.06534231799247 101.10658236117682 101.15558311270658 101.21315673973419 101.24185331245327 101.20133519562664 101.16487791456214 101.18039933125296 101.21216409099233 101.24058994132727 101.18608450131995
