static/data/pressure/2023/7/24/18.asc
ncols 137
nrows 93
xllcorner 108.0
yllcorner 17.0
cellsize 0.25
NODATA_value -32767
[rows 57 to 75 of 93, columns 43 to 85 of 137]
100.87872435452368 100.82376771054278 100.76348685967376 100.69977685860559 100.65023466230754 100.6274939820396 100.60971654548092 100.5975340381945 100.59924861329407 100.61422858521661 100.64003745250486 100.67126076747593 100.70104022973159 100.72775150496697 100.74426557039966 100.75473350258649 100.7637575820579 100.77449623662888 100.78126429623245 100.7862275399417 100.79272487716113 100.79877101040698 100.8027416053744 100.81203640722995 100.81826302206522 100.82674565676835 100.83676238498161 100.84650839081075 100.85571295187158 100.86951979346284 100.87746098339768 100.89298240008851 100.90597707452734 100.91797910022433 100.93151521943145 100.94099050287642 100.95272180618925 100.9612946816871 100.97076996513208 100.98277199082906 100.99477401652604 101.00677604222301 101.0194999942777
100.79101030206157 100.73154161834496 100.68100677330506 100.62975000190744 100.6135066588589 100.59446585117423 100.561708442693 100.53977992957748 100.54050185593519 100.55521110547359 100.57948587925168 100.63354011528543 100.6792921982055 100.70825949330873 100.73352691582866 100.74697279424109 100.75347013146049 100.75852361596448 100.76799889940946 100.77323286550288 100.77927899874874 100.785505613584 100.79128102444571 100.79651499053912 100.8065317187524 100.81221688881938 100.8212409682908 100.83071625173578 100.83649166259747 100.84921561465218 100.85670560061344 100.86951979346284 100.88179254154397 100.89198975134666 100.90354057307006 100.9140085052569 100.92249113996003 100.9325078681733 100.94324652274427 100.9549778260571 100.96923587162193 100.98123789731892 100.99675931400975
100.70546202867259 100.66701945012437 100.6204552000519 100.60376065302978 100.59076597859095 100.55575255024188 100.52200249301879 100.50503722361255 100.48951580692172 100.49826916400897 100.52822910785407 100.61621388270032 100.68145797727863 100.70528154708316 100.72802222735112 100.73876088192209 100.74751423900936 100.75076290761906 100.7567188000702 100.7637575820579 100.7657428795416 100.77052564166146 100.7797302027223 100.78126429623245 100.79227367318757 100.796244268155 100.8047269028581 100.81248761120352 100.81826302206522 100.82746758312607 100.83622094021334 100.84650839081075 100.85625439663987 100.86672232882671 100.87520496352982 100.88603385889552 100.89379456724095 100.90552587055377 100.91599380274062 100.92925919956359 100.94423917148613 100.95723384592496 100.97600393122549
100.6499639399234 100.62099664482017 100.60502402415578 100.5885099587231 100.56721313117056 100.52750718149636 100.50602987235439 100.47850642996659 100.46424838440176 100.49474977301512 100.54050185593519 100.67848003105307 100.73127089596083 100.74498749675737 100.73271474867624 100.74273147688952 100.74246075450537 100.75004098126135 100.7497702588772 100.75726024483849 100.7592455423222 100.7592455423222 100.76772817702532 100.76799889940946 100.77575960775488 100.7802716474906 100.785505613584 100.79299559954528 100.79850028802284 100.80499762524225 100.81474363107138 100.82097024590665 100.83071625173578 100.83974033120718 100.84750103955261 100.8589616204813 100.86672232882671 100.87899507690783 100.89171902896251 100.90498442578549 100.92249113996003 100.93729063029313 100.9575045683091
100.61675532746861 100.61197256534876 100.59599994468435 100.57804202653627 100.55629399501015 100.51577587818352 100.50774444745397 100.47625041009874 100.5297632013642 100.56026458997758 100.71403490417043 100.85652511902401 100.83974033120718 100.75951626470633 100.74724351662522 100.74426557039966 100.73776823318023 100.75022146285077 100.74128762417409 100.74850688775122 100.7497702588772 100.75004098126135 100.75247748271863 100.75428229861292 100.75825289358035 100.76420878603147 100.76971347450903 100.77503768139717 100.78126429623245 100.78478368722628 100.79498089702899 100.80075630789068 100.80797557146782 100.81672892855508 100.82376771054278 100.8360404586239 100.84479381571118 100.85878113889186 100.87177581333069 100.88747771161094 100.90498442578549 100.9230325847283 100.94450989387028
100.61251401011705 100.60800197038135 100.59202934971695 100.57371046838998 100.55602327262602 100.51523443341523 100.51171504242137 100.50196903659226 100.56576927845514 100.86049571399143 101.05325005150078 101.1052287492561 100.89451649359866 100.79795884325456 100.7650209531839 100.7637575820579 100.7349707685441 100.74498749675737 100.73397811980225 100.73352691582866 100.73524149092823 100.73524149092823 100.7349707685441 100.73749751079609 100.73749751079609 100.74471677437323 100.75076290761906 100.75572615132835 100.7650209531839 100.76799889940946 100.77828635000688 100.782978871332 100.79028837570385 100.79949293676468 100.8065317187524 100.81952639319123 100.83098697411992 100.84524501968475 100.86049571399143 100.87646833465583 100.8935238448568 100.91247441174676 100.93404196168343
100.61648460508447 100.60321920826149 100.5897733298491 100.57551528428426 100.55448917911588 100.52353658652893 100.53400451871576 100.53698246494133 100.64824936482383 100.96526527665452 101.30872174133643 101.24302644278455 100.91924247135032 100.79976365914882 100.76745745464117 100.7657428795416 100.73424884218637 100.73226354470268 100.72323946523126 100.71953959264798 100.71953959264798 100.72125416774756 100.71674212801184 100.7177347767537 100.71674212801184 100.72702957860926 100.73298547106039 100.73921208589566 100.74877761013535 100.75328964987106 100.76222348854776 100.76772817702532 100.77675225649674 100.78595681755758 100.79651499053912 100.80950966497795 100.82322626577451 100.83874768246532 100.85399837677201 100.86825642233684 100.88504121015366 100.90173575717577 100.91897174896617
100.6115213613752 100.59951933567821 100.59049525620681 100.57722985938383 100.55602327262602 100.54402124692905 100.54320907977662 100.53653126096776 100.63101337303344 100.92447643744373 101.27298638662965 101.05027210527521 100.83802575610761 100.76177228457419 100.75599687371249 100.7497702588772 100.72675885622512 100.71926887026385 100.70825949330873 100.6979720427113 100.6940014477439 100.6927380766179 100.69048205675004 100.69472337410161 100.70104022973159 100.70952286443472 100.7164714056277 100.7235101876154 100.73199282231853 100.7382194371538 100.74625086788338 100.75473350258649 100.7650209531839 100.77774490523859 100.79028837570385 100.80373425411625 100.81898494842294 100.83378443875604 100.84750103955261 100.86103715875971 100.87349038843026 100.88747771161094 100.89975045969207
100.60872389673906 100.60150463316192 100.59248055369052 100.57876395289398 100.561708442693 100.55475990150002 100.53626053858362 100.58047852799353 100.7349707685441 101.0334873174584 101.29301984305617 100.91003791028947 100.7510336300032 100.76420878603147 100.76023819106405 100.72847343132469 100.71674212801184 100.7030255272153 100.68597001701433 100.67622401118521 100.66927546999223 100.66729017250852 100.67126076747593 100.6742387137015 100.68254086681519 100.68723338814033 100.69454289251217 100.70248408244701 100.70898141966644 100.71926887026385 100.72721006019869 100.74029497543223 100.75500422497063 100.77052564166146 100.78451296484214 100.7969661945127 100.81023159133568 100.82322626577451 100.8360404586239 100.84695959478432 100.85499102551387 100.86428582736943 100.87321966604613
100.60773124799721 100.60078270680421 100.59329272084295 100.58101997276182 100.56396446256085 100.56522783368685 100.54726991553873 100.66873402522394 101.00100063136131 101.29753188279189 101.23851440304885 100.8507497081623 100.72748078258283 100.75401157622878 100.74128762417409 100.70446937993073 100.70528154708316 100.67279486098607 100.66277813277281 100.6537540533014 100.64797864243968 100.64653478972427 100.64978345833397 100.65023466230754 100.65898801939483 100.66277813277281 100.67026811873407 100.67820930866893 100.68398471953063 100.69697939396947 100.70627419582502 100.7222468164894 100.73776823318023 100.75220676033449 100.7670062506676 100.77873755398045 100.79425897067128 100.80671220034182 100.8187142260388 100.8282797502785 100.83576973623975 100.84353044458518 100.85002778180458
100.60773124799721 100.59870716852578 100.59599994468435 100.58571249408695 100.5662204824287 100.58327599262967 100.55124051050616 100.67026811873407 101.01399530580014 101.18427968542568 100.96147516327653 100.78397152007386 100.73451956457052 100.73154161834496 100.70979358681886 100.68073605092091 100.67378750972793 100.63696926548457 100.637781432637 100.62677205568188 100.62253073833031 100.62325266468802 100.62271121991975 100.62577940694003 100.62947927952331 100.63372059687487 100.64021793409428 100.64797864243968 100.6562807955534 100.66873402522394 100.67848003105307 100.69553554125403 100.71078623556072 100.72648813384097 100.7445362927838 100.75626759609663 100.77350358788702 100.7862275399417 100.79949293676468 100.8097803873621 100.81672892855508 100.8244896369005 100.83071625173578
100.60673859925535 100.59446585117423 100.59248055369052 100.58453936375567 100.56522783368685 100.5879685139548 100.55674519898373 100.65646127714282 100.94604398738042 101.10378489654069 100.82521156325821 100.70501082469902 100.7087106972823 100.68750411052447 100.6697266739658 100.65023466230754 100.63498396800085 100.60854341514963 100.61179208375934 100.60024126203592 100.59870716852578 100.60051198442007 100.59220983130638 100.59726331581035 100.59699259342621 100.60348993064564 100.60926534150734 100.6160334011109 100.62550868455588 100.63723998786871 100.65023466230754 100.66620728297194 100.68199942204691 100.69851348747959 100.71701285039599 100.72973680245069 100.74724351662522 100.75996746867992 100.77350358788702 100.78722018868356 100.79525161941314 100.80779508987838 100.81672892855508
100.6044825793875 100.59374392481652 100.5910367009751 100.57948587925168 100.56847650229656 100.57903467527812 100.56252060984542 100.61449930760075 100.80923894259382 100.95849721705096 100.7260369298674 100.65474670204325 100.69553554125403 100.6595294641631 100.64247395396214 100.62027471846245 100.60051198442007 100.58228334388781 100.58147117673539 100.57046179978028 100.56721313117056 100.56576927845514 100.55954266361987 100.56423518494499 100.55999386759343 100.56775457593885 100.57298854203226 100.58147117673539 100.59220983130638 100.60421185700335 100.61846990256818 100.635254690385 100.65050538469168 100.66747065409794 100.68398471953063 100.6979720427113 100.71629092403828 100.72702957860926 100.74372412563137 100.75726024483849 100.76998419689318 100.784242242458 100.79552234179728
100.59798524216806 100.5892318850808 100.58246382547725 100.57650793302612 100.56676192719699 100.5687472246807 100.56125723871943 100.58823923633895 100.76772817702532 100.8040049765004 100.65754416667939 100.62920855713917 100.65528814681154 100.61702604985275 100.60096318839364 100.58426864137152 100.56423518494499 100.55376725275816 100.54645774838632 100.53752390970962 100.5355386122259 100.5310265724902 100.52723645911222 100.52822910785407 100.52452923527079 100.53274114758977 100.53653126096776 100.54546509964446 100.55728664375201 100.56946915103842 100.58571249408695 100.60123391077778 100.61702604985275 100.63272794813301 100.64725671608197 100.66223668800453 100.6792921982055 100.69075277913419 100.70798877092459 100.72125416774756 100.73749751079609 100.75247748271863 100.7662843243099
100.59302199845881 100.58652466123938 100.57975660163582 100.57452263554241 100.56721313117056 100.56297181381899 100.5584597740833 100.57172517090626 100.60746052561306 100.63850335899471 100.61774797621047 100.60800197038135 100.60628739528178 100.57876395289398 100.56224988746128 100.54501389567088 100.52452923527079 100.52001719553508 100.5080151698381 100.50151783261869 100.49502049539926 100.49123038202129 100.48924508453757 100.488793880564 100.48978652930586 100.4964643481147 100.49998373910854 100.51099311606367 100.5227244193765 100.53274114758977 100.54997713938016 100.56351325858728 100.58147117673539 100.5962706670685 100.60998726786505 100.62550868455588 100.63877408137886 100.65203947820183 100.66729017250852 100.68172869966277 100.69851348747959 100.71547875688584 100.72928559847712
100.58553201249752 100.58002732401997 100.57425191315826 100.56928866944898 100.56450590732913 100.55701592136788 100.55051858414845 100.54853328666474 100.56721313117056 100.57398119077412 100.57226661567455 100.56901794706485 100.55196243686387 100.5310265724902 100.51496371103109 100.49853988639312 100.48951580692172 100.48527448957014 100.47173837036303 100.4657824779119 100.45802176956649 100.45350972983078 100.45197563632064 100.45071226519464 100.45504382334092 100.45847297354007 100.4657824779119 100.47525776135689 100.48346967367587 100.49402784665742 100.50774444745397 100.52146104825052 100.54050185593519 100.55250388163216 100.56604000083928 100.58020780560939 100.5910367009751 100.60746052561306 100.62153808958846 100.63751071025285 100.6562807955534 100.67378750972793 100.69174542787604
100.57948587925168 100.57352998680055 100.56703264958114 100.56071579395115 100.55647447659959 100.5477211195123 100.54203594944534 100.53824583606733 100.53499716745762 100.53228994361619 100.52425851288665 100.51523443341523 100.50025446149269 100.487530509438 100.47552848374103 100.46803849777974 100.46172164214975 100.45251708108893 100.44150770413381 100.43076904956283 100.4197596726077 100.41425498413014 100.41199896426228 100.41172824187814 100.41551835525614 100.417774375124 100.42779110333726 100.43401771817253 100.44123698174967 100.45053178360521 100.46027778943433 100.47354318625732 100.48771099102743 100.49998373910854 100.51478322944166 100.52922175659592 100.5424871534189 100.56125723871943 100.57777130415212 100.59951933567821 100.61828942097875 100.63850335899471 100.65970994575254
100.57154468931684 100.56522783368685 100.55827929249386 100.5507893065326 100.54402124692905 100.53571909381533 100.52877055262235 100.52028791791922 100.51171504242137 100.5009763878504 100.48698906466971 100.47372366784674 100.46172164214975 100.45125370996293 100.44403444638579 100.43871023949767 100.4324836246624 100.4222864148597 100.40604307181115 100.38754370889477 100.37824890703921 100.3724734961775 100.3692248275678 100.36976627233608 100.37346614491936 100.37725625829735 100.38303166915905 100.38772419048419 100.3942215277036 100.40279440320145 100.41001366677857 100.42246689644912 100.43221290227825 100.44647094784307 100.46271429089161 100.4792283563243 100.49745699685654 100.51902454679322 100.53878728083562 100.56224988746128 100.58526129011338 100.60953606389148 100.635254690385
100.56423518494499 100.55548182785773 100.54726991553873 100.53950920719333 100.52922175659592 100.5182123796408 100.50602987235439 100.49204254917372 100.47895763394015 100.46271429089161 100.44674167022721 100.43546157088795 100.42752038095311 100.42246689644912 100.42021087658128 100.41425498413014 100.39972621618116 100.37996348213878 100.3545155780294 100.33953560610686 100.3302408042513 100.3244653933896 100.32202889193232 100.32374346703189 100.32500683815788 100.32870671074116 100.33303826888744 100.33872343895443 100.34504029458441 100.35171811339326 100.35947882173866 100.37075892107794 100.38176829803305 100.3980116410816 100.41425498413014 100.43203242068881 100.45378045221493 100.47525776135689 100.50151783261869 100.52678525513865 100.55448917911588 100.58246382547725 100.61224328773291
