static/data/pressure/2023/7/24/6.asc
ncols 137
nrows 93
xllcorner 108.0
yllcorner 17.0
cellsize 0.25
NODATA_value -32767
[rows 57 to 75 of 93, columns 0 to 42 of 137]
100.66440246707765 100.6741484729068 100.635886375948 100.60565570971877 100.61260425091177 100.63011096508629 100.61314569568005 100.67658497436408 100.75960650550105 100.78938596775671 100.73984377145867 100.66683896853493 100.65212971899653 100.65989042734196 100.64238371316742 100.62036495925717 100.6025875226985 100.57389094997941 100.57515432110542 100.61684556826332 100.65736368508996 100.72260777966827 100.78460320563686 100.8398305720019 100.82990408458335 100.75635783689134 100.6786605126425 100.66566583820365 100.6786605126425 100.70591323264615 100.70158167449988 100.69364048456504 100.72910511688768 100.74534845993622 100.75635783689134 100.788664041399 100.81636796537622 100.79164198762456 100.82809926868907 100.82340674736393 100.81384122312424 100.86961003425755 100.90561611134848
100.6723436570125 100.70961310522944 100.74986049967193 100.7310904143714 100.6978818019166 100.67089980429708 100.63913504455772 100.70058902575802 100.72161513092641 100.6986037282743 100.67189245303894 100.73316595264981 100.74787520218823 100.7208932045687 100.63263770733829 100.60935558230206 100.63263770733829 100.65014442151283 100.66115379846796 100.67441919529094 100.71863718470084 100.79588330497613 100.85688608220286 100.83459660590847 100.80635123716296 100.7413778649688 100.70284504562588 100.68858700006105 100.70266456403644 100.72883439450355 100.71737381357484 100.72441259556255 100.76141132139534 100.76141132139534 100.7676379362306 100.8169094101445 100.84389140776403 100.78261790815314 100.74435581119437 100.7528384458975 100.78189598179544 100.81465339027667 100.78216670417957
100.66458294866709 100.67965316138435 100.7343390829811 100.75040194444021 100.71538851609112 100.65916850098425 100.65258092297012 100.6958965044329 100.64662503051898 100.63209626257 100.7036572127783 100.78965669014084 100.76511119397863 100.69210639105489 100.65285164535426 100.7611405990112 100.81339001915067 100.81239737040882 100.74787520218823 100.72459307715198 100.72287850205241 100.78433248325271 100.79137126524041 100.77566936696017 100.7963345089497 100.7426412360948 100.70889117887172 100.70934238284529 100.72585644827798 100.77386455106588 100.77963996192759 100.7701646784826 100.76538191636277 100.77061588245617 100.78189598179544 100.82358722895336 100.84316948140632 100.8033732909374 100.77034516007203 100.76691600987289 100.78983717173028 100.7118691250973 100.6710802858865
100.64833960561855 100.6416617868097 100.67983364297378 100.69508433728046 100.66034163131553 100.61413834442189 100.64888105038683 100.68389447873591 100.64861032800269 100.6288475939603 100.6978818019166 100.77187925358217 100.76583312033632 100.6978818019166 100.72008103741626 100.82358722895336 100.83784527451819 100.8148338718661 100.75834313437505 100.81708989173394 100.81537531663439 100.73713654761724 100.73641462125953 100.72639789304627 100.77485719980774 100.74733375741994 100.75238724192391 100.75184579715564 100.75491398417591 100.79290535875056 100.81636796537622 100.79714667610213 100.78415200166329 100.76511119397863 100.77612057093374 100.80283184616911 100.83558925465033 100.7995831775594 100.76159180298477 100.75888457914334 100.74164858735294 100.66638776456136 100.62090640402546
100.6288475939603 100.60339968985092 100.63660830230572 100.64283491714099 100.60791172958663 100.58860019951781 100.61883086574703 100.65411501648025 100.6986037282743 100.67884099423193 100.65709296270582 100.71611044244884 100.76908178894602 100.72711981940398 100.74986049967193 100.78090333305359 100.79534186020784 100.76384782285263 100.74886785093007 100.8513813937253 100.87412207399326 100.79588330497613 100.74489725596266 100.73235378549738 100.77612057093374 100.786137299147 100.79660523133384 100.7758498485496 100.77891803556987 100.77485719980774 100.80463666206339 100.79516137861842 100.76863058497246 100.74958977728778 100.73533173172295 100.75888457914334 100.82864071345735 100.76285517411077 100.71611044244884 100.68786507370334 100.67089980429708 100.64861032800269 100.61783821700517
100.634623004822 100.60439233859277 100.62108688561489 100.62911831634445 100.61964303289946 100.60484354256634 100.58038828719882 100.60890437832849 100.67911171661606 100.71990055582684 100.6958965044329 100.7004085441686 100.7586138567592 100.72585644827798 100.75265796430806 100.78063261066944 100.82340674736393 100.80012462232769 100.78415200166329 100.80689268193125 100.82909191743093 100.80463666206339 100.75933578311691 100.76258445172662 100.787400670273 100.80635123716296 100.8225945802115 100.7975978800757 100.7541018170235 100.73785847397495 100.76835986258831 100.77115732722446 100.74291195847894 100.72910511688768 100.7131324962233 100.74164858735294 100.82485060007936 100.74191930973709 100.67008763714465 100.64084961965729 100.63408156005372 100.63038168747043 100.637149747074
100.6773971415165 100.65140779263882 100.65916850098425 100.66440246707765 100.65862705621596 100.63263770733829 100.57741034097326 100.60285824508263 100.7171030911907 100.77088660484031 100.75040194444021 100.7393925674851 100.74588990470451 100.72910511688768 100.76511119397863 100.79092006126685 100.84461333412175 100.87159533174126 100.8308967333252 100.77233045755574 100.73758775159081 100.72711981940398 100.73614389887538 100.74958977728778 100.77539864457603 100.79714667610213 100.80941942418325 100.78135453702716 100.73740727000138 100.71764453595898 100.7368658252331 100.73036848801368 100.7234199468207 100.71737381357484 100.73533173172295 100.7701646784826 100.81808254047579 100.75563591053363 100.69237711343904 100.66665848694551 100.6551076652221 100.65240044138068 100.66359029992525
100.68010436535792 100.68759435131919 100.69391120694918 100.6953550596646 100.68633098019319 100.66286837356753 100.61458954839547 100.66990715555522 100.77864731318573 100.79913197358584 100.76411854523677 100.73415860139167 100.75238724192391 100.7689013073566 100.76014795026934 100.74534845993622 100.74408508881022 100.77034516007203 100.81113399928282 100.78559585437871 100.7393925674851 100.7183664623167 100.72711981940398 100.7586138567592 100.79841004722813 100.80391473570567 100.79037861649857 100.76935251133017 100.76041867265349 100.74940929569836 100.73858040033267 100.72684909701984 100.73641462125953 100.75762120801734 100.787400670273 100.79434921146598 100.78433248325271 100.73641462125953 100.71340321860744 100.69210639105489 100.68236038522576 100.68208966284162 100.68560905383548
100.66241716959397 100.6940916885386 100.68840651847162 100.66359029992525 100.64391780667756 100.64211299078327 100.64112034204142 100.72062248218455 100.7758498485496 100.76086987662705 100.71638116483298 100.7023938416523 100.73361715662338 100.75635783689134 100.74787520218823 100.74065593861108 100.73713654761724 100.7368658252331 100.76014795026934 100.75689928165963 100.72865391291411 100.71484707132285 100.72883439450355 100.7624039701372 100.78433248325271 100.76465999000504 100.75238724192391 100.7611405990112 100.78514465040514 100.80463666206339 100.79588330497613 100.78261790815314 100.77287190232403 100.77287190232403 100.77287190232403 100.75717000404377 100.72287850205241 100.70564251026201 100.69490385569104 100.68885772244519 100.68939916721347 100.69436241092275 100.6991451730426
100.6563710363481 100.68813579608748 100.69237711343904 100.66765113568736 100.64635430813485 100.65862705621596 100.67911171661606 100.70916190125587 100.70113047052631 100.68858700006105 100.68416520112005 100.6940916885386 100.71015454999772 100.70988382761358 100.71935911105855 100.75960650550105 100.78090333305359 100.76141132139534 100.73515125013353 100.71015454999772 100.6946331333069 100.69066253833947 100.7023938416523 100.72188585331055 100.73488052774938 100.73388787900753 100.72711981940398 100.7439046072208 100.77260117993988 100.79940269596997 100.80508786603697 100.79308584033998 100.74733375741994 100.7266686154304 100.72008103741626 100.71665188721713 100.71286177383915 100.72062248218455 100.71087647635544 100.70889117887172 100.70988382761358 100.70735708536158 100.70862045648758
100.63065240985458 100.66259765118339 100.69436241092275 100.6786605126425 100.66891450681337 100.68290182999405 100.68335303396762 100.66936571078693 100.67766786390064 100.69183566867076 100.6953550596646 100.69941589542674 100.7183664623167 100.72260777966827 100.71683236880656 100.74110714258467 100.7451679783468 100.72585644827798 100.71340321860744 100.68741386972977 100.67333630575436 100.68163845886805 100.6953550596646 100.6986037282743 100.70663515900387 100.71538851609112 100.72116392695284 100.74561918232037 100.7803618882853 100.79561258259199 100.78514465040514 100.79236391398227 100.7573504856332 100.7356024541071 100.72883439450355 100.72865391291411 100.72414187317841 100.72612717066212 100.71809573993255 100.71538851609112 100.71466658973341 100.71241056986558 100.71638116483298
100.6255989253506 100.64211299078327 100.66837306204508 100.6723436570125 100.66638776456136 100.67586304800636 100.67135100827065 100.66566583820365 100.70510106549372 100.72134440854227 100.72838319052997 100.72612717066212 100.74209979132651 100.74011449384281 100.72883439450355 100.72287850205241 100.72486379953612 100.70708636297744 100.6953550596646 100.67838979025835 100.67189245303894 100.67983364297378 100.6940916885386 100.69959637701616 100.70636443661972 100.72287850205241 100.72865391291411 100.75563591053363 100.788664041399 100.77160853119803 100.74760447980408 100.75509446576534 100.7573504856332 100.73839991874324 100.73785847397495 100.73614389887538 100.73235378549738 100.72937583927182 100.72441259556255 100.7208932045687 100.71908838867441 100.71935911105855 100.71908838867441
100.63687902468986 100.64491045541942 100.65240044138068 100.65591983237454 100.65591983237454 100.67189245303894 100.67884099423193 100.68633098019319 100.71141792112373 100.72441259556255 100.74309244006837 100.74787520218823 100.77034516007203 100.76962323371431 100.74209979132651 100.71890790708498 100.72811246814584 100.70735708536158 100.68759435131919 100.6773971415165 100.67685569674822 100.68488712747777 100.70158167449988 100.71114719873958 100.7183664623167 100.73533173172295 100.74489725596266 100.76411854523677 100.76908178894602 100.75536518814948 100.73912184510095 100.74110714258467 100.74083642020052 100.74065593861108 100.7413778649688 100.74011449384281 100.73740727000138 100.73289523026567 100.72964656165597 100.72585644827798 100.7208932045687 100.72387115079427 100.71908838867441
100.65664175873225 100.65835633383182 100.64833960561855 100.65312236773839 100.65339309012253 100.67189245303894 100.69391120694918 100.70338649039415 100.70338649039415 100.70564251026201 100.72766126417226 100.74634110867808 100.80138799345369 100.79841004722813 100.76962323371431 100.73361715662338 100.73614389887538 100.71087647635544 100.68362375635176 100.68389447873591 100.68714314734562 100.69734035714832 100.71565923847527 100.72360042841012 100.72811246814584 100.7451679783468 100.7541018170235 100.75635783689134 100.75762120801734 100.75013122205607 100.74859712854592 100.74814592457237 100.74616062708866 100.74435581119437 100.74588990470451 100.74237051371065 100.74083642020052 100.73515125013353 100.73235378549738 100.72711981940398 100.72161513092641 100.72414187317841 100.71908838867441
100.67838979025835 100.66214644720982 100.64734695687669 100.64536165939299 100.65014442151283 100.67008763714465 100.69210639105489 100.70158167449988 100.69815252430074 100.69761107953245 100.70834973410344 100.71484707132285 100.78090333305359 100.81158520325639 100.787400670273 100.73415860139167 100.72585644827798 100.7036572127783 100.68813579608748 100.68985037118705 100.70338649039415 100.71565923847527 100.72937583927182 100.73316595264981 100.73587317649124 100.74561918232037 100.75464326179177 100.75383109463935 100.75184579715564 100.75265796430806 100.75139459318207 100.75184579715564 100.75058242602964 100.74913857331421 100.74886785093007 100.7426412360948 100.74237051371065 100.7368658252331 100.7343390829811 100.73063921039783 100.72540524430441 100.72188585331055 100.71935911105855
100.6901210935712 100.66864378442922 100.63687902468986 100.62839638998673 100.63985697091543 100.65158827422826 100.66891450681337 100.6761337703905 100.6781190678742 100.68660170257733 100.68236038522576 100.67685569674822 100.70862045648758 100.73758775159081 100.73713654761724 100.6991451730426 100.70311576801001 100.70762780774572 100.70158167449988 100.71033503158715 100.72314922443655 100.72739054178811 100.73659510284895 100.73885112271681 100.7439046072208 100.7484166469565 100.75013122205607 100.74986049967193 100.74958977728778 100.75184579715564 100.74760447980408 100.74913857331421 100.74787520218823 100.74616062708866 100.74634110867808 100.74237051371065 100.74237051371065 100.73758775159081 100.73316595264981 100.72883439450355 100.72414187317841 100.71665188721713 100.7171030911907
100.69508433728046 100.66386102230938 100.63733022866343 100.63164505859643 100.64211299078327 100.64734695687669 100.65537838760625 100.66115379846796 100.66133428005739 100.66638776456136 100.66665848694551 100.66909498840279 100.69111374231304 100.71538851609112 100.72116392695284 100.70410841675186 100.7023938416523 100.71583972006471 100.7221565756947 100.72838319052997 100.73063921039783 100.73090993278197 100.73587317649124 100.73912184510095 100.74435581119437 100.74534845993622 100.74787520218823 100.75040194444021 100.74760447980408 100.74859712854592 100.74733375741994 100.74859712854592 100.74787520218823 100.74661183106222 100.74715327583051 100.74435581119437 100.74038521622694 100.73912184510095 100.73334643423924 100.72684909701984 100.72233705728412 100.71466658973341 100.71015454999772
100.65790512985825 100.64761767926083 100.65258092297012 100.6538442940961 100.65483694283796 100.6518589966124 100.65465646124854 100.65664175873225 100.65591983237454 100.66016114972611 100.66864378442922 100.67441919529094 100.68587977621962 100.70789853012987 100.72513452192027 100.72260777966827 100.71683236880656 100.72360042841012 100.72486379953612 100.72612717066212 100.72711981940398 100.72883439450355 100.7368658252331 100.73858040033267 100.74336316245251 100.74408508881022 100.74408508881022 100.74435581119437 100.74336316245251 100.74534845993622 100.74408508881022 100.74291195847894 100.74309244006837 100.7426412360948 100.74038521622694 100.74164858735294 100.73885112271681 100.73641462125953 100.73063921039783 100.72260777966827 100.71484707132285 100.70916190125587 100.70158167449988
100.6505956254864 100.6551076652221 100.66485367105123 100.66485367105123 100.66340981833581 100.66485367105123 100.66359029992525 100.65808561144767 100.65483694283796 100.66016114972611 100.67640449277464 100.69138446469718 100.6991451730426 100.70789853012987 100.7131324962233 100.71665188721713 100.72188585331055 100.72639789304627 100.72540524430441 100.72558572589384 100.72639789304627 100.72684909701984 100.73163185913967 100.73361715662338 100.7368658252331 100.73858040033267 100.73966328986923 100.74038521622694 100.74209979132651 100.73912184510095 100.73984377145867 100.73839991874324 100.7381291963591 100.73758775159081 100.73587317649124 100.73587317649124 100.7356024541071 100.7310904143714 100.72711981940398 100.71990055582684 100.71033503158715 100.70284504562588 100.69562578204875
