static/data/pressure/2023/7/25/12.asc
ncols 137
nrows 93
xllcorner 108.0
yllcorner 17.0
cellsize 0.25
NODATA_value -32767
[rows 19 to 37 of 93, columns 43 to 85 of 137]
100.91346706048861 100.93295907214687 100.92176921360232 100.91075983664719 100.90850381677934 100.9165352475089 100.92501788221202 100.93521509201472 100.94649519135399 100.95795577228267 100.96725057413823 100.97726730235149 100.98845716089603 101.0035273736133 101.01778541917814 101.03123129759054 101.04603078792366 101.06371798368761 101.08672938633973 101.11326017998566 101.14403229098318 101.17823355217982 101.20972758953505 101.238785125433 101.26351110318465 101.28273239245877 101.30050982901744 101.31801654319199 101.33678662849253 101.3577224928662 101.37947052439229 101.41601804625151 101.45798001579358 101.49371537050037 101.54027962057285 101.58747555620833 101.5949655421696 101.52178025765646 101.49100814665894 101.50102487487221 101.52250218401417 101.5264727789816 101.50779293447577
100.89171902896251 100.89325312247266 100.8909971026048 100.8947872159828 100.90372105465948 100.91229393015733 100.91599380274062 100.92402523347016 100.93521509201472 100.94902193360598 100.95948986579282 100.96851394526423 100.97726730235149 100.98746451215419 101.00045918659303 101.0157098808997 101.03321659507425 101.0527086067325 101.07824675163658 101.10748476912396 101.14051289998932 101.17597753231198 101.20828373681962 101.23670958715458 101.26098436093267 101.28047637259091 101.29798308676546 101.31521907855584 101.33371844147224 101.35501526902478 101.37026596333146 101.40076735194484 101.44128546877147 101.48676682930738 101.51528292043703 101.534233487327 101.53071409633314 101.49922005897793 101.49949078136207 101.50174680122993 101.50454426586606 101.50301017235591 101.51320738215861
100.87078316458884 100.87150509094656 100.8762878530664 100.88874108273694 100.90101383081806 100.91301585651505 100.91924247135032 100.92276186234416 100.92528860459616 100.93449316565702 100.94649519135399 100.95822649466682 100.96896514923779 100.9805159709612 100.99278871904232 101.00776869096487 101.02599733149711 101.04729415904964 101.07427615666916 101.10378489654069 101.13573013786949 101.16875826873485 101.19998158370593 101.22822695245144 101.25304317099783 101.27452048013978 101.2944636957716 101.312963058688 101.33101121763082 101.34770576465293 101.36449055246975 101.39499194108312 101.43271259327362 101.4715161350007 101.47675010109413 101.47521600758398 101.47124541261655 101.47972804731967 101.49750548387836 101.50301017235591 101.5092367871912 101.51672677315246 101.52972144759129
100.85977378763371 100.85851041650773 100.86527847611129 100.87854387293426 100.89577986472466 100.9114817630049 100.92023512009217 100.91599380274062 100.91500115399876 100.91752789625076 100.93196642340502 100.94423917148613 100.95822649466682 100.97203333625806 100.98647186341233 101.00424929997101 101.02301938527154 101.04476741679765 101.07174941441717 101.10071670952041 101.13004496780249 101.16099756038943 101.19122822661865 101.21821022423818 101.24320692437398 101.26847434689394 101.29329056544032 101.31224113233029 101.3290259201471 101.3437351696855 101.3622345326019 101.38596786161172 101.41998864121894 101.43803680016175 101.44751208360674 101.45175340095831 101.46574072413898 101.47476480361041 101.48649610692324 101.49795668785193 101.50698076732334 101.52322411037188 101.53576758083715
100.85020826339401 100.85273500564601 100.86329317862757 100.88098037439154 100.90245768353348 100.92474715982787 100.93602725916713 100.91752789625076 100.90245768353348 100.89947973730793 100.9152718763829 100.93277859055745 100.94947313757956 100.96625792539638 100.98223054606078 101.00100063136131 101.02220721811912 101.0450381391818 101.07120796964888 101.09800948567899 101.12553292806678 101.15395877840173 101.18229438794197 101.20900566317734 101.23725103192287 101.26576712305251 101.29175647193017 101.3117899283567 101.3264991778951 101.34229131697008 101.36196381021776 101.38596786161172 101.40428674293868 101.41872527009293 101.43045657340576 101.44552678612303 101.45852146056187 101.46673337288084 101.47774274983595 101.49145935063252 101.50526619222377 101.52096809050403 101.53703095196315
100.84452309332704 100.85273500564601 100.86979051584699 100.89677251346652 100.92023512009217 100.9337712392993 100.93503461042528 100.91554259876705 100.89171902896251 100.88278519028583 100.9012845532022 100.92023512009217 100.93945640936627 100.96102395930295 100.97871115506692 100.99928605626174 101.0220267365297 101.04621126951308 101.07048604329117 101.09548274342698 101.12147209230464 101.14701023720875 101.17426295721239 101.20151567721607 101.23102441708758 101.26224773205867 101.28850780332047 101.30799981497871 101.32496508438497 101.34102794584409 101.36124188386005 101.37802667167686 101.39598458982498 101.41448395274138 101.43099801817405 101.44498534135474 101.4530167720843 101.46122868440328 101.47250878374255 101.48396936467124 101.49949078136207 101.51320738215861 101.52972144759129
100.83252106763007 100.84371092617461 100.86527847611129 100.89253119611494 100.90624779691149 100.90976718790533 100.90372105465948 100.88901180512109 100.86527847611129 100.86870762631041 100.8897337314788 100.9094964655212 100.93422244327287 100.95578999320954 100.97645513519906 100.9997372602353 101.02274866288741 101.0450381391818 101.06922267216518 101.09196335243313 101.11696005256894 101.14276891985718 101.16902899111899 101.19646219271208 101.22597093258359 101.25502846848154 101.28146902133277 101.30303657126944 101.3212652118017 101.33624518372424 101.35952730876048 101.37649257816673 101.39751868333512 101.41628876863565 101.43298331565776 101.44227811751333 101.45003882585874 101.45626544069401 101.46628216890727 101.47747202745182 101.49145935063252 101.50499546983963 101.51898279302031
100.81122424007752 100.82250433941678 100.84253779584333 100.85129115293059 100.86401510498528 100.85499102551387 100.8487644106786 100.83901840484947 100.84723031716847 100.85697632299758 100.87971700326554 100.90399177704363 100.92898847717944 100.95398517731525 100.97528200486778 100.99928605626174 101.02103408778784 101.04323332328751 101.06597400355547 101.08772203508157 101.1135309023698 101.14096410396289 101.1672241752247 101.19447689522836 101.22172961523204 101.24997498397755 101.27596433285521 101.29798308676546 101.314226429814 101.3359744613401 101.36151260624419 101.40545987326996 101.42829079433263 101.43027609181634 101.43045657340576 101.4394806528772 101.4427293214869 101.44697063883845 101.45599471830987 101.47079420864299 101.4849620134131 101.49795668785193 101.5105001583172
100.78676898471 100.80021486312239 100.80373425411625 100.80824629385197 100.81221688881938 100.8065317187524 100.81050231371981 100.82051904193308 100.83279179001421 100.85020826339401 100.87403183319854 100.89947973730793 100.92646173492744 100.95199987983153 100.97401863374178 100.99829340751988 101.0194999942777 101.04097730341965 101.06371798368761 101.08528553362429 101.11452355111166 101.14249819747303 101.16920947270842 101.19646219271208 101.22227106000032 101.2489823352357 101.27497168411335 101.2969904380236 101.31251185471443 101.34526926319565 101.39950398081884 101.45400942082615 101.46971131910641 101.43875872651948 101.43099801817405 101.43298331565776 101.43578078029391 101.43749535539348 101.44679015724903 101.46249205552928 101.47873539857781 101.49145935063252 101.50752221209163
100.77224021676103 100.77873755398045 100.77927899874874 100.7809935738483 100.78496416881572 100.79046885729328 100.80075630789068 100.81248761120352 100.82746758312607 100.84623766842661 100.87177581333069 100.89902853333436 100.92628125333802 100.95227060221568 100.97474056009949 100.99829340751988 101.01796590076756 101.03953345070423 101.0642594284559 101.08826347984984 101.1192160724368 101.14773216356646 101.17453367959654 101.20097423244779 101.22524900622588 101.25250172622954 101.27803987113363 101.29978790265973 101.31476787458227 101.33678662849253 101.37604137419315 101.40952070903211 101.42648597843835 101.41953743724537 101.42377875459694 101.42675670082248 101.4294639246639 101.43153946294234 101.44029282002961 101.45671664466758 101.4740428772527 101.4887521267911 101.50571739619734
100.76953299291961 100.76547215715746 100.76447950841562 100.7682696217936 100.77548888537073 100.78352031610028 100.79498089702899 100.80950966497795 100.82674565676835 100.84623766842661 100.86997099743641 100.89704323585065 100.92501788221202 100.95127795347383 100.97401863374178 100.99802268513574 101.01895854950942 101.0412480258038 101.06624472593961 101.09223407481727 101.12526220568263 101.15450022317002 101.18076029443182 101.20602771695177 101.22903911960387 101.25674304358111 101.28074709497506 101.29978790265973 101.31774582080784 101.3359744613401 101.35573719538249 101.37423655829889 101.39174327247342 101.40798661552196 101.41628876863565 101.41953743724537 101.42125201234494 101.42675670082248 101.4382172817512 101.45626544069401 101.4740428772527 101.48803020043339 101.50174680122993
100.75726024483849 100.75852361596448 100.75726024483849 100.75897481993806 100.76475023079976 100.77675225649674 100.79128102444571 100.80797557146782 100.82647493438421 100.84750103955261 100.87195629492012 100.89749443982423 100.92447643744373 100.95145843506326 100.97699657996735 101.00100063136131 101.02274866288741 101.04576006553951 101.07120796964888 101.09900213442084 101.13148882051792 101.16045611562114 101.1857235381411 101.21026903430334 101.2317463434453 101.26026243457495 101.28327383722706 101.29798308676546 101.31052655723072 101.33371844147224 101.3577224928662 101.37802667167686 101.39327736598355 101.40401602055454 101.40897926426382 101.41349130399952 101.41899599247708 101.42847127592205 101.43478813155205 101.44922665870631 101.46528952016541 101.48153286321396 101.5022882459982
100.74498749675737 100.74823616536708 100.74796544298295 100.75049218523492 100.7567188000702 100.76953299291961 100.78776163345185 100.80698292272596 100.82972360299392 100.85174235690415 100.87421231478798 100.8980358845925 100.92501788221202 100.95227060221568 100.9779892287092 101.002985928845 101.02671925785482 101.05054282765936 101.07671265812644 101.10423610051424 101.13527893389592 101.16226093151542 101.18752835403538 101.21171288701876 101.23021224993515 101.25674304358111 101.27921300146491 101.2957270668976 101.30547307272673 101.32171641577527 101.3449985408115 101.36421983008562 101.37929004280286 101.39228471724171 101.40148927830255 101.40825733790611 101.42053008598722 101.43045657340576 101.43650270665162 101.44778280599088 101.46375542665528 101.48297671592938 101.50301017235591
100.73271474867624 100.73479028695466 100.73677558443838 100.7394828082798 100.74877761013535 100.7630356557002 100.782978871332 100.80571955159996 100.82873095425207 100.8532764504143 100.87872435452368 100.90299912830177 100.92826655082173 100.9549778260571 100.9785306734775 101.0047907447393 101.02924600010682 101.05496462660034 101.08122469786215 101.10721404673981 101.13545941548534 101.16226093151542 101.18626498290939 101.20972758953505 101.22903911960387 101.24925305761984 101.27172301550365 101.28697370981034 101.29924645789146 101.3162117272977 101.3359744613401 101.35474454664063 101.36773922107946 101.382719193002 101.3930066435994 101.4050086692964 101.41728141737751 101.42829079433263 101.43920993049305 101.45148267857417 101.46926011513284 101.48848140440695 101.50571739619734
100.7235101876154 100.7247735587414 100.7260369298674 100.72621741145683 100.7349707685441 100.75175555636092 100.77927899874874 100.80247088299025 100.82873095425207 100.85345693200372 100.88179254154397 100.90778189042163 100.93295907214687 100.95524854844125 100.9785306734775 101.00524194871286 101.03123129759054 101.05704016487877 101.08302951375644 101.10721404673981 101.13401556276992 101.158290336548 101.18202366555782 101.20521554979935 101.22579045099415 101.24600438901012 101.26477447431066 101.28047637259091 101.29726116040774 101.31070703882014 101.33001856888896 101.34229131697008 101.35474454664063 101.37125861207332 101.38750195512186 101.39950398081884 101.41475467512551 101.42702742320662 101.44074402400318 101.45825073817772 101.4760281747364 101.49353488891094 101.50977823195949
100.71123743953429 100.711959365892 100.7152080345017 100.71547875688584 100.72378090999955 100.73876088192209 100.76772817702532 100.80102703027482 100.82728710153664 100.85571295187158 100.88504121015366 100.91121104062077 100.93422244327287 100.95678264195139 100.97871115506692 101.00650531983887 101.03249466871654 101.05749136885234 101.08348071773001 101.1052287492561 101.12923280065006 101.15350757442816 101.1762482546961 101.19953037973235 101.22028576251661 101.2407704229167 101.25954050821724 101.27948372384905 101.29852453153374 101.30872174133643 101.31846774716556 101.33101121763082 101.3437351696855 101.3609711614759 101.3782071532663 101.39571386744083 101.41096456174752 101.42648597843835 101.44399269261288 101.46149940678742 101.47999876970381 101.49723476149421 101.51320738215861
100.69779156112187 100.69851348747959 100.70446937993073 100.71602020165413 100.7260369298674 100.73325619344453 100.75726024483849 100.79272487716113 100.82746758312607 100.85778849015001 100.8884703603528 100.91671572909833 100.93945640936627 100.95948986579282 100.98024524857706 101.00849061732258 101.03321659507425 101.0584840175942 101.08122469786215 101.10170935826226 101.12571340965621 101.14728095959289 101.17002163986085 101.19303304251294 101.2132469805289 101.23373164092901 101.25376509735554 101.27452048013978 101.2944636957716 101.3027658488853 101.31197040994614 101.32424315802727 101.33750855485025 101.35429334266706 101.37279270558346 101.39020917896329 101.40726468916425 101.4242299585705 101.4427293214869 101.46303350029756 101.48171334480338 101.49849813262021 101.51347810454276
100.70122071132101 100.70374745357302 100.71304225542858 100.72522476271497 100.73027824721898 100.73776823318023 100.7592455423222 100.78974693093556 100.82376771054278 100.85823969412358 100.89298240008851 100.92077656486046 100.94396844910199 100.96373118314438 100.98502801069691 101.01128808195871 101.03502141096854 101.05649872011048 101.0789686779943 101.09846068965255 101.12129161071522 101.14195675270474 101.16253165389956 101.18527233416754 101.20548627218349 101.22696358132545 101.24672631536784 101.26477447431066 101.28246167007462 101.29374176941388 101.30646572146858 101.31900919193384 101.33245507034624 101.34851793180536 101.36728801710589 101.383982564128 101.40148927830255 101.42025936360308 101.44029282002961 101.46077748042971 101.47945732493552 101.4965128351365 101.5092367871912
100.73325619344453 100.73127089596083 100.7420095505318 100.74850688775122 100.74751423900936 100.73776823318023 100.76023819106405 100.79173222841928 100.82521156325821 100.85878113889186 100.89397504883037 100.92149849121817 100.94604398738042 100.96995779797965 100.99296920063175 101.01778541917814 101.03745791242581 101.05749136885234 101.07725410289473 101.09575346581113 101.11750149733723 101.1377154353532 101.15774889177972 101.17895547853753 101.19754508224865 101.21848094662232 101.238785125433 101.25746496993881 101.27551312888163 101.29076382318831 101.30375849762716 101.3162117272977 101.3302892912731 101.34698383829522 101.36250525498605 101.37847787565043 101.39526266346726 101.41421323035723 101.43523933552562 101.45446062479972 101.47250878374255 101.48703755169153 101.49723476149421
