static/data/pressure/2023/7/25/6.asc
ncols 137
nrows 93
xllcorner 108.0
yllcorner 17.0
cellsize 0.25
NODATA_value -32767
[rows 38 to 56 of 93, columns 0 to 42 of 137]
100.52164152983994 100.56883746547541 100.67089980429708 100.79092006126685 100.90110407161278 100.92240089916531 100.87159533174126 100.82737734233136 100.83766479292876 100.82990408458335 100.82241409862208 100.81239737040882 100.68335303396762 100.59139766415394 100.5546696607053 100.5521429184533 100.54510413646561 100.56215964666657 100.57587624746313 100.58589297567639 100.59284151686937 100.60538498733463 100.60989702707035 100.62108688561489 100.62965976111273 100.62235025674089 100.61964303289946 100.6243355542246 100.64310563952513 100.67784834549008 100.72937583927182 100.77359382868174 100.74561918232037 100.6761337703905 100.61765773541575 100.5981657237575 100.60015102124122 100.61964303289946 100.6538442940961 100.68759435131919 100.68163845886805 100.70311576801001 100.75058242602964
100.56865698388599 100.69986709940031 100.84614742763189 100.90209672035463 100.8941555304198 100.88540217333252 100.85986402842843 100.862841974654 100.91166224459434 100.86789545915798 100.82990408458335 100.80012462232769 100.73912184510095 100.65312236773839 100.57416167236356 100.55033810255902 100.54284811659775 100.55033810255902 100.56315229540841 100.56766433514413 100.58011756481467 100.58914164428609 100.59184886812751 100.60610691369234 100.6108896758122 100.61260425091177 100.61937231051532 100.63236698495415 100.64509093700885 100.6748703992645 100.72513452192027 100.75211651953978 100.7183664623167 100.63940576694185 100.62316242389332 100.61359689965361 100.61810893938932 100.6403984156837 100.6781190678742 100.71683236880656 100.72838319052997 100.73984377145867 100.76484047159448
100.66710969091908 100.80165871583782 100.86735401438969 100.85688608220286 100.84966681862575 100.86915883028398 100.87033196061526 100.90137479399692 100.90913550234234 100.87511472273512 100.82412867372165 100.77187925358217 100.68912844482934 100.62415507263518 100.56414494415027 100.54384076533961 100.53788487288848 100.5431188389819 100.55187219606916 100.55737688454673 100.56640096401813 100.57416167236356 100.57939563845696 100.5923903128958 100.59509753673723 100.60240704110906 100.61386762203776 100.63886432217357 100.66837306204508 100.69237711343904 100.68985037118705 100.69616722681704 100.67189245303894 100.63110361382815 100.64364708429342 100.65564910999039 100.66313909595168 100.67586304800636 100.6933697621809 100.7118691250973 100.7234199468207 100.72739054178811 100.73208306311324
100.79308584033998 100.79092006126685 100.8091487017991 100.79859052881756 100.81564603901852 100.83234058604063 100.84912537385746 100.87087340538355 100.80463666206339 100.79561258259199 100.7624039701372 100.7171030911907 100.63435228243786 100.59338296163766 100.55963290441458 100.53815559527261 100.53310211076862 100.53815559527261 100.54411148772375 100.54934545381717 100.55665495818901 100.56558879686571 100.57461287633713 100.59636090786321 100.6070995624342 100.62135760799903 100.64364708429342 100.66638776456136 100.68741386972977 100.70464986152015 100.69959637701616 100.68290182999405 100.66133428005739 100.65591983237454 100.66891450681337 100.67441919529094 100.66638776456136 100.67387775052265 100.69039181595532 100.71583972006471 100.72910511688768 100.73316595264981 100.73858040033267
100.76312589649491 100.76086987662705 100.7598772278852 100.77341334709232 100.78315935292143 100.78216670417957 100.7988612512017 100.78261790815314 100.7106057539713 100.7036572127783 100.70862045648758 100.66340981833581 100.6161236419056 100.57488359872127 100.54384076533961 100.52886079341705 100.5238975497078 100.52940223818534 100.53463620427877 100.54086281911404 100.54736015633345 100.55665495818901 100.5911269417698 100.62415507263518 100.64337636190928 100.68416520112005 100.70636443661972 100.70013782178445 100.7023938416523 100.70311576801001 100.67766786390064 100.66061235369968 100.65790512985825 100.66187572482568 100.66810233966093 100.65564910999039 100.64761767926083 100.64536165939299 100.65916850098425 100.68966988959761 100.7266686154304 100.73063921039783 100.74715327583051
100.73334643423924 100.71890790708498 100.72233705728412 100.75662855927548 100.72739054178811 100.72441259556255 100.71087647635544 100.69237711343904 100.65916850098425 100.6588977786001 100.66440246707765 100.637149747074 100.59410488799537 100.54212619024004 100.51812213884608 100.50386409328125 100.51189552401081 100.51712949010422 100.52236345619765 100.52786814467521 100.53463620427877 100.55936218203044 100.59609018547907 100.65339309012253 100.67712641913236 100.71764453595898 100.72116392695284 100.71412514496515 100.74110714258467 100.70663515900387 100.67911171661606 100.62740374124488 100.62460627660874 100.63038168747043 100.63489372720615 100.62262097912503 100.62388435025103 100.62189905276732 100.61937231051532 100.65438573886439 100.69364048456504 100.715117793707 100.7343390829811
100.72612717066212 100.71159840271315 100.70410841675186 100.73235378549738 100.68109701409976 100.65086634787055 100.637149747074 100.63859359978943 100.633359633696 100.63913504455772 100.61260425091177 100.5853515309081 100.55485014229473 100.50061542467155 100.48509400798072 100.48888412135871 100.49664482970412 100.50458601963896 100.51090287526897 100.5143320254681 100.5188440652038 100.54384076533961 100.58841971792837 100.65564910999039 100.67712641913236 100.68741386972977 100.69111374231304 100.72287850205241 100.78712994788886 100.73388787900753 100.66187572482568 100.61016774945449 100.59636090786321 100.59410488799537 100.6014143923672 100.60538498733463 100.60691908084478 100.61765773541575 100.61260425091177 100.65537838760625 100.68560905383548 100.70735708536158 100.67640449277464
100.72766126417226 100.71141792112373 100.69165518708132 100.70834973410344 100.64265443555156 100.6083629335602 100.60538498733463 100.61585291952146 100.61837966177346 100.59410488799537 100.55710616216258 100.55015762096959 100.52786814467521 100.49989349831384 100.47986004188729 100.48265750652344 100.48608665672258 100.49583266255169 100.4996227759297 100.50566890917554 100.51108335685838 100.53265090679506 100.5719056524957 100.62984024270216 100.6723436570125 100.69138446469718 100.70834973410344 100.74886785093007 100.76411854523677 100.67965316138435 100.61711629064746 100.60385089382449 100.59933885408878 100.58688562441824 100.5853515309081 100.5911269417698 100.6014143923672 100.61639436428975 100.63859359978943 100.7036572127783 100.70916190125587 100.6781190678742 100.62063568164132
100.69562578204875 100.67766786390064 100.6538442940961 100.66891450681337 100.62189905276732 100.61341641806418 100.61359689965361 100.59464633276366 100.55836953328858 100.51839286123023 100.51333937672624 100.5303948869272 100.55836953328858 100.5534062895793 100.5201074363298 100.51162480162667 100.50891757778525 100.4990813311614 100.48590617513315 100.48933532533229 100.50485674202311 100.52940223818534 100.55963290441458 100.61134087978577 100.66783161727679 100.70113047052631 100.70762780774572 100.68389447873591 100.63687902468986 100.58760755077596 100.57840298971512 100.57813226733097 100.58165165832482 100.58083949117238 100.58291502945082 100.59013429302794 100.60087294759893 100.6108896758122 100.61386762203776 100.64635430813485 100.64310563952513 100.63011096508629 100.65411501648025
100.65808561144767 100.64689575290312 100.66034163131553 100.67983364297378 100.63435228243786 100.637149747074 100.61639436428975 100.5546696607053 100.49538145857812 100.50440553804954 100.53138753566905 100.56486687050798 100.58959284825967 100.5796663608411 100.58083949117238 100.58336623342439 100.56766433514413 100.53012416454305 100.48689882387501 100.46966283208461 100.47760402201943 100.4990813311614 100.52759742229108 100.56414494415027 100.59960957647293 100.61639436428975 100.6070995624342 100.57984684243053 100.56387422176614 100.56288157302428 100.56883746547541 100.57208613408513 100.57362022759527 100.58165165832482 100.58435888216624 100.5853515309081 100.59266103527995 100.60511426495049 100.61260425091177 100.64788840164498 100.6723436570125 100.69941589542674 100.75112387079793
100.60358017144036 100.63236698495415 100.6986037282743 100.74191930973709 100.64409828826699 100.62514772137703 100.58363695580853 100.51740021248837 100.47390414943618 100.48834267659043 100.51613684136237 100.54564558123388 100.56315229540841 100.53635077937834 100.563603499382 100.56459614812385 100.53815559527261 100.49484001380983 100.48265750652344 100.47886739314544 100.48139413539744 100.49240351235257 100.51288817275267 100.51541491500465 100.55015762096959 100.59338296163766 100.61585291952146 100.59915837249936 100.5719056524957 100.55241364083744 100.5590914596463 100.56640096401813 100.5681155391177 100.56215964666657 100.58336623342439 100.60791172958663 100.65285164535426 100.69264783582318 100.76366734126319 100.80238064219554 100.80716340431539 100.77485719980774 100.76610384272047
100.57659817382084 100.59284151686937 100.66485367105123 100.6653951158195 100.5981657237575 100.56784481673355 100.55737688454673 100.51108335685838 100.49141086361071 100.50909805937468 100.55485014229473 100.62785494521846 100.60412161620863 100.52434875368137 100.51712949010422 100.50963950414297 100.48211606175515 100.46289477248104 100.47083596241589 100.47264077831018 100.46686536744846 100.46939210970046 100.47958931950315 100.49709603367769 100.55737688454673 100.66034163131553 100.64888105038683 100.59663163024736 100.54934545381717 100.52985344215891 100.5386067992462 100.54961617620131 100.56513759289213 100.57533480269484 100.59266103527995 100.61666508667389 100.67712641913236 100.76041867265349 100.82115072749608 100.82241409862208 100.77864731318573 100.74209979132651 100.71439586734928
100.60015102124122 100.61711629064746 100.63958624853129 100.6083629335602 100.55990362679873 100.54988689858546 100.53589957540477 100.49258399394199 100.50909805937468 100.54113354149818 100.6268622964766 100.68335303396762 100.59708283422093 100.51415154387865 100.50115686943982 100.50088614705568 100.48283798811286 100.47038475844232 100.47309198228375 100.47237005592604 100.46108995658676 100.46163140135505 100.49890084957198 100.54736015633345 100.62262097912503 100.6576344074741 100.634623004822 100.57262757885341 100.51965623235623 100.51640756374651 100.51415154387865 100.53283138838448 100.6070995624342 100.62289170150918 100.60764100720249 100.61016774945449 100.66963643317108 100.73388787900753 100.7745864774236 100.74688255344637 100.6978818019166 100.69237711343904 100.68515784986191
100.61910158813117 100.62713301886073 100.60312896746677 100.5731690236217 100.56414494415027 100.55358677116872 100.51460274785224 100.48536473036486 100.51216624639494 100.57912491607281 100.66340981833581 100.60484354256634 100.51388082149451 100.47886739314544 100.51162480162667 100.51063215288482 100.48563545274901 100.47237005592604 100.46839946095861 100.46984331367403 100.4599168262555 100.47038475844232 100.50837613301697 100.57461287633713 100.60385089382449 100.59166838653809 100.55764760693087 100.49790820083012 100.49890084957198 100.49610338493584 100.49736675606184 100.56062555315644 100.62361362786689 100.61458954839547 100.59735355660507 100.61585291952146 100.68714314734562 100.72865391291411 100.71611044244884 100.68939916721347 100.67189245303894 100.66611704217722 100.67514112164865
100.59789500137336 100.60664835846063 100.5866149020341 100.5911269417698 100.58210286229838 100.55133075130088 100.50684203950682 100.49114014122657 100.53662150176248 100.60385089382449 100.59383416561123 100.51361009911038 100.47489679817804 100.49736675606184 100.52615356957564 100.49465953222041 100.46939210970046 100.45008057963165 100.44241011208095 100.45260732188363 100.46912138731632 100.47958931950315 100.50991022652711 100.57434215395298 100.55539158706301 100.52958271977477 100.50133735102926 100.47137740718418 100.47264077831018 100.49258399394199 100.51415154387865 100.60285824508263 100.59933885408878 100.59040501541209 100.6058361913082 100.63985697091543 100.70591323264615 100.71890790708498 100.70311576801001 100.68236038522576 100.66458294866709 100.67559232562222 100.70284504562588
100.57741034097326 100.60412161620863 100.61513099316375 100.62036495925717 100.59266103527995 100.55385749355287 100.5201074363298 100.51938550997208 100.55936218203044 100.58733682839181 100.57416167236356 100.54239691262418 100.5463675075916 100.55259412242688 100.49366688347857 100.46108995658676 100.4446661319488 100.42409123075399 100.41308185379886 100.44033457380252 100.46713608983261 100.49059869645828 100.51983671394565 100.60691908084478 100.61883086574703 100.59888765011522 100.50991022652711 100.4773332996353 100.49141086361071 100.51712949010422 100.5693789102437 100.63859359978943 100.60610691369234 100.5796663608411 100.5969023526315 100.65664175873225 100.69616722681704 100.6978818019166 100.69039181595532 100.66909498840279 100.65664175873225 100.67162173065479 100.73839991874324
100.61440906680603 100.67685569674822 100.67162173065479 100.64238371316742 100.60764100720249 100.57235685646927 100.54266763500833 100.55060882494317 100.6161236419056 100.63958624853129 100.62514772137703 100.61558219713733 100.64066913806785 100.54384076533961 100.4586534551295 100.44809528214793 100.43816879472938 100.42463267552228 100.41741341194513 100.44791480055851 100.4651507923489 100.49114014122657 100.59166838653809 100.70185239688402 100.80138799345369 100.69039181595532 100.56089627554059 100.50187879579754 100.51911478758794 100.55791832931502 100.60610691369234 100.62785494521846 100.5775908225627 100.56062555315644 100.60358017144036 100.66386102230938 100.66783161727679 100.66160500244153 100.66034163131553 100.66837306204508 100.65664175873225 100.66665848694551 100.73009776562954
100.6576344074741 100.70013782178445 100.6576344074741 100.634623004822 100.64012769329956 100.62235025674089 100.56215964666657 100.5981657237575 100.71087647635544 100.76258445172662 100.73839991874324 100.68010436535792 100.65312236773839 100.49863012718784 100.45883393671892 100.48166485778158 100.50584939076496 100.49041821486885 100.46885066493218 100.4586534551295 100.45910465910306 100.52741694070164 100.67008763714465 100.84614742763189 100.93016160751073 100.71683236880656 100.57109348534327 100.51785141646194 100.51911478758794 100.5291315158012 100.53987017037218 100.53210946202677 100.51785141646194 100.5463675075916 100.59311223925351 100.62316242389332 100.61639436428975 100.60908485991791 100.65140779263882 100.67938243900021 100.68813579608748 100.69661843079061 100.73614389887538
100.62090640402546 100.62334290548274 100.58959284825967 100.58183213991424 100.60764100720249 100.62866711237088 100.58011756481467 100.61684556826332 100.74886785093007 100.8104120729251 100.76511119397863 100.65835633383182 100.58309551104024 100.51586611897822 100.54113354149818 100.60439233859277 100.61440906680603 100.53364355553691 100.47886739314544 100.4651507923489 100.47137740718418 100.57560552507898 100.76014795026934 100.93160546022615 100.9261007717486 100.70690588138801 100.57488359872127 100.5226341785818 100.51658804533594 100.52290490096594 100.52985344215891 100.52037815871394 100.5488942498436 100.58688562441824 100.61964303289946 100.63913504455772 100.633359633696 100.62514772137703 100.67911171661606 100.70464986152015 100.7118691250973 100.74363388483665 100.81158520325639
