static/data/seaWater_vo/2023/7/17/0.asc
ncols 137
nrows 93
xllcorner 108.0
yllcorner 17.0
cellsize 0.25
NODATA_value -32767
[rows 26 to 51 of 93, columns 58 to 115 of 137]
-0.097268954 -0.15916371 -0.31622297 -0.30447546 -0.17638442 -0.15834504 -0.11357795 -0.06415288 -0.09278952 -0.12581576 -0.09788483 -0.004786515 -0.013346055 0.032418434 0.06828474 -0.08228058 -32767.0 -32767.0 -0.0077255447 0.16325438 0.23988369 0.103560045 0.08036214 0.057763264 -0.024406474 -0.06604348 -0.11672072 -0.16189802 0.039603792 -0.039947506 0.0059681116 -32767.0 -32767.0 -32767.0 -32767.0 -32767.0 -32767.0 -0.20528911 0.13962083 0.23051439 -32767.0 -32767.0 -32767.0 -32767.0 -32767.0 0.011791354 -32767.0 0.07009619 0.15365277 0.00027508778 -0.23330441 -0.50233966 -0.33553633 -32767.0 0.11650579 -0.13556156 -0.20821157 -0.15842994
-0.13694954 -0.13143156 -0.09849834 -0.15518206 -0.07072322 0.0962041 0.15057673 0.18607733 0.18530141 0.14834909 0.14037482 0.2130206 0.27388826 0.22665608 0.14701264 -32767.0 -32767.0 -0.029252833 0.02029891 0.3423258 0.17036308 0.09948778 0.04702672 0.023269817 -0.06672293 -0.12572189 -0.089567 -0.036410138 -32767.0 -32767.0 -32767.0 -32767.0 -32767.0 -32767.0 -32767.0 -32767.0 -32767.0 -0.22556712 0.03323004 0.27776754 -32767.0 -32767.0 -32767.0 -0.12016499 0.06836625 -0.026175931 -0.097224176 0.14494641 0.016081685 -0.17294718 -0.5131844 -0.50294834 -0.38477057 -0.030522808 -0.28455496 -0.3084421 -0.22315793 -0.07743957
-0.16732544 0.0025501787 -0.081086755 -0.017724337 -0.08069681 -0.04842112 0.04113585 0.13509244 0.16082235 0.1380971 0.169305 0.29170722 0.21656524 0.12354373 -0.019534456 -0.0799941 -0.0020264674 0.024419786 0.06939276 0.08681286 0.09975885 0.14176553 0.06859154 -0.10375946 -0.11312226 -0.066299155 -32767.0 -0.1666526 0.057275023 -32767.0 -32767.0 -2.6359354e-05 -32767.0 -32767.0 -32767.0 -32767.0 -32767.0 -32767.0 -0.12606314 0.109810926 -32767.0 -32767.0 0.017402995 0.07738108 -0.14413781 -0.2389408 -0.07319686 -0.11780958 -0.15563291 -0.2641084 -0.6078991 -0.087936305 -0.4211582 -0.3733677 -0.37932375 -0.30244926 -0.19009666 -0.094476864
-0.17012784 -0.09944278 -0.013266447 0.10046336 0.107754566 0.15037055 0.080382556 0.0064810957 -0.010717352 0.05256914 0.04221981 0.010982158 -0.03603317 -0.14381789 -0.14212064 -0.10947716 0.015127948 0.10227124 0.17609307 0.14967021 0.12039047 0.14948662 0.05911794 -0.15920648 -0.09946454 -32767.0 -0.017461313 -0.047999173 0.14299181 -0.0069310535 0.13175564 -32767.0 0.017885063 -32767.0 -32767.0 -32767.0 -32767.0 -32767.0 0.06163363 0.12858279 -0.12848145 -0.29090905 -0.032937694 0.15051043 -0.2759639 -0.16381894 -0.12654343 -0.035312094 -0.15213212 -0.4043708 -0.44002554 -0.22003394 -0.2756833 -0.31962258 -0.3698963 -0.2980603 -0.23801483 -0.1048125
-0.19307178 -0.059137046 -0.035255637 0.17453142 0.1210698 0.04395004 -0.011511667 -0.07778285 -0.14029598 -0.17578179 -0.17495936 -0.1364031 -0.114738055 -0.01126524 -0.16158004 -0.037608445 0.08347342 0.13393492 0.0880469 0.18629166 0.2629907 0.2633632 0.17332399 0.016027207 -0.0928905 -0.13237639 0.020731283 -0.0086026015 0.020119494 0.023318721 -0.040801123 0.09531409 -0.10233183 -32767.0 -32767.0 -32767.0 -32767.0 0.16694947 0.18740863 0.015475095 -0.24314238 -0.4015968 -0.21443565 -0.11075022 -0.091474935 -0.21795456 0.01806229 0.0036920672 -0.121732496 -0.28197625 -0.46320137 -0.2248714 -0.20011812 -0.28085133 -0.32210106 -0.29036543 -0.2604964 -0.119281195
-0.12194282 -0.08521306 0.024942586 0.13453506 0.14076106 0.050144892 -0.032101028 -0.10108663 -0.12345157 -0.031643685 -0.18357717 -0.15077262 -0.05558437 0.13717215 0.0012959191 0.0363577 0.06853997 0.1256654 0.1730101 0.33058646 0.45133334 0.41574284 0.3481222 0.20523024 0.07297313 -0.012798804 -0.059077602 -0.13424553 -0.14113598 -0.16483003 -0.054136645 0.1143035 -0.0050460035 -32767.0 -32767.0 -32767.0 -32767.0 0.110688746 -0.18688369 -0.023016814 0.03910608 0.103779696 0.08489515 0.02557864 0.0028325785 0.015406381 0.05112647 0.020925544 -0.09306654 -0.26775005 -0.3697149 -0.44135678 -0.40119305 -0.3468158 -0.37052765 -0.20288326 -0.2088046 -0.04382945
-0.051722385 -0.030931525 0.03932066 0.041930024 0.032343097 -0.040182266 0.057777304 -0.08173032 -0.057959165 -0.1177976 -0.059149183 0.07629152 0.103334494 0.052671693 0.030897176 0.06682596 0.15167071 0.19315057 0.31830272 0.50959414 0.50482684 0.46544394 0.3452531 0.21149397 0.10634771 0.09976174 0.008173265 -0.1858547 -0.19946964 -0.28081653 -0.067940444 -32767.0 -32767.0 -32767.0 -32767.0 -32767.0 -0.1233999 0.0157274 -0.1220035 0.28524908 0.438143 0.38902268 0.30315432 0.24955934 0.19934753 0.1420145 0.049404595 -0.0671563 -0.2050895 -0.42857307 -0.64947706 -0.68733525 -0.6471419 -0.618395 -0.5184339 -0.3408885 -0.194982 -0.00869655
-0.18567567 -0.005237687 0.054910585 0.007521104 0.004030422 0.0347391 0.068488054 -0.023995241 -0.105214804 -0.008421692 0.014958747 -0.021975191 0.04557459 0.0855392 0.14982785 0.13003111 0.18429907 0.27343237 0.2962185 0.33995205 0.27042755 0.28093442 0.26618055 0.21509929 0.14943081 0.15316746 0.09931748 -0.10441642 -0.37270558 -0.26270366 0.0014111635 -32767.0 -32767.0 -32767.0 -32767.0 -32767.0 -0.25407735 -0.024300704 0.4981463 0.4821586 0.37004516 0.37421763 0.3804516 0.42168793 0.39191234 0.36583105 0.19745637 -0.0039194655 -0.16210146 -0.32433265 -0.56273913 -0.841006 -1.0175464 -0.8449414 -0.7111394 -0.5645025 -0.17787018 0.08465262
-0.23580883 0.009378351 0.008458931 0.009738007 0.016023574 0.09855653 0.09630145 0.028663816 0.05328782 0.04912087 -0.06780612 -0.08705383 0.0073304228 0.00052280334 0.07109445 0.1584593 0.15386397 0.22753006 0.267738 0.21725905 0.19485724 0.29771483 0.31119773 0.22498131 0.17178619 0.09985157 0.053453572 -0.033448543 -0.34199172 -0.18714231 -0.12236588 0.03996316 -32767.0 0.10552501 -32767.0 -32767.0 -0.10441834 0.694027 0.48954618 0.47502568 0.4359655 0.5145537 0.51675105 0.41849807 0.44806942 0.36473894 0.19677019 -0.015191537 -0.14938956 -0.31845602 -0.5136437 -0.7082128 -1.0034283 -1.1529616 -0.9327118 -0.75024515 -0.23745938 0.10267327
-0.111763425 -0.25804365 0.12448323 0.15833683 0.19917253 0.14198567 0.064143024 0.14826491 0.17608814 0.06887175 -0.0064433385 0.0036762306 -0.0647635 -0.059012838 0.058972392 0.0724995 0.12225013 0.18699257 0.2135139 0.21126993 0.26775363 0.28787494 0.29724255 0.2026957 0.19656996 0.1636296 0.00034502638 -0.055745553 -0.22553326 -0.34698173 -0.15523656 -0.14442164 -0.020113949 0.0071308934 -32767.0 0.21114264 0.6636424 0.42642066 0.55961174 0.5657106 0.638658 0.6826404 0.4670234 0.2585552 0.20498978 0.15228476 0.088846296 0.003589984 -0.08344796 -0.19007099 -0.38707712 -0.63456726 -0.8719797 -1.2483999 -1.1980329 -0.8398206 -0.41378948 0.08319133
-0.06626633 -0.1471787 0.05261353 0.15493214 0.20113382 0.19048434 0.089464724 0.093492396 0.09312929 0.10262185 -0.032831725 0.036132507 0.019174354 0.030627627 0.06520287 0.06260731 0.13831453 0.18262905 0.22352293 0.2345182 0.24416615 0.27090287 0.2926048 0.25691086 0.1851415 0.112720616 -0.0074875145 -0.14755021 -0.23512675 -0.29386753 -0.19389823 -0.08544234 -0.17403147 -32767.0 0.55955917 0.34787983 0.33560276 0.55683345 0.5641908 0.70637304 0.80562264 0.72933435 0.27212456 0.09005943 0.044192635 0.21722923 0.078200005 -0.14796609 -0.07539879 -0.16075557 -0.24110395 -0.49882916 -0.80452996 -1.1522199 -1.3723483 -0.94208455 -0.54779035 0.067500554
-0.0978852 0.1363466 0.18322547 0.25710854 0.24389316 0.26705512 0.03328249 0.029950997 -0.05259289 0.09280814 0.09226887 0.042670056 0.022443363 0.03269852 0.0850353 0.10343336 0.1472353 0.19361664 0.24310912 0.26607835 0.28477693 0.2998473 0.35358554 0.38793883 0.32459313 0.15334962 -0.1101335 -0.31581146 -0.32591003 -0.363471 -0.032403033 -0.11814077 0.108954735 0.1588193 0.15982895 -0.007088463 0.54479945 0.6762804 0.71357363 0.8355724 0.81613064 0.6298574 0.10251993 -0.0067817043 0.19419 0.17029956 -0.04060167 0.07630553 0.017917568 -0.1389994 -0.22623914 -0.42222604 -0.6855336 -1.0663537 -1.4363254 -0.9368518 -0.59307384 0.040869385
-0.048397247 0.07443519 0.11645684 0.3945711 0.32877487 0.38443485 0.22265403 0.0045213317 -0.015579702 0.016067721 0.03782466 -0.023088861 -0.0029370936 -0.0048789866 0.018151857 0.02745382 0.13745941 0.19330576 0.21831566 0.35576308 0.43452823 0.5097934 0.6085259 0.6676765 0.596591 0.33803907 -0.03450735 -0.35989532 -0.48426527 -0.4029772 -0.22586352 -32767.0 0.02212093 -0.12080822 -32767.0 0.40286022 0.6789064 0.73625684 0.79002106 0.78163743 0.7132297 0.42845175 0.1559867 -0.039064292 0.21443902 0.0909319 0.1738371 0.25861558 0.09242691 -0.19009206 -0.34855998 -0.34167007 -0.60896236 -0.97115904 -1.3719035 -0.851035 -0.52630806 -0.010357251
-32767.0 0.1654726 0.32380247 0.35340437 0.27545524 0.28217268 0.34537727 0.19744346 0.06335264 0.058442168 0.018870763 0.04810515 0.072407484 0.004584043 0.020334104 0.09561284 0.1392082 0.23077556 0.2949102 0.3916465 0.5062157 0.64324147 0.7859378 0.827948 0.67069423 0.3764694 0.05612053 -0.208453 -0.42040628 -0.45642224 -0.4204828 -0.22372463 -32767.0 -0.21005924 0.23024574 0.48728454 0.68945223 0.7946975 0.84233165 0.5823778 0.51202905 0.38248795 0.25801784 0.076283745 0.18758753 0.13182603 0.34576762 0.37844348 0.13784206 -0.19528532 -0.3938985 -0.3086237 -0.508071 -0.83595484 -1.2484641 -0.86105317 -0.40265948 0.07226116
0.03832112 0.24406213 0.2528275 0.2467877 0.3448 0.27199218 0.23018138 0.32384592 0.35052755 0.40346047 0.18098344 0.17759916 0.12945391 0.09459472 0.23944409 0.35300362 0.3985426 0.42685333 0.41463444 0.4518134 0.4837071 0.65300065 0.7848811 0.90169895 0.7754911 0.40663952 0.10556418 -0.14490908 -0.26741666 -0.29505846 -0.30102876 -0.77756697 -0.055798095 0.025749993 0.009371839 0.6633599 0.7428891 0.81892926 0.78243583 0.39664114 0.33598644 0.35943097 0.26962477 0.14277011 0.123925336 0.18929647 0.32747823 0.33822072 0.15149297 -0.12844571 -0.26496592 -0.36797363 -0.31615686 -0.5698569 -0.85721385 -0.79317814 -0.23786727 0.29693753
0.113419294 0.28596747 0.37068775 0.33443734 0.28482312 0.28175294 0.30946562 0.34752777 0.2583554 0.33667943 0.21738286 0.31389156 0.35464066 0.40233257 0.4273096 0.4357537 0.49632508 0.45209438 0.29629767 0.46926895 0.31968814 0.6096348 0.85698736 1.0034997 0.8436228 0.44361854 0.16110745 -0.052250974 -0.28258714 -0.40879613 0.20294443 -0.41293567 -0.6200333 -0.046432488 0.20446028 0.8025787 0.8330375 0.8000316 0.69059193 0.3007418 0.1860587 0.26332027 0.26460037 0.22052231 0.15936753 0.1411938 0.21691254 0.19408487 0.16079235 0.10940879 -0.09031003 -0.25386634 -0.33259752 -0.4393169 -0.5544102 -0.6285446 -0.2410551 0.32880482
0.20598155 0.34567863 0.37208143 0.3434984 0.38816425 0.32843387 0.3979672 0.2291125 0.19184205 0.29889953 0.27787182 0.24749698 0.2970757 0.3790739 0.3430214 0.32027826 0.4098444 0.34863725 0.3678723 0.44903517 0.23413312 0.45622855 0.87092143 1.0876434 0.76904374 0.37980467 0.16757546 -0.0053274333 -0.24962261 -0.53377 -0.65546745 -0.14910401 -0.108221024 -0.13335471 0.3859956 0.7604345 0.72646314 0.6435556 0.62214106 0.2628649 0.1146445 0.20833676 0.36389163 0.35193592 0.17024457 0.09291186 0.06587095 0.14340957 0.082427695 0.15596294 0.27782103 -0.13102809 -0.40938726 -0.3910204 -0.44583222 -0.39691207 -0.14805837 0.3634052
0.1975778 0.35239035 0.38858685 0.37232682 0.3453567 0.32902077 0.3166733 0.28350338 0.3585999 0.45336452 0.31320274 0.33822793 0.44942418 0.47231594 0.34334278 0.2652945 0.2811942 0.37203646 0.46120623 0.44521797 0.36637056 0.5674083 1.0253801 1.0410527 0.5448428 0.17791423 0.18655118 0.018248104 -0.39404756 -0.120344795 -0.28933868 -0.08262977 -0.15483639 0.16735147 0.48650464 0.597487 0.5242277 0.520153 0.43180624 0.28142825 0.122863956 0.13509879 0.3158337 0.3168159 0.13938208 -0.014845393 -0.08273325 0.073437825 0.15146974 0.16394687 0.20241272 0.15135124 -0.30746368 -0.39713266 -0.32514298 -0.2149809 0.063186586 0.26927063
0.32869336 0.34413844 0.3463575 0.31963784 0.22649142 0.25616103 0.26130447 0.29103324 0.28316563 0.40310386 0.36086372 0.4374593 0.4684969 0.36670804 0.23408459 0.24481338 0.35210523 0.45742157 0.5217068 0.6111566 0.7270225 0.9636636 1.0115502 0.7509084 0.22916503 0.0073291915 0.16013421 -0.06738608 0.010583781 -0.22587658 -0.11447414 0.010942825 0.043046117 0.20634404 0.36118248 0.37133154 0.45462385 0.4029632 0.3278023 0.22473112 0.15599312 0.13142735 0.20863277 0.23173693 0.20290272 -0.036814153 -0.17381921 -0.03841103 0.12756784 0.14695609 0.19348808 0.15169987 0.08873096 -0.12386371 -0.12693171 -0.062769525 0.10108444 0.18698713
0.33986157 0.37721574 0.38936323 0.345222 0.2925081 0.13872775 0.1799566 0.4834066 0.4695597 0.39183438 0.33010978 0.38037428 0.4365524 0.3133336 0.18720558 0.18653023 0.36277172 0.5880637 0.80112714 0.9861791 0.95358384 0.88062143 0.8269766 0.4321732 -0.01990457 0.06423203 0.13828525 -0.20584646 -0.0017149778 0.07052132 0.009936445 0.043744016 0.11694308 0.13570377 0.23848626 0.45992088 0.44205636 0.3278059 0.23686507 0.1574348 0.0869299 0.068845086 0.09453644 0.12560983 0.16438295 0.097089455 -0.073257044 -0.041856833 0.102133244 0.13105117 0.28157562 0.20459574 0.09710614 -0.0017280031 0.006212945 0.030406952 0.073142245 -0.06533743
0.50797594 0.52293545 0.40971658 0.4108112 0.30812228 0.31148213 0.23148952 0.32661596 0.34811425 0.34587255 0.31063688 0.40356976 0.48600557 0.29436088 0.16824152 0.32567564 0.51490164 0.78716344 0.92295337 0.83958495 0.72772324 0.7242898 0.55431 0.1426772 -0.0669959 0.25892913 0.027544305 -0.061004765 -0.036116194 -0.003048119 0.03352732 0.060692526 0.008521331 0.3090886 0.44273192 0.43211353 0.32550734 0.22061932 0.12853995 0.061585154 -0.020689 -0.0829767 -0.01637639 0.015984204 0.01562966 0.15309438 -0.020030206 -0.101436436 0.0015694248 0.1421707 0.22021872 0.13102184 0.11174627 0.07875977 0.031982545 0.059219465 -0.01584015 0.06344824
0.7423636 0.5391998 0.33175492 0.2681786 0.24465163 0.29196867 0.24743627 0.37874407 0.3718909 0.33484912 0.32042736 0.46937683 0.44613016 0.23897488 0.28304318 0.505028 0.76621574 0.8959756 0.8978502 0.72669435 0.60672 0.526759 0.3157744 0.053180497 0.0030900126 0.13796157 0.042604733 -32767.0 -0.24180563 0.05745208 0.16698614 0.18043536 0.37397423 0.45910195 0.41761667 0.32985643 0.2725983 0.17568555 0.07965997 0.011948044 -0.059956882 -0.122651786 -0.13957219 -0.09782893 -0.07823508 0.101491936 -0.09583242 -0.122818984 0.021809269 0.11558461 0.07007159 0.033375226 -0.012374433 -0.07366532 -0.063153155 0.060964175 0.14155367 -0.015322759
0.7448869 0.45947823 0.30413976 0.09651079 0.081441514 0.18848445 0.2779957 0.30615234 0.24869378 0.29253978 0.35904303 0.45474845 0.37344533 0.39746088 0.45947096 0.72772795 0.8053878 0.7697196 0.8133715 0.624258 0.50604075 0.30609578 0.1638464 0.067062885 0.04819252 -0.026866082 0.13790555 0.096040875 -0.14412917 0.20680192 0.3135724 0.39206228 0.41769016 0.41020364 0.4199387 0.36561295 0.25850636 0.08081859 -0.08218613 -0.2063474 -0.19499451 -0.13504903 -0.16271016 -0.1929535 -0.119448915 -0.051247213 -0.2511788 -0.17247999 -0.10240547 0.036375985 0.18224351 0.23652932 0.12100638 -0.060389277 -0.0962069 0.15912789 0.068154104 -0.12402254
0.4818544 0.32204545 0.19545078 0.014360716 0.031058773 0.23215923 0.29387525 0.2441023 0.34718332 0.40546194 0.37585616 0.39214426 0.24902761 0.33543 0.55711555 0.80915916 0.8167196 0.82998854 0.7999456 0.5857955 0.36081207 0.23843016 0.13020842 -0.029608201 -0.05183378 -0.13026643 -32767.0 0.15556882 0.114579715 0.34838012 0.39494413 0.36187735 0.39515057 0.4699401 0.40258983 0.2853073 0.21545134 0.068205096 -0.13850796 -0.29947442 -0.3211016 -0.19770809 -0.21001758 -0.25962102 -0.09753177 -0.24717681 -0.3054801 -0.23214391 -0.16986221 0.17974469 0.26818824 0.19710222 0.16597012 0.1188039 0.028995983 0.1354877 0.14986783 -0.079728805
0.25270674 0.27122548 0.17487751 0.017495727 0.109339744 0.12511784 0.17056711 0.28989932 0.2884452 0.29505333 0.35487527 0.36382207 0.2639893 0.445905 0.6818394 0.76882666 0.82439405 0.7756748 0.69680226 0.44987565 0.2971311 0.243317 0.10403053 -0.054769106 -0.08042856 -0.049455464 -0.10540805 0.16397955 0.27715948 0.4153418 0.34453613 0.3519046 0.46447048 0.5039341 0.3262633 0.28345555 0.19656812 -0.017459705 -0.13873373 -0.3351625 -0.3193473 -0.23983078 -0.32251355 -0.28158718 -0.26894337 -0.36775553 -0.3359469 -0.15871242 0.19389713 0.28905976 0.28320867 0.18496151 0.026083317 0.032967452 -0.09301031 -0.020826701 0.22255078 0.123837784
0.16955529 0.34903806 0.1677973 0.09769432 0.05975364 0.07026799 0.12379726 0.16212374 0.21981986 0.3421431 0.25377238 0.36509293 0.5190142 0.5999506 0.62296355 0.82373744 0.77437913 0.66576946 0.53693515 0.3000115 0.24008521 0.19241749 0.0099257715 -0.0005831509 0.0077070724 0.00783971 0.065053076 0.09296461 0.37978578 0.4437659 0.298168 0.34655836 0.5002999 0.49716255 0.32220834 0.27357543 0.13817857 -0.049792565 -0.2612085 -0.4023502 -0.30794662 -0.38275006 -0.40904728 -0.3465359 -0.44733226 -0.38444075 -0.1326603 0.116193675 0.26592577 0.3283139 0.3460025 0.20907438 -0.07433169 -0.15915973 -0.097502746 -0.1213794 0.12574661 0.034413926
