static/data/seaWater_vo/2023/7/17/12.asc
ncols 137
nrows 93
xllcorner 108.0
yllcorner 17.0
cellsize 0.25
NODATA_value -32767
[rows 26 to 51 of 93, columns 58 to 115 of 137]
0.22923072 0.2540459 0.28526512 0.24694091 0.27216372 0.24895024 0.2506771 0.3180678 0.3140145 0.33078077 0.36331123 0.25080502 0.17393705 0.17115608 0.13660075 0.08316281 -32767.0 -32767.0 -0.059182517 0.2851564 0.28970674 0.19889103 0.23423354 0.28245136 0.27088067 0.24623515 0.17677374 0.0023401743 -0.022741592 -0.16123971 0.004911343 -32767.0 -32767.0 -32767.0 -32767.0 -32767.0 -32767.0 -0.14368336 0.09456132 0.18948634 -32767.0 -32767.0 -32767.0 -32767.0 -32767.0 -0.15075925 -32767.0 -0.0627797 0.12532075 0.19010031 -0.012793858 -0.29659256 -0.20218676 -32767.0 0.08529946 -0.21433543 -0.2654825 -0.22472833
0.29900792 0.045252386 0.2730743 0.19379155 0.09434592 0.08091462 0.090458296 0.1292518 0.13102362 0.13864449 0.17657007 0.15323931 0.08517383 0.10473367 0.16467904 -32767.0 -32767.0 -0.016831825 0.052090727 0.35916495 0.27005136 0.26375046 0.24811184 0.27532423 0.30190253 0.20332216 0.006439193 -0.12316258 -32767.0 -32767.0 -32767.0 -32767.0 -32767.0 -32767.0 -32767.0 -32767.0 -32767.0 -0.13601805 -0.016143236 0.25897214 -32767.0 -32767.0 -32767.0 -0.17933893 -0.10244711 -0.06980952 -0.05119832 0.2874002 0.16143255 -0.011415378 -0.16444357 -0.23989233 -0.05136286 0.0849639 -0.2206968 -0.3514679 -0.3147867 -0.13159095
0.22254188 0.10216286 0.148526 0.1813917 0.24526398 0.25660872 0.15400998 0.017848285 -0.04966539 -0.0014619525 -0.022640165 -0.058234368 0.0010290318 0.19103937 0.2546695 0.14927737 0.17225365 0.18632984 0.24408633 0.34891728 0.42467156 0.3697166 0.31657034 0.22616458 0.18428804 0.039726295 -32767.0 -0.21129423 -0.031043861 -32767.0 -32767.0 -0.0022410774 -32767.0 -32767.0 -32767.0 -32767.0 -32767.0 -32767.0 -0.025221532 0.06760597 -32767.0 -32767.0 -0.19013995 0.08674524 0.15715206 0.1277907 0.21476056 0.25796744 0.115565695 -0.06622622 -0.25888407 0.08119995 -0.126459 -0.06460701 -0.22048347 -0.2151635 -0.1308888 0.054764763
0.35821202 0.2750221 0.11323228 0.18725486 0.10263348 0.119943775 0.18657705 0.2049199 0.17319912 0.09139904 0.04070934 0.10207408 0.323533 0.5770599 0.44287908 0.30209783 0.31175718 0.2986323 0.33218196 0.35570145 0.37759313 0.34704712 0.2791795 0.15997185 0.07636434 -32767.0 -0.048164405 -0.1741622 0.049156092 -0.09285778 -0.063503385 -32767.0 -0.013448789 -32767.0 -32767.0 -32767.0 -32767.0 -32767.0 0.09218039 0.24460414 -0.017591525 -0.21995123 -0.15961204 0.22263072 0.10291584 0.046754576 0.11503789 0.22811592 0.17763174 -0.13836934 -0.088071026 -0.005892248 -0.0042007407 0.01379355 -0.068625614 -0.023206968 0.043924134 0.15575555
0.35429895 0.25686842 0.28222215 0.08259107 0.06991024 0.0716068 0.20017159 0.31340885 0.2926549 0.29257786 0.19605581 0.2158172 0.41765785 0.5888807 0.41799334 0.29760578 0.35104448 0.34922263 0.23919943 0.26705763 0.34575582 0.32779977 0.2526784 0.17762138 0.07252043 -0.027319154 -0.0053981445 -0.055254333 -0.04164898 0.0058909254 -0.070201956 -0.098496035 -0.0663102 -32767.0 -32767.0 -32767.0 -32767.0 0.35935038 0.40681696 0.38550332 0.12153102 0.018827824 0.20557228 0.19274361 0.10960674 -0.057315163 0.09610903 0.16344737 0.049354922 -0.09485919 -0.24443723 -0.09868767 0.025812572 0.020423617 0.016878296 0.05315338 0.083848044 0.35247344
0.32880592 0.2709603 0.13748644 0.11462038 0.18146223 0.22234033 0.35290334 0.26048952 0.2063114 0.2392534 0.16646269 0.27137113 0.28955108 0.29234675 0.2611277 0.2236175 0.26934627 0.26558703 0.21686234 0.261555 0.2427445 0.2641486 0.25226322 0.13310984 0.11076929 0.08087268 0.043460257 -0.04866772 -0.068240434 -0.11922821 -0.11958803 -0.10351738 -0.21583953 -32767.0 -32767.0 -32767.0 -32767.0 0.242853 -0.07243201 0.13918352 0.23257022 0.34373072 0.37575418 0.25060174 0.11044704 0.027310781 0.038285904 0.036176186 -0.017424732 -0.10716236 -0.20542823 -0.31230965 -0.33808652 -0.1097102 -0.014420069 0.14574313 0.15021002 0.43708026
0.2236966 0.14460832 0.18371284 0.40694886 0.498835 0.36694506 0.400878 0.20956214 0.11813248 0.09759752 0.10742912 0.07224955 0.058709916 0.2288773 0.24675667 0.21570128 0.18154772 0.21357794 0.2606882 0.2744823 0.25391316 0.22134984 0.2202683 0.21352841 0.19894437 0.20041448 0.10548066 -0.07259083 -0.16041726 -0.19667059 -0.11789179 -32767.0 -32767.0 -32767.0 -32767.0 -32767.0 0.33260363 0.10527773 -0.025966201 0.4556567 0.5990199 0.5420976 0.50382584 0.46075487 0.36952254 0.25506538 0.14557384 0.016587425 -0.1458645 -0.35004038 -0.55738044 -0.62707525 -0.52278125 -0.53286254 -0.27190366 0.04193399 0.23386513 0.46577236
-0.006345017 0.26692057 0.3711678 0.41164324 0.39341557 0.40367338 0.39378956 0.21543156 0.10764579 0.06542583 0.10439331 0.051566493 0.1705921 0.20380692 0.17795788 0.14974481 0.10023203 0.100976065 0.21572089 0.34501982 0.35065964 0.31346697 0.3587502 0.29260102 0.25226036 0.2255529 0.13431674 -0.02956532 -0.27109665 -0.28743216 -0.17475659 -32767.0 -32767.0 -32767.0 -32767.0 -32767.0 0.072135784 -0.07905729 0.5510669 0.63553405 0.5516022 0.59557045 0.65550643 0.55872613 0.3729163 0.1996264 0.11771737 -0.038970403 -0.25411132 -0.43742526 -0.6139822 -0.8908312 -0.98620385 -0.7545783 -0.5628077 -0.22581701 0.17493935 0.3364501
-0.22136983 0.22801435 0.35584015 0.2678211 0.25286734 0.32775173 0.28571528 0.22331339 0.13944243 0.11731819 0.13883567 0.17569213 0.23852299 0.2178712 0.19672787 0.113016695 0.15477443 0.1691837 0.26458618 0.32209623 0.3190502 0.37007633 0.4546399 0.40099365 0.29793382 0.21422322 0.13034089 -0.03558713 -0.3369214 -0.186171 -0.06378087 0.031832635 -32767.0 0.06642613 -32767.0 -32767.0 -0.068626516 0.77405393 0.6317237 0.62676954 0.65732634 0.6669801 0.5872042 0.3978028 0.1802786 0.19715647 0.1114068 -0.03701147 -0.20004757 -0.39567143 -0.61771923 -0.8752935 -1.1357614 -1.0936177 -0.79082704 -0.45362175 0.055672865 0.3148224
-0.049490005 0.08192846 0.18983914 0.0597742 0.22032796 0.24653398 0.2540815 0.28658596 0.1759716 0.0929196 0.14541367 0.13521944 0.20582846 0.2674898 0.27398026 0.14526153 0.18688126 0.22757652 0.24740672 0.2786192 0.32428277 0.45431995 0.50676006 0.44075897 0.33805785 0.22412838 0.08845172 -0.04847664 -0.23578073 -0.2817174 -0.09141374 0.0064411736 0.057949726 0.063823685 -32767.0 0.27967837 0.67519885 0.55064267 0.712335 0.7046838 0.7006338 0.66458845 0.56597126 0.24189928 0.00742146 0.08871 0.09745933 -0.0023276485 -0.10591265 -0.25069025 -0.46437672 -0.70511484 -0.9729626 -1.2455655 -1.0475495 -0.60379905 -0.12214382 0.33532953
-0.057413667 0.12448825 0.14115055 0.2634733 0.19232468 0.2830232 0.35736084 0.31297007 0.18559296 0.12736431 0.06074715 0.10360368 0.21827368 0.26118308 0.18912014 0.18321538 0.2552624 0.3459913 0.38876945 0.41158313 0.43819645 0.48948583 0.5232074 0.49410927 0.40033522 0.25479499 0.04113288 -0.10848559 -0.083072625 -0.17679524 -0.097513534 0.061249435 0.024359224 -32767.0 0.63376987 0.34749347 0.47531393 0.724543 0.76726323 0.759355 0.7460774 0.6067919 0.5037273 6.328663e-05 -0.061324768 0.14670311 0.042301655 -0.114485815 -0.08130022 -0.0728553 -0.34720623 -0.61378545 -0.82858455 -1.1337862 -1.2517661 -0.7581142 -0.3118374 0.25838497
-0.06465813 0.18380928 0.20263785 0.19708402 0.17932566 0.17348868 0.1750724 0.3359062 0.23849873 0.2326467 0.174542 0.15192086 0.14306393 0.1503019 0.1825634 0.24099015 0.31361723 0.40324563 0.40830615 0.42087823 0.5084462 0.5556872 0.5663207 0.514833 0.3693945 0.16123691 -0.07941938 -0.23663412 -0.1427191 -0.13475627 -0.0032862334 -0.09638426 0.16810404 0.22582003 0.16003467 0.12910727 0.6748132 0.83466107 0.8072876 0.73686856 0.589193 0.50839514 0.17808396 -0.086657695 0.015271121 0.18197747 -0.044125125 -0.006826801 0.018506287 -0.1795364 -0.29935178 -0.48094773 -0.8016134 -0.9924557 -1.300981 -0.89640605 -0.4051541 0.149262
-0.076623574 0.033642486 0.09118461 0.36662018 0.3318075 0.15912324 0.05471763 0.13372129 0.26739356 0.2984377 0.28441676 0.2833912 0.23693877 0.22710457 0.2959659 0.35054576 0.31787947 0.3031849 0.3709724 0.45417172 0.5426363 0.55344874 0.64597607 0.5850137 0.3657572 0.047475785 -0.26887643 -0.44579113 -0.3441172 -0.13731506 0.14349133 -32767.0 0.12855552 -0.05404023 -32767.0 0.49990553 0.83056766 0.8267228 0.83962363 0.6798763 0.3914818 0.29906887 0.07035743 -0.015981767 0.17807578 0.10942125 0.1272778 0.1946827 -0.06351115 -0.35078353 -0.49756455 -0.41560757 -0.72798157 -0.97659886 -1.2749689 -0.9431918 -0.32634082 0.14066637
-32767.0 -0.055696137 0.34028682 0.33344716 0.25605488 0.22071129 -0.05032083 0.077410884 0.19418554 0.2448684 0.32230294 0.250252 0.23958452 0.32089216 0.33126917 0.39400336 0.38005668 0.27964434 0.27782997 0.3457882 0.49483433 0.6416633 0.7363774 0.7243622 0.5497502 0.20576142 -0.19588313 -0.5699139 -0.61658347 -0.28077838 -0.1824923 0.02430787 -32767.0 -0.1413545 0.34488767 0.58865845 0.8510609 0.8218996 0.7610497 0.5494769 0.20034558 0.20028771 0.09476375 0.03001726 0.17434205 0.1670416 0.2648863 0.14941484 -0.09024321 -0.420095 -0.5126041 -0.32995448 -0.6312267 -0.9010025 -1.2092853 -0.9085708 -0.1115585 0.3646276
-0.15809496 0.24705249 0.2909558 0.33279318 0.2712803 0.17820948 0.1265327 0.04851233 -0.07668233 -0.045458157 0.042908948 0.11034759 0.19105849 0.23215862 0.31819957 0.34144238 0.21973203 0.028559085 0.015510793 0.16146635 0.31079024 0.62761307 0.88340324 0.9491733 0.674601 0.2912883 -0.10122361 -0.4220165 -0.6707612 -0.4874783 -0.28064725 -0.5421492 0.121632785 0.0678521 0.049925197 0.7669887 0.89342153 0.7434353 0.63708526 0.4282641 0.09031699 0.20048633 0.1633066 0.11990472 0.09627895 0.14023024 0.16967118 0.12604234 -0.043150336 -0.2891616 -0.49474207 -0.31606728 -0.41385233 -0.77750933 -1.0008595 -0.9349116 -0.08867455 0.5035033
-0.11158951 0.32030424 0.32796326 0.27206302 0.25932518 0.1523995 0.2208081 0.12921926 -0.025139 -0.00054005836 0.052643854 0.14687148 0.12917995 0.12563649 0.072701514 0.09063323 0.09287904 -0.11299088 -0.04242303 0.1941945 0.20125754 0.5229926 0.92045057 1.1218836 0.82982373 0.3337469 -0.0881543 -0.24597612 -0.53525305 -0.6033418 0.13634063 -0.5352337 -0.51888067 0.0031180498 0.40671584 0.8303784 0.8574884 0.66760933 0.54677516 0.32054952 0.055678893 0.16600129 0.14199157 0.08808392 0.03625813 0.036640853 0.04616622 0.048909266 0.11653907 -0.035630632 -0.26438373 -0.40577447 -0.2896775 -0.45070693 -0.7459363 -0.7441819 -0.2148133 0.31913352
0.006769075 0.4150938 0.33309475 0.1884598 0.2770167 0.14826924 0.11263865 0.020388318 0.08018005 0.2112342 0.08080809 0.16976471 0.26812202 0.26371756 0.14249559 0.013768837 -0.013724484 -0.07215898 0.074457504 0.15495485 0.15893653 0.46418113 1.0152245 1.2022381 0.79246664 0.218086 -0.119470894 -0.22390959 -0.34352818 -0.7574236 -0.5769481 -0.20453985 -0.15051614 -0.028040398 0.2825972 0.7428102 0.7046017 0.49358773 0.37274095 0.27936742 0.019014092 0.11269343 0.09319106 -0.019861387 -0.087071665 -0.055715982 -0.03106768 -0.018121712 0.0072898488 0.09573746 0.23684782 -0.07199013 -0.37714112 -0.46872613 -0.5150361 -0.44790775 -0.25761938 0.19303285
0.2343493 0.41109028 0.3375947 0.17729558 0.2145514 0.18718061 0.13748214 0.12953481 0.09954891 0.20912522 0.10080231 -0.019997075 0.17888954 0.1575538 0.04216378 -0.07292113 -0.0702827 -0.037973233 0.11598227 0.20165719 0.35381153 0.7214007 1.0626998 1.0433019 0.6128732 0.0058643892 -0.202745 -0.12305343 -0.5426614 -0.18058407 -0.437818 -0.28006524 -0.04260889 0.009636615 0.3717138 0.51894194 0.4516146 0.3473488 0.22781019 0.17358102 0.01836797 0.035455287 0.07132536 -0.019172164 -0.15422323 -0.1367971 -0.024988146 0.0953442 0.054330066 0.037004948 0.11714271 0.17853989 -0.22743917 -0.34268308 -0.40197802 -0.30029565 -0.1286201 0.13408521
0.3184046 0.3965385 0.36315644 0.21354489 0.036730874 0.20643768 0.14479186 0.1914321 0.110153906 0.14586857 0.101230435 0.11174198 0.1378638 0.15425275 0.09667429 -0.01907566 -0.0677276 0.012813896 0.2714029 0.5409991 0.6677106 0.82171506 0.8931238 0.81936103 0.32762066 -0.15828958 -0.11372629 -0.15693054 -0.012621532 -0.32937998 -0.27238974 -0.12654395 -0.02979915 0.13445093 0.2653871 0.28484225 0.35211015 0.3042824 0.12985486 0.028073024 -0.03576847 -0.06790307 -0.026251147 -0.06407829 -0.12784709 -0.24756569 -0.20817386 0.14805263 0.17934754 0.04425699 -0.008464102 0.008234868 -0.051661145 -0.24599938 -0.2961203 -0.21192992 -0.115713686 -0.008883212
0.4006449 0.42857537 0.27932897 0.09307337 -0.02858455 -0.09802568 0.066899344 0.2743041 0.13941075 0.024349589 0.03757657 0.17013638 0.20256367 0.15200496 0.08201608 0.036137816 0.042406388 0.3283863 0.617955 0.78310925 0.791976 0.7618173 0.82459223 0.52062714 0.061849285 -0.053913288 0.053427063 -0.22603089 -0.007924648 0.07936271 -0.029766237 -0.025840439 0.05957002 0.12843871 0.15037651 0.35824102 0.32899934 0.23962116 0.13231167 -0.0073561515 -0.12295998 -0.15737526 -0.10249635 -0.12130484 -0.15698719 -0.116955325 -0.18439612 -0.16036122 -0.0048727184 -0.03412265 -0.04137791 -0.051025484 -0.071902566 -0.06180393 -0.1706886 -0.20720217 -0.16754481 -0.2897448
0.5489886 0.46907818 0.16372965 -0.011148078 -0.024141703 -0.13877048 -0.1630931 -0.019246714 0.13407056 0.06433514 0.11024715 0.21063995 0.27421916 0.25428474 0.11318407 0.083827905 0.28239504 0.52987903 0.6515811 0.6887198 0.61346895 0.61553925 0.5651509 0.18209156 -0.040211335 0.28497568 -0.011926228 -0.12628841 -0.04132414 0.13677391 0.058830112 0.114996076 0.1188954 0.30696908 0.39250922 0.38079354 0.33593243 0.2700122 0.18361335 0.05208883 -0.07487762 -0.17595641 -0.2084985 -0.16102691 -0.1456035 -0.09075958 -0.098868206 -0.1878874 -0.16112101 -0.18834043 0.062714614 0.02712649 -0.0930665 -0.20852819 -0.13919705 -0.19108534 -0.27832678 -0.33723852
0.50756323 0.43427482 0.18116316 0.0070948657 -0.15822262 -0.18330608 -0.17978036 -0.06164549 0.062611066 -0.04250885 0.1296218 0.23477592 0.28491426 0.27065295 0.2306938 0.29822502 0.5011786 0.5832406 0.65683514 0.63365626 0.48946437 0.45088717 0.34707922 0.021795368 -0.037034232 0.2614207 -0.033766378 -32767.0 -0.11240983 0.18846151 0.16414098 0.2184278 0.42084292 0.37407866 0.4186489 0.4168384 0.34557965 0.24380384 0.12260481 -0.0012418276 -0.054295752 -0.12706728 -0.1972777 -0.18728791 -0.17219533 -0.07683497 -0.08240985 -0.24792635 -0.30122963 0.024950564 0.09664398 0.07586269 0.023564344 -0.057891242 -0.22433673 -0.2168341 -0.13724676 -0.2485273
0.44831437 0.3303363 0.18331079 0.0030465205 -0.27659184 -0.13734682 0.0052588177 0.021009583 -0.06581253 -0.06278316 0.15435731 0.17691456 0.16752803 0.13493879 0.2714836 0.5530079 0.5681107 0.5334987 0.59682715 0.572862 0.40982324 0.3147727 0.16475524 -0.012319386 -0.05559713 -0.034531772 0.20182195 0.17849733 -0.026276693 0.23798482 0.3178215 0.4105239 0.42561394 0.49643472 0.50953054 0.4975424 0.43546104 0.33060402 0.10312733 -0.01889672 -0.11204698 -0.16751687 -0.21920218 -0.22302066 -0.24664162 -0.036087167 -0.23490778 -0.38151547 -0.24885105 -0.17543364 -0.04704377 -0.033847176 -0.08230322 -0.2122717 -0.14267446 0.031556234 0.053375922 -0.16004942
0.3559261 0.21371865 0.20768093 -0.05269972 -0.22067748 -0.09916449 -0.020495376 -0.015711537 -0.10499424 0.037229273 0.051545814 0.11901976 0.098842636 0.13841493 0.42417106 0.52928364 0.56235725 0.5503936 0.5502815 0.47875232 0.3197789 0.29525456 0.1115072 -0.0040698317 -0.0070063737 -0.1279322 -32767.0 0.2114899 0.10339407 0.34510335 0.440026 0.41599187 0.5239673 0.57961804 0.5729026 0.5569506 0.4481047 0.30068073 0.1298691 -0.07636243 -0.1856367 -0.2567574 -0.2512528 -0.267328 -0.22598583 -0.20302205 -0.43213055 -0.42421216 -0.18719482 0.0009327099 0.026252614 0.022995237 -0.10594993 -0.12639067 -0.14525592 -0.028275479 -0.059875112 -0.09797898
0.14442903 0.30134702 0.24987715 0.00079236395 -0.013388086 0.04119529 -0.10316912 -0.024807144 0.020723516 -0.037020884 0.00038721386 0.076070085 0.10840968 0.23079292 0.37490493 0.44914824 0.589398 0.5115919 0.44950163 0.31451437 0.19533154 0.23091881 0.083473414 -0.021194583 -0.054439366 -0.04634889 0.019720426 0.13769504 0.29245278 0.49105838 0.4467753 0.45330605 0.57978815 0.60655165 0.5273012 0.49643466 0.41163635 0.22034511 0.033462007 -0.106529824 -0.26549888 -0.31099287 -0.2926079 -0.37067264 -0.2528936 -0.4588146 -0.49916142 -0.22126509 0.013940615 0.1746551 0.18082444 0.0837838 -0.06374562 -0.13947158 -0.056468878 -0.17498027 -0.20519732 -0.07434498
0.041648455 0.4138703 0.2547753 0.15279335 0.07459676 -0.039270274 -0.021496763 0.053014662 0.0066446047 -0.064174324 -0.027711753 0.0022325083 0.22113372 0.3560149 0.37130195 0.6228451 0.60849535 0.43611243 0.32540387 0.17119053 0.113384664 0.09879766 -0.033440273 -0.0049545593 0.052566502 -0.013024408 0.046697497 0.08450059 0.38097423 0.53069085 0.4208156 0.47040522 0.614929 0.58329916 0.43304002 0.42528075 0.2947914 0.2704695 -0.002785211 -0.11369008 -0.24380018 -0.25733942 -0.3644095 -0.31927615 -0.52297795 -0.5898001 -0.30370796 -0.036653932 0.17030591 0.22167926 0.283431 0.21267848 -0.07210198 -0.23838848 -0.04572251 -0.14257905 -0.035749577 -0.014560462
