static/data/seaWater_vo/2023/7/17/18.asc
ncols 137
nrows 93
xllcorner 108.0
yllcorner 17.0
cellsize 0.25
NODATA_value -32767
[rows 26 to 51 of 93, columns 58 to 115 of 137]
0.10587955 0.005335335 -0.15165158 -0.19221577 -0.051427044 0.015484455 0.093363315 0.16733992 0.20217794 0.15146288 0.11085087 0.13316552 0.19341406 0.26966646 0.1984158 0.0113288015 -32767.0 -32767.0 0.005147919 0.3579871 0.27712306 0.14245245 0.087965995 0.070151635 -0.015219722 -0.07846818 -0.092774116 -0.20094788 -0.08908315 -0.03916057 0.09769114 -32767.0 -32767.0 -32767.0 -32767.0 -32767.0 -32767.0 -0.3199293 0.029744374 0.15104274 -32767.0 -32767.0 -32767.0 -32767.0 -32767.0 -0.14897168 -32767.0 -0.19939095 -0.06832109 -0.17220542 -0.41883367 -0.5489081 -0.21830884 -32767.0 0.015493272 -0.33123007 -0.37667045 -0.3115243
0.03353711 -0.034125898 0.08389879 -0.03917756 -0.0129692145 0.11517625 0.20942408 0.33193794 0.35783795 0.2735992 0.2739339 0.33167985 0.32734898 0.2610778 0.23312359 -32767.0 -32767.0 0.055590615 0.16319068 0.37220412 0.21785271 0.116223566 0.07672032 0.07175541 -0.0062052086 -0.04667156 -0.15173033 -0.10322492 -32767.0 -32767.0 -32767.0 -32767.0 -32767.0 -32767.0 -32767.0 -32767.0 -32767.0 -0.29030636 -0.15257609 0.13007334 -32767.0 -32767.0 -32767.0 -0.19980986 -0.19416176 -0.15436001 -0.18419932 0.121693 0.029257838 -0.15814748 -0.4364753 -0.5129904 -0.19774053 -0.05869681 -0.34679505 -0.42552134 -0.3496393 -0.19085477
0.20206282 0.11331377 0.028773835 0.14586139 0.060902283 0.04423923 0.09946631 0.17666937 0.20541915 0.21043584 0.21131338 0.26820463 0.12978303 0.09704099 0.08732631 0.07719202 0.117494486 0.11236839 0.20855859 0.2702827 0.24548672 0.30426648 0.25992292 0.059918307 0.008281475 -0.018699383 -32767.0 -0.10823198 -0.005945672 -32767.0 -32767.0 -0.005327453 -32767.0 -32767.0 -32767.0 -32767.0 -32767.0 -32767.0 -0.16946219 -0.08343868 -32767.0 -32767.0 -0.17220977 -0.16108213 -0.26036114 -0.41722652 -0.14639136 -0.14737312 -0.18851817 -0.26933643 -0.46077004 -0.19043988 -0.42121652 -0.29015902 -0.3962953 -0.38150382 -0.25473052 -0.15206449
0.03271003 0.016503057 0.03182952 0.17061968 0.20141056 0.27028278 0.26582626 0.1314381 0.11394752 0.120254494 0.067798465 0.06216726 0.054310724 0.15938471 0.15190211 0.1316869 0.26162437 0.3740639 0.41444036 0.3897963 0.41623315 0.38092038 0.31161642 0.08200587 0.003906397 -32767.0 -0.035501063 0.014333768 0.14312829 -0.11366831 -0.016331775 -32767.0 -0.00085983775 -32767.0 -32767.0 -32767.0 -32767.0 -32767.0 -0.018033814 0.028409164 -0.25540835 -0.41961938 -0.21756674 -0.053459037 -0.22426452 -0.30875137 -0.21364863 -0.07083836 -0.17097726 -0.43573397 -0.31777543 -0.24826911 -0.2667516 -0.26618367 -0.35817584 -0.30846426 -0.26795188 -0.16446222
-0.007187339 -0.021835968 0.23550446 0.22389889 0.19472444 0.20915608 0.22708762 0.21706454 0.10588503 0.10330833 0.07678537 0.11291436 0.36210918 0.54788584 0.31636044 0.29402986 0.39243075 0.40900385 0.34840146 0.43272847 0.50394195 0.42641264 0.36507177 0.2147486 0.06570512 -0.052866258 0.03166867 0.026012175 0.044990834 0.021491282 -0.053778525 0.030664872 -0.029781504 -32767.0 -32767.0 -32767.0 -32767.0 0.07432415 0.12653707 0.100793235 -0.12814672 -0.35099676 -0.1994403 -0.22559308 -0.2789539 -0.3512556 -0.086473964 -0.020715935 -0.18424407 -0.3608297 -0.52199715 -0.26767787 -0.1933971 -0.23962559 -0.25674352 -0.25058037 -0.25118294 -0.10066375
-0.063863486 -0.0059802835 0.13518783 0.24845286 0.28297266 0.31368244 0.29409558 0.22963092 0.21341412 0.3578236 0.20014912 0.23898968 0.33484977 0.46545887 0.34488702 0.32928145 0.36970606 0.3865194 0.34307572 0.50627196 0.5329756 0.48459852 0.4011879 0.2869375 0.20106444 0.13489056 0.056739625 -0.03624349 -0.09662418 -0.12745193 -0.19186759 -0.006207943 -0.031931754 -32767.0 -32767.0 -32767.0 -32767.0 -0.11491879 -0.33349752 -0.09263923 0.03182092 0.10928538 0.107712485 0.101812564 -0.023894552 -0.12940565 -0.12562554 -0.08871652 -0.13517457 -0.2637435 -0.39505926 -0.56187004 -0.50050753 -0.32716092 -0.34585577 -0.15570834 -0.18662965 0.0069337
0.015368555 0.016116321 0.17647393 0.26004127 0.2726816 0.30471084 0.34467548 0.26756728 0.21708742 0.1938419 0.16368802 0.29312 0.35823834 0.33708438 0.33787474 0.3259333 0.31514654 0.3448033 0.3904385 0.41358113 0.361611 0.3151172 0.32207453 0.26176962 0.19734846 0.29151344 0.2342789 -0.008896448 -0.121080875 -0.2011062 -0.15066366 -32767.0 -32767.0 -32767.0 -32767.0 -32767.0 0.07534819 -0.09719832 -0.30074373 0.2734804 0.41708234 0.37104598 0.31790075 0.29840744 0.2478779 0.21215373 0.1579913 0.06177514 -0.08819269 -0.3386676 -0.6216123 -0.7929205 -0.71454847 -0.7059309 -0.5036792 -0.2724265 -0.12867275 0.06266304
-0.10154676 0.09698248 0.24522047 0.24019651 0.22773953 0.2814513 0.33725217 0.29060867 0.23436366 0.21263412 0.22141919 0.15679964 0.23409802 0.347801 0.39631736 0.367402 0.27873617 0.30914268 0.32916927 0.2685317 0.18938679 0.25969025 0.3296717 0.29610682 0.26515293 0.26477128 0.2670516 0.083389774 -0.24063937 -0.20298529 -0.0987478 -32767.0 -32767.0 -32767.0 -32767.0 -32767.0 -0.14253497 -0.30672473 0.38854608 0.51081467 0.43424314 0.4371259 0.4266323 0.46258885 0.39555508 0.27997735 0.21604146 0.043256998 -0.16710715 -0.35703272 -0.5083733 -0.7990126 -1.0897305 -0.8989584 -0.77241933 -0.5335015 -0.13891648 0.09850828
-0.25206035 0.09001824 0.2099823 0.2509069 0.21546099 0.3140786 0.31217515 0.2867636 0.27502063 0.30483937 0.23635311 0.2661177 0.32554618 0.29141834 0.31343168 0.30535048 0.23979393 0.20911655 0.2568293 0.21687678 0.24669427 0.30989906 0.39509296 0.34526917 0.31302273 0.25915387 0.26536104 0.14504212 -0.22598302 -0.11373386 -0.03916056 0.022141924 -32767.0 0.040536776 -32767.0 -32767.0 -0.3395103 0.6198328 0.5852245 0.5440395 0.6077407 0.62309766 0.5752689 0.45140743 0.22826676 0.22181983 0.18170947 0.062530786 -0.12634405 -0.3592766 -0.5388424 -0.69560647 -1.0679864 -1.1692967 -0.96782905 -0.6928003 -0.26138794 0.089224525
-0.24008107 -0.28458467 0.214748 0.15550852 0.32727304 0.37429285 0.26460302 0.30955687 0.2946768 0.27591756 0.26443824 0.3098408 0.3184273 0.28568268 0.30567333 0.16782029 0.1661715 0.18244569 0.17574139 0.2186315 0.29761967 0.38719794 0.44329998 0.38804603 0.29901564 0.2607806 0.15860844 0.18254505 -0.0131016625 -0.17983995 -0.029051615 -0.026230581 0.0062667923 0.05206635 -32767.0 0.19066396 0.621024 0.459102 0.6463905 0.64931995 0.70047337 0.68922734 0.5522517 0.30781046 0.0011274423 0.041296467 0.1598597 0.09323279 -0.047346603 -0.20101987 -0.38713086 -0.60867333 -0.8820104 -1.2008786 -1.1122591 -0.81220555 -0.43713078 0.060492054
-0.24781892 -0.24048772 0.0025277077 0.10417989 0.121482305 0.25222364 0.273316 0.25085732 0.18233481 0.22410381 0.17150617 0.21278156 0.24048567 0.25190088 0.2497726 0.14590812 0.19452624 0.22714135 0.24723911 0.2724998 0.34159145 0.4127263 0.47409993 0.4717369 0.40659195 0.26080516 0.06262736 0.01364324 0.073765 -0.046564374 -0.08279054 0.06256199 0.0086063985 -32767.0 0.5883311 0.34148785 0.3513954 0.6475427 0.75044596 0.77229774 0.7477922 0.5953475 0.49133608 0.060700923 -0.09998939 0.09392998 0.12908085 -0.036315344 -0.12968796 -0.08308502 -0.23840427 -0.49860927 -0.7347837 -1.0452073 -1.2467281 -0.9537979 -0.55808014 -0.03373401
-0.1962902 -0.049858022 0.008402847 0.052282896 0.08622326 0.2202404 0.2528998 0.16353193 0.048319567 0.15338925 0.20750019 0.17316738 0.1601024 0.13982596 0.16127348 0.16775724 0.21082889 0.28232965 0.33496913 0.3809746 0.54935044 0.6235812 0.63271075 0.6127606 0.52708733 0.35225 0.08717564 -0.15041028 -0.09345872 -0.073606275 0.10123112 -0.04618397 0.15583065 0.24642354 0.16428588 0.019870123 0.5879063 0.7563493 0.82572556 0.7954227 0.5965645 0.50360376 0.21521844 -0.039676506 0.01719381 0.24228676 -0.0041686934 -0.06561759 0.0061786557 -0.09154779 -0.21043654 -0.37769073 -0.65011114 -0.8601532 -1.2373601 -1.0843011 -0.5958772 -0.1058227
-0.2922807 -0.088921055 -0.10831289 0.17126672 0.21185821 0.14499454 0.23254043 0.18353984 0.11131242 0.059558224 0.15583868 0.0833474 0.06466138 0.087389715 0.14359623 0.19631885 0.21256061 0.26754358 0.33193836 0.5223562 0.6487495 0.62268466 0.7241246 0.7462299 0.57958627 0.3115944 -0.025381994 -0.22590706 -0.3005471 -0.19426335 -0.051891495 -32767.0 0.09811424 -0.08309644 -32767.0 0.4079245 0.7207847 0.8270443 0.8550784 0.7254662 0.40857977 0.31272098 0.16849616 -0.0026237417 0.17319204 0.18772966 0.10855292 0.22164422 0.028274097 -0.20357798 -0.3513449 -0.29394612 -0.6009167 -0.78506196 -1.1143477 -1.1516433 -0.50843173 0.008676417
-32767.0 -0.17277893 0.12881243 0.19431892 0.21051821 0.13641898 0.12663999 0.22395626 0.21195422 0.1658487 0.15554447 0.098227285 0.1539567 0.19381368 0.22972389 0.38600478 0.42331094 0.4200274 0.43922147 0.4758927 0.60721505 0.6196789 0.7558562 0.83555716 0.7068539 0.3488041 -0.081932984 -0.3364459 -0.37343913 -0.28423083 -0.27732244 -0.18446817 -32767.0 -0.18306006 0.2986272 0.4456195 0.82578504 0.887379 0.81142807 0.578703 0.2225037 0.3144261 0.22865792 0.11491025 0.15872929 0.22683693 0.32805967 0.1943638 -0.026748449 -0.36833942 -0.4886341 -0.25849244 -0.50689787 -0.73528486 -1.0054567 -1.1128699 -0.39917642 0.21166053
-0.3093231 0.056807302 0.17469382 0.20836657 0.19669838 0.16892119 0.043243088 0.030773304 0.09363838 0.17926764 0.20934273 0.23725574 0.33444324 0.36763576 0.4003717 0.61377275 0.5556287 0.34616992 0.349005 0.49818468 0.41156137 0.5580012 0.7154225 0.986996 0.81285787 0.39298782 -0.038041476 -0.38456273 -0.5050226 -0.3034015 -0.23254114 -0.67581224 -0.12732284 0.006703959 -0.059383586 0.5210224 0.8932017 0.8352794 0.72829235 0.47869062 0.13194314 0.31903538 0.32747993 0.24856426 0.18933433 0.23867036 0.24815474 0.20714624 -0.02194889 -0.3007415 -0.41036388 -0.26066422 -0.3627863 -0.6558781 -0.8325579 -1.0161461 -0.3767954 0.42960367
-0.25138623 0.12995552 0.2769039 0.26617908 0.1899593 0.051557455 0.10474499 0.06881594 -0.05436737 0.03608546 0.044429578 0.129043 0.1913831 0.24954684 0.35126886 0.41113308 0.30557862 0.056715872 0.18570195 0.4479878 0.27573618 0.42428988 0.7568907 1.1478933 0.88319004 0.3607928 -0.05619393 -0.2813437 -0.48922148 -0.58537227 0.2277323 -0.4255094 -0.65155405 -0.15877041 0.17627078 0.6279753 0.8990393 0.7352948 0.64715993 0.42351902 0.07175961 0.28600642 0.36008015 0.30686796 0.24878234 0.18077578 0.14492337 0.14513288 0.13248873 -0.07569617 -0.31939054 -0.32055163 -0.23177329 -0.42195576 -0.6131256 -0.73383987 -0.24928911 0.3437353
-0.17810692 0.17500837 0.2515658 0.2647095 0.23684758 0.097133785 0.06666237 0.008838109 -0.040140454 0.06469105 0.04187851 0.10494862 0.20740084 0.2874768 0.2929807 0.22048649 0.1397682 0.10915488 0.29127932 0.40836343 0.33036944 0.46500927 0.93702984 1.1740469 0.82817155 0.22242191 -0.17096525 -0.24508578 -0.392871 -0.72041315 -0.651746 -0.106641345 -0.2049957 0.007097647 0.2561073 0.6191741 0.7711854 0.582213 0.50711465 0.41134226 0.08293604 0.21041599 0.33153766 0.23284967 0.14408492 0.10155294 0.07931456 0.050203975 0.06969822 0.13595705 0.17304428 -0.19479723 -0.4337207 -0.40198916 -0.433223 -0.37758747 -0.15860137 0.14448525
0.014939198 0.2152633 0.25188392 0.16993882 0.1781291 0.11311298 -0.027552145 -0.04642904 0.005211391 0.15017253 -0.010391641 -0.031516504 0.24903104 0.22376503 0.053413924 -0.012141999 0.07976679 0.2266449 0.37459484 0.43474773 0.53521466 0.7848335 1.0395925 0.9880805 0.6344535 0.02297196 -0.2508277 -0.17485349 -0.52843523 -0.22163247 -0.41076374 -0.3460712 -0.0065347804 0.14599423 0.3046729 0.53316873 0.48720235 0.4055966 0.35060146 0.2728342 0.15583315 0.14523734 0.27897316 0.17133169 -0.012004916 0.0031835556 -0.03723775 0.119818024 0.14784577 0.1384071 0.21908008 0.094356954 -0.32774207 -0.4254958 -0.39953855 -0.30166507 -0.11539083 0.218654
0.16744755 0.18252625 0.2237634 0.18456954 0.051643994 0.03501105 0.014303983 0.115005024 0.09740156 0.1193774 0.10268508 0.12720521 0.22335687 0.20063344 0.06097601 -0.015467401 0.0206198 0.21751213 0.4575601 0.70491016 0.7414607 0.74416167 0.7406407 0.76362216 0.33490872 -0.1459672 -0.1373283 -0.16171671 -0.04628622 -0.33606064 -0.23559515 -0.11997725 0.069577865 0.21330076 0.28408855 0.31190923 0.33739194 0.32614443 0.17836982 0.106411904 0.06918981 0.07554457 0.13161708 0.09317988 -0.032147143 -0.1487757 -0.1710966 0.12519626 0.25342998 0.14792867 0.10095798 0.15593909 -0.057145387 -0.32860148 -0.34160352 -0.19847675 -0.06096648 0.018327873
0.15871783 0.2780697 0.18819623 0.106408074 0.041544605 -0.021898374 0.017443005 0.2507444 0.1301582 0.041725952 0.09779529 0.2160754 0.23015083 0.18370688 0.06761675 0.034924034 0.121175386 0.43681958 0.7372935 0.7884608 0.6790092 0.5610388 0.660019 0.46734238 0.021010906 -0.027400432 0.020491157 -0.23902862 -0.020434022 0.016693914 -0.056036025 -0.049888298 0.061423916 0.15281722 0.14728835 0.3121393 0.35856062 0.22186214 0.064960025 -0.03649467 -0.082347535 -0.071320646 -0.024684379 0.022852758 -0.009623548 -0.084794134 -0.19669442 -0.07277503 0.10524733 0.19898663 0.15939486 0.0023650604 -0.02429876 -0.096446134 -0.19102612 -0.19287136 -0.15081449 -0.2428409
0.38488886 0.44952312 0.13787271 -0.07071873 0.0011008396 -0.10059751 -0.16725656 -0.0051389704 0.21217863 0.1275803 0.13727821 0.21082236 0.27780905 0.18933342 0.0062999893 0.111832984 0.32500648 0.5971344 0.63622284 0.62874585 0.531875 0.45447892 0.46657604 0.14853068 -0.05547642 0.24469967 -0.030184314 -0.14712521 -0.03807528 0.03645908 0.04344388 0.13741858 0.118517324 0.25968388 0.366918 0.33400518 0.2409898 0.15545763 0.05610024 -0.07277943 -0.16522609 -0.2352561 -0.21313979 -0.13162914 -0.1001132 -0.064752474 -0.1704281 -0.24769221 -0.07629809 0.016633756 0.0031584245 -0.1412112 -0.17930222 -0.105383985 -0.17631917 -0.16495079 -0.1330978 -0.13289924
0.41830567 0.37508506 0.071221106 -0.14137615 -0.16666181 -0.20961218 -0.21565513 -0.1250126 0.1366627 0.0022994021 0.12215217 0.22018269 0.24536453 0.13524541 0.20876606 0.33834398 0.5487611 0.5938881 0.60040396 0.57447284 0.3784521 0.28015104 0.23301241 -0.024957616 -0.072102726 0.21796745 -0.04222434 -32767.0 -0.1872019 0.16381145 0.16088887 0.21560572 0.3673214 0.39693445 0.36951277 0.35741022 0.2792558 0.15086655 -0.01607426 -0.11821192 -0.19894893 -0.2718077 -0.32471567 -0.26260275 -0.18598695 -0.109726705 -0.18624553 -0.25944936 -0.20141304 -0.036544584 -0.019880403 -0.0715165 -0.14491369 -0.20992534 -0.16751066 -0.08502412 -0.055612158 -0.17035392
0.3809115 0.18380582 0.035116404 -0.11976095 -0.3185531 -0.11530618 0.033133153 0.040091246 -0.044283874 -0.038408916 0.15658346 0.14172168 0.13684018 0.058768492 0.24516292 0.549822 0.552437 0.5170378 0.5234374 0.5096487 0.34157795 0.19047076 0.07155619 -0.042027436 -0.06568371 -0.025370901 0.1418503 0.15533946 -0.09009301 0.20573784 0.32672596 0.37728932 0.37866464 0.42712277 0.45530564 0.4088725 0.30462807 0.18422784 0.009170774 -0.19140658 -0.3167934 -0.2670579 -0.31674033 -0.3214741 -0.27512196 -0.19410916 -0.33453643 -0.36353648 -0.20609522 -0.02231506 0.09975547 0.05421503 -0.027898455 -0.104485385 0.0018187538 0.06906835 -0.08832463 -0.2212094
0.23650435 0.13512103 0.1388886 -0.15212047 -0.23445487 -0.0190644 0.097735174 0.00052729424 -0.060525626 -0.016479744 0.003002814 0.019563649 0.00922158 0.0040933103 0.42974496 0.5536881 0.6025051 0.58094335 0.49142373 0.40613008 0.23706704 0.22392082 0.113767706 -0.049697693 -0.06669162 -0.1229852 -32767.0 0.17245218 0.07468512 0.3553279 0.40603158 0.36353785 0.44527456 0.54748213 0.5020562 0.43817452 0.3651646 0.20399557 -0.05587538 -0.2534189 -0.4096321 -0.3237603 -0.34683803 -0.40905413 -0.3243907 -0.3328696 -0.4772233 -0.361335 -0.03307518 0.15483421 0.08009189 -0.0061772186 -0.061717115 -0.14013913 -0.060482867 -0.0066986135 -0.13448252 -0.1507773
0.08652556 0.23698898 0.17451863 -0.01709324 -0.098100446 0.08343534 -0.098781355 -0.00059155514 0.036235277 -0.021152696 -0.03838226 -0.0326026 0.03473771 0.22825985 0.39114046 0.45920876 0.63255715 0.5170133 0.39146605 0.25620115 0.18345375 0.20120169 0.057465583 -0.06966378 -0.095921546 -0.083490536 -0.024707211 0.06665235 0.2486097 0.45025033 0.3642441 0.40290335 0.51953995 0.5774376 0.49914056 0.44168606 0.34821543 0.12412232 -0.084757224 -0.3098407 -0.40313622 -0.37564248 -0.42795274 -0.46677905 -0.39979118 -0.5451028 -0.4835497 -0.12444219 0.055725068 0.13998295 0.12709671 -0.011771839 -0.1548137 -0.23543534 -0.27617288 -0.21159554 -0.10646617 -0.1950827
0.02755814 0.25087866 0.15314153 0.0406104 0.00053119723 -0.099789195 -0.06534438 -0.020903802 -0.016337015 -0.04336082 -0.062906064 -0.014513063 0.23682217 0.37680376 0.37992117 0.62152714 0.60850084 0.3819192 0.24959116 0.11792097 0.10912985 0.1254594 -0.053869452 -0.019463437 0.019269755 -0.032089986 0.0074383593 0.053573165 0.33924475 0.44994453 0.35807014 0.41626564 0.54137594 0.56197655 0.39203638 0.38413802 0.22984177 0.08527638 -0.15245962 -0.287579 -0.37714317 -0.41943672 -0.49732402 -0.44798133 -0.565032 -0.5791251 -0.23904803 -0.079288036 0.11661321 0.10270133 0.1792725 0.046989918 -0.23105073 -0.3934662 -0.2968896 -0.27594182 -0.1624321 -0.245847
