static/data/seaWater_vo/2023/7/17/6.asc
ncols 137
nrows 93
xllcorner 108.0
yllcorner 17.0
cellsize 0.25
NODATA_value -32767
[rows 26 to 51 of 93, columns 58 to 115 of 137]
-0.15694158 0.05219162 0.08063859 0.16063324 0.087608576 0.068764634 0.07886115 0.045517124 0.08566132 0.05839962 0.060820453 0.25427568 0.20671122 0.17300363 0.17749363 0.01278112 -32767.0 -32767.0 0.009001715 0.20492205 0.22765054 0.1284246 0.22658941 0.34079757 0.37212518 0.34665698 0.28441617 0.12664627 0.10008562 -0.07946961 -0.044470742 -32767.0 -32767.0 -32767.0 -32767.0 -32767.0 -32767.0 -0.1485428 0.101135455 0.21013275 -32767.0 -32767.0 -32767.0 -32767.0 -32767.0 0.18603583 -32767.0 0.1734768 0.29335818 0.1947541 -0.069832675 -0.3438677 -0.15685208 -32767.0 0.14234203 -0.092658706 -0.1252815 -0.07146412
0.08693085 0.07092338 0.023336582 0.055568088 0.14016274 0.15466623 0.09672395 -0.0050045443 -0.10511789 -0.07106878 0.11760581 0.114947565 0.15845722 0.15490027 0.16733493 -32767.0 -32767.0 0.11672582 0.062166024 0.35202196 0.33153751 0.27860767 0.2461382 0.25019073 0.25722498 0.1833762 0.04724332 -0.017061193 -32767.0 -32767.0 -32767.0 -32767.0 -32767.0 -32767.0 -32767.0 -32767.0 -32767.0 -0.118199535 0.16032743 0.38971522 -32767.0 -32767.0 -32767.0 0.0009718628 0.32268965 0.13185315 0.16497903 0.28680176 0.12309868 -0.07267314 -0.35639825 -0.35932964 -0.07774395 0.116027996 -0.1609669 -0.18451345 -0.10494999 0.08418274
-0.068897784 -0.095969126 -0.0595746 -0.057199746 0.06369842 0.18306784 0.1701879 0.12555966 0.15060093 0.21721701 0.18086793 0.26125684 0.38652262 0.4097161 0.32206103 0.20221692 0.24054357 0.21460408 0.18187821 0.23100144 0.3069166 0.2730511 0.13260753 0.08105593 0.10593953 0.08418474 -32767.0 -0.11311197 0.08884734 -32767.0 -32767.0 0.02137417 -32767.0 -32767.0 -32767.0 -32767.0 -32767.0 -32767.0 0.029051464 0.33144462 -32767.0 -32767.0 0.10754063 0.4071261 0.25374833 0.23848978 0.22374675 0.17792682 0.038729362 -0.18388763 -0.36024243 0.05753593 -0.28323296 -0.16258271 -0.22944291 -0.140279 0.012273062 0.14293247
-0.026840795 0.06771905 -0.023796432 0.022591151 -4.724349e-05 -0.016837806 -0.025594395 0.12801121 0.1595653 0.17585894 0.23038442 0.29732388 0.37353072 0.39513886 0.3205685 0.16846228 0.14591625 0.14296535 0.091320544 0.06481493 0.124789484 0.23014666 0.1389864 0.0028587792 0.037815027 -32767.0 0.05101676 -0.014423256 0.20258631 0.048423 0.095872335 -32767.0 -0.01892461 -32767.0 -32767.0 -32767.0 -32767.0 -32767.0 0.23429942 0.33600202 0.091269895 -0.10288731 0.1612764 0.47333267 0.06007024 0.17215057 0.09520544 0.17471346 -0.021959094 -0.39097235 -0.2196912 -0.13465454 -0.18313198 -0.20275182 -0.22428145 -0.12017006 -0.03705327 0.15082668
-0.025745587 0.007175782 -0.032961357 -0.04323565 0.033892788 0.06321885 0.12432697 0.10800732 0.09193681 0.13095468 0.18370819 0.19065085 0.120646864 0.05248972 0.07199454 0.06320148 0.103650525 0.10629329 0.04740118 0.095679656 0.12805574 0.15249383 0.107541494 0.011559057 -0.027796466 -0.065921344 0.015931709 0.012655849 0.06120801 0.13354042 -0.025503244 0.081815876 -0.04926684 -32767.0 -32767.0 -32767.0 -32767.0 0.5311203 0.43844983 0.28022408 -0.022954274 -0.0865201 0.1766066 0.1926627 0.09343141 -0.019134631 0.12011571 0.07805154 0.0078030284 -0.24796009 -0.38995105 -0.16516715 -0.10551507 -0.17831418 -0.18549903 -0.14440738 -0.07841422 0.16205867
0.08405073 0.003195552 -0.01957799 0.09036894 0.15733463 0.07039324 0.11509033 0.015134435 0.082700625 -0.11913204 -0.09904054 0.016733995 -0.009470258 0.085790634 -0.0028993648 0.0536302 0.114665546 0.08830933 0.10715592 0.2444514 0.27887836 0.27147874 0.20930226 0.11351073 0.010854745 -0.019339427 -0.025578082 -0.06970117 -0.060996667 -0.1070049 -0.0058390624 0.123690695 -0.067846246 -32767.0 -32767.0 -32767.0 -32767.0 0.4157692 0.1071205 0.25482523 0.2715147 0.28342658 0.2801947 0.19374762 0.10734667 0.06571998 0.05568006 0.00802992 -0.0846 -0.21060206 -0.3213257 -0.40820676 -0.37755156 -0.23839502 -0.24115793 -0.13393965 -0.10114586 0.20447107
-0.06283061 0.011487864 0.068197034 0.21927166 0.2587395 0.121959254 0.14032651 0.053899996 0.017216684 0.04417261 0.08764372 -0.011136584 -0.06597612 0.08676299 0.07710599 0.12535839 0.12553366 0.103268884 0.23320015 0.4818069 0.5615805 0.43397507 0.32072514 0.14626044 0.053476363 -0.029143414 -0.11287012 -0.19906196 -0.23522127 -0.27334282 -0.089202486 -32767.0 -32767.0 -32767.0 -32767.0 -32767.0 0.22890021 0.19206387 0.09069653 0.42905232 0.5167891 0.4539731 0.3487019 0.26179853 0.18223143 0.12091324 0.03936 -0.106334925 -0.27786812 -0.47979027 -0.67873657 -0.70707875 -0.61649346 -0.5585051 -0.37895173 -0.12520148 -0.022439001 0.20081276
-0.24262628 0.029998733 0.13096887 0.13167839 0.11337121 0.08877755 0.10011253 0.0056504887 -0.07743391 -0.0029653385 -0.011632508 -0.028184762 0.06416407 0.14279515 0.07212915 0.032968212 0.2244133 0.24816716 0.34621575 0.51067036 0.47098282 0.41552538 0.35109568 0.25826773 0.15248898 0.07389561 -0.06463984 -0.25086132 -0.41868258 -0.35186148 -0.07926719 -32767.0 -32767.0 -32767.0 -32767.0 -32767.0 0.020470535 0.010360598 0.5493435 0.55487204 0.44086948 0.44168583 0.43268973 0.35344774 0.28017244 0.2815371 0.18895155 -0.02260749 -0.26037464 -0.4698715 -0.72625077 -1.0188904 -1.0396309 -0.8321589 -0.6622759 -0.3920402 0.001409269 0.20394905
-0.31139448 -0.049085915 0.0032412575 -0.05580242 -0.017500909 0.0800457 0.13283066 0.038502723 -0.040959824 -0.13737354 -0.10828571 -0.15291892 0.010356911 0.10375547 0.105269946 0.15548623 0.2768577 0.36356592 0.39394876 0.38514203 0.32428354 0.39606026 0.40021563 0.32531196 0.18049115 0.069439694 -0.063721664 -0.23498626 -0.51860166 -0.30055517 -0.14121428 0.064609185 -32767.0 0.10350698 -32767.0 -32767.0 -0.0012628486 0.741103 0.5454439 0.5156124 0.497008 0.522195 0.49277815 0.34269315 0.22235548 0.28515446 0.13213907 -0.04953773 -0.20230377 -0.39758897 -0.61772275 -0.88063276 -1.1581455 -1.1773332 -0.8737834 -0.6331542 -0.087191455 0.22787897
-0.15817077 -0.2826415 0.036539145 -0.028278202 0.045018345 0.037248354 0.06297693 0.11470041 0.06542434 -0.14407489 -0.11009949 -0.12461598 -0.059792683 0.042035714 0.15133955 0.1873533 0.26577586 0.32929352 0.3421267 0.35385653 0.34362134 0.4525565 0.3901261 0.2988077 0.21340655 0.103900395 -0.102379635 -0.2797694 -0.45195284 -0.4469549 -0.16017576 -0.050316356 0.034294717 0.045831207 -32767.0 0.33687064 0.6628032 0.4858233 0.584975 0.5537671 0.57439876 0.6760599 0.5960191 0.17767884 0.09049804 0.07981406 -0.0036616349 -0.09716302 -0.19589494 -0.31332836 -0.5170648 -0.7560785 -1.0181749 -1.3422313 -1.1278573 -0.74237835 -0.25478658 0.23213716
-0.12340419 -0.17234147 0.13977295 0.22950937 0.13649549 0.118152395 0.10287027 0.116990864 0.030323517 -0.05223452 -0.06261268 -0.0500275 -0.04235317 0.05972599 0.12852609 0.19992952 0.28694874 0.31983566 0.35986966 0.37564468 0.3776373 0.3790558 0.37163597 0.34164724 0.2656683 0.1471918 -0.07377735 -0.36729208 -0.3205347 -0.38480267 -0.24781144 -0.11372405 -0.16151345 -32767.0 0.5473881 0.3659302 0.44606307 0.6235002 0.6320689 0.67406523 0.7541367 0.76773095 0.4754728 -0.002021806 -0.035752736 0.13511597 0.003819939 -0.1441747 -0.16704594 -0.21174343 -0.34103823 -0.6394024 -0.93976307 -1.239149 -1.3360641 -0.8524337 -0.41849002 0.22492251
-0.07979287 0.18893154 0.23010446 0.18617404 0.18956682 0.116533585 -0.037215102 0.12594391 0.044632643 0.01869995 0.01012798 0.05241764 0.0727436 0.11332398 0.18246871 0.26062763 0.2768438 0.29269156 0.34667546 0.36000356 0.32771024 0.34881708 0.38078213 0.35913107 0.24296619 0.041575957 -0.20656125 -0.42487416 -0.4308201 -0.38244337 -0.1689123 -0.24048078 0.024284141 0.16118327 0.15840933 0.13675503 0.6422567 0.7413641 0.7143797 0.72664267 0.7325158 0.6815732 0.18765248 -0.0020550755 0.10367825 0.1875726 -0.051025823 0.02350229 -0.009172749 -0.23504855 -0.40009764 -0.49955434 -0.8177865 -1.1492856 -1.4461583 -0.9512334 -0.51227415 0.17768122
-0.03276803 0.09119575 0.14783463 0.37412965 0.3035314 0.22729014 -0.039008416 -0.06180056 0.03409713 0.11613765 0.07621419 0.11606779 0.15044756 0.15670231 0.2095284 0.25249004 0.26333943 0.23602086 0.26829123 0.2928768 0.3089825 0.39410016 0.52204263 0.48684373 0.3517719 0.08186655 -0.23672219 -0.53724784 -0.5337068 -0.40587786 -0.15383486 -32767.0 0.012344519 -0.056885928 -32767.0 0.5060686 0.7647638 0.7339674 0.796171 0.7169364 0.5980735 0.4599232 0.12538141 -0.0055132248 0.20219454 0.11496332 0.16737506 0.2468711 0.06576962 -0.2665302 -0.49179012 -0.41173637 -0.67368644 -1.013091 -1.4315538 -0.95024425 -0.49391016 0.05097098
-32767.0 0.09809335 0.3613768 0.29316893 0.20201695 0.22000352 0.02738871 -0.09003798 -0.037978746 0.030582804 0.024635265 0.07234686 0.08048657 0.121853836 0.11334968 0.14811558 0.1628172 0.18403451 0.1679409 0.18428616 0.31280568 0.5774499 0.6904448 0.70132005 0.56376064 0.29033184 -0.03680402 -0.37395856 -0.64093107 -0.4645724 -0.34904382 -0.030793069 -32767.0 -0.18757175 0.29007754 0.59366727 0.75231576 0.77270764 0.82152396 0.6076617 0.38170162 0.33986938 0.17164263 0.034836337 0.13328378 0.13608035 0.29459277 0.3245791 0.12416009 -0.23410262 -0.4655306 -0.36281708 -0.542676 -0.89596725 -1.2714703 -0.898218 -0.2814497 0.18907836
-0.0024772228 0.26616937 0.22544213 0.23106022 0.24825364 0.13368097 0.18079631 0.20748572 0.08342829 0.03301794 0.0058512324 -0.038920507 -0.044154868 -0.06607455 0.05678358 0.0673041 0.07431928 0.07234771 0.059399463 0.078897536 0.27007046 0.6382655 0.8347841 0.8400748 0.7009599 0.4205575 0.08521976 -0.19535393 -0.42818794 -0.4964028 -0.37137485 -0.6200065 0.10636252 0.025697561 0.047448453 0.755702 0.8052366 0.75576633 0.7496853 0.48524514 0.18581222 0.21952218 0.1536236 0.11018384 0.083824724 0.090949036 0.26454556 0.2884568 0.17057158 -0.10433187 -0.3906237 -0.39094305 -0.335263 -0.64143735 -0.9621254 -0.90848213 -0.15773626 0.34551567
0.08170556 0.30740127 0.24884775 0.19619371 0.20502196 0.2212942 0.26093712 0.17180087 0.13869272 0.16552167 0.10526513 0.17429386 0.17072968 0.15918519 0.07107671 0.07276966 0.28934658 0.25939083 0.037997473 0.11558542 0.1841593 0.5476371 0.8776114 1.0417343 0.8084925 0.46653226 0.16304424 -0.04594929 -0.31141928 -0.4139335 0.09382688 -0.4723527 -0.51000357 0.06739902 0.310182 0.84541875 0.8149541 0.7086629 0.6679347 0.38821322 0.08068426 0.11856182 0.08346059 0.041375775 0.010257006 0.0021094433 0.144868 0.12464009 0.1727561 0.11558795 -0.09459078 -0.2969096 -0.33694133 -0.42347902 -0.6416581 -0.7071327 -0.3322438 0.23042534
0.19680841 0.38595283 0.24344744 0.09057565 0.2931578 0.23579623 0.21334648 0.12487129 0.15047383 0.2661507 0.13497034 0.15059246 0.19443633 0.17772269 0.118811525 0.056803282 0.26698053 0.15963759 0.040135905 0.1464072 0.13308118 0.45420617 0.965352 1.1604823 0.8078597 0.35549706 0.10058598 -0.012292765 -0.20678928 -0.5782841 -0.584667 -0.10816072 -0.035232347 -0.11866703 0.32081062 0.7494854 0.6903837 0.51955295 0.479083 0.33527514 0.035455994 0.027319325 0.12704186 0.12238117 -0.015801271 -0.03340283 -0.030135857 0.07473589 0.05224682 0.19750795 0.39590442 -0.008058205 -0.34741473 -0.38099137 -0.45304576 -0.42997697 -0.27681145 0.23817512
0.26764616 0.3436045 0.25983843 0.16165914 0.2384389 0.25359863 0.29332387 0.27031702 0.25280806 0.33178824 0.27827737 0.15196922 0.24246241 0.3179887 0.2359373 0.193122 0.10276873 0.07455767 0.14236057 0.18949942 0.23394147 0.57348853 1.0427173 1.0810117 0.6117504 0.14569929 0.06342249 -0.027525613 -0.39330187 -0.08784697 -0.28771442 -0.10770401 -0.08644754 0.06335889 0.48129782 0.546619 0.45250583 0.39435625 0.31245318 0.22841446 0.042403944 -0.020114155 0.10829918 0.14497718 0.06745545 -0.10746112 -0.024129717 0.07306807 0.07807732 0.13898273 0.22343095 0.26627615 -0.1489166 -0.30097815 -0.3484901 -0.28271893 -0.079706 0.17868185
0.34840956 0.3449391 0.2897179 0.1988467 0.058645442 0.27053002 0.22434527 0.26418167 0.2065828 0.25915697 0.2235044 0.23948191 0.26876923 0.23447375 0.2027285 0.23506376 0.17548956 0.20001262 0.3511458 0.5174613 0.64729565 0.8707118 0.9928985 0.8367667 0.32848167 -0.063731365 0.1051319 -0.03351486 0.0623725 -0.21552616 -0.1577972 -0.0076487362 0.019334402 0.19706492 0.3262892 0.2995035 0.3818287 0.38987947 0.28386506 0.14487045 0.039291177 -0.035486083 0.050019063 0.10615153 0.098458424 -0.11519791 -0.21118169 0.006096799 0.096797176 0.113299474 0.14153482 0.13215956 0.09635657 -0.093442336 -0.14488973 -0.12732439 0.008754314 0.16755828
0.41633567 0.39945194 0.25069353 0.16680618 0.09418501 -0.00923509 0.2009567 0.35241333 0.2912043 0.22586319 0.12613611 0.21655348 0.288361 0.2261366 0.1390031 0.13984166 0.22628947 0.45063683 0.69090676 0.9040137 0.9212084 0.87880635 0.85906154 0.49965662 0.06711055 0.039233726 0.18952362 -0.153723 0.029797042 0.124178216 0.04344906 0.08533671 0.14031783 0.1898603 0.22672698 0.47118443 0.4369638 0.36539623 0.27304184 0.15667918 0.04598974 -0.03345127 0.002332203 0.061015654 0.043958157 0.08831171 -0.04701781 -0.05040146 -0.0047095832 -0.051224157 0.09981897 0.1596165 0.042925652 -0.0275357 -0.027879775 0.009376947 0.026275702 -0.19182786
0.5719915 0.50844485 0.28278607 0.20423228 0.21312575 0.1511076 0.13943724 0.15898253 0.23597541 0.17344178 0.20581661 0.31229225 0.40338364 0.32895595 0.21564184 0.20734324 0.41224706 0.6721535 0.83535767 0.8462048 0.7279926 0.73331153 0.6077313 0.21696319 0.027428865 0.3016547 0.03341723 -0.049488544 -0.0067721196 0.10875641 0.07449462 0.08871352 0.0828667 0.33706188 0.45461774 0.46178064 0.4285989 0.32568932 0.23305705 0.1654836 0.050831422 0.012417089 -0.015527388 0.022388853 -0.003450293 0.15486285 0.11094985 -0.059621338 -0.023063883 0.020338194 0.30357498 0.25018737 0.15577815 0.06506411 0.039777458 0.010606027 -0.15815984 -0.25661376
0.6083478 0.60108733 0.34982422 0.25544348 0.11881571 0.14065963 0.20206901 0.21909781 0.25375447 0.13230367 0.27662596 0.38741338 0.43381992 0.337733 0.24499351 0.39072517 0.63325137 0.8188405 0.8931647 0.7842457 0.61526847 0.5343563 0.36612722 0.081048414 0.03314702 0.20136696 0.00699752 -32767.0 -0.19645576 0.09457384 0.14908159 0.19966288 0.40634313 0.4447643 0.47787666 0.40966004 0.3376093 0.2627791 0.18447945 0.09188072 0.063549004 -0.0002534908 -0.02545152 -0.035809845 -0.043371126 0.16670138 0.027977107 -0.09875897 -0.086121865 0.1831585 0.21375583 0.20964375 0.125776 0.048899382 -0.11952182 -0.059577584 0.07060624 -0.024626933
0.62164766 0.5564793 0.38412493 0.17467636 -0.017358227 0.05094636 0.16100655 0.21603955 0.1883058 0.1510949 0.31682095 0.4056568 0.32470796 0.2974013 0.38026032 0.6074179 0.72494656 0.71462476 0.8058747 0.6711519 0.49588537 0.34670553 0.16659848 0.050518464 -0.009459506 -0.0348314 0.14378096 0.11682694 -0.11216967 0.20883757 0.2784505 0.40039557 0.45701864 0.5191925 0.50187737 0.45336118 0.3402545 0.25365734 0.1096585 -0.019664811 -0.025810158 -0.07334437 -0.09985171 -0.08770315 -0.06245986 0.1044047 -0.12695494 -0.16637614 -0.120237656 -0.11589104 0.073891476 0.12122443 0.065931894 -0.14309461 -0.16264808 0.08542267 0.15451178 -0.09848419
0.5329077 0.3772874 0.298393 0.07069878 -0.094229214 0.025161814 0.1701305 0.21789253 0.20356801 0.36971107 0.34670433 0.42196548 0.2911771 0.30110988 0.45530367 0.6522614 0.7028691 0.7236512 0.77946013 0.5841558 0.37684375 0.2711593 0.09649895 -0.028664041 -0.032971427 -0.12113365 -32767.0 0.2126049 0.1201284 0.36862716 0.40526754 0.42861664 0.51981497 0.5669745 0.5153845 0.42912233 0.36426544 0.20122485 0.055983145 -0.106489986 -0.15956202 -0.11361421 -0.12238325 -0.13590662 0.010517702 -0.0804855 -0.22511205 -0.2714566 -0.23489429 0.05978181 0.25424266 0.18957776 0.15358137 0.12980983 0.008787815 0.12302237 0.22534765 -0.01597154
0.27254477 0.3893027 0.28719896 0.041482784 0.059468016 0.12797052 0.060738206 0.1988242 0.2425497 0.20029159 0.34626016 0.40636715 0.30431843 0.36717853 0.53803384 0.6393191 0.732085 0.68356204 0.65820813 0.42731896 0.26418394 0.21742147 0.09302297 -0.046609234 -0.06488031 -0.04119354 -0.052528344 0.13053678 0.30731785 0.45442832 0.41053417 0.4202465 0.5518108 0.5560236 0.41521868 0.3639636 0.273294 0.16512965 -0.0009773651 -0.12582576 -0.18095692 -0.13683498 -0.15446682 -0.16381739 -0.119517 -0.30932176 -0.34664723 -0.19404447 0.1892713 0.33294857 0.3351087 0.255965 0.071639314 0.095679425 0.14572696 0.07859186 0.13644548 0.25752097
0.13693485 0.5382682 0.29674932 0.20690723 0.1304098 0.08975959 0.12265577 0.15535815 0.15807442 0.17325589 0.25298214 0.29913804 0.41245046 0.5231477 0.5113826 0.7103648 0.70603335 0.57449305 0.47131038 0.26823366 0.18867032 0.12587339 -0.01280779 -0.03736288 0.019003263 -0.02238061 0.047559567 0.102346614 0.38821107 0.49022275 0.35755503 0.39522305 0.59644985 0.54046804 0.3442097 0.31615755 0.2329876 0.090828724 -0.061709575 -0.13035512 -0.14078523 -0.18041152 -0.24212582 -0.19029199 -0.35348275 -0.42324862 -0.19075902 0.20361766 0.32554042 0.4137205 0.40623444 0.35554656 0.05118829 -0.05813131 0.09315416 0.08087502 0.26049677 0.23523825
