static/data/ASCData/20210110/ASCU/00.asc
ncols 97
nrows 97
xllcorner 99.0
yllcorner 2.0
cellsize 0.25
NODATA_value -32767
[rows 57 to 75 of 97, columns 0 to 42 of 97]
-2.5594167816021005 -2.026213239350487 -1.7996958919358255 -1.8943919801661826 -2.44239178620379 -3.313488188731905 -4.036083907444233 -4.330933091252391 -4.502838774147841 -5.018555822834189 -5.155219495621182 -5.200146332935017 -4.456028775988516 -3.4813585269584477 -2.7313224644975502 -2.1327463386096386 -1.950079736597103 -1.7695653184079845 -1.8279433046181763 -1.2312503395757548 -0.6044268010054923 -0.3203385363144209 -0.5342118037665058 -0.4481244508298179 -0.8524659866543258 -1.2000436741362055 -1.4335556189769725 -1.3593052770690788 -1.1395135041025966 -0.9423196612819944 -0.47152944990947976 -1.1435488487715038 -2.4902778762748228 -3.499921112435421 -3.5311277778749703 -2.279363861579936 -0.037057340557130836 -1.1561929287340798 -1.4217186079481778 -1.3318649333205097 -1.0986220114576692 -2.950038145552324 -5.36505741840436
-2.87202148195345 -1.7859757200615407 -2.162069843203698 -2.416027534366929 -3.024288487460218 -3.864178224548784 -3.9139474754653065 -4.15822033942316 -4.273362173975981 -4.53027911789641 -4.567404288850357 -4.262601254858895 -3.565293696071719 -2.8757878036444304 -2.1502328321749036 -2.295774263233492 -2.2608012761029626 -1.6355918754002632 -2.049618238430149 -2.3221385150703533 -1.6611490583033426 -1.1279455160517289 -0.6932043837214525 -0.6063099618509824 -0.5156492182895329 -0.7588459903356775 -0.6474704774738367 -0.5769864572569237 -0.39351278631060627 -0.407232958184891 -0.06449768430570035 -0.4335972100217518 -1.7324401474540378 -1.947120483839904 -1.9637999084713877 -1.791894225575938 0.7568294673058924 0.28523218699959596 -1.4521182044539462 -1.6805187127140973 -2.9121059056645957 -4.756796465311072 -5.777200620588756
-2.4138753505435115 -2.120909327580844 -2.7781324626568744 -3.557492029711831 -4.140464822879968 -3.8953848899883337 -3.944347071971075 -3.925784486494101 -4.035007815532525 -4.056529653766697 -3.9101811537743267 -3.5106820315525074 -3.054688083965986 -2.3837447770156706 -2.805572806405444 -2.971559983786496 -2.6366263762671927 -1.774407732010673 -2.7089935573295967 -3.147501011350853 -2.3953127650665382 -1.1943941915997351 -0.7607291511811676 -0.5360949646119959 -0.437363531712732 -0.352352270687752 -0.1834058405495007 -0.03894050140262095 0.09879926329608058 0.04095932304174266 0.04687782855614042 -0.30069985892573925 -0.3545044545111695 -0.5713369747204533 -0.7217208193817308 -0.6923973147876712 1.2246604259212086 -0.29881669808024913 -2.8943503891214037 -4.747111638105694 -5.93161980991894 -5.637577695044564 -6.598527772200349
-2.0380502503792814 -2.564259195204789 -3.7479602980842546 -4.499879521390642 -4.224669014971166 -3.9793200591016045 -3.8407732254691216 -3.7460771372387645 -3.7958463881552875 -3.7312808734527714 -3.552649616109143 -3.1932349175984687 -2.857494241145384 -3.1289384258738795 -3.551573524197434 -3.9793200591016045 -3.535163122543878 -2.943312571104145 -3.5986525453346854 -3.0791691749573564 -2.508840461751796 -1.2568075224788342 -0.829060987574664 -0.6044268010054923 -0.23828652804663975 -0.1083484297078261 -0.027372513351753724 0.20425627064352359 0.2655935096109143 0.31536276052743695 0.3037947724765697 0.6172065417617008 0.5636709691541979 0.4501432724689405 0.3145556915936556 -0.5164562872233143 -0.20707986260709 -3.36218134773672 -6.601487024957548 -8.488145169160658 -7.742144451368668 -7.448102336494292 -6.983230630636175
-2.2920079415425123 -3.1092997484851974 -4.47459136146549 -4.680662962557688 -4.333892344009589 -3.9529558072647437 -3.816292134477751 -3.6268999580170362 -3.667791450661963 -3.4969618596782226 -3.5537257080208513 -3.4227115177703284 -3.846691730983519 -4.2050303375824845 -4.588926127084529 -4.972552893608647 -4.829163646373475 -4.613138195097973 -3.7939632273097974 -2.0614552494589438 -2.205920588605824 -1.8564597402784542 -1.3945472871775357 -0.7986613910688956 -0.5134970344661154 -0.0986636025024481 -0.055619926034104594 0.17681592689495407 0.17009035244677584 0.3769690224727551 0.7794273974517729 1.1522932448588046 1.0382275022176923 1.0040615840209446 -0.6504297302310356 -2.3398940316135453 -4.4805098669798875 -7.584766009281285 -10.005703787647718 -9.414929328119694 -8.48518591640346 -7.785995196770794 -7.228579586505736
-2.26860294246285 -4.0869292502724655 -4.919017321001144 -4.779125372479025 -4.3056449313272385 -3.941387819213876 -3.6268999580170362 -3.4130266905649513 -3.4315892760419247 -3.3514204286196336 -3.667791450661963 -4.260718094013405 -4.87973996622378 -5.379853682190354 -5.656140280521538 -5.584849191370843 -5.348647016750804 -5.075050648198891 -3.501804273280911 -2.677786891890047 -4.573053771386827 -3.955915060021942 -2.04100950313648 -1.0663392541064112 -0.627831800085155 -0.1640361861387465 -0.2587322743691036 -0.027372513351753724 0.08992150502448482 0.387729941589841 0.8507184866024682 0.3126725307481655 -0.0957043497452501 -1.398313608868516 -3.844539547160102 -6.9111324725516985 -9.159088476110973 -10.327186246270664 -9.981491719634274 -9.25486065625304 -8.657091599298909 -8.132765815318892 -7.605480778581676
-2.424636269660598 -4.953990308131673 -5.19422782742062 -4.651339457963628 -4.0947309166323524 -3.5994596142684667 -3.2195991694353294 -3.0350494065773037 -2.833820219087795 -2.978554581212602 -3.5965003615112683 -4.595651701532708 -5.519476607734545 -5.944263889881517 -5.96282647535849 -5.708061715261478 -5.3386931665674995 -5.124012830181633 -5.3182474202450365 -5.831005216174186 -7.0545217197868695 -5.645379361404452 -3.162028252158919 -1.4978521107015617 -0.8729117329767897 -0.4911681272981623 -0.32114560524820224 0.013788002271100552 -0.04889435158592548 0.25779184325102733 -0.1083484297078261 -2.0254061704167055 -4.496920268633444 -6.536114441321249 -8.339913508322798 -10.20101446962283 -10.508776756371493 -10.360276072555704 -9.958893789488394 -9.434568005508376 -8.859396878700128 -8.331842818984985 -7.830114965150846
-1.919949163069262 -4.366175101360848 -4.6962662952774625 -4.237313094933743 -3.6484217962512084 -3.0858947494055355 -2.6611074672585637 -2.3993481097354454 -2.1502328321749036 -2.3867040297728694 -2.883858492982245 -4.021556666636167 -5.132621565475302 -5.73146671434114 -5.883733719847908 -5.8105594698517224 -5.926777396316252 -6.122088078291364 -6.784153626970083 -7.194144645331061 -7.166973324560419 -5.947223142638716 -4.195345510377107 -2.6982326382125104 -1.5906650380864291 -0.7284463938299091 -0.2264495170178451 -0.5713369747204533 -0.7020821419930483 -0.6835195565160754 -2.3076112742622867 -5.19611098826611 -7.857286285921489 -9.271540080884524 -9.862314540412548 -10.399284404355141 -10.375072336341697 -10.236256479731288 -9.71193069575127 -9.195137555153213 -8.77142636491795 -8.47953643386699 -8.077078058887972
-1.551656706286992 -4.176782924900134 -4.767557384428158 -4.064331320126584 -3.357338934134031 -2.807455967250934 -2.2656436897056516 -1.9062289911949772 -1.7714484792534746 -1.9247915766719506 -2.283130183270916 -3.2058789975610447 -4.2930008513646625 -5.345687763993605 -5.846608548893961 -6.288882324606197 -6.574046681208978 -7.0467200534269825 -7.392414580063372 -7.487110668293729 -6.794914546087169 -5.726624300738452 -4.44715101771692 -2.915065158421794 -1.5957764746670446 -0.9754094875670343 -0.8936265022771801 -1.2129567770767085 -1.7079590564626668 -3.311336004908488 -5.7244721169150345 -8.096716736276655 -9.714889948508468 -9.806626783981628 -10.209892227894427 -10.240291824400195 -10.143443552346419 -9.850477529383753 -9.42676633914849 -9.099634397989075 -8.870157797817214 -8.586876602059924 -8.216700984432164
-1.410957688831092 -3.8857000627829557 -4.675820548954999 -3.9755537374106242 -3.2997680168576204 -2.7654883826942984 -2.1973118533121547 -1.9247915766719506 -1.8123399718984015 -1.777366984767872 -2.095621167655692 -2.944388663015854 -3.972594484653426 -5.093613233675865 -6.24987399280676 -6.8436077050919835 -7.194144645331061 -7.549793022150755 -7.543874516636357 -7.215666483565233 -6.520511108601475 -5.780159873345955 -4.581931529658423 -3.2002295150245743 -1.9159138184003548 -1.6259070481948856 -1.7577283073791898 -2.7372409700119475 -3.8886593155401545 -6.2041400865591445 -8.501865341034943 -10.248900559693864 -10.128916311538354 -10.258854409877168 -10.140484299589222 -9.920961549600666 -9.903206033057474 -9.753898280307904 -9.279341747244409 -9.126805718759716 -8.999826873178101 -8.8809187169343 -8.502941432946653
-1.2586906833243243 -2.7888933817739603 -3.238161754912303 -2.599501205313246 -3.038008659334502 -2.5857810334389613 -2.476557704400538 -2.1631459351154065 -2.158034498534791 -2.205920588605824 -2.519601380868882 -3.1932349175984687 -4.263677346770603 -5.512751033286366 -6.659057942233957 -7.120163326401094 -7.36605032822651 -7.395373832820571 -7.268394987238955 -6.988342067216791 -6.4971061095218126 -5.884809811759617 -5.291883168408175 -3.9023794874144393 -2.4881256924514052 -2.309494435107777 -4.120019076557504 -6.315246576443059 -7.505673253770702 -8.74210286032389 -10.463849919057658 -10.368077738915591 -10.25589515711997 -10.147478897015327 -9.895404366697587 -9.693368110274296 -9.679647938400011 -9.607280757337609 -9.19917289982212 -9.078112559754901 -9.248942150738642 -9.127881810671425 -8.617007175587764
-1.016570003189888 -1.313302347843536 -1.7109183092198657 -1.3797510233915422 -1.829019396529885 -3.04204400400341 -2.957839811912211 -2.706841373506179 -2.7714068882086957 -3.0116444074976414 -3.428630023284726 -4.084777066449048 -5.0029524901144145 -6.238306004755893 -6.755906214287732 -7.198179989999969 -7.041877639824294 -6.995067641664969 -6.867012704171645 -6.924852644425983 -6.650449206940289 -6.561402601246401 -5.977353716166556 -4.681470031491469 -3.272327673109051 -4.557450438667052 -7.194144645331061 -9.633645009174469 -9.921768618534447 -10.392558829906962 -10.452012908028863 -10.375072336341697 -10.31158291355089 -10.180568723300368 -9.616158515609204 -9.456896912676331 -9.332070250918132 -9.397442834554429 -9.195137555153213 -9.222577898901783 -9.377804157165748 -9.071117962328795 -8.565354763825752
-0.7733732311437436 -0.5662255381398369 -1.006885175984511 -0.7967782302234054 -1.5126483744875552 -2.7264800508948612 -3.581973120703202 -3.369983014096607 -3.5039564571043282 -3.84373247822632 -4.349495676729364 -5.040884730002143 -5.871089639885332 -6.433616686731005 -6.951216896262844 -6.837958222555513 -6.62489202403721 -6.725506617781964 -6.786036787815573 -7.047796145338691 -7.218625736322432 -7.179617404522995 -7.3125147556190075 -6.015554979032212 -5.916016477199166 -7.386765097526902 -9.547826679215706 -10.847476685581775 -10.506893595526002 -10.386640324392566 -10.476493999020233 -10.555586754530815 -10.492097331740009 -10.100399875878075 -9.492138922784786 -9.33987191727802 -9.241140484378754 -9.349556744483397 -9.447212085470952 -9.431608752751178 -9.1434851433912 -8.836798948554247 -8.407169252804586
-0.6649569710391017 -0.16296009422703772 -0.7566938065122599 -0.8086152412522001 -1.4061152752284034 -2.8652959075052715 -3.871979890908671 -3.9529558072647437 -4.027206149172637 -4.393615445109417 -4.84665013993874 -5.490153103140486 -6.011788657341231 -6.481502776802038 -6.570280359517998 -6.378735999233866 -6.428774273128316 -6.646413862271381 -7.145451486326246 -7.461822508368577 -7.738109106699762 -8.044795301536713 -8.390489828173102 -8.77330952576344 -9.113354569863358 -9.664851674614019 -10.687408013715121 -10.664003014635458 -10.510659917216982 -10.454165091852278 -10.240291824400195 -10.261544639656439 -10.081030221467321 -9.720539431044937 -9.513660761018958 -9.37000249080586 -9.529264093738734 -9.457973004588037 -9.45393765991913 -9.214776232541894 -8.900288371345054 -8.532264937540711 -8.101559149879343
-0.8669932274623919 -0.2821372734487655 -0.4677631282184995 -0.5907066291312075 -0.9775616713904514 -2.562376034359299 -4.33012602231861 -4.546689519549966 -4.282239932247577 -4.519518198779324 -4.84476697909325 -5.310445753885149 -5.738192288789319 -6.017438139877702 -6.083079746491927 -6.211941752919032 -6.468589673861535 -6.935613563543069 -7.570238768473219 -7.910014789595211 -8.351481496373665 -8.74102676841218 -9.128957902583132 -9.631761848328978 -10.023459304190911 -10.303781247191 -10.510659917216982 -10.728568529337974 -10.613157671807226 -10.276340903442433 -10.046864303270572 -9.88276028673501 -9.664044605680235 -9.462815418190727 -9.380763409922945 -9.290909735295278 -9.42864949999398 -9.264545483458416 -9.124922557914225 -8.85240228127402 -8.529305684783512 -8.161013228001243 -7.679731120489569
-1.8427395684041699 -0.7919358166207173 -1.0047329921610935 -1.2920495325872912 -1.4101506198973106 -2.7509611418862323 -4.673668365131582 -5.119170416578944 -4.796880889022217 -4.61529037892139 -4.456835844922298 -4.85041646162972 -5.13369765738701 -5.453027932186539 -5.769398954228869 -6.113210320019768 -6.7031777106140105 -7.373851994586398 -7.882843468824568 -8.328076497294003 -8.791872111240412 -9.222577898901783 -9.57123167829537 -9.789947359350144 -9.950016031216798 -10.136717977898241 -10.347631992593127 -10.495056584497206 -10.294903488919406 -10.167924643337791 -9.943290456768619 -9.644405928291555 -9.416005420031404 -9.332070250918132 -9.358434502754992 -9.351439905328887 -9.320233239889337 -9.118196983466046 -8.897329118587855 -8.522311087357407 -8.123888057047296 -7.624850432992431 -7.092722982652525
-3.8055312153606646 -1.8650684755721234 -1.473640042688118 -1.614070037166091 -1.8836310610490967 -3.4512279534306067 -5.381736843035844 -5.4793921840234 -4.856334967144117 -4.882699218980978 -4.491270786096973 -4.5811244607246415 -4.836965312733363 -5.287040754805487 -5.887500041538888 -6.482309845735819 -7.1172040736438955 -7.684573534092258 -8.052596967896601 -8.573156430185639 -9.014623136964094 -9.328034906249226 -9.625036273880799 -9.798825117621739 -9.915043044086268 -10.05950838323315 -10.098516715032586 -10.11896246135505 -10.039062636910685 -9.958893789488394 -9.758740693910594 -9.584951850169654 -9.519579266533356 -9.42757340808227 -9.260779161767438 -9.245982897981444 -9.184376636036127 -8.864239292302816 -8.512626260152029 -8.128730470649984 -7.639646696778424 -7.120970395334876 -6.732232192230143
-5.001876398202707 -2.8104152200081325 -1.2791364296467878 -1.4082674590518205 -2.0224469176595066 -3.662949037059275 -5.759714127023491 -6.321165081957456 -5.67766211875571 -5.188309321906222 -4.699225548034661 -4.545882450616185 -4.928702148206521 -5.480468275935108 -6.077968309911311 -6.757789375133222 -7.433575095686226 -7.8193540460337605 -8.178768744544435 -8.636645852976446 -9.038028136043756 -9.324268584558244 -9.556704437487303 -9.731300350162025 -9.825996438392382 -9.899439711366494 -9.884643447580501 -9.88276028673501 -9.743137361190819 -9.580916505500747 -9.476535590065012 -9.429725591905687 -9.36327691635768 -9.245982897981444 -9.114161638797139 -9.098558306077365 -8.980457218767345 -8.764700790469771 -8.385647414570414 -7.917816455955098 -7.25090849367369 -6.717704951422077 -6.44922001945078
-5.608254190450505 -4.311563436841636 -2.5908924700195772 -1.636667967311972 -1.9492726676633216 -2.504805117082889 -4.258834933167915 -6.3017954275467005 -6.129889744651251 -5.504949366926479 -5.421821266746989 -4.920900481846633 -4.865212725415714 -5.540998445968717 -6.376852838388376 -7.0515624670296715 -7.541991355790868 -7.876924963310171 -8.182535066235415 -8.523387179269115 -8.890603544139676 -9.183569567102346 -9.432684844662887 -9.718656270199448 -9.85827919574364 -9.807433852915409 -9.760623854756084 -9.635797192997885 -9.57311483914086 -9.422730994479583 -9.273423241730013 -9.238181231621557 -9.276382494487212 -9.206974566182007 -9.092639800562967 -9.039911296889246 -8.827114121348869 -8.579074935700035 -8.161013228001243 -7.7265411186488935 -7.1268889008492735 -6.617090357677322 -6.296683990966085
