static/data/ASCData/20210110/ASCU/03.asc
ncols 97
nrows 97
xllcorner 99.0
yllcorner 2.0
cellsize 0.25
NODATA_value -32767
[rows 57 to 75 of 97, columns 0 to 42 of 97]
-3.2680846780055144 -3.26017756620211 -3.240546116207451 -3.5581938834821445 -3.5922762619450945 -3.58736839944643 -3.8987450090839406 -4.402891551307897 -4.8579594685452046 -5.399732956592257 -5.3716490767387866 -5.168518101099604 -4.343179224240808 -3.299167807163725 -2.3061436282672148 -1.738740191616024 -2.1646335928890466 -2.4820087011360368 -2.6810497913596643 -2.677232564971814 -2.242614074812276 -1.9086067658753665 -2.2622455248069353 -2.4612866150305632 -2.916354532267871 -3.075587404446773 -3.0472308655655986 -2.8002017864661375 -2.5687142719457814 -2.2982365164638106 -2.159725730390382 -2.2974185393806996 -2.580438610137036 -3.0971274676353575 -3.0960368315245432 -2.4446544143406435 -1.6596690735819801 -2.5834378594417755 -3.3774209481146578 -3.422409687685752 -3.1137596683252773 -4.195670690253161 -5.841167922444384
-3.3774209481146578 -3.2378195259304148 -3.4458583640682616 -3.813948051468121 -3.8491210660418855 -3.834397478545891 -3.936917272962445 -4.396893052698418 -4.7191760234440725 -4.980928690039528 -4.931032087969769 -4.4846892596189765 -3.768141334813916 -3.1966480127471715 -2.2319803727318357 -2.036483849868355 -2.357948843530899 -2.5179996927929116 -3.2113716002431656 -3.627449276518859 -3.061954453061593 -2.580438610137036 -2.1908088595485924 -2.3715817949160787 -2.2387968484244256 -2.3050529921564005 -2.2486125734217555 -2.159725730390382 -2.080654612356338 -1.9475970068369812 -1.824627785342658 -1.8041783582648878 -2.0618411394447893 -1.6370383742825814 -1.452720871554948 -1.4985275882091527 -1.1656109153830574 -2.022032921400064 -3.719062709827268 -4.011080528497824 -4.8276943164701045 -5.9076967252040635 -6.410479972289501
-3.364605973812589 -3.4436770918466326 -3.8461218167371456 -4.257291630514175 -4.2864661464784595 -4.052252041681067 -4.15777108540236 -4.3227297971630385 -4.604931890836264 -4.60384125472545 -4.407799413806561 -3.966364447954433 -3.7632334723152514 -3.2143708495479055 -3.4935736939163915 -3.316890643964459 -2.9329867329577906 -2.992699060024879 -4.291374008977124 -4.343179224240808 -3.605909213330275 -2.589436358051255 -2.1987159713519966 -1.99749360890674 -1.8617094131103475 -1.6536705749725007 -1.5942309069331162 -1.6771192513550104 -1.633221147894731 -1.5219762645916624 -1.4546294847488732 -1.425182309756884 -1.0483675334705094 -0.6205655190035619 -0.10687591080997993 -0.2366616079968935 -0.9946537050129001 -2.9507095697585246 -5.266948010100604 -6.616610197233422 -7.390961835911646 -6.820831808983419 -7.276717703303837
-3.533654570988821 -3.90856073408127 -4.593207552645009 -4.893132483118968 -4.47514619364935 -4.240659429824254 -4.2338429541316644 -4.3227297971630385 -4.451697517266841 -4.340179974936069 -4.080608580562242 -3.852938292429736 -3.8022237132768666 -4.2924646450879385 -4.572758125567239 -4.722993249831923 -4.183128374978795 -4.034529204880333 -4.922306999083254 -4.081426557645353 -3.3286149821557136 -2.278877725496855 -2.012217196402734 -1.8109948339574777 -1.4898024993226375 -1.2318670591150322 -1.1675195285769826 -1.2378655577245112 -1.171336754964833 -0.8997683633720479 -0.8236964946427436 -0.45151692182732983 -0.07361150943014039 -0.1499560371871489 0.38036577169635244 -0.6156576565048963 -2.4242049872628737 -5.571780803073228 -8.299189057192336 -9.615586842945316 -8.788612011920296 -8.217118689853553 -7.764232044837874
-3.938007909073259 -4.733899610940067 -5.310028136477772 -4.971112965042198 -4.572758125567239 -4.391985190199753 -4.365809923540207 -4.346178473545548 -4.386259350617977 -4.193762077059235 -4.148773337488142 -4.1528632229036955 -4.695727347061562 -5.252497081632313 -5.568781553768488 -5.726105812753466 -5.339202652442058 -5.120530112223771 -4.091242282642682 -2.8402826635385665 -2.7192220552381685 -2.6030693094364348 -2.3383173935362396 -1.7270158534247693 -1.387282704906084 -1.0502761466644346 -0.9780215043229807 -0.8656859849090974 -0.7299017891127049 -0.3061896600613112 0.06108205025543789 0.45180243695469624 0.1147958787130472 -0.0834272344274698 -1.5522414166667615 -3.2953505807758745 -5.911513951591914 -8.883224694533446 -10.710312839175268 -9.99458289145332 -9.078448558369224 -8.522769459909288 -8.073700041281459
-4.130232523604297 -5.401914228813886 -5.4749868482384505 -4.988835801842932 -4.705543072058892 -4.568668240151685 -4.50241209641971 -4.492596371422381 -4.51304579850015 -4.47514619364935 -4.700635209560227 -5.063817034461422 -5.627403244724762 -6.015124382119281 -6.229979695949718 -6.013215768925356 -5.523792814197395 -4.916581159501479 -3.215188826631016 -3.3245250967401594 -5.002468753228112 -4.436973929770846 -2.8334661878459766 -1.9252389665652863 -1.4478130090562829 -1.0718162098530186 -0.8596874862996184 -0.6001160919257913 -0.3372727892195213 0.019092559989083213 0.33155980573740873 -0.1548638996858136 -0.8735930967125025 -2.5286333948733524 -4.701725845671041 -7.311072740794491 -9.672299920707664 -10.82946483428174 -10.387211891346503 -9.701747095699652 -9.203599052085176 -8.809061438998068 -8.3948923759163
-4.371535763121982 -5.405731455201736 -5.386100005207077 -5.1068971608385905 -4.88413473520475 -4.748623198436061 -4.709360298446742 -4.774798465095606 -4.802064367865967 -5.118621499029846 -5.594138843344924 -6.06502098418904 -6.344223828557526 -6.433110671588899 -6.367672504940035 -6.044298898083566 -5.487801822540519 -5.117530862919031 -5.20832631914433 -6.135094354308865 -7.11557621793101 -5.748463853025161 -3.6176335515215294 -2.254338413003531 -1.7182907645382541 -1.3079389278443365 -0.9183091772558925 -0.4984142745923492 -0.3061896600613112 -0.20448784272786824 -0.6674628717685804 -2.1488193692822377 -4.458513992959431 -6.836373373562523 -8.767071948731713 -10.419385656615528 -10.857003396079804 -10.810924020397897 -10.363763214963992 -9.790361279703323 -9.273945081232705 -8.91458048271936 -8.598023351555481
-4.555035288766505 -5.219232680252474 -5.303211660785182 -5.148886651104945 -4.940029835883988 -4.834510792162694 -4.855778196323575 -4.973021578236123 -5.154612490686721 -5.755280328717751 -6.286692773712066 -6.611702334734757 -6.662416913887627 -6.559897119471073 -6.401754883402986 -6.283693524407327 -6.354857530637966 -6.5083645632350935 -7.080403203357245 -7.32088846579182 -7.0883103151606495 -5.840349945361274 -4.319730547858299 -3.142934184289562 -2.2895114275772954 -1.6683941624684953 -1.3910999312939345 -1.193694795236528 -1.1274386515045531 -1.4058235187899286 -2.729855757318609 -5.030825292109286 -7.626539235847556 -9.536515724911272 -10.466283009380547 -10.957341918274729 -10.944799603000364 -10.774933028741021 -10.129276451138896 -9.581504464482364 -9.246406519434641 -9.03645906810287 -8.707359621664624
-4.2054864152504905 -5.049366105993132 -5.355834853131977 -5.0845391205668955 -4.838328018550545 -4.713450183862297 -4.635197042911363 -4.724083885942737 -5.10307993445074 -5.7171080648392465 -6.3911211813225455 -6.7289457166473055 -6.79138463399143 -6.802290995099574 -6.741760690949374 -6.868547138831548 -7.101943266545829 -7.431042712984075 -7.673163929584871 -7.622449350432001 -6.756211619417665 -5.568781553768488 -4.436973929770846 -3.357789498119999 -2.596252833743845 -2.183992383856002 -2.141184916506537 -2.068930274165083 -2.3061436282672148 -3.4916650807224663 -5.51506772531088 -7.823671712877259 -9.734738838051788 -10.421294269809453 -11.004239271039747 -10.985698457155904 -10.857003396079804 -10.394028367039091 -9.811083365808797 -9.435086566605532 -9.209324891666952 -8.971020901454006 -8.669460016813824
-4.052252041681067 -4.878408895622974 -5.2026004795625544 -4.702543822754152 -4.477054806843276 -4.402891551307897 -4.330636908966443 -4.404800164501822 -4.736898860244806 -5.1966019809530755 -6.023849471005796 -6.619609446538162 -7.008148561015791 -7.026689374899636 -7.155657095003439 -7.346245755368255 -7.615632874739411 -7.867569816337538 -7.782772858721718 -7.294440540104571 -6.435019284782825 -5.4409044697755 -4.323820433273853 -3.6244500272141194 -3.0395964127898982 -2.9976069225235435 -2.9575260454511145 -3.349064409233484 -4.305006960362304 -6.196715294569879 -8.193670013471042 -10.019122203946644 -10.453468035078476 -11.041593557835142 -11.093126114071122 -10.98378984396198 -10.61270090725738 -9.873522283152921 -9.465351718680632 -9.400731529114879 -9.242589293046791 -9.147976610433641 -8.870682379259081
-3.89492778269609 -4.137048999296887 -4.046253543071588 -3.5257474591854163 -3.7749578105065065 -3.754235724401033 -4.032620591686408 -4.0503434284871425 -4.21911936663567 -4.6665528310972775 -5.550240739884644 -6.507273927124279 -7.009239197126606 -7.309164127600566 -7.435950575482739 -7.567917544891282 -7.7934065608021585 -7.867569816337538 -7.715153419851225 -7.149931255421663 -6.223981197340239 -5.299394434397332 -4.591298939451084 -3.9028348944994944 -3.775775787589617 -3.827581002853301 -4.703634458864967 -6.050297396693046 -7.2358188491482975 -8.58738964947504 -10.155724376826146 -10.440925719804111 -10.87254496065891 -11.114666177259707 -11.091217500877196 -10.9096265884266 -10.395936980233017 -9.56596289990326 -9.304210233307805 -9.2963031215044 -9.474076807567148 -9.372647649261408 -8.77579703761823
-3.4856665821129873 -2.9321687558746796 -2.835374801039902 -2.400756310880364 -2.6507846392845646 -3.548378158484815 -3.8382147049337414 -3.8510296792358107 -3.971272310453098 -4.3666279006233175 -5.340293288552872 -6.394938407710396 -7.101125289462719 -7.39886894771505 -7.423408260208374 -7.5512853442013625 -7.760142159422319 -7.881202767722717 -7.765050021920985 -7.250542436644292 -6.371489731327886 -5.750372466219086 -5.055091945574907 -4.690001507479787 -4.561033787375984 -5.483711937124966 -6.941892417283817 -8.71526673346803 -9.311026709000394 -10.058930421991368 -10.336497312193632 -10.627424494753374 -10.866546462049431 -11.093126114071122 -10.863819871772396 -10.628242471836485 -10.052113946298778 -9.401822165225692 -9.222139865969021 -9.333384749272088 -9.504341959642247 -9.243679929157604 -8.649010589736054
-2.8724564288075913 -2.1087384922098087 -2.30805224146114 -1.9426891443383165 -2.2055324470445865 -3.1050345794387617 -4.021986889605968 -4.105965870138676 -4.237660180519515 -4.611748366528854 -5.556239238494123 -6.51109115351213 -7.176106522081209 -7.324705692179671 -7.348972345645291 -7.377328884526465 -7.593274834467716 -8.001445398940005 -8.03743639059688 -7.586458358775126 -6.961251208250772 -6.407753382012465 -6.352948917444041 -5.987858479348922 -6.4282028090902354 -7.420409010903635 -8.842325840377907 -9.897788936618541 -9.93105333799838 -10.096012049759057 -10.387211891346503 -10.671322598213653 -10.910717224537414 -10.792383206514051 -10.546444763525404 -10.206438955979015 -9.780818213733696 -9.403730778419618 -9.411637890223023 -9.491526985340178 -9.336383998576828 -9.076539945175298 -8.560941723787792
-2.3792162476917795 -1.8450772124204278 -2.201715220656736 -2.0062186977932552 -2.169268796360008 -3.266176064811589 -4.280740306896684 -4.754349038017836 -4.9233976351940685 -5.414456544088251 -6.045389534194381 -6.80501758537661 -7.120484080429675 -7.267174637334211 -7.216187399153638 -7.240726711646962 -7.567917544891282 -8.051342001009765 -8.38807590022371 -8.095240104470044 -7.613724261545487 -7.429134099790149 -7.4934816303281995 -8.001445398940005 -8.655827065428644 -9.122619320857208 -9.90678668453276 -9.873522283152921 -9.930235360915269 -10.16444946571266 -10.29914302539824 -10.53553840241726 -10.583526391293095 -10.441743696887222 -10.249519082356183 -9.880338758845511 -9.804266890116207 -9.630310430441309 -9.61667747905613 -9.48880039506314 -9.29930237080914 -8.930122047298465 -8.414523825910958
-2.339408029647054 -2.0345752366744296 -1.9925857464080754 -1.8813408631050064 -2.1079205151266978 -3.359698111313924 -4.879226872706085 -5.5180669746156195 -5.6353103565281675 -6.10292058903984 -6.51109115351213 -6.899902927017463 -7.150749232504774 -7.083402452661985 -6.987699133938022 -7.255450299142956 -7.780591586500089 -8.309004782189666 -8.636195615433985 -8.520042869632253 -8.382350060641933 -8.295371830804486 -8.517043620327513 -9.101079257668623 -9.636308929050788 -9.874340260236032 -9.848164993576486 -9.91442113730846 -10.075562622681288 -10.080470485179953 -10.161450216407921 -10.26506064693529 -10.29150857262254 -10.18408091570732 -10.016122954641904 -9.880338758845511 -9.794451165118875 -9.575505965872885 -9.592138166562805 -9.430996681189978 -9.182058988896593 -8.791338602197333 -8.202667761385262
-2.7339456427341626 -2.5569899337545268 -2.863731339921076 -3.151931932203781 -3.1538405453977063 -3.8725697424243952 -5.227957769138989 -6.005308657121952 -6.203531770262469 -6.330590877172346 -6.520088901426348 -6.83528273745171 -6.843189849255114 -6.752394393029815 -6.854914187446369 -7.291441290799831 -8.051342001009765 -8.686910194586854 -8.92139695841195 -9.01519166394199 -9.01900889032984 -9.003467325750734 -9.195691940281773 -9.568689490180297 -9.92723611161053 -10.085378347678617 -10.004398616450649 -10.002490003256725 -9.885246621344177 -9.89015448384284 -9.877339509540771 -9.838349268579156 -9.775910351235032 -9.744554563049117 -9.806993480393242 -9.835350019274417 -9.760096127628223 -9.654849742934633 -9.573597352678961 -9.353016199266749 -9.070814105593524 -8.619563414744066 -8.001445398940005
-3.9789067632287987 -3.149750659982152 -3.3948711258876885 -3.322616483546234 -3.1421162072064517 -4.134322409019851 -5.700748523177031 -6.046207511277492 -6.0042180210111376 -6.378306207020476 -6.340406602169676 -6.4066627459016505 -6.383214069519141 -6.515999016010794 -7.106033151961384 -7.886110630221383 -8.550308021707352 -8.960387199373566 -9.143886725018088 -9.210415527777766 -9.236863453465016 -9.214232754165616 -9.446810904796788 -9.847074357465672 -10.192806004593836 -10.321773724697639 -10.105827774756388 -9.890972460925951 -9.697657210284099 -9.618586092250055 -9.507341208946986 -9.500524733254396 -9.56296365059852 -9.608770367252724 -9.666574081125887 -9.733920860968677 -9.766912603320813 -9.620494705443981 -9.375374239538445 -9.23877206665894 -8.97592876395267 -8.527677322407953 -7.94582295728847
-4.739625450521842 -3.5745534251443605 -2.862640703810262 -2.5452655955632717 -2.295237267159071 -3.475032880032547 -5.666393485686378 -6.485733863935694 -6.228889059838903 -6.167540778605593 -6.012125132814542 -5.992493682819883 -6.3041429514850975 -6.832556147174673 -7.454491389366584 -8.236750139848212 -8.897948282029441 -9.095080759059144 -9.23195559096635 -9.24177131596368 -9.2660379694293 -9.277762307620556 -9.475985420761072 -9.795269142201988 -9.987766415760728 -10.065746897683958 -9.992674278259393 -9.779727577622882 -9.499434097143581 -9.273945081232705 -9.208506914583841 -9.253495654154936 -9.324659660385574 -9.423362228414277 -9.54333220060386 -9.735829474162603 -9.740737336661269 -9.595137415867544 -9.393097076339178 -9.179059739591853 -8.740624023044465 -8.268923905117237 -7.804040262882599
-5.109896410143331 -4.423340978385666 -3.670256743868324 -3.0747694273636625 -2.6360610517885705 -2.765028771892373 -4.499412847114971 -6.4126612445111295 -6.521997514620273 -6.137275626530494 -6.244703283445713 -6.028757333504461 -6.282602888296513 -7.003240698517127 -7.923192257989072 -8.65173718001309 -8.974020150758745 -9.110894982665952 -9.141978111824162 -9.138978862519423 -9.168426037511413 -9.237681430548125 -9.399913552031768 -9.62649320405346 -9.834532042191306 -9.875430896346845 -9.761186763739037 -9.425270841608203 -9.22513911527376 -9.087446306283443 -9.076539945175298 -9.095080759059144 -9.166517424317487 -9.287578032617885 -9.391188463145252 -9.528881272135571 -9.56978012629111 -9.544422836714677 -9.339383247881567 -9.004285302833845 -8.58057317378245 -8.078607903780124 -7.583459109470387
