static/data/ASCData/20210110/ASCU/06.asc
ncols 97
nrows 97
xllcorner 99.0
yllcorner 2.0
cellsize 0.25
NODATA_value -32767
[rows 19 to 37 of 97, columns 0 to 42 of 97]
1.8292888325682828 2.098656043076729 1.5263299463964302 0.7217142434776722 0.2764660896372404 0.2450927321780214 0.3740720906214774 0.7255170746848503 0.40037500647112534 -0.5477975745186048 -1.3194554069751536 -1.5751958056578783 -1.565371825039335 -1.4512868888239931 -1.4354417587940844 -1.4931180321029518 -1.6328720789667457 -1.7254076383414119 -1.596745182498554 -1.4512868888239931 -1.5203716557543947 -1.480441928079025 -1.2703355038824369 -0.9892428971518585 -0.4197689238769433 0.1376627505752408 0.18171221205838695 -0.29966283825023643 -0.6660022445417231 -0.8700875193269457 -0.9081158313987263 -0.7110024138266633 -0.4707902425732491 -0.8799114999454889 -2.21977569527456 -2.9765391055029946 -3.1425960682164367 -2.961010878073684 -2.5781925365510925 -2.4599878665279746 -2.383614339783815 -2.478368217362668 -2.433684950678326
1.6014358627381968 2.162036563196363 1.485449510919266 0.605410989058143 0.4551991563746096 0.6649886779705989 0.9942504799920995 1.0791803769524098 0.7578411399458638 0.12213452314593054 -0.8086084148109003 -1.5244913895621708 -1.6404777413811018 -1.532097051976527 -1.3194554069751536 -1.336885050008053 -1.6572735792128048 -1.7783303726413064 -1.7723092232299413 -1.7393513527677313 -1.700055430293558 -1.6639285338253664 -1.3917091999115367 -1.023468378016461 -0.5186425352635733 -0.07212677102074894 0.15128956240096247 -0.04392243956751152 -0.2822331952173367 -0.4346633461050575 -0.38269131960695724 -0.28508531862272024 -1.1366026064300083 -2.254951883940957 -3.4151323047308644 -3.591647053264046 -3.609393598897544 -3.2715754266598926 -2.9451657480437756 -2.809531434987758 -2.784179226939904 -2.8808345201223466 -2.6815027843460966
0.9052008492240136 1.4287239454121936 0.933722083277849 0.3436494409640529 0.5781573654066996 1.1241805462373504 1.348547587460856 1.1856596507533954 0.8722429787618031 0.3651988178047283 -0.7664603689313436 -1.4969208633101299 -1.5222730713579837 -1.4256177781755413 -1.1385040220335974 -0.9493131694764889 -1.2716031142848294 -1.6404777413811018 -1.467765824055098 -1.5330477597783214 -1.5457238638022481 -1.5587168704267733 -1.351462569635569 -1.0323416508332097 -0.5918470360017509 -0.3427615919315876 -0.09177473225783572 -0.11807764810748367 -0.09747897906860281 -0.27431063020238255 -0.5046988208372536 -1.0332923586350042 -2.0977681940442636 -3.29280790089997 -4.0850644023954 -4.067317856761902 -3.8242535621031046 -3.480414240454088 -3.2509767576210113 -3.226575257374952 -3.202173757128893 -3.1825257958918063 -2.9324896440198485
0.26378998561331324 0.6114321384695076 0.5467840079474806 0.012803125939561344 0.36139598659755023 1.1191101046277794 1.4112943023792939 1.188511774158779 0.9365742066832325 0.46597384479494686 -0.6251218090645589 -1.2323071918106563 -1.2890327573177291 -1.251955153047743 -0.9521652928818725 -0.6885023291841934 -0.9404398966597398 -1.2947370041284962 -1.1708280872946109 -1.2598777180626972 -1.30963142635661 -1.3926599077133313 -1.411040258548025 -1.0779756253193464 -0.8320592072551651 -0.6083259712328557 -0.41501538486797074 -0.3544869881537198 -0.10730295968714598 -0.3155079682801447 -0.7715308105409142 -1.876887081427338 -3.092842359922524 -3.8594297507695017 -4.283128527769257 -4.229571988268166 -3.9833386676033866 -3.7491476457613375 -3.779253392818164 -3.7548518925721046 -3.58404139084969 -3.4648860130247776 -2.988264501725127
0.2577688362019481 0.38960031805078765 0.4073468636842854 0.12308523094772506 0.47167809160571395 1.0028068502082501 1.2949910479597646 1.0421027726824237 0.8437217447079677 0.3604452787957557 -0.5801216397796183 -1.0811446513253284 -1.1337504830246248 -1.0957221709528442 -0.9930457283590366 -0.728432056859563 -0.7686786871355307 -1.0351937742385933 -1.114102521787538 -1.2918848807231127 -1.3204061147769481 -1.30963142635661 -1.3280117771913043 -1.2158282565795515 -0.9695949359147717 -0.8203338110330329 -0.627023224668148 -0.49202271681332643 -0.2315287791216294 -0.5487482823203993 -1.5273435129675543 -2.634601199457567 -3.4705902598355447 -4.2381283584843175 -4.380734528753495 -4.300875073402755 -4.173797130562888 -4.200100046412536 -4.275205962754303 -4.2010507542143305 -4.029289544690122 -3.736154639136813 -3.2598500304377604
0.5322064883199653 0.671960535183759 0.5147768452870656 0.2628392778115187 0.5255515337074037 1.0576310001117344 0.8614682903414659 0.5214317998996272 0.6035095734545539 0.20009256289308075 -0.7303334724631521 -0.8504395580898589 -0.9160383964136809 -0.8165309798258549 -0.7138545372320468 -0.827939473447389 -0.8643832725161786 -1.1736802106999944 -1.2969553223326833 -1.4978715711119244 -1.4851954670879977 -1.403434596133669 -1.2285043606034782 -1.1163208399917255 -1.119172963397109 -0.981320332136904 -0.6542768483195909 -0.4131139692643817 -0.38586034561293925 -0.9686442281129772 -1.989070602039091 -3.061469002463305 -3.898408770643077 -4.24795233910286 -4.353480905102051 -4.372178158537344 -4.443481243671933 -4.6279185572200685 -4.77147543529104 -4.703024473561835 -4.435558678656978 -4.1414730653018745 -3.281082504677838
0.44157234454888794 0.9032994336204245 0.6602351389616263 0.24889556338519947 0.4843541956296411 0.7137916784627176 0.44822729916144954 0.24224060877263787 0.575305242001316 0.28026892084441846 -0.7968830185887681 -0.693255868193166 -0.2391344415359855 -0.14533127175892657 0.029282061170666118 -0.09557756346501378 -0.8963904351765941 -1.4316389275869064 -1.4512868888239931 -1.5000898893161114 -1.508646259532262 -1.4588925512383493 -1.2871313417141401 -1.1777999445077705 -1.2364269256184324 -1.143574463643168 -0.7021291410099146 -0.2762120458059716 -0.5449454511132212 -1.1445251714449625 -2.1855502144099574 -3.2772796734706597 -3.9275638098981087 -4.210874734832874 -4.313551177426682 -4.40925576280733 -4.730594999813876 -5.043060964003674 -5.330174720145617 -5.438555409550192 -4.954011333235587 -3.8467536467455745 -2.817454000002712
0.22164193973375657 0.833897764089425 0.7733693673751736 0.22766308914512168 -0.04392243956751152 0.07618364605919581 0.1766417704488159 0.31734652511440453 1.0763282535470262 0.6231575346916403 -0.6796290563674443 -0.23723302593239648 0.4082975714860799 0.8300949328822469 1.1045325850002632 1.0909057731745424 0.12023310754234151 -0.9873414815482695 -1.1689266716910218 -1.2576593998585102 -1.6914990600774074 -1.8008304572837768 -1.7022737484977453 -1.4842447592862031 -1.307730010753021 -1.1356518986282138 -0.8653339803179732 -0.45494511254334036 -0.6717064913524902 -1.276356653293802 -2.393438320402358 -3.4189351359380424 -3.982387959801592 -4.118972980659405 -4.213726858238258 -4.450136198284494 -4.959081774845158 -5.55676007957331 -6.079966273160892 -5.922782583264199 -4.838975689218451 -3.687351638644694 -2.8748133707109815
0.04988073020954742 0.6691084117783754 0.740411496912964 0.31829723291619905 -0.2644866495838394 -0.5741004903682532 -0.42579007328830887 0.1779093808512089 1.0858353315649714 0.4288962405249608 -0.8377634540659322 -0.29490929924126386 0.2374870697636653 0.5997067422473759 1.0858353315649714 1.5722808234831653 1.5000270305467822 0.5509037417552571 -0.7607561221205765 -1.0478698782625204 -1.4180121157611851 -1.5789986368650564 -1.694351183482791 -1.7656542686173797 -1.6192452671410242 -1.2139268409759625 -0.8526578762940464 -0.6942065759949605 -0.8545592918976355 -1.476639096871847 -2.604495452400741 -3.501012909492969 -3.9031623096520494 -3.9988668950326973 -4.088867233602578 -4.410206470609125 -5.039891937997692 -5.754824204947168 -5.8359512707003 -4.921687267974574 -4.021366979675167 -3.5292172409462066 -2.929637520614465
-0.4112125536607927 0.26474069341510775 0.21593769292298948 0.16206425082130016 -0.23057807131983488 -0.6561782639231799 -0.7861083301684304 -0.5655441201521025 0.1310077959626792 -0.20617657107377552 -0.9911443127554476 -0.6327274714789151 -0.32723336450227736 0.0869583344795335 0.6912915938202477 1.2598148592933676 1.392597048944002 0.45710057197819864 -0.761706829922371 -0.8494888502880644 -1.3936106155151258 -1.6455481829906724 -1.6924497678792019 -1.694351183482791 -1.5574492600243808 -1.0779756253193464 -0.4834663465971758 -0.5233960742725459 -1.0066725401847578 -1.646498890792467 -2.6054461602025354 -3.380906823866262 -3.6864009308428995 -3.7139714570949405 -3.7450279119535614 -4.182670403379637 -4.57911555672795 -5.091863964495792 -4.68147509672116 -3.3213291349538054 -2.5322416594643578 -2.453966717116609 -2.1963249028302956
-0.5760019059718422 -0.12504950532064374 -0.24895842215452868 -0.14945100556670265 -0.1992047138606159 -0.6133964128424263 -1.121074379000698 -1.1327997752228303 -0.923644058828037 -1.141673048039579 -1.3555823034433452 -0.9854400659446805 -0.7461786024930603 -0.2175850646953097 0.43269907173213884 0.8047427248343926 0.6992141588352014 -0.3681137999794415 -1.218680379984935 -1.316286380969172 -2.067345544386839 -2.3975580542101342 -2.4881921979812116 -2.3867833657897966 -1.926640789721251 -1.3467090306265965 0.11135983472559285 0.8028413092308035 -0.01254908210829253 -1.779281080443101 -2.717629680814288 -3.0164688331783642 -3.170800399669674 -3.241152777002468 -3.3096037387316732 -3.64647120316753 -3.747880035358945 -3.673724826818973 -2.669777388123964 -1.5935761564925723 -1.4569911356347602 -1.5761465134596728 -1.5888226174835998
-0.8260380578438 -0.662199413334545 -0.5829737631850018 -0.45811413854932237 -0.4825156387953813 -0.7997351419941516 -1.2947370041284962 -1.8562884123884569 -1.9041407050787809 -1.9735423746097804 -1.5076955517304675 -1.1074475671749764 -1.0703699629049903 -0.6612487055327505 -0.3624095531686744 -0.07307747882254345 -0.4600155541529114 -1.3622372580559068 -1.793858600070617 -1.9031899972769863 -2.195374195028501 -2.164951545371076 -2.402311593219107 -2.7246015380274478 -2.383614339783815 -1.5770972212614673 0.04481028859997638 1.7735139748630049 1.2959417557615591 -0.8475874346844754 -2.620023679830051 -2.815552584399123 -2.6269955370432108 -2.703052161186772 -2.745200207066329 -2.923933273803698 -2.7734045385195665 -1.9659367121954243 -0.8396648696695213 -0.22265550630488073 -0.18145816822711813 -0.9930457283590366 -1.174630918501789
-0.9160383964136809 -1.0028697089775798 -0.7772350573516813 -0.6552275561213854 -0.693255868193166 -1.0117429817943284 -1.5457238638022481 -2.1151978370771634 -2.3867833657897966 -2.4070651322280794 -1.808436119698133 -1.444315031610833 -1.3983641545240983 -1.4151599923558016 -1.119172963397109 -1.2636805492698753 -1.6709003910385263 -2.0955498758400766 -2.2207264030763545 -2.278402676385222 -2.1386486295214278 -2.1231204020921175 -2.1522754413471494 -2.470762554948312 -2.4951640551943717 -1.8651616852052055 -0.79308018738159 1.2509415864766193 1.907246872315433 0.5391783455331245 -1.3904415895091442 -2.317381696258797 -2.1307260645064736 -2.0762188172035883 -2.155127564752533 -2.1367472139178387 -1.8369573537519683 -0.8818129155490779 0.3965721752639473 1.0392506492770401 0.6504111583430827 -0.17100038240737847 -2.2929801960127376
-0.9122355652065028 -1.1777999445077705 -0.9268130848340186 -0.7167066606374304 -0.754734972709211 -0.8818129155490779 -1.4151599923558016 -1.913964685697324 -2.2986844428235047 -2.567417848130755 -2.2910787804091486 -2.0087185632761777 -1.8946336270608355 -1.9130139778955295 -1.9922396280450725 -2.1376979217196332 -2.329107092480929 -2.5899179327732247 -2.5068894514165034 -2.47456538615549 -2.331008508084518 -2.284106923195989 -2.311360546847432 -2.201078441839268 -2.227381357688916 -2.7559748954866667 -2.1963249028302956 -0.3544869881537198 1.587809050912476 1.0801310847542043 0.12403593874951957 -0.8124112460180783 -1.513716701141833 -1.4598432590401438 -1.4617446746437328 -1.4395614926018605 -1.0919193397456661 -0.3310361957094554 0.8183695366601142 1.0712578119374552 0.6795661975981151 -1.021566962412872 -3.1463988994236147
-1.0811446513253284 -1.2947370041284962 -1.0586445666828581 -0.8133619538198729 -0.5595229707407374 -0.6866009135806044 -0.8662846881197677 -1.276356653293802 -2.1348457983142497 -2.6054461602025354 -2.632699783853978 -2.6288969526468 -2.4492131781076365 -2.2869590466013725 -2.3661846967509153 -2.51449511383086 -2.665974556916786 -2.799707454369215 -2.7382283498531694 -2.6738971219317405 -2.555692451908622 -2.48153724336865 -2.236254630505665 -2.125972525497501 -2.6092489914097134 -3.2801317968760433 -3.4395338049769237 -2.1465711945363823 -0.11427481690030561 1.3643927174907642 0.6241082424934348 -0.042971731765717 -0.7452278946912658 -0.9423413122633288 -0.8738903505341238 -0.8710382271287402 -0.6542768483195909 -0.13075375213141083 0.3262197979311532 0.42287509111359567 -0.695157283796755 -2.3994594698137233 -3.9148877058741816
-1.5330477597783214 -1.5447731560004536 -1.338786465611642 -0.9714963515183608 -0.5899456203981619 -0.10540154408355695 -0.15705666798105877 -1.077024917517552 -2.2156559614667835 -2.4305159246723442 -2.5350937828697413 -2.6894253493610507 -2.5702699715361383 -2.3319592158863127 -2.3047055922348703 -2.4736146783536954 -2.7274536614328313 -2.8897077929390953 -2.9324896440198485 -2.916961416590538 -2.7569256032884613 -2.6152701408210786 -2.4276638012669607 -2.715728265210699 -3.3105544465334678 -3.671823411215384 -3.8702044391898394 -3.484217071661266 -2.293930903814532 -0.020471647123246672 1.260765567095162 0.5673826769863624 -0.25276125336170674 -0.6631501211363395 -0.5633258019479155 -0.4891705934079429 -0.43656476170864655 -0.28698673422630927 -0.2518105455599122 -1.3007581535398614 -2.4070651322280794 -3.488336805469042 -4.806651623957437
-2.124071109893912 -1.991288920243278 -1.5498435976100247 -1.145475879246757 -0.664100828938134 -0.10064800507458438 -0.003992711892141898 -0.9695949359147717 -2.0771695250053828 -1.9979438748558396 -2.195374195028501 -2.4666428211405362 -2.4824879511704445 -2.4295652168705497 -2.4102341582340614 -2.492311931788988 -2.715728265210699 -2.94611645584557 -3.0820676715021857 -3.1825257958918063 -3.2969276347077465 -3.2801317968760433 -3.462033889619394 -3.7969999384516617 -4.116120857254021 -4.296755339594979 -4.208022611427491 -3.937387790516652 -3.334955946779527 -2.234353214902076 -0.2705077989952045 0.7752707829787626 0.30371971328868286 -0.43149432009907596 -0.6904037447877824 -0.4609662619547059 -0.18050746042532362 -0.4844170543989703 -1.5146674089436276 -2.600692621193563 -3.4686888442319557 -4.375980989744522 -5.14066696498791
-2.871961247305598 -2.6288969526468 -1.8594574383944384 -1.307730010753021 -0.8897354805640325 -0.32406433849629535 -0.07117606321895442 -0.754734972709211 -1.7675556842209688 -2.175726233791414 -2.9141092931851547 -2.765481973504612 -2.464741405536947 -2.5233683866476087 -2.6982986221777994 -2.7677002917087994 -2.8621372666870544 -3.0370675022172455 -3.266504985050322 -3.4981607860875856 -3.6844995152393105 -3.9256623942945197 -4.241297384490299 -4.508763179395156 -4.685594830528935 -4.723623142600717 -4.377882405348111 -3.7821055162235475 -3.6014710338825897 -3.3916815122866 -2.0644934209814556 -0.32501504629808986 0.4824527800260521 0.16301495862309467 -0.2920571758358803 -0.4121632614625872 -0.3944167158290899 -1.276356653293802 -2.4549174249184036 -3.3780547004608783 -4.122142006665386 -4.752778181855748 -5.200244653900367
-2.9179121243923327 -2.842806208050566 -1.9697395434026024 -1.316286380969172 -0.8526578762940464 -0.17765533701994007 0.1465360233919899 -0.7059319722170927 -2.0663948365850446 -2.5350937828697413 -3.264603569446733 -3.036116794415451 -2.575023510545111 -2.637770225463549 -2.9511868974551407 -3.139743944811053 -3.3045332971221026 -3.462033889619394 -3.7012953530710138 -3.9814372519997976 -4.374079574140933 -4.655172180871511 -4.827250292996318 -4.870032144077072 -4.992990353109162 -5.196124920092591 -4.967638145061309 -4.298656755198568 -3.7890773734367076 -3.7450279119535614 -3.3340052389777326 -2.005866439870794 -0.41501538486797074 0.46597384479494686 0.7274184902884393 0.3876989024471986 -0.27938107181195315 -2.005866439870794 -3.2440049004078517 -3.8426339129377984 -4.313551177426682 -4.705876596967219 -5.01073689874266
