static/data/ASCData/20210110/ASCU/09.asc
ncols 97
nrows 97
xllcorner 99.0
yllcorner 2.0
cellsize 0.25
NODATA_value -32767
[rows 38 to 56 of 97, columns 0 to 42 of 97]
-2.3665391906484015 -2.425161373365506 -1.7094822260275238 -1.2640147021511945 -1.2368408778708697 -0.6643586247741475 -0.0735569395783302 -0.6185600445264097 -2.014195446609139 -2.6205686490891873 -3.0718373264635637 -3.107865542925117 -2.8266622602040075 -2.8862004145260665 -3.220224726466234 -3.5414254359370347 -3.77286092812227 -3.9945260565213205 -4.244586304673969 -4.51693519521385 -4.876301388224432 -5.224065274238921 -5.339172372594902 -5.3159677586027145 -5.350164031854359 -5.4976354602520745 -5.457332709634065 -4.968203872588226 -4.501363677929619 -4.114823660638712 -3.8803349297702945 -3.0971792075339786 -1.4740775235541517 0.3041286855313472 1.1324723402787642 1.8579218514029305 2.069816616015798 0.3529805044622676 -2.154644426035535 -3.239765454038602 -3.7417178935538082 -4.133143092737807 -4.407629250355916
-2.0013718441397725 -2.15556039764049 -1.5659800079179453 -1.5247612856949815 -1.5784982865189936 -1.7476477095673053 -1.3928613745814966 -1.768104408744628 -2.7161350198728003 -2.9457385688481255 -3.20343191370873 -3.1732048507452233 -3.1225210886043935 -3.1643504585639937 -3.337469091900443 -3.6165351075433247 -3.873617804667293 -4.108717183272347 -4.356029516610131 -4.6616587087967005 -4.945609906332676 -5.224981245843876 -5.3626823104554076 -5.3538279182741775 -5.399931822390235 -5.562058796467226 -5.275970331853024 -5.022856845017193 -4.446710705500651 -3.836368292732466 -3.4641784972525174 -2.8559733515625596 -2.261202456078605 -0.8157992634600006 0.4067175052862799 1.2973472291706205 1.5767185686818213 0.4986199896500736 -1.7699363519545377 -3.0003915412770925 -3.492573617006115 -3.8803349297702945 -4.216191184920372
-2.139988880356259 -2.1360196700681215 -1.7668831132713552 -1.7561967778802163 -2.1381569371463494 -2.314023485297662 -2.762238923988856 -3.189997663502727 -3.5676832886124044 -3.6418769886137397 -3.811942383267006 -3.6418769886137397 -3.56493537379754 -3.511198372973528 -3.6782105289436116 -3.7035524100140265 -3.923385595203168 -4.119708842531804 -4.291300856526662 -4.54838355365063 -4.735852408798037 -4.981943446662547 -5.148955602632631 -5.141017182056356 -5.072624635553068 -5.113843357776032 -4.504416916612801 -4.197566428952959 -3.6293587100126916 -3.088324815352749 -2.7756731741948593 -2.9555089326343094 -2.3793627931177683 -1.7308548968098014 -0.376438216950036 0.520908632037306 0.8051651534415987 0.09345521639175347 -1.6401737079192806 -2.8147546293395953 -3.1216051169994388 -3.5081451342903454 -4.017120022776871
-2.499355073366841 -2.190977966365407 -1.9458029001058508 -2.109761817392752 -2.4935539198687944 -3.0638989058872887 -3.515167583261665 -3.9123939359437108 -4.212221974632234 -4.2357319124927395 -4.4329711314263305 -4.20947405981737 -3.92827077709626 -3.87239650919402 -3.7591213540479487 -3.7826312919084537 -3.878502986560385 -4.0354394548759664 -4.125509996029851 -4.270844157349338 -4.44182552360756 -4.5453303149674475 -4.709289232254348 -4.5581539174368135 -4.486708132250342 -4.192681247059866 -3.6165351075433247 -3.2837320910764305 -2.707585951559889 -2.3628753042285826 -2.4126430947644577 -2.5979746828336365 -3.269076545397154 -2.6285070696654618 -1.0472347556452353 -0.1498879066578933 0.22321786042701053 -0.07966341694469525 -1.6615463787015583 -2.516147886124345 -2.8266622602040075 -3.2641913635040622 -3.771944956517315
-2.6040811602000016 -2.161666875006855 -2.1421261474344866 -2.3030318260382057 -2.8062055610266845 -3.3774665186501336 -3.8919372367663883 -4.269928185744384 -4.4986157631147545 -4.501363677929619 -4.742569533901038 -4.3951109717548675 -4.065971841707792 -3.8559090203048343 -3.7417178935538082 -3.645846198901877 -3.731947529767624 -3.7875164738015457 -3.8638474408811088 -3.9417050273022634 -4.0256690910897825 -4.098030847881208 -3.9554446013765845 -3.8040039626907314 -3.4867724635080677 -3.12832224210244 -2.668504496415153 -2.223952944143778 -1.6850563165620636 -2.199527034678318 -2.2776899449677908 -2.580571222339496 -3.2522837326396505 -3.2873959774962493 -1.71711532273548 -0.8451103548185528 -0.39689491612735894 -0.16637539554707903 -0.9898338684014041 -1.8169562276755484 -2.591257557730635 -3.02878666103069 -3.6821797392317492
-2.5188958009392093 -2.1430421190394413 -2.259065189000377 -2.455388436329013 -2.9652792964204937 -3.551195799723219 -4.074520910020703 -4.416483642537145 -4.598151344186505 -4.594182133898367 -4.720280891513806 -4.305956402205938 -3.917279117836803 -3.731031558162669 -3.5805068910817712 -3.455629428939606 -3.4272343091860087 -3.444637769680149 -3.48982570219125 -3.5325710437558056 -3.5481425610400366 -3.404640342930458 -3.215339544573142 -2.9155115058846186 -2.59217352933559 -2.038621356074599 -1.537584888164348 -0.5034529461704289 -0.2805665222981051 -1.5394168313742576 -2.586372375837543 -2.757353742095764 -2.924365898065848 -3.010161905063277 -2.254485330975603 -1.547355251950532 -1.074713903793878 -0.1077532128299743 -0.4262060074859111 -0.7046613753921567 -1.6645996173847408 -2.768040077486903 -3.4800553384050663
-2.8813152326329745 -2.607745046619821 -2.4233294301555963 -2.580571222339496 -3.026649393952462 -3.5991316470491843 -3.953612658166675 -4.263211060641383 -4.519072462292077 -4.5737254347210445 -4.4613662511799275 -4.014066784093689 -3.6507313807949693 -3.454408133466333 -3.2837320910764305 -3.167403697247176 -3.1362606626787146 -3.1225210886043935 -3.096263235929024 -3.12832224210244 -3.0413049396317384 -2.850172198064513 -2.5610304947671283 -2.230059421510143 -1.7699363519545377 -1.0676914548225582 -0.2485075161246888 1.1187327662044435 1.0307994921287866 -1.234703610792642 -2.6791908318062916 -2.678274860201337 -2.5540080457958085 -2.768040077486903 -2.5356886136967134 -2.1244173630720278 -1.8618388363183314 -0.8313707807442312 -0.27965055069315037 -0.3804074272381732 -1.160509910791307 -2.3998194922950913 -3.4116627919017777
-3.1664877256422215 -3.0913780540359315 -2.659650104233924 -2.405620645793138 -2.693846377485568 -3.0510753034179223 -3.235796243750465 -3.4525761902564236 -3.771944956517315 -4.15359979191513 -4.0415459322423315 -3.5286018334676683 -3.2376281869603742 -3.0971792075339786 -3.0355037861336918 -2.9857359955978167 -2.892001568024113 -2.807121532631639 -2.7747572025899045 -2.746667406704625 -2.5454589774828973 -2.233723307929962 -1.8569536544252394 -1.497587461414657 -1.1079942054405674 -0.5639070720974426 0.18322043367731933 1.0503402197011544 0.5551049052889505 -1.1675323597626268 -2.3784468215128136 -2.495691186947022 -2.1253333346769825 -2.1225854198621183 -2.5405737955898053 -2.530803431803621 -2.641941319871465 -2.2230369725388233 -1.292409821904792 -0.5083381280635209 -0.8725895029671955 -2.0630472655400593 -3.2757936705001556
-3.074585241278428 -3.148778941279763 -2.785443537981043 -2.198611063073363 -2.134187726858212 -2.0923583568986115 -2.0306829354983247 -2.059078055251922 -2.1692999717148114 -2.7094178947697984 -3.129238213707395 -2.725905383658984 -2.570800858553312 -2.5237809828323012 -2.4721812490865167 -2.4037887025832285 -2.380278764722723 -2.2847123939391105 -2.1421261474344866 -2.036484088996372 -1.7855078692387685 -1.6304033441330965 -1.3626343116179895 -1.0249461132580029 -0.7006921651040194 -0.5257415885576613 -0.1996556971937684 0.03666497688455861 -0.9956350218994507 -1.6184957132686848 -1.5415540984524851 -1.667347532199605 -1.8157349322022753 -2.0923583568986115 -2.797351168845455 -2.9927584445691364 -2.9252818696708025 -2.7796423844829965 -2.2318913647200525 -1.5891846219101324 -1.492702279521565 -2.0941903001085214 -3.175342117823451
-3.209538391075095 -3.1158039635013917 -2.705448684481661 -2.095106271713476 -1.9125225984591612 -1.8911499276768835 -1.8157349322022753 -1.838328898457826 -1.8511525009271925 -2.255401302580558 -2.6956783206954773 -2.5286661647253936 -2.3531049404423987 -2.3656232190434467 -2.2923454906470666 -2.0804507260342 -1.994654719036771 -1.8716092001045155 -1.6566611968084661 -1.6780338675907438 -1.501251347834476 -1.3626343116179895 -1.140053211613984 -0.7846562288915391 -0.5825318280648561 -0.5999352885589966 -0.767863416134035 -0.4945985539891997 -1.1284509046178903 -1.124481694329753 -1.1565407005031698 -1.6410896795242353 -1.9680915424930832 -2.221205029328914 -2.6840760136993835 -3.2641913635040622 -3.521884708364667 -3.463262525647562 -3.10389633263698 -2.445618072542829 -1.7250537433117545 -2.0648792087499688 -3.0657308490971986
-3.1909136351076817 -2.9368841766668963 -2.51004140875798 -2.1070139025778873 -1.9867162984604965 -2.245630938794374 -2.2572332457904674 -2.4593576466171503 -2.6352241947684636 -3.108781514530072 -3.344186217003444 -3.1216051169994388 -2.8587212663774237 -2.8306314704921447 -2.626369802587234 -2.3842479750108603 -1.9174077803522533 -1.7113141692374332 -1.4417131935124168 -1.3617183400130348 -1.3119505494771597 -1.3696567605893093 -1.1333360865109823 -0.7055773469971118 -0.4927666107792903 -0.8411411445304156 -1.1440224219021213 -0.9193040548198881 -1.03074726675605 -1.0814310288968798 -1.5220133708801171 -2.0520556062806024 -2.7173563153460734 -3.031534575845554 -3.477002099721884 -4.225961548706556 -4.803023659828051 -4.467167404677975 -3.9417050273022634 -2.998559598067183 -2.166552056899947 -1.9876322700654512 -2.9368841766668963
-3.160686572144175 -2.92222863098762 -2.402872730978274 -2.0520556062806024 -2.2621184276835598 -2.521949039622392 -2.7747572025899045 -3.0425262351050115 -3.4574613721495155 -3.9105619927338013 -3.982923749525227 -3.7386646548706257 -3.4983747705041615 -3.220224726466234 -3.0074139902484123 -2.546374949087852 -2.1009074252115227 -1.6890255268502008 -1.3003482424810664 -1.1440224219021213 -1.3177517029752068 -1.351947976226851 -1.1351680297208921 -0.7180956255981599 -0.7953425642826777 -1.1009717564692476 -1.4731615519491967 -1.3901134597666323 -1.3421776124406666 -1.6389524124460075 -2.1470113293275785 -2.962226057737311 -3.6302746816176463 -4.030554272982874 -4.396026943359821 -5.004232089049779 -5.46527113021034 -4.781650989045774 -3.8607942021979262 -3.0159630585613235 -2.248378853609238 -2.0688484190381065 -2.7201042301609375
-3.1429777877817164 -3.0248174507425527 -2.5482068922977614 -2.2679195811816064 -2.477066430979609 -2.4437861293329197 -2.6840760136993835 -3.250451789429741 -3.792401655694638 -4.074520910020703 -3.9868929598133644 -3.7533202005499016 -3.6782105289436116 -3.4028083997205485 -2.9857359955978167 -2.521033068017437 -2.164414789821719 -1.6997118622413396 -1.2542443383650101 -0.9751783227221282 -1.0912013926830637 -1.28569269680179 -1.074713903793878 -1.2114989968004548 -1.2942417651147013 -1.41148613054891 -1.707344958949296 -1.7845918976338138 -1.6743699811709247 -2.2349446034032354 -3.3472394556866267 -4.165507422779542 -4.66349065200661 -5.053999879585655 -4.7679114149714525 -5.080563056129343 -5.261314786173748 -4.54136110467931 -3.4583773437544703 -3.0181003256395513 -2.261202456078605 -2.0306829354983247 -2.6703364396250624
-3.155801390251083 -3.0767225083566556 -2.9164274774895733 -2.6049971318049563 -2.427298640443734 -2.3940183387970446 -2.095106271713476 -2.6907931388023854 -3.5844761013699085 -3.756373439233084 -3.576537680793634 -3.38509961535809 -3.359757734287675 -3.5444786746202173 -3.1274062704974854 -2.6449945585546475 -2.3314269457918027 -1.8609228647133766 -1.4221724659400488 -0.719316921071433 0.16764891639308876 -0.16149021365398664 -1.2933257935097466 -1.431026858121278 -1.5766663433090842 -1.6801711346689716 -1.9134385700641159 -2.0825879931124276 -2.0374000606013265 -3.0278706894257352 -4.2387851511759225 -5.0872801812323445 -5.587400677537641 -5.384360305106004 -4.999346907156688 -4.6488351063273345 -4.822564387400419 -4.599067315791459 -3.4437217980751944 -3.163434486959039 -2.6801068034112463 -2.4495872828309664 -2.5903415861256804
-3.1185518783162562 -3.143893759386671 -3.167403697247176 -2.7707879923017673 -2.456609731802286 -1.486901126023518 -1.025862084862958 -1.8948138140967026 -3.02878666103069 -3.2864800058912946 -3.062982934282334 -2.998559598067183 -3.134123395600487 -3.4663157643307447 -3.5640194021925855 -3.099011150743888 -2.8000990836603195 -2.350967673364171 -1.808101835494319 -0.24056909554841388 1.3385659513935844 0.747764266197767 -0.7006921651040194 -1.472245580344242 -1.5345316494811654 -1.8010793865229993 -2.063963237145014 -2.3967662536119088 -2.719188258555983 -3.747519047051855 -4.821648415795465 -5.608773348319918 -5.863718778365659 -5.625566161077423 -4.863783109623384 -4.249471486567061 -4.743485505505992 -5.378253827739638 -4.167339365989451 -3.20343191370873 -2.634308223163509 -2.2923454906470666 -2.3469984630760337
-2.8452870161714205 -3.369528098073859 -3.3823517005432255 -2.9448225972431707 -2.425161373365506 -1.2182161219034566 -0.17614575933326293 -0.9712091124339906 -2.4877527663707477 -2.976881603416587 -2.8452870161714205 -2.896886749917205 -2.9585621713174923 -3.1567173618560376 -3.3863209108313628 -3.429982224000873 -3.3179283643280746 -2.7836115947711337 -2.20441221657141 -0.7855722004964938 1.014312003239601 0.6576937250438828 -0.5297107988457985 -1.4105701589439552 -1.6557452252035114 -1.959542474180172 -2.3158554285075716 -2.7347597758402133 -3.3753292515719058 -4.456481069286836 -5.444814431033016 -6.024929780837695 -6.25636527302293 -5.969055512935455 -5.02682605530533 -4.169476633067679 -4.817679205507328 -5.476873437206434 -4.075742205493976 -2.6352241947684636 -1.828558534671642 -1.707344958949296 -2.3442505482611695
-2.9536769894244 -3.5423414075419895 -3.4272343091860087 -3.013215143746459 -2.5659156766602202 -1.331491277049528 -0.12240875850925059 -0.7339724667507093 -2.3949343104019993 -3.488604406717977 -3.5569969532212657 -3.3081580005418907 -2.9564249042392645 -3.0074139902484123 -3.090156758562659 -3.1048123042419347 -3.169235640457086 -2.7249894120540294 -2.209297398464502 -1.6206329803469124 -0.4604022807375552 -0.17126057744017098 -0.6594734428810556 -1.3284380383663454 -1.8316117733548245 -2.230059421510143 -2.641941319871465 -3.0199322688494608 -3.560966163509403 -4.540445133074355 -5.220096063950784 -5.658541138855793 -6.079582753266663 -6.069812389480479 -5.166359063126771 -4.154821087388402 -3.6693561367623824 -3.5093664297636185 -2.655680893945786 -1.5891846219101324 -1.1458543651120308 -1.7064289873443412 -2.5952267680187724
-3.3383850635053975 -3.4934895886110695 -3.429982224000873 -2.9906211774909086 -2.6489637688427847 -1.8694719330262877 -0.9663239305408986 -1.3070653675840678 -2.6859079569092934 -3.455629428939606 -3.379298461860043 -2.842233777488238 -2.3216565820056188 -2.069764390643061 -1.7250537433117545 -1.888096688993701 -2.948791807531308 -2.7298745939471214 -1.943665633027623 -1.4047690054459083 -0.7776337799202189 -0.6585574712761009 -0.9153348445317508 -1.452704852771874 -2.1216694482571636 -2.6889611955924755 -2.998559598067183 -2.8657437153487435 -2.9799348420997696 -3.7230931375863947 -4.114823660638712 -4.199703696031186 -4.349923039243766 -4.574641406325999 -4.4702206433611575 -3.7698076894390873 -2.402872730978274 -2.296314700935204 -2.2776899449677908 -1.5082737968057958 -1.0179236642866831 -1.5082737968057958 -2.4389009474398273
-3.244650635931694 -3.545394646225172 -3.5414254359370347 -3.306020733463663 -3.069700059385336 -2.3979875490851814 -1.8462673190341006 -2.176322420686131 -2.8608585334556516 -3.1713729075353134 -2.97810289888986 -1.8987830243848398 -0.9046485091406118 0.6879207880073901 1.6020604497522362 0.7847084542642753 -1.5842994400170405 -2.5854564042325885 -1.843214080350918 -1.552240433843624 -0.9348755721041186 -0.9232732651080253 -1.3354604873376652 -1.8206201140953675 -2.232807336325007 -2.702700769666797 -2.6770535647280638 -2.4428701577279646 -2.4672960671934248 -2.812922686129686 -3.0816076902497476 -3.0461901215248304 -3.169235640457086 -3.505397219475481 -3.5795909194768165 -2.909710352386572 -1.3772898572972658 -1.587352678700223 -2.1976950914684084 -1.7357400787028934 -1.4203405227301393 -1.833443716564734 -2.715219048267845
