static/data/ASCData/20210110/ASCU/12.asc
ncols 97
nrows 97
xllcorner 99.0
yllcorner 2.0
cellsize 0.25
NODATA_value -32767
[rows 0 to 18 of 97, columns 0 to 42 of 97]
2.260163367539496 2.0726141616527674 1.760121716887343 1.9594935088185084 1.8431485143357662 0.5872674422518545 -1.2847315798295775 -0.31124909712525284 1.0268526869949612 0.2718193509753224 -1.2866124457911923 -1.857052222435211 -2.0865178697522118 -1.658755211053541 -2.100221321758262 -2.2477349521763337 -1.9997293403805592 -1.8600078689463202 -2.570975202436699 -3.1070220014969054 -3.530754233134973 -2.9535970780566156 -2.15476643464509 -1.9860258883745088 -1.7780558520473915 -1.4448738817042055 -1.6450517590474907 -1.9019243103765917 -1.9986545598310652 -1.8903704194695297 -1.6635917235262645 -2.006446718814898 -1.9527076913401902 -2.0757700642572705 -2.0083275847765125 -1.4867903231344775 -1.3814618292840506 -1.4566964677486411 -1.3559357912335646 -1.1119606064983931 -0.8677167266258481 -0.6022459309007937 0.2710132655632016
2.0903480407194204 1.6752140534773057 1.3812615731906561 1.4769170420956357 1.4642883706390792 0.9475876214697676 -0.35128467259391005 0.41046604186006697 2.283539844490994 1.8635693447761552 0.011991153135111787 -1.3073019713689544 -1.4975381286294187 -1.278014201395239 -1.6772951755323149 -2.400085095067129 -2.53685091999026 -2.2592888430833957 -3.2378765333978174 -3.9469630009265817 -3.7690868199853003 -2.970256176573775 -2.3256565420146598 -2.435284158063063 -1.807343622021107 -1.3414262538153938 -1.12082754603172 -1.1675804999347155 -1.475236432227415 -1.9175086283442568 -1.5601440956374528 -2.079800491317873 -2.192921144152132 -2.327806103113648 -2.3345234815479863 -1.9879067543361235 -1.8481852829018846 -1.967485923895735 -1.6275865751182108 -0.9518183046237652 -0.3902454675130729 0.19658471251073184 0.8567686650375119
1.949551788735687 1.7923651333721677 1.390128512723983 1.318655606182622 1.4925013600633008 1.4583770776168619 1.6789757854005352 1.764958229360067 3.1027913183429074 2.346145811499028 0.396762589854017 -1.3688331578274946 -1.2232003933710374 -0.8268750657450705 -2.0883987357138265 -2.9243093080829 -3.133354124959512 -2.846387718244574 -2.9595083710788335 -2.609935997355862 -2.6002629724104143 -2.483111892515552 -2.203668949647074 -2.3971294485560204 -1.878547833425094 -1.751455033447411 -1.1479657549064473 -0.8980792771490576 -0.9937347460540371 -1.6079718300899426 -1.6412900271242612 -1.8696808938917675 -1.9908624008472326 -2.27782880756217 -2.357899958499484 -2.026061463843166 -1.6958351400110891 -1.878547833425094 -1.5982988051444953 -0.9340844255571117 -0.21828057959400926 0.38816434545806366 0.7718610016274745
2.0481629041517753 1.3831424391522713 1.1740976222756592 1.2084905998594717 1.410549343164372 1.9232196652730806 2.2464599155334453 2.201587827592065 1.890976248788256 1.2152079782938108 -0.0006375183214446523 -1.1656996339731007 -0.8639549947026186 -1.4000017937628249 -2.5435682984245984 -3.0981550619635785 -3.168553187955445 -3.111858513969629 -3.2212174348806584 -2.424536352568121 -2.447912829519619 -2.355213007125749 -2.163633374178417 -2.042720562360325 -1.7780558520473915 -2.0757700642572705 -1.5045242022011305 -0.810215967227911 -0.8669106412137273 -1.6246309286071017 -1.79847668248778 -1.7751002055362823 -1.6265117945687164 -1.9048799568877008 -2.0983404557966474 -1.8307200989726047 -1.3862983417567745 -1.4352008567587582 -1.3132132643911723 -1.0415624805065264 -0.38352808907873426 -0.27793090009093424 -0.12558075720013884
2.303960674931383 1.2670661398069027 1.3871728662128744 1.419416282697699 1.4409118936875815 1.8205781227963893 1.7367452399358454 1.972122180275064 1.435806686077484 0.14795089264612127 -1.0601024449853007 -0.8161272602501288 -0.6559849583755009 -1.6109274766010513 -2.8004408497536994 -3.3209033308462406 -2.8482685842061892 -2.7934547761819877 -3.402049262333049 -2.987990055640428 -2.9750926890464986 -2.7144584057941676 -2.4976214299337234 -2.022031036782563 -1.7896097429544535 -1.9438407518068637 -1.537573704098076 -0.8599245676420155 -0.8502515426965682 -1.5141972271465782 -1.5934622926717714 -1.4478295282153142 -1.3989270132133305 -1.5270945937405078 -1.7006716524838126 -1.6090466106394365 -1.175372658918548 -1.0915397760580046 -1.5493962901425116 -1.2866124457911923 -1.0434433464681412 -0.931128779046003 -0.9381148526177148
2.3313675789434836 1.2211192713160282 1.408668477202757 1.6010541955622095 1.622549806552093 1.8197720373842685 1.537373448004681 1.6010541955622095 0.7318254261588173 -0.5592547089210278 -1.142323157021603 -0.7760916847814721 -0.5786007588119224 -1.2438899189488 -2.366766898032811 -2.6384176819174567 -2.164708154727911 -2.3930990214954173 -3.2212174348806584 -3.1989157384786546 -2.994707434074767 -2.7329983702729415 -2.4557049885034514 -2.0513188067562784 -1.9352425074109103 -1.8229279399887721 -1.452666040688038 -1.0171112230055348 -1.0074381980600875 -1.256518590405356 -1.3121384838416783 -1.280969847906348 -1.4174669776921047 -1.5464406436314024 -1.5493962901425116 -1.4918955307445745 -1.1939126233973218 -1.1256640585044435 -1.729959422457528 -1.8911765048816505 -1.6480074055585994 -1.2280369058437612 -1.1794030859791511
2.239742537099107 1.4075936966532634 1.561824705505673 1.7571660703762344 1.6410897710308667 1.9594935088185084 1.7542104238651257 0.6977011437123783 -0.052226984697163026 -0.25052399607883347 -0.7983933811834754 -1.0103938445711962 -0.6968266192562784 -0.8354733101410234 -1.416660892279984 -1.7428567890514581 -1.760321972980738 -2.083562223241103 -2.7319235897234475 -2.9127554171758376 -2.5298648464185476 -2.240748878604622 -1.957544203812914 -1.819972293477663 -1.8062688414716126 -1.6880429810272566 -1.3433071197770086 -0.899154057698552 -0.683123167250228 -0.8228446386844674 -1.10793017943779 -1.5230641666799047 -1.60017967110611 -1.495657262667804 -1.4897459696455861 -1.6939542740494744 -1.5356928381364612 -1.6050161835788335 -2.1354203847541955 -2.282934015172267 -1.8051940609221186 -1.255443809855862 -0.9899730141308072
2.409557863919183 2.1575218250628048 2.172300057618349 2.01511340225483 1.8149355249115446 1.5432847410268993 1.3909345981361039 -0.23601445866066273 -0.6393258598583418 -0.612993736395735 -0.45473230048272173 -0.8725532390985715 -1.1108858259488992 -0.890287118165225 -1.4126304652193808 -1.70577686009391 -1.760321972980738 -1.7584411070191233 -2.2095802426692916 -2.5502856768589366 -2.5172361749619916 -2.2963687720409443 -2.145093409699643 -1.7544106799585202 -1.597224024595001 -1.2839254944174567 -0.9751947815752628 -0.4421036290261653 -0.22714751912733577 -0.33758122058785967 -0.7261143892299939 -1.511241580635469 -1.5894318656111683 -1.4849094571728623 -1.6909986275383653 -2.026061463843166 -1.9975797792815708 -2.191040278190518 -2.357899958499484 -2.1362264701663163 -1.6832064685545327 -1.1186779849327317 -0.7038126928279906
2.314708480426324 2.2727920389960516 1.9750778267861735 1.924294445822575 1.9847508517316204 1.4817535545683596 0.511226718375144 -0.6823170818381077 -1.2828507138679628 -0.8814201786318985 -0.3620324780888513 -0.5170695723533822 -1.225081259332652 -1.2261560398821465 -2.001610206342174 -2.158796861705693 -1.7691889125140645 -1.5279006791526286 -2.5113248819397738 -3.128517612486788 -2.994707434074767 -2.8775563541799043 -2.88937894022434 -2.857941609151636 -2.724131430739615 -2.0190753902714538 -1.2446960043609203 -0.6344893473856179 -0.426250615921127 -0.6186363342805792 -0.4165775909756797 -0.8717471536864512 -1.192031757435707 -1.4077939527466574 -1.717330751000972 -2.0953848092855383 -1.9516329107906962 -2.245585391077346 -2.038690135299722 -1.7925653894655622 -1.5034494216516365 -1.0778363240519542 -0.3950819799857963
1.3342399241502871 1.566661217978397 1.3460625101947228 1.2856061042856775 1.6010541955622095 1.6615106014712557 -0.473272264961496 -1.142323157021603 -1.404032220823428 -1.200898696969034 -0.7701803917592542 -0.4195332374867884 -0.3902454675130729 -1.2906428728517954 -2.2770227221500496 -2.022031036782563 -1.4389625886819877 -1.8589330883968258 -3.207513982874608 -3.8298119210317196 -3.8784457408963298 -3.7827902719913507 -3.6344705561611583 -3.4039301282946637 -3.1997218238907754 -2.552435237957925 -1.8522157099624876 -1.2487264314215234 -0.9332783401449909 -0.899154057698552 -0.7008570463168815 -0.8795393126702837 -0.856162835718786 -1.0249033819893674 -1.5055989827506249 -2.0827561378289823 -2.148049056210752 -2.584678654442749 -2.121716932748145 -1.5289754597021226 -1.1479657549064473 -0.8540132746197977 0.07056669308254282
0.37258002749039854 1.4516596991825228 1.356810315689665 1.8450293802973814 2.1215166766547506 0.8519321525647889 -1.3414262538153938 -1.1802091713912715 -0.9811060745974807 -1.036725968033803 -1.0415624805065264 -0.6382510793088474 0.04423456961993644 -1.2917176534012893 -2.00053542579268 -1.6412900271242612 -1.2280369058437612 -1.7329150689686372 -1.995698913319956 -2.404921607539853 -3.0621499135555243 -3.3434737223856175 -3.233040020925094 -2.697799307277008 -2.2125358891804003 -2.1899654976410234 -1.6821316880050388 -1.478192078738524 -1.4292895637365404 -1.5827144871768297 -1.6880429810272566 -1.4467547476658202 -0.9829869405590954 -0.8669106412137273 -1.1227084119933348 -1.7006716524838126 -1.5563823637142233 -1.4897459696455861 -1.2457707849104147 -1.0641328720459038 -0.9058714361328901 -0.6949457532946637 0.12242485459563568
-0.0366426667294979 1.3148938742593925 1.3423007782714933 1.7464182648812931 1.2455705288170202 -0.7193970107956558 -1.8678000279301528 -1.2524881633447529 -1.1686552804842094 -1.0259781625388613 -0.9099018631934932 -0.9633721955308272 -0.6997822657673876 -1.0515042005893473 -1.1305005709771674 -1.1186779849327317 -1.558263229675838 -2.099146541208768 -1.3981209278012101 -1.4859842377223567 -1.8180914275160482 -2.1139247737643125 -2.114730859176433 -1.8355566114453281 -1.2154082343872048 -1.484103371760742 -1.1157223384216226 -1.0885841295468954 -1.785848011031224 -2.337479128059095 -2.144018629150149 -1.6168387696232691 -1.357010571783059 -1.2202447468599287 -1.3384706073042847 -1.1783283054296567 -0.9518183046237652 -1.0141555764944257 -1.4703999197546915 -1.3873731223062684 -1.1041684475145606 -0.64604323829268 -0.4332366894928388
0.5706083437346949 1.117671643427217 1.3304781922270577 1.3245668992048403 0.6595464342053363 -1.2379786259265821 -1.9919371813967266 -1.5034494216516365 -1.5034494216516365 -1.3121384838416783 -1.0727311164418567 -1.1646248534236063 -1.2702220424114063 -0.9859425870702045 -1.0007208196257489 -1.1783283054296567 -1.6305422216293195 -1.449710394176929 -0.9262922665732791 -0.8921679841268397 -1.2613551028780798 -1.4889398842334653 -1.3677583772780002 -1.0085129786095814 -1.23099255235487 -1.4712060051668119 -1.280969847906348 -1.0552659325125768 -1.5905066461606627 -2.3229695906409242 -2.4156694130347947 -1.883384345897818 -1.5133911417344574 -1.3959713667022218 -1.259474236916465 -1.0485485540782387 -0.8591184822298947 -1.2379786259265821 -1.681325602592918 -1.7165246655888513 -1.4018826597244396 -1.1100797405367784 -1.1041684475145606
1.4231780146209285 1.1614689508191027 0.7425732316537594 1.406518916103769 0.6224665052477878 -1.222394307958917 -1.9742033023300731 -1.8237340254008925 -1.8823095653483235 -1.7135690190777426 -1.5953431586333862 -1.5719666816818885 -1.4682503586557032 -1.092345861470125 -1.1635500728741124 -1.1119606064983931 -1.0552659325125768 -1.1275449244660583 -0.9292479130843878 -0.6167554683189644 -0.7994681617329698 -1.0103938445711962 -1.0463989929792503 -0.9469817921510413 -1.1931065379852015 -1.2194386614478079 -1.314019349803293 -1.2280369058437612 -1.406719172197163 -2.127628225770363 -2.384500777099464 -2.0454075137340606 -1.6676221505868676 -1.563099742148562 -1.5483215095930172 -1.3306784483204521 -1.2409342724376908 -1.558263229675838 -1.9830702418634 -1.8981625784533622 -1.59641793918288 -1.4088687332961514 -1.437081722720373
1.735670459386352 1.2162827588433043 0.5891483082134696 1.1165968628777225 0.6506794946720094 -0.6801675207391193 -1.7154498850393574 -1.911597335322039 -2.0357344887886133 -1.8433487704291607 -1.8952069319422535 -1.8062688414716126 -1.634303953552549 -1.305152410269966 -1.2973602512861335 -1.1871952449629837 -0.8961984111874428 -0.9770756475368776 -1.0396816145449117 -0.7672247452481451 -0.7309509017027178 -0.9262922665732791 -0.7524465126926008 -0.9206496686884349 -0.6694197152441776 -0.5737642463391985 -0.9633721955308272 -1.3932844153284862 -1.701746433033307 -1.9282564338391985 -2.1870098511299148 -2.21629762110363 -1.967485923895735 -1.8559774418857171 -1.6958351400110891 -1.5749223281929972 -1.5512771561041263 -1.7417820085019637 -1.9304059949381869 -1.844423550978655 -1.5649806081101767 -1.4459486622536994 -1.3892539882678832
1.1262698878231694 1.230792296261476 0.7629940620941476 1.2192384053544139 0.7288697796477086 -0.6070824433735171 -1.2954793853245188 -1.6109274766010513 -1.8755921869139853 -1.81594186641706 -1.8678000279301528 -1.81594186641706 -1.727272471083793 -1.5523519366536203 -1.3228862893366196 -1.2164830149366992 -0.9351592061066056 -1.0192607841045227 -1.1901508914740924 -1.0541911519630829 -1.0114686251206901 -1.0044825515489784 -0.7067683393390993 -0.2104884206101767 0.06868582712092852 0.1586986981410634 -0.26906396055760773 -1.3747444508497124 -1.883384345897818 -2.026061463843166 -2.1305838722814716 -2.157722081156199 -2.1870098511299148 -2.06206661225122 -1.7458124355625668 -1.5270945937405078 -1.499687689728407 -1.5534267172031142 -1.7154498850393574 -1.6498882715202141 -1.4604581996718706 -1.3073019713689544 -1.369639243239615
0.2951958279268201 1.0784421533706805 0.36559395391868676 -0.031000068844654116 -0.31124909712525284 -0.4292062624322357 -0.852132408658183 -1.2651168348013093 -1.861888734907935 -1.9196581894432452 -1.7740254249867884 -1.6627856381141441 -1.6724586630595915 -1.7192116169625868 -1.4975381286294187 -1.3247671552982343 -1.1450101083953381 -0.7653438792865304 -0.7271891697794883 -1.2409342724376908 -1.3814618292840506 -0.9663278420419363 -0.9966903925651458 -0.35020989204441566 0.48274503381354883 0.6995820096739935 0.5883422228013488 -0.8591184822298947 -1.6305422216293195 -2.085443089202718 -2.2085054621197973 -2.0483631602451697 -1.915627762382642 -1.8678000279301528 -1.5279006791526286 -1.2428151383993056 -1.2858063603790715 -1.3258419358477287 -1.3932844153284862 -1.4233782707143225 -1.3502931933487203 -1.2847315798295775 -1.3707140237891093
-0.650073665353283 0.7036124367345957 0.023813739179547433 -0.5581799283715334 -0.7494908661814916 -0.6215919807916883 -0.5466260374644714 -1.154951828478159 -1.7436628744635785 -1.9223451408169807 -1.7914906089160683 -1.5942683780838922 -1.4763112127769094 -1.6179135501727635 -1.6179135501727635 -1.4459486622536994 -1.4878651036839714 -0.9469817921510413 -0.3461794649838126 -0.7916760027491372 -1.6872368956151358 -1.1049745329266814 -1.0611772255347947 -0.5837059664220194 0.250323739985439 0.9231363639687755 0.9817119039162066 -0.5073965474079349 -1.2828507138679628 -1.7662332660029558 -1.82883923301099 -1.6313483070414403 -1.3091828373305692 -1.4303643442860343 -1.0270529430883553 -1.0044825515489784 -1.272102908373021 -1.7036272989949217 -1.6998655670716922 -1.5883570850616744 -1.5660553886596706 -1.4615329802213646 -1.5493962901425116
-1.0834789219367984 0.1175883421229118 -0.08447040118198768 -0.6627023368098395 -0.9195748881389405 -0.810215967227911 -0.6852727283492164 -0.9440261456399326 -1.3666835967285063 -1.6987907865221978 -1.8648443814190436 -1.8277644524614955 -1.6743395290212062 -1.5923875121222775 -1.5719666816818885 -1.5141972271465782 -1.6402152465747668 -1.1783283054296567 -0.4450592755372744 -0.3891706869635789 -1.4204226242032134 -1.2817759333184684 -1.1557579138902798 -0.7760916847814721 0.04235370365832125 0.8822947030879984 0.7337062921204325 0.26402719199148983 -0.9125888145672287 -1.2847315798295775 -1.1568326944397738 -0.8862566911046219 -0.6078885287856379 -0.5729581609270782 -1.1850456838639953 -1.8823095653483235 -2.871645061157687 -3.5543994052238443 -3.44772743568655 -3.1666723219938304 -2.782706970687046 -2.2310758536591746 -2.2955626866288235
