static/data/ASCData/20210110/ASCU/15.asc
ncols 97
nrows 97
xllcorner 99.0
yllcorner 2.0
cellsize 0.25
NODATA_value -32767
[rows 57 to 75 of 97, columns 0 to 42 of 97]
-2.460320280783289 -2.104868831823414 -1.6476690717788558 -1.255096847908821 -0.8264720728670483 -1.0032631015758664 -0.890031385303149 -0.47395823918783275 -0.9826997946112459 -1.8538362532942756 -2.338275718668591 -2.415454883769571 -2.10860761490789 -1.3322760130098006 -1.159490823320064 -0.8529106103929891 -1.0422532680282646 -0.948516634981746 -0.7893512979568884 0.11970710344011781 0.6442049590052532 1.1588217449899858 1.0183503233875104 0.22626242134769914 -1.2131690661757628 -2.640048924772768 -3.1741607939836998 -2.998437989013303 -2.8205787365660626 -2.7014717897320244 -2.4416263653609063 -2.619485617808147 -3.0139272332204197 -3.4906220764911766 -3.1186131595857627 -1.925140187833935 -0.31372467842455354 -1.0091383321371867 -0.7257919855207873 -0.44164447110057203 -0.4592701627845326 -1.3939659339036634 -2.439756973818668
-2.650731162156986 -1.9085827198883965 -1.964130354286333 -1.8068344088037138 -2.1449272220142337 -2.3030243353006696 -1.7424739285637965 -1.3245313909062424 -0.8411601492703489 -0.6448740373353314 -0.4154729895092357 -0.00020101119773663356 0.30931681700999825 0.5857197093266562 0.7555672837357319 0.477294999876837 0.12771878147828186 -0.5003967767137745 -0.5265682583051099 -0.45152554068097395 0.03878915525466198 0.7566355074741544 0.7144406698064909 -0.08031779157937624 -1.1448027469167634 -2.4669966791484255 -3.0617302455147986 -3.01686484850108 -2.854761896195562 -2.697465950712943 -2.416256051573387 -2.044247134667973 -2.396760968347188 -2.0354342888259924 -1.6447314564981959 -1.4847649516695216 0.14427624942382078 -0.011150304516560183 -1.0609471834506472 -0.9672105504041286 -1.5686205151356383 -2.5051856777970074 -3.116476712108919
-2.3500261797912314 -2.006058136019391 -2.5081232930776673 -3.2502717353462574 -3.5648636263114963 -2.9896251431713226 -2.4290747364344494 -1.7122966079533786 -1.0550719528893269 -0.17325325682207815 0.5299050189941132 0.9529216194091719 1.2036871420037043 1.4792888665165451 1.7193721517268594 1.449912713709944 1.0007246317035499 0.09246739811035987 -0.49932855297535195 -0.7658503757116075 -0.4144047657708141 0.5699634091849335 0.5347120258170115 -0.04426524040763802 -1.1018067414452837 -2.050122365229293 -2.631236078930787 -2.7492748020264033 -2.5628697596717878 -2.298217328477771 -2.1857867800088697 -1.8079026325421355 -1.4895719584924203 -1.1370581248132052 -1.0833798819575065 -1.1058125804643657 -0.08245423905621951 -0.7327354398205297 -2.5209419779387297 -3.4289321555973142 -3.990550786072609 -3.638036952393394 -4.219951833898704
-2.080299685839711 -2.36070841717545 -3.724028963336354 -4.472052636166264 -3.97693093340773 -3.4016924502675563 -2.7805203463752424 -2.0130015903191336 -1.1546838164971658 -0.20449880117091812 0.4361683859475951 0.6861327407383113 0.9040503833763713 1.140394885502209 1.381546394450945 1.726315606026601 1.477152419039701 0.3531139902852951 -0.5228294752206333 -0.5695642637765896 -0.6320553524742687 0.362995059865697 0.5181545578714735 -0.060822708353176935 -0.3195999089858734 -1.159490823320064 -1.4954471890537402 -1.801226234176999 -1.8097720240843738 -1.479690888912018 -1.4855661194733383 -1.407585786568542 -1.0881868887804047 -1.038514484943788 -1.0393156527476046 -1.8049650172614755 -1.925140187833935 -3.5814210942570353 -5.695702928528509 -6.526780997020719 -5.393929722424333 -5.040347665006696 -4.920172494434236
-2.3684530392790086 -3.418249918213095 -4.908422033311595 -4.786377471196897 -4.217014218618044 -3.571540024676633 -2.958379598822483 -2.2346580160416702 -1.3509699284321832 -0.4817028612913914 -0.14200771247323907 -0.004206850216818658 0.15015147998514067 0.4236167570211382 0.7486238294359904 1.088586034188748 1.427480015203085 0.5651564023620352 -0.03839000984631813 -0.19862357060959734 -0.48677692404889505 -0.03545239456565774 0.1990227160179412 0.18219819213779687 -0.0277077724620991 0.058284238480860395 -0.03732178610789649 -0.6809265885070692 -1.1701730607042826 -0.8959066158644693 -0.9503860265239843 -1.0588107359738035 -1.5667511235934 -1.56968873887406 -2.5070550693392457 -3.96811808756575 -5.488734579209273 -7.272668222373786 -8.533439289646191 -7.331420527986989 -6.1000256135211846 -5.457221978925828 -5.267879321290553
-2.8860074405444016 -4.885989334804736 -5.439863343176473 -4.897739795927377 -4.272828908950586 -3.6877093562300107 -3.0734807066374388 -2.390084569982051 -1.822590708945436 -1.1848611371075837 -1.0021948778374448 -0.8099146049215094 -0.637930583035589 -0.29129197991769473 0.04359616207756023 0.30344158644867836 0.6364603369016946 0.5515365496971567 0.19101103797977714 -0.3225375242665338 -1.0705611970964442 -0.6713125748612723 -0.04827107942672004 0.15202087152737942 0.4038546178603335 0.9040503833763713 0.08071693698772009 -0.46808300862651286 -0.8459671560932471 -1.159490823320064 -1.4281490935331629 -2.7885320244134064 -3.5237370123822545 -4.179092275904068 -5.724812025400505 -8.01401549683856 -9.218971873778422 -9.354903344492605 -8.481897494267336 -7.316732451583688 -6.519837542720977 -5.943797891776987 -5.579533596975131
-2.9348786765772017 -5.416362420931192 -5.599829848005147 -5.023790197061157 -4.443744707098085 -3.895745929287669 -3.355758829515416 -2.9514361445227406 -2.478747140271066 -2.1379837677144917 -1.9798866544280558 -1.708290768934297 -1.4300184850754012 -1.1253076636905646 -0.890031385303149 -0.6945464411719477 -0.5511374042888129 -0.6643691205615303 -1.2462840020668406 -1.9406294320410522 -2.219168771834553 -1.3069056992222814 -0.372476984037756 -0.04827107942672004 -0.11369978340505948 -0.2806097425334757 -0.8157898354828297 -1.1683036691620448 -1.4583264141435808 -1.611616520607118 -2.582364842897987 -5.242509007503034 -7.770727540412979 -8.88515195552159 -9.488698367729942 -10.580423028397087 -9.978746007730972 -9.316714345844023 -8.426082803934793 -7.482841242908288 -6.7551138211083925 -6.210319714513242 -5.858607048637843
-2.647793546876326 -5.1127198232847775 -5.42410704303475 -5.086281285758836 -4.649644832678899 -4.293392215915207 -3.92805969737493 -3.6107972470636365 -3.2337142674007184 -2.984818136348424 -2.6771696996829273 -2.503316286254769 -2.242402638145229 -2.0100639750384732 -1.8880194129237755 -1.852768029555854 -2.080299685839711 -2.5374994458842686 -3.169353787160801 -3.430000379335736 -2.9396856834001004 -1.8097720240843738 -1.0959315108839633 -0.9514542502624064 -0.9407720128781873 -0.9007136226873675 -1.2209136882793215 -1.6164235274300163 -2.0559975957906134 -2.2151629328154714 -3.5648636263114963 -6.603960162121699 -9.218971873778422 -10.104796408864752 -10.174230951862175 -10.233784425279193 -9.868451906738915 -9.486561920253099 -8.323533325046295 -7.315664227845266 -6.714254263113757 -6.387911911025877 -6.113645466186064
-2.356702578156368 -5.252390077083436 -6.007090148278483 -5.485796963928613 -5.046222895568016 -4.729761613060539 -4.381253618400406 -4.051973651031866 -3.7972022894182516 -3.5461697108891137 -3.2601528049266593 -3.109800313743782 -2.9113777543319213 -2.825385743388961 -2.7639628784297035 -2.8411420435306836 -3.1047262509862783 -3.5568519482733323 -4.008977645560386 -4.057848881593187 -3.3498835989540963 -2.453376826483547 -1.9064462724115527 -1.4895719584924203 -1.0529355054124832 -1.2492216173475006 -1.739536313283136 -1.9593233474634348 -2.2346580160416702 -3.578483478976375 -5.648701084037947 -7.839093859671979 -9.479885521887962 -9.777652888973057 -10.157673483916636 -10.36944884005877 -10.08129548661947 -9.240603404481465 -8.05220449548714 -7.266792991812466 -6.793302819756974 -6.462153460846197 -6.241565258862082
-2.259227162025373 -4.978924800047438 -5.894926655744187 -5.47591589434821 -5.144766535437433 -4.985601198412575 -4.604779435665181 -4.401816925365027 -4.159597192677869 -3.889069530922532 -3.804145743717994 -3.661537874638675 -3.578483478976375 -3.4623141474229975 -3.3752539127416155 -3.446557847281275 -3.6623390424424915 -4.039422022105409 -4.319563697506543 -4.299267446476527 -3.765956745069412 -3.162410332861059 -2.581296619159565 -1.9710738085860755 -1.5678193473318216 -1.474082714285303 -1.8255283242260965 -2.56100036812955 -3.403561841809795 -5.350933716952853 -7.356790841774508 -9.024822209320249 -9.27558773191478 -9.695666717049178 -10.152599421159131 -10.259955906870527 -9.832399355567176 -8.769783791772028 -7.81959877644578 -7.464147327485905 -6.986651316411331 -6.654700789696737 -6.445595992900658
-1.877337175539557 -3.267897427030218 -3.8401982948897317 -3.6067914080445544 -4.797326764515722 -4.726823997779879 -4.7962585407773 -4.554038808090143 -4.4728538039700805 -4.304875621103243 -4.271760685212165 -4.1254140330483695 -4.04529725266673 -3.9173774599907114 -3.829516057505513 -3.785451828295611 -3.948623004339551 -4.197519135391845 -4.436801252798342 -4.4330624697138665 -3.961174633266008 -3.387004373864256 -3.0091202263975214 -2.3890163462436296 -1.632179827571739 -1.607610681588036 -3.1135390968282586 -4.9113596485922555 -5.9066771168668275 -7.078518557915612 -8.54518975076883 -8.530501674365532 -8.798091720840208 -9.53943899530498 -9.952574526139637 -9.978746007730972 -9.349028113931283 -8.338221401449594 -7.761914694570999 -7.431833559398644 -7.089200795299831 -6.751375038023916 -6.4202256791131385
-1.1448027469167634 -1.1253076636905646 -1.6887956857080977 -2.005256968215575 -3.214219184174519 -4.826435861387718 -4.910558480788439 -4.666469356559043 -4.656588286978641 -4.595966589823201 -4.572465667577919 -4.461370398782045 -4.3419963960134025 -4.212207211795146 -4.034615015282511 -3.9886813945303707 -4.014852876121706 -4.226895288198446 -4.363627926716445 -4.375378387839086 -3.921116243075188 -3.403561841809795 -3.0326211486428027 -2.485690594570808 -1.73579753019866 -3.0764183219180987 -5.237702000680135 -7.23768389494047 -7.513018563518705 -8.054073887029379 -8.129116604653515 -8.132054219934176 -8.645869838115093 -9.371460812438142 -9.52768853418234 -9.479885521887962 -8.753226323826489 -8.16543621175986 -7.719185745034125 -7.3450403806518665 -7.001339392814632 -6.622387021609477 -6.29524350171778
-0.554876187373289 -0.28541674935637396 -0.8275402966054699 -1.243613442720786 -2.6349748620152638 -4.2482597629668835 -4.967174338924798 -4.728960445256722 -4.706260690815258 -4.684896216046821 -4.65845767852088 -4.6183992883300595 -4.472052636166264 -4.311819075402984 -4.13422687889035 -3.967049863827328 -3.9846755555112887 -4.079480412296229 -4.144909116274568 -4.120339970290866 -3.8567557628352707 -3.3538894379731783 -3.596109170660336 -3.0491786165883417 -3.778508373995869 -5.361615954337071 -7.047273013566773 -7.981701728751299 -7.633193734091165 -7.624380888249185 -7.771795764151402 -8.232734307280436 -8.74735109326517 -8.984763819129428 -9.087313298017927 -8.855775802714987 -8.371336337340672 -8.161430372740776 -7.8254740070071005 -7.35785906551293 -6.860600915277551 -6.481648544072396 -6.171329548060844
-0.662499729019292 -0.4496561491387361 -0.966142326665707 -1.1194324331292442 -2.4015679751700865 -3.947554780601129 -4.811747784984417 -4.79332092549664 -4.666469356559043 -4.714272368853422 -4.643769602117579 -4.578340898139239 -4.473922027708502 -4.3313141586291835 -4.1254140330483695 -3.9328667041978282 -3.8372606796090714 -3.8527499238161886 -3.987613170791949 -3.92512208209427 -3.823640826944193 -3.8986835445683288 -4.323569536525625 -5.433988112615152 -6.633069258993695 -7.392042225142429 -8.11763319946548 -7.682064970123966 -7.316732451583688 -7.389905777665586 -7.710372899192144 -8.166237379563675 -8.423145188654132 -8.616493685308491 -8.492579731651555 -8.159560981198538 -8.302970018081673 -8.268786858452174 -7.79903546948116 -7.207239518395447 -6.750306814285494 -6.394855365325619 -6.057029608049705
-1.5755639694353802 -1.3127809297836017 -1.4652698684433227 -1.5891838221002588 -1.546187816628779 -2.981880521067764 -4.875307097420518 -5.049160510848676 -4.71026652983434 -4.75913776586714 -4.662463517539962 -4.65845767852088 -4.541220123229079 -4.379117170923562 -4.164404199500767 -3.9886813945303707 -3.9328667041978282 -3.8810578528843678 -4.1107259566450685 -4.1798934437078845 -4.372440772558425 -4.683827992308399 -5.4476079652800316 -6.662445411800296 -7.693548375312 -8.209233385035155 -8.07757480927466 -7.676189739562645 -7.331420527986989 -7.349847387474766 -7.774733379432062 -8.167305603302097 -8.318726318223396 -8.03164118852252 -7.737612604521902 -7.579515491235466 -8.00333325945434 -7.977962945666821 -7.655626432598024 -7.096144249599573 -6.686747501849394 -6.325420822328198 -6.014033602578225
-3.122351942670239 -2.522811369480968 -2.5091915168160894 -2.3430827254914894 -2.0979253775236715 -3.335195522550795 -5.189898988385757 -5.391793274947489 -5.007232729115618 -4.990675261170079 -4.8109466171806 -4.888926950085397 -4.744449689463839 -4.6037112119267585 -4.427187239152546 -4.242384532405564 -4.268021902127688 -4.390867632046202 -4.6117228899649225 -4.9193713266304195 -5.248384238064354 -5.74751177984197 -6.558827709173375 -7.457470929120769 -8.12057081474614 -8.293356004435877 -8.054875054833197 -7.734674989241242 -7.3909740014040075 -7.597942350723244 -7.921347087530463 -8.03751641908384 -7.777670994712722 -7.319670066864347 -7.00320878435687 -7.044335398286112 -7.440646405240624 -7.349046219670949 -7.17813042152345 -6.837367048966876 -6.454408838742638 -6.108838459363165 -5.817747490643207
-5.193637771470233 -3.31489927152078 -2.808828275443422 -2.4515074349413086 -2.390084569982051 -3.868506223957911 -5.692765313247849 -5.6137167566046315 -5.105776368985035 -5.349064325410614 -5.260935866990811 -5.260134699186994 -5.155715828756257 -5.078536663655277 -5.045154671829594 -4.970111954205458 -4.971981345747697 -5.210195239415772 -5.55897029001051 -5.810804036343465 -6.214058497597719 -6.688883949326238 -7.418213706733765 -8.1088203536235 -8.534507513384613 -8.515012430158414 -8.11763319946548 -7.833218629110659 -7.661501663159344 -7.80784831532314 -7.801973084761819 -7.710372899192144 -7.398718623507566 -6.95433754832407 -6.635205706470538 -6.735618737882193 -7.040329559267031 -6.751375038023916 -6.526780997020719 -6.5139623121596575 -6.298181116998441 -5.979850442948725 -5.697572320070748
-6.075456467537482 -3.8412665186281534 -2.0920501469623516 -1.6340492191139773 -1.852768029555854 -3.2921995170793155 -5.1399595286145345 -5.696504096332326 -5.767808030871985 -5.810002868539649 -5.772882093629489 -5.724010857596689 -5.786501946294368 -5.7445741645613095 -5.708254557454966 -5.847924811253625 -6.003351365194006 -6.1125772424476414 -6.477909760987919 -6.716123654655995 -7.131128577032889 -7.575509652216384 -8.122440206288378 -8.69954808097079 -8.932954967815967 -8.846962956873007 -8.437833265057433 -8.140867065776156 -7.91440363323072 -7.740550219802563 -7.597942350723244 -7.353853226493848 -7.084393788476932 -6.878226606961512 -6.7444315837241735 -6.828554203124896 -7.0042770080952925 -6.712117815636913 -6.445595992900658 -6.515030535898079 -6.429038524955119 -6.164386093761102 -5.9611565275263425
-6.334233668170178 -4.8881257822815805 -3.0304847011659586 -1.7494173828635384 -1.6615559803783402 -1.839148176890975 -3.3031488103981395 -5.408617798827633 -5.943797891776987 -6.107770235624743 -6.620517630067238 -6.4183562875709 -6.395923589064041 -6.515030535898079 -6.679002879745835 -6.766063114427217 -6.901727529206793 -7.0793197257194285 -7.349046219670949 -7.596072959181005 -7.977962945666821 -8.279736151770997 -8.716105548916328 -8.982627371652583 -9.186925161625766 -9.106808381244125 -8.763908561210709 -8.353710645656712 -8.006270874735002 -7.719185745034125 -7.370410694439386 -7.141009646613291 -7.069705712073631 -6.953536380520254 -7.053949411931909 -7.085194956280748 -7.08038794945785 -6.830423594667135 -6.567640555015355 -6.574584009315098 -6.515831703701895 -6.3011187322791 -6.061836614872603
