static/data/ASCData/20210110/ASCU/18.asc
ncols 97
nrows 97
xllcorner 99.0
yllcorner 2.0
cellsize 0.25
NODATA_value -32767
[rows 19 to 37 of 97, columns 43 to 85 of 97]
-2.4149227713086225 -1.1355749618080657 -0.4824312212498736 -0.7538340831667703 -1.648288499262478 -3.0184860524036434 -4.249972955948422 -4.79593119454577 -4.711959664934735 -4.36804896345609 -4.28207128808643 -4.225612614593685 -4.312450066717043 -4.563504878796453 -4.986228449363954 -5.3877441933402705 -5.981276745642164 -6.550735548840553 -7.064308863048662 -7.388731291443516 -7.61427939316326 -7.656121861843163 -7.436592197399294 -7.321095520152716 -7.0525585807481415 -6.855383111900386 -6.831882547299345 -6.94050101051635 -7.187543531078509 -7.428567614364793 -7.55954027317791 -7.685354271468848 -7.78709452065628 -7.977391775474462 -8.277167270263348 -8.705049501353027 -9.120894857890956 -9.390578166300457 -9.599503917448736 -9.917907908567713 -10.096741473336609 -10.103333095114948 -9.770312899183129
-2.508638437461553 -1.3095364583060132 -1.0398531498965098 -2.148391977662673 -3.5056928794983895 -4.56436465555015 -4.96759995303386 -5.1951542005122295 -4.931489329378603 -4.634579757102039 -4.469789212643523 -4.586718851146261 -4.724569723988951 -5.046699414373949 -5.448215158350266 -5.993027027942684 -6.615218805367799 -7.130798265334533 -7.42168940033522 -7.63749336551307 -7.627749228971174 -7.622877160700227 -7.698250922774296 -7.628895597976102 -7.2752407599555635 -7.0224663943687595 -7.03020438515203 -7.320235743399019 -7.598516819345489 -7.959909648149298 -8.175713613327147 -8.313277893918606 -8.565479075002944 -8.87585848308742 -9.29972842265985 -9.640486609374939 -9.925645899350982 -9.972647028553064 -10.08011912276514 -10.153200146829352 -10.312545438514459 -10.282166659883844 -9.820179950897533
-2.727594917402957 -1.2616755523502352 -1.3310308771484287 -3.1689469843005504 -4.508765758811102 -5.036955277832053 -5.444202866833015 -5.36424362873923 -5.102584903364228 -4.875030655885858 -4.7079473734174835 -4.818285390141882 -5.050711705891199 -5.410958165690079 -5.972678978105199 -6.573089744436665 -7.157164752447896 -7.591638605315916 -7.770472170084812 -7.691372708744723 -7.609407324892313 -7.658128007601787 -7.749837527996093 -7.67675650393188 -7.400194981492804 -7.3231016659113415 -7.583900614532647 -7.901444828897929 -8.13960298967189 -8.449122621002669 -8.805643381535532 -9.148407714009247 -9.44531728628581 -9.729330207256924 -9.989269379124533 -10.208799043568401 -10.421737086233927 -10.458994078894115 -10.475616429465582 -10.51172705312084 -10.501982916578944 -10.293916942184364 -9.874059294129186
-2.8330608658564076 -1.3906420654047267 -1.6717890638635184 -3.9871678615684916 -5.090834621063708 -5.534192833719927 -5.481459859493201 -5.40322017490681 -5.252759243009903 -5.079944115516884 -5.051571482644896 -5.202032414541803 -5.444202866833015 -5.900457730794683 -6.47364223325909 -6.998106053014023 -7.553521835902034 -7.90803645067627 -7.981404066991714 -7.8767978952919595 -7.801710725469122 -7.7323554006709285 -7.728343109153678 -7.724617409887659 -7.807442570493766 -7.854443699695847 -8.009776699863702 -8.273441570997328 -8.504721517741718 -8.853504287491308 -9.338704968827429 -9.80183804681867 -10.160078360858925 -10.317417506785405 -10.469597992189705 -10.598564505244198 -10.794020420584559 -10.846753394811286 -10.835003112510766 -10.803764557126454 -10.66791983004239 -10.377028695041703 -9.967774960282117
-3.1775447518375164 -2.0526701657511173 -2.7986697957085434 -4.703935081900233 -5.515564337389834 -5.674623036823706 -5.621030285843284 -5.607273857784139 -5.457099518138464 -5.38373190182302 -5.3759939110397506 -5.641664927932003 -5.911061644090275 -6.412884675997863 -6.965721128624784 -7.490184948379716 -7.865047612991439 -8.220708596770603 -8.210964460228709 -8.105498511775258 -8.047893469277586 -7.887688400838783 -7.916061033710771 -8.113236502558527 -8.197208032169563 -7.984269989504035 -8.140462766425586 -8.363144945633008 -8.681548936751987 -9.259605507487342 -9.829924087439426 -10.310539292755832 -10.599424281997894 -10.757623204678069 -10.819240538692995 -10.948207051747485 -11.104399828669036 -11.155126657137135 -11.172895376713534 -11.058545068471883 -10.869107590407397 -10.532075102958325 -10.121961591445043
-2.564523926451833 -2.3358233099685344 -3.3027855656259892 -4.43052607422471 -4.542870236707735 -4.7927786797822165 -5.774357140252514 -5.760600712193368 -5.819352123695969 -5.763753226956922 -5.8027297731245016 -6.114255550213906 -6.42291540479099 -6.950245147058245 -7.510819590468435 -7.952171657366029 -8.327034321977752 -8.451128766761295 -8.420749988130682 -8.250800783149984 -8.146481203701462 -8.074259956390947 -8.220708596770603 -8.422756133889308 -8.179725904844398 -7.9667878621788715 -8.039009109489387 -8.251947152154914 -8.922859612289503 -9.659115105705034 -10.217683403356599 -10.65215725622462 -10.924706487146445 -11.06055121423051 -11.12302832499913 -11.280080878674376 -11.41191331424119 -11.427675888058962 -11.47553679401474 -11.348576426718875 -11.073161273284725 -10.722658950027741 -10.368144335253504
-1.1026168529163622 -1.002022972733859 -1.8486164828737883 -2.3406953782394817 -2.5693959947227807 -4.4434227255301595 -5.631634199138876 -6.061522575987182 -6.107377336184334 -6.197080710820014 -6.322321524608487 -6.620950650392443 -7.028198239393404 -7.5214235037640265 -7.996020271804555 -8.40613378331784 -8.580955056569483 -8.674670722722414 -8.560607006731997 -8.31241811716491 -8.136737067159569 -8.137596843913265 -8.224434296036623 -8.1201147165881 -7.859315767966795 -7.785088374897654 -7.865047612991439 -8.418743842372056 -9.224641252837014 -9.967774960282117 -10.478482351977902 -10.858217084860573 -11.107265751181359 -11.278361325166983 -11.486140707310332 -11.68245639940439 -11.737195519389742 -11.719713392064577 -11.665834048832924 -11.552630109596203 -11.323069716359207 -11.01641600754075 -10.670785752554712
-0.29872558821003103 0.20023152118523546 -0.6260139391172075 -1.1570693806504808 -2.4275328303628396 -4.588724996904887 -5.9589225500460525 -6.4452696003871015 -6.562485831141073 -6.671677478860543 -6.8066624291909115 -7.065455232053591 -7.5635525646951605 -8.036143186977064 -8.48924553617518 -8.722531628678192 -8.824271877865623 -8.73542827998364 -8.494117604446124 -8.236184578337141 -8.11896834758317 -7.92379902449404 -7.7684660243261865 -7.722611264129034 -7.793972734685853 -7.873931972779637 -8.259685142938183 -8.949226099402864 -9.55852122552253 -10.18931077048461 -10.657029324495566 -11.009824385762409 -11.3505825724775 -11.647492144754061 -11.854411750143713 -11.936377133996123 -11.924626851695603 -11.918035229917262 -11.86702180919793 -11.783050279586895 -11.553776478601131 -11.200121640580592 -10.830990820993513
-0.030188648805456353 0.7238355641864711 0.6865785715262849 -0.6690027768020381 -3.2010453164385573 -5.455953149133535 -6.416037190761417 -6.6318411559392665 -6.792046224378069 -6.97947755668393 -7.2568988558767025 -7.6240235297051555 -7.981404066991714 -8.322162253706804 -8.623084117500618 -8.710781346377672 -8.690433296540185 -8.571210920027589 -8.290063921568796 -8.10836443428758 -8.030124749701187 -7.597657042591793 -7.517411212246776 -7.794832511439549 -8.122120862346726 -8.449122621002669 -8.904231115959409 -9.477415618423816 -9.913895617050462 -10.347509693164787 -10.728390795052384 -11.15025458886619 -11.493018921339903 -11.746939655931637 -11.950993338808965 -12.077953706104832 -12.071362084326491 -11.991116253981474 -11.955005630326216 -11.886796674532953 -11.680736845896998 -11.411053537487494 -11.062557359989135
0.05779517232283027 1.0155864759408546 1.649528535666489 -0.35432448494907876 -3.578200719060137 -5.840846542538385 -6.654195351535378 -6.846498752112187 -7.07319322283686 -7.319375966645323 -7.608260955887385 -7.836961572370683 -8.031271118706117 -8.218702451011978 -8.396389646775944 -8.509593586012665 -8.543984656160529 -8.407280152322768 -8.029264972947491 -7.735221323183251 -7.657268230848091 -7.62201738394653 -7.720605118370408 -8.153359417731036 -8.597577407140951 -9.028325560742953 -9.446177063039507 -9.81330173686796 -10.149474447563334 -10.449249942352218 -10.774245555249538 -11.14652888960017 -11.41305968324612 -11.699078749975858 -11.911157015887689 -11.992262622986402 -11.992262622986402 -11.957871552838538 -12.046715150720521 -12.179693955292263 -12.203194519893305 -12.131833049336485 -11.98137211743958
0.1320225653919711 0.4140293406044595 1.2119021680349142 -0.343720571653487 -3.8037488207798815 -6.159250533657363 -6.846498752112187 -6.925598213452275 -7.093827864925579 -7.419969846827827 -7.719745341616711 -7.9246588012477375 -8.09260186046981 -8.104352142770328 -8.222714742529229 -8.342796895795523 -8.371169528667512 -8.196348255415867 -7.866193981996368 -7.6005229651041155 -7.480440811837822 -7.699110699527993 -8.093748229474738 -8.544844432914225 -9.033197629013902 -9.44417091728088 -9.711848079931759 -9.964909037769795 -10.239177822199014 -10.534081248716952 -10.849619317323608 -11.132772461541023 -11.376949059590862 -11.594759170527336 -11.77731843456225 -11.91001064688276 -12.022354809365785 -12.120942543789662 -12.31840460488865 -12.506695713948208 -12.791855003924251 -12.948047780845803 -13.12200927734375
-0.44918652010693805 -0.8438240500536822 -0.5635368283485871 -1.3720135690746336 -4.464917144372575 -6.526375207485816 -7.14340832438875 -6.910122231885737 -7.045966958969801 -7.44633633394119 -7.7380872456955725 -7.920933101981719 -7.981404066991714 -8.023246535671614 -8.08772979219886 -8.19032981813999 -8.156225340243358 -7.971659930449818 -7.770472170084812 -7.591638605315916 -7.519417358005401 -7.881669963562906 -8.2803197850269 -8.715653414648619 -9.189390405935452 -9.53903295243874 -9.797825755301421 -9.971500659548134 -10.289044873913417 -10.575063940643156 -10.858217084860573 -11.154266880383439 -11.41191331424119 -11.617973142877144 -11.861289964173286 -12.050727442237772 -12.191444237592785 -12.227554861248041 -12.506695713948208 -12.61216166240166 -12.783257236387286 -12.669766704899333 -12.350502937026658
-1.6239281579077405 -2.535004924574916 -2.4882903876240667 -3.0477184620293283 -5.083956407034135 -6.960849060353836 -7.207891580915996 -6.975465265166679 -7.026192093634778 -7.387584922438588 -7.581034692020324 -7.733215177424625 -7.811454862011017 -7.9481593658487775 -8.007770554105075 -8.03413704121844 -8.000032563321806 -7.8163269302819645 -7.599663188350418 -7.549796136636015 -7.542917922606442 -7.895426391622053 -8.31241811716491 -8.755776329821128 -9.199994319231044 -9.549636865734332 -9.75884920913384 -9.945134172434773 -10.286178951401094 -10.540099685992828 -10.842741103294035 -11.138504306565668 -11.430541810571285 -11.793940785133719 -12.038117383183556 -12.251055425849083 -12.348496791268031 -12.39635769722381 -12.515580073736407 -12.336746508967511 -11.895394442069918 -11.572118382679992 -10.264684532558679
-3.195313471413913 -3.9023365552037594 -3.7899923927207357 -4.448294793801107 -6.043753856410785 -6.835894838816595 -7.083797136132452 -7.0410948906988535 -7.091821719166953 -7.2881374112610136 -7.42168940033522 -7.440317896665313 -7.630901743734729 -7.809448716252391 -7.926664947006363 -7.953031434119725 -7.92379902449404 -7.739233614700502 -7.490184948379716 -7.4374519741529905 -7.4678307527836045 -7.81833307604059 -8.279173416021973 -8.767526612121648 -9.212890970536492 -9.453915053822776 -9.661981028217355 -9.936536404897806 -10.289904650667115 -10.524337112175056 -10.866241667895075 -11.154266880383439 -11.470664725743791 -11.834063700306226 -12.100594493952176 -12.313532536617704 -12.25592749412003 -12.286019680499411 -12.029233023395358 -11.575270897443547 -10.903212068304029 -9.979525242582637 -8.671804800210092
-4.603341201717729 -4.77644292146198 -4.586718851146261 -5.34074306413819 -6.318309233091236 -6.976611634171608 -7.118188206280316 -7.075199368595486 -7.072333446083164 -7.254892710118077 -7.324248034916271 -7.221648008975142 -7.447196110694886 -7.645517948547571 -7.776204015109456 -7.901444828897929 -7.873072196025941 -7.682488348956525 -7.430573760123418 -7.393603359714463 -7.4500620332072085 -7.817186707035661 -8.319296331194481 -8.80163109001828 -9.13579765495503 -9.376821738241313 -9.509800542813055 -9.80957603760194 -10.179566633942716 -10.449249942352218 -10.802618188121526 -11.097521614639463 -11.399303255186974 -11.57326475168492 -11.83979554533087 -11.880778237257076 -11.794800561887415 -11.61997928863577 -11.175761299225854 -10.630662837382204 -9.761715131646163 -8.861242278274577 -8.090882306962415
-5.306638586241557 -5.335011219113545 -5.288010089911464 -5.813333686420093 -6.5418511890523545 -6.869999316713228 -7.019600471856438 -7.023326171122457 -7.024472540127386 -7.159170898206521 -7.27724690571419 -7.139682625122731 -7.264636846659972 -7.451208402212137 -7.640645880276623 -7.777350384114384 -7.761587810296613 -7.560400049931607 -7.406213418768681 -7.426561468606167 -7.552662059148337 -7.878804041050585 -8.311558340411212 -8.732275765220088 -9.06042389288096 -9.188530629181756 -9.303740714177101 -9.466811705128226 -9.804703969330994 -10.150334224317032 -10.515452752386857 -10.830131044239817 -11.012690308274731 -11.141656821329223 -11.180633367496803 -11.17662107597955 -10.947347274993788 -10.734409232328261 -10.248062181987212 -9.541898874951062 -8.63770032231346 -8.11237672580483 -7.333992171458165
-5.83769402777483 -5.657140909498542 -5.7439783616219 -6.047766147928035 -6.491124360584255 -6.7888937096145145 -6.874011608230479 -6.90410379460986 -6.989221693225824 -7.086949650896006 -7.157164752447896 -7.056570872265393 -7.121054128792638 -7.280112828226511 -7.44518996493626 -7.570144186473501 -7.569284409719804 -7.474422374561945 -7.381853077413943 -7.465824607024979 -7.49591679340436 -7.794832511439549 -8.244209161371645 -8.701037209835777 -8.940341739614666 -9.002818850383287 -9.06816188366423 -9.23323902037398 -9.37395581572899 -9.721592216473653 -10.119955445686417 -10.34550354740616 -10.446097427588665 -10.492238780037049 -10.490232634278424 -10.350662207928341 -10.12683365971599 -9.669719019000624 -8.986196499811818 -8.298661689105764 -7.213910018191872 -6.203958924849587 -4.710813295929806
-5.940294053715959 -5.73738673984356 -5.698123601424747 -6.023405806573298 -6.375914275588909 -6.593724386525384 -6.713806539791677 -6.81038812845693 -6.90410379460986 -6.955117215329192 -6.94050101051635 -6.953111069570567 -7.042814444206247 -7.158024529201592 -7.279253051472814 -7.438311750906688 -7.536039708576869 -7.511679367222132 -7.475568743566875 -7.5644123414488575 -7.525435795281277 -7.920933101981719 -8.247934860637663 -8.553728792702424 -8.74030034825459 -8.863248424033204 -9.007690918654234 -9.10341273056579 -9.02918533749665 -9.206012756506919 -9.507794397054429 -9.759708985887537 -9.819320174143837 -9.802697823572368 -9.667999465493232 -9.429554712468038 -9.114303236112615 -8.562326560239391 -7.865047612991439 -6.477367932525109 -4.5282540318948925 -2.2217595939781174 -0.854427963349274
-5.864060514888193 -5.691245387395174 -5.63077442238518 -5.980416968888468 -6.357285779258816 -6.602608746313582 -6.75192330920556 -6.7880339328608175 -6.814400419974181 -6.892640104560572 -6.808668574949536 -6.778289796318923 -6.794912146890391 -6.924738436698579 -7.139682625122731 -7.368096649354798 -7.54005200009412 -7.566418487207482 -7.55180228239464 -7.613133024158332 -7.562406195690231 -7.842693417395327 -8.084004092932842 -8.41014607483509 -8.57407684253991 -8.623943894254314 -8.69903106407715 -8.737147833491035 -8.756636106574824 -8.93948196286097 -8.916841175013626 -9.06042389288096 -9.01743505519613 -8.93546967134372 -8.737147833491035 -8.438518707707079 -7.929530869518684 -7.080071436866433 -5.818205754691041 -3.538077803887629 -1.7606326617455017 -0.082061846278485 0.7696903243836237
