static/data/ASCData/20210110/ASCU/21.asc
ncols 97
nrows 97
xllcorner 99.0
yllcorner 2.0
cellsize 0.25
NODATA_value -32767
[rows 19 to 37 of 97, columns 0 to 42 of 97]
-1.4465832016035218 -1.5568939777582835 -1.0823392031123036 -0.8800117646700301 -0.5608204346578609 -0.36832266933828883 -0.7443076662816228 -1.4689730126052307 -1.5088377980472982 -1.4837175222892833 -1.7100730505870492 -1.840043172987214 -1.7668667175182136 -1.6573750807903436 -1.6915058902441684 -1.8684400064527962 -2.3937814255660674 -2.6526294844638745 -2.2815593240818917 -1.7256366996979933 -1.7491186966022247 -2.131110716009432 -1.9260528128108525 -0.5832102456595698 0.8885102579893553 1.3300264090840326 0.7907596197136009 -0.5881250822209205 -1.2393409265998976 -1.5129334951817572 -1.6983320521349334 -1.4766183139228874 -0.9455429188213738 -1.3155208933008344 -3.134010421000619 -3.9523307084655226 -4.255139249939856 -4.3010110578457965 -3.911373737120933 -3.51764071926161 -3.1280033985367464 -2.818641741647278 -2.9259490065701037
-1.6611977314491722 -1.737377698150109 -1.4864479870455893 -1.1213848491274794 -0.25200487071965405 0.15319609911615384 -0.37432969180216213 -1.668023893339937 -1.777515530067807 -1.3127904285445284 -1.504196007961578 -1.799905341069516 -1.8381318476577997 -1.6243364572390413 -1.4697921520321224 -1.7559448584929898 -2.706146593687472 -3.0714827780812124 -2.88799554645745 -2.4298235603493064 -2.2228543318213125 -2.23541446970032 -1.9932222458159796 -0.994418237959251 0.26842171183226604 0.7626358327236495 0.5644040914158346 -0.3273656979936992 -0.9024015756717394 -1.0998141775526618 -1.0607685315374864 -0.9531882201390305 -1.846869334877979 -3.1241807478779178 -4.717953026133721 -5.046974029268592 -5.100764184967819 -4.64969140722607 -4.263876737160035 -3.8458425829695893 -3.5225555558229606 -3.340979649528613 -3.2219313861536722
-1.7657745316156912 -1.6925980761466908 -1.2813900838470098 -1.420097693467354 -0.7336588537320297 -0.1818319264825905 -0.5900364075503348 -1.7043390745988065 -2.04810458741773 -1.3897895346723574 -1.5315006555246378 -2.152408341108618 -1.895744654015856 -1.533411980854052 -1.249170599722599 -1.437572667907712 -2.5002695510620008 -3.1681412304544443 -2.6466224620000016 -2.429004420922414 -2.24442500339613 -2.1455821792178535 -1.876085307770453 -1.081247017209781 -0.14770111702876543 0.13763245000520952 0.026229487947925456 -0.4092796406828789 -0.625259402906682 -0.8606254649002576 -1.091076690332483 -1.7990862016426241 -3.04308594461563 -4.473849476919965 -5.529447151707858 -5.5930669805297875 -5.298995926275634 -4.817614989738889 -4.387020697669435 -4.079297319633751 -3.7950559385022977 -3.6582596542113683 -3.5960050577675915
-1.5508869552944102 -1.3313575888874092 -1.19947614115783 -1.2999572441898906 -1.0020635392769077 -0.607511381990693 -0.9864998901659634 -1.7062503999282208 -1.9268719522377442 -1.3223470551915995 -1.6115032728844032 -2.0939763953236703 -1.744203860040874 -1.366307537768126 -1.0247263967542475 -1.367399723670648 -2.242240631591085 -2.803897231963226 -2.282378463508783 -2.3419025951962533 -2.2638113031659026 -2.084146722200969 -1.8711704712091022 -1.2043909777191812 -0.2678415663062288 0.09066845619674657 -0.3273656979936992 -0.6290820535655106 -0.5176790915082261 -0.7481303169404514 -1.2472592743931852 -2.4729649034989407 -3.9728091941378176 -5.03741740262152 -5.669246947230725 -5.682899271012255 -5.317563086618514 -4.849834473863299 -4.628120735651253 -4.3575316783013305 -4.133087475332979 -4.008851328921057 -3.6836529764450137
-1.1301223363476582 -0.9064972728061984 -0.9690249157256052 -1.0099818870701949 -0.7120881821572125 -0.6408230520176263 -1.0206306996197885 -1.6065884363230525 -1.6956015873786274 -1.255996761613364 -1.5323197949515297 -1.904482141236035 -1.370403234902585 -0.9925069126298367 -1.4397570397127568 -1.78352255253168 -2.072405723748853 -2.513921874843531 -2.1671528507926707 -2.3536435936483695 -2.3039491350836006 -2.1212810428867304 -1.9083047918948635 -1.1839124920468862 -0.24517870882888904 0.21954639269438925 -0.2394447328406466 -0.5471681108763309 -0.4895553045182748 -0.9004902503423251 -1.9563609716058488 -3.183704879565388 -4.205171744899457 -5.271691278712574 -5.669246947230725 -5.6067193043113175 -5.235649143929335 -4.97379757379959 -4.8146114785069525 -4.64969140722607 -4.42606634368461 -4.2335685783650385 -3.907278039986474
-0.7757080109791419 -0.7120881821572125 -0.8049239838716158 -0.7590521759656754 -0.842877443984269 -0.7707931744177907 -0.7628748266245036 -1.46405817604388 -1.595939623773459 -1.3780485362202417 -1.3927930459042939 -1.4542285029211786 -0.9777624029457845 -1.2415252984049423 -1.6906867508172767 -2.0489237268446217 -2.213024658698611 -2.670104458904233 -2.3664767780030074 -2.3645654526735935 -2.2141168446011337 -2.0461932620883156 -1.6202407601045823 -0.8947562743540827 -0.3000610504306396 0.16684842289768387 0.008481467031936862 -0.18073974058006792 -0.5567247375234019 -1.5167561458405856 -2.5840948190805944 -3.6145722181104722 -4.636858222871433 -5.205340985134338 -5.551836962709567 -5.427873862773276 -5.211074961122581 -5.1272496931039875 -5.1272496931039875 -4.9991908960332365 -4.833178638849833 -4.640680873530261 -3.4854212351371996
-0.6036887313318648 -0.8215798188850822 -0.7833533122967986 -0.896667599683497 -1.1661644711308972 -1.2794787585175955 -1.1710793076922479 -1.175994144253599 -1.420097693467354 -1.6702082651449819 -1.0391978599626692 -0.9504577553827245 -0.7871759629556268 -1.128211011018244 -1.638807920447463 -1.9719246207167929 -2.438561047569485 -3.0665679415198617 -2.6477146479025238 -2.2698183256297755 -2.0451010761857935 -1.6751231017063326 -1.2385217871730059 -0.8587141395708437 -0.38306717902234144 -0.032475504312653225 0.02513730204540332 0.1990679070220942 -0.8174841217506232 -1.8438658236460423 -3.0196039477113987 -4.054996183302627 -4.738431511806015 -5.214897611781409 -5.346779059510988 -5.300088112178155 -5.328211899168108 -5.376268078879093 -5.630201301215549 -5.869390013867953 -5.444529697786742 -3.7639286402804095 -2.2793749522768465
-0.5635508994141669 -0.7784384757354479 -0.6673085601537943 -1.008070561740781 -1.7805190412997436 -1.9143118143587368 -1.2442557631612483 -0.833320817337198 -1.3613927012067752 -1.7130765618189858 -0.5998660806730363 -0.5403419489855659 -0.5870328963183984 -0.7268326918412646 -1.202206605914136 -1.7168992124778142 -2.3115944364012573 -2.779596095632103 -2.3459982923307123 -2.0694022125169163 -1.9200457903469792 -1.4397570397127568 -0.9895034013979003 -0.735570179061444 -0.681780023362216 -0.5949512441116855 0.026229487947925456 0.6610625437890665 -0.6866948599235667 -2.1709755014514993 -3.464123610038013 -4.395758184889615 -4.9249222546617135 -5.112505183419935 -5.150458643532588 -5.297084600946219 -5.5851486327365 -6.101752564629592 -6.964033334671022 -6.707096601102629 -4.919188278673471 -2.927041192472626 -1.4610546648119436
-1.0869809931980239 -0.6192523804428087 -0.6086035678932156 -0.8390547933254404 -1.5872021365532798 -2.0803240715421403 -1.6887754254878624 -1.0929880156618967 -1.5997622744322875 -1.5910247872121084 -0.4016343393652222 -0.7443076662816228 -0.8254024695439104 -0.5597282487553383 -0.38197499311981886 -0.6192523804428087 -1.0501197189878928 -1.0061592364113667 -1.1536043332518897 -1.9006594905772067 -1.6710274045718736 -1.129030150445136 -0.7109959962546899 -0.3292770233231135 -0.14578979169935158 -0.2746677281969938 0.030052138606754042 0.5993540402965518 -0.3019723757600534 -2.1398482032296107 -3.8098004481863503 -4.5959012515268425 -4.836182150081769 -4.994276059471886 -5.180766802327584 -5.540095964257452 -6.256023823360881 -7.326366007832826 -7.759963811134216 -6.159365370987649 -4.130083964101042 -2.5051843876233515 -1.151419961446845
-1.3477403774252452 -0.9133234346969634 -0.822398958311974 -1.209032767804901 -1.5618088143196343 -1.7130765618189858 -1.4738878491665814 -1.0607685315374864 -1.750210882504747 -1.8722626571116245 -0.8117501457623808 -0.9854077042634413 -0.5793875950007417 -0.09500314723206005 -0.13213746791782155 -0.611607079125152 -0.7443076662816228 -0.22879592029105345 -0.07343247565724287 -1.57819160285747 -1.744203860040874 -1.685771914255926 -1.403441858453887 -0.6916096964849174 0.14527775132286624 0.9078965577591278 1.1883152882317516 0.8524681232061164 -0.212140085277587 -2.1758903380128496 -3.753006781255186 -4.44845615468632 -4.648599221323549 -4.817614989738889 -5.157284805423353 -5.91335049644448 -6.645661144085745 -7.683783844433279 -7.388893650752233 -4.738431511806015 -2.6905829445765277 -1.8009975269720384 -0.9709362410550195
-1.7949905045081653 -1.4121793456740663 -0.9591952426029038 -1.141863334799774 -1.5459721187330595 -1.7581292302980345 -1.6134145982138173 -1.4454910157009992 -2.101621696641327 -2.003051918938681 -1.0198115601928968 -0.6094227073201073 0.1395437753346238 0.7831143183959437 0.49013545004431247 -0.6779573727033874 -1.0714173440870796 -0.298968864528117 -0.23835254693812402 -1.6975129127080417 -2.2979421126197273 -2.4025189127862463 -2.406341563445075 -1.7395620699551537 -0.4016343393652222 0.7410651611488319 2.436410728339217 2.36023076163828 0.8240712897405338 -2.149677876352312 -3.5616012018381364 -3.8624984179830557 -4.075474668974922 -4.592897740294906 -5.038236542048412 -5.973693767558842 -6.486475048793105 -6.696447788553035 -5.4562706962388585 -2.980558301696223 -1.562627953746526 -1.0266377220836618 -0.829225120202739
-1.3253505664235363 -1.1721714935947705 -1.2374296012704833 -1.2229581380620616 -1.5304084696221154 -1.7717815540795643 -1.7081617252576349 -1.7786077159703293 -2.5431378477360047 -2.251251165286895 -1.4894514982775258 -1.2529932503814276 -0.27357554229447123 0.40521799612319587 0.034966975168104764 -1.0782435059778446 -1.1077325253459493 -0.7063542061689696 -1.417094182235417 -2.398696262127418 -2.602661979423475 -2.4961738539275418 -2.5237515479662322 -2.4767875541577693 -1.410268020344652 0.06336380863368696 2.2624801233625256 4.005608823788266 2.8923983426423163 -0.5040267677266965 -3.1222694225485035 -3.3860323180076617 -3.591909360633133 -4.146739799114508 -4.803962665957359 -5.508968666035564 -5.723856242356844 -4.900621118330591 -3.718056832374469 -2.703416128931166 -1.3340880536437152 -0.8576219536683212 -0.47863344549305076
-0.8458809552162054 -0.6165219156865027 -1.356750911121055 -1.3332689142168235 -1.2647342488335434 -1.5088377980472982 -2.015885103293319 -2.151589201681727 -2.714064941480759 -2.4513942319241235 -1.6702082651449819 -1.7764233441652846 -1.054761509073613 -0.7492225028429735 -1.115377826663606 -1.4561398282505928 -1.6183294347751682 -1.8586103333300947 -2.59583581753271 -2.9065627068003312 -2.4825215301460117 -2.3536435936483695 -1.9757472713756212 -1.9268719522377442 -2.2725487903860815 -1.242344437831834 0.9237332533457021 3.639453499967633 3.7049846541189764 1.4567199737766305 -1.309786917312592 -2.7023239430286434 -2.913388868691096 -3.656348328881954 -4.430981180245961 -4.7335166752446645 -4.646687895994134 -3.510814557370845 -2.394600564992959 -1.6710274045718736 -1.9132196284562142 -1.4435796903715854 -1.9113083031268001
-0.6787765121302791 -0.22879592029105345 -0.997148702715557 -1.1809089808149498 -1.1115551760047775 -1.5295893301952237 -2.0382749142950285 -2.127015018874973 -2.4445680700333585 -2.0117894061588606 -1.8703513317822102 -2.0666717477606102 -2.1008025572144353 -1.7941713650812734 -1.9162231396881508 -2.259988652507074 -2.6436189507680647 -2.976735651037395 -3.0286144814072085 -2.604573304752889 -2.156504038243077 -2.115547066898488 -1.7395620699551537 -1.6213329460071046 -1.9659175982529198 -2.743280914373233 -1.3067834060806556 1.3171932247293947 3.0368399282509024 1.950114955241121 0.47730226568967415 -0.926975758478493 -2.0928842094211477 -2.837208901990159 -3.62713235598948 -3.922022549670526 -3.5949128718650694 -2.593924492203296 -1.6565559413634519 -1.8517841714393297 -2.0969799065556067 -2.880077198664163 -3.3527206479807288
-0.9679327298230831 -0.32627351209117705 -0.06960982499841428 -0.34402153300716565 -0.7871759629556268 -1.205210117146073 -2.0431897508563788 -2.1731598732565436 -1.9465312984831473 -1.2344260900385469 -1.7960826904106877 -2.1739790126834357 -2.287293300070134 -2.2755523016180184 -2.397604076224896 -2.821372206403584 -3.141655722318276 -3.300841817610915 -2.94260484158357 -2.3956927508954813 -2.028445241172327 -2.058753399967323 -2.070494398419439 -1.9522652744713898 -2.070494398419439 -2.949431003474335 -3.1749673923452093 -1.4258316694555964 0.7528061596009481 2.247735613678474 0.9939061975827661 -0.03329464373954494 -1.2013874664872444 -1.9181344650175651 -2.6105803272167623 -3.054826943067746 -2.815638230415342 -2.0939763953236703 -1.7695971822745196 -2.050015912747144 -2.9065627068003312 -3.6904791383357787 -4.498150613251089
-1.5432416539767535 -0.7071733455958613 0.5155287722779578 0.9559527374701124 0.19524525636326606 -0.8098388204329665 -1.562627953746526 -2.1387560173270885 -1.741473395284568 -0.9854077042634413 -1.4337500172488835 -1.7786077159703293 -1.9309676493722032 -1.961002761691569 -2.213024658698611 -2.6037541653259977 -3.0264301096021637 -3.1525775813435 -3.054826943067746 -2.815638230415342 -2.48170239071912 -2.1641493395607343 -2.3263389460853094 -2.544230033638527 -2.6553599492201805 -2.976735651037395 -3.61348003220795 -3.2522395449486683 -1.8938333286864417 0.5682267420746632 1.7420535408106055 0.7448878118076605 -0.4972006058359315 -1.4337500172488835 -1.723725374368579 -2.1504970157792043 -2.219850820589376 -1.8987481652477927 -1.8908298174545053 -2.803897231963226 -3.703312322690417 -4.573511440525134 -5.385824705526163
-1.4659695013732943 -1.0198115601928968 0.5368263973771441 1.0624408629660458 0.47347961503084557 -0.634816029553753 -1.5364154920859887 -1.9776585967050355 -1.6194216206776906 -1.1260266392131992 -1.2355182759410694 -1.6358044092155264 -1.4474023410304135 -1.595939623773459 -1.9552687857033264 -2.2725487903860815 -2.7091501049194084 -3.244321197155381 -3.461120098806076 -3.2970191669520865 -3.1643185797956157 -2.8516803651985807 -2.7091501049194084 -2.9641755131583873 -3.3235046750882544 -3.4876056069422443 -3.5676082243020093 -3.9034553893276454 -3.1711447416863807 -1.9563609716058488 0.20207141825403108 1.1970527754519313 0.24794322615997144 -0.9318905950398437 -1.2980459188604763 -1.3829633727815924 -1.4561398282505928 -1.57354981277175 -2.342994781098776 -3.3360648129672623 -4.332138356067685 -5.1925078007797 -5.734505054906437
-1.5618088143196343 -1.5872021365532798 -0.1359601185766497 0.5349150720477303 0.24384752902551243 -0.4865517932863379 -1.2843935950789462 -1.8586103333300947 -1.6964207268055191 -0.926975758478493 -1.5705463015398133 -1.5050151473884696 -1.526585818963287 -1.562627953746526 -1.8097350141922175 -2.2111133333691972 -2.5275741986250604 -2.976735651037395 -3.5869945240717818 -3.7805844752938764 -3.779492289391354 -3.5293817177137257 -3.2863703544024934 -3.3936776193253184 -3.718056832374469 -3.807889122856936 -3.662355351345827 -3.6544370035525398 -3.230668873373851 -3.0821315906308056 -1.6535524301315152 0.16002226100691885 0.7907596197136009 0.11988442908922092 -0.7139995074866263 -1.3223470551915995 -1.2688299459680024 -1.5050151473884696 -2.245244142823022 -3.3087601654042023 -4.44845615468632 -5.297903740373111 -5.7014664313551355
-1.1202926632249568 -0.7765271504060336 -0.577203223195697 0.1354480782001648 0.6853636801201901 0.5485673958292603 -0.6787765121302791 -2.0647604224311964 -1.2256886028183676 -0.8038317979690932 -2.3623810808685484 -1.6125954587869256 -0.9600143820297955 -1.047935347182848 -1.8946524681133337 -2.693586455808464 -2.886903360554928 -3.094964774985444 -3.665085816102133 -4.064552809949698 -4.392754673657677 -4.337053192629035 -4.013766165482407 -3.8272754226267085 -4.0061208641647506 -4.321489543518092 -4.435622970331681 -3.7082271592517677 -3.06574880209297 -3.105613587535037 -2.5363116858452397 -1.206302303048595 0.28999238340708366 0.9499457150062396 0.6569668466546075 -0.28832005197852384 -0.4835482820544015 -1.4083566950152382 -2.1758903380128496 -2.90164787023898 -4.026599349837046 -5.072367351502237 -5.572315448381863
