static/data/ASCData/20210121/ASCV/00.asc
ncols 97
nrows 97
xllcorner 99.0
yllcorner 2.0
cellsize 0.25
NODATA_value -32767
[rows 76 to 94 of 97, columns 0 to 42 of 97]
-0.9903005207899938 -1.1740268375884007 -1.1993985670510379 -0.93868217464187 -0.9249756081505602 -0.45720257300033057 -0.18365450132270256 0.12693046278889009 0.794761042897385 0.8828330233309072 1.3476897677383048 1.4287626503890305 1.083765455512022 0.632615277595934 0.4862174823057748 0.36810770722108455 0.22637597711945645 -0.024425026764083202 -0.3283025221671625 -0.4755752046801713 -0.4160828735264014 -0.2921405169560475 -0.03229901176972916 0.07327071312078404 -0.2813502412075697 -1.0098396687669673 -1.8681040343823825 -2.398577320503497 -2.5079382233596914 -2.488399075382718 -2.506771707062559 -2.8019003302371424 -3.109569003605903 -3.476730008128434 -3.940420236238699 -4.434731517148698 -4.974828562721158 -5.442601597871388 -5.639742852086822 -5.941578943969918 -6.39856170337167 -6.626032381312555 -6.763681304374218
-0.8771484399681178 -1.098786536423339 -1.2343940559650202 -0.9961331022756575 -0.995258215052808 -1.3350060865927191 -1.0821636791891973 -0.15828277186006534 0.7431426967492611 0.8691264568395973 1.410973276857756 1.7451801959862867 1.613072225336004 1.1444243029629244 0.6151175331389427 0.4862174823057748 0.2908260025360405 0.028359835681173395 -0.37496317405247226 -0.6613429249985605 -0.6251809197874454 -0.44932858799468456 -0.20990111800818922 -0.5470243278795517 -0.9112690416592505 -1.2160214242851795 -1.9795063407585591 -2.5986348654617624 -2.691372911083815 -2.675916570146806 -2.783236069483019 -3.071365594874806 -3.4160711606775314 -3.7843986814971946 -4.180722593448044 -4.606501041901495 -5.015656633120805 -5.276373025529972 -5.428895031380078 -5.715858040474733 -6.172840799876485 -6.4708857137939 -6.607368120558431
-1.0929539549376752 -1.4111212749806306 -1.4913192704085065 -1.2160214242851795 -1.5254398720996392 -1.8651877436395505 -1.3320897958498872 -0.28222512843041925 0.632615277595934 0.9452416452275088 1.318235231235703 1.664982200558411 1.6308615988672783 1.4725070115315084 0.9432002417075265 0.5077980338027306 0.3016162782845182 0.0887270540577928 -0.27843395046473784 -0.6788406694555515 -0.8955210716479585 -0.7441655820949852 -1.0422104960124008 -1.3778755605123474 -1.626926789950188 -1.8398160141769133 -2.335002182309762 -2.9474232383044523 -3.079239579880452 -3.1241504573200625 -3.2472179266675667 -3.4023645941862215 -3.747070159988947 -4.110439986545796 -4.531260740736434 -4.780311970174274 -5.0273217960921315 -5.236419842353175 -5.413147061368786 -5.670947163035122 -5.814428667582449 -6.112473581499865 -6.171965912653635
-1.5146495963511615 -1.9757151627928777 -1.9716323557529132 -1.993212907249869 -2.3720390747437268 -1.8847268916165238 -1.1562374640571265 -0.4560360567031978 0.27536966159903153 1.0047339763812786 1.2263720728364995 1.2021668596709953 1.2811983388017385 1.2217060076479687 1.1336340272144465 0.6474883603843764 0.24008254361076609 0.0633553245951557 -0.18744567928838396 -0.6476363585072508 -1.0089647815441176 -1.4219115507291085 -1.7462030813320109 -2.075160677123444 -2.269677269670329 -2.5470165193136385 -2.9940838901897617 -3.505018028333903 -3.651415823624062 -3.718782139783478 -3.7873149722400266 -3.905424747324717 -4.054738833357708 -4.392736930451919 -4.651411919341106 -4.821431669648202 -4.961121996229848 -5.294162399061246 -5.558669969436096 -5.679696035263618 -5.7391883664173875 -5.617287413367016 -5.649366611538166
-2.0801183713862583 -2.586094815267585 -2.906303538830523 -3.0888633393317972 -3.074281885617638 -2.218933810745055 -0.8456524999455337 -0.22564908801948125 0.10622479851478395 0.6883164307840224 0.6961904157896683 0.6492381348300755 0.632615277595934 0.862127359056801 1.0038590891584291 0.8994558805650488 0.4051445996550491 -0.10345650589482647 -0.3262611186471802 -0.7374581133864719 -1.1562374640571265 -1.6913768153667719 -2.1387358153171787 -2.5079382233596914 -2.920884992544682 -3.282213415581549 -3.6210863998986107 -4.085068257083159 -4.217759485882008 -4.2276748744076365 -4.236423746636133 -4.2696694611044155 -4.387779236189106 -4.5429259037077605 -4.717903348277671 -4.749107659225972 -4.8937556800704325 -5.292120995541264 -5.7412297699373696 -5.8135537803596 -5.592790571127228 -5.365319893186344 -5.202299240662043
-2.6310056927071956 -3.058533915606346 -3.4542745694086285 -3.654332114366894 -3.368243992495089 -2.209893309442276 -0.8126984145515338 -0.16790653131141053 0.007654171407067256 -0.3358848780985254 -0.10549790941480874 0.21091963618244747 0.4588043493231553 0.5077980338027306 0.777263298440394 1.0674342273521635 0.7265198395151196 -0.016551041758437135 -0.6222646290446137 -0.940431949087569 -1.2921366126730909 -1.6251770155044887 -2.0381237846894793 -2.5928022839760985 -3.1953079514451597 -3.652290710846912 -3.941586752535832 -4.286292318338557 -4.578213021696026 -4.702155378266379 -4.723735929763335 -4.724610816986186 -4.724610816986186 -4.78731106795707 -4.949165204184238 -5.001950066629495 -4.964038286972681 -5.054734929074751 -5.568293728887441 -5.720815734737547 -5.448434179357052 -5.003991470149477 -4.703321894563512
-2.965795869984293 -3.2413853451819032 -3.5548866000363275 -3.6406255478755845 -3.180726497731001 -1.9582174183358867 -0.6738829751927374 -0.2431468324764724 -0.3370513943956581 -0.4102502920407377 -0.12299565387179989 -0.0810010671750212 -0.08508387421498576 0.08697727961209367 0.343610864981297 0.5868295129334737 0.7244784359951373 0.2674956765933856 -1.113367990137498 -1.5079421276426481 -1.719664835572241 -2.0089608772611607 -2.4326979221946297 -2.9561721105329477 -3.5254320635337257 -4.0127442466609295 -4.253921491093124 -4.253046603870274 -4.370281491732115 -4.636830465626947 -4.836888010585211 -4.8925891637733 -4.8418457048480255 -4.849719689853671 -5.065525204823229 -5.305827562032574 -5.406439592660273 -5.2247546793818485 -5.34665563243222 -5.270540444044308 -5.004866357372326 -4.630997884141282 -4.381071767480592
-3.243135119627602 -3.2559667988960626 -3.3457885537752836 -3.354537426003779 -2.670958875883992 -1.4394092951860995 -0.5263186636054455 -0.4198740514920828 -0.5919352053191623 -0.29680658214457856 -0.11337189442045481 -0.3029307927045254 -0.497155756177127 -0.4709091394916403 -0.29505680769887943 -0.006927282307092053 0.40631111595218194 0.27332825807904926 -1.6534650357099578 -2.1524423818084886 -2.2822173198645057 -2.545850003016506 -2.935758075333125 -3.4385265993973366 -3.987372517198292 -4.481392169034008 -4.686699037329371 -4.720819639020504 -4.703321894563512 -4.966954577715512 -5.180718689165087 -5.244293827358821 -5.245168714581672 -5.341989567243689 -5.5079265105108215 -5.641784255606804 -5.783224356634149 -5.594831974647211 -5.406439592660273 -5.216005807153353 -4.825222847613884 -4.450187858085707 -4.222717180144823
-3.5849243946874956 -3.4248200329060268 -3.387783140472062 -3.162062236976877 -2.392744739017833 -1.2851375148902944 -0.5216525984169146 -0.42891455279486157 -0.4679928487488084 -0.05096327252385302 0.15142730502867763 -0.091791342923499 -0.541191746393888 -0.6327632757188083 -0.4921980619143128 -0.0987904407062955 0.15317707947437675 -0.1865707920655344 -2.426865340708966 -2.852643789162417 -2.9640460955385937 -3.2227210844277794 -3.623127803418593 -4.094692016534504 -4.618166204872822 -5.008949164412291 -5.196466659176379 -5.232628664387494 -5.087980643543034 -5.3125350307410875 -5.534173127196308 -5.670072275812273 -5.811512376839618 -5.8887940815246616 -5.797805810348308 -5.861380948542043 -5.973658142141069 -5.777391775148485 -5.576167713893087 -5.396524204134645 -4.980661144206822 -4.530385853513583 -4.286292318338557
-3.739196174983301 -3.6406255478755845 -3.4921863490654426 -3.2393439416619207 -2.3819544632693552 -1.284262627667445 -0.6289720977531269 -0.4668263324516757 -0.3428839758813218 0.021360737898377002 0.1453030944687308 -0.06350332271803005 -0.5849361075363658 -0.7441655820949852 -0.5948514960619942 -0.49803064339997655 -0.4347471342805253 -0.9013536531336221 -3.1993907584851247 -3.5204743692709117 -3.510850609819567 -3.762818130000239 -4.143685701014079 -4.610292219867176 -5.01069893885799 -5.376985056157671 -5.570335132407423 -5.598623152612892 -5.470889618076857 -5.439393678054273 -5.589874280384397 -5.790223454416945 -5.9386626532270865 -6.027317891809175 -5.995238693638025 -5.994072177340891 -6.1142233559455645 -5.939537540449936 -5.626911172818361 -5.411105657848804 -5.144556683953972 -4.705071669009211 -4.360366103206486
-3.486353767579779 -3.703325798846469 -3.5860909109846286 -3.3516211352609475 -2.5175619828110367 -1.848564886405409 -1.201148341496737 -0.6044752555133392 -0.4160828735264014 -0.22069139375666702 -0.21310903782530422 -0.22477420079663168 -0.4023763070350917 -0.5653969595593924 -0.6867146544611976 -0.6202232255246314 -0.959096209841693 -1.5624767645336037 -3.940420236238699 -4.070486803369 -4.014785650180912 -4.234382343116151 -4.606501041901495 -4.917086006013087 -5.315451321483919 -5.536214530716291 -5.712066862509051 -5.705067764726255 -5.602705959652857 -5.475555683265388 -5.447267663059919 -5.639742852086822 -5.819386361845264 -5.91329092376445 -6.035191876814821 -6.058813831831759 -6.203170223601936 -5.791973228862644 -5.626036285595512 -5.317492725003901 -5.048902347589087 -4.77447938868861 -4.435606404371548
-2.8019003302371424 -3.319541937089797 -3.5499289057735135 -3.337039681546788 -3.0098318602010536 -2.3420012800925587 -1.8788943101308602 -1.2023148577938696 -0.5187363076740827 -0.39654372554942796 -0.5429415208395871 -0.4189991642692333 -0.4668263324516757 -0.20523505281965826 -0.3262611186471802 -0.6651341029642419 -1.007798265246985 -2.057662932666453 -4.584920490404539 -4.6027098639358135 -4.452229261605689 -4.67386735806091 -4.804808812414061 -5.114227260228521 -5.354529617437866 -5.53708941793914 -5.653449418578131 -5.6035808468757065 -5.495094831242361 -5.329157887975229 -5.316617837781052 -5.382817637643335 -5.5636276636989095 -5.638867964863972 -5.761935434211476 -5.874212627810502 -5.818511474622414 -4.7362759799575125 -5.430644805825778 -5.10956119503999 -4.913294828047406 -4.638871869146929 -4.492182444782486
-1.9345954633189486 -2.6689174723640097 -3.0809893543261513 -3.189475369959496 -2.923801283287514 -2.752031758534718 -2.3583325082524174 -1.62896819347017 -0.4709091394916403 -0.26385249675057854 -0.7091700931810029 -0.7403744041293038 -0.5099874354455871 -0.20902623078533966 -0.2431468324764724 -0.597767786804826 -1.1066605214289849 -2.2833838361616383 -5.084189465577353 -5.075148964274574 -4.90629573026461 -4.925834878241583 -5.01069893885799 -5.118310067268485 -5.342864454466539 -5.413147061368786 -5.521633077002131 -5.40527307636314 -5.336156985758025 -5.187717786947884 -5.225629566604698 -5.25975016829583 -5.363278489666361 -5.44551788861422 -5.396524204134645 -5.62399488207553 -5.048027460366238 -2.93167526829316 -4.440564098634362 -5.196466659176379 -4.936625153990061 -4.575296730953194 -4.466810715319848
-1.1769431283312326 -1.8605216784510197 -2.3271281973041162 -2.5548905043192844 -2.6368382741928595 -2.580262233781921 -2.4484458922059216 -1.7345379183606835 -0.5021134504399412 -0.23439796024797677 -0.7042123989181888 -0.7295841283808259 -0.525443776382596 -0.11133049090047253 -0.12707846091176456 -0.6493861329529499 -1.1845254842625954 -2.570346845256293 -5.505885106990839 -5.485471071791016 -5.270540444044308 -5.198216433622078 -5.141640393211141 -5.2189220978961846 -5.315451321483919 -5.34665563243222 -5.348697035952202 -5.1748861076794235 -5.190634077690715 -5.091771821508716 -5.143681796731123 -5.22767097012468 -5.324200193712414 -5.3624036024435116 -5.309618739998255 -5.479638490305352 -4.8517610933736535 -2.893763488636346 -4.370281491732115 -5.177802398422255 -4.8301805418766985 -4.452229261605689 -4.3495758274580085
-0.24023054173364056 -0.9337244803790558 -1.3399637808555334 -1.920888896827639 -2.2355566679791963 -2.3037978713614615 -2.139610702540028 -1.6905019281439224 -0.7774112965632684 -0.45136999151466684 -0.4434960065090208 -0.4277480364977288 -0.14661760888873798 0.1942967789483061 0.09076845757777507 -0.4709091394916403 -1.2685146576561528 -2.72753491629493 -5.734522301228856 -5.671822050257972 -5.443476485094237 -5.29999498054691 -5.175760994902273 -5.151555781736769 -5.198216433622078 -5.171969816936592 -5.166137235450928 -5.074274077051724 -5.070482899086043 -5.025572021646433 -5.133766408205495 -5.2626664590386625 -5.311660143518237 -5.301744754992609 -5.276373025529972 -5.14251528043399 -5.098770919291512 -4.332078083001017 -4.975703449944008 -5.064650317600379 -4.741233674220327 -4.418108659914557 -4.234382343116151
0.8250904666228365 0.2908260025360405 -0.3175122464186847 -1.1279494438516573 -1.8937673929193026 -2.3067141621042935 -2.2355566679791963 -1.9894217292841876 -1.4863615761456925 -0.8809396179337992 -0.4277480364977288 -0.5548983128851978 -0.2743511434247732 0.0537315651438105 -0.22185791005379984 -0.8955210716479585 -1.477612703917197 -2.70916228461509 -5.660156887286644 -5.672988566555104 -5.433561096568609 -5.3682361839291755 -5.292120995541264 -5.252167812364467 -5.243127311061689 -5.127933826719831 -4.998158888663813 -4.9835774349496536 -4.984452322172503 -5.1191849544913355 -5.133766408205495 -5.226504453827547 -5.297953577026928 -5.321283902969583 -5.3624036024435116 -5.2227132758618655 -5.006907760892308 -4.763689112940131 -4.908337133784592 -5.003116582926627 -4.831055429099548 -4.525428159250769 -4.278418333332911
0.583913222190642 0.6238664053674383 0.5710815429221818 -0.2921405169560475 -1.345796362341197 -2.0031282957754972 -2.374955365486559 -2.2833838361616383 -2.2422641366877096 -1.6651301986812852 -0.7228766596723126 -0.6193483383017817 -0.6318883884959587 -0.7491232763577993 -1.0194634282183124 -1.3370474901127014 -1.724622529835055 -2.3370435858297447 -5.057651219817583 -5.824344056108078 -5.646450320795335 -5.471764505299706 -5.4580579388083965 -5.419854530077299 -5.2862884140556 -5.183634979907919 -5.059692623337566 -5.09585462854868 -4.95120660770422 -5.01069893885799 -5.098770919291512 -5.243127311061689 -5.320409015746733 -5.290079592021282 -5.252167812364467 -5.275498138307123 -4.995242597920981 -4.801892521671229 -4.899588261556096 -5.033154377577795 -4.993201194400999 -4.780311970174274 -4.59687728245015
0.031276126424005235 0.43751542690048284 0.5077980338027306 0.4658034471059518 -0.5636471851136933 -1.683794459435409 -2.233515264459214 -2.631880579930045 -2.7529066457575673 -2.2218501014878864 -0.9658036785502062 -0.7902429758317285 -0.9063113473964364 -1.201148341496737 -1.6210942084645241 -1.8605216784510197 -1.9071823303363291 -2.1279455395687004 -3.3944906091805755 -5.2227132758618655 -5.728689719743193 -5.782349469411299 -5.804804908131104 -5.803930020908255 -5.644700546349635 -5.3524882139178835 -5.1212263580113175 -5.020614327383618 -4.964038286972681 -4.948290316961389 -5.110436082262839 -5.219796985119034 -5.283372123312769 -5.290954479244132 -5.308743852775406 -5.2725818475642905 -5.088855530765883 -4.938666557510043 -4.940416331955742 -5.054734929074751 -5.049777234811937 -4.943332622698574 -4.7482327720031225
-0.2626859804534458 0.17388274374848312 0.32815452404428824 0.27916083956471294 -0.15740788463721578 -1.258016010981958 -2.1299869430886833 -2.465943636662913 -2.8048166209799743 -2.5079382233596914 -1.4531158616774094 -1.3154669386157458 -1.5303975663624536 -2.0605792234092846 -2.452237070171603 -2.2988401770986475 -2.2638446881846654 -1.944510851844577 -2.3790381725265233 -3.754944144994593 -5.757852627171512 -6.000196387900838 -6.019735535877812 -6.00486245308937 -5.821427765365246 -5.495094831242361 -5.290954479244132 -5.020614327383618 -4.999033775886662 -4.954122898447052 -5.108394678742857 -5.231462148090362 -5.290954479244132 -5.279289316272804 -5.281330719792786 -5.329157887975229 -5.243127311061689 -5.130850117462662 -5.110436082262839 -5.164095831930946 -5.085064352800202 -4.97774485346399 -4.77447938868861
