static/data/ASCData/20210121/ASCV/06.asc
ncols 97
nrows 97
xllcorner 99.0
yllcorner 2.0
cellsize 0.25
NODATA_value -32767
[rows 57 to 75 of 97, columns 0 to 42 of 97]
-0.44033899907253904 -0.3456168624200129 -0.022411616589667893 -0.4666675162890559 -2.103574983233191 -3.6327473682338773 -4.003767622342494 -4.005886008785202 -3.8076655630746448 -3.6699704442986083 -3.487183956956353 -3.2538588216237727 -3.017507419944466 -2.625908554678112 -1.9383408407019471 -0.8065172270263944 1.281303925579926 1.4843663974452457 1.002887421681127 0.33317467915064614 -0.3710374997325119 -1.6181618612183282 -2.3435579045285686 -2.6452766592971586 -2.250954154318751 -2.026405191391676 -2.1190089416014937 -1.9286567883924235 -1.6287537934318694 -1.443243666377561 -1.347613649821017 -1.1357750055501916 -0.5710737052511056 0.05475817525184706 0.22090019768710867 -0.6600459358448523 0.16219063056062277 1.3176191217406388 0.5498553495762332 -1.1493932041104589 -2.731222623544179 -5.5262822213803835 -8.523496411177891
-0.6034547551610746 -0.024227376397703504 -0.0018330054319305455 -0.6131388074705981 -2.014602752639444 -3.5086704480181083 -3.7713503669139317 -3.8279415475977094 -3.8494280386594646 -3.890585260974939 -3.757732168353664 -3.7898105916289606 -3.5840244800515877 -3.5446830175441484 -2.8728518885709593 -1.534939536683361 0.47752758388948 1.552760016881255 1.7140600131617547 1.0585707224608867 -0.14043600411198487 -1.3757579268455693 -2.1689423363224742 -2.4724768508990995 -2.5048579008090686 -2.31813726721607 -2.20102075959777 -1.8505791166468908 -1.564294320246604 -1.471690570036786 -1.339745357319529 -0.833753624146929 -0.24786845942076058 0.7511020616335173 0.9814009306193718 0.9953217558143117 1.8789915290583261 2.614374251312763 1.182647642676656 -0.8924631912734149 -3.7889027117249428 -6.586685949273201 -8.825215165946481
-0.31051217279799037 0.17308518940883666 -0.13952812420796704 -1.36304760818932 -2.7478670884511724 -3.1766890297822576 -3.4336190426193016 -3.61216875707614 -3.6433393004474186 -3.808573442978662 -3.8406518662539586 -3.9344661230024673 -3.943242295407973 -3.903295579631189 -3.725351118443695 -2.3992412053083285 -0.7166371165286298 0.7716806727912546 1.930740683587342 1.0752151873678801 -0.04692437399814911 -1.0770654384237055 -1.8787233936714434 -2.4276881089675535 -2.464608558397612 -2.268506499129762 -2.161074043820986 -1.9014203912718888 -1.6493324045896067 -1.6006095164073169 -1.299798641542745 -0.7889648822153831 -0.2048954772972503 0.7725885526952725 1.3164086152019485 1.7882035386565436 2.4542847615709533 2.9454477896445956 1.912280458872313 -0.8612926479021363 -3.8016130303811924 -7.073006951192081 -9.294891702958367
0.3915816196424594 0.20818987903085917 -0.9169759486818961 -2.1308113803537254 -2.743025062296411 -3.1718470036274957 -3.2792794589362715 -3.462671199547872 -3.5068546882100726 -3.6796544966081317 -3.795863124322413 -3.9668471729124364 -4.018596327441452 -4.008609648497256 -3.830967813944435 -3.561327482451142 -2.140495432663249 -0.034214055341899585 1.3263952941461445 0.47177767783070046 0.5186848062049546 -0.469693782635782 -1.5261633642778554 -2.0760359594779834 -2.334781732123063 -2.1123511556386965 -1.9462091332034348 -1.7470808075888589 -1.5848729314043413 -1.5682284664973478 -1.2011423586394747 -0.7986489345249066 -0.21367164970275593 0.2324000098046678 0.6923924945070314 1.9846082245590662 2.5499147781274973 2.823186629236862 1.9377010961848118 -1.0038297928329345 -4.508548848976404 -7.782969036134019 -9.407166184421904
0.6182489690122426 -0.09473938227642112 -1.4892429148477973 -2.6452766592971586 -3.1004271178447604 -3.2069516932495183 -3.314384148558294 -3.4560134135850746 -3.5634458688938504 -3.6375893943886393 -3.707798773632684 -3.8739407960679455 -3.9208479244422 -3.8972430469377364 -3.902387699727171 -3.718693332480898 -3.2254119179645473 -1.2822462967317336 -0.7665705112496102 -0.17554069373400735 0.9133099378180349 0.33317467915064614 -0.767478391153628 -1.6033331561193704 -1.8699472212659376 -1.9207884958909358 -1.6708188956513619 -1.4502040789750308 -1.4489935724363405 -1.3896787520405094 -1.0809995846744496 -0.8485823292458868 -0.37678740579129144 -0.01635908389621571 1.232581037397636 2.877054170208586 2.665215525937761 1.5978513854474736 0.08199457237238178 -2.5790014263038574 -5.822251070090194 -7.936400739913031 -9.488270122514162
0.37312139492743035 -0.38072155204203534 -1.9256305220456975 -2.9539558266632184 -3.2214777717138037 -3.3564492507777866 -3.5595117226431063 -3.641523540639383 -3.7344299174838733 -3.6384972742926567 -3.668759937759918 -3.7099171600753924 -3.7498638758521765 -3.7432060898893793 -3.763482074412444 -3.7752845131646757 -3.4315006561765933 -2.8504575176051867 -2.686433881612633 -0.17947483998475128 2.433706150413216 1.3642236234802205 -0.22153994220424372 -1.1941819460420047 -1.5173871918723498 -1.6230038873730899 -1.416915149161044 -1.2683254715367935 -1.1542352302652206 -1.049829041303171 -0.9236337346446936 -0.013635444184162238 0.8252455871283062 1.6544425661312512 3.1494181414139333 3.700198616518079 2.029396966490612 -0.46575963638503814 -2.5290680315828773 -4.490088624261375 -6.351545054132584 -8.155199796781325 -9.271286825453902
-0.2557367519222484 -1.342771623666255 -2.279098431343303 -2.766629939800874 -3.05745413572125 -3.3134762686542762 -3.5222886465783754 -3.689338548917655 -3.8796907021267253 -3.735337797387891 -3.6542338592956325 -3.5262227928291194 -3.4744736383001036 -3.444210974832843 -3.47749990464683 -3.596734798707837 -3.682378136320185 -3.5419593778320952 -3.1328081677547295 -0.8797528726171654 1.2062525201811192 0.9181519639727969 0.0402320967875619 -0.4666675162890559 -0.8933710711774328 -1.3318770648180414 -1.3905866319445273 -1.221720969797212 -0.7069530642191064 -0.8213459321253521 -0.5819682640993195 1.3593815973254588 3.2783370877844638 3.729553400081322 3.0734588561111087 2.1670920852666486 -0.07113450477195771 -2.1317192602577433 -3.8778749423186896 -5.341679974230093 -6.925627780106521 -8.309539380464358 -9.155078197739623
-0.2372765272072193 -1.3309691849140235 -1.7830933771148993 -2.2373359557584833 -2.660105364396116 -3.0262835923499716 -3.315292028462312 -3.588866506206349 -3.7468376095054503 -3.7489559959481586 -3.6366815144846214 -3.4354348024273373 -3.3416205456788286 -3.2732269262428195 -3.2499246753730286 -3.3358706396200493 -3.505644181671382 -3.659983765354412 -3.4920259831111147 -2.569317373994334 -1.4589802513805366 -0.7051373044110707 -0.24696057951674277 0.003009020722831157 -0.47241742234783546 -1.1736033348842674 -1.4326517341640197 -1.340653237223547 -1.145459057859715 -1.0740391720769795 -0.32413037135825773 1.4501695877272411 2.456100521378989 1.926806537336598 0.4103444709921611 -0.8924631912734149 -2.0839042519794715 -3.1258477551572597 -4.747926517002437 -6.092799281487505 -7.414975048372128 -8.42272174183191 -8.951107845970284
-0.1531463227682344 -1.5400841894727952 -1.7773434710561198 -1.8983941249251628 -1.9374329607979293 -2.27637479163125 -2.7508933547978986 -3.086808919284493 -3.331936493369305 -3.4968680092658766 -3.427566509925849 -3.288055631341777 -3.1434000999682707 -3.058362015625268 -3.0635066684147025 -3.1591366849712466 -3.3047000962487707 -3.5410514979280774 -3.516538740519596 -3.1013349977487783 -2.9324693356014633 -2.286966723844791 -1.6396483522800833 -1.2353391683574793 -1.035908216108231 -1.3094826938522683 -1.3309691849140235 -1.4011785641580685 -1.3358112110687852 -0.0048592717786566375 1.1690294441163884 1.6895472557532738 1.608443317661015 0.08411295881509001 -1.266509711728758 -2.2470200080680067 -3.2117937194042803 -4.163857112084304 -5.215787294206288 -6.3594133466340725 -7.3759362124993615 -8.271408424495608 -8.494141627614646
-0.5789419977525934 -2.2742564051885417 -2.5233181255240975 -1.935314574355221 -1.8290926255851356 -1.8230400928916835 -2.2334018095077397 -2.5342126843723114 -2.7802481383611415 -2.9246010430999756 -2.9824027303224434 -3.0057049811922343 -3.0341518848514593 -2.9548637065672363 -2.9149169907904517 -2.9745344378209557 -3.110111170154284 -3.249016795469011 -3.3301207335612695 -3.2841214850910334 -3.1552025387205025 -2.906140818384946 -2.301795428943749 -1.6650689895925823 -1.3572977021305404 -1.0876573706372468 -0.8730950866543681 -0.3876819646395053 -0.0281615226484474 1.2716198732704025 1.9113725789682952 1.989450250713828 0.3292405328999022 -1.213852677295724 -2.286966723844791 -3.153084152277794 -4.04280645821526 -4.939489176750198 -5.740239252093917 -6.354268693844638 -7.2333990675685635 -7.6464844238966725 -7.777219130075239
-0.8876211651186532 -2.216757344600746 -2.2654802327830357 -1.6278459135278516 -1.2985881350040545 -1.3134168401030122 -1.740120394991389 -2.033970857258491 -2.165916069975748 -2.3145057475999984 -2.4773188770538614 -2.6268164345821297 -2.6952100540181387 -2.8310894129861395 -2.7956820967294447 -2.8008267495188788 -2.928535189350719 -2.989060516285241 -3.0526121095664887 -2.9939025424400025 -2.885562207227209 -2.6513291919906106 -2.31238736115729 -1.6892791203663908 -1.1717875750762317 -0.792899028466127 0.5958545980464696 1.7645986611520805 1.8693074767488027 1.8417684529935952 2.0451335514935876 0.5849600391982557 -1.0634472398634383 -2.176810628823962 -3.1482421261230327 -3.8007051504771745 -4.692243216222677 -5.444270403384107 -5.934525551553731 -6.482279760311151 -6.881746918078993 -7.286056102001597 -7.239148973627343
-1.0410528688976652 -1.445362052820269 -1.3191667461617917 -0.8582663815554102 -0.5583633865948561 -1.1608930162280178 -1.5809387851535974 -1.5458340955315748 -1.6160434747756198 -1.8221322129876656 -2.0360892437011993 -2.2040470259444964 -2.367162782033032 -2.5009237545583245 -2.5711331338023697 -2.5790014263038574 -2.646487165835849 -2.7030783465196264 -2.734248889890905 -2.598672157557577 -2.4470562135866003 -1.9949320213857247 -1.6523586709363327 -1.1512089639184944 -0.6315990321856271 0.3183459740516884 1.8429789595322856 2.6994123356557655 2.1416714479541494 1.5917988527540214 0.5734602270806967 -0.8779371128091298 -2.2303755431610135 -3.3455546919295727 -3.9335582430984495 -4.515509261573874 -5.297799112202565 -5.788054260372189 -6.219599841415327 -6.423872819819338 -6.818195324797745 -6.9949292794465485 -6.946206391264258
-1.0761575585196876 -0.9336204135888896 -0.37194537963652974 -0.10442343458594455 -0.9696329831149298 -1.5730704926521095 -1.350639916167743 -1.1932740661379868 -1.2020502385434926 -1.4629143976312804 -1.6326879396826133 -1.816382306928886 -1.9843400891721834 -2.1338376467004516 -2.2040470259444964 -2.263664472975 -2.31238736115729 -2.3574787297235087 -2.3729126880918114 -2.2001128796937524 -1.8887100726156394 -1.3515477960717608 -0.6191913401640502 -0.11713375324219408 0.5519737360189415 1.5645624556334867 1.9189382448351102 1.8075716432755908 1.0243739127428821 0.3467928777109135 -0.6443093508418767 -1.9265384019497154 -3.2792794589362715 -4.179593697087279 -4.70888768112967 -5.2021690956460205 -5.784120114121445 -6.103391213701046 -6.37303154519434 -6.50770039762365 -6.644487636495668 -6.821221591144472 -6.81637956498971
-0.9687251032109121 -0.7353999678783316 -0.16313300171243045 -0.24393431317001668 -1.1805637474817374 -1.7958036957711487 -1.5077031395628262 -0.9130418024311523 -0.8915553113693971 -1.1981160922927487 -1.31432472000703 -1.4735063298448217 -1.5652022001506218 -1.7304363426818656 -1.8847759263648955 -1.96073521166772 -1.9658798644571542 -1.9949320213857247 -1.9549853056089403 -1.7168181441215982 -1.3200746260658096 -0.7771624434631514 0.04688988275035927 0.6993529071045014 1.4628799063834905 1.5948251191007474 1.2834223120226342 0.5392634173626919 -0.014543324088180098 -0.5495872141893504 -1.446269932724287 -2.7363672763336133 -3.8388361064459233 -4.686493310163897 -5.258760276329799 -5.793804166430968 -6.115193652453278 -6.331874322878865 -6.530094768589423 -6.54371296714969 -6.66900039390415 -6.743143919398939 -6.737091386705487
-0.8622005278061542 -0.837687770397673 -0.4031159230078083 -0.3338144236677812 -0.7187555029713382 -1.3349033311647673 -1.4335596140680373 -0.8767266062704393 -0.697269011909583 -0.9841590615792151 -1.1572614966119468 -1.2099185310449805 -1.2761937640382814 -1.4529277186870844 -1.615135594871602 -1.6913975068090992 -1.7050157053693664 -1.5927412239058292 -1.4959007008105947 -1.2704438579795019 -0.8652267941528803 -0.469693782635782 -0.13165983170647924 0.3135039478969266 0.4805538502362061 0.3673714888686508 0.138888379690832 -0.2890256817362352 -0.8104513732771382 -1.4511119588790486 -2.2234151305635432 -3.1482421261230327 -4.141462741118531 -4.9403970566542155 -5.606478279568624 -6.184495151793305 -6.50073998502618 -6.743143919398939 -6.80941915239224 -6.81637956498971 -6.837866056051465 -6.856326280766495 -6.9628508561712525
-0.7468997799958906 -0.870068820307642 -0.6854665731573513 -0.4539571976328064 -0.3583271810762624 -0.5859024103500634 -0.8845948987719271 -0.833753624146929 -0.7508339262466346 -0.7420577538411289 -0.8349641306856195 -0.9538963981119543 -1.0634472398634383 -1.1990239721967666 -1.339745357319529 -1.4520198387830665 -1.4892429148477973 -1.3291534251059878 -1.0828153444824853 -0.8446481829951429 -0.5740999715978317 -0.32110410501153164 -0.21185588989472026 -0.24000016691927278 -0.286907295293527 -0.3955502571409931 -0.6570196694981262 -1.0634472398634383 -1.5134530456216058 -2.1005487168864647 -2.7460513286431367 -3.5625379889898325 -4.406261046457063 -5.155261967271766 -5.723594787186924 -6.153324608422027 -6.523436982626626 -6.654171688805192 -6.666882007461441 -6.8124454187389665 -6.906259675487474 -7.039112768108749 -7.24005685353136
-0.5244692035115239 -0.7478076598999084 -1.0310661899534692 -0.9560147845546625 -0.6960585053708925 -0.6385594447830971 -0.7508339262466346 -0.6025468752570569 -0.45789134388355035 -0.45607558407551463 -0.5232586969728336 -0.6521776433433644 -0.799859441063597 -0.9451202257064486 -1.1200384205472158 -1.2380628080695328 -1.196300332484713 -1.0828153444824853 -0.8582663815554102 -0.5710737052511056 -0.48633824754277544 -0.4539571976328064 -0.49783805966033456 -0.7284395552808616 -0.9678172233068942 -1.1560509900732563 -1.3318770648180414 -1.6326879396826133 -2.0273130712956937 -2.5750672800531134 -3.1960571344013045 -3.8721250362599102 -4.46860213319962 -5.01756684849573 -5.432467964631875 -5.7087660820879655 -6.115193652453278 -6.3914917699093685 -6.564291578307428 -6.87781277182825 -7.132624398222585 -7.337805256530613 -7.450079737994151
-0.6297832723775915 -0.620099220068068 -0.8582663815554102 -0.9989877666781728 -1.0477106548604627 -1.0008035264862085 -0.9705408630189477 -0.885502778675945 -0.47544368869456155 -0.06447671880916034 0.08804710506583391 -0.10139716823921849 -0.37406376607923797 -0.6161650738173241 -0.7947147882741626 -0.9578305443626982 -0.9823433017711793 -0.9012393636789205 -0.6836508133493157 -0.5057063521618224 -0.4052343094505166 -0.47060166253979985 -0.7087688240271421 -0.9775012756164176 -1.273470124326228 -1.5077031395628262 -1.6611348433418385 -1.9755639167666779 -2.349610437222021 -2.862259956357418 -3.462671199547872 -4.034938165713773 -4.530035340038159 -4.797859911723417 -5.082934201585013 -5.356206052694378 -5.731463079688411 -6.085838868890035 -6.36607113259687 -6.601514654372159 -7.022468303201756 -7.341739402781357 -7.4295011268364135
-1.1269988331446859 -0.6621643222875605 -0.46575963638503814 -1.089775757079955 -1.3739421670375338 -1.773409324805376 -1.8191059466409396 -2.201928639501788 -1.845737090492129 -0.6367436849750614 0.3691872486766864 0.48448799648694996 0.22846586355392384 -0.11622587333817624 -0.47362792888652594 -0.642493591033841 -0.8034909606796683 -0.7841228560606214 -0.6630722021915783 -0.6267570060308654 -0.5459556945732791 -0.6337174186283354 -0.8631084077101719 -1.1033939556402226 -1.3739421670375338 -1.6230038873730899 -1.8787233936714434 -2.272440645380506 -2.551765029183323 -3.065322428222738 -3.668759937759918 -4.228316585269569 -4.56150851004411 -4.790899499125947 -5.052671538117752 -5.438520497325327 -5.69998990968246 -5.888526303083495 -6.190245057852085 -6.348518787785858 -6.763722530556676 -7.115979933315591 -7.176807886884785
