static/data/ASCData/20210121/ASCV/09.asc
ncols 97
nrows 97
xllcorner 99.0
yllcorner 2.0
cellsize 0.25
NODATA_value -32767
[rows 0 to 18 of 97, columns 43 to 85 of 97]
-2.214954153566208 -1.4483506985321029 -0.5586155472056719 -0.15039775879181927 -0.5968588034658766 -1.2629288499977767 -2.0773363753571377 -2.0732802724204493 -1.6427539178548105 -1.3457892385615537 -1.3906960925034608 -1.108507216765283 -0.9659641707045198 -0.937571450147701 -0.8234211246437565 -0.8477577422638869 -1.1340027209387529 -1.116329701000325 -0.9960952210913478 -1.7960166645339646 -2.2392907711863383 -2.2062625044161615 -2.018522882775156 -1.825278550005788 -2.2529076881880776 -2.307665077833371 -1.8623629197126532 -1.3643314234149864 -1.231638913057609 -1.2988543331513025 -1.4825378518556191 -1.5204913864774892 -1.5703235082710894 -1.8623629197126532 -2.279272357276552 -1.9689804826198907 -1.5233886028608379 -0.8379072065605008 -0.5499238980556254 -1.8771387232677323 -4.975711645259325 -7.081118791038932 -7.818460360601214
-1.9385597105947279 -0.8584774428822776 0.16308105388652605 0.3525590053575407 -0.5392041974372346 -1.4034438445901958 -1.3078357039396837 -1.2423586136759999 -1.0372356937349014 -0.8935337611207986 -0.9120759459742313 -0.8564493914139334 -1.1076380518502784 -1.17890957488066 -0.9170012138259243 -0.6261206889377 -0.7304204787382585 -1.0578059300566782 -0.9601697379378221 -1.7919605615972762 -2.454264226830823 -2.4835261123026457 -2.0498128197153234 -1.8809051045660858 -2.4171798571239576 -2.315487562068413 -1.8105027464507089 -1.3849016597367632 -1.3779483404167259 -1.3342003730281582 -1.1093763816802877 -1.1221241337670227 -1.4199579779752842 -1.7667547790621412 -1.895680908121165 -2.14744901183418 -1.277414931914521 -0.8477577422638869 -1.2988543331513025 -3.3173449874304444 -6.114317683915422 -7.737338301867446 -8.317361021813884
-2.2080008342461706 -0.8741224113523614 0.1601838375031771 0.22653009268186586 -0.6182982047026582 -1.0957594646785482 -1.1447224215571437 -1.0265159931165106 -0.8390660931138403 -0.7431682308249934 -0.7414299009949842 -1.058675094971683 -1.5254166543291823 -1.7227170900352387 -1.6572399997715548 -1.3292751051764653 -0.5870082677624906 -0.6681303264962583 -1.007973808263078 -1.8261477149207925 -2.4843952772176507 -2.7121164849488704 -2.491348596537688 -2.534227399011251 -2.6553310438352327 -2.3056370263650265 -1.6612961027082431 -1.2832093646812186 -1.37997639188507 -1.6152303622129964 -1.4512479149154518 -1.5002108717940472 -1.616389248766336 -1.3721539076500282 -1.234536129440958 -0.015677196966097928 0.08195899515275828 -0.6875416762646955 -3.113380954042685 -5.4366587718501265 -7.237278754101435 -8.299977723513791 -8.793083951959765
-2.131804043364096 -0.5997560198492256 0.39340975636275943 0.4843823507999132 -0.11128533761660986 -0.4951665084103321 -0.8283463924954495 -0.9511883671494407 -1.0438992914166039 -0.9482911507660918 -1.3202937343880838 -1.4092382773568934 -1.3428920221782048 -1.3359387028581677 -1.3527425578815908 -1.2892935190862511 -0.7394018495266399 -0.5820829999107975 -1.0372356937349014 -2.078205540272142 -2.8847905813964614 -3.099764037040946 -2.3273661492401434 -1.7499509240387179 -1.7910913966822715 -1.9484102462981139 -1.3614342070316374 -0.9120759459742313 -0.7159343968215143 -1.108507216765283 -1.3634622584999816 -1.4092382773568934 -1.0438992914166039 -0.696523047053077 0.3905125399794105 1.0096476811010593 0.39456864291609883 -1.8368674155391833 -4.266762796253862 -6.43272176444546 -7.981573642983754 -8.531465312543364 -8.6563353386657
-1.1484888028554971 0.15120246671479576 0.31634380056568 0.3818208908293639 0.21581039206347497 -0.1982018291170753 -0.6240926374693558 -0.6591489557078769 -0.7756170543185006 -1.0050765918797293 -1.2910318489162604 -1.312471250153042 -1.2119378416508368 -1.0801144962084643 -1.0450581779699433 -0.9824783040896082 -0.9062815132075336 -0.7431682308249934 -1.1241521852353669 -2.0011395844750632 -2.7970049249809916 -2.3566280347119664 -1.4356029464453681 -0.37116564720300144 -0.41607250114490857 -0.7677945700834586 -1.1896292754990507 -0.7579440343800725 -0.20602431335211713 -0.1874821284986845 -0.14750054240847044 0.29664272915890777 0.6211309640939788 0.5174106175700901 1.2683691041341112 0.9803857956292359 -0.9083095646758778 -3.112511789127681 -5.046983168289707 -7.163110014687705 -8.124116689044516 -8.47960513928142 -8.439623553191206
-0.0049574963477071465 -0.1495285938768146 0.015612739974069645 -0.05681766960965151 -0.16401467579355888 -0.24716478599567082 -0.5380453108838951 -0.5021198277303693 -0.5128395283487601 -0.7431682308249934 -0.8242902895587612 -0.9367022852326965 -1.0166654574131246 -0.9824783040896082 -0.9462630992977477 -0.9717586034712176 -0.9462630992977477 -0.9288798009976545 -0.8205239082604077 -1.4289393487636657 -1.3594061555632933 -0.9170012138259243 -0.5919335356141836 0.326194336269066 0.2549228132386845 -0.2833799907875314 -0.7060838611181282 -0.8057481047053285 -0.3106138247910105 0.11701531339127935 0.8213286161833842 1.3535472658045673 1.658044707694531 1.5537449178939726 1.1035174919215618 0.4177463739828897 -1.927840009976337 -4.2169306744602615 -6.155458156558975 -7.174988601859435 -8.054873217482479 -8.2394259011018 -7.992293343602144
-0.1191078218516517 -0.6397376059394396 -0.7159343968215143 -0.7950284040869379 -0.5812138349957929 -0.38478256420474105 -0.5800549484424533 -0.603522401147579 -0.5861391028474859 -0.5626716501423603 -0.6154009883193092 -0.6933361090313933 -0.7785142707018494 -0.8857112768857567 -0.8144397538553751 -0.8329819387088078 -0.9758147064079059 -1.0664975792067248 -0.4835776428769367 0.22855814415021003 0.27810054430547515 -0.12403308970334481 -0.23441703390893587 0.21667955697847963 0.2957735642439032 -0.12229475987333549 -0.4140444496765644 -0.5412322489055787 -0.20602431335211713 0.2273992575968704 0.9099834375138589 1.2370791671939438 1.5751843191307542 1.3581828120179253 0.8045247611599609 -0.5099423119654112 -2.8320612432195125 -5.073347837378181 -6.242374648059441 -7.221633785631351 -7.8300492261346095 -8.025611332010655 -7.612468275745111
-0.9091787295908824 -1.2568446955927441 -1.1797787397956647 -0.801981723406975 -0.4560540872351227 -0.5244283938821555 -0.9532164186177849 -0.8848421119707521 -0.6661022750279141 -0.621195421086007 -0.7159343968215143 -0.651326471472835 -0.7834395385535424 -0.6339431731727418 -0.5597744337590114 -0.7208596646732073 -1.085908928975162 -1.0879369804435064 -0.14663137749346578 0.5565230387452995 0.5458033381269087 0.198137372125047 -0.16314551087855422 0.10339839638953974 0.45685879515809913 0.573037172130388 0.2734649980921171 0.20972623765844245 0.44613909453970835 1.0849753070681292 1.040068453126222 1.3300798130994418 0.9383761580706775 0.6443086951607695 -0.06464015384469335 -1.6914271530950713 -3.887806893311832 -5.257031356082498 -6.375936323331823 -7.093866543125667 -7.624057141278506 -8.013732744838926 -7.188605518861174
-1.2704616125944836 -1.1525449057921855 -0.6759528107313002 -0.33697849387948503 -0.4288202532316435 -0.7052146962031236 -1.0314412609682038 -0.7451962822933377 -0.5177647962004531 -0.5334097646705369 -0.6240926374693558 -0.6640742235595699 -0.7880750847669006 -0.8917954312907893 -0.9395995016160453 -1.0068149217097386 -1.0763481149101108 -0.6944949955847328 0.188286836421661 0.5046628654833551 0.2479694939186472 0.01937912127242314 0.09963201509118624 0.3406804181858103 0.6364862109257277 0.9082451076838496 1.2947337732225856 1.5273802488054982 1.440463757305033 1.298789876159274 1.4598751070734701 0.8152444617783516 -0.031322165436181604 -0.8242902895587612 -1.5167250051791357 -2.7978740898959957 -4.345856803519285 -5.586155137230927 -6.421132898912065 -7.059679389802151 -7.490205744367789 -7.9465173247452325 -6.630022200151517
-1.0627311979083713 -0.05276156667296317 0.3418393047391499 0.05936070736263721 -0.407380851994862 -0.5050170441137182 -0.749252385230026 -0.7159343968215143 -0.5968588034658766 -0.6220645860010117 -0.817336970238724 -0.8115425374720262 -0.8593466077972822 -0.9482911507660918 -1.3281162186231257 -1.5801740439744756 -1.2177322744175347 -0.2871463720858849 0.0663140266826745 0.06718319159767916 0.042846573977548874 0.27433416300712166 0.7303560217462304 0.8416091308668261 0.9227311896005939 1.0664331222146965 1.610240637369275 2.109141298581947 2.067421382661723 1.635736141542745 0.640542313862416 -0.18951017996702868 -0.8946926476741381 -1.5958190124445593 -2.4464417425957805 -3.5714308642501384 -4.81172919796178 -5.7686797693819045 -6.3672446741817765 -6.91134191097469 -7.4736916109827005 -7.3488215848603655 -4.6486159155792395
-0.37898813143804333 0.0663140266826745 0.10832366424123274 -0.2978660727042756 -0.5928027005291883 -0.2772958363824988 -0.26570697084910344 -0.3760909150546945 -0.5392041974372346 -0.6582797907928722 -0.7275232623549097 -0.7677945700834586 -1.2354052943559626 -1.2099097901824927 -1.5352671900325683 -1.6555016699415455 -1.055777878588334 -0.3027913405559687 0.01068747212237664 0.18654850659165167 0.41687720906788495 0.6961688684227139 0.9470678072207241 1.007619629632715 1.025292649571143 1.2402661052156276 1.5595393506606705 1.5146324967187634 1.1072838732199153 0.4403446617730107 -0.7608412507634215 -1.7091001730334991 -2.2529076881880776 -2.738481154037345 -3.3634107279256913 -4.155509687133266 -5.023515715584581 -5.530238861032294 -6.053765861503431 -6.642769952238251 -7.172091385476086 -6.512684936625888 -3.0099503291571317
-0.6435039872377931 -0.7472243337616818 -1.085908928975162 -1.2921907354696 -0.822262238090417 -0.2883052586392244 -0.13011724410837733 -0.03914464967122355 -0.24021146667563353 -0.6623358937295606 -0.9523472537027802 -0.7930003526185936 -1.1525449057921855 -1.357378104094949 -1.4396590493820565 -1.3634622584999816 -0.8547110615839241 -0.24803395091067548 0.27433416300712166 0.8300202653334308 1.038040401657878 1.0322459688911803 1.0751247713647432 1.0058812998027058 0.9325817253039799 0.9598155593074591 0.6228692939239882 0.2920071829455497 -0.5255872804354951 -1.2287416966742604 -2.1955428037977707 -2.6376580238968046 -3.0791938007191693 -3.3283544096871696 -3.8185634217497952 -4.174921036901703 -4.57328828961217 -5.000048262879455 -5.555734365205764 -6.19254252626584 -6.4434414650638505 -5.825175488857207 -2.189458649392738
-0.6582797907928722 -0.9882727368563059 -1.269592447679479 -1.0821425476768085 -0.7060838611181282 -0.35841789511626654 -0.1066497914032517 -0.060584050908005005 -0.24803395091067548 -0.6524853580261745 -0.887739328354101 -1.2090406252674881 -1.4599395640654982 -1.6601372161549035 -1.63203421723642 -1.0937314132102038 -0.6182982047026582 0.07413651091771634 0.6228692939239882 1.1014894404532176 1.100620275538213 1.0409376180412266 1.0974333375165293 0.9198339732172449 0.7254307538945373 0.02922965697580926 -0.45808213870346687 -1.415032710123591 -2.08399997303884 -2.373142168097055 -2.876968097161419 -3.232456547398323 -3.343709656518919 -3.5780944619318404 -3.727590827312641 -4.035275207224289 -4.3418007005825965 -4.613269875702383 -5.161133493793651 -5.731595399675039 -5.950335236617877 -5.255003304614154 -1.6876607717967178
-0.6826164084130025 -0.8468885773488821 -0.6406067708544443 -0.38970783205643406 -0.3682684308196526 -0.28511832061754067 -0.17299604658194034 -0.19530461273372646 -0.46590462293850876 -0.6768219756463049 -0.7979256204702867 -1.3837427731834238 -1.6691185869432852 -1.8672881875643461 -1.229610861589265 -0.9874035719413012 -1.0117401895614315 0.1894457229750005 0.8757962841903424 1.1991256325720738 1.0536853701279616 1.0525264835746222 0.9470678072207241 0.6845800028893185 0.18249240365496333 -0.7101399640548166 -1.8878584238861231 -2.4826569473876416 -2.6718451772203213 -2.9152113534216246 -3.2756250715102206 -3.456121652192854 -3.6064871824886593 -3.7472918987194133 -3.953283983575516 -4.211136241693564 -4.405249739377936 -4.627176514342458 -5.113329423468395 -5.47664035794034 -5.535164128883987 -4.594727690848951 -1.799783045832318
-0.19356628290371714 -0.12693030608669365 0.12686584909466536 0.3650170358059406 0.24391339098195886 -0.3114829897060152 -0.3604459465846107 -0.4230258204649458 -0.6582797907928722 -0.8584774428822776 -1.0265159931165106 -1.3985185767385027 -1.392724143971805 -1.2861065810645673 -1.12907745308706 -0.963066954321171 -1.335069537943163 -0.20225793205376363 0.5544949872769553 -0.01857441334944676 -0.07825707084643296 -0.0049574963477071465 -0.22166928182220091 -0.5449986302039322 -1.2901626840012557 -2.312590345685064 -2.588984788656544 -3.019511143222183 -3.070502151569123 -3.367177109224045 -3.652552922983906 -3.852750575073311 -4.029480774457591 -4.176949088370048 -4.393660873844541 -4.5556152696737415 -4.6016810101689885 -4.794056178023352 -4.959197511874236 -5.257900520997502 -5.005842695646153 -3.8136381538981015 -1.6601372161549035
0.25955835945204253 0.4881487320982667 0.7654123399847514 0.8592821508052539 0.5330555860401738 -0.178790479348638 -0.5478958465872812 -0.6203262561710023 -0.7764862192335051 -0.9952260561763432 -1.176881523412316 -1.2501810979110417 -1.19136760532906 -1.2988543331513025 -1.3281162186231257 -1.0273851580315154 -1.3507145064132469 -0.555718330822323 -1.1171988659153296 -1.6925860396484107 -1.9064006087395557 -1.7441564912720202 -1.9591299469165047 -2.2949173257466358 -2.994305360687048 -3.217970465481579 -3.4416355702761097 -3.5253651237548915 -3.541010092224975 -3.8203017515798043 -3.9863122503456934 -4.190566005371787 -4.310510763642429 -4.448418263489835 -4.539101136288653 -4.5556152696737415 -4.562568588993779 -4.6972891508195005 -4.854608000435343 -4.535334754990299 -4.182743521136745 -2.685751815860396 -1.5097716858590986
0.4226716418345826 0.6414114787774208 0.7851134113915235 0.6941408169543697 0.31924101694902896 -0.135911676875075 -0.5148675798171043 -0.7002894283514305 -0.8634027107339706 -1.2892935190862511 -1.2724896640628278 -1.3107329203230327 -1.5126689022424473 -1.6242117330013779 -1.8009419323856577 -1.65637083485655 -1.5674262918877404 -1.8154280143024017 -2.513657162689474 -2.905360817718238 -3.0342869467772617 -2.8036685226626936 -2.927959105508359 -3.119175386809383 -3.3300927395171795 -3.484514372749673 -3.5578139472483983 -3.6710951078373384 -3.7325160951643337 -3.934741798722084 -4.0752567933145025 -4.1230608636397585 -4.232575642930345 -4.1465283163448845 -4.122191698724754 -3.9863122503456934 -3.9747233848122976 -4.113500049574707 -4.052948227162717 -3.6661698399856455 -3.036314998245606 -1.5781459925061312 -1.2782840968295255
0.701094136274407 0.32793266609907534 0.21667955697847963 0.013584688505725473 -0.3027913405559687 -0.560643598674016 -0.8671690920323241 -1.0595442598866875 -1.3906960925034608 -2.023448150626849 -1.7676239439771457 -2.4901897099843486 -2.9638845886618848 -2.9795295571319684 -2.871173664394722 -2.5255357498612043 -2.4933766480060324 -3.070502151569123 -3.5488325764600175 -3.722665559460948 -3.5108790418381473 -3.295036421278658 -3.3028589055137 -3.3408124401355703 -3.4433739001061188 -3.5175426395198492 -3.593739430401924 -3.7020953231391713 -3.79393708249133 -3.964872849108912 -3.964872849108912 -3.8799844090767905 -3.652552922983906 -3.4523552708945004 -3.295905586193663 -3.112511789127681 -3.1406147880461646 -3.2060918783098487 -3.077165749250825 -2.8036685226626936 -2.2755059759781986 -2.3233100463034546 -3.297064472747002
0.8349455331851237 -0.042041866054572385 -0.5255872804354951 -0.7628693022317656 -0.8437016393271984 -1.3370975894115071 -2.0275042535635377 -2.7208081340989168 -3.284316720660267 -3.498131289751412 -3.4824863212813284 -3.716001961779246 -3.8017595667263713 -3.61720688310705 -3.3057561218970486 -3.1866805285414115 -3.516673474604845 -4.046864072757684 -4.235472859313694 -4.069462360547805 -3.721796394545944 -3.432654199487728 -3.356457408605654 -3.379924861310779 -3.4054203654842494 -3.4816171563663243 -3.5888141625502312 -3.693403673989125 -3.79393708249133 -3.8078437211314045 -3.7609088157211525 -3.5108790418381473 -3.08991350133756 -2.7129856498638745 -2.6504057759835398 -2.782229121425912 -2.900435549866545 -2.823369594069466 -2.7306586698023025 -2.8271359753678196 -3.297933637662007 -4.36932425622441 -5.695380194883178
