static/data/ASCData/20210121/ASCV/15.asc
ncols 97
nrows 97
xllcorner 99.0
yllcorner 2.0
cellsize 0.25
NODATA_value -32767
[rows 38 to 56 of 97, columns 43 to 85 of 97]
-5.578498646957329 -6.090181245085372 -6.382088954035443 -6.681056470878103 -6.829619384791703 -6.763011632065977 -6.500263999193989 -6.272815405784943 -6.250408189430206 -6.266983390569327 -6.318857631171389 -6.338195365833697 -6.339116210341426 -6.401733636866993 -6.4729456121313635 -6.44470638056101 -6.262993064369168 -6.012216410097656 -5.740567280317621 -5.458481912783325 -5.3157510140853415 -5.213230325558187 -5.2288846821895785 -5.208319154850299 -5.206477465834841 -5.255282224744475 -5.377447596103179 -5.472908476737746 -5.37130863271832 -4.9897720583493 -4.3998176770642985 -3.373382999115784 -2.3352842907360363 -1.2993342195409898 -0.36958821490401306 0.16358075507103767 0.6138737193504846 0.8717101815145852 0.8425501054365024 0.529769920977909 0.12459833757717961 -0.6458415672226921 -0.7747597983047425
-6.02295959602116 -6.53955336485709 -6.744594741911398 -6.9496361189657065 -6.999361722383069 -6.881186677224523 -6.620587681537236 -6.470183078608177 -6.451459240284356 -6.5852886420742935 -6.63133086746074 -6.550296550780594 -6.5628814257195565 -6.617518199844806 -6.5463062245804355 -6.535563038656931 -6.449617551268898 -6.209277134751646 -5.952361517095275 -5.709258567054838 -5.50636582718523 -5.462165290814241 -5.471066787722288 -5.471987632230016 -5.475057113922446 -5.4894836778768665 -5.5735874762494415 -5.384200455826525 -5.117462496754379 -4.388153646633065 -3.346064612053159 -2.2729738123797123 -1.1762480036745562 -0.18296372800428315 0.40975318680390505 0.8502238096675768 0.8425501054365024 0.9926477601963181 0.8931965533615934 0.2056326542573255 -0.36958821490401306 0.10710229193032991 0.09421046882212489
-6.457291255499972 -6.857858616362057 -7.058909667216207 -7.249524480316095 -7.216067129868611 -7.0951295511868775 -6.8010732050521066 -6.648826913107589 -6.7172763548487735 -6.870443491301019 -6.810895546467881 -6.679214781862644 -6.692720501309335 -6.693641345817064 -6.639004571691815 -6.587130331089751 -6.500263999193989 -6.366434597404051 -6.149729189918509 -5.9661741847112095 -5.752231310748854 -5.732893576086547 -5.710179411562566 -5.720001752978342 -5.679177646469026 -5.68992083239253 -5.48580029984595 -5.26203508446782 -4.572629496348094 -3.6410418026956597 -2.3997434062770617 -1.230884777799806 -0.16638852686516242 0.5046001710999849 1.0914850706925567 1.3207753531170603 1.3833927796426275 1.5678686293576567 1.4254446788289155 0.12858866377733832 -0.8382980693380386 -0.12341578317114565 0.9536653427024601
-6.800152360544377 -7.181075038574911 -7.358798028566595 -7.494469119371991 -7.491706585848804 -7.396859601552724 -7.1040310480949245 -6.8597003053775145 -6.9272289026109695 -6.968053009120285 -6.876275506516635 -6.763932476573706 -6.763011632065977 -6.728940385280007 -6.715127717664073 -6.661411788046552 -6.57454545615079 -6.44163689886858 -6.368583234588752 -6.216336942644236 -6.0950924157932596 -6.020810958836459 -5.964332495695752 -5.911537410585959 -5.869485511399671 -5.59507384809645 -5.388190782026684 -4.838139662743269 -4.004161486910101 -2.909584315389646 -1.5688347121363233 -0.4389585011529258 0.37077076931004704 1.0386899855827647 1.4254446788289155 1.657804442945849 2.21061809575245 2.518180161333913 2.264334025369971 0.37169161381777593 -0.5970368083130588 0.22711902610433385 1.3042001519779396
-7.124289627264961 -7.5297681588349334 -7.6645184051326 -7.721917712781036 -7.733888691381512 -7.643032033285592 -7.367699525474642 -7.123368782757232 -6.911574545979578 -6.895920189348186 -6.852947445654169 -6.798310671528919 -6.7952411898364895 -6.6663229587544395 -6.670313284954598 -6.683819004401289 -6.596952672505527 -6.599101309690227 -6.542315898380276 -6.515918355825381 -6.491669450455186 -6.344948225557043 -6.181037903181293 -6.1027661200243335 -5.790292883734984 -5.515881220431762 -5.017090445411925 -4.409640018480074 -3.464239657211705 -2.330373120028149 -1.0101890441141057 -0.05496634142996182 0.6841648501071264 1.1881737440040943 1.5758492817579741 2.2182917999835245 2.8794581565328965 3.2886200661337845 2.96540364392093 1.1089811163394063 0.3014004830611342 0.954586187210189 1.0248773179668307
-7.450575531170245 -7.844083084139742 -7.927266038004588 -7.945682928159167 -7.917443696588813 -7.810011837353771 -7.53253069235812 -7.193659913513874 -6.954547289673594 -6.712365184140886 -6.707454013432998 -6.70254284272511 -6.786646641097686 -6.582526108551106 -6.409407341098068 -6.484609642562597 -6.690878812293877 -6.714206873156344 -6.7053053762482975 -6.749505912619286 -6.739683571203511 -6.5539799288115095 -6.338195365833697 -5.958500480480135 -5.627303405866963 -5.248529365021129 -4.72886611449277 -4.034549355665156 -3.1293592045676175 -1.9798383107526694 -0.7719972647815557 0.0865367645910505 0.8394806237440725 1.3883039503505152 2.024914453360449 2.72414238289595 3.2760351911948224 3.603241939607836 3.3315928098278014 2.089373568901474 1.336429709748452 0.8385597792363436 0.7906758648344393
-7.7387998620894 -8.037460430762817 -8.100998701796113 -8.134149104074355 -7.984665345653025 -7.931870260543232 -7.6077329938226494 -7.238781294392591 -6.986776847444107 -6.692720501309335 -6.545385380072706 -6.535563038656931 -6.805984375759993 -6.543236742888006 -6.217257787151964 -6.33635367681824 -6.64575743141516 -6.819797043375928 -6.843125104238394 -6.788488330113144 -6.688730175109177 -6.521750371040997 -6.291232295939522 -5.886060712538792 -5.517109013108734 -5.116541652246649 -4.617443929057569 -3.9750014108320184 -3.071652948749938 -1.8460089089627314 -0.715211853471605 0.1608182215478509 1.0356205038903348 1.8815696583239792 2.5522514081198833 3.1431266339126136 3.606004473131023 3.9497864226831565 3.890238477850019 3.2124969201615263 2.752688562635547 1.8238634025062992 0.7486239656481515
-7.890125309526188 -8.31095124955831 -8.289464877711302 -8.258156164448517 -8.078591485441375 -8.017815747931266 -7.688767310502795 -7.344985360950661 -7.1399439838963525 -6.914337079502765 -6.783577159405256 -6.728019540772277 -6.848957119454011 -6.558891099519397 -6.202524275028301 -6.315788149478959 -6.629182230276039 -6.839134778038235 -6.929070591626427 -6.817648406191227 -6.690878812293877 -6.503333480886418 -6.247338707737776 -5.998403742481722 -5.657691274622017 -5.217220651758346 -4.698478245737715 -3.9992503162022137 -2.9838657723464466 -2.039386255585807 -1.2152304211684142 -0.11267259724764145 1.2154921310667193 2.2710868850933164 3.0271002259387685 3.571012381837323 3.944875251975269 4.303390713651066 4.702730281836179 4.703651126343908 4.461469020811199 3.4734028640180568 1.8815696583239792
-8.21917374695466 -8.522745486335964 -8.359756008467942 -8.451533511071592 -8.263988179664134 -7.979754174945137 -7.683856139794908 -7.425098833123078 -7.212383751837695 -7.037423295369198 -6.957309823196781 -6.981865676736219 -7.094208706679149 -6.928149747118699 -6.580377471366406 -6.426289490406432 -6.4308937129450765 -6.62826138576831 -6.893771552163485 -6.826549903099274 -6.6528172393077485 -6.53648388316466 -6.387920969251059 -6.242427537029888 -5.896803898462297 -5.352891742563742 -4.703389416445603 -3.9096214507832645 -3.0246898788557623 -2.45837050660247 -1.8061056469611445 -0.7612540788580515 0.6111111858272978 1.7790489697968246 2.7348855688194544 3.4614318854175807 3.9946008553926315 4.340531442129466 4.841470854334005 5.0864154933899 5.029937030249192 4.589466407385521 3.3297511208123436
-8.515071782104888 -8.710290817743422 -8.713360299435852 -8.627414812047817 -8.396896736946342 -8.071531677548787 -7.795278325230108 -7.5131929576958125 -7.279605400901907 -7.230800641992274 -7.238781294392591 -7.229879797484545 -7.287586053302224 -7.252287013839282 -6.923238576410811 -6.623350215060422 -6.57454545615079 -6.708374857940727 -6.911574545979578 -6.878424143701336 -6.734772400495623 -6.670313284954598 -6.5539799288115095 -6.331442506110352 -5.929033456232809 -5.39095331554987 -4.7521941753552355 -4.003240642402373 -3.3948693709627924 -2.873364431418975 -2.1830379987915203 -1.337395792527119 -0.07154154256908257 1.1909362775272812 2.2692451960778586 3.233062447500806 3.828848844001424 4.161887607630054 4.456557850103311 4.752455885253541 4.8970284729669835 4.506590401689917 3.6762956038876644
-8.62434533035539 -8.76983876257656 -8.998515148662577 -8.689725290404143 -8.571550245245596 -8.394748099761642 -8.133228259566627 -7.811853526369228 -7.554017064205128 -7.5012219790953365 -7.4877162596486455 -7.617555335238425 -7.625229039469499 -7.631368002854359 -7.410672269168658 -7.124289627264961 -7.008263219291115 -7.115695078526158 -7.125517419941932 -7.085307209771103 -6.956388978689052 -6.884256158916953 -6.753189290650202 -6.492590294962914 -6.09202293410083 -5.545348244679088 -4.901677933776566 -4.364518637601356 -3.8549846766580145 -3.523787602044843 -2.844204355340892 -1.704505802941719 -0.14797163671058378 1.071840387861006 1.9693568347274701 2.829732553115534 3.601093302423135 4.206702040339528 4.4712913622269745 4.73588068411442 4.923426015521879 4.244763613325658 3.2760351911948224
-8.745589857206364 -8.907658490566655 -9.146771114406935 -8.879419258996302 -8.873280295611442 -8.729935500574973 -8.652584561925742 -8.333358465913046 -7.962258129298287 -7.868638937679179 -7.841320550616555 -8.064778817825442 -8.01413236990035 -8.019964385115967 -7.80786320016907 -7.639962551593162 -7.524856988127046 -7.430930848338694 -7.408523631983957 -7.268862214978403 -7.168183215466707 -7.119378456557073 -6.950556963473436 -6.681977315385831 -6.278647421000559 -5.731665783409575 -5.219062340773804 -4.745441315631891 -4.510012069822527 -4.171141290978281 -3.389037355747176 -1.8217600035925363 -0.19462775843551627 1.1178826132474526 2.0141712674369447 2.8386340500235807 3.6762956038876644 4.610952779232528 5.043442749695883 5.283783166213134 5.291763818613451 4.587624718370063 2.72414238289595
-8.890162444919806 -9.090292651266227 -9.253282129134249 -9.19373418430111 -9.167336641746214 -9.166415797238486 -9.088144014081527 -8.810048972747389 -8.437720843455658 -8.30910956054285 -8.267978505864292 -8.43986948064036 -8.297138581942376 -8.29345520391146 -8.150724305213476 -7.986813982837726 -7.934939742235662 -7.838251068924125 -7.592999481698986 -7.390106741829379 -7.389185897321649 -7.332400486011699 -7.137181450373165 -6.801994049559835 -6.398664155174563 -5.863653496184055 -5.349822260871312 -5.294264642238333 -5.255282224744475 -4.764165153955712 -3.5376002696607767 -1.8763967777177861 -0.1516550147414995 1.1645387349723852 2.3248028147108375 3.1587809905440056 4.282825186311786 5.18433195937841 5.669617014951556 5.808357587449382 5.699697935537367 5.130616029760889 3.271124020486935
-8.93497687762928 -9.284590842397032 -9.392022701632074 -9.450649801957482 -9.431005119125931 -9.474898707327677 -9.406756213755736 -9.127433379744627 -8.839209048825472 -8.730856345082701 -8.65749573263363 -8.725945174374814 -8.512923144920189 -8.458286370794937 -8.343180807328821 -8.374489520591606 -8.321694435481813 -8.079512329949106 -7.791287999029949 -7.534679329542821 -7.586246621975641 -7.47482443654044 -7.245534154115936 -6.897761878363644 -6.375336094312098 -5.8403254353215885 -5.592311314573263 -5.5959946926041795 -5.947757294556631 -5.368546099195133 -3.7377304760071977 -1.9153791952116441 -0.24251167283742064 1.3843136241503566 2.544577703888809 3.941191873944353 5.153944090623355 5.84641916043551 6.171477271663823 6.153060381509245 5.8639152060823605 5.421602894203231 4.162808452137782
-9.039339255171893 -9.511118591298349 -9.539357822868702 -9.592152907978495 -9.641878511395857 -9.792283114324915 -9.689762425797761 -9.440827460541707 -9.192813339793382 -9.015090349801698 -8.942650581860356 -8.963216109199635 -8.65964436981833 -8.584442068353802 -8.512002300412458 -8.54822218438313 -8.502179958996683 -8.254165838248358 -7.97392215972952 -7.715164853057691 -7.682935295287178 -7.492627430356533 -7.282674882594336 -6.872285180316477 -6.313946460463502 -5.784460868519367 -5.539516229463471 -5.915527736786118 -6.4173879934983855 -5.808095877551076 -4.127247702776535 -2.317788245089187 -0.6556639086384675 1.1452010003100777 3.1900897038067892 4.670500724065667 5.854092864666585 6.548409623494199 6.684080714299594 6.45571127638282 6.1352573876931515 5.58551321657898 4.459627331795741
-9.382200360216299 -9.695594441013377 -9.652621697319361 -9.65661202351952 -9.872396586497333 -10.000393973071654 -9.867485415789444 -9.631135325472352 -9.425173103910314 -9.210309385440231 -9.108709541420806 -9.103798370712918 -8.75142187242198 -8.692794772096573 -8.635088516278893 -8.63999968698678 -8.598868632308221 -8.42237343499351 -8.150724305213476 -7.860658285278862 -7.714244008549962 -7.463160406109207 -7.180154194067183 -6.786646641097686 -6.3440273810493135 -5.877466163799989 -5.786609505704067 -6.259002738169009 -6.421378319698544 -5.730744938901846 -4.5542126061935155 -3.373382999115784 -1.4887212399639065 1.2388201919291855 3.5581205587291183 5.094396145790217 6.21445001535784 6.86303149696825 7.033694679067345 6.760510808441095 6.359022603071282 5.78963374912556 5.149032919915467
-9.52677294792974 -9.889892632144182 -9.813769486171923 -9.791362269817187 -9.962332400085524 -10.021880344918662 -9.947598887961862 -9.733656013999507 -9.512039435806077 -9.400617250370876 -9.224122053056165 -9.144929425391478 -8.888013807735106 -8.78856260090038 -8.691873927588844 -8.683893275188526 -8.692794772096573 -8.562955696506792 -8.259077008956247 -7.954584425067213 -7.631368002854359 -7.299250083733457 -7.081316883570944 -6.768843647281593 -6.366434597404051 -6.018048425313272 -5.9572726878031625 -6.177047576981134 -6.165383546549901 -5.848919984060392 -5.438837229951775 -4.156714727023861 -1.3266526066036146 1.7133620615788276 3.911724849697028 5.258306468165967 6.1383268693855815 6.65584148272924 7.162612910149395 6.957571533095087 6.3571809140558235 5.885401577929368 5.482992528051826
-9.722912828076002 -10.07835880805937 -9.810086108141007 -9.825433516603157 -10.001314817579383 -10.0092954699797 -10.012058003502887 -9.826661309280128 -9.588162581778336 -9.61947129504112 -9.455560972665369 -9.354881973153674 -9.04824075207994 -8.884023481534946 -8.776591622299906 -8.715201988451309 -8.653812354602714 -8.520903797320505 -8.25324499374063 -7.903631028972879 -7.525777832634774 -7.214225440853153 -7.051235962985133 -6.786646641097686 -6.429052023929618 -6.196692259812685 -6.100924431008876 -5.9738478889422835 -5.948678139064359 -5.845236606029476 -5.328642837193547 -3.147776094722196 0.9303372818399936 4.219286915278491 5.9028976235762185 6.5026743462769945 6.395242487041953 6.3062275179614895 6.965552185495404 7.246716708521971 6.638345437082391 6.032736699165997 5.362054949370093
-10.02280118942639 -9.958342073885365 -9.883139772420837 -9.879149446220678 -10.055951591704632 -10.004384299271813 -10.012058003502887 -9.888971787636454 -9.717080812860386 -9.678098395366527 -9.446659475757324 -9.339227616522281 -9.049161596587668 -8.965057798215092 -8.82754501839424 -8.687883601388684 -8.566639074537708 -8.36466717917583 -8.119415591950691 -7.691836792195224 -7.370462058997828 -7.172173541666865 -7.041413621569357 -6.873512972993448 -6.733851555987894 -6.57362461164306 -6.413397667298226 -6.20436596404376 -6.252249878445664 -6.068694873238363 -5.005119466811449 -1.348138978450623 3.0611714727247388 6.476276803722099 8.030969280937777 8.103102100709876 7.646977121214812 6.607957568327336 6.692061366699912 7.090480090377295 6.8667148749991656 6.21751949705027 5.374639824309055
