static/data/ASCData/20210121/ASCV/21.asc
ncols 97
nrows 97
xllcorner 99.0
yllcorner 2.0
cellsize 0.25
NODATA_value -32767
[rows 38 to 56 of 97, columns 43 to 85 of 97]
-6.700451757157937 -7.121460811041095 -7.3136928913956485 -7.4681916267656145 -7.45155330141808 -7.190688129004945 -6.835341037654024 -6.4770228167767545 -6.228933501326905 -6.210215385310928 -6.497523610508539 -6.8695090272069965 -7.060849768703646 -7.019848181240079 -7.00618098541889 -6.915264421912717 -6.791368320664109 -6.64578297387318 -6.597056449641114 -6.531691600061512 -6.613694774988648 -6.716198743647569 -6.830290117459235 -6.723032341558163 -6.638949375962586 -6.490690012597945 -6.0726520882411315 -5.4573311633349775 -4.7181141371802156 -3.659500686943312 -2.460352810110266 -0.9299239910896961 0.7134077499320031 2.0943887537773938 2.9782997878651813 3.4596227711331538 3.842304254126455 3.8229919122052087 3.4028741971799543 3.3315670885476627 3.5719314672290134 3.5698516765605723 2.4538954264652
-6.701640208968476 -7.08135056243543 -7.190688129004945 -7.421247780249356 -7.4319438465442005 -7.465220497239271 -7.111656083604155 -6.720061212031817 -6.477914155634659 -6.5765556559093294 -6.924177810491754 -7.360636737911909 -7.387971129554288 -7.251299171342394 -7.053124831935149 -6.996376257981948 -6.922098019823311 -6.771758865790229 -6.638949375962586 -6.651725232925871 -6.700451757157937 -6.7973105797168 -6.950620863276228 -6.9925137895977 -6.894763628180932 -6.613694774988648 -6.158517731552516 -5.496550073082737 -4.749310997206843 -3.65088441131691 -2.381320764709476 -0.8324709426255635 0.8043243134381752 2.1695583307939352 2.9878074023494876 3.4617025618015957 3.538654816533944 3.473289966954343 3.1821192733724835 2.78101678731584 2.54659466768718 3.5523220123551336 3.0151417939918663
-6.871588817875438 -7.092046628730275 -7.237631975521204 -7.483641500302612 -7.508301875371279 -7.542469864924254 -7.26407502830568 -6.87426283444915 -6.8166229216380465 -6.928931617733905 -7.2795249018426755 -7.690729228288895 -7.621501910325044 -7.436994766738987 -7.226044570368456 -7.06174110756155 -6.9865715305450085 -6.916452873723255 -6.831478569269773 -6.897734757707278 -6.924177810491754 -7.065900688898434 -7.156520139451972 -7.175238255467949 -6.987759982355547 -6.704314225542186 -6.240520906479652 -5.626388433384037 -4.79150103648095 -3.644942152264219 -2.2814908126242663 -0.6791606590661354 0.8931610862759061 2.0709168305192645 2.8903543538853547 3.3562274636163303 3.4331797183486787 3.3755398055375756 3.1111092776928255 2.597400982587688 1.7758836685531558 2.3502030059957417 2.8523238959481323
-6.983897513971298 -7.219210972457862 -7.483641500302612 -7.684786969236203 -7.687758098762549 -7.599812664782721 -7.322606279974686 -7.155628800594068 -7.098880226640869 -7.125323279425345 -7.387971129554288 -7.642002704056827 -7.630118185951446 -7.515135473281875 -7.405500793759725 -7.239711766189647 -7.138099136388631 -7.068574705472145 -7.1722671259416035 -7.270017287358371 -7.391833597938536 -7.460169577044482 -7.495526018407993 -7.414414182338762 -7.223073440842111 -6.715307404789664 -6.250325633916592 -5.630250901768285 -4.721976605564464 -3.4916318687047907 -1.9095053959258093 -0.32856737495736577 0.9508009990870088 2.129448082188271 2.9809738044388925 3.4480353659804064 3.5202338134706017 3.449818043696214 3.0885286932926 2.667519639409442 1.9078018195228963 1.1638309861259817 1.6558500356887973
-7.072734286809029 -7.437886105596892 -7.7347019452788075 -7.929905155159707 -7.900788085801521 -7.762927675779089 -7.493446227739552 -7.326468748358934 -7.187716999478599 -7.198710178726078 -7.228718586942168 -7.3490493327591615 -7.469082965623519 -7.522860410050372 -7.439668783312699 -7.369550126490944 -7.267046157832025 -7.406689245570263 -7.544252542640061 -7.87523637187495 -8.16640706545681 -8.043402303066106 -7.873453694159142 -7.7875880508477575 -7.268828835547833 -6.760171460637482 -6.181989654810646 -5.548247726841149 -4.45724896476708 -3.156488458133018 -1.4798800664162493 -0.017787226501625897 1.197998975678955 2.3502030059957417 3.2029171800569016 3.701769827530313 3.7799105340731995 3.7466338833781294 3.3755398055375756 2.988995854160026 2.3796171883065624 1.363788003249034 0.49681240746141553
-7.346078203232816 -7.6859754210467415 -7.832452106695575 -8.126296816851145 -8.093020166156075 -7.809871522295349 -7.587333920772069 -7.39866719584913 -7.219210972457862 -7.041240313829766 -7.044211443356112 -7.112547422462059 -7.34310707370647 -7.413522843480859 -7.465220497239271 -7.428972717017855 -7.539498735397908 -7.695780148483681 -7.99734979540775 -8.469165164191416 -8.879181038827095 -8.609699590787558 -8.313775089963546 -7.840177043464072 -7.287546951563808 -6.664501089889157 -6.0726520882411315 -5.235684900669602 -4.082292418542277 -2.73874764672884 -1.222877362387363 0.15988631917383533 1.5212578681453457 2.6921800144781094 3.3630610615269245 3.81912944382096 4.185172601466727 4.250537451046327 4.096335828628996 3.5894611314344522 2.778045657789495 1.1638309861259817 0.11383381151548
-7.70944734430487 -7.972986533291717 -7.9887335197813485 -8.22196718759947 -8.029735107244916 -7.762036336921186 -7.491663550023745 -7.271799965074177 -7.047182572882457 -6.833261246985581 -6.909619275812661 -7.020739520097981 -7.311018874821938 -7.402826777186014 -7.4221391191072605 -7.577529193335129 -7.780754452937163 -8.13699288314599 -8.51700034956558 -8.736566821562512 -8.928204676011797 -8.788561588273557 -8.40082918508547 -7.749260479957901 -7.101851356167215 -6.463355620955566 -5.718196335748113 -4.806950910017946 -3.608694372042804 -2.2690120686136153 -0.794440484688341 0.7184586701267903 1.9538543271812516 2.744769007094425 3.304232696905284 3.863993499668777 4.388397861068759 4.640349644902857 4.604101864681443 4.208644524724855 3.2546148338153134 1.5533460670298775 0.1753361927108319
-7.982791260728657 -8.244547771999695 -8.25524383829454 -8.294165635089666 -8.037460044013415 -7.810762861153252 -7.447690833033832 -7.1535490099256265 -6.991622450739797 -6.842174635564618 -6.911401953528468 -6.953591992802574 -7.042428765640304 -7.180883401568005 -7.346969542090719 -7.72311454012606 -8.170269533841058 -8.610590929645463 -9.039324920297119 -9.134995291045444 -8.736566821562512 -8.406474331185526 -7.955456869086278 -7.256350091537181 -6.63597824643624 -6.022737112198527 -5.244598289248639 -4.274821611849466 -3.0940947380797623 -1.9965594910477327 -0.643804217702624 0.7731274534115475 1.6677345537941792 2.4907374325918843 3.342560267795141 4.019086460944012 4.443066644353516 4.745824743088123 4.792471476651748 4.321844559678619 3.691965100093372 2.4634030409495056 1.0426089014510849
-8.384190859737934 -8.475107423244108 -8.43291738397 -8.478969891628356 -8.128376607519586 -7.810762861153252 -7.472054095149865 -7.197521726915539 -7.020739520097981 -6.889118482080876 -6.895952079991471 -6.923286471633849 -7.041240313829766 -7.295271888332307 -7.537418944729465 -7.915346620480614 -8.398749394417028 -8.868484972532253 -9.139154872382328 -8.914537480190608 -8.272773502499978 -7.764116127589627 -7.277742224126868 -6.770867526932324 -6.248542956200785 -5.651643034357974 -4.865482161686953 -3.9485915898567296 -2.9523718596730815 -2.0773742141643305 -1.0989812611387553 -0.05403500672304107 0.9392135939342614 2.0085231104660086 2.9441317983122084 3.524987620712755 3.9929405211121716 4.580629941423313 4.839415323168007 4.032753656765202 3.3443429455109484 2.387342125075061 1.0143831709508029
-8.712203559446479 -8.861651374621658 -8.824512255542338 -8.708341091062229 -8.327442285784736 -7.934064736496591 -7.595058857540568 -7.311910213679841 -7.136019345720188 -7.105713824551463 -7.004398307703083 -7.00618098541889 -7.151766332209819 -7.420356441391453 -7.627444169377734 -7.806009053911099 -8.195524134814995 -8.560973066555492 -8.739537951088858 -8.41330792909612 -7.910592813238461 -7.337164814653779 -6.74442447414785 -6.299052158148658 -5.851897164433661 -5.298078620722858 -4.747528319491036 -4.013956439436331 -3.3763520430825853 -2.5756326357324717 -1.7856092946772018 -0.9845927743744534 0.2683325468854463 1.7027938822050563 2.6948540310518205 3.4536805120804623 4.178339003556131 4.9294405478162755 4.85011138946285 3.8892481006427135 2.8249895043057536 1.9253314837283346 1.1177784784676263
-8.92315375581701 -9.058934375170999 -9.170351732408955 -8.865513843005907 -8.593952604297927 -8.16254459707256 -7.844039511848322 -7.592979066872127 -7.414414182338762 -7.297351679000748 -7.130374199620132 -7.2649663671635825 -7.370441465348849 -7.6232845880408515 -7.880287292069736 -8.023792848192224 -8.112629621029956 -8.391024457648529 -8.23563438342066 -7.939709882596647 -7.505330745844935 -6.967259188623764 -6.462167169145028 -6.052151294509347 -5.625497094526134 -5.289462345096457 -4.8176469763127905 -4.459328755435521 -3.880255610750783 -3.326437067039981 -2.679919282107199 -1.584463825743611 0.3610317881074261 1.9811887188236303 3.631354057755924 4.5494330813966855 5.3424275519783 5.802358402656585 4.861995907568232 3.829825510115804 2.8033002587634317 1.7212148852683984 0.9187128002024774
-9.115682949124198 -9.31296594967354 -9.50816915955444 -9.137075081713887 -8.974851409575422 -8.558001937029147 -8.282578229936918 -8.028546655434377 -7.686866759904644 -7.550194801692751 -7.444719703507486 -7.652698770351671 -7.630118185951446 -7.6761706936098015 -7.893063149033022 -8.041322512397663 -8.134021753619644 -8.11352095988786 -7.88890356769614 -7.54811501102431 -7.156520139451972 -6.715307404789664 -6.3088568855856 -5.875369087691791 -5.514079737288176 -5.181907456242749 -5.091288005689211 -4.815864298596983 -4.662554015037554 -4.380296710034731 -3.682081271343538 -1.8949468612467162 0.15008159173689517 2.499650821170921 4.167642937261288 5.667766235113133 6.452738655973615 6.282790047066653 5.105034302823295 4.1881437309930725 3.250752365431065 2.1128097568407362 0.7350969954743252
-9.333466743405323 -9.553033215402257 -9.714365548682817 -9.408636320421865 -9.291276704131217 -8.951379486317292 -8.673281762651353 -8.283469568794823 -7.940898334407185 -7.867511435106451 -7.775703532742375 -7.97387787214962 -7.934956075354494 -7.900788085801521 -7.897816956275175 -8.045184980781913 -8.098962425208766 -8.072519372424292 -7.717172281073369 -7.357665608385563 -6.998456048650391 -6.564671137803947 -6.14306785801552 -5.6828398943846015 -5.322738995791527 -5.206270718358782 -5.11862239733159 -5.3147169460703925 -5.395828782139626 -5.473078149824609 -4.47091616058827 -2.3198183835141233 0.4157005713921833 2.7631900101577673 4.691155959803366 6.192170596513115 6.897219633114904 6.662797513486243 5.792553675219645 5.007581254359161 4.110894363308088 3.178256804988234 1.7984642529533814
-9.46716757209087 -9.73872881079885 -9.818652195057544 -9.605919320971205 -9.526590162617781 -9.187881396614394 -8.796286525042056 -8.406474331185526 -8.24751890152604 -8.209191330636184 -8.07638184080854 -8.238605512947005 -8.261186097347231 -8.205328862251935 -8.173240663367404 -8.15868212868831 -8.21216246016253 -8.033597575629166 -7.687758098762549 -7.3324110074116255 -6.948541072607787 -6.4484999733238375 -5.933900339360797 -5.482882877261549 -5.115651267805244 -4.999480103325135 -5.211321638553569 -5.453468694950729 -6.137125598962829 -6.498414949366442 -5.048206627557201 -1.865532678935896 0.9508009990870088 3.5044868269809712 5.435126793200281 6.600106680480353 7.303373039366335 7.2068113297601055 6.613773876301542 5.85227337869919 5.2203141284455 4.4068188641321 3.515182893275815
-9.539366019581067 -9.871538300626494 -9.865596041573804 -9.690893625424687 -9.560758152170754 -9.287414235746969 -8.881260829495538 -8.637925321287842 -8.544334741207958 -8.552059677976455 -8.420141527006715 -8.555922146360706 -8.469165164191416 -8.433808722827905 -8.355965129237653 -8.290303166705417 -8.06004062841364 -7.823538718116538 -7.618530780798698 -7.25427030086874 -6.8383121671803675 -6.3225240814067885 -5.766031521122276 -5.237764691338045 -4.857757224918455 -4.869344630071202 -5.12842712476853 -5.6828398943846015 -6.63211577805199 -7.268828835547833 -4.946593997756185 -1.2092101665661736 2.425372583012283 4.99569673625378 6.556431076443074 7.617718543253689 7.885417313577419 7.7448828869812765 7.087669035753651 6.391236274778263 5.991916466437427 5.507325240690475 4.7339402249827405
-9.818652195057544 -9.8156810655312 -9.692676303140495 -9.529561292144127 -9.380113476968948 -9.248492438951843 -8.97217739300171 -8.757067615294297 -8.76390121320489 -8.7502340173837 -8.728841884794013 -8.80312012295265 -8.554139468644898 -8.588307458197871 -8.39696671670122 -8.114709411698398 -7.847010641374668 -7.556137060745442 -7.335382136937971 -7.0052896465609855 -6.683813431810401 -6.152575472499825 -5.552110195225399 -5.162595114321503 -5.116542606663147 -5.171211389947905 -5.45822250219288 -6.000453640750935 -6.861784090438498 -7.3080477452955925 -4.331273072850031 0.15483539897904786 3.7534674812887245 6.1559228162916995 7.573745826263776 8.296621640023638 8.4175466117459 7.996834670815376 7.269205049813362 6.6987481807550235 6.346372218930446 5.844251328978057 5.501680094590419
-9.653754506345368 -9.844203908984115 -9.785375544362475 -9.539366019581067 -9.307915029478751 -9.102907092160912 -8.879181038827095 -8.854817776711062 -8.994460864449302 -9.007236721412587 -8.891956895790381 -8.847984178800468 -8.706261300393788 -8.66139724454597 -8.228800785510066 -7.922180218391208 -7.65656123873592 -7.2893296292796155 -6.9467583948919795 -6.682030754094594 -6.474943026108313 -5.993620042840341 -5.507246139377582 -5.310854477686144 -5.401771041192317 -5.690861944105734 -6.181989654810646 -6.937845006312942 -7.683895630378299 -7.544252542640061 -4.566883644289229 -0.05403500672304107 3.757329949672973 6.2126713902449 7.645052934896068 8.363769167319045 8.457656860351564 7.993863541289031 7.419544203846444 6.844333527545954 6.227229924923993 5.670440251686845 5.387291607826118
-9.823703115252332 -10.123490084460594 -9.930069552295501 -9.581258945902539 -9.429137114153649 -9.156684536587766 -8.94276321069089 -8.895819364174631 -9.001294462359896 -9.118654078650543 -9.044375840491906 -8.959401536038424 -8.807873930194804 -8.613562059171807 -8.153631208493524 -7.813733990679598 -7.4319438465442005 -6.983897513971298 -6.658558830836466 -6.404527256333925 -6.237549776953307 -6.010258368187875 -5.675114957616103 -5.376219327265744 -5.312934268354585 -5.610641446894405 -6.336191277227979 -7.554948608934904 -8.7502340173837 -9.017932787707432 -6.912590405339007 -2.390828379193781 2.3023678206215794 5.443148842921413 7.2409793193130785 7.968311827362459 7.9703916180309005 7.53482402946865 7.106090038816992 6.811056876850884 6.100362694149039 5.476128380663848 4.921418498095143
-10.587283403523127 -10.263133172198833 -10.056936783070453 -9.799042740183664 -9.677226429603499 -9.405665190895519 -9.17124307126686 -9.025657724475929 -8.935038273922391 -9.06487663422369 -9.040513372107657 -8.939792081164544 -8.696753685909481 -8.50927541279708 -8.118571880082646 -7.696671487341584 -7.248328041816048 -6.7512580720584445 -6.419382903965651 -6.197736641300278 -6.084239493393879 -5.903594818192072 -5.576473457341432 -5.219046575322068 -5.025626043156976 -5.236576239527507 -5.747313405106299 -6.771758865790229 -8.003292054460442 -8.504224492602294 -6.887038691412435 -3.021004951731663 1.4448998393182664 4.423457189479636 6.193061935371018 7.247812917223673 7.5395778367108015 7.323873833098119 6.776888887297911 6.579605886748569 5.855244508225535 5.246757181229976 4.71165675353515
