static/data/seaWind_vo/2023/7/14/0.asc
ncols 137
nrows 93
xllcorner 108.0
yllcorner 17.0
cellsize 0.25
NODATA_value -32767
[rows 0 to 18 of 93, columns 88 to 131 of 137]
4.421004389140508 5.390742243046621 5.945005254958097 6.325783054473525 6.566883016316238 6.63805643678641 6.7359198899329 6.915632776620086 6.9280881252023665 6.86759071780272 6.7136781960359695 6.5295169705693965 6.501047602381327 6.618483746157112 6.924529454178858 7.255485859365166 7.386267019479108 7.181643435627359 6.900508424770175 6.400515145967207 5.630062869377579 4.845375908693917 4.173676753006656 3.82047865392342 3.6790214807389505 3.5784890243248304 3.3391683979938724 2.8320577771438864 2.231532041926798 1.6514686650948849 1.0500532621219194 0.5215906151308816 0.11234344742738456 -0.1954815961061156 -0.4445885677517225 -0.6225221189271561 -0.7648689598675031 -0.9250091559253932 -0.36896680850216335 0.40682347462272705 1.308946579082175 1.1007643242069178 0.8125119713027156 0.4468585236371996
5.863155821417397 6.509944279940099 6.976130184019734 7.251927188341657 7.346231970464636 7.368473664361565 7.359576986802793 7.408508713376039 7.476123462822702 7.520606850616561 7.438757417075861 7.3729220031409515 7.420964061958319 7.623808310298312 7.638042994392347 7.622918642542436 7.501034159987263 7.256375527121042 7.178974432359729 7.041965597954645 6.735030222177022 6.343576409591067 5.839134792008714 5.1914566657301355 4.7822094980266385 4.608724285630591 4.333816949064546 3.715497858729914 3.2252909252415947 2.8098160832469574 2.4610663229431076 1.9895424123282086 1.6968417206446205 1.6060956095451493 1.5455982021455017 1.4521830877783992 1.3472022925848934 1.2609045202648081 1.626557967930324 1.7786911541853199 1.7502217859972504 0.9308377828343788 0.3481054027348338 0.04561836573659672
6.5944627167484295 7.164739748265694 7.578435254748577 7.78483817411208 7.912950330958392 7.903163985643744 7.774162161041554 7.750141131632871 7.796403854938482 7.838218239464711 7.750141131632871 7.743023789585854 7.871135946432165 8.17718165445391 8.126470592368912 7.911170995446637 7.539289873489981 7.126484034762976 6.912963773352455 6.794637961820792 6.770616932412109 7.009047890987189 6.84534902390579 6.357811093685102 5.888956186337835 5.487716028437232 5.029537134160491 4.375631333590773 4.082040974151307 3.7057115134152654 3.3142577008293115 3.146110494968527 3.316037036341066 3.6905871615653534 4.062468283522009 3.9895155275400818 3.9939638663194676 4.05001293493973 3.7439672269179836 2.679924590888891 1.5340325213190986 0.370347096631763 -0.12964618217120538 -0.2808897006703237
8.241237732877067 8.565966463772233 8.872901839549856 8.708313304712581 8.758134699041701 8.713651311247844 8.476999688184517 8.43785430692592 8.470772013893376 8.533048756804778 8.598884170739689 8.54461443763118 8.407605603226097 8.315080156614872 8.130918931148297 7.829321561905939 7.460109443216913 7.082000646969117 6.830224672055879 6.646063446589306 6.321334715694139 6.431653517422907 6.4343225206905394 6.436101856202294 6.1345044869599334 5.727926322524068 5.40052858836127 5.094482880339524 4.764416142909095 4.272429873909021 3.7679882563266673 3.9076660939993824 4.553564884766207 5.152311284471541 5.884507847558449 5.617607520795299 5.4539086537139 5.1167245742364535 4.373851998079019 3.024226012413355 1.4094790354962952 0.39525779379632375 -0.16701222791804637 -0.5985010895184728
10.833729573503133 11.033015150819619 10.836398576770765 10.474303800128757 10.343522640014815 9.941392814358334 9.549939001772382 9.431613190240718 9.300832030126774 9.298163026859143 9.372895118352824 9.255458974577039 9.086422100960377 8.518814072710743 7.8017418614737455 7.465447449752176 7.009047890987189 6.678091485800882 6.44677786927282 6.281299666679667 6.061551730978006 6.051765385663357 6.101586779992479 6.1345044869599334 5.893404525117221 5.58913815260723 5.276864770294344 5.065123844395577 4.877403947905496 4.467267112446121 4.314244258435248 4.402321366267088 5.027757798648737 5.843583130788099 6.719905870327111 6.4992682668695725 6.118490467354144 5.675435924927315 4.654097341180327 2.888106845764148 1.234214487588493 0.3027323471850982 0.06163238534238591 -0.3013520590554988
13.100603015478157 12.756301593953694 12.516091299866858 12.186914230192306 11.757204704103634 11.355074878447153 10.644230341501297 10.27590789056815 10.114878026754383 9.798156305662111 9.735879562750709 9.566842689134047 9.212754922294934 8.715430646759597 7.947647373437601 7.176305429092096 6.657629127415708 6.220802259280019 5.907639209211256 5.73682300008284 5.773299378073803 5.8702731634644145 5.926322232084676 6.099807444480724 5.963688277831517 5.637180211424597 5.162097629786189 4.771533484956112 4.6318556472833965 4.526874852089891 4.394314356464193 4.539330200672172 5.267078424979695 6.103366115504233 6.8239969977647394 6.8382316818587725 6.457453882343346 5.918315222281782 4.446804754060946 2.696828278250557 1.1310130279067416 0.26536630143825723 0.05273570778361414 0.16216484175650558
14.149521299657339 13.804330210376998 13.450242443537885 13.112168696304561 12.663776147342467 12.113071806454501 11.430696637696713 10.989421430781638 10.51789752016674 10.195837792539205 9.93961347884658 9.548159666260627 9.193182231665636 8.766141708844597 8.106897901739615 7.332886954126479 6.638946104542288 6.054434388930988 5.724367651500559 5.38807323977899 5.361383207102675 5.526861409695828 5.8649351569291515 6.057993059954497 6.0846830926308115 6.023296017475287 5.546434100325126 5.149642281203908 4.889859296487776 4.78487850129427 4.3578379784732295 4.633634982795151 5.313341148285307 5.5108473900900385 6.155856513100986 6.484143915019661 6.337348735299928 5.6256145305981935 3.864072373961401 2.6665795745507332 1.0954263176716548 0.6728341336300001 0.2929460018704493 0.40237513584334117
14.269626446700755 14.209129039301109 13.870165624311907 13.458249453340779 12.843489034029655 12.28299834782704 11.769660052685914 11.31237082616505 10.882661300076379 10.463627787058233 10.095305336125085 9.646912787162993 9.334639404850106 8.90937821754082 8.349777199094081 7.81330754230015 7.129153038030607 6.401404813723083 5.888956186337835 5.409425265920042 5.0268681308928596 5.178111649391978 5.4165426079670596 5.807996420553013 6.023296017475287 6.101586779992479 5.940556916178711 5.648745892251 5.391631910802499 4.887190293220144 4.519757510042874 4.831141224599882 4.50196415492533 4.1176276843863935 4.9868330818783875 6.3747147810467695 6.22347126254765 4.3178029294587565 2.414803599637495 1.5687295637983083 1.3641059799465596 1.1407993732213904 0.6852894822122806 0.5607359963894769
14.374607241894262 14.356813886776719 14.10503791186348 13.642410678807353 12.880855079776497 12.294564028653443 11.836385134376702 11.490304377340484 11.10507823904567 10.730528113821382 10.276797558324027 9.870219393888162 9.61310541243966 9.21720326107432 8.829308119511875 8.39692959015557 7.718113092421293 6.876487395361492 6.121159470621776 5.501950712531267 5.028647466404614 5.005516104751807 5.157649291006804 5.250174737618028 5.621166191818808 5.786644394411961 5.751947351932751 5.543765097057494 5.428108288793462 5.033985472939877 4.952136039399178 4.808009862947076 4.1879114371006905 3.390769127834748 3.885424400102453 5.136297264865751 4.940570358572774 2.9174658817080945 1.5402601956102386 1.2475595039266505 1.3899063448669975 1.0847503046011289 0.9655348253135885 0.8525470203171881
14.64506623968092 14.74559869609504 14.463574017481978 13.942228712537958 13.076581986069474 12.463600902270105 11.98495964960819 11.649554905642496 11.33461252006198 10.960952062593568 10.496545494025687 10.025021583410789 9.693175510468604 9.327522062803089 9.002793331907922 8.59532549971618 7.910281327690761 7.123815031495344 6.334679732032296 5.751057684176875 5.348038190764518 5.188787662462504 5.213698359627065 5.227043375965222 5.3560452005674115 5.380066229976095 5.428108288793462 5.2910994543883785 5.250174737618028 5.089144873804262 5.029537134160491 4.808009862947076 4.17545608851841 3.687918158297722 3.784002275932456 3.6283104186539514 2.8009194056881856 1.6105439483245352 1.3587679734112965 1.255566513729545 1.2208694712503356 1.2609045202648081 1.244000832903142 1.2297661488091072
14.67086660460136 14.935987595852755 14.806096103494689 14.347027541462069 13.688673402112965 12.948469829223162 12.447586882664316 12.025884366378538 11.6104095243839 11.053477509204795 10.557932569181212 10.121105701045522 9.66025780350115 9.353322427723526 8.97877230249924 8.419171284052501 7.648719007462873 6.907625766817192 6.226140265815282 5.688780941265472 5.581131142804335 5.564227455442669 5.7804167201208205 6.0250753529870416 5.9601296068080085 5.931660238619939 5.875611169999678 5.67721526043907 4.849824247473303 5.458356992493286 5.291989122144256 4.453922096107963 3.1443311594567724 2.7110629623445917 2.2057316770063604 1.6763793622594454 1.2359938231002474 1.1319026956626188 0.9655348253135885 0.8614436978759596 0.8285259909085045 1.4157067097874352 1.5616122217512909 1.5206875049809412
14.742040025071532 15.246481642653887 15.155735531554415 14.71712932790697 14.217136049104003 13.613051642863406 13.024091588472722 12.426234856523264 11.82126078252679 11.116643919872073 10.494766158513933 9.950289491917106 9.433392525752472 9.124677814463094 8.528600418025393 7.755479138168134 6.979688855043243 6.483254247263783 6.104255783260109 5.897852863896607 6.0748967473161635 6.225250598059405 6.717236867059478 7.1976574552331485 7.200326458500781 7.284844895309112 6.5046062734048355 5.270637096003203 3.5793786920807076 4.75018145881506 4.8169065405058475 3.8649620417172783 1.8854512848905798 1.238662826367879 0.76713891575298 0.5892053645775464 1.0224735616897271 0.894361404843415 0.6897378209916663 0.6897378209916663 1.1505857185360393 1.7520011215090048 1.6621446781654108 1.5527155441925191
15.18865323852187 15.423525526073442 15.381711141547216 15.06587908821082 14.552540793069696 14.019629807299271 13.226935836812714 12.43691086959379 11.547243113716622 10.865757612714711 10.23854184482131 9.681609829642202 9.194071899421514 8.728775663097755 7.92629534729655 7.089117989016135 6.467240227657994 6.156746180856863 5.944115587202219 6.038420369325199 6.310658702623613 6.770616932412109 7.414736387667178 7.853342591314622 7.603345951913138 7.337335292905864 6.031303027278183 4.049123267183852 2.581171469986525 3.5171019491693056 2.8418441224585353 1.59008158993936 0.9619761542900798 1.2795875431382286 0.9361757893696419 0.7021931695739467 0.809842968035084 0.6212334037891245 0.8125119713027156 1.101653991962795 1.5954195964746232 1.679938033282954 1.6906140463534802 2.038474138901453
15.337227753753357 15.37370413174432 15.470677917134932 15.278509681865463 14.446670330120313 13.703797753962878 12.894200096114654 11.983180314096435 11.163796310933563 10.428041076823146 9.823956670582549 9.287487013788617 8.500131049837323 7.425412400737704 6.727023212374128 6.340907406323437 6.1549668453451085 6.1549668453451085 6.366707771243874 6.535744644860536 6.715457531547724 7.191429780942009 7.70298874057138 7.810638539032517 7.591780271086735 6.939653806028771 4.885410957708389 2.7813467150588878 1.6185509581274296 2.0998612140569772 1.4415070747078733 0.661268452803597 0.7190968569356129 1.2573458492412994 1.1568133928271795 0.8863543950405204 0.5900950323334235 0.44774819139307676 0.7164278536679813 1.1639307348741967 1.381899335064103 1.2609045202648081 1.318732924396824 1.7555597925325133
15.045416729825646 15.178866893207221 15.199329251592395 14.674425275624866 13.757177819315507 13.076581986069474 12.144210177910201 11.210059034239176 10.634443996186649 9.958296501720001 9.365777776305807 8.702975298177318 7.754589470412256 6.665636137218602 6.248381959712211 5.946784590469852 6.297313686285455 6.429874181911153 6.610476736354219 6.749264906271057 7.014385897522452 7.479682133846211 7.691423059744977 7.7714931577739215 7.558862564119279 6.017958010940024 4.0277712410428 2.3712098795995136 1.519797837225064 1.6487996618272533 1.3641059799465596 0.7546835671706995 1.3810096673082257 1.12834402463911 1.0304805714926215 0.5909847000893007 0.2413452720295739 0.04561836573659672 0.2715939757293975 0.6924068242592978 0.7102001793768411 0.618564400521493 0.6906274887475434 1.1461373797566534
14.708232650348199 14.694887634010042 14.323896179809264 13.795433532818226 12.912883118988075 12.254528979638971 11.320377835967944 10.593519279416299 10.14067839167482 9.51880063031668 8.989448315569765 8.323976834173644 7.243920178538762 6.581117700410271 6.165642858415634 6.326672722229402 6.691436502139041 6.701222847453689 6.665636137218602 6.805313974891318 7.044634601222276 7.237692504247622 7.458330107705159 7.485020140381474 6.964564503193332 4.9316736810140025 3.47172889361957 1.8311815517820726 2.1123165626392577 1.5616122217512909 1.27602887211472 1.307167243570421 1.986873409060577 1.519797837225064 1.1639307348741967 0.7253245312267531 0.20486889403860964 -0.2969037202761129 -0.07715578457445238 -0.08071445559796109 -0.04779674863050598 -0.08071445559796109 -0.09228013642436439 0.3596710835612371
14.446670330120313 13.8470342626591 13.475153140702444 12.953807835758425 12.089050777045818 11.405785940532153 10.81593621838559 10.085518990810437 9.741217569285972 9.168271534501075 8.637139884242407 7.699430069547871 6.5944627167484295 6.193222558847827 6.307989699355981 6.4699092309256265 6.7092298572565845 6.071338076292655 6.034861698301691 6.205677907430108 6.38717012962905 6.4138601623053635 6.976130184019734 7.003709884451926 5.616717853039422 3.2448636158708926 1.7804704896970742 1.6648136814330423 2.2813534362559196 1.6390133165126044 1.42994139388147 1.4610797653371708 1.9646317151636479 1.434389732660856 1.0767432947982343 1.0073492098398154 0.528707957177899 -0.13765319197409998 -0.8529460676993428 -0.8573944064787287 -0.7212752398295219 -0.457043916334003 -0.4686095971604063 -0.5210999947571593
13.9288836961998 13.140638064492629 12.642424121201415 12.132644497083799 11.329274513526716 10.813267215117959 10.28836323915043 9.819508331803164 9.42805451921721 8.835535793803015 7.811528206788395 6.82666600103237 5.555330777883897 5.464584666784426 5.603372836701265 5.869383495708537 6.071338076292655 5.009964443531193 4.548226878230944 4.741284781256288 4.825803218064619 4.767974813932604 5.38807323977899 5.424549617769953 3.7911196179794735 1.774242815405934 1.372112989749454 1.3320779407349814 1.3214019276644555 1.22264880676209 1.0447152555866563 1.144358044244899 1.457521094313662 0.9228307730314842 0.905927085669818 0.8721197109464858 0.804504961499821 -0.08160412335383826 -0.8992087910049555 -1.452582135160554 -1.283545261543892 -0.7933383280555724 -0.434802222437074 -0.4926306265690896
12.805233320526938 12.353282100541337 11.754535700836003 11.354185210691277 10.8506332608648 10.60241595697507 10.223417492971397 9.734100227238955 9.25812797784467 8.3061834790561 7.105132008621924 5.8604868181497665 4.535771529648663 4.536661197404539 4.673670031809624 4.965481055737335 5.03932347947514 3.4904119164929908 3.0384606965073893 3.284898664885365 3.2493119546502784 3.3382787302379953 3.4352525156286062 3.3453960722850122 2.0847368622070657 1.6238889646626926 1.1906207675505118 0.6479234364654394 -0.05580375843340013 0.30984968923211564 0.49223157918693516 0.6763928046535088 0.8018359582321894 0.6292404135920189 0.6888481532357891 0.8489883492936794 0.8018359582321894 -0.13765319197409998 -0.8173593574642561 -1.3698430338639773 -1.3894157244932748 -0.7621999565998716 -0.27466202637918347 0.2182139103767673
