static/data/seaWind_vo/2023/7/14/12.asc
ncols 137
nrows 93
xllcorner 108.0
yllcorner 17.0
cellsize 0.25
NODATA_value -32767
[rows 38 to 56 of 93, columns 0 to 42 of 137]
1.4851007947458545 1.0678466172394627 0.2102069005738727 -0.7159372332942588 -1.3022282844173123 -1.3600566885493284 -1.1554331046975799 -1.3244699783142417 -0.906326133051973 -0.5922734152273326 -0.3947671734226015 -0.30669006559076184 -0.0006443575690160408 0.5135836053279872 1.0571706041689366 1.4895491335252402 1.7439941117061102 1.7706841443824253 1.5909712576952373 1.2279868132973528 0.7279935344943846 0.3338707186407992 0.09188108904220949 0.12924713478905048 0.3561124125377284 0.6577097817800883 0.587426029065792 0.3045116826968526 0.13280580581255919 0.23511759773843366 0.6497027719771937 0.44063084934605934 0.2911666663586949 0.4050441391109727 0.8979200758669237 1.832960887293827 2.2822431040117968 2.2119593512975007 1.7715738121383025 1.4664177718724338 1.223538474517967 1.2048554516445464 1.1550340573154252
0.6105573907185984 -0.3867601636197069 -1.3600566885493284 -1.8155665795584386 -1.3048972876849438 -1.4872791776397634 -1.4436854576017821 -1.3547186820140653 -1.109170381391967 -0.9419128432870596 -0.7533032790410998 -0.5237689980247908 -0.11897016910067926 0.5856466935540376 1.414817042031558 1.5811849123805886 1.6238889646626926 1.5705088993100627 1.106102330742181 0.9050374179139409 0.5037972600133382 0.19953088750334702 0.0580737143188772 0.1105641119156302 0.38458178072579785 0.5349356314690392 0.5171422763514957 0.35789174804948276 0.12301946049791024 0.07586706943642074 0.12924713478905048 0.11590211845089327 0.236896933250188 0.7048621728415783 1.0500532621219194 1.397913354669892 1.4797627882105915 1.2778082076264743 1.365885315458314 1.106991998498058 1.3062775758145437 1.4557417588019077 1.201296780621038
-0.36184946645514593 -1.300448948905558 -1.3573876852816968 -1.1874611439091578 -0.7105992267589958 -0.7301719173882937 -0.8102420154172387 -0.9499198530899542 -1.0504523095040739 -0.9516991886017085 -0.8253663672671503 -0.5789283988891749 -0.187474586303221 0.4566448689518483 1.1496960507801621 1.404141028961032 1.3792303317964714 1.1826137577476172 0.9966731967692892 0.6648271238271057 0.3632297545847458 0.16127517400062885 0.23511759773843366 0.14170248337133096 0.16483384502413712 -0.06736943925980343 -0.1323151854388369 -0.09761814295962701 -0.013099706151296076 -0.016658377174804784 -0.05046575189813751 -0.01754804493068196 0.10344676986861279 0.4344031750549191 0.544721976783688 0.7262141989826303 0.841871007246662 1.0304805714926215 0.8400916717349076 0.7057518405974554 0.7351108765414018 0.71998652469149 0.3338707186407992
-1.373401704887486 -1.0700250001333718 -0.7986763345908354 -0.5104239816866332 -0.5068653106631245 -0.5130929849542647 -0.4401402289723366 -0.46594059389277476 0.05006670451598261 -0.06647977150392625 -0.1056251527625216 -0.31291773988190164 -0.019327380442436315 0.27960098553229207 1.0714052882629714 1.271580533335334 1.0553912686571822 0.8169603100821012 0.3676780933641315 0.18796520667694372 -0.008651367371910634 0.03761135593370213 0.07141873065703486 -0.0531347551657686 -0.0006443575690160408 -0.20793694468839607 -0.42501587712242506 -0.45437491306637146 -0.2524203324822545 -0.11274249480953902 -0.15188787606813436 -0.22039229327067655 -0.14210153075348542 -0.10295614949489007 -0.07003844252743496 0.0020246456986154904 0.006472984478001376 0.12924713478905048 0.3000633439174667 0.6016607131598266 0.5900950323334235 0.2004205552592242 -0.24708232594699142
-0.9899549021044267 -0.6865781973503124 -0.4339125546811968 -0.3307110949994452 -0.4525955775546171 -0.494409962080844 -0.42056753834303917 -0.1465498695328713 0.5376046347366705 0.5304872926896533 0.3570020802936056 0.14970949317422555 0.12301946049791024 0.3828024452140435 0.9548588122430623 0.7680285835088572 0.5509496510748282 0.079425740459929 -0.36451846972277746 -0.37608415054918076 -0.1251978433918195 -0.07804545233032956 0.05540471105124567 0.08654308250694642 0.24223493978545108 0.1657235127800143 -0.052245087409891866 -0.08516279437734697 -0.05847276170103166 -0.15010854055638 -0.3867601636197069 -0.4561542485781258 -0.6919162038855755 -0.6750125165239091 -0.6465431483358399 -0.7719863019145206 -0.7666482953792575 -0.6136254413683844 -0.1990402671296243 0.07675673719229748 0.30540135045272976 -0.08516279437734697 -0.30313139456725313
-0.7960073313232039 -0.7194959043177676 -0.5219896625130365 -0.5006376363719842 -0.40188451546961845 -0.4303538836576881 -0.41789853507540764 -0.15900521811515178 0.07052906290115768 0.4157201521814986 0.2662559691941344 0.4246168297402704 0.3899197872610607 0.7208761924473672 0.8712300431906086 0.6443647654419307 -0.043348409851120095 -0.5299966723159306 -0.6154047768801387 -0.4490369065311084 -0.1776882409885725 0.011810991013264438 0.1550474997094886 0.3338707186407992 0.4299548362755332 0.3596710835612371 0.3934784582845694 0.38725078399342916 0.10344676986861279 -0.3894291668873384 -0.6394258062888225 -0.8760774293521489 -1.1340810785565276 -1.6064946569273038 -1.4089884151225727 -1.5193072168513413 -1.10828071363609 -0.9632648694281114 -0.6803505230591722 -0.6251911221947877 -0.3698564762580405 -0.2186129577589222 -0.37252547952567205
-1.113618720171353 -1.0371072931659167 -0.8458287256523254 -0.642094809556454 -0.3102487366142701 -0.16078455362690613 -0.14832920504462566 -0.2764413618909378 -0.4383608934605827 -0.04245874209524292 -0.020217048198313492 0.13725414459194507 0.3970371293080781 0.7760355933117515 0.8605540301200825 0.460203539975357 -0.22928897082944788 -0.5219896625130365 -0.4321332191694425 -0.28355870393795524 -0.17679857323269532 0.013590326525018792 0.07230839841291203 0.20575856179448682 0.1434818188830853 0.04383903022484237 0.079425740459929 0.08921208577457795 -0.22661996756181635 -0.6972542104208381 -0.9098848040754817 -1.1483157626505625 -1.1669987855239832 -1.9757067756163287 -1.6580953867681796 -1.6767784096415999 -1.2648622386704713 -1.113618720171353 -1.1153980556831073 -1.0895976907626692 -1.0317692866306536 -0.8787464326197805 -0.7880003215203093
-1.1767851308386317 -1.2061441667825785 -1.0299899511188992 -0.5557970372363688 -0.18569525079146665 -0.029113725757085263 -0.19726093161786995 -0.37608415054918076 -0.5380036821188252 -0.4677199294045291 -0.6154047768801387 -0.6661158389651374 -0.3262627562200593 0.13013680254492765 0.06341172085414026 -0.08694212988910133 -0.19459192835023842 -0.40188451546961845 -0.47038893267216064 -0.5940527507390869 -0.5477900274334742 -0.5549073694804916 -0.584266405424438 -0.2186129577589222 -0.3369387692905854 -0.5291070045600534 -0.6145151091242615 -0.584266405424438 -0.6705641777445233 -0.9294574947047791 -1.0798113454480207 -1.023762276827759 -0.9917342376161811 -0.7933383280555724 -0.7328409206559252 -1.2266065251677531 -1.5201968846072185 -1.3467116722111707 -1.4036504085873096 -1.2097028378060872 -1.1287430720212646 -1.2639725709145941 -1.3271389815818733
-0.9757202180103919 -0.8191386929760105 -0.7132682300266273 -0.5335553433394393 -0.26754468433216605 -0.35651145991988287 -0.6474328160917171 -0.9152228106107443 -0.9419128432870596 -0.5887147442038239 -0.6056184315654902 -0.7452962692382052 -0.7995660023467126 -0.7123785622707501 -0.7924486602996952 -0.8876431101785522 -0.871629090572763 -0.9766098857662691 -1.278207255008629 -1.607384324683181 -1.8120079085349299 -1.8093389052672983 -1.4027607408314324 -0.562024711527509 -0.55223836621286 -0.7577516178204857 -0.8618427452581146 -0.7568619500646085 -0.8129110186848703 -1.343153001187662 -1.3520496787464338 -1.156322772453457 -1.0121965960013557 -0.7657586276233803 -0.6189634479036474 -1.0059689217102155 -1.3876363889815204 -1.4961758551985351 -1.5566732625981823 -1.0798113454480207 -0.8129110186848703 -1.056679983795214 -1.4570304739399398
-1.296000610126172 -0.9054364652960958 -0.8796361003756576 -0.9276781591930248 -1.3653946950845914 -1.6189500055095842 -1.6758887418857227 -1.5068518682690613 -1.1376397495800363 -0.779103643961538 -0.5824870699126836 -0.509534313930756 -0.5202103270012821 -0.6305291287300507 -1.0050792539543383 -1.4436854576017821 -1.8271322603848419 -2.1785510239563224 -2.5086177613867524 -2.725696693820781 -2.9134165903108635 -2.7835250979527966 -2.1634266721064113 -1.0531213127717054 -0.7372892594353111 -0.3191454141730419 -0.08961113315673286 -0.17501923772094097 -0.6536604903828569 -0.9098848040754817 -1.1385294173359135 -1.3137939652437156 -1.453471802916431 -1.480161835592746 -2.1643163398622884 -2.2150274019472866 -1.852042957549402 -1.438347451066519 -1.7203721296795815 -1.3938640632726607 -1.3867467212256432 -1.2897729358350323 -1.0504523095040739
-1.6847854194444944 -1.5273142266542359 -1.4970655229544123 -1.2452895480411739 -1.9436787364047503 -2.3102218518261437 -2.2799731481263197 -1.9143197004608044 -1.343153001187662 -0.3600701309433916 0.03405268491019342 -0.005092696348401926 -0.33960777255821695 -0.8849741069109207 -0.9481405175781998 -1.2497378868205598 -1.7194824619237044 -2.281752483638074 -2.9232029356255125 -3.4276445532078665 -3.5682120586364587 -3.255049008567696 -2.4872657352457 -1.2283858606795075 -0.2684343520880432 0.035832020421947774 -0.36540813747865464 -0.9979619119073209 -0.9499198530899542 -1.1065013781243356 -1.300448948905558 -1.5442179140159022 -1.8235735893613332 -2.5584391557158734 -2.711462009726746 -2.411643975996141 -1.7203721296795815 -1.250627554576437 -1.1927991504444209 -1.415216089413713 -1.1323017430447733 -1.1278534042653874 -1.2390618737500336
-1.7354964815294935 -2.0886945806127293 -1.6856750872003716 -1.135860414068282 -1.1741161275710001 -1.7016891068061608 -1.997948469513258 -2.1598680010829026 -1.3974227342961694 -0.5006376363719842 -0.018437712686559138 -0.21594395449129067 -0.6065080993213674 -1.076252674424512 -1.0477833062364423 -1.1429777561152994 -1.6349640251153734 -2.6278332406742924 -3.265725021638222 -3.3635884747847107 -3.3680368135640966 -2.781745762441042 -1.9187680392401893 -1.0050792539543383 -0.4606025873575117 -0.36540813747865464 -0.7728759696703977 -1.2746485839851203 -1.3751810403992404 -1.4890585131515177 -1.3689533661081001 -1.594928976100901 -1.6145016667301983 -2.002396808292644 -2.106487935730272 -1.5201968846072185 -1.3289183170936276 -1.0202036058042503 -0.6687848422327689 -0.5282173368041763 -0.34405611133760283 -0.5575763727481231 -0.10918382378603031
-2.151860991280008 -2.691889319097448 -2.2452761056471107 -1.4294507735077473 -1.220378850876613 -1.4472441286252908 -1.7835385403468602 -1.9997278050250125 -1.5504455883070425 -0.7328409206559252 -0.5059756429072473 -0.7221649075853991 -1.0379969609217938 -1.9588030882546623 -1.608273992439058 -1.5522249238187968 -2.196344379073866 -2.8546985184229707 -3.230138311403135 -2.9490033005459497 -2.5993638724862236 -1.9703687690810656 -1.390305392249152 -0.8529460676993428 -0.7105992267589958 -0.7399582627029422 -1.156322772453457 -1.283545261543892 -1.4045400763431868 -1.4303404412636245 -1.452582135160554 -1.6145016667301983 -1.4063194118549411 -1.5860322985421291 -1.7515105011352818 -1.4872791776397634 -1.3805190469345034 -0.9997412474190752 -0.6020597605419815 -0.34761478236111154 -0.3084694011025162 0.6078883874509668 1.0144665518868325
-2.6224952341390293 -3.036190740621912 -2.6029225435097323 -1.8057802342437896 -1.517527881339587 -1.665212728815197 -1.7417241558206338 -1.7194824619237044 -1.3084559587084525 -0.9534785241134625 -0.7372892594353111 -0.9116641395872356 -1.505072532757307 -2.3849539433198257 -1.8484842865258932 -1.772862527276334 -1.9258853812872068 -2.4525686927664903 -2.5789015141010485 -2.212358398679655 -2.026417837701327 -1.9089816939255413 -1.3440426689435392 -0.949030185334077 -1.113618720171353 -1.0379969609217938 -1.2524068900881913 -1.3698430338639773 -1.0629076580863543 -1.0006309151749524 -1.0646869935981087 -1.457920141695817 -1.16166077898872 -1.1821231373738947 -1.3547186820140653 -1.480161835592746 -1.3502703432346794 -1.066466329109863 -0.8903121134461838 -0.5976114217625956 0.38814045174930634 1.2804772108941058 1.4922181367928717
-2.934768616451916 -2.9925970205839314 -2.635840250477187 -2.571784172054031 -2.2835318191498284 -2.1331779684065872 -2.1500816557682536 -2.1233916230919383 -1.618060337753707 -1.2604138998910854 -0.7444066014823281 -0.8680704195492543 -1.6963511002708977 -1.632295021847742 -1.16788845327986 -1.296000610126172 -1.4490234641370452 -1.6438607026741447 -1.8378082734553671 -1.7488414978676503 -1.952575413963522 -1.8351392701877356 -1.3369253268965222 -0.9000984587608327 -1.2435102125294195 -1.3698430338639773 -1.495286187442658 -1.6136119989743212 -1.305786955440821 -0.8769670971080261 -0.8840844391550435 -1.2799865905203833 -0.4490369065311084 -0.47038893267216064 -0.7292822496324165 -0.9045467975402186 -0.7595309533322401 -0.6349774675094366 -0.4276848803900566 -0.010430702883664544 0.9771005061399916 1.2217591390062128 1.1835034255034944
-3.2781803702205026 -3.075336121880508 -2.885836889878671 -2.8618158604699873 -2.810215130629112 -2.5975845369744692 -2.5290801197719266 -2.67587529949166 -2.0753495642745716 -1.5984876471244092 -1.0228726090718818 -0.8182490252201333 -1.3440426689435392 -0.6154047768801387 -0.37608415054918076 -0.5397830176305796 -1.0486729739923195 -1.1892404794209122 -1.4979551907102895 -1.687454422712126 -1.7942145534173863 -1.2328341994588934 -0.7248339108530306 -0.6331981319976823 -0.7880003215203093 -1.2043648312708242 -1.2639725709145941 -1.453471802916431 -1.5646802724010769 -1.0549006482834598 -0.9668235404516201 -0.7444066014823281 0.274262978997029 0.35789174804948276 0.12568846376554177 -0.021996383710067846 0.10611577313624432 0.2867183275793095 0.5856466935540376 0.9130444277168355 0.9023684146463093 0.9397344603931506 0.6852894822122806
-3.8021946784321545 -3.045977085936561 -2.879609215587531 -2.865374531493496 -2.8324568245260413 -2.666978621932888 -2.247945108914742 -2.2924284967086 -2.107377603486149 -1.7052477778296695 -1.4872791776397634 -1.1474260948946853 -0.6483224838475943 -0.20081960264137866 -0.11897016910067926 -0.2604273422851491 -0.739068594947065 -1.2319445317030162 -1.3653946950845914 -1.3395943301641533 -1.023762276827759 -0.3582907954316372 -0.1581155503592746 -0.40188451546961845 -0.06292110048041755 -0.2221716287824309 -0.59939075727435 -0.986396231080918 -1.098494368321441 -0.6349774675094366 -0.3591804631875144 0.28404932431167795 0.3534434092700969 0.4059338068668499 0.44329985261369087 0.40326480359921835 0.6817308111887719 0.9379551248813962 0.8507676848054337 0.9521898089754308 0.995783529013412 0.6007710454039497 0.5429426412719336
-4.115357728500918 -3.1331645260125236 -2.7248070260649038 -2.6589716121299936 -2.6936686546092026 -2.6349505827213098 -2.4632447058370164 -1.957023752742908 -1.5931496405891465 -1.448133796381168 -1.5878116340538835 -1.5842529630303748 -0.3858704958638297 -0.4356918901929512 -0.5949424184949641 -0.6670055067210146 -0.6180737801477703 -0.7123785622707501 -0.9970722441514437 -1.2550758933558224 -0.40277418322549563 0.1737305225829089 0.07052906290115768 -0.3627391342110231 0.3000633439174667 0.16750284829176865 -0.37608415054918076 -0.5460106919217198 -0.434802222437074 -0.021996383710067846 0.38102310970228914 0.4148304844256214 -0.24174431941172836 -0.4481472387752312 -0.23017863858532506 0.3303120476172905 1.0473842588542879 1.0367082457837618 0.9521898089754308 0.9895558547222718 0.9077064211815724 0.47710722733702315 0.3196360345467646
-3.5281770096219867 -2.2532831154500053 -1.7897662146380005 -2.001507140536767 -2.2034617211208833 -1.902754019634401 -1.5780252887392345 -1.513079542560201 -0.9525888563575857 -0.6038390960537359 -0.37252547952567205 -0.005092696348401926 0.14081281561545378 -0.8956501199814468 -1.123405065486002 -0.7461859369940824 -0.23373730960883377 -0.11185282705366184 -0.6340877997535594 -1.123405065486002 -0.6385361385329453 -0.18658491854734383 -0.1136321625654162 -0.2604273422851491 -0.14032219524173106 -0.13409452095059127 0.08476374699519207 -0.0727074457950665 -0.6349774675094366 -1.1954681537120524 -1.098494368321441 -1.3831880502021345 -1.6572057190123024 -1.4926171841750264 -1.130522407533019 -0.7239442430971534 0.37212643214351737 0.9263894440549929 0.7858219386264005 0.6790618079211403 0.6114470584744756 0.385471448481675 0.09188108904220949
