static/data/seaWind_vo/2023/7/14/18.asc
ncols 137
nrows 93
xllcorner 108.0
yllcorner 17.0
cellsize 0.25
NODATA_value -32767
[rows 19 to 37 of 93, columns 86 to 128 of 137]
10.644230341501297 11.666458593004164 11.540125771669604 11.71094198079802 11.799908756385738 11.870192509100034 11.954710945908365 11.59795417580162 11.33105384903847 10.875543958029361 10.441386093161302 8.84621180687354 7.415626055423056 6.407632488014224 6.3489144161263305 6.078455418339672 5.454798321469777 4.611393288898222 4.238622499185689 3.511763942634043 3.8080233053411394 4.292002564538318 4.911211322628828 5.0117437790429475 4.853382918496812 4.072254628836658 2.3516371889702157 1.292042891720509 1.1078816662539352 1.2938222272322633 1.8338505550497042 1.4290517261255928 1.5224668404926955 1.4797627882105915 1.1149990083009527 0.9504104734636765 1.207524454912178 1.4388380714402418 1.4103687032521721 4.0580199447426235 6.331121061008787 7.161181077242185 5.315120483797061
11.218955711797948 11.418241289114432 11.510766735725658 11.814143440479773 11.833716131109071 11.735852677962582 11.627313211745568 11.398668598485136 11.121981926407337 10.20028613131859 8.119353250321895 6.315996709158876 5.492164367216619 5.219036366162328 5.2617404184444325 4.679008038344887 3.540233310822112 2.0108944384692604 0.49223157918693516 0.9851075159428861 2.401458583299337 3.8533963608908754 4.813347869482339 4.54911654598682 3.830264999238069 2.7946917313970454 1.7235317533209353 1.1728274124329685 1.7448837794619874 2.712842297856346 3.6292000864098286 1.9877630768164543 1.3418642860496304 0.82051898110561 -0.09939747847138136 0.24045560427369672 0.6817308111887719 1.085639972357006 1.4237137195903298 4.578475581930767 6.545530990175186 7.220788816885955 6.470798898681503
10.939600036452516 11.078388206369354 11.616637198675042 11.428027634429082 11.414682618090925 11.35952321722654 11.296356806559261 10.4298204123349 9.460082558428788 8.220775374491891 5.927211899840554 5.068682515419086 4.705698071021202 4.714594748579973 4.1176276843863935 3.37742411149659 2.533129411169158 1.482431791478223 1.3436436215613847 2.574943795695385 4.506412493704716 6.391618468408435 6.699443511941935 5.146973277936278 3.5526886594043923 2.3347335016085498 1.392575348134629 1.2573458492412994 2.4352659580226694 4.5304335231134 6.040199704836954 3.910335097267014 2.54202608872793 1.7911465027676001 1.2964912304998948 1.5171288339574325 1.7600081313118991 1.8765546073318082 2.075840184648294 4.365844988276123 5.568675794222054 6.136283822471688 6.703002182965443
11.062374186763567 11.147782291327774 11.470731686711186 10.94137937196427 10.968959072396464 11.05792584798418 9.880895406958688 7.178084764603851 6.280409998923789 5.48860569619311 4.0580199447426235 4.192359775880076 4.679897706100764 4.689684051415413 3.0927304296158966 1.9886527445723314 1.3907960126228747 1.3703336542376996 1.4094790354962952 2.6301031965597694 6.53752398037229 9.219872264341952 9.838191354676583 5.958350271296254 4.28221621922367 2.643448212897927 1.3231812631762099 1.6078749450569036 2.9014518621023058 4.801782188655936 6.708340189500706 6.637166769030534 5.2661887572238175 4.515309171263488 4.076702967616044 4.059799280254378 3.8596240351820152 3.872969051520173 3.900548751952365 4.551785549254452 5.574903468513195 5.80888608830889 6.212795249477124
11.097071229242776 11.137995946013126 11.13977528152488 10.496545494025687 9.718975875389043 9.055283729504676 7.430750407272967 4.8169065405058475 3.166572853353702 3.3249337138998376 3.630979421921583 4.89163863199953 6.3542524226615935 5.167435636321452 3.6630074611331613 2.617647847977489 2.3614235342848646 2.477970010304774 1.8089398578851434 2.1870486541329397 4.842706905426286 9.913813113926143 10.550815227134194 6.990364868113769 4.334706616820423 2.893444852299411 2.0375844711455757 3.736849884870966 5.016192117822333 6.045537711372217 7.0179445685459605 7.006378887719558 6.667415472730356 6.195891562115458 5.886287183070204 5.527751077451705 5.273306099270835 5.103379557898296 5.071351518686718 5.352486529543903 5.508178386822408 5.80888608830889 6.066000069757392
11.299025809826892 11.049918838181286 10.862198941691203 9.310618375441424 7.739465118562345 6.505495941160712 5.377397226708464 3.252870625673787 2.3916722379846886 4.363175985008493 5.7448300098857334 7.079331643701487 7.799962525961991 5.493054034972495 3.6167447378275486 2.7573256856502044 3.0162190026104603 3.3053610232705397 2.3471888501908302 2.580281802230648 5.0864758705366295 9.139802166313007 9.4244958481937 6.187884552312564 3.7626502497914043 2.5304604079015265 2.4833080168400365 4.9912814206577725 6.670084475997989 7.139829051101133 7.072214301654469 7.031289584884119 6.8088726459148265 6.629159759227639 6.484143915019661 6.054434388930988 5.819562101379416 5.632731872645211 5.5357580872545995 5.487716028437232 5.571344797489687 5.818672433623539 5.961019274563886
11.15578930113067 10.906682329485061 9.345315417920633 7.334666289638234 5.692339612288981 5.040213147231017 3.9094454295111367 2.59540615408056 2.448610974360827 5.362272874858552 8.374687896258642 9.71363786885378 7.181643435627359 4.487729470831296 2.603413163883454 2.218187025588641 2.5393570854602983 2.9050105331258145 2.7164009688798547 2.9610596017460757 4.935232352037511 8.289279791694433 8.208320025909611 6.166532526171512 3.7332912138474574 2.929921230290375 3.3622997596466786 5.882728512046695 6.549979328954571 7.021503239569469 6.987695864846138 7.017054900790084 6.847128359417544 6.60691806533071 6.460122885610977 6.197670897627212 5.9948266492872175 5.800879078505996 5.666539247368544 5.617607520795299 5.5508824391045115 5.67721526043907 5.819562101379416
10.744762797915417 8.828418451755997 7.112249350668941 5.599814165677756 5.0215301243575965 4.560682226813224 3.766208920814913 2.2377597162179383 1.7635668023354079 5.784865058900206 8.682512939792142 9.041049045410642 5.492164367216619 3.3934381311023794 2.6781452553771365 2.2911397815705685 2.9334799013138837 3.2190632509504544 3.3854311212994848 4.468156780201998 6.562434677536851 7.575766251480946 7.4369780815641064 5.9254325643287995 5.155869955495049 4.396983359731825 5.2608507506885545 6.4085221557701 6.818658991229476 6.889832411699649 7.052641611025171 7.122035695983589 7.006378887719558 6.745706235247548 6.525958299545888 6.308879367111858 6.077565750583795 5.936998245155202 5.801768746261873 5.687891273509596 5.509957722334162 5.68967060902135 5.79643073972661
9.331970401582474 7.29463124062376 5.628283533865825 5.055337499080929 4.943239361840406 4.168338746471393 3.443259525431501 2.6194271834892433 1.5037838176192748 4.817796208261726 7.785727841867956 8.371129225235133 5.9298809031081845 3.7493052334532466 3.56603367574255 4.4823914642960325 5.485047025169601 5.99126797826371 6.020627014207657 6.801755303867809 7.234133833224114 7.230575162200605 7.231464829956481 7.02773091386061 6.442329530493433 6.032192695034059 6.832893675323509 7.050862275513417 7.094455995551398 7.196767787477272 7.3177626022765665 6.997482210160786 6.972571512996225 6.835562678591142 6.66652580497448 6.480585243996153 6.206567575185984 6.12916648042467 6.0793450860955485 5.965467613343272 5.756395690712138 5.7804167201208205 5.83735545649696
10.467186458081741 9.19496156717739 7.501923827743141 5.816003430355908 5.0811378640013665 3.61941374109518 2.5936268185688056 2.231532041926798 1.5162391662015553 3.4005554731493968 6.827555668788248 9.27058332642695 8.299066137009083 5.395190581826007 5.44768097942276 6.596242052260184 7.610463293960155 7.4983651567196326 7.520606850616561 7.598007945377875 7.656726017265768 7.6424913331717335 7.521496518372437 7.219899149130079 6.997482210160786 6.9529988223669275 7.00548921996368 6.692326169894917 6.856025036976316 7.099794002086661 7.249258185074025 7.221678484641833 7.136270380077624 6.932536463981753 6.714567863791848 6.58467637143378 6.326672722229402 6.225250598059405 6.1692015294391425 6.1104834575512506 6.00995100113713 5.9254325643287995 5.934329241887571
11.434255308720221 10.887109638855764 8.697637291642055 5.396080249581884 4.396093691975947 3.4379215188962378 2.3818858926700397 1.482431791478223 1.8552025811907562 3.8080233053411394 6.646063446589306 8.882688184864506 9.149588511627655 7.971668402846285 7.920957340761287 7.991241093475583 7.731458108759449 7.528613860419455 7.993910096743214 7.9173986697377785 7.720782095688923 7.691423059744977 7.570428244945683 7.237692504247622 6.877377063117368 6.6487324498569365 6.686098495603778 7.090897324527889 7.286624230820866 7.328438615347093 7.254596191609288 7.1976574552331485 6.960116164413945 6.8044243071354416 6.708340189500706 6.586455706945534 6.400515145967207 6.345355745102822 6.314217373647121 6.246602624200457 6.089131431410198 5.90319087043187 5.866714492440906
10.671810041933488 10.237652177065431 8.468103010625745 5.292878789900133 4.485950135319541 3.555357662672024 2.5082187140045975 1.7822498252088286 2.518894727075123 5.280423441317852 7.719892427933047 9.249231300285897 8.814183767661962 8.864894829746962 8.36934988972338 8.167395309139263 8.146932950754087 8.456537329799342 8.235010058585926 7.971668402846285 7.586442264551472 7.446764426878756 7.291962237356129 7.161181077242185 6.840011017370527 6.613145739621849 6.824886665520616 7.110470015157187 7.0748833049221 7.0481932722457845 7.105132008621924 7.049082940001663 6.954778157878682 6.912963773352455 6.822217662252985 6.544641322419308 6.376494116558524 6.267954650341508 6.148739171053968 6.027744356254674 5.8204517691352935 5.622945527330562 5.54198576154574
10.747431801183048 10.62109897984849 9.12022947568371 5.646076888983369 3.6211930766069345 2.3605338665289874 1.6986210561563748 1.732428430879707 3.2030492313446652 6.155856513100986 8.360453212164607 8.999234660884413 8.561518124992848 8.775038386403368 8.74567935045942 8.634470880974774 8.740341343924158 8.61133951932197 8.426288626099518 8.256362084726979 7.959213054264005 7.640711997659979 7.299969247159023 6.967233506460962 6.571331355095623 6.388059797384926 6.842680020638159 6.885384072920264 6.912963773352455 6.928977792958245 6.954778157878682 6.909405102328947 6.932536463981753 6.854245701464562 6.6843191600920235 6.510833947695975 6.308879367111858 6.082014089363181 5.931660238619939 5.725257319256436 5.443232640643374 5.211919024115311 5.019750788845842
10.34174330450306 10.163809753327627 8.706533969200827 5.469033005563812 3.6478831092832493 2.19327632842408 1.547377537657256 2.590068147545297 4.928115009990494 7.367583996605688 8.005475777569618 8.411164274249606 8.493903375546182 8.807956093370823 8.847991142385295 8.842653135850032 8.848880810141173 8.54194543436355 8.537497095584165 8.291948794962066 7.855121926826376 7.5321725314429635 7.245699514050516 6.88627374067614 6.494819928090186 6.355142090417472 6.630049426983517 6.637166769030534 6.746595903003424 6.775065271191494 6.759940919341583 6.819548658985353 6.818658991229476 6.702112515209567 6.535744644860536 6.372935445535015 6.041089372592831 5.832017449961697 5.6007038334336325 5.355155532811534 5.032206137428123 4.755519465350323 4.558013223545592
10.02413191565491 9.782142286056322 8.335542515000046 5.332913838914605 3.990405195295959 2.6523448904566984 2.8160437575380977 3.9396941332109607 6.5642140130486055 7.525944857151824 8.165615973627508 8.328425172953029 8.616677525857233 8.851549813408804 8.84621180687354 8.841763468094156 8.650484900580564 8.382694906061536 8.2750451076004 7.959213054264005 7.520606850616561 7.372032335385073 7.036627591419382 6.727023212374128 6.5046062734048355 6.360480096952735 6.396956474943698 6.43699152395817 6.538413648128168 6.626490755960008 6.639835772298165 6.696774508674304 6.539303315884045 6.421867172108259 6.291975679750193 6.106924786527742 5.80888608830889 5.599814165677756 5.367610881393815 5.018861121089965 4.738615777988658 4.449473757328578 4.211932466509374
9.895130091052723 9.652250793698256 8.21810637122426 5.322237825844079 4.106951671315868 3.8622930384496468 4.026881573286923 5.612269514260036 7.670071033603925 8.146932950754087 8.286610788426803 8.450309655508201 8.710982307980212 8.791052406009157 8.75902436679758 8.520593408222497 8.320418163150135 8.132698266660052 7.8319905651735695 7.517937847348929 7.246589181806394 7.124704699251222 6.79552762957667 6.667415472730356 6.444998533761066 6.208346910697738 6.228809269082913 6.306210363844227 6.4147498300612416 6.501937270137203 6.535744644860536 6.491261257066677 6.3044310283324725 6.190553555580195 6.061551730978006 5.83735545649696 5.638959546936351 5.424549617769953 5.184339323683118 4.832920560111637 4.609613953386468 4.3355962845763 4.0980549937570965
9.985876202152193 9.55616667606352 8.036614149025318 6.212795249477124 5.236829721279872 5.222595037185837 5.862266153661521 7.730568441003573 8.484117030231534 8.367570554211625 8.562407792748724 8.620236196880741 8.670057591209861 8.679843936524511 8.489455036766797 8.251024078191715 8.009034448593127 7.832880232929448 7.569538577189805 7.337335292905864 7.0686556306309605 6.819548658985353 6.664746469462726 6.565103680804484 6.330231393252911 6.067779405269146 6.180767210265547 6.260837308294491 6.3747147810467695 6.400515145967207 6.420977504352381 6.278630663412034 6.141621829006951 6.027744356254674 5.899632199408361 5.668318582880298 5.477929683122584 5.2359400535239935 4.995729759437159 4.835589563379268 4.611393288898222 4.360506981740861 4.202146121194725
10.146906065965961 9.835522351408951 9.51880063031668 8.56062845723697 8.081097536819177 8.122911921345404 8.638919219754161 9.062401071551692 8.871122504038102 8.894253865690908 8.825749448488367 8.787493734985649 8.606001512786706 8.516145069443112 8.264369094529874 8.055297171898738 7.874694617455674 7.590890603330857 7.391605026014371 7.162070744998063 6.930757128469999 6.706560853988952 6.609587068598341 6.376494116558524 6.178098206997914 6.141621829006951 6.302651692820718 6.334679732032296 6.386280461873172 6.40585315250247 6.288417008726684 6.131835483692302 5.9903783105078325 5.886287183070204 5.748388680909242 5.594476159142493 5.410314933675918 5.197684340021276 5.049999492545666 4.920997667943476 4.705698071021202 4.57758591417489 4.397873027487702
10.12822304309254 10.025911251166665 10.01167656707263 9.859543380817636 9.44050986779949 9.203858244736162 9.121119143439586 9.224320603121338 9.347094753432387 9.294604355835634 9.05706306501643 8.792831741520912 8.678064601012757 8.38180523830566 8.118463582566017 7.924516011784796 7.739465118562345 7.405839710108406 7.2528168560975335 7.035737923663504 6.8088726459148265 6.632718430251147 6.484143915019661 6.3542524226615935 6.323114051205893 6.341797074079313 6.3800527875820325 6.4396605272258025 6.392508136164313 6.252830298491597 6.092690102433707 6.014399339916515 5.920094557793536 5.858707482638012 5.77774771685319 5.588248484851352 5.4112046014317965 5.288430451120747 5.162987297542067 5.037544143963386 4.904983648337687 4.780430162514884 4.632745315039275
