static/data/seaWind_vo/2023/7/14/6.asc
ncols 137
nrows 93
xllcorner 108.0
yllcorner 17.0
cellsize 0.25
NODATA_value -32767
[rows 38 to 56 of 93, columns 86 to 128 of 137]
8.156719296068736 8.303514475788468 8.214547700200752 8.000137771034355 7.657615685021645 7.010827226498943 6.557096671001588 6.479695576240275 6.614925075133604 6.791079290797283 6.84534902390579 6.7786239422150025 6.614035407377727 6.3444660773469455 6.187884552312564 5.979702297437306 5.761733697247401 5.748388680909242 5.807106752797136 5.725257319256436 5.611379846504159 5.536647755010477 5.369390216905569 5.239498724547502 4.962812052469704 4.598048272560065 4.26976087064139 4.106951671315868 4.033998915333941 4.062468283522009 4.146097052574463 4.1096206745835 4.0882686484424475 4.07492363210429 4.07492363210429 4.078482303127799 4.141648713795077 4.14698672033034 4.116738016630517 4.050902602695606 3.985956856516573 3.836492673529209 3.699483839124125
8.646036561801179 8.638919219754161 8.112235908274878 7.925405679540672 7.8266525586383064 7.547296883292876 7.183422771139114 6.84534902390579 6.975240516263858 7.045524268978154 6.980578522799121 6.791079290797283 6.6789811535567605 6.411191159037733 6.19856056538309 5.993936981531341 5.887176850826081 5.881838844290818 5.772409710317927 5.7305953257916995 5.631842204889334 5.494833370484249 5.2314917147446085 4.999288430460668 4.708367074288834 4.4076593728023505 4.1407590460392 3.86763104498491 3.86763104498491 4.002860543878239 4.095385990489465 4.106062003559991 4.187021769344813 4.192359775880076 4.1576627334008665 4.102503332536482 4.029550576554555 3.8765277225436816 3.7190565297534226 3.5259986267280774 3.316037036341066 3.0882820908365107 2.881879171473008
8.768810712112227 8.685181943059774 8.199423348350841 7.865797939896902 7.600676948645505 7.411177716643669 7.336445625149988 7.2234578201535875 7.285734563064988 7.1682984192892025 7.034848255907628 6.800865636111933 6.599800723283693 6.310658702623613 6.154077177589231 6.008171665625376 5.920094557793536 5.816893098111785 5.751947351932751 5.662090908589157 5.5455444325692484 5.330244835646974 5.154090619983295 4.94501869735216 4.679008038344887 4.402321366267088 4.209263463241742 4.049123267183852 4.070475293324904 4.090937651710079 4.1781250917860415 4.274209209420776 4.324030603749897 4.259084857570864 4.159442068912621 4.049123267183852 3.792898953491228 3.5642543402307956 3.321375042876329 2.9984256474929167 2.727966649706258 2.437934961290301 2.187938321888817
8.638029551998283 8.57041480255162 8.39692959015557 8.178960989965665 7.855121926826376 7.541069209001735 7.433419410540598 7.429860739517089 7.315093599008936 7.19409878420964 7.000151213428417 6.7741756034356175 6.449446872540451 6.275961660144404 6.1095937897953725 5.971695287634412 5.862266153661521 5.746609345397488 5.668318582880298 5.562448119930915 5.420101278990568 5.24038839230338 5.059785837860314 4.839148234402777 4.634524650551029 4.5304335231134 4.367624323787878 4.330258278041037 4.251077847767969 4.286664558003056 4.389866017684808 4.4921778096106815 4.381859007881912 4.266202199617881 4.1096206745835 3.7848919436883333 3.495749923028254 3.199490560321157 2.8160437575380977 2.505549710736966 2.2279733709032894 1.949507363313736 1.747552782729619
8.511696730663726 8.638919219754161 8.561518124992848 8.364901550943994 8.06419384945751 7.750141131632871 7.55530389309577 7.487689143649106 7.321321273300075 7.067765962875082 6.874708059849738 6.63538743351878 6.351583419393963 6.1994502331389665 5.992157646019587 5.855148811614503 5.76796137153854 5.657642569809772 5.541096093789863 5.414763272455305 5.271526763759081 5.114055570968822 4.922777003455231 4.774202488223744 4.711036077556464 4.606944950118836 4.535771529648663 4.540219868428048 4.485950135319541 4.544668207207435 4.647869666889186 4.505522825948839 4.338265287843932 4.166559410959638 3.832044334749823 3.507315603854657 3.2003802280770337 2.8889965135200253 2.5091083817604747 2.2244146998797807 1.9468383600461046 1.7715738121383025 1.6381236487567272
8.374687896258642 8.51347606617548 8.624684535660126 8.40048826117908 8.107787569495493 7.847114917023482 7.654057013998136 7.445874759122878 7.213671474838938 6.949440151343419 6.728802547885882 6.485923250531414 6.281299666679667 6.0695587407809 5.856928147126258 5.7208089804770506 5.638069879180474 5.485936692925478 5.394300914070129 5.271526763759081 5.129179922818734 4.96726039124909 4.836479231135145 4.821354879285234 4.760857471885586 4.765305810664972 4.697691061218308 4.728829432674008 4.720822422871114 4.775092155979621 4.590930930513047 4.419225053628754 4.206594459974111 3.890762406637716 3.551798991648515 3.3195957073645745 3.019777673633969 2.712842297856346 2.4761906747930196 2.1959453316917115 2.136337592047941 1.970859389454788 1.9254863339050525
7.876473952967428 8.255472416971102 8.505469056372586 8.310631817835485 8.030386474734177 7.769713822262169 7.594449274354366 7.365804661093934 7.085559317992626 6.832004007567633 6.609587068598341 6.385390794117296 6.178987874753792 5.924542896572921 5.748388680909242 5.612269514260036 5.481488354146093 5.316899819308816 5.272416431514958 5.154980287739171 5.0117437790429475 4.939680690816897 4.873845276881987 4.888079960976022 4.929004677746371 4.9316736810140025 4.916549329164091 4.9218873356993535 4.87918328341725 4.720822422871114 4.536661197404539 4.21015313099762 3.9654944981313984 3.6025100537335137 3.4103418184640457 3.1781385341801047 3.010880996075197 2.7519876791149414 2.632772199827401 2.6496758871890673 2.5891784797894197 2.585619808765911 2.5402467532161754
7.460109443216913 7.8969363113526025 8.210099361421365 8.13358793441593 7.857790930094007 7.586442264551472 7.3782600096762145 7.283955227553234 6.975240516263858 6.719905870327111 6.461902221122731 6.211905581721247 6.053544721175111 5.798210075238364 5.597145162410124 5.434335963084603 5.291989122144256 5.2661887572238175 5.148752613448032 5.0064057725076845 4.968150059004966 4.9619223847138265 5.0215301243575965 5.087365538292508 5.172773642856715 5.1763323138802235 5.142524939156891 5.0517788280574205 4.91032165487295 4.704808403265325 4.372072662567264 4.005529547145871 3.652331448062635 3.4308041768492203 3.2662156420119444 3.1389931529215094 2.9957566442252856 3.0171086703663375 3.1292068076068604 3.231518599532735 3.364079095158433 3.3845414535436076 3.2662156420119444
6.487702586043168 7.568648909433929 8.05173850087523 7.9173986697377785 7.806190200253132 7.5579728963634025 7.2581548626327965 7.149615396415783 6.831114339811755 6.57844869714264 6.320445047938262 6.05087571790748 5.911197880234765 5.647856224495123 5.5010610447753905 5.357824536079166 5.232381382500485 5.1763323138802235 5.08024819624549 5.084696535024875 5.09270354482777 5.132738593842243 5.264409421712063 5.3809558977319725 5.40052858836127 5.3658315458820605 5.257292079665046 5.156759623250926 4.878293615661372 4.521536845554628 4.160331736668498 3.8347133380174547 3.5171019491693056 3.3525134143320297 3.1861455439829993 3.0980684361511597 3.142551823945018 3.279560658350102 3.529557297751586 3.816919982899911 3.991294863051836 3.9921845308077133 3.8720793837642957
5.873831834487923 7.095345663307274 7.87558428521155 7.734127112027082 7.721671763444801 7.578435254748577 7.315983266764812 7.190540113186131 6.827555668788248 6.525958299545888 6.21724358825651 5.916535886770028 5.7457196776416115 5.520633735404688 5.4459016439110055 5.362272874858552 5.2608507506885545 5.249285069862152 5.188787662462504 5.208360353091802 5.255512744153291 5.349817526276271 5.569565461977932 5.597145162410124 5.57668280402495 5.498392041507758 5.333803506670483 5.05800650234856 4.729719100429886 4.402321366267088 4.08115130639543 3.7759952661295615 3.4939705875164995 3.3089196942940484 3.1808075374477363 3.1603451790625616 3.259987967720804 3.434362847872729 3.8373823412850863 4.085599645174816 4.188801104856568 4.148766055842095 3.9779498467136785
6.631828762495271 7.3773703419203365 7.76615515123866 7.840887242732341 7.7768311643091845 7.541069209001735 7.230575162200605 7.0384069269311365 6.7092298572565845 6.440550194981679 6.167422193927388 5.883618179802572 5.70835363189477 5.571344797489687 5.512626725601793 5.452129318202146 5.369390216905569 5.451239650446269 5.408535598164164 5.448570647178637 5.549103103592757 5.675435924927315 5.769740707050294 5.716360641697665 5.654083898786263 5.471702008831444 5.221705369429959 4.922777003455231 4.655876676692081 4.348051633158581 4.044674928404467 3.751084568965001 3.5678130112543043 3.407672815196414 3.275112319570716 3.2297392640209805 3.3089196942940484 3.5224399557045687 3.8080233053411394 3.9681635013990295 3.9975225373429764 3.945032139746224 3.6790214807389505
7.102463005354291 7.466337117508054 7.769713822262169 7.897825979108481 7.695871398524362 7.269720543459199 7.0179445685459605 6.8035346393795635 6.540192983639923 6.325783054473525 6.0597723954662515 5.82756911118231 5.66742891512442 5.561558452175038 5.549992771348634 5.591807155874861 5.602483168945387 5.630062869377579 5.634511208156965 5.709243299650647 5.824010440158801 5.881838844290818 5.904080538187747 5.822231104647047 5.627393866109948 5.391631910802499 5.112276235457068 4.83203089235576 4.528654187601646 4.30089924209709 4.080261638639553 3.8525066931349983 3.66656613215667 3.4984189262958854 3.3560720853555384 3.3142577008293115 3.337389062482118 3.4423698576756236 3.576709688813076 3.6345380929450917 3.721725533021054 3.6345380929450917 3.402334808661151
7.192319448697885 7.5570832286075245 7.840887242732341 7.850673588046991 7.506372166522526 7.065986627363328 6.821327994497107 6.5989110555278145 6.3462454128587 6.114042128574759 5.841803795276345 5.70835363189477 5.599814165677756 5.598924497921878 5.618497188551176 5.7448300098857334 5.81511376260003 5.847141801811608 5.916535886770028 5.995716317043096 6.090910766921953 6.152297842077477 6.1247181416452845 5.8951838606289755 5.669208250636174 5.358714203835043 5.066903179907332 4.765305810664972 4.496626148390067 4.333816949064546 4.108731006827623 3.9192317748257857 3.7493052334532466 3.582047695348339 3.4308041768492203 3.306250691026417 3.2448636158708926 3.152338169259667 3.199490560321157 3.2626569709884357 3.3507340788202753 3.301802352247031 3.2181735831945772
7.050862275513417 7.408508713376039 7.630035984589453 7.66562269482454 7.368473664361565 6.964564503193332 6.720795538082987 6.5090546121842205 6.25816830502686 6.006392330113622 5.751947351932751 5.623835195086439 5.549103103592757 5.55444111012802 5.719919312721173 5.861376485905643 5.977033294169675 6.032192695034059 6.118490467354144 6.249271627468088 6.347135080614576 6.339128070811682 6.255499301759228 5.996605984798972 5.710132967406524 5.396969917337762 5.066903179907332 4.775981823735498 4.558013223545592 4.409438708314105 4.198587450171217 4.04022658962508 3.8711897160084185 3.5945030439306196 3.3854311212994848 3.190593882762385 2.9806322923753736 2.887217178008271 2.8747618294259905 2.939707575605024 3.036681360995635 3.031343354460372 2.9494939209196724
6.775065271191494 7.040186262442891 7.26349286916806 7.5268345249077 7.36402532558218 6.969012841972717 6.686988163359654 6.47524723746089 6.243933620932825 5.993936981531341 5.794651404214855 5.676325592683192 5.5909174881189845 5.597145162410124 5.762623365003277 5.918315222281782 6.060662063222129 6.144290832274582 6.2643959793179995 6.396066807187822 6.428094846399398 6.401404813723083 6.282189334435543 6.053544721175111 5.759954361735646 5.404976927140655 5.072241186442595 4.830251556844006 4.608724285630591 4.459260102643226 4.306237248632353 4.1478763880862175 3.8525066931349983 3.5500196561367607 3.259098299964927 2.96283893725783 2.750208343603187 2.6683589100624876 2.65501389372433 2.718180304391609 2.80269874119994 2.7813467150588878 2.7048352880534514
6.510833947695975 6.784851616506144 7.086448985748502 7.399612035817267 7.42363306522595 7.09356632779552 6.784851616506144 6.501047602381327 6.267064982585632 6.1104834575512506 5.9298809031081845 5.822231104647047 5.694118947800735 5.6905602767772265 5.711912302918279 5.848031469567486 6.053544721175111 6.182546545777301 6.291975679750193 6.334679732032296 6.362259432464489 6.337348735299928 6.243933620932825 6.029523691766428 5.758175026223892 5.402307923873025 5.089144873804262 4.857831257276198 4.609613953386468 4.4770534577607695 4.333816949064546 4.076702967616044 3.7679882563266673 3.4370318511403606 3.1247584688274745 2.792022728129414 2.6158685124657346 2.538467417704421 2.532239743413281 2.596295821836437 2.6140891769539802 2.575833463451262 2.5082187140045975
6.57844869714264 6.8586940402439485 7.166519083777448 7.379149677432091 7.486799475893228 7.255485859365166 6.924529454178858 6.646063446589306 6.494819928090186 6.40585315250247 6.197670897627212 5.992157646019587 5.839134792008714 5.694118947800735 5.6905602767772265 5.772409710317927 5.980591965193184 6.09802810896897 6.114042128574759 6.14518050003046 6.161194519636249 6.156746180856863 6.115821464086514 5.928991235352308 5.711912302918279 5.44768097942276 5.1460836101803995 4.8569415895203205 4.606055282362959 4.440577079769806 4.209263463241742 3.9557081528167495 3.6576694545978983 3.336499394726241 2.9957566442252856 2.7368633272650293 2.5820611377424023 2.4824183490841594 2.4717423360136337 2.4868666878635453 2.4717423360136337 2.4770803425488968 2.4753010070371424
6.79552762957667 7.110470015157187 7.4423160880993695 7.63715332663647 7.68430571769796 7.419184726446565 7.141608386612887 6.947660815831664 6.810651981426581 6.677201818045006 6.487702586043168 6.275961660144404 6.018847678695902 5.81511376260003 5.701236289847753 5.776858049097312 5.906749541455378 5.918315222281782 5.907639209211256 5.907639209211256 5.919204890037658 5.923653228817045 5.932549906375817 5.8204517691352935 5.619386856307053 5.357824536079166 5.098041551363033 4.8382585666469 4.569578904371996 4.32936861028516 4.106951671315868 3.8578446996702613 3.550909323892638 3.2172839154387 2.935259236825638 2.751098011359064 2.5607091116013505 2.426369280463898 2.3551958599937244 2.3516371889702157 2.3863342314494256 2.431707286999161 2.4459419710931956
7.186091774406746 7.357797651291039 7.598007945377875 7.811528206788395 7.880922291746813 7.640711997659979 7.3782600096762145 7.195878119721394 7.071324633898591 6.949440151343419 6.8035346393795635 6.601580058795447 6.314217373647121 6.007281997869498 5.768851039294418 5.6798842637067 5.717250309453542 5.704794960871261 5.631842204889334 5.602483168945387 5.626504198354071 5.668318582880298 5.697677618824244 5.617607520795299 5.44768097942276 5.2590714151768 5.052668495813297 4.793775178853041 4.475274122249015 4.225277482847531 3.9886258597842046 3.7297325428239487 3.461052880549044 3.2092769056358055 2.958390598478444 2.660351900259593 2.452169645384336 2.3276161595615323 2.255553071335482 2.220856028856272 2.2600014101148678 2.320498817514515 2.401458583299337
