static/data/precipitation/2023/7/29/0.asc
ncols 137
nrows 93
xllcorner 108.0
yllcorner 17.0
cellsize 0.25
NODATA_value -32767
[rows 38 to 56 of 93, columns 0 to 42 of 137]
0.016014999401989943 0.0 0.0 0.0011044827173782579 0.0005522413586908637 0.0 0.0 0.0005522413586908637 0.0 0.0 0.0 0.0 0.0 0.0 0.0016567240760691215 0.05798534266237415 0.24795637005148655 0.08228396244470276 0.0469405154885881 0.045836032771209845 0.03534344695611466 0.0988512032053801 0.11320947853130092 0.07344810070567323 0.02374637842363775 0.01988068891281558 0.022089654347572096 0.01270155124985517 0.008835861739029532 0.06074654945582153 0.34404636646341924 0.3081506781486172 0.2297324052147401 0.35122550412637965 0.8162127281427511 0.4981217055377296 0.3749718825500209 0.35177774548507057 0.36668826216967876 0.24519516325803917 0.07565706614042975 0.04528379141252245 0.06571672168402543
0.004970172228203895 0.0 0.0005522413586908637 0.0005522413586908637 0.0 0.0 0.0 0.0 0.0 0.0 0.0 0.0 0.0 0.0 0.0011044827173782579 0.01988068891281558 0.06571672168402543 0.06461223896664717 0.2048815440737206 0.05632861858630503 0.03810465374956204 0.07841827293387713 0.10768706494440963 0.05356741179286112 0.08228396244470276 0.0988512032053801 0.07841827293387713 0.03202999880397989 0.0469405154885881 1.003974790097107 1.3778421899297462 1.1972592656383507 0.6709732508074704 0.358956883148031 0.9415715165652163 0.6472268723838326 0.342941883746041 0.3153298158115776 0.4042406745605499 0.1330901674441165 0.06240327353188718 0.3898823992346291 0.9476461715107986
0.0033134481521347736 0.0005522413586908637 0.0 0.0 0.0 0.0 0.0 0.0 0.0 0.0 0.0 0.0 0.0 0.0 0.0016567240760691215 0.023194137064950354 0.0469405154885881 0.06792568711878194 0.07841827293387713 0.014910516684611685 0.03147775744528902 0.06074654945582153 0.12535878842246523 0.2634191280947856 0.20046361320420758 0.1579410285851325 0.11652292668343917 0.11873189211819568 0.3661360208109914 0.5875848056453893 0.5483756691784525 0.36668826216967876 0.22586671570391445 0.09995568592275836 0.3291358497788076 0.3672405035283696 0.15186637363955036 0.0911198241837323 0.155732063150376 0.038656895108249434 1.309364261452277 1.814112863294276 1.1994682310731106
0.0077313790216512746 0.0033134481521347736 0.0005522413586908637 0.0 0.0016567240760691215 0.0011044827173782579 0.0 0.0 0.0 0.0 0.0 0.0 0.0 0.0 0.0016567240760691215 0.01546275804329908 0.028716550651841644 0.043074825977762465 0.01988068891281558 0.008835861739029532 0.019328447554124717 0.03810465374956204 0.10989603037916615 0.5284949802656369 0.2601056799426509 0.18334413108483938 0.08835861739028492 0.10768706494440963 0.1971501650520728 0.18610533787828676 0.1502096495634847 0.15628430450906686 0.0690301698361602 0.047492756847278966 0.022089654347572096 0.051910687716792 0.06295551489057805 0.03700017103218031 0.05080620499941374 0.12756775385722174 1.2591102978115505 1.3220658127021285 0.5312561870590843
0.012149309891164306 0.0077313790216512746 0.0 0.0 0.0011044827173782579 0.0016567240760691215 0.0011044827173782579 0.0 0.0 0.0 0.0 0.0 0.0 0.0 0.0011044827173782579 0.007179137662960411 0.020432930271502975 0.04086586054300595 0.008835861739029532 0.007179137662960411 0.01270155124985517 0.03202999880397989 0.14744844277003732 0.3860167097238035 0.21040395766061537 0.14468723597658995 0.048597239564657224 0.019328447554124717 0.028716550651841644 0.06350775624926544 0.08891085874897231 0.09553775505324533 0.14910516684610645 0.2021203372802767 0.07841827293387713 0.007179137662960411 0.01822396483674646 0.11265723717261353 0.1855530965195959 0.47658429254884493 1.6385001112310844 1.7014556261216625 0.36834498624574785
0.007179137662960411 0.007179137662960411 0.0 0.16180671809595815 0.0 0.0011044827173782579 0.0016567240760691215 0.0005522413586908637 0.0 0.0 0.0 0.0 0.0 0.0 0.0011044827173782579 0.0077313790216512746 0.0469405154885881 0.07123913527091671 0.0016567240760691215 0.01988068891281558 0.024850861141019476 0.11762740940081742 0.24795637005148655 0.18279188972615198 0.16953809711760942 0.10989603037916615 0.05908982537975241 0.030373274727910765 0.019328447554124717 0.07123913527091671 0.09608999641193272 0.15241861499824122 0.21150844037799363 0.7466303169479036 0.3324492979309458 0.2518220595623122 0.0298210333692199 0.12425430570508697 0.2672848176056113 0.5881370470040802 1.7528140724797636 1.7218885563931654 0.3379717115178371
0.0005522413586908637 0.0005522413586908637 0.0 0.2672848176056113 0.0005522413586908637 0.0016567240760691215 0.0016567240760691215 0.0011044827173782579 0.0 0.0 0.0 0.0 0.0 0.0 0.0016567240760691215 0.005522413586894759 0.04528379141252245 0.07289585934698584 0.0038656895108256373 0.03258224016266728 0.030373274727910765 0.12370206434639958 0.4202556739625399 0.21537412988881927 0.2264189570626053 0.23967274967114788 0.18941878603042153 0.04638827412990071 0.03368672288004554 0.09995568592275836 0.08007499700994625 0.13640361559625128 0.3722106757565735 1.188975645258012 0.6555104927641713 0.35122550412637965 0.12756775385722174 0.09553775505324533 0.20598602679109887 0.3197477466810906 0.8090335904797907 0.77866031575188 0.4136287776582669
0.0005522413586908637 0.0005522413586908637 0.0 0.0016567240760691215 0.0005522413586908637 0.0005522413586908637 0.0005522413586908637 0.0 0.0 0.0 0.0005522413586908637 0.0005522413586908637 0.0 0.0016567240760691215 0.006626896304273017 0.011044827173786048 0.011044827173786048 0.014358275325920822 0.010492585815095185 0.054119653151548514 0.04970172228203548 0.47658429254884493 1.2016771965078672 0.3081506781486172 0.5168979117331635 0.47768877526622316 0.35177774548507057 0.1408215464657643 0.07841827293387713 0.17726947613925723 0.13088120200936 0.15131413228086296 0.4136287776582669 0.7284063521111571 0.5942117019496623 0.2915834373879399 0.15186637363955036 0.15131413228086296 0.19162775146517805 0.349568780050314 0.6163013562972344 0.5682563580912646 0.38877791651725085
0.0 0.0 0.0011044827173782579 0.0044179308695130315 0.0016567240760691215 0.0005522413586908637 0.0 0.0 0.0011044827173782579 0.0005522413586908637 0.0 0.0 0.005522413586894759 0.012149309891164306 0.029268792010532507 0.020432930271502975 0.014910516684611685 0.016567240760677338 0.009388103097716927 0.0690301698361602 0.26176240401871653 0.43516619064715156 0.5467189451023834 0.6422567001556287 0.5400920487981138 0.48707687836394353 0.4522856727665163 0.421912398038609 0.21868757804095404 0.28771774787711424 0.15959775266120163 0.1430305119005243 0.24850861141017394 0.23912050831245701 0.3943003301041456 0.401479467767106 0.29710585097483116 0.1259110297811561 0.07841827293387713 0.23967274967114788 0.3214044707571598 0.31201636765944285 0.4522856727665163
0.025955343858397734 0.0 0.0011044827173782579 0.004970172228203895 0.0033134481521347736 0.0011044827173782579 0.0005522413586908637 0.0016567240760691215 0.0011044827173782579 0.0005522413586908637 0.0 0.01270155124985517 0.03700017103218031 0.054119653151548514 0.051358446358104604 0.045836032771209845 0.040313619184318555 0.03810465374956204 0.04197034326038421 0.13419465016149476 0.09995568592275836 0.23415033608425312 0.5378830833633573 0.7289585934698445 0.7803170398279491 0.6748389403182959 0.7880484188495969 1.02440772036861 0.7598841095564461 0.593107219232284 0.41638998445171427 0.39650929553890213 0.5323606697764626 0.6560627341228621 0.48044998205967054 0.9415715165652163 0.8725413467290561 0.2424339564645918 0.1551798217916886 0.37938981341953393 0.4787932579836049 0.401479467767106 0.43903188015797373
0.13640361559625128 0.0695824111948476 0.13419465016149476 0.024850861141019476 0.008835861739029532 0.004970172228203895 0.0016567240760691215 0.0016567240760691215 0.0 0.0 0.0 0.0005522413586908637 0.008283620380338669 0.007179137662960411 0.0298210333692199 0.019328447554124717 0.02264189570625949 0.03644792967349292 0.016567240760677338 0.01988068891281558 0.03092551608659816 0.4047929159192408 0.9172728967828878 0.8603920368378919 0.9366013443370125 0.7416601447196997 0.5997341155365536 0.6372865279274248 0.591450495156215 0.4522856727665163 0.24353843918197005 0.12701551249853435 0.1728515452697442 0.1728515452697442 0.21040395766061537 0.2739117139098808 0.3197477466810906 0.25071757684493046 0.32637464298536367 0.21537412988881927 0.17450826934581332 0.17726947613925723 0.473823085755401
0.19328447554124717 0.14247827054183343 0.21206068173668102 0.0988512032053801 0.0022089654347565157 0.0005522413586908637 0.0005522413586908637 0.0005522413586908637 0.0 0.0 0.0 0.0 0.0 0.0 0.007179137662960411 0.0011044827173782579 0.008835861739029532 0.004970172228203895 0.006074654945582153 0.040313619184318555 0.04970172228203548 0.509718774070203 1.0553332364552082 1.0426316852053565 0.6378387692861156 0.8327799689034285 0.5323606697764626 0.4660917067337497 0.415285501734336 0.32416567755060716 0.20543378543241148 0.18720982059566502 0.20653826814978973 0.23028464657342748 0.2982103336922094 0.38546446836511605 0.11376171988999179 0.525733773472193 0.3247179189092946 0.12701551249853435 0.09553775505324533 0.3280313670614293 0.3214044707571598
0.36171808994147486 0.162358959454649 0.13419465016149476 0.0861496519555284 0.0 0.0 0.0 0.0 0.0 0.0 0.0027612067934473794 0.005522413586894759 0.019328447554124717 0.0 0.0 0.0 0.0 0.0022089654347565157 0.00994034445640779 0.07234361798829497 1.1199454754218519 1.2751252972135405 0.5942117019496623 0.5036441191246209 0.794123073795179 0.5279427389069495 0.36061360722409663 0.35840464178934006 0.3396284355939062 0.32747912570274196 0.3407329183112845 0.3147775744528868 0.5561070482001003 0.6753911816769869 0.5798534266237415 0.1977024064107602 0.155732063150376 0.26562809352954214 0.1386125810310078 0.08338844516208102 0.15241861499824122 0.19107551010649065 0.2048815440737206
0.24629964597541742 0.1728515452697442 0.047492756847278966 0.0 0.0 0.0 0.0 0.0 0.0 0.01270155124985517 0.016567240760677338 0.014358275325920822 0.013806033967233428 0.0 0.0 0.0 0.0 0.0022089654347565157 0.006626896304273017 0.0938810309771762 0.976914963521331 1.28175219351781 0.6516448032533456 0.42798705298419115 0.8261530725991589 0.6267939421123296 0.4710618789619536 0.46553946537505886 0.5069575672767557 0.5075098086354466 0.7217794558068841 0.47658429254884493 0.6599284236336843 0.5538980827653438 0.42633032890812206 0.2650758521708547 0.2645236108121639 0.2247622329865362 0.1607022353785799 0.1110005130965444 0.13750809831362953 0.14468723597658995 0.11873189211819568
0.04362706733645333 0.11817965075950482 0.0022089654347565157 0.0 0.0 0.0 0.0 0.0 0.0 0.01270155124985517 0.014910516684611685 0.011044827173786048 0.0 0.0 0.0 0.0 0.0 0.0005522413586908637 0.0016567240760691215 0.06461223896664717 0.23470257744294398 0.539539807439423 0.7035554909701376 0.44621101782093764 0.5284949802656369 0.5284949802656369 0.4103153295061321 0.5439577383089395 0.5853758402106328 0.7455258342305253 1.0150196172708896 0.7449735928718344 0.7637497990672717 0.6577194581989277 0.6058087704821358 0.5953161846670406 0.3799420547782213 0.16953809711760942 0.11431396124867918 0.14855292548741558 0.1750605107045007 0.10823930630309703 0.047492756847278966
0.0016567240760691215 0.004970172228203895 0.008283620380338669 0.004970172228203895 0.0005522413586908637 0.0005522413586908637 0.0 0.0 0.0 0.0 0.0 0.0027612067934473794 0.005522413586894759 0.014358275325920822 0.0077313790216512746 0.0077313790216512746 0.008835861739029532 0.009388103097716927 0.004970172228203895 0.0022089654347565157 0.0347912055974238 0.2634191280947856 0.4616737758642367 0.23912050831245701 0.2048815440737206 0.16953809711760942 0.27998636885546296 0.4235691221146747 0.6505403205359673 0.8697801399356122 1.0006613419449688 1.0912289247700102 1.107796165530691 1.0707959944985073 1.0387659956945308 1.0531242710204516 0.38380774428904696 0.09222430690111055 0.0298210333692199 0.06185103217319979 0.07510482478174235 0.008283620380338669 0.0298210333692199
0.0 0.009388103097716927 0.008835861739029532 0.004970172228203895 0.0016567240760691215 0.0016567240760691215 0.0 0.0 0.0 0.0 0.0 0.0027612067934473794 0.03258224016266728 0.051910687716792 0.025955343858397734 0.04914948092334462 0.061298790814508924 0.03534344695611466 0.01988068891281558 0.012149309891164306 0.0988512032053801 0.24298619782328265 0.23083688793211835 0.03202999880397989 0.08394068652077188 0.15462758043299774 0.2816430929315321 0.4235691221146747 0.6262417007536387 0.89352651835925 0.8581830714031353 1.2563490910181065 0.9283177239566738 0.9747059980865745 1.6534106279156962 2.222771468724339 0.3136730917355085 0.08559741059683754 0.014910516684611685 0.0038656895108256373 0.0022089654347565157 0.005522413586894759 0.0298210333692199
0.0 0.0033134481521347736 0.0016567240760691215 0.0 0.0005522413586908637 0.0011044827173782579 0.0 0.0 0.0 0.0 0.0 0.006074654945582153 0.07897051429256799 0.006074654945582153 0.0005522413586908637 0.025955343858397734 0.06074654945582153 0.08062723836863364 0.05522413586892677 0.019328447554124717 0.09719447912931445 0.1159706853247483 0.06792568711878194 0.008835861739029532 0.027612067934463386 0.09940344456407096 0.37552412390870826 0.5677041167325771 0.627346183471017 0.622928252601504 0.7466303169479036 1.2657371941158235 0.925004275804539 1.1227066822152993 1.814112863294276 2.0791887154651274 0.5693608408086464 0.10989603037916615 0.006074654945582153 0.0016567240760691215 0.01822396483674646 0.03644792967349292 0.026507585217085128
0.0 0.0 0.0 0.0005522413586908637 0.0011044827173782579 0.0005522413586908637 0.0 0.0 0.0 0.0 0.0 0.0 0.0016567240760691215 0.0 0.0 0.04362706733645333 0.07455258342305149 0.04197034326038421 0.011597068532473442 0.05246292907548286 0.02264189570625949 0.0027612067934473794 0.0005522413586908637 0.011044827173786048 0.06295551489057805 0.10271689271620574 0.23028464657342748 0.5925549778735932 0.8051679009689651 0.6626896304271317 0.8830339325441549 0.8581830714031353 0.992929962923321 0.954825309173759 0.9023623800982795 0.8996011733048321 0.5881370470040802 0.1032691340748966 0.0027612067934473794 0.020432930271502975 0.058537584021065014 0.08891085874897231 0.054119653151548514
