static/data/precipitation/2023/7/29/12.asc
ncols 137
nrows 93
xllcorner 108.0
yllcorner 17.0
cellsize 0.25
NODATA_value -32767
[rows 60 to 79 of 93, columns 0 to 43 of 137]
0.0 0.16125447673727075 0.12701551249853435 0.0011044827173782579 0.0011044827173782579 0.2871655065184234 0.7847349706974621 0.3230611948332289 0.01546275804329908 0.0011044827173782579 0.0011044827173782579 0.0011044827173782579 0.0011044827173782579 0.2965536096161403 0.21537412988881927 0.11044827173785701 0.3556434349958962 0.8852428979789113 0.22310550891046707 0.4042406745605499 0.2148218885301284 0.09553775505324533 0.10603034086834051 0.024850861141019476 0.07620930749912061 0.025955343858397734 0.0011044827173782579 0.0011044827173782579 0.0038656895108256373 0.006626896304273017 0.03258224016266728 0.03644792967349292 0.026507585217085128 0.013253792608542564 0.014358275325920822 0.0038656895108256373 0.0038656895108256373 0.07068689391222932 0.10492585815096225 0.1032691340748966 0.030373274727910765 0.03810465374956204 0.009388103097716927 0.04473155005383159
0.0 0.0 0.0016567240760691215 0.0016567240760691215 0.0011044827173782579 0.0016567240760691215 0.0 0.01988068891281558 0.02098517163019384 0.005522413586894759 0.0 0.0 0.0 0.0011044827173782579 0.0011044827173782579 0.39595705418021127 0.6417044587969413 0.39871826097365864 0.0 0.3407329183112845 0.2888222305944925 0.16953809711760942 0.11265723717261353 0.03534344695611466 0.09553775505324533 0.030373274727910765 0.004970172228203895 0.013253792608542564 0.016014999401989943 0.03147775744528902 0.0640599976079563 0.07179137662960758 0.051358446358104604 0.03810465374956204 0.014358275325920822 0.0011044827173782579 0.0038656895108256373 0.21813533668226318 0.22034430211702316 0.0982989618466927 0.024850861141019476 0.033134481521358145 0.004970172228203895 0.0469405154885881
0.0 0.0 0.0 0.0 0.0 0.0 0.0 0.0 0.0077313790216512746 0.006626896304273017 0.0011044827173782579 0.0011044827173782579 0.0 0.0 0.0011044827173782579 0.4445542937448685 0.598077391460488 0.06792568711878194 0.03534344695611466 0.07068689391222932 0.1800306829327046 0.09608999641193272 0.01988068891281558 0.02098517163019384 0.024850861141019476 0.009388103097716927 0.006626896304273017 0.0171194821193682 0.07068689391222932 0.08780637603159405 0.07344810070567323 0.07897051429256799 0.06461223896664717 0.045836032771209845 0.019328447554124717 0.0038656895108256373 0.009388103097716927 0.2440906805406609 0.11265723717261353 0.0011044827173782579 0.0011044827173782579 0.0038656895108256373 0.006626896304273017 0.03644792967349292
0.0 0.0 0.0 0.0016567240760691215 0.0016567240760691215 0.0 0.0 0.0 0.0 0.0011044827173782579 0.004970172228203895 0.005522413586894759 0.0 0.0 0.0 0.005522413586894759 0.010492585815095185 0.03258224016266728 0.10989603037916615 0.21150844037799363 0.20874723358454625 0.13750809831362953 0.024850861141019476 0.01822396483674646 0.0 0.012149309891164306 0.006626896304273017 0.016014999401989943 0.07455258342305149 0.12867223657460347 0.06019430809713067 0.05743310130368676 0.06019430809713067 0.04362706733645333 0.03700017103218031 0.022089654347572096 0.0695824111948476 0.09277654825979795 0.045836032771209845 0.0011044827173782579 0.0016567240760691215 0.0016567240760691215 0.0016567240760691215 0.016014999401989943
0.0 0.0 0.0027612067934473794 0.006626896304273017 0.3860167097238035 0.38159877885429044 0.0 0.0 0.0011044827173782579 0.027612067934463386 0.03258224016266728 0.014358275325920822 0.0027612067934473794 0.0027612067934473794 0.0011044827173782579 0.013253792608542564 0.03147775744528902 0.05246292907548286 0.1209408575529522 0.6245849766775731 0.561629461786995 0.23635930151900963 0.027612067934463386 0.004970172228203895 0.0016567240760691215 0.005522413586894759 0.0027612067934473794 0.0016567240760691215 0.01546275804329908 0.040313619184318555 0.010492585815095185 0.030373274727910765 0.05798534266237415 0.14468723597658995 0.16953809711760942 0.10216465135751487 0.24519516325803917 0.17561275206319157 0.05798534266237415 0.0016567240760691215 0.0016567240760691215 0.0011044827173782579 0.0 0.0
0.0 0.0 0.0038656895108256373 0.0171194821193682 1.2856178830286356 3.1643429852895553 0.0 0.0016567240760691215 0.07179137662960758 0.18610533787828676 0.2987625750509003 0.31091188494206456 0.016014999401989943 0.0027612067934473794 0.0027612067934473794 0.0027612067934473794 0.02264189570625949 0.08228396244470276 0.1629112008133364 0.992929962923321 0.7002420428180028 0.24519516325803917 0.019328447554124717 0.01546275804329908 0.0016567240760691215 0.0 0.0 0.0 0.0011044827173782579 0.0027612067934473794 0.0 0.04362706733645333 0.263971369453473 0.35122550412637965 0.35453895227851445 0.3650315380936131 0.17726947613925723 0.08007499700994625 0.025955343858397734 0.004970172228203895 0.0011044827173782579 0.0011044827173782579 0.0 0.0
0.0 0.0 0.0011044827173782579 0.0171194821193682 1.574440113623128 5.024844122713729 4.741544305706131 0.902914621456967 0.9277654825979864 1.6556195933504527 1.8770683781848505 1.2778865040069878 0.103821375433584 0.009388103097716927 0.01546275804329908 0.010492585815095185 0.009388103097716927 0.02098517163019384 0.06571672168402543 0.23912050831245701 0.34404636646341924 0.1457917186939682 0.01822396483674646 0.0016567240760691215 0.0 0.0 0.0 0.0 0.0027612067934473794 0.006626896304273017 0.0027612067934473794 0.22034430211702316 0.40921084678875386 0.34128515966997186 0.13529913287887302 0.10216465135751487 0.24132947374721353 0.03644792967349292 0.0016567240760691215 0.0016567240760691215 0.0011044827173782579 0.0 0.0 0.0
0.0 0.0 0.0 0.008835861739029532 2.1007261284540086 6.056983222103988 5.527383759120971 2.3718766355704455 1.9466507893797016 2.74850524219653 3.038431955508401 1.9295313072603335 0.1734037866284316 0.08504516923815014 0.010492585815095185 0.0011044827173782579 0.0 0.009388103097716927 0.022089654347572096 0.3556434349958962 0.28495654108366686 0.11817965075950482 0.014358275325920822 0.005522413586894759 0.0 0.0016567240760691215 0.0 0.0 0.0038656895108256373 0.008835861739029532 0.1032691340748966 0.3330015392896332 0.31091188494206456 0.2297324052147401 0.1480006841287282 0.17837395885663548 0.0695824111948476 0.004970172228203895 0.0011044827173782579 0.0011044827173782579 0.0011044827173782579 0.0 0.0 0.0
0.0 0.0 0.9631089295540975 1.4678575313960969 3.4100903899062835 5.076202569071832 4.537767244349787 2.3497869812228735 0.7123913527091672 1.392200465255667 1.4639918418852746 0.48265894749442706 0.06571672168402543 0.06792568711878194 0.011597068532473442 0.0011044827173782579 0.0 0.0 0.0038656895108256373 0.15462758043299774 0.14855292548741558 0.006626896304273017 0.0171194821193682 0.02098517163019384 0.0298210333692199 0.06185103217319979 0.045836032771209845 0.01822396483674646 0.01822396483674646 0.15904551130251077 0.27556843798594993 0.34238964238735015 0.23470257744294398 0.15738878722644511 0.13750809831362953 0.09167206554241969 0.004970172228203895 0.0027612067934473794 0.0 0.0 0.0 0.0 0.0 0.0
0.0 0.0027612067934473794 1.2083040928121367 2.488399562253881 2.232711813180747 3.7491665841415007 3.173731088387274 1.7461871761754941 0.1629112008133364 0.20322481999765496 0.39485257146283304 0.016014999401989943 0.0011044827173782579 0.014358275325920822 0.0 0.0 0.0 0.0016567240760691215 0.0011044827173782579 0.0038656895108256373 0.0 0.0011044827173782579 0.006626896304273017 0.0298210333692199 0.028716550651841644 0.08007499700994625 0.12038861619426133 0.22807568113867097 0.20432930271503322 0.2253144743452236 0.18886654467173414 0.16512016624809292 0.11265723717261353 0.11155275445523527 0.08891085874897231 0.025955343858397734 0.0 0.0 0.0 0.0011044827173782579 0.0 0.0011044827173782579 0.0016567240760691215 0.0011044827173782579
0.0027612067934473794 0.012149309891164306 0.5875848056453893 2.7286245532837166 1.5241861499824052 1.4811113240046394 1.0928856488460794 1.8003068293270426 0.8079291077624124 0.1507618909221721 0.24022499102983527 0.045836032771209845 0.004970172228203895 0.0038656895108256373 0.0011044827173782579 0.0011044827173782579 0.0 0.0011044827173782579 0.0 0.0 0.0 0.0016567240760691215 0.005522413586894759 0.024850861141019476 0.012149309891164306 0.08228396244470276 0.08780637603159405 0.19935913048682932 0.16014999401988902 0.13143344336804738 0.010492585815095185 0.0342389642387364 0.03700017103218031 0.030373274727910765 0.027612067934463386 0.0016567240760691215 0.0 0.0 0.0011044827173782579 0.0011044827173782579 0.0011044827173782579 0.0027612067934473794 0.0038656895108256373 0.0027612067934473794
0.011597068532473442 0.004970172228203895 0.5781967025476724 2.289040431767052 0.6731822162422303 0.2612101626600291 0.15738878722644511 0.8659144504247867 1.5965297679707002 0.6571672168402404 0.30980740222468284 0.162358959454649 0.1209408575529522 0.011597068532473442 0.008835861739029532 0.012149309891164306 0.0011044827173782579 0.0011044827173782579 0.0 0.0 0.010492585815095185 0.012149309891164306 0.01822396483674646 0.01822396483674646 0.0077313790216512746 0.008835861739029532 0.01546275804329908 0.014358275325920822 0.0027612067934473794 0.0016567240760691215 0.0027612067934473794 0.014358275325920822 0.014358275325920822 0.009388103097716927 0.006626896304273017 0.0 0.0 0.0011044827173782579 0.0011044827173782579 0.0016567240760691215 0.0016567240760691215 0.004970172228203895 0.005522413586894759 0.0038656895108256373
0.010492585815095185 0.0027612067934473794 0.006626896304273017 0.6085699772755832 0.6952718705897989 0.28495654108366686 0.07455258342305149 0.3567479177132744 1.1508709915084534 1.1006170278677272 0.4660917067337497 0.4003749850497243 0.13916482238969866 0.01546275804329908 0.02098517163019384 0.03810465374956204 0.0027612067934473794 0.0027612067934473794 0.0016567240760691215 0.006626896304273017 0.01822396483674646 0.026507585217085128 0.03534344695611466 0.011597068532473442 0.01822396483674646 0.0077313790216512746 0.0027612067934473794 0.0016567240760691215 0.0011044827173782579 0.004970172228203895 0.006626896304273017 0.0342389642387364 0.03258224016266728 0.005522413586894759 0.0027612067934473794 0.0 0.0 0.0011044827173782579 0.0027612067934473794 0.0038656895108256373 0.004970172228203895 0.008835861739029532 0.006626896304273017 0.0027612067934473794
0.011597068532473442 0.008835861739029532 0.008835861739029532 0.028716550651841644 0.016014999401989943 0.04197034326038421 0.5273904975482586 0.557211530917482 0.09167206554241969 0.37110619303919523 0.5207636012439891 0.5340173938525317 0.18776206195435588 0.005522413586894759 0.010492585815095185 0.009388103097716927 0.0 0.005522413586894759 0.011597068532473442 0.02098517163019384 0.02374637842363775 0.016014999401989943 0.009388103097716927 0.0027612067934473794 0.0016567240760691215 0.0011044827173782579 0.0011044827173782579 0.0011044827173782579 0.0016567240760691215 0.004970172228203895 0.05908982537975241 0.09608999641193272 0.05632861858630503 0.008835861739029532 0.008835861739029532 0.0038656895108256373 0.004970172228203895 0.010492585815095185 0.013253792608542564 0.008835861739029532 0.006626896304273017 0.011597068532473442 0.0077313790216512746 0.0038656895108256373
0.0171194821193682 0.009388103097716927 0.006626896304273017 0.024850861141019476 0.027612067934463386 0.07897051429256799 0.16401568353071466 0.12756775385722174 0.0011044827173782579 0.0038656895108256373 0.016014999401989943 0.3059417127138607 0.14468723597658995 0.0011044827173782579 0.0011044827173782579 0.0 0.0 0.0027612067934473794 0.0016567240760691215 0.0016567240760691215 0.0016567240760691215 0.0016567240760691215 0.004970172228203895 0.006626896304273017 0.0027612067934473794 0.006626896304273017 0.012149309891164306 0.013253792608542564 0.010492585815095185 0.01988068891281558 0.103821375433584 0.08228396244470276 0.0392091364669403 0.0171194821193682 0.019328447554124717 0.03147775744528902 0.09056758282504143 0.06185103217319979 0.09332878961848881 0.08007499700994625 0.010492585815095185 0.01546275804329908 0.006626896304273017 0.0038656895108256373
0.025955343858397734 0.016014999401989943 0.014358275325920822 0.02374637842363775 0.027612067934463386 0.01988068891281558 0.05743310130368676 0.051358446358104604 0.0 0.0011044827173782579 0.0077313790216512746 0.06847792847746934 0.05356741179286112 0.0 0.0 0.0 0.0 0.0 0.0 0.0 0.0 0.0 0.0016567240760691215 0.008835861739029532 0.012149309891164306 0.012149309891164306 0.012149309891164306 0.014358275325920822 0.03534344695611466 0.13640361559625128 0.17174706255236594 0.08007499700994625 0.04362706733645333 0.06847792847746934 0.08559741059683754 0.03644792967349292 0.06185103217319979 0.07620930749912061 0.11044827173785701 0.08394068652077188 0.005522413586894759 0.011597068532473442 0.005522413586894759 0.010492585815095185
0.03810465374956204 0.043074825977762465 0.011597068532473442 0.011597068532473442 0.008835861739029532 0.006626896304273017 0.07344810070567323 0.07234361798829497 0.0011044827173782579 0.0011044827173782579 0.03700017103218031 0.0016567240760691215 0.0 0.0 0.0 0.0 0.0016567240760691215 0.0 0.0 0.0 0.0 0.0 0.010492585815095185 0.013253792608542564 0.008835861739029532 0.009388103097716927 0.014358275325920822 0.01988068891281558 0.0298210333692199 0.26894154168167694 0.2650758521708547 0.1728515452697442 0.11431396124867918 0.12314982298770871 0.09167206554241969 0.02374637842363775 0.040313619184318555 0.04086586054300595 0.05356741179286112 0.043074825977762465 0.008835861739029532 0.005522413586894759 0.005522413586894759 0.0077313790216512746
0.02264189570625949 0.05632861858630503 0.0077313790216512746 0.004970172228203895 0.0027612067934473794 0.0038656895108256373 0.05908982537975241 0.1336424088028039 0.004970172228203895 0.004970172228203895 0.07841827293387713 0.02374637842363775 0.0 0.0 0.0 0.0011044827173782579 0.0016567240760691215 0.0 0.0 0.0 0.0011044827173782579 0.009388103097716927 0.033134481521358145 0.03147775744528902 0.0038656895108256373 0.0038656895108256373 0.045836032771209845 0.008835861739029532 0.14689620141134646 0.338523952876528 0.4174944671690925 0.3396284355939062 0.19825464776945106 0.1336424088028039 0.10106016864013662 0.06295551489057805 0.011597068532473442 0.022089654347572096 0.0171194821193682 0.009388103097716927 0.0038656895108256373 0.0016567240760691215 0.0038656895108256373 0.0077313790216512746
0.09277654825979795 0.08007499700994625 0.011597068532473442 0.0016567240760691215 0.08283620380339016 0.08559741059683754 0.05908982537975241 0.09056758282504143 0.028716550651841644 0.022089654347572096 0.051358446358104604 0.02374637842363775 0.0 0.0011044827173782579 0.0011044827173782579 0.0 0.0 0.0 0.0 0.0 0.013253792608542564 0.03644792967349292 0.0469405154885881 0.04086586054300595 0.0469405154885881 0.061298790814508924 0.03644792967349292 0.0011044827173782579 0.2021203372802767 0.37552412390870826 0.4881813610813218 0.3451508491807975 0.16567240760678378 0.10879154766178789 0.08780637603159405 0.04473155005383159 0.0 0.01822396483674646 0.010492585815095185 0.004970172228203895 0.0011044827173782579 0.0011044827173782579 0.005522413586894759 0.011597068532473442
0.13916482238969866 0.1032691340748966 0.02264189570625949 0.016014999401989943 0.0982989618466927 0.1678813730415403 0.14137378782445517 0.07510482478174235 0.05632861858630503 0.02374637842363775 0.0038656895108256373 0.0 0.0 0.0011044827173782579 0.0011044827173782579 0.0 0.0 0.0 0.0011044827173782579 0.0077313790216512746 0.026507585217085128 0.05246292907548286 0.06185103217319979 0.09277654825979795 0.0982989618466927 0.05522413586892677 0.02374637842363775 0.04473155005383159 0.1905232687477998 0.3578524004306527 0.322508953474538 0.17947844157401374 0.12038861619426133 0.0640599976079563 0.047492756847278966 0.0016567240760691215 0.0011044827173782579 0.01546275804329908 0.0077313790216512746 0.0038656895108256373 0.0 0.0 0.004970172228203895 0.013253792608542564
