static/data/precipitation/2023/7/29/18.asc
ncols 137
nrows 93
xllcorner 108.0
yllcorner 17.0
cellsize 0.25
NODATA_value -32767
[rows 40 to 59 of 93, columns 90 to 134 of 137]
0.49094256787476576 0.42798705298419115 0.18610533787828676 0.033134481521358145 0.00994034445640779 0.03092551608659816 0.07897051429256799 0.25347878363837784 0.6113311840690305 0.6891972156442168 0.3705539516805044 0.2739117139098808 0.25789671450789087 0.43295722521239155 0.6930629051550424 1.4087677060163444 1.9422328585101851 1.8522175170438346 0.8140037627079946 0.7913618670017352 0.20377706135634235 0.04252258461907507 0.02816430929315425 0.054119653151548514 0.10658258222703137 0.1330901674441165 0.10161240999882748 0.007179137662960411 0.0016567240760691215 0.0038656895108256373 0.0011044827173782579 0.0 0.0 0.0 0.0 0.0 0.0 0.0005522413586908637 0.0038656895108256373 0.011044827173786048 0.02264189570625949 0.030373274727910765 0.02705982657577599 0.016567240760677338 0.01546275804329908
0.5445099796676268 0.331897056572255 0.05743310130368676 0.012149309891164306 0.008835861739029532 0.024298619782328612 0.06847792847746934 0.24298619782328265 0.38656895108249434 0.3970615368975895 0.16677689032416204 0.0938810309771762 0.09774672048800184 0.42080791532123074 1.2138265063990314 1.8820385504130546 1.9808897536184347 1.7014556261216625 1.2867223657460138 1.2143787477577188 0.7002420428180028 0.18168740700877373 0.03147775744528902 0.07234361798829497 1.3204090886260595 1.1227066822152993 0.3501210214090014 0.04914948092334462 0.043074825977762465 0.01270155124985517 0.013253792608542564 0.012149309891164306 0.008835861739029532 0.0 0.0 0.0 0.0 0.0005522413586908637 0.008835861739029532 0.009388103097716927 0.01988068891281558 0.02374637842363775 0.021537412988881233 0.025955343858397734 0.02816430929315425
0.45836032771209845 0.24519516325803917 0.019328447554124717 0.0171194821193682 0.01270155124985517 0.012149309891164306 0.05688085994499589 0.10271689271620574 0.13198568472673824 0.13640361559625128 0.09167206554241969 0.018776206195437323 0.2816430929315321 0.6483313551012109 1.0812885803136059 1.0393182370532181 1.1387216816172891 1.5832759753621577 0.9934822042820084 1.5070666678630371 1.7826351058489869 1.2624237459636853 0.06461223896664717 0.10934378902047875 1.8466951034569432 1.6512016624809362 0.8769592775985726 0.155732063150376 0.050253963640722876 0.05356741179286112 0.02816430929315425 0.026507585217085128 0.013253792608542564 0.006074654945582153 0.0033134481521347736 0.0005522413586908637 0.0005522413586908637 0.0011044827173782579 0.006626896304273017 0.013806033967233428 0.022089654347572096 0.025955343858397734 0.03976137782562769 0.04914948092334462 0.047492756847278966
0.4638827412989932 0.3125686090181302 0.09498551369455446 0.0342389642387364 0.01546275804329908 0.013253792608542564 0.05080620499941374 0.09608999641193272 0.07123913527091671 0.05743310130368676 0.0298210333692199 0.40976308814744467 0.7002420428180028 0.9995568592275905 0.9078847936851708 0.7775558330345017 0.2844042997249795 0.841615830642458 0.36834498624574785 1.152527715584519 1.4927083925371163 1.936158203564603 0.6698687680900921 0.8642577263487174 1.953829927042662 1.751157348403698 1.0685870290637507 0.3379717115178371 0.20432930271503322 0.05467189451023938 0.02540310249970687 0.02816430929315425 0.014910516684611685 0.00994034445640779 0.006626896304273017 0.0038656895108256373 0.0016567240760691215 0.0016567240760691215 0.0033134481521347736 0.011597068532473442 0.019328447554124717 0.027612067934463386 0.04252258461907507 0.058537584021065014 0.05798534266237415
0.7919141083604225 0.6405999760795631 0.471614120320641 0.2821953342902195 0.1728515452697442 0.024298619782328612 0.06240327353188718 0.26176240401871653 0.3230611948332289 0.4053451572779282 0.63397307977529 1.0144673759122023 1.206647368736071 1.4479768424832846 1.4004840856360057 0.9780194462387093 0.48376343021180535 0.24519516325803917 0.06737344576009108 0.2717027484751243 0.8443770374359054 1.2894835725394613 1.6622464896547222 2.062069233345759 2.2316073304633686 1.9378149276406722 1.2541401255833466 0.6140923908624745 0.555002565482722 0.17064257983498768 0.013253792608542564 0.016567240760677338 0.013253792608542564 0.0077313790216512746 0.009388103097716927 0.012149309891164306 0.010492585815095185 0.0044179308695130315 0.004970172228203895 0.0044179308695130315 0.004970172228203895 0.013253792608542564 0.01988068891281558 0.0392091364669403 0.04362706733645333
1.2121697823229625 1.464544083243962 1.4264394294944034 0.7770035916758143 0.21758309532357578 0.07013465255353846 0.1435827532592117 0.3307925738548767 0.8432725547185271 1.7058735569911756 1.7113959705780704 1.6462314902527357 1.6716345927524425 1.7969933811749077 1.1254678890087466 1.1470053019976278 1.0669303049876815 0.8946310010766283 0.06847792847746934 0.16567240760678378 0.7527049718934857 1.171856163138644 1.577753561775263 2.2862792249736046 2.010710786987658 1.834545793565779 1.8693369991632027 1.3320061571585364 1.0823930630309841 0.31201636765944285 0.1551798217916886 0.01546275804329908 0.007179137662960411 0.004970172228203895 0.019328447554124717 0.022089654347572096 0.022089654347572096 0.010492585815095185 0.013806033967233428 0.0027612067934473794 0.0011044827173782579 0.0027612067934473794 0.008283620380338669 0.012149309891164306 0.0171194821193682
1.1282290958021939 1.319856847267372 1.4021408097120749 0.6107789427103396 0.30207602320303506 0.19880688912813846 0.322508953474538 0.49039032651607833 0.5483756691784525 1.7914709675880132 1.733485624925639 1.7588887274253457 2.083054404975953 1.6086790778618645 1.2491699533551428 1.0249599617272973 0.6510925618946583 0.1921799928238689 0.11431396124867918 0.3153298158115776 0.41859894988647073 0.7477347996652818 1.177930818084226 1.4314096017226072 1.3126777096044115 1.75723200334928 2.213383365626622 2.416608185624277 2.154845781605557 0.9951389283580775 0.3136730917355085 0.0347912055974238 0.01546275804329908 0.0011044827173782579 0.0022089654347565157 0.021537412988881233 0.03092551608659816 0.03976137782562769 0.04638827412990071 0.018776206195437323 0.0016567240760691215 0.0016567240760691215 0.0022089654347565157 0.006074654945582153 0.008835861739029532
1.2939015034089743 1.2591102978115505 1.4120811541684826 1.012810651836133 0.4710618789619536 0.2220010261930888 0.32747912570274196 0.5489279105371399 0.3650315380936131 0.830571003468672 1.3115732268870333 1.6119925260139993 1.7329333835669516 1.7820828644902962 1.834545793565779 1.2132742650403407 0.6996898014593155 0.4727186030380227 0.15241861499824122 0.17616499342187897 0.2496130941275522 0.44013636287535546 0.6615851477097534 0.7317198002632919 0.884138415261533 1.6169626982422032 2.2647418119847234 2.456921804808592 2.045501992585082 1.1679904736278217 0.39927050233234607 0.0298210333692199 0.016014999401989943 0.0011044827173782579 0.0022089654347565157 0.03534344695611466 0.07234361798829497 0.10768706494440963 0.1480006841287282 0.04970172228203548 0.012149309891164306 0.0027612067934473794 0.0016567240760691215 0.0027612067934473794 0.0044179308695130315
1.324827019495576 1.355752535582174 1.6175149396008905 1.6075745951444862 1.255244608300725 0.986303066619048 0.8432725547185271 0.8272575553165372 0.8316754861860503 0.3821510202129813 0.4539423968425854 0.6019430809713135 0.9332878961848777 1.8582921719894168 3.121268159311793 2.836311618228126 1.9969047530204245 1.1182887513457862 0.2518220595623122 0.2247622329865362 0.2253144743452236 0.5323606697764626 0.9625566881954102 0.9758104808039527 1.1227066822152993 1.6970376952521495 1.859396654706795 1.610888043296621 0.9675268604236141 0.5019873950485518 0.13529913287887302 0.05908982537975241 0.02540310249970687 0.011044827173786048 0.01988068891281558 0.12149309891163959 0.17561275206319157 0.1579410285851325 0.16732913168284944 0.12977671929198173 0.07510482478174235 0.03644792967349292 0.02264189570625949 0.008835861739029532 0.0022089654347565157
1.2546923669420376 1.0083927209666201 1.6302164908507457 1.631320973568124 1.225975816290196 0.8095858318384817 0.5632861858630642 0.6135401495037871 0.5831668747758763 0.2882699892358016 0.0811794797273245 0.1750605107045007 0.4307482597776351 1.38281236215795 2.705982657577457 3.0461633345300507 2.4497426671456317 1.428096153570469 0.49259929195083485 0.4721663616793319 0.6549582514054839 0.63397307977529 0.9581387573258972 1.1961547829209724 1.2486177119964554 1.2828566762351916 1.18290099031243 0.8631532436313393 0.47327084439671013 0.16456792488940553 0.05080620499941374 0.06737344576009108 0.06461223896664717 0.06185103217319979 0.06792568711878194 0.1330901674441165 0.17947844157401374 0.18389637244353024 0.20377706135634235 0.1502096495634847 0.07013465255353846 0.06571672168402543 0.05080620499941374 0.03810465374956204 0.027612067934463386
0.9321834134674994 1.132647026671707 1.9024714806845575 1.8516652756851437 1.3027373651480039 1.096751338356905 1.1376171988999109 0.8631532436313393 0.7565706614043078 0.8228396244470242 0.717361524937371 0.25292654227969047 0.5903460124388367 1.41263339552717 2.1465621612252184 2.622041971056687 2.1526368161708005 1.1994682310731106 0.33024033249618934 0.24519516325803917 0.37828533070215564 0.48376343021180535 0.6433611828730069 0.952064102380315 1.4120811541684826 1.3032896065066948 0.8797204843920166 0.5428532555915577 0.29489688554007465 0.1159706853247483 0.04197034326038421 0.07841827293387713 0.11431396124867918 0.12922447793329087 0.1330901674441165 0.18389637244353024 0.2098517163019245 0.2048815440737206 0.15738878722644511 0.10216465135751487 0.05908982537975241 0.05522413586892677 0.05080620499941374 0.08559741059683754 0.09056758282504143
0.9244520344458482 1.1757218526494695 1.9576956165534878 1.8676802750871337 1.3314539157998455 1.2430952984095605 1.4446633943311498 1.3540958115061084 1.3286927090064016 1.3966183961251801 1.5236339086237143 1.1740651285734038 1.365140638679891 1.7367990730777771 2.2597716397565195 2.040531820356878 1.5661564932427894 0.9752582394452619 0.21095619901930276 0.08228396244470276 0.09443327233586707 0.1971501650520728 0.23249361200818747 0.5003306709724862 1.3712152936254731 1.3772899485710552 0.9448849647173512 0.4213601566799181 0.16456792488940553 0.11431396124867918 0.04638827412990071 0.07455258342305149 0.15738878722644511 0.17616499342187897 0.1971501650520728 0.22420999162784533 0.20819499222585885 0.21647861260619752 0.16677689032416204 0.10768706494440963 0.06461223896664717 0.0469405154885881 0.029268792010532507 0.05688085994499589 0.08725413467290666
1.1392739229759765 1.4369320153094987 1.9129640664996561 1.822948725033302 1.2248713335728176 1.0862587525418064 1.3309016744411581 1.6153059741661342 1.687649592154429 2.01457647649848 2.1421442303557052 1.7450826934581158 1.5716789068296808 1.6396045939484627 1.4546037387875541 1.234811678029222 1.0923334074873885 0.5953161846670406 0.2220010261930888 0.0690301698361602 0.0740003420643641 0.08228396244470276 0.11762740940081742 0.4031361918431717 1.1978115069970416 1.381155638081881 1.0950946142808358 0.571017564884712 0.10658258222703137 0.07455258342305149 0.04252258461907507 0.07455258342305149 0.16677689032416204 0.27667292070332816 0.2982103336922094 0.23801602559507876 0.19438895825862543 0.1971501650520728 0.16346344217202727 0.10437361679227486 0.06847792847746934 0.04197034326038421 0.011597068532473442 0.01822396483674646 0.05080620499941374
0.9305266893914304 1.5346787357975005 1.8036202774791774 1.8179785528050982 1.1972592656383507 1.1337515093890853 1.3077075373762077 1.6291120081333674 2.057651302476246 2.3696676701356854 1.953829927042662 1.4844247721567776 0.9272132412392955 0.742212386078387 0.5108232567875813 0.50530084320069 0.37828533070215564 0.25844895586658173 0.17450826934581332 0.047492756847278966 0.07344810070567323 0.07620930749912061 0.25292654227969047 0.6256894593949514 1.1613635773235487 1.4021408097120749 1.1464530606389405 0.5273904975482586 0.035895688314802054 0.0640599976079563 0.0817317210860119 0.13916482238969866 0.3230611948332289 0.4373751560819081 0.5251815321135022 0.4578080863534111 0.2197920607583323 0.15131413228086296 0.12977671929198173 0.10713482358571877 0.07676154885781147 0.04197034326038421 0.01270155124985517 0.02374637842363775 0.07179137662960758
0.21592637124750666 0.6074654945582049 1.1431396124868023 1.3734242590602332 1.4424544288963899 1.3739765004189206 1.4060064992229004 1.7853963126424308 2.103487335247456 1.9295313072603335 1.392752706614358 0.7427646274370779 0.39650929553890213 0.20101585456289844 0.1921799928238689 0.2297324052147401 0.21150844037799363 0.05743310130368676 0.053015170434170256 0.04197034326038421 0.06350775624926544 0.14468723597658995 0.34018067695259363 0.7935708324364916 1.3397375361801842 1.3944094306904236 0.9012578973809013 0.31035964358337376 0.07510482478174235 0.11928413347688308 0.17947844157401374 0.30373274727910415 0.5605249790696167 0.9167206554242003 1.0525720296617607 0.8730935880877471 0.38656895108249434 0.2645236108121639 0.10216465135751487 0.07510482478174235 0.05522413586892677 0.06295551489057805 0.020432930271502975 0.0347912055974238 0.09277654825979795
0.11983637483557394 0.14910516684610645 0.7035554909701376 1.1354082334651543 1.362379431886447 1.4667530486787186 1.4435589116137681 1.6710823513937516 1.630768732209433 1.4021408097120749 1.0061837555318636 0.5152411876570944 0.20598602679109887 0.03810465374956204 0.0011044827173782579 0.0016567240760691215 0.0033134481521347736 0.016014999401989943 0.017671723478055595 0.10050792728144922 0.22310550891046707 0.3550911936372053 0.7400034206436306 1.4303051190052256 1.4501858079180412 0.7731379021649887 0.3009715404856568 0.12922447793329087 0.11762740940081742 0.18776206195435588 0.26176240401871653 0.43516619064715156 0.8913175529244934 1.2541401255833466 1.4131856368858609 1.318200123191303 0.945437206076042 0.48542015428787444 0.2424339564645918 0.07013465255353846 0.0298210333692199 0.010492585815095185 0.011044827173786048 0.051358446358104604 0.10823930630309703
0.10658258222703137 0.13529913287887302 0.5064053259180683 0.868675657218234 1.1492142674323844 1.3568570182995523 1.3866780516687758 1.2574535737354848 1.022750996292541 0.7825260052627057 0.5041963604833083 0.18334413108483938 0.02264189570625949 0.007179137662960411 0.0005522413586908637 0.0 0.0005522413586908637 0.02264189570625949 0.13143344336804738 0.41197205358220124 0.7753468675997452 1.2165877131924754 1.5159025296020665 1.4358275325921204 0.9012578973809013 0.4555991209186545 0.23359809472556572 0.1502096495634847 0.14965740820479384 0.214269647171441 0.3125686090181302 0.5284949802656369 1.0111539277600674 1.3822601207992593 1.5622908037319638 1.6031566642749697 1.574992354981819 1.1254678890087466 0.5340173938525317 0.16953809711760942 0.0469405154885881 0.014358275325920822 0.008835861739029532 0.04528379141252245 0.09608999641193272
0.18610533787828676 0.49259929195083485 0.8095858318384817 1.080736338954915 1.1381694402585982 1.0818408216722932 0.715704800861302 0.46830067216850624 0.29268792010531813 0.16953809711760942 0.0347912055974238 0.028716550651841644 0.0033134481521347736 0.0011044827173782579 0.0016567240760691215 0.01546275804329908 0.2048815440737206 0.5356741179285973 1.2640804700397543 1.9118595837822778 2.227741640952543 2.2614283638325885 2.0946514735084265 1.3706630522667858 0.7201227317308184 0.39098688195200737 0.15904551130251077 0.1502096495634847 0.22089654347571056 0.21703085396488492 0.5605249790696167 0.857078588685757 1.1679904736278217 1.4231259813422652 1.5865894235142926 1.631320973568124 1.730172176773504 1.355752535582174 0.7510482478174165 0.3285836084201202 0.1259110297811561 0.07565706614042975 0.018776206195437323 0.018776206195437323 0.038656895108249434
0.24077723238852614 0.7952275565125573 1.0481540987922477 1.0409749611292873 0.9675268604236141 0.5920027365149059 0.29268792010531813 0.10989603037916615 0.07786603157518973 0.0044179308695130315 0.004970172228203895 0.0016567240760691215 0.0077313790216512746 0.10216465135751487 0.08891085874897231 0.2772251620620156 0.5632861858630642 1.0752139253680237 1.8665757923697555 2.39783197942884 2.544175939481499 2.471280080134513 2.062069233345759 1.489394944384978 0.8813772084680858 0.6190625630906783 0.45118119004913804 0.46719618945112795 0.5461667037436959 0.7698244540128505 1.074109442650642 1.189527886616703 1.2464087465616989 1.41263339552717 1.3342151225932928 1.234811678029222 1.55732063150376 1.25193116014859 0.6759434230356742 0.3075984367899264 0.12867223657460347 0.05080620499941374 0.02264189570625949 0.01988068891281558 0.010492585815095185
0.44289756966879934 0.89352651835925 1.0453928919988003 1.0216465135751627 0.712943594067858 0.32416567755060716 0.07234361798829497 0.03644792967349292 0.007179137662960411 0.017671723478055595 0.01988068891281558 0.02540310249970687 0.03258224016266728 0.07234361798829497 0.15683654586775425 0.3832555029303596 0.9111982418373056 1.4529470147114885 1.9908300980748423 2.244861123071911 2.306712155245111 2.1101142315517256 1.730172176773504 1.209960816888206 0.7714811780889196 0.5892415297214584 0.6533015273294147 0.6825703193399473 0.857078588685757 1.079079614878846 1.2591102978115505 1.2314982298770871 1.291692537974218 1.3579615010169306 1.28396115895257 1.115527544552339 1.3458121911257663 1.133199268030398 0.6936151465137332 0.3075984367899264 0.11044827173785701 0.051910687716792 0.03644792967349292 0.024298619782328612 0.016014999401989943
