static/data/precipitation/2023/7/29/6.asc
ncols 137
nrows 93
xllcorner 108.0
yllcorner 17.0
cellsize 0.25
NODATA_value -32767
[rows 0 to 18 of 93, columns 42 to 83 of 137]
0.4031361918431717 0.46719618945112795 0.5842713574932545 0.76485428178465 0.9868553079777388 1.234811678029222 1.4065587405815878 1.6114402846553084 2.0637259574218283 2.071457336443476 2.1686518155727903 2.287383707690986 2.478459217797475 2.6618033488823145 2.4812204245909206 2.4502949085043224 2.424339564645925 2.482324907308299 3.228402982897512 3.5807329697412715 3.0351185073562643 3.1698653988764485 3.350448323167842 3.5514641777307387 1.391648223896976 0.8642577263487174 0.7946753151538699 0.49425601602690394 2.0278302691070262 3.2179103970824166 1.8455906207395616 1.4164990850379957 1.1238111649326774 1.2292892644423306 3.119611435235724 1.4871859789502215 0.04417930869514072 0.004970172228203895 0.0 0.0 0.0 0.0
0.9807806530321567 1.0023180660210378 1.1840054730298082 1.572783389547059 2.067039405573963 2.3238316373644756 2.5574297320900414 2.6452361081216353 3.3775081497436164 3.067700747518932 2.5375490431772274 2.67340041741479 2.758445586652938 2.795445757685118 2.771699379261481 2.845699721325843 2.8434907558910862 2.7551321385008016 2.619280764263239 2.975476440617823 3.06990971295369 2.770042655185413 2.197368366224632 1.574440113623128 0.9614522054780319 0.34018067695259363 0.2297324052147401 0.8261530725991589 2.4265485300806815 5.828355299606626 6.160252356178883 4.208631394570979 3.516672972133315 4.173287947614864 3.787271237891061 0.3556434349958962 0.054119653151548514 0.0077313790216512746 0.0 0.0 0.0 0.0
1.2905880552568396 1.3077075373762077 1.4612306350918272 1.999113718455181 3.371985736156723 3.4879564214814716 4.163899844517148 5.463876002871704 4.601275000599054 4.301960184189467 4.51236414185008 5.958684260257297 5.177814979070659 4.553782243751777 4.4206920763076605 4.241213634733646 4.188750705658164 4.105914501854773 3.7386739983264037 3.6309869333819944 3.3598364262655607 2.888774547303607 2.091890266714979 1.3413942602562532 0.6897494570029077 0.35840464178934006 0.4031361918431717 1.0199897894990935 2.400040944863596 5.811788058845949 5.644458927163098 2.9174910979554487 2.419921633776412 4.124138466691518 4.425662248535864 0.3324492979309458 0.05688085994499589 0.0171194821193682 0.0 0.0 0.0 0.0
1.3270359849303324 1.7583364860666584 3.422239699797448 5.136949118527653 10.58260115656261 12.287370230836407 12.4011319507264 10.091658588687842 9.068355351036613 7.950066599690829 6.088460979549277 4.517334314078284 3.4940310764270537 2.3751900837225803 1.9593523406295534 1.7969933811749077 1.6434702834592883 1.4811113240046394 1.4606783937331365 1.4292006362878473 1.261871504604998 1.1812442662363642 0.7874961774909095 0.3550911936372053 0.31201636765944285 0.2126129230953719 0.32029998803978155 0.6201670458080566 1.1851099557471898 1.8986057911737353 1.8096949324247595 0.9956911697167649 1.26794615955058 3.34437366822226 3.7403307224024713 0.2915834373879399 0.04638827412990071 0.014358275325920822 0.0 0.0 0.0 0.0
2.3100256033972455 2.819744377467447 4.125242949408898 5.137501359886342 7.335421967469664 7.9329471175714605 6.670523371607773 4.8790524040197605 4.238452427940199 3.8369729601730946 2.5220862851339265 2.0604125092696934 1.80306803612049 0.9327356548261903 0.7151525595026145 0.6367342865687374 0.5218680839613674 0.5191068771679199 0.4787932579836049 0.44344981102749026 0.39595705418021127 0.3324492979309458 0.21150844037799363 0.15352309771561948 0.06737344576009108 0.38656895108249434 0.45836032771209845 0.6897494570029077 0.4578080863534111 0.37110619303919523 0.2844042997249795 0.27059826575774604 0.38877791651725085 1.6755002822632648 1.8207397595985455 0.3628225726588566 0.08504516923815014 0.04638827412990071 0.04252258461907507 0.012149309891164306 0.0 0.0
1.870441481880581 2.067591646932654 1.983650960411882 2.8037293780654586 3.0362229900736444 2.9069985121403534 1.6396045939484627 1.371767534984164 1.2447520224856297 0.8957354837940066 0.9531685850976933 0.8432725547185271 0.6196148044493692 0.4821067061357397 0.3053894713551698 0.22255326755177968 0.17174706255236594 0.15959775266120163 0.12756775385722174 0.12259758162902132 0.07676154885781147 0.0640599976079563 0.06847792847746934 0.021537412988881233 0.11044827173785701 0.3832555029303596 0.42798705298419115 0.31919550532240326 0.16622464896547118 0.09664223777062358 0.08394068652077188 0.08283620380339016 0.22862792249736183 0.1408215464657643 0.20819499222585885 0.3832555029303596 0.23912050831245701 0.20046361320420758 0.08228396244470276 0.025955343858397734 0.011044827173786048 0.0
1.0150196172708896 0.8990489319461413 0.8151082454253729 0.7626453163498901 0.7085256631983415 0.6069132531995141 0.566599634015199 0.419703432603849 0.401479467767106 0.5086142913528248 0.5699130821673337 0.5732265303194685 0.4881813610813218 0.3501210214090014 0.22918016385604922 0.11265723717261353 0.061298790814508924 0.03147775744528902 0.018776206195437323 0.013253792608542564 0.01546275804329908 0.011597068532473442 0.011044827173786048 0.06571672168402543 0.15849326994382337 0.24629964597541742 0.29765809233352203 0.18776206195435588 0.0982989618466927 0.08338844516208102 0.07123913527091671 0.043074825977762465 0.14137378782445517 0.061298790814508924 0.0817317210860119 0.3390761942352154 0.22752343977998357 0.3639270553762348 0.315882057170265 0.11873189211819568 0.011044827173786048 0.0
0.6417044587969413 0.5191068771679199 0.3550911936372053 0.3324492979309458 0.2844042997249795 0.2573444731492035 0.2264189570626053 0.18334413108483938 0.2098517163019245 0.295449126898762 0.4064496399953065 0.45615136227734193 0.4053451572779282 0.3506732627676923 0.2418817151059044 0.10713482358571877 0.0298210333692199 0.0005522413586908637 0.0 0.0005522413586908637 0.0016567240760691215 0.0038656895108256373 0.0077313790216512746 0.038656895108249434 0.12646327113984349 0.11431396124867918 0.18776206195435588 0.1778217174979481 0.08891085874897231 0.07455258342305149 0.035895688314802054 0.01988068891281558 0.053015170434170256 0.06240327353188718 0.13419465016149476 0.1402693051070769 0.0938810309771762 0.2612101626600291 0.29710585097483116 0.0038656895108256373 0.0038656895108256373 0.0011044827173782579
2.113979921062551 2.0261735450309573 0.1850008551609085 0.23249361200818747 0.2148218885301284 0.13088120200936 0.11155275445523527 0.08891085874897231 0.08394068652077188 0.1336424088028039 0.23415033608425312 0.318091022605025 0.35453895227851445 0.33741947015914975 0.23967274967114788 0.10161240999882748 0.033134481521358145 0.0 0.0 0.0 0.0005522413586908637 0.0005522413586908637 0.0027612067934473794 0.022089654347572096 0.07289585934698584 0.14744844277003732 0.22752343977998357 0.39098688195200737 0.3357627460830806 0.0690301698361602 0.0016567240760691215 0.018776206195437323 0.038656895108249434 0.1159706853247483 0.2739117139098808 0.09332878961848881 0.08780637603159405 0.0867018933142158 0.0033134481521347736 0.013806033967233428 0.005522413586894759 0.0027612067934473794
5.13142670494076 5.0684711900501815 0.6129879081450962 0.7344810070567392 0.35232998684375794 0.22255326755177968 0.16843361440023116 0.1502096495634847 0.13750809831362953 0.18113516565008286 0.26065792130133825 0.3015237818443442 0.27888188613808473 0.2672848176056113 0.20046361320420758 0.08780637603159405 0.023194137064950354 0.0 0.0 0.0 0.0 0.0 0.0 0.008835861739029532 0.05356741179286112 0.10547809950965312 0.22807568113867097 0.773690143523676 0.8465860028706619 0.5505846346132091 0.06295551489057805 0.0 0.0033134481521347736 0.11817965075950482 0.36171808994147486 0.18665757923697415 0.0740003420643641 0.04362706733645333 0.016014999401989943 0.12370206434639958 0.07234361798829497 0.0
9.423998786032508 6.982539739267216 2.2050997452462835 1.1983637483557326 0.6472268723838326 0.4053451572779282 0.2369115428777005 0.21758309532357578 0.2501653354862431 0.3214044707571598 0.44621101782093764 0.35730015907196183 0.29324016146400556 0.23525481880163138 0.16512016624809292 0.07786603157518973 0.024298619782328612 0.0038656895108256373 0.0 0.0 0.0 0.0 0.0 0.0 0.021537412988881233 0.05356741179286112 0.07510482478174235 0.37110619303919523 0.49425601602690394 0.4727186030380227 0.338523952876528 0.06792568711878194 0.0 0.12701551249853435 0.4981217055377296 0.4346139492884607 0.20046361320420758 0.023194137064950354 0.08228396244470276 0.04528379141252245 0.019328447554124717 0.0005522413586908637
4.839843267552822 4.544394140654058 1.269602883626649 0.913959448630753 0.5516891173305872 0.33686722880045883 0.2816430929315321 0.3357627460830806 0.42909153570156944 0.5152411876570944 0.5450622210263177 0.4721663616793319 0.4070018813539973 0.338523952876528 0.2567922317905126 0.16401568353071466 0.07952275565125538 0.02264189570625949 0.0011044827173782579 0.0 0.0 0.0 0.0 0.0 0.0 0.012149309891164306 0.04473155005383159 0.0347912055974238 0.040313619184318555 0.025955343858397734 0.0171194821193682 0.0 0.0005522413586908637 0.10161240999882748 0.3843599856477378 0.10934378902047875 0.01546275804329908 0.016567240760677338 0.013253792608542564 0.006074654945582153 0.0027612067934473794 0.0
1.531917529004053 1.5865894235142926 0.7957797978712482 0.76485428178465 0.5875848056453893 0.37883757206084306 0.36668826216967876 0.5793011852650507 0.6417044587969413 0.5908982537975276 0.47547980983146665 0.5047486018419991 0.5157934290157852 0.4594648104294802 0.2821953342902195 0.2021203372802767 0.1032691340748966 0.020432930271502975 0.0016567240760691215 0.0005522413586908637 0.0 0.0 0.0 0.0 0.0 0.0 0.006626896304273017 0.008835861739029532 0.007179137662960411 0.0 0.0 0.0 0.0011044827173782579 0.13750809831362953 0.5185546358092326 0.15186637363955036 0.00994034445640779 0.0016567240760691215 0.0033134481521347736 0.008283620380338669 0.0044179308695130315 0.0
0.7151525595026145 0.7245406626003315 0.7764513503171234 0.7869439361322186 0.6096744599929614 0.4070018813539973 0.38656895108249434 0.5229725666787456 0.4859723956465653 0.40258395048448425 0.39098688195200737 0.5307039457003969 0.47768877526622316 0.33686722880045883 0.2810908515728412 0.18334413108483938 0.09167206554241969 0.018776206195437323 0.0005522413586908637 0.0005522413586908637 0.0 0.0 0.0 0.0 0.0 0.0 0.0 0.0 0.0 0.0 0.0 0.0 0.0 0.13695585695494214 0.14689620141134646 0.13750809831362953 0.0 0.0005522413586908637 0.0016567240760691215 0.0027612067934473794 0.0022089654347565157 0.0
1.039870478411909 0.7018987668940719 0.7549139373282422 0.6742866989596086 0.5262860148308803 0.34846429733293227 0.35122550412637965 0.3860167097238035 0.3479120559742449 0.30041929912696597 0.331897056572255 0.3639270553762348 0.3528822282024488 0.2501653354862431 0.2512698182036213 0.13198568472673824 0.047492756847278966 0.01546275804329908 0.0 0.0 0.0 0.0 0.0 0.0 0.0 0.0 0.0 0.0 0.0 0.0 0.0 0.0 0.0 0.0 0.0 0.0 0.0 0.0005522413586908637 0.0016567240760691215 0.0005522413586908637 0.0 0.0
1.6743957995458865 1.3496778806365919 0.661032906351066 0.5108232567875813 0.36447929673492224 0.3296880911374984 0.3186432639637124 0.28274757564891034 0.23249361200818747 0.18665757923697415 0.48707687836394353 0.19825464776945106 0.18886654467173414 0.23359809472556572 0.2092994749432371 0.08835861739028492 0.035895688314802054 0.0044179308695130315 0.0 0.0 0.0 0.0 0.0 0.0 0.0 0.0 0.0 0.0 0.0 0.0 0.0 0.0 0.0 0.0 0.0 0.02540310249970687 0.024850861141019476 0.005522413586894759 0.0027612067934473794 0.0011044827173782579 0.0 0.0
2.2089654347571055 1.5203204604715796 0.5533458414066563 0.46719618945112795 0.33465826336570237 0.29986705776827854 0.23304585336687486 0.13750809831362953 0.0867018933142158 0.07676154885781147 0.40203170912579345 0.09664223777062358 0.2672848176056113 0.31201636765944285 0.16512016624809292 0.05908982537975241 0.006626896304273017 0.0 0.0 0.0 0.0 0.0 0.0 0.0 0.0 0.0 0.0 0.0 0.0 0.0 0.0 0.0 0.0 0.006626896304273017 0.008835861739029532 0.04086586054300595 0.038656895108249434 0.019328447554124717 0.0027612067934473794 0.0016567240760691215 0.0 0.0
2.144353195790462 1.2673939181918892 0.5677041167325771 0.6947196292311115 0.5235248080374331 0.22034430211702316 0.1336424088028039 0.08007499700994625 0.0347912055974238 0.023194137064950354 0.016014999401989943 0.02816430929315425 0.22255326755177968 0.31753878124633417 0.11320947853130092 0.023194137064950354 0.004970172228203895 0.0 0.0 0.0 0.0 0.0 0.0 0.0 0.0 0.0 0.0 0.0 0.0 0.0 0.0 0.0 0.025955343858397734 0.033134481521358145 0.02374637842363775 0.025955343858397734 0.025955343858397734 0.02098517163019384 0.0005522413586908637 0.0 0.0 0.0
1.8306801040549534 1.4474246011245937 0.733376524339361 0.8626010022726518 0.6704210094487829 0.3335537806483241 0.1899710273891124 0.0982989618466927 0.0469405154885881 0.008835861739029532 0.0011044827173782579 0.0027612067934473794 0.012149309891164306 0.033134481521358145 0.05743310130368676 0.038656895108249434 0.021537412988881233 0.0 0.0 0.0 0.0 0.0 0.0 0.0 0.0 0.0 0.0 0.0 0.0 0.0 0.0 0.008283620380338669 0.05080620499941374 0.06792568711878194 0.024298619782328612 0.013253792608542564 0.0077313790216512746 0.0016567240760691215 0.0 0.0 0.0 0.0
