static/data/seaWater_vo/2023/7/20/0.asc
ncols 137
nrows 93
xllcorner 108.0
yllcorner 17.0
cellsize 0.25
NODATA_value -32767
[rows 0 to 24 of 93, columns 58 to 115 of 137]
-32767.0 -32767.0 -32767.0 -32767.0 -32767.0 -32767.0 -32767.0 -32767.0 -32767.0 -32767.0 -32767.0 -32767.0 -32767.0 -32767.0 -32767.0 -32767.0 -32767.0 -32767.0 -32767.0 -32767.0 -32767.0 -32767.0 0.023622796 -0.3915469 -0.6372465 -0.23090416 0.047811784 -0.099898696 0.14817666 0.36408964 0.23172526 0.11344432 -0.008138778 -0.073466696 -0.10070064 -0.15766245 -0.010509256 0.06264191 -0.06525771 -0.1100963 -0.07630031 0.06452358 0.21606019 0.1274219 0.01297456 -0.030126324 -0.18124707 -0.07265533 0.13467652 0.1901858 -0.014921732 -0.026240176 -0.033912405 -0.1558626 0.025500719 0.13288186 0.022288889 0.06300587
-32767.0 -32767.0 -32767.0 0.0062914193 -0.0054344623 -0.018058024 -0.005190702 0.0024460556 0.018992256 0.00026546407 -32767.0 -32767.0 -32767.0 -32767.0 -32767.0 -32767.0 -32767.0 -32767.0 -32767.0 -32767.0 -32767.0 -0.18854071 -0.2989082 -0.43450734 0.107720576 0.23579864 0.12678172 -0.05157141 -0.077261016 0.058815923 0.15081477 0.13552116 0.19518965 0.08608175 -0.05739162 -0.14154616 0.122373655 0.034926053 -0.07885064 -0.06251325 -0.08972237 0.15515661 0.33571345 0.07591947 0.032999437 0.06463772 -0.07524435 0.008806554 0.076123506 0.097402416 0.031601842 0.09649148 -0.0684279 -0.26954007 -0.3133755 -0.24693535 0.030183312 0.08895073
-32767.0 0.0011968903 -32767.0 0.0005619016 -0.07253979 0.025266655 0.02259493 0.010516056 -0.052260235 -0.013877821 -0.0041398606 0.038577214 -32767.0 -32767.0 -32767.0 -32767.0 -32767.0 -32767.0 -32767.0 -32767.0 -32767.0 -0.18097554 -0.2949799 0.010524399 0.25054267 0.06638218 0.14368062 0.08142465 0.08827334 0.12381785 0.188987 0.21307676 0.09740244 -0.0718427 -0.21150696 -0.33579865 -0.00062465435 0.07938493 -0.008308791 -0.07544636 -0.026628632 0.3733044 0.28420463 -0.09472667 -0.19415191 -0.15731847 -0.067656964 -0.046073373 0.047996856 0.057864983 0.13195267 0.071329385 -0.10886694 -0.22243865 -0.34315664 -0.28504542 -0.24060327 0.09439896
0.021978803 -32767.0 -0.0129068885 0.009831185 -0.0469812 0.034858413 0.14480227 0.111093566 0.0137206055 0.013120056 0.008853001 0.07348057 -32767.0 -32767.0 -32767.0 -32767.0 -32767.0 -32767.0 -32767.0 -32767.0 -0.12873934 -0.1591221 -0.3917571 -0.023805303 0.16990529 0.22926432 0.16882524 0.065396234 0.28231168 0.58423465 0.29184696 0.005603387 -0.15976451 -0.21493536 -0.3666506 -0.33675286 -0.069305524 -0.008665029 0.09865487 0.18234478 0.30193442 0.31275886 0.15789047 -0.22053787 -0.42888743 -0.44306058 -0.22928 -0.034831915 -0.18202649 -0.17876466 -0.02097433 0.30837226 0.12910879 -0.09375433 -0.32532927 -0.37518534 -0.1775845 0.24909914
0.10024591 -32767.0 -0.04264908 -0.16568552 -0.0053460877 0.022593942 -0.0048691686 0.06279548 0.1738421 -0.03658859 0.045798782 -32767.0 -32767.0 -32767.0 -32767.0 -32767.0 -32767.0 -32767.0 -32767.0 -32767.0 -32767.0 -32767.0 -0.53009105 -0.40895537 -0.03419231 0.018921945 0.1508726 0.30406213 0.7625786 0.4805228 0.2873201 -0.063116245 -0.16961285 -0.21435162 -0.26282382 -0.34712657 -0.2603119 0.01596481 0.37551898 0.3505006 0.20565444 0.20183757 -0.05074358 -0.43736935 -0.54567134 -0.55398405 -0.33959904 -0.10119835 -0.20165901 -0.12764099 0.23318638 0.25430396 -0.06481595 -0.2313521 -0.13442235 -0.08773056 0.00956683 0.14671111
0.082334355 0.035505064 0.05206681 -0.043826446 -0.1126526 -0.07029484 -0.054797888 0.01193829 0.15135379 -0.08551888 -0.0056660473 -32767.0 -32767.0 -32767.0 -32767.0 -32767.0 -32767.0 -32767.0 -32767.0 -32767.0 -32767.0 -32767.0 -32767.0 -0.6004187 -0.3656126 0.04769532 0.26748326 0.40660492 0.7505161 0.5791493 0.14775264 0.092094496 9.507872e-06 -0.047699288 -0.21275388 -0.37126926 -0.2458846 -0.02567574 0.2063761 0.056832 0.21331301 0.11011301 -0.17759924 -0.3823115 -0.42034194 -0.41310328 -0.33473513 -0.15195534 -0.13491789 0.2147366 0.35886526 0.19020325 -0.12577236 -0.53719246 -0.53167987 -0.11211932 0.08788079 -0.071668066
0.017091908 0.012182191 -0.032739088 -0.12959139 -0.18683752 -0.19723746 -0.13160986 -0.051408906 0.11814849 -0.032451957 -0.015341543 -32767.0 -32767.0 -32767.0 -32767.0 -32767.0 -32767.0 -32767.0 -32767.0 -32767.0 -32767.0 -32767.0 -32767.0 -32767.0 -0.5484467 -0.12552056 0.33866918 0.42687464 0.6470788 0.51971287 0.13909854 0.0015767524 0.12510107 0.14858049 0.0007122033 -0.3430067 -0.28427657 -0.089623995 -0.0018476779 -0.03380164 0.07019078 -0.1406884 -0.18327054 -0.15811767 -0.20943673 -0.09875384 0.19819728 0.2889009 0.22902545 0.18191548 0.14915684 0.07331298 -0.1249234 -0.37388313 -0.5347817 -0.3055584 0.044699408 0.092127375
-0.029873837 -0.054092202 -0.13828789 -0.23366493 -0.26165006 -0.29400426 -0.20744336 -0.016518774 0.06994188 -0.16983628 -32767.0 -32767.0 -32767.0 -32767.0 -32767.0 -32767.0 -32767.0 -32767.0 -32767.0 -32767.0 -32767.0 -32767.0 -32767.0 -32767.0 -32767.0 -0.5080131 0.11196986 0.288559 0.51708406 0.38116777 0.22039047 0.013613321 0.015126269 -0.07587846 -0.21680664 -0.30707934 -0.21568108 0.02545169 0.01833055 -0.05796707 -0.11353937 -0.35773197 -0.41168812 -0.29700693 0.050216246 0.36843535 0.4560162 0.30373815 0.14170966 0.045830004 -0.120626986 -0.09439656 -0.11852832 -0.31621364 -0.4533768 -0.1953698 0.2233233 0.39125887
-0.08240994 -0.14533207 -0.23230025 -0.22430041 -0.23579875 -0.23875941 -0.22028692 -0.13322279 -0.017817091 -32767.0 -0.06516409 -32767.0 -32767.0 -32767.0 -32767.0 -32767.0 -32767.0 -32767.0 -32767.0 -32767.0 -32767.0 -32767.0 -32767.0 -32767.0 -32767.0 -0.32594314 -0.22009562 0.31015942 0.5409859 0.35538208 0.21383671 -0.12510097 -0.12911397 -0.2171762 -0.27865827 -0.13644613 0.123905756 0.16687053 0.054585475 0.14409511 0.070984244 -0.11544255 -0.19619116 -0.0013944414 0.2762255 0.50071263 0.3831032 0.1704227 -0.020406198 -0.19875829 -0.21056232 -0.01008636 0.023945268 0.041082263 0.10007878 0.16555753 0.11942967 0.254244
-0.22751646 -0.22483952 -0.09239804 -0.11054564 -0.06031459 0.026253428 0.016795916 -0.11731813 -0.14331 0.009106649 0.039971825 -0.11450297 0.04159917 -0.057971302 0.108752586 0.08754278 -32767.0 -32767.0 -32767.0 -32767.0 -32767.0 -32767.0 -32767.0 -32767.0 -32767.0 -32767.0 -0.25273064 -0.09379567 0.5430805 0.41824067 -0.11635351 -0.15711388 -0.17661704 -0.18034424 -0.1835562 -0.10154192 0.1263728 0.06109365 -0.16119307 0.30425528 0.31746224 0.1513502 0.12839717 0.060328357 0.104426146 0.2804046 0.29530847 0.21563268 -0.07585543 -0.21072774 -0.013004212 0.20241939 0.086901195 0.06121001 0.09502253 0.07698222 0.10480181 0.4762758
-0.17273743 -0.16290575 0.13181536 0.031150982 0.13416103 0.13040216 0.043325685 0.026970413 -0.012009275 -0.069005184 0.14767127 0.100011304 -0.05154881 -0.10884916 0.09804226 0.15508357 -32767.0 -32767.0 -32767.0 -32767.0 -32767.0 -32767.0 -32767.0 -32767.0 -32767.0 -32767.0 -32767.0 -0.25591242 0.42935812 0.7045642 -0.009814407 0.09209822 -0.2405969 -0.37259406 -0.22399156 -0.033908725 -0.039172545 -0.06329681 -0.031197362 0.40336356 0.38100165 0.29701704 0.22599457 0.084928654 0.00740158 0.15492424 0.18521819 0.01889452 -0.017029326 -0.057977576 -0.017596647 0.0599842 0.18203413 0.12561466 -0.011937497 -0.11137744 0.09828243 0.27736384
-32767.0 0.1476089 -0.19749138 0.07380678 0.19210525 0.17218317 0.08683268 0.015268413 0.052963816 0.023786569 0.09507023 0.17399709 0.06240755 0.003416731 0.08607419 0.15304086 0.097718574 0.027283268 -32767.0 -32767.0 -32767.0 -32767.0 -32767.0 -32767.0 -32767.0 -32767.0 -32767.0 -32767.0 0.35635263 0.8598885 0.10848835 -0.152818 -0.12949081 -0.5066262 -0.27519313 -0.21279958 -0.03410025 0.042530812 0.08559048 0.13796784 0.19114779 0.15043944 0.24386065 -0.08831008 -0.15230171 -0.090646565 -0.057171617 -0.037603684 -0.0781771 -0.091084585 0.021836989 -0.11807645 -0.17796598 0.054150026 0.34550866 0.023551898 0.024755407 -32767.0
-32767.0 0.18528976 -0.09767644 0.11655405 0.0936196 0.11235141 0.10633434 0.09481848 0.13857089 0.18217611 0.123669736 0.1695462 0.1675506 -0.048210844 0.049358107 -0.07384574 -32767.0 0.03856491 -32767.0 -32767.0 -32767.0 -32767.0 -32767.0 -32767.0 -32767.0 -32767.0 -32767.0 -32767.0 0.18248011 0.8858855 0.14828815 0.11494777 -0.10213999 -0.30435762 -0.21430083 -0.14130613 -0.061076302 -0.07449956 -0.10345388 -0.049530853 -0.044656944 -0.00881602 0.24923435 -0.20067462 -0.2714591 -0.20679267 -0.2391167 -0.19573063 -0.1331018 -0.13912535 -0.14721882 -0.20748201 -0.29105306 0.24572204 0.88855326 0.24523324 -0.17036109 -32767.0
0.060025446 0.06844462 0.11837042 0.047760878 -0.0050116954 0.044648543 0.05158324 0.07044018 0.14360633 0.21636736 0.13987666 0.0753113 0.060045514 0.21212362 -0.23538859 -32767.0 -32767.0 -32767.0 -32767.0 -32767.0 -32767.0 -32767.0 -32767.0 -32767.0 -32767.0 -32767.0 -32767.0 -32767.0 0.19776317 0.81889826 0.17763995 -0.0122037325 -0.033574227 -0.123898864 -0.20467341 -0.2063382 -0.12859626 -0.15139405 -0.24266806 -0.1843769 -0.13318293 -0.018834006 0.08528651 0.079284765 -0.43120223 -0.24142265 -0.2155331 -0.18512574 0.02814148 -0.034494672 -0.25203255 -0.23088044 -0.2796838 -0.16126814 0.74304855 0.19045885 0.100368865 0.015551539
0.09326454 0.04396545 0.08505606 0.020743212 -0.038572554 0.005170198 -0.008293246 -0.0325601 -0.045182794 -0.0010057604 -0.08930693 -0.15932377 0.007014334 0.18537422 -0.15911163 0.020201547 -32767.0 -32767.0 -32767.0 -32767.0 -32767.0 -32767.0 -32767.0 -32767.0 -32767.0 -32767.0 -32767.0 -32767.0 -0.07733137 1.0055263 0.33569464 -0.18316889 -0.004254307 -0.050520837 -0.15959053 -0.19858187 -0.22937678 -0.251006 -0.2861111 -0.26244026 -0.21211404 0.053390704 0.13909197 0.059272554 -0.38624486 -0.23858272 -0.1481451 -0.06385555 0.14078085 0.24821281 -0.0237504 -0.15399173 -0.14045335 -0.13740474 0.543352 0.33570892 0.027001573 -32767.0
0.116082914 0.06718126 0.017175162 -0.046928093 -0.10105224 0.014318842 0.034707 -0.020220041 -0.1031337 -0.2063295 -0.26337412 -0.29535598 -0.09714447 0.07231974 0.02227842 -0.025863077 -0.047116082 -32767.0 -32767.0 -32767.0 -32767.0 -32767.0 -32767.0 -32767.0 -32767.0 -32767.0 -32767.0 -32767.0 -0.2588257 1.0141964 0.44404048 0.017643072 -0.24000499 -0.36171022 -0.20663618 -0.35282123 -0.35934642 -0.15983784 0.028874468 -0.18135798 -0.4466828 -0.47508588 -0.18196946 -32767.0 -0.26027128 -0.3649105 -0.08483678 -0.03237813 -0.060871784 -0.028835423 -0.13698986 -0.10667969 -0.059623454 -0.069481015 0.6491586 -32767.0 -32767.0 -32767.0
0.030423129 -0.025005858 -0.0485204 -0.08393376 -0.11845011 -0.039485555 0.003724389 -0.04719741 -0.11608901 -0.18266086 -0.25273117 -0.24167421 -0.16473792 -0.036719345 0.10295153 0.13896237 -0.09449414 -32767.0 -32767.0 -32767.0 -32767.0 -32767.0 -32767.0 -32767.0 -32767.0 -32767.0 -32767.0 -32767.0 -32767.0 0.9739413 0.39183396 -0.18573396 -0.299218 -0.2642419 -0.39436656 -0.32568926 -0.18862464 0.23480606 -0.07027419 -0.45467934 -0.5830171 -0.4682177 -0.081027 -0.15452068 -0.26548645 -0.28300416 -0.26706815 -0.19668737 -0.21902677 -0.22881185 -0.1804132 -0.03873188 0.3146303 0.25508755 0.20456685 -32767.0 -32767.0 -32767.0
-0.018455211 -0.022946972 -0.034942698 -0.05188035 -0.084315225 -0.07427101 -0.11093889 -0.13458219 -0.10601279 -0.11144978 -0.15408586 -0.06829194 0.020752266 -0.00064445403 0.033390053 0.07868756 -0.06488099 -0.068952136 -32767.0 -32767.0 -32767.0 -32767.0 -32767.0 -32767.0 -32767.0 -32767.0 -32767.0 -32767.0 0.6388824 0.8662181 0.19626729 -0.4519518 0.039168403 -0.13262297 -0.27741542 -0.1851122 -0.111003615 -0.10524306 -0.28254524 -0.48617634 -0.48965418 -0.15803596 0.064898126 0.15100802 0.14154823 -0.011541017 0.0555519 0.13551034 -0.032283105 0.02493366 0.089651026 -32767.0 0.26057443 0.15032317 0.07105122 -32767.0 -32767.0 -32767.0
-0.06297639 -0.0648843 0.028412327 0.023358071 0.0046162945 -0.05107508 -0.122854255 -0.13451557 -0.082795456 -0.030934725 -0.04753272 -0.020753523 0.06728148 -0.0130336415 0.00854497 -0.007463421 -0.011359727 -32767.0 -32767.0 -32767.0 -32767.0 -32767.0 -32767.0 -32767.0 -32767.0 -32767.0 -32767.0 -32767.0 0.68440956 0.73695135 -0.06520523 -0.40759665 -0.17892618 0.11793737 -0.115712896 -0.2052109 0.0056294724 -0.17224209 -0.3509824 -0.232312 -0.021204913 0.05564011 -32767.0 -32767.0 -0.04793728 -0.020474218 -32767.0 -32767.0 -32767.0 -32767.0 -32767.0 -32767.0 -32767.0 -32767.0 -32767.0 -32767.0 -32767.0 -32767.0
-0.06886169 -0.022332216 0.1518892 0.19060451 0.08683389 -0.01333634 -0.06099538 -0.108397014 -0.09072225 0.064558394 0.10655802 0.15120992 0.04500019 -0.0065829246 0.04061391 -0.05698687 -32767.0 -32767.0 -32767.0 -32767.0 -32767.0 -32767.0 -32767.0 -32767.0 -32767.0 -32767.0 -32767.0 0.5808216 0.6252307 0.33778912 -0.4167149 -0.15722714 -0.4082453 -0.118585 0.03561998 -0.0131902825 -0.016145568 -0.2861006 -0.44653478 -0.056337174 0.13797662 -32767.0 -32767.0 -32767.0 -32767.0 -32767.0 -32767.0 -32767.0 -32767.0 -32767.0 -32767.0 -32767.0 -32767.0 -32767.0 -32767.0 -32767.0 -32767.0 -32767.0
0.017519237 0.081084505 0.20153564 0.22013031 0.07248962 0.03129208 0.07390362 0.049194258 0.099400826 0.09315092 0.16927344 0.33179668 0.05126129 -0.039586373 -0.038590293 0.07951522 -32767.0 -32767.0 -32767.0 -32767.0 -32767.0 -32767.0 -32767.0 -32767.0 0.06471114 -0.15451816 0.27395645 0.41980088 0.37394947 -0.123487 -0.336498 -0.08290674 -0.05228155 0.1338623 0.2402493 0.060324494 -0.08836764 -0.22303487 -0.34116888 -32767.0 -32767.0 -32767.0 -32767.0 -32767.0 -32767.0 -32767.0 -32767.0 -32767.0 -32767.0 -32767.0 -32767.0 -32767.0 -32767.0 -32767.0 -32767.0 -32767.0 -32767.0 -0.06233231
0.12035265 0.1557363 0.2024581 0.15359858 0.15027893 0.18374266 0.29134727 0.19075407 0.1143494 0.0997095 0.06057418 0.12178068 0.031202916 -0.015649 -0.11639908 0.020246102 -32767.0 -32767.0 -32767.0 -32767.0 -0.06708012 0.044129558 -0.07685259 0.11545779 -0.08060553 0.26067618 0.23978011 0.4641153 0.030966133 -0.22850423 -0.17623794 -0.03942324 0.16552597 0.2081235 0.10199441 -0.08737454 -0.09470431 0.0006949379 -32767.0 -32767.0 -32767.0 -32767.0 -32767.0 -32767.0 -32767.0 -32767.0 -32767.0 -32767.0 0.26961148 0.011632424 -32767.0 -32767.0 -32767.0 -32767.0 -32767.0 -32767.0 -32767.0 -0.113431215
0.22089438 0.28492385 0.20325513 0.1011344 0.10628979 0.14439334 0.16724469 0.18348473 0.1425969 0.1362069 0.10744018 0.14144441 0.08580566 -0.45038262 -0.016610084 -32767.0 -0.0045002373 -32767.0 -0.0715782 -32767.0 -0.09030699 -32767.0 0.046109777 0.099807255 0.108811505 0.23010454 0.4190379 0.20419711 -0.12619469 -0.059448533 0.08244968 0.14633204 0.17349054 0.09210301 -0.10396971 -0.15925786 -32767.0 -32767.0 -32767.0 -32767.0 -32767.0 -32767.0 -32767.0 -32767.0 0.08305234 0.00040771114 -0.025063626 0.033990756 0.098071806 0.01944789 -0.022119664 0.054585826 -32767.0 -32767.0 -32767.0 -32767.0 -32767.0 -0.10773673
0.16043289 0.21972969 0.20514444 0.12186072 0.14356256 0.1636627 0.18645664 0.20631714 0.16828038 0.17123659 0.14449275 0.13293973 0.15711477 -0.020842811 -0.23738548 -0.11006867 0.123817705 0.02954874 0.008599877 0.0727812 -0.03008179 0.06587175 0.012616644 -0.0019359137 0.011704669 0.18093851 0.40568548 -32767.0 -0.13906741 0.31495163 0.16025332 0.087482944 -0.06049938 -0.07767213 -32767.0 -32767.0 -32767.0 -32767.0 -32767.0 -0.026228465 0.043441754 0.071214855 0.15480675 0.04409965 0.19013983 0.0034669968 -32767.0 -32767.0 0.050319556 -0.14773843 -0.04818029 -32767.0 -32767.0 -32767.0 -32767.0 -32767.0 0.18969555 0.037831895
0.09507425 0.12367843 0.1434057 0.06594515 0.10903364 0.19943279 0.21475486 0.15917708 0.1545473 0.12678608 0.012432886 -0.1966442 0.14753696 0.2440986 0.16741733 0.14098679 0.15261568 0.24729085 0.10005748 0.04378887 -0.0063894056 0.046233896 0.15325446 0.14768606 -0.056817405 0.0027508023 0.20778835 0.14922018 0.2562882 0.2145291 -0.01657241 -0.093791 -0.15199983 -0.01717842 -0.031562675 -32767.0 -0.044907253 -0.022741918 -32767.0 -0.12038583 0.07543861 -0.031578537 -32767.0 0.0178605 -0.0002202203 -32767.0 -32767.0 -32767.0 -32767.0 -0.1461732 -0.13215402 -32767.0 -32767.0 -32767.0 -32767.0 0.13516559 0.34242094 0.06306714
