static/data/seaWater_vo/2023/7/20/12.asc
ncols 137
nrows 93
xllcorner 108.0
yllcorner 17.0
cellsize 0.25
NODATA_value -32767
[rows 52 to 77 of 93, columns 58 to 115 of 137]
0.31222796 0.39719293 0.24587493 0.3324614 0.24268873 0.09740027 0.08688268 0.08818399 0.16184774 0.15041837 0.1623936 0.30425858 0.38001782 0.53749484 0.6163003 0.59569544 0.4341281 0.54811203 0.30105895 0.09344328 0.027769862 0.09517427 -0.060019474 -0.04230802 -0.0256585 0.016306538 0.21859896 0.2918708 0.5158536 0.38309562 0.18697974 0.46259955 0.40605268 0.10111187 0.09317803 -0.026120055 -0.08745465 -0.287599 -0.46533316 -0.4650311 -0.44549888 -0.45766163 -0.42243809 -0.5920594 -0.35952342 -0.048213467 0.07541313 0.17241624 0.08833702 0.13429014 0.2610003 -0.08240866 -0.47391278 -0.18130338 -0.0053267605 0.07391955 0.04191521 -0.08243761
0.13186967 0.24620816 0.2923432 0.24169195 0.28378484 0.118119515 0.052544653 0.2601803 0.27523226 0.23276472 0.219236 0.5107818 0.7303452 0.6043155 0.3997677 0.35767514 0.46450874 0.4893064 0.10454875 0.0453039 0.028513828 0.0225748 0.040149543 -32767.0 -0.1597127 0.0054407045 0.20044087 0.25694647 0.5648889 0.401389 0.1798231 0.42279938 0.43388522 0.091565475 0.117341235 -0.021660207 -0.064899325 -0.22467256 -0.36184344 -0.39046106 -0.42741305 -0.50459135 -0.67609924 -0.35714716 -0.111151956 0.03816978 0.16576403 0.19756056 0.12820809 0.0906699 0.264893 0.027763303 -0.47731316 -0.18966553 -0.018247413 -0.044960488 -0.017731223 -0.041565046
0.26307324 0.19779535 0.11449374 0.14286616 0.18390004 0.19148344 0.21449493 0.38253462 0.3067505 0.09402418 0.29179353 0.68041915 0.55342233 0.4421803 0.30585003 0.3811055 0.39253125 0.1782823 -0.049739186 0.026469467 0.1884166 -0.16579576 -0.0015146884 0.051752836 -0.26467985 0.01586218 0.21177013 0.25148967 0.465668 0.48543617 0.25563696 0.3660033 0.49240896 0.08045721 0.10688452 -0.026968362 -0.14178264 -0.22706085 -0.2992911 -0.38269472 -0.51580304 -0.686289 -0.4255899 -0.14080822 0.02688457 0.12816483 0.1642679 0.26321962 0.24074881 0.16054888 0.24361295 0.15305866 -0.31080326 -0.37038344 -0.015277903 -0.03991548 -0.17904142 -0.11513353
0.07516222 -0.053058423 -0.04651179 0.066241704 0.06769336 0.12625879 0.12443057 0.19151492 0.17534575 0.17386186 0.5105151 0.6973096 0.4920467 0.40880656 0.28981164 0.31198463 0.2975346 0.22561905 0.038615353 0.0897765 -0.025006143 -32767.0 0.08271663 0.09133261 -0.43314615 0.0797384 0.24090572 0.22336407 0.25152054 0.56423706 0.41831222 0.29917902 0.51482266 0.16412099 0.029620053 -0.043004375 -0.16519979 -0.26034665 -0.3328442 -0.528208 -0.6656609 -0.42724535 -0.13849364 -0.005477645 0.050831687 0.10813592 0.17608899 0.23536985 0.31677306 0.27455372 0.24784665 0.26386487 -0.052797467 -0.4280461 -0.24494709 -0.02117452 -0.30175215 -0.2768138
0.28039953 0.3298253 0.20823123 0.07782084 -0.026404276 -0.21199802 -0.069844946 0.13948207 0.13420933 0.28149307 0.4779516 0.44535685 0.4312179 0.3486159 0.24217522 0.21243949 0.26232806 0.19396904 0.1094399 0.05833635 0.07615913 -0.019949017 0.12351111 0.18869157 -0.17041458 0.01769855 0.10856579 0.13799986 0.16939744 0.42071995 0.52903503 0.3462706 0.35836726 0.25626594 -0.033280477 -0.16368991 -0.25113118 -0.36694628 -0.5241869 -0.5802838 -0.40000397 -0.17680116 -0.11486727 0.029570859 0.20603976 0.25686842 0.21402276 0.2734546 0.35030603 0.39031115 0.29073784 0.28291935 0.1211424 -0.20451926 -0.3905051 -0.09822504 -0.23465407 -0.48880827
0.4841421 0.57825947 0.52218133 0.2230756 0.072630115 -0.028860915 -0.2139257 0.08901738 0.121129625 0.34255064 0.19234805 0.24405842 0.38000736 0.2455602 0.14927639 0.07076721 0.17918411 0.2719692 0.20821226 0.18712859 0.1712294 0.078494355 0.12328993 0.1150714 -0.032572754 0.05172024 0.03974677 0.097742826 0.07757389 0.26748183 0.48924088 0.42370173 0.1659761 0.26208043 -0.006534074 -0.1535596 -0.2774175 -0.3751612 -0.44332582 -0.33121294 -0.19664608 -0.16782375 0.0036444883 0.19289726 0.33743858 0.34714407 0.347459 0.40103203 0.37466392 0.3598762 0.32030946 0.24078628 0.27146444 0.06483023 -0.21957767 -0.28054777 -0.12708515 -0.42806116
0.66960245 0.80439013 0.6253369 0.35433888 -0.04613348 0.0023772928 -0.032245193 0.02527099 0.25297052 0.3160972 0.353376 0.37152785 0.33749563 0.14693612 -0.01470215 -0.064622 0.26727575 0.5245721 0.29528937 0.13581698 0.17393325 0.1299127 0.06892172 0.0494248 -0.028308198 -0.049594924 -0.017301565 0.018947648 0.08374364 0.19974624 0.3140205 0.42360127 0.12791549 0.080135785 0.056070585 -0.023925452 -0.07868582 -0.19685616 -0.19520076 -0.19657156 -0.18971895 -0.041877523 0.10344076 0.17160124 0.33273086 0.38697234 0.27069804 0.39643684 0.41381946 0.31660637 0.35993803 0.2774632 0.22749336 0.2022924 0.08839212 -0.13784249 -0.20034656 -0.16573954
0.7570592 0.9865805 0.6237127 0.19299729 -0.102366716 -0.027005333 0.14462039 0.19571164 0.35794976 0.3864344 0.41954786 0.4085658 0.24171306 0.04784983 -0.0828596 0.037075825 0.60360736 0.51596534 0.23399888 0.031783618 0.09990639 0.060740817 -0.035124578 -0.023647532 0.094454296 0.064431675 -0.06939139 -0.07671168 0.093036115 0.17459561 0.30379972 0.40115267 0.13184819 -0.03089344 0.027192606 0.008961754 0.032025933 0.02727039 -0.044279825 -0.14266542 -0.088057466 0.079529464 0.14163332 0.17109206 0.31997764 0.3658898 0.26105368 0.21138512 0.41799054 0.31795824 0.31961074 0.27799782 0.27332845 0.19333363 0.12355644 0.09246901 0.010267358 -0.07899335
1.0364695 0.8388715 0.55108047 0.059399642 -0.12197556 0.24598023 0.20537725 0.1548595 0.40791175 0.3848715 0.4535862 0.10110427 0.1841426 0.09361455 0.20510639 0.4562339 0.43166518 0.29806876 0.14524741 0.08465159 0.06141716 -0.019727001 -0.16692232 0.09649249 0.20165174 0.1384647 -0.021248441 -0.123955935 0.0752326 0.145846 0.35672814 0.34144714 0.10228022 -0.039506286 -0.08509403 -0.03607612 0.015680596 0.058837686 0.05456684 -0.010220047 -0.040582765 0.036125537 0.1543352 0.21495166 0.27692223 0.2747689 0.19444439 0.2590501 0.42404792 0.31735197 0.18102323 0.21545745 0.29733115 0.32123402 0.18998685 0.08074254 -0.001906386 -0.05959999
1.0345771 0.64929026 0.22883514 -0.10639088 0.116849326 0.23451152 0.1685852 0.17227972 0.4735937 0.32858312 0.36530814 0.011487391 0.049707524 0.37167484 0.3251393 0.2650786 0.28271437 0.28943902 0.24137142 0.16831411 0.061352294 -0.03925803 -0.112214744 0.15729666 0.16011126 0.100279205 -0.08916804 -0.13636021 0.08383241 0.22924633 0.3253677 0.18584469 0.030838635 -0.0394134 -0.08680088 -0.08401636 -0.024442786 0.035356674 0.049717303 0.046825923 0.034578808 0.048047867 0.09662283 0.13949694 0.18952638 0.2624455 0.2986527 0.29202163 0.38389218 0.3146578 0.08351912 0.18619327 0.32867503 0.41542467 0.2349073 0.033323478 -0.0914651 -0.15392463
0.65296876 0.55285114 0.084751144 0.020246597 0.21881358 0.07094746 0.008764272 0.24557227 0.33966762 0.3913681 0.35354966 0.16792922 0.24350163 0.22215943 0.21602279 0.28422248 0.34292564 0.3387496 0.30815056 0.16853917 0.040864717 -0.062184975 0.022083916 0.10903855 0.087115094 -0.008265977 -0.14419281 -0.00059278356 0.18336064 0.25772354 0.15543951 0.08375148 0.0011738912 0.014647032 -0.027108256 -0.033435002 -0.030185575 -0.014657358 -0.023799244 -0.014817483 -0.00046889985 0.041461382 0.10739053 0.14736359 0.1854963 0.18276943 0.16758102 0.21631831 0.21154319 0.13399263 0.029995218 0.074456945 0.31259498 0.43871883 0.15762757 0.025722198 -0.14925313 -0.20956233
0.3912934 0.40486437 -0.08365614 0.17489694 0.15707614 0.14592876 0.062683225 0.17202821 0.35236832 0.36730775 0.41141722 0.2531511 0.21551846 0.16007048 0.18050851 0.34396112 0.31591368 0.29755086 0.2550652 0.16987844 0.033962328 -0.004910027 0.05126844 0.02290828 -0.047528468 -0.11443051 0.012310347 0.1576466 0.14444654 0.046532877 0.05283281 0.071007095 0.02565275 0.07277231 0.051083647 -0.0040957183 0.0273486 0.106180996 0.06989033 -0.021943526 -0.0716796 -0.09133935 -0.05847801 -0.0012148884 0.0401677 0.0375136 0.00451297 0.011080727 0.00604309 -0.03655891 -0.120204695 -0.105551265 0.26382384 0.44982725 0.14135136 0.10928403 -0.13679487 -0.25050193
0.405763 0.16247697 -0.25609598 0.09789222 0.1022892 0.056658577 0.05955258 0.28343022 0.42916468 0.4075805 0.4080736 0.41427442 0.24812171 0.11476516 0.24786982 0.38522086 0.28721735 0.20071125 0.15272582 0.060049865 -0.026211316 -0.03859845 -0.09283173 -0.22542496 -0.12090842 0.059226934 0.14246257 0.11425883 0.05512013 -0.015349265 0.035667147 0.050971266 0.063395664 0.046224978 0.003091287 -0.03174792 -0.020129077 0.018988196 -0.021913866 -0.088896215 -0.13208228 -0.13334516 -0.105948664 -0.04968247 -0.0039785597 -0.009406939 -0.05024876 -0.070097044 -0.10320688 -0.13156018 -0.23756891 -0.24611232 0.19159837 0.49298742 0.13275065 0.071592376 -0.15267198 -0.31876886
0.2284644 -0.09645072 -0.30989033 0.086366124 0.13666984 0.10435647 0.14996906 0.33952785 0.4878689 0.419394 0.3697475 0.43569124 0.36413112 0.116149776 0.116894096 0.3901251 0.24578264 0.19336759 0.12662157 -0.061478205 -0.11454667 -0.2216131 -0.37041718 -0.22543623 -0.023413142 0.14157215 0.20889291 0.1743238 0.008706654 0.048765797 0.119107045 0.13126643 0.095925935 0.08891595 -0.0010469327 -0.06955486 -0.018249447 -0.013029479 -0.14143102 -0.19231081 -0.13232987 -0.09575319 -0.08851666 -0.054413844 -0.046067115 -0.03470735 0.04860269 0.15585066 0.034289297 -0.13802558 -0.2581913 -0.2623932 0.2047665 0.43932673 0.07128651 -0.048292868 -0.23414026 -0.4268445
0.068251945 -0.3358366 -0.25845316 0.1466842 0.170259 0.19875717 0.24436848 0.32475063 0.43594778 0.34603024 0.34122398 0.45533606 0.44255695 0.11581015 0.014335938 0.34152633 0.19935247 0.14704739 0.08602797 -0.1135619 -0.29938775 -0.4729639 -0.34457338 -0.07425089 0.15433738 0.23783983 0.28191704 0.28170094 0.12947224 0.054693002 0.08131932 0.1914888 0.19442393 0.18498692 0.09789093 -0.023231063 -0.11511236 -0.0807238 -0.040414654 0.09259725 0.07398137 -0.051318403 -0.13742056 0.063044064 0.07988252 0.15315774 0.1657647 0.09853899 0.093284376 -0.039741267 -0.1506408 -0.15456952 0.22212408 0.290579 -0.094414644 -0.21188688 -0.33734724 -0.396121
-0.01217621 -0.45991075 -0.16548741 0.33673847 0.31690723 0.3182402 0.3636795 0.37540367 0.34635895 0.28259325 0.31244668 0.46462148 0.44531474 0.07876344 -0.06993396 0.30755422 0.13596067 0.12223638 0.001520795 -0.25917178 -0.5373847 -0.52926576 -0.22284521 0.17670606 0.33700123 0.3169753 0.3533865 0.26387882 0.18646896 0.045075525 0.058748778 0.07654498 0.12932636 0.18577808 0.1485824 0.13642164 0.055651855 -0.0693485 -0.097560994 0.018335875 -0.05677027 -0.16763787 -0.117174365 0.042243615 0.19090363 0.2061603 0.18034217 0.11248292 0.04654323 -0.027043035 -0.063458785 -0.007974592 0.099644504 -0.029684437 -0.30187654 -0.34604207 -0.39299214 -0.30456173
-0.019771509 -0.39652985 -0.076647714 0.40022555 0.4365537 0.55565673 0.54266626 0.44800067 0.3419198 0.25167614 0.28499642 0.49524546 0.35669953 -0.005628883 -0.17170008 0.2524881 0.049712967 0.056314453 -0.079698615 -0.408835 -0.63837343 -0.48080972 -0.16325723 0.3770507 0.5040335 0.41238955 0.40802395 0.3592765 0.17377223 0.08047262 -0.029834121 0.08880004 0.11749843 0.049970932 0.022957921 0.049479764 0.044081684 0.0014267972 -0.05059898 -0.14475788 -0.08750903 -0.13772587 -0.13646917 0.21331252 0.26905432 0.34151363 0.3636615 0.25044104 0.13327445 0.016600993 -0.030764814 -0.03461343 -0.062160604 -0.2685833 -0.47204655 -0.48257583 -0.41225645 -0.25650087
-0.07141969 -0.33396074 0.048765317 0.36034507 0.5202809 0.6328217 0.59415495 0.5025571 0.431747 0.34424135 0.39092222 0.38857326 0.20603487 -0.12230491 -0.2654754 0.18418306 0.030287271 -0.03674465 -0.1629181 -0.48613226 -0.58547497 -0.3827015 -0.06254978 0.44642448 0.44975787 0.3159857 0.3477518 0.3089919 0.1790388 0.07400054 -0.04928664 0.094031565 0.15535824 0.06731043 -0.013124966 -0.0677351 -0.045830216 -0.057993285 -0.029315464 -0.17237058 -0.19986324 -0.13314052 -0.15002324 0.21803844 0.33602032 0.44334677 0.46896896 0.3652003 0.27564812 0.17748678 -0.0029799733 -0.111357726 -0.22545174 -0.49673465 -0.5270926 -0.5454691 -0.35935912 -0.094790965
-0.137656 -0.32749805 0.19626081 0.3007582 0.43960887 0.67035156 0.69018453 0.56304795 0.38692015 0.35676774 0.3172071 0.2195358 0.031042427 -0.2586384 -0.29835737 0.14057466 -0.0017237464 -0.05519465 -0.13392416 -0.41395906 -0.4587749 -0.2142808 0.14823501 0.37301394 0.34024653 0.31182465 0.29833105 0.20339684 0.16123265 0.10005854 0.09700704 0.18343908 0.11838063 -0.0043761916 -0.082947694 -0.11288063 -0.05388907 -0.01702807 -0.06822027 -0.099334754 -0.20083943 -0.19819878 -0.0958636 0.216371 0.38738334 0.4844991 0.536979 0.4181095 0.3326617 0.1494308 -0.009882021 -0.18819094 -0.38517576 -0.6639067 -0.5874593 -0.30515167 -0.12053462 -0.14006715
-0.14585365 -0.35552424 0.13845551 0.28743464 0.43642947 0.7490109 0.7997073 0.67404914 0.43050677 0.38382518 0.26123637 0.07924787 -0.10518539 -0.35943142 -0.28185025 0.07247541 -0.032526627 -0.08805385 -0.17559564 -0.24956514 -0.2867508 -0.16322781 0.031837124 0.18024248 0.30816793 0.3495225 0.26918647 0.19769934 0.16572285 0.14863831 0.14225863 0.16369946 0.09574859 0.032549847 0.06073665 0.101277836 0.102589265 -0.0032598923 -0.09847364 -0.11826269 -0.10286049 -0.20373861 -0.0691019 0.20559494 0.39579946 0.43042988 0.47030032 0.34257713 0.2740911 0.1701874 -0.016095737 -0.24405771 -0.5105381 -0.62684387 -0.45043713 -0.13154636 -0.22967052 -0.23267308
-0.05927574 -0.34038562 -0.08409321 0.265637 0.4394793 0.7243816 0.79768956 0.74026996 0.5414928 0.46003062 0.17510414 -0.05594662 -0.18990044 -0.41546065 -0.18294726 0.0687912 -0.07305754 -0.095720604 -0.18158707 -0.22804655 -0.1920299 -0.09084233 -0.017585967 0.22225155 0.36060217 0.33299953 0.23938233 0.12453183 0.15729581 0.15069667 0.16146502 0.13988334 0.07623177 0.07154209 0.11191812 0.10253645 0.060946025 -0.033811983 -0.18471067 -0.25622174 -0.1311332 -0.07261219 -0.06530068 0.18628746 0.34217563 0.34678644 0.34786126 0.19290967 0.10534494 0.06653201 -0.081904866 -0.3119611 -0.48406142 -0.4766428 -0.23476088 -0.21874022 -0.2787851 -0.24105456
0.19657114 -0.17345558 -0.18002369 0.075928845 0.2612214 0.6331138 0.8049689 0.73946506 0.60322756 0.4291254 0.067293145 -0.027858516 -0.21974628 -0.39113536 -0.12885806 0.014768087 -0.097223 -0.08735021 -0.09592091 -0.10610047 -0.1122743 -0.049012385 0.09502799 0.26717454 0.31817743 0.27794668 0.14703631 0.06328059 0.083399124 0.14234659 0.22330104 0.24265984 0.17509018 0.10059082 0.04185359 0.0002786726 -0.04269169 -0.14978771 -0.23674078 -0.36085227 -0.24059334 -0.07508419 0.049976505 0.17717476 0.25261098 0.22317977 0.25755197 0.12366838 -0.032796144 -0.033750735 -0.084208235 -0.2730529 -0.3955018 -0.33966604 -0.26328626 -0.3045072 -0.30938765 -0.2744379
0.24361318 0.20662008 0.0026616894 -0.05218362 0.14018713 0.53674096 0.76232296 0.68540025 0.6064922 0.32610008 0.017818015 -0.020014571 -0.23920086 -0.3836997 -0.19524054 0.048618082 -0.07327563 -0.07418047 -0.07543448 -0.096041486 -0.01323074 0.19727406 0.32323754 0.34417814 0.25257057 0.113062195 0.038188357 0.050481893 0.104594775 0.18684879 0.26324117 0.22129846 0.13551284 0.02637264 -0.041062962 -0.061992537 -0.11473784 -0.23040108 -0.30226704 -0.39192396 -0.3997205 -0.10270936 0.05188077 0.19920707 0.21438448 0.14798754 0.18078475 0.03530674 0.035533864 -0.020788506 -0.06932225 -0.21649346 -0.32627502 -0.298932 -0.21080972 -0.24382833 -0.18218552 -0.14613655
0.64150906 0.36097208 0.028251212 0.07696724 0.106246345 0.32531828 0.6291567 0.5662015 0.5243069 0.18814614 -0.017617062 -0.10812576 -0.18070202 -0.3646188 -0.36142007 -0.06402326 -0.055898163 -0.051965076 -0.05073588 0.024032434 0.19892275 0.34385994 0.37869552 0.32636487 0.19399814 0.013844541 -0.19467022 -0.115908295 0.13722527 0.29755008 0.3053506 0.2688452 0.17880322 0.025319008 -0.06281098 -0.09334094 -0.12116309 -0.21012586 -0.37477455 -0.4340948 -0.44719908 -0.22773479 0.05048392 0.27562618 0.16777794 0.105545275 0.133634 0.0026353023 0.08745567 0.08592943 0.07029103 -0.040834695 -0.17341009 -0.23098202 -0.21087116 -0.14946988 -0.10412798 -0.061888494
0.8278085 0.5213068 0.009912213 -0.37747994 0.037785895 0.2961443 0.46196967 0.4750973 0.37929255 0.07062682 -0.047959544 -0.14550345 -0.21732886 -0.35570243 -0.44982862 -0.22231947 0.082667634 0.12523799 0.09144421 0.14566453 0.23656522 0.3373009 0.28019005 0.18158895 0.10630824 -0.026435792 -0.15945944 -0.27143762 -0.09450001 0.24422243 0.33573198 0.26443756 0.11295005 0.0033091274 -0.14735755 -0.1836966 -0.15923114 -0.17698514 -0.24920398 -0.41653445 -0.47520122 -0.32653317 0.012456145 0.2557748 0.12987335 0.0377708 0.07112343 -0.037510775 -0.1255548 -0.061641287 0.06573582 0.0031964944 -0.020474153 -0.047501713 -0.08703582 -0.08770182 -0.06105941 0.020407807
0.8506459 0.6403703 0.18243966 -0.3108989 -0.093055375 0.26847723 0.37342873 0.4393636 0.19168788 -0.038217682 -0.14347054 -0.22131985 -0.25553778 -0.3605335 -0.4630709 -0.18430014 0.15666685 0.17227206 0.2234246 0.25293794 0.2330361 0.24788266 0.22258747 0.12532684 0.047930147 -0.04859065 -0.10242453 -0.21939446 -0.18462218 0.21689175 0.3154176 0.19334677 0.05614094 -0.031411756 -0.17210475 -0.22151476 -0.19170184 -0.18681152 -0.22194168 -0.25581005 -0.4256167 -0.44274843 -0.11514344 0.2024386 0.08902895 0.024477473 0.003299191 -0.078456685 -0.21924132 -0.13137637 0.20408988 0.085351035 0.010622868 -0.014321426 0.020385616 0.04175292 0.10414644 0.16493535
