static/data/seaWater_vo/2023/7/20/18.asc
ncols 137
nrows 93
xllcorner 108.0
yllcorner 17.0
cellsize 0.25
NODATA_value -32767
[rows 26 to 51 of 93, columns 58 to 115 of 137]
-0.14335385 -0.23502441 -0.1470442 -0.0021833458 0.033887327 0.06491944 0.06239399 0.12019311 0.13292928 0.1548468 0.18854123 0.2093419 0.24752054 0.21772234 0.14225599 0.011355766 -32767.0 -32767.0 0.08626762 0.1463363 0.1103661 0.09819669 0.15838946 0.13870741 0.03928352 0.054165244 0.027435474 -0.08007908 -0.0823753 -0.15076515 -0.0038901502 -32767.0 -32767.0 -32767.0 -32767.0 -32767.0 -32767.0 -0.32602546 -0.11749225 0.10534735 -32767.0 -32767.0 -32767.0 -32767.0 -32767.0 0.025162257 -32767.0 -0.3620735 -0.06761859 -0.19074489 -0.25971577 -0.14844298 0.12511528 -32767.0 -0.116818786 -0.4335006 -0.29473886 -0.10871884
-0.057579093 -0.1832191 -0.16461697 -0.11124394 0.0100948345 -0.0040181745 0.0029049437 0.044959016 0.056845974 0.12482328 0.16056797 0.2323429 0.21025464 0.19340153 0.056341633 -32767.0 -32767.0 -0.09710035 0.015750075 0.18721376 0.23986264 0.20978498 0.12771754 0.07497157 0.0032754885 -0.020133326 -0.14204837 -0.27029762 -32767.0 -32767.0 -32767.0 -32767.0 -32767.0 -32767.0 -32767.0 -32767.0 -32767.0 -0.3079753 -0.17175363 0.2805785 -32767.0 -32767.0 -32767.0 -0.06982787 0.06301113 0.007229684 -0.08626467 -0.16293274 -0.07709006 -0.26768336 -0.44078422 -0.23886031 0.094556354 -0.26482564 -0.43065184 -0.3803217 -0.13495764 0.1168317
0.10907189 0.09439793 0.07808543 -0.017179098 0.09031136 0.20379055 0.25278088 0.1770799 0.12359002 0.112292916 0.08062335 0.18097931 0.25947884 0.25691 0.0904812 0.08505517 0.1252524 0.13430116 0.092669934 0.12872475 0.23908706 0.1874266 0.07780096 -0.046652056 -0.09317034 -0.09542051 -32767.0 -0.17086494 -0.117351994 -32767.0 -32767.0 0.02253762 -32767.0 -32767.0 -32767.0 -32767.0 -32767.0 -32767.0 -0.19343895 0.032564588 -32767.0 -32767.0 -0.17267695 -0.05883366 -0.013756474 -0.188542 -0.097495675 -0.33078232 -0.46397585 -0.6326176 -0.37778708 -0.15225844 -0.3340994 -0.38619617 -0.2544486 -0.1389942 -0.022865817 0.11748474
0.115984835 0.13364388 0.121288784 0.21822411 0.13792609 0.058453687 0.122249626 0.21272692 0.24813534 0.22615206 0.14917025 0.123395726 0.14874405 0.14108361 0.05395561 0.11406849 0.15909545 0.09491051 0.04584785 0.12542602 0.19417551 0.191646 0.09098775 -0.13987236 -0.12835908 -32767.0 -0.13309467 -0.19548486 0.041730925 -0.08160385 0.035942882 -32767.0 -0.09546498 -32767.0 -32767.0 -32767.0 -32767.0 -32767.0 0.042543866 0.0586559 -0.14316636 -0.27793014 -0.15347147 0.06886145 -0.067329615 -0.2107352 -0.10014271 -0.24033047 -0.65548855 -0.6573352 -0.1877579 -0.17040403 -0.2440146 -0.2621526 -0.25451955 -0.14310183 -0.07044793 0.038807113
0.065519944 0.058081105 0.2933084 0.19792727 0.28839457 0.20642631 0.048123416 0.05622521 0.08656047 0.12654343 0.08984147 -0.07647886 -0.14996454 0.07694995 0.015104705 0.04424649 0.12985164 0.082133815 0.18756975 0.3153023 0.35396373 0.30131575 0.22754657 0.015961714 -0.14582308 -0.16839519 -0.14090633 -0.20852315 -0.08049333 -0.07264838 -0.065141484 0.008561148 0.03337846 -32767.0 -32767.0 -32767.0 -32767.0 0.06922063 0.08582089 0.064651996 -0.013282447 -0.08401478 0.05824936 0.0414758 -0.13487059 -0.3385537 -0.17042075 -0.07723898 -0.41419163 -0.5234022 -0.18439655 -0.22799747 -0.44235346 -0.34341764 -0.39063323 -0.3393838 -0.18727796 0.040234163
0.123906836 0.087652914 0.15002671 0.23948002 0.23256457 0.109484345 0.14980927 0.028560203 0.008920787 -0.16945955 -0.077970535 -0.042387355 0.09752553 0.3160818 0.13209017 0.12342958 0.14329961 0.1478996 0.33958763 0.4656679 0.39240244 0.34326497 0.23800048 0.13238604 0.01838725 -0.006448856 -0.08064072 -0.3003221 -0.30263817 -0.13191958 -0.10288084 0.07456704 -0.022263596 -32767.0 -32767.0 -32767.0 -32767.0 -0.14053373 -0.03624089 0.06125124 0.11047744 0.10834936 0.06942451 0.033340983 -0.018324858 -0.11903841 -0.21738966 -0.32205048 -0.42339617 -0.45412788 -0.42749837 -0.37936053 -0.40915832 -0.473928 -0.4876826 -0.3897751 -0.03225347 0.119745456
0.08787923 0.064535365 0.09436495 0.15482503 0.12222598 0.14200969 0.13215432 0.1006609 0.010700367 0.018690076 -0.09157454 0.029894458 -0.011891477 0.21482752 0.19600743 0.1524135 0.14179404 0.16144732 0.33370966 0.35776109 0.26297075 0.24689327 0.17649493 0.10435253 0.1032341 0.029013867 -0.0007950424 -0.049785275 -0.29078558 -0.30288413 -0.22714143 -32767.0 -32767.0 -32767.0 -32767.0 -32767.0 -0.16639161 -0.27101743 -0.14535354 -0.021571405 0.34337485 0.45579532 0.2816255 0.1324356 0.08555078 0.028162265 -0.06323277 -0.2570234 -0.40028366 -0.4914326 -0.60965335 -0.64182854 -0.57861984 -0.5069151 -0.508328 -0.32949877 0.03490407 0.17994875
0.061562408 0.01329802 0.038356464 0.19026066 0.13035792 0.2005174 0.25412446 0.25201908 0.2672581 0.17151955 0.10706655 0.1543354 -0.031276014 0.21059275 0.14630854 0.16346085 0.18290211 0.19082566 0.22690488 0.2256728 0.16377616 0.16594234 0.14684266 0.12465733 0.103146814 0.096595496 -0.0066557676 -0.063435346 -0.29378644 -0.39241678 -0.31693104 -32767.0 -32767.0 -32767.0 -32767.0 -32767.0 0.0013729188 -0.08317767 -0.32465327 0.25241926 1.0589635 0.69617677 0.4496327 0.33513218 0.244896 0.15418124 0.037330892 -0.12619951 -0.35772783 -0.38408843 -0.46244028 -0.67359805 -0.866695 -0.8281814 -0.6273278 -0.42308107 -0.01466088 0.24289367
-0.09754702 0.08836016 0.16636379 0.15799218 0.10721866 0.12089357 0.08647247 0.21135841 0.27373344 0.27824363 0.18393834 0.11834605 0.115664326 0.23148793 0.18641461 0.23395865 0.23342003 0.24086754 0.1863568 0.15591273 0.17876495 0.1729815 0.18682279 0.24147566 0.18978769 0.09373907 -0.021090414 -0.116053656 -0.32568038 -0.24692473 -0.28404194 -0.051116254 -32767.0 -0.043572675 -32767.0 -32767.0 0.19259892 0.29622933 0.4986132 0.7428584 0.79969007 0.6882106 0.5149472 0.39564544 0.27588588 0.14983508 -0.0267628 -0.15546376 -0.3273964 -0.38005498 -0.4004397 -0.568533 -0.8434571 -1.126528 -1.0834883 -0.7093091 -0.14612761 0.25160444
-0.016095556 -0.086395204 0.096434355 0.12654696 0.052003473 0.07816727 0.20732133 0.30532095 0.2608702 0.16288894 0.12447875 0.04148773 0.018627457 0.049315322 0.19049536 0.12793651 0.16856097 0.1785712 0.17636463 0.1723682 0.21664445 0.33362404 0.42484093 0.3778591 0.30567828 0.14658126 -0.037557278 -0.16392788 -0.19965646 -0.3093602 -0.30400932 -0.26151228 -0.07299498 -0.09753583 -32767.0 0.20583573 0.5251113 0.3812221 0.5671236 0.7233846 0.70340395 0.6278425 0.511228 0.33529773 0.36344823 0.25237164 0.04792713 -0.124220744 -0.20007996 -0.2948232 -0.36183137 -0.52433467 -0.7668019 -1.0880814 -1.4185605 -1.202267 -0.47749314 0.14319126
-0.06408719 -0.36931655 -0.01840017 0.05512945 0.0059173163 0.08680719 0.07522745 0.2503025 0.14258409 0.19859815 0.10858389 0.06153854 -0.011293456 0.015077187 0.122765936 0.072067685 0.10262264 0.17132716 0.19956979 0.3006457 0.50245315 0.48177078 0.4099183 0.38026816 0.3280014 0.22414973 0.02664294 -0.17955789 -0.30268517 -0.25787544 -0.2578842 -0.17075655 -0.3797703 -32767.0 0.4700699 0.28286302 0.23403499 0.5917205 0.68745655 0.693208 0.61818576 0.5762031 0.30235443 0.34011054 0.2033893 0.23624223 0.107748084 -0.04787457 -0.20264162 -0.2596315 -0.25055584 -0.35039687 -0.58935964 -0.90634024 -1.2757775 -1.5162729 -0.84479344 -0.023829281
-0.016148452 -0.267936 -0.01101591 -0.0029954356 0.103208035 0.063955866 -0.013278552 0.12110294 0.10112502 0.058303602 0.08288384 0.12362276 0.122362144 0.05920535 0.045534566 0.103347346 0.12997702 0.12660383 0.26741856 0.48019013 0.5725798 0.38226536 0.36101207 0.4320212 0.4863195 0.32749456 0.06626611 -0.21321617 -0.32901886 -0.34996635 0.058485534 -0.40244997 -0.02459372 -0.07569491 0.07500651 0.055716347 0.44827175 0.6294448 0.70994985 0.6449606 0.5719837 0.42382997 0.19092517 0.2290022 0.06466979 0.23618396 0.21541607 0.036631554 -0.06979763 -0.1313542 -0.15111502 -0.2059333 -0.37565753 -0.7240842 -1.0711943 -1.4132388 -1.1385378 -0.19167069
-0.052358776 0.023132946 0.13462037 0.24887416 0.26425093 0.11763548 0.13041036 0.13682206 0.07406579 -0.023221565 -0.022196963 0.009160536 -0.008689449 0.0912836 0.111308634 0.09086766 0.10933431 0.13766697 0.3099878 0.43247005 0.55712247 0.31902245 0.34038112 0.55974805 0.6542459 0.4514318 0.14621618 -0.19938149 -0.43404916 -0.522643 -0.38160285 -32767.0 -0.06642094 -0.280453 -32767.0 0.1290893 0.41998893 0.6908892 0.82858694 0.61801445 0.5673365 0.3458659 0.2421456 0.22381483 0.102219105 0.111026056 0.16251022 0.11789206 0.01151647 -0.13731533 -0.27229056 -0.15755165 -0.16373825 -0.52978855 -0.8909519 -1.095139 -1.0916365 -0.36293998
-32767.0 -0.062330324 0.21650346 0.3289823 0.30837578 0.22931759 0.05815996 0.14344002 0.118218675 0.029754022 -0.008480547 -0.1729617 -0.04380265 0.03599107 0.01895024 0.08012754 0.2802085 0.36479315 0.39634657 0.28123417 0.44179997 0.2911748 0.31430086 0.60747045 0.70082396 0.515059 0.30117375 -0.031079166 -0.43929872 -0.57894826 -0.6594677 -0.56333405 -32767.0 -0.5822351 0.050501447 -0.034913864 0.39075658 0.82984066 0.8583255 0.6478181 0.517927 0.3581855 0.27506134 0.28845337 0.20043263 0.13235223 0.24514695 0.2259795 0.08180089 -0.11082518 -0.2708944 -0.33400723 -0.08634969 -0.3149433 -0.63426375 -0.8219382 -0.8451032 -0.40683788
-0.03414164 0.11209296 0.33886224 0.31916532 0.27512464 0.25114682 0.11398618 0.024565155 0.010313051 -0.011862087 0.08068622 0.05579613 0.038217396 0.115900405 0.28009057 0.4201088 0.45784506 0.3201296 0.3067713 0.31637764 0.41825736 0.28735057 0.31318295 0.6591996 0.7141085 0.6565403 0.4235519 -0.03841697 -0.3503553 -0.6478429 -0.5243402 -0.8714044 -0.40695795 -0.4139566 -0.0147184385 -0.06266172 0.5388814 0.97017777 0.80887914 0.69683444 0.4289109 0.38448766 0.26993248 0.32121763 0.2710552 0.25017622 0.2149101 0.26051924 0.12226094 -0.029064743 -0.22290617 -0.35213152 -0.28650168 -0.17759089 -0.34353897 -0.4478845 -0.39978358 -0.13267738
-0.22003417 0.20567001 0.39472196 0.40505427 0.2824895 0.24916674 0.18006998 0.08393708 0.020998806 -0.0352782 -0.04506233 0.029301416 0.03687129 0.08534121 0.099400766 0.22441931 0.21682483 0.06387384 0.12276968 0.31374916 0.33472168 0.34396848 0.51731694 0.7127748 0.65408695 0.8281425 0.5176898 -0.0930896 -0.46692914 -0.6881743 0.13512355 -0.8467521 -0.8161068 -0.31690988 0.05475408 -0.033565506 0.63942957 0.89572227 0.7838913 0.64648986 0.33190712 0.3653533 0.26776743 0.27245113 0.20347597 0.20673773 0.10537994 0.2882238 0.2350879 0.08399784 -0.11755753 -0.29813236 -0.33558863 -0.19352122 -0.1796502 -0.18213587 -0.13079004 -0.014035762
-0.28224698 0.2685278 0.32856455 0.34984818 0.2850581 0.30463272 0.1391592 0.117883414 0.02155251 0.004644987 0.12638296 0.1568578 0.07063383 0.047269363 0.14701326 0.19075362 0.09430017 0.06603864 0.2604069 0.40392116 0.55442464 0.6219438 0.57409763 0.5144381 0.54610753 0.7435932 0.43244764 -0.10555934 -0.51153076 -0.75373423 -0.64206094 -0.23213276 -0.59203637 -0.47587308 -0.14629515 0.36617544 0.6885973 0.81230366 0.6686556 0.45181793 0.24594893 0.24992646 0.18137935 0.1966546 0.10356117 0.17045999 0.16704293 0.19791225 0.21189035 0.15760605 -0.03308792 -0.19216317 -0.18742973 -0.09143127 -0.095272705 -0.1262785 -0.07834172 0.05958713
-0.054042265 0.27223334 0.3369715 0.29007435 0.2527263 0.20083536 0.068943955 0.087837584 0.12875883 0.039137237 0.044173963 0.13007957 0.14205016 0.15982533 0.14805083 0.052189346 0.01703424 0.0066409465 0.324292 0.5832343 0.67166334 0.6316886 0.49582967 0.42483464 0.48497555 0.46901083 0.2888608 5.9617116e-05 -0.6065384 -0.6827378 -0.58494216 -0.38188177 0.08675041 0.03271789 0.010423511 0.20488334 0.59570676 0.57901126 0.47548777 0.25432682 0.22904047 0.15439211 0.10412468 0.14030384 0.025381288 0.05399744 0.10657352 0.14503856 0.16223018 0.20133053 0.19906652 -0.017272536 -0.26368573 -0.304697 -0.1694601 -0.11860109 -0.09470062 0.014524247
0.14695235 0.29390138 0.35349318 0.38536346 0.19970469 0.16263704 0.056550298 0.10323505 0.24150626 0.20527105 0.110935315 0.052612573 0.14699546 0.23480299 0.18651715 0.050038114 0.020906333 0.16968466 0.4561835 0.61733776 0.6836208 0.57523566 0.4510268 0.34046358 0.3507827 0.2677878 0.103440374 0.09333744 -0.56288475 -0.24923784 -0.34400335 -0.21237913 -0.010238886 0.058706816 0.19572225 0.3427297 0.39212865 0.35165355 0.2847364 0.2456297 0.17099662 0.028170327 0.03425636 0.07461976 -0.0144957 -0.0439135 -0.0895721 0.06175284 0.15673341 0.18196663 0.17885315 0.17612773 0.06488047 -0.2725262 -0.28872648 -0.14734474 -0.03818138 -0.014526554
0.28262112 0.33461484 0.36291072 0.22088796 0.3093774 0.17790458 0.18812199 0.14130513 0.13395691 0.16709594 0.11669343 0.11832916 0.18058763 0.27413166 0.21962968 0.13021925 0.083880164 0.36513567 0.57705194 0.8116737 0.65291697 0.4979429 0.3653008 0.34669933 0.14420073 0.17617838 -0.011757587 -0.004548875 -0.1036222 -0.21023436 -0.114422165 -0.04678991 0.066932306 0.1717379 0.21008128 0.26664636 0.3189853 0.29882658 0.2453794 0.18338905 0.066530116 -0.06851497 -0.049098186 0.007224803 -0.024175717 -0.121070184 -0.19392493 -0.06473228 0.125687 0.18369374 0.13267757 0.15812588 0.09809239 -0.013802559 -0.17778218 -0.1715669 -0.12958302 -0.17852913
0.30203342 0.5450239 0.51918876 0.29448628 0.29375747 0.24492611 0.12655845 0.0927932 0.04832841 0.081595294 0.1201494 0.08436161 0.25443476 0.19998711 0.15188444 0.11650311 0.39413583 0.5180907 0.6938988 0.80189764 0.57202244 0.41021395 0.2472703 0.16006191 0.36014634 -0.0034876098 -0.21845038 -0.12357342 -0.009927031 0.06257835 0.019989295 0.0026973248 0.075306416 0.26004615 0.3375138 0.33246514 0.28879806 0.22556742 0.14320682 0.083094686 0.010548155 -0.12225037 -0.13832295 -0.025908837 -0.10313502 -0.11489643 -0.15027261 -0.12577875 0.010896703 0.13684149 0.05769112 -0.014863995 0.08965294 0.023442734 -0.06450777 -0.14116655 -0.2835324 -0.40630192
0.69896895 0.6556826 0.41140518 0.25649384 0.24937743 0.1745355 0.03759297 -0.06325358 0.10320724 0.100257255 0.055847127 0.12359004 0.21301872 0.1912005 0.112004556 0.3829602 0.46025008 0.6726528 0.8094891 0.67508245 0.46602163 0.33730564 0.19969895 0.018156553 0.022859843 -0.000908132 0.018213844 -32767.0 -0.14959009 0.099904716 0.09552008 0.19873542 0.33415616 0.43173268 0.4840714 0.4052522 0.28775153 0.16015585 0.051971037 -0.0286638 -0.07358495 -0.21037596 -0.23193923 -0.13697667 -0.118414 -0.10912799 -0.12770674 -0.19562113 -0.07923831 0.09446026 0.049284045 -0.038759228 -0.03326437 -0.040392864 -0.005434854 -0.0951638 -0.31370145 -0.20325674
0.6499957 0.34706977 0.2598902 0.1947825 0.09525984 0.15112726 -0.07624194 0.05424114 0.21716084 0.09480448 0.029310238 0.09378238 0.0664105 0.038703583 0.16193737 0.32195792 0.5524769 0.84456575 0.7709021 0.5803501 0.3843402 0.26180333 0.08794498 -0.076348945 -0.009531227 -0.06087925 0.31764328 0.04678182 -0.07618788 0.2073884 0.34142762 0.36311373 0.46463326 0.6088359 0.501602 0.3720699 0.2793745 0.14139922 -0.02237374 -0.15656829 -0.1898444 -0.22080202 -0.30295175 -0.23155706 -0.14884473 -0.124213174 -0.29703817 -0.27779615 0.010823439 0.13345285 0.11693816 -0.02832431 -0.060948286 0.031762507 0.04204173 -0.08264427 -0.133823 -0.02475048
0.2116235 0.2513916 0.4072188 0.27126893 0.12074281 0.21106641 -0.041247144 0.07300027 0.29308042 0.15334544 0.06547559 0.0055275112 0.012532298 0.13572843 0.26818252 0.31852436 0.7738039 0.8108375 0.6820049 0.52093804 0.35406506 0.26218778 0.03404604 -0.04270141 -0.10930693 0.09138068 -32767.0 -0.004517717 0.24352206 0.43829128 0.35423216 0.40462255 0.66215575 0.5648793 0.3942462 0.33718923 0.32510975 0.10283195 -0.047013395 -0.22557762 -0.284586 -0.28732547 -0.3510378 -0.28160524 -0.15883787 -0.31857798 -0.4187344 -0.12514612 0.16775714 0.1410007 0.023252822 0.046478327 0.07565245 0.0937595 0.16502859 0.032031488 -0.15178823 -0.052043736
0.19119146 0.5216356 0.46191663 0.3305955 0.22336546 0.17597829 0.072072856 0.16654907 0.22558549 0.13499665 0.03356088 -0.008920622 0.04726002 0.1907411 0.23354283 0.56117725 0.80869764 0.70008796 0.6013998 0.4060759 0.27885354 0.23242512 0.09131344 0.010842009 -0.050648518 -0.0017694957 -0.0653598 0.1929968 0.36595386 0.48942855 0.3788632 0.49605885 0.70759904 0.45156258 0.43482724 0.35891628 0.28670052 0.060449615 -0.17000917 -0.26499116 -0.35270527 -0.29661122 -0.36061072 -0.30931702 -0.28705066 -0.447743 -0.3022087 0.10031415 0.18051825 0.20723414 0.14859504 -0.029443134 -0.08937343 -0.01584203 0.018371195 0.07818081 -0.10257511 -0.13040023
0.37054273 0.58515996 0.2787674 0.31102595 0.21834454 0.20694141 0.16954581 0.14634341 0.13151078 0.048077695 0.006805512 0.04940599 0.12974712 0.24616054 0.3734974 0.5662721 0.73220766 0.60278934 0.5190347 0.24318556 0.10170262 0.1531973 0.033982977 0.025283752 0.082683325 -0.11282797 0.008464064 0.27992263 0.5188467 0.5256716 0.36798635 0.5827701 0.6114127 0.4183626 0.40104136 0.2877497 0.16178754 -0.038387474 -0.21505703 -0.31650087 -0.31055844 -0.34820265 -0.387069 -0.30630562 -0.43803746 -0.3558091 0.051672798 0.1721314 0.18924785 0.22862758 0.2954028 0.03556383 -0.251445 -0.20258845 -0.17129575 -0.005306427 0.063672625 -0.09647521
