static/data/seaWater_vo/2023/7/20/6.asc
ncols 137
nrows 93
xllcorner 108.0
yllcorner 17.0
cellsize 0.25
NODATA_value -32767
[rows 0 to 24 of 93, columns 58 to 115 of 137]
-32767.0 -32767.0 -32767.0 -32767.0 -32767.0 -32767.0 -32767.0 -32767.0 -32767.0 -32767.0 -32767.0 -32767.0 -32767.0 -32767.0 -32767.0 -32767.0 -32767.0 -32767.0 -32767.0 -32767.0 -32767.0 -32767.0 0.141695 -0.2866801 -0.4650106 -0.16640812 0.07128935 0.012793609 0.005982648 -0.050855234 -0.121911705 -0.1066694 -0.124337904 -0.105743945 -0.058195498 -0.011895385 0.06127554 -0.06592268 -0.23330463 -0.083739795 0.061468374 0.21572699 0.29586467 0.22691415 0.03418239 -0.070767686 -0.20023555 -0.12182938 -0.019977655 -0.15469562 -0.21522738 0.12031115 0.3357664 0.17210518 0.06483386 0.14652297 0.13570172 0.24000032
-32767.0 -32767.0 -32767.0 0.052300837 0.032478474 0.027237441 0.022202875 0.03029281 0.025392665 0.04561713 -32767.0 -32767.0 -32767.0 -32767.0 -32767.0 -32767.0 -32767.0 -32767.0 -32767.0 -32767.0 -32767.0 0.075332895 -0.21586202 -0.33457878 0.16518037 0.10727896 0.08073297 0.09245416 -0.03373522 -0.121958196 -0.020124478 0.011448463 -0.032743867 -0.113475814 -0.15454283 -0.1773521 0.02116682 -0.18183243 -0.28080115 -0.128463 -0.06339708 0.2927082 0.46438485 0.18193102 -0.14379182 -0.16866197 -0.06527913 -0.124366835 0.08169466 0.36783504 0.43044508 0.34503332 0.1443514 -0.1104365 -0.16297553 0.022059765 0.18592173 0.31237832
-32767.0 0.03762208 -32767.0 0.029331787 0.032105718 0.069633745 0.05178755 0.008924652 0.02223775 0.021263022 0.03494473 0.040242016 -32767.0 -32767.0 -32767.0 -32767.0 -32767.0 -32767.0 -32767.0 -32767.0 -32767.0 -0.05098638 -0.36699226 -0.009743116 0.1777235 0.2897357 0.1909834 0.232172 0.13800173 0.008592908 0.22983935 0.25923792 0.036119275 -0.1597406 -0.30471155 -0.3570745 -0.16654581 -0.10120763 -0.26163432 -0.1272795 0.04074485 0.5263818 0.42208877 0.02159975 -0.3645002 -0.23547189 -0.13181771 0.06372745 0.25310206 0.30958292 0.4381281 0.48899493 0.43059602 0.22426236 -0.042466924 -0.08981706 0.035474177 0.2821381
0.0887305 -32767.0 0.051971503 0.04170092 0.052869473 0.07177994 0.12532789 0.14764528 0.0040719 0.028910227 0.045116637 0.006150901 -32767.0 -32767.0 -32767.0 -32767.0 -32767.0 -32767.0 -32767.0 -32767.0 0.062680766 -0.05255056 -0.18393558 -0.08141892 0.242924 0.12572896 0.13083206 0.3048122 0.4020503 0.57895863 0.45707664 0.08222705 -0.42629904 -0.30777252 -0.39210683 -0.3704865 -0.2712624 -0.15184653 -0.09992777 0.022674523 0.2779142 0.45124102 0.27458727 -0.09089297 -0.46332523 -0.4957176 0.036202386 -0.017740356 -0.002459636 0.1697385 0.32400316 0.44964463 0.3386165 0.27519968 0.07507395 -0.09149386 -0.05244231 0.26489377
-0.051945705 -32767.0 0.056233298 -0.051589344 0.16287793 0.1458561 0.13483022 0.14705779 0.28680792 -0.04709682 0.009258868 -32767.0 -32767.0 -32767.0 -32767.0 -32767.0 -32767.0 -32767.0 -32767.0 -32767.0 -32767.0 -32767.0 -0.038971595 -0.17369331 0.048324816 0.20768383 0.17870083 0.13425446 0.559335 0.60340965 0.39878353 -0.039035916 -0.2603373 -0.20330644 -0.33984953 -0.3697298 -0.13003263 0.08398131 0.21133101 0.35921544 0.23678301 0.277128 0.10679835 -0.17296056 -0.4573816 -0.54765433 -0.12628002 0.026442464 -0.06033955 0.20214994 0.5094463 0.51371086 0.16357617 -0.023860298 -0.10301775 -0.0678921 -0.08410189 0.086709164
-0.046612814 -0.012885704 -0.0072198203 0.095203094 0.25563908 0.18070558 0.11441467 0.12818658 0.25148427 -0.08084861 -0.012446232 -32767.0 -32767.0 -32767.0 -32767.0 -32767.0 -32767.0 -32767.0 -32767.0 -32767.0 -32767.0 -32767.0 -32767.0 -0.28359878 -0.15371478 -0.08365773 0.053161833 0.3798957 0.9458755 0.6242527 0.22959842 0.059940603 -0.05334229 -0.033521887 -0.10097845 -0.41867962 -0.30658162 -0.035733923 0.22074036 -0.029386409 0.14803104 0.12470103 -0.09333362 -0.26686597 -0.41238323 -0.47797975 -0.28099093 0.0538768 0.031427775 0.33283454 0.6548714 0.38700253 -0.06024025 -0.30424076 -0.14576246 0.07124574 -0.016169958 -0.023579229
-0.0012543777 0.054759666 0.054234702 0.13076562 0.18009609 0.13475028 0.1158208 0.16837358 0.22706927 -0.015819043 -0.03846597 -32767.0 -32767.0 -32767.0 -32767.0 -32767.0 -32767.0 -32767.0 -32767.0 -32767.0 -32767.0 -32767.0 -32767.0 -32767.0 -0.3488223 -0.39420107 -0.065832235 0.1085998 0.70998377 0.7960702 0.37107554 0.1697724 0.04170543 0.069973536 0.03535136 -0.14735144 -0.1074844 -0.0016299787 -0.031921633 -0.010792827 0.0015698592 -0.1692679 -0.19914457 -0.2275275 -0.30542263 -0.3224275 -0.1021733 0.068382844 0.19833237 0.3694513 0.41320774 0.18111232 -0.07121383 -0.3565418 -0.31309673 -0.32025325 -0.018200276 -0.013303712
0.088386305 0.10604116 0.101255536 0.14825635 0.15904705 0.15933765 0.1679089 0.25838813 0.12479859 -0.23496026 -32767.0 -32767.0 -32767.0 -32767.0 -32767.0 -32767.0 -32767.0 -32767.0 -32767.0 -32767.0 -32767.0 -32767.0 -32767.0 -32767.0 -32767.0 -0.5035306 -0.19627425 0.023332218 0.6014523 0.67478204 0.44355103 0.2671152 0.12389026 0.1084748 -0.07453299 -0.19221371 0.10681942 0.17162114 0.03555292 -0.098754466 -0.1311786 -0.35347766 -0.33743396 -0.024473967 0.042796355 0.06721375 0.19823417 0.36431924 0.22420658 0.2122503 0.12138979 0.12571527 0.028302567 -0.17605752 -0.17146531 -0.1816166 0.09563703 0.35340464
0.04545391 0.2276828 0.2628531 0.17579594 0.040549126 0.025608793 -0.02153551 0.07940705 -0.0029329283 -32767.0 -0.020962656 -32767.0 -32767.0 -32767.0 -32767.0 -32767.0 -32767.0 -32767.0 -32767.0 -32767.0 -32767.0 -32767.0 -32767.0 -32767.0 -32767.0 -0.3907476 -0.3943587 0.072184585 0.6604116 0.61395526 0.5293068 0.23114645 0.058816887 -0.08214554 -0.08652452 0.08022335 0.25417733 0.18328571 0.032009564 0.09313403 0.024643822 -0.20336042 -0.26322314 -0.098123744 0.16115312 0.27290517 0.32514113 0.22984599 0.14034583 0.011749271 -0.044472 0.107024774 0.15549377 0.09736288 0.024573857 0.04455936 0.052874655 0.13430819
0.13095474 0.30341753 0.26604867 0.042308487 -0.15274419 -0.35652277 -0.45646337 -0.29720095 -0.08042678 -0.14008385 -0.08891274 -0.025110126 -0.07503353 0.061847787 0.04040533 0.055532765 -32767.0 -32767.0 -32767.0 -32767.0 -32767.0 -32767.0 -32767.0 -32767.0 -32767.0 -32767.0 -0.19050291 -0.14991531 0.6725046 0.69974065 0.33323407 -0.07233298 0.058177046 -0.04349574 0.06946249 0.09748022 0.030443896 -0.15948291 -0.11477815 0.22836404 0.2585063 0.20744784 0.21957375 0.11420487 -0.026303861 0.083323464 0.14383161 0.08951612 -0.05855473 -0.17060041 -0.268747 -0.028265642 0.14510074 0.10860318 0.008218715 -0.08996202 -0.011765252 0.35616
0.0033133286 0.18492678 0.15248069 -0.10745348 -0.2643315 -0.4964438 -0.5987061 -0.52922994 -0.4358496 -0.37233448 0.0131215975 0.045225043 -0.028085439 -0.06656948 0.08289362 0.06571257 -32767.0 -32767.0 -32767.0 -32767.0 -32767.0 -32767.0 -32767.0 -32767.0 -32767.0 -32767.0 -32767.0 -0.018947754 0.3155394 0.85025316 0.013741735 0.30089533 -0.11036447 -0.1517926 -0.20450121 -0.03161564 -0.17833331 -0.25066093 -0.1284151 0.35822028 0.24649423 0.35374776 0.2405483 -0.008801709 -0.11813222 -0.039117437 -0.028381601 -0.07767183 -0.17599803 -0.1903995 -0.10652034 -0.054734103 -0.09527379 -0.07460322 -0.14631718 -0.13079208 0.20258012 0.20639083
-32767.0 0.24988337 -0.09182829 -0.060839035 -0.19715708 -0.34015343 -0.38945645 -0.362353 -0.3120619 -0.21627277 -0.17765464 -0.05574941 -0.010123473 0.027765721 0.07748548 0.17443953 0.007653444 -0.15271753 -32767.0 -32767.0 -32767.0 -32767.0 -32767.0 -32767.0 -32767.0 -32767.0 -32767.0 -32767.0 0.19615512 0.9800441 0.1579779 0.2639654 0.10052469 -0.23062447 -0.1506015 -0.09359685 -0.1404634 -0.15657954 -0.2340222 0.22830372 0.23569003 0.39385322 0.2669568 -0.087967075 -0.20249635 -0.09043841 -0.11290645 -0.10081632 -0.057039272 -0.054614633 -0.19811466 -0.47081482 -0.3387454 0.1277377 0.24058776 -0.2098881 -0.11655319 -32767.0
-32767.0 0.22937158 -0.052633192 0.040183425 -0.106198244 -0.14278588 -0.19351593 -0.23783469 -0.18796149 -0.15394616 -0.15687968 -0.024768516 0.15102279 -0.0549658 0.117384344 -0.12861195 -32767.0 -0.08230726 -32767.0 -32767.0 -32767.0 -32767.0 -32767.0 -32767.0 -32767.0 -32767.0 -32767.0 -32767.0 0.1241097 1.1895137 0.37541392 0.25490355 -0.14182436 -0.20385347 -0.17633799 -0.27687004 -0.14554039 -0.1377124 -0.11916395 0.24195065 0.23475598 0.36732182 0.40020669 -0.25041234 -0.20476766 -0.11331378 -0.14334196 -0.114399895 -0.09988012 -0.063737854 -0.1977757 -0.42813116 -0.19668067 0.3287674 0.6909633 -0.015725166 -0.5386345 -32767.0
-0.03915636 0.04790417 0.027587064 -0.084800385 -0.096030265 0.031941436 -0.0061962176 0.037350837 0.06913101 0.066952705 -0.010108909 -0.033233505 -0.0009027836 0.22832198 -0.18284944 -32767.0 -32767.0 -32767.0 -32767.0 -32767.0 -32767.0 -32767.0 -32767.0 -32767.0 -32767.0 -32767.0 -32767.0 -32767.0 0.25776005 1.1859041 0.530045 0.23071025 0.12055453 -0.10824435 -0.2638279 -0.1436838 -0.14417048 -0.15148248 -0.21084583 0.16179898 0.21207051 0.42416078 0.47094685 -0.1363975 -0.32261804 -0.1993238 -0.01997447 0.03207665 -0.055059034 -0.27279922 -0.32783678 -0.3465274 -0.40956268 -0.034887686 0.64339936 -0.09551232 -0.2704476 0.0047335695
0.029352304 0.03476232 -0.058976546 -0.09824003 -0.027564865 0.034367062 0.03660065 0.06009133 0.16258848 0.33904642 0.3115914 0.123513594 0.024308477 -0.041477 -0.22212271 0.035827044 -32767.0 -32767.0 -32767.0 -32767.0 -32767.0 -32767.0 -32767.0 -32767.0 -32767.0 -32767.0 -32767.0 -32767.0 -0.17208351 1.2765186 0.7797542 0.16494462 0.24569544 0.19927849 -0.008353492 -0.11682321 -0.09999002 0.007576312 0.028388804 0.040008426 0.17797042 0.39164627 0.37141663 0.045594886 -0.34543273 -0.074093565 -0.19116034 -0.25518227 -0.315218 -0.47861597 -0.47967452 -0.5371458 -0.5153553 -0.2905508 0.50817627 0.21343021 -0.008150252 -32767.0
0.0082066 -0.017736778 0.02481241 -0.02335419 -0.050447978 0.019919738 0.053640302 0.09597464 0.13733211 0.22811088 0.23361565 0.16898897 0.05124688 -0.0693231 -0.1341493 -0.13320547 -0.06987128 -32767.0 -32767.0 -32767.0 -32767.0 -32767.0 -32767.0 -32767.0 -32767.0 -32767.0 -32767.0 -32767.0 -0.19782586 1.2330189 0.8770126 0.5013442 0.15222509 -0.041481975 0.0505387 -0.0155756865 0.04733513 0.28172848 0.44397432 0.1521501 -0.08978004 0.04479096 0.24392909 -32767.0 -0.2621744 -0.060090296 -0.18932226 -0.42002553 -0.44408062 -0.6021876 -0.6530321 -0.52523285 -0.41578314 -0.24792211 0.6017848 -32767.0 -32767.0 -32767.0
0.114447445 0.09435079 0.019291155 -0.029480543 0.0009985198 0.13861993 0.18560438 0.13991714 0.11337743 0.12488508 0.12604737 0.14314692 0.06895876 -0.035861995 -0.061236057 -0.08874419 -0.09065936 -32767.0 -32767.0 -32767.0 -32767.0 -32767.0 -32767.0 -32767.0 -32767.0 -32767.0 -32767.0 -32767.0 -32767.0 1.2807363 0.78941786 0.2493309 0.25514185 0.08405886 -0.0044710347 0.04181818 0.19963712 0.5728812 0.15370257 -0.31177783 -0.25067726 0.019740567 0.27227038 0.24791841 -0.021426953 -0.039738324 0.16092634 -0.03812283 -0.30985257 -0.39018944 -0.34095284 -0.2080493 0.059424356 -0.0022243392 -0.017053584 -32767.0 -32767.0 -32767.0
0.150776 0.04634658 0.023822399 -0.010666482 0.060053274 0.11082167 0.12081647 0.12319249 0.07935993 0.036646713 0.054284777 0.051364563 0.023943461 0.004296095 0.0092320535 -0.06512373 -0.0974175 -0.146499 -32767.0 -32767.0 -32767.0 -32767.0 -32767.0 -32767.0 -32767.0 -32767.0 -32767.0 -32767.0 0.9552683 1.2273296 0.48079553 -0.084016025 0.22497387 0.32404563 0.22093807 0.31864488 0.42822725 0.32381418 0.069322124 -0.19557372 -0.015782757 0.41903824 0.37915987 0.07179659 -0.118433364 -0.29510346 -0.16475445 -0.12680696 -0.30178338 -0.28740904 -0.16741231 -32767.0 -0.11717446 -0.23006509 -0.16575636 -32767.0 -32767.0 -32767.0
0.1715955 0.12190863 0.11242852 0.053927805 0.07867513 0.092635415 0.041510638 0.03143179 0.024377367 0.0044928547 0.014728538 0.03563094 0.14013419 0.06787599 -0.08950821 -0.05745458 -0.052925937 -32767.0 -32767.0 -32767.0 -32767.0 -32767.0 -32767.0 -32767.0 -32767.0 -32767.0 -32767.0 -32767.0 1.0058007 0.99265915 0.21061105 0.023481503 0.069943294 0.4463468 0.35210493 0.34522802 0.39188212 0.15508689 0.09410583 0.28038546 0.35933304 0.17578126 -32767.0 -32767.0 -0.05168914 -0.11499226 -32767.0 -32767.0 -32767.0 -32767.0 -32767.0 -32767.0 -32767.0 -32767.0 -32767.0 -32767.0 -32767.0 -32767.0
0.18109441 0.17026529 0.093986474 0.036201067 0.050573044 -0.023056976 -0.037793428 -0.070404276 0.033625692 -0.02769903 -0.13957703 -0.04065223 0.014618812 -0.14316793 0.011068537 -0.12327465 -32767.0 -32767.0 -32767.0 -32767.0 -32767.0 -32767.0 -32767.0 -32767.0 -32767.0 -32767.0 -32767.0 0.6701279 0.8856146 0.5584862 0.12232903 0.14843704 0.23537958 0.3607509 0.38623008 0.32730323 0.20892294 -0.12554188 -0.08069516 0.16088618 0.020338248 -32767.0 -32767.0 -32767.0 -32767.0 -32767.0 -32767.0 -32767.0 -32767.0 -32767.0 -32767.0 -32767.0 -32767.0 -32767.0 -32767.0 -32767.0 -32767.0 -32767.0
0.09511119 0.06181018 0.041021124 -0.0016578222 -0.02182244 0.0101715205 -0.0586203 -0.11494858 -0.1866819 -0.28925934 -0.2198193 -0.16594279 -0.1224522 -0.14795849 -0.04663223 0.059464652 -32767.0 -32767.0 -32767.0 -32767.0 -32767.0 -32767.0 -32767.0 -32767.0 0.08545866 0.096510544 0.46594027 0.6757707 0.6398951 0.27982035 0.17670897 0.34566113 0.34507212 0.514646 0.39228392 0.06837043 0.06433406 -0.21263903 -0.014210701 -32767.0 -32767.0 -32767.0 -32767.0 -32767.0 -32767.0 -32767.0 -32767.0 -32767.0 -32767.0 -32767.0 -32767.0 -32767.0 -32767.0 -32767.0 -32767.0 -32767.0 -32767.0 -0.05590179
0.057246294 -0.007567484 -0.030160787 -0.00972747 0.028637074 0.024450134 -0.13588043 -0.26594582 -0.26358616 -0.24895509 -0.09946631 0.008817485 -0.042147532 -0.17138784 -0.069807485 0.0041487776 -32767.0 -32767.0 -32767.0 -32767.0 -0.012738943 0.06989471 0.19607934 0.08999047 0.14660297 0.5304872 0.47828224 0.54678047 0.31823543 0.22729486 0.19245163 0.33216098 0.49281546 0.46176353 0.1957614 -0.1395871 0.17070499 -0.0056067063 -32767.0 -32767.0 -32767.0 -32767.0 -32767.0 -32767.0 -32767.0 -32767.0 -32767.0 -32767.0 0.04249408 0.05104619 -32767.0 -32767.0 -32767.0 -32767.0 -32767.0 -32767.0 -32767.0 -0.087321855
0.12229153 0.042549156 -0.045214824 -0.025682399 0.003905862 0.005480481 -0.055299997 -0.11603727 -0.2314766 -0.19010422 -0.20557262 -0.18918459 -0.06301445 -0.38141823 -0.033270314 -32767.0 -0.007204909 -32767.0 0.071008384 -32767.0 0.08099355 -32767.0 0.30766982 0.3070594 0.3388601 0.3201613 0.5622287 0.11902611 0.014525326 0.18480825 0.35442755 0.36132762 0.413415 0.21384773 -0.07476683 -0.07270112 -32767.0 -32767.0 -32767.0 -32767.0 -32767.0 -32767.0 -32767.0 -32767.0 0.18538111 0.031467125 0.049469057 0.04682405 -0.084977694 0.029207971 0.019335773 0.09717271 -32767.0 -32767.0 -32767.0 -32767.0 -32767.0 -0.103820406
0.28693476 0.09923465 0.021015622 -0.070389405 -0.07386327 -0.023448035 -0.08275784 -0.13796449 -0.18768956 -0.2248891 -0.068330444 -0.1581742 -0.23174106 -0.071960516 -0.166559 -0.11001377 -0.0017210809 0.037042435 0.082821175 -0.026389232 0.017505597 0.15056364 0.3066389 0.35062605 0.2872615 0.4888212 0.51640725 -32767.0 0.15925458 0.38118267 0.2504901 0.22297673 0.05147201 -0.1389687 -32767.0 -32767.0 -32767.0 -32767.0 -32767.0 0.08506748 0.21263611 0.13551019 0.25197044 0.12037093 0.21897046 0.06324007 -32767.0 -32767.0 -0.0024904457 -0.16412634 -0.07279151 -32767.0 -32767.0 -32767.0 -32767.0 -32767.0 0.43834132 0.2833408
0.30063197 0.26977858 0.19611253 0.07586641 0.07448426 0.09137029 -0.014796316 -0.123745464 -0.1656095 -0.154542 -0.012744791 -0.12030944 -0.17759635 -0.19629316 -0.11307789 -0.03418772 -0.114187114 -0.075160265 -0.04246597 0.006844398 0.08641287 0.15871423 0.21102075 0.2775746 0.25687286 0.38888553 0.42837295 0.29766798 0.3422427 0.2034743 0.09449416 0.03774197 -0.055593997 -0.061645765 -0.030103665 -32767.0 0.058216967 0.13200787 -32767.0 0.041982744 0.11285446 -0.074254654 -32767.0 0.06740266 0.0106142005 -32767.0 -32767.0 -32767.0 -32767.0 -0.31492266 -0.18639664 -32767.0 -32767.0 -32767.0 -32767.0 0.4035108 0.7460371 0.37460583
