static/data/salinity/2023/7/2/0.asc
ncols 137
nrows 93
xllcorner 108.0
yllcorner 17.0
cellsize 0.25
NODATA_value -32767
[rows 27 to 53 of 93, columns 62 to 123 of 137]
29.54101 29.637102 29.627077 29.777477 30.781498 31.29764 32.113953 32.229954 32.61706 32.968777 32.87638 -32767.0 -32767.0 32.554382 32.387222 32.952316 33.149235 33.23967 33.20101 33.538082 33.695133 33.880836 34.010975 33.76103 -32767.0 -32767.0 -32767.0 -32767.0 -32767.0 -32767.0 -32767.0 -32767.0 -32767.0 31.844513 32.498837 32.854656 -32767.0 -32767.0 -32767.0 32.859596 32.84655 33.106422 32.96482 33.21124 33.427692 33.55006 33.616024 33.63965 33.432213 33.92608 34.206013 34.1249 34.088383 34.181442 34.18131 34.29003 34.406895 34.5008 34.454395 34.4356 34.440914 34.387806
29.219797 29.489603 29.437399 29.54649 29.944561 30.570093 31.35433 32.085316 32.53955 32.56859 32.664333 32.77497 32.883293 32.9787 33.040733 33.217476 33.092266 33.03604 33.12352 33.2981 33.809753 34.03594 -32767.0 33.76281 33.74831 -32767.0 -32767.0 27.203674 -32767.0 -32767.0 -32767.0 -32767.0 -32767.0 -32767.0 32.26343 32.26173 -32767.0 -32767.0 33.159824 33.230633 33.901886 34.074696 34.03868 33.809414 33.568752 33.568356 33.725952 33.659027 33.555088 34.0857 34.157608 34.11426 34.072548 34.138813 34.230366 34.242783 34.302578 34.39928 34.475708 34.436718 34.42307 34.367847
29.459574 29.923508 30.852972 30.940792 31.187487 31.333847 31.638151 32.098225 32.38716 32.565105 32.74389 32.92403 33.098305 33.151802 33.184162 33.198044 32.831524 32.912823 33.20441 33.205563 33.682735 -32767.0 33.93098 33.85975 33.88766 33.291744 31.94022 -32767.0 28.93838 -32767.0 -32767.0 -32767.0 -32767.0 -32767.0 33.19118 33.846577 33.89121 33.42483 33.6685 34.047256 34.218525 34.324375 34.349346 34.268204 34.030014 33.642048 33.738804 33.649883 33.69964 34.15635 34.086433 34.00738 34.012524 34.04584 34.255787 34.171234 34.305813 34.34217 34.353462 34.47452 34.379482 34.368156
30.396923 30.794746 31.954433 31.907717 31.893778 31.95667 32.207504 32.363865 32.611355 32.746815 32.83953 33.009613 33.133846 33.173023 33.117104 33.07249 32.87471 32.857307 32.96636 33.582172 33.50285 33.8895 34.03823 33.907997 33.95761 33.808422 33.191784 29.787191 29.13621 -32767.0 -32767.0 -32767.0 -32767.0 33.143467 33.97568 34.208843 34.216003 34.133057 34.253536 34.156544 34.1651 34.196777 34.29829 34.326412 34.232235 33.690254 33.715073 33.74688 34.083176 34.081936 33.940815 33.890934 33.89155 33.96263 34.26514 34.120975 34.130352 34.232086 34.37961 34.428104 34.423634 34.419224
30.84199 31.518707 31.933615 32.471455 32.903748 32.703674 32.71285 32.751556 32.83973 32.801037 32.830166 32.90652 33.02082 32.9697 32.81548 32.799835 32.6124 32.662407 33.235516 33.938282 33.988556 33.840298 33.88483 34.03124 33.876995 33.96356 33.478683 30.964478 30.510239 -32767.0 -32767.0 -32767.0 -32767.0 33.541092 34.26496 34.28178 34.13206 34.122242 34.076916 33.944298 34.03354 34.153122 34.215652 34.344784 34.4634 33.743176 33.72564 33.79021 34.038948 33.83054 33.842148 33.754684 33.763287 33.9175 34.263268 34.19576 34.123158 34.181633 34.241367 34.424618 34.52171 34.508343
28.522423 30.721931 31.85185 32.58684 33.037434 33.25777 32.984226 32.890938 32.73211 32.675163 32.673935 32.73131 32.91652 32.772476 32.419083 32.441788 32.335297 32.34177 32.91055 33.798466 34.03635 34.007298 33.958473 33.961884 33.957703 33.911804 33.936424 -32767.0 -32767.0 -32767.0 -32767.0 -32767.0 33.281513 34.072453 34.25702 34.16963 34.034157 34.064697 33.762436 33.956047 34.23086 34.22208 34.19784 34.300945 34.358574 34.3097 33.770317 33.834633 33.87729 33.906254 34.13319 33.705883 33.68401 34.180504 34.29325 34.25891 34.118122 34.149193 34.277584 34.405876 34.521736 34.440468
25.443317 27.604788 30.401997 31.35122 32.263 33.167076 32.963535 32.867317 32.568268 32.48196 32.463573 32.539116 32.83325 32.727127 32.370567 32.49445 32.62762 32.68022 32.882473 33.162422 33.657967 33.766808 33.81379 33.901466 33.867016 33.937088 33.8208 -32767.0 -32767.0 -32767.0 -32767.0 -32767.0 33.66491 33.910423 34.218388 34.17074 34.03174 34.03488 33.83333 34.126774 34.326046 34.271603 34.250103 34.339207 34.370075 34.44084 33.996674 33.814568 33.838585 33.87956 34.143944 33.69102 33.80862 34.321587 34.312164 34.308716 34.145084 34.106644 34.313087 34.47348 34.495773 34.39578
27.107899 27.959972 29.170206 30.81141 32.46663 32.95107 32.587414 32.55234 32.501385 32.333496 32.45747 32.624752 32.58009 32.40415 32.47273 32.512962 32.487644 33.145237 33.759293 33.90729 33.708668 33.57823 33.647953 33.811783 33.87738 33.957096 33.899754 33.269985 -32767.0 32.961636 -32767.0 -32767.0 33.652534 33.79863 34.16927 34.211998 34.01359 34.0046 33.952156 34.282784 34.253952 34.264053 34.307503 34.3601 34.367985 34.39867 34.47359 33.80347 33.807816 33.907963 34.110302 33.77135 34.228554 34.28632 34.24364 34.2971 34.223515 34.084488 34.391193 34.5188 34.45171 34.372265
31.25269 31.223637 31.67408 31.528385 32.051205 32.38748 32.684307 32.682682 32.382717 32.2245 32.25699 32.534855 32.642513 32.287357 32.4619 32.610424 32.455906 32.763348 33.31253 33.520195 33.50837 33.66484 33.633892 33.753895 33.9139 33.97969 33.8444 33.549812 33.606194 33.46682 -32767.0 33.279087 33.59595 33.609142 33.76752 33.90189 33.95439 34.007603 34.20782 34.19228 34.1716 34.223095 34.25774 34.350266 34.341976 34.406174 34.532578 33.982292 33.739742 33.934498 34.117268 33.955723 34.223835 34.22781 34.228886 34.310432 34.153786 34.111774 34.498074 34.516277 34.401833 34.40153
31.759323 31.86601 32.061584 32.284847 32.279488 32.43061 32.33846 32.167908 32.213917 32.283337 32.20567 32.33514 32.62851 32.71411 32.587227 32.460743 32.913517 33.303284 33.474987 33.52567 33.668953 33.717957 33.696667 33.715256 33.997738 33.963985 33.92239 33.9746 33.657677 -32767.0 33.91232 34.051712 34.04846 34.14171 34.04037 34.024517 33.944313 34.002174 34.11696 34.10625 34.109947 34.226536 34.234833 34.265316 34.308296 34.384598 34.48196 34.21834 33.709034 33.991993 34.17477 34.02809 34.154232 34.217308 34.261242 34.275192 34.041817 34.256416 34.563484 34.455597 34.385464 34.427143
32.39127 31.55569 31.041264 31.358887 32.437614 32.350384 32.10908 32.156757 32.082363 32.211452 32.481667 32.521168 32.714787 32.822643 32.41269 32.217102 32.624092 33.093204 33.38814 33.530567 33.608643 33.663776 33.771053 33.79882 33.872715 33.98558 34.145702 34.165325 34.216557 34.10238 34.240643 34.19875 34.17538 34.061768 33.95143 34.069664 33.94208 34.13681 34.134686 34.15906 34.2043 34.150124 34.15394 34.21125 34.240654 34.363842 34.453346 34.36459 33.708412 34.040855 34.153027 34.183678 34.20376 34.22039 34.18262 34.028603 34.206497 34.50708 34.551735 34.36873 34.389713 34.456093
32.928802 32.605507 31.842653 30.710546 32.135094 32.49958 32.317966 32.190407 31.9994 32.009666 32.669895 32.74813 32.661293 32.51786 31.879148 31.895996 32.147255 33.237366 33.56002 33.46371 33.78064 33.8898 33.886032 33.831394 33.744923 33.85966 33.953186 -32767.0 34.071777 34.08433 -32767.0 34.27012 34.14886 34.082592 34.000614 34.098293 34.016796 34.21507 34.176483 34.204063 34.22026 34.034573 34.12159 34.153522 34.216686 34.36027 34.461563 34.530884 33.782406 33.98894 34.052525 34.03785 33.98937 33.932068 33.99066 34.394165 34.609474 34.589558 34.42801 34.3053 34.37852 34.477734
33.28953 32.935246 32.976818 31.987215 32.173656 32.37191 32.09362 31.902987 31.826311 31.809593 32.215046 31.900112 31.637823 31.473892 31.22954 31.477615 32.483593 33.49278 33.23785 33.29262 33.698814 33.99872 34.013313 34.02359 33.955063 33.84365 33.76744 33.944954 -32767.0 34.101177 34.19305 33.99459 33.987694 34.006653 34.10769 34.151382 34.01346 34.171814 34.19818 34.171387 34.224075 34.21154 34.097763 34.184536 34.222786 34.252743 34.48946 34.54629 34.353985 33.897053 33.860786 33.95856 34.1805 34.46666 34.60852 34.568336 34.54085 34.51768 34.30225 34.299053 34.395218 34.499626
33.742493 33.715935 33.29966 32.933403 33.17251 33.205734 32.55558 31.918991 31.618336 31.548458 31.571014 31.592522 31.546339 31.318306 31.12865 31.379206 32.914738 33.450905 33.088596 32.896416 33.471096 34.03209 34.099552 34.124573 34.14603 34.04788 33.976723 33.81399 33.974533 33.925354 34.005894 34.190895 34.20334 34.20173 34.131153 34.042717 34.059612 34.205776 34.230934 34.225327 34.236477 34.2165 34.215744 34.13831 34.28118 34.299816 34.25335 34.44422 34.54433 34.534264 34.493866 34.509815 34.567696 34.57292 34.556988 34.53952 34.534294 34.33715 34.286667 34.37846 34.450756 34.534996
33.65067 33.7282 33.85098 33.60262 33.280083 33.45369 33.1068 32.64195 32.501934 32.303696 32.064228 31.973127 31.670906 31.360641 31.242962 31.583288 32.345818 32.949715 33.321194 32.994244 33.50355 34.20141 34.142662 34.170383 34.197735 34.23985 34.10974 34.07223 33.90823 33.965168 34.13617 34.13853 34.163315 34.181484 34.170525 34.188732 34.146152 34.219547 34.184402 34.193768 34.13872 34.089573 34.08872 34.150696 34.176632 34.374676 34.509304 34.467003 34.458363 34.533455 34.56481 34.55054 34.55667 34.522614 34.505424 34.520576 34.335674 34.30249 34.44572 34.485153 34.530674 34.595596
33.963478 33.65987 33.775368 33.81191 33.623398 33.412754 33.478905 33.45159 33.236115 32.908897 32.67032 32.25524 31.840029 31.99175 32.13339 32.523052 32.810944 33.00588 33.20972 33.653496 34.166225 34.221302 34.177597 34.204533 34.205795 34.220375 34.097683 34.126465 34.093555 34.150723 34.170094 34.200306 34.222134 34.23345 34.175026 34.233944 34.209457 34.20919 34.213432 34.124104 34.131817 34.103622 34.104313 34.109596 34.23928 34.1887 34.52539 34.58906 34.552597 34.53983 34.51571 34.48246 34.49169 34.520027 34.478374 34.32039 34.294224 34.493614 34.52688 34.55625 34.56523 34.602886
33.97674 33.90733 33.837208 33.760715 33.68355 33.512203 33.54046 33.418427 32.947437 32.715115 32.5798 32.4952 32.41086 32.646763 32.82852 33.169662 33.734238 34.122765 34.207603 34.18513 34.13302 34.31841 34.274128 34.179028 34.181053 34.224552 34.217762 34.177856 34.172157 34.17063 34.21305 34.195244 34.170338 34.184093 34.19471 34.207268 34.157803 34.194088 34.196335 34.144764 34.091457 34.067707 34.086777 34.10313 34.175476 34.234623 34.316326 34.50375 34.572083 34.60091 34.579163 34.52272 34.356346 34.319397 34.281322 34.273952 34.53879 34.576893 34.59062 34.57807 34.556366 34.585735
33.947403 33.82335 33.85013 33.76093 33.71238 33.693058 33.51092 33.007652 33.18133 33.287888 33.283573 33.35913 33.246555 33.200207 33.63997 34.171764 34.246574 34.217415 34.207153 34.190563 34.336674 34.293373 34.243237 34.146748 34.19789 34.191196 34.22778 34.222298 34.211174 34.208515 34.170574 34.162937 34.109047 34.15123 34.210617 34.228977 34.220207 34.19099 34.164562 34.07684 34.033516 34.075092 34.108215 34.13982 34.200737 34.323032 34.26404 34.441307 34.512383 34.585022 34.53403 34.354206 34.257465 34.249058 34.251934 34.54569 34.61503 34.589207 34.59556 34.520275 34.50989 34.544098
33.88704 33.799583 33.78849 33.81133 33.789215 33.77615 33.503025 33.33161 33.49442 33.46399 33.70122 33.778885 33.77968 33.901485 34.230247 34.26076 34.221916 34.21384 34.236412 34.399822 34.339306 34.194427 34.174164 34.20993 34.215427 34.18741 34.210552 34.172863 34.087563 34.114323 34.1242 34.097298 34.087936 34.118137 34.13119 34.158165 34.12472 34.064083 34.04711 34.106766 34.228966 34.27963 34.19509 34.20281 34.279903 34.360252 34.31876 34.502563 34.395786 34.222828 34.206516 34.203312 34.20411 34.259995 34.543137 34.58996 34.6543 34.575886 34.572887 34.52902 34.604534 34.623264
33.87915 33.78176 33.749504 33.818314 33.840366 33.79469 33.76049 33.77839 33.783115 33.73777 33.816223 33.812794 34.085045 34.233227 34.299496 34.215626 34.25045 34.358463 34.415756 34.284466 34.16837 34.14081 34.169304 34.204483 34.184635 34.17666 34.2021 34.095154 34.07405 34.061974 34.044315 34.04854 34.070858 34.13438 34.26773 34.195274 34.127518 34.197052 34.345085 34.39746 34.398407 34.395817 34.263237 34.236767 34.372124 34.336292 34.44864 34.296528 34.221348 34.180405 34.18258 34.20532 34.381577 34.56749 34.600174 34.601322 34.637894 34.562675 34.56444 34.51273 34.54707 34.567623
33.9402 33.756092 33.739525 33.836517 33.85453 33.96097 33.997505 34.02514 34.011105 33.921345 33.87154 34.056774 34.16818 34.23308 34.286976 34.241302 34.405983 34.41132 34.32733 34.215794 34.15041 34.154602 34.134007 -32767.0 34.29466 34.19036 34.202705 34.143894 34.084038 34.098484 34.141052 34.210354 34.304935 34.363792 34.190388 34.20175 34.417477 34.434303 34.361034 34.317738 34.321095 34.37294 34.35232 34.30895 34.418915 34.367462 34.30536 34.309628 34.3463 34.40501 34.469437 34.513554 34.60091 34.590664 34.585873 34.59949 34.61329 34.546772 34.563324 34.503147 34.489357 34.527046
33.923286 33.80435 33.76341 33.806915 33.860954 33.874374 33.890915 33.99717 34.046196 33.98649 33.946426 34.161327 34.056232 34.131054 34.298203 34.262188 34.433933 34.3681 34.263416 34.184914 34.095905 34.153885 34.121075 34.363758 34.249863 34.160618 34.110977 34.169422 34.282772 34.368793 34.420208 34.479797 34.41517 34.199955 34.36056 34.471718 34.408997 34.341442 34.314598 34.33918 34.340553 34.370415 34.39021 34.41015 34.378384 34.341747 34.34437 34.458073 34.443443 34.483795 34.56797 34.602318 34.60444 34.587452 34.59803 34.564606 34.626747 34.52541 34.497986 34.46443 34.466534 34.460228
34.09229 34.005123 33.9943 33.855015 33.85016 33.86705 33.836708 33.966595 34.037968 34.009174 34.00462 34.088715 34.084484 34.20153 34.3106 34.280403 34.403267 34.341526 34.211422 34.18671 34.075172 34.129566 -32767.0 34.219055 34.203487 34.132584 34.260567 34.352833 34.3761 34.39658 34.42548 34.306458 34.33337 34.52931 34.48148 34.422897 34.34355 34.321346 34.348907 34.3602 34.352978 34.40601 34.432407 34.400745 34.34208 34.33258 34.576775 34.568607 34.57203 34.563053 34.583935 34.620438 34.6242 34.623886 34.588753 34.537186 34.620975 34.55678 34.600826 34.604343 34.60173 34.595345
34.044586 34.05703 33.953342 33.95923 33.900288 33.901108 33.823982 33.971447 34.04959 34.0153 34.03456 34.158684 34.28193 34.27656 34.284084 34.266926 34.40175 34.270855 34.10524 34.090294 34.124386 34.136757 34.22802 34.1647 34.14801 34.24861 34.3032 34.34449 34.353657 34.33149 34.31075 34.576954 34.564056 34.50552 34.466225 34.33847 34.220654 34.311974 34.35202 34.372623 34.392 34.435802 34.410824 34.358418 34.295773 34.542942 34.473984 34.5321 34.611115 34.625023 34.611217 34.59301 34.570004 34.54692 34.511456 34.475792 34.611313 34.57488 34.542812 34.52744 34.566463 34.611103
34.070347 33.992188 33.875107 33.911 33.89394 33.83603 33.90439 34.006855 34.048775 34.058506 34.219425 34.32136 34.256264 34.334316 34.30772 34.264675 34.44426 34.3431 34.17628 34.14678 34.157246 34.26294 34.20413 34.18674 34.186653 34.243233 34.35839 34.32009 34.287025 34.5369 34.63716 34.608757 34.54691 34.503384 34.419525 34.2122 34.123287 34.279152 34.31892 34.39528 34.4077 34.402817 34.3509 34.29196 34.399643 34.5249 34.607533 34.643627 34.63575 34.638577 34.652233 34.6485 34.598457 34.5502 34.58368 34.576714 34.625095 34.60981 34.603825 34.61885 34.59728 34.59425
34.261635 34.143726 33.91013 33.847054 33.767193 33.78141 33.85088 33.975254 34.134373 34.31713 34.29802 34.24037 34.341885 34.339577 34.2787 34.440228 34.46417 34.42371 34.34836 34.234764 34.221172 34.21589 34.21875 34.16312 34.21347 34.27983 34.400246 34.305374 34.562267 34.601215 34.63173 34.63016 34.549786 34.506737 34.407528 34.223618 34.145332 34.21351 34.28427 34.314445 34.333996 34.317554 34.272835 34.258335 34.52622 34.57982 34.624702 34.632195 34.641266 34.640083 34.649662 34.657284 34.639103 34.636395 34.599293 34.635696 34.63519 34.661526 34.589508 34.582306 34.54359 34.527145
34.089256 34.207676 34.23281 34.231895 34.217697 34.20639 34.267887 34.26484 34.266666 34.34171 34.232693 34.290554 34.347897 34.48251 34.493958 34.42481 34.399548 34.4082 34.35537 -32767.0 34.255394 34.21799 34.201344 34.182747 34.21609 34.355877 34.38772 34.376278 34.598614 34.565166 34.621754 34.64466 34.569225 34.507957 34.449688 34.333008 34.199497 34.21724 34.223602 34.217957 34.26882 34.248795 34.20559 34.303276 34.57575 34.61541 34.638893 34.64403 34.65358 34.646164 34.628986 34.639317 34.66452 34.651867 34.6556 34.621284 34.64152 34.611774 34.614086 34.58297 34.553593 34.575306
