static/data/salinity/2023/7/2/18.asc
ncols 137
nrows 93
xllcorner 108.0
yllcorner 17.0
cellsize 0.25
NODATA_value -32767
[rows 0 to 26 of 93, columns 61 to 121 of 137]
-32767.0 -32767.0 -32767.0 -32767.0 -32767.0 -32767.0 -32767.0 -32767.0 -32767.0 -32767.0 -32767.0 -32767.0 -32767.0 -32767.0 -32767.0 -32767.0 -32767.0 -32767.0 -32767.0 32.61214 32.83282 33.05528 33.406178 33.44372 33.72317 33.772926 33.745884 33.89113 33.955746 33.976513 33.902954 33.949173 33.999844 33.886654 33.667248 33.730434 33.757114 33.788456 33.8768 33.882263 33.901722 33.943264 33.867916 33.788124 33.649845 33.501244 33.50608 33.672592 33.71433 33.608032 33.52592 33.521492 33.569824 33.64496 33.8642 33.95869 33.964043 33.98785 33.98638 34.085594 33.946026
30.164051 30.104666 30.05103 29.979603 29.87135 29.736673 29.073599 -32767.0 -32767.0 -32767.0 -32767.0 -32767.0 -32767.0 -32767.0 -32767.0 -32767.0 -32767.0 -32767.0 32.53942 32.52309 32.942635 33.49422 33.58909 33.718758 33.740444 33.669975 33.77458 33.97302 33.96025 33.773632 33.57956 33.725132 33.91889 33.790413 33.87243 33.789536 33.48002 33.499893 33.567303 33.55795 33.879017 33.892254 33.864048 33.71717 33.619106 33.770493 33.978027 34.090378 34.072777 34.0662 33.95492 33.86127 33.83382 33.933956 33.956814 33.97746 33.9352 33.992626 33.9919 33.98568 34.060722
30.15375 30.113293 30.09257 30.055012 29.884571 29.622738 29.189949 28.785412 28.152813 -32767.0 -32767.0 -32767.0 -32767.0 -32767.0 -32767.0 -32767.0 -32767.0 -32767.0 32.67846 32.604275 33.183628 33.43889 33.68273 33.719242 33.601315 33.293514 33.120335 33.32237 33.23063 32.921276 33.052303 33.517624 33.915447 33.860527 33.982212 33.704758 33.439545 33.650417 34.02137 33.842422 33.627945 33.716656 33.940617 33.91443 33.876675 34.038143 34.027054 34.083214 34.058598 34.06429 34.0725 34.029404 34.013065 33.99125 33.968117 33.946514 34.054962 34.02966 33.986393 34.052547 34.06422
30.234903 30.475754 30.377085 30.36955 30.237968 29.913778 29.572632 28.970446 28.219288 -32767.0 -32767.0 -32767.0 -32767.0 -32767.0 -32767.0 -32767.0 -32767.0 32.44051 32.81348 32.867447 33.390182 33.323994 33.349648 33.294453 32.795795 32.882576 32.864628 32.85729 32.743683 32.661068 32.71781 32.89677 33.74813 33.92227 33.98951 33.93642 33.617382 33.685684 34.12985 33.976135 33.714523 33.71766 33.972027 33.859856 33.98677 34.043186 34.110718 34.16624 34.15938 34.110065 34.166782 34.021294 34.112022 34.112984 34.02785 34.03186 34.074036 34.04984 34.064495 34.135185 34.147484
30.289326 30.38364 30.384354 30.320818 30.333025 30.16033 29.885168 29.148981 -32767.0 -32767.0 -32767.0 -32767.0 -32767.0 -32767.0 -32767.0 -32767.0 -32767.0 -32767.0 -32767.0 32.84954 33.030468 33.244354 32.89546 33.14437 33.020847 33.15188 33.888584 33.98802 33.98813 33.361694 32.858402 32.841305 32.886642 33.497074 33.724842 33.475727 33.64883 34.165615 34.12438 34.041122 33.81978 33.77131 33.959206 33.97565 34.091713 34.107788 34.220192 34.269966 34.28839 34.24677 34.160538 34.09969 34.109177 34.10933 34.142796 34.010414 34.03054 34.096905 34.10408 34.11818 34.127712
29.98151 29.913567 29.988482 30.178913 30.302006 29.835182 29.426601 28.900093 -32767.0 -32767.0 -32767.0 -32767.0 -32767.0 -32767.0 -32767.0 -32767.0 -32767.0 -32767.0 -32767.0 -32767.0 33.15808 33.20933 32.961655 33.25101 33.05561 33.44737 33.690266 33.694893 33.910072 33.74451 33.600758 33.454384 32.951004 33.318645 33.361385 34.069828 34.112614 34.137486 34.1613 34.061844 33.95913 33.935528 34.018806 34.155067 34.131535 34.105316 34.202007 34.27694 34.339478 34.336323 34.194412 34.093426 34.10123 34.07119 34.14635 34.11395 33.99497 34.0143 34.063667 33.853664 33.780907
29.37948 29.484566 29.585867 29.748878 30.08043 29.90124 28.500904 28.969692 -32767.0 -32767.0 -32767.0 -32767.0 -32767.0 -32767.0 -32767.0 -32767.0 -32767.0 -32767.0 -32767.0 -32767.0 -32767.0 33.209846 33.096466 33.284107 33.160168 33.01061 33.581017 33.247005 33.79492 33.994015 33.94746 33.583267 33.070293 33.202072 34.057037 34.136696 34.075806 34.181744 34.152225 34.086117 34.004684 34.088932 34.302868 34.243626 34.233566 34.1834 34.181454 34.274384 34.352806 34.339993 34.282692 34.082226 34.045574 34.067158 34.119576 34.20163 33.917908 33.9286 33.86728 33.747807 33.81128
29.113836 29.644697 29.650229 29.792747 30.001703 29.602423 28.100138 -32767.0 -32767.0 -32767.0 -32767.0 -32767.0 -32767.0 -32767.0 -32767.0 -32767.0 -32767.0 -32767.0 -32767.0 -32767.0 -32767.0 -32767.0 33.073544 33.12819 33.29529 33.17285 32.97218 33.46516 33.350735 33.988018 33.824127 33.421463 33.049023 33.931625 34.04372 34.034626 34.071136 34.13832 34.20919 34.14022 34.116753 34.1396 34.16959 34.205627 34.211384 34.217964 34.239025 34.309967 34.3557 34.42374 34.328613 34.186546 34.14744 34.146072 34.164925 34.252403 34.28374 33.860405 33.792374 33.81878 33.894207
28.915327 29.323774 29.438652 29.540855 29.677746 28.57291 -32767.0 25.776846 -32767.0 -32767.0 -32767.0 -32767.0 -32767.0 -32767.0 -32767.0 -32767.0 -32767.0 -32767.0 -32767.0 -32767.0 -32767.0 -32767.0 33.059307 33.09765 33.27771 33.223 33.07279 33.56582 33.167072 33.69592 33.73603 33.16062 33.37362 33.943806 34.09385 34.08034 34.14086 34.204075 34.14944 34.20652 34.19077 34.212273 34.213528 34.219868 34.275154 34.366833 34.39331 34.348335 34.415836 34.435093 34.401287 34.243706 34.27529 34.25816 34.104084 34.107002 34.090267 34.03123 33.754894 34.030712 -32767.0
28.772936 28.886324 28.828352 29.183767 29.600594 29.461065 28.166737 25.787472 24.119295 23.23982 21.977163 20.849558 17.130241 -32767.0 -32767.0 -32767.0 -32767.0 -32767.0 -32767.0 -32767.0 -32767.0 -32767.0 -32767.0 33.02796 33.133553 33.23606 32.95333 33.17287 33.12439 33.24097 33.42301 33.41024 33.88121 34.037846 33.98328 33.946686 34.04054 34.122257 34.15324 34.1721 34.21563 34.29714 34.289734 34.444088 34.460888 34.402706 34.367928 34.441196 34.439 34.46859 34.341232 34.19963 34.108376 34.15351 34.162514 34.054897 34.109917 34.144985 34.155106 33.8894 33.7517
28.623514 28.880926 29.351692 29.86258 30.181084 30.216763 29.962774 29.727713 28.19433 27.292952 25.341091 24.41762 20.789143 -32767.0 -32767.0 -32767.0 -32767.0 -32767.0 -32767.0 -32767.0 -32767.0 -32767.0 -32767.0 -32767.0 33.065086 33.12717 33.21707 32.764183 33.509727 33.405052 33.859856 33.84632 34.060837 34.188915 33.938732 33.791725 33.928684 33.914497 33.7779 33.776245 33.891907 34.280285 34.366817 34.46121 34.46424 34.427166 34.387592 34.457478 34.365612 34.15573 34.11518 34.01504 34.0022 34.085136 33.86283 33.87553 -32767.0 34.060226 33.83953 33.801937 33.47198
29.017015 28.953867 29.373032 30.178185 30.516068 30.527475 30.49423 30.340847 29.364466 28.788136 28.142744 28.357325 24.357763 20.77427 17.858273 -32767.0 -32767.0 -32767.0 -32767.0 -32767.0 -32767.0 -32767.0 -32767.0 -32767.0 -32767.0 33.134476 32.96017 32.946777 32.873955 33.068466 33.780167 34.02035 34.099 34.15904 33.978306 33.81718 33.775578 33.837856 33.924232 33.918346 33.698177 34.004486 34.357338 34.421932 34.46994 34.441353 34.436886 34.465675 34.311646 34.212635 34.10931 34.018333 34.038822 34.05156 -32767.0 -32767.0 33.72299 34.080395 33.885483 33.22043 31.930162
29.305473 29.23475 29.332737 30.016497 29.962503 30.410456 30.602926 30.462692 29.39024 29.585943 29.201916 28.765203 25.486948 -32767.0 17.83411 -32767.0 -32767.0 -32767.0 -32767.0 -32767.0 -32767.0 -32767.0 -32767.0 -32767.0 -32767.0 32.863323 32.48535 32.86779 33.34568 33.182606 33.191315 33.70654 34.04908 34.156143 34.16733 34.115456 34.035896 34.017902 33.99212 33.888123 33.745434 33.910946 34.339485 34.378544 34.35631 34.430912 34.456936 34.427402 34.304417 33.982063 33.92751 34.12212 33.977768 33.803467 -32767.0 33.607525 33.806187 33.5605 -32767.0 -32767.0 -32767.0
29.368227 29.448397 29.481113 30.099726 30.914574 30.945885 30.981693 30.733816 30.179258 30.24047 29.872353 28.598627 -32767.0 -32767.0 -32767.0 -32767.0 -32767.0 -32767.0 -32767.0 -32767.0 -32767.0 -32767.0 -32767.0 -32767.0 -32767.0 32.833263 32.1858 32.423267 33.625122 33.563683 33.409786 33.58309 33.673103 33.71669 33.7648 33.802673 33.8058 33.8763 33.92377 33.800632 33.803417 33.826828 33.981693 34.022434 34.1818 34.28234 34.37773 34.360435 34.19573 34.07473 34.057903 34.064194 34.02109 33.827614 33.378628 -32767.0 33.4363 -32767.0 -32767.0 -32767.0 -32767.0
29.406029 30.020487 30.522348 30.852976 31.167725 31.177868 31.234274 31.030695 30.828001 30.223036 30.106443 29.191954 29.052277 -32767.0 -32767.0 -32767.0 -32767.0 -32767.0 -32767.0 -32767.0 -32767.0 -32767.0 -32767.0 -32767.0 -32767.0 32.823093 32.138924 31.897617 33.73358 33.699554 33.71666 33.754776 33.934616 34.047253 33.85869 33.762123 33.726265 33.71768 33.780273 33.670174 33.734745 33.751957 33.857864 33.952038 34.237392 34.31533 34.331104 34.34115 34.281097 34.250782 34.051014 34.0434 33.645035 33.26597 -32767.0 -32767.0 -32767.0 -32767.0 -32767.0 -32767.0 -32767.0
29.442272 29.92791 30.330688 30.391758 30.450682 30.878027 31.404055 31.320621 30.848242 30.70881 30.50601 29.333527 28.987066 28.480267 -32767.0 -32767.0 -32767.0 -32767.0 -32767.0 -32767.0 -32767.0 -32767.0 -32767.0 -32767.0 -32767.0 32.548412 32.1228 31.827478 32.783257 33.537975 33.775997 33.763615 33.749992 33.999573 33.963 33.851112 33.818462 33.74367 33.629944 33.732002 -32767.0 34.091873 33.916958 34.13628 34.295315 34.227413 34.32197 34.324978 34.208168 33.982643 34.059757 33.698776 -32767.0 -32767.0 -32767.0 -32767.0 -32767.0 -32767.0 -32767.0 -32767.0 -32767.0
29.708776 30.007751 30.296354 30.434994 30.617893 31.35916 31.77855 31.608839 31.269243 30.674597 30.587576 29.876253 28.988022 26.856102 -32767.0 -32767.0 -32767.0 -32767.0 -32767.0 -32767.0 -32767.0 -32767.0 -32767.0 -32767.0 -32767.0 -32767.0 31.694542 31.976334 31.971731 33.15896 33.85528 33.80374 33.80207 33.84 33.752216 33.730118 33.655964 33.744186 33.720562 33.89463 34.099827 34.093983 34.046295 34.212852 34.1863 34.0945 34.087357 34.122 34.090214 33.992805 33.982254 33.455055 -32767.0 -32767.0 -32767.0 -32767.0 -32767.0 -32767.0 -32767.0 -32767.0 -32767.0
30.104576 30.573307 30.943989 30.854015 31.045849 31.424316 31.809559 32.0977 32.11628 31.863916 30.491295 29.865072 28.512798 25.194468 25.117601 -32767.0 -32767.0 -32767.0 -32767.0 -32767.0 -32767.0 -32767.0 -32767.0 -32767.0 -32767.0 32.444153 31.421082 32.167107 32.262386 32.876183 33.586536 33.720657 33.838314 33.877052 33.78704 33.686356 33.638218 33.63455 33.622746 33.696922 33.726814 33.75074 33.770023 33.968796 33.937122 33.86158 33.73085 33.802883 -32767.0 33.577526 33.084187 32.417015 -32767.0 -32767.0 -32767.0 -32767.0 -32767.0 -32767.0 -32767.0 -32767.0 -32767.0
31.081738 31.314457 31.577536 31.53689 31.465796 31.450375 31.907423 32.17389 32.285545 31.899593 30.46859 29.382492 25.779024 25.167955 -32767.0 -32767.0 -32767.0 -32767.0 -32767.0 -32767.0 -32767.0 -32767.0 -32767.0 -32767.0 -32767.0 32.01719 31.401167 31.48198 32.941788 32.98556 33.192272 33.6078 33.69434 33.70543 33.83862 33.72769 33.66699 33.636604 33.640404 -32767.0 -32767.0 33.728985 33.686295 -32767.0 -32767.0 -32767.0 -32767.0 -32767.0 -32767.0 -32767.0 -32767.0 -32767.0 -32767.0 -32767.0 -32767.0 -32767.0 -32767.0 -32767.0 -32767.0 -32767.0 -32767.0
30.761023 31.399914 31.831898 31.821198 31.727749 32.030445 32.092384 32.092163 32.087486 31.48743 30.054697 27.559412 23.891678 -32767.0 -32767.0 -32767.0 -32767.0 -32767.0 -32767.0 -32767.0 -32767.0 -32767.0 -32767.0 -32767.0 32.78754 31.094833 32.075104 31.468025 32.809517 33.498043 33.237877 33.231846 33.361008 33.543766 33.648247 33.506165 33.476048 33.519848 -32767.0 -32767.0 -32767.0 -32767.0 -32767.0 -32767.0 -32767.0 -32767.0 -32767.0 -32767.0 -32767.0 -32767.0 -32767.0 -32767.0 -32767.0 -32767.0 -32767.0 -32767.0 -32767.0 -32767.0 -32767.0 -32767.0 -32767.0
30.508331 31.181967 31.627897 31.54152 31.463245 31.74431 32.004097 32.03284 32.069347 31.766567 30.41007 28.94955 22.33722 -32767.0 -32767.0 -32767.0 -32767.0 -32767.0 -32767.0 -32767.0 -32767.0 31.434439 31.015558 31.394646 31.054977 32.218544 32.21791 31.576534 32.146893 32.774673 32.93027 32.920452 33.12617 33.277706 33.44609 33.234898 -32767.0 -32767.0 -32767.0 -32767.0 -32767.0 -32767.0 -32767.0 -32767.0 -32767.0 -32767.0 -32767.0 -32767.0 -32767.0 -32767.0 -32767.0 -32767.0 -32767.0 -32767.0 30.160378 -32767.0 -32767.0 -32767.0 -32767.0 -32767.0 -32767.0
30.258406 30.46016 30.790085 30.929712 31.248495 31.557236 32.027554 32.103756 31.922602 32.064316 30.958427 29.544685 28.622086 -32767.0 -32767.0 -32767.0 -32767.0 28.88492 30.949461 30.730343 30.88429 30.96475 31.3005 31.06128 32.410816 32.29952 31.763678 32.71014 32.96168 32.61656 32.417557 32.69939 33.288906 33.36168 33.12079 -32767.0 -32767.0 -32767.0 -32767.0 -32767.0 -32767.0 -32767.0 -32767.0 -32767.0 -32767.0 30.243074 30.046394 -32767.0 -32767.0 -32767.0 -32767.0 -32767.0 -32767.0 -32767.0 29.944578 -32767.0 -32767.0 -32767.0 -32767.0 -32767.0 33.726967
30.12835 30.545439 30.970308 31.33823 31.60014 31.658688 31.887997 31.82718 31.854355 31.7545 31.304281 29.49784 -32767.0 29.190918 -32767.0 30.532862 -32767.0 30.126766 -32767.0 31.144335 31.14539 31.182415 31.1399 32.110294 32.631306 32.29081 32.423622 32.381943 32.364216 32.50129 32.775276 33.063427 32.922615 -32767.0 -32767.0 -32767.0 -32767.0 -32767.0 -32767.0 -32767.0 -32767.0 31.505749 31.337149 31.144701 30.960127 30.744339 30.865751 29.880072 30.358116 -32767.0 -32767.0 -32767.0 -32767.0 -32767.0 30.276598 30.953829 32.935413 33.54356 33.849598 33.958168 33.65855
30.322174 30.419062 30.7583 30.967247 31.042614 31.372355 31.672867 31.532902 31.70309 31.420773 31.280579 30.132671 29.943178 30.362074 30.287897 30.491184 30.511759 30.469687 30.351963 30.794624 31.005186 30.998182 32.070866 33.034626 -32767.0 32.167133 32.421543 32.841114 33.08939 32.878464 33.311028 -32767.0 -32767.0 -32767.0 -32767.0 -32767.0 30.16345 30.542244 31.816683 31.521538 31.373566 31.32022 31.153606 -32767.0 -32767.0 30.760279 31.324558 31.3143 -32767.0 -32767.0 -32767.0 -32767.0 -32767.0 33.88326 34.07915 34.172733 34.195972 34.15785 34.219563 34.18808 34.185654
30.716234 30.648222 30.625353 30.576015 30.701487 30.872524 31.24977 31.639164 32.032505 31.915745 32.037273 31.35248 30.785475 31.051622 31.44966 31.608604 31.476381 31.734118 30.544008 31.681934 31.635866 32.069366 32.764538 32.85258 33.005028 33.22525 33.39934 33.402657 33.24381 33.378105 32.77982 31.868708 -32767.0 31.271444 31.157871 -32767.0 30.523321 31.93025 31.498947 -32767.0 30.771626 30.893566 -32767.0 -32767.0 -32767.0 -32767.0 31.248219 32.608307 -32767.0 -32767.0 -32767.0 -32767.0 34.18553 34.08588 34.14188 34.193455 34.26889 34.353584 34.415375 34.46008 34.374912
29.727238 29.925617 30.392628 30.168976 30.34488 30.66202 31.076532 31.167538 31.346964 31.663342 31.903267 31.8772 32.074013 32.08775 32.098507 32.374256 32.205776 31.91629 31.55281 31.916473 32.345352 32.520077 32.95903 32.993507 33.286903 33.578495 -32767.0 33.51805 33.239697 -32767.0 -32767.0 32.276306 31.799456 31.756828 31.614603 31.373388 32.443012 32.395237 -32767.0 -32767.0 -32767.0 -32767.0 -32767.0 -32767.0 -32767.0 -32767.0 31.822966 32.63755 32.94187 -32767.0 -32767.0 34.396297 34.133183 34.13825 34.19631 34.20699 34.308792 34.464615 34.52055 34.49109 34.52353
30.235588 30.143307 30.276983 29.936493 30.394035 30.646358 30.703657 30.982265 31.722754 32.248573 32.605083 32.786854 32.79227 -32767.0 -32767.0 32.178337 32.86052 32.91319 32.80978 31.973965 31.998016 33.075886 33.245583 33.487244 33.70508 33.751923 33.471478 33.02133 -32767.0 -32767.0 -32767.0 -32767.0 -32767.0 -32767.0 31.606567 32.354343 32.994514 -32767.0 -32767.0 -32767.0 -32767.0 -32767.0 32.72132 -32767.0 33.00103 32.588646 33.588047 33.55826 33.519154 33.398865 -32767.0 34.28566 34.114937 34.129528 34.237106 34.2315 34.340622 34.474422 34.50523 34.477547 34.488674
