static/data/salinity/2023/7/2/6.asc
ncols 137
nrows 93
xllcorner 108.0
yllcorner 17.0
cellsize 0.25
NODATA_value -32767
[rows 27 to 53 of 93, columns 61 to 121 of 137]
29.849848 29.545631 29.691872 29.64231 29.812778 30.781862 31.224876 32.019703 32.221497 32.554535 32.945564 32.8947 -32767.0 -32767.0 32.498413 32.3257 32.93034 33.13697 33.25101 33.214943 33.48118 33.671642 33.865013 34.016354 33.759342 -32767.0 -32767.0 -32767.0 -32767.0 -32767.0 -32767.0 -32767.0 -32767.0 -32767.0 31.885809 32.63878 32.87635 -32767.0 -32767.0 -32767.0 32.949593 33.112408 33.232212 33.044777 33.19168 33.421875 33.53056 33.608574 33.627415 33.34902 33.95329 34.184364 34.122513 34.108227 34.219933 34.20699 34.305473 34.405483 34.49508 34.45269 34.4439
29.946661 29.208591 29.453959 29.44158 29.481392 29.875217 30.475391 31.305372 32.0317 32.524006 32.57585 32.68223 32.756565 32.873417 32.956726 33.001602 33.193314 33.08708 33.011124 33.11456 33.26651 33.794556 33.997925 -32767.0 33.764507 33.694973 -32767.0 -32767.0 27.188244 -32767.0 -32767.0 -32767.0 -32767.0 -32767.0 -32767.0 32.33037 32.282005 -32767.0 -32767.0 33.147774 33.32394 33.977493 34.1581 34.056686 33.815002 33.57874 33.542706 33.719345 33.649483 33.465492 34.077026 34.15133 34.110508 34.077885 34.187798 34.21095 34.29691 34.33113 34.412373 34.475227 34.441566
30.22327 29.500248 29.827883 30.972357 31.185354 31.257368 31.364117 31.533236 32.043663 32.367317 32.565407 32.73388 32.912064 33.088173 33.136806 33.17261 33.19618 32.838947 32.905228 33.189613 33.16252 33.68229 -32767.0 33.910458 33.846027 33.895996 33.03207 31.949509 -32767.0 28.824657 -32767.0 -32767.0 -32767.0 -32767.0 -32767.0 33.24771 33.9499 33.885403 33.46694 33.665527 34.01684 34.211926 34.294643 34.313015 34.29337 34.081017 33.62232 33.735992 33.630623 33.624382 34.16386 34.07301 34.01208 34.015423 34.099968 34.21687 34.15642 34.290043 34.364895 34.36364 34.46109
30.664309 30.47465 30.782763 31.893578 31.918287 31.959309 32.056793 32.305935 32.37852 32.573605 32.70296 32.799534 32.964077 33.09961 33.140434 33.04635 33.05128 32.873604 32.817787 32.9601 33.52997 33.458126 33.95256 34.03028 33.90528 33.965088 33.600628 33.07729 29.732885 29.171804 -32767.0 -32767.0 -32767.0 -32767.0 33.185635 33.996582 34.205883 34.180473 34.018215 34.219738 34.13404 34.137123 34.1482 34.2498 34.33493 34.33607 33.68602 33.71063 33.68471 34.01491 34.08764 33.944656 33.898254 33.909954 34.004917 34.24012 34.13997 34.147366 34.206356 34.372383 34.429832
31.0003 30.592857 31.473576 31.871511 32.405254 32.920914 32.76258 32.75533 32.79388 32.83362 32.742283 32.737988 32.80446 32.91837 32.93124 32.77075 32.763912 32.565117 32.599106 33.155937 33.904507 33.93859 33.801426 33.90119 34.00033 33.882957 33.920296 33.4339 30.953577 30.489246 -32767.0 -32767.0 -32767.0 -32767.0 33.64617 34.276493 34.27711 34.14243 34.129684 34.007896 33.825935 33.962097 34.07835 34.145695 34.294785 34.416523 33.789505 33.710205 33.786373 34.071316 33.837776 33.83643 33.773003 33.784695 34.003708 34.244946 34.198692 34.12305 34.17963 34.25731 34.37208
26.447975 27.898302 30.213436 31.557205 32.433304 32.91669 33.298824 33.047306 32.937096 32.707138 32.63767 32.61272 32.684296 32.884197 32.735046 32.369125 32.40882 32.345394 32.303303 32.864494 33.79478 34.02832 33.998043 33.933823 33.948017 33.953968 33.911854 33.92127 -32767.0 -32767.0 -32767.0 -32767.0 -32767.0 33.279423 34.08763 34.26148 34.149155 34.033012 34.069874 33.792274 33.914864 34.135654 34.29703 34.194054 34.242424 34.33459 34.349834 33.766815 33.765003 33.910877 33.902245 34.10602 33.694424 33.71596 34.2837 34.299053 34.232296 34.096283 34.14308 34.290752 34.404438
24.777771 25.568163 27.54132 30.120935 31.135078 32.233845 33.1709 32.935658 32.911407 32.631207 32.49448 32.476643 32.533627 32.820744 32.72899 32.361862 32.45019 32.5748 32.685223 32.88123 33.118687 33.60077 33.74107 33.79779 33.892513 33.87001 33.926685 33.815502 -32767.0 -32767.0 -32767.0 -32767.0 -32767.0 33.64405 33.866974 34.212097 34.19039 34.040813 34.069702 33.928394 34.113922 34.2989 34.282597 34.241306 34.299213 34.348007 34.423225 34.038216 33.79921 33.859234 33.88548 34.1106 33.661144 33.900818 34.317154 34.30441 34.30502 34.140812 34.088093 34.325108 34.484898
26.042957 27.302914 28.295366 29.467594 31.03837 32.540676 33.028374 32.723286 32.578953 32.527294 32.33598 32.468433 32.631527 32.67659 32.475296 32.52326 32.52483 32.469822 33.07205 33.71203 33.90506 33.67733 33.56367 33.63707 33.759483 33.83086 33.946815 33.905743 33.324947 -32767.0 32.94939 -32767.0 -32767.0 33.61823 33.77284 34.08844 34.213234 34.120792 34.059772 34.07316 34.2157 34.23902 34.24425 34.287773 34.34757 34.367317 34.391994 34.46581 33.82862 33.845573 33.905098 34.063896 33.765488 34.233326 34.279686 34.23412 34.29749 34.20241 34.072247 34.38396 34.53901
31.11307 31.202198 31.34971 31.808022 31.697815 32.21728 32.607086 32.80701 32.707077 32.39598 32.23301 32.29068 32.575687 32.654926 32.477077 32.617035 32.632294 32.544178 32.845062 33.328083 33.509026 33.49551 33.61846 33.622097 33.737026 33.84891 33.92507 33.873596 33.628147 33.626312 33.51699 -32767.0 33.43655 33.778122 33.76705 33.849148 33.91894 33.979485 34.0485 34.19071 34.181732 34.179394 34.21266 34.22777 34.319305 34.35246 34.394386 34.541958 33.96672 33.79444 33.919704 34.071453 33.979576 34.229774 34.22347 34.223583 34.29453 34.118614 34.089237 34.460392 34.53657
31.632103 31.793917 31.889107 32.047318 32.298668 32.282417 32.450497 32.405407 32.282417 32.276215 32.284344 32.21511 32.371643 32.637127 32.71618 32.630253 32.602856 33.034706 33.392704 33.5097 33.526314 33.65122 33.69064 33.65872 33.69821 33.97729 33.982018 33.844036 33.82374 33.53304 -32767.0 33.85256 34.001755 34.059788 34.164387 34.05154 34.009304 34.016785 34.02786 34.122593 34.18508 34.21154 34.19602 34.22752 34.253967 34.32762 34.38414 34.462963 34.13794 33.750324 33.95894 34.15424 33.9872 34.13878 34.210217 34.249897 34.24663 34.030857 34.240616 34.543697 34.476227
32.300743 32.479458 31.67209 31.15162 31.039623 32.34388 32.35571 32.135582 32.178856 32.096527 32.35337 32.460896 32.545883 32.734375 32.830738 32.403316 32.224644 32.600174 32.973892 33.32646 33.50131 33.58199 33.619972 33.72878 33.76393 33.875916 33.993996 34.14665 34.154465 34.178265 34.062744 34.23476 34.198547 34.19804 34.113796 34.011177 34.04715 34.066803 34.074276 34.149704 34.210358 34.21399 34.138058 34.159595 34.215622 34.263393 34.33443 34.448612 34.312588 33.72643 34.029438 34.159107 34.17182 34.193974 34.199146 34.123474 34.00668 34.279106 34.530685 34.571907 34.382957
32.036037 32.84967 32.67229 31.931828 30.818836 31.843697 32.50124 32.334167 32.206795 32.004936 32.10898 32.68799 32.732796 32.6695 32.562428 31.834984 31.853102 32.04618 33.04568 33.54714 33.447704 33.701744 33.871468 33.8464 33.796066 33.71972 33.815735 33.91374 -32767.0 34.075993 34.054115 -32767.0 34.25463 34.137028 34.090027 34.045567 34.077892 34.067398 34.155632 34.154335 34.18986 34.229847 34.116295 34.13402 34.167927 34.22311 34.323902 34.445206 34.47079 33.756344 34.011806 34.087906 34.036453 33.933277 33.913174 34.042755 34.48325 34.630142 34.5841 34.459957 34.307587
33.03779 33.3684 33.095943 32.987843 32.042545 31.985853 32.336205 32.13242 31.937004 31.843584 31.810978 32.17321 31.84539 31.654222 31.523834 31.22869 31.451694 32.198895 33.42325 33.233795 33.207268 33.572582 33.912876 34.023846 34.000736 33.927906 33.804996 33.756306 33.92833 -32767.0 34.050972 34.184883 33.950657 33.998184 34.051003 34.11547 34.143047 34.042843 34.129772 34.208076 34.163784 34.22506 34.23166 34.116535 34.185265 34.22434 34.246693 34.434948 34.597565 34.26179 33.82586 33.830666 33.913754 34.161148 34.440556 34.602993 34.54648 34.53384 34.53049 34.312668 34.28723
33.62778 33.72399 33.772797 33.38123 32.89146 33.008274 33.158695 32.568207 31.967066 31.649164 31.555933 31.567497 31.605532 31.575106 31.372087 31.13865 31.302364 32.83301 33.44167 33.06562 32.880875 33.26661 34.002075 34.088387 34.107616 34.094143 34.03255 33.943592 33.792812 33.922344 33.931725 33.927647 34.179543 34.186996 34.18345 34.145596 34.116898 34.046055 34.179672 34.21318 34.221413 34.23795 34.198837 34.193295 34.14863 34.23908 34.09039 34.077732 34.42872 34.56714 34.518127 34.45538 34.477966 34.541416 34.587257 34.57089 34.53982 34.529366 34.351868 34.278034 34.34914
33.8715 33.742332 33.685684 33.79338 33.69803 33.248306 33.432575 33.035248 32.558445 32.379047 32.257214 32.086433 31.951977 31.772501 31.374086 31.185152 31.417976 32.201385 32.89467 33.269844 33.053284 33.15246 34.04183 34.202908 34.147335 34.16023 34.182205 34.10143 34.06913 33.880318 33.872017 34.126682 34.136013 34.1555 34.20642 34.18012 34.182186 34.20447 34.173893 34.20275 34.19132 34.119164 34.08165 34.07359 34.109238 34.189186 34.287296 34.406364 34.297756 34.31443 34.45689 34.53789 34.54003 34.540257 34.51979 34.50052 34.515488 34.349934 34.288555 34.44272 34.48114
33.93302 33.96106 33.739166 33.735153 33.785362 33.703575 33.41244 33.446495 33.447098 33.26268 32.963593 32.67577 32.41012 31.83684 31.806171 31.908932 32.338276 32.754555 32.990314 33.2168 33.50354 34.0981 34.207172 34.2134 34.18974 34.199574 34.195217 34.11946 34.132034 34.0589 34.090828 34.152843 34.19932 34.203773 34.19994 34.19833 34.23528 34.239056 34.199448 34.22958 34.158375 34.13563 34.100395 34.087723 34.099476 34.193737 34.137745 34.505924 34.535515 34.45422 34.439896 34.47704 34.45904 34.464363 34.50559 34.48311 34.33475 34.281704 34.489494 34.532986 34.556187
33.997948 33.982372 33.937096 33.823162 33.78424 33.70317 33.525448 33.49638 33.4928 33.082348 32.781994 32.608845 32.44517 32.295444 32.505352 32.799023 33.152786 33.74017 34.149967 34.21327 34.168457 34.118927 34.250946 34.32308 34.20254 34.174057 34.221127 34.21662 34.139374 34.12576 34.129337 34.151844 34.190052 34.18445 34.15078 34.181007 34.231365 34.151955 34.174118 34.19412 34.15839 34.108505 34.061428 34.071728 34.086143 34.126614 34.203705 34.3093 34.508583 34.56596 34.571762 34.545692 34.507763 34.358173 34.316208 34.28865 34.25976 34.53167 34.580925 34.596806 34.566093
34.06239 33.97832 33.840298 33.844532 33.773094 33.709167 33.673992 33.56881 33.037495 33.10184 33.29576 33.27325 33.378365 33.33603 33.229362 33.648098 34.238934 34.25157 34.224285 34.2103 34.18637 34.269646 34.30439 34.295334 34.14803 34.195168 34.18257 34.21043 34.2246 34.197815 34.21511 34.16681 34.14533 34.110012 34.119907 34.178406 34.18492 34.20773 34.18304 34.169273 34.113018 34.03696 34.049873 34.09048 34.113308 34.15786 34.288803 34.239323 34.419834 34.50144 34.563034 34.562714 34.386086 34.241047 34.215057 34.223328 34.49588 34.60517 34.579533 34.568684 34.50934
34.03644 33.89433 33.826412 33.772015 33.8171 33.788074 33.76176 33.52493 33.269573 33.44354 33.434753 33.658184 33.77744 33.780865 33.912594 34.24347 34.275665 34.222794 34.233543 34.260715 34.37117 34.363758 34.227573 34.174488 34.186497 34.199154 34.192238 34.205536 34.191006 34.08411 34.099922 34.120018 34.093975 34.08271 34.09778 34.108753 34.158382 34.143894 34.094383 34.051544 34.079838 34.191166 34.263523 34.197357 34.18962 34.248543 34.352287 34.298122 34.48821 34.450832 34.26129 34.22464 34.21097 34.197067 34.211754 34.47462 34.560394 34.640316 34.565372 34.54404 34.536633
33.827827 33.8966 33.810028 33.725674 33.814644 33.832813 33.803707 33.727737 33.74356 33.75602 33.717148 33.813797 33.81043 34.091694 34.22058 34.297516 34.23353 34.27594 34.393417 34.42799 34.308662 34.195175 34.139492 34.178715 34.206615 34.184067 34.160736 34.206917 34.090473 34.06693 34.05951 34.043133 34.045265 34.066113 34.116314 34.228775 34.20177 34.095108 34.219467 34.34873 34.393158 34.392815 34.386013 34.247932 34.22588 34.34906 34.323925 34.438908 34.313686 34.205334 34.178833 34.181606 34.19786 34.357628 34.551212 34.58047 34.54163 34.62914 34.54783 34.519978 34.513714
34.008556 33.979557 33.78347 33.718082 33.82774 33.850624 33.912193 33.99061 34.013184 34.02499 33.929375 33.874523 34.027077 34.155354 34.190033 34.289295 34.264103 34.353836 34.41814 34.333763 34.24067 34.159695 34.151638 34.136806 -32767.0 34.286907 34.181778 34.19172 34.145405 34.087154 34.10279 34.13903 34.20964 34.321625 34.395927 34.205284 34.23386 34.442684 34.429287 34.354576 34.316628 34.324303 34.38321 34.32282 34.280228 34.413353 34.36055 34.30051 34.296513 34.334602 34.397953 34.449028 34.50047 34.6057 34.59305 34.58217 34.5975 34.612946 34.52857 34.52919 34.47429
34.151978 33.951256 33.808796 33.751003 33.795776 33.85544 33.854286 33.897987 33.967884 34.041607 33.99993 33.93913 34.126183 34.066704 34.070377 34.270947 34.299953 34.315792 34.396923 34.275345 34.20249 34.102043 34.151566 34.12554 34.360798 34.25182 34.16082 34.11346 34.16649 34.28133 34.3793 34.434017 34.483845 34.413597 34.208534 34.41782 34.469517 34.399406 34.332813 34.31979 34.336407 34.333508 34.37862 34.362885 34.39351 34.374207 34.342278 34.332783 34.420864 34.432533 34.48995 34.58282 34.605286 34.607265 34.590214 34.59823 34.565704 34.625595 34.502476 34.477573 34.461536
34.231037 34.13008 33.99111 33.98955 33.85762 33.838753 33.860844 33.846195 33.91869 34.036583 34.01687 33.99579 34.054375 34.08834 34.19006 34.296963 34.290096 34.292076 34.386726 34.20379 34.20232 34.095478 34.12165 -32767.0 34.20899 34.21887 34.1354 34.240173 34.343815 34.36685 34.38846 34.407143 34.29739 34.3856 34.539677 34.47494 34.4112 34.336258 34.326748 34.3535 34.35538 34.350918 34.410873 34.419228 34.399868 34.341656 34.33231 34.563194 34.568092 34.57064 34.561745 34.58491 34.62374 34.629272 34.627575 34.59755 34.54697 34.62792 34.52889 34.596676 34.595886
34.285763 34.042152 34.065754 33.969616 33.95936 33.913593 33.893982 33.84153 33.91406 34.045273 34.027054 34.032486 34.159756 34.297398 34.2705 34.308445 34.28438 34.325184 34.33322 34.107903 34.092148 34.113007 34.12747 34.22023 34.169853 34.157482 34.224968 34.291065 34.34289 34.333214 34.313793 34.368607 34.619797 34.56052 34.504383 34.451687 34.300255 34.213924 34.336052 34.370388 34.362988 34.397076 34.440327 34.41103 34.356434 34.305706 34.545372 34.48621 34.562984 34.622288 34.630768 34.615406 34.59689 34.57636 34.551792 34.5154 34.48605 34.633457 34.56574 34.53221 34.53019
34.18783 34.109364 34.001938 33.8807 33.906162 33.903316 33.836544 33.872074 33.977158 34.02282 34.040424 34.18078 34.337208 34.245785 34.335945 34.29706 34.26682 34.417458 34.3829 34.205288 34.14237 34.15519 34.2518 34.202423 34.196613 34.17559 34.239178 34.35715 34.328766 34.309433 34.59858 34.638557 34.61185 34.54714 34.503094 34.388676 34.173782 34.139595 34.32904 34.34266 34.400272 34.4158 34.403584 34.35653 34.301353 34.409645 34.51889 34.622643 34.648018 34.638138 34.644215 34.659077 34.655025 34.60004 34.55587 34.592167 34.539227 34.63855 34.608147 34.59847 34.62196
34.001926 34.234905 34.19328 33.923298 33.854885 33.77873 33.76311 33.830593 33.987186 34.16284 34.32586 34.308064 34.24788 34.32662 34.357735 34.31017 34.440247 34.46007 34.44441 34.349823 34.275284 34.217003 34.212475 34.2152 34.175186 34.204212 34.278324 34.403667 34.313393 34.593735 34.593987 34.63611 34.63247 34.549362 34.50229 34.377026 34.215042 34.165764 34.241947 34.294933 34.358894 34.370377 34.332123 34.286465 34.280205 34.542664 34.589474 34.630096 34.63238 34.64863 34.64542 34.65731 34.665283 34.653847 34.642815 34.590008 34.597393 34.64552 34.67986 34.597187 34.582897
33.809093 34.02653 34.17281 34.222767 34.225666 34.22712 34.203342 34.262608 34.259995 34.276295 34.380497 34.229935 34.281242 34.339996 34.50316 34.528915 34.42844 34.396458 34.414345 34.36187 -32767.0 34.26871 34.221195 34.212307 34.18029 34.21073 34.35864 34.387516 34.392605 34.59133 34.561073 34.63029 34.645454 34.56913 34.50589 34.43265 34.325882 34.179916 34.24023 34.219975 34.2724 34.28305 34.260582 34.22446 34.32339 34.583687 34.623238 34.644352 34.652397 34.66653 34.654503 34.63681 34.64386 34.667885 34.663033 34.66182 34.63065 34.654984 34.61861 34.618526 34.589508
