static/data/seaWind_vo/2023/7/16/0.asc
ncols 137
nrows 93
xllcorner 108.0
yllcorner 17.0
cellsize 0.25
NODATA_value -32767
[rows 57 to 75 of 93, columns 86 to 128 of 137]
4.896086970778915 4.993060756169527 5.033985472939877 5.0464408215221574 5.041102814986894 5.0864758705366295 5.068682515419086 4.965481055737335 4.763526475153218 4.474384454493139 4.23506382816218 4.071364961080781 3.840051344552718 3.7493052334532466 3.8382720090409634 3.98061884998131 4.155883397889112 4.216380805288759 4.160331736668498 4.124745026433411 4.135421039503937 4.194139111391831 4.2083737954858655 4.097165326001219 3.879196725811313 3.661228125621407 3.456604541769658 3.235966938312121 2.957500930722567 2.6585725647478387 2.4495006421167043 2.3445198469231987 2.3614235342848646 2.5215637303427547 2.7261873141945037 2.855189138796693 2.9236935559992347 2.9112382074169543 2.824050767340992 2.655903561480207 2.4939840299105627 2.363202869796619 2.2342010451944296
5.314230816041185 5.40675626265241 5.458356992493286 5.477040015366707 5.405866594896533 5.311561812773553 5.251064405373906 5.114945238724699 4.926335674478739 4.783988833538393 4.6576560122038355 4.600717275827696 4.379190004614282 4.221718811824022 4.104282668048237 4.171897417494901 4.24129150245332 4.275098877176653 4.235953495918057 4.148766055842095 4.123855358677535 4.114958681118763 4.166559410959638 4.154104062377358 4.035778250845695 3.8195889861675427 3.5802683598365848 3.3400580657497496 3.1398828206773866 2.914796878440463 2.6994972815181884 2.590957815301174 2.5971854895923143 2.6051924993952085 2.6879316006917855 2.7359736595091526 2.7048352880534514 2.66124156801547 2.5349087466809124 2.378327221646531 2.2849121072794283 2.2288630386591666 2.134558256536187
5.877390505511432 5.926322232084676 5.96902628436678 5.912977215746519 5.819562101379416 5.7208089804770506 5.568675794222054 5.435225630840479 5.345369187496885 5.254623076397415 5.19323600124189 5.136297264865751 4.925446006722862 4.711036077556464 4.593599933780679 4.476163790004893 4.4476944218168235 4.421004389140508 4.348941300914458 4.276878212688407 4.221718811824022 4.191470108124199 4.171007749739024 4.1576627334008665 4.066026954545518 3.9494804785256092 3.7288428750680715 3.461052880549044 3.2768916550824705 3.0980684361511597 2.913907210684586 2.7938020636411682 2.679924590888891 2.6452275484096814 2.59540615408056 2.511777385028106 2.4503903098725814 2.316940146491006 2.184379650865308 2.1069785561039946 2.0651641715777678 2.0402534744132073 1.9744180604782966
6.42453617537589 6.4743575697050115 6.462791888878609 6.391618468408435 6.203008904162475 6.144290832274582 6.031303027278183 5.9948266492872175 5.908528876967132 5.836465788741082 5.758175026223892 5.69589828331249 5.530420080719336 5.314230816041185 5.07046185093084 4.924556338966985 4.7617471396414635 4.645200663621555 4.553564884766207 4.450363425084454 4.394314356464193 4.319582264970511 4.256415854303232 4.211042798753496 4.1576627334008665 4.041116257380958 3.8373823412850863 3.5687026790101815 3.366748098426064 3.169241856621333 2.9939773087135313 2.84985113226143 2.7359736595091526 2.608751170418717 2.526901736878018 2.399679247787583 2.241318387241447 2.1060888883481175 1.9788663992576825 1.911251649811018 1.9094723142992636 1.8783339428435626 1.8151675321762837
6.82666600103237 7.014385897522452 7.001040881184295 6.851576698196931 6.60691806533071 6.5544276677339575 6.515282286475362 6.477026572972644 6.420977504352381 6.340907406323437 6.248381959712211 6.183436213533177 6.033972030545813 5.867604160196783 5.624724862842316 5.3711695524173235 5.128290255062857 4.948577368375669 4.760857471885586 4.6576560122038355 4.5375508651604175 4.459260102643226 4.345382629890949 4.254636518791478 4.211932466509374 4.14698672033034 3.9441424719903466 3.6852491550300908 3.4583838772814124 3.235966938312121 3.0535850483573013 2.908569204149323 2.7439806693120468 2.6167581802216118 2.518894727075123 2.3551958599937244 2.1897176574005712 2.043812145436716 1.917479324102158 1.8258435452468098 1.8009328480822488 1.754670124776636 1.717304079029795
7.259044530388673 7.45477143668165 7.517937847348929 7.357797651291039 7.110470015157187 7.033068920395873 6.980578522799121 6.870259721070351 6.815100320205968 6.690546834383163 6.5989110555278145 6.523289296278255 6.435212188446416 6.274182324632649 6.121159470621776 5.8702731634644145 5.5357580872545995 5.248395402106274 5.0508891603015424 4.837368898891023 4.710146409800588 4.545557874963311 4.397873027487702 4.290223229026564 4.245739841232706 4.184352766077182 4.050902602695606 3.805354302073508 3.5544679949161466 3.348954743308521 3.1585658435508073 2.9646182727695845 2.792022728129414 2.6772555876212594 2.563378114868982 2.373878882867145 2.1799313120859223 2.0375844711455757 1.9165896563462808 1.8098295256410206 1.7288697598561984 1.679048365527077 1.658586007141902
7.564200570654542 7.972558070602162 8.069531855992773 7.938750695878831 7.723451098956556 7.63715332663647 7.400501703573143 7.279506888773849 7.139829051101133 6.975240516263858 6.824886665520616 6.727912880130004 6.670974143753865 6.596242052260184 6.4645712243903635 6.339128070811682 6.017068343184148 5.6807739314625785 5.316010151552939 5.089144873804262 4.859610592787952 4.653207673424449 4.465487776934367 4.365844988276123 4.287554225758933 4.16922841422727 4.04022658962508 3.8756380547878044 3.630089754165706 3.4512665352343954 3.2857883326412423 3.094509765127651 2.9370385723373924 2.8231610995851146 2.6639105712831017 2.429927951487407 2.220856028856272 2.049150151971979 1.9299346726844382 1.8107191933968978 1.7262007565885669 1.6817173687947085 1.6754896945035682
7.836438903952956 8.283941785159172 8.565966463772233 8.57308380581925 8.376467231770397 8.151381289533473 7.809748871276641 7.56509023841042 7.397832700305512 7.2234578201535875 7.044634601222276 6.887163408432018 6.722574873594741 6.667415472730356 6.675422482533252 6.672753479265619 6.53752398037229 6.206567575185984 5.713691638430033 5.333803506670483 5.061565173372069 4.803561524167691 4.580254917442521 4.451253092840332 4.26353319635025 4.116738016630517 3.9841775210048187 3.845389351087981 3.7146081909740367 3.581158027592462 3.4245765025580805 3.2893470036647505 3.146110494968527 2.9975359797370396 2.8436234579702897 2.6247651900245064 2.395230909008197 2.197724667203466 2.024239454807418 1.9032446400081233 1.806270854617512 1.7297594276120756 1.7235317533209353
8.148712286265841 8.578421812354513 8.870232836282225 8.898702204470293 8.618456861368987 8.41027460649373 8.111346240519001 7.848894252535237 7.662953691556908 7.523275853884192 7.3480113059763905 7.086448985748502 6.840011017370527 6.7136781960359695 6.69766417643018 6.7190162025712326 6.659408462927463 6.489481921554923 6.108704122039496 5.703905293115384 5.343589851985131 5.038433811719263 4.798223517632428 4.539330200672172 4.278657548200162 4.093606654977711 3.9601564915961354 3.8373823412850863 3.7377395526268433 3.6692351354243016 3.5838270308600935 3.491301584248868 3.3747551082289586 3.2252909252415947 3.0793854132777394 2.8534098032849387 2.6194271834892433 2.367651208576005 2.13366858878031 1.9681903861871566 1.8979066334728603 1.8249538774909326 1.7555597925325133
8.496572378813815 8.907598882029065 9.169161202256953 9.112222465880814 8.723437656562492 8.48500669798741 8.289279791694433 8.095332220913212 7.94497837016997 7.790176180647343 7.595338942110244 7.32310060881183 7.018834236301839 6.740368228712285 6.614035407377727 6.574000358363254 6.590014377969043 6.5339653093487815 6.325783054473525 5.986819639484324 5.623835195086439 5.267968092735572 4.963701720225581 4.619400298701117 4.305347580876477 4.065137286789641 3.926349116872803 3.8444996833321037 3.741298223650352 3.708380516682897 3.6950355003447393 3.6541107835743896 3.5838270308600935 3.4379215188962378 3.2190632509504544 2.9494939209196724 2.7039456202975742 2.4548386486519673 2.225304367635658 2.03936380665733 1.9121413175668949 1.8151675321762837 1.6879450430858487
8.781266060694508 9.162933527965812 9.35510176323528 9.283928342765108 8.937847585728889 8.578421812354513 8.315969824370748 8.167395309139263 8.066862852725142 7.993020428987338 7.800852193717869 7.489468479160861 7.110470015157187 6.797306965088424 6.50638560891659 6.376494116558524 6.31154837037949 6.339128070811682 6.241264617665194 6.1104834575512506 5.792872068703101 5.378286894464341 5.017081785578211 4.654987008936203 4.330258278041037 4.079371970883676 3.904997090731751 3.8035749665617535 3.703932177903511 3.715497858729914 3.7243945362886857 3.727063539556317 3.655890119086144 3.4779565679107103 3.2457532836267697 2.973514950328356 2.685262597424154 2.4290382837315296 2.2048420092504832 2.0269084580750496 1.8694372652847908 1.7778014864294427 1.6479099940713762
9.0036829996638 9.365777776305807 9.55349767279589 9.52858697563133 9.299942362370897 8.957420276358187 8.487675701255043 8.299066137009083 8.089104546622071 7.970778735090407 7.789286512891465 7.512599840813667 7.151394731927537 6.78574128426202 6.485923250531414 6.1994502331389665 6.066000069757392 6.097138441213092 6.138063157983442 6.017958010940024 5.783085723388452 5.380066229976095 5.035764808451631 4.65943534771559 4.314244258435248 4.0286609087986776 3.850727357623244 3.7137185232181595 3.6069583925128996 3.609627395780531 3.6443244382597406 3.646993441527372 3.582047695348339 3.4156798249993088 3.2048285668564196 2.924583223755112 2.660351900259593 2.4406039645579325 2.2244146998797807 2.044701813192593 1.8996859689846146 1.7866981639882142 1.6603653426536564
9.233217280680108 9.557056343819399 9.775914611765181 9.837301686920705 9.753672917868252 9.48410358783747 8.882688184864506 8.380915570549782 8.025938135954792 7.81330754230015 7.628256649077699 7.409398381131915 7.149615396415783 6.848907694929299 6.49659926360194 6.181656878021423 5.966357281099149 5.905859873699502 5.914756551258273 5.916535886770028 5.7706303748061725 5.373838555684955 5.0064057725076845 4.616731295433485 4.2377328314298115 3.970832504666661 3.751974236720878 3.5802683598365848 3.4646115515725526 3.426355838069835 3.4299145090933436 3.4050038119287827 3.3436167367732583 3.241304944847384 3.0784957455218622 2.8471821289937984 2.6363308708509097 2.448610974360827 2.2697877554295163 2.1176545691745208 1.9886527445723314 1.8552025811907562 1.7297594276120756
9.38357113142335 9.638905777360097 9.725203549680183 9.859543380817636 9.920040788217282 9.640685112871852 9.056173397260553 8.479668691452147 8.012593119616636 7.603345951913138 7.400501703573143 7.298189911647269 7.109580347401309 6.936984802761138 6.622932084936499 6.293755015261946 5.957460603540377 5.813334427088276 5.757285358468014 5.786644394411961 5.698567286580121 5.376507558952587 4.968150059004966 4.511750500239979 4.154104062377358 3.880976061323067 3.6478831092832493 3.4477078642108867 3.275112319570716 3.201269895832911 3.0971787683952825 3.05714371938081 3.020667341389846 2.9637286050137073 2.863196148599587 2.776898376279502 2.59540615408056 2.479749345816528 2.331174830585041 2.2066213447622376 2.0891852009864516 1.9477280278019817 1.8356298905614585
9.55616667606352 9.714527536609657 9.724313881924306 9.573070363425186 9.633567770824834 9.495669268663873 8.957420276358187 8.48233769471978 7.972558070602162 7.523275853884192 7.1638500805098175 7.064207291851574 7.002820216696049 6.91474310886421 6.659408462927463 6.364038767976243 6.013509672160639 5.684332602486087 5.618497188551176 5.597145162410124 5.549992771348634 5.285761447853115 4.912990658140583 4.453922096107963 4.036667918601571 3.766208920814913 3.528667629995709 3.2937953424441364 3.099847771662914 2.9263625592668663 2.8196024285616064 2.7092836268328373 2.6719175810859963 2.647006883921436 2.6114201736863487 2.5500330985308244 2.5197843948310004 2.410355260858109 2.3649822053083733 2.263560081138376 2.1541309471654846 2.018011780516278 1.9059136432757549
10.022352580143156 10.053490951598858 9.910254442902634 9.670044148815798 9.438730532287735 9.251010635797652 8.770590047623982 8.418281616296623 7.965440728555144 7.397832700305512 7.009047890987189 6.7688375969003545 6.716347199303602 6.687877831115532 6.546420657931062 6.298203354041332 5.92810156759643 5.567786126466178 5.2964374609236415 5.270637096003203 5.310672145017676 5.178111649391978 4.806230527435321 4.367624323787878 3.9396941332109607 3.6541107835743896 3.3987761376376424 3.147000162724404 2.914796878440463 2.7297459852180124 2.580281802230648 2.457507651919599 2.348078517946707 2.3231678207821465 2.30626413342048 2.3142711432233747 2.3009261268852175 2.303595130152849 2.2955881203499544 2.2386493839738155 2.1576896181889933 2.0206807837839094 1.9050239755198777
10.784797846929889 10.404909715170339 10.183382443956924 9.917371784949651 9.618443418974923 9.15403685040704 8.617567193613109 8.34088052153531 8.03572448126944 7.4369780815641064 6.91741211213184 6.5944627167484295 6.3800527875820325 6.3498040838822085 6.325783054473525 6.205677907430108 5.828458778938188 5.3658315458820605 5.016192117822333 4.87295560912611 4.939680690816897 4.890748964243652 4.658545679959712 4.255526186547355 3.864072373961401 3.5749303533013217 3.275112319570716 2.9975359797370396 2.7733397052559936 2.580281802230648 2.4281486159756525 2.299146791373463 2.141675598583204 2.050929487483733 1.9984390898869802 2.014453109492769 2.034025800122067 2.0678331748453993 2.087405865474697 2.075840184648294 2.0108944384692604 1.9121413175668949 1.7973741770587401
11.558808794543026 11.001876779363919 10.554373898157703 10.159361414548242 9.668264813304043 9.081084094425114 8.562407792748724 8.285721120670926 8.052628168631108 7.584662929039718 7.0686556306309605 6.574000358363254 6.1345044869599334 5.878280173267309 5.988598974996078 5.924542896572921 5.54821343583688 5.064234176639701 4.681677041612518 4.493067477366559 4.529543855357523 4.607834617874714 4.473494786737261 4.141648713795077 3.755532907744387 3.4459285286991324 3.195042221541771 2.9174658817080945 2.7048352880534514 2.518894727075123 2.3614235342848646 2.220856028856272 2.0535984907513645 1.8712166007965452 1.747552782729619 1.6710413557241823 1.6487996618272533 1.6559170038742708 1.6541376683625164 1.6452409908037446 1.6069852773010265 1.6007576030098862 1.5811849123805886
11.78033606575644 11.369309562541188 10.902233990705675 10.378219682494024 9.806163315465005 9.244782961506512 8.712761643491966 8.357784208896977 8.144263947486456 7.688754056477345 7.140718718857011 6.544641322419308 5.99126797826371 5.428108288793462 5.304444470726536 5.3062238062382905 5.124731584039348 4.7475124555474295 4.400542030755334 4.226167150603408 4.217270473044637 4.290223229026564 4.209263463241742 3.9886258597842046 3.650552112550881 3.2991333489793995 3.048247041822038 2.803588408955817 2.6158685124657346 2.467293997234248 2.3374025048761813 2.187938321888817 2.0366948033896985 1.8258435452468098 1.6443513230478675 1.4468450812431362 1.3258502664438414 1.223538474517967 1.1674894058977054 1.1781654189682316 1.202186448376915 1.2520078427060364 1.3062775758145437
