static/data/seaWind_vo/2023/7/16/12.asc
ncols 137
nrows 93
xllcorner 108.0
yllcorner 17.0
cellsize 0.25
NODATA_value -32767
[rows 0 to 18 of 93, columns 86 to 128 of 137]
7.118477024960081 7.094455995551398 6.835562678591142 6.156746180856863 5.543765097057494 5.104269225654173 4.794664846608919 4.867617602590847 5.030426801916368 5.194125668997767 5.267078424979695 5.335582842182237 5.368500549149692 5.343589851985131 5.236829721279872 5.138076600377506 5.087365538292508 5.05800650234856 5.047330489278035 5.028647466404614 4.9201080001876 4.814237537238217 4.715484416335851 4.509971164728225 4.322251268238142 4.166559410959638 4.114958681118763 4.197697782415339 4.333816949064546 4.516198839019365 4.509971164728225 4.4476944218168235 4.389866017684808 4.2475191767444604 4.11584834887464 3.9441424719903466 3.6923664970771077 3.4628322160607983 3.2137252444151914 2.835616448167395 2.6345515353391553 2.4174726029051263 2.251104732556096
6.8044243071354416 6.582007368166149 6.003723326845989 5.41921161123469 5.013523114554702 4.865838267079092 5.044661486010403 5.35337619729978 5.732374661303454 5.863155821417397 5.944115587202219 5.985929971728447 5.930770570864063 5.832017449961697 5.74927834866512 5.703905293115384 5.697677618824244 5.7208089804770506 5.746609345397488 5.718139977209419 5.597145162410124 5.453018985958023 5.280423441317852 5.015302450066456 4.764416142909095 4.538440532916294 4.3871970144171755 4.466377444690243 4.634524650551029 4.783099165782516 4.6567663444479575 4.515309171263488 4.359617313984984 4.132752036236306 3.9930741985635905 3.846279018843858 3.6122963990481627 3.3445064045291355 2.9957566442252856 2.6043028316393313 2.7341943239973983 2.686152265180031 2.3338438338526726
6.166532526171512 5.794651404214855 5.312451480529431 4.962812052469704 4.854272586252689 5.08024819624549 5.425439285525831 5.764402700515031 6.02596502074292 6.075786415072041 6.08557276038669 6.053544721175111 5.892514857361344 5.832017449961697 5.803548081773627 5.819562101379416 5.880949176534941 5.936108577399326 5.967246948855026 5.893404525117221 5.807106752797136 5.70835363189477 5.590027820363106 5.38807323977899 5.137186932621628 4.875624612393741 4.705698071021202 4.654987008936203 4.576696246419013 4.264422864106127 3.9468114752579777 3.746636230185615 3.6380967639686004 3.6576694545978983 3.607848060268777 3.5055362683429028 3.284898664885365 2.9850806311547595 2.7742293730118703 2.6736969165977507 3.1923732182741396 2.813374754270466 1.996659754375226
5.673656589415561 5.286651115608993 4.950356703887423 4.947687700619792 5.034875140695754 5.4761503476108295 5.824900107914679 6.106035118771864 6.206567575185984 6.171870532706775 6.100697112236601 5.936998245155202 5.807996420553013 5.753726687444505 5.7403816711063484 5.753726687444505 5.768851039294418 5.674546257171437 5.587358817095476 5.493054034972495 5.427218621037586 5.3409208487175 5.239498724547502 5.104269225654173 4.912100990384705 4.755519465350323 4.592710266024802 4.350720636426212 3.915673103802277 3.406783147440537 3.132765478630369 3.0349020254838805 3.0233363446574777 3.2439739481150154 3.179917869691859 3.0349020254838805 2.9005621943464286 2.745760004823801 2.6532345582125756 2.8089264154910802 3.0126603315869516 2.364092537552496 1.3836786705758573
5.397859585093638 5.085586202780753 4.990391752901896 5.0864758705366295 5.518854399892934 5.894294192873098 6.1647531906597575 6.220802259280019 6.218133256012387 6.128276812668793 5.977922961925552 5.816893098111785 5.718139977209419 5.644297553471614 5.624724862842316 5.64251821795986 5.5455444325692484 5.433446295328725 5.2279330437211 5.110496899945313 4.974377733296107 4.789326840073656 4.672780364053747 4.520647177798751 4.399652362999456 4.268871202885513 4.102503332536482 3.8498376898673667 3.4352525156286062 3.127427472095106 3.010880996075197 2.9183555494639717 2.939707575605024 3.020667341389846 2.9388179078491468 2.783126050570642 2.7057249558093286 2.5562607728219646 2.8747618294259905 3.3142577008293115 3.60073071822176 2.1069785561039946 0.835643332955522
4.950356703887423 4.735946774721025 4.89786630629067 5.474371012099075 5.945005254958097 6.253719966247473 6.417418833328872 6.4743575697050115 6.260837308294491 6.102476447748355 5.9547916002727455 5.826679443426434 5.735043664571085 5.670097918392052 5.628283533865825 5.6158281852835445 5.477040015366707 5.269747428247326 5.066013512151455 4.853382918496812 4.518867842286997 4.326699607017528 4.06869595781315 3.7688779240825445 3.650552112550881 3.5900547051512337 3.461052880549044 3.2493119546502784 3.095399432883528 2.825830102852746 2.7733397052559936 2.817823093049852 2.84985113226143 2.8712031584024817 2.8792101682053763 2.7475393403355555 2.547364095263193 2.684372929668277 3.00376365402818 4.22883615387104 4.310685587411739 2.7430910015561696 0.6114470584744756
3.969942836910784 4.308016584144108 4.948577368375669 5.5259717419399506 6.300872357308964 6.64784278210106 6.788410287529652 6.674532814777374 6.443219198249311 6.257278637270982 6.0651104020015145 5.934329241887571 5.873831834487923 5.85603847937038 5.814224094844153 5.726146987012314 5.538427090522231 5.332024171158729 5.025978463136982 4.718153419603482 4.375631333590773 3.9290181201404346 3.585606366371848 3.2493119546502784 3.0126603315869516 2.939707575605024 2.7688913664766077 2.685262597424154 2.5295707401456493 2.438824629046178 2.516225723807492 2.5607091116013505 2.4646249939666163 2.6105305059304715 2.633661867583278 2.693269607227048 2.4067965898346 2.6167581802216118 2.9165762139522173 3.9396941332109607 3.495749923028254 2.603413163883454 0.46643121426649725
3.457494209525535 3.995743201831222 4.93879102306102 5.89073552184959 6.6789811535567605 7.098904334330783 7.171857090312711 7.049972607757539 6.7981966328443 6.580228032654395 6.33645906754405 6.212795249477124 6.162084187392126 6.1104834575512506 6.017068343184148 5.86849382795266 5.670097918392052 5.372948887929078 5.033985472939877 4.6567663444479575 4.2377328314298115 3.740408555894475 3.263546638744313 2.920134884975726 2.590068147545297 2.4192519384168807 2.1852693186211853 2.085626529962943 2.023349787051541 2.002887428666366 2.0776195201600482 2.009115102957506 1.8676579297730367 2.081178191183557 2.1025302173246088 2.066053839333645 1.9957700866193488 2.558929776089596 2.968176943793093 2.628323861048015 1.6167716226156752 0.8009462904763123 0.7769252610676287
3.121199797803966 4.280436883711916 5.4761503476108295 6.482364579507907 7.058869285316311 7.516158511837174 7.614021964983664 7.427191736249458 7.213671474838938 6.964564503193332 6.671863811509743 6.5944627167484295 6.4387708594699244 6.315107041402999 6.177208539242038 5.921873893305291 5.646966556739246 5.29376845765601 4.929894345502248 4.509971164728225 4.0286609087986776 3.5277779622398318 3.095399432883528 2.7680016987207305 2.4361556257785466 2.1532412794096074 1.918368991858035 1.807160522373389 1.759118463556022 1.7128557402504092 1.7573391280442676 1.5598328862395365 1.5073424886427835 0.894361404843415 0.6336887523714048 0.43173417178728757 1.5509362086807648 2.372989215111268 2.627434193292138 1.7555597925325133 0.8881337305522747 0.528707957177899 0.9041477501580637
3.9459218075021005 5.209250020847679 6.449446872540451 7.129153038030607 7.650498342974627 7.829321561905939 7.859570265605761 7.634484323368838 7.41740539093481 7.157622406218676 6.954778157878682 6.839121349614651 6.652291120880445 6.412970494549487 6.255499301759228 5.940556916178711 5.5962554946542475 5.229712379232854 4.796444182120673 4.32936861028516 3.863182706205524 3.4539355385020265 3.0758267422542307 2.7359736595091526 2.437934961290301 2.1585792859448705 1.949507363313736 1.8000431803263717 1.8107191933968978 1.827622880758564 1.8765546073318082 1.5153494984456781 0.8916924015757834 0.11323311518326173 -0.9525888563575857 -0.46683026164865193 0.9085960889374496 1.9503970310696133 1.7511114537531276 1.0500532621219194 0.7715872545323659 0.587426029065792 0.401485468087464
4.455701431619717 6.042868708104585 7.1727467580685875 7.6825263821862055 7.880032623990937 7.907612324423129 7.792845183914974 7.63715332663647 7.48324080486972 7.345342302708758 7.215450810350692 7.028620581616487 6.801755303867809 6.545530990175186 6.2590579727827365 5.9005218671642385 5.54821343583688 5.145193942424523 4.654987008936203 4.2074841277299875 3.8222579894351743 3.448597531966764 3.100737439418791 2.786684721594151 2.5313500756574037 2.2938087848382 2.0473708164602247 2.0455914809484703 2.1434549340949585 2.160358621456625 1.7680151411147937 1.2253178100297213 0.5082455987927241 -0.22039229327067655 -1.0486729739923195 -0.37252547952567205 0.4495275269048311 1.1665997381418283 1.2190901357385813 1.0349289102720074 0.751124896147191 0.38814045174930634 0.09810876333334972
4.539330200672172 6.420087836596505 7.517937847348929 7.795514187182606 7.805300532497254 7.719892427933047 7.6727400368715575 7.673629704627434 7.594449274354366 7.485020140381474 7.350680309244021 7.120256360471835 6.881825401896755 6.607807733086586 6.2546096340033515 5.934329241887571 5.504619715798899 5.027757798648737 4.584703256221907 4.284885222491302 3.985956856516573 3.66656613215667 3.3391683979938724 2.8863275102523938 2.5260120691221406 2.2448770582649558 2.0749505168924167 2.225304367635658 1.9575143731166305 1.5073424886427835 0.9548588122430623 1.7769118186735655 1.6763793622594454 1.1888414320387575 0.4860039048957949 0.5411633057601792 0.9486311379519221 1.2991602337675263 0.9859971836987633 0.915713430984467 0.6096677229627212 0.07052906290115768 -0.6732331810121548
3.856065364158507 6.1051454510159875 7.610463293960155 7.833769900685324 7.929854018320059 8.01437245512839 8.068642188236897 8.082876872330932 7.948537041193479 7.774162161041554 7.5277241926635785 7.150505064171659 6.84534902390579 6.452115875808083 5.996605984798972 5.58913815260723 5.107827896677682 4.65943534771559 4.499295151657699 4.279547215956039 3.9993018728547307 3.6745731419595646 3.279560658350102 2.788464057105905 2.453059313140213 2.166586295747765 1.642571987536113 1.2849255496734917 0.7902702774057864 0.4166098199373758 0.736000544297279 1.918368991858035 1.870326933040668 1.2093037904239323 0.32141537005851895 0.5758603482393889 0.6505924397330709 0.32764304434965896 -0.20882661244427325 -0.763979292111626 -0.7621999565998716 -0.9036571297843414 -1.2897729358350323
3.396107134370011 6.38717012962905 7.996579100010846 8.237679061853559 8.540166098851795 8.700306294909685 8.63002254219539 8.380025902793905 8.13358793441593 7.605125287424892 7.232354497712359 6.783072280994389 6.407632488014224 6.023296017475287 5.514406061113547 5.018861121089965 4.586482591733661 4.362286317252615 4.315133926191125 4.127414029701043 3.8836450645906986 3.5580266659396553 3.00999132831932 2.459286987431353 1.997549422131103 1.2511181749501592 0.47087955304588314 0.37657477092290326 0.39614746155220093 0.2813803210440464 0.5687430061923715 0.6541511107565796 0.8810163885052573 0.4450791881254452 -0.9410231755311824 -1.135860414068282 -0.9881755665926724 -1.1162877234389845 -1.622508676533093 -1.1331914108006504 -1.2426205447735423 -1.4623684804752028 -2.006845147072029
3.805354302073508 6.835562678591142 8.493013707790306 8.819521774197225 9.088201436472131 8.953861605334678 8.612229187077846 8.189637003036191 7.4627784464845455 6.895170418234912 6.501937270137203 6.017958010940024 5.63629054366872 5.195905004509521 4.63096597952752 4.164780075447884 4.00908821816938 3.8373823412850863 3.9094454295111367 3.5847166986159706 3.2991333489793995 2.778677711791256 2.2582220746031134 1.743104443950233 0.6799514756770175 -0.1812469120120812 -0.943692178798814 -0.14832920504462566 -0.07003844252743496 0.3596710835612371 0.7795942643352602 0.56607400292474 0.14526115439483966 -0.38409116035207536 -1.3707327016198545 -1.762186514205808 -1.5815839597627432 -1.320911307290733 -1.8244632571172104 -1.5682389434245856 -2.0895842483686056 -2.4338856698930695 -2.1491919880123764
4.377410669102527 7.285734563064988 8.793721409276788 8.902260875493802 8.463654671846358 8.319528495394257 7.512599840813667 6.959226496658069 6.232367940106422 5.71458130618591 5.3658315458820605 4.933453016525757 4.738615777988658 4.300009574341214 3.727063539556317 3.3898794600788706 3.237746273823875 3.306250691026417 3.300912684491154 2.840064786946781 2.4450523033373184 1.9272656694168069 1.4014720256934006 0.550059983318951 -0.5130929849542647 -1.2986696133938036 -1.7497311656235275 -0.7203855720736447 -0.03623106780410268 0.39525779379632375 1.096315985427532 0.6968551630386837 0.2662559691941344 -0.5664730503068949 -1.310235294220207 -1.6518677124770393 -1.5442179140159022 -1.287993600323278 -1.5095208715366928 -1.7105857843649326 -2.212358398679655 -1.594928976100901 -1.0780320099362664
4.540219868428048 7.458330107705159 8.305293811300222 7.639822329904101 7.200326458500781 6.493040592578431 5.629173201621702 5.173663310612593 4.953915374910932 4.434349405478666 4.284885222491302 4.102503332536482 3.906776426243505 3.4877429132253592 2.8703134906466046 2.5464744275073157 2.4290382837315296 2.4984323686899486 2.2813534362559196 1.7208627500533038 1.3249605986879642 1.3907960126228747 0.9050374179139409 -0.03623106780410268 -0.5308863400718078 -1.3191319717789787 -1.4027607408314324 -0.642094809556454 0.044728697980719545 0.3890301195051835 1.1105506695215668 0.6701651303623686 0.3516640737583425 -0.48373394901031785 -0.6251911221947877 -1.183012805129772 -1.0753630066686348 -1.0993840360773182 -1.258634564379331 -1.4659271514987116 -0.8396010513611851 -0.22128196102655373 0.8160706423262241
4.903204312825933 6.430763849667031 6.921860450911227 5.972584955390289 5.224374372697591 4.478832793272524 3.957487488328504 3.953039149549118 3.794678289002982 3.7484155656973694 3.7199461975093 3.6825801517624592 3.4743978968872016 3.042909035286775 2.0909645364982055 1.6194406258833067 1.4788731204547143 1.6363443132449729 1.414817042031558 0.9459621346842906 1.0865296401128832 1.2351041553443702 1.0980953209392863 0.7689182512647343 0.4005958003315868 0.16038550624475167 -0.1056251527625216 0.2582489593912398 0.3187463667908874 0.6336887523714048 0.9868868514546405 0.12124012498615588 -0.0531347551657686 0.23155892671492495 0.476217559581146 -0.31558674314953317 -0.22661996756181635 -0.2693240198439204 -0.906326133051973 -0.9294574947047791 -0.2595376745292719 1.2457801684148961 2.627434193292138
4.239512166941566 5.453018985958023 5.434335963084603 4.7172637518476055 3.990405195295959 3.699483839124125 3.485963577713605 3.6959251681006164 3.7297325428239487 3.7146081909740367 3.7528639044767553 3.7146081909740367 3.4192384960228175 2.6443378806538043 1.5749572380894483 1.07496395928648 1.1630410671183196 1.3391952827819988 1.7333180986355843 1.4655281041165567 1.6069852773010265 1.7982638448146173 1.854312913434879 1.9566247053607533 2.2324217096826753 2.1861589863770625 1.201296780621038 0.8374226684672761 0.9290584473226244 1.22264880676209 1.2911532239646317 0.26091796265887135 -0.14566020177699412 0.10077776660098126 0.6577097817800883 0.39614746155220093 0.571412009460003 0.8160706423262241 -0.1429911985093626 -0.3903188346432156 1.286704885185246 3.2724433163030846 3.7199461975093
