static/data/seaWind_vo/2023/7/16/18.asc
ncols 137
nrows 93
xllcorner 108.0
yllcorner 17.0
cellsize 0.25
NODATA_value -32767
[rows 57 to 75 of 93, columns 86 to 128 of 137]
7.363135657826302 6.96812317421684 6.621152749424745 6.519730625254747 6.460122885610977 6.359590429196857 6.359590429196857 6.3097690348677355 6.1745395359744055 5.856928147126258 5.42899795654934 4.97971573983137 4.541109536183926 4.272429873909021 4.138979710527446 4.032219579822186 4.035778250845695 3.9654944981313984 4.000191540610608 4.035778250845695 4.046454263916221 4.0277712410428 3.9121144327787682 3.688807826053599 3.4539355385020265 3.2715536485472074 3.147000162724404 3.041129699775021 2.8756514971818676 2.64255854514205 2.4646249939666163 2.316050478735129 2.1754829733065364 1.971749057210665 1.7822498252088286 1.5874125866717286 1.324070930932087 1.1052126629863037 0.9779901738958687 0.9112650922050811 0.8240776521291187 0.7956082839410492 0.7706975867764887
7.080221311457363 6.753713245050442 6.576669361630886 6.528627302813518 6.3097690348677355 6.026854688498796 6.046427379128094 6.054434388930988 5.926322232084676 5.664759911856789 5.310672145017676 4.919218332431722 4.601606943583573 4.326699607017528 4.090047983954202 3.9236801136051715 3.846279018843858 3.8222579894351743 3.8596240351820152 3.87385871927605 3.8711897160084185 3.846279018843858 3.750194901209124 3.587385701883602 3.4245765025580805 3.259098299964927 3.131875810874492 3.0064326572958113 2.8151540897822205 2.571385124671876 2.3801065571582853 2.2439873905090786 2.1114268948833805 1.996659754375226 1.9050239755198777 1.700400391668129 1.3525402991201565 1.07496395928648 0.8240776521291187 0.7190968569356129 0.6710547981182458 0.6230127393008786 0.6069987196950897
6.9538884901228055 6.853356033708685 6.695884840918426 6.585566039189658 6.38717012962905 6.027744356254674 5.8604868181497665 5.880949176534941 5.830238114449942 5.5962554946542475 5.289320118876624 4.915659661408213 4.608724285630591 4.360506981740861 4.12207602316578 3.8596240351820152 3.720835865265177 3.689697493809476 3.7021528423917567 3.7199461975093 3.7146081909740367 3.687918158297722 3.66033845786553 3.5891650373953565 3.4370318511403606 3.342727069017381 3.227959928509226 3.084723419813002 2.9041208653699373 2.6790349231330137 2.468183664990125 2.3240574885380236 2.2021730059828517 2.104309552836363 2.066053839333645 1.8685475975289136 1.5802952446247114 1.2359938231002474 0.9673141608253426 0.6283507458361417 0.5420529735160564 0.49934892123395236 0.4530861979283396
7.041965597954645 6.94588148031991 6.830224672055879 6.704781518477198 6.406742820258346 5.961908942319763 5.797320407482487 5.766182036026786 5.71458130618591 5.557110113395652 5.309782477261798 4.985943414122509 4.667442357518484 4.410328376069982 4.086489312930693 3.831154666993946 3.635427760700969 3.5642543402307956 3.561585336963164 3.56603367574255 3.560695669207287 3.5998410504658827 3.6158550700716714 3.5749303533013217 3.461052880549044 3.36496876291431 3.2768916550824705 3.147889830480281 3.0073223250516885 2.778677711791256 2.5678264536483675 2.379216889402408 2.256442739091359 2.1550206149213618 2.1025302173246088 1.9272656694168069 1.7520011215090048 1.414817042031558 1.0972056531834091 0.757352570438331 0.5011282567457067 0.37301609989939455 0.30184267942922105
7.239471839759377 7.191429780942009 7.076662640433854 6.760830587097459 6.273292656876771 5.7759683813414355 5.638959546936351 5.60782117548065 5.606931507724773 5.469922673319689 5.348038190764518 5.138076600377506 4.81957554377348 4.439687412013929 4.114958681118763 3.8186993184116655 3.5891650373953565 3.4850739099577277 3.4156798249993088 3.4192384960228175 3.421017831534572 3.466390887084307 3.5055362683429028 3.4904119164929908 3.3889897923229935 3.2937953424441364 3.2048285668564196 3.11675145902458 3.000204983004671 2.787574389350028 2.599854492859946 2.411244928613986 2.2244146998797807 2.1167649014186436 2.034025800122067 1.8747752718200539 1.6959520528887433 1.4859904625017315 1.1683790736535826 0.8863543950405204 0.5687430061923715 0.36856776112000866 0.13547480908019072
7.463668114240422 7.421853729714195 7.1078010118895545 6.767947929144476 6.018847678695902 5.508178386822408 5.396969917337762 5.396080249581884 5.395190581826007 5.40675626265241 5.340031180961622 5.183449655927241 4.9921710884136505 4.601606943583573 4.209263463241742 3.890762406637716 3.5891650373953565 3.445038860943255 3.366748098426064 3.297354013467645 3.297354013467645 3.2955746779558908 3.326713049411592 3.3284923849233463 3.3053610232705397 3.2048285668564196 3.0500263773337926 2.957500930722567 2.8658651518672187 2.7261873141945037 2.5455847597514385 2.346299182434953 2.1550206149213618 2.019791116028032 1.9254863339050525 1.774242815405934 1.5829642478923427 1.381899335064103 1.2404421618796333 1.0046802065721838 0.7769252610676287 0.5304872926896533 0.2618076304147485
7.8275422263941845 7.516158511837174 7.1567327384628 6.540192983639923 5.814224094844153 5.394300914070129 5.278644105806098 5.288430451120747 5.278644105806098 5.317789487064694 5.244836731082765 5.103379557898296 4.954805042666809 4.701249732241816 4.332037613552791 3.996632869587099 3.66033845786553 3.5001982618076397 3.3347200592144866 3.254649961185541 3.1585658435508073 3.132765478630369 3.1585658435508073 3.1816972052036134 3.1639038500860703 3.062481725916073 2.8996725265905514 2.750208343603187 2.6674692423066104 2.562488447113105 2.4192519384168807 2.227083703147412 2.0598261650425047 1.918368991858035 1.807160522373389 1.7181937467856723 1.5660605605306768 1.4584107620695392 1.3249605986879642 1.2119727936915639 1.0820813013334973 0.847209013781925 0.646144100953685
8.148712286265841 7.74391345734173 7.190540113186131 6.487702586043168 6.066889737513269 5.811555091576522 5.651414895518631 5.6158281852835445 5.564227455442669 5.362272874858552 5.227043375965222 5.0820275317572445 4.862279596055584 4.65943534771559 4.446804754060946 4.162111072180252 3.856065364158507 3.62564141538632 3.375644775984836 3.17013152437721 3.031343354460372 2.930810898046252 2.930810898046252 2.977963289107742 2.9895289699341454 2.9041208653699373 2.739532330532661 2.558929776089596 2.442383300069687 2.382775560425917 2.279574100744165 2.171924302283028 2.0260187903191724 1.8525335779231247 1.7262007565885669 1.631895974465587 1.5375911923426073 1.4681971073841882 1.3801199995523485 1.3000499015234035 1.1888414320387575 1.038487581295516 0.9005890791345552
8.436964639170045 7.997468767766723 7.465447449752176 6.884494405164386 6.49659926360194 6.219022923768264 5.999274988066604 5.963688277831517 5.913866883502395 5.658532237565648 5.34714852300864 5.055337499080929 4.787547504561902 4.604275946851205 4.4476944218168235 4.24129150245332 3.9788395144695556 3.7012631746358795 3.4316938446050975 3.206607902368174 3.0295640189486175 2.888106845764148 2.7902433926176595 2.7244079786827493 2.7057249558093286 2.6363308708509097 2.504660042981089 2.3471888501908302 2.2119593512975007 2.2172973578327637 2.182600315353554 2.107868223859872 1.986873409060577 1.8311815517820726 1.6781586977711997 1.5091218241545379 1.3845683383317344 1.2466698361707733 1.0954263176716548 0.953079476731308 0.8125119713027156 0.698634498550438 0.6523717752448253
8.49746204656969 8.077538865795669 7.575766251480946 7.0731039694103455 6.700333179697813 6.498378599113694 6.21724358825651 6.078455418339672 5.946784590469852 5.723477983744682 5.414763272455305 5.030426801916368 4.723491426138745 4.51797817453112 4.3880866821730535 4.285774890247179 4.105172335804114 3.8222579894351743 3.570482014521936 3.341837401261504 3.138103485165632 2.9699562793048475 2.807147079979326 2.6247651900245064 2.54202608872793 2.426369280463898 2.2946984525940772 2.1692552990153966 2.0402534744132073 2.0411431421690844 1.9993287576428573 1.9450590245343502 1.9085826465433864 1.8409678970967216 1.716414411273918 1.4877697980134859 1.2902635562087545 1.0598396074365681 0.8561056913406968 0.6452544331978078 0.4299548362755332 0.26892497246176594 0.19953088750334702
8.460985668578727 8.023269132687162 7.528613860419455 7.060648620828065 6.8284453365441244 6.6496221176128145 6.331121061008787 6.0499860501516025 5.878280173267309 5.675435924927315 5.388962907534867 4.984164078610755 4.663883686494975 4.464598109178489 4.338265287843932 4.211932466509374 4.070475293324904 3.8889830711259616 3.650552112550881 3.4904119164929908 3.326713049411592 3.207497570124051 3.0304536867044947 2.7938020636411682 2.608751170418717 2.4770803425488968 2.324947156293901 2.1852693186211853 1.9904320800840858 1.8987963012287374 1.8258435452468098 1.7021797271798833 1.6363443132449729 1.6247786324185696 1.6354546454890957 1.504673485375152 1.2751392043588428 1.0189148906662184 0.7244348634708759 0.4691002175341288 0.1559371674653658 -0.03000339351296244 -0.14032219524173106
8.464544339602236 8.005475777569618 7.501034159987263 7.057979617560434 6.86759071780272 6.735030222177022 6.444998533761066 6.137173490227565 5.818672433623539 5.583800146071967 5.290209786632501 4.929004677746371 4.658545679959712 4.51797817453112 4.391645353196562 4.195918446903585 4.043785260648589 3.931687123408066 3.750194901209124 3.582047695348339 3.4459285286991324 3.3284923849233463 3.2564292966972954 3.0971787683952825 2.8952241878111655 2.6950489427388025 2.5349087466809124 2.315160810979252 2.0971922107893457 1.9681903861871566 1.84452656812023 1.7208627500533038 1.5963092642305003 1.5500465409248876 1.5713985670659396 1.5171288339574325 1.3214019276644555 1.0518325976336735 0.7502352283913138 0.43707217832255063 0.11946078947440153 -0.1332048531947141 -0.33160076275532235
8.555290450701706 8.13358793441593 7.535731202466472 7.071324633898591 6.874708059849738 6.760830587097459 6.521509960766501 6.158525516368617 5.803548081773627 5.549992771348634 5.268857760491449 4.968150059004966 4.796444182120673 4.6772287028331325 4.47082578346963 4.248408844500338 4.093606654977711 4.005529547145871 3.851617025379121 3.6292000864098286 3.417459160511063 3.3053610232705397 3.269774313035453 3.166572853353702 2.987749634422391 2.7893537248617823 2.5927371508129284 2.421920941684512 2.2573324068472362 2.1051992205922403 1.9450590245343502 1.7680151411147937 1.7048487304475148 1.6407926520243588 1.6007576030098862 1.5189081694691868 1.3507609636084021 1.0972056531834091 0.7591319059500854 0.4379618460784278 0.14259215112720813 -0.14210153075348542 -0.3404974403140941
8.584649486645654 8.149601954021719 7.621139307030681 7.149615396415783 6.876487395361492 6.7439268997357935 6.530406638325273 6.191443223336073 5.830238114449942 5.543765097057494 5.283982112341361 5.088255206048384 4.930784013258125 4.856051921764443 4.610503621142345 4.374741665834895 4.197697782415339 4.089158316198325 3.8978797486847334 3.63186908967746 3.3249337138998376 3.1185307945363343 3.072268071230722 2.9806322923753736 2.818712760805729 2.664800239038979 2.4975427009340714 2.3916722379846886 2.3551958599937244 2.1897176574005712 2.028687793586804 1.8649889265054052 1.7555597925325133 1.6657033491889195 1.5722882348218168 1.4272723906138385 1.2582355169971766 1.0420462523190248 0.7208761924473672 0.42639616525202473 0.16038550624475167 -0.09939747847138136 -0.29512438476435854
8.491234372278551 7.993020428987338 7.5277241926635785 7.157622406218676 6.883604737408509 6.665636137218602 6.433432852934661 6.183436213533177 5.8604868181497665 5.5606687844191605 5.272416431514958 5.079358528489612 5.009964443531193 4.990391752901896 4.758188468617955 4.534881861892785 4.351610304182089 4.127414029701043 3.921900778093417 3.6389864317244776 3.268884645279576 2.9984256474929167 2.798250402420554 2.707504291321083 2.617647847977489 2.480639013572405 2.352526856726093 2.3053744656646034 2.2902501138146913 2.2395390517296927 2.081178191183557 1.9219276628815438 1.7520011215090048 1.5776262413570799 1.4370587359284874 1.2884842206970002 1.101653991962795 0.8810163885052573 0.6292404135920189 0.37212643214351737 0.11679178620677044 -0.09939747847138136 -0.29779338803199007
8.323976834173644 7.783058838600326 7.389825690502617 7.009937558743067 6.69499517316255 6.461902221122731 6.307100031600104 6.130945815936425 5.843583130788099 5.503730048043021 5.208360353091802 5.0215301243575965 4.968150059004966 5.0464408215221574 4.886300625464267 4.6567663444479575 4.39876269524358 4.154993730133235 3.9396941332109607 3.6968148358564936 3.3507340788202753 2.981521960131251 2.7422013338002924 2.543805424239684 2.4557283164078445 2.411244928613986 2.278684432988288 2.1959453316917115 2.1398962630714498 2.114095898151012 2.044701813192593 1.9299346726844382 1.736876769659093 1.5109011596662922 1.355209302387788 1.1879517642828803 1.0020112033045523 0.7546835671706995 0.46732088202237443 0.21198623608562706 -0.043348409851120095 -0.2586480067733947 -0.43747122570470554
8.09889089193672 7.501923827743141 7.125594367007098 6.7670582613886 6.450336540296329 6.230588604594668 6.12916648042467 6.0446480436163395 5.791982400947224 5.436115298596357 5.112276235457068 4.920997667943476 4.8969766385347935 4.97971573983137 4.830251556844006 4.574027243151381 4.322251268238142 4.126524361945165 3.9281284523845574 3.7057115134152654 3.3881001245671163 2.9957566442252856 2.6212065190009977 2.362313202040742 2.2279733709032894 2.260891077870745 2.251104732556096 2.1309995855126784 2.066053839333645 1.9770870637459281 1.8827822816229485 1.7760221509176883 1.6345649777332185 1.4406174069519961 1.2146417969591954 1.0144665518868325 0.8222983166173643 0.6078883874509668 0.3000633439174667 0.0046936489662470215 -0.26754468433216605 -0.49174095881321245 -0.6732331810121548
7.889818969305585 7.2884035663326205 6.875597727605614 6.549979328954571 6.251050962979843 6.010840668893007 5.904080538187747 5.902301202675993 5.671877253903807 5.366721213637938 5.047330489278035 4.822244547041111 4.763526475153218 4.816016872749971 4.67811837058901 4.42367339240814 4.219939476312268 4.078482303127799 3.9441424719903466 3.751084568965001 3.4477078642108867 3.0553643838690556 2.6140891769539802 2.198614334959343 1.9468383600461046 1.9406106857549643 2.0366948033896985 1.965521382919525 1.8890099559140885 1.769794476626548 1.6283373034420783 1.4922181367928717 1.3685543187259452 1.2262074777855985 1.0456049233425335 0.8071739647674525 0.5589566608777226 0.30629101820860694 0.018038665304404677 -0.2782206974026922 -0.5477900274334742 -0.7604206210881173 -0.9570371951369712
7.6869747209655905 7.0437449334663995 6.609587068598341 6.356921425929226 6.17631887148616 5.967246948855026 5.751057684176875 5.699456954335998 5.475260679854952 5.2314917147446085 4.942349694084529 4.6870150481477815 4.551785549254452 4.506412493704716 4.360506981740861 4.137200375015691 4.009977885925257 3.9290181201404346 3.8747483870319273 3.750194901209124 3.4904119164929908 3.0927304296158966 2.608751170418717 2.1674759635036422 1.8943479624493516 1.7866981639882142 1.8365195583173357 1.8560922489466334 1.764456470091285 1.6123232838362895 1.42994139388147 1.2706908655794569 1.1319026956626188 1.0029008710604295 0.8614436978759596 0.6505924397330709 0.38013344194641197 0.07675673719229748 -0.21772329000304502 -0.4792856102309324 -0.7381789271911883 -0.9534785241134625 -1.1527641014299483
