static/data/seaWind_vo/2023/7/16/6.asc
ncols 137
nrows 93
xllcorner 108.0
yllcorner 17.0
cellsize 0.25
NODATA_value -32767
[rows 57 to 75 of 93, columns 43 to 85 of 137]
-1.5611216013775682 -2.1607576688387797 -3.1829859203416455 -4.4632178210488895 -5.548612483219035 -4.44453479817547 -2.2390484313559704 -0.8413803868729395 0.4788865628487775 2.0002184253987347 3.5936133761747424 5.349817526276271 6.058882727710374 5.922763561061167 5.5953658268983695 5.483267689657847 5.814224094844153 6.152297842077477 5.93788791291108 5.637180211424597 5.384514568755481 5.145193942424523 4.7768714914913755 4.473494786737261 4.3275892747734055 4.259974525326741 4.2831058869795475 4.318692597214634 4.356948310717352 4.5722479076396265 4.7475124555474295 5.048220157033912 5.433446295328725 5.825789775670556 6.2946446830178235 6.7341405544211455 7.148725728659905 7.581993925772085 7.872025614188042 8.037503816781195 8.056186839654616 8.067752520481019 7.936081692611198
-0.9970722441514437 -2.1803303594680767 -3.9427621838607467 -5.349326905902549 -5.557509160777807 -4.237242211056088 -2.2079100599002692 -0.537114014362948 0.5723016772158802 1.2270971455414756 2.4272589482197753 4.732388103697517 6.711009192768339 6.859583707999825 6.222581594791773 5.834686453229327 5.9547916002727455 6.175429203730284 5.767071703782664 5.243947063326889 4.949467036131546 4.726160429406377 4.437908076502175 4.078482303127799 3.9681635013990295 3.9183421070699085 3.9557081528167495 4.002860543878239 4.104282668048237 4.32314093599402 4.622958969724625 4.934342684281634 5.299106464191273 5.771520042562049 6.323114051205893 6.8044243071354416 7.357797651291039 7.851563255802867 8.336432182755924 8.594435831960302 8.869343168526347 8.955640940846433 8.801728419079682
-0.8467183934082025 -2.131398632894833 -3.8457883984701353 -4.872464988752387 -4.918727712057999 -3.5121629900161975 -1.7168134586560728 -0.07448678130682085 0.28760799533518666 0.7626905769735941 1.2689115300677025 3.472618561375447 5.839134792008714 7.8915983048173395 7.218119813618324 6.180767210265547 6.055324056686866 6.061551730978006 5.469033005563812 4.962812052469704 4.494846812878313 4.227056818359285 4.043785260648589 3.681690484006582 3.575820021057199 3.5838270308600935 3.614965402315794 3.746636230185615 3.9227904458492944 4.198587450171217 4.528654187601646 4.854272586252689 5.258181747420924 5.746609345397488 6.3845011263614175 6.897839421502544 7.578435254748577 8.289279791694433 8.797280080300297 9.315956381976685 9.645133451651239 9.874667732667547 9.810611654244392
-0.8511667321875884 -2.157198997815271 -3.0522047602277014 -4.022832281889691 -3.958776203466536 -2.635840250477187 -0.6732331810121548 0.9940041935016577 1.2964912304998948 0.17906852911817195 0.5536186543424597 2.0687228426012765 3.9459218075021005 6.485033582775538 7.888929301549709 6.909405102328947 5.891625189605467 5.789313397679592 5.169214971833206 4.6176209631893625 4.154104062377358 3.845389351087981 3.6398760994803547 3.287567668152996 3.1932628860300167 3.211945908903437 3.3142577008293115 3.449487199722641 3.7751055983736843 4.154104062377358 4.4975158161459445 4.857831257276198 5.26529908946794 5.812444759332399 6.4396605272258025 7.05620028204868 7.909391659934883 8.702975298177318 9.508124617246153 10.033028593213682 10.43604808662604 10.736755788112522 10.612202302289719
1.1479167152684078 -1.183902472885649 -2.0797979030539575 -2.517514438945524 -2.432106334381315 -1.4072090796108183 0.3863611162375522 1.953955702093122 0.9637554898018341 -0.15633621484752025 -0.1839159152797123 1.2769185398705971 2.8987828588346742 5.8853975153143265 7.2928519051120055 6.880935734140877 5.772409710317927 5.543765097057494 4.9067629838494415 4.336485952332177 3.895210745417102 3.585606366371848 3.284008997129488 2.935259236825638 2.8320577771438864 2.876541164937745 2.9788529568636193 3.274222651814839 3.6060687247570224 4.114069013362886 4.515309171263488 4.889859296487776 5.408535598164164 5.9565709357845 6.606028397574832 7.324879944323584 8.300845472520837 9.483213920081594 10.290142574662184 10.82216389267673 11.210059034239176 11.52233241655206 11.112195581092687
3.5046466005870256 0.7849322708705233 0.04294936246896519 -0.42145720609891635 -0.5246586657806676 0.08921208577457795 1.1265646891273557 1.2751392043588428 0.236896933250188 -0.42056753834303917 -0.5104239816866332 1.4335000649049787 3.601620385977637 6.372045777779137 6.615814742889482 6.220802259280019 5.734153996815208 5.44768097942276 4.808009862947076 4.256415854303232 3.8178096506557884 3.3987761376376424 3.0695990679630905 2.675476252109505 2.5215637303427547 2.571385124671876 2.7582153534060816 3.0695990679630905 3.4877429132253592 4.026881573286923 4.48950880634305 4.99839876270479 5.525082074184073 6.18877422006844 6.832004007567633 7.730568441003573 8.944964927775906 10.207403473365607 11.100629900266284 11.633540886036707 11.723397329380301 11.895103206264595 11.320377835967944
3.2626569709884357 2.421920941684512 1.8560922489466334 1.854312913434879 1.7253110888326897 1.2831462141617374 0.5954330388686866 0.4521965301724624 0.2502419495883452 -0.03623106780410268 0.09455009230984102 1.8338505550497042 4.463708441422613 5.863155821417397 5.927211899840554 5.804437749529504 5.774189045829681 5.495723038240127 4.905873316093565 4.42367339240814 3.9388044654550836 3.4797359034224646 3.036681360995635 2.5678264536483675 2.3747685506230223 2.3818858926700397 2.553591769554333 2.834726780411518 3.3089196942940484 3.879196725811313 4.501074487169453 5.048220157033912 5.741271338862225 6.432543185178785 7.322210941055953 8.327535505197153 9.673602819839306 10.896895984170413 11.778556730244686 11.968055962246522 11.937807258546698 11.530339426354956 11.033904818575497
2.7991400701764313 2.622985854512752 2.6576828969919615 2.723518310926872 2.628323861048015 2.1025302173246088 0.9228307730314842 0.06519105636589462 0.12924713478905048 0.7529042316589452 1.1238956858597242 1.1790550867241087 3.268884645279576 4.743064116768043 5.332913838914605 5.471702008831444 5.922763561061167 5.7955410719707325 5.1665459685655755 4.619400298701117 4.137200375015691 3.6701248031801788 3.1923732182741396 2.711952630100469 2.4459419710931956 2.437045293534424 2.473521671525388 2.6994972815181884 3.166572853353702 3.704821845659388 4.42990106669928 5.093593212583647 5.84981080507924 6.791968958553161 7.84444591375585 9.241224290483004 10.620209312092614 11.674465602807057 12.190472901215815 12.224280275939147 11.6104095243839 10.872874954761729 10.60241595697507
1.8569819167025106 1.896127297961106 1.9272656694168069 2.056267494018996 2.162137956968379 1.626557967930324 0.07675673719229748 -1.0807010132038979 -1.0904873585185464 -0.1545568793357659 0.8080636325233297 0.39970613257570964 2.0785091879159254 3.757312243256141 4.837368898891023 5.4610259957609175 5.964577945587394 6.22347126254765 5.711912302918279 5.069572183174964 4.59004126275717 4.139869378283323 3.582047695348339 3.201269895832911 2.8000297379323085 2.64878621943319 2.6140891769539802 2.778677711791256 3.2030492313446652 3.7146081909740367 4.376521001346649 5.068682515419086 5.919204890037658 7.008158223231312 8.396039922399694 10.234093506041923 11.596174840289866 12.341716419714933 12.492959938214051 11.992966659411083 10.994759437316901 10.307046262023851 10.31060493304736
3.501977597319394 3.26443630650019 2.8800998359612535 2.302705462396972 1.9032446400081233 0.8552160235848196 -0.1545568793357659 -0.8413803868729395 -0.604728763809613 0.08209474372756054 0.21554490710913576 -0.6171841123918931 1.716414411273918 3.2582086322090498 4.271540206153144 5.144304274668645 5.988598974996078 6.283079002191421 6.18877422006844 5.599814165677756 5.0766895252219815 4.5669099011043635 3.9681635013990295 3.566923343498427 3.141662156189141 2.967287276037216 2.8943345200552884 2.9494939209196724 3.273332984058962 3.8071336375852622 4.465487776934367 5.194125668997767 6.146070167786337 7.36669432884981 9.020586687025466 10.953834720546551 12.040119050472573 12.36128911034423 12.113961474210377 11.185148337074615 10.12822304309254 9.562394350354662 9.457413555161155
5.317789487064694 5.164766633053821 4.576696246419013 3.891652074393593 2.983301295643005 1.827622880758564 1.0891986433805148 0.46732088202237443 0.5376046347366705 -0.1056251527625216 -1.1972474892238067 -2.561108158983505 1.1870620965270031 2.7946917313970454 3.661228125621407 4.493957145122436 5.651414895518631 5.872052498976169 6.11671113184239 5.799099742994241 5.271526763759081 4.781319830270761 4.284885222491302 3.840051344552718 3.5446816496014977 3.3391683979938724 3.2288495962651034 3.284008997129488 3.5526886594043923 3.9975225373429764 4.626517640748133 5.3560452005674115 6.343576409591067 7.7768311643091845 9.548159666260627 11.176251659515843 11.731404339183197 11.92802091323205 11.379985575611714 10.467186458081741 9.742996904797726 9.278590336229845 9.25456930682116
5.871162831220292 6.302651692820718 5.800879078505996 5.35337619729978 4.565130565592609 3.5277779622398318 2.1576896181889933 1.4530727555342764 0.6239024070567558 -0.22306129653830808 -2.387622946587457 -3.000604030386826 0.9166030987403442 2.6514552227008212 3.519770952436937 4.22883615387104 5.244836731082765 5.444122308399251 5.7750787135855575 5.5668964587103 5.251064405373906 4.783988833538393 4.424563060164017 4.057130276986746 3.8649620417172783 3.6727938064478103 3.5695923467660586 3.6025100537335137 3.831154666993946 4.158552401156744 4.7270500971622536 5.457467324737409 6.493040592578431 7.935192024855322 9.613995080195537 11.08283654514874 11.395109927461627 11.203831359948035 10.717183097483225 10.333736294700165 9.846198364479477 9.632678103068958 9.755452253380007
6.0793450860955485 6.326672722229402 6.152297842077477 5.73949200335047 5.121172913015839 4.289333561270688 2.235090712950307 1.0776329625541115 -0.005092696348401926 -1.0344382898982851 -1.8858503322727347 -0.21683362224716785 2.6443378806538043 2.908569204149323 3.5277779622398318 4.037557586357449 4.826692885820497 5.124731584039348 5.308003141750044 5.384514568755481 5.174552978368469 4.826692885820497 4.541109536183926 4.313354590679371 4.183463098321305 4.001970876122362 4.006419214901748 4.014426224704643 4.155883397889112 4.42990106669928 4.869396938102601 5.48860569619311 6.524178964034133 7.815086877811904 9.419157841658437 10.63355432843077 10.944048375231903 10.704727748900945 10.362205662888234 10.133561049627803 10.162030417815872 10.164699421083505 10.283025232615167
6.355142090417472 6.382721790849663 5.723477983744682 5.312451480529431 4.424563060164017 3.6060687247570224 1.3952443514022606 0.0660807241217718 -1.130522407533019 -1.5646802724010769 -1.347601339967048 3.284008997129488 4.464598109178489 3.789340282467719 3.7430775591621064 4.1727870852507785 4.419225053628754 4.8418172376704085 4.924556338966985 5.123841916283471 5.005516104751807 4.79733384987655 4.563351230080855 4.439687412013929 4.343603294379195 4.184352766077182 4.268871202885513 4.328478942529283 4.604275946851205 4.836479231135145 5.090924209316016 5.582910478316089 6.5935730489925515 7.6869747209655905 9.084642765448622 10.007228228293245 10.365764333911743 10.304377258756219 10.18160310844517 10.077511981007541 10.261673206474114 10.474303800128757 10.511669845875598
7.14694639314815 6.335569399788174 5.662090908589157 4.5073021614605935 3.4530458707461493 2.2155180223210094 0.19063420994457525 -1.183902472885649 -2.7790767591734107 -3.220351966088486 -0.7417375982146965 4.59004126275717 4.557123555789715 3.7395188881385977 3.751084568965001 4.074033964348413 4.246629508988583 4.536661197404539 4.62117963421287 4.89163863199953 4.878293615661372 4.675449367321378 4.418335385872877 4.284885222491302 4.324030603749897 4.176345756274287 4.275098877176653 4.5375508651604175 4.814237537238217 5.181670320415487 5.399638920605392 5.803548081773627 6.550868996710449 7.5873319323073485 8.571304470307496 9.461861893940542 9.915592449437897 9.999221218490352 10.058828958134121 10.066835967937015 10.251886861159466 10.405799382926215 10.427151409067267
7.978785744893303 7.001930548940171 5.889845854093712 4.62117963421287 3.0171086703663375 1.3196225921527012 -0.7444066014823281 -2.7239173583090266 -4.28706360538521 -3.7203452448914542 -0.6492121516034715 3.3142577008293115 3.3400580657497496 3.1781385341801047 3.5482403206250064 3.87385871927605 4.084709977418939 4.219939476312268 4.332037613552791 4.735946774721025 4.748402123303306 4.644310995865677 4.391645353196562 4.136310707259815 4.242181170209197 4.069585625569027 4.153214394621481 4.46103943815498 4.8382585666469 5.245726398838643 5.599814165677756 5.989488642751955 6.541082651395799 7.286624230820866 8.238568729609435 9.22076193209783 9.727872552947815 9.888012749005705 9.946730820893597 9.976979524593421 10.007228228293245 10.145126730454207 10.290142574662184
8.678064601012757 7.8969363113526025 6.788410287529652 5.428108288793462 3.7484155656973694 1.6817173687947085 -0.24530299043523707 -2.051328534865888 -2.7141310129943776 -1.8956366775873836 -0.021996383710067846 2.3756582183788995 2.603413163883454 2.60786150266284 2.8694238228907274 3.3996658053935196 3.8658517094731555 3.9735015079342926 4.1727870852507785 4.674559699565501 4.777761159247253 4.728829432674008 4.669221693030238 4.493957145122436 4.303568245364723 4.141648713795077 4.292002564538318 4.513529835751734 4.852493250740935 5.167435636321452 5.494833370484249 5.799099742994241 6.192332891091949 6.916522444375964 7.915619334226024 8.974323963719852 9.934275472311317 10.247438522380081 10.250107525647712 10.092636332857452 10.035697596481315 10.085518990810437 10.267011213009377
9.31773571748844 8.528600418025393 7.476123462822702 6.243933620932825 4.869396938102601 3.052695380601424 1.5162391662015553 0.4041544713550955 0.13725414459194507 0.6425854299301765 1.5082321563986607 2.2003936704710974 2.2671187521618847 2.2003936704710974 2.3801065571582853 2.9059002008816917 3.4984189262958854 3.8124716441205253 4.235953495918057 4.707477406532956 4.958363713690318 5.138076600377506 5.219926033918205 5.072241186442595 4.613172624409977 4.57758591417489 4.73149843594164 4.814237537238217 4.93256334876988 5.077579192977858 5.1016002223865415 5.285761447853115 5.727036654768191 6.521509960766501 7.5828835935279635 8.80261808683556 9.983207198884562 10.687824061539278 10.844405586573659 10.606864295754455 10.488538484222792 10.463627787058233 10.434268751114285
9.993883211955088 9.093539443007394 7.928964350564181 6.692326169894917 5.466364002296181 4.02154356675166 2.8943345200552884 2.0455914809484703 1.599867935254009 1.4557417588019077 1.7128557402504092 1.779580821941197 1.642571987536113 1.627447635686201 1.9619627118960163 2.580281802230648 3.342727069017381 3.911224765022891 4.283995554735425 4.624738305236379 4.99839876270479 5.297327128679519 5.435225630840479 5.423659950014077 5.155869955495049 5.117614241992331 5.066903179907332 5.052668495813297 4.880962618929004 4.70925674204471 4.555344220277961 4.875624612393741 5.445011976155128 6.415639497817118 7.603345951913138 8.96275828289345 10.210962144389116 11.018780466725584 11.24653541223014 11.153120297863037 11.182479333806983 11.088174551684004 10.69049306480691
