static/data/ASCData/20210106/ASCV/03.asc
ncols 97
nrows 97
xllcorner 99.0
yllcorner 2.0
cellsize 0.25
NODATA_value -32767
[rows 76 to 94 of 97, columns 43 to 85 of 97]
-5.677000658760201 -5.64761341898215 -5.838030737952172 -5.991264202509152 -6.2980310014167635 -6.658474493388365 -6.674967332039312 -6.590104180435349 -6.410482174036855 -6.195475531987238 -6.008056910953751 -5.87131628504772 -5.715983731935166 -5.55885196006069 -5.284471098867666 -4.933923310086632 -4.474822656003002 -4.202241013571898 -4.01302317377649 -3.8187075474889705 -3.54132798835941 -3.1329053294032354 -2.928993869718801 -2.71608631622476 -2.69929360778016 -2.605734232160243 -2.0812619630601334 -1.5196058395469794 -0.6496835681579465 -0.61729763044336 -1.2950033641004486 -2.2383937349346086 -3.152396865990718 -3.965044006791917 -4.302097654858541 -4.589073047385016 -4.767795444402548 -4.723714584735473 -4.525500651130457 -4.474822656003002 -4.483518880018956 -4.464926952812434 -4.417247655621514
-5.458095709393088 -5.4425024801231014 -5.681798575458657 -5.986466285810694 -6.2638458449402545 -6.395788554147829 -6.4053843875447445 -6.240456001035276 -6.060833994636782 -5.892906910190778 -5.7129850339986294 -5.655410033617143 -5.567548184076644 -5.4152143289006265 -5.297965239582076 -4.958212763372572 -4.715018360719519 -4.44363619746303 -4.228629555413414 -3.968942314109414 -3.678068614265442 -3.493348821374837 -3.3772992112309024 -3.2345611894517985 -3.205173949673748 -2.971875250211263 -2.4563990749207605 -1.6995277157391269 -0.7102572664759692 -0.3234252326628524 -0.6994619539044407 -1.6827350072945264 -2.788354936495273 -3.58990689493129 -3.881980073949876 -4.1662566383334685 -4.31379257681103 -4.292201951667972 -4.1818498676034555 -4.345878644731963 -4.447534504780526 -4.494314192590484 -4.428942577574004
-5.104549222675518 -5.161224613676044 -5.348943104503185 -5.545957558933587 -5.725879435125734 -5.862620061031766 -5.816739982602769 -5.650612116918685 -5.61162904374372 -5.465892324028081 -5.451498573932708 -5.426909250853115 -5.403519406948137 -5.299164718756691 -5.20530547334312 -5.170220707485652 -4.9261266954516385 -4.715917970100479 -4.495213801971445 -4.082293096110467 -3.7317453073294327 -3.544026816502292 -3.256151814594856 -3.0588374903708013 -2.658511315843273 -2.424013137206174 -2.399723683920234 -1.6995277157391269 -0.6985623445234799 -0.24815791445580393 -0.5462284893474614 -1.4524350057685778 -2.5460601432231806 -3.1682899650543574 -3.461262753453904 -3.702358067551382 -3.8352003861399178 -3.852592834171825 -3.8352003861399178 -4.097886325380453 -4.464926952812434 -4.49731289052702 -3.968942314109414
-4.5539882815275465 -4.63975104251247 -4.759099220386595 -4.79808229356156 -4.934822919467592 -5.1321372436916475 -5.082358857945153 -4.966908987388525 -4.92792591421356 -5.0490733108496055 -5.159425394914123 -5.145631384406059 -5.1720199262475735 -5.100650915358021 -5.026583076325587 -5.044275394151149 -5.0031932324206085 -4.8214721374665395 -4.555787500289468 -4.118277471348896 -3.6028012960583937 -3.067533714386755 -2.5655516798106635 -1.8164769352640229 -1.4221481566095662 -1.5792799284840418 -1.65454724669109 -1.343882140465982 -0.4289794000289122 -0.36930531109184983 -0.5168412495694108 -1.212239301052061 -2.2656818861570844 -2.8966079320042146 -3.3829967373103202 -3.6534792911858487 -3.6105979106933868 -3.5842093688518717 -3.649580983868352 -3.7677296825678623 -4.200441794809977 -4.109581247332942 -3.4825535088033086
-3.8187075474889705 -3.8750830686958437 -3.9572473921569244 -4.048107939633959 -4.1878472634765265 -4.374366275129053 -4.433740494272461 -4.359672655240027 -4.404353254494411 -4.517704036495464 -4.589972656765976 -4.660442058274567 -4.748303907815066 -4.667339063528599 -4.571380729559454 -4.5108070312414315 -4.471823958066466 -4.341080728033505 -4.0801940075548915 -3.6642746037573772 -3.0501412663548475 -2.32145766777665 -1.5606880012775197 -0.625094245078353 -0.36930531109184983 -0.625094245078353 -0.8362025798104726 -0.585211562522427 -0.37410322779030736 -0.6445857816658354 -0.508145025553457 -0.8206093505404866 -2.141835661378156 -3.1242091053872816 -3.68376614034486 -4.146765101745986 -4.072397392919899 -3.626191139963373 -3.5794114521534146 -3.5167386652798163 -3.5344309831053775 -3.3350175703257476 -2.166125114664096
-3.2930357992142465 -3.320623820230376 -3.204274340292787 -3.130206501260353 -3.2531531166583205 -3.433674732437775 -3.5530229103118995 -3.686764838281396 -3.862488537362393 -4.051106637570495 -4.041210934379927 -4.022619007173405 -3.9269605429979126 -3.714952598884832 -3.5167386652798163 -3.4102848885327957 -3.3029315024048147 -3.165291267117822 -2.964978244957231 -2.621327461430229 -2.169123812600632 -1.5393972459281158 -0.8625911216519877 -0.33122184729784543 -0.36750609232992826 -0.5696183332524409 -0.5921085677764593 -0.5861111719033878 -0.8284059651754796 -0.8146119546674151 -0.49914893174384956 -0.4580667700133092 -1.0305182060979918 -1.7666985495175287 -2.445603762349232 -3.3907933519453133 -4.294001170429894 -3.9425537722678987 -3.2600501219123528 -3.0783290269582837 -2.7754605353681687 -1.618263001659007 -0.07843161124787823
-2.922096864464769 -2.869319780781739 -2.5841436070171855 -2.2314967296805763 -2.1595279792037174 -2.2911708186176387 -2.578446080937767 -3.0462429590373508 -3.5110411392003984 -3.8459956987114463 -3.8459956987114463 -3.6270907493443336 -3.3038311117857755 -2.9601803282587738 -2.5520575390962525 -2.2219008962836617 -1.934625633963533 -1.7756946433271361 -1.7376111795331315 -1.6377545382464895 -1.525603235420051 -1.227832530322047 -0.8907788822554239 -0.6643771880469718 -0.4424735407433231 -0.1087184604068896 -0.0070626003583265096 -0.5099442443153785 -1.157363128813456 -0.8889796634935023 -0.5042467182359607 -0.10272106453381813 0.07000393661064352 -0.040348147453873384 -0.3273235399803487 -1.1399706807815484 -2.2042085784581005 -2.655512617906737 -2.611431758239661 -2.2500886568870984 -1.542096074070998 0.12488010884924838 1.8533295994684784
-2.49238345015919 -2.4983808460322616 -2.3967249859836985 -2.119345426854138 -1.892643862852032 -1.9649124831225444 -2.260883969458627 -2.7286808475582105 -3.2600501219123528 -3.663374994376417 -3.8948744750769797 -3.7140529895038714 -3.3431140547543943 -2.8762167860357715 -2.313661053141657 -1.633856230928993 -1.2062419051789894 -0.9162678147159782 -0.8146119546674151 -0.7522390375874703 -0.9894360443674515 -1.37806729694249 -1.5342994594360049 -1.0314178154789526 -0.12041338235937937 0.3503821936767402 0.09249417113466185 -0.6721738026819648 -1.267715212877973 -1.0820958106064076 -0.8215089599214473 -0.5882102604589625 -0.3723040090283858 -0.26674984166232596 -0.3321214566788062 -0.3000353887578733 -0.7630343501589993 -1.3975588335299727 -1.7882891746605865 -1.2824088327669982 -0.2199701538523673 1.1930163138432976 2.451869707601023
-2.5646520704297027 -2.5499584505406774 -2.5178723826197444 -2.301066521808207 -2.089058577695126 -2.080362353679172 -2.304964829125703 -2.5205712107626264 -2.9697761616556884 -3.430975904294893 -3.68376614034486 -3.56561744164535 -3.2168688716262372 -2.761966394653758 -2.1955123544421467 -1.499214693578536 -0.9045728927634888 -0.5960068750939556 -0.5303353902838217 -0.5402310934743899 -0.8799835696838954 -1.4356422973239773 -1.6311574027861109 -1.1963462019884212 -0.31952692534535565 0.13657503080173816 -0.14770153358185478 -0.7630343501589993 -1.1837516706549707 -1.1348728942894373 -1.1768546654009384 -1.0677020605110359 -0.8733864342235163 -0.7024606518409762 -0.7708309647939924 -0.8868805749379276 -0.7786275794289854 -0.769631485619378 -0.6358895576498815 0.021425030038763726 1.0661713911278334 1.9735773867235635 3.041713591717613
-2.8771163954167323 -2.7490719935266537 -2.7043913942722706 -2.5811449090806495 -2.4522008978096106 -2.400623293301195 -2.3586415221896937 -2.5547563672391345 -2.6594109252242335 -3.0285506412117895 -3.2540527260392813 -3.1682899650543574 -2.79315285319373 -2.326255584475107 -1.7951861799146187 -1.328288911195996 -0.7549378657303527 -0.5363327861568936 -0.4640641658863811 -0.5657200259349442 -0.8392012777470086 -1.2980020620369845 -1.517806620785058 -1.209240603115525 -0.6613784901104358 -0.1953808307727738 -0.09282536134324992 -0.6026040105543347 -0.8469978923820016 -0.8332038818739367 -0.8811830488585093 -0.8245076578579829 -0.7471412510953597 -0.7873238034449392 -0.8565937257789158 -1.1105834410034974 -1.095889821114472 -0.42598070209237626 0.14227255688115603 0.8700565460783927 1.7771626718804696 2.6188971826660663 3.1229783057977323
-2.9083028539567044 -2.743374467447236 -2.6546130085257764 -2.627024987509647 -2.5100757679847514 -2.3967249859836985 -2.3538436054912366 -2.3781330587771765 -2.4836872261432363 -2.5988372269062108 -2.7892545458762337 -2.7979507698921875 -2.5403626171437628 -2.089058577695126 -1.6233607881511178 -1.1729563580834421 -0.9981322683834053 -0.7825258867464822 -0.5606222394428335 -0.6145988023004776 -0.8245076578579829 -1.1798533633374744 -1.301900369354481 -1.0149249768280058 -0.49615023380731405 -0.46496377526734145 -0.3839989309808751 -0.2892400761863443 -0.36840570171088904 -0.29523747205941575 -0.216071846534871 -0.1291096063753332 -0.33991807131379925 -0.39869255086990085 -0.7471412510953597 -1.0071283621930127 -1.0928911231779361 -0.4580667700133092 0.42864820982032414 1.2733814185424568 2.0623388456450233 2.5634212708401543 3.0564072116066385
-2.713987227669185 -2.5022791533497584 -2.364339048269112 -2.3508449075547007 -2.2383937349346086 -2.123243734171634 -2.091157666250701 -2.115447119536641 -2.084260660996669 -2.1652255052831353 -2.298067823871671 -2.3850300640312088 -2.261783578839588 -1.9181327953125862 -1.4710269329750996 -1.3663723749900005 -1.1915482852899637 -1.0167241955899273 -0.772630183555914 -0.6973628653488655 -0.8068153400324221 -1.0704008886539178 -0.8907788822554239 -0.555824322744376 -0.3225256232818916 -0.29133916474191945 -0.4250810927114155 -0.21907054447140695 0.09159456175370106 0.2985047193746708 0.3776703448992156 0.3093000319461998 0.033119951991253505 -0.6709743235073504 -1.0197228935264628 -1.2140385198139825 -1.254221072163562 -0.5246378642044038 0.49192073628122923 1.3894310286863916 1.9636816835329953 2.405090019791064 2.49774978603002
-2.577246601763153 -2.3487458189991255 -2.151431494775071 -2.0860598797585905 -1.9757077956940734 -1.8860467273916532 -1.8458641750420735 -1.7619006328190714 -1.70732433037412 -1.620362090214582 -1.6965290178025911 -1.7639997213746466 -1.680935788532605 -1.3870633907520975 -1.3066982860529384 -1.2131389104330217 -1.0820958106064076 -0.8955767989538814 -0.8643903404139088 -0.8284059651754796 -0.6934645580313687 -0.7432429437778629 -0.5168412495694108 -0.14860114296281557 0.03971708745163216 -0.07543291331134228 -0.3018346075197944 -0.027453746326769668 0.3524812822323149 0.6892350605052844 0.5866795910757605 0.3365881831686752 -0.27154775836078304 -1.0820958106064076 -1.8047820133115333 -2.039280191948632 -1.5363985479915798 -0.6077017970464453 0.49791813215430114 1.3258586324318329 1.8044508231029455 1.9372931416914807 1.9948681420729684
-2.7451736862091574 -2.472891913571708 -2.263882667395163 -2.115447119536641 -1.9181327953125862 -1.78439086734309 -1.6935303198660554 -1.5900752410555705 -1.454234224530499 -1.3186930777990815 -1.2335300564014648 -1.1702575299405598 -1.1135821389400333 -1.1477672954165414 -1.112382659765419 -0.8496967205248835 -0.7540382563493919 -0.7834254961274425 -0.7432429437778629 -0.6008047917924131 -0.4199833062193048 -0.3615086964568568 -0.3810002330443396 -0.18758421613778076 -0.1905829140743167 -0.1770887733599058 -0.0010652044852546005 0.32999104770829657 0.45773557980472157 0.6454540706318621 0.4646325850587538 0.3386872717242504 -0.3576103891393605 -1.3918613074505548 -2.122344124790674 -2.186816130426193 -1.5753816211665452 -0.718953490491923 0.2907081047396778 1.0358845419688216 1.4940855866714906 1.5543594151958602 1.443107721750382
-3.161392959800325 -2.772761707225287 -2.365538527443726 -2.0635696452345718 -1.8770506335820458 -1.7511053202475426 -1.6662421686435795 -1.576281230547506 -1.4377413858795522 -1.3001011505925595 -1.15436443087692 -0.9708441171609294 -1.0898924252414006 -1.1885495873534282 -0.874286043604477 -0.5294357809028614 -0.4151853895208477 -0.419083696838344 -0.28234307093231203 -0.02475491818388731 0.11798310359521613 0.25772242743778406 0.3131983392636961 0.15996487470671727 -0.13510700224840466 -0.26195192496386843 0.03012125405471755 0.5126117520433264 0.6139677422982359 0.6238634454888041 0.5836808931392246 0.6316600601237972 -0.08802744464479284 -1.1867503685915066 -1.9034391754235607 -1.944521337154101 -1.5636866992140557 -0.9426563565574932 -0.26375114372579 0.4334461265187812 0.9891048541588634 1.1159497768743276 0.9804086301429096
-3.507142831882902 -2.917298947766312 -2.3712360535231443 -1.987402717646563 -1.6956294084216303 -1.5588887825155984 -1.5226045374835153 -1.5432955532456123 -1.5459943813884944 -1.5139083134675615 -1.3585757603550075 -1.1858507592105458 -0.9336602627478858 -0.5597226300618727 -0.11351637710534668 0.12488010884924838 0.27211617753315576 0.37587112613729445 0.3131983392636961 0.22443688034223674 0.24872633362817664 0.29370680267621374 0.3434851884227079 0.43734443383627797 0.3503821936767402 0.18155549984977482 0.1725594060401674 0.3101996413271606 0.4088568034391882 0.5710863618057744 0.8454672229987996 1.1267450894458562 0.6637461280447301 -0.41338617075892614 -1.2257334417664718 -1.330387999751571 -1.0626042740189248 -0.7765284908734102 -0.3567107797583997 0.1677614893417103 0.4988177415352615 0.5243066739958158 0.3386872717242504
-3.6105979106933868 -3.0000630108146997 -2.392826678666202 -2.0098929521705813 -1.8194756332005586 -1.749306101485621 -1.7580023255015749 -1.7822917787875148 -1.6797363093579907 -1.4170503701174555 -0.8430995850645049 -0.6652767974279326 -0.4337773167273693 0.019325941483188558 0.29670550061274925 0.3767707355182548 0.48232490288431507 0.5135113614242872 0.4196521160107167 0.2997041985492852 0.17375888521478178 0.12278102029367366 0.17645771335766414 0.34258557904174713 0.48232490288431507 0.37856995428017637 0.2409297189931836 0.2802126619618024 0.3494825842957794 0.39326357416920166 0.5455974293452202 0.723420216981792 0.46373297567779304 -0.11741468442284342 -0.7366458083174843 -0.7912221107624355 -0.5147421610138356 -0.2883404668053835 0.041816176007206884 0.19025172386572864 -0.11141728854977195 -0.3087316127738271 -0.6319912503323852
-3.5266343684703845 -3.12240988662536 -2.6525139199702013 -2.2590847506967053 -2.050075504520161 -1.84976248235957 -1.6584455540085865 -1.2335300564014648 -1.0548076593839317 -0.8439991944454657 -0.47096117114041336 -0.4817564837119419 -0.34111755048841363 -0.016658433755240676 0.1578657861511421 0.2517250315647126 0.22833518765973349 0.18725302592919313 0.1824551092307356 0.21843948446916528 0.22053857302474045 0.29280719329525295 0.24302880754875877 0.025323337356260467 0.11798310359521613 0.13267672348424142 0.058309014658153746 0.014528024784731475 0.05561018651527183 -0.03435075158080192 -0.05774059548578103 -0.06163890280327777 -0.20047861726488492 -0.6086014064274061 -0.7492403396509348 -0.7540382563493919 -0.523738254823443 -0.2754460656782798 -0.14080452832782253 -0.14380322626435849 -0.39089593623490737 -0.8469978923820016 -1.2002445093059175
-2.9973641826718174 -2.9424880104332125 -2.7277812381772497 -2.332252980348179 -1.9328264152016115 -1.7004273251200877 -1.1789537539565136 -0.7540382563493919 -0.6505831775389073 -0.5216391662678679 -0.5324344788393969 -0.4874540097913602 -0.28054385217039046 -0.12131299174034016 0.04361539476912846 0.11798310359521613 0.10418909308715163 0.13567542142077738 0.1335763328652022 0.1920509426276502 0.34258557904174713 0.41785289724879515 0.18425432799265717 -0.049943980850787995 -0.274546456297319 -0.274546456297319 -0.2979363002022981 -0.3177277065834341 -0.2844421594878872 -0.37920101428241804 -0.47186078052137415 -0.6826692454598402 -0.8206093505404866 -1.0080279715739735 -1.1426695089244303 -1.1006877378129296 -0.9318610439859643 -0.7090577873013553 -0.4922519264898173 -0.40259085818739715 -0.523738254823443 -0.9690448983990083 -1.4104532346570766
