static/data/ASCData/20210106/ASCV/06.asc
ncols 97
nrows 97
xllcorner 99.0
yllcorner 2.0
cellsize 0.25
NODATA_value -32767
[rows 19 to 37 of 97, columns 0 to 42 of 97]
0.4497601812355483 0.3599464584498908 0.3971420406136481 0.845303445220869 1.1207926757182896 1.2934648498280894 1.5492978783690536 1.7661209061041263 1.5093806682420943 1.467346636365979 1.604940050061178 1.6959633852749252 1.6363899731915095 1.5260128391283279 1.3297532226707793 1.0358174026449913 0.7007547600641537 0.5123576243891885 0.7028715818133109 1.166757947985697 1.3491070215202137 1.0905523650160478 0.9487253078225346 0.9245330592607419 0.8570971663947433 0.5982401067835545 -0.014126184936837927 -0.7329383703291215 -1.1390657430602262 -1.1420897741304503 -0.9993555076158702 -0.607743484021841 -0.2787289035814524 -0.46924286100557433 -2.185985299571831 -3.9955654919939696 -5.785489482459651 -6.976050514806904 -6.988751445301845 -6.417511976136501 -5.099941638839834 -4.1147123161608015 -3.2601211357154534
0.4957254535029554 0.3493623497041063 0.6647687903284862 1.261410120483713 1.7301349363684584 1.8677283500636581 1.7292277270473915 1.7280181146193017 1.546576250405852 1.6636062528235267 1.7340661767597498 1.6518125316496524 1.5269200484493948 1.3122138424634797 1.1138374042567745 0.9284642996520334 0.7585137535054352 0.5377594853790715 0.34240707824259076 0.4860485540782382 0.7545825131141437 0.9789656185247764 0.9224162375115852 0.9000384075919263 0.7827060020672287 0.37567142001505616 -0.26209673269521927 -0.8596452721715138 -0.9984482982948029 -0.8499683727467966 -0.29808270243088675 0.10411342990892658 -0.7404984480046819 -2.220156850665364 -4.092032083134121 -5.484900794079369 -6.8626493496734975 -7.204364860608827 -7.089149276833287 -6.470130116758401 -5.487622422042572 -4.3723597633439 -2.8996566321447332
0.37839304797825823 0.46729956144284834 0.8716125155318193 1.368763223476671 1.833556798970125 1.9508892044948225 1.861982691030232 1.747674316575759 1.5365969478741124 1.654836562719877 1.6626990435024598 1.446783225088455 1.3227979512092642 1.1782492660525485 1.0367246119660583 0.9184849971202937 0.8023622040236855 0.7222253806627452 0.5044951436066056 0.2290059131091846 0.4216366922824637 0.7476272416526282 0.9342099586854586 0.9517493388927591 0.7817987927461614 0.3910939784731995 -0.2757048725112279 -0.8950264356931363 -0.9700224062346958 -0.72900712993783 -0.6791106172791315 -1.0531832606658602 -2.258259642150189 -3.989517429853521 -5.583484206968677 -6.535449187875243 -7.109712688110811 -7.252446954625391 -6.931899661181631 -6.255121507665463 -5.231789393501607 -3.9193599090243207 -2.301200883347372
0.35692242737966673 0.6070097968872048 1.0349101933239235 1.503635009208669 1.703825866057508 1.819041449833049 1.7222724555858755 1.5925415226732587 1.4313606666303111 1.5728853207168023 1.6088712904524693 1.4721850860783374 1.3140282611056135 1.0016458515514581 0.8951999578795671 0.9381411990767501 0.9753367812405078 1.017068410009601 0.8462106545419359 0.6254563864155722 0.6714216586829793 0.9429796487891093 0.8501418949332273 0.8725197248528862 0.8208087935520534 0.48211731368694677 -0.1985920802205121 -0.8520851944959533 -0.9252667463953781 -0.9397820955324541 -1.257305357905991 -2.5842501915203533 -4.059977353789744 -5.040368226756417 -6.160469335167447 -6.775859657958064 -7.139045789491986 -7.018084546683019 -6.51004732688536 -5.705352659098711 -4.280731621916108 -2.8128669404293 -1.5745262171725056
0.5583228966565956 0.7935925139200357 1.1207926757182896 1.4860956290013685 1.6871936951712754 1.4077732242825625 1.31100423003539 1.317052292175838 1.267155779517139 1.4234981858477282 1.5202671800949017 1.4761163264696289 1.3451757811289222 1.0327933715747668 0.7282734428031938 0.7712146840003768 1.0288621311834754 1.0932739929792503 1.0415630616784166 1.0630336822770086 1.109906163865483 1.1431705056379484 1.0494255424609995 0.7975237543113272 0.7446032105824041 0.4431073128810552 -0.22883239092275343 -0.8275905428271377 -1.07949233097681 -1.4378400127983735 -2.7532935283458837 -4.082355183709403 -4.7727414770415795 -5.754341962436342 -6.337375152775561 -6.828477798579964 -6.988751445301845 -6.663365702145725 -6.051301813532355 -4.933922333084527 -3.5071844741527674 -2.3178330542336045 -1.0785851216557432
0.8589115850368771 1.0055770919427496 1.0191852317587577 1.4086804336036303 1.510287877563162 1.231169809781472 0.9789656185247764 0.9968074018390989 1.0757346127719498 1.1616170951663158 1.3122138424634797 1.3999107434999796 1.2526404303800631 0.7331118925155522 0.4273823513158894 0.4742548329043639 0.7349263111576869 0.8316953054048599 0.8873374770969842 1.053356782852291 1.2710870199084305 1.2868119814735963 1.1567786454539575 0.90306243866215 0.5298970045964886 0.18818149366115833 -0.4456554186578261 -0.99058581751222 -1.6156530397275541 -2.7747641489444757 -4.141021386471752 -4.822637989700278 -5.513931492353521 -5.991728401448938 -6.51881701698901 -6.722939114229141 -6.777674076600198 -6.331327090635112 -5.549312655875144 -4.442819687280123 -3.171214622250863 -1.9797463805825433 -1.1058014012877604
1.0630336822770086 1.024023681471117 0.9538661606419159 1.1598026765241811 1.2592932987345562 1.1764348474104147 0.9372339897556832 0.8930831361304103 0.8707053062107515 0.8462106545419359 1.2211905072497324 1.2828807410823049 0.752465691364987 0.3315205663897838 0.27406397605552435 0.34331428756365767 0.20481366454739103 0.301280255687542 0.5241513455630629 0.7672834436090854 1.0376318212871252 1.0699889537385237 0.9653574787087682 0.8032694133447529 0.4068189400383653 -0.21220022003652073 -0.8354530236097206 -1.468080323500615 -2.8618562437669315 -4.10201138566586 -4.831407679803927 -5.431073041029379 -5.8607878561082325 -6.295341120899445 -6.559036630222991 -6.686045935172406 -6.5481501183701845 -5.928223748974231 -5.2094115635819485 -4.060884563110811 -2.658641355847868 -1.0921932614717518 -0.15655804834439602
1.13833205592559 0.9175777877992259 0.8942927485585002 0.974127168812418 1.0503327517820673 1.1401464745677248 1.2018367084002972 1.0464015113907759 0.770005071572287 0.8032694133447529 1.4428519846971635 1.38237136329268 0.8764509652441776 0.6919850699605039 0.6393669293386033 0.4645779334796467 0.21146653290188455 0.11106870137044211 0.38716273808190804 0.5386666947001388 0.45852987133919854 0.47334762358329696 0.4304063823861135 0.3493623497041063 0.1010893988387025 -0.567826273894882 -1.3625416391497918 -2.192638167926324 -3.947785801084428 -4.955392953683118 -5.413533660822079 -5.786396691780718 -6.209458638505078 -6.48373825657441 -6.620424460948541 -6.5617582581861935 -6.301993989253938 -5.754341962436342 -4.910637293843801 -3.3314882689727434 -1.382197841106249 0.18425025326986688 0.6206179367032134
1.1939742276177143 0.8628428254281686 0.770005071572287 0.712548481238028 0.8413722048295775 1.1059749234741916 1.2505236086309064 1.1216998850393574 0.9438868581101763 1.1510329864205313 1.7192484245156519 1.703825866057508 1.6197578023052768 1.5982871817066848 1.511195086884229 1.2487091899887717 0.9106225163377109 0.7857300331374528 1.067872131989367 0.6928922792815708 0.09836777087550086 -0.16139649805675482 -0.17621425030085325 -0.09033176790648678 -0.17621425030085325 -0.7063268969111487 -1.6174674583696886 -2.769925699232117 -4.692907056787661 -5.553243896266435 -5.85292537532565 -6.071562821702857 -6.308042051394386 -6.508232908243226 -6.622541282697699 -6.552988568082544 -6.258145538735688 -5.721984829984944 -4.60006930293178 -2.4681273984237455 -0.6528015469681812 0.2770880071257489 0.3647849081622492
1.1803660878017062 0.888244686418052 0.7944997232411026 0.7104316594888709 0.8422794141506444 1.073920194129815 1.181273297122773 1.10325329551099 1.0327933715747668 1.1734108163401902 1.5746997393589361 1.7673305185322152 1.9369786615717914 1.876498040167308 1.6735855553552663 1.4594841555833962 1.3618079520151558 1.3941650844665543 1.6285274924089266 0.9995290298023005 -0.14204269920732004 -0.9204282966830193 -0.9319196147498712 -0.6379837947240827 -0.5735719329283082 -0.9485517856361039 -1.8890254484758184 -3.596090987617358 -5.431980250350446 -5.983865920666355 -6.209458638505078 -6.386969262327236 -6.443821046447451 -6.471944535400535 -6.4613604266547515 -6.3685226727988695 -6.092126232980381 -5.375430869337254 -3.9623011502215038 -1.7747170740213452 -0.32741580381206115 -0.10000866733120439 -0.346164796447451
1.0699889537385237 0.9841064713441576 1.009508332334041 0.8443962358998012 0.7712146840003768 0.9215090281905174 1.0007386422303903 0.9762439905615747 1.045494302069708 1.2732038416575873 1.561091599542928 1.5786309797502276 1.6412284229038678 1.532968110589843 1.2719942292294983 1.1480089553503077 1.3639247737643125 1.438920744305872 1.2329842284236059 0.6293876268068637 -0.5061360400623092 -1.3186931886315414 -1.4066924927750646 -1.0961245018630432 -0.8206352713656222 -1.058928919699286 -1.8061669971516763 -3.4231164104005356 -5.797283203633525 -6.543311668657826 -6.648850353008649 -6.694815625276057 -6.730801595011724 -6.630403763480282 -6.530610738162885 -6.073679643452014 -5.46615180144398 -4.442819687280123 -2.784441048369193 -0.9778848870172783 -0.5336547228013493 -0.5862728634232495 -0.9585310881678439
0.616686696311922 0.8746365466020429 0.9342099586854586 0.737950342227911 0.6266659988436616 0.630597239234953 0.712548481238028 0.9245330592607419 1.081782674912398 1.3853953943629036 1.4371063256637373 1.3932578751454865 1.260502911162646 1.2075823674337234 1.303444152359829 1.3327772537410039 1.2351010501727635 1.1344008155342986 0.49360863175379865 -0.03075835582307107 -0.7229590677973818 -0.9418989172816108 -1.229786675166951 -1.5560796276441382 -1.4094141207382664 -1.3431878403003572 -1.8403385482452095 -3.210224623056755 -5.749503512723983 -6.560851048865127 -6.9914730732650465 -7.05709454748891 -7.146908270274569 -7.0637474158434035 -6.443821046447451 -5.575621726186094 -4.192732317772585 -2.731822907747292 -1.4995302466309464 -0.9467373669939696 -0.5796199950687564 -0.9739536466259873 -1.3129475295981157
0.2592462238114259 0.5952160757133305 0.659627937509105 0.45187700298470546 0.2504765337077761 0.25440777409906756 0.47334762358329696 0.7055932097765125 1.0406558523573497 1.4011203559280694 1.3717872545468954 1.2907432218648878 1.1374248466045231 1.030978952932632 1.1265383347517157 1.0082987199059512 0.8111318941273358 0.2906961469417575 -0.317738904387344 -0.4604731709019245 -0.3742882854005356 -0.5959497628479666 -1.2279722565248166 -1.5569868369652053 -1.8264280053221782 -1.8947711075092444 -2.111594135244317 -3.036645239625888 -4.677182095222496 -4.947530472900535 -5.981749098917199 -7.538520293868597 -7.632265257045546 -7.184103852438326 -6.373361122511228 -4.1721689064950604 -2.5893910443397345 -1.3549815614742315 -1.101870160896469 -0.7163061994428883 -1.2512572957655428 -1.6528486218913114 -2.8352447703489587
0.22326025407575845 0.3629704895201149 0.412564599071791 0.3287989384265817 0.12649125982858545 -0.0921461865486215 0.12467684118645073 0.26045583623951574 0.6547894877967466 1.11081337318655 1.268062988838207 1.2574788800924224 1.0327933715747668 0.9245330592607419 0.5728382457936716 0.45278421230577237 0.03758474636399489 -0.5415172035839317 -0.8587380628504464 -0.5669190645738147 -0.3528176648019441 -0.4477722404069828 -1.076468299906586 -1.3480262900127158 -1.6174674583696886 -2.263098091862547 -2.5600579429585597 -3.198733304989903 -3.797189053787265 -3.9057517692083117 -6.171355847020254 -7.731755879255921 -7.5999081245941476 -7.143884239204344 -5.00438225702075 -2.3686367762133704 -1.356795980116366 -0.9818161274085697 -1.0580217103782186 -1.495599006239655 -2.0326669243114663 -3.0922874113180123 -4.277707590845884
0.31004994579119227 0.258339014490359 0.31125955821928164 0.3061187053999008 0.18031901287857544 -0.03831843349863151 -0.35493448655110127 -0.31380766399605253 0.056333738999384764 0.45852987133919854 0.8561899570736755 1.167665157306764 0.8942927485585002 0.35903924912882346 0.00643722634068622 -0.20252332061180356 -0.5980665845971238 -0.8753702337366795 -1.0032867480071612 -0.7036052689479471 -0.5862728634232495 -0.6769937955299743 -0.6379837947240827 -0.9095417848302123 -1.1469282238428091 -1.9074720380041859 -2.6831360075166835 -3.6118159491825232 -4.0998945639167035 -3.9780261117866695 -6.3540073236617935 -8.202597516889824 -8.07074976222805 -5.413533660822079 -3.0100337662079153 -1.1898694650399921 -0.9787920963383456 -1.1566051232675263 -1.5736190078514383 -2.0940547550370168 -2.986748726967189 -4.04818363261587 -4.667505195797778
0.23021552553727398 0.1890887029822257 0.2828336661591746 0.22144583543362417 0.06994187881539382 -0.11754804753850445 -0.47891976043029194 -0.5276066606609007 -0.21129301071545337 -0.1889151807957945 0.24079963428305895 0.7077100315256692 0.53382824498778 -0.051019363993572764 -0.5227682109485423 -0.7444296883959733 -0.8430131012852811 -0.9555070570976198 -1.0002627169369371 -0.9261739557164455 -0.883232714519262 -0.660664027750764 -0.44474820933675874 -0.2524198332705021 -0.42902324777159295 -1.2875456686082327 -2.312994604521246 -3.746385331807499 -4.418325035611307 -4.088403245849851 -5.442866762203254 -7.530657813086014 -7.154770751057152 -4.0784239433181115 -1.5705949767812142 -0.7045124782690144 -1.2074088452472924 -1.4916677658483635 -1.9095888597533428 -2.628401045145626 -3.5347031568918075 -4.216319760120333 -4.685044576005079
0.06994187881539382 0.1597556016010513 -0.02954874339498126 -0.17621425030085325 -0.21431704178567745 -0.23760208102640368 -0.34797921508958574 -0.3246941758488595 -0.09789184558204722 -0.2708664227988695 -0.12722494696322162 0.17154932277492563 0.11499994176173356 -0.2708664227988695 -0.7386840293625472 -0.9809089180875028 -1.069815431552093 -1.1281792312074193 -1.1771685345450509 -1.1245503939231503 -1.0181045002512596 -0.686065888740647 -0.3295326255612183 -0.15746525766546338 -0.4066454178519341 -1.1741445034748264 -2.2736822006083317 -3.384106409594644 -4.162492007070343 -4.046369213973735 -4.533540619386848 -5.605862036888336 -5.345190558635013 -3.015174619027296 -0.6264924766572308 -0.8929096139439796 -1.2854288468590758 -1.5863199383463797 -2.2249953003777225 -2.898749422823666 -3.5794588167311248 -4.175192937565285 -4.439795656209899
0.2290059131091846 0.47032359251307243 0.12860808157774217 -0.15474362970226174 -0.13720424949496168 -0.13115618735451307 -0.3754978978286254 -0.6146987554833565 -0.4311400695207501 -0.4574491398317 -0.6313309263695897 -0.42327758873816723 -0.27963611290251933 -0.4671260392564176 -0.8000718600880976 -1.0462279892043447 -1.1429969834515177 -1.1245503939231503 -1.2757519474343584 -1.3791738100360247 -1.2542813268357669 -0.9379676768903193 -0.6264924766572308 -0.6440318568645309 -0.9914930268332873 -1.529770557333188 -2.404622745949038 -2.8198222118908154 -3.4887378846244 -3.8080755656400713 -3.390154471735092 -3.391968890377227 -2.978886246184606 -1.655570249854513 -0.6419150351153742 -1.1097326416790518 -1.5249321076208293 -2.0405294050940492 -2.5736660827745688 -3.1107340008463797 -3.573713157697699 -3.8655321559743303 -4.028829833766435
-0.04527370496014704 0.26529428595187454 0.1597556016010513 -0.04920494535143849 -0.052228976421662576 -0.043459286318012325 -0.3198557261365007 -0.8333362018605635 -1.0120564381108115 -1.1965223333944854 -1.0308054307462013 -0.7483609287872648 -0.7190278274060904 -0.8989576760844278 -1.1000557422543347 -1.231903496916108 -1.2358347373073995 -1.231903496916108 -1.3440950496214246 -1.3694969106113075 -1.3988300119924817 -1.3716137323604642 -1.090076439722595 -0.9748608559470542 -1.2766591567554257 -1.853946688061218 -2.5032061588383456 -2.746338256884368 -2.847038491522833 -3.170307412929796 -3.1010571014216626 -2.9652781063685976 -2.140020027304424 -0.7698315493858563 -0.16351331980591155 -0.8266833335060704 -1.5306777666542553 -2.150906539157231 -2.677995154697302 -3.1948020645986115 -3.5725035452696092 -3.7621102933726642 -3.854948047228546
