static/data/ASCData/20210106/ASCV/09.asc
ncols 97
nrows 97
xllcorner 99.0
yllcorner 2.0
cellsize 0.25
NODATA_value -32767
[rows 19 to 37 of 97, columns 43 to 85 of 97]
-1.6655182068244572 -0.11486550012516039 0.30125464640406907 -0.4742157928688928 -1.2162582979331353 -2.1274576769673623 -2.929151754283371 -3.5492975682244388 -3.940058592250502 -4.179241224950821 -4.840307441112907 -5.229051262212582 -5.395038245869671 -5.412616728513911 -5.264208227501063 -5.008311627696385 -5.0013955033773385 -4.985834223659487 -4.988715942125756 -5.177180329819742 -5.5348015914837125 -5.937089489374852 -6.276844096547956 -6.6713513545801675 -6.934164078703892 -7.181127351263137 -7.376507863276169 -7.477079837748953 -7.431260514135278 -7.316856291024402 -7.2064864737663035 -7.200723036833765 -7.286598247128579 -7.275071373263503 -7.188043475582182 -6.771923329052953 -5.830754077969529 -4.759331152210751 -3.926226343612411 -3.388209505960007 -3.609813656016086 -4.221314314558347 -5.175451298739981
-1.4243183711977498 -0.1275450613767437 -0.24771272142015688 -1.598085994713765 -2.5844982257176103 -3.3412374949598243 -3.762256562881711 -4.219297111631959 -4.653860256345309 -4.993614863518413 -5.430195211158152 -5.485812377557141 -5.4996446261952325 -5.328758721145486 -5.184960969678668 -4.982952505193218 -4.958457898229932 -5.009464315082892 -5.220117934967149 -5.462470457980364 -5.789545503901884 -6.1059581914982095 -6.416607442161997 -6.7105427257214245 -6.986899526636613 -7.19380691251472 -7.356047662165659 -7.379389581742437 -7.33558746105515 -7.207639161152811 -7.084589782643128 -7.104185468213757 -7.190060678508571 -7.192942396974839 -7.0307016473239 -6.505364370923079 -5.493593017416067 -4.648096819412771 -4.020170365612778 -4.093366014656008 -4.462514150185054 -4.967391225475366 -5.542582231342639
-0.87852089368642 -0.3892050981139601 -1.1099228865278126 -2.6461670008957645 -3.538635209899244 -3.9458220291830397 -4.424475466430304 -4.751550512351825 -5.150092176236814 -5.500509141735113 -5.729893931650118 -5.6117434745330925 -5.166517971494547 -4.840307441112907 -4.788724680566694 -4.729073108314927 -4.798522523352008 -4.970272943941635 -5.256427587642137 -5.56102522952676 -5.748625101680865 -6.002504498559156 -6.32266342016163 -6.626396546506373 -6.920331830065802 -7.148852104440925 -7.160667150152628 -7.071910221391546 -7.006495212207241 -6.9027533474215605 -7.000443603428076 -7.160667150152628 -7.31512725994464 -7.297548777300401 -7.035600568716557 -6.418624645088386 -5.457571536587706 -4.726191389848658 -4.513232395191387 -4.656741974811578 -4.991885832438651 -5.345184516403219 -5.74170897736182
-0.4701813870161162 -0.9185767803675575 -1.93121264941445 -3.6187469832615196 -4.294509963601577 -4.606888245345126 -4.843189159579176 -5.21348998249473 -5.411752212974031 -5.674276765251127 -5.548345668275177 -5.278904991679035 -4.691034424560178 -4.284712120816263 -4.210363784386525 -4.39709914100075 -4.531675393375508 -4.85212248682461 -5.159601847175502 -5.393021042943283 -5.584655320950165 -5.827584187656633 -6.151777515111885 -6.476259014413763 -6.709390038334917 -6.876529709378514 -6.853187789801735 -6.789501811697193 -6.771058813513072 -6.774805047519221 -7.0560607698270665 -7.307058448239088 -7.499557241785851 -7.499557241785851 -7.188043475582182 -6.482886966886182 -5.653816564140619 -5.178333017206249 -5.05326643577018 -5.274006070286378 -5.483795174630753 -5.690126216815607 -5.733928337502894
-0.8197338369745344 -1.5903053548548387 -2.7914056115957173 -4.119589652699055 -4.652995740805428 -4.978053583800561 -5.215507185421118 -5.202539452322908 -5.400801682802209 -5.103120165236631 -4.797369835965501 -4.465395868651323 -3.9965402741893725 -3.6637017913353143 -3.8305532905322837 -4.01815316268639 -4.350991645540447 -4.67230325452943 -4.970272943941635 -5.188130859991563 -5.426448977152003 -5.607997240526943 -5.926427131049657 -6.289523657799538 -6.524960056493708 -6.5191966195611695 -6.495566528137765 -6.63129546789903 -6.706508319868648 -6.934164078703892 -7.332705742588882 -7.588314170546933 -7.7427742803389465 -7.743638795878827 -7.315991775484521 -6.609970751248641 -6.057257149418264 -5.705687496533459 -5.714332651932265 -5.882336838515743 -5.9898249373075725 -5.899050805620102 -5.942852926307389
-1.3470883163017433 -1.9585889748440046 -3.0248248073634985 -3.722200676200573 -3.9596542778211306 -4.460496947258666 -5.103984680776512 -5.092457806911437 -4.5844108413082285 -4.173477788018284 -3.7357447529920367 -3.5308545700403178 -3.2954181713461486 -3.3579514620641837 -3.575809378114113 -3.8812715355386165 -4.214398190239302 -4.5475248449399865 -4.839442925573026 -5.073726636880688 -5.3042641141822005 -5.454689818121437 -5.713468136392384 -6.089532396240477 -6.202783931964845 -6.19673232318568 -6.401910677984025 -6.564151427634965 -6.906787753274338 -7.273054170337115 -7.676206583768135 -7.930085980646425 -8.060051483475153 -7.8511268946706565 -7.422327186889844 -6.952607076888013 -6.448882688984209 -6.340241902805872 -6.4076741149165635 -6.474241811487375 -6.369635431161814 -6.241687131259475 -6.220362414609085
-1.1148218079204697 -1.5600473109590154 -2.267221022581404 -2.559139103214444 -2.9380850815288047 -4.104028372981203 -4.731090311241315 -4.298256197607727 -3.6812802739795547 -3.2974353742725366 -2.9303044416698785 -2.9977366537805707 -3.0279946976763945 -3.241818207873547 -3.493680401825449 -3.7916500912376536 -4.1305401828708765 -4.4723119929703685 -4.783825759174037 -5.03367075019955 -5.246629744856823 -5.484947862017261 -5.691855247895369 -5.854095997546308 -5.980027094522258 -6.2183452116826965 -6.50161813691693 -6.905923237734457 -7.297548777300401 -7.7007011907314205 -8.074748247653122 -8.301251319101858 -8.26321263534711 -8.037574079438254 -7.6246238232219214 -7.177381117256987 -6.987764042176494 -6.9779661993911795 -6.998714572348316 -6.968168356605865 -6.854916820881497 -6.718323365580352 -6.691811555690677
-0.1655837451314932 -1.203578736681552 -1.8989374025922383 -2.479891845392049 -3.3317278240211365 -4.1674261792391185 -3.895968299716588 -3.299452577198925 -2.9078270376329813 -2.671526123398931 -2.7222443684052635 -2.9282872387434904 -3.0415387744678584 -3.319912778309434 -3.58070829950677 -3.9204629066798735 -4.262234716779365 -4.531675393375508 -4.800251554431769 -5.08842340105866 -5.316079159893903 -5.589266070496195 -5.824702469190365 -5.987807734381184 -6.190968886253142 -6.490667606745108 -6.925230751458459 -7.372473457423393 -7.806172086596862 -8.249668558555646 -8.552248997513882 -8.597203805587675 -8.519109235151788 -8.193763220310029 -7.782830167020084 -7.536731410000719 -7.497540038859462 -7.527798082755286 -7.488894883460656 -7.44768630939301 -7.300430495766669 -7.117729545005221 -7.0307016473239
0.051121483531928025 -1.0592046415214802 -1.810180473831156 -2.94500120584785 -4.045529488115944 -3.990776837256835 -3.201762321192409 -2.5600036187543243 -2.4176467265206405 -2.5337799807112775 -2.7389583355096234 -3.0455731803206345 -3.325676215241972 -3.5611126139361415 -3.7916500912376536 -4.082703656330812 -4.366841097104927 -4.63714628924095 -4.950677258371006 -5.257292103182017 -5.580620915097388 -5.862741152945114 -6.109992597350986 -6.348310714511424 -6.6382115922180756 -7.0580779727534555 -7.5465292527860335 -8.00731603554243 -8.498649034041279 -8.830623001355457 -8.934076694294511 -8.932059491368122 -8.726016621029896 -8.35600396996097 -8.033827845432105 -7.90184513967699 -7.893199984278183 -7.84709248881788 -7.803290368130593 -7.7759140427010385 -7.722314079228437 -7.6635270225165515 -7.493793804853313
-0.5690243304091398 -0.9635315884413522 -1.9683868176293189 -4.098264936048665 -4.579511919915571 -3.5688932537950673 -2.7418400539758925 -2.4283090848458357 -2.430326287772224 -2.647896031975526 -2.902928116240324 -3.240665520487039 -3.5553491770036034 -3.81700921374082 -4.0904842961897385 -4.376638939890241 -4.6996795799589846 -5.036552468665819 -5.378324278765311 -5.658715485533276 -5.9575496904853615 -6.252349489584669 -6.603054626929595 -6.979118886777687 -7.331553055202374 -7.7779312456274265 -8.265229838273498 -8.70065749852673 -9.120523879062109 -9.202652855350772 -9.175276529921216 -9.014188467656787 -8.689995140201535 -8.403840496501033 -8.2427524342366 -8.171573988119759 -8.19088150184376 -8.19001698630388 -8.140163256837429 -8.047371922223569 -7.938154792351978 -7.628370057228071 -7.184009069729406
-1.1361465245708597 -1.5113462688790706 -2.456549925815271 -4.555305484798913 -4.259352998313097 -3.364867586383229 -2.8012034543810316 -2.5698014615396385 -2.5775821013985647 -2.805237860233808 -3.1109881895049387 -3.499443838757987 -3.8579296159618384 -4.227942267030765 -4.498535631013415 -4.795352633039112 -5.125597569273529 -5.480048940624604 -5.813175595325289 -6.161575357897199 -6.432168721879849 -6.7494459250160554 -7.194959599901228 -7.6234711358354135 -8.051406328076347 -8.478188832930769 -8.866644482183819 -9.249624866350956 -9.400050570290192 -9.355960277756278 -9.198906621344623 -8.840420844140771 -8.640141410735083 -8.524008156544445 -8.400958778034763 -8.424300697611542 -8.512193110832744 -8.552248997513882 -8.470120021225217 -8.362920094280014 -8.199814829089194 -7.95458058760971 -7.503591647638627
-2.2689500536611655 -3.543534131291901 -4.54349043908721 -4.818982724462518 -4.196819707595061 -3.422501955708607 -2.855956105240141 -2.766046489092551 -2.812153984552854 -3.16458815297754 -3.4478610782117736 -3.83833393039121 -4.217279908705571 -4.6215850095230975 -4.9653740225489775 -5.277752304292527 -5.65093484567435 -6.009420622878201 -6.32266342016163 -6.621497625113716 -6.869613585059469 -7.3188734939507905 -7.754301154204022 -8.176184737665789 -8.591440368655139 -8.93033046028836 -9.29544418996463 -9.442988175437598 -9.523099948799874 -9.442988175437598 -9.167495890062291 -8.830623001355457 -8.742730588134254 -8.629479052409888 -8.665500533238248 -8.749646712453302 -8.903818650398687 -9.019951904589323 -9.109861520736914 -9.115624957669452 -9.054244354337925 -9.175276529921216 -8.558012434446418
-3.798278043710072 -5.16075453456201 -5.632491847490229 -4.907739653223599 -3.916428500827097 -3.2213580067630376 -3.0873580980815336 -2.9994656848603323 -3.2055085551985587 -3.5219212427948845 -3.850148976102912 -4.2838476052763825 -4.65472477188519 -5.059029872702717 -5.4215500557593455 -5.788680988362003 -6.161575357897199 -6.479140732880032 -6.789501811697193 -7.045398411501871 -7.341350897987688 -7.827784975093879 -8.232954591451286 -8.659737096305712 -9.019951904589323 -9.358841996222548 -9.508403184621903 -9.616755798953614 -9.56603755394728 -9.427426895719748 -9.160579765743247 -8.981048705294693 -8.896038010539762 -8.896038010539762 -8.93321217875463 -9.162596968669636 -9.323685030934065 -9.742686895929564 -9.95074696919418 -10.171486603710377 -10.378393989588485 -10.467439090196194 -9.070958321442284
-4.604006526878857 -5.5327843885573245 -5.330487752225247 -4.445800183080695 -3.6637017913353143 -3.3784116631746928 -3.2455644418796963 -3.430282595567533 -3.6371899814456405 -3.9674349176800567 -4.348109927074178 -4.7748924319286035 -5.1538384102429635 -5.53970051287637 -5.903949727012759 -6.271080659615418 -6.622650312500223 -6.93992751563643 -7.2085036766926915 -7.450856199705907 -7.801273165204205 -8.273874993672305 -8.67645106341007 -9.108997005197033 -9.469211813480646 -9.655947170094871 -9.805220186647599 -9.707529930641083 -9.614738596027225 -9.40581400722273 -9.236945305099372 -9.123693769375004 -9.159715250203366 -9.160579765743247 -9.413594647081656 -9.64413212438317 -10.02682433670368 -10.536600333386648 -10.774918450547085 -11.22014395358563 -11.427339511310365 -11.284694447230056 -9.881297554157099
-4.764230073603408 -4.983817020733099 -4.6996795799589846 -4.099129451588546 -3.748712486090247 -3.485899761966523 -3.6576501825561496 -3.843232851783867 -4.137168135343295 -4.483838866835444 -4.914655777542645 -5.293601755857006 -5.694736966361637 -6.044577588166682 -6.401046162444144 -6.720340568506739 -7.072774736931427 -7.3393336950613 -7.595230294865979 -7.870722580241285 -8.220275030199703 -8.666653220624756 -9.090265835166285 -9.521947261413366 -9.853921228727543 -10.040656585341768 -9.965443733372151 -9.82366318483172 -9.658828888561139 -9.460566658081838 -9.386218321652102 -9.326566749400335 -9.38737100903861 -9.617620314493493 -9.871499711371785 -10.24180053428734 -10.681262600393346 -11.125623587892012 -11.335412692236387 -11.7299199502686 -11.697932875293015 -11.469412600917892 -8.9360938972209
-4.333413162896207 -4.465395868651323 -4.3558905669331045 -3.993658555723104 -3.76513828134798 -3.8657102558207646 -4.061955283373677 -4.38038517389639 -4.684982815781013 -5.058165357162837 -5.472268300765678 -5.865911043258009 -6.259265613903715 -6.580577222892698 -6.896989910489023 -7.195824115441108 -7.431260514135278 -7.676206583768135 -7.921440825247618 -8.26321263534711 -8.587405962802361 -9.00727234333774 -9.427426895719748 -9.789658906929748 -10.12854899856297 -10.235748925508174 -10.14612748120721 -9.888213678476145 -9.665456841033558 -9.56603755394728 -9.58563323951791 -9.525981667266144 -9.721362179279176 -9.965443733372151 -10.240647846900831 -10.62449274660785 -10.935141997271636 -11.265098761659427 -11.424457792844096 -11.42042338699132 -11.279795525837397 -10.0377748668755 -7.303312214232939
-4.121606855625443 -4.114690731306398 -4.109791809913741 -4.029968208398092 -4.1293874954843695 -4.249555155527782 -4.534845283688403 -4.910621371689869 -5.3042641141822005 -5.66937784385847 -6.018065778277007 -6.441102049125282 -6.7526158153289515 -7.0551962542871856 -7.37449066034978 -7.580533530688007 -7.789458119492503 -8.011350441395209 -8.230937388524898 -8.503547955433937 -8.793448833140587 -9.264321630528926 -9.727990131751593 -10.02394261823741 -10.138346841348284 -10.185030680501841 -10.108088797452462 -9.87755132015095 -9.67727188674526 -9.657676201174631 -9.685052526604187 -9.723091210358936 -9.942966329335253 -10.151890918139749 -10.397989675159113 -10.644952947718359 -10.877507627946258 -10.954737682842264 -10.974045196566266 -10.665701320675495 -9.727125616211712 -7.7027183936578085 -4.488737788228101
-4.023916599618927 -4.073770329085379 -4.185004661883359 -4.25531859246032 -4.4731765085102495 -4.76221287067702 -5.139141646064992 -5.520104827305741 -5.858994918938965 -6.190968886253142 -6.5200611351010505 -6.8658673510533195 -7.21052087961908 -7.528950770141794 -7.744791483265335 -7.874468814247435 -8.053135359156107 -8.282808320917738 -8.472137224151606 -8.682214500342608 -8.900072416392536 -9.331465670792992 -9.769198705819239 -10.005499620053289 -10.020196384231259 -9.972071685844568 -9.89887603680134 -9.735770771610518 -9.607822471708179 -9.64413212438317 -9.626553641738928 -9.744704098855953 -9.966308248912032 -10.192811320360768 -10.390209035300188 -10.504325086564435 -10.486746603920196 -10.416432673343234 -10.122497389783806 -9.38535380611222 -7.564107735430275 -4.7740279163887225 -2.3375349531583653
-4.071753126158991 -4.154746617987535 -4.374621736963853 -4.591326965627275 -4.931081572800378 -5.309163035574858 -5.70655201207334 -6.04745930663295 -6.339377387265991 -6.643110513610733 -6.917450111599532 -7.1283919033304155 -7.371608941883512 -7.635286181547116 -7.868705377314897 -8.060051483475153 -8.2427524342366 -8.428335103464317 -8.629479052409888 -8.873560606502863 -9.070958321442284 -9.320803312467797 -9.6412504059169 -9.873516914298172 -9.865736274439247 -9.754501941641267 -9.675254683818872 -9.60494075324191 -9.54932358684292 -9.537508541131219 -9.535779510051459 -9.666609528420064 -9.830579309150767 -10.030858742556454 -10.154772636606019 -10.181284446495692 -10.04152110088165 -9.734041740530758 -9.073840039908553 -7.979075194572996 -5.8774379171230855 -3.572927659647844 -1.6969289381067882
