static/data/ASCData/20210106/ASCV/12.asc
ncols 97
nrows 97
xllcorner 99.0
yllcorner 2.0
cellsize 0.25
NODATA_value -32767
[rows 19 to 37 of 97, columns 0 to 42 of 97]
0.17038403331861396 0.1752395903471342 0.6899286353702525 1.4625017092414314 1.7651647640191772 1.6459338636521865 1.6917919022548755 2.3812810003047122 1.8892512214146882 1.7972653910410594 1.7759548907492215 1.5795745842624136 1.2154078071234151 0.8960200559141 0.8266934916735655 0.7856910100993968 0.3179390163519713 0.026875347809023786 0.37944273871322487 1.1088553056642265 0.8334373208798427 0.24456615458766962 -0.13146976195437787 -0.24449633945159333 -0.1695049586777846 -0.0688870269201205 -0.444922943462168 -0.7435397007161471 -0.9156422220603551 -0.6391452246029674 -0.25825375103239967 0.2904241931903586 0.6694273945831677 -0.2884661058765241 -2.2193592842179704 -3.898842509749382 -5.432119518088692 -6.665431003332767 -7.00154345097365 -6.6996896557006576 -5.394084321365285 -3.3364071539458173 -1.7084467835503676
-0.13335803413213565 -0.1147450655228095 0.8666169605747296 1.4927140640855558 1.7767641502539746 1.7066283265086861 1.5922529831702157 2.0648605339461605 1.9351092600173763 1.8822376390401594 1.858769113402312 1.8072462582663507 1.5396511153612495 0.8304700360290802 0.5054174682864927 0.38429829574174423 0.2602118383462342 -0.11960062255132886 -0.4710890007825257 -0.1568265597699825 0.37944273871322487 0.3160507441742135 0.061943259681667584 0.07084511423395501 0.13909266580148572 0.0365864618660634 -0.38530749327867264 -0.7046952444879868 -0.46731245642701014 0.07677968393547907 0.6068446595489103 0.8218379346450453 -0.5609168058101455 -2.214233974021199 -3.899921522422386 -4.968144068696782 -6.123496888316287 -6.506276634064612 -6.656798901948731 -6.1294314580178115 -4.871572434462885 -2.7046452339017173 -0.8012668787218846
-0.6167557116381253 -0.45463405751920805 0.7115088888303411 0.6586372678531234 0.7201409902143769 1.2777207889894209 1.6607702879059971 1.982855570797823 1.7465517954098502 1.372673904213812 1.6216560785095862 1.3138677135350703 1.2672004154276282 0.46333597403932014 0.01122966405045922 0.004485834844181191 0.015006208405974775 -0.1695049586777846 -0.5765624895687096 -0.2944006755780486 0.08163524096399932 0.13828340629673175 0.17820687519789669 0.3198272885297291 0.40587854920183375 0.5326625382798547 0.30040506041564896 0.08649079799251869 0.06679881671018784 0.42718904949367076 0.18602971707717852 -0.5992217557018029 -2.046447503369009 -3.6137134109079585 -4.827602668037954 -5.535704734697118 -5.994554873892256 -6.073862305358083 -5.978099930628939 -5.353081839791116 -4.048285764960497 -2.044559231191251 -0.3704710690248616
-0.269043877762444 -0.030851830196714225 0.7104298761573364 0.8237262068228031 0.5952452733141129 1.0581417100330173 1.3958726766834078 1.6928709149278793 1.4036955185626896 1.1695497685207261 1.4886677665617896 1.372673904213812 1.1293565464513105 0.20653095786426334 -0.3022235174573309 -0.15466853442397355 -0.10692222364352677 0.09431363987180141 0.2720809777492823 0.2807130791333181 0.31011617447268947 0.34707235852309104 0.27289023725403627 0.44094646107447755 0.4476902902807556 0.5140495696705285 0.7935138519786786 0.8911644988855807 0.5728557603492703 0.07462165858946967 -0.6127094141143585 -1.8988925203356515 -3.422458414617921 -4.24844261580282 -5.065794715603684 -5.503334354506984 -5.720215901780877 -5.493623240449945 -5.060129899070411 -4.3296383194464045 -3.0464224980758736 -1.2622750432630316 -0.8228471321819733
0.6030681151933948 0.929199695608987 1.263154117903861 1.5169918492281562 1.287701656214712 0.7133971610080989 1.0513978808267401 1.1099343183372303 1.0443842984522114 1.2437318897897809 1.3305924099666386 1.3853523031216142 1.0727083811185771 0.14880377985852533 -0.44195565861140595 -0.2944006755780486 -0.29547968825105286 0.048455601269112414 0.8881972140348182 0.8070015103912338 0.8374836184036099 0.7484650728807436 0.6742829516116879 0.432044606522191 0.43905818889671977 0.5307742661020969 0.9809923039132 1.2466991746405434 0.35975075743089313 -0.5619958184831497 -1.8228221268888385 -3.110893505287889 -3.8726764524290243 -4.699739666286928 -5.190960185672199 -5.520868310443307 -5.53381646251936 -5.198783027551482 -4.621511247494106 -3.5816127838860763 -2.296508690337788 -1.5239356164666082 -1.0834286927125456
1.3783387207470854 1.681271528693082 1.387240575299372 1.7524863651113751 2.042471020981318 1.4673572662699517 0.901954625615625 0.7279638320936588 1.0678528240900578 1.3160257388810788 1.2925572132432324 1.524814691107438 1.2261979338534594 0.6400242992437972 0.048455601269112414 -0.31409265686037946 -0.39124206298019715 -0.10017839443724963 0.6206020711297171 0.8159033649435203 1.0902423370548995 1.0004145320272801 0.9731694620339182 0.7309311169444213 0.3958976819765425 0.47790264512488 0.7514323577315052 0.8296607765243271 -0.3745173665486283 -1.6558449157414015 -2.862720590496868 -3.642037493574325 -4.404899453388464 -5.003481733737678 -5.479865828869138 -5.64792205268958 -5.665456008625902 -5.379517650279725 -4.759355116470423 -3.7191868996941424 -2.709500790930237 -1.9350394448813004 -1.2574194862345118
1.9253981459603366 1.8549925690467965 1.387240575299372 1.4595344243906698 1.84609071449451 1.9418530892236543 1.5337165456597246 1.4174529301434964 1.6127542239572996 1.333559694817401 1.6556449777092261 1.8315240434089501 1.6742579463185532 1.1010324637849438 0.7886582949501584 0.47790264512488 0.2515797369621984 0.22028836944506924 0.33250568743753117 0.562065633619226 0.8792953594825317 0.8431484349368832 0.8598731313684516 0.8647286883969718 0.5296952534290931 0.11562414016363842 0.08837907017027646 -0.1743605157063044 -1.3637022345254488 -2.5630248205698845 -3.289470102670124 -4.047476505455744 -4.698660653613923 -5.267030579119012 -5.746651712269486 -5.934130164204007 -6.03663636813943 -5.772817769589844 -5.322869484946992 -4.482048859508282 -3.345309008498104 -1.9614752553699089 -1.1713682255624076
2.139042655215216 1.9380765448681387 1.6332554647443844 1.4036955185626896 1.1733263128762417 1.4312103417243032 1.918384563585808 2.1166531422503736 1.8676709679545986 1.0629972670615375 1.5269727164534466 2.127443268980418 2.0912963444347694 2.0130679256419475 1.8471697271675147 1.6537567055314684 1.5650079131768537 1.380496746093094 0.9097774674949068 0.7797564403978718 0.6597162805261281 0.386186567919502 0.29824703506964045 0.4595594296838046 0.4350118913729535 -0.017094418615907436 -0.405808734065757 -0.7103600610212601 -2.145986422453668 -2.9916626049208985 -3.5279319034041055 -4.08551170217915 -4.733998318654819 -5.359825668997394 -5.87640298619827 -6.101916634856198 -6.298296941343006 -6.322844479653858 -5.948696835289567 -4.660625456890517 -2.6898088096479063 -1.1762237825909274 -0.6380662119299627
1.9664006275345054 2.1822031621353934 2.212415516979518 1.7532956246161282 1.202729408215613 0.9586027909483583 1.2493967063230542 1.7514073524383704 1.557994330802325 1.257219548202337 1.8304450307359454 2.146056237589745 2.0103703939594366 1.8695592401323564 1.864703683103837 1.9116407343795299 2.0052450837626647 2.2027044029224774 2.0308716347465205 1.0659645519123 0.5572100765907058 0.18602971707717852 -0.11285679334505172 -0.1870389146141065 -0.08642098285644284 -0.12364692007509603 -0.5590285336323877 -1.3901380450140577 -2.5716569219539203 -3.129506473897216 -3.5033843650932543 -3.874564724606782 -4.25545619817735 -4.898817504456247 -5.819754820865537 -6.1898561677060595 -6.217370990867673 -6.347122264796457 -5.5551269628111974 -3.3784886481929903 -1.253373188710745 -0.09424382473572468 0.1900760146009448
1.5795745842624136 2.29064393577234 1.8442024423167522 2.0570376920668787 2.002547552080154 1.4476652849876208 1.0737873937915818 1.2124405222726526 1.1342121034798307 0.7417212436744656 1.229974478208975 1.6772252311693157 1.4223084871720166 1.333559694817401 1.2974127702717526 1.2466991746405434 1.505392462993358 1.8442024423167522 1.7357616686798059 -0.30330253013033515 -0.8169125624804487 -0.8374138032675331 -0.687970548056418 -0.35401612576154395 -0.17139323085554237 -0.20349385787742458 -0.6048865722350762 -1.9350394448813004 -3.012163845707983 -3.3784886481929903 -3.7933690209631976 -4.1529499942419275 -4.391142041807658 -4.895040960100731 -5.618518957350209 -5.752316528802759 -5.379517650279725 -5.212270685964037 -4.17048395017825 -2.057237630099053 -0.34322599903149964 0.07677968393547907 -0.06699875474236272
0.9135540118504224 1.6996147441341574 2.0230487928672387 2.068906831469927 2.0834735025554867 1.6216560785095862 1.2191843514789307 1.2885109157194652 1.0678528240900578 0.6761712237894457 1.4759893676539875 1.0924003624009089 1.0044608295510464 0.9672348923323932 0.9437663666945468 0.9281206829359823 1.1129016031879928 1.1606479139684396 0.14394822283000508 -0.6156766989651206 -1.1538342696260853 -1.2749534421708337 -1.0912515345918279 -0.694714377262696 -0.23397596588979974 -0.1616821167985023 -0.6742131364756117 -1.3432009937383644 -3.0777138655930028 -3.825739401153331 -4.129481468604081 -4.381430927750618 -4.667369286096794 -5.031805816404044 -5.424296676209409 -4.769066230527463 -4.044509220604981 -3.5775664863623096 -2.414660578031774 -0.5806087870924763 0.012308676723463918 0.0835235131417571 -0.32461303042217304
0.40479953652882905 1.4125973731149761 2.144167965411987 2.0786179455269673 1.970177171890021 1.3813060055978479 0.9896244052972358 1.1077762929912218 1.0924003624009089 0.871472517603249 1.4241967593497744 1.235909047910499 1.2143287944504104 1.308202897001797 1.4420004684543475 1.367548594017041 0.5736650198540234 -0.030851830196714225 -0.38611675278342616 -0.5668513755116695 -0.9927916281801727 -1.3013892526594426 -1.2865528284056316 -1.3842034753125332 -1.0337941097543415 -0.402841449214995 -0.7945230495156066 -1.3040867843419535 -3.0844576947992803 -3.8656628700544955 -4.382240187255372 -4.614767418287828 -4.795502041016071 -5.100053367971575 -4.608832848586304 -3.848128914118173 -2.8824125717791986 -1.9701073567539447 -1.037570654109857 -0.150891990068458 0.32171556070748686 -0.22912040886127993 -0.6685483199423383
0.38537730841474893 1.1919392814855678 1.942932101896659 2.049214850187596 2.0063240964356694 1.4155646579657386 0.4703495564138489 0.46441498671232395 0.7376749461506984 0.8598731313684516 1.1587596417906818 1.1938275536633256 1.2124405222726526 1.3373362391729167 1.4681665257747047 0.8852299291840557 0.03955374671682588 -0.5668513755116695 -0.3510488409107815 -0.15197100274146225 -0.7308613018083445 -1.067783008953981 -1.243662074653705 -1.3413127215606067 -1.3402337088876024 -0.9291298804729107 -0.8206891068359643 -1.3237787656242848 -2.1802450748215594 -2.8500421915890657 -3.811981989572524 -4.744518692216612 -4.92147677058934 -4.2778457111421915 -3.6673942913899293 -2.6099618718455777 -1.7982745885779874 -0.8452366451468154 -0.5228816090867388 0.09026734234803424 -0.572785945213194 -1.1292867313152342 -2.198858043430886
0.7171737053636145 0.9329762399645025 1.544506672389769 1.7416962383813308 1.6996147441341574 1.0767546786423443 0.131269823922203 -0.09721110958648715 0.21920935677206543 0.5345508104576124 0.8587941186954469 0.9869268736147241 0.9310879677867447 1.054095412509251 0.7212200028873808 0.13828340629673175 -0.2202185543089934 -0.6361779397522049 -0.16545866115401786 0.6265366408312412 -0.05324134316155593 -0.5161377798804612 -0.696872402608705 -1.1832373649654562 -1.1840466244702097 -1.6976566568203233 -1.5220473442888505 -1.4527207800483155 -1.2905991259293983 -1.9282956156750224 -4.266246324907394 -5.198783027551482 -4.466403175749718 -3.8168375466010445 -2.553313706512845 -1.2280163908951405 -0.736795871509869 -0.3189482138888997 -0.30330253013033515 -0.7982995938711221 -1.4613528814323509 -2.3256420325089078 -3.394943591456308
1.0659645519123 0.9086984548219021 1.2288954655359703 1.3842732904486095 1.3168349983858318 0.6928959202210141 0.17443033084238113 -0.0678080142471158 -0.00927157673662471 0.10402475392884103 0.601179843015637 0.8863089418570604 0.7123181483350942 0.07758894344023215 -0.25528646618163764 -0.2328969532167955 -0.3998741643642325 -0.5102032101789367 -0.09424382473572468 0.9243441385804667 0.9888151457924819 0.5423736523368952 0.06679881671018784 -0.4203754051513169 -1.207515150108056 -1.9946548950647958 -2.260361765792139 -1.917505488944978 -1.635343674954317 -1.7963863164002296 -4.3959975988361775 -5.8677708848142345 -5.1343120203394665 -3.1478496893382912 -1.7963863164002296 -0.4692007286047679 -0.17516977521105792 -0.2504309091531174 -0.6402242372759717 -1.2641633154407894 -1.95446167299538 -2.8198298367449413 -3.3989898889800747
1.2445411492945349 0.9027638851203781 1.1166781475435084 1.60304310990026 1.3384152518459214 1.0112046587573245 0.7249965472428963 0.22999948350210975 -0.031661089701467304 -0.20349385787742458 0.3276501304090118 0.6791385086402082 0.44957856245851335 -0.34322599903149964 -0.8873181393939884 -0.7691662517000024 -0.5835760719432384 -0.5590285336323877 -0.2328969532167955 0.698830489922539 1.557185071297571 1.7182277127434844 1.184925699111039 0.36757359931017586 -0.520993336908981 -1.3890590323410534 -1.94475055893834 -2.448649477231414 -2.4311155212950917 -2.232846942630526 -3.544386846667423 -5.316934915245468 -5.453699771548781 -3.3266960398887773 -1.1449324150737987 -0.2641883207339242 -0.38611675278342616 -0.5522847044261097 -0.9164514815651086 -1.3901380450140577 -2.0825944279146573 -2.6871112779653954 -3.1831873543791867
1.27502325730691 0.8207589219720406 0.8676959732477334 0.9281206829359823 0.6723946794339302 0.5523545195621864 0.6734736921069349 0.568809462825504 -0.2828012893432508 -0.2884661058765241 0.2124655275657874 0.6243786154852327 0.35894149792614005 -0.4400673864336482 -1.0621181924207077 -1.0230039830242967 -0.7494742704176711 -0.7222292004243092 -0.21050744025195334 0.8013366938579605 1.3715948915408074 1.5620406283260913 1.1539040847621616 0.33142667476452736 -0.5336717358167831 -1.2749534421708337 -1.7543048221530566 -2.5306544403797515 -2.9155922114740855 -2.4799408447485427 -2.682255720936875 -3.9476678332028325 -4.590219879976977 -2.6666100371783106 0.3295384025867696 0.1900760146009448 -0.5455408752198321 -0.6226902813396493 -1.1333330288390009 -1.5786955096215838 -2.143019137602906 -2.667419296683064 -2.972240376806819
0.9947497154940068 1.472212823298472 1.8110228026218662 1.4320196012290562 1.0570626973600135 0.9184095688789427 0.9847688482687156 1.0122836714303292 0.41558966325887337 0.026875347809023786 -0.16357038897626008 0.0835235131417571 0.09512289937655449 -0.33459389764746383 -0.7416514285383893 -0.824735404359731 -0.7162946307227847 -0.5228816090867388 -0.3499698282377772 0.2251439264735895 0.4692705437408442 0.4360909040459573 0.16930502064561015 -0.4106642910942768 -1.219114536342854 -1.9261375903290134 -2.2886858484585053 -2.4448729328758985 -2.7367458609235995 -2.5883816183854886 -1.7348825940389765 -2.021090705553404 -2.6509643534197465 -1.4527207800483155 1.1870837244570485 1.074596653296335 -0.29062413122253306 -0.7691662517000024 -1.3178441959227603 -1.7769640882861495 -2.206411132141917 -2.506376655237151 -2.7464569749806396
1.1431139580321172 1.8304450307359454 1.9995802672293914 2.0894080722570116 1.8539135563737927 1.6634678195885089 1.5005369059648386 0.9057311699711406 0.3276501304090118 -0.1498129773954533 -0.13039074928137317 0.3276501304090118 0.09620191204955919 -0.3051908023080929 -0.5444618625468274 -0.6431915221267337 -0.7300520423035914 -0.6909378329071805 -0.5414945776960653 -0.5015711087949013 -0.49752481127113457 -0.7505532830906758 -1.0952978321155946 -1.540660312898177 -2.1244061689935796 -2.639095214016698 -2.895090970687001 -2.7855711843770505 -2.3736580964576053 -2.4311155212950917 -2.1411308654251484 -1.9760419264554692 -1.6841689984077677 -0.5943661986732831 0.8550175743399313 0.9672348923323932 0.3637970549546603 -0.37748465139939036 -1.191869466349492 -1.750528277797541 -2.130340738695104 -2.46726244584074 -2.769116241113733
