static/data/ASCData/20210106/ASCV/15.asc
ncols 97
nrows 97
xllcorner 99.0
yllcorner 2.0
cellsize 0.25
NODATA_value -32767
[rows 57 to 75 of 97, columns 43 to 85 of 97]
-10.252214019488065 -9.500209423521147 -9.767746985703559 -9.626993233777048 -9.800958545146893 -9.88187877331438 -10.00312732366306 -10.075349286262057 -10.173929629371635 -10.333134247655552 -10.382951586820553 -10.458072971275712 -10.292015174059044 -10.235608239766396 -10.101707666772638 -9.896639466400305 -9.667057972153135 -9.461989771780802 -9.25507648477273 -8.98543025214947 -8.73739789154489 -8.437703105139569 -8.250031435904221 -8.011751676088556 -7.8164360765051395 -7.663293885738655 -7.426859212558731 -7.203340145828992 -6.831159813019568 -6.597888145500913 -6.352755206752496 -6.359608385685247 -6.2960846886547435 -6.340893935522734 -6.324288155801067 -6.304782954223236 -6.0361910568204005 -5.595742518488568 -4.916223468925752 -4.191631588689841 -3.3194327775946677 -3.064547238057335 -2.896644354204925
-10.185790900601397 -9.750086870761468 -9.934595534335546 -9.878979351458216 -9.964907671922715 -10.038183969742136 -10.038183969742136 -10.10671575906965 -10.176829051227799 -10.315474132713462 -10.402456788398384 -10.501037131507962 -10.283316908490551 -10.18869032245756 -10.050835992387213 -9.861582820321232 -9.630946990853635 -9.374216364680564 -9.138836026721062 -8.728699625976398 -8.417143568341313 -8.134845313072976 -7.961143585508237 -7.742369027270403 -7.543099670610399 -7.383895052326482 -7.142715870654652 -6.916297382068748 -6.520658090604906 -6.274470816636066 -6.162184115660985 -6.0578049288390785 -5.996126318444316 -5.861434994035239 -5.837185283965503 -5.68088008753775 -5.4386465706454965 -5.030355256536574 -4.480519439085825 -3.5880246749975027 -3.740376114348669 -3.694512532260256 -4.414096320199157
-10.256958527979968 -9.989420965797557 -10.139927318512981 -10.186581652016713 -10.172084542735893 -10.090900730763298 -10.090900730763298 -10.082202465194808 -10.150470670717215 -10.26196662027698 -10.359492628166134 -10.428815168908965 -10.206086853594545 -10.082202465194808 -9.917989754613878 -9.73163600440406 -9.559779363475062 -9.302785153496885 -8.937721583425317 -8.52468576082449 -8.216819876460887 -7.983548208942232 -7.806683475716224 -7.574466143417993 -7.373088116317143 -7.084200265921159 -6.8430210842493295 -6.504052310883239 -6.146632671159741 -5.890692796401986 -5.842984127677831 -5.664274307816083 -5.530373734822323 -5.39673674563367 -5.2725887734288275 -5.117337912221497 -4.853754107115672 -4.441509035930163 -3.8371113708225066 -2.7804038961532562 -3.7090096415410763 -4.951280115004827 -5.663219972595659
-10.310729624221558 -10.226646390392798 -10.384005922040977 -10.417217481484311 -10.250105349047217 -10.150470670717215 -10.089055644127559 -10.080357378559066 -10.037393218326816 -10.142826740369147 -10.180782808304386 -10.153370092573379 -9.987575879161817 -9.828371260877898 -9.669957394009298 -9.562678785331226 -9.390822144402229 -9.10667880249815 -8.711039511034308 -8.378133165185652 -8.093989823281573 -7.878114686899902 -7.651432614508893 -7.401555167268572 -7.0646950643433275 -6.776597965362662 -6.380958673898819 -5.9805748739430715 -5.7209448259138345 -5.463159864520338 -5.389883566700919 -5.159247737233322 -5.026401499459987 -5.003996876025992 -4.8801124876262545 -4.618373769156171 -4.326322913098917 -4.113347198573411 -3.3732038738362555 -2.3428547796775874 -4.532445448691671 -5.834022278304233 -6.224653477471065
-10.588019787192884 -10.503145801948808 -10.615432502923891 -10.539256783248307 -10.382951586820553 -10.196334252805629 -10.136764312851714 -10.045037148674886 -9.970970099440148 -9.904546980553482 -9.920098425054725 -9.7424429404134 -9.647552770575302 -9.479649886722893 -9.414281103056648 -9.296986309784556 -9.114322732846219 -8.827279969085977 -8.536283448249147 -8.256884614836972 -7.975640694789058 -7.723654577107889 -7.465869615714393 -7.137971362162747 -6.760782937056312 -6.326396826241913 -5.906507824708335 -5.584144831063911 -5.34691940646867 -5.120237334077661 -5.016648898671072 -4.793129831941332 -4.73645931384358 -4.751220006929506 -4.625226948088922 -4.329222334955081 -3.993416567250261 -4.052986507204177 -3.2785772878032646 -2.6496663288207674 -5.119182998857237 -6.217800298538314 -6.515649998307896
-10.63493770450172 -10.716912267889633 -10.799941166497966 -10.699252152947542 -10.654442906079552 -10.342886848444468 -10.127011712062798 -10.019733103384727 -9.836015191225968 -9.684718087095224 -9.498100753080301 -9.2266094338213 -9.135936604864897 -9.082165508623309 -9.0410464350268 -8.917162046627062 -8.744251070477642 -8.563696163980152 -8.29615860179774 -8.11059560300324 -7.835150526667653 -7.572357472977146 -7.152468471443568 -6.717818776824063 -6.209102032969822 -5.772607251714576 -5.533273156678487 -5.336112470459331 -5.1621471590894865 -5.02745583468041 -4.892764510271334 -4.788121739644321 -4.789176074864745 -4.680843130966251 -4.547996893192916 -4.317624647530425 -4.0450789930510025 -3.4630859513773418 -2.797009675874923 -3.093014289008764 -5.4162419472115015 -6.413115898121729 -6.4560800583539795
-10.644690305290638 -10.769629028910797 -10.71585793266921 -10.685809378887146 -10.662350420232727 -10.374253321252061 -10.10671575906965 -9.887941200831815 -9.622248725285143 -9.283279951919052 -8.949319270849973 -8.639871883655736 -8.515723911450891 -8.566595585836316 -8.585046452193723 -8.487520444304568 -8.379187500406076 -8.247132014048058 -8.063677685694403 -7.978540116645222 -7.742369027270403 -7.3907482312592325 -6.835113570096155 -6.196450010324742 -5.7589008938490736 -5.512977203685339 -5.335058135238907 -5.2285702779761545 -5.158456985818005 -5.142641957511656 -4.944426936072076 -4.9025171110602495 -4.785222317788158 -4.654484750455668 -4.533236200106989 -4.149458179872909 -3.2619715080815976 -2.3605148946196777 -2.974665160516249 -4.747266249852919 -6.142678914083154 -6.198295096960483 -6.184852322900086
-10.413263724407724 -10.463081063572723 -10.506045223804973 -10.534248690951296 -10.426970082273225 -10.284371243710975 -10.06058859317613 -9.764847563847393 -9.40347416704731 -8.97093314286865 -8.574503099989492 -8.292204844721153 -8.029411791030647 -8.028357455810223 -8.131945891216812 -8.182817565602235 -8.177809473305224 -8.086082309128399 -7.971950521517575 -7.8330418562268065 -7.6174303036502415 -7.102651132278567 -6.52171242582533 -6.005088167817913 -5.768653494637989 -5.767599159417566 -5.728588756261903 -5.605495119277483 -5.335058135238907 -5.141851206096338 -5.010850054958743 -4.936783005724006 -4.624172612868499 -4.575409608923922 -4.0840893962066644 -3.0099853904004297 -2.460149572949679 -3.843964549755258 -5.398581832269411 -5.79316678851283 -6.058859264059501 -5.772607251714576 -5.68088008753775
-10.255904192759544 -10.279363151413964 -10.205296102179227 -10.196334252805629 -10.160223271506132 -10.125166625427056 -9.995219809509885 -9.677864908162473 -9.202359723751565 -8.70524066732198 -8.177809473305224 -7.817490411725563 -7.5119967816079125 -7.444519327500821 -7.599770188708152 -7.86941642133141 -7.943483470566147 -7.9376846268538195 -7.886812952468395 -7.576311230053733 -7.272662686571824 -6.710965597891311 -6.327187577657231 -6.0578049288390785 -6.180898565823498 -6.244422262854002 -6.167192207957996 -5.957115915288654 -5.6047043678621655 -5.456306685587586 -5.123136755933825 -4.837939078809322 -4.447307879642491 -3.8371113708225066 -2.9454073581495024 -1.8821102883526062 -2.118281377727425 -4.9570789587171555 -5.951317071576325 -5.530373734822323 -5.504015354311741 -5.352718250180998 -5.158456985818005
-9.895585131179883 -9.827316925657474 -9.808866059300067 -9.806757388859221 -9.752195541202315 -9.846822127235306 -9.7424429404134 -9.40848225934432 -8.914262624770899 -8.425841833909807 -7.915280003419824 -7.359645342256746 -6.986410674226898 -6.936593335061897 -7.019622233670232 -7.31457251158365 -7.568403715900558 -7.601615275343892 -7.5235944690325685 -7.192533209819652 -6.781342473854567 -6.2570742854990815 -6.006142503038337 -6.10946735463982 -6.226762147911912 -6.224653477471065 -6.105513597563233 -6.115266198352148 -5.885948287910081 -5.531428070042747 -5.021656990968082 -4.531391113471249 -3.252218907292682 -2.346808536754175 -1.6301241706714382 -1.1770236096945257 -3.2559090805641637 -5.204320567906419 -5.204320567906419 -5.196413053753243 -5.0957240402028185 -4.844792257742074 -4.666082437880325
-9.370262607603976 -9.323344690295137 -9.275636021570985 -9.18180018695331 -9.217911168252808 -9.371316942824398 -9.4211342819894 -9.08901868755606 -8.630910034282138 -8.164103115439723 -7.595816431631564 -6.972704316361395 -6.662202593946734 -6.722826869121073 -6.735478891766153 -6.789249988007741 -7.0420268571042275 -7.217046503694495 -7.138762113578064 -6.891784088193907 -6.5939343884243256 -6.174836138306064 -5.913361003641087 -5.971876608374579 -6.032500883548919 -6.031446548328496 -6.040144813896989 -6.081263887493497 -5.981629209163495 -5.657421128883331 -5.147650049808666 -3.6768524173181656 -2.1984108544795955 -1.4023877630600055 -0.8029981902493608 -2.7002744194010857 -4.617319433935747 -4.668981859736489 -4.345828114676748 -4.558803829202255 -4.541143714260164 -4.411196898342992 -4.382993431196669
-8.826225633865553 -8.814627946440897 -8.756112341707404 -8.677037200175658 -8.782470722217987 -9.035247591314473 -9.084010595259048 -8.759011763563567 -8.301957445510068 -7.807737810936647 -7.21414708183833 -6.636898548656575 -6.433675434919984 -6.520658090604906 -6.481647687449245 -6.529356356173398 -6.61449392522258 -6.787141317566895 -6.828260391163404 -6.644806062809749 -6.577328608702659 -6.429721677843396 -6.159284693804821 -6.137934405591249 -6.195395675104319 -6.13977949222699 -6.149532093015905 -5.965023429441828 -5.849837306610583 -5.459206107443751 -4.367441986695425 -2.6641634381015873 -1.9864894751745128 -1.2402837229199237 -2.438535700931002 -4.298910197367912 -4.320524069386589 -3.859515994256502 -3.542161092909089 -3.706110219684912 -3.775432760427744 -3.9356917139320853 -3.9053795763449153
-8.519677668527478 -8.526530847460231 -8.518623333307056 -8.509925067738564 -8.553943563191236 -8.773508872844388 -8.693642979897323 -8.369171315812054 -7.886022201053077 -7.376251121978413 -6.916297382068748 -6.474794508516492 -6.309791046520247 -6.317434976868316 -6.292130931578156 -6.224653477471065 -6.309791046520247 -6.3733147435507504 -6.435784105360831 -6.428930926428079 -6.468995664804165 -6.540163292182737 -6.469786416219482 -6.455289306938662 -6.4170696551983175 -6.361453472320989 -6.042253484337834 -5.741240778906983 -5.204320567906419 -4.433865105582093 -2.7619530297958486 -2.0381519009752544 -1.9756825391651738 -3.3165333557385033 -4.516630420385322 -4.347936785117595 -3.9338466272963446 -3.2833217962951693 -2.964121808312016 -2.9435622715137617 -2.9933796106787627 -3.157328737454585 -3.2248061915616764
-8.47671350829523 -8.46406148565015 -8.455099636276552 -8.442447613631472 -8.338068426809567 -8.294049931356893 -8.223673055393638 -7.945592141006994 -7.45532626351016 -7.059686972046317 -6.725726290977238 -6.505106646103663 -6.3506465363116495 -6.26471821584715 -6.215955211902573 -6.130026891438074 -6.056750593618655 -6.075465043781168 -6.087062731205825 -6.148477757795482 -6.196450010324742 -6.374105494966068 -6.374105494966068 -6.407317054409402 -6.336940178446147 -5.976621116866484 -5.628954077931902 -5.085971439413903 -4.325268577878494 -3.1984478110510937 -1.9522235805107555 -2.4240385916501817 -3.6299345000093286 -4.822387634308079 -4.750165671709083 -4.2775599091543395 -3.8927275536998356 -3.3507992504022606 -2.897698689425348 -2.516820091047432 -2.4103322337846786 -2.2648339733662635 -2.405324141487668
-8.316454554790889 -8.19836901010348 -8.075275373119059 -8.150660341379325 -8.151451092794643 -7.982493873721809 -7.713901976318974 -7.466923950934817 -7.25394823640931 -6.934748248426157 -6.634789878215728 -6.459243064015249 -6.316644225452998 -6.23256099162424 -6.209102032969822 -6.1134211117164075 -6.033291634964237 -5.976621116866484 -5.906507824708335 -5.839030370601244 -5.815571411946825 -5.923113604430002 -5.865388751111826 -5.848782971390159 -5.581245409207748 -5.094933288787502 -4.62918070516551 -4.083035060986241 -3.7248246698474254 -3.312579598661916 -3.430928727154431 -4.15631135880566 -4.720907869342336 -4.710100933332997 -4.4768292658143425 -4.178979566044761 -3.8371113708225066 -3.401407340982579 -3.0803622663636845 -2.4807091097479335 -1.8976617328538499 -1.618262899441676 -1.5441958502069393
-8.156459185091652 -7.98934705265456 -7.889712374324558 -7.889712374324558 -7.828297347734901 -7.5676129644852415 -7.313518176363226 -7.170128586385658 -7.040181770468486 -6.78424189571073 -6.54121762740316 -6.488500866381996 -6.363562142761834 -6.234406078259981 -6.203303189257493 -6.073356373340322 -5.960015337144817 -5.893592218258149 -5.761800315705237 -5.60760378971833 -5.428893969856581 -5.233578370273165 -5.085971439413903 -4.8244963047489255 -4.505032732960666 -4.228796905209762 -4.030318299965076 -3.916186512354254 -3.7912477887340934 -3.9757564523081705 -4.488426953238999 -4.734614227207839 -4.704302089620669 -4.573300938483075 -4.393800367206008 -4.145768006601427 -3.8136524121680884 -3.412214276991918 -2.9179946424184964 -2.208163455268511 -1.6251160783744272 -1.0821334398564288 -0.6271877922437756
-7.980648787086068 -7.867307750890564 -7.743423362490827 -7.627182904439158 -7.576311230053733 -7.33223262652574 -7.034382926756159 -6.757883515200149 -6.524611847681493 -6.278424573712654 -6.073356373340322 -5.927858112921907 -5.846937884754419 -5.744403784568253 -5.7314881781180675 -5.676926330461162 -5.62526390466042 -5.569384137977986 -5.446554084798671 -5.237532127349753 -4.991344853380912 -4.5762003603392385 -4.346882449897171 -4.136015405812512 -3.9757564523081705 -3.9082789982010793 -3.8410651278990944 -3.7677888300796747 -3.6193911478050955 -3.694512532260256 -4.075391130638172 -4.280459331010504 -4.336075513887833 -4.258054707576509 -4.037171478897828 -3.716917155694251 -3.351590001817578 -2.9211576480797667 -2.375275587705604 -1.9453704015780042 -1.3370189793937612 -0.7297218924299416 -0.07155313108069716
-7.243404884205077 -7.34989274146783 -7.380995630470318 -7.345938984391243 -7.257111242070581 -6.9260499828576645 -6.459243064015249 -6.095760996774317 -5.738341357050819 -5.468958708232666 -5.311599176584489 -5.184815366328587 -5.115492825585756 -5.124191091154248 -5.129989934866576 -5.187714788184752 -5.169000338022238 -5.097832710643665 -4.974739073659245 -4.781532144516676 -4.518739090826169 -4.15631135880566 -3.8956269755559996 -3.7082188901257584 -3.6924038618194093 -3.6631460594526626 -3.5685194734196717 -3.4367275708667595 -3.172880181955829 -2.9875807669664343 -3.130970356944003 -3.2490559016314124 -3.2920200618636617 -3.311788847246598 -3.2100454984757505 -3.0703460817696633 -2.755099850863097 -2.543969222973332 -2.2092177904889345 -1.9161125992112575 -1.4453519232922551 -0.8370005011080122 -0.1925380976242712
-6.567576007913743 -6.6719551947356495 -6.799002588796657 -6.849874263182081 -6.757883515200149 -6.491400288238159 -6.019585277098734 -5.491363331666662 -5.090979531710914 -4.933620000062737 -4.881957574261995 -4.847691679598238 -4.73645931384358 -4.759918272497998 -4.748320585073342 -4.794974918577073 -4.801828097509825 -4.740413070920168 -4.627072034724663 -4.455215393795665 -4.2219437262770105 -3.9913078968094142 -3.7677888300796747 -3.6104292984314976 -3.56166629448692 -3.473892887386681 -3.357652429335012 -3.0901148671526 -2.797009675874923 -2.6172455207927507 -2.336001600744836 -2.259825881069253 -2.3381102711856827 -2.375275587705604 -2.421929921209335 -2.3175507343874284 -2.2540270373569244 -2.0695183737828473 -1.8204316779578433 -1.5637010517847703 -1.260843259718178 -0.7502814292281959 -0.048094172426279336
