static/data/ASCData/20210106/ASCV/18.asc
ncols 97
nrows 97
xllcorner 99.0
yllcorner 2.0
cellsize 0.25
NODATA_value -32767
[rows 0 to 18 of 97, columns 0 to 42 of 97]
-0.439625342809455 -0.20026548248622156 0.2481015973628624 0.704988716734019 0.9129309313196092 0.9549986264598438 1.8408164855203557 2.0136135370773953 1.9246856245657602 1.6746757148399354 2.2372645745318076 3.680612519817961 3.165948882437748 2.797723424343163 2.9726504857807203 2.4345567397148073 1.0859942341117144 -0.4755692595432004 -1.2461003338206633 -2.120203138538325 -2.001987590169564 -1.0791608094350487 -0.3144872623290107 -0.34084613460042323 -0.3730625340432612 -0.7987982589118388 -1.8009679076956577 -2.859316567078144 -3.4570505897985675 -3.482610708364786 -3.6202625968932756 -3.659135277212733 -3.5214833886842434 -3.5606223202387657 -3.6298476413556076 -3.3936827958531506 -2.707020860621092 -2.2392174406122796 -2.5185149861952305 -3.1953256257298923 -4.010853158733303 -4.644531098187471 -4.589949594999192
-0.490213077471763 -0.49527185093799364 -0.4111364606575245 -0.02161090375775654 0.6219183313938084 1.7401735186658698 2.5828586776458877 2.77642332553798 2.0194710642488207 1.7734549230489671 2.41299038967456 3.477462827463537 2.915938972711923 1.6006578714919275 2.142479134848747 2.7157180439432116 2.0399724093488087 0.335964504934239 -1.7061824680125972 -2.1651995972642717 -0.9433726795520125 -0.12598138790314817 -0.34270989324587653 -1.0733032822636233 -1.4532437947010597 -1.1601011848947405 -1.4726801348607883 -2.2099298047551543 -2.838815221978156 -2.7647973786301483 -2.912300562856035 -3.382766495215495 -3.420840421829758 -3.6122750598413322 -3.9189964826359547 -3.817554762076275 -3.5225483936245023 -2.7040920970353794 -2.366219279738178 -2.2237748689785226 -2.6279442438068537 -3.082168850827362 -3.294104833938924
-0.009895849414905733 0.31040438636802037 -0.10361628415770774 -0.012824613000618434 0.4813376792796067 1.66881818766851 2.3387062950914874 2.6142763233835318 2.4569218434602487 2.4941970163693172 2.8925088640262224 2.675780358683495 2.202119411503257 1.968617078351448 2.3504213494343382 2.740213157569171 2.623062614140669 1.627815497468534 -0.5077856589860383 -0.7724393866404258 0.13467857122526805 0.0800970680369888 -0.4814267867146249 -1.3310344778063272 -1.6739660685697593 -1.5986169690464274 -1.395467276692003 -1.9306322591722038 -2.182772178778547 -2.0049163537552763 -2.2040722775837294 -2.4482246601381292 -2.7549460829327517 -3.493260757767377 -3.992215572278768 -4.334082158101942 -4.2616618221643225 -3.667921567969871 -3.1093264768039695 -2.841743985563869 -2.758939851458724 -3.0693887915442533 -3.368122677286932
0.473616393462728 1.4081582285400938 1.1621420873402402 1.0066513660624103 1.4890986039997856 2.011749778431942 2.380773990231722 2.817426015737956 2.4393492619459733 2.501918302186196 2.737284393983458 2.757785739083446 2.5945737319887376 1.9931121919774082 2.591644968403025 2.9492203770950205 2.833933592311972 2.3456288272031722 1.6211592165919146 1.0604341155454957 0.34767955927708893 0.247036592422603 -0.5117794275120096 -1.1270860317467082 -1.3360932512725578 -1.8273267799670707 -1.634827137015237 -1.487323952789351 -1.6055395011581117 -1.6172545555009616 -1.9053383918410498 -2.07813544339809 -2.371278053204409 -3.1045339545728035 -3.8955663739502544 -4.313580813001954 -4.35351849826167 -3.9248540098073796 -3.432555476172608 -3.028386101344277 -2.922950612258626 -3.659135277212733 -4.107502357061817
0.657063494422359 1.6717469512542227 2.096683922417606 1.9238868708605654 1.636601788225672 1.99604095556312 2.222620756603245 2.494995770074511 2.12197778974876 2.2138344658461078 2.4726306663290707 2.874936282511948 2.936440317811911 2.4638443755719326 2.226614525129217 2.5996325054549683 2.6092175499173003 2.2119707072006545 2.648356481471823 1.7958200267944084 1.0271527111623984 0.033236850665588236 -0.7306379427352558 -1.2090914121466594 -1.2929605511920639 -1.5275278892841322 -1.5773168702412455 -1.4638938441036506 -1.7208262859411598 -1.6952661673749412 -1.83398306084369 -2.1699921194954377 -2.4287883199784006 -2.473784778704348 -3.2179569807103983 -3.899560142476226 -4.091793534192995 -3.447199294101171 -2.8164501182327153 -2.4394383693809916 -3.3047548833415155 -4.34180344391882 -4.730530247113394
0.3514070765679955 0.6112682819912179 1.3075152616856078 1.9579670289488575 1.670948197549028 1.5340950627257328 1.8093988397827117 1.9755396104631329 1.505872431808867 1.599592866551668 2.146472903374719 2.620932604260151 2.8203547793236687 2.476624434855042 2.1443428934942004 2.1728317756461317 2.183481825048723 1.8562590571541122 2.106268966879938 1.2372249356285074 0.44139999401989005 -0.5557108812976974 -0.7812256773975634 -1.2343852794778134 -1.3515358229063148 -1.070374518677911 -1.2090914121466594 -1.7471851582125728 -2.0059813586955357 -1.796974139169686 -1.801766661400852 -2.312436530255093 -2.473784778704348 -2.5185149861952305 -2.5850777949614243 -3.265615951786993 -3.500982043584256 -2.681726993289938 -2.0752066798123776 -2.480441059580967 -3.3476213321869444 -4.557733195556354 -4.786176755241932
0.027379323494162833 -0.07912117053174761 0.8125542157001888 1.4882998502945917 1.5820202850373928 1.3426604247141585 1.4667335002543442 1.7859687310970118 1.27529886224277 1.21565858558826 1.7332509865541859 2.2031844164435164 2.3701239408291315 1.9813971376345574 2.4550580848147954 2.4294979662485767 1.830965189822959 1.490163608940045 1.0867929878169083 0.30454685919659497 -0.4747705058380056 -0.9356513937351338 -1.0879471001921863 -0.8954474572403526 -1.0645169915064856 -0.7665818594690008 -0.9473664480779842 -1.4891877114348042 -1.421826148963416 -1.2080264072064004 -1.5927594418750024 -2.597591603009469 -2.689448279106817 -2.527301276952368 -2.5741614943237687 -2.9746033518611927 -3.095747663815666 -2.424794551452429 -2.279421377107061 -2.7432310285899018 -3.5675448523504496 -4.581962057947249 -4.599800890696589
0.335964504934239 1.3671555383401186 1.3075152616856078 1.3309453703713086 1.5506026392997496 1.1892997133168475 1.0212951839909739 1.5018786632828949 2.110262735405909 1.9052492844060316 1.7713249131684492 1.7801112039255864 1.8887417078320157 2.442278025531686 2.7705657983665555 2.4071328625031354 1.8115288496632305 1.1914297231973654 0.6804936031080597 -0.047969776029169076 -0.9425739258468182 -1.401324803863428 -1.454042548406254 -1.0341643507091014 -0.7617893372378348 -0.485420555240597 -0.5509183590665323 -0.3741275389835206 -0.1339689249550915 0.19032507935380583 -0.8302159046494824 -2.4042932063524414 -3.0294511062845366 -2.8603815720184036 -2.8563878034924315 -3.167102994813026 -3.417911658244045 -3.0214635692325933 -2.935730671541735 -3.6279838827101543 -4.477591573801856 -4.896671017793814 -4.8223869232107415
0.6738373222314404 1.5125287126854863 1.631809265994506 1.5213150034426235 0.999995085185791 0.01752802779676621 -0.022409657462950427 1.4070932235998344 2.0154772957228486 2.0184060593085613 2.12197778974876 2.3309850092746087 2.1688380071201605 2.4803519521459485 2.485410725612179 1.8807541707800723 1.3660905333998592 1.1365819687740215 0.8162817329910954 -0.08790746128888571 -1.0615882279207733 -1.5509579979698325 -1.7285475717580385 -1.6952661673749412 -1.2040326386804288 -0.7519380415404382 -0.5400020584288763 -0.27162081348358136 0.11124846253956733 0.604345749879533 0.5234053744198413 -1.2519578609920883 -2.2432112091382512 -2.593864085718562 -2.6923770426925295 -3.0752463187156778 -3.5430497387244904 -3.410190372427167 -3.468765644141418 -4.218795373318893 -5.102483222498886 -5.497067552864885 -5.257973943776716
-0.501129378109419 -0.0655423575434444 0.8359843243858887 1.1416407422402521 0.5779868776081205 -0.1427552157122296 1.1064955792117024 2.300632368477225 2.1776242978772977 2.0516874636916587 2.2772022597915242 2.3837027538174347 1.272370098657058 1.0175676667000664 1.5095999490997736 1.6738769611347406 1.6025216301373808 1.6855920154775905 1.9872546648059828 0.4922539799172627 -0.480628033009431 -0.332059843843286 0.033236850665588236 -0.36720500687183577 -1.216812697963538 -1.4005260501582337 -1.449250026175088 -1.3613871186037114 -1.060523222980514 -0.5655621769950949 -0.19041418678882405 -0.7364954699066812 -1.3174556648180236 -1.9218459684150662 -2.5302300405380804 -3.1766880392753576 -3.992215572278768 -3.513762102867365 -3.100540186046832 -3.5616873251790246 -4.470669041690172 -5.025536615565166 -4.829043204087361
-0.19440795531479615 1.1980860040739847 1.2050085361856695 -0.10548004280316103 -1.0216505426610567 -0.12997515642912028 1.9473169795462661 1.890605466477469 2.0799100946085245 2.2303420424201237 2.2694809739746455 1.9268156344462781 1.3056515030401545 1.9071130430514849 1.8211138941255625 1.9364006789086101 2.149401666960432 2.4305629711888352 2.9170039776521826 2.339771300031747 1.8554603034489183 1.7255297007373072 1.558590176351692 1.0838642242311955 0.5936957004769425 -0.29584967587447597 -0.9931616605091258 -1.3057406104751732 -1.2109551707921127 -1.4804014206776666 -1.8741869973384713 -2.0714791625214706 -1.7735440304839858 -1.944477323395572 -2.452218428664101 -3.3106124105129404 -4.008723148852784 -3.20411191648703 -2.528366281892627 -3.167102994813026 -4.242225482004594 -4.4581552336421275 -3.9874230500476022
0.03510060931104153 0.7723502792054076 1.3330753802518265 0.44326375266534335 -0.14062520583171167 0.4589725755341654 1.7284584643230199 0.8711294874144393 1.5809552800971334 2.140615376203294 2.0721888087916467 1.5458101170685836 1.3280166067855959 1.4656684953140857 1.256661275788236 1.256661275788236 1.178649663914256 1.2353611769830541 1.084929229171455 1.1972872503687908 1.4041644600141225 1.8554603034489183 1.7303222229684732 1.1600120774597222 0.7137750074911562 0.21588519792002447 -0.41912399770946784 -0.7881482095092478 -1.307604369120627 -2.0272814575007176 -2.7959487731327277 -2.8614465769586626 -2.937594430187189 -2.962089543813148 -3.1923968621441796 -3.0020272290728647 -3.3936827958531506 -2.868102857835282 -2.700364579744473 -3.4072616088414547 -4.142647520090367 -3.905417669647651 -3.262687188201281
0.28910428756283846 -0.07912117053174761 0.0878183538538666 0.5399129509938572 0.33889326851995083 0.6160608042223839 1.7596098588255984 1.0790717020000296 1.0194314253455197 1.7108858828087445 1.8887417078320157 1.347719198180389 0.38362347601083346 0.0926108760850326 0.6551997357769057 1.4590122144374664 1.4158795143569725 -0.06740611618889769 -0.29877843946018867 -0.09962251563173563 0.18553255712263983 0.7529139390456789 1.1504270329973902 0.7313475890054315 0.29868933202516956 0.12109975823696395 -0.3057009715718726 -0.4044801797809052 -0.9052987529377496 -1.850756888652771 -2.873960385006707 -3.1143852502702005 -3.4394780082842926 -3.488468235536211 -3.3428288099557784 -3.1495304132987507 -3.1279640632585037 -2.902449267158638 -2.9288081394300507 -3.725698085978927 -4.371091079775946 -4.023366966781348 -3.5675448523504496
0.3066768690771129 -0.19440795531479615 -0.41992275141466173 -0.42391651994063384 0.44139999401989005 0.8162817329910954 1.6358030345204773 1.2303024035168226 1.0468553025571916 1.0087813759429292 1.3301466166661147 0.9901437894883944 0.12189851194215873 -0.7862844508637945 -0.09296623475511634 0.3572646037394209 0.34475079569137623 -0.34084613460042323 -0.04690477108890967 0.5761231189626672 0.2353215380797531 0.09367588102529201 0.3096056326628256 0.1775450200706965 -0.08790746128888571 -0.19840172384076737 -0.238339409100484 -0.20718801459790548 -0.3839788346809172 -1.3643158821894241 -2.445295896552417 -2.9746033518611927 -3.1766880392753576 -3.268544715372706 -3.302891124696062 -3.225678266527277 -3.1415428762468074 -3.026522342698824 -3.331113755612928 -4.093923544073513 -4.518594264001831 -4.153297569492958 -3.7832083527529186
0.3798959587199269 0.4725513885224695 0.2459715874823445 0.26460917393687833 0.7244250568937476 0.599553227648367 1.0018588438312444 0.8916308325144273 0.7957803878911074 0.5809156411938332 0.37190842166798355 0.3964035352939428 0.679694849402865 -0.13183891507457357 -0.35149618400301463 -0.8895899300689276 -0.9620102660065468 -0.6973565383521594 0.21375518803950655 0.7656939983287883 0.6434846814340558 0.11311222118502062 -0.2979796857549939 -0.3653412482263825 -0.25298322702904663 -0.332059843843286 -0.27747834065500676 -0.41619523412375514 -0.7101365976352678 -1.2687316888011693 -2.2480037313694172 -2.5967928493042747 -2.7384385063587358 -2.797812531778181 -2.825236408989853 -2.973804598155998 -3.150329167003945 -3.1495304132987507 -3.7012029723529674 -4.235302949892909 -4.477591573801856 -4.10936611570727 -3.688422913069858
0.5018390243795947 1.3602330062284338 0.8016379150625328 0.8397118416767961 1.1669346095714062 0.9842862623169699 0.5809156411938332 0.5771881239029266 0.5936957004769425 0.48932521633155 0.2576866418251944 -0.29105715364331 -0.004038322243481218 0.5186128521886753 0.22254147879664377 -0.6680689024950333 -0.5293520090262849 -0.28227086288617276 -0.6337224931716774 -0.41326647053804244 0.35939461361993885 0.13947109345643405 -0.3877063519718238 -0.28706338511733875 -0.1552690237602743 -0.4454828699808804 -0.42578027858608714 -1.0205855377207977 -1.6846161179723502 -2.094909271207171 -2.291136431449911 -2.5470038683471614 -2.5517963905783274 -2.527301276952368 -2.5195799911354895 -2.533158804123793 -2.7325809791873104 -3.3848965050960134 -4.093923544073513 -4.363369793959067 -4.402508725513589 -3.999936858095647 -3.6894879180101174
0.7635639884482694 1.4363808594569605 0.7390688748223102 0.1727524978395305 0.8045666786482455 1.3506479617661018 0.8319905558599174 0.7507839291651601 0.7244250568937476 0.8495631373741928 0.6533359771314524 -0.012824613000618434 -0.6984215432924179 -0.44148910145490916 0.4062548309913394 0.20789766086808115 0.4392699841393721 0.6014169862938212 0.022320550027932207 -0.6318587345262241 -0.35548995252898585 0.006877978394174811 -0.35948372105495796 -0.2343456405745128 -0.311558498743298 -0.5479895954808196 -0.8672248263234863 -1.7794015576554107 -2.3379966488213118 -2.869167862775541 -3.0488874464442652 -2.8907342128157882 -2.641789308030222 -2.5459388634069025 -2.5360875677095054 -2.329210358064174 -2.3526404667498744 -2.987383411144302 -4.304794522244816 -4.575305777070629 -4.356447261847382 -3.9706492222385217 -3.7177105489269837
0.14825738421357126 1.0947805248688516 0.5106253151367319 0.10645594030840133 0.098468403256458 0.38948100318225887 0.6219183313938084 0.8543556596053588 1.2225811176999448 0.8085604471742167 0.5039690342601126 0.6591935043028778 0.7723502792054076 -0.1669840781031242 0.06838201369413799 0.29682557337971627 0.4901239700367439 1.0516478247883576 1.4267958149946285 0.4805389255744119 -0.3057009715718726 0.27046670110830373 0.022320550027932207 -0.36134747970041126 -0.8038570323780694 -1.0304368334181944 -1.1260210268064492 -1.618319560441221 -2.509728695438093 -3.3643951599960253 -3.658336523507539 -3.339900046370066 -2.6982345698639545 -2.729652215601598 -2.4229307928069757 -2.3537054716901338 -2.591734075838044 -3.8681424967385825 -5.282202806167611 -5.34290808776238 -4.576104530775823 -4.126938697221545 -3.8252760478931536
-0.07512740200577639 0.44139999401989005 1.3202953209687172 1.5945340930854375 1.1552195552285562 0.28803928262257905 -0.12811139778366698 1.3466541932401306 1.9550382653631448 1.769461154522996 1.0878579927571677 1.1474982694116775 1.5146587225660042 0.26274541529142503 -0.8280858947689644 -0.7050778241690372 -0.5780759850431387 0.35540084509396763 1.3280166067855959 1.073214174828605 0.20017637505120245 -0.5264232454405722 -0.6454375475145273 -0.7402229871975878 -0.9247350930974783 -1.0011491975610691 -0.7394242334923935 -1.1230922632207365 -2.4873635916926515 -3.373181450753163 -3.4855394719504984 -3.0342436285157026 -2.4873635916926515 -2.299922722207049 -2.6495105938471 -3.8018459392074533 -5.769708817571217 -7.725590390357064 -8.643624648860413 -8.132954780006173 -6.424953107065631 -4.721743956356256 -4.178857688059177
