static/data/ASCData/20210107/ASCV/00.asc
ncols 97
nrows 97
xllcorner 99.0
yllcorner 2.0
cellsize 0.25
NODATA_value -32767
[rows 19 to 37 of 97, columns 43 to 85 of 97]
-6.051267000730727 -3.796347186953698 -3.099088148568457 -3.490569408487124 -4.281796192607338 -5.273813990415313 -6.492639930209005 -7.3900778145573485 -7.8617530464061876 -7.939804431300058 -8.356996735654352 -8.339243871639276 -8.115802652139177 -7.84430626625344 -7.480984721669033 -7.022777179762665 -6.494476433382978 -6.3187842964061876 -6.204615015757507 -6.3928565910897825 -6.750362542289942 -7.271011192111406 -7.75523586231573 -8.20456697221456 -8.593293477372267 -8.990590330675182 -9.322691321302042 -9.539398695830904 -9.6526497248926 -9.665505247110413 -9.55500897280968 -9.629387351355604 -9.895986395444076 -10.33919582809633 -10.78271134461091 -10.777814002813647 -10.858926226330807 -10.771998409429397 -10.476015314557348 -9.815792423513905 -8.867544618018965 -8.252316054737868 -8.855913431250466
-5.6821298627620695 -3.3794609664617323 -3.1869342170568524 -4.906819439482958 -5.810991168802538 -6.369594217552786 -6.461419376251457 -6.978088935862645 -7.344165235208013 -7.498431501821781 -7.57372813195469 -7.207345748746993 -6.9438075432818085 -6.625480326459749 -6.239814659925331 -6.098097831667049 -6.082487554688274 -6.108810766848561 -6.412445958278832 -6.696797866382383 -7.148883731042173 -7.641066581667049 -8.111823561928901 -8.523812440623605 -8.953554183333384 -9.269126645394484 -9.542459534454196 -9.73590453544606 -9.75029047697552 -9.655710563515889 -9.600921552159015 -9.764982502367307 -10.192887741903114 -10.64313710338893 -10.833521265757508 -10.9975822159658 -11.048392137112398 -10.917388244035628 -10.553148447864231 -9.857725912652965 -9.040482000234793 -8.883154894997737 -9.408700886616465
-5.709371326509342 -3.322835451930885 -3.4419020743768285 -5.605914981042173 -6.2688926268465766 -6.160538939582145 -6.2318564795047795 -6.3187842964061876 -6.549265444739852 -6.665577312424835 -6.49937377518024 -5.999538827997142 -5.800278233621026 -5.8158885105998 -5.822622355571037 -5.889042553696408 -6.055246090941003 -6.300113180804125 -6.651803538620035 -7.159596666223685 -7.588420157346478 -8.052137208774766 -8.518915098826342 -8.902744262186786 -9.293307270518468 -9.57459833999873 -9.755187818772782 -9.816710675100893 -9.780592779346081 -9.736822787033049 -9.81977151372418 -10.108714679762665 -10.537538170885458 -10.807198053597222 -10.962382571797976 -11.101038561432969 -11.06981800747542 -10.716291146485538 -10.19074515486681 -9.553172469635706 -9.034666406850544 -9.010179697864231 -9.386050680804125
-5.93587338463273 -3.6693223840872036 -3.6439174235139045 -5.9416889780169795 -6.243487666273278 -6.0081091761423515 -5.6068332326291594 -5.674171682341518 -5.477053675001705 -5.50337688716199 -5.390125858100296 -5.122608562424835 -5.13515800078032 -5.405736135079071 -5.655806650601784 -5.958523590445069 -6.185025648568457 -6.701695208179646 -7.135109957237372 -7.622395466064986 -8.086418601355604 -8.492591886666057 -8.888970488381986 -9.24249734937187 -9.460429059350048 -9.715396916670024 -9.801100398122117 -9.846094725884466 -9.82558710710843 -9.86752059624749 -10.059129094065383 -10.426123644997737 -10.834439517344494 -11.085428284454196 -11.209392248697402 -11.013192492944572 -10.796179034553381 -10.19074515486681 -9.513993735257607 -9.016913542835468 -8.918354539165561 -8.90458076536076 -8.980795647080658
-6.085242309449235 -4.350971145493671 -4.467283013178654 -5.909550172472445 -6.024943788570441 -5.625504348231223 -5.223004069268716 -4.9291635614329685 -4.73082121864384 -4.680011297497241 -4.577473203617059 -4.6313439633869455 -4.861825111720609 -5.214433721123506 -5.683966365936043 -5.987601557366315 -6.54436810294259 -7.061955914140764 -7.570667293331401 -8.044485112216543 -8.521975937449632 -8.856831682837452 -9.206379453617059 -9.487670523097322 -9.7056022330755 -9.748453973801546 -9.835381790702954 -9.852828570855703 -9.870581434870779 -10.005258334295496 -10.279815558804522 -10.68782534728895 -11.048392137112398 -11.300299155809086 -11.146032889195318 -10.948608797993174 -10.371640717503194 -9.690910207683713 -8.925088384136798 -8.635226966511325 -8.616555850909263 -8.600027322343502 -8.675323952476413
-4.5493134882828 -4.204663059300454 -4.60777550598762 -5.032619906900138 -4.701743251722593 -4.4409598010183675 -4.719190031875341 -4.424125188590279 -4.33719737168887 -4.302303811383375 -4.308119404767624 -4.47126210338893 -4.753471424456178 -5.190865263724181 -5.708453074922355 -6.2817481490643905 -6.839432946227652 -7.399872498151874 -7.9153177223137465 -8.378422606017377 -8.803267006929893 -9.128328068723189 -9.385132429217139 -9.662444408487126 -9.772022431200872 -9.814874171926919 -9.883130873226264 -9.880376118465303 -9.957509251772187 -10.12432495674144 -10.443876509012814 -10.957485230000714 -11.297238317185796 -11.25132573783646 -11.096141219635706 -10.644055354975917 -10.012298263129061 -9.35972746864384 -8.69277073262916 -8.44759755890371 -8.343222961849552 -8.29914688567419 -8.20456697221456
-2.647920535495654 -2.6215973233353687 -3.104903741952706 -3.148979818128068 -3.0375652922403478 -3.810120960758499 -4.179258098727156 -4.064782734216147 -3.942961357009243 -4.125387338957269 -4.316689752912834 -4.620631028205434 -4.887230072293908 -5.342376775576987 -5.814970259012814 -6.401733023097321 -7.031653611770203 -7.604948685912238 -8.138146774089188 -8.606761167314739 -8.968246208725173 -9.296368109141756 -9.513075483670619 -9.664586995523427 -9.778756276172107 -9.905781079038602 -10.00127924408522 -10.091267899609917 -10.130446633988019 -10.240636824426423 -10.636097174555365 -11.15368498575354 -11.289586220627573 -11.183069036537114 -10.854028884533545 -10.36674337570593 -9.816710675100893 -9.238824343023923 -8.675323952476413 -8.332510026668041 -8.196608791794008 -8.043260776767227 -7.904604787132234
-2.0648307777590937 -2.4615154633373524 -2.7437247844046007 -2.960432158933464 -3.1107193353369555 -3.6595277004926787 -3.655548610282403 -3.610860366382383 -3.868582978463319 -4.148955796356595 -4.438817213982066 -4.7669391143986495 -5.039353751871373 -5.493582203567465 -5.989744144402617 -6.589362430704938 -7.241627141327831 -7.812779628433564 -8.291494789115967 -8.6900159778682 -9.073539057366315 -9.319630482678754 -9.505423387112398 -9.676218182291926 -9.829566197318705 -9.978016870548224 -10.146975162553778 -10.301241429167545 -10.334298486299065 -10.439897418802538 -10.856783639294505 -11.121546180209005 -11.165316172522038 -10.986869280784287 -10.672215070310177 -10.272775629970958 -9.770798095751555 -9.218316724247886 -8.618698437945564 -8.244663958179647 -8.03162958999873 -7.744522927134218 -7.473944792835468
-1.6274369384910914 -2.1802243938570904 -2.446823437945565 -2.9016640573663146 -3.4856720666898617 -3.4691435381241007 -3.169487436904105 -3.2172365194274137 -3.680953570855702 -4.165484324922355 -4.577473203617059 -5.049148435465899 -5.409715225289346 -5.746407473851139 -6.198799422373258 -6.735670516898153 -7.293355314061415 -7.843081930804125 -8.349956806820789 -8.743580653775759 -9.106902198360165 -9.352993623672603 -9.576740927035033 -9.728864606612497 -9.919248768981074 -10.144832575517476 -10.311954364349056 -10.377456310887442 -10.43683658017925 -10.573656066640268 -10.83260301417052 -11.018089834741836 -11.044413046902122 -10.870557413099306 -10.594163685416305 -10.234821231042172 -9.719069923017972 -9.098944017939614 -8.51401775702908 -8.209464314011822 -8.01999840323023 -7.818901305680141 -7.547404919794404
-1.2466686137539362 -1.4251155054916866 -2.0345284753885324 -3.3764001278384432 -3.3041643363288222 -2.639962355075103 -2.625576413545644 -3.2502935765589354 -3.8930696874496316 -4.474935109736876 -4.95946586380353 -5.273813990415313 -5.614791413049711 -5.9799494608080925 -6.425301480496646 -6.9349311112742695 -7.4564980126827205 -7.973167572293908 -8.414540501772187 -8.769903865936044 -9.075681644402618 -9.355748378433564 -9.650813221718625 -9.856807661065979 -10.019950359687282 -10.170237536090774 -10.29940492599357 -10.372558969090178 -10.453671192607338 -10.672215070310177 -10.94769054640619 -10.992684874168537 -10.929019430804125 -10.789445189582146 -10.533559080675182 -10.136262227372267 -9.6272447643193 -9.121594223751952 -8.641960811482562 -8.348120303646816 -8.147941457683713 -7.835429834245902 -7.4194618653409234
-1.4945965422403478 -1.6341707834623271 -1.9632109354658982 -2.9898162097170387 -2.5882341823415183 -2.3069431128612563 -2.806165892319697 -3.4731226283343766 -4.073659166223685 -4.655830672373257 -5.140055342577583 -5.517150660966791 -5.889960805283395 -6.26797437525959 -6.647824448409759 -7.036550953567465 -7.518020869010829 -7.952659953517872 -8.348120303646816 -8.755211840544256 -9.112717791744416 -9.396763615985638 -9.642855041298075 -9.892925556820789 -10.071678532420869 -10.204518928671611 -10.324503802704541 -10.439897418802538 -10.546414602892996 -10.809952808358183 -11.080530942656932 -10.927182927630152 -10.858926226330807 -10.764040229008845 -10.505399365340924 -10.038621475289347 -9.519809328641855 -9.179137989869787 -8.860810773047728 -8.721236531825747 -8.521975937449632 -8.233951022998134 -7.798393686904105
-2.223076134583137 -2.9243142631786534 -3.0090994930437596 -2.575684743986033 -2.3149012932818076 -2.6773045862792286 -3.1146984255472314 -3.728090485654353 -4.346073803696408 -4.88416923367062 -5.262182803646815 -5.641114625209997 -5.99739624096084 -6.391938339502795 -6.81494623724134 -7.193878058804522 -7.584441067136202 -8.004388126251456 -8.411479663148898 -8.81000085190113 -9.103841359736876 -9.389111519427415 -9.64989497013164 -9.952611909974925 -10.127385795364727 -10.266041784999722 -10.403779523047728 -10.637015426142352 -10.805055466560919 -11.07257276223638 -11.200515816689862 -11.040433956691846 -10.879433845106842 -10.73771701684856 -10.44754951536076 -10.013216514716047 -9.715396916670024 -9.405640047993174 -9.245558187995158 -9.296368109141756 -9.157712119506764 -8.986611240464907 -8.272823673513905
-3.4963850018713734 -3.6567729457317184 -3.2359076350294766 -2.4348861673147377 -2.4798804950770865 -2.84718112987177 -3.4575123513556028 -4.070598327600395 -4.504319160520451 -4.971097050572028 -5.330439504946161 -5.728960693698392 -6.103913425051298 -6.485906085237769 -6.888100280337948 -7.253258328096329 -7.645045671877325 -8.096213284950128 -8.512181253855108 -8.924170132549811 -9.217092388798571 -9.474202833154848 -9.729782858199483 -10.039539726876333 -10.217374450889427 -10.356948692111406 -10.655686541744416 -10.904838805680143 -11.052065143460343 -11.219186932291926 -11.258365666670024 -11.07257276223638 -10.892901535049315 -10.658747380367704 -10.36949813046689 -10.242473327600397 -9.995463650700971 -9.816710675100893 -9.697644052654947 -9.724885516402221 -9.434105847189763 -9.016913542835468 -6.822598333799562
-3.842259766303034 -3.504343182291925 -2.786576525130647 -2.402747361770203 -2.6537361288799035 -3.1860159654698657 -3.797265438540685 -4.248433051613488 -4.6812356329465565 -5.022825223305612 -5.409715225289346 -5.801196485208013 -6.242569414686291 -6.609870049480975 -6.973191594065383 -7.339267893410751 -7.922357651147311 -8.375361767394088 -8.77388295614632 -9.157712119506764 -9.456449969139772 -9.726109851851536 -9.952611909974925 -10.136262227372267 -10.31379086752303 -10.541517261095734 -10.841173362315729 -11.06400241409117 -11.199597565102875 -11.188884629921365 -11.140217295811068 -10.9721772553925 -10.788526937995158 -10.553148447864231 -10.371640717503194 -10.244615914636698 -10.17146187154009 -10.049334410470859 -9.940980723206426 -9.586229526767227 -8.97498005369641 -7.213467425993572 -5.016091378334377
-3.504343182291925 -3.0161394218773245 -2.6029262077333053 -2.5805820857832953 -3.0090994930437596 -3.51689262064741 -4.027746586874349 -4.478914199947152 -4.871619795315135 -5.208312043876928 -5.574694427084625 -5.951483661611505 -6.438769170439118 -6.814027985654353 -7.1880624654202725 -7.742686423960245 -8.32669443328379 -8.808164348727157 -9.2036246988561 -9.467162904321285 -9.719069923017972 -9.996381902287958 -10.12432495674144 -10.25532884981821 -10.482749159528584 -10.711393804688274 -10.913409153825352 -11.115730586824757 -11.203576655313151 -11.064920665678159 -10.955648726826741 -10.84913154273628 -10.672215070310177 -10.48672824973886 -10.303996183928504 -10.107796428175678 -10.04045797846332 -9.829566197318705 -9.64989497013164 -8.782759388153858 -7.281724127292917 -5.255448958675579 -3.135206044323268
-2.9310481081498896 -2.6684281542716906 -2.7749453383621487 -2.8921754576341185 -3.2747802855452477 -3.7464555173940868 -4.233741026221701 -4.714292690078079 -5.1311789105700445 -5.5287818477352895 -5.8550672449779 -6.269810878433564 -6.758320722710493 -7.1458228924188845 -7.717281463386946 -8.28261835710843 -8.801124419893592 -9.259331961799958 -9.513993735257607 -9.772022431200872 -9.934859045959847 -10.07382111945717 -10.163503691119539 -10.31685170614632 -10.597224524039595 -10.863823568128069 -11.042270459865819 -11.09522296804872 -11.163479669348064 -10.900859715469867 -10.777814002813647 -10.736798765261575 -10.628445077997142 -10.43683658017925 -10.256247101405197 -10.05423175226812 -9.632142106116564 -9.282594335336956 -8.74266240218877 -7.235811547943581 -5.568878833700376 -3.950613453567465 -2.0112661018515356
-2.566808311978495 -2.5707874021887704 -2.857894065053282 -3.1547954115123176 -3.5618869484097586 -3.9907104395325517 -4.48779063195469 -4.997420262732314 -5.477971926588691 -5.8841452118991455 -6.256343188491092 -6.637111513228247 -7.0806270297428275 -7.6303536464855375 -8.25721339653513 -8.791329736299067 -9.274942238778733 -9.568782746614481 -9.727028103438524 -9.938838136170123 -10.09310440278389 -10.097083492994166 -10.092186151196906 -10.283488565152469 -10.503256778304621 -10.752409042240348 -10.949527049580162 -11.038597453517873 -10.890146780288354 -10.660583883541676 -10.630281581171115 -10.50050202354366 -10.401943019873755 -10.319912544769608 -10.158606349322277 -9.772022431200872 -9.223214066045148 -8.500550067086609 -7.576482886715651 -5.9211813592409435 -4.442796304192341 -3.2092783390068624 -2.200732012633127
-2.65189962570593 -2.9934892160649857 -3.395989495027493 -3.6497330168981534 -3.9496952019804787 -4.260064238381986 -4.788364984761673 -5.415530818673595 -5.971991280387541 -6.420404138699384 -6.754341632500217 -7.1078684934901 -7.648718678225272 -8.222013752367307 -8.750314498746993 -9.129246320310175 -9.389111519427415 -9.596024210361753 -9.784571869556357 -10.00434008270851 -10.19962158687435 -10.209416270468875 -10.182174806721601 -10.288385906949731 -10.384190155858679 -10.537538170885458 -10.72394324304376 -10.70465995971704 -10.403779523047728 -10.367661627292918 -10.388169246068953 -10.251349759607933 -10.168401032916801 -10.107796428175678 -9.936083381409164 -9.453695214378813 -8.611658509112 -7.665553290653362 -6.468153221222693 -5.010275784950128 -3.343343070706922 -2.152676846247489 -1.5414273731766697
-3.0317496988560984 -3.3822157212226927 -3.881438500681133 -4.170381666719617 -4.45442749096084 -4.784691978413726 -5.250551616878316 -5.771812434424438 -6.308989612811663 -6.827495675596825 -7.212243090544256 -7.641066581667049 -8.079378672522038 -8.484939790107834 -8.878257553200475 -9.260250213386946 -9.525931005888435 -9.686931117473437 -9.790387462940606 -9.917412265807101 -10.052089165231818 -10.075657622631145 -10.149729917314739 -10.264205281825749 -10.265123533412734 -10.262980946376432 -10.348072260103867 -10.288385906949731 -10.107796428175678 -10.172380123127077 -10.142077820756516 -10.076575874218129 -9.92628869781464 -9.764982502367307 -9.565721907991191 -9.139041003904701 -8.373525264220113 -7.516184365836857 -6.262158781875341 -4.782549391377424 -3.063888504400633 -1.8869960537460013 -1.2739100775012089
