static/data/ASCData/20210107/ASCV/03.asc
ncols 97
nrows 97
xllcorner 99.0
yllcorner 2.0
cellsize 0.25
NODATA_value -32767
[rows 0 to 18 of 97, columns 43 to 85 of 97]
-3.6390442199087674 -2.459564660230819 -2.6490217193174623 -3.344258458345891 -3.541455326240692 -3.409542063075569 -4.4194188558269305 -4.78655500407476 -4.681226301598526 -4.881451790331303 -5.560872398316974 -5.214263569082084 -5.9603138355032 -5.867772643231749 -4.456435332735511 -3.027935837490749 -2.8744857150333614 -3.4818924497605215 -4.712522050257599 -6.150780434869169 -6.4018194509946325 -5.562891478875624 -4.559071927800211 -4.329569770967013 -4.132372903072212 -4.42345701694423 -4.32283950243818 -3.817059822496395 -3.215373816018743 -2.553115392781595 -2.306114537773431 -2.433989639821254 -2.3892333541045163 -2.3431310146820117 -2.367696494812251 -1.6381353862867756 -1.0219793024721326 -0.9408795666996972 -2.3226036956690717 -5.926325979432595 -10.824615414717108 -12.617558950798166 -12.509201627483957
-2.810884677435891 -2.1839601639751156 -2.676279306859235 -3.69086728758078 -4.069781405754067 -3.66832088800919 -3.727210737636477 -4.544265337036779 -4.655651281188962 -4.611904535751549 -4.864626119009221 -5.0005775432916435 -5.170516823644672 -4.438936634560545 -3.2076340072105847 -2.431297532409721 -2.5992177322040995 -3.183068527080345 -4.6489210126601295 -6.00338755408773 -6.267214080417976 -5.485829904220488 -4.455425792456186 -4.200685128639865 -4.4857120008359335 -4.488740621673909 -4.223231528211454 -3.7601890534277578 -3.296473551791178 -2.3646678739742764 -2.224005261721671 -2.8822255238415186 -3.0696635023695125 -2.772858660247986 -2.2758283293936836 -1.8178335560066112 -1.5990998288195453 -2.3030859169354563 -4.062041596945909 -7.713212273837703 -12.238644832624878 -12.833600570573697 -12.662651749941347
-2.9165498933385665 -2.6910858976226675 -3.702645257506237 -4.635123962176022 -4.19563742724324 -3.727210737636477 -4.084587996517499 -4.947744935340306 -4.769056305899794 -3.9183503638553288 -4.006180368156596 -4.435908013722571 -4.115883745176571 -3.6538508106722 -3.2046053863726103 -2.723054673134623 -2.925299242426049 -3.2601301017354807 -4.6637276034235615 -5.564910559434273 -5.90680820069898 -5.5521230492294915 -4.697715459494167 -4.273035515324818 -4.84813696111358 -4.704445728023 -4.330579311246337 -3.8823434272260733 -3.136293160804957 -2.1001683207911475 -2.1196860995247624 -2.7358421833394058 -2.7758872810859607 -2.060123223044592 -1.4830026966971794 -1.4019029609247444 -1.9945031048884725 -3.77499564419119 -7.440972911846417 -11.257371681121057 -13.114589281652467 -12.66366129022067 -12.644143511487055
-3.556261917004124 -3.911620095326496 -4.773767493869978 -4.3931708085644825 -3.4125706839135437 -3.411561143634219 -4.587339055621309 -5.245559317741157 -4.612914076030874 -3.7679288622359155 -4.077521214562225 -4.580608787092476 -3.887054615196256 -3.0424059148277394 -2.642964477641513 -2.8744857150333614 -3.340220297228591 -3.7016357172269125 -4.6432002844106215 -5.4790996356916555 -5.840178542263535 -5.521163813996861 -5.019085781745933 -4.688966110406684 -5.034565399362249 -4.687956570127359 -4.3521161705386024 -3.840279248920868 -2.9488551822769637 -1.9830616483894565 -1.9615247890971919 -2.325632316507046 -1.8841267010156146 -1.1575942133281134 -1.1498544045199557 -1.6441926279627253 -3.1383122413636073 -7.1714256572666635 -10.602180039839183 -12.176389848733177 -12.964504293459498 -12.664670830499997 -12.351040317056388
-4.540563689345921 -4.615606183442407 -4.2915437537791075 -3.864844729051108 -3.0171674078446165 -3.3587285356828813 -4.598107485267442 -4.74550036604888 -4.147852520688527 -3.737642653856168 -3.971182971806666 -4.765018144782495 -4.115883745176571 -3.231862973914383 -2.8940034937669763 -3.139321781642932 -3.6400537601880925 -3.903880286518338 -4.637143042734672 -5.3364179428804 -5.702544550848904 -5.84320716310151 -5.469340746324848 -5.144941803235107 -4.995529841895019 -4.673486492790369 -4.297264482028615 -3.77297656363254 -2.6490217193174623 -1.5220382541644097 -1.1061076590825425 -1.1262984646690413 -0.7396445376875964 -1.3285430339604667 -1.6391449265661007 -3.1332645399669827 -5.556161210346791 -9.479907762656314 -11.523890314862836 -12.996473068971454 -12.731973515788322 -12.771009073255552 -12.405892005566376
-5.159748393998539 -4.554360739830028 -4.228952256460962 -3.533715517432534 -2.8734761747540363 -3.7982150706156634 -4.843425773143397 -4.775786574428627 -3.9681543509686916 -3.557271457283449 -3.5912593133540547 -4.530804799979114 -4.22222198793213 -3.8187423896286035 -3.4808829094811964 -3.776005184470515 -4.172418000818767 -4.286496052382483 -4.839387612026098 -5.500636494983921 -5.6332227850019265 -5.773885397254532 -5.750329457403617 -5.351224533643832 -5.018076241466608 -4.711512509978275 -4.334617472363638 -3.4886227182893546 -2.350197796637286 -0.7574797492890037 0.11880121316502734 0.01616461810032721 -0.9654450468299371 -1.5550165699556904 -3.866863809609758 -6.1255419278860455 -8.54742905798653 -10.87240032127182 -12.920421034595641 -13.159682080795648 -12.951716783254714 -13.18693966833742 -13.4332674964927
-5.501309521836804 -4.712522050257599 -3.8766226989765653 -3.1275438117174748 -3.1470615904510897 -4.311061532512722 -5.230079700124842 -4.362884600184735 -3.5650112660916067 -3.6127961726463194 -3.5892402327954045 -4.171408460539442 -4.198666048081215 -3.9809418611734735 -4.24274930694507 -4.572868978284319 -4.749538527166179 -4.826600101821315 -5.178256632452829 -5.444775266194608 -5.556161210346791 -5.658797805411491 -5.702544550848904 -5.242530696903183 -4.967262714073921 -4.6956963789355175 -4.096029453016515 -3.2221040845475755 -2.1752108148876332 -0.5064407331635401 0.28268325184210585 -0.2025691090867392 -1.2652785097894386 -3.753458784898925 -6.537434361850613 -9.4321228561016 -11.066905081755088 -12.699668226849926 -13.156653459957674 -13.346110519044316 -13.809152993828015 -14.16753979298836 -14.866814693134089
-5.461264424090248 -4.029736308007512 -3.340220297228591 -3.685146559331272 -3.933156954618761 -4.555033766682912 -4.773094467017095 -3.9223885249726282 -3.867536836462641 -4.120594933146754 -4.207415397168697 -4.198666048081215 -4.132372903072212 -4.142131792439019 -4.409659966460123 -4.717233238227783 -5.0416321813175236 -4.806072782808375 -4.514315642083473 -4.907699837593751 -5.440064078224425 -5.59923492893132 -5.361656449863523 -4.93024623716534 -4.8111204842049995 -4.375335596963076 -3.77297656363254 -3.1383122413636073 -2.1694900866381253 -1.2289350597337414 -0.9711657750794451 -1.4224302799376844 -3.486940151157146 -6.176355455278733 -8.891009266383444 -11.227085472741308 -12.212396785362431 -12.958447051783548 -13.451775734946992 -13.889243189321125 -14.402762678071067 -15.348028892945635 -15.319761765124536
-4.812130024484325 -3.4643937515855563 -3.5640017258122816 -4.368605328434243 -5.011345972937775 -4.9595229052657634 -4.315099693630023 -3.807973959982471 -3.844317410038168 -4.032764928845486 -4.233999957857587 -4.523064991170956 -4.785545463795435 -4.888182058860135 -5.001587083570968 -5.132490806456766 -5.063842067462671 -4.556043306962237 -4.079540295120874 -4.728001667873914 -5.371415339230331 -5.382183768876463 -4.869673820405845 -4.614596643163082 -4.7037727011701165 -4.092327805325657 -3.5717415346204393 -3.1060069524252096 -2.4693235495976267 -1.8511483852243336 -1.8639358954291163 -3.349979186595399 -5.954593107253693 -8.661507109550246 -10.87845756294777 -11.646044688661151 -12.352049857335711 -13.202755799380178 -13.847179011015918 -14.36473666088316 -14.753409668423256 -15.57080078125 -14.205565810176264
-4.085597536796824 -3.183068527080345 -3.6313044111006096 -4.564119629196836 -5.080667738784753 -5.072591416550154 -4.78655500407476 -4.30231218342524 -3.762208133986408 -3.4398282714553163 -3.6225550620131273 -4.4194188558269305 -5.264067556195448 -5.8657535626731 -5.915557549786462 -5.482801283382513 -4.855876769921738 -4.463502114690786 -4.4661942221023185 -5.050381530405006 -5.344157751688558 -5.1284526453394665 -4.729011208153239 -4.855876769921738 -4.780834275825252 -4.0014691801864135 -3.4007927139880865 -2.926308782705374 -2.382166572149242 -2.224005261721671 -3.4849210705984963 -5.8970493113321725 -8.365711807708044 -10.0883240376628 -10.932972738031316 -11.741614501770577 -12.673420179587477 -13.412740177479762 -13.94577744496332 -14.527945672707357 -15.0131980336362 -14.177298682355168 -10.054336181592195
-3.661590619480357 -2.9828430383475695 -3.498381607656162 -4.4251395840764385 -4.855876769921738 -4.560081468079536 -4.295245401469965 -4.060022516387259 -4.004497801024389 -3.934166494898086 -3.973202052365316 -4.241739766665745 -5.195755330627795 -5.911519388669163 -6.04242311155496 -5.577698069639056 -4.779824735545927 -4.009208988994572 -4.401920157651966 -5.176237551894179 -5.273826445562255 -4.813812591616533 -4.360865519626086 -4.544265337036779 -4.497489970761391 -4.019977418640704 -3.3668048579174803 -2.958614071643771 -2.9340485915135313 -4.435908013722571 -6.377590484290835 -8.236827165380895 -9.46240906448135 -10.44772037710247 -11.054117571550307 -11.83449220746847 -12.444927563033605 -13.197708097983554 -13.79434640306458 -14.335459992782738 -14.663560583563338 -13.665461760737433 -7.81282024806443
-4.051273167299777 -3.3617571565208557 -3.556261917004124 -4.293562834337758 -4.581618327371801 -4.105115315530439 -3.807973959982471 -3.7046643380648874 -3.6763972102437896 -3.8453269503174927 -4.058003435828609 -4.438936634560545 -5.344157751688558 -6.005406634646381 -5.907817740978305 -5.3421386711299075 -4.644209824689947 -4.1703989202601175 -4.546284417595429 -5.177247092173504 -5.0816772790640785 -4.3325983918049875 -3.992719831098931 -4.200685128639865 -4.141122252159694 -3.9419063037062436 -3.8325394401127104 -3.7689384025152406 -5.1890250620989615 -6.735977283451181 -8.056119455381735 -8.932063904409324 -9.94867096568952 -10.492813176245651 -11.071616269725272 -11.673302276202925 -12.242682993742179 -12.90561444383221 -13.552393249453043 -14.078700248407767 -13.997600512635334 -13.216216336437842 -6.784771730285218
-4.286496052382483 -4.080549835400199 -4.174437081377417 -4.13607455076307 -4.147852520688527 -3.7299028450480103 -3.66832088800919 -3.6363521124972342 -3.6343330319385845 -3.77499564419119 -4.166360759142817 -4.720261859065757 -5.5201542737175355 -6.320719715222197 -6.141021545502362 -5.388241010552412 -4.819869833292483 -4.585319975062659 -4.651949633498104 -5.236809968653675 -4.86866428012652 -4.115883745176571 -3.9701734315273414 -4.134391983630862 -4.111845584059272 -4.478981732307101 -4.64488285154283 -5.905798660419655 -7.259255661567931 -7.924206192216612 -8.745635466160655 -9.579515736883039 -10.120629326601197 -10.63818697646844 -11.04233960162485 -11.521871234304186 -12.106058542606874 -12.447619670445139 -13.105839932564987 -13.602197236566404 -13.557104437423224 -12.369548555510677 -5.80417160563428
-4.503547212437341 -4.406631345622149 -4.693004271523984 -4.4661942221023185 -4.128334741954912 -3.67033996856784 -3.4771812617903386 -3.4398282714553163 -3.79350388264548 -3.827491738716086 -4.243758847224394 -4.993510761336369 -5.656778724852841 -6.2396199794497615 -5.782634746342015 -5.444775266194608 -6.210343311349339 -5.100185517518368 -4.936976505694173 -5.608993818298129 -5.90680820069898 -5.028844671112741 -4.937986045973498 -4.9447163145023305 -5.091436168430886 -5.59923492893132 -6.628292986989856 -7.660716179312808 -8.173226127783426 -8.622471552083015 -9.268913844277407 -9.86656168963776 -10.259272858295152 -10.604872147250717 -11.103921558663668 -11.427310961474085 -11.964386390074942 -12.34330050824823 -12.955418430945574 -13.116608362211117 -12.768989992696905 -11.13925546844004 -5.493569713028646
-4.815831672175182 -4.89121067969811 -5.0062982715411515 -4.673486492790369 -4.28380394497095 -3.7867736141166475 -3.3822844755337957 -3.6518317301135497 -4.228952256460962 -4.189916698993732 -4.616615723721732 -5.349205453085182 -5.515106572320911 -5.671248802189831 -5.88628088168604 -5.939113489637377 -7.250506312480448 -5.4848203639411635 -5.344157751688558 -6.805299049298158 -7.348095206148525 -6.181066643248917 -6.257455191051169 -6.202603502541182 -6.609784748535565 -7.254544473597749 -7.723307676630952 -8.46531978193477 -8.669583431784844 -9.133298933421425 -9.566728226678258 -9.917375217030447 -10.25254258976632 -10.51132141469994 -10.988833966820629 -11.380535595198698 -11.861749795010242 -12.364837367540495 -12.486655227912369 -12.517950976571441 -11.82473331810166 -9.852091612300768 -5.129462185618792
-5.0005775432916435 -5.078648658226104 -5.022114402583908 -4.664400630276445 -4.130353822513562 -3.635342572217909 -3.5491951350488495 -3.8247996313045527 -4.8235714809833405 -4.78857408463341 -5.159748393998539 -5.481791743103188 -5.597215848372671 -6.524983365072273 -6.835585257677907 -7.067779521922638 -7.761333693818859 -6.052182000921769 -6.732948662613206 -8.197791607913665 -8.047370106294252 -6.749437820508847 -7.109843700227843 -7.184213167471445 -7.60990265192012 -7.961559182551634 -8.400036177205092 -8.860723058003696 -9.001385670256301 -9.438853124630434 -9.52399102152017 -9.90189559941413 -10.162693504906402 -10.397916389989108 -10.852209515685322 -11.42024417951881 -11.877565926052998 -12.158554637131768 -12.270950121563278 -11.860740254730917 -11.095172209576187 -8.6029537733494 -5.1341733735889745
-5.27281690528293 -5.310169895617952 -5.023796969716116 -4.604164726943391 -3.787446640969531 -3.194846497005803 -3.2261422456648754 -4.155928842923126 -5.2290701598455165 -5.35492618133469 -5.670575775336949 -5.858013753864942 -6.4428740890205125 -7.518034486501552 -8.790391751877394 -9.053208737928315 -8.651748220183439 -7.805080439256272 -8.297399582140391 -8.308168011786524 -7.733066565997761 -7.069798602481288 -7.4877482781218045 -7.571876634732215 -7.969298991359792 -8.285621612214934 -8.609011015025349 -9.06868835554463 -9.208341427517912 -9.536778531724952 -9.599033515616654 -9.744743829265886 -9.971217365261108 -10.310086385687839 -10.852882542538206 -11.442790579090401 -11.781659599517132 -11.949579799311511 -11.698877296612489 -11.259390761679708 -10.11490859835169 -7.39015938445373 -4.632431854764489
-5.682017231835964 -5.254308666828639 -5.015047620628634 -4.451724144765328 -3.389014744062629 -2.9370772123515065 -3.615824793484294 -4.732039828991215 -6.000358933249756 -6.305240097605882 -6.639061416635989 -7.899977225512814 -8.755394355527464 -9.22886874653085 -9.857812340550275 -9.619560834629596 -8.957638924818887 -8.589493236291734 -8.37075950910467 -8.048379646573578 -7.664417827003666 -7.495488086929963 -7.655668477916183 -7.801378791565414 -8.148997161079627 -8.474069131022251 -8.803179262082175 -9.177382192285279 -9.35405174116714 -9.557978877590774 -9.622589455467569 -9.68619049306504 -9.84233272293396 -10.215189599431298 -10.866679593022312 -11.287657889500805 -11.579751543652147 -11.40981226329912 -11.0160915543624 -10.165385612317934 -8.718377878618883 -6.711411803320941 -5.803162065354955
-6.424365850566222 -5.099175977239044 -4.534506447669972 -3.991710290819606 -3.294454471232528 -3.6363521124972342 -5.152008585190381 -7.08460519324472 -8.390950314691167 -8.54137181631058 -8.569975457558119 -9.334533962433525 -9.788490574703298 -9.82584356503832 -9.712438540327486 -9.58355389800034 -9.053208737928315 -8.574686645528303 -8.067897425307192 -7.684945146016606 -7.5072660568554195 -7.50524697629677 -7.6499477496666755 -7.964251289963167 -8.271151534877943 -8.655786381300738 -9.028643257798075 -9.298190512377829 -9.540480179415809 -9.5630265789874 -9.535768991445625 -9.599033515616654 -9.792528735820596 -10.201729062373632 -10.885187831476603 -11.292369077470987 -11.415532991548627 -10.974027376057196 -10.294270254645083 -9.305257294333103 -7.9262252727752625 -6.8345757173985815 -7.556060503689458
