static/data/ASCData/20210107/ASCV/09.asc
ncols 97
nrows 97
xllcorner 99.0
yllcorner 2.0
cellsize 0.25
NODATA_value -32767
[rows 76 to 94 of 97, columns 43 to 85 of 97]
-8.844833662048128 -8.61117171525224 -8.260678795058407 -7.9354065294393665 -7.591960556847313 -6.879847957088414 -6.1495616503565 -5.701153247695817 -5.397392716861162 -5.088810590298972 -4.953064125969932 -4.781341139673906 -4.674895141689111 -4.674895141689111 -4.7431392658326725 -4.707162743865687 -4.7049373919914395 -4.755749593120069 -4.815463201745686 -4.837716720488151 -4.848472587880343 -4.840683856320481 -4.764651000617056 -4.561402196102536 -4.187543081229114 -3.7665806850174723 -3.0830267676447365 -2.3779611154876172 -1.450360275905842 -1.3858250715526914 -1.7841630570428264 -2.1769376628473447 -2.133914193278578 -1.9199095213718667 -1.8679846443061137 -1.8368297180666615 -1.9276982529317297 -2.015599651964469 -2.245181786990906 -2.4862615733676168 -2.7147310324569305 -3.001059640276655 -3.140515024396106
-8.755819587078266 -8.507692853099774 -8.198368942579503 -7.869016865191011 -7.566369010293478 -6.993340902674989 -6.258603892194582 -5.750110988929242 -5.453026513717326 -5.411115720085682 -5.3525147873971894 -5.228636866397464 -5.042819984897877 -4.896317653176644 -4.755007809161987 -4.726449126775823 -4.7657636765541795 -4.816575877682809 -4.987186188041712 -5.0175993303230815 -4.840683856320481 -4.801740198521165 -4.741284805937467 -4.688618144913632 -4.328111141285689 -4.063294268250347 -3.3897544343117216 -2.137623113068989 -0.9218392057722831 -0.7597594109313253 -1.498205341202143 -2.1513461162935092 -2.7195526281844646 -2.507773308152 -2.241101975221454 -2.19919118158981 -2.05676866163803 -2.064557393197893 -2.1769376628473447 -2.3594165165355627 -2.571195836568027 -2.6984117853791223 -2.8419469812680256
-8.621927582644432 -8.396425259387446 -8.141622469786215 -7.730303265029642 -7.442491089293753 -6.9306601582170435 -6.473721240038416 -5.965970120731159 -5.7478856370549956 -5.70523305946527 -5.6210405802229415 -5.475650924438833 -5.282045311379382 -5.067298855514588 -4.892608733386234 -4.98644440408363 -5.0253880618829445 -5.081021858739109 -5.260904468574039 -5.2048997797388346 -4.865162726937192 -4.707904527823769 -4.523571214240345 -4.487223800294318 -4.350735552007196 -4.085918678971854 -2.9910455568425456 -1.6550926483365256 -0.33508809492927316 -0.28316321786352017 -1.0245762839666663 -1.8015949800577578 -2.5352193146010413 -3.059660572965148 -2.7918765640974783 -2.448059699526384 -2.265580845838166 -2.062332041323647 -2.0174541118596743 -2.076055044548167 -2.277449389167481 -2.384637171110357 -2.6153319820739176
-8.359336061483337 -8.127899466561693 -7.871984001023339 -7.419124894614164 -7.11907328356992 -6.7967681537832085 -6.406218899852937 -6.145481838587048 -5.951134441569515 -5.8142753013033515 -5.682608648743763 -5.454139189654449 -5.4374490505976 -5.408148584253354 -5.458960785381984 -5.575049974821846 -5.669998321456366 -5.735275309767598 -5.683721324680886 -5.586918518151161 -5.319505401262532 -4.971608724921986 -4.6756369256471935 -4.291021943381579 -4.17270740206747 -3.2091300405187084 -2.0096653802998112 -0.8573040014191333 0.17970997197976502 -0.4159425463602311 -0.8446936741317357 -1.3887922073850203 -2.396505714439672 -3.0095901557946 -2.8582662283458338 -2.482552653577206 -2.3037827196793987 -2.015599651964469 -1.9102663299167983 -1.8097546035966618 -2.0222757075872084 -2.1609893077485776 -2.4061489058947405
-8.00105440972964 -7.820430015936628 -7.5997492884071765 -7.172852620530878 -6.755970036088689 -6.484477107430608 -6.293838630203486 -6.05461330372198 -5.8662001783691045 -5.769397371839379 -5.870279990138556 -5.807599245680612 -5.9637447688569125 -6.049791707994446 -6.133613295257733 -6.251927836571842 -6.330927828107595 -6.27158511146102 -6.145481838587048 -5.8817776414888305 -5.801664974015954 -5.483439655998696 -4.997942055433904 -4.359266067525141 -3.4275854161739128 -2.1142569183893998 -0.6688908760662571 0.351432958275792 -0.14370783374406848 -0.9259190175417351 -0.9685715951314613 -1.233388468166802 -2.13465597723666 -2.435449372238987 -2.2715151175028234 -2.150233440356386 -2.08384377610803 -1.9162006015814557 -1.9276982529317297 -1.7860175169380317 -1.802707655994881 -1.9659001267729623 -2.1758249869102215
-7.5341014081169035 -7.466969959910465 -7.410223487117178 -7.014481745480331 -6.647298686229648 -6.409186035685266 -6.219660234395267 -6.0820593101710205 -6.016782321859789 -6.0449701122669115 -6.097636773290747 -6.1043128289134865 -6.313495905092664 -6.435519366197184 -6.579054562086087 -6.682533424238552 -6.6513784979991 -6.507843302110197 -6.265650839796363 -5.872876233991844 -5.686688460513215 -5.335082864382258 -4.628904536288015 -3.5948576987214462 -2.6123648462415887 -1.3465105217743356 -0.07212568178913781 0.14150809813853282 -0.6592476846111888 -0.9129377982752969 -0.9014401469250233 -1.0683415374935152 -1.2960692126247468 -1.3917593432173492 -1.4032569945676232 -1.546050406498444 -1.8505527212911823 -1.9150879256443325 -1.803820331932004 -1.7429940473692649 -1.7900973287074837 -1.8553743170187165 -1.9599658551083046
-7.185462947818275 -7.169885484698549 -7.028204748704852 -6.7225897579749905 -6.527500576999374 -6.413265847454718 -6.327218908317184 -6.279373843020883 -6.229674317829376 -6.175894980868418 -6.144369162649925 -6.114326912347597 -6.311641445197458 -6.557542827301703 -6.611322164262662 -6.598711836975265 -6.452209505254032 -6.214838638667732 -5.969679040521569 -5.780153239231571 -5.579129786591298 -5.030209657610479 -3.899360013514184 -2.3594165165355627 -1.3965809389448833 -0.5145998127851623 0.30173343308428535 0.08587430128236839 -0.661102144506394 -0.5031021614348887 -0.8231819393473527 -1.1406654734065285 -1.233388468166802 -1.3272241388641985 -1.4396044085136501 -1.4796607422500885 -1.4844823379776226 -1.8290409865067985 -1.9432757160514553 -1.7374306676836486 -1.609472934914471 -1.5623696535762521 -1.6113273948096767
-6.850547490744168 -6.904326827705126 -6.8075240211754 -6.60724235249321 -6.413265847454718 -6.319430176757321 -6.317204824883074 -6.2675052996915674 -6.193326903883349 -6.185538172323486 -6.179603900658829 -6.159204841811569 -6.157350381916363 -6.035326920811843 -6.118035832138007 -6.166993573371432 -6.0008339667610215 -5.683721324680886 -5.49493730734897 -5.513852798280065 -5.204157995780752 -4.179754349669251 -3.0897028232674764 -1.703308605611868 -0.705980073970367 0.01577571724360194 0.2705785068448332 0.04210904775551949 -0.4111209506326974 -0.5743134214107783 -1.070195997388721 -1.4785480663129649 -1.554580922016389 -1.6513837285461146 -1.814576199324196 -1.8290409865067985 -1.6925527382196761 -1.5486466503517318 -1.9288109288688529 -1.862421264620497 -1.5861067402348823 -1.4588907914237872 -1.3212898671995412
-6.78712496232814 -6.845725895016633 -6.758937171921017 -6.497087434718005 -6.310528769260335 -6.217805774500062 -6.2166930985629385 -6.22077291033239 -6.177749440763623 -6.22077291033239 -6.217805774500062 -6.296063982077732 -6.2166930985629385 -6.043115652371706 -5.988223639473624 -5.90217670033609 -5.551683780142257 -5.2705476600291075 -5.071378667284041 -4.7431392658326725 -4.018416338786375 -2.376848439550494 -1.7207405286267994 -1.3272241388641985 -0.4775106148810533 -0.43263268541708033 -0.39851062334529974 -0.28909748952817704 -0.5479800908988608 -0.7371350002098183 -1.070195997388721 -1.4726137946483076 -1.450360275905842 -1.5623696535762521 -2.1561677120210434 -2.3946512545444665 -2.2362803794939197 -2.0107780562369344 -2.181759258574879 -1.9032193823150174 -1.6502710526089914 -1.5341818631691293 -1.3954682630077602
-6.902472367809921 -6.898392556040468 -6.777481770873072 -6.391754112670334 -6.204082771275541 -6.131017051404445 -6.14251470275472 -6.1495616503565 -6.16996070920376 -6.185538172323486 -6.336862099772253 -6.517486493565265 -6.457031100981567 -6.237463049389239 -6.024571053419652 -5.634763583447462 -5.299848126373354 -4.7049373919914395 -4.096674546364046 -2.7410643629688485 -2.1023883750600847 -1.0917077321731044 -1.2196654649422816 -0.9774730026284475 -0.6288345423298187 -0.5594777422491344 -0.6707453359614624 -0.7022711541799556 -0.8877171437005025 -0.8380176185089958 -0.8673180848532427 -1.011595064700228 -1.0431208829187208 -1.1443743931969395 -1.7099846612346075 -2.1368813291109063 -2.123158325886386 -2.052688849868578 -1.9903789973896746 -1.7841630570428264 -1.8008531960996756 -1.7500409949710458 -1.7852757329799496
-6.867237629801017 -6.825326836169373 -6.68179164028047 -6.250073376676637 -6.080946634233898 -6.076125038506364 -6.077979498401569 -6.060547575386638 -6.086880905898555 -6.217805774500062 -6.336862099772253 -6.394350356523622 -6.321284636652527 -6.086880905898555 -5.704120383528147 -5.32210164511582 -4.574383415368975 -3.9179046124662387 -2.119078514116934 -0.6688908760662571 -0.5635575540185869 -0.6444120054495448 -0.8495152698592703 -1.0546185342689949 -0.750116219476257 -0.71376880553023 -0.8076044762276267 -0.7478908676020106 -0.9529941320117352 -0.862125597146667 -0.7508580034343391 -0.7148814814673532 -0.6151115391052988 -0.7070927499074902 -0.6073228075454358 -1.0060316850146114 -1.4785480663129649 -1.5801724685702245 -1.4140128619598147 -1.4169799977921436 -1.5527264621211838 -1.8535198571235108 -1.89728511065036
-6.751148440361154 -6.6406226306069085 -6.483364431493484 -6.125082779739788 -5.982289367808967 -5.986369179578419 -5.9715335004167756 -5.954101577401843 -6.13583864713198 -6.323139096547732 -6.22077291033239 -6.106538180787734 -5.934444302512666 -5.588772978046366 -5.235312922020204 -4.522458538303222 -3.7743694165773354 -2.434707588280905 -0.5576232823539291 -0.23643082850434194 -0.3769988885609168 -0.7345387563565309 -0.6622148204435172 -0.8643509490209134 -0.7556795991618737 -0.7197030771948869 -0.6651819562758465 -0.5038439453929708 -0.7794166858205029 -0.9266608014998177 -0.9793274625236528 -0.7423274879163939 -0.6036138877550252 -0.17004116425598603 -0.07027122189393165 -0.16892848831886287 -0.6737124717937917 -0.9941631416852967 -0.8858626838052972 -0.9385293448291323 -1.1347312017418711 -1.4822569861033759 -1.7938062484978947
-6.639509954669785 -6.516744709607183 -6.378031109445814 -6.155125030042116 -5.998979506865816 -6.0234583774825285 -6.048679032057323 -6.182571036491158 -6.367275242053623 -6.338716559667458 -6.1866508482606095 -5.997125046970611 -5.669998321456366 -5.265726064301574 -4.578092335159385 -3.637510276311172 -2.2362803794939197 -0.8202148035150234 -0.7100598857398186 -1.2237452767117336 -1.114332142894611 -1.1844307269333778 -0.8458063500688588 -0.1444496177021506 -0.0009144218132473014 -0.10661863583995945 -0.11626182729502776 -0.42855287364762873 -0.7215575370900922 -1.0694542134306384 -1.2159565451518706 -0.9815528143978995 -0.6952242065781746 -0.17004116425598603 0.12407617512360147 0.03506210015373856 -0.32804114732749223 -0.668149092108175 -0.6358814899315997 -0.6269800824346135 -0.7909143371707774 -1.0879988123826934 -1.4288485411214586
-6.343909047374034 -6.435519366197184 -6.455176641086362 -6.323139096547732 -6.313495905092664 -6.32239731258965 -6.4169747672451285 -6.579054562086087 -6.567556910735813 -6.358373834556636 -6.175894980868418 -5.89846778054568 -5.5909983299206125 -5.045787120730205 -3.934594751523088 -2.3575620566403575 -1.0245762839666663 -0.7226702130272162 -1.2422898756637881 -1.6610269200011833 -1.3613462009359796 -1.3428016019839246 -0.7197030771948869 0.1270433109559299 0.46863482365277775 0.3191653560992167 -0.10847309573516473 -0.6377359498268058 -0.9181302859818725 -1.0713086733258441 -0.8320833468443389 -0.6963368825152978 -0.6562805487788603 -0.6221584867070797 -0.36438856127351915 -0.3094965483754377 -0.5468674149617376 -0.6114026193148874 -0.5821021529706414 -0.5898908845305044 -0.6915152867877641 -0.8936514153651602 -1.0802100808228303
-5.973758852291022 -6.159204841811569 -6.348730643101567 -6.37320951371828 -6.533063956684991 -6.635801034879374 -6.583134373855539 -6.450355045358827 -6.389528760796088 -6.339829235604581 -6.261571028026911 -5.977467772081432 -5.566519459303901 -4.475726148944044 -2.996979828507203 -1.676604383120909 -0.9696842710685845 -0.8165058837246129 -1.006773468972694 -1.379890799888034 -1.505994072762006 -1.3339001944869384 -0.7226702130272162 -0.4619331517613272 -0.4100082746955742 -0.4678674234259841 -0.586923748698176 -0.6599894685692709 -0.7185904012577637 -0.6073228075454358 -0.28909748952817704 -0.2879848135910539 -0.6599894685692709 -0.9103415544220095 -0.9541068079488584 -0.9062617426525574 -0.854336865586804 -0.8142805318503656 -0.7345387563565309 -0.6855810151231063 -0.7794166858205029 -0.9110833383800916 -1.047942478646255
-5.402214312588696 -5.5323973972321205 -5.870279990138556 -6.378772893403896 -6.436632042134307 -6.303852713637595 -6.058693115491432 -5.790909106623762 -5.614364524600202 -5.369204926454039 -5.031322333547602 -4.94230825857774 -4.197186272684182 -2.8378671694985735 -2.0411911985183044 -1.4689048748578966 -0.988228870020639 -0.5976796160903675 -0.5683791497461206 -0.9103415544220095 -1.133618525804748 -1.1873978627657062 -0.9804401384607759 -0.5565106064168059 -0.31246368420776616 -0.35066555804899924 -0.4912336181055732 -0.39368902761776603 -0.08696136095078089 -0.07435103366338414 -0.5761678813059836 -0.7412148119792707 -1.0724213492629673 -1.3476231977114588 -1.513782804321869 -1.495238205369814 -1.260834474615843 -1.103576275502419 -0.9374166688920091 -0.8231819393473527 -0.8524824056915987 -0.9073744185896806 -0.9637499994039267
-4.808416254143905 -4.984219052209384 -5.2783363915889705 -5.779411455273489 -5.793876242456092 -5.577275326696093 -5.1299795999725335 -4.8173176616408915 -4.413045404486099 -3.778449228346788 -2.450285051400631 -2.0293226551889894 -1.7314963960189909 -1.617261666474334 -1.2919894008552948 -0.9737640828380365 -0.4159425463602311 0.006874309746615737 0.022451772866341813 -0.08807403688790405 -0.5594777422491344 -1.1759002114154327 -1.1759002114154327 -0.6143697551472167 -0.3584542896088614 -0.32618668743228696 -0.11811628719023304 0.08995411305182088 0.21271935811442244 -0.03318202398982262 -0.43077822552187506 -0.7909143371707774 -1.378778123950911 -1.8505527212911823 -1.9903789973896746 -1.9080409780425516 -1.7040503895699501 -1.427735865184335 -1.197411946199816 -1.0527640743737892 -0.8799284121406394 -0.9092288784848859 -0.9392711287872149
-4.496125207791304 -4.6463364593029475 -4.756862269057193 -4.9656744532573285 -5.045787120730205 -4.691585280745961 -3.859303679777746 -2.711763896624602 -2.2207029163741936 -1.8153179832822781 -0.8554495415239272 -0.7119143456350239 -0.8662054089161195 -1.0761302690533783 -1.0138204165744744 -0.7000458023057092 -0.34176415055201215 -0.026505968367082744 0.351432958275792 0.36515596150031193 0.1318649066834645 -0.10068436417530169 -0.17078294821406814 -0.5056984052881761 -0.3914636757435188 -0.32804114732749223 -0.05469375877420557 -0.004994233582699792 -0.08881582084598705 0.01651750120168405 0.2980245132938739 -0.39925240730338185 -1.5382616749385813 -2.142444708796523 -2.374993979655289 -2.247036246886111 -2.0059564605094002 -1.7333508559141966 -1.4600034673609104 -1.2422898756637881 -1.0127077406373513 -0.8828955479729688 -0.8613838131885849
-4.404143996989113 -4.406369348863359 -4.463857605614729 -4.668960870024454 -4.792097007066097 -4.438636951039935 -2.8760690433398066 -1.6944071981148818 -1.2322757922296788 -0.8836373319310509 -0.631801678162148 -0.6707453359614624 -0.8632382730837902 -1.1043180594605015 -1.055731210206118 -0.9236936656674888 -0.5828439369287235 -0.2879848135910539 0.031353180363328015 0.09366303284223143 0.32917943953332607 0.5917709606944204 0.7353061565833237 0.42486957012592796 -0.3573416136717382 -0.3495528821118752 -0.15446370113625996 -0.053581082837082405 -0.0020270977503704657 0.35365831015003835 0.5086911573892152 0.4189352984612711 -0.661102144506394 -1.9228766572041955 -2.2325714597035087 -2.4013273101672064 -2.138735789006112 -1.9288109288688529 -1.6465621328185804 -1.3546701453132397 -1.1873978627657062 -1.0831772166551592 -1.0293978796942005
