static/data/ASCData/20210107/ASCV/12.asc
ncols 97
nrows 97
xllcorner 99.0
yllcorner 2.0
cellsize 0.25
NODATA_value -32767
[rows 38 to 56 of 97, columns 43 to 85 of 97]
-4.0435412934903585 -4.445064503290193 -4.84334700921755 -5.318110126535352 -5.8434282242637865 -6.285784302856824 -6.622817505594376 -6.885314519264969 -7.06420137302567 -7.227208777811235 -7.352299947288827 -7.7282215964960965 -8.109976512673823 -8.493675851175038 -8.684229238876654 -8.855986544117904 -9.087696870999972 -9.461674097883757 -9.8550955480024 -10.10819452044281 -10.501615970561453 -10.67142885347922 -10.826010428196346 -11.012350900863744 -11.004573211569799 -10.958555216580635 -10.990962255305398 -11.004573211569799 -11.03762839106906 -11.059341107014653 -10.97151803207054 -10.966332905874577 -11.0249896459664 -11.072952063279054 -11.124803325238677 -11.222348511800217 -11.411929688340091 -11.338689780822122 -11.0249896459664 -9.787688907454887 -7.466372723599998 -5.214407602616105 -2.5874930435866847
-4.3335842900770025 -4.736079711038579 -5.125612316510249 -5.661948807405104 -6.1519432329235455 -6.5884660445461245 -6.907999446372304 -7.141330125190609 -7.326698386696263 -7.574936303327959 -7.787850547749663 -8.264234017003703 -8.605156064388227 -8.94218926712578 -9.125613106307947 -9.306444382392133 -9.570885818386213 -9.92639103319688 -10.184351061446007 -10.38235806805432 -10.615040606098129 -10.750502027967645 -10.848371284916434 -10.891148576033125 -10.95077752728669 -11.054480051205937 -11.072952063279054 -10.991934466467141 -11.016239745510715 -11.010406478540258 -10.93424993753706 -10.862954452342578 -10.871704352798265 -10.899250335714314 -10.908972447331744 -11.019156378995945 -10.936194359860547 -10.588466834343823 -9.942918622946511 -8.051319772582 -5.232231473914725 -3.8121550369955397 -1.7095863645328109
-4.674506337461526 -5.147000962068594 -5.543663116059713 -6.045648145906317 -6.411847683496157 -6.815963456393972 -7.102117608333644 -7.337716779862683 -7.72919380765784 -8.027014493538426 -8.436315392632203 -8.933115296282844 -9.268204076696911 -9.494729277383016 -9.6619495972028 -9.73389322317178 -9.99379767374439 -10.13152758832464 -10.368747111789919 -10.498699337076225 -10.685363880130868 -10.858093396533864 -10.918694558949174 -10.962444061227606 -11.074896485602538 -11.177302727972794 -11.163691771708393 -11.128692169885648 -11.084618597219968 -10.989017832981911 -10.889204153709638 -10.775131377398466 -10.774159166236723 -10.734946649379758 -10.742724338673701 -10.592355678990794 -10.403098572838168 -9.706671310642976 -8.827792420427361 -7.240819734075637 -4.855013543158465 -2.920637401677265 -1.5329680034828437
-5.091584925849247 -5.582551562529431 -5.957825070962206 -6.367774110830478 -6.719390480994174 -7.043784938629067 -7.330587231343235 -7.692897924286103 -8.08567123363025 -8.554277013590347 -9.04653993181952 -9.490840432736045 -9.834679113605796 -10.010325263494021 -10.061204314291901 -10.13152758832464 -10.087454015658961 -10.224211719077466 -10.418653951426055 -10.55152281019759 -10.71841905963013 -10.898278124552572 -10.98124014368797 -11.025961857128145 -11.137442070341335 -11.168552827517107 -11.155914082414451 -11.157858504737936 -11.071979852117309 -10.930361092890088 -10.805269923412496 -10.708696948012697 -10.68633609129261 -10.647123574435646 -10.448792497440087 -10.294534993110206 -9.871623137752028 -9.223158292869488 -8.159883352309961 -7.175357515851612 -5.1832968454403305 -2.28383909073564 -0.8786698916298468
-5.481117531320917 -5.940001199663585 -6.303284103768196 -6.657817107417121 -6.988044832022473 -7.313087430431862 -7.659842744786843 -8.022153437729711 -8.490759217689808 -8.959689068037152 -9.500562544353473 -9.882641530918448 -10.20185086235738 -10.280924036845805 -10.3162477090558 -10.210600762813066 -10.166527190147386 -10.207684129327838 -10.398237517029454 -10.538884065094932 -10.653929052567847 -10.779020222045439 -10.931333304051831 -10.965360694712835 -10.999712155761085 -11.03082291293686 -11.029850701775116 -11.027906279451631 -10.959527427742376 -10.872676563960008 -10.735918860541501 -10.663651164185275 -10.6325404070095 -10.466616368738707 -10.267313080581404 -9.898196909506336 -9.43898917077642 -9.023206863937691 -8.06622701039539 -7.206792343414634 -5.157047144073271 -2.0631471570199933 0.03358824847227737
-5.809400833602783 -6.24495143406362 -6.622817505594376 -6.970220960723852 -7.236930889428665 -7.619658016768135 -7.974191020417059 -8.434370970308716 -8.936356000155321 -9.31811091633305 -9.841484591737997 -10.12472211019244 -10.359997211334232 -10.401154150514682 -10.404070783999911 -10.278007403360576 -10.230044986047925 -10.25564654664049 -10.32013655370277 -10.481199536164851 -10.49772712591448 -10.541800698580161 -10.731057804732785 -10.747585394482417 -10.777075799721953 -10.813047612706441 -10.804297712250754 -10.834760328652033 -10.839621384460749 -10.815964246191669 -10.650040207920874 -10.569994822270706 -10.427403851881742 -10.239767097665354 -9.933196511329081 -9.539775061210438 -9.099363404940888 -8.678395971906195 -8.143355762560331 -7.105034241818872 -4.622655075501903 -1.3962103000643369 0.5109439288880608
-6.110138152968599 -6.516198348189899 -6.786797121541684 -7.230125411296465 -7.517251774397879 -7.978079865064032 -8.41071383203964 -8.880615893548725 -9.326860816788734 -9.654820048683353 -9.995742096067877 -10.191156539578207 -10.351247310878545 -10.32013655370277 -10.307173738212864 -10.284812881492778 -10.299396048918922 -10.358052789010745 -10.347358466231572 -10.428376063043483 -10.421570584911283 -10.4400425969844 -10.45657018673403 -10.493838281267509 -10.562217132976762 -10.623790506553815 -10.622818295392072 -10.661706741861789 -10.616985028421615 -10.564161555300249 -10.380413645730833 -10.206711918166095 -10.052454413836216 -9.911807865770736 -9.596487378978777 -9.137279640248863 -8.75066366826242 -8.098309978732908 -7.571047458680988 -6.3561075768895625 -3.8160438816425115 -0.803485561788392 0.05692131635410824
-6.333746720169475 -6.987072620860729 -7.16466319307244 -7.648176210845928 -7.928497095815142 -8.40099172042221 -8.86084759992662 -9.30547217123039 -9.676532764628945 -9.883613742080191 -10.17171231634335 -10.266340869419661 -10.120833265545468 -10.011297474655764 -10.001575363038334 -10.0543988361597 -10.161666134338672 -10.25564654664049 -10.30231268240415 -10.406015206323397 -10.484116169650079 -10.56513376646199 -10.494810492429252 -10.4400425969844 -10.40698741748514 -10.371663745275146 -10.348330677393315 -10.296479415433692 -10.162638345500415 -10.017130741626222 -9.741022771691227 -9.563108129092269 -9.383573134557073 -9.248759853462053 -8.927282029312387 -8.414602676686611 -7.841322161645525 -6.965359904915137 -6.09620312631695 -4.657978747711896 -2.84836970532104 -0.8005689283031634 -0.39321245153287254
-6.706751735891515 -7.326698386696263 -7.582713992621903 -8.068171432718877 -8.390297397643037 -8.883532527033955 -9.356027151641022 -9.731948800848294 -10.004491996523564 -10.102361253472353 -10.177545583313806 -10.10138904231061 -9.964631338892103 -9.776994584675716 -9.614959391051892 -9.651903415198124 -9.880697108594962 -10.148055178074271 -10.425459429558256 -10.599161157122994 -10.708696948012697 -10.709669159174442 -10.55152281019759 -10.341525199261115 -10.156805078529956 -9.986019984450447 -9.860928814972857 -9.610098335243178 -9.345332828861851 -9.086724659838229 -8.771080102659022 -8.628489132270058 -8.424324788304041 -8.271039495135904 -7.99201489171568 -7.501696395809992 -6.8260096383986495 -5.863844658660388 -5.233203685076468 -4.042569082328616 -2.923554035162494 -1.858010601892233 -1.6139856002947557
-7.271282350476915 -7.683175812668674 -8.104143245703366 -8.539693846164202 -8.885476949357441 -9.31519428284782 -9.713476788775177 -10.032037979439613 -10.162638345500415 -10.244952223861317 -10.222267296753982 -10.079676326365018 -9.888474797888906 -9.641209092418952 -9.467507364854214 -9.526164104946037 -9.79157775210186 -10.17560116099032 -10.476338480356137 -10.640318096303446 -10.7223079042771 -10.59138346782905 -10.402126361676425 -10.169443823632616 -9.883613742080191 -9.672643919981974 -9.480146109956872 -9.24098216416811 -8.87867147122524 -8.547471535458147 -8.25353969422453 -8.029931127023655 -7.783961703102691 -7.554519868931358 -7.234986467105179 -6.753741942042424 -6.164581978026203 -5.486950798291375 -5.030983763433937 -4.273955338823436 -3.719470906242713 -2.698973256799875 -1.9597687034879945
-7.689009079639131 -7.9605800641526585 -8.569832392178235 -8.909782228401014 -9.333666294920935 -9.681393820437659 -10.051482202674471 -10.232961619533153 -10.340552988099372 -10.273146347551862 -10.224211719077466 -10.103333464634096 -9.881669319756705 -9.73389322317178 -9.67167170882023 -9.689171509731604 -9.85898439264937 -10.214489607460038 -10.475366269194392 -10.585550200858593 -10.544717332065389 -10.231017197209669 -10.024908430920165 -9.77796679583746 -9.538802850048697 -9.425378214512019 -9.259454176241224 -9.154131300385739 -8.81126483067773 -8.40779719855441 -8.016320170759254 -7.764193409480585 -7.400910505375974 -7.148135603322809 -6.795547021997371 -6.33569114249296 -5.946806677795785 -5.3923222452150625 -5.07181663222714 -4.615849597369702 -3.8883115779987367 -2.6344832497375936 -1.7701875269481206
-8.209790191946098 -8.328724024065984 -9.061123099245666 -9.40204514663019 -9.783800062807916 -10.081620748688504 -10.195045384225178 -10.371663745275146 -10.404070783999911 -10.36971932295166 -10.268285291743148 -10.168471612470873 -9.98407556212696 -9.940001989461281 -9.878428615884228 -9.905002387638536 -10.072870848232817 -10.172684527505092 -10.342497410422858 -10.169443823632616 -10.049537780350986 -9.763383628411315 -9.621764869184094 -9.403017357791931 -9.401072935468445 -9.291537144578742 -9.157047933870968 -9.021262441614205 -8.700756828626282 -8.373769807893408 -7.892201212443405 -7.509474085103935 -7.1157285645980455 -6.746612393522976 -6.397264516070013 -6.121804686909514 -5.745883037702245 -5.485006375967889 -5.289591932457559 -4.895198271177174 -4.093448133126497 -3.071978272521916 -2.6059650556598006
-8.667701649127023 -8.809320408354244 -9.532969583078238 -9.930279877843851 -10.239767097665354 -10.298423837757179 -10.410876262132112 -10.370691534113403 -10.40018193935294 -10.388191335024777 -10.26925750290489 -10.273146347551862 -10.200878651195637 -10.148055178074271 -10.013241896979249 -10.039815668733556 -10.029121345954385 -10.12472211019244 -9.947779678755225 -9.686254876246375 -9.524219682622551 -9.333666294920935 -9.250704275785537 -9.190103113370228 -9.187186479885 -9.101307827264373 -8.964550123845868 -8.701729039788026 -8.355297795820292 -8.110948723835566 -7.617713594444649 -7.202903498767662 -6.724251536802888 -6.357079788051306 -6.161665344540975 -5.886529585767724 -5.840511590778557 -5.7342165037613295 -5.699865042713079 -5.403988779155978 -4.73316307755335 -4.451869981422393 -3.9761346529428487
-8.963577912684123 -9.339499561891394 -9.981158928641733 -10.341525199261115 -10.566105977623735 -10.586522412020337 -10.508421448693653 -10.469533002223937 -10.38624691270129 -10.367774900628174 -10.311062582859837 -10.417681740264312 -10.39726530586771 -10.359997211334232 -10.194073173063437 -10.081620748688504 -10.071898637071074 -9.793522174425345 -9.575746874194927 -9.306444382392133 -9.195936380340687 -9.086724659838229 -9.089641293323458 -9.04653993181952 -8.971355601978068 -8.885476949357441 -8.548443746619888 -8.260345172356732 -7.885395734311205 -7.654009477816386 -7.222347722002521 -6.78874154386517 -6.309117370738654 -6.068009002626405 -5.872594559116075 -5.982130350005779 -6.010324473696324 -6.226155351603256 -6.305228526091682 -6.1276379538799715 -5.820095156381956 -5.615930812415939 -4.495619483700826
-9.24487100881508 -9.764355839573057 -10.406015206323397 -10.518143560311081 -10.77999243320718 -10.742724338673701 -10.6325404070095 -10.489949436620538 -10.401154150514682 -10.4332371188522 -10.422542796073028 -10.578744722726391 -10.50064375939971 -10.520087982634568 -10.363886055981203 -10.216434029783525 -9.850234492193684 -9.50639581132393 -9.310333227039106 -9.038762242525578 -9.109085516558316 -9.146029540704548 -9.128529739793176 -8.903948961430556 -8.805431563707273 -8.575989729535939 -8.216595670078298 -7.802433715175807 -7.4527617673355975 -7.246653001046094 -6.8493427062804795 -6.376524011286164 -5.957825070962206 -5.759493993966646 -5.860928025175159 -6.030092767318431 -6.347357676433876 -6.648094995799692 -6.875592407647539 -6.747584604684719 -6.491893069146326 -5.727086955241881 -4.456731037231108
-10.148055178074271 -9.998658729553107 -10.69314156942481 -10.624762717715559 -10.837676962137262 -10.839621384460749 -10.745640972158931 -10.582633567373364 -10.463699735253478 -10.492866070105766 -10.50744923753191 -10.689252724777841 -10.569994822270706 -10.701891469880497 -10.51133808217888 -10.103333464634096 -9.622737080345836 -9.275009554829111 -9.1803810017528 -9.11394657236703 -9.289592722255255 -9.335610717244421 -9.141168484895834 -8.828764631589102 -8.557193647075575 -8.291779999919754 -7.909701013354779 -7.4760948352174275 -7.143274547514095 -6.906055024048818 -6.43906959602496 -5.996713517431923 -5.715420421300966 -5.739077559570044 -5.9001405420321245 -6.165554189187946 -6.503559603087242 -6.655872685093636 -6.908971657534047 -6.642261728829234 -6.1804614270013385 -5.210518757969133 -4.15210487321832
-10.780964644368924 -10.421570584911283 -10.916750136625687 -10.83378811749029 -10.979295721364483 -10.852260129563405 -10.736891071703244 -10.600133368284737 -10.528837883090254 -10.657817897214818 -10.627679351200786 -10.755687154163606 -10.65198463024436 -10.772214743913239 -10.435181541175684 -9.920557766226423 -9.435100326129449 -9.185242057561513 -9.241954375329852 -9.222186081707745 -9.413711680571105 -9.353110518155795 -9.090613504485201 -8.718580699924903 -8.382519708349093 -8.020209015406225 -7.629704198772812 -7.298504263005718 -6.936193570062849 -6.546660964591179 -6.045648145906317 -5.702781676198308 -5.588384829499889 -5.664865440890333 -5.869677925630845 -6.150971021761802 -6.365829688506992 -6.348329887595619 -6.314950637709112 -5.626625135195111 -4.893253848853687 -3.565213401912833 -2.4546241848151498
-11.33350465462616 -11.020128590157686 -11.17924715029628 -10.884343097900922 -10.98124014368797 -10.80624213457424 -10.71258579265967 -10.631568195847759 -10.595272312476023 -10.734946649379758 -10.665595586508761 -10.777075799721953 -10.709669159174442 -10.647123574435646 -10.091342860305932 -9.564080340254012 -9.250704275785537 -9.140196273734091 -9.208575125443344 -9.221213870546002 -9.396211879659731 -9.089641293323458 -8.83751453204479 -8.536777212678974 -8.257428538871503 -7.9178027730359695 -7.539612631117967 -7.236930889428665 -6.793602599673885 -6.296478625635996 -5.765327260937103 -5.60329206731328 -5.592597744534108 -5.695003986904364 -5.824956212190671 -5.934167932693127 -5.870650136792588 -5.614958601254195 -5.104223670951905 -4.248677848618119 -3.409011475259468 -2.6373998832228223 -1.762409837654178
-11.941136630715498 -11.280033040730299 -11.415818532987062 -10.972490243232283 -10.873648775121751 -10.708696948012697 -10.649067996759133 -10.607262916804185 -10.627679351200786 -10.748557605644159 -10.759575998810579 -10.930361092890088 -10.794575600633324 -10.328886454158457 -9.711532366451692 -9.234176686035909 -8.98204992475724 -8.935383788993578 -8.99566088102164 -8.9253376069889 -8.894226849813128 -8.504694244341456 -8.426593281014775 -8.177383153221335 -7.9703021757700885 -7.6520650554928995 -7.294615418358746 -6.974433875758072 -6.430319695569273 -6.0281483449949445 -5.639263880297769 -5.689170719933907 -5.628569557518596 -5.612041967768967 -5.648013780753455 -5.510283866173205 -5.333665505123239 -4.849180276188008 -4.099281400096954 -3.434288965464784 -2.608233548370534 -2.280922457250411 -2.3211071852691196
