static/data/ASCData/20210107/ASCV/15.asc
ncols 97
nrows 97
xllcorner 99.0
yllcorner 2.0
cellsize 0.25
NODATA_value -32767
[rows 19 to 37 of 97, columns 43 to 85 of 97]
-7.518174137496581 -5.047610285124494 -4.477169510056971 -4.545487785773022 -5.0291004074674355 -6.303253076733302 -8.08558602349295 -9.483250058215914 -10.06311404372703 -10.098451082890506 -10.773220259297812 -11.021252619902393 -11.264236832055047 -11.473230177964744 -11.611885988777615 -11.527077094785277 -11.26154448621402 -10.995675334412638 -10.232058745251454 -9.065263366396525 -8.151211953367975 -7.946930212680077 -8.105105530840394 -8.406984808265507 -8.790644090611806 -9.244977451285054 -9.715464887004464 -10.056383179124463 -10.375762704516251 -10.69682494605868 -11.055243486145354 -11.59068376527953 -12.101219845384211 -12.455599866709345 -12.773969762410747 -12.755459884753689 -12.76925815718895 -12.450888261487549 -11.558375615187211 -10.175519482589895 -8.698094702326514 -8.377705547244343 -9.770321433515381
-7.374806721461912 -4.80428952974171 -4.469429015764019 -5.846227370219027 -6.924511879550203 -7.895102555240314 -8.551361853990562 -9.448922648742824 -9.956766383006478 -10.155999975242452 -10.67663235225098 -11.135340774915896 -11.400200297026895 -11.500826722835267 -11.470537832123718 -11.402219556407665 -11.168658554698602 -10.414801719211138 -9.073003860689477 -7.9977482404294555 -7.7096672354396025 -7.797505018503097 -8.100393925618597 -8.50761123407388 -8.97136780519072 -9.405845115286397 -9.835610820160278 -10.313165663712383 -10.595525433790051 -10.905145205508118 -11.258515597142868 -11.714531673966757 -12.056459595777142 -12.358002329972129 -12.500696659546541 -12.511466042910648 -12.423628259847153 -11.858235633231555 -10.838509645942707 -9.586568829865312 -8.651988279798934 -9.402143139754987 -10.514418515329124
-7.3599988193362655 -4.409860864031304 -4.288705301185105 -6.530083213839798 -7.588511672593404 -8.18823170868209 -8.93333842018622 -9.413922152809477 -9.888448107290426 -10.252587882289282 -10.636583707865709 -10.955626690027369 -11.240005719485808 -11.430489187738445 -11.463470424291021 -11.216447693376825 -10.583746420735562 -9.39137375639088 -7.959718855424954 -7.529953150551073 -7.687118839021005 -8.082557134421794 -8.460495181855912 -8.82194261101374 -9.271227823235066 -9.670704637397396 -10.037873301467407 -10.391243693102155 -10.67663235225098 -11.047502991852403 -11.373613381846756 -11.634434385196215 -11.955833169968772 -12.101219845384211 -12.179297874773983 -12.160787997116927 -11.9763623070066 -11.294525722766599 -10.0651333031078 -9.169591767736309 -9.1813707807908 -10.013305645668037 -10.883606438779905
-7.117014607183609 -4.469429015764019 -4.378562343629369 -7.163794116171448 -8.062364540614094 -8.496841850709771 -8.800403844285528 -9.33281523434855 -9.664646859255086 -10.08970095890717 -10.529899503915027 -10.85230791837797 -11.062310893978049 -11.134331145225513 -11.14711978797039 -10.328646652298286 -9.4236819064832 -8.60823765988225 -7.662887726451764 -7.697888222385111 -8.054287503091015 -8.487082097036051 -8.90304952947467 -9.21367893088312 -9.533731542735165 -9.902919466185946 -10.163740469535401 -10.48513925430796 -10.745960257657416 -11.0925997846896 -11.363853628173036 -11.536836848458998 -11.771070936628316 -11.922515390186067 -11.949775391826462 -11.744820564678307 -11.393132889194199 -10.577688642593252 -9.520269813530032 -9.160841643752972 -9.780081187189104 -10.530909133605412 -10.936107182679924
-7.067206209124617 -5.208814492355965 -5.550405870936222 -7.468365739437589 -8.197991462355812 -8.584679633773266 -8.888241627349021 -9.051465093961264 -9.38531597824857 -9.69796463903779 -10.072873797400753 -10.42658073226563 -10.566246172768889 -10.524178269002846 -10.08566244014563 -9.265170045092756 -8.726364333657294 -7.908900827675575 -7.855053910855043 -8.072124294287818 -8.50357271531234 -8.883530022127225 -9.279977947218402 -9.592626608007622 -9.912679219859665 -10.191000471175798 -10.451821474525254 -10.608987162995184 -10.849279029306814 -11.106061513894733 -11.305295106130705 -11.46178770814038 -11.558375615187211 -11.710493155205217 -11.552317837044901 -11.347363009896746 -10.806201495850388 -9.998834286772519 -9.430412771085766 -9.658925624342903 -10.286915291762371 -10.708603959113173 -11.113802008187683
-5.4420389508349 -5.3161717827669035 -6.022239479576145 -6.6687390246526705 -6.856193603834152 -7.473413887889514 -8.713575690912418 -8.877472243984915 -8.923578666512498 -9.227140660088253 -9.340555728641501 -9.610126855974295 -9.627627103940968 -9.346276963553683 -8.875789527834275 -8.657036428250859 -8.116884543894885 -8.08962454225449 -8.173423806556444 -8.460495181855912 -8.847519896503494 -9.206611523050425 -9.51421203538772 -9.848399462905155 -10.21455849728478 -10.493889378291296 -10.662834079815719 -10.777931864519608 -10.929376318077358 -11.139379293677436 -11.294525722766599 -11.414671655922414 -11.475249437345514 -11.409960050700617 -11.251784732540301 -10.844567424085017 -10.278165167779035 -9.89416934220261 -9.765273285063456 -10.221289361887347 -10.648026177690072 -10.949905455115186 -10.969424962462629
-3.8131697170137713 -3.8511991020182728 -4.481208028818511 -4.580824824936498 -4.943954970244968 -7.216631403301596 -8.56987173164762 -8.537900124785429 -8.439292958357827 -8.51333246898606 -8.676555935598302 -8.75362433529769 -8.50559197469311 -8.250828749485962 -8.169721831025033 -8.111163308982704 -8.296598628783414 -8.405975178575122 -8.592420128066218 -8.830692734997077 -9.09252336803692 -9.431422400776151 -9.69796463903779 -10.013305645668037 -10.398984187395106 -10.67461309287021 -10.857019523599767 -10.932405207148513 -11.02798348450496 -11.170677814079372 -11.287794858164032 -11.363853628173036 -11.388421283972402 -11.294525722766599 -10.976155827065195 -10.518120490860536 -10.219270102506577 -10.033834782705867 -10.206818002991827 -10.6305259297234 -10.979184716136352 -10.932405207148513 -10.915578045642096
-3.0115237428480834 -3.766390208025933 -4.171588257100445 -4.502746795546724 -5.716658226619619 -7.828803538905032 -8.30938727152829 -8.151211953367975 -7.9812576221531675 -7.923372186571093 -7.928420335023018 -7.955680336663414 -7.7672161277915475 -7.914622062587757 -8.037796884814727 -8.347416656532793 -8.66275766316304 -8.843481377741954 -8.950838668152892 -9.127523863970268 -9.394402645462034 -9.664646859255086 -9.906957984947486 -10.230039485870684 -10.491870118910526 -10.699853835129836 -10.85432717775874 -10.979184716136352 -11.070051388271 -11.150148677041544 -11.30428547644032 -11.384382765210862 -11.356113133880083 -11.164620035937062 -10.844567424085017 -10.537639998207979 -10.331675541369439 -10.378455050357278 -10.620766176049678 -10.903125946127348 -10.916587675332481 -10.70490198358176 -10.566246172768889
-2.2448782646157426 -3.382394382449506 -4.100241092313238 -5.56521377306187 -7.687118839021005 -8.504582345002724 -7.902169963073009 -7.169515351083629 -6.9988879334085645 -7.059129171601536 -7.249612639854172 -7.741975385531923 -7.90991045736596 -8.076835899509614 -8.279098380816741 -8.57189099102839 -8.873770268453505 -9.105312010781796 -9.267189304473526 -9.404835485596013 -9.608107596593525 -9.853111068126951 -10.066142932798186 -10.245857017686715 -10.435330856248967 -10.660814820434949 -10.845577053775404 -10.926347429006203 -11.024281508973548 -11.09630176022101 -11.178418308372324 -11.321112637946737 -11.289814117544802 -11.039762497559451 -10.739902479515106 -10.558169135245809 -10.535957282057337 -10.63826642401635 -10.883606438779905 -10.980194345826735 -10.940145701441464 -10.890337303382472 -10.861058042361307
-2.6356049547947364 -2.745654591046701 -3.7515823059002864 -7.90385267922365 -8.74958581653615 -7.582790437681221 -6.864943727817488 -6.557343215480193 -6.464457283964773 -6.788884957808485 -7.239852886180451 -7.696878592694726 -8.070105034907046 -8.341358878390484 -8.579631485321341 -8.788624831231036 -9.010406819885606 -9.252717945578006 -9.439162895069103 -9.5650300631371 -9.748782666787168 -9.909986874018639 -10.096431823509736 -10.24888590675787 -10.378455050357278 -10.518120490860536 -10.655093585522767 -10.699853835129836 -10.821009397976034 -11.024954595433805 -11.263227202364664 -11.383373135520479 -11.240005719485808 -10.977165456755582 -10.786681988502945 -10.739902479515106 -10.886298784620932 -11.07207064765177 -11.173370159920399 -11.11885015663961 -11.08654200654729 -10.958655579098522 -10.905145205508118
-2.7449815045864443 -3.0428222632500184 -4.777029528101314 -8.414725302558459 -7.6726474801254865 -6.7222493982430755 -6.443928146926945 -6.319070608549334 -6.381667649353203 -6.837683726177094 -7.334758077076641 -7.838563292578754 -8.260588503159683 -8.491793702257848 -8.667805811614965 -8.795692239063731 -9.006704844354196 -9.240938932523514 -9.4236819064832 -9.60709796690314 -9.732965134971137 -9.806331559139114 -9.919746627692362 -10.115951330857179 -10.318213812164306 -10.478071846475263 -10.620766176049678 -10.699853835129836 -10.831778781340141 -11.019233360521623 -11.348372639587133 -11.4537106706173 -11.335583996842255 -11.18514917297489 -11.060291634597279 -11.099330649292167 -11.223178557979391 -11.333564737461485 -11.300583500908909 -11.256496337762098 -11.283756339402492 -11.262554115904408 -11.441258571102551
-4.625585074543565 -6.438206912014763 -7.942218607458281 -7.956689966353799 -6.933262003533541 -6.410946910374369 -6.075749853166549 -6.2830604829256025 -6.485996050692987 -6.974320277609197 -7.338460052608053 -7.835534403507599 -8.135394421551943 -8.405975178575122 -8.63650729121303 -8.774153472335518 -8.998627806831117 -9.236900413761974 -9.464403637328727 -9.589597718936467 -9.557289568844148 -9.713445627623694 -9.880707612997474 -10.101143428731532 -10.323935047076489 -10.573986667061838 -10.73115235553177 -10.946876566044033 -11.165629665627447 -11.33659362653264 -11.525057835404507 -11.557365985496826 -11.517317341111553 -11.380680789679452 -11.418710174683953 -11.49375931500257 -11.55063512089426 -11.628713150284032 -11.554337096425671 -11.563087220409008 -11.58664524651799 -11.874726251507845 -11.773090196009086
-7.042638553325248 -8.842471748051569 -9.240938932523514 -7.433365243504242 -6.082817260999244 -5.657763161347161 -5.89805502765879 -6.107048373568484 -6.56205482070199 -6.985089660973303 -7.350239065662544 -7.761494892879366 -7.969478609098675 -8.258569243778913 -8.491793702257848 -8.776172731716288 -9.00165669590227 -9.24766979712608 -9.452961167504364 -9.523298702601185 -9.530029567203751 -9.703685873949972 -9.937246875659035 -10.196048619627721 -10.487831600148986 -10.737883220134336 -11.019233360521623 -11.257505967452481 -11.509576846818604 -11.620636112760952 -11.698041055690469 -11.610203272626975 -11.596405000191712 -11.621645742451339 -11.660011670685968 -11.771070936628316 -11.804388716411022 -11.90972674744119 -11.85924526292194 -11.954823540278387 -12.044680582722652 -12.288674424565691 -11.105051884204347
-8.006498364412792 -9.040695710597157 -8.218520599393642 -6.288781717837784 -5.3814611694118 -5.547713525095196 -5.789688107557467 -6.194213070171722 -6.6482098876148426 -7.012349662613698 -7.408797587704874 -7.610050439321617 -7.867842553599919 -8.156933188280156 -8.429533204684105 -8.714585320602803 -9.00569521466381 -9.25170831588762 -9.344594247403041 -9.394402645462034 -9.581857224643516 -9.830899214938482 -10.094412564128966 -10.380474309738048 -10.67259383348944 -10.899087427365808 -11.181447197443479 -11.413662026232029 -11.643184509179552 -11.695012166619314 -11.7340511813142 -11.651934633162888 -11.733041551623817 -11.759628466803953 -11.863956868143738 -11.975352677316215 -12.030882310287389 -12.187374912297063 -12.167518861719493 -12.384589245152267 -12.491946535563205 -12.323001834038783 -11.1306291696941
-7.791783783590915 -7.612069698702387 -6.598401489555849 -5.4097308007425795 -5.330643141662422 -5.478385619688759 -5.89603576827802 -6.3015703605826605 -6.7427785352809035 -7.125764731166946 -7.41956697106898 -7.54274179329595 -7.878611936964026 -8.0933265177859 -8.383426782156524 -8.680257911129713 -8.97136780519072 -9.070984601308707 -9.140312506715144 -9.222429054866456 -9.524981418751828 -9.893159712512222 -10.261338006272618 -10.51138962625797 -10.654083955832382 -10.881587179399135 -11.16293731978642 -11.383373135520479 -11.561067961028238 -11.610203272626975 -11.681213894184053 -11.690300561397517 -11.789917357515503 -11.869678103055918 -11.975352677316215 -12.109969969367548 -12.175595899242573 -12.442138137504212 -12.482186781889483 -12.753777168603047 -12.758488773824844 -12.420599370776 -9.974266630973151
-6.363157771696145 -6.057239975509491 -5.457856482650931 -4.995782627684731 -5.059389298178986 -5.445067839906055 -5.888295273985068 -6.382677279043588 -6.832635577725169 -7.177592388606709 -7.4030763527926915 -7.669618591054331 -7.913612432897372 -8.047556638488448 -8.349435915913563 -8.605208770811096 -8.772134212954748 -8.84819298296375 -8.902039899784285 -9.037666821526003 -9.405845115286397 -9.84738983321477 -10.226337510339272 -10.371724185754712 -10.534947652366952 -10.771200999917042 -11.052551140304328 -11.249765473159531 -11.415681285612798 -11.481307215487824 -11.603135864794279 -11.664723275907765 -11.791600073666146 -11.859918349382196 -11.947083045985435 -12.080690708346383 -12.265452941686839 -12.536706785170274 -12.717430499749188 -12.950991501458251 -12.80156630728127 -11.889197610403361 -9.37286387873382
-5.115928560840546 -4.851405581959677 -4.6969322393307715 -4.709720882075649 -5.017321394412944 -5.4292503080900225 -5.96065206846266 -6.474217037638494 -6.867972616888643 -7.156053621878496 -7.3825472157548635 -7.637310440962011 -7.752744768896029 -8.065056886455121 -8.340685791930227 -8.551361853990562 -8.724345074276524 -8.775163102025903 -8.762374459281027 -9.051465093961264 -9.446903389362054 -9.880707612997474 -10.12974960329244 -10.259318746891848 -10.395282211863694 -10.602256298392618 -10.8502886589972 -11.105051884204347 -11.268275350816587 -11.36688251724419 -11.502509438985907 -11.541548453680795 -11.654963522234041 -11.73203192193343 -11.829629458670647 -12.005641568027766 -12.244923804649009 -12.49093690587282 -12.656852718326089 -12.752767538912662 -12.215644543627844 -11.017214101140853 -7.873900331742229
-4.313272956984473 -4.373850738407572 -4.485919634040307 -4.565007293120465 -4.941262624403941 -5.436317715922718 -6.0289703441787115 -6.535804448751979 -6.869991876269413 -7.110956829041299 -7.302449926984321 -7.481154382182465 -7.758466003808211 -8.112172938673089 -8.322849000733424 -8.489101356416821 -8.54564061907838 -8.557419632132872 -8.762374459281027 -9.188101645393367 -9.494692528040277 -9.941958480880832 -10.119989849618719 -10.221289361887347 -10.356243197168808 -10.546726665421444 -10.756393097791396 -10.934424466529283 -11.064330153358819 -11.215438063686442 -11.296544982147369 -11.379671159989066 -11.471547461814101 -11.567125739170548 -11.716550933347527 -11.885495634871951 -12.012372432630332 -12.164826515878467 -12.236846767125929 -12.06117120099894 -11.082840031015877 -8.819923351632971 -5.261315236255985
-3.9878356534503756 -4.07971195527541 -4.32202308096781 -4.646114211581393 -5.167756218280308 -5.703869583874742 -6.237963690088406 -6.606141983848801 -6.853164714762997 -7.103216334748348 -7.324998323402919 -7.624858341447263 -7.864813664528764 -7.9997674998102255 -8.207751216029536 -8.446023822960393 -8.496841850709771 -8.486072467345664 -8.797711498444501 -9.272237452925449 -9.714455257314079 -9.982007125266103 -10.12369182515013 -10.280857513620061 -10.375762704516251 -10.475379500634237 -10.627497040652244 -10.736873590443953 -10.909856810729915 -11.055243486145354 -11.123898305091533 -11.253467448690941 -11.339622515603796 -11.482989931638464 -11.624674631522492 -11.687271672326363 -11.655973151924428 -11.713522044276372 -11.633424755505828 -10.713652107565096 -8.654007539179704 -5.247853507050852 -1.8013142873066004
