static/data/ASCData/20210107/ASCV/21.asc
ncols 97
nrows 97
xllcorner 99.0
yllcorner 2.0
cellsize 0.25
NODATA_value -32767
[rows 76 to 94 of 97, columns 43 to 85 of 97]
-8.095714822248503 -8.220667374779289 -8.4102736609252 -8.494022020530284 -8.375099349891064 -7.866244316930572 -7.055560195953354 -6.661272918932616 -6.255930858444007 -5.780240175887127 -5.228505982808831 -4.694191448528392 -4.209120949695743 -3.863407721245954 -3.5957479639481043 -3.495249932422003 -3.420881389092688 -3.3857070780585525 -3.358572609546505 -3.376997248659624 -3.4483508510431555 -3.5331041909635013 -3.647336953464836 -3.6962459954742055 -3.5810082526576092 -3.2627644861582885 -2.895611677649598 -2.076217727273452 -0.5429527596235655 0.3866540319928724 0.5400810267893865 0.34678981282085175 -0.3700961453986711 -1.2869731863551355 -1.7127498465873856 -2.2296447220699664 -2.564303167051884 -2.8446926750097066 -2.7462046041141273 -2.36230212368442 -2.0742077666429295 -2.4112111656937896 -2.495964505614135
-7.977462138486123 -8.12318428419897 -8.412953608432563 -8.665873654439917 -8.603564874893735 -8.079970130642746 -7.26091117370502 -6.462956803387776 -6.051919854446021 -5.6114034829232775 -5.070389079874431 -4.596708357948074 -4.204096048119438 -3.8925521503885236 -3.7833442894634937 -3.679831316991609 -3.5967529442633652 -3.560573652913969 -3.6426470453269517 -3.702275877365772 -3.865082688438056 -4.085843364357059 -4.198401159666292 -4.164901815824258 -4.044974164869777 -3.6483419337800975 -3.272479295872478 -2.195475391351092 -0.4930387372989351 0.525341315498892 0.7079127394379761 0.6717334480885802 0.19905770647748255 -0.7148043935331989 -1.2032248267500512 -1.7060499778189788 -2.0135739542888484 -2.3545972746007524 -2.4775398665010164 -2.440355594836359 -2.1475713296569836 -2.0889474779334245 -2.1592961000016957
-7.860214435039005 -7.978467118801385 -8.304750727822793 -8.643429094065755 -8.532211272510203 -8.020676292042348 -7.092744467618012 -6.2941201104239255 -5.765500464596633 -5.317279243990221 -4.864368115245924 -4.461036015387837 -4.145472196395879 -4.022529604495615 -3.9521809824273437 -3.947156080851039 -3.864412701561215 -3.7920541188624224 -3.8955670913343066 -3.994055162229886 -4.125037596652238 -4.324358692512339 -4.29588425024661 -4.1893563368289435 -3.6446570059574737 -3.2490297551830545 -2.048748265322984 -0.9070906271864727 0.2901759217278146 0.801710902195671 0.7373921620189661 0.8378901935450669 0.49720186667158384 0.5059116960705126 0.017491262853660317 7.160405580197704e-05 -0.22571397343950572 -0.496053678244718 -0.7509836848825948 -1.1231613949675907 -1.423985502669054 -1.3837862900586133 -1.6953301877895273
-7.88466895604369 -8.028381141126015 -8.303745747507532 -8.589830143918501 -8.35064482888638 -7.583174861465386 -6.65524303704105 -5.932662190368381 -5.391647787319536 -4.980610838377781 -4.551819237199749 -4.3153138696749895 -4.217830779094672 -4.190361317144204 -4.244295260729878 -4.2530050901288075 -4.181651487745276 -4.113312826307526 -4.009799853835641 -4.088858305302842 -4.013819775096686 -3.8895372094427407 -3.7528598865672427 -3.237304984838343 -2.622927018775443 -1.543913153623535 -0.09674149964767498 0.6288542879707766 1.3973292357070317 0.863349694865013 0.42182834302700734 0.6318692289165595 1.171878651650144 1.3467452265055604 1.5517612108188077 1.5614760205329974 1.447243258031662 1.3370304167913707 1.114259780241846 0.6935080215859015 0.18934289676329286 -0.2226990324937228 -0.6417758239575653
-7.82537511744329 -8.148308792080496 -8.307765668768576 -8.406253739664155 -7.813650347098578 -6.9433373940825405 -6.12997332559796 -5.477406107555142 -5.038229709786079 -4.614128016745932 -4.331058561280746 -4.3136389024828885 -4.3739377213985495 -4.334073502226529 -4.416146894639512 -4.4687408644715045 -4.378962622974854 -4.177631566484231 -4.046984125500299 -3.8741275112754052 -3.5186994731114267 -3.0801930622192044 -2.450070404550549 -1.8487571825860423 -1.2548138162667835 -0.23140886189265153 0.6864731593790747 1.2305025033737031 0.9424081463322125 0.2539966303784187 0.021511184114704207 0.4784422341200445 1.1209596490102527 1.6562791636059524 2.0224269917993825 2.0184070705383386 1.7078681531226847 1.4325035467411666 1.2794115453830726 1.2187777330289915 1.04893605974988 0.678768310295407 0.368229392879754
-7.5603953076528025 -7.936592938998842 -8.119164362937926 -7.873949166014239 -7.0967643888790555 -6.320249598620712 -5.65428264304108 -5.123988030021685 -4.70223129105048 -4.4355765140678916 -4.276454630818231 -4.026549525756659 -4.081153456219174 -4.194381238405248 -4.225535628178339 -4.209120949695743 -4.058708895845012 -3.85938779998491 -3.665091605701114 -3.289228967793495 -2.775349033256697 -2.19346543072057 -1.2909931076161794 -0.6679053121543514 -0.24815853381366804 0.20910750963009317 0.676758349664885 0.5692254559319565 0.028211052883110987 0.07511013426195756 0.3729193010176379 0.649288887714417 0.9393932053864296 1.1963331726548292 1.3065460138951197 1.3768946359633913 1.5068720900704822 1.390629366938625 0.958822824814809 0.7186325294674267 0.5605156265330278 0.5126115648389193 0.46001759500692607
-6.981526646062459 -7.118203968937957 -7.326234894196986 -7.147348398080526 -6.4190726629547115 -5.775550267749242 -5.246260635045109 -4.939406645452079 -4.720655930163598 -4.4707508251020265 -4.1602119076863735 -3.934426330191066 -3.947156080851039 -4.03793930266295 -3.862402740930693 -3.6573867566174463 -3.4493558313584165 -3.223570253863109 -2.8426827143791846 -2.2882685737935256 -1.5224735735646329 -0.40326049580228407 0.5497958365035771 0.7323672604426612 0.7960160137425252 0.6737434087191021 0.22552218811268965 -0.6699152727848734 -0.6357459420659985 -0.28902773330094966 0.06338536391724592 0.2958708101809604 0.48346713569635025 0.6385690976849663 0.7059027788074541 0.8047258431414539 1.015771709346267 1.0586508694640697 0.8047258431414539 0.5585056659025058 0.3836390910470895 0.2958708101809604 0.2275321487432116
-6.501146055367695 -6.314554710167567 -6.36815366031482 -6.234491278385105 -5.821444368812829 -5.2774150248182 -4.965871127087286 -4.789999571916608 -4.727690792370426 -4.44428634346682 -4.11632776725331 -4.016499722604049 -3.825218469266036 -3.7140006477104834 -3.5019498011904098 -3.052723600268737 -2.710025312764731 -2.2333296498925903 -1.6162717363223278 -0.4159902464622576 0.7032228313000912 1.4921323787799867 1.792956486481451 1.4070440454212214 0.9159436646970063 0.8174555938014265 0.4395829952632857 -0.31649719525141684 -0.07128199832772975 0.28012611857520486 0.5430959677351703 0.9353732841253857 1.0040469390015545 0.5916700163061188 0.3126204821019778 0.04596570511938847 0.13674892693130047 0.7410770898415899 0.7665365911615352 0.463032535952709 0.20508758836904928 0.11631432718765922 0.10056963558190368
-6.272345536926604 -5.979561271747229 -5.780240175887127 -5.49516075979142 -5.1494475313416315 -4.756835221512995 -4.4988902739293355 -4.635902590243253 -4.67275186846949 -4.732380700508311 -4.417151874954772 -3.881832360359073 -3.5789982920270873 -3.3917369599501184 -2.8125333049213546 -2.2296447220699664 -1.2558187965820444 -0.5556825102835381 0.49887683386368575 1.4911273984647258 2.038171683405138 1.7644820442157219 1.701168284354278 1.3778996162786523 0.9521229560464022 1.015771709346267 0.7363871817037051 0.5615206068482888 0.48916202414949517 0.4090985923670347 0.45700265406114315 0.5712354165624784 0.6817832512411899 0.3799541632244656 0.13775390724656145 -0.06458212955932296 -0.01265814660417064 0.4365680543175028 0.4978718535484248 0.2734262498067981 0.09487474712875787 0.09185980618297496 0.08884486523719204
-6.321254578935973 -5.788950005286056 -5.4268220983536715 -5.0566543488991975 -4.752815300251951 -4.385662491743261 -4.209120949695743 -4.336083462857051 -4.334073502226529 -4.257694998266691 -3.7196955361636292 -3.1063225504159906 -2.7860688232861475 -2.4336557260679523 -1.8380373925565916 -0.5858319197413682 0.4519777524848383 1.6278047213402242 2.4190592228890617 2.2070083763689885 2.03013184088305 1.390629366938625 0.9326933366180228 0.802715882510932 1.0928202001829446 1.1454141700149378 0.8888091961849582 0.7236574310437325 0.5437659546120104 0.3514797209587366 0.16388339544334762 -0.1124861912534314 -0.09071161775610914 0.277446171067842 0.0938697668134969 0.08381996366088718 0.10927946498083241 0.2402618994031842 0.21480239808323898 0.017491262853660317 -0.19924949180429863 -0.186519741144326 7.160405580197704e-05
-6.205011855804116 -5.687446993444694 -5.155142419794777 -4.7491303724293275 -4.4998952542445965 -4.390687393319566 -4.19639119903577 -3.7344352474541243 -3.7032808576810328 -3.15523159242536 -2.5957925502633956 -2.009889026466225 -1.3526319002855223 -0.8769412177286426 0.026201092252589042 1.2794115453830726 2.103495403897104 3.1992589409700285 2.653219636344878 2.1688191243890698 1.6485743145222846 1.0020369783710326 0.5809502262766681 0.49619688635632286 0.8047258431414539 1.0867903182913787 0.8445900623134737 0.739402122649488 0.6104296488576582 0.32903516058457427 0.21480239808323898 0.10827448466557144 -0.0009333762594589956 0.3213303115009065 -0.005958277835763859 -0.0371126676088549 -0.08300676867244139 0.004761512193686812 0.026201092252589042 -0.0789868474113975 -0.24413861255262415 -0.23341882252317347 -0.06156718861354005
-5.785265077463433 -5.390642807004275 -4.820483974812859 -4.50391517550564 -4.372932741083288 -4.318328810620773 -3.8915471700732627 -3.4295912184916166 -2.712035273395253 -2.069517858505045 -1.1747503844843221 -0.35167150628555266 0.55281077744936 1.3681848065644617 2.3379908107913403 2.8642655025496913 3.6893543413789827 2.809661572087175 2.0519064143803716 1.695138402462712 1.1631688222512153 0.7032228313000912 0.6358891501776034 0.4452778837164315 0.47643227348952255 0.7588317420778674 0.8690445833181588 0.7655316108462742 0.4814571750658274 0.25600659100894063 0.4814571750658274 0.8388951738603279 0.710927680383759 0.462027555637448 0.13473896630077853 -0.32219208370456265 -0.3563614144234375 -0.14364058102652244 0.040940803543083604 0.07042022612407361 0.10458955684294757 0.0771200948924804 -0.15335539074071214
-5.3055544736455085 -4.958166278003619 -4.478455674185694 -4.363217931369098 -4.232570490385166 -3.991375214722523 -3.5284142828256164 -2.840002766871822 -2.0829175960418587 -0.618996270144982 0.6181344979413259 1.9366686715637753 2.7071535799305524 3.6307304896554244 4.275257865176154 4.38078079827856 3.025397346429874 1.8143960665403522 1.4140789076280482 1.2519420834326045 0.5742503575082614 0.44427290340117054 0.6074147079118752 0.49887683386368575 0.40139374328336697 0.3025706789493672 0.4677224440905938 0.47475730629742063 0.0020815646863239223 0.13473896630077853 0.5273512761294139 0.799700941565149 1.016441696223107 0.7042278116153522 0.3025706789493672 -0.24011869129158026 -0.28333284484780386 -0.035102706978332954 0.25198666974789674 0.367224412564493 0.39268391388443824 0.14344879569970725 -0.1054513290466037
-4.889827616565869 -4.785309663778724 -4.363217931369098 -4.230560529754644 -4.071438646504984 -3.7156756149025854 -3.2433348667299087 -2.525443928195125 -0.9188153975311844 1.0321863878288635 2.6073255352812916 3.7811425435061556 4.378770837648038 4.993148803710938 4.94524474201683 3.678634551349533 2.1162251545570774 1.29683120418093 0.9980170571099887 1.0057219061936564 0.5946849572519017 0.5916700163061188 0.6318692289165595 0.5437659546120104 0.3544946619045195 0.12502415658658794 0.01447632190787651 -0.007968238466285804 -0.06826705738194683 0.18364800831014705 0.11128942561135435 0.11430436655713727 0.4549926934306212 0.649288887714417 0.44829282466221443 0.26170147946208644 0.23255705031951646 0.3173103902398626 0.4268532446033131 0.4131185136280786 0.34276989155980786 0.20910750963009317 0.2791211382599439
-4.616137977376454 -4.578283718834955 -4.290189361793464 -3.996065122860408 -3.7257254180551955 -3.4718003917325793 -3.014534348288818 -1.6759005683611479 0.4951919060410619 2.77448726105304 3.9972133112872728 4.491328632957273 4.723479085782565 4.425669919026885 3.4501690263468623 2.412024360682234 1.6924584549553492 1.2137528314526866 1.0214665977994128 1.0928202001829446 1.0214665977994128 0.5916700163061188 0.40139374328336697 0.3514797209587366 0.30357565926462815 0.1591934873054628 0.004761512193686812 0.05769047546410011 0.1913528573938148 0.055680514833578165 -0.29606259550777647 -0.15737531200175692 0.17962808704910316 0.3876590123081334 0.4171384348891225 0.4881570438342342 0.6512988483449389 0.6610136580591286 0.4519777524848383 0.4101035726822957 0.5564957052719839 0.709922700068498 0.7655316108462742
-4.482475595446738 -4.326033659704441 -4.17662658616897 -3.9200216123389913 -3.4989348602446264 -3.134796992681719 -1.9405453847132152 0.6007148391434685 3.277312412121968 4.614271224857537 4.488313692011489 4.420980010889001 3.769417773161444 2.499122654671523 1.6854235927485224 1.2167677723984696 0.9805973983121312 0.8995289862144098 1.1775735401032899 1.2207876936595135 0.708917719753237 0.2627064597773474 0.21681235871376092 7.160405580197704e-05 -0.28601279235516586 -0.3506665259702917 -0.18953468209010893 0.07209519331617464 0.4070886317365128 0.11798929437976113 -0.1808248526911802 0.11128942561135435 0.4590126146916651 0.4198183823964854 0.21279243745271703 0.2891709414125536 0.6114346291729191 0.6925030412706406 0.5430959677351703 0.5799452459614072 0.801710902195671 0.8995289862144098 0.8700495636334198
-4.024539565126137 -3.736445208084646 -3.362257537369129 -3.0587534821603026 -2.9472006671663302 -2.3495723730244475 -0.45317451812691445 2.0458765324888057 3.494053166779927 3.675619610403749 2.5470267163656315 2.4532285536079366 1.8475604169439652 1.295826223865669 0.7970209940577861 0.5497958365035771 0.2667263810383913 0.23523699782687935 0.5672154953014346 0.9316883563027618 0.7333722407579222 0.4854770963268722 0.44427290340117054 0.11731930750292019 -0.2793129235867591 -0.39756560734913915 -0.24413861255262415 0.05869545577936108 -0.18752472145958698 -0.11047623062290945 0.07410515394669659 0.276441190752581 0.5829601869071901 0.4844721160116112 0.2684013482304932 0.3320501015303572 0.6435939992612711 0.7695515321073181 0.7598367223931284 0.8291803641461382 0.9032139140370328 0.8194655544319485 0.6201444585718479
-3.0848829703570892 -2.751899492567273 -2.3566072352312744 -2.098662287647614 -1.889626382073324 -0.9727493411168586 0.5508008168188381 1.4090540060517434 2.2753470378067364 2.2763520181219983 1.821430928747179 1.6934634352706102 1.2586419522010113 0.7970209940577861 0.7782613615062468 0.5293612367599358 0.23624197814214032 0.19637775897012055 0.03424093477467682 0.21580737839849995 0.5467808955577933 0.43455809368698084 0.2637114400926084 -0.11717609939131624 -0.3700961453986711 -0.06458212955932296 0.21279243745271703 0.17493817891121832 -0.15637033168649506 -0.1707750495385696 0.0938697668134969 0.36320449130344823 0.5196464270457462 0.4871520635189732 0.4784422341200445 0.5829601869071901 0.6817832512411899 0.7149476016448029 0.7665365911615352 0.8867992355544363 0.9571478576227079 0.8399001541755897 0.6941780084627425
-2.688585732705829 -2.113401998938109 -1.7197847087942124 -1.6005270447165723 -0.9747593017473806 0.023521144745226152 0.8888091961849582 1.697148363093234 1.8623001282344607 1.8485653972592262 1.7685019654767657 1.6475693342070237 1.1300044718476023 0.7528018601863016 0.7313622801274002 0.7079127394379761 0.43355311337171987 0.12971406472447278 -0.11918606002183818 -0.015673087549953557 0.1414388350691853 -0.0039483172052419135 -0.18752472145958698 -0.5107933895352126 -0.2685931335573084 0.06137540328672397 0.3457848325055908 0.22853712905847257 0.02921603319837196 -0.028402838209926173 0.023521144745226152 0.06841026549355167 0.14646373664549017 0.2637114400926084 0.2948658298656994 0.5293612367599358 0.5595106462177668 0.39536386139180113 0.5156265057847023 0.8134356725403826 0.8194655544319485 0.6690535005812173 0.6171295176260649
