static/data/ASCData/20210112/ASCV/00.asc
ncols 97
nrows 97
xllcorner 99.0
yllcorner 2.0
cellsize 0.25
NODATA_value -32767
[rows 0 to 18 of 97, columns 43 to 85 of 97]
-1.122824851504621 -1.3211357812079774 -1.1060244239051675 -0.828652658439677 -0.7947223830917611 -0.6422008541006416 0.7706821649985143 1.420298698844058 1.2190229877996215 0.5226287927948157 0.05584044164920954 0.5246053136888689 1.119538102798935 1.2980838235617567 0.884990956704601 -0.0222321336658986 -0.9956686739871872 -0.9801859269837694 -0.13456440447793305 0.22186819674969271 -0.18628336787232946 -0.4069948677082902 0.19749110572303508 0.5344879181591358 0.21725631466356887 0.23471558256103986 -0.37471169310541796 -0.9439497105927908 -0.6069528981566901 0.45839186373808083 0.6145370143682971 -0.13654092537198625 -0.4488312266324197 -0.3872296587677564 -0.37273517221136476 -0.28082695063788243 -0.8375470024629177 -0.9637149195333246 -0.945926231486844 -2.2527359626051355 -5.271212787973653 -6.933137439723534 -6.86000616664356
-0.9663502807253961 -1.5981781265244592 -1.3922905333938989 -0.5318451041826613 0.08318231401694742 0.7084217568358326 0.7815530299158082 0.25612789224661814 -0.5954231929413787 -0.8816893024301091 -0.07098631571921565 0.9054150059431532 1.4143691361618975 0.8243776492869648 0.41721434511196875 0.026522048387417563 -0.586528848918138 -0.6109059399447965 -0.19320119100151611 -0.06505675303705516 -0.5124093153911371 -0.8912424867513673 -0.9782094060897162 -0.5815875466830045 -0.9498792732749513 -1.0964712395839102 -1.4314915311259577 -1.5056110646529586 -1.064188064981038 -0.5670930601266138 -0.7087437242004393 -1.20979177084297 -1.5125288877821461 -1.6304613011273306 -1.876538152436976 -1.8445843979831134 -1.7984655771218678 -1.7019454734622608 -2.041577647090433 -3.8892952628813324 -6.905795567355796 -7.904926879299778 -7.619649030258074
-1.3142179580787898 -1.4400564550001889 -1.122824851504621 -0.34045199760849254 0.5647945718679539 0.5384409599472422 -0.013337789642658748 0.26601049671688504 0.11348896772576644 0.7367518896505985 1.214081685564488 0.7150101598160106 -0.21955480292222784 -0.6461538958887489 -1.0552937209577982 -1.3804314080295788 -1.0602350231929316 -0.5094445340500569 -0.2762150685517577 -0.4567373102086334 -0.8823481427281274 -1.1715790335579381 -1.0964712395839102 -0.3473698207376801 -1.1920030827964894 -1.4753044109441404 -1.684156785415781 -1.6989806921211814 -1.5125288877821461 -1.2417455252968335 -1.0543054605107711 -1.1363310776139866 -1.5418472810439372 -2.1384271708990488 -2.5337313497097247 -2.2517477021581094 -1.6578031734950693 -2.2389003163467622 -4.405826056527282 -6.761509542089899 -8.580897025066033 -8.585508907152159 -8.19975791266274
-1.5056110646529586 -0.3911827005558628 -0.1948482917465606 -0.35626416476091993 0.042334215539844955 -0.26139116184635736 -0.7535448644656491 -0.26929724542257105 0.14873692366971802 0.5901599233416395 -0.3299105528402082 -0.6069528981566901 -0.28082695063788243 0.07165260880163604 -0.5720343623617472 -1.7576174786447645 -1.733240387618106 -1.2068269895018897 -0.4830909221293451 -0.7370738570152042 -1.0065395389044811 -1.2213214760582813 -1.683168524968754 -1.5075875855470127 -1.9137626292749816 -2.072872561246278 -2.312031589426737 -2.278101314078821 -1.9723994157985647 -1.5220820721034034 -1.4331386318710022 -1.5955427653323877 -1.7691471838600759 -2.2632774073734208 -1.954610727752085 -1.7576174786447645 -1.6344143429154379 -4.154807902982503 -6.430442292335958 -8.586497167599184 -9.630429619808377 -9.152111563447459 -8.413881009518523
-1.6001546474185124 -0.5796110257889513 -0.39414748189694304 -0.5621517578914803 -0.6326476697793835 -0.9488910128279242 -0.822064255459499 -0.8141581718832853 -0.42247761471170797 -0.6833783727267537 -1.276005220793758 -1.1920030827964894 -0.705778942859359 -0.3180514274758881 0.012027561831025935 -1.074070669451305 -0.9409849292517105 -1.0562819814048243 -0.7350973361211501 -0.8688419166187629 -1.159719908193618 -1.7661824025189956 -2.277113053631794 -2.604227261597628 -2.519236863153333 -2.614768706365913 -2.6911941809359767 -2.651993183203918 -2.0778138634814116 -1.5016580228648522 -1.7790297883303428 -2.4556587743946157 -2.608180303385735 -2.1832283111642585 -1.83074875172474 -2.314996370767817 -2.7936438472777434 -5.364109269994161 -8.100273027662054 -10.213503283554124 -10.103147533636143 -9.675560180222597 -9.081615651559556
-1.675591861541549 -1.2848995648169987 -1.1004242813720166 -0.47716135944718463 -0.5522691534212134 -1.2974175304793363 -0.9900685314540363 -1.1636729499817244 -0.44784296618539265 -0.7097319846474655 -0.7574979062537555 -0.945926231486844 -1.2829230439229455 -1.6334260824684108 -1.3023588327144697 -0.888277705410287 -0.6501069376768553 -1.2371336432107087 -1.4762926713911675 -1.5945545048853607 -1.7427935719393641 -2.3502443267117687 -2.6002742198095214 -2.8239505009865615 -2.799573409959904 -2.8140678965162946 -2.8901639509373505 -2.459611816182723 -1.8814794546721094 -1.2144036529290947 -1.6627444757302028 -2.2876544984000784 -2.2224293088963174 -1.7964890562278146 -3.148099927611316 -4.660797251860167 -5.327873053603183 -7.050411012770701 -9.791845492822736 -10.73695190032926 -10.572900666122829 -10.176608226865127 -10.501745913936908
-1.218356694717201 -1.0493641582756377 -0.8464413464861575 -0.08284544108353575 -0.4145715311354943 -1.2351571223166555 -1.3718664841553467 -1.443021236341269 -0.5562221952093198 -0.4214893542646809 -0.4969265683877184 -0.8688419166187629 -1.4499390594704558 -1.9615285508812716 -1.93517493896056 -1.4937519392886385 -1.712486918230546 -1.976352457586672 -2.0952731313788835 -2.577873649676916 -2.670440711548416 -2.5327430892626976 -2.6305808735183396 -2.486953688550461 -2.915858722560044 -2.935294511351569 -2.5044129564479327 -2.0201653374048547 -1.682180264521727 -1.1208483306105679 -1.3366185282113952 -0.9880920105599831 -0.9577853568511641 -2.670440711548416 -4.645314504856749 -7.569906587757731 -8.213593558921113 -9.398188414757104 -10.295528900657338 -11.160915632103709 -11.24689429099503 -10.985005272532959 -11.937358923317678
-0.4527842684205261 -0.5631400183385065 -0.6958963383890922 -0.9146313173309988 -1.5514004653651954 -1.0437640157424868 -1.065176325428065 -1.1481902029783067 -1.4664100669209006 -1.771123704754129 -1.7935242748867344 -1.3689017028142674 -1.0328931508251928 -0.8559945308074157 -1.063199804534011 -1.4762926713911675 -1.9987530277192764 -1.8366783144068997 -1.9401162411956934 -2.538672651944858 -2.7966086286188236 -2.662864048121212 -2.385492282655721 -2.1463332544752625 -2.801549930853957 -2.7047004070453413 -2.226382350684424 -2.0455306888785403 -1.7681589234130497 -1.7322521271710798 -1.6100372518887793 -1.0075277993515082 -2.5037541161499144 -4.592607281015326 -6.650165531724892 -9.318139318547944 -9.711466976464566 -10.41477899459856 -11.174421858213073 -11.579608641494016 -11.62078616012013 -12.302356448419534 -12.987879778507047
-0.8355704815688636 -1.4977049810767458 -1.7184164809127056 -1.7019454734622608 -2.010282732934588 -1.6736153406474958 -1.276993481240785 -1.5807188586269874 -1.7437818323863912 -1.575777556391854 -1.7691471838600759 -1.8933385800364295 -1.2974175304793363 -1.2124271320350415 -1.4878223766064789 -1.8462314987281578 -2.043554167984486 -2.1061439962961765 -2.2319824932175756 -2.69613548317111 -3.017320128454784 -2.8855520688512257 -2.3805509804205878 -2.3084079677876392 -2.575897128782863 -2.4233755997917443 -2.6276160921772593 -2.876657724827985 -2.7926555868307164 -2.564038003418543 -2.0679312590111447 -2.9995314404083038 -5.206646438767908 -7.507646179595049 -9.119828388844589 -9.863000245008658 -10.247762979051048 -11.153009548527496 -11.724224086908922 -12.015431498632786 -12.239766620107844 -13.220450403707328 -12.689095703355978
-1.276993481240785 -1.546459163130062 -1.734228648065133 -1.6050959496536459 -1.5230703325504305 -2.0583780746898865 -2.567002784759623 -1.7839710905654762 -0.4089713886023434 0.5022047435562635 0.1342424371133264 -1.181461638028205 -1.946045803877853 -2.342338243135556 -2.468506160205963 -2.490906730338568 -2.577873649676916 -2.8111031151752153 -2.8522806338013273 -3.115816753008444 -3.2848092894500076 -3.2008071514527394 -3.029838094117122 -3.4215186512886997 -3.2126662768170595 -3.1197697947965506 -3.605005674286655 -4.049393455299656 -3.7947516801157795 -3.1803831022141877 -3.1072518291342126 -5.24782395739402 -7.814995178620349 -9.437059992340155 -9.81128128161426 -10.406872911022345 -11.007405842665563 -11.791755217455744 -12.13336391197797 -12.433136247576066 -12.92463110989734 -12.473325505755152 -8.874739797981968
-1.7889123928006097 -1.2690873976645713 -1.1004242813720166 -1.1646612104287515 -1.5494239444711422 -1.3794431475825517 -1.3679134423672403 -1.14127237984912 -1.1070126843521946 -0.9880920105599831 -1.1363310776139866 -1.2272510387404418 -1.568200892964649 -2.1236032641936484 -2.5884150944452013 -2.866775120357718 -2.7847495032545035 -2.3581504102879824 -2.8364684666489 -3.3658466461061964 -3.551310189998205 -3.4373308184411266 -3.461707909467785 -3.7868455965395658 -3.521991796736413 -3.347399117761698 -3.4636844303618384 -3.877765557666021 -4.429544307255922 -5.729106795096018 -6.429454031888932 -7.919750786005179 -9.057238560532898 -9.914719208403055 -10.319905991683997 -11.01728844713583 -11.434334355781093 -11.99665455013928 -12.264473131283513 -12.594552120590425 -13.187178968657431 -13.07385843739837 -7.543552975837019
-1.4048084990562364 -0.6079411586037162 -0.22153132381628104 -0.4732083176590782 -1.5797305981799603 -1.7661824025189956 -1.0776942910904026 -0.7262029920979103 -0.7828632577274401 -1.158731647746591 -1.403161398311192 -1.4967167206297187 -1.480245713179274 -2.507377737789013 -3.363870125212143 -3.527921359418573 -2.936282771798596 -2.6131216056208686 -3.3121511618177464 -3.9284962606133913 -3.9060956904807864 -3.3658466461061964 -3.300621456602435 -3.8504236852982827 -3.9841682657958946 -3.8797420785600747 -4.298435087950382 -5.077843160505431 -7.077752885138439 -8.242911952182906 -8.294630915577303 -8.834550539802883 -9.819187365190475 -10.415767255045585 -10.90100313453569 -11.382615392386697 -11.806249704012137 -12.192988958948582 -12.4380775498112 -12.79945145327396 -13.302476020810545 -13.777170455532364 -7.555412101201339
-1.4841987549673803 -1.3013705722674436 -0.9363730471655858 -1.1139305074813812 -1.7935242748867344 -1.8745616315429228 -1.0210340254608727 -0.8375470024629177 -0.9390084083576573 -1.2496516088730463 -1.2203332156112552 -1.781006309224396 -2.0942848709318564 -3.3796822923645697 -4.147231239555298 -4.133395593296925 -3.824070073377571 -3.6069821951807084 -3.7400679353803024 -4.583712936992086 -4.513217025104182 -3.947932049404916 -3.766421547301014 -4.410767358762415 -4.9381690173256585 -5.759413448804837 -6.473266911707115 -8.182298644765268 -9.666665836199355 -9.200865745500776 -9.159029386576647 -9.732220445852125 -10.292564119316259 -10.836766205478956 -11.242941249206925 -11.675469904855605 -12.162682305239763 -12.157082162706612 -12.412712198337516 -12.880488809930148 -13.498810429619846 -13.87369055919197 -7.073799843350333
-1.8435961375360863 -1.9450575434308268 -2.2497711812640553 -2.227370611131451 -2.0679312590111447 -1.8521610614103174 -1.0905416769017497 -0.8444648255921043 -1.2361453827636817 -1.499681501970799 -1.3435363513405818 -2.3904335848908547 -3.1052753082401594 -4.139325155979085 -4.177537893264117 -4.543523678813001 -6.448889820680456 -4.856143400222443 -4.6667268145423275 -6.039749995611407 -7.478327786333257 -6.849464721875274 -6.804334161461056 -7.209520944741998 -7.7583349129908195 -8.385550876703757 -9.73716174808726 -10.597277757149488 -10.314964689448864 -9.828740549511732 -9.857070682326498 -10.403908129681266 -10.807447812217163 -11.211646335051078 -11.779896092091425 -12.002584112821438 -12.400194232675176 -12.398217711781124 -12.582692995226106 -12.81131057863828 -13.333770934966388 -13.082752781421611 -7.0513992732177275
-2.666817089909318 -2.887528589745279 -3.0192966493488376 -2.9919547769810992 -2.6480401414158115 -2.450717472159482 -1.7358757488101775 -1.5388824997028578 -2.1140500798723902 -2.4958480325737016 -2.440176027391198 -3.3533286804438585 -3.773009950281192 -4.147231239555298 -4.734916785387169 -5.517289639283298 -8.37566827223349 -6.0815863545355375 -6.012408123243669 -8.479106199022285 -10.500757653489881 -9.466378385601946 -9.702902052590334 -9.83269359129984 -10.227338929812497 -10.639443536222625 -10.650973241437939 -11.022229749370965 -10.526123004963566 -10.51920518183438 -10.538640970625904 -10.893097050959476 -11.302566296177535 -11.657022376511108 -12.183435774627323 -12.260520089495405 -12.462454640837858 -12.594552120590425 -12.628482395938342 -12.768156539118113 -12.77803914358838 -12.160705784345708 -7.703651168255343
-3.458743128126705 -3.506509049732995 -3.5213329564383953 -3.5786520623659435 -2.976142609828672 -2.8796225061690652 -2.51726034225928 -2.355185628946902 -3.0769451754253945 -3.405047643838255 -3.5074973101800215 -4.023039843378944 -4.415708660997549 -6.061162305296985 -6.783910112222504 -7.543552975837019 -9.50755590422806 -7.462515619180831 -8.463623452018867 -10.934274569585588 -11.202751991027839 -9.872882849478925 -10.514263879599245 -10.567959363887695 -11.022229749370965 -11.086466678427698 -11.053524663526808 -11.11018492915634 -10.710598288408548 -10.927356746456402 -10.932298048691536 -11.325955126757165 -11.689305551113979 -12.031902506083231 -12.360993234943118 -12.405794375208329 -12.564245466881609 -12.64132978174969 -12.676577737693641 -12.573798651202864 -12.412712198337516 -11.478147235599277 -9.684125104096827
-3.7868455965395658 -3.8151757293543307 -4.1422899373201645 -4.052358236640736 -2.935294511351569 -2.2896310192941325 -1.946045803877853 -2.4451173296263313 -3.399118081156095 -3.8003518226489303 -4.517170066892289 -5.053466069478772 -6.336557549868423 -8.174392561189055 -10.090629567973805 -10.924391965115321 -11.004441061324483 -10.28004615365392 -10.937239350926669 -11.078890015000493 -10.550500095990223 -10.091617828420832 -10.760340730908892 -10.699727423491254 -11.032771194139247 -11.067030889636174 -10.975122668062692 -11.0680191500832 -10.835777945031928 -11.161903892550736 -11.283789347684028 -11.559184592255464 -11.878722136794094 -12.103057258269153 -12.448948414728495 -12.437089289364174 -12.498690857228837 -12.516150125126309 -12.659777310094187 -12.617940951170057 -12.09152755305384 -10.904956176323797 -9.77306854432923
-4.2974468275033555 -3.9225666979312312 -4.132407332849898 -4.031934187402184 -3.154029490293476 -2.2497711812640553 -2.2537242230521626 -3.001507961302357 -4.731952004046089 -4.979346535951771 -6.113869529138409 -8.473176636340124 -10.16672562239486 -10.940204132267748 -11.776931310750346 -11.625727462355261 -11.080866535894547 -11.004441061324483 -10.933286309138563 -10.802506509982031 -10.699068583193236 -10.802506509982031 -10.804483030876083 -10.840389827118052 -11.064066108295094 -11.063077847848067 -10.984017012085932 -11.035735975480328 -11.003452800877458 -11.335508311078424 -11.45377014457262 -11.664599039938311 -11.86192170919464 -12.079668427689521 -12.306309490207642 -12.086586250818709 -12.180470993286242 -12.204848084312902 -12.395252930440044 -12.475302026649207 -11.949876888980015 -10.974463827764673 -9.592546302672353
-5.70176492272828 -4.281964080499937 -3.963414796408334 -3.9937214501171527 -3.516391654203262 -2.9392475531396753 -4.146242979108272 -6.777980549540344 -9.008484378479581 -9.3757878446245 -9.571133992986775 -10.84137808756508 -11.555231550467358 -11.592456027305364 -11.458711446807751 -11.464641009489911 -11.19682242834568 -11.10425536647418 -10.950745577036033 -10.900014874088663 -10.86213155695264 -10.640431796669652 -10.683256416040809 -10.90396791587677 -10.86213155695264 -10.892108790512449 -10.964581223294406 -10.98105223074485 -11.116773332136518 -11.322990345416086 -11.483088537834409 -11.70380003767037 -11.799661301031959 -11.801308401777003 -11.953829930768123 -11.894204883797512 -11.920558495718224 -11.791755217455744 -11.925499797953357 -12.108986820951312 -11.825026652505645 -11.02618279115907 -9.894295159164503
