static/data/ASCData/20210112/ASCV/03.asc
ncols 97
nrows 97
xllcorner 99.0
yllcorner 2.0
cellsize 0.25
NODATA_value -32767
[rows 19 to 37 of 97, columns 43 to 85 of 97]
-5.66348216796808 -4.022960273822191 -3.7289647570119584 -3.9371835498100523 -3.9213737222470306 -4.339493204392476 -5.590487857730299 -7.223273027749602 -8.323906129583792 -8.486040956932227 -8.987918887230702 -9.313197679857128 -9.557072679499484 -9.734008196481385 -9.76125492057936 -9.503588369233091 -9.13727130080478 -9.013147335469567 -8.850003370191578 -8.733952508292802 -8.692914232490915 -8.77297250823558 -8.979173025174564 -9.145008024931364 -9.335398714307328 -9.629394231117562 -9.970146471997158 -10.237904402638971 -10.557128367688069 -10.821858884541218 -10.976256987763069 -11.053287849719068 -11.11080871170368 -11.096344401380062 -11.132336987534176 -11.027723022170353 -10.964483711918266 -10.78283888459844 -10.543336815984155 -10.256405264680804 -9.939872334110518 -9.76125492057936 -9.012138197540013
-5.8804468228223135 -3.9691395842459474 -3.8480430326993984 -4.976259237941414 -5.488901306155138 -5.984051650256583 -6.886220959278374 -8.167489750502833 -8.752453370334635 -8.840248370205883 -9.204547162775086 -9.544626645034977 -9.756545610241439 -9.731989920622276 -9.588355955315675 -9.368700265982628 -9.272159404055241 -9.164518024902755 -9.099260438791557 -9.007428887202092 -9.015165611328676 -9.14601716286092 -9.346162852222577 -9.524780265753737 -9.817093886014712 -10.045495437403899 -10.304171126679721 -10.621713195179561 -10.87736147066672 -11.022004573902876 -11.116863539281006 -11.156892677153337 -11.122581987548482 -11.10004457378843 -11.010231298058073 -10.897880608567663 -10.75155560878225 -10.552419057350146 -10.311907850806307 -10.119835264881086 -9.974183023715375 -10.228149402653276 -9.71046164479178
-6.017016822622033 -3.8833628602338086 -3.988649584217336 -5.743540443712742 -6.439172856485697 -7.209481476045689 -8.024864923125786 -8.695941646279579 -9.118770438762946 -9.265095438548359 -9.460531817572097 -9.641167506962365 -9.777737506762083 -9.768991644705945 -9.669423368989893 -9.57187336913295 -9.537562679528095 -9.482060093402593 -9.42151181762932 -9.47028681755779 -9.52108009334537 -9.679178368975588 -9.889079058322938 -10.071733023572317 -10.307198540468384 -10.397011816198741 -10.577647505589011 -10.810085608696415 -10.942955436087768 -11.043532849733374 -11.081543711746596 -11.071788711760902 -11.093316987591399 -10.998458022213269 -10.86390629827266 -10.719263195036504 -10.558137505617623 -10.426276816155823 -10.32368112665111 -10.177356126865696 -10.279951816370412 -10.431322505803598 -9.965437161659235
-6.070837512198277 -4.034733549666995 -4.129592515045125 -6.428408718570448 -7.389108027506404 -8.046393198956284 -8.621601818802391 -9.193783024859837 -9.342462679814211 -9.530835093331063 -9.732999058551831 -9.867887161802294 -9.925408023786904 -9.924398885857348 -9.898834058308633 -9.849049920450607 -9.824830610141298 -9.982928885771514 -10.012193885728596 -10.029012851221173 -10.110753023515095 -10.207630264752334 -10.351264230058934 -10.507344229830043 -10.4652968160986 -10.542664057364451 -10.610949057264312 -10.78956647079547 -10.896871470638107 -10.983993711889653 -10.943964574017322 -10.929163884383854 -10.954728711932571 -10.93690060851044 -10.771065608753638 -10.642232333080504 -10.521135781533955 -10.504316816041378 -10.375483540368243 -10.221085437146394 -10.484806816069991 -10.566883367673762 -10.001429747813349
-6.185206477547795 -4.609942169513102 -4.900910272534672 -6.860992511039509 -7.812945957919325 -8.58560923264828 -9.161826990423942 -9.425211990037685 -9.572882507062506 -9.76125492057936 -9.946936299617402 -10.107052851106728 -10.155827851035198 -10.181056299274063 -10.226131126794167 -10.176346988936142 -10.173319575147477 -10.33242698870725 -10.481106643661622 -10.491870781576871 -10.569910781462426 -10.557128367688069 -10.64996905720709 -10.644923367559315 -10.602203195208173 -10.562174057335842 -10.631468195165255 -10.679234057164171 -10.785529919077254 -10.74953733292314 -10.726999919163088 -10.74280974672611 -10.798312332851612 -10.781829746668887 -10.777793194950668 -10.64996905720709 -10.628440781376591 -10.659724057192783 -10.474042678154742 -10.334445264566359 -10.63920491929184 -10.596148367630844 -10.030694747770431
-5.097355789487963 -4.802351134748175 -5.340221651200764 -6.457673718527531 -7.049364924556364 -8.004345785224844 -9.399983541798822 -9.663704920722417 -9.816084748085158 -10.029012851221173 -10.153809575176089 -10.32569940251022 -10.38322026449483 -10.41652181617013 -10.483797678140435 -10.517099229815736 -10.51306267809752 -10.563183195265395 -10.723299746754721 -10.743818884655663 -10.762319746697498 -10.697734919206006 -10.677215781305062 -10.642232333080504 -10.576638367659456 -10.536609229787125 -10.549391643561483 -10.583702333166338 -10.576638367659456 -10.472360781605484 -10.555110091828958 -10.560155781476732 -10.618685781390898 -10.815131298344188 -10.811094746625969 -10.794612160443243 -10.781829746668887 -10.849105608639192 -10.693025608868084 -10.619694919320452 -10.905953712004099 -10.772074746683192 -9.82752164462011
-3.824832860319643 -3.881344584374699 -4.52988389376844 -5.036807513714688 -5.6890469955167955 -8.125442336771393 -9.625694058709195 -9.884369747985017 -9.960391472011462 -10.207630264752334 -10.413494402381467 -10.59042991936337 -10.551409919420593 -10.582693195236784 -10.59042991936337 -10.626422505517482 -10.618685781390898 -10.675197505445954 -10.774093022542303 -10.768038194964973 -10.712535608839472 -10.618685781390898 -10.5638559538851 -10.503307678111824 -10.46058750576068 -10.485815953999545 -10.507344229830043 -10.482115781591178 -10.389275092072157 -10.42324940236716 -10.554100953899404 -10.433004402352855 -10.568901643532872 -10.799321470781166 -10.931182160242964 -10.936227849890738 -11.035796125606788 -11.102062849647538 -11.022004573902876 -10.98769388429802 -11.257470090798943 -10.809076470766861 -9.84534974804224
-3.169565964728872 -3.7545295845606743 -4.3226742388999 -4.961458548307947 -6.437154580626587 -8.899787508049602 -9.982928885771514 -10.18509285099228 -10.2661602646665 -10.445786816127214 -10.5201266436044 -10.697734919206006 -10.614649229672679 -10.691007333008976 -10.716235781247839 -10.697734919206006 -10.663760608911002 -10.63247733309481 -10.63920491929184 -10.541654919434897 -10.560155781476732 -10.4652968160986 -10.400039229987406 -10.387256816213048 -10.41652181617013 -10.445786816127214 -10.479088367802515 -10.482115781591178 -10.485815953999545 -10.532909057378758 -10.527863367730985 -10.459578367831126 -10.642232333080504 -10.838341470723943 -10.990721298086683 -11.122581987548482 -11.235941814968445 -11.378566642345493 -11.44180595259758 -11.433060090541439 -11.430369056062627 -10.814122160414634 -9.765291472297577
-2.9478919995367168 -3.9987409635128817 -4.427288204263725 -5.673237167953774 -8.167489750502833 -10.013203023658152 -10.455541816112907 -10.366737678312106 -10.479088367802515 -10.627431643447036 -10.644923367559315 -10.781829746668887 -10.767029057035419 -10.741800608796556 -10.691007333008976 -10.633486471024364 -10.557128367688069 -10.495570953985238 -10.457560091972017 -10.336463540425466 -10.263132850877835 -10.279951816370412 -10.31695354045408 -10.315944402524524 -10.344200264552052 -10.41652181617013 -10.50936250568915 -10.60388509175743 -10.678224919234617 -10.642232333080504 -10.658714919263229 -10.747519057064032 -10.854151298286965 -10.976256987763069 -11.12460026340759 -11.317009228642664 -11.566939055862345 -11.810141296885 -11.845124745109558 -11.751611296970834 -11.54339250417274 -10.954728711932571 -10.02598543743251
-3.1988309646859547 -3.7925404465738968 -4.942957686266112 -8.21525561250175 -10.135308713134256 -10.521135781533955 -10.730027332951753 -10.770056470824084 -10.775102160471857 -10.80705819490775 -10.834641298315576 -10.75626491912017 -10.754583022570912 -10.746509919134477 -10.663760608911002 -10.580674919377675 -10.514071816027073 -10.444777678197658 -10.322671988721556 -10.204602850963669 -10.161546299302675 -10.25539612675125 -10.297443540482691 -10.33242698870725 -10.386247678283492 -10.474042678154742 -10.561164919406286 -10.631468195165255 -10.703789746783333 -10.839350608653497 -10.952710436073462 -10.961456298129601 -11.003503711861041 -11.17539353919517 -11.36477509064158 -11.57871233170715 -11.92518302085422 -12.112882675751372 -12.00255026212007 -11.980012848360019 -11.658770607451814 -11.01426784977629 -9.97317388578582
-3.3872033782028086 -4.155830101213544 -6.180160787900022 -9.977210437504038 -10.996776125664011 -11.162611125420813 -11.094326125520954 -11.11080871170368 -10.993748711875348 -11.042523711803819 -10.960447160200047 -10.906626470623802 -10.83363216038602 -10.735745781219228 -10.644250608939613 -10.46933336781682 -10.378510954156908 -10.344200264552052 -10.258423540539914 -10.231849575061643 -10.189129402710499 -10.293406988764472 -10.378510954156908 -10.50263491949212 -10.59513922970129 -10.644250608939613 -10.65467836754501 -10.708499057121255 -10.739782332937446 -10.910663022342021 -11.097353539309617 -11.259488366658053 -11.337528366543605 -11.498654055962486 -11.694763193605926 -11.947720434614272 -12.24474336521317 -12.359785089182392 -12.3951049167168 -12.284772503085502 -11.814177848603219 -11.102062849647538 -9.897152161759376
-4.619697169498798 -6.611735442439529 -9.257358714421775 -11.35401095272633 -11.877417158855305 -11.675253193634537 -11.494617504244268 -11.293462676953055 -11.190866987448342 -11.220131987405424 -11.036805263536344 -10.97894802224188 -10.838341470723943 -10.730027332951753 -10.60388509175743 -10.438050092000628 -10.357991816255964 -10.33242698870725 -10.37245612657958 -10.360010092115074 -10.280960954299966 -10.563183195265395 -10.741800608796556 -10.922436298186824 -10.981975436030545 -10.886443712032712 -10.874670436187907 -10.815804056963891 -10.856842332765776 -11.088271297943626 -11.328782504487467 -11.502354228370853 -11.67155302122617 -11.829651296856387 -12.047288710330324 -12.310000951324366 -12.383331640871997 -12.500391640700329 -12.632252330162126 -12.365839916759718 -11.933256124290658 -11.045551125592482 -9.762264058508913
-6.514185442582587 -9.14803543872003 -11.40009491817599 -12.302264227197782 -12.041570262062848 -11.817878021011584 -11.588467331692843 -11.387312504401631 -11.26318853906642 -11.21239526327884 -11.082552849676151 -10.988703022227575 -10.818831470752555 -10.759292332908835 -10.622722333109115 -10.545355091843264 -10.4652968160986 -10.450832505774986 -10.468324229887266 -10.548382505631928 -10.610949057264312 -10.97692974638277 -11.195912677096114 -11.351992676867223 -11.30321767693875 -11.207685952940917 -11.125609401337146 -11.062033711775207 -11.15083784957601 -11.351992676867223 -11.62950560749473 -11.771121296942223 -11.96453940010685 -12.144165951567564 -12.3618033650415 -12.494673192432852 -12.592223192289795 -12.691791468005846 -12.758394571356447 -12.41865146840641 -11.785585607265837 -10.912681298201129 -9.811039058437386
-8.447693715609153 -10.7074899191917 -12.02004198623235 -12.241715951424506 -12.03753371034463 -11.801395434828859 -11.571984745510118 -11.482844228399465 -11.360065780303659 -11.18817595296953 -11.121572849618927 -10.957419746411382 -10.843387160371716 -10.813113022485078 -10.717244919177393 -10.63920491929184 -10.663760608911002 -10.648959919277534 -10.68327060888239 -10.768038194964973 -11.053287849719068 -11.40884078023213 -11.567948193791901 -11.549447331750066 -11.500672331821596 -11.449879056034016 -11.367802504430244 -11.389330780260742 -11.516145780074766 -11.633205779903097 -11.954784400121156 -12.055361813766762 -12.23397922729792 -12.41461491668819 -12.597268881937568 -12.731147847258475 -12.855944571213392 -12.907746984930526 -12.818942847129723 -12.391068364998583 -11.675253193634537 -10.971211298115296 -9.865868885943183
-9.987974575419287 -11.217440952926612 -12.005577675908736 -12.048297848259878 -11.844451986489855 -11.597213193748985 -11.554156642087989 -11.465352504287186 -11.39101267681 -11.20566767708181 -11.147137677167642 -10.97894802224188 -10.960447160200047 -10.917390608539051 -10.836323194864834 -10.841368884512606 -10.864915436202214 -10.976256987763069 -11.037478022156046 -11.128300435815959 -11.473089228413771 -11.738828883196476 -11.761366296956528 -11.710573021168948 -11.588467331692843 -11.537674055905264 -11.530946469708233 -11.577703193777594 -11.750602159041279 -11.852188710616439 -12.173430951524647 -12.2514709514102 -12.423360778744328 -12.651762330133515 -12.834416295382894 -12.926247846972359 -13.064163364011485 -12.968295260703801 -12.753348881708675 -12.291500089282533 -11.688035607408896 -11.092307849661845 -9.839294920464912
-10.353955264537747 -11.396058366457773 -11.852188710616439 -11.733783193548703 -11.488899055976793 -11.505381642159517 -11.471070952554662 -11.427341642273962 -11.33853750447316 -11.319027504501772 -11.227195952912307 -11.170347849547397 -11.203649401222698 -11.094326125520954 -11.072797849690456 -11.078516297957933 -11.136373539252395 -11.25242440115117 -11.462325090498522 -11.59418577996032 -11.851179572686885 -11.932246986361104 -11.933256124290658 -11.894908882967584 -11.777848883139253 -11.64699733160701 -11.63623319369176 -11.68029888328231 -11.842433710630745 -12.054352675837206 -12.275017503099807 -12.394095778787246 -12.691791468005846 -12.912792674578299 -13.026825260617965 -13.08939181225035 -13.053399226096236 -12.96627698484469 -12.568003881980484 -12.262235089325449 -11.829651296856387 -11.672562159155724 -10.307198540468384
-10.603212333137726 -11.173375263336062 -11.399085780246434 -11.4791440559911 -11.47510750427288 -11.470398193934958 -11.503363366300409 -11.51042733180729 -11.498654055962486 -11.494617504244268 -11.507399918018628 -11.487889918047237 -11.440796814668024 -11.472080090484216 -11.409849918161683 -11.331473538966279 -11.405813366443466 -11.60293164201646 -11.820905434800249 -12.001541124190517 -12.106827848174044 -12.092363537850428 -12.157621123961626 -12.156948365341922 -12.016005434514133 -11.809132158955444 -11.711582159098501 -11.822923710659357 -12.111873537821818 -12.43210664080047 -12.519228882052015 -12.52494733031949 -12.80918784714403 -13.020097674420935 -13.144221639756147 -13.160704225938872 -13.068872674349407 -13.019088536491381 -12.514183192404241 -12.499718882080625 -12.36382164090061 -12.434124916659577 -11.062033711775207
-10.542664057364451 -11.15083784957601 -11.409849918161683 -11.380584918204601 -11.545410780031848 -11.586449055833736 -11.633205779903097 -11.696781469465035 -11.730083021140336 -11.742865434914695 -11.764057331435339 -11.721337159084197 -11.713264055647759 -11.91374612431927 -11.879435434714413 -11.781885434857472 -11.848152158898221 -12.012305262105766 -12.098081986117904 -12.197650261833957 -12.216487503185641 -12.36382164090061 -12.345320778858776 -12.226242503171335 -12.106827848174044 -11.943011124276351 -11.856898020954361 -12.047288710330324 -12.366849054689272 -12.724083881751593 -12.802123881637147 -12.835425433312448 -13.062145088152377 -13.30332905331592 -13.507511294395794 -13.488001294424407 -13.200733363811203 -13.166422674206348 -12.872763536705968 -12.964258708985582 -12.982086812407712 -13.281800777485422 -11.397067504387326
-10.778802332880222 -11.086589401394368 -11.498654055962486 -11.588467331692843 -11.79264957277272 -11.921482848445855 -11.981021986289573 -11.968239572515216 -11.958484572529521 -12.014323537964874 -11.952766124262045 -11.883471986432632 -11.956466296670413 -12.137101986060681 -12.223215089382672 -12.245752503142725 -12.283763365155947 -12.307309916845554 -12.274008365170253 -12.308319054775108 -12.369540089168085 -12.521919916530827 -12.443879916645272 -12.341284227140557 -12.263244227255004 -12.163675951538952 -12.075880951667704 -12.142147675708454 -12.454644054560521 -12.831725260904081 -13.00361508823821 -13.147921812164515 -13.359840777370977 -13.51322974266327 -13.599006466675409 -13.580505604633576 -13.41567974280633 -13.307029225724285 -13.109910950151292 -13.408615777299445 -13.69588370791265 -13.018079398561827 -9.560100093288147
