static/data/ASCData/20210112/ASCV/06.asc
ncols 97
nrows 97
xllcorner 99.0
yllcorner 2.0
cellsize 0.25
NODATA_value -32767
[rows 0 to 18 of 97, columns 0 to 42 of 97]
0.9413926581218206 1.5000792466058668 1.623955751930474 1.3233156372888049 0.8778571439295426 0.6709230390463166 0.9882456630010417 0.9981841791875432 1.0283546747537082 1.146552027971743 1.1288046776387048 0.8934748122226166 0.92293541377546 0.7550454796249175 0.7440421224184339 0.7529157975849534 0.8104172126639977 1.2061831250907522 2.648332813153446 3.607399625150836 3.6993308998759753 3.369230183681462 3.1211222260255864 3.1388695763586254 2.8478130308967957 2.485412137096154 2.545753128228484 2.7725642654847134 2.841778931783563 2.644428396080177 2.498900123349263 2.471569203836384 2.11804198520226 1.734344271001972 1.3623598080214894 0.9637543195414482 0.5722477711946237 0.45901967606983884 0.49415942972925464 0.43949759070349703 0.21978539358048188 -0.1571683274932516 -0.6512545607650386
0.8778571439295426 1.0411327669934956 1.1873709337377312 1.0539108592332829 0.806512795590729 0.8895703951493488 1.207957860124056 1.1181562674388816 1.2686537982630464 1.3623598080214894 1.177787364557891 0.806512795590729 0.5136815150955965 0.5438520106617624 0.7695983068980095 0.8292294040170178 0.8956044942625816 1.495109988512616 2.7001550761259177 3.33586516505535 3.6017204730442645 3.3592916674949604 3.257776823589981 3.4902671129527834 3.4373800089603295 2.665015322466501 2.1904511745610575 1.9171419794322668 1.8983297880792458 1.8369239559269337 1.6779076969429108 1.7293750129087213 1.5731983299779841 1.2541009709899553 0.8917000771893129 0.4884802776226822 0.15731472040818772 0.013561182710576603 -0.08014482704786552 -0.2703964226180364 -0.4833646266144962 -0.6690019110980767 -1.0370819570052916
0.6631142048997791 0.6414624374934723 0.807577636610711 0.790895127297655 0.8576251645498791 0.985406086947755 1.226770051477076 1.3818818933878312 1.5196013319722086 1.6094029246573829 1.4542910827466278 1.1951797678842677 0.8934748122226166 0.8672087337297203 0.9960544971475782 0.9346486649952652 0.8849560840627584 1.5430278344118191 2.6259711517338173 2.8290008395437747 3.24322399631689 3.3475784162751543 3.3241519138355438 3.5566422031983462 3.5995907910042986 3.1857225812378465 2.436429450176967 1.8837769608061548 1.3740730592412946 1.318346379195554 1.1962446089042507 1.0059930133340798 0.8270997219770537 0.6173260410405401 0.315621085378889 0.03130853304361558 -0.2341918279386377 -0.22176868270551076 -0.1749156778262897 -0.340675929936868 -0.5955278807192981 -0.8670623408147842 -1.4151005190990071
0.35643999114487723 0.3202353964654794 0.5147463561155794 0.7451069634384169 0.837748132176876 0.855495482509915 1.0340338268602807 1.2430976137834717 1.3524212918349878 1.4425778315268225 1.3964347206609222 1.1728181064646401 1.0098974304073485 0.9804368288545042 1.0996990230925219 0.9403278171018377 0.9090924805156906 1.3818818933878312 2.2869967603727845 2.498900123349263 3.045873460613504 3.1885621572911313 3.228671169043799 3.357516932461656 3.036289891433664 2.7541070211383536 2.20109958476088 1.5703587539246984 1.063494428413124 0.7255848780720742 0.5197156142088302 0.2733823915862583 0.025274433930382756 -0.1465199172934284 -0.16000790354653738 -0.36019801530320983 -0.6356368924719646 -0.6384764685252504 -0.44928971397506245 -0.06736673480807731 -0.21679942461225998 -0.7403462594368904 -1.4786360332912842
0.1143661326022345 0.09874846430916051 0.25279546519993357 0.4923846946959509 0.6826362902661218 0.6854758663194076 0.7500762215316668 0.9541707503616079 1.0138018474806163 0.9023484873891361 0.8487514893833605 0.9023484873891361 0.8711131508029881 0.8828264020227934 1.032259091826976 0.8849560840627584 0.8956044942625816 1.3282848953820556 1.9473124749984327 2.268539516026425 2.746298186991816 2.7352948297853326 2.758721332224943 2.663950481446519 2.259665840859907 1.864254875439813 1.4745230621262913 0.8682735747497023 0.5811214463611423 0.2733823915862583 -0.017674153875570475 -0.3066010172974343 -0.5273780554404306 -0.535186889586968 -0.5469001408067733 -0.6416709915851975 -0.9160450277339702 -0.9880992700861055 -0.664032653004826 -0.28494924989112747 -0.3516792871433516 -0.918884603787256 -1.5996729625626056
-0.03506655720194818 -0.024418147002124968 0.10442761641573295 0.30390783415908373 0.4952242707492367 0.5040979459157562 0.5665686190880512 0.7128067858322868 0.6212304581138088 0.5097770980223286 0.4210403463571364 0.5136815150955965 0.7791818760778497 0.9658840015814132 1.1192211084588646 1.096859447039236 1.1085726982590414 1.2296096275303627 1.6640647636831405 1.911107880319034 1.975708235531294 1.963994984311488 1.9199815554855526 1.8234359696738247 1.623955751930474 1.3935951446076364 1.0049281723140977 0.5800566053411602 0.29290447695260013 0.14453662816839952 -0.09860207139422528 -0.46952169335472593 -0.7744211720763241 -0.7832948472428436 -0.8464754144284594 -0.9433759472468486 -1.1708969785164003 -1.350500163886748 -1.0548293073383297 -0.9171098687539523 -0.9834849589995152 -1.352629845926713 -1.813351060572387
-0.17775525387957636 -0.12202857383383581 -0.014479630815623423 0.17293238870126082 0.390514903784311 0.4189106643171723 0.5498861097749952 0.4757021853828949 0.37809175855118404 0.2432118960200924 0.1427618931350958 0.3195255024521577 0.7589498966981862 1.1085726982590414 1.3360937295285922 1.3126672270889816 1.1515212860649937 1.209022701144038 1.3602301259815244 1.317281538175572 1.271493374316333 1.4198612231005336 1.3914654625676723 1.1884357747577132 1.0996990230925219 1.142647610898475 0.9403278171018377 0.5001935288424875 0.23327337983359175 0.11046171552896666 0.09484404723589268 -0.4003070270558764 -0.7588035037832501 -1.143566059003521 -1.2177499833956213 -1.3533397399400338 -1.560628791829922 -1.7849553000395257 -1.7459111293068412 -1.6230994650022161 -1.6884097142277978 -1.974497001596375 -2.121090115347272
-0.26755684656474976 -0.11315489866731632 -0.03719623924191229 0.12394970178207565 0.3369179057785354 0.4004534199708125 0.48528575456273515 0.21765571154051777 0.15234546231493695 0.036277791136866355 0.05189545942993945 0.21978539358048188 0.6357832853869008 1.0929550299659674 1.3126672270889816 1.2107974361773417 1.0421976080134776 0.9832764049077909 1.0294195157736903 0.9442322341751064 1.2178963763105575 1.415956806027265 1.3446124576884504 0.9910852390543274 0.7372981292918794 0.6563702117732246 0.5342684414819212 0.19351931508758557 -0.042875391348484726 -0.03329182216864446 0.11330129158225244 -0.3282527847037411 -0.9061065115474687 -1.3487254288534443 -1.604287273649196 -1.750880387400092 -1.9695277435031242 -2.1952740397393717 -2.2002432978326225 -2.240352309585289 -2.3319286373037666 -2.559449668573318 -2.6368281160253653
-0.0457149674017705 0.08313079601608742 0.1779016467945116 0.38483575167773854 0.5243299252954197 0.4384327496835141 0.06360871064974472 -0.042875391348484726 -0.12593299090710453 -0.2686216875847318 -0.2100554314857055 0.16618839557470633 0.4668285102163754 0.7461718044583989 0.8973792292958853 0.7245200370520921 0.45405041797658807 0.38661048671104226 0.762854313771455 0.9676587366147169 1.3261552133420906 1.5039836636791346 1.3925303035876544 1.1114122743123271 0.968723577634699 0.6375580204202045 0.18748521597435275 -0.1834344059861479 -0.4326072046620064 -0.42763794656875564 -0.21076532549902716 -0.4610029651948677 -1.0555392013516514 -1.5105812638907539 -1.8126411665590654 -1.9169955865173307 -2.054715025101708 -2.2655535470582038 -2.308502134864156 -2.3809113242229527 -2.554480410480067 -2.8370182277820373 -3.161084844863317
-0.01838404788889214 0.26166914036645306 0.5186507731888472 0.6670186219730478 0.6446569605534194 0.4054226780640633 -0.11031532261403054 -0.20011691529920395 -0.32718794368375903 -0.5117603871473575 -0.4237335294954869 0.04089210222345585 0.18464563992106608 0.2911297419192964 0.4952242707492367 0.4139414062239215 0.21978539358048188 0.24818115411334318 0.647496536606706 0.8537207474766113 1.1075078572390584 1.2910154596826748 1.324380478308787 1.1990841849575364 0.9754675707612535 0.6347184443669178 0.05367019446324406 -0.5234736383671628 -0.8975877833876105 -1.017559871638949 -1.1708969785164003 -1.4324929224253848 -1.6003828565759273 -1.796668551259331 -2.0273841055888298 -2.2332533694520738 -2.387655317349507 -2.4100169787691352 -2.312406551937425 -2.315246127990711 -2.524309914913902 -2.9296593965204973 -3.4120323785724787
-0.010575213742354705 0.32342991952542643 0.6886703893793547 0.7490113805116847 0.6073875248540395 0.40826225411734907 0.12323980776875398 -0.3651672733964606 -0.6171796481256049 -0.8084960847157578 -0.9288231199737575 -0.8045916676424891 -0.5284428964604135 -0.15326391041998289 -0.102506488467494 -0.09753723037424322 0.009656765637308773 0.537108017535207 0.9062529044624039 1.1309343596786698 1.2597801230965278 1.24238771977015 0.9999589142208469 0.7529157975849534 0.37596207651121905 0.12998380089530848 -0.43367204568198847 -0.9199494448072381 -1.2841250736411842 -1.6688876288614551 -2.152325451933419 -2.4238599120289055 -2.4842009031612355 -2.4863305852012 -2.4249247530488875 -2.503722988527578 -2.6815514388646218 -2.4288291701221563 -2.253840295838398 -2.542767159260262 -3.005973002952562 -3.3428177122736296 -3.4063532264659067
0.6201656170938268 0.4551152589965701 0.329109071631998 0.4189106643171723 0.39157974480429303 0.17577196475454748 0.25279546519993357 -0.2558435953449445 -0.602626820852513 -0.8670623408147842 -0.996972945252625 -1.030337963878737 -0.8358270042286371 -0.501821870960856 -0.34458034701013585 -0.2703964226180364 0.09590888825587474 0.6581449468065284 0.9190309967021921 1.084081354799448 1.1873709337377312 0.9754675707612535 0.6613394698664754 0.2733823915862583 -0.06630189378809526 -0.3339319368103135 -0.7059163997907962 -1.1318528077837158 -1.5691475199897802 -2.116120857254021 -2.350385881650127 -2.520405497840634 -2.9023284770076185 -3.1298495082771693 -3.0389830745720134 -2.731244019797129 -2.9033933180276006 -2.6758722867580493 -2.503013094514256 -2.825304976562232 -3.3055482765742488 -3.4911855610578297 -3.27821735706137
1.0695285275263569 0.3965490028975438 0.05367019446324406 -0.07907998602788258 -0.08866355520772373 -0.09256797228099245 -0.011640054762337648 -0.3680068494497464 -0.7052065057774746 -0.9600584565599046 -0.9561540394866368 -0.8652876057814805 -0.8301478521220647 -0.8926185252943597 -0.6317324753986959 -0.32434836763047237 0.05579987650320817 0.30568256919238745 0.6446569605534194 0.8700483097830061 1.063494428413124 0.8810516669894897 0.4991286878225054 0.03521295011688341 -0.3672969554364256 -0.6327973164186789 -0.9550891984666539 -1.1843849647695093 -1.605352114669178 -2.0018279211092542 -2.146291352820186 -2.3702629140231295 -2.934628654613748 -3.159310109830013 -3.0467919087185504 -2.825304976562232 -3.0897404965245028 -2.8973592189143678 -2.764609038423241 -3.062409577011624 -3.5096428054041895 -3.584891570816272 -3.4276500468655526
0.8448470723100918 0.5048078399290779 0.04479651929672457 -0.4854943086544603 -0.33783635388358135 -0.24590507915844295 -0.10747574656074388 -0.1855640880261129 -0.48229978559451325 -0.8954581013476455 -0.9384066891535978 -0.7052065057774746 -0.6093708139790674 -0.665097494024808 -0.6228588002321773 -0.6718414871513625 -0.6072411319391033 -0.4024367090958414 -0.01838404788889214 0.3663785073313788 0.838812973196859 1.050006442160015 0.6886703893793547 -0.009865319729033928 -0.5447704587668083 -0.9093010346074157 -1.144630900023503 -1.3018724239742232 -1.4513051137784059 -1.7224846268672307 -1.8751118397313604 -2.1775266894063336 -2.7351484368703973 -2.8728678754547747 -2.93569349563373 -3.0010037448593114 -3.24591717945524 -3.176702513156391 -3.0947097546177535 -3.409192802519193 -3.7499419289135285 -3.8056686089592686 -3.6533963431017997
0.32342991952542643 0.377026917531202 0.2059424603207125 -0.1923080811526674 -0.3523891811566733 -0.28104483281785875 -0.05458864256828999 0.17293238870126082 -0.1788200948995584 -0.6317324753986959 -0.7627079208565188 -0.6004971388125488 -0.489398725727729 -0.3829146237294987 -0.32044395055720365 -0.5948179867059764 -0.7236637501238343 -0.9014922004608783 -0.5547089749533098 -0.2380962450119064 0.3631839842714317 0.7791818760778497 0.7422673873851302 0.05367019446324406 -0.6523194017850207 -1.1016823122175508 -1.2188148244156034 -1.3416264887202285 -1.5176802040239687 -1.6270038820754849 -1.813351060572387 -2.0909196197811064 -2.5097570876408106 -2.6201456067123092 -2.819270877448999 -3.1042933237975943 -3.4170016366657294 -3.4578205424317177 -3.6026389211493104 -3.811347761065841 -4.077203069054755 -3.9852717943296163 -3.8152521781391093
0.06254386962976266 0.2432118960200924 0.4032929960240983 -0.0077356376890689305 -0.2970174481175931 -0.23632150997860268 -0.06914146984138192 0.29006490089931436 -0.11031532261403054 -0.5067911290541067 -0.6345720514519826 -0.727568167197103 -0.6874591554444365 -0.44716003193509746 -0.19514765720595317 -0.47768547450792376 -0.5245384793871448 -0.7186944920305836 -0.8124005017890266 -0.6150499660856399 -0.2998570241708798 0.12323980776875398 0.20984687739398122 0.003977613530736335 -0.7002372476842238 -1.1073614643241232 -1.1609584623298987 -1.3270736614471375 -1.7302934610137681 -1.8243544177788706 -2.121090115347272 -2.3819761652429348 -2.6240500237855775 -2.682616279884604 -2.93072423754048 -3.224620359055594 -3.54691224110357 -3.8681392821315637 -4.113407663734153 -4.212792825599168 -4.362225515403351 -4.183687171052985 -3.8865965264779234
0.12998380089530848 0.2911297419192964 0.37986649358448776 0.2911297419192964 -0.06239747671482654 -0.4042114441291451 -0.30944059335072005 -0.07411072793463269 -0.2970174481175931 -0.5799102124262241 -0.6611930769515402 -0.7744211720763241 -0.8681271818347662 -0.7605782388165547 -0.6054663969057996 -0.7080460818307612 -0.6473501436917699 -0.4159246953489504 -0.4549688660816349 -0.6416709915851975 -0.6846195793911507 -0.5089208110940708 -0.41876427140223615 -0.4854943086544603 -0.7655474969098046 -1.0878393789577805 -1.1836750707561876 -1.4395918625586006 -1.8790162568046291 -2.2978537246643334 -2.6531556783317605 -3.010587314039152 -3.158245268810031 -3.1571804277900486 -3.2636645297882785 -3.500059236224349 -3.7616551801333338 -4.074363493001469 -4.478648133588082 -4.568449726273256 -4.563480468180005 -4.183687171052985 -3.899374618717711
-0.11528458070728131 -0.05458864256828999 0.06644828670303138 0.22652938670703726 -0.042875391348484726 -0.5067911290541067 -0.77229149003636 -0.7840047412561653 -0.7460254115434628 -0.713015339924012 -0.8993625184209142 -1.0594436184249192 -1.0487952082250969 -0.8574787716349439 -0.7637727618765009 -0.950119940373404 -0.7783255891495928 -0.3829146237294987 -0.037906133255233954 -0.16497716163978815 -0.548674875840077 -0.6122103900323541 -0.5401561476802188 -0.8290830111020826 -1.1329176488036978 -1.2695722463680932 -1.320329668320583 -1.5684376259764585 -1.8378424040319805 -2.4423171563752653 -3.062409577011624 -3.4872811439845615 -3.541942983010319 -3.638488568822048 -3.4248104708122664 -3.5721134785764845 -3.910023028917534 -4.650442484811893 -5.166890379503307 -5.106549388370977 -4.679548139358076 -4.265679929591622 -4.028220382135569
-0.4677469583214222 -0.48442946763447825 -0.3016317592041835 0.09377920621591063 -0.051749066515004216 -0.6210840651988736 -1.203907050135851 -1.734197878087036 -1.320329668320583 -1.011525772525716 -1.127948390710447 -1.2958383248609904 -1.2205895594489071 -0.9696420257397458 -0.8993625184209142 -1.158118886276613 -0.9891641111060876 -0.5742310603196517 -0.07304588691464975 0.33194864768528465 0.20700730134069456 -0.2664920055447677 -0.5742310603196517 -1.1212043975838926 -1.6191950479289483 -1.7313583020337502 -1.511646104910736 -1.767562896713148 -1.9812409947229295 -2.438412739301997 -2.9658639911998956 -3.33394403710711 -3.3563056985267385 -2.8906152257878133 -2.6698381876448165 -3.467759058618219 -4.964925532713331 -6.325082462237388 -6.850404032095322 -6.629981940958986 -5.538874842483791 -4.620981883259049 -4.460900783255044
