static/data/ASCData/20210112/ASCV/09.asc
ncols 97
nrows 97
xllcorner 99.0
yllcorner 2.0
cellsize 0.25
NODATA_value -32767
[rows 0 to 18 of 97, columns 0 to 42 of 97]
1.4584060311999592 2.3108481572089934 2.5901622289362143 2.2074408984138056 1.6293523483226302 1.4378008947610663 1.729706994312056 1.3950643154803988 1.3176042655341877 1.7476410945459078 2.1948488705900377 2.168520085140341 1.9319425926937868 1.6324049611283922 1.7541278967581517 1.5083925658943116 1.1947366001022681 1.6781941532148226 3.8947726267987424 5.127265047125142 5.0238577883299556 4.249257288867852 3.6242348168880856 3.4719857532007072 2.979751938271588 2.7511875544401594 3.0980406844948645 3.502511881258327 3.60019549104271 3.3472102047651866 3.156803481005783 3.062935637228602 2.6515960616521745 2.2043882856080437 1.820522225283475 1.4809190506424539 1.1001056031236471 0.6986870191659458 0.5765825069354671 0.5151486742195068 0.43120182206105273 0.24270298130524992 -0.2182415523648089
1.6987992896537154 1.9349952054995487 2.177296346956906 1.8804297515965533 1.5141162149051155 1.7709172671898425 2.178059500158347 1.8411273617223678 1.7808382588085694 1.986889623197503 2.15173071470865 2.155546480715852 1.5969183372614095 1.3149332293291467 1.5461686493656162 1.5873789222434036 1.6011156798693325 2.4699655997093366 4.0657189439214125 4.725083309966001 4.584281544300229 3.829523028075579 3.3716311072112823 3.5402879647296324 3.5601299479670843 3.0755276650523697 2.79812147632875 2.682122189709794 2.7473717884329565 2.701582596346527 2.3947950093674475 2.3215323020291603 2.0395471940968966 1.7094834344738823 1.4378008947610663 1.114605513951016 0.8345282890223542 0.2991763182118463 -0.0846897421127224 -0.43497706157391036 -0.6059233786965814 -0.6833834286427916 -0.8756980354057964
1.6965098300493944 1.719022849491889 1.8060223144561052 1.6575890167759288 1.6839178022256256 1.9475872333233175 2.1372308038812804 2.2368222966692652 2.256282703305998 2.3764793325328757 2.508123259781361 2.4810313211302235 1.8773771387907914 1.6701810445996967 1.8354037127115648 1.81289069326907 1.8422720915245288 2.6477802956449716 3.646747836330581 3.506327647265529 3.6353005383089734 3.586458733416782 3.3784994860242463 3.6936817582191708 3.8031942426258816 3.6311031957010513 3.0930801886855015 2.714174624170295 2.2757431099427308 2.1528754445108103 1.7796935290064084 1.4954189614698237 1.204657591720995 1.0493559152278538 0.8608570744720518 0.6616740888960821 0.4357807412696957 0.11754585626900838 -0.18924173071007022 -0.5357132841640553 -0.7856459576358179 -0.910803082672059 -1.348089867097463
1.3588145384119752 1.3420251679802844 1.388195936667434 1.4477218863797923 1.5091557190957525 1.6117998246894993 1.631260231326232 1.73581221992358 1.9174426818664179 2.0570997177300283 2.1509675615072092 2.0559549879278674 1.6858256852292275 1.6965098300493944 1.8598246151576605 1.8605877683591006 1.9243110606793818 2.3158086530183564 3.066751403235804 2.853831660033906 3.157566634207223 3.1743560046389137 3.2865395252506673 3.495643502445363 3.2777632634341014 3.133145731761127 2.8198713425698037 2.42913690343227 1.99757376801767 1.383998594059511 0.9543433416485119 0.7746207627092758 0.5445300724749664 0.3999125408019921 0.3831231703703013 0.22095311506419613 -0.025926945601804086 -0.3090567833362279 -0.45291116180776125 -0.1781760092891833 -0.29951736831822195 -0.725356854722019 -1.4694312261265017
1.025698165983199 0.9623564502636377 1.0131061381594302 1.0745399708753904 1.1069739819366111 1.1382632631956717 1.1741314636633753 1.28936759708089 1.3939195856782378 1.4984715742755856 1.5961551840599686 1.6781941532148226 1.4114721093113687 1.4164326051207325 1.5824184264340397 1.5992077968657306 1.73657537312502 2.0754153945646 2.4730182125150986 2.528728396220255 2.800029359332351 2.792397827317946 2.887028824296567 2.8996208521203357 2.593977994943417 2.2845193717592958 2.0422182303019385 1.6720889276032986 1.4496297693833942 0.9192382943822492 0.47889889715108325 0.2953605522046443 0.08930918781571062 0.08053292599914474 0.06679616837321589 -0.08278185910912139 -0.33958291139384844 -0.6032523424915395 -0.4918319750812268 -0.23197830999073865 -0.39987201430764685 -0.8959215952439692 -1.6148119110009165
0.7349367962343694 0.5697141281225022 0.6448847184643913 0.849028199849724 0.8810806343102247 0.8784095981051827 1.0619479430516217 1.2134338535375608 1.0588953302458597 1.1645920486453685 1.2454862879980615 1.3675908002285402 1.2679993074405562 1.3042490845089798 1.47405067182949 1.6255365823154282 1.7629041585747176 1.821666955085635 2.068928592352356 2.1898883747806748 2.2085856282159666 2.1994277897986807 2.1429544528920843 2.1448623358956853 2.0532839517228263 1.9357583587009897 1.6720889276032986 1.3706434130343021 1.1470395250122376 0.941751313824744 0.5708588579246632 0.2407950983016489 -0.11178168076386008 -0.12055794258042596 -0.2525834464296315 -0.41284561873213566 -0.6139364873117064 -0.81998785170064 -0.7154358631032922 -0.7379488825457869 -0.9069873166648565 -1.2591825191296455 -1.7262322784112287
0.3735837553522954 0.24346613450669086 0.34038659108963376 0.5502537214857695 0.8765017151015817 0.8898568961267905 1.2279337643649297 1.2756308394549611 1.0619479430516217 0.9455670798319469 1.0031851465407042 1.1226186225661419 1.1703156976561724 1.3355383657680395 1.6037867160743744 1.7484042477473478 1.727035958107014 1.739627985930782 1.830443216902201 1.7033782088623584 1.6087472118837374 1.8022065484489032 1.7564173563624728 1.5415897301569732 1.5415897301569732 1.7033782088623584 1.5854710392398017 1.2660914244369543 1.190920834095066 1.028750778788961 0.8990147345440764 0.38922839598182524 -0.02287433279604212 -0.5231212563402874 -0.6723177072219038 -0.8463166371503372 -1.00467092644924 -1.2194985526547395 -1.29734017920167 -1.3347346860722542 -1.4652338835185792 -1.742640072242199 -1.8139948965768857
0.08434869200634765 0.25415027932685774 0.24346613450669086 0.3499260061076397 0.6918186403529818 1.0012772635371023 1.286696560875848 1.116513396954618 1.030658661792562 0.8898568961267905 0.8959621217383145 0.9203830241844102 1.0795004666847534 1.297380705696015 1.543497613160575 1.554181757980742 1.4973268444734247 1.4877874294554188 1.462221797207162 1.2397626389872576 1.6262997355168682 1.900653311434727 1.99757376801767 1.647668025157203 1.2134338535375608 0.9749484780874056 0.941751313824744 0.7895022501373647 0.7864496373316028 0.9135146453714453 0.9955536145262993 0.5376616936620016 -0.028979558407566053 -0.6166075235167483 -1.0210787202802107 -1.178288279776953 -1.3767081121514817 -1.693035114148567 -1.8063633645624808 -1.9204547681778346 -2.059348650840005 -2.2234265891497116 -2.1284140155703697
0.23087410668292208 0.4544779947049875 0.410596685622159 0.5109513316115839 0.7162395427990775 0.8890937429253496 0.7925548629431267 0.7219631918098814 0.6498452142737543 0.5533063342915314 0.6418321056586294 0.938698701018982 0.9955536145262993 0.9474749628355479 1.110789747943814 1.109645018141653 0.9455670798319469 0.847883470047563 0.8322388294180332 1.037527040605526 1.7445884817401458 2.3871634773530426 2.5531492986663507 2.2982561293852246 1.7671015011826396 1.111552901145254 0.6361084566478254 0.4182282176365639 0.29841316501040627 0.4319649752624928 0.6292400778348615 0.4250965964495288 -0.06713721847959153 -0.5719630612324789 -1.0248944862874132 -1.2240774718633824 -1.434326178860239 -1.7739293535012597 -1.8941259827281378 -2.0169936481600574 -2.1677164054445552 -2.327597001146339 -2.54471408695616
0.17134815697056371 0.3048999672226502 0.5082802954065428 0.6899107573493808 0.753252473068942 0.6548057100831173 0.4689779055323573 0.5071355656043819 0.4418859668812196 0.3098604630320141 0.3812152873667003 0.7025027851731487 0.6372531864499864 0.4506622286977855 0.6147401670074917 0.672358233716249 0.47126736513667833 0.15951928234823587 0.17440076977632568 0.592227147564997 1.2756308394549611 2.0433629601040995 2.5550571816699517 2.602754256759983 2.3020718953924275 1.7453516349415858 1.1245265055697429 0.5052276826007809 0.023678012491827438 -0.2201494353684108 -0.4078851229227727 -0.6013444594879385 -0.6940675734629584 -0.8913426760353262 -1.1714199009639885 -1.4293656830508756 -1.693035114148567 -1.833455303213618 -1.7632452086810928 -1.7777451195084621 -1.970441302872187 -2.3325574969557024 -2.8530279803381204
0.07938819619698378 0.32932086966874596 0.6166480500110927 0.6536609802809572 0.5960429135721999 0.6498452142737543 0.7925548629431267 0.44570173288842163 0.19576905941665945 0.050388374542245096 -0.08278185910912139 -0.13353154700491388 -0.17741285608774238 0.008033371862297578 -0.16939974747261743 -0.2144257863576069 -0.1449788450265217 0.15188775033383095 0.3705311425465334 0.7769102223135969 1.1741314636633753 1.6801020362184236 1.9575082249420435 1.9826922805895801 1.818614342279873 1.472905942027329 0.9810537036989295 0.5834508857484311 0.1656245079597598 -0.3609512010341822 -0.9558291215570485 -1.3599187417197909 -1.4976678945798003 -1.5446018164683908 -1.525141409831658 -1.6228250196160414 -1.8307842670085765 -1.7124955207852999 -1.5915357383569813 -1.8990864785375008 -2.389412410463019 -2.838528069510751 -2.9575799689354683
0.5521616044893713 0.4212808304423259 0.3010842012154482 0.38426790017246226 0.40754407281639704 0.37625479155733643 0.6887660275472198 0.2621633879419827 -0.07286086749039455 -0.2289256971849758 -0.3258461537679196 -0.4555821980128032 -0.5719630612324789 -0.38727998648387896 -0.39414836529684383 -0.43993755738327334 -0.2770043488757272 0.049243644740084136 0.35297861891340165 0.6555688632845582 1.1245265055697429 1.470234905822287 1.638891763340637 1.3675908002285402 1.2622756584297523 1.0073824891486263 0.7952258991481687 0.46630686932731535 0.11182220725820535 -0.43497706157391036 -0.8882900632295643 -1.3679318503349158 -1.8052186347603199 -2.1295587453725306 -2.122690366559566 -1.8952707125302983 -2.021954143969421 -1.9040469743468642 -1.831547420210017 -2.149019152009263 -2.6061479196721202 -2.8824093785935796 -2.6733054013988835
0.8703964894900578 0.2610186581398217 -0.004558655961470315 0.06679616837321589 0.14501937152086697 -0.008374421968673218 0.13204576709637816 -0.0591241098644657 -0.39414836529684383 -0.5700551782288779 -0.6372126599556411 -0.7184884759090542 -0.7886985704415799 -0.6753703200276657 -0.5463974289842222 -0.4010167441098078 -0.23388619299433966 -0.11483429356962205 0.2827685243808764 0.5227802062339117 0.8371993252273962 1.1829077254799403 1.1771840764691373 0.8978700047419155 0.7700418435006329 0.5334643510540786 0.3079525800284122 0.19958482542386236 -0.11368956376746109 -0.35217493921761633 -0.7631329381933227 -1.2477352211080377 -1.8033107517567188 -2.1265061325667687 -2.1402428901926975 -1.9849412136995568 -2.2123608677288242 -2.194808344095693 -2.147111269005662 -2.3833071848514953 -2.798462526435125 -2.862948971956847 -2.746568108737171
0.7788181053171979 0.4182282176365639 -0.05149257785006078 -0.4059772399191708 -0.17550497308414137 -0.24075457180730364 -0.1831365050985463 -0.1449788450265217 -0.38155633747307505 -0.6959754564665595 -0.8959215952439692 -0.7535935231753168 -0.5456342757827821 -0.22243889497273184 -0.4372665211782314 -0.5971471168800155 -0.5963839636785746 -0.46931895563873205 -0.07667663349759746 0.19271644661089748 0.5754377771333061 1.0131061381594302 1.118421279958219 0.759357698680466 0.49759615058637596 0.1820323017907306 -0.15489983664524853 -0.23770195900154167 -0.13925519601571779 -0.2750964658721262 -0.6188969831210693 -1.0756441741832061 -1.5865752425476178 -1.8571130524582737 -1.9994411245269261 -2.154742801020067 -2.4313858365422467 -2.5122800758949393 -2.504648543880534 -2.763357479168862 -2.9125539300504792 -3.094184391993317 -3.038855784888881
0.410596685622159 0.43501758806825475 0.1763086527799267 -0.1598603324546115 -0.28272799788653113 -0.377358994865153 -0.28654376389373404 -0.09422915713072832 -0.2907411065016561 -0.5921866210706526 -0.7974748322581453 -0.7066596012867263 -0.3903325992896409 0.05496729375088805 -0.15871560265245055 -0.43497706157391036 -0.555173690800788 -0.7055148714845654 -0.3972009781026058 -0.17932073909134427 0.2747554157657506 0.8120152695798595 1.0775925836811524 0.8383440550295571 0.4651621395251544 0.043519995729281113 -0.24876768042242947 -0.34149079439744945 -0.31210939614198985 -0.4262007997573445 -0.6742255902255057 -0.905842586862696 -1.3248136944535278 -1.5816147467382549 -1.8502446736453093 -2.227242355156914 -2.616832064492287 -2.752673334348695 -2.935066949492974 -3.121657907245175 -3.2193415170295583 -3.2643675559145473 -3.2418545364720526
0.17897968898496863 0.37625479155733643 0.4594384905143505 0.08434869200634765 -0.20870213734680299 -0.31783304515279376 -0.34835917321041343 -0.09041339112352631 -0.34530656040465146 -0.6646861752074988 -0.8383035285352118 -0.8062510940747112 -0.557081573804389 -0.22434677797633285 -0.08049239950479947 -0.3132541259441508 -0.3071489003326269 -0.4780952174552979 -0.4303981423652674 -0.3109646663398298 -0.005321809162911251 0.29230793939888233 0.6322926906406234 0.9631196034650777 0.5990955263779618 0.23278198968652397 -0.0015060431557083476 -0.14421569182508165 -0.5105292285165195 -0.6127917575095454 -0.8650138905856295 -1.0485522355320684 -1.3473267138960225 -1.5407860504611883 -1.8872576039151734 -2.3081365945096066 -2.7038315294565036 -2.9720798797628376 -3.2399466534684516 -3.3796036893320625 -3.542536897839608 -3.45362954987179 -3.188052235770498
0.36938641274437245 0.47126736513667833 0.498359303787816 0.44074123707905866 0.0942696836250736 -0.2907411065016561 -0.34530656040465146 -0.32851718997296064 -0.65094941758157 -0.8764611886072369 -0.7963301024559848 -0.7543566763767577 -0.7856459576358179 -0.6841465818442316 -0.5143449945237215 -0.7066596012867263 -0.5963839636785746 -0.22243889497273184 -0.019058566788840103 -0.06904510148319254 -0.14612357482868266 -0.27776750207716816 -0.11483429356962205 0.41250456862576 0.6948712531587438 0.49149092497485203 0.22095311506419613 0.011085984668059545 -0.41666138473933856 -0.7673302808012457 -1.0767889039853666 -1.4965231647776394 -1.7582847128717294 -1.885349720911572 -2.1616111798330313 -2.5180037249057428 -2.7484759917407726 -3.003369161021898 -3.230025661849725 -3.3952483299615928 -3.5707735662929068 -3.3444986420657994 -3.084644976975311
0.2659791539491856 0.2972684352082453 0.315965688643538 0.47508313114388123 0.2201899618627552 -0.2476229506202685 -0.5933313508728126 -0.9046978570605351 -0.9596448875642509 -0.7787775788228535 -0.7700013170062876 -0.7761065426178115 -0.725356854722019 -0.7291726207292211 -0.739856765549388 -0.9359871383195952 -0.7585540189846798 -0.3296619197751216 0.08358553880490671 0.16333504835543877 0.10991432425460346 -0.05416361405510273 -0.0015060431557083476 0.22705834067572006 0.4777541673489223 0.4777541673489223 0.2846764073844774 0.033599004110554276 -0.0015060431557083476 -0.5658578356209549 -1.3190900454427243 -1.879626071900768 -2.065072299850809 -2.2974524496894397 -2.303176098700243 -2.2963077198872788 -2.5122800758949393 -3.0922765089897157 -3.2643675559145473 -3.423484998414891 -3.4509585136667487 -3.203696876400028 -3.06785560654362
-0.05340046085366268 -0.033940054216929916 0.03054639130479231 0.30909730983057315 0.15951928234823587 -0.34912232641185437 -0.9359871383195952 -1.6316012814326073 -1.2729192767555744 -0.9359871383195952 -0.9283556063051903 -0.998565700837716 -0.9684211493808164 -0.9069873166648565 -0.7692381638048476 -0.8512771329597002 -0.6978833394701605 -0.3697274628507481 0.08740130481210961 0.5178197104245488 0.3773995213594974 0.17211131017200465 0.17211131017200465 0.04619103193432217 -0.09918965294009219 -0.07476875049399645 0.14883513752806898 0.16142716535183688 0.15875612914679582 -0.4136087719335766 -1.217209093050418 -1.828876384004975 -1.9605203112534606 -1.4644707303171387 -1.0748810209817656 -1.2046170652266497 -2.5054116970819744 -4.075599409045794 -4.793726571601301 -4.791437111996979 -3.8806137660777478 -2.792738877424321 -2.9587246987376288
