static/data/ASCData/20210112/ASCV/15.asc
ncols 97
nrows 97
xllcorner 99.0
yllcorner 2.0
cellsize 0.25
NODATA_value -32767
[rows 38 to 56 of 97, columns 0 to 41 of 97]
-0.3079977163148597 -1.7974250372829217 -2.5971329373103886 -3.2375866853266553 -3.51790454522167 -2.8617927151131752 -1.6343518408589826 -0.7151078507127968 -0.9075876891148233 -1.9719553669450767 -1.5442223927183512 -1.5190166995942764 -1.7611441153619047 -1.8207212082006272 -1.9280363561985827 -2.149922836578696 -2.2278313425985643 -2.040316261933098 -1.561789997016949 -1.2142569554577345 -1.3597625475830757 -1.6545927762464974 -2.0865266993272353 -2.334382681713972 -2.641051948056883 -3.1127039330301027 -3.1176686907666626 -3.0191373449180063 -2.5092949158174007 -2.2102637382999664 -2.461174956216894 -2.164435205347103 -1.619457567649302 -0.8762715249303668 -1.2562664439978595 -1.8764792566266113 -2.8862345993547027 -3.1233972573857707 -2.6597652656793023 -2.7777737380329257 -3.671430130613763 -5.01993471275177
-0.4504480729100102 -1.4544748490189936 -2.6047710261358663 -3.2406419208568464 -3.485824572154666 -2.797250864537893 -1.561789997016949 -0.6635507511408254 -0.9984809461380024 -1.5961613967315964 -0.9965714239316332 -1.268105481677349 -2.269840831138689 -2.402743576701993 -2.4290949831498896 -2.5150234824365088 -2.2171380182428964 -2.0903457437399737 -1.5873775945822977 -1.4495100912824337 -1.6263318475922315 -2.2740417799927015 -2.762115655940697 -3.1791553058117548 -3.501482654246894 -3.7436100700145225 -3.662646328464464 -3.239496207533025 -2.7094128430449045 -2.5092949158174007 -2.220193253773087 -1.976920124681637 -1.3979529917104623 -0.753298294840183 -0.48481947262465797 -0.8724524805176279 -1.7718374397175731 -3.451453172440018 -3.582446395796953 -3.8176995316216518 -4.642995029214468 -5.589354234691098
-0.44586521961472414 -1.531619546156314 -2.671222398917518 -3.3422285022356935 -3.3120580513750584 -2.6185195860217254 -1.3276825745160714 -0.47298043494516806 -0.7483335371036226 -1.0015361816681931 -0.5745670163240155 -1.3677825408498272 -2.395869296759064 -3.0325040003625916 -3.05809159792794 -2.7376737716991704 -2.493636833725172 -2.253418940163913 -1.794369801752731 -1.8287412014673783 -2.0941647881527126 -2.7884670623885937 -3.5423464294631977 -3.961295601540624 -4.220226812724302 -4.381390486941872 -3.9292156284736195 -3.2406419208568464 -2.7143776007814644 -2.6353233814377752 -2.3099407974724446 -1.8627306967407522 -1.2883464170648637 -1.1057960941359575 -0.9358486177690892 -0.77774017908171 -0.43020713752249584 -2.059029579555517 -4.444786624193333 -4.93782525787789 -5.477074328956583 -6.412358305636271
-0.3637557647408438 -1.5629357103407706 -2.636087190320323 -3.2543904807427055 -3.220019081028058 -2.378301692460466 -1.0901380120437292 -0.3637557647408438 -0.5550898898190484 -0.7689563769324113 -0.9075876891148233 -1.7535060265364275 -2.5600882065068244 -3.1967229101103523 -3.228039074294809 -2.9106764835962298 -2.688026194333568 -2.3931959656701465 -2.1323552322800987 -2.270986544462511 -2.621574821551916 -3.38538370409964 -4.135062122320232 -4.524986556860845 -4.7846815769270705 -4.753365412742614 -4.250397263584937 -3.5316531051075293 -2.8449889196971254 -2.470340662807467 -1.6236585165033146 -1.1867598356860163 -1.4262139203647277 -1.2486283551723822 -1.0970122919866587 -0.8693972449874372 0.27478846106905364 -0.7456602060147057 -3.781800514141909 -5.779542646445481 -6.331394564086212 -7.065796804655848
-0.47412614826899 -1.4487462823998856 -2.572691053068862 -3.1684619814560864 -2.7720451714138177 -1.9291820695224042 -1.2249502798134024 -0.5619641697619779 -0.5657832141747168 -0.8831458048732959 -1.4250682070409062 -2.2075904072110495 -2.857973670700437 -3.039378280305521 -3.0706944444899777 -2.9935497473526578 -2.762115655940697 -2.6292129103773934 -2.528772042322368 -2.7055937986321656 -3.2971637781653778 -4.013234605553869 -4.350838131639963 -4.741526375063124 -5.063853723498264 -5.042467074786927 -4.661708346836887 -3.9242508707370596 -2.9702535764349522 -1.6099099566174555 -0.6918116797950913 -0.9770942974266661 -1.2173121909879252 -1.5159614640640853 -1.3208082945731419 -0.9847323862521433 -0.17127592633881727 -0.753298294840183 -2.503184444757019 -4.655597875776506 -7.019968271702985 -7.75513432115517
-0.8373172719204325 -1.3490692232274077 -2.5814748552181603 -2.939701221133043 -2.5199882401730687 -1.9009211408681383 -1.2894921303886853 -1.1157256096090782 -1.077535165481692 -1.1985988733655062 -1.6652861006021653 -2.377537883577918 -2.7602061337343278 -2.9194602857455285 -3.031740191480044 -2.9778916652604295 -2.957268825431641 -2.945811692193425 -2.9244250434820884 -3.2463704874759545 -3.873457580047636 -4.258417256851689 -4.592201738525044 -4.828600587673565 -5.096315601006542 -5.228836442128572 -4.946609060027188 -3.5454016649933884 -2.5387015577954877 -0.9965714239316332 -1.0022999905507408 -1.3196625812493203 -1.608764243293634 -2.0746876616477454 -2.269077022256141 -1.8375250036166775 -1.239844553023083 -1.162699855885763 -1.500303381971857 -2.4741597072202053 -5.5503999816811636 -8.503285121610665
-1.0630227967132853 -1.3521244587575985 -2.431004505356259 -2.7426385294357303 -2.353859808218939 -1.800098368371839 -1.7397574666505684 -1.8948106698077567 -2.0070905755422723 -1.7504507910062368 -1.6400804074780906 -2.0552105351427787 -2.537555844471666 -2.878214606087951 -3.06000112013431 -3.224983838764618 -3.2387323986504772 -3.289525689339901 -3.3422285022356935 -3.7134396191538874 -4.0609726607131025 -4.380244773618051 -4.6166436227665715 -4.832419632086303 -5.064999436822085 -5.285740203878378 -4.520021799124284 -2.320634121828113 -2.082325750473223 -2.1254809523371696 -2.1831485229695224 -1.7397574666505684 -1.7015670225231823 -2.1995704139442984 -2.745693764965921 -3.0550363623977494 -2.206444693887228 -1.6080004344110863 -1.1714836580350618 -2.119752385718061 -5.9449072695170635 -9.199496918052915
-0.7815592234944488 -1.4907557709400105 -2.4516273451850474 -2.674277634447709 -2.500511113668102 -2.420311181000591 -2.6861166721271985 -3.184120063548315 -3.3216056624069052 -2.353095999336391 -1.4399624802505868 -1.616784236560385 -2.0513914907300403 -2.4458987785659394 -2.876305083881582 -3.310148529168689 -3.5572407026728783 -3.7466653055447137 -3.925396584060881 -4.14384592446953 -4.309210547541112 -4.415379982215246 -4.491760870470019 -4.694934033227713 -4.925222411315852 -4.780862532514332 -3.9273061062672503 -1.9983067733929731 -1.173393180241431 -1.5999804411443352 -1.8176659726704365 -1.2356436041690708 -0.8178401454154658 -0.9740390618964754 -1.39871680059301 -2.472250185013836 -2.6116453060787954 -2.3870854946097646 -1.5980709189379656 -2.3355283950377936 -6.618586703924156 -10.253171271527501
-0.2239787392346102 -1.7535060265364275 -2.8801241282943204 -2.977127856377882 -2.906857439183491 -3.1516581860400366 -3.5855016313271437 -3.897899464289163 -3.548456900523579 -2.549394882151156 -2.4371149764166407 -3.1295077284461525 -3.144783906097107 -3.0386144714229735 -3.100101086468065 -3.496517896510334 -3.953657512715147 -4.247342028054747 -4.4974894370891265 -4.664381677925804 -4.6353569403889905 -4.612824578353833 -4.711355924202489 -4.93782525787789 -4.8431129564419715 -3.998340332344189 -3.6038330445082893 -3.0737496800201685 -1.7202803401456017 -1.2173121909879252 -1.4544748490189936 -1.4670776955810312 -1.5404033483056128 -1.6049451988808952 -1.334556854459001 -1.322717816779511 -1.6106737655000032 -2.3909045390225034 -2.468049236159824 -3.255154289625253 -6.99170734304872 -10.824500315673198
0.6666224178160358 -1.0687513633323928 -2.9683440542285826 -3.3040380581083078 -3.5530397538188656 -3.8196090538280214 -3.7825643230244568 -3.510266456396193 -1.9837944046245664 -1.3654911142021837 -2.657473839031659 -4.005214612287118 -4.046460291944696 -3.983827963575782 -4.030802209852467 -4.0120888922300475 -4.17248875756507 -4.243522983642008 -4.344345756138308 -4.386355244678432 -4.188910648539846 -4.320667680779328 -4.767877781511021 -4.94279001561445 -4.277894383356656 -3.3147313824639757 -3.4487798413511013 -3.28647045380971 -2.286644626554739 -1.3547977898465158 -0.9595266931280686 -0.9770942974266661 -1.2952206970077933 -1.7867317129272537 -1.8138469282576977 -1.5728652258138909 -1.5862318812584761 -2.0139648554852014 -3.324660897937096 -3.469020776738616 -4.809887270051146 -8.70951351989855
-0.009348443238699655 -1.3578530253767065 -2.7777737380329257 -3.443815083614541 -3.7054196258871364 -3.8081519205898053 -3.6615006151406426 -2.691845238746307 -1.364727305319636 -1.2260959931372244 -2.250363704633722 -3.2104714699962114 -3.35865039321047 -3.5083569341898238 -4.187764935216024 -4.30997435642366 -4.279803905563025 -4.261090587940606 -4.2385582259054475 -4.17248875756507 -3.8402318936568096 -3.7172586635666263 -4.152629726618829 -4.253452499115128 -3.5942854334764425 -3.2436971563870376 -3.2620285695681828 -3.1440200972145593 -1.6839994182245848 -0.35573577147409274 0.7487318726899166 0.6253767381584594 0.06512292280970344 -0.3442786382358767 -1.1779760335367175 -1.6733060938689168 -2.552068213240073 -2.372573125841358 -3.352158017708814 -2.636087190320323 -3.7974585962341374 -8.339448116304178
-1.019103785966791 -1.929945878404952 -2.450481631861226 -3.128362015122331 -3.8558899757490384 -3.961295601540624 -3.302128535901938 -2.3099407974724446 -1.619457567649302 -1.8978659053379474 -2.605916739459688 -2.7701356492074485 -2.895782210386549 -3.0687849222836086 -3.7417005478081533 -4.339380998401747 -4.430274255424926 -4.2710201034137265 -4.259181065734237 -4.073575507275139 -3.7581224387829293 -3.6947263015314684 -3.7886747940848386 -3.881477573314387 -3.637058730899115 -3.336499935616586 -3.217345749939141 -3.014172587181446 -1.4330882003076573 0.7242899884483891 1.7611605465069249 1.4682398400498724 0.9049307891709257 0.4283140464611459 -0.3958357378078481 -1.0893742031611815 -2.085380986003414 -2.089200030416152 -2.8423155886082085 -2.3324731595076025 -3.5190502585454917 -8.071733102971201
-1.5354385905690524 -2.0941647881527126 -2.3901407301399558 -3.163497223719526 -3.9292156284736195 -5.084476563327052 -4.429128542101105 -2.989730702939919 -2.2522732268400913 -2.7602061337343278 -3.2463704874759545 -3.1978686234341738 -2.9026564903294787 -3.075659202226538 -3.526688347370969 -4.122459275758194 -4.336325762871557 -4.177071610860356 -4.107946906989787 -4.085414544954629 -3.8860604266096734 -3.897899464289163 -3.9937574790489023 -3.8383223714504404 -3.5912301979462518 -3.352158017708814 -3.20741623446602 -2.696809996482867 -1.1584989070317504 0.8071632522048175 1.3773465830266933 1.09320967871894 0.8774336693992075 0.4076912066323577 -0.05517697619156303 -0.6077927027148418 -1.3391397077542875 -1.5022129041782266 -2.075451470530293 -2.0334419819901686 -3.2299485965011785 -8.15766160225782
-1.7134060602026722 -2.1468676010485055 -2.223248489303278 -3.1352362950652606 -5.461416246864355 -6.618586703924156 -5.754336953321406 -4.141936402263161 -2.953449781018902 -3.280741887190602 -3.574808306971476 -3.315877095787797 -2.956505016549093 -3.122633448503223 -3.5736625936476543 -3.7711071897862407 -3.945637519448396 -3.91737659079413 -3.8715480578412667 -4.562031287664409 -5.124576529660808 -5.023753757164508 -3.980772728045591 -3.826483333770951 -3.5110302652787406 -3.2669933273047427 -2.9859116585271805 -2.223248489303278 -0.8365534630378848 -0.08725694925856775 0.3901236023337602 0.4244950020484075 0.20757327940485348 0.30534081637096255 -0.07083505828379133 -0.6616412289344562 -1.4407262891331345 -1.4300329647774666 -1.3013311680681752 -1.3716015852625656 -2.651745272412551 -7.584423035905753
-1.8149926415815196 -2.0678133817048163 -2.1304457100737295 -3.1711353125450037 -5.620670398875554 -7.077635842335338 -6.170230889868642 -4.703717835377012 -3.5354721495202677 -3.3792732330392585 -3.4445788924970886 -3.205506712259651 -3.134090581741439 -3.2795961738667803 -3.36857990868359 -3.413644632753906 -3.2375866853266553 -3.261264760685635 -3.3960770284553083 -5.168495540407302 -6.161447087719344 -5.170405062613671 -4.0189631721729775 -3.6683748950835717 -3.3872932263060096 -2.9885849896160974 -2.6624385967682196 -1.8871725809822795 -1.0725704077451317 -0.7406954482781454 -0.8334982275076941 -0.6333803002801903 -0.18387877290085486 0.012420109913910515 0.11591621349912717 -0.43402618193523423 -1.633206127535161 -1.6324423186526134 -1.2134931465751868 -0.9350848088865411 -2.059029579555517 -7.152871017266289
-1.5022129041782266 -1.7027127358470042 -1.9585887115004916 -2.99278593847011 -5.719965553606759 -7.28348233618195 -6.737740889601601 -5.472109571220022 -4.440967579780595 -3.9349441950927275 -3.970079403689923 -3.413644632753906 -3.4525988857638397 -3.5813006824731315 -3.682123454969431 -2.9175507635391593 -2.096074310359082 -1.9009211408681383 -1.7493050776824153 -2.9221336168344454 -4.504363717032056 -3.9937574790489023 -3.689761543794908 -3.310912338051237 -3.134090581741439 -2.762115655940697 -2.3324731595076025 -1.6977479781104439 -1.322717816779511 -1.5335290683626832 -1.6820898960182156 -1.6713965716625472 -1.148951295999904 -0.44777474182109334 -0.054031262867741514 0.019294389856840066 -1.231824559756332 -1.4945748153527494 -1.3208082945731419 -0.8518296406888393 -1.508323375238608 -6.818704631151659
-0.9312657644738027 -1.7592345931555355 -2.0884362215336045 -2.9966049828828485 -5.973932007053877 -7.835334253822681 -7.486655498939644 -7.265914731883353 -7.166619577152148 -6.769057053786058 -6.594144819682629 -5.625253252170841 -4.361913360436906 -3.6909072571187296 -3.44075984808435 -2.66052907456185 -1.1478055826760825 -0.6402545802231199 0.1460866643597618 0.5287549145161718 -0.3755948024203333 -1.322717816779511 -2.1392295122230283 -2.6811519143906386 -2.810999424423752 -2.5738367663926836 -2.0727781394413762 -1.7328831867076393 -1.6851451315484063 -2.114787627981501 -2.377537883577918 -2.6723681122413394 -2.549394882151156 -1.8375250036166775 -1.1722474669176095 -1.0317066325288282 -1.685908940430954 -1.2417540752294527 -1.0034457038745628 -0.3675748091535822 -0.7746849435515193 -6.394026892455125
-0.3988909733380388 -1.747395555476046 -2.2610570289893905 -3.2368228764441076 -6.350107881708631 -8.394060451406341 -8.108014024892219 -7.912478950960001 -7.995734119157703 -7.686773426167148 -7.537448789629068 -7.519117376447923 -6.563974368821993 -5.071873716765015 -3.427011288198491 -2.225158011509647 -1.5472776282485423 -1.3372301855479178 0.3656817180922327 0.5826034407357867 0.147996186566131 -0.4515937862338322 -1.5854680723759285 -2.5425206022082265 -2.713231887457643 -2.432914027562628 -1.971191558062529 -2.0620848150857083 -2.002507722246986 -2.4390244986230103 -2.6177557771391777 -2.843079397490756 -3.061910642340679 -3.076423011109086 -3.239496207533025 -3.04816208245482 -2.646016705793443 -1.3654911142021837 -1.354033980963968 -1.1558255759428335 -1.8997754275443168 -7.29035661612488
-0.5650194052921691 -1.5591166659280318 -2.3099407974724446 -3.7944033607039462 -6.799227504646693 -8.661393560298045 -8.47998895069296 -8.297438627764054 -8.07555214738394 -8.083572140650691 -7.978930323741652 -8.392150929199971 -7.9594531972366855 -6.83550842656771 -4.887031967188466 -2.642961470263252 -1.7806212418668719 -3.1176686907666626 -1.9429306294082633 -1.0844094454246216 -1.1867598356860163 -1.517870986270455 -2.311086510796266 -3.0531268401913803 -2.9282440878948273 -2.6353233814377752 -2.3656988458984287 -2.545193933297144 -2.569635817538671 -2.853772721846424 -2.9175507635391593 -2.6994833275717838 -2.755241375997768 -3.20741623446602 -3.7367357900715934 -3.233003832031369 -2.3324731595076025 -1.890991625395018 -2.7563870893215894 -2.3931959656701465 -3.349866591061171 -8.71142304210492
