static/data/ASCData/20210112/ASCV/21.asc
ncols 97
nrows 97
xllcorner 99.0
yllcorner 2.0
cellsize 0.25
NODATA_value -32767
[rows 19 to 37 of 97, columns 0 to 42 of 97]
-0.09475858027463602 -0.22567425443879685 -0.2246923868825661 -0.40633788478533983 -0.5608183802990507 -0.6223487471562068 -0.6799516437884376 -0.9941492617824257 -0.8370504527854319 -0.7784656885969694 -0.8566878039100558 -0.9277095571441136 -0.9404738353751192 -0.966984259393362 -0.8606152741349806 -0.781411291265663 -0.4933968081045075 -0.16905322536279765 0.12779806580443864 0.43937737031514335 0.1942377704427507 -0.5811103097944956 0.033211491220832556 0.6854988377437676 0.8952912055918363 0.6386964842300795 -0.2665854026150978 -0.4933968081045075 0.09932390667373348 0.3749014007892937 0.3251534446069124 -0.018827489259422237 -0.26560353505886614 -0.04206502142356072 -0.6495137495452701 -1.5744329875150718 -2.4201482426155554 -2.8632977996612423 -3.005014016943947 -3.13691155866434 -3.137893426220571 -3.109419267089866 -2.8593703294363175
0.01848347787736415 -0.11832340162418475 -0.3575717961591902 -0.6534412197701953 -1.010841010238356 -1.1077186091198357 -0.9941492617824257 -1.1299742737277434 -0.95716558383105 -1.0694257744268185 -1.1191737306091998 -1.0704076419830497 -1.0206596858006685 -1.0412789044815236 -1.0304783613629804 -1.090044993107674 -0.7218446595209693 -0.3546261934904962 -0.16905322536279765 -0.11046846117433518 0.17656415443058915 0.27736922353699356 0.5663655742543803 0.7633936638714438 0.9450391617742175 1.0749729683821476 0.6180772655492239 0.05644902338497104 0.28391500724520213 0.4511597809899177 -0.06759357788557185 -0.5742372369008772 -0.4200840305725775 -0.04893809431717866 -0.9025082898675123 -2.0647121872598566 -2.840060267497104 -3.0635987811324092 -3.1074555319774033 -3.1876413824029526 -3.2373893385853343 -3.1738952366157154 -2.7307456795700285
0.37391953323306293 0.016519742764901757 -0.34186191525949017 -0.5568909100741259 -1.0088772751258936 -1.2726723585666795 -1.2540168749982863 -1.2180150646031418 -0.9552018487185876 -1.1280105386152806 -1.1584484328584481 -0.8282136447793507 -1.0226234209131309 -1.252053139885824 -1.234379523873662 -1.08709939043898 -0.7853387614905878 -0.4416851168096638 -0.14843400668194207 0.19521963799898234 0.33202651750053125 0.11896125779835831 0.11307005246097113 0.2848968748014329 0.513672015403305 0.5408370177923691 0.43937737031514335 0.24202199151266957 0.585675636193594 0.18736469754913276 -0.4776869272048083 -0.6387132064267269 -0.4521583707427963 -0.4757231920923459 -1.4690458698129216 -2.6338680806885493 -2.9631210012114155 -3.057707575795022 -3.118256075095947 -3.1496758368953457 -3.1251291479895658 -2.9893041360442476 -2.5684102436064684
0.5896031064185188 0.1268161982482079 -0.3556080610467278 -0.5578727776303571 -0.9201819058796743 -1.2392888616548179 -1.2736542261229107 -1.142738551958749 -0.8730522631805759 -1.0959361984450613 -1.1875771703599742 -0.979748537624368 -1.1447022870712114 -1.1757947596851999 -1.147647889739905 -0.9034901574237435 -0.6992617057276518 -0.4426669843658946 -0.11145032873056593 0.1755822868743584 0.46261490247928183 0.07117703672843945 -0.13894262030504034 0.06823143405974541 0.11307005246097113 0.05841275849743344 -0.13697888519257795 0.06823143405974541 0.48225225360390667 -0.6904248977215706 -1.2900186853934308 -0.9512743784936628 -0.6681692331136633 -1.1633577706396045 -2.1543894240623076 -2.8603521969925487 -3.069489986469797 -3.0586894433512537 -2.9902860036004792 -2.9199188287372424 -2.4640049934605495 -2.2843232306702377 -1.596688652122979
0.4364317676464502 0.0868869176281386 -0.412229090122727 -0.9231275085483679 -1.2864185043539162 -1.1289924061715122 -1.1633577706396045 -1.0088772751258936 -0.8848346738553508 -1.071389509539281 -1.0929905957763677 -1.053715893527119 -1.1787403623538935 -1.2101601241532922 -0.8887621440802755 -0.6446044117641141 -0.5948564555817328 -0.4456125870345886 -0.31764251553912093 -0.28916835640841576 0.011610404983745326 0.3202441068257569 0.10914258223604634 0.17950975709928318 0.22533024305673965 -0.055811167210797485 -0.3369525774783346 -0.1592345498004848 -0.3127331777579645 -1.5449769608281354 -1.6222172085849906 -1.2834729016852227 -1.4464629160196036 -1.9426333211017761 -2.6096486809681796 -3.0832361322570336 -3.13691155866434 -2.9415199149743287 -2.7549650792903986 -2.1144601434422383 -1.6562552838676727 -0.3781910148400458 0.31140729881967566
0.028302153439676125 -0.2246923868825661 -0.6298763984206461 -1.3018010960682052 -1.7138581804999036 -1.5557775039466786 -1.0910268606639053 -0.8887621440802755 -0.9591293189435124 -0.9591293189435124 -0.8995626871988187 -1.1456841546274426 -1.2003414485909802 -0.803994245058981 -0.4816143974297331 -0.30782383997680896 -0.2940776941895713 -0.4426669843658946 -0.6711148357823569 -0.6593324251075825 -0.7149715866273509 -0.1611982849129472 0.10325137689865915 0.173618551761896 0.26853241553091234 -0.002135740803491437 -0.07053918055426589 -0.047956226760947906 -1.0196778182444373 -1.853610662670146 -1.8722661462385393 -1.9161228970835333 -2.078131043861683 -2.59393880006848 -3.2344437359166403 -3.2403349412540274 -3.1428027640017273 -2.7687112250776353 -2.3340711868526194 -1.5489044310530602 0.0868869176281386 1.3678967893244591 1.453973845087396
-0.36248113394034576 -0.5978020582504264 -0.9404738353751192 -1.4775553886335921 -1.9033586188525278 -1.79993523626284 -1.33813019564876 -1.0216415533568997 -0.9650205242808996 -0.6485318819890389 -0.9836760078492928 -1.2736542261229107 -0.8645427443599054 -0.5742372369008772 -0.2832771510710286 -0.04402875653602312 0.1042332444548899 -0.03617381608617354 -0.9182181707672119 -0.4727775894236519 -0.6789697762322064 -0.8897440116365067 -0.5948564555817328 -0.3536443259342654 -0.190654311599884 0.06135836116612747 0.269514283087144 0.3084616961509816 -1.3780594762688292 -2.080094778974146 -2.1933368371261457 -2.400510891490931 -2.8790076805609415 -3.390887966542813 -3.57449719955805 -3.3692868803057268 -3.2161155415336578 -2.7608562846277858 -2.227702201594238 -0.8183949692170387 0.9119829540477671 1.688312901841245 1.47361119621202
-0.5673641640072589 -0.7316633350832817 -1.2559806101107487 -1.7276043262871408 -1.9668527208221458 -1.886012292025776 -1.684729442998378 -1.4903196668645977 -0.8995626871988187 -0.5870015151318833 -1.4572634591381473 -1.514866355770378 -0.8750159982930383 -0.5500178371805076 -0.20243672227465836 0.23514891861905163 0.4950165318349118 0.18638282999290112 -1.1934683756973614 0.15136288715398827 0.24202199151266957 -0.5490359696242764 -0.7568646023598826 -0.5401991616181951 -0.3935736065543347 -0.08428532634150265 0.26264121019352515 0.10914258223604634 -1.6359633543722278 -2.3975652888222374 -2.669215312712873 -3.1202198102084093 -3.5967528641659574 -3.831091920919807 -3.8428743315945812 -3.5764609346705125 -3.507075627363507 -3.042979562451554 -2.3975652888222374 -0.9306551598128072 0.48225225360390667 1.1767599050447837 1.3348405815980087
-0.6154756742625884 -1.176776627241431 -1.508975150432991 -1.832991443989291 -2.0352561605729202 -2.004163687958932 -1.8205544549436956 -1.5557775039466786 -1.152557227521061 -1.4474447835758348 -1.6876750456670715 -1.7295680613996032 -1.8644112057886897 -1.9337965130956953 -1.756078485417846 -1.3263477849739855 -1.0128047453508184 -1.3702045358189796 -1.6984755887856147 -0.8468691283477439 -0.013918151478265806 0.1228887280232831 0.11503378757343352 -0.1592345498004848 -0.5860196475756521 -0.6406769415391893 -0.4609951787488775 -0.20898250598286694 -1.7364411342932216 -2.77263869530256 -3.337867118506328 -3.8320737884760376 -4.217947738074904 -4.3331535313393665 -4.220893340743598 -4.0605216398924995 -4.033356637503436 -3.961025727527737 -3.3565226020747208 -1.349585317138124 0.22729397816920205 1.2556365987286906 1.5263047550630953
-1.0344058315879052 -1.5714873848463782 -2.0205281472294523 -2.15635315917477 -2.29414190623255 -2.20511924780092 -1.9063042215212214 -1.5371220203782858 -1.1797222299101247 -1.223906269940529 -1.1270286710590494 -1.4327167702323669 -1.6896387807795339 -1.4395898431259853 -1.257944345223211 -1.2608899478919047 -1.1875771703599742 -1.341075798317454 -1.504065812651835 -2.0967865274300763 -1.9570340452598338 -1.6533096811989791 -0.4580495760801844 0.5477100906859871 0.3915931492452245 0.36213712255828856 0.21191138645491314 -0.5529634398492012 -2.2355571420440876 -3.343758323843715 -3.9875361515459797 -4.457196132609909 -4.645714703406302 -4.593021144555227 -4.496143545673747 -4.5206902345795275 -4.591057409442764 -4.744228748214834 -3.855638609825587 -1.4268255648949797 -0.12814207718649673 -0.34971685570934063 -0.7981030397215938
-0.865524611916137 -1.6114166654664475 -2.1311518918981687 -2.271558952439232 -2.31836130595292 -2.162244364512157 -1.7734248122445972 -1.4697004481837426 -0.9591293189435124 -1.0517521584146565 -1.2510712723295927 -1.3263477849739855 -1.09495433088883 -0.5663822964510277 -0.3088057075330397 -0.29309582663334055 -0.48652373521088954 -0.7470459267975706 -0.7238083946334322 -0.8069398477276746 -1.5891610008585397 -1.672947032323603 -1.538103887934517 -0.6534412197701953 0.20012897578013789 0.3562459172209014 0.578802563299976 -0.23451106244487807 -2.396583421266006 -3.908332168676662 -4.547855236968592 -4.890854303278695 -5.035188834044683 -4.937656656792383 -4.827360201309077 -4.638841630512683 -4.616258676719366 -4.619204279388059 -3.7597428785003384 -1.782261620250678 -1.2795454314602979 -1.4697004481837426 -1.494247137089523
-0.8282136447793507 -1.285436636797685 -1.7305499289558344 -1.980598866609383 -2.047038571247695 -1.9063042215212214 -1.5390857554907482 -1.2638355505605983 -0.8105400287671891 -1.1067367415636045 -1.3888600193873728 -1.1699035543478127 -0.6396950739829581 -0.17298069558772244 -0.06759357788557185 -0.10555912339317874 -0.2227286517701037 -0.3215699857640457 -0.08984924249347959 -0.3575717961591902 -0.9241093761045991 -1.2864185043539162 -1.5001383424269101 -1.9485245264391633 -1.3643133304815924 -0.3935736065543347 0.6511334732756753 0.3925750168014561 -1.88110295424462 -3.713922392542882 -5.090827995564451 -5.35756868167393 -5.269527890798532 -5.154322097534069 -4.795940439509677 -4.331189796226904 -3.547004907983576 -2.5265172278739367 -2.0110367608525506 -2.1321337594544 -1.6916025158919963 -1.695529986116921 -1.5927611818980543
-0.9083994952048999 -1.3967149598372224 -1.416025021776436 -1.5871972657460773 -1.6173078708038346 -1.4795191237460545 -1.6222172085849906 -1.3420576658736851 -0.7735563508158134 -0.9083994952048999 -1.1545209626335233 -1.0402970369252924 -0.5549271749616635 -0.4933968081045075 -0.3896461363294099 -0.1399244878612711 -0.07250291566672828 0.38079260612668087 0.4423229729838374 -0.17887190092510963 -0.8321411150042755 -1.142738551958749 -1.2510712723295927 -1.6965118536731523 -1.8722661462385393 -1.1231012008341246 -0.5254711482747272 0.4089394760719758 -0.6943523679464958 -1.9288871753145393 -3.994409224439598 -5.822319324956704 -5.736569558379179 -5.230580477734694 -4.803795379959527 -3.660246966135576 -2.452222582785775 -0.6544230873264265 -0.01980935681565299 -0.4482309005178715 -2.1750086427431627 -2.1962824397948393 -3.2023693957464205
-1.053715893527119 -1.4405717106822165 -1.300819228511974 -1.580324192852459 -1.614362268135141 -1.7812797526944468 -1.9180866321959957 -1.1172099954967374 -0.5608183802990507 -0.781411291265663 -0.8936714818614315 -1.0625527015332001 -0.86814292539942 -0.8069398477276746 -0.5480541020680452 -0.29505956174580295 0.30453422592605683 0.7732123394337558 0.7342649263699172 0.2848968748014329 -0.4289208385786578 -0.944401305600044 -1.053715893527119 -1.39475122472476 -1.5734511199588406 -2.336034921965082 -2.320325041065382 -0.8105400287671891 -0.15039774179440446 -0.9162544356547495 -4.080158991017124 -5.912323850944565 -5.80300926301749 -5.293092712148081 -4.512835294129678 -3.16113095838471 -1.772442944688366 0.26460494530598755 0.9519122346678364 -0.04010128631109833 -1.7714610771321349 -3.7725071567313444 -4.784158028834903
-1.2441981994359743 -1.3420576658736851 -1.3243840498615231 -1.8077901767126896 -2.1789361129680875 -2.3458535975273938 -1.5783604577399966 -0.5284167509434208 -0.38506408773366374 -1.0029860697885065 -0.9758210673994427 -1.2697267558979854 -1.0442245071502172 -1.2324157887611995 -0.9738573322869803 -0.3595355312716526 0.30944356370721326 0.5827300335249008 0.7781216772149113 0.7578297477194669 0.38864754657653133 -0.2433478704509593 -0.7405001430893625 -1.082190052657824 -1.6104347979102163 -2.6057212107432544 -2.909445574804109 -2.226720334038007 -1.2844547692414539 -1.0049498049009689 -4.2765325022633665 -6.2062295394431075 -6.096914951516033 -5.12224775736385 -4.3302079286706725 -2.828277856822329 -1.4130794191077425 0.32613531216314406 0.6815713675188428 -0.3235337208765081 -2.2493032878313244 -4.251985813357586 -5.581107195309237
-1.3594039927004364 -1.5246850313326905 -1.842810119551603 -2.3311255841839253 -2.495097466074538 -2.009073025740088 -1.081208185101593 -0.47375945697988353 -0.5077975322625656 -1.3067104338493611 -1.257944345223211 -1.2844547692414539 -1.3420576658736851 -1.6497095001594646 -1.514866355770378 -0.791229966827975 -0.41713842790388345 0.002773596977664994 0.621022868217918 0.8026683661206917 0.7588116152756976 0.611204192655606 -0.05286556454210434 -0.5712916342321837 -1.0265508911380556 -1.575414855071303 -1.7619696907552331 -2.510807346974237 -2.7968580950229303 -1.967834588378377 -3.264881630159808 -5.401425432518924 -6.324380935376263 -5.38113350302348 -4.13383441742443 -2.7278000769013353 -1.3086741689618235 0.05939462605366419 0.062340228722358226 -1.2775816963478355 -3.1447664991141897 -4.758956761558302 -5.979745423139108
-1.2219425348280666 -1.9913994097279262 -2.0647121872598566 -2.42407571284048 -2.5314265656550927 -2.1406432782750704 -1.300819228511974 -0.5840559124631897 -0.9064357600924375 -1.399660562505916 -1.5842516630773837 -1.4592271942506096 -1.5606868417278346 -1.7861890904756033 -1.7492054125242276 -1.4932652695332918 -1.280527299016529 -0.7853387614905878 0.016519742764901757 0.49894400205983747 0.5300364746738255 0.578802563299976 0.3395541687649706 -0.16512575513787286 -0.5588546451865883 -0.6848609815695941 -1.0959361984450613 -2.395601553709775 -3.4298353796066516 -2.725836341788873 -2.7101264608891733 -3.8965497580018873 -5.3310582576556875 -5.490448090950554 -4.043175313065748 -2.717981401339023 -1.5286125015576153 -0.4590314436364151 -0.8301773798918131 -2.047038571247695 -3.7335597436675063 -5.3127300632727055 -6.260886833406645
-1.1397929492900554 -1.591779314341823 -1.9933631448403886 -2.4924791525912546 -2.759874417071555 -2.2404664798252436 -1.1123006577155814 -0.4747413245361143 -1.1358654790651306 -1.3027829636244364 -0.8242861745544259 -1.181685965022587 -1.8408463844391405 -1.6916025158919963 -1.486392196639673 -1.4785372561898233 -1.2003414485909802 -1.3263477849739855 -0.5968201906941952 -0.4141928252351894 -0.3673904717215022 -0.23647479755734047 -0.21094624109532933 -0.5205618104935712 -1.120155598165431 -1.7092761319041583 -2.0548935116975446 -2.1203513487796255 -2.9893041360442476 -2.8017674328040867 -2.0166006770045275 -2.2110104531383072 -3.4609278522206397 -4.509889691460985 -4.23071201630591 -3.051816370457635 -1.7639334258676955 -1.0507702908584253 -1.66214648920506 -3.0459251651202477 -4.542291320816615 -5.677002926634485 -6.365292083552564
-0.21683744643271652 -1.8195725873874644 -1.8693205435698457 -2.3926559510410814 -2.664305974931717 -2.25388533642707 -1.2687448883417543 -0.6534412197701953 -1.526648766445153 -1.9786351314969206 -0.5618002478552819 -0.7454094808705185 -1.4503903862445284 -1.7158219156123664 -1.6438182948220774 -1.4405717106822165 -1.1885590379162054 -0.9856397429617552 -1.0556796286395813 -1.280527299016529 -1.384932549162448 -1.5256668988889217 -1.5832697955211525 -1.7501872800804588 -2.128206289229475 -2.5255353603177055 -2.903554369466722 -2.6796885666460057 -2.329161849071463 -2.3926559510410814 -2.291196303563856 -1.936742115764389 -1.513884488214147 -1.8398645168829093 -2.5615371707128496 -2.2335934069316252 -1.7053486616792335 -1.7649152934239267 -2.379891672810076 -3.754178962348362 -5.101628538682995 -6.085132540841259 -6.76687591405113
