static/data/seaWater_uo/2023/7/1/0.asc
ncols 137
nrows 93
xllcorner 108.0
yllcorner 17.0
cellsize 0.25
NODATA_value -32767
[rows 26 to 51 of 93, columns 58 to 115 of 137]
0.20555806 0.13061498 0.2817786 0.3494552 0.3298791 0.30788153 0.18822394 0.054689363 0.0824942 0.0603019 0.13618952 0.15252349 0.044035986 0.03199088 -0.02595843 -0.010281641 -32767.0 -32767.0 -0.1581136 -0.009280223 0.1243411 0.21899734 0.23975393 0.28841773 0.30221966 0.23211256 0.22127117 0.17744417 0.16688117 0.06625503 0.023487596 -32767.0 -32767.0 -32767.0 -32767.0 -32767.0 -32767.0 0.011413962 0.04721126 0.1029494 -32767.0 -32767.0 -32767.0 -32767.0 -32767.0 0.07494025 -32767.0 0.12439851 0.34638608 0.54021037 0.5166259 0.5332401 0.4138714 -32767.0 0.15100129 -0.047955062 0.0054997327 0.0020892648
0.32659373 0.25709105 0.23132588 0.25853917 0.29026115 0.27336842 0.17711443 0.18192387 0.088436686 0.029657511 -0.0041693486 0.105950326 -0.019946616 -0.05811046 -0.055044923 -32767.0 -32767.0 -0.16593091 0.04863123 0.09931431 0.07528496 0.16402386 0.21899255 0.17391895 0.104262464 0.08024812 0.13650002 -0.008748973 -32767.0 -32767.0 -32767.0 -32767.0 -32767.0 -32767.0 -32767.0 -32767.0 -32767.0 -0.017924476 0.12732837 -0.01405788 -32767.0 -32767.0 -32767.0 0.11258049 0.30718067 0.40340248 0.30168784 0.4245813 0.41786933 0.4717392 0.39535 0.37369883 0.40490907 0.23810549 0.019857336 0.005683055 0.04947118 -0.1080597
0.08875593 0.17480345 -0.0026278947 0.065650195 0.050769843 0.11117063 0.15372978 0.15649799 0.19608605 0.11472338 0.14697456 0.08706714 -0.056253288 0.0077384165 0.020715484 0.055953097 0.1716821 0.17400251 0.35031387 0.2048723 0.09300027 0.19557592 0.17341347 0.17299365 0.09620627 0.15970393 -32767.0 -0.019248867 0.06973833 -32767.0 -32767.0 0.10153384 -32767.0 -32767.0 -32767.0 -32767.0 -32767.0 -32767.0 0.30544308 0.17061955 -32767.0 -32767.0 0.09642197 0.108364716 0.4763399 0.74555355 0.7955927 0.56696993 0.4464399 0.2650745 0.08475742 0.07941321 -0.018102543 -0.032119565 0.035005327 0.19341418 0.17457867 -0.02918613
0.07867878 -0.0049712607 -0.08143964 -0.046053637 -0.11678038 -0.070340745 -0.06763557 -0.14044955 -0.048626617 -0.07217355 0.046295274 0.0064047505 -0.048552908 -0.00446587 0.05762499 0.03506361 -0.018046476 0.073595345 0.09629572 0.15797074 0.060208015 -0.07386137 0.03929998 0.10232139 0.0931763 -32767.0 -0.05464548 -0.0035549137 -0.06431155 -0.006389242 -0.19834252 -32767.0 -0.005849612 -32767.0 -32767.0 -32767.0 -32767.0 -32767.0 0.25207552 0.5357959 0.44160217 0.7874824 0.5235889 0.71973985 0.5574438 0.49760702 0.5996666 0.6771457 0.3517931 0.119805686 -0.086405165 -0.24229033 -0.094247356 0.043188184 0.24717706 0.28538555 0.1921376 0.06291205
0.05672418 0.057476982 -0.00027259914 -0.026817705 -0.091143705 -0.050619565 -0.12860987 -0.16229993 -0.20520668 -0.24438488 -0.2139918 -0.009063297 0.051157292 0.22728634 0.10698984 0.022822844 0.0451495 0.21643743 0.21634924 0.10139916 -0.015918197 -0.08703648 -0.024287881 0.07973588 0.1318671 0.24834283 0.13351965 -0.06392074 -0.086103305 0.006552712 0.05056999 -0.029006973 0.019294815 -32767.0 -32767.0 -32767.0 -32767.0 0.15512903 0.21449956 0.004759173 -0.030639522 0.07914986 0.1983776 0.32827365 0.38593012 0.4344914 0.51065886 0.54226553 0.45385692 0.15714659 -0.01726016 -0.044399314 0.05092943 0.28830025 0.31151566 0.27278507 0.21500029 0.10492817
0.14632231 0.11886842 -0.034112852 -0.07472871 -0.012964567 0.034548283 -0.04196769 -0.044289615 -0.0752673 -0.096583225 -0.07700994 -0.028667824 -0.11579351 -0.0045077857 0.043354627 0.062499765 0.09270571 0.07828695 0.016754538 -0.026453933 -0.011175386 0.109519705 0.10221174 0.052353963 0.14664683 0.18718606 0.22494233 0.1413537 0.06907305 0.037609693 0.06509388 0.17636363 0.10184018 -32767.0 -32767.0 -32767.0 -32767.0 0.22661683 -0.07346678 -0.18923797 -0.1644928 -0.035149414 0.11263797 0.306711 0.44075447 0.43756762 0.47361827 0.6440077 0.73683345 0.4994058 0.25871018 0.22301778 0.26213115 0.1769895 0.16031453 0.18715572 0.16005135 0.09603351
-0.060195405 -0.16976139 0.06201451 0.057176042 0.094974406 0.012597947 0.10222241 0.055630274 -0.04161206 -0.02718638 -0.091647856 0.005660853 -0.06976968 -0.050240777 0.033174768 0.03395457 0.06553224 0.05915234 -0.033707447 -0.049248397 -0.04545144 -0.041202836 -0.0045504053 0.07930681 0.11638918 0.13176328 0.18061537 0.27543402 0.32460845 0.2261117 0.16673093 -32767.0 -32767.0 -32767.0 -32767.0 -32767.0 0.0984348 -0.010587758 -0.07056112 -0.082328066 0.025237147 0.045670625 0.2562458 0.5775926 0.6609867 0.61117727 0.44160977 0.55581295 0.7839892 0.87202305 0.5270792 0.4399406 0.31385174 0.26618728 0.12777248 0.07665779 0.0044262945 0.04750668
-0.12996688 -0.178441 -0.11805281 -0.06644038 -0.0156094255 0.025996799 0.027366294 0.02685504 0.05330767 0.07795872 0.044875268 0.028857816 0.0019778402 -0.02119284 -0.048333474 -0.0015644936 -0.015334034 -0.010699311 -0.0043643927 0.09041351 0.029961055 0.02918543 0.07021546 0.07326594 0.13241804 0.19949172 0.25863 0.21357696 0.23176527 0.21568508 0.07283859 -32767.0 -32767.0 -32767.0 -32767.0 -32767.0 0.17025118 0.0876744 0.0370616 0.11139687 0.14068384 0.14298275 0.68447477 0.86866176 0.70175683 0.5650852 0.509745 0.50228405 0.6395445 0.8299626 0.7847211 0.47723523 0.34181282 0.31114495 0.1232162 -0.08407312 -0.035987537 0.00690905
0.14565586 0.021724788 0.2584793 0.16426037 -0.09405998 -0.10490157 -0.051546037 -0.0708645 -0.08072906 0.0016492987 -0.028549025 -0.017915802 0.0423146 0.05215218 0.055079915 0.06786058 0.09383814 -0.0015715971 0.010073752 -0.05055072 -0.034640007 -0.010794466 0.032835715 0.049582914 0.1637992 0.30464455 0.26811674 0.17862867 0.13559927 0.09499026 0.15566659 0.04541001 -32767.0 0.06424303 -32767.0 -32767.0 0.17049259 0.1436627 0.21955903 0.20056677 0.29050916 0.8113419 1.0860003 0.7217756 0.4961372 0.54767716 0.6063708 0.5748401 0.48003924 0.6636342 0.69817644 0.4700436 0.3205479 0.20905794 0.057341345 0.014841195 0.052296285 0.16212763
0.17203644 0.37847406 0.31762528 0.2381279 0.061364666 -0.038976952 0.059101515 0.0911777 0.08930893 0.019283373 0.15115128 0.1517515 0.042112637 0.1024202 0.12628612 0.15022406 0.15151732 0.05877176 0.07722434 0.07559523 -0.08438528 -0.064037085 0.014356937 0.055360306 0.092791855 0.20042624 0.19101791 0.069811635 -0.0027299293 0.09604864 0.12391502 0.2738144 0.26507264 0.19254917 -32767.0 0.22819309 0.13520598 0.088097684 0.41770393 0.7880764 1.0434066 1.1915736 0.7378997 0.3827952 0.6501307 0.8410837 0.80448055 0.61878866 0.44639158 0.44545123 0.5706132 0.40368918 0.2718382 0.20071587 0.15987141 0.22539239 0.27816078 0.38211685
0.3481411 0.22641745 0.16110907 0.09184458 0.13599464 0.15479961 0.19936132 0.23872067 0.14584781 0.043597285 -0.029439524 0.062107217 0.09935358 0.09917617 0.13923422 0.12321935 0.10051718 0.1015159 0.22457041 0.22459653 0.08604663 -0.0187813 0.026096212 0.13823031 0.21263504 0.2342823 0.20133878 0.12812246 0.028279193 0.1093946 0.21818586 0.3338732 0.47588632 -32767.0 0.7736283 0.7439786 0.5985652 0.73216313 0.92551154 1.1507852 1.0415556 0.64561516 0.2778456 0.6159297 0.68117994 0.60546696 0.5839051 0.55397534 0.4020953 0.29546613 0.50711966 0.40410993 0.20542537 0.21896964 0.28571397 0.4077233 0.35144788 0.40338954
0.1475595 0.08852409 0.17874424 0.458794 0.3327356 0.2599282 0.27565128 0.36800995 0.2831477 0.15115444 0.11744121 0.1344661 0.1402698 0.03715098 -0.021602115 0.059579484 0.10896012 0.16765231 0.24860936 0.30809224 0.21115306 0.17087479 0.3396753 0.42740026 0.44573548 0.4247763 0.36451817 0.288981 0.2787223 0.20324738 0.11666398 0.33067048 0.30276406 0.44855583 0.34280697 0.010584641 0.2753627 0.5071088 0.6634873 0.63016796 0.40386617 0.22547983 0.27655038 0.2628678 0.297396 0.2857642 0.30036226 0.34719622 0.34939724 0.28163213 0.44808957 0.5721541 0.38040498 0.30383524 0.39871264 0.4900848 0.6058552 0.680172
0.4112644 0.24871662 0.36482343 0.38787323 0.51369756 0.4148031 0.34994158 0.29304776 0.21368268 0.13412158 0.16538063 0.14597271 0.09881033 0.0613748 0.08867306 0.18267445 0.31435814 0.37536603 0.23498254 0.25672013 0.34784964 0.41103977 0.32312983 0.41512185 0.5434233 0.60745645 0.6593375 0.61557513 0.48646948 0.3856816 0.27804494 -32767.0 -0.047930308 -0.030197294 -32767.0 0.25823736 0.25055853 0.34329295 0.49798894 0.47747093 0.4524723 0.3108448 0.08781985 -0.086115204 -0.047196005 0.16817231 0.1633074 0.20617345 0.31754065 0.36591002 0.36572602 0.775785 0.9335242 0.7666647 0.6616688 0.68728614 0.8028064 0.9220325
-32767.0 0.25121304 0.3365216 0.36932462 0.41776946 0.4881192 0.4285699 0.31228614 0.236977 0.20954888 0.21605644 0.1439423 0.08393388 0.059690632 0.12800753 0.18972857 0.2775794 0.36416903 0.25510564 0.35514078 0.43312287 0.2105535 0.14547037 0.234418 0.48250628 0.6458465 0.71277326 0.7771111 0.7264728 0.6245819 0.5498805 0.2774964 -32767.0 0.051906053 0.4009636 0.4719494 0.48470393 0.6219085 0.62568927 0.48950276 0.4037582 0.4239515 0.26173726 -0.0198734 -0.092424594 0.049490053 0.26929554 0.2616282 0.3925274 0.49651498 0.52949417 0.61403245 0.98373765 1.33515 1.4653425 1.5015557 1.519625 1.4830925
0.32381383 0.2481373 0.25081697 0.25130573 0.3092701 0.40215054 0.45017582 0.3888991 0.37868342 0.30823463 0.27550814 0.24258046 0.15149328 0.185198 0.25262725 0.35006523 0.37267742 0.38358617 0.42326984 0.43431297 0.3227598 0.13179044 0.012732424 0.14959879 0.4058901 0.6269385 0.7858838 0.79417074 0.7740986 0.7544166 0.5695008 0.7948328 0.65822995 0.83685595 1.1034068 1.0386813 0.84977156 0.6088897 0.46416774 0.35634884 0.3702654 0.42305136 0.63887966 0.550923 0.33533797 0.18598899 0.27129555 0.41944408 0.34604883 0.48152518 0.6714586 0.7095967 0.7457791 0.9130743 1.076583 1.1739571 1.1662513 1.0428046
0.1029442 0.2501981 0.2967058 0.28575274 0.23685391 0.35094923 0.4574162 0.37875628 0.3821376 0.37351772 0.36682028 0.41483888 0.46917257 0.44504654 0.44789296 0.4792583 0.4991729 0.4838311 0.4570565 0.44665056 0.3157784 0.28421354 0.2495918 0.40025085 0.58556986 0.6018998 0.69085765 0.69525176 0.7242261 0.7788314 0.08572616 0.34645104 0.4337236 0.4531481 0.3228745 0.059581045 0.25796062 0.35141817 0.22572786 0.40006396 0.53367233 0.49919727 0.39538935 0.47159857 0.42402273 0.37981543 0.35146913 0.43444592 0.45591184 0.36439127 0.33081114 0.50873345 0.69488406 0.82117814 0.8880462 0.92029285 0.8653612 0.7450221
0.20581381 0.2505977 0.35085386 0.37483472 0.3554333 0.24866815 0.3126214 0.36117795 0.4046778 0.41472295 0.44093475 0.47971985 0.52394813 0.5245031 0.5233436 0.5667568 0.52900964 0.5259608 0.49055624 0.53598356 0.69604814 0.8252255 0.96060777 0.97635 0.77315986 0.63443905 0.50349015 0.42880633 0.4275678 0.66687995 0.5951603 0.2677807 -0.015689647 0.10916959 0.3804966 0.60729903 0.6879609 0.59190595 0.46575493 0.5050314 0.61069584 0.51605564 0.43953064 0.507218 0.6632108 0.61094314 0.54071283 0.42744738 0.4687551 0.4441566 0.4400439 0.37633905 0.30603632 0.30724853 0.31696314 0.29767057 0.24177718 0.19848263
0.13722815 0.26659876 0.33032542 0.32500166 0.34742126 0.3470789 0.33325213 0.30726838 0.26773098 0.30884838 0.33186522 0.42860198 0.47830725 0.5480738 0.57680887 0.54827154 0.50557303 0.4290457 0.4924744 0.6394439 0.9393179 1.1894974 1.117738 0.9254784 0.69734305 0.5620695 0.35990146 0.4380137 0.43578404 0.26064518 0.7021363 0.64521646 0.86364174 0.82247776 0.6971371 0.660573 0.4851623 0.38790068 0.3654056 0.22966123 0.2117319 0.31737727 0.6670292 0.850928 0.8205585 0.6478725 0.48863408 0.3905353 0.33100444 0.3671856 0.31940663 0.31136516 0.35013258 0.35087633 0.36582762 0.35466683 0.2802598 0.13214146
0.2879034 0.38133684 0.40221244 0.38907778 0.29887965 0.28148818 0.2893735 0.3714243 0.30403325 0.21671896 0.24510676 0.33042988 0.40704656 0.4510595 0.44261158 0.4961946 0.49339893 0.50363034 0.6081403 0.9250986 1.0380356 0.93935996 0.8813921 0.7566437 0.55125564 0.38084996 0.3176306 0.28838143 0.31864935 0.4586561 0.19974864 0.5167471 0.7472381 0.79851127 0.63666415 0.36058578 0.33989578 0.3242246 0.35202017 0.30640414 0.39801413 0.7016816 0.9291314 0.8420054 0.69041556 0.4885483 0.41717806 0.32810748 0.21063243 0.1902155 0.19548045 0.21204115 0.15611313 0.1920894 0.14593223 0.026783561 -0.08574316 -0.17017512
0.35984448 0.45203707 0.5126569 0.44122764 0.40345272 0.33219278 0.2962077 0.3563431 0.38507223 0.28444213 0.36039975 0.3734625 0.34524307 0.34601521 0.34935695 0.37408262 0.44047347 0.568459 0.8042256 0.845591 0.85864353 0.8340323 0.6520205 0.42018843 0.26528582 0.2692844 0.466924 0.4080407 0.27482194 0.2287475 0.2991999 0.3097021 0.23745675 0.16182023 0.21173349 0.36336786 0.2902895 0.4069369 0.6053099 0.7551596 0.8297244 0.8402607 0.68800396 0.5813927 0.46854645 0.38795903 0.25864857 0.2485318 0.11111975 -0.011316487 0.09981755 0.032860838 -0.028069586 -0.1257257 -0.20540617 -0.31188583 -0.3703401 -0.16719255
0.47297162 0.5916545 0.47994134 0.39313468 0.35833666 0.30609137 0.26415533 0.2689306 0.25765884 0.25861862 0.32902607 0.35319704 0.33608052 0.28384778 0.28506613 0.31948194 0.5544417 0.6486854 0.66094303 0.62486845 0.60531366 0.47765055 0.25789252 0.16787222 0.16038193 0.0038162686 -0.2593725 -0.30566764 -0.34326413 -0.09085828 0.16111758 0.07977439 -0.04463292 0.119930364 0.28209433 0.3621787 0.4487185 0.56123084 0.63839364 0.6445075 0.63397026 0.5254912 0.43061516 0.38799784 0.28332198 0.18665889 0.09258465 0.084583715 -0.050502367 -0.11209595 -0.045919172 -0.15970133 -0.3027823 -0.39612392 -0.53850573 -0.4130991 -0.23812024 -0.27658224
0.6193041 0.43428093 0.33758384 0.31189978 0.27886245 0.2707431 0.2778883 0.22792444 0.26063552 0.22936256 0.26977608 0.3175414 0.30986798 0.21766207 0.22851183 0.4018599 0.35542282 0.42256764 0.4267778 0.45882148 0.39365956 0.1958598 0.1328609 0.18453218 0.22916488 0.2117242 0.107169576 -32767.0 -0.018697236 -0.063725255 -0.007751937 0.15210976 0.3340101 0.5038536 0.63294053 0.7456978 0.737588 0.6714801 0.5475442 0.45795324 0.31056458 0.28754976 0.2250288 0.21531297 0.15766428 -0.0062676445 -0.07982822 -0.09051602 -0.21947609 -0.2107846 -0.31512883 -0.3072988 -0.08067263 -0.15262444 -0.12682815 -0.19906704 -0.09167267 0.009987105
0.4110767 0.27017 0.201787 0.23579828 0.23554686 0.28442508 0.3725364 0.37546068 0.34625098 0.4238996 0.33956167 0.23560558 0.22587596 0.2742551 0.34825093 0.1845227 0.08306561 0.24043852 0.31946272 0.34402823 0.22915019 0.13197899 0.25084752 0.33908725 0.27815425 0.25830656 0.2359069 0.042340156 -0.0013134528 0.048814926 0.1869177 0.45928982 0.6683295 0.6540893 0.6317467 0.5615378 0.5549297 0.4438156 0.3115837 0.23914655 0.1561471 0.04840451 0.063462615 0.006208256 -0.14036015 -0.19693992 -0.22945805 -0.22764276 -0.27704903 -0.33607295 -0.30338234 -0.022864947 -0.10072355 -0.20572992 -0.2530151 -0.2188285 -0.051716283 -0.041926906
0.3089797 0.19534808 0.26541796 0.30047026 0.28093997 0.31083685 0.33386016 0.36381945 0.3666415 0.3859259 0.36049795 0.2584585 0.27840918 0.3398404 0.28230032 0.20100841 0.19237311 0.32922617 0.3591685 0.3514864 0.18956739 0.20361479 0.17248179 0.14572749 0.17814048 0.17772731 -32767.0 0.051075466 0.059415385 0.33002666 0.47209167 0.47711772 0.41764787 0.3333639 0.29917666 0.35279277 0.25188613 0.20662373 0.14660534 0.057185505 -0.0023376234 -0.07183032 -0.2580552 -0.39136207 -0.37971622 -0.34169015 -0.30720466 -0.36055905 -0.38041854 -0.39447394 -0.08432816 -0.06854438 -0.06317498 0.0068538287 0.069749214 0.088981315 0.023381598 0.15402028
0.283808 0.24977678 0.21647239 0.2194669 0.22827318 0.23521502 0.26912454 0.26992744 0.27910787 0.30022758 0.31721187 0.2681944 0.28251153 0.33534306 0.44485787 0.7189577 0.86422503 0.7563872 0.530135 0.40578648 0.20976022 0.1501903 0.056527905 0.08475405 0.09751209 0.22662719 0.088827 0.0997579 0.33830816 0.3674752 0.29941884 0.20791018 0.14049126 0.17023644 0.097708665 0.09998415 0.14364514 0.022283385 0.011298941 -0.11739839 -0.12453812 -0.15464303 -0.33586848 -0.3835932 -0.42205164 -0.37588033 -0.4121097 -0.4216424 -0.39993554 -0.24676375 -0.14216118 -0.39739594 -0.38174516 -0.3094254 -0.21440987 -0.13892175 0.07392488 0.098754786
0.2904911 0.2944784 0.24746595 0.18327427 0.1436361 0.2140235 0.17356075 0.18673947 0.23467606 0.28024113 0.34538302 0.31449202 0.3526273 0.51077324 0.8054512 1.0476451 1.0009379 0.7879393 0.5009848 0.36388248 0.22262572 0.24980646 0.34405768 0.23698695 0.11767586 0.10104248 0.11536479 0.2235643 0.36058322 0.22696821 0.14622189 0.10772115 0.060119785 -0.079972595 0.049458656 0.004883859 -0.017579567 -0.06851438 -0.1302941 -0.210901 -0.22375686 -0.18780291 -0.37045908 -0.40201974 -0.4448024 -0.45529404 -0.4433414 -0.3743493 -0.35618854 -0.20472986 -0.3907185 -0.2988474 -0.2089994 -0.14477867 -0.085667215 -0.10538978 -0.21972753 -0.19972734
