static/data/seaWater_uo/2023/7/1/12.asc
ncols 137
nrows 93
xllcorner 108.0
yllcorner 17.0
cellsize 0.25
NODATA_value -32767
[rows 52 to 77 of 93, columns 58 to 115 of 137]
0.2744254 0.16951941 0.098356225 -0.051554926 -0.112188675 -0.042603232 0.09062815 0.16777319 0.2618101 0.32874084 0.38426647 0.39800808 0.41589707 0.5918808 0.78452015 0.74420226 0.53816456 0.31339335 0.17539968 0.22085 0.16988091 0.15447469 0.06594797 0.13104355 0.02872854 0.05737192 -0.0015307682 0.02523687 0.0051952717 0.088312745 0.09884403 -0.030257927 -0.12659608 -0.105126396 -0.023429278 0.01144095 -0.009453993 -0.025542513 -0.05325297 -0.11974216 -0.11600986 -0.1761469 -0.083237015 -0.18056098 -0.18024983 -0.24328257 -0.26782194 -0.261016 -0.23079215 -0.21119288 -0.19457167 -0.1457503 -0.097889684 0.01770029 0.08345273 0.07193886 -0.023551565 -0.13676994
0.08375048 0.038674176 0.08254105 0.05022646 -0.1113636 -0.13022132 -0.08161666 0.026086485 0.12733914 0.19540377 0.2609045 0.35126743 0.5397396 0.7779814 0.7621487 0.54213405 0.3616354 0.30958962 0.23155813 0.052468564 0.02384698 0.101353385 0.23882914 -32767.0 0.25396413 0.04523533 0.0299779 0.036917683 0.013785255 0.0242359 0.007087651 -0.051084213 -0.083950914 -0.024377253 0.026506534 0.06843941 0.05172961 -0.053673923 -0.086783715 -0.1049438 -0.13097125 -0.18997923 -0.16180594 -0.14764564 -0.15665863 -0.20905519 -0.23509192 -0.22010982 -0.16196738 -0.18308122 -0.18731177 -0.1361683 -0.09076176 0.089991294 0.15529047 0.12789196 0.1733923 0.07184008
-0.08875388 -0.050393067 -0.061851196 -0.053934608 -0.025257988 -0.02000296 0.023235537 0.1410425 0.393872 0.55855745 0.6344248 0.6823689 0.6642937 0.6096182 0.45774618 0.3022658 0.32333955 0.2066545 0.049719155 -0.006483307 -0.058072258 0.07172032 0.063609086 0.09790734 0.14135942 0.1724848 0.103241675 0.07755169 0.0022471445 0.017642017 -0.029327119 -0.0006765636 0.01995267 0.0114815505 0.025917932 0.08861672 0.032680675 0.025973517 -0.12065255 -0.080302194 -0.09848403 -0.23592018 -0.29664242 -0.23521622 -0.20272733 -0.20825939 -0.21472667 -0.16840875 -0.13817321 -0.11938985 -0.0798499 -0.18808413 -0.08543726 0.19708154 0.28907502 0.38186505 0.45281214 0.3907831
0.3330614 0.2636452 0.24977475 0.26557636 0.21538094 0.18412617 0.15907729 0.21104445 0.34165516 0.42522866 0.42854422 0.50359446 0.543759 0.48607773 0.27349925 0.22925714 0.13778356 0.095245846 0.1862916 0.22351992 0.15328918 -32767.0 0.15305424 -0.0502372 0.1416242 0.27589568 0.22547561 0.074497834 0.054996155 0.061538674 -0.0022646512 0.03582918 0.015883692 0.0068729906 0.03803933 0.09243141 0.06372874 0.004447626 -0.04959226 -0.12369526 -0.14136022 -0.15997203 -0.2622237 -0.22437695 -0.18506774 -0.2342031 -0.22810027 -0.15357582 -0.06616919 -0.028016923 0.07731789 0.1595737 0.23444292 0.31821153 0.5109281 0.49446836 0.43543544 0.36511385
0.38789806 0.5585091 0.5816499 0.56620413 0.5648537 0.58032084 0.616586 0.5545139 0.50528157 0.40174538 0.50883913 0.526385 0.4738765 0.31957287 0.17251016 0.21671832 0.14888544 0.112811066 0.15224326 0.22083263 0.29328617 0.5951131 0.6021438 0.48496842 0.42052972 0.29578248 0.27824682 0.29523006 0.2023368 0.15255487 0.088429 0.04021556 0.00028152415 0.022704983 0.09469326 0.03944153 0.03656551 -0.035580304 0.0013187012 0.09464925 -0.028312955 -0.1178399 -0.1668648 -0.23400961 -0.22378464 -0.1588677 -0.026986228 0.023704713 0.02657095 0.08590938 0.26620343 0.30534166 0.37406898 0.56012297 0.51155186 0.40467167 0.27698842 0.2433268
0.2441567 0.32244226 0.5057829 0.636697 0.64140034 0.45676586 0.64611983 0.6940475 0.6331533 0.60775787 0.4732226 0.35596642 0.24772118 0.09980217 0.22079274 0.18364319 0.20125815 0.2614847 0.29960352 0.38637698 0.48695827 0.5098351 0.5284609 0.5097076 0.4903825 0.4859397 0.44057634 0.31091243 0.233609 0.28661066 0.17334463 0.018185519 -0.020581085 -0.06357425 0.020407405 0.011504163 0.056995913 0.120869316 0.1649341 0.19961384 0.21295333 0.25421104 0.09623883 0.07480863 0.0097665135 0.06857508 0.12002745 0.16937837 0.12775072 0.16280119 0.24166004 0.432751 0.46843338 0.44658795 0.35000733 0.2569384 0.18750075 0.18794568
-0.07816638 0.08994929 0.24202503 0.53459316 0.6107401 0.620419 0.56615394 0.46959364 0.4884572 0.37468418 0.14889084 0.06264218 0.013990813 0.22894397 0.2051637 0.21355706 0.25455388 0.31983262 0.33033973 0.34428126 0.38963187 0.42921492 0.4473874 0.4392333 0.44568577 0.43870148 0.45652935 0.47206688 0.31813818 0.3036815 0.13656552 0.020877358 -0.0075550084 -0.033077586 0.047967874 0.087844834 0.17477232 0.25579548 0.19439031 0.098937735 0.20270889 0.3078672 0.43154696 0.42676058 0.33150238 0.30462718 0.21905452 0.2037679 0.25891316 0.29642206 0.3712279 0.47648376 0.3228705 0.22267802 0.16998893 0.1652725 0.16823782 0.32810077
0.2935165 0.5268137 0.7227388 0.5153487 0.39242935 0.22367221 0.080128886 0.22026405 0.29014552 0.19456773 0.28805172 0.27316257 0.2058484 0.1572545 0.22632697 0.28796172 0.32172993 0.356532 0.28411663 0.28352144 0.32583976 0.42200997 0.46150458 0.39344636 0.34475505 0.32215565 0.33500037 0.31387305 0.28529885 0.1682628 0.049155198 -0.010749571 -0.10969904 0.010094809 0.080323555 0.080543816 0.17676945 0.17407449 0.11986089 0.23708978 0.39453694 0.39838228 0.37139723 0.41210335 0.4713483 0.5270538 0.55400187 0.42924473 0.2921508 0.29525778 0.34349367 0.3535884 0.12791681 0.16503868 0.018744145 -0.07068753 0.047029953 0.16229053
0.29409057 0.32536978 0.3656628 0.3971476 0.14494175 0.010627063 0.17632428 0.14043914 0.11199471 0.19659199 0.14781906 0.14593433 0.04009318 0.1089469 0.2902033 0.42205808 0.3981895 0.28408474 0.17014968 0.22250769 0.24959978 0.18081349 0.19096619 0.07569037 0.0838319 0.16169374 0.14812483 0.19745469 0.14554304 0.027049104 -0.036245596 -0.14378063 -0.078628674 0.17648621 0.109944634 0.059160095 0.16523114 0.16497596 0.222083 0.30097353 0.31553954 0.28304118 0.17490794 0.07991996 0.17582145 0.32244727 0.3824383 0.43667486 0.4101654 0.3867441 0.34492996 0.17700794 0.0437209 0.08034296 0.22617754 0.35923314 0.24569002 0.19434193
0.34125546 0.4058829 0.35097924 0.32759017 0.053617127 0.08815398 0.02812456 0.005267632 0.041359782 0.0606004 -0.0003552212 0.040041525 0.17669939 0.3298923 0.35586306 0.33983812 0.29137695 0.172038 0.122313805 0.18644437 0.02426125 -0.023480946 -0.07967145 -0.12517294 -0.03589158 0.027967833 0.044182163 0.038301628 -0.016661055 -0.031674504 -0.039903127 -0.07804178 0.11484263 0.25919455 0.18976413 0.09300749 0.12450461 0.11208961 0.06473151 0.2051996 0.2696503 0.2771603 -0.011676877 -0.07240045 -0.036254685 0.09898518 0.084925756 0.21871275 0.2934044 0.32501093 0.19311021 0.14404371 0.08505122 0.09236303 0.09332169 0.18854937 0.40713543 0.40611416
0.3344299 0.41072807 0.18752065 0.014526074 -0.012952606 0.099696025 0.12451421 0.07646843 0.043753292 -0.084976576 -0.089941695 0.01629311 0.13410603 0.1747339 0.15721998 0.15845846 0.14986713 0.067642964 0.08558531 0.076911286 -0.014891345 -0.062444065 -0.10645454 -0.11243442 -0.049434904 -0.0045022666 0.070035465 0.024366664 -0.07351259 -0.029106706 -0.0032932379 0.010971132 0.24444467 0.30996707 0.23314358 0.12974575 0.07119098 0.11064947 0.0036807493 0.16119549 0.21906525 0.28693095 0.22022587 0.16448395 0.22803785 -0.044045288 -0.06075065 0.04933668 0.23705783 0.21668473 0.030555747 0.114283696 0.07312866 0.12233163 0.08403633 0.17468633 0.23536685 0.18350913
0.39157614 0.291929 0.160508 -0.052718617 -0.053180385 0.048794847 0.0045948867 -0.05900859 -0.09767241 -0.049811963 -0.048498064 -0.058524482 -0.027140727 0.049558904 0.051402908 0.09342272 0.09069106 0.06221058 0.10259296 0.063356556 -0.035269454 0.01865497 0.03370942 0.05077094 0.09870433 0.03947715 0.031593837 -0.025422744 -0.067319356 0.0130074425 0.07898916 0.14060701 0.46202874 0.30990848 0.24425459 0.10663284 0.039344177 0.08522267 -0.015005867 0.07432596 -0.044300888 0.18659265 0.3043013 0.32389033 0.51132536 0.31053865 0.06569657 0.11872656 0.15828012 -0.027271142 -0.005043164 0.06026784 0.14962554 0.12314693 0.07423712 0.08629802 0.06982761 0.028201323
0.22089072 0.025634147 -0.12252575 -0.17781152 -0.10604611 -0.14710549 -0.16001299 -0.10630057 -0.03732572 -0.03536726 -0.05923788 -0.025878185 0.01974413 0.09803497 0.04633848 0.06352578 0.04841369 0.066072986 0.14800783 0.030955214 -0.08574077 -0.05647094 -0.042028747 -0.07600449 -0.18141015 -0.20299126 -0.21326497 -0.16016434 -0.07425791 0.062315106 0.11429174 0.3829018 0.38918504 0.33501706 0.27093032 0.21315321 0.0515838 0.064375706 -0.014350867 0.032503504 0.09399712 0.109036766 0.18817347 0.21553433 0.4657954 0.27931267 0.3399259 0.06427017 -0.01677752 -0.07842412 -0.082994185 0.032530826 0.24091804 0.15624046 0.08022518 -0.047735963 -0.07392824 -0.17172395
-0.015152232 -0.16439822 -0.3322036 -0.26080292 -0.19901673 -0.2131356 -0.12268146 -0.098917834 -0.07639816 -0.029350532 0.01594213 0.09139409 0.16694745 0.20500335 0.1563727 0.10101208 0.042829964 0.10022333 0.14590718 0.038725514 -0.13063434 -0.22607747 -0.21854807 -0.2366055 -0.1688916 -0.08482293 -0.20796925 -0.16459842 0.041980278 0.26221946 0.45412847 0.38627708 0.3469858 0.2854576 0.2248269 0.28612834 0.13215747 0.0693503 -0.035125088 -0.00061747275 -0.099112995 -0.16464277 -0.006202987 0.180859 0.36951217 0.34390357 0.30895513 0.08391955 -0.0069182934 0.048117716 0.13220164 0.11924629 0.23225401 0.18707426 0.10390258 -0.22091402 -0.13534418 -0.26467392
-0.02590202 -0.04906132 -0.111582465 -0.113334134 -0.15967461 -0.09907872 -0.05724936 -0.06463147 -0.01407715 0.057964344 0.1421592 0.21528338 0.22764133 0.2623953 0.21461833 0.17545415 0.10340982 0.103263006 0.14432357 0.06343461 -0.10098888 -0.17099471 -0.15583517 -0.062011365 -0.04018485 0.009556145 -0.0030783108 0.021042984 0.18238363 0.3649621 0.3638428 0.31055263 0.20977083 0.068483084 0.15957382 0.15607245 0.090322405 -0.02750073 -0.06443695 -0.05104281 0.09843534 -0.16222812 -0.15607852 -0.051536106 0.123210505 0.3131046 0.41833332 0.31850114 0.2213411 0.25825366 0.25472596 0.23098202 0.20040694 0.13139302 0.13172439 -0.19939445 -0.2139802 -0.34796754
0.31206918 0.17144623 0.08071916 -0.0390011 -0.026000636 0.06391429 0.114625916 0.078146115 0.10309299 0.12552631 0.19414869 0.25669056 0.2589619 0.25975987 0.24112883 0.22228622 0.22583307 0.1282518 0.12298566 0.0774955 -0.05384737 -0.06954794 -0.018747954 0.07766589 0.091324136 0.12465169 0.2246609 0.26289153 0.34490582 0.39853626 0.3408981 0.22057654 0.03308275 0.063502654 0.10997221 0.0893776 0.052590944 -0.071092874 -0.09048788 -0.031693403 0.10755509 0.22354704 0.058074012 -0.07038488 -0.04653579 0.2013262 0.34378758 0.42501628 0.4562308 0.47128212 0.42104343 0.23437901 0.23589958 0.15768301 0.18409891 0.06521689 -0.20850062 -0.28171653
0.00077661476 0.2815116 0.20503412 -0.027945776 -0.064373836 0.016108714 0.064766176 0.1454879 0.2411812 0.21374555 0.23973992 0.27200073 0.30025747 0.25247222 0.23718192 0.26315898 0.26871008 0.17896537 0.08265111 0.036511675 -0.054315068 -0.051542435 -0.026137073 0.04522032 0.024963224 0.0327826 0.12562014 0.22513184 0.33225828 0.3849045 0.29281142 0.037837733 0.017076617 0.04638442 0.07014867 0.081352055 0.014129366 -0.0637668 -0.08287191 -0.04363777 0.06794004 0.16962467 0.2852331 0.14983258 -0.1015176 -0.046405368 0.16290085 0.25713173 0.17832027 0.15244539 0.20571011 0.2523552 0.32622087 0.2295328 0.21331467 0.19721545 -0.089428864 -0.16948354
0.30560383 0.40934384 0.23511912 -0.02089606 -0.15130953 -0.041468263 0.048995692 0.2171839 0.25168565 0.20131859 0.24162081 0.29261056 0.28026563 0.2504304 0.2155098 0.24942274 0.24800618 0.20935334 0.047431715 -0.009608438 -0.049011093 -0.06543212 -0.1252884 -0.07640962 0.012168055 0.06962306 0.10168531 0.10022051 0.13273858 0.08712422 -0.00015314603 0.03761144 0.043189254 -0.032295458 -0.0038741662 -0.012993314 -0.024434926 0.022800619 0.025350625 -0.0667624 -0.030875534 0.2077594 0.35627872 0.37327802 0.2011055 -0.008029 -0.012469166 0.07104449 0.05529765 0.09324738 0.3243731 0.58654445 0.5608148 0.37731665 0.22860059 0.24567887 0.23928063 -0.07917246
0.21493317 0.2689748 0.11239099 0.036649697 -0.079758994 -0.00576368 0.12185348 0.1569528 0.17132969 0.1752671 0.2152805 0.23943667 0.1769791 0.21775566 0.21459755 0.1944835 0.1798449 0.13029417 0.018817775 -0.0061729555 -0.061844286 -0.11966856 -0.12569694 0.015666177 0.09740252 -0.0045304634 -0.067895696 -0.11095564 -0.076925665 -0.05645842 0.0134118935 0.124877326 0.16240256 0.14503026 0.07537645 0.05651006 0.07092944 0.10055202 0.16485262 0.20228943 0.07779236 0.067379326 0.22003284 0.32406086 0.32281637 0.32693714 0.33819708 0.43060774 0.4449445 0.51643246 0.6021123 0.6531908 0.5066817 0.37151515 0.27448475 0.2306043 0.23528813 0.31738234
-0.08774588 -0.11862971 -0.015181084 0.15458685 0.05170389 0.077741526 0.18429562 0.17409368 0.18786858 0.17349935 0.13828917 0.12767157 0.14657277 0.19607842 0.15472442 0.11362155 0.06272439 0.028808562 -0.00042768134 0.0023144141 -0.005086903 -0.06481746 0.042777818 0.030386692 -0.018355727 -0.0028661175 0.009550166 0.012638749 0.016423224 0.0065153134 0.079863444 0.1331786 0.16217539 0.115653664 0.10724804 0.1971845 0.3220599 0.34785715 0.3098072 0.27364975 0.12552485 0.0779762 0.15320797 0.19382885 0.2383986 0.21015596 0.23083553 0.3355361 0.4695576 0.5477086 0.46436763 0.3949662 0.3282637 0.30085257 0.23138034 0.22878613 0.08992433 0.2690278
-0.06351329 -0.038623426 0.026742503 0.20538037 0.21594994 0.19034964 0.25293934 0.20702523 0.14979051 0.08705879 0.0992331 0.09560372 0.097622976 0.19434954 0.10138976 0.055162236 -0.011584052 -0.03859035 -0.034573343 -2.1674292e-05 -0.020767821 -0.002861284 0.03266328 -0.061743423 -0.10341428 0.01654327 0.09950953 0.13952993 0.06833501 0.15796812 0.17441288 0.14526086 0.15777358 0.19925171 0.36217743 0.5004028 0.60804355 0.72030276 0.69882303 0.6050311 0.43849808 0.22010472 0.116665386 0.102020785 -0.0051234574 -0.032869983 0.041417673 0.16674249 0.27679077 0.32188618 0.23477179 0.21224307 0.18413727 0.16577095 0.14447086 0.15103993 0.094400145 0.12844637
0.2474975 0.13448642 0.15771775 0.15522106 0.18347713 0.18790828 0.17248333 0.12952837 0.059275255 0.05506659 0.119040206 0.11648756 0.12262881 0.19982265 0.11710476 0.037235554 -0.010338291 -0.047223482 -0.07542456 -0.012859993 -0.06689495 0.010807902 0.022297485 0.00827129 -0.022109687 0.11243011 0.16427326 0.12075323 0.09496217 0.16993582 0.2618313 0.32206473 0.35654676 0.5305197 0.7216864 0.77514684 0.7627565 0.752855 0.7954934 0.76058495 0.7413292 0.5048485 0.22703263 0.09060314 -0.14448792 -0.22893035 -0.16522726 -0.02301553 0.10528878 0.12088191 0.07219383 0.034635674 0.037533753 0.03443116 0.05291142 0.11324978 0.23218924 0.2648802
0.2562534 0.100378 0.09481608 0.03908552 0.058364294 0.16451718 0.051266104 0.110979356 0.12127907 0.16398154 0.1991275 0.17229226 0.22063152 0.20150355 0.12598346 0.0705464 -0.035906307 -0.08774992 -0.06459209 -0.014517819 -0.034119725 -0.0058780164 0.057769 0.10074722 0.07892839 0.10171825 0.14742552 0.13571545 0.18476392 0.32147524 0.43958813 0.5470109 0.63041973 0.7207487 0.8025944 0.8313972 0.83659947 0.79800797 0.7716127 0.7164457 0.6662684 0.6789013 0.48835474 0.22100969 0.042273074 0.012606199 0.047225393 0.007546752 0.069860324 -0.028295398 -0.041582987 -0.03836234 -0.024447886 0.0012406626 0.10932666 0.119362734 0.1787996 0.19652922
0.12315602 0.018201437 -0.004097906 -0.05705057 0.121636756 0.045004897 0.12844083 0.16453339 0.2541945 0.2885187 0.21185592 0.25969848 0.27453104 0.19192481 0.081031546 0.013660605 -0.06997463 -0.06725089 -0.03968584 0.031370524 0.05634727 0.031090075 0.0475605 0.13054274 0.16687001 0.17419441 0.24721009 0.36756724 0.4740278 0.56373566 0.5538187 0.5943688 0.69963264 0.8494032 0.88690835 0.8509671 0.7696005 0.7503918 0.78787255 0.7787807 0.684807 0.62531686 0.6269811 0.48214355 0.36324745 0.17718492 0.19223902 0.1645306 0.12644392 -0.070275925 -0.12755139 -0.070577815 -0.07571183 0.04171125 0.12145844 0.053914726 0.030859828 0.045397192
0.014012291 -0.06680256 -0.13452956 0.0072969836 -0.007913458 0.09889155 0.117139384 0.1728084 0.25897232 0.26124603 0.19621044 0.2628749 0.1859693 0.09594488 0.033950306 -0.06099386 -0.09295912 -0.020047441 -0.0021632623 0.09418759 0.19022383 0.14382052 0.087793976 0.12087984 0.19286907 0.29972315 0.36660042 0.42122212 0.48827866 0.572868 0.67392343 0.696824 0.7112249 0.6416701 0.53719497 0.48758185 0.4797782 0.45631525 0.47327965 0.53525776 0.62685144 0.60465556 0.6306509 0.6319528 0.5802787 0.43035161 0.3393794 0.3292015 0.21512704 -0.06701476 -0.14964394 -0.10491786 -0.004524673 0.06558511 -0.030933905 -0.08548377 0.01942 0.018839274
-0.040987954 -0.08329713 -0.11028851 -0.14195806 -0.107511185 0.027713701 0.08703608 0.19786023 0.19437815 0.1408582 0.17154016 0.17323945 0.09193403 0.017446022 -0.009419385 -0.103546105 -0.09750589 -0.018024767 0.06121427 0.1745983 0.26072267 0.25963885 0.19789046 0.043233406 0.15671772 0.22379434 0.300137 0.32644716 0.38557234 0.5015769 0.45226023 0.43492207 0.41093987 0.44300216 0.44660345 0.3790504 0.28749976 0.17369893 0.2699921 0.3588573 0.37303925 0.46057028 0.5499761 0.5947122 0.6207118 0.5827515 0.48828202 0.40411735 0.21845694 -0.09894261 -0.120413214 -0.058053896 -0.01385791 -0.08810595 -0.11312468 -0.10096248 -0.17980409 -0.14354922
