static/data/seaWater_uo/2023/7/1/6.asc
ncols 137
nrows 93
xllcorner 108.0
yllcorner 17.0
cellsize 0.25
NODATA_value -32767
[rows 52 to 77 of 93, columns 58 to 115 of 137]
0.34486952 0.2575022 0.21618186 0.12375047 0.09575207 0.128631 0.20353095 0.28804255 0.3597125 0.45483518 0.51246125 0.57103586 0.5920912 0.74773556 0.92476976 0.8442394 0.5542291 0.31577656 0.23881146 0.306931 0.23663804 0.29665253 0.18357302 0.38121513 0.12984021 0.13365439 0.18993983 0.15100095 0.17534278 0.18789203 0.18134199 0.05574302 -0.03875313 -0.005730152 0.023703337 0.091099635 0.07265101 -0.0322507 -0.1743365 -0.15432599 -0.2124542 -0.28679365 -0.2414843 -0.28614306 -0.27391344 -0.21929948 -0.21044654 -0.15260985 -0.0510092 -0.0800557 -0.020819677 -0.06510186 0.01832289 0.053609084 -0.014543479 0.02550603 0.21127434 0.17143646
0.14028256 0.16731606 0.28009817 0.29290283 0.15490782 0.1364792 0.15952373 0.24783748 0.31719273 0.3482651 0.39640272 0.5121952 0.6434273 0.84337014 0.7997781 0.5374916 0.35197437 0.3025784 0.30818263 0.096193664 0.08365224 0.20385842 0.2960983 -32767.0 0.39140326 0.22138675 0.18289016 0.18904924 0.17045109 0.15308279 0.09942038 -0.0421712 0.014577375 0.059698265 -0.004144471 0.039187074 0.12378052 -0.034524843 -0.15431654 -0.13311826 -0.2510301 -0.33780852 -0.30264542 -0.20699309 -0.25026748 -0.22813708 -0.17547904 -0.18279274 -0.03836832 -0.047836483 0.019141162 0.009064617 0.09826301 0.14943613 0.15859902 0.22978982 0.33793443 0.2893126
0.078967184 0.123469904 0.17402172 0.16932686 0.26999465 0.256103 0.31969956 0.45787123 0.66245717 0.7327527 0.7472617 0.78950894 0.7728685 0.63273776 0.48872277 0.34430638 0.36353004 0.23553917 0.081930436 0.103845775 0.08008996 0.1349607 0.035851523 0.17299923 0.23557971 0.30329415 0.23877169 0.22075959 0.16331707 0.14286923 0.030560492 -0.009734423 0.1017358 0.07883578 0.017909613 0.0020304811 0.16392198 -0.0047830925 -0.0857193 -0.13042465 -0.16031079 -0.28806207 -0.40566534 -0.35188937 -0.34039387 -0.24384563 -0.24045448 -0.11841768 0.01969189 0.03546347 0.041252244 0.08157837 0.2697493 0.2700099 0.3741356 0.43245977 0.466381 0.44380635
0.42956427 0.44170293 0.4489951 0.46390617 0.5001858 0.4597349 0.41539434 0.5491066 0.54119736 0.5530096 0.6143848 0.6374626 0.53041095 0.43983063 0.29002935 0.2902319 0.1464775 0.14507306 0.21778625 0.2889165 0.24635412 -32767.0 0.13806549 0.06944902 0.15043196 0.3739477 0.36542293 0.26183116 0.2053182 0.1812994 0.09346298 0.06310703 0.089875765 0.12137524 0.05550166 0.027611451 0.1472122 -0.083332375 0.073046386 -0.106370196 -0.1793837 -0.2143013 -0.27582422 -0.2711322 -0.29004958 -0.23767424 -0.17135404 0.06716722 0.11032962 0.13079685 0.19020621 0.3353258 0.45405346 0.52208847 0.54712313 0.50403315 0.46984836 0.38445404
0.5373048 0.77813995 0.85634613 0.8131193 0.9004134 0.8936588 0.89193434 0.74333006 0.6092163 0.58863735 0.60019517 0.55251276 0.39671993 0.2889127 0.24034801 0.22669913 0.16061388 0.17310338 0.18661757 0.2832061 0.3402406 0.6620571 0.6831777 0.63515437 0.5425356 0.44256413 0.38860255 0.38258967 0.29748136 0.2734287 0.17149207 0.08039508 0.02940822 0.06301875 0.06378807 0.048884816 0.125829 0.043681826 0.08738244 0.10854904 0.020172793 -0.17472193 -0.18118306 -0.18202005 -0.13202462 -0.032452155 0.12583496 0.1581416 0.19697373 0.24232912 0.32282358 0.45956236 0.58826274 0.5875825 0.57602894 0.48418784 0.39105988 0.19131099
0.54714906 0.64993834 0.76191604 0.76937383 0.80487823 0.8015481 0.9092685 0.8078692 0.6809144 0.63356435 0.50610137 0.36817265 0.25759307 0.13434209 0.25572813 0.16987933 0.2281943 0.29951167 0.3536085 0.43105367 0.5097551 0.57078904 0.58567256 0.6027572 0.55318385 0.5411294 0.5342554 0.45340955 0.39961022 0.29946673 0.18744427 0.13458331 0.08000061 0.013200868 -0.025590632 0.0585961 0.06308419 0.16807084 0.06845782 0.04898744 0.11534028 0.23845017 0.16371292 0.12960897 0.16882096 0.2207711 0.29165784 0.2911004 0.35409355 0.3896409 0.48111203 0.53210354 0.6445407 0.5100325 0.3634621 0.3167309 0.28669775 -0.003010495
0.07107658 0.24441546 0.5691119 0.77085704 0.81057274 0.8015872 0.66198695 0.54618895 0.5319213 0.36998183 0.21123314 0.115545966 0.049525563 0.28589186 0.20300445 0.2095388 0.27948678 0.34647456 0.36200038 0.38383186 0.38771158 0.42236948 0.47593886 0.4565724 0.42617497 0.40550578 0.41374797 0.48582503 0.36467597 0.17810078 0.11186164 0.13021 0.055308532 0.059140958 0.07976784 0.06582615 0.16483857 0.17560285 0.078203835 0.009756547 0.09246533 0.21261773 0.33047938 0.4707125 0.46810743 0.42173526 0.37678713 0.35905895 0.3929301 0.4790293 0.4235126 0.5225118 0.48537883 0.22364387 0.15894674 0.17762066 0.21674977 0.19266094
0.4287054 0.7275382 0.73378646 0.7073922 0.5843336 0.26228824 0.14717817 0.28085673 0.26065785 0.23832852 0.31836087 0.34142524 0.2962191 0.1767401 0.23150446 0.30178258 0.3636469 0.38298994 0.33017844 0.24930887 0.31745237 0.38376838 0.3702664 0.3482849 0.30406994 0.20999543 0.21997555 0.24491408 0.16058543 0.040519334 0.055746656 0.059407357 0.03828385 0.12600872 0.040812448 0.1112354 0.14431837 0.123386815 0.043824594 0.18204609 0.2989345 0.25414273 0.3007472 0.3713413 0.4087269 0.44384724 0.52804434 0.47094423 0.46279386 0.42389324 0.42420584 0.340738 0.20046467 0.16940741 0.017483529 -0.06105063 0.020947672 0.21231827
0.52335256 0.561079 0.64385563 0.59806424 0.28554848 0.1764205 0.22617172 0.13580911 0.14197072 0.25445306 0.14324003 0.18681721 0.118082196 0.21237291 0.35635486 0.437467 0.43565208 0.33862796 0.19597338 0.20798543 0.20197946 0.11821514 0.22050855 0.06412216 0.04100408 0.04829904 0.010011624 0.031866785 0.0074445023 -0.053438164 0.059355117 -0.008048905 0.13645287 0.20810704 0.089610115 0.032348238 0.15482071 0.061802268 0.17253225 0.2890494 0.3311178 0.23716184 0.15237202 -0.056356512 0.062125113 0.15719458 0.22961397 0.29600146 0.35845643 0.34317037 0.30171436 0.0867876 0.0056828037 0.06937492 0.2717733 0.28134775 0.25532687 0.20400164
0.51523787 0.5426208 0.50566626 0.493711 0.21298675 0.26356998 0.07525772 0.019723104 0.09699016 0.089106776 0.03525284 0.06645852 0.21120651 0.32658875 0.3698294 0.38211414 0.36093882 0.23156044 0.09372662 0.09040443 0.025463212 -0.12053281 -0.08120424 -0.1468577 -0.15159094 -0.09079279 -0.1318365 -0.09944733 -0.10510671 -0.114814624 0.100895174 0.04360158 0.20137317 0.1755416 0.118349105 0.15090337 0.06861873 0.055592254 0.052798204 0.14429411 0.15607229 0.2030515 -0.04823919 -0.100949116 -0.059945736 -0.049594864 -0.037494313 0.036790665 0.13733795 0.2854898 0.17868003 -0.02181945 -0.024604825 0.08389406 0.05481698 0.18137442 0.36726522 0.35293537
0.4727747 0.537834 0.28325856 0.1435655 0.10500528 0.22649246 0.13110341 0.08840244 0.10602813 -0.011867389 -0.028847694 0.036049563 0.13174467 0.16926569 0.19260253 0.20971377 0.24345316 0.12816289 0.0652914 -0.0044267187 -0.073019154 -0.16376945 -0.27020618 -0.30464458 -0.19495155 -0.1318373 -0.07470774 -0.101593144 -0.18286048 -0.05506266 0.18489896 0.20560625 0.33205652 0.16551074 0.12855572 0.061464272 0.0030512854 0.0450481 0.10955629 0.18394208 0.16047098 0.28533497 0.16568975 0.32594845 0.27177036 -0.106737696 -0.19917452 -0.012751995 0.09071741 0.12117776 -0.028536042 -0.016928064 -0.007219317 0.10893309 0.09636225 0.24525087 0.24084559 0.15256673
0.444297 0.40177086 0.2742709 0.08279604 0.07889383 0.11180159 0.066565394 -0.024968555 -0.09782838 -0.06441761 -0.055671353 -0.085346125 0.0020542175 0.03172928 0.090407684 0.15987097 0.15131012 0.053908214 0.075665556 -0.1021107 -0.15681572 -0.11754259 -0.1496328 -0.1308477 -0.0720642 -0.034106728 -0.03968667 -0.11853812 -0.20732349 0.023339272 0.28478932 0.38974202 0.35010478 0.19052672 0.13471277 0.10537522 -0.021788301 0.00025056256 0.09304842 0.11406787 0.09332891 0.2781793 0.291819 0.33260754 0.28781545 0.0988862 -0.04364419 -0.096867874 -0.0063682753 -0.060484298 -0.09306967 -0.028520122 -0.000118792974 0.09116856 0.12264425 0.08376746 -0.044880986 -0.015010201
0.3039338 0.12226827 -0.012007044 -0.057297677 -0.03659713 -0.08200044 -0.13827817 -0.10452017 -0.03485866 -0.063729085 -0.106346786 -0.054422695 0.017540086 0.060249154 0.07057503 0.07734041 0.08167004 0.03988397 0.057946827 -0.112528935 -0.15596965 -0.11591949 -0.07829777 -0.12798132 -0.26736984 -0.22512142 -0.17094497 -0.20462215 -0.17281568 0.09500143 0.3663431 0.50305957 0.23452643 0.18917014 0.20135348 0.09801159 0.008583312 0.03291096 0.016491631 0.09494156 0.07326756 0.053731322 0.122468114 0.26554063 0.2347327 0.10913605 -0.064646356 -0.17608386 -0.09209913 -0.16463834 -0.05458946 -0.04404832 0.004297584 0.094080195 0.14452666 0.015280213 -0.1218034 -0.14408435
0.085319065 -0.11158609 -0.2050407 -0.1738508 -0.12903352 -0.2100823 -0.12719506 -0.078280345 -0.076681964 -0.030062653 -0.017093837 0.08370076 0.16918729 0.14370087 0.15573403 0.104655854 0.034779496 0.054238223 0.029350713 -0.07448784 -0.13737532 -0.15958384 -0.2047345 -0.27661517 -0.23827513 -0.23487166 -0.22960357 -0.21151915 -0.057016768 0.2688991 0.39482552 0.26475495 0.21776578 0.1923871 0.06001579 0.069349974 0.1325716 0.049334887 0.0132864285 0.0497009 -0.10598122 -0.2681688 -0.14104016 0.05133806 0.12768655 0.22721416 0.1938859 0.032740276 -0.08363554 -0.07728506 0.10836308 0.09216753 0.00020703294 0.15021639 0.1457246 -0.069914386 -0.21356168 -0.29319197
-0.024270847 -0.015967607 -0.062370133 0.019691125 -0.15655915 -0.114780016 0.024484657 -0.013411686 -0.019207178 0.00695583 0.06770571 0.17421274 0.22051632 0.2407333 0.20884465 0.1706188 0.06126761 0.08059274 0.04605713 -0.030584663 -0.10899724 -0.16056365 -0.18696673 -0.2020767 -0.09549694 -0.12898561 -0.15887411 -0.09443855 0.03505182 0.16270919 0.21809368 0.25110865 0.13574648 -0.047596935 0.022602927 0.14562805 0.09826149 -0.027727475 -0.07140132 0.05742691 0.09115123 -0.24429409 -0.27919808 -0.19042087 0.04652634 0.18429142 0.22966018 0.24110532 0.18349902 0.14806357 0.21228853 0.1974649 0.018810151 0.09679477 0.1358944 -0.03318715 -0.24493748 -0.28565967
0.28956854 0.22029778 0.1401421 0.07586094 -0.037632667 0.019721445 0.05887487 0.032000296 0.072672404 0.091860674 0.12171441 0.19057657 0.22415192 0.24969377 0.19458771 0.175425 0.19557147 0.10504911 0.0790042 0.006363056 -0.063331574 -0.121130556 -0.0473887 -0.056614574 -0.040268853 0.035639755 0.082414865 0.12428446 0.1613073 0.18991178 0.22215094 0.18003583 -0.085917495 0.017967394 0.12849113 0.11465456 -0.047525227 -0.102038674 -0.103492714 0.040830385 0.1464108 0.11890003 0.035586037 -0.26627633 -0.20591047 -0.039794862 0.1644646 0.3290726 0.37428012 0.33313116 0.24799691 0.10821416 0.03573485 0.08140835 0.1235563 0.11644108 -0.024034953 -0.076220825
0.078863636 0.32560384 0.29728705 0.07647095 -0.029978989 -0.031081382 0.03190393 0.111195505 0.16606699 0.16517092 0.17432027 0.16781251 0.22292484 0.23635328 0.18037577 0.19288169 0.20637344 0.13337383 0.09227325 -0.010037079 -0.082358524 -0.090899974 -0.04698816 -0.014122343 -0.07919109 0.012783937 0.13030446 0.18490362 0.20413083 0.21487872 0.13719974 -0.07705756 -0.060046047 0.03257011 0.051347896 0.025430646 -0.11724208 -0.11050182 -0.15935692 -0.016309319 0.06110375 0.14082643 0.16166979 0.029712364 -0.20274869 -0.23109004 -0.09822355 0.103399195 0.13607845 0.123811804 0.08400175 0.09212887 0.22801603 0.18564038 0.098976 0.20904979 -0.0073452103 0.052142207
0.360371 0.47100654 0.321753 0.08525885 -0.034421608 0.017659567 0.08940462 0.19797844 0.24345237 0.14627708 0.18828765 0.20092152 0.22592805 0.20548446 0.19958308 0.23180589 0.16293566 0.1431942 0.084255956 -0.053046327 -0.14009032 -0.09042183 -0.11923606 -0.07395698 -0.010794717 0.022701532 -0.01856214 -0.04471365 -0.03249317 -0.051995423 -0.14226595 -0.13538347 -0.14554648 -0.09311521 -0.072839856 -0.052387666 -0.06335364 -0.052694477 -0.051627055 -0.14598194 -0.09853405 0.08640402 0.15003844 0.12117919 0.11902985 0.028213317 -0.015025975 0.030105641 0.08258582 0.0712669 0.27424547 0.46140552 0.41742387 0.28159684 0.13405932 0.16480222 0.17956904 0.10535259
0.2813351 0.2976316 0.20391253 0.112163134 0.0342249 0.0058688307 0.13099761 0.1817914 0.1357713 0.14035855 0.1619506 0.18959746 0.15356784 0.18614031 0.19387388 0.17592207 0.12576164 0.068872415 0.029191403 -0.04062491 -0.16617954 -0.14347054 -0.15068014 -0.058156345 -0.10209165 -0.18155171 -0.2510739 -0.2899839 -0.2293624 -0.2257974 -0.15946276 -0.04576071 0.05889587 0.088350825 0.013830169 0.036679044 0.10187845 0.079853185 0.0866024 0.03136379 -0.115691274 -0.022683896 -0.073460504 -0.015714962 0.024446353 0.14942926 0.23119968 0.2855873 0.375872 0.41773182 0.5045287 0.5327791 0.4093324 0.21303101 0.17235877 0.12061645 0.10988028 0.23351008
-0.0042394497 -0.09317175 0.07134686 0.20156407 0.13757263 0.13888797 0.16925861 0.16477244 0.11524358 0.08004965 0.10258823 0.09983651 0.09721408 0.15193652 0.150479 0.07793849 0.049417723 -0.015773432 -0.0058605555 -0.025402898 -0.16670647 -0.19805273 -0.109776296 -0.14498724 -0.120807774 -0.11225016 -0.14244418 -0.11181072 -0.09675052 -0.12909721 -0.057943124 0.03226413 0.117826216 0.04770154 0.031713508 0.07741986 0.19958158 0.30421597 0.18908209 0.1503332 0.026260978 -0.08907729 -0.040835563 -0.07893577 -0.039786976 0.013487387 0.052163396 0.14055446 0.29615462 0.39707363 0.32727325 0.24915087 0.20898983 0.14880778 0.17741002 0.13563901 0.05650954 0.15158367
-0.035101604 0.020721147 0.124417305 0.24095803 0.2475801 0.2300898 0.20169798 0.1187631 0.022257606 0.004379667 0.072519615 0.065658785 0.078611106 0.12576711 0.09037518 0.009915716 -0.06079937 -0.027990526 -0.04214191 -0.06502618 -0.13921626 -0.12953655 -0.10931426 -0.16477881 -0.15932186 -0.091314465 -0.07714285 -0.09388221 0.011125381 0.023743115 0.08120038 0.043531895 0.00814147 -0.04355365 0.09217462 0.2513851 0.44001666 0.5802673 0.6118901 0.40564433 0.2353296 0.03587366 -0.03393158 -0.15464652 -0.22054113 -0.2193029 -0.085769124 0.051657487 0.11364754 0.12459273 0.07386856 0.11054559 0.09917477 0.105108924 0.10773405 0.09084718 0.10722057 0.12599482
0.24464016 0.15537502 0.14367406 0.093572706 0.13768108 0.21456932 0.088439696 0.0018557721 -0.059124302 -0.0068029584 0.06971889 0.045855105 0.10229378 0.12864201 0.07448516 -0.01261323 -0.0858114 -0.0448736 -0.096167736 -0.080411956 -0.1033574 -0.09158371 -0.07118963 -0.17430261 -0.14635262 -0.004461997 0.002621703 -0.029600488 0.011876128 0.055890173 0.13113822 0.19018786 0.1793267 0.37557217 0.58795 0.62697834 0.57190025 0.5685395 0.63182205 0.67565966 0.509493 0.31002298 0.0920191 -0.14014606 -0.30833557 -0.30624348 -0.20081441 -0.08346406 -0.06803932 -0.063827954 -0.049147204 -0.005265718 -0.038854174 -0.023547618 0.02642868 0.11796945 0.13131976 0.15955254
0.25020573 0.116569586 0.06717601 -0.038377613 0.03507619 0.062455587 -0.06246153 0.003406816 0.02796167 0.0630674 0.107489236 0.12140832 0.18667512 0.16457935 0.04001613 0.00096218236 -0.08190526 -0.08147582 -0.12198331 -0.012354259 -0.053465303 -0.09878981 -0.032925647 -0.027242586 -0.00086416205 0.048679333 0.021908218 0.0009788166 0.056458313 0.17543495 0.31057853 0.44823992 0.55523235 0.65892106 0.64476836 0.66906255 0.59359485 0.545882 0.51227146 0.5062468 0.4818781 0.49380517 0.31039494 0.10118763 -0.09090473 -0.07340707 -0.06685967 -0.018426921 -0.059530377 -0.15185529 -0.1483754 -0.13357633 -0.13541712 -0.024731811 0.012700366 0.031060668 0.043933127 0.07372504
0.14276819 -0.004024586 -0.05289259 -0.13967572 0.017104482 -0.06857524 0.010235522 0.041537147 0.1470751 0.13603893 0.17228265 0.2880782 0.22722088 0.12602021 0.007955692 -0.057029877 -0.10621251 -0.08574554 -0.06341253 0.028892929 0.046422925 -0.11138122 -0.04208936 0.08749175 0.12043264 0.13213553 0.22044942 0.29084882 0.34497172 0.3654699 0.37281168 0.49044263 0.5996976 0.73365766 0.7743174 0.75678694 0.7316453 0.66589504 0.63168347 0.5985519 0.48519415 0.43509215 0.43786624 0.36558688 0.21475768 0.10854952 0.04707368 0.08778181 0.011526715 -0.18093146 -0.1918913 -0.20919868 -0.15854149 -0.022628672 -0.03568658 -0.04738193 -0.079096206 -0.062378522
-0.048951104 -0.09026041 -0.17367873 -0.09468143 -0.078885324 -0.02718333 0.016915673 0.021332787 0.1589976 0.18223163 0.19477399 0.30343166 0.13398065 0.022817766 -0.012357485 -0.11221234 -0.119173266 -0.03026898 0.016492506 0.11641172 0.06388177 0.023058238 0.0137358615 0.09457693 0.12719387 0.25481546 0.36667722 0.38720095 0.38514066 0.43753344 0.54893285 0.67743236 0.71547365 0.66337377 0.5250588 0.44516733 0.44235253 0.39910635 0.39013153 0.44066676 0.49120522 0.4678849 0.43177825 0.4356682 0.38454616 0.28658018 0.24022219 0.21488352 0.03153634 -0.17608798 -0.20062964 -0.17912261 -0.09180637 -0.006774993 -0.1424924 -0.16139208 -0.12666635 -0.17171712
-0.08304402 -0.1402835 -0.18577182 -0.26322666 -0.2020143 -0.059430733 0.044037856 0.06730087 0.038976625 0.115978636 0.17812388 0.16003434 0.0044987313 -0.03930511 -0.080183536 -0.15913145 -0.10793562 -0.022726482 0.11262449 0.14567448 0.12920666 0.09885842 0.064554 0.031033276 0.1335079 0.25116637 0.28205767 0.30084714 0.3895945 0.4908975 0.48655 0.45445508 0.41115502 0.3758552 0.3729801 0.272911 0.19882195 0.15481739 0.13143127 0.2574784 0.27615392 0.3541429 0.37727413 0.43749943 0.4830136 0.44741726 0.3988701 0.24133319 0.0010497158 -0.1831728 -0.19977812 -0.13485688 -0.12001702 -0.20455875 -0.30998734 -0.28152898 -0.36244804 -0.35517967
