static/data/seaWater_uo/2023/7/26/0.asc
ncols 137
nrows 93
xllcorner 108.0
yllcorner 17.0
cellsize 0.25
NODATA_value -32767
[rows 0 to 24 of 93, columns 58 to 115 of 137]
-32767.0 -32767.0 -32767.0 -32767.0 -32767.0 -32767.0 -32767.0 -32767.0 -32767.0 -32767.0 -32767.0 -32767.0 -32767.0 -32767.0 -32767.0 -32767.0 -32767.0 -32767.0 -32767.0 -32767.0 -32767.0 -32767.0 0.018998438 0.12863256 -0.098638125 -0.10776686 0.2040087 0.37961856 0.3159563 0.19036402 -0.039816454 -0.057707604 0.050396357 0.23390728 0.34709272 0.27568662 0.24016999 0.1964329 0.13643716 0.10829315 0.13560127 0.14771362 0.15834521 0.19789287 0.3236095 0.09328064 -0.12849586 -0.097795494 -0.00016939652 0.13904655 0.27762437 0.35966963 0.47723374 0.6189771 0.73423225 0.711896 0.571994 0.4789527
-32767.0 -32767.0 -32767.0 -0.06910893 -0.094706774 -0.03430456 -0.07229057 -0.062427923 -0.04770534 -0.0011627671 -32767.0 -32767.0 -32767.0 -32767.0 -32767.0 -32767.0 -32767.0 -32767.0 -32767.0 -32767.0 -32767.0 0.12523213 0.15063815 -0.0081929285 -0.009076891 0.13987204 -0.024888316 -0.13283278 -0.12070626 -0.026787307 0.030195903 0.12310638 0.27201843 0.40231842 0.4677919 0.21802965 0.0786441 0.13224494 0.070287056 0.092649266 0.118689425 0.19377568 0.27979597 0.23884691 0.16147092 0.0013695126 -0.082996614 -0.055206187 0.20577587 0.29139793 0.23734641 0.22602837 0.23918155 0.28462124 0.36188987 0.40309483 0.42647314 0.35293746
-32767.0 -0.06183409 -32767.0 -0.11042262 -0.12542193 -0.112203084 -0.159258 -0.13675483 -0.10417413 -0.0830373 -0.033961266 -0.044563085 -32767.0 -32767.0 -32767.0 -32767.0 -32767.0 -32767.0 -32767.0 -32767.0 -32767.0 0.0031772824 -0.18445174 -0.11179298 -0.011451895 -0.14085397 -0.2550886 -0.17880213 -0.07267497 -0.029170915 0.046201985 0.16850278 0.24658164 0.4007797 0.24444562 0.17649767 -0.014882118 -0.058856614 0.01999076 0.09604042 0.22987723 0.39944202 0.47119194 0.35872746 0.10073604 0.021387575 0.049047433 0.17765431 0.050534643 -0.082836024 -0.22239044 -0.09795117 0.11831611 0.05132339 -0.02035217 0.06846085 -0.06038271 -0.088261776
-0.12483111 -32767.0 -0.13638632 -0.11500718 -0.21830012 -0.11623345 0.0020257318 -0.0091127325 -0.028082745 -0.073180474 -0.05167053 -0.03252579 -32767.0 -32767.0 -32767.0 -32767.0 -32767.0 -32767.0 -32767.0 -32767.0 -0.07572184 -0.13885188 -0.18994854 0.007613534 -0.21521634 -0.25088802 -0.30717343 -0.21956334 0.057670362 0.25029078 0.29940423 0.31945297 0.3830141 0.44983992 0.105015025 0.11451565 -0.044656556 -0.0069339457 0.003027327 0.22573805 0.453656 0.5044668 0.44505855 0.39180124 0.15930064 0.037529007 0.112712264 0.089075 -0.011008063 -0.10130331 -0.02552565 0.07896383 0.14921443 0.0963756 -0.11032288 -0.19546671 -0.18814287 -0.12519878
-0.25065413 -32767.0 -0.07555 -0.13760461 -0.06715192 -0.07367022 0.010345934 0.014822021 0.0005482156 -0.020546399 -0.048108794 -32767.0 -32767.0 -32767.0 -32767.0 -32767.0 -32767.0 -32767.0 -32767.0 -32767.0 -32767.0 -32767.0 -0.11014205 0.20031664 -0.20239495 -0.34229746 -0.28025123 -0.15489918 -0.054228887 -0.0286185 0.037896678 0.1807235 0.2879048 0.34523535 0.464386 0.471615 0.49898845 0.5340043 0.5403063 0.4439785 0.45329365 0.4000672 0.38236532 0.22444674 0.061375614 0.023551669 0.09207117 0.08695173 0.33706805 0.21161315 0.16219759 0.12766077 0.27556986 0.21154267 -0.006433973 0.059684683 0.014104633 0.005643838
-0.19056404 -0.16361408 -0.13572066 -0.007929547 0.06463097 0.054266185 0.056754295 0.05558266 0.052717116 0.08528989 0.013243983 -32767.0 -32767.0 -32767.0 -32767.0 -32767.0 -32767.0 -32767.0 -32767.0 -32767.0 -32767.0 -32767.0 -32767.0 -0.08194193 -0.1292997 -0.22765341 -0.1819521 -0.15827487 -0.09370872 -0.19650817 0.01663536 0.1098893 0.15860356 0.23028344 0.35743758 0.5522766 0.64396787 0.5713278 0.50697845 0.45772934 0.20229861 0.11409144 -0.00048842514 -0.061449226 -0.12585846 -0.010118159 0.09436676 0.3235523 0.5571028 0.7767437 0.8333146 0.70283234 0.55854094 0.35837552 0.12275602 0.0049980367 0.120760515 0.1711808
-0.17647068 -0.0904759 -0.020101732 0.07101787 0.10252156 0.07487105 0.056091238 0.101635695 0.15190618 0.09161503 0.021766637 -32767.0 -32767.0 -32767.0 -32767.0 -32767.0 -32767.0 -32767.0 -32767.0 -32767.0 -32767.0 -32767.0 -32767.0 -32767.0 -0.0034782505 -0.16161577 -0.22259831 -0.2166858 -0.16109957 -0.1950117 -0.07087734 0.102449805 0.08909634 0.07082077 0.029065814 0.0041856756 0.12306611 0.23449413 0.19511311 0.068706326 -0.077959396 -0.28626305 -0.34773147 -0.3141557 -0.13712713 0.11179966 0.1527085 0.4498795 0.74215156 0.79425055 0.677299 0.47881094 0.4249618 0.43267563 0.39670798 0.1793403 0.11616722 0.18967521
-0.112081066 -0.069410466 0.026766649 0.10260704 0.14792253 0.090854734 0.12947628 0.14503592 0.078496404 0.035836335 -32767.0 -32767.0 -32767.0 -32767.0 -32767.0 -32767.0 -32767.0 -32767.0 -32767.0 -32767.0 -32767.0 -32767.0 -32767.0 -32767.0 -32767.0 -0.17134365 -0.17799401 -0.20311755 -0.12741707 0.06619458 -0.044735692 -0.08101559 -0.04688785 -0.21974826 -0.23616268 -0.081497416 0.08093353 0.21656352 0.21484357 0.09921151 0.07407622 -0.009292025 0.14626868 0.24625784 0.40333137 0.55758864 0.6069256 0.5427525 0.33662668 0.102203794 0.05292519 0.068632886 0.12388791 0.23859139 0.38422465 0.4785217 0.41431874 0.31365418
-0.010263646 0.033364024 0.07963547 0.17324975 0.18179876 0.17925629 0.13232057 0.06677545 0.08069418 -32767.0 -0.017913062 -32767.0 -32767.0 -32767.0 -32767.0 -32767.0 -32767.0 -32767.0 -32767.0 -32767.0 -32767.0 -32767.0 -32767.0 -32767.0 -32767.0 0.021541841 0.0033038226 0.04523696 0.08691078 0.24903134 -0.08997085 -0.19573104 -0.2334816 -0.2185548 -0.13707608 -0.10794219 -0.11201536 -0.08169466 -0.05647566 0.041334957 0.1316332 0.2693148 0.4760153 0.65065914 0.75912565 0.6715178 0.45381343 0.18261506 -0.011790914 -0.04402322 -0.20193778 -0.17178646 -0.091525674 0.055068374 0.12784056 0.19135863 0.22369564 0.34304643
-0.023298025 0.013469831 0.10081304 0.089451596 0.04895932 0.0019781503 0.010411682 0.07197647 0.032860063 0.032321874 -0.08220456 -0.07342575 -0.032189026 0.015925646 -0.0012130552 0.054921195 -32767.0 -32767.0 -32767.0 -32767.0 -32767.0 -32767.0 -32767.0 -32767.0 -32767.0 -32767.0 0.0041138437 -0.04826772 0.0146251805 0.074149765 -0.14484565 -0.1404424 -0.14952928 -0.07389743 -0.09789408 -0.28021735 -0.35840163 -0.4091737 -0.34340203 -0.21381985 -0.038805485 0.14546447 0.3674262 0.5067386 0.4102711 0.22992305 0.1264797 0.06027205 -0.031106865 0.0148573 -0.12525228 -0.044748716 0.2453509 0.40680242 0.17549059 0.10877098 0.182412 0.23956107
0.26798603 0.16730177 0.15976287 0.044544503 -0.014728544 -0.09302704 -0.14588752 -0.06579048 0.054237086 0.14709027 0.13929616 0.07514469 0.023904072 -0.055476684 -0.051056944 -0.03408942 -32767.0 -32767.0 -32767.0 -32767.0 -32767.0 -32767.0 -32767.0 -32767.0 -32767.0 -32767.0 -32767.0 -0.104836926 -0.08352162 0.06960656 0.13322572 0.016442107 0.16141753 0.0777625 0.019340811 -0.11521442 -0.16620149 -0.16267681 -0.11857805 -0.058762718 0.06627478 0.13693912 0.20883182 0.12956288 -0.010621487 0.064366244 0.050546523 -0.022880768 -0.07339482 -0.04680269 -0.09822381 -0.10216839 -0.05681921 0.3577801 0.6511899 0.35180634 0.1347594 0.40126842
-32767.0 0.08780808 0.21167459 0.03336989 -0.006764139 -0.029819094 -0.08529437 -0.02205813 0.052386403 0.16415876 0.17699097 0.1238086 -0.012052417 -0.052714657 -0.077470124 -0.07116862 0.05348619 0.015298322 -32767.0 -32767.0 -32767.0 -32767.0 -32767.0 -32767.0 -32767.0 -32767.0 -32767.0 -32767.0 -0.025516953 -0.010289624 0.14301625 0.06719554 0.11855322 0.2244848 0.12429931 0.14809887 0.049948566 0.09314795 0.11618824 0.111768164 0.06148845 -0.02374744 0.07169604 -0.0185448 0.0009562569 -0.044690818 -0.09096752 -0.1286745 -0.06480319 0.036412228 0.07614011 0.029274605 -0.16190684 -0.16203856 0.0357963 0.4225355 0.34350884 -32767.0
-32767.0 0.0768019 0.07141341 0.097517386 0.15610681 0.09526158 0.100846075 0.13191426 0.1641041 0.20980874 0.262602 0.19787024 0.042243827 -0.05474466 -0.07809603 0.047521874 -32767.0 -0.030245092 -32767.0 -32767.0 -32767.0 -32767.0 -32767.0 -32767.0 -32767.0 -32767.0 -32767.0 -32767.0 -0.018400066 -0.091242194 -0.15440062 0.09633128 -0.07831684 0.15249836 0.27418092 0.40892664 0.44678345 0.38981605 0.31383035 0.2142108 0.10771446 -0.122475356 -0.11506552 -0.020948084 -0.046067 -0.057726797 -0.10830121 -0.042864777 0.0521971 0.066109516 0.13550451 0.45354623 0.40058094 0.035951316 -0.2713441 0.06541712 0.1019734 -32767.0
0.23605235 0.15667614 0.14022717 0.18065816 0.12913841 0.13167371 0.21741177 0.20173742 0.11632029 0.15133405 0.18085027 0.18112862 0.118732765 0.05944291 -0.0108525185 -32767.0 -32767.0 -32767.0 -32767.0 -32767.0 -32767.0 -32767.0 -32767.0 -32767.0 -32767.0 -32767.0 -32767.0 -32767.0 -0.007547915 -0.32262504 -0.29139146 -0.053497296 0.019678703 0.054062467 0.22544737 0.24910642 0.26612997 0.33416522 0.21675563 0.18834151 0.11744641 -0.039677788 -0.052363288 0.10030964 0.09814836 0.110499784 0.11598794 0.25491542 0.31459457 0.36620843 0.2419314 0.14242196 0.25802666 0.3502006 0.12706062 0.1341442 0.41475672 0.38007963
0.11844241 0.12530875 0.10719592 0.14892223 0.14359333 0.1349077 0.10875814 0.049846888 0.09129262 0.08994923 0.100826934 0.11395359 0.030717272 -0.022298863 -0.01665736 0.0022790679 -32767.0 -32767.0 -32767.0 -32767.0 -32767.0 -32767.0 -32767.0 -32767.0 -32767.0 -32767.0 -32767.0 -32767.0 -0.009875793 -0.23525998 -0.18304406 -0.3731881 0.10408812 0.23080069 0.09418455 0.21638191 0.29565865 0.2666926 0.18045168 0.12462579 0.104638994 0.1100312 0.10516775 0.26746404 0.27496973 -0.044514418 -0.015217856 0.07583428 0.009721989 0.12837096 0.24317557 0.25290626 0.24748945 0.30824634 0.15552956 0.42140466 0.240658 -32767.0
0.087150365 0.059575863 0.07815483 0.06807749 0.049175583 -0.011536154 -0.0044434406 0.025489205 0.013893167 -0.02392166 -0.025037993 -0.038839802 -0.014022199 0.008544115 -0.01534318 -0.08881097 -0.0016948861 -32767.0 -32767.0 -32767.0 -32767.0 -32767.0 -32767.0 -32767.0 -32767.0 -32767.0 -32767.0 -32767.0 0.21915014 -0.02492779 -0.100704566 0.029205808 0.0724764 0.09268424 0.10483813 -0.05996719 0.0413945 0.17316137 0.3350005 0.46460763 0.4822264 0.46230188 0.28173515 -32767.0 0.052187484 0.06361835 -0.05979749 -0.052933373 -0.18615715 -0.08310117 0.11779369 0.23008983 0.314918 0.43196014 0.490048 -32767.0 -32767.0 -32767.0
0.089050435 0.034036223 -0.053669143 -0.10152529 -0.037606165 0.00937512 0.015138863 -0.003982759 -0.04859649 -0.16458395 -0.24236384 -0.22309281 -0.13958365 -0.13117974 0.015071392 -0.038101505 0.042575657 -32767.0 -32767.0 -32767.0 -32767.0 -32767.0 -32767.0 -32767.0 -32767.0 -32767.0 -32767.0 -32767.0 -32767.0 0.0018223524 -0.045374762 0.115946576 0.02258901 -0.07014103 0.030844163 -0.008692359 0.17165796 0.26887572 0.23213704 0.21355993 0.23630792 0.1014227 0.019432914 0.07448389 0.14495164 0.15612517 0.3180512 0.23170564 0.072487205 0.13824828 0.3456729 0.19359231 0.22357674 0.38622713 0.41870755 -32767.0 -32767.0 -32767.0
0.09439215 0.038479116 0.015876323 -0.015303143 0.03822127 0.068743594 0.03745023 -0.023796313 -0.010925688 -0.059869625 -0.10156302 -0.18480922 -0.15861404 -0.114631824 -0.07051862 0.013506871 -0.066932544 -0.08527571 -32767.0 -32767.0 -32767.0 -32767.0 -32767.0 -32767.0 -32767.0 -32767.0 -32767.0 -32767.0 -0.115742594 0.25498158 0.07611027 0.13432863 0.099906616 -0.123908594 0.005166418 0.072238296 0.022582201 0.15797623 0.17654061 -0.13412379 0.04489216 0.34067097 0.50649923 0.5913377 0.48505893 0.19690414 0.19098635 0.45437038 0.4106017 0.35539138 0.2988313 -32767.0 0.07241593 0.024285128 0.13160717 -32767.0 -32767.0 -32767.0
0.058472678 0.05104478 0.122832425 0.11559304 0.12110753 0.0755882 0.025474142 0.016666237 0.018308153 0.04284804 0.026992831 0.050015092 0.07145355 -0.024890019 -0.08100247 -0.034151126 -0.059545223 -32767.0 -32767.0 -32767.0 -32767.0 -32767.0 -32767.0 -32767.0 -32767.0 -32767.0 -32767.0 -32767.0 0.3271321 0.2619886 0.09164342 -8.63364e-05 -0.026944347 0.0822609 0.1266487 0.17356247 0.2950032 0.3685066 0.2823602 0.23851496 0.27771172 0.35162202 -32767.0 -32767.0 0.16234387 -0.022333572 -32767.0 -32767.0 -32767.0 -32767.0 -32767.0 -32767.0 -32767.0 -32767.0 -32767.0 -32767.0 -32767.0 -32767.0
0.03387149 0.036079448 0.09812943 0.14118817 0.09807275 -0.064924106 -0.1249725 -0.077456996 -0.009590598 0.044912454 0.07709764 0.08874101 0.043689515 -0.10854049 -0.09786281 -0.081484504 -32767.0 -32767.0 -32767.0 -32767.0 -32767.0 -32767.0 -32767.0 -32767.0 -32767.0 -32767.0 -32767.0 0.42023584 0.6802848 0.6102539 0.075206906 -0.10919851 -0.07622101 0.048487484 0.23033774 0.29702905 0.29822862 0.3417548 0.29131624 0.2494951 0.18525884 -32767.0 -32767.0 -32767.0 -32767.0 -32767.0 -32767.0 -32767.0 -32767.0 -32767.0 -32767.0 -32767.0 -32767.0 -32767.0 -32767.0 -32767.0 -32767.0 -32767.0
6.102235e-05 0.04153016 0.060220703 0.05496226 -0.029265614 -0.032439034 0.0025298344 -0.029114699 -0.029299218 0.025349354 0.09376071 0.05148996 -0.019193215 -0.042197846 -0.04607863 -0.037683856 -32767.0 -32767.0 -32767.0 -32767.0 -32767.0 -32767.0 -32767.0 -32767.0 0.13349329 0.06252117 0.3319887 0.5857208 0.35972646 0.09341574 -0.009891154 -0.03476242 0.089083776 0.17963244 0.24728537 0.23384345 0.116191156 0.13398255 4.962925e-05 -32767.0 -32767.0 -32767.0 -32767.0 -32767.0 -32767.0 -32767.0 -32767.0 -32767.0 -32767.0 -32767.0 -32767.0 -32767.0 -32767.0 -32767.0 -32767.0 -32767.0 -32767.0 -0.03740868
-0.04731926 -0.022549825 -0.0005209558 -0.028820535 -0.018064523 -0.025828263 -0.0404644 -0.067173146 -0.016384162 0.089000784 0.20748784 0.10940639 0.06691023 -0.026171166 0.013437552 -0.04662593 -32767.0 -32767.0 -32767.0 -32767.0 -0.06533264 0.0034431096 -0.00879189 0.11461421 0.11999455 0.24527575 0.28501496 0.31225076 -0.037690397 -0.19601396 -0.0441464 0.07056381 0.24566479 0.39949882 0.17824115 0.10316943 0.13920142 0.15543573 -32767.0 -32767.0 -32767.0 -32767.0 -32767.0 -32767.0 -32767.0 -32767.0 -32767.0 -32767.0 -0.091022715 -0.02272499 -32767.0 -32767.0 -32767.0 -32767.0 -32767.0 -32767.0 -32767.0 -0.2086074
-0.06509516 -0.05053045 -0.12700911 -0.15055344 -0.08351439 -0.08768156 -0.14579764 -0.09495102 -0.007748368 0.11872533 0.15807834 0.19309975 -0.0096497545 0.11856268 -0.06920083 -32767.0 -0.19195072 -32767.0 -0.05686325 -32767.0 -0.109733626 -32767.0 0.0015067249 0.031313203 0.048593923 0.20687968 0.24484572 0.17459704 -0.103983186 -0.13293861 0.24487571 0.46371382 0.4599327 0.28603625 0.04525635 0.054055754 -32767.0 -32767.0 -32767.0 -32767.0 -32767.0 -32767.0 -32767.0 -32767.0 0.023629628 -0.04158544 -0.1732414 -0.023895385 -0.096663594 0.0021497963 -0.013245357 0.025790425 -32767.0 -32767.0 -32767.0 -32767.0 -32767.0 -0.00460802
-0.010950291 -0.029878205 -0.18473595 -0.15835078 -0.1234381 -0.129214 -0.15241973 -0.10558734 0.0105811 0.06886853 0.09459336 0.10958035 0.03618017 -0.011096032 0.10879576 0.27730054 0.21759412 0.33529162 0.40874267 0.4001538 0.014282359 -0.048577264 0.10711856 0.26595142 0.40382755 0.45504412 0.3102946 -32767.0 0.11812494 0.56394356 0.45794094 0.24497184 0.1304594 0.09086422 -32767.0 -32767.0 -32767.0 -32767.0 -32767.0 -0.26740643 -0.15484646 -0.108697295 0.11061926 -0.09918634 -0.047927152 0.044824746 -32767.0 -32767.0 0.116428934 0.027129833 0.049722783 -32767.0 -32767.0 -32767.0 -32767.0 -32767.0 0.07259252 -0.006477153
0.035845183 -0.0047138603 -0.09018852 -0.17843692 -0.21338148 -0.24189357 -0.2598947 -0.25551087 -0.14380397 -0.06299391 -0.055084586 -0.050772462 -0.008220042 0.09898442 0.12770616 0.21936102 0.40024725 0.5081099 0.62398106 0.6359051 0.6262235 0.4976095 0.30709183 0.3254309 0.32857856 0.36564758 0.42795196 0.49566755 0.5227207 0.32113805 0.06423718 -0.034852266 0.03805818 -0.08825852 -0.026629066 -32767.0 -0.023621622 -0.031594895 -32767.0 -0.171391 -0.20113596 -0.36919618 -32767.0 -0.12602602 -0.14238273 -32767.0 -32767.0 -32767.0 -32767.0 -0.07115192 -0.047769275 -32767.0 -32767.0 -32767.0 -32767.0 0.09281942 0.06981106 -0.21940473
