static/data/seaWater_uo/2023/7/26/12.asc
ncols 137
nrows 93
xllcorner 108.0
yllcorner 17.0
cellsize 0.25
NODATA_value -32767
[rows 0 to 25 of 93, columns 58 to 115 of 137]
-32767.0 -32767.0 -32767.0 -32767.0 -32767.0 -32767.0 -32767.0 -32767.0 -32767.0 -32767.0 -32767.0 -32767.0 -32767.0 -32767.0 -32767.0 -32767.0 -32767.0 -32767.0 -32767.0 -32767.0 -32767.0 -32767.0 -0.00031568203 -0.00059443107 -0.23609747 -0.09967132 0.22570153 0.48985302 0.508755 0.35214624 0.107770965 -0.02230573 -0.10329434 -0.01770094 0.10522105 0.090302646 -0.011197205 -0.039195202 -0.10586958 -0.15321207 -0.11253503 -0.16042744 0.07349077 0.13271268 0.24450299 0.17793252 -0.082156844 -0.087468155 -0.025330398 0.090749934 0.21639101 0.33704305 0.419191 0.49825647 0.65575737 0.5534229 0.53483456 0.38651592
-32767.0 -32767.0 -32767.0 -0.058483146 -0.13996527 -0.049521536 -0.06959278 -0.054293886 -0.039282694 -0.0079608075 -32767.0 -32767.0 -32767.0 -32767.0 -32767.0 -32767.0 -32767.0 -32767.0 -32767.0 -32767.0 -32767.0 0.23957026 0.28706107 -0.02456132 0.17162342 0.40657446 0.39396533 0.3935692 0.46399876 0.50339216 0.47515208 0.37695682 0.22808768 0.18831848 0.14137164 0.0077491933 0.03264349 0.038553882 -0.04753903 -0.09171353 -0.078583576 -0.06847039 0.14852107 0.17469421 0.14922382 0.07358179 -0.048568822 0.06423992 0.09932045 0.05405106 0.07048928 0.05293118 0.027697435 0.06652007 0.20714621 0.198138 0.23811103 0.2064569
-32767.0 -0.052271754 -32767.0 -0.08336419 -0.062418643 -0.043777052 -0.15392253 -0.12515445 -0.10025193 -0.08466071 -0.008009845 0.09537883 -32767.0 -32767.0 -32767.0 -32767.0 -32767.0 -32767.0 -32767.0 -32767.0 -32767.0 0.21740179 0.122488156 0.028069064 0.25387385 0.4180938 0.36765543 0.24002069 0.4390333 0.541651 0.57687896 0.5143292 0.45111695 0.35158998 0.11618547 0.0060556484 0.044764783 -0.07001094 -0.05704485 -0.035152864 0.124531895 0.2634145 0.3431917 0.26594132 0.16303124 -0.0005016923 -0.00502244 0.040703334 -0.06604742 -0.3189924 -0.34206796 -0.24213569 -0.12734775 -0.07268607 -0.09783599 -0.18129641 -0.14009923 -0.18244712
-0.0492159 -32767.0 0.04999329 0.011452919 0.025932841 0.061190687 -0.06289309 -0.104210585 -0.024422303 -0.045814533 -0.0064826496 -0.0010695755 -32767.0 -32767.0 -32767.0 -32767.0 -32767.0 -32767.0 -32767.0 -32767.0 0.06304285 0.05222099 0.16850907 0.111891225 0.17036608 0.37228894 0.23452595 0.23551439 0.35494688 0.5894227 0.7138799 0.5474226 0.368584 0.23277733 0.06681519 0.033362355 0.017611802 0.025478939 0.001038467 0.17953782 0.36007518 0.4037939 0.37053016 0.29663995 0.14258526 -0.011527885 -0.040140893 -0.1023032 -0.24060115 -0.21412182 -0.09138135 0.01590709 -0.08130008 -0.15601887 -0.12388487 -0.26925617 -0.26387134 -0.054317802
0.2168084 -32767.0 0.2297435 0.035762098 0.14093858 0.17583345 0.13007279 0.068939485 -0.0016904268 0.009060763 -0.02901148 -32767.0 -32767.0 -32767.0 -32767.0 -32767.0 -32767.0 -32767.0 -32767.0 -32767.0 -32767.0 -32767.0 0.22732715 0.41569927 0.22690605 0.22901762 0.30818614 0.20891786 0.030613825 0.275459 0.38926253 0.2890515 0.26297963 0.19169115 0.31673074 0.42592543 0.53189677 0.6270769 0.6042005 0.5040756 0.31484756 0.23782611 0.17330639 0.09481026 0.004778807 -0.12063765 -0.10353999 -0.08597952 -0.03223688 0.25284064 0.22247063 0.25147203 0.10229669 0.008364745 -0.059781596 -0.13573255 -0.07951399 -0.20805338
0.37819 0.3643875 0.36376637 0.36265892 0.354983 0.34363443 0.27248323 0.11461739 0.062195737 0.1443322 0.033680543 -32767.0 -32767.0 -32767.0 -32767.0 -32767.0 -32767.0 -32767.0 -32767.0 -32767.0 -32767.0 -32767.0 -32767.0 0.3239951 0.39611408 0.31901103 0.09742841 0.0434679 -0.13417952 -0.08877224 0.22487372 0.13049851 0.04470324 0.05653731 0.17599866 0.45265672 0.5664621 0.4731565 0.3494287 0.15907383 0.14783378 -0.016107505 -0.18337436 -0.21202016 -0.26524708 -0.18746316 0.049513776 0.28592342 0.5914164 0.8360746 0.88244736 0.71284497 0.3601915 0.13478011 0.024321327 0.023741554 -0.061268248 -0.14445677
0.45918295 0.46625295 0.453117 0.3837581 0.34674358 0.3632872 0.35702544 0.25739533 0.20891497 0.10050316 0.02057435 -32767.0 -32767.0 -32767.0 -32767.0 -32767.0 -32767.0 -32767.0 -32767.0 -32767.0 -32767.0 -32767.0 -32767.0 -32767.0 0.2260983 0.29399815 0.1749629 -0.05904693 -0.06026581 -0.12233868 0.15320298 0.17696668 0.12909739 0.082262345 0.02839419 0.097260006 0.12362488 0.13626555 0.017678712 -0.04100972 -0.11103245 -0.2948145 -0.37395808 -0.36543682 -0.23508996 -0.040718775 0.19155098 0.5204561 0.63212746 0.6823037 0.590263 0.48346275 0.29461697 0.18731762 0.13675086 0.08712992 -0.03747344 0.02412415
0.37405607 0.33886012 0.29155746 0.23666064 0.22545654 0.22925904 0.25612167 0.19448933 0.09655817 0.07240449 -32767.0 -32767.0 -32767.0 -32767.0 -32767.0 -32767.0 -32767.0 -32767.0 -32767.0 -32767.0 -32767.0 -32767.0 -32767.0 -32767.0 -32767.0 0.36887035 0.31680146 0.16436453 0.2279607 0.13195324 0.21329974 0.16646804 -0.03724844 -0.152279 -0.10682868 0.10671266 0.1809232 0.24253108 0.20996518 0.13131498 0.049509183 0.089573525 0.123822965 0.21634379 0.3774453 0.5598456 0.6516142 0.4735057 0.27591833 0.028119965 -0.014856584 -0.021375 0.02249585 0.07349368 0.14938228 0.25977746 0.3110711 0.09116191
0.24367493 0.19997938 0.15727043 0.15269619 0.16918017 0.17781103 0.16349457 0.090337805 0.030706802 -32767.0 -0.009400194 -32767.0 -32767.0 -32767.0 -32767.0 -32767.0 -32767.0 -32767.0 -32767.0 -32767.0 -32767.0 -32767.0 -32767.0 -32767.0 -32767.0 0.25828758 0.43579075 0.35697696 0.29923347 0.32720172 0.28646666 0.115683585 -0.058627687 -0.15115455 -0.12653038 -0.12640387 -0.1234058 -0.06347248 -0.020944795 0.01661165 0.07349933 0.22530091 0.40173072 0.56509465 0.676602 0.6852967 0.47085807 0.069028944 -0.14506905 -0.10987227 -0.07243511 0.019666713 0.17820396 -0.062478773 -0.1128757 0.0038418053 0.14483708 0.22562045
0.18511544 0.11953466 0.10877142 0.14993623 0.14956602 0.19942248 0.21405312 0.17847188 0.12885398 -0.18538316 -0.19652848 -0.10132941 -0.043440532 -0.012816995 0.006688157 0.045333292 -32767.0 -32767.0 -32767.0 -32767.0 -32767.0 -32767.0 -32767.0 -32767.0 -32767.0 -32767.0 0.1782817 0.34892017 0.1311128 0.40804833 0.35099363 0.11874915 -0.07771352 -0.024883844 -0.13975845 -0.3058795 -0.3764948 -0.38197854 -0.39146176 -0.31808785 -0.110039875 0.14880063 0.26258466 0.29611707 0.23993124 0.10637909 -0.05932654 -0.08466737 -0.0016696355 -0.059423268 0.01952762 0.028772216 0.047968123 0.2823037 0.08563084 0.17154165 0.25290418 0.14034685
0.2889975 0.2925172 0.039358247 0.18357301 0.21235642 0.2803141 0.31478873 0.20072602 0.11576249 0.052713107 -0.061972007 0.05211174 -0.05213107 -0.08702883 -0.03916024 -0.03609499 -32767.0 -32767.0 -32767.0 -32767.0 -32767.0 -32767.0 -32767.0 -32767.0 -32767.0 -32767.0 -32767.0 0.089298725 0.019554209 0.22748053 0.44904578 0.4190762 0.20340331 0.16294073 0.089561 -0.090731345 -0.1782783 -0.15232252 -0.12302593 -0.09406699 -0.09238881 0.084266916 -0.021834355 -0.10687635 -0.14146055 -0.09810291 -0.11737696 -0.110836305 -0.08026601 -0.17962441 -0.13336568 -0.36916113 -0.5026445 -0.05453691 0.3212726 0.23807716 0.12064538 0.6084866
-32767.0 0.0225149 0.121581525 0.14910656 0.22223242 0.2776917 0.26832387 0.17774269 0.066124655 -0.0026421654 -0.028497558 -0.09840604 -0.027355164 0.014851258 -0.024532538 -0.005164101 0.14089732 0.08519597 -32767.0 -32767.0 -32767.0 -32767.0 -32767.0 -32767.0 -32767.0 -32767.0 -32767.0 -32767.0 0.111625135 0.2346991 0.27454117 0.44831783 0.45078802 0.35802138 0.1854671 0.105357856 0.08086737 0.07844566 0.06571001 0.06387276 -0.006156449 -0.06805303 -0.18491557 -0.06967817 0.0043812743 -0.11407325 -0.21317829 -0.119137995 0.008533777 0.020643566 -0.02316088 -0.08267648 -0.23069234 -0.5687157 -0.062097702 0.22494406 0.15578158 -32767.0
-32767.0 -0.0722529 -0.0657322 0.024813823 0.082175575 0.1332711 0.13789164 0.12852551 0.08408155 0.026366485 -0.008477784 -0.08740331 -0.097912915 0.046182644 0.0074360278 0.048031475 -32767.0 -0.021893747 -32767.0 -32767.0 -32767.0 -32767.0 -32767.0 -32767.0 -32767.0 -32767.0 -32767.0 -32767.0 0.0663668 0.106582776 0.14738084 0.23519197 0.2078373 0.36895248 0.28852344 0.3768955 0.4431211 0.41372645 0.32878742 0.1537349 -0.005392938 -0.08720211 -0.1360704 -0.08357293 -0.029534714 -0.036318224 -0.016508859 0.019391414 0.060705263 0.09758008 0.023593806 0.0006098519 0.13182686 0.006930831 -0.7049895 -0.34330943 0.010215026 -32767.0
0.02684506 -0.060688004 -0.07863134 -0.0102600325 -0.0033858384 -0.05048959 -0.097696535 -0.06931759 -0.04798203 -0.039274994 -0.07049364 -0.090105824 -0.0326353 0.041844536 -0.042298876 -32767.0 -32767.0 -32767.0 -32767.0 -32767.0 -32767.0 -32767.0 -32767.0 -32767.0 -32767.0 -32767.0 -32767.0 -32767.0 0.015385473 -0.10935635 0.085103095 0.09197987 0.13583724 0.18470317 0.24310237 0.26475108 0.21361788 0.18075277 0.1755049 0.120128386 0.025849862 0.077265486 -0.060361978 0.025393289 0.020908026 0.12867394 0.18687844 0.21794522 0.16550861 0.17538236 0.12616898 0.03067528 -0.03466217 -0.008029636 0.11388325 -0.14115097 -0.3977298 -0.33559018
0.02225307 0.01405544 -0.050369833 -0.10924197 -0.09645162 -0.16026886 -0.18183863 -0.14889884 -0.08611651 -0.05879272 -0.06891675 -0.041329823 -0.026710909 -0.053522885 0.010058587 0.010678099 -32767.0 -32767.0 -32767.0 -32767.0 -32767.0 -32767.0 -32767.0 -32767.0 -32767.0 -32767.0 -32767.0 -32767.0 -0.043734554 0.036923036 0.1322497 -0.21235533 0.1842696 0.27086538 0.18302895 0.2106023 0.21508966 0.12930712 0.11201149 0.06647733 0.14277126 0.13006628 0.15932551 0.04665808 0.16506305 0.10697078 0.09287586 -0.056622293 -0.053008854 -0.1335976 -0.036439896 0.10416281 0.046669003 -0.14617269 0.30382746 -0.0048857024 -0.22478835 -32767.0
-0.085518226 -0.05351429 -0.077483974 -0.09253001 -0.11473964 -0.14746013 -0.090023324 -0.068839476 -0.008505834 -0.00018631248 0.021474198 0.043179676 0.03303142 0.024156094 0.039001327 -0.019180037 0.02790501 -32767.0 -32767.0 -32767.0 -32767.0 -32767.0 -32767.0 -32767.0 -32767.0 -32767.0 -32767.0 -32767.0 0.25905854 0.112151004 0.14666316 0.05980752 0.23887889 0.17062098 0.026740769 0.001675477 0.012500602 0.14365715 0.2968332 0.43821776 0.4710059 0.38701203 0.1162662 -32767.0 -0.051679768 0.09681647 0.03939082 0.053935397 0.11986224 -0.05521502 -0.041493807 -0.043904208 0.2752304 0.45862028 0.13583517 -32767.0 -32767.0 -32767.0
-0.08737358 -0.09911256 -0.0847111 -0.057476204 -0.041836515 0.015345791 0.013579778 0.035810094 0.10940312 0.13564532 0.12874466 0.13968621 0.16857721 0.16625185 0.12744975 -0.00028446666 0.03740012 -32767.0 -32767.0 -32767.0 -32767.0 -32767.0 -32767.0 -32767.0 -32767.0 -32767.0 -32767.0 -32767.0 -32767.0 0.28570843 0.24469568 0.23644203 0.08204403 0.11381612 -0.04421959 0.020910848 0.28761625 0.41930428 0.39146796 0.18548995 0.0982114 -0.0655773 -0.052614905 -0.09895927 0.014699158 0.20708916 0.3150823 0.32419032 -0.1266924 0.18395688 0.38360924 0.35909107 0.24704824 0.022769015 0.043592684 -32767.0 -32767.0 -32767.0
-0.12669936 -0.14045408 -0.117201865 -0.028842656 -0.003972715 0.020722093 0.0875722 0.08434994 0.077721156 0.13741691 0.19828571 0.23436739 0.17368262 0.1937167 0.105735496 0.0133891385 -0.048035815 -0.08708077 -32767.0 -32767.0 -32767.0 -32767.0 -32767.0 -32767.0 -32767.0 -32767.0 -32767.0 -32767.0 0.064365074 0.31502405 0.20758447 0.12397511 -0.01934492 -0.12790775 -0.05169727 0.17298199 0.08265954 0.22221571 0.22174616 -0.14431685 -0.18133844 0.19627969 0.47571585 0.4536361 0.23728545 0.14678991 -0.027590897 -0.029284492 0.21156766 0.07472475 -0.113901526 -32767.0 -0.141011 -0.36418316 -0.2548659 -32767.0 -32767.0 -32767.0
-0.029081935 -0.058298092 -0.08999698 -0.04929559 -0.03283498 -0.008627157 0.008945818 -0.019858787 -0.080481134 -0.06588824 0.030951634 0.080787204 0.04513871 -0.020226074 -0.09522202 0.054820344 -0.018893782 -32767.0 -32767.0 -32767.0 -32767.0 -32767.0 -32767.0 -32767.0 -32767.0 -32767.0 -32767.0 -32767.0 0.29256052 0.26150295 0.07610149 -0.048566815 -0.09379092 0.029172134 0.11333532 0.15280661 0.20855397 0.17750472 0.23945586 0.2258732 0.2873557 0.21211152 -32767.0 -32767.0 -0.033436824 0.1283293 -32767.0 -32767.0 -32767.0 -32767.0 -32767.0 -32767.0 -32767.0 -32767.0 -32767.0 -32767.0 -32767.0 -32767.0
0.0758186 0.043452963 -0.025515063 -0.06233802 -0.017497744 -0.04344142 -0.14509544 -0.11377311 -0.054554075 -0.047000613 -0.11959703 -0.110650115 0.042637143 -0.020427756 -0.09009436 0.009539597 -32767.0 -32767.0 -32767.0 -32767.0 -32767.0 -32767.0 -32767.0 -32767.0 -32767.0 -32767.0 -32767.0 0.39305976 0.6071446 0.562774 0.16839322 -0.105896644 -0.19663318 -0.06368299 0.1590122 0.15127836 0.08827418 -0.09893897 -0.04558036 -0.04248971 -0.10276991 -32767.0 -32767.0 -32767.0 -32767.0 -32767.0 -32767.0 -32767.0 -32767.0 -32767.0 -32767.0 -32767.0 -32767.0 -32767.0 -32767.0 -32767.0 -32767.0 -32767.0
0.1340837 0.06761702 -0.023987703 -0.07699454 -0.14065401 -0.13223216 -0.046678975 0.033791937 0.040681034 -0.038501885 -0.107697345 -0.121706635 -0.059751604 0.033690345 0.04103763 -0.020772493 -32767.0 -32767.0 -32767.0 -32767.0 -32767.0 -32767.0 -32767.0 -32767.0 0.09650763 0.1545297 0.41217285 0.46264708 0.24800885 0.018503672 -0.19465964 -0.09781568 -0.025114117 -0.07090198 0.06337067 0.0752557 -0.17183273 -0.3516457 -0.3423927 -32767.0 -32767.0 -32767.0 -32767.0 -32767.0 -32767.0 -32767.0 -32767.0 -32767.0 -32767.0 -32767.0 -32767.0 -32767.0 -32767.0 -32767.0 -32767.0 -32767.0 -32767.0 0.06451675
0.093614265 0.026125764 0.005495292 -0.027854273 -0.029789895 0.005555143 0.04820492 0.041276127 0.033504277 0.011898281 -0.0013402961 -0.014190002 0.16005704 0.04672823 0.038136955 0.026601702 -32767.0 -32767.0 -32767.0 -32767.0 0.018277097 0.08145707 0.109692134 0.1044624 0.09894687 0.27731663 0.29094866 0.16428874 -0.15411001 -0.3168485 -0.21332237 -0.015428936 0.040823337 0.06298926 0.08678629 -0.119726695 -0.17148443 -0.2518351 -32767.0 -32767.0 -32767.0 -32767.0 -32767.0 -32767.0 -32767.0 -32767.0 -32767.0 -32767.0 -0.04499665 0.024786854 -32767.0 -32767.0 -32767.0 -32767.0 -32767.0 -32767.0 -32767.0 0.16710824
0.11305878 0.11900516 0.14038892 0.061914396 0.012018799 -0.0045546712 0.035886798 0.05864137 0.03481709 -0.04693904 -0.056524377 -0.05311215 0.017245755 0.21012618 -0.14630458 -32767.0 -0.121447764 -32767.0 0.0124767 -32767.0 -0.05475222 -32767.0 0.21474563 0.33811244 0.3500276 0.21415108 0.2279758 0.15822358 0.028069073 -0.27462688 0.07793497 0.36193627 0.45097527 0.26618838 -0.06602688 -0.31828848 -32767.0 -32767.0 -32767.0 -32767.0 -32767.0 -32767.0 -32767.0 -32767.0 0.07789604 0.046975788 0.07439403 0.041641664 0.010130117 -0.10533248 -0.0147284195 0.09051325 -32767.0 -32767.0 -32767.0 -32767.0 -32767.0 0.10734039
0.19166102 0.20960163 0.16066372 0.116931625 0.08360567 0.1637164 0.23238651 0.17772421 0.050340652 0.007923974 0.048856378 0.09696812 0.07589147 0.09800524 0.1960901 0.2169662 0.1446495 0.25923142 0.32766363 0.37868407 0.08536409 0.033528876 0.16823451 0.40019453 0.6061899 0.604122 0.37925512 -32767.0 0.09008871 0.29368746 0.42295226 0.37178198 0.13809888 -0.09934487 -32767.0 -32767.0 -32767.0 -32767.0 -32767.0 0.2556488 0.20168476 0.2860304 0.0504705 0.20901835 0.28171843 0.21877863 -32767.0 -32767.0 0.11780224 0.005900735 0.11555705 -32767.0 -32767.0 -32767.0 -32767.0 -32767.0 0.21660465 0.06745691
0.082537964 0.20579714 0.28270176 0.3006389 0.28382117 0.3261977 0.2899911 0.26064754 0.16603021 0.06492629 0.048673876 0.1771608 0.17059183 0.217727 0.14039409 0.19881058 0.389392 0.51926005 0.6590952 0.67983186 0.4194455 0.36052054 0.24787295 0.4656335 0.5120061 0.41985756 0.2959056 0.29622212 0.2527114 0.2727184 0.16139737 -0.02171857 -0.21797432 -0.039753646 -0.01782537 -32767.0 0.021611057 0.07124614 -32767.0 0.15476973 0.33173692 0.28868055 -32767.0 -0.017869484 -0.079969905 -32767.0 -32767.0 -32767.0 -32767.0 0.2096193 -0.095951475 -32767.0 -32767.0 -32767.0 -32767.0 0.41138157 0.3468909 0.009963166
0.15867165 0.17517203 0.2521929 0.29059756 0.3477118 0.30385855 0.26800397 0.25564504 0.22659838 0.18006864 0.18331179 0.15950954 0.12449851 0.14993103 0.13670433 0.21277426 0.25521168 0.3220915 0.3872583 0.3757063 0.2983919 0.26538366 0.41927436 0.5302514 0.5467332 0.51674974 0.42114675 0.2753282 0.048826918 -32767.0 -0.08226349 -0.26684293 -32767.0 -32767.0 0.019340621 0.11839406 0.14288753 0.14998353 -0.074544765 -0.080480084 -0.025158023 -32767.0 -32767.0 -32767.0 -32767.0 -32767.0 -32767.0 -32767.0 -32767.0 0.13585143 0.0016118812 0.02151203 -32767.0 -32767.0 0.2010236 0.00067244575 -0.21838133 -0.069903515
