static/data/seaWater_uo/2023/7/26/18.asc
ncols 137
nrows 93
xllcorner 108.0
yllcorner 17.0
cellsize 0.25
NODATA_value -32767
[rows 0 to 25 of 93, columns 58 to 115 of 137]
-32767.0 -32767.0 -32767.0 -32767.0 -32767.0 -32767.0 -32767.0 -32767.0 -32767.0 -32767.0 -32767.0 -32767.0 -32767.0 -32767.0 -32767.0 -32767.0 -32767.0 -32767.0 -32767.0 -32767.0 -32767.0 -32767.0 -0.020148994 0.080628105 -0.13675924 -0.065837905 0.3557812 0.53741366 0.53397787 0.3024076 0.07083307 0.07651363 0.13293369 0.2858221 0.3962974 0.3793467 0.31018063 0.2411653 0.1843054 0.12720147 0.19035457 0.22456874 0.20610526 0.25282854 0.2700094 0.15393701 -0.0834957 -0.10290781 -0.051075794 0.09554238 0.17212103 0.23725078 0.39714366 0.59339446 0.6741878 0.659996 0.6005829 0.49844366
-32767.0 -32767.0 -32767.0 -0.03262701 -0.037841212 0.010457863 -0.020730847 -0.020107344 -0.016836911 0.0046524433 -32767.0 -32767.0 -32767.0 -32767.0 -32767.0 -32767.0 -32767.0 -32767.0 -32767.0 -32767.0 -32767.0 0.2137063 0.38939175 0.24355698 0.08499419 0.3037457 0.20057409 0.13565738 0.15566887 0.17847721 0.14905123 0.18865532 0.3711965 0.46221238 0.5279719 0.36329466 0.22167657 0.25623956 0.18700546 0.14327449 0.20903847 0.34418485 0.41174507 0.34023106 0.15739027 0.07168077 -0.07631952 -0.05278401 0.12957591 0.20937204 0.14990874 0.15897734 0.19256786 0.24499579 0.22835374 0.27720782 0.3783573 0.3820999
-32767.0 -0.02913879 -32767.0 -0.059401836 -0.07931499 -0.090815164 -0.14904481 -0.101831295 -0.039477084 -0.029281382 0.0060329325 0.044321924 -32767.0 -32767.0 -32767.0 -32767.0 -32767.0 -32767.0 -32767.0 -32767.0 -32767.0 0.1330095 0.18371154 0.040052116 0.18121125 0.14754915 -0.018301018 -0.015378552 0.06330929 0.18533388 0.20547293 0.25221264 0.38461226 0.52215236 0.36950684 0.28032726 0.11724791 0.038123325 0.08393483 0.18117249 0.3288608 0.52381593 0.5879482 0.41960734 0.12941217 0.047526006 0.0069802366 0.13333823 -0.06712416 -0.19095 -0.26334655 -0.1586437 0.0029863957 0.021252442 -0.07634648 -0.025742956 -0.037638932 -0.034762803
-0.050445624 -32767.0 -0.08021737 -0.11917518 -0.20369405 -0.09833122 -0.022560751 -0.098736234 -0.056613494 -0.016437944 0.019881632 -0.026288847 -32767.0 -32767.0 -32767.0 -32767.0 -32767.0 -32767.0 -32767.0 -32767.0 -0.04632201 0.024704466 0.06515099 0.06044817 0.02349295 -0.117396876 -0.19510597 -0.11251698 0.22987203 0.4722644 0.483007 0.40254316 0.45386854 0.4865915 0.30387452 0.21171595 0.04621014 0.015923519 0.012199935 0.22272763 0.46927303 0.6076649 0.49600214 0.3713573 0.13070476 -0.0032913545 0.033194363 -0.0011302348 -0.13168709 -0.13322446 -0.06500408 -0.083876565 0.034773104 0.014854416 -0.14066032 -0.20867336 -0.1503176 -0.08104307
-0.19847229 -32767.0 -0.021353591 -0.08455585 -0.042610005 -0.0668553 -0.025980461 -0.03837208 -0.019249078 0.021243209 -0.0078061437 -32767.0 -32767.0 -32767.0 -32767.0 -32767.0 -32767.0 -32767.0 -32767.0 -32767.0 -32767.0 -32767.0 0.06583374 0.28611276 -0.0053453827 -0.2262586 -0.09723672 0.048602395 0.14249107 0.21286415 0.41305637 0.3075078 0.37591413 0.46310622 0.61775607 0.53426987 0.43857646 0.50196904 0.54715466 0.53161937 0.5573733 0.43240735 0.36624166 0.21321827 -0.011219469 -0.03405457 0.0051748566 0.023966918 0.20460108 0.12645565 0.0375908 0.014375754 0.1306512 0.056354683 -0.054233532 -0.003971462 0.041570075 0.02178442
-0.14906415 -0.10081263 -0.028507331 0.039775584 0.08311461 0.048260286 -0.020042129 -0.027684368 0.023018058 0.09312093 0.043318834 -32767.0 -32767.0 -32767.0 -32767.0 -32767.0 -32767.0 -32767.0 -32767.0 -32767.0 -32767.0 -32767.0 -32767.0 0.15079105 0.07870462 -0.11647249 -0.063415125 -0.07136544 -0.032405674 -0.14126983 0.22323354 0.28262845 0.18195248 0.26299885 0.4095386 0.6021409 0.7004723 0.64868605 0.61031425 0.5323133 0.22840269 0.0882141 -0.07360686 -0.09728034 -0.17660844 -0.021173608 0.044959005 0.20815447 0.4512918 0.6664384 0.77265316 0.6384812 0.46183598 0.27260563 0.10161929 0.034456752 0.08134257 0.18655178
-0.09192145 0.0017137481 0.051762905 0.14103733 0.15735249 0.120366454 -0.0052402047 0.01758963 0.09057445 0.057125013 0.040223833 -32767.0 -32767.0 -32767.0 -32767.0 -32767.0 -32767.0 -32767.0 -32767.0 -32767.0 -32767.0 -32767.0 -32767.0 -32767.0 0.07364813 -0.13181369 -0.17227542 -0.13167554 -0.07989461 -0.059443254 0.04762977 0.16721015 0.12796223 0.10613731 0.09993139 0.07565169 0.13305205 0.2709363 0.27561983 0.13091065 -0.1274115 -0.30230057 -0.32479692 -0.315489 -0.114868134 0.11273381 0.1472545 0.39017895 0.6267536 0.59153765 0.5385957 0.4527197 0.3599725 0.33965126 0.33599404 0.16942678 0.110946424 0.21900217
-0.015723465 0.050895825 0.13495721 0.15937427 0.18431455 0.15352125 0.103578836 0.098073356 0.0497847 0.025256172 -32767.0 -32767.0 -32767.0 -32767.0 -32767.0 -32767.0 -32767.0 -32767.0 -32767.0 -32767.0 -32767.0 -32767.0 -32767.0 -32767.0 -32767.0 -0.05772164 -0.19355862 -0.2778065 -0.15823545 0.09063486 0.16493353 -0.009954309 0.011244645 -0.15884426 -0.1601175 -0.01217859 0.13626342 0.2639613 0.27778906 0.092348546 0.01628187 -0.03574467 0.10903974 0.2650372 0.41872832 0.53661245 0.51558614 0.4292829 0.19428267 0.008287385 -0.09654389 -0.07725271 0.039097615 0.17219596 0.34685823 0.48974484 0.39521936 0.29272783
0.11745754 0.11768798 0.12663504 0.21580583 0.22372676 0.20247237 0.11674354 0.04962303 0.0022207946 -32767.0 -0.024219519 -32767.0 -32767.0 -32767.0 -32767.0 -32767.0 -32767.0 -32767.0 -32767.0 -32767.0 -32767.0 -32767.0 -32767.0 -32767.0 -32767.0 0.15479423 0.05854222 0.002706618 0.08416318 0.3528855 0.21619624 -0.08487421 -0.11844639 -0.16608076 -0.10286105 -0.12874402 -0.08985133 -0.014515761 -0.020452358 0.02519545 0.13999702 0.25347233 0.42965707 0.6205285 0.7294514 0.6345343 0.37036386 0.11259169 -0.028541027 -0.09530666 -0.18001842 -0.11373206 0.03264387 0.10231185 0.050303794 0.18101236 0.28258502 0.32842335
0.04480561 0.06489997 0.08189573 0.106735125 0.1029236 0.047588002 0.040341318 0.09012282 0.0071778013 0.0667209 -0.11052314 -0.07543674 0.0021514434 0.033671495 0.021907503 0.08870105 -32767.0 -32767.0 -32767.0 -32767.0 -32767.0 -32767.0 -32767.0 -32767.0 -32767.0 -32767.0 0.11675823 0.0489009 -0.025447827 0.27057362 0.2598068 -0.075005464 -0.03198162 -0.064322986 -0.15794252 -0.3423877 -0.38315603 -0.42977408 -0.39924553 -0.28963214 -0.081070706 0.13697949 0.34174564 0.35876572 0.2401574 0.11798736 0.06412076 -0.001632306 -0.045744475 -0.08447014 -0.188304 0.061413925 0.10546716 0.33320388 0.09195515 0.09765833 0.16633797 0.1853564
0.25187445 0.23878597 0.08793058 0.058777172 0.011405419 -0.02072594 -0.06766172 -0.017230652 0.10439504 0.16912681 0.13271582 0.026914284 -0.0077487193 -0.009448829 0.014717154 0.024101045 -32767.0 -32767.0 -32767.0 -32767.0 -32767.0 -32767.0 -32767.0 -32767.0 -32767.0 -32767.0 -32767.0 -0.05579684 -0.2338291 0.018716209 0.31726652 0.19642818 0.10500404 0.06285534 -0.01032956 -0.12002635 -0.20235136 -0.23036219 -0.18597288 -0.10365439 0.04449011 0.09038906 0.1525953 -0.003190383 -0.12330094 0.004746821 -0.047790434 -0.12242849 -0.10884269 -0.07430704 -0.06974858 -0.14782767 -0.18728814 0.08073782 0.38260564 0.33937612 0.21309702 0.5467769
-32767.0 0.039122343 0.15813269 0.07998621 0.031716906 0.032160096 0.053885065 0.06202152 0.067937374 0.1747514 0.17280267 0.10333904 0.0038058935 0.015589859 0.004835724 -0.020697141 0.13556492 0.001414557 -32767.0 -32767.0 -32767.0 -32767.0 -32767.0 -32767.0 -32767.0 -32767.0 -32767.0 -32767.0 -0.059330635 0.05056847 0.11133674 0.34232557 0.19261916 0.13159423 0.09090626 0.04527377 -0.02259426 0.04768861 0.06691255 0.08350474 0.04891157 -0.0774288 0.05082903 -0.008974188 0.007375229 -0.08619824 -0.12368395 -0.16432346 -0.099950984 -0.018016018 0.067192644 0.09029572 -0.106563404 -0.4368411 -0.2400857 0.084736384 0.40907687 -32767.0
-32767.0 0.020997021 0.03198154 0.05317352 0.14913896 0.16666062 0.1515686 0.13825288 0.13952656 0.14314854 0.15044813 0.12585893 0.0037097638 -0.001533436 -0.04828375 -0.00023395615 -32767.0 -0.032454293 -32767.0 -32767.0 -32767.0 -32767.0 -32767.0 -32767.0 -32767.0 -32767.0 -32767.0 -32767.0 -0.08727781 -0.052398995 -0.06231913 0.15044671 -0.044247407 0.14058489 0.17413488 0.33742005 0.3809402 0.36526054 0.28198996 0.18602107 0.07938208 -0.16069809 -0.09960287 0.018243134 0.00486088 -0.057857133 -0.1326851 -0.060253188 0.035970967 0.07818846 0.2109758 0.4286572 0.4173825 0.1682642 -0.48442578 -0.2923062 0.22243296 -32767.0
0.21429358 0.1635834 0.104221076 0.14219458 0.14733091 0.1683622 0.17991588 0.12528464 0.02622778 0.042213004 0.08240005 0.08168922 0.041375127 0.036557455 -0.06750238 -32767.0 -32767.0 -32767.0 -32767.0 -32767.0 -32767.0 -32767.0 -32767.0 -32767.0 -32767.0 -32767.0 -32767.0 -32767.0 -0.002822652 -0.221349 -0.1600755 0.043647718 -0.061325733 -0.0007096175 0.10782076 0.14692241 0.08617666 0.16535565 0.123402566 0.14376219 0.06580908 0.0035628737 -0.0055888933 0.08577207 0.13334566 0.074693464 0.076687805 0.26000088 0.36856133 0.37775698 0.2545637 0.27104524 0.17229173 0.30304933 0.15051018 0.050711922 0.14446256 0.04583182
0.10069036 0.07453472 0.03892459 0.089387596 0.08908079 0.031014316 0.00586053 -0.07920221 -0.04561679 -0.03616502 -0.010143355 0.000110316556 -0.05849988 -0.11264092 -0.04605432 0.0111953225 -32767.0 -32767.0 -32767.0 -32767.0 -32767.0 -32767.0 -32767.0 -32767.0 -32767.0 -32767.0 -32767.0 -32767.0 -0.019344712 -0.25500813 -0.13451348 -0.3015112 0.09009426 0.18823583 0.088022314 0.13122128 0.20305979 0.25758815 0.15716612 0.041400746 0.024582047 0.027618852 0.15088052 0.17491049 0.17706789 0.0031285263 -0.026979359 0.025707414 0.07604983 0.17359342 0.27716362 0.3084855 0.37369704 0.33235615 0.20990407 0.031450838 -0.10631645 -32767.0
0.009976838 0.004780121 0.005173798 0.0021737092 0.0050638644 -0.059862755 -0.13247055 -0.10902295 -0.1101952 -0.14173901 -0.16950572 -0.16452178 -0.14534155 -0.10413574 -0.06767394 -0.017881822 -0.0028078952 -32767.0 -32767.0 -32767.0 -32767.0 -32767.0 -32767.0 -32767.0 -32767.0 -32767.0 -32767.0 -32767.0 0.28575665 -0.033501133 -0.09340648 -0.028229136 0.047653556 0.025170274 0.003973348 -0.106536865 0.011775177 0.17073248 0.27051795 0.38821083 0.3823211 0.36506048 0.21742879 -32767.0 -0.016793452 0.08903148 0.04240343 -0.008578148 0.033843186 0.099091195 0.22347246 0.20718232 0.2850833 0.49198344 0.3348638 -32767.0 -32767.0 -32767.0
0.015458185 -0.016945094 -0.08172624 -0.11650875 -0.07669163 -0.1071653 -0.09710167 -0.11733899 -0.15940988 -0.25859714 -0.33454987 -0.34616375 -0.25795346 -0.21617875 -0.052029226 -0.0303908 0.045052513 -32767.0 -32767.0 -32767.0 -32767.0 -32767.0 -32767.0 -32767.0 -32767.0 -32767.0 -32767.0 -32767.0 -32767.0 0.1543224 -0.03829617 0.11261068 -0.07599804 -0.065517925 -0.12315799 -0.08084308 0.09299389 0.22883825 0.23115985 0.16015932 0.14159314 0.042879846 0.057948068 0.023430955 0.18435028 0.25627464 0.4251945 0.49787337 0.10144522 0.2580191 0.49198902 0.6081768 0.4370672 0.18424581 0.098097175 -32767.0 -32767.0 -32767.0
0.028034532 -0.014406337 -0.028634138 -0.066978104 -0.036704063 0.0013894532 -0.03863069 -0.08048554 -0.117685184 -0.16200767 -0.18837588 -0.2575701 -0.23656274 -0.19880478 -0.13449277 -0.019640185 -0.032381978 -0.05688376 -32767.0 -32767.0 -32767.0 -32767.0 -32767.0 -32767.0 -32767.0 -32767.0 -32767.0 -32767.0 0.049077407 0.13477458 -0.012627315 -0.08674109 -0.110433556 -0.26651704 -0.046377927 0.040470313 -0.056183368 0.079108275 0.15930453 -0.043237742 0.09807263 0.40116814 0.5357434 0.54564035 0.44118103 0.2817497 0.20729573 0.29175773 0.49610952 0.38695303 0.18581706 -32767.0 -0.024821723 -0.02851765 0.03250181 -32767.0 -32767.0 -32767.0
0.023309987 -0.00822949 0.016934069 0.025707332 0.00801681 -0.02805115 -0.09537282 -0.101401 -0.083313175 -0.06019227 -0.03607056 -0.038751688 -0.0689132 -0.1369188 -0.19916607 -0.04279389 -0.056801442 -32767.0 -32767.0 -32767.0 -32767.0 -32767.0 -32767.0 -32767.0 -32767.0 -32767.0 -32767.0 -32767.0 0.26947442 0.26562676 -0.025799587 -0.20692997 -0.19982888 -0.024219522 0.06518244 0.0892894 0.23599426 0.25739393 0.21190032 0.2607835 0.3798171 0.2611762 -32767.0 -32767.0 0.2633656 0.11913586 -32767.0 -32767.0 -32767.0 -32767.0 -32767.0 -32767.0 -32767.0 -32767.0 -32767.0 -32767.0 -32767.0 -32767.0
-0.014442379 -0.00966147 0.019472444 0.017368836 -0.018490322 -0.19067565 -0.28540456 -0.23329388 -0.12862787 -0.08093468 -0.04319303 -0.035786178 -0.048828468 -0.15437685 -0.14480752 -0.044924036 -32767.0 -32767.0 -32767.0 -32767.0 -32767.0 -32767.0 -32767.0 -32767.0 -32767.0 -32767.0 -32767.0 0.36931023 0.58309454 0.44459823 0.005716605 -0.22486514 -0.16288985 -0.0994295 0.04347621 0.039488543 0.09813648 0.18843526 0.09370439 0.11817646 0.057076298 -32767.0 -32767.0 -32767.0 -32767.0 -32767.0 -32767.0 -32767.0 -32767.0 -32767.0 -32767.0 -32767.0 -32767.0 -32767.0 -32767.0 -32767.0 -32767.0 -32767.0
-0.018573046 -0.004065075 -0.01393639 -0.06813562 -0.13700704 -0.14086986 -0.14275427 -0.18041782 -0.14696153 -0.14225969 -0.07639473 -0.115289606 -0.13315529 -0.08005641 -0.006488535 -0.04152617 -32767.0 -32767.0 -32767.0 -32767.0 -32767.0 -32767.0 -32767.0 -32767.0 0.1309974 0.07175594 0.3373138 0.61660373 0.218315 -0.21924771 -0.2968766 -0.17413473 -0.019797808 0.051741958 0.03801871 -0.07974329 -0.028751742 0.046859976 -0.0018084997 -32767.0 -32767.0 -32767.0 -32767.0 -32767.0 -32767.0 -32767.0 -32767.0 -32767.0 -32767.0 -32767.0 -32767.0 -32767.0 -32767.0 -32767.0 -32767.0 -32767.0 -32767.0 0.015603408
-0.030241948 -0.049175095 -0.059626877 -0.1034755 -0.11168838 -0.10219492 -0.09392716 -0.14222017 -0.12072496 -0.065251395 0.04423595 0.038575288 0.11160156 0.006032725 0.016345946 -0.013238235 -32767.0 -32767.0 -32767.0 -32767.0 0.020095017 0.006132287 0.029227482 0.15221868 0.2002559 0.3360095 0.32136926 0.32778403 -0.035219442 -0.3366119 -0.1937713 -0.104193926 0.099163815 0.25478965 0.011624888 -0.077455714 0.13569017 0.042855814 -32767.0 -32767.0 -32767.0 -32767.0 -32767.0 -32767.0 -32767.0 -32767.0 -32767.0 -32767.0 -0.11924457 -0.06717363 -32767.0 -32767.0 -32767.0 -32767.0 -32767.0 -32767.0 -32767.0 -0.01879667
-0.029639201 -0.012061318 -0.10402395 -0.19249222 -0.1383494 -0.11210397 -0.15559454 -0.19229896 -0.1576123 -0.0491091 0.008897384 0.05625787 0.0019584866 0.10436892 -0.0152666895 -32767.0 -0.090877704 -32767.0 -0.02195259 -32767.0 -0.013188681 -32767.0 0.14354484 0.2232705 0.24130197 0.2067787 0.19766463 0.19383875 -0.07015168 -0.089518785 0.22415149 0.33399543 0.247368 0.08006616 -0.14855035 -0.10005978 -32767.0 -32767.0 -32767.0 -32767.0 -32767.0 -32767.0 -32767.0 -32767.0 0.07523882 0.020760525 -0.01572147 0.012610621 -0.09682758 -0.07465906 0.05255627 0.04202086 -32767.0 -32767.0 -32767.0 -32767.0 -32767.0 0.074090034
0.14180142 0.12039856 -0.055994816 -0.14937004 -0.16250725 -0.15368187 -0.13762122 -0.146474 -0.07554221 -0.02400871 0.009056801 0.08964813 0.030488549 0.020375418 0.25126776 0.36453137 0.30883756 0.30816674 0.42294717 0.4557938 0.1457438 0.04494632 0.10454137 0.27139005 0.47690302 0.48415604 0.36482054 -32767.0 0.105100445 0.42929846 0.35589477 0.23507282 -0.034312766 -0.26042888 -32767.0 -32767.0 -32767.0 -32767.0 -32767.0 -0.0775566 0.05152057 0.053968843 -0.03910755 0.0379322 -0.022468543 0.16104282 -32767.0 -32767.0 0.22232865 0.065861285 0.0843073 -32767.0 -32767.0 -32767.0 -32767.0 -32767.0 -0.08148472 -0.15724553
0.066692516 0.15619299 0.11437937 0.062026717 -0.0288524 -0.028715948 -0.015331544 -0.094923414 -0.120271 -0.07852601 -0.04344054 0.09633047 0.05402546 0.12841325 0.14458254 0.30355045 0.43159032 0.6218294 0.6728462 0.7075051 0.69438314 0.5623948 0.35015392 0.31063098 0.33962062 0.24733162 0.25863388 0.35737666 0.38909775 0.26391083 -0.013720077 -0.012183858 -0.050112408 -0.05232466 0.002747312 -32767.0 0.03871522 0.03707245 -32767.0 -0.04247024 -0.11277984 -0.046415046 -32767.0 -0.10412358 -0.15481696 -32767.0 -32767.0 -32767.0 -32767.0 0.08308032 -0.12579641 -32767.0 -32767.0 -32767.0 -32767.0 0.22036615 0.2600567 -0.0943727
0.21443292 0.1661904 0.20581807 0.12310704 0.10849854 0.1173747 0.036130186 0.0078018755 -0.013550738 -0.015011601 0.039160367 0.12427494 0.099238314 0.020560065 0.04370759 0.23175542 0.27733633 0.37100503 0.37063497 0.37883395 0.33850473 0.2875677 0.44300416 0.3731648 0.31320912 0.22780457 0.17353655 0.044675853 -0.03659729 -32767.0 -0.02293419 0.009003237 -32767.0 -32767.0 0.008190607 0.18157907 0.30575842 0.28700924 0.040338844 -0.014134916 0.016101643 -32767.0 -32767.0 -32767.0 -32767.0 -32767.0 -32767.0 -32767.0 -32767.0 -0.067431234 0.020033533 -0.09372302 -32767.0 -32767.0 0.060946897 -0.11326859 -0.45142668 -0.2721038
