static/data/seaWater_uo/2023/7/26/6.asc
ncols 137
nrows 93
xllcorner 108.0
yllcorner 17.0
cellsize 0.25
NODATA_value -32767
[rows 25 to 49 of 93, columns 58 to 115 of 137]
-0.02402026 -0.13753338 -0.15252307 -0.05138373 -0.04546082 -0.07484736 -0.04215916 0.015808571 0.11736701 0.10906253 0.08492574 0.07765326 0.12649888 0.19792517 0.22584905 0.20139262 0.17421289 0.30241665 0.4151499 0.40296343 0.45240778 0.6227483 0.533348 0.4281103 0.41785255 0.42197284 0.41565266 0.4099031 0.30505887 -32767.0 -0.1279745 -0.19288519 -32767.0 -32767.0 0.0074576396 -0.018806987 0.1027009 0.117222205 -0.06727411 -0.2414601 -0.22074881 -32767.0 -32767.0 -32767.0 -32767.0 -32767.0 -32767.0 -32767.0 -32767.0 -0.13966599 -0.0913593 0.2493413 -32767.0 -32767.0 0.04975403 -0.2727125 -0.43139684 -0.28722095
-0.016213229 -0.11766018 -0.22734451 -0.25127944 -0.24845493 -0.16566916 -0.12024162 -0.06911437 -0.018689843 -0.015007799 -0.0052380934 0.030864839 -0.0039345836 0.0888065 0.1796492 0.13320959 -32767.0 -32767.0 -0.017723352 0.13363394 0.36959007 0.42959198 0.33621454 0.34174198 0.35810363 0.31102282 0.27945662 0.26268125 0.058896452 -0.005193622 -0.108628 -32767.0 -32767.0 -32767.0 -32767.0 -32767.0 -32767.0 0.031177778 0.048660286 0.11586878 -32767.0 -32767.0 -32767.0 -32767.0 -32767.0 0.13268326 -32767.0 -0.0014574437 0.046408802 -0.07596717 0.096686274 0.19535285 0.14480637 -32767.0 -0.03976836 -0.23797329 -0.17391282 -0.21236423
-0.092912085 -0.06814163 -0.16417128 -0.21703574 -0.19041978 -0.16766484 -0.17481448 -0.09699002 -0.16172156 -0.19308142 -0.21322559 -0.21568288 -0.14286311 -0.15774658 -0.11407815 -32767.0 -32767.0 0.0042109326 0.10649171 0.16320623 0.2951464 0.40058613 0.30584982 0.31420085 0.24541825 0.23619962 0.14225274 0.068065085 -32767.0 -32767.0 -32767.0 -32767.0 -32767.0 -32767.0 -32767.0 -32767.0 -32767.0 -0.1706565 0.18504985 0.17051315 -32767.0 -32767.0 -32767.0 0.077156775 0.19529414 0.17908324 0.3528398 0.2448827 0.03028367 0.0565606 0.12889063 0.18207026 0.13801241 -0.07949152 -0.17356145 -0.113724895 -0.131031 -0.13731053
0.058439225 -0.054187298 -0.007530939 -0.029596377 -0.056761034 -0.100304835 -0.11924913 -0.15186557 -0.22952947 -0.22196746 -0.20591505 -0.12682298 -0.27720964 -0.30263332 -0.24608758 -0.106532246 0.024345575 0.0053211628 0.056578044 0.15156385 0.18640162 0.26659226 0.26121306 0.2339138 0.1723621 0.12419973 -32767.0 0.008119705 0.13773943 -32767.0 -32767.0 -0.04395928 -32767.0 -32767.0 -32767.0 -32767.0 -32767.0 -32767.0 0.1089093 0.19139276 -32767.0 -32767.0 0.020777892 0.25030681 0.5127025 0.5534803 0.49978706 0.36633983 0.30274945 0.24396726 0.2903549 0.061764237 -0.17474446 -0.26696572 -0.30669963 -0.2408395 -0.08664608 0.027197205
0.0018637811 -0.07920469 -0.05495407 0.0027084812 -0.068664886 -0.057938874 0.088702776 0.0028658053 -0.01984204 -0.079944916 -0.11981428 -0.08285942 -0.22143514 -0.2550584 -0.17841308 -0.16073015 -0.126878 -0.08265378 0.03983333 0.090979636 0.119974464 0.15654604 0.1568735 0.137709 0.2584408 -32767.0 -0.063285485 -0.0151815405 0.047613222 0.13445225 -0.15848944 -32767.0 0.0133506665 -32767.0 -32767.0 -32767.0 -32767.0 -32767.0 0.17271672 0.10177191 0.0766936 -0.0009555626 0.1036472 0.056068704 0.1678162 0.31138685 0.36211392 0.40367797 0.43314534 0.15121068 -0.0501202 -0.14412738 -0.17543371 -0.1361335 -0.049266808 0.036781993 0.096449494 0.14982171
-0.053248636 0.054964818 0.07109849 -0.061059833 0.049936812 0.046385426 -0.022886312 0.001322306 -0.01758834 0.0055446173 -0.021084704 -0.116544314 -0.23734795 -0.116483815 0.11584239 -0.12055744 -0.10849107 -0.060097974 -0.016515097 -0.014044258 -0.05151327 -0.066897325 -0.0013050097 0.10346482 0.2484741 0.38272086 0.21831442 0.16676274 -0.046565395 -0.038723063 -0.15313634 -0.13344721 -0.058994092 -32767.0 -32767.0 -32767.0 -32767.0 0.06043729 -0.058078635 -0.24666333 -0.42727757 -0.26361552 -0.045777418 0.21815246 0.4381101 0.50654376 0.5248478 0.4862218 0.32182214 0.17167398 0.05589377 -0.023569113 0.091334805 0.2675891 0.34409648 0.34753436 0.2166129 0.11707817
-0.1857366 -0.10184587 -0.12515384 -0.062243775 -0.04229925 -0.06146541 -0.0073389835 0.018147089 0.013212878 0.039818473 0.012819115 -0.070524134 -0.15778968 0.02044749 -0.017303873 -0.07363815 -0.11577425 -0.13781145 -0.087294675 -0.062639154 -0.09563845 -0.08773123 -0.044975135 -0.029150007 0.083042055 0.22934832 0.31779653 0.38684046 0.40171283 -0.024260819 -0.099760674 -0.11593097 -0.04732768 -32767.0 -32767.0 -32767.0 -32767.0 -0.15235595 -0.28351346 -0.2946892 -0.14768061 0.13928084 0.47812316 0.77488035 0.8006485 0.7083894 0.6056661 0.6187829 0.6748469 0.69414353 0.29385278 0.30335745 0.22586614 0.093926005 0.12202345 0.21158534 0.28650478 0.057732664
-0.22694372 -0.14931184 -0.012127589 -0.124499686 -0.21199235 -0.12458148 -0.014223608 0.063890085 0.031959616 -0.09244632 -0.04890627 -0.15545994 -0.045062713 -0.04544214 -0.14183843 -0.14030714 -0.14366117 -0.12317933 -0.08890591 -0.10871474 -0.043691155 -0.06689911 0.025885243 0.08957485 0.1276236 0.16493331 0.22332929 0.19817448 0.2702875 0.29540977 0.20305689 -32767.0 -32767.0 -32767.0 -32767.0 -32767.0 -0.04539783 -0.23377617 -0.31011912 0.08905395 0.66004235 0.92717797 0.99093324 0.888083 0.84940124 0.7608661 0.6748726 0.63500243 0.69735396 0.94964826 1.203482 1.1068249 0.7302329 0.38066941 0.13282412 0.14186478 0.2832903 0.109463476
0.085930005 -0.1426217 -0.26670954 -0.28717262 -0.23315571 -0.11703798 -0.057561975 -0.13697004 -0.19196889 -0.09427167 0.007936864 -0.06996181 -0.11622397 -0.12967408 -0.057787325 -0.10117238 -0.052176207 -0.020786641 -0.061477873 -0.10774878 -0.08118088 -0.16478992 -0.14179043 -0.07654403 -0.0055575212 0.057473768 0.08589907 0.111345105 0.088638425 0.26697534 0.14141393 -32767.0 -32767.0 -32767.0 -32767.0 -32767.0 -0.14400758 0.28061944 0.5848438 0.72367793 0.8650632 0.9410403 0.8840227 0.81433964 0.7157423 0.60981303 0.5643519 0.5731072 0.66644907 0.8401344 0.96853554 1.0685943 1.1335855 1.0407915 0.5987148 0.23381262 0.30386662 0.19424471
-0.15797259 -0.1489635 -0.303548 -0.49619424 -0.45798445 -0.22961771 -0.17542666 -0.21343267 -0.20591101 -0.22255757 -0.23311481 -0.05279719 -0.078881085 -0.12327314 -0.048143644 -0.03984971 0.008780383 -0.029432526 -0.040956326 -0.019065691 0.032845404 0.04087547 -0.03000562 0.05385596 0.05027267 0.069141924 -0.009436797 0.056863777 0.09688582 0.038729284 0.14467013 0.098856226 -32767.0 -0.0020369818 -32767.0 -32767.0 -0.14719369 0.15296979 0.2214508 0.3347937 0.5319259 0.64724416 0.6327741 0.5858339 0.5091963 0.426741 0.40460524 0.40688017 0.4252689 0.4974321 0.6152994 0.7585662 0.8963843 0.90310776 0.803804 0.54378945 0.33136272 0.233538
-0.115351655 -0.23978184 -0.32647237 -0.23385145 -0.08117365 0.0020589316 -0.10532229 0.0072728987 -0.14207526 -0.34687194 -0.36590025 -0.19838427 -0.11193854 -0.0899647 -0.12209013 -0.045591827 -0.01819778 0.018968936 0.020207599 0.0050993473 0.06030604 0.072093636 0.08474646 0.06698638 0.08676003 0.13898757 0.15902053 0.06942855 0.19125758 0.24520566 0.11244608 0.05093721 0.14190437 0.07764508 -32767.0 -0.333825 -0.23052765 -0.06604242 -0.1083576 -0.061049253 0.13939863 0.32561174 0.37234464 0.3469955 0.36829504 0.33186534 0.25505576 0.17668408 0.17269446 0.23414075 0.30784336 0.4077726 0.49891946 0.63745004 0.69583535 0.6139136 0.4169297 0.22148287
-0.07203808 -0.23257399 -0.22469828 -0.13681708 -0.08843921 -0.045599747 -0.0827621 -0.2857206 -0.35707095 -0.44066843 -0.41531146 -0.2623255 -0.13589668 -0.10728787 -0.07284168 -0.0368338 0.01611468 0.014607557 0.016845059 -0.030160863 0.01835231 -0.020640027 0.011379572 0.006006457 0.068773635 0.09885108 0.20580465 0.31680834 0.36948368 0.39855865 0.47385618 0.4813509 0.43385538 -32767.0 1.2075533 1.5975302 1.1003126 0.41367358 -0.18279439 -0.288882 -0.16125424 0.10613542 0.24808472 0.27832487 0.25101244 0.25020415 0.26124734 0.20938957 0.14473498 0.22739866 0.2788853 0.32664657 0.32596377 0.37684125 0.41414768 0.4715019 0.48371115 0.32070524
0.018596891 -0.06462124 -0.031165972 -0.11239778 0.015688194 0.06736371 -0.021799468 0.0074676964 -0.029523881 0.0015115709 -0.2934845 -0.2286955 -0.10398325 -0.038735252 -0.03911342 0.0067461124 0.071624205 0.05996018 0.045311958 0.08123144 0.014186623 -0.10499685 -0.07422638 -0.07103591 -0.088270985 -0.08932547 0.031565286 0.1704799 0.3874423 0.53218716 0.29731956 0.22796915 0.17358272 0.30195415 0.47543442 0.23511544 0.10649609 -0.14668848 -0.045261808 -0.14137977 -0.06363424 0.14631301 0.30260092 0.2527402 0.2067726 0.22452086 0.26303396 0.19986059 0.19673336 0.21542731 0.18930316 0.2527692 0.28362468 0.2956945 0.2508576 0.3158646 0.51367015 0.54786414
-0.18868163 -0.19306138 -0.13327709 -0.072511956 0.07204757 0.2774074 0.121732645 -0.036106285 -0.052257985 -0.13500603 -0.04765563 -0.07535148 -0.028592713 -0.0092996955 0.06439122 0.06190373 -0.013688922 0.076914616 0.08628693 0.08801744 -0.04530646 -0.1352222 -0.08527617 -0.0276067 -0.06099968 -0.119415425 -0.055950504 0.07667838 0.25553378 0.44614252 0.5347436 -32767.0 0.39359534 0.48739928 -32767.0 0.03303479 -0.020067522 0.026729088 0.1883476 0.20429006 0.45874715 0.57930845 0.48148075 0.29388586 0.28578788 0.26298097 0.16863298 0.084433965 0.09348937 0.08352593 0.15780024 0.17607854 0.2259286 0.21829571 0.16710785 0.21098533 0.4699748 0.773144
-32767.0 0.015142406 -0.093232974 -0.05660589 0.014871908 0.099332534 0.15424708 0.05019331 0.033359237 0.053905595 0.107368484 -0.03329206 -0.0724247 -0.08346098 -0.031155044 0.021788755 0.02823273 0.050487965 0.0560012 0.16617705 -0.051253185 -0.03901826 0.09049812 0.15177415 0.17722201 0.17821464 0.17344762 0.23694749 0.37654698 0.5654035 0.59180135 0.50052786 -32767.0 -0.09391836 0.011009911 0.14327417 0.10159328 0.107790954 0.16364579 0.46021536 0.70622605 0.5887531 0.33892286 0.27684465 0.24778438 0.10395229 -0.002276891 0.022928927 0.16415109 0.23235695 0.15444571 0.06209056 0.024562001 -0.0026085097 0.065850146 0.14970869 0.36788064 0.60675406
-0.0032247684 -0.003753087 -0.016431281 0.016444696 0.118420616 0.12955283 0.17646389 0.20057753 0.22332647 0.14428177 0.19891979 0.1981486 0.09367535 0.06285862 0.2237148 0.4485922 0.47523052 0.3078715 0.19547139 0.26097605 0.23847972 0.31690127 0.3985266 0.5031407 0.587138 0.60565615 0.6222283 0.6806635 0.74063325 0.6305219 0.36103338 0.6378113 0.8039668 0.29727575 0.7475184 0.24986482 0.3324301 0.46763104 0.59945446 0.72554106 0.4476386 0.056518253 -0.0001320121 0.21361025 0.18049164 0.10573876 0.009033066 0.053631783 0.14927123 0.17168352 0.18820085 0.010501522 -0.032843776 -0.075968504 0.020806335 0.15462755 0.31126192 0.49849015
-0.0813879 -0.024107674 0.02246006 0.10277502 0.21004677 0.3146939 0.26381147 0.16892377 0.17370427 0.18122151 0.1978646 0.26024196 0.23842423 0.22705653 0.19617388 0.22602808 0.25992742 0.28353056 0.22491093 0.2605688 0.34541708 0.49737266 0.82510847 1.00863 1.0267396 1.0234195 0.94281054 0.85686046 0.775259 0.6838557 0.10147117 0.4197967 0.7764653 1.0005267 0.9520582 1.0158366 0.9351945 0.932496 1.0706813 0.72053975 0.31923762 -0.041867595 0.10802715 0.20234524 0.15876693 0.103854276 0.042665478 0.004222183 -0.0052959165 0.09215778 0.12520732 0.07353781 -0.003922853 0.018916499 0.065591395 0.20408264 0.34230307 0.34089947
0.009649084 0.062155627 0.03066175 -0.12316475 -0.13506895 -0.015163482 0.15319538 0.1268931 -0.0036504138 0.02477354 0.09777746 0.17379475 0.24178526 0.21720842 0.25045818 0.18045709 0.14963241 0.2747799 0.34311286 0.34036136 0.591907 0.8605771 0.8650187 0.8554198 0.82547295 0.7948169 0.7284843 0.67782784 0.6289361 0.54445606 0.40375358 0.04059948 0.08298348 0.3978755 0.70801044 0.95869154 1.0786394 0.93810004 0.7828779 0.66444 0.41423252 0.2801516 0.2616692 0.20433536 0.12571253 -0.0048124637 -0.052958015 -0.037349932 -0.021844812 0.03454899 0.12531497 0.23248236 0.14542721 0.030150667 0.0075106137 0.08777812 0.09045261 0.06931883
-0.005693729 0.16701055 0.2791586 0.3013725 0.29446313 0.35740247 0.14418924 0.17676847 0.12455172 0.023827558 -0.019961065 0.039209012 0.2100497 0.23755424 0.25149196 0.25927243 0.31988877 0.23718551 0.2537854 0.5124779 0.6916938 0.6905805 0.6452591 0.6365328 0.6453712 0.60527563 0.554762 0.5332499 0.47134116 0.47464278 0.48894453 0.57257867 0.47398338 0.44410443 0.4616443 0.5150737 0.67036015 0.71994364 0.56763387 0.39770177 0.32554153 0.2755654 0.26186153 0.1669817 0.062793836 -0.055561293 -0.08891322 0.011736055 0.023626685 0.12267845 0.124586254 0.18465723 0.31488827 0.28542504 0.25826493 0.25378385 0.07366523 0.13146116
0.05386323 0.15199064 0.36244485 0.4625835 0.45151338 0.44958547 0.48582044 0.29294845 0.20500325 0.28468066 0.37712508 0.2514808 0.0668239 0.13249026 0.18593127 0.256827 0.119346 0.14672936 0.23315184 0.46075287 0.49766138 0.44070414 0.41188088 0.40842634 0.41549644 0.41748175 0.37900627 0.36350262 0.4436207 0.56699497 0.68620354 0.8004379 0.7869496 0.72870797 0.69555956 0.598585 0.44496214 0.34780023 0.3345158 0.3130999 0.30256656 0.29064396 0.23340474 0.151133 0.046959687 0.017757453 -0.04893521 0.008003913 0.031945404 0.08351043 0.023608575 0.051733494 0.15889402 0.28411967 0.26729983 0.272856 0.10299676 0.08213932
0.13313122 0.2934427 0.41171077 0.3561318 0.18928938 0.1493756 0.17225759 0.23763636 0.26194617 0.2943299 0.31006998 0.2551902 0.19201802 0.1789121 0.19606063 0.0966215 0.05724609 -0.060444165 0.064828865 0.30425742 0.34683165 0.24008445 0.13030583 -0.02500891 -0.090286285 0.0044572726 0.13530245 0.0782957 -0.043913394 -0.032776486 0.07960088 0.15576775 0.20992865 0.22992489 0.27547333 0.35616562 0.43550208 0.47890142 0.502582 0.46588367 0.39650476 0.2861233 0.17500518 0.16310637 0.06827513 0.108163506 0.0744966 -0.013111099 -0.10328295 -0.16964929 -0.1333518 -0.051601186 0.023473792 0.07469507 0.08825925 -0.03988572 0.0069412114 -0.20202301
0.2949603 0.40086484 0.29527122 0.12996177 -0.017198829 -0.11394451 0.037043907 0.12655234 0.14249077 0.13210887 0.22165142 0.24897407 0.18405306 0.1233738 0.05659186 0.05238269 -0.048232406 -0.039624088 0.20159757 0.31255776 0.28069144 0.1549788 0.052313607 -0.087099634 -0.18633929 -0.11794976 -0.21740799 -0.2443456 -0.12657201 -0.08861481 -0.15752159 -0.037198238 0.25587276 0.4215863 0.5247471 0.61732894 0.63493603 0.57496583 0.50906706 0.42027104 0.2973617 0.21541436 0.12643608 0.1359408 0.09418621 0.070579 0.0147662815 -0.08656305 -0.24747458 -0.36570215 -0.29253238 -0.18173161 -0.1017367 -0.121018425 -0.10979227 -0.07455512 -0.22395898 -0.1857338
0.5234962 0.43190828 0.20363288 0.24179323 0.30300102 0.23329896 0.0056282096 0.12791795 0.10685087 -0.056059934 0.11213513 0.17126517 0.03213982 0.05024928 -0.05548562 0.021330826 0.10084692 0.16192602 0.35701674 0.23012201 0.24199453 0.15647653 0.12383255 -0.0065938756 -0.31728175 -0.3519892 -0.13507378 -32767.0 -0.036184628 -0.0016537949 0.27883568 0.36014208 0.3938864 0.5422204 0.51474935 0.39156488 0.3136717 0.2427756 0.19791038 0.1929247 0.15019543 0.13781013 0.10491394 0.049853373 -0.01833763 -0.084944226 -0.12376692 -0.14704323 -0.15266252 -0.27556425 -0.36475816 -0.32434016 -0.3863992 -0.3332536 -0.205687 -0.22496742 -0.21808137 -0.1543307
0.3691102 0.27041706 0.1796617 0.16113074 0.15742101 0.23424245 0.23928015 0.197602 0.21848339 0.08567575 0.124540105 0.23689555 0.1577263 0.08694619 0.060891327 0.06415894 0.2717792 0.55527407 0.38379812 0.17071868 0.17914763 0.13277753 0.14488147 0.22606215 0.20562282 0.105549596 -0.32651982 -0.36720803 0.093882486 0.31558853 0.2587234 0.31813267 0.46224543 0.3214046 0.2655457 0.27568558 0.22155929 0.1577693 0.055796254 0.05924493 0.048919357 0.08504384 0.045760296 -0.01649869 -0.14229469 -0.16993849 -0.02906777 0.06253362 0.06560971 -0.031759664 -0.2570672 -0.4339172 -0.41164488 -0.3882486 -0.37976074 -0.32467026 -0.14840601 -0.15687038
0.24759604 0.16809207 0.2657163 0.40902844 0.25179935 0.067296326 0.14304344 0.15731676 0.25556076 0.25303543 0.28485468 0.2093291 0.18550053 0.14310956 0.20552757 0.36797413 0.6673298 0.642848 0.38590848 0.20156497 0.14875254 0.08494335 0.056565534 -0.083371975 -0.096466385 -0.17339693 -32767.0 0.061974507 0.19834515 0.15961134 0.22725794 0.28303492 0.16881368 0.191773 0.17617579 0.15480411 0.10526781 0.034043327 -0.0710291 -0.075098306 -0.044862878 0.021363566 -0.020553116 -0.14469056 -0.23172528 -0.079935536 -0.013588754 -0.04070618 -0.05326685 0.015765594 -0.03735024 -0.31455532 -0.5932763 -0.5955472 -0.42469108 -0.17288715 -0.116922036 -0.17472686
