static/data/seaWind_uo/2023/7/20/0.asc
ncols 137
nrows 93
xllcorner 108.0
yllcorner 17.0
cellsize 0.25
NODATA_value -32767
[rows 38 to 56 of 93, columns 86 to 128 of 137]
5.076973254689401 5.295600975518253 5.38849773601696 5.4285394431284715 5.713636397762432 5.766491451149626 5.736860587887108 5.778503963283081 6.0932317811795595 6.371922062675678 6.604163963922444 6.744309938812734 6.752318280235036 6.673035700154244 6.765131626510719 6.988564352192952 7.374566408747922 7.879091918352964 8.312343189299517 8.401235779087072 8.364397408544482 8.349181559842108 8.123346331733185 7.889502762201957 7.858270230654979 7.925540298602318 7.823033528396849 7.388180589165836 7.0862661175450405 6.97895434248619 7.1086894735274875 7.330520530925259 7.382574750170225 7.29848716523605 7.1895737218927405 7.220005419297488 7.258445458124539 7.164747863483603 6.984560181481802 6.7130774072657555 6.373523730960139 6.078015932477186 5.897828250475385
4.7462287539483174 5.055350732849185 5.040935718289042 5.234737580708757 5.496610345218041 5.479792828231206 5.1995008784506265 5.1946958735972455 5.5766937594410635 5.884214070057471 6.1116509664508545 6.242987765776611 6.392743750373665 6.596155622500142 6.921294284245613 7.369761403894541 7.869481908646202 8.229857272649804 8.446883325194195 8.60464765121355 8.592635139080096 8.547788427115204 8.460497505612109 8.341974052562035 8.042462083367932 7.823834362539079 7.585185788154472 7.277665477538065 6.997373527757485 6.926099289098996 6.966941830352736 7.019796883739932 7.023000220308852 7.0189960495977015 6.981356844912881 6.921294284245613 6.80116916291108 6.617778144340358 6.335083692133088 6.0259617132322205 5.736059753744879 5.523037871911638 5.46217447710214
4.600476940062418 4.931221440803501 5.006499850173142 5.117815795943143 5.28679179995372 5.259563439117894 5.161861673765806 5.237940917277678 5.656777173664086 6.045181732645746 6.27502113146582 6.410362101502729 6.610570637060286 6.995771859473026 7.3241138577874185 7.749356787311669 8.092914634328435 8.386019930384698 8.53257257841283 8.592635139080096 8.57101261723988 8.31955069657959 8.030449571234477 7.8638760696505905 7.690095060786632 7.446641481548642 7.3201096870762665 7.146328678212308 6.966941830352736 6.855625884582736 6.835605031026979 6.773940802075252 6.745911607097193 6.6321931589005025 6.4928480181524435 6.383934574809132 6.175717697829272 5.925056611311213 5.6439638273884025 5.487801169653508 5.281986795100339 5.254758434264511 5.265169278113504
4.788672963486521 5.07056658155156 5.292397638949332 5.38609523359027 5.5678845838765305 5.751275602447253 5.741665592740491 5.9402724600135866 6.1877302099627265 6.58654561279338 6.924497620814535 7.111091975954178 7.071851102984896 7.142324507501156 7.432226466988498 7.629231665977134 7.934349474166851 8.1794047216893 8.223450599511962 8.201828077671745 8.041661249225701 7.823834362539079 7.5491482517541115 7.330520530925259 7.205590404737345 7.193577892603891 7.101481966247414 6.990966854619643 6.858028387009426 6.725890753541439 6.5521097446774785 6.457611315894313 6.31025783372395 6.124464312726538 5.991525845116321 5.856985709221643 5.6535738370951645 5.413323594426096 5.219521732006381 5.090587435107315 5.077774088831632 5.064960742555948 5.106604117951919
5.535851218187322 5.5855029350055965 5.740063924456029 5.897828250475385 6.270216126612439 6.454407979325392 6.59295228593122 6.769936631364102 6.930904293952377 7.024601888593313 7.36415556489893 7.307296340800583 7.174357873190365 7.098278629678495 7.203988736452883 7.40179476958375 7.632435002546055 7.811021016263396 7.811021016263396 7.645248348821738 7.484280686233463 7.3201096870762665 7.0910711223984215 6.90848093796993 6.878049240565181 6.867638396716188 6.858829221151657 6.778745806928633 6.6321931589005025 6.407158764933808 6.232576921927619 5.9586916452848815 5.756080607300634 5.578295427725523 5.4237344382750905 5.287592634095951 5.143442488494511 5.00249567946199 4.922412265238968 4.93202227494573 4.919208928670047 4.903993079967673 4.92961977251904
6.087625942183948 6.1204601420153875 6.098837620175171 6.347096204266542 6.737903265674891 7.117498649092019 7.262449628835691 7.280067979964755 7.302491335947202 7.361753062472239 7.237623770426554 7.150332848923458 7.0862661175450405 6.968543498637198 7.073452771269357 7.183167048754898 7.415408950001664 7.507504876358139 7.427421462135117 7.2616487946934605 6.996572693615255 6.824393353035756 6.665828192874171 6.610570637060286 6.581740607939997 6.543300569112947 6.534491393548414 6.447200472045319 6.23417859021208 5.999534186538623 5.7208439050425035 5.4373486186930045 5.225127571001993 5.064159908413718 4.905594748252133 4.850337192438248 4.705386212694577 4.690971198134433 4.708589549263497 4.7181995589702606 4.68056035428544 4.662942003156374 4.678958686000978
6.226170248789778 6.379129569955751 6.3270753507107855 6.575333934802156 6.886858416129714 7.268055467831301 7.435429803557419 7.373765574605692 7.325715526071878 7.255242121555618 7.131112829509933 7.040618571437918 7.072651937127127 6.986161849766262 6.990166020477414 7.099079463820724 7.103083634531876 7.160743692772451 7.0326102300156155 6.792359987346547 6.528084720410572 6.407158764933808 6.305452828870569 6.30385116058611 6.270216126612439 6.23177608778539 6.103642625028552 5.956289142858191 5.700022217344518 5.438149452835233 5.158658337196885 4.9480389577903345 4.772656280641916 4.624501964329324 4.563638569519826 4.508381013705941 4.454725126176516 4.433903438478529 4.4178867556339245 4.343409180406514 4.304969141579463 4.296159966014931 4.332197502415291
6.311058667866181 6.530487222837264 6.5697280958065445 6.737903265674891 6.950925147508132 7.103083634531876 7.233619599715402 7.237623770426554 7.186370385323819 7.122303653945401 7.0278052251622345 6.964539327926046 6.9517259816503625 6.848418377302663 6.848418377302663 6.791559153204318 6.7042682317012225 6.543300569112947 6.336685360417549 6.118858473730926 6.022758376663299 5.960293313569341 5.969903323276105 5.933064952733515 5.889819909053083 5.7736989584297 5.624743807974877 5.346053526478757 5.064960742555948 4.825511334029111 4.6557344958763025 4.459530131029897 4.361828365677809 4.307371644006153 4.249711585765578 4.1880473568138505 4.124781459577662 4.085540586608381 4.042295542927949 3.946195445860322 3.8677136999217594 3.8452903439393133 3.9341829337268686
5.985119171978479 6.532088891121724 6.73069575839482 6.774741636217483 6.910883440396621 7.0238010544510825 7.072651937127127 7.059037756709213 6.97895434248619 6.8732442357118 6.761127455799569 6.674637368438704 6.619379812624818 6.4984538571480535 6.4303829550584855 6.333482023848628 6.160501849126899 5.921052440600061 5.687208871068835 5.560677076596459 5.524639540196098 5.559075408311999 5.595112944712358 5.588706271574518 5.517432032916027 5.359667706896671 5.064159908413718 4.707788715121268 4.376243380237954 4.192051527525001 4.07993474761277 4.022274689372193 3.9670171335583073 3.935784602011329 3.8845312169085946 3.8260703245257877 3.7604019248629093 3.6819201789243468 3.5649983941587338 3.441669936255279 3.37439986830794 3.4120390729927608 3.5577908868786614
4.793477968339902 5.531046213333941 6.230174419500928 6.298245321590498 6.458412150036542 6.610570637060286 6.685048212287697 6.6241848174782 6.464017989032154 6.382332906524672 6.321469511715174 6.279826136319203 6.289436146025965 6.245390268203302 6.12926931757992 5.966699986707184 5.760885612154016 5.524639540196098 5.2619659415445845 5.130629142218826 5.1186166300853735 5.1946958735972455 5.302007648656096 5.295600975518253 5.1234216349387545 4.803087978046664 4.386654224086946 4.0118638455232 3.8044478026855715 3.6747126716442753 3.594629257421252 3.5473800430296687 3.505736667633697 3.4680974629488763 3.4104374047083 3.3463706733298824 3.279901439524773 3.2030213618706713 3.1541704791946272 3.0860995771050583 3.05646871384254 3.0844979088205977 3.1477638060567856
5.385294399448039 5.803329821692218 5.9683016549916434 6.125265146868768 6.2501952730566845 6.293440316737117 6.279826136319203 6.216560239083014 6.1204601420153875 6.043580064361285 5.99072501097409 5.950683303862579 5.906637426039916 5.8009273192655275 5.691213041779985 5.5054195207825725 5.264368443971275 4.9792714893373144 4.8175029926068085 4.767851275788534 4.856743865576089 4.972063982057241 5.032126542724509 4.899988909256521 4.647726154454 4.2264873956409 3.7644060955740604 3.334358161196429 3.1974155228750596 3.123738781789879 3.1069212648030446 3.083697074678368 3.0893029136739796 3.074087064971605 3.0220328457266405 2.9811903044728987 2.940347763219157 2.925932748659013 2.817019305315702 2.669665823145341 2.643238296451743 2.754554242221744 2.8882935439741924
5.503817852498113 5.613532129983653 5.708831392909051 5.836164021523658 5.887417406626392 5.893824079764233 5.889819909053083 5.818545670394592 5.708831392909051 5.613532129983653 5.5006145159291915 5.466979481955521 5.407717755430486 5.309215155936167 5.1906917028860935 5.0281223720133585 4.821507163317959 4.603680276631337 4.482754321154573 4.496368501572487 4.61088778391141 4.740622914952706 4.739021246668246 4.4315009360518385 3.9037512363221194 3.403229897428228 2.989198645895201 2.745745066657212 2.7345333886659886 2.7489484032261333 2.720118374105845 2.691288344985557 2.66566165243419 2.6352299550294407 2.625619945322678 2.683280003563254 2.705703359545701 2.660055813438578 2.508698160557065 2.2668462496035366 2.327709644413034 2.651246637874045 2.6848816718477146
5.124222469080985 5.346854360620988 5.449361130826457 5.466979481955521 5.394103575012572 5.374883555599046 5.324431004638541 5.252355931837821 5.141840820210049 5.045740723142423 4.994487338039688 4.943233952936954 4.872760548420693 4.810295485326737 4.702983710267885 4.5844602572178115 4.389857560655868 4.208869044511836 4.2152757176496785 4.250512419907809 4.372239209526802 4.464335135883278 4.323388326850758 3.8669128657795295 3.299121458938299 2.800201788328868 2.404589722067136 2.3261079761285735 2.346929663826559 2.3180996347062712 2.260439576465695 2.2348128839143278 2.2756554251680687 2.286867103159292 2.3669505173823153 2.4558431071698705 2.480668965579007 2.3709546880934664 2.1827586646693624 2.028197675218929 2.1050777528730307 2.408593892778287 2.491079809428
4.628506135040475 4.841528016873715 4.830316338882492 4.8175029926068085 4.774257948926376 4.7414237490949365 4.68296285671213 4.614891954622561 4.5075801795637105 4.4266959311984575 4.392260063082558 4.356222526682197 4.297761634299391 4.232894068778743 4.180039015391548 4.083138084181691 3.97342380669615 3.8589045243572273 3.8893362217619756 4.001453001674207 4.1215781230087405 4.055909723345863 3.8172611489612556 3.286308112662615 2.745745066657212 2.2532320691856227 2.1010735821618796 2.0426126897790735 2.021791002081087 1.9256909050134605 1.874437519910726 1.8976617100354018 1.9401059195736043 2.0506210312013757 2.1587336404024557 2.2532320691856227 2.2940746104393646 2.1859620012382837 2.03140101178785 1.878441690621877 1.860823339492812 2.0338035142145405 2.2043811865095786
4.051104718492482 4.090345591461762 4.080735581755 4.0583122257725535 4.059913894057013 4.020673021087733 3.9790296456917607 3.9109587436021918 3.8396845049437016 3.7555969200095274 3.69313185691557 3.662700159510822 3.613048442692547 3.532164194327295 3.4793091409401 3.474504136086718 3.4544832825309624 3.437665765544128 3.6010359305590938 3.713152710471326 3.649886813235138 3.5481808771718994 3.182199674172686 2.7249233789592266 2.229207044918716 2.0386085190679224 1.8856491979019485 1.8311924762302936 1.7719307497052568 1.6662206429308664 1.6526064625129533 1.67663148677986 1.78394326183871 1.901665880746553 1.977745124258425 2.0386085190679224 2.1010735821618796 2.1499244648379237 1.9945626412452593 1.793553271545473 1.6638181405041759 1.7927524374032422 2.3180996347062712
3.311934805213982 3.3543790147521846 3.3335573270541983 3.329553156343047 3.2887106150893053 3.263083922537939 3.2430630689821824 3.187004679026067 3.114128772083116 3.0188295091577193 2.921127743805632 2.8562601782849835 2.8074092956089394 2.7225208765325353 2.7761767640619603 2.7657659202129676 2.8971027195387253 3.0452570358513165 3.223042215426427 3.1958138545906 3.124539615932109 2.88028520255189 2.4838723021479283 2.189165337807205 2.0602310409081386 1.878441690621877 1.7631215741407238 1.6998556769045359 1.6253781016771254 1.568518877578779 1.5701205458632397 1.5741247165743908 1.685440662344392 1.7030590134734571 1.7342915450204361 1.7863457642654006 2.028197675218929 2.0866585676017357 2.0642352116192897 1.8704333491995748 1.6069589164058296 1.8351966469414447 2.4662539510188632
2.6848816718477146 2.656852476869657 2.6128065990469946 2.5735657260777134 2.520710672690518 2.5319223506817417 2.5135031654104467 2.4478347657475674 2.3221038054174223 2.2219995376386437 2.0610318750503684 1.9441100902847555 1.892055871039791 1.9657326121249716 2.0642352116192897 2.252431235043393 2.463050614449942 2.6320266184605203 2.656852476869657 2.593586579633469 2.4286147463340426 2.1595344745446865 1.9441100902847555 1.9345000805779926 1.8976617100354018 1.8215824665235307 1.71266902318022 1.6109630871169807 1.5789297214277718 1.5797305555700025 1.5621122044409375 1.532481341178419 1.3715136785901434 1.292231098509351 1.3074469472117252 1.5340830094628797 1.8688316809151142 2.1234969381443265 2.1371111185622396 1.951317597564827 1.6421956186639597 2.0378076849256916 2.6440391305939737
1.968935948693892 1.9489150951381364 1.9112758904533158 1.879242524764107 1.8664291784884237 1.838399983510365 1.7687274131363355 1.6437972869484203 1.5028504779159007 1.334675308047553 1.1600934650413635 1.1040350750852475 1.1272592652099243 1.267405240100214 1.506053814484821 1.7374948815893565 1.915280061164467 1.9753426218317345 1.9441100902847555 1.8239849689502212 1.6598139697930248 1.6245772675348946 1.6830381599177016 1.8367983152259053 1.8600225053505812 1.7751340862741771 1.6325856089571968 1.5180663266182743 1.506053814484821 1.4676137756577705 1.422767063692878 1.242579381691077 0.9911174610307856 0.7853030864776174 0.8757973445496332 1.2545918938245304 1.5717222141477003 1.8440058225059768 1.9841517973962666 1.8480099932171279 1.6646189746464066 2.3261079761285735 2.7257242131014565
1.3835261907235967 1.3410819811853947 1.285824425371509 1.2065418452907166 1.1608942991835938 1.1745084796015077 1.0551841924092038 0.8445648130026542 0.6227337556048815 0.45295691745207334 0.3456451423932232 0.3248234546952373 0.42813105904293636 0.681194647987688 0.9751007781861811 1.1841184893082701 1.309849449638416 1.243380215833307 1.1665001381792055 1.1432759480545287 1.2145501867130188 1.3947378687148198 1.5789297214277718 1.6526064625129533 1.6197722626815136 1.5036513120581305 1.366708673736762 1.2770152498069764 1.2642019035312928 1.2513885572556092 1.1520851236190612 0.8493698178560356 0.48579111728351254 0.31040844013509306 0.5658745315065352 0.8517723202827261 0.9895157927463254 1.2065418452907166 1.4956429706358283 1.726283203598134 1.7831424276964793 2.246825396047781 2.1867628353805135
