static/data/seaWind_uo/2023/7/20/12.asc
ncols 137
nrows 93
xllcorner 108.0
yllcorner 17.0
cellsize 0.25
NODATA_value -32767
[rows 0 to 18 of 93, columns 43 to 85 of 137]
-0.9004527829170095 -0.7683151494490221 -0.4455789901302407 0.026913153785593114 0.9502749197770441 1.4347795758263313 1.847209159074898 2.004973485094253 2.0514218653436056 1.883246695475258 1.9032675490310136 1.9200850660178488 1.9353009147202225 1.397941205283741 1.2465835524022282 1.186520991734961 1.1464792846234495 1.2305668695576233 1.595747238414607 1.9809484608273453 1.9969651436719507 1.8359974810836746 1.595747238414607 1.236172708553235 1.1064375775119384 1.2081435135751772 1.2946336009360415 0.5410486730973982 -0.17569788419865429 -0.3518813954893041 0.36967016666012986 0.2687650647391213 -0.34387305406700186 -0.7034475839283738 -0.6594017061057111 -0.6049449844340558 -0.3214496980845558 -0.3214496980845558 -0.31824636151563457 -0.21974376202131696 -0.10362281139793383 -0.15727869892735935 -0.3855164294629736
-1.2111764301023373 -0.8628135782321888 -0.3799105904673623 0.2383333673343726 0.7100246771079761 0.910233212665533 0.9158390516611443 0.9118348809499932 1.0551841924092038 1.137670109058917 1.003129973164239 0.8709923396962518 0.7989172668955313 0.8501706519982659 1.1544876260457517 1.4732196146533822 1.915280061164467 2.362946346671164 3.2911131175159967 3.967817967700538 4.281744951454787 3.7692111004274413 3.1357512939233323 2.4013863854982147 1.6461997893751108 1.4620079366621588 1.3482894884654666 1.157690962614673 0.42012271762063413 0.3248234546952373 0.54665451209301 0.02210814893221169 -0.6850283986570784 -1.0958563136211847 -0.8243735394051379 -0.9845403678511833 -1.04380209437622 -0.9388928217440604 -0.9004527829170095 -1.0902504746255732 -1.2904590101831297 -1.3633349171260805 -1.3345048880057921
-1.5867676428083137 -1.1775413961286678 -0.7386842861865037 -0.43596898042347787 -0.4672015119704569 -0.507243219081968 -0.42395646829002454 -0.0852036261266389 0.2687650647391213 0.4673719320122176 0.21350750892523562 0.12781825570660166 0.24393920632998434 0.6715846382809252 1.35950116645669 2.1635386452558376 3.1125271037986555 3.8661120316372988 4.464335135883278 4.778262119637526 4.781465456206448 4.200860703089534 3.625861788968231 3.074887899113835 2.9019077243921063 2.8458493344359908 2.4998889849925328 1.4491945903864751 1.0687983728271178 0.8485689837138053 0.6355471018805652 -0.009124382614767335 -0.6858292327993087 -1.0742337917809686 -0.8820335976457143 -1.1975622496844236 -1.4346091557845706 -1.527505916283277 -1.669253559458027 -1.898292124135872 -2.1233265181025653 -2.285895848975301 -2.217024112743502
-2.589411988880557 -2.3323442292246543 -2.0392389331683916 -1.789378680792561 -1.8686612608733535 -1.8382295634686048 -1.485862540887305 -1.0430012602339898 -0.6914350717949203 -0.4447781559880104 -0.45679066812146374 -0.5424799213400981 -0.27660298611966283 0.34084013753984177 1.3402811470431644 2.265244581319076 3.1213362793631885 3.5473800430296687 3.8981453973265086 4.161619830120253 4.284147453881477 4.061515562341475 3.630666793821612 3.3503748440410335 3.3415656684765005 3.2606814201112475 2.835438490586997 1.807167451963387 1.568518877578779 1.3066461130694949 0.9694949391905694 0.02851482207005329 -0.5472849261934796 -0.8155643638406054 -0.49442987280628437 -0.3783089221829017 -0.6698125499547043 -1.4346091557845706 -2.8208530559850926 -3.083526654636607 -3.1483942201572552 -2.9706090405821453 -2.924160660332792
-3.822696567915106 -3.564027139974743 -3.402258643244237 -3.286938526763085 -3.2412909806559616 -2.98742655756898 -2.608632008294083 -2.199405761614437 -1.82141204648177 -1.5587384478302555 -1.4169908046555055 -1.2400064592226254 -0.9372911534595998 -0.34066971749808106 0.43133439561185716 1.272210244953595 1.78394326183871 2.3845688685113795 2.854658510000523 3.3375614977653494 3.568201730727655 3.5625958917320433 3.568201730727655 3.4008273950015373 3.3231464832052056 3.082896240536137 2.6055990917669223 1.752710730291731 2.017786831369936 1.788748266692091 1.4499954245287054 0.7780955791975455 0.02210814893221169 -0.588127467447221 -0.4744090192505288 -0.08280112369994796 0.017303144078830268 -0.5841232967360699 -2.3107217073844386 -3.567230476543664 -3.8827591285823733 -3.5616246375480523 -3.334988575296898
-4.8653826210988615 -4.706016626795046 -4.555459808055764 -4.643551563701088 -4.360857111493818 -4.106992688406836 -3.6873555978781978 -3.432690340648986 -3.1067508447612835 -3.081124152209916 -2.8016330365715674 -2.558980291475809 -2.080081474422133 -1.485862540887305 -0.8051535199916124 -0.11243198696246637 0.4689736002966778 1.1656993040369752 1.7775365887008685 2.261240410607925 2.7657659202129676 3.0620745528381517 3.0772904015405262 3.0820954063939072 2.8122143004623212 2.481469799721237 2.2724520885991484 2.10267525044634 2.0834552310328145 1.6638181405041759 1.2690069083846742 1.2842227570870488 0.3864876836469646 -0.2725988154085117 -0.4055372830187296 -0.6193599989941998 -0.5184548970731913 -0.025941899601602092 -0.9565111728731253 -2.365178429056094 -3.8098832216394225 -3.9540333672408634 -3.62328886649978
-5.747901845836571 -5.587735017390525 -5.684635948600382 -5.697449294876066 -5.417958179237718 -5.187317946275412 -4.837353426120803 -4.586692339602742 -4.456156374419216 -4.424923842872237 -4.130216878531513 -3.745015656118774 -3.2645151707806384 -2.5902128230227874 -1.8974912899936416 -1.203168088680035 -0.43596898042347787 0.2022958309340126 0.8237431253046683 1.4684146098000008 2.028197675218929 2.3581413418177823 2.575968228504404 2.5855782382111667 2.1787544939582113 2.1467211282690024 1.9377034171469139 2.2268045424920255 2.040210187352382 1.6189714285392838 1.370712844447913 1.604556413979139 0.7524688866461782 0.14543660683566628 -0.3198480298000952 -0.6241650038475812 -0.6513933646834089 -0.2133370888834749 -0.47681152167721974 -1.4290033167889589 -2.879313948367899 -3.9364150161117983 -3.672940583318054
-5.502846598314122 -6.200373136196649 -6.575163514760394 -6.361340798784925 -6.007372107919164 -5.648598412200023 -5.4499915449269265 -5.166496258577427 -5.132060390461527 -5.07359949807872 -4.828544250556271 -4.4521522037080645 -3.938016684396259 -3.217265956389055 -2.454871852985879 -1.669253559458027 -0.9036561194859303 -0.3518813954893041 0.1982916602228615 0.7460622135083366 1.3338744739053228 1.716673193891371 2.0153843289432456 2.072243553041592 1.6646189746464066 1.7062623500423784 1.685440662344392 1.8408024859370564 1.7719307497052568 1.667822311215327 1.4155595564128056 1.4804271219334542 1.2329693719843142 0.867789003127331 0.09418322173293214 -0.30303051281326043 -0.45118482912585245 -0.27820465440412345 -0.033149406881674004 -0.8924444414947073 -1.9991972260568804 -3.488748730605102 -3.8371115824752504
-4.832548421267422 -5.743096840983189 -6.334112437949097 -6.226800662890247 -5.6477975780577925 -5.1352637270304475 -4.846162601685336 -4.72123247549742 -4.698008285372744 -4.7532658411866295 -4.57708232989598 -4.239130321874824 -4.018900932761512 -3.3029552096076893 -2.52854859407106 -1.7797686710857983 -1.054212938225213 -0.5128490580775797 -0.13005033809153144 0.31441261084624417 0.706020506396825 1.151284289476831 1.4916387999246772 1.578128887285542 1.5068546486270518 1.6237764333926648 1.7070631841846082 1.7158723597491403 2.049019362916915 2.0642352116192897 1.811171622674538 1.222558528135321 1.1857201575927308 1.047976685129132 0.7244396916681204 0.23913420147660291 0.10939907043530628 0.18067330909379642 0.5658745315065352 0.32962845954861875 -0.6674100475280136 -2.302713365962136 -3.3870427945418626
-4.362458779778279 -4.891810147792459 -5.537282466430021 -5.096823688203397 -4.517820603370943 -3.5912555008105707 -2.9786173820044475 -2.9129489823415686 -2.9722107088666054 -3.140385878734953 -3.0763191473565348 -3.218867624673515 -3.101945839907902 -2.910546479914878 -2.3387509023624964 -1.5891701452350042 -0.9725278557177299 -0.4639981754015361 -0.22214626444800745 -0.02273856303268129 0.34084013753984177 0.719634686814739 0.8749965104074029 1.0263541632889157 1.2818202546603579 1.703859847615687 2.2348128839143278 2.988397811752971 3.5209525163360715 3.536168365038446 2.715313369252464 1.9200850660178488 1.3266669666252509 1.1240559286410035 0.93505907107467 0.9342582369324397 0.9702957733327997 0.9775032806128721 1.009536646302081 0.8549756568516473 0.4737786051500592 -0.7827301640091662 -2.263472492992855
-4.492193910819576 -5.302638062756564 -5.070396161509799 -4.228719478025831 -3.119564191036967 -2.0040022309102614 -1.210375595960107 -0.8628135782321888 -0.7619084763111803 -0.7138584277773667 -0.8828344317879444 -1.2688364883429137 -1.605987662221839 -1.7973870222148631 -1.4698458580427005 -1.061420445505285 -0.5721107846026166 -0.2053287474611727 -0.13005033809153144 -0.07319111399318556 0.006892300229837112 0.21991418206307767 0.4089110396294111 0.6403521067339466 0.9414657442125116 1.2954344350782718 1.9497159292803672 2.732931720381529 3.3103331369295215 3.4008273950015373 2.98439364104182 2.4374239218985747 1.815976627527919 1.4131570539861151 1.168902640605896 1.2465835524022282 1.4131570539861151 1.4235678978351078 1.2818202546603579 1.2545918938245304 1.07680671424942 0.44334690774531094 -0.5096457215086589
-4.132619380958204 -4.915835172059365 -4.714024968217348 -3.9716517183699285 -2.9882273917112103 -2.0176164113281754 -1.4866633750295353 -1.1238855085992427 -0.8371868856808216 -0.45358733155254294 -0.13085117223376175 -0.11563532353138761 -0.18530789390541713 -0.30863635180887217 -0.24296795214599332 -0.12684700152261064 0.015701475794369646 -0.009925216756997646 -0.15807953306958922 -0.2317562741547703 -0.23335794243923091 -0.09080946512225019 0.09738655830185294 0.2383333673343726 0.429732727327397 0.7276430282370412 1.1841184893082701 1.6421956186639597 2.0386085190679224 2.418203902485049 2.678474998709873 2.521511506832749 2.0025709826675615 1.2153510208552492 1.2545918938245304 1.2946336009360415 1.3771195175857551 1.5156638241915839 1.2529902255400698 1.141674279770068 0.9550799246304256 0.4697744344389081 0.33843763511315084
-3.3862419603996328 -3.6545213980467586 -3.503964579307476 -3.2589093317850266 -2.6710970713880404 -2.3595725900604823 -1.9679646945099014 -1.5859668086660834 -1.252018971356079 -0.9493036655930533 -0.563301609038084 -0.25578129842167696 -0.17089287934527286 -0.17169371348750317 -0.1540753623584381 -0.030746904454983515 0.012498139225448845 -0.1732953817719638 -0.42235480000556436 -0.5360732482022563 -0.5344715799177959 -0.5144507263620404 -0.3286572053646277 -0.15247369407397793 0.06455235847041374 0.33843763511315084 0.6827963162721487 0.9686941050483395 1.2906294302248904 1.5348838436051095 1.600552243267988 1.5749255507166207 1.4556012635243172 1.063192533831506 1.1384709432011473 1.5797305555700025 1.8632258419195025 1.5348838436051095 1.268206074242444 0.7108255112502064 -0.11243198696246637 -0.5713099504603862 -0.005921046045846534
-3.0314724353916422 -3.3005527071809984 -3.3149677217411426 -3.1107550154724346 -2.8905256263591226 -2.567789467040341 -2.1377415326627096 -1.811001202632777 -1.5050825603008304 -1.6572410473245736 -1.6220043450664434 -1.3777499316862245 -1.3136832003078063 -1.2600273127783812 -1.0838438014877314 -0.7619084763111803 -0.6650075451013229 -0.7178625984885179 -0.8852369342146351 -0.9789345288555715 -0.920473636472765 -0.8451952271031238 -0.6465883598300277 -0.43596898042347787 -0.21093458645678442 -0.04195858244620654 0.19588915779617055 0.4978036294169663 0.7412572086549551 0.8878098566830865 0.8309506325847402 1.009536646302081 1.0039308073064692 0.9550799246304256 1.4043478784215826 1.6870423306288527 1.6461997893751108 1.3154552886340274 0.7548713890728687 -0.24296795214599332 -1.107868825754638 -0.9741295240021903 -0.4655998436859963
-2.683910417663724 -3.089132493632219 -3.1267716983170395 -3.101945839907902 -2.896932299496964 -2.618242018000845 -2.214621610316811 -1.9543505140919875 -2.195401590903286 -2.490108555244009 -2.434050165287893 -2.3908051216074613 -2.3323442292246543 -2.3363483999358055 -2.0040022309102614 -1.6708552277424875 -1.351322404992627 -1.305674858885504 -1.393766614530829 -1.344915731854785 -1.2784464980496764 -1.0902504746255732 -0.9004527829170095 -0.6826258962303877 -0.4055372830187296 -0.15807953306958922 0.06455235847041374 0.29999759628610034 0.533040331675096 0.6827963162721487 0.6827963162721487 0.8533739885671867 1.1656993040369752 1.3338744739053228 1.7358932133048968 1.6261789358193552 1.5124604876226635 1.0583875289781246 0.3344334644019997 -0.6289700087009626 -1.3080773613121948 -1.344114897712555 -0.8435935588186634
-2.373186770478396 -2.856890592385453 -2.860894763096604 -2.832865568118546 -2.726354627201926 -2.5693911353248016 -2.472490204114944 -2.7151429492107026 -2.956194026022001 -3.009849913551426 -2.9169531530527197 -2.875309777656748 -2.9706090405821453 -3.0418832792406354 -2.736765471050919 -2.3363483999358055 -2.0136122406170243 -1.793382851503712 -1.7245111152719126 -1.6748593984536386 -1.527505916283277 -1.3184882051611877 -1.0766362942076593 -0.7843318322936266 -0.5056415507975078 -0.24136628386153314 0.009294802656528045 0.24714254289890514 0.533040331675096 0.7316471989481923 0.8397598081492728 0.8629839982739496 1.1705043088903566 1.6582123015085641 1.6021539115524486 1.497244638920289 1.2313677036998536 0.6099204093291979 0.05654401704811152 -0.3831139270362831 -1.0590179430785942 -1.3321023855791017 -1.1799438985553585
-2.4212368190122096 -2.8304630656918555 -2.743172144188761 -2.5101294087997648 -2.4036184678831445 -2.453270184701419 -2.9706090405821453 -3.2132617856779038 -3.2685193414917895 -3.119564191036967 -3.0675099717920027 -3.2484984879360335 -3.344598585003661 -3.546408788845678 -3.3317852387279774 -2.9305673334706337 -2.4524693505591886 -2.1769824056319904 -2.0704714647153706 -1.9359313288206925 -1.7869761783658702 -1.570750959963709 -1.2087739276756466 -0.9164694657616139 -0.5801191260249188 -0.3302588736490879 -0.05076775801073907 0.18868165051609864 0.47538027343451983 0.7284438623792715 1.07680671424942 1.1008317385163267 1.1072384116541687 1.5372863460318 1.2986377716471926 1.0439725144179808 0.7772947450553152 0.061349021901492495 0.019705646505520757 -0.42235480000556436 -0.7939418420003892 -1.0702296210698174 -1.054212938225213
-2.9305673334706337 -3.0418832792406354 -2.694321261512717 -2.4620793602659514 -2.620644520427536 -2.6654912323924287 -3.1836309224153854 -3.160406732290709 -3.229278468522508 -3.105950010619053 -3.2228717953846666 -3.4278853357956045 -3.7466173244032346 -3.9932742402101447 -3.793866538794818 -3.4142711553776905 -2.9249614944750224 -2.5325527647822113 -2.3964109606030726 -2.2546633174283226 -2.0472472745906938 -1.8222128806240003 -1.4514266727714054 -1.0902504746255732 -0.7386842861865037 -0.4231556341477942 -0.13085117223376175 0.09418322173293214 0.33283179611753955 0.5762853753555284 0.9911174610307856 1.1040350750852475 1.1288609334943849 1.1769109820281982 1.0047316414486995 0.6964104966900622 0.2343291966232215 -0.3174455273734047 -0.19251540118548904 -0.2918188348220374 -0.6505925305411788 -0.7474934617510363 -0.7002442473594528
-3.351806092283733 -3.286938526763085 -2.940978177319627 -3.2765276829140917 -3.6369030469176935 -3.560823803405822 -3.196444268691069 -3.1283733666014997 -3.054696625516319 -3.143589215303874 -3.2573076635005664 -3.560823803405822 -3.8979749772847474 -4.276769526559645 -4.163051078362953 -3.8066798850705017 -3.365420272701647 -2.898533967781425 -2.7191471199218538 -2.520540252648758 -2.305916702531057 -2.040039767310622 -1.7189052762763009 -1.355326575703778 -1.0069637238336295 -0.6770200572347762 -0.4119439561565712 -0.1476686892205965 0.10699656800861579 0.4057077030604903 0.7260413599525806 0.8373573057225823 0.8966190322476191 1.0079349780176203 0.9070298760966118 0.3512509813888345 -0.22775210344361918 -0.39592727331196675 -0.3350638785024693 -0.32945803950685804 -0.23656127900815171 -0.1740962159141941 -0.2325571082970006
