static/data/seaWind_uo/2023/7/20/18.asc
ncols 137
nrows 93
xllcorner 108.0
yllcorner 17.0
cellsize 0.25
NODATA_value -32767
[rows 57 to 75 of 93, columns 86 to 128 of 137]
-1.5571367795457953 -1.6051868280796087 -1.630813520630976 -1.6244068474931344 -1.6155976719286018 -1.5627426185414068 -1.4738500287538516 -1.408181629090973 -1.3665382536950013 -1.316085702734497 -1.2600273127783812 -1.160723879141833 -1.096657147763415 -1.001357884838018 -0.9116644609082325 -0.7803276615824755 -0.6001399795806746 -0.39752894159642693 -0.2125362547412446 -0.04756442144181827 0.08056904131501819 0.21350750892523562 0.27036673302358194 0.2535492160367472 0.16785996281811277 0.05334068047919027 -0.04916608972627845 -0.11643615767361748 -0.20452791331894238 -0.18290539147872664 -0.16768954277635206 -0.13485534294491286 -0.09321196754894112 -0.10122030897124334 -0.21734125959462602 -0.3566864003426855 -0.4479814925569312 -0.5160523946465008 -0.5905299698739117 -0.6081483210029768 -0.5841232967360699 -0.38471559532074373 -0.1772995524831149
-2.0488489428751544 -2.100903162120119 -2.17618157148976 -2.213019942032351 -2.2506591467171715 -2.182588244627602 -2.101703996262349 -2.0168155771859455 -1.9535496799497574 -1.846237904890907 -1.736523627405366 -1.5771576331015509 -1.4722483604693912 -1.3697415902639223 -1.2319981178003232 -1.07903879663435 -0.8796310952190236 -0.6810242279459273 -0.5136498922198101 -0.3863172636052039 -0.2613871374172887 -0.17249454762973349 -0.14126201608275446 -0.16929121106081269 -0.24937462528383536 -0.34707639063592266 -0.39512643916973644 -0.4391723169923991 -0.4720065168238383 -0.47601068753498943 -0.4672015119704569 -0.42155396586333405 -0.37270308318728995 -0.3711014149028298 -0.4487823266991615 -0.5568949359002422 -0.6081483210029768 -0.6353766818388045 -0.5785174577404584 -0.5504882627624004 -0.49122653623736356 -0.3815122587518225 -0.2685946446973606
-2.468486033403793 -2.506926072230844 -2.5725944718937224 -2.66949540310358 -2.7327613003397677 -2.700727934650559 -2.6358603691299103 -2.542162774488974 -2.3908051216074613 -2.2538624832860923 -2.0392389331683916 -1.8518437438865187 -1.736523627405366 -1.637220193768818 -1.5058833944430607 -1.39777078524198 -1.2199856056668699 -1.0638229479319756 -0.9380919876018301 -0.8051535199916124 -0.6850283986570784 -0.6049449844340558 -0.5512890969046307 -0.5753141211715374 -0.6361775159810346 -0.6730158865236251 -0.7138584277773667 -0.7418876227554245 -0.7651118128801011 -0.7763234908713244 -0.7490951300354967 -0.7090534229239853 -0.6561983695367903 -0.6369783501232649 -0.6281691745587323 -0.6730158865236251 -0.6994434132172225 -0.6642067109590926 -0.6105508234296675 -0.5753141211715374 -0.5312682433488749 -0.4664006778282266 -0.5480857603357097
-2.785616353726963 -2.8248572266962437 -2.8881231239324316 -2.9882273917112103 -3.0282690988227214 -3.05870079622747 -2.9970365672757424 -2.878513114225669 -2.725553793059696 -2.52854859407106 -2.2890991855442224 -2.118521513249184 -1.9927905529190384 -1.8942879534247206 -1.828619553761842 -1.7277144518408334 -1.6123943353596808 -1.5002775554474492 -1.3753474292595338 -1.2496164689293883 -1.1302921817370846 -1.0670262845008966 -1.0029595531224784 -0.9973537141268669 -0.9925487092734855 -1.0285862456738457 -1.0478062650873712 -1.0734329576387385 -1.1022629867590266 -1.1022629867590266 -1.0630221137897453 -0.9645195142954275 -0.9084611243393117 -0.7843318322936266 -0.7506967983199571 -0.764310978737871 -0.7386842861865037 -0.7050492522128342 -0.7034475839283738 -0.6738167206658554 -0.6802233938036972 -0.6858292327993087 -0.7514976324621874
-2.9922315624223614 -3.0282690988227214 -3.0923358302011397 -3.1299750348859603 -3.1283733666014997 -3.1740209127086225 -3.1483942201572552 -3.029870767107182 -2.9225589920483315 -2.7327613003397677 -2.549370281769046 -2.42203765315444 -2.299510029393215 -2.2194266151701925 -2.1529573813650837 -2.0968989914089677 -2.0432431038795427 -1.9487446750963762 -1.8518437438865187 -1.726112783556373 -1.5931743159461553 -1.5235017455721258 -1.4554308434825565 -1.39696995109975 -1.383355770681836 -1.3857582731085267 -1.4049782925220522 -1.4274016485044985 -1.4482233362024843 -1.4201941412244266 -1.308878195454425 -1.210375595960107 -1.0325904163849968 -0.8940461097791677 -0.8548052368098866 -0.8251743735473682 -0.8019501834226916 -0.8131618614139147 -0.810759358987224 -0.7979460127115405 -0.8203693686939868 -0.8708219196544911 -0.8636144123744189
-3.101145005765672 -3.133178371454881 -3.1099541813302043 -3.125170030032579 -3.080323318067686 -3.143589215303874 -3.1283733666014997 -3.0739166449298443 -2.969808206439915 -2.9169531530527197 -2.8128447145627904 -2.715943783352933 -2.63425870084545 -2.553374452480197 -2.49331189181293 -2.433249331145663 -2.4732910382571744 -2.426041823865591 -2.337950068220266 -2.21061743960566 -2.0776789719954425 -1.9495455092386063 -1.8702629291578137 -1.792582017361482 -1.7589469833878124 -1.7621503199567332 -1.7621503199567332 -1.7861753442236399 -1.7741628320901865 -1.6860710764448616 -1.5579376136880254 -1.3561274098460083 -1.1695330547063656 -1.0317895822427665 -0.9877437044201041 -0.9388928217440604 -0.9212744706149953 -0.9332869827484487 -0.8964486122058584 -0.881232763503484 -0.8732244220811818 -0.9709261874332693 -0.930884480321758
-3.084327488778837 -3.101145005765672 -3.0763191473565348 -3.0394807768139445 -3.0042440745558148 -3.107551678903514 -3.12917420074373 -3.081124152209916 -3.05789996208524 -3.038679942671714 -3.0458874499517865 -3.0050449086980446 -2.9193556554794107 -2.8624964313810644 -2.8072388755671787 -2.791222192722574 -2.8496830851053807 -2.843276411967539 -2.7359646369086885 -2.6038270034407014 -2.4845027162483975 -2.362775926629403 -2.249057478432711 -2.1665715617829977 -2.1337373619515585 -2.10410649868904 -2.093695654840047 -2.0872889817022053 -2.0560564501552263 -1.9439396702429947 -1.7885778466503308 -1.5787593013860113 -1.3929657803885989 -1.2552223079249998 -1.1799438985553585 -1.1334955183060054 -1.0998604843323359 -1.036594587096148 -0.983739533708953 -0.9156686316193838 -0.86761858308557 -0.9717270215754996 -1.0189762359670829
-2.9802190502889077 -2.9922315624223614 -3.02186242568488 -3.009849913551426 -3.0178582549737287 -3.125170030032579 -3.169215907855241 -3.203651775971141 -3.217265956389055 -3.2220709612424363 -3.2356851416603503 -3.2228717953846666 -3.151597556726176 -3.1203650251791974 -3.1459917177305647 -3.171618410281932 -3.147593386015025 -3.1171616886102766 -2.977015713719987 -2.8448780802519993 -2.736765471050919 -2.6710970713880404 -2.546967779342355 -2.4740918723994048 -2.437253501856814 -2.3996142971719934 -2.3595725900604823 -2.3291408926557335 -2.2682774978462366 -2.156961552076235 -2.0064047333369524 -1.85744958288213 -1.6964819202938546 -1.5547342771191044 -1.449825004486945 -1.3713432585483827 -1.2864548394719786 -1.2111764301023373 -1.1134746647502498 -1.0045612214069388 -0.930884480321758 -1.0309887481005364 -1.1262880110259332
-2.878513114225669 -2.959397362590922 -3.045086615809556 -3.108352513045744 -3.167614239570781 -3.2549051610738755 -3.3333869070124376 -3.3950511359641653 -3.4350928430756764 -3.454312862489202 -3.4511095259202813 -3.373428614123949 -3.3157685558833725 -3.3526069264259633 -3.427084501653374 -3.428686169937835 -3.274926014629631 -3.1187633568947373 -2.962600699159843 -2.8897247922168923 -2.8761106117989783 -2.8665006020922155 -2.821653890127323 -2.7207487882063144 -2.6398645398410614 -2.5830053157427155 -2.542963608631204 -2.502921901519693 -2.4316476628612027 -2.3403525706469566 -2.2370449662992575 -2.146550708227242 -2.051251445301845 -1.9287238215406204 -1.7749636662324169 -1.6139960036441412 -1.5050825603008304 -1.4065799608065126 -1.2992681857476622 -1.1983630838266537 -1.1759397278442074 -1.2552223079249998 -1.3705424244061524
-2.9073431433459573 -3.054696625516319 -3.1908384296954573 -3.2973493706120776 -3.366221106843877 -3.4567153649158926 -3.570433813112585 -3.618483861646398 -3.606471349512945 -3.58805216424165 -3.538400447423376 -3.488748730605102 -3.493553735458483 -3.542404618134527 -3.556819632694671 -3.425482833368914 -3.232481805091429 -3.0939374984856 -2.962600699159843 -2.8833181190790502 -2.873708109372288 -2.8977331336391945 -2.9257623286172523 -2.764794666028977 -2.6807070810948033 -2.63345786670322 -2.608632008294083 -2.5942169937339385 -2.514133579510916 -2.439656004283505 -2.42203765315444 -2.3892034533230007 -2.3427550730736475 -2.2290366248769553 -2.0296289234616287 -1.8558479145976698 -1.7509386419655102 -1.6420251986221992 -1.5443234332701117 -1.5130909017231327 -1.5170950724342838 -1.5395184284167303 -1.6412243644799691
-3.071514142503154 -3.219668458815746 -3.373428614123949 -3.4815412233250296 -3.592857169095031 -3.6953639393005 -3.7826548608035946 -3.7786506900924435 -3.744214821976544 -3.664131407753521 -3.5528154619835197 -3.5303921060010737 -3.5375996132811456 -3.556819632694671 -3.4807403891827993 -3.3301835704435168 -3.1187633568947373 -2.9826215527155986 -2.891326460501353 -2.8656997679499856 -2.8705047728033666 -2.9153514847682596 -2.9377748407507056 -2.7888196902958837 -2.701528768792789 -2.6518770519745147 -2.6574828909701265 -2.6791054128103426 -2.631856198418759 -2.6006236668717806 -2.5942169937339385 -2.59902199858732 -2.5557769549068876 -2.4380543359990443 -2.228235790734725 -2.0464464404484635 -1.9455413385274551 -1.8518437438865187 -1.8053953636371656 -1.7949845197881724 -1.8366278951841442 -1.8766696022956557 -1.9447405043852248
-3.373428614123949 -3.4775370526138785 -3.614479690935247 -3.6849530954515073 -3.7922648705103574 -3.87234828473338 -3.920398333267194 -3.9123899918448917 -3.8323065776218685 -3.7394098171231627 -3.5904546666683403 -3.5592221351213613 -3.5263879352899226 -3.440698682071288 -3.3526069264259633 -3.2164651222468246 -3.037078274387254 -2.928164831043943 -2.9361731724662454 -2.9153514847682596 -2.891326460501353 -2.878513114225669 -2.8448780802519993 -2.7671971684556675 -2.6718979055302707 -2.6230470228542266 -2.63345786670322 -2.698325432223868 -2.701528768792789 -2.7383671393353795 -2.7399688076198396 -2.737566305193149 -2.6574828909701265 -2.520540252648758 -2.337950068220266 -2.221028283454653 -2.128932357098177 -2.0744756354265217 -2.03283226003055 -2.059259786724147 -2.126529854671486 -2.17618157148976 -2.199405761614437
-3.705774783149493 -3.7818540266613647 -3.8234974020573365 -3.8851616310090638 -3.9548342013830933 -3.994875908494605 -4.033315947321656 -4.0341167814638865 -3.951630864814173 -3.810684055781653 -3.649716393193377 -3.5616246375480523 -3.4631220380537346 -3.3870427945418626 -3.2933451999009264 -3.161207566432939 -3.054696625516319 -2.9882273917112103 -2.9858248892845194 -3.017057420831498 -2.9337706700395545 -2.750379651468833 -2.6654912323924287 -2.5942169937339385 -2.5237435892176787 -2.496515228381851 -2.5517727841957365 -2.619843686285306 -2.7135412809262425 -2.816048051131711 -2.843276411967539 -2.8032347048560275 -2.722350456490775 -2.574196140178183 -2.4196351507277494 -2.326738390229043 -2.273883336841848 -2.241849971152639 -2.2482566442904806 -2.2923025221131432 -2.3635767607716334 -2.412427643447677 -2.4388551701412746
-3.995676742636835 -4.042125122886189 -4.028510942468275 -4.074158488575398 -4.074158488575398 -4.090976005562232 -4.109395190833528 -4.111797693260218 -4.024506771757123 -3.864339943311078 -3.6929614368738095 -3.556819632694671 -3.4599187014848134 -3.430287838222295 -3.3550094288526537 -3.230880136806969 -3.1548008932950973 -3.1187633568947373 -3.0226632598271097 -3.009849913551426 -2.879313948367899 -2.63345786670322 -2.4829010479639373 -2.4180334824432888 -2.3779917753317776 -2.407622638594296 -2.497316062524081 -2.570992803609262 -2.6847112518059544 -2.8088405438516393 -2.875309777656748 -2.8344672364030066 -2.7559854904644445 -2.631856198418759 -2.502921901519693 -2.4428593408524257 -2.408423472736526 -2.4316476628612027 -2.460477691981491 -2.520540252648758 -2.574196140178183 -2.6118353448630036 -2.631055364276529
-4.246337829154896 -4.255947838861658 -4.218308634176838 -4.184673600203169 -4.184673600203169 -4.184673600203169 -4.198287780621082 -4.152640234513959 -4.053336800877411 -3.893169972431366 -3.7426131536920835 -3.606471349512945 -3.574437983823736 -3.5840479935304987 -3.5231845987210013 -3.3878436286840934 -3.3069593803188404 -3.20044843940222 -3.09313666434337 -2.983422386857829 -2.836068904687467 -2.5846069840271757 -2.408423472736526 -2.3459584096425683 -2.35316591692264 -2.3996142971719934 -2.5405611062045135 -2.620644520427536 -2.711939612641782 -2.767998002597898 -2.8336664022607763 -2.8673014362344458 -2.789620524438114 -2.7111387784995515 -2.6294536959920687 -2.5725944718937224 -2.5621836280447297 -2.589411988880557 -2.679906246952573 -2.755184656322214 -2.8024338707137977 -2.8096413779938696 -2.8264588949807044
-4.47217305726382 -4.449749701281373 -4.394492145467488 -4.3584546090671274 -4.32962457994684 -4.321616238524538 -4.280773697270796 -4.201491117190003 -4.094980176273383 -3.974054220796619 -3.8315057434796387 -3.7642356755322997 -3.7594306706789182 -3.785858197372516 -3.7193889635674067 -3.5616246375480523 -3.425482833368914 -3.3109635510299915 -3.221270127100206 -3.1067508447612835 -2.977816547862217 -2.7519813197532934 -2.56378529632919 -2.4732910382571744 -2.4708885358304835 -2.5445652769156646 -2.694321261512717 -2.747176314899912 -2.7455746466154514 -2.7960271975759556 -2.84728058267869 -2.896131465354734 -2.875309777656748 -2.8448780802519993 -2.773603841593509 -2.737566305193149 -2.7287571296286166 -2.791222192722574 -2.910546479914878 -2.9938332307068216 -3.027468264680491 -3.0282690988227214 -3.0146549184048075
-4.689199109808211 -4.678788265959218 -4.603509856589577 -4.553858139771303 -4.517820603370943 -4.449749701281373 -4.3584546090671274 -4.228719478025831 -4.15344106865619 -4.080565161713239 -4.026909274183814 -3.9788592256500004 -3.9580375379520145 -3.953232533098633 -3.9155933284138125 -3.8507257628931644 -3.7033722807228022 -3.568832144828124 -3.4719312136182667 -3.4030594773864675 -3.2973493706120776 -3.079522483925456 -2.898533967781425 -2.818450553558402 -2.843276411967539 -2.938575674892936 -2.977015713719987 -2.9185548213371804 -2.9017373043503456 -2.906542309203727 -2.9377748407507056 -2.9682065381554543 -2.9866257234267497 -3.005845742840275 -2.977816547862217 -2.95218985531085 -2.9802190502889077 -3.05870079622747 -3.143589215303874 -3.188435927268767 -3.2084567808245223 -3.211660117393443 -3.207655946682292
-4.8029175580049035 -4.856573445534329 -4.785299206875838 -4.7132241340751175 -4.640348227132168 -4.545849798349001 -4.420118838018855 -4.312807062960005 -4.286379536266407 -4.25835034128835 -4.240731990159285 -4.231121980452522 -4.215906131750147 -4.1870761026298595 -4.175063590496405 -4.162250244220722 -4.059743474015253 -3.952431698956403 -3.8947716407158266 -3.8499249287509336 -3.749019826829925 -3.568832144828124 -3.401457809102007 -3.3205735607367544 -3.323776897305675 -3.348602755714812 -3.3085610486033006 -3.232481805091429 -3.150796722583946 -3.1123566837568952 -3.1211658593214278 -3.161207566432939 -3.2228717953846666 -3.2436934830826525 -3.228477634380278 -3.2228717953846666 -3.256506829358336 -3.3149677217411426 -3.3574119312793447 -3.3814369555462513 -3.4222794967999928 -3.428686169937835 -3.432690340648986
-4.9062251623526025 -4.89741598678807 -4.854170943107638 -4.7716850264579245 -4.656364909976772 -4.540243959353389 -4.471372223121589 -4.453753871992525 -4.493795579104036 -4.521023939939864 -4.535438954500008 -4.553858139771303 -4.545849798349001 -4.545048964206771 -4.589094842029433 -4.600306520020656 -4.5378414569266985 -4.445745530570223 -4.3760729601961925 -4.3039978873954725 -4.203092785474464 -4.040523454601727 -3.8771532895867615 -3.7786506900924435 -3.7506214951143857 -3.7113806221451044 -3.62408970064201 -3.551213793699059 -3.472732047760497 -3.430287838222295 -3.41266948709323 -3.425482833368914 -3.479939555040569 -3.5023629110230154 -3.507968750018627 -3.525587101147692 -3.5416037839922967 -3.551213793699059 -3.5800438228193476 -3.596060505663952 -3.6112763543663267 -3.6489155590511473 -3.7105797880028746
