static/data/seaWind_uo/2023/7/20/6.asc
ncols 137
nrows 93
xllcorner 108.0
yllcorner 17.0
cellsize 0.25
NODATA_value -32767
[rows 57 to 75 of 93, columns 86 to 128 of 137]
-0.7314767789064316 -0.5969366430117535 -0.5048407166552775 -0.45198566326808276 -0.4231556341477942 -0.4015331123075785 -0.4383714828501688 -0.4784131899616799 -0.5713099504603862 -0.7050492522128342 -0.9300836461795279 -1.1615247132840634 -1.408181629090973 -1.563543452683637 -1.676461066738099 -1.6828677398759408 -1.6115935012174507 -1.5010783895896793 -1.315284868592267 -1.171134722990826 -0.97332868985996 -0.7458917934665756 -0.4776123558194496 -0.11323282110469668 0.14543660683566628 0.23993503561883323 0.21190584064077544 0.02451065135890218 -0.15727869892735935 -0.21894292787908665 -0.2597854691328281 -0.24777295699937474 -0.17249454762973349 -0.06998777742426432 -0.033950241023904315 -0.07158944570872494 -0.10762698210908495 -0.24777295699937474 -0.4079397854454201 -0.524060736068803 -0.658600871963481 -0.5608991066113933 -0.3807114246095922
-1.319289039303418 -1.2255914446624814 -1.209574761817877 -1.1863505716932004 -1.1783422302708981 -1.1943589131155026 -1.2223881080935606 -1.2896581760408996 -1.3913641121041382 -1.5507301064079533 -1.7957853539304027 -1.987985548065657 -2.1385423668049395 -2.255464151570553 -2.221028283454653 -2.1585632203606955 -1.9687655286521317 -1.7669553248101146 -1.5547342771191044 -1.329699883152411 -1.11427549889248 -0.8219710369784472 -0.5176540629309612 -0.22054459616354727 -0.13405450880268255 -0.09561446997563161 -0.2029262450344822 -0.3526822296315344 -0.48401902895729165 -0.5520899310468608 -0.6073474868607465 -0.5985383112962139 -0.5304674092066448 -0.49442987280628437 -0.4655998436859963 -0.5360732482022563 -0.6481900281144881 -0.7667134811645615 -0.8395893881075123 -0.9156686316193838 -0.9324861486062186 -0.7130575936351364 -0.49122653623736356
-1.9054996314159438 -1.8486404073175977 -1.8230137147662304 -1.835827061041914 -1.835026226899684 -1.8838771095757276 -1.9054996314159438 -1.9783755383588943 -2.10410649868904 -2.261069990566164 -2.4812993796794767 -2.63505953498768 -2.748777983184372 -2.694321261512717 -2.63505953498768 -2.4348509994301235 -2.1809865763431415 -1.92712215325616 -1.6700543936002572 -1.4330074875001102 -1.163927215710754 -0.8828344317879444 -0.6169574965675093 -0.4736081851082985 -0.42555813657448516 -0.5408782530556377 -0.658600871963481 -0.7723193201601732 -0.8844361000724048 -0.9196728023305349 -0.9749303581444204 -0.9805361971400322 -0.9885445385623344 -0.9637186801531974 -0.9236769730416861 -0.9813370312822622 -1.0694287869275871 -1.0886488063411126 -1.1439063621549983 -1.0173745676826225 -0.9725278557177299 -0.7274726081952805 -0.5096457215086589
-2.4628801944081813 -2.4060209703098354 -2.3787926094740075 -2.4060209703098354 -2.4276434921500516 -2.5309510964977506 -2.5517727841957365 -2.5926153254494784 -2.715943783352933 -2.8136455487050207 -2.991430728280131 -3.0875308253477582 -3.0915349960589094 -3.033874937818333 -2.821653890127323 -2.5966194961606295 -2.277086673410769 -1.9735705335055131 -1.7205069445607615 -1.5010783895896793 -1.2352014543692442 -1.086246303914422 -0.8836352659301747 -0.8299793784007494 -0.8844361000724048 -1.001357884838018 -1.107067991612408 -1.2015664203955747 -1.2440106299337765 -1.2744423273385252 -1.3609324146993897 -1.496273384736298 -1.5074850627275211 -1.4586341800514773 -1.393766614530829 -1.3945674486730593 -1.3064756930277344 -1.319289039303418 -1.121483006172552 -0.958913675299816 -0.8684194172278004 -0.683426730372618 -0.5192557312154216
-2.942579845604087 -2.8616955972388345 -2.8336664022607763 -2.908143977488187 -2.9337706700395545 -3.0282690988227214 -3.0322732695338726 -3.0723149766453837 -3.136381708023802 -3.223672629526897 -3.334187741154668 -3.3357894094391285 -3.3189718924522937 -3.1588050640062484 -2.946584016315238 -2.645470378836673 -2.3211325512334313 -2.0312305917460893 -1.8446362366064466 -1.6244068474931344 -1.524302579714356 -1.4001732876686708 -1.2792473321919067 -1.3072765271699645 -1.3593307464149293 -1.425799980220038 -1.5331117552788884 -1.5507301064079533 -1.569950125821479 -1.6171993402130622 -1.7845736759391797 -1.9199146459760879 -1.9927905529190384 -1.9439396702429947 -1.7941836856459423 -1.6532368766134224 -1.5210992431454349 -1.2600273127783812 -1.061420445505285 -0.8596102416632678 -0.7723193201601732 -0.6634058768168625 -0.7587051397422593
-3.3646194385594166 -3.2829343560519337 -3.2605110000694872 -3.34219608257697 -3.3333869070124376 -3.353407760568193 -3.3526069264259633 -3.358212765421575 -3.4238811650844534 -3.4511095259202813 -3.5231845987210013 -3.4919520671740227 -3.3830386238307115 -3.2204692929579757 -2.9938332307068216 -2.6807070810948033 -2.3964109606030726 -2.1697748983519185 -2.008807235763643 -1.9303254898250808 -1.8382295634686048 -1.796586188072633 -1.704490261716157 -1.7389261298320566 -1.7477353053965892 -1.8093995343483167 -1.831822890330763 -1.839030397610835 -1.8838771095757276 -1.92712215325616 -2.0944964889822772 -2.249858312574941 -2.3251367219445824 -2.3011116976776758 -2.0808823085643633 -1.8446362366064466 -1.5403192625589606 -1.2672348200584531 -1.0430012602339898 -0.8580085733788074 -0.7819293298669359 -0.7370826179020433 -0.8900419390680165
-3.754625665825537 -3.73060064155863 -3.7209906318518673 -3.691359768589349 -3.6433097200555355 -3.6369030469176935 -3.5816454911038083 -3.5768404862504264 -3.5936580032372616 -3.609674686081866 -3.603268012944024 -3.545607954703448 -3.421478662657763 -3.2581084976427963 -3.0282690988227214 -2.804836373140488 -2.5597811256180387 -2.3571700876337918 -2.2682774978462366 -2.2018082640411274 -2.1409448692316304 -2.121724849818105 -2.0672681281464493 -2.076878137853212 -2.0744756354265217 -2.089691484128896 -2.097699825551198 -2.0848864792755144 -2.1345381960937884 -2.147351542369472 -2.2586674881394737 -2.4180334824432888 -2.535756101351132 -2.5381586037778225 -2.28189167826415 -1.934329660536232 -1.6051868280796087 -1.2928615126098204 -1.061420445505285 -0.9621170118687368 -0.8796310952190236 -0.8147635296983753 -0.9813370312822622
-4.086971834851081 -4.058942639873023 -4.01169342548144 -3.9404191868229494 -3.833908245906329 -3.7682398462434508 -3.726596470847479 -3.7073764514339533 -3.708978119718414 -3.704973949007263 -3.6617289053268305 -3.571234647254815 -3.4567153649158926 -3.3141668875989123 -3.156402561579558 -2.9650032015865335 -2.796828031718186 -2.6582837251123568 -2.582204481600485 -2.5101294087997648 -2.4316476628612027 -2.3571700876337918 -2.299510029393215 -2.3323442292246543 -2.358771755918252 -2.373987604620626 -2.3507634144959497 -2.3211325512334313 -2.3355475657935756 -2.2907008538286826 -2.3291408926557335 -2.3771909411895473 -2.4885068869595486 -2.582204481600485 -2.390004287465231 -1.9927905529190384 -1.6436268669066596 -1.3489199025659364 -1.1487113670083797 -1.0478062650873712 -0.976532026428881 -0.8828344317879444 -1.0301879139583061
-4.297591214257631 -4.2775703607018745 -4.202291951332233 -4.096581844557844 -4.006888420628059 -3.928406674689496 -3.9268050064050355 -3.9019791479958985 -3.8523274311776246 -3.798671543648199 -3.7257956367052487 -3.62489053478424 -3.5047654134497064 -3.3926486335374744 -3.278129351198552 -3.1531992250106367 -3.0474891182362467 -2.948986518741929 -2.854488089958762 -2.7744046757357395 -2.6999271005083285 -2.63505953498768 -2.610233676578543 -2.6726987396725006 -2.6646903982501984 -2.626250359423148 -2.566988632898111 -2.502921901519693 -2.45727435541257 -2.3884026191807703 -2.3195308829489707 -2.297908361108755 -2.365979263198324 -2.4620793602659514 -2.337950068220266 -2.0320314258883196 -1.725311949414143 -1.475451697038312 -1.2744423273385252 -1.1134746647502498 -1.039797923665069 -0.9701253532910392 -1.0197770701093132
-4.380077130907344 -4.336031253084681 -4.26075284371504 -4.170258585643024 -4.077361825144318 -4.033315947321656 -4.0341167814638865 -4.022104269330432 -4.006888420628059 -3.97725755736554 -3.874750787160071 -3.7650365096745295 -3.638504715202154 -3.5303921060010737 -3.4318895065067556 -3.347801921572582 -3.2757268487718614 -3.219668458815746 -3.1764234151353135 -3.1051491764768233 -3.0314724353916422 -2.9746132112932964 -2.942579845604087 -2.9650032015865335 -2.9441815138885477 -2.868102270376676 -2.7752055098779698 -2.651076217832285 -2.499718564950772 -2.4060209703098354 -2.3075183708155174 -2.2010074298988975 -2.111314005969112 -2.124928186387026 -2.1257290205292563 -2.026425586892708 -1.7453328029698985 -1.5042817261586003 -1.320089873445648 -1.206371425248956 -1.1102713281813288 -1.0526112699407524 -1.0293870798160758
-4.421720506303315 -4.384081301618495 -4.350446267644825 -4.292786209404249 -4.232723648736982 -4.264757014426191 -4.266358682710652 -4.244736160870436 -4.211901961038996 -4.126212707820362 -4.018900932761512 -3.9187966649827333 -3.8058790509282714 -3.7033722807228022 -3.6296955396376216 -3.5584213009791315 -3.5335954425699945 -3.5119729207297783 -3.4871470623206413 -3.416673657804381 -3.3397935801502796 -3.3397935801502796 -3.3437977508614307 -3.2589093317850266 -3.1163608544680463 -2.9970365672757424 -2.8104422121361 -2.652677886116745 -2.412427643447677 -2.252260815001632 -2.1809865763431415 -2.0720731329998308 -1.9831805432122758 -1.9863838797811968 -2.005603899194722 -1.9054996314159438 -1.7060919300006172 -1.506684228585291 -1.4025757900953615 -1.2968656833209715 -1.1022629867590266 -1.0870471380566522 -1.1046654891857173
-4.475376393832741 -4.455355540276985 -4.4257246770144665 -4.391288808898567 -4.372869623627272 -4.400097984463099 -4.4121104965965525 -4.392890477183028 -4.320014570240077 -4.215906131750147 -4.141428556522737 -4.059743474015253 -3.9580375379520145 -3.909987489418201 -3.847522426324243 -3.8851616310090638 -3.946025025818561 -3.9404191868229494 -3.7794515242346742 -3.691359768589349 -3.573637149681506 -3.5768404862504264 -3.5159770914409294 -3.249299322078264 -3.104348342334593 -2.9930323965645913 -2.8272597291229347 -2.6054286717251616 -2.3291408926557335 -2.1529573813650837 -2.107309835257961 -2.0136122406170243 -1.9703671969365921 -1.9743713676477432 -1.9615580213720596 -1.8566487487399 -1.7076935982850778 -1.634817691342127 -1.5403192625589606 -1.2536206396405394 -0.9893453727045647 -1.0069637238336295 -1.1687322205641353
-4.510613096090871 -4.502604754668568 -4.461762213414827 -4.444944696427992 -4.460961379272597 -4.4833847352550436 -4.497799749815187 -4.478579730401662 -4.422521340445546 -4.328022911662379 -4.265557848568421 -4.206296122043385 -4.163051078362953 -4.203092785474464 -4.268761185137342 -4.2903837069775586 -4.33202708237353 -4.25995200957281 -4.006087586485828 -3.708978119718414 -3.636102212775463 -3.573637149681506 -3.397453638390856 -3.101945839907902 -2.9073431433459573 -2.8264588949807044 -2.693520427370487 -2.514934413653146 -2.2931033562553735 -2.164969893498537 -2.1545590496495444 -2.1201231815336445 -2.132936527809328 -2.1345381960937884 -2.026425586892708 -1.8742670998689648 -1.736523627405366 -1.6452285351911202 -1.4938708823096074 -1.2199856056668699 -0.9853412019934134 -0.9957520458424063 -1.1366988548749262
-4.521824774082094 -4.495397247388496 -4.431330516010078 -4.426525511156697 -4.4345338525789995 -4.460160545130367 -4.513816432659792 -4.511413930233101 -4.484986403539503 -4.511413930233101 -4.4521522037080645 -4.554658973913533 -4.586692339602742 -4.622729876003103 -4.689199109808211 -4.681991602528139 -4.396093813751948 -4.211101126896766 -3.983664230503382 -3.7145839587140257 -3.641708051771075 -3.4390970137868275 -3.1780250834197736 -2.9113473140571084 -2.7215496223485447 -2.645470378836673 -2.5085277405153046 -2.3643775949138637 -2.302713365962136 -2.2482566442904806 -2.361174258344943 -2.373987604620626 -2.4180334824432888 -2.369983433909475 -2.1657707276407674 -1.9063004655581741 -1.7445319688276681 -1.5787593013860113 -1.4530283410558658 -1.2824506687608275 -1.1262880110259332 -1.1054663233279474 -1.1407030255860775
-4.490592242535115 -4.421720506303315 -4.351247101787056 -4.356052106640437 -4.364060448062739 -4.4345338525789995 -4.513816432659792 -4.563468149478066 -4.655564075834542 -4.714825802359579 -4.913432669632675 -5.0279519519715965 -4.985507742433395 -4.935856025615121 -4.918237674486056 -4.718829973070729 -4.385682969902955 -4.12140770296698 -3.9043816504225894 -3.7458164902610047 -3.5848488276727286 -3.3045568778921495 -2.9866257234267497 -2.7215496223485447 -2.5477686134845854 -2.4804985455372464 -2.330742560940194 -2.28029000997969 -2.2578666539972434 -2.4172326483010584 -2.5349552672089017 -2.630254530134299 -2.681507915237033 -2.535756101351132 -2.2226299517391137 -1.9567530165186784 -1.6708552277424875 -1.4874642091717656 -1.5387175942745 -1.528306750425507 -1.3473182342814758 -1.1927572448310422 -1.2207864398091
-4.440139691574611 -4.364060448062739 -4.304798721537702 -4.323217906808997 -4.396093813751948 -4.486588071823964 -4.627534880856484 -4.736448324199795 -4.8982168209303 -5.136865395314908 -5.364302291708292 -5.3691072965616735 -5.2521855117960605 -4.9422626987529625 -4.765278353320083 -4.581086500607131 -4.359255443209358 -4.1109968591179875 -3.927605840547266 -3.7658373438167603 -3.4503086917780506 -3.1211658593214278 -2.8264588949807044 -2.5293494282132905 -2.341153404789187 -2.2730825026996175 -2.1505548789383933 -2.203409932325588 -2.405220136167605 -2.577399476747104 -2.6326570325609895 -2.7351638027664587 -2.698325432223868 -2.4772952089683256 -2.168173230067458 -1.9511471775230667 -1.6500335400445016 -1.5026800578741397 -1.6532368766134224 -1.8069970319216258 -1.4474225020602542 -1.252018971356079 -1.2752431614807556
-4.461762213414827 -4.4121104965965525 -4.36886545291612 -4.390487974756336 -4.47377472554828 -4.619526539434181 -4.786100041018068 -4.977499401011093 -5.239372165520377 -5.493236588607359 -5.554099983416856 -5.461203222918149 -5.1817121072798 -4.850967606538717 -4.595501515167275 -4.441741359859071 -4.287180370408637 -4.140627722380506 -3.9612408745209353 -3.708177285576184 -3.3646194385594166 -2.9954348989912822 -2.63345786670322 -2.3083192049577477 -2.0568572842974566 -1.9687655286521317 -2.0720731329998308 -2.3675809314827845 -2.595818662018399 -2.623847856996457 -2.583806149884946 -2.4869052186750884 -2.3948092923186124 -2.224231620023574 -2.0640647915775285 -1.8966904558514113 -1.7413286322587473 -1.6388218620532782 -1.7317186225519845 -1.835827061041914 -1.3913641121041382 -1.1823464009820492 -1.2392056250803953
-4.561866481193605 -4.5738789933270585 -4.581086500607131 -4.621128207718642 -4.710821631648427 -4.866984289383321 -5.092819517492245 -5.3330697601613135 -5.551697480990166 -5.618967548937505 -5.480423242331675 -5.222554648533542 -4.9598810498820285 -4.738049992484255 -4.474575559690511 -4.320014570240077 -4.204694453758924 -4.096581844557844 -3.9236016698361147 -3.6120771885085565 -3.317370224167833 -2.9473848504574685 -2.56458613047142 -2.182588244627602 -1.884677943717958 -1.82141204648177 -2.1737790690630696 -2.607030340009622 -2.773603841593509 -2.6927195932282566 -2.499718564950772 -2.301912531819906 -2.1097123376846514 -1.9503463433808363 -1.899092958278102 -1.9191138118338578 -1.8926862851402602 -1.7949845197881724 -1.6852702423026313 -1.6067884963640693 -1.4025757900953615 -1.2936623467520507 -1.308878195454425
-4.733244987630874 -4.772485860600154 -4.782896704449148 -4.834950923694112 -4.915034337917135 -5.051176142096274 -5.2569905166494415 -5.416356510953257 -5.466809061913761 -5.341078101583616 -5.155284580586203 -4.929449352477279 -4.711622465790658 -4.4881897401084245 -4.320014570240077 -4.22231280488799 -4.1246110395359015 -4.0076892547702885 -3.842717421470862 -3.5656288082592034 -3.294946868185387 -2.9209573237638713 -2.570191969467032 -2.232239961445876 -1.9703671969365921 -1.9831805432122758 -2.3948092923186124 -2.8456789143942296 -2.9401773431773965 -2.755184656322214 -2.450867682274728 -2.236244132157027 -2.0993014938356587 -1.888682114429109 -1.8430345683219862 -1.9527488458075273 -1.9927905529190384 -1.9111054704115553 -1.7565444809611215 -1.7205069445607615 -1.7381252956898265 -1.6924777495827035 -1.5891701452350042
