static/data/ASCData/20210109/ASCU/03.asc
ncols 97
nrows 97
xllcorner 99.0
yllcorner 2.0
cellsize 0.25
NODATA_value -32767
[rows 38 to 56 of 97, columns 0 to 42 of 97]
-2.7317312208963274 -1.8646160544439292 -1.0149505740037312 -0.48367474910921215 -0.5040774589080925 -0.4036746501609727 -0.7795140411929717 -2.0775022237927687 -2.254146737577808 -2.3040796852434884 -3.208241877383326 -2.6144156395527673 -2.0560256871623688 -2.3274354188290483 -2.7532077575267273 -3.1478391181103262 -3.6017994111354055 -4.066766429183565 -4.598847624201722 -5.062740815418362 -5.8205941017636 -6.11938641763404 -5.97307751183944 -5.739520175983841 -5.630258295876681 -5.790258493773161 -6.010929907650519 -5.91831234343192 -5.548110543265401 -5.0216669391127216 -4.5929415766283626 -3.622470577642165 -2.2415292723074485 -1.2267629165210507 -2.1682405910562084 -3.8490480390928847 -5.5295870304216805 -6.214151635515679 -6.1320038829043995 -6.3644873919284795 -6.851736316730678 -7.208246824795317 -7.281535506046557
-2.409583171440328 -1.3644812076634905 -0.8401852571738515 -1.3030046215589706 -1.53629350070669 -2.351864979246128 -2.966093926875567 -3.5432758488175655 -3.6643498240714454 -3.5277053597605255 -3.671061241768445 -3.0160268745412466 -2.7491809069085273 -2.9593825091785666 -3.289315803163086 -3.7121351180740847 -4.197504845921124 -4.580324111358003 -5.0238145927757625 -5.385157321582241 -5.990527197851639 -6.353749123613278 -6.2503932910794795 -5.98864800089648 -5.88609753848632 -6.221936880044199 -6.279655072238399 -6.01200373448204 -5.172271152233401 -4.615491940090283 -4.290390866847604 -3.5470342427278854 -2.9730738012804467 -2.2297171771607283 -1.3752194759786904 -2.0023343455863687 -3.0315973635982867 -4.818713667955443 -5.462204396743801 -6.1722723890864 -6.726903947566479 -7.212273675413517 -7.3040858695084765
-2.481798025860048 -1.3518637423931303 -1.162333306629851 -1.7258239364699697 -2.853879022981727 -3.681799510083645 -4.747304183659363 -5.290392103700601 -5.404486204549601 -5.2992511750606415 -5.016029348247242 -4.252270014328644 -3.921262893512605 -3.690658581443685 -4.012001260776044 -4.258981432025644 -4.703545740274922 -4.945693690782682 -5.270794764025362 -5.533613881039881 -5.81952027493208 -6.1741515860415594 -6.329319563196199 -6.07348032058656 -5.949453321546 -6.16717171163668 -5.8313323700788 -5.429989591798201 -4.694686668914883 -4.3430083815920835 -3.9827394796171243 -3.8997863568822044 -3.3422017746154458 -2.849852172363527 -1.8361596434086493 -1.1819306463050907 -1.3548167661798103 -2.6654224140499676 -4.823545888697282 -5.750258444299041 -6.5236822197013185 -7.006098923761677 -7.129320552678598
-2.786496389303847 -1.5999177404742497 -1.4329376681728903 -2.2034084197884884 -3.336295727042086 -4.7491833806145225 -5.81764107797692 -6.3244873424543595 -6.436702246348199 -6.554017827691759 -6.160460293939679 -5.361533131288802 -4.798042501448682 -4.566632819256123 -4.482605869689683 -4.728780670815643 -4.908378208387362 -5.113479133207681 -5.290392103700601 -5.429989591798201 -5.632137492831841 -5.7650235632324405 -5.92019154038708 -5.87052704942928 -5.74730542051236 -5.683949637452681 -5.337103570871721 -5.1779087430988815 -4.792404910583203 -4.370390965795844 -3.4895845072415654 -3.4162958259903258 -4.519921352085003 -4.043142238890124 -2.383005957360208 -1.6877030839510097 -1.3226019612342104 -1.060856671051211 -3.5022019725119256 -5.304888765926121 -6.08717161268844 -6.783548312929158 -6.907575311969717
-2.743543316043047 -1.6817970363776495 -1.5988439136427297 -2.369314665258328 -3.577369850718325 -4.992405157953803 -6.378178684030359 -6.903548461351518 -6.881266554597477 -7.096837291025118 -6.806904046514719 -5.815761881021761 -5.210123548044482 -4.853881496687722 -4.769854547121282 -4.7513310342775625 -4.860592914384722 -4.962338006671242 -5.0834119819251224 -5.174150349188562 -5.2767008115987215 -5.352942516636642 -5.315627034241322 -5.265962543283521 -5.205291327302642 -5.123412031399242 -4.803143178898402 -4.702471913443403 -4.4933441380048835 -4.0101220638208845 -2.9349529487614867 -2.839113904048327 -3.9435448002666442 -4.829451936270642 -3.0375034111716466 -2.1789788593714086 -1.7298507870881696 -0.5658225017204921 -1.7376360316166894 -3.605826261753605 -5.322606908646201 -6.018715152179039 -6.679924023687478
-2.3048850553671283 -1.7550857176288894 -1.7795152780459693 -2.431865078194368 -3.648779335014405 -5.089049572790602 -6.5062325336891185 -7.368515479399676 -7.209320651626838 -7.2844885298332365 -6.907575311969717 -5.842070638394 -5.130123449096242 -4.756163255019402 -4.596968427246563 -4.552136157030603 -4.568780472919163 -4.612538916303603 -4.742471962917523 -4.845022425327683 -4.883143277846642 -4.790257256920162 -4.742471962917523 -4.589183182718043 -4.538444864928723 -4.197504845921124 -3.7317324577493247 -2.786496389303847 -2.762066828886767 -2.6087780486872876 -2.025690079171929 -1.930924861290289 -3.0860940752979262 -4.347840602333924 -3.621396750810645 -2.4710597575448476 -1.8332066196219694 -0.2874328956489327 -0.4662250630970126 -0.5647486748889721 -2.758039978268567 -5.367439178862162 -6.31777592475736
-2.3440797347176083 -2.1789788593714086 -1.9924014473948088 -2.5325363436493675 -3.6017994111354055 -4.997237378695642 -6.17307775921004 -7.070528533652878 -7.396703433727076 -7.421132994144157 -6.585158805805838 -5.358580107502121 -4.703545740274922 -4.4366997726422035 -4.291196236971244 -4.232672674653404 -4.216028358764844 -4.289317040016083 -4.458176309272603 -4.573612693661003 -4.528511966737163 -4.424082307371844 -4.178981333077404 -3.9357595557381244 -3.5462288726042455 -3.0208590952830865 -1.957233618662529 -0.3470302847982927 -0.5472989888767721 -1.8949516624343692 -1.984616202866289 -1.7091796205814096 -2.2023345929569684 -3.0501208764420067 -3.154550535807326 -3.205288853596646 -2.904617340771047 -1.080454010726451 0.40196393018690557 0.5318969768008253 -1.6683742009836497 -4.539250235052363 -5.96126541669272
-2.767972876460127 -2.6662277841736075 -2.1693144178877284 -2.392938855551768 -3.206362680428166 -4.113477896354684 -4.970928621323402 -5.80502361270656 -6.625158855279958 -6.883951121676278 -5.574419300637641 -4.5784449144028425 -4.176028309290724 -3.9164306727707645 -3.737638505322685 -3.7142827717371247 -3.8176386042709245 -4.0079744101578445 -4.292270063802764 -4.375223186537683 -4.269719700340843 -3.9250212874229247 -3.4114636052484855 -2.9623355329652465 -2.500321538703768 -1.6877030839510097 -0.4640774094339726 0.9235753135977443 0.6765951423481451 -1.0160244008352513 -2.461126859353288 -2.5658249754264877 -2.070522349387889 -2.0560256871623688 -2.6769660524888073 -3.453342851677766 -4.467035380632643 -3.3626044844143257 -1.1752192286080907 -0.2796476511204129 -1.927971837503609 -4.184887380650764 -5.499251422431241
-3.213074098125166 -2.883140804140647 -2.2415292723074485 -2.068643152432729 -2.2834085187367283 -2.347838128627928 -2.4855564197703677 -2.460321489229648 -3.0783088307694064 -4.025692552877924 -3.741396899233005 -3.294148023904926 -3.210121074338486 -2.9298522713117667 -2.6584425396450873 -2.6936103683773673 -3.0375034111716466 -3.292268826949766 -3.517772461568965 -3.407436754630286 -3.2023358298099662 -2.877234756567287 -2.362603247561328 -1.8850187642428091 -1.3958906424854503 -0.6487756244554119 0.20491670660298622 0.4722995876514653 -0.6691783342542919 -1.7209917157281296 -2.481798025860048 -2.6417982237565276 -2.399650273248768 -2.398844903125128 -2.879113953522447 -3.412268975372126 -4.606632868730243 -4.541397888715403 -2.9719999744489267 -1.8275690287564892 -2.6066303950242475 -4.2434109429686035 -5.6066341055832405
-3.392940092404766 -3.0353557575086065 -2.371462318921368 -1.870522102017289 -1.3596489869216504 -1.2093132305088508 -1.044212355162651 -1.112668815672051 -2.051998836544169 -3.374416579561046 -3.334148073379046 -2.6906573445906874 -2.469985930713328 -2.251193713791128 -2.0208578584300887 -1.978710155292929 -2.2474353198808084 -2.5451538089197276 -2.809852122889407 -2.843946124790167 -2.6928049982537274 -2.452536244701128 -2.0393813712738087 -1.52072301164965 -1.0364271106341312 -0.5013928918292923 -0.4925338204692524 -0.49548684425593237 -1.6799178394224896 -2.1526701019991688 -2.6047511980690876 -2.7298520239411674 -2.5988451504957277 -2.5295833198626876 -2.846093778453207 -3.780591578583485 -5.036432058046122 -5.014955521415722 -4.4222031104166835 -3.1164296832883664 -2.5081067832322876 -3.783544602370165 -5.583278371997681
-3.0383087812952865 -2.800993051529367 -2.2004553960018085 -1.4651524731184902 -1.0538767966463312 -1.2004541591488107 -1.2122662542955307 -2.2874353693549283 -3.374416579561046 -4.294149260757924 -4.379250037155884 -3.7942828706853646 -3.5422020219860455 -3.297101047691606 -2.889852221837647 -2.7513285605715674 -2.4281066842840477 -2.435891928812568 -2.337099860312728 -2.2707910534663682 -2.1311935653687684 -1.997233668136649 -1.6584413027920897 -1.2581723513430105 -0.7913261363396917 -0.9768297214847712 -1.2992462276486505 -1.56072306112377 -2.2238111295873684 -2.478845002073368 -2.6361606328910474 -2.817637367417927 -3.1204565339065664 -3.1819331200110863 -3.7942828706853646 -5.042338105619482 -6.362608194973319 -6.080460194991439 -5.469989641272321 -4.019786505304564 -3.2640808726223662 -3.929048138041124 -5.70730537103824
-2.7150869050077673 -2.415220762305808 -1.8224683513067692 -1.1507896681910108 -1.45817259871361 -1.6388439631168497 -2.906496537726207 -4.089048335937604 -4.852807669856203 -5.4503923015970805 -5.580325348211001 -5.214150398662682 -4.969049424368242 -4.428914528113683 -4.006095213202684 -3.317772214198366 -2.940590539626967 -2.394818052506928 -2.025690079171929 -1.8938778356028492 -1.7924012000242093 -1.6546829088817696 -1.5940116929008898 -1.2082394036773307 -1.2560246976799705 -1.49065586036709 -1.9953544711814888 -2.292267590096768 -2.6683754378366475 -2.826496438777967 -3.1126712893780466 -3.7121351180740847 -4.025692552877924 -4.481800499566043 -5.0812643282620815 -6.4036820712789595 -7.492542478440237 -6.8898571692496375 -5.90166802754336 -4.437773599473723 -3.301933268433446 -3.969048187515244 -5.8216679285951205
-2.6691808079602874 -2.459247662398128 -1.7277031334251296 -1.3752194759786904 -1.7024682028844096 -3.4366985357892057 -4.716163205545283 -5.461130569912282 -5.71133222165644 -5.9191177135555595 -6.00233929299836 -5.680996613666 -5.487707783992401 -4.941666840164482 -4.0646187755205245 -3.377369603347726 -2.919114002996567 -2.298173637670128 -1.8109247128679293 -1.6898507376140497 -1.6350855692065298 -1.6077029850027698 -1.54917942268493 -1.7639447889889295 -1.8195153275200893 -2.0001866919233287 -2.451462417869608 -2.7902547832141673 -3.089047099084606 -3.4525374815541254 -4.3030083321179635 -4.903545987645522 -5.132002646051402 -5.57549312746916 -5.88797673544148 -7.004219726806518 -7.507039140665757 -6.564756096006958 -5.431063418629721 -4.736565915344163 -3.614416876405765 -4.168243064762204 -6.00233929299836
-3.217100948743366 -3.1585773864255264 -2.0404551981053287 -1.8353542732850094 -2.9757583683592466 -4.711330984803443 -5.89764117692516 -6.573615167366999 -5.684755007576321 -5.5070366669597615 -5.428915764966681 -5.209318177920842 -5.0071702768872015 -4.474015255037523 -3.595893363562045 -3.0764296338142465 -2.660321736600247 -2.1467640544258084 -1.7180386919414494 -1.7062265967947297 -1.6691795711072897 -1.6710587680624496 -1.7824683018326493 -1.9964282980130088 -2.233744027778928 -2.380052933573528 -3.0745504368590866 -3.639920263654365 -4.109719502444364 -4.9875729372119615 -5.88609753848632 -5.97388288196308 -6.202339540368959 -5.99455404846984 -6.27858124540688 -6.573615167366999 -6.828380583145117 -6.209319414773839 -5.0071702768872015 -4.716968575668923 -4.3226056717932035 -4.876163403441762 -5.96207078681636
-4.122336967714724 -4.026766379709445 -2.746496339829727 -2.5422007851330477 -3.6847525338703253 -4.972002448154923 -6.0675742730132 -6.305963829610639 -5.3137478372861615 -4.658445013351082 -4.307840552859804 -4.3234110419168434 -4.353746649907284 -3.9328065319514445 -3.733611654704485 -3.270792290319366 -2.5521336833246075 -2.0834082713661286 -1.7250185663463296 -1.8353542732850094 -1.6898507376140497 -1.49844110489561 -1.6721325948939696 -2.463274513016328 -2.6847512970173275 -3.1234095576932464 -4.071598649925404 -4.9838145433016425 -5.85978878111408 -6.879118900934438 -7.393750409940397 -7.250394527932476 -6.890930996081158 -6.571467513703959 -6.251198661203119 -6.07267495046292 -6.700595190194239 -7.287441553619917 -5.91133246902704 -4.530659620400203 -4.037504648024644 -4.591062379673203 -5.617372373898441
-4.208243114236324 -4.133075236029924 -3.367436705156166 -3.0431410020371263 -3.8976387032191644 -4.973881645110082 -5.461130569912282 -5.427036568011522 -5.088244202666962 -4.3800554072795235 -3.9730750381334445 -4.218176012427884 -4.424082307371844 -4.477773648947843 -4.537371038097203 -4.109719502444364 -3.177100899269246 -2.0549518603308488 -1.6477030344768897 -1.4944142542774101 -1.041259331375971 -0.9749505245296113 -1.8216629811831293 -3.0109261970915266 -4.160457820233684 -4.909452035218882 -5.398848613684121 -5.996433245425 -6.974957945647597 -7.745428697263195 -8.254154158695794 -8.500328959821754 -8.278583719112875 -7.778717329040315 -7.044219776280638 -6.277507418575359 -7.277508655428356 -7.954288015993836 -5.734687955242 -3.6469001380592454 -2.877234756567287 -3.722873386389285 -5.533613881039881
-4.2238136032933635 -4.4418004500919235 -3.658443776498085 -3.1019330210628464 -3.8635447013184043 -4.7491833806145225 -5.220861816359681 -5.96905066122124 -6.502205683070919 -6.438849900011238 -6.257104708776479 -5.949453321546 -5.290392103700601 -5.041264278787962 -5.077505934351762 -4.693612842083363 -3.450389827891086 -1.966092690022569 -1.4162933522843302 -1.133071525470931 -0.9964270611600112 -1.3459576948197705 -2.3274354188290483 -3.8431419915195244 -5.284486056127241 -5.97307751183944 -6.19267509888528 -6.628111879066639 -7.093078897114797 -7.344085918982596 -7.387038992243397 -8.052006257662155 -9.029457131053233 -8.959389930296553 -7.296300624979956 -5.83321156703396 -5.85388273354072 -5.522875612724681 -3.682873336915165 -2.398844903125128 -2.300052834625288 -3.785423799325325 -5.652540202630721
-4.2834109924427235 -4.640995327338883 -3.8968333330955245 -3.236698288418606 -3.9379072094011645 -4.874284206486602 -5.506231296836122 -6.5032795099024385 -7.126367528891917 -7.464086067404956 -7.100864141643317 -6.970125724905758 -5.99455404846984 -4.796163304493522 -4.140055110434804 -3.9271689410859647 -3.1956244121129664 -2.362603247561328 -2.1937439783048083 -1.4573672285899701 -1.6017969374294099 -1.906495300873209 -2.6917311714222074 -3.9416656033114847 -5.113479133207681 -5.506231296836122 -5.835359220697001 -6.0675742730132 -5.545157519478721 -5.497372225476081 -5.3537478867602815 -5.68690266123936 -6.563682269175438 -6.965025047456038 -6.02676885341544 -4.418176259798484 -3.876162166588765 -4.726901473860483 -3.706229070500725 -2.0197840315985687 -1.44743433039841 -2.859785070555087 -5.030526010472762
-4.1897196013926035 -4.538444864928723 -4.193746452010804 -3.7073028973322453 -4.328511719366563 -5.253345078013162 -6.078312541328399 -7.065696312911037 -7.433750459414517 -7.683952111158677 -7.063817115955878 -6.6769709999007985 -5.7054261740830805 -4.214149161809684 -3.330389679468726 -3.1105236357150066 -2.9134764121310868 -3.228913043890086 -3.301933268433446 -2.1204552970535686 -1.5851526215408498 -1.8761596928827693 -2.7521339306952073 -3.8869004349039646 -4.482605869689683 -4.730659867770802 -5.067573036160201 -4.989452134167122 -4.301934505286444 -4.049048286463484 -3.9934777479323245 -4.220055209383044 -4.922069500489242 -5.537372274950201 -5.1379086936247615 -3.8576386537450444 -2.792402436877207 -3.9827394796171243 -3.839115140901325 -2.422200636710688 -1.954280594875849 -3.2640808726223662 -5.208244351089322
