static/data/ASCData/20210109/ASCU/06.asc
ncols 97
nrows 97
xllcorner 99.0
yllcorner 2.0
cellsize 0.25
NODATA_value -32767
[rows 76 to 94 of 97, columns 43 to 85 of 97]
-7.168033924376081 -7.083211201473116 -6.817582148171725 -6.486382897889426 -6.512889998796602 -6.817582148171725 -6.835160541404906 -6.624219822606744 -6.426951187434387 -6.351615216435043 -6.390678312508777 -6.3281773587908035 -6.1680186648884945 -5.909365164457414 -5.744184072488482 -5.4113106895173075 -5.071461753675823 -4.587079362361523 -4.215979949661051 -4.154316062287514 -4.046892548084746 -4.160175526698575 -4.333169237882253 -4.619166905564947 -5.163260029449097 -5.823426353095199 -6.175831284103241 -5.971866118175388 -4.471843228944008 -4.523462320184299 -4.4659837645329485 -3.630870574899481 -2.9042969879280314 -2.36355212942163 -1.9932897830655958 -1.875263428499957 -1.8889355121257638 -1.6838542577386613 -1.386974727578284 -0.8194437460498936 -0.17685581563697195 0.16299312020451273 0.22940038352985992
-7.173893388787141 -7.029359933314326 -6.697323616687588 -6.429741408582512 -6.388725157705091 -6.333199756857426 -6.35356837123873 -6.207081760962228 -6.010929214249122 -6.1113771755815804 -6.225776242654658 -6.029344673826739 -5.921921159623971 -5.655455039978143 -5.266777234044492 -4.934740917417754 -4.648464227620248 -4.173010543979944 -3.933609569470918 -3.9043122474156178 -3.786285892849979 -4.107440346999034 -4.378928864711484 -4.714034424601158 -5.2257609831670715 -5.315606104136659 -5.652385796715207 -4.84294264164448 -3.1534637364554907 -2.8515618082284906 -3.3027405678801167 -3.0538528414674695 -2.9776798041236887 -2.419077530269295 -1.9240922985921243 -1.7999274575006132 -1.4815632244996824 -1.2014250212280482 -0.899523093001048 -0.41235048053862444 0.11025794050497195 0.18643097784875273 0.2595347719295975
-7.173893388787141 -6.841020005815966 -6.453179266226751 -6.191456522532734 -5.984422113341945 -5.878114687598426 -5.798872406991709 -5.652385796715207 -5.585141467045423 -5.716839905236869 -5.9074120096537275 -5.546915437316127 -5.317559258940346 -4.976594234639612 -4.56447857106172 -4.3527007859191205 -4.066424096121613 -3.966813201133592 -3.7804264284389193 -3.7628480352057387 -3.7422003987096226 -4.191426003557561 -4.482446069306879 -4.715987579404844 -4.187519693950188 -4.2773648149197765 -3.5820417048073137 -2.696425512392805 -1.8389905535743472 -1.3381458574861167 -1.5928930483098238 -2.572539693416106 -2.650665885563574 -2.3850368322621835 -1.8897725784702009 -1.5529928858916529 -1.2003089327687986 -0.8819446997678677 -0.5772525503927439 -0.21005944729964554 -0.019766364997599428 0.03994436757225106 0.1786183586340062
-7.10943928026548 -6.699276771491275 -6.1808536821698645 -5.772644328199345 -5.577328847830676 -5.6749865880150105 -5.535196508494006 -5.115268225701367 -5.051930205638955 -5.340997116584586 -5.532406287345882 -5.142612392952981 -4.665205554508991 -4.2675990409013425 -3.8886870089861247 -3.714856231458009 -3.769544565961236 -3.7304814698875024 -3.756988570794679 -3.7031373026358887 -3.871108615752944 -4.160175526698575 -4.262855664949532 -3.667980516169528 -3.057759151074843 -2.301888242048093 -1.4112496515669615 -0.6447759021773409 -0.6291506637478474 -0.9357959679266581 -0.8479040017607569 -1.970968013880605 -2.447537785980158 -2.1916745066972014 -1.7893246171377426 -1.4151559611743347 -0.9796024399522023 -0.5850651696074904 -0.30185772307292025 0.025156195487194388 0.16578334135263662 0.3094797304810144 0.4110437802727227
-7.039125707332759 -6.680861311913658 -6.182806836973551 -5.702330755266624 -5.487483726861088 -5.609416391034101 -5.193394417848834 -4.675808394871861 -4.499187396195622 -4.787138218682003 -5.119174535308741 -4.884795958866338 -4.296059296612206 -3.698393926684078 -3.299950346731993 -3.097659313493014 -3.2226612209289622 -3.492196583837726 -3.6601678969547815 -3.8097237504942196 -3.9542572059670347 -3.7617319467464894 -3.1640665768183616 -2.58230546743454 -2.0518844271761965 -1.1690584559098116 -0.2795359538879296 0.36026175537686855 -0.5041487563118991 -1.2873638325902625 -1.260856731683086 -1.6593003116351712 -2.0373752772059524 -1.852662637200154 -1.5627586599100862 -1.5295550282474124 -1.1339016694434512 -0.4279757189681179 -0.15844035605935458 0.3407302073400018 0.45094394269089344 0.5349295992494212 0.6258908086782586
-6.982484218025845 -6.750058796387129 -6.4914052959560475 -6.156299736066375 -5.605510081426727 -5.29216824649242 -4.86638049928872 -4.347678387852497 -4.035173619262626 -4.108556435458284 -4.447289282840519 -4.31642791099351 -4.018711314488696 -3.509774977070906 -3.08900962793383 -2.7578103776515297 -2.681916362422561 -2.9444761724610147 -3.3429197524131 -3.613292181666301 -3.272606179480379 -2.7151199940852346 -1.9065139053589442 -1.6475813828130512 -1.158455615546941 -0.2092223809552083 0.3689114409360523 -0.39086577769807107 -1.3127548450381896 -1.1291582934916407 -1.0295473985036192 -1.0900951974179067 -1.0764231137920999 -1.071400715725477 -1.083119644547597 -1.1905431587503652 -1.2756449037681425 -0.8682726161420609 -0.45531988621973163 0.40323116105797574 0.6618846614890561 0.8348783726727347 0.9364424224644425
-6.839066851012279 -6.757871415601875 -6.304739501146563 -5.903505700046354 -5.192557351504398 -4.611354286350201 -4.09293119702879 -3.661283985414031 -3.489406362689602 -3.5577667808186364 -3.5254002155003996 -3.362451300449967 -3.4316487849234383 -3.117190861529881 -2.8515618082284906 -2.555798366527363 -2.3615989746179435 -2.4280062379432907 -2.638946956741454 -2.7608796209144657 -1.9299517630031844 -1.0206186908296229 0.19814990667087296 0.1297894885418387 -0.06747914663051713 0.0008812714985171333 -0.07138545623789039 -0.9377491227303447 -1.3155450661863135 -0.9338428131229712 -0.7960058884056533 -0.9377491227303447 -1.0588447205589195 -1.215097104853855 -0.7491301731171727 -0.19945660693677514 -0.6963949934176319 -1.635025387646494 -1.3342395478787432 0.056406672346181796 0.8114405150284942 1.140407588392296 1.101344492318562
-6.423044877827014 -6.1836439033179875 -5.85746705110231 -5.527383889279259 -4.9023743520995176 -4.251973802471849 -3.62612719894767 -3.2276836189955853 -3.175785505640482 -3.2226612209289622 -2.9511727032165123 -2.766739085325526 -2.705354220066801 -2.6495497971043243 -2.493297412809389 -2.219855740293252 -1.982686942702725 -1.7901616834821796 -1.6975263413644681 -1.1057204358474002 -0.10654224270425106 0.5184672944754904 1.754814285209167 1.493928607859587 0.35328620250655884 -0.19164398772202818 -0.7647554115466662 -1.29991982775682 -1.1749179203208717 -0.9729059091967052 -0.4483443333494219 -0.594830943625924 -0.8936636285899879 -1.2756449037681425 -0.8127472152943964 0.07789137518673517 -0.1662529752741011 -1.387811793922721 -1.2901540537383864 0.05361645119805791 0.9520676608939365 1.295822906342794 1.3396293783683388
-6.08793931793734 -5.589884842997233 -5.251151995614999 -5.12029062376799 -4.615260595957574 -3.901522026267494 -3.3761233840757736 -3.2491683218361387 -3.218754911321589 -2.932757243638895 -2.6448064211525137 -2.448374852324595 -2.3147232593294627 -2.2932385564889093 -2.157354786575278 -1.8507094823964672 -1.3088485354308164 -0.9542114275042755 -0.13974587436692465 0.5857116241452753 1.2536905670061245 0.7478234728512709 1.5466637875591278 1.47551314828197 0.36500513132867907 -0.5167047514784562 -1.0158753148778124 -0.9768122188040786 -0.929936503515598 -1.0792133349402238 -0.3127395855506032 -0.29711434712110973 -0.986577992822512 -1.2697854393570824 -1.1682213895653744 -0.6486822117847142 -0.7960058884056533 -0.78624011438722 -0.4210001660978082 0.45206003115014326 1.1599391364291627 1.3798085629013217 1.4677005290672227
-5.7910597877769625 -5.419123308732054 -4.937531138565879 -4.79020746194494 -4.611354286350201 -3.9230067291080477 -3.4737811242601087 -3.3300847351317304 -2.9464293272647017 -2.5909551529937236 -2.261988079629922 -2.064719444457566 -1.9503203773844886 -1.773699378708249 -1.6428380068612407 -1.2491378028609659 -0.6799326886437012 0.2907852487885849 1.0779066346743216 1.0692569491151378 1.2751752698466774 0.4188563994874692 0.4989357464386237 0.768471109347387 0.16383018654894954 -0.7521994163801091 -1.08228257820316 -0.8331158296757004 -0.7022544578286922 -1.1428303771174475 -0.7131363203063752 -0.20419998288858565 -0.8780383901604945 -0.6447759021773409 -0.53818945431901 -1.5979154463764467 -2.152611410623467 -0.39672524210913096 0.5165141396718038 1.055584865489331 1.2790815794540507 1.5048104703372704 1.6591096998285186
-5.466836090364971 -5.366388129032513 -5.085970903646067 -4.976594234639612 -4.8546615704666 -4.348794476311746 -3.883943633034314 -3.2022926065476582 -2.7960364073808264 -2.1221980001089173 -1.7198481105494587 -1.3967405015967174 -1.1662682347616877 -1.006109540859379 -0.919054641037915 -0.5010795130489627 0.2419563786964174 1.1814238392697165 1.3700427888828886 1.1833769940734031 0.8904037735203993 0.15518050098976577 0.13760210775658566 1.0232183001710942 0.3817464582174219 -1.4210154255853948 -1.7686769806416263 -0.7834498932390961 -0.5225642158895165 -1.0686104945773531 -1.2979666729531332 -0.7198328510618723 -0.7745211855650997 -0.5206110610858299 -0.43857855933098877 -1.5256487186400391 -2.1838618874824545 -0.21898815497364188 0.9470452628273134 1.2977760611464806 1.4607249761969134 1.625906068165845 1.7684863688349735
-4.925812209743758 -5.1378690170011705 -5.192557351504398 -5.198416815915458 -5.102712230534809 -4.635908232453691 -4.0323833981145025 -3.350732371627847 -2.4464216975209085 -1.7072921153829015 -0.9971808331853826 -0.5041487563118991 -0.12412063593743117 -0.05687630626764628 0.025156195487194388 0.5271169800346747 1.2712689602393041 1.2908005082761713 1.3689267004236392 1.4637942194598494 0.9841552040973607 0.5008889012423103 0.49112312722387674 1.4051995753492488 0.1110950068494092 -1.691666876953408 -1.9327419841513083 -0.8702257709457477 -0.6202219560738511 -0.9318896583192846 -1.2647630412904596 -1.2873638325902625 -1.2061683971798587 -0.5225642158895165 -0.4405317141346754 -0.6319408848959713 -1.138924067510074 0.11304816165309584 0.9294668695941333 1.2751752698466774 1.4763502146264074 1.641531306595339 1.5837737288291747
-4.649580316079497 -4.705105716927162 -4.919952745332698 -5.010913954761535 -4.9366940722214405 -4.695339942908729 -4.0323833981145025 -3.140628719174121 -2.2092528999303815 -1.101814126240027 -0.24326307896231958 0.36612121978792844 0.7489395613105203 0.8251125986543011 1.1395705220478587 1.5204357087667635 1.2216030238026998 1.049725401078271 1.5673114240552444 1.9470605223149002 1.3993401109381889 1.2782445131096143 1.2126743161287035 1.0017335973305408 -0.2834422634953029 -1.2893169873939494 -1.3721865554932275 -0.9084518006750444 -0.8811076334234307 -0.8057716624240867 -0.6564948309994612 -1.1885900039466786 -2.0530005156354463 -1.2893169873939494 -0.213128690562582 -0.12998010034849106 -0.0783610091082001 0.6150089462005757 0.8103244265692449 1.0829290327409447 1.2966599726872312 1.4579347550487896 1.383714872508695
-4.904327506903204 -4.628095613238944 -4.77737244466357 -4.83122371282236 -4.655439780490557 -4.407389120422348 -3.619151646077361 -2.7326983873184147 -1.8615913448741501 -0.6271975089441608 0.4314123946540267 0.956811036845747 1.1990022325028966 1.4618410646561628 1.788854983216278 1.3954338013308156 0.9197010955756997 1.2165806257360767 2.068156120143475 2.0360685769400506 1.4509592021784803 1.6404152181360887 1.4822096790374673 0.7361045440291507 -0.45727304102341826 -1.2111907952464815 -1.0412663273257394 -0.7521994163801091 -0.5920407224778002 -0.5920407224778002 -0.3928189325017577 -1.2921072085420733 -2.196417882649012 -1.3467955430453005 -0.19555029732940143 0.3298483448623184 0.5739926953231551 0.6512818211261857 0.7157359296478467 0.8036278958137477 1.0360533174524642 1.245877947791377 1.3329328476128417
-5.437538768309672 -5.017610485517032 -5.014820264368909 -4.925812209743758 -4.415201739637094 -3.633939818162417 -2.8789059754801043 -2.33313871890708 -1.6280498347761843 -0.5635804667669371 0.3290112785178816 1.1317579028331122 1.9509668319222735 1.9130198243077885 1.346604931238648 0.7986054977471246 0.71964223925522 1.2743382035022401 2.077921894161908 1.8856756570561748 1.1755643748586562 1.2302527093618836 0.9919678233121072 0.4325284831132761 -0.4151407016867483 -0.9210077958416016 -0.8225129893128298 -0.38695946809069737 -0.022556586145723312 -0.30883327594322996 -1.1358548242471378 -2.256128615218862 -1.9776645446361023 -0.910404955478731 -0.1963873636738387 0.08961030400885539 0.4442474119353963 0.5388359088567949 0.7165729959922835 0.7614955564770778 1.1180858192073053 1.324004139938845 1.465747374263536
-6.210988070569602 -5.666057880341015 -5.14958794582329 -4.5128594798214285 -3.82032659085709 -2.907366231190968 -2.2971448660962825 -1.9932897830655958 -1.520626320573416 -0.7628022567429795 0.03687512430931461 1.165798600840223 2.031046178873428 1.5525232519701877 0.41299693507640933 0.22828429507061054 0.8650127610724723 1.5770771980736775 1.930598217540969 1.4079897964973727 0.5868277126045247 0.9782957396863003 0.6286810298263825 0.12281393567152943 -0.2901387942508 -0.510008220722959 -0.48266405347134533 -0.14560533877798498 0.03994436757225106 -0.23851970301050907 -1.1623619251543142 -2.290169313225973 -1.8546157920038406 -0.8565536873199409 -0.24912254337337947 0.027109350290881462 0.37477090534711266 0.5759458501268417 0.892356928324086 1.0954850279075021 1.4735599934782835 1.7244008746946173 1.9001848070264193
-6.164112355281121 -5.206229435130204 -4.34684132150806 -3.7168093862616955 -3.5187036847449025 -2.7773419256883964 -2.2717538536483555 -1.922976210132875 -1.3643739362784808 -0.5518615379448168 0.06142907041280443 0.6473755115188125 1.2040246305695197 0.8114405150284942 0.07119484443123802 0.21377514510036644 0.9852712925566101 1.9032540502893553 2.190367806431299 1.4841628338411539 0.6727665239667391 1.2977760611464806 0.5583674568936616 -0.3526397479687744 -0.6115722705146669 -0.6202219560738511 -0.5792057051964306 -0.3233424259134736 0.12197686932709217 -0.1163080167226842 -0.43271909491992844 -1.0674944061181035 -1.4358035976704513 -1.1291582934916407 -0.42685963050886855 0.10244532129022499 0.36807437459161507 0.9110514100165159 1.2595500314171844 1.5701016452033683 1.8368467869640082 2.194274116038673 2.4794347173769298
-5.382013367462006 -4.524578408643549 -3.991367147237082 -3.5577667808186364 -3.2140115353697785 -2.542126282901556 -1.982686942702725 -1.5518767974324033 -1.0088997620075029 -0.21117553575889536 0.2693005459480311 0.4383879475243364 0.9442550416791895 0.7743305737584474 0.6317502730893185 0.6892288287406698 1.2165806257360767 2.0329993336771146 2.250915605345587 1.7626269044239136 1.1141795095999316 1.194258856551086 0.5516709261381645 -0.2092223809552083 -0.4893605842268425 -0.4924298274897789 -0.5088921322637097 -0.6271975089441608 -0.35766214603539703 -0.00888450251991646 0.16968965096000987 -0.4436009573976114 -1.494398241781052 -1.3428892334379272 -0.5314929235635129 0.16494627500819936 0.7294080132736536 1.2712689602393041 1.4462158262266698 1.8884658782042987 2.1833922535609895 2.6161555536349983 2.9451226269988
-4.887865202129274 -4.132831359446961 -3.7745669640278594 -3.4757342790637953 -2.908203297535405 -2.2658943892372956 -1.6897137221497212 -1.2639259749460223 -0.8674355497976238 -0.15537111279641813 0.37281775054342603 0.523210670427301 0.7751676401028846 0.6228215654153226 0.6063592606413919 0.8758946235501552 1.3817617177050083 1.719657498742806 1.889581966663549 1.6423683729397762 1.0614443299003908 0.8982163927351459 0.5622737665010349 -0.055760217808396906 -0.16234666566672784 -0.1436521839742979 -0.00693134771622983 -0.13779271956323802 -0.4709451246492251 0.11416425011234521 0.42359977543927974 0.44117816867245985 -0.5460020735337565 -1.6241435251688108 -0.8947797170492375 0.3407302073400018 1.086835342348318 1.5056475366817077 1.7341666487130505 2.0614595893879777 2.414980608855269 2.863090125243959 3.2919471157105935
