static/data/ASCData/20210109/ASCU/09.asc
ncols 97
nrows 97
xllcorner 99.0
yllcorner 2.0
cellsize 0.25
NODATA_value -32767
[rows 0 to 18 of 97, columns 0 to 42 of 97]
1.9640534202602806 1.9737854565053787 2.5295928598365247 2.6671930389686027 2.417133774337615 2.0578594362894185 1.4141933724122495 2.11354831035859 3.047012786867562 2.8275013026725766 1.6634416340228126 0.7413311997997871 1.5061070480603966 2.6193438607635384 2.395777361466428 2.2589881853547746 1.030588943751308 -1.7838618714629733 -2.9598162510789683 -1.0672055357475703 -1.00665064355585 -1.4451329432655382 -1.8590148180223403 -2.0593325640672715 -1.6492353700724525 -1.1756096061443553 -0.9001389135400566 -1.0788299123736595 -1.4783840671029562 -1.772237494836884 -1.8884812610977755 -2.2166671500296875 -2.310202831718684 -2.3512936514202085 -2.2223441711726615 -1.924706062676751 -1.9666078853987001 -2.178550008069721 -2.131511832885081 -1.9236247253161844 -1.5789484416356343 -0.9969186073107523 0.28446616496046984
1.8791684374558155 1.6507359200361567 2.310892378661964 2.483636022012451 2.217086362632825 2.1340937202093517 2.4787700038899025 3.1778546074961005 4.270816344688622 4.508980898353378 3.835307722720491 2.7737047689843966 2.7823554678689284 3.0245750366358086 3.2686869457836805 3.8869415816875383 2.7726234316238303 -0.8914882146555252 -2.53485066837636 -0.8298519851032387 -0.7068498603388069 -1.061258180264455 -1.6003048545068213 -2.108263079632903 -1.8200866730419487 -1.2829323391805736 -0.9412297332415811 -0.9723181823578657 -1.3561929453589494 -1.8290077062666217 -1.8709095289885709 -2.205853776424023 -2.2899277562080633 -2.409956203230937 -2.4802431316677556 -2.3131765094602414 -2.2215331681522366 -2.363999365406864 -2.0574402236862808 -1.521367227185472 -1.035035749270719 -0.4254318122513929 0.6018386802867175
1.9983858814582645 2.1330123828487855 2.521753163972418 2.7580253772561836 2.9894315724173994 3.2667946054026897 3.9407381153757184 4.476811111876526 5.315658569335937 5.284299785879511 4.471945093753978 3.229758800803289 3.393851745269245 3.813680975509163 3.8555827982311115 3.791243225277409 1.9143119016742247 -1.1247867501977327 -1.6267976198406988 -0.8687801300836302 -0.7506440234417475 -0.8922992176759501 -1.3221308185011065 -1.8892922641182004 -1.8982132973428734 -1.5924651586427148 -1.1031600029864044 -1.0769375719926684 -1.4635156783951677 -2.0028326869776754 -1.8738832067301288 -1.9498471563099204 -2.0339211360939604 -2.2547842919896546 -2.378597419774511 -2.2672196716361683 -1.9774212590043645 -1.981205939766347 -1.6824864939098703 -1.215619088485313 -0.7898425027622804 -0.1951069544507429 0.03819158109146503
2.4474112204334757 2.866429447652968 3.038362087983031 2.9748335180497527 3.1916416588433227 3.866396171836776 4.257029293341399 4.516820594217486 5.093984410419819 5.035321858609088 4.201340419272229 3.15757953198548 3.905594651157309 4.62522466461427 4.350835309370538 1.633164187926952 -0.753617701183305 -1.061258180264455 -0.450843240224704 -0.5641133287440376 -1.011516661678399 -1.1872339827704441 -1.319157140759549 -1.6159842462350347 -1.7419600487410238 -1.9333567615612823 -1.5056878354572585 -1.368898659345605 -1.732228012495926 -2.0193230817263137 -1.8317110496680378 -1.8054886186743018 -1.7535844253671131 -1.952820834051478 -2.1004233837687964 -2.014457063603765 -1.589491480901157 -1.4208028526527938 -1.3113174448954426 -1.2556285708262709 -0.8660767866822141 -0.8814858440702857 -1.0174640171615144
2.8020898746992655 3.145684821019249 3.324375819852852 3.2432755178103694 3.0743165552218645 3.578219765245822 3.7931355656584005 3.7179826190990335 4.046168508030945 3.5676767259802995 2.7355876270244295 2.957261785940548 3.9026209734157513 4.530607645564706 4.035355134425282 1.3166026756211293 -1.143439819667504 -1.339702550610311 0.014942827839286466 -0.8171462711165827 -1.1745282687837886 -1.4832500852255053 -1.6286899602216902 -1.3221308185011065 -1.3651139785836222 -1.6941108705359593 -1.6676181052020818 -1.5202858898249052 -1.4989294769537183 -1.7303356721149348 -1.638421996466788 -1.5994938514863966 -1.5767857669145013 -1.6903261897739768 -1.8338737243891707 -1.8541487998997912 -1.4675706934972919 -1.2721189655749092 -1.6657257648210906 -1.6111182281124856 -1.5310992634305696 -1.573001086152519 -1.8230603507835064
2.8858935201431635 2.8634557699114103 3.158390535005905 3.4914424420603662 3.3224834794718605 3.0899959469500775 3.2102947283130936 3.229758800803289 2.8137142513253544 2.335222469274708 1.6661449774242287 2.056778098928852 3.174069926734118 3.6936525284862887 3.3224834794718605 1.3812125829149737 -1.0836959304962086 -1.5367762845735435 -0.40786008014218833 -1.138573801544955 -1.0955906414624392 -1.4051234609245804 -1.412963156788687 -1.0455787885362415 -1.1228944098167415 -1.373764677468154 -1.4002574428020313 -1.2586022485678288 -1.2361644983360751 -1.368898659345605 -1.3875517288153758 -1.4499989613880873 -1.5505633359207656 -1.6638334244400992 -1.7516920849861217 -1.7927829046876462 -1.608144550370928 -1.5064988384776834 -1.9841796175079047 -2.1501649023548524 -2.070145937672936 -1.8738832067301288 -1.9920193133720114
2.809929570563372 2.6436739513762832 3.07350555220144 3.4473779446172834 3.707169245493369 3.317617461349312 2.81966160680847 3.1097303537804155 2.5509492727077117 1.3939182969016288 0.6769916268460845 0.8040487667126408 2.00595524298223 2.6915231295813475 2.8402070166592317 0.9475963013278346 -0.9636674834733343 -1.56813506802997 -1.0993753222244216 -1.3161834630179912 -1.2048057148796487 -1.2039947118592238 -1.1931813382535594 -0.9636674834733343 -1.1891263231514357 -1.324023158882098 -1.2331908205945177 -1.0877509455983323 -0.8844595218118432 -0.9879975740860791 -1.1988583593965334 -1.5613767095264297 -1.6589674063175504 -1.6032785322483791 -1.6803238191887373 -1.8963209569618822 -1.8582038150019153 -1.8279263689060552 -2.1842270292126944 -2.3453462959370928 -2.1609782759605163 -1.8552301372603577 -1.6814051565493038
2.753159359133634 2.934824035708795 3.1751512640946844 3.392770407908679 3.735554351208238 3.484684083556826 2.3430621651388153 2.4593059313997063 1.6339751909473774 0.44937011244685054 0.011969150097729031 0.05873699094222706 0.9367829277221702 1.9172855794157826 1.909445883551676 0.4796475585427107 -1.26049458894882 -1.7303356721149348 -1.5124461939607987 -1.5565106914038809 -1.414855497169678 -1.3699799967061712 -1.270226625193918 -1.0955906414624392 -1.361058963481498 -1.4294535515373252 -1.2623869293298111 -0.9393373928605899 -0.6852231131274782 -0.753617701183305 -1.1169470543336262 -1.6765391384267547 -1.6862711746718526 -1.6140919058540433 -1.7360126932579085 -2.029055117971412 -2.051492868203165 -2.0387871542165095 -2.1823346888317037 -2.105289401891345 -1.9441701351669467 -1.6395033338273546 -1.2458965345811732
2.778570787106945 3.1056753386782914 2.9337426983482287 3.0343070728809067 3.2824739971309027 3.0959433024331933 1.13683033942696 1.121421282038888 0.340966042050066 -0.2010543099338582 -0.19105193934861875 0.2698681105928231 0.4288247025960885 1.1192586073177555 0.7083504103025113 -0.4773360055585818 -1.4029607862034474 -1.5838144597581831 -1.7917015673270797 -1.9782322620247894 -1.7957565824292039 -1.7087089249036063 -1.5759747638940766 -1.4010684458224563 -1.4910897810896118 -1.5486709955397742 -1.4167478375506697 -1.130734105680848 -0.9323087000169079 -1.032062071529161 -1.1980473563761085 -1.519204552464339 -1.586788137499741 -1.6776204757873212 -1.8436057606342686 -2.011483385862207 -1.9568758491536022 -2.098531043387805 -1.937141442323265 -1.8092732994362843 -1.6951922078965258 -1.4586496602726187 -0.7801104665171827
2.5060737722442044 2.7131498767926763 3.014031997370286 3.4768443876927186 3.50901417416957 2.445518880052484 0.16633005831858716 0.5431761284759888 -0.14428409850412072 -0.6911704686105935 -0.4029940620196393 0.5637215383267513 0.7540369137864431 0.4572098083109575 0.051978632438686834 -0.29864500672497885 -0.6990101644747 -1.2567099081868376 -1.6851898373112864 -1.619768926997017 -1.4967668022325853 -1.6070632130103615 -1.7078979218831813 -1.6032785322483791 -1.6851898373112864 -1.8649621735054556 -1.8133283145384085 -1.5427236400566589 -1.2683342848129269 -1.210753070362764 -1.3913364095773582 -1.4635156783951677 -1.397283765060474 -1.521367227185472 -1.7917015673270797 -2.0241890998488627 -2.1090740826533274 -2.357241006903324 -1.962552870296576 -1.5643503872679874 -1.3699799967061712 -1.2010210341176664 -0.47246998743603275
2.455250916297582 2.9894315724173994 3.5052294934075876 3.7736714931682043 3.198400017346863 1.0451869981189548 -0.9977296103311772 -0.192133276709185 -0.5476229339953997 -1.1169470543336262 -0.9528541098676699 0.03251455994849106 0.7394388594187964 -0.06426513382220467 -0.5614099853426215 -0.5311325392467614 -0.5992567929624468 -0.9509617694866788 -0.8347180032257873 -0.6657590406372824 -1.0680165387679952 -1.6365296560857967 -2.061224904448263 -1.8425244232737021 -1.4597309976331854 -1.8728018693695623 -1.8533377968793665 -1.713574943026155 -1.573001086152519 -1.648154032711886 -1.8249526911644975 -1.7176299581282792 -1.4586496602726187 -1.4840610882459297 -1.6589674063175504 -1.8290077062666217 -1.661941084059108 -1.586788137499741 -1.3307815173856383 -1.1561455336541595 -1.0847772678567749 -0.9988109476917435 -0.3513602030525922
2.4787700038899025 3.2062397132109695 3.5930881539536106 3.6768917993975085 2.231684417000473 -0.3435205071884857 -1.9068639962274048 -0.9068972720435968 -0.9596124683712102 -1.0290883937876036 -0.828770647742672 -0.4743623278170239 0.1241579012564964 -0.04669340171300007 -0.44030020095918143 -0.6960364867331426 -1.0504448066587906 -1.2242697873698445 -0.7879501623812892 -0.8631031089406562 -1.0231410383044883 -1.4216138556732183 -1.7976489228101953 -1.7849432088235395 -1.3853890540942428 -1.732228012495926 -1.722495976250828 -1.6727544576647724 -1.9049716558464136 -2.173683989947172 -1.950928493670487 -1.6365296560857967 -1.5789484416356343 -1.6354483187252304 -1.7154672834071463 -1.4889271063684788 -1.2948270501468042 -1.3102361075348758 -1.4675706934972919 -1.3445685687328601 -1.1764206091647798 -0.9333900373774742 -0.6990101644747
2.4006433795889777 3.0518788049901113 3.5276672436393417 3.691760188105297 2.3087297039408305 -0.8014668793883697 -2.234238882138892 -1.3726833401075873 -1.213726748104322 -1.2291358054923935 -1.1423584823069373 -0.9520431068472455 -0.5105871293959994 -0.16482950835488275 -0.4343528454760661 -0.877701163308303 -1.2545472334657046 -1.2948270501468042 -0.9617751430923431 -0.9977296103311772 -0.8406653587089026 -1.1326264460618396 -1.319157140759549 -1.4283722141767585 -1.3278078396440804 -1.3670063189646138 -1.4080971386661378 -1.4967668022325853 -1.732228012495926 -2.236942225540308 -2.1950404028183588 -1.8533377968793665 -1.697895551297942 -1.737094030618475 -1.6305823006026814 -1.4256688707753424 -1.3229418215215314 -1.4773027297423895 -1.6608597466985415 -1.671673120304206 -1.4967668022325853 -1.3123987822560088 -1.265360607071369
2.5950137701507936 2.9015729118713773 3.32059113909087 3.9777739199751183 2.119495665841705 -1.0017846254333014 -2.399142829625273 -1.7781848503199995 -1.6649147618006657 -1.339702550610311 -1.3259154992630893 -1.3132097852764337 -0.9617751430923431 -0.5984457899420219 -0.7595650566664203 -0.9547464502486616 -1.1891263231514357 -1.3161834630179912 -1.14614316306892 -0.9696148389564496 -0.9812392155825389 -1.0504448066587906 -0.7898425027622804 -1.0877509455983323 -1.1218130724561752 -1.1004566595849883 -1.1180283916941924 -1.3797120329512693 -1.7381753679790415 -2.20693511378459 -2.293712436970046 -2.0582512267067052 -1.9393041170443979 -1.8738832067301288 -1.8933472792203245 -1.7408787113804576 -1.6668071021816568 -1.760613118210795 -1.9225433879556182 -1.901997978104856 -1.737094030618475 -1.6697807799232145 -1.6424770115689122
2.8420993570402233 3.0626921785957757 3.333296853077525 3.795027906039391 1.9700007757433955 -0.7409119871966494 -2.308310491337693 -2.0690646003123696 -1.9128113517105203 -1.5016328203551343 -1.4810874105043723 -1.4372932474014317 -1.3348365324877625 -1.0701792134891281 -1.1061336807279618 -1.1658775698992572 -1.1561455336541595 -1.1715545910422311 -1.135600123803397 -1.056392162141906 -1.241841519479049 -1.5086615131988164 -1.288879694663689 -1.2586022485678288 -0.9177106456492612 -0.9128446275267121 -1.0436864481552504 -1.4997404799741432 -1.981205939766347 -2.139351528749188 -2.2447819214044147 -2.2791143826023994 -2.1950404028183588 -2.0933946909251144 -2.0506818651827405 -1.967418888419125 -1.8690171886075797 -1.8717205320089958 -1.9344380989218488 -1.9490361532894958 -1.786835549204531 -1.7808881937214156 -1.6824864939098703
2.7288292685208893 3.270849620504814 3.0813452480655465 3.458191318222948 2.432813166065829 -0.2332240964107095 -2.0428421693186336 -2.103397061510354 -1.87577554711112 -1.524070570586888 -1.5113648566002325 -1.6013861918673877 -1.5662427276489788 -1.389444069196367 -1.2429228568396153 -1.244815197220607 -1.1091073584695197 -1.1266790905787243 -1.135600123803397 -1.164796232538691 -1.4459439462859631 -1.8230603507835064 -1.6424770115689122 -1.2039947118592238 -0.8317443254842298 -0.9001389135400566 -1.161822554797133 -1.6765391384267547 -2.203961436043032 -2.2791143826023994 -2.322097542684915 -2.3767050793935196 -2.302633470194719 -2.159085935579525 -2.0125647232227735 -1.8044072813137353 -1.701950566400066 -1.6549123912154262 -1.713574943026155 -1.8298187092870466 -1.723306979271253 -1.6843788342908614 -1.6754578010661885
2.4806623442708933 3.1564981946249135 2.448492557794042 1.6485732453150241 1.0081511935195548 0.30771491821264796 -1.444051605904972 -1.8738832067301288 -1.7330390155163509 -1.4791950701233811 -1.3953914246794823 -1.4537836421500696 -1.62193160171815 -1.6530200508344348 -1.474329052000832 -1.319157140759549 -1.2672529474523602 -1.0631505206454461 -0.9450144140035635 -1.141277144946371 -1.4235061960542095 -1.5554293540433144 -1.7976489228101953 -1.2507625527037223 -0.678464754623938 -0.6765724142429468 -1.2713079625544843 -1.5778671042750678 -2.0787966365574677 -2.368054380508988 -2.4294202757211334 -2.315068849841233 -2.1188061188984255 -1.986071957888896 -1.7184409611487041 -1.4343195696598738 -1.3678173219850382 -1.309425104514451 -1.4070158013055716 -1.6297712975822567 -1.648154032711886 -1.581922119377192 -1.6305823006026814
2.2765599174639792 2.9210369843615727 1.093036176324019 -0.28891297047988074 -0.5270775241446373 -0.4851757014226883 -1.032062071529161 -1.3307815173856383 -1.4586496602726187 -1.7087089249036063 -1.6297712975822567 -1.5662427276489788 -1.6462616923308948 -1.6627520870795327 -1.4870347659874876 -1.3905254065569337 -1.5886804778807322 -1.315102125657425 -0.833636665865221 -0.8709428048047627 -1.4713553742592742 -1.0153013424403814 -1.314291122637 -1.285906016922131 -0.8963542327780742 -0.6579193447731759 -1.185341642389453 -1.3318628547462046 -1.7330390155163509 -2.199095417920483 -2.3445352929166683 -2.1385405257287626 -1.7995412631911865 -1.6862711746718526 -1.2175114288663043 -1.040712770413693 -1.1812866272873288 -1.573001086152519 -1.737094030618475 -1.7243883166318195 -1.8111656398172755 -1.7214146388902618 -1.737094030618475
2.547975594966154 3.0667471936979 1.1487250503931907 -0.8084955722320513 -1.3299705143652134 -1.091535626360315 -1.1042413403469706 -0.910952287145721 -1.105322677707537 -1.5300179260700033 -1.725469653992386 -1.7127639400057302 -1.5670537306694035 -1.3278078396440804 -1.3756570178491452 -1.523259567566463 -1.7195222985092704 -1.5438049774172253 -1.1131623735716438 -0.9225766637718098 -1.4029607862034474 -1.1550641962935928 -1.239138176077633 -1.2848246795615648 -1.040712770413693 -0.7468593426797647 -1.091535626360315 -1.3875517288153758 -1.5719197487919525 -1.877667887492111 -2.0125647232227735 -1.8425244232737021 -1.472436711619841 -1.0339544119101527 -1.2986117309087866 -1.7400677083600327 -2.399142829625273 -2.9000723619076725 -2.9373785008472146 -2.81897205986519 -2.6862378988556608 -2.3453462959370928 -2.382652434876635
