static/data/ASCData/20210109/ASCU/15.asc
ncols 97
nrows 97
xllcorner 99.0
yllcorner 2.0
cellsize 0.25
NODATA_value -32767
[rows 76 to 94 of 97, columns 0 to 42 of 97]
-8.05247704833921 -7.499595428225108 -6.105154826138182 -4.434404989820029 -3.052332515360596 -3.452849329170051 -3.5357420994394193 -5.373856386206201 -5.691217278094639 -6.120680773585461 -7.977215675967657 -9.102188986766224 -8.670620278062213 -8.26720879608462 -8.3043131789671 -8.482993150436627 -8.578780351636786 -8.719566485268887 -8.79456470598879 -8.841405699982275 -8.79745937415693 -8.88350996424608 -8.825879752534998 -8.780091365148108 -8.61693734112586 -8.494834974760822 -8.447993980767338 -8.28694516995828 -8.176421476265789 -7.9390586864785835 -7.812219590383867 -7.693011892186966 -7.594330022818671 -7.4693329882854975 -7.3317046744731815 -7.445912491288755 -7.550383696993324 -7.666696727022088 -7.723274332126577 -7.651170779574809 -7.451964979276677 -7.1940763606608655 -6.887504686490027
-8.50167691770369 -8.202736641430668 -7.231180743543344 -5.218333760081768 -3.844418986823447 -3.1002261159606754 -3.1668034838278185 -3.2478541925356454 -3.444165324665641 -3.57679375709663 -5.637534341158286 -7.593540567863725 -8.953771455236307 -8.546675850135633 -8.474309145932217 -8.651147055840202 -8.813248473255856 -8.976402497278103 -8.953771455236307 -9.010349060340797 -8.908772522804366 -8.826932359141592 -8.766407479262371 -8.63641056334787 -8.478256420706948 -8.317997064852836 -8.231157019808737 -7.970373733024788 -7.7732731459398465 -7.486964148945965 -7.307231570869844 -7.187234417717996 -7.096447097899165 -6.976186793095669 -7.080657998800238 -7.257495908708223 -7.441175761559077 -7.575909407203255 -7.604329785581324 -7.479332751048151 -7.280916405704965 -7.081710605406833 -6.778033599404132
-8.622726677462133 -8.53878130058617 -7.897217573866426 -5.77121538019587 -4.82492204086683 -4.079676563397463 -3.197855378722376 -3.0728583441892017 -3.098384054399134 -2.486030161012405 -3.2312756384817716 -4.904130688013115 -6.823032531836074 -8.520097533319106 -8.447993980767338 -8.652989117401745 -8.821932477760265 -9.052453324604603 -9.017191003283667 -9.014296335115528 -8.850352856138334 -8.737987100884302 -8.570885802087322 -8.44115203782447 -8.320891733020973 -8.16563225854819 -7.98511022551712 -7.647223504800078 -7.364861782580928 -7.03881688618808 -6.844347815619626 -6.686193672978705 -6.5954063531598734 -6.700930165471037 -6.849347697000953 -7.087499941743106 -7.289863561861024 -7.410913321619466 -7.364072327625982 -7.244864629429081 -6.985923404206674 -6.786717603908542 -6.5669859747818045
-8.661936273557803 -8.776933545328323 -7.875639138431225 -6.498829697004767 -5.730163722538659 -4.292566249581332 -3.245748979322455 -3.0447011174627816 -3.162856209053087 -2.403137390743037 -1.7976254402991767 -2.6031326459961157 -4.242830587419712 -6.204889302113072 -8.178526689478979 -8.419573602389269 -8.567201678964238 -8.836668970252598 -8.930350958239565 -8.864826196979017 -8.69693544322709 -8.565096465751049 -8.395100498785933 -8.239841024313147 -8.099318042332694 -7.908796246538972 -7.731168881676041 -7.3601250528512505 -6.971450063365991 -6.6519839582643625 -6.373832662471594 -6.228309799109814 -6.284887404214304 -6.42462093123981 -6.60909023904561 -6.8825048051087006 -7.070921387689232 -7.151972096397059 -7.068026719521096 -6.869873525829559 -6.577775192499404 -6.342517615925388 -6.130680536348114
-8.520097533319106 -8.779038758541514 -8.61483212791267 -7.830640205999282 -7.123814869670639 -5.17438743425642 -2.8336534928404538 -2.5220819372882888 -2.6676048006500688 -2.2281415423965933 -1.790783497356308 -0.6413370829544038 -1.1481671640299687 -2.8747051504976646 -5.784899266081608 -7.9595845153071885 -8.282997895183549 -8.322996946234165 -8.53009729608176 -8.621674070855537 -8.505624192478422 -8.324049552840759 -8.191157968758121 -8.056424323113943 -7.8824810813740935 -7.682222674469366 -7.384598156454587 -7.074868662463964 -6.712508838143584 -6.395147946255145 -6.124628048360192 -6.018314781094082 -6.100418096408504 -6.239888471782361 -6.434357542350815 -6.576985737544458 -6.636458010817083 -6.6969828906963045 -6.573827917724673 -6.371727449258404 -6.129627929741519 -5.91463303034446 -5.737005665481528
-8.182210812602062 -8.255630123412075 -8.44115203782447 -8.033793281072146 -6.94118762342638 -4.507561148978392 -2.1891950979525725 -2.149985501856903 -2.727340225574343 -2.1002498396952824 -2.2526146459999303 -1.1636931114772473 -0.05345629317101164 -1.2760588667312796 -4.018362228563296 -6.2877820723824405 -7.128551599400317 -7.933269350142309 -8.05037183512602 -8.044582498789747 -8.181421357647116 -8.110107260050295 -7.991952168459989 -7.804325040834403 -7.573014739035119 -7.405913440238139 -7.13644614894978 -6.889346748051569 -6.647247228534685 -6.353306833642988 -6.075944992805166 -5.94489547028407 -5.93621146577966 -6.001736227040208 -6.062261106919429 -6.143311815627256 -6.180416198509735 -6.239888471782361 -6.085681603916171 -5.84937142073556 -5.601219413230753 -5.397276883202943 -5.249648806627973
-6.93039840570878 -7.103289040842033 -6.953818902705522 -6.371727449258404 -5.297542407228052 -3.2525909222653233 -1.4197396685315176 -1.4294762796425227 -1.5152637180800275 -1.0923790138804255 -1.8931494898476866 -0.9342248712395045 0.29811431343176853 -0.28002986524061857 -1.268164317181816 -2.082618679034814 -3.6131086850241627 -6.560144031838936 -7.673538669964956 -7.641434168463804 -7.79853570449813 -7.735116156450772 -7.643276230025346 -7.5143319207174395 -7.306442115914898 -7.119867594895907 -6.982239281083591 -6.927503737540643 -6.855137033337226 -6.593564291598332 -6.298571290100041 -6.075944992805166 -5.867002581396029 -5.728321660977118 -5.690164671488043 -5.792793815631071 -5.713585168484785 -5.663849506323165 -5.481222260078907 -5.2312281910125575 -5.061232224047441 -4.98991812645062 -4.941235070895594
-2.9928602420879704 -3.5436366489888824 -3.6373186369758512 -3.135488437281613 -2.3689276760286946 -1.0484326880550783 -0.7252824598303671 -0.9850131400077204 -1.3200051925566272 -1.2292178727377951 -1.6355240228835233 -0.4831829403134824 0.37521774736486346 -0.10213934872603758 -0.9392247526208313 -1.1765875424080376 -2.1647219943492355 -3.9636266850203477 -6.501724365172905 -7.1501300348355175 -7.245917236035677 -7.350388441740245 -7.316968181980849 -7.200918303603734 -7.129604206006912 -7.013291175978148 -7.039869492794676 -7.057237501803495 -6.9959231669693285 -6.688298886191895 -6.3767273306397305 -6.104102219531587 -5.877528647461981 -5.6804280603770385 -5.617797967284627 -5.674638724040765 -5.592535408726343 -5.552536357675727 -5.242806863685105 -4.893341470295515 -4.823869434260235 -4.894130925250461 -4.9157093606856614
-0.36292263550998616 -0.4597624433167402 -0.23318887124713417 0.14785472034031066 0.5646869365519898 0.13996017079084666 0.03443635847968274 -0.6715995228940144 -0.762386842712846 -1.2407965454103418 -1.541578883244906 -0.24187287575154404 -0.1218757225996967 -0.36292263550998616 -0.7137037871578205 -0.9947497511187255 -0.7858073397095882 -1.523158267629491 -5.3404361264468045 -6.6804043366424315 -6.839611085889948 -7.269337733032419 -7.24960135915876 -7.120920201502502 -7.041711554356217 -6.996712621924274 -7.023027787089153 -6.9314510123153745 -6.879610136940563 -6.654878626432499 -6.398042614423282 -6.118838712023919 -5.870686704519112 -5.675428178995712 -5.60411408139889 -5.715427230046327 -5.664638961278111 -5.4704330423613055 -5.245701531853241 -5.103336488311247 -5.012286016840767 -5.075968716539773 -5.073863503326583
0.4562684560726895 0.514951274390369 0.9796770912021282 1.3744045686753097 1.5178222188238992 1.0999373960056245 0.2325895521712198 -0.519234716589366 -0.40502689977379225 -1.1676403862519789 -1.4568440514139964 0.2717991482668891 0.21232687499426373 -0.10898129166890591 -0.4137109042782021 -0.3610805739484446 -0.25266209346914437 -0.5134453802530929 -4.261514354686775 -6.031998666979819 -6.713561444750178 -7.065132051352959 -7.183287142943264 -7.0690793261276905 -7.017238450752879 -6.943029684987922 -6.796454215019547 -6.606195570877473 -6.540670809616925 -6.401989889198014 -6.175416317128408 -5.981210398211603 -5.74095294025626 -5.690164671488043 -5.687270003319907 -5.942000802115933 -5.991999615929203 -5.8425294777926915 -5.6804280603770385 -5.495695600919589 -5.194913263085025 -5.230175584405963 -5.128599046869531
0.25022071283168934 0.267851873492158 0.7054730701840919 1.182830166274992 1.3441421287356992 1.2728280311388778 0.4162694050220743 -0.49976149436735584 -0.3463440814561123 -1.0008022391066476 -1.3444782961599642 0.47389961673315817 0.8841530416536187 0.5178459425585062 -0.03398307094900144 -0.0016154177962004468 -0.1413489448217069 -0.3873957391133236 -3.48995371205253 -5.709637893710054 -6.469356712020104 -6.811190707511879 -6.93039840570878 -6.926451130934048 -6.872768193997695 -6.681456943249026 -6.465409437245372 -6.264361575385698 -6.1667323126239975 -6.058313832144697 -5.985947127941281 -5.795688483799207 -5.774110048364006 -5.7330583907067965 -5.856213363678428 -6.133575204516251 -6.289624133943982 -6.076734447760113 -5.996736345658881 -5.75174215797386 -5.448854606926105 -5.164650823145415 -5.060179617440846
0.04917285097201507 -0.1324017886656481 0.03338375187308795 0.543371652768438 0.9338887038152395 0.8636272128250129 0.5804760356509178 -0.3521334177923858 -0.4929195514244875 -0.8668580484174147 -1.2955320889532898 0.14469690052052542 0.847048658771139 0.9915189155263233 0.43968990201881564 -0.09161328266008617 -0.27318792229774935 -0.3073976370120919 -3.0865422300749383 -5.443065270589832 -6.056471770583156 -6.409884438747477 -6.583564528835677 -6.579880405712595 -6.557249363670799 -6.364096051360589 -6.177521530341599 -6.046472007820502 -5.924632793107113 -5.8425294777926915 -5.799635758573939 -5.69305933965618 -5.67148090422098 -5.779109929745334 -5.899107082897181 -6.208573425236155 -6.22041524956035 -5.523063372691063 -5.943053408722529 -5.711743106923244 -5.499642875694321 -5.216491698520226 -4.81623803636242
0.3507446437615256 -0.32502879767256054 -0.3610805739484446 -0.2584514298054179 0.12811834646665154 0.4407425086254113 0.27864109120975833 -0.023193853231401107 -0.5339712090816984 -0.80054383220192 -1.2486910949598053 -0.21450510398006983 0.7591560071204446 0.9807296978087239 0.5765287608761858 -0.04556174362154852 -0.15608543731403923 -0.13450700187883857 -2.8797050318789914 -5.147282814136594 -5.607008749567027 -5.969368573887407 -6.127522716528329 -6.269361456767025 -6.2798875228329765 -6.060155893706239 -5.93621146577966 -5.854108150465239 -5.76911016698268 -5.683322728545175 -5.669638842659438 -5.552536357675727 -5.61490329911649 -5.742795001817801 -5.863055306621297 -6.264361575385698 -5.805425094910213 -4.23019930814057 -5.225175703024636 -5.883581135449902 -5.603324626443944 -5.097284000323325 -4.6765045093369135
0.8215229485612072 -0.15503283070744445 -0.7173879102809031 -0.8189644478173355 -0.6813361340050195 -0.30818709196703864 0.09390863175230901 0.1536440566765842 -0.10819183671396004 -0.5660757105828504 -0.8855418156844785 -0.8531741625316775 -0.019246578456669994 0.3615338614791259 0.0794352909116256 -0.34055474511983963 -0.30055569406922356 -0.031877857735811865 -2.674446743592937 -4.8912362570823245 -5.234122859180695 -5.533852590408664 -5.745689669985937 -5.952790019833534 -6.049629827640287 -5.755689432748592 -5.624639910227495 -5.467538374193169 -5.521221311129522 -5.434381266085422 -5.459643824643706 -5.4743803171360375 -5.577798916234011 -5.826740378693764 -6.009367624938023 -6.1422592090206605 -5.554378419237269 -4.011520285620427 -4.948077013838462 -5.60621929461208 -5.3414887330534 -4.836500713539376 -4.4254578336639705
0.758103400513849 -0.2545041550306859 -0.8387008216909946 -1.3218472541181687 -1.3455309027665594 -1.017380793160521 -0.4694990544277453 0.028647022143410084 0.0794352909116256 -0.34055474511983963 -0.6363372015730766 -0.8142277180876571 -0.4439733442178131 -0.3023977556307651 -0.5552864928652501 -0.7605447811513044 -0.4166055724463389 0.05101491253355661 -2.3855062300825685 -4.564138754082881 -4.837553320145972 -5.18517665197402 -5.467538374193169 -5.706743225541917 -5.803319881697022 -5.569904366684548 -5.355172618939137 -5.153072150472868 -5.347278069389673 -5.207807694015816 -5.171492766088283 -5.2759639717928515 -5.5143793681866535 -5.794635877192612 -5.90594902584005 -5.824898317132223 -5.93831667899285 -5.177545254076206 -5.2838585213423155 -5.21543909191363 -5.096494545368379 -4.8386059267525665 -4.4380891129431115
0.41916407319021065 0.18495910322278952 -0.33660747034510763 -0.9871183532209105 -1.2447438201850738 -1.1715876610267109 -0.855279375744868 -0.592390875747729 -0.7537028382084361 -1.0650112421089517 -0.7000199012720834 -1.0905369523188844 -0.8073857751447888 -0.4694990544277453 -0.5671283171894457 -0.8121225048744667 -0.5055508307036294 0.06180413025115694 -1.9518323081653661 -4.097307724057932 -4.432299776606839 -4.878604977803183 -5.194123808130079 -5.384382452272153 -5.483064321640448 -5.393329608428211 -5.207807694015816 -5.175440040863015 -5.080705446269452 -5.136493596418994 -5.175440040863015 -5.288858402723642 -5.4420126639832365 -5.520168704522927 -5.416750105424953 -5.381487784104015 -5.569114911729601 -5.407013494313948 -5.227280916237826 -5.095441938761783 -4.794659600927219 -4.311250016848396 -3.885470644480658
-0.2545041550306859 0.15943339301285686 0.05390958070169294 -0.660810305176414 -0.9947497511187255 -0.9586979748428415 -0.913699042410899 -0.8542267691382728 -1.0689585168836837 -1.1636931114772473 -0.8658054418108194 -0.8581740439130048 -0.8639633802492779 -0.6773888592302875 -0.7487029568271089 -1.0768530664331473 -0.8931732135822936 0.003121311933477422 -1.3844773472105798 -3.6765282330715205 -4.324933902734133 -4.642294794622571 -5.039653788612241 -5.2838585213423155 -5.3328047285489895 -5.250701413234568 -5.119915042365121 -5.085705327650778 -4.819922159485503 -5.058337555879304 -5.136493596418994 -5.039653788612241 -5.03096978410783 -4.964655567892336 -4.864921091917445 -4.99860213095503 -5.168598097920146 -5.295700345666511 -5.16570342975201 -4.966497629453878 -4.517297760089397 -4.032046114449033 -3.6765282330715205
-0.8279116039733943 0.050225457578610744 0.1925905011206046 -0.3884483457199188 -0.7310717961666402 -0.8131751114810619 -0.8297536655349358 -0.9986970258934571 -1.070011123490279 -1.1121153877540846 -1.2476384883532106 -1.0318541340012044 -0.9284355349032309 -0.9226461985669578 -1.0750110048716057 -1.2663222556202745 -1.0134335183857894 -0.3502913562308443 -0.8160697796491987 -2.9020729222691384 -4.0857290513853854 -4.57098069702575 -4.941235070895594 -5.113073099422252 -5.120704497320067 -5.117020374196984 -5.0291277225462885 -4.871763034860314 -4.687293727054514 -4.771239103930477 -4.885446920746051 -4.742818725552408 -4.508613755584987 -4.428352501832107 -4.511508423753123 -4.6843990588863775 -5.060179617440846 -5.2654379057269 -5.110967886209062 -5.012286016840767 -4.653084012340171 -4.125728102436001 -3.6433711249637732
-1.1705350544201156 -0.48607760848161874 0.3352186963142474 -0.12371778416123824 -0.5123927736464977 -0.6373898081796718 -1.0915895589254792 -1.2555330379026741 -1.1931660964619115 -1.2713221370016012 -1.602366914775776 -1.7097327886484814 -1.5026324388008856 -1.37579334270617 -1.4802645484107386 -0.9626452496175735 -0.6121272496213881 -0.7234403982688256 -0.8589634988679511 -2.1286702180733514 -3.886523251087253 -4.552560081410334 -4.85518448080644 -5.007549287111089 -4.921498697021935 -4.862026423749309 -4.779923108434887 -4.557296811140013 -4.430457715045297 -4.348354399730876 -4.458614941771717 -4.267303691023049 -4.0288882946292475 -4.025204171506164 -4.1667797600932115 -4.634400245073108 -5.0291277225462885 -5.02228577960342 -4.985970851675888 -4.867815760085582 -4.69887239972706 -4.1949369868196325 -3.6023194673065624
