static/data/ASCData/20210109/ASCU/18.asc
ncols 97
nrows 97
xllcorner 99.0
yllcorner 2.0
cellsize 0.25
NODATA_value -32767
[rows 76 to 94 of 97, columns 43 to 85 of 97]
-7.278275867985061 -6.905208517852303 -6.504599282810417 -6.354370819669708 -6.4530208437987735 -6.396434789349107 -6.317314465428334 -6.3123068499903106 -6.237192618419956 -6.31430989616552 -6.436245332081395 -6.763493000956236 -7.074966681201303 -7.358147334221537 -7.355393145730624 -7.084731531305449 -6.666846023002381 -6.38666993924496 -6.4031950701904385 -6.426480481977248 -6.355372342757313 -6.347610538828377 -6.4294850512400625 -6.574956279714648 -6.603249306939481 -6.746967870010758 -6.402193547102834 -5.83683376414997 -4.634505297480506 -5.281989973616957 -4.797753560760075 -4.329040755761067 -3.864083662340577 -3.6374890637700092 -3.530075712624403 -3.628725736753468 -3.508542966240902 -3.496023927645843 -3.5721396823038014 -3.7253727147073232 -3.5183078163450476 -3.3758411571332765 -3.187304435891688
-7.376675511342224 -6.925489360376299 -6.525130506106313 -6.418718678048312 -6.513612990598859 -6.2800077304150586 -6.198133218003372 -6.122017463345414 -6.045651327915554 -6.0877152975949524 -6.254719272453039 -6.457778078464896 -6.803553924460425 -7.065201831097157 -7.158093097472495 -6.90020090241428 -6.683371153947858 -6.4031950701904385 -6.073944355140387 -5.998830123570034 -5.964778338591473 -6.133534978852868 -6.360129577423436 -6.832848474772863 -6.873910921364656 -6.85137665189355 -6.490077198040148 -4.457736472518274 -2.850542297684602 -3.2576614327959197 -3.0788895616584777 -3.006779899350938 -3.310491775667069 -3.0838971770965014 -3.149246558562709 -3.251902675042193 -3.381599914887004 -3.4354317808457573 -3.4674805196491083 -3.508542966240902 -3.3014780678786266 -3.1580098855792507 -2.963714406583935
-7.218685244272581 -6.785025747339738 -6.46078264772771 -6.2459559454364975 -6.175598948532267 -5.919709799649261 -5.842592521903698 -5.766476767245739 -5.8005285522243 -5.858116129761571 -6.097480147699098 -6.198133218003372 -6.508605375160835 -6.6550781267230255 -6.7800181319017145 -6.950026676022615 -6.733196927556193 -6.294780195957228 -5.913951041895534 -5.727417366829155 -5.707887666620863 -5.893419818599638 -6.185363798636413 -6.669850592265195 -6.782021178076923 -6.758735766290114 -5.080934213780309 -2.864062859367266 -1.5145104988199076 -1.2653816307782342 -0.8552579264041023 -1.6043971959324312 -2.136456336222438 -2.761657123659683 -2.8270065051258912 -3.044837776679917 -3.185301389716479 -3.2253623132206677 -3.1933135744173167 -3.1159459158998524 -2.9657174527591446 -2.823000412775472 -2.5768761139966125
-6.847370559543132 -6.4940832903905665 -6.215659872036455 -5.7684798134209485 -5.591710988458716 -5.436474909879984 -5.366117912975753 -5.381641520833626 -5.439229098370897 -5.60322850396617 -5.855361941270658 -5.994072888903911 -6.143299828957014 -6.247958991611707 -6.682369630860254 -6.889434529222529 -6.621026341744464 -6.148307444395038 -5.892418295512032 -5.719655562900218 -5.684351874062152 -5.717652516725009 -5.95776767697824 -5.951007396136909 -6.035886477811408 -4.635506820568111 -2.5984088603801143 -1.3983338206577605 -0.8835509536289354 -0.1501856727303803 0.5724132349764242 -0.3124324129223446 -1.5906262534778666 -2.2909412724854654 -2.3172312535350894 -2.55934945996353 -2.67177042654716 -2.5848882986974506 -2.661004053355409 -2.6239476991140345 -2.467710097447698 -2.26640395683915 -2.048572685285124
-6.3358426425490215 -6.21465834894885 -5.901181622528574 -5.436474909879984 -5.0866929715340365 -5.004818459122351 -5.005569601438054 -5.036867197925702 -5.119993614196893 -5.281989973616957 -5.46952517177094 -5.7038815742704445 -5.793768271382968 -6.076948924403202 -6.543658683227001 -6.588727222169213 -6.27825506501175 -5.97454318869562 -5.817304063941679 -5.917706753474052 -5.925718938174889 -5.676590070133216 -5.498819722083378 -5.154045399175454 -3.9539703594531 -2.237109406526712 -1.1276722062325852 -0.7420858175047691 -0.6266602816583253 0.22087863122716733 0.7444248252725343 0.30100047823554554 -1.1326798216706089 -1.5720980763571792 -1.4010880091486735 -1.3640316549072988 -1.4969838447868251 -1.5115059295570936 -1.8973426990568112 -2.0007499578519985 -1.9031014568105387 -1.7438592858813884 -1.5603301800778238
-5.846598614254116 -5.869884026040927 -5.734177647670487 -5.485299160400714 -4.94522783540987 -4.684331071088841 -4.674566220984695 -4.7536865449054675 -4.861099896051074 -5.012580263051287 -5.135517222054767 -5.264463319583874 -5.3856476131840445 -5.742940974687028 -5.997828600482429 -5.931477695928616 -5.695118247253903 -5.564169103549586 -5.624761250349671 -5.722409751391131 -5.705884620445653 -5.402172744129523 -4.770462056622847 -3.547602366657486 -2.0798702817727714 -1.1161546907251312 -0.8464945993875608 -0.9383843426752936 -0.3933054022464262 0.26093955473135644 0.5050608073350062 0.5158271805267569 -0.03501051765583796 -0.16871384985106808 -0.0007083519053763254 -0.1569459535717126 -0.5858482158384328 -0.6178969546417834 -0.9461461466042302 -1.371042316520532 -1.4091001938495111 -1.2263222303616503 -1.0232634243497936
-5.358105728274915 -5.301519673825249 -5.3210493740335405 -5.2712236004252055 -4.769460533535242 -4.492038638268735 -4.496795872934857 -4.632752632077198 -4.780978049042696 -4.898156250292448 -4.89640358488914 -4.844574765105596 -4.985288758914058 -5.300518150737644 -5.446990902299834 -5.360108774450125 -5.166814818542414 -5.070167840588558 -5.109227241005143 -5.061404513572017 -4.745924740976531 -4.091679783998749 -2.987250199142646 -1.5212707796612395 -0.7430873405923735 -0.9353797734124796 -1.1667316066491695 -0.9441431004290206 -0.5184957881970158 -0.13741625336342 0.34005987865212894 0.6262451009351775 0.5714117118888193 0.6858357246476583 0.7306538828179692 0.4104168755563604 0.10269890688981054 0.07240283348976817 -0.3161881245008624 -1.005736770316711 -1.0185061896836713 -0.8875570459793543 -0.7566079022750372
-4.909924146571804 -4.655036520776403 -4.638511389830925 -4.568154392926694 -4.486279880515008 -4.445217433923214 -4.544868981139884 -4.602456558677155 -4.605210747168068 -4.663799847792944 -4.6688074632309675 -4.649277763022676 -4.7772223374641785 -4.937215650709033 -4.9880429474049714 -4.816281737880763 -4.631751108989594 -4.494041684443944 -4.415922883610777 -4.327037709585857 -3.7088475837618455 -2.3748188310723606 -1.2879159002493403 -0.4929569494630952 -0.6081321045376376 -0.9100913154504604 -1.0770952903085473 -0.8660242995958529 -0.783899406412266 -0.2360662774924851 0.257934985468542 0.173055903794042 0.3615926250356303 0.8215421030180972 0.9484851543719959 0.7491820599386569 0.5333538345598399 0.33505226321410575 0.04010371391451617 -0.6862509053708061 -0.619900000816993 -0.6316678970963485 -0.6667212051625135
-5.011578739963682 -4.449974668589337 -4.291734020747792 -4.237151012473334 -4.265444039698168 -4.447220480098424 -4.504808057635695 -4.438206772309981 -4.436454106906673 -4.444215910835609 -4.489034069005921 -4.564398681348176 -4.597448943239132 -4.6277450166391745 -4.477266172726566 -4.250921954927899 -4.019319740919308 -3.8983858280910386 -3.6101975596327804 -3.2068341360999804 -2.072108477843835 -0.9276179694835429 -0.5310148267920747 -0.5818421234880136 -0.5983672544334917 -0.5583063309293035 -0.5973657313458869 -0.5575551886135992 -0.4929569494630952 -0.13741625336342 0.08216768359391402 -0.08583781435177684 0.4357053335183796 0.8097742067387417 1.082188486567225 1.0441306092382456 0.825297814596615 0.6350084279517185 0.2589365085561468 -0.543784246159035 -0.5184957881970158 -0.5417811999838253 -0.5946115428549739
-5.415943686584088 -4.400148894981002 -4.075905795368975 -4.093682830173958 -4.230390731632003 -4.366097110002442 -4.290732497660187 -4.221627404615461 -4.215618266089833 -4.247917385665085 -4.442212864660401 -4.465748657219112 -4.385626810210733 -4.170800107919522 -3.9930297598696844 -3.688316360465949 -3.4577156695449625 -3.154254174000733 -2.728356480996826 -1.5408004798695316 -0.4518945028713022 -0.1747229883766961 -0.7370782020667455 -0.6844982399674979 -0.11513236466421528 -0.04076927540956454 0.0010443134979318813 0.010809163602077732 -0.2888966203636336 0.09969433762699698 0.36059110194802546 0.10269890688981054 0.38112232524392287 0.5889383659219014 0.8606015034346814 1.1124845599672684 1.0724236364630793 0.6252435778475727 -0.0037129211681907748 -0.5467888154218485 -0.49596151872590966 -0.5565536655259953 -0.6639670166716005
-5.566172149724795 -4.508563769214213 -4.05161886049456 -4.106201868769017 -4.175557342585644 -4.122977380486397 -4.05161886049456 -4.035844871864786 -4.0340922064614775 -4.287978309169274 -4.529094992510109 -4.265444039698168 -4.011557936990371 -3.73313451863626 -3.5105460124161114 -3.214595940028917 -2.8112325164961165 -2.478226089867548 -1.4411489326528621 -0.16671080367585844 4.2790410327064876e-05 -0.2673638739801323 -0.783899406412266 -0.7448400059956817 -0.1569459535717126 0.46024264916469537 0.5060623304226111 0.19559017326514816 -0.06530659105588033 0.4700074992688412 0.5899398890095062 0.33605378630171057 0.07841197201539618 0.2834738242024626 0.5421171615763809 0.7970047873717823 1.0606557401837238 0.523588984455694 -0.4148381486299275 -0.6296648509211389 -0.5886024043293459 -0.6862509053708061 -0.7966688257792263
-5.577940046004151 -4.816281737880763 -4.318274382569316 -4.269450132048586 -4.084669122385516 -3.9987885176234115 -3.8523157660612215 -3.8357906351157434 -4.035844871864786 -4.339556748180916 -4.378616148597501 -3.869842420094304 -3.5183078163450476 -3.1933135744173167 -3.0017722839129144 -2.7478861812051183 -2.3435212345847134 -1.4626816790363635 -0.3532444787422371 0.08216768359391402 -0.45489907213411573 -0.6161442892384752 -0.7703788447296023 -0.7811452179213529 -0.18048174613042356 0.4367068566059844 0.7276493135551547 0.33405074012650093 0.40065202545221457 0.8215421030180972 0.6104711123054027 0.28823105886858524 -0.06029897561785713 -0.2293059966511528 0.02958772149466693 0.4835280609515049 0.7774750871634897 0.17005133453122845 -0.710788221017121 -0.8279664222668734 -0.8044306297081625 -0.8923142806454765 -1.0192573319993747
-5.6775915932208205 -5.217642115238354 -4.665802893968154 -4.41867707210169 -4.170800107919522 -3.9432039862613495 -3.780206103753682 -3.6462523907865503 -3.871845466269513 -4.007551844639953 -3.89237668956541 -3.332775664366274 -2.963714406583935 -2.6657612880215313 -2.5155328248808235 -2.1775187828142313 -1.5448065722199504 -0.5623124232797219 -0.13366054178490216 -0.19900992325111044 -0.8151970028999131 -0.8875570459793543 -0.9734376507414586 -0.7350751558915358 -0.22354723889742623 0.3565850095976071 0.77547204098828 0.9034166154297836 1.1074769445292443 0.9141829886215342 0.3781177559811084 0.06864712191125033 -0.7127912671923307 -0.8845524767165402 -0.4080778677885952 0.14851858814772712 0.1397552611311852 -0.5114851265837821 -0.9216088309579145 -1.014500097333252 -1.021260378174584 -1.1111470752871075 -1.2390916497286102
-5.341580597329437 -5.242930573200373 -4.719634759926907 -4.511568338477027 -4.4284419222058355 -4.139502511431874 -3.7166093876907818 -3.486259077541697 -3.3162505334207957 -3.30448263714144 -3.2263638363082725 -2.896361978942518 -2.549584609859384 -2.1609936518687536 -1.8865763258650605 -1.322218065999802 -0.8434900301247468 -0.7303179212254136 -0.4306121372597014 -0.34948876716371924 -0.8505006917379796 -0.8875570459793543 -0.8807967651380224 -0.6471915049542218 -0.03701356383104759 0.45423351063906736 0.6262451009351775 0.9640087622298683 1.3683737088502737 0.7198875096262185 0.17681161537255985 -0.41183357936711307 -1.1852597837698569 -1.3229692083155054 -0.8660242995958529 -0.4188442409803459 -0.5007187533920314 -0.9393858657628984 -1.1063898406209853 -1.2333328919748832 -1.2155558571698992 -1.2801540963204037 -1.2919219925997592
-4.913930238922223 -4.765454441184823 -4.702859248209529 -4.681576882597928 -4.57591619685563 -4.2126136968270185 -3.6667836140824472 -3.120953531337876 -2.706823734613325 -2.4822321822179667 -2.5262991980725746 -2.554592225297408 -1.9734584537147701 -1.324972254490715 -0.8006749181296451 -0.7596124715378516 -0.8572609725793114 -0.6774875783542642 -0.4013175869472638 -0.3347163016215502 -0.5808406004004096 -0.9383843426752936 -0.7976703488668306 -0.45590059522172055 0.04310828317733062 0.46600140691842284 0.6700617360178835 0.7111241826096775 0.7541896753766801 0.6663060244393657 0.13775221495597645 -0.9754406969166682 -1.523273825836449 -1.4666877713867827 -1.1795010260161294 -0.9539079505331669 -0.9832025008456049 -1.2546152575864835 -1.2936746580030674 -1.363030131819694 -1.2683862000410482 -1.1747437913500072 -1.1296752524077949
-4.585681046959777 -4.280216505240337 -4.3846252871231295 -4.07690731845658 -3.779204580666077 -3.472488135087132 -3.0007707608253096 -2.4929985554097174 -2.076865712509957 -1.734094435777242 -1.493979275524011 -1.5418020029571364 -1.0104940049828333 -0.5680711810334493 -0.44212965276715543 -0.5946115428549739 -0.7761376024833293 -0.7538537137841241 -0.6717288206005376 -0.520248453600324 -0.6178969546417834 -0.5077294150052651 -0.3993145407720542 -0.24407846219332274 0.10069586071460179 0.47276168775975425 0.7521866292014705 0.8555938879966583 0.6212374854971534 0.7238936019766378 0.48553110712671455 -0.6454388395509136 -1.3815583089403813 -1.4353901748991351 -1.266383153865839 -1.2010337723996312 -1.3269753006659242 -1.520269256573635 -1.4080986707619063 -1.2919219925997592 -1.1151531676375264 -1.0094924818952289 -0.9822009777580001
-3.8300318773620163 -3.3172520565084005 -3.369080876291945 -3.281948367670334 -3.0828956540088965 -2.7128328731389533 -2.260645199085423 -1.793685059489723 -1.386565924378405 -0.9919658278621459 -0.28989814345123843 -0.11713541083942491 0.010058021286374341 0.0871752990319381 -0.3737757020381336 -0.7976703488668306 -0.9539079505331669 -1.0037337241415014 -0.8522533571412878 -0.9862070701084189 -0.7390812482419546 -0.39630997150923974 0.10470195306502017 0.33405074012650093 0.19458865017754423 0.29398981662231183 0.5461232539268002 0.7023608555931355 0.7023608555931355 0.6828311553848438 0.6848342015600535 0.3625941481232351 -0.6882539515460149 -1.3855644012908002 -1.429631417145408 -1.4499122596694036 -1.5603301800778238 -1.54680961839516 -1.4499122596694036 -1.3475065239618211 -1.1013822251829617 -0.9080882692752508 -0.783899406412266
-3.088654411762624 -2.6630070995306183 -2.4862382745683855 -2.631709503042971 -2.44893153955511 -1.9714554075395605 -1.4724465291405098 -0.8299694684420831 -0.34272848632238784 -0.0838347681765681 0.2444144237858783 0.5596438156094639 0.38688108299764945 0.2394068083478551 -0.3797848405637625 -0.751850667608915 -0.7723818909048115 -0.8212061414255416 -1.07984947879946 -0.9461461466042302 -0.8006749181296451 -0.1491841496427755 0.24716861227679132 0.4034062139431276 0.08892796443524631 -0.045776890847588625 0.3390583555645241 0.5734147580640281 0.5781719927301507 0.655539651247615 0.8946532884132417 0.6104711123054027 -0.21077781953046593 -1.0495534053994175 -1.5377959106067176 -1.5926292996530758 -1.6912793237821404 -1.7235784433573929 -1.6356947924200789 -1.3640316549072988 -1.102383748270566 -0.8835509536289354 -0.7420858175047691
-2.7048206884381156 -2.0272903196735235 -1.8122132366104102 -2.077867235597562 -1.9431623803147273 -1.578858357198511 -1.0478007399961093 -0.3747772251257384 0.3653483366141481 0.5714117118888193 0.24040833143545992 0.43370228734316996 0.5090668996854255 0.2511747046272106 -0.24983721994705022 -0.6043763929591197 -0.6424342702880992 -0.7663727523791835 -0.9969734433001696 -0.8172000490751228 -0.5300133037044699 0.167046765268414 0.19058255782712497 0.4347038104307748 -0.12189264550554757 -0.29866147046777947 0.08892796443524631 0.49830052649367484 0.6330053817765089 0.6848342015600535 0.7940002181089678 0.7481805368510521 0.11646984934437565 -0.845493076299956 -1.380807166624678 -1.7381005281276614 -1.8415077869228482 -1.8202254213112479 -1.6912793237821404 -1.3845628782031958 -1.093620421254025 -0.8572609725793114 -0.6667212051625135
