static/data/ASCData/20210109/ASCU/21.asc
ncols 97
nrows 97
xllcorner 99.0
yllcorner 2.0
cellsize 0.25
NODATA_value -32767
[rows 38 to 56 of 97, columns 0 to 42 of 97]
-0.750164793897373 -0.10571103348277244 -0.16319504320878853 0.04380012942847067 0.2987865395434124 0.504726959708635 -0.02950516737810016 -1.3126115496110975 -1.3078651634869307 -1.0246641247449992 -2.4259027838461393 -1.4747797421867843 -1.01385291190662 -1.0236093722729622 -1.5987131576511304 -2.3214822891144773 -2.6671774118246008 -2.9756925098954197 -3.4532316916101666 -3.9914191404670403 -4.819399831016077 -4.920128692095609 -4.4787147825481295 -4.126163768769766 -4.073426145167916 -4.25800782777439 -4.2374401545696685 -4.0860831748323605 -3.8693315418287586 -3.440574661945723 -3.171085405340272 -2.763687263015985 -1.4072755839764173 0.4509345836347487 0.641581092955434 0.441178123268406 -0.8437740757906558 -3.6631274335455277 -5.612310001869883 -6.297108044339899 -6.5908566078022 -6.763836013216267 -6.704242498546176
-0.8653965014674139 0.6004457465459918 0.42166520253572237 -0.09595457311643063 -0.03715212280036795 -0.4561525423170618 -1.1797127381344366 -1.8800683795669975 -1.6749190237558031 -1.376160386051326 -2.0332711761303703 -1.4346991482493787 -1.2089821192334633 -1.2530180349410074 -1.7883049144997796 -2.5137109271432188 -2.98254840096366 -3.2617941179354535 -3.689496245346452 -4.034400303702547 -4.719725722408581 -5.139780894397312 -4.773518098482468 -4.434678866840585 -4.3682294611022545 -4.261963149544528 -4.12800958559583 -4.204215451700503 -3.764647358979088 -3.115447212440321 -2.741273772985199 -2.5147656796152558 -2.1105317947070796 -0.6027631359302035 0.938230225715837 1.286034853370035 0.3201452771021618 -2.347851100915402 -4.692565846253629 -5.9514129216297755 -6.210090965396847 -6.290252153271658 -6.254917945458419
-1.5206614747203933 0.678497429476729 0.8182521320216303 0.1229065648312444 -0.8798993479579225 -1.316566871381236 -2.2550328833761473 -2.7734437233823273 -2.6545203821601566 -2.5537915210806243 -2.5274227092796995 -2.2384205319415647 -2.0069023643294455 -1.836032463859453 -2.360508130579846 -2.813524317319733 -3.268650009003694 -3.412360033318733 -3.736432730352098 -4.015678447323891 -4.359527753207949 -4.775627603426542 -4.898506266418851 -4.564677109019144 -4.337905327531192 -4.1738913181294395 -3.819494487525011 -3.7910161707800123 -3.147617162837449 -2.5588015953228 -2.11738768577532 -2.4836504816901646 -2.1036759036388393 -1.3848620939456309 0.33280230676660594 1.1151649529000425 0.8591237903130633 -1.0673815998624971 -3.922860229784636 -5.331218468072025 -5.684560546204417 -5.761821164781127 -5.969871089890423
-1.7785484541334373 0.441178123268406 0.8142968102514914 -0.2140868499845734 -1.2168927627737407 -2.369209838474151 -3.312685924711238 -3.591931641683031 -3.555806369515764 -3.765702111451125 -3.1855882518307808 -2.941413054554218 -2.8174796390898713 -2.6476644910919163 -2.6476644910919163 -3.0967253560616643 -3.368324117611189 -3.5020139934418775 -3.6241015920801587 -3.8165939182269093 -4.058659610559398 -4.255107258476287 -4.379040673940634 -4.34186064930133 -4.115352555931387 -3.891745031859545 -3.5518510477456253 -3.4258081273372047 -2.9084520398030618 -2.2149522894387417 -0.7462094721272341 -1.1280298670046243 -3.1310048114028666 -2.4346044917404446 -0.4121166266095182 0.3876494353125288 0.6748057958245992 -0.0128928159435171 -2.8420026340647313 -4.66408752950863 -5.029295572951438 -5.337019606668229 -5.544014779305488
-1.5333185043848374 0.1883012180975383 0.6239139890488143 -0.5070443490928467 -1.5185519697763192 -2.671923797948767 -3.902556244697924 -4.194458991334161 -4.069470823397777 -4.388797134306976 -3.845863299325936 -3.2971283257486923 -3.195344712197123 -2.9698913712992163 -2.9698913712992163 -3.1035812471299047 -3.3068847861150346 -3.415260602616835 -3.4550775084362315 -3.5439404042053475 -3.6016881020493727 -3.7451344382464034 -3.716919809619414 -3.6789487206260825 -3.6016881020493727 -3.3986482511822524 -3.068510727434675 -2.8301366687543155 -2.860460802325379 -2.035380681074444 -0.18086214711540816 0.07412426299953445 -1.9306964982247727 -3.234370553662491 -1.248271648816841 -0.3730907851441492 -0.020539771365785775 0.28692057423299655 -0.9054770954048195 -2.796120901531123 -4.391697703605078 -4.700212801675897 -5.2824361662403145
-1.3711503118091501 -0.03240573667620161 0.17089780230892782 -0.42187308697586 -1.4795261283109507 -2.9464231287963933 -4.185757283439855 -4.754005177749783 -4.449445401449103 -4.71313351945835 -4.430723545070446 -3.623046839608122 -3.068510727434675 -2.845694267716861 -2.929810777361811 -3.060600083894397 -3.159219440029856 -3.187697756774855 -3.2501918407430463 -3.250982905097074 -3.184797187476753 -2.9933596138020393 -2.9503784505665323 -2.764742015488022 -2.687745085029322 -2.47468508567785 -2.046982958266851 -1.3205221931513749 -2.294058724841516 -1.6836207316501084 -0.1339256621097622 0.42667527677789785 -0.6417889773955721 -2.1250346411975882 -2.0556846661611563 -1.362448603914845 -0.8174052639897309 0.551663444714281 0.4353769846722031 -0.1700509342770289 -2.2041410766003624 -4.238494907041705 -5.0411615382618535
-0.9719265011431499 -0.36333432477780736 0.529249954683495 0.05751191156495139 -1.361393851442808 -3.008917212764585 -4.140666615260274 -4.709178197688211 -4.84972396458714 -4.911163296083295 -4.184702530967819 -2.976747262367457 -2.510019293491089 -2.6437091693217774 -2.7979667183571872 -2.9316565941878756 -3.0255295641991675 -3.060600083894397 -3.1212483510365243 -3.0302759503233343 -2.764742015488022 -2.5079097885470154 -2.0744065225398125 -1.7872501620277426 -1.51486033612419 -1.187623381674714 -0.4864766758881256 0.46280054894516454 -0.6876707099291814 -1.6261367219240923 -0.5020342748506712 0.0008189661929636216 -0.47381964622368145 -1.3302786535177167 -2.1271441461416623 -2.143756497576245 -1.7091984790970054 -0.2968849190394769 0.8240532706178332 0.6249687415208518 -1.0030416990682411 -3.3311440929718854 -4.896660449592786
-1.0381122187634708 -0.8762077143057931 0.28296525246285764 0.14532005486203126 -1.095859916607496 -2.4717845163797483 -3.4416294144177595 -4.047848397721019 -4.5665229258452085 -4.313646020674341 -2.8810284755301003 -1.8244301866670463 -1.8779588746229234 -2.170916373731197 -2.340995209847162 -2.49920808065271 -2.731517312618857 -2.9912501088579653 -3.252037657569111 -3.1017354303038402 -2.683789763259183 -1.9288506813987083 -1.0871582087131908 -0.6125195962965457 -0.35937900300766845 0.15507651522837307 0.8240532706178332 1.457959506312064 0.8493673299467215 -0.5070443490928467 -1.54993085581942 -1.6037232318933063 -1.1710110302401318 -1.0420675405336097 -1.362448603914845 -1.814673726300704 -2.718860282954413 -2.043027636496712 -0.6671030367244599 0.3974058956788715 -0.554771898452521 -2.792165579760984 -4.6279622573413635
-1.4600132075782666 -0.7570206849656134 0.289821143531098 0.21757059919656463 -0.5157460569871519 -1.200280411339158 -1.724756078059551 -1.8349777113874164 -2.314626398046237 -3.0060166434664835 -1.6105791229615467 -1.0362664019374064 -1.2081910548794355 -1.166264644115965 -1.095859916607496 -1.399628628554149 -1.8771678102688956 -2.231564640873324 -2.6339527089554355 -2.3847674374366967 -1.81256422135663 -1.0900587780112927 -0.3330101912067436 -0.030296231732127588 0.04274537695643321 0.41296349464141713 1.0634820817702302 0.7781715380842247 0.6022915633720567 -1.0098975901364815 -2.009802933627547 -1.9288506813987083 -1.1103627630980046 -0.6689488535505248 -0.9785187040933812 -1.3292239010456801 -3.1447165935393473 -2.9445773119703285 -1.6709637019856642 -0.5146913045151154 -1.0684363523345342 -2.9807025841375956 -4.740293395613302
-1.1847228123766125 -0.6591923931841825 -0.18270796394147304 0.016376565155509226 0.05566609473888651 -0.30374081010771725 -0.2852826418470702 -0.2256891271769801 -0.511790735217013 -1.46581434617447 -1.1601998174017525 -0.8907105607963017 -1.096914669079533 -0.8234700907039438 -0.622276056662888 -0.8213605857598698 -1.2580281091831833 -1.5538861775895585 -1.9747324139323172 -1.8916706567594042 -1.5802549893904834 -1.1319851887747627 -0.7667771453319556 -0.3868025672806299 0.0037195354910650735 0.38079354424428846 0.5632657219066877 0.07122369370143211 -0.47091907692558 -1.2999545199466533 -1.7814490234315388 -1.6250819694520553 -1.076346995874812 -0.6992729871215881 -0.7841805611205657 -2.010857686099584 -3.5684633991802075 -2.943522559498292 -2.067550631471572 -1.2190022677178147 -1.1594087530477246 -2.78636444116478 -4.7139245838123776
-0.5439606856141417 0.21968010414063865 0.2381382724012857 0.1972666141098527 0.23128238133304535 0.1972666141098527 0.23919302487332317 0.09653775303032042 -0.3701902158460477 -1.273585708145729 -1.6720184544577013 -1.420987366112898 -1.5636426379559007 -1.4932379104474318 -1.5058949401118755 -1.665162563389461 -1.4971932322175703 -1.5654884547819656 -1.6485502119548783 -1.7832948402576037 -1.57445385079428 -1.122228728408421 -0.7939370214869079 -0.2647149686423482 0.21071470812832427 0.12475238165730929 -0.2238433103509152 -0.9131240508270877 -1.316566871381236 -1.6670083802155258 -1.9357065724669487 -1.8049172659343622 -1.5762996676203445 -1.2353509310343878 -1.7110442959230698 -3.3068847861150346 -4.678854064117148 -3.45903283020637 -2.661376273228397 -1.8468436766978322 -1.5333185043848374 -2.5031634024228486 -4.468958322181787
-0.6721131109666358 0.13556359449568856 0.6531833701478407 0.6386805236573325 0.2890300791770706 0.22943656450698047 -0.3662348940759088 -0.6388884080974706 -0.9795734565654182 -1.7550802116306143 -2.316472214872302 -2.2734910516367943 -2.4483162738769253 -2.6017827585583073 -2.6054743922104366 -2.185682908339715 -1.9718318446342153 -1.6593614247932575 -1.4484109303858599 -1.6124249397876116 -1.5343732568568744 -1.0839939512970798 -0.7696777146300571 -0.24414729543762714 0.06621361945925663 -0.11335798890504112 -1.2168927627737407 -1.9992554089071772 -2.1015663986947652 -2.3810758037845674 -2.5392886745901158 -2.671923797948767 -2.4562269174172027 -2.364463452349985 -2.791110827288947 -4.056813793733333 -5.175906166564579 -4.040201442298751 -3.2325247368364267 -2.372110407772253 -1.3732598167532242 -2.335985135604986 -4.556766465478867
-1.350582638604429 -0.7939370214869079 0.4696564400134049 0.9754102503551412 0.5975451772478895 -1.4288980096531754 -2.0538388493350914 -1.921994790330468 -1.7266018948856154 -2.045928205794814 -2.620240926818955 -2.792165579760984 -2.9084520398030618 -3.0547989452981943 -2.717805530482376 -2.299859863437719 -1.9317512506968098 -1.569443776552104 -1.1905239509728158 -1.526462613316597 -1.5206614747203933 -1.1359405105449016 -0.8213605857598698 -0.7393535810589937 -0.4405949433545162 -1.0011958822421763 -2.2334104576993887 -2.7795085500965397 -2.8409478815926947 -3.275505900071934 -3.5362934487830797 -3.6623363691915 -3.498058671671739 -3.402339884834382 -3.3506570137045695 -4.224783124905224 -5.106556191528147 -4.300988991009897 -3.2080017418615667 -2.5548462735526614 -1.572344345850206 -2.4504257788209993 -4.6603958958565
-1.9306964982247727 -1.4845362025531266 0.6610940136881185 1.0566261907019898 -0.6125195962965457 -2.640808600023676 -3.86537622005862 -3.668137507787703 -2.0860087997322196 -1.898526547827645 -2.3077705069779966 -2.491297437112433 -2.475739838149887 -2.4562269174172027 -2.118178750129348 -1.8281218203191756 -1.4571126382801647 -1.2422068221026281 -1.0352116494653694 -1.8078178352324636 -2.2792921902329977 -1.8674113499025538 -1.0265099415710641 -0.944502936870188 -1.419932613640861 -2.019559393993889 -2.9648812970570404 -3.194553647843095 -3.4846105776532674 -4.100586021322869 -4.426768223300307 -4.475814213250027 -4.310745451376238 -3.8732868635988975 -3.820549239997048 -4.03730087300065 -5.069376166888843 -4.619260549447058 -2.8185343915619088 -2.406389863113455 -2.1904292944638817 -3.0695654799067116 -4.787229880618948
-2.209151150842538 -1.527517365788634 0.43063059854803676 0.8367103002822773 -1.0352116494653694 -3.5020139934418775 -4.740293395613302 -4.069470823397777 -2.264789343742489 -1.5762996676203445 -1.637738999116499 -1.4592221432242387 -1.7540254591585773 -1.791205483797881 -1.5636426379559007 -1.2519632824689704 -0.8007929125551483 -0.6768594970908022 -0.7707324671020941 -2.222862932979019 -2.935611915958014 -2.2257635022771205 -1.3115567971390605 -1.4014744453802135 -2.0187683296398613 -2.6671774118246008 -3.371224686909291 -3.48355582518123 -4.056813793733333 -4.724735796650757 -5.285336735538417 -5.299839582028925 -5.029295572951438 -4.50297408940498 -3.820549239997048 -3.718765626445479 -5.234444928762632 -5.497078294299842 -3.3994393155362803 -2.419046892777899 -2.140855928278143 -2.9102978566291267 -4.532243470504007
-2.3193727841704033 -1.6271914743961293 -0.027395662434026136 0.44803401433664636 -1.3671949900390117 -3.810792779630706 -4.650639435490159 -3.743288621420339 -2.4483162738769253 -1.614270756613676 -1.6904766227183488 -1.614270756613676 -2.1582593440667535 -2.312516893102163 -2.1105317947070796 -1.5665432072540026 -0.7393535810589937 0.09363718373221808 0.36602700963577117 -0.9972405604720378 -2.3088252594500336 -1.8674113499025538 -1.5420202122791427 -1.6503960287809432 -2.3027604327358207 -2.9611896634049115 -3.5041234983859515 -3.693451567116591 -4.472649955833917 -5.197264904123328 -5.790035793408116 -6.221693242589254 -6.0861575499325005 -5.393712552040217 -4.2558983228303155 -3.610389809943678 -5.089943840093564 -5.508944259610258 -3.6955610720606646 -2.0040017950313436 -1.0225546198009252 -1.9913447653668999 -4.490317059740536
-2.0849540472601826 -2.3038151852078577 -0.9972405604720378 0.039053743304304334 -1.418086796814796 -3.6465150821109447 -4.515631119069424 -4.088983744130462 -3.5684633991802075 -3.2188129546999455 -3.3888917908159106 -3.2530924100411482 -3.0244748117271305 -2.686690332557285 -2.794011396587049 -2.7832001837486695 -1.3018003367727182 0.9500961910262538 0.8601785427850999 1.1932166358307796 -0.007882741701341622 -0.7978923432570468 -1.187623381674714 -1.7023425880287646 -2.3800210513125304 -2.9424678070262544 -3.3888917908159106 -3.6066981762915487 -4.126163768769766 -4.623215871217197 -5.114466835068424 -5.960114629524081 -6.743268340011545 -6.41233975190994 -4.796986340985291 -3.505969315212016 -3.2617941179354535 -3.415260602616835 -2.270590482338693 -0.33617444862285506 0.36128062351160395 -1.6319378605202957 -4.65723163844039
-2.0751975868938404 -2.756040307593717 -1.966030706038012 -0.47566546304974633 -1.502994370813774 -3.4484853054860003 -4.243241293165871 -4.006976739429586 -3.8155391657548723 -3.853510254748204 -4.1103424816892105 -4.480560599374194 -4.166244362707172 -3.0732571135588413 -2.337039888077023 -2.2745458041088313 -1.5596873161857618 -0.02950516737810016 -0.13577147893582708 1.5818929217764097 1.3690966105429476 0.42667527677789785 -0.24230147861156226 -1.0919045948373576 -2.1271441461416623 -2.9287560248897737 -3.2433359496748055 -3.2256688457681864 -3.125203672806663 -3.2559929793392497 -3.2921182515065164 -4.036246120528612 -5.267669631631797 -5.6220664622362255 -4.475814213250027 -2.7491844165254764 -1.7110442959230698 -2.9912501088579653 -2.4707297639077113 -0.6671030367244599 0.17959951020323306 -1.5528314251175215 -4.487416490442435
-1.8096636520585285 -2.6895909018553867 -2.0997205818687004 -0.8838546697280614 -1.7608813502268177 -3.5576521863418287 -4.266709535668695 -4.077381466938055 -3.831096764717418 -3.9787621108025966 -4.144621937030413 -4.46790356970975 -4.185757283439855 -2.847803772660935 -1.8320771420893145 -1.61638026155775 -1.4141314750446576 -1.2627744953073496 -1.0547245701980534 0.31038881673582 0.6755968601786275 0.10840371834073625 -0.30769613187785616 -0.9416023675720866 -1.639848504060573 -2.4356592442124816 -2.692491471153488 -2.5949268674900665 -2.294058724841516 -2.034325928602407 -1.9317512506968098 -2.6318432040113615 -3.916268026834405 -4.828365227028391 -4.191558422036059 -2.493406942056507 -0.8682970707655158 -2.5021086499508116 -2.093919443272497 -0.7158853385561708 -0.31850734471623543 -2.025624220708102 -4.733437504545062
