static/data/seaWind_uo/2023/7/26/0.asc
ncols 137
nrows 93
xllcorner 108.0
yllcorner 17.0
cellsize 0.25
NODATA_value -32767
[rows 0 to 18 of 93, columns 43 to 85 of 137]
-1.475451697038312 -1.2424089616493161 -0.8684194172278004 -0.3350638785024693 -0.04516191901512734 0.13262326055998264 -0.02834440202829258 0.062149856043722806 -0.23415877658146078 -0.7883360030047777 -1.3224923758723388 -1.3857582731085267 -1.3665382536950013 -1.3176873710189574 -1.3953682828152894 -1.556335945403565 -1.871063763300044 -2.5693911353248016 -3.0675099717920027 -3.105950010619053 -3.0290699329649518 -2.354767585207101 -1.4282024826467288 -0.7442901251821152 -0.6738167206658554 -0.9404944900285208 -1.2600273127783812 -1.1134746647502498 -0.6097499892874372 0.09578489001739232 0.24393920632998434 0.7668839012063224 1.4195637271239567 1.5613113702987067 1.2593968986779118 1.21855435742417 1.7070631841846082 2.8602643489961346 3.855701187788306 4.947238123648106 5.699221383202287 6.12686681515323 6.248593604772223
-2.089691484128896 -1.7060919300006172 -1.4618375166203983 -1.4866633750295353 -1.181545566839819 -0.8828344317879444 -0.7002442473594528 -0.6674100475280136 -0.97332868985996 -1.382554936539606 -1.6428260327644295 -1.5715517941059391 -1.585165974523853 -1.7725611638057261 -1.9471430068119155 -2.163368225214077 -2.5613827939024993 -3.5480104571301387 -4.440139691574611 -4.808523397000515 -4.521824774082094 -3.263714336638408 -1.9647613579409806 -0.7667134811645615 -0.4680023461126872 -0.7162609302040572 -1.0606196113630548 -1.2800481663341368 -0.6602025402479414 -0.13085117223376175 0.4073093713449505 1.2353718744110047 1.8408024859370564 2.2268045424920255 2.17475032324706 3.248668907977794 4.480351818727883 5.776902294998621 6.296643653306036 6.51847471070381 6.671434031869783 6.749114943666115 6.564122256810933
-2.5725944718937224 -2.2971075269665246 -2.0985006596934284 -2.0872889817022053 -1.6252076816353644 -1.2071722593911862 -0.9581128411575857 -1.117478835461401 -1.4882650433139957 -1.9319271581095414 -2.3011116976776758 -2.203409932325588 -2.0736748012842914 -1.9607571872298295 -2.3331450633668847 -2.63505953498768 -3.041082445098405 -3.8563316018887757 -4.643551563701088 -4.8525692748231775 -4.287981204550868 -3.3894452969685536 -2.3155267122378196 -1.2464131323604672 -0.8604110758054981 -1.0750346259231989 -1.354525741561548 -1.4266008143622684 -0.8708219196544911 -0.21173542059901473 0.5858953850622912 1.599751409125758 2.220397869354183 2.7833842713420327 3.44647494110866 4.738220412526015 5.636756320108331 6.134074322433301 5.832960684954736 5.933865786875744 6.1164559713042355 6.137277659002223 5.95308580628927
-3.0106507476936564 -2.946584016315238 -2.7383671393353795 -2.1121148401113423 -1.5803609696704717 -1.2111764301023373 -1.132694684163775 -1.348119068423706 -1.6884735788715524 -2.0880898158444356 -2.5061252380886136 -2.714342115068473 -2.725553793059696 -2.4308468287189724 -2.578200310889334 -2.760790495317826 -3.138784210450493 -3.281332687767473 -3.692160602731579 -3.8955724748580565 -3.8507257628931644 -3.864339943311078 -3.1283733666014997 -2.4676851992615627 -2.0200189137548663 -1.990388050492348 -1.8582504170243603 -1.6740585643114083 -1.227993947089172 -0.5616999407536236 0.2951925914327189 1.0936242312362547 1.6061580822635997 2.149123630695693 2.944351933930308 3.442470770397509 3.97662714326507 3.946195445860322 3.900547899753199 4.216877385934138 4.739822080810477 4.912802255532204 4.75263542708616
-2.412427643447677 -2.324335887802352 -1.980778040785585 -1.4850617067450749 -1.1046654891857173 -1.1150763330347102 -1.2335997860847836 -1.570750959963709 -1.6171993402130622 -1.8246153830506908 -1.790179514934791 -2.4524693505591886 -2.577399476747104 -2.6743004079569612 -2.5101294087997648 -2.5685903011825713 -2.2714808344151574 -2.0256247527504776 -2.4100251410209865 -2.836869738829697 -3.097140835054521 -3.429487004080065 -3.668936412606903 -3.326980233874596 -2.910546479914878 -2.376390107047317 -2.122525683960335 -1.7997895246415538 -1.5531326088346442 -0.9477019973085927 -0.36709724419167866 0.36326349352228826 0.9767024464706417 1.640593950379499 2.3084896249995084 2.5903832430645486 2.5471381993841162 2.4518389364587185 2.2043811865095786 2.286867103159292 2.6816783352787943 3.720360217751398 4.111167279159748
-1.5907718135194648 -1.4346091557845706 -1.1086696598968684 -0.8924444414947073 -0.6602025402479414 -0.6706133840969344 -1.0389970895228386 -1.6428260327644295 -1.6916769154404734 -1.4738500287538516 -1.0998604843323359 -1.5483276039812628 -1.5715517941059391 -1.5931743159461553 -1.3641357512683105 -0.9212744706149953 -0.563301609038084 -0.11323282110469668 -0.026742733743832403 -0.4335664779967874 -1.2800481663341368 -2.4444610091368864 -2.7207487882063144 -3.196444268691069 -2.6855120859481842 -2.1273306888137165 -1.8702629291578137 -1.909503802127095 -1.6804652374492501 -1.213578932529028 -0.5961358088695234 -0.055572762864120495 0.6916054918366812 1.3755178493012945 2.2628420788923855 2.4382247560408055 2.3933780440759125 2.2075845230785 1.5412905167429511 1.4884354633557568 1.6510047942284927 3.070082894260454 3.667505164364203
-1.1399021914438472 -0.983739533708953 -0.856406905094347 -0.6674100475280136 -0.4303631414278666 -0.45438816569477325 -0.828377710116289 -1.4137874680865847 -1.4938708823096074 -1.2752431614807556 -0.6457875256877974 -0.23736211315038203 -0.2605863032750584 -0.11643615767361748 0.033319826923434714 0.47858361000344063 0.8413614764337334 1.2818202546603579 1.409152883274964 1.2297660354153934 0.31441261084624417 -0.909261958481542 -1.8254162171929211 -2.3083192049577477 -1.9607571872298295 -1.2888573418986693 -1.0309887481005364 -1.6356185254843574 -1.566746789252558 -1.0974579819056451 -0.2862129958264257 0.13182242641775277 0.8501706519982659 1.2666044059579837 2.121094435717635 2.2580370740390046 2.374158024662387 2.251630400901162 1.8400016517948257 1.2257618647042423 1.3883311955769781 2.6456407988784334 3.852497851219385
-0.9973537141268669 -1.0726321234965082 -1.0814412990610407 -0.8211702028362171 -0.563301609038084 -0.502438214228587 -0.7619084763111803 -1.1775413961286678 -1.1663297181374446 -0.7939418420003892 -0.10522447968239446 0.3824835129358135 0.5963062289112839 0.7068213405390553 0.6835971504143785 0.8205397887357475 1.1248567627832333 1.4548004293820869 1.8984625441776326 2.0698410506149005 1.2041393428640261 0.292790089006028 -0.42555813657448516 -1.3537249074193176 -1.4201941412244266 -1.1615247132840634 -0.774721822586864 -1.2111764301023373 -1.0694287869275871 -0.40313478059203867 0.3192176156996256 0.7140288478191272 0.9702957733327997 1.3082477813539555 1.7687274131363355 1.7431007205849682 1.7735324179897174 2.1379119527044703 2.367751351524545 1.9537200999915183 1.2890277619404298 1.9833509632540367 3.213432205719664
-0.97332868985996 -1.1455080304394587 -1.2960648491787414 -1.1655288839952145 -1.0245820749626946 -0.813962695556145 -0.9324861486062186 -0.7971451785693102 -0.7258709399108201 -0.31344135666225315 0.24794337704113545 0.6083187410447373 0.669982969996465 0.7316471989481923 0.6051154044758165 0.656368789578551 0.8085272766022942 1.074404211822729 1.5973489066990676 1.7879474325498612 1.8728358516262653 1.3162561227762577 0.8261456277313592 0.08377237788393899 -0.7939418420003892 -1.3649365854105409 -1.2904590101831297 -0.9629178460109671 -0.42475730243225485 0.21671084549415642 0.6868004869832998 0.7476638817927967 0.9742999440439508 1.4323770733996404 1.4812279560756845 1.39553870285705 1.381924522439136 1.8512133297860491 2.553544872521958 2.5407315262462737 1.9048692173154742 1.1809151527393493 2.1178910991487148
-1.1879522399776608 -1.3280982148679503 -1.566746789252558 -1.588369311092774 -1.517895906576514 -1.301670688174353 -0.9461003290241323 -0.7266717740530502 -0.4071389513031898 -0.026742733743832403 0.380081010509123 0.3808818446513529 0.373674337371281 0.4001018640648786 0.3232217864107767 0.3776785080824321 0.663576296858623 1.0399683437068297 1.5484980240230235 1.8912550368975602 2.06663771404598 1.9569234365604387 1.7414990523005076 1.0888192263828733 0.360060156953367 -0.7146592619195968 -0.9356894851751394 -0.5440815896245585 0.11820824599983881 0.33603513268646035 -0.10282197725570397 -0.013128553325918446 0.5514595169463914 1.3827253565813664 1.4003437077104315 1.341882815327625 1.3699120103056828 1.5380871801740308 2.130704445424398 2.3293113126974947 2.1555303038335354 1.0367650071379084 1.578128887285542
-1.6300126864887459 -2.0360355965994708 -2.114517342538033 -2.0752764695687516 -1.9159104752649367 -1.704490261716157 -1.1727363912752864 -0.7074517546395249 -0.24937462528383536 0.13662743127113375 0.2575533867478983 0.13102159227552246 -0.01793355817929987 -0.014730221610379068 0.058145685332571695 0.27437090373473305 0.6155262483248096 1.200135172152875 1.7102665207535295 1.9625292755560504 2.0009693143831018 1.9649317779827409 1.761519905856264 1.4003437077104315 0.9030257053854607 0.34404347410876257 0.21591001135192656 0.4777827758612103 0.6043145703335862 0.1694616311025734 -0.4672015119704569 -0.10842781625131526 0.6315429311694141 1.2730110790958253 0.9702957733327997 0.9118348809499932 1.0399683437068297 1.3482894884654666 2.0930652407395773 2.77297342749304 2.8794843684096603 2.0386085190679224 2.009778489947634
-1.8294203879040722 -2.297908361108755 -2.416431814158828 -2.299510029393215 -2.0168155771859455 -1.666050222889106 -1.4137874680865847 -1.1198813378880914 -0.7819293298669359 -0.4639981754015361 -0.4343673121390177 -0.48802319966844276 -0.5232599019265727 -0.45198566326808276 -0.056373597006350806 0.3816826787935832 0.8405606422915031 1.3514928250343878 1.7150715256069105 1.7999599446833145 1.680635657491011 1.5068546486270518 1.2714094108113652 0.9702957733327997 0.6491612822984791 0.44975358088315254 0.5538620193730819 0.6571696237207814 0.5442520096663195 0.029315656212283603 0.17186413352926388 0.737253037943804 1.2385752109799255 1.0720017093960386 0.39209352264257635 0.1798724749515661 0.27036673302358194 0.5939037264845934 1.2642019035312928 2.090662738312887 2.6496449695895845 2.764164251928507 2.529519848255051
-1.6220043450664434 -1.8438354024642163 -1.9159104752649367 -1.8918854509980298 -1.7221086128452219 -1.6252076816353644 -1.793382851503712 -1.6716560618847176 -1.5467259356968022 -1.266433985916223 -1.1455080304394587 -0.8908427732102466 -0.7090534229239853 -0.3526822296315344 0.15504661654242913 0.6403521067339466 1.0623916996892757 1.335476142189783 1.353094493318848 1.2553927279667603 1.11284425064978 0.8309506325847402 0.6483604481562488 0.4065085372027202 0.2383333673343726 0.14143243612451517 0.3544543179577557 0.24954504532559607 0.0036889636609163112 -0.2285529375858495 0.6611737944319325 1.1344667724899962 1.0952258995207154 0.4001018640648786 0.04373067077242787 -0.18851123047433793 -0.2021254108922519 -0.036352743450594804 0.12701742156437135 0.9030257053854607 1.915280061164467 2.8610651831383644 2.4694572875877836
-1.379351599970685 -1.7781670028013377 -1.9543505140919875 -1.9831805432122758 -2.0664672940042195 -2.057658118439687 -2.13934320094717 -2.1233265181025653 -2.0007988943413406 -1.976773870074434 -1.871063763300044 -1.525103413856586 -0.8868386024990955 -0.3022296786710301 0.21190584064077544 0.533040331675096 0.8613823299894889 0.9070298760966118 0.7540705549306388 0.6603729602897022 0.47858361000344063 0.1470382751201269 -0.013128553325918446 -0.01873439232153018 -0.09881780654455286 0.10939907043530628 0.27597257201919323 0.05253984633695996 -0.5040398825130472 -0.810759358987224 0.029315656212283603 0.6779913114187672 0.7028171698279042 0.47618110757675014 0.33683596682869066 0.057344851190341384 -0.2285529375858495 -0.24937462528383536 -0.4455789901302407 0.01810397822106058 1.020748324293304 2.6904875108433264 2.5727648919354835
-1.213578932529028 -1.6748593984536386 -1.8646570901622024 -1.987985548065657 -2.0696706305731403 -2.1385423668049395 -2.149754044796163 -2.153758215507314 -2.362775926629403 -2.5830053157427155 -2.408423472736526 -1.8134037050594678 -1.1455080304394587 -0.4391723169923991 -0.013929387468148757 0.27597257201919323 0.31361177670401386 0.360060156953367 0.2647608940279702 0.15264411411573864 -0.040356914161745916 -0.4623965071170755 -0.538475750628947 -0.47601068753498943 -0.04676358729958796 0.22151585034753785 0.1502416116890477 -0.3606905710538366 -0.9100627926237721 -1.2247906105202513 -0.8011493492804613 -0.11323282110469668 0.48098611243013156 0.47217693686559903 0.3424418058243024 0.25274838189451687 0.013298973367679157 -0.2637896398439792 -0.5905299698739117 -0.1540753623584381 0.692406325978911 2.090662738312887 2.129903611282168
-1.18554973755097 -1.6252076816353644 -1.7413286322587473 -1.8622545877355114 -1.789378680792561 -1.853445412170979 -1.965562192083211 -2.239447468725948 -2.4524693505591886 -2.7303587979130772 -2.5437644427734343 -1.9495455092386063 -1.2832515029030578 -0.5825216284516095 -0.2357604448659214 -0.16208370378074033 -0.12604616738038033 -0.11323282110469668 -0.07239027985095525 -0.18530789390541713 -0.39752894159642693 -0.8219710369784472 -0.8596102416632678 -0.502438214228587 -0.07158944570872494 0.15985162139581055 -0.28541216168419536 -0.7947426761426195 -1.1767405619864375 -1.4770533653227726 -1.2071722593911862 -0.7090534229239853 -0.11323282110469668 0.12301325085322024 0.07015819746602503 -0.015531055752608935 0.06615402675487392 -0.19411706946994967 -0.48241736067283103 -0.18931206461656824 0.6571696237207814 1.6974531744778454 1.9833509632540367
-1.3913641121041382 -1.7197061104185312 -1.7485361395388193 -1.5867676428083137 -1.513891735865363 -1.4426174972068728 -1.6924777495827035 -1.967163860367671 -2.1601648886451557 -2.3283400585135032 -2.188194083623214 -1.8678604267311232 -1.199964752111114 -0.6505925305411788 -0.48802319966844276 -0.415147292725492 -0.45358733155254294 -0.4744090192505288 -0.38791893188966453 -0.4111431220143409 -0.6249658379898115 -0.9581128411575857 -0.9236769730416861 -0.5649032773225444 -0.28461132754196505 -0.1436645185094454 -0.6826258962303877 -1.1615247132840634 -1.5451242674123418 -1.6404235303377388 -1.408181629090973 -0.9084611243393117 -0.7234684374841294 -0.5344715799177959 -0.535272414060026 -0.11883866010030841 -0.037153577592825116 0.06615402675487392 -0.29982717624433963 -0.005921046045846534 0.54665451209301 1.57332388243216 1.9248900708712298
-1.8622545877355114 -1.7949845197881724 -1.6452285351911202 -1.478655033607233 -1.4794558677494631 -1.3112806978811156 -1.4770533653227726 -1.4065799608065126 -1.5995809890839974 -1.754141978534431 -1.7373244615475962 -1.450625838629175 -1.2480148006449279 -0.841991890534203 -0.7410867886131944 -0.6674100475280136 -0.7058500863550643 -0.7394851203287338 -0.5937333064428327 -0.6145549941408186 -0.7122567594929061 -0.9797353629978018 -0.9316853144639883 -0.7939418420003892 -0.5264632384954937 -0.5929324723006024 -1.1407030255860775 -1.6139960036441412 -1.8662587584466626 -1.8093995343483167 -1.4874642091717656 -1.188753074119891 -1.0662254503586663 -1.051009601656292 -1.064623782074206 -0.5849241308783002 -0.11563532353138761 0.22231668448976816 -0.23415877658146078 -0.1404611819405246 0.36886933251789955 1.3466878201810064 2.049019362916915
-1.8470387390331373 -1.6428260327644295 -1.5090867310119815 -1.673257730169178 -1.7861753442236399 -1.6204026767819832 -1.2247906105202513 -1.0766362942076593 -1.1511138694350704 -1.4402149947801821 -1.4938708823096074 -1.5202984090032048 -1.376148263401764 -1.3353057221480225 -1.2199856056668699 -1.1102713281813288 -0.9581128411575857 -0.9132661291926931 -0.7418876227554245 -0.6954392425060714 -0.7771243250135544 -0.9541086704464345 -1.128690513452624 -1.0622212796475152 -1.0430012602339898 -1.1302921817370846 -1.5090867310119815 -1.7197061104185312 -1.9447405043852248 -2.0080064016214125 -1.7237102811296823 -1.3777499316862245 -1.1310930158793147 -0.9805361971400322 -1.1270888451681635 -0.8347843832541308 -0.4079397854454201 -0.2317562741547703 -0.2942213372487279 -0.21974376202131696 0.2791759085881145 1.0848150556717222 2.210787859647421
