static/data/seaWind_uo/2023/7/26/12.asc
ncols 137
nrows 93
xllcorner 108.0
yllcorner 17.0
cellsize 0.25
NODATA_value -32767
[rows 19 to 37 of 93, columns 86 to 128 of 137]
3.223042215426427 3.7644060955740604 4.030283030794495 3.8901370559042054 3.3231464832052056 2.4974864825658423 1.4676137756577705 0.30320093285502114 -0.6626050426746322 -1.2432097957915464 -1.4810575360339238 -1.2368031226537046 -0.8299793784007494 -0.602542482007365 -0.7266717740530502 -0.7915393395736987 -0.7402859544709641 -0.6986425790749924 -0.6249658379898115 -0.4720065168238383 -0.49442987280628437 -0.4631973412593058 -0.24376878628822363 -0.24136628386153314 0.16465662624919197 0.5794887119244492 0.6443562774450977 -0.15647786478512904 -0.9300836461795279 -1.566746789252558 -1.863856256019972 -1.690876081298243 -1.2928615126098204 -0.76110764216895 -0.11243198696246637 0.2855825817259561 0.5018078001281174 0.6491612822984791 0.8549756568516473 1.5669172092943184 1.4371820782530218 0.9935199634574765 0.879000681118554
2.796197617617717 3.069282060118224 3.1846021765993764 2.8690735245606667 2.1315052795666287 1.1464792846234495 0.029315656212283603 -1.1246863427414728 -1.9439396702429947 -2.2506591467171715 -1.9423380019585341 -1.199163917968884 -0.733078447190892 -0.4103422878721106 0.011697305083218534 0.09418322173293214 -0.06838610913980414 -0.3222505322267857 -0.45839233640592436 -0.6321733452698834 -0.7442901251821152 -0.7018459156439132 -0.4199522975788734 -0.19651957189664016 0.19668999193840087 0.5170236488304916 0.5042103025548079 -0.15167285993174762 -0.7074517546395249 -1.2584256444939208 -1.899893792420332 -1.6652493887468758 -1.2760439956229856 -0.8251743735473682 -0.4007322781653482 -0.11243198696246637 -0.004319377761385912 0.312810942561784 1.3482894884654666 2.283663766590371 2.0025709826675615 1.317056956918488 1.070400041111578
1.6918473354822336 1.896860875893172 1.99616430952972 1.4275720685462594 0.7396555403704945 0.02531148550113249 -0.693837574221611 -1.3232932100145691 -1.556335945403565 -1.655639379040113 -1.6163985060708321 -1.2199856056668699 -0.5905299698739117 0.04132816834573694 0.4097118737716414 0.6419537750184068 0.9206440565145257 0.8277472960158194 -0.17810038662534522 -0.9605153435842764 -1.1623255474262935 -0.7971451785693102 0.2887859182948769 0.921444890656756 1.3827253565813664 1.5581080337297863 1.0319600022845274 0.44975358088315254 -0.17089287934527286 -0.6682108816702437 -0.9252786413261465 -0.6241650038475812 -0.591330804016142 -0.5032390483708169 -0.810759358987224 -0.7587051397422593 -0.33746638092916026 0.5971070630535142 1.828789973803603 2.6136074331892245 2.5727648919354835 2.1387127868467 2.145119459984542
0.5690778680754565 0.7877055889043083 0.8149339497401358 0.04453150491465774 -0.3743047514717506 -0.9084611243393117 -0.4087406195876504 -0.3935247708852758 -0.6361775159810346 -0.7555018031733385 -0.8067551882760728 -0.4135456244410318 0.3512509813888345 1.0415700119912898 1.0487775192713622 1.3699120103056828 1.5300788387517286 1.4275720685462594 0.9975241341686276 0.06935736332379472 -0.8580085733788074 -0.7434892910398849 -0.24056544971930283 0.5810903802089098 1.1464792846234495 1.3835261907235967 0.8213406228779778 0.5074136391237287 0.2655617281702005 -0.11002948453577588 0.25034587946782594 0.4329360638963178 0.30240009871279083 -0.2934205031064976 -0.7498959641777267 -0.8596102416632678 -0.49042570209513325 0.4105127079138713 1.4155595564128056 2.175551157389291 2.310892127426199 2.435021419471884 2.5247148434016693
-0.26699297641290043 -0.2862129958264257 -0.5785174577404584 -1.4474225020602542 -1.3665382536950013 -0.711455925350676 -0.009124382614767335 0.32882762540638844 -0.5520899310468608 -0.6241650038475812 -0.3270555370801671 0.33203096197530924 1.4059495467060432 2.0794510603216634 1.9985668119564104 1.9489150951381364 1.4323770733996404 1.18251682102381 1.0223499925777646 0.4121143761983319 -0.15167285993174762 -0.5713099504603862 -0.8163651979828357 -0.15327452821620824 0.5634720290798447 0.9791049488973322 0.9302540662212886 1.130462601778845 1.1048359092274778 1.0279558315733763 1.2730110790958253 1.3578994981722294 0.8757973445496332 0.3152134449884745 -0.1468678550783662 -0.35828806862714613 -0.20052374260779127 0.21751167963638673 0.9326565686479791 1.5853363945656134 1.9128775587377764 2.0209901679388573 2.090662738312887
-0.9789345288555715 -1.3272973807257202 -1.8774704364378858 -2.0912931524133564 -1.4097832973754336 -0.4383714828501688 0.4673719320122176 0.7812989157664663 -0.3310597077913182 -1.2688364883429137 -0.721866769199669 0.23673169904991243 1.2241601964197817 1.458804600093238 1.3987420394259709 0.9046273736699213 0.47938444414567094 0.19028331880055926 0.2831800792992656 1.249786888971149 0.8461664812871148 0.39129268850034604 -0.39752894159642693 -0.005120211903616223 0.32962845954861875 0.9342582369324397 1.2353718744110047 1.981749294969576 2.1010735821618796 2.068239382330441 2.1058785870152614 1.9561226024182088 1.5204688290449657 0.9622874319104975 0.6771904772765369 0.4361394004652386 0.4369402346074689 0.3416409716820721 0.7412572086549551 0.8798015152607843 1.1200517579298523 1.2305668695576233 1.2513885572556092
-1.581161803812702 -1.931126323967311 -1.673257730169178 -1.5058833944430607 -0.853203568525426 -0.54888659447794 0.360060156953367 1.3018411082161134 0.39049185435811573 -1.0638229479319756 -1.7941836856459423 -0.8323818808274401 0.018904812363290446 0.04373067077242787 0.0036889636609163112 -0.13325367466045224 -0.524060736068803 -0.48401902895729165 0.5410486730973982 1.5348838436051095 2.567159052939872 2.255634571612313 1.2449818841177676 0.6627754627163926 0.9991258024530878 1.6702248136420175 2.2620412447501557 3.169386327897002 3.131747123212181 3.097311255096282 2.675271662140952 2.3221038054174223 1.9385042512891437 1.5677180434365492 1.285824425371509 0.921444890656756 0.6523646188673999 0.5194261512571821 0.3184167815573953 0.3824835129358135 0.39529685921149715 0.4329360638963178 0.45455858573653396
-1.552331774692414 -0.8868386024990955 -0.4688031802549175 -0.2910180006798071 -0.8043526858493824 -0.7418876227554245 0.19588915779617055 1.4011445418526618 0.9342582369324397 -1.2504173030716184 -2.0952973231245076 -2.030429757603859 -1.1166780013191706 -0.7306759447642015 -0.07639445056210636 -0.2133370888834749 -0.09561446997563161 0.2903875865793375 1.6229755992504349 2.713711700968003 3.783626114987586 3.83407866594809 2.947555270499229 2.0962685773084986 2.0025709826675615 2.6488441354473546 3.7604019248629093 4.271334107605794 4.106362274306367 3.591425920852331 3.086900411247288 2.642437462309513 2.2260037083497948 1.847209159074898 1.46521127323108 1.0671967045426571 0.7260413599525806 0.4665710978699873 0.2639600598857399 0.02210814893221169 -0.06758527499757383 -0.030746904454983515 -0.0035185436191556008
-0.3839147611785134 0.4633677613010665 0.9502749197770441 0.5706795363599166 -0.7050492522128342 -1.0389970895228386 -0.07719528470433668 1.268206074242444 0.663576296858623 -1.2608281469206113 -2.044043938021773 -2.1313348595248676 -1.6604443838934944 -0.8828344317879444 0.42092355176286445 1.4491945903864751 1.7447023888694289 2.059430206765908 2.7897909444798743 3.639475969386145 3.766007763858521 3.636272632817224 3.243863903124413 2.9003060561076457 2.768969256781889 3.142157967061174 4.178437347107087 4.4307001019096095 4.248910751623347 3.734775232311542 3.231050556848729 2.732931720381529 2.332514649266415 1.9080725538843955 1.496443804778059 1.2065418452907166 0.9430674124969722 0.6667796334275438 0.2054991675029334 -0.1212411625269989 -0.2902171665375768 -0.27660298611966283 -0.27660298611966283
1.1905251624461122 1.4956429706358283 1.7447023888694289 1.1584917967569028 -0.5088448873664286 -0.5849241308783002 0.07576403646163676 1.101632572658557 0.30640426942394194 -0.49442987280628437 -1.1342963524482357 -1.446621667918024 -1.4850617067450749 -0.48161652653060116 0.9062290419543815 2.1507252989801535 2.9003060561076457 3.226245551995348 3.3183414783518237 3.1157304403675767 2.8090109638934 2.5046939898459137 2.2171945327852627 2.099471913877419 2.2852654348748316 2.77377426163527 3.5033341652070065 3.737978568880463 3.725165222604779 3.5297616919006036 3.1565729816213186 2.7441433983727515 2.3437263272576385 1.9216867343023094 1.6021539115524486 1.4299745709729499 1.1969318355839538 0.6892029894099903 0.07256069989271596 -0.4984340435174359 -0.6642067109590926 -0.5304674092066448 -0.3783089221829017
1.6277806041038159 1.7246815353136733 1.7398973840160479 1.5933447359879165 1.0583875289781246 0.21831251377861705 -0.30303051281326043 -0.29982717624433963 -0.18210455733649633 -0.01793355817929987 -0.02434023131714147 -0.18290539147872664 -0.5168532287887309 0.1990924943650918 1.3050444447850347 2.220397869354183 2.7025000229767797 2.857861846569444 2.724122544816996 2.49027897528577 2.261240410607925 2.0794510603216634 1.6478014576595714 1.5557055313030959 1.7607190717140333 2.212389527931881 2.791392612764335 3.1045187623763533 3.1517679767679367 3.046858704135777 2.8378409930136885 2.567159052939872 2.180356162242672 1.852014163928279 1.6478014576595714 1.5621122044409375 1.1889234941616516 0.3816826787935832 -0.4664006778282266 -1.0454037626606805 -0.7931410078581591 -0.4664006778282266 -0.2325571082970006
0.9815074513240232 1.0728025435382689 1.0527816899825133 1.377920351727985 1.059188363120355 0.256752552605668 -0.2974246738176487 -0.2926196689642673 0.2711675671658118 0.5386461706707077 0.4361394004652386 0.10699656800861579 -0.34707639063592266 0.2095033382140845 0.9334574027902094 1.4331779075418707 1.8239849689502212 2.036206016641231 1.9665334462672015 1.8151757933856891 1.721478198744752 1.6061580822635997 1.487634629213526 1.5941455701301463 1.7871465984076313 2.0257951727922383 2.333315483408646 2.512702331268216 2.567159052939872 2.4998889849925328 2.3533363369644014 2.0970694114507284 1.8592216712083514 1.7222790328869828 1.5925439018456857 1.458804600093238 0.8733948421229423 -0.15247369407397793 -1.093453811194494 -1.517895906576514 -0.7619084763111803 -0.2093329181723238 0.07175986575048565
-0.644185857403337 -0.4127447902988015 -0.3270555370801671 -0.02754356788606227 -0.02113689474822067 -0.5264632384954937 -0.5416790871978678 -0.33826721507139057 0.24714254289890514 0.2327275283387613 -0.008323548472537023 -0.5184548970731913 -0.7170617643462875 0.02130731478998138 0.5426503413818589 1.0191466560088438 1.3210611276296391 1.3715136785901434 1.2666044059579837 1.1673009723214354 1.0888192263828733 1.090420894667334 1.1673009723214354 1.263401069389063 1.4548004293820869 1.6982540086200761 1.9256909050134605 2.0009693143831018 2.053023533628066 2.0153843289432456 1.8808441930485675 1.7495073937228098 1.7230798670292127 1.600552243267988 1.496443804778059 1.3651070054523013 0.7284438623792715 -0.5064423849397381 -1.4370116582112613 -1.5259042479988163 -0.6826258962303877 -0.1148344893891573 0.19108415294278958
-2.1337373619515585 -1.8878812802868787 -1.6204026767819832 -1.2119772642445676 -1.0181754018248528 -0.7314767789064316 -0.7226676033418991 -0.7450909593243455 -0.25578129842167696 -0.403935614734269 -0.8059543541338428 -1.2640314834895323 -1.0317895822427665 -0.4672015119704569 0.04453150491465774 0.4593635905899154 0.7652822329218618 0.8765981786918635 0.8701915055540215 0.7532697207884085 0.6243354238893422 0.6019120679068957 0.7148296819613575 0.8661873348428704 1.049578353413592 1.2097451818596374 1.3987420394259709 1.5380871801740308 1.6285814382460457 1.5933447359879165 1.5308796728939584 1.4948421364935984 1.4780246195067637 1.422767063692878 1.3202602934874088 1.2217576939930908 0.6996138332589834 -0.502438214228587 -1.3745465951173035 -1.4914683798829167 -0.6962400766483017 -0.09321196754894112 0.2087025040718542
-3.162008400575169 -3.1940417662643785 -2.9305673334706337 -2.0312305917460893 -1.2271931129469418 -1.0141712311137017 -0.9701253532910392 -0.9068594560548513 -0.934087816890679 -1.3665382536950013 -1.7629511540989635 -1.7413286322587473 -1.418592472939966 -1.0093662262603202 -0.5216582336421123 -0.10602531382462477 0.22632085520091927 0.4305335614696273 0.4705752685811384 0.4665710978699873 0.33683596682869066 0.33283179611753955 0.36326349352228826 0.4849902831412827 0.5346419999595566 0.6843979845566088 0.8573781592783378 1.0615908655470458 1.151284289476831 1.1560892943302123 1.1040350750852475 1.1272592652099243 1.1480809529079101 1.0928233970940244 1.0824125532450317 1.0127399828710018 0.6211320873204209 -0.2717979812662814 -1.1455080304394587 -1.3361065562902528 -0.5977374771539838 -0.031547738597213826 0.11580574357314788
-4.15664440522511 -4.188677770914319 -3.575238817965966 -2.5021210673774625 -1.5387175942745 -1.3657374195527712 -1.3216915417301085 -1.6171993402130622 -1.9927905529190384 -2.3892034533230007 -2.38680095089631 -2.365178429056094 -1.9927905529190384 -1.6884735788715524 -1.1839480692665096 -0.7026467497861435 -0.3751055856139809 -0.026742733743832403 0.10939907043530628 0.10539489972415517 0.13902993369782468 0.1470382751201269 0.11660657771537819 0.09178071930624121 0.14143243612451517 0.17426663595595482 0.3512509813888345 0.5394470048129381 0.6227337556048815 0.627538760458263 0.6219329214626512 0.6876013211255296 0.7164313502458182 0.7532697207884085 0.7436597110816456 0.8085272766022942 0.54665451209301 -0.3254538687957069 -0.8980502804903188 -1.0782379624921197 -0.4127447902988015 -0.06998777742426432 0.07816653888832725
-4.7356474900575645 -4.918237674486056 -4.247939497439356 -3.4879478964628716 -2.985024055142289 -2.733562134481998 -2.38680095089631 -2.9225589920483315 -3.16441090300186 -3.1171616886102766 -3.081124152209916 -2.9433806797463173 -2.5998228327295503 -2.3219333853756616 -1.85744958288213 -1.3753474292595338 -0.9140669633349232 -0.48722236552621245 -0.3158438590889441 -0.14606702093613588 -0.10202114311347366 -0.13085117223376175 -0.15327452821620824 -0.206129581603403 -0.2894163323953465 -0.27740382026189314 -0.15888036721181953 -0.04356025073066716 0.04773484148357898 0.14543660683566628 0.1406316019822853 0.2655617281702005 0.33363263025976986 0.373674337371281 0.4329360638963178 0.5690778680754565 0.33203096197530924 -0.298225507959879 -0.8716227537967214 -0.9781336947133414 -0.42715980485894534 -0.18610872804764744 -0.3566864003426855
-5.288223048196421 -5.6341833976398785 -5.839196938050817 -5.618166714795274 -5.381119808695127 -4.8637809528144 -4.36646295048943 -3.8915683041469054 -3.6985672758694212 -3.497557906169634 -3.37663195069287 -3.231680970949199 -3.0875308253477582 -2.8056372072827185 -2.368381765625015 -1.9103046362693252 -1.4241983119355777 -0.9693245191488089 -0.7298751106219712 -0.5328699116333355 -0.39752894159642693 -0.4191514634366431 -0.45038399498362214 -0.5697082821759258 -0.6594017061057111 -0.7242692716263597 -0.6770200572347762 -0.5833224625938398 -0.4375706487079385 -0.3190471956578649 -0.2349596107236911 -0.07639445056210636 -0.009124382614767335 -0.008323548472537023 0.03812483177681614 0.19028331880055926 0.0653531926126436 -0.4736081851082985 -0.8764277586501026 -0.97332868985996 -0.7434892910398849 -0.7803276615824755 -0.9797353629978018
-5.662212592617937 -5.848006113615349 -6.049015483315136 -6.1058747074134825 -5.982546249510027 -5.353891447859299 -4.619526539434181 -3.9444233575341006 -3.6889572661626584 -3.545607954703448 -3.4567153649158926 -3.3782336189773305 -3.2941460340431568 -3.1275725324592694 -2.8248572266962437 -2.3908051216074613 -1.9046987972737135 -1.4097832973754336 -1.1118729964657892 -0.8948469439213977 -0.7450909593243455 -0.6385800184077253 -0.7018459156439132 -0.8363860515385912 -0.9380919876018301 -1.011768728687011 -1.0814412990610407 -0.9805361971400322 -0.8491993978142749 -0.7074517546395249 -0.5552932676157818 -0.4720065168238383 -0.48241736067283103 -0.4776123558194496 -0.4439773218457801 -0.36549557590721804 -0.38871976603189484 -0.6786217255192366 -1.0413995919495294 -1.2944631808942808 -1.2832515029030578 -1.3385090587169433 -1.4922692140251468
