static/data/seaWind_uo/2023/7/26/18.asc
ncols 137
nrows 93
xllcorner 108.0
yllcorner 17.0
cellsize 0.25
NODATA_value -32767
[rows 38 to 56 of 93, columns 86 to 128 of 137]
-5.95852122524312 -5.923284522984991 -5.738291836129808 -5.549294978563474 -5.561307490696928 -5.119247044185843 -4.568273154331447 -4.11820436639806 -4.076560991002088 -3.8987758114269777 -3.712982290429565 -3.556018798552441 -3.451910360062511 -3.361416101990496 -3.3205735607367544 -3.2717226780607103 -3.206054278397832 -3.151597556726176 -3.015455752547038 -2.852886421674302 -2.6670929006768893 -2.4652826968348722 -2.28029000997969 -2.10490733283127 -1.9647613579409806 -1.8782712705801161 -1.8630554218777418 -1.7757645003746472 -1.6828677398759408 -1.6284110182042855 -1.6123943353596808 -1.594775984230616 -1.594775984230616 -1.5483276039812628 -1.475451697038312 -1.4209949753666566 -1.2376039567959347 -1.0373954212383782 -0.909261958481542 -0.8820335976457143 -0.9276811437528372 -1.0662254503586663 -1.2159814349557188
-6.1282980633959285 -6.308485745397729 -6.071438839297582 -5.95852122524312 -5.853611952610961 -5.39072981840189 -4.674784095248067 -4.412911330738783 -4.488990574250654 -4.318412901955616 -4.127013541962592 -4.036519283890577 -3.94282168924964 -3.8026757143593506 -3.7426131536920835 -3.704973949007263 -3.685753929593737 -3.6889572661626584 -3.556018798552441 -3.3742294482661794 -3.1684150737130112 -2.945783182173008 -2.7151429492107026 -2.567789467040341 -2.408423472736526 -2.3371492340780358 -2.343555907215878 -2.3563692534915615 -2.2826925124063804 -2.257065819855013 -2.261069990566164 -2.2658749954195456 -2.261069990566164 -2.132936527809328 -2.0032013967680316 -1.8774704364378858 -1.7237102811296823 -1.5507301064079533 -1.4490241703447146 -1.450625838629175 -1.5202984090032048 -1.6468302034755806 -1.8021920270682446
-6.3933741644741335 -6.5599476660580205 -6.41499668631435 -6.192364794774347 -5.936898703402904 -5.502846598314122 -5.100027024772317 -4.833349255409653 -4.766079187462314 -4.597103183451735 -4.437737189147921 -4.3400354237958325 -4.214304463465687 -4.105391020122376 -4.074158488575398 -4.057340971588562 -4.074158488575398 -4.076560991002088 -4.022905103472663 -3.9260041722628056 -3.727397304989709 -3.48234205746726 -3.2220709612424363 -3.0314724353916422 -2.877712280083439 -2.808039709709409 -2.825658060838474 -2.8673014362344458 -2.8264588949807044 -2.781612183015812 -2.7728030074512793 -2.7519813197532934 -2.723952124775235 -2.5830053157427155 -2.432448497003433 -2.2963066928242943 -2.2010074298988975 -2.096098157266738 -1.9935913870612687 -1.9887863822078873 -2.054454781870766 -2.147351542369472 -2.2931033562553735
-6.374954979202839 -6.481465920119458 -6.5223084613732 -6.436619208154566 -6.1643355997962885 -5.820777752779522 -5.434775696224552 -5.14407290259498 -4.891009313650228 -4.743655831479867 -4.655564075834542 -4.562667315335835 -4.424923842872237 -4.419318003876625 -4.375272126053963 -4.36726378463166 -4.3896871406141065 -4.40089881860533 -4.390487974756336 -4.287981204550868 -4.12140770296698 -3.8875641334357542 -3.666533910180212 -3.458317033200353 -3.3221752290212145 -3.284536024336394 -3.299751873038768 -3.3157685558833725 -3.3069593803188404 -3.2589093317850266 -3.2092576149667527 -3.1804275858464646 -3.108352513045744 -2.948986518741929 -2.8088405438516393 -2.729557963770847 -2.652677886116745 -2.5998228327295503 -2.489307721101779 -2.475693540683865 -2.5197394185065276 -2.6150386814319244 -2.714342115068473
-6.589578529320539 -6.458241729994782 -6.414195852172119 -6.374154145060608 -6.355734959789313 -6.010575444488085 -5.696648460733837 -5.397937325681962 -5.158487917155124 -4.954275210886417 -4.866984289383321 -4.749261670475478 -4.611518198011879 -4.620327373576412 -4.604310690731808 -4.597904017593965 -4.601908188305117 -4.601107354162886 -4.606713193158498 -4.572277325042599 -4.40410215517425 -4.237528653590363 -4.026108440041583 -3.8563316018887757 -3.789862368083667 -3.7522231633988463 -3.7522231633988463 -3.7610323389633784 -3.749820660972156 -3.6873555978781978 -3.6369030469176935 -3.547209622987908 -3.464723706338195 -3.3149677217411426 -3.1820292541309247 -3.101945839907902 -3.026667430538261 -2.9754140454355262 -2.88171645079459 -2.848882250963151 -2.892928128785813 -2.938575674892936 -3.005845742840275
-6.724919499357448 -6.577566017187085 -6.471855910412696 -6.338917442802478 -6.34612495008255 -6.24201651159262 -5.9393012058295955 -5.666216763329087 -5.485228247185057 -5.2706046970673555 -5.080807005358793 -4.957478547455337 -4.826141748129579 -4.788502543444759 -4.777290865453536 -4.770884192315695 -4.7716850264579245 -4.746058333906557 -4.75566834361332 -4.728439982777493 -4.665974919683535 -4.50580809123749 -4.345641262791444 -4.2727653558484935 -4.209499458612306 -4.198287780621082 -4.198287780621082 -4.1694577515007945 -4.125411873678132 -4.0613451422997136 -3.9724525525121583 -3.8763524554445317 -3.7850573632302855 -3.6721397491758236 -3.535997944996685 -3.3862419603996328 -3.3045568778921495 -3.2412909806559616 -3.1980459369755296 -3.162008400575169 -3.142788381161644 -3.1836309224153854 -3.2084567808245223
-6.87307381567004 -6.693686967810468 -6.680072787392554 -6.506291778528595 -6.3485274525092406 -6.2452198481615415 -6.142713077956072 -5.929691196122832 -5.754308518974413 -5.556502485843547 -5.366704794134983 -5.187317946275412 -5.063989488371957 -4.988711079002316 -4.9510718743174955 -4.945466035321884 -4.922241845197208 -4.89501348436138 -4.8886068112235375 -4.856573445534329 -4.7941083824403705 -4.750863338759938 -4.644352397843319 -4.610717363869649 -4.592298178598353 -4.581086500607131 -4.561866481193605 -4.494596413246266 -4.4257246770144665 -4.345641262791444 -4.256748673003889 -4.166254414931873 -4.072556820290937 -3.97805839150777 -3.8827591285823733 -3.7322023098430908 -3.5760396521081965 -3.5023629110230154 -3.472732047760497 -3.4431011844979786 -3.4238811650844534 -3.3966528042486255 -3.409466150524309
-7.0268339709782435 -6.744940352913202 -6.682475289819246 -6.753749528477735 -6.515100954093128 -6.226800662890247 -6.080248014862114 -6.089858024568878 -5.973737073945495 -5.785541050521392 -5.6029508660929 -5.386725647690739 -5.263397189787284 -5.147276239163901 -5.0952220199189355 -5.043167800673972 -5.019943610549294 -4.997520254566849 -4.990312747286776 -4.981503571722244 -4.984706908291165 -4.957478547455337 -4.884602640512387 -4.847764269969796 -4.838154260263034 -4.842158430974185 -4.82534091398735 -4.742054163195406 -4.666775753825765 -4.571476490900368 -4.496998915672957 -4.419318003876625 -4.337632921369142 -4.26075284371504 -4.192681941625471 -4.115001029829139 -3.952431698956403 -3.8371115824752504 -3.7562273341099974 -3.727397304989709 -3.680148090598126 -3.6401063834866143 -3.6489155590511473
-6.2452198481615415 -6.881082157092342 -6.833832942700758 -6.855455464540974 -6.828227103705146 -6.525511797942121 -6.0970655318489495 -6.06423133201751 -6.023388790763769 -5.970533737376574 -5.831188596628515 -5.627776724502037 -5.469211564340452 -5.303438896898795 -5.196127121839945 -5.124052049039225 -5.069595327367569 -5.056781981091886 -5.064790322514188 -5.138467063599368 -5.156085414728434 -5.111238702763541 -5.043968634816202 -5.008731932558072 -4.988711079002316 -4.991914415571237 -4.982304405864474 -4.915835172059365 -4.857374279676559 -4.820535909133969 -4.762075016751162 -4.6635724172568445 -4.5378414569266985 -4.448148032996913 -4.442542194001302 -4.411309662454323 -4.33282791651576 -4.211901961038996 -4.090175171420002 -4.018900932761512 -3.960440040378705 -3.916394162556043 -3.9211991674094238
-4.8613784503877095 -6.208381477618952 -6.951555561608602 -6.893094669225794 -6.973978917591047 -6.787384562451406 -6.374954979202839 -6.195568131343268 -6.005770439634704 -5.952915386247509 -5.8768361427356375 -5.745499343409881 -5.630179226928727 -5.461203222918149 -5.3466839405792275 -5.209741302257859 -5.078404502932101 -5.112039536905771 -5.18091127313757 -5.300235560329874 -5.353891447859299 -5.323459750454551 -5.271405531209586 -5.1713012634308075 -5.113641205190231 -5.086412844354404 -5.067192824940879 -5.03916362996282 -4.99992275699354 -5.028752786113827 -5.006329430131381 -4.880598469801235 -4.653161573407852 -4.496198081530727 -4.504206422953029 -4.557061476340223 -4.576281495753749 -4.494596413246266 -4.380077130907344 -4.2815745314130265 -4.223914473172449 -4.207897790327845 -4.216706965892378
-6.0297954639016105 -6.737732845633131 -6.8786796546656515 -7.074083185369826 -7.12053156561918 -7.038846483111696 -6.796994572158168 -6.5639518367691725 -6.078646346577655 -5.92408535712722 -5.814371079641679 -5.725478489854124 -5.737491001987578 -5.605353368519591 -5.536481632287791 -5.431572359655631 -5.296231389618724 -5.267401360498434 -5.2706046970673555 -5.403543164677574 -5.485228247185057 -5.467609896055992 -5.443584871789085 -5.3418789357258465 -5.275409701920737 -5.1761062682841885 -5.086412844354404 -5.068794493225338 -5.064790322514188 -5.1040311954834685 -5.112039536905771 -5.011935269126992 -4.776490031311306 -4.553858139771303 -4.521023939939864 -4.584289837176051 -4.65075907098116 -4.652360739265621 -4.586692339602742 -4.468168886552669 -4.405703823458711 -4.4161146673077045 -4.4929947449618055
-6.517503456519819 -6.62801856814759 -6.744139518770973 -7.01562229298702 -7.134145746037094 -6.969173912737666 -6.881882991234571 -6.606396046307374 -6.217991487325714 -6.045011312603985 -5.787943552948082 -5.6165650465108135 -5.564510827265849 -5.506850769025273 -5.502045764171891 -5.449190710784697 -5.434775696224552 -5.411551506099876 -5.378717306268436 -5.457199052206999 -5.543689139567864 -5.586934183248296 -5.657407587764555 -5.506850769025273 -5.39072981840189 -5.263397189787284 -5.131259556319296 -5.071196995652029 -5.056781981091886 -5.064790322514188 -5.113641205190231 -5.016740273980374 -4.8117267335694365 -4.604310690731808 -4.513816432659792 -4.575480661611519 -4.695605782946053 -4.739651660768716 -4.705215792652815 -4.589094842029433 -4.573078159184829 -4.615522368723031 -4.605912359016267
-6.320498257531183 -6.530316802795502 -6.684877792245937 -6.7977954063003985 -6.900302176505868 -6.884285493661263 -6.76576204061119 -6.52471096379989 -6.3349132720913275 -6.161933097369598 -5.909670342567077 -5.6029508660929 -5.449190710784697 -5.3282647553079325 -5.32105724802786 -5.295430555476493 -5.353891447859299 -5.415555676811026 -5.42676735480225 -5.4636057253448405 -5.507651603167503 -5.591739188101677 -5.767121865250097 -5.618166714795274 -5.470012398482682 -5.340277267441385 -5.213745472969009 -5.093620351634476 -5.019943610549294 -4.982304405864474 -4.9670885571621 -4.893411816076918 -4.778091699595766 -4.610717363869649 -4.549053134917921 -4.603509856589577 -4.726037480350802 -4.804519226289364 -4.778091699595766 -4.712423299932888 -4.688398275665981 -4.675584929390297 -4.539443125211159
-6.089057190426647 -6.290066560126434 -6.308485745397729 -6.366946637780536 -6.56154933434248 -6.8514512938298235 -6.731326172495288 -6.530316802795502 -6.342120779371399 -6.139509741387151 -5.972936239803264 -5.687038451027074 -5.4275681889444805 -5.300235560329874 -5.104832029625699 -5.053578644522965 -5.124052049039225 -5.256189682507212 -5.303438896898795 -5.38992898425966 -5.435576530366783 -5.655005085337864 -5.836794435624126 -5.681432612031462 -5.452394047353618 -5.3194555797433996 -5.1761062682841885 -5.055180312807424 -4.922241845197208 -4.855772611392098 -4.823739245702889 -4.788502543444759 -4.677186597674758 -4.598704851736196 -4.574679827469289 -4.6459540661277785 -4.802116723862673 -4.8838018063701565 -4.928648518335049 -4.880598469801235 -4.781295036164687 -4.606713193158498 -4.435334686721229
-5.95932205938535 -6.02739296147492 -6.045011312603985 -6.049015483315136 -6.289265725984205 -6.689682797099318 -6.695288636094929 -6.494279266395142 -6.200373136196649 -5.970533737376574 -5.95611872281643 -5.783939382236931 -5.527672456723259 -5.2473805069426795 -5.052777810380734 -4.883000972227926 -4.9014201574992216 -5.012736103269223 -5.132060390461527 -5.217749643680161 -5.406746501246494 -5.6566067536223255 -5.768723533534557 -5.663814260902397 -5.430771525513402 -5.2161479753957005 -5.071196995652029 -4.9014201574992216 -4.75887168018224 -4.7172283047862695 -4.68279243667037 -4.64755573441224 -4.657966578261233 -4.597904017593965 -4.621128207718642 -4.7268383144930315 -4.89501348436138 -5.063989488371957 -5.1088362003368495 -5.0359602933939 -4.86217928452994 -4.585090671318282 -4.2279186438836005
-5.763117694538945 -5.834391933197436 -5.855213620895421 -5.880840313446789 -6.1282980633959285 -6.538325144217804 -6.577566017187085 -6.412594183887659 -6.108277209840173 -5.904064503571465 -5.925687025411682 -5.806362738219377 -5.6429925732044115 -5.349887277148149 -5.029553620256058 -4.842158430974185 -4.7716850264579245 -4.830946752982961 -4.9558768791708765 -5.046371137242892 -5.238571331378147 -5.439580701077934 -5.509253271451963 -5.478821574047215 -5.412352340242106 -5.187317946275412 -4.993516083855697 -4.799714221435982 -4.639547392989938 -4.615522368723031 -4.589895676171663 -4.655564075834542 -4.669979090394686 -4.673983261105837 -4.7172283047862695 -4.838154260263034 -5.080006171216562 -5.253787180080521 -5.28261720920081 -5.1985296242666355 -4.911030167205984 -4.532235617931087 -4.143030224807196
-5.685436782742613 -5.586133349106065 -5.559705822412468 -5.712665143578441 -6.045812146746215 -6.41579752045658 -6.418200022883271 -6.27485071142406 -6.129899731680389 -5.960122893527581 -5.8816411475890185 -5.820777752779522 -5.660610924333476 -5.362700623423832 -5.034358625109439 -4.809324231142745 -4.703614124368356 -4.778091699595766 -4.872590128378933 -4.947067703606344 -5.016740273980374 -5.14407290259498 -5.215347141253471 -5.244978004515989 -5.248982175227139 -5.213745472969009 -5.03916362996282 -4.8926109819346895 -4.709219963363967 -4.621128207718642 -4.620327373576412 -4.703614124368356 -4.750863338759938 -4.758070846040011 -4.794909216582601 -4.9598810498820285 -5.225757985102463 -5.446788208358006 -5.475618237478294 -5.272206365351816 -4.926246015908358 -4.512214764375331 -4.157445239367341
-5.576523339399302 -5.482825744758365 -5.518062447016495 -5.761516026254485 -6.0386046394661435 -6.1058747074134825 -6.114683882978015 -6.117887219546935 -6.06262966373305 -5.952114552105279 -5.826383591775134 -5.792748557801463 -5.609357539230741 -5.335472262588004 -5.051176142096274 -4.809324231142745 -4.633941553994326 -4.665974919683535 -4.727639148635262 -4.7981125531515225 -4.8653826210988615 -4.947067703606344 -5.060786151803036 -5.0271511178293675 -5.092018683350015 -5.140869566026059 -5.129657888034836 -5.040765298247281 -4.910229333063754 -4.750062504617709 -4.732444153488643 -4.75887168018224 -4.79090504587145 -4.762075016751162 -4.767680855746773 -4.9606818840242575 -5.287422214054191 -5.518863281158726 -5.518863281158726 -5.269003028782896 -4.9334535231884304 -4.580285666464901 -4.251142834008277
-5.691843455880456 -5.649399246342253 -5.630179226928727 -5.623772553790886 -5.670220934040239 -5.7238768215696645 -5.829586928344054 -5.85040861604204 -5.803159401650456 -5.752706850689952 -5.716669314289592 -5.671021768182469 -5.53327829571887 -5.318654745601169 -5.049574473811813 -4.773286694742385 -4.567472320189217 -4.482583901112813 -4.487388905966194 -4.57788316403821 -4.68279243667037 -4.7668800216045435 -4.9462668694641145 -4.924644347623898 -4.993516083855697 -5.031155288540518 -5.029553620256058 -5.009532766700302 -4.984706908291165 -4.926246015908358 -4.891009313650228 -4.839755928547493 -4.782095870306918 -4.718029138928499 -4.61311986629634 -4.733244987630874 -5.089616180923325 -5.378717306268436 -5.404343998819804 -5.147276239163901 -4.866183455241091 -4.585891505460513 -4.334429584800221
