static/data/ASCData/20210117/ASCV/03.asc
ncols 97
nrows 97
xllcorner 99.0
yllcorner 2.0
cellsize 0.25
NODATA_value -32767
[rows 19 to 37 of 97, columns 42 to 83 of 97]
-10.204576724539663 -8.644301688965983 -6.384453239520666 -5.632521602978771 -5.452814670975047 -5.328843911491276 -6.178398298689329 -7.5278892636421 -8.894269977843344 -9.652957514084626 -9.754633804560417 -10.148164962049773 -10.338343538587548 -10.545411864373794 -10.727145566287334 -10.787610868596857 -10.63830548524038 -10.21268380417893 -10.074863450311412 -9.971160389925805 -9.994806038873664 -10.17248620096757 -10.59810788202902 -11.023053973120533 -11.327745049562935 -11.519274806040588 -11.790524178971019 -12.068867246585809 -12.33369851480182 -12.676560424545768 -13.011315254650448 -13.269052828182105 -13.516318757179707 -13.63353361696409 -13.689945379453981 -13.858167281968747 -13.769327200921792 -13.637249361798755 -12.81708313829304 -11.245660868215369 -9.570873332737062 -9.014187197507482
-9.842460500652463 -7.872777943295863 -5.291686463144641 -4.813030969442995 -5.597390924541953 -6.5300428780424795 -7.4343200528055755 -8.445002647834034 -9.460414372652066 -9.897183288217505 -10.064054010792391 -10.319089224444292 -10.436979674198614 -10.589325212419816 -10.583582697675336 -10.492715846718566 -10.355233287836018 -10.232951503277093 -10.123505928147008 -10.148164962049773 -10.234978273186911 -10.523117395365812 -10.906852498291055 -11.12641923852117 -11.27876477674237 -11.575686568530479 -11.793564333835743 -12.019211383795305 -12.32964497498219 -12.594476243198201 -12.89714054973079 -13.14609545365324 -13.43018103601251 -13.666637525491094 -13.772029560801547 -13.831819273141132 -13.8608696418485 -13.480174693787982 -12.182366361535529 -10.701810942414628 -9.983996599354644 -10.101211459139027
-9.733014925522376 -7.068150289098741 -4.487058808947519 -4.476249369428499 -6.01321655103929 -7.1762446842889505 -8.213613083129992 -9.087488709245843 -9.615800065737991 -9.986023369264458 -10.221466473788134 -10.332601023843068 -10.304226245105639 -10.317062454534476 -10.308279784925272 -10.290714445706861 -10.221466473788134 -10.183295640486591 -10.175526355832295 -10.219439703878319 -10.514334725756608 -10.727145566287334 -11.022040588165623 -11.212556959688367 -11.360848958089935 -11.652028235133564 -11.87564851518331 -12.101295565142872 -12.405986641585274 -12.617784097161092 -12.951863337295833 -13.226152865090988 -13.466325099404237 -13.780812230410753 -13.808173624193273 -13.697714664108279 -13.468351869314052 -12.84039099225593 -11.443946524392409 -10.36570493237007 -10.415698590145542 -11.00650201885703
-8.642274919056167 -6.272980894480762 -4.341469170425706 -4.597179974047545 -6.658742767315823 -7.684288341682935 -8.55546160791903 -9.038846231410249 -9.472237197125995 -9.727272410777895 -9.997846193738388 -10.08736186475528 -10.063040625837484 -10.07080991049178 -10.106953973883506 -10.153907476794252 -10.156947631658978 -10.137355522530752 -10.313008914714842 -10.425494644709655 -10.727145566287334 -10.952792616246896 -11.10885389930276 -11.309166325389619 -11.47232130312984 -11.714520307352903 -11.96550198118517 -12.293500911590463 -12.589409318423662 -12.818096523247949 -13.14035293890876 -13.389307842831212 -13.559218720270822 -13.768313815966884 -13.676433580055207 -13.478147923878165 -12.683316324245155 -11.794577718790652 -10.944009946637692 -10.411645050325909 -10.996705964292918 -11.628382586185705
-7.438035797640239 -6.141240850342694 -4.876536426617243 -5.4751091399830285 -6.9370858349306115 -7.644090738471576 -8.13524464661709 -8.619642655063217 -9.067896600117617 -9.322931813769518 -9.580669387301173 -9.66748269843831 -9.773212528733733 -9.92353129704512 -10.027909947400666 -10.204576724539663 -10.208630264359297 -10.514334725756608 -10.691001502895606 -10.618713376112154 -10.845373811026626 -11.152091657378843 -11.246674253170276 -11.45576934886634 -11.681416398825903 -11.923615403048965 -12.213443500152714 -12.542455815512914 -12.802220158954388 -13.07786086668942 -13.363973218958506 -13.50956285748032 -13.598402938527274 -13.43626134574196 -13.34438110983028 -12.84039099225593 -12.043532622713103 -11.297343500915687 -10.723429821452669 -10.903812343426331 -11.513194496311138 -11.994890144877509
-6.616856189179616 -5.438965076591302 -5.249799885008435 -5.892285946420243 -6.343242251354399 -6.365874515347349 -6.996537752285227 -8.197736718836431 -8.645990663890831 -8.931427426189977 -9.187138229811817 -9.38441050103395 -9.603301651294124 -9.854283325126392 -10.08263273496571 -10.302199475195822 -10.616686606202338 -10.923404452554557 -11.186208950860754 -11.048388596993238 -10.939956406818059 -11.205801059988978 -11.431110314963572 -11.708777792608423 -11.944896487102037 -12.171556922016507 -12.462398404075167 -12.737025726855292 -12.960646006905037 -13.20858752587258 -13.44605740030607 -13.514291987269893 -13.351137009529669 -13.118734059870718 -12.784654819735977 -12.279989112191686 -11.711480152488178 -10.999746119157642 -11.037579157474216 -11.49562915709273 -11.899969754101107 -12.025967283494694
-5.02009929522924 -4.5465107263021345 -4.463413159999661 -4.7985057850893105 -4.752565667133471 -4.935988343971858 -6.76244582770143 -8.029852611306636 -8.365958621351194 -8.604104085754624 -8.91386208697157 -9.272938155994046 -9.603977241264062 -9.839420345787737 -10.091415404574914 -10.300510500270974 -10.618713376112154 -11.014271303511327 -11.326731664608026 -11.544609429913294 -11.280791546652187 -11.2740356469528 -11.626693611260858 -11.945909872056944 -12.144195528233986 -12.36882919323864 -12.617784097161092 -12.89714054973079 -13.087656921253533 -13.226152865090988 -13.266350468302349 -13.289658322265238 -13.008275099785724 -12.654941545507725 -12.292487526635554 -11.87564851518331 -11.31896237995373 -11.248701023080095 -11.496642542047638 -11.922602018094057 -12.090486125623851 -12.19891831579903
-3.694929569194265 -3.512182482325817 -3.6743240751111315 -3.906727024770082 -4.269181043642253 -5.574758660549002 -7.391082294729491 -8.105180892954813 -8.299413009312222 -8.478106556361036 -8.750707109231346 -9.06012731546332 -9.421567949380584 -9.701937786905189 -10.03669261700987 -10.27585146636821 -10.561288228667355 -10.93894302186315 -11.347337158691161 -11.712493537443088 -11.877675285093126 -11.772958839752611 -11.832748552092195 -12.016171228930581 -12.270193057627573 -12.46543855893989 -12.666764369981655 -12.89139803498631 -13.112991545126238 -13.092386051043105 -12.940040512821904 -12.881601980422197 -12.588395933468753 -12.159734097542579 -11.768229709963038 -11.4672543783553 -11.451715809046707 -11.626693611260858 -11.895240624311533 -12.19891831579903 -12.285731626936165 -12.22729309453646
-2.5143360967261956 -2.5065668120718994 -2.9987341051723218 -3.3422716048862067 -4.831609693616312 -6.962420458803317 -8.196047743911583 -8.331503532884314 -8.230165037393494 -8.418654639006421 -8.70949612106508 -8.993919498409317 -9.455685242862494 -9.859012454915963 -10.097157919319393 -10.250516842495504 -10.492715846718566 -10.832537601597787 -11.21154357473346 -11.638178640749818 -12.121563264241036 -12.355992983809802 -12.153991582798099 -12.13642624357969 -12.236075764145664 -12.423551980803683 -12.711691102982586 -12.931257843212698 -12.886331110211767 -12.707637563162953 -12.466451943894798 -12.295527681500278 -12.186082106370193 -11.876661900138217 -11.583455853184773 -11.529070860604701 -11.711480152488178 -11.9773248056591 -12.2036474455886 -12.284718241981258 -12.173583691926325 -12.035763338058807
-2.8852349902226018 -2.809231118604486 -2.8365925123870075 -3.390238492751862 -6.390195754265146 -7.985939263260613 -8.100113968180272 -8.216315443009748 -8.423383768795993 -8.6010639308899 -8.802389741931664 -9.013173812552573 -9.230038192902931 -9.569859947782152 -9.947852535962916 -10.261326282014524 -10.506565441102312 -10.869695049944422 -11.288560831306484 -11.578726723395203 -11.849300506355696 -12.127643573970484 -12.064138116796236 -12.008401944276285 -12.180339591625712 -12.423551980803683 -12.729256442200995 -12.89612716477588 -12.65865729034239 -12.290798551710708 -12.10298454006772 -12.105011309977534 -11.970231110974742 -11.707764407653515 -11.59054954786913 -11.764176170143406 -12.021238153705124 -12.23776473907051 -12.314106405673597 -12.174597076881232 -11.93239807265817 -11.736814776360884
-3.411857371789904 -3.4480014351816304 -3.539543876108339 -4.431322636427567 -7.278934359719649 -7.788666992038481 -7.948781814913979 -8.238947707002698 -8.51627738966258 -8.670649697793596 -8.904066032407457 -9.068909985072525 -9.313135759205405 -9.522906444871406 -9.801249512486194 -10.16167676144855 -10.446775728762727 -10.815985647334287 -11.263226207433778 -11.565890513966366 -11.635476280870062 -11.805387158309674 -11.799306848580223 -11.87564851518331 -12.148924658023557 -12.337414259636486 -12.473207843594185 -12.407000026540182 -12.248574178589532 -12.172570306971416 -12.092512895533666 -12.122576649195944 -11.898956369146198 -11.737828161315793 -11.795591103745561 -11.975298035749283 -12.19891831579903 -12.398217356930978 -12.354979598854895 -12.225266324626643 -11.980027165538855 -11.850313891310604
-3.352067659450319 -4.411730527299342 -5.47409575502812 -6.87560714766618 -7.982899108395889 -8.060254159953882 -7.986952648215522 -8.185238304392563 -8.485875841015332 -8.712536275929804 -9.0493178759443 -9.158763451074387 -9.37258767656002 -9.523919829826314 -9.797533767651531 -10.076890220221228 -10.363002572490315 -10.706540072204199 -11.138242062995099 -11.390237121782274 -11.507451981566657 -11.634462895915155 -11.61892432660656 -11.76147381026365 -12.060084576976603 -12.21040334528799 -12.089472740668942 -12.012455484095918 -12.075960941270166 -12.167503382196875 -12.214456885107623 -12.187095491325099 -11.987796450193152 -11.991849990012785 -12.031709798239174 -12.200945085708845 -12.435037010292643 -12.57285736416016 -12.549549510197272 -12.407675616510122 -12.240804893935236 -12.255330078288921
-4.902884435444856 -6.156779419651287 -7.755563083511479 -8.783811017758348 -8.761516548750366 -8.193007589046859 -8.062956519833637 -8.038635280915841 -8.33961061252358 -8.655786718454943 -8.94696599549857 -9.212472853684522 -9.404002610162175 -9.541485169044723 -9.82185500656933 -10.083646119920617 -10.293416805586617 -10.636278715330564 -10.870708434899331 -11.102097999603373 -11.359159983165089 -11.56893066883109 -11.552378714567588 -11.768229709963038 -12.042519237758196 -12.101295565142872 -11.981040550493763 -12.016171228930581 -12.078663301149922 -12.32964497498219 -12.357006368764711 -12.31207963576378 -12.23202222432603 -12.234048994235849 -12.252627718409165 -12.421525210893869 -12.592449473288386 -12.68601868412491 -12.751550911208977 -12.64109195112398 -12.65865729034239 -12.905923219339993
-6.64894671275171 -7.963644794252633 -9.290503495212455 -9.459738782682127 -8.874677868715118 -8.423383768795993 -8.204830413520789 -8.180171379618022 -8.177469019738266 -8.492631740714721 -8.735844129892692 -9.119917027802906 -9.351306592506948 -9.563104048082764 -9.83266444608835 -10.075876835266321 -10.285647520932322 -10.419414334980205 -10.652830669594064 -10.86496592015485 -11.137228678040191 -11.4672543783553 -11.56791728387618 -11.768229709963038 -11.979013780583948 -12.03981687787844 -12.185068721415284 -12.22121278480701 -12.3637622684641 -12.666764369981655 -12.645145490943612 -12.525903861249414 -12.457669274285593 -12.469492098759524 -12.488746412902778 -12.649199030763246 -12.820798883127704 -12.852213816729858 -12.956592467085404 -12.87349490078293 -13.102182105607218 -13.395050357575691
-7.757589853421296 -9.050331260899208 -9.705653531739854 -9.52020408499165 -8.904741622377394 -8.556137197888969 -8.293670494567742 -8.152134395865561 -8.149094241000835 -8.14706747109102 -8.355149181832173 -8.83279129057891 -9.181395715067337 -9.535742654300243 -9.81982823665951 -10.074863450311412 -10.264366436879248 -10.398133250927133 -10.512307955846792 -10.727145566287334 -11.016298073421144 -11.406789076045776 -11.61892432660656 -11.7222895920072 -11.931384687703261 -12.211416730242897 -12.358019753719619 -12.442130704977 -12.599205372987775 -12.913692503994291 -12.910652349129565 -12.730945417125842 -12.60697465764207 -12.618797482116 -12.706624178208045 -12.86775238603845 -12.930244458257791 -12.951863337295833 -13.091372666088198 -13.052526242816715 -13.347421264695004 -13.596376168617457
-8.188954049227226 -9.024996637026502 -9.62762289021192 -9.45771201277231 -8.847316474932596 -8.402102684742921 -8.277794130274179 -8.103154123044996 -7.890343282514272 -7.830553570174687 -7.988979418125338 -8.408858584442308 -8.990879343544593 -9.503652130728149 -9.795506997741715 -10.058311496047912 -10.239031813006545 -10.458598553236655 -10.578853567885766 -10.759236089859426 -11.099395639723618 -11.531773220484455 -11.740868316180517 -11.76147381026365 -11.92631776292872 -12.248574178589532 -12.492799952722411 -12.593462858243294 -12.626566766770296 -12.823839037992428 -12.870792540903174 -12.775872150126773 -12.690072223944544 -12.813029598473406 -12.900180704595513 -12.968415291559333 -12.995776685341855 -12.91943501873877 -13.035636493568244 -13.079549841614266 -13.361946449048691 -13.469365254268961
-8.178482404693174 -8.852045604722168 -9.035806076545523 -8.864881814151005 -8.562217507618417 -8.383523960569603 -8.309209063876335 -8.14706747109102 -7.914664521432069 -7.860955118821934 -7.955537714613367 -8.277794130274179 -8.938183325889366 -9.406029380071992 -9.789764482997235 -10.044461901664166 -10.262339666969432 -10.571084283231468 -10.867668280034605 -11.028120897895072 -11.341594643946681 -11.690874658405045 -11.854029636145267 -11.9155083234097 -12.0513019073674 -12.217497039972347 -12.442130704977 -12.611028197461703 -12.693112378809268 -12.694125763764177 -12.747835166374312 -12.7545910660737 -12.865725616128636 -12.937000357957178 -12.961659391859946 -13.014355409515172 -13.070767172005063 -13.02212469416947 -12.982940475913018 -12.855253971594582 -12.97044206146915 -12.409702386419937
-7.812988230956279 -8.37947042074997 -8.591267876325787 -8.508508105008282 -8.369674366185858 -8.26124217601068 -8.028839226351728 -7.894059027348936 -7.9724274638618375 -8.188954049227226 -8.446016032788943 -8.729088230193303 -9.065194240237862 -9.47527735199072 -9.868808509480075 -10.091415404574914 -10.27010895162373 -10.522104010410905 -10.839631296282146 -11.160874326988049 -11.509478751476475 -11.841531221701398 -12.111091619706984 -12.22729309453646 -12.366802423328824 -12.429294495548163 -12.464425173984981 -12.553265255031935 -12.639402976199133 -12.634336051424592 -12.645145490943612 -12.7711430203372 -12.89612716477588 -12.759320195863271 -12.865725616128636 -13.188995416744355 -13.357217319259117 -13.219396965391601 -13.025164849034194 -12.365789038373915 -11.809102903144336 -10.454545013417023
-7.566060096943644 -7.895072412303843 -8.023096711607248 -8.105180892954813 -8.05045810538977 -8.019043171787615 -7.816028385821003 -7.726174919819141 -7.944052685124407 -8.354135796877266 -8.908795162197027 -9.319891658904794 -9.484060021599923 -9.807329822215644 -9.99683280878348 -10.165730301268182 -10.401848995761796 -10.628509430676267 -10.874761974718963 -11.238904968515982 -11.641218795614542 -12.112105004661892 -12.371869348103365 -12.529957401069046 -12.636362821334409 -12.541780225542976 -12.430307880503072 -12.546509355332546 -12.707637563162953 -12.571843979205251 -12.321875690327893 -12.65291477559791 -12.875521670692748 -12.697841508598842 -12.775872150126773 -12.974157806303813 -12.926528713423128 -12.46543855893989 -12.031709798239174 -11.04636182708342 -9.70768030164967 -7.1694887845895625
