static/data/ASCData/20210117/ASCV/06.asc
ncols 97
nrows 97
xllcorner 99.0
yllcorner 2.0
cellsize 0.25
NODATA_value -32767
[rows 0 to 18 of 97, columns 0 to 41 of 97]
1.4898193342144754 2.0152509392836766 2.5064960467104695 1.7963830358991224 0.5091870811892818 -0.19572363650256808 0.143911785727453 -0.396011921603205 -0.7913861986849806 -1.4409296538907546 -2.152900626530493 -2.3736264917434395 -1.3420860846203104 -0.3402730667514504 -0.29456720577301176 -0.3863505200955677 -0.7846975361027697 -1.910622404108202 -3.9135052551145657 -4.622503488828878 -4.425187942653668 -3.8150332782097998 -3.254300398401154 -2.9848959332843426 -2.8589261213193784 -3.4954638437264096 -4.339350106181967 -4.867754450176595 -5.1330713992709445 -5.3519393026554996 -5.529560453449756 -5.404705418581827 -5.035714199463214 -4.948761585894478 -5.0201073201047235 -4.879273813512625 -4.348268322958248 -3.915363216942957 -4.042447806004956 -4.548185015693205 -5.124524774860342 -5.499461471829808
1.6967962818973223 1.7250373016888778 2.127471833718542 1.3207448078308213 0.19110401616860528 0.28846121597633534 1.3003072277185117 0.8540247965388001 0.10006388657740661 -0.7044335851162442 -1.177099074259118 -0.9114105327990911 0.27099637478945215 0.6009703955118368 -0.03668210399222982 -0.7620304017963901 -1.3101291411719718 -2.3862606321765036 -4.308136347464984 -4.774856358757005 -4.4292754586761305 -3.790508182075028 -3.4233749247848078 -3.4690807857632464 -3.3616905920822004 -3.5199889398611814 -4.030556850303249 -4.359787686294276 -4.663378649053497 -5.055037002478489 -5.334474461468616 -5.2679594280121895 -4.995582223969952 -5.1196940741065236 -5.477909114620464 -5.415481597186499 -5.1118906344272785 -4.4790688356770305 -4.199631376686903 -4.1948006759330845 -4.5444690920364215 -4.852890755549461
2.107777438337589 1.952823421849712 1.7465896588982224 0.9918855642054716 0.05993191108414386 -0.013271784954492993 0.7611267051192101 1.4418839190419668 1.1137678601479744 0.7886245401794092 0.42037650579215313 0.4222344676205454 0.5864782932503809 0.5942817329296259 -0.06306516195539391 -0.8616171557981902 -1.9065348880857402 -3.275852755610499 -4.510282594394012 -4.240506536911523 -4.022010225892647 -3.605826776332883 -3.347198489820744 -3.8607391391882384 -4.269862333800114 -4.493560937938486 -4.20260411561233 -4.311852271121769 -4.347153545861213 -4.660777502493748 -4.803097378548561 -4.760364256495549 -4.750331262622233 -5.3381903851254 -5.8023092498576725 -5.924191545800174 -5.885174347403947 -5.358999557603388 -4.78749049919007 -4.573824888925012 -4.555245270641095 -4.939843369118197
1.918636924207303 2.3314760424759617 1.9870099194921211 0.8216962607247833 -0.17342809456186625 -0.6635584248916242 -0.3744595643938595 0.4125730661129081 1.2025784355451021 0.9536115505406011 0.8685168988002561 0.8294997004040283 0.37244109061964537 -0.09316414357534075 -0.6635584248916242 -1.3647532189266904 -2.413386874871024 -3.405538491232247 -4.235675836157704 -3.8774607956437643 -3.7329113653948824 -3.392161166067826 -3.4779990025395273 -3.9350576123239103 -4.294387429934885 -4.667466165075959 -4.4846427211622055 -4.203718892709365 -4.190713159910622 -4.06214220138591 -4.296245391763277 -4.443767560937586 -4.672296865829778 -5.235630892198173 -5.696777018005018 -5.797478549103854 -6.014116898294338 -5.630261984548591 -5.053179040650098 -4.740669861114596 -4.764080180152333 -5.588272047226937
1.119713337998828 2.1813527267419044 2.2233426640635585 1.0346186862584839 -0.5297851732474141 -1.1001794545636976 -0.9719800884046634 -0.6624436477945892 0.13350719948845935 0.5444883559287259 0.4731426217184804 0.4419288630014986 0.2174870741317685 -0.30311383018361493 -1.0611622561674698 -1.7564115723516824 -2.3394399941010304 -3.179238740534125 -3.7678410477686484 -3.400707790478428 -3.2026490595718617 -3.1810967023625167 -3.2806834563643177 -3.4947206589950532 -3.550087921481129 -3.795338882828847 -4.081465004401185 -3.8265526415458293 -3.921308694793811 -3.8432742980013552 -4.309994309293376 -4.725062981756105 -4.898968208893578 -4.986664007193671 -5.420312297940318 -5.3675461820139905 -5.563746951092165 -5.211477388429079 -4.566021449245767 -4.2865839902556395 -5.255325287579126 -6.2415314260894945
0.7719028837238824 1.9498506829242856 2.0973728520985944 1.503568251744574 -0.06380834668675028 -1.2796585671863463 -1.136223914034499 -1.0533588164882248 -0.7787520582519161 -0.3666561247146145 -0.31091726986285995 -0.36071064686376 -0.1860622349949308 -0.4632701397909882 -1.2915495228880536 -1.9057917033543834 -2.4906780869321232 -2.5620238211423683 -3.12833058643619 -2.625566115673368 -2.2729249606446036 -2.251372603435259 -2.588406879105532 -2.7972417886167706 -3.0335745331882076 -3.38435772638858 -3.748518244753374 -3.9506644916824016 -4.0454205449303835 -4.2876987673526745 -4.7867473144587125 -5.267216243280833 -5.240833185317669 -5.328528983617763 -5.083278022270044 -5.00041292472377 -5.033484645269144 -4.745500561868415 -4.1383186363499735 -4.446740299863013 -5.4173395590148905 -6.358954613643856
1.0639744831470743 1.6655825231803396 1.887423165490321 1.3727677390257913 0.768930144798456 -0.7092642858700628 -1.1841593292070076 -1.127305697258218 -1.0559599630479726 -1.002450662390289 -0.9418811067847166 -0.9485697693669266 -0.7222700186688051 -0.7564565163112142 -1.4074863409797018 -1.9934875016544766 -1.932174761317547 -1.769045712784747 -2.3394399941010304 -1.6702021435143029 -1.3480315624711645 -1.9789953993930207 -2.335352478078568 -2.358762797116305 -2.8901398800363607 -3.444927281994153 -3.8804335345691916 -4.07551952655033 -4.337492144353575 -4.674154827658169 -5.087365538292507 -5.65775981960879 -5.5678344671146265 -5.3686609591110255 -5.077704136784869 -5.124524774860342 -5.1107758573302435 -4.83059521360876 -4.599093169791141 -4.9182910119088525 -5.528817268718399 -6.297270280941248
1.2991924506214758 1.1929170340374649 1.445971435064429 1.943905205073432 1.69493832006893 0.3560910265297972 -0.8958036534405993 -1.0347791982043066 -1.1116988178997271 -1.1087260789742999 -1.0923760148844526 -1.0031938471216462 -0.7631451788934251 -0.5580261930389696 -1.0570747401450085 -1.0793702820857094 -0.9418811067847166 -1.0318064592788794 -1.6724316977083733 -1.2532755092231822 -2.067805974790149 -2.773088284847677 -3.219370716027388 -3.031716571359816 -2.8247396236769693 -2.8199089229231507 -3.368750847030089 -3.7466602829249815 -4.051366022781237 -4.062885386117267 -4.480926797505422 -5.2192808281083245 -5.6518143417579365 -5.471220452038253 -5.470105674941218 -5.642896124981656 -5.791533071252999 -5.398759940730972 -5.221138789936717 -5.597190264003217 -6.190994864357237 -6.607921498648357
1.8736742479602215 1.6421722041426028 1.553361628745475 2.136390050494822 2.5328791046736336 1.8149626541830406 -0.06863904744056892 -0.9905597066885816 -0.8932025068808507 -0.9664062029194884 -0.9730948655016984 -0.7925009757820156 -0.6839960050039338 -0.594070652509771 -0.486680458828725 -0.4127335780587309 -0.6245412264953965 -1.1819297750129376 -1.3000961472986559 -1.6059166642519465 -2.79055312603456 -3.9350576123239103 -4.508424632565621 -4.553015716447024 -3.94657697565994 -3.310039253252908 -3.51590142383872 -3.8804335345691916 -3.7340261424919174 -3.269907277759645 -3.083367910189108 -3.868542578867484 -4.7867473144587125 -5.322583505766909 -5.543309370979855 -5.649956379929544 -5.8587912894407825 -5.72130211413979 -5.583441346473117 -5.988848617428209 -6.653627359626796 -7.048258451977215
2.200675529757179 1.6128164072540123 1.8119899152576133 2.2467529831012953 2.3968762988353536 1.9557961607751393 1.0602585594902907 -0.06789586270921255 -0.6000161303606246 -1.0102541020695348 -1.2651664649248904 -1.2309799672824804 -0.9574879861432075 -0.986843783031798 -1.1470000926391712 -1.436098953136936 -1.610747365005765 -1.4223500356068364 -0.8225999574019625 -1.505215133153111 -2.6489764347111047 -3.8373288201505016 -4.691991261210731 -5.1185792970094885 -5.456356757411118 -5.476051152792071 -5.29731522490078 -4.864781711251169 -4.22304169572464 -3.6448439747291106 -3.574613017615901 -4.032786404497319 -4.242736091105593 -4.6362524063589765 -5.182121591540488 -5.704580457684264 -6.16535499112543 -5.877370907724701 -5.330386945446154 -5.720187337042755 -6.583396402513586 -7.046400490148823
1.959512084431923 1.5827174256340655 1.7718579397643506 1.9565393455064957 2.0152509392836766 2.151996929853314 2.493861906277405 1.3716529619287563 -0.3138900087882872 -1.2395265916930827 -1.7199955205152033 -1.7300285143885188 -1.565041504027327 -1.1655797109230894 -1.415661373024626 -1.7300285143885188 -1.7251978136347002 -1.2395265916930827 -1.356949779247445 -2.138036931903359 -2.531553247156743 -3.4858024422187723 -4.314081825315839 -4.63996833001576 -4.651859285717468 -5.244549108974453 -5.5169263130166915 -5.4593294963365455 -5.20664668767526 -5.597190264003217 -5.867709506217063 -5.603878926585428 -5.273904905863043 -5.272790128766008 -5.464160197090364 -5.990706579256601 -6.425098054734605 -5.278735606616862 -4.417384502974422 -5.344135862976254 -6.750612967068848 -7.096193867149724
2.2642178242881785 2.3285033035505345 1.9654575622827766 1.9840371805666948 2.0133929774552852 2.2631030471911435 2.908558986374455 2.2731360410644594 0.3345386693204526 -1.4732581897047718 -2.15364381126185 -1.9459236788476466 -1.7582695341800743 -1.3736714357029713 -1.2328379291108726 -1.369583919680509 -1.2915495228880536 -1.1291636590866103 -1.8121504272034366 -2.437911971005796 -3.0803951712636812 -3.7366272890516656 -4.224156472821675 -3.40479530650089 -3.0803951712636812 -3.6158597702061988 -4.49950641578934 -4.833567952534186 -5.897808487837011 -6.978027494864005 -6.910769276676222 -6.261225821470448 -6.494585827116458 -6.3909115570921955 -6.2426462031865295 -5.8940925641802275 -6.319937415247629 -5.38129509954409 -4.7856325373616775 -5.7580897583419475 -6.96316380023687 -6.853915644727433
2.491632352083335 2.7985676461336606 2.5384529901588087 2.3782966805514354 2.4117399934624872 2.408767254537061 2.864711087224409 2.9743308350995257 2.251583683855114 0.2936635090958326 -1.3119871030003631 -1.436098953136936 -1.6155780657595837 -1.5806483833858183 -1.468055896585275 -1.3030688862240831 -1.1919627688862526 -1.1031521934891249 -1.243614107715545 -1.5735881284379292 -3.083367910189108 -3.68126002656559 -3.304093775402054 -2.3138001208692236 -2.159589289112704 -2.774946246676069 -3.606941553429918 -4.307021570367949 -5.369404143842382 -6.749498189971813 -6.8765827790338125 -6.474891431735505 -7.027820871864906 -6.894790804952052 -6.220350661245828 -5.9096994435387185 -6.068740976049057 -5.414366820089464 -5.054293817747133 -5.936082501501882 -6.997350297879279 -6.724973093837042
2.7614084095658242 2.752490192789544 2.709385478370855 2.649930699862317 2.400963814857815 2.3745807568946518 2.7056695547140706 3.3109935184041195 3.257484217746436 2.1910141282495417 0.6645126900428364 -0.19981115252503034 -0.8686774107460788 -1.3978249394720645 -1.7222250747092733 -1.6832078763130456 -1.555008510154011 -1.485892330137836 -1.1763558895277617 -0.9467118075385352 -1.8285004912932847 -2.28964661710013 -2.1770541302995867 -1.6371304229689287 -1.9477816406760384 -2.752279112369689 -3.4779990025395273 -3.823579902620402 -4.440794822012159 -5.638065424227837 -5.98401791667439 -6.017089637219764 -6.6919013732916675 -6.429185570757067 -6.144174226281764 -5.965438298390472 -5.8940925641802275 -5.414366820089464 -5.350081340827107 -6.207344928447085 -6.946813736147023 -6.777739209763369
2.8364700674328542 2.567808787047399 2.570038341241469 2.740599237087837 2.519130187143534 2.1527401145846703 2.449642414761681 2.949805738964754 3.1616133874014185 2.493861906277405 2.174292471794015 1.1215712998272203 0.1108400651820789 -0.9875869677631544 -1.613720103931192 -1.6850658381414374 -1.6742896595367651 -1.817724312688612 -1.4955537316454737 -1.0901464606903826 -1.1128135949967621 -0.6672743485484078 -0.20835777693563262 -0.3677709018116495 -2.044395655752412 -3.0551268903975526 -3.441954543068726 -3.566809577936655 -4.1461220760292194 -4.530720174506323 -4.994467446872917 -5.471220452038253 -5.943885941181128 -5.744712433177527 -5.754373834685164 -5.821632052872947 -5.9583780434425835 -5.645125679175726 -5.863621990194602 -6.418409392152394 -6.969109278087725 -6.852057682899041
2.6792864967509065 2.510211970367253 2.575612226726645 2.807114270544263 2.6967513379377905 2.3128964241920436 2.002616798850613 2.3140112012890786 2.5670656023160427 2.311038462363652 2.128586610815577 1.9985292828281507 1.0944450571326998 -0.25146249135432264 -1.1536887552213821 -1.2815165290147377 -1.4067431562483454 -1.5628119498332569 -1.7408046929931915 -1.4955537316454737 -1.1343659522061067 0.4300379072997913 0.8395326942773442 0.35794898835818856 -1.3599225181728718 -2.9975300737174067 -3.236835557214271 -3.4467852438225446 -4.257228193367049 -4.5277474355808955 -4.952477509551262 -5.47196363676961 -5.543309370979855 -5.342277901147862 -5.416596374283534 -5.594217525077791 -5.76886593694662 -6.220350661245828 -6.593057804021224 -6.8899601041982335 -7.236655781376144 -7.077614248865806
2.6960081532064333 2.7368833134310524 2.7357685363340174 2.8959248459413907 2.841300768186672 2.5707815259728264 2.0297430415451334 1.6343687644633578 2.2445234289072253 2.118553616942261 2.0063327225073966 1.909718707431023 1.936101765394186 0.8766919308451806 -0.2310249112420122 -0.7709486185726702 -0.8482398306337693 -0.9849858212034057 -1.0901464606903826 -1.5453471086463737 -1.5542653254226546 -0.07867204131388483 0.6693433907966551 0.2992373945810076 -0.793244160513372 -2.5025690426338305 -2.912435421977062 -3.4876604040471646 -4.419242464802815 -5.392071278148762 -5.8413264482539 -5.998510018935846 -5.703465680587228 -5.52175701377051 -5.482739815374282 -5.596075486906182 -6.028609000555794 -6.502389266795704 -7.287563935474079 -7.61382203253968 -7.731988404825398 -7.255235399660062
2.8405575834553165 2.959467140472391 2.7123582172962806 2.711615032564925 2.7632663713942165 2.691920637183971 2.2809394807437045 1.3541881207418731 1.6979110589943573 1.936101765394186 1.7770602328838478 1.7112883841587783 1.8785049487140402 1.9858951423950861 1.3590188214956926 0.42632198364300766 -0.21541803188352127 -0.5357306510982678 -0.6750777882276537 -1.0990646774666626 -1.5472050704747655 -1.1819297750129376 -0.4536087382833509 -0.28564898899673175 -0.9214435266724061 -1.918425843787448 -2.2476566797784754 -3.0737065086814708 -4.566021449245767 -5.982903139577355 -6.757301629651058 -6.817871185256632 -6.528772324758867 -6.413578691398575 -5.687115616497381 -6.0921512950867935 -6.853915644727433 -8.09206140716773 -8.987599008452579 -9.070835698364531 -8.488550461346541 -7.743507768161427
2.895181661210035 2.895181661210035 2.6391545212576446 2.6127714632944805 2.508354008538862 2.2467529831012953 1.8803629105424324 1.4508021358182477 1.3560460825702654 1.5990674897239128 1.7711147550329942 1.8324274953699238 1.9390745043196134 2.218140370944062 2.0483226598290507 1.3998939817203118 0.6704581678936901 0.30815561135728853 0.39102070890356266 0.5426303941003345 -0.025905925387557538 -1.1038953782204812 -1.5171060888548182 -1.7991446944046943 -2.17631094556823 -2.4115289130426323 -2.0492263565062308 -2.9722617928512785 -4.494675715035521 -5.903753965687865 -6.657714875649258 -6.855773606555824 -6.898878320974514 -6.246362126843313 -5.662590520362609 -7.4087030466852255 -10.026942855254953 -11.998611947544333 -12.613597312742021 -12.596132471555137 -11.140233582827321 -9.077524360946743
