static/data/ASCData/20210117/ASCV/09.asc
ncols 97
nrows 97
xllcorner 99.0
yllcorner 2.0
cellsize 0.25
NODATA_value -32767
[rows 76 to 94 of 97, columns 43 to 85 of 97]
-11.081814805615066 -11.262722394039027 -11.370148754493876 -11.418870003473398 -11.340596521506296 -11.19802696506622 -11.002742614648302 -10.888527227696308 -10.80745826423038 -10.872153693203188 -10.96360587366475 -11.166877314079311 -11.249943050044399 -11.061447726123626 -10.880939492199495 -10.785893121239447 -10.714808020269324 -10.590608770821525 -10.381746367409313 -10.208027159982331 -9.968813814582877 -9.681677929203563 -9.108204867444602 -8.818273500566464 -8.241206248309012 -7.946083272933057 -7.987216786415768 -7.052727256808549 -4.917778100705897 -5.293970039547778 -4.625849961328599 -3.258859508403164 -2.046818601412602 -1.3407598457093686 -0.8164073874297615 -1.2305380037556963 -2.123095310880542 -2.9988797290124376 -3.7907997021795823 -4.36906501793653 -4.989262556175851 -5.042776059153359 -4.6981331257982175
-10.603388114816156 -10.808656327729878 -11.070233525119933 -11.21080630906085 -11.213601790559673 -11.178458594574444 -10.9803787626577 -10.686453850781241 -10.598595860818168 -10.517526897352244 -10.579826199326059 -10.704824157773519 -10.826227925722492 -10.629745511805076 -10.58381974432438 -10.491968209362987 -10.255949699962187 -10.11497756152144 -9.868176480625175 -9.678483093204907 -9.168906751419087 -8.556696303176409 -7.923719420942458 -7.3825940736699 -6.827091964403386 -6.96566797584514 -6.996817626832048 -4.98526901117753 -2.492897577725109 -3.4293838798314904 -3.7149223472114743 -2.9257978555431547 -2.806390860093343 -2.0887508238949772 -1.4821313386499484 -1.8746968119849474 -2.498887895222591 -3.2868143233914147 -3.844712559656922 -4.008847259087934 -4.492864912884494 -4.648213813319199 -4.319145705457511
-10.148523339507342 -10.315453520437178 -10.614170686311624 -10.815445354227023 -11.0586522446248 -11.0586522446248 -10.99715165165065 -10.70282738527436 -10.309463202939696 -10.160104620002473 -10.037103434054172 -10.044691169550983 -10.201238133485184 -10.180471699493912 -10.175679445495927 -10.201238133485184 -9.964820269584553 -9.440467811304947 -9.158922888923284 -8.70405811361447 -7.939294246435912 -7.190504559250638 -6.537160597525248 -5.990044932755208 -5.9001901702929755 -6.03876618173473 -4.502848775380298 -2.27724614781575 -0.7624945299524217 -1.797621393517343 -2.4206144132554908 -2.9218043105448332 -2.984103612518648 -2.832748257082265 -2.225330062837571 -1.9968992889335841 -2.5575930066979167 -3.2780285243951073 -3.7285004002057676 -3.5995088967599846 -3.6110901772551167 -3.794793247177904 -3.6354508017448777
-9.8262442581428 -9.934469327597311 -10.07024985754024 -10.318249001936003 -10.614969395311288 -10.827026634722156 -10.785094412239781 -10.618164231309944 -10.212819413980316 -9.75555851167251 -9.532319346266341 -9.406922033319047 -9.521536774770873 -9.635752161722866 -9.779120427162606 -9.7926984801569 -9.539108372763486 -9.001976570489251 -8.377785487251607 -7.745207959517488 -6.927729298361086 -6.081097758716938 -5.452114421481308 -5.16777401760082 -5.125841795118445 -3.829137734163468 -1.8367581345008936 -0.6550681694975746 -0.3036362096452865 -0.8942815148970298 -1.3651204701991295 -1.9773309184418086 -2.482514360729473 -2.4489685827435728 -2.2536842323256536 -1.9725386644438232 -2.3083957988026578 -2.9589442790292226 -3.5839340712665306 -3.543998621283316 -3.381860694351465 -2.9745191045226766 -2.8367418020805863
-9.772331400665461 -9.789902998658075 -9.676486320705745 -9.777123654663445 -9.835828766138771 -10.153315593505326 -10.389733457405956 -10.298680631444228 -9.946050608092444 -9.438471038805787 -9.057486845965919 -8.948063713011912 -9.041912020472466 -9.156926116424124 -9.305485990361682 -9.34062918634691 -9.112997121442588 -8.636567203142839 -7.940492309935408 -7.204881321244596 -6.500819338040523 -5.493247934964019 -5.061545720645469 -4.8047607772534 -3.7528610246955285 -2.128686273878192 -1.1123290718053815 -0.7908486994405042 -0.6374965715049603 -0.1774401876983287 -0.35635100362312944 -0.7948422444388257 -1.3239869567164186 -1.569190619613356 -1.5536157941199025 -1.6454673290812956 -2.0556044004089093 -2.608311028176599 -3.4257896893330013 -3.5507876477804627 -3.409016800340051 -2.8415340560785722 -2.2868306558117215
-9.685272119702052 -9.717619834188456 -9.58982639424217 -9.35939884783902 -9.191270603409688 -9.218826063898106 -9.489189060284469 -9.583836076744687 -9.360197556838685 -9.087837787953163 -8.862202495548 -8.787922558579222 -8.717636166608763 -8.741996791098524 -8.769552251586942 -8.820270273065624 -8.692077478619506 -8.31908037577628 -7.734425388022021 -6.890589329876697 -5.958895281768301 -5.117055996122138 -4.432562383409841 -3.409016800340051 -2.032042484918813 -1.0084969018490235 -0.8184041599289222 -1.1746283737791963 -0.6678475134922031 0.2430801006249208 -0.27048978615921815 -0.1826317961961461 -0.19820662168960013 -0.4030754801034906 -0.6650520319933784 -0.968561451865809 -1.3747049781951008 -1.865112303988976 -2.476524043231991 -3.098718353970474 -3.413809054338037 -3.1825827989352247 -2.5583917156975806
-9.57305350524922 -9.692460500699031 -9.606199928735286 -9.173699005417074 -8.806692220071332 -8.547910504180102 -8.66292460013176 -8.725623256605406 -8.622989150148545 -8.670911690128403 -8.74119808209886 -8.66492137263092 -8.570274356170701 -8.66292460013176 -8.560290493674898 -8.42291254573264 -8.18449790933285 -7.809504033990464 -7.210871638742077 -6.281174363132843 -5.272404896556843 -4.371860499435354 -2.652240023158135 -1.1354916327956457 -0.6199249735123455 -0.924632456884273 -1.0771858758201525 -0.6287107725086529 0.27263233361250006 0.45713411253495106 0.16041371915966707 0.20993367713885291 0.08134152819290197 -0.17464470619950312 -0.4509980200833481 -0.6103404655163742 -0.6354997990057996 -1.0508284788312308 -1.4557739416610267 -2.113111448384738 -2.715737388631446 -2.9657333055263693 -2.7500818756170107
-9.37976592733046 -9.432480721308304 -9.452847800799743 -9.158922888923284 -8.745191627097181 -8.355421635261006 -8.09743862836944 -8.083061866375484 -8.281940407291891 -8.60342077965677 -8.790718040078046 -8.825062527063611 -8.733210992102217 -8.58305370016533 -8.466841540714176 -8.101432173367762 -7.67292479504787 -6.973655065841783 -6.21168668016205 -5.290775203549122 -4.268427683978828 -2.86908951656699 -1.0827768388178027 -0.1826317961961461 -0.5907720950245992 -1.0029059388513732 -0.8535473559141509 -0.17584276969899992 0.7901957653949605 0.8105628448864 0.5126443880116192 0.32135358259202196 0.011853845222108639 -0.40427354360298695 -0.7117765084737391 -0.9150479488883012 -0.9949188488547307 -1.056419441828881 -1.3623249887003044 -1.737318864042689 -2.1494527078694636 -2.6103078006757596 -2.8319495480826005
-9.18248480441338 -9.19326737590885 -9.291907937367387 -9.083844242954841 -8.756772907592314 -8.44527639772324 -8.181702427834024 -8.167725020339898 -8.408935138238515 -8.829854781061595 -9.001976570489251 -8.984404972496637 -8.848624442553707 -8.68928199712068 -8.42850350873029 -7.8789917169612576 -6.840670017397679 -6.026386192239934 -4.950924524191965 -3.844712559656922 -2.93059010954114 -1.6003402706002632 -0.543648264044406 -0.6287107725086529 -0.9577788803703409 -1.2996263322266577 -1.1941967442709713 -0.9010705413941764 -0.11993313972249897 0.06936089319793748 -0.3739226016157442 -0.2948504106489791 -0.35235745862480794 -0.7353384239638356 -1.1502677492894353 -1.437403634668748 -1.6778150435676995 -1.6454673290812956 -1.8523329599943472 -1.893466473477058 -2.1123127393850742 -2.4118286142591834 -2.6785974201470566
-9.151335153426473 -9.136559036932685 -9.245183460887027 -9.112997121442588 -8.880572802540279 -8.559491784675235 -8.378983550751103 -8.373791942253286 -8.645353002139146 -9.01635333248321 -9.283920847370744 -9.125776465437216 -8.914917289525842 -8.628979467646026 -8.153348258345941 -7.024373087320466 -5.976466879760915 -4.696136353299057 -3.4293838798314904 -2.225330062837571 -1.6247008950900241 -0.8611350914109619 -0.484144443569416 -0.5057095865603523 -0.9569801713706765 -1.3339708192122224 -1.7137569485525925 -1.402260438683519 -0.9158466578879656 -0.5448463275439024 -0.8994731233948476 -1.056419441828881 -0.8659273454089473 -0.45219608358284447 -0.8395699484200256 -1.4170365551773085 -1.7489001445378216 -1.9481780399540622 -2.2165442638412642 -2.2976132273071896 -2.290824200810043 -2.45775438173988 -2.5124659482168843
-9.171702232917912 -9.184481576912543 -9.234400889391559 -9.164114497421103 -8.9069301995292 -8.653340092135789 -8.478422821209307 -8.641359457140823 -8.915715998525506 -9.081847470455681 -9.280326656872257 -9.058684909465416 -8.813481246568479 -8.374990005752782 -7.377801819671914 -6.250024712145935 -4.744058893278914 -3.4237929168338406 -2.1023288768892705 -1.180618691276678 -0.9414053458772229 -0.6658507409930423 -0.423841914094762 -0.23334981767482876 -0.6598604234955605 -1.1326961512968206 -1.514479053136352 -1.588758990105131 -1.4306146081716014 -0.8914860333982046 -0.7321435879651785 -1.0017078753518769 -0.8739144354055903 -0.4685696180759624 -0.5204857030541414 -1.0819781298181383 -1.558408048117888 -1.8766935844841082 -2.2233332903384104 -2.4609492177385373 -2.4313969847509584 -2.2880287193112183 -2.3271654602947685
-9.19326737590885 -9.273138275875278 -9.249975714885014 -9.185280285912206 -8.864997977046825 -8.654138801135453 -8.593836271660798 -8.756772907592314 -8.879774093540615 -9.010762369485558 -8.947265004012248 -8.7392013095997 -8.341843582266714 -7.489221725125083 -6.490036766545055 -5.256830071063389 -3.7500655431967034 -2.290025491810379 -1.0184807643448273 -0.9030673138933372 -0.768484847449904 -0.587976613525774 -0.7137732809728998 -0.4414135120873768 -0.239340135172311 -0.7109777994740751 -1.1718328922803711 -1.3124056762212861 -1.5651970746150345 -0.865128636409283 -0.19221630419211788 -0.4989205600632056 -0.5348624650480986 -0.9677627428661446 -1.0184807643448273 -1.097552955311592 -1.5184725981346734 -1.8064071925136505 -2.1123127393850742 -2.347532539786208 -2.315184825299804 -2.147455935370303 -1.9278109604626228
-9.23999185238921 -9.35340853034154 -9.293904709866549 -9.225615090395252 -8.908926972028361 -8.787922558579222 -8.699265859616485 -8.692077478619506 -8.766357415588285 -8.61300528765274 -8.48640991120595 -8.113013453862894 -7.406155989159997 -6.458887115558147 -5.556345945937498 -4.210920636002999 -2.4453743922450837 -0.9657659703669839 -0.6199249735123455 -0.6934062014814604 -0.5791908145294671 -0.5887753225254384 -0.8407680119195224 -0.7704816199490647 -0.46577413657713773 -0.35355552212430474 -0.7077829634754176 -0.9853343408587589 -1.196193516770132 -0.37112712011691906 0.3672793500727183 -0.15307956320856775 -0.8942815148970298 -1.373906269195437 -1.549622249121581 -1.569190619613356 -1.7880368855213717 -1.9901102624364375 -2.1250920833797027 -2.1706184963605675 -2.1266895013790315 -1.974535436942984 -1.7293317740460465
-9.134562264433523 -9.201254465905492 -9.196062857407673 -9.134562264433523 -9.008765596986397 -8.842634125056225 -8.798705130074689 -8.804695447572172 -8.56628081117238 -8.206861761323449 -7.8474427114745176 -7.196095522248289 -6.6777333814661635 -6.031178446237919 -4.7704162902678355 -2.827956003084279 -1.105540045308235 -0.4821476710702557 -0.4881379885677375 -0.3387794056305151 -0.29285363814981835 -0.5029141050615271 -0.5967624125220814 -0.6718410584905246 -0.5069076500598486 -0.35036068612564764 -0.37791614661406525 -0.47535864457310906 -0.45219608358284447 0.022636416717576324 -0.0496467477520417 -0.3739226016157442 -0.9489930813740339 -1.3291785652142365 -1.6091260695965706 -1.8259755630054255 -2.051610855410588 -2.145459162871142 -2.1602352793649313 -2.071179225902363 -1.9365967594589302 -1.7489001445378216 -1.514479053136352
-8.78592578608006 -8.790718040078046 -8.760766452590634 -8.672908462627563 -8.791916103577542 -8.810286410569821 -8.715639394109601 -8.511569244695377 -8.093445083371119 -7.530355238607794 -7.229241945734357 -6.984437637337251 -6.4453090625638545 -5.1961281870889025 -3.4665238483158802 -1.8036117110148253 -0.8611350914109619 -0.463777364077977 -0.17184922470067843 0.10370538018350217 -0.33598392413169 -0.5672101795345026 -0.511699904057834 -0.3659355116191012 -0.18063502369698536 -0.16785567970235693 -0.2684930136600574 -0.2812723576546863 -0.3132207176412578 -0.40826708860130845 -0.5827850050279562 -0.8894892608990439 -1.248908310747975 -1.5232648521326593 -1.7508969170369824 -1.9541683574515445 -2.0124741144270377 -2.073974707401188 -2.0016915429315696 -1.9002554999742047 -1.8231800815066004 -1.6778150435676995 -1.4413971796670695
-8.338648746268056 -8.273154608295584 -8.402146111741368 -8.50478021819823 -8.410133201738011 -8.403344175240864 -8.44527639772324 -8.480419593708469 -8.200072734826303 -7.396571481164026 -6.4528967980606655 -6.502017401540019 -5.581904633926755 -3.6258662937489063 -2.466540180736187 -1.7752575415267433 -1.352341126204501 -0.9374118008789014 -0.7041887729769285 -0.6766333124885104 -0.19700855819010332 0.0334189882130449 -0.0732086632421387 -0.20579435718641026 -0.09477380623307408 0.05298735870481952 -0.00691581627000204 -0.29285363814981835 -0.536060528547595 -0.7285493974666895 -0.7860564454425183 -1.1354916327956457 -1.490118428646591 -1.6231034770906958 -1.6514576465787778 -1.700977604557964 -1.6354834665854923 -1.5731841646116775 -1.5016997091417235 -1.5428332226244343 -1.4685532856556551 -1.3379643642105434 -1.1726316012800355
-8.070282522380856 -7.996002585412076 -7.9920090404137545 -8.014372892404355 -7.883783970959243 -7.947281336432554 -7.829871113481904 -7.662142223552403 -7.043941457812241 -5.949310773772329 -4.007649195588438 -3.592719870262838 -3.1833815079348886 -2.867092744067829 -2.248093269328004 -2.0176657229248556 -1.4853261746486055 -0.9501911448735303 -0.9030673138933372 -1.2341321942541859 -0.6882145929836425 -0.7185655349708857 -0.9461975998752088 -0.8719176629064296 -0.31441878114075417 0.08493571869139149 -0.04365643025455945 -0.7077829634754176 -0.81241384243144 -0.6834223389856571 -0.5859798410266133 -0.6658507409930423 -1.1279038972988351 -1.4685532856556551 -1.4989042276428983 -1.3144024487204469 -1.1354916327956457 -0.9098563403904834 -0.7832609639436932 -0.7624945299524217 -0.7137732809728998 -0.6970003919799499 -0.7549067944556112
-7.822283377985093 -7.838656912478211 -7.802715007493317 -7.761581494010606 -7.721646044027391 -7.353441195182153 -6.540754788023737 -4.634635760324906 -3.7548577971946893 -3.5839340712665306 -2.63267165266636 -2.627879398668374 -2.498887895222591 -2.3982505612648906 -2.5603884881967414 -2.444176328745587 -2.0508121464109235 -1.536842905126952 -1.5827686726076489 -1.8806871294824297 -1.5544145031195664 -1.752893689536143 -1.8259755630054255 -1.1658425747828889 -0.6462823705012672 -0.27528204015720403 -0.42184514159560127 -0.7109777994740751 -0.5596224440376916 -0.3427729506288366 -0.22536272767818577 -0.3064316911441116 -0.716568762471725 -1.056419441828881 -1.073192330821831 -0.8739144354055903 -0.5664114705348382 -0.3220065166375652 -0.21458015618271808 -0.12192991222165972 0.0002725647269761211 0.15642017416134557 0.17399177215395945
-7.824280150484253 -7.585865514084462 -7.549524254599737 -7.658947387553745 -7.694090583538974 -7.248810316226131 -5.063542493144631 -3.14823831194966 -2.55639494319842 -2.4050395877620367 -2.246096496828843 -2.5164594932152053 -2.644252933161492 -2.5212517472131912 -2.6075123191769345 -2.542816890204127 -2.1530468983679527 -1.7624781975321144 -1.834761362001733 -2.246895205828507 -2.0564031094085737 -2.0116754054273733 -1.7820465680238895 -1.253700564745961 -0.9557821078711801 -0.6023533755197312 -0.4725631630742839 -0.6035514390192276 -0.2760807491568684 -0.10555637772854176 0.04779575020700211 0.09771506268601993 -0.14948537271007822 -0.5184889305549807 -0.5739992060316488 -0.6063469205180527 -0.34556843212766175 -0.07879962623978809 0.08413700969172666 0.29100264060477876 0.5625637004906379 0.7043345479310492 0.8213454163818676
