static/data/ASCData/20210117/ASCV/15.asc
ncols 97
nrows 97
xllcorner 99.0
yllcorner 2.0
cellsize 0.25
NODATA_value -32767
[rows 0 to 18 of 97, columns 0 to 41 of 97]
-0.23872984042308953 0.09355813853407735 0.027834512174075066 -0.21137279797882513 -0.4886130695786295 -0.6537561916507153 -0.37418056276908285 -0.4425731688797452 -0.6153896077349783 -0.9857105481390493 -1.3176649046273834 -1.3109924552507337 -0.8332450798825985 -0.6604286410273654 -0.7161435933223923 -0.6107188931713234 -0.4709310787305072 -0.4946182740176144 -0.5246442962125393 -0.8175648238474711 -0.5763557788815761 -0.22104784957496726 0.14326788639011934 0.5112534695123632 0.6570464883921634 -0.056905594909379076 -0.6020447089816785 -1.1438475983656526 -1.7123402852562268 -2.227786999602434 -2.6498194226755425 -2.9640917883157543 -2.6391435036729023 -2.259147511672689 -1.9905814242625293 -1.8157632505943009 -1.8244374347839458 -1.2746276061479915 -1.221915256072457 -1.778731156553894 -2.125364901670858 -1.7286877862290195
-0.3715115830184228 -0.025545082839124156 -0.1419793244616656 -0.3715115830184228 -0.4936174066111172 -0.1419793244616656 0.5622977072437347 0.10723665975620911 -0.45458357775771496 -0.8712780413295032 -1.2005634180671771 -1.2726258713349967 -0.673106294843 -0.36850898079893035 -0.4135480140913179 -0.6203939447674656 -0.7404980335471643 -0.8676081941723455 -0.9650259550714346 -0.9787044762935668 -1.0100649883638217 -0.823570028286456 -0.508296795239747 -0.09226957660562363 0.18130084783702394 0.4889007641005856 -0.018872633462474475 -0.9376689126271698 -1.6536227307417075 -1.807089066404656 -2.3615696096042655 -2.6518211574885373 -2.287505421523451 -2.2758286351143138 -2.6781773325263045 -2.7562449902331085 -2.2678216958623336 -1.5238435903658663 -1.4037395015861676 -1.3049872508117488 -1.4007368993666751 -1.66062880258719
-0.3117931610974063 -0.033552022091104305 -0.13997758964867035 -0.3538295921703005 -0.47793715057598973 -0.26608688286735394 0.10223232272372229 0.21733207447093328 -0.04522880850024169 -0.20436672613334217 -0.5266460310255341 -0.857599520107371 -0.42789378025111535 -0.18868647009821515 0.03484058401955803 -0.2403979527672524 -0.9133144724023978 -1.368375519889923 -1.324670976472866 -1.264952554551849 -1.4574527190681996 -1.2102384696633197 -0.758180024395287 -0.46125602713436464 -0.5803592485075662 -0.4642586293538571 -0.5089640401774118 -1.2102384696633197 -1.5411919587451561 -1.5902344616635333 -1.8781506522659779 -2.2004299571581694 -1.7376955928874969 -2.3098581269352283 -3.014802403578294 -3.274694306798809 -3.0451620482420507 -2.666500546117167 -2.1984282223451745 -1.8654729984503429 -1.4914822108891141 -1.606915585105158
-0.46626036416685235 -0.2347263707970999 -0.2834352512466438 -0.29811463987527365 -0.3861909716470535 -0.7014642046937625 -0.6527553242442177 -0.25407647398938416 0.10223232272372229 -0.031550287278109046 -0.19268993972420478 -0.4085436770588302 -0.26608688286735394 -0.31879923294288837 -0.16833549949943283 -0.4936174066111172 -1.15952785440078 -1.4250913395914475 -1.3206675068468758 -1.086130911257631 -0.9103118701829054 -0.69579262272361 -0.5209744490553816 -0.4952855189552796 -1.0470970824042287 -0.9436741170661547 -1.1038129021057532 -1.2719586263973315 -1.4894804760761193 -0.9983882019546844 -1.3703772547029178 -1.7550439612667867 -1.850793609821713 -2.2971804731195937 -2.89403106986093 -3.1642652696152522 -3.1155563891657074 -3.030482659613421 -2.5080298734217314 -1.813761515781306 -1.4377689934070825 -2.366573946636753
-0.6594277736208678 -0.4866113347656347 -0.5600082779087838 -0.5636781250659411 -0.5159701120228943 -0.7962129858421916 -0.9787044762935668 -0.6274000166129481 -0.29711377246877646 -0.33514673391568106 -0.49928898858126924 -0.6584269062143702 -0.4025384726198453 -0.32947515194552857 -0.4846095999526394 -0.7982147206551864 -0.9436741170661547 -1.0824610641004733 -1.1438475983656526 -0.7358273189835094 -0.45525082269537975 -0.06958324872501365 0.09722798569123459 -0.2787645366829894 -0.8586003875138681 -0.5510004712503065 -1.1418458635526578 -1.3323442932560132 -1.3293416910365208 -0.8352468146955934 -1.3029855159987536 -1.5071624669242416 -1.6936574270016074 -1.9155163687752172 -2.482674565790462 -2.720881008536864 -2.7755950934253937 -2.5363877832724935 -2.351894558008123 -1.6723055889963274 -1.8157632505943009 -2.761916572203261
-0.7221487977613772 -0.7121401236964022 -0.799215588061684 -0.7364945639211746 -0.6887865508781275 -0.7308229819510221 -0.8889600321776254 -0.7374954313276718 -0.5970403719491908 -0.636074200802593 -0.9633578427272722 -1.1625304566202725 -0.6457492523987356 -0.3655063785794379 -0.6127206279843183 -0.9603552405077798 -1.1048137695122509 -0.786537934246049 -0.8879591647711278 -0.44757750591223244 -0.05590472750288189 0.3297628464674842 0.3687966753208869 -0.012867429023489585 -0.6827813464391426 -0.5189727142423868 -1.1635313240267702 -1.3977342971471827 -1.3937308275211926 -1.305988118218246 -1.7043333460042471 -1.8391168234125757 -1.951547595409127 -2.173072914713905 -2.104680308603243 -2.310858994341726 -2.38892665204853 -2.170403934963245 -2.0813267357849683 -2.166400465337255 -2.3098581269352283 -3.048164650461543
-0.8969669714296051 -0.8996359511802652 -0.8255717630994512 -0.7648524737719367 -0.7561782895822917 -0.7268195123250321 -0.7611826266147794 -0.8519279381372185 -0.7111392562899046 -0.6691028252170104 -0.9983882019546844 -1.2142419392893098 -0.6897874182846251 -0.4689293439175124 -0.8402511517280811 -1.1712046408099175 -1.0140684579898118 -0.5773566462880737 -0.595038637136196 -0.228721166358115 0.0962271182847374 0.03484058401955803 0.06987094324697019 0.04551650302219734 -0.5236434288060416 -0.6674347128728475 -1.2846362802129665 -1.4711312402903318 -1.5295151723360187 -1.6769763035599823 -1.897834377927095 -2.37825073304589 -2.3762489982328954 -2.4396372673110696 -2.337215169379493 -2.4806728309774666 -2.4643253300046744 -2.3275401177833506 -2.0706508167823285 -2.209437763816647 -3.034486129239411 -3.6877189232134393
-1.1712046408099175 -0.8969669714296051 -0.7004633372872648 -0.6547570590572129 -0.6907882856911223 -0.9406715148466622 -0.9476775866921447 -1.0998094324797631 -1.0013908041741768 -0.8636047245463558 -0.7815335972135617 -0.8696099289853407 -0.558006543095789 -0.42889464765761254 -0.6614295084338626 -0.5940377697296984 -0.3548304595767986 -0.2083701957593327 -0.2934439253116192 -0.09493855635628368 -0.33047601935202575 -0.5089640401774118 -0.6380759356155878 -0.5393236848411691 -0.15065350865131055 -0.09293682154328842 -0.8165639564409735 -1.1782107126554 -1.3156631698143886 -1.231923930137432 -1.4330982788434272 -2.2631509812986788 -2.6761755977133097 -2.809958207715141 -2.9730995949742316 -3.168268739241242 -3.1409116967969775 -2.502358291451579 -2.1810798539658847 -2.7365612645719914 -3.715075965657704 -4.379318301103205
-0.5393236848411691 -0.4769362831694921 -0.6193930773609684 -0.5199735816488844 -0.535320215215179 -0.9249912588115352 -1.5775568078478983 -1.2572792377687017 -1.0287478466184417 -1.0677816754718434 -1.0724523900354987 -0.7668542085849315 -0.6020447089816785 -0.38018576720806774 -0.366507245985936 -0.34715714279365084 -0.3608356640157835 -0.3274734171325333 0.06019589165082717 -0.17700968368907777 -0.7404980335471643 -1.246269696297229 -1.3840557759250505 -1.2425998491400718 -1.1381760163955006 -0.9476775866921447 -1.2259187256984472 -1.4681286380708394 -1.4290948092174376 -1.1565252521812877 -1.2826345453999712 -1.5628774192192685 -2.257145776859694 -2.697527435718589 -2.952415001906617 -3.1155563891657074 -3.36443875091475 -3.302051349243073 -3.2690227248286563 -3.872545770946642 -4.693590666743416 -5.08426257774627
-0.11662401683039558 -0.3558313269832958 -0.3451554079806556 -0.19969601156968775 -0.3705107156119256 -1.1038129021057532 -1.9075094295232375 -1.355697866074288 -0.8849565625516354 -0.9076428904322453 -0.9877122829520446 -0.6974607350677724 -0.48160699773314697 -0.6664338454663503 -0.9573526382882873 -1.3176649046273834 -1.3713781221094155 -0.8295752327254409 0.054524309680674676 -0.23973070782958672 -0.8118932418773186 -1.3566987334807856 -1.7270196738848567 -1.9251914203713598 -2.009931527454814 -1.788406208150036 -1.8371150885995808 -1.673306456402825 -1.6622969149313525 -2.048298111370551 -1.90650856211674 -2.2678216958623336 -2.060975765186186 -2.3128607291547207 -2.8109590751216382 -3.127233175574845 -3.6566920336120172 -3.4975541159789163 -3.0765225603123056 -3.561943252463588 -4.4817403990347815 -4.992516398817333
-0.1419793244616656 0.29940320180372737 0.36012249113124195 -0.008196714459834276 -0.5336521028710166 -1.0911352482901182 -1.6869849776249572 -1.3490254166976383 -0.9113127375894026 -0.857599520107371 -1.015069325396309 -1.0090641209573241 -0.8402511517280811 -0.795212118435694 -1.2142419392893098 -1.5295151723360187 -1.440771595626575 -0.9406715148466622 -0.758180024395287 -1.0227426421794568 -1.1838822946255525 -1.675975436153485 -2.0442946417445613 -2.024610916083444 -1.4524483820357124 -1.6926565595951097 -2.1400442902994876 -2.3448884861626405 -2.406608642896652 -2.7492389183876265 -2.991448830760019 -2.9220553572428596 -2.7298888151953413 -2.7092042221277266 -2.923056224649357 -3.448511613060539 -4.063711445587663 -3.413481253833127 -2.742566469010977 -3.58629769268836 -4.8734131774441325 -5.246403097598863
0.0024792045428050358 0.4391910162445436 0.7808204243290202 0.3237576420284993 -0.5423262870606615 -1.1281673423305256 -1.4164171554018026 -1.2913087295896162 -1.0140684579898118 -0.8832884502074729 -0.9406715148466622 -1.0511005520302188 -1.1955590810346899 -0.9680285572909271 -0.7648524737719367 -1.023743509585954 -0.9827079459195569 -0.5363210826216767 -0.8782841131749857 -1.4457759326590622 -1.8588005490736932 -2.4026051732706626 -2.5860975311285355 -1.6622969149313525 -1.4884796086696217 -1.227920460511442 -1.719012734632877 -2.104680308603243 -2.811959942528136 -3.561943252463588 -3.6340057057314072 -3.5265792707673436 -3.725751884660344 -3.7454356103214614 -3.779465102142376 -3.785470306581361 -4.247537425914368 -3.684049076056282 -3.2963797672729207 -4.1781439523972095 -5.309791366677038 -5.386190912039679
0.22233641150342098 0.06319849387031962 0.33943789806362723 0.2556986583866703 -0.46025515972786746 -0.8469236011047307 -1.058773868813366 -0.9603552405077798 -1.0541031542497112 -0.9543500360687949 -0.8686090615788431 -0.8322442124761009 -1.0217417747729591 -1.2325911750750969 -0.9466767192856476 -0.6614295084338626 -0.5276468984320317 -0.32947515194552857 -0.3391502035416707 -0.599042106762186 -1.531516907149014 -2.12436403426436 -2.2357939388544144 -1.43209741143693 -1.5522015002166287 -1.223916990885452 -1.3647056727327658 -1.7366947254809992 -2.5043600262645738 -3.402805334830487 -3.4601883994696765 -3.5285810055803384 -4.107749611473553 -4.189820738806347 -4.10474700925406 -4.067714915213653 -4.301917888334065 -3.8918958741389273 -3.5822942230623704 -4.257212477510511 -5.263084221040488 -5.064912474553985
0.09922972050422985 -0.12529820102004052 -0.17133810171892527 -0.06090906453536871 -0.16132942765395075 -0.31479576331689874 -0.2747610670569989 -0.014869163836483956 -0.34215280576116314 -0.7308229819510221 -0.795212118435694 -0.5296486332450265 -0.5920360349167035 -0.9553509034752921 -0.8909617669906202 -0.9113127375894026 -0.7151427259158947 -0.6193930773609684 -0.3831883694275602 -0.13597412002268072 -0.09293682154328842 -0.5256451636190365 -1.105814636918748 -0.8432537539475735 -1.1438475983656526 -1.2132410718828122 -1.3627039379197705 -1.5922361964765281 -2.092002654787608 -2.8373152501594054 -2.970096992754739 -3.1585936876450997 -3.66636708520816 -3.770790917952731 -4.06871578262015 -4.191822473619341 -4.4093443232981295 -4.190821606212844 -3.84018439146989 -4.586164231779352 -5.046229616299366 -4.770991079512556
0.014489613420775704 0.10223232272372229 0.050520840054685046 -0.1643320298734432 -0.09593942376278086 -0.042226206280749246 0.2603693729503256 0.8325319069980566 0.4068296367677915 -0.15465697827730018 -0.3588339292027882 -0.2464031572062373 -0.25407647398938416 -0.5032924582072593 -0.4298955150641097 -0.6594277736208678 -0.6107188931713234 -0.8712780413295032 -0.6867848160651326 -0.32547168231953894 0.5095853571682003 0.8542173674721694 0.7761497097653649 0.33376631609347474 -0.6427466501792432 -1.1878857642515426 -1.7280205412913543 -1.8704773354828306 -2.265819961049339 -2.3812533352653826 -2.620460645418283 -2.703532640157574 -3.0051273519821513 -2.803953003276156 -3.4495124804670367 -3.9242572536156795 -4.408677078360465 -4.294244571550918 -4.524777697514173 -5.059908137521497 -5.357833002188917 -5.082260842933275
0.21833294187743046 0.5592951050242423 0.5739744936528721 0.2046544206552987 -0.1049472304212582 -0.06758151391201928 0.13259196738747914 0.7868256287680051 0.47322050806545857 -0.03255115468460712 -0.21037193057232706 -0.219046114761972 -0.3117931610974063 -0.3001163746882689 -0.03455288949760149 -0.29711377246877646 -0.38519010424055544 -0.6557579264637101 -0.864605591952853 -0.6761088970624924 -0.0775901879769938 1.2905955567050746 1.2692437186997951 1.0944255450315667 0.10823752716270718 -1.0921361156966158 -1.8187658528137933 -2.098007859226593 -2.795278819086511 -2.8009504010566633 -2.842986832129558 -2.90070351923758 -2.724884478162854 -2.1760755169333974 -3.0551707223070257 -3.7377622935383137 -4.233858904692236 -4.6762422983641265 -5.186684675677847 -5.533652043263643 -5.8432536943402 -5.532651175857145
0.5512881657722621 0.5759762284658674 0.588653882281502 0.10323319013021948 -0.17300621406308814 -0.11262054720440595 -0.06591340156785641 0.0855511992820972 0.0905555363145849 -0.24840489201923166 -0.3548304595767986 -0.3588339292027882 -0.4409050565355823 -0.5129675098034019 -0.30411984431425854 -0.46726123157334953 -0.40654194224583495 -0.22772029895161694 -0.38986081880421075 -0.7678550759914291 -0.9183188094348851 0.4558721396861687 1.2232038180009104 1.0417131949560323 0.3247585094349974 -0.7845361994330542 -1.6703038541833326 -2.329541852596346 -3.127233175574845 -3.8772164855102975 -3.9652928172820765 -3.889894139325932 -3.391795793359015 -2.7405647341979815 -3.4701970735346515 -3.9936507271328385 -4.308923960179548 -4.668235359112146 -5.452581783337346 -5.732824657156644 -5.916317015014517 -5.393864228822827
0.47522224287845294 0.35011381706626654 0.26237110776331996 -0.07658932057049661 -0.2180452473554748 -0.07258585094450609 -0.1800122859085702 -0.38418923683405826 -0.19268993972420478 0.042513900802704896 -0.3548304595767986 -0.7054676743197521 -0.7044668069132549 -0.6340724659895982 -0.6821141015014773 -0.7298221145445245 -0.49728725376827443 -0.16633376468643757 0.025165532423415016 -0.3558313269832958 -1.040424633027579 -0.6147223627973131 0.38147432913652146 0.5699710240268825 0.037843186239050475 -0.6634312432468579 -1.297313934028601 -1.9075094295232375 -2.999455770011999 -4.291241969331425 -5.017871706448603 -4.978837877595201 -4.752308221257936 -4.495418920256913 -4.007996493292636 -4.260215079730004 -4.928127262332661 -6.1154896289075165 -6.747370584876265 -6.843120233431192 -6.413414493574937 -5.555003881268923
0.059195024244329986 0.2937316198335749 0.8999236457022208 1.1694906005188788 0.5436148489891153 -0.4465766385057348 -1.0921361156966158 -1.3607022031067757 -0.38986081880421075 0.238016667538548 -0.09593942376278086 -0.5012907233942645 -0.44157230147324755 -0.2610825458348671 -0.2464031572062373 -0.42889464765761254 -0.3051207117207566 0.05519155461833947 0.5289354603604854 0.8228568554019144 0.238016667538548 -0.8032190576876737 -0.7932103836226991 -0.9406715148466622 -1.0881326460706258 -0.9553509034752921 -0.9203205442478799 -1.7423663074511517 -2.528714466489346 -3.729755354286334 -4.586164231779352 -4.925124660113169 -5.095939364155408 -4.643880918887374 -3.8518611778790275 -5.263084221040488 -8.10955112511935 -10.416216874627231 -10.958353386480038 -10.992382878300951 -9.399669212094613 -7.2784975552576
