static/data/ASCData/20210117/ASCV/18.asc
ncols 97
nrows 97
xllcorner 99.0
yllcorner 2.0
cellsize 0.25
NODATA_value -32767
[rows 0 to 18 of 97, columns 43 to 85 of 97]
-2.066276054690257 -1.6563208454588394 -1.4805259006648042 -1.5430851354921051 -1.425655510341418 -0.8545840594598006 -0.01370406507719979 0.32145965670705356 -0.6745951994818125 -1.494156125012652 -0.992983260530254 -1.4668956763169567 -1.5829273297396598 -1.3728820776100075 -1.0869968592372032 -1.0408637922137185 -1.2274930178996328 -0.7647643759368048 -0.4911114101838634 -1.311371321578695 -1.8691620410444605 -1.840853113552777 -1.5371437556481715 -1.4277524679333942 -2.110312164121765 -1.6933670962504253 -1.4207626092934724 -1.4620027752690112 -1.4326453689813397 -0.7371544343091134 -0.8895333526594102 -1.2068729349118632 -1.3603003320581482 -1.1338289121246796 -0.5078870709196761 0.25191056323983174 -0.9119009003071601 -1.2725776061271286 -1.441382692281242 -3.1923422815816704 -6.732356189770102 -7.772447155390477 -6.877745249480477
-1.8212815093609955 -1.9149456151359487 -1.9226344596398626 -1.65806831011882 -0.9737611492704685 0.11525882682935906 0.1582464574648781 -0.40408767011683633 -0.9873913736183164 -1.0957341825371052 -0.4932083677758401 -0.22864221825479714 -1.0876958451011953 -1.594810089427527 -1.3232540812665623 -1.098530125993074 -1.3026339982787927 -0.9961286969182188 -0.41107752875675807 -1.0401648063497264 -1.917042572727925 -2.1728713989490656 -1.8202330305650074 -2.0508983656824293 -1.8104472284691169 -2.042860028246519 -1.8125441860610931 -1.5284064323482691 -1.4620027752690112 -1.3477185865062888 -0.8573800029157694 -1.4588573388810464 -1.5056893917685232 -1.2351818624035467 -1.3243025600625504 -1.1268390534847579 -1.2530060019353475 -1.109364406884953 -1.926828374823816 -4.618972429989724 -8.02443155935966 -8.099572539738821 -7.2422663775524025
-1.5850242873316365 -1.483321844120773 -1.868113562248472 -1.8191845517690188 -1.176816542760199 -1.1229946312328005 -1.378823457453941 -1.3679891765620624 -1.0223406668179256 0.05864097184599126 -0.0371200915209382 -1.0908412814891602 -0.9307735186349491 -1.5360952768521834 -1.479477421868816 -1.2851593516789879 -1.3700861341540387 -0.907007999259215 -0.7899278670405234 -1.2862078304749764 -2.0117551572988663 -2.0498498868864408 -1.6150806794833006 -1.7761969211334994 -2.0732659133301787 -2.0225894381907454 -1.6993084760943589 -1.408180863741613 -1.2362303411995348 -1.1638853042763437 -0.843749778567922 -1.2655877474872068 -1.3809204150459178 -1.3183611802186168 -1.393502160597777 -1.1589924032283982 -1.5888687095835934 -2.3242018385033743 -4.904158662498537 -7.822075151733921 -9.13651806897123 -8.317306636372386 -7.756719973450652
-1.9219354737758705 -1.4053849202856443 -1.7157346438981755 -1.8866366876442653 -1.5116307716124568 -1.681484336562558 -1.9775048499632493 -1.9285758394837962 -1.628011917967156 -0.8954747325033439 -0.9363654055468866 -1.5965575540875072 -1.3770759927939609 -0.8720587060596054 -0.9678197694265354 -1.315215743830652 -1.4403342134852535 -1.5039419271085426 -1.0876958451011953 -1.4843703229167615 -1.9628261468194133 -2.0117551572988663 -1.9988239188150112 -2.147358414913351 -2.4521162516139445 -2.313367557611495 -2.0341227049466166 -1.748936472437804 -1.4910106886246872 -1.1104128856809412 -1.5811798650796791 -1.7499849512337926 -1.1921942317680272 -0.9999731191701757 -1.0184962445659687 -1.531202375804238 -2.3671894691388937 -5.769503162120865 -8.178557942369936 -9.279111185225636 -9.57303474103435 -8.840847048502534 -8.348761000252034
-2.604495169964241 -1.9617776680234251 -1.4675946621809488 -1.6052948773874096 -1.6993084760943589 -2.0858476588820385 -2.283311165459831 -2.163085596853175 -1.864269139996515 -1.6825328153585466 -1.73320929049798 -1.8719579845004293 -1.6052948773874096 -1.1104128856809412 -1.093637224945129 -1.4392857346892654 -1.6336038048790935 -1.6923186174544371 -1.5703455841878005 -1.8534348591046363 -2.289951531167757 -2.4063326775224563 -2.590864945616394 -2.7432438639666903 -2.6726462917034794 -2.555566159484788 -2.428700225170206 -2.1463099361173628 -1.583975808535648 -0.9744601351344611 -1.3809204150459178 -1.6384967059270386 -1.117053251388867 -1.3428256854583434 -1.6171776370752768 -2.6425898995518153 -4.338679098528857 -7.764758310886562 -9.71877329367672 -10.73439975405737 -10.058480423576924 -9.773294191068112 -9.459100045203623
-2.9903353668879284 -2.11520506516971 -1.6199735805312456 -1.3886092595498316 -1.5056893917685232 -2.3437734426951558 -2.1875501020929016 -2.140718049205425 -2.0086097209109015 -1.8272228892049291 -1.8387561559608003 -2.010706678502878 -1.7793423575214642 -1.6161291582792887 -1.6004019763394646 -1.5214165737083474 -1.6308078614231247 -1.762566696785652 -1.9823977510111948 -2.2693314481799876 -2.5919134244123816 -2.7079450778350846 -2.902263148024913 -2.820132309005831 -2.7041006555831277 -2.601349733576276 -2.4734353204657062 -1.8915295886922103 -1.3015855194828045 -0.5232647599275042 0.09883265902554195 -0.174820306727399 -0.9063090133952225 -1.131731954532703 -3.695262610724049 -5.480472507360095 -7.32125178018352 -9.400385232628281 -11.358244637670396 -11.372923340814232 -10.769349047256979 -10.968560018494752 -11.342866948662568
-2.6062426346242216 -1.7021044195503277 -1.6052948773874096 -1.3623972896501249 -1.4735360420248824 -2.218654973040554 -1.8212815093609955 -1.9932320319030736 -1.8467944933967102 -1.8086997638091362 -1.7608192321256713 -1.9519918659275346 -1.7031528983463158 -1.6727470132626556 -1.9257798960278274 -1.8279218750689212 -1.6493309868189177 -1.9890381167191205 -1.9617776680234251 -2.38361563694271 -2.7579225671105263 -2.8701097982812724 -2.928824610856616 -2.394449917834589 -2.7449913286266705 -2.633852576251913 -2.0155995795508237 -1.3907062171418083 -1.0447082144656759 -0.3848655588570513 0.8037599028616627 1.2822157267643148 0.4161722412779949 -2.8543826163414483 -6.093832603013239 -9.102617254567608 -10.171017147679667 -11.510623556020693 -11.784276521773634 -11.744084834594084 -11.933510003735966 -12.317253243067677 -12.999812939256048
-2.159241174601218 -1.5682486265958238 -1.628011917967156 -1.8660166046564957 -2.1728713989490656 -1.98729065205914 -1.6182261158712654 -1.7129387004422068 -1.8230289740209762 -1.9072567706320345 -2.0508983656824293 -1.9257798960278274 -1.3809204150459178 -1.4882147451687184 -1.7685080766295855 -2.0341227049466166 -1.946399979015597 -1.946399979015597 -1.5713940629837886 -2.1795117646569917 -2.7352055265307804 -2.8592755173893933 -2.5206168662851787 -2.1162535439656986 -2.726468203230878 -2.280165729071866 -1.6346522836750816 -1.3679891765620624 -1.2215516380556992 -1.1044715058370076 -0.511731493171633 0.25994890067574117 -2.165881540309144 -5.848488564751982 -8.827216824154688 -11.017489028974206 -11.47252882643312 -11.925821159232052 -12.25084958598842 -12.561548802532945 -12.822270529802031 -13.618065935957137 -13.20706224792973
-2.8173363655498624 -2.0536943091383977 -1.744043571389859 -1.864269139996515 -2.140718049205425 -1.913198150475968 -1.6248664815791911 -1.445227114533199 -1.6182261158712654 -1.7412476279338902 -1.7646636543776286 -2.0868961376780266 -1.6689025910106987 -1.4724875632288943 -1.695114560910406 -2.113108107577734 -2.4021387623385033 -2.0673245334862456 -1.6786883931065892 -2.31651299399946 -2.786930480466202 -2.6425898995518153 -2.070120476942214 -2.3035817555156046 -2.307426177767562 -1.7754979352695073 -1.6563208454588394 -1.7042013771423044 -1.5818788509436716 -1.5486770224040427 -1.542036656696117 -2.802657662406026 -5.898466054027423 -9.099471818179644 -11.101367332653268 -11.360341595262373 -11.724513230402302 -12.31340882081572 -12.784175800214458 -13.180500785098028 -13.42095192231134 -14.091628858811843 -11.913938399544184
-3.1248901457064244 -1.9698160054593354 -1.4190151446334918 -1.56055978209191 -2.1463099361173628 -2.6279111964079798 -2.670898827043499 -1.8426005782127572 -1.1523520375204725 -1.0010215979661639 -1.3222056024705742 -1.5105822928164683 -1.975407892371273 -2.481473657901616 -2.9256791744686512 -3.043807785483331 -2.710741021291054 -2.230537732728421 -2.164134075649163 -2.4832211225615968 -2.8271221676457525 -2.862420953777358 -2.5712933414246124 -2.5059381631413427 -2.080954757834093 -1.7244719671980775 -1.7049003630062964 -1.6542238878668627 -1.3721830917460154 -1.6797368719025778 -2.786930480466202 -5.987237258754431 -9.05962962393209 -10.801851889932616 -11.212855577960022 -11.673836755262869 -12.229530517136658 -12.649271528463965 -13.022529979835793 -13.490151522846567 -13.756814629959585 -12.593702152276586 -7.244013842212383
-3.2559499952049595 -1.8387561559608003 -1.36729019069807 -1.7646636543776286 -2.392702453174609 -2.287155587711788 -2.010706678502878 -1.6972115185023822 -1.7566253169417183 -1.7713040200855543 -1.4990490260605975 -1.4588573388810464 -1.8104472284691169 -2.5604590605327333 -3.041011842027362 -2.978452607200061 -2.4531647304099327 -1.8436490570087454 -2.142465513865406 -2.5828266081804836 -2.8009101977460458 -2.7383509629187452 -2.612184014468155 -2.676840206887433 -2.1532997947572845 -1.860424717744558 -1.080007000597281 -0.6728477348218322 -1.6650581687587418 -4.624913809833658 -6.859222124084685 -9.107510155615554 -10.30766888409014 -11.081096742597493 -11.45715113742529 -12.02437816605495 -12.347659128151337 -12.7177721431352 -13.054683329579435 -13.313308099256544 -13.308415198208598 -11.998865182019236 -5.55072058669131
-3.4600538674906782 -2.11520506516971 -1.5486770224040427 -1.8943255321481791 -2.5800306647245144 -2.2022288052367376 -1.6465350433629489 -1.1453621788805508 -1.3858133160938628 -1.7880796808213666 -1.5039419271085426 -1.8027583839652026 -1.926828374823816 -2.813491943297905 -3.1884978593297135 -2.965870861648202 -2.2354306337763665 -1.8223299881569837 -2.412973043230382 -3.0214402378355807 -2.9861414517039755 -2.226343817544468 -1.8359602125048315 -2.5349460764970186 -1.9013153907881009 -1.8328147761168667 -1.7996129475772378 -2.0341227049466166 -4.883888072442764 -7.473630698533817 -8.94324847757739 -9.791118330599913 -10.776338905896901 -11.210059634504052 -11.655313629867075 -12.040804333858766 -12.496892610113669 -12.767400139478646 -12.918031593168962 -13.053634850783446 -12.592653673480598 -11.55570814424819 -5.071216283992669
-3.4128723216712054 -3.0644278684711006 -2.5206168662851787 -2.492307938793495 -2.7432438639666903 -2.095633460977929 -1.709793264054242 -1.1855538660601015 -1.109364406884953 -1.382667879705898 -1.5692971053918123 -2.0830517154260697 -2.412973043230382 -3.099726654602706 -3.425803560155061 -3.196186703833628 -2.7862314946022098 -2.6055436487602295 -2.677539192751425 -3.3408767776800103 -3.148306172150163 -2.389557016786644 -1.792972581869312 -2.1267383319255813 -1.8740549420924055 -2.3818681722827297 -2.875002699329218 -5.204023598151185 -7.673890148567578 -8.76081316707543 -9.649224200209499 -10.454106422596503 -10.892370559319604 -11.302675261483017 -11.651469207615119 -12.08798587967824 -12.543025677137154 -12.512619792053492 -12.632845360660149 -12.507726891005548 -12.080996021038317 -10.647376013990343 -4.386559630212322
-3.594608646309174 -3.4023875337113227 -3.547776593421698 -3.4394337845029086 -2.944202299864444 -2.323153359707386 -1.8328147761168667 -1.1534005163164607 -1.3309429257704761 -1.65806831011882 -1.6552723666628513 -2.5038412055493664 -3.093785274758772 -3.627810474848803 -3.316412272440284 -3.3758260708796195 -4.850686243903135 -3.582026900757315 -3.42859950361103 -4.388656587804299 -5.146357264371829 -4.315263072085119 -3.9091522851056584 -3.7295129180596662 -3.7752964921511545 -4.318408508473084 -6.015546186246114 -7.742041270306816 -8.745085985135605 -9.461895988659593 -10.132922418092093 -10.676733420278014 -10.996868945986435 -11.353351736622452 -11.880736571004556 -12.232326460592626 -12.497941088909657 -12.387501322398892 -12.274265612432156 -11.69515582411463 -11.198176874816186 -9.417859879228084 -4.209017220758307
-4.0692200479598695 -4.070268526755857 -4.099625933043529 -4.009806249520533 -3.396446153867389 -2.804754619998003 -2.066276054690257 -1.8653176187925036 -2.122194923809632 -2.4881140236095423 -2.4412819707220654 -3.227641067713276 -3.381767450723553 -3.478576992886471 -3.8116437570787483 -4.200279897458405 -6.305625319802871 -4.529152746466728 -4.545928407202541 -6.334982726090544 -7.417012843550449 -6.246910507227528 -6.115151671865001 -5.828217974696209 -6.226639917171754 -6.825321309681064 -7.527452610061215 -8.810441163418874 -9.32524425224912 -9.985436400789741 -10.433486339608733 -10.856372787324005 -11.219845436599943 -11.542077919900342 -12.043949770246732 -12.277411048820122 -12.31061287735975 -12.184445928909161 -11.359293116466384 -10.777387384692888 -10.118942700812248 -8.143608649170329 -4.22928781081408
-4.202027362118385 -4.3963454323082125 -4.315263072085119 -4.2568977524417715 -3.649479036632561 -3.0127029145356783 -2.271428405771964 -2.110312164121765 -3.013751393331667 -3.3457696787279554 -3.3593999030758033 -3.661012303388432 -3.7725005486951857 -5.078905128496584 -5.5947566961228175 -6.002964440694255 -7.259741024152207 -5.748883079133095 -6.514622093136536 -8.306472355480507 -8.144657127966315 -6.716629007830278 -6.995174874631164 -7.018590901074903 -7.529200074721196 -8.058681866695277 -8.742290041679636 -9.398288275036304 -9.750926643420362 -10.333880853989847 -10.600543961102865 -11.059428180813736 -11.424648294749653 -11.735347511294181 -12.013543885163072 -12.17291266215329 -12.177805563201236 -11.794761309733516 -10.953881315350916 -9.727510616976623 -9.011749092248625 -6.772547876949653 -4.97545522062574
-4.310370171037174 -4.463797568183459 -4.431644218439819 -4.241170570501947 -3.360448381871792 -2.1239423884696125 -1.3875607807538435 -2.042860028246519 -3.3974946326633777 -3.7518804657074165 -4.181756772062611 -4.490359031015162 -5.348713671997568 -6.837903055232923 -8.520362029862117 -8.975401827321031 -8.862166117354295 -8.360294267007905 -8.767453532783355 -8.50498434085429 -7.729459524754957 -7.103517683549954 -7.578129085200649 -7.7284110459589686 -8.329189396060254 -8.810441163418874 -9.191388459294616 -9.77713861332007 -10.07315912672076 -10.56524517497126 -10.859168730779976 -11.196079917224209 -11.534039582464432 -11.777286663133712 -12.045697234906712 -12.07994754224233 -11.91883130059213 -11.50468217617676 -10.514568699831827 -9.309517070309296 -7.844792192313668 -5.55072058669131 -4.784981572687869
-4.747935321896283 -4.307574227581205 -4.375026363456451 -4.215657586466232 -3.161237410634018 -1.8621721824045387 -1.8321157902528746 -2.824326224189784 -4.547675871862522 -4.7664584472920755 -5.709040884885541 -7.543878777865031 -8.7276113385358 -9.230531667678179 -9.93371144685432 -9.726462138180636 -9.203970204846476 -9.235424568726124 -8.926822309773573 -8.340722662816125 -7.852481036817582 -7.783980422146348 -8.073360569839114 -8.477374399226598 -9.00580771240469 -9.373124783932585 -9.692211830845018 -10.067217746876826 -10.38455732912928 -10.825966902240346 -11.144354963288787 -11.443171420145447 -11.690262923066685 -11.914986878340173 -12.069462754282446 -11.923724201640075 -11.698301260502596 -10.886778672407667 -9.740092362528483 -8.219798108345476 -6.424802409613539 -5.7303599537373024 -6.360146217194263
-6.118996094116958 -4.651475272665361 -4.15414683043492 -4.211813164214275 -3.5439321711697405 -2.845645293041546 -3.870009076722096 -6.315411121898762 -8.455006851578847 -8.673789427008401 -8.713981114187952 -9.730306560432593 -10.270622633298553 -10.154241486943855 -9.8281645813915 -9.701298647076916 -9.453158665359691 -9.293789888369473 -8.771297955035312 -8.252999936885105 -8.017441700719738 -8.106562398378742 -8.538186169393917 -9.031320696440405 -9.30462416926135 -9.641535355705585 -10.024230116241307 -10.366034203733486 -10.774241948304924 -11.102415811449255 -11.369078918562275 -11.641683405519228 -11.827963138273146 -11.934558482531955 -12.069462754282446 -12.11210089198597 -11.652168193479111 -10.20911187726724 -8.553563858401745 -7.216753393516688 -6.548872400472153 -7.12972965344966 -8.268377625892933
