static/data/ASCData/20210117/ASCV/21.asc
ncols 97
nrows 97
xllcorner 99.0
yllcorner 2.0
cellsize 0.25
NODATA_value -32767
[rows 57 to 75 of 97, columns 43 to 85 of 97]
-14.943946789831497 -14.441939079379319 -14.94287944530183 -14.725141161250285 -14.716602405012969 -14.809105597583887 -14.697034421969121 -14.722294909171179 -14.737949295606258 -14.506691314178962 -14.543692591207328 -14.622676086402498 -14.529105549301915 -14.46862269262093 -14.264404105945133 -14.076907250234079 -14.00361625919712 -13.81718674801573 -13.695865253143873 -13.588419237157652 -13.623641606636578 -13.243666954076037 -12.74379393268319 -11.455864866888092 -10.013526625801541 -9.067147809499067 -8.524225225409753 -8.470502217416643 -8.34242087385691 -8.408952016205994 -7.832585970187193 -8.085546623717667 -8.279091765096819 -8.516398032192214 -8.352382756133778 -8.153145110596414 -7.690273366231935 -7.334491856343787 -6.736067356711922 -6.152941462005247 -5.315076006218659 -5.358125568915124 -5.00554609261597
-14.974188218171989 -14.749690085432567 -15.008343243121251 -14.802345748896013 -14.584607464844467 -14.682447380063707 -14.845395311592478 -14.872790487853866 -14.812307631172882 -14.612002641105853 -14.465420659031937 -14.404937802350952 -14.394264357054308 -14.399956861212518 -14.233095333074976 -14.000770007118016 -13.920719167393182 -13.919651822863518 -13.843514579747454 -13.553552649188614 -13.388470028600512 -13.050477594206772 -12.47446732969786 -11.160921995190817 -9.670553250269366 -8.722395526417452 -8.361988856900759 -8.283716924725365 -8.116855396587823 -8.168799497031493 -7.773170458035873 -7.888443667239633 -8.03111205270478 -7.694186962840703 -7.508469014679091 -7.028163976330091 -6.5973125678555435 -6.016321362208198 -5.390145904805058 -4.620946280426882 -5.044682058703666 -5.288748174486935 -6.198837276780818
-15.053527494877045 -15.01439152878935 -15.033959511833197 -14.872790487853866 -14.600261851279544 -14.568953078409388 -14.728343194839278 -14.763209782808316 -14.702726926127331 -14.682447380063707 -14.540846339128224 -14.360109332105045 -14.401024205742182 -14.382523567227999 -14.23024908099587 -13.999702662588351 -13.75955014341385 -13.752790294725976 -13.689105404455997 -13.424403961099216 -13.07395917385939 -12.89713576344498 -12.248546070918886 -10.69591556176701 -9.21266244704332 -8.579727140952304 -8.22928235371248 -7.894136171397843 -7.710552912295559 -7.715533853433993 -7.63334832464983 -7.709485567765894 -7.56041311512276 -7.21850708412025 -6.599447256914873 -6.119853781585649 -5.582623701654546 -4.996651554868766 -4.280819156973812 -3.294592811563866 -4.628773473644421 -6.2283671421015345 -7.131696395707542
-15.12361645232501 -15.094442368514182 -14.953908672108364 -14.784912454911494 -14.559346977642408 -14.494950524352653 -14.461507062423166 -14.496729431902093 -14.552587128954533 -14.583540120314803 -14.615916237714623 -14.469334255640707 -14.462574406952832 -14.35334948341717 -14.191113114908175 -14.00752985580589 -13.767377336631391 -13.567072346564363 -13.464607271716577 -13.187097694003821 -12.806411478423502 -12.692205613749406 -11.610985605199325 -10.012459281271877 -9.009511204897187 -8.376575898806172 -8.192992639703887 -7.783843903332517 -7.762497012739228 -7.651137400144238 -7.596347047621464 -7.5202098045053996 -7.294644327236314 -6.603360853523642 -5.983233681788601 -5.365952762132664 -4.764326228911806 -4.323868719670278 -3.4479346423256576 -2.479141590900231 -5.448849853936602 -7.083665891872641 -7.456880695745309
-15.283006568754901 -15.126818485914004 -14.82013482439042 -14.519143667025046 -14.39924529819274 -14.441227516359543 -14.388216071386209 -14.328800559234887 -14.392129667994979 -14.364022928713814 -14.476094104328581 -14.421659533315694 -14.254442223668265 -14.163717938646787 -14.116754779341552 -13.921430730412958 -13.799397672521323 -13.607275657181724 -13.303438247737246 -12.940185326141446 -12.626741815929988 -12.409003531878442 -11.01825360972567 -9.764479568879837 -8.893170651163762 -8.55731290582935 -8.366969798039191 -8.21540687482684 -8.366969798039191 -8.087681312776995 -7.898049768006613 -7.650070055614574 -7.034923825017966 -6.323005023731781 -5.704656759546181 -5.048595655312436 -4.282953846033141 -4.0484938310168515 -2.940945990735047 -2.585520262356787 -6.085698756636386 -7.57001921588974 -7.798430945237931
-15.268419526849486 -15.195840098832305 -14.882396588620846 -14.462574406952832 -14.504556625119633 -14.567174170859946 -14.497796776431759 -14.385369819307103 -14.185064829240076 -14.060185519269336 -14.14023635899417 -14.105013989515243 -13.881583201305485 -13.852409117494657 -13.869842411479176 -13.87090975600884 -13.847428176356223 -13.679499303689019 -13.286004953752727 -12.639194168776074 -12.333577851782154 -12.005547299665281 -10.780947342630276 -9.805394442516974 -9.316906429440547 -8.991010566383004 -8.757617895896379 -8.699981291294499 -8.635584838004743 -8.464453931748544 -8.28087067264626 -7.438024275721237 -6.871620111979306 -6.333678469028426 -5.822776220829045 -5.199091233995122 -4.4519500632300115 -3.215609316368697 -2.066079257920091 -2.916752848062653 -6.5425222153327685 -7.931493229936098 -7.9528401205293875
-15.445954500283673 -15.381558046993918 -15.027199663145323 -14.740083984665587 -14.668571901178069 -14.631570624149703 -14.576780271626927 -14.332714155843657 -13.95380684781278 -13.719346832796491 -13.760261706433628 -13.653171471957295 -13.682345555768123 -13.758482798884186 -13.747809353587542 -13.806513302719086 -13.839600983138684 -13.581659388469777 -12.957618620125965 -12.279854843789044 -11.79456886430161 -11.222472196401467 -10.518380588332823 -9.954822676669997 -9.539625654630527 -9.161785691129314 -8.85332312205629 -8.735203660773426 -8.667605173894676 -8.543793208453602 -8.11970164866693 -7.419523637207053 -6.877668397647405 -6.406969460065385 -5.982166337258936 -5.1275791505076045 -3.4568291800728614 -1.8277056462950318 -2.02018344314452 -4.542674348251489 -7.129561706648213 -7.709485567765894 -7.8051907939258065
-15.031824822773869 -15.102269561731722 -15.01439152878935 -14.928292403396417 -14.653984859272656 -14.533019145910686 -14.458660810344062 -14.187199518299405 -13.76346374002262 -13.477059624562662 -13.524022783867897 -13.367834701027 -13.460693675107807 -13.798686109501547 -13.83853363860902 -13.83462004200025 -13.81718674801573 -13.592332833766422 -13.02414976247505 -12.21545839049929 -11.56224353834465 -10.825775812876183 -10.360057816432597 -9.866944643727624 -9.398024613695044 -9.048647170984884 -8.890324399084657 -8.93230661725146 -8.826995290324566 -8.410730923755434 -7.757516071600794 -7.287884478548439 -6.56137863535684 -6.278176553485875 -5.558430558982152 -3.794465832956714 -2.1824198116535154 -3.434414944949908 -5.108011167463756 -5.833805447635578 -6.9516709517041395 -7.272230092113361 -7.432331771563026
-14.67248549778684 -14.859982353497893 -14.741862892215028 -14.732968354467824 -14.601329195809209 -14.536932742519454 -14.323108055076677 -14.01144345241466 -13.699778849752642 -13.478126969092326 -13.646055841759532 -13.49662760760651 -13.456780078499037 -13.89047773905269 -13.88265054583515 -13.735001219231568 -13.725395118464588 -13.71756792524705 -13.271062130337423 -12.180236021020363 -11.55619525267655 -10.815102367579538 -10.024200071098186 -9.56203988975348 -9.485902646637417 -9.357109740057908 -9.236855589715713 -9.110197372195532 -8.823081693715798 -8.51710959521199 -7.473246645200164 -6.821810700594964 -6.523310013798809 -6.454644182390396 -5.29372911562537 -3.036651216894959 -2.299471928406716 -5.4285703078729775 -6.664911054734292 -6.3689008385073524 -6.208799159057686 -6.454644182390396 -6.318024082593348
-14.340541349061196 -14.332714155843657 -14.397110609133412 -14.487123331135114 -14.314213517329474 -14.401024205742182 -14.252663316118824 -14.061252863799 -13.78089703400714 -13.718279488266825 -13.864861470340744 -13.607275657181724 -13.412663171272907 -13.71756792524705 -13.774137185319265 -13.671672110471478 -13.738914815840339 -13.736068563761233 -13.352180314591921 -12.25744060866609 -11.560108849285319 -10.892306955225266 -10.028113667706954 -9.314060177361442 -9.298405790926363 -9.421506193347662 -9.285953438080279 -9.124784414100947 -8.781811038568772 -7.934339482015204 -6.962700178510671 -6.6118996097609575 -6.467452316746369 -5.904961749613207 -4.011492553988484 -2.1226485179923067 -4.110044032227501 -6.565292231965611 -6.688036852877021 -6.509434534913171 -6.012407765599429 -5.610018877915933 -5.290882863546265
-13.986894528232378 -13.943133402516136 -14.116043216321776 -14.137390106915065 -14.01144345241466 -14.103235081965803 -14.235941585154082 -14.055204578130903 -13.991875469370811 -13.996856410509245 -14.035992376596942 -13.747809353587542 -13.440058347534293 -13.31411169303389 -13.44681819622217 -13.517262935180023 -13.578813136390671 -13.565293439014923 -13.209511929126775 -12.31329830571853 -11.593552311214806 -10.804428922282893 -9.827808677639927 -9.118736128432849 -9.040819977767343 -9.153958497911775 -8.893170651163762 -8.697846602235169 -8.199040925371985 -7.486054779556137 -7.135609992316311 -5.676550020265017 -4.9048599253176235 -3.9040465380022633 -2.1881123158117255 -3.981962688667768 -5.995686034634685 -6.600158819934649 -6.495914837537422 -6.320870334672453 -5.684377213482556 -5.330730392653737 -4.551568885998693
-13.543590766911745 -13.574899539781903 -13.866996159400072 -13.855966932593539 -13.815052058956402 -13.878736949226381 -14.009308763355332 -13.996856410509245 -13.936373553828261 -14.005395166746561 -13.943133402516136 -13.644276934210092 -13.262523374100109 -13.005649123960865 -13.018101476806951 -13.080719022547266 -13.113095139947086 -13.109893106358093 -13.034823207771694 -12.231112776934367 -11.547656496439235 -10.669587730035285 -9.669485905739702 -9.024098246802602 -8.942980062548104 -8.998837759600542 -8.746588669089846 -8.422471713581743 -7.985216237929208 -7.635483013709159 -6.69977764270333 -4.547655289389923 -3.13057753550543 -2.2165748366027778 -4.021098654755464 -5.802496674765421 -6.012407765599429 -6.070044370201309 -6.197769932251154 -5.829891851026808 -5.397261535002821 -5.230044225355391 -4.4665371051354255
-13.19883848383013 -13.418711456941006 -13.753501857745752 -13.745674664528213 -13.747809353587542 -13.766309992101727 -13.825013941233271 -13.811138462347632 -13.693019001064767 -13.775916092868705 -13.508368397432818 -13.222320063482748 -12.857288234337508 -12.61108742949491 -12.566970522268779 -12.272027650571504 -12.303336423441662 -12.490833279152715 -12.463438102891327 -11.748673049526039 -10.98196389571708 -10.117059045178992 -9.021251994723496 -8.39436497430058 -8.332814773089929 -8.389384033162145 -9.034771692099245 -8.693221442606623 -8.460540335139775 -7.851086608701378 -5.407934980299465 -3.2789384251287874 -2.392330902487523 -3.9449614116394005 -5.751619918851416 -5.739879129025107 -5.456677047154141 -5.386588089706176 -5.599345432619288 -5.243919704241029 -5.314008661688994 -5.11690570521096 -4.873551152447467
-13.326919827389863 -13.605140968122395 -13.758482798884186 -13.662777572724275 -13.585572985078548 -13.657085068566065 -13.71151963957895 -13.572053287702797 -13.417644112411342 -13.274975726946193 -12.945877830299656 -12.708571563204263 -12.36880022126108 -12.194111499906 -11.904861132366936 -11.60600466406089 -11.42953703515637 -11.593552311214806 -11.441989388002455 -10.827910501935511 -9.680515132546233 -8.606054972684028 -7.417744729657613 -6.58272552595013 -6.593398971246774 -7.778862962194083 -8.701760198843939 -9.500845470052719 -9.467402008123234 -8.045699094610194 -4.228163493510366 -3.162953652905251 -3.458608087622302 -4.670755691811222 -4.674669288419992 -4.266232115068398 -4.727324951883438 -4.830857371260889 -5.009459689224739 -5.018354226971943 -5.168494024144741 -4.93438979063834 -4.844377068636638
-13.59055392621698 -13.715433236187721 -13.513349338571253 -13.44112569206396 -13.43721209545519 -13.502675893274608 -13.468520868325346 -13.303438247737246 -13.143336568287578 -12.969359409952274 -12.598279295138935 -12.354213179355666 -11.943997098454632 -11.753653990664473 -11.441989388002455 -11.084784752074754 -10.799447981144459 -10.431214118410226 -10.066182289264987 -9.706842964277957 -8.357007915762324 -6.891188095023153 -5.667655482517813 -4.950044177073418 -5.1941102928566885 -6.618659458448833 -8.178405597798474 -9.375610378572091 -10.285699480865974 -9.044733574376114 -5.283055670328725 -3.3052662568605102 -2.288798483110072 -1.4576928760113579 -1.4029025234885832 -2.1970068535589293 -3.1960413333248487 -4.222470989352156 -4.861098799601382 -5.171696057733735 -5.139319940333913 -4.87675318603646 -4.737998397180082
-13.521176531788791 -13.521176531788791 -13.12554749279317 -13.072891829329725 -13.133374686010711 -13.207733021577333 -13.207733021577333 -13.132663122990934 -12.996754586213662 -12.789689747458759 -12.510401262196563 -12.404022590740007 -11.841532023606845 -11.480058009560487 -11.189028734471982 -10.715483544810857 -10.20173504453237 -9.730324543930575 -9.219422295731194 -8.833755139012442 -8.344555562916238 -7.267249150974926 -6.22907870512131 -5.4371090641102935 -5.183436847560044 -5.6569820372211685 -6.950959388684362 -8.597516216446712 -10.050527902829907 -8.708520047531813 -4.097235897871528 -1.1687982899821816 0.5891181503751572 1.586373722591636 1.8539214180275239 1.030643004146349 -0.8386330488059803 -2.905012058236344 -4.332763257417482 -5.106232259914315 -5.171696057733735 -5.062115352688185 -4.792788749702857
-13.412663171272907 -13.283870264693398 -13.041583056459569 -12.83772025129366 -12.895356855895539 -12.9565512755963 -12.997821930743326 -13.011341628119077 -12.89322216683621 -12.574797715486318 -12.235026373543137 -12.117974256789937 -11.796703553360938 -11.4526628332991 -11.203971557887284 -10.60697018429497 -9.922446559270174 -9.478075453419878 -9.181353674173163 -8.822014349186134 -8.660845325206802 -8.021150170427912 -7.315279654809826 -6.6784307521100414 -6.2429541840069485 -5.998888068223678 -6.23690589833885 -6.458557778999166 -6.566003794985386 -5.383386056117183 -2.734236933490033 -0.8357867967268753 0.45356539510777294 1.6625109657077002 2.4299316825364348 1.9905415178245724 0.4720660336219571 -1.1929914326545759 -2.535710850972446 -4.323868719670278 -5.0496629998421 -5.399040442552261 -5.3054699054516785
-13.07395917385939 -12.959753309185295 -12.997821930743326 -12.857288234337508 -12.738101428524978 -12.68224373147254 -12.650223395582605 -12.68615732808131 -12.677262790334105 -12.44387011984748 -12.14821568513043 -11.9539589807315 -11.885293149323088 -11.684276596236284 -11.280820364023123 -10.577796100484143 -9.851290257292545 -9.413679000130124 -9.27599155580341 -9.141150363555802 -8.732001627184431 -8.173424656660039 -7.57571172004795 -7.016423186503782 -6.775203322799618 -6.428316350658673 -5.7583797675392905 -5.5210735004438956 -4.630552381193862 -3.5240718854417215 -2.459573607856383 -1.947959796637226 -0.7585822090811472 0.10881311202615773 0.6311003685419592 0.48060478985927224 -0.3931945984260192 -1.0837665091189144 -1.9849610736655934 -3.652153229001455 -5.297642712234139 -5.865825783525512 -6.085698756636386
-12.727072201718446 -12.696830773377954 -12.753755814960057 -12.72813954624811 -12.541710035066721 -12.417542288115756 -12.37662741447862 -12.219371987108058 -12.102319870354858 -12.046462173302418 -11.882446897243982 -11.656881419974896 -11.609206697649885 -11.397160917756548 -10.919702131486654 -10.340489833388748 -9.89433981998901 -9.5044032851516 -9.303386732064798 -9.08956204462202 -8.621709359119105 -8.149943077007421 -7.558278426063431 -6.905775136928568 -6.497693745086862 -5.787909632860007 -5.111924764072526 -4.519192768598871 -3.5845547421227066 -2.5485189853284194 -2.1315430557395105 -1.8462062848092156 -1.8444273772597748 -1.1851642394370367 -1.0094081735522917 -1.0876801057276841 -1.3982773638600374 -2.128696803660405 -2.781911655815045 -3.719395934370315 -5.508621147597811 -6.614034298820286 -6.867706515370536
