static/data/seaWater_vo/2023/7/9/0.asc
ncols 137
nrows 93
xllcorner 108.0
yllcorner 17.0
cellsize 0.25
NODATA_value -32767
[rows 0 to 25 of 93, columns 58 to 115 of 137]
-32767.0 -32767.0 -32767.0 -32767.0 -32767.0 -32767.0 -32767.0 -32767.0 -32767.0 -32767.0 -32767.0 -32767.0 -32767.0 -32767.0 -32767.0 -32767.0 -32767.0 -32767.0 -32767.0 -32767.0 -32767.0 -32767.0 -0.06679217 -0.17525108 -0.23037113 -0.09539989 0.030284354 0.14951314 0.28169316 0.31437382 0.26131773 0.15248583 0.1186786 0.23430176 0.3191343 0.4316438 0.56323814 0.5713647 0.37658897 0.22862674 0.26144916 0.2969852 0.25498968 0.1746497 0.2728608 0.22702222 -0.15369521 -0.3363315 -0.19922519 -0.062262513 0.25337908 0.31057388 -0.029792698 -0.2735221 -0.028142022 0.012020774 -0.16951571 -0.17968144
-32767.0 -32767.0 -32767.0 0.0022037132 -0.00614523 -0.003419416 0.003911834 0.014419994 0.021589302 0.01016138 -32767.0 -32767.0 -32767.0 -32767.0 -32767.0 -32767.0 -32767.0 -32767.0 -32767.0 -32767.0 -32767.0 -0.11348101 -0.081523575 -0.21742423 -0.09642773 -0.087580904 -0.061639544 -0.012226636 -0.011463733 0.11430277 0.20189902 0.18651074 0.28306067 0.29074532 0.3568969 0.29381907 0.2287041 0.36180377 0.07885137 0.06432061 0.034906812 0.28105903 0.32330373 -0.005692223 -0.2101603 -0.14432763 -0.068553016 0.07043829 0.045367055 0.12153508 0.34073886 0.20457739 -0.1918951 -0.38219997 -0.30621755 -0.33365503 -0.4466028 -0.33240643
-32767.0 0.015833478 -32767.0 0.012314643 -0.037995037 0.01333302 0.05038089 0.055549327 0.08624253 0.029701203 0.033897202 0.03089219 -32767.0 -32767.0 -32767.0 -32767.0 -32767.0 -32767.0 -32767.0 -32767.0 -32767.0 -0.10577773 -0.18360439 0.111761324 0.09527828 0.010709698 -0.0587873 0.06946277 0.11573458 0.10293598 0.16916999 0.23446214 0.303128 0.16653258 0.24343817 0.07666598 -0.07337133 0.098608255 -0.03466426 0.037679423 0.055932175 0.38811332 0.498262 0.027442656 -0.43495497 -0.2371816 0.1097468 0.26434052 0.3457378 0.4520289 0.24907267 -0.118036844 -0.50021374 -0.30425778 -0.33240843 -0.32131445 -0.281553 -0.27731183
-0.019298768 -32767.0 -0.034684006 0.09687211 0.024098886 0.18264836 0.040554002 0.1475382 0.12867731 0.12669662 0.06217128 0.12246011 -32767.0 -32767.0 -32767.0 -32767.0 -32767.0 -32767.0 -32767.0 -32767.0 -0.0871645 -0.11767193 -0.07896136 0.14462863 0.15760508 0.29343948 0.3416875 0.37662512 0.28500018 0.1107115 0.021966817 -0.10948574 0.31520048 -0.029474366 -0.13989595 0.01558258 0.02564025 -0.07478771 -0.11912169 0.2759394 0.48174185 0.41534474 0.24796173 -0.0894135 -0.46675017 -0.43072185 0.041832484 0.2216868 0.41579977 0.49969557 0.13459416 -0.2549948 -0.5757868 -0.5003377 -0.2537491 0.07819079 -0.12158772 -0.14945209
0.12379868 -32767.0 0.04359975 0.006589983 0.13110349 0.27944723 0.21921054 0.23059422 0.25942507 0.14858551 0.13614471 -32767.0 -32767.0 -32767.0 -32767.0 -32767.0 -32767.0 -32767.0 -32767.0 -32767.0 -32767.0 -32767.0 -0.23447603 0.0017690142 0.23239616 0.26294708 0.3833266 0.70839673 0.5357455 0.45587865 0.33939797 0.17817959 0.34200406 0.29826242 0.1740885 0.17068766 0.08959521 0.05806325 0.23620307 0.47152355 0.52551097 0.30474463 -0.025688743 -0.29072696 -0.5790144 -0.42988446 -0.013391992 0.025011104 0.12545754 0.5773116 0.47992352 -0.1192065 -0.48507485 -0.6161613 -0.24047925 0.18262228 0.058436103 -0.1739156
0.24449939 0.103320606 0.12759213 0.14195926 0.20598733 0.24405164 0.1677139 0.14995535 0.17306611 0.1621529 0.060864966 -32767.0 -32767.0 -32767.0 -32767.0 -32767.0 -32767.0 -32767.0 -32767.0 -32767.0 -32767.0 -32767.0 -32767.0 -0.23377866 -0.11917682 0.20506327 0.3207829 0.712786 0.8385511 0.78084844 0.54835486 0.33281714 0.21977897 0.18138252 0.22470298 0.25960115 0.24646392 0.21621959 0.29207283 0.410551 0.31402948 -0.0064157313 -0.25976077 -0.440241 -0.6398473 -0.32788363 -0.051136103 -0.03483175 -0.19956318 0.29406902 0.73794335 0.23306485 -0.37414497 -0.6684168 -0.22092634 0.063062206 0.1651051 0.08945304
0.31804273 0.24908115 0.19725102 0.09631367 0.014955098 0.01764089 -0.043470584 0.06876542 0.20030873 0.27042678 0.076148964 -32767.0 -32767.0 -32767.0 -32767.0 -32767.0 -32767.0 -32767.0 -32767.0 -32767.0 -32767.0 -32767.0 -32767.0 -32767.0 -0.39024252 -0.05151547 0.27516392 0.4022768 0.7685599 0.8012745 0.583119 0.525838 0.41978773 0.30255032 0.23852153 0.19154286 0.12083144 0.16882624 0.23347487 0.20453148 0.10233341 -0.1556399 -0.36016554 -0.4348776 -0.2854085 0.06655966 0.20268142 0.050974403 0.09964987 0.36611912 0.51907873 0.20114586 -0.23574251 -0.5274435 -0.25288802 0.037842207 0.3322493 0.289779
0.20610869 0.14160529 0.006712121 -0.040412787 -0.09401567 -0.15384328 -0.123542175 0.03908862 0.33092216 0.015109891 -32767.0 -32767.0 -32767.0 -32767.0 -32767.0 -32767.0 -32767.0 -32767.0 -32767.0 -32767.0 -32767.0 -32767.0 -32767.0 -32767.0 -32767.0 -0.23308422 0.12302494 0.16418223 0.5506306 0.6545271 0.6135899 0.42414367 0.42679396 0.27974883 0.11175814 -0.07666141 0.13380244 0.09151328 0.026459243 0.11168492 0.010245791 -0.2264464 -0.41699365 -0.19154632 0.22090797 0.34403524 0.4208761 0.19324778 0.12128641 0.22618663 0.2623831 0.07984605 -0.064588055 -0.21004748 -0.23907393 0.20735335 0.3654596 0.28764558
0.14629494 0.12810373 0.068592384 -0.02133221 -0.0078959465 -0.09226951 -0.11400679 0.047073133 0.23841809 -32767.0 0.1602335 -32767.0 -32767.0 -32767.0 -32767.0 -32767.0 -32767.0 -32767.0 -32767.0 -32767.0 -32767.0 -32767.0 -32767.0 -32767.0 -32767.0 -0.25325635 -0.06517831 0.3027391 0.843024 0.6758429 0.453361 0.4154546 0.2647556 0.16361916 -0.13261943 -0.0297186 0.118696526 0.105966225 -0.058008425 -0.058548134 -0.013128046 -0.29538175 -0.44466165 -0.08889359 0.12288813 0.4146312 0.22385943 0.149282 0.18049417 0.10230713 0.20292841 -0.06151469 0.063569345 0.058254957 0.101511516 0.20061491 0.18354854 0.13967519
0.1245337 0.08652951 0.049551874 0.016497863 0.0976621 -0.008740135 -0.13229819 -0.08706811 -0.0945061 0.19280785 0.17970599 0.09500295 0.040119223 0.020057704 0.05331638 0.05094727 -32767.0 -32767.0 -32767.0 -32767.0 -32767.0 -32767.0 -32767.0 -32767.0 -32767.0 -32767.0 -0.16801803 0.007503749 0.7844149 0.6579957 0.24097618 0.4061144 0.22412829 0.13723625 -0.21692716 -0.09097225 0.10635242 0.23042656 0.06635599 0.03173128 0.11313026 0.055906784 -0.11887153 -0.118880816 0.19642371 0.017512068 0.31710163 0.39429498 0.33588493 0.27651468 -0.11201794 -0.18384224 -0.091857225 -0.08472587 -0.049856573 -0.07707593 -0.03538674 0.07382015
-0.03883886 0.13978055 -0.03098974 0.13316035 0.13332146 -0.014997278 -0.20418969 -0.23920608 -0.17681679 -0.09968851 0.13141975 0.07480507 0.06344406 0.094241686 0.085331365 0.080375426 -32767.0 -32767.0 -32767.0 -32767.0 -32767.0 -32767.0 -32767.0 -32767.0 -32767.0 -32767.0 -32767.0 -0.08082335 0.7517283 0.6304076 0.20426436 0.057137515 0.04795001 0.1631194 0.0009841644 -0.04898592 0.232437 0.21858011 -0.06507224 -0.097168066 0.053861436 0.41480142 0.33942795 0.010993505 -0.10909686 0.11282916 0.49619314 0.47754267 0.36039266 0.07021571 -0.1709167 -0.18407619 -0.22784108 -0.2592778 -0.24586977 -0.17137489 -0.13037063 0.19828454
-32767.0 0.17726947 0.07165961 0.043426268 0.12710986 0.02561796 -0.11730667 -0.1795291 -0.16896714 -0.07332758 -0.041914243 0.05856291 0.062309574 0.091127396 0.24180974 0.07012016 0.08682494 0.055274453 -32767.0 -32767.0 -32767.0 -32767.0 -32767.0 -32767.0 -32767.0 -32767.0 -32767.0 -32767.0 0.51273185 0.7375719 0.29267952 -0.061762996 -0.13959295 -0.025477696 0.060709476 -0.049604405 0.06931646 0.10304132 0.24191554 0.1229482 0.2091542 0.3219076 0.21782522 -0.093174666 -0.23414637 0.009909126 0.21344513 0.10557125 0.05986159 0.014035407 -0.1819241 -0.3226133 -0.3489145 -0.37030143 -0.17547996 0.05070342 0.056748584 -32767.0
-32767.0 0.13506472 0.19858041 -0.053904593 0.0137795545 -0.04546659 -0.13395612 -0.19377498 -0.1479215 -0.08331709 -0.10681487 -0.10523504 0.041012514 0.100833625 0.09984879 0.084197246 -32767.0 0.07240887 -32767.0 -32767.0 -32767.0 -32767.0 -32767.0 -32767.0 -32767.0 -32767.0 -32767.0 -32767.0 0.6503141 0.80257446 0.2901562 0.1506073 0.056603387 -0.11878626 -0.03479944 -0.026461937 0.084510885 0.17906576 0.25702032 0.21852215 0.43872234 0.210034 0.070751086 0.07441544 -0.25762737 -0.020390296 0.049836427 -0.0059135533 -0.029937528 -0.25810173 -0.4727169 -0.42799598 -0.3659579 -0.21299565 0.11988596 0.28336725 0.089709036 -32767.0
0.13845411 0.14164557 0.11959296 -0.054275446 -0.0211458 -0.07680013 -0.21485104 -0.19048454 -0.061918978 0.006777671 -0.05879973 -0.085952386 -0.069921985 0.030850314 0.12996772 -32767.0 -32767.0 -32767.0 -32767.0 -32767.0 -32767.0 -32767.0 -32767.0 -32767.0 -32767.0 -32767.0 -32767.0 -32767.0 0.47830212 0.7983512 0.34094554 0.16496521 0.014773635 0.0002874253 0.061956372 0.041243155 -0.035146553 0.077458926 0.1890579 0.32050976 0.29857442 0.11734484 0.06952462 0.23113295 -0.12670729 -0.23358618 0.08899666 -0.025543114 -0.2970668 -0.49747577 -0.56901413 -0.49148256 -0.31551105 -0.18712223 0.025695195 0.34906524 0.24487068 0.058990587
0.060021933 0.12280165 0.05943589 -0.001547025 -0.055325367 -0.0872936 -0.19588047 -0.24357031 -0.13755032 0.046304736 -0.010526691 -0.093519375 -0.06519762 -0.064984635 0.06150391 0.112095565 -32767.0 -32767.0 -32767.0 -32767.0 -32767.0 -32767.0 -32767.0 -32767.0 -32767.0 -32767.0 -32767.0 -32767.0 0.16134574 0.9898028 0.3481231 -0.0022506719 0.15805565 0.11058813 0.018559903 -0.053902317 -0.04980576 0.0017543924 0.012438389 0.079349115 0.08380129 0.14936426 0.24078585 -0.015715895 -0.10282205 -0.28452462 -0.26647207 -0.30630365 -0.39048705 -0.53603476 -0.5542863 -0.42082608 -0.21906526 -0.14623828 0.042177193 0.34186321 0.10106891 -32767.0
0.071481 0.036725476 -0.015069586 -0.06459382 -0.09861957 -0.040278867 -0.07944574 -0.1396548 -0.109038375 -0.05324741 -0.059122544 -0.025176374 -0.06766847 -0.08165872 0.024338499 0.098063245 0.15755187 -32767.0 -32767.0 -32767.0 -32767.0 -32767.0 -32767.0 -32767.0 -32767.0 -32767.0 -32767.0 -32767.0 -0.1129193 1.1761599 0.3851724 0.17526786 0.111627124 0.099436834 0.02099397 -0.11701605 -0.14658885 -0.045531765 -0.032498613 -0.040859163 -0.07179093 0.26496476 0.2606506 -32767.0 -0.2784359 -0.31427193 -0.35397062 -0.15989193 -0.37607038 -0.44704592 -0.3839395 -0.23363371 0.32194182 0.27732933 0.169515 -32767.0 -32767.0 -32767.0
0.03404589 0.005344039 -0.06544336 -0.09997522 -0.13401721 -0.056824554 -0.07211541 -0.09368757 -0.1129962 -0.09023664 -0.020733973 0.050772984 -0.028820518 -0.1368745 -0.09922713 -0.008839707 0.12699594 -32767.0 -32767.0 -32767.0 -32767.0 -32767.0 -32767.0 -32767.0 -32767.0 -32767.0 -32767.0 -32767.0 -32767.0 0.9437058 0.32309946 0.2464478 0.14397317 0.015000666 0.025219215 -0.023789706 -0.019327514 0.019564902 0.061628867 -0.073904864 -0.26558694 -0.004343422 0.09322846 -0.036003906 -0.19551769 -0.06323017 -0.28502622 -0.42964953 0.062233303 -0.059738535 -0.45974165 -0.13191539 0.50715774 0.32721254 0.04920595 -32767.0 -32767.0 -32767.0
0.0109426305 0.01067142 -0.007277354 -0.04072657 -0.04845676 -0.10378769 -0.0795864 -0.04972229 -0.08030202 -0.058126897 -0.14458218 -0.073983595 -0.0486946 -0.13158941 -0.103168644 0.015026924 0.076159365 0.048121806 -32767.0 -32767.0 -32767.0 -32767.0 -32767.0 -32767.0 -32767.0 -32767.0 -32767.0 -32767.0 0.64518535 0.8151927 0.38205573 -0.17071281 0.07788995 -0.1422468 -0.13865192 0.19792669 0.08868255 0.19019835 0.16311295 0.06112241 -0.06926744 -0.022921316 0.015541909 -0.18549804 -0.30377775 -0.32683843 -0.32147285 -0.26575196 0.104757704 0.01992029 -0.033134516 -32767.0 0.073378816 -0.095310755 0.035404082 -32767.0 -32767.0 -32767.0
-0.045728702 0.023838693 0.099204324 0.045081634 0.012132278 -0.0009828922 -0.03998498 -0.11181744 -0.1159964 -0.10406209 -0.11747872 -0.0907277 -0.07614118 -0.24284403 -0.039935343 0.18704887 0.018288806 -32767.0 -32767.0 -32767.0 -32767.0 -32767.0 -32767.0 -32767.0 -32767.0 -32767.0 -32767.0 -32767.0 0.7862929 0.7370151 0.23059918 -0.11728105 -0.14982733 -0.0826587 0.01601957 0.36138982 0.22901496 -0.11146841 -0.26133513 0.2075968 0.33340135 0.050069943 -32767.0 -32767.0 -0.0048089046 -0.05016582 -32767.0 -32767.0 -32767.0 -32767.0 -32767.0 -32767.0 -32767.0 -32767.0 -32767.0 -32767.0 -32767.0 -32767.0
-0.055798415 0.014792429 0.09702961 0.09886071 0.050047826 -0.022661611 -0.032544345 -0.090798184 -0.07993568 -0.025596626 -0.078776866 -0.06635912 -0.05134156 -0.046801534 0.009418294 0.108504936 -32767.0 -32767.0 -32767.0 -32767.0 -32767.0 -32767.0 -32767.0 -32767.0 -32767.0 -32767.0 -32767.0 0.60497856 0.73522574 0.5947492 -0.06513611 -0.05175722 0.28921777 0.4096578 0.45596007 0.39279526 0.25909054 -0.024519606 -0.20919561 0.18606356 0.12080017 -32767.0 -32767.0 -32767.0 -32767.0 -32767.0 -32767.0 -32767.0 -32767.0 -32767.0 -32767.0 -32767.0 -32767.0 -32767.0 -32767.0 -32767.0 -32767.0 -32767.0
-0.17347841 -0.13978525 -0.09341829 -0.062435925 -0.06626101 -0.071032256 -0.09825986 -0.10357317 -0.12201235 0.011494363 0.071710706 -0.02297032 -0.05869332 -0.033425894 -0.02329135 0.052810553 -32767.0 -32767.0 -32767.0 -32767.0 -32767.0 -32767.0 -32767.0 -32767.0 0.106838964 -0.009959302 0.4659017 0.6868619 0.6525985 0.36131757 -0.09458052 0.34868172 0.5142967 0.51995736 0.45604664 0.2820344 -0.022320483 -0.07385786 -0.18233033 -32767.0 -32767.0 -32767.0 -32767.0 -32767.0 -32767.0 -32767.0 -32767.0 -32767.0 -32767.0 -32767.0 -32767.0 -32767.0 -32767.0 -32767.0 -32767.0 -32767.0 -32767.0 0.043990802
-0.19902961 -0.18605009 -0.18685424 -0.168461 -0.17358607 -0.16324723 -0.23733541 -0.18958363 -0.11905202 0.033800654 0.23618408 0.17567182 -0.10385143 -0.06695939 -0.134437 -0.028379563 -32767.0 -32767.0 -32767.0 -32767.0 0.009274477 0.09744494 -0.029384388 0.03622932 -0.018001819 0.41163722 0.47940648 0.74134016 0.1057563 0.16499913 0.20145667 0.33340693 0.48923063 0.46422103 0.39060414 0.04754385 -0.0062044635 -0.13188492 -32767.0 -32767.0 -32767.0 -32767.0 -32767.0 -32767.0 -32767.0 -32767.0 -32767.0 -32767.0 -0.12456969 0.08276473 -32767.0 -32767.0 -32767.0 -32767.0 -32767.0 -32767.0 -32767.0 -0.06910406
-0.22581872 -0.2010916 -0.1939689 -0.21175703 -0.22398421 -0.19420654 -0.16592577 -0.080642566 -0.080123 0.049123127 0.10701275 0.118236735 0.04965914 -0.28971988 -0.020421823 -32767.0 0.024929889 -32767.0 -0.07034978 -32767.0 -0.04081068 -32767.0 0.25316522 0.20694749 0.21923715 0.33513707 0.40166736 0.18649825 -0.2067188 0.13399285 0.29118818 0.37617612 0.38641536 0.28651887 0.04330376 -0.11375555 -32767.0 -32767.0 -32767.0 -32767.0 -32767.0 -32767.0 -32767.0 -32767.0 0.013524829 -0.062246233 -0.049672496 -0.12082382 -0.004701673 -0.06942623 -0.07361562 0.0689047 -32767.0 -32767.0 -32767.0 -32767.0 -32767.0 -0.12839639
-0.17322502 -0.2638325 -0.20661396 -0.2101919 -0.22507952 -0.21919973 -0.19892253 -0.09044698 0.045035303 -0.00081778504 -0.019541517 0.021272328 0.06798384 0.12337592 -0.200248 -0.30238497 0.01628353 -0.05798998 -0.13325326 0.2391141 0.34067273 0.28529024 0.28917575 0.28506315 0.2812837 0.4733853 0.575344 -32767.0 0.047931653 0.3040523 0.30348796 0.2931042 0.2201018 0.12991253 -32767.0 -32767.0 -32767.0 -32767.0 -32767.0 -0.025054501 0.1033135 0.033778608 0.040687267 -0.014934124 0.08257438 0.009807175 -32767.0 -32767.0 -0.07027784 -0.17163426 0.12147554 -32767.0 -32767.0 -32767.0 -32767.0 -32767.0 0.3450258 0.36156967
-0.112508886 -0.19115125 -0.26411223 -0.22870483 -0.17755805 -0.20538624 -0.0587798 0.008479915 0.017067159 0.025123 -0.082913436 -0.102032766 0.056719933 0.25455102 0.1811117 -0.08953026 -0.112935066 0.07906161 0.12040167 0.23845445 0.31761286 0.37453383 0.42803308 0.46056336 0.28387997 0.25977603 0.32618207 0.31448418 0.33291072 0.25769144 0.094190314 0.047135018 -0.066654965 0.09241227 0.043071184 -32767.0 -0.01808967 0.08338163 -32767.0 -0.07700931 0.17479612 0.019136079 -32767.0 -0.01647874 -0.031112706 -32767.0 -32767.0 -32767.0 -32767.0 -0.17568292 0.031286042 -32767.0 -32767.0 -32767.0 -32767.0 0.21870133 0.49958274 0.38916466
-0.013062894 -0.16392323 -0.21543178 -0.2618551 -0.18521121 -0.08703402 -0.017195225 0.048165448 0.10324396 0.117929235 0.09828069 0.16174407 0.31611598 0.44450366 0.4075969 0.3099242 0.23467676 0.1617714 0.18870588 0.24768777 0.2458251 0.2841391 0.36823723 0.4089204 0.29483104 0.33674133 0.30271977 0.15272047 0.11814262 -32767.0 0.16170776 0.121290304 -32767.0 -32767.0 0.029525772 -0.018015867 0.005844506 0.1452096 0.15771367 0.17664748 0.015658256 -32767.0 -32767.0 -32767.0 -32767.0 -32767.0 -32767.0 -32767.0 -32767.0 -0.005269698 0.02468041 -0.3068138 -32767.0 -32767.0 0.22646233 0.37069505 0.23368242 0.40718117
