static/data/seaWater_vo/2023/7/9/12.asc
ncols 137
nrows 93
xllcorner 108.0
yllcorner 17.0
cellsize 0.25
NODATA_value -32767
[rows 50 to 74 of 93, columns 58 to 115 of 137]
0.36297074 0.3128621 0.10184177 -0.0073543787 0.055228196 -0.018544106 -0.11740654 -0.08944318 0.18119869 0.075043105 0.023292711 0.00797042 -0.018562159 0.08271659 0.38973144 0.6164958 0.53856015 0.4501913 0.24439244 0.24211152 0.19214584 -0.017002229 -0.16237095 -0.30037352 -0.28003907 -0.23365308 -0.11625168 0.08109634 0.16229302 0.060992125 -0.009314529 0.10139179 0.14280042 0.18869415 0.34179118 0.5061217 0.37183714 0.4071045 0.34908086 0.1916874 0.020835632 -0.16447054 -0.39414984 -0.45821944 -0.32161537 -0.52527076 -0.7067744 -0.68621963 -0.40894333 -0.17721099 -0.055649936 -0.04095394 0.038020637 0.07728146 0.10699604 0.070613444 -0.018465113 -0.34254435
0.012191002 0.28940916 0.06286519 0.02604508 0.0018136707 -0.10644624 -0.15902555 0.04756519 0.0829764 0.07050839 0.068096586 -0.019929301 0.12424156 0.41240796 0.5062187 0.5977948 0.4385451 0.21607694 0.20051716 0.21741588 0.07457533 -0.08839622 -0.19421673 -0.36984897 -0.28589922 -0.3513254 0.09444058 0.1314649 0.09402914 -0.07892485 0.10641732 0.118508324 0.18385614 0.26903787 0.43042612 0.42382005 0.37455353 0.29661435 0.26458403 0.1924858 -0.042163745 -0.2683035 -0.4218216 -0.32329905 -0.49311367 -0.6833107 -0.66009134 -0.34881964 -0.22534695 -0.13748062 -0.06888272 -0.022103844 0.063041665 0.077187784 0.056522805 0.052572943 -0.072038345 -0.5104438
0.22566757 -0.07997544 -0.016819982 -0.045865174 -0.0083080055 -0.13676235 -0.06038344 -0.009456796 -0.0056043644 0.04153972 0.026388332 0.010921731 0.28087 0.38938528 0.5544419 0.59226173 0.32510227 0.09770539 0.19774272 0.14777532 -0.067243114 -0.15922533 -0.11417106 -0.3154682 -0.19854273 -0.2731229 -0.0039722766 0.09563512 0.0028629121 -0.05428266 0.14453118 0.2456006 0.2716071 0.3269221 0.46527258 0.34469444 0.29602623 0.11208162 0.06954391 0.017927319 -0.13284953 -0.1928827 -0.27801856 -0.450954 -0.65061265 -0.5745144 -0.3407595 -0.28124723 -0.25041115 -0.1849727 -0.095257305 0.118495695 0.15240279 0.132446 0.04692023 -0.24102052 -0.3705057 -0.52817285
0.16604607 -0.13703468 -0.15201376 -0.20163476 0.012760877 0.069317654 0.029397262 -0.027972076 0.032103304 0.0077310586 0.08271602 0.1914031 0.21372949 0.43508106 0.67339116 0.50198215 0.19357567 0.13662961 -0.04521652 0.09078587 -0.08133215 -0.005542629 0.0026204677 -32767.0 -0.30103663 -0.177122 -0.15379262 0.021409947 -0.044119854 -0.006887042 0.16784324 0.36914632 0.28366286 0.30538097 0.35839537 0.25845402 0.27367878 0.1249465 0.080108136 0.061012913 -0.044127 -0.21011531 -0.39904326 -0.55598164 -0.5052682 -0.33170334 -0.30220652 -0.3590199 -0.27380085 -0.087295584 0.052034173 0.21539009 0.33545223 0.4366737 0.102668695 -0.29484352 -0.5895033 -0.6319555
-0.10549578 -0.06055412 -0.08726554 -0.24796022 -0.08612696 -0.059517693 0.015475667 0.02733288 -0.06357999 -0.0092361905 0.053170133 0.2789809 0.46218652 0.6150539 0.5796591 0.32959077 0.021457322 0.07641864 -0.1769377 -0.019488068 -0.11586568 0.0072790603 -0.02892083 -0.06961072 -0.261805 -0.1919907 -0.19843046 -0.060323473 -0.022544594 -0.09173058 0.19977304 0.3589882 0.29271355 0.1998923 0.25305283 0.26410562 0.2377013 0.08798147 0.01766503 -0.032194413 -0.16774799 -0.3380633 -0.4846883 -0.47475073 -0.3402736 -0.32485926 -0.40350384 -0.3614899 -0.14077723 -0.06074457 0.24272236 0.33887845 0.6211302 0.37629983 0.11314253 -0.24918948 -0.57590705 -0.68326247
-0.07591036 -0.1273386 -0.111393444 -0.06848558 0.00959631 0.066800885 0.057299774 -0.033858463 -0.07968914 0.07720445 0.25688764 0.46217662 0.539068 0.46852744 0.3443085 0.057908613 -0.16068247 -0.01816161 0.039182305 0.051601645 -0.03318247 -32767.0 -0.10134002 -0.067476705 -0.3407515 -0.19720657 -0.21740961 -0.14089274 0.003991814 -0.048677217 0.14709811 0.37835622 0.27188665 0.14951159 0.17400913 0.21254113 0.1684796 0.024710964 -0.13872713 -0.25374672 -0.29775578 -0.4037096 -0.42162412 -0.3619856 -0.32736436 -0.37616712 -0.36710846 -0.2836938 -0.14964463 0.13506337 0.13237377 0.44915375 0.5996118 0.26992342 0.17357813 -0.08350075 -0.43976536 -0.6133583
-0.0021950903 -0.09653418 -0.23428749 -0.058334272 0.058203943 0.03827028 -0.041384656 -0.07745057 -0.04294595 0.13829964 0.3654448 0.39985746 0.3195731 0.2128244 0.06463156 -0.12439129 -0.17890133 -0.033562552 -0.007294526 -0.07083558 -0.09872748 -0.13284627 -0.09024116 -0.12197276 -0.11295237 -0.29435143 -0.30737573 -0.24180116 -0.13006248 -0.026798462 0.07267766 0.37326732 0.28172863 0.08799498 0.04542193 0.11363894 0.08669391 0.034675054 -0.22368133 -0.34034663 -0.37871495 -0.34383178 -0.29538432 -0.3404816 -0.35104075 -0.38078249 -0.34917012 -0.18923242 0.035366077 0.12175388 0.07968202 0.43537402 0.52361846 0.23756629 0.18239869 -0.11489454 -0.16645037 -0.46524197
0.25281543 0.069608696 0.040014207 0.15117 0.21403334 0.06602989 0.0013405676 0.101594545 0.0382895 0.058939718 0.17661291 0.17031763 0.07651344 -0.019335836 -0.07675934 -0.085227594 0.0020005924 0.09424833 0.1329218 0.027346581 -0.047969196 -0.06724774 -0.12399943 -0.1562491 -0.21363302 -0.32985443 -0.28406388 -0.24875495 -0.23870479 -0.1751297 -0.0009580232 0.34184194 0.26488736 0.13022141 -0.010050109 0.022941003 0.07289293 0.019534629 -0.07870557 -0.2963717 -0.38308847 -0.36983886 -0.34972808 -0.20288225 -0.16385661 -0.25952607 -0.23876548 -0.06970973 0.04629115 0.011899393 0.104697146 0.4731388 0.38201994 0.31097013 0.15284176 -0.010354365 -0.06908553 -0.2378041
0.4390774 0.40980917 0.34816343 0.20403115 0.17193303 0.024980946 0.234653 0.08258734 0.059015296 0.045203727 0.09900929 0.018766895 -0.049392533 -0.0037893916 0.019595869 0.09102309 0.21965031 0.26304576 0.18484333 0.1400471 0.021891003 -0.018694818 -0.010223161 -0.033264376 -0.11539801 -0.2133018 -0.39228645 -0.38911 -0.3243011 -0.26929656 -0.14705555 0.396623 0.38573337 0.27635404 0.1985731 0.16552997 0.012907075 -0.038226716 -0.02893728 -0.08833908 -0.20506416 -0.3292341 -0.40652952 -0.39818725 -0.21418034 -0.09086179 -0.050047092 -0.09560923 -0.16037293 -0.086889096 0.102201715 0.3855101 0.22387761 0.3472939 0.19812033 0.0052034645 -0.07003784 -0.049589034
0.60484177 0.52783835 0.33588374 0.22755015 -0.004058647 -0.19866009 0.073841885 -0.1455026 -0.040781144 3.153634e-05 0.06267402 0.027273182 -0.018432153 0.15679695 0.20438392 0.18644956 0.3127784 0.20270872 0.13993356 0.06924854 0.069841534 0.08078582 0.06570971 0.0036757288 -0.06368352 -0.13723733 -0.31558836 -0.51076514 -0.44520918 -0.33966765 -0.25044224 0.3570376 0.5122442 0.45830372 0.31410787 0.20244049 0.09198025 0.026366811 -0.015711173 -0.10005633 -0.09036667 -0.1556914 -0.20436968 -0.26877257 -0.37267432 -0.17813571 -0.15826085 -0.26856452 -0.19380286 -0.022986224 0.25057027 0.33551905 0.17118838 0.3184728 0.3542656 0.0075331423 -0.16446447 -0.05535144
0.95878655 0.62251043 0.28664607 0.038190834 -0.10610322 -0.21548046 -0.10287002 -0.20837805 0.048568074 0.09547395 0.20131692 0.022064038 -0.14573719 0.2883735 0.25459054 0.25605884 0.25469983 0.07736859 -0.036592007 0.10653882 0.21310884 0.17602055 0.07138686 -0.042984847 -0.16253465 -0.15478167 -0.26963326 -0.4878362 -0.5004982 -0.44094098 -0.24446714 0.2697168 0.5163495 0.43282267 0.2722836 0.27068844 0.25759342 0.22634953 0.15863645 0.09592986 -0.042199414 -0.19743247 -0.19049896 -0.110001124 -0.13628656 -0.22342932 -0.22334819 -0.15727034 -0.049650755 0.13331369 0.3785418 0.25662914 0.08655128 0.33619133 0.40771902 0.05688853 -0.15363914 -0.2706176
0.88206804 0.51907516 0.20447975 -0.1779669 -0.114659466 -0.08996812 -0.170383 -0.23567854 -0.009118353 0.11830791 0.22813833 0.05125093 0.083637916 0.3519023 0.34270832 0.24946965 0.18682697 0.0060352134 -0.05017752 0.28236628 0.20400047 0.14700815 0.08271706 -0.09314074 -0.24651712 -0.20847689 -0.2826029 -0.49478212 -0.53918225 -0.49763423 -0.019065244 0.36811015 0.3894582 0.2623557 0.18110499 0.1906388 0.2871397 0.2326035 0.21888593 0.19217484 0.14836797 0.04256318 -0.15473214 -0.30371386 -0.23969929 -0.12749644 -0.07875229 -0.046557356 0.06802932 0.23696558 0.26541954 0.2254715 0.13224283 0.53326005 0.33387318 -0.03962668 -0.111711934 -0.2117004
0.57820773 0.29992294 0.063931696 -0.25330204 -0.049294535 0.0576504 -0.15681127 -0.11208934 0.080599636 0.12806739 0.15480185 0.23333748 0.3665902 0.4060904 0.33568996 0.22646673 0.1390179 -0.035921827 -0.04528807 0.23728067 0.13071433 0.118274435 0.026883215 -0.10158562 -0.24536608 -0.21957768 -0.40270996 -0.5507444 -0.52981555 -0.40557805 0.20961 0.4967156 0.27060622 0.114315055 0.09973742 0.20719577 0.41225454 0.30047715 0.25404516 0.14302042 0.11357551 0.06569417 -0.08240973 -0.28047416 -0.36628014 -0.31655052 -0.11998128 0.081470534 0.1485906 0.094017476 0.15911405 0.063262194 0.273349 0.6411175 0.23726274 0.03262753 -0.18761724 -0.20539543
0.52153265 0.16189654 -0.15896155 -0.25053853 0.014900733 -0.015979098 0.05914146 0.0131140975 0.07561977 0.18966089 0.28688666 0.3580165 0.41450447 0.3926655 0.24291293 0.095804304 0.07792277 -0.049713243 -0.056248274 0.13331234 0.0742822 0.04225041 -0.045189023 -0.15847689 -0.23325394 -0.34292853 -0.48658895 -0.5432061 -0.5106837 -0.112320766 0.5459108 0.46050566 0.20401764 0.038634304 0.12335275 0.41357735 0.25934312 0.22871497 0.37681472 0.1997477 0.14504942 -0.0560289 -0.14655475 -0.24642897 -0.35104567 -0.13814442 0.049476758 0.038562942 -0.09755908 0.12430327 0.11929253 -0.058639757 0.32198822 0.54297507 0.23956393 0.14981708 -0.14809492 -0.47198787
0.44057664 0.037853226 -0.25945964 -0.13171613 -0.09942774 -0.04257491 0.013772748 0.052075982 0.15384232 0.22096185 0.2962408 0.39033026 0.3862226 0.32036933 0.20098388 0.026595851 0.0014585875 -0.08140557 -0.050904315 0.08015811 -0.01138952 -0.015391255 -0.07117625 -0.20177934 -0.315239 -0.4066657 -0.46353304 -0.4867747 -0.38714513 0.11627439 0.5700197 0.29104242 0.19922026 0.23377487 0.35875848 0.28407335 0.020077942 -0.009635388 0.47865477 0.30637968 0.16968548 0.059378386 -0.031579427 -0.17184487 -0.19551478 -0.09928103 -0.08285534 -0.23738697 -0.012852629 0.09822486 -0.050497573 -0.020138817 0.36982718 0.4452828 0.2631019 0.0841267 -0.17490102 -0.48235032
0.40773568 -0.006398851 -0.3237111 -0.09961536 -0.1250239 -0.10633608 0.028651547 0.093076445 0.23580442 0.23138402 0.3470755 0.43206528 0.3829787 0.27582398 0.16045436 0.013380079 -0.086328425 -0.12823124 0.036579207 -0.047000308 -0.09929053 -0.07662515 -0.12947863 -0.20207183 -0.3376847 -0.37530822 -0.36881632 -0.31056148 -0.16331485 0.17007703 0.56028783 0.23804712 0.31678072 0.36899742 0.27061683 0.23775005 0.022899976 0.15723807 0.22911021 0.4048276 0.2558605 0.010658618 -0.10597058 -0.20827602 -0.17585228 -0.051610917 -0.008267935 0.06008474 -0.020265345 -0.025555715 -0.1433753 0.12949388 0.26807955 0.36048827 0.1552217 -0.08621549 -0.3016245 -0.41654658
0.30507174 -0.007858651 -0.35216573 -0.14356235 -0.060900044 -0.0079773655 0.077953964 0.16599259 0.29073706 0.24015282 0.34714755 0.4983505 0.4993085 0.28029752 0.08531776 -0.011539249 -0.15126278 -0.1593078 -0.016531363 -0.18842056 -0.17239839 -0.13831654 -0.15996362 -0.20952147 -0.25740454 -0.27053547 -0.20483656 -0.082761236 0.030807694 0.2621124 0.5538121 0.22912237 0.25871104 0.17805503 0.1974712 0.0924115 0.08857991 0.20757724 0.09469901 0.15628746 0.24325679 0.03295062 -0.18351263 -0.08963833 0.21166414 0.17473866 -0.0004946976 -0.045034245 0.005688298 -0.026953569 0.054794587 0.17732339 0.19327502 0.30980274 -0.024679631 -0.2689614 -0.34836343 -0.42880344
0.3111303 -0.08836104 -0.37074256 -0.1570385 -0.0125732 0.07513712 0.12734096 0.2292975 0.23602678 0.2767911 0.44342804 0.6842913 0.5488839 0.21323894 0.0027489138 -0.115672156 -0.2743048 -0.25939193 -0.15254869 -0.20901643 -0.21830334 -0.19273002 -0.16715507 -0.1471382 -0.12785281 -0.089645244 0.02987158 0.07169471 0.06544465 0.20102644 0.39041612 0.1364526 0.14568461 0.10337893 0.12627597 0.20942144 0.266084 0.26645842 0.26207516 0.14791675 0.031198323 0.030988349 -0.050269037 -0.026251007 0.17920701 0.054105386 -0.1440532 -0.101504266 -0.016648075 0.09346439 0.114619866 0.0921365 0.09456523 0.24071884 -0.19823746 -0.38599864 -0.46230295 -0.4280645
0.41917336 -0.17384727 -0.37022457 -0.15053548 0.015048422 0.060800392 0.0564739 0.22032343 0.21970268 0.32223713 0.63238233 0.7905868 0.52919286 0.11803798 -0.051829144 -0.21847235 -0.3945688 -0.3446454 -0.14448336 -0.07774928 -0.17632051 -0.20715263 -0.21535368 -0.16985244 -0.08906624 -0.025946619 0.02343949 0.10851559 0.153118 0.21944232 0.2941973 0.08626005 -0.03812995 -0.050945215 0.16261578 0.26505 0.29262832 0.35852873 0.30571055 0.26824695 0.15326512 -0.07385851 -0.07393736 -0.085746825 0.08853803 -0.06887378 -0.13734664 -0.16486849 0.10720193 0.2722447 0.19859894 0.009544591 -0.14127058 0.14469607 -0.1487103 -0.44477588 -0.5801781 -0.2655269
0.5359559 -0.21707778 -0.43643236 -0.19873184 0.038689416 0.04064678 0.10709905 0.22764279 0.21902081 0.3165325 0.69965535 0.7946433 0.49108583 0.14504398 -0.0545664 -0.26039875 -0.46236935 -0.41389364 -0.23043816 0.0026137158 -0.04371069 -0.0985179 -0.15886839 -0.17450888 -0.11732625 -0.07994025 0.064930275 0.16661295 0.19047578 0.24978285 0.10966505 0.021909187 -0.07833476 -0.10546018 0.0264444 0.09824276 0.20355916 0.3326174 0.42367613 0.2535609 0.23649757 0.011253234 -0.03927236 -0.04415046 -0.061872244 0.0016636065 0.043251157 0.28449386 0.4391033 0.32007065 0.1526509 -0.03284354 -0.22045112 -0.164636 -0.044602867 -0.5402494 -0.6196621 -0.2337927
0.456236 -0.2766623 -0.58929884 -0.212863 -0.029706359 0.026630042 0.22551756 0.19170012 0.17123999 0.311189 0.69359624 0.7369344 0.3980118 0.17315164 -0.052903675 -0.24191457 -0.49937627 -0.44914058 -0.26473597 -0.06547637 -0.010420165 -0.062340133 -0.100646034 -0.057248816 -0.037832472 0.0017538671 0.025601963 0.055327877 0.053995434 0.0745989 -0.055853162 0.062365405 0.030173771 -0.12898798 -0.05247276 0.039203823 0.22318606 0.35010266 0.44791505 0.34114555 0.1489927 0.17998558 -0.043675918 -0.040832493 0.10908277 0.24266365 0.3569585 0.45355034 0.42646152 0.36480683 0.21990786 0.0062806625 -0.14686957 -0.2514442 -0.2297004 -0.6223459 -0.59454167 -0.34809676
0.34325787 -0.3045108 -0.5873494 -0.24635735 -0.1561811 0.264369 0.24479465 0.08930646 0.09124164 0.29658172 0.59700716 0.6946277 0.36897305 0.19610481 -0.0060026227 -0.26922953 -0.5280049 -0.41323462 -0.18912072 -0.12918082 0.038007822 -0.026088743 -0.10256811 -0.124630876 -0.073973194 0.019148242 -0.0030758232 0.04538164 0.058561154 0.015938526 -0.022398725 0.116632015 0.0324992 -0.011099238 0.01611073 0.010049496 0.17519568 0.35517025 0.37868747 0.38619125 0.19888708 0.0031945757 0.11126337 -0.17485586 0.13413994 0.27103445 0.48231915 0.60011584 0.4880504 0.37256494 0.23189738 -0.0132276155 -0.17796414 -0.21582277 -0.3089476 -0.61501664 -0.68126273 -0.4367257
0.11050084 -0.2747209 -0.48504436 -0.28318962 -0.09525557 0.3581785 0.1584606 0.049914178 0.14402853 0.31833798 0.6146991 0.6421767 0.35047582 0.20243107 0.025178099 -0.317881 -0.49889246 -0.29579854 -0.22459303 -0.18363285 -0.109911785 -0.14072216 -0.20543137 -0.09681413 -0.081005976 -0.0466241 -0.026574712 -0.052913267 -0.026838858 -0.0274017 0.062797025 0.16876982 0.24907218 0.21025135 0.12106676 0.034622993 0.081300475 0.17888923 0.21208762 0.21027406 0.16266485 -0.022767792 0.0012174143 -0.104262725 -0.0026414795 0.20305778 0.58599347 0.6134481 0.42955816 0.24719185 0.16213872 -0.026635272 -0.20300764 -0.2592603 -0.35220423 -0.63625747 -0.55888504 -0.52320963
-0.065986745 -0.24434906 -0.29577345 -0.32745406 -0.05930704 0.31614166 0.117901824 0.18766756 0.27637038 0.4591386 0.7109663 0.5477066 0.2836279 0.20014839 0.005325221 -0.3829409 -0.4449522 -0.20081298 -0.19113897 -0.24389893 -0.24814105 -0.17832533 -0.15188262 -0.10766481 -0.005020247 -0.03857223 -0.09046282 -0.007826811 -0.011464149 0.06769749 0.17400496 0.23964246 0.21662854 0.15711272 0.14140557 0.068425365 0.030154746 0.008443176 0.098988846 0.16158265 0.11972224 -0.080108 -0.22678234 -0.18600298 -0.1428251 0.17816034 0.6156903 0.6144167 0.2985834 0.19526333 0.03236743 -0.05894163 -0.21813758 -0.27726373 -0.46380985 -0.48670858 -0.44315115 -0.4710676
-0.04110343 -0.2509467 -0.26964855 -0.31092092 0.06878319 0.16137707 0.21827798 0.35718885 0.4333356 0.6611365 0.59470505 0.459002 0.22625856 0.20404495 -0.08052901 -0.45339733 -0.40892106 -0.17077331 -0.21848358 -0.2567884 -0.28142247 -0.19436516 -0.051184323 0.08467077 0.09442672 0.07478469 0.03687563 0.040452044 0.1582578 0.21653068 0.26244304 0.3494116 0.46609056 0.48176292 0.38065812 0.21274434 0.10756637 0.03386862 0.060901918 0.24407333 0.15687388 -0.118981674 -0.31919968 -0.3023209 -0.22530845 0.17115502 0.5917119 0.56127554 0.24697886 0.13079256 0.033763926 -0.08931843 -0.17977028 -0.32841083 -0.5103257 -0.3613372 -0.33873087 -0.30902088
