static/data/seaWater_vo/2023/7/9/18.asc
ncols 137
nrows 93
xllcorner 108.0
yllcorner 17.0
cellsize 0.25
NODATA_value -32767
[rows 52 to 77 of 93, columns 58 to 115 of 137]
0.27244225 -0.039747678 0.08865454 0.09079394 0.1574809 0.065069236 0.063270606 0.09983572 0.073139824 0.08993429 0.11515842 0.21694046 0.57109416 0.59863293 0.8318342 0.8691533 0.50486016 0.23762777 0.26356342 0.17231424 -0.046657417 -0.10929084 -0.044429794 -0.2655164 -0.25654447 -0.2504581 0.09996253 0.16986924 -0.023267344 0.085287526 0.18140708 0.1476334 0.22659767 0.23183766 0.4225852 0.28687054 0.21546082 0.09711546 0.01634083 -0.036001462 -0.24403325 -0.24395898 -0.3819351 -0.59013516 -0.64190614 -0.39683938 -0.195267 -0.29677352 -0.14469679 0.06192633 0.18697171 0.17024004 0.25926727 0.37157854 0.22445844 -0.049682513 -0.2491625 -0.12561515
0.14485794 -0.1268432 -0.033346385 0.028983181 0.31934407 0.23085134 0.16706039 0.038415626 0.054881282 0.15290189 0.26855934 0.5015311 0.4700376 0.6553224 0.8997128 0.7537193 0.34104255 0.26382878 -0.010651775 0.13425317 -0.05585056 0.023589004 0.01925907 -32767.0 -0.27625436 -0.17333528 -0.06483136 0.027738623 -0.11419809 0.058432538 0.23729932 0.30420542 0.27182546 0.28958035 0.40115398 0.19053806 0.16100787 -0.000117676216 -0.0790969 -0.116182946 -0.23539624 -0.38460064 -0.5354296 -0.5712402 -0.34514076 -0.17128222 -0.3168012 -0.18981193 0.1427097 0.2640938 0.27569798 0.29206505 0.5484319 0.39797083 0.14484799 -0.24157351 -0.51469153 -0.3261059
-0.026845539 0.03938358 0.060921177 0.006765066 0.15652718 0.18310867 0.1984508 0.1823244 0.047121905 0.14566627 0.31086835 0.43589434 0.6018178 0.7753558 0.8267348 0.48598766 0.13885736 0.11153228 -0.082601756 0.16567485 0.058187213 0.059597466 -0.04161562 -0.055325896 -0.23467167 -0.21170148 -0.17123128 -0.030386318 -0.105215415 0.021362739 0.33303243 0.36595964 0.26897064 0.23812366 0.3206285 0.121601634 0.12908438 -0.008459901 -0.12895463 -0.2063014 -0.33738366 -0.3925765 -0.3856592 -0.2436841 -0.1494263 -0.28296 -0.27733085 0.01224335 0.20095107 0.22323401 0.22481942 0.5711539 0.4763183 0.37830937 0.13784292 -0.218188 -0.5394661 -0.55232286
0.13205723 0.09854788 0.18146421 0.22931255 0.30234653 0.3199482 0.26856956 0.19903618 0.10424875 0.18427494 0.39107287 0.59496886 0.7177492 0.6343923 0.45430636 0.09623418 -0.09463174 0.055842977 0.061491225 0.068396576 -0.071097925 -32767.0 -0.08099153 -0.061909642 -0.32653984 -0.18134764 -0.2535587 -0.10315032 -0.031994756 -0.09798494 0.34369245 0.37523112 0.2346704 0.13938458 0.22006199 0.13775092 0.08267372 -0.07290472 -0.19625174 -0.28481904 -0.28671274 -0.22755997 -0.1487934 -0.13990483 -0.2588088 -0.31119445 -0.16197202 -0.010294354 0.08461015 0.13095114 0.25389007 0.52676123 0.44123334 0.2603824 0.18577203 -0.02901463 -0.3923618 -0.5565999
0.32942805 0.3105026 0.23441166 0.26559198 0.36550438 0.3189203 0.23567364 0.23268536 0.19469784 0.31871518 0.5130953 0.5400899 0.42203155 0.24142294 0.08661248 -0.09229846 -0.08928121 0.07104787 0.05566265 -0.056588087 -0.0059633427 -0.117964305 -0.036798056 -0.022289041 -0.08616714 -0.28185496 -0.21373285 -0.10058054 0.039084703 -0.01395963 0.24321666 0.4074326 0.27622995 0.11515338 0.060331747 0.10362983 -0.00092105445 -0.07903764 -0.21818048 -0.24494557 -0.20569456 -0.10562638 -0.08049008 -0.2076596 -0.31948504 -0.26384178 -0.14499044 -0.028775971 0.044798024 0.06848388 0.31436276 0.3816541 0.46830747 0.24776767 0.18020917 -0.05523091 -0.109031625 -0.37291226
0.5253632 0.49735135 0.39425907 0.36741614 0.4029406 0.36605453 0.21749565 0.27619973 0.15710224 0.18499005 0.23144527 0.20081429 0.09689112 0.007933462 -0.01430715 -0.024912251 0.053100247 0.087105 0.04595728 -0.03229577 -0.09165162 -0.12820299 -0.14867175 -0.19391574 -0.25317693 -0.25613937 -0.2491037 -0.20143722 -0.10929009 -0.072684415 0.17044163 0.40141645 0.27530485 0.12868237 0.009503958 0.028638082 -0.028505597 -0.09051837 -0.20314202 -0.29266688 -0.18882686 -0.08650419 -0.12634362 -0.20132214 -0.28590187 -0.31314096 -0.19172898 -0.0555592 -0.007128686 0.05616153 0.17116888 0.33800712 0.39902303 0.29572743 0.13780469 -0.010498805 -0.05223559 -0.15672523
0.7178956 0.7452668 0.62020916 0.4717604 0.37406927 0.27930233 0.40050262 0.20843974 0.12354905 0.1129418 0.13627082 0.099767275 0.047853444 0.020070871 0.042026833 0.040342227 0.14786385 0.19061394 0.13998988 0.08469532 -0.015873818 -0.059497718 -0.081817254 -0.14074409 -0.22682889 -0.34520236 -0.4578106 -0.3368956 -0.23571905 -0.24801098 0.041066956 0.32854116 0.36146733 0.19907394 0.12563808 0.04620313 -0.06738985 -0.12778825 -0.13959481 -0.19916245 -0.32847783 -0.3038445 -0.21467943 -0.24886711 -0.29259852 -0.27014065 -0.22239535 -0.16833124 -0.037615824 0.03355032 0.13793835 0.26941046 0.2295405 0.35532635 0.15525708 -0.007537203 -0.10551662 -0.15411036
0.9387811 0.8244673 0.5388213 0.40600923 0.25077647 0.07186424 0.30293998 0.07449189 0.21314125 0.20885225 0.16204049 0.08102727 0.016562082 0.21270417 0.12805623 0.12096553 0.25316608 0.17679426 0.09840175 0.04734224 0.013867932 -0.014610811 -0.05281496 -0.11172715 -0.1336247 -0.18459001 -0.34538555 -0.49365202 -0.31099293 -0.35159028 -0.03569634 0.2850055 0.4094336 0.38650656 0.25955704 0.1604253 -0.031953484 -0.07005861 -0.13279836 -0.20070124 -0.19707184 -0.2283689 -0.33793154 -0.33046272 -0.29339918 -0.23648919 -0.21879004 -0.13617499 0.048852947 0.07273418 0.13313857 0.19838847 0.17119868 0.42369246 0.2892945 -0.021964438 -0.12107634 -0.16275369
1.1738485 0.7760605 0.41962928 0.18144558 0.08280041 0.013372605 0.13530746 0.053952772 0.2554325 0.16750588 0.16397133 0.052299935 -0.11351902 0.29880828 0.15557456 0.15804656 0.26032612 0.095392354 -0.044948716 0.08760859 0.13076256 0.12459004 0.065303735 -0.11010918 -0.16633306 -0.15691397 -0.23381789 -0.45996666 -0.45208418 -0.43797773 -0.0037848984 0.30102825 0.4333413 0.3371053 0.17629254 0.17580344 0.17497095 0.1659306 0.12913156 0.027269002 -0.109027684 -0.27278444 -0.29193947 -0.36563987 -0.41702625 -0.36265117 -0.2724065 -0.106595375 0.022117402 0.04305667 0.2072903 0.25001556 0.14539549 0.4250768 0.35385773 0.030880483 -0.09763573 -0.16513017
0.9668663 0.5695632 0.2466484 -0.06306946 0.056686193 0.10955336 -0.056997977 -0.07740302 0.087765545 0.043301195 0.11917852 0.053292386 -0.0074055553 0.20489061 0.19883946 0.1523921 0.16044344 -0.04260835 -0.09488798 0.19817488 0.14002396 0.19032997 0.15312555 -0.005639242 -0.13651298 -0.14239648 -0.20700604 -0.49610594 -0.5552711 -0.4128615 0.12310808 0.37526134 0.46350223 0.25154898 0.09088485 0.086350754 0.2079904 0.16905369 0.14891948 0.13178651 0.07510291 -0.019820198 -0.22098123 -0.4235516 -0.38316515 -0.30701524 -0.21673161 -0.11965686 -0.116861545 0.016087947 0.25509027 0.23572569 0.17796539 0.43672216 0.28917652 0.11214869 0.021955771 -0.2541787
0.6723978 0.3653149 0.1122091 -0.111655906 0.15096177 0.11602951 -0.15508747 -0.044085458 0.08008172 0.054464616 0.11357496 0.11833886 0.18308076 0.2859481 0.24754004 0.12883288 0.12375735 -0.064018324 -0.05939383 0.16281396 0.13776568 0.18794487 0.1401935 -0.011078024 -0.1456432 -0.15618677 -0.35494682 -0.57958025 -0.55753183 -0.22576474 0.28327003 0.5236617 0.3380286 0.13930406 0.019468283 0.12715542 0.3242571 0.21889725 0.3271868 0.15618017 0.051177472 -0.01408835 -0.07847359 -0.21436891 -0.39106554 -0.33081988 -0.21433358 -0.22589813 -0.09194035 -0.00340057 0.23043135 0.08614877 0.24119617 0.5257761 0.24678957 0.11728872 -0.110845126 -0.18005842
0.487044 0.1987143 -0.053629808 -0.016031567 0.14441279 0.0038388036 0.03991188 -0.051166195 0.031332582 0.12579621 0.18838981 0.23689598 0.32846615 0.3505935 0.25358385 0.09088312 0.065792486 -0.08015628 -0.07319194 0.11574638 0.105410576 0.18511842 0.10719131 -0.01875788 -0.14350721 -0.26015237 -0.50667465 -0.6365494 -0.4485213 0.13582677 0.5357644 0.5402028 0.24597077 0.15652119 0.030139534 0.3784695 0.28391075 0.3036499 0.4688673 0.18268903 0.112511665 -0.056630693 -0.21066824 -0.20401831 -0.27449727 -0.24882294 -0.20674518 -0.17438686 -0.18311603 0.046447296 0.14040272 0.120596305 0.36909074 0.59052175 0.3002347 0.0993442 -0.20315483 -0.37847108
0.33726668 0.053275585 -0.12160644 0.033875763 -0.037506483 -0.04694648 -0.013246002 0.02176311 0.14560261 0.20909625 0.25319183 0.32619655 0.3957753 0.3447545 0.23475891 0.08072827 0.009135059 -0.08568747 -0.10006843 0.047945656 0.05598313 0.08246712 0.067844704 -0.03328469 -0.18520533 -0.38929933 -0.5322463 -0.5491154 -0.20203753 0.19789071 0.61775094 0.42151925 0.26618078 0.27311337 0.35718864 0.3688881 0.07278821 0.14116241 0.43820134 0.38890094 0.18988402 0.060622413 -0.11862542 -0.21365295 -0.30886272 -0.28044507 -0.19971536 -0.2580984 -0.12243369 0.14417425 0.0045587863 0.22326177 0.46998727 0.482152 0.29052818 0.060928952 -0.2617412 -0.47809756
0.2772415 -0.045144856 -0.1427247 -0.022998463 -0.096207835 -0.081721 0.032964054 0.094376765 0.24401233 0.2116365 0.28129646 0.35072997 0.41797742 0.26446727 0.17493574 0.029731348 -0.047382183 -0.1585586 -0.08688576 -0.051092625 -0.038170453 0.016464364 0.008216159 -0.09252991 -0.2834954 -0.4361255 -0.43509513 -0.37192017 -0.15770623 0.12712765 0.5844747 0.39319122 0.39919937 0.3778787 0.34416646 0.3095313 0.12642369 0.226813 0.19537532 0.47288162 0.2219648 -0.0542693 -0.2371233 -0.27152497 -0.2525459 -0.19421813 -0.13245538 -0.16687669 0.050823618 0.014911209 -0.08575672 0.2981056 0.4125318 0.41438195 0.18962447 -0.02048916 -0.23346065 -0.3559684
0.23561685 -0.087382875 -0.22794007 -0.08484056 -0.07758739 -0.03481098 0.07081936 0.18224436 0.2379813 0.22155996 0.31262544 0.43391392 0.4453407 0.24161346 0.09398933 0.008550794 -0.16424762 -0.2031815 0.015888415 -0.14794296 -0.11813406 -0.055061046 -0.059184007 -0.12961784 -0.24153069 -0.2611267 -0.20647341 -0.16539343 -0.0797704 0.035754703 0.6068325 0.38270682 0.3411967 0.27080587 0.28310338 0.25532737 0.24994428 0.32091853 0.16394119 0.19384348 0.26848742 -0.04891728 -0.24830824 -0.18849975 -0.05477325 -0.08450274 -0.021742616 -0.117684126 -0.03970702 -0.043365054 0.007473339 0.19848885 0.24232544 0.32152107 0.031422548 -0.15431258 -0.30624422 -0.388533
0.3131123 -0.17318355 -0.27832222 -0.105765395 -0.03418187 0.07078744 0.085283644 0.21127486 0.17428471 0.21522719 0.35929903 0.65124667 0.46831965 0.121979505 -0.022384841 -0.090889886 -0.2647864 -0.21302214 -0.013933422 -0.12720034 -0.14100234 -0.1414865 -0.16488679 -0.15252347 -0.15329894 -0.09086287 -0.014636241 0.064355165 0.05431158 0.12194611 0.57998073 0.3714675 0.18234003 0.07363944 0.046537884 0.16236968 0.20952417 0.25111675 0.26142675 0.115376756 0.045060076 0.0679713 -0.07524298 -0.15018563 0.10955138 -0.05192282 -0.19898543 -0.15077911 -0.022450851 0.123568095 0.20647228 0.21242738 0.16174513 0.24336292 -0.1469731 -0.28942764 -0.3711708 -0.31149536
0.4439894 -0.22960643 -0.33805418 -0.06996636 0.0043699252 0.062379975 0.043774657 0.23424938 0.18182623 0.24247333 0.58782536 0.73677146 0.42146355 0.00977504 -0.17252654 -0.25864345 -0.4019722 -0.3181854 -0.08488285 -0.011716613 -0.17863959 -0.17806159 -0.1670638 -0.13208878 -0.048574757 0.062276218 0.13388267 0.1480656 0.06944843 0.10199351 0.42801583 0.24161889 0.18359168 -0.036696628 0.046124335 0.18642913 0.26402926 0.34176454 0.24924687 0.2187797 0.081182376 -0.07105726 -0.16961022 -0.15987335 0.018338704 -0.14617488 -0.18856913 -0.1180417 0.2619973 0.30417246 0.16234528 0.015998028 -0.07472753 0.14996836 -0.19503811 -0.45001718 -0.5011913 -0.2280795
0.5060178 -0.27394977 -0.41177043 -0.10517484 0.04204156 0.017045371 0.07144373 0.21225993 0.19029887 0.23654173 0.6729247 0.6706465 0.35818583 -0.0010998847 -0.20263635 -0.35691506 -0.5314923 -0.4553626 -0.22937305 -0.033652235 -0.014414549 -0.028230384 -0.038513124 -0.021038733 -0.049356118 0.072956204 0.116148405 0.06999937 0.094603315 0.21604158 0.23508151 0.12126425 0.04538992 0.0052569304 0.0942075 0.08196129 0.13065778 0.20428415 0.31809425 0.23139495 0.15081888 -0.05735325 -0.124560356 -0.24283104 -0.22639422 -0.12648821 -0.05769582 0.20827302 0.34101924 0.29005396 0.13271652 -0.06329569 -0.25351727 -0.10513124 -0.0699322 -0.53049225 -0.5813433 -0.25344086
0.40830976 -0.2918779 -0.5652914 -0.08023174 0.011875367 0.01948069 0.22355166 0.18406887 0.13341555 0.27398768 0.64919394 0.5814878 0.28464547 0.023452614 -0.24300255 -0.4275919 -0.63134027 -0.52415127 -0.30070338 -0.087291606 0.046934176 0.036346816 0.012279215 -0.0039895414 0.03389138 0.053594258 0.0632756 0.022295736 0.006377674 0.05880656 0.0020068504 0.146526 0.14312778 0.041047033 0.053446244 0.08024327 0.089870274 0.2348429 0.3345339 0.3182638 0.062004875 0.06677368 -0.13748915 -0.1606755 -0.10555475 0.119447686 0.21554828 0.3400319 0.30669954 0.20772466 0.021695849 -0.1374622 -0.2381619 -0.27692357 -0.17224027 -0.6038062 -0.62264705 -0.35404468
0.33626994 -0.27010632 -0.6216889 -0.1645848 -0.13051645 0.25106966 0.20730436 0.052458085 0.033615503 0.28497756 0.5180398 0.46669853 0.22787789 -0.025194747 -0.25460884 -0.46588233 -0.66734684 -0.5338859 -0.31429073 -0.11820677 0.039368775 0.056357894 -0.067783326 -0.039259467 0.078829855 0.0940953 0.0784502 0.01235337 0.08339306 0.029723438 0.006667545 0.20232646 0.19500625 0.14216149 0.08298372 0.114928365 0.14537662 0.29040408 0.40066093 0.34247088 0.19916497 -0.017133528 0.023751752 -0.23952574 -0.0021230318 0.10744182 0.27213606 0.3830282 0.33005497 0.20623891 0.07471303 -0.13200283 -0.25563747 -0.26032323 -0.30040792 -0.6333088 -0.5765214 -0.32500076
0.0716026 -0.23879337 -0.49084327 -0.26303583 -0.12672919 0.3247924 0.12470203 -0.009966666 0.06172343 0.22233057 0.37847877 0.42151415 0.20589674 -0.02043092 -0.2651839 -0.5261436 -0.66244864 -0.41912377 -0.19296238 -0.15063581 -0.07562292 -0.088857 -0.08678403 0.099553846 0.15718193 0.092493296 0.06076821 0.058645133 0.0510423 0.0740342 0.16384092 0.22860107 0.2525846 0.22312693 0.19417468 0.15802729 0.17987843 0.2536693 0.2618824 0.2464222 0.10911134 -0.039295882 -0.07230281 -0.21255465 -0.12859845 0.096636884 0.40389726 0.45548555 0.26036805 0.11375967 0.03382312 -0.102371 -0.24309126 -0.25584462 -0.3358298 -0.66136837 -0.5850902 -0.36758122
-0.07733945 -0.21554063 -0.34210008 -0.35559356 -0.10330732 0.27306855 0.095780864 0.06361682 0.07025948 0.22582369 0.40489003 0.34545097 0.16018707 -0.026835002 -0.24907398 -0.5782815 -0.6089229 -0.25744337 -0.22960152 -0.26370084 -0.24838297 -0.25146228 -0.035621215 0.11357454 0.16404933 0.10039196 0.1402956 0.13347398 0.15337661 0.22466181 0.25683665 0.2939352 0.2670252 0.20930596 0.20387767 0.14525948 0.045947768 0.025129097 0.054709636 0.07249296 -0.012716258 -0.18605225 -0.26148877 -0.27815294 -0.19140524 0.17971294 0.46815547 0.4202789 0.16186415 0.08277326 -0.02635576 -0.14133447 -0.25905535 -0.24585384 -0.41790402 -0.48712164 -0.41305026 -0.36302033
-0.034678556 -0.2602534 -0.29730073 -0.3464499 -0.025726728 0.13639218 0.05511808 0.07591357 0.20803922 0.39740363 0.44823638 0.24244763 0.074252 -0.05552649 -0.29346004 -0.63016033 -0.5367089 -0.2105157 -0.23570907 -0.26160443 -0.266431 -0.124701366 0.086058214 0.18509977 0.11387329 0.13845545 0.10220239 0.1078337 0.16499917 0.1783086 0.22852704 0.30446312 0.3954361 0.43072048 0.38748062 0.2664855 0.14147495 -0.0018695425 -0.03736379 0.033371527 0.01895169 -0.22022545 -0.43192974 -0.36957052 -0.27526814 0.0877072 0.46615323 0.41491106 0.14337042 0.076063 -0.02767973 -0.14163257 -0.21649307 -0.3691036 -0.39361474 -0.20333464 -0.21765734 -0.22600152
-0.11858752 -0.28293735 -0.3292339 -0.25053695 -0.07715639 -0.012214555 0.07304462 0.28010958 0.43118134 0.5319446 0.25637373 0.14494513 -0.028335009 -0.0952713 -0.35394832 -0.6444347 -0.46673733 -0.19047394 -0.27976575 -0.30057836 -0.29061884 -0.032361735 0.16251194 0.1099774 0.053070657 0.13312858 0.13823509 0.1715063 0.16449744 0.2811182 0.528132 0.53865266 0.5761575 0.61760753 0.47749805 0.33858716 0.21657497 0.07161037 0.034754656 0.04213861 -0.03148119 -0.22506031 -0.50715286 -0.5082346 -0.38537046 0.0062873946 0.41076794 0.4478884 0.11891403 0.06470365 -0.018334543 -0.10033013 -0.21888967 -0.41659355 -0.31049374 -0.05827841 -0.054734025 -0.038814195
-0.16904612 -0.30728605 -0.36421835 -0.29586038 0.05711237 0.10676499 0.20382884 0.40410084 0.58689535 0.43714976 0.08487283 0.08686707 -0.09445163 -0.19142719 -0.36376965 -0.54770815 -0.43114913 -0.21690091 -0.29723176 -0.33820254 -0.14732541 0.0767594 0.10023612 0.0621369 -0.031397343 0.10617064 0.16708419 0.19221014 0.4564466 0.56208336 0.435842 0.6785165 0.689864 0.62322485 0.46327013 0.27428168 0.21275139 0.12996903 0.08445073 0.00578675 -0.11358975 -0.22506514 -0.46919492 -0.62261516 -0.40724167 -0.1355899 0.309848 0.332006 0.06273426 -0.05423302 -0.08734835 -0.13989474 -0.14229937 -0.16651914 -0.15363692 -0.020702507 -0.017495044 -0.01574568
-0.2425574 -0.3883899 -0.41606987 0.12890963 0.29199094 0.14026648 0.2437304 0.5021004 0.5883538 0.33483082 0.096460424 0.04882742 -0.17281038 -0.27701128 -0.36661673 -0.4714879 -0.44042608 -0.2619727 -0.24858971 -0.27134708 -0.13032162 -0.041358232 0.018544305 0.051948108 0.050935835 0.052962482 0.20113488 0.463295 0.5481629 0.3347948 0.6679284 0.56946754 0.5874419 0.53833133 0.44682324 0.22309229 0.1687211 0.12023468 0.019897737 0.013962726 -0.09959552 -0.22740932 -0.4256817 -0.61664474 -0.42452243 -0.1608918 0.14374861 0.28785247 0.06309311 -0.12208483 -0.10578671 -0.1136514 -0.10347213 -0.073518224 -0.08501253 -0.05058528 -0.040662754 -0.011147624
