static/data/seaWater_vo/2023/7/9/6.asc
ncols 137
nrows 93
xllcorner 108.0
yllcorner 17.0
cellsize 0.25
NODATA_value -32767
[rows 26 to 51 of 93, columns 58 to 115 of 137]
0.032283865 -0.1442336 -0.18835054 -0.18909562 -0.22445859 -0.29179543 -0.31189194 -0.3396716 -0.46700487 -0.4757265 -0.42148176 -0.3971004 -0.28446466 -0.18598805 -0.068687096 0.07650231 -32767.0 -32767.0 -0.15465122 0.09777013 0.031655293 0.04342488 0.12318731 0.1603851 0.036736384 0.012480783 0.0508141 0.058547497 0.11836769 0.049912762 0.053263098 -32767.0 -32767.0 -32767.0 -32767.0 -32767.0 -32767.0 -0.14754774 0.15893437 0.21248823 -32767.0 -32767.0 -32767.0 -32767.0 -32767.0 0.04726338 -32767.0 0.015894042 0.1527808 0.12425907 0.038362067 -0.26489082 -0.33917463 -32767.0 0.16310598 -0.061256953 0.13039592 0.45222756
-0.07521201 -0.07837216 -0.035551846 -0.21054213 -0.22428092 -0.25411263 -0.29464304 -0.30911478 -0.36420208 -0.33897993 -0.23640822 -0.15557092 -0.08546722 -0.07161116 -0.07027064 -32767.0 -32767.0 -0.13737269 -0.10684739 0.042737834 0.04306402 0.1457457 0.10960916 0.10565867 0.016342403 0.0007626733 0.055183508 -0.005427843 -32767.0 -32767.0 -32767.0 -32767.0 -32767.0 -32767.0 -32767.0 -32767.0 -32767.0 -0.19764471 -0.07596295 0.2693752 -32767.0 -32767.0 -32767.0 -0.047111936 0.26472923 0.0040203277 -0.33857238 0.07174152 0.18198158 0.15143794 -0.112848684 -0.31938365 -0.28638208 -0.09884167 -0.13944167 -0.12528998 0.077705674 0.33011472
-0.046409864 -0.058412243 -0.019392384 0.002758886 0.0147661455 -0.0875035 -0.11576083 -0.07076417 -0.09598339 -0.13863476 -0.111975975 -0.08987483 -0.054767318 -0.069142304 -0.08972864 -0.1102387 -0.084751286 -0.059587277 -0.06849026 -0.030271877 0.16900636 0.22316086 0.23711483 0.078264356 -0.014569537 -0.0632235 -32767.0 -0.14262 0.11933357 -32767.0 -32767.0 -0.020195834 -32767.0 -32767.0 -32767.0 -32767.0 -32767.0 -32767.0 -0.22646934 0.18340044 -32767.0 -32767.0 -0.0049243337 0.21315831 0.028475376 -0.008664219 -0.17841484 -0.041568756 0.14443225 0.0850438 -0.103912495 -0.42805701 -0.22346744 -0.27380824 -0.1436093 -0.04752184 0.025106676 0.19943458
0.07023181 0.052170537 -0.044163182 -0.020809684 0.088574216 0.00048216968 -0.055775806 -0.045664616 -0.01298269 0.00557677 -0.05429936 -0.095851585 -0.12714756 -0.17276827 -0.11133989 -0.045071512 0.08909188 0.16453466 0.2186251 0.13455524 0.12439518 0.2170328 0.19999523 0.11553777 -0.0045161657 -32767.0 -0.015958171 0.006115628 0.02247439 0.106817156 0.082266435 -32767.0 0.07726564 -32767.0 -32767.0 -32767.0 -32767.0 -32767.0 0.06385682 0.16029987 0.053831942 -0.21060635 0.09015466 0.07602594 -0.05188323 -0.05423013 -0.016253252 0.052756272 0.12005519 0.073664114 -0.06868366 -0.38170657 -0.44508886 -0.2989855 -0.1471147 0.029982867 0.0706065 0.12188874
0.029690849 -0.026795525 0.079560205 -0.09200842 0.029357888 0.07765809 0.052140057 -0.04199058 -0.0036909203 -0.022094797 -0.07362875 -0.11780556 -0.06317216 0.01640215 0.028882481 0.053173482 0.026848597 0.17884938 0.2800865 0.23930722 0.22557184 0.21800876 0.1992775 0.1192826 -0.0028789714 -0.09843976 0.015509882 -0.058204576 -0.026453635 0.08040848 0.057569213 -0.03186477 0.05619339 -32767.0 -32767.0 -32767.0 -32767.0 0.3769086 0.4368435 0.12734655 -0.048256364 -0.05461024 0.026630636 -0.054252464 -0.031453326 0.09693257 0.23236603 0.24360895 0.18209592 0.066459864 -0.053134963 -0.27360505 -0.5885671 -0.40668848 -0.19272457 -0.012458729 0.060733266 0.042390652
-0.10387469 -0.11977482 0.06894351 -0.028721198 0.0907285 -0.124751516 -0.0074619516 -0.08511822 -0.08028716 -0.07838084 -0.033950344 0.038397502 0.18995447 0.2949814 0.12908176 0.0828396 0.075029984 0.18838032 0.19411032 0.292972 0.3228779 0.2551228 0.16962665 0.12791625 0.052231263 0.038502395 0.042591985 -0.0039341697 -0.076928504 0.066002816 -0.010199634 0.035101835 0.020982355 -32767.0 -32767.0 -32767.0 -32767.0 0.5390177 0.26153737 0.027988484 -0.09725599 0.02840695 0.057788942 0.072018914 0.28916046 0.48616597 0.49792993 0.3544531 0.13837679 -0.1228442 -0.27330524 -0.35550582 -0.5576238 -0.7229151 -0.28588483 -0.06768357 -0.006624372 0.03798014
-0.020284334 -0.03835115 0.04335543 0.08295568 0.056416903 -0.15820152 -0.15167923 -0.109973714 0.001141295 -0.03166527 -0.11317196 -0.08472696 -0.009157731 0.1670237 0.16441312 0.092412494 0.03381662 0.029581364 0.14123519 0.25301254 0.20131499 0.14289762 0.10009072 0.16659634 0.1081349 0.08579507 0.021647913 -0.054043394 -0.11681221 -0.036418673 -0.034178957 -32767.0 -32767.0 -32767.0 -32767.0 -32767.0 0.24944006 0.28888923 0.13815142 0.08024687 0.10807457 0.15402448 0.32713264 0.5277139 0.604624 0.58159584 0.49387005 0.31638524 0.0711329 -0.17239606 -0.50547445 -0.7352268 -0.665401 -0.89934057 -0.5203223 -0.14248551 -0.11461904 0.12206688
-0.006851139 0.082119636 0.07780333 0.044526156 -0.0046215365 -0.07282624 -0.1360676 -0.07420633 -0.06913163 -0.11949038 -0.037902202 0.018009271 -0.08189035 -0.07361179 0.04687644 0.060228877 0.020101063 -0.039626505 0.02650649 0.1203969 0.027291233 0.056779638 0.15171991 0.2020362 0.16858077 0.034901652 -0.0809421 -0.1440995 -0.20335034 -0.19208328 0.01227246 -32767.0 -32767.0 -32767.0 -32767.0 -32767.0 0.0995214 0.09510705 0.31853145 0.40748978 0.3643039 0.40955934 0.49042344 0.5049722 0.4991521 0.5139059 0.41843945 0.14009373 -0.14792074 -0.3111364 -0.5849863 -0.902837 -0.9967922 -0.9538594 -0.76051545 -0.2450746 -0.090386525 0.32645243
-0.18848765 0.19869396 0.30708545 0.27635327 0.13015075 0.013841078 -0.0762523 -0.13066868 -0.22931989 -0.2559045 -0.1111113 -0.0560796 -0.067993775 -0.10031624 -0.102285884 -0.082260445 -0.021287225 -0.002859553 -0.0057089445 0.10884672 0.12903845 0.23890641 0.27689204 0.18883602 0.122236066 0.032654937 -0.16989434 -0.32275867 -0.29879725 -0.16669016 -0.03911092 0.044875447 -32767.0 0.16577269 -32767.0 -32767.0 -0.12887898 0.4277706 0.5874694 0.5619229 0.58211154 0.5514249 0.5441561 0.45873994 0.2815594 0.2508437 0.1890235 -0.12961999 -0.18293816 -0.20831054 -0.5202412 -1.0528126 -1.2716013 -1.0201064 -0.89768183 -0.29112515 -0.055676274 0.4093393
-0.1617506 0.09073245 0.08951394 0.21032052 0.18460694 0.07937851 0.077368155 -0.06362865 -0.14749332 -0.16670772 -0.08373912 -0.048283916 -0.04838054 -0.028209487 -0.13526528 -0.09846154 -0.020659668 0.009667366 0.06849922 0.13653493 0.18784665 0.33676732 0.25924864 0.16758317 0.07075688 -0.0396357 -0.21277158 -0.32297114 -0.2293758 -0.21356599 0.0058407336 -0.107044086 -0.022882067 0.10670758 -32767.0 0.057143044 -0.16280535 0.88843155 0.7305914 0.71425575 0.5955721 0.51631874 0.569816 0.42789865 0.1136857 -0.034551263 -0.085852556 -0.23640758 0.035465017 -0.33834746 -0.61669177 -1.1489482 -1.4443415 -1.111293 -0.94586253 -0.25103003 0.11043342 0.49444535
-0.02518094 -0.04023929 0.08367408 0.040759698 0.11490302 0.14745079 0.0063884174 -0.08979913 -0.09146335 -0.15545043 -0.13436188 -0.14115888 -0.12003772 -0.09347496 -0.1217701 -0.14954786 -0.061299957 -0.0039760475 0.09609417 0.11530454 0.23929445 0.3457303 0.26771057 0.1621771 0.061551258 -0.17878033 -0.2897723 -0.20527387 -0.021056496 -0.026642933 0.015007402 0.06920296 -0.077929534 -32767.0 0.6069145 -0.010157046 0.12579586 0.6123679 0.77452016 0.64228344 0.4925345 0.48061088 0.43418583 0.31570774 0.110693686 -0.06390331 -0.20986877 0.112360775 -0.09380776 -0.52216774 -0.72783685 -1.1793039 -1.540893 -1.1647319 -0.8471066 -0.18688881 0.129585 0.4076642
-0.025456501 -0.03518109 -0.016653622 0.06777325 -0.07269811 -0.07142702 0.003611864 0.03622359 -0.04476977 -0.19895606 -0.23099783 -0.13809307 -0.17878918 -0.119359665 -0.11175547 -0.12113088 -0.04464404 -0.01383956 0.010447663 0.05754128 0.15656555 0.22828431 0.15595014 0.17832658 0.1217272 -0.18310629 -0.29178217 -0.108949155 0.08927962 0.12824766 0.09378174 0.055771243 0.104237564 0.16218151 0.1689999 0.1687759 0.38892367 0.7830641 0.61365783 0.45510915 0.39654875 0.33008617 0.27190316 0.23577325 0.0029081353 -0.20621976 0.19314541 0.10159123 -0.2546361 -0.6887887 -0.79564035 -1.1947445 -1.4611733 -1.1722907 -0.6687253 -0.1456048 0.03541244 0.2907393
0.027469298 0.12358411 0.051789485 -0.09230666 -0.15483156 -0.2652042 -0.31816074 -0.21006304 -0.16943501 -0.19205429 -0.29320893 -0.30068913 -0.25095597 -0.16855948 -0.15427873 -0.06824536 0.049361967 0.045744784 0.028638104 0.066832535 0.18777968 0.26525122 0.2520694 0.15334417 0.13548087 -0.074096575 -0.275268 -0.096309185 0.06541691 0.18365622 0.23261528 -32767.0 0.13077691 -0.3420199 -32767.0 0.24760337 0.82665116 0.62381494 0.47114882 0.40727904 0.31779414 0.1709292 0.20624407 0.09754644 -0.19675206 0.17218824 0.22099912 0.040133134 -0.37053302 -0.79112345 -0.82085997 -1.1366147 -1.2822297 -1.1563497 -0.5543537 -0.1713163 0.03257034 0.36293325
-32767.0 0.06274423 -0.025082394 -0.13348293 -0.2214174 -0.3957276 -0.25062212 -0.2391715 -0.2234523 -0.16593856 -0.23840086 -0.3094733 -0.2911068 -0.17270528 -0.11265656 -0.0028461518 0.07096263 0.026730916 0.024562607 0.08236728 0.20662281 0.31916955 0.3021874 0.22584113 0.09979707 -0.12317084 -0.25922027 -0.14720435 0.0042918506 0.34277117 0.45609885 -0.2672712 -32767.0 -0.2187181 0.37928206 0.66116524 0.4934046 0.45988476 0.48608848 0.3152598 0.18642841 0.051830888 0.13153803 -0.1080052 -0.12377767 0.12282991 0.07388593 0.01886921 -0.39491323 -0.7772312 -0.7033611 -1.0343443 -1.1586064 -1.1194566 -0.58955795 -0.19301495 0.095933236 0.7241031
-0.09095068 0.021565467 -0.058879763 -0.17970805 -0.2152416 -0.34038478 -0.12842181 -0.058381047 -0.12245159 -0.12338174 -0.28553295 -0.22387445 -0.22482967 -0.14109243 -0.012121232 0.021707484 0.042609677 -0.042645156 -0.053758863 0.06193477 0.25236875 0.34857598 0.3196767 0.24012809 0.051107913 -0.20777956 -0.37086737 -0.2885431 0.05079613 0.4485746 -0.09813897 0.21710554 -0.039296787 0.04336282 0.2452248 0.3377204 0.42684907 0.5464065 0.3103382 0.15783072 0.14632714 0.024336215 -0.0425488 -0.18746085 0.041260496 0.09317387 -0.09311682 -0.0105958525 -0.33817524 -0.57175124 -0.51543856 -0.886024 -1.0810676 -0.9436133 -0.6857032 -0.16854504 0.44545284 1.0512197
0.028036622 0.04252708 -0.17957224 -0.3204338 -0.12885442 -0.033480447 -0.037341863 -0.054653995 -0.039341297 -0.06297524 -0.09787225 -0.24848387 -0.26426435 -0.16468316 -0.14489238 -0.13963965 -0.1119184 -0.1357401 -0.049207754 0.12128853 0.32482833 0.5098397 0.5314883 0.36420813 0.016658925 -0.31657225 -0.47270375 -0.27919847 0.0207352 0.24702905 -0.028614607 0.05781198 0.064664036 0.08521363 0.033674084 0.23731321 0.44061026 0.39398003 0.12832904 0.0847707 0.14261152 0.08140052 -0.109234236 -0.15036827 -0.22551912 0.061012637 -0.011703721 -0.08531236 -0.20086357 -0.43703428 -0.40349093 -0.5850933 -0.85170335 -0.7515332 -0.43019754 0.047728144 0.6175864 0.78144693
-0.122444764 -0.023642067 -0.2401764 -0.06942524 0.011232007 -0.00918281 0.1160188 0.036088407 -0.052514616 -0.06812435 -0.11289067 -0.1315798 -0.14066972 -0.21746558 -0.19016245 -0.1892166 -0.18000445 -0.14352153 0.011249756 0.20791781 0.47908354 0.73474085 0.6765376 0.45167205 0.1710139 -0.0838216 -0.2887246 -0.37374407 -0.14207274 -0.27177563 -0.08465032 0.028130349 0.0512827 0.008368874 0.09677257 0.25822735 0.25255123 0.17407246 0.03706888 0.08757517 0.13883393 0.055314608 -0.07828241 -0.17213663 -0.2893657 -0.2912405 -0.08416599 0.07083861 -0.03883624 -0.22730164 -0.38458326 -0.406256 -0.4228415 -0.54945314 -0.3621598 0.031515747 0.25399855 0.35465768
0.03854851 -0.0011196274 -0.11458853 -0.09251549 0.08822953 0.17882665 0.09693079 0.15142617 0.06862655 -0.051837884 -0.11534785 0.009264301 -0.055056028 -0.12580766 -0.14812455 -0.22025704 -0.090460435 -0.072702505 0.07702165 0.336085 0.7180464 0.77137804 0.62918264 0.4874565 0.24534659 -0.004178051 -0.10348789 -0.13851708 -0.3088573 -0.29761773 0.016740466 -0.0049344404 0.042972468 -0.028519964 0.06265455 0.16288915 0.12539628 0.059102777 0.029236931 0.019467834 0.021377144 0.007325412 -0.09456732 -0.29684606 -0.31213966 -0.35026836 -0.26189443 -0.07216586 -0.015964497 -0.08197216 -0.21502274 -0.3501345 -0.37023672 -0.24954781 -0.12794705 0.010361442 0.13437325 0.28217286
0.15531622 0.004929957 0.0344662 -0.010685057 0.12351445 0.16134948 0.21421176 0.18410078 0.14134479 0.022961818 -0.0880749 -0.03092819 -0.07631542 -0.09903006 -0.0786749 -0.024568828 0.04534794 0.10200759 0.18786263 0.519207 0.75590736 0.6658737 0.5903707 0.46431634 0.1601455 -0.011890443 -0.07083422 -0.19123949 0.11638082 -0.19720773 -0.13744572 0.025569497 0.035883494 -0.24631868 0.015043883 0.09448695 0.055671692 0.061644483 0.09981234 0.10002099 0.07659114 0.047037948 -0.042380977 -0.15492325 -0.34141 -0.47163102 -0.2898523 -0.13201828 -0.05131679 -0.03646166 -0.09860051 -0.17636515 -0.26355284 -0.28704405 -0.20800811 -0.04063338 0.08740446 0.04115207
0.18398745 0.059438467 0.069765575 0.18302964 0.050888143 0.2902091 0.15514338 0.22117476 0.14212364 0.012261981 -0.044367235 -0.012184736 -0.112375975 -0.071405835 -0.035040613 0.010498362 0.114800684 0.08435069 0.2777608 0.7101429 0.7039894 0.56136376 0.5389265 0.33438477 0.09437686 0.020580322 0.008721389 -0.034868132 -0.13235402 -0.036922 0.050571032 0.100494035 -0.014131697 -0.07667971 0.0006179812 0.010912079 0.095037505 0.17022954 0.1342921 0.081142835 0.036825735 -0.006368233 -0.09204287 -0.1405372 -0.17424752 -0.29505384 -0.46479806 -0.24289078 -0.11935791 -0.077669114 -0.068073735 -0.046227064 -0.121104375 -0.20809145 -0.20022096 -0.14724825 -0.13250083 -0.011591482
0.29916596 0.20199883 0.118401565 0.13832524 0.15745921 0.21344699 0.11795745 0.16386978 0.14852372 -0.031047383 -0.042152822 -0.123033226 -0.17496844 0.081385225 -0.048260022 -0.07946512 0.01657106 0.14212638 0.5973349 0.7149628 0.6457238 0.4588659 0.43899465 0.18719994 0.001613262 0.009764846 0.057172917 -0.013943122 -0.13357753 0.026152685 -0.0051850113 0.019597866 -0.027300557 -0.002412024 0.09087585 0.16235545 0.19333088 0.21659969 0.19970013 0.123969786 0.042504244 -0.0813412 -0.19960998 -0.21384816 -0.13407362 -0.1512258 -0.31439865 -0.41421732 -0.27078426 -0.18483983 -0.07716754 -0.10379208 -0.112204336 -0.16330732 -0.20269327 -0.2268672 -0.22021423 0.06184688
0.5697608 0.18939646 0.28006205 0.25949517 0.05612251 0.08952971 0.0010355444 -0.024341442 0.16108096 0.10410298 -0.12376236 -0.19986548 -0.20364144 0.12593947 0.023124713 -0.0770556 0.10113327 0.45718068 0.67939407 0.72212845 0.4849183 0.38698578 0.34547368 0.033393644 -0.23750031 0.024896702 0.019252177 -32767.0 -0.1903739 -0.14140838 -0.1379541 0.081005305 0.16911623 0.17250462 0.19500275 0.2557361 0.32487115 0.35694328 0.32951114 0.21399088 0.07658517 -0.028396124 -0.24380748 -0.26580393 -0.1891453 -0.17585617 -0.24150278 -0.4038796 -0.39752147 -0.28229448 -0.10341825 0.008887742 -0.0700084 -0.18793793 -0.1955741 -0.261586 -0.04243669 0.11898874
0.69322836 0.35131347 -0.0031884348 0.20540538 -0.039643526 0.015542118 -0.048130885 -0.044710398 0.17685065 0.08417419 -0.032204237 -0.17844371 -0.20169209 -0.15152109 -0.07716153 0.11935583 0.40216705 0.6773252 0.7119722 0.5150942 0.3443202 0.3109462 0.23673591 -0.0540472 -0.287998 -0.02840716 0.06745975 -0.017497212 -0.3076659 -0.024873676 0.07700868 0.18658301 0.15740064 0.20591936 0.31519774 0.4101992 0.496826 0.44026935 0.3633759 0.25524974 0.11060956 -0.0030655148 -0.18691221 -0.29883868 -0.2934216 -0.15351036 -0.27186292 -0.46580777 -0.49186787 -0.26969033 -0.10432771 -0.04586916 -0.015347492 -0.040771604 -0.102495015 0.0020056944 0.10533937 0.02445103
0.7016711 0.3042479 0.23641877 0.023242697 0.010632037 0.027081124 -0.062452395 -0.0065049836 0.2645052 0.09787155 0.05992345 -0.0031891153 -0.12631 -0.11466482 0.07107295 0.3440401 0.6622384 0.68134016 0.5238465 0.31989288 0.3081112 0.25552216 0.13084751 -0.13098906 -0.19869056 -0.047505032 -32767.0 -0.23107529 -0.04592006 0.08843218 0.16699393 0.1266234 0.20325035 0.27605227 0.41169274 0.57914186 0.5334531 0.41645235 0.3672169 0.20817104 0.047529813 -0.032385983 -0.14727843 -0.32716325 -0.2565014 -0.1537962 -0.4391286 -0.60534173 -0.53156465 -0.28202587 -0.19400418 -0.06086765 0.08069071 0.20233998 0.27725163 0.30658138 0.16068792 -0.12551515
0.648835 0.29837576 0.12611319 0.061435048 0.12825426 0.005569298 -0.055975374 -0.013474371 0.26583922 0.121826924 0.09111033 0.061311424 0.031977117 0.09581567 0.3697183 0.6426235 0.60116214 0.52184975 0.31223738 0.32651648 0.27660295 0.11216947 0.016049601 -0.13322458 -0.1809378 -0.22845043 -0.21140102 -0.09129643 0.13428034 0.1095179 0.05781675 0.21642995 0.28243676 0.36516955 0.519833 0.5538703 0.45491907 0.4078345 0.30247352 0.13928396 -0.0121084405 -0.04416988 -0.22350368 -0.29906616 -0.16851851 -0.3646205 -0.5728049 -0.62079966 -0.354712 -0.048782732 0.1103465 0.14727731 0.21448557 0.2891109 0.32020816 0.30940887 0.1367154 -0.23102933
0.19167645 0.27234456 0.093326084 0.093468815 0.036799617 0.0055547925 -0.009753011 0.18834022 0.10226095 0.10609966 0.0459653 -0.006889543 0.061358802 0.37726185 0.55502975 0.58925116 0.50085294 0.3129343 0.3558858 0.33911365 0.15576094 0.013174271 -0.05546336 -0.16837148 -0.18058358 -0.36558732 -0.082371466 0.120713495 0.18078028 0.016921446 0.16954748 0.29802623 0.36795264 0.45919904 0.55890226 0.5035041 0.46643427 0.33836037 0.27914664 0.19213784 0.07508612 -0.0847443 -0.15686952 -0.17263247 -0.33119985 -0.52760357 -0.6051828 -0.31797084 -0.07388923 0.0049874843 0.081456885 0.22262135 0.27650863 0.2932513 0.36708707 0.21404392 -0.023512304 -0.31173876
