static/data/pressure/2023/7/28/0.asc
ncols 137
nrows 93
xllcorner 108.0
yllcorner 17.0
cellsize 0.25
NODATA_value -32767
[rows 57 to 75 of 93, columns 0 to 42 of 137]
100.27835234729068 100.28683498199382 100.26535767285185 100.22511027840935 100.19063829482856 100.15012017800193 100.09714883150474 100.13315490859569 100.17466567416416 100.18585553270873 100.14560813826623 100.09741955388888 100.11113615468543 100.13658405879482 100.08758330726504 100.02441475096516 99.97911387201869 99.94040057108633 99.92388650565364 99.94166394221233 99.94166394221233 99.95186115201503 99.95736584049259 99.96864593983186 99.95086850327317 99.89609234088171 99.83436763729723 99.80964165954558 99.8034150447103 99.81189767941343 99.78410351464149 99.74791695596113 99.76461150298324 99.76641631887752 99.76009946324753 99.77688425106436 99.82435090908398 99.77814762219036 99.76786017159294 99.74466828735142 99.72012279118918 99.69963813078907 99.68483864045595
100.25858961324829 100.27140380609771 100.30840253193048 100.28033764477439 100.21789101483223 100.14488621190851 100.07864946858835 100.11564819442114 100.10490953985015 100.06366949666581 100.04138002037142 100.12034071574628 100.16158075893063 100.1351402060794 100.04309459547099 99.99337191758352 99.99463528870952 99.98416735652268 99.96611919757986 99.93688118009247 99.93110576923078 99.94139321982819 99.94888320578946 99.9248791543955 99.90863581134695 99.85241579624007 99.81009286351915 99.78211821715779 99.77535015755421 99.78410351464149 99.76713824523523 99.74060745158928 99.75387284841226 99.73383939198573 99.72012279118918 99.74638286245099 99.79141301901333 99.72165688469931 99.65740543886287 99.62536995673936 99.55416996970993 99.48215781552805 99.36664959829399
100.22366642569392 100.19641370569028 100.22935159576092 100.20588898913526 100.1391108010468 100.07233261295836 100.04859928394856 100.07937139494607 100.02441475096516 99.98660385797994 100.02712197480659 100.11709204713657 100.12485275548197 100.0450798929547 99.99986925480293 100.07458863282622 100.09687810912061 100.0328973856683 99.96359245532786 99.93164721399907 99.90836508896282 99.89934100949141 99.8386089546488 99.81009286351915 99.84835496047793 99.80937093716143 99.77291365609693 99.75838488814796 99.75441429318055 99.78040364205822 99.78437423702562 99.74863888231883 99.71561075145347 99.69810403727892 99.67834130323655 99.69783331489478 99.72833470350817 99.67563407939512 99.60786324256482 99.52466122983842 99.44362499618512 99.26016546053134 99.13166256885845
100.1780948243633 100.13360611256925 100.12963551760183 100.10590218859201 100.04814807997498 99.99210854645752 100.01584187546733 100.04165074275556 100.00266671943908 99.96241932499657 100.00013997718708 100.05509662116796 100.07882995017778 100.00663731440649 100.00663731440649 100.0763934487205 100.04841880235912 99.9741506283094 99.91314785108267 99.96034378671816 99.94391996208019 99.83635293478095 99.7701161914608 99.74160010033114 99.80359552629973 99.78690097927762 99.7836523106679 99.76786017159294 99.73338818801214 99.74340491622543 99.75260947728626 99.7228300150306 99.6851093628401 99.6466667842919 99.62708453183893 99.62663332786536 99.65316412151131 99.58936387964843 99.4823382971175 99.39958748836465 99.2963520192117 99.12516523163903 99.01462025811425
100.12358938435598 100.07161068660065 100.06312805189752 100.0393947228877 99.98164061427069 99.95059778088903 99.965126548838 99.9836259117544 100.02116608235545 99.98064796552883 99.9446418884379 99.98335518937026 100.0368679806357 99.98687458036409 99.98687458036409 100.00212527467079 99.97387990592526 99.91784037240781 99.87912707147545 99.93733238406604 99.92208168975937 99.81433418087072 99.7599189816581 99.734380836754 99.78284014351549 99.79114229662919 99.79240566775519 99.75910681450567 99.72490555330903 99.68465815886653 99.68989212495995 99.67391950429555 99.6403499286619 99.60190735011369 99.57113523911617 99.56788657050647 99.59541001289428 99.48910635672105 99.37161284200327 99.25411932728551 99.15061313574842 99.03591708566678 98.93538884035524
100.08812475203332 100.03560460950973 100.02441475096516 100.00284720102849 99.97315797956755 99.94635646353747 99.90358232684297 99.90610906909497 99.96837521744771 100.00762996314835 99.97189460844154 99.95086850327317 99.98687458036409 99.93940792234447 99.94861248340531 99.96341197373843 99.97712857453497 99.93489588260877 99.89139981955657 99.84564773663651 99.82010959173242 99.77165028497093 99.72634940602445 99.73158337211788 99.75766296179025 99.7701161914608 99.77183076656037 99.73564420788 99.68610201158195 99.6390865575359 99.64359859727162 99.63484524018433 99.6038926475974 99.57790329871975 99.5464092613645 99.5386485530191 99.56310380838661 99.44308355141686 99.3244169063678 99.20412592701388 99.08410567004411 98.98041899691759 98.83486059504372
100.0858687321655 100.04616278249127 100.0316340145423 100.00934453824792 99.98263326301254 99.94112249744404 99.86838841690447 99.87064443677231 99.97938459440283 100.03190473692645 99.99761323493509 99.96160715784414 99.95059778088903 99.91684772366595 99.92839854538936 99.9145917037981 99.93291058512506 99.94265659095419 99.89961173187555 99.79691770749089 99.72833470350817 99.69061405131767 99.68790682747624 99.70189415065693 99.72941759304474 99.73564420788 99.72562747966674 99.68565080760838 99.63737198243633 99.61833117475166 99.61815069316222 99.59739531037798 99.5796178738193 99.55841128706149 99.54135577686053 99.5373851818931 99.52989519593183 99.43911295644943 99.33560676491234 99.21937662132056 99.0911444520318 98.97509479002946 98.76510446072972
100.04715543123312 100.04408724421285 100.0303706434163 100.00113262592893 99.96061450910229 99.91811109479194 99.85485229769735 99.9018677517434 100.00284720102849 100.00564466566463 99.95014657691546 99.90538714273725 99.92090855942807 99.9261425255215 99.88490248233714 99.83111896868755 99.80260287755787 99.81334153212886 99.84564773663651 99.7996249313323 99.72986879701831 99.69187742244367 99.68862875383395 99.71010606297591 99.74665358483513 99.71985206880504 99.6786120256207 99.64910328574916 99.64341811568218 99.63683053766805 99.61941406428822 99.59288327064229 99.58358846878671 99.56716464414875 99.5508310603055 99.51987846771856 99.4721410873148 99.40039965551708 99.3391261559062 99.23137864701754 99.12209704461874 99.01714700036624 98.85191610524468
100.01412730036776 100.037409425404 100.01412730036776 99.95691463651902 99.89961173187555 99.86911034326218 99.85340844498192 99.92533035836907 99.95889993400272 99.92262313452764 99.86541047067891 99.84664038537836 99.86865913928861 99.87109564074589 99.84564773663651 99.82308753795797 99.80540034219402 99.78663025689347 99.78410351464149 99.74990225344483 99.70008933476264 99.67283661475898 99.67563407939512 99.69684066615295 99.71136943410191 99.65659327171045 99.61787997077809 99.61165335594282 99.63258922031649 99.65659327171045 99.64937400813331 99.61535322852609 99.57185716547389 99.5303463999054 99.49136237658891 99.44958088863626 99.40464097286863 99.38262221895839 99.35166962637146 99.29165949788656 99.2048478533716 99.10341720011293 99.01561290685609
99.97938459440283 99.99436456632537 99.98687458036409 99.94410044366961 99.89509969213985 99.8839098335953 99.88616585346314 99.89158030114599 99.86062770855905 99.83184089504526 99.8213729628584 99.82787030007783 99.83310426617126 99.80810756603545 99.80585154616759 99.8373455835228 99.84609894061009 99.80937093716143 99.75937753688982 99.70559402324021 99.66985866853342 99.65063737925931 99.64486196839762 99.6466667842919 99.65433725184259 99.63340138746891 99.59712458799383 99.59116869554272 99.61165335594282 99.63737198243633 99.63637933369448 99.59910988547755 99.52664652732213 99.47484831115622 99.44091777234372 99.41258216280347 99.39336087352936 99.4043702504845 99.39038292730382 99.37783945683854 99.32865822371934 99.26215075801505 99.19266534608518
99.93462516022463 99.94166394221233 99.95384644949873 99.92235241214351 99.89816787916013 99.89365583942443 99.8775929779653 99.84384292074223 99.8373455835228 99.84790375650437 99.84609894061009 99.83536028603909 99.84158690087438 99.82561428020998 99.80233215517373 99.81189767941343 99.79565433636489 99.7599189816581 99.73636613423771 99.6901628473441 99.65614206773688 99.64486196839762 99.63890607594648 99.62040671303008 99.62085791700365 99.61436057978423 99.6001025342194 99.60109518296126 99.61436057978423 99.61887261951995 99.59261254825815 99.58566400706515 99.53215121579967 99.49208430294662 99.45914641287597 99.4318936928723 99.41059686531976 99.41483818267133 99.41465770108191 99.40816036386249 99.40915301260435 99.37865162399098 99.37910282796454
99.91883302114965 99.91314785108267 99.91612579730824 99.89591185929227 99.87362238299788 99.86685432339434 99.85241579624007 99.8391503994171 99.87109564074589 99.88264646246931 99.88291718485344 99.86883962087803 99.86911034326218 99.84709158935195 99.8181242942487 99.79366903888118 99.77616232470665 99.743856120199 99.72138616231517 99.68312406535638 99.6499154529016 99.63683053766805 99.6249187527658 99.60885589130667 99.60939733607496 99.61138263355868 99.59541001289428 99.59288327064229 99.60289999885555 99.56563055063862 99.53233169738911 99.5290830287794 99.52312713632827 99.48784298559505 99.47412638479851 99.45183690850412 99.44362499618512 99.43613501022386 99.43983488280715 99.44109825393315 99.44136897631729 99.44940040704684 99.46113171035967
99.91811109479194 99.90962846008881 99.89437776578214 99.87488575412388 99.85358892657135 99.85539374246564 99.85936433743305 99.86586167465248 99.87966851624374 99.87912707147545 99.89112909717242 99.89185102353014 99.90060438061741 99.88039044260145 99.83265306219768 99.79709818908033 99.7906008518609 99.745119491325 99.71416689873806 99.68312406535638 99.65560062296859 99.63285994270062 99.61589467329438 99.6038926475974 99.60984854004853 99.60912661369082 99.58864195329072 99.57366198136818 99.55633574878307 99.52962447354768 99.51058366586301 99.50787644202158 99.50336440228588 99.4971377874506 99.48964780148934 99.47836770215007 99.47584095989808 99.4670876028108 99.47187036493065 99.47439710718265 99.4799017956602 99.50210103115988 99.5201491901027
99.92884974936293 99.91811109479194 99.88833163253628 99.87163708551417 99.85187435147178 99.85990578220134 99.88039044260145 99.8806611649856 99.86640311942077 99.85566446484978 99.86784697213618 99.88336838882702 99.93137649161493 99.90935773770468 99.85737903994935 99.81216840179758 99.80386624868387 99.74809743755056 99.70658667198207 99.68790682747624 99.66309060892986 99.63538668495262 99.61760924839395 99.60659987143883 99.60741203859125 99.60109518296126 99.582866542429 99.5546211736835 99.54415324149666 99.52890254718997 99.52664652732213 99.52962447354768 99.52809038003755 99.52790989844813 99.52312713632827 99.51040318427358 99.50787644202158 99.50164982718631 99.50886909076344 99.51662979910886 99.52809038003755 99.55389924732579 99.57312053659989
99.95086850327317 99.91513314856638 99.88011972021731 99.86162035730091 99.85160362908763 99.86134963491676 99.87614912524988 99.87614912524988 99.8603569861749 99.84889640524622 99.84438436551052 99.84537701425238 99.90583834671082 99.92713517426336 99.87858562670716 99.80512961980988 99.78789362801948 99.73483204072758 99.70189415065693 99.68465815886653 99.66688072230785 99.63935727992005 99.6236553816398 99.61011926243268 99.60560722269697 99.59414664176828 99.57591800123603 99.56689392176462 99.55759911990907 99.55290659858393 99.55065057871607 99.55615526719363 99.55958441739277 99.55940393580335 99.5591332134192 99.5464092613645 99.54334107434424 99.54288987037067 99.55037985633193 99.56436717951262 99.57663992759375 99.59459784574186 99.61490202455252
99.94960513214717 99.90737244022097 99.85737903994935 99.8340969149131 99.83815775067524 99.84239906802681 99.85061098034578 99.85034025796165 99.84185762325852 99.83887967703295 99.81640971914915 99.8078368436513 99.85061098034578 99.8730809382296 99.8391503994171 99.76840161636123 99.75333140364397 99.72941759304474 99.69963813078907 99.68258262058811 99.66390277608228 99.64639606190775 99.6321380163429 99.61661659965209 99.60885589130667 99.59766603276212 99.59035652839029 99.58638593342286 99.58015931858758 99.57709113156731 99.5693304232219 99.57158644308974 99.57591800123603 99.57835450269332 99.57988859620345 99.57438390772589 99.57609848282546 99.57691064997789 99.58837123090657 99.60308048044497 99.61959454587766 99.63484524018433 99.65785664283645
99.92587180313735 99.87208828948775 99.83111896868755 99.81586827438086 99.82841174484612 99.82886294881969 99.83039704232984 99.82985559756155 99.82759957769369 99.82308753795797 99.80612226855173 99.80485889742573 99.83788702829109 99.85665711359164 99.82886294881969 99.76037018563167 99.73059072337603 99.71985206880504 99.69963813078907 99.68258262058811 99.67391950429555 99.66363205369815 99.662097960188 99.64585461713946 99.63737198243633 99.62609188309708 99.6198652682618 99.61363865342652 99.60461457395512 99.59838795911983 99.59513929051013 99.59766603276212 99.60091470137183 99.60235855408726 99.59938060786169 99.59216134428458 99.592341825874 99.60434385157097 99.61815069316222 99.63258922031649 99.64684726588132 99.6640832576717 99.6901628473441
99.85061098034578 99.82408018669983 99.82065103650069 99.81460490325486 99.81866573901699 99.81866573901699 99.82038031411656 99.82308753795797 99.82489235385226 99.82308753795797 99.80991238192972 99.80188095120016 99.81216840179758 99.82615572497826 99.81514634802315 99.76659680046694 99.72716157317689 99.71290352761206 99.69666018456351 99.68736538270795 99.68907995780752 99.7010819835045 99.71786677132133 99.70640619039263 99.69386271992738 99.68140949025681 99.66760264866556 99.65190075038531 99.63610861131033 99.62410658561336 99.61914334190408 99.61941406428822 99.6198652682618 99.61715804442038 99.61210455991639 99.61490202455252 99.62040671303008 99.63015271885921 99.6428766709139 99.65839808760472 99.67689745052112 99.70008933476264 99.72833470350817
99.83391643332367 99.8295848751774 99.83138969107169 99.82362898272626 99.82435090908398 99.82741909610426 99.82633620656769 99.82814102246198 99.8321116174294 99.82714837372012 99.80837828841958 99.8008883024583 99.80314432232616 99.80864901080372 99.7996249313323 99.7701161914608 99.74340491622543 99.72634940602445 99.71290352761206 99.70514281926664 99.70433065211421 99.7093841366182 99.72012279118918 99.71885942006318 99.71389617635391 99.70559402324021 99.69413344231153 99.67816082164713 99.66309060892986 99.64964473051745 99.63836463117819 99.63060392283278 99.62961127409093 99.63033320044863 99.63060392283278 99.63962800230419 99.65090810164345 99.6601126627043 99.67058059489113 99.68483864045595 99.70333800337235 99.72689085079274 99.7599189816581
