static/data/pressure/2023/7/28/12.asc
ncols 137
nrows 93
xllcorner 108.0
yllcorner 17.0
cellsize 0.25
NODATA_value -32767
[rows 38 to 56 of 93, columns 43 to 85 of 137]
100.25958226199015 100.28133029351625 100.33935512451743 100.40107982810189 100.44304179764394 100.43654446042453 100.44583926228007 100.48608665672258 100.53129729487434 100.56856674309127 100.60060222521479 100.63002072429158 100.6595294641631 100.69228687264433 100.72982704324541 100.76655504669404 100.80156847504311 100.83784527451819 100.87556592670869 100.91409874605162 100.95227060221568 100.98908884645904 101.02356083003983 101.05604751613691 101.08627818236614 101.11560644064824 101.14430301336732 101.17209717813925 101.1985377309905 101.22028576251661 101.23833392145943 101.25385533815026 101.26784266133095 101.28282263325349 101.29753188279189 101.31260209550913 101.32731134504753 101.33985481551281 101.3533006939252 101.36584416439047 101.37784619008744 101.38984821578443 101.40085759273954
100.29856628530665 100.35731304266554 100.3858291337952 100.39377032373002 100.38528768902691 100.39277767498817 100.4030651255856 100.4325738654571 100.47110668480003 100.50954926334825 100.5533160487846 100.5955487407108 100.63480348641143 100.67405823211207 100.71232032907086 100.74354364404195 100.77828635000688 100.8135705007401 100.85029850418873 100.88828987876337 100.92655197572216 100.96652864778052 101.0035273736133 101.03754815322051 101.0693129129599 101.09981430157326 101.12679629919278 101.15531239032244 101.18130173920011 101.20377169708392 101.22434659827873 101.238785125433 101.25403581973968 101.26928651404637 101.28435672676362 101.2996074210703 101.31332402186685 101.32631869630568 101.33904264836038 101.35104467405735 101.36358814452261 101.37856811644515 101.39057014214214
100.26201876344743 100.34079897723286 100.3468451104787 100.3378210310073 100.3390844021333 100.37102964346208 100.38285118756963 100.40026766094945 100.43401771817253 100.48085269062915 100.54104330070348 100.58652466123938 100.63128409541758 100.67279486098607 100.70681564059329 100.72757102337755 100.76077963583234 100.79380776669771 100.8295431214045 100.86708329200556 100.90651851929563 100.9453220610227 100.98358415798148 101.01859758633057 101.05135499481179 101.08330023614059 101.11109440091252 101.1385276025056 101.16406574740971 101.1863552237041 101.20855445920377 101.22452707986815 101.24058994132727 101.25556991324983 101.26928651404637 101.28453720835306 101.29852453153374 101.31106800199899 101.32334075008012 101.33453060862468 101.34734480147407 101.36277597737018 101.37604137419315
100.22104944264723 100.26707224795142 100.28683498199382 100.32654093166802 100.34783775922055 100.36083243365938 100.35153763180384 100.37707577670793 100.42779110333726 100.47904787473487 100.55304532640045 100.58959284825967 100.62902807554974 100.6640415038988 100.69932565463202 100.71755429516428 100.74679231265165 100.77954972113288 100.81402170471367 100.85129115293059 100.88928252750523 100.92528860459616 100.9638214239391 101.00054942738774 101.03384828063724 101.06705689309204 101.0955729842217 101.12354763058306 101.14980770184488 101.17254838211282 101.19384520966537 101.2113519238399 101.22777574847787 101.24230451642684 101.25556991324983 101.27054988517237 101.2848079307372 101.29653923405003 101.30610475828973 101.31702389445013 101.33001856888896 101.34427661445379 101.35853466001863
100.20904741695024 100.22429811125693 100.21527403178553 100.25507022225445 100.30659771603621 100.31634372186532 100.31634372186532 100.38628033776877 100.43708590519282 100.49258399394199 100.56459614812385 100.5942853695848 100.61134087978577 100.64635430813485 100.68930892641876 100.71078623556072 100.73731702920666 100.76727697305175 100.80183919742726 100.83685262577633 100.87385135160912 100.90904526154762 100.94577326499628 100.98259150923963 101.01877806792 101.0533402922955 101.082849032167 101.11154560488609 101.1378056761479 101.16027563403172 101.18085053522654 101.19781580463278 101.21405914768133 101.2285879156303 101.24158259006913 101.25629183960754 101.26928651404637 101.28002516861734 101.28959069285705 101.29933669868616 101.31233137312499 101.32631869630568 101.34129866822823
100.17060483840204 100.1690707448919 100.15652727442662 100.1678073737659 100.22005679390537 100.24532421642532 100.29333231921322 100.36778097485237 100.4407857777761 100.49583266255169 100.54880400904888 100.57452263554241 100.5910367009751 100.63281818892771 100.67631425197993 100.70329624959945 100.7273003009934 100.7573504856332 100.78983717173028 100.82485060007936 100.85959330604429 100.89307264088323 100.92980064433188 100.96707009254881 101.0035273736133 101.03980417308837 101.07156893282773 101.10035574634155 101.12652557680863 101.14908577548717 101.16884850952957 101.1838284814521 101.1998011021165 101.21306649893947 101.22633189576244 101.24058994132727 101.25177979987183 101.26233797285337 101.2720839786825 101.28182998451163 101.29554658530817 101.31007535325713 101.32505532517968
100.0815371740192 100.1032852055453 100.14127658011994 100.15255667945921 100.16582207628218 100.1940674450277 100.26860634146156 100.36633712213694 100.4395224066501 100.47453583499917 100.51306865434209 100.53977992957748 100.57334950521113 100.61531147475318 100.66052211290496 100.69030157516062 100.71556899768056 100.74534845993622 100.77783514603331 100.81203640722995 100.84533526047946 100.87782194657655 100.91283537492562 100.95010482314255 100.98827667930661 101.02509492354997 101.05785233203119 101.08781227587627 101.11434306952223 101.13681302740605 101.15603431668015 101.16984115827142 101.1838284814521 101.19709387827507 101.20909590397204 101.22335394953687 101.23409260410786 101.2458239074207 101.25556991324983 101.2675719389468 101.28210070689578 101.29680995643417 101.3117899283567
100.01557115308319 100.10878989402286 100.17629000846902 100.19731611363741 100.19560153853784 100.19181142515984 100.29504689431279 100.38880708002077 100.44629046625364 100.48085269062915 100.49285471632614 100.51153456083195 100.54726991553873 100.58778803236538 100.63128409541758 100.67153148986007 100.70383769436773 100.7330757118551 100.7650209531839 100.79985389994354 100.8308064925305 100.86302245624343 100.89758468061893 100.9337712392993 100.97257478102635 101.010566155601 101.04332356408223 101.07310302633788 101.09954357918912 101.1230964266095 101.14177627111532 101.15477094555416 101.16884850952957 101.18085053522654 101.19258183853937 101.20503506820992 101.21685661231747 101.22876839721972 101.24302644278455 101.25683328437582 101.2733473498085 101.28706395060505 101.30177320014344
100.04354579944456 100.14578861985565 100.189555405292 100.2011062270154 100.20354272847268 100.22628340874064 100.36931506836251 100.45757056559292 100.50584939076496 100.51532467420995 100.49556194016755 100.5003447022874 100.52904127500649 100.56757409434941 100.60809221117606 100.65330284932783 100.68930892641876 100.72305898364183 100.75527494735478 100.78758115186243 100.81654844696565 100.84930585544689 100.88107061518626 100.91635476591948 100.95533878923597 100.99405209016832 101.02807286977554 101.05758160964704 101.08384168090886 101.10757500991868 101.12805967031878 101.14258843826775 101.15459046396474 101.16578032250928 101.1767896994644 101.18834052118781 101.19953037973235 101.21306649893947 101.22958056437216 101.24880185364626 101.26603784543666 101.27858131590192 101.2996074210703
100.09985605534617 100.16004666542048 100.16103931416234 100.1607685917782 100.19081877641798 100.26084563311615 100.38032444531763 100.44710263340608 100.48635737910672 100.50151783261869 100.47904787473487 100.47480655738332 100.50151783261869 100.53905800321976 100.57930539766225 100.62857687157617 100.67378750972793 100.71277153304443 100.74634110867808 100.77603033013902 100.80454642126868 100.83558925465033 100.86708329200556 100.9025479243282 100.94135146605528 100.97807946950392 101.01381482421071 101.04332356408223 101.06958363534405 101.09277551958556 101.11253825362795 101.12959376382892 101.1415957895259 101.15233444409688 101.16280237628371 101.17209717813925 101.18310655509438 101.19754508224865 101.21658588993333 101.237521754307 101.25556991324983 101.27181325629837 101.30032934742802
99.97378966513055 100.0623158847451 100.13207201905911 100.22258353615737 100.29080557696122 100.33980632849101 100.3775269806815 100.4050504230693 100.40459921909573 100.40929174042087 100.42084256214427 100.44177842651796 100.47227981513132 100.51351985831566 100.55755736613615 100.60935558230206 100.65907826018953 100.70131095211573 100.73704630682252 100.76655504669404 100.79552234179728 100.82503108166878 100.85535198869272 100.88801915637923 100.9248374006226 100.9632799791708 101.00109087215603 101.0303288896434 101.0565889609052 101.08032228991502 101.1000850239574 101.11777221972137 101.12977424541835 101.13952025124746 101.14908577548717 101.15684648383258 101.16830706476128 101.18283583271025 101.20079375085835 101.22127841125847 101.24004849655898 101.25755521073353 101.27803987113363
99.87127612233532 99.98452831970154 100.12927455442296 100.26779417430913 100.32906767392001 100.35153763180384 100.36128363763295 100.35532774518182 100.34504029458441 100.35234979895625 100.3763538503502 100.413352576183 100.45134395075765 100.49303519791557 100.53905800321976 100.58932212587553 100.63958624853129 100.68804555529276 100.72883439450355 100.75852361596448 100.78703970709414 100.81582652060796 100.84533526047946 100.87782194657655 100.91157200379962 100.94857072963241 100.98502801069691 101.01634156646271 101.04458693520823 101.06759833786033 101.08709034951858 101.10432634130898 101.11677957097952 101.12679629919278 101.13582037866419 101.14276891985718 101.15332709283874 101.16605104489342 101.1838284814521 101.2048545866205 101.22551972861001 101.2445605362947 101.25259196702426
99.8091002147773 99.9798357983764 100.14533741588208 100.25552142622801 100.30208567630049 100.3537936516717 100.33980632849101 100.32202889193232 100.3155315547129 100.32302154067418 100.35207907657212 100.39133382227276 100.43230314307296 100.47634065089346 100.52281466017122 100.57307878282698 100.62406483184046 100.67333630575436 100.71403490417043 100.74760447980408 100.78081309225888 100.8097803873621 100.83883792326004 100.86834666313155 100.90029190446036 100.93332003532572 100.96905539003251 101.00280544725558 101.03177274235883 101.05460366342149 101.07526880541101 101.0917828708437 101.1045970636931 101.11452355111166 101.1230964266095 101.12959376382892 101.14006169601575 101.15107107297088 101.16803634237714 101.18707715006181 101.20810325523018 101.22777574847787 101.23679982794928
99.79105205583447 99.9702702741367 100.11853589985199 100.22628340874064 100.27681825378055 100.35857641379154 100.33610645590772 100.29306159682908 100.28656425960968 100.30380025140006 100.33204562014558 100.36904434597837 100.41380378015657 100.45784128797706 100.50503722361255 100.55557206865244 100.6070995624342 100.65727344429526 100.69959637701616 100.73957304907452 100.77278166152931 100.80752436749425 100.83685262577633 100.862841974654 100.89027517624709 100.92231065837059 100.95335349175225 100.98710354897533 101.01805614156228 101.04233091534037 101.06308629812462 101.07905891878902 101.0917828708437 101.10306297018298 101.11181632727023 101.11903559084737 101.12607437283506 101.1370837497902 101.15206372171274 101.17110452939741 101.19032581867151 101.20909590397204 101.21902239139061
99.83229209901883 99.99481577029894 100.1435325999878 100.16952194886547 100.21807149642166 100.30777084636749 100.30253688027408 100.26156755947386 100.27230621404485 100.28954220583525 100.31309505325562 100.34928161193598 100.39304839737231 100.43753710916639 100.48509400798072 100.5386067992462 100.59058549700153 100.641571546015 100.68678218416676 100.72802222735112 100.77133780881388 100.80608051477881 100.83576973623975 100.86058595478615 100.88459000618009 100.9095867063159 100.94053929890285 100.97203333625806 101.00307616963973 101.0303288896434 101.05054282765936 101.0667861707079 101.08158566104102 101.09277551958556 101.10179959905697 101.10956030740238 101.11434306952223 101.12454027932492 101.13952025124746 101.15603431668015 101.17480440198068 101.19258183853937 101.2023278443685
99.92632300711092 100.05753312262524 100.1038266503136 100.12331866197184 100.14154730250408 100.20579874834054 100.22384690728336 100.25010697854518 100.26129683708972 100.27880355126425 100.30109302755865 100.33159441617201 100.36931506836251 100.41452570651428 100.46677512665376 100.52110008507165 100.57560552507898 100.62704277806603 100.6736070281385 100.72035175980041 100.7642990268262 100.80508786603697 100.83504780988204 100.85959330604429 100.8788145953184 100.9025479243282 100.92727390207988 100.95858745784567 100.98926932804847 101.01778541917814 101.03881152434651 101.05604751613691 101.07102748805946 101.08357095852472 101.09232431561199 101.09981430157326 101.10531899005082 101.1160576446218 101.12706702157692 101.14331036462546 101.16009515244228 101.17778234820625 101.18653570529352
99.9490636873789 100.02405378778631 100.07278381693193 100.09453184845803 100.10806796766515 100.13180129667496 100.17430471098531 100.22258353615737 100.26256020821572 100.28051812636382 100.29008365060352 100.31381697961334 100.34828896319412 100.3948532132666 100.44656118863779 100.50178855500283 100.5578280885203 100.6127847325012 100.66304885515696 100.71078623556072 100.75626759609663 100.79831980643341 100.83279179001421 100.85805921253414 100.87610737147698 100.89433601200922 100.91806934101903 100.94577326499628 100.97627465360964 101.00506146712344 101.02879479613325 101.04530886156594 101.06028883348847 101.07283230395373 101.082849032167 101.09006829574413 101.09927285680497 101.1078457323028 101.1173210157478 101.12905231906063 101.14403229098318 101.16180972754185 101.17083380701328
99.9280375822105 100.00329840500206 100.0360558134833 100.05455517639967 100.07106924183236 100.09552449719989 100.1485860844918 100.21527403178553 100.25985298437429 100.27952547762196 100.28755690835153 100.29784435894894 100.32581900531031 100.3742783120718 100.42878375207911 100.48482328559658 100.54284811659775 100.59852668693635 100.65357357171197 100.70158167449988 100.74579966390979 100.78731042947828 100.82485060007936 100.85426909915616 100.87132460935712 100.88883132353166 100.90985742870005 100.93656870393542 100.96679937016467 100.99405209016832 101.01805614156228 101.03655550447866 101.05135499481179 101.06434966925062 101.07508832382159 101.08131493865687 101.0917828708437 101.09584370660583 101.10333369256712 101.11578692223766 101.13184978369678 101.14881505310302 101.158290336548
99.98606241321167 100.0048324985122 100.0003204587765 100.00077166275008 100.02829510513787 100.08054452527735 100.14055465376222 100.21103271443395 100.26228948583157 100.28403751735767 100.28259366464225 100.28051812636382 100.30434169616835 100.35280100292984 100.40829909167901 100.46632392268017 100.52732669990694 100.58607345726581 100.64310563952513 100.6928283174126 100.73677558443838 100.77603033013902 100.81185592564053 100.84759128034732 100.86735401438969 100.88558265492195 100.90453322181192 100.92781534684816 100.95606071559368 100.98529873308105 101.00831013573314 101.02852407374911 101.04260163772452 101.05379149626906 101.06579352196604 101.07256158156959 101.08185638342515 101.08483432965072 101.09259503799613 101.10577019402439 101.12084040674165 101.1365423050219 101.14728095959289
