static/data/pressure/2023/7/28/6.asc
ncols 137
nrows 93
xllcorner 108.0
yllcorner 17.0
cellsize 0.25
NODATA_value -32767
[rows 57 to 75 of 93, columns 44 to 87 of 137]
99.41140903247219 99.54415324149666 99.63935727992005 99.71308400920148 99.80188095120016 99.87136636313004 99.89789715677598 99.9043944939954 99.90935773770468 99.92316457929593 99.95285380075687 100.00411057215449 100.0846053610395 100.15860281270506 100.22384690728336 100.27961571841668 100.33240658332444 100.36841266041537 100.40658451657944 100.45008057963165 100.49691555208827 100.54113354149818 100.57912491607281 100.60809221117606 100.63561565356386 100.66359029992525 100.69066253833947 100.71583972006471 100.74489725596266 100.76565263874689 100.79164198762456 100.81510459425024 100.83739407054462 100.86058595478615 100.87791218737125 100.89334336326736 100.90516490737491 100.91509139479348 100.92384475188074 100.9331395537363 100.94387820830727 100.95660216036195 100.96688961095937 100.97690633917264
99.38262221895839 99.49434032281448 99.59116869554272 99.68339478774053 99.77959147490579 99.84889640524622 99.885895131079 99.89437776578214 99.89690450803413 99.90737244022097 99.92190120816993 99.96611919757986 100.05563806593625 100.14759343574994 100.21734957006394 100.27564512344925 100.32590924610501 100.36615664054752 100.40261392161202 100.4441246871805 100.48861339897458 100.53409475951048 100.57163493011156 100.60737028481834 100.633359633696 100.66088307608382 100.68759435131919 100.71015454999772 100.7381291963591 100.75915530152749 100.78288863053729 100.80590003318939 100.82791878709963 100.85038874498345 100.87033196061526 100.88459000618009 100.89614082790351 100.90336009148064 100.9108500774419 100.91888150817145 100.92790558764287 100.94189291082355 100.95389493652053 100.96436286870738
99.37161284200327 99.48134564837564 99.57790329871975 99.67283661475898 99.75585814589597 99.83463835968138 99.87966851624374 99.89158030114599 99.89139981955657 99.89212174591428 99.91314785108267 99.96440462248029 100.0546454171944 100.14515693429266 100.21464234622252 100.27338910358142 100.3243751525949 100.36633712213694 100.40387729273802 100.43735662757696 100.47986004188729 100.5271462183175 100.56441566653442 100.60285824508263 100.630832891444 100.65790512985825 100.68362375635176 100.70636443661972 100.73063921039783 100.75337989066577 100.7758498485496 100.7988612512017 100.8213312090855 100.84262803663803 100.86338341942229 100.87664881624526 100.8878386747898 100.89487745677751 100.89984070048679 100.90760140883219 100.91464019081991 100.92808606923231 100.94008809492928 100.95091699029498
99.44615173843712 99.50814716440573 99.60308048044497 99.66633927753956 99.73862215410557 99.82985559756155 99.87010299200404 99.88363911121115 99.91161375757252 99.92587180313735 99.97333846115698 100.0156613938779 100.09335871812675 100.15409077296935 100.22339570330978 100.27212573245542 100.3270823764363 100.36814193803123 100.40866005485788 100.44186866731266 100.47561872453575 100.52110008507165 100.56008410838815 100.59735355660507 100.6268622964766 100.6538442940961 100.67938243900021 100.70140119291044 100.72287850205241 100.74733375741994 100.76790865861474 100.79092006126685 100.81339001915067 100.8341454019349 100.85535198869272 100.86816618154212 100.87935604008669 100.88612409969024 100.89135806578366 100.89686275426122 100.90308936909649 100.91509139479348 100.92664221651688 100.93738087108785
99.52366858109656 99.58566400706515 99.62040671303008 99.67509263462684 99.73212481688616 99.82660692895183 99.86162035730091 99.92939119413121 99.95736584049259 100.08758330726504 100.14091561694109 100.13441827972167 100.112850729785 100.17385350701174 100.22908087337677 100.27338910358142 100.3333992320663 100.37211253299866 100.41290137220942 100.44863672691622 100.4823867841393 100.51785141646194 100.55891097805687 100.5936536840218 100.62659157409246 100.65366381250668 100.67559232562222 100.6978818019166 100.71665188721713 100.74191930973709 100.76213324775306 100.78415200166329 100.8066219595471 100.82584324882122 100.84714007637375 100.85959330604429 100.87015147902584 100.87710002021883 100.88233398631225 100.8878386747898 100.8936140856515 100.90191623876521 100.91337681969391 100.92240089916531
99.60362192521326 99.62789669899136 99.65984194032015 99.68709466032381 99.73185409450201 99.81983886934827 99.86189107968505 99.93841527360262 100.22113968344195 100.39683851075031 100.40135055048603 100.23359291311249 100.18991636847085 100.19460888979599 100.2503777009293 100.28133029351625 100.33989656928571 100.37815866624449 100.4191279870447 100.45540478651978 100.48834267659043 100.52037815871394 100.55936218203044 100.59058549700153 100.62487699899289 100.64915177277098 100.67062908191294 100.69309903979675 100.71087647635544 100.7356024541071 100.7560871145072 100.77837659080159 100.79985389994354 100.81862398524407 100.83784527451819 100.84984730021517 100.86058595478615 100.86861738551569 100.87412207399326 100.87836339134483 100.88386807982239 100.8903654170418 100.89884805174493 100.90760140883219
99.65190075038531 99.67391950429555 99.6934115159538 99.71461810271163 99.73934408046328 99.82787030007783 99.885895131079 100.0118712804999 100.31589251789175 100.66133428005739 100.60285824508263 100.3231117814689 100.21437162383837 100.21762029244809 100.26662104397785 100.29612978384937 100.34233307074298 100.38339263233792 100.4261667690324 100.47110668480003 100.5066615579174 100.5271462183175 100.56008410838815 100.58986357064381 100.62289170150918 100.64662503051898 100.66512439343536 100.68786507370334 100.70464986152015 100.72883439450355 100.74958977728778 100.77088660484031 100.79209319159814 100.81059255451453 100.82836999107322 100.84037201677019 100.85083994895702 100.85887137968658 100.86410534578 100.86762473677383 100.8718660541254 100.8769195386294 100.88486072856423 100.89334336326736
99.68059732310441 99.70162342827278 99.72111543993103 99.74214154509943 99.77390630483879 99.85241579624007 99.89564113690814 100.00591538804878 100.2848496845101 100.63408156005372 100.49366688347857 100.29288111523965 100.21112295522867 100.23241978278121 100.27690849457525 100.30614651206264 100.34783775922055 100.38790467207362 100.43158121671524 100.47489679817804 100.50810541063282 100.52940223818534 100.55791832931502 100.59139766415394 100.62216977515146 100.64436901065113 100.66259765118339 100.6813677364839 100.69887445065845 100.72260777966827 100.74336316245251 100.76438926762091 100.78460320563686 100.80283184616911 100.81988735637007 100.83161865968292 100.84091346153846 100.84786200273146 100.85336669120902 100.85733728617643 100.86166884432272 100.86437606816415 100.8706026829994 100.87890483611311
99.70162342827278 99.7266201284086 99.75333140364397 99.78383279225734 99.82660692895183 99.86116915332734 99.92533035836907 100.08135669242978 100.36236652716953 100.61540171554789 100.33764054941786 100.2183422188058 100.23810495284819 100.26562839523599 100.28340583179468 100.3161632402759 100.35659111630783 100.38808515366306 100.43212266148353 100.47110668480003 100.5028714445394 100.53084609090077 100.55611351342073 100.59040501541209 100.6173870130316 100.63985697091543 100.65835633383182 100.67441919529094 100.69436241092275 100.71484707132285 100.73641462125953 100.75816265278563 100.77864731318573 100.7963345089497 100.81158520325639 100.82214337623793 100.8308967333252 100.83766479292876 100.84208659186976 100.84461333412175 100.84786200273146 100.85111067134116 100.85733728617643 100.86636136564786
99.71615219622176 99.74791695596113 99.78816435040362 99.82814102246198 99.88914379968871 99.92262313452764 100.05987938328782 100.39214598942519 100.67586304800636 100.61513099316375 100.30109302755865 100.21933486754766 100.26436502410999 100.2828643870264 100.28936172424581 100.33439188080816 100.35866665458624 100.39584586200846 100.43735662757696 100.47264077831018 100.50314216692354 100.53210946202677 100.55512086467887 100.58986357064381 100.61513099316375 100.63733022866343 100.65465646124854 100.66783161727679 100.68966988959761 100.70916190125587 100.73289523026567 100.75337989066577 100.77233045755574 100.79092006126685 100.80436593967924 100.81510459425024 100.82160193146964 100.82764806471549 100.83161865968292 100.83387467955076 100.83838671928648 100.84136466551205 100.84741079875789 100.85535198869272
99.73790022774786 99.78040364205822 99.82633620656769 99.87858562670716 99.962599806586 100.00212527467079 100.16437822356676 100.51388082149451 100.68362375635176 100.46560199632246 100.30316856583707 100.26039442914258 100.28439848053654 100.29215918888194 100.30262712106878 100.34359644186898 100.36083243365938 100.40712596134773 100.43889072108709 100.4740846310256 100.50639083553325 100.53283138838448 100.55737688454673 100.58733682839181 100.61233352852763 100.633359633696 100.65041514389696 100.66386102230938 100.68560905383548 100.70437913913601 100.72910511688768 100.74940929569836 100.76790865861474 100.78712994788886 100.79660523133384 100.8078853306731 100.81339001915067 100.81790205888636 100.82160193146964 100.82358722895336 100.82864071345735 100.83188938206706 100.83838671928648 100.84614742763189
99.76641631887752 99.80991238192972 99.86541047067891 99.92009639227565 100.01665404261976 100.0680912956068 100.21689836609038 100.50765420665925 100.65835633383182 100.39386056452474 100.28936172424581 100.2848496845101 100.29739315497537 100.30740988318864 100.31859974173318 100.3513571502144 100.3736466265088 100.4191279870447 100.44737335579022 100.47886739314544 100.51189552401081 100.53183873964262 100.55963290441458 100.5853515309081 100.61116039819635 100.63164505859643 100.64689575290312 100.66115379846796 100.68109701409976 100.70212311926817 100.72612717066212 100.74561918232037 100.76411854523677 100.78090333305359 100.79037861649857 100.80138799345369 100.80463666206339 100.80959990577267 100.81384122312424 100.81591676140266 100.82439939610579 100.82710661994722 100.83288203080892 100.83811599690233
99.80512961980988 99.84934760921979 99.90863581134695 99.97189460844154 100.0495919326904 100.10761676369158 100.23512700662263 100.42860327048967 100.55087954732731 100.32816526597287 100.28133029351625 100.3123731268979 100.3148998691499 100.33015056345658 100.3390844021333 100.36489326942151 100.39241671180932 100.4294154376421 100.4523365994995 100.480581968245 100.51036143050068 100.53210946202677 100.56062555315644 100.58165165832482 100.60791172958663 100.62758422283432 100.64310563952513 100.65808561144767 100.67766786390064 100.6986037282743 100.72314922443655 100.74164858735294 100.75960650550105 100.77485719980774 100.78514465040514 100.79615402736027 100.79714667610213 100.80391473570567 100.80734388590481 100.81140472166696 100.81934591160179 100.82313602497979 100.82836999107322 100.83161865968292
99.84889640524622 99.89762643439184 99.96061450910229 100.00835188950606 100.06664744289138 100.12241625402469 100.23214906039706 100.42084256214427 100.44186866731266 100.28611305563611 100.28340583179468 100.3161632402759 100.32139720636933 100.34115994041171 100.35884713617567 100.37915131498634 100.4109160747257 100.43816879472938 100.46090947499734 100.48933532533229 100.51216624639494 100.53589957540477 100.56008410838815 100.58038828719882 100.60691908084478 100.62316242389332 100.63841311819999 100.65465646124854 100.6736070281385 100.69688915317475 100.71935911105855 100.73740727000138 100.75509446576534 100.76935251133017 100.77936923954344 100.78884452298843 100.79137126524041 100.79859052881756 100.80111727106954 100.80590003318939 100.81239737040882 100.81736061411807 100.8238579513375 100.82439939610579
99.90340184525354 99.95186115201503 99.99364263996766 100.0381313517617 100.07485935521035 100.11564819442114 100.21608619893794 100.29288111523965 100.30984638464591 100.27889379205897 100.28909100186166 100.3148998691499 100.33709910464958 100.35740328346026 100.3723832553828 100.3916045446569 100.42336930439627 100.4453880583065 100.46966283208461 100.49159134520013 100.51487347023637 100.53662150176248 100.55936218203044 100.58138093594067 100.60511426495049 100.61964303289946 100.63489372720615 100.65113707025469 100.67089980429708 100.69616722681704 100.71538851609112 100.73488052774938 100.75211651953978 100.76538191636277 100.7758498485496 100.78333983451085 100.78812259663071 100.79362728510827 100.79588330497613 100.80039534471183 100.80436593967924 100.8091487017991 100.81636796537622 100.81564603901852
99.95159042963088 99.98335518937026 100.02035391520303 100.05040409984284 100.08063476607207 100.11212880342728 100.1659123170769 100.23241978278121 100.2676136927197 100.26887706384571 100.29360304159736 100.31986311285918 100.34783775922055 100.36633712213694 100.38113661247006 100.4006286241283 100.43040808638396 100.45188539552592 100.47634065089346 100.49664482970412 100.51812213884608 100.54014089275633 100.55963290441458 100.58336623342439 100.6014143923672 100.61558219713733 100.63011096508629 100.64716647528726 100.66765113568736 100.6933697621809 100.71114719873958 100.73136113675552 100.7451679783468 100.75915530152749 100.77115732722446 100.77738394205974 100.78415200166329 100.78812259663071 100.79110054285628 100.79434921146598 100.7975978800757 100.80039534471183 100.80608051477881 100.80734388590481
99.97739929691912 100.00365936818092 100.0316340145423 100.06060130964553 100.08613945454962 100.119167585415 100.15986618383106 100.19839900317398 100.23133689324463 100.25913105801658 100.28836907550395 100.3218484103429 100.35559846756597 100.3763538503502 100.39115334068333 100.4088405364473 100.43185193909939 100.4586534551295 100.480581968245 100.50016422069797 100.52110008507165 100.5418554678559 100.56134747951415 100.58083949117238 100.59509753673723 100.6108896758122 100.62514772137703 100.64310563952513 100.66566583820365 100.68885772244519 100.70708636297744 100.72486379953612 100.73839991874324 100.7528384458975 100.76484047159448 100.77233045755574 100.78063261066944 100.78415200166329 100.78839331901486 100.79037861649857 100.7919127100087 100.79516137861842 100.7975978800757 100.8021099198114
99.97839194566097 100.0086226118902 100.03984592686128 100.07115948262707 100.09561473799461 100.12539420025026 100.16185148131477 100.19939165191583 100.23413435788078 100.26391382013642 100.29035437298766 100.32563852372087 100.36011050730167 100.37960251895991 100.39133382227276 100.40739668373187 100.43410795896725 100.4613606789709 100.47986004188729 100.50160807341341 100.52209273381351 100.54086281911404 100.5590914596463 100.57614696984726 100.59139766415394 100.60565570971877 100.62135760799903 100.64139106442556 100.66413174469352 100.68434568270948 100.70338649039415 100.71611044244884 100.73136113675552 100.74661183106222 100.75915530152749 100.76790865861474 100.77639129331789 100.77783514603331 100.78216670417957 100.78415200166329 100.786137299147 100.78965669014084 100.7906493388827 100.79588330497613
99.98037724314469 100.01611259785147 100.05112602620055 100.08216885958221 100.10933133879115 100.13459876131111 100.16889026330247 100.20733284185067 100.24315843735218 100.27212573245542 100.29739315497537 100.32663117246273 100.35686183869197 100.37490999763479 100.38889732081547 100.40766740611602 100.43239338386768 100.45612671287749 100.4811234130133 100.50187879579754 100.52064888109808 100.5386067992462 100.55566230944716 100.5693789102437 100.58490032693453 100.60213631872492 100.62135760799903 100.64211299078327 100.66187572482568 100.67938243900021 100.6953550596646 100.70735708536158 100.7234199468207 100.73912184510095 100.75265796430806 100.76366734126319 100.77115732722446 100.77612057093374 100.77891803556987 100.77936923954344 100.78063261066944 100.78315935292143 100.78541537278929 100.7906493388827
