static/data/salinity/2023/7/8/12.asc
ncols 137
nrows 93
xllcorner 108.0
yllcorner 17.0
cellsize 0.25
NODATA_value -32767
[rows 54 to 80 of 93, columns 0 to 60 of 137]
-32767.0 -32767.0 -32767.0 -32767.0 -32767.0 -32767.0 -32767.0 -32767.0 -32767.0 -32767.0 -32767.0 -32767.0 -32767.0 -32767.0 -32767.0 -32767.0 -32767.0 -32767.0 -32767.0 -32767.0 -32767.0 -32767.0 -32767.0 -32767.0 -32767.0 -32767.0 -32767.0 -32767.0 -32767.0 -32767.0 -32767.0 -32767.0 -32767.0 -32767.0 -32767.0 -32767.0 -32767.0 -32767.0 -32767.0 -32767.0 -32767.0 -32767.0 -32767.0 -32767.0 -32767.0 -32767.0 -32767.0 -32767.0 34.336998 34.291985 34.259636 33.878677 33.595135 33.260086 33.149513 32.97113 32.73482 32.50063 32.889194 33.348938 33.344543
-32767.0 -32767.0 -32767.0 -32767.0 -32767.0 -32767.0 -32767.0 -32767.0 -32767.0 -32767.0 -32767.0 -32767.0 -32767.0 -32767.0 -32767.0 -32767.0 -32767.0 -32767.0 -32767.0 -32767.0 -32767.0 -32767.0 -32767.0 -32767.0 -32767.0 -32767.0 -32767.0 -32767.0 -32767.0 -32767.0 -32767.0 -32767.0 -32767.0 -32767.0 -32767.0 -32767.0 -32767.0 -32767.0 -32767.0 -32767.0 -32767.0 -32767.0 -32767.0 -32767.0 -32767.0 -32767.0 -32767.0 32.96724 -32767.0 34.23276 33.930584 33.47125 33.368217 32.921555 32.85463 32.63741 32.5098 32.83537 33.080894 33.457867 33.539978
-32767.0 -32767.0 -32767.0 -32767.0 -32767.0 -32767.0 -32767.0 -32767.0 -32767.0 -32767.0 -32767.0 -32767.0 -32767.0 -32767.0 -32767.0 -32767.0 -32767.0 -32767.0 -32767.0 -32767.0 -32767.0 -32767.0 -32767.0 -32767.0 -32767.0 -32767.0 -32767.0 -32767.0 -32767.0 -32767.0 -32767.0 -32767.0 -32767.0 -32767.0 -32767.0 -32767.0 -32767.0 -32767.0 -32767.0 -32767.0 -32767.0 -32767.0 -32767.0 -32767.0 -32767.0 -32767.0 -32767.0 33.274944 34.281803 34.059532 33.513363 33.313213 33.036232 32.866577 32.897728 33.17869 33.536026 33.748665 33.936943 34.047962 34.081966
-32767.0 -32767.0 -32767.0 -32767.0 -32767.0 -32767.0 -32767.0 -32767.0 -32767.0 -32767.0 -32767.0 -32767.0 -32767.0 -32767.0 -32767.0 -32767.0 -32767.0 -32767.0 -32767.0 -32767.0 -32767.0 -32767.0 -32767.0 -32767.0 -32767.0 -32767.0 -32767.0 -32767.0 -32767.0 -32767.0 -32767.0 -32767.0 -32767.0 -32767.0 -32767.0 -32767.0 -32767.0 -32767.0 -32767.0 -32767.0 -32767.0 -32767.0 -32767.0 -32767.0 -32767.0 -32767.0 -32767.0 33.508034 34.072266 33.87489 33.37544 33.251072 32.60797 33.03894 33.23079 34.211395 33.865993 34.015747 34.105457 34.177 34.244198
-32767.0 -32767.0 -32767.0 -32767.0 -32767.0 -32767.0 -32767.0 -32767.0 -32767.0 -32767.0 -32767.0 -32767.0 -32767.0 -32767.0 -32767.0 -32767.0 -32767.0 -32767.0 -32767.0 -32767.0 -32767.0 -32767.0 -32767.0 -32767.0 -32767.0 -32767.0 -32767.0 -32767.0 -32767.0 -32767.0 -32767.0 -32767.0 -32767.0 -32767.0 -32767.0 -32767.0 -32767.0 -32767.0 -32767.0 -32767.0 -32767.0 -32767.0 -32767.0 -32767.0 -32767.0 31.272903 -32767.0 33.61439 34.00415 33.631042 33.255665 33.136246 32.487 32.977062 33.769337 33.95739 33.747498 33.79786 34.120247 34.036186 34.222324
-32767.0 -32767.0 -32767.0 -32767.0 -32767.0 -32767.0 -32767.0 -32767.0 -32767.0 -32767.0 -32767.0 -32767.0 -32767.0 -32767.0 -32767.0 -32767.0 -32767.0 -32767.0 -32767.0 -32767.0 -32767.0 -32767.0 -32767.0 -32767.0 -32767.0 -32767.0 -32767.0 -32767.0 -32767.0 -32767.0 -32767.0 -32767.0 -32767.0 -32767.0 -32767.0 -32767.0 -32767.0 -32767.0 -32767.0 -32767.0 -32767.0 -32767.0 -32767.0 -32767.0 -32767.0 -32767.0 33.664413 33.966156 33.779488 33.044605 33.254227 32.76735 32.796787 32.65688 32.91219 33.27483 33.482872 33.433067 34.161716 34.21875 34.126656
-32767.0 -32767.0 -32767.0 -32767.0 -32767.0 -32767.0 -32767.0 -32767.0 -32767.0 -32767.0 -32767.0 -32767.0 -32767.0 -32767.0 -32767.0 -32767.0 -32767.0 -32767.0 -32767.0 -32767.0 -32767.0 -32767.0 -32767.0 -32767.0 -32767.0 -32767.0 -32767.0 -32767.0 -32767.0 -32767.0 -32767.0 -32767.0 -32767.0 -32767.0 -32767.0 -32767.0 -32767.0 -32767.0 -32767.0 -32767.0 -32767.0 -32767.0 -32767.0 -32767.0 33.207615 33.631485 33.946777 33.814476 33.354984 31.959875 32.334904 32.37573 -32767.0 -32767.0 -32767.0 -32767.0 33.511227 34.024357 34.16788 34.334137 34.286045
-32767.0 -32767.0 -32767.0 -32767.0 -32767.0 -32767.0 -32767.0 -32767.0 -32767.0 -32767.0 -32767.0 -32767.0 -32767.0 -32767.0 -32767.0 -32767.0 -32767.0 -32767.0 -32767.0 -32767.0 -32767.0 -32767.0 -32767.0 -32767.0 -32767.0 -32767.0 -32767.0 -32767.0 -32767.0 -32767.0 -32767.0 -32767.0 -32767.0 -32767.0 -32767.0 -32767.0 -32767.0 -32767.0 -32767.0 -32767.0 -32767.0 -32767.0 -32767.0 33.520576 33.69866 33.783123 33.403816 32.62764 32.485752 31.606863 32.132835 32.95359 -32767.0 -32767.0 -32767.0 -32767.0 33.82656 34.081398 34.23868 34.39483 34.343884
-32767.0 -32767.0 -32767.0 -32767.0 -32767.0 -32767.0 -32767.0 -32767.0 -32767.0 -32767.0 -32767.0 -32767.0 -32767.0 -32767.0 -32767.0 -32767.0 -32767.0 -32767.0 -32767.0 -32767.0 -32767.0 -32767.0 -32767.0 -32767.0 -32767.0 -32767.0 -32767.0 -32767.0 -32767.0 -32767.0 -32767.0 -32767.0 -32767.0 -32767.0 -32767.0 -32767.0 -32767.0 -32767.0 -32767.0 -32767.0 -32767.0 33.416603 33.18802 33.692314 33.450447 33.015568 31.889801 31.804304 31.667719 31.663277 33.12357 -32767.0 -32767.0 -32767.0 -32767.0 -32767.0 33.94201 34.169342 34.373695 34.47718 34.410137
-32767.0 -32767.0 -32767.0 -32767.0 -32767.0 -32767.0 -32767.0 -32767.0 -32767.0 -32767.0 -32767.0 -32767.0 -32767.0 -32767.0 -32767.0 -32767.0 -32767.0 -32767.0 -32767.0 -32767.0 -32767.0 -32767.0 -32767.0 -32767.0 -32767.0 -32767.0 -32767.0 -32767.0 -32767.0 -32767.0 -32767.0 -32767.0 -32767.0 -32767.0 -32767.0 -32767.0 -32767.0 -32767.0 -32767.0 -32767.0 -32767.0 33.51526 33.582863 33.356064 32.643776 31.173115 31.764816 32.189934 32.790314 33.803806 32.594215 -32767.0 -32767.0 -32767.0 -32767.0 33.967464 33.99009 34.333496 34.415623 34.458202 34.428574
-32767.0 -32767.0 -32767.0 -32767.0 -32767.0 -32767.0 -32767.0 -32767.0 -32767.0 -32767.0 -32767.0 -32767.0 -32767.0 -32767.0 -32767.0 -32767.0 -32767.0 -32767.0 -32767.0 -32767.0 -32767.0 -32767.0 -32767.0 -32767.0 -32767.0 -32767.0 -32767.0 -32767.0 -32767.0 -32767.0 -32767.0 -32767.0 -32767.0 -32767.0 -32767.0 -32767.0 -32767.0 -32767.0 -32767.0 33.296413 33.53037 33.7741 33.800255 32.664043 31.702702 31.008041 32.094593 33.31215 33.024025 32.410995 -32767.0 -32767.0 -32767.0 -32767.0 -32767.0 34.11824 34.034054 34.37383 34.434647 34.430157 34.433064
-32767.0 -32767.0 -32767.0 -32767.0 -32767.0 -32767.0 -32767.0 -32767.0 -32767.0 -32767.0 -32767.0 -32767.0 -32767.0 -32767.0 -32767.0 -32767.0 -32767.0 -32767.0 -32767.0 -32767.0 -32767.0 -32767.0 -32767.0 -32767.0 -32767.0 -32767.0 -32767.0 -32767.0 -32767.0 -32767.0 -32767.0 -32767.0 -32767.0 -32767.0 -32767.0 -32767.0 -32767.0 -32767.0 33.43566 33.74659 33.91137 33.888985 33.294136 31.401386 31.362083 30.960035 32.413414 33.01295 32.61318 32.401047 -32767.0 -32767.0 -32767.0 -32767.0 -32767.0 34.14007 34.35903 34.397545 34.433395 34.435707 34.394077
-32767.0 -32767.0 -32767.0 -32767.0 -32767.0 -32767.0 -32767.0 -32767.0 -32767.0 -32767.0 -32767.0 -32767.0 -32767.0 -32767.0 -32767.0 -32767.0 -32767.0 -32767.0 -32767.0 -32767.0 -32767.0 -32767.0 -32767.0 -32767.0 -32767.0 -32767.0 -32767.0 -32767.0 -32767.0 -32767.0 -32767.0 -32767.0 -32767.0 -32767.0 -32767.0 -32767.0 33.35054 33.777683 33.931408 33.848034 33.574406 33.237118 31.582663 31.445492 31.538887 32.890305 -32767.0 33.002098 32.66899 -32767.0 -32767.0 -32767.0 -32767.0 -32767.0 33.99318 34.32557 34.380474 34.385895 34.430332 34.466602 34.363613
-32767.0 -32767.0 -32767.0 -32767.0 -32767.0 -32767.0 -32767.0 -32767.0 -32767.0 -32767.0 -32767.0 -32767.0 -32767.0 -32767.0 -32767.0 -32767.0 -32767.0 -32767.0 -32767.0 -32767.0 -32767.0 -32767.0 -32767.0 -32767.0 -32767.0 -32767.0 -32767.0 -32767.0 -32767.0 -32767.0 -32767.0 -32767.0 -32767.0 -32767.0 -32767.0 33.50388 33.925476 33.918716 33.660084 33.380516 32.56059 31.923056 31.88035 32.390793 31.976992 32.95992 -32767.0 32.669743 32.400005 -32767.0 -32767.0 -32767.0 -32767.0 -32767.0 33.980774 34.303627 34.419086 34.392643 34.412586 34.46702 34.350975
-32767.0 -32767.0 -32767.0 -32767.0 -32767.0 -32767.0 -32767.0 -32767.0 -32767.0 -32767.0 -32767.0 -32767.0 -32767.0 -32767.0 -32767.0 -32767.0 -32767.0 -32767.0 -32767.0 -32767.0 -32767.0 -32767.0 -32767.0 -32767.0 -32767.0 -32767.0 -32767.0 -32767.0 -32767.0 -32767.0 -32767.0 -32767.0 -32767.0 -32767.0 -32767.0 33.487583 33.423252 32.973114 32.20233 32.078297 31.997738 31.543987 32.647465 34.434353 34.579655 33.906174 32.629047 32.661865 30.951256 -32767.0 -32767.0 -32767.0 -32767.0 -32767.0 34.219715 34.29658 34.362194 34.39875 34.375057 34.440506 34.37325
-32767.0 -32767.0 -32767.0 -32767.0 -32767.0 -32767.0 -32767.0 -32767.0 -32767.0 -32767.0 -32767.0 -32767.0 -32767.0 -32767.0 -32767.0 -32767.0 -32767.0 -32767.0 -32767.0 -32767.0 -32767.0 -32767.0 -32767.0 -32767.0 -32767.0 -32767.0 -32767.0 24.407532 -32767.0 29.203909 -32767.0 31.416515 31.389534 32.433018 32.67493 32.610836 32.375328 31.964634 31.310438 31.131155 31.11823 32.117466 32.256916 33.193848 32.57301 32.263657 32.37567 32.87067 32.43714 -32767.0 -32767.0 -32767.0 -32767.0 33.952385 34.13461 34.202824 34.231037 34.33311 34.282402 34.382763 34.41806
-32767.0 -32767.0 -32767.0 -32767.0 -32767.0 -32767.0 -32767.0 -32767.0 -32767.0 -32767.0 -32767.0 -32767.0 -32767.0 -32767.0 -32767.0 -32767.0 -32767.0 -32767.0 -32767.0 -32767.0 -32767.0 -32767.0 -32767.0 8.946775 -32767.0 -32767.0 30.343369 29.987595 29.435938 29.473598 29.608675 29.774652 29.833769 30.373291 30.60232 30.513123 30.434786 30.558872 30.600779 30.825798 30.876772 30.875435 31.131983 31.387695 32.74368 33.141182 33.187943 33.472996 33.59215 30.81787 -32767.0 -32767.0 33.34804 33.967888 33.905437 34.314537 34.228203 34.16064 34.222958 34.34264 34.40294
-32767.0 -32767.0 -32767.0 -32767.0 -32767.0 -32767.0 -32767.0 -32767.0 -32767.0 -32767.0 -32767.0 -32767.0 -32767.0 -32767.0 -32767.0 -32767.0 -32767.0 -32767.0 -32767.0 -32767.0 -32767.0 -32767.0 -32767.0 13.817621 12.104391 23.88644 26.473125 26.6461 27.060873 27.521385 27.849705 28.309387 28.58247 28.927488 29.110895 29.498064 29.970915 30.824299 31.193226 31.901943 32.098244 32.53687 33.16255 33.245712 33.433685 33.575176 33.70808 33.71963 33.833977 33.809925 31.625711 -32767.0 32.89217 33.90754 34.172768 34.2915 34.182312 34.05834 34.207733 34.30623 34.35909
-32767.0 -32767.0 -32767.0 -32767.0 -32767.0 -32767.0 -32767.0 -32767.0 -32767.0 -32767.0 -32767.0 -32767.0 -32767.0 -32767.0 -32767.0 -32767.0 -32767.0 -32767.0 -32767.0 -32767.0 13.496503 19.920027 24.04353 28.218582 28.705881 -32767.0 30.812466 30.841946 31.366882 32.250275 32.645386 32.78765 32.82191 32.82017 32.80755 32.867588 32.937256 32.90244 32.968742 33.038364 33.110657 33.30202 33.489826 33.600742 33.793118 33.991898 34.080734 34.080856 34.058712 33.863586 33.00539 -32767.0 33.342438 33.633736 34.102207 34.01761 33.969597 34.298836 34.29418 34.389294 34.323544
-32767.0 -32767.0 32.59089 -32767.0 -32767.0 -32767.0 -32767.0 -32767.0 -32767.0 -32767.0 -32767.0 -32767.0 -32767.0 -32767.0 -32767.0 -32767.0 30.988993 -32767.0 30.619513 29.856068 29.529133 31.724298 31.939638 32.00975 31.971416 32.819984 32.201748 32.94693 33.142654 33.23048 33.25817 33.315434 33.27405 33.226368 33.14363 33.059788 33.032593 33.03181 33.040844 33.09744 33.24593 33.406178 33.699627 34.082478 34.16652 34.13335 34.11193 34.17642 34.214653 34.31501 33.87145 33.40546 33.52601 33.77301 34.141758 34.110527 34.290215 34.386196 34.319305 34.30786 34.319767
-32767.0 31.855215 31.938643 31.897978 31.73454 -32767.0 31.900898 31.94392 -32767.0 -32767.0 -32767.0 -32767.0 -32767.0 31.885 32.107216 32.71129 33.158875 33.346375 33.329136 33.34537 33.33143 33.281433 33.236874 33.31526 33.539562 33.391125 33.313835 33.40632 33.655724 33.606346 33.544785 33.462475 33.366367 33.32432 33.340385 33.325954 33.300877 33.28723 33.239395 33.263115 33.412968 33.7558 34.12679 34.202534 34.14017 34.19468 34.288013 34.196983 34.2294 34.24058 34.23853 34.25934 34.336647 34.305893 34.331604 34.318855 34.425667 34.368114 34.343693 34.305527 34.3907
32.309883 32.80805 32.739857 32.409767 32.140877 32.19361 32.04687 31.909912 -32767.0 -32767.0 -32767.0 32.671364 33.342674 33.48741 33.47471 33.416958 33.38472 33.40645 33.475952 33.468464 33.533455 33.611942 33.678394 33.711563 33.67756 33.723976 33.655815 33.801247 33.60325 33.47312 33.449097 33.389824 33.386524 33.464584 33.56791 33.713924 33.742477 33.723267 33.672504 33.69689 33.925785 34.12581 34.201084 34.21772 34.24495 34.31161 34.26927 34.221886 34.233414 34.209484 34.257206 34.275986 34.312584 34.31187 34.37921 34.43238 34.418472 34.42726 34.36429 34.34985 34.413185
32.910194 32.825287 32.84324 32.831028 32.685616 32.48032 32.272907 -32767.0 -32767.0 31.123224 -32767.0 33.792995 33.388725 33.184715 33.15964 33.17287 33.219616 33.311226 33.52617 33.72713 33.827206 33.72176 33.605663 33.630413 33.63608 33.701584 33.747993 33.769226 33.543083 33.409843 33.363823 33.412125 33.642277 33.957367 34.02713 33.929523 33.96177 34.039062 34.024544 34.095943 34.06768 34.004383 34.221966 34.25169 34.267426 34.131947 34.1453 34.147213 34.205677 34.21118 34.250866 34.273666 34.279865 34.29602 34.373146 34.38497 34.402584 34.42376 34.423054 34.37783 34.256256
32.85306 32.826138 32.768757 32.732655 32.68522 32.524387 32.398346 32.45839 -32767.0 -32767.0 32.865902 33.280254 33.136135 33.065872 33.161655 33.20081 33.23298 33.433327 33.661415 33.689526 33.574684 33.54411 33.676453 33.701298 33.744183 33.841022 33.829647 33.72427 33.457058 33.38009 33.434555 33.713993 34.05008 34.11195 34.097305 34.04703 34.05123 34.05348 34.139202 33.946274 33.862797 33.92768 34.27782 34.201885 34.063812 33.976482 34.065792 34.16557 34.182224 34.07982 33.960796 33.9458 34.248222 34.331196 34.28973 34.325306 34.41839 34.48274 34.438126 34.260517 34.290913
32.99024 32.905716 32.85557 32.805992 32.72049 32.59964 32.557323 32.540245 -32767.0 -32767.0 32.77538 32.785107 32.94425 33.026897 33.29271 33.55245 33.637814 33.671684 33.677765 33.673985 33.736076 33.796295 33.8063 33.817413 33.878475 33.866234 33.812378 33.714268 33.52351 33.549385 33.60857 33.948402 34.02716 34.084366 34.091057 34.115173 34.078457 34.12403 34.16616 33.93996 34.04013 34.152126 34.19549 34.079205 33.93983 34.086746 34.064617 33.939877 34.10158 33.991455 34.083847 33.91525 34.312176 34.224777 34.250866 34.283077 -32767.0 34.35504 34.457314 34.36766 34.380302
33.183178 33.06959 32.98849 32.90784 32.832787 32.73712 32.736607 32.571693 32.639668 32.72452 32.747883 32.759533 32.818405 33.030846 33.501633 33.80405 33.81514 33.795883 33.78349 33.76693 33.77115 33.76664 33.827385 33.896183 33.895535 33.87088 33.83032 33.72514 33.65608 33.694927 33.820366 33.92141 33.972145 34.05791 34.103935 34.12897 34.142643 34.148567 34.171127 33.973732 34.063503 34.123566 34.051403 33.94584 34.01098 34.277138 33.850517 33.845215 33.776566 33.840523 33.954308 33.832886 34.28055 34.22371 34.22201 34.256824 34.248886 34.267986 34.318066 34.45068 34.39556
33.24528 33.216885 33.197792 33.076096 32.92275 32.911522 32.975895 32.995514 32.9178 -32767.0 -32767.0 -32767.0 33.086407 33.402946 33.882076 33.74308 33.64465 33.646008 33.678535 33.70081 33.713768 33.73696 33.859116 33.91528 33.885204 33.86764 33.85717 33.681057 33.704277 33.829254 33.864788 33.859627 33.847595 33.878227 33.9928 34.070732 34.13581 34.15306 34.21097 34.02327 33.97323 34.00548 33.965096 33.950565 34.246445 34.25879 33.87235 33.95424 33.783833 33.632767 33.6221 33.63308 34.21219 34.248737 34.20949 34.21272 34.26175 34.255413 34.236618 34.444656 34.42811
