static/data/salinity/2023/7/8/18.asc
ncols 137
nrows 93
xllcorner 108.0
yllcorner 17.0
cellsize 0.25
NODATA_value -32767
[rows 54 to 80 of 93, columns 61 to 121 of 137]
33.617947 33.74308 33.886982 33.9336 33.960175 34.035362 34.13759 34.225857 34.21876 34.209343 34.1946 34.182735 34.16132 34.31461 34.49555 34.54157 34.536858 34.46718 34.4304 34.411514 34.388153 34.24611 34.246346 34.25826 34.27978 34.43065 34.480244 34.593575 34.549107 34.55876 34.627583 34.46991 34.262203 34.343304 34.445354 34.38739 34.357983 34.2843 34.17946 34.158577 34.243164 34.32818 34.49103 34.626537 34.671078 34.69812 34.65662 34.637222 34.681118 34.634445 34.72013 34.747078 34.74436 34.67901 34.60065 34.5385 34.531536 34.6197 34.630768 34.612946 34.602146
33.64473 33.812935 33.941555 33.960827 33.843952 33.90104 34.01315 34.075394 34.146988 34.192177 34.187317 34.173153 34.153496 34.353863 34.474293 34.56295 34.63041 34.603416 -32767.0 34.46565 34.462822 34.312782 34.269638 34.26331 34.26883 34.361732 34.472843 34.56079 34.541985 34.542255 34.616295 34.518063 34.338284 34.303844 34.466736 34.359707 34.318523 34.243946 34.238937 34.280083 34.34006 34.437458 34.590103 34.625763 34.633583 34.629677 34.60892 34.651463 34.591534 34.66077 34.73805 34.749676 34.772736 34.751514 34.679653 34.578403 34.515266 34.513226 34.53995 34.59832 34.620453
34.165623 34.146633 34.112305 34.088566 34.11082 34.165527 34.178673 34.14844 34.127518 34.154503 34.188175 34.15356 34.168102 34.395325 34.487614 34.583847 34.625366 34.65429 34.567703 34.548775 34.498634 34.396244 34.28587 34.2825 34.304657 34.320675 34.438316 34.51793 34.5203 34.53182 34.596256 34.707745 34.580906 34.24234 34.425373 34.424915 34.335213 34.30013 34.31307 34.328884 34.351833 34.425175 34.58472 34.616917 34.593586 34.576923 34.607517 34.630024 34.638737 34.66851 34.73507 34.739574 34.74387 34.773846 34.71846 34.673958 34.649178 34.63665 34.630093 34.628822 34.626015
34.203377 34.153282 34.159103 34.158417 34.139202 34.151283 34.152885 34.136814 34.14306 34.210346 34.16736 34.214806 34.320316 34.42183 34.522697 34.605953 34.637344 34.650215 34.655975 34.66222 34.656803 34.658512 34.585785 34.424873 34.29673 34.311954 34.325294 34.503693 34.552097 34.549915 34.58271 34.684593 34.757095 34.6065 34.227974 34.40391 34.402073 34.32707 34.31779 34.309647 34.31004 34.375267 34.444096 34.521114 34.559204 34.577568 34.59351 34.560184 34.642284 34.637775 34.713017 34.70909 34.745186 34.761204 34.744503 34.703796 34.67689 34.669384 34.64152 34.687416 34.5971
34.266735 34.157864 34.183975 34.16584 34.224453 34.244026 34.243565 34.218494 34.21921 34.17364 34.358055 34.513866 34.592323 34.678383 34.72305 34.75429 34.7464 34.715664 34.705544 34.700813 34.690067 34.6967 34.686283 34.660004 34.50584 34.39451 34.340908 34.51381 34.592796 34.564575 34.596813 34.609745 34.663357 34.70924 34.5342 34.147633 34.308605 34.34733 34.340088 34.303528 34.28594 34.330875 34.469147 34.535404 34.553425 34.522045 34.54638 34.471844 34.61137 34.647514 34.627373 34.702465 34.699413 34.737366 34.740334 34.710037 34.68524 34.700043 34.664032 34.657806 34.695957
34.33201 34.153313 34.29394 34.13984 34.190784 34.224873 34.237892 34.29444 34.404194 34.573944 34.655342 34.69213 34.68083 34.65387 34.71569 34.772747 34.78067 34.76409 34.756935 34.74566 34.737114 34.733047 34.72553 34.718 34.643997 34.53686 34.397877 34.539967 34.62507 34.569107 34.628563 34.677906 34.675064 34.642094 34.64837 34.60004 34.326065 34.10008 34.21624 34.284157 34.28078 34.269714 34.381363 34.501095 34.461117 34.392624 34.38972 34.38459 34.554424 34.64526 34.631565 34.64976 34.672474 34.69249 34.719036 34.719116 34.657833 34.550396 34.62153 34.614017 34.836407
34.32711 34.14801 34.2162 34.22916 34.345043 34.469635 34.578316 34.67667 34.687824 34.629833 34.668045 34.647575 34.63722 34.65485 34.74959 34.804813 34.77623 34.70526 34.67922 34.66997 34.672703 34.68811 34.693726 34.693222 34.688057 34.600113 34.423016 34.56472 34.634365 34.572243 34.636436 34.70282 34.67479 34.610474 34.57043 34.55626 34.576702 34.575146 34.40987 34.03573 34.123734 34.232975 34.2465 34.275143 34.265446 34.209553 34.21093 34.406467 34.536724 34.65997 34.627644 34.644215 34.624634 34.685608 34.663303 34.719406 34.6396 34.547123 34.62201 34.61767 34.81968
34.207672 34.147053 34.140343 34.165565 34.3254 34.44615 34.653015 34.70558 34.701168 34.662556 34.569798 34.58122 34.612255 34.656506 34.761272 34.807213 34.715714 34.678787 34.6577 34.654068 34.65534 34.67434 34.682484 34.68009 34.675488 34.583576 34.43957 34.585934 34.649982 34.559986 34.605988 34.70114 34.63789 34.60578 34.523907 34.457684 34.43956 34.405907 34.38303 34.448856 34.328094 34.044006 34.11646 34.13802 34.115036 34.125084 34.466576 34.557877 34.59443 34.67825 34.61602 34.640594 34.661777 34.677433 34.72239 34.680325 34.69315 34.528774 34.60608 34.608154 34.666996
34.330647 34.153217 34.351746 34.167366 34.337124 34.582966 34.70127 34.68688 34.579754 34.52903 34.55613 34.59251 34.604927 34.659405 34.76155 34.797043 34.70018 34.671833 34.6568 34.661167 34.66724 34.675106 34.674995 34.667263 34.632786 34.5004 34.51057 34.614155 34.562817 34.556522 34.585766 34.69568 34.689003 34.639244 34.54965 34.622295 34.59838 34.59231 34.46264 34.35523 34.37912 34.39955 34.21028 34.138615 34.191017 34.46238 34.5389 34.53268 34.641758 34.6249 34.589397 34.637894 34.715324 34.705894 34.64534 34.62303 34.66544 34.487755 34.56355 34.56268 34.630814
34.3307 34.34543 34.40922 34.52849 34.566875 34.570396 34.568554 34.570534 34.513733 34.541363 34.601337 34.597576 34.59507 34.65632 34.758327 34.794125 34.693886 34.668674 34.666325 34.667377 34.671165 34.670403 34.661606 34.644337 34.552235 34.468025 34.580845 34.582493 34.561962 34.621235 34.61724 34.66555 34.64405 34.62015 34.628216 34.583714 34.531425 34.487556 34.44093 34.367752 34.352814 34.423584 34.43286 34.397575 34.458927 34.57399 34.508015 34.566387 34.652534 34.587605 34.591053 34.756493 34.818684 34.835052 34.728622 34.626846 34.613 34.45291 34.534935 34.518642 34.880764
34.34177 34.493713 34.56117 34.556 34.555256 34.53535 34.50691 34.518055 34.558533 34.612267 34.57012 34.570023 34.588554 34.653725 34.751152 34.79044 34.697304 34.663597 34.66651 34.66214 34.664303 34.65684 34.645016 34.585968 34.490055 34.48603 34.560764 34.527756 34.634167 34.640263 34.646637 34.643387 34.659405 34.608932 34.642017 34.58958 34.51738 34.435066 34.372017 34.315437 34.387638 34.46203 34.485737 34.51677 34.550354 34.551838 34.50051 34.621754 34.64452 34.61356 34.594322 34.807796 34.847717 34.82401 34.687923 34.621017 34.50554 34.43662 34.49082 34.81491 35.026417
34.496223 34.57782 34.56474 34.5884 34.568665 34.50639 34.503357 34.583427 34.606197 34.57031 34.574203 34.588024 34.608204 34.658047 34.754795 34.78614 34.665943 34.657574 34.647655 34.64587 34.65393 34.64815 34.62134 34.541573 34.478275 34.48864 34.55255 34.519936 34.65521 34.634968 34.64721 34.681366 34.671772 34.62039 34.631035 34.586 34.57223 34.473747 34.393406 34.42678 34.522877 34.525642 34.51714 34.533154 34.555786 34.53823 34.53768 34.645664 34.655777 34.61873 34.605934 34.808636 34.822372 34.722336 34.599026 34.590046 34.38224 34.50861 34.843742 34.97669 34.998512
34.53482 34.59222 34.59431 34.608223 34.574238 34.48676 34.58351 34.616695 34.59261 34.58602 34.584362 34.59102 34.62321 34.675003 34.757168 34.728733 34.629147 34.65085 34.629925 34.61641 34.626854 34.635273 34.620728 34.579468 34.53291 34.511707 34.563343 34.527588 34.67017 34.655857 34.687336 34.670128 34.619164 34.602467 34.59394 34.56643 34.556847 34.566402 34.501778 34.496548 34.55199 34.50744 34.566875 34.5862 34.577717 34.63316 34.6423 34.664333 34.634308 34.60822 34.597492 34.784016 34.77559 34.63958 34.591774 34.4286 34.625072 34.84623 34.946934 35.024097 35.03947
34.46447 34.604836 34.607113 34.58971 34.529385 34.484867 34.637085 34.62337 34.610294 34.625572 34.601845 34.59406 34.614033 34.684574 34.763233 34.61959 34.649193 34.652397 34.649582 34.62778 34.59984 34.586185 34.583595 34.579144 34.57534 34.55308 34.55615 34.54403 34.677 34.69053 34.692303 34.68215 34.718716 34.719864 34.679108 34.643044 34.598907 34.55779 34.59789 34.527527 34.540943 34.567383 34.661972 34.66449 34.687473 34.71134 34.699364 34.657734 34.64783 34.608532 34.595337 34.720272 34.755917 34.621758 34.528915 34.55467 34.783913 34.898285 35.011368 35.056763 34.978622
34.36676 34.539604 34.575546 34.54844 34.48743 34.499847 34.652527 34.635223 34.616917 34.63069 34.630272 34.60882 34.613583 34.676956 34.763336 34.570583 34.50916 34.52096 34.544983 34.58093 34.59787 34.59358 34.58621 34.57055 34.54823 34.540516 34.529686 34.59346 34.68439 34.70858 34.698166 34.73173 34.734306 34.674225 34.652782 34.6378 34.616722 34.605713 34.59127 34.600487 34.487923 34.60946 34.71704 34.71445 34.72435 34.64648 34.6415 34.629375 34.635624 34.62341 34.62116 34.603962 34.708412 34.58767 34.5161 34.702534 34.791615 34.857113 34.969635 35.073185 35.001057
34.345318 34.41397 34.52356 34.533237 34.420177 34.4386 34.64094 34.615425 34.620323 34.65337 34.641773 34.627735 34.6171 34.66898 34.756313 34.576736 34.51681 34.518925 34.52611 34.51959 34.537212 34.583027 34.584824 34.576077 34.559666 34.548428 34.58997 34.693394 34.70372 34.73786 34.70574 34.693142 34.725002 34.66471 34.698963 34.677082 34.639175 34.618973 34.597225 34.618435 34.597164 34.520588 34.58506 34.61134 34.619877 34.625336 34.60151 34.5786 34.589474 34.637344 34.647377 34.588768 34.68315 34.58289 34.497826 34.675117 34.70491 34.7457 34.80952 34.895645 35.02607
34.361027 34.4295 34.52775 34.41896 34.326492 34.389904 34.59876 34.604477 34.658405 34.692837 34.658752 34.632324 34.6239 34.669144 34.75031 34.63393 34.537502 34.534115 34.568577 34.60913 34.612957 34.620014 34.64765 34.67763 34.702755 34.727386 34.73669 34.726532 34.770206 34.741875 34.716496 34.685257 34.70575 34.674824 34.70094 34.66744 34.66401 34.632923 34.621296 34.602795 34.633984 34.625854 34.628548 34.620373 34.571873 34.564762 34.552685 34.54808 34.55219 34.59911 34.628056 34.608513 34.624966 34.62359 34.52508 34.66089 34.62161 34.661396 34.714676 34.759598 34.800034
34.3624 34.51547 34.43088 34.332485 34.320362 34.470673 34.590366 34.600113 34.686718 34.695267 34.667313 34.640182 34.64009 34.67947 34.749264 34.693226 34.60583 34.565258 34.593334 34.676994 34.716995 34.74989 34.789 34.793846 34.761322 34.69375 34.701427 34.69591 34.774952 34.781227 34.75153 34.70618 34.70293 34.70214 34.68002 34.658867 34.674503 34.631973 34.61843 34.611664 34.60534 34.615074 34.63761 34.617287 34.55346 34.54546 34.529285 34.518074 34.533447 34.55624 34.626743 34.6119 34.59774 34.620876 34.54976 34.6665 34.610493 34.696026 34.786034 34.8904 34.908653
34.367203 34.503956 34.358036 34.291653 34.451572 34.58444 34.55747 34.597263 34.696793 34.694633 34.674965 34.66836 34.66651 34.698475 34.755474 34.671864 34.63954 34.61239 34.619854 34.727123 34.75005 34.782364 34.80704 34.816486 34.807003 34.774414 34.769787 34.799725 34.784042 34.75631 34.749424 34.743202 34.73971 34.728165 34.713757 34.690536 34.68617 34.66065 34.610844 34.604717 34.58591 34.616306 34.65473 34.631447 34.536182 34.507397 34.471188 34.488438 34.50821 34.54603 34.57544 34.590553 34.58179 34.584213 34.570724 34.695847 34.66597 34.781178 34.808968 34.825516 34.932983
34.318573 34.484787 34.302383 34.312626 34.470966 34.527897 34.517155 34.606255 34.699738 34.70252 34.6922 34.707546 34.691166 34.714043 34.730904 34.643524 34.642647 34.63171 34.688145 34.766144 34.7529 34.75734 34.773533 34.80727 34.80903 34.806232 34.793644 34.778515 34.76708 34.7307 34.693016 34.682755 34.69912 34.697247 34.67396 34.6276 34.593983 34.594357 34.594067 34.590355 34.573643 34.652523 34.68832 34.631874 34.523743 34.490067 34.532253 34.515675 34.52215 34.531433 34.551945 34.578434 34.57686 34.574932 34.6177 34.725018 34.78647 34.838543 34.823765 34.790928 34.774696
34.289783 34.31464 34.243515 34.36844 34.450603 34.466644 34.561153 34.648678 34.70945 34.70918 34.70923 34.71651 34.7037 34.71703 34.703922 34.660725 34.671547 34.69715 34.760963 34.77011 34.79612 34.78701 34.783733 34.780746 34.782303 34.77643 34.74921 34.72687 34.681644 34.63451 34.584557 34.557987 34.575085 34.59741 34.572037 34.488586 34.432583 34.44131 34.531837 34.57799 34.5969 34.653717 34.679005 34.626434 34.527897 34.5061 34.568428 34.588062 34.58207 34.581203 34.573135 34.589546 34.606594 34.605457 34.610138 34.61442 34.641838 34.66844 34.6935 34.704063 34.721012
34.32681 34.25523 34.357048 34.399323 34.437542 34.58055 34.63587 34.69401 34.722916 34.714783 34.714043 34.7099 34.70996 34.717026 34.696617 34.673843 34.699646 34.747242 34.768726 34.794167 34.7923 34.775127 34.71315 34.65562 34.640644 34.658585 34.687675 34.67769 34.531696 34.4645 34.542374 34.57624 34.53811 34.508854 34.465366 34.429 34.42009 34.427074 34.41388 34.544003 34.580044 34.636227 34.680885 34.65289 34.528667 34.518307 34.586807 34.58612 34.581936 34.60003 34.60013 34.598225 34.615036 34.644524 34.641705 34.620186 34.59961 34.632484 34.669827 34.700138 34.732777
34.229126 34.392773 34.37684 34.466 34.53621 34.566704 34.681107 34.64706 34.72395 34.717834 34.706394 34.716652 34.714558 34.719997 34.70523 34.666836 34.706776 34.76631 34.782475 34.786236 34.780125 34.7124 34.723045 34.671436 34.66321 34.690937 34.63388 34.425564 34.606083 34.76131 34.66708 34.65755 34.716743 34.736004 34.713993 34.69578 34.636234 34.56791 34.486977 34.466434 34.569824 34.608086 34.675644 34.659943 34.54074 34.525276 34.601727 34.598915 34.60751 34.62951 34.61915 34.5995 34.58132 34.569096 34.594788 34.62602 34.650517 34.688843 34.713474 34.729294 34.740345
34.395412 34.393646 34.408714 34.559452 34.44788 34.66139 34.602898 34.621025 34.724213 34.721333 34.711216 34.70056 34.709568 34.723103 34.718678 34.671593 34.69208 34.753418 34.77477 34.759007 34.772697 34.76911 34.774128 34.68714 34.7083 34.578056 34.43024 34.709282 34.71102 34.605125 34.58912 34.607204 34.655254 34.70208 34.722755 34.716778 34.71865 34.685863 34.60513 34.463028 34.550922 34.602024 34.662445 34.651318 34.54757 34.543285 34.55378 34.57146 34.558002 34.56193 34.57589 34.597607 34.639984 34.668644 34.66696 34.6713 34.664646 34.660507 34.63786 34.634056 34.681362
34.41833 34.3871 34.40348 34.43896 34.398388 34.659 34.606796 34.669117 34.74411 34.729 34.71907 34.739212 34.741352 34.736095 34.72786 34.685192 34.714573 34.767662 34.712925 34.701084 34.720108 34.759907 34.709297 34.70487 34.585125 34.478165 34.61827 34.764095 34.65186 34.62888 34.60788 34.577538 34.560482 34.559845 34.57245 34.623955 34.699417 34.696926 34.654034 34.49609 34.530346 34.58411 34.64728 34.608887 34.543064 34.538807 34.534588 34.563534 34.60367 34.63313 34.637077 34.678505 34.68462 34.66183 34.62658 34.468094 34.322792 34.373642 34.40248 34.349537 34.293213
34.397343 34.385174 34.399605 34.396896 34.3508 34.651733 34.63914 34.726105 34.734566 34.725136 34.72396 34.727837 34.71643 34.696526 34.725903 34.684013 34.698227 34.69896 34.637695 34.669724 34.708557 34.707214 34.666203 34.65716 34.469437 34.490414 34.756824 34.70728 34.63665 34.597603 34.56789 34.592384 34.593662 34.574657 34.56778 34.545742 34.57498 34.65838 34.64964 34.526035 34.525364 34.55952 34.59483 34.550903 34.538963 34.57062 34.53312 34.638165 34.672764 34.650555 34.69436 34.692406 34.627815 34.46494 34.377754 34.46829 34.569927 34.52381 34.32604 34.381084 34.34025
34.402603 34.369442 34.419735 34.400005 34.334354 34.642467 34.64974 34.732048 34.732452 34.729 34.73086 34.745476 34.73582 34.650585 34.661266 34.694855 34.66011 34.626556 34.65825 34.663788 34.642475 34.66317 34.664013 34.55114 34.438583 34.61298 34.73626 34.676334 34.611946 34.570606 34.567802 34.554047 34.564896 34.551697 34.561287 34.53086 34.562923 34.639347 34.61754 34.533 34.51647 34.53684 34.529247 34.52089 34.573814 34.658493 34.669525 34.70232 34.705173 34.70772 34.683067 34.594707 34.412697 34.408577 34.537773 34.64773 34.66906 34.424572 34.39306 34.548164 34.377785
