static/data/thetao/2023/7/20/12.asc
ncols 137
nrows 93
xllcorner 108.0
yllcorner 17.0
cellsize 0.25
NODATA_value -32767
[rows 27 to 53 of 93, columns 61 to 121 of 137]
25.855438 25.90857 25.94338 25.807293 25.581629 25.420258 25.480164 25.854147 26.160261 26.4598 26.502668 26.616205 -32767.0 -32767.0 26.259071 26.874971 27.176058 27.381044 27.472889 27.512268 27.595968 27.344011 27.246553 27.142534 26.870035 -32767.0 -32767.0 -32767.0 -32767.0 -32767.0 -32767.0 -32767.0 -32767.0 -32767.0 26.898636 25.380877 26.166958 -32767.0 -32767.0 -32767.0 27.106445 26.870928 26.62476 26.9671 26.517078 27.002348 26.605846 25.615389 25.362556 26.424341 26.44369 27.640408 27.809568 27.486595 27.583185 27.680557 27.965094 27.868572 27.868837 28.231625 28.337696
25.490482 25.682245 25.793188 25.640123 25.483925 25.477226 25.564798 25.82651 26.108307 26.147156 26.44775 26.825193 26.705006 26.795166 27.217323 27.413464 27.605705 27.66281 27.604626 27.559298 27.699266 27.354916 27.170038 -32767.0 26.771734 26.756739 -32767.0 -32767.0 29.175241 -32767.0 -32767.0 -32767.0 -32767.0 -32767.0 -32767.0 26.001732 26.313122 -32767.0 -32767.0 26.756058 26.293274 26.367624 26.706343 27.263233 27.19146 26.905655 26.225079 25.702402 26.920446 26.526932 26.97593 27.389275 27.283579 27.172613 27.384737 27.755114 27.966537 27.600714 27.868036 28.227108 28.213552
25.545652 25.44865 25.360962 25.35316 25.485514 25.55467 25.672323 25.845844 25.809723 25.904232 26.62833 27.234734 27.24126 27.278305 27.514372 27.657686 27.693754 27.782774 27.907875 27.85679 27.772581 27.419722 -32767.0 26.8736 26.790922 27.008013 27.182579 27.804276 -32767.0 28.42091 -32767.0 -32767.0 -32767.0 -32767.0 -32767.0 26.868284 27.208004 26.651728 25.71573 26.424799 26.61721 26.496857 27.118437 27.111425 27.025347 26.840843 26.053612 25.642069 26.182137 27.129942 27.073534 27.145193 27.09476 27.110107 27.512686 27.609907 27.606075 27.621511 27.984482 28.259954 28.276205
26.095387 26.011837 25.693996 25.50999 25.373173 25.472681 25.558788 25.68736 25.75593 25.884636 26.681322 27.229462 27.246967 27.2587 27.484064 27.61555 27.823332 27.909075 28.251427 28.301975 28.011652 27.76896 27.67193 27.594023 26.919777 26.961636 27.382576 27.758045 27.757887 28.93211 -32767.0 -32767.0 -32767.0 -32767.0 26.815157 27.476545 27.582047 27.599638 27.383736 27.62284 27.835125 27.711483 27.100126 27.013453 27.051022 27.091822 26.70884 26.742939 26.642782 26.572523 27.20315 27.22494 27.27814 27.548218 27.411608 27.602152 27.562166 27.690802 28.083082 28.319223 28.362436
26.645369 26.618938 26.373203 26.572079 26.071177 25.845722 25.641222 25.657389 25.802061 25.979088 26.670677 27.088835 27.059702 27.35223 27.56821 27.826502 28.110947 28.428158 28.526276 28.692516 28.769388 28.59784 28.366457 28.141243 27.813122 27.453844 27.572783 27.751162 28.476429 28.480906 -32767.0 -32767.0 -32767.0 -32767.0 27.137026 27.142435 27.266073 27.8145 28.11957 28.291498 28.509619 28.710848 28.665712 28.529226 28.237743 27.668818 27.166336 27.172771 27.006319 27.464788 27.471199 27.442797 27.508177 27.55024 27.209507 27.646353 27.543951 27.82546 28.280699 28.407751 28.471664
26.638355 26.681831 26.870611 27.114386 26.8517 26.571604 26.30038 26.077442 26.36326 26.35623 26.646826 26.901737 27.348085 27.599636 27.715422 27.978762 28.275293 28.472704 28.73306 28.913118 28.787235 28.6088 28.619875 28.617096 28.354485 28.047598 27.851286 27.744307 -32767.0 -32767.0 -32767.0 -32767.0 -32767.0 26.872835 26.950005 27.25828 27.51475 27.689838 28.165104 28.386868 28.464558 28.574787 28.75851 28.832727 28.634308 28.513817 28.501028 28.099144 27.552975 27.216757 27.570412 27.526493 27.58803 27.317549 27.051928 27.438654 27.434603 27.976643 28.468895 28.501373 28.602127
26.603262 27.20344 27.743107 27.686893 27.509254 27.144217 27.045525 26.763212 26.664322 26.648958 27.162783 27.417664 27.883 28.201612 28.382574 28.604183 28.688023 28.689817 28.930016 29.177284 29.095861 28.8952 28.60425 28.528238 28.574652 28.173992 28.062826 27.931269 -32767.0 -32767.0 -32767.0 -32767.0 -32767.0 26.20013 27.775076 27.2761 27.158669 28.827913 29.037962 28.915857 28.875776 28.93531 29.068325 28.983255 28.980984 29.03603 28.89951 28.85043 28.805792 28.242956 27.419285 27.263275 27.365036 27.141613 26.99102 27.328331 27.506296 28.013437 28.502083 28.589954 28.720787
26.612923 26.745747 27.17641 27.707962 27.753225 27.646719 27.253365 27.008762 27.020985 27.19807 27.786606 28.143553 28.549383 28.846354 28.949453 28.953463 28.958406 29.051807 29.227217 29.420002 29.422165 29.315327 29.175959 28.878412 28.858265 28.344378 28.274675 27.812971 28.630402 -32767.0 28.71602 -32767.0 -32767.0 26.420517 27.097626 28.023502 29.299898 29.319574 29.390783 29.271576 29.181253 29.145254 29.201576 29.190329 29.09959 29.115229 29.292452 29.33983 29.1101 28.907938 28.459644 27.25478 27.168608 26.97829 26.99958 27.329327 27.406107 27.962841 28.45343 28.667374 28.786495
26.029196 27.067137 27.546442 27.750738 28.015154 28.088305 27.798597 27.518507 27.46127 27.643518 28.18772 28.686193 28.746403 29.025599 28.974846 29.03586 29.113674 29.275167 29.221193 29.317812 29.419577 29.47079 29.37732 29.184515 29.009895 28.666628 28.423052 28.030157 28.030756 28.238464 29.14016 -32767.0 27.342968 28.198261 28.821898 29.17372 29.653725 29.604118 29.616432 29.512573 29.459055 29.346926 29.28047 29.288925 29.370743 29.325611 29.390825 29.395065 29.311945 29.131706 28.858559 28.439756 27.103056 26.957926 26.857363 27.150673 27.34731 27.941446 28.484211 28.819902 28.811817
26.59182 27.06408 27.330637 27.842743 28.313822 28.366152 28.032314 27.992811 27.901333 27.948698 28.220018 28.69651 28.862741 28.997248 29.108667 29.182915 29.192358 29.047218 29.18003 29.546072 29.624048 29.570377 29.489286 29.341982 28.984255 28.916628 28.805435 28.563437 28.147892 28.056679 -32767.0 28.08472 28.453888 28.699413 28.868176 29.156889 29.561312 29.588171 29.57671 29.577713 29.537218 29.566843 29.566547 29.532337 29.487152 29.426382 29.279345 29.1972 29.280518 29.301085 29.210735 28.802156 27.818428 26.954283 26.774855 26.965746 27.349068 28.01444 28.553806 28.940931 28.754425
26.749704 27.39288 27.694609 27.855017 28.25319 28.573431 28.67073 28.577559 28.685558 28.442282 28.535437 28.646183 28.770147 28.977348 29.01755 29.097494 29.367994 29.553097 29.635466 29.683159 29.597235 29.607998 29.647411 29.574228 29.437618 28.860607 28.728674 28.696995 28.49056 28.279116 28.291788 28.44275 28.491077 28.848562 28.943531 29.186407 29.57281 29.524664 29.568426 29.452164 29.493284 29.468786 29.183214 29.090218 29.042952 28.947681 28.901949 28.988813 29.037928 29.078415 29.175936 28.955862 28.511997 27.225632 26.848629 27.056047 27.545177 28.086098 28.685167 28.917072 28.560799
27.704634 28.07008 28.176336 28.486996 28.616856 28.493437 28.527178 28.828026 28.912262 29.073374 28.976482 29.02426 28.991451 29.035297 29.2256 29.315891 29.476875 29.639555 29.828417 29.789114 29.654495 29.771065 29.858978 29.827282 29.681797 29.448942 28.862774 28.74322 -32767.0 28.622637 28.342272 -32767.0 28.865345 29.165741 29.428047 29.554989 29.575365 29.50022 29.547077 29.4059 29.405466 29.446404 29.280134 29.162786 29.009918 28.937548 28.919937 28.910795 28.780777 28.902113 29.091326 29.009182 28.90761 27.690258 27.154476 27.316076 27.733053 28.172611 28.845648 28.681541 28.524523
28.148115 28.345978 28.620552 28.652464 28.41463 28.549437 28.67856 28.820879 28.994087 29.14032 29.2954 29.217377 29.237284 29.144867 29.378094 29.286728 29.423037 29.680626 29.745916 29.815542 29.559921 29.816475 29.781519 29.779871 29.83858 29.66775 29.292688 28.830067 28.680172 -32767.0 28.731316 28.862682 29.2059 28.974443 29.280764 29.67731 29.588238 29.46176 29.574062 29.465399 29.322786 29.352745 29.276237 29.21155 29.149277 29.124525 29.008354 28.851307 28.707947 28.771427 28.835974 28.83639 28.98877 28.388117 27.867762 27.756008 27.911757 28.344933 29.020142 28.590324 28.529772
28.719893 28.937407 28.877815 28.8058 28.957216 28.843182 28.752136 28.753601 28.802197 28.846207 28.9565 29.093647 29.26645 29.511272 29.528406 29.692427 29.793938 29.892992 29.892393 29.746983 29.441631 29.718653 29.541773 29.645063 29.729559 29.817411 29.645287 29.266481 28.806793 28.54408 28.809801 28.584166 29.01813 28.842388 28.795065 29.295933 29.555475 29.337116 29.576601 29.46016 29.333237 29.22479 29.209805 29.176634 29.096884 29.122477 28.992159 28.900126 28.822824 28.772186 28.822474 28.817932 29.022694 29.053514 28.67677 28.431498 28.06395 28.57638 29.044975 28.631931 28.512997
29.000635 29.119133 29.066582 28.932127 28.980242 29.003922 28.917608 28.736254 28.930923 29.026073 29.022163 29.261406 29.565248 29.654129 29.40213 29.719786 29.674915 29.726543 29.604174 29.487694 29.559288 29.68821 29.620472 29.839268 29.742205 29.784195 29.744888 29.3307 29.318567 28.670938 28.627556 28.847252 28.856203 28.736038 29.014753 29.341053 29.462692 29.312437 29.568487 29.507685 29.297285 29.227427 29.20928 29.152887 29.065197 29.011118 28.971687 28.907915 28.925985 28.843346 28.838665 28.864983 28.878311 28.990297 28.960052 28.722883 28.615257 28.85749 28.826965 28.668877 28.636974
29.358627 29.228811 29.102682 29.234 29.339905 29.260607 29.112373 29.330751 29.387262 29.225117 29.139816 29.215977 29.471272 29.476316 29.327602 29.420464 29.36452 29.461472 29.471903 29.686823 29.69924 29.46031 29.787764 29.843964 29.684336 29.79779 29.741955 29.596277 29.472044 29.055433 28.594307 28.429342 28.469677 29.285423 29.405058 29.462172 29.507467 29.324423 29.41817 29.5564 29.36023 29.2797 29.218233 29.128252 29.112604 29.04202 28.845047 28.891249 28.964636 28.836199 28.816767 28.978748 29.095913 28.935066 29.0696 29.229109 29.207853 29.221064 28.794018 28.80301 28.844866
29.474985 29.320732 29.056633 29.485039 29.196648 29.156273 29.25327 29.191656 29.293535 29.298908 29.349888 29.563122 29.49969 29.485847 29.424818 29.313238 29.433558 29.538954 29.773584 29.772194 29.446123 29.437883 29.834446 29.878725 29.812723 29.73245 29.662739 29.76201 29.421612 29.479355 29.14668 28.941116 29.19494 29.43524 29.489641 29.496147 29.47226 29.358719 29.44372 29.606348 29.406889 29.346266 29.27988 29.297295 29.231316 29.062424 28.988348 29.013054 29.109715 29.047443 28.959492 28.98785 29.087555 28.873312 29.217491 29.250074 29.09814 29.366613 29.081234 28.881105 28.89113
29.602419 29.583984 29.251968 28.927345 28.960342 28.969282 29.204388 29.246866 29.358473 29.374636 29.563196 29.643845 29.636765 29.544008 29.488588 29.477322 29.74079 29.74501 29.644499 29.484907 29.389606 29.614342 29.692728 29.749353 29.87374 29.7058 29.586037 29.646162 29.536335 29.3992 29.367693 29.414501 29.42976 29.400888 29.465853 29.455975 29.38771 29.403687 29.489492 29.525345 29.42399 29.347847 29.348213 29.358957 29.332901 29.187292 29.199705 29.236013 29.125988 29.241747 29.264418 29.149195 29.121363 29.046352 29.13139 29.153664 29.30003 29.469175 29.439884 29.072504 28.7413
29.461317 29.72832 29.566471 29.353289 29.246708 29.058361 29.119928 29.226118 29.335001 29.344223 29.619883 29.68198 29.642225 29.600822 29.609596 29.799896 29.68124 29.645386 29.53189 29.452957 29.37364 29.67555 29.20005 29.327639 29.234865 29.33025 29.381931 29.286615 29.211384 29.148363 29.1335 29.221506 29.39273 29.49824 29.4506 29.433657 29.414406 29.393127 29.492025 29.526567 29.487165 29.43165 29.416634 29.328125 29.268238 29.48547 29.347149 29.35916 29.166117 29.121304 29.167192 29.16959 29.097698 29.176336 29.182327 29.287962 29.477568 29.319504 29.34738 29.282572 29.169668
29.691652 29.892311 29.858145 29.43813 29.458553 29.299137 29.1105 29.501253 29.357725 29.528717 29.658821 29.509165 29.517956 29.542881 29.84182 29.65334 29.675089 29.472101 29.430418 29.353634 29.67344 29.094704 29.579823 29.171583 29.170437 29.171774 29.037052 29.00229 29.17038 29.183735 29.191286 29.325012 29.424915 29.422583 29.322798 29.25488 29.212841 29.241655 29.44519 29.574804 29.56034 29.462399 29.421253 29.472755 29.4776 29.524717 29.473263 29.378672 29.323818 29.148317 29.15614 29.195417 29.194185 29.142044 29.309963 29.53969 29.388739 29.363688 29.351198 29.321327 29.227634
30.122261 30.041359 29.768322 29.437593 29.224293 29.26493 29.677755 29.647778 29.303034 29.721416 29.680584 29.57164 29.497293 29.847155 29.7942 29.486109 29.493294 29.471912 29.42726 29.34853 29.637396 29.241709 29.415691 29.32958 -32767.0 28.962227 28.968067 28.910162 29.070171 29.299355 29.30136 29.069996 29.001112 29.026194 29.027308 29.026054 29.092813 29.140387 29.334923 29.56933 29.568024 29.49975 29.451885 29.568066 29.559576 29.435406 29.455023 29.475914 29.399858 29.239367 29.442183 29.442675 29.448568 29.457247 29.536516 29.538597 29.541454 29.50251 29.465078 29.502949 29.347235
30.027895 29.994879 29.86155 29.46665 29.296164 29.510384 29.535751 29.289928 29.634102 29.731602 29.70739 29.674467 29.83295 29.83428 29.668362 29.53409 29.430626 29.542788 29.505583 29.463509 29.710918 29.108751 28.978886 28.94048 28.827091 29.007969 29.0712 29.098763 29.37225 29.249191 28.948128 28.987263 29.092216 29.148937 29.11184 29.095667 29.121181 29.183987 29.269953 29.481277 29.53768 29.518717 29.564844 29.627163 29.434105 29.48583 29.538837 29.357183 29.31417 29.431368 29.589489 29.635199 29.436075 29.521748 29.61927 29.627415 29.653791 29.760777 29.529724 29.608696 29.59911
29.95895 29.921558 29.85636 29.46969 29.310087 29.69936 29.535563 29.556679 29.86251 29.632975 29.680777 29.766842 29.85969 29.712643 29.807878 29.53817 29.462261 29.569487 29.590551 29.531702 29.561186 29.310173 29.163403 -32767.0 29.087189 29.160559 29.146652 29.309908 29.448128 29.050251 29.135078 29.187695 29.349152 29.345333 29.250492 29.18494 29.19023 29.20703 29.286772 29.413101 29.504498 29.5714 29.694613 29.510122 29.573347 29.674082 29.728258 29.801352 29.673412 29.455084 29.524475 29.555248 29.472523 29.52983 29.742632 29.82652 29.81002 29.84314 30.01482 29.762976 29.485497
29.936878 29.8982 29.669115 29.257517 29.34997 29.772146 29.787977 29.866821 29.71357 29.574512 29.741957 29.734053 29.822472 29.90902 29.79151 29.577759 29.50141 29.698273 29.658152 29.637455 29.532269 29.41917 29.163578 29.16617 29.225718 29.33936 29.249565 29.52706 29.379288 29.212442 29.344143 29.503456 29.385492 29.369335 29.29854 29.188887 29.210836 29.228487 29.324236 29.439184 29.533453 29.615345 29.650192 29.549723 29.715284 29.755848 29.933403 29.986942 29.992798 29.84411 29.754965 29.66179 29.633858 29.644344 29.722164 30.009895 29.96001 29.87537 29.819262 29.807842 29.765924
30.0282 29.902649 29.80757 29.76504 29.752787 29.770641 29.821346 29.810284 29.795864 29.727411 29.804527 29.914618 29.95175 29.912958 29.752514 29.564873 29.528402 29.720657 29.762857 29.590054 29.216906 29.07219 29.190544 29.198475 29.487005 29.49456 29.434921 29.678839 29.393473 29.415358 29.568329 29.57792 29.565691 29.421032 29.349062 29.304096 29.27635 29.337208 29.445442 29.53457 29.65629 29.774765 29.621397 29.764652 29.756973 29.894617 29.936966 30.017485 30.049885 30.020658 29.850304 29.827538 29.79503 29.980225 29.90465 29.951794 29.907658 30.017277 30.059864 29.894842 29.794184
29.688423 29.92659 30.03946 29.915585 29.9423 30.001951 29.97175 30.004868 29.953379 29.86216 29.859447 29.923391 29.89013 29.929916 29.6569 29.607494 29.560371 29.698713 29.679625 29.494469 29.055212 28.911623 29.12517 29.421215 29.550617 29.741287 29.690063 29.775013 29.53801 29.61554 29.777378 29.672592 29.686478 29.478575 29.428602 29.382942 29.335835 29.506184 29.569899 29.666996 29.805319 29.685925 29.7443 29.794308 29.856792 29.91581 29.970148 30.065327 30.06736 30.111317 29.898184 29.951126 29.809502 29.915157 29.969353 30.006575 29.998518 30.080534 30.019617 29.822958 29.838907
29.549448 29.617407 29.856903 29.916574 29.606903 29.456112 29.534435 29.69049 29.82076 29.963963 29.991262 29.88587 29.841705 29.841143 29.66803 29.583998 29.556046 29.677366 29.587042 30.057165 -32767.0 28.982492 29.296745 29.526106 29.617373 29.866205 29.762453 29.861471 29.780323 29.753836 29.893438 29.753647 29.813902 29.660275 29.608793 29.582016 29.629183 29.68747 29.761839 29.843014 29.746742 29.798653 29.73806 29.768152 29.877388 29.96195 30.079567 30.194557 30.208082 30.239262 30.066692 29.998886 29.804443 30.032255 29.95943 30.108788 30.08242 29.96703 29.937702 29.921827 29.809439
