static/data/thetao/2023/7/20/18.asc
ncols 137
nrows 93
xllcorner 108.0
yllcorner 17.0
cellsize 0.25
NODATA_value -32767
[rows 0 to 26 of 93, columns 61 to 121 of 137]
-32767.0 -32767.0 -32767.0 -32767.0 -32767.0 -32767.0 -32767.0 -32767.0 -32767.0 -32767.0 -32767.0 -32767.0 -32767.0 -32767.0 -32767.0 -32767.0 -32767.0 -32767.0 -32767.0 23.217802 22.51374 22.324844 23.78715 23.841066 23.906658 23.705353 23.901339 24.436495 24.717655 24.774878 24.731989 24.751997 24.775478 24.742365 24.587008 24.544466 24.769026 24.740763 23.977173 23.265558 22.98893 23.425638 23.74954 23.826736 23.880724 23.944326 23.807533 23.539354 23.267172 23.358057 23.270235 23.099169 22.941475 22.944046 22.841713 23.086163 23.110367 23.204617 23.239151 22.754782 22.880795
26.196243 26.408602 26.907036 27.247545 27.583145 27.70989 27.864906 -32767.0 -32767.0 -32767.0 -32767.0 -32767.0 -32767.0 -32767.0 -32767.0 -32767.0 -32767.0 -32767.0 23.229113 22.788885 22.991405 23.978476 24.462141 23.72823 23.38155 23.756636 24.188143 24.087038 24.186735 23.965673 23.959862 24.520496 24.861698 24.58906 24.685476 24.659716 24.70572 24.105627 23.639189 23.317253 23.089485 23.837418 23.871674 24.197166 24.068342 23.520817 23.539135 23.315403 23.291105 23.513468 23.514341 23.357813 23.235235 23.253658 22.85899 22.509428 22.357943 22.418667 23.319485 23.023228 23.190844
26.200977 26.085564 25.583788 25.569633 25.785902 26.326218 27.159557 26.656488 26.59493 -32767.0 -32767.0 -32767.0 -32767.0 -32767.0 -32767.0 -32767.0 -32767.0 -32767.0 23.548615 23.368845 23.61859 24.487461 23.277225 23.928038 23.749243 23.209768 22.584957 22.16734 22.997057 22.928738 22.752136 23.768415 24.768866 24.697517 24.934074 25.029545 24.727936 24.181976 23.592064 23.70278 23.562708 24.079788 24.214571 23.782791 23.465292 23.513903 23.244167 23.288322 23.356022 23.477901 23.475283 23.39833 23.41179 23.308622 23.153564 22.86591 23.054052 23.046562 23.458109 23.317009 23.454279
25.462639 25.410074 25.410362 25.14904 25.140451 24.945297 24.437471 25.81995 26.029589 -32767.0 -32767.0 -32767.0 -32767.0 -32767.0 -32767.0 -32767.0 -32767.0 25.61017 24.07076 23.614395 23.974241 23.940805 23.580954 23.84594 23.799948 23.446217 22.027504 22.018604 23.564554 23.056686 22.859621 23.51816 24.749434 24.685495 24.71954 24.45496 24.051825 23.665201 23.780483 24.179539 24.069256 23.629732 23.899773 23.831976 23.710434 23.197454 23.467916 23.44498 23.83747 23.569435 23.896648 23.958086 23.829247 23.739756 23.55256 23.083782 23.485521 23.531239 23.410484 24.070112 23.999866
25.323135 25.6361 25.68575 25.418274 25.298775 25.24382 24.577845 24.982542 -32767.0 -32767.0 -32767.0 -32767.0 -32767.0 -32767.0 -32767.0 -32767.0 -32767.0 -32767.0 -32767.0 24.627983 23.366085 24.053549 23.223766 23.665174 24.095867 21.462221 23.286646 23.46823 23.98996 22.712584 22.665068 22.392475 23.58534 24.750336 24.751366 24.220367 23.983831 23.829039 24.09439 23.669485 23.732498 23.558746 23.88321 23.670727 23.786674 23.74362 23.692698 23.86161 23.896402 24.031929 23.483168 23.763086 23.534565 23.33275 23.682177 23.590689 23.494394 23.791874 24.111416 23.935589 23.974918
25.756079 25.785 25.737427 25.620066 25.348055 25.125439 24.703217 25.58581 -32767.0 -32767.0 -32767.0 -32767.0 -32767.0 -32767.0 -32767.0 -32767.0 -32767.0 -32767.0 -32767.0 -32767.0 24.860947 23.324257 23.449306 23.677637 23.877745 20.640488 23.720121 24.316898 24.585691 24.401745 24.3926 24.201206 23.690351 23.025877 23.679268 23.718676 23.791145 24.491285 23.875275 23.597258 23.477297 23.745043 23.7455 23.751347 23.888763 24.03693 24.100098 23.97005 23.943956 23.953959 23.715895 23.55292 23.249594 23.339006 23.713676 23.353102 23.558538 23.658339 23.901577 23.929094 23.783285
25.99556 25.989508 25.885693 25.665567 25.565508 25.294592 25.14461 26.081816 -32767.0 -32767.0 -32767.0 -32767.0 -32767.0 -32767.0 -32767.0 -32767.0 -32767.0 -32767.0 -32767.0 -32767.0 -32767.0 24.414274 23.725573 23.838636 23.743793 21.470057 21.759157 24.387737 24.39495 24.49259 24.66164 24.52412 24.001242 23.559628 24.033045 24.388716 24.447142 24.466806 23.954084 24.365883 24.231243 24.1301 24.024141 24.05767 24.0288 23.99938 23.985067 23.939089 23.805155 23.688871 23.94469 23.472565 23.420483 23.445993 23.42297 23.57617 24.276247 24.235958 23.779995 23.668978 23.914135
26.05047 26.028559 25.939445 25.799892 25.674444 25.73042 25.420483 -32767.0 -32767.0 -32767.0 -32767.0 -32767.0 -32767.0 -32767.0 -32767.0 -32767.0 -32767.0 -32767.0 -32767.0 -32767.0 -32767.0 -32767.0 24.269918 24.011103 24.141823 21.536161 20.131983 23.479074 24.534613 24.690321 24.553844 24.288525 24.201275 24.509657 24.580584 24.401617 24.356483 24.333717 24.143417 24.198492 23.851696 23.977606 24.105795 23.852222 23.916813 23.7973 24.062225 23.760054 23.533777 23.642166 23.846783 23.483957 23.28535 23.104866 23.627333 24.436596 24.291258 24.056767 23.836231 23.664322 23.70509
25.904743 26.008183 25.930254 25.856236 25.805595 25.521439 -32767.0 26.583277 -32767.0 -32767.0 -32767.0 -32767.0 -32767.0 -32767.0 -32767.0 -32767.0 -32767.0 -32767.0 -32767.0 -32767.0 -32767.0 -32767.0 25.04077 24.066402 24.222448 20.990969 20.486399 21.52074 24.079521 24.478456 24.406546 24.166157 24.308943 24.350914 24.289999 24.300636 24.61549 24.629593 24.471685 24.286774 24.318954 24.261013 24.21161 23.977646 23.972754 23.95407 23.926176 23.538544 23.701588 23.835205 23.843239 23.964035 24.145525 24.202675 24.705996 24.703754 24.53835 24.13854 23.782991 23.870855 -32767.0
25.782589 25.826815 25.99341 25.850578 25.86542 25.701542 25.671404 25.892527 26.438591 25.92538 26.334902 26.243452 26.799883 -32767.0 -32767.0 -32767.0 -32767.0 -32767.0 -32767.0 -32767.0 -32767.0 -32767.0 -32767.0 24.12523 24.43253 20.498264 20.980988 20.735838 23.803558 24.330517 24.491116 24.167494 24.425957 24.252789 23.771254 23.953764 24.82727 24.900171 24.511187 24.16437 24.316795 24.679716 24.053484 24.108625 24.120829 23.97994 23.869005 23.594429 23.952614 24.532429 24.692297 24.808678 24.721582 24.87828 25.42067 25.256094 24.888973 25.119404 25.300789 24.909187 24.589785
25.794535 26.086452 26.315725 26.177683 25.983467 25.781506 25.333399 25.010065 25.320206 25.466108 25.825819 25.201712 25.98863 -32767.0 -32767.0 -32767.0 -32767.0 -32767.0 -32767.0 -32767.0 -32767.0 -32767.0 -32767.0 -32767.0 24.282734 22.033926 21.638098 21.190935 21.307049 23.74054 24.139423 24.279444 24.66703 24.025673 24.075727 23.999695 24.164314 24.600008 24.44226 24.296612 24.24951 24.080435 24.291649 24.1267 23.988173 23.951593 23.906506 24.046072 24.64713 24.883968 24.871635 24.84455 24.91935 24.969915 25.275942 25.114237 -32767.0 25.390604 25.136066 24.560568 24.533167
25.742493 26.105957 26.372807 26.251495 26.161911 25.973562 25.757648 25.232006 24.971544 24.936962 24.56734 24.769905 24.790743 25.664555 26.16069 -32767.0 -32767.0 -32767.0 -32767.0 -32767.0 -32767.0 -32767.0 -32767.0 -32767.0 -32767.0 22.107384 21.716967 22.779161 20.498129 21.450516 23.971918 24.36162 24.514856 24.564034 24.280481 23.334286 24.109037 24.631178 24.43281 24.650908 24.084898 24.544985 24.876003 24.852644 24.964596 25.161592 25.372116 25.361753 25.089678 25.092783 25.191677 25.294281 25.282091 25.230314 -32767.0 -32767.0 25.41313 25.2858 25.080748 24.83308 25.354893
25.619246 25.916754 26.16659 26.309402 26.289911 26.213348 25.96195 25.511162 24.940247 24.724863 24.097084 24.46108 24.784792 -32767.0 26.319008 -32767.0 -32767.0 -32767.0 -32767.0 -32767.0 -32767.0 -32767.0 -32767.0 -32767.0 -32767.0 21.126488 22.188175 23.402477 22.682285 22.859251 23.92226 24.505371 24.527586 24.435875 24.304798 23.896727 24.139091 24.410295 24.212252 24.645973 24.107729 24.65883 24.853268 25.066057 25.094389 25.091509 25.091679 25.17142 25.062761 25.128729 25.12811 25.578989 25.6374 25.433516 -32767.0 25.924906 25.759157 25.882189 -32767.0 -32767.0 -32767.0
25.562895 25.883884 26.291998 26.31608 26.314293 26.19791 26.032532 25.859581 25.619497 25.058647 25.13506 24.873724 -32767.0 -32767.0 -32767.0 -32767.0 -32767.0 -32767.0 -32767.0 -32767.0 -32767.0 -32767.0 -32767.0 -32767.0 -32767.0 20.771397 22.473925 23.895039 22.639122 23.549305 23.743626 24.397638 24.292767 24.307596 24.356392 24.020765 23.854568 24.225813 24.005085 24.430622 24.533907 24.343443 24.639877 24.506262 24.592068 25.046936 25.026876 24.952866 25.144098 25.165884 25.142504 25.475687 25.617086 25.691084 26.308254 -32767.0 25.906448 -32767.0 -32767.0 -32767.0 -32767.0
25.78699 25.958479 26.175064 26.199913 26.234777 26.057137 26.12449 26.083788 25.69963 25.012224 24.978157 24.946407 25.122118 -32767.0 -32767.0 -32767.0 -32767.0 -32767.0 -32767.0 -32767.0 -32767.0 -32767.0 -32767.0 -32767.0 -32767.0 20.681097 22.173944 24.077362 24.001917 22.727274 23.770123 24.094622 24.104404 24.086943 24.067764 24.121569 24.181274 23.951698 23.89086 24.392206 24.716148 24.285458 24.647886 25.111134 25.15393 25.328442 25.165594 24.97549 24.86343 24.999104 25.22887 25.262455 25.794825 26.492924 -32767.0 -32767.0 -32767.0 -32767.0 -32767.0 -32767.0 -32767.0
26.091223 26.005617 26.119972 26.1193 26.194872 26.17108 26.133038 25.88093 25.731222 25.68879 25.34547 25.035032 25.54039 26.349957 -32767.0 -32767.0 -32767.0 -32767.0 -32767.0 -32767.0 -32767.0 -32767.0 -32767.0 -32767.0 -32767.0 20.890991 21.12924 23.864956 24.576893 24.345373 23.02013 23.726877 23.957865 23.62763 23.841177 24.748463 24.701218 24.35407 24.573112 24.596748 -32767.0 24.762606 25.144657 24.952501 25.217314 25.414448 25.321327 25.137619 24.952227 25.055714 25.163656 25.200085 -32767.0 -32767.0 -32767.0 -32767.0 -32767.0 -32767.0 -32767.0 -32767.0 -32767.0
26.010279 26.021711 26.12328 26.204163 26.221006 26.12854 25.927166 25.367643 24.99584 25.158392 25.245052 24.892109 25.25416 26.07429 -32767.0 -32767.0 -32767.0 -32767.0 -32767.0 -32767.0 -32767.0 -32767.0 -32767.0 -32767.0 -32767.0 -32767.0 22.583826 24.392456 24.445024 24.188461 24.408655 24.081268 23.824574 23.776646 24.873665 24.910034 24.37675 24.449667 24.666834 24.802723 24.84419 24.994654 24.706411 24.939756 24.900717 24.94897 25.361467 25.431583 25.167128 25.027271 25.499289 25.698517 -32767.0 -32767.0 -32767.0 -32767.0 -32767.0 -32767.0 -32767.0 -32767.0 -32767.0
26.360502 26.434391 26.490377 26.30908 26.230333 26.05865 25.869484 25.358967 24.59347 24.632685 24.722328 24.491348 24.99012 25.951063 25.879826 -32767.0 -32767.0 -32767.0 -32767.0 -32767.0 -32767.0 -32767.0 -32767.0 -32767.0 -32767.0 20.882729 23.78103 25.160576 24.487057 24.63265 24.633991 24.682137 24.827862 24.895912 25.401688 24.643482 24.319008 24.211088 24.737879 25.35935 25.667181 25.962198 25.52937 25.50938 25.611298 25.409939 25.293442 25.15055 -32767.0 26.033785 26.494366 27.074995 -32767.0 -32767.0 -32767.0 -32767.0 -32767.0 -32767.0 -32767.0 -32767.0 -32767.0
26.669466 26.63187 26.504389 26.26777 25.903322 25.56504 25.421265 25.20373 24.586023 24.045273 23.867718 24.357428 25.604017 26.000362 -32767.0 -32767.0 -32767.0 -32767.0 -32767.0 -32767.0 -32767.0 -32767.0 -32767.0 -32767.0 -32767.0 21.568207 24.807663 25.491447 25.163431 24.477573 24.74571 25.068695 25.306894 25.409006 25.796165 25.341051 24.862698 25.298925 25.138382 -32767.0 -32767.0 26.374975 26.699905 -32767.0 -32767.0 -32767.0 -32767.0 -32767.0 -32767.0 -32767.0 -32767.0 -32767.0 -32767.0 -32767.0 -32767.0 -32767.0 -32767.0 -32767.0 -32767.0 -32767.0 -32767.0
26.612986 26.508482 26.143227 25.628653 25.241667 24.718573 24.439034 24.582083 24.21344 23.41234 23.605953 24.824945 25.409758 -32767.0 -32767.0 -32767.0 -32767.0 -32767.0 -32767.0 -32767.0 -32767.0 -32767.0 -32767.0 -32767.0 21.881134 23.638079 25.031994 24.870438 25.116955 24.820911 25.465626 25.56679 25.843992 26.34703 25.99922 25.55009 25.427584 25.181976 -32767.0 -32767.0 -32767.0 -32767.0 -32767.0 -32767.0 -32767.0 -32767.0 -32767.0 -32767.0 -32767.0 -32767.0 -32767.0 -32767.0 -32767.0 -32767.0 -32767.0 -32767.0 -32767.0 -32767.0 -32767.0 -32767.0 -32767.0
26.570913 26.301197 26.041767 25.897488 25.549625 24.84685 24.05963 23.950453 23.70633 23.401537 23.16951 22.956291 25.25005 -32767.0 -32767.0 -32767.0 -32767.0 -32767.0 -32767.0 -32767.0 -32767.0 21.905918 23.21353 22.791935 22.959259 24.781057 25.062151 25.01475 25.172306 25.293299 25.657787 26.437216 26.225988 25.917862 25.825514 25.576204 -32767.0 -32767.0 -32767.0 -32767.0 -32767.0 -32767.0 -32767.0 -32767.0 -32767.0 -32767.0 -32767.0 -32767.0 -32767.0 -32767.0 -32767.0 -32767.0 -32767.0 -32767.0 26.994267 -32767.0 -32767.0 -32767.0 -32767.0 -32767.0 -32767.0
26.51573 26.404253 26.135275 25.89346 25.59877 24.900038 24.251818 24.278805 23.886877 23.515182 23.031757 21.882727 24.613522 -32767.0 -32767.0 -32767.0 -32767.0 28.122572 24.997545 24.944368 23.41345 22.55421 22.644108 22.748648 24.74222 24.997242 24.731382 25.089457 25.244602 25.184269 26.217417 26.69991 26.192898 25.952982 25.751991 -32767.0 -32767.0 -32767.0 -32767.0 -32767.0 -32767.0 -32767.0 -32767.0 -32767.0 -32767.0 26.727264 27.447403 -32767.0 -32767.0 -32767.0 -32767.0 -32767.0 -32767.0 -32767.0 26.998634 -32767.0 -32767.0 -32767.0 -32767.0 -32767.0 24.422466
26.316072 26.026846 25.584625 25.322914 25.109282 24.86543 24.583214 24.431107 23.880415 22.901598 23.111753 22.138756 -32767.0 25.822977 -32767.0 24.982174 -32767.0 24.870241 -32767.0 22.505795 22.345175 22.276539 22.722712 25.172709 24.875 25.282955 25.203297 25.08656 24.903072 26.24596 26.6707 26.49066 26.24045 -32767.0 -32767.0 -32767.0 -32767.0 -32767.0 -32767.0 -32767.0 -32767.0 26.133314 26.552841 26.664474 27.313177 26.025522 26.34021 26.351244 26.39436 -32767.0 -32767.0 -32767.0 -32767.0 -32767.0 27.207264 26.211779 25.044075 24.752932 25.272305 25.116106 24.58179
26.141184 25.958815 25.75488 25.5267 25.226784 24.889166 24.641424 24.560379 24.221668 23.423698 22.829056 21.42772 21.121405 21.837168 22.534567 22.074286 22.314692 21.947569 21.75853 21.90855 22.189081 22.894537 23.59482 25.180315 -32767.0 25.045488 25.693777 26.306423 26.448168 26.561558 26.727732 -32767.0 -32767.0 -32767.0 -32767.0 -32767.0 26.026054 26.05652 25.038713 25.56509 26.391996 26.402613 28.214352 -32767.0 -32767.0 27.483665 26.834427 25.74165 -32767.0 -32767.0 -32767.0 -32767.0 -32767.0 22.715967 25.35473 24.914846 25.533348 27.306131 27.29148 27.391478 27.458351
26.104551 25.867472 25.597261 25.424213 25.24585 24.982647 24.92594 24.513983 24.261381 24.459223 24.254625 23.70876 22.964203 22.83234 23.260466 23.476677 23.52755 23.865978 24.694765 25.247332 25.682268 25.848291 25.409746 25.922264 26.282728 26.200054 26.657068 26.641579 26.443634 26.553902 27.261238 29.343618 -32767.0 26.393476 26.78002 -32767.0 25.821798 25.815742 25.964155 -32767.0 27.86836 27.85025 -32767.0 -32767.0 -32767.0 -32767.0 25.955233 25.29556 -32767.0 -32767.0 -32767.0 -32767.0 23.651125 26.807568 26.980633 26.321539 27.478312 27.665302 27.798866 27.896404 28.039669
26.48901 26.272259 25.87155 25.605902 25.454689 25.324398 25.317535 25.420385 25.457788 25.621292 25.636568 25.665918 25.650185 25.882702 25.981068 25.873558 26.179033 26.080973 26.180864 26.120333 26.021318 26.500937 27.025112 27.16558 27.146383 27.082535 -32767.0 26.54409 26.880861 -32767.0 -32767.0 29.546408 27.72643 26.92747 26.291962 25.787716 26.27406 25.843079 -32767.0 -32767.0 -32767.0 -32767.0 -32767.0 -32767.0 -32767.0 -32767.0 25.809383 25.245508 23.997559 -32767.0 -32767.0 23.514565 26.064537 27.169296 27.531158 27.681503 27.8173 27.854893 27.799784 27.84146 28.04385
26.052204 25.641356 25.65543 25.639462 25.50404 25.508505 25.627653 25.674252 25.803629 25.941769 26.032394 26.10914 26.433626 -32767.0 -32767.0 26.39496 26.346172 26.9482 27.12331 27.11847 27.083227 27.047325 27.018375 27.086273 26.906202 26.383833 26.559591 27.02714 -32767.0 -32767.0 -32767.0 -32767.0 -32767.0 -32767.0 27.085821 25.49298 25.76329 -32767.0 -32767.0 -32767.0 -32767.0 -32767.0 27.002047 -32767.0 25.928572 26.082346 26.672033 25.191086 24.445766 24.944439 -32767.0 25.807955 27.297523 27.556622 27.565315 27.69618 27.84646 27.757406 27.701704 28.017437 28.27724
