static/data/thetao/2023/7/20/6.asc
ncols 137
nrows 93
xllcorner 108.0
yllcorner 17.0
cellsize 0.25
NODATA_value -32767
[rows 27 to 53 of 93, columns 61 to 121 of 137]
26.053417 26.092539 26.099373 25.92838 25.65384 25.45717 25.480692 25.827307 26.138384 26.538292 26.612846 26.643702 -32767.0 -32767.0 26.237867 26.836874 27.206982 27.369326 27.469755 27.529564 27.606237 27.402754 27.398594 27.281515 27.037819 -32767.0 -32767.0 -32767.0 -32767.0 -32767.0 -32767.0 -32767.0 -32767.0 -32767.0 26.905605 25.407494 26.044767 -32767.0 -32767.0 -32767.0 27.44005 26.750458 26.636093 26.985975 26.51332 26.999575 26.722633 25.69265 25.438051 26.52302 26.497112 27.9349 28.079203 27.708355 27.774275 27.958572 28.185087 28.175592 28.131567 28.43147 28.467302
25.9034 25.959646 25.925028 25.805172 25.618385 25.512165 25.583546 25.773739 26.128899 26.273409 26.447075 26.827362 26.729559 26.762398 27.160994 27.38599 27.549274 27.727879 27.694727 27.73622 27.831717 27.450827 27.28725 -32767.0 26.960913 27.043139 -32767.0 -32767.0 29.48366 -32767.0 -32767.0 -32767.0 -32767.0 -32767.0 -32767.0 25.966568 26.186966 -32767.0 -32767.0 26.816738 26.363836 26.45093 26.757153 27.285515 27.233807 26.97238 26.38088 25.657572 26.891422 26.68576 27.044628 27.425377 27.306105 27.238297 27.496048 27.907257 28.14866 27.834398 27.9632 28.306906 28.313137
25.938902 25.621614 25.559841 25.485071 25.548035 25.618809 25.694153 25.843267 25.956528 26.002062 26.622358 27.257889 27.255415 27.279226 27.478031 27.712435 27.726547 27.936684 28.000656 27.961256 27.99164 27.554735 -32767.0 27.038376 26.976849 27.26493 27.526785 27.969732 -32767.0 28.486317 -32767.0 -32767.0 -32767.0 -32767.0 -32767.0 26.645296 26.872883 26.560959 25.588215 26.268225 26.356592 26.638811 27.15756 27.148373 27.171883 26.888388 26.059767 25.704935 26.244705 27.285183 27.19937 27.218567 27.151796 27.177616 27.552176 27.640413 27.676584 27.604195 27.940079 28.28235 28.287874
26.44236 26.323284 25.962704 25.678858 25.52939 25.533426 25.60186 25.801416 25.897667 25.997627 26.57268 27.233124 27.311995 27.259983 27.45027 27.628935 27.723711 27.834555 28.160019 28.309795 28.107113 28.166307 27.988224 27.619741 27.139093 27.218866 27.891802 28.062384 27.96857 28.977913 -32767.0 -32767.0 -32767.0 -32767.0 27.176487 27.682167 27.678684 27.69587 27.497564 27.69454 27.73221 27.30171 26.860468 27.176973 27.150927 27.153316 26.68908 27.079004 26.852888 26.901241 27.535929 27.41522 27.322401 27.557829 27.43202 27.62587 27.551563 27.655546 28.055923 28.321144 28.379066
26.85688 26.857931 26.304508 26.602264 26.151583 25.921085 25.841072 25.829895 25.91606 26.031767 26.66911 27.343952 27.171522 27.341328 27.553488 27.738384 28.082592 28.407564 28.58933 28.802752 28.987162 28.795643 28.55082 28.383018 27.999321 27.768873 27.857252 27.97728 28.492186 28.574104 -32767.0 -32767.0 -32767.0 -32767.0 27.45446 27.209932 27.18968 27.635143 27.941956 28.172947 28.64493 28.88793 28.578194 28.291159 27.95469 27.555614 27.282866 27.397387 27.42904 28.0845 27.905561 27.494652 27.506235 27.537457 27.211351 27.663916 27.60537 27.77889 28.20092 28.39933 28.510984
26.845222 26.826952 26.997787 27.100534 26.937004 26.649044 26.333555 26.229794 26.564985 26.5548 26.842556 27.16008 27.542505 27.694395 27.659014 27.86469 28.19869 28.425571 28.665476 28.913542 28.917292 28.831783 28.806885 28.768206 28.512405 28.183285 28.001322 27.81052 -32767.0 -32767.0 -32767.0 -32767.0 -32767.0 26.929697 27.002708 27.353125 27.671745 27.956085 28.323261 28.471622 28.556463 28.749054 29.107368 28.844004 28.68689 28.705187 28.68202 28.367514 27.926888 27.56945 27.509909 27.47338 27.602863 27.33145 27.085098 27.515932 27.424095 27.93731 28.366112 28.50051 28.607975
26.858843 27.250736 27.844355 28.012938 27.838182 27.452438 27.37981 27.22499 27.048872 26.861067 27.095446 27.396366 27.779007 28.073496 28.30826 28.541779 28.601141 28.580046 28.81029 29.127268 29.061827 28.91567 28.743673 28.670593 28.727436 28.31777 28.169687 28.032703 -32767.0 -32767.0 -32767.0 -32767.0 -32767.0 26.242275 27.940403 27.62333 27.511301 28.629095 28.861753 28.837803 28.904398 29.108875 29.161846 29.045889 29.136751 29.244457 29.186008 29.15542 28.906359 28.330544 27.267149 27.211573 27.296585 27.155273 27.019787 27.345608 27.488222 28.077995 28.531113 28.582367 28.7493
26.847822 27.058874 27.614578 27.981604 27.944887 27.772554 27.542938 27.329496 27.334768 27.355236 28.002066 28.32661 28.606768 28.841633 28.9512 29.040731 29.000908 29.100693 29.28866 29.519753 29.46767 29.427723 29.322098 29.12353 29.153275 28.581837 28.47933 27.942802 28.757992 -32767.0 28.860262 -32767.0 -32767.0 26.51632 27.336252 28.209686 29.603077 29.720026 29.438257 29.297077 29.269081 29.290163 29.357744 29.261017 29.291311 29.400225 29.5018 29.419336 29.15191 28.956722 28.494764 27.189411 27.138494 26.970076 26.991516 27.313 27.474844 28.135286 28.547121 28.67941 28.844147
26.155796 27.143314 27.537058 27.575935 27.808575 28.120867 27.93365 27.802776 27.826506 28.116247 28.521923 29.008211 29.100134 29.15286 29.08773 29.109592 29.168917 29.408813 29.538668 29.610521 29.638844 29.630795 29.599394 29.476128 29.332552 29.043018 28.717173 28.290064 28.219717 28.35375 29.39753 -32767.0 27.217358 28.192993 29.077642 29.43871 29.84918 29.720968 29.86374 29.636976 29.5564 29.445236 29.415789 29.478037 29.468977 29.536207 29.52954 29.44193 29.404081 29.265127 28.923372 28.286364 27.048574 26.87174 26.880392 27.270601 27.43082 28.178694 28.546299 28.828846 28.901733
26.481354 26.863422 26.953632 27.963408 28.482649 28.46153 28.210695 28.01772 28.007406 28.22149 28.612669 29.081974 29.178114 29.151474 29.200464 29.280354 29.319452 29.351917 29.37687 29.802904 29.829977 29.694006 29.59811 29.452671 29.107382 29.044624 29.00156 28.778694 28.368269 28.2093 -32767.0 28.195248 28.539932 28.8222 29.152475 29.476416 29.702028 29.71154 29.646078 29.62559 29.600681 29.666365 29.686731 29.678337 29.621523 29.459263 29.244658 29.14481 29.27923 29.267471 29.15625 28.916048 27.621984 26.873198 26.798254 27.12281 27.399363 28.240786 28.62569 29.01125 28.85445
26.30261 27.140495 27.680372 28.070648 28.26884 28.66542 28.659634 28.512915 28.571135 28.444723 28.629047 28.918375 29.108189 29.054783 29.111706 29.154232 29.41936 29.687916 29.952103 30.00641 29.928911 29.80069 29.755297 29.71089 29.549353 29.01951 28.826 28.809498 28.721937 28.373646 28.379467 28.47635 28.653044 28.980606 28.974031 29.313726 29.632322 29.579617 29.62991 29.525558 29.578953 29.538996 29.232265 29.166677 29.066048 28.967995 28.983215 29.063097 29.067173 29.097725 29.202084 29.001902 28.309788 27.101677 26.930374 27.237333 27.512669 28.371447 28.79124 29.009768 28.682535
27.807896 28.007828 28.267462 28.629877 28.615067 28.436213 28.657099 28.915245 28.99463 29.026688 28.951302 29.011425 29.097319 29.186207 29.22158 29.32526 29.590921 29.818357 30.075409 30.11647 29.917253 29.967573 30.024176 29.966969 29.83438 29.632355 29.00997 28.869528 -32767.0 28.665245 28.37771 -32767.0 28.928995 29.131704 29.320732 29.508461 29.648594 29.608242 29.634321 29.501991 29.517035 29.540287 29.340303 29.227247 29.083813 29.01247 28.955326 28.880201 28.772795 28.918797 28.978846 28.996912 28.700895 27.583405 27.215233 27.4752 27.669107 28.47811 29.026548 28.790434 28.611902
28.438322 28.632502 28.784634 28.784042 28.668238 28.63193 28.797697 28.920614 29.008675 29.236595 29.43811 29.464678 29.42691 29.23954 29.490753 29.51234 29.612976 29.922722 30.112988 30.199808 29.920916 30.121595 29.993683 29.959793 30.037716 29.808203 29.490665 28.968145 28.750517 -32767.0 29.154177 28.798306 29.324709 29.171001 29.597244 29.796366 29.684912 29.593874 29.652634 29.566868 29.443924 29.450653 29.344147 29.26431 29.20065 29.183966 29.047981 28.900698 28.767334 28.79195 28.872648 28.889595 29.057213 28.35328 27.706661 27.799267 27.841324 28.598978 29.172913 28.676437 28.662659
29.014997 29.255 29.178246 29.051884 29.078346 28.953428 28.857487 28.879673 29.063932 29.057518 29.071888 29.305326 29.512596 29.734346 29.750034 29.90925 30.000341 30.093607 30.178988 30.085602 29.580414 29.83059 29.697918 29.86026 29.91117 29.955204 29.782677 29.311163 28.863346 28.611267 28.675703 28.755747 29.183737 29.02262 29.25793 29.633106 29.620865 29.451145 29.658644 29.590921 29.481133 29.314789 29.269506 29.2227 29.157804 29.163286 29.021872 28.92133 28.867521 28.819374 28.836525 28.889301 29.066347 29.093336 28.557411 28.07206 28.064953 28.756239 29.085789 28.747171 28.651503
29.305431 29.454268 29.322052 29.150248 29.169575 29.098959 29.085419 28.820978 28.993782 29.184792 29.149273 29.422457 29.681921 29.959253 29.764708 29.96799 29.928644 29.906322 29.671677 29.576992 29.661974 29.692047 29.669996 29.860937 29.75453 29.94926 29.848127 29.508596 29.583124 28.735027 28.609997 28.891161 28.904835 28.79577 29.009348 29.38888 29.554287 29.430132 29.73303 29.62086 29.365086 29.273886 29.228247 29.173891 29.106443 29.030323 29.03699 28.976347 29.015606 28.960321 28.929796 28.91172 28.92283 29.053837 29.034618 28.826008 28.748434 29.05615 28.90514 28.804823 28.83399
29.557266 29.423815 29.37372 29.386028 29.409317 29.323107 29.301859 29.504662 29.459564 29.287045 29.2524 29.361847 29.581581 29.545809 29.364548 29.448235 29.516369 29.589846 29.677189 29.762524 29.752672 29.566505 29.944515 29.897795 29.757494 29.856762 29.799671 29.49523 29.4316 29.280014 28.63443 28.492762 28.692633 29.225025 29.38016 29.528679 29.536922 29.423351 29.552378 29.629961 29.407705 29.327929 29.25733 29.166002 29.12938 29.106356 28.864796 28.909966 29.005314 28.907297 28.873484 29.133558 29.200851 28.933804 29.240541 29.21727 29.359 29.44817 28.938314 28.970863 29.052113
29.62312 29.470156 29.280247 29.734417 29.407192 29.320274 29.331509 29.345318 29.453907 29.497824 29.565102 29.787836 29.78648 29.58682 29.435501 29.371109 29.445766 29.600851 29.91364 29.80725 29.550045 29.509233 29.908606 29.959707 29.909454 29.812695 29.800995 29.752151 29.614042 29.362396 29.068853 29.086658 29.36891 29.54982 29.581583 29.650875 29.520483 29.413744 29.507267 29.646935 29.448343 29.395424 29.31646 29.348673 29.301992 29.156206 29.041674 29.065113 29.220753 29.204466 29.096615 29.113401 29.177881 29.063644 29.36845 29.35537 29.170095 29.496239 29.22017 29.065111 29.09097
29.727848 29.590685 29.381474 29.060925 29.075607 29.074532 29.297617 29.438694 29.547329 29.627338 29.914257 30.170305 29.92237 29.805365 29.596268 29.50617 29.904018 29.823862 29.674095 29.465696 29.42638 29.696815 29.78275 29.822273 29.856258 29.842312 29.63768 29.606632 29.492977 29.402714 29.416327 29.46444 29.546158 29.49491 29.604765 29.512873 29.43184 29.446827 29.557322 29.560047 29.47349 29.385565 29.389107 29.399403 29.3863 29.279646 29.23547 29.294783 29.16984 29.299532 29.410616 29.309086 29.257961 29.174417 29.321577 29.25078 29.440317 29.61472 29.612728 29.261381 28.961578
29.666342 29.856405 29.565525 29.43311 29.308708 29.142267 29.290434 29.382786 29.511515 29.5561 30.033224 30.149202 30.081825 29.957037 29.961538 30.10598 29.858322 29.838324 29.634836 29.536476 29.446653 29.763395 29.24172 29.344948 29.266857 29.1377 29.220644 29.191828 29.16927 29.153921 29.18497 29.301342 29.5039 29.57882 29.50336 29.471258 29.427977 29.428274 29.553356 29.588932 29.56399 29.497595 29.47066 29.359596 29.336773 29.54499 29.41986 29.444769 29.286228 29.187168 29.237389 29.270144 29.281527 29.369574 29.305914 29.48665 29.62111 29.458939 29.543118 29.499763 29.455605
29.768774 29.942526 29.911627 29.502335 29.5273 29.292776 29.271748 29.633333 29.55575 29.775774 29.903492 29.990963 30.077745 30.017256 30.192858 30.046722 29.943754 29.72946 29.637753 29.50709 29.82261 29.218735 29.686024 29.252506 29.171555 29.182383 29.085642 29.013927 29.201727 29.229523 29.23428 29.391228 29.52722 29.475851 29.312895 29.233015 29.204073 29.268064 29.49485 29.630747 29.61805 29.51699 29.466202 29.549404 29.55847 29.597553 29.580162 29.49544 29.444464 29.265799 29.28142 29.358278 29.389767 29.367647 29.533045 29.697779 29.573387 29.612028 29.557508 29.543533 29.477829
30.147896 30.070856 29.760565 29.534138 29.270538 29.310953 29.780157 29.824327 29.594074 29.888971 30.010017 29.996332 29.92358 30.23264 30.117027 29.82783 29.778465 29.67501 29.676252 29.596828 29.916454 29.32861 29.55026 29.385387 -32767.0 28.968561 29.015522 28.931475 29.083782 29.294819 29.365108 29.167198 29.08075 29.067812 29.049063 29.06181 29.144318 29.193327 29.360846 29.59898 29.613283 29.57699 29.528341 29.651148 29.661982 29.559187 29.570051 29.612738 29.576702 29.407598 29.588705 29.59266 29.605076 29.59151 29.681202 29.737825 29.704353 29.752329 29.695364 29.759457 29.70581
30.078896 30.062698 29.948914 29.510466 29.462204 29.61703 29.658747 29.371202 29.893904 30.032875 30.101923 29.988892 30.278376 30.256973 30.07315 29.78854 29.673706 29.805065 29.77002 29.755281 29.964205 29.249401 29.113525 28.934149 28.849163 29.02133 29.091265 29.13016 29.396938 29.324709 28.99209 29.022041 29.143064 29.199013 29.180763 29.17422 29.203192 29.242283 29.321077 29.519882 29.612844 29.59963 29.653748 29.736416 29.553482 29.571342 29.694502 29.545174 29.47797 29.54886 29.724009 29.844923 29.650246 29.706392 29.84786 29.826048 29.897417 30.067438 29.93869 29.942099 29.95164
29.978642 30.042286 29.926352 29.513859 29.491465 29.762928 29.667997 29.765347 30.01629 29.909271 29.973099 30.093971 30.316479 30.123087 30.031157 29.85843 29.712877 29.799185 29.881199 29.881413 29.830242 29.494564 29.273462 -32767.0 29.171024 29.167551 29.193422 29.339268 29.498442 29.082127 29.145323 29.217907 29.392971 29.36412 29.274342 29.219526 29.22857 29.266373 29.37876 29.500988 29.60665 29.685322 29.82177 29.666086 29.657454 29.818865 29.904543 29.987133 29.949333 29.734644 29.775505 29.792572 29.668095 29.67467 29.968702 30.092855 30.140068 30.181835 30.380787 30.248627 29.801138
29.965155 29.962622 29.757341 29.356903 29.561869 29.875437 29.93482 30.070929 29.921844 29.839125 29.98842 30.10599 30.15773 30.197828 30.111717 29.886112 29.830748 29.985435 29.969585 29.929056 29.824858 29.709982 29.436733 29.25706 29.295015 29.457582 29.342445 29.565182 29.473227 29.197695 29.336369 29.50273 29.421988 29.421377 29.382088 29.295118 29.301855 29.308083 29.43037 29.55763 29.652525 29.77071 29.847965 29.675978 29.87402 29.959824 30.149965 30.226252 30.23676 30.119846 29.998386 29.882994 29.831427 29.961626 30.0388 30.373135 30.376778 30.356499 30.197002 30.203447 30.089602
30.088966 30.005669 29.949999 29.89626 29.860695 29.886112 29.98181 30.026018 30.034155 29.969397 30.1014 30.318254 30.281736 30.222225 30.05434 29.847761 29.85121 30.024467 30.076605 29.903696 29.563215 29.28785 29.476551 29.399448 29.731707 29.707077 29.541662 29.769361 29.47027 29.371807 29.56434 29.632298 29.619251 29.55537 29.465227 29.458118 29.395739 29.449837 29.576283 29.688799 29.857481 29.951601 29.7935 30.002764 29.976292 30.146057 30.223928 30.273954 30.320875 30.319563 30.107542 30.106499 30.171448 30.42658 30.511753 30.554968 30.453661 30.43995 30.46861 30.359798 30.225183
29.850212 30.054213 30.183872 30.078045 30.077295 30.13269 30.159376 30.248732 30.270401 30.2967 30.294075 30.235449 30.202343 30.154497 29.992956 30.002575 29.941011 30.042717 29.95278 29.802502 29.365755 29.11305 29.423151 29.724934 29.834208 29.875889 29.853899 29.891428 29.59686 29.582619 29.807596 29.764557 29.79936 29.68793 29.628098 29.54927 29.511124 29.708971 29.804123 29.947569 30.047216 29.910381 30.075825 30.075151 30.250717 30.320116 30.323948 30.39607 30.434269 30.458101 30.336178 30.461876 30.362532 30.4582 30.51169 30.5535 30.506958 30.53141 30.487839 30.25803 30.23755
29.623646 29.693815 29.92818 30.007492 29.825731 29.604435 29.718588 30.004898 30.093431 30.247286 30.2746 30.077345 30.128809 30.216827 30.047308 29.968565 29.980505 30.028065 29.925117 30.287767 -32767.0 29.3843 29.719774 29.913265 29.884844 30.027348 29.969202 29.968126 29.850658 29.78898 30.04003 29.973562 30.00823 29.967577 29.86929 29.835564 29.865797 29.964016 30.096579 30.19849 30.085962 30.266712 30.165115 30.233452 30.346304 30.476454 30.526804 30.607702 30.667055 30.740225 30.603731 30.575893 30.372766 30.509264 30.439665 30.55788 30.565071 30.491919 30.450901 30.33609 30.253418
