static/data/thetao/2023/7/12/0.asc
ncols 137
nrows 93
xllcorner 108.0
yllcorner 17.0
cellsize 0.25
NODATA_value -32767
[rows 27 to 53 of 93, columns 61 to 121 of 137]
25.602036 25.368834 25.282679 25.269238 25.345716 25.563496 25.656427 25.594437 25.54656 25.566057 25.550167 25.54112 -32767.0 -32767.0 24.038298 24.607044 25.118877 26.152266 26.329496 26.599188 26.647825 26.526018 26.239948 25.90684 25.62504 -32767.0 -32767.0 -32767.0 -32767.0 -32767.0 -32767.0 -32767.0 -32767.0 -32767.0 25.722256 25.417908 25.2899 -32767.0 -32767.0 -32767.0 26.020554 25.461514 25.437313 25.506031 25.456104 26.253744 26.585981 25.84405 25.763132 24.76253 25.383215 26.292482 26.631418 26.745443 26.839624 26.853464 26.832182 26.752775 27.009716 27.367735 27.494837
25.657475 25.595457 25.572798 25.46975 25.410925 25.5365 25.667595 25.700745 25.736546 25.455545 25.232471 25.492325 25.7947 26.00838 26.071466 26.15188 26.257267 26.310059 26.464767 26.748549 26.758766 26.558388 26.12524 -32767.0 25.529177 25.811056 -32767.0 -32767.0 27.34838 -32767.0 -32767.0 -32767.0 -32767.0 -32767.0 -32767.0 25.475533 25.214031 -32767.0 -32767.0 25.39976 25.754019 26.287663 26.107077 25.431196 26.185028 26.52868 26.476952 26.059639 25.669209 25.44565 26.142555 26.579185 26.579046 26.579405 26.665543 26.733963 26.776478 26.726011 26.874813 27.349012 27.579628
25.851103 25.692432 25.774212 25.718029 25.731468 25.907074 25.81391 25.76347 25.689825 25.556614 25.366663 25.41382 25.740147 26.033094 26.24325 26.407532 26.48466 26.563349 26.678139 26.842342 26.960913 26.320646 -32767.0 24.79779 25.281683 25.65696 26.167217 26.184473 -32767.0 26.703379 -32767.0 -32767.0 -32767.0 -32767.0 -32767.0 24.8235 25.040426 24.98098 24.747633 24.806318 25.818394 26.539711 26.609762 26.215862 26.550013 26.64705 26.62854 26.43465 25.507973 26.036308 26.339615 26.321442 26.339321 26.469276 26.525148 26.610247 26.70986 26.664942 26.858349 27.405172 27.66597
26.269983 25.783876 25.517359 25.733088 25.699213 25.730778 25.706514 25.62042 25.519741 25.479065 25.202822 25.515724 25.841616 26.128963 26.2487 26.446629 26.337408 26.522278 26.867226 27.118826 27.20059 26.856829 26.001453 25.692575 26.050352 25.531996 25.860195 26.064037 26.069378 27.154465 -32767.0 -32767.0 -32767.0 -32767.0 25.612722 26.07153 26.485424 26.349113 25.862305 25.514635 26.14934 26.544605 26.698883 26.814997 26.812279 26.7745 26.620659 26.737589 26.632069 25.677046 26.001497 25.82835 25.774927 26.28359 26.5092 26.612417 26.707756 26.67849 27.095327 27.624372 27.744751
26.35296 25.94323 25.97947 25.789896 25.706322 25.429262 25.371456 25.320677 25.316483 25.342607 25.13002 25.511438 25.819052 25.991127 26.092083 26.18991 26.563293 27.077333 27.409912 27.435684 27.449171 27.327406 27.089445 26.82646 26.735994 26.383623 26.028944 26.478497 26.03575 26.624653 -32767.0 -32767.0 -32767.0 -32767.0 26.381102 26.966112 26.635353 26.263252 26.081816 26.130001 26.407825 26.698189 26.716114 26.65794 26.807457 27.196966 27.359037 26.778793 26.591074 26.72373 26.181307 25.92133 25.894508 26.444551 26.620796 26.694788 26.805107 26.806456 27.389635 27.769196 27.779797
26.523365 26.323812 26.310349 26.439112 25.99132 25.505598 25.424646 24.992846 24.98775 25.184517 25.138891 25.31533 25.778997 26.037289 26.127117 26.35851 26.877026 27.243595 27.01833 26.83917 26.881472 27.045341 27.185375 27.314138 27.2937 26.853247 26.321272 26.469034 -32767.0 -32767.0 -32767.0 -32767.0 -32767.0 25.841938 26.94442 26.787321 26.462976 26.31452 26.431307 26.513912 26.59766 26.693539 26.941933 27.271303 27.716917 27.810278 27.876198 28.037903 27.278816 27.038528 26.791767 26.12074 25.922495 26.544386 26.723719 26.730186 26.824383 27.130154 27.590212 27.815317 27.769405
26.57447 26.836233 26.731707 26.637798 26.572243 26.32712 25.975824 25.740686 25.34955 25.342253 25.35753 25.24918 25.53097 25.955006 26.268244 26.463375 26.479107 26.438242 26.387907 26.724358 27.466642 27.755177 27.60686 27.277 27.118868 27.191685 26.43589 26.475609 -32767.0 -32767.0 -32767.0 -32767.0 -32767.0 24.988705 26.16729 25.869965 26.397945 27.785172 28.288147 28.322163 28.312113 28.041733 27.72719 27.945118 28.104792 28.414276 28.435345 28.363409 27.847189 27.911493 26.979431 26.410915 25.966105 26.653677 26.803759 26.780676 26.920172 27.298288 27.693113 27.835152 27.762018
26.521524 26.99216 26.912836 27.008648 26.926289 26.79944 26.606993 26.491892 26.17777 25.696846 25.674446 25.77414 25.906023 26.224466 26.40772 26.586853 26.757336 26.539564 26.60232 27.101301 27.657675 27.987286 27.884596 27.674843 27.191484 27.268105 26.597296 26.40451 26.90581 -32767.0 26.932268 -32767.0 -32767.0 24.920156 25.307331 27.102959 28.18991 28.498224 28.716463 28.588799 28.311125 28.251945 28.26946 28.366034 28.353348 28.190968 28.36415 28.279501 28.236872 28.021955 27.343847 26.600714 26.079605 26.735233 26.740643 26.856281 27.092907 27.464375 27.837244 27.870108 27.765589
26.63384 26.858492 26.927343 26.959589 27.111189 27.09913 26.821669 26.636969 26.431257 26.246887 26.174961 26.201721 26.14544 26.346565 26.688183 26.873018 26.688532 26.587276 27.105717 27.429712 27.91465 27.9837 27.7925 27.453547 27.215843 27.257994 26.805458 26.729616 26.83051 26.850737 27.15922 -32767.0 25.686464 26.987926 28.846891 28.165085 28.606604 28.450005 28.369635 28.434933 28.392818 28.351213 28.379616 28.183455 28.223896 28.185734 28.572273 28.610214 28.2757 27.726982 27.572077 26.690506 26.195127 26.54867 26.651655 26.957996 27.260366 27.597948 27.938326 27.916956 27.797403
25.592297 26.361544 26.808052 26.790709 27.18991 27.171642 26.968813 26.915747 26.976027 26.895187 26.597599 26.624304 26.80329 26.60521 26.731169 26.714716 26.659355 26.95193 27.324993 27.502148 27.711697 27.89224 27.550737 27.284542 27.1887 27.347687 27.22516 27.209743 27.179756 27.274069 -32767.0 27.96306 28.315117 28.053432 27.946238 28.724981 28.69174 28.477757 28.326853 28.306826 28.38094 28.1199 28.06045 28.216934 28.232344 28.385048 28.264124 28.351845 28.15335 27.784994 27.750954 26.745945 26.331068 26.524475 26.844488 27.05777 27.389639 27.724106 27.98938 27.94698 27.802778
24.69404 25.996866 26.803698 26.571156 26.72935 26.855148 27.065056 27.206512 27.24351 26.932411 26.505133 26.682924 27.021046 26.975683 26.721546 26.83992 26.910599 27.061335 27.438564 27.659935 27.80755 27.793398 27.910515 27.323198 27.363445 27.289183 27.353664 27.462372 27.64961 27.746014 27.966248 28.305029 27.45514 28.537737 28.433603 28.58648 28.639448 28.458542 28.372463 28.434742 28.106945 28.048773 28.053905 27.620956 27.64702 27.68666 28.387815 28.301565 28.151772 27.96415 27.818304 26.803846 26.506899 26.718506 26.982409 27.171864 27.529312 27.870958 28.014608 27.965036 27.794855
25.346165 26.152874 26.508238 26.953485 27.002518 27.079302 27.312696 27.321241 27.287477 27.403757 27.130653 26.682789 26.747402 26.778406 26.815634 26.902378 27.015327 27.378296 27.851849 28.030464 28.180525 28.267405 28.098856 27.855621 27.248411 27.259027 27.625406 27.690247 -32767.0 27.993454 28.393469 -32767.0 28.160467 28.692423 28.76873 28.677534 28.811953 28.47718 28.2983 28.389444 28.019255 28.122732 27.841034 27.63534 27.904242 27.835815 28.119226 28.217869 28.220375 28.028177 27.83214 26.914473 26.69328 26.95027 27.155552 27.357403 27.588905 27.979465 28.048143 27.987663 27.842625
25.347878 26.173155 26.701534 27.043522 26.992378 26.508244 26.521067 27.084095 27.489868 27.608442 27.736849 27.442698 27.328644 27.39378 27.648384 27.523731 27.638258 27.93922 28.076242 28.336246 28.632826 28.78168 28.668549 28.335392 27.768908 27.246332 27.591291 27.988262 28.061272 -32767.0 28.101965 28.410585 28.475258 28.858135 28.864431 28.806795 28.827795 28.473906 28.27087 28.344984 28.095272 28.111725 27.970245 27.79402 27.969435 27.874746 27.816198 28.140556 27.8568 28.24434 28.09887 27.09399 26.933872 27.070395 27.236536 27.550228 27.822899 28.087671 28.114388 27.99531 27.847252
26.751684 26.791695 26.885265 26.96763 26.934088 26.786436 27.336409 26.912966 27.265108 27.475012 27.76835 27.910686 27.993248 28.191984 28.178259 28.044266 28.074745 28.118887 28.508934 28.791113 28.828789 28.920574 28.775507 28.664001 28.351292 27.712547 27.666138 28.034245 27.991072 28.128471 28.21985 28.345402 28.645868 28.825132 28.869362 28.828646 28.901348 28.57084 28.348452 28.432259 28.223063 28.203 28.115555 27.96061 28.077145 27.968874 27.853327 27.789988 27.895733 28.073727 28.43002 27.283514 27.152512 27.247318 27.46503 27.755667 28.064968 28.14011 28.148249 27.904625 27.728674
25.855377 25.330462 25.73084 26.337774 26.850883 27.480484 27.650867 27.77692 27.973133 28.117632 28.103512 28.048605 28.08898 28.195072 28.244232 28.259449 28.19608 28.570095 28.838388 28.987026 29.08464 29.028505 28.869682 28.738695 28.678925 28.457376 28.22239 27.930735 27.965397 28.07261 28.281036 28.84058 28.89829 28.943296 29.033264 29.057474 29.036203 28.725882 28.558014 28.620245 28.588781 28.33164 28.178461 28.267086 28.184172 28.117788 28.129631 28.033604 27.744822 27.640692 28.314236 27.581095 27.261055 27.461245 27.894197 28.009401 28.225044 28.232767 27.889679 27.781923 27.746523
24.941229 24.9256 25.920954 26.466507 27.11779 27.758999 27.869968 27.964462 28.023485 28.211481 28.31085 28.42145 28.35228 28.307243 28.336132 28.331106 28.656437 28.794485 29.005213 29.194994 29.146538 29.04931 28.942677 28.939224 28.886965 28.749716 28.710127 28.679226 28.61179 28.718142 28.758062 28.945612 29.034073 28.97159 28.961935 29.056765 28.989988 28.810028 28.750216 28.726124 28.711592 28.533897 28.258343 28.31924 28.456856 28.309675 28.199545 28.294844 28.594145 28.235134 27.98863 28.092363 27.724762 28.05605 28.14714 28.31641 28.26025 28.074112 27.94314 27.656359 27.55156
24.63851 25.142996 25.442408 26.77801 27.662474 27.95044 28.183083 28.32574 28.329706 28.37712 28.473818 28.525326 28.436625 28.411188 28.439333 28.762161 28.751945 28.829384 29.219559 29.268614 29.082205 29.040255 29.055983 29.01401 29.001564 28.988005 28.874695 28.88041 28.935987 29.03969 29.080116 29.119305 29.172577 29.02479 29.125504 29.103855 28.981306 28.850897 28.785004 28.771482 28.731596 28.68036 28.551584 28.385748 28.371286 28.586836 28.552809 28.349274 28.313719 28.442778 28.38838 28.391981 28.276323 28.37676 28.35611 28.290106 28.341827 28.09311 27.805567 27.702 27.74365
25.907999 25.95148 26.229927 26.278664 27.558298 27.804897 28.415379 28.765627 28.595552 28.559368 28.500063 28.52413 28.53883 28.526575 28.925024 28.851746 28.769207 28.99682 29.264296 29.29118 29.094345 28.92373 29.067278 29.173353 29.156544 29.053953 29.020689 29.060232 29.124578 29.201252 29.17922 29.079542 29.176702 29.135485 29.025742 28.89892 28.828728 28.869843 28.873566 28.843594 28.833538 28.754784 28.722254 28.58718 28.555582 28.64656 28.73914 28.715025 28.594435 28.428473 28.405268 28.398596 28.452112 28.452911 28.378706 28.450409 28.2461 28.236206 27.96756 27.963451 27.877468
27.00873 25.669317 26.941467 27.799269 28.534 28.916237 28.882149 28.85168 28.704525 28.624147 28.565308 28.543816 28.558558 28.743044 28.797918 28.678 28.804148 29.09146 29.300749 29.298088 29.086178 28.808937 28.934874 29.002491 29.0324 29.135971 29.249699 29.174572 29.114275 29.123375 29.29193 29.134466 28.826681 28.812712 28.916061 28.937304 28.9101 28.86406 28.812817 28.77047 28.87048 28.814123 28.742891 28.679571 28.599245 28.654116 28.790337 28.681433 28.698847 28.706665 28.698828 28.665176 28.572498 28.50224 28.523531 28.547604 28.38052 28.158592 28.032877 28.018063 28.089342
28.254158 28.434752 27.12597 27.540794 28.320673 28.831696 28.825224 28.81429 28.65189 28.611822 28.603203 28.426247 28.576212 28.676426 28.66384 28.731579 29.026371 29.238113 29.347324 29.273376 29.09312 28.779411 28.858953 29.126411 29.189262 29.317665 28.960978 29.000721 28.848307 28.497068 28.565592 28.827593 29.043793 28.986427 28.93584 28.912449 28.875092 28.861034 28.837343 28.770393 28.771511 28.806784 28.71388 28.753363 28.629816 28.628242 28.612406 28.50481 28.555473 28.538694 28.58514 28.644636 28.595427 28.589407 28.54064 28.453691 28.440287 28.40626 28.374065 28.291185 28.310295
27.632736 28.279394 28.18912 27.932238 28.12648 28.800592 28.944317 28.95926 28.822313 28.664587 28.631096 28.544525 28.622307 28.702282 28.886833 29.188717 29.274683 29.299276 29.386398 29.172174 29.021297 28.836622 28.670977 28.432858 -32767.0 28.476545 28.899206 28.771082 28.56745 28.57997 28.85265 28.980263 29.076262 28.881308 28.76546 28.724365 28.68384 28.66762 28.697626 28.684723 28.666998 28.720144 28.660587 28.74937 28.713533 28.652628 28.554342 28.545149 28.555254 28.616213 28.625296 28.666508 28.699688 28.613102 28.708466 28.519268 28.356972 28.538706 28.603277 28.609678 28.678097
28.276506 28.55752 28.263159 27.955511 28.348013 28.817297 29.052654 28.946604 28.958202 28.91893 28.913729 28.951836 29.077679 29.04074 29.286633 29.464733 29.373386 29.415077 29.25707 29.08055 29.03751 29.03581 28.660145 28.530113 28.163542 28.84929 28.596792 28.439922 28.631777 28.909206 29.002186 29.12295 28.84331 28.796862 28.669985 28.588148 28.556883 28.572805 28.544542 28.60003 28.615398 28.680946 28.71405 28.825464 28.763485 28.517069 28.547935 28.641966 28.720596 28.773518 28.76442 28.705734 28.58838 28.735052 28.789185 28.540564 28.35332 28.377544 28.516743 28.676043 28.740446
29.031605 28.906399 28.491512 28.116707 28.736202 29.019682 29.090277 28.916094 28.872976 28.921736 29.033463 29.052555 29.145533 29.342628 29.507818 29.4805 29.471424 29.270432 29.04094 29.04188 29.18824 29.107065 28.776419 -32767.0 28.725018 28.482935 28.507456 28.749447 28.896227 29.035591 29.117756 28.836056 28.829966 28.72274 28.406961 28.503607 28.446856 28.513105 28.520344 28.551914 28.611937 28.683363 28.861677 28.825066 28.572914 28.561853 28.495905 28.636318 28.861973 29.026777 29.057667 29.119118 29.189785 29.213095 28.914967 28.505415 28.662704 28.539385 28.525309 28.53459 28.647547
29.050331 28.813934 29.011478 29.299402 29.2014 29.184727 29.040497 28.965206 29.018831 29.059698 29.017492 29.277687 29.371162 29.566313 29.719124 29.54562 29.303988 29.088926 29.014921 29.166224 28.957758 28.83616 28.659153 28.580067 28.420021 28.66623 28.76347 28.920273 29.017223 29.124262 28.901163 28.906237 28.820745 28.350203 28.330906 28.351555 28.447647 28.494896 28.463428 28.506062 28.695885 28.72965 28.867258 28.649567 28.598976 28.437 28.974215 29.039791 29.103569 29.110495 29.142275 29.129606 29.131897 29.214561 28.918777 28.636923 28.652452 28.602396 28.705736 28.421658 28.7243
29.049171 29.201994 29.377806 29.344913 29.259605 29.202772 28.971205 28.987764 29.041887 29.012104 29.2209 29.281536 29.564367 29.748526 29.76707 29.533035 29.16846 29.011549 29.050617 29.28517 29.079592 28.890358 28.663736 28.486359 28.685589 28.7734 28.94672 29.029099 29.1049 29.099657 28.880953 28.903856 28.667881 28.350586 28.376677 28.355875 28.42448 28.423738 28.46811 28.639446 28.665295 28.798164 28.692738 28.585154 28.638332 29.053707 29.166664 29.29048 29.199877 29.386831 29.543554 29.367373 29.139706 28.96428 28.556934 28.979916 28.963161 28.540552 28.824358 28.772274 28.59513
29.272196 29.464836 29.442362 29.429705 29.380747 29.189644 28.975086 29.012573 29.06536 28.948841 29.169899 29.469095 29.817486 29.9015 29.834438 29.379923 29.107647 29.052439 29.102497 28.638847 29.064245 28.980766 28.71966 28.657616 28.85739 28.851387 29.057043 29.14298 29.198357 29.06757 28.943186 28.866405 28.538877 28.468494 28.47097 28.428312 28.434639 28.492123 28.62613 28.69321 28.738808 28.67585 28.497429 28.72509 29.058077 29.233397 29.418285 29.211248 29.343636 29.823843 29.846298 29.8291 29.237114 28.765474 28.72354 28.707115 28.965498 29.087063 28.95749 29.1657 29.364233
29.213963 29.366173 29.366205 29.416418 29.407057 29.36211 29.194395 29.058624 29.145205 29.318396 29.516045 29.868351 30.08697 29.96973 29.797792 29.205864 29.096828 29.102695 29.082657 29.540564 -32767.0 28.856272 28.774326 28.745853 28.898884 28.977823 29.12359 29.262623 29.261637 29.069681 28.972519 28.816874 28.522156 28.563892 28.636036 28.618418 28.628494 28.63651 28.663872 28.622238 28.602934 28.459427 28.716318 29.08284 29.141994 29.205086 29.37576 29.062208 29.589834 29.72919 29.745892 29.781311 29.611845 28.762838 28.693752 28.787184 29.03525 29.177704 29.30249 29.105066 29.178724
