static/data/thetao/2023/7/12/18.asc
ncols 137
nrows 93
xllcorner 108.0
yllcorner 17.0
cellsize 0.25
NODATA_value -32767
[rows 54 to 80 of 93, columns 0 to 60 of 137]
-32767.0 -32767.0 -32767.0 -32767.0 -32767.0 -32767.0 -32767.0 -32767.0 -32767.0 -32767.0 -32767.0 -32767.0 -32767.0 -32767.0 -32767.0 -32767.0 -32767.0 -32767.0 -32767.0 -32767.0 -32767.0 -32767.0 -32767.0 -32767.0 -32767.0 -32767.0 -32767.0 -32767.0 -32767.0 -32767.0 -32767.0 -32767.0 -32767.0 -32767.0 -32767.0 -32767.0 -32767.0 -32767.0 -32767.0 -32767.0 -32767.0 -32767.0 -32767.0 -32767.0 -32767.0 -32767.0 -32767.0 -32767.0 26.096685 25.429693 26.012674 27.268974 28.222923 28.608614 28.872116 29.417797 29.475628 29.322802 29.32336 29.347612 29.419134
-32767.0 -32767.0 -32767.0 -32767.0 -32767.0 -32767.0 -32767.0 -32767.0 -32767.0 -32767.0 -32767.0 -32767.0 -32767.0 -32767.0 -32767.0 -32767.0 -32767.0 -32767.0 -32767.0 -32767.0 -32767.0 -32767.0 -32767.0 -32767.0 -32767.0 -32767.0 -32767.0 -32767.0 -32767.0 -32767.0 -32767.0 -32767.0 -32767.0 -32767.0 -32767.0 -32767.0 -32767.0 -32767.0 -32767.0 -32767.0 -32767.0 -32767.0 -32767.0 -32767.0 -32767.0 -32767.0 -32767.0 30.715336 -32767.0 27.096603 26.519535 27.846893 28.590677 29.18019 29.711903 29.620478 29.387043 29.191273 29.216934 29.379618 29.542597
-32767.0 -32767.0 -32767.0 -32767.0 -32767.0 -32767.0 -32767.0 -32767.0 -32767.0 -32767.0 -32767.0 -32767.0 -32767.0 -32767.0 -32767.0 -32767.0 -32767.0 -32767.0 -32767.0 -32767.0 -32767.0 -32767.0 -32767.0 -32767.0 -32767.0 -32767.0 -32767.0 -32767.0 -32767.0 -32767.0 -32767.0 -32767.0 -32767.0 -32767.0 -32767.0 -32767.0 -32767.0 -32767.0 -32767.0 -32767.0 -32767.0 -32767.0 -32767.0 -32767.0 -32767.0 -32767.0 -32767.0 30.332283 26.995811 26.382269 26.292658 28.682701 28.925661 29.474545 29.90496 28.964005 28.863392 28.64285 28.89559 29.040016 29.167204
-32767.0 -32767.0 -32767.0 -32767.0 -32767.0 -32767.0 -32767.0 -32767.0 -32767.0 -32767.0 -32767.0 -32767.0 -32767.0 -32767.0 -32767.0 -32767.0 -32767.0 -32767.0 -32767.0 -32767.0 -32767.0 -32767.0 -32767.0 -32767.0 -32767.0 -32767.0 -32767.0 -32767.0 -32767.0 -32767.0 -32767.0 -32767.0 -32767.0 -32767.0 -32767.0 -32767.0 -32767.0 -32767.0 -32767.0 -32767.0 -32767.0 -32767.0 -32767.0 -32767.0 -32767.0 -32767.0 -32767.0 28.295038 25.967745 26.938448 26.63898 28.1933 29.383121 29.63546 29.981142 28.786633 28.281904 29.121456 29.071085 29.11862 29.170298
-32767.0 -32767.0 -32767.0 -32767.0 -32767.0 -32767.0 -32767.0 -32767.0 -32767.0 -32767.0 -32767.0 -32767.0 -32767.0 -32767.0 -32767.0 -32767.0 -32767.0 -32767.0 -32767.0 -32767.0 -32767.0 -32767.0 -32767.0 -32767.0 -32767.0 -32767.0 -32767.0 -32767.0 -32767.0 -32767.0 -32767.0 -32767.0 -32767.0 -32767.0 -32767.0 -32767.0 -32767.0 -32767.0 -32767.0 -32767.0 -32767.0 -32767.0 -32767.0 -32767.0 -32767.0 31.12374 -32767.0 28.583876 26.701046 27.060623 27.246752 27.507658 28.83959 29.356577 30.37319 30.037857 29.062817 29.512102 29.312954 29.302898 29.28078
-32767.0 -32767.0 -32767.0 -32767.0 -32767.0 -32767.0 -32767.0 -32767.0 -32767.0 -32767.0 -32767.0 -32767.0 -32767.0 -32767.0 -32767.0 -32767.0 -32767.0 -32767.0 -32767.0 -32767.0 -32767.0 -32767.0 -32767.0 -32767.0 -32767.0 -32767.0 -32767.0 -32767.0 -32767.0 -32767.0 -32767.0 -32767.0 -32767.0 -32767.0 -32767.0 -32767.0 -32767.0 -32767.0 -32767.0 -32767.0 -32767.0 -32767.0 -32767.0 -32767.0 -32767.0 -32767.0 27.951172 26.121912 26.953735 27.567684 28.405457 28.298761 29.50048 29.58158 29.748085 29.805325 29.856121 29.711555 29.20721 29.42537 29.31574
-32767.0 -32767.0 -32767.0 -32767.0 -32767.0 -32767.0 -32767.0 -32767.0 -32767.0 -32767.0 -32767.0 -32767.0 -32767.0 -32767.0 -32767.0 -32767.0 -32767.0 -32767.0 -32767.0 -32767.0 -32767.0 -32767.0 -32767.0 -32767.0 -32767.0 -32767.0 -32767.0 -32767.0 -32767.0 -32767.0 -32767.0 -32767.0 -32767.0 -32767.0 -32767.0 -32767.0 -32767.0 -32767.0 -32767.0 -32767.0 -32767.0 -32767.0 -32767.0 -32767.0 29.140997 26.235828 26.607578 26.70202 28.416725 28.506405 29.84273 29.608452 -32767.0 -32767.0 -32767.0 -32767.0 30.11024 29.468887 29.416832 29.493906 29.394718
-32767.0 -32767.0 -32767.0 -32767.0 -32767.0 -32767.0 -32767.0 -32767.0 -32767.0 -32767.0 -32767.0 -32767.0 -32767.0 -32767.0 -32767.0 -32767.0 -32767.0 -32767.0 -32767.0 -32767.0 -32767.0 -32767.0 -32767.0 -32767.0 -32767.0 -32767.0 -32767.0 -32767.0 -32767.0 -32767.0 -32767.0 -32767.0 -32767.0 -32767.0 -32767.0 -32767.0 -32767.0 -32767.0 -32767.0 -32767.0 -32767.0 -32767.0 -32767.0 26.50334 25.161625 26.927813 27.236486 27.615791 29.354084 29.198483 29.86867 29.71005 -32767.0 -32767.0 -32767.0 -32767.0 29.85779 28.957838 29.743216 29.66251 29.405281
-32767.0 -32767.0 -32767.0 -32767.0 -32767.0 -32767.0 -32767.0 -32767.0 -32767.0 -32767.0 -32767.0 -32767.0 -32767.0 -32767.0 -32767.0 -32767.0 -32767.0 -32767.0 -32767.0 -32767.0 -32767.0 -32767.0 -32767.0 -32767.0 -32767.0 -32767.0 -32767.0 -32767.0 -32767.0 -32767.0 -32767.0 -32767.0 -32767.0 -32767.0 -32767.0 -32767.0 -32767.0 -32767.0 -32767.0 -32767.0 -32767.0 29.83569 29.879837 27.45782 27.535631 27.782118 29.129133 29.450275 29.336777 29.43664 30.050295 -32767.0 -32767.0 -32767.0 -32767.0 -32767.0 28.517563 29.477829 29.888128 29.697182 29.38155
-32767.0 -32767.0 -32767.0 -32767.0 -32767.0 -32767.0 -32767.0 -32767.0 -32767.0 -32767.0 -32767.0 -32767.0 -32767.0 -32767.0 -32767.0 -32767.0 -32767.0 -32767.0 -32767.0 -32767.0 -32767.0 -32767.0 -32767.0 -32767.0 -32767.0 -32767.0 -32767.0 -32767.0 -32767.0 -32767.0 -32767.0 -32767.0 -32767.0 -32767.0 -32767.0 -32767.0 -32767.0 -32767.0 -32767.0 -32767.0 -32767.0 27.300787 27.467491 26.913265 27.280954 29.423466 29.493282 29.614624 29.09056 30.712002 31.25434 -32767.0 -32767.0 -32767.0 -32767.0 28.92132 29.180136 30.073786 30.00036 29.732126 29.578497
-32767.0 -32767.0 -32767.0 -32767.0 -32767.0 -32767.0 -32767.0 -32767.0 -32767.0 -32767.0 -32767.0 -32767.0 -32767.0 -32767.0 -32767.0 -32767.0 -32767.0 -32767.0 -32767.0 -32767.0 -32767.0 -32767.0 -32767.0 -32767.0 -32767.0 -32767.0 -32767.0 -32767.0 -32767.0 -32767.0 -32767.0 -32767.0 -32767.0 -32767.0 -32767.0 -32767.0 -32767.0 -32767.0 -32767.0 28.581879 27.079494 26.85076 26.771639 25.9636 28.955908 29.855486 29.784536 28.854212 31.181051 31.554907 -32767.0 -32767.0 -32767.0 -32767.0 -32767.0 29.374853 30.243397 30.154512 30.222387 29.730429 29.398222
-32767.0 -32767.0 -32767.0 -32767.0 -32767.0 -32767.0 -32767.0 -32767.0 -32767.0 -32767.0 -32767.0 -32767.0 -32767.0 -32767.0 -32767.0 -32767.0 -32767.0 -32767.0 -32767.0 -32767.0 -32767.0 -32767.0 -32767.0 -32767.0 -32767.0 -32767.0 -32767.0 -32767.0 -32767.0 -32767.0 -32767.0 -32767.0 -32767.0 -32767.0 -32767.0 -32767.0 -32767.0 -32767.0 27.238125 25.334864 24.845732 25.409697 25.605371 26.976746 29.522112 30.199886 29.690697 30.0845 31.455996 31.691122 -32767.0 -32767.0 -32767.0 -32767.0 -32767.0 30.253315 30.327156 30.25508 30.279106 29.838589 29.43321
-32767.0 -32767.0 -32767.0 -32767.0 -32767.0 -32767.0 -32767.0 -32767.0 -32767.0 -32767.0 -32767.0 -32767.0 -32767.0 -32767.0 -32767.0 -32767.0 -32767.0 -32767.0 -32767.0 -32767.0 -32767.0 -32767.0 -32767.0 -32767.0 -32767.0 -32767.0 -32767.0 -32767.0 -32767.0 -32767.0 -32767.0 -32767.0 -32767.0 -32767.0 -32767.0 -32767.0 26.655775 26.215675 24.437136 23.108093 23.633465 24.784534 26.150244 28.395924 30.792809 29.766296 -32767.0 30.77616 31.314056 -32767.0 -32767.0 -32767.0 -32767.0 -32767.0 29.66407 30.35163 30.588907 30.391764 30.43689 30.313217 29.525284
-32767.0 -32767.0 -32767.0 -32767.0 -32767.0 -32767.0 -32767.0 -32767.0 -32767.0 -32767.0 -32767.0 -32767.0 -32767.0 -32767.0 -32767.0 -32767.0 -32767.0 -32767.0 -32767.0 -32767.0 -32767.0 -32767.0 -32767.0 -32767.0 -32767.0 -32767.0 -32767.0 -32767.0 -32767.0 -32767.0 -32767.0 -32767.0 -32767.0 -32767.0 -32767.0 25.463118 23.888369 23.870777 27.2142 27.346315 25.928183 27.398996 29.000793 29.146566 29.567343 30.208862 -32767.0 31.135683 30.765348 -32767.0 -32767.0 -32767.0 -32767.0 -32767.0 30.440765 30.807117 30.779003 30.695934 30.611412 30.6708 29.64247
-32767.0 -32767.0 -32767.0 -32767.0 -32767.0 -32767.0 -32767.0 -32767.0 -32767.0 -32767.0 -32767.0 -32767.0 -32767.0 -32767.0 -32767.0 -32767.0 -32767.0 -32767.0 -32767.0 -32767.0 -32767.0 -32767.0 -32767.0 -32767.0 -32767.0 -32767.0 -32767.0 -32767.0 -32767.0 -32767.0 -32767.0 -32767.0 -32767.0 -32767.0 -32767.0 26.918879 27.40039 27.901167 28.293427 28.572706 27.78674 28.436684 28.19876 28.074986 22.732794 26.089664 31.040485 31.178835 30.880432 -32767.0 -32767.0 -32767.0 -32767.0 -32767.0 30.933422 30.836426 31.104797 30.684834 30.486721 30.53618 29.923914
-32767.0 -32767.0 -32767.0 -32767.0 -32767.0 -32767.0 -32767.0 -32767.0 -32767.0 -32767.0 -32767.0 -32767.0 -32767.0 -32767.0 -32767.0 -32767.0 -32767.0 -32767.0 -32767.0 -32767.0 -32767.0 -32767.0 -32767.0 -32767.0 -32767.0 -32767.0 -32767.0 31.859818 -32767.0 28.695864 -32767.0 27.425789 27.84879 27.291786 27.549105 27.943893 28.086153 28.559004 29.049948 29.208878 29.430935 28.691809 29.799433 29.117815 29.467253 30.47676 31.153484 31.19691 30.868631 -32767.0 -32767.0 -32767.0 -32767.0 30.28428 30.720194 30.861465 30.608244 30.539373 30.369434 30.39378 30.231203
-32767.0 -32767.0 -32767.0 -32767.0 -32767.0 -32767.0 -32767.0 -32767.0 -32767.0 -32767.0 -32767.0 -32767.0 -32767.0 -32767.0 -32767.0 -32767.0 -32767.0 -32767.0 -32767.0 -32767.0 -32767.0 -32767.0 -32767.0 32.142616 -32767.0 -32767.0 25.626152 26.19061 27.261396 27.669018 27.989458 28.423464 28.52852 28.669382 28.755217 28.83014 29.184843 29.613428 29.819603 29.995703 29.837185 30.170227 30.17897 30.4118 30.488611 30.490387 30.685476 30.798733 30.875244 30.705612 -32767.0 -32767.0 29.398552 30.440088 30.759981 30.403744 30.580042 30.190672 30.101734 30.163782 30.444677
-32767.0 -32767.0 -32767.0 -32767.0 -32767.0 -32767.0 -32767.0 -32767.0 -32767.0 -32767.0 -32767.0 -32767.0 -32767.0 -32767.0 -32767.0 -32767.0 -32767.0 -32767.0 -32767.0 -32767.0 -32767.0 -32767.0 -32767.0 31.833286 32.288612 28.18932 27.893623 28.90057 29.271006 29.721674 30.142097 30.42778 30.45622 30.510857 30.275614 30.365742 30.507915 30.593987 30.642561 30.621733 30.524359 30.525482 30.706558 30.7824 30.602789 30.576792 30.5298 30.645401 30.643463 30.740294 30.579723 -32767.0 28.70533 30.4423 30.16642 30.585949 30.730955 29.967073 29.969437 30.184767 30.430717
-32767.0 -32767.0 -32767.0 -32767.0 -32767.0 -32767.0 -32767.0 -32767.0 -32767.0 -32767.0 -32767.0 -32767.0 -32767.0 -32767.0 -32767.0 -32767.0 -32767.0 -32767.0 -32767.0 -32767.0 32.704292 31.388002 30.719904 29.297045 27.41161 -32767.0 29.743826 30.49582 30.90367 30.885023 30.88319 30.930866 30.902815 30.952894 30.918772 30.953726 30.93612 30.90397 30.886692 30.84665 30.806719 30.798056 30.677675 30.66867 30.692423 30.657253 30.715117 30.67325 30.610714 30.61921 30.618357 -32767.0 28.82679 30.797731 30.622168 30.606627 30.409653 29.91648 29.954782 30.256107 30.25112
-32767.0 -32767.0 32.251423 -32767.0 -32767.0 -32767.0 -32767.0 -32767.0 -32767.0 -32767.0 -32767.0 -32767.0 -32767.0 -32767.0 -32767.0 -32767.0 32.12982 -32767.0 31.764366 31.992718 30.285364 27.407679 27.281563 28.196245 29.496243 30.441177 30.625984 30.625767 30.580704 30.602734 30.662703 30.804663 30.857965 30.857012 30.793705 30.747902 30.744473 30.761196 30.744003 30.755148 30.731514 30.686275 30.72016 30.801107 30.816813 30.713789 30.626999 30.684809 30.651535 30.709076 30.600021 30.575863 30.56794 30.558031 30.66601 30.718876 30.093765 29.898851 29.88901 30.246914 29.913128
-32767.0 31.63414 31.783176 31.966658 32.27196 -32767.0 33.169506 32.906563 -32767.0 -32767.0 -32767.0 -32767.0 -32767.0 32.33741 31.550476 29.657825 29.170675 29.127712 29.28787 29.456984 29.634338 29.8735 30.05447 30.313725 30.470366 30.530739 30.477247 30.456482 30.52483 30.664263 30.74703 30.78762 30.757002 30.6746 30.661839 30.642675 30.674805 30.724257 30.745514 30.708235 30.695272 30.694687 30.865147 30.694345 30.69012 30.761093 30.654686 30.73277 30.618729 30.330317 30.268223 30.276096 30.309711 30.386683 30.619888 30.767483 30.071136 29.75171 29.881811 29.785164 29.756748
31.18932 29.980791 30.3493 30.831043 31.532085 32.0413 32.613308 33.13964 -32767.0 -32767.0 -32767.0 31.181866 29.735674 29.068098 29.049017 29.391893 29.459288 29.569654 29.675987 29.814508 29.92748 30.105255 30.28616 30.36055 30.37827 30.401793 30.467215 30.493904 30.638498 30.65769 30.730022 30.738724 30.716236 30.706455 30.724787 30.735018 30.731356 30.667553 30.643734 30.69153 30.74676 30.766312 30.787483 30.812347 30.816273 30.71827 30.655127 30.703505 30.50394 30.188353 30.370832 30.365921 30.43524 30.294231 30.463203 30.771528 29.98156 29.668713 29.790073 29.70185 29.58834
29.30434 30.569227 30.603226 30.32917 30.657211 31.529322 32.481865 -32767.0 -32767.0 32.110218 -32767.0 28.033117 29.052261 29.608 29.679483 29.739832 29.718557 29.683487 29.772224 29.931206 30.067163 30.157385 30.242678 30.318779 30.35258 30.45683 30.532919 30.588745 30.704271 30.696087 30.706831 30.744457 30.73922 30.754452 30.741718 30.749292 30.696278 30.672098 30.844984 30.890308 30.854422 30.883581 30.925884 30.883173 30.679527 30.725168 30.640242 30.668638 30.763535 30.569729 30.42225 30.273327 30.412739 30.374046 30.56615 30.491848 30.11772 29.71751 29.721127 29.639935 29.683826
30.611876 30.622236 30.652681 30.805008 30.606363 31.190706 32.41633 33.339912 -32767.0 -32767.0 31.563007 29.874643 30.1123 30.274277 29.828062 29.805508 29.649086 29.799734 29.892332 29.92654 29.905512 29.893656 29.78743 29.817078 29.847948 30.297712 30.609663 30.74572 30.757206 30.704447 30.749908 30.811447 30.74633 30.719973 30.73969 30.985209 30.587044 30.810457 30.753595 30.827705 30.699455 30.943296 30.867887 30.755816 30.847303 30.75436 30.718943 30.71262 30.738995 30.747856 30.619205 30.240358 30.52049 30.475252 30.415995 30.347288 30.132141 29.937359 29.820024 29.641226 29.693247
30.50367 30.238827 30.463879 30.67759 30.852 30.936918 31.595459 32.62435 -32767.0 -32767.0 31.466185 31.17924 30.930164 29.85935 29.289236 28.48222 28.111752 28.197739 28.428156 28.673428 28.753561 29.007587 29.558836 29.928457 30.412298 30.841583 30.85423 30.80563 30.702013 30.76947 30.759157 30.807833 30.73797 30.735638 30.678646 30.66395 30.83975 30.728027 30.675554 30.743351 30.932413 30.755346 30.7279 30.81225 30.886269 30.735746 30.691923 30.790977 30.70917 30.701263 30.71619 30.422571 30.332895 30.488123 30.54406 30.523684 -32767.0 30.71103 30.686346 30.291796 29.694431
30.38034 30.160915 30.322454 30.664627 31.013885 31.088243 31.577894 32.044514 32.18807 31.846153 31.26395 31.305462 31.18663 29.817627 28.018412 27.83913 28.312717 28.816776 29.116543 29.092371 28.921576 29.067091 29.697392 30.590786 30.916874 30.932953 30.828173 30.723354 30.783134 30.825562 30.897064 30.850185 30.738592 30.708847 30.681324 30.702976 30.828087 30.720259 30.737452 30.839575 30.75922 30.77125 30.778143 30.680557 30.64414 30.771198 30.790537 30.78096 30.748705 30.647432 30.712296 30.729843 30.471611 30.525602 30.636353 30.668823 30.653511 30.829596 30.827433 30.736145 30.007902
29.96603 30.038479 30.182943 30.575953 31.103529 31.483004 31.891285 32.214672 32.028076 -32767.0 -32767.0 -32767.0 30.557922 30.154814 28.101105 28.763987 29.759712 30.330503 30.356369 30.30469 30.038734 29.630568 30.114368 30.856693 30.887033 30.805315 30.79432 30.747053 30.90083 30.899063 30.886024 30.850208 30.85212 30.794245 30.705475 30.696976 30.811853 30.781282 30.828451 30.844238 30.797356 30.81344 30.732178 30.71441 30.63721 30.603428 30.493954 30.834879 30.495579 30.415152 30.507874 30.44711 30.69418 30.55722 30.41648 30.5989 30.478956 30.743126 30.726799 30.734066 30.183136
