static/data/thetao/2023/7/12/6.asc
ncols 137
nrows 93
xllcorner 108.0
yllcorner 17.0
cellsize 0.25
NODATA_value -32767
[rows 0 to 26 of 93, columns 61 to 121 of 137]
-32767.0 -32767.0 -32767.0 -32767.0 -32767.0 -32767.0 -32767.0 -32767.0 -32767.0 -32767.0 -32767.0 -32767.0 -32767.0 -32767.0 -32767.0 -32767.0 -32767.0 -32767.0 -32767.0 23.231476 21.43482 22.023836 22.061653 22.502445 22.482298 22.789415 23.281794 23.993313 23.709743 23.724926 23.82995 23.819525 23.535057 23.446741 23.732792 23.888584 23.742386 23.523838 23.6159 23.799034 23.813671 23.599333 23.373419 23.47554 22.920414 22.580881 21.996471 22.404593 22.99279 23.452368 23.228579 22.828964 22.575214 22.88484 22.93435 22.823362 22.782145 22.908373 23.098625 23.133488 22.272957
25.329744 24.993607 25.741045 25.921392 26.11842 26.344376 27.067102 -32767.0 -32767.0 -32767.0 -32767.0 -32767.0 -32767.0 -32767.0 -32767.0 -32767.0 -32767.0 -32767.0 22.465193 22.18226 22.22449 22.754019 22.649446 22.54512 23.093609 23.19705 23.358995 23.75553 23.753723 23.718958 23.465382 23.424372 23.601326 23.749243 23.69424 23.68713 23.712898 23.738138 23.603735 23.534683 23.812452 23.904415 23.596039 22.902958 22.9289 22.520258 23.131985 23.575975 23.57116 23.580812 23.44678 23.205778 22.941969 22.713308 22.726696 22.531548 22.397968 22.420355 22.764688 23.06212 23.155167
25.760475 24.449 23.721409 23.91632 24.453024 24.90284 26.241344 26.32366 26.298021 -32767.0 -32767.0 -32767.0 -32767.0 -32767.0 -32767.0 -32767.0 -32767.0 -32767.0 22.124554 22.201088 22.365402 23.00322 22.78053 22.672304 22.515816 22.670383 22.898012 23.037228 22.879683 22.42521 23.01119 23.251904 23.788954 24.034143 23.942974 23.86222 23.648443 23.449131 23.469545 24.002117 24.124176 24.129986 23.478655 23.259682 23.329365 23.590574 23.332602 23.31424 23.425926 23.418362 23.330383 22.833946 22.69227 22.461786 22.325314 21.57666 21.413534 21.840984 22.32538 22.776068 23.116022
24.123302 24.00656 23.98016 23.991335 23.607378 23.563993 23.870867 25.479624 25.872599 -32767.0 -32767.0 -32767.0 -32767.0 -32767.0 -32767.0 -32767.0 -32767.0 25.796192 23.720291 22.616032 23.020443 22.746052 21.210236 20.712696 20.90324 21.358778 21.778427 21.742702 22.487188 22.456442 22.318153 23.14725 23.820774 24.131218 24.282545 24.171886 24.20819 23.099648 24.198555 24.400137 24.320814 24.319866 24.031605 23.464725 23.349926 23.276997 23.224648 23.203669 23.285133 23.309927 23.055922 22.536514 22.473726 22.650442 22.648897 22.349417 21.435377 21.371737 22.00664 22.644135 22.96589
24.176285 24.01041 24.055805 24.144924 23.748512 23.112564 23.32293 24.836796 -32767.0 -32767.0 -32767.0 -32767.0 -32767.0 -32767.0 -32767.0 -32767.0 -32767.0 -32767.0 -32767.0 24.023857 23.09619 22.499664 20.483252 20.914354 21.047556 21.781702 22.727297 22.296106 22.809488 23.386404 22.491674 22.587412 23.49747 23.90633 23.802765 23.764881 23.194418 23.755377 24.32919 24.438334 24.318268 24.17574 24.086878 23.259497 23.283394 23.08987 23.087864 23.081295 23.25637 23.152666 22.975643 22.52019 22.199408 22.083767 22.157715 22.171165 22.001917 21.78833 22.23678 22.53378 22.41658
24.57652 24.559692 24.3837 24.120792 23.88486 23.538624 23.619686 25.103313 -32767.0 -32767.0 -32767.0 -32767.0 -32767.0 -32767.0 -32767.0 -32767.0 -32767.0 -32767.0 -32767.0 -32767.0 24.675419 23.57038 21.466572 21.293325 21.48125 21.302593 23.043686 24.080385 24.217167 24.034245 24.152403 23.577139 23.376444 23.067533 22.875015 23.010757 23.548315 24.277664 24.379335 24.236486 24.150278 23.87098 23.617693 22.969513 23.175682 22.950228 22.911106 23.027695 23.247328 23.160105 22.819372 22.504187 22.108109 21.910522 22.049595 22.111591 22.217388 22.000675 22.20715 22.728037 22.655046
24.443647 24.552519 24.638573 24.647045 24.5201 24.05761 23.879732 25.243622 -32767.0 -32767.0 -32767.0 -32767.0 -32767.0 -32767.0 -32767.0 -32767.0 -32767.0 -32767.0 -32767.0 -32767.0 -32767.0 25.229544 23.283485 23.019537 23.078568 21.56081 23.53341 24.7003 24.39819 24.300402 24.323689 24.275324 24.364664 23.96406 24.154692 24.352457 24.538765 24.356506 24.316479 23.884739 23.661652 23.604023 23.26185 23.383255 23.271069 23.163155 23.138067 23.1666 23.396759 23.084553 22.463182 22.472473 22.206053 22.25978 22.252523 22.353922 22.356688 22.264297 22.354206 22.841396 22.719584
24.362421 24.545382 24.75108 24.908716 24.721107 24.001234 24.33287 -32767.0 -32767.0 -32767.0 -32767.0 -32767.0 -32767.0 -32767.0 -32767.0 -32767.0 -32767.0 -32767.0 -32767.0 -32767.0 -32767.0 -32767.0 24.349028 23.567474 23.565437 21.697168 22.73353 24.375988 24.754864 24.384584 24.434034 24.37035 24.47696 24.45348 24.51801 24.52192 24.373781 24.369081 24.241144 23.8316 23.78251 23.217783 23.350197 23.593805 23.365086 23.220333 23.215721 23.335194 23.33378 23.10982 22.47992 22.403452 22.32481 22.309973 22.236921 22.21848 22.649467 22.038712 22.343431 22.761284 22.95082
24.680246 24.868818 24.95626 25.045212 25.101631 24.855078 -32767.0 26.201708 -32767.0 -32767.0 -32767.0 -32767.0 -32767.0 -32767.0 -32767.0 -32767.0 -32767.0 -32767.0 -32767.0 -32767.0 -32767.0 -32767.0 25.214132 23.786634 23.865847 21.902634 22.253038 23.9929 25.101559 24.79655 24.45372 24.312237 24.355757 24.174845 24.32943 23.90911 23.801054 24.210772 24.119417 23.927664 23.897776 23.762056 23.644777 23.4904 23.526825 23.390104 23.195215 23.127483 23.134172 22.838264 22.498928 22.524752 22.757484 22.719154 22.788782 22.960024 23.171837 22.095293 22.416988 22.731289 -32767.0
24.437609 24.747684 24.940535 24.840338 25.105957 25.11605 24.875353 25.897915 26.449585 26.808527 26.387068 26.573448 27.458134 -32767.0 -32767.0 -32767.0 -32767.0 -32767.0 -32767.0 -32767.0 -32767.0 -32767.0 -32767.0 24.7004 24.680185 20.617203 22.017916 23.99197 25.106764 24.851587 24.319252 24.075048 24.157887 23.91296 23.440235 23.457823 23.574726 23.746506 23.767284 23.768957 23.735691 23.62047 23.529207 23.665825 23.219053 23.167194 23.091942 23.15853 23.114517 22.771284 22.774652 22.83369 22.885546 23.240444 23.384947 23.242386 23.356474 23.399551 23.191288 23.044119 23.222345
24.236258 24.554651 25.021982 25.226807 25.438986 25.715067 25.365065 25.453545 24.836525 25.280556 24.728113 25.13403 25.787683 -32767.0 -32767.0 -32767.0 -32767.0 -32767.0 -32767.0 -32767.0 -32767.0 -32767.0 -32767.0 -32767.0 23.693975 20.893377 21.559494 23.340921 24.551971 24.403053 24.466259 24.144493 23.666353 23.392958 23.061304 23.509865 23.327124 23.373495 23.438158 23.675816 23.691671 23.643202 23.645058 23.24531 23.023087 23.088419 23.195578 23.14234 22.763617 23.206482 23.65024 23.748772 23.745365 23.619652 23.732718 24.224764 -32767.0 23.788916 23.550438 23.514215 23.744123
23.858934 24.431162 25.202448 25.756826 25.700567 25.63824 25.637117 25.724838 25.462225 24.833406 23.8766 24.107975 24.685581 25.5814 27.190063 -32767.0 -32767.0 -32767.0 -32767.0 -32767.0 -32767.0 -32767.0 -32767.0 -32767.0 -32767.0 22.255825 21.132212 22.299212 22.852396 24.081266 23.946936 23.473392 23.312902 23.31927 23.088083 23.073235 23.156975 23.277279 23.349558 23.565882 23.373013 23.611326 23.590088 23.299536 22.95654 23.121912 23.217295 22.959122 23.371147 23.8124 23.798367 24.343616 24.382069 24.158476 -32767.0 -32767.0 24.407448 24.276867 23.927977 23.910631 24.600222
24.517406 25.03867 25.458267 25.75008 25.871918 25.749903 25.840881 25.937027 25.549395 25.26703 24.12491 24.105324 24.59681 -32767.0 26.887344 -32767.0 -32767.0 -32767.0 -32767.0 -32767.0 -32767.0 -32767.0 -32767.0 -32767.0 -32767.0 20.426638 20.872976 22.46227 22.720636 22.640907 23.295319 23.603777 23.312937 23.24901 23.064157 23.016172 22.938126 23.210838 23.145655 23.474863 23.431456 23.396374 23.527597 23.649435 23.562048 23.561089 23.116426 23.10233 23.932762 24.034939 23.966146 24.1388 24.19082 24.301971 -32767.0 24.472778 24.663706 25.037025 -32767.0 -32767.0 -32767.0
25.173162 25.510803 25.648079 25.696072 25.898008 26.053324 26.012848 26.015865 25.855265 25.403948 24.720892 24.58483 -32767.0 -32767.0 -32767.0 -32767.0 -32767.0 -32767.0 -32767.0 -32767.0 -32767.0 -32767.0 -32767.0 -32767.0 -32767.0 19.130165 19.068182 22.329824 22.83684 22.844093 22.209328 22.811749 23.098354 22.927948 23.212744 23.076597 23.148321 23.347715 23.305708 23.394741 23.46568 23.40354 23.523718 23.830454 23.72712 23.60995 23.976418 23.627398 24.078373 24.35386 24.424397 24.317495 24.34254 24.580353 25.269972 -32767.0 24.705072 -32767.0 -32767.0 -32767.0 -32767.0
25.556837 25.440466 25.809582 25.887001 25.854826 25.922703 26.079346 26.073092 25.442362 25.306805 25.049889 24.6995 26.056446 -32767.0 -32767.0 -32767.0 -32767.0 -32767.0 -32767.0 -32767.0 -32767.0 -32767.0 -32767.0 -32767.0 -32767.0 18.633158 18.594398 20.345749 22.716366 22.760864 22.592304 22.24097 22.283972 22.416445 22.726337 23.086689 23.375908 23.241087 23.580536 23.603865 23.871101 23.824625 23.553793 23.70289 23.880402 24.076733 24.173471 24.215818 23.892729 24.272224 25.109352 25.423548 25.142914 25.44063 -32767.0 -32767.0 -32767.0 -32767.0 -32767.0 -32767.0 -32767.0
25.774523 25.648674 26.085629 26.196363 26.155382 26.215565 26.328457 25.978525 25.766155 25.583357 25.424902 24.829914 24.79423 26.606037 -32767.0 -32767.0 -32767.0 -32767.0 -32767.0 -32767.0 -32767.0 -32767.0 -32767.0 -32767.0 -32767.0 18.93512 18.247234 20.31617 22.13832 22.780043 23.157543 23.28973 23.156454 23.017044 22.96593 23.035818 23.052874 23.244896 23.668941 23.318464 -32767.0 23.800457 23.8416 23.86242 24.162579 24.32509 24.439806 24.473545 24.36546 24.48473 25.094736 25.539417 -32767.0 -32767.0 -32767.0 -32767.0 -32767.0 -32767.0 -32767.0 -32767.0 -32767.0
25.95485 25.980095 26.298227 26.533842 26.553272 26.504377 26.198769 25.642494 25.4441 25.300234 25.022495 24.834455 24.032852 25.739296 -32767.0 -32767.0 -32767.0 -32767.0 -32767.0 -32767.0 -32767.0 -32767.0 -32767.0 -32767.0 -32767.0 -32767.0 17.55516 21.41453 22.506601 22.789421 23.302498 22.85052 23.008165 23.315279 23.049435 22.626385 22.612701 22.676004 22.888256 23.209833 23.683205 23.76729 23.905117 24.087423 24.350883 24.601866 24.636904 24.804842 25.000462 25.101498 25.491524 25.908133 -32767.0 -32767.0 -32767.0 -32767.0 -32767.0 -32767.0 -32767.0 -32767.0 -32767.0
26.350794 26.48596 26.531445 26.789911 26.587471 26.568735 26.165442 25.621164 25.047966 24.662233 24.07164 23.816818 23.520378 25.66357 25.910446 -32767.0 -32767.0 -32767.0 -32767.0 -32767.0 -32767.0 -32767.0 -32767.0 -32767.0 -32767.0 17.389217 19.421398 23.050695 23.392254 22.678556 23.191023 23.12738 23.184322 22.950842 23.165009 23.211895 22.796728 23.39573 24.076677 24.38137 24.303925 24.20197 24.210154 24.287197 24.666964 24.767164 24.982573 25.27018 -32767.0 25.992002 25.869562 26.32296 -32767.0 -32767.0 -32767.0 -32767.0 -32767.0 -32767.0 -32767.0 -32767.0 -32767.0
26.631565 26.81309 26.840422 26.690596 26.486094 26.163948 26.00385 25.679207 25.0503 24.343637 23.561546 23.33483 24.324833 26.315874 -32767.0 -32767.0 -32767.0 -32767.0 -32767.0 -32767.0 -32767.0 -32767.0 -32767.0 -32767.0 -32767.0 15.476591 20.680017 23.230457 23.551195 23.04145 22.570736 23.059723 23.17772 23.298208 23.632107 24.007252 23.824404 24.233421 24.717178 -32767.0 -32767.0 25.075413 25.670359 -32767.0 -32767.0 -32767.0 -32767.0 -32767.0 -32767.0 -32767.0 -32767.0 -32767.0 -32767.0 -32767.0 -32767.0 -32767.0 -32767.0 -32767.0 -32767.0 -32767.0 -32767.0
26.765213 26.734222 26.621292 26.15966 26.09923 25.839506 25.316519 24.974499 24.489933 23.279198 23.122734 22.53287 25.12732 -32767.0 -32767.0 -32767.0 -32767.0 -32767.0 -32767.0 -32767.0 -32767.0 -32767.0 -32767.0 -32767.0 17.309765 19.916462 21.513027 22.754469 23.855526 23.760485 23.709114 23.758547 23.790075 23.894491 23.92363 23.929947 24.051258 24.551111 -32767.0 -32767.0 -32767.0 -32767.0 -32767.0 -32767.0 -32767.0 -32767.0 -32767.0 -32767.0 -32767.0 -32767.0 -32767.0 -32767.0 -32767.0 -32767.0 -32767.0 -32767.0 -32767.0 -32767.0 -32767.0 -32767.0 -32767.0
27.087603 26.958065 26.462204 25.96524 25.564034 25.35744 24.816637 24.162802 23.918161 23.078903 22.56894 21.68504 25.871181 -32767.0 -32767.0 -32767.0 -32767.0 -32767.0 -32767.0 -32767.0 -32767.0 22.065163 22.868664 21.199503 21.457012 22.893026 22.882692 22.917583 23.76203 23.845476 23.89771 23.735456 23.734528 24.282923 24.278612 24.23824 -32767.0 -32767.0 -32767.0 -32767.0 -32767.0 -32767.0 -32767.0 -32767.0 -32767.0 -32767.0 -32767.0 -32767.0 -32767.0 -32767.0 -32767.0 -32767.0 -32767.0 -32767.0 27.876928 -32767.0 -32767.0 -32767.0 -32767.0 -32767.0 -32767.0
27.052769 26.911371 26.571257 26.081839 25.832132 25.431807 24.513876 23.880333 23.516657 22.51633 21.957006 21.106586 23.220655 -32767.0 -32767.0 -32767.0 -32767.0 27.617584 23.118496 25.060759 23.178545 22.504934 21.889065 22.506622 24.588375 23.535255 23.421917 23.923485 23.938871 23.87568 23.779593 24.566677 24.181213 24.346397 24.44377 -32767.0 -32767.0 -32767.0 -32767.0 -32767.0 -32767.0 -32767.0 -32767.0 -32767.0 -32767.0 26.21671 26.431753 -32767.0 -32767.0 -32767.0 -32767.0 -32767.0 -32767.0 -32767.0 28.024729 -32767.0 -32767.0 -32767.0 -32767.0 -32767.0 19.712305
26.71819 26.52676 26.22209 25.798553 25.520206 25.380625 24.91671 24.538733 24.151789 22.680492 21.93404 21.058964 -32767.0 25.245333 -32767.0 22.93502 -32767.0 23.789936 -32767.0 22.873478 22.864367 22.268774 22.11841 23.335306 24.644337 23.713663 24.054695 24.05909 23.98403 23.992636 24.71733 25.022642 24.73801 -32767.0 -32767.0 -32767.0 -32767.0 -32767.0 -32767.0 -32767.0 -32767.0 24.995773 25.590662 25.865788 26.016338 25.848421 26.10122 25.176678 25.171118 -32767.0 -32767.0 -32767.0 -32767.0 -32767.0 27.687418 26.959309 24.910711 25.498833 25.175827 25.959919 24.285263
26.106623 26.07002 26.037476 25.974857 25.775688 25.550322 25.205404 24.932495 24.604168 23.915325 23.406216 21.652172 20.431927 20.51746 20.029064 19.887024 19.54163 20.918589 21.758945 21.784145 21.468416 21.697208 22.515463 24.817297 -32767.0 23.784964 24.174007 24.729815 24.980879 25.410423 25.184826 -32767.0 -32767.0 -32767.0 -32767.0 -32767.0 24.672823 24.741137 23.57137 24.352478 24.842789 25.314587 26.7186 -32767.0 -32767.0 26.820522 26.022669 24.857538 -32767.0 -32767.0 -32767.0 -32767.0 -32767.0 23.212038 21.977562 23.578587 27.213871 27.071331 27.010468 27.054197 27.099968
25.612497 25.629982 25.766586 25.750092 25.662617 25.523365 25.237547 24.812311 24.035017 24.326473 23.50091 23.05545 22.355844 21.392492 20.797806 20.823475 21.276653 21.746485 20.94686 20.345848 20.883955 22.556282 24.124748 24.608498 25.020773 25.087236 25.43467 25.404573 25.19333 25.037758 25.421106 27.525192 -32767.0 26.75673 26.366573 -32767.0 24.635366 25.044071 24.783955 -32767.0 27.411245 27.560177 -32767.0 -32767.0 -32767.0 -32767.0 26.14422 24.9141 -32767.0 -32767.0 -32767.0 -32767.0 23.159212 24.64065 26.527569 26.654427 26.976276 27.099295 27.331459 27.424473 27.392696
26.315983 26.31895 26.166372 26.05569 25.84309 25.64818 25.4563 25.406199 25.428364 25.076925 25.232527 25.42644 25.261074 25.433508 25.71089 25.85084 24.986073 24.67036 23.782185 23.91468 24.306253 25.22852 25.859646 25.825565 25.82845 25.771112 -32767.0 25.036097 25.154299 -32767.0 -32767.0 27.805853 26.962488 26.5102 25.836512 25.458944 25.549246 25.374914 -32767.0 -32767.0 -32767.0 -32767.0 -32767.0 -32767.0 -32767.0 -32767.0 24.360714 23.517128 24.529179 -32767.0 -32767.0 22.344236 25.148733 26.450031 26.71192 26.79159 26.892782 27.15486 27.401281 27.547329 27.461432
26.285774 26.309778 26.335747 26.218662 26.022312 25.857786 25.78071 25.789368 25.820072 25.807413 25.879354 25.969437 25.751316 -32767.0 -32767.0 25.49304 24.67053 25.10211 25.674925 26.099716 26.276562 26.272991 26.198885 25.96101 25.859962 25.683487 25.360634 25.292597 -32767.0 -32767.0 -32767.0 -32767.0 -32767.0 -32767.0 26.191923 25.921278 25.55078 -32767.0 -32767.0 -32767.0 -32767.0 -32767.0 27.376417 -32767.0 25.10947 24.860584 25.593216 25.393147 24.998774 23.481056 -32767.0 23.62418 26.637558 26.780014 26.920927 26.961426 26.924128 26.995274 27.302736 27.560854 27.613815
