static/data/seaWind_vo/2023/7/7/0.asc
ncols 137
nrows 93
xllcorner 108.0
yllcorner 17.0
cellsize 0.25
NODATA_value -32767
[rows 57 to 75 of 93, columns 44 to 87 of 137]
2.0171221127604007 3.0064326572958113 5.725257319256436 9.230548277412478 10.439606757649548 10.60597462799858 10.742093794647785 10.444944764184811 10.055270287110613 9.725203549680183 8.37201889299101 6.602469726551323 5.207470685335925 4.343603294379195 3.7759952661295615 3.1194204622922115 2.6994972815181884 2.590957815301174 2.5989648251040687 2.9841909633988823 3.56603367574255 4.509971164728225 5.593586491386615 6.530406638325273 7.213671474838938 7.733237444271204 8.05796617516637 8.227003048783033 7.994799764499092 7.549076218804631 7.421853729714195 7.50548249876665 7.517048179593052 7.5268345249077 7.783058838600326 7.858680597849885 7.928964350564181 7.899605314620235 7.757258473679888 7.619359971518927 7.385377351723232 7.229685494444727 7.190540113186131 7.149615396415783
2.792022728129414 5.520633735404688 8.418281616296623 9.831963680385442 10.121105701045522 10.474303800128757 10.67803771622463 10.483200477687529 9.9271581302643 9.082863429936868 6.189663887824318 4.197697782415339 3.032233022216249 2.631882532071524 2.2475460615325873 2.1745933055506597 2.136337592047941 2.4130242641257404 2.822271431829238 3.3391683979938724 4.293781900050073 5.349817526276271 6.423646507620013 7.213671474838938 7.832880232929448 8.258141420238733 8.549062776410567 8.480558359208025 8.26525876228575 8.03305547800181 8.077538865795669 8.122022253589526 8.100670227448475 8.128249927880667 8.245686071656452 8.210099361421365 8.294617798229696 8.267927765553383 8.130918931148297 7.97611674162567 7.787507177379711 7.661174356045153 7.440536752587615 7.350680309244021
4.8969766385347935 7.415626055423056 8.758134699041701 9.551718337284136 9.815059993023777 10.320391278362008 10.603305624730947 10.52056652343437 9.936944475578949 6.659408462927463 3.0393503642632664 1.6683723524565508 1.748442450485496 1.3943546836463834 1.6514686650948849 1.790256835011723 2.1123165626392577 2.6363308708509097 3.251091290162033 4.238622499185689 5.226153708209345 6.24571295644458 7.188760777674377 7.765265483482782 8.208320025909611 8.61133951932197 8.74567935045942 8.669167923453985 8.66738858794223 8.58909782542504 8.578421812354513 8.46009600082285 8.41294360976136 8.356004873385222 8.42539895834364 8.438743974681799 8.450309655508201 8.412053942005484 8.271486436576891 8.138036273195315 7.966330396311022 7.879142956235059 7.676298707895066 7.525055189395946
6.236816278885808 7.494806485696124 8.767031376600473 9.089980771983885 9.46897923598756 10.07484297773991 10.56149124020472 10.384447356785165 7.379149677432091 3.8026852988058764 0.2662559691941344 0.3267533765937818 0.5678533384364943 1.244000832903142 1.5206875049809412 1.981535402525314 2.4290382837315296 3.1042961104423 4.223498147335777 5.211919024115311 6.170980864950897 7.148725728659905 7.71277508588603 7.989461757963829 8.45119932326408 8.726996327586 8.853329148920558 8.891584862423276 8.979661970255115 8.923612901634854 8.852439481164682 8.729665330853631 8.538386763340041 8.479668691452147 8.5828701511339 8.602442841763198 8.578421812354513 8.445861316728816 8.3061834790561 8.206540690397857 8.049959165363475 7.9467577056817245 7.7421341218299755 7.5882216000632265
6.575779693875008 7.835549236197078 8.178071322209789 8.546393773142935 8.8906951946674 9.698513517003867 10.017014573607893 7.890708637061463 4.880072951173126 2.155910282677239 -0.46238192286926605 -0.0353414000482255 0.3605607513171143 1.038487581295516 1.6683723524565508 2.141675598583204 2.9895289699341454 4.090937651710079 5.258181747420924 6.256388969515106 7.217230145862446 7.8035211969855 8.191416338547945 8.402267596690834 8.72076865329486 8.997455325372659 9.027704029072483 9.085532433204499 9.139802166313007 9.089980771983885 9.001903664152046 8.770590047623982 8.579311480110391 8.574863141331004 8.70208563042144 8.658491910383459 8.500131049837323 8.367570554211625 8.31241115334724 8.22166504224777 8.130029263392421 7.947647373437601 7.7367961152947125 7.465447449752176
6.95566782563456 7.11580802169245 7.416515723178932 7.728789105491819 8.050848833119353 8.835535793803015 7.388936022746741 5.203912014312416 3.4877429132253592 1.2244281422738441 0.20219989077097855 0.3223050378143961 0.5260389539102674 0.9281687795667473 1.5758469058453255 2.562488447113105 3.847168686599735 5.218146698406451 6.38717012962905 7.370252999873319 7.830211229661815 8.311521485591364 8.679843936524511 8.851549813408804 9.089980771983885 9.13268482426599 9.153147182651164 9.21720326107432 9.195851234933269 9.150478179383532 8.980551638010994 8.74923802148293 8.614898190345478 8.63269154546302 8.691409617350914 8.547283440898813 8.380025902793905 8.30974215007961 8.259920755750487 8.245686071656452 8.18696799976856 7.931633353831813 7.648719007462873 7.36669432884981
6.150518506565723 6.331121061008787 6.569552019583869 6.69499517316255 7.173636425824466 7.131822041298239 5.033095805184 3.0455780385544067 1.6185509581274296 0.6995241663063152 0.026935342863176448 0.2698146402176431 0.5900950323334235 0.9637554898018341 1.906803311031632 3.0927304296158966 5.002847101484177 6.401404813723083 7.444985091367002 7.950316376705233 8.345328860314696 8.52593141475776 8.930730243681872 8.972544628208098 8.987668980058011 9.062401071551692 9.148698843871777 9.22343093536546 9.17983721532748 9.156705853674673 8.966316953916959 8.79016273825328 8.682512939792142 8.591766828692672 8.56685613152811 8.412053942005484 8.303514475788468 8.247465407168207 8.249244742679961 8.260810423506365 8.150491621777595 7.790176180647343 7.492137482428491 7.080221311457363
5.203912014312416 5.475260679854952 5.7501680164209965 5.976143626413798 6.4992682668695725 5.637180211424597 3.3836517857877304 1.4584107620695392 0.2911666663586949 -0.5406726853864567 -0.763979292111626 0.5723016772158802 0.9441827991725362 1.627447635686201 2.713731965612223 4.2777678804442845 6.251050962979843 7.506372166522526 8.040172820048827 8.387143244840923 8.537497095584165 8.649595232824687 8.881798517108628 8.880908849352751 8.982330973522748 9.081084094425114 9.136243495289499 9.119339807927831 9.118450140171955 9.112222465880814 8.95030293431117 8.768810712112227 8.590877160936794 8.443192313461184 8.371129225235133 8.229672052050663 8.169174644651017 8.157608963824613 8.160277967092245 8.113125576030756 7.98590308694032 7.608683958448401 7.154953402951046 6.720795538082987
4.588261927245416 4.7217120906269905 4.943239361840406 5.341810516473377 5.393411246314253 3.51265361038992 1.9690800539430338 0.8018359582321894 -0.0353414000482255 -0.5531280339687372 -0.37608415054918076 0.8738990464582401 1.736876769659093 2.888106845764148 4.427232063431648 6.117600799598268 7.494806485696124 8.31241115334724 8.540166098851795 8.622015532392496 8.657602242627581 8.669167923453985 8.797280080300297 8.907598882029065 8.98144130576687 9.023255690293098 9.071297749110464 9.122008811195464 9.041049045410642 8.949413266555293 8.817742438685471 8.627353538927759 8.420950619564255 8.259920755750487 8.156719296068736 8.0802078690633 8.074869862528036 8.038393484537073 7.9823444159168115 7.911170995446637 7.7118854181301515 7.256375527121042 6.767947929144476 6.372045777779137
4.082040974151307 4.1096206745835 4.121186355409902 4.375631333590773 4.22883615387104 2.4708526682577565 1.3116155823498066 0.5918743678451779 -0.09850781071550418 -0.7568619500646085 -1.1874611439091578 0.19152387770045243 2.346299182434953 4.086489312930693 5.949453593737482 7.719002760177169 8.516145069443112 8.781266060694508 8.935178582461258 8.926281904902487 8.875570842817488 8.74923802148293 8.855108484432312 9.007241670687309 9.060621736039938 9.09176010749564 9.084642765448622 9.039269709898887 8.841763468094156 8.752796692506438 8.60155317400732 8.420060951808377 8.245686071656452 8.118463582566017 7.979675412649179 7.919178005249533 7.864908272141024 7.816866213323658 7.7679344867504145 7.688754056477345 7.293741572867884 6.746595903003424 6.308879367111858 5.9850403039725695
3.5526886594043923 3.3658584306701873 3.353403082087907 3.35874108862317 3.005542989539934 1.3231812631762099 0.5509496510748282 -0.025555054733576554 -0.34672511460523436 -0.8360423803376764 -1.1954681537120524 0.027825010619053625 2.5989648251040687 5.316899819308816 7.361356322314547 8.825749448488367 9.277700668473967 9.2803696717416 9.1985202382009 9.126457149974849 8.951192602067048 8.838204797070647 9.057952732772307 9.178947547571601 9.195851234933269 9.066849410331079 8.976103299231607 8.801728419079682 8.651374568336442 8.501910385349078 8.371129225235133 8.227003048783033 8.085545875598562 7.908501992179007 7.751030799388747 7.705657743839012 7.6522776784863815 7.615801300495418 7.550855554316385 7.251037520585779 6.752823577294565 6.230588604594668 5.848921137323362 5.557110113395652
2.8311681093880092 2.6505655549449445 2.5126670527839834 2.4237002771962666 1.7804704896970742 0.09366042455396384 -0.46949926491628347 -0.40277418322549563 -0.6465431483358399 -0.4517059097987399 0.34365706395544815 1.7938155060352317 4.056240609230869 6.708340189500706 8.321307830906012 9.464530897208173 9.692285842712728 9.534814649922469 9.406702493076157 9.17983721532748 8.993006986593274 8.945854595531785 9.185175221862742 9.263465984379932 9.164712863477567 9.021476354781344 8.795500744788542 8.622905200148372 8.404936599958466 8.182519660989174 8.106008233983738 8.02060012941953 7.8666876076527785 7.5321725314429635 7.398722368061389 7.415626055423056 7.388046354990863 7.31687293452069 7.037517259175258 6.6789811535567605 6.182546545777301 5.751947351932751 5.420101278990568 5.285761447853115
2.401458583299337 2.19950400271522 1.8338505550497042 1.2769185398705971 0.6924068242592978 -1.160771111232843 -1.7105857843649326 -0.7088198912472414 -0.2595376745292719 0.4201684909608845 2.421920941684512 4.404100701778843 6.106924786527742 7.745692792853484 9.057952732772307 9.686947836177465 9.840860357944214 9.617553751219045 9.410261164099666 9.149588511627655 8.942295924508276 8.91916456285547 9.12289847895134 9.141581501824762 8.914716224076082 8.698526959397931 8.506358724128463 8.315080156614872 8.088214878866195 7.8871499660379545 7.839107907220587 7.7172234246654146 7.469895788531563 7.196767787477272 7.130042705786485 7.218119813618324 7.201216126256657 6.936095135005262 6.565103680804484 6.146959835542214 5.707463964138893 5.3409208487175 5.128290255062857 5.0464408215221574
2.0678331748453993 1.5856332511599742 1.0313702392484987 0.3223050378143961 -0.2479719937028686 -2.357374242887633 -3.5966814268245284 -2.690999651341571 0.9415137959049049 2.3818858926700397 4.4726051189813845 6.266175314829754 7.7367961152947125 8.653153903848196 9.468089568231681 9.648692122674747 9.711858533342026 9.431613190240718 9.238555287215371 8.964537618405204 8.810625096638454 8.797280080300297 8.82130110970898 8.76169337006521 8.47255134940513 8.273265772088646 8.101559895204351 7.920957340761287 7.710995750374275 7.573097248213314 7.5028134954990175 7.3729220031409515 7.1976574552331485 6.998371877916664 7.036627591419382 7.127373702518852 6.989475200357893 6.545530990175186 6.098917776724846 5.70212595760363 5.3062238062382905 5.103379557898296 4.919218332431722 4.859610592787952
1.6229992969068154 1.1381303699537588 0.4379618460784278 -0.32092474968479623 -0.9677132082074973 -3.0682187798334906 -4.610902668524499 -3.4774659475369876 0.23956593651781954 3.655890119086144 5.5455444325692484 6.885384072920264 7.915619334226024 8.748348353727053 9.209196251271425 9.366667444061685 9.246562297018267 8.955640940846433 8.785714399473894 8.63002254219539 8.48500669798741 8.449419987752325 8.419171284052501 8.266148430041628 7.989461757963829 7.818645548835413 7.675409040139188 7.494806485696124 7.340004296173497 7.221678484641833 7.179864100115605 7.127373702518852 6.981468190554997 6.999261545672541 7.05620028204868 6.930757128469999 6.6193734139129905 6.06333106648976 5.598924497921878 5.213698359627065 5.052668495813297 4.887190293220144 4.749291791059183 4.675449367321378
1.1772757512123544 0.8116223035468384 0.11679178620677044 -0.6928058716414527 -1.3137939652437156 -2.7986494498027086 -4.290622276408719 -3.4774659475369876 -1.3502703432346794 2.194165996179957 4.475274122249015 6.066889737513269 7.065096959607452 7.92629534729655 8.375577564014518 8.56062845723697 8.419171284052501 8.202092351618472 8.128249927880667 8.075759530283914 8.15227095728935 8.143374279730578 7.9814547481609335 7.81597654556778 7.537510537978227 7.356907983535162 7.211892139327183 7.114918353936572 6.987695864846138 6.943212477052279 6.9538884901228055 6.906736099061316 6.847128359417544 6.883604737408509 6.8035346393795635 6.591793713480797 6.08824176365432 5.486826360681356 5.058896170104438 4.859610592787952 4.727939764918132 4.695911725706553 4.591820598268924 4.505522825948839
0.847209013781925 0.5527289865865825 0.09010175353045513 -0.6305291287300507 -1.2817659260321377 -1.8582706318405422 -2.7986494498027086 -2.762173071811745 -1.5815839597627432 0.2333382622266793 2.4495006421167043 4.26353319635025 5.48860569619311 6.501047602381327 7.121146028227713 7.33555595739411 7.3524596447557755 7.302638250426655 7.460109443216913 7.675409040139188 7.745692792853484 7.675409040139188 7.5277241926635785 7.345342302708758 7.0784419759456085 6.92719845744649 6.829335004300001 6.770616932412109 6.765278925876846 6.751044241782811 6.747485570759302 6.703002182965443 6.699443511941935 6.6496221176128145 6.471688566437381 6.010840668893007 5.4556879892256545 4.9023146450700565 4.636303986062783 4.484170799807787 4.4325700699669115 4.437908076502175 4.4174457181169995 4.328478942529283
0.6470337687095622 0.36234008682886865 0.042059694713088014 -0.4036638509813728 -0.918781481634253 -1.3449323366994164 -1.5735769499598486 -1.438347451066519 -0.8262560350230275 0.236896933250188 1.5927505932069916 2.9788529568636193 4.26976087064139 5.271526763759081 5.863155821417397 6.140732161251074 6.341797074079313 6.586455706945534 6.956557493390436 7.204774797280166 7.256375527121042 7.159401741730431 7.001040881184295 6.817769323473598 6.7190162025712326 6.599800723283693 6.493040592578431 6.473467901949135 6.541082651395799 6.600690391039569 6.610476736354219 6.57844869714264 6.522399628522379 6.347135080614576 5.992157646019587 5.4805986863902145 4.940570358572774 4.540219868428048 4.318692597214634 4.1576627334008665 4.0980549937570965 4.1407590460392 4.149655723597972 4.051792270451484
0.7404488830766649 0.40771314237860423 0.0989984310892269 -0.2221716287824309 -0.4864029522779494 -0.6705641777445233 -0.6999232136884697 -0.5700317213304031 -0.14832920504462566 0.6879584854799119 1.6345649777332185 2.7484290080914326 3.771546927350176 4.427232063431648 4.915659661408213 5.2759751025384665 5.601593501189511 6.070448408536778 6.4690195631697485 6.680760489068515 6.736809557688776 6.677201818045006 6.571331355095623 6.4387708594699244 6.31154837037949 6.216353920500633 6.210126246209493 6.296424018529578 6.383611458605541 6.466350559902118 6.483254247263783 6.440550194981679 6.261726976050369 5.939667248422834 5.4209909467464445 4.880962618929004 4.481501796540156 4.272429873909021 4.030440244310432 3.8596240351820152 3.796457624514736 3.8124716441205253 3.800016295538245 3.671014470936056
