static/data/seaWind_vo/2023/7/7/12.asc
ncols 137
nrows 93
xllcorner 108.0
yllcorner 17.0
cellsize 0.25
NODATA_value -32767
[rows 38 to 56 of 93, columns 88 to 131 of 137]
8.463654671846358 8.356004873385222 7.8524529235587455 7.383598016211478 7.129153038030607 7.058869285316311 6.887163408432018 6.861363043511579 6.891611747211403 6.95566782563456 7.045524268978154 7.1878711099185 7.359576986802793 7.375591006408582 7.2483685173181485 7.196767787477272 7.102463005354291 6.906736099061316 6.690546834383163 6.50638560891659 6.2546096340033515 6.138952825739319 5.974364290902043 5.789313397679592 5.719919312721173 5.707463964138893 5.5108473900900385 5.28754078336487 5.125621251795225 4.965481055737335 4.898755974046548 4.848044911961549 4.794664846608919 4.714594748579973 4.715484416335851 4.705698071021202 4.745733120035675 4.862279596055584 5.009074775775316 5.200353343288907 5.356934868323289 5.4556879892256545 5.451239650446269 5.395190581826007
8.078428533551545 7.843556245999974 7.549965886560507 7.249258185074025 7.004599552207804 6.830224672055879 6.824886665520616 6.897839421502544 6.999261545672541 7.101573337598415 7.222568152397709 7.274168882238586 7.23502350097999 7.090897324527889 6.969902509728595 6.940543473784647 6.674532814777374 6.532185973837027 6.4094118235259785 6.291086011994315 6.081124421607303 5.920094557793536 5.743940342129857 5.6007038334336325 5.494833370484249 5.272416431514958 5.109607232189436 4.982384743099001 4.864058931567338 4.752850462082692 4.759078136373832 4.767974813932604 4.762636807397341 4.75018145881506 4.7519607943268145 4.754629797594446 4.834699895623391 4.937011687549266 5.049999492545666 5.1665459685655755 5.2314917147446085 5.163876965297943 5.07046185093084 4.993950423925405
7.765265483482782 7.232354497712359 6.859583707999825 6.654960124148078 6.775065271191494 6.850687030441053 6.929867460714121 6.9885855326020145 7.0686556306309605 7.094455995551398 7.170967422556835 7.194988451965518 7.120256360471835 6.97435084850798 6.7741756034356175 6.614925075133604 6.495709595846064 6.411191159037733 6.279520331167912 6.046427379128094 5.878280173267309 5.70212595760363 5.511737057845917 5.35960387159092 5.178111649391978 4.9565843781785635 4.862279596055584 4.661214683227344 4.5419992039398025 4.542888871695681 4.607834617874714 4.622069301968748 4.686125380391904 4.698580728974185 4.69680139346243 4.7270500971622536 4.7670851461767265 4.79110617558541 4.867617602590847 4.874734944637864 4.8569415895203205 4.748402123303306 4.636303986062783 4.54911654598682
7.561531567386911 7.190540113186131 6.812431316938335 6.650511785368691 6.732361218909391 6.850687030441053 6.862252711267457 6.967233506460962 7.104242340866046 7.147836060904028 7.180753767871483 7.220788816885955 7.118477024960081 6.919191447643595 6.716347199303602 6.480585243996153 6.33645906754405 6.225250598059405 6.089131431410198 5.906749541455378 5.752837019688629 5.5259717419399506 5.340031180961622 5.142524939156891 4.947687700619792 4.735946774721025 4.536661197404539 4.3871970144171755 4.406769705046473 4.450363425084454 4.478832793272524 4.550895881498574 4.595379269292433 4.560682226813224 4.540219868428048 4.533992194136909 4.535771529648663 4.574027243151381 4.584703256221907 4.5677995688602415 4.468156780201998 4.340044623355686 4.245739841232706 4.199477117927094
7.388046354990863 7.070434966142715 6.936095135005262 6.7741756034356175 6.79552762957667 6.8586940402439485 6.8382316818587725 6.926308789690612 7.064207291851574 7.137160047833502 7.201216126256657 7.215450810350692 7.009937558743067 6.809762313670705 6.692326169894917 6.470798898681503 6.301762025064841 6.126497477157039 5.9903783105078325 5.799989410750118 5.599814165677756 5.385404236511358 5.197684340021276 4.999288430460668 4.755519465350323 4.542888871695681 4.318692597214634 4.278657548200162 4.2982302388294595 4.3329272813086686 4.3871970144171755 4.466377444690243 4.380079672370158 4.346272297646826 4.281326551467793 4.261753860838495 4.295561235561827 4.344492962135072 4.355168975205598 4.231505157138671 4.125634694189289 3.9930741985635905 3.891652074393593 3.846279018843858
7.161181077242185 6.920970783155349 6.811541649182459 6.849797362685177 6.876487395361492 6.874708059849738 6.872039056582105 6.9538884901228055 7.098904334330783 7.174526093580342 7.218119813618324 7.04641393673403 6.834673010835264 6.626490755960008 6.517951289742992 6.32400371896177 6.295534350773701 6.119380135110022 5.886287183070204 5.6852222702419635 5.500171377019512 5.288430451120747 5.0962622158512785 4.824023882552865 4.575806578663135 4.365844988276123 4.195028779147708 4.1630007399361295 4.216380805288759 4.242181170209197 4.351610304182089 4.324030603749897 4.225277482847531 4.154104062377358 4.090047983954202 4.0678062900572725 4.150545391353849 4.192359775880076 4.098944661512974 3.9690531691549067 3.825816660458683 3.6727938064478103 3.56603367574255 3.3889897923229935
6.8382316818587725 6.719905870327111 6.762609922609213 6.800865636111933 6.865811382290966 6.899618757014299 6.936984802761138 6.975240516263858 7.121146028227713 7.155843070706922 7.125594367007098 6.848018027173422 6.674532814777374 6.46546089214624 6.3044310283324725 6.125607809401162 6.21101591396537 6.061551730978006 5.82756911118231 5.551772106860389 5.422770282258199 5.16832530407733 4.915659661408213 4.641641992598046 4.425452727919894 4.217270473044637 4.092716987221833 4.107841339071745 4.160331736668498 4.204815124462357 4.295561235561827 4.187021769344813 4.14698672033034 4.075813299860167 4.016205560216397 3.9984122050988535 4.059799280254378 3.947701143013855 3.8525066931349983 3.687918158297722 3.497529258540008 3.3249337138998376 3.1354344818980007 2.95661126296669
6.566883016316238 6.607807733086586 6.612256071865973 6.59713172001606 6.650511785368691 6.929867460714121 7.016165233034206 6.980578522799121 6.960116164413945 6.92719845744649 6.821327994497107 6.714567863791848 6.581117700410271 6.41830850108475 6.241264617665194 6.11671113184239 6.058882727710374 5.8951838606289755 5.684332602486087 5.408535598164164 5.161207962030312 4.864058931567338 4.65943534771559 4.46103943815498 4.259974525326741 4.102503332536482 4.050902602695606 4.06869595781315 4.0980549937570965 4.1380900427715686 4.1176276843863935 4.07492363210429 4.061578615766132 4.041116257380958 3.9690531691549067 3.9441424719903466 3.831154666993946 3.6790214807389505 3.501087929563517 3.321375042876329 3.077606077765985 2.8907758490317796 2.6665795745507332 2.481528681328282
6.75460291280632 6.7092298572565845 6.710119525012461 6.705671186233076 6.69499517316255 6.816879655717722 6.820438326741231 6.852466365952807 6.862252711267457 6.8044243071354416 6.650511785368691 6.599800723283693 6.545530990175186 6.390728800652559 6.12916648042467 5.871162831220292 5.649635560006876 5.508178386822408 5.337362177693992 5.079358528489612 4.8115685339705845 4.6318556472833965 4.4325700699669115 4.218160140800514 4.058909612498501 4.00908821816938 3.976170511201924 3.9654944981313984 3.969942836910784 3.9548184850608723 3.930797455652189 3.935245794431575 3.9601564915961354 3.969942836910784 3.9023280874641193 3.735070549359212 3.4930809197606223 3.3471754077967666 3.1594555113066844 2.9130175429287086 2.6683589100624876 2.4833080168400365 2.3187194820027606 2.1763726410624136
6.909405102328947 6.575779693875008 6.530406638325273 6.574000358363254 6.630049426983517 6.7483752385151785 6.741257896468163 6.746595903003424 6.735030222177022 6.6789811535567605 6.5642140130486055 6.228809269082913 6.159415184124494 6.09802810896897 5.944115587202219 5.729705658035822 5.4459016439110055 5.190566997974258 4.930784013258125 4.662994018739099 4.4476944218168235 4.219939476312268 4.050902602695606 3.9565978205726267 3.9192317748257857 3.8542860286467526 3.761760582035527 3.7493052334532466 3.730622210579826 3.66656613215667 3.570482014521936 3.5526886594043923 3.636317428456846 3.661228125621407 3.5313366332633405 3.2172839154387 3.041129699775021 2.854299471040816 2.6060821671510856 2.348078517946707 2.24665639377671 2.145234269606713 2.0206807837839094 1.8507542424113703
6.660298130683339 6.549089661198694 6.437881191714048 6.382721790849663 6.415639497817118 6.605138729818956 6.544641322419308 6.4699092309256265 6.386280461873172 6.338238403055804 6.392508136164313 6.006392330113622 5.855148811614503 5.671877253903807 5.4459016439110055 5.195015336753644 4.940570358572774 4.676339035077255 4.459260102643226 4.268871202885513 4.136310707259815 3.9388044654550836 3.8026852988058764 3.7057115134152654 3.626531083142197 3.571371682277813 3.5749303533013217 3.516212281413429 3.390769127834748 3.2573189644531726 3.146110494968527 3.226180592997472 3.3658584306701873 3.3614100918908014 3.147889830480281 2.8142644220263433 2.618537515733366 2.396120576764074 2.214628354565132 2.08028852342768 2.094523207521714 2.049150151971979 1.89167895918172 1.5927505932069916
6.399625478211329 6.441439862737557 6.376494116558524 6.19856056538309 6.297313686285455 6.367597438999752 6.345355745102822 6.370266442267383 6.410301491281855 6.267064982585632 6.075786415072041 5.735043664571085 5.485936692925478 5.210139688603556 4.817796208261726 4.582923920710153 4.396983359731825 4.2279464861151625 4.090937651710079 3.9281284523845574 3.7697675918384217 3.596282379442374 3.4379215188962378 3.35874108862317 3.316926704096943 3.297354013467645 3.227070260753349 3.1131927880010717 3.0268950156809864 2.9112382074169543 2.8694238228907274 2.9690666115489703 3.2083872378799283 3.2617673032325585 2.91568654619634 2.5518124340425787 2.3222781530262693 2.218187025588641 2.2430977227532014 2.1069785561039946 1.9806457347694368 1.827622880758564 1.6060956095451493 1.2804772108941058
6.1549668453451085 6.196781229871336 6.132725151448179 6.090910766921953 6.038420369325199 6.0802347538514265 6.092690102433707 6.1514081743216 6.185215549044932 5.986819639484324 5.6905602767772265 5.374728223440832 5.072241186442595 4.743953784523921 4.419225053628754 4.2074841277299875 4.002860543878239 3.8747483870319273 3.730622210579826 3.571371682277813 3.4379215188962378 3.265325974256067 3.121199797803966 3.047357374066161 3.025115680169232 2.9263625592668663 2.8107057510028346 2.733304656241521 2.6443378806538043 2.5642677826248588 2.5980751573481915 2.7359736595091526 2.7742293730118703 2.6309928643156466 2.3089331366881116 2.0420328099249616 1.8427472326084757 2.0126737739810148 2.1496826083860987 2.135447924292064 2.0624951683101362 1.8409678970967216 1.4904388012811174 1.1425787087331447
5.858707482638012 5.888956186337835 5.989488642751955 6.039310037081076 5.92810156759643 5.86849382795266 5.886287183070204 5.778637384609066 5.756395690712138 5.556220445639775 5.221705369429959 4.904093980581811 4.614951959921731 4.316023593947002 4.101613664780605 3.8925417421494704 3.6968148358564936 3.5589163336955325 3.4156798249993088 3.232408267288612 3.0544747161131784 2.8961138555670427 2.8365061159232723 2.7591050211619588 2.6114201736863487 2.485087352351791 2.3649822053083733 2.2911397815705685 2.2164076900768865 2.251104732556096 2.2902501138146913 2.132778921024433 1.897016965716983 1.5544948797042735 1.22264880676209 0.9726521673606057 1.2066347871563008 1.403251361205155 1.5776262413570799 1.519797837225064 1.3516506313642793 1.0473842588542879 0.7021931695739467 0.7413385508325421
5.684332602486087 5.8106654238206445 5.976143626413798 5.9948266492872175 5.828458778938188 5.769740707050294 5.630062869377579 5.481488354146093 5.389852575290744 5.197684340021276 4.861389928299706 4.505522825948839 4.215491137532883 3.9743911756901698 3.756422575500264 3.5446816496014977 3.3792034470083445 3.241304944847384 3.048247041822038 2.850740800017307 2.5820611377424023 2.44772130660495 2.401458583299337 2.331174830585041 2.184379650865308 1.986873409060577 1.858761252214265 1.7866981639882142 1.8044915191057576 1.8391885615849672 1.6781586977711997 1.4548520910460305 0.9085960889374496 0.37657477092290326 0.10522610538036714 0.4308445040314104 0.6648271238271057 0.6363577556390363 0.6158953972538614 0.38102310970228914 0.021597336327913386 -0.28355870393795524 0.0349423526660706 0.18707553892106654
5.687891273509596 5.862266153661521 5.952122597005114 5.924542896572921 5.807106752797136 5.666539247368544 5.509957722334162 5.282202776829607 5.167435636321452 4.953915374910932 4.6621043509832205 4.299119906585336 3.962825494863767 3.7128288554622824 3.4254661703139577 3.2172839154387 3.05714371938081 2.8311681093880092 2.632772199827401 2.3667615408201277 2.081178191183557 1.9512866988254904 1.8471955713878616 1.7804704896970742 1.609654280568658 1.4103687032521721 1.2947118949881404 1.2982705660116491 1.345422957073139 1.2297661488091072 1.0571706041689366 0.7208761924473672 0.16661318053589147 -0.32448342070830494 -0.2150542867354135 0.13903348010369943 0.3418777284436938 0.2262209201796619 -0.20971628020015043 -0.5735903923539118 -0.85383573545522 -0.5967217540067185 -0.2319579740970794 0.20753789730624117
5.797320407482487 5.858707482638012 5.920094557793536 5.894294192873098 5.769740707050294 5.601593501189511 5.360493539346797 5.1665459685655755 4.9316736810140025 4.638083321574538 4.372072662567264 4.0526819382073604 3.7128288554622824 3.4414801899197465 3.1443311594567724 2.9325902335580065 2.674586584353628 2.4272589482197753 2.1683656312595194 1.8792236105994398 1.6452409908037446 1.4904388012811174 1.344533289317262 1.1790550867241087 0.990445522478149 0.8365330007113991 0.7964979516969264 0.8507676848054337 0.7475662251236823 0.5954330388686866 0.35522274478185123 0.053625375539491316 -0.314697075393656 -0.5077549784190016 -0.28355870393795524 0.11145377967150738 0.296504672893958 0.13547480908019072 -0.3138074076377788 -0.5193206592454049 -0.3716358117697949 -0.10740448827427596 0.2511316173442224 0.7013035018180696
6.020627014207657 5.999274988066604 6.008171665625376 5.873831834487923 5.73949200335047 5.544654764813371 5.271526763759081 4.916549329164091 4.585592923977784 4.279547215956039 4.001081208366485 3.716387526485791 3.4308041768492203 3.15144850150379 2.8204920963174835 2.579392134474771 2.2946984525940772 2.0162324450045235 1.7617874668236535 1.5215771727368184 1.3196225921527012 1.0883089756246376 0.899699411378678 0.7226555279591216 0.5829776902864061 0.49223157918693516 0.5278182894220218 0.44063084934605934 0.27604231450878336 0.03227334939843951 -0.22128196102655373 -0.4339125546811968 -0.6501018193593486 -0.5273276690482991 -0.12964618217120538 0.21109656832974988 0.3303120476172905 0.2822699887999236 0.221772581400276 0.24668327856483696 0.4148304844256214 0.6630477883153514 0.9886661869663946 1.5286945147838356
5.977922961925552 5.901411534920116 5.861376485905643 5.732374661303454 5.638959546936351 5.414763272455305 5.054447831325051 4.628296976259888 4.244850173476829 3.8373823412850863 3.5375643075544807 3.2813399938618564 3.020667341389846 2.7430910015561696 2.5091083817604747 2.292919117082323 1.9477280278019817 1.6256683001744467 1.3756716607729627 1.1897310997946347 1.0518325976336735 0.7715872545323659 0.6176747327656158 0.5029075922574611 0.42105815871676167 0.37301609989939455 0.3374293896643079 0.13814381234782225 -0.1625638891386605 -0.48373394901031785 -0.7283925818765393 -0.8191386929760105 -0.7275029141206621 -0.32715242397593647 0.028714678374930802 0.18618587116518936 0.18173753238580348 0.1514888286859799 0.18262720014168066 0.33920872517606226 0.7297728700061388 1.1630410671183196 1.5909712576952373 2.0633848360660134
