static/data/seaWind_vo/2023/7/7/18.asc
ncols 137
nrows 93
xllcorner 108.0
yllcorner 17.0
cellsize 0.25
NODATA_value -32767
[rows 0 to 18 of 93, columns 44 to 87 of 137]
-1.7088064488531782 -1.8885193355403662 -2.1180536165566752 -2.451679025010613 -1.3671740305963458 -0.1776882409885725 1.5980885997422547 2.9414869111167783 3.821368321679297 3.8222579894351743 3.25198095791791 2.552702101798456 0.8427606750025392 0.49223157918693516 0.43974118159018216 0.7911599451616635 0.9130444277168355 1.2324351520767387 1.4708661106518197 1.064287946215954 0.7876012741381548 0.6817308111887719 0.32052570230264177 -0.005092696348401926 -0.37608415054918076 -0.3956568411784782 -0.674122848768032 -0.8511667321875884 -0.859173741990483 -0.37252547952567205 -0.24975132921462295 -0.3707461440139177 -0.9374645045076737 -0.9499198530899542 -0.8573944064787287 -0.7052612202237327 -0.7497446080175911 -0.7986763345908354 -0.9623752016722342 -0.22395096429418526 1.1007643242069178 2.7386426627767837 3.795567956758859 3.947701143013855
-2.2924284967086 -2.287090490173337 -2.505948758119121 -1.1625504467445973 0.8222983166173643 2.968176943793093 3.890762406637716 4.3124649229234935 4.308016584144108 3.2030492313446652 1.7751324831618112 0.4984592534780752 -0.4748372714515465 0.2137655715973814 0.8027256259880666 1.3934650158905062 2.013563441736892 2.893444852299411 3.1594555113066844 2.7813467150588878 2.263560081138376 1.9895424123282086 1.7190834145415494 1.0705156205070943 0.12924713478905048 -0.5122033171983875 -0.4410298967282138 -0.3903188346432156 -0.2524203324822545 -0.15544654709164307 -0.3253730884641821 -0.6563294936504884 -0.8983191232490784 -0.6981438781767153 -0.6661158389651374 -0.8573944064787287 -1.1518744336740712 -1.1589917757210886 0.08209474372756054 1.6657033491889195 3.461942548304921 4.4227837246522625 4.732388103697517 4.343603294379195
-2.3591535783993876 -1.8867400000286119 -0.6412051418005769 2.0651641715777678 4.693242722438922 6.642504775565797 6.661187798439217 6.404963484746592 5.801768746261873 4.187021769344813 2.9014518621023058 1.694172717376989 0.6078883874509668 1.9237069983932982 3.312478365317557 4.568689236616118 4.444135750793315 4.314244258435248 3.7768849338854387 2.9539422596990583 2.6354412030950325 2.608751170418717 2.628323861048015 2.3018157946410946 1.5447085343896245 0.9148237632285898 0.677282472409386 0.28493899206755513 0.10878477640387585 0.00024531018686113626 -0.11096315929778466 -0.2880070427173411 -0.6625571679416287 -1.4125470861460814 -2.1296192973830785 -2.3894022820992116 -2.13228830065071 -0.6412051418005769 1.3276296019555955 3.25198095791791 4.7617471396414635 4.892528299755407 4.667442357518484 4.065137286789641
-1.872505315934577 -1.0006309151749524 1.811608861152775 4.708367074288834 7.041075930198767 8.107787569495493 8.718989317783105 8.481448026963902 7.6424913331717335 5.836465788741082 5.250174737618028 4.619400298701117 3.4041141441729055 3.810692308608771 4.647869666889186 5.678994595950824 4.767974813932604 4.171897417494901 3.6211930766069345 3.1123031202451945 2.9414869111167783 2.7582153534060816 2.5073290462487203 2.6016338283717 2.2297527064150438 1.7155247435180407 0.8053946292556982 0.7876012741381548 0.5215906151308816 0.13725414459194507 -0.19726093161786995 -0.23462697736471094 -0.48106494574268677 -1.018424270292496 -2.092253251636237 -2.4943830772927176 -2.2853111546615827 -0.6127357736125072 1.365885315458314 3.3293820526792235 4.869396938102601 4.947687700619792 4.595379269292433 4.003750211634117
-0.24530299043523707 1.4833214592341002 4.343603294379195 6.741257896468163 7.853342591314622 8.452088991019956 8.933399246949504 8.763472705576964 7.933412689343568 6.466350559902118 6.7394785609564085 6.293755015261946 6.2546096340033515 5.793761736458978 6.232367940106422 5.706574296383016 4.833810227867515 4.347161965402703 3.869410380496664 3.188814547250631 2.957500930722567 2.452169645384336 2.0580468295307504 2.071391845868908 2.1443446018508356 1.694172717376989 1.085639972357006 1.1221163503479699 0.9192721020079757 0.6434750976860537 -0.07181777803918932 -0.28622770720558677 -0.5264380012924219 -0.6340877997535594 -1.3226906428024874 -1.6545367157446709 -1.575356285471603 -0.7942279958114495 0.5536186543424597 2.3818858926700397 4.431680402211034 4.9014249773141785 4.592710266024802 3.9521494817932408
2.2911397815705685 4.129193365212798 6.363149100220365 7.52416552164007 8.641588223021792 8.51080706290785 8.346218528070573 8.279493446379785 8.470772013893376 7.620249639274803 7.740354786318221 7.646050004195242 7.481461469357965 7.062427956339819 6.549979328954571 5.980591965193184 5.0268681308928596 4.2528571832797235 3.7493052334532466 3.1914835505182624 2.8231610995851146 2.309822804443989 1.6132129515921667 1.4183757130550667 1.4423967424637505 1.3196225921527012 0.9379551248813962 1.132792363418496 1.244000832903142 0.9833281804311318 0.48511423713991775 -0.24263398716760554 -0.5353346788511937 -0.9356851689959194 -0.6847988618385581 -1.0175346025366188 -0.5122033171983875 -0.5282173368041763 0.603440048671581 1.6728206912359367 3.9334664589198205 4.5615718945691 4.473494786737261 3.7279532073121944
4.114958681118763 5.84981080507924 7.5570832286075245 8.63269154546302 8.880019181596873 8.722547988806614 8.218996038980137 7.96366139304339 8.13625693768356 8.167395309139263 8.297286801497329 8.202092351618472 7.778610499820939 7.384487683967354 6.870259721070351 6.100697112236601 5.152311284471541 4.385417678905421 3.9147834360464 3.4832945744459733 2.987749634422391 2.433486622510915 1.7786911541853199 1.5633915572630452 0.97443150287236 0.8516573525613109 0.7956082839410492 1.0705156205070943 1.18172408999174 1.2413318296355105 1.0126872163750782 0.289387330846941 -0.26576534882041214 -0.6767918520356635 -0.5015273041278614 -0.5104239816866332 -0.07893512008620673 -0.2364063128764653 -0.23017863858532506 0.841871007246662 3.130986143118615 4.366734656032001 4.278657548200162 3.433473180116852
5.233271050256363 7.091786992283765 8.29639713374145 8.95030293431117 9.002793331907922 8.780376392938631 7.998358435522601 7.754589470412256 7.646050004195242 8.029496806978301 8.130918931148297 8.098001224180843 7.910281327690761 7.522386186128315 6.783961948750266 6.052655053419234 5.212808691871188 4.574027243151381 4.054461273719115 3.800905963294122 3.1656831855978247 2.6452275484096814 2.4450523033373184 2.3498578534584613 1.7573391280442676 1.1559237250713024 1.0829709690893745 1.1728274124329685 1.0705156205070943 1.165710070385951 0.9797695094076231 0.32497404108202765 0.013590326525018792 -0.060252097212786015 -0.1839159152797123 -0.27466202637918347 -0.33960777255821695 -0.4481472387752312 -0.434802222437074 0.04383903022484237 2.070502178113031 3.5953927116864968 4.051792270451484 3.207497570124051
5.291989122144256 7.23502350097999 8.377356899526273 8.951192602067048 8.918274895099591 8.580201147866267 8.049069497607599 7.539289873489981 7.094455995551398 7.191429780942009 7.447654094634633 7.791955516159097 7.8542322590705 7.487689143649106 6.829335004300001 5.9601296068080085 5.187897994706627 4.6718906962978695 4.211042798753496 3.872969051520173 3.4236868348022034 2.9637286050137073 2.770670701988362 2.7377529950209065 2.5455847597514385 2.124771911221538 1.7520011215090048 1.4477347489990133 1.0989849886951635 1.1052126629863037 0.5002385889898295 0.09366042455396384 -0.06203143272454037 0.010921323257387261 -0.12252884012418797 -0.15722588260339743 -0.3547321244081285 -0.4161191995636533 -0.3342697660229539 0.1728408548270317 1.2609045202648081 2.808036747735203 3.2991333489793995 3.2190632509504544
4.977936404319616 7.060648620828065 8.142484611974702 8.751017356994684 8.533938424560656 7.952985379972864 7.4129570521554236 6.9583368289021905 6.397846142699576 6.302651692820718 6.881825401896755 7.3133142634971815 7.4129570521554236 6.994813206893156 6.404963484746592 5.8053274172853815 4.880962618929004 4.473494786737261 4.107841339071745 3.8026852988058764 3.461052880549044 2.9797426246194965 2.6914902717152938 2.5518124340425787 2.7519876791149414 2.5927371508129284 2.4067965898346 2.107868223859872 1.73153876312383 1.0144665518868325 0.4379618460784278 0.05184604002773696 -0.1367635242182228 -0.2479719937028686 -0.2853380394497096 -0.2595376745292719 -0.08249379110971544 0.010921323257387261 0.04294936246896519 0.28760799533518666 1.0954263176716548 2.438824629046178 3.1069651137099314 3.1336551463862463
5.759064693979768 7.4645577819963 8.275934775356276 8.074869862528036 7.031289584884119 5.898742531652484 5.380066229976095 5.0464408215221574 4.89163863199953 5.0517788280574205 5.951232929249237 6.650511785368691 6.591793713480797 5.864045489173274 5.7403816711063484 5.477040015366707 4.668332025274361 4.160331736668498 3.746636230185615 3.4041141441729055 3.082054416545371 2.803588408955817 2.425479612708021 2.1754829733065364 2.129220250000924 1.9877630768164543 1.8507542424113703 1.679938033282954 1.3934650158905062 1.1203370148362155 0.8890233983081519 0.5198112796191272 0.1185711217185248 0.01447999428089597 0.08209474372756054 0.15415783195361143 0.0696393951452805 -0.14921887280050283 -0.2897863782290955 -0.08071445559796109 0.8089533002792069 2.2475460615325873 2.9646182727695845 3.0224466769016005
5.284871780097238 6.846238691661668 7.299079579403147 6.661187798439217 5.114945238724699 4.406769705046473 4.682566709368396 5.106938228921805 5.130069590574611 4.384528011149545 4.348941300914458 4.381859007881912 4.246629508988583 4.0882686484424475 4.433459737722789 4.662994018739099 4.418335385872877 3.86763104498491 3.4530458707461493 3.147889830480281 2.921024552731603 2.399679247787583 1.8009328480822488 1.3311882729791042 1.0891986433805148 0.8160706423262241 0.5989917098921953 0.46198287548711137 0.4521965301724624 0.9655348253135885 1.123006018103847 0.9219411052756072 0.46732088202237443 0.16127517400062885 0.03316301715431624 0.04028035920133366 0.20931723281799552 0.2813803210440464 0.3000633439174667 0.4112718134021127 0.6755031368976316 2.066943507089522 2.7350839917532754 2.665689906794856
3.5135432781457974 4.369403659299632 4.606944950118836 4.230615489382794 4.089158316198325 4.37029332705551 4.564240897836733 4.673670031809624 4.444135750793315 3.815140647388157 3.5633646724749184 3.5580266659396553 3.8329340025057004 4.090047983954202 4.2377328314298115 4.14698672033034 3.8080233053411394 3.422797167046326 3.0019843185164254 2.613199509198103 2.1496826083860987 1.4495140845107677 0.841871007246662 0.33120171537316767 0.02337667183966774 -0.29423471700848136 -0.4525955775546171 -0.4855132845220722 -0.13409452095059127 0.44418952036956805 0.7351108765414018 0.9513001412195536 0.9851075159428861 0.571412009460003 0.37212643214351737 0.38814045174930634 0.6212334037891245 0.5207009473750044 0.33920872517606226 0.07052906290115768 0.13013680254492765 1.1790550867241087 1.9352726792197013 2.0696125103571537
2.9228038882433576 3.184366208471245 3.4201281637786947 3.5055362683429028 3.6051790570011453 3.8596240351820152 4.0277712410428 4.082040974151307 4.574916910907259 5.2314917147446085 4.997509094948914 4.9512463716433 4.9921710884136505 4.638972989330414 3.906776426243505 3.5678130112543043 3.1772488664242275 3.037571028751512 2.590068147545297 2.0215704515397865 1.4601900975812936 0.7991669549645579 0.018038665304404677 -0.5709213890862803 -0.9321264979724107 -0.9525888563575857 -1.1225153977301248 -0.9463611820664455 -0.33871810480233977 0.4637622109988657 0.8703403754347314 1.0571706041689366 1.1470270475125306 0.9495208057077993 0.7609112414618397 0.6345784201272819 0.5295976249337762 0.370347096631763 0.25735929163536264 0.09010175353045513 0.22711058793553907 0.6728341336300001 1.281366878649983 1.2911532239646317
2.7857950538382736 2.973514950328356 3.0019843185164254 3.083833752057125 3.0215570091457233 3.4405905221638693 3.735070549359212 4.654987008936203 5.3809558977319725 5.662090908589157 5.420101278990568 5.330244835646974 5.112276235457068 4.461929105910858 3.7866712792000876 3.390769127834748 2.9948669764694085 2.745760004823801 2.13366858878031 1.5331428535632214 0.8810163885052573 0.2920563341145721 -0.44992657428698557 -0.8742980938403946 -1.094046029542055 -1.070914667889249 -1.0059689217102155 -0.7986763345908354 0.3009530116733439 1.191510435306389 1.4530727555342764 0.8116223035468384 0.6479234364654394 0.6514821074889481 0.4949005824545665 0.3223050378143961 0.07408773392466639 0.3151876957673787 0.23422792998255648 0.32497404108202765 0.4086028101344812 0.5696326739482487 0.21910357813264447 0.12390912825378742
2.569605789160122 2.728856317462135 2.75554635013845 2.70216628478582 2.64878621943319 3.3302717204351007 3.9654944981313984 4.880962618929004 5.053558163569175 4.953915374910932 4.713705080824097 4.578475581930767 4.348051633158581 3.8943210776612247 3.8026852988058764 3.411231486219923 3.083833752057125 2.712842297856346 2.0954128752775913 1.271580533335334 0.6221230715450017 0.038501023689579306 -0.3262627562200593 -0.7461859369940824 -0.8057936766378528 -0.8102420154172387 -0.7372892594353111 -0.06381076823629472 1.048273926610165 1.9406106857549643 2.0918542042540826 1.4557417588019077 1.2101934581798095 1.3276296019555955 1.1692687414094598 0.7413385508325421 0.4646518787547429 0.6416957621742994 0.5678533384364943 0.655930446268334 0.5989917098921953 0.2635869659265029 -0.08249379110971544 -0.10829415603015313
2.0909645364982055 2.2493253970443416 2.268008419917762 2.212849019053378 2.479749345816528 3.541122978577989 4.179014759541919 4.137200375015691 3.9227904458492944 3.8480583543556124 3.650552112550881 3.5144329459016745 3.302692020002908 3.341837401261504 3.2493119546502784 3.2350772705562436 2.9886393021782682 2.670138245574242 2.2119593512975007 1.3854580060876116 0.8125119713027156 0.13280580581255919 -0.2319579740970794 -0.494409962080844 -0.5655833825510177 -0.5664730503068949 -0.24975132921462295 0.42550649749614755 1.1514753862919165 2.2226353643680263 2.372989215111268 2.4788596780606507 2.3071538011763573 2.3845548959376712 2.0918542042540826 1.6621446781654108 1.02158389393385 0.8027256259880666 0.7288832022502618 0.82051898110561 0.7529042316589452 0.38013344194641197 0.7075311761092098 0.6808411434328947
1.642571987536113 1.6657033491889195 1.7030693949357605 2.1728139700389053 2.6140891769539802 3.591834040662988 3.5633646724749184 3.470839225863693 3.237746273823875 3.0687094002072133 2.8418441224585353 2.622985854512752 2.410355260858109 2.5553711050660874 2.537577749948544 2.538467417704421 2.553591769554333 2.5544814373102103 2.1425652663390813 1.897016965716983 1.3836786705758573 0.6443647654419307 0.2751526467529062 0.0011349779427383133 -0.22661996756181635 -0.16879156342980073 0.13013680254492765 0.4753278918252688 0.9753211706282372 2.1674759635036422 2.4397142968020553 2.6256548577803835 2.4788596780606507 2.600744160615823 2.3053744656646034 1.5126804951780466 0.6114470584744756 0.3294223798614133 0.5393839702484249 0.6594891172918427 0.7021931695739467 0.8018359582321894 1.238662826367879 1.9993287576428573
1.652358332850762 1.589191922183483 2.1550206149213618 2.80269874119994 3.4032244764170283 3.4121211539758 3.3338303914586094 3.067819732451336 2.968176943793093 2.594516486324683 2.3747685506230223 2.1728139700389053 2.0696125103571537 1.9610730441401392 1.9450590245343502 2.0153427772486463 2.1487929406302215 2.304484797908726 2.3596441987731103 2.2715670909412706 2.0696125103571537 1.73153876312383 1.3596576411671737 1.1256750213714786 0.7626905769735941 0.7013035018180696 0.6835101467005262 0.9415137959049049 1.5171288339574325 2.135447924292064 2.236870048462061 2.008225435201629 1.9530660343372448 2.1390065953155726 1.5758469058453255 0.6692754626064914 -0.18480558303558947 -0.06559010374804908 0.17195118707115453 0.23155892671492495 0.2707043079735203 0.71998652469149 1.6087646128127808 2.3987895800317056
