static/data/seaWind_vo/2023/7/7/6.asc
ncols 137
nrows 93
xllcorner 108.0
yllcorner 17.0
cellsize 0.25
NODATA_value -32767
[rows 57 to 75 of 93, columns 44 to 87 of 137]
3.735960217115089 5.477040015366707 8.62379486790425 12.246521969836076 12.585485384825278 12.126416822792658 11.903999883823367 11.438703647499608 10.701169077877436 9.585525712007467 7.727009769980064 6.541972319151677 5.881838844290818 5.364052210370306 5.159428626518558 5.224374372697591 6.265285647073878 6.675422482533252 6.875597727605614 7.259044530388673 7.7323477765153275 8.325756169685398 8.700306294909685 8.923612901634854 8.935178582461258 9.028593696828361 9.024145358048974 8.944964927775906 8.509027727396095 7.9770064093815485 7.763486147971028 7.654946681754014 7.469006120775685 7.311534927985427 7.293741572867884 7.239471839759377 7.410288048887793 7.400501703573143 7.122035695983589 6.779513609970881 6.4191981688406266 6.527737635057642 6.483254247263783 6.461902221122731
5.030426801916368 8.178960989965665 11.307032819629788 12.314136719282741 11.768770384930036 11.701155635483373 11.578381485172324 10.98853176302576 9.679830494130448 8.163836638115754 5.280423441317852 4.084709977418939 4.159442068912621 4.725270761650499 4.719932755115236 4.848044911961549 5.984150636216692 6.837342014102896 7.558862564119279 7.962771725287514 8.377356899526273 8.865784497502839 9.07574608788985 9.10421545607792 9.072187416866342 9.000124328640291 8.949413266555293 8.62646387117188 8.207430358153735 7.873804949699796 7.799962525961991 7.730568441003573 7.675409040139188 7.553524557584016 7.431640075028843 7.422743397470073 7.5277241926635785 7.4325297427847214 7.157622406218676 6.916522444375964 6.641615107809919 6.652291120880445 6.406742820258346 6.299982689553087
7.580214590260331 10.47341413237288 11.321267503723822 11.413792950335047 11.102409235778039 11.296356806559261 11.033015150819619 10.27234921954464 8.992117318837396 6.093579770189583 2.433486622510915 1.8872306204023341 4.082040974151307 4.614062292165854 4.6371936538186596 4.759078136373832 6.194112226603703 7.31687293452069 8.072200859260406 8.462765004090482 8.834646126047138 8.994786322105028 9.089091104228007 8.95653060860231 8.794611077032666 8.694968288374422 8.491234372278551 8.194085341815578 8.089104546622071 7.996579100010846 7.8666876076527785 7.59622860986612 7.48324080486972 7.393384361526126 7.35423898026753 7.375591006408582 7.331107618614725 7.222568152397709 6.985026861578506 6.7732859356797395 6.562434677536851 6.416529165572996 6.156746180856863 5.8800595087790635
9.241224290483004 10.180713440689292 10.931593026649622 10.63355432843077 10.6557960223277 10.723410771774365 10.486759148711037 9.673602819839306 6.930757128469999 3.6638971288890385 -0.3662978052345318 0.736000544297279 3.0171086703663375 4.49573648063419 4.534881861892785 5.151421616715663 6.705671186233076 7.8622392688733935 8.476110020428639 8.8595568232117 8.866674165258717 8.976992966987485 8.876460510573365 8.603332509519074 8.463654671846358 8.354225537873468 8.151381289533473 8.066862852725142 8.120242918077771 8.075759530283914 7.787507177379711 7.50548249876665 7.167408751533326 7.112249350668941 7.24747884956227 7.229685494444727 7.150505064171659 6.944102144808156 6.711009192768339 6.527737635057642 6.3195553801823845 6.082014089363181 5.743050674373979 5.463694999028549
9.074856420133973 10.015235238096139 10.08107065203105 9.959186169475878 9.960075837231756 9.850646703258864 9.624671093266063 7.764375815726906 5.015302450066456 1.736876769659093 -1.4125470861460814 0.13369547356843636 1.8712166007965452 3.3525134143320297 4.6870150481477815 5.520633735404688 7.159401741730431 8.44141297794943 8.966316953916959 8.889805526911521 8.896922868958539 8.900481539982048 8.800838751323806 8.556180118457585 8.500131049837323 8.389812248108553 8.225223713271278 8.142484611974702 8.172733315674526 8.049959165363475 7.722561431200678 7.256375527121042 6.919191447643595 7.040186262442891 7.229685494444727 7.138939383345257 6.889832411699649 6.6834294923361455 6.481474911752029 6.2946446830178235 6.05710339219862 5.706574296383016 5.3711695524173235 5.091813877071893
9.071297749110464 8.848880810141173 8.889805526911521 9.03215236785187 8.84621180687354 8.66738858794223 7.8266525586383064 5.884507847558449 3.6701248031801788 0.4940109146986893 -0.5157619882218962 0.3160773635232559 1.5678398960424311 2.4281486159756525 3.836492673529209 5.7457196776416115 7.520606850616561 8.875570842817488 9.085532433204499 8.993006986593274 8.728775663097755 8.724327324318368 8.8088457611267 8.684292275303896 8.634470880974774 8.590877160936794 8.430736964878903 8.289279791694433 8.223444377759524 7.995689432254968 7.608683958448401 7.151394731927537 6.925419121934736 7.086448985748502 7.180753767871483 6.992144203625523 6.710119525012461 6.49659926360194 6.2946446830178235 6.075786415072041 5.806217085041259 5.420101278990568 5.146973277936278 4.865838267079092
7.962771725287514 7.8070798680090085 7.839107907220587 7.77505182879743 7.796403854938482 7.039296594687013 5.8747215022438 3.963715162619644 1.9326036759520697 0.7342212087855247 0.3819127774581663 0.7333315410296475 1.2609045202648081 2.013563441736892 3.5375643075544807 5.723477983744682 7.974337406113916 9.0659597425752 9.203858244736162 8.91560589183196 8.609560183810215 8.385363909329168 8.516145069443112 8.414722945273114 8.473441017161008 8.443192313461184 8.367570554211625 8.299066137009083 8.259920755750487 7.906722656667252 7.564200570654542 7.261713533656305 7.064207291851574 7.000151213428417 6.954778157878682 6.749264906271057 6.492150924822555 6.291975679750193 6.1051454510159875 5.887176850826081 5.57668280402495 5.219036366162328 4.9921710884136505 4.711036077556464
6.821327994497107 6.865811382290966 6.890722079455527 6.925419121934736 7.189650445430255 5.7902030654354695 4.308016584144108 2.264449748894253 0.5215906151308816 -0.14477053402111695 0.3231947055702733 0.29383566962632646 0.9682038285812198 2.160358621456625 3.77955393715307 6.171870532706775 8.43518530365829 9.240334622727126 9.2803696717416 8.961868615137574 8.522372743734252 8.210099361421365 8.130029263392421 8.131808598904176 8.356004873385222 8.426288626099518 8.332873511732416 8.188747335280315 8.120242918077771 7.754589470412256 7.457440439949282 7.169188087045081 6.936095135005262 6.822217662252985 6.701222847453689 6.523289296278255 6.281299666679667 6.073117411804409 5.866714492440906 5.6158281852835445 5.341810516473377 5.047330489278035 4.789326840073656 4.485950135319541
5.751947351932751 5.711912302918279 5.83735545649696 6.095359105701338 6.051765385663357 4.14698672033034 2.834726780411518 0.884575059528766 -0.6759021842797863 -0.6545501581387341 0.3160773635232559 -0.5139826527101419 0.5918743678451779 2.7155113011239775 5.114945238724699 7.280396556529725 8.8595568232117 9.511683288269662 9.279480003985721 8.726996327586 8.253693081459348 8.056186839654616 8.053517836386984 8.219885706736015 8.430736964878903 8.509917395151971 8.42539895834364 8.226113381027155 7.961882057531636 7.584662929039718 7.250147852829903 6.929867460714121 6.673643147021497 6.514392618719484 6.359590429196857 6.2296989368387905 6.017958010940024 5.814224094844153 5.606931507724773 5.3658315458820605 5.10515889341005 4.823134214796989 4.573137575395505 4.332037613552791
5.024199127625228 4.886300625464267 4.820465211529356 4.9467980328639145 4.600717275827696 2.888106845764148 1.6932830496211118 0.6950758275269293 -0.04156907433936574 0.2600282949029942 0.3036220149409754 -0.6447638128240856 1.0473842588542879 3.697704503612371 6.444998533761066 8.417391948540747 9.472537907011068 9.708299862318517 9.375564121620457 8.856887819944067 8.364901550943994 7.9520957122169875 8.141594944218824 8.606891180542583 8.622905200148372 8.57041480255162 8.383584573817414 8.10511856622786 7.704768076083134 7.249258185074025 6.885384072920264 6.615814742889482 6.421867172108259 6.301762025064841 6.167422193927388 5.996605984798972 5.719919312721173 5.473481344343198 5.251064405373906 5.0366544762075085 4.8124582017264625 4.536661197404539 4.287554225758933 4.100723997024728
4.097165326001219 3.710159852194651 3.61318606680404 3.6203034088510573 2.9646182727695845 1.4139273742756808 0.8151809745703471 0.16305450951238276 0.13458514132431354 0.31429802801150153 0.1772891936064176 0.2698146402176431 2.050039819727856 4.93256334876988 7.640711997659979 9.312397710953178 10.053490951598858 10.054380619354735 9.736769230506587 9.244782961506512 8.680733604280388 8.200313016106717 8.462765004090482 8.816852770929595 8.710092640224335 8.399598593423203 8.150491621777595 7.7972935226943605 7.422743397470073 6.951219486855173 6.616704410645358 6.369376774511506 6.212795249477124 6.0802347538514265 5.919204890037658 5.657642569809772 5.393411246314253 5.147862945692154 4.933453016525757 4.745733120035675 4.52420584882226 4.272429873909021 4.066916622301395 3.885424400102453
3.2341876028003664 2.86230648084371 2.674586584353628 2.5615987793572277 1.217310800226827 -0.2283993030735707 -0.546900359677597 -0.21950262551479938 -0.15633621484752025 0.534045963713162 1.266242526800071 1.9931010833517173 3.765319253059036 6.5090546121842205 8.427178293855395 9.831963680385442 10.312384268559114 10.311494600803236 9.858653713061758 9.021476354781344 8.37201889299101 8.385363909329168 8.734113669633018 8.860446490967576 8.54461443763118 8.215437367956628 7.849783920291113 7.501034159987263 7.0739936371662235 6.627380423715884 6.343576409591067 6.216353920500633 6.073117411804409 5.832017449961697 5.5909174881189845 5.327575832379342 5.07046185093084 4.830251556844006 4.669221693030238 4.509971164728225 4.316023593947002 4.060688948010255 3.856065364158507 3.7226152007769313
2.680814258644768 2.40056891554346 1.913030985322772 1.2199798034944584 0.06697039187764897 -1.4125470861460814 -1.8894090032962434 -0.49618929759259833 0.9148237632285898 2.2938087848382 3.88631406785833 4.754629797594446 5.882728512046695 7.485020140381474 9.124677814463094 9.996552215222719 10.289252906906308 10.208293141121485 9.683389165153956 8.91916456285547 8.500131049837323 8.524152079246006 8.775038386403368 8.636250216486529 8.280383114135663 7.859570265605761 7.541958876757613 7.186981442162622 6.780403277726757 6.412970494549487 6.209236578453615 6.06333106648976 5.844472798543977 5.5357580872545995 5.2279330437211 5.000178098216544 4.837368898891023 4.676339035077255 4.533992194136909 4.385417678905421 4.191470108124199 3.953928817304995 3.727063539556317 3.590944372907111
2.4548386486519673 1.7573391280442676 1.0776329625541115 0.3454363994672023 -0.4561542485781258 -1.9285543845548383 -3.115371170894981 -1.9694791013251884 1.647020326315499 4.347161965402703 6.121159470621776 6.822217662252985 7.68430571769796 8.650484900580564 9.750114246844744 9.994772879710965 10.050821948331226 9.7323208917272 9.245672629262389 8.569525134795741 8.489455036766797 8.60155317400732 8.553511115189952 8.297286801497329 7.90405365339962 7.469006120775685 7.14694639314815 6.88627374067614 6.51884095749887 6.279520331167912 6.081124421607303 5.924542896572921 5.60782117548065 5.24038839230338 4.977046736563738 4.806230527435321 4.701249732241816 4.57758591417489 4.469936115713752 4.320471932726388 4.114958681118763 3.8969900809288562 3.665676464400793 3.562475004719041
2.145234269606713 1.439727739196119 0.48511423713991775 -0.34316644358172566 -0.8565047387228515 -1.9579134204987851 -3.4881419606075137 -2.511286764654384 1.1452477120007762 4.765305810664972 6.482364579507907 7.406729377864284 8.333763179488292 9.199409905956777 9.523248969096066 9.706520526806763 9.453854884137646 8.999234660884413 8.591766828692672 8.401377928934957 8.32486650192952 8.295507465985574 8.184298996500928 7.890708637061463 7.482351137113843 7.053531278781048 6.836452346347018 6.575779693875008 6.321334715694139 6.111373125307127 5.926322232084676 5.710132967406524 5.372948887929078 5.029537134160491 4.7768714914913755 4.686125380391904 4.598048272560065 4.471715451225506 4.375631333590773 4.2279464861151625 4.0580199447426235 3.8347133380174547 3.662117793377284 3.601620385977637
1.7866981639882142 1.2137521292033182 0.2902769986028182 -0.7132682300266273 -1.2995592811496808 -1.902754019634401 -2.864484863737619 -2.111825942265535 -0.13765319197409998 3.2101665733916827 5.311561812773553 6.902287760281929 7.81597654556778 8.485896365743288 8.728775663097755 8.74567935045942 8.455647662043464 8.156719296068736 8.012593119616636 7.966330396311022 8.081097536819177 8.047290162095845 7.759927476947519 7.439647084831739 7.064207291851574 6.801755303867809 6.5989110555278145 6.391618468408435 6.166532526171512 5.93788791291108 5.727036654768191 5.4459016439110055 5.025978463136982 4.699470396730062 4.601606943583573 4.536661197404539 4.494846812878313 4.350720636426212 4.258195189814987 4.146097052574463 3.985956856516573 3.8436100155762265 3.709270184438774 3.6327587574333373
1.4441760779755046 0.9415137959049049 0.3187463667908874 -0.5380036821188252 -1.203475163514947 -1.565569940156954 -2.042431857307116 -1.7897662146380005 -0.5549073694804916 1.2004071128651608 3.2777813228383477 5.025088795381105 6.0499860501516025 6.839121349614651 7.308865924717795 7.405839710108406 7.383598016211478 7.272389546726831 7.404060374596652 7.66562269482454 7.790176180647343 7.663843359312786 7.345342302708758 6.99659254240491 6.732361218909391 6.567772684072114 6.381832123093787 6.155856513100986 5.90319087043187 5.673656589415561 5.351596861788026 4.9966194271930355 4.669221693030238 4.550006213742698 4.511750500239979 4.449473757328578 4.363175985008493 4.229725821626917 4.17545608851841 4.05001293493973 3.8978797486847334 3.7857816114442104 3.731511878335703 3.675462809715442
1.0829709690893745 0.6701651303623686 0.2475729463207137 -0.2853380394497096 -0.7381789271911883 -1.0655766613539859 -1.1216257299742476 -0.9419128432870596 -0.35740112767576004 0.6781721401652632 1.970859389454788 3.2671053097678215 4.451253092840332 5.335582842182237 5.851590140590995 6.111373125307127 6.3462454128587 6.693215837650795 7.148725728659905 7.383598016211478 7.374701338652706 7.169188087045081 6.86759071780272 6.60691806533071 6.4592332178551 6.292865347506069 6.090021099166075 5.851590140590995 5.583800146071967 5.28754078336487 4.89786630629067 4.63096597952752 4.49573648063419 4.4823914642960325 4.502853822681208 4.46103943815498 4.301788909852968 4.1576627334008665 4.080261638639553 3.953039149549118 3.831154666993946 3.7528639044767553 3.6496624447950037 3.586496034127725
1.0144665518868325 0.6150057294979843 0.2751526467529062 -0.03267239678059397 -0.23462697736471094 -0.41789853507540764 -0.3992155122019869 -0.23462697736471094 0.1852962034093122 0.9966731967692892 1.8738856040641767 2.892555184543534 3.872969051520173 4.546447542719189 4.983274410854879 5.2564024119091695 5.580241475048458 6.241264617665194 6.815100320205968 7.019723904057715 6.938764138272893 6.701222847453689 6.4396605272258025 6.279520331167912 6.133614819204056 5.893404525117221 5.651414895518631 5.364941878126183 5.060675505616192 4.754629797594446 4.542888871695681 4.47082578346963 4.529543855357523 4.556233888033837 4.504633158192962 4.3578379784732295 4.184352766077182 4.051792270451484 3.910335097267014 3.756422575500264 3.6496624447950037 3.6114067312922855 3.562475004719041 3.4850739099577277
