static/data/ASCData/20210130/ASCU/00.asc
ncols 97
nrows 97
xllcorner 99.0
yllcorner 2.0
cellsize 0.25
NODATA_value -32767
[rows 57 to 75 of 97, columns 43 to 85 of 97]
-1.4039883435099014 -1.6706344774233495 -2.020276427852904 -2.6433336745358726 -3.3355541016489303 -3.944190089433711 -4.334741325309148 -4.4939637960013945 -4.6717278852770265 -4.9813434844789555 -5.443118080627079 -5.797469013554001 -5.911956150521254 -5.9764103484539755 -5.889294172252672 -5.668560617688559 -5.913722018957767 -6.359015176365104 -6.7457403639614295 -7.158070643887193 -7.511538642595858 -7.681356323907182 -7.905915926750406 -7.873835983487089 -7.934464133140699 -7.8679497553653786 -7.787897052910127 -7.743750341997305 -7.64633326658301 -7.537732357737466 -7.236946100718102 -6.930273615577028 -6.429355602419535 -5.942270225348059 -5.467545927332174 -4.967510848392937 -4.331798211248293 -3.738172105173872 -3.4938936381229206 -3.4273792603476014 -3.5212645988888704 -4.7732653203765185 -5.838672610405969
-2.275150105522933 -2.3416644832982523 -2.492940546026191 -2.9049765145458677 -3.4812382476612447 -4.046610458751459 -4.160803284312626 -4.310313478604052 -4.4557033132102815 -4.782094662559083 -5.151161165790279 -5.49579982231638 -5.544655515726571 -5.691222595957141 -5.695931578454509 -5.959634598307103 -6.205678933794568 -6.449957400845518 -6.786943960813398 -7.090673331893616 -7.430308694516265 -7.6404470384613 -7.6851823721862935 -7.666640753602908 -7.5456787657017745 -7.473278159804745 -7.324062276919405 -7.260491013204941 -7.060359257066812 -6.813137675955005 -6.527949923458172 -6.043807660447551 -5.591451029294163 -5.147335117511168 -4.673493753713539 -4.516331462863891 -4.126663161206711 -4.045727524533203 -4.229377841930544 -4.26940419315817 -5.488147725758158 -6.744857429743173 -7.917688382993825
-3.2655079870005856 -3.2066457057834885 -3.033001976193053 -3.2390199604528918 -3.7193361751844014 -4.033072134071527 -4.149030828069208 -4.026008660325475 -4.164923643997824 -4.456880558834623 -4.787980890680792 -4.982226418697212 -4.942200067469586 -5.201782727636982 -5.675624091434611 -5.942270225348059 -6.234227140184859 -6.476445427393212 -6.710717306637257 -6.987958651169783 -7.246952688525008 -7.497706006509841 -7.50359223463155 -7.430308694516265 -7.30552065833602 -7.168665854506269 -7.0250418883365535 -6.7507436578648825 -6.5426654937624455 -6.213625341758875 -5.861040277268466 -5.410743825957676 -5.169702784373665 -4.7400081314888585 -4.948086295591295 -4.812114425979802 -4.965450668550339 -5.038734208665624 -4.975457256357245 -4.55547487987326 -6.49675291441311 -8.375636930862838 -9.541698721773525
-4.373884742318517 -3.940069729748514 -3.530093941071435 -3.675483775677664 -3.84647870261333 -4.114890704963291 -4.130489209485821 -4.00746704174209 -4.003640993462978 -4.286768566117214 -4.462766786956333 -4.4763051116362655 -4.394192229338415 -4.790629693335561 -5.352175856146665 -5.859274408831952 -6.151231323668752 -6.330761281380898 -6.56915352031014 -6.81019456189415 -7.000614041631458 -7.236063166499846 -7.202805977612186 -7.116867047035225 -6.9235044532370615 -6.786943960813398 -6.605353823258654 -6.263363969387322 -6.106201678537674 -5.741844157803845 -5.394262387216889 -5.269180039630558 -5.079937805517592 -5.320978847101603 -5.52905701120404 -5.937266931444606 -6.070001375589159 -6.188314560835524 -5.655905227226883 -4.623755126085093 -7.48210750198731 -9.311252890808591 -9.780090960702767
-5.237983030585497 -4.680557227459591 -4.077807467796521 -4.102235314501615 -4.150208073693549 -4.104295494344214 -4.119011064648488 -4.109004476841582 -4.119011064648488 -4.371824562475918 -4.468653015078043 -4.362995220293354 -4.320908689223129 -4.673493753713539 -5.13938870954686 -5.64707588504432 -5.856331294771098 -6.029092090143277 -6.183311266932071 -6.425529554140423 -6.622718196217697 -6.802542465335928 -6.741914315682319 -6.706891258358146 -6.523240940960804 -6.313102597015769 -6.082656766050835 -5.8572142289893545 -5.73890104374299 -5.4001486153385985 -5.365125558014426 -5.440174966566224 -5.789816916995779 -6.103258564476819 -6.640376880582826 -7.1189272268778225 -6.978246374768961 -7.245775442900666 -6.3649014044868135 -4.966627914174681 -7.955948865784938 -9.433392124334066 -9.727409219013465
-5.814244763700874 -5.252698600889771 -4.697038666200378 -4.5769596125175 -4.404198817145321 -4.233203890209656 -4.0495535728123135 -4.107238608405068 -4.371824562475918 -4.636410516546769 -4.742068311331457 -4.673493753713539 -4.694095552139523 -4.842428500806607 -5.167642604531066 -5.344523759588442 -5.498742936377235 -5.521110603239732 -5.587624981015051 -5.800412127614856 -6.003781309219925 -6.164769648348685 -6.234227140184859 -6.188314560835524 -6.097372336355109 -5.89724058021698 -5.7127073286013825 -5.579972884456829 -5.474315089672141 -5.454890536870498 -5.713590262819638 -5.879581895851851 -6.521180761118206 -7.057416143005957 -7.598360507391076 -7.676647341409815 -7.54862187976263 -6.615949033877731 -5.598514503040215 -5.068165349274173 -7.970370124683127 -9.489016980084223 -9.672667297481564
-6.230106780499662 -5.719476490941348 -5.212672249662146 -5.022252769924838 -4.71646321900202 -4.250862574574785 -4.004523927681235 -4.18729131086032 -4.517214397082148 -4.660838363251863 -4.845371614867462 -4.908942878581926 -5.124673139242586 -5.273300399315755 -5.258584829011481 -5.222384526062966 -5.20001685920047 -5.137328529704261 -5.08464678801496 -5.281835430092234 -5.5066893443415434 -5.588507915233308 -5.752733679829008 -5.746847451707298 -5.749790565768153 -5.669737863312902 -5.5075722785598 -5.500803116219834 -5.612935761938403 -5.926377409419443 -6.0299750243615335 -6.5603241781275745 -7.038874524422571 -7.318176048797696 -7.329948505041115 -6.805485579396783 -5.509632458402399 -4.093405972319051 -4.472479063357154 -7.1442380078011745 -9.335680737513686 -9.48989991430248 -9.436335238394921
-6.30456756623929 -5.966698072053155 -5.5905680950759065 -5.226210574342078 -4.780917416934741 -4.320025755004873 -4.139318551668387 -4.34827964998908 -4.6334674024859135 -4.699098846042976 -4.845371614867462 -4.955738392149518 -5.269180039630558 -5.279186627437465 -5.011363247899674 -4.884515031876831 -4.863913233450847 -4.8415455665883504 -4.825947062065819 -4.893344374059396 -5.094359064415781 -5.261527943072336 -5.529939945422297 -5.58968516085765 -5.623825283963566 -5.672680977373757 -5.733014815621281 -5.987005559073053 -6.170655876470395 -6.521180761118206 -6.649206222765391 -7.316115868955097 -7.185441604653143 -7.236063166499846 -6.532953217361625 -5.023135704143094 -4.230260776148801 -6.033801072640644 -7.902972812689551 -8.922467523369667 -9.69503496434406 -9.25651096927669 -8.98427291864762
-6.366078650111156 -6.101198384634221 -5.8062983557365655 -5.37660370285176 -4.764435978193954 -4.400078457460125 -4.344453601709969 -4.541642243787242 -4.814174605822401 -4.967510848392937 -5.043737502569078 -5.077877625674994 -5.226210574342078 -5.045797682411676 -4.817117719883255 -4.707633876819456 -4.650243152632786 -4.556357814091517 -4.55547487987326 -4.654069200911898 -4.953972523713005 -5.138505775328603 -5.546715695569169 -5.737135175306477 -5.968463940489667 -6.110027726816785 -6.3649014044868135 -6.661861613227067 -6.710717306637257 -7.181321244967945 -7.22340777603817 -7.362028448304432 -7.241949394621555 -6.960587690403832 -5.921668426922075 -4.169632626495191 -4.027185905949817 -7.7740644168241095 -9.28005588176353 -9.101408858269641 -9.00369747144926 -8.675540253663947 -8.240842306875686
-6.591521187172637 -6.311336728579256 -6.005547177656438 -5.552601923690879 -4.900996470617618 -4.462766786956333 -4.4097907338609454 -4.635527582328512 -4.924541383104457 -5.15498721406939 -5.191187517017905 -5.056392893030753 -5.0143063619605295 -4.916889286546234 -4.8112314917615455 -4.674670999337881 -4.488960502097941 -4.365938334354209 -4.365055400135953 -4.556357814091517 -5.072874331771541 -5.2476953069863175 -5.686219302053688 -6.15594030616612 -6.45378344912463 -6.703948144297291 -6.916735290897096 -7.132465551557756 -7.256664964925829 -7.465626063246523 -7.419713483897187 -7.383513180948673 -6.097372336355109 -5.1608734421911 -4.258514671133007 -3.4547502211135512 -6.016436699681601 -8.643165998994544 -8.89627380822806 -8.894213628385462 -8.563113296539292 -8.10516474867028 -7.706667104830534
-6.580925976553559 -6.450840335063775 -6.21656845581973 -5.747730385925554 -5.1158437970600215 -4.597267099537399 -4.377710790597628 -4.604330573283451 -4.975457256357245 -5.183241109053597 -5.0572758272490095 -4.815057540040657 -4.80828837770069 -4.9001135363993615 -4.766496158036552 -4.447168282433802 -4.254688622853896 -4.212602091783672 -4.295597908299778 -4.745894359610568 -5.3492327420858095 -5.5779127046142305 -6.003781309219925 -6.463495725525451 -6.803425399554184 -7.050646980665991 -7.132465551557756 -7.276972451945728 -7.402937733750315 -7.497706006509841 -7.3093467066151305 -5.9078357908360575 -4.419797321667852 -3.809395465446559 -3.0965732399075176 -5.964637892210556 -8.330901597137846 -8.499836344230912 -8.390352501167111 -8.365924654462017 -7.972430304525726 -7.6775302756280706 -7.570106612406869
-6.501756208316564 -6.409048115399637 -6.280139719534194 -5.858097163207611 -5.283895609934833 -4.634644648110255 -4.417737141825254 -4.6208120120242375 -4.986052466976323 -4.918655154982747 -4.725292561184585 -4.5192745769247455 -4.697038666200378 -4.796515921457272 -4.571956318614047 -4.259397605351264 -4.128723341049309 -4.091640103882538 -4.394192229338415 -4.928367431383568 -5.5222878488640745 -5.877816027415339 -6.275136425630741 -6.709834372419001 -7.036814344579973 -7.068011353625034 -7.150124235922885 -7.027102068179152 -7.079783809868454 -6.6238954418420395 -5.5222878488640745 -3.9168191286677607 -3.1804519906418807 -2.6580492448401474 -5.434288738444515 -8.277042609824202 -8.450980650820721 -8.10045576617291 -8.068081511503507 -7.837635680538574 -7.59159134505111 -7.573049726467724 -7.473278159804745
-6.364018470268557 -6.324875053259188 -6.235993008621372 -5.863100457111064 -5.347466873649297 -4.682323095896104 -4.577842546735757 -4.780917416934741 -4.750603342107936 -4.611982669841673 -4.4430479227486055 -4.406847619800091 -4.66760752559183 -4.5955012311008865 -4.343570667491712 -4.106061362780727 -3.9762700326970286 -4.11695088480589 -4.416854207606997 -5.081703673954105 -5.60528366538018 -6.0299750243615335 -6.348419965746027 -6.784000846752543 -6.777231684412577 -6.808428693457637 -6.609179871537766 -6.437302010383843 -5.891354352095271 -4.80446232942158 -3.2078229514078305 -3.29258463636045 -3.187221152981847 -5.121730025181731 -7.900029698628696 -8.408894119750498 -8.079853967746928 -7.767295254484143 -7.684299437968037 -7.469452111525634 -7.5300802611792435 -7.46062276934307 -7.511538642595858
-6.240113368306568 -6.26542414922992 -6.152114257887009 -5.815127697919131 -5.254758780732369 -4.8415455665883504 -4.750603342107936 -4.691152438078668 -4.58873206876092 -4.46364972117459 -4.345336535928225 -4.578725480954014 -4.751780587732278 -4.5495886517515505 -4.209658977722817 -3.995988896904756 -4.025125726107219 -4.219371254123638 -4.627581174364204 -5.398088435496 -5.796586079335745 -6.150054078044411 -6.3834430230702 -6.486157703794033 -6.455843628967228 -6.241879236743081 -5.9967178354738735 -5.550541743848281 -4.742068311331457 -3.626628082267474 -3.042714252593874 -4.681440161677847 -6.388446316973653 -7.88354825988791 -8.0398276165193 -7.9821425809265465 -7.78966292134664 -7.5836449370868015 -7.241949394621555 -7.242832328839812 -7.315232934736841 -7.285801794128292 -7.377626952826963
-6.284848702031562 -6.139458867425334 -5.902243874120433 -5.672680977373757 -5.206786021540435 -5.003711151341452 -5.0066542654023065 -4.854200957050026 -4.548705717533294 -4.438338940251238 -4.5369332612898745 -4.894227308277652 -4.957798571992116 -4.682323095896104 -4.4097907338609454 -4.227317662087946 -4.240855986767878 -4.517214397082148 -5.010480313681418 -5.774218412473248 -6.072944489650014 -6.218628635662329 -6.141224735861846 -6.125626231339315 -5.977293282672232 -5.700051938139707 -5.535826173544006 -5.17264589843452 -4.992821629316289 -4.923658448886201 -5.586742046796795 -6.845511930624409 -7.732272197159971 -7.814090768051735 -7.767295254484143 -7.651042249080378 -7.346429943781901 -6.997670927570604 -6.9538185280638665 -7.051529914884247 -7.010620629438365 -7.05918201144247 -6.9588218219673195
-6.194200788957233 -5.919608247079477 -5.820130991822584 -5.688279481896287 -5.223267460281223 -5.2097291356012905 -5.165876736094553 -4.8238868822232215 -4.448934150870315 -4.448934150870315 -4.797693167081613 -5.0513895991273 -5.028138998046547 -4.848314728928316 -4.774148254594775 -4.685266209956959 -4.693212617921267 -4.9177722207644905 -5.3492327420858095 -5.909895970678656 -6.1871373152111815 -5.9410929797237175 -5.714473197037895 -5.606166599598437 -5.49579982231638 -5.478141137951251 -5.612052827720147 -5.928437589262042 -6.2253977980022945 -6.6138888540351335 -7.082726923929308 -7.357319465807064 -7.373800904547852 -7.306403592554275 -7.185441604653143 -7.023276019900041 -6.882595167791179 -6.837565522660101 -6.705714012733804 -6.6062367574769105 -6.663921793069665 -6.705714012733804 -6.539722379701591
-6.202735819733713 -6.105318744319417 -6.087660059954288 -5.554367792127392 -5.114960862841764 -5.1920704512361615 -5.038734208665624 -4.619929077805981 -4.3591691720142425 -4.5769596125175 -5.140271643765116 -5.1608734421911 -4.996941989001486 -4.938374019190475 -4.983109352915468 -5.08464678801496 -5.186184223114452 -5.314209684761638 -5.548481564005682 -5.800412127614856 -5.835729496345114 -5.424576462043693 -5.251815666671515 -5.106131520659201 -5.218558477783855 -5.669737863312902 -6.105318744319417 -6.464672971149793 -6.924681698861404 -7.381453001106074 -7.356142220182723 -7.210752385576494 -7.073897581746744 -6.976186194926363 -6.856107141243486 -6.7507436578648825 -6.705714012733804 -6.6188921479385865 -6.462612791307194 -6.588578073111782 -6.570919388746653 -6.520297826899949 -6.403161887277927
-6.219511569880585 -6.27719660547334 -6.102375630258562 -5.413686940018531 -5.117021042684363 -5.168819850155408 -4.8365422726848974 -4.420680255886109 -4.452760199149426 -4.8288901761266745 -5.143214757825971 -5.148218051729424 -5.010480313681418 -5.025195883985692 -5.0955363100401225 -5.307440522421671 -5.422516282201095 -5.330691123502424 -5.310383636482526 -5.310383636482526 -5.251815666671515 -4.958681506210373 -4.873919821257753 -4.813291671604144 -5.212672249662146 -5.814244763700874 -6.6138888540351335 -7.236063166499846 -7.455913786845702 -7.337600601599338 -7.032988296300862 -6.938220023541335 -6.752803837707481 -6.758690065829191 -6.797539171432475 -6.864053549207794 -6.770168210666524 -6.676577183531341 -6.624778376060296 -6.582691844990071 -6.438184944602099 -6.356072062304249 -6.2760193598489975
-6.165652582566941 -6.138281621800991 -5.683276187992834 -5.2097291356012905 -5.10024529253749 -5.130559367364295 -4.7732653203765185 -4.374767676536774 -4.444225168372947 -4.94514318153044 -5.105248586440943 -5.1588132623485015 -5.11201774878091 -5.148218051729424 -5.287721658213943 -5.436348918287113 -5.39220220737429 -5.249755486828916 -4.748837473671423 -4.6890922582360695 -4.677614113398736 -4.705868008382942 -4.730295855088038 -5.076994691456737 -5.500803116219834 -6.353128948243395 -7.22340777603817 -7.576875774746835 -7.259608078986684 -7.516247625093226 -6.815197855797604 -6.4284726682012785 -6.376673860730233 -6.4411280586629545 -6.6003505293552 -6.6315475384002625 -6.708657126794659 -6.738971201621464 -6.649206222765391 -6.500873274098307 -6.424646619922167 -6.269250197509032 -6.121800183060204
