static/data/ASCData/20210130/ASCU/03.asc
ncols 97
nrows 97
xllcorner 99.0
yllcorner 2.0
cellsize 0.25
NODATA_value -32767
[rows 38 to 56 of 97, columns 0 to 42 of 97]
-1.2274386687813772 -1.648560470011292 -1.2294815326820077 -0.8690619730708193 -0.9376438325919767 -0.9198417328864847 -1.0596319912296095 -1.6873748841232663 -1.7959385085567576 -1.8125732574618896 -2.38486698733844 -2.10353544445165 -1.5420397094784306 -1.6141236214006685 -2.0606353025384156 -2.512691899977874 -2.8877033445935636 -3.2274024274983595 -3.5831525839081073 -3.8758657970984083 -4.313622347233455 -4.497188260590084 -4.408177762062625 -4.247958864713198 -4.188423973894832 -4.452245254776219 -4.55263742360719 -4.500982150691255 -4.625013173229518 -4.901383475214777 -5.273476542829567 -5.260635684025605 -5.076194257568705 -4.693303195050585 -4.775309588775884 -5.135729148387072 -5.9522910332389785 -6.012701437157615 -5.890713278519982 -5.944411415336548 -5.851607026707918 -5.982350316348252 -6.425651782785009
-1.1250036360497764 -1.2452407684868692 -0.9735398697030506 -1.290183774300734 -1.4617843419536722 -1.8896184102856575 -2.156358068167946 -2.503936768975173 -2.5205715178803043 -2.1689070892718174 -2.2284419800901833 -2.0801884284444476 -1.9981820347191492 -2.017443322925091 -2.229609330890544 -2.6416841634176675 -2.9530749894137305 -3.219814647296019 -3.504940080283979 -3.7851042723704085 -4.156321826884928 -4.386581772255963 -4.3320081223391265 -4.088031805063861 -4.002815196637572 -3.9257700438138037 -3.724693868451772 -3.5370422272938824 -3.4141785555559796 -3.3838274347466157 -3.4579542105694836 -3.646481364827644 -3.8995046508057007 -3.6368507207246727 -3.0858611429546947 -3.04500386494209 -3.670995731635206 -4.3144978603337245 -4.613339665225917 -5.043800272858713 -4.967630633135214 -5.208980411109669 -5.6689166264515585
-1.1915426316703037 -1.1611915108609403 -1.1034076462431144 -1.4667455828552027 -2.111415062354081 -2.5447940469877772 -3.1278857717676587 -3.4754644725748856 -3.551634112298384 -3.3018210410213173 -3.164949159679093 -2.9063809573993256 -2.7519988140516993 -2.503936768975173 -2.7079313213381044 -2.7919805789640333 -3.0762304988517233 -3.2186472964956585 -3.412135691655349 -3.6240098619207117 -3.8417207861878744 -4.0282050765454045 -3.9444476566195656 -3.6993039885439396 -3.3380089158324813 -3.1436450075725206 -2.7000517034356735 -2.5879860266011017 -2.496057151072742 -2.364146510632048 -2.401501736243572 -2.921848355504097 -3.1827512593845846 -2.9346892143080585 -2.223772576888743 -1.6797871039209253 -1.9296001751979919 -2.4715427842651794 -3.164949159679093 -3.6876304805403386 -3.9669191595264977 -4.208852612901134 -4.918018224119908
-1.2960205283025346 -1.1582731338600398 -1.1894997677696733 -1.6844565071223658 -2.3320443636221446 -3.132847012669189 -3.7188571144499716 -4.106417580169532 -4.241246597611127 -4.3419306041421875 -4.228405738807165 -3.8183737701806724 -3.296859800119787 -3.0479222419429903 -2.897333988696534 -2.979632220121923 -3.1054142688607262 -3.204055411491157 -3.2948169362191564 -3.3368415650321213 -3.471670582473715 -3.405131586853188 -3.3193313030267193 -2.9451953715112995 -2.5809819217989407 -2.2255236030892833 -1.8233712523652206 -1.8338774095684616 -1.904210295290159 -1.9765860449124868 -2.025322940827522 -2.5477124239886773 -3.581985233107747 -3.344721182934552 -2.0869006955465186 -1.4991395675651962 -1.4092535559374668 -1.1133301280461754 -1.6152909722010285 -2.320370855618543 -2.610457529508034 -3.1845022855851246 -3.8916250329032698
-1.3526370421200005 -1.1571057830596798 -1.2665449205934416 -1.7410730209398317 -2.47854688906734 -3.2813924020150154 -4.140562591080066 -4.523453653598187 -4.627931550230418 -4.83396896649398 -4.786107583679215 -4.0789848363610695 -3.5174891013878504 -3.1807083954839546 -3.0292446291372284 -2.987220000324264 -3.0829427659537942 -3.0546345090450613 -3.090822383856225 -3.0079404770306564 -2.928852460306258 -2.8182459719721358 -2.468624407264279 -2.0947803134489495 -1.6797871039209253 -1.3310410523133385 -0.9043743347817133 -0.7491166783338166 -0.9151723296850443 -1.864228530377825 -1.8583917763760245 -2.0340780718302227 -3.0683508809492928 -3.6689528677345766 -2.328250473520974 -1.6514788470121924 -1.4218025770413378 -0.5293628901660234 -0.18061683855843658 -0.9697459796018801 -1.7979813724573876 -2.372901641634749 -3.128761284867929
-1.3613921731227014 -1.1541874060587798 -1.3056511724055055 -1.7031341199281278 -2.4639550040628384 -3.474588959474616 -4.386581772255963 -4.961793879133413 -4.980471491939175 -5.040881895857812 -4.844766961397311 -4.057680684254498 -3.415054068656249 -3.0721447710504632 -2.969709738318862 -2.9355647274083285 -2.9268095964056275 -2.844803202680329 -2.7753458300589013 -2.593822780602902 -2.440316150355546 -2.066472056540216 -1.7110137378305588 -1.3497186651191004 -0.9326825916904462 -0.6417204047006848 -0.1269187017418707 0.5136650499557476 0.3563645296072204 -1.1973793856721042 -1.7031341199281278 -1.6611094911151634 -1.9932207938176187 -2.712892562239635 -2.419011998248974 -1.7285239998359603 -1.4501108339500708 -0.3671011289159658 0.21774162206445613 0.09458611262646333 -0.763708563338318 -1.4950538397639357 -2.2646298549013473
-1.4708313106564632 -1.2968960414028046 -1.2332754227831781 -1.5966133593952665 -2.38282412343781 -3.438401084663452 -4.280352849423191 -4.862277223402713 -5.1161760224810395 -5.155282274293104 -4.594662052420155 -3.618173107918911 -3.049673268143531 -2.8573522237842 -2.7919805789640333 -2.771551939957731 -2.705012944337204 -2.630010655414066 -2.47650402516671 -2.186417351277219 -1.91004704929196 -1.5379539816771701 -1.2481591454877696 -0.9131294657844138 -0.7059246987204921 -0.518564895262692 -0.2617477191834645 0.3788360325141529 0.4462505412349502 -0.8897824497772113 -1.7472016126417227 -1.5245294474730287 -1.4200515508407978 -1.7772608957509957 -2.0323270456296827 -2.1797050841751484 -2.148478450265515 -0.8115699461530834 0.46200977703981216 0.6385715855942804 0.7550148279302027 -0.03907555401477136 -1.608286867398868
-1.4900925988624052 -1.5154824787702377 -1.317324680409107 -1.3721901680260329 -1.9599512960073548 -2.740325306048098 -3.4170969325568796 -3.9248945307135337 -4.36031637924786 -4.592911026219614 -3.872071906997238 -3.0283691160369584 -2.6807904152297315 -2.5418756699868768 -2.5223225440808448 -2.5517981517899377 -2.5010183919742723 -2.38486698733844 -2.210931718084782 -1.9336859029992524 -1.573266343388064 -1.311487926407306 -1.0850218711374424 -0.9393948587925167 -0.9697459796018801 -1.1483506520569788 -1.2040916527741747 -1.1737405319648118 -0.9218845967871148 -1.3438819111172995 -1.9374797931004228 -1.9170511540941204 -1.4862987087612347 -1.34767580121847 -1.7851405136534266 -2.395373144541681 -3.183626772484855 -2.2792217399058488 -0.6551449389048267 0.6581247115003128 1.711075133425144 1.2353796822783938 -0.7774249352425495
-1.4842558448606047 -1.618209349201929 -1.4355189489455693 -1.2198508885790367 -1.4013739380350358 -1.6044929772976975 -1.7784282465513557 -1.6631523550157934 -1.7822221366525262 -2.346636248626646 -2.47650402516671 -2.1610274713693864 -2.1709499531724474 -2.1160844655555215 -2.046918930634184 -2.0518801715357147 -2.129800837459753 -2.074351674442647 -1.9325185521988923 -1.7597506337455937 -1.5420397094784306 -1.5204437196717686 -1.4013739380350358 -1.4121719329383668 -1.575309207288694 -1.7705486286489251 -1.8799877661826865 -2.139723319262814 -2.0107310558230203 -1.8700652843796255 -1.8163671475630596 -1.7705486286489251 -1.582896987491035 -1.584939851391665 -2.044876066733554 -2.47854688906734 -3.467876692372545 -3.4462807025658826 -2.301693242812781 -0.8436720931629864 0.9003500025750384 1.3153432121030626 -0.3437541129087638
-1.9949718200181588 -1.9549900551058244 -1.6357196112073304 -1.311487926407306 -1.06459323213114 -1.06459323213114 -0.8897824497772113 -0.801647464350022 -1.0946525152404134 -1.7979813724573876 -2.128049811259213 -2.083106805445348 -2.0594679517380556 -2.0947803134489495 -2.017443322925091 -1.867146907378725 -1.8700652843796255 -1.9649125369088858 -2.0098555427227502 -2.0577169255375156 -2.113166088554621 -2.1338865652610135 -2.083982318545618 -2.081939454644988 -2.147602937165245 -2.220562362187753 -2.3416750077251156 -2.5401246437863367 -2.3720261285344786 -1.9903024168167183 -1.8154916344627896 -1.826289629366121 -1.7588751206453237 -1.7685057647482947 -2.056549574737155 -2.767466212156471 -3.8945434099041703 -3.952035436821906 -3.2469555534043915 -2.1414743454633545 -0.6201244148940228 0.08407995542322144 -0.47945864345062805
-2.3507219764279066 -1.9383553062006929 -1.6602339780148934 -1.5067273477675371 -1.338920670215769 -1.4013739380350358 -1.291059287401004 -1.838838650469992 -2.4052956263447425 -3.1103755097622567 -3.3671926858414842 -3.2002615213899865 -3.0009363722284954 -2.9746709792203925 -2.703261918136664 -2.504812282075443 -2.19633983308028 -2.1435172093639845 -2.157233581268216 -2.242158351994415 -2.2774707137053087 -2.357434243529977 -2.394497631441411 -2.583900298799841 -2.6708679334266705 -2.6151269327094746 -2.7187293162414354 -2.702094567336304 -2.6338045455152366 -2.328250473520974 -2.2176439851868524 -2.2088888541841514 -2.1905030790784794 -2.19225410527902 -2.6904210593327025 -3.870029043096608 -5.187384421303007 -4.859358846401813 -4.08598894116323 -2.9629974712167915 -1.4833803317603347 -0.25970485528283493 -0.6230427918949228
-2.5380817798857063 -2.1143334393549815 -1.6815381301214654 -1.53503560467627 -2.1073293345528206 -2.1983826969809104 -2.7753458300589013 -3.3368415650321213 -3.8574800219927363 -4.493102532788824 -4.697388922851846 -4.414014516064426 -4.189591324695192 -3.711853009647811 -3.4258520635595806 -2.920972842403827 -2.6250494145125356 -2.47562851206644 -2.404420113244472 -2.4003343854432115 -2.4090895164459125 -2.465706030263379 -2.6259249276128056 -2.8164949457715958 -2.9472382354119295 -2.9355647274083285 -3.049673268143531 -3.0479222419429903 -3.1407266305716206 -3.04091813714083 -2.9901383773251644 -2.920972842403827 -2.900252365697435 -2.9813832463224634 -3.471670582473715 -4.734452310763279 -5.880790796716921 -5.462879210187997 -4.808579086586147 -3.6269282389216118 -1.9608268091076253 -0.7304390655280546 -0.6688613108090582
-2.4461529043573464 -2.5447940469877772 -2.027365804728152 -1.844675404471793 -2.4356467471541055 -3.7996961573749104 -4.383663395255062 -4.392710363957853 -4.5634354185105215 -4.938446863126211 -5.048761513760243 -4.74612581876688 -4.474716757683152 -3.9931845525346006 -3.3867458117475167 -2.884784967592663 -2.8427603387796987 -2.722523206342606 -2.7549171910525994 -2.8302113176758272 -2.796941819865564 -2.686627169231532 -2.8456787157805987 -3.0009363722284954 -3.1319714995689196 -3.2285697782987195 -3.3514334500366227 -3.3739049529435547 -3.573230102105046 -3.6085424638159402 -3.919933289812003 -3.854561644991836 -3.8096186391779714 -3.8887066559023697 -3.9844294215318996 -4.951287721930172 -5.884876524518181 -5.719696386267223 -4.950120371129812 -3.8846209281011093 -2.232527707891444 -1.0683871222323105 -0.9989297496108831
-2.338756630724215 -2.943444345310759 -2.494014287172112 -2.3232892326194436 -3.406298937653548 -4.772391211774983 -5.195264039205438 -5.090786142573207 -4.416932893065326 -4.474716757683152 -4.434443155070728 -4.163034093986999 -3.8995046508057007 -3.5469647090969434 -2.939358617509499 -2.8585195745845606 -2.9063809573993256 -2.94636272231166 -3.1424776567721606 -3.6053322491149498 -3.658154872831245 -3.4941420853806475 -3.2148534063944885 -3.3701110628423847 -3.3397599420330213 -3.442486812464712 -3.560681081001175 -3.524493206190011 -3.750959261459875 -4.153403449884028 -4.518492412696657 -4.6054600473234855 -4.560517041509621 -4.387749123056323 -4.439404395972258 -4.718693074958417 -5.743043402274426 -6.017662678059145 -4.636686681233119 -3.7022223655448396 -2.7344885520462974 -1.5694724532868936 -1.0301563835205165
-2.337005604523675 -3.3213741669273498 -2.85939508768483 -2.6054962886065036 -3.688505993640608 -4.783189206678315 -5.177753777200037 -4.868113977404514 -4.044839825450536 -3.7188571144499716 -3.447156215666153 -3.32604357012879 -3.2831434282155554 -3.0400426240405594 -3.0566773729456913 -3.04208548794119 -3.13868376667099 -3.2635903023095234 -3.42380919965895 -4.361191892348129 -4.464794275880091 -3.9640007825255976 -3.6531936319297147 -3.669828380834846 -3.5781913430065764 -3.549883086097844 -3.6876304805403386 -3.646481364827644 -4.077233810160529 -4.640480571334289 -5.02249612075214 -5.0899106294729375 -5.040881895857812 -4.8398057204957805 -4.477635134684052 -4.468880003681351 -5.814543638796484 -6.685679173565227 -4.880954836208475 -3.275263810313125 -2.3507219764279066 -1.3876575661308044 -0.792016820247051
-1.894579651187188 -3.185669636385485 -3.1524001385752216 -2.778264207059802 -3.3114516851242883 -4.236285356709597 -4.620051932327987 -4.36440210704912 -3.9844294215318996 -3.5370422272938824 -3.1915063903872856 -3.2382004224016905 -3.2627147892092534 -3.2081411392924175 -3.42380919965895 -3.523325855389651 -3.548715735297484 -3.468752205472815 -3.403380560652648 -3.824210524182473 -4.043088799249996 -3.7001795016442096 -3.5635994580020753 -3.6318894798231423 -3.835884032186074 -3.8458065139891353 -3.7354918633551035 -3.79794513117437 -4.509737281693956 -4.916850873319548 -5.288943940934338 -5.612300112634093 -5.6426512334434555 -5.390503460565669 -4.873075218306044 -4.511780145594586 -5.950248169338348 -6.7177813205751296 -4.545049643404849 -2.5488797747890377 -1.4530292109509713 -0.6846205466139201 -0.6064080429897913
-1.6964218528260573 -2.8614379515854607 -3.020489498134528 -2.6717434465269405 -2.827292940674927 -3.2627147892092534 -3.732281648654113 -4.327046881437596 -4.768597321673813 -5.018410392950879 -4.962961229933773 -4.65040305313735 -3.8983373000053407 -3.459997074470114 -3.4159295817565196 -3.430521466761021 -3.1845022855851246 -2.9326463504074285 -3.013777231032457 -3.0762304988517233 -3.033330356938489 -3.0213650112347974 -2.9901383773251644 -3.2177717833953885 -3.659322223631605 -3.8779086609990383 -3.6639916268330457 -3.688505993640608 -4.098537962267102 -4.309536619432194 -4.473549406882792 -4.961793879133413 -5.640608369542825 -5.722614763268124 -4.814415840587948 -4.096786936066562 -4.488141291887294 -4.640480571334289 -3.1541511647757616 -1.638637988208231 -0.8719803500717198 -0.773339207441289 -0.9892991055079121
-1.857516263275754 -2.6904210593327025 -2.968834225218592 -2.4452773912570764 -2.0869006955465186 -2.1697826023720874 -2.7461620600498984 -3.5849036101086473 -4.318291750434895 -5.263554061026506 -5.597708227629591 -5.453248566085025 -4.6258886863297874 -3.4354827076625516 -2.485259156169411 -2.358309756630247 -2.5255327587818353 -2.310448373815482 -2.365313861432408 -2.203052100182351 -2.1426416962637145 -2.214725608185952 -2.29206259870981 -2.66590669252514 -3.270594407111684 -3.7576715285619455 -3.743079643557444 -3.3992948328513877 -2.9825505971228234 -2.9364402405085985 -2.7362395782468374 -2.8094908409694352 -3.3584375548387833 -3.8925005460035402 -3.731406135553843 -2.884784967592663 -2.027365804728152 -2.9238912194047275 -2.884784967592663 -1.848761132273053 -0.9356009686913462 -0.6738225517105887 -0.9285968638891857
-2.064429192639586 -2.5792308955984007 -2.903462580398425 -2.4893448839706713 -1.9482777880037538 -1.9462349241031234 -2.3428423585254756 -2.9510321255131 -3.6172975948186408 -4.624137660129247 -5.155282274293104 -5.3047031767392 -4.682505200147254 -3.5282870962911814 -2.38369963653808 -1.9441920602024934 -2.3612281336311476 -2.38486698733844 -2.175911194073978 -1.828040655566661 -1.4795864416591642 -1.5175253426708681 -1.7830976497527962 -2.202176587082081 -2.7353640651465674 -3.1728287775815236 -3.2285697782987195 -2.8048214377679948 -2.364146510632048 -2.1522723403666855 -1.9354369291997924 -1.7472016126417227 -2.0781455645438176 -2.5576349057917382 -2.6171697966101046 -2.016567809824821 -0.9326825916904462 -2.1239640834579525 -2.6904210593327025 -1.827165142466391 -1.2207264016793067 -0.9726643566027802 -1.1083688871446449
