static/data/ASCData/20210130/ASCU/06.asc
ncols 97
nrows 97
xllcorner 99.0
yllcorner 2.0
cellsize 0.25
NODATA_value -32767
[rows 76 to 94 of 97, columns 43 to 85 of 97]
-4.8830661133077005 -4.709417853556888 -4.674318737224277 -4.762990189011926 -4.8695190859512545 -4.888915966029803 -4.799320853286032 -4.686942103624602 -4.590265590217235 -4.4427877242231935 -4.140134817600766 -4.092104447882457 -4.124432581346704 -4.269755238443128 -4.5296118540986 -4.756216675333703 -5.253146269726986 -6.163568085477257 -6.776571073356455 -6.688823282524927 -6.039489630371623 -5.424331433594808 -5.165398478895458 -5.3178025366554795 -5.703584929328827 -6.323669317871623 -6.863703090217235 -6.860624220363497 -5.222049684204234 -6.095217174724278 -6.253163198221027 -6.253163198221027 -6.144786979369456 -5.809805939282782 -5.360598827622435 -5.342125608500009 -5.279624550469131 -5.547178340758947 -6.26886543447509 -6.681126107890583 -6.760253063131644 -6.907730929125686 -6.976081839878665
-4.742669647977256 -4.678013381048762 -4.67616605913652 -4.771918911587766 -4.903694541327744 -4.881218791395458 -4.797165644388416 -4.6693925454582965 -4.56871350124107 -4.382133988104559 -4.050231817871623 -3.92707702372211 -3.958481496230236 -4.0434583041934 -4.105959362224277 -4.340261358093724 -5.2306705197947 -6.155563023857538 -6.5610501835948085 -6.3704681396484375 -5.9582074662329445 -5.671256795864581 -5.542252148992966 -6.056115527581807 -6.449595094889499 -7.021957000699358 -7.541362345024927 -6.0832095822947 -3.863652304735111 -4.017903684407376 -4.25928708094042 -4.792239452622435 -5.6663306040986 -5.339354625631644 -5.312876344889499 -5.297174108635437 -5.331349564011926 -5.569654090691232 -5.973909702487007 -6.266094451606726 -6.321514108974006 -6.500396447476174 -6.561973844550929
-4.315630399263822 -4.488662885043887 -4.562863648518968 -4.842117144252988 -4.921244099494049 -4.858743041463172 -4.853816849697191 -4.726043750767072 -4.493589076809868 -4.282686491828827 -3.8996750820238435 -3.7269504832291522 -3.7201769695509292 -3.6672204080666386 -3.7013958634431288 -4.063778845228069 -4.95541955487054 -6.044415822137603 -6.41541963951301 -6.196511992912251 -6.039489630371623 -5.908637661587766 -6.0102403667611135 -6.5481189302091085 -6.972079309068806 -7.544441214878665 -6.191893688131644 -4.57764222381691 -2.767882523789824 -2.318675412129477 -2.1059255052361943 -3.0246602695915574 -4.191859831143562 -5.231902067736195 -5.20542378699405 -5.28362708127899 -5.356904183797949 -5.56780676877899 -5.694656206752988 -5.85198645627899 -5.913563853353747 -6.036410760517885 -5.754386281915501
-3.8978277601116007 -4.092104447882457 -4.267907916530886 -4.760219206143562 -4.742669647977256 -4.6693925454582965 -4.708494192600766 -4.698641809068806 -4.473884309745945 -4.102880492370539 -3.6847699662329445 -3.5511470145807236 -3.4846434257399865 -3.4076716793965414 -3.420295045796866 -3.8177771439144177 -4.843964466165231 -5.946507760788741 -6.29903835904172 -6.066891572069889 -6.075512407660355 -5.898785278055804 -6.059810171406292 -6.39109656766848 -6.7922733096105175 -5.3978531528526625 -3.547144483770864 -2.429206839878665 -1.7426188624951329 -1.8411426978147427 -1.4193375278526625 -1.8275956704582965 -3.5061955147161514 -4.726043750767072 -5.021923143711276 -5.076419140122435 -5.2377519204582965 -5.423099885653313 -5.540404827080724 -5.471130255371623 -5.468975046474006 -5.1937240815498456 -4.899692010517885
-3.7688231132399865 -3.875352010179315 -4.050231817871623 -4.4172331044371695 -4.351961063537928 -4.413538460612685 -4.538540576674439 -4.521914679464255 -4.24050597483262 -3.803922229572598 -3.4837197647838654 -3.4553941621294775 -3.361796518575848 -3.36764637129795 -3.342091751511926 -3.72510316131691 -4.766992719821785 -5.8421340727470294 -6.177115112833703 -5.910484983500009 -5.934808055344537 -5.5844326659891745 -5.828587045390583 -5.954512822408459 -4.982821496568806 -3.084390344754071 -1.4993881440498456 -0.8186500193884156 -1.2269081619940492 -1.3654573054122507 -1.283559367302825 -1.350062956143562 -3.1244156528526625 -3.8704258184133344 -4.132129755981048 -4.604736278529803 -4.9310964830260104 -5.056098599087766 -5.3138000058456205 -5.1752508624274185 -4.887992305073681 -4.561939987562847 -4.1586080367231935
-3.8430238767150677 -3.9126063354095426 -4.05977631441821 -4.096106978692316 -4.09887796156068 -4.295309858229152 -4.371357943616476 -4.212180372178231 -3.8959804381993584 -3.5520706755368447 -3.3470179432779066 -3.29436926877899 -3.185993049927419 -3.342091751511926 -3.4036691485866823 -3.6438209971782314 -4.336258827283865 -5.354748974900334 -5.988688277784949 -5.8196583228147425 -5.592129840623519 -5.076419140122435 -5.000371054735111 -4.271910447340745 -2.628409719415501 -0.7894007557779061 -0.11451248383857804 -1.2395315283943744 -1.6779625955666388 -0.6634749787600298 -1.2121295866961077 -1.3137322918694556 -1.5178613631722726 -1.532639938470214 -1.656718393575848 -2.598852568819618 -4.164457889445296 -4.9895950102470294 -4.971121791124602 -4.616435983974006 -4.334411505371623 -3.9769547153526625 -3.5705438946592714
-4.120430050536845 -4.198633344821785 -4.30978054654172 -4.1770812558456205 -4.066857715081807 -4.103804153326661 -4.159531697679315 -4.006203978963172 -3.6946223497649053 -3.419371384840745 -3.1878403718396617 -3.1585911082291522 -3.2795906934810484 -3.473867381251904 -3.6154953945238435 -3.7130955688873324 -3.9720285235866823 -4.5813368676413955 -5.098894890054721 -5.051172407321785 -4.538540576674439 -3.7534287639712978 -2.755259157389499 -1.397785438876498 -0.05416663470531713 0.5055719047042171 -0.165313836425252 -1.9233485229095424 -2.2620242068207017 -1.168409634773031 -1.2426103982481123 -1.0969798541663138 -1.0227790906912326 -1.152707398518968 -1.0637280597459453 -1.3851620724761728 -2.6829057158266605 -3.952631643508134 -4.535461706820701 -4.217106563944212 -3.601948367167397 -3.2035426080937244 -2.9135130678716226
-4.295309858229152 -4.334411505371623 -4.212180372178231 -3.977878376308784 -3.891977907389499 -3.8959804381993584 -3.97510739344042 -3.8735046882670723 -3.644744658134353 -3.409519001308784 -3.125339313808784 -3.0258918175330525 -3.1693671527172347 -3.366414823356455 -3.5588441892150677 -3.6626021032860323 -3.8322478322269857 -3.9437029209322945 -4.077633759569889 -3.8110036302361947 -3.1019399029203765 -2.233698604166314 -1.0717331213656638 -0.04616157308559865 0.34639433326597224 0.20384265903791166 -1.219210987359705 -2.560982469618643 -2.1370220907589466 -1.050181032389499 -0.47289293481365924 -0.026764693007050422 -0.21426786709968315 -0.5119945819561296 -0.5178444346782314 -1.0529520152578629 -2.4621507473136592 -3.1428888719750896 -3.8947488902578633 -3.6896961579989247 -2.7660352018775813 -2.3968787064144177 -2.387026322882457
-4.342108680005968 -4.3011597109512545 -3.8334793801684808 -3.5101980455260104 -3.5188188811164762 -3.6986248805747644 -3.7971487158943744 -3.8430238767150677 -3.6635257642421535 -3.3285447241554795 -3.064685577690149 -3.060067272909542 -3.192766563605642 -3.3577939877659886 -3.5003456619940496 -3.562846720024927 -3.5160478982481123 -3.5560732063467038 -3.086237666666314 -2.4975577506316444 -1.542492322002175 -1.0578782070238435 -0.22781489445612957 -0.3312649215417198 -0.17208735010347498 -0.6899532595021749 -1.8266720095021751 -2.0852970772161514 -1.5227875549382532 -0.6557778041256852 -0.1437617474490871 0.10993712849890835 0.07976420393227768 -0.0353855285975162 -0.5366255407860319 -1.531716277514093 -3.297140251647354 -3.61765060342146 -3.624424117099683 -2.8978108316175595 -2.1909023131993584 -1.9328930194561296 -1.9867732418965414
-4.300236049995133 -4.0169800234512545 -3.415368854030886 -3.0628382557779066 -3.094242728286032 -3.3519441350438868 -3.5930196445915574 -3.6410500143098674 -3.56962023370315 -3.2697383099490875 -3.01018958127899 -2.931062626037928 -3.0188104168694556 -3.132112827487007 -3.3146898098136592 -3.47109639838354 -3.4027454876305607 -2.6194809968396617 -1.9485952557101924 -1.1850355319832153 -0.4741244827551543 -0.24936698343229402 0.35008897709045783 -0.02091484028494861 -1.1145294123326193 -1.5942173355449705 -1.1616361210948076 -1.3041877953228687 -1.4104088052768229 -0.7268996977470286 -0.15361413098104837 -0.09511560376002981 -0.25429317519827466 -0.027688353963171597 -0.5178444346782314 -2.2561743540986 -3.9963515954312108 -3.317768679667397 -2.8771824035975166 -2.1693502242231935 -1.9584476392421535 -1.7210667735189682 -1.832521862224277
-4.227882608432294 -3.962176140054721 -3.445541778597516 -3.1145632693207017 -3.029586461357538 -3.1496623856533126 -3.3919694431424787 -3.4837197647838654 -3.413521532118643 -3.164440960951254 -2.8276125989523377 -2.3744029564821316 -2.36855310376003 -2.5843818805070504 -2.8784139515390113 -3.004339728556888 -2.228772412400333 -1.426111041530886 -0.7687723277578629 -0.1557693398786646 0.09238757033260292 0.22416320007258106 0.8932016192898073 -0.003365282118643176 -1.1360815013087837 -1.4975408221376032 -1.050181032389499 -0.7669250058456205 -0.9975323578905826 -0.7025766259025001 -0.318641555141395 -0.18686592540141644 -0.1292910591365195 0.07576167312241866 -0.6899532595021749 -2.444601189147354 -3.306992635179315 -2.3294514566175595 -1.9796918412329443 -1.845145228624602 -1.7641709514712975 -1.777717978827744 -1.884246875767072
-4.198633344821785 -4.121353711492966 -3.7337239969073757 -3.4338420731533126 -3.1770643273515793 -3.2269420189821316 -3.2737408407589466 -3.365491162400333 -3.374419884976173 -3.1518175945509292 -2.500328733500008 -1.7062881982210267 -1.5227875549382532 -1.8051199205260104 -2.061897666327744 -1.4319608942529878 -0.6567014650818068 -0.11451248383857804 0.4409156377757233 0.5582205792031338 0.7946777839701973 0.6949224007090926 0.77127837308179 -0.16746904532286822 -1.3158875007670723 -1.6770389346105175 -0.8478992829989247 -0.39684484942633524 -0.4337912876711889 -0.29031595248700715 -0.1899447952551543 0.06129098480985107 0.26418850817117256 0.23894177537052252 -0.5276968182101922 -1.4104088052768229 -2.0286458719073757 -1.404558952554721 -1.4378107469750896 -1.688738640054721 -1.7503160371294773 -1.7952675369940494 -1.911340930479965
-4.252205680276823 -4.218030224900334 -3.8664232876034754 -3.501269322950171 -3.2805143544371695 -3.1878403718396617 -3.235562854572598 -3.2992954605449705 -3.3060689742231935 -3.102863563876498 -2.3919525146484375 -1.3519102780558043 -0.81495537556393 -0.9827537825926411 -0.4827453183456205 0.23709445345828017 0.8159219859609887 1.2965335701294611 1.2848338646852575 1.1647579403894825 1.8501143698315197 1.1342771288374784 0.5141927402946829 -0.868527711018968 -1.8371401670048837 -1.4993881440498456 -0.7358284203228682 -0.25029064438841564 -0.2299701033537458 0.08253518680064209 0.19091140565221298 0.4575415349859071 0.9323032664322781 0.7506499450617472 0.14626779277301472 -0.5960477289631716 -0.8528254747649053 -0.7660013448894989 -1.2133611346376032 -1.5942173355449705 -1.688738640054721 -1.8762418141473538 -1.9661448138764979
-4.278683961018968 -4.286381135653313 -3.9252297018098674 -3.3734962240200517 -3.1585911082291522 -3.086237666666314 -3.163517299995133 -3.211239782728069 -3.1770643273515793 -2.9954110059810484 -2.234622265122435 -1.1878065148515793 -0.5070683901901489 -0.02091484028494861 0.7475710752080094 0.9997305162291363 1.3990599362589302 1.8716664588076846 1.8805951813835238 1.6090388602838486 2.3855298373965246 1.6940156682470127 -0.04246692926111306 -1.5600418801684808 -1.9593713001982747 -1.3451367643775813 -0.43779381848104837 0.0024845706034586357 -0.18871324731365924 0.07976420393227768 0.46924124043011073 0.7173981506413787 1.3365588782280522 1.335635217271931 0.8648760166354199 0.6274951509122344 0.5563732572908915 -0.2853897607210265 -0.9319524300059672 -1.514166719347787 -1.8383717149463787 -1.925195844821785 -1.9221169749680471
-4.202635875631644 -4.1155038587708646 -3.807924760382457 -3.2250946970698893 -2.9643144204582965 -2.883032256319618 -2.9769377868586213 -3.0471360195238435 -3.0169630949572133 -2.7475619827551547 -1.890096728489174 -0.8244998721105175 0.22323953911645988 0.7996039757361784 1.2974572310855823 1.2038595875319533 1.0456056770498297 1.4175331553813573 1.7780688152540547 1.4215356861912163 1.67831343199295 1.7017128428813573 0.008334423325560447 -1.8860941976793149 -2.318675412129477 -1.5668153938467038 -0.5492489071863571 0.06898815944419567 -0.18778958635753806 0.2330919226484207 0.7848254004382369 1.1158039097150514 1.5650110213753985 1.5249857132768065 1.294686248217218 1.2017043786343367 0.9372294581982583 0.028962851345604168 -0.6274522014712973 -1.3783885587979499 -1.8312903142827819 -2.0052464610189684 -1.9067226256993581
-3.990501742709109 -3.8969040991554795 -3.6946223497649053 -3.141041550062847 -2.8617880543288274 -2.7835847600438868 -2.8420832872649053 -2.847933139987007 -2.7327834074572133 -2.3029731758754144 -1.1918090456614383 -0.07263985382774374 1.313159467339645 1.5659346823315197 1.5046651722421371 1.1481320431792987 0.8276216914051924 0.8981278110557884 0.9741758964431124 0.9458502937887241 1.0172800743954413 0.985875601887316 -0.21211265820206648 -1.8488398724490873 -2.238624795932294 -1.7278402871971914 -0.9076293581614383 0.0006372486912162856 0.09423489224484571 0.25156514177084777 0.5258924457388865 1.340561409037912 1.6715399183147266 1.4646398641435452 1.310080597485907 1.3424087309501544 1.033905971605626 0.22816573088244052 -0.5169207737221102 -1.4729098633077005 -1.9642974919642553 -2.189670765257863 -2.026798549995133
-3.675225469686357 -3.573622764513009 -3.4572414840417203 -3.0434413756993584 -2.8645590371971914 -2.7592616881993584 -2.6262545105178847 -2.417199247449087 -1.884246875767072 -1.2758621926684808 -0.37621642140629197 0.2888194670010753 1.7241885928136433 2.2309705707388865 1.9292413250725815 1.4547874806115848 1.2223328066543795 1.149979365091541 0.9889544717410539 0.8325478831711726 0.701695914387316 0.9849519409311949 -0.5129182429122507 -1.9904678857210267 -2.1613451626034754 -1.7453898453634968 -1.221981970228069 -0.3060181887410698 0.007410762369439272 0.035736365023827155 0.0788405429761565 0.8522526502350951 1.2925310393196021 1.3307090255059508 1.1589080876673812 1.0708524098504792 0.9381531191543795 0.40981905225297144 -0.3654403769182095 -1.5052379967719474 -1.970147344686357 -2.0471190910298023 -1.9387428721782314
-3.3011427824572133 -3.316845018711276 -3.3119188269452953 -2.901813362427419 -2.7278572156912326 -2.2912734704312108 -1.880244344957213 -1.09913506306393 -0.5834243625628468 -0.4485698629691308 0.1530413064512377 0.3716410660666227 1.7682164317220934 2.24267027618309 2.0748718691543795 1.624741096537912 1.4908102579003168 1.4458587580357447 1.3513374535259937 1.1108777179490712 0.48494347668417426 0.21554236448211528 -1.3411342335677223 -2.2201515768098674 -2.276802782118643 -1.749392376173356 -1.2102822647838654 -0.584348023518968 -0.3879161268504956 -0.22873855541225074 -0.20934167533370251 0.24971781985860497 0.8325478831711726 1.0757786016164603 0.9840282799750728 0.7740493559501544 0.9449266328326029 0.5366684902269689 -0.325415068819618 -1.3959381169642553 -1.7961911979501708 -1.8254404615606799 -1.6868913181424785
-2.7571064793017417 -2.847009479030886 -3.0246602695915574 -2.637030555005967 -2.346077353827744 -1.847916211492966 -0.8420494302768229 -0.07171619287162256 -0.08433955927194736 -0.07848970654984555 0.16381735093932015 0.37071740511050066 1.5434589323992336 1.9868161913374784 1.9390937086045419 1.6108861821960918 1.4489376278894825 1.4098359807470127 1.3950574054490712 1.2993045529978247 0.2771197615568717 -0.7201261840688056 -1.8559212731126842 -2.5326568669642553 -2.1733527550330525 -1.6527158627659886 -1.4067141614523377 -1.0267816215010916 -0.7004214170048835 -0.33619111330770046 -0.49259770187758134 -0.650851612359705 0.06221464576597224 0.8864281056115848 0.803298619560664 0.5024930348504792 0.6813753733526466 0.7038511232849327 -0.10681530920423343 -1.2367605455260104 -1.5070853186841902 -1.5560393493586213 -1.4359634250628468
