static/data/ASCData/20210130/ASCU/09.asc
ncols 97
nrows 97
xllcorner 99.0
yllcorner 2.0
cellsize 0.25
NODATA_value -32767
[rows 38 to 56 of 97, columns 0 to 42 of 97]
-0.9098605212889077 -2.285964360432927 -1.5017058272797827 -1.427407650454748 -1.6499846673536767 -1.1540284613677612 -0.2183159523789695 -0.2281588732404054 -1.8973277431942837 -2.342481776992141 -2.0884709160518518 -2.3170806908981123 -1.701739380270261 -1.5134538295982711 -1.9341593180306256 -2.30628522930815 -2.4507539064679396 -2.567916416076648 -2.644119674358735 -2.698096982308547 -2.8073216525128712 -3.0867335995471903 -3.2223118965740696 -3.309310616446119 -3.4956910856610564 -3.8687695376671067 -4.171677489338402 -4.1402436452970415 -4.2516909105345935 -4.27105923868129 -4.578729893995217 -4.70097262082273 -4.711768082412693 -4.606988602274823 -4.665728613867265 -4.640327527773237 -4.908944013217592 -4.891163252951772 -5.034044362230685 -5.433158927483115 -5.689074869880457 -5.956738814596287 -6.4685706993909715
-0.9968592411609571 -2.0602122077722447 -1.2505525885250712 -1.485195121318664 -1.7750850163667695 -1.8719266571002549 -1.1578386242818657 -1.125769753088154 -2.187217638242389 -2.342481776992141 -2.182454934599759 -2.2691361408956325 -2.030048418035585 -1.8306498921974579 -1.9547977004820245 -2.2192865094361007 -2.3726455667288007 -2.4605968273293763 -2.5329899226973587 -2.655867676677224 -2.7635047790006713 -2.931469460797438 -3.074985597228702 -3.0730805157716494 -3.2486655233966246 -3.5896751042089634 -3.656035441629614 -3.49886622142281 -3.4429838320159463 -3.2537457406154306 -3.438221128373316 -3.733191240640227 -4.052292384696466 -3.933224793630705 -3.194053188294462 -2.984176714442548 -3.329631485321342 -3.438221128373316 -3.6423823578540735 -4.250738369806067 -4.66953877678137 -5.477293314571491 -6.074853864933522
-1.2857965954805364 -2.046559123996704 -1.3854958583996 -1.5623509203292767 -1.9586078633961286 -2.0592596670437184 -2.239924891887499 -2.3367665326209845 -2.6450722150872616 -2.596492637932431 -2.590459879985099 -2.5348950041544107 -2.3043801478510977 -2.1951554776467734 -2.313270527984008 -2.2056334256605603 -2.3199383130836906 -2.358039942224734 -2.378678324676133 -2.4771075332904946 -2.613955884622076 -2.728260772045206 -2.751756776682183 -2.749851695225131 -2.7203229326408223 -2.925436702850106 -2.5612486309769658 -2.3631201594435396 -2.210713642879366 -1.900185365379862 -2.151973631286924 -3.108959549879465 -3.44203129128742 -3.415677664464865 -2.662852975353082 -2.1802323395665315 -2.285964360432927 -2.331686315402179 -2.662852975353082 -3.1451560975634565 -3.752559568786924 -4.566981891676728 -5.685264706966353
-1.530917076287916 -1.99480441108012 -1.5271069133738115 -1.6531598031154302 -2.0513218276393346 -2.3904263269946213 -2.5720440925669283 -2.8590763654294555 -3.0670477578243176 -2.8962254538419727 -3.1248352286882337 -3.019103207821838 -2.710797525355561 -2.5983977193894834 -2.3758207024905547 -2.2672310594385805 -2.20087072201793 -2.20087072201793 -2.178327258109479 -2.1773747173809532 -2.313270527984008 -2.3367665326209845 -2.3570874014962078 -2.1354629253258053 -2.1030765405559184 -1.9049480690224923 -1.5105962074126928 -1.4937679878753984 -1.2438848034253889 -1.0006694040750612 -1.4216924060835914 -2.3815359468617108 -3.6941370707706573 -3.6795314462665907 -2.8190696548313596 -2.2888219826185052 -2.079898049495117 -1.919553693526559 -2.1862650975138633 -2.0446540425396518 -2.6530100544916455 -3.862101752567424 -4.986099812228206
-1.5718763276145378 -1.9627355398864084 -1.8357301094162635 -1.8932000667040039 -2.0837082124092214 -2.4224951981883325 -2.8327227386069005 -3.1451560975634565 -3.311215697903171 -3.141345934649352 -3.429330748240406 -3.237870061806662 -2.907973456160461 -2.6374518892590526 -2.413922331631598 -2.158006389234256 -2.0573545855866664 -1.9392395352494316 -1.900185365379862 -1.8512882746488564 -1.9119333676983503 -1.9373344537923796 -1.773179934909717 -1.5506029180107883 -1.2448373441539147 -0.9959067004324309 -0.7272902149880744 -0.7253851335310224 -0.3923133921230675 -0.6656925812100543 -1.0835404474568309 -2.0376687438637937 -3.3521749492297928 -3.7995515780608775 -2.9282943250356843 -2.3307337746736527 -2.023063119359727 -1.7534940931868448 -1.6725281312621276 -1.3766054782666899 -1.7331732243116216 -2.9441700038444525 -4.456804680743877
-1.4715420375431232 -1.9500349968393937 -1.9938518703515937 -1.8160442676933912 -2.0046473319415563 -2.4723448296478647 -2.9451225445729783 -3.2527931998869044 -3.3864664154567317 -3.3239162409501857 -3.4617171330102927 -3.202943568427372 -2.8082741932413975 -2.533942463425885 -2.283741765399699 -2.0094100355841866 -1.822077025640723 -1.666812886890971 -1.5699712461574853 -1.5426650786064044 -1.558223243838997 -1.4509036550917247 -1.2603955093865076 -0.9917790239421511 -0.6726778798859123 -0.39802863649422404 -0.14814545204421403 0.3595587562601894 0.9631520645695533 0.1322190357186308 -1.3718427746240596 -2.151973631286924 -2.45488158295822 -2.8190696548313596 -2.6323716720402466 -2.046559123996704 -1.7849279372282054 -1.478209822642806 -1.2759536746191005 -0.935261607382937 -1.2819864325664323 -2.20976110215084 -3.6852466906377472
-1.6636377511292175 -2.090375997508904 -2.090375997508904 -1.8385877316018417 -1.9713084064431432 -2.439005904149451 -2.706669848865282 -2.9419474088112247 -3.214691570745861 -3.2966100733991044 -3.2731140687621276 -2.878762207152328 -2.462501908786428 -2.1802323395665315 -1.949082456110868 -1.7303156021260433 -1.5144063703267974 -1.4166121888647858 -1.2848440547520106 -1.254680265015351 -1.2486475070680192 -1.1070364520938076 -0.912718143474486 -0.6764880428000168 -0.41485685603151845 -0.08083257389503729 0.2747826314213677 1.0657089496741952 2.076354662640372 1.0949201986823285 -0.9997168633465354 -1.6998342988132085 -1.5925147100659363 -1.822077025640723 -2.2427825140730775 -2.289774523347031 -2.1735645544668487 -1.7233303034501852 -1.2095933371984495 -0.9870163202995208 -1.0914782868612147 -1.8579560597485387 -3.028946128683274
-2.24468759553013 -2.699049523037073 -2.3570874014962078 -1.6499846673536767 -1.7144399233172751 -2.0875183753233255 -2.132605303140227 -2.0259207415453053 -2.285964360432927 -2.9400423273541727 -3.0953064661039247 -2.4986984564704198 -2.00369479121303 -1.6899913779517726 -1.5144063703267974 -1.4216924060835914 -1.3394563898541727 -1.2105458779269758 -1.101321207722651 -1.0952884497753193 -1.0387710332161046 -0.9295463630117804 -0.7409432987636153 -0.5348769878258053 -0.34849651861086794 -0.1510030742297923 0.1849262893637409 0.9787102298021457 1.5657928321503904 0.9856955284780033 -0.4139043153029922 -0.9146232249315385 -0.6383864136589734 -0.8962074375133673 -2.0925985925421315 -2.7635047790006713 -3.105149386965361 -2.8892401551661147 -2.002742250484504 -1.1070364520938076 -0.8511205096964658 -1.2603955093865076 -2.287869441889979
-2.4498013657394138 -2.8689192862908914 -2.4704397481908122 -1.6988817580846827 -1.6899913779517726 -1.8785944421999372 -1.6461745044395726 -0.9917790239421511 -0.7018891288940456 -1.6061677938414767 -2.384393569047289 -1.8550984375629604 -1.5591757845675231 -1.3962913199895626 -1.220388798788412 -1.0603619563960294 -1.0308331938117208 -0.9117656027459602 -0.8053985547272138 -0.8533431047296935 -0.738085676578037 -0.8111137990983703 -0.8190516385027542 -0.6666451219385805 -0.4529584851725619 -0.3885032292089634 -0.1411601533683564 0.7885195976731039 0.5824532867352934 0.2160426198289258 0.22398045923331011 0.08046432280204652 -0.19196232555641402 -0.9479621504299511 -2.3199383130836906 -3.2096113535270554 -3.5379203912923796 -3.4458414542015245 -2.9216265399360015 -1.9995671147227503 -1.4401081935017626 -1.315960385217196 -1.9519400782964462
-2.873681989933522 -2.888287614437589 -2.554263332301108 -2.0240156600882533 -1.9519400782964462 -1.9351118587591518 -1.4461409514490944 -0.9206559828788703 -0.5875842414709154 -0.9695530736098759 -1.7068195974890665 -1.4966256100609767 -1.2664282673338394 -1.4499511143631985 -1.3775580189952161 -1.1365652146781162 -1.0289281123546687 -0.9470096097014253 -0.7282427557166007 -0.8238143421453845 -0.8415951024112052 -0.9187509014218178 -0.9644728563910703 -0.7790449279046587 -0.5701209947812704 -0.5974271623323517 -0.6383864136589734 0.21413753837187421 0.05601577743654307 0.06077848107917383 0.09602248803463898 -0.26054525801029227 -0.7183998348551643 -1.33278860475449 -2.30628522930815 -3.354080030686845 -3.7985990373323517 -3.7731979512383225 -3.6433348985825997 -2.7400087743636945 -1.5887045471518317 -1.160696246467444 -1.5760040041048176
-3.0670477578243176 -2.923531621393054 -2.6003028008465354 -2.1881701789709154 -2.0681500471766285 -1.9214587749836114 -1.5153589110553232 -1.5417125378778782 -1.408039322308051 -1.5407599971493524 -1.8846272001472695 -1.7303156021260433 -1.5906096286088842 -1.7439686859015837 -1.6969766766276302 -1.4439183564158666 -1.101321207722651 -0.9959067004324309 -0.755548923267682 -0.7263376742595486 -0.842547643139731 -1.0308331938117208 -1.033055788844948 -0.7888878487660951 -0.6091751646508401 -0.8523905640011673 -1.0086072434794455 -0.5485300716013457 -0.4958228179562356 -0.4129517745744664 -0.6345762507448689 -1.0397235739446309 -1.7506364710012665 -2.3777257839476063 -3.2175491929314393 -4.267249075767186 -4.958793644677124 -4.690177159232769 -4.312336003584088 -3.3159784015458014 -2.0621172892292967 -1.0114648656650238 -1.3299309825689116
-3.141345934649352 -3.0133879634506813 -2.7127026068126137 -2.2681836001671067 -1.9109808269698245 -1.7661946362338594 -1.924633910745365 -2.0357636624067417 -2.097361296184762 -2.2342096475163427 -2.3678828630861704 -2.183407475328285 -2.019252956445623 -1.8719266571002549 -1.820171944183671 -1.63537904284961 -1.3727953153525858 -1.1248172123596278 -0.7898403894946209 -0.6012373252464558 -0.8053985547272138 -1.006702162022393 -0.9558999898343354 -0.7193523755836906 -0.8708063514193385 -1.0857630424900582 -1.3521569329011873 -1.2410271812398106 -1.0571868206342758 -1.0552817391772238 -1.3639049352196757 -2.055449504129614 -2.769220023371828 -3.4861656783757953 -4.260581290667504 -5.008643276136656 -5.6932025463707365 -5.213439532769765 -4.3444048747777995 -3.4283782075118796 -2.2935846862611355 -1.2391220997827581 -0.8044460139986875
-3.162936857829277 -3.111182144912693 -2.8511385260250712 -2.305332688579624 -1.9382869945209054 -0.9587576120199137 -1.090525746132689 -1.865893899152923 -2.3434343177206673 -2.451706447196466 -2.307237770036676 -2.181502393871233 -2.142130710425488 -1.996709492537172 -1.8776419014714114 -1.6922139729849999 -1.6569699660295347 -1.3708902338955333 -0.9441519875158471 -0.4116817202697649 -0.445020645768178 -0.7847601722758153 -0.7447534616777194 -1.1276748345452061 -1.2838915140234843 -1.3619998537626232 -1.5534605401963666 -1.6899913779517726 -1.4636041981387393 -1.666812886890971 -2.4253528203739108 -3.1168973892838494 -3.658893063815192 -4.367900879414776 -4.6304846069118 -5.155017034753499 -5.680502003323722 -5.238840618863794 -4.196126034703905 -3.54744579857764 -2.4196375760027546 -1.1746668438191596 -0.7272902149880744
-3.140393393920826 -3.185162808161552 -3.131503013787916 -2.5475955472014253 -1.8531933561059084 -0.8727114328763905 0.6234125380619151 -0.19100978482788822 -2.1129194614173548 -2.316128150169586 -1.9392395352494316 -1.89415260743253 -1.9109808269698245 -2.2681836001671067 -2.1491160091013457 -1.9713084064431432 -1.9890891667089634 -1.7195201405360812 -1.3013547607131293 -0.27610342324288517 0.8605951794649105 0.3792445979830621 -1.020355245797934 -1.4039116458177712 -1.5496503772822625 -1.6236310405311216 -1.78873810014231 -1.9713084064431432 -1.8103290233222347 -2.3872511912328673 -3.1883379439233055 -3.7966939558752997 -4.338689630406643 -4.561266647305572 -4.750822252282262 -4.9810195950094 -5.504599482122572 -5.418553302979049 -4.157071864834335 -3.630634355535585 -2.682221303499779 -1.436298030587658 -0.4507358901393341
-3.004497583317771 -3.3337591618116216 -3.392181659827888 -2.8679667455623656 -2.1862650975138633 -0.2037103278749024 1.6683497172550323 1.2279583870998048 -1.3102451408460394 -2.071007669362207 -1.5290119948308636 -1.5290119948308636 -1.846525571006226 -2.340576695535089 -2.6110982624364976 -2.436148281963873 -2.368835403814696 -2.114824542874407 -1.762384473319755 -0.12655452886428975 1.6731124208976622 0.9583893609269225 -0.7517387603535775 -1.5407599971493524 -1.5864819521186044 -1.7652420955053332 -2.002742250484504 -2.24468759553013 -2.2827892246711734 -2.899083076027551 -3.654130360172562 -4.199936197618009 -4.468552683062366 -4.638422446316184 -4.66953877678137 -4.817182589702913 -5.644305455639731 -6.080886622880854 -4.611116278765103 -3.3601127886341766 -2.3443868584491936 -1.1460906219633773 -0.09829582058468223
-2.6793636813142006 -3.420757881683671 -3.5506209343393937 -3.0994341425942045 -2.488855535608983 -0.327858136159469 2.0871501242303347 1.8598104036887753 -0.30626721297954473 -1.4763047411857535 -0.9009701411559976 -0.8638210527434804 -1.3445366070729783 -2.1961080183752992 -2.5348950041544107 -2.675553518400096 -2.7222280140978743 -2.3278761524880744 -2.0846607531377472 -0.8260369371786123 0.7989975456868903 0.28335549797810256 -0.8454052653253092 -1.589657087880358 -1.7312681428545695 -1.9674982435290387 -2.2164288872505225 -2.4910781306422107 -2.7127026068126137 -3.2556508220724827 -3.9878371287328673 -4.4822057668379065 -4.73113641055939 -4.833693295664032 -4.77495328407159 -4.697797485060977 -5.707808170874804 -6.032942072878374 -4.113890018474486 -2.527909705478553 -1.5534605401963666 -0.6294960335260633 -0.0690845715765489
-2.614908425350602 -3.3737658724097175 -3.4598120515532402 -3.2594609849865868 -2.7574720210533394 -0.9216085236073961 1.270822719883479 1.469903732145431 0.3665440549360479 -0.06305181362921708 0.8361466340994079 0.9660096867551315 -0.08273765535208977 -1.4702719832384217 -2.1627690928768866 -2.352324697853578 -2.6247513462120384 -2.2700886816241588 -1.9646406213434604 -1.74492122663011 -0.8120663398268961 -0.7828550908187628 -1.1365652146781162 -1.5105962074126928 -1.8531933561059084 -2.1665792557909906 -2.4421810399112047 -2.564106253162544 -2.5269571647500264 -2.992749580999283 -3.519187090298033 -4.024033676416859 -4.605083520817772 -4.901006173813209 -4.529832803264211 -4.197078575432431 -4.377743800276212 -4.057372601915271 -2.7654098604577237 -1.6061677938414767 -1.0190851914932324 -0.7701545477717486 -0.3688173874860907
-2.948932707487083 -3.320106078036081 -3.422662963140723 -3.2019910276988464 -3.001639961132193 -2.1138720021458806 -0.7076043732652022 -0.5015380623273922 -1.0594094156675031 -0.8755690550619688 0.3801971387115879 1.8353618583232727 1.9436339877990711 0.7208892059477519 0.06363610326475211 -0.46470648749105026 -2.2605632743388977 -2.5631537124340182 -1.6014050901988464 -1.3826382362140217 -0.9079554398318557 -0.9898739424850991 -1.245789884882441 -1.6061677938414767 -2.071007669362207 -2.487902994880457 -2.65682021740575 -2.165626715062465 -1.7388884686827781 -1.9468598610776402 -2.174517095195375 -2.356134860767682 -2.6549151359486975 -3.065142676367265 -3.234059898892558 -3.043551753187341 -2.174517095195375 -2.0875183753233255 -2.362167618715014 -1.773179934909717 -1.1314849974593106 -0.8727114328763905 -0.558372992462782
-3.028946128683274 -3.334711702540148 -3.5572887194390765 -3.5591938008961286 -3.627776733350007 -2.9870343366281262 -2.395189030637251 -2.3932839491801996 -2.4986984564704198 -1.9614654855817069 -0.8562007269152718 1.0990478751726078 2.1204890497287474 3.194637477929997 3.5559679276175595 3.0412784206372976 0.375434435068958 -1.9224113157121372 -1.557270703110471 -1.5642560017863292 -1.0387710332161046 -1.150218298453657 -1.5379023749637741 -1.8893899037898998 -2.20087072201793 -2.5523582508440557 -2.3199383130836906 -1.668717968348023 -1.3445366070729783 -1.1530759206392354 -1.1229121309025758 -0.5650407775624648 -0.5466249901442937 -1.0632195785816076 -1.642364341525468 -1.5699712461574853 -0.530114284183175 -1.0895732054041627 -2.555215873029634 -2.185312556785337 -1.587752006423306 -1.2781762696523278 -1.0914782868612147
