static/data/ASCData/20210130/ASCU/21.asc
ncols 97
nrows 97
xllcorner 99.0
yllcorner 2.0
cellsize 0.25
NODATA_value -32767
[rows 76 to 94 of 97, columns 0 to 42 of 97]
-6.785325724473232 -6.294005124308048 -5.145470643111551 -3.3858959107248148 -1.5712999068508129 -1.738299142922715 -2.200311930134883 -3.859521227597612 -4.250199904037345 -4.694517407957125 -6.349579373398201 -7.0919518052741255 -6.795002832523756 -6.634915816487942 -6.845876771989369 -6.987439038328465 -6.9747205534620615 -6.866336943296191 -6.702102595238724 -6.806615362184385 -6.917210882761804 -7.1270658830574565 -7.223836963562698 -7.336920883353109 -7.561706278926713 -7.825200106702414 -8.079293315229034 -8.134867564319187 -8.048879547070243 -7.660136292240616 -7.191487773793803 -6.622197331621539 -6.049865512633395 -5.466750630388954 -5.0528468946279625 -5.0791133307651 -5.354496177002873 -5.541126117977267 -5.571263397334614 -5.777524043211501 -5.644532929717155 -5.442419615861922 -5.158189127977955
-7.271669526212431 -6.962002068595658 -6.117328780185621 -4.218956669474224 -2.422885415296939 -1.2862399525625152 -1.6816189386267881 -1.8173749401355694 -2.0510079773553676 -2.420949993686834 -3.9239431183339586 -5.183626097710761 -6.412065842524442 -6.265803266560805 -6.42589028259662 -6.562475750509733 -6.706249927260377 -6.668094472661167 -6.5381447359827005 -6.692425487188199 -6.686619222357885 -6.811592160610369 -6.910298662725715 -7.073427055577408 -7.299871383959673 -7.522444869121729 -7.789256562514753 -7.848701654825115 -7.816628953857664 -7.43756280707856 -6.924952569202223 -6.3603624366544995 -5.885907653377371 -5.312469879183454 -5.181690676100656 -5.291180241472301 -5.627114135226211 -5.607483430323719 -5.493293555327534 -5.232564615566269 -5.0976380804618175 -4.88584765855606 -4.6065939690980775
-7.408254994125544 -7.2177542099309395 -6.5392506911884745 -4.607423435502408 -3.675932663439096 -2.5392872007046723 -1.5245732994068533 -1.5342504074573773 -1.5419920938977967 -1.3498323768945308 -1.6357217975871592 -2.294041633824246 -3.94744466645666 -5.513753726634357 -5.673840742670171 -6.161290499615145 -6.303682232358572 -6.3711454999107975 -6.180644715716193 -6.242301718438104 -6.172073562871443 -6.305617653968676 -6.4980538597733855 -6.661182252625078 -6.967808333425973 -7.183746087353383 -7.454152135165173 -7.569447965367132 -7.559770857316608 -7.13287214788777 -6.592889518668523 -6.287092904271959 -5.812638120994832 -5.707019398843396 -5.648403772937364 -5.717802462099694 -5.842775400352178 -5.66914043304563 -5.386845366771769 -5.060588581068382 -4.711106736043738 -4.499039825336537 -4.251029370441675
-7.137848946313754 -7.088080962053916 -6.1582491227992655 -4.903542941848447 -4.232504620744957 -3.0275664240539775 -1.966955381716529 -1.6044785630240384 -1.6171970478904418 -1.0020094646785482 -0.6298555379355335 -0.47474532032570327 -1.0020094646785482 -2.9083997506318084 -4.823361189429819 -5.536149319551284 -5.816508964215041 -5.885907653377371 -5.632920400056525 -5.5499737596234615 -5.5499737596234615 -5.86627694847488 -6.063689952705572 -6.286263437867628 -6.603672581924821 -6.885967648198683 -7.122089084631472 -7.29102374231348 -7.229643228393012 -6.7521470683000056 -6.34874990699387 -6.1388949066982175 -6.106545716929323 -6.0761319487705325 -6.116222824979847 -6.143595216322757 -5.880101388547057 -5.636791243276735 -5.37606230351547 -4.92013226993506 -4.569544469704642 -4.343929607726707 -4.085136089575546
-6.342943642163555 -6.445520987499112 -6.23262461038758 -5.538084741161389 -4.927873956375479 -3.307649579916291 -1.606413984634143 -1.3116769222953213 -1.2793277325264265 -1.1034808548083301 -0.9317813091118872 0.5515811106327453 0.7578417565096318 -0.1407468481818981 -2.336067931643665 -4.234440042355063 -4.896630721812358 -5.108421143718116 -4.958011235732826 -4.9765359854295435 -5.089896394021398 -5.425000821370978 -5.762870136734993 -6.001203483579331 -6.248107983268419 -6.529297094336506 -6.689660599173764 -6.932694255642643 -6.887903069808788 -6.461004360379951 -6.1836860925320725 -6.15935507800504 -6.149401481153072 -6.1026748737091125 -6.143595216322757 -6.152442857968952 -5.741304010222396 -5.369150083479381 -4.983448205465632 -4.604658547487972 -4.371301999069618 -4.158405621958087 -3.9123305886733295
-4.746220813827069 -4.76585151872956 -4.966858877379019 -4.840779983920762 -4.050851478196547 -2.435603900163342 -1.0722376202452093 -1.2226475282304996 -1.4756347815513449 -1.1515899062595079 -1.5500102691396593 0.15896701258290769 0.8222636472459781 0.30550607734798785 -0.8515995566932588 -2.1817871804381657 -3.188482906494122 -4.006889758767023 -4.28807886983511 -4.392591636780772 -4.652491110137706 -5.023539081674947 -5.423894866165203 -5.735497745392082 -5.951159010518049 -6.1994459542143545 -6.434737924242813 -6.617220533195555 -6.543121534408684 -6.306723609174451 -6.332160578907257 -6.317506672430749 -6.228477278365927 -6.126176421831814 -6.034382139752556 -6.072261105550322 -5.858535262034461 -5.303898726338704 -4.727696064130351 -4.380979107120142 -4.113337947322789 -3.932790759980152 -3.7785100087746524
-3.035308110494397 -3.05659774820555 -3.2050722345807348 -3.2979724718657666 -2.999088077505292 -1.9912863962435612 -0.9970326662525641 -1.1632024359201365 -1.150483951053733 -0.866253463169766 -1.2746274229018857 0.14044226288619033 1.077186322176929 0.5095548128133256 0.008833593399061535 0.04975393601270639 -0.25106587995787333 -1.9785679113771577 -3.5791615829338546 -3.9532509312869744 -4.098684040846281 -4.469732012383521 -4.969900254194899 -5.433571974215727 -5.713931618879485 -5.895584761427895 -6.182580137326298 -6.363403813470378 -6.334925466921693 -6.1836860925320725 -6.27548037461133 -6.281286639441644 -6.1836860925320725 -6.025534498106363 -5.812638120994832 -5.760934715124888 -5.3105344575733495 -4.847692203956851 -4.417199140109247 -4.135733540239716 -3.826342571424386 -3.602663131056556 -3.4931735656849114
-2.0822512119184884 -2.0568142421856823 -2.45025780663985 -2.692461996704398 -2.702139104754922 -1.8535949731246744 -1.0617310457903546 -1.134724089371451 -1.0987805451837902 -1.5500102691396593 -1.2149058417900802 0.15509616936269843 0.8924918028126392 0.3085474541638673 -0.04397576767665612 0.5642995954991488 0.5145316112393097 0.13767737487175502 -2.1123884912758353 -3.4669071295477742 -3.592986023006032 -3.9894709642760793 -4.572309357719077 -5.099573502071922 -5.467856585594728 -5.6309849784464205 -5.811532165789057 -5.984337666691275 -6.052906889449274 -5.942587857673299 -5.998991573167783 -6.082214702402291 -6.034382139752556 -5.821485762641025 -5.529513588316639 -5.2657432717394945 -4.58419837618115 -4.3223634812141105 -4.168082730008611 -3.8664334476337006 -3.6123402391070805 -3.393637597165234 -3.259817017266557
-1.682724893832562 -1.5126842809447805 -1.906404334200392 -2.1574561659111335 -2.236531963123988 -2.022529630806682 -1.4562805654502968 -1.347620466482983 -1.4501978118185388 -1.7529530493992231 -1.5041131281000304 0.2275362353409074 0.3008057677234479 0.04975393601270639 0.16698518782477034 0.6101967365387777 1.1512853209638 1.3310030419021057 -0.775565136296283 -2.9357721419747196 -3.1699581567974042 -3.515845647403282 -4.1105730593083525 -4.714977579263948 -5.091002349227172 -5.297815972706946 -5.506012040193937 -5.523430834684881 -5.543061539587373 -5.594764945457316 -5.791071994482235 -5.871253746900863 -5.812638120994832 -5.585917303811122 -5.266572738143825 -4.913220049898971 -4.078223869539458 -3.8926998837708373 -3.8302134146445956 -3.7118762076267573 -3.480455080818508 -3.2822126101834845 -3.1417562990501624
-0.5411026326721542 -0.7363037264912995 -1.5878892349374256 -1.9404124567779482 -2.199205974929109 -1.9677848481208597 -1.3290957167862647 -1.2160117969958542 -1.4228254204756272 -1.6816189386267881 -1.3810756114576517 0.4470683436870839 0.31739509581006065 0.16975007583920654 0.3113123421783026 0.5994136732824789 1.1551561641840093 1.6014090897138953 0.13270057644577093 -2.2666692424813344 -3.0206542040178888 -3.2725355021329605 -3.682844883475185 -4.279507716990361 -4.642537513285738 -4.859581222418923 -5.141599799891342 -5.125010471804729 -5.093767237241607 -5.287309398252091 -5.517624569854567 -5.6865592275365735 -5.622137336800227 -5.365279240259172 -5.082984173985309 -4.632030938830884 -3.8672629140380312 -3.6563019585366043 -3.5636782100530158 -3.4893027224647017 -3.4472764246452825 -3.2570521292521217 -3.1047067996567272
1.1288897280468726 0.5009836599685764 -0.6152016314590254 -1.9376475687635129 -2.218836679831601 -2.1231715545321332 -1.4922241096379576 -1.105692765219879 -1.2735214676961117 -1.5812535037027802 -1.0382294976676532 0.7597771781197364 0.34946779677751216 0.1736209190594158 -0.00886168989332603 0.25573809308814965 0.9911983049279858 1.3923835558225734 0.45591598533327815 -1.9639140049006505 -2.8312593750290587 -3.1016654228408482 -3.50395662894121 -3.8750046004784506 -4.232504620744957 -4.502910668556747 -4.783270313220504 -4.813684081379295 -4.755068455473262 -4.93257426600002 -5.239476835602358 -5.416153179724784 -5.433571974215727 -5.181690676100656 -4.88197681533585 -4.421069983329457 -3.8877230853448537 -3.4785196592084033 -3.3311511280389925 -3.2363154691438556 -3.1992659697504204 -3.2636878604867667 -3.1232315493534446
2.3855313306077957 1.7919098739084998 0.3212659390302699 -1.2237534834362735 -2.2862999473838266 -2.190634822084359 -2.1281483529581173 -1.6835543602368928 -1.2696506244759025 -1.6611587673199653 -0.9483706371984999 0.8084392071738007 0.5087253464089949 0.5399685809721166 0.3563800168136009 0.09565107705233533 0.9052102876790427 1.2488858678733719 0.33011358067646324 -1.9453892552039322 -2.6943974183145025 -2.982498749418679 -3.2755768789488395 -3.6466248504860803 -3.9189663199079745 -4.197390542961627 -4.4395947330261745 -4.534153903119868 -4.473602855603731 -4.54991376480215 -4.871193752079552 -5.122245583790293 -5.139664378281237 -4.973771097415108 -4.651385154931932 -4.308815529943376 -3.8224717282041762 -3.0079357191514853 -2.910335172241913 -2.8293239534189536 -3.0635099682416387 -3.127931858977985 -3.265623282096872
2.5389826154089654 2.380831020983255 0.842723818552801 -0.8134441020940493 -1.8790319428574813 -2.33800335325377 -2.4640822467120276 -2.3075895850949797 -1.3799696562518777 -1.8135040969153602 -1.1269824029310316 0.4863297534920683 1.3066720273750736 1.2762582592162834 0.6892725337516321 0.274262842784867 0.7802373494265593 1.0000459465741791 0.02044612305969018 -1.8840087412834645 -2.5459229319393177 -2.876050560862913 -3.127931858977985 -3.3408282360895165 -3.60763992948254 -3.826342571424386 -4.06356996306295 -4.232504620744957 -4.244117150405586 -4.280337183394691 -4.572309357719077 -4.797094753292681 -4.7686164067439964 -4.630095517220779 -4.421899449733788 -4.195455121351522 -3.549024303576508 -2.124001020936464 -2.297083010640125 -2.749142201000325 -2.9971526558951873 -3.218896674652912 -3.3527172545515893
1.6561538723997176 1.8651794062910394 1.1844639771370256 -0.40645258636914683 -1.4278022189016113 -1.9404124567779482 -2.272475507311649 -2.1964410869146733 -1.5126842809447805 -1.6006077198038282 -1.2843045309524106 -0.6367677579716222 0.48826517510217293 1.0019813681842837 0.5009836599685764 0.0525188240271417 0.4736112686256648 0.5468808010082045 -0.3478369604631144 -1.8878795845036747 -2.3908127143294875 -2.6943974183145025 -2.821305778177091 -3.0079357191514853 -3.2003719249561944 -3.366265205822323 -3.696392834745919 -3.886893618940523 -4.078223869539458 -4.127991853799296 -4.370196043863844 -4.416093184903473 -4.354712670983005 -4.189648856521208 -3.993341807496289 -3.978687901019781 -3.4190745668980407 -2.033312694062981 -2.138654927412972 -2.649606232480648 -3.1992659697504204 -3.5116983153816292 -3.4942795208906854
0.655264411174076 0.8720316315058172 0.8847501163722198 0.06247242087910987 -0.9865260917977094 -1.7374696765183844 -2.1339546177884317 -2.2843645257737215 -2.00289892590419 -1.185598028837064 -1.348726421688757 -1.0879974819274914 0.15316074775259292 0.7119446154700029 0.23527792178132678 -0.19825651888215567 0.14928990453238367 0.15316074775259292 -0.740451058512952 -1.9083397558104966 -2.249250447990391 -2.466017668322132 -2.5625122600259305 -2.6670250269715914 -2.7958688084442844 -2.8810273592888973 -3.2050722345807348 -3.444511536630847 -3.847632209135539 -3.9435738232364503 -4.001912960341039 -3.944403289640781 -3.7685564119226846 -3.5763966949194193 -3.456124066291476 -3.4989798305152258 -3.4658011743420003 -2.71679301123143 -2.4101669304305355 -2.3399387748638745 -2.884898202509107 -3.4052501268258633 -3.4815610360242824
0.620150333390745 0.5360977377519065 0.44126207885677005 0.26154435791846353 -0.3340125203909379 -1.242278233132991 -2.058749663795787 -2.3095250067050843 -1.901427535774408 -1.3907527195081757 -1.3456850448728774 -1.2052287337395553 -0.2792677377051147 0.49103006311660824 0.29776439090756845 -0.2560426783838574 -0.18166719079554294 -0.04010492445644687 -0.9884615134078141 -1.9758030233627224 -2.0615145518102223 -2.1671332739616576 -2.2080536165753024 -2.3056541634848746 -2.466847134726463 -2.5343104022786886 -2.731446917707938 -3.158345627136775 -3.472713394378089 -3.6972223011502496 -3.7326128677350234 -3.6054280190709918 -3.3330865496490976 -3.0245250472380985 -2.8185408901626556 -2.9169709034765585 -3.0040648759312756 -2.597626337809261 -2.1367195058028674 -2.062620507015996 -2.448322385029745 -2.8564198559604215 -3.1367795006241788
0.6599647207986159 0.8651194114697285 0.4578514069433828 0.16698518782477034 -0.13106974013137318 -0.84081649343696 -1.673047785782038 -2.088057476748803 -2.0615145518102223 -1.8439178650741503 -1.388817297898071 -1.3545326865190717 -0.7736297146861784 -0.11448041204476045 -0.14572364660788129 -0.6641401493145329 -0.8175914341157018 -0.26571978643438143 -0.8692948399856455 -1.8585717715506584 -1.9882450194276826 -1.9473246768140369 -1.9326707703375288 -2.0391189588932948 -2.1895288668785846 -2.2832585705679476 -2.3858359159035034 -2.812458136530897 -3.102494889245179 -3.427922208544234 -3.4785196592084033 -3.3781542242843954 -3.1251669709635497 -2.74720677939022 -2.453299183455729 -2.496154947679479 -2.5605768384158254 -2.294041633824246 -1.8311993802077469 -1.8292639585976422 -2.1054762712397466 -2.453299183455729 -2.8312593750290587
0.19822842238789118 0.7890849910727527 0.6688123624448092 -0.1435117361963334 -0.3204645691202037 -0.16811923952480878 -0.7443219017331622 -1.8428119098683764 -2.1817871804381657 -2.637717214018575 -2.2470385375788426 -1.6376572191972638 -1.3047647022592326 -0.7393451033071781 -0.6035891017983959 -1.0039448862886529 -0.9688308085053228 -0.3799096614305659 -0.28811537935130893 -1.2862399525625152 -1.784196283962344 -1.704291020345159 -1.6846603154426667 -1.723645236446207 -1.819310361745675 -1.9044689125902874 -2.0850160999329237 -2.4170791504666242 -2.7206638544516397 -3.029501845664082 -3.2570521292521217 -3.232444625923646 -3.1271023925736543 -2.763796107476833 -2.333026554827786 -2.249250447990391 -2.217730724625827 -2.099670006409432 -1.652311125673772 -1.673047785782038 -1.8840087412834645 -2.0205942091965774 -2.362334367780802
-0.37908019502623613 0.5261441408999392 1.0359894907618408 0.3035706557378832 -0.0713481590195677 0.07132006252530321 -0.1700546611349134 -1.2032933121294507 -1.9990280826839806 -3.062680501837308 -3.210049033006719 -2.4834364628130756 -1.9276939719115456 -1.5342504074573773 -1.364486283371039 -0.84081649343696 -0.7100372903541619 -0.4551146154232111 -0.03512812603046278 -0.5900411505276626 -1.5292736090313932 -1.5909306117533042 -1.5439275155079013 -1.5654936420204981 -1.480611579977329 -1.5187670345765385 -1.7559944262151026 -2.058749663795787 -2.3634403229865764 -2.613386199491543 -2.864438031202284 -3.085076094754235 -2.9971526558951873 -2.7950393420399537 -2.3974484455641325 -2.1378254610086413 -1.9912863962435612 -1.9122105990307068 -1.727516079666417 -1.8088037872908203 -2.125936442546569 -2.2636278656654554 -2.3418741964739795
