static/data/seaWater_vo/2023/7/16/0.asc
ncols 137
nrows 93
xllcorner 108.0
yllcorner 17.0
cellsize 0.25
NODATA_value -32767
[rows 0 to 25 of 93, columns 58 to 115 of 137]
-32767.0 -32767.0 -32767.0 -32767.0 -32767.0 -32767.0 -32767.0 -32767.0 -32767.0 -32767.0 -32767.0 -32767.0 -32767.0 -32767.0 -32767.0 -32767.0 -32767.0 -32767.0 -32767.0 -32767.0 -32767.0 -32767.0 -0.07000302 -0.20213896 -0.35451552 -0.33186942 -0.06999482 -0.025285985 -0.062089015 -0.12592158 -0.10218309 -0.04864823 -0.01727645 0.028092504 0.045573562 -0.043516345 0.01074668 0.08939196 -0.07716486 -0.1868108 -0.19976173 -0.09574572 -0.008408673 0.1746813 0.24582167 0.0664114 -0.14315948 -0.20634654 -0.15949564 -0.1019638 0.0043658596 0.06500587 0.061408628 0.1668592 0.12482147 0.09230074 0.2546652 0.32823798
-32767.0 -32767.0 -32767.0 -0.080306664 -0.038547657 0.0016433771 0.010929615 -0.00814905 0.012801945 -0.0066869166 -32767.0 -32767.0 -32767.0 -32767.0 -32767.0 -32767.0 -32767.0 -32767.0 -32767.0 -32767.0 -32767.0 -0.12889524 -0.23479934 -0.3225491 -0.11628204 0.016619587 0.003973761 -0.00059600454 -0.00850065 -0.001678715 -0.050374724 -0.0056696953 0.14554204 0.10236631 -0.04166668 -0.13165478 0.047366742 0.03837862 -0.1987652 -0.28476623 -0.1491739 0.11873635 0.14681941 0.076891206 0.035736043 -0.012610351 -0.13831833 -0.1573843 -0.14625531 0.031119958 0.2136786 0.23479308 0.12978914 0.06743442 0.008793557 -0.18424621 -0.114647314 0.064685814
-32767.0 -0.01168342 -32767.0 -0.0544286 -0.12632333 -0.06530906 0.03629127 0.00819669 0.023027882 -0.007957172 -0.024038482 0.03839301 -32767.0 -32767.0 -32767.0 -32767.0 -32767.0 -32767.0 -32767.0 -32767.0 -32767.0 -0.02202192 -0.23094481 -0.14876236 -0.0032940707 -0.059693776 -0.25800446 -0.2812722 -0.18393002 -0.10111295 -0.01797702 0.07847452 0.07974042 -0.07658492 -0.28450373 -0.35543442 -0.110742144 -0.20471215 -0.19483571 -0.14761385 0.08966174 0.31213802 0.1518698 -0.032354 -0.19886717 -0.31915623 -0.12070358 -0.055939447 0.10189608 0.31929576 0.3739076 0.24530937 0.0071920063 -0.14216462 -0.33144873 -0.35254294 -0.24315807 0.18764584
-0.04633128 -32767.0 -0.21536827 -0.14554197 -0.10213481 -0.011305591 0.02504625 0.120030396 0.0377426 0.067338675 0.01618453 0.0127427 -32767.0 -32767.0 -32767.0 -32767.0 -32767.0 -32767.0 -32767.0 -32767.0 -0.11790833 -0.2355142 -0.3806364 -0.094766475 0.01348395 -0.18866359 -0.17841177 0.064485595 0.18819866 0.12094434 0.087381266 0.0075298445 -0.1737009 -0.2887106 -0.4439377 -0.43259582 -0.22813274 -0.08923799 -0.18015134 -0.059519164 0.37848693 0.3456056 0.21142522 -0.10939355 -0.3006674 -0.4036887 -0.1377193 0.09505383 0.070435755 0.17899135 0.4214842 0.21828264 -0.1958508 -0.38273346 -0.32167745 -0.22709535 -0.2236678 0.17375423
-0.10378231 -32767.0 -0.13796945 -0.18692003 -0.083603054 0.010428679 0.072774865 0.16675691 0.17078778 0.11565749 0.03495903 -32767.0 -32767.0 -32767.0 -32767.0 -32767.0 -32767.0 -32767.0 -32767.0 -32767.0 -32767.0 -32767.0 -0.28828478 -0.14764582 -0.18403137 -0.1847602 -0.20871161 0.26809508 0.5134485 0.38129997 0.2206759 -0.037430648 -0.30478016 -0.32683706 -0.29300013 -0.42203 -0.3083579 -0.0843545 -0.064035535 0.098634936 0.2927451 0.4128454 0.1964552 -0.080837026 -0.32221884 -0.27388522 -0.18231368 0.06717809 -0.120205574 0.11318693 0.34250614 0.32521963 -0.111489594 -0.3395398 -0.08003749 -0.025223423 -0.0897119 -0.0033224402
-0.011257203 -0.09734757 -0.109548084 -0.10571224 -0.113960065 -0.051510148 0.03652606 0.05750876 0.117451854 0.2809 0.006966152 -32767.0 -32767.0 -32767.0 -32767.0 -32767.0 -32767.0 -32767.0 -32767.0 -32767.0 -32767.0 -32767.0 -32767.0 -0.17632252 -0.16263528 -0.2991659 -0.08787795 0.17701384 0.65704167 0.49642593 0.22159092 -0.010516708 -0.12397533 -0.14437728 -0.23291917 -0.30128452 -0.2111898 -0.12802356 -0.034542046 0.0754328 0.1987379 0.26451835 0.06705617 -0.12820904 -0.21642725 -0.20371553 -0.11936636 -0.05461666 -0.038941212 0.17259867 0.42661178 0.27564862 -0.12188695 -0.4601256 -0.45765203 -0.066141225 -0.17544805 -0.16938041
0.009817335 -0.03183458 -0.10300558 -0.15155528 -0.20433497 -0.22768466 -0.096818455 -0.027652677 -0.0010620577 0.13897452 0.015547526 -32767.0 -32767.0 -32767.0 -32767.0 -32767.0 -32767.0 -32767.0 -32767.0 -32767.0 -32767.0 -32767.0 -32767.0 -32767.0 -0.23749194 -0.25695512 -0.052202012 0.255414 0.64476335 0.57625395 0.15636548 -0.11549176 -0.07632611 0.013317376 -0.0077726254 -0.17290531 -0.19017921 -0.08179486 -0.0025385725 0.041645005 0.11267823 0.012331947 -0.15826327 -0.21954317 -0.21289119 -0.08905996 0.07879487 0.131003 0.18514629 0.25140616 0.2528143 0.05594635 -0.20836161 -0.40677512 -0.58663046 -0.24328583 0.04104387 -0.0043552406
-0.054842386 -0.074172504 -0.11603556 -0.18760476 -0.26458582 -0.2762372 -0.2275857 -0.15125644 0.17812459 -0.051148478 -32767.0 -32767.0 -32767.0 -32767.0 -32767.0 -32767.0 -32767.0 -32767.0 -32767.0 -32767.0 -32767.0 -32767.0 -32767.0 -32767.0 -32767.0 -0.26149407 -0.122082606 0.1660747 0.47566512 0.61550456 0.09060751 -0.11491801 -0.09798482 -0.13255158 -0.2065218 -0.21781674 -0.20062926 0.021806616 0.28645843 0.18794799 0.032212555 -0.15844661 -0.40375385 -0.2913033 0.07796918 0.2015417 0.30952263 0.20853373 0.13070464 0.06460257 0.01510782 -0.052024364 -0.19004235 -0.30832854 -0.28580195 0.083005436 0.0774924 0.09137769
-0.18829075 -0.11920721 -0.16910662 -0.22617127 -0.21854727 -0.1690409 -0.21519327 -0.1579843 0.23959616 -32767.0 0.043675665 -32767.0 -32767.0 -32767.0 -32767.0 -32767.0 -32767.0 -32767.0 -32767.0 -32767.0 -32767.0 -32767.0 -32767.0 -32767.0 -32767.0 -0.11516232 -0.15330024 0.09167881 0.14218332 0.6263757 0.08469439 -0.18163559 -0.2842913 -0.37598282 -0.23891425 -0.15416649 0.021734558 0.2881147 0.54034394 0.2718428 -0.0013047202 -0.18073305 -0.27917114 -0.15155722 0.0801587 0.25167647 0.2127686 0.14877285 0.045008004 -0.0664449 -0.13033447 -0.08560969 -0.09649215 -0.08021336 0.1375789 0.16878316 0.032999095 -0.006163126
-0.21049343 -0.14301798 -0.08820738 -0.101720564 -0.064794436 -0.006859885 -0.055346273 -0.12560901 0.056077108 0.10071177 0.16602573 -0.022359017 -0.14834301 -0.04874004 0.031655733 0.0036967015 -32767.0 -32767.0 -32767.0 -32767.0 -32767.0 -32767.0 -32767.0 -32767.0 -32767.0 -32767.0 -0.03810828 0.115746126 0.57935554 0.4848693 0.16578834 -0.06521718 -0.28593022 -0.37591377 -0.33661333 -0.20818491 0.2513641 0.23544511 0.24782367 0.14422406 0.10258799 0.09907057 0.03950199 0.053091202 0.03660504 0.050200336 0.15599893 0.11962388 -0.05517103 -0.15901157 -0.1622305 -0.15606456 -0.018846704 0.0044307252 0.13391191 0.119914904 0.10693314 0.14285229
-0.19460423 -0.21895121 -0.1263127 -0.063871235 0.016881544 0.08334972 0.08753908 0.049825244 -0.05497715 -0.0472884 0.20802549 -0.041901935 -0.05293692 0.010034944 0.020041635 0.058768783 -32767.0 -32767.0 -32767.0 -32767.0 -32767.0 -32767.0 -32767.0 -32767.0 -32767.0 -32767.0 -32767.0 -0.007759504 0.623702 0.5533402 0.30968332 0.083905555 -0.18667632 -0.24067673 -0.39428928 -0.14125264 0.06923023 -0.03533527 -0.07707863 0.055545174 0.2545275 0.32946733 0.18730891 0.13129532 -0.020522904 -0.060772065 0.089720115 0.028011212 0.004876597 -0.06368335 -0.14499356 -0.09149512 0.08986027 0.07122421 0.1290469 0.07470557 0.2994192 0.3085678
-32767.0 -0.12467018 -0.07788611 -0.013022967 0.02767535 -0.020093702 -0.022194479 0.038308404 0.14653376 0.21010217 0.18611048 0.235675 -0.093129344 0.004632934 0.12824403 -0.008301133 0.062215112 -0.08396491 -32767.0 -32767.0 -32767.0 -32767.0 -32767.0 -32767.0 -32767.0 -32767.0 -32767.0 -32767.0 0.45918763 0.58988684 0.5805777 0.123446606 -0.22694266 -0.26968414 -0.2668002 -0.12981735 0.042789128 0.070823036 -0.057893235 0.053403586 0.49323672 0.47096625 0.20376779 0.038690474 -0.17661342 -0.08013474 0.034554064 -0.051841643 -0.04400751 -0.032488402 -0.03562249 0.010898862 0.04258055 -0.08716099 0.13234343 0.26012003 0.5607434 -32767.0
-32767.0 -0.11285965 -0.13554381 -0.17238918 -0.14976867 -0.027611906 -0.029622488 0.037741795 0.24563849 0.3742231 0.40072593 0.19077581 0.16576108 -0.012302999 0.2292263 0.080883734 -32767.0 -0.019900747 -32767.0 -32767.0 -32767.0 -32767.0 -32767.0 -32767.0 -32767.0 -32767.0 -32767.0 -32767.0 0.20120762 0.7427249 0.602787 0.2476423 -0.1568432 -0.22719666 -0.10786087 -0.12778656 -0.11920014 -0.12623928 -0.06441931 0.16051142 0.42619577 0.22452356 0.22062318 0.105148524 -0.2138285 -0.13728534 0.020724807 0.015499833 0.006632257 -0.10225758 -0.19562483 -0.14176314 -0.20923166 -0.037973367 0.11288807 0.06923206 0.215126 -32767.0
-0.041960314 -0.034459136 -0.12455152 -0.19337657 -0.11247068 -0.01312903 0.086164564 0.21819285 0.301065 0.3566242 0.3366077 0.22108284 0.06799008 0.08951457 0.35674194 -32767.0 -32767.0 -32767.0 -32767.0 -32767.0 -32767.0 -32767.0 -32767.0 -32767.0 -32767.0 -32767.0 -32767.0 -32767.0 0.05706058 0.75633305 0.4645502 0.30468988 -0.044676494 -0.11955747 -0.11744696 -0.16793193 -0.18206581 -0.18653512 -0.1414385 0.06410158 0.20356734 0.12998702 0.19570795 0.37914473 -0.099456884 -0.17866522 -0.057281822 0.05037293 0.04948152 0.01720173 -0.14881423 -0.22019824 -0.15571618 0.15321541 0.5692142 0.3095569 0.06510816 -0.0019982976
-0.03069096 0.05063899 -0.04901655 -0.07906146 -0.03042119 0.09749197 0.19316493 0.21599025 0.2047308 0.3056454 0.28415242 0.16263057 0.037589464 0.101091474 0.14034912 0.09940326 -32767.0 -32767.0 -32767.0 -32767.0 -32767.0 -32767.0 -32767.0 -32767.0 -32767.0 -32767.0 -32767.0 -32767.0 -0.06693602 0.65437657 0.6624512 0.21069703 0.02447163 -0.038453445 -0.07284709 -0.14909771 -0.2914217 -0.15697858 -0.10794207 -0.0811309 0.047981553 0.21184057 0.26968375 0.28832623 -0.11558039 -0.10928421 -0.013096439 0.07030873 0.2435274 0.1775937 -0.036819797 -0.19928125 -0.24663192 0.05699726 0.6594265 0.20428027 0.091989785 -32767.0
0.021573178 0.00451477 0.031078773 0.009886936 -0.010089625 0.084705666 0.16794564 0.15002039 0.15988408 0.12757172 0.05066032 0.03025858 0.064599656 0.14804377 0.15278842 0.16844498 0.01484848 -32767.0 -32767.0 -32767.0 -32767.0 -32767.0 -32767.0 -32767.0 -32767.0 -32767.0 -32767.0 -32767.0 -0.06172167 0.7622458 0.58109426 0.14838706 -0.02266658 -0.0083533 -0.17919338 -0.1809455 -0.26207724 -0.047033135 0.038984857 -0.106615 -0.2747256 -0.014229871 0.3047998 -32767.0 -0.2694843 -0.05603098 0.048371162 0.094675496 0.113187686 0.0061356546 -0.091144174 -0.14000039 -0.22332503 0.116522945 0.68763435 -32767.0 -32767.0 -32767.0
0.12614205 0.08091482 0.081815176 0.076280065 0.04358475 0.0980683 0.16205886 0.18777344 0.17069784 0.1197317 0.027192002 -0.032357123 0.007808993 0.09579538 0.07623163 0.13365388 0.05262992 -32767.0 -32767.0 -32767.0 -32767.0 -32767.0 -32767.0 -32767.0 -32767.0 -32767.0 -32767.0 -32767.0 -32767.0 0.82779896 0.63822705 0.13104899 -0.20797978 -0.11358828 -0.16682258 -0.23390459 -0.15086019 0.09311732 0.26139838 0.05101766 -0.07380378 -0.025515437 0.23015137 -0.01874191 -0.110976316 0.052135646 0.13613814 -0.12973954 -0.06600088 -0.04765863 -0.20352875 -0.14200862 0.0012611337 0.35797396 0.019678243 -32767.0 -32767.0 -32767.0
0.110569574 0.06369684 0.06817516 0.093375064 0.116572574 0.12346921 0.16942556 0.14693296 0.11230113 0.045485504 -0.010785866 -0.002262822 -0.021446694 0.036119256 0.021670366 0.100207865 0.008316188 -0.06126279 -32767.0 -32767.0 -32767.0 -32767.0 -32767.0 -32767.0 -32767.0 -32767.0 -32767.0 -32767.0 0.5108351 0.8319335 0.4688373 0.10949237 -0.40732527 -0.15519093 -0.009312197 0.012981099 0.081330284 0.22194822 0.15040989 -0.022563817 -0.0239507 0.30309457 0.25638276 0.1465344 0.023858204 -0.1258877 0.07643116 -0.02622594 -0.0530699 0.15595394 0.0130405165 -32767.0 -0.0665259 0.08952977 0.009905755 -32767.0 -32767.0 -32767.0
0.10861488 0.07786106 0.07666246 0.06086379 0.04872179 -0.02871726 -0.053728305 -0.008156255 0.018068634 0.032558944 0.058906317 0.037426207 0.0026215632 -0.043408357 0.0196571 0.10673238 -0.03402112 -32767.0 -32767.0 -32767.0 -32767.0 -32767.0 -32767.0 -32767.0 -32767.0 -32767.0 -32767.0 -32767.0 0.50787157 0.6387353 0.20249172 0.038016766 -0.24372162 -0.16805314 0.06318574 0.14165719 0.15314287 0.18862723 -0.09438154 -0.013443887 0.21684231 0.18892305 -32767.0 -32767.0 0.035489425 0.08205729 -32767.0 -32767.0 -32767.0 -32767.0 -32767.0 -32767.0 -32767.0 -32767.0 -32767.0 -32767.0 -32767.0 -32767.0
0.06486305 0.03792852 0.0021621287 -0.00915189 0.0003584792 -0.10233826 -0.17098859 -0.18616804 -0.095439136 -0.096515626 -0.119191125 -0.16032954 -0.15218535 -0.14518356 -0.0043705925 0.1432089 -32767.0 -32767.0 -32767.0 -32767.0 -32767.0 -32767.0 -32767.0 -32767.0 -32767.0 -32767.0 -32767.0 0.2968452 0.47231236 0.46428987 -0.02114846 -0.08697975 -0.100098245 -0.06926122 0.0796623 0.22677767 0.103768885 0.11966354 0.098066814 0.006193934 0.18147218 -32767.0 -32767.0 -32767.0 -32767.0 -32767.0 -32767.0 -32767.0 -32767.0 -32767.0 -32767.0 -32767.0 -32767.0 -32767.0 -32767.0 -32767.0 -32767.0 -32767.0
-0.077308804 -0.09055894 -0.1089258 -0.1463502 -0.091237895 -0.10402887 -0.10867626 -0.060801987 -0.09614966 -0.1960353 -0.19919571 -0.19549718 -0.15937863 -0.10765696 0.024898848 0.01714953 -32767.0 -32767.0 -32767.0 -32767.0 -32767.0 -32767.0 -32767.0 -32767.0 0.0828964 -0.15042982 0.12174053 0.46147168 0.64194643 0.21087039 -0.3076014 -0.2564682 0.012314105 0.18010136 0.25825113 0.38986543 -0.023592582 -0.091668606 -0.09374683 -32767.0 -32767.0 -32767.0 -32767.0 -32767.0 -32767.0 -32767.0 -32767.0 -32767.0 -32767.0 -32767.0 -32767.0 -32767.0 -32767.0 -32767.0 -32767.0 -32767.0 -32767.0 -0.0044024144
-0.08873452 -0.13283841 -0.15624067 -0.2522013 -0.25725713 -0.18607646 -0.12795572 -0.12711284 -0.1551494 -0.258194 -0.2617196 -0.101059765 -0.1978613 -0.095762506 -0.07993485 0.03791104 -32767.0 -32767.0 -32767.0 -32767.0 -0.013065784 -0.054557387 -0.12491418 -0.0340389 -0.16448608 0.21308795 0.1805759 0.57708544 0.0131321745 0.021645445 -0.09115017 -0.075699985 0.11392652 0.39068094 0.4281476 0.0004627558 0.04237421 0.023412589 -32767.0 -32767.0 -32767.0 -32767.0 -32767.0 -32767.0 -32767.0 -32767.0 -32767.0 -32767.0 -0.20631413 0.008571271 -32767.0 -32767.0 -32767.0 -32767.0 -32767.0 -32767.0 -32767.0 -0.13663755
-0.23659809 -0.21320656 -0.2529827 -0.29659694 -0.2707027 -0.19730017 -0.13735367 -0.19844338 -0.27221894 -0.2666356 -0.23103835 -0.17231832 -0.12213353 -0.42342493 0.14618272 -32767.0 0.055370294 -32767.0 -0.10373054 -32767.0 -0.0790807 -32767.0 0.02667147 -0.04815564 -0.044434264 0.085376754 0.19105686 0.1866124 -0.35582522 0.16053258 0.16837163 0.26499608 0.36497712 0.383823 0.11042188 0.014540484 -32767.0 -32767.0 -32767.0 -32767.0 -32767.0 -32767.0 -32767.0 -32767.0 0.0067957076 -0.07310643 -0.105839245 -0.11862849 -0.22397234 -0.032406505 -0.097983 0.03398011 -32767.0 -32767.0 -32767.0 -32767.0 -32767.0 -0.18202426
-0.26901883 -0.42310813 -0.38222075 -0.3615976 -0.3729225 -0.3174194 -0.25611663 -0.2723147 -0.31467232 -0.20694357 -0.065001726 -0.0955509 -0.18435705 -0.13730864 -0.1505435 -0.18007539 0.009581121 -0.02961576 -0.048823804 -0.095783 -0.10799044 0.14821683 0.13354705 0.025286086 0.03992289 0.15957692 0.36088112 -32767.0 -0.10301255 0.3824656 0.26067758 0.29245448 0.21757786 0.09385762 -32767.0 -32767.0 -32767.0 -32767.0 -32767.0 -0.0749739 0.015848523 0.08189124 0.115351014 0.08810834 0.032989543 0.057214092 -32767.0 -32767.0 -0.20635968 -0.21941264 0.15872039 -32767.0 -32767.0 -32767.0 -32767.0 -32767.0 0.25283828 0.20157982
-0.2882245 -0.539161 -0.4818085 -0.41081086 -0.46255022 -0.440371 -0.30918822 -0.27466682 -0.3721321 -0.23808216 0.02768806 0.07409671 -0.040471576 -0.14420365 -0.14130352 -0.12544467 -0.1705301 -0.034560464 -0.012040113 -0.10816425 -0.049886808 0.112361714 0.10943163 0.1499322 0.07869356 0.16740063 0.17227948 0.101123974 0.18119006 0.22261906 0.13486676 0.07388879 0.06437998 0.09527304 0.033117466 -32767.0 0.027989801 0.14773886 -32767.0 0.00013479393 0.124464 0.017096924 -32767.0 -0.040453818 -0.08141977 -32767.0 -32767.0 -32767.0 -32767.0 -0.19650862 0.070114926 -32767.0 -32767.0 -32767.0 -32767.0 0.22196412 0.46487653 0.16155396
-0.17176116 -0.38003257 -0.52946323 -0.512315 -0.56687057 -0.4459699 -0.31312367 -0.20610261 -0.17117336 -0.19415113 -0.06943895 -0.020550154 -0.032895926 -0.026086785 -0.052820805 0.0048379423 0.19240507 0.17483366 -0.11025865 -0.11338924 0.03590387 -0.00017678272 0.024322467 0.089602605 0.037387345 -0.014195698 -0.06703654 -0.08333207 0.044434812 -32767.0 0.18777658 0.03691425 -32767.0 -32767.0 -0.002136953 0.031403065 -0.04004568 0.053327307 0.1468617 0.26637506 -0.0045021772 -32767.0 -32767.0 -32767.0 -32767.0 -32767.0 -32767.0 -32767.0 -32767.0 -0.038202457 -0.028210588 -0.3255431 -32767.0 -32767.0 0.35621753 0.39704272 0.07094322 -0.03960896
