static/data/seaWater_vo/2023/7/16/18.asc
ncols 137
nrows 93
xllcorner 108.0
yllcorner 17.0
cellsize 0.25
NODATA_value -32767
[rows 52 to 77 of 93, columns 58 to 115 of 137]
0.14364125 0.20575948 0.14693426 0.08176024 0.003985423 -0.047668923 0.02492577 0.16967742 0.094904706 0.06853039 0.031938992 0.27328044 0.5339435 0.497708 0.7380649 0.73541456 0.5879642 0.49922076 0.35052967 0.18026294 0.22540079 0.25747025 0.04874372 -0.081893235 -0.058173016 0.21214466 0.0927022 0.13243166 0.37892428 0.5089376 0.38436133 0.38977095 0.50714135 0.5579074 0.4014481 0.29204622 0.21940546 0.04658862 -0.1114589 -0.24928741 -0.38322386 -0.49233776 -0.5312794 -0.65507925 -0.59214365 -0.29304013 -0.2378874 -0.034057267 0.2177523 0.24580216 0.29473722 0.21673487 -0.12474717 -0.40033737 -0.29282802 -0.25277323 -0.13020171 -0.1430655
0.1874126 0.05872181 0.07806294 0.069123596 0.096211806 0.04098576 0.114728026 0.113793835 0.08045323 -0.0056209834 0.085059464 0.3193666 0.5182999 0.6185555 0.7716503 0.6352409 0.506095 0.41364655 0.1670276 0.1281604 0.31367028 0.22069795 0.067508414 -32767.0 -0.29822946 0.079538144 0.09720426 0.15487339 0.3236999 0.51602995 0.4234165 0.32315624 0.4198634 0.51904976 0.40547335 0.18218575 0.10355773 -0.0037590896 -0.16127725 -0.32449722 -0.45779216 -0.5462255 -0.69707114 -0.5819779 -0.34627852 -0.2868907 -0.13262405 0.05595499 0.31682995 0.26850575 0.34676757 0.3485985 -0.0139117595 -0.38515347 -0.33989286 -0.028842796 0.060122468 -0.2857407
0.061756965 0.038206365 0.036506955 0.012710197 0.07630175 0.07288344 0.10619429 0.1850581 0.12895648 0.12988473 0.18959357 0.40892434 0.5311418 0.67942184 0.67851067 0.5614883 0.50743747 0.26014924 0.1251284 0.3298372 0.2749577 0.01942894 0.07359913 0.066540636 -0.281173 -0.013789406 0.07688655 0.2056143 0.24373095 0.5035021 0.48228082 0.30459923 0.302069 0.4504789 0.4677636 0.2434639 0.04426747 -0.06289077 -0.18843818 -0.31817055 -0.48649037 -0.652153 -0.5280676 -0.38977212 -0.3187918 -0.1021369 0.004318437 0.16788124 0.4091583 0.40413505 0.39239204 0.39818725 0.12281991 -0.24052314 -0.43262988 0.07033049 0.1498385 -0.24074215
0.09935563 0.006617471 -0.00065842626 0.06936984 0.05362059 0.1179793 0.15074274 0.22599989 0.18933497 0.2856947 0.48947775 0.56615156 0.62089473 0.6059027 0.55273616 0.46937567 0.44119704 0.278616 0.2695771 0.22758886 0.24461 -32767.0 0.14095762 0.091136 -0.16686814 -0.029695401 0.02230109 0.14781137 0.15315475 0.35294494 0.5475143 0.35152376 0.21478279 0.23104295 0.35774255 0.3151488 0.11795637 -0.054262213 -0.21224469 -0.4223949 -0.5716261 -0.46431467 -0.43282548 -0.44936812 -0.23190373 0.012567506 0.1002776 0.077724785 0.32487702 0.348056 0.41907853 0.34688663 0.2795917 -0.08286302 -0.41042617 -0.06547367 0.08754749 -0.21303563
0.3417791 0.52242064 0.50098896 0.259404 -0.0666701 -0.10049226 -0.08978893 -0.012260227 0.23508717 0.43677863 0.5599171 0.5316246 0.4739209 0.4853834 0.44565907 0.3836059 0.36640123 0.26280546 0.213685 0.18239787 0.13054669 0.06326608 0.077362105 0.03987493 -0.07023992 -0.056600835 -0.02362044 -0.007385349 0.095102325 0.13223258 0.512064 0.49102092 0.24202792 0.10565923 0.08810624 0.17075987 0.10615785 -0.08408366 -0.27418998 -0.45142052 -0.4392949 -0.4440058 -0.53162736 -0.39594093 -0.20419407 -0.051778983 0.20911713 0.21441813 0.2833616 0.33944398 0.4430552 0.30050883 0.35473374 0.1151012 -0.17316137 -0.43872407 -0.09522914 -0.25620258
0.4240665 0.54606223 0.5719948 0.40432099 -0.05597268 -0.1638371 -0.041417368 0.12120053 0.209673 0.3718293 0.39633 0.3556461 0.41100857 0.43733877 0.29296827 0.39910483 0.3688704 0.30612552 0.2467988 0.24307163 0.221798 0.14651954 0.1390736 0.05862991 -0.08773088 -0.123577036 -0.07862713 -0.022713521 0.021406343 0.049374927 0.32222182 0.5729227 0.31611282 0.07801141 -0.020671368 -0.065004244 -0.04913177 -0.122690365 -0.2318719 -0.3043653 -0.33771756 -0.45028618 -0.51735 -0.30170175 -0.10733897 0.002096361 0.24505664 0.27039158 0.23042381 0.34609297 0.410933 0.3601937 0.31234688 0.2677446 0.03549481 -0.17526662 -0.32084456 -0.22455242
0.49427274 0.87281674 0.6225804 0.24121454 0.085562006 0.0011660103 0.1375883 0.08020875 0.19294588 0.31216764 0.23766422 0.27245978 0.38973963 0.22866406 0.2484859 0.43847486 0.42690322 0.39076105 0.28598958 0.22183418 0.19884844 0.0038092094 0.08897302 0.17044364 0.08946011 -0.10264418 -0.21660149 -0.07559639 -0.009474154 0.062314183 0.1293067 0.45970833 0.41795695 0.14712481 -0.011354406 -0.13595074 -0.223013 -0.26362187 -0.29786974 -0.3113911 -0.34266448 -0.45588276 -0.50088906 -0.2139711 -0.041068204 0.038522508 0.1825019 0.23271173 0.20511642 0.3539029 0.32358572 0.39276418 0.27339068 0.27214077 0.18211658 0.06407512 -0.022651017 -0.059825525
0.8577861 0.74660724 0.5221258 0.17535357 0.115878895 0.044422284 0.03887167 0.16573785 0.21526548 0.22828119 0.28453383 0.3890754 0.1780982 -0.021837452 0.37978023 0.47105548 0.45760748 0.4185496 0.2729276 0.18389554 0.12635289 -0.032126866 0.137188 0.1306385 0.08365952 0.04531981 -0.28505003 -0.2048802 -0.022996385 0.083424956 0.1788824 0.36140156 0.40997186 0.10390494 -0.037955087 -0.069499336 -0.20729864 -0.25396594 -0.2604338 -0.26360476 -0.3004694 -0.306825 -0.2911686 -0.21711238 -0.056505106 0.053666525 0.12747258 0.16907877 0.22799492 0.38209462 0.29507175 0.36744788 0.2028476 0.2761356 0.25989276 0.19131686 0.06345061 -0.054985806
0.98970455 0.6944583 0.40373737 0.12595718 0.027553827 0.05807158 0.06984054 0.13740446 0.21773644 0.26402232 0.3009946 0.11176056 0.08142065 0.073570006 0.5009242 0.46284306 0.38696486 0.38357896 0.21848364 0.13435677 0.05003214 0.02018689 0.13413048 0.099179044 0.064038016 0.030919662 -0.24420056 -0.31669042 -0.044787344 0.105750725 0.17837575 0.33561262 0.26773474 0.045756213 -0.014895898 -0.0715985 -0.10144476 -0.13423926 -0.17407165 -0.22184837 -0.23027532 -0.19135663 -0.12998694 -0.07120299 -0.012758308 -0.024524773 0.016870065 0.08545046 0.19645795 0.30347365 0.24080433 0.29491058 0.34889844 0.2887797 0.29199347 0.22025222 0.10180555 -0.06420011
0.84544665 0.66369164 0.25837818 0.0411938 0.14053395 0.14965013 0.0070228344 -0.00077608984 0.27219054 0.20178077 0.34718397 0.11816367 0.21758132 0.44401094 0.44105974 0.31250256 0.2181593 0.25450954 0.17694262 0.11014766 0.032595005 0.12107373 0.07531266 0.028643748 -0.010542239 -0.041145135 -0.25536793 -0.34067765 -0.045389716 0.1292255 0.23758876 0.26724264 0.091015026 -0.03918597 -0.007821408 -0.024649335 -0.01919276 -0.039528165 -0.056181215 -0.1078757 -0.18274313 -0.23447831 -0.253886 -0.18933542 -0.08843845 -0.040735375 0.0038953454 0.1159245 0.2184337 0.2619201 0.2788294 0.25134632 0.3517175 0.3516063 0.31934562 0.19605015 0.0827545 -0.13673727
0.52430767 0.42531142 0.14331885 0.1800933 0.19822955 0.08413134 -0.07118255 0.13718377 0.21918674 0.28237018 0.3452342 0.3059367 0.3310635 0.37012342 0.30239248 0.19489753 0.1827035 0.16484812 0.14150912 0.08651805 0.12785411 0.094907716 0.037161615 -0.0047579263 0.001873412 -0.09592374 -0.28617603 -0.22429639 0.067756064 0.21941799 0.25096264 0.06845998 0.033244457 -0.17040311 -0.04934938 0.015063743 0.09647243 -0.0036760352 -0.06562442 -0.004182983 -0.03815322 -0.088986926 -0.13647352 -0.13363823 -0.090470865 -0.05942568 0.049110133 0.09211099 0.07542794 0.17743315 0.26354864 0.25895885 0.39130995 0.41885272 0.35056052 0.2130726 0.033099294 -0.20223051
0.5202762 0.28032422 0.037556406 0.22956444 0.18931417 0.110807545 0.07836066 0.029287532 0.14794809 0.3512843 0.4782524 0.40038812 0.42983755 0.3204284 0.17507584 0.13546647 0.14269926 0.10972771 0.09875577 0.16874057 0.14850436 0.10403278 -0.018001977 -0.02658226 -0.1086408 -0.2464511 -0.25560907 0.0060115545 0.25337094 0.28774357 0.11094443 0.019943826 0.02579199 -0.035293832 -0.030061891 0.08866165 0.10644202 0.010230653 9.912892e-06 0.058660865 -0.017218214 -0.09463996 -0.04876969 -0.015395148 -0.043735642 -0.088650815 -0.11831712 -0.14909397 -0.09067492 -0.011073524 0.082769744 0.1881936 0.38333866 0.46674952 0.3078298 0.18489517 -0.084360376 -0.2369249
0.50356555 0.067955405 -0.13982867 0.1532181 0.1341183 -0.03996069 -0.11517075 -0.015929226 0.15060471 0.36951444 0.5283118 0.3968812 0.31463388 0.15548892 0.10849665 0.10973406 0.13996634 0.140574 0.17149428 0.14374064 0.13659078 0.008884757 -0.064486176 -0.19387108 -0.3078222 -0.23002246 -0.020170704 0.18588448 0.37973428 0.34726325 0.11952816 0.037037577 0.047920365 0.072308086 0.1180447 0.12980099 0.090630665 0.044520378 0.08205351 0.02863464 -0.016963882 0.00073023106 0.07219726 0.08647229 -0.00083437294 -0.059181754 -0.082770035 -0.12988864 -0.18484876 -0.16333212 -0.05348799 0.14858688 0.38370904 0.44246346 0.23974195 0.08910852 -0.15779729 -0.27191868
0.39294133 -0.04434448 -0.4009124 0.044826586 0.09482477 0.010851072 -0.084792145 -0.046948016 0.20837192 0.37259376 0.5011836 0.46577606 0.21238646 0.08314804 0.032244373 0.21481186 0.24154815 0.13626982 0.08404962 0.039159562 0.019165186 -0.10034398 -0.26681456 -0.43879938 -0.34093308 -0.03652431 0.17472565 0.2726097 0.31539097 0.3113741 0.108426504 0.04297065 0.08514365 0.15877275 0.16079581 0.09440028 0.029797748 0.014920756 -0.030010497 -0.14415339 -0.06353124 0.12492246 0.16626284 0.2419042 0.17694433 0.05094743 -0.06843549 -0.13758056 -0.16531213 -0.15895024 -0.09146028 0.2253446 0.35762912 0.291238 0.046355367 0.022815885 -0.12727624 -0.3316214
0.32079226 -0.06857285 -0.5551868 -0.07657744 0.057331115 -0.06539775 -0.042723157 0.024118653 0.23944895 0.3809371 0.39660752 0.46186042 0.23065265 0.052091133 0.017534431 0.2836509 0.2122014 0.08460134 0.030976135 -0.070067815 -0.0601741 -0.19976605 -0.43066454 -0.5370402 -0.25310504 0.16820149 0.3665113 0.2888274 0.18204351 0.20339078 0.05390879 0.025859743 0.08256381 0.123089775 0.215052 0.17094085 0.05520561 -0.024267742 -0.016893536 -0.14761502 -0.02267151 0.113083966 0.05400708 0.08447825 0.06020065 0.006602014 -0.069727086 -0.0924398 -0.043534353 0.022391599 0.12578411 0.19972858 0.20580606 0.07296217 -0.10900649 -0.107249126 -0.20830981 -0.3600632
0.23424736 -0.14836621 -0.6197828 -0.20288081 0.03426397 -0.03165671 0.034562632 0.15316565 0.206368 0.24103971 0.2995853 0.4498301 0.35498205 0.03540174 -0.0700847 0.24210086 0.20177808 0.08842993 0.022949388 -0.10913355 -0.14117932 -0.27270582 -0.4970385 -0.4515484 -0.06584816 0.33185545 0.4604425 0.38185725 0.23685044 0.0628539 0.10096635 0.029181454 -0.03264312 0.0146092195 0.11537098 0.19698302 0.13448176 0.03673499 -0.048912667 -0.026049908 -0.021683903 -0.021934448 0.0047085034 -0.11425019 0.018290319 0.071525246 0.18241249 0.23130804 0.21712627 0.21578033 0.22331989 0.1261995 -0.00810553 -0.15391567 -0.2961446 -0.283725 -0.34802356 -0.28287187
0.20682283 -0.19239104 -0.65956384 -0.21588822 0.07767978 0.019629285 0.29278994 0.27058318 0.1747124 0.20895545 0.28329667 0.48465505 0.386643 0.07299744 -0.15908359 0.10833263 0.2033831 0.057615817 0.0073988987 -0.09011486 -0.18021399 -0.29063803 -0.3679753 -0.23635627 0.13892166 0.3528779 0.34924826 0.30700177 0.20727868 0.04488404 -0.0009189939 0.17514355 0.03284594 -0.052332006 -0.057663172 0.048948135 0.10288141 0.111768246 0.054750185 -0.04044882 -0.060998235 -0.008833314 0.008072736 -0.040625278 -0.01643318 0.17346641 0.2804396 0.35839906 0.32444212 0.2158145 0.14540583 5.529244e-06 -0.20855302 -0.36492175 -0.37084433 -0.41285455 -0.25129732 -0.11801985
0.18631166 -0.21702401 -0.7077572 -0.08556551 0.15155247 0.27638206 0.3892004 0.25006828 0.1461322 0.18137102 0.41590807 0.5252549 0.27543166 -0.014983817 -0.23038103 -0.112815246 0.16869272 -0.02070787 -0.015777104 -0.12150132 -0.20757423 -0.29530787 -0.26842827 -0.0712512 0.18215598 0.3194887 0.314691 0.25552008 0.10578176 0.033354048 0.08315848 0.1464282 0.0051983697 0.0016552949 -0.0055722864 0.0052871504 0.041209444 0.08847339 0.11833375 0.03350727 -0.080507845 -0.14911576 -0.06462943 -0.008890797 0.14095466 0.3102072 0.42519864 0.41281876 0.306204 0.22892943 0.12618044 -0.06132275 -0.31541955 -0.50824314 -0.48102856 -0.336419 -0.16876736 -0.07302732
0.11286392 -0.2636431 -0.71957797 -0.018776191 0.22817743 0.43278646 0.3940579 0.25316197 0.21712248 0.31536674 0.5455906 0.44399828 0.18034866 -0.109945334 -0.294876 -0.27374664 0.07100508 -0.034524553 -0.104388915 -0.14236154 -0.19052172 -0.19798927 -0.13820463 0.017368045 0.14568418 0.24314855 0.3200263 0.27968603 0.13890395 0.10021393 0.1260329 0.07957856 -0.014433691 -0.037477706 -0.013272235 -0.020148056 -0.013574119 0.023762602 0.076736815 0.0707581 -0.019140497 -0.15107219 -0.1363941 0.06373594 0.28783512 0.40511072 0.4811257 0.4070052 0.28440773 0.20946673 0.04951024 -0.16324833 -0.4142767 -0.58966243 -0.55297166 -0.21035686 -0.23300485 -0.14115871
0.035017826 -0.2852215 -0.64062476 0.08858699 0.3434521 0.47661287 0.47954127 0.35060263 0.35134274 0.5023017 0.50098693 0.2788063 0.045483492 -0.20550565 -0.33033997 -0.35213163 0.04393196 0.0014367867 -0.1378241 -0.19929147 -0.19577713 -0.15934339 -0.064151175 0.008230583 0.1300912 0.23976128 0.29644936 0.24585892 0.17034832 0.13597423 0.10277795 0.011264253 -0.015978618 -0.025710043 0.028260825 0.07938057 0.08013266 -0.009694101 0.007355059 -0.032791283 -0.04364103 -0.044338778 -0.06429711 0.052365825 0.280679 0.43612397 0.5153728 0.37205422 0.25951132 0.12748703 -0.10497004 -0.2356241 -0.38547206 -0.5628284 -0.4700594 -0.21755788 -0.27592388 -0.2637462
0.13183276 -0.33221513 -0.63590366 0.10721541 0.33174583 0.52160436 0.53243756 0.48018768 0.5583774 0.5340582 0.3551653 0.18814987 -0.026897743 -0.20825092 -0.32741225 -0.3959427 -0.012563955 0.012124771 -0.07044785 -0.11235871 -0.16350144 -0.1260567 -0.030704247 0.11093527 0.19262648 0.22440362 0.2571969 0.21178807 0.17904514 0.15871263 0.14660749 0.09560541 0.11009976 0.14070728 0.14956021 0.1579647 0.07544307 -0.06467193 -0.14243881 -0.14099357 -0.04788788 0.010875651 -0.100403324 0.05581772 0.24556252 0.42810124 0.47493923 0.33031708 0.1548799 -0.005051883 -0.2073464 -0.22154866 -0.22292767 -0.4288061 -0.4916096 -0.2333026 -0.33039868 -0.3352807
0.13521111 -0.39383078 -0.5868786 0.075958356 0.30285394 0.53782284 0.6063047 0.6475279 0.6078774 0.46441093 0.23782268 0.08266638 -0.06175355 -0.17129147 -0.30685234 -0.46260196 -0.12671715 -0.0029040636 -0.031971253 -0.11695576 -0.10488673 -0.013262132 0.08619415 0.22003053 0.23454037 0.23259404 0.1486697 0.13391823 0.19251134 0.24745214 0.29143092 0.3066622 0.28249124 0.25901303 0.22918954 0.16195294 0.063833445 -0.032960586 -0.19029306 -0.27024135 -0.19898209 -0.054546125 -0.0013251347 0.10367991 0.21371377 0.40120697 0.43497935 0.27540112 0.042084526 -0.07395075 -0.16749637 -0.18621309 -0.1704309 -0.22643682 -0.4514074 -0.31531668 -0.3291609 -0.26823452
0.031895887 -0.35335284 -0.5117753 0.09674953 0.25789616 0.62054807 0.66147894 0.7258759 0.5765818 0.4199778 0.12467931 0.08536676 -0.026328469 -0.108488426 -0.26554757 -0.49631262 -0.29150525 0.026011592 0.0028116715 -0.0745771 -0.061497327 0.12826549 0.28034395 0.35788584 0.26514238 0.18092462 0.11818165 0.10781034 0.17627333 0.29190376 0.33185732 0.27670142 0.21361178 0.15949814 0.10351386 0.057770204 -0.039640315 -0.104255274 -0.19278061 -0.3226037 -0.35667753 -0.13912293 0.0313685 0.139119 0.1657778 0.3298026 0.39700353 0.25043264 -0.0049851947 -0.09970562 -0.059395745 -0.067761675 -0.12018998 -0.1916678 -0.28597742 -0.44142154 -0.33812633 -0.20094201
0.0806969 -0.19236235 -0.24605924 0.052310638 0.26059484 0.7099366 0.7298568 0.67130053 0.58703905 0.33650514 0.11367672 0.06419942 -0.038290866 -0.15260513 -0.25681135 -0.44268188 -0.34232524 0.027154997 0.033840187 0.010821268 0.09573892 0.30684745 0.4220392 0.33911884 0.23252779 0.14048031 0.13566336 0.12402674 0.1684501 0.32020944 0.3600186 0.3049282 0.21745503 0.13235228 0.0644072 -0.01268057 -0.04476495 -0.10337645 -0.24915583 -0.38354406 -0.45975685 -0.31769451 -0.02106761 0.2045054 0.14820449 0.23138283 0.34226835 0.16371809 -0.001069276 -0.07195597 -0.08301886 -0.07077859 -0.06910764 -0.12790623 -0.18023916 -0.25157377 -0.27226663 -0.16694388
0.24311139 0.027726706 -0.05597963 0.028145812 0.2916743 0.7004846 0.75952774 0.5696448 0.5731818 0.2651676 0.08224671 -0.0073325015 -0.1243425 -0.19168364 -0.23815548 -0.29289055 -0.20839119 0.034786016 0.10088958 0.17106423 0.38374704 0.4440968 0.41402957 0.2988281 0.17764914 0.07143735 0.014819573 0.08278536 0.18647769 0.35175806 0.39489836 0.23709123 0.16394554 0.07980181 -0.017288348 -0.023692809 -0.03150936 -0.07057553 -0.18627934 -0.4056583 -0.5249391 -0.44678795 -0.11401712 0.15774097 0.11723025 0.1126828 0.27716568 0.08177998 -0.022451071 -0.20986485 -0.25020018 -0.22455843 -0.058196116 -0.09071127 -0.12420594 -0.14607742 -0.12459082 -0.041265663
0.2841025 0.017793197 -0.11901887 0.06133704 0.348211 0.6526241 0.66801816 0.4282645 0.4814459 0.19151428 0.08876635 -0.1418397 -0.25224164 -0.21561997 -0.18589436 -0.16992687 -0.04541806 0.06554358 0.21907653 0.3989027 0.5214953 0.4862715 0.39114612 0.2885364 0.14297618 -0.042169962 -0.136811 -0.090548776 0.11870146 0.40544775 0.33661973 0.30547386 0.21700618 0.06665505 -0.009104408 -0.044783223 -0.022312427 -0.102479875 -0.21678229 -0.38297436 -0.5483167 -0.5176845 -0.22853914 0.06468166 0.0647736 0.047999732 0.18874525 0.0077592675 -0.070409656 -0.18764457 -0.26870197 -0.076452345 0.05187399 -0.0017511841 -0.050357807 -0.073924646 -0.03353659 0.010822405
