static/data/seaWater_vo/2023/7/16/6.asc
ncols 137
nrows 93
xllcorner 108.0
yllcorner 17.0
cellsize 0.25
NODATA_value -32767
[rows 26 to 51 of 93, columns 58 to 115 of 137]
0.01593325 0.04570291 -0.031427335 -0.00095418794 -0.02572861 -0.06366512 -0.09745774 -0.07893268 -0.14732315 -0.13439484 -0.043526 0.04730973 0.09153623 0.06150069 0.10157773 0.03250793 -32767.0 -32767.0 -0.08732132 0.10341758 0.16900548 0.08980847 0.13781817 0.22128542 0.17922409 0.14536278 0.12527871 0.056128558 0.12842245 -0.015544188 0.013074519 -32767.0 -32767.0 -32767.0 -32767.0 -32767.0 -32767.0 -0.18758962 0.15466687 0.28274667 -32767.0 -32767.0 -32767.0 -32767.0 -32767.0 0.15219672 -32767.0 0.1375656 0.2535736 0.07181527 -0.17375599 -0.377507 -0.2500609 -32767.0 0.12434303 -0.1406439 -0.15407582 -0.10580331
0.101956055 0.05359219 -0.024247257 -0.099318564 0.0020884508 0.048678614 0.054518193 0.072685756 0.0363415 -0.043383878 0.002448047 0.04060723 0.14782359 0.15070564 0.090753436 -32767.0 -32767.0 -0.13098304 -0.047520008 0.35552397 0.28597397 0.192772 0.14006466 0.1118425 0.041569307 0.05321576 0.045223296 -0.023400342 -32767.0 -32767.0 -32767.0 -32767.0 -32767.0 -32767.0 -32767.0 -32767.0 -32767.0 -0.15820278 0.06903739 0.3283759 -32767.0 -32767.0 -32767.0 -0.0442722 0.10094492 -0.06744818 -0.030480102 0.16764803 0.068022445 -0.094850324 -0.40431017 -0.34884697 -0.10372157 -0.17771237 -0.24259323 -0.27701604 -0.1707169 -0.037014253
-0.2659462 -0.06339119 -0.093283 -0.078083694 -0.07073861 -0.016533148 -0.0031329258 0.014950339 0.0500619 0.10522665 0.11302859 0.21734259 0.29186112 0.2210839 0.12355912 0.021033913 0.03740963 0.031498287 0.066674344 0.09717069 0.21379246 0.25941426 0.12870838 0.016838623 0.01776533 0.015759887 -32767.0 -0.16525023 0.11239821 -32767.0 -32767.0 0.010096257 -32767.0 -32767.0 -32767.0 -32767.0 -32767.0 -32767.0 -0.08818488 0.22910242 -32767.0 -32767.0 0.047916867 0.30458894 0.030698547 -0.15909497 0.057394423 -0.048944447 -0.045457684 -0.16509679 -0.5094661 0.054029986 -0.1998721 -0.42007107 -0.34292254 -0.27085724 -0.12700324 -0.040495723
-0.25695646 -0.08379625 -0.110805236 -0.05760649 -0.0522439 -0.07815047 -0.11202172 -0.08564188 0.002137966 0.074621305 0.096387856 0.12713261 0.15208025 0.1588968 0.1387102 0.06850883 0.06337449 0.101746455 0.12023089 0.12724133 0.12470117 0.15154341 0.0019158049 -0.09429222 -0.0032841284 -32767.0 0.0014406237 -0.029700093 0.15869263 0.04411801 0.0937172 -32767.0 0.06668826 -32767.0 -32767.0 -32767.0 -32767.0 -32767.0 0.112286024 0.2546532 0.07557014 -0.15732896 0.018342756 0.29206932 -0.061072443 -0.12181008 -0.019793477 0.08714494 -0.02797643 -0.25273156 -0.4900825 0.021754704 -0.11914913 -0.15756899 -0.22874944 -0.19071132 -0.1431627 -0.004909456
-0.17393152 -0.13737978 -0.11304831 -0.053128216 -0.06132943 -0.0744686 -0.06726629 -0.12523502 -0.15003775 -0.11687453 -0.060143054 -0.0012041178 -0.027181106 -0.11537768 -0.1225417 -0.020410385 0.06361972 0.12450658 0.08647489 0.07147185 0.085354894 0.0958641 0.082766905 -0.03249268 -0.06556735 -0.08371297 0.009627565 0.04086304 0.019268025 0.069270626 0.016104374 0.0032158466 -0.026292855 -32767.0 -32767.0 -32767.0 -32767.0 0.39106348 0.47561997 0.26216587 -0.00024344097 -0.14256114 0.031224258 0.11492059 0.07131189 -0.06592584 0.06555875 0.08334637 0.039943438 -0.08327138 -0.3126245 -0.23417576 -0.09062034 -0.15453967 -0.2223106 -0.1941754 -0.17612351 -0.01605283
-0.1327205 -0.13829336 -0.12544756 -0.023922835 0.0139840925 -0.03492576 -0.10516433 -0.11261654 -0.087205574 -0.25352424 -0.27411106 -0.1384021 -0.15615916 -0.009745668 -0.08945215 -0.0037919101 0.048631735 0.061540537 0.06749683 0.14638786 0.2816662 0.2807554 0.19740772 0.11626659 -0.010946064 -0.030892337 -0.06303391 -0.10787693 -0.17183991 -0.19862223 0.06381079 0.06115447 -0.08597015 -32767.0 -32767.0 -32767.0 -32767.0 0.45677277 0.06702363 0.12028062 0.14657614 0.17300023 0.17202097 0.17526032 0.16018762 0.13233885 0.13400227 0.016566956 -0.046546526 -0.1235197 -0.24490912 -0.3356775 -0.34933558 -0.28747886 -0.25794476 -0.18045294 -0.14924511 0.06934024
-0.29640767 -0.1476858 -0.053178847 0.045585044 0.028620617 0.024138557 0.022796532 -0.12758349 -0.13952431 -0.1562187 -0.14254996 -0.11116413 -0.107816 -0.041863892 -0.03629991 0.011600589 0.06107612 0.09034529 0.18511169 0.44851473 0.54832464 0.48399755 0.36085516 0.15288419 0.0023403808 -0.0800447 -0.16673511 -0.26276812 -0.29433617 -0.37257174 -0.061157644 -32767.0 -32767.0 -32767.0 -32767.0 -32767.0 0.1485953 0.30334082 0.02703667 0.21309957 0.3984663 0.4611444 0.38408065 0.2965702 0.19813813 0.13152295 0.020632531 -0.11555996 -0.21652257 -0.3135955 -0.5117061 -0.6425201 -0.583385 -0.54277223 -0.50579333 -0.31038097 -0.10598198 0.111320555
-0.3281567 -0.029781377 0.053515885 -0.013177653 -0.002365841 -0.046918727 -0.029044708 -0.21564107 -0.2561897 -0.13793224 -0.08449472 -0.17267835 -0.041732416 0.041890115 0.03567165 0.018664185 0.20195282 0.26744765 0.3410183 0.48326075 0.49722898 0.41888976 0.309453 0.17609704 0.09785812 0.073533535 -0.12077851 -0.36891046 -0.46625572 -0.37154004 -0.031232279 -32767.0 -32767.0 -32767.0 -32767.0 -32767.0 -0.071708746 0.23505639 0.55579454 0.5426596 0.4028423 0.4240306 0.41694832 0.33584088 0.26901436 0.14553073 0.034951854 -0.10679539 -0.25264305 -0.4053465 -0.57442534 -0.82013506 -1.0125886 -0.7912968 -0.6806115 -0.5367385 -0.06602053 0.19815801
-0.34972888 -0.01107318 -0.13836674 -0.16847296 -0.13297516 -0.0047036833 -0.06536616 -0.2003777 -0.18983234 -0.21213229 -0.24644211 -0.28390864 -0.06964219 -0.012555792 0.09866951 0.19800036 0.2632202 0.36063588 0.3732853 0.3817893 0.37866935 0.36937723 0.35196963 0.25131312 0.121537 0.012977492 -0.13007407 -0.28727734 -0.56282204 -0.33531895 -0.13213086 0.041491292 -32767.0 0.1097269 -32767.0 -32767.0 0.17427352 0.76118535 0.48678717 0.45741627 0.46428636 0.519657 0.4841431 0.44120702 0.31674546 0.09970374 -0.09926947 -0.17680338 -0.24998288 -0.35755017 -0.540853 -0.78719676 -1.0955584 -1.2066689 -0.8282732 -0.7389756 -0.076172136 0.24068223
-0.16247067 -0.3668335 0.015052936 -0.08302588 -0.061266575 -0.086835906 -0.036473878 -0.010182361 -0.111468926 -0.19807777 -0.16222188 -0.15748067 -0.18284313 -0.12160865 0.10544624 0.19918054 0.29747802 0.34851086 0.3432665 0.34325325 0.335999 0.4285904 0.3766223 0.26700413 0.15205899 0.0058254297 -0.19266836 -0.31743363 -0.5346832 -0.46722144 -0.1725319 -0.092089005 0.030075423 0.05268044 -32767.0 0.2909756 0.6736552 0.46968466 0.52042395 0.5119316 0.58406454 0.47456676 0.35509884 0.2902958 0.13065863 0.016374793 -0.047496617 -0.08686538 -0.12334482 -0.2427335 -0.47343957 -0.719752 -1.0521711 -1.4135203 -1.019234 -0.83595526 -0.16241768 0.28075093
-0.23304112 -0.3380503 0.110671066 0.053501643 0.07881629 -0.033401452 -0.08309922 0.0034018927 -0.06535484 -0.141767 -0.16194247 -0.09166279 -0.120260835 -0.02618801 0.070891775 0.2205468 0.2714038 0.32506093 0.3414771 0.3229006 0.34211057 0.36526936 0.31157523 0.2574014 0.21317855 0.11242489 -0.19997817 -0.38524148 -0.4762191 -0.44643915 -0.19918132 -0.114488445 -0.095046625 -32767.0 0.5251916 0.38492116 0.25043383 0.5492221 0.5579031 0.6740774 0.69291025 0.4125059 0.19294779 0.0745205 0.11688887 0.0752765 -0.08680202 -0.07243758 -0.09726748 -0.16190179 -0.35018793 -0.64887375 -0.9776077 -1.3978106 -1.1292232 -0.85478103 -0.31489798 0.24145103
-0.13710971 0.15920152 0.16724242 0.119662516 0.119596325 0.03616208 -0.11611853 -0.07423672 -0.08532975 -0.04958743 -0.03249129 -0.037174355 -0.0021994151 0.047399096 0.1559096 0.21452582 0.2198367 0.26280397 0.3244648 0.3098818 0.3043109 0.33060855 0.34596175 0.32228374 0.21985547 0.04862556 -0.18617779 -0.45610687 -0.5301837 -0.37996903 -0.10814815 -0.17263809 0.07235906 0.07982671 0.1739711 0.01638976 0.570408 0.631028 0.642054 0.8759139 0.81913316 0.29578158 0.019849708 -0.031799767 0.23654883 0.031620875 -0.017285254 0.0865421 -0.07985766 -0.3572075 -0.29840502 -0.6158207 -0.905854 -1.321653 -1.2152765 -0.8041125 -0.43995675 0.22832638
0.12265541 -0.022649793 0.035120968 0.21555036 0.27911052 0.09754928 -0.19031173 -0.16918209 -0.12783553 -0.08188454 -0.050022352 4.978911e-05 0.034504745 0.077369496 0.075483225 0.15487236 0.21617758 0.23460945 0.22661887 0.23635508 0.24896479 0.34192014 0.39737415 0.35766312 0.21468014 -0.04892139 -0.34940478 -0.52549785 -0.51661134 -0.40386927 -0.108769715 -32767.0 -0.022683501 -0.1294575 -32767.0 0.44943184 0.62921065 0.62106913 0.7935532 0.8324926 0.7414081 0.2014254 0.01007447 -0.056948353 0.2064824 0.013719952 0.21474311 0.21593535 -0.05627825 -0.3909009 -0.5047151 -0.448181 -0.8056306 -1.158214 -1.3127028 -0.79345495 -0.5284416 0.24069579
-32767.0 0.027625168 0.15358539 0.28263566 0.17580755 0.08274679 -0.13005802 -0.2915548 -0.21772225 -0.124074206 -0.19041832 -0.1079838 0.013989276 0.01602529 0.06939403 0.11097198 0.1696403 0.1457476 0.12508257 0.16391845 0.28584024 0.46234575 0.56608975 0.52158475 0.36947775 0.09295324 -0.22489306 -0.52678925 -0.6290273 -0.42402196 -0.3547447 0.049792457 -32767.0 -0.13320601 0.27594548 0.55492437 0.7212512 0.652932 0.7242496 0.65720713 0.56283426 0.20192961 0.061164927 -0.018964726 0.14550962 0.073764466 0.31280315 0.29974386 0.054228168 -0.345547 -0.5684053 -0.4190528 -0.62281036 -0.95099425 -1.247308 -0.9201106 -0.58811325 0.41972712
-0.0908745 0.22680777 0.19293211 0.18686289 0.1542815 0.060210478 0.042149346 -0.006112358 -0.04284866 -0.2580179 -0.20151338 -0.28099483 -0.28755683 -0.17925751 0.011029063 -0.01624175 -0.010073496 0.0020585812 0.008524204 0.08250578 0.29324457 0.657393 0.7660672 0.6991456 0.48413834 0.22546948 -0.05594348 -0.28237262 -0.50796396 -0.49738812 -0.3844246 -0.62506706 0.1168929 0.04773393 0.20932531 0.7226044 0.6799645 0.73703563 0.63193274 0.36804426 0.35206005 0.19861436 0.10069006 0.02025751 0.065941386 0.06566909 0.2628297 0.2094764 0.114775784 -0.04453678 -0.28563058 -0.38687825 -0.45873547 -0.7880092 -0.9817058 -0.85242665 -0.35071367 0.46878105
-0.03405404 0.23858765 0.1459362 0.16077675 0.15936224 0.06953937 0.022487402 0.01055348 0.054109197 -0.069348834 -7.503631e-05 -0.022708116 -0.0014536418 -0.02732391 -0.031448215 0.039582115 0.15760978 0.080123544 -0.021732247 0.10650389 0.32671115 0.7486639 0.8412046 0.8486753 0.6190764 0.30040985 0.05147955 -0.12214382 -0.38665482 -0.45690483 -0.1661749 -0.40344864 -0.38318345 -0.10721154 0.6112807 0.6283369 0.7427581 0.74278235 0.51792663 0.14729492 0.17056459 0.14176552 0.06446812 0.017138768 -0.026042107 -0.005534949 0.09802534 0.106881514 0.058481444 0.11865486 0.050949536 -0.24091299 -0.48363608 -0.7263804 -0.81316984 -0.68097425 -0.14961581 0.43226454
0.08260042 0.27498108 0.13998188 0.034802686 0.14133455 -0.010310149 0.13386731 -0.049912907 -0.013214971 -0.002804257 -0.061397493 0.019674528 0.027695274 -0.022748617 -0.0405502 0.106027715 0.20304412 0.022408435 -0.025642624 0.050824963 0.20161775 0.720593 0.9076195 0.9339108 0.65131384 0.29083386 0.12732005 -0.08674813 -0.24057528 -0.58118 -0.35450846 -0.23885296 -0.3734151 0.16432053 0.6122594 0.6125722 0.6504592 0.6050049 0.40193662 0.08647897 0.010987577 0.087332904 0.09110085 0.037261777 -0.0871765 -0.08016108 -0.0029453235 0.05797621 0.061426714 0.05506914 0.33038512 -0.008141151 -0.3880233 -0.57233655 -0.5886934 -0.4292898 -0.013611581 0.3399854
0.15083422 0.27398676 0.12947205 -0.022543363 0.28325793 0.016980704 0.14591293 0.049360495 0.15046199 0.123088144 -0.074225344 0.02783981 0.0905002 0.10767208 0.093292415 0.088562675 0.033172317 -0.018398965 0.013730811 0.077390015 0.14588507 0.62885094 0.9434748 0.91566926 0.5736336 0.28579348 0.20025495 -0.055205118 -0.42785865 0.034134317 -0.39323622 -0.24104784 -0.012921162 0.28416494 0.43807757 0.5425188 0.43175384 0.39448062 0.29466256 0.054123033 -0.041879673 0.05064736 0.14472838 0.115556315 0.044459563 -0.23711431 -0.0698278 0.11904531 0.052227065 0.07801173 0.04057371 0.20140326 -0.15815574 -0.37819096 -0.37890375 -0.21713568 -0.008923795 0.22840121
0.2891053 0.24499193 0.12752642 -0.03141451 0.07830053 0.17228675 0.015844509 0.09660692 0.17060725 0.115627415 0.059874423 0.13627626 0.18017873 0.10567369 0.14582773 0.15776134 0.08736603 0.08120148 0.13682273 0.2175675 0.3840891 0.7107924 0.91979337 0.70279974 0.32117635 0.20750459 0.16510525 -0.04645316 0.022682065 -0.19524974 -0.15273432 -0.014113805 0.001990269 0.2598936 0.3658317 0.3364719 0.33485314 0.2867529 0.17673907 0.059724662 -0.014072258 0.01239134 0.09863775 0.094136074 0.07512573 -0.065182045 -0.2846583 -0.06615507 0.04691639 0.064007856 0.019906979 0.026025388 -0.08029286 -0.14818406 -0.20231478 -0.12379365 0.16705333 0.10482724
0.32454967 0.24435057 0.18917619 0.06970168 -0.16633381 0.023355022 0.18224019 0.21776612 0.005281736 0.01832597 0.003988477 0.13136552 0.1338048 0.12069015 0.0848446 0.09026786 0.18701498 0.31433663 0.47644684 0.6858516 0.8946521 0.9873972 0.73453224 0.2981684 0.01270214 0.17451464 0.22039402 -0.12941895 -0.016769432 0.075066745 0.046610273 0.06483666 0.11063091 0.10320751 0.34771085 0.42401507 0.35826617 0.27900562 0.21126364 0.11473817 0.03131836 0.0153469425 0.033157304 0.048579182 0.023922365 0.10196636 -0.034346 -0.13737932 -0.058102693 -0.07535937 0.008089351 0.056950063 -0.05110659 -0.093347974 -0.08091159 -0.09703487 -0.02562331 -0.21554781
0.41435415 0.29818144 0.2978861 0.07518848 0.050144993 -0.051555846 -0.05742898 0.16822043 0.07531439 0.054722235 0.12762274 0.1987696 0.23627096 0.10605012 0.07541517 0.17468843 0.33051914 0.5542481 0.84590304 0.95353174 0.9140392 0.7731186 0.40970293 0.02048726 -0.095780574 0.11304403 0.17679122 -0.010441031 -0.0072081666 0.12640268 0.090407856 0.03770783 0.066908866 0.3872373 0.4672509 0.4766423 0.4587007 0.36620697 0.2706985 0.18000786 0.09121548 0.025781574 0.020636197 -0.002372244 -0.034130618 0.12089173 0.111920975 -0.0677161 -0.08565433 -0.059964657 0.24848296 0.22704794 0.1325936 0.026989616 -0.0016541866 -0.005577458 -0.22203575 -0.20599957
0.6001202 0.3332359 0.2871341 0.087020636 0.07235339 0.051100526 0.010799514 0.1258488 0.025945462 0.05345883 0.18493381 0.3119049 0.34362873 0.20238866 0.20290957 0.3890763 0.5784892 0.89854383 0.9865198 0.85400236 0.71048653 0.50099784 0.21537924 -0.03449212 -0.053563673 0.030439444 0.14068015 -32767.0 -0.1902883 0.020787846 0.12864979 0.11283361 0.3762229 0.50431186 0.5477337 0.48138407 0.37700176 0.26157552 0.18856964 0.13749026 0.08153465 0.011638432 -0.026850335 -0.06333026 -0.07754511 0.10880822 0.031035706 -0.117600024 -0.11733842 0.17531347 0.2357973 0.23381707 0.16095608 0.063143976 -0.14532204 -0.20870857 0.105943054 0.025768014
0.6453535 0.46464422 0.30019525 -0.0005833964 -0.022876624 0.06116395 0.13268994 0.11594914 -0.03790068 0.08978219 0.21233507 0.33150145 0.24317956 0.21548013 0.2852469 0.5622902 0.7952073 0.8073636 0.74511045 0.6049626 0.4971395 0.33328906 0.111176334 0.017598886 0.0026246908 -0.14383802 0.22272949 0.078684695 -0.15050067 0.17480125 0.24254991 0.41558483 0.5018576 0.558651 0.48821545 0.47441953 0.46047074 0.3769253 0.17807913 0.0040458874 -0.016638577 -0.087648064 -0.08551153 -0.12153827 -0.085680224 0.09455339 -0.11571821 -0.22977409 -0.060054548 -0.12595625 -0.017805483 0.06943805 0.07476246 -0.12877604 -0.25758138 -0.103698075 0.17823036 0.0042332336
0.58065975 0.45100242 0.19833533 -0.042513274 -0.06430276 0.0722577 0.1410613 0.05477856 0.09933177 0.29312995 0.22475432 0.29393992 0.12546848 0.19407725 0.3291001 0.67221045 0.74218464 0.81193495 0.6466544 0.5821756 0.46748078 0.276918 0.13306908 0.011767339 -0.057387937 -0.12763694 -32767.0 0.17817472 0.15639181 0.2975609 0.466443 0.46712756 0.54572624 0.5095062 0.5773618 0.55603063 0.5079757 0.37797114 0.22690445 0.014980299 -0.09927547 -0.08773813 -0.10298986 -0.16699752 -0.046117272 -0.0664981 -0.23544204 -0.24006008 -0.29158205 -0.06529351 0.18287511 0.22679369 0.21780679 0.23059043 0.0915243 0.038886674 0.15416005 0.19806376
0.41722968 0.40944067 0.26296297 0.07168356 0.1504352 0.066773385 0.08297882 0.17272115 0.2233895 0.1508991 0.283036 0.29559705 0.08020405 0.22666304 0.47977176 0.674398 0.6898195 0.7678811 0.6439148 0.4748537 0.29393017 0.18615052 0.102222435 -0.033746623 -0.08328674 0.015662381 -0.09550289 0.21605887 0.21936956 0.48130304 0.46739224 0.45434555 0.52442706 0.6063834 0.55629015 0.5378465 0.47118282 0.3257931 0.13724008 -0.047127314 -0.08723655 -0.09333108 -0.14373495 -0.1845441 -0.11468592 -0.2983456 -0.35973376 -0.28020075 0.05899211 0.29833576 0.3454122 0.25248143 0.12604332 0.094518535 0.13681099 0.09300273 0.03802095 0.25213897
0.26474354 0.4673401 0.30395803 0.22061555 0.10329686 0.102646045 0.16088994 0.18773913 0.12782702 0.23170704 0.20994776 0.22428112 0.27041346 0.45528105 0.5936081 0.6500855 0.6549803 0.7043598 0.531287 0.32744467 0.1785169 0.12192414 0.009286809 -0.08758241 0.007163674 -0.011379048 0.06399884 0.074791454 0.38458 0.5397761 0.41685095 0.45702067 0.5668729 0.64124316 0.4763246 0.45712107 0.41921526 0.2169824 0.1321952 -0.0081724925 -0.13708757 -0.17321958 -0.24998654 -0.21036991 -0.35730323 -0.44385323 -0.27469403 0.08760952 0.2834414 0.40988433 0.40984544 0.3733368 0.1268617 -0.061330095 0.0974515 0.04177285 0.13369472 0.24335884
