static/data/salinity/2023/7/28/0.asc
ncols 137
nrows 93
xllcorner 108.0
yllcorner 17.0
cellsize 0.25
NODATA_value -32767
[rows 56 to 83 of 93, columns 61 to 121 of 137]
34.36648 34.343075 34.320686 34.311104 34.323 34.380287 34.426758 34.40826 34.289032 34.328293 34.41287 34.509544 34.54774 34.56678 34.54017 34.54268 34.514236 34.53587 34.572346 34.58858 34.57251 34.579826 34.58395 34.54863 34.58335 34.550526 34.51941 34.49674 34.384613 34.445076 34.378147 34.43707 34.473297 34.489983 34.354042 34.233665 34.170883 34.32936 34.430832 34.44106 34.441525 34.36687 34.296444 34.322674 34.346943 34.428566 34.477753 34.569553 34.678577 34.654408 34.60365 34.598404 34.642536 34.687542 34.613323 34.605606 34.597607 34.636215 34.76609 34.877438 34.939278
34.335526 34.32762 34.36019 34.3645 34.359116 34.3999 34.371235 34.33733 34.38325 34.364433 34.51158 34.53845 34.579792 34.56303 34.5272 34.550602 34.507256 34.577496 34.6686 34.629215 34.576927 34.596268 34.586082 34.58625 34.577625 34.435802 34.608513 34.604378 34.352158 34.427956 34.38213 34.41656 34.450302 34.382725 34.229134 34.15295 34.297543 34.481224 34.490086 34.419415 34.39333 34.423122 34.350224 34.30761 34.319298 34.450436 34.5155 34.505207 34.682987 34.668587 34.64148 34.601448 34.60054 34.68992 34.634834 34.612087 34.63274 34.643612 34.703102 34.84533 35.040253
34.407356 34.316963 34.29868 34.350067 34.36739 34.289093 34.457787 34.35805 34.376297 34.422836 34.525978 34.52399 34.602577 34.529045 34.50352 34.499554 34.54954 34.631783 34.656757 34.56751 34.585083 34.6103 34.6215 34.61868 34.574085 34.3525 34.59525 34.681976 34.376503 34.35895 34.406124 34.39188 34.414307 34.31963 34.208607 34.18619 34.360477 34.500507 34.445866 34.376324 34.368656 34.41502 34.38722 34.306053 34.35502 34.484463 34.567413 34.512543 34.642887 34.6731 34.661465 34.64704 34.623528 34.607616 34.60731 34.628258 34.64756 34.655228 34.701717 34.913624 35.12674
34.39116 34.383728 34.298203 34.3365 34.453007 34.43432 34.379684 34.385002 34.375347 34.530033 34.428734 34.453606 34.5895 34.5676 34.529663 34.584415 34.60632 34.602386 34.609886 34.56722 34.576626 34.594177 34.60566 34.56997 34.46644 34.356297 34.566635 34.71363 34.51629 34.358944 34.403996 34.370842 34.390877 34.29078 34.23558 34.21947 34.32617 34.44325 34.347866 34.34715 34.389603 34.42297 34.378418 34.342407 34.41708 34.566586 34.618126 34.570835 34.53558 34.659527 34.65948 34.682556 34.66679 34.65738 34.654713 34.657185 34.66132 34.679287 34.870567 34.99763 35.142273
34.390503 34.37351 34.35688 34.347797 34.476963 34.368263 34.366413 34.33537 34.458546 34.508602 34.395905 34.464676 34.50792 34.60192 34.607708 34.52902 34.616234 34.611973 34.553864 34.56073 34.569294 34.54845 34.517796 34.51261 34.27983 34.360497 34.65346 34.752666 34.67162 34.39249 34.33305 34.361485 34.35436 34.306664 34.296192 34.277485 34.270535 34.30618 34.357 34.462948 34.49373 34.431713 34.356945 34.378872 34.52022 34.644245 34.637436 34.5687 34.541965 34.579155 34.62643 34.686596 34.717735 34.690887 34.67471 34.6724 34.696476 34.85641 34.969456 35.02351 35.08181
34.398716 34.349594 34.310474 34.35839 34.44177 34.362312 34.317844 34.313198 34.355476 34.426395 34.381977 34.50298 34.49368 34.55692 34.57487 34.56229 34.614727 34.562508 34.567207 34.532917 34.559036 34.548317 34.48711 34.381565 34.227825 34.562576 34.748127 34.755898 34.737003 34.452145 34.356647 34.346508 34.34324 34.324043 34.344975 34.39952 34.415985 34.449005 34.506313 34.548767 34.493538 34.392723 34.38712 34.45117 34.59587 34.63938 34.574192 34.529964 34.523777 34.53997 34.591053 34.671455 34.76757 34.745213 34.700054 34.69144 34.752327 34.894093 35.021202 35.007618 35.098583
34.3997 34.328835 34.307556 34.38552 34.414017 34.28462 34.280365 34.28816 34.31164 34.362373 34.421814 34.571434 34.55654 34.57574 34.566666 34.639458 34.583244 34.557865 34.51088 34.541367 34.565346 34.5087 34.405956 34.263016 34.622288 34.69302 34.70763 34.710064 34.73269 34.628372 34.458122 34.38851 34.328224 34.32833 34.359276 34.435905 34.501656 34.5217 34.537453 34.537125 34.46613 34.480526 34.55131 34.61742 34.638695 34.60988 34.60318 34.58344 34.523052 34.549675 34.58281 34.70398 34.84013 34.791576 34.74024 34.71571 34.91419 34.95168 35.006817 35.027546 34.98809
34.393044 34.328228 34.2467 34.26169 34.278328 34.280003 34.296707 34.290264 34.30581 34.35449 34.442516 34.579037 34.53672 34.559128 34.601227 34.645542 34.57638 34.529114 34.523407 34.53884 34.44844 34.370365 34.451576 34.706203 34.68851 34.684597 34.676697 34.678577 34.689854 34.71709 34.702633 34.65451 34.53199 34.423737 34.383755 34.408737 34.437664 34.455666 34.47059 34.53222 34.63569 34.670906 34.6496 34.59906 34.53304 34.554752 34.630577 34.56151 34.526104 34.54125 34.573544 34.758553 34.887516 34.83505 34.73218 34.78239 34.78376 34.79924 34.850643 34.832577 34.78618
34.339115 34.311325 34.320034 34.321827 34.323288 34.372044 34.372913 34.340767 34.34814 34.393787 34.42875 34.5691 34.5724 34.623287 34.608532 34.645367 34.599358 34.56524 34.556267 34.484344 34.49848 34.672962 34.71554 34.697124 34.7045 34.709164 34.705788 34.687523 34.660965 34.643093 34.63701 34.64135 34.654774 34.652267 34.649967 34.64478 34.644283 34.65564 34.66103 34.638123 34.57619 34.509872 34.507248 34.519955 34.488083 34.497753 34.649704 34.578606 34.495895 34.5407 34.565838 34.782116 34.87081 34.812237 34.718857 34.960995 34.796844 34.786182 34.735764 34.702225 34.69829
34.362144 34.397575 34.377422 34.337223 34.3331 34.45128 34.463104 34.4375 34.44378 34.46106 34.467106 34.56304 34.60736 34.641026 34.61003 34.630733 34.596745 34.60609 34.620796 34.65836 34.708305 34.71383 34.702374 34.693314 34.700153 34.724052 34.740856 34.74107 34.72712 34.71836 34.69874 34.659897 34.61833 34.55922 34.549202 34.562214 34.57222 34.570965 34.559685 34.55449 34.554806 34.545197 34.536644 34.5489 34.550163 34.470512 34.634686 34.574703 34.538773 34.52497 34.570118 34.780575 34.80324 34.729374 34.832623 34.887615 34.756268 34.729553 34.614697 34.61117 34.635822
34.42356 34.413963 34.383354 34.349705 34.362953 34.451946 34.507504 34.531914 34.548973 34.575073 34.50965 34.560486 34.658558 34.61712 34.619877 34.597134 34.64211 34.64197 34.61252 34.60371 34.607765 34.638042 34.672707 34.666637 34.659374 34.653816 34.687954 34.7245 34.743374 34.73108 34.72105 34.71004 34.698536 34.656006 34.571182 34.532562 34.560287 34.57789 34.563046 34.60395 34.600254 34.563858 34.544502 34.539017 34.529236 34.539444 34.60209 34.623756 34.53747 34.513657 34.57818 34.77123 34.740284 34.733604 35.04147 34.890877 34.721886 34.724617 34.63196 34.70108 34.797733
34.441696 34.428493 34.41251 34.3889 34.3663 34.406937 34.49205 34.524387 34.542786 34.590595 34.538628 34.573654 34.65959 34.604813 34.618675 34.60804 34.597397 34.59173 34.603333 34.602547 34.599655 34.65698 34.63976 34.587425 34.581497 34.642696 34.682873 34.663834 34.713005 34.708652 34.70264 34.701042 34.709827 34.68168 34.57557 34.526043 34.539658 34.569004 34.62804 34.642776 34.614643 34.568596 34.637924 34.640244 34.6307 34.595997 34.553596 34.537113 34.5375 34.507572 34.58752 34.749733 34.705704 34.845177 35.039948 34.985058 34.815346 34.74767 34.687256 34.654137 34.707462
34.450367 34.46399 34.420315 34.43034 34.445957 34.39425 34.481155 34.569748 34.578922 34.587757 34.55738 34.616405 34.6607 34.61627 34.61351 34.60871 34.589603 34.595074 34.6023 34.623714 34.625 34.639606 34.615673 34.53349 34.49832 34.540295 34.649967 34.694244 34.66532 34.702442 34.667984 34.683918 34.699875 34.69547 34.595993 34.541313 34.53037 34.57926 34.638115 34.67008 34.657246 34.586945 34.64802 34.66615 34.64698 34.633472 34.619255 34.59055 34.549652 34.49471 34.597404 34.7044 34.724186 34.999825 34.914925 34.94958 34.90257 34.777863 34.783733 34.817215 34.785393
34.40173 34.42769 34.43549 34.452164 34.48505 34.468708 34.42843 34.609795 34.623486 34.603336 34.577385 34.647736 34.67345 34.618984 34.61223 34.595974 34.561863 34.534573 34.545986 34.594078 34.640377 34.63655 34.602196 34.50532 34.43238 34.425884 34.558544 34.6684 34.664795 34.68187 34.65902 34.66084 34.686214 34.6789 34.68003 34.57765 34.583435 34.59371 34.598873 34.654144 34.66408 34.633984 34.609314 34.670837 34.6226 34.58819 34.59013 34.59611 34.541264 34.53062 34.595345 34.68148 34.829567 34.94059 34.850155 34.929417 34.915165 34.863197 34.800705 34.766365 34.774563
34.5372 34.549545 34.53655 34.562748 34.531925 34.48183 34.402596 34.613914 34.62515 34.605812 34.58436 34.672283 34.6852 34.623474 34.606583 34.584568 34.525654 34.51275 34.52703 34.558365 34.642475 34.647743 34.58124 34.46027 34.367355 34.33977 34.40929 34.63793 34.661808 34.66683 34.63119 34.643692 34.671803 34.65778 34.66155 34.683086 34.616585 34.62416 34.592194 34.615307 34.664326 34.64272 34.576046 34.676155 34.625664 34.575512 34.562893 34.58021 34.541935 34.539547 34.56487 34.695408 34.84761 34.91838 34.791317 34.84232 34.828167 34.80252 34.854595 34.830746 34.733597
34.541622 34.606495 34.632595 34.605415 34.552574 34.498493 34.40239 34.606266 34.622524 34.600204 34.587566 34.66805 34.690617 34.635586 34.618458 34.589386 34.55372 34.521244 34.553215 34.57157 34.641224 34.650867 34.55078 34.416084 34.316986 34.26397 34.30828 34.56845 34.65226 34.620476 34.59687 34.620678 34.6574 34.649254 34.63315 34.660217 34.700954 34.62465 34.614838 34.629383 34.677834 34.64791 34.560715 34.66704 34.652645 34.59039 34.55031 34.563377 34.545815 34.528458 34.549847 34.704613 34.79783 34.936295 34.823643 34.85234 34.884563 34.882675 34.75551 34.776997 34.825462
34.586 34.64752 34.655983 34.662334 34.556694 34.44121 34.447613 34.610294 34.62998 34.58921 34.58428 34.65171 34.69006 34.655987 34.628193 34.60742 34.586952 34.57902 34.586903 34.628082 34.656437 34.64277 34.558826 34.38286 34.253624 34.200977 34.239616 34.443085 34.59502 34.58033 34.552963 34.55668 34.6008 34.63402 34.60646 34.59033 34.665943 34.71836 34.69543 34.690723 34.667175 34.627537 34.54582 34.640583 34.684174 34.607212 34.548466 34.562794 34.547523 34.540154 34.55823 34.714466 34.800514 34.906475 34.86289 34.90525 34.892845 34.79856 34.76655 34.80587 34.83805
34.635597 34.67507 34.657806 34.66403 34.490417 34.391373 34.55468 34.62126 34.63248 34.567616 34.581017 34.6317 34.679356 34.671165 34.64657 34.631935 34.623672 34.635193 34.651287 34.623215 34.618515 34.633694 34.525627 34.251118 34.120285 34.121002 34.1956 34.321655 34.554718 34.552235 34.51335 34.499348 34.502613 34.519413 34.52235 34.516575 34.573635 34.69842 34.72427 34.67451 34.66633 34.57719 34.533623 34.634068 34.704166 34.605835 34.589687 34.550476 34.543842 34.550316 34.60846 34.71042 34.875233 34.84064 34.854378 34.858387 34.836773 34.80794 34.820007 34.8395 34.80217
34.617386 34.639828 34.663803 34.651207 34.556137 34.54748 34.614258 34.62843 34.628956 34.55861 34.582573 34.614033 34.63111 34.636467 34.626076 34.60693 34.564854 34.507404 34.450848 34.38978 34.330597 34.26658 34.158207 34.119633 34.18538 34.085453 34.115788 34.23833 34.52919 34.580814 34.530327 34.41822 34.430157 34.448925 34.45574 34.47291 34.53246 34.636124 34.712982 34.675823 34.641186 34.52396 34.554832 34.639145 34.709576 34.662174 34.60004 34.561565 34.559875 34.628387 34.692707 34.81081 34.908566 34.857765 34.873398 34.870293 34.80811 34.725758 34.656937 34.630234 34.66355
34.63309 34.65061 34.65127 34.63211 34.636436 34.63469 34.628326 34.632107 34.62519 34.572517 34.58056 34.596123 34.60309 34.581905 34.521732 34.451767 34.396133 34.341236 34.289246 34.226837 34.175644 34.171654 34.237656 34.444073 34.283962 34.112152 34.06927 34.178 34.379856 34.47502 34.38238 34.334248 34.38848 34.4213 34.406708 34.41412 34.508995 34.600838 34.69864 34.667984 34.62203 34.490837 34.572044 34.643906 34.719635 34.66171 34.62457 34.625633 34.628876 34.671894 34.834927 34.96233 34.94955 34.87113 34.675198 34.55876 34.52442 34.499195 34.465565 34.450645 34.49367
34.619743 34.621933 34.62215 34.621536 34.618385 34.619987 34.629356 34.63496 34.626736 34.588593 34.60513 34.609432 34.578514 34.443256 34.3852 34.322563 34.245842 34.24563 34.274498 34.334717 34.420006 34.470486 34.521473 34.448544 34.26879 34.09066 34.090214 34.152943 34.21005 34.24219 34.269974 34.374184 34.447033 34.413006 34.381977 34.36791 34.508675 34.58558 34.67104 34.662575 34.604465 34.47585 34.635666 34.647625 34.683834 34.75087 34.75136 34.795776 34.84799 34.925987 34.986603 34.793007 34.64333 34.589046 34.528713 34.475647 34.435802 34.377556 34.32258 34.2947 34.34435
34.607613 34.61139 34.60802 34.599133 34.608253 34.61734 34.630066 34.63402 34.630756 34.586723 34.595543 34.533398 34.422478 34.377193 34.24785 34.278492 34.445915 34.46699 34.37729 34.3957 34.385895 34.39561 34.41182 34.410557 34.431107 34.40866 34.30467 34.245956 34.25594 34.348293 34.439987 34.457546 34.379345 34.373283 34.355423 34.373577 34.531338 34.602463 34.63299 34.65764 34.592464 34.478706 34.62981 34.63226 34.635544 34.649258 34.726345 34.801735 34.807102 34.77559 34.689564 34.64523 34.551785 34.526913 34.494102 34.320686 34.324318 34.336876 34.314636 34.288425 34.36081
34.586807 34.599304 34.585167 34.547962 34.56744 34.615635 34.61145 34.62033 34.62718 34.60091 34.598305 34.441612 34.39265 34.25773 34.1857 34.466263 34.47665 34.37554 34.273483 34.301052 34.316917 34.379112 34.408684 34.42472 34.438194 34.428143 34.420105 34.409454 34.406384 34.404873 34.396606 34.396942 34.420616 34.361973 34.296116 34.43756 34.537395 34.568962 34.617344 34.64878 34.585564 34.478153 34.560753 34.62959 34.62607 34.63496 34.63726 34.650993 34.672894 34.670086 34.644917 34.530045 34.62838 34.425735 34.376957 34.338646 34.397423 34.469917 34.45432 34.38328 34.380424
34.58641 34.58187 34.594868 34.549763 34.490986 34.591404 34.612522 34.60567 34.611137 34.613117 34.438133 34.462975 34.345703 34.207718 34.177544 34.348434 34.459396 34.30562 34.27792 34.333187 34.425034 34.458115 34.49526 34.490948 34.485893 34.498547 34.473255 34.45297 34.448395 34.456924 34.457687 34.45136 34.379925 34.29847 34.34322 34.505222 34.5474 34.56489 34.603317 34.62455 34.57206 34.51081 34.538105 34.59532 34.61226 34.669964 34.655903 34.64478 34.64672 34.639034 34.53376 34.666737 34.494686 34.41262 34.313618 34.345833 34.47561 34.534184 34.530884 34.53477 34.451946
34.597107 34.601894 34.61818 34.55718 34.478153 34.497604 34.603893 34.60537 34.524235 34.43861 34.525856 34.476543 34.356342 34.190063 34.150654 34.164936 34.414692 34.31664 34.36128 34.404495 34.42693 34.50484 34.515938 34.49437 34.54788 34.518753 34.4298 34.41602 34.419926 34.4276 34.43869 34.44881 34.30049 34.384945 34.46765 34.51971 34.544056 34.5659 34.59033 34.626 34.596874 34.56683 34.562725 34.61406 34.663273 34.660606 34.63836 34.620667 34.608562 34.53848 34.62579 34.598335 34.480843 34.36466 34.307526 34.319004 34.421734 34.508247 34.521286 34.53661 34.530094
34.60879 34.64279 34.644314 34.587315 34.497547 34.457092 34.45352 34.436497 34.437847 34.503292 34.550396 34.522858 34.34762 34.171883 34.12373 34.13462 34.39405 34.339542 34.305367 34.36408 34.45831 34.536922 34.499527 34.489876 34.45644 34.479763 34.412834 34.38284 34.39681 34.401825 34.41529 34.345394 34.27097 34.325436 34.410507 34.497902 34.527786 34.566067 34.599255 34.608105 34.58427 34.59786 34.649364 34.655735 34.64 34.558437 34.547028 34.54545 34.52606 34.563694 34.741573 34.57279 34.53335 34.372234 34.293106 34.26583 34.305782 34.382675 34.491604 34.52808 34.539463
34.62024 34.65843 34.65356 34.604008 34.540436 34.451717 34.43338 34.43246 34.44305 34.481003 34.551292 34.52583 34.326313 34.13232 34.11863 34.141903 34.395588 34.3567 34.304714 34.333435 34.454517 34.503227 34.446655 34.43927 34.460857 34.463352 34.44191 34.392025 34.35587 34.364517 34.36735 34.322742 34.237137 34.26974 34.43935 34.47698 34.52754 34.58909 34.62142 34.575138 34.620853 34.655525 34.669613 34.644062 34.5366 34.505447 34.48846 34.490574 34.526527 34.73819 34.69515 34.703655 34.663715 34.57273 34.46439 34.32898 34.2465 34.24917 34.324932 34.462734 34.521816
34.631897 34.67188 34.666573 34.623695 34.606518 34.592934 34.584095 34.57849 34.574234 34.562744 34.528355 34.508015 34.337063 34.098614 34.12584 34.171837 34.43293 34.40262 34.320107 34.31684 34.403526 34.423874 34.437138 34.453033 34.47343 34.47052 34.478622 34.47382 34.44092 34.357346 34.3257 34.313095 34.278072 34.361492 34.429058 34.49168 34.583336 34.636257 34.66269 34.667377 34.65483 34.6914 34.72925 34.59565 34.538933 34.498856 34.508575 34.54096 34.678684 34.792297 34.767742 34.78207 34.82209 34.786434 34.704838 34.586376 34.453167 34.28651 34.22227 34.276295 34.38474
