static/data/salinity/2023/7/28/18.asc
ncols 137
nrows 93
xllcorner 108.0
yllcorner 17.0
cellsize 0.25
NODATA_value -32767
[rows 54 to 80 of 93, columns 0 to 60 of 137]
-32767.0 -32767.0 -32767.0 -32767.0 -32767.0 -32767.0 -32767.0 -32767.0 -32767.0 -32767.0 -32767.0 -32767.0 -32767.0 -32767.0 -32767.0 -32767.0 -32767.0 -32767.0 -32767.0 -32767.0 -32767.0 -32767.0 -32767.0 -32767.0 -32767.0 -32767.0 -32767.0 -32767.0 -32767.0 -32767.0 -32767.0 -32767.0 -32767.0 -32767.0 -32767.0 -32767.0 -32767.0 -32767.0 -32767.0 -32767.0 -32767.0 -32767.0 -32767.0 -32767.0 -32767.0 -32767.0 -32767.0 -32767.0 34.02959 34.075684 33.906654 33.236588 33.146183 33.286427 33.16444 32.991684 32.96386 32.981117 33.140434 33.432068 33.525642
-32767.0 -32767.0 -32767.0 -32767.0 -32767.0 -32767.0 -32767.0 -32767.0 -32767.0 -32767.0 -32767.0 -32767.0 -32767.0 -32767.0 -32767.0 -32767.0 -32767.0 -32767.0 -32767.0 -32767.0 -32767.0 -32767.0 -32767.0 -32767.0 -32767.0 -32767.0 -32767.0 -32767.0 -32767.0 -32767.0 -32767.0 -32767.0 -32767.0 -32767.0 -32767.0 -32767.0 -32767.0 -32767.0 -32767.0 -32767.0 -32767.0 -32767.0 -32767.0 -32767.0 -32767.0 -32767.0 -32767.0 33.15697 -32767.0 33.958786 33.53986 33.05514 33.332607 33.64782 33.49089 33.039726 32.931473 33.16335 34.092567 34.257977 34.30327
-32767.0 -32767.0 -32767.0 -32767.0 -32767.0 -32767.0 -32767.0 -32767.0 -32767.0 -32767.0 -32767.0 -32767.0 -32767.0 -32767.0 -32767.0 -32767.0 -32767.0 -32767.0 -32767.0 -32767.0 -32767.0 -32767.0 -32767.0 -32767.0 -32767.0 -32767.0 -32767.0 -32767.0 -32767.0 -32767.0 -32767.0 -32767.0 -32767.0 -32767.0 -32767.0 -32767.0 -32767.0 -32767.0 -32767.0 -32767.0 -32767.0 -32767.0 -32767.0 -32767.0 -32767.0 -32767.0 -32767.0 33.379696 33.94766 33.550983 33.396244 33.132687 33.28119 33.508785 33.67347 33.729626 33.98296 34.187374 34.319153 34.422733 34.385044
-32767.0 -32767.0 -32767.0 -32767.0 -32767.0 -32767.0 -32767.0 -32767.0 -32767.0 -32767.0 -32767.0 -32767.0 -32767.0 -32767.0 -32767.0 -32767.0 -32767.0 -32767.0 -32767.0 -32767.0 -32767.0 -32767.0 -32767.0 -32767.0 -32767.0 -32767.0 -32767.0 -32767.0 -32767.0 -32767.0 -32767.0 -32767.0 -32767.0 -32767.0 -32767.0 -32767.0 -32767.0 -32767.0 -32767.0 -32767.0 -32767.0 -32767.0 -32767.0 -32767.0 -32767.0 -32767.0 -32767.0 33.80234 33.713272 33.28733 33.33966 33.122166 32.83485 33.08775 33.208385 33.758602 34.0639 34.24979 34.366905 34.346256 34.34231
-32767.0 -32767.0 -32767.0 -32767.0 -32767.0 -32767.0 -32767.0 -32767.0 -32767.0 -32767.0 -32767.0 -32767.0 -32767.0 -32767.0 -32767.0 -32767.0 -32767.0 -32767.0 -32767.0 -32767.0 -32767.0 -32767.0 -32767.0 -32767.0 -32767.0 -32767.0 -32767.0 -32767.0 -32767.0 -32767.0 -32767.0 -32767.0 -32767.0 -32767.0 -32767.0 -32767.0 -32767.0 -32767.0 -32767.0 -32767.0 -32767.0 -32767.0 -32767.0 -32767.0 -32767.0 31.341175 -32767.0 33.765057 33.591595 33.2204 33.08582 33.161324 33.00438 33.03366 32.972095 32.991623 33.837425 34.19181 34.30859 34.351746 34.341198
-32767.0 -32767.0 -32767.0 -32767.0 -32767.0 -32767.0 -32767.0 -32767.0 -32767.0 -32767.0 -32767.0 -32767.0 -32767.0 -32767.0 -32767.0 -32767.0 -32767.0 -32767.0 -32767.0 -32767.0 -32767.0 -32767.0 -32767.0 -32767.0 -32767.0 -32767.0 -32767.0 -32767.0 -32767.0 -32767.0 -32767.0 -32767.0 -32767.0 -32767.0 -32767.0 -32767.0 -32767.0 -32767.0 -32767.0 -32767.0 -32767.0 -32767.0 -32767.0 -32767.0 -32767.0 -32767.0 33.518963 33.546974 33.20229 33.20954 32.92689 32.940216 32.825428 32.81732 33.00489 32.958393 33.70473 34.035206 34.2724 34.343086 34.33824
-32767.0 -32767.0 -32767.0 -32767.0 -32767.0 -32767.0 -32767.0 -32767.0 -32767.0 -32767.0 -32767.0 -32767.0 -32767.0 -32767.0 -32767.0 -32767.0 -32767.0 -32767.0 -32767.0 -32767.0 -32767.0 -32767.0 -32767.0 -32767.0 -32767.0 -32767.0 -32767.0 -32767.0 -32767.0 -32767.0 -32767.0 -32767.0 -32767.0 -32767.0 -32767.0 -32767.0 -32767.0 -32767.0 -32767.0 -32767.0 -32767.0 -32767.0 -32767.0 -32767.0 33.20939 33.717155 33.39263 33.335033 33.304802 33.283173 32.950027 32.99622 -32767.0 -32767.0 -32767.0 -32767.0 33.224644 34.26175 34.285305 34.322697 34.35423
-32767.0 -32767.0 -32767.0 -32767.0 -32767.0 -32767.0 -32767.0 -32767.0 -32767.0 -32767.0 -32767.0 -32767.0 -32767.0 -32767.0 -32767.0 -32767.0 -32767.0 -32767.0 -32767.0 -32767.0 -32767.0 -32767.0 -32767.0 -32767.0 -32767.0 -32767.0 -32767.0 -32767.0 -32767.0 -32767.0 -32767.0 -32767.0 -32767.0 -32767.0 -32767.0 -32767.0 -32767.0 -32767.0 -32767.0 -32767.0 -32767.0 -32767.0 -32767.0 33.36212 33.842052 33.633663 33.291637 33.433887 33.34372 33.2565 32.995445 32.954136 -32767.0 -32767.0 -32767.0 -32767.0 34.21853 34.30194 34.32726 34.31091 34.384457
-32767.0 -32767.0 -32767.0 -32767.0 -32767.0 -32767.0 -32767.0 -32767.0 -32767.0 -32767.0 -32767.0 -32767.0 -32767.0 -32767.0 -32767.0 -32767.0 -32767.0 -32767.0 -32767.0 -32767.0 -32767.0 -32767.0 -32767.0 -32767.0 -32767.0 -32767.0 -32767.0 -32767.0 -32767.0 -32767.0 -32767.0 -32767.0 -32767.0 -32767.0 -32767.0 -32767.0 -32767.0 -32767.0 -32767.0 -32767.0 -32767.0 32.73611 33.203255 33.711353 33.152405 33.42802 33.435066 33.542072 33.349174 33.3892 32.90923 -32767.0 -32767.0 -32767.0 -32767.0 -32767.0 34.19848 34.173367 34.341377 34.320694 34.428844
-32767.0 -32767.0 -32767.0 -32767.0 -32767.0 -32767.0 -32767.0 -32767.0 -32767.0 -32767.0 -32767.0 -32767.0 -32767.0 -32767.0 -32767.0 -32767.0 -32767.0 -32767.0 -32767.0 -32767.0 -32767.0 -32767.0 -32767.0 -32767.0 -32767.0 -32767.0 -32767.0 -32767.0 -32767.0 -32767.0 -32767.0 -32767.0 -32767.0 -32767.0 -32767.0 -32767.0 -32767.0 -32767.0 -32767.0 -32767.0 -32767.0 33.42173 33.69094 32.99511 33.06726 33.332657 33.287655 33.273537 33.858505 33.298767 32.581074 -32767.0 -32767.0 -32767.0 -32767.0 33.961685 34.164284 34.18113 34.342983 34.36555 34.40011
-32767.0 -32767.0 -32767.0 -32767.0 -32767.0 -32767.0 -32767.0 -32767.0 -32767.0 -32767.0 -32767.0 -32767.0 -32767.0 -32767.0 -32767.0 -32767.0 -32767.0 -32767.0 -32767.0 -32767.0 -32767.0 -32767.0 -32767.0 -32767.0 -32767.0 -32767.0 -32767.0 -32767.0 -32767.0 -32767.0 -32767.0 -32767.0 -32767.0 -32767.0 -32767.0 -32767.0 -32767.0 -32767.0 -32767.0 33.15886 33.408974 33.53486 32.877052 32.68239 33.1005 32.929413 33.31007 33.52497 33.588352 32.453533 -32767.0 -32767.0 -32767.0 -32767.0 -32767.0 33.987324 34.175568 34.2156 34.300625 34.301456 34.31568
-32767.0 -32767.0 -32767.0 -32767.0 -32767.0 -32767.0 -32767.0 -32767.0 -32767.0 -32767.0 -32767.0 -32767.0 -32767.0 -32767.0 -32767.0 -32767.0 -32767.0 -32767.0 -32767.0 -32767.0 -32767.0 -32767.0 -32767.0 -32767.0 -32767.0 -32767.0 -32767.0 -32767.0 -32767.0 -32767.0 -32767.0 -32767.0 -32767.0 -32767.0 -32767.0 -32767.0 -32767.0 -32767.0 33.188618 33.278625 33.43608 33.375504 32.975746 32.727173 32.758575 32.752014 33.200912 33.456444 32.59162 32.164066 -32767.0 -32767.0 -32767.0 -32767.0 -32767.0 33.9756 34.175804 34.29582 34.338352 34.313835 34.304718
-32767.0 -32767.0 -32767.0 -32767.0 -32767.0 -32767.0 -32767.0 -32767.0 -32767.0 -32767.0 -32767.0 -32767.0 -32767.0 -32767.0 -32767.0 -32767.0 -32767.0 -32767.0 -32767.0 -32767.0 -32767.0 -32767.0 -32767.0 -32767.0 -32767.0 -32767.0 -32767.0 -32767.0 -32767.0 -32767.0 -32767.0 -32767.0 -32767.0 -32767.0 -32767.0 -32767.0 32.74355 33.321674 32.996296 33.6167 33.5259 33.469387 33.264507 32.84079 32.761562 33.589844 -32767.0 33.509556 32.368767 -32767.0 -32767.0 -32767.0 -32767.0 -32767.0 33.761932 33.835644 34.372646 34.382645 34.3633 34.32566 34.344547
-32767.0 -32767.0 -32767.0 -32767.0 -32767.0 -32767.0 -32767.0 -32767.0 -32767.0 -32767.0 -32767.0 -32767.0 -32767.0 -32767.0 -32767.0 -32767.0 -32767.0 -32767.0 -32767.0 -32767.0 -32767.0 -32767.0 -32767.0 -32767.0 -32767.0 -32767.0 -32767.0 -32767.0 -32767.0 -32767.0 -32767.0 -32767.0 -32767.0 -32767.0 -32767.0 33.07582 33.087833 32.41227 32.59804 33.36919 33.05608 33.13965 32.963333 32.849564 32.104393 33.710983 -32767.0 33.51199 32.816486 -32767.0 -32767.0 -32767.0 -32767.0 -32767.0 33.66662 33.77939 34.25763 34.342014 34.394566 34.362976 34.376
-32767.0 -32767.0 -32767.0 -32767.0 -32767.0 -32767.0 -32767.0 -32767.0 -32767.0 -32767.0 -32767.0 -32767.0 -32767.0 -32767.0 -32767.0 -32767.0 -32767.0 -32767.0 -32767.0 -32767.0 -32767.0 -32767.0 -32767.0 -32767.0 -32767.0 -32767.0 -32767.0 -32767.0 -32767.0 -32767.0 -32767.0 -32767.0 -32767.0 -32767.0 -32767.0 31.99961 31.82654 33.027374 33.31693 33.365223 33.40659 33.35214 32.760895 31.833776 33.69487 33.66684 33.884537 33.830235 32.8614 -32767.0 -32767.0 -32767.0 -32767.0 -32767.0 33.735985 34.188797 34.323906 34.29128 34.412144 34.373226 34.352886
-32767.0 -32767.0 -32767.0 -32767.0 -32767.0 -32767.0 -32767.0 -32767.0 -32767.0 -32767.0 -32767.0 -32767.0 -32767.0 -32767.0 -32767.0 -32767.0 -32767.0 -32767.0 -32767.0 -32767.0 -32767.0 -32767.0 -32767.0 -32767.0 -32767.0 -32767.0 -32767.0 25.76507 -32767.0 29.261934 -32767.0 30.51906 31.39992 32.313286 31.193583 31.229235 32.882233 33.517124 33.720688 33.690617 33.608047 33.495697 32.62462 33.137386 33.73703 33.717484 33.88498 33.924545 33.748928 -32767.0 -32767.0 -32767.0 -32767.0 33.569687 34.10948 34.20041 34.275875 34.37791 34.384945 34.350624 34.356277
-32767.0 -32767.0 -32767.0 -32767.0 -32767.0 -32767.0 -32767.0 -32767.0 -32767.0 -32767.0 -32767.0 -32767.0 -32767.0 -32767.0 -32767.0 -32767.0 -32767.0 -32767.0 -32767.0 -32767.0 -32767.0 -32767.0 -32767.0 6.9081297 -32767.0 -32767.0 29.018196 28.433355 29.531937 29.999834 30.05418 30.59922 30.9556 31.059156 31.527643 33.05024 33.809944 33.78186 33.778988 33.74372 33.684845 33.62528 33.64678 33.574593 33.64669 33.819508 33.95373 33.990166 34.05673 33.512413 -32767.0 -32767.0 32.742603 34.08997 33.821156 34.336136 34.369152 34.43579 34.354176 34.368687 34.429546
-32767.0 -32767.0 -32767.0 -32767.0 -32767.0 -32767.0 -32767.0 -32767.0 -32767.0 -32767.0 -32767.0 -32767.0 -32767.0 -32767.0 -32767.0 -32767.0 -32767.0 -32767.0 -32767.0 -32767.0 -32767.0 -32767.0 -32767.0 17.171347 11.032242 26.753023 28.244282 29.13752 29.42022 30.188421 30.513096 32.161926 33.17061 32.933956 32.958237 33.680336 33.80405 33.803604 33.71883 33.74733 33.654552 33.66946 33.651752 33.839203 33.66215 33.902256 34.09152 34.24077 34.282993 34.16794 33.87813 -32767.0 32.74773 33.9152 34.04823 34.357285 34.41513 34.403496 34.35517 34.41852 34.39179
-32767.0 -32767.0 -32767.0 -32767.0 -32767.0 -32767.0 -32767.0 -32767.0 -32767.0 -32767.0 -32767.0 -32767.0 -32767.0 -32767.0 -32767.0 -32767.0 -32767.0 -32767.0 -32767.0 -32767.0 13.240894 19.04436 20.358685 26.008085 29.029612 -32767.0 29.271784 30.032875 31.32715 33.09148 33.11209 33.727623 33.804382 33.79907 33.79067 33.828777 33.727276 33.644623 33.57702 33.561974 33.57684 33.598953 33.880157 34.181664 34.150063 34.18191 34.210598 34.236977 34.30232 34.237267 34.12982 -32767.0 34.085144 33.659306 33.753708 34.111668 34.282585 34.384136 34.35267 34.36765 34.39984
-32767.0 -32767.0 32.394783 -32767.0 -32767.0 -32767.0 -32767.0 -32767.0 -32767.0 -32767.0 -32767.0 -32767.0 -32767.0 -32767.0 -32767.0 -32767.0 29.061981 -32767.0 23.800604 24.114792 23.354424 29.394405 30.05289 30.530582 29.733538 32.45372 33.267544 33.551304 33.666817 33.762627 33.774227 33.822205 33.815136 33.84732 33.890446 33.861042 33.726692 33.685215 33.713066 33.801777 34.038044 34.191998 34.191193 34.19406 34.190292 34.202114 34.23803 34.30766 34.279224 34.242054 34.19589 34.086887 33.762897 33.69124 33.603756 34.0894 34.407936 34.369305 34.367416 34.402 34.56691
-32767.0 32.05883 32.110622 31.952797 31.718294 -32767.0 31.948843 31.881542 -32767.0 -32767.0 -32767.0 -32767.0 -32767.0 32.47826 32.028473 31.69033 31.213129 29.618265 29.529839 28.395401 30.885069 30.861477 31.897236 32.825253 33.40987 33.752743 33.875023 33.810886 33.814396 33.824448 33.832684 33.894638 33.856438 34.032932 34.135124 34.03917 33.93028 33.934017 34.076126 34.181293 34.215797 34.167545 34.17136 34.176437 34.231956 34.25026 34.254124 34.21416 34.019424 33.825317 33.83299 33.911636 33.95736 33.839466 33.81867 34.275345 34.432594 34.440525 34.528645 34.513054 34.54002
32.53355 32.564034 32.505875 32.413273 32.27227 32.172432 32.051327 31.973488 -32767.0 -32767.0 -32767.0 33.103287 33.157333 33.069386 32.671257 32.37005 32.885895 30.844038 30.443714 28.957825 29.500631 31.523317 33.231983 33.46326 33.530197 33.822525 33.887314 33.84231 33.828003 33.888752 34.063698 34.118843 34.170067 34.225895 34.21063 34.119793 34.14658 34.18387 34.18948 34.22172 34.106915 34.15502 34.075066 34.14739 34.220184 34.218452 34.108013 33.933956 33.906925 33.89368 34.127872 34.440277 34.569748 34.256325 34.294975 34.31063 34.517525 34.513744 34.509293 34.53294 34.58219
32.985554 32.88973 32.89104 32.91057 32.642506 32.445194 32.20382 -32767.0 -32767.0 31.100273 -32767.0 33.198746 33.32829 33.52185 33.677902 33.57023 33.72579 32.978134 33.06994 31.065792 31.205395 33.442406 33.53305 33.613693 33.54601 33.866535 33.837437 33.834133 33.886166 34.05845 34.090336 34.208298 34.243675 34.22762 34.21623 34.108208 34.15754 34.19441 34.1841 34.112362 34.072987 34.03919 34.066082 34.068455 34.082027 34.159542 34.136818 34.062687 34.03141 33.87814 34.337917 34.480453 34.529526 34.472378 34.454197 34.445713 34.450577 34.503635 34.50962 34.594048 34.596436
33.16629 33.1187 33.1319 33.06571 32.9396 32.64251 32.32368 32.10339 -32767.0 -32767.0 32.55003 32.807293 33.20546 33.58691 33.704887 33.74713 33.729515 33.59409 33.592567 33.5366 33.542747 33.551327 33.58806 33.663044 33.63982 33.89394 33.882088 33.863445 33.90439 33.99956 34.127113 34.246605 34.29828 34.27133 34.26072 34.216305 34.186268 34.181515 34.187695 34.16648 34.096016 34.05017 34.08588 33.877163 33.84106 33.895428 34.151463 34.171658 34.14287 33.881413 34.50646 34.49151 34.536777 34.53337 34.512962 34.450798 34.42988 34.487156 34.56918 34.594425 34.598392
33.194492 33.07682 33.087048 33.041397 33.033012 32.80323 32.54472 32.216526 -32767.0 -32767.0 32.560696 32.56564 32.721004 33.773094 33.73778 33.71119 33.641884 33.723164 33.856266 33.80955 33.636642 33.50373 33.56659 33.749397 33.749046 33.845722 33.831837 33.869427 33.94159 33.979145 34.195404 34.26385 34.307663 34.328907 34.27279 34.218956 34.185604 34.205887 34.22929 34.16072 34.05147 33.822826 33.774036 34.000813 33.99941 33.905716 34.079758 34.12748 33.953438 34.21412 34.564934 34.53071 34.579292 34.5698 34.4494 34.46929 -32767.0 34.59343 34.579254 34.58984 34.590775
33.192505 33.191544 33.274384 33.06726 33.015045 32.891075 32.70252 32.326492 32.308094 32.51526 32.548904 32.540775 32.53076 33.220512 33.81868 33.849274 33.877983 33.811325 33.76299 33.70677 33.651737 33.7318 33.485115 33.749237 33.869465 33.892475 33.85744 33.892612 33.914185 34.11481 34.18048 34.257328 34.306477 34.21721 34.216187 34.263805 34.279495 34.260178 34.20498 34.079926 33.857044 33.729736 33.780903 34.04147 34.019268 34.163662 34.113266 33.93574 33.907032 34.52731 34.436794 34.464417 34.560207 34.56472 34.546177 34.546417 34.546223 34.574745 34.576756 34.5866 34.586594
33.42192 33.317028 33.32702 33.367054 32.976936 32.90067 32.82207 32.75955 32.619194 -32767.0 -32767.0 -32767.0 32.641785 32.98711 33.45028 33.47284 33.504276 33.56857 33.58782 33.58935 33.58178 33.66871 33.55162 33.802666 33.89497 33.825153 33.78017 33.88321 34.05298 34.17964 34.192245 34.22509 34.216564 34.21393 34.303654 34.325768 34.30121 34.25431 34.185608 34.054535 33.91779 33.94343 33.79359 33.705875 34.049232 34.128834 33.970673 33.688522 33.79134 34.511463 34.388916 34.29623 34.47774 34.564545 34.542664 34.468548 34.57161 34.582592 34.577843 34.5931 34.603233
