static/data/salinity/2023/7/28/6.asc
ncols 137
nrows 93
xllcorner 108.0
yllcorner 17.0
cellsize 0.25
NODATA_value -32767
[rows 54 to 80 of 93, columns 61 to 121 of 137]
33.569103 33.71967 33.753735 33.858677 33.868286 33.727505 33.731297 34.02384 34.2289 34.37464 34.310703 34.283707 34.405872 34.481457 34.481697 34.5641 34.5645 34.577206 34.577747 34.495663 34.506023 34.46497 34.405643 34.389378 34.425987 34.53407 34.450893 34.33619 34.47435 34.388393 34.40247 34.397694 34.422897 34.465675 34.520878 34.54455 34.40226 34.327045 34.22999 34.217686 34.24349 34.268085 34.305862 34.357605 34.406246 34.46499 34.546688 34.703827 34.647755 34.584423 34.55149 34.581154 34.56894 34.565628 34.689445 34.73749 34.7584 34.67732 34.623737 34.67502 34.78743
34.31743 34.339893 34.374474 34.373196 34.327564 34.298016 34.358486 34.411373 34.395916 34.319153 34.270397 34.405464 34.49133 34.571934 34.526443 34.492176 34.52783 34.533386 -32767.0 34.545155 34.561825 34.546745 34.49504 34.435146 34.496613 34.58827 34.468937 34.370174 34.452446 34.381992 34.4217 34.441967 34.48351 34.53147 34.486187 34.373413 34.26086 34.182446 34.295025 34.32796 34.301163 34.29604 34.300682 34.31709 34.381554 34.44445 34.49988 34.68132 34.67199 34.648502 34.57545 34.59255 34.610016 34.62728 34.682358 34.645363 34.594913 34.620853 34.705948 34.83007 34.934776
34.36778 34.354412 34.338997 34.31027 34.315872 34.32132 34.397717 34.412457 34.32092 34.339058 34.40103 34.493046 34.53971 34.570885 34.579918 34.533066 34.51877 34.52762 34.568634 34.59414 34.578804 34.579273 34.586468 34.545574 34.5845 34.554108 34.55847 34.44993 34.403736 34.4206 34.393303 34.448044 34.493877 34.480587 34.34275 34.2206 34.20801 34.37851 34.469864 34.44137 34.437744 34.33906 34.306362 34.33132 34.353786 34.455925 34.48874 34.604603 34.677155 34.65497 34.60363 34.598957 34.66447 34.68317 34.61222 34.60992 34.605667 34.63737 34.75978 34.858833 34.934975
34.344395 34.338245 34.32426 34.3537 34.364414 34.38051 34.40555 34.31829 34.396996 34.36583 34.473583 34.528736 34.5707 34.56928 34.566517 34.542423 34.512844 34.561428 34.66175 34.654053 34.58672 34.586315 34.583538 34.582916 34.582355 34.44381 34.628315 34.567883 34.359135 34.44233 34.382835 34.43684 34.462196 34.367176 34.21911 34.168224 34.366463 34.489838 34.475933 34.40538 34.397556 34.423992 34.328945 34.30574 34.34717 34.483772 34.52396 34.530243 34.6898 34.670662 34.637882 34.60273 34.61857 34.696392 34.63891 34.613544 34.636658 34.642796 34.68989 34.834557 35.036705
34.401577 34.361504 34.273808 34.318428 34.353672 34.308296 34.459385 34.38428 34.36694 34.395813 34.522728 34.497555 34.587727 34.54525 34.521103 34.501682 34.522285 34.62192 34.655903 34.583176 34.57689 34.60662 34.610577 34.622158 34.584908 34.371212 34.60664 34.670113 34.364323 34.370514 34.398617 34.409008 34.423103 34.306526 34.19438 34.209766 34.4071 34.50163 34.42366 34.36447 34.371727 34.419346 34.380264 34.31129 34.390728 34.520317 34.582165 34.51838 34.68142 34.673386 34.660458 34.645153 34.62188 34.610973 34.609745 34.626934 34.649284 34.656403 34.700336 34.910553 35.131622
34.36134 34.39936 34.328335 34.35628 34.443714 34.447186 34.382626 34.388554 34.36305 34.527386 34.41718 34.44404 34.56246 34.583164 34.531113 34.564575 34.61343 34.592022 34.626083 34.56767 34.577583 34.597973 34.619705 34.587505 34.50062 34.38302 34.584335 34.715717 34.479843 34.358437 34.406906 34.379887 34.38745 34.279285 34.23089 34.224876 34.348465 34.452194 34.343315 34.362087 34.40475 34.428352 34.374233 34.34918 34.446533 34.595856 34.631145 34.575085 34.562798 34.650314 34.663967 34.682274 34.66361 34.65381 34.653725 34.65937 34.661644 34.67961 34.8814 34.99948 35.127743
34.404816 34.366333 34.37536 34.341274 34.47611 34.381493 34.35294 34.33508 34.438267 34.51309 34.39218 34.469284 34.465298 34.599712 34.609688 34.54163 34.591 34.623714 34.560566 34.56423 34.57391 34.55373 34.534042 34.538765 34.291275 34.37564 34.6626 34.754208 34.643623 34.38905 34.34522 34.3678 34.37176 34.304543 34.284927 34.26832 34.274982 34.30998 34.363007 34.475986 34.501873 34.42558 34.359524 34.39376 34.53865 34.65026 34.63556 34.569504 34.541664 34.586708 34.623898 34.69072 34.714928 34.68693 34.675198 34.67334 34.697224 34.871887 34.975784 35.02964 35.07519
34.414005 34.343567 34.29036 34.32832 34.44645 34.378643 34.31533 34.307552 34.3569 34.43484 34.366722 34.50444 34.5102 34.523777 34.592064 34.555164 34.624134 34.569378 34.571587 34.539703 34.564484 34.55458 34.50551 34.393944 34.236618 34.568966 34.745644 34.757423 34.734074 34.440453 34.342297 34.35285 34.349804 34.317158 34.33652 34.38778 34.39902 34.437645 34.50705 34.551414 34.49448 34.39966 34.398666 34.459766 34.59047 34.638313 34.575985 34.533745 34.525013 34.538322 34.58968 34.672302 34.767696 34.73938 34.694485 34.692684 34.77102 34.898895 35.01929 35.014027 35.1031
34.40532 34.348923 34.30158 34.37751 34.41154 34.290253 34.271885 34.28598 34.29977 34.350273 34.395725 34.574444 34.563747 34.573574 34.56784 34.63554 34.589066 34.561348 34.516544 34.54949 34.56735 34.511864 34.41453 34.25998 34.624584 34.6933 34.70777 34.711353 34.735546 34.609047 34.452072 34.371376 34.324978 34.33089 34.35418 34.42705 34.498974 34.52293 34.53277 34.537865 34.476173 34.48703 34.5551 34.618446 34.64487 34.613564 34.602863 34.58333 34.526314 34.551205 34.580887 34.705833 34.839554 34.784542 34.732235 34.71762 34.908894 34.95665 35.0143 35.03584 35.00492
34.393654 34.32862 34.242813 34.257545 34.28318 34.28084 34.307625 34.305115 34.30371 34.34326 34.407146 34.578396 34.53307 34.5599 34.60209 34.646664 34.57051 34.526283 34.526268 34.537304 34.464817 34.368176 34.440865 34.70783 34.688572 34.681828 34.676296 34.677822 34.691063 34.719765 34.704147 34.645794 34.51235 34.407898 34.3728 34.398777 34.434162 34.452934 34.46882 34.53263 34.630157 34.67249 34.64359 34.595474 34.53263 34.55554 34.627693 34.566727 34.524975 34.54093 34.57408 34.76665 34.886703 34.8228 34.729263 34.824078 34.7878 34.80864 34.861187 34.829964 34.786232
34.335247 34.319878 34.338707 34.33639 34.32827 34.37535 34.39485 34.360703 34.360798 34.390568 34.421303 34.56444 34.566013 34.625774 34.611145 34.644447 34.59195 34.564514 34.555756 34.467575 34.4904 34.672497 34.71678 34.703705 34.708294 34.712624 34.710583 34.69272 34.666916 34.64795 34.639484 34.640453 34.654964 34.65174 34.644375 34.63646 34.636543 34.649612 34.66021 34.63248 34.560337 34.50799 34.50913 34.52608 34.492527 34.501545 34.648296 34.575336 34.496517 34.542362 34.569496 34.790043 34.877274 34.798683 34.726807 34.942577 34.821453 34.77738 34.728573 34.709377 34.69767
34.380768 34.395393 34.36718 34.337917 34.332897 34.44463 34.47954 34.458145 34.46515 34.475567 34.474056 34.56165 34.600876 34.640945 34.61162 34.634014 34.595467 34.60016 34.606026 34.649097 34.710766 34.718235 34.705547 34.696133 34.70163 34.723965 34.740124 34.74265 34.73008 34.724075 34.703117 34.666378 34.625923 34.562653 34.545387 34.55624 34.56868 34.56951 34.56188 34.557396 34.560947 34.550213 34.538975 34.546745 34.558613 34.4706 34.633053 34.57656 34.544655 34.52766 34.577763 34.79078 34.805984 34.72849 34.873646 34.818295 34.77735 34.66819 34.622818 34.61215 34.63782
34.42215 34.416683 34.377052 34.353794 34.360928 34.43264 34.494556 34.529057 34.553165 34.580383 34.516376 34.560215 34.657948 34.617565 34.62033 34.598206 34.64468 34.64959 34.62213 34.61521 34.61746 34.6444 34.67288 34.66231 34.657112 34.653206 34.680813 34.71966 34.744003 34.731987 34.720325 34.710037 34.6989 34.663452 34.581165 34.536182 34.57092 34.578285 34.56922 34.61599 34.60699 34.565845 34.554115 34.54733 34.531906 34.54431 34.60208 34.643047 34.53808 34.51532 34.587833 34.782433 34.74206 34.761856 35.05734 34.820652 34.726345 34.676083 34.66771 34.72743 34.79325
34.448566 34.427326 34.412636 34.406002 34.38521 34.389175 34.482903 34.52746 34.54145 34.582703 34.54068 34.576748 34.656353 34.606216 34.61865 34.610924 34.60036 34.592026 34.599846 34.603413 34.601315 34.653584 34.632687 34.57416 34.556797 34.62448 34.67943 34.666706 34.708847 34.708004 34.70045 34.699234 34.707684 34.680122 34.564167 34.528667 34.549793 34.574055 34.637848 34.649494 34.62314 34.578682 34.652824 34.651634 34.640667 34.602104 34.55513 34.54032 34.540283 34.513573 34.59889 34.752697 34.71175 34.900276 35.044636 34.94596 34.773026 34.75237 34.637547 34.662468 34.7176
34.44179 34.462944 34.425026 34.429928 34.459415 34.42828 34.457523 34.574886 34.582935 34.585423 34.55769 34.628555 34.65168 34.618332 34.61143 34.609283 34.594803 34.597076 34.604813 34.624905 34.62391 34.636627 34.60718 34.519745 34.481853 34.507412 34.630627 34.692142 34.665005 34.70247 34.667362 34.680874 34.701103 34.694897 34.599464 34.544792 34.534332 34.583206 34.645073 34.67228 34.659668 34.590652 34.65488 34.671894 34.64939 34.63922 34.628857 34.598755 34.55824 34.498516 34.61409 34.70052 34.74726 34.99922 34.923664 34.95148 34.88075 34.764626 34.789917 34.8168 34.77939
34.404957 34.42636 34.435997 34.460987 34.516804 34.48361 34.40816 34.60896 34.62322 34.60178 34.578262 34.660225 34.662933 34.622375 34.60996 34.593845 34.559616 34.5425 34.54903 34.600937 34.644043 34.636776 34.58958 34.486828 34.41746 34.41371 34.528103 34.657764 34.665253 34.67999 34.66072 34.659035 34.686394 34.67802 34.681816 34.5802 34.584953 34.594875 34.602547 34.65666 34.664944 34.632156 34.615356 34.675327 34.62243 34.589622 34.59568 34.60118 34.546642 34.526196 34.616127 34.678753 34.8699 34.91754 34.86456 34.93612 34.90366 34.853264 34.7976 34.768948 34.768875
34.547512 34.581738 34.579742 34.600536 34.55804 34.491863 34.40596 34.60918 34.62481 34.604046 34.587734 34.680847 34.67725 34.622246 34.60456 34.586052 34.518852 34.51596 34.53061 34.562946 34.643993 34.64771 34.56953 34.436787 34.347527 34.319298 34.388306 34.629112 34.661064 34.6638 34.626343 34.64237 34.67416 34.66007 34.665756 34.686596 34.620556 34.627163 34.59561 34.617302 34.665882 34.646584 34.578373 34.678528 34.62384 34.57276 34.568214 34.59023 34.54163 34.540268 34.58313 34.688923 34.872128 34.89504 34.79422 34.858906 34.836555 34.79574 34.848637 34.81249 34.740658
34.535698 34.61268 34.634804 34.629646 34.60789 34.50944 34.40372 34.603897 34.620773 34.596638 34.59595 34.675667 34.684937 34.630287 34.611202 34.58621 34.545246 34.515446 34.55835 34.572453 34.645435 34.65286 34.54453 34.4058 34.307743 34.258446 34.297024 34.55851 34.65115 34.614082 34.58763 34.619396 34.661846 34.653027 34.632835 34.65966 34.699455 34.628136 34.619057 34.638626 34.68046 34.651295 34.562607 34.668488 34.645462 34.586647 34.55626 34.57366 34.54401 34.529507 34.553673 34.69833 34.815617 34.92797 34.823345 34.843613 34.882668 34.8877 34.76159 34.785103 34.83153
34.582146 34.6512 34.6566 34.66751 34.559265 34.432484 34.454483 34.61138 34.626255 34.585266 34.595516 34.66351 34.68443 34.650753 34.6269 34.60719 34.58868 34.584408 34.592735 34.625896 34.657494 34.65133 34.575294 34.38935 34.228268 34.197327 34.233448 34.425224 34.592903 34.57396 34.5427 34.547153 34.59025 34.633648 34.608883 34.587063 34.66612 34.721554 34.702858 34.69152 34.67193 34.62286 34.548515 34.64731 34.66999 34.60429 34.552715 34.564976 34.542698 34.53509 34.561073 34.711147 34.813217 34.913692 34.863037 34.909527 34.900043 34.808006 34.769417 34.80613 34.837677
34.63084 34.670414 34.664806 34.66264 34.470055 34.397903 34.55974 34.621513 34.630432 34.56562 34.593906 34.6438 34.686806 34.666096 34.643658 34.632263 34.623825 34.639236 34.646397 34.600506 34.583447 34.614132 34.54103 34.248817 34.120262 34.113384 34.17174 34.297836 34.549217 34.550476 34.509083 34.493004 34.498295 34.516262 34.527504 34.518127 34.57242 34.70349 34.726162 34.678566 34.664227 34.568165 34.546116 34.648746 34.690918 34.600426 34.575645 34.548935 34.54186 34.547295 34.605824 34.712986 34.877064 34.842964 34.858627 34.863636 34.8438 34.818604 34.822933 34.83707 34.804996
34.619377 34.63607 34.6621 34.65016 34.562943 34.560585 34.616688 34.628414 34.62731 34.559395 34.593582 34.619343 34.63372 34.636623 34.62204 34.5956 34.541515 34.47348 34.418846 34.36068 34.30817 34.2507 34.16879 34.135418 34.214264 34.11466 34.0859 34.220493 34.521416 34.578007 34.534767 34.41822 34.414486 34.450367 34.45826 34.47344 34.530354 34.642765 34.7138 34.67565 34.63415 34.521523 34.5764 34.652187 34.70185 34.647568 34.57529 34.552357 34.54723 34.60523 34.702736 34.814945 34.904316 34.856518 34.874683 34.864956 34.793747 34.697918 34.628105 34.59834 34.637398
34.624714 34.65131 34.648346 34.633533 34.63698 34.635612 34.629936 34.63273 34.622284 34.574924 34.582497 34.59721 34.604244 34.58415 34.527096 34.450817 34.39089 34.33054 34.26813 34.220104 34.184574 34.184273 34.249138 34.46548 34.334167 34.14575 34.06652 34.16849 34.386414 34.491924 34.406563 34.33132 34.383663 34.427288 34.415024 34.413883 34.50642 34.607536 34.70199 34.66866 34.606003 34.493164 34.593628 34.65395 34.72767 34.630142 34.635242 34.636894 34.64057 34.66595 34.829853 34.96558 34.944218 34.847332 34.65364 34.544384 34.51442 34.488743 34.454754 34.44364 34.47735
34.620884 34.620125 34.623844 34.623276 34.619778 34.622936 34.6311 34.63664 34.622005 34.59443 34.60689 34.616226 34.560703 34.42802 34.379677 34.306606 34.24125 34.270412 34.31904 34.375576 34.45002 34.448196 34.481747 34.461212 34.290413 34.09902 34.082436 34.154015 34.213596 34.248413 34.25557 34.362614 34.45057 34.425053 34.391808 34.367737 34.50642 34.59021 34.673393 34.663765 34.588165 34.488407 34.651134 34.660233 34.70171 34.760506 34.75084 34.784367 34.840725 34.93359 34.9754 34.76327 34.628674 34.583157 34.52087 34.473106 34.42289 34.371986 34.325237 34.292995 34.332996
34.60745 34.61433 34.604347 34.59569 34.613804 34.62207 34.634674 34.636463 34.628216 34.5887 34.595657 34.492313 34.42736 34.359703 34.22697 34.299767 34.476166 34.47201 34.33684 34.33719 34.374504 34.38135 34.380157 34.39061 34.423637 34.38131 34.2249 34.169125 34.188385 34.28308 34.418137 34.462433 34.402752 34.378983 34.367737 34.38046 34.53504 34.603527 34.635628 34.65921 34.57913 34.49009 34.646282 34.643314 34.63996 34.664566 34.763577 34.819683 34.816933 34.772617 34.682716 34.639294 34.53175 34.54561 34.426697 34.31937 34.341095 34.352917 34.324238 34.290215 34.351116
34.59061 34.59109 34.57462 34.53217 34.58491 34.617382 34.619614 34.629314 34.631363 34.598763 34.570442 34.44989 34.382637 34.237312 34.181946 34.44564 34.465515 34.380222 34.272137 34.286175 34.31626 34.39421 34.427757 34.436504 34.43945 34.42654 34.41699 34.407024 34.40273 34.405064 34.398952 34.398117 34.412632 34.377953 34.31141 34.43819 34.542217 34.578335 34.621258 34.649277 34.57189 34.48327 34.58883 34.634724 34.62994 34.639404 34.640705 34.663887 34.683887 34.671494 34.637398 34.523624 34.632034 34.37579 34.359795 34.34406 34.444458 34.507362 34.468193 34.37989 34.37743
34.587715 34.58601 34.58937 34.51983 34.506046 34.623013 34.608303 34.61189 34.614998 34.60725 34.45332 34.465313 34.33478 34.203854 34.17535 34.309338 34.457577 34.331337 34.29506 34.35056 34.438175 34.462234 34.50494 34.488247 34.496395 34.508804 34.48072 34.462494 34.45888 34.464157 34.46931 34.456192 34.401814 34.30436 34.328556 34.50833 34.54874 34.56681 34.60747 34.626255 34.56643 34.505196 34.54569 34.602394 34.61998 34.674232 34.66057 34.650715 34.651188 34.636753 34.52984 34.682983 34.437416 34.38975 34.31445 34.357254 34.502644 34.52383 34.52602 34.531933 34.442642
34.59999 34.628506 34.608837 34.5229 34.46717 34.546883 34.62072 34.60598 34.500835 34.45256 34.53765 34.481068 34.339817 34.190567 34.142868 34.138157 34.38777 34.332302 34.365517 34.393124 34.43911 34.517666 34.510815 34.504696 34.53914 34.514027 34.430656 34.42253 34.425648 34.43268 34.443287 34.45804 34.30833 34.378933 34.475636 34.52811 34.553192 34.571865 34.59636 34.625465 34.598507 34.561592 34.563694 34.617863 34.66866 34.663666 34.64396 34.633068 34.6111 34.53325 34.677216 34.506584 34.47093 34.3065 34.276398 34.33214 34.427998 34.499485 34.523006 34.538746 34.52197
