static/data/seaWater_vo/2023/7/23/0.asc
ncols 137
nrows 93
xllcorner 108.0
yllcorner 17.0
cellsize 0.25
NODATA_value -32767
[rows 0 to 25 of 93, columns 58 to 115 of 137]
-32767.0 -32767.0 -32767.0 -32767.0 -32767.0 -32767.0 -32767.0 -32767.0 -32767.0 -32767.0 -32767.0 -32767.0 -32767.0 -32767.0 -32767.0 -32767.0 -32767.0 -32767.0 -32767.0 -32767.0 -32767.0 -32767.0 0.12794615 0.04086715 -0.15569392 -0.04225781 0.15417464 0.08349479 -0.01616513 0.021134526 0.1268785 0.12889767 0.070576906 0.020423396 -0.027636679 -0.11801921 -0.033002 0.113438696 0.0792795 0.1146298 0.13472024 0.082192615 0.30510262 0.39019284 0.23011516 0.08282949 -0.078816265 -0.13033888 -0.0761056 0.0022834158 -0.02633004 -0.110952064 0.08179869 0.11173588 -0.051323377 -0.11708185 6.8871304e-05 0.1394441
-32767.0 -32767.0 -32767.0 -0.02491442 -0.015643314 -0.0048478725 0.054802656 0.0006666454 0.023950782 -0.0110016605 -32767.0 -32767.0 -32767.0 -32767.0 -32767.0 -32767.0 -32767.0 -32767.0 -32767.0 -32767.0 -32767.0 0.12204576 -0.09908253 -0.23326983 0.16555448 0.17423637 0.1806833 0.08394139 -0.00017533638 -0.0888626 0.033310063 0.16521047 0.17550543 0.13983546 -0.11650266 -0.08745695 0.105020896 0.09481379 -0.051762838 0.106446505 0.03196955 -0.006073691 0.49636865 0.38694534 -0.0067862663 -0.1575704 -0.18317294 -0.08428038 0.12309338 0.22125782 0.22325817 0.21291439 0.25354138 0.31140617 0.30751938 0.20962402 0.113571 0.27982506
-32767.0 0.042938083 -32767.0 0.03375222 -0.025874972 -0.05176105 0.013712538 -0.01893897 0.037020814 -0.017991291 -0.003229437 -0.008971162 -32767.0 -32767.0 -32767.0 -32767.0 -32767.0 -32767.0 -32767.0 -32767.0 -32767.0 -0.07782411 -0.37240294 -0.018118162 0.28585368 0.2208584 0.12088225 0.13901493 0.028501544 0.04286357 0.08958185 0.08317054 0.08958425 0.17110962 -0.32839102 -0.27879608 0.05584021 0.06698947 0.036279526 0.0047199884 0.0901365 0.15954654 0.46615207 0.20704289 -0.2384465 -0.10829286 -0.11734098 -0.039071765 0.108090095 0.055586178 0.062123597 0.16126183 0.18327911 0.33305156 0.14961515 -0.049960922 -0.12479245 0.3200023
0.0021977848 -32767.0 -0.07056035 -0.027220244 -0.083367944 0.038136303 -0.019719306 -0.07554896 -0.02018467 0.096056946 0.04672213 0.009102344 -32767.0 -32767.0 -32767.0 -32767.0 -32767.0 -32767.0 -32767.0 -32767.0 -0.1856427 -0.10213947 -0.33655122 -0.04480185 0.23240896 0.13112769 0.09294482 0.15774696 0.29496765 0.19193763 0.24012214 0.058082424 -0.20668839 -0.13389249 -0.5867055 -0.40034297 -0.13773982 -0.07112909 0.1973417 0.31158942 0.3279577 0.3535873 0.3363655 0.020488508 -0.37384987 -0.21105242 -0.11950577 -0.11809935 -0.13725168 -0.19420126 0.14048557 0.32710227 0.18155302 0.0879312 0.0893916 -0.2871689 0.10057479 0.24969299
0.08512323 -32767.0 -0.0031932702 -0.16312544 -0.0033912624 0.005016259 -0.008132902 0.030871022 0.10007051 -0.016190909 0.07668676 -32767.0 -32767.0 -32767.0 -32767.0 -32767.0 -32767.0 -32767.0 -32767.0 -32767.0 -32767.0 -32767.0 -0.147442 -0.20451929 0.1072823 0.10261141 -0.009198048 0.22250432 0.38429084 0.22905004 0.27327773 -0.06594887 -0.18680266 -0.2714962 -0.46705434 -0.29761773 -0.31090146 -0.18910076 0.21096091 0.35559666 0.41004196 0.38159207 0.16920057 -0.2088787 -0.41369647 -0.3471384 -0.18710753 -0.05273666 -0.09384902 -0.10816084 0.28640386 0.37672403 0.1455725 -0.15219408 -0.10624817 -0.058358107 0.13738105 0.13240638
0.07427302 0.08715652 0.05221948 -0.019066645 0.011702085 -0.032418106 -0.019540593 -0.013816377 0.072452396 -0.021045353 0.08179816 -32767.0 -32767.0 -32767.0 -32767.0 -32767.0 -32767.0 -32767.0 -32767.0 -32767.0 -32767.0 -32767.0 -32767.0 -0.24944492 -0.07421506 0.031177051 0.101824254 0.25049305 0.47291255 0.3833582 0.25621995 -0.033232413 -0.011589495 -0.12460848 -0.12455621 -0.15648946 -0.26637223 -0.21907876 0.02605302 0.17570938 0.19974305 0.2774747 0.058488116 -0.17712261 -0.36624208 -0.26809126 -0.047802866 0.10267831 0.14361684 0.16701213 0.2632328 0.24253649 0.07981745 -0.2887108 -0.32214817 -0.12908769 0.07052967 0.04961872
0.10688113 0.09593138 0.09067674 0.014855957 -0.017892402 -0.11272607 -0.04426665 0.0005997034 0.080622986 0.23009533 0.069447115 -32767.0 -32767.0 -32767.0 -32767.0 -32767.0 -32767.0 -32767.0 -32767.0 -32767.0 -32767.0 -32767.0 -32767.0 -32767.0 -0.12469413 -0.18010779 0.0073870625 0.16200143 0.4116808 0.5350085 0.2168909 0.06910371 -0.04317802 -0.14192328 -0.23394549 -0.260267 -0.25173074 -0.10963515 0.0087208245 -0.008859151 -0.031139381 -0.0867331 0.0057683904 -0.0833479 -0.20469853 -0.045633685 0.18139376 0.3669035 0.349877 0.26907185 0.29007733 0.20849347 0.10217669 -0.14423732 -0.42824933 -0.22224832 -0.20421107 0.079635985
0.03259645 -0.01787938 -0.056164954 -0.027494855 -0.09176433 -0.08088959 -0.058596008 0.10391682 0.1592967 0.03934852 -32767.0 -32767.0 -32767.0 -32767.0 -32767.0 -32767.0 -32767.0 -32767.0 -32767.0 -32767.0 -32767.0 -32767.0 -32767.0 -32767.0 -32767.0 -0.22470713 -0.1455274 0.16686033 0.44340575 0.59768534 0.26102224 0.059489433 -0.044902585 -0.31169924 -0.45243895 -0.08768138 0.045844596 -0.021321328 -0.095392376 -0.09644894 -0.13242981 -0.20474754 -0.2997699 -0.11835946 0.0026825953 0.1987553 0.43104115 0.3791288 0.10530807 0.13025127 0.005236064 -0.016697448 -0.1383412 -0.19815944 -0.2815901 -0.31555685 -0.21106783 0.2250284
0.0178584 -0.05022913 -0.10544482 -0.09121602 -0.0068343775 0.05295561 0.10278202 0.15602908 0.057630833 -32767.0 0.03726861 -32767.0 -32767.0 -32767.0 -32767.0 -32767.0 -32767.0 -32767.0 -32767.0 -32767.0 -32767.0 -32767.0 -32767.0 -32767.0 -32767.0 -0.09320098 -0.15252355 0.27643496 0.572212 0.7320409 0.13999055 -0.122980654 -0.105600014 -0.30264416 -0.24189292 0.09290791 0.19759515 0.17004724 0.032487333 0.002381663 -0.051053993 -0.09456131 -0.074941695 0.07533223 0.29369494 0.37216666 0.25403544 -0.031064969 -0.1677488 -0.21674842 -0.081714444 0.0145355305 -0.062307287 -0.12290847 -0.17011286 -0.12495144 -0.016863786 0.25541595
0.034473635 -0.029208146 -0.024436057 0.015249414 0.1289818 0.26095906 0.24449639 0.122620635 0.064648405 0.01805989 0.15953259 0.047987316 -0.1757994 -0.057658788 0.077074766 -0.017917262 -32767.0 -32767.0 -32767.0 -32767.0 -32767.0 -32767.0 -32767.0 -32767.0 -32767.0 -32767.0 -0.1541447 0.14299972 0.5920968 0.89080286 0.10048626 -0.22841811 -0.24488844 -0.15449613 -0.1780545 0.023109607 0.09682793 0.039839413 0.10719737 0.059807442 0.05706832 0.10301474 0.19335641 0.051693514 0.11630211 0.038397025 -0.04384911 -0.19426775 -0.31356564 -0.32195386 -0.08142713 0.033637308 0.21691296 -0.01150394 -0.09358051 -0.052438375 0.003205152 0.3318011
-0.048088703 0.020995194 0.0023099552 0.042687617 0.12888099 0.23603919 0.27136692 0.25541976 0.1435853 0.08884998 -0.020468231 0.07431414 0.10039624 0.13172853 0.041652206 0.039531123 -32767.0 -32767.0 -32767.0 -32767.0 -32767.0 -32767.0 -32767.0 -32767.0 -32767.0 -32767.0 -32767.0 0.027854815 0.48610485 0.84457177 0.15739149 -0.19941793 -0.23503773 -0.35854113 -0.23215139 0.001929233 -0.028031776 0.047558375 0.18359372 0.30870816 0.21590745 0.38711974 0.40213236 -0.05233808 0.010359789 0.045270026 -0.0027162528 -0.11042864 -0.30194762 -0.31085497 -0.042770337 0.10460084 0.21340172 0.1302732 -0.12914696 -0.30715117 -0.07686425 0.39321676
-32767.0 0.08946596 -0.16064644 -0.049264748 0.04672022 0.123555005 0.14526024 0.10434769 0.06665488 0.036632687 -0.021409657 -0.008666794 0.04088234 0.099008374 0.05238504 0.053078063 0.043554023 -0.15850821 -32767.0 -32767.0 -32767.0 -32767.0 -32767.0 -32767.0 -32767.0 -32767.0 -32767.0 -32767.0 0.45269433 0.84075224 0.21245775 -0.055821344 -0.16883487 -0.28689694 -0.36616066 -0.25480458 0.051486164 0.11964688 0.17176338 0.20641819 0.20456582 0.37447432 0.38122526 -0.068724215 -0.13474901 -0.06559782 -0.035141427 -0.040013433 -0.070093706 -0.015807686 0.04898949 0.086515196 0.20902394 0.570898 0.33655876 -0.26206586 -0.04502706 -32767.0
-32767.0 -0.10241456 -0.04464386 -0.135908 -0.05882345 -0.025724564 -0.03550879 -0.06966856 -0.08574928 -0.08626358 -0.0718715 -0.019484777 0.113197125 0.06158794 0.08298345 0.013099138 -32767.0 0.00068821356 -32767.0 -32767.0 -32767.0 -32767.0 -32767.0 -32767.0 -32767.0 -32767.0 -32767.0 -32767.0 0.26701453 0.87308764 0.44231245 -0.109684855 -0.02031197 -0.31718117 -0.20566376 -0.15394528 0.030151851 0.0878195 0.08030865 0.16421089 0.14398056 0.46072823 0.30306882 0.010480205 -0.08919652 -0.19606571 -0.08505308 0.06626265 0.11359664 0.13848382 0.14765982 -0.16779773 -0.04514571 0.28314877 0.6673131 0.117057726 -0.1841514 -32767.0
-0.082865685 -0.07288022 0.028224152 -0.09958101 -0.15898724 -0.13732845 -0.13418634 -0.19263329 -0.20396769 -0.17855552 -0.16091077 -0.11843808 0.005891263 0.166803 0.078683436 -32767.0 -32767.0 -32767.0 -32767.0 -32767.0 -32767.0 -32767.0 -32767.0 -32767.0 -32767.0 -32767.0 -32767.0 -32767.0 -0.0001557516 0.89151406 0.60013306 -0.12990612 0.013512623 -0.20840687 -0.10761681 0.030962717 -0.015023387 0.020877874 0.0113232685 -0.02934645 -0.08026831 0.29579973 0.3516863 0.03890203 0.07999728 0.055516686 0.1673644 0.0810337 0.11667023 0.10833355 -0.006252392 -0.03331999 -0.043576267 -0.056781024 0.39693373 0.25139365 -0.02219427 0.061707124
-0.10230459 -0.08973799 -0.11437697 -0.14611992 -0.16269723 -0.09605147 -0.07079856 -0.09100374 -0.1764495 -0.17130674 -0.2162431 -0.16571921 -0.026128534 0.031602688 0.111591294 0.14889158 -32767.0 -32767.0 -32767.0 -32767.0 -32767.0 -32767.0 -32767.0 -32767.0 -32767.0 -32767.0 -32767.0 -32767.0 -0.39976832 1.0809889 0.8219779 0.014950517 -0.15917917 0.036732897 -0.01954753 -0.09302716 -0.113096826 0.0107652955 0.020476313 -0.044382766 -0.053590853 0.15195888 0.31231984 0.22772983 -0.10459249 0.20454101 0.21235192 0.14675122 0.26817384 0.154781 -0.049015258 -0.08010491 -0.07432624 -0.06254383 0.35887328 0.2922596 0.020648476 -32767.0
-0.13629335 -0.11407889 -0.08281685 -0.1413692 -0.16761413 -0.06820779 -0.027473334 0.0023935335 0.03983961 0.0075938837 0.012269685 0.030977948 0.031762894 0.04037929 0.06532595 0.23756519 0.11028195 -32767.0 -32767.0 -32767.0 -32767.0 -32767.0 -32767.0 -32767.0 -32767.0 -32767.0 -32767.0 -32767.0 -0.38694683 1.2818217 0.65743077 0.13352004 0.18947397 -0.10005893 -0.10419994 -0.029648118 0.00095561147 0.04452512 0.21143185 0.22909884 0.024139836 -0.07438707 0.17765142 -32767.0 -0.029096518 -0.0071424018 0.23160155 0.2427133 0.19858657 0.0106324125 -0.03770327 0.022971429 0.018268835 -0.032905646 0.5139481 -32767.0 -32767.0 -32767.0
-0.092683606 -0.08637156 -0.096392415 -0.12892646 -0.14459026 -0.0683784 -0.03502138 -0.004527776 0.03691867 0.1369082 0.24742508 0.21546263 0.12170397 0.082927875 0.080088325 0.23593672 0.14331505 -32767.0 -32767.0 -32767.0 -32767.0 -32767.0 -32767.0 -32767.0 -32767.0 -32767.0 -32767.0 -32767.0 -32767.0 1.0456215 0.34157306 0.17093232 0.28845793 0.21649113 0.08638356 0.057767652 0.16730718 0.38889742 0.2707297 0.20465907 0.04374773 -0.21138665 0.02181738 0.061635748 0.09137785 0.018229578 -0.014574051 0.07967314 -0.08082665 -0.06553367 0.086472765 0.1825917 0.3229279 0.18286975 0.098493025 -32767.0 -32767.0 -32767.0
-0.095895536 -0.14506304 -0.13083595 -0.13614006 -0.14259866 -0.11551705 -0.08963816 -0.05240475 -0.031443655 0.021281624 0.06333463 0.07484874 0.07628502 0.04516866 0.08024203 0.23851275 0.110201545 0.017382454 -32767.0 -32767.0 -32767.0 -32767.0 -32767.0 -32767.0 -32767.0 -32767.0 -32767.0 -32767.0 0.79116774 0.9082082 0.19298513 0.08703879 0.28691524 0.14523275 0.122281514 0.24098393 0.1957218 0.27961123 0.14271036 -0.030429844 -0.08610638 0.025387976 0.16077536 0.14228612 0.12278296 0.09116526 0.07041931 0.07118558 0.016587658 0.021507975 0.020166691 -32767.0 -0.06843334 -0.007058351 -0.0487927 -32767.0 -32767.0 -32767.0
-0.099868536 -0.1615981 -0.20444925 -0.15820056 -0.15164539 -0.1085885 -0.14599873 -0.101094425 -0.07869798 -0.04050809 -0.022609223 -0.048345946 -0.009855908 -0.028310763 0.16011548 0.10499711 0.020131411 -32767.0 -32767.0 -32767.0 -32767.0 -32767.0 -32767.0 -32767.0 -32767.0 -32767.0 -32767.0 -32767.0 0.6929382 0.68455374 0.22676902 -0.008086787 0.24571344 0.16883354 0.13215913 0.22374025 0.22986923 0.116381444 0.06659235 -0.057356082 0.25919533 0.19658968 -32767.0 -32767.0 -0.03940538 -0.08236612 -32767.0 -32767.0 -32767.0 -32767.0 -32767.0 -32767.0 -32767.0 -32767.0 -32767.0 -32767.0 -32767.0 -32767.0
-0.10278049 -0.14957866 -0.22034964 -0.22053166 -0.24197637 -0.27577356 -0.26124138 -0.18870747 -0.11591761 -0.07939895 -0.121377006 -0.087164246 -0.08360198 -0.032206696 0.0552571 0.061684765 -32767.0 -32767.0 -32767.0 -32767.0 -32767.0 -32767.0 -32767.0 -32767.0 -32767.0 -32767.0 -32767.0 0.45269904 0.6293392 0.4720712 0.05632165 0.091479644 -0.0092678 0.19317442 0.31135857 0.3717246 0.23046379 0.1571417 0.04165283 -0.019147508 0.24093762 -32767.0 -32767.0 -32767.0 -32767.0 -32767.0 -32767.0 -32767.0 -32767.0 -32767.0 -32767.0 -32767.0 -32767.0 -32767.0 -32767.0 -32767.0 -32767.0 -32767.0
-0.12395362 -0.18790703 -0.23069477 -0.26066762 -0.31487617 -0.30354607 -0.22199437 -0.18953331 -0.18765798 -0.22458395 -0.2157454 -0.06664097 -0.15345779 -0.014737479 -0.018807093 0.012069748 -32767.0 -32767.0 -32767.0 -32767.0 -32767.0 -32767.0 -32767.0 -32767.0 0.062301945 0.08268482 0.28238872 0.38900796 0.50327176 0.1634054 -0.21037428 0.007027206 0.14952698 0.45738813 0.45057866 0.25128764 0.09328176 0.10827374 -0.15799642 -32767.0 -32767.0 -32767.0 -32767.0 -32767.0 -32767.0 -32767.0 -32767.0 -32767.0 -32767.0 -32767.0 -32767.0 -32767.0 -32767.0 -32767.0 -32767.0 -32767.0 -32767.0 0.006595183
-0.13264927 -0.21865495 -0.293108 -0.34186566 -0.38418666 -0.32263982 -0.35425803 -0.40818572 -0.34095237 -0.3079642 -0.15559337 -0.06851241 -0.16549695 -0.061589494 0.017970558 -0.008937977 -32767.0 -32767.0 -32767.0 -32767.0 0.031975575 0.10013365 -0.0024229721 0.0076343473 0.08060584 0.26462954 0.27822694 0.82437384 0.073878184 0.030642904 -0.046904445 0.00819521 0.3079712 0.46988562 0.4121404 0.026980666 0.09888217 0.023063175 -32767.0 -32767.0 -32767.0 -32767.0 -32767.0 -32767.0 -32767.0 -32767.0 -32767.0 -32767.0 0.07138426 -0.011814838 -32767.0 -32767.0 -32767.0 -32767.0 -32767.0 -32767.0 -32767.0 0.080971405
-0.123030886 -0.21077274 -0.30999714 -0.37156916 -0.3658292 -0.29436088 -0.3414033 -0.43189657 -0.45325705 -0.36325818 -0.28123602 -0.17215014 -0.13411856 -0.33083287 0.035472736 -32767.0 -0.007972475 -32767.0 0.053685382 -32767.0 0.056353234 -32767.0 0.0049019223 -0.032460265 -0.040092096 0.11858472 0.5931251 0.23332132 0.045392048 -0.0060871937 -0.0021622553 0.16309102 0.38424203 0.3248403 0.08997475 0.081541955 -32767.0 -32767.0 -32767.0 -32767.0 -32767.0 -32767.0 -32767.0 -32767.0 0.061280143 -0.060936626 -0.069832526 -0.018421931 -0.04644962 -0.0017006749 -0.10801826 0.096614 -32767.0 -32767.0 -32767.0 -32767.0 -32767.0 0.0093466155
-0.031022822 -0.13879171 -0.28092042 -0.30704027 -0.30124563 -0.26151776 -0.27439317 -0.32702267 -0.33593637 -0.3669852 -0.22189899 -0.13403596 -0.16831143 -0.1662482 -0.118905164 -0.20669745 0.05998796 -0.00423307 0.029153844 0.0150476545 0.036436703 0.069921196 0.19602428 0.15243001 0.08695248 0.241038 0.39699027 -32767.0 0.24406801 0.32685477 0.23036844 0.15267223 0.14147039 0.14891167 -32767.0 -32767.0 -32767.0 -32767.0 -32767.0 0.04016791 -0.07257322 0.16242437 0.16036683 0.016489135 0.22038916 0.02775137 -32767.0 -32767.0 -0.035998818 0.04245856 -0.13477981 -32767.0 -32767.0 -32767.0 -32767.0 -32767.0 0.23908025 0.16885188
0.10150033 -0.053530116 -0.17713563 -0.17927682 -0.19804855 -0.13213393 -0.15961206 -0.21489988 -0.27189007 -0.27627912 -0.12632401 -0.06093066 -0.066839114 -0.15933806 -0.16484492 -0.14848043 -0.20246977 -0.021151576 0.039777502 0.014073351 -0.060039893 0.0675604 0.19728218 0.15131602 0.16412699 0.2717985 0.28589517 0.26199383 0.3557123 0.19092703 0.09705208 0.028531477 0.07805829 0.0005389238 -0.033380035 -32767.0 0.06930481 0.1105755 -32767.0 0.0062143817 0.13558151 -0.0779621 -32767.0 0.025166033 0.065680295 -32767.0 -32767.0 -32767.0 -32767.0 0.10401664 -0.052817754 -32767.0 -32767.0 -32767.0 -32767.0 0.13479528 0.29564637 0.054133918
0.14267637 -0.013761269 -0.08994866 -0.0564476 -0.097288184 -0.073587954 -0.11764211 -0.17124462 -0.20684251 -0.23520923 -0.18147296 -0.13187866 -0.16628896 -0.17943148 -0.13947223 0.009363599 -0.046485253 -0.09450904 0.07409052 0.20296925 0.06171749 0.043951966 0.07290667 0.17888048 0.24431579 0.19357507 0.18859048 0.26893258 0.21032235 -32767.0 0.00026419573 -0.09233292 -32767.0 -32767.0 -0.019404892 -0.045582063 0.08669868 -0.008391575 0.052071348 0.04758046 -0.18007015 -32767.0 -32767.0 -32767.0 -32767.0 -32767.0 -32767.0 -32767.0 -32767.0 0.10904635 0.03473885 0.15413018 -32767.0 -32767.0 0.26635602 0.15316151 0.16096906 0.060042184
