static/data/seaWater_vo/2023/7/23/12.asc
ncols 137
nrows 93
xllcorner 108.0
yllcorner 17.0
cellsize 0.25
NODATA_value -32767
[rows 50 to 74 of 93, columns 58 to 115 of 137]
-0.10740211 0.09623617 0.1316819 0.14419849 0.016469244 -0.13600664 -0.2845698 -0.28963935 -0.16564377 0.06948649 -0.1312232 -0.09440388 0.014473007 0.2129132 0.36450818 0.4718316 0.5492928 0.4326496 0.29878742 0.24235828 0.019955086 0.007989343 -0.10238448 -0.12151238 -0.078260385 0.0449553 0.2641257 0.3061727 0.48443154 0.38710862 0.360974 0.5942204 0.39958295 0.25276363 0.29731235 0.29516307 0.036810413 -0.18725492 -0.3911608 -0.5338949 -0.5710427 -0.44380447 -0.3755944 -0.25824648 -0.4267509 -0.21073009 0.21641631 0.054276206 0.08825785 0.12595508 0.008306745 -0.2582808 -0.05445288 -0.109049164 -0.234869 -0.2079872 -0.13115959 -0.18817826
-0.19500597 0.035227288 0.04325486 0.07212999 0.08269255 -0.06634425 -0.20538603 -0.2662492 -0.19258615 -0.2514504 -0.13712078 0.057773225 0.21679187 0.38121337 0.62378466 0.5271874 0.23941065 0.26945445 0.19094177 0.09782291 -0.15836954 -0.015144709 -0.018137783 -0.06356474 -0.009767618 0.06441598 0.21142702 0.4572857 0.36989003 0.34155178 0.45801985 0.5554542 0.26462063 0.3263951 0.40327415 0.29441997 0.02621153 -0.25347218 -0.36349335 -0.5786676 -0.47016445 -0.4658947 -0.3642529 -0.39604744 -0.3652631 0.045249153 0.014036452 -0.019867104 0.024066878 0.17444876 0.076220594 -0.28969613 -0.31465095 -0.15353788 -0.20131773 -0.29082584 -0.19635443 -0.23525144
-0.3103514 -0.041208096 -0.15399507 0.009867129 0.15390444 -0.07586851 -0.2047107 -0.24552241 -0.19285092 -0.16897278 -0.06332819 0.12348198 0.48000458 0.6998479 0.5785677 0.2710394 0.1642427 0.15090503 0.19776623 -0.060335863 -0.18387662 -0.043160703 -0.09947741 -0.07940084 -0.18421733 0.11577448 0.14163335 0.43051824 0.34223473 0.37998387 0.46271378 0.44083232 0.22556834 0.26368853 0.3222937 0.19182679 -0.03812872 -0.28727558 -0.49366102 -0.5045349 -0.49541807 -0.48674336 -0.4130419 -0.40808553 -0.10433763 -0.05265947 0.04625827 0.06416273 0.06028437 0.19043745 0.14033124 -0.28754738 -0.42126152 -0.03571896 -0.035818037 -0.21693318 -0.32118735 -0.2634289
-0.40482956 -0.15032509 -0.04890781 0.015630608 -0.051067997 -0.080801554 -0.11947196 0.07161287 -0.02462594 -0.23938799 -0.26755247 0.30531085 0.6324172 0.4579221 0.42188874 0.17652228 0.16930424 0.1113369 -0.017652856 -0.14836325 -0.076496825 -0.09128325 0.008897903 -32767.0 -0.19044966 0.09495291 0.1049809 0.40952697 0.4146696 0.4284687 0.42533156 0.3651499 0.12688953 0.17526677 0.1487817 0.027317759 -0.18331933 -0.35695377 -0.45612454 -0.46585384 -0.56838393 -0.48720315 -0.42652524 -0.22729939 -0.17969301 -0.09320839 0.01668186 0.059495177 0.09290968 0.18828529 0.18914016 -0.2376741 -0.49110782 -0.095762506 -0.07808966 -0.2032135 -0.37517023 -0.35392126
-0.32546055 -0.15443154 0.010490193 -0.0537498 -0.25778964 -0.19127946 0.020012625 0.07799138 0.13881768 -0.015310576 -0.038941078 0.5297777 0.61209035 0.39306846 0.37980792 0.23553774 0.15010323 0.069227725 -0.123352975 0.044300202 0.075458296 -0.0143066 -0.040313087 -0.042542763 -0.23631275 0.037134133 0.08911057 0.17462444 0.47404176 0.42815796 0.41947857 0.37304243 0.055549126 0.087909125 0.015053037 -0.052776035 -0.23646297 -0.33458892 -0.43296993 -0.5649448 -0.56749785 -0.46730635 -0.3166401 -0.28016326 -0.21597466 -0.1555104 -0.04125305 0.0523435 0.12315023 0.15815666 0.26426956 -0.008755541 -0.43282545 -0.19051376 -0.12358771 -0.234282 -0.35080007 -0.3715164
-0.10217428 -0.04170191 -0.10123727 -0.1858929 -0.22526145 -0.22737378 -0.10522276 -0.08253157 -0.08957625 0.013113643 0.19705212 0.5555279 0.4992736 0.2140449 0.27521047 0.18341085 0.089802794 0.034098007 0.0227053 0.031425454 -0.121348046 -32767.0 0.02238324 0.040598787 -0.3285386 -0.035005737 0.17355758 0.17780234 0.15494224 0.37940165 0.4276546 0.33448896 0.098170206 -0.029515984 -0.04994589 -0.13317326 -0.2499216 -0.37031814 -0.5131858 -0.62821436 -0.5151763 -0.38332018 -0.36391655 -0.31717187 -0.20978625 -0.15756744 -0.07885874 -0.009267631 0.051977217 0.16245507 0.1947941 0.19393012 -0.19334516 -0.3668442 -0.12618762 -0.2976521 -0.41326812 -0.2727497
-0.020435382 -0.058979042 -0.04069565 -0.043216366 -0.24971588 -0.31491998 -0.28454083 -0.19155657 -0.017501695 0.10871994 0.2792007 0.35322428 0.10132027 0.14228506 0.17239194 0.056034885 -0.045855444 -0.02491245 0.09381155 0.052694246 -0.013413619 -0.089006856 -0.07295535 0.20310533 -0.092021376 -0.1478098 0.09335754 0.25181758 -0.045814008 0.1897409 0.3440031 0.22748163 0.16787355 -0.024954189 -0.1361057 -0.22872855 -0.329984 -0.44025218 -0.6066666 -0.52414733 -0.39909384 -0.4068358 -0.27620757 -0.15009113 -0.11325044 -0.085080676 -0.057969674 0.029372038 0.10716125 0.10101232 0.18249846 0.19435836 0.11395541 -0.331196 -0.3261115 -0.24893016 -0.3875671 -0.2111665
0.16487022 0.6366856 0.5543971 0.276282 -0.04018102 -0.18924384 -0.095980786 0.020151671 0.097254455 0.14940418 0.10911783 0.18608765 0.23068368 0.28494895 0.13453683 -0.11063532 -0.19388895 0.02975714 0.37283847 0.3009575 0.050973214 -0.16792913 -0.20951268 -0.16065204 -0.11293841 -0.1598993 -0.16651754 -0.11477465 -0.2141011 -0.039028153 0.19285549 0.1466357 0.12340553 0.0127149755 -0.15941373 -0.2834916 -0.40884045 -0.5620799 -0.5449719 -0.38142654 -0.43804383 -0.34069964 -0.075488135 0.00842916 0.009809474 -0.0045197797 0.02004764 -0.04209133 0.15780489 0.103840746 0.13800302 0.16719213 0.14036141 -0.004372258 -0.2722521 -0.2999856 -0.28987223 -0.22950667
0.59902614 0.91935396 0.65457493 0.4153212 0.075262494 -0.013363612 -0.014904424 -0.047366917 -0.04407189 0.079592094 0.24944215 0.32437652 0.32139057 0.3263564 0.09448165 -0.18618308 -0.1621816 0.07570156 0.3317454 0.32203892 0.16922057 -0.17595804 -0.31215325 -0.20132352 -0.18901111 -0.27705166 -0.33162123 -0.30308548 -0.3064348 -0.13355336 0.072035365 0.1199839 -0.064054415 -0.0032931487 -0.13595475 -0.311971 -0.49904275 -0.57870084 -0.39831746 -0.33712038 -0.41747162 -0.21834 0.05145811 0.19213629 0.1923812 0.07222854 0.018028889 -0.053096477 0.20552298 0.22419538 0.102218516 0.17630349 0.1578601 0.09379531 -0.007192443 -0.15526396 -0.21090192 -0.13995667
0.69652516 0.9294835 0.59690684 0.26311657 0.085825235 -0.08629754 -0.18879448 -0.026717788 0.22257209 0.24804856 0.3023663 0.2756854 0.11731677 0.19086324 0.12823734 -0.08634698 -0.012137388 0.12316265 0.14281178 0.20088023 0.132426 -0.103178896 -0.28155178 -0.17977408 -0.25284708 -0.2767728 -0.39808643 -0.40593624 -0.26419076 -0.12630929 0.049911365 0.115272366 -0.18918726 -0.12713806 -0.19133386 -0.32613444 -0.4911155 -0.49824697 -0.34196445 -0.31132504 -0.35615343 -0.21365601 0.0038352506 0.05539954 0.13454106 0.02706867 -0.010112452 -0.025139904 0.16462113 0.2557812 0.12707563 0.093969725 0.115563475 0.19340348 0.0685365 -0.08103415 -0.104502045 -0.06551014
1.1412095 0.7333077 0.45785293 0.121176034 -0.07006937 -0.19424976 0.023323454 0.12993833 0.33588052 0.19770998 0.26880324 0.10758278 -0.020802023 0.33256355 0.17492017 -0.007340751 -0.066299886 -0.033772223 0.18224289 0.23293942 0.059337955 -0.13519698 -0.23808248 -0.32181224 -0.26583415 -0.2696837 -0.401035 -0.4362599 -0.27260876 -0.12897949 0.0624962 0.06479918 -0.122894466 -0.28233021 -0.23257701 -0.32265344 -0.44013572 -0.43076667 -0.32517573 -0.29003587 -0.3171133 -0.2552482 -0.058768027 -0.00053643505 -0.025413916 -0.09245161 -0.07882951 0.08160073 0.15427871 0.21029942 0.12679195 0.009611213 0.046332255 0.24078144 0.16504973 0.049231216 -0.060529415 -0.14431566
0.93477976 0.6064547 0.24998648 -0.05694948 -0.18192129 -0.100782864 0.10126076 -0.0349219 0.34440756 0.17443419 0.26947692 0.049376424 0.03828415 0.19219032 -0.022956872 -0.17235966 -0.027588077 0.07211926 0.20935927 0.17728722 0.018293414 -0.21101531 -0.40513676 -0.25198337 -0.22192441 -0.23132253 -0.36719248 -0.43184105 -0.19384274 0.010713328 0.11520745 -0.0147373015 -0.13004945 -0.31870905 -0.31893227 -0.29227695 -0.3576395 -0.3902238 -0.3810764 -0.33406097 -0.3137732 -0.2861664 -0.19703673 -0.16737214 -0.1584847 -0.11928986 0.002954235 0.096828446 0.11941672 0.15920797 0.08684576 -0.025820458 -0.010206214 0.30019036 0.2203351 0.07502827 -0.005004266 -0.05811767
0.7357245 0.36572796 0.022427669 -0.23328342 0.0788462 0.015771007 -0.06574398 0.16760023 0.24019504 0.16702859 0.19449423 0.13316661 0.11552826 0.033377275 -0.13222158 -0.03777731 0.16083813 0.14544006 0.15526947 0.081858836 -0.13280007 -0.37813607 -0.34156922 -0.16292836 -0.18628724 -0.24593304 -0.39320996 -0.24720909 0.009005392 0.09059898 0.088804 0.013761115 -0.12694159 -0.20388682 -0.3092701 -0.3339999 -0.32800934 -0.32911757 -0.3167382 -0.30204564 -0.25829393 -0.19428197 -0.11819139 -0.052134495 -0.035163216 0.033478964 0.11409201 0.15378572 0.14134821 0.10857714 0.035218343 -0.052307587 -0.10118849 0.36901927 0.22601327 0.04611882 -0.0741229 -0.09240784
0.5980499 0.10917257 -0.14690141 0.05103525 0.18299185 0.14626953 0.019736504 0.03442333 0.20385605 0.21166325 0.15498506 0.20710503 0.19099559 0.062241163 -0.091745764 -0.062153954 0.15464011 0.10441663 0.08977901 -0.016679129 -0.27808633 -0.4013127 -0.15000518 -0.16913007 -0.2031501 -0.30685973 -0.26683575 -0.036803506 -0.029603347 0.026661819 0.056877237 -0.029561061 -0.0584 -0.11574112 -0.17757437 -0.2034096 -0.22497384 -0.2374762 -0.22899815 -0.180715 -0.09257123 -0.0152911525 0.062637664 0.07488875 0.09602866 0.11130203 0.08162212 0.11413656 0.0635009 0.026353927 0.008683013 -0.12472159 -0.12409251 0.41853106 0.25844297 0.08657364 -0.1604606 -0.182366
0.2432324 -0.17847648 -0.069618724 -0.018794438 -0.016433088 0.07958987 0.05414551 0.08464161 0.16881382 0.24856433 0.12513277 0.23115698 0.33357158 0.1398929 -0.084364876 -0.037953526 0.09827324 0.059096992 0.036601838 -0.18710567 -0.3553297 -0.21601918 -0.2349752 -0.2533578 -0.16097519 -0.08840343 -0.060088996 -0.08906262 -0.051945012 0.019644246 0.0978826 0.15159844 0.13859831 0.09119343 0.04380567 -0.0067450474 -0.016364297 -0.026891865 -0.021215215 0.020451367 0.023736661 0.03249436 0.010790355 -0.011712326 -0.011529616 -0.03033766 -0.10428206 -0.09095092 0.10049614 0.14163265 -0.012163349 -0.16050592 -0.18027169 0.43252522 0.22570471 0.013816594 -0.16009466 -0.25976872
-0.100223824 -0.30519417 -0.009941479 0.052714262 0.08563344 0.1300782 0.1216396 0.13816959 0.14759736 0.14313245 0.10354058 0.2140451 0.33597082 0.14177425 -0.080194205 0.10237564 0.098872215 0.07301563 -0.0637957 -0.27923545 -0.25189555 -0.37246576 -0.35821715 -0.22564927 -0.11196372 -0.03620028 -0.06000089 -0.10198629 -0.11848146 -0.07872631 0.0009884352 0.10167933 0.14854787 0.12043796 0.11115321 0.092906 0.09705691 0.061825626 0.023387289 -0.039890632 -0.055127967 -0.13214685 -0.049873713 0.029656453 -0.0021401676 -0.047623694 -0.14531167 -0.13127902 0.085410744 0.17897816 0.012002553 -0.16436757 -0.20035513 0.34215638 0.16955878 -0.065068685 -0.24360627 -0.3941463
-0.24056588 -0.14898132 0.026893629 0.12981237 0.12792456 0.17404939 0.21316074 0.21394339 0.15224154 0.10076324 0.078576 0.15610647 0.28633174 0.085010305 -0.09772951 0.10423928 0.15695211 0.005163493 -0.19243427 -0.26641127 -0.4295592 -0.4760378 -0.3554662 -0.18608004 -0.096736595 -0.0866168 -0.035476927 -0.023787726 -0.06340244 -0.09507299 -0.011858497 0.050978128 0.11406037 0.1854051 0.20684294 0.15457016 0.046479475 -0.06052258 -0.061987333 0.017958354 -0.04596567 -0.017644336 0.1465863 0.15618771 0.13876635 0.07509167 -0.0055932305 -0.040614348 0.039389312 -0.000623963 -0.028499905 -0.15899861 -0.115886055 0.24910043 0.044087537 -0.16514577 -0.31733513 -0.5028664
-0.32578817 0.123984694 0.32573545 0.16957466 0.22676483 0.29609326 0.31859228 0.28946358 0.19603643 0.09426417 0.05992331 0.12652697 0.19594729 -0.0073769353 -0.08229584 0.09585048 0.14874983 -0.07866002 -0.21782109 -0.42657414 -0.61367553 -0.48513994 -0.13223885 0.06016658 0.01660565 -0.016067462 -0.011077752 0.009169026 -0.040438958 -0.060042616 -0.022234589 0.038776122 0.08867698 0.10024007 0.18304463 0.23975523 0.2025402 0.07700313 0.034784485 0.0044695367 0.019145925 0.064548515 0.22776835 0.2758542 0.26233825 0.23446399 0.15756425 0.038147826 -0.06999084 -0.1515463 -0.22324067 -0.19590317 -0.08070957 0.17497686 -0.1522693 -0.3190439 -0.45452523 -0.2504696
-0.26498416 0.17576241 0.2661894 0.1552405 0.30357587 0.3713084 0.41798782 0.34477067 0.24700937 0.15379152 0.14887165 0.17315193 0.118754156 -0.12459582 -0.12460735 0.049364585 0.08288897 -0.1434319 -0.36732054 -0.6308886 -0.6679451 -0.42304504 -0.028546128 0.2517089 0.12359648 0.06975886 0.1494343 0.11346953 0.045866426 -0.011984021 -0.044092044 -0.034304164 0.03304449 0.13605796 0.14363195 0.1270642 0.17471983 0.21510097 0.0030995358 0.0108190095 -0.025518663 -0.026416004 0.16660008 0.30879438 0.37652016 0.38230267 0.2693338 0.17732644 0.04605399 -0.12799394 -0.2608322 -0.27995393 -0.124525875 -0.07181672 -0.41517845 -0.5185116 -0.44809318 -0.035259087
-0.11805996 -0.053727735 0.082644016 0.16142403 0.22288668 0.37997964 0.50343615 0.43478376 0.26109278 0.24430795 0.2437139 0.18110557 0.01097248 -0.26934853 -0.121018104 0.027293067 0.0231132 -0.21981066 -0.50173616 -0.7154399 -0.6105489 -0.32196182 0.21218278 0.43616483 0.24595138 0.16334394 0.28066838 0.17107369 0.07648067 0.009821355 -0.10804737 -0.11131703 0.09297044 0.07861604 0.071511574 0.020648183 0.041041005 0.13381022 0.14452042 -0.041877974 0.011103156 -0.16269703 0.010956521 0.29974073 0.44962838 0.44387907 0.3097344 0.2553456 0.11118482 -0.06766929 -0.20692748 -0.27780506 -0.23917183 -0.33328986 -0.6162872 -0.6071451 -0.30653024 -0.10676877
0.046482306 -0.21232796 -0.026022587 0.040630374 0.13639995 0.3582819 0.5262842 0.52967626 0.39332026 0.3226622 0.17755564 0.072111286 -0.11714819 -0.4086366 -0.08650095 -0.012797163 -0.040358365 -0.2842239 -0.5385242 -0.6753087 -0.5252481 -0.18032421 0.20078333 0.43774503 0.13521849 0.18879654 0.24035525 0.19224231 0.023385886 -0.0677217 -0.11829719 -0.008380556 0.10942955 0.024732865 -0.038469743 -0.0476959 0.016120322 0.027324717 0.12214423 0.07402735 -0.023822514 -0.10784867 -0.10337159 0.28976777 0.4675901 0.41449052 0.31951332 0.35582396 0.2287597 0.034703705 -0.19842573 -0.30909374 -0.37543654 -0.5588415 -0.6680596 -0.6119632 -0.15007344 -0.16592509
-0.056815423 -0.29804587 -0.17562726 -0.07365467 0.04672577 0.33914357 0.5911237 0.55359185 0.5431725 0.397736 0.15155253 -0.0644334 -0.25630832 -0.5156043 -0.052083068 -0.060861535 -0.12716784 -0.2895153 -0.49107468 -0.4918555 -0.3556244 -0.1484032 0.13435408 0.26348186 0.019812305 0.19579063 0.24317603 0.2182937 0.06528201 -0.04289331 -0.044345528 -0.015420485 0.057744946 0.002179267 -0.08695381 -0.1283271 -0.061421357 0.011209972 0.029872602 0.0035184324 -0.024792844 -0.14581527 -0.108129255 0.30831397 0.42972896 0.33310005 0.22793633 0.367902 0.24455957 0.041603353 -0.15818338 -0.30228937 -0.4868291 -0.6672309 -0.6072218 -0.39833975 -0.13187839 -0.22615615
0.063851185 -0.10256078 -0.15635575 -0.05183492 0.075272 0.32461503 0.58786356 0.50130326 0.5848596 0.36757568 0.029135635 -0.1397386 -0.4320314 -0.47907728 -0.006718935 -0.06915431 -0.084748834 -0.21600261 -0.3675814 -0.3889001 -0.25660247 -0.033959527 0.119856484 0.011319598 0.106531635 0.21991834 0.22454007 0.10921405 0.09563224 0.029613765 0.041230615 0.051129207 0.05721401 0.011347872 -0.055176456 -0.09260366 -0.0372163 0.017822828 -0.0036238085 -0.031756714 -0.05424919 -0.071719274 0.037101608 0.3362777 0.35461682 0.22854207 0.084417656 0.2025492 0.26342854 0.044328634 -0.16635288 -0.37143278 -0.5369282 -0.54901296 -0.39948878 -0.19840282 -0.2557928 -0.22493282
0.22788587 0.22522043 0.20446225 0.16849859 0.0848813 0.18887682 0.39624405 0.38074872 0.5592715 0.27631074 -0.042844653 -0.18408282 -0.57010823 -0.35056978 0.011338765 -0.04460298 -0.06458392 -0.099960946 -0.13480991 -0.13705923 -0.09411267 -0.07943789 -0.08044732 0.05358784 0.24554199 0.3056683 0.23820578 0.038439192 -0.04333308 0.031737957 0.05616728 0.077599786 0.09713557 0.075735345 0.043912478 0.01383868 0.00091669994 0.0029771726 -0.063154176 -0.13931116 -0.13280521 0.045061152 0.20439932 0.36985138 0.2535556 0.15658233 -0.0023124234 0.013847045 0.112886526 0.058809258 -0.18870868 -0.3980744 -0.4724164 -0.3727468 -0.20675728 -0.27030826 -0.21566723 -0.1477861
0.36691278 0.4350421 0.47973356 0.43785974 0.100151196 -0.048220135 0.18951198 0.32271582 0.5162946 0.16603722 -0.11879828 -0.27875552 -0.63232815 -0.3087501 -0.03226034 -0.06563812 -0.05033059 -0.06380311 -0.09320765 -0.119532645 -0.16650118 -0.14065373 0.1005535 0.2870466 0.39740846 0.3314808 0.15568411 -0.046140905 -0.21666436 -0.08620867 -0.008139672 0.19141805 0.23188962 0.18342717 0.059609927 -0.060277335 -0.08765953 -0.12000212 -0.15723576 -0.232789 -0.23321451 0.035352003 0.31487677 0.38388598 0.18446967 0.021301154 -0.0521444 -0.015434244 -0.062312484 -0.07081273 -0.11868986 -0.24694127 -0.27638748 -0.14247102 -0.15865713 -0.20584883 -0.0795099 0.042925384
