static/data/seaWater_vo/2023/7/23/18.asc
ncols 137
nrows 93
xllcorner 108.0
yllcorner 17.0
cellsize 0.25
NODATA_value -32767
[rows 52 to 77 of 93, columns 58 to 115 of 137]
-0.044437148 0.39527318 0.28882897 0.33433113 0.2786188 0.041236617 0.03870521 0.06543473 0.21470094 0.21378563 0.22797447 0.3485953 0.6608061 0.7476545 0.647766 0.36822358 0.28402087 0.31084353 0.2938833 -0.0071202437 0.04788121 0.16675982 0.031156333 0.03533631 -0.08029486 0.29153287 0.3253689 0.6682578 0.61317223 0.4823743 0.56899333 0.4089042 0.30711558 0.2878191 0.21834542 -0.012701205 -0.24615358 -0.40305996 -0.4669971 -0.4077219 -0.4008221 -0.37337875 -0.43326753 -0.31742844 0.08603335 0.13271613 0.0642743 0.033481143 0.13622306 0.24705662 0.10424081 -0.30858466 -0.11640577 0.1476029 0.17640062 -0.068944775 -0.08128208 -0.033676956
-0.14696184 0.2755725 0.35472068 0.3935876 0.4044586 0.18080965 0.13224119 0.33328247 0.3213986 0.13864757 0.19617724 0.53747106 0.7376123 0.6545294 0.6541992 0.41833508 0.313401 0.24745183 0.015575822 0.0345291 0.15978894 0.098084144 0.022071006 -32767.0 -0.0618229 0.2720228 0.2932548 0.48225227 0.72273505 0.59567934 0.56853586 0.36615974 0.22686821 0.22135821 0.1568344 0.0013004403 -0.24192509 -0.3470591 -0.3789501 -0.3939959 -0.45006317 -0.5134717 -0.27215782 0.01130411 0.1626695 0.21900474 0.2311488 0.1848354 0.20429571 0.2974041 0.19748937 -0.22174059 -0.1835124 0.09836245 0.13918 -0.025221681 -0.16680339 -0.05792963
0.0038920816 0.27358198 0.4112219 0.38263837 0.29602236 0.27668193 0.32542095 0.35035184 0.41886267 0.24578951 0.116945565 0.5162261 0.775399 0.60160154 0.62763405 0.43952054 0.28114784 0.09678231 -0.0326122 0.2896549 0.18608032 0.05116918 0.05501568 0.07279378 -0.038090583 0.2442775 0.36015147 0.38951266 0.578474 0.6756644 0.54300237 0.36571553 0.15199573 0.14111196 0.053364478 -0.0482384 -0.20209305 -0.29270354 -0.38162372 -0.48359135 -0.53729403 -0.33583584 -0.05019996 0.12297577 0.25160134 0.2691984 0.32036036 0.34366536 0.33817932 0.3537583 0.3326514 -0.011558206 -0.3008278 0.059796706 0.09211729 0.019697519 -0.15200491 -0.10436873
0.2129225 0.33565176 0.28912148 0.2743192 0.22192767 0.3226908 0.38405293 0.36993584 0.254929 0.26201347 0.37113556 0.6209974 0.5214048 0.36639526 0.5236862 0.3792525 0.22924995 0.13022673 0.09801866 0.10145427 -0.0460968 -32767.0 0.055132866 0.12072792 -0.11704626 0.11804661 0.2958897 0.44261956 0.39432225 0.63502574 0.5335593 0.39613253 0.115886055 0.062220015 -0.00906503 -0.091025144 -0.19725274 -0.33164325 -0.47441426 -0.54986733 -0.3500012 -0.11097573 0.0024340493 0.06484591 0.16607407 0.21491054 0.24579161 0.33942747 0.37387046 0.38391733 0.35815123 0.23052551 -0.17986771 -0.17251003 0.040696144 -0.06219739 -0.03126081 0.12192733
0.28886145 0.3275947 0.32707116 0.23302488 0.0855799 0.09796425 0.1673776 0.2185482 0.22897124 0.32258666 0.31115407 0.42634466 0.30356672 0.41447303 0.38772947 0.2198164 0.08313578 0.13747735 0.24822481 0.25854054 0.18151727 0.08257633 0.112508714 0.25569788 0.042304058 0.040249318 0.15759918 0.4433712 0.2718406 0.4842402 0.48262346 0.34890357 0.15631297 -0.021332422 -0.058706388 -0.14156535 -0.27723518 -0.41730312 -0.5174408 -0.38550678 -0.14634126 -0.081050016 0.08388118 0.18509437 0.13546042 0.11465184 0.19884306 0.29269633 0.30555823 0.33419907 0.30590847 0.27218613 0.084300615 -0.2625902 -0.12472561 -0.05148772 -0.15418243 0.057260048
0.50786144 0.7759861 0.7209841 0.3979149 0.06205044 -0.07564624 0.0047792904 0.11663735 0.11614529 0.11806502 0.18544465 0.3959126 0.41670534 0.40866572 0.17333463 -0.060009368 -0.067287154 0.072131835 0.4580265 0.36769846 0.11481536 -0.03585427 0.02242375 0.016615808 0.07829368 0.11603608 0.029689118 0.11890049 0.12611848 0.35704216 0.42007607 0.26386544 0.24619062 0.038962357 -0.10528216 -0.23276842 -0.35575196 -0.45587674 -0.40345448 -0.18655984 -0.13558356 0.011957097 0.2038005 0.37016726 0.3992038 0.24326512 0.09902045 0.27788022 0.41316068 0.24791737 0.28048745 0.26390585 0.21626365 -0.014911196 -0.262348 -0.13851975 -0.017332157 0.010230215
0.6211165 1.0346497 0.7741363 0.48469037 0.1430907 -0.06777498 -0.06256581 -0.07266375 0.01136008 0.22218601 0.38520265 0.4184521 0.3376903 0.2977516 0.11889912 -0.18598874 -0.057690028 0.18190706 0.33730835 0.23156892 0.13663703 -0.14827569 -0.2018362 -0.014035437 -0.06419776 -0.10361616 -0.11977559 -0.010337572 0.06500535 0.25529745 0.34923026 0.16813372 0.18844298 0.112686 -0.11508383 -0.27677813 -0.39611188 -0.4006103 -0.23044348 -0.11174239 -0.08098936 0.08192098 0.22061428 0.31261387 0.48417705 0.3693799 0.21506096 0.28989187 0.5369337 0.29655802 0.18973465 0.23368071 0.21916515 0.116047435 -0.07534509 -0.19482766 -0.17314614 -0.061289795
0.8352788 1.051938 0.6753333 0.37045825 0.14047873 -0.07474085 -0.1452751 0.12438405 0.32702926 0.32985225 0.35952818 0.27474388 0.11669389 0.3861898 0.18323976 -0.064593405 0.06597903 0.10560794 0.1611969 0.18066855 0.11806716 -0.11131495 -0.21918571 -0.09908826 -0.16859326 -0.20260604 -0.24282543 -0.090372115 0.07682201 0.17357323 0.30340478 0.14321008 -0.053215384 0.17594288 -0.053522352 -0.23189281 -0.32735303 -0.2781371 -0.14651285 -0.059821293 -0.03637013 0.098578565 0.26450765 0.36927986 0.44253013 0.3252101 0.2784579 0.36388057 0.5513615 0.41235536 0.125382 0.22678424 0.23463872 0.2048259 0.09011746 -0.05382616 -0.124125704 -0.12241135
1.2809135 0.86792594 0.5181353 0.16516519 -0.021564925 -0.12369186 0.27294877 0.20246291 0.38679022 0.255148 0.302793 0.09539781 0.037280455 0.4396293 0.14706829 -0.07130814 -0.040580012 0.05762971 0.21815045 0.16443792 -0.015339293 -0.17434016 -0.20948358 -0.19197215 -0.08977365 -0.13546112 -0.28518543 -0.19609672 0.05914892 0.18883406 0.28680924 0.10106715 -0.12223493 0.04994912 0.052346423 -0.12612113 -0.21925366 -0.23807031 -0.11511238 -0.0022813685 0.018420497 0.11811509 0.31171396 0.3521621 0.33558828 0.23964955 0.29091954 0.45497942 0.52260274 0.44159186 0.19769366 0.07795702 0.26151228 0.34739313 0.19191305 0.07530976 -0.06881399 -0.1185539
1.0640599 0.6887157 0.27676922 -0.066748604 -0.03703966 0.06864662 0.15617721 0.07104409 0.35673156 0.16593795 0.27141684 0.04240108 0.09863652 0.23953801 0.03419211 -0.004843401 0.17578469 0.20315318 0.23784299 0.101750255 -0.094070345 -0.2294416 -0.23457609 -0.03581506 -0.0645493 -0.11256434 -0.2697325 -0.17943119 0.098413706 0.24753653 0.16610281 0.005554849 -0.08921765 -0.19114088 -0.011385083 0.015056553 -0.080647096 -0.10371554 -0.06575068 -0.035513304 -0.013822142 0.04677468 0.14503106 0.2266678 0.24865884 0.3129512 0.35958073 0.4104006 0.3421833 0.26560184 0.14529625 -0.0278917 0.17142127 0.4756853 0.25664675 0.06293008 -0.023101376 -0.05818148
0.8561084 0.34652138 0.013058032 -0.06690675 0.16368043 0.06779214 0.019849908 0.22135277 0.3116982 0.21783453 0.27699852 0.16538112 0.10748124 0.099607125 0.018109253 0.22880219 0.22358367 0.12795231 0.1411688 0.017848177 -0.16506922 -0.26165152 -0.023330232 -0.037076827 -0.11176457 -0.14998406 -0.22512102 0.034284513 0.14543033 0.1035601 0.06254787 -0.019002948 -0.09795124 -0.19001354 -0.14348525 -0.06238365 -0.0282176 -0.020267429 0.041807078 0.06370797 0.092978485 0.16897412 0.23611292 0.24630147 0.2589799 0.2407717 0.23486267 0.2735984 0.26595357 0.19198151 0.08095762 -0.012612031 0.050921477 0.50251496 0.27807063 0.083280906 -0.10034744 -0.092719875
0.55841225 0.049813136 -0.07298833 0.09787193 0.25264552 0.20574626 0.07570319 0.20782787 0.33209282 0.22436403 0.22599667 0.2702729 0.2098065 0.053406615 -0.0077755246 0.1272656 0.1286578 0.043184645 0.036944665 -0.07561103 -0.24496417 -0.18475674 -0.059719693 -0.14317054 -0.15549326 -0.15645795 -0.00021155679 0.11290813 0.012203286 0.0393594 0.046004593 0.034764387 -0.013907184 -0.07682858 -0.11627499 -0.10936895 -0.10862931 -0.08626317 -0.06516031 -0.00425323 0.029371822 0.06919116 0.100426234 0.109977834 0.1331171 0.14727286 0.19635138 0.17270923 0.15445226 0.19861731 0.09958445 -0.04248165 -0.03605527 0.53225803 0.28148133 0.12797491 -0.10704415 -0.15813947
0.13007809 -0.18991731 0.037332073 0.08466566 0.21202302 0.2448367 0.2619122 0.3021439 0.32256737 0.288623 0.195836 0.3314873 0.29152966 0.055755507 -0.0844743 -0.027169213 0.046825733 -0.031221954 -0.06217496 -0.22321805 -0.2404683 -0.16222127 -0.23051822 -0.20345935 -0.13544971 -0.064453475 1.3124045e-05 -0.0339031 -0.017056929 0.026571594 0.08784225 0.11756596 0.12760016 0.07869193 0.05782978 0.033970878 -0.0063525224 -0.039777257 0.0002484427 0.026218874 0.04811161 0.05591529 0.05859792 0.099156246 0.14299966 0.09220342 0.056851305 0.0071524153 0.16457923 0.24500585 0.09910981 -0.08561537 -0.066473834 0.4903827 0.24737254 0.0773306 -0.09434663 -0.22859608
-0.12847905 -0.09289192 0.047997274 0.13463327 0.18824013 0.2339994 0.23354124 0.21732014 0.19589593 0.19139875 0.19385776 0.3130379 0.32494783 0.07491005 -0.0919788 0.10084121 0.0060220906 -0.022851426 -0.17471156 -0.32403827 -0.2694365 -0.350477 -0.2585339 -0.1354163 -0.058754418 -0.021896629 -0.056862228 -0.068993 0.00783607 0.04247004 0.06637576 0.117021896 0.13104707 0.12734647 0.15443921 0.1957053 0.14684233 0.064284734 0.031949237 -0.020902583 -0.0027176267 0.0037864281 0.10996112 0.11223211 0.06959557 0.0066006724 -0.053086527 0.0021141768 0.20374052 0.24892256 0.123788774 -0.1061061 -0.07257259 0.4870859 0.20013912 0.024925612 -0.1486486 -0.36092862
-0.22317861 0.09708424 0.18263678 0.23916334 0.2333588 0.25686106 0.23973846 0.1800692 0.08909635 0.07599502 0.15027823 0.27612716 0.28212073 0.0295985 -0.005501411 0.052049927 0.061097007 -0.06332013 -0.29169896 -0.31029534 -0.43022704 -0.3728262 -0.15712318 -0.03262903 0.040171452 0.030278012 0.03315425 0.032715935 -0.01721236 -0.020200633 0.048880354 0.07377483 0.04439398 0.11325226 0.1485642 0.13542879 0.11322944 0.010192011 -0.0041948697 0.033918936 -0.011406538 -0.04370618 0.13679612 0.25912753 0.23086281 0.12908228 0.023663174 0.086432286 0.17015973 0.11362507 0.09844402 -0.09280978 -0.02786718 0.37374952 0.13719174 -0.057993475 -0.26932296 -0.30841905
-0.20849116 0.3709098 0.4110883 0.22453944 0.2863063 0.28210327 0.25375926 0.19081084 0.09619546 0.03965087 0.09374156 0.18913585 0.17964141 -0.052516207 0.014564332 0.03321765 0.076952785 -0.11937149 -0.2708764 -0.4291699 -0.50735426 -0.27667123 -0.058370117 0.038650844 -0.0047155702 -0.04924957 -0.008404033 0.0019275228 -0.0252369 -0.015750378 0.010099036 0.030521996 0.046350285 0.052205093 0.06907915 0.13875212 0.1718495 0.11897389 0.05618004 0.0028645422 -0.02512622 0.07395285 0.25885317 0.33491567 0.30006307 0.25793877 0.18091229 0.09938532 0.025742665 -0.055549353 -0.14066902 -0.13524291 0.0056570913 0.21693172 -0.057835355 -0.23415719 -0.32288557 0.004762586
-0.22758634 0.32756177 0.2954898 0.26027057 0.28313962 0.31712884 0.3521879 0.29355827 0.1727339 0.11957263 0.113505006 0.12477899 0.06427628 -0.12634444 0.017595863 0.035063647 0.039514005 -0.18427944 -0.37218323 -0.6176503 -0.45475495 -0.21778345 0.1267777 0.2462021 0.028085586 -0.01981449 0.054559555 -0.02252816 -0.0071372036 -0.030539256 -0.014766861 -0.065814294 0.028911948 0.15050615 0.12424958 0.1211769 0.14279015 0.18707052 -0.014211077 -0.022069387 -0.030575315 0.0013665505 0.18160364 0.3504223 0.41659877 0.42135745 0.29955608 0.1853675 0.03095277 -0.09438836 -0.193381 -0.20586787 -0.04595456 0.0020297095 -0.32892686 -0.38180944 -0.23869301 0.02667113
-0.117124386 0.076655485 0.11737931 0.2331817 0.26664338 0.36872825 0.4207656 0.36473274 0.2443424 0.21465093 0.17186187 0.14634424 -0.02637033 -0.23714587 0.006448859 0.03498794 -0.0049545406 -0.23161203 -0.52329046 -0.610704 -0.4027856 -0.15534714 0.33110052 0.4649948 0.12777312 0.08067705 0.13971601 0.06981282 -0.028452434 -0.033915166 -0.07027706 -0.054305036 0.0936092 0.11870923 0.08770189 0.012682462 0.1052495 0.16190301 0.110603616 -0.015964415 0.04694868 -0.089254 0.09674022 0.37042052 0.50787425 0.45398408 0.33728978 0.26163697 0.11981251 -0.031840216 -0.18186182 -0.24393365 -0.19736016 -0.26855594 -0.5320135 -0.46497753 -0.1349116 -0.05850733
0.03904295 -0.16264145 -0.0013295801 0.11560986 0.2521135 0.48409015 0.5536704 0.47345376 0.37614435 0.29046044 0.10736082 0.036689464 -0.15534194 -0.353838 -0.005867592 -0.007541486 -0.041461844 -0.32735577 -0.5881292 -0.49564984 -0.30102152 -0.005627058 0.37066635 0.44257054 0.15185909 0.21389578 0.16957131 0.1251865 -0.012059368 -0.04914048 -0.05417924 0.029538548 0.11046085 -0.0035964614 0.020143485 0.01348068 0.0032241743 0.068776324 0.12094251 0.039528094 0.01335285 -0.11262249 -0.009446958 0.3921463 0.54231524 0.4558432 0.35046288 0.34119257 0.1988977 0.012792867 -0.15917163 -0.25959086 -0.32565698 -0.4856208 -0.61391807 -0.468765 -0.05845739 -0.14929344
-0.010945135 -0.30584696 -0.078300565 -0.012179786 0.18617482 0.5521154 0.6769461 0.54952514 0.5176242 0.34637523 0.06734942 -0.11981179 -0.31619093 -0.4066431 -0.025063686 -0.036353894 -0.09412572 -0.3691638 -0.5398632 -0.3976196 -0.18459985 0.08853345 0.3341958 0.29988316 0.13473119 0.24517448 0.21670589 0.18552716 0.030787233 -0.0601393 -0.04391102 0.028344644 0.0051180096 -0.029417098 -0.032814167 -0.041548472 0.04626825 0.06870047 0.04390013 0.04162915 0.010100797 -0.037259135 -0.010708009 0.38422173 0.51817083 0.4109891 0.2827923 0.39213756 0.24197458 0.02747419 -0.17349507 -0.30087444 -0.42701358 -0.63949645 -0.58797973 -0.32706898 -0.0893309 -0.15548849
0.08350199 -0.099184506 -0.092507474 0.034705866 0.14541261 0.40585816 0.6107611 0.49042115 0.57575005 0.3162909 -0.0068313754 -0.17855434 -0.4576583 -0.34056255 -0.042750683 -0.08044201 -0.11565299 -0.2602054 -0.4050458 -0.3393412 -0.113866664 0.08434325 0.15376636 0.072720364 0.2321983 0.2854712 0.234648 0.11035651 0.07588807 -0.031734865 0.021502037 0.093993485 0.07595455 -0.00096339243 -0.03608636 -0.050107118 0.016827868 0.032922536 0.019908937 -0.07083058 0.01031029 0.027766688 0.14701419 0.3733906 0.40295604 0.27807665 0.14579529 0.25374797 0.27309215 0.038678456 -0.17565508 -0.3391744 -0.487552 -0.5657106 -0.40793845 -0.13156821 -0.13064384 -0.12932327
0.2178708 0.2506612 0.20786655 0.17583822 0.09951603 0.14789078 0.32609347 0.3306497 0.537395 0.23002191 -0.069211654 -0.23474996 -0.5688869 -0.22102685 -0.0542389 -0.10590128 -0.09834073 -0.14422464 -0.19920531 -0.18884817 -0.10373955 -0.024865748 0.005905093 0.2588463 0.3802106 0.37404153 0.24951571 0.035153817 -0.05286474 -0.035370227 0.0009864486 0.11617415 0.17299269 0.17239474 0.09314571 0.016573727 0.0440677 0.022074115 0.003001273 -0.081040986 -0.056717273 0.11707361 0.24468984 0.38285133 0.3013643 0.1863775 0.02494918 0.05179168 0.19679339 0.081707835 -0.12582195 -0.32648888 -0.42652968 -0.31255618 -0.1430604 -0.16624045 -0.13912806 -0.08727984
0.406219 0.44450176 0.46319804 0.4485046 0.14589804 -0.10081321 0.0713945 0.3001112 0.47830966 0.12831602 -0.11310216 -0.32465845 -0.6046148 -0.18826863 -0.09117159 -0.100130096 -0.100732505 -0.102364555 -0.124289736 -0.13509122 -0.13266653 -0.052246388 0.23009339 0.4213579 0.45325214 0.35329962 0.20457526 0.019942956 -0.17267223 -0.11127718 -0.01655793 0.2042453 0.24143171 0.19627741 0.114156865 0.039551985 0.07367574 0.044201814 -0.03374894 -0.12399609 -0.12031308 0.12325957 0.3262301 0.40845838 0.23182675 0.1237102 0.013479854 0.03382831 -0.042305835 -0.0035352653 -0.107830524 -0.2604219 -0.25417638 -0.09529356 -0.116933934 -0.14670043 -0.027451739 0.05425589
0.38509405 0.42576846 0.63843507 0.64401793 0.27328813 -0.15990493 -0.11747321 0.27719125 0.3664866 0.0049959333 -0.19104773 -0.3480985 -0.60917497 -0.27758718 -0.10371529 -0.099895224 -0.031467836 -0.028047414 -0.04851537 -0.046486482 -0.015163755 0.17729142 0.37577423 0.45976824 0.41535392 0.28144404 0.107480854 -0.02299268 -0.13687094 -0.19294429 -0.00052067 0.2769378 0.29695156 0.27399543 0.11597162 -0.034499 -0.10051845 -0.058922727 -0.10944129 -0.16958712 -0.2358593 0.012673353 0.35675055 0.4414534 0.17759797 0.05872951 -0.022941772 0.016013486 -0.06181524 -0.14956547 -0.1566015 -0.2080292 -0.14255041 -0.078060664 -0.06021351 -0.016259868 0.06515934 0.15772857
0.32825807 0.31733778 0.47944424 0.5364737 0.24878153 -0.131789 -0.030638685 0.3016422 0.17333485 -0.04984133 -0.22386876 -0.3133068 -0.5589674 -0.45126116 -0.17979386 -0.07782978 0.16909224 0.24121538 0.21766862 0.20867975 0.22550775 0.29018483 0.32373738 0.3119628 0.2417207 0.17829049 0.06710189 -0.026750173 -0.09398089 -0.06530606 0.020768115 0.18116991 0.33536747 0.2438499 -0.011201861 -0.1598773 -0.18521243 -0.117514096 -0.13818717 -0.17554305 -0.1900872 -0.02825205 0.31298754 0.45003825 0.106350176 0.023338236 -0.08438229 -0.15311897 0.09025227 0.0676597 -0.09592798 -0.17878915 -0.19861461 -0.10760417 -0.01926615 0.1061045 0.22323433 0.31285462
0.29462448 0.26968953 0.26955098 0.28494582 0.14936246 0.012470277 0.163478 0.20969428 0.008966758 -0.10071836 -0.22571537 -0.28290585 -0.46904036 -0.47931924 -0.27102414 0.15042976 0.41194305 0.4115832 0.3654875 0.29199475 0.2675503 0.2437373 0.21546729 0.15529598 0.08285023 0.079007275 0.062596194 -0.019465337 -0.0018609104 0.01644979 0.11766137 0.26986584 0.19497538 0.08464708 -0.07800261 -0.19603178 -0.18533072 -0.13724226 -0.12101761 -0.17176224 -0.18604355 -0.06391327 0.21109 0.40620247 0.0761544 -0.012320679 -0.15316094 -0.16839881 0.15655755 0.16941498 0.025040226 -0.076668166 -0.08240985 -0.04376071 0.040438596 0.16607034 0.2805067 0.31126237
