static/data/thetao/2023/7/8/0.asc
ncols 137
nrows 93
xllcorner 108.0
yllcorner 17.0
cellsize 0.25
NODATA_value -32767
[rows 54 to 80 of 93, columns 0 to 60 of 137]
-32767.0 -32767.0 -32767.0 -32767.0 -32767.0 -32767.0 -32767.0 -32767.0 -32767.0 -32767.0 -32767.0 -32767.0 -32767.0 -32767.0 -32767.0 -32767.0 -32767.0 -32767.0 -32767.0 -32767.0 -32767.0 -32767.0 -32767.0 -32767.0 -32767.0 -32767.0 -32767.0 -32767.0 -32767.0 -32767.0 -32767.0 -32767.0 -32767.0 -32767.0 -32767.0 -32767.0 -32767.0 -32767.0 -32767.0 -32767.0 -32767.0 -32767.0 -32767.0 -32767.0 -32767.0 -32767.0 -32767.0 -32767.0 24.99557 24.649046 23.895819 25.238619 26.695478 27.356892 27.647058 28.99384 29.49438 29.07242 29.127293 29.336075 29.183289
-32767.0 -32767.0 -32767.0 -32767.0 -32767.0 -32767.0 -32767.0 -32767.0 -32767.0 -32767.0 -32767.0 -32767.0 -32767.0 -32767.0 -32767.0 -32767.0 -32767.0 -32767.0 -32767.0 -32767.0 -32767.0 -32767.0 -32767.0 -32767.0 -32767.0 -32767.0 -32767.0 -32767.0 -32767.0 -32767.0 -32767.0 -32767.0 -32767.0 -32767.0 -32767.0 -32767.0 -32767.0 -32767.0 -32767.0 -32767.0 -32767.0 -32767.0 -32767.0 -32767.0 -32767.0 -32767.0 -32767.0 29.952353 -32767.0 24.008106 24.706953 25.995533 27.222958 28.324598 29.46171 29.662846 29.129492 29.187223 29.35767 29.335373 29.230732
-32767.0 -32767.0 -32767.0 -32767.0 -32767.0 -32767.0 -32767.0 -32767.0 -32767.0 -32767.0 -32767.0 -32767.0 -32767.0 -32767.0 -32767.0 -32767.0 -32767.0 -32767.0 -32767.0 -32767.0 -32767.0 -32767.0 -32767.0 -32767.0 -32767.0 -32767.0 -32767.0 -32767.0 -32767.0 -32767.0 -32767.0 -32767.0 -32767.0 -32767.0 -32767.0 -32767.0 -32767.0 -32767.0 -32767.0 -32767.0 -32767.0 -32767.0 -32767.0 -32767.0 -32767.0 -32767.0 -32767.0 28.978582 24.094017 24.24223 25.75701 27.198988 27.8627 29.302835 29.80658 29.309986 29.227367 29.188366 29.503267 29.921741 30.147669
-32767.0 -32767.0 -32767.0 -32767.0 -32767.0 -32767.0 -32767.0 -32767.0 -32767.0 -32767.0 -32767.0 -32767.0 -32767.0 -32767.0 -32767.0 -32767.0 -32767.0 -32767.0 -32767.0 -32767.0 -32767.0 -32767.0 -32767.0 -32767.0 -32767.0 -32767.0 -32767.0 -32767.0 -32767.0 -32767.0 -32767.0 -32767.0 -32767.0 -32767.0 -32767.0 -32767.0 -32767.0 -32767.0 -32767.0 -32767.0 -32767.0 -32767.0 -32767.0 -32767.0 -32767.0 -32767.0 -32767.0 28.608524 24.10198 24.917454 26.656801 28.09283 28.326239 29.779333 29.260666 28.334139 29.237965 30.032982 29.995762 30.067852 29.971064
-32767.0 -32767.0 -32767.0 -32767.0 -32767.0 -32767.0 -32767.0 -32767.0 -32767.0 -32767.0 -32767.0 -32767.0 -32767.0 -32767.0 -32767.0 -32767.0 -32767.0 -32767.0 -32767.0 -32767.0 -32767.0 -32767.0 -32767.0 -32767.0 -32767.0 -32767.0 -32767.0 -32767.0 -32767.0 -32767.0 -32767.0 -32767.0 -32767.0 -32767.0 -32767.0 -32767.0 -32767.0 -32767.0 -32767.0 -32767.0 -32767.0 -32767.0 -32767.0 -32767.0 -32767.0 30.415602 -32767.0 27.718607 23.988968 25.89757 27.155449 28.44736 28.521612 29.82168 29.05413 28.608938 29.200386 30.18564 30.086153 30.11642 30.02754
-32767.0 -32767.0 -32767.0 -32767.0 -32767.0 -32767.0 -32767.0 -32767.0 -32767.0 -32767.0 -32767.0 -32767.0 -32767.0 -32767.0 -32767.0 -32767.0 -32767.0 -32767.0 -32767.0 -32767.0 -32767.0 -32767.0 -32767.0 -32767.0 -32767.0 -32767.0 -32767.0 -32767.0 -32767.0 -32767.0 -32767.0 -32767.0 -32767.0 -32767.0 -32767.0 -32767.0 -32767.0 -32767.0 -32767.0 -32767.0 -32767.0 -32767.0 -32767.0 -32767.0 -32767.0 -32767.0 27.067463 24.641304 24.911535 26.212143 27.349796 28.038746 29.03059 29.395363 29.640282 29.532616 29.343801 29.810747 30.21287 30.170233 30.159018
-32767.0 -32767.0 -32767.0 -32767.0 -32767.0 -32767.0 -32767.0 -32767.0 -32767.0 -32767.0 -32767.0 -32767.0 -32767.0 -32767.0 -32767.0 -32767.0 -32767.0 -32767.0 -32767.0 -32767.0 -32767.0 -32767.0 -32767.0 -32767.0 -32767.0 -32767.0 -32767.0 -32767.0 -32767.0 -32767.0 -32767.0 -32767.0 -32767.0 -32767.0 -32767.0 -32767.0 -32767.0 -32767.0 -32767.0 -32767.0 -32767.0 -32767.0 -32767.0 -32767.0 28.479181 26.28162 24.780394 24.612762 27.2323 27.695415 27.527327 28.209976 -32767.0 -32767.0 -32767.0 -32767.0 30.324492 30.037683 30.179 30.452814 30.40072
-32767.0 -32767.0 -32767.0 -32767.0 -32767.0 -32767.0 -32767.0 -32767.0 -32767.0 -32767.0 -32767.0 -32767.0 -32767.0 -32767.0 -32767.0 -32767.0 -32767.0 -32767.0 -32767.0 -32767.0 -32767.0 -32767.0 -32767.0 -32767.0 -32767.0 -32767.0 -32767.0 -32767.0 -32767.0 -32767.0 -32767.0 -32767.0 -32767.0 -32767.0 -32767.0 -32767.0 -32767.0 -32767.0 -32767.0 -32767.0 -32767.0 -32767.0 -32767.0 26.13005 25.029442 24.671768 26.61058 26.961975 28.191545 28.00461 28.443415 28.919247 -32767.0 -32767.0 -32767.0 -32767.0 30.098907 29.900469 30.229315 30.349274 30.193493
-32767.0 -32767.0 -32767.0 -32767.0 -32767.0 -32767.0 -32767.0 -32767.0 -32767.0 -32767.0 -32767.0 -32767.0 -32767.0 -32767.0 -32767.0 -32767.0 -32767.0 -32767.0 -32767.0 -32767.0 -32767.0 -32767.0 -32767.0 -32767.0 -32767.0 -32767.0 -32767.0 -32767.0 -32767.0 -32767.0 -32767.0 -32767.0 -32767.0 -32767.0 -32767.0 -32767.0 -32767.0 -32767.0 -32767.0 -32767.0 -32767.0 28.872013 28.97376 24.6711 25.689018 26.171555 27.707436 27.832815 28.625212 28.35775 28.87399 -32767.0 -32767.0 -32767.0 -32767.0 -32767.0 30.038103 30.154594 30.279352 30.102314 29.636164
-32767.0 -32767.0 -32767.0 -32767.0 -32767.0 -32767.0 -32767.0 -32767.0 -32767.0 -32767.0 -32767.0 -32767.0 -32767.0 -32767.0 -32767.0 -32767.0 -32767.0 -32767.0 -32767.0 -32767.0 -32767.0 -32767.0 -32767.0 -32767.0 -32767.0 -32767.0 -32767.0 -32767.0 -32767.0 -32767.0 -32767.0 -32767.0 -32767.0 -32767.0 -32767.0 -32767.0 -32767.0 -32767.0 -32767.0 -32767.0 -32767.0 27.01639 25.090223 24.948315 26.121656 29.306322 29.12328 28.633467 27.926033 27.580023 30.656225 -32767.0 -32767.0 -32767.0 -32767.0 29.513338 30.06402 30.197832 30.128145 30.015087 29.604567
-32767.0 -32767.0 -32767.0 -32767.0 -32767.0 -32767.0 -32767.0 -32767.0 -32767.0 -32767.0 -32767.0 -32767.0 -32767.0 -32767.0 -32767.0 -32767.0 -32767.0 -32767.0 -32767.0 -32767.0 -32767.0 -32767.0 -32767.0 -32767.0 -32767.0 -32767.0 -32767.0 -32767.0 -32767.0 -32767.0 -32767.0 -32767.0 -32767.0 -32767.0 -32767.0 -32767.0 -32767.0 -32767.0 -32767.0 27.925665 25.898848 24.955894 24.175797 26.418964 28.423983 29.640789 28.69661 28.687685 29.52399 30.96726 -32767.0 -32767.0 -32767.0 -32767.0 -32767.0 29.195074 29.90618 29.90502 30.051977 29.72523 29.485466
-32767.0 -32767.0 -32767.0 -32767.0 -32767.0 -32767.0 -32767.0 -32767.0 -32767.0 -32767.0 -32767.0 -32767.0 -32767.0 -32767.0 -32767.0 -32767.0 -32767.0 -32767.0 -32767.0 -32767.0 -32767.0 -32767.0 -32767.0 -32767.0 -32767.0 -32767.0 -32767.0 -32767.0 -32767.0 -32767.0 -32767.0 -32767.0 -32767.0 -32767.0 -32767.0 -32767.0 -32767.0 -32767.0 26.282103 24.644339 23.662752 23.725544 24.758957 28.606167 29.507353 29.797298 28.70379 29.215658 30.471708 30.914547 -32767.0 -32767.0 -32767.0 -32767.0 -32767.0 29.55238 29.854256 29.930632 29.674768 29.329567 29.52339
-32767.0 -32767.0 -32767.0 -32767.0 -32767.0 -32767.0 -32767.0 -32767.0 -32767.0 -32767.0 -32767.0 -32767.0 -32767.0 -32767.0 -32767.0 -32767.0 -32767.0 -32767.0 -32767.0 -32767.0 -32767.0 -32767.0 -32767.0 -32767.0 -32767.0 -32767.0 -32767.0 -32767.0 -32767.0 -32767.0 -32767.0 -32767.0 -32767.0 -32767.0 -32767.0 -32767.0 26.060942 24.226704 22.9669 23.348104 24.33621 25.852112 28.395882 29.279692 30.17821 27.777824 -32767.0 29.740608 30.351488 -32767.0 -32767.0 -32767.0 -32767.0 -32767.0 29.030111 29.865585 29.736101 29.584871 29.080149 28.87057 29.51772
-32767.0 -32767.0 -32767.0 -32767.0 -32767.0 -32767.0 -32767.0 -32767.0 -32767.0 -32767.0 -32767.0 -32767.0 -32767.0 -32767.0 -32767.0 -32767.0 -32767.0 -32767.0 -32767.0 -32767.0 -32767.0 -32767.0 -32767.0 -32767.0 -32767.0 -32767.0 -32767.0 -32767.0 -32767.0 -32767.0 -32767.0 -32767.0 -32767.0 -32767.0 -32767.0 24.859402 22.977783 22.998232 24.560564 24.940987 26.501265 27.967714 28.977842 29.528486 28.459387 28.553892 -32767.0 30.569977 30.319092 -32767.0 -32767.0 -32767.0 -32767.0 -32767.0 29.65745 29.879917 29.369385 29.427738 29.003687 28.620419 29.393663
-32767.0 -32767.0 -32767.0 -32767.0 -32767.0 -32767.0 -32767.0 -32767.0 -32767.0 -32767.0 -32767.0 -32767.0 -32767.0 -32767.0 -32767.0 -32767.0 -32767.0 -32767.0 -32767.0 -32767.0 -32767.0 -32767.0 -32767.0 -32767.0 -32767.0 -32767.0 -32767.0 -32767.0 -32767.0 -32767.0 -32767.0 -32767.0 -32767.0 -32767.0 -32767.0 23.958366 24.675205 26.136002 27.255041 27.543837 27.59065 28.566727 27.974237 22.595596 20.177027 23.503927 29.233265 30.660908 30.475891 -32767.0 -32767.0 -32767.0 -32767.0 -32767.0 29.829391 29.703197 29.21861 29.35758 29.094908 28.727074 29.19023
-32767.0 -32767.0 -32767.0 -32767.0 -32767.0 -32767.0 -32767.0 -32767.0 -32767.0 -32767.0 -32767.0 -32767.0 -32767.0 -32767.0 -32767.0 -32767.0 -32767.0 -32767.0 -32767.0 -32767.0 -32767.0 -32767.0 -32767.0 -32767.0 -32767.0 -32767.0 -32767.0 30.967484 -32767.0 28.501495 -32767.0 26.224169 26.135933 25.394075 25.743486 26.146555 26.480324 27.290241 27.991978 28.798294 29.557753 27.566525 28.95088 24.6152 27.706982 29.535727 30.795008 30.657778 30.37817 -32767.0 -32767.0 -32767.0 -32767.0 27.807762 29.723637 29.721323 29.44731 29.408014 29.508144 29.107853 28.994057
-32767.0 -32767.0 -32767.0 -32767.0 -32767.0 -32767.0 -32767.0 -32767.0 -32767.0 -32767.0 -32767.0 -32767.0 -32767.0 -32767.0 -32767.0 -32767.0 -32767.0 -32767.0 -32767.0 -32767.0 -32767.0 -32767.0 -32767.0 31.270891 -32767.0 -32767.0 25.294348 25.651783 26.490547 26.78965 26.981321 27.233822 27.330313 27.408289 27.541952 27.849962 28.559792 28.778605 29.232048 29.613256 29.653667 29.464714 29.977686 30.233097 30.419708 30.137434 30.196043 30.169937 30.26783 30.454113 -32767.0 -32767.0 28.573444 27.303812 28.933016 29.140162 29.555218 29.63474 29.941305 29.325127 29.069258
-32767.0 -32767.0 -32767.0 -32767.0 -32767.0 -32767.0 -32767.0 -32767.0 -32767.0 -32767.0 -32767.0 -32767.0 -32767.0 -32767.0 -32767.0 -32767.0 -32767.0 -32767.0 -32767.0 -32767.0 -32767.0 -32767.0 -32767.0 31.332323 31.290787 27.888033 27.20178 28.012556 28.484905 28.586555 28.92482 29.1748 29.203566 29.208822 29.204075 29.393589 29.660856 29.742739 30.026657 30.015408 30.07815 30.111795 30.017567 30.124254 30.14581 30.196795 30.164665 30.286627 30.28034 30.35827 30.209707 -32767.0 28.338696 27.249973 29.157646 29.399632 29.541891 30.007633 30.078972 29.416794 29.175632
-32767.0 -32767.0 -32767.0 -32767.0 -32767.0 -32767.0 -32767.0 -32767.0 -32767.0 -32767.0 -32767.0 -32767.0 -32767.0 -32767.0 -32767.0 -32767.0 -32767.0 -32767.0 -32767.0 -32767.0 31.846024 30.989946 29.921736 28.757723 27.048649 -32767.0 28.161324 28.314072 29.422432 30.01742 30.202402 30.172167 30.171686 30.164007 30.168856 30.104023 30.079197 30.071712 30.04185 30.00896 30.027418 30.098938 30.123276 30.185501 30.254246 30.271263 30.301004 30.345388 30.362032 30.339342 30.27339 -32767.0 28.137518 28.254309 29.809593 29.786007 30.136705 30.136444 29.741516 29.190641 29.287825
-32767.0 -32767.0 31.390873 -32767.0 -32767.0 -32767.0 -32767.0 -32767.0 -32767.0 -32767.0 -32767.0 -32767.0 -32767.0 -32767.0 -32767.0 -32767.0 31.463642 -32767.0 30.895956 31.213282 28.954723 27.328829 27.82498 28.619232 29.229511 29.60294 29.388823 29.964329 30.010391 30.025564 30.076948 30.117874 30.079256 30.056652 30.105927 30.165106 30.195318 30.1906 30.149378 30.128149 30.151985 30.185623 30.203953 30.24374 30.333204 30.342243 30.35743 30.394066 30.397573 30.316717 30.419285 30.2818 30.329136 30.487463 30.391886 30.234035 29.993517 29.905296 29.73048 29.509106 29.23598
-32767.0 31.063349 31.209902 31.16062 31.383461 -32767.0 32.20452 32.009426 -32767.0 -32767.0 -32767.0 -32767.0 -32767.0 31.714993 31.158878 29.829601 28.685894 28.515104 28.580736 28.45009 29.035637 29.18287 29.454107 29.65124 29.607473 29.795807 29.886675 29.91554 29.96635 29.991388 29.99429 29.99673 30.033335 30.072826 30.097929 30.134466 30.159594 30.147057 30.14505 30.171125 30.19737 30.18419 30.263927 30.344429 30.360035 30.445253 30.599384 30.49473 30.496979 30.587887 30.426132 30.375158 30.375774 30.393711 30.282234 30.112858 29.873638 29.795488 29.666853 29.54322 29.24556
30.77228 29.40647 29.80768 30.466255 31.00307 31.30705 31.758652 32.11439 -32767.0 -32767.0 -32767.0 30.94578 29.775337 28.574465 28.579943 28.861137 28.917719 29.014095 29.220123 29.347685 29.375008 29.322617 29.310272 29.362528 29.474192 29.515156 29.63841 29.73669 29.878462 29.961294 29.984848 29.967068 29.959906 30.039274 30.100046 30.187881 30.210873 30.196548 30.200323 30.16996 30.12342 30.252844 30.304243 30.418879 30.479382 30.6498 30.59381 30.59053 30.588453 30.569115 30.472105 30.46266 30.36798 30.292719 29.944756 29.70668 29.71783 29.75093 29.626884 29.408531 29.190533
28.673643 29.567009 29.680193 29.727274 30.069603 30.732256 31.698347 -32767.0 -32767.0 31.688944 -32767.0 26.230558 28.246214 28.867039 28.893215 29.007433 29.087059 29.129206 29.110346 29.058777 28.934202 29.009007 29.196285 29.299831 29.459436 29.548838 29.599874 29.871052 29.953598 30.003292 29.981005 30.002039 30.082777 30.116539 30.187057 30.181978 30.12151 30.008495 30.001078 30.168385 30.28723 30.25707 30.336332 30.426361 30.538052 30.565863 30.587902 30.54528 30.591381 30.688532 30.468977 30.351439 30.247103 30.048985 30.144276 29.85918 29.752409 29.595049 29.43795 29.300005 29.557026
30.04275 30.063677 30.166206 30.279768 30.322067 30.645153 31.650587 32.34553 -32767.0 -32767.0 30.989319 28.407585 28.825205 28.823872 29.014935 29.149803 29.29049 29.175232 29.024845 29.010784 29.31515 29.444996 29.41363 29.504278 29.792845 29.864761 29.921787 29.916224 29.977858 30.015884 30.027712 30.136791 30.053734 30.119596 30.15953 30.30102 30.171917 30.017141 30.174715 30.362251 30.45804 30.312075 30.371105 30.42609 30.566858 30.508772 30.47085 30.476995 30.57293 30.701359 30.696295 30.649298 30.661072 30.531225 30.36209 30.116993 29.704681 29.517992 29.369246 29.48602 29.547436
29.874529 29.946548 30.154053 30.32911 30.486862 30.702518 30.905455 31.766705 -32767.0 -32767.0 30.813307 30.590982 29.573265 29.120287 29.138784 28.76925 28.748938 28.880806 29.042278 29.229137 29.143421 29.057028 29.43898 29.944355 30.056738 30.014679 29.968073 29.909159 29.947882 30.033504 30.143982 30.173716 30.100643 30.139524 30.138369 30.053331 30.100359 30.09488 30.200565 30.43487 30.443447 30.314869 30.38359 30.543016 30.580368 30.505598 30.541773 30.660244 30.60013 30.583776 30.61948 30.683607 30.690413 30.410149 30.497871 30.369864 -32767.0 29.924757 29.49263 29.5138 29.53626
29.60251 29.775705 30.049528 30.385544 30.690395 30.782156 30.821642 31.077639 31.27882 31.139462 30.785336 30.631676 29.984661 29.536324 28.219088 26.975176 26.89925 27.11936 27.501905 27.965351 28.46348 28.892115 29.906033 30.075378 29.970985 29.924515 29.918612 29.894625 30.032595 30.19293 30.22549 30.221106 30.201582 30.126648 30.121874 30.072386 30.055975 30.12268 30.12004 30.370735 30.461823 30.442947 30.509714 30.626055 30.523178 30.529518 30.8808 30.794544 30.793894 30.70072 30.758064 30.840788 30.802286 30.632154 30.618649 30.664698 30.780006 30.696775 29.807678 29.566992 29.605257
29.754694 29.749025 29.831686 30.155264 30.589458 30.913109 31.110865 31.46201 31.252855 -32767.0 -32767.0 -32767.0 29.612646 28.350636 25.92846 26.495043 27.231905 27.72807 27.949572 28.703386 29.324314 29.347301 30.048788 30.03086 29.934038 29.907953 29.896553 29.92884 30.213408 30.284082 30.295628 30.313526 30.328722 30.304148 30.19684 30.123886 30.073717 30.125532 30.218641 30.247503 30.399157 30.482197 30.495457 30.458918 30.46494 30.619854 30.961458 30.942566 30.961857 30.97204 30.882513 30.866692 30.808222 30.750628 30.766603 30.746723 30.7249 30.743412 30.562117 29.647701 29.693438
