static/data/thetao/2023/7/8/12.asc
ncols 137
nrows 93
xllcorner 108.0
yllcorner 17.0
cellsize 0.25
NODATA_value -32767
[rows 54 to 80 of 93, columns 0 to 60 of 137]
-32767.0 -32767.0 -32767.0 -32767.0 -32767.0 -32767.0 -32767.0 -32767.0 -32767.0 -32767.0 -32767.0 -32767.0 -32767.0 -32767.0 -32767.0 -32767.0 -32767.0 -32767.0 -32767.0 -32767.0 -32767.0 -32767.0 -32767.0 -32767.0 -32767.0 -32767.0 -32767.0 -32767.0 -32767.0 -32767.0 -32767.0 -32767.0 -32767.0 -32767.0 -32767.0 -32767.0 -32767.0 -32767.0 -32767.0 -32767.0 -32767.0 -32767.0 -32767.0 -32767.0 -32767.0 -32767.0 -32767.0 -32767.0 25.297192 24.851435 23.912134 25.4351 26.428545 27.877865 28.190878 28.784262 29.59105 29.598162 29.066996 29.4525 29.31026
-32767.0 -32767.0 -32767.0 -32767.0 -32767.0 -32767.0 -32767.0 -32767.0 -32767.0 -32767.0 -32767.0 -32767.0 -32767.0 -32767.0 -32767.0 -32767.0 -32767.0 -32767.0 -32767.0 -32767.0 -32767.0 -32767.0 -32767.0 -32767.0 -32767.0 -32767.0 -32767.0 -32767.0 -32767.0 -32767.0 -32767.0 -32767.0 -32767.0 -32767.0 -32767.0 -32767.0 -32767.0 -32767.0 -32767.0 -32767.0 -32767.0 -32767.0 -32767.0 -32767.0 -32767.0 -32767.0 -32767.0 30.31869 -32767.0 24.225304 24.89106 26.783846 27.277256 28.313253 29.44851 29.769804 29.272148 29.238144 29.419184 29.490034 29.407104
-32767.0 -32767.0 -32767.0 -32767.0 -32767.0 -32767.0 -32767.0 -32767.0 -32767.0 -32767.0 -32767.0 -32767.0 -32767.0 -32767.0 -32767.0 -32767.0 -32767.0 -32767.0 -32767.0 -32767.0 -32767.0 -32767.0 -32767.0 -32767.0 -32767.0 -32767.0 -32767.0 -32767.0 -32767.0 -32767.0 -32767.0 -32767.0 -32767.0 -32767.0 -32767.0 -32767.0 -32767.0 -32767.0 -32767.0 -32767.0 -32767.0 -32767.0 -32767.0 -32767.0 -32767.0 -32767.0 -32767.0 29.624117 24.320982 24.452526 26.258614 27.94106 28.003721 29.452871 29.863997 29.390417 29.264055 29.29745 29.716246 29.920835 30.149155
-32767.0 -32767.0 -32767.0 -32767.0 -32767.0 -32767.0 -32767.0 -32767.0 -32767.0 -32767.0 -32767.0 -32767.0 -32767.0 -32767.0 -32767.0 -32767.0 -32767.0 -32767.0 -32767.0 -32767.0 -32767.0 -32767.0 -32767.0 -32767.0 -32767.0 -32767.0 -32767.0 -32767.0 -32767.0 -32767.0 -32767.0 -32767.0 -32767.0 -32767.0 -32767.0 -32767.0 -32767.0 -32767.0 -32767.0 -32767.0 -32767.0 -32767.0 -32767.0 -32767.0 -32767.0 -32767.0 -32767.0 28.844435 24.28533 25.185347 26.900032 28.13294 28.432236 29.86913 29.412432 28.484543 29.447632 30.270193 30.369848 30.412567 30.29549
-32767.0 -32767.0 -32767.0 -32767.0 -32767.0 -32767.0 -32767.0 -32767.0 -32767.0 -32767.0 -32767.0 -32767.0 -32767.0 -32767.0 -32767.0 -32767.0 -32767.0 -32767.0 -32767.0 -32767.0 -32767.0 -32767.0 -32767.0 -32767.0 -32767.0 -32767.0 -32767.0 -32767.0 -32767.0 -32767.0 -32767.0 -32767.0 -32767.0 -32767.0 -32767.0 -32767.0 -32767.0 -32767.0 -32767.0 -32767.0 -32767.0 -32767.0 -32767.0 -32767.0 -32767.0 30.75348 -32767.0 28.16762 24.21166 25.4366 27.193651 28.351221 28.913794 29.805279 28.9965 28.586496 30.522915 30.72122 30.33056 30.405224 30.28238
-32767.0 -32767.0 -32767.0 -32767.0 -32767.0 -32767.0 -32767.0 -32767.0 -32767.0 -32767.0 -32767.0 -32767.0 -32767.0 -32767.0 -32767.0 -32767.0 -32767.0 -32767.0 -32767.0 -32767.0 -32767.0 -32767.0 -32767.0 -32767.0 -32767.0 -32767.0 -32767.0 -32767.0 -32767.0 -32767.0 -32767.0 -32767.0 -32767.0 -32767.0 -32767.0 -32767.0 -32767.0 -32767.0 -32767.0 -32767.0 -32767.0 -32767.0 -32767.0 -32767.0 -32767.0 -32767.0 27.38546 25.006119 25.025276 26.601074 27.164051 27.934303 29.042334 29.392786 29.728949 29.78862 29.810877 30.472925 30.45556 30.665731 30.531755
-32767.0 -32767.0 -32767.0 -32767.0 -32767.0 -32767.0 -32767.0 -32767.0 -32767.0 -32767.0 -32767.0 -32767.0 -32767.0 -32767.0 -32767.0 -32767.0 -32767.0 -32767.0 -32767.0 -32767.0 -32767.0 -32767.0 -32767.0 -32767.0 -32767.0 -32767.0 -32767.0 -32767.0 -32767.0 -32767.0 -32767.0 -32767.0 -32767.0 -32767.0 -32767.0 -32767.0 -32767.0 -32767.0 -32767.0 -32767.0 -32767.0 -32767.0 -32767.0 -32767.0 28.80183 26.509554 24.716787 25.085777 26.52761 28.413694 27.946938 28.240828 -32767.0 -32767.0 -32767.0 -32767.0 30.58938 30.346302 30.354666 30.357079 30.53956
-32767.0 -32767.0 -32767.0 -32767.0 -32767.0 -32767.0 -32767.0 -32767.0 -32767.0 -32767.0 -32767.0 -32767.0 -32767.0 -32767.0 -32767.0 -32767.0 -32767.0 -32767.0 -32767.0 -32767.0 -32767.0 -32767.0 -32767.0 -32767.0 -32767.0 -32767.0 -32767.0 -32767.0 -32767.0 -32767.0 -32767.0 -32767.0 -32767.0 -32767.0 -32767.0 -32767.0 -32767.0 -32767.0 -32767.0 -32767.0 -32767.0 -32767.0 -32767.0 26.717112 25.196941 25.03401 26.249731 27.341377 27.398012 28.870323 28.547794 28.99387 -32767.0 -32767.0 -32767.0 -32767.0 30.403574 30.408594 30.44665 30.42428 30.380943
-32767.0 -32767.0 -32767.0 -32767.0 -32767.0 -32767.0 -32767.0 -32767.0 -32767.0 -32767.0 -32767.0 -32767.0 -32767.0 -32767.0 -32767.0 -32767.0 -32767.0 -32767.0 -32767.0 -32767.0 -32767.0 -32767.0 -32767.0 -32767.0 -32767.0 -32767.0 -32767.0 -32767.0 -32767.0 -32767.0 -32767.0 -32767.0 -32767.0 -32767.0 -32767.0 -32767.0 -32767.0 -32767.0 -32767.0 -32767.0 -32767.0 29.144901 29.287691 25.542286 25.545107 26.15893 28.19911 28.512909 28.698689 28.928446 28.996918 -32767.0 -32767.0 -32767.0 -32767.0 -32767.0 30.050081 30.52961 30.440884 30.259195 29.897154
-32767.0 -32767.0 -32767.0 -32767.0 -32767.0 -32767.0 -32767.0 -32767.0 -32767.0 -32767.0 -32767.0 -32767.0 -32767.0 -32767.0 -32767.0 -32767.0 -32767.0 -32767.0 -32767.0 -32767.0 -32767.0 -32767.0 -32767.0 -32767.0 -32767.0 -32767.0 -32767.0 -32767.0 -32767.0 -32767.0 -32767.0 -32767.0 -32767.0 -32767.0 -32767.0 -32767.0 -32767.0 -32767.0 -32767.0 -32767.0 -32767.0 27.205788 25.737818 25.149078 26.508764 29.699646 29.00865 28.95262 29.039776 27.137806 30.966616 -32767.0 -32767.0 -32767.0 -32767.0 29.86435 30.115353 30.458715 30.369581 30.116503 29.767145
-32767.0 -32767.0 -32767.0 -32767.0 -32767.0 -32767.0 -32767.0 -32767.0 -32767.0 -32767.0 -32767.0 -32767.0 -32767.0 -32767.0 -32767.0 -32767.0 -32767.0 -32767.0 -32767.0 -32767.0 -32767.0 -32767.0 -32767.0 -32767.0 -32767.0 -32767.0 -32767.0 -32767.0 -32767.0 -32767.0 -32767.0 -32767.0 -32767.0 -32767.0 -32767.0 -32767.0 -32767.0 -32767.0 -32767.0 28.149004 26.55528 25.00365 24.849897 26.63479 28.706354 29.81443 29.175291 28.523523 30.19053 31.165987 -32767.0 -32767.0 -32767.0 -32767.0 -32767.0 29.563648 30.34709 30.615412 30.369848 29.858103 29.613066
-32767.0 -32767.0 -32767.0 -32767.0 -32767.0 -32767.0 -32767.0 -32767.0 -32767.0 -32767.0 -32767.0 -32767.0 -32767.0 -32767.0 -32767.0 -32767.0 -32767.0 -32767.0 -32767.0 -32767.0 -32767.0 -32767.0 -32767.0 -32767.0 -32767.0 -32767.0 -32767.0 -32767.0 -32767.0 -32767.0 -32767.0 -32767.0 -32767.0 -32767.0 -32767.0 -32767.0 -32767.0 -32767.0 26.51585 24.763039 23.74476 24.033764 25.450031 28.934313 29.745457 30.093512 28.97277 29.671188 30.648834 31.311317 -32767.0 -32767.0 -32767.0 -32767.0 -32767.0 30.389711 30.369694 30.50195 29.753128 29.335829 29.535776
-32767.0 -32767.0 -32767.0 -32767.0 -32767.0 -32767.0 -32767.0 -32767.0 -32767.0 -32767.0 -32767.0 -32767.0 -32767.0 -32767.0 -32767.0 -32767.0 -32767.0 -32767.0 -32767.0 -32767.0 -32767.0 -32767.0 -32767.0 -32767.0 -32767.0 -32767.0 -32767.0 -32767.0 -32767.0 -32767.0 -32767.0 -32767.0 -32767.0 -32767.0 -32767.0 -32767.0 26.383207 24.443966 23.04956 23.345535 24.322899 25.65849 28.661781 29.500418 30.494528 27.823519 -32767.0 30.263721 30.675179 -32767.0 -32767.0 -32767.0 -32767.0 -32767.0 29.445482 30.289623 30.03474 30.143301 29.324024 28.660172 29.527914
-32767.0 -32767.0 -32767.0 -32767.0 -32767.0 -32767.0 -32767.0 -32767.0 -32767.0 -32767.0 -32767.0 -32767.0 -32767.0 -32767.0 -32767.0 -32767.0 -32767.0 -32767.0 -32767.0 -32767.0 -32767.0 -32767.0 -32767.0 -32767.0 -32767.0 -32767.0 -32767.0 -32767.0 -32767.0 -32767.0 -32767.0 -32767.0 -32767.0 -32767.0 -32767.0 25.26854 23.086805 23.055227 24.470377 24.915276 26.636627 27.871834 28.994019 29.41318 30.045595 29.377378 -32767.0 30.67923 30.663616 -32767.0 -32767.0 -32767.0 -32767.0 -32767.0 30.052057 30.27362 30.049515 29.586628 29.360596 28.612314 29.506018
-32767.0 -32767.0 -32767.0 -32767.0 -32767.0 -32767.0 -32767.0 -32767.0 -32767.0 -32767.0 -32767.0 -32767.0 -32767.0 -32767.0 -32767.0 -32767.0 -32767.0 -32767.0 -32767.0 -32767.0 -32767.0 -32767.0 -32767.0 -32767.0 -32767.0 -32767.0 -32767.0 -32767.0 -32767.0 -32767.0 -32767.0 -32767.0 -32767.0 -32767.0 -32767.0 24.531046 25.45446 26.701464 27.21312 27.648043 27.902342 28.45163 28.084932 22.568699 20.475323 24.686913 30.358444 31.281942 31.282825 -32767.0 -32767.0 -32767.0 -32767.0 -32767.0 30.273186 30.15676 29.750767 29.441479 29.480515 28.910265 29.334099
-32767.0 -32767.0 -32767.0 -32767.0 -32767.0 -32767.0 -32767.0 -32767.0 -32767.0 -32767.0 -32767.0 -32767.0 -32767.0 -32767.0 -32767.0 -32767.0 -32767.0 -32767.0 -32767.0 -32767.0 -32767.0 -32767.0 -32767.0 -32767.0 -32767.0 -32767.0 -32767.0 31.430511 -32767.0 29.073904 -32767.0 26.878922 26.904459 26.200085 26.406301 26.748352 27.089268 27.632067 28.550581 28.941246 29.815586 27.851675 29.074099 26.539368 28.452131 30.10056 31.485073 31.290836 31.062765 -32767.0 -32767.0 -32767.0 -32767.0 28.093805 30.013367 30.039984 29.669542 29.492027 29.781412 29.29914 29.074028
-32767.0 -32767.0 -32767.0 -32767.0 -32767.0 -32767.0 -32767.0 -32767.0 -32767.0 -32767.0 -32767.0 -32767.0 -32767.0 -32767.0 -32767.0 -32767.0 -32767.0 -32767.0 -32767.0 -32767.0 -32767.0 -32767.0 -32767.0 31.733156 -32767.0 -32767.0 25.557634 26.368082 27.048439 27.354506 27.651213 27.780766 27.909271 27.8663 27.915247 28.315153 28.526014 29.229939 29.38365 29.890173 29.8753 30.150358 30.196297 30.480705 30.79943 30.738226 30.682968 30.749464 30.776308 30.934727 -32767.0 -32767.0 28.820358 27.94133 29.166393 29.61869 29.340677 29.760761 29.946402 29.62707 29.134575
-32767.0 -32767.0 -32767.0 -32767.0 -32767.0 -32767.0 -32767.0 -32767.0 -32767.0 -32767.0 -32767.0 -32767.0 -32767.0 -32767.0 -32767.0 -32767.0 -32767.0 -32767.0 -32767.0 -32767.0 -32767.0 -32767.0 -32767.0 31.734335 31.761105 28.24602 27.719397 28.559225 28.82577 29.110918 29.232002 29.261843 29.415806 29.564114 29.33958 29.492893 29.67807 29.984861 30.165741 30.325102 30.466322 30.49898 30.452507 30.465763 30.577454 30.720634 30.694372 30.75943 30.738668 30.70648 30.595936 -32767.0 29.48363 27.687284 29.422773 29.506508 29.66172 30.152348 30.097534 29.824083 29.266935
-32767.0 -32767.0 -32767.0 -32767.0 -32767.0 -32767.0 -32767.0 -32767.0 -32767.0 -32767.0 -32767.0 -32767.0 -32767.0 -32767.0 -32767.0 -32767.0 -32767.0 -32767.0 -32767.0 -32767.0 32.244102 31.396938 30.323086 29.022427 27.550447 -32767.0 28.882214 29.017235 29.312223 30.061209 30.410969 30.53702 30.510027 30.49959 30.540192 30.577477 30.509438 30.49121 30.4289 30.403652 30.403389 30.464695 30.503042 30.585001 30.726759 30.817078 30.846128 30.785625 30.733593 30.62797 30.56888 -32767.0 28.188408 28.751575 29.993174 30.002436 30.466389 30.219727 29.757225 29.46338 29.405733
-32767.0 -32767.0 31.805225 -32767.0 -32767.0 -32767.0 -32767.0 -32767.0 -32767.0 -32767.0 -32767.0 -32767.0 -32767.0 -32767.0 -32767.0 -32767.0 31.868273 -32767.0 31.317661 31.618362 29.60845 27.640162 27.868309 28.760965 29.396173 30.216803 29.88774 30.278263 30.348257 30.350409 30.405638 30.438082 30.461649 30.431679 30.449297 30.511072 30.549263 30.572433 30.545298 30.510725 30.547518 30.585712 30.633547 30.69675 30.843723 30.877504 30.819675 30.8009 30.737595 30.588316 30.618174 30.496925 30.420149 30.540192 30.551794 30.421276 30.151512 30.05421 29.911797 29.691145 29.380838
-32767.0 31.422358 31.559969 31.590588 31.895685 -32767.0 32.71699 32.436268 -32767.0 -32767.0 -32767.0 -32767.0 -32767.0 32.037186 31.519917 30.381903 29.314035 29.0867 29.018242 29.223816 29.282072 29.537512 29.794323 29.946932 29.956758 30.06415 30.203886 30.230074 30.27416 30.314592 30.339233 30.341942 30.400442 30.451017 30.473936 30.52171 30.555986 30.565168 30.573462 30.56656 30.61193 30.632166 30.695694 30.807974 30.83842 30.915947 31.000488 30.874695 30.885696 30.897745 30.792955 30.587112 30.499577 30.464981 30.47638 30.328833 29.957506 29.912346 29.841682 29.73388 29.489452
31.069967 29.70912 29.986052 30.720753 31.301851 31.803492 32.24752 32.65994 -32767.0 -32767.0 -32767.0 31.217209 29.910164 28.98621 28.809687 29.092775 29.258373 29.351238 29.466671 29.629131 29.678377 29.672394 29.65575 29.659204 29.74053 29.844202 29.915937 30.010317 30.173252 30.296541 30.339128 30.348566 30.36154 30.425388 30.521381 30.619732 30.642712 30.618326 30.64034 30.669329 30.585657 30.669859 30.756203 30.898842 30.93752 31.092525 31.020317 30.933672 30.921824 30.92147 30.699663 30.624077 30.501213 30.385979 30.188484 29.94491 29.912064 29.953743 29.866753 29.72936 29.587574
29.295788 30.089127 29.973248 30.035992 30.4121 31.324919 32.28645 -32767.0 -32767.0 31.98112 -32767.0 26.600088 28.270723 29.119032 29.232426 29.318415 29.404259 29.468557 29.46285 29.43731 29.31523 29.3623 29.585033 29.693148 29.750996 29.902966 29.932169 30.157808 30.195871 30.323715 30.39096 30.372154 30.437675 30.51304 30.613577 30.617851 30.606915 30.510517 30.463879 30.590227 30.742529 30.703508 30.760323 30.923283 31.072649 31.032255 31.0031 30.909283 30.971373 30.863213 30.763836 30.68416 30.695847 30.63023 30.372871 30.253017 30.050617 29.89942 29.78947 29.521599 29.634235
30.254047 30.27907 30.394676 30.596865 30.63011 31.420395 32.400955 32.867207 -32767.0 -32767.0 31.442644 28.7402 29.147387 29.279423 29.360926 29.458729 29.615286 29.572037 29.46433 29.443865 29.674505 29.82029 29.717804 29.77688 29.96879 30.14886 30.186594 30.22929 30.245525 30.361977 30.39695 30.499428 30.46457 30.50773 30.591158 30.649931 30.6777 30.504618 30.61941 30.804 30.87603 30.731182 30.821974 30.913816 30.994768 30.969305 30.930906 30.943842 31.052149 30.989079 30.958832 31.000376 31.002874 31.012394 30.704117 30.535587 30.150331 29.9166 29.735973 29.807444 29.869833
30.054176 30.119276 30.344212 30.59485 30.890913 31.429228 32.034134 32.375664 -32767.0 -32767.0 31.31125 31.001627 29.855768 29.50972 29.487234 28.959661 28.793177 28.80051 28.92927 29.130611 29.213608 29.272507 29.549644 30.096409 30.301664 30.282642 30.226269 30.186178 30.257101 30.386639 30.468313 30.567587 30.509588 30.54978 30.601566 30.59174 30.65805 30.599741 30.697851 30.887424 30.846506 30.77907 30.811277 31.026209 31.023043 30.971287 31.110014 31.168804 31.067974 30.993181 31.244713 31.197807 31.139132 30.899876 30.889475 30.806168 -32767.0 30.463322 29.964567 29.843742 29.918776
29.79505 29.902657 30.22213 30.617693 31.33814 31.6911 31.81068 31.73536 31.810495 31.435555 30.97119 30.818123 30.311327 29.830887 28.899635 27.401093 27.257175 27.42968 27.686718 28.074831 28.548895 29.06922 29.948093 30.326199 30.228859 30.17519 30.205107 30.185297 30.359104 30.507828 30.63242 30.642626 30.635466 30.597647 30.59405 30.623896 30.61623 30.653263 30.66788 30.905457 30.902046 30.896559 30.958368 31.056128 31.003242 31.082184 31.37664 31.27391 31.259956 31.222513 31.260275 31.297659 31.14297 31.078568 31.207325 31.171642 31.094185 31.130434 30.832674 29.965271 30.033493
29.904577 29.925392 29.99679 30.358564 31.45192 31.759659 31.393284 31.784931 31.617092 -32767.0 -32767.0 -32767.0 29.785135 28.736818 26.377024 27.08874 27.994852 28.24988 28.316036 28.598957 29.316244 29.473394 30.220856 30.29081 30.170612 30.13436 30.1981 30.237656 30.546124 30.66691 30.685444 30.75751 30.809034 30.780165 30.732878 30.64667 30.621593 30.659916 30.690811 30.775772 30.956848 30.980545 30.987684 30.950676 30.968454 31.094793 31.403183 31.364395 31.425055 31.51142 31.477839 31.370766 31.238419 30.96428 31.030825 31.105818 31.110983 31.142977 31.171087 30.327105 30.135153
