static/data/thetao/2023/7/8/18.asc
ncols 137
nrows 93
xllcorner 108.0
yllcorner 17.0
cellsize 0.25
NODATA_value -32767
[rows 54 to 80 of 93, columns 0 to 60 of 137]
-32767.0 -32767.0 -32767.0 -32767.0 -32767.0 -32767.0 -32767.0 -32767.0 -32767.0 -32767.0 -32767.0 -32767.0 -32767.0 -32767.0 -32767.0 -32767.0 -32767.0 -32767.0 -32767.0 -32767.0 -32767.0 -32767.0 -32767.0 -32767.0 -32767.0 -32767.0 -32767.0 -32767.0 -32767.0 -32767.0 -32767.0 -32767.0 -32767.0 -32767.0 -32767.0 -32767.0 -32767.0 -32767.0 -32767.0 -32767.0 -32767.0 -32767.0 -32767.0 -32767.0 -32767.0 -32767.0 -32767.0 -32767.0 25.237442 24.847876 23.920374 25.302313 26.317995 27.5755 28.386683 28.689367 29.588503 29.547066 29.02344 29.394838 29.267565
-32767.0 -32767.0 -32767.0 -32767.0 -32767.0 -32767.0 -32767.0 -32767.0 -32767.0 -32767.0 -32767.0 -32767.0 -32767.0 -32767.0 -32767.0 -32767.0 -32767.0 -32767.0 -32767.0 -32767.0 -32767.0 -32767.0 -32767.0 -32767.0 -32767.0 -32767.0 -32767.0 -32767.0 -32767.0 -32767.0 -32767.0 -32767.0 -32767.0 -32767.0 -32767.0 -32767.0 -32767.0 -32767.0 -32767.0 -32767.0 -32767.0 -32767.0 -32767.0 -32767.0 -32767.0 -32767.0 -32767.0 30.126696 -32767.0 24.261425 25.02086 27.007107 27.634182 28.219145 29.388699 29.695688 29.224304 29.204058 29.333654 29.440619 29.378798
-32767.0 -32767.0 -32767.0 -32767.0 -32767.0 -32767.0 -32767.0 -32767.0 -32767.0 -32767.0 -32767.0 -32767.0 -32767.0 -32767.0 -32767.0 -32767.0 -32767.0 -32767.0 -32767.0 -32767.0 -32767.0 -32767.0 -32767.0 -32767.0 -32767.0 -32767.0 -32767.0 -32767.0 -32767.0 -32767.0 -32767.0 -32767.0 -32767.0 -32767.0 -32767.0 -32767.0 -32767.0 -32767.0 -32767.0 -32767.0 -32767.0 -32767.0 -32767.0 -32767.0 -32767.0 -32767.0 -32767.0 29.522131 24.354597 24.48671 26.224329 27.73648 28.158344 29.41775 29.801981 29.285454 29.188616 29.296465 29.732279 29.863432 30.023718
-32767.0 -32767.0 -32767.0 -32767.0 -32767.0 -32767.0 -32767.0 -32767.0 -32767.0 -32767.0 -32767.0 -32767.0 -32767.0 -32767.0 -32767.0 -32767.0 -32767.0 -32767.0 -32767.0 -32767.0 -32767.0 -32767.0 -32767.0 -32767.0 -32767.0 -32767.0 -32767.0 -32767.0 -32767.0 -32767.0 -32767.0 -32767.0 -32767.0 -32767.0 -32767.0 -32767.0 -32767.0 -32767.0 -32767.0 -32767.0 -32767.0 -32767.0 -32767.0 -32767.0 -32767.0 -32767.0 -32767.0 28.711102 24.241367 25.130354 26.885376 28.104681 28.533394 29.847012 29.35081 28.639482 29.792683 30.15112 29.99716 30.01737 29.934376
-32767.0 -32767.0 -32767.0 -32767.0 -32767.0 -32767.0 -32767.0 -32767.0 -32767.0 -32767.0 -32767.0 -32767.0 -32767.0 -32767.0 -32767.0 -32767.0 -32767.0 -32767.0 -32767.0 -32767.0 -32767.0 -32767.0 -32767.0 -32767.0 -32767.0 -32767.0 -32767.0 -32767.0 -32767.0 -32767.0 -32767.0 -32767.0 -32767.0 -32767.0 -32767.0 -32767.0 -32767.0 -32767.0 -32767.0 -32767.0 -32767.0 -32767.0 -32767.0 -32767.0 -32767.0 30.58031 -32767.0 28.016321 24.26554 25.159864 27.092524 28.200119 28.995638 29.732084 28.745745 29.287575 29.940056 30.084688 30.251362 30.166815 30.083258
-32767.0 -32767.0 -32767.0 -32767.0 -32767.0 -32767.0 -32767.0 -32767.0 -32767.0 -32767.0 -32767.0 -32767.0 -32767.0 -32767.0 -32767.0 -32767.0 -32767.0 -32767.0 -32767.0 -32767.0 -32767.0 -32767.0 -32767.0 -32767.0 -32767.0 -32767.0 -32767.0 -32767.0 -32767.0 -32767.0 -32767.0 -32767.0 -32767.0 -32767.0 -32767.0 -32767.0 -32767.0 -32767.0 -32767.0 -32767.0 -32767.0 -32767.0 -32767.0 -32767.0 -32767.0 -32767.0 27.256489 25.309708 24.912384 26.794886 27.067478 27.826006 28.93216 29.354939 29.690062 29.497225 29.685978 30.221312 30.027699 30.113329 30.322247
-32767.0 -32767.0 -32767.0 -32767.0 -32767.0 -32767.0 -32767.0 -32767.0 -32767.0 -32767.0 -32767.0 -32767.0 -32767.0 -32767.0 -32767.0 -32767.0 -32767.0 -32767.0 -32767.0 -32767.0 -32767.0 -32767.0 -32767.0 -32767.0 -32767.0 -32767.0 -32767.0 -32767.0 -32767.0 -32767.0 -32767.0 -32767.0 -32767.0 -32767.0 -32767.0 -32767.0 -32767.0 -32767.0 -32767.0 -32767.0 -32767.0 -32767.0 -32767.0 -32767.0 28.578186 26.470686 24.636019 25.00348 26.416426 28.152397 28.326792 28.300343 -32767.0 -32767.0 -32767.0 -32767.0 30.407791 30.08162 29.876799 29.95551 29.910923
-32767.0 -32767.0 -32767.0 -32767.0 -32767.0 -32767.0 -32767.0 -32767.0 -32767.0 -32767.0 -32767.0 -32767.0 -32767.0 -32767.0 -32767.0 -32767.0 -32767.0 -32767.0 -32767.0 -32767.0 -32767.0 -32767.0 -32767.0 -32767.0 -32767.0 -32767.0 -32767.0 -32767.0 -32767.0 -32767.0 -32767.0 -32767.0 -32767.0 -32767.0 -32767.0 -32767.0 -32767.0 -32767.0 -32767.0 -32767.0 -32767.0 -32767.0 -32767.0 26.651102 25.230911 25.125772 26.177 26.971312 27.050915 28.840633 28.44417 28.864914 -32767.0 -32767.0 -32767.0 -32767.0 30.162647 29.904772 29.9715 29.96966 29.904045
-32767.0 -32767.0 -32767.0 -32767.0 -32767.0 -32767.0 -32767.0 -32767.0 -32767.0 -32767.0 -32767.0 -32767.0 -32767.0 -32767.0 -32767.0 -32767.0 -32767.0 -32767.0 -32767.0 -32767.0 -32767.0 -32767.0 -32767.0 -32767.0 -32767.0 -32767.0 -32767.0 -32767.0 -32767.0 -32767.0 -32767.0 -32767.0 -32767.0 -32767.0 -32767.0 -32767.0 -32767.0 -32767.0 -32767.0 -32767.0 -32767.0 28.994125 29.113993 25.657053 25.352488 26.29114 28.294876 28.658955 28.598364 28.869005 28.749716 -32767.0 -32767.0 -32767.0 -32767.0 -32767.0 29.407423 29.961807 30.095648 29.731672 29.475504
-32767.0 -32767.0 -32767.0 -32767.0 -32767.0 -32767.0 -32767.0 -32767.0 -32767.0 -32767.0 -32767.0 -32767.0 -32767.0 -32767.0 -32767.0 -32767.0 -32767.0 -32767.0 -32767.0 -32767.0 -32767.0 -32767.0 -32767.0 -32767.0 -32767.0 -32767.0 -32767.0 -32767.0 -32767.0 -32767.0 -32767.0 -32767.0 -32767.0 -32767.0 -32767.0 -32767.0 -32767.0 -32767.0 -32767.0 -32767.0 -32767.0 27.11706 25.82522 25.197668 26.652933 29.337984 28.841352 28.652617 28.830072 27.858232 30.837738 -32767.0 -32767.0 -32767.0 -32767.0 29.511286 29.464935 29.96337 29.899117 29.713486 29.518074
-32767.0 -32767.0 -32767.0 -32767.0 -32767.0 -32767.0 -32767.0 -32767.0 -32767.0 -32767.0 -32767.0 -32767.0 -32767.0 -32767.0 -32767.0 -32767.0 -32767.0 -32767.0 -32767.0 -32767.0 -32767.0 -32767.0 -32767.0 -32767.0 -32767.0 -32767.0 -32767.0 -32767.0 -32767.0 -32767.0 -32767.0 -32767.0 -32767.0 -32767.0 -32767.0 -32767.0 -32767.0 -32767.0 -32767.0 28.004644 26.557568 24.911228 24.857393 26.30807 29.020317 29.666569 29.111263 28.369247 29.80408 31.091846 -32767.0 -32767.0 -32767.0 -32767.0 -32767.0 30.120327 30.109943 30.098558 29.853807 29.551226 29.508791
-32767.0 -32767.0 -32767.0 -32767.0 -32767.0 -32767.0 -32767.0 -32767.0 -32767.0 -32767.0 -32767.0 -32767.0 -32767.0 -32767.0 -32767.0 -32767.0 -32767.0 -32767.0 -32767.0 -32767.0 -32767.0 -32767.0 -32767.0 -32767.0 -32767.0 -32767.0 -32767.0 -32767.0 -32767.0 -32767.0 -32767.0 -32767.0 -32767.0 -32767.0 -32767.0 -32767.0 -32767.0 -32767.0 26.418173 24.693548 23.500643 23.910164 25.13565 28.823952 29.732418 29.877687 28.72201 29.378218 30.51348 31.146328 -32767.0 -32767.0 -32767.0 -32767.0 -32767.0 30.334291 29.866419 29.984758 29.36264 29.190794 29.47038
-32767.0 -32767.0 -32767.0 -32767.0 -32767.0 -32767.0 -32767.0 -32767.0 -32767.0 -32767.0 -32767.0 -32767.0 -32767.0 -32767.0 -32767.0 -32767.0 -32767.0 -32767.0 -32767.0 -32767.0 -32767.0 -32767.0 -32767.0 -32767.0 -32767.0 -32767.0 -32767.0 -32767.0 -32767.0 -32767.0 -32767.0 -32767.0 -32767.0 -32767.0 -32767.0 -32767.0 26.200487 24.358734 22.974897 23.263712 24.2172 25.532915 28.250452 29.379036 30.502296 27.062235 -32767.0 30.020502 30.564924 -32767.0 -32767.0 -32767.0 -32767.0 -32767.0 29.380608 29.874521 29.61864 29.692219 29.169687 28.59183 29.478039
-32767.0 -32767.0 -32767.0 -32767.0 -32767.0 -32767.0 -32767.0 -32767.0 -32767.0 -32767.0 -32767.0 -32767.0 -32767.0 -32767.0 -32767.0 -32767.0 -32767.0 -32767.0 -32767.0 -32767.0 -32767.0 -32767.0 -32767.0 -32767.0 -32767.0 -32767.0 -32767.0 -32767.0 -32767.0 -32767.0 -32767.0 -32767.0 -32767.0 -32767.0 -32767.0 25.04761 23.017677 23.04036 24.345955 24.833033 26.50704 27.686172 28.85641 29.257116 30.509119 29.333729 -32767.0 30.750074 30.563755 -32767.0 -32767.0 -32767.0 -32767.0 -32767.0 30.119684 29.911737 29.571032 29.392569 29.355772 28.567472 29.474329
-32767.0 -32767.0 -32767.0 -32767.0 -32767.0 -32767.0 -32767.0 -32767.0 -32767.0 -32767.0 -32767.0 -32767.0 -32767.0 -32767.0 -32767.0 -32767.0 -32767.0 -32767.0 -32767.0 -32767.0 -32767.0 -32767.0 -32767.0 -32767.0 -32767.0 -32767.0 -32767.0 -32767.0 -32767.0 -32767.0 -32767.0 -32767.0 -32767.0 -32767.0 -32767.0 24.238895 25.315601 26.592339 27.23372 27.285358 27.736204 28.324484 27.86468 22.370735 20.257626 23.394215 30.134962 31.085112 30.854305 -32767.0 -32767.0 -32767.0 -32767.0 -32767.0 29.93219 29.742506 29.52374 29.34826 29.526106 28.885447 29.335047
-32767.0 -32767.0 -32767.0 -32767.0 -32767.0 -32767.0 -32767.0 -32767.0 -32767.0 -32767.0 -32767.0 -32767.0 -32767.0 -32767.0 -32767.0 -32767.0 -32767.0 -32767.0 -32767.0 -32767.0 -32767.0 -32767.0 -32767.0 -32767.0 -32767.0 -32767.0 -32767.0 31.256472 -32767.0 28.718496 -32767.0 26.76057 26.777046 25.881216 26.166702 26.45441 26.880383 27.517992 28.276525 28.831112 29.632355 27.65512 28.970785 26.393723 28.165686 29.891752 31.219042 30.991081 30.699965 -32767.0 -32767.0 -32767.0 -32767.0 28.022835 29.834509 29.808716 29.614895 29.492266 29.656796 29.318357 29.065878
-32767.0 -32767.0 -32767.0 -32767.0 -32767.0 -32767.0 -32767.0 -32767.0 -32767.0 -32767.0 -32767.0 -32767.0 -32767.0 -32767.0 -32767.0 -32767.0 -32767.0 -32767.0 -32767.0 -32767.0 -32767.0 -32767.0 -32767.0 31.576193 -32767.0 -32767.0 25.331512 25.941364 26.739557 27.012127 27.347174 27.508537 27.592648 27.580542 27.761005 28.086792 28.273117 28.995193 29.253689 29.695139 29.643427 29.9122 30.064396 30.128748 30.452976 30.483927 30.442932 30.443813 30.494303 30.554699 -32767.0 -32767.0 28.696348 27.727093 29.223879 29.303043 29.263763 29.767395 29.943861 29.717613 29.0916
-32767.0 -32767.0 -32767.0 -32767.0 -32767.0 -32767.0 -32767.0 -32767.0 -32767.0 -32767.0 -32767.0 -32767.0 -32767.0 -32767.0 -32767.0 -32767.0 -32767.0 -32767.0 -32767.0 -32767.0 -32767.0 -32767.0 -32767.0 31.519583 31.639894 28.01267 27.2351 28.328272 28.424063 28.822481 28.945044 28.883135 29.051302 29.083752 29.069395 29.118986 29.341272 29.666834 29.854221 30.090408 30.259779 30.304121 30.318222 30.337088 30.324036 30.515957 30.38168 30.49158 30.527407 30.540087 30.327456 -32767.0 28.960331 27.960829 29.235363 29.511084 29.607876 30.202393 30.045422 29.868515 29.222666
-32767.0 -32767.0 -32767.0 -32767.0 -32767.0 -32767.0 -32767.0 -32767.0 -32767.0 -32767.0 -32767.0 -32767.0 -32767.0 -32767.0 -32767.0 -32767.0 -32767.0 -32767.0 -32767.0 -32767.0 32.076275 31.218975 30.111204 28.919355 27.20599 -32767.0 28.804958 28.990345 29.055006 29.823904 30.259308 30.366928 30.35075 30.341799 30.359247 30.392881 30.346579 30.349773 30.310015 30.26468 30.241179 30.307407 30.326931 30.383211 30.51096 30.535406 30.581818 30.564606 30.556618 30.50998 30.36749 -32767.0 28.166142 28.968685 29.986122 29.957422 30.409422 30.160448 29.716394 29.47308 29.339886
-32767.0 -32767.0 31.70915 -32767.0 -32767.0 -32767.0 -32767.0 -32767.0 -32767.0 -32767.0 -32767.0 -32767.0 -32767.0 -32767.0 -32767.0 -32767.0 31.701668 -32767.0 31.16206 31.463634 29.47461 27.267567 27.646353 28.559778 29.223513 30.06818 29.84545 30.12768 30.220894 30.21889 30.269491 30.302933 30.326387 30.280283 30.26328 30.30315 30.342127 30.365078 30.352842 30.338076 30.359934 30.385305 30.438015 30.489103 30.57024 30.591097 30.58209 30.599096 30.57232 30.470457 30.570728 30.460878 30.326937 30.391294 30.417927 30.409529 30.157757 30.00919 29.863195 29.615068 29.336813
-32767.0 31.321152 31.47827 31.492188 31.7769 -32767.0 32.573814 32.295277 -32767.0 -32767.0 -32767.0 -32767.0 -32767.0 31.901976 31.352146 29.980558 29.145718 28.942835 28.984175 28.97799 29.091715 29.350613 29.635736 29.822567 29.871496 29.89448 30.055288 30.084743 30.125263 30.167877 30.208961 30.20498 30.2301 30.261086 30.293564 30.342274 30.367785 30.377 30.38667 30.36465 30.412872 30.433146 30.48978 30.579502 30.567657 30.662537 30.747515 30.697718 30.753864 30.753328 30.694628 30.53831 30.423712 30.384855 30.405088 30.278027 29.882504 29.825396 29.760767 29.64982 29.373896
31.008099 29.708569 29.887388 30.63951 31.237234 31.64964 32.038395 32.48748 -32767.0 -32767.0 -32767.0 31.112381 29.80084 28.817526 28.65752 28.894688 29.115997 29.213472 29.31395 29.494532 29.580471 29.565203 29.549358 29.539268 29.5807 29.689379 29.747532 29.833755 30.002405 30.120173 30.160023 30.160025 30.17541 30.21513 30.288658 30.364403 30.419836 30.428015 30.441257 30.48096 30.407185 30.466814 30.535526 30.680285 30.755594 30.828678 30.79359 30.728611 30.792555 30.714697 30.56195 30.513098 30.408995 30.26431 30.077374 29.841436 29.786404 29.82897 29.746794 29.643108 29.487946
29.353325 30.059721 29.92134 29.877136 30.310562 31.060099 31.999943 -32767.0 -32767.0 31.839922 -32767.0 26.485891 28.093483 28.956858 29.058092 29.160748 29.25366 29.328495 29.337069 29.33246 29.221785 29.237959 29.430326 29.586536 29.608362 29.758104 29.779428 29.989307 30.056967 30.136768 30.21289 30.190382 30.254028 30.346323 30.398941 30.405579 30.402376 30.308664 30.265984 30.389793 30.51299 30.491009 30.570343 30.747635 30.84302 30.800596 30.733988 30.693056 30.846725 30.724924 30.671339 30.629452 30.615238 30.55504 30.253628 30.13305 29.876225 29.746794 29.66473 29.383568 29.408438
30.20971 30.22933 30.313007 30.481237 30.429527 31.070145 31.988304 32.673885 -32767.0 -32767.0 31.221119 29.00937 29.085546 29.152073 29.21638 29.295486 29.441975 29.459578 29.368217 29.325153 29.510342 29.70023 29.591492 29.651943 29.831358 30.02218 30.031158 30.076553 30.065987 30.19148 30.213734 30.306437 30.306007 30.302294 30.38087 30.497345 30.485502 30.293108 30.43295 30.591673 30.654354 30.529642 30.640223 30.731035 30.747257 30.707981 30.67713 30.737804 30.835676 30.728544 30.877817 30.828817 30.786161 30.845327 30.559162 30.405434 29.98907 29.7363 29.548588 29.68791 29.72532
30.026005 30.056269 30.269526 30.5035 30.6526 30.880333 31.163197 31.98883 -32767.0 -32767.0 31.084387 30.806665 29.714579 29.379059 29.277744 28.77468 28.610891 28.601435 28.764513 28.952719 29.071175 29.078962 29.425735 30.005577 30.178576 30.163538 30.101936 30.025818 30.090475 30.195189 30.285183 30.38878 30.319263 30.353964 30.389566 30.300436 30.39209 30.374872 30.493717 30.679031 30.622778 30.595518 30.619314 30.81215 30.782976 30.749054 30.903109 30.939058 30.84102 30.81933 30.936296 31.01206 30.711792 30.673212 30.657042 30.55151 -32767.0 30.154198 29.753006 29.687841 29.738626
29.755344 29.857153 30.171135 30.540058 31.056198 31.15318 31.015062 31.25631 31.557856 31.23261 30.948488 30.803995 30.183624 29.657055 28.482632 27.124367 27.071209 27.213308 27.470407 27.855621 28.384514 28.95559 29.85215 30.22764 30.131775 30.059906 30.064003 30.025509 30.17329 30.331821 30.410095 30.418846 30.38655 30.364115 30.360973 30.35692 30.370234 30.417946 30.495628 30.722828 30.63998 30.63933 30.721361 30.838326 30.757282 30.864788 31.175795 31.059687 31.036774 31.031393 31.067816 31.04633 30.626991 30.921381 30.957382 30.902573 30.833132 30.881346 30.64024 29.728733 29.809202
29.84356 29.892767 29.92867 30.332743 31.198252 31.366257 31.28857 31.643867 31.432858 -32767.0 -32767.0 -32767.0 29.623596 28.30263 25.955881 26.935486 27.91353 28.247871 28.172228 28.263288 29.132538 29.366169 30.144293 30.176361 30.0602 30.025904 30.042868 30.05777 30.339794 30.448503 30.458643 30.479477 30.55662 30.509783 30.43755 30.37599 30.38501 30.432947 30.471216 30.646538 30.758436 30.769474 30.77932 30.73204 30.720547 30.879208 31.202372 31.119663 31.21695 31.275877 31.282627 31.15995 30.980452 30.577095 30.656494 30.862934 30.793352 30.870682 30.977758 30.177862 29.897264
