static/data/seaWater_uo/2023/7/24/0.asc
ncols 137
nrows 93
xllcorner 108.0
yllcorner 17.0
cellsize 0.25
NODATA_value -32767
[rows 26 to 51 of 93, columns 58 to 115 of 137]
0.30017918 0.3551465 0.39698324 0.399238 0.3033377 0.19508164 0.15574427 0.16260079 0.11222826 0.09082449 0.09679695 0.103042744 0.105740294 0.10396732 0.1765537 0.25744295 -32767.0 -32767.0 0.1790883 0.26692727 0.3346431 0.38766795 0.41546357 0.42344934 0.32450363 0.2711523 0.17662661 0.15086609 0.0353963 -0.05750231 -0.038972974 -32767.0 -32767.0 -32767.0 -32767.0 -32767.0 -32767.0 -0.10924266 -0.17613667 -0.18633342 -32767.0 -32767.0 -32767.0 -32767.0 -32767.0 -0.13219802 -32767.0 -0.16213518 -0.012052712 -0.09116384 -0.20992664 -0.20044772 -0.08490314 -32767.0 -0.24185202 -0.32264614 -0.22825249 -0.09748686
0.02681569 -0.028960194 0.2432636 0.24048895 0.24718669 0.21905565 0.25266063 0.28480425 0.28580797 0.20026845 0.14063218 0.18456358 0.2659801 0.27825016 0.27201042 -32767.0 -32767.0 0.016041735 0.24549751 0.20091885 0.1483188 0.21146344 0.23935747 0.22143413 0.13437553 0.06195944 0.0617393 0.015472986 -32767.0 -32767.0 -32767.0 -32767.0 -32767.0 -32767.0 -32767.0 -32767.0 -32767.0 0.08639608 -0.08268596 -0.06265863 -32767.0 -32767.0 -32767.0 -0.116044186 -0.06506256 -0.07902472 -0.03619733 -0.07674901 0.06318093 -0.208617 -0.3963351 -0.023305884 -0.18706857 -0.42179796 -0.47696352 -0.4685985 -0.3768377 -0.16874535
0.06032497 0.12965402 -0.025398757 0.071223214 0.111338705 0.12822242 0.19346605 0.22088452 0.10090673 0.10156488 0.11468807 0.15227176 0.08930451 0.10102201 0.0497513 0.14015226 0.21152273 0.22489443 0.2055636 0.117162615 0.22267427 0.17680615 0.12888473 0.114263386 -0.015281156 -0.0426705 -32767.0 0.032765597 0.118042275 -32767.0 -32767.0 0.061436642 -32767.0 -32767.0 -32767.0 -32767.0 -32767.0 -32767.0 -0.0036226283 -0.13466805 -32767.0 -32767.0 -0.115693375 -0.22480156 -0.03938359 -0.061403327 0.041100465 0.09487409 -0.08376479 -0.34080037 -0.23831719 -0.3395751 -0.43274716 -0.36539033 -0.2646472 -0.15430205 -0.10296624 -0.05837449
0.11082263 0.08702569 -0.07481357 -0.032603815 0.06715068 0.12846248 0.091349855 0.055688825 0.030144371 0.112529896 0.12379139 0.08989052 0.13327903 0.07145389 0.044970356 -0.009156249 -0.02590727 -0.04084893 -0.0031796577 0.06528267 0.08232411 0.10183579 0.08849495 0.07602746 -0.02088128 -32767.0 0.0027410528 -0.08891998 0.08781266 0.049312286 0.0041270666 -32767.0 -0.058590025 -32767.0 -32767.0 -32767.0 -32767.0 -32767.0 0.029627802 -0.05464226 0.013528083 -0.047596235 0.1262393 0.5075958 0.6330673 0.5815019 0.3764615 0.04969876 -0.42939883 -0.3323403 -0.3089632 -0.29185596 -0.14640443 -0.087712675 0.04239308 0.051632863 -0.0010918931 -0.07479191
-0.12012255 -0.09444606 -0.051708426 0.051761437 0.06891315 0.09240777 0.20155911 0.20753686 0.15280299 0.06101844 0.15285403 0.232611 0.3000615 0.14686036 -0.06896087 -0.06762978 -0.05285492 0.004400063 0.014654823 -9.609957e-05 -0.0058302497 0.045003675 0.0390351 0.035116542 0.20655783 0.32553285 0.3020483 0.27063525 0.103158616 0.069644056 -0.12991375 -0.1758497 -0.036250375 -32767.0 -32767.0 -32767.0 -32767.0 -0.08154161 -0.095516875 -0.20461522 -0.3776085 -0.39615753 -0.15158582 0.15560253 0.38750008 0.55485016 0.52130723 0.5688979 -0.112245135 -0.26786086 -0.31547552 -0.1316285 0.038516264 0.15812676 0.16124104 0.04104316 -0.042575523 -0.15723741
-0.033029195 -0.09859646 -0.034138262 0.005901077 0.06293872 0.09282322 0.051350307 0.16424091 0.3918526 0.3474556 0.27633056 0.26847336 0.13912418 -0.0518932 0.025173917 0.05887189 0.05435674 0.07844272 0.058862843 -0.045582637 -0.07153868 -0.053761683 -0.044563293 -0.03947898 0.02354734 0.11727175 0.16130015 0.23814498 0.279686 0.06603878 -0.06318178 -0.04056811 -0.04294319 -32767.0 -32767.0 -32767.0 -32767.0 -0.1543916 -0.02513409 -0.30120042 -0.5220725 -0.36063758 0.23119053 0.59636515 0.71425676 0.7286619 0.7685624 0.83198756 0.92205006 0.9364033 0.7110226 0.5266913 0.33802754 0.13950348 0.02682643 -0.021051811 -0.13209166 -0.24856183
-0.04760713 -0.01789643 -0.034303784 0.09453476 0.06520863 -0.019528765 0.011289869 0.12114773 0.21866626 0.30927455 0.30643615 0.32981175 0.24791406 0.09401077 0.014999861 0.04493203 0.0036753404 0.03762688 0.05319006 0.0010228355 0.021590581 0.030073255 -0.012575429 -0.027197517 0.020924166 0.042939603 0.009143007 -0.03582723 0.08761077 0.1890359 0.0836695 -32767.0 -32767.0 -32767.0 -32767.0 -32767.0 -0.025617104 -0.17700832 -0.15674509 -0.08389464 0.28441277 0.76362395 1.0177188 0.8591788 0.8266882 0.8260203 0.81966084 0.8484794 0.92404836 1.0697609 1.1978385 1.1198946 0.8561053 0.43890518 0.0044325134 0.010647043 -0.091521606 -0.18732738
0.05553585 0.075776264 0.23959212 0.26524282 0.041812308 -0.07421903 -0.048761442 -0.009748872 0.093657516 0.15833879 0.28591764 0.26866233 0.29479253 0.32444614 0.27965686 0.10381906 0.06435257 0.038482245 0.06446056 0.06945957 0.085139476 0.07811844 0.108733006 0.117143534 0.11366319 0.08197667 -0.002952607 -0.035156965 -0.08539777 0.23812972 -0.06371922 -32767.0 -32767.0 -32767.0 -32767.0 -32767.0 -0.12872574 -0.061990723 0.2580009 0.6839684 1.1152595 1.1345992 0.9426296 0.841123 0.69806343 0.6043535 0.5578307 0.5914462 0.7081434 0.82767445 0.93799216 0.92721784 0.81656086 0.66317344 0.2150127 0.113248594 0.025834652 -0.052881658
0.16030723 0.34900194 0.41901252 0.4343 0.08118922 0.059155487 0.09195406 0.08535121 0.2869415 0.30237305 0.25866202 0.22447065 0.13435242 0.19015159 0.2183894 0.1354541 0.00933973 0.0185217 0.046571773 0.06047117 0.110000275 0.105873674 0.17911851 0.116973 0.07973115 0.08517067 0.032198574 -0.034388155 -0.062407516 -0.09577072 0.096589506 0.005832432 -32767.0 -0.08541596 -32767.0 -32767.0 0.049688812 0.54046375 0.70927256 0.8341873 0.8405762 0.8100909 0.7514865 0.59547126 0.5464258 0.4725344 0.3948616 0.39619 0.52731323 0.68652505 0.72982794 0.74510634 0.72762495 0.63281363 0.5098236 0.25582954 0.21211293 0.048676908
0.24689804 0.24541394 0.24128325 0.27491522 0.15926285 0.11225175 0.0022881092 0.036102284 0.107503094 0.25298718 0.26436228 0.16945729 0.15184322 0.15851662 0.1493637 0.08589618 -0.027050339 0.028797891 0.043959685 0.08826804 0.13046432 0.13986608 0.17321289 0.1449334 0.1963362 0.23117849 0.17928924 0.061581057 -0.016231038 0.09729498 0.07254774 0.0904743 0.15713547 0.0456374 -32767.0 -0.040698767 0.37991259 0.3741028 0.42692187 0.5238208 0.5551794 0.5407391 0.47601345 0.47641337 0.33025765 0.22263755 0.21287256 0.14313032 0.33463013 0.48337084 0.6224033 0.6040935 0.58868647 0.5338489 0.5614247 0.48458573 0.3795742 0.19258766
0.16888933 0.078174345 0.16447826 0.20722762 0.28812513 0.2896824 0.15333754 0.12146241 0.0238087 0.12875181 0.22801456 0.1810591 0.17609306 0.17302011 0.160628 0.113952994 0.12347923 0.14685933 0.19435343 0.2036755 0.2651381 0.21093571 0.18512371 0.1709366 0.22517107 0.28836697 0.3715422 0.39328226 0.29482165 0.23136725 0.34687647 0.3252964 0.43837705 -32767.0 1.128876 1.0290378 0.3188625 0.032730937 0.05255123 0.2059201 0.35423374 0.35546023 0.33023733 0.31248742 0.24208517 0.26621237 0.27809122 0.24140373 0.27319282 0.2295403 0.28249532 0.34815434 0.4086113 0.43062162 0.39004222 0.6005794 0.6635314 0.5458683
0.056773305 0.2020259 0.14331032 0.25313118 0.24606761 0.304185 0.34198955 0.3243495 0.36589196 0.3114822 0.22925907 0.16029085 0.18795142 0.17925863 0.17253093 0.180127 0.18633941 0.23966235 0.23557635 0.25384113 0.25986326 0.22099574 0.13486378 -0.018582245 -0.0017088233 0.1394478 0.31727183 0.45377854 0.53716356 0.52688545 0.049174067 0.279243 -0.07615122 0.2615186 0.3912839 0.06684174 -0.10117578 -0.28476816 -0.21459243 0.024117423 0.15680254 0.21050374 0.22868377 0.27578807 0.26481116 0.25746936 0.2449124 0.20168121 0.15788004 0.036574062 0.08527501 0.17527105 0.23879491 0.29511553 0.2710232 0.5022071 0.82415646 0.9587192
0.30668077 0.077396445 0.07164569 0.22158605 0.35112786 0.39859825 0.38401642 0.36381292 0.29927313 0.29910606 0.34932995 0.2889638 0.20429854 0.22969076 0.21704789 0.24511616 0.32636997 0.306307 0.33310935 0.28905872 0.23575328 0.23576799 0.12560393 -0.10495399 -0.13500972 0.044333413 0.22614078 0.40432855 0.55229616 0.59014547 0.62208456 -32767.0 0.46559688 0.45329192 -32767.0 -0.09115606 -0.22354291 -0.1587047 -0.23055878 -0.0010859403 0.12573609 0.13182998 0.163826 0.20050554 0.23879527 0.19463308 0.13384524 0.15610956 0.04787866 -0.017792303 -0.0909949 0.02817883 0.16327572 0.20252635 0.27740678 0.35414904 0.6331001 0.9166342
-32767.0 0.31133643 0.3506798 0.3897455 0.37522334 0.39685693 0.40968704 0.4018188 0.39940804 0.4296472 0.36466354 0.32914945 0.36017343 0.3463949 0.30214748 0.3113795 0.38689548 0.42648 0.44039404 0.31624797 0.2543521 0.3010225 0.25392005 0.17962515 0.15028828 0.27912253 0.3904535 0.43930933 0.49887115 0.59983474 0.5336592 0.5010717 -32767.0 -0.10095486 -0.016922403 -0.056388 -0.02836288 0.07809382 -0.0017262788 0.1322521 0.15867393 0.110482566 0.13165581 0.1787428 0.15849312 0.08516865 0.07924876 0.15157951 0.23047133 0.19431351 0.003892294 -0.055177383 0.009413506 0.123325974 0.23733908 0.31212506 0.38231707 0.5078252
0.25684744 0.27770725 0.283225 0.26460063 0.3028284 0.3643162 0.4357589 0.428822 0.33960164 0.36635676 0.3957321 0.32551718 0.3384844 0.35998282 0.3299576 0.35086167 0.34912407 0.382188 0.40048543 0.3005988 0.36075607 0.45265675 0.5517472 0.6780581 0.7297138 0.7266877 0.7190591 0.581966 0.5530201 0.5345607 0.42907852 0.78669375 0.6115343 0.25005063 0.15110947 0.15464692 0.1380202 0.06669365 0.31847736 0.3893933 0.26084927 0.12591834 0.15428093 0.16057725 0.12356359 0.063508235 0.02196451 -0.040479135 0.061244495 0.09030788 0.18352015 0.027592117 -0.05854555 0.034521542 0.25093535 0.44116536 0.58312786 0.66560984
0.03010704 0.1563344 0.2069762 0.3177602 0.36406705 0.39588815 0.34599823 0.39696595 0.38683623 0.31712967 0.3070595 0.42267993 0.47467077 0.5675432 0.5985174 0.51771176 0.45650086 0.32989392 0.32961294 0.45048913 0.5330047 0.6498202 0.7921789 0.91474605 0.9565343 0.86551416 0.6937729 0.61207384 0.5582717 0.6153018 -0.13306037 0.51674294 0.8406357 0.8260107 0.63189286 0.5408284 0.47444218 0.5965633 0.7767918 0.60419285 0.33423692 0.21296327 0.19483106 0.121192575 0.09125295 0.09031105 0.07440934 -0.0116591295 -0.02731546 0.028590195 0.06963724 0.22538212 0.18708062 0.061085608 0.12555625 0.261844 0.34810355 0.33031747
0.14872776 0.2889811 0.3567225 0.27265465 0.25794226 0.36493695 0.2958419 0.21184811 0.24647339 0.27978444 0.31167945 0.25562796 0.19830306 0.2798909 0.3123386 0.3526919 0.3495333 0.335045 0.3421006 0.49106964 0.6633966 0.8767891 0.9512623 0.88902056 0.751847 0.62436396 0.5586344 0.5484897 0.5764298 0.63421327 0.48624936 0.032926537 0.37945718 0.95330495 1.3992649 1.4060088 1.2586693 1.2394515 1.002704 0.6007144 0.35465896 0.29518265 0.23221533 0.096848466 0.034695312 -0.022987673 -0.08196696 -0.12915766 -0.13080886 -0.045943964 0.09618114 0.120679356 0.24348699 0.279157 0.10765401 0.04061373 0.0912087 0.1991085
0.23108926 0.28931955 0.32370788 0.22980492 0.21353142 0.268015 0.34644628 0.21772859 0.19228579 0.18189849 0.34043068 0.41316608 0.3871778 0.34182817 0.35644287 0.32048494 0.33774236 0.3684661 0.40179873 0.57281595 0.8178349 0.790689 0.6626371 0.59338087 0.51384544 0.42878917 0.40721342 0.39472425 0.40010747 0.4918221 0.6004564 0.5705782 0.1778225 0.15160367 0.33022332 0.64956725 0.9091087 0.81150985 0.64629674 0.44774145 0.3607972 0.3422824 0.17206632 0.06222923 -0.0035019391 0.0135903 -0.0783278 -0.15931736 -0.10260613 -0.07516365 -0.026472438 0.12832409 0.14934441 0.20272651 0.15547751 0.14926305 0.18955913 0.2051053
0.32913426 0.55245507 0.5312134 0.5140211 0.36619142 0.29615304 0.26182455 0.42097157 0.46380517 0.44375774 0.27631894 0.23380323 0.27358192 0.29884866 0.28902167 0.3440329 0.20351388 0.31655538 0.45926517 0.73727965 0.64823467 0.5106557 0.4161452 0.40070727 0.37209764 0.30925265 0.30028743 0.40889966 0.28365734 0.31911713 0.4411328 0.5908664 0.77798015 0.7752111 0.5751035 0.53119236 0.4977048 0.4528996 0.42530328 0.4326153 0.35099596 0.27355957 0.113129266 0.074029945 0.020120613 0.07696904 -0.060893267 -0.1530235 -0.053528134 -0.0188325 -0.022493865 -0.05577233 0.117998384 0.25172603 0.15586095 0.08838953 0.12905073 0.0023379133
0.439372 0.5638248 0.6394338 0.6029266 0.5420916 0.5043937 0.42828298 0.3734477 0.42276123 0.4455554 0.38117477 0.2559038 0.25036708 0.25211397 0.28054985 0.08911859 0.2708464 0.34493676 0.5955869 0.49581468 0.4211386 0.28252894 0.2740696 0.2662822 0.22953133 0.16280828 0.13624279 -0.08378806 -0.12965253 -0.08567462 0.13096467 0.32627162 0.35770458 0.39283586 0.43138498 0.4875477 0.5502341 0.56754816 0.50301844 0.41446945 0.30770764 0.15252736 0.07081662 0.0761084 0.039770536 0.09052209 0.06877701 0.019343426 -0.008575358 -0.047822565 -0.13502018 -0.15473488 -0.087997906 0.11804716 0.21632604 0.110084385 0.025444325 -0.26970768
0.4605202 0.5398129 0.39582133 0.2593693 0.15633127 0.16245154 0.19824512 0.30761516 0.31130293 0.27426642 0.34069028 0.3925793 0.2536817 0.21881543 0.23311257 0.31807274 0.22476886 0.419086 0.4185586 0.35486823 0.25264135 0.16383341 0.05056509 -0.2140115 -0.34873265 -0.170898 -0.19771035 -0.20290753 -0.1198168 -0.09744188 -0.14358704 -0.032200422 0.22077283 0.4216638 0.5881213 0.68942434 0.65369445 0.5228685 0.3878437 0.30945978 0.24935465 0.08979034 0.056945235 -0.01161409 -0.07874634 -0.022930732 0.005780483 -0.049820635 -0.08768112 -0.18231636 -0.338258 -0.3565132 -0.35871997 -0.3292595 -0.16690442 -0.019710258 -0.27159983 -0.22482336
0.5315214 0.36922652 0.21910647 0.16324039 0.11704763 0.102172494 0.19579515 0.21914919 0.1816554 0.19753893 0.27506387 0.19366232 0.13743515 0.10009414 0.11339736 0.16646236 0.16668712 0.2849105 0.23605973 0.24761628 0.15548341 0.06820598 0.010908015 -0.068798855 -0.184999 -0.21936962 0.016536739 -32767.0 -0.03522233 -0.012799289 0.1947792 0.34473938 0.39037275 0.5598397 0.56177175 0.44903368 0.321366 0.20909569 0.13071942 0.08896304 0.19368468 0.039534234 0.052705865 -0.044295035 -0.11990971 -0.13659897 -0.19958253 -0.23548971 -0.27932495 -0.32584244 -0.33890644 -0.538709 -0.54390764 -0.43626097 -0.35660207 -0.39886394 -0.3763249 -0.15113369
0.34895387 0.19529507 0.3589127 0.46280745 0.35999328 0.31178844 0.18824223 0.2454861 0.19063385 0.16846846 0.29415414 0.26780847 0.18353525 0.069335334 0.16973895 0.19984224 0.14533283 0.3090795 0.21899973 0.19626558 0.10109835 0.0035967617 0.044458948 0.056917068 0.039424554 -0.037358347 -0.33290607 -0.36927858 -0.028491149 0.37162063 0.4041786 0.3478026 0.48615584 0.4180144 0.19595566 0.14904 0.098290816 0.014730324 -0.03261299 -0.030193137 0.1340596 0.00687668 0.0133423675 -0.07250623 -0.114373125 -0.28659806 -0.28851435 -0.05661166 -0.10969121 -0.21854094 -0.20495588 -0.25560695 -0.44050404 -0.69555706 -0.67716265 -0.54935163 -0.26903218 -0.21894403
0.26546833 0.28003633 0.14263979 0.101557165 0.21069667 0.15834907 0.18094383 0.2799629 0.35258517 0.36295286 0.27395445 0.25405616 0.16306269 0.16161105 0.19407316 0.35049766 0.51473165 0.49904248 0.26229185 0.16966426 0.074847996 -0.02185176 0.045496464 -0.059186887 0.019302176 -0.0038587037 -32767.0 0.034782328 0.26351067 0.22905365 0.20574243 0.36782905 0.26846215 0.10591269 0.049812198 -0.007317009 -0.06115273 -0.113256745 -0.15231913 -0.11423659 0.026512897 -0.054472134 -0.057069384 -0.10394855 -0.26713726 -0.35998088 -0.13399258 -0.07561409 -0.072540745 -0.019247836 0.08869279 -0.019493526 -0.1805049 -0.3420579 -0.43003204 -0.3233174 -0.16680725 -0.2692192
0.19890639 0.38257685 0.3716455 0.076208256 -0.042778913 0.017729716 0.0852206 0.18440677 0.31272644 0.30364078 0.16331577 0.17219435 0.24568306 0.3100345 0.42887557 0.7087719 0.7539649 0.43419033 0.29222044 0.14595094 0.06529695 0.0025386098 -0.0065397304 0.028950626 -0.08097988 -0.08993384 -0.046676226 0.17896862 0.1596911 0.08066355 0.15685223 0.18295757 -0.014331536 -0.027949024 -0.09762253 -0.16533552 -0.29354382 -0.2468686 -0.26393595 -0.22329432 -0.09481968 -0.1720942 -0.13806923 -0.21921566 -0.37068653 -0.25562063 -0.07586362 -0.047185875 -0.07175033 -0.06570188 -0.01233547 0.05530127 -0.07424484 -0.21310644 -0.17170465 -0.15502152 -0.13544588 -0.17242292
0.1762857 0.31200194 0.08285974 -0.13071142 -0.05720697 -0.04242076 0.028280813 0.11832217 0.10468282 0.06542875 0.12114401 0.20039631 0.26910856 0.53223664 0.7378456 0.63135207 0.4842079 0.3185175 0.25502634 0.09014204 0.059256382 0.077728905 0.007864794 0.02440283 -0.070260935 0.009174345 0.043589067 0.11931286 -0.016498722 -0.0029296346 0.07597223 -0.04019643 -0.10059235 -0.14280286 -0.23685376 -0.3160979 -0.39303803 -0.4284006 -0.39836022 -0.30689675 -0.25127983 -0.27672952 -0.28826746 -0.4186557 -0.31174493 -0.04862832 -0.15175264 -0.17946437 -0.12130494 -0.08181963 -0.071639836 -0.038119618 -0.029193448 -0.1406355 -0.15632299 -0.0947053 -0.105395816 -0.091292396
