static/data/seaWater_uo/2023/7/24/12.asc
ncols 137
nrows 93
xllcorner 108.0
yllcorner 17.0
cellsize 0.25
NODATA_value -32767
[rows 25 to 49 of 93, columns 58 to 115 of 137]
-0.2099687 -0.14972739 -0.09703277 0.029556844 0.14356616 0.10407511 0.15050438 0.21830358 0.24417058 0.2347789 0.21968402 0.20837902 0.2517046 0.27363634 0.36345744 0.3749802 0.36692205 0.31073287 0.26540446 0.48949668 0.47172022 0.42648384 0.4305753 0.46730673 0.5138778 0.50818396 0.45720845 0.38288894 0.2337218 -32767.0 0.06515935 -0.19753037 -32767.0 -32767.0 0.010074963 0.14952894 0.32615378 0.24031468 0.11057644 0.109899454 -0.137748 -32767.0 -32767.0 -32767.0 -32767.0 -32767.0 -32767.0 -32767.0 -32767.0 0.075814605 0.0054139188 0.047670286 -32767.0 -32767.0 0.23128918 0.17767751 -0.11784737 -0.36197165
-0.008346871 -0.14198926 -0.19003007 -0.13021082 -0.04036262 0.0011354741 0.01023403 0.07052882 0.13436559 0.15485801 0.15705115 0.19932203 0.2282342 0.2755687 0.31117362 0.22294849 -32767.0 -32767.0 0.11916409 0.22533606 0.31717402 0.3370585 0.3461148 0.38240716 0.37301442 0.3253409 0.3037061 0.22156449 0.08654402 -0.03421327 -0.11940518 -32767.0 -32767.0 -32767.0 -32767.0 -32767.0 -32767.0 0.19487017 0.23949707 0.20778123 -32767.0 -32767.0 -32767.0 -32767.0 -32767.0 -0.0038702674 -32767.0 0.034750737 0.041112524 0.27205753 0.28387773 -0.046995163 0.047512554 -32767.0 0.074511476 -0.117759496 -0.23853749 -0.14357868
0.010065267 -0.07432861 -0.16615796 -0.14109595 -0.084133536 -0.045063246 -0.030085258 0.016644394 -0.03415105 -0.030897213 -0.03313049 -0.026885785 0.006650151 0.05028486 0.14396909 -32767.0 -32767.0 0.014657671 0.115132116 0.19431584 0.2005353 0.30199552 0.29743686 0.35461965 0.3144836 0.2295075 0.11810817 0.037238844 -32767.0 -32767.0 -32767.0 -32767.0 -32767.0 -32767.0 -32767.0 -32767.0 -32767.0 0.1715783 0.26286998 0.26894733 -32767.0 -32767.0 -32767.0 -0.031234715 0.05561056 0.33059174 0.3789036 -0.011733992 0.033596605 0.34545684 0.3310321 0.28506836 0.13222644 -0.12093194 -0.26450095 -0.32910237 -0.2481043 -0.092988886
0.02816354 0.021921579 0.0127183655 -0.0300192 -0.047985107 -0.057365313 -0.07832569 -0.08406545 -0.08712387 -0.079592936 -0.05982005 -0.031705175 -0.13754614 -0.23077656 -0.19196887 0.030257417 0.09693402 0.118400924 0.14503889 0.200217 0.2584803 0.2743072 0.3238763 0.3051633 0.2088225 0.13397643 -32767.0 0.05590811 0.028566075 -32767.0 -32767.0 0.079189874 -32767.0 -32767.0 -32767.0 -32767.0 -32767.0 -32767.0 0.17373201 0.27087325 -32767.0 -32767.0 -0.06316978 -0.099269435 0.10396614 0.048652094 0.13480102 0.29885527 0.49705666 0.38510144 0.16754241 0.015517031 -0.17884785 -0.3149967 -0.34459713 -0.22426052 -0.08074609 0.011965873
0.17321528 0.110213876 0.116264306 0.13212478 0.03659047 0.04995214 0.098584265 0.009343624 0.034521356 -0.04401168 -0.031879082 0.060307212 -0.14957175 -0.22283714 -0.12439055 -0.0704739 -0.034089424 -0.008454682 0.110389195 0.19856687 0.17068584 0.20382337 0.23146696 0.23237227 0.19482835 -32767.0 0.056342345 -0.008032991 -0.0036595045 0.08369613 -0.03998451 -32767.0 0.07036873 -32767.0 -32767.0 -32767.0 -32767.0 -32767.0 0.38645396 0.47366294 0.42846057 0.12263214 0.46950945 0.6294878 0.6977929 0.78550553 0.7237837 0.21568017 0.3070808 0.20805712 0.12591748 -0.094977275 -0.16851546 -0.071923934 0.014777395 0.06630855 0.15500581 0.17081575
0.28147405 0.18911006 0.1541231 0.093753405 0.1992704 0.30629352 0.13412383 0.024447218 0.07296473 0.15547846 0.07894901 -0.03440051 -0.1280793 -0.18105929 0.0022868814 -0.0043477216 -0.01582015 0.024100022 0.09962942 0.114437334 0.068405345 0.05222755 0.11040036 0.15039095 0.31369153 0.42145196 0.31443605 0.25309718 0.019824112 -0.069408745 0.03347062 -0.002087902 0.013721325 -32767.0 -32767.0 -32767.0 -32767.0 0.21220605 0.28286272 0.19633569 -0.14197315 -0.22776322 -0.008730944 0.35546264 0.63383627 0.73149276 0.68419063 0.74895114 0.3460528 0.10321729 0.16944377 0.19868891 0.23793921 0.41910487 0.422136 0.2867705 0.2570574 0.15150353
0.29933307 0.26096442 0.15769984 0.21423654 0.15301628 0.16348523 0.22046766 0.18569215 0.18108529 0.2141192 0.1318375 0.010837478 -0.029645972 0.096632734 0.13003935 0.1097945 0.044603206 0.048009474 0.03835606 0.043322597 0.018637791 -0.017903898 -0.033124343 0.06591413 0.133667 0.26263607 0.38133267 0.4923742 0.48348364 -0.049202535 -0.06504001 0.25363746 0.21988387 -32767.0 -32767.0 -32767.0 -32767.0 0.25887677 0.11927863 0.07253341 -0.21197063 0.00887851 0.47262856 0.83633167 0.8684564 0.84519225 0.78608584 0.92368966 1.1120175 0.8354103 0.29197335 0.19629078 0.13596919 0.17163461 0.40959096 0.28315464 0.1381044 0.07023407
0.12721817 0.25273675 0.17272891 0.21197085 0.168142 0.1617131 0.27159226 0.32944843 0.23485777 0.07099957 0.04724222 0.026726935 0.051833425 0.11972211 -0.009128066 0.03633194 0.061127823 0.018568624 0.013584915 0.022229685 -0.008060345 -0.035754148 -0.014876792 0.03785258 0.13868777 0.24847728 0.29439822 0.3273109 0.38303235 0.30453733 0.019188743 -32767.0 -32767.0 -32767.0 -32767.0 -32767.0 0.13851579 0.150635 0.07605643 0.37080827 0.7103643 0.9791003 1.186903 0.95010835 0.87621444 0.9341054 0.8939898 0.9167918 1.0798929 1.3054099 1.4796518 1.4188317 1.0807539 0.7099278 0.37386107 0.31198943 0.069057964 0.019595614
0.14783259 0.25884554 0.27652508 0.13805452 0.20030981 0.23880064 0.116003945 0.09208535 0.0970259 0.20410295 0.19021909 0.17378725 0.09629525 0.045911796 0.046799783 0.079440914 0.052883137 0.042812604 0.032535598 0.0050136335 -0.042986453 0.08584344 0.17373586 0.22088365 0.23957808 0.26239586 0.28093222 0.29909194 0.27564985 0.38489398 0.06254024 -32767.0 -32767.0 -32767.0 -32767.0 -32767.0 0.22330354 0.51287013 0.79881644 1.0497189 1.1522777 1.0854993 1.0130839 0.9011129 0.7601529 0.6499809 0.6662248 0.7267743 0.8149806 1.0028474 1.1731564 1.2892842 1.2706852 1.1400645 0.5825697 0.34224743 0.069617875 0.056521337
0.21118334 0.2028772 0.17520484 0.025758686 0.05141257 0.08225225 0.11583396 0.03741298 0.026541328 -0.038358502 0.053552 0.18051915 0.057965517 -0.010911484 -0.0077419 0.058982544 0.08313069 0.11149703 0.07549978 0.05061914 0.1804502 0.11512864 0.05061433 0.077679895 0.13162683 0.14481233 0.20240724 0.21971485 0.22998267 0.100257166 0.060557052 0.107635275 -32767.0 0.044538952 -32767.0 -32767.0 0.18299478 0.6140323 0.67478496 0.80955195 0.9200481 0.8419227 0.7856017 0.7018812 0.5894316 0.5760206 0.550691 0.5538959 0.63085604 0.80267847 0.949689 0.99409163 1.0100117 1.0482019 0.9417386 0.37667456 0.15208824 0.10905821
0.14921422 -0.06117355 -0.21324727 -0.14958075 0.12241339 0.062334724 0.07483887 0.13869569 -0.10939296 -0.08592215 -0.026788525 0.0556209 0.15314366 0.05915706 0.008074965 0.054977577 0.113247626 0.11411881 0.11662549 0.17176688 0.23591295 0.1428447 0.14287616 0.18210618 0.22141732 0.24934529 0.26571402 0.24870639 0.27575025 0.32894725 0.18643346 0.16179818 0.21687457 0.12549624 -32767.0 0.09769652 0.30431533 0.31980404 0.37190324 0.47368157 0.54155374 0.5825662 0.5743225 0.49265012 0.43849415 0.3714882 0.3948546 0.31914896 0.4057611 0.5572743 0.6909588 0.85003847 0.8800174 0.86396575 0.95593286 0.50649595 0.28746605 0.16605578
0.015414275 -0.010366325 0.026352292 0.066020235 0.059790075 0.1351253 0.0046236115 -0.050375335 -0.10955763 -0.1359657 -0.07925892 -0.009054402 0.08342231 0.08723286 0.09653933 0.1213252 0.19368076 0.14305072 0.20482437 0.22160701 0.19319639 0.12905335 0.09313998 0.09382375 0.115376085 0.19411466 0.30794728 0.42955616 0.46276963 0.3881195 0.5225986 0.47772053 0.49759215 -32767.0 1.1569144 1.2047118 0.430797 0.058567267 0.044839293 0.11736815 0.20949881 0.33268306 0.393307 0.35332775 0.34104788 0.4101226 0.38189217 0.37239274 0.33678007 0.4207661 0.38422823 0.49754792 0.6475488 0.69838387 0.8102999 0.8005787 0.40097278 0.3327096
-0.13763851 0.12780197 0.014382955 0.08753749 0.04951925 0.077387795 0.1501646 0.1345259 0.11511196 -0.021915067 -0.073921695 0.026192276 0.043003116 0.10587858 0.11599437 0.1762159 0.20643078 0.16574177 0.14524469 0.05306602 0.05999645 -0.080660544 -0.04693864 -0.057243843 -0.0659436 -0.02934136 0.15661986 0.36647195 0.5388545 0.6163729 0.057109557 0.262313 -0.055510174 0.23697399 0.37451977 0.01274878 -0.11757377 -0.16260219 -0.23360845 -0.07614634 0.1330827 0.26920772 0.2816143 0.25511688 0.22387457 0.2588255 0.33014265 0.28923145 0.2359319 0.21530978 0.21917154 0.26824686 0.4057769 0.51809573 0.689472 0.9184822 0.9405364 0.7471567
0.16964775 -0.09862864 -0.0770426 0.0140321115 0.10251813 0.08877758 -0.0066908044 0.07062565 0.054094676 0.038253225 0.058840897 0.102328636 0.14864509 0.12568521 0.1843873 0.23156856 0.23312381 0.16687466 0.098195836 0.0013291535 -0.045236852 -0.18388706 -0.08287343 -0.05388188 -0.042450577 -0.017326133 0.05556297 0.24011713 0.43268007 0.5637985 0.5990551 -32767.0 0.45961276 0.42201602 -32767.0 -0.051309172 -0.14603071 -0.10364803 -0.18592173 -0.040075257 0.114245504 0.18195148 0.16050315 0.13426588 0.090288885 0.15603796 0.17248486 0.17880316 0.15284507 0.16547155 0.051988408 0.11731884 0.18762721 0.35048854 0.6031143 0.88136584 1.0762323 1.1808181
-32767.0 0.08762823 0.15657353 0.0818296 0.08193509 0.036804345 -0.011698457 0.066411436 0.0763311 0.112262964 -0.037739597 -0.016399063 0.08699469 0.13253897 0.15112026 0.11674304 0.14097358 0.18324792 0.034499194 -0.004384064 -0.04372213 -0.12040009 -0.06336015 0.11780436 0.24946165 0.24959074 0.17614926 0.26399535 0.4207311 0.48230806 0.48085877 0.43888003 -32767.0 -0.15672836 0.060867395 0.023473581 0.12928227 0.2089534 0.17334458 0.25200212 0.2696006 0.2024899 0.09639054 0.0876914 0.057012588 0.03992938 0.017181454 0.10624034 0.21506983 0.25271535 0.10761077 0.027921408 0.12130633 0.30445263 0.51079243 0.66845274 0.7743765 0.79040724
0.12450655 0.011086298 -0.017465604 0.0027775154 -0.06626348 -0.0024411543 0.061283708 0.1010919 0.07429936 0.07574583 0.067945376 0.039716847 0.0106742205 0.089403495 0.17688489 0.24318777 0.1756786 0.09456847 0.008051477 -0.039958127 0.012261268 0.15302971 0.32423618 0.44930938 0.5004204 0.42833328 0.44492018 0.44840997 0.39033788 0.40972164 0.39270476 0.6964949 0.6952981 0.29428232 0.21038622 0.17186256 0.22903323 0.20055541 0.3852919 0.6080604 0.4808663 0.2706134 0.05992449 0.051276557 0.019494787 -0.0026661663 0.010422426 0.08654202 0.14448106 0.20460038 0.27077183 0.10510361 0.04466858 0.17021237 0.321382 0.49264315 0.64249176 0.73391396
0.117014594 0.021007638 -0.005055722 0.041638173 0.091444574 0.08679532 0.04760053 0.05535214 0.17043494 0.1171887 0.14337675 0.124815665 0.19681166 0.2841073 0.31528413 0.28330693 0.20703924 0.100467816 0.14043757 0.16507407 0.28004533 0.39848253 0.4721167 0.57520056 0.65733194 0.6766404 0.6154896 0.48840195 0.33984035 0.39620724 -0.10245246 0.35239753 0.7763525 0.9050358 0.68461156 0.703878 0.6888225 0.81240773 0.986863 0.91479427 0.6107685 0.29318866 0.05605214 0.04728804 -0.0036232723 -0.020384863 -0.010053528 -0.020999111 0.011163965 0.084768236 0.23612271 0.33816507 0.18535976 0.14216769 0.16715078 0.29577982 0.39125094 0.37223104
0.033711806 0.105590224 -0.008633418 -0.024675775 0.01551385 0.023047602 0.06538626 -0.00023670206 -0.019171303 0.006845193 0.0865132 0.14540367 0.18530689 0.14721702 0.0401397 0.044097796 0.12437165 0.17777027 0.22047849 0.2875455 0.33981243 0.5614998 0.6789487 0.7332688 0.78059775 0.65209836 0.520685 0.38930395 0.3108356 0.39720383 0.37234977 0.0774404 0.18449667 0.73842955 1.2271186 1.5438064 1.6360102 1.6248814 1.4049594 0.8627566 0.50817245 0.20277385 0.043619696 0.057423916 -0.01049729 -0.061779227 -0.12850164 -0.093936704 -0.0910996 -0.030708747 0.16823272 0.27966732 0.3805026 0.30813026 0.20883255 0.06867928 0.009945164 0.0646389
0.087504715 0.03685763 -0.03916544 -0.08108929 -0.0883095 -0.097787574 0.030311491 0.06821975 0.051657464 -0.01072099 0.028171876 0.15440057 0.20082264 0.16541837 0.10599549 0.14082862 0.13029186 0.112812914 0.14696214 0.26652437 0.4790761 0.55155027 0.6263256 0.62665516 0.50607044 0.405786 0.34022924 0.33800736 0.30455568 0.4155244 0.4716324 0.35871428 0.1758586 0.14003429 0.3043129 0.5115015 0.52584374 0.5496645 0.4697923 0.44878057 0.2790335 0.13116784 0.06897892 0.043538366 -0.029210651 -0.16702011 -0.17678489 -0.025107909 0.06210624 -0.07593218 -0.009685828 0.1868646 0.28816438 0.34815428 0.31673983 0.17406197 0.060487717 0.04188719
0.2267326 0.26855487 0.3515092 0.3523236 0.4019947 0.16326469 0.044194277 0.076562874 0.23829687 0.21995988 0.13571808 0.019607132 0.04735247 0.032138143 0.13172884 0.08118406 0.05113257 0.0059294826 0.18800093 0.32365152 0.4479799 0.5008591 0.46201488 0.3700175 0.34022382 0.1906889 0.08946796 0.10273866 0.40292412 0.31294337 0.33905712 0.42374003 0.63144976 0.70856255 0.67832166 0.4764717 0.44707164 0.40665343 0.32368588 0.25687194 0.22155526 0.12757298 0.093478315 0.008139525 -0.0570997 -0.12766977 -0.0817826 -0.001710074 -0.019514486 -0.06533652 -0.011742496 0.10415237 0.18882036 0.26278996 0.17587273 0.08418718 0.032755222 0.028764535
0.18080759 0.28398365 0.39138764 0.49872428 0.52505505 0.47728428 0.39423993 0.1658889 0.04642177 0.026996816 0.09398854 0.072528854 0.057798527 0.053859618 0.0126806665 -0.055033937 -0.07711341 0.06069128 0.15169612 0.3534095 0.32468346 0.3356059 0.23432654 0.25083518 0.232831 0.08067852 0.012661347 -0.062348273 -0.2123818 -0.1287763 -0.060776886 0.07872927 0.2247023 0.26925796 0.2724416 0.3298778 0.39258686 0.43899247 0.476856 0.40782973 0.26620638 0.105124354 0.05990436 -0.04626154 0.0003474038 -0.04367659 0.017419253 -0.0025055096 -0.11592888 -0.07548237 0.0030504083 0.025595315 0.15012224 0.25007385 0.17540555 0.11037963 -0.013122189 -0.2796261
0.37477946 0.4329656 0.40314454 0.17527139 0.07103549 0.11426838 0.15613359 0.1065066 -0.047036245 -0.06530814 0.028757116 0.09248506 0.069985695 0.02667797 -0.046479035 -0.10420808 -0.018325472 0.035023175 0.1819435 0.19430643 0.22849394 0.17328827 -0.029679833 -0.28055575 -0.3924492 -0.3668569 -0.40099657 -0.39765164 -0.24049905 -0.31318206 -0.29986107 -0.23638764 -0.016926862 0.23893085 0.37223253 0.5123781 0.633534 0.67755526 0.6359937 0.47477365 0.22459774 0.038493346 -0.023291761 -0.069415964 0.030464428 0.029825155 -0.016027136 -0.06164248 -0.16127019 -0.235845 -0.31263697 -0.167207 -0.1004881 -0.18044083 -0.07449831 -0.07659485 -0.18193293 -0.3104658
0.3788293 0.35711697 0.1735455 -0.038084753 -0.15308338 -0.073270306 0.016546085 -0.02332432 -0.08459673 -0.055917595 -0.06716423 -0.09012114 0.0013901858 0.004822441 -0.112621345 -0.058617793 0.015961025 -0.05882976 0.12743737 0.13455132 0.16605744 0.109347336 -0.09139371 -0.24553452 -0.3650638 -0.36408687 -0.09723648 -32767.0 -0.121565804 -0.24935669 -0.04303168 0.17052105 0.27087396 0.32921922 0.52204365 0.54293966 0.46891454 0.46905872 0.42248797 0.3977509 0.18282513 0.004463207 -0.09115531 -0.10703045 -0.07995073 -0.12342669 -0.18632539 -0.20907056 -0.2381433 -0.38027596 -0.5106682 -0.5479813 -0.30164522 -0.22134206 -0.19389278 -0.24691541 -0.4347158 -0.29664597
0.3695086 0.17848113 0.08337841 0.34648162 0.3416224 0.3443681 0.05808741 0.05353052 -0.006956143 -0.116299815 -0.09035341 -0.10898541 -0.059419822 -0.032837916 0.043973595 0.07823031 0.08400956 0.048912264 0.22827561 0.18299322 0.14914921 0.0814552 -0.06845156 -0.009034655 -0.04264713 -0.07689734 -0.46008912 -0.49167588 -0.23703964 0.076585054 0.25113893 0.21644226 0.26358068 0.4268501 0.34987104 0.42096382 0.45040524 0.43452138 0.32448685 0.2289008 0.084946595 -0.032273356 -0.12563376 -0.0980663 -0.11640228 -0.18508783 -0.30156702 -0.20042424 -0.18969914 -0.15904842 -0.26601866 -0.47730675 -0.5542045 -0.48530376 -0.47712606 -0.53845775 -0.4096288 -0.33482924
0.2678214 0.027741527 -0.083372675 -0.034875914 0.22637832 0.29975572 0.25668308 0.13308467 0.084829345 -0.090212986 -0.042240564 -0.04180498 -0.06805706 1.5950936e-06 0.09275112 0.12924033 0.30799508 0.43276194 0.38076794 0.2490151 0.147958 0.030243332 -0.13240573 -0.21358573 -0.1765064 -0.097863235 -32767.0 -0.24489103 -0.02774094 0.16653441 0.11697375 0.16640629 0.2943416 0.20605843 0.3066281 0.4134086 0.3853121 0.32939142 0.22567216 0.13087001 -0.06643878 -0.080314025 -0.14107785 -0.12183037 -0.1593303 -0.31782582 -0.17352897 -0.2007475 -0.15112667 0.03840731 0.10178875 -0.19861528 -0.33294496 -0.5471809 -0.54465276 -0.4128814 -0.35124144 -0.2873571
