static/data/seaWater_uo/2023/7/24/18.asc
ncols 137
nrows 93
xllcorner 108.0
yllcorner 17.0
cellsize 0.25
NODATA_value -32767
[rows 50 to 74 of 93, columns 58 to 115 of 137]
0.01714812 0.053610347 0.024681378 0.10866356 0.10152626 0.00085123786 -0.09740228 -0.16893418 -0.057215966 0.00052628305 -0.08170028 -0.093511194 0.06645587 0.2484807 0.47527364 0.5860408 0.588565 0.41593346 0.19455723 0.071788065 -0.023683809 -0.21653801 -0.2148512 -0.18549645 -0.18635099 -0.05873872 -0.16431923 -0.09480813 -0.08937939 -0.028588109 0.0031188768 0.037122667 -0.035543673 -0.013098403 0.19245656 0.2621005 0.17290619 0.00065001106 -0.10037036 -0.20200527 -0.2980402 -0.30044425 -0.29220098 -0.2786921 -0.4005522 -0.1829763 -0.23822692 -0.27407303 -0.26019612 -0.1799501 -0.028033964 -0.09714027 -0.3238225 -0.3627976 -0.39158618 -0.33774036 -0.3274942 -0.3833961
-0.07253473 -0.1740708 -0.3038162 -0.21300586 -0.0935737 -0.100401685 -0.16702361 -0.21219069 -0.1676725 -0.21368775 -0.1873058 0.018127166 0.15384503 0.47189534 0.42717135 0.25978395 0.19538322 0.15270539 0.07817822 0.13762425 -0.08484007 -0.15490097 -0.16147825 -0.17749555 -0.11634448 -0.09675713 -0.13905817 -0.23049003 -0.22814144 -0.1112275 -0.060890052 -0.07779537 -0.12646152 -0.0621441 0.049689315 0.0048877406 -0.07993783 -0.17301847 -0.2574957 -0.40780288 -0.34136197 -0.38243172 -0.32886285 -0.43160206 -0.28037968 -0.17301057 -0.1777737 -0.19855505 -0.20154293 -0.13392831 -0.061856546 -0.09669922 -0.3265788 -0.37659565 -0.27860597 -0.29943308 -0.23329027 -0.21722876
-0.13225098 -0.23710167 -0.32738882 -0.30814007 -0.40618628 -0.36465275 -0.40580156 -0.39885923 -0.33792755 -0.31776884 -0.14343567 0.02829228 0.24206208 0.33556494 0.29174587 0.17009646 0.15903638 0.05387446 0.08139459 -0.11188579 -0.16717449 -0.14570563 -0.07827419 0.027512623 -0.06223915 -0.14586714 -0.1401977 -0.20915848 -0.3415006 -0.23008129 -0.15745614 -0.16172293 -0.21478066 -0.19994403 -0.17252912 -0.22695945 -0.2749427 -0.36203995 -0.48446155 -0.4555641 -0.47193328 -0.4295817 -0.53096014 -0.44483152 -0.3614619 -0.34812734 -0.31952298 -0.29152694 -0.22626516 -0.12897997 -0.02722909 -0.019340556 -0.13115217 -0.15128031 -0.2336923 -0.17056455 -0.24714343 -0.18000749
-0.10112744 -0.1066151 -0.18019044 -0.2639765 -0.23946404 -0.40138096 -0.17639072 -0.1789064 -0.25841728 -0.12278515 -0.067941815 0.076679066 0.3238458 0.43285006 0.22120397 0.055261053 0.051908318 0.06813791 -0.09324065 -0.26030973 -0.043718707 -0.02303228 0.048459314 -32767.0 -0.001371378 -0.108862385 -0.15641896 -0.11839439 -0.25289518 -0.3048647 -0.23382328 -0.19914721 -0.26303422 -0.32124352 -0.3726288 -0.42900565 -0.49738187 -0.55106604 -0.5425518 -0.54225546 -0.53927153 -0.59951085 -0.56760657 -0.5331432 -0.54775614 -0.5292389 -0.5234263 -0.47853228 -0.3903233 -0.28938964 -0.10828278 0.056022566 -0.04299933 -0.07263771 -0.18373463 -0.19421318 -0.16071115 -0.23095672
-0.11562825 0.05324832 0.12353908 -0.030814901 -0.17576754 -0.06369871 -0.026377073 0.023294201 -0.01330945 -0.18623382 -0.045431945 0.24709933 0.27448478 0.18661739 0.015345964 -0.038618434 -0.009575903 0.018212786 -0.0779928 -0.013717982 -0.09522938 -0.016771954 -0.05556175 -0.028518567 0.008116265 -0.051751383 -0.17359073 -0.15664476 -0.13900112 -0.26291358 -0.27175888 -0.22059791 -0.27744603 -0.37565053 -0.40849322 -0.48589918 -0.5639278 -0.5555025 -0.60259944 -0.6106853 -0.67442304 -0.60929537 -0.6427449 -0.62177336 -0.59890854 -0.55191076 -0.5315427 -0.54346037 -0.5067844 -0.43171388 -0.27393648 -0.013777163 0.07517186 -0.07855402 -0.1874485 -0.24472491 -0.24682191 -0.3189837
0.028402139 0.18209656 0.30062392 0.2561883 0.17388788 0.2501401 0.24627379 0.16954555 0.072467 0.049557965 0.1649587 0.2383347 0.14183785 -0.035074145 0.007359938 0.010071712 -0.018034304 -0.02763892 0.07213872 0.09322375 0.06520267 -32767.0 -0.03974517 -0.0074100574 0.09046384 0.06246913 0.07944561 -0.065422155 -0.13546056 -0.203697 -0.26642242 -0.25735354 -0.26286617 -0.3573214 -0.3738064 -0.42698628 -0.51293707 -0.56000817 -0.59856373 -0.6929548 -0.62894046 -0.6496571 -0.6740868 -0.62027353 -0.55185485 -0.48225886 -0.43591002 -0.4675389 -0.4455779 -0.41463754 -0.34322527 -0.1656262 0.089598574 0.0049612364 -0.13802144 -0.25853238 -0.34845835 -0.29065487
-0.13770394 0.20609884 0.50975484 0.6039769 0.6245981 0.5704153 0.42449933 0.32040337 0.2502715 0.3416184 0.49584895 0.4355437 0.24037467 0.30924714 0.39468938 0.2937837 0.10334068 -0.09661233 -0.0807026 0.06176469 0.23634866 0.37941325 0.27130687 0.15435372 0.031128958 0.17270777 0.25108597 0.20998636 -0.038963497 -0.19241841 -0.262919 -0.3174551 -0.24746256 -0.27401972 -0.34700066 -0.39436477 -0.4480632 -0.5257865 -0.6166889 -0.6017434 -0.6323791 -0.6320556 -0.6216863 -0.5786333 -0.47180495 -0.2644938 -0.2364547 -0.3323513 -0.3183342 -0.2658733 -0.29775122 -0.23608346 -0.060995404 0.14901634 0.07208071 -0.1365206 -0.14626665 -0.14314371
-0.0100082485 0.33893377 0.5421238 0.5370644 0.63905734 0.6397771 0.8229013 0.7885621 0.7942044 0.67858416 0.4150211 0.37123662 0.4971417 0.4970046 0.46544284 0.40086186 0.16975118 0.09318107 0.17295983 0.2951585 0.4070752 0.5718162 0.58370525 0.34915054 0.28441447 0.28221834 0.22026417 0.086597465 -0.14834285 -0.24253446 -0.24156487 -0.30973518 -0.31432623 -0.21714625 -0.285947 -0.3366577 -0.39954734 -0.5362675 -0.5210712 -0.5175342 -0.5107784 -0.42018223 -0.31017816 -0.35832924 -0.44542497 -0.36308077 -0.20788048 -0.26933196 -0.32341686 -0.14233765 -0.19445556 -0.24965459 -0.16227664 -0.03936131 0.26496285 0.20082092 0.03426791 0.0866105
0.10769851 0.4135264 0.46829352 0.4197442 0.44903624 0.41649127 0.4257739 0.34879962 0.27423552 0.17374061 0.39910218 0.41429254 0.30502877 0.02156173 0.085258804 0.16716403 0.09761868 0.13910848 0.28777176 0.22828248 0.2811452 0.32703936 0.32170004 0.20674819 0.16956517 0.21362491 0.09712195 -0.118512355 -0.29729187 -0.28838646 -0.22265534 -0.23791562 -0.37442958 -0.30710077 -0.26900944 -0.345971 -0.39926538 -0.4306194 -0.39925596 -0.41495237 -0.3316896 -0.194546 -0.12152683 -0.13903145 -0.2871389 -0.3024429 -0.2805847 -0.303678 -0.37774864 -0.2194963 -0.14374432 -0.23769426 -0.2386529 -0.13923119 0.030216305 0.26835173 0.34189418 0.30603406
0.5917172 0.34222817 0.35159224 0.31954882 0.2685256 0.12163694 -0.1183337 -0.14800125 0.118748784 0.26122704 0.2063696 0.20834923 -0.040651526 -0.045229156 0.08066055 0.027073719 0.09545715 0.17666402 0.10502644 0.1920468 0.22625855 0.103124045 0.014438542 0.037624415 0.07783065 0.03924573 -0.054323353 -0.22382434 -0.27262032 -0.2796559 -0.22522181 -0.13098165 -0.25234553 -0.41731519 -0.34731925 -0.34079683 -0.33490393 -0.2621174 -0.27008346 -0.28306612 -0.19347885 -0.06881533 -0.03535479 -0.14956799 -0.21380433 -0.18897459 -0.19287287 -0.28490487 -0.27626756 -0.19688517 -0.08763164 -0.19773026 -0.25693482 -0.16374123 -0.039734412 0.076476604 0.12053931 0.18036014
0.6602921 0.41778043 0.26090762 0.13853529 -0.006232933 -0.14256689 -0.06373342 -0.003829322 0.04207123 0.009429334 0.05480013 0.0036281615 -0.07231931 -0.03343872 -0.009112031 0.015779346 -0.053920854 -0.079031624 0.100571685 0.21698782 0.16238573 0.029993415 -0.089787506 -0.20851193 -0.20929754 -0.123541385 -0.14803912 -0.2258999 -0.24741232 -0.20011227 -0.06283483 -0.057923082 -0.07224492 -0.33287567 -0.38746098 -0.34920385 -0.23108472 -0.111788325 -0.10082126 -0.13216846 -0.09830538 -0.03197523 0.015264093 -0.0003487884 -0.043552108 -0.1000478 -0.13075154 -0.09374676 -0.02431025 0.022661155 0.03704735 -0.03462325 -0.24593797 -0.19382839 -0.04612439 0.030041235 0.055382207 0.054481212
0.591722 0.30965438 -0.0007090984 -0.20922679 -0.30530757 -0.13706954 0.058948174 -0.07127874 -0.019283801 -0.040491175 -0.14958529 -0.07083867 0.05933897 0.025565961 -0.11002286 -0.22297928 -0.12390757 0.07486822 0.15777804 0.11110067 -0.020150159 -0.19773613 -0.35269138 -0.35325873 -0.30462766 -0.23467448 -0.25089693 -0.29383305 -0.20624034 -0.003759169 0.022704232 -0.06568054 -0.027016653 -0.12508275 -0.28282437 -0.26390383 -0.15121132 -0.045504283 0.016870247 0.038885 0.024427567 0.06325033 0.10063239 0.102868654 0.002817954 -0.027511975 0.046426166 0.17313492 0.23399068 0.20391378 0.11521166 0.0723628 -0.071827866 -0.14122903 0.014776988 0.0168713 0.01973939 0.0017810463
0.24789903 -0.036734372 -0.28106776 -0.23793283 -0.02980061 -0.025132405 -0.08341374 -0.07261133 -0.16788855 -0.071481116 -0.11862901 -0.11463431 0.07343353 0.1530349 0.0730728 0.020178603 -0.007347524 0.04821005 0.03638279 -0.06355054 -0.25277022 -0.42265964 -0.3900514 -0.26312903 -0.25074455 -0.32528332 -0.36166245 -0.20359425 -0.011732043 -0.007410995 -0.04736809 -0.119069375 -0.082564436 0.01954929 -0.0057309167 -0.0509214 -0.05044743 -0.0039279815 0.07430124 0.10946908 0.1204501 0.11566019 0.19541362 0.29509178 0.3935606 0.45914686 0.44930992 0.3479597 0.2218283 0.13067743 0.1136419 0.06684135 -0.0024067801 -0.06354697 0.046794325 0.09996595 0.03886324 -0.048185587
-0.08421567 -0.29265526 -0.38983735 -0.43160963 -0.47029728 -0.46315572 -0.30151734 -0.2604121 -0.21368285 -0.123402275 -0.106235996 -0.10324154 0.04027855 0.13846478 0.100840054 0.01694801 0.039160974 0.008436429 -0.0558034 -0.2237827 -0.39657748 -0.35940364 -0.22136036 -0.2212374 -0.34271693 -0.3984223 -0.17278323 -0.068858 -0.13329455 -0.14221042 -0.12855205 -0.10124363 -0.07273711 -0.014447329 0.100615695 0.17674027 0.27595672 0.2997746 0.33922192 0.38314584 0.47063655 0.5332531 0.6089852 0.6409328 0.6171682 0.5432965 0.36022955 0.1885975 0.051535103 0.031043382 0.07459952 0.063528374 0.008395164 -0.0612323 0.01666217 0.011023179 -0.07954864 -0.13410161
-0.30050507 -0.36227524 -0.3464156 -0.37439212 -0.33737996 -0.29286677 -0.1816945 -0.07796655 -0.0492233 -0.05455961 -0.09965121 -0.109707914 -0.035737388 -0.011798469 -0.1120138 -0.061008044 0.018981798 -0.017087808 -0.100728735 -0.28613034 -0.2963612 -0.22048903 -0.3356464 -0.3505384 -0.2717416 -0.1805425 -0.21157013 -0.23447455 -0.2636309 -0.2431427 -0.20051181 -0.12748891 -0.07162129 -0.012652605 0.056730818 0.17226249 0.2950031 0.4101911 0.4548127 0.5198698 0.5546742 0.5731523 0.48899436 0.3872743 0.3037523 0.2763852 0.17043717 0.098537505 -0.07734734 -0.02579613 0.021119693 0.05047645 -0.028179597 -0.048989348 -0.007990294 -0.11357408 -0.1719854 -0.20939864
-0.34753415 -0.3068322 -0.27087983 -0.1511163 -0.059722252 0.045573752 0.108942546 0.15548128 0.120213024 0.057172585 -0.061756074 -0.1141774 -0.082518935 -0.124681905 -0.17793454 -0.058978245 -0.02724379 -0.11568543 -0.1533211 -0.26031503 -0.28119877 -0.43052453 -0.46753302 -0.47291213 -0.43123093 -0.3523591 -0.25194708 -0.20798936 -0.23265208 -0.2849655 -0.25907883 -0.25242907 -0.24721923 -0.19424394 -0.1445459 -0.06156285 0.07049776 0.113489985 0.106648766 0.08568031 0.039410684 -0.035731036 -0.059000038 0.062941656 0.14044423 0.1542304 0.031670596 0.04538451 0.032855164 0.07465146 0.051126998 0.047708698 -0.0022157736 -0.01086901 -0.019683637 -0.14399241 -0.20477226 -0.32297847
-0.3401321 -0.29376662 -0.00048601523 -0.0070648594 0.0387856 0.12879662 0.1292107 0.1408275 0.13294132 0.09092952 0.0054188888 -0.03845165 -0.05291878 -0.12206585 -0.1368159 -0.08710828 -0.16596857 -0.20343052 -0.225816 -0.3178303 -0.49674612 -0.57351905 -0.45026302 -0.27474076 -0.24481978 -0.19925946 -0.1421699 -0.08494111 -0.039076526 -0.05599205 -0.11033259 -0.117152445 -0.12102842 -0.17022313 -0.2041035 -0.14254169 -0.1467162 -0.18714106 -0.11301929 -0.07714449 -0.14191543 -0.06959233 0.011945202 0.08639602 0.18904744 0.3152277 0.3831192 0.4540683 0.4933423 0.3515423 0.21504858 0.07845609 0.041163947 -0.020509126 -0.047361318 -0.19244051 -0.31288776 -0.36885804
-0.12166456 -0.16502006 -0.13970685 -0.14226003 -0.09136742 -0.056646265 -0.000715686 0.056893118 0.08934647 0.10118604 0.085176945 0.0726842 0.011431859 -0.13076681 -0.15198441 -0.13905847 -0.24636813 -0.26546055 -0.2860302 -0.46748272 -0.5903989 -0.424592 -0.25850546 -0.11375363 -0.060960446 0.029965956 0.13257658 0.16626544 0.11403621 0.07800623 0.045843493 0.020894155 -0.038237616 -0.06559228 -0.04876628 -0.094949305 -0.1214921 -0.047335714 -0.021826718 -0.084745936 -0.05250678 -0.09918293 -0.12108862 -0.1100453 0.018086998 0.21310528 0.37662876 0.44541156 0.5039267 0.4564458 0.3347149 0.17762734 0.028454779 0.036975022 -0.0515621 -0.2302544 -0.3814304 -0.18020706
0.05719761 -0.116433375 -0.20661959 -0.3041323 -0.32338017 -0.265927 -0.17819126 -0.14787461 -0.072148785 0.004421004 0.07163928 0.0578886 -0.021417554 -0.17605984 -0.16804864 -0.19595642 -0.23831588 -0.26869148 -0.3728793 -0.51804787 -0.52048 -0.55304563 -0.4496032 -0.16902977 -0.007905357 0.08048323 0.1676581 0.25743505 0.22954892 0.18928145 0.11824415 0.05778918 0.016992826 0.015668988 0.008519029 -0.01281516 -0.11043256 -0.09703385 -0.050347846 -0.04779288 -0.03370079 -0.11228362 -0.20700115 -0.22772793 -0.108121894 0.007535268 0.114995606 0.2613605 0.36213514 0.4063518 0.42108434 0.33054116 0.24372591 0.14728296 -0.04142132 -0.2642922 -0.26443905 -0.15923563
0.06442589 -0.01637369 -0.19016202 -0.38045073 -0.51621705 -0.48921993 -0.3298057 -0.19419868 -0.08001673 0.049367376 0.101476654 -0.007678205 -0.09867676 -0.24071938 -0.18044774 -0.20497382 -0.20946665 -0.2719734 -0.384047 -0.4489305 -0.4042292 -0.30228934 -0.30607873 -0.14540498 0.029708473 0.03892534 0.13119105 0.19840936 0.23167174 0.17492567 0.11700493 0.09039186 0.17745553 0.16108598 0.0775748 0.023430794 -0.08414089 -0.13057339 -0.05437613 -0.021270527 -0.043957725 -0.046733554 -0.1736863 -0.22905362 -0.14969248 -0.0775804 -0.022952469 0.13721381 0.2175452 0.27622586 0.34177488 0.3529094 0.27749074 0.14277884 -0.060849637 -0.25524822 -0.1228152 -0.1780901
0.17283574 0.032043047 -0.12933174 -0.27325335 -0.3772225 -0.4713261 -0.3584873 -0.17627236 -0.07566051 0.03079613 0.049735215 -0.039176613 -0.16746195 -0.2747986 -0.20141716 -0.22797038 -0.22314812 -0.27063483 -0.3140176 -0.27864477 -0.13178042 0.008059032 -0.0143658575 0.06117476 0.056215912 0.009580876 0.14296043 0.20907708 0.21796526 0.17966625 0.13669273 0.12261499 0.16062737 0.17898828 0.047198467 -0.032383032 0.015956545 -0.03877699 -0.05373937 -0.03817769 -0.037050057 0.018927686 -0.038588602 -0.13217644 -0.071159974 -0.078890584 -0.087750845 -0.010373483 0.011418572 0.068179235 0.0956678 0.14765356 0.11621742 0.0120761655 -0.14284469 -0.2176641 -0.100696936 -0.137265
-0.20488031 -0.048862193 -0.03892187 -0.05983034 -0.017594455 -0.07495248 -0.12824008 -0.11591181 -0.07087069 -0.05018327 -0.07187453 -0.11171355 -0.275462 -0.27621087 -0.22380437 -0.2725956 -0.2437943 -0.20250951 -0.15247576 -0.0676693 0.050956085 0.13647932 0.20108217 0.18235034 0.12728809 0.10969224 0.22752452 0.2687115 0.21553375 0.26095262 0.20641749 0.16246435 0.20808144 0.17371842 0.114480026 0.025317606 0.00585832 0.048188236 0.06684553 -0.015667932 -0.014571009 0.02607643 0.091286264 0.057879645 0.061333887 -0.011654644 -0.13004586 -0.21178988 -0.17014265 -0.13220431 -0.12695777 -0.10830526 -0.086368494 -0.1795131 -0.22306472 -0.1582687 -0.06995187 -0.15549676
-0.49696535 -0.24993269 0.09761117 0.32682675 0.46511748 0.44290698 0.18676797 -0.021494789 -0.054525588 -0.114242144 -0.17531143 -0.21093686 -0.3797506 -0.2503543 -0.25398716 -0.26117644 -0.2633001 -0.11234615 0.03211388 0.1372904 0.20877264 0.317484 0.30296242 0.12015312 0.19790308 0.32207075 0.41327813 0.41217375 0.3084592 0.2613022 0.22085077 0.19312613 0.2519493 0.284906 0.31507975 0.28801686 0.22871687 0.22238758 0.21048102 0.13308345 0.011861344 0.017737975 0.075842954 0.16117759 0.15998314 0.043240175 -0.086323656 -0.27430427 -0.36419713 -0.281306 -0.25054497 -0.27171645 -0.342235 -0.28737628 -0.21742581 -0.036687788 -0.09170956 -0.11861971
-0.24026944 -0.104242966 0.07796693 0.33360958 0.58603185 0.5611967 0.3005703 0.06616824 -0.0047640884 -0.10366644 -0.17950578 -0.27806485 -0.35015833 -0.23488632 -0.23821051 -0.250223 -0.20705646 -0.075836174 0.09403585 0.2506511 0.3275822 0.24599789 0.10925803 0.15318248 0.34994006 0.47681898 0.5377137 0.51634306 0.4172788 0.28239566 0.1719012 0.1165558 0.14875287 0.26748428 0.38073316 0.4009083 0.34346667 0.31860444 0.2711295 0.19250645 0.060443822 -0.007942774 0.11080992 0.15758915 0.19383018 0.057209708 0.016423091 -0.06369324 -0.32200056 -0.43135175 -0.47310957 -0.45796323 -0.4033545 -0.25178203 -0.07958255 -0.036641397 -0.11490989 -0.04875189
0.07938842 0.12375526 0.13077925 0.27268893 0.32815304 0.3044942 0.24944447 0.10576096 0.030750435 -0.067589015 -0.16545555 -0.24626699 -0.24301267 -0.2272757 -0.22215867 -0.2107641 -0.1767913 -0.09046236 0.002170576 0.07487908 0.09688797 0.11207152 0.26128438 0.42802745 0.5606847 0.55441445 0.5365716 0.52337784 0.46003476 0.3872613 0.22739743 0.13158378 0.20702364 0.2846102 0.35451928 0.37654015 0.32572296 0.2842019 0.22647499 0.1869845 0.078358665 -0.018100882 0.02383936 0.11151419 0.14562751 0.05646618 0.040590987 0.017156644 -0.00560699 -0.28379968 -0.36449724 -0.34493804 -0.25563413 -0.115162686 -0.043736994 -0.0584474 0.004784098 0.12845144
