static/data/seaWater_uo/2023/7/24/6.asc
ncols 137
nrows 93
xllcorner 108.0
yllcorner 17.0
cellsize 0.25
NODATA_value -32767
[rows 52 to 77 of 93, columns 58 to 115 of 137]
0.2459669 0.16087508 0.22158982 0.032572504 -0.13325597 -0.031280138 -0.10761038 -0.11441101 0.19712614 0.3174166 0.23761474 0.248685 0.38311812 0.49410108 0.5390565 0.40013486 0.3813271 0.38222417 0.18199228 -0.012816788 0.08847455 0.1422828 0.055911582 0.14991097 0.007863462 -0.04092765 -0.020203585 -0.14311914 -0.079511896 -0.07530834 -0.02629536 -0.06573029 -0.07229001 -0.14827105 -0.33294818 -0.41332 -0.3827694 -0.3530011 -0.2893884 -0.25892723 -0.2752711 -0.31914803 -0.48028362 -0.40881923 -0.109111644 -0.11088815 -0.13718721 -0.07746056 -0.01504215 -0.053503465 -0.011203097 0.005062202 0.037855525 -0.074996606 0.007385383 0.10206895 0.05213029 0.04338596
0.28077486 0.16531515 0.019809963 0.1333817 0.3148035 -0.013617418 -0.011442689 0.07682579 0.23464267 0.39409253 0.34803537 0.12528032 0.19998038 0.44013232 0.49750397 0.36419758 0.27802384 0.21709841 0.0064052697 0.0014186754 0.19191049 0.2091582 -0.01162856 -32767.0 0.050457947 -0.019860292 0.04030405 -0.110561885 -0.16277078 -0.123451896 -0.10355138 -0.118775345 -0.115426034 -0.1858148 -0.32871234 -0.3877401 -0.33380264 -0.32593712 -0.29258165 -0.34006962 -0.38675228 -0.57421255 -0.4314199 -0.17001244 -0.13625233 -0.14207779 -0.18520068 -0.13432375 -0.06632334 -0.092218295 -0.06594921 0.05003688 0.20982496 0.053046364 0.062752835 0.10194956 0.08524031 0.10153238
0.21851763 0.32784477 0.38778555 0.48135787 0.50993574 0.4041395 0.28262413 0.19173826 0.079853445 0.16679373 0.19308256 0.29948404 0.5228175 0.4329431 0.42045307 0.30106068 0.21289481 0.0017562459 0.06390196 0.1533944 0.044849623 0.00028946484 0.026558124 0.061463352 0.100432955 0.017601041 0.04413789 0.11909767 0.022948947 -0.08510113 -0.16027533 -0.18259895 -0.11599308 -0.17595857 -0.27693835 -0.32619208 -0.29274294 -0.2907314 -0.36574748 -0.42716825 -0.5704875 -0.439623 -0.22491822 -0.093822494 -0.022798758 -0.014525007 -0.044288713 -0.061048076 -0.056572136 -0.08526112 -0.13420178 0.011613495 0.22371283 0.158034 0.10472081 0.11138158 0.0744003 0.10911476
0.5857484 0.7210139 0.7808442 0.7520183 0.7825191 0.83464205 0.8378259 0.8260214 0.80050147 0.7595885 0.7044474 0.604675 0.3586212 0.28659248 0.4165594 0.31364605 0.17167503 0.053176247 0.20728211 0.13981791 0.13981903 -32767.0 -0.008194878 0.05127377 0.26114213 0.1585735 -0.016660674 -0.015277137 0.18482924 -0.009046939 -0.12831174 -0.18852095 -0.13213462 -0.17795438 -0.24606024 -0.308659 -0.3465233 -0.35931394 -0.4357788 -0.54014844 -0.46676466 -0.22811252 -0.116790526 -0.0697451 -0.0021065269 0.011290776 0.023287948 0.03708339 0.046813183 -0.03414214 -0.13094723 -0.09770693 0.14923903 0.22034144 0.05415223 0.11658114 0.12912154 0.0723352
0.2781385 0.4607797 0.74242866 0.9705259 1.0448834 1.0069358 0.9256127 0.84280574 0.82762146 0.79032665 0.7130629 0.50822085 0.45639417 0.5278495 0.55422753 0.38659322 0.20516267 0.031364188 -0.04048614 0.19409534 0.38694575 0.4891023 0.40521577 0.13633496 0.13893926 0.41350606 0.4582845 0.37851763 0.27776408 0.087294325 -0.053084336 -0.15123056 -0.17991981 -0.14723168 -0.19785602 -0.24836305 -0.32959175 -0.41159847 -0.51212764 -0.4428692 -0.23174202 -0.18096569 -0.17154998 -0.07146232 -0.00503504 0.0052959435 0.07535572 0.084949315 0.05492693 0.054325778 -0.07405924 -0.15871313 -0.032667886 0.21669665 0.18753377 0.15437418 0.2273315 0.15905282
-0.019671168 0.16779754 0.6194947 0.78845066 0.84397197 0.7837551 0.94830143 0.9217578 0.8305281 0.60628515 0.5035809 0.69282997 0.7102246 0.5938868 0.49088562 0.33897024 0.26175514 0.20968 0.2846805 0.33645582 0.38373816 0.52951336 0.5684956 0.52427846 0.5150013 0.48880655 0.43035898 0.33469838 0.25115865 0.13849121 -0.005334287 -0.07750385 -0.19475049 -0.18096428 -0.15930392 -0.1956656 -0.35196528 -0.42462468 -0.41004217 -0.21255693 -0.106323406 -0.1753984 -0.18767756 -0.16208726 0.0128461495 0.034625683 -0.028311031 0.07251323 0.081372194 0.022597266 -0.031457778 -0.10966217 -0.18040746 -0.007124788 0.21676247 0.29126436 0.339289 0.41805992
0.026115397 0.31911412 0.6359831 0.6357263 0.5077212 0.33765832 0.4341594 0.29082164 0.268821 0.42178723 0.61635274 0.53970605 0.34463105 0.15246883 0.16464797 0.14473501 0.23761745 0.35573843 0.31198466 0.16904041 0.16679694 0.20890744 0.32469615 0.39408484 0.35502163 0.29064786 0.22601742 0.1891761 0.15022561 0.125735 0.000544345 -0.021897012 -0.12997012 -0.19612297 -0.21094568 -0.21372725 -0.3078043 -0.3176275 -0.24206094 -0.022474498 0.029020151 -0.04891412 -0.08185048 -0.028559994 0.07997281 0.16412199 0.066631936 0.09370563 0.08113205 0.0067007584 -0.036673777 -0.080696896 -0.18253824 -0.17218547 0.008446336 0.23200732 0.35836327 0.36860558
0.4482498 0.8168139 0.64295685 0.4618108 0.28370568 0.0894051 -0.07498691 0.109917514 0.3763175 0.38683754 0.32482508 0.22063328 -0.023427129 0.010597325 0.017895425 0.0630009 0.20446558 0.18932165 0.14567128 0.101046264 0.0032861 -0.026108263 0.067896605 0.16152824 0.12816824 0.14938666 0.15607266 0.13329342 0.10677139 0.12515755 0.060547773 -0.00901776 -0.0060387473 -0.15500753 -0.17944528 -0.20917563 -0.17925094 -0.1278218 -0.07323791 0.087857515 0.2115661 0.20845278 0.1667661 0.19934028 0.27533978 0.25839657 0.18257214 0.13005774 0.12803616 0.06253787 -0.011112603 -0.0039083725 -0.063095994 -0.104363486 -0.03224491 0.044393513 0.11543326 0.109621055
0.7946648 0.6277832 0.45139593 0.18644685 0.022157453 -0.024174448 0.1980331 0.16854449 0.12588628 0.11970064 0.1030052 -0.050651245 0.00019215353 0.076382674 -0.05837028 -0.04954729 -0.02463633 0.10479783 0.12767775 0.004571915 -0.059461053 -0.09915044 -0.08482897 -0.061243024 -0.0521308 -0.059914432 0.011126428 0.026753157 0.11883031 0.14789212 0.10640279 -0.00277514 0.015906084 0.033617344 -0.083391525 -0.059575163 0.0145348245 0.07621042 0.11631978 0.19489166 0.3308095 0.38668755 0.39306545 0.37323135 0.41808048 0.3627281 0.31556654 0.31874406 0.32522887 0.1809516 0.06261285 0.07875048 0.06150904 -0.03328842 0.0046898252 0.012020326 0.019094046 0.031877916
0.7267629 0.46381548 0.15164359 -0.09178 -0.07202124 0.17751472 0.16450737 0.08978638 0.06784943 0.053407416 -0.08877832 -0.07234888 0.13562207 0.03966757 -0.076300345 -0.053729527 0.13598828 0.13708515 0.04996506 -0.11389322 -0.19200194 -0.23160636 -0.17226034 -0.0893562 -0.102797225 -0.12146053 -0.10919052 -0.008474928 0.13007574 0.17281617 0.03573318 -0.0059168073 -0.02333982 0.08699952 0.09281083 0.07555668 0.13508685 0.25912583 0.3501212 0.39638394 0.42695904 0.44398212 0.48758292 0.45459 0.46738663 0.45584914 0.4680645 0.4600955 0.3784161 0.25814673 0.15545882 0.0870545 0.10524097 0.04228445 0.013774829 0.010779077 -0.017051654 -0.043577265
0.45774257 0.07067378 -0.16469747 8.8171364e-05 0.11879312 0.11795457 0.07906414 -0.024170654 -0.013771493 0.0019305648 -0.021852452 0.0016562227 0.10445539 0.092398 0.12875204 0.23124442 0.15702398 0.014359305 -0.11071584 -0.22957893 -0.29787177 -0.26372784 -0.11612876 -0.11456438 -0.1337592 -0.18632191 -0.15929358 0.022675104 0.10339315 -0.07649451 -0.112597734 -0.11445226 -0.062605865 0.04955749 0.19491015 0.28821245 0.36286 0.45884934 0.5170585 0.56142783 0.5815227 0.62420934 0.62470347 0.6393872 0.6173699 0.5862829 0.549412 0.46354714 0.33808014 0.29072714 0.23041649 0.17473502 0.11683094 0.07833206 0.02057283 0.027901754 0.044945017 -0.06578387
0.07166359 -0.25525397 -0.26977894 -0.16208872 -0.24761514 -0.39589584 -0.2343217 -0.014302637 0.015884746 -0.035921127 0.026214888 0.026456635 0.0010991382 0.03543156 0.07976895 0.15595408 0.060038965 -0.071759045 -0.22677745 -0.2885379 -0.24521604 -0.12096467 -0.16484883 -0.21931519 -0.2354491 -0.17292918 -0.016892081 -0.03310086 -0.14770293 -0.19698559 -0.19680691 -0.10326427 -0.059468064 0.0007328133 0.12327022 0.22629455 0.3583451 0.45138004 0.53475714 0.5921336 0.596401 0.63487744 0.6237099 0.61116177 0.5673857 0.47357407 0.4210529 0.3007034 0.17095234 0.16164911 0.14519952 0.1672749 0.072557695 0.05124495 -0.041138362 -0.07795917 -0.061752815 -0.13441253
-0.24126226 -0.33979368 -0.23908429 -0.15948017 -0.09122561 -0.03912407 0.046357412 0.13419057 0.1373658 0.029535307 0.050806545 0.033088874 -0.068079956 -0.11847022 -0.073229216 -0.035411816 -0.050862443 -0.11657355 -0.2559029 -0.27394283 -0.19818437 -0.23711672 -0.34794414 -0.31285074 -0.21098596 -0.16250537 -0.20724376 -0.26559547 -0.2693212 -0.28515178 -0.24311611 -0.16394873 -0.08467016 0.01465197 0.12574196 0.21936443 0.31319636 0.39126894 0.43143755 0.4907112 0.51267874 0.48768473 0.41036907 0.38506848 0.32826364 0.28257418 0.25392425 0.09266891 -0.01192335 -0.02332086 0.10332734 0.096991576 0.059521995 0.010002859 -0.086718 -0.086197704 -0.13608621 -0.22675195
-0.3071437 -0.1675131 -0.13482673 -0.0022825734 0.0923313 0.16158502 0.21072344 0.17046563 0.1388045 0.050097417 0.06636509 0.07381492 -0.080533676 -0.19123746 -0.15712002 -0.08973912 -0.122682065 -0.12659608 -0.28838876 -0.24926375 -0.32344237 -0.44470763 -0.44410357 -0.44842324 -0.4104426 -0.35205412 -0.28945592 -0.1900112 -0.17286433 -0.17402868 -0.23264886 -0.2976373 -0.28038123 -0.1858473 -0.11038506 -0.03418679 -0.014728507 0.041835915 0.043438986 -0.010021015 -0.04263299 -0.04920748 -0.011774986 0.040368423 0.06320488 0.09084168 0.14046207 0.17910473 0.24940073 0.12922373 0.074677356 0.05773988 0.10079817 0.014636203 -0.085532196 -0.09111447 -0.19959939 -0.28779015
-0.25335252 -0.19638276 0.055509817 0.100587405 0.12234992 0.13296074 0.12840053 0.07883316 0.048352033 0.033621453 0.06840586 0.08356363 -0.06819306 -0.14042702 -0.081395306 -0.19370371 -0.18507406 -0.24643262 -0.33695102 -0.34907934 -0.47597688 -0.446782 -0.30422127 -0.23034623 -0.15801014 -0.14993039 -0.20480882 -0.14071263 -0.049651757 -0.021741686 -0.0840568 -0.15679333 -0.20222767 -0.28018153 -0.26628143 -0.19038953 -0.14892365 -0.14834686 -0.1205605 -0.104289725 -0.11710273 -0.14395538 -0.00607345 0.103487894 0.24170284 0.3288819 0.47173405 0.60358626 0.57416296 0.40308505 0.19830258 0.06753316 0.08426917 0.08509209 -0.04365817 -0.16766185 -0.2903946 -0.15833883
-0.10453772 -0.11239965 -0.074436925 -0.028544934 -0.0458043 -0.06731819 -0.008686645 0.026183555 0.020712512 0.032723024 0.09039679 0.07902297 -0.04002754 -0.09700699 -0.09754401 -0.23030828 -0.24619082 -0.30028024 -0.35593793 -0.48740909 -0.46469045 -0.35425475 -0.31629404 -0.24140741 -0.18893428 -0.14720699 -0.05947756 -0.04898849 -0.0021264777 0.017599864 0.049245607 -0.05325839 -0.1230447 -0.12500913 -0.17087823 -0.22736895 -0.16613668 -0.021899898 -0.02933895 -0.1279267 -0.18332776 -0.11136856 -0.14656837 -0.09655041 0.02791476 0.17003502 0.3185995 0.45119146 0.48159805 0.40603405 0.33606613 0.15954164 0.11115739 0.11371463 -0.032339867 -0.22029074 -0.26503065 -0.040047556
0.056543265 0.026533715 -0.13838838 -0.16995533 -0.24723805 -0.25999302 -0.19996521 -0.09672823 -0.02834726 0.029002286 0.061211683 0.023607394 -0.04316309 -0.09697112 -0.13760354 -0.22440925 -0.25974786 -0.29926622 -0.39883244 -0.4735538 -0.39426145 -0.47121105 -0.45553732 -0.3353989 -0.22125041 -0.15990049 -0.11919986 -0.05195794 -0.0057683145 0.03992505 0.068228684 -0.02253528 -0.02672119 -0.043925904 -0.03477526 -0.05610404 -0.10775086 -0.1812882 -0.09787341 -0.09035609 -0.038764585 -0.11813931 -0.21823418 -0.20523067 -0.11911351 -0.020642348 0.057526227 0.1689277 0.28350258 0.3478108 0.3536813 0.3737856 0.3035376 0.13656919 -0.05167897 -0.18929605 -0.1283079 -0.11443829
0.045077443 0.12092725 -0.11922293 -0.22345155 -0.294019 -0.37465796 -0.3346308 -0.23357867 -0.0704509 0.024991198 0.019979283 -0.007892736 -0.086901546 -0.11656515 -0.1674671 -0.21751912 -0.25813028 -0.33697924 -0.41213003 -0.305007 -0.29336312 -0.31983432 -0.21926226 -0.19476178 -0.17466556 -0.11659864 -0.119578324 -0.05759797 -0.008809339 0.019048544 0.054366246 0.042149063 0.093928695 0.08652494 0.054985266 0.0019678508 -0.061262872 -0.1210501 -0.14100039 -0.062076975 -0.03785656 -0.047262978 -0.121599205 -0.18302888 -0.09657829 -0.08783177 -0.09487413 -0.013978475 0.13194925 0.20973907 0.2480595 0.27264333 0.19145136 0.048749875 -0.111371204 -0.14078042 -0.08912989 -0.16661488
0.2529789 0.11708739 -0.042290125 -0.111345686 -0.15708841 -0.2703281 -0.27247187 -0.1904079 -0.07194805 0.03598086 0.036035832 -0.018907916 -0.14646812 -0.1474921 -0.20822789 -0.26214287 -0.33696297 -0.37742326 -0.3145114 -0.14095707 -0.00040481487 0.088627286 0.18990743 0.028209632 -0.0069987797 -0.003823073 -0.048900936 -0.039160926 0.041439842 0.025491258 0.036926594 0.11430389 0.051084034 0.0018295274 0.020665705 -0.011900953 -0.055813234 -0.01685145 -0.10927055 -0.06848717 -0.027696487 -0.013450608 0.029992273 0.00188806 -0.021809772 -0.06016719 -0.14559723 -0.1666466 -0.08812093 -0.06008705 0.011118856 0.01254893 -0.03455898 -0.13160646 -0.17510834 -0.07669193 -0.0930707 -0.14447542
-0.06409417 0.04190179 0.110374436 0.0552951 0.056457706 -0.050014425 -0.071450464 -0.08374797 -0.07608315 -0.06369474 -0.09933649 -0.13469517 -0.2225671 -0.17717178 -0.24521503 -0.2818751 -0.3567729 -0.3514051 -0.20186917 -0.019732023 0.14563966 0.31715 0.33670157 0.092945464 0.07180975 0.17036183 0.11094769 0.06676115 0.050079964 0.06600308 0.1114344 0.12521201 0.05282092 0.009011008 0.056167442 0.13889594 0.15759866 0.08799005 0.040383995 0.03759265 0.02453619 0.09102267 0.17359935 0.12322802 0.059392806 -0.024508366 -0.1527029 -0.30265972 -0.29118907 -0.2724614 -0.22976272 -0.20254445 -0.23980154 -0.31957865 -0.19334127 -0.04941332 -0.106463395 -0.14864735
-0.40958387 -0.09793472 0.27735263 0.5020617 0.59531057 0.50802857 0.2088701 0.008287316 -0.054642502 -0.12387181 -0.1804506 -0.25610298 -0.28497374 -0.22017007 -0.26650408 -0.28481582 -0.29314652 -0.24468116 -0.06708696 0.13510513 0.29711184 0.34814614 0.23156638 0.11909928 0.24516575 0.32370788 0.27006876 0.24221765 0.12865865 0.06980283 0.14285018 0.1637578 0.16869938 0.18983851 0.23879328 0.314284 0.32292435 0.2573467 0.17460114 0.10272967 0.06570335 0.12702838 0.19455118 0.16632661 0.11685084 -0.023733895 -0.10333492 -0.357089 -0.4389941 -0.43712664 -0.4286396 -0.42989343 -0.44843665 -0.3789436 -0.19200239 -0.052347384 -0.11367338 -0.11765262
-0.23397505 -0.08250573 0.1588188 0.40379706 0.56985545 0.5022788 0.23542902 0.0717369 -0.03133023 -0.12924124 -0.17850311 -0.28135267 -0.27549765 -0.25197566 -0.3078408 -0.28827557 -0.27877533 -0.19633281 -0.05034075 0.1067044 0.15113963 0.09647403 0.13763939 0.33263433 0.40857843 0.43654072 0.3509202 0.3246943 0.2556158 0.09748837 0.050456803 0.114461906 0.22073443 0.26418284 0.3400807 0.39584568 0.38059464 0.30570653 0.26406094 0.1810997 0.12141461 0.084124774 0.12838048 0.16812259 0.10382455 0.01739852 -0.06486056 -0.09616535 -0.4061589 -0.53351116 -0.5561949 -0.53361124 -0.4703686 -0.27715942 -0.0907099 -0.10483499 -0.094686136 -0.074108854
0.16278297 0.15478127 0.21991992 0.3799483 0.53795224 0.5074067 0.28280833 0.118960954 -0.005796855 -0.15670721 -0.1639838 -0.23889275 -0.16780132 -0.24109152 -0.3291615 -0.3268026 -0.3150701 -0.25835645 -0.17269297 -0.087136365 -0.04514485 0.1370982 0.36989155 0.50598466 0.50388277 0.47269493 0.35588863 0.34672093 0.34590068 0.2588031 0.13225901 0.1922812 0.26480597 0.32112283 0.3933399 0.44503844 0.4222629 0.3542929 0.26959693 0.24331671 0.14544718 0.08971939 0.044780597 0.07795163 0.06622298 0.009826745 -0.046773743 -0.083532184 -0.09339194 -0.32668272 -0.40917295 -0.4085143 -0.29489636 -0.1501192 -0.11496523 -0.06730359 -0.027658623 0.09289609
0.19451562 0.08525966 0.045417786 -0.015349242 0.009475028 0.028544651 0.08145427 0.12023264 -0.030111806 -0.17626944 -0.17160171 -0.18528605 -0.057667818 -0.1339756 -0.2768651 -0.27290964 -0.22728221 -0.05782999 0.078743964 0.19789371 0.3619027 0.54350865 0.6610914 0.63664424 0.5259402 0.43345255 0.32581586 0.34140542 0.3794103 0.44051865 0.5265119 0.49042407 0.44042993 0.46275127 0.4762161 0.4520825 0.37118265 0.34237066 0.27443457 0.27767977 0.19518133 0.14065066 0.05257778 0.049529616 0.029636292 -0.003541633 -0.06345896 -0.19848344 -0.19733226 -0.059806217 -0.11836286 -0.19648342 -0.09792867 -0.113541044 -0.07564573 0.01815478 0.12578626 0.2819261
0.008417576 -0.0688121 -0.11714661 -0.31200194 -0.42630723 -0.3335893 -0.05486391 0.05498723 -0.1533721 -0.21873027 -0.22205317 -0.19909488 -0.07992182 -0.054316446 -0.21750726 -0.17949101 0.1035764 0.30719304 0.4653108 0.5757241 0.6873808 0.741297 0.69112355 0.59894335 0.45679852 0.320918 0.21962847 0.2524453 0.32893938 0.42391527 0.51174086 0.53292596 0.55158895 0.5437068 0.39119303 0.35966128 0.30494115 0.2945374 0.29061344 0.30246937 0.30049592 0.23670375 0.10904469 0.057656474 -0.00037724318 -0.035457388 -0.13276312 -0.3090041 -0.2733539 -0.15411462 0.07555926 0.20880672 0.17192025 0.04394682 0.09039036 0.25323603 0.4140867 0.4554132
-0.13772266 -0.18960227 -0.19623066 -0.22316049 -0.267199 -0.16007468 -0.00078352314 -0.15153287 -0.31006303 -0.3273263 -0.29665148 -0.29515707 -0.21438974 -0.113110125 -0.12796772 0.13871849 0.2537359 0.40068159 0.46866995 0.44600174 0.42735493 0.35827586 0.2758409 0.21818164 0.11608352 0.10422487 0.12845008 0.1552717 0.2451623 0.3319996 0.46774593 0.5487429 0.4702161 0.35226774 0.2329976 0.21540545 0.23197417 0.24280854 0.231823 0.2755063 0.3409424 0.27174366 0.16375075 0.057055637 -0.011121613 -0.030272726 -0.04278541 -0.011106014 0.03492276 -0.007462701 0.0051803673 0.14368361 0.25216538 0.2867357 0.26744437 0.2696347 0.25749046 0.15832838
