static/data/seaWater_uo/2023/7/6/0.asc
ncols 137
nrows 93
xllcorner 108.0
yllcorner 17.0
cellsize 0.25
NODATA_value -32767
[rows 26 to 51 of 93, columns 58 to 115 of 137]
-0.14184244 -0.3536898 -0.28802976 -0.2283993 -0.15550277 -0.19707823 -0.18498415 -0.32814687 -0.289497 -0.2990044 -0.23398472 -0.13950568 -0.09238337 -0.06667746 -0.03471852 0.042337302 -32767.0 -32767.0 0.08952557 0.12417316 0.3033998 0.39199534 0.34453994 0.20545107 0.22822125 0.19549558 0.08828833 0.17726427 0.15306646 -0.01952672 -0.08141363 -32767.0 -32767.0 -32767.0 -32767.0 -32767.0 -32767.0 -0.046196345 -0.06266582 -0.15181048 -32767.0 -32767.0 -32767.0 -32767.0 -32767.0 -0.061483514 -32767.0 -0.13014849 -0.29310632 -0.40885434 -0.24543296 -0.0981218 -0.025467368 -32767.0 -0.11178811 -0.24670208 -0.31964022 -0.28842235
-0.10400492 -0.01184718 -0.15916784 -0.24631287 -0.11401021 -0.07960302 -0.14885598 -0.18138155 -0.19870788 -0.19784047 -0.110590786 -0.13529386 -0.02674514 0.02390895 -0.03845277 -32767.0 -32767.0 -0.32694858 0.027494162 0.12488708 0.014595503 0.06283223 0.19646472 0.20763603 0.18617798 0.07906764 0.12576501 0.080664255 -32767.0 -32767.0 -32767.0 -32767.0 -32767.0 -32767.0 -32767.0 -32767.0 -32767.0 0.058850702 -0.1715004 -0.26766935 -32767.0 -32767.0 -32767.0 -0.08219974 0.018523457 0.1059095 0.17315978 -0.07393828 0.112015635 0.21285783 0.06992828 -0.18662073 -0.23171015 -0.26153326 -0.29389408 -0.37409243 -0.36278132 -0.24534987
-0.2530317 -0.07182109 -0.009844205 -0.12253032 -0.12488848 -0.1285243 -0.09369852 0.010273535 -0.017084746 -0.060070395 0.0055182516 -0.08904401 -0.08381803 -0.05260629 0.029682668 0.089832425 0.15195088 0.14903012 0.0355361 -0.015461399 -0.047439132 0.032650698 0.048740715 0.04034495 0.064288706 0.08027426 -32767.0 -0.033963438 0.041334026 -32767.0 -32767.0 0.049835227 -32767.0 -32767.0 -32767.0 -32767.0 -32767.0 -32767.0 0.086525425 -0.1036337 -32767.0 -32767.0 -0.0719348 -0.028893812 -0.27395314 -0.35176912 -0.31012335 -0.083059706 0.028707622 0.01680337 0.0638082 -0.014019491 -0.115958616 -0.20118083 -0.19656678 -0.27792814 -0.33407378 -0.23893963
-0.06132547 -0.07124091 -0.053094327 0.05893417 0.012060555 -0.09555531 -0.10432385 0.017646637 2.6317546e-05 0.0014414534 0.0009233842 -0.097853094 -0.067973725 -0.10034359 -0.052981026 -0.11919778 -0.052776594 -0.012478331 0.018505052 0.08335763 0.07024234 -0.0018887483 -0.04260522 -0.0007964518 -0.0032940954 -32767.0 -0.03126277 0.12999175 0.19400261 -0.034504157 -0.0143405385 -32767.0 -0.04626507 -32767.0 -32767.0 -32767.0 -32767.0 -32767.0 -0.077300265 0.10453316 -0.06741172 -0.15331045 -0.19861735 -0.43545443 -0.2443906 -0.18469867 -0.07356276 0.118512884 0.21074645 0.1514582 0.06350547 0.05691985 0.035209924 -0.10823181 -0.07949875 -0.018867858 -0.14955986 -0.16847695
-0.075604334 0.01707773 0.05236773 0.035757724 0.15523322 0.19026068 0.24177027 0.14953077 0.10970492 0.07690135 -0.037924018 -0.09875081 -0.18058416 -0.21703857 -0.18084563 -0.18469146 -0.10358716 -0.03814685 -0.10437309 -0.04406222 -0.07276274 -0.04443928 0.0129582845 0.036642775 0.12968296 0.18492697 0.25312302 0.28654316 0.19182529 0.07366207 -0.15721032 -0.012518665 0.050890204 -32767.0 -32767.0 -32767.0 -32767.0 -0.13129517 -0.04485579 -0.056977626 -0.1045192 -0.37881356 -0.4810527 -0.28214195 -0.20206873 -0.046994533 0.19678237 0.40737024 0.4614556 0.46131068 0.27184168 0.12921007 0.10009596 0.037041705 0.100720584 0.07432028 -0.031129664 -0.06869189
-0.050246052 -0.08728828 -0.041939057 -0.03282369 0.0924257 0.103177354 0.118831605 0.0431802 -0.07508063 0.012588213 0.083948925 0.047004975 0.08617497 -0.06568924 -0.09536282 -0.1091706 -0.13110378 -0.22423697 -0.07402438 0.04407782 -0.0129143065 -0.01335432 0.099530205 0.043077815 0.03347662 0.07855658 0.13066731 0.2259334 0.14268781 0.047502976 -0.13820536 0.056069873 0.029363425 -32767.0 -32767.0 -32767.0 -32767.0 -0.099472836 -0.29055193 -0.2527421 -0.2849331 -0.34445763 -0.21397886 0.11057867 0.3419049 0.5394969 0.71144396 0.7190527 0.6421842 0.51878387 0.4192859 0.24896246 0.19831535 0.049696982 0.14462686 0.09727922 0.035419453 -0.03260967
-0.23910615 -0.10408054 -0.04750837 0.015081977 0.11430763 -0.05335638 0.016487002 0.076317996 0.07044246 0.11781336 -0.09760802 -0.022586633 0.17948012 0.1297797 0.03209696 -0.01661777 -0.073417306 -0.024334604 0.046709392 0.028776243 0.039890204 -0.025286447 -0.01202556 0.061506145 0.05391087 0.10985621 0.1844865 0.22130807 0.23765796 0.24698012 0.116957694 -32767.0 -32767.0 -32767.0 -32767.0 -32767.0 -0.014429099 -0.24604164 -0.26910704 -0.3110732 -0.09524258 0.3917729 0.7039269 0.74905527 0.8284837 0.9377904 0.93206567 0.8219863 0.63994944 0.51226634 0.39582014 0.2904618 0.22388695 0.029638384 0.13893992 0.04718816 -0.009304471 -0.05992408
-0.2970203 -0.24086182 -0.18421483 -0.10904089 -0.042036172 0.14638822 0.17511569 0.16364972 0.20559654 0.07264259 0.0734694 0.13632168 0.03632712 0.17601591 0.15138619 0.102435 -0.0138375405 -0.055340145 0.011946995 0.1303206 0.06377229 0.053725664 0.024318272 0.06291757 0.16178356 0.27090013 0.32219955 0.18819489 0.15727764 0.18665968 0.010958007 -32767.0 -32767.0 -32767.0 -32767.0 -32767.0 -0.18855046 -0.030162197 0.30061787 0.56517345 0.76525134 1.0463384 1.2902304 1.3900043 1.3605585 1.0605496 0.7929807 0.63659334 0.36083555 0.25758934 0.28903675 0.2658503 0.19895306 0.024303606 0.11059139 0.00068307575 0.0042236145 0.05065602
0.068104334 -0.11125693 -0.00566902 -0.08425436 -0.18609987 -0.08850883 0.006930578 0.10874611 0.14634179 0.13780256 -0.025899494 0.11129092 0.10855922 0.10312622 0.15271568 0.17355885 0.026453346 -0.051151477 -0.012061739 -0.024597945 0.0239459 0.054356463 0.176331 0.21810785 0.3907195 0.29632208 0.33851612 0.15563588 0.09178871 -0.041036125 0.067320734 -0.01662068 -32767.0 -0.0022442609 -32767.0 -32767.0 0.080966935 0.68137383 0.8938509 0.8028059 0.8403487 0.89132804 0.9342202 1.0288424 0.9700127 0.72469836 0.501065 0.37515604 0.22263463 0.2158774 0.20761418 0.23632324 0.18944165 0.03096649 0.08419478 0.1366525 0.2634247 0.25711554
0.24115676 -0.100096665 -0.12113207 -0.26366508 -0.08472314 -0.075267464 -0.108091034 -0.04283942 0.043817356 0.04969732 0.13485684 0.07199233 0.033746373 0.10673056 0.103444345 0.15703344 0.06343297 -0.016283417 -0.03426944 -0.06912727 0.050307136 0.23188916 0.4671449 0.43421882 0.36462986 0.2448087 0.2260769 0.08146027 0.027869284 0.0639407 0.105995685 -0.02870978 -0.07068111 -0.07137826 -32767.0 -0.13390194 0.28653198 0.3101697 0.36277866 0.2843777 0.2948911 0.4376448 0.50675344 0.46151665 0.1581163 0.1852419 0.50848025 0.56649333 0.49207556 0.27874187 0.1916901 0.22870205 0.17621186 0.08138476 0.0762956 0.21077836 0.39078185 0.38003904
0.13661009 0.012429239 -0.029969957 -0.22460517 -0.1930413 -0.09879828 0.053693067 0.09535794 0.0075029386 -0.0066624396 -0.013081075 -0.06293486 0.039500285 0.12465303 0.044964746 0.042221207 0.042386472 0.11446326 0.2667217 0.26703018 0.27145496 0.44179076 0.3072507 0.30573055 0.2798236 0.18249117 0.13010329 0.057701435 0.06347623 0.11209642 0.13217564 0.1970512 0.3079605 -32767.0 0.91208893 0.95979095 0.33697593 0.24214813 0.23436491 0.26823312 0.35708302 0.41534147 0.37419415 0.23175617 -0.07931403 0.13985027 0.29797766 0.35503015 0.3181652 0.19575962 0.1405724 0.19838618 0.15843607 0.117463164 0.06847051 0.17489251 0.4116501 0.50312716
0.094634205 0.049231224 -0.1773142 -0.12589602 0.051388364 0.056260716 -0.05886142 0.034169506 0.14456892 0.15695135 0.03803333 0.0029268966 0.038003135 -0.04676488 -0.047009867 -0.004486311 0.07058033 0.20904192 0.2268826 0.2754537 0.3582572 0.26333162 0.22251745 0.16694796 0.085906416 0.0941778 0.20067239 0.14394419 0.14258482 0.08072214 0.0005793609 0.06938377 0.107460886 0.18460353 0.18979408 -0.1949115 0.26397392 0.28649262 0.21661511 0.23276317 0.33403635 0.35761166 0.30385855 0.3134816 0.073403984 0.09718296 0.14533038 0.14300345 0.117137164 -0.0762778 0.035777368 0.14476766 0.1332077 0.16593695 0.050594445 0.22549629 0.39671957 0.5651947
0.13154584 0.039136067 0.08109178 0.26468816 0.324129 0.4219852 0.21970746 0.21735178 0.21503682 0.25043583 0.189506 0.026005244 -0.022027038 0.01784678 0.044062342 0.1981906 0.17587106 0.16812272 0.17845747 0.19465026 0.1792559 0.20850945 0.12771833 -0.0031735278 -0.13071217 -0.15501127 -0.041073237 0.12396592 0.35848373 0.50933284 0.48280314 -32767.0 0.28596622 0.2576212 -32767.0 0.29141444 0.54236084 0.68649423 0.6298888 0.47735265 0.43874252 0.3656633 0.2689116 0.31705338 0.233066 0.082473926 0.019104822 -0.1520582 -0.34423584 -0.2520795 -0.04914747 0.099893846 0.11560264 0.16175313 0.13251822 0.15988663 0.41101184 0.74630004
-32767.0 0.063057415 0.25406992 0.24330625 0.13950756 0.18133081 0.37872896 0.34662333 0.3258703 0.2627639 0.35265645 0.23300546 0.1774403 0.21843351 0.24136405 0.25520805 0.30199093 0.27600926 0.33113825 0.24714993 0.17190678 0.27331257 0.2064886 0.16600962 0.022541825 -0.097858325 -0.123633645 -0.09715145 0.13740306 0.4852554 0.7369396 0.66789365 -32767.0 0.010014732 0.29294416 0.6074127 0.787499 0.73509586 0.7364738 0.5827479 0.40944934 0.21829866 0.15572879 0.13482624 0.12841916 0.029022524 0.008498251 -0.16228697 -0.24603254 -0.25196102 -0.120551825 0.077195965 0.20256773 0.34052402 0.3354642 0.46861786 0.7725952 0.9856805
0.15071823 0.15326731 0.2861619 0.37306592 0.32561487 0.22224213 0.23747 0.4631121 0.3731647 0.36140636 0.39052537 0.3813669 0.37283456 0.40075308 0.43257815 0.38901305 0.38366696 0.48118368 0.4794108 0.31066152 0.28396517 0.36516732 0.52056843 0.684868 0.73372716 0.59801555 0.49586356 0.47573867 0.4943354 0.5992108 0.30897743 0.7375001 0.82516253 0.9062562 0.9163116 0.8142182 0.52341604 0.40892732 0.27861428 0.3566893 0.30561298 0.061584722 0.07894494 -0.0033683036 0.04525663 -0.034638066 -0.009207426 0.040196817 -0.02756335 -0.00036622013 -0.11817189 0.11066842 0.4475322 0.7083283 0.88044214 1.0450627 1.112693 0.8041412
0.21906696 0.3719384 0.36339727 0.25424793 0.28043813 0.30425885 0.34011906 0.28724948 0.45095512 0.43744275 0.48478392 0.48665893 0.48495013 0.50549513 0.49542835 0.39240083 0.38481587 0.56225616 0.43562818 0.3918576 0.4557335 0.735704 1.0156802 1.1694635 1.2179545 1.1959931 1.1106156 1.0645833 0.9424588 0.77710515 0.3695165 0.19064777 0.52210027 0.65497017 0.56237555 0.56997496 0.6791895 0.5774263 0.44445583 0.39528695 0.21968128 0.11795002 0.19209433 0.15283145 0.11301214 -0.0656017 -0.062526986 0.073398456 0.19942676 0.28447682 0.2944503 0.21296795 0.44747123 0.84583396 1.0863372 1.039782 0.8285016 0.68885803
0.11865087 0.1986127 0.13895404 0.23825943 0.28810158 0.34845003 0.40415403 0.32161617 0.3300797 0.44276962 0.541433 0.5119655 0.51876605 0.51246774 0.49307153 0.42242238 0.4840325 0.54214257 0.5469976 0.6596794 0.6932094 0.9019741 1.0541903 1.1499768 1.1855501 1.2084744 1.162685 1.041974 0.9132442 0.83099073 0.50220656 0.5026266 -0.057862863 0.15476528 0.54173076 0.6544831 0.5229378 0.45668224 0.33476743 0.22036047 0.27470177 0.35486367 0.2530745 0.36080647 0.3430706 0.24687892 0.1372609 0.14196508 0.271522 0.45846456 0.51339215 0.5644809 0.57554317 0.635371 0.73369926 0.76072806 0.67881227 0.58894736
0.08063454 0.17853768 0.18471773 0.22650969 0.29695085 0.27743796 0.33422816 0.3917055 0.40949455 0.37427625 0.40083286 0.4597183 0.45827225 0.46705574 0.5524494 0.5916834 0.5656457 0.6200144 0.5956117 0.45613125 0.61337614 0.7732832 0.79300976 0.7467179 0.67385745 0.6504558 0.63579154 0.6213357 0.72297186 0.528753 0.43363926 0.5502493 0.6714306 0.6343324 0.5416383 0.42496485 0.28975853 0.18769164 0.27915424 0.4100966 0.52495354 0.5719096 0.55918336 0.49626708 0.48622835 0.56361014 0.5410951 0.44356984 0.40384144 0.50966895 0.5153884 0.5651277 0.61839205 0.6082465 0.6080188 0.5913749 0.40277794 0.32895577
0.1011358 0.32553935 0.43800738 0.37296748 0.3483023 0.27809992 0.22632156 0.29724705 0.3941084 0.38192686 0.33188093 0.3519016 0.35910332 0.38987193 0.37345362 0.45345086 0.47311053 0.49411476 0.315817 0.33507589 0.56857985 0.5426988 0.42599183 0.29820928 0.29170194 0.34424317 0.35735536 0.2655787 0.041119806 0.33743453 0.42937523 0.44812062 0.53999805 0.54016817 0.4592905 0.330564 0.32313043 0.4761227 0.6180814 0.727841 0.7734575 0.7833047 0.79956895 0.77667373 0.7261178 0.679651 0.6134254 0.4971943 0.51380897 0.50069225 0.40005594 0.38184905 0.4074656 0.39973733 0.37809765 0.37368536 0.2708255 0.15016097
0.16983683 0.2512348 0.3227995 0.41190434 0.3784961 0.30112037 0.26829696 0.24204133 0.34722924 0.4061491 0.3644969 0.35418493 0.38802633 0.3433575 0.25448343 0.260764 0.3273978 0.25709087 0.21889177 0.37127018 0.5129133 0.3676989 0.20309797 0.12350995 0.1267689 0.09514443 0.083837286 0.1714362 0.25224182 0.15116866 0.23656903 0.37999606 0.41942248 0.47335052 0.4299575 0.55653167 0.72375876 0.7712804 0.6870892 0.62240857 0.55314296 0.5125102 0.52829885 0.57457465 0.6310801 0.6830473 0.68101376 0.60536784 0.47924328 0.29440033 0.21284783 0.14652862 0.14198853 0.2835658 0.25488487 0.13598856 0.023711806 0.057470605
0.31570202 0.49009973 0.64525026 0.43643716 0.34123683 0.3129675 0.28859907 0.2586579 0.31328827 0.27176976 0.3105371 0.30143228 0.28645694 0.2590599 0.27601305 0.23493259 0.17721811 0.25733435 0.28216946 0.55523115 0.4430272 0.24333608 0.110255465 0.06708843 0.011578493 -0.16523437 -0.07980989 0.098804764 0.1560318 -0.0009923667 -0.06218772 0.026433304 0.23133725 0.4050564 0.6112519 0.6999686 0.5942102 0.5168036 0.5011745 0.5019057 0.43709645 0.42088264 0.44199255 0.40660983 0.39598036 0.40609318 0.44065744 0.36270288 0.24407095 0.096503645 -0.012143661 -0.012154706 0.054975763 0.034271896 -0.047481578 -0.08838866 -0.030807056 0.07358563
0.5670436 0.47001615 0.37630805 0.31492084 0.33372158 0.25330555 0.22418241 0.27125195 0.33473954 0.3389197 0.35623056 0.3161565 0.22496976 0.11028218 0.22573005 0.26226082 0.24147025 0.34459126 0.6165072 0.6002442 0.34920588 0.16987777 0.061779127 -0.11604236 -0.23126298 -0.08345783 0.009292345 -32767.0 -0.098142564 -0.19130853 -0.21753973 0.1074744 0.3825289 0.49649888 0.45482332 0.40366593 0.35734978 0.3778473 0.4397356 0.4820528 0.5201346 0.56543905 0.5380871 0.42305622 0.34887546 0.23731631 0.16945368 0.124243654 0.014040042 -0.0726347 -0.14272223 -0.12377999 -0.17789756 -0.23597163 -0.22941275 -0.05289416 0.07282818 0.123867966
0.58534634 0.40629357 0.36984694 0.35572296 0.39411247 0.3345665 0.29829904 0.315032 0.3990644 0.45703527 0.4194298 0.44140378 0.30093014 0.20395604 0.30377197 0.3879841 0.49813822 0.77495 0.7603347 0.4778346 0.29536375 0.123269655 0.06962915 0.10975648 0.20442215 0.22715273 0.16734903 -0.040789053 -0.14920922 -0.005268836 0.23803005 0.4259268 0.38303122 0.3399544 0.28226876 0.29056302 0.2773599 0.30418062 0.42233512 0.43900338 0.32328737 0.30006367 0.34073567 0.29492357 0.1632207 0.1063805 0.04017463 -0.041712567 -0.14818858 -0.18768062 -0.1223255 -0.060208347 -0.079543106 -0.074645065 0.013793522 0.18193987 0.27216512 0.22890896
0.43007842 0.36335054 0.35761636 0.38072768 0.413312 0.4196294 0.4165799 0.31414562 0.35543305 0.48834807 0.5192233 0.40562963 0.35747582 0.35265842 0.44662562 0.62020487 0.8673441 0.79923046 0.54071426 0.38684854 0.27388608 0.13238992 0.10685172 0.07821535 0.16705544 0.16622546 -32767.0 -0.07708762 0.08462001 0.36076277 0.40169546 0.26494157 0.22543296 0.20899218 0.1679735 0.17653733 0.24118778 0.30205306 0.22706136 0.20330743 0.2434923 0.17547277 0.10113573 0.09977009 0.0067981454 -0.087160364 -0.14406127 -0.19743334 -0.23720802 -0.13039237 0.055115547 0.054703146 0.06276569 0.07486092 0.16374847 0.2598953 0.29668993 0.2607127
0.31132746 0.29601505 0.2911569 0.26628256 0.2563867 0.23436783 0.15522388 0.21829347 0.29827356 0.28566095 0.32995397 0.3356505 0.39865348 0.52533835 0.72997564 0.84682167 0.72686374 0.5436938 0.42080605 0.3750205 0.25301534 0.11027457 0.097254366 0.08989261 0.16463673 0.23331715 -0.06685583 0.12133586 0.35434544 0.3025492 0.1494735 0.10631131 0.09767449 0.11573556 0.13283446 0.14922448 0.19209854 0.13869078 0.09672865 0.11703097 -0.021742214 -0.12997475 -0.16331671 -0.15018 -0.20922408 -0.2365141 -0.31241742 -0.29581177 -0.16684934 0.008793655 -0.0015909586 -0.12550275 -0.13594146 -0.09947445 -0.058627233 -0.012442378 0.08117506 0.13849483
0.26485762 0.21548462 0.16784923 0.17181483 0.19276088 0.17360125 0.05948633 0.07427113 0.10883213 0.101907246 0.119671546 0.21308975 0.35088685 0.6008705 0.7387276 0.6439977 0.5276933 0.39751914 0.38900673 0.33992517 0.22628568 0.1182362 -0.021420779 0.0115113985 -0.012608096 -0.04023265 0.13191627 0.24629512 0.19807751 0.11768174 0.008542566 0.07217865 0.06568296 0.13121676 0.09708966 0.08838102 0.09380516 0.0099794 -0.040025435 -0.121207975 -0.22475079 -0.34006295 -0.3069325 -0.3535241 -0.4000075 -0.4181798 -0.3595994 -0.19035192 -0.17724337 -0.21246736 -0.22291112 -0.13544971 -0.082834095 -0.026061095 0.030431675 0.021995906 0.052415285 0.032712616
