static/data/seaWater_uo/2023/7/6/12.asc
ncols 137
nrows 93
xllcorner 108.0
yllcorner 17.0
cellsize 0.25
NODATA_value -32767
[rows 52 to 77 of 93, columns 58 to 115 of 137]
0.3006992 0.29877505 0.14473845 0.16197923 0.28150767 0.3512922 0.30270612 0.26676458 0.2970933 0.28570127 0.2774666 0.27604976 0.32875532 0.5701875 0.5895871 0.5680042 0.4230369 0.34032547 0.36700997 0.24193516 0.20300384 0.078931995 0.05349684 0.14738983 0.0684964 0.10505533 -0.0155946845 0.03135372 0.04468668 0.009492763 -0.11184342 -0.051156648 -0.0068915477 -0.08102691 -0.13025123 -0.11993707 -0.1367137 -0.16886307 -0.17407884 -0.22805566 -0.28182313 -0.31397876 -0.40817243 -0.5330809 -0.62103814 -0.6844115 -0.58898365 -0.42291024 -0.43277246 -0.46995327 -0.44765243 -0.35468537 -0.1771441 -0.11660741 -0.040190212 -0.036591314 -0.10329588 -0.14805642
0.37676817 0.2822513 0.044165093 -0.041302536 0.1352203 0.271888 0.32397842 0.2943174 0.26672125 0.20341559 0.2868423 0.43376678 0.54758865 0.4170674 0.50086206 0.39781317 0.27540076 0.31350562 0.1663154 0.047695186 0.044343498 0.04647626 0.21934845 -32767.0 0.15339261 0.069652274 0.025560755 -0.00049273344 0.028753389 -0.03553018 -0.06445421 -0.030320197 0.024372011 -0.011462108 -0.08055124 -0.15685612 -0.18475091 -0.20489185 -0.21176349 -0.28748187 -0.37141484 -0.38366196 -0.54079294 -0.65807426 -0.6752944 -0.56156456 -0.39487714 -0.38248622 -0.41892803 -0.35694814 -0.32468152 -0.21102105 -0.053529378 0.016505033 0.16602068 0.19856153 0.0929116 -0.094480306
0.3028153 0.3449259 0.36135933 0.31496465 0.20996083 0.14225386 0.22136146 0.20455807 0.17574088 0.11850795 0.32535663 0.30333653 0.27720535 0.4401643 0.3949565 0.25356942 0.23684461 0.25402376 0.057239816 0.020007698 -0.026611166 0.016810797 -0.09477922 -0.016301906 0.1554789 0.013505403 -0.008702331 -0.0023080716 0.0106337145 -0.03805652 -0.08314404 0.030512787 0.056306403 0.031724006 -0.033312257 -0.17341262 -0.22097367 -0.20992512 -0.22765046 -0.28872827 -0.37901014 -0.43302155 -0.53238654 -0.59188265 -0.47923973 -0.3301422 -0.23969173 -0.27484077 -0.2122243 -0.10342526 -0.021687998 0.035848226 0.10016321 0.22626987 0.41009966 0.43550628 0.31759396 0.1851486
0.29939255 0.40046644 0.56025857 0.5877754 0.6154218 0.57110125 0.5007432 0.24833965 0.24794775 0.25068578 0.32137385 0.41912 0.48320872 0.4837305 0.28573096 0.21494928 0.21736819 0.19850947 0.28766948 0.28556415 0.24100624 -32767.0 0.02753254 0.0429545 0.20424992 0.15241848 0.029494565 0.006891148 0.035777632 0.03407277 -0.063870616 -0.024138398 0.09933111 0.059810746 -0.07358543 -0.16057082 -0.25405928 -0.24290763 -0.28288922 -0.22740082 -0.27850008 -0.30054256 -0.34019977 -0.38030896 -0.3010107 -0.13854487 -0.09468791 -0.10509123 -0.020908087 0.056449294 0.14747989 0.18055427 0.2183135 0.39995345 0.33886874 0.29061657 0.24834093 0.2787392
0.50660443 0.6075186 0.75907224 0.8923406 0.91307616 0.8103701 0.7351924 0.7251753 0.64854646 0.5982318 0.6244917 0.7206053 0.7289078 0.5035213 0.29024363 0.2759406 0.2518594 0.19225939 0.22776446 0.23973607 0.296437 0.59514385 0.48159882 0.39169347 0.1937687 0.200332 0.2717868 0.19752376 0.10263312 0.071755454 0.016405921 -0.03772973 0.028558798 0.008343696 -0.027055088 -0.18184543 -0.21570347 -0.28527212 -0.2324339 -0.2670807 -0.18073398 -0.13958499 -0.11461302 -0.1355745 -0.17128508 -0.047890656 -0.0054997634 0.011895669 0.06182354 0.14638892 0.15886126 0.21289857 0.3492839 0.29730123 0.13064195 0.16807011 0.11899053 0.19553393
0.117816165 0.51310736 0.7656571 0.78408664 0.85196394 0.74008834 0.9623913 1.0056189 1.0121804 0.95999 0.8198261 0.6978201 0.46120262 0.37144896 0.39627844 0.35009268 0.27221626 0.3145785 0.36813805 0.38647667 0.43131432 0.5028184 0.54569346 0.5746769 0.6220685 0.64005446 0.49068856 0.23766151 0.18676947 0.14143203 0.039115444 -0.012305806 0.02153546 0.05080265 -0.030341472 -0.050495878 -0.12060803 -0.09487478 -0.17306471 -0.18860103 -0.18979083 -0.074920096 0.00040771626 0.028270222 -0.03415607 -0.03208308 0.009015352 0.053389564 0.08554925 0.14485541 0.14121863 0.20131682 0.24959329 0.106082365 -0.0057347687 0.10414882 0.02865364 0.058584996
-0.15126307 0.16269758 0.20659147 0.31537428 0.5009211 0.67786765 0.777315 0.7663921 0.7148346 0.6874523 0.5576895 0.32486323 0.27384138 0.38268802 0.43479395 0.36531162 0.4651247 0.5343296 0.5083692 0.4982508 0.4790613 0.45457628 0.45397657 0.50628394 0.5584178 0.53964317 0.53756523 0.38499895 0.19925718 0.13111466 0.015067338 0.009589713 0.05890541 0.0820674 -0.011511087 -0.033365466 -0.0025149274 -0.002005426 0.011019967 -0.06347378 -0.09358366 -0.065145575 0.002782866 0.099166594 0.08790512 0.022450048 -0.009214629 0.035412956 0.06939515 0.09736922 0.10131469 0.13004054 0.035553686 0.05191715 -0.0007557281 -0.0723822 0.06915269 0.0095615
0.07282932 -0.033564035 0.10187186 0.13112865 0.089770615 0.11756303 0.14332908 0.16456246 0.16667174 0.07066819 0.09533106 0.2156026 0.28075677 0.1978224 0.3462887 0.4186066 0.43080026 0.4175152 0.40347296 0.34317255 0.27041724 0.27952093 0.35963312 0.42099047 0.42861107 0.37341058 0.37494943 0.30191314 0.11743789 0.08128253 -0.059089325 -0.05092747 0.0137423 0.02165752 0.024968708 0.11532989 0.15331748 0.15748523 0.101233535 0.13409926 0.11719966 0.05277626 0.086482204 0.14023492 0.2138281 0.16327144 0.14146374 0.13407488 0.14298254 0.09272567 0.0831943 0.122095995 -0.09711047 0.0059976378 0.09384512 0.07840231 -0.20735455 0.06687115
0.2513574 0.17231216 0.16493458 -0.012096506 -0.28996447 -0.24823453 -0.30771187 -0.29238966 -0.095258765 0.10274609 0.22109498 0.24299642 0.1096328 0.1962369 0.24685512 0.3065022 0.32980576 0.2799658 0.19583793 0.09344796 0.2758994 0.33826795 0.4175134 0.42602906 0.3509075 0.25318408 0.31165916 0.19825375 0.03497119 0.01310206 -0.08772275 -0.048703827 0.013809899 0.112677336 -0.0018353509 0.076263934 0.0056643845 0.12419929 0.25488853 0.35392967 0.47481334 0.49385607 0.37921062 0.25037986 0.25969803 0.27548656 0.27680156 0.28668046 0.30245325 0.28567284 0.16392507 0.11881672 -0.06614933 0.1322405 0.36266795 0.30656633 0.15081607 0.010832555
0.35925755 0.29610845 0.25679204 0.20157407 0.2705035 0.08271162 -0.06203635 0.011794053 0.149228 0.20315923 0.11287362 0.12117902 0.19180231 0.20870112 0.26827565 0.306372 0.3237622 0.20868972 0.056178495 0.21137337 0.2702412 0.2571575 0.27606136 0.26676878 0.1850117 0.16195585 0.19167602 0.054353625 -0.028212512 -0.056434657 -0.094189644 0.039749727 0.101686805 0.14373423 0.023436878 0.013450026 0.014540106 0.081854366 0.1917188 0.2778147 0.3891694 0.60763085 0.67125213 0.5386109 0.39187732 0.38065365 0.40792325 0.4648851 0.5176658 0.45502868 0.24930887 0.10197457 -0.01477603 0.23982607 0.33316895 0.25471422 0.22377951 0.27120692
0.38522288 0.4041515 0.1780015 0.1516937 0.1730201 0.2475474 0.13472317 0.06558063 0.15438515 0.090938695 -0.013782008 0.027644077 0.17813863 0.23972788 0.26571414 0.30856436 0.2985605 0.17316602 0.12229982 0.20922986 0.18780647 0.12359915 0.08600047 0.08785789 0.06523162 0.1092697 0.07534688 -0.07752534 -0.06916463 -0.13863955 -0.045402203 0.10456618 0.19147195 0.17446643 0.09056066 -0.08544837 0.026174055 0.09658336 0.09519923 0.15954491 0.21048552 0.34558803 0.4119202 0.4539964 0.3739943 0.36393437 0.34673548 0.24162838 0.35178682 0.40104893 0.18406406 0.053981796 -0.02398118 0.20902847 0.2684309 0.23548996 0.39672393 0.46267
0.42732662 0.37242955 0.3382108 0.10682586 0.11800728 0.12632406 0.13877435 0.14143634 0.14695203 0.09965323 0.038863137 0.06910415 0.19474567 0.26974556 0.32708818 0.3239138 0.28953433 0.19616629 0.1169121 0.18320125 0.16053692 0.12132456 0.05389612 0.080958076 0.0483007 0.06598301 -0.005421413 -0.12665926 -0.061237488 -0.099765204 0.07308411 0.1854658 0.3143599 0.2939292 0.1651094 -0.06833192 0.015889494 0.09150331 0.036435664 0.2113789 0.19771676 0.20285596 0.18351053 0.097619325 0.11795785 0.10412272 0.031950604 0.15418589 0.47383693 0.29933012 0.12283891 -0.1414073 0.018608203 0.18867739 0.18699236 0.2864597 0.2708605 0.20179021
0.33868122 0.3347726 0.29446957 0.20021316 0.2534338 0.060657497 0.010963392 0.033475872 0.102926575 0.1864856 0.20545639 0.23741783 0.27389702 0.35151884 0.3653372 0.3141935 0.28947845 0.252997 0.103895925 0.20311773 0.19576944 0.109647825 0.05450556 0.04147932 -0.008159426 0.013059652 -0.012950175 -0.051350776 -0.0464305 -0.017980628 0.1227622 0.32292518 0.23818177 0.21744344 0.15453184 0.06530352 0.110546485 0.016060797 -0.06372549 -0.0014307254 -0.018383307 0.099604696 0.04644386 0.005919999 -0.08128136 -0.038918383 0.1444114 0.40216818 0.27450284 0.20548387 0.076553166 -0.1803771 0.020207087 0.17444502 0.12125366 0.109324224 0.01569169 -0.023761567
0.2371679 0.22963622 0.22804561 0.21074092 0.09384081 0.02200005 -0.071802385 -0.07141666 0.130169 0.2473009 0.29983017 0.33743343 0.34056067 0.36344168 0.3571879 0.28648895 0.30218574 0.27250186 0.13600864 0.18652987 0.16539176 0.11664991 0.06943785 0.052113533 -0.00085479824 0.0066176867 0.06933057 0.12708254 0.026240293 0.08322114 0.19838844 0.27509832 0.1047151 0.09694325 0.13948607 0.13223273 0.08880923 0.1548896 -0.22068305 -0.24696644 -0.0799658 -0.0008390717 0.059104383 0.0037592102 0.052780915 -0.0051147398 0.16028795 0.24317491 0.15534025 0.21348242 0.01762072 -0.08607384 0.026113024 0.12092833 -0.0010308342 -0.087157145 -0.14616588 -0.105532594
0.27134877 0.22823097 0.2859124 0.20437436 0.11097159 0.042814687 0.037257805 0.08259994 0.17918241 0.23889825 0.3223918 0.37792212 0.31131604 0.33252415 0.3264586 0.27869722 0.31343713 0.28947747 0.14117634 0.09513756 0.073339306 0.0736243 0.14016202 0.21389464 0.15663475 0.10712373 0.20781417 0.22360532 0.14618045 0.15828279 0.19403102 0.26244086 0.17232203 0.23296624 0.12100249 -0.061560947 -0.01078461 0.15276268 0.23385197 0.1484842 -0.12548462 0.016195266 0.05952072 0.0900787 0.047351185 0.061099235 0.21822248 0.13331321 0.083149344 0.040661193 0.016112393 0.15496984 0.160667 0.030973338 -0.045696594 -0.1887081 -0.1780931 -0.17220297
0.25290254 0.27748406 0.36253116 0.23954308 0.1602222 0.117061235 0.15822521 0.22077653 0.24158916 0.28909203 0.2737557 0.33693495 0.2742764 0.27893347 0.32003602 0.34134167 0.29993787 0.31089035 0.12382346 -0.010280497 -0.13681774 -0.10762151 -0.011168912 0.12744075 0.26514828 0.23960608 0.21514882 0.23902808 0.23656416 0.21497908 0.20901424 0.29377866 0.25755063 0.1767675 -0.018251868 -0.1637645 -0.10862871 -0.11069348 0.0063346513 0.18963805 0.29158837 -0.028122662 0.14892146 0.2519434 -0.03398968 -0.030292453 -0.022057567 -0.14661306 -0.12715141 0.064937346 0.25787383 0.34110755 0.23406453 -0.0014537977 0.033041645 -0.16699257 -0.044798307 -0.069683336
0.18815358 0.28191268 0.34852406 0.2891711 0.22924806 0.16615522 0.18949743 0.23381577 0.23266613 0.21206726 0.20413512 0.3335096 0.38652998 0.37019777 0.36884835 0.40234393 0.29978815 0.27923614 0.14160356 0.025905335 -0.10160565 -0.07235448 -0.003788629 0.043518957 0.12314572 0.18478085 0.25424775 0.27677637 0.3167615 0.31862038 0.27900246 0.28916734 0.28079772 0.2105013 0.06702579 0.009040954 -0.0070591485 -0.05979916 -0.095732704 -0.011070427 0.12155148 0.2150496 -0.0144379 0.19166198 0.15373 -0.040028665 -0.10470245 -0.20967647 -0.01485881 0.24777204 0.19443746 0.16674031 0.2276675 0.043713167 0.16020603 -0.06036133 0.03338963 0.07567147
0.15532309 0.2920417 0.266311 0.22211128 0.22946434 0.14887153 0.16109289 0.18976703 0.1970569 0.15064658 0.18738373 0.33529264 0.4693994 0.45724967 0.3714617 0.4046109 0.27938315 0.2309261 0.15400778 0.13731845 0.03619339 0.0069415695 0.1253308 0.18529391 0.18400657 0.23640855 0.34403685 0.425029 0.5094061 0.49909285 0.40183878 0.25545877 0.2553371 0.27631497 0.1428471 0.12866326 -0.0028565486 0.06119033 0.10462747 0.007566729 -0.016351053 0.084554285 0.2320886 0.042202562 0.24060403 0.3514969 0.35469878 0.45275486 0.5443082 0.5328515 0.573511 0.50882524 0.35181746 0.28229424 0.21367256 0.17802545 0.059593856 0.08492775
0.16360945 0.23272215 0.15685423 0.16995072 0.10410621 0.11595843 0.22685988 0.21961392 0.21454737 0.19086595 0.20785557 0.3391161 0.37697735 0.31538573 0.3155972 0.31290603 0.19733615 0.1453224 0.11565179 0.21081275 0.20548175 0.11469915 0.15538143 0.17762469 0.20534474 0.22903298 0.21165927 0.2912678 0.35661712 0.274404 0.19600214 0.1533171 0.15176001 0.2693275 0.22811605 0.10220322 0.15750812 0.078193784 0.13287431 0.24616733 0.10969031 -0.03251819 0.19462663 0.30785444 0.13105077 0.24408795 0.42157888 0.5333833 0.55891275 0.56508785 0.60560596 0.5636253 0.49645507 0.3945006 0.29117465 0.22251397 0.17372684 0.1390632
0.3418325 0.25793818 0.18605696 0.08665364 0.07311953 0.21319768 0.31606138 0.27373314 0.29180565 0.31561434 0.3075353 0.43791503 0.30827367 0.19774672 0.23965266 0.17391698 0.10140095 0.09065155 0.10506952 0.15515865 0.18888158 0.21270514 0.22038199 0.18776555 0.07875714 0.121901564 0.14293827 0.07462586 0.045006678 0.069017984 0.18050788 0.30956635 0.3165987 0.30918643 0.2956043 0.29351792 0.3479854 0.15392071 0.1753242 0.43042493 0.40698203 0.10464062 0.05816825 0.09455285 0.22043788 0.1503726 0.108436465 0.28306696 0.38756415 0.47552234 0.4677437 0.42798442 0.39427266 0.35934365 0.27481508 0.057918586 0.15810229 0.17324741
0.30327526 0.2051977 0.37374228 0.15526561 0.11324052 0.29796448 0.32958773 0.28732616 0.32523158 0.38630182 0.44915578 0.45046356 0.19683166 0.10441392 0.1131186 0.09426399 0.067040086 0.0673857 0.07102927 0.11121588 0.09501169 0.14911011 0.1623023 0.1229502 0.13538545 0.24604341 0.1923262 0.17089467 0.16943091 0.1889923 0.24199313 0.3471826 0.39603293 0.44471842 0.49368203 0.5747502 0.54891276 0.4304317 0.53949577 0.59898347 0.5777804 0.40627378 0.13273685 0.078728475 -0.01442258 -0.122405946 -0.015228492 0.18911448 0.30503604 0.23637399 0.20267682 0.19411683 0.19442837 0.18135355 0.12699401 -0.04751738 0.008274777 0.14838925
0.39370987 0.38482466 0.3813811 0.4180475 0.27550018 0.2597555 0.21483672 0.23573786 0.35972005 0.37814468 0.4437541 0.2455623 0.08756937 0.059570603 0.056017444 0.040358715 0.061306026 0.09371085 0.086815156 0.1393754 0.17053734 0.15712643 0.17113565 0.15052365 0.21306743 0.3663664 0.31319356 0.32698423 0.33337674 0.32658067 0.38162762 0.5312328 0.6416133 0.7249751 0.7859123 0.8586925 0.94938296 0.9285509 0.8640034 0.7339435 0.65837276 0.5138588 0.24661256 0.0918259 -0.07239918 -0.20066637 -0.17434803 0.1115815 0.14379488 0.038146015 0.020346353 0.038021304 -0.00582805 -0.018049221 -0.062000632 -0.029120635 0.12696779 0.24143483
0.30658698 0.33950177 0.26039916 0.4066944 0.3909981 0.26563323 0.2550732 0.3535645 0.38106143 0.4418126 0.26334113 0.09222438 0.03014778 0.03687215 -0.025926739 0.0029027404 0.08721118 0.17110996 0.1324856 0.22519727 0.194427 0.10514634 0.07730069 0.16779749 0.2591575 0.3889782 0.4034989 0.48442328 0.58707577 0.6739329 0.6759547 0.6859045 0.7222718 0.79288846 0.86380893 0.87421376 0.89836776 0.7936361 0.6224025 0.5892261 0.5982705 0.5132822 0.3244012 0.09842187 -0.0120931165 -0.12164107 -0.18067473 0.06289722 -0.07928823 -0.104525894 -0.09510112 -0.14262845 -0.18862735 -0.1921294 -0.0788779 0.019580664 0.15631208 0.29325286
0.18704385 0.08939014 0.067827076 0.11198887 0.20360759 0.34760255 0.36220592 0.39131805 0.35866302 0.4444073 0.17287403 0.04596927 0.02334771 0.032936547 -0.04863248 0.010405282 0.12376845 0.22205672 0.18362929 0.22355378 0.21414086 0.13385028 0.18327314 0.3087185 0.4088904 0.47261027 0.5099257 0.5182243 0.5276253 0.56762165 0.73536724 0.8364996 0.7665778 0.7342061 0.62670696 0.5841568 0.5712498 0.54016644 0.35215345 0.29987392 0.3191492 0.47148654 0.33932346 0.1914374 0.14043945 0.05684992 -0.053992018 0.029657453 -0.16771431 -0.100357175 -0.15975952 -0.24213853 -0.23624372 -0.1673168 -0.030789169 0.12004813 0.24832988 0.26118183
-0.005912112 -0.061484333 -0.10307365 -0.019775152 0.22379631 0.28352863 0.30396932 0.28010625 0.40809909 0.3271582 0.17625692 0.0682462 0.05011991 0.10157739 0.019916603 0.017003532 0.08758901 0.19253135 0.18437582 0.2553995 0.27181837 0.29688042 0.353554 0.30218577 0.26313943 0.3011495 0.3100513 0.34619835 0.55816203 0.7383693 0.7050795 0.53771555 0.46516714 0.39676216 0.39954233 0.36981916 0.32058233 0.3190107 0.28194338 0.29628178 0.25385088 0.25996315 0.36806563 0.3508801 0.26503712 0.22555555 0.061372023 0.011285993 -0.09314939 -0.09287063 -0.10946367 -0.087425955 -0.050095197 0.015604417 0.038979612 0.05420969 0.022371534 -0.031383548
-0.04888927 -0.02461018 -0.00899136 0.06835952 0.11562254 0.282511 0.22916195 0.21690542 0.3022367 0.20132393 0.1510166 0.03272992 0.07511651 0.075385526 0.09671476 0.106382184 0.15132861 0.12666357 0.1932544 0.24158433 0.19347757 0.23632208 0.17131297 0.096949674 0.14485464 0.29155833 0.41501278 0.56175125 0.6231355 0.44414642 0.27719274 0.16160402 0.23456556 0.25793618 0.19964407 0.11504508 0.14768498 0.16366883 0.11012977 0.1521582 0.2442406 0.18442586 0.32715765 0.39093074 0.3156212 0.20557083 0.07472189 0.1033714 -0.037332688 -0.057492256 -0.035747964 -0.0063829753 0.0020191642 -0.001566704 -0.057090458 -0.13602348 -0.17068684 -0.22446223
