static/data/seaWater_uo/2023/7/6/18.asc
ncols 137
nrows 93
xllcorner 108.0
yllcorner 17.0
cellsize 0.25
NODATA_value -32767
[rows 0 to 25 of 93, columns 58 to 115 of 137]
-32767.0 -32767.0 -32767.0 -32767.0 -32767.0 -32767.0 -32767.0 -32767.0 -32767.0 -32767.0 -32767.0 -32767.0 -32767.0 -32767.0 -32767.0 -32767.0 -32767.0 -32767.0 -32767.0 -32767.0 -32767.0 -32767.0 -0.03719519 -0.13973004 -0.09365994 -0.022020705 0.0412276 0.0072330288 -0.026238874 0.046318393 0.13853876 0.19730188 0.28162006 0.47652605 0.49163616 0.3592998 0.11322772 0.052991927 0.012051721 -0.025957124 0.04303329 0.24006517 0.4207372 0.403357 0.1169945 -0.26523447 -0.06558104 0.11153594 0.10870674 0.17302315 0.34411463 0.35699993 0.37761307 0.18668199 0.17193225 0.29030845 0.32668796 0.2064821
-32767.0 -32767.0 -32767.0 -0.07355563 -0.08973075 -0.05286631 -0.07450604 -0.08407863 -0.058856852 0.03731702 -32767.0 -32767.0 -32767.0 -32767.0 -32767.0 -32767.0 -32767.0 -32767.0 -32767.0 -32767.0 -32767.0 -0.10557389 -0.08244534 -0.21248716 -0.07666963 -0.029045833 -0.15660673 -0.23443805 -0.13711314 0.006885198 0.069065936 0.18141314 0.29198736 0.5462461 0.45745587 0.3796392 0.20345384 0.06632792 -0.022879295 -0.043107584 0.004356129 0.20666313 0.26551086 0.2918631 0.24362639 -0.055038426 -0.21864466 0.09930689 0.24017574 0.26453647 0.217889 0.11333333 0.010168182 -0.07571754 -0.052986365 -0.05646994 -0.01164869 -0.11292657
-32767.0 -0.05023858 -32767.0 -0.07754725 -0.13717683 -0.15594152 -0.12214802 -0.08392428 -0.0779231 -0.0643064 -0.0014180994 -0.027854653 -32767.0 -32767.0 -32767.0 -32767.0 -32767.0 -32767.0 -32767.0 -32767.0 -32767.0 -0.16060348 -0.2691407 0.015703835 -0.031695273 -0.097165145 -0.0529816 -0.040492155 0.29765338 0.5190714 0.44677913 0.34561622 0.35166442 0.4814529 0.46083722 0.43942803 0.4489609 0.28766996 0.2110865 0.16827801 0.063227735 0.24771148 0.123962164 0.030831626 0.08931079 -0.0194528 0.085273355 0.11884699 0.17653765 0.2743263 0.16247208 0.08600759 -0.15722565 -0.36733535 -0.4437064 -0.30077246 -0.2229592 -0.15553564
0.034015022 -32767.0 -0.06808168 -0.008645374 -0.09740895 0.06257869 -0.09274792 -0.16098689 -0.10443486 -0.0626892 0.006169913 0.030993128 -32767.0 -32767.0 -32767.0 -32767.0 -32767.0 -32767.0 -32767.0 -32767.0 -0.08682163 0.033216238 -0.09521862 -0.04585516 0.036903612 0.22939582 0.5288744 0.7780291 0.6657998 0.8270076 0.9592012 0.76719534 0.61345685 0.5221048 0.57857406 0.53053385 0.4896527 0.47973534 0.4193064 0.5785182 0.73586327 0.46655107 0.23373917 0.0017726191 -0.11474475 0.19541238 0.048587963 0.012690851 0.031517997 0.062471956 0.04136366 0.05459267 0.01212639 -0.20106395 -0.34358498 -0.436354 -0.17433664 -0.14566082
0.16317917 -32767.0 0.06566134 0.02522657 0.11808354 0.08925571 0.014450493 0.06375303 0.027696952 -0.009032058 -0.021491414 -32767.0 -32767.0 -32767.0 -32767.0 -32767.0 -32767.0 -32767.0 -32767.0 -32767.0 -32767.0 -32767.0 0.039145887 -0.09040637 -0.0983566 0.108862415 0.1375001 0.3257051 0.46810776 0.5708348 0.76940495 0.6492653 0.511059 0.5088867 0.6462795 0.73835385 0.7137079 0.6004796 0.5387867 0.6306549 0.36422822 0.20136616 0.07701053 -0.12603924 -0.24496625 0.041710176 -0.11751606 -0.27080262 -0.29617438 -0.2024604 -0.11986539 -0.23064086 -0.0900028 0.024252826 -0.12964758 -0.19566642 -0.20506486 -0.09347864
0.2040248 0.22892368 0.14269464 0.15880178 0.10070778 0.010497622 -0.05027803 -0.046715356 -0.092676245 -0.014467141 -0.017749522 -32767.0 -32767.0 -32767.0 -32767.0 -32767.0 -32767.0 -32767.0 -32767.0 -32767.0 -32767.0 -32767.0 -32767.0 0.046781033 0.03389267 -0.04866885 -0.0042830817 -0.052074566 0.27901098 0.37549525 0.50872344 0.62335587 0.6034476 0.5153044 0.50366586 0.4756717 0.51470107 0.3902856 0.51799417 0.22859938 -0.0018181158 -0.121509984 -0.30550224 -0.481518 -0.47422364 -0.21250467 -0.19642971 -0.18038121 -0.050710484 -0.12797926 -0.21854016 -0.15371385 -0.104089156 -0.06843686 -0.23753752 -0.3235267 -0.18454774 -0.09276879
0.11892976 0.06843634 -0.040008858 -0.04451984 -0.09100151 -0.17824534 -0.12673184 -0.16288275 -0.1821347 -0.009261629 -0.015257459 -32767.0 -32767.0 -32767.0 -32767.0 -32767.0 -32767.0 -32767.0 -32767.0 -32767.0 -32767.0 -32767.0 -32767.0 -32767.0 0.12930286 0.058256954 -0.11427543 -0.18578875 0.057989914 0.29019314 0.46911228 0.46425548 0.4053691 0.41700548 0.44206542 0.37597632 0.20566067 0.30310866 0.1886715 -0.020174155 -0.20906101 -0.29817337 -0.63383704 -0.7484722 -0.55903506 -0.17892158 0.15716991 0.25089616 0.26204273 0.38964555 -0.12027821 -0.029263103 -0.14800718 -0.23376016 -0.024434462 0.03762386 -0.06239011 -0.07514203
0.10867378 0.012380619 -0.096919246 -0.14166729 -0.20820777 -0.28966665 -0.32625863 -0.2464105 -0.02615382 0.014185569 -32767.0 -32767.0 -32767.0 -32767.0 -32767.0 -32767.0 -32767.0 -32767.0 -32767.0 -32767.0 -32767.0 -32767.0 -32767.0 -32767.0 -32767.0 0.10786611 0.06719413 0.1257018 0.15038341 0.23953491 0.26706484 0.40001503 0.42072335 0.3392942 0.36017397 0.117633104 0.10750884 0.11404614 0.03878271 -0.087004 -0.20336428 -0.29938844 -0.31393924 -0.21512656 0.19479516 0.43297336 0.52737176 0.47740072 0.31557027 0.13306686 -0.049040213 0.0050883475 -0.14408533 -0.21619822 -0.014260228 0.079441145 0.15004914 0.15869446
0.1665613 0.053440284 -0.06019575 -0.13348705 -0.117624305 -0.16110861 -0.28306532 -0.29303 -0.07892808 -32767.0 -0.03217386 -32767.0 -32767.0 -32767.0 -32767.0 -32767.0 -32767.0 -32767.0 -32767.0 -32767.0 -32767.0 -32767.0 -32767.0 -32767.0 -32767.0 0.15225542 0.09283108 0.2251628 0.30309057 0.4753511 0.26696473 0.27247784 0.33818397 0.33030006 0.31492725 0.096185856 0.069826044 -0.07116191 -0.098196134 -0.240459 -0.26993892 -0.2222208 0.073801674 0.3051164 0.37676558 0.37543622 0.24426492 -0.0041609537 -0.05289722 0.047207784 0.033097975 -0.06595565 -0.14723729 -0.3179535 -0.23405312 0.020082962 -0.029638104 0.19358835
0.11078385 0.050541364 -0.036352083 -0.06345475 -0.10272591 -0.16127215 -0.2274587 -0.22045204 -0.06644848 -0.03452009 -0.06514271 -0.077468425 -0.10669071 -0.06537222 -0.04141059 -0.008577377 -32767.0 -32767.0 -32767.0 -32767.0 -32767.0 -32767.0 -32767.0 -32767.0 -32767.0 -32767.0 0.13002284 0.11336907 0.13131738 0.37682733 0.37435466 0.118932955 0.08801149 0.24437565 0.2957451 0.3015637 0.13998042 0.0027807015 -0.25411677 -0.36665845 -0.362502 -0.23784807 -0.10482684 0.14974375 0.13259079 -0.10936254 -0.17490943 -0.12841326 -0.063230045 0.10942842 -0.15767713 -0.16593239 -0.1747287 -0.08080759 0.042237487 -0.14518404 -0.20204383 0.009511983
0.38143218 0.38324314 0.020364862 0.021950785 -0.04525422 -0.18629679 -0.22345313 -0.27895468 -0.12435027 -0.0711135 0.0023611782 -0.029408107 5.4470496e-05 -0.040096454 -0.048466142 -0.03765869 -32767.0 -32767.0 -32767.0 -32767.0 -32767.0 -32767.0 -32767.0 -32767.0 -32767.0 -32767.0 -32767.0 0.05764198 -0.0286334 0.20808516 0.5166939 0.37973765 0.07276931 0.045143224 0.3197455 0.3140632 0.17713176 -0.06521849 -0.28185764 -0.23209614 -0.10332081 -0.021402445 -0.07980335 -0.07667368 -0.17625149 -0.29632872 -0.13914807 -0.18871301 -0.11308162 0.03383745 -0.16418095 -0.3254337 -0.39178887 -0.35013762 -0.24040027 -0.1622387 -0.12741937 0.018857542
-32767.0 -0.05988155 -0.015978597 -0.016941965 -0.07806664 -0.18809834 -0.18893288 -0.18431984 -0.22968173 -0.17597966 0.0020572778 -0.035348088 -0.036088474 -0.056830198 -0.07628663 -0.0754101 -0.08038035 -0.0287068 -32767.0 -32767.0 -32767.0 -32767.0 -32767.0 -32767.0 -32767.0 -32767.0 -32767.0 -32767.0 -0.20110638 0.21582672 0.41003048 0.5281996 0.44893685 0.28453138 0.34848487 0.27343258 0.17008421 0.049008694 0.08289242 0.04545958 0.12368671 -0.010697681 -0.11653708 -0.10600269 -0.20906568 -0.23483081 -0.26749897 -0.32615936 -0.26738364 -0.116444655 -0.1877057 -0.25207505 -0.27027693 -0.2423939 -0.18632796 -0.09180421 -0.022398647 -32767.0
-32767.0 0.041435488 -0.022786934 -0.054759167 -0.11371299 -0.17230794 -0.18083489 -0.14623982 -0.028424505 -0.0081645595 -0.017404435 -0.080915846 -0.058732435 0.033817507 0.00092365546 -0.011992781 -32767.0 -0.026474893 -32767.0 -32767.0 -32767.0 -32767.0 -32767.0 -32767.0 -32767.0 -32767.0 -32767.0 -32767.0 0.062575564 0.07905406 0.1895553 0.3075642 0.35251728 0.29628703 0.33804166 0.40121862 0.3456461 0.32254842 0.33038515 0.27055702 0.2618017 0.22858429 -0.21380569 -0.18914203 -0.29766187 -0.22340697 -0.20818147 -0.26251853 -0.24308859 -0.18719727 -0.19174491 -0.24201648 -0.3642585 -0.28615928 -0.20340118 0.32546118 0.04483348 -32767.0
0.28697398 0.20567851 0.05992998 -0.011743267 -0.12647444 -0.2028097 -0.18179123 -0.20833169 -0.12152744 -0.067157395 -0.0029438054 -0.046379995 -0.087562 0.014894943 -0.0416047 -32767.0 -32767.0 -32767.0 -32767.0 -32767.0 -32767.0 -32767.0 -32767.0 -32767.0 -32767.0 -32767.0 -32767.0 -32767.0 -0.034406297 -0.115992375 0.09240358 0.18855722 0.36091068 0.34952235 0.31167373 0.3839427 0.48611394 0.42112717 0.44567674 0.51641417 0.28342652 -0.0789169 -0.26280934 -0.06252025 -0.22965719 -0.12985006 -0.05691885 -0.031938788 -0.1010194 -0.15325116 -0.17417097 -0.19924551 -0.12296446 -0.17076643 -0.19555864 0.10936969 0.09221657 0.04506976
0.1599335 0.13042766 0.0123245865 -0.028218944 -0.16609862 -0.21463478 -0.24494371 -0.3115218 -0.16341978 -0.020756466 -0.03451289 -0.068738624 0.023293782 -0.07189732 -0.022993417 -0.036446493 -32767.0 -32767.0 -32767.0 -32767.0 -32767.0 -32767.0 -32767.0 -32767.0 -32767.0 -32767.0 -32767.0 -32767.0 -0.02037185 -0.14412683 0.07711433 0.065739706 0.15213172 0.28593117 0.3029266 0.30748484 0.30861437 0.22094253 0.219142 0.22250456 -0.049404826 -0.11920218 -0.013613898 0.0308198 -0.14260744 -0.10046579 -0.10578713 -0.19660716 -0.11175996 -0.05031189 -0.051601958 -0.13803649 -0.019696329 -0.062291082 -0.09326354 0.016876508 0.026946457 -32767.0
0.047372892 0.024619114 -0.017002534 -0.13169932 -0.21464205 -0.16020055 -0.20550112 -0.25689122 -0.18460523 -0.12495693 -0.0464697 -0.0061991527 0.012536573 -0.079517104 0.009206785 -0.08512746 -0.0290662 -32767.0 -32767.0 -32767.0 -32767.0 -32767.0 -32767.0 -32767.0 -32767.0 -32767.0 -32767.0 -32767.0 0.14124492 0.03807205 0.021865701 0.2095452 0.29067054 0.16936553 0.093448386 0.081576526 -0.0007766845 0.042670544 0.15928532 0.2567816 0.05122159 0.020313002 -0.063324735 -32767.0 -0.19558948 -0.3367548 -0.3196624 -0.11236027 -0.14559624 0.0066282274 0.010217188 0.061585966 0.13896331 0.21468353 0.16441245 -32767.0 -32767.0 -32767.0
-0.00091455935 -0.07034912 -0.16056937 -0.23179258 -0.17699063 -0.13866138 -0.15645646 -0.18008727 -0.17924477 -0.19407581 -0.13693023 -0.096987285 -0.06494442 -0.113809 -0.10090149 -0.044721246 -0.0054750927 -32767.0 -32767.0 -32767.0 -32767.0 -32767.0 -32767.0 -32767.0 -32767.0 -32767.0 -32767.0 -32767.0 -32767.0 0.23161109 0.06262916 -0.021312978 0.11498842 0.07441922 0.019114876 -0.07820801 -0.11908956 -0.09571104 -0.0049364436 0.049315922 0.07561067 0.116484016 0.034764506 -0.16416366 0.01975454 0.00049493887 0.007194864 -0.34549785 -0.08415433 0.27511433 0.21505496 0.254412 0.32268754 0.3809986 0.14351101 -32767.0 -32767.0 -32767.0
-0.016505795 -0.063271284 -0.08097208 -0.060408883 -0.046472244 -0.07942484 -0.13925573 -0.13131593 -0.12988435 -0.17602775 -0.16270003 -0.14525102 -0.17510693 -0.15269214 -0.14903113 -0.0010033287 -0.04427481 -0.070817605 -32767.0 -32767.0 -32767.0 -32767.0 -32767.0 -32767.0 -32767.0 -32767.0 -32767.0 -32767.0 0.22626954 0.30372065 0.15935956 0.23389345 0.03795413 -0.015001291 -0.034209672 0.0738103 0.07009738 0.053216804 -0.16647625 -0.1483973 0.0140862875 0.2862334 0.3098318 0.28347224 0.24629529 0.24848048 0.26385736 0.5182902 0.47924668 0.32183895 0.43641308 -32767.0 0.03660144 -0.05179265 0.026079308 -32767.0 -32767.0 -32767.0
0.019503292 0.013013432 -0.014825287 -0.040112425 -0.04361524 -0.03593686 -0.08490358 -0.081814766 -0.11567498 -0.12102143 -0.09522482 -0.10786612 -0.26275176 -0.24464327 -0.07424742 0.021111757 0.000587994 -32767.0 -32767.0 -32767.0 -32767.0 -32767.0 -32767.0 -32767.0 -32767.0 -32767.0 -32767.0 -32767.0 0.27709913 0.12008794 -0.045945793 0.008870885 -0.04220389 -0.04909653 0.09100369 0.21022971 0.20748232 -0.01293066 -0.043217257 0.07732924 0.19563748 0.29194307 -32767.0 -32767.0 -0.019872108 -0.04014775 -32767.0 -32767.0 -32767.0 -32767.0 -32767.0 -32767.0 -32767.0 -32767.0 -32767.0 -32767.0 -32767.0 -32767.0
0.08778623 0.11817664 0.07865292 0.0022694145 -0.01864882 -0.074309565 -0.11220459 -0.21243264 -0.19229957 -0.20815465 -0.2130241 -0.24034943 -0.2543679 -0.038725276 -0.0076198583 -0.012452362 -32767.0 -32767.0 -32767.0 -32767.0 -32767.0 -32767.0 -32767.0 -32767.0 -32767.0 -32767.0 -32767.0 0.27645713 0.29919165 0.015349853 -0.14353625 -0.06729166 0.0051722517 0.075391434 0.23427543 0.19998501 0.14599092 0.10561497 0.18278714 0.22331534 0.11318839 -32767.0 -32767.0 -32767.0 -32767.0 -32767.0 -32767.0 -32767.0 -32767.0 -32767.0 -32767.0 -32767.0 -32767.0 -32767.0 -32767.0 -32767.0 -32767.0 -32767.0
-0.0321403 0.02578348 -0.0077506267 -0.10552334 -0.1343108 -0.057226285 -0.09387442 -0.15267673 -0.1762236 -0.23637265 -0.1932908 -0.206243 -0.20366552 0.039805613 -0.0007541623 -0.012441818 -32767.0 -32767.0 -32767.0 -32767.0 -32767.0 -32767.0 -32767.0 -32767.0 0.13891268 0.16992636 0.3127978 0.45248345 0.30574334 -0.028730711 -0.1615844 0.061896607 0.122255 0.23004797 0.26280093 0.17631638 0.0535384 0.07004464 0.10216102 -32767.0 -32767.0 -32767.0 -32767.0 -32767.0 -32767.0 -32767.0 -32767.0 -32767.0 -32767.0 -32767.0 -32767.0 -32767.0 -32767.0 -32767.0 -32767.0 -32767.0 -32767.0 0.032597423
-0.05267884 -0.0053022415 0.021481456 -0.035625324 -0.15109244 -0.14730202 -0.17671132 -0.14903809 -0.11651134 -0.08456795 0.000599616 0.029245835 0.01708632 0.040902536 0.040078416 -0.018210119 -32767.0 -32767.0 -32767.0 -32767.0 0.022813162 0.037953362 -0.052114934 0.17424396 0.18173712 0.34671974 0.20345066 0.22874035 -0.16135865 -0.17993511 -0.1262259 0.10003736 0.20718865 0.2910354 0.17384401 -0.059457634 0.007946174 0.12112915 -32767.0 -32767.0 -32767.0 -32767.0 -32767.0 -32767.0 -32767.0 -32767.0 -32767.0 -32767.0 -0.07463461 -0.05422269 -32767.0 -32767.0 -32767.0 -32767.0 -32767.0 -32767.0 -32767.0 -0.1448107
-0.100420535 -0.05636202 -0.031986255 -0.065060236 -0.11051713 -0.19800293 -0.2299073 -0.17165534 -0.06185675 0.034940585 0.07149582 0.08964052 0.11227976 0.2095628 -0.07204251 -32767.0 -0.12799689 -32767.0 0.008210593 -32767.0 0.011660933 -32767.0 0.11056909 0.16177319 0.11970608 0.101785 0.18972196 0.18356988 0.0015333019 0.0647322 0.2863466 0.3999157 0.30067486 0.22930323 -0.051767014 -0.09431781 -32767.0 -32767.0 -32767.0 -32767.0 -32767.0 -32767.0 -32767.0 -32767.0 0.05713037 0.07966105 0.013935875 -0.04134832 -0.07837791 0.030306011 0.09462963 0.18086067 -32767.0 -32767.0 -32767.0 -32767.0 -32767.0 0.022826627
-0.052051257 -0.0826079 -0.08391473 -0.040780347 0.04700227 -0.030417608 -0.0797488 -0.0522388 -0.032930356 -0.056772016 -0.037132163 0.005958132 0.026349116 0.22359283 0.21962158 0.2309215 0.17632975 0.2639546 0.4954718 0.5367514 0.23594432 0.18767309 0.09771132 0.2974934 0.42072794 0.2932742 0.1885859 -32767.0 -0.037237454 0.31000438 0.34947482 0.2296547 0.088986464 -0.08204864 -32767.0 -32767.0 -32767.0 -32767.0 -32767.0 -0.14614864 -0.09054995 -0.07232944 0.053548545 0.076440744 0.1298543 0.15369186 -32767.0 -32767.0 0.14829862 0.053109158 0.029905636 -32767.0 -32767.0 -32767.0 -32767.0 -32767.0 0.17279828 0.816215
-0.047098834 -0.007035639 -0.009072443 -0.082403265 -0.05278093 -0.05539808 -0.08446512 -0.058165263 -0.1267483 -0.1508973 -0.14891425 -0.01560677 0.061127424 0.19542612 0.28109166 0.32749182 0.42407635 0.49671394 0.56847584 0.6368356 0.66934025 0.6489525 0.47825685 0.32059756 0.28474125 0.3806405 0.4437154 0.42867678 0.46854585 0.38581535 0.114542924 -0.034422718 -0.12442828 -0.025237279 -0.018060764 -32767.0 -0.05588488 -0.03136981 -32767.0 -0.1060966 -0.026042726 -0.06149047 -32767.0 0.025283469 0.004259385 -32767.0 -32767.0 -32767.0 -32767.0 0.015778115 -0.08436612 -32767.0 -32767.0 -32767.0 -32767.0 0.25979534 0.27589032 0.31536996
0.2252803 0.11682543 0.047489364 -0.008041784 -0.02341666 -0.081384845 -0.15527242 -0.1755602 -0.18014765 -0.16687569 -0.07607274 0.06852127 0.17946689 0.20536426 0.23595001 0.26479846 0.33545986 0.3661718 0.29875943 0.23366936 0.38145834 0.28591037 0.23391886 0.15425716 0.18369555 0.18984006 0.25672886 0.2424915 0.16811314 -32767.0 -0.022632712 -0.035640918 -32767.0 -32767.0 -0.0050054286 0.004292397 0.019047717 0.10221128 -0.044847656 -0.072550476 -0.051750503 -32767.0 -32767.0 -32767.0 -32767.0 -32767.0 -32767.0 -32767.0 -32767.0 0.052786592 0.09147395 0.08171857 -32767.0 -32767.0 0.06734039 0.02702818 0.0005132994 -0.0032268888
