static/data/seaWater_uo/2023/7/6/6.asc
ncols 137
nrows 93
xllcorner 108.0
yllcorner 17.0
cellsize 0.25
NODATA_value -32767
[rows 26 to 51 of 93, columns 59 to 117 of 137]
0.0696926 0.092009686 0.19610389 0.14042439 0.08142351 0.045542356 -0.025368817 -0.0034062576 -0.04467539 -0.07876641 -0.1145589 -0.12869252 -0.09790293 -0.054457657 -0.110183924 -32767.0 -32767.0 0.047634266 0.09904974 0.17082754 0.30314967 0.3570905 0.34469795 0.38729104 0.22338788 0.09675419 0.04683871 0.20398402 0.11725156 -0.035452478 -32767.0 -32767.0 -32767.0 -32767.0 -32767.0 -32767.0 0.13662753 0.18835455 0.11025102 -32767.0 -32767.0 -32767.0 -32767.0 -32767.0 0.06202169 -32767.0 -0.027927283 0.05886873 -0.075985506 0.020311851 0.3196701 0.07632515 -32767.0 0.0369497 -0.14897521 -0.11291336 -0.096948825 -0.035563037 0.0048636254
0.033573557 -0.08710676 0.16216566 0.121592194 0.059301585 0.029695831 -0.029830294 -0.08696245 -0.16627918 -0.18113804 -0.15514995 -0.15855637 -0.14446288 -0.06652866 -32767.0 -32767.0 -0.17987537 0.20706314 0.05725056 0.10215686 0.1721391 0.2799076 0.29569682 0.18561931 0.16076073 0.16154599 0.03512503 -32767.0 -32767.0 -32767.0 -32767.0 -32767.0 -32767.0 -32767.0 -32767.0 -32767.0 -0.009996703 0.05808289 -0.029035496 -32767.0 -32767.0 -32767.0 0.08415673 0.21236537 0.1824947 0.34335715 -0.064756945 0.29596984 0.31221032 0.166755 0.09781956 0.039679617 -0.07198846 -0.23408043 -0.27397236 -0.22210725 -0.2509027 -0.26369166 -0.28668934
-0.10549883 -0.18416825 -0.15555173 -0.24671547 -0.067172624 0.03668769 -0.09323164 -0.12667857 -0.08999633 -0.20674464 -0.26413643 -0.21694487 -0.2512645 -0.19526376 -0.039927237 0.1202782 0.23375191 0.25094113 0.19056675 0.13108376 0.116517395 0.13191119 0.07638061 0.048268784 0.06518232 -32767.0 0.055636104 0.10800525 -32767.0 -32767.0 0.036468633 -32767.0 -32767.0 -32767.0 -32767.0 -32767.0 -32767.0 0.1260864 0.21597902 -32767.0 -32767.0 0.021809692 -0.008355412 -0.20480365 -0.19333783 -0.12602967 0.06521365 0.2033511 0.18146569 0.064658105 0.11708475 0.13228928 -0.09059063 -0.17571017 -0.23128875 -0.22619389 -0.2936584 -0.38414133 -0.4496443
-0.04641514 -0.005077891 -0.06829146 -0.21764652 -0.3324116 -0.15692155 -0.14641833 -0.22395852 -0.18188669 -0.14367002 -0.17461775 -0.15871532 -0.13697852 -0.069614425 -0.047726166 -0.052843705 -0.020720892 0.13024674 0.2139136 0.06643924 -0.048437733 -0.063059755 0.005284976 -0.024107166 -32767.0 0.010386513 0.11067042 0.1223663 0.10980282 0.013867415 -32767.0 -0.07939604 -32767.0 -32767.0 -32767.0 -32767.0 -32767.0 0.2617277 0.3346817 0.231648 0.24338216 -0.053163346 -0.057889104 -0.014777073 -0.023569584 0.048293967 0.19497743 0.34704056 0.3158931 0.17462039 0.18729876 0.24906272 -0.07868572 -0.14302091 -0.10858829 -0.16241081 -0.20143229 -0.40761027 -0.5417847
-0.030979266 -0.0021767581 0.057968844 -0.121428624 -0.2391785 -0.24836019 -0.26915088 -0.27941987 -0.2746552 -0.2534891 -0.22341996 -0.2088349 -0.20112227 -0.16471843 -0.08436996 -0.08590711 -0.18599126 -0.11748354 -0.06127649 -0.10347722 -0.1308847 -0.089571044 -0.07284942 0.011714322 0.3302491 0.29867116 0.3014264 0.16840567 0.2563303 0.014963208 0.051191427 0.06676919 -32767.0 -32767.0 -32767.0 -32767.0 0.10464117 0.058500953 0.01654525 -0.010609042 -0.15040591 -0.16998011 -0.05961809 0.07499378 0.18699461 0.32386076 0.5062527 0.5722605 0.54465616 0.37068707 0.18405364 0.19088176 0.045843642 -0.1444942 -0.03872276 -0.08269244 -0.048364434 -0.28156632 -0.49563736
-0.057276446 -0.027737485 -0.069597244 -0.022803213 -0.022986693 -0.064065 -0.11901341 -0.042645656 -0.04006297 -0.16167699 -0.1531685 -0.2760232 -0.37303817 -0.29446694 -0.20060678 -0.2440653 -0.25588152 -0.23988254 -0.16273676 -0.12385877 -0.111577116 -0.11298357 -0.033347536 -0.020413883 0.069866054 0.14818355 0.19360264 0.119166605 0.15999018 0.021737253 0.19796701 0.1113254 -32767.0 -32767.0 -32767.0 -32767.0 -0.030753149 -0.17489113 -0.20220296 -0.11534834 0.0076144394 -0.016576584 0.23149092 0.47447243 0.5611606 0.70785666 0.850392 0.7920969 0.64847386 0.52242166 0.29198596 0.17140181 0.059321005 -0.06089788 -0.0072079827 -0.021060001 0.08931922 -0.038615063 -0.2400193
-0.0021766305 -0.03305455 0.050629828 0.031279355 -0.06863308 -0.11581486 -0.10311334 -0.058670983 -0.02859711 0.0035727168 -0.0042750877 -0.008050451 -0.25866777 -0.26499647 -0.17252634 -0.19053611 -0.154122 -0.2446453 -0.28490463 -0.24342959 -0.17416866 -0.15832543 -0.094193414 -0.029515976 0.0914657 0.20045836 0.18570696 0.21411914 0.12128922 0.08983021 -32767.0 -32767.0 -32767.0 -32767.0 -32767.0 -0.041382555 -0.2669142 -0.19016019 -0.20386484 0.1237919 0.6411098 0.8647327 0.9528107 1.0150695 1.0585649 1.0283297 0.8934281 0.62994325 0.50668865 0.4477868 0.3412267 0.12565985 -0.011151216 -0.0935917 -0.02760016 -0.009209533 0.1013498 0.103388816 0.08578255
-0.09278394 -0.083496474 -0.0628014 -0.029253056 0.09780829 0.13252756 0.07344882 0.023509024 -0.045253273 -0.023702012 0.011510219 0.033142086 0.011783781 -0.10457955 -0.11785908 -0.07763598 -0.020537734 0.03861565 -0.041021686 -0.17147253 -0.13334726 -0.05727773 -0.100264594 0.019837724 0.20113787 0.31867874 0.24695723 0.19624421 0.20442176 0.11959392 -32767.0 -32767.0 -32767.0 -32767.0 -32767.0 -0.077794805 0.00828204 0.3117205 0.6199283 0.89469624 1.1489046 1.3551612 1.4207034 1.3604752 1.2010697 0.8744939 0.48140618 0.24725007 0.2378037 0.24748082 0.2773705 0.066341445 -0.03955268 -0.07565563 -0.05021397 0.044397607 0.124117106 0.26073804 0.3874515
-0.12351124 -0.17585696 -0.27788323 -0.20913263 -0.10261395 -0.03728144 0.033431653 -0.09294641 -0.078671046 -0.034088083 -0.06807058 -0.009577962 -0.03629719 -0.017523648 -0.101296894 -0.08878274 -0.04141848 -0.050832093 -0.019164084 -0.061984647 -0.02853081 0.0597167 0.2339339 0.2973083 0.2985176 0.28791142 0.19330825 0.14869623 0.14498135 0.2281152 0.13021159 -32767.0 0.053235877 -32767.0 -32767.0 0.018116226 0.74224675 0.87603706 0.9690995 0.931563 0.8460269 0.7372571 0.7245728 0.79400986 0.5795093 0.35607082 0.2211929 0.19028026 0.1720173 0.08643449 0.13674812 -0.029282585 -0.0939455 0.05218976 0.072234854 -0.005989398 0.100989304 0.39053428 0.51810664
-0.17596912 -0.3806199 -0.43107387 -0.41089824 -0.28226766 -0.18394835 -0.13475084 -0.0017897463 -0.02232901 0.018649083 -0.030749429 -0.045981694 -0.062456504 -0.01569021 -0.066359065 -0.023904653 0.029646073 0.088998765 0.026051652 0.110247485 0.30106714 0.39330283 0.34343842 0.24226724 0.22507334 0.111557275 0.0062809046 0.051496837 0.1943476 0.24076095 0.068744324 0.0031352919 -0.015301483 -32767.0 0.0984422 0.42184845 0.43143234 0.36642134 0.33159035 0.4914106 0.55458033 0.5162925 0.368766 -0.06874239 0.0345689 0.28677106 0.2705359 0.22904494 0.18985966 0.061888922 0.018316515 -0.057938457 -0.03464582 0.14395754 0.2470687 0.17056608 0.28976882 0.56324834 0.6068012
-0.1551842 -0.23488978 -0.29814157 -0.28545824 -0.25691926 -0.24941555 -0.20762333 -0.051952917 -0.08728804 -0.074522234 -0.054750297 -0.011454848 0.011373237 0.0023511508 -0.030342847 -0.03064934 -0.008424442 0.01380635 0.03702516 0.09406372 0.24791664 0.17228727 0.16876498 0.23614827 0.18281113 0.029441308 -0.040248234 0.0835121 0.20812026 0.28918085 0.3449629 0.4329018 -32767.0 1.0327481 0.9534372 0.4884297 0.31386235 0.26085985 0.342392 0.39327228 0.40418473 0.35494858 0.17394693 0.046187542 0.0052260766 -0.03499654 -0.06309079 -0.014601892 0.041553523 0.08671119 -0.048415586 0.0044280323 0.013373772 0.18640023 0.40123856 0.4084033 0.5466612 0.6134492 0.78445244
-0.03829742 -0.21067137 -0.2567351 -0.2142391 -0.14074293 -0.2249475 -0.26435447 -0.09088673 0.03182046 -0.022182904 0.009472362 0.037237607 -0.049893506 -0.052828293 -0.025413642 0.07247226 0.22899562 0.15333836 0.09947524 0.040098168 0.07949841 0.0920685 0.10500561 0.13962436 0.15929848 0.100882575 0.13913183 0.20747791 0.21980767 0.10540526 0.22319432 0.30695486 0.28541496 0.24201255 -0.16681555 0.3131371 0.46729484 0.34528863 0.40276375 0.41490737 0.305972 0.26952288 0.3062006 0.17876743 -0.092373125 -0.19390199 -0.22054167 -0.272781 -0.16471487 0.07808218 -0.07260518 0.013806842 0.015745714 0.24316561 0.5018451 0.6043871 0.58669716 0.6977456 0.9092105
-0.18376598 -0.11113874 -0.13632819 -0.046304975 0.06302143 -0.041371185 -0.092922986 -0.18573725 0.088039406 0.05208565 0.014163053 0.05831244 0.03132913 0.07566308 0.11664264 0.12984753 0.23615897 0.14470682 0.11954785 -0.0037908768 -0.06733035 -0.024846185 -0.011822321 -0.053671382 -0.07498681 -0.019877315 0.17767684 0.39114198 0.6048855 0.61756164 -32767.0 0.33275887 0.23772648 -32767.0 0.34686834 0.5763333 0.7547835 0.87501425 0.69702435 0.48534045 0.23252521 0.19132462 0.2564235 0.2713833 -0.094309375 -0.37077466 -0.53311193 -0.60732764 -0.2941735 0.034914248 -0.0042205346 0.049877632 0.047759183 0.2629885 0.5279004 0.585444 0.5948541 0.84365344 0.7634175
-0.27866977 -0.25909474 -0.15693058 -0.067204654 0.18474294 0.16352789 0.014522068 -0.065609224 0.028251017 0.170234 0.034839142 0.10079676 0.13013813 0.14838454 0.21544257 0.2323322 0.23679058 0.20197697 0.1004841 0.002979327 0.01799577 -0.009788942 0.082280874 0.022735253 -0.09224419 -0.11977224 -0.033089735 0.17412834 0.46398035 0.757096 0.66382635 -32767.0 0.08118162 0.35831916 0.5460921 0.68965423 0.46100396 0.47011143 0.476256 0.34881082 0.080506325 0.005265769 0.063462205 0.14045839 -0.15647867 -0.37929022 -0.3015476 -0.14083892 -0.08733823 0.0125739705 0.12710486 0.17663166 0.18496425 0.33867732 0.48109946 0.54981506 0.8431182 0.77342916 0.5842292
-0.3458805 -0.23172931 -0.18837492 -0.06262035 -0.03608298 0.13613209 0.19414483 0.043341763 0.011559425 0.14610377 0.21367772 0.2545736 0.29098952 0.3074622 0.33518893 0.43876123 0.3921341 0.21265386 0.10167269 0.16629088 0.3393218 0.44613162 0.55525213 0.74261427 0.56697816 0.43634298 0.49832088 0.4819665 0.51936 0.256985 0.68334997 0.8645351 0.93111783 0.85768545 0.8137674 0.52172434 0.35920054 0.25351626 0.22384787 0.21737634 0.033995077 -0.110606566 -0.037879158 -0.03178338 -0.2248945 -0.34346682 -0.17138417 0.13554128 0.13487361 0.03220233 0.2379772 0.4501268 0.5708315 0.620231 0.71084094 0.97594523 0.91952276 0.630284 0.53809845
-0.18475918 -0.13896151 -0.14073116 0.040130105 0.0940652 0.14510624 0.16101393 0.3056498 0.18867995 0.14565484 0.22014152 0.27475303 0.33645746 0.35193476 0.32390642 0.39442953 0.33600983 0.13028535 0.20126061 0.3427729 0.5162357 0.82548505 1.0271175 1.0835129 1.0878251 1.0625421 0.98567617 0.8858145 0.7874831 0.5470637 0.21553726 0.5734635 0.68603474 0.58875877 0.49656728 0.57359135 0.50310194 0.3462716 0.30311203 0.12390877 0.13186009 0.019869 0.06060572 0.078783184 -0.19831721 -0.32977706 -0.24525473 0.06291459 0.32764122 0.4001798 0.30191275 0.6345762 1.0142238 1.1942755 1.1995883 0.93607813 0.77499056 0.6210341 0.35104638
-0.17171505 -0.22884126 -0.04212651 0.029780827 0.16335948 0.2564488 0.15712947 0.23627526 0.36835757 0.43147433 0.28453097 0.30248597 0.3375482 0.3000864 0.24368331 0.25896677 0.2536158 0.21724021 0.33012164 0.5529836 0.8355102 1.0479857 1.1903557 1.2524451 1.2531797 1.2103189 1.0949949 0.96971667 0.9449274 0.6048417 0.5748998 0.0705403 0.12072307 0.467085 0.56613714 0.47666088 0.32503945 0.21485338 0.0775273 0.08705895 0.24613799 0.2420042 0.16939421 0.2794722 0.32975888 0.07391216 0.0066246237 -0.014505879 0.2710189 0.518993 0.64209086 0.6669271 0.74865663 0.83950806 0.83094066 0.7985784 0.6576605 0.4182776 0.24000221
-0.115468234 -0.13062759 -0.04659369 0.030498805 0.14913945 0.338457 0.3240176 0.28811204 0.31537414 0.4314349 0.41788265 0.36470407 0.28811562 0.37220526 0.34461495 0.31424794 0.33667827 0.4191984 0.41223916 0.582575 0.79331297 0.8669484 0.83504987 0.7962201 0.780518 0.72256714 0.72069526 0.79549724 0.7158993 0.5025148 0.58940375 0.67897594 0.6367741 0.5498201 0.34996006 0.15645674 0.03426825 0.13142273 0.26376635 0.35242373 0.3727567 0.36854577 0.38641664 0.34195235 0.4953153 0.48653728 0.36053246 0.25573537 0.2564263 0.39245266 0.47120488 0.57213074 0.6265072 0.60549885 0.6252041 0.5035905 0.33899945 0.24568267 0.078157246
0.15784995 0.2813836 0.20872666 0.24955605 0.21551774 0.25032395 0.3124327 0.33079696 0.29346514 0.3694646 0.33345848 0.25508997 0.3265268 0.43697572 0.45869592 0.5787522 0.5437721 0.3101066 0.36240545 0.5291834 0.65823704 0.5714038 0.44591436 0.4060181 0.44266865 0.418306 0.3846564 0.15958841 0.41857126 0.47721 0.48030335 0.56710076 0.56169534 0.41653928 0.24661878 0.24300632 0.36526957 0.47509432 0.55925214 0.58672714 0.6060397 0.6347634 0.60248935 0.5289064 0.457496 0.38085234 0.33279413 0.298615 0.35157144 0.3203837 0.28939286 0.3323956 0.3578776 0.39402428 0.29729223 0.27355695 0.19635807 0.095831566 0.109585606
0.14442773 0.23824729 0.4088412 0.3598364 0.39701676 0.30480248 0.31566405 0.364452 0.40459907 0.40173945 0.3261521 0.3071521 0.30294186 0.2746379 0.33434364 0.47130284 0.3288418 0.26803887 0.34188455 0.53190595 0.49964133 0.35593817 0.2741861 0.25669163 0.17715022 0.19722779 0.2825462 0.295026 0.22922759 0.32111067 0.50509995 0.50606066 0.41698015 0.3489987 0.44107646 0.576662 0.67766243 0.6426548 0.5260337 0.47192112 0.44556418 0.45167828 0.47812712 0.5532674 0.6104545 0.5470669 0.44199583 0.39295578 0.2620437 0.14830415 0.065316275 0.052832846 0.17135212 0.19633302 0.14148486 0.07455667 0.010297187 0.1311649 0.2257165
0.4306307 0.58294797 0.6233381 0.42929327 0.3496084 0.34372866 0.33003518 0.33262607 0.36211056 0.28516212 0.23693505 0.25952044 0.32626206 0.25282964 0.17463937 0.24245253 0.21030933 0.27239612 0.5201935 0.557713 0.37228116 0.24027474 0.20634839 0.064867824 -0.08986471 0.025182799 0.12467363 0.19728284 0.060980424 0.058388162 0.092969835 0.14918725 0.22222018 0.43683043 0.58602566 0.58773416 0.5141686 0.45602822 0.38221756 0.36171958 0.4017866 0.3696618 0.24263902 0.29702532 0.42246374 0.41137764 0.3610241 0.23433177 0.053413957 -0.08792174 -0.083628446 0.0644956 0.15016429 0.051408745 -0.0037608743 -0.099770255 0.09635803 0.17075299 0.07428594
0.5732637 0.47722188 0.4626416 0.4060009 0.2779004 0.27391994 0.34288883 0.37945315 0.36955047 0.28315574 0.17776826 0.23687711 0.4316911 0.31899992 0.23812431 0.23861495 0.29506275 0.56954646 0.720798 0.52304137 0.31822407 0.21978728 0.004561915 -0.14205822 -0.13776682 0.004913384 -32767.0 -0.10375953 -0.14365791 -0.23222388 -0.02570392 0.21553051 0.4302044 0.40047568 0.30633897 0.29484636 0.33282357 0.3651256 0.45282555 0.540467 0.5684144 0.4974068 0.36966068 0.22264995 0.2411294 0.20394254 0.17486826 0.0023247078 -0.18620285 -0.19787836 -0.1952473 -0.19196892 -0.17739914 -0.1461792 -0.19126879 0.012183343 0.15290137 0.10487426 0.053427126
0.5372323 0.48311177 0.45840487 0.4046673 0.3140833 0.36213523 0.36888862 0.44901344 0.46236733 0.40063173 0.4107696 0.3620478 0.36364898 0.40777555 0.4274058 0.5142813 0.7729418 0.8563193 0.65482247 0.46779674 0.2981835 0.22931913 0.22339568 0.19095315 0.18077883 0.089496344 0.033376057 -0.16909648 -0.04835966 0.059120916 0.24627265 0.38560617 0.27646598 0.23660654 0.22854099 0.2723397 0.3230231 0.4641577 0.487769 0.4504347 0.5132695 0.44409618 0.34306392 0.19027063 0.15127835 0.062069446 -0.058075767 -0.16459508 -0.2734864 -0.24227484 -0.17578344 -0.1744611 -0.13300791 -0.092865996 0.0027279337 0.13816963 0.231421 0.1929976 0.07323438
0.41473565 0.44656366 0.47072533 0.41876993 0.42864722 0.54145986 0.48378006 0.42769194 0.5154612 0.5091634 0.4504207 0.45885187 0.44390494 0.5158358 0.63294894 0.8816995 0.92015725 0.7432728 0.5830102 0.43854567 0.28885576 0.23060162 0.21380939 0.19744807 0.14356169 -32767.0 -0.13126795 -0.007343007 0.21634227 0.35465077 0.35171753 0.24057393 0.21842293 0.17517924 0.1938276 0.24731982 0.31716618 0.35606068 0.36636338 0.36030743 0.33689424 0.3048997 0.12545903 0.061095342 0.02350105 -0.11053514 -0.24511437 -0.28678432 -0.29745668 -0.15037148 -0.11222041 0.03262699 0.16764894 0.2511216 0.27391085 0.28675956 0.24724191 0.23482499 0.071409754
0.34252176 0.38068953 0.3828994 0.37678146 0.3584988 0.3654627 0.38619265 0.41077805 0.44004446 0.45536995 0.47470668 0.49846357 0.60195184 0.7759808 0.974089 0.85700315 0.74326307 0.63579 0.55923104 0.4458847 0.25966653 0.23346919 0.22576609 0.25152028 0.24564148 -0.099989526 -0.036099747 0.2067189 0.3346113 0.29954243 0.15657732 0.19754644 0.13770823 0.15314035 0.18137717 0.21580279 0.22971186 0.22396429 0.21347165 0.14746968 0.07033523 0.025285328 -0.030629503 -0.054615784 -0.13566144 -0.26076394 -0.34386626 -0.30956602 -0.05112338 0.009126856 -0.009094192 -0.0928808 -0.057464283 -0.049090143 -0.031258352 -0.008827979 0.085811816 0.10092544 0.0066433963
0.30179662 0.28942385 0.32343188 0.3677284 0.39493477 0.39116544 0.33570388 0.32225308 0.33458897 0.37060446 0.38916343 0.4237779 0.6231224 0.8936064 0.8074098 0.7145071 0.60860527 0.60299474 0.56320107 0.43966168 0.23429118 0.10065073 0.16796865 0.11974137 0.12091283 0.041945834 0.067159615 0.22961585 0.22032665 0.09379696 0.13500835 0.15428571 0.13650726 0.13214521 0.13875519 0.16734986 0.14708115 0.13506381 0.029270845 -0.0487621 -0.13729738 -0.103191085 -0.14703828 -0.23243877 -0.36015785 -0.3912805 -0.34278956 -0.134899 -0.14478813 -0.16040006 -0.16792257 -0.14794856 -0.069944695 -0.035560142 -0.01695979 -0.07761707 -0.09246382 -0.0754641 -0.055897754
