static/data/ASCData/20210127/ASCV/00.asc
ncols 97
nrows 97
xllcorner 99.0
yllcorner 2.0
cellsize 0.25
NODATA_value -32767
[rows 57 to 75 of 97, columns 43 to 85 of 97]
-9.978545235661255 -7.716774090780048 -6.496033085294262 -5.630835160203087 -5.5204228726914515 -5.687463476280483 -5.902340785231699 -6.092653299537468 -6.287103042415103 -6.4375947317166755 -6.583949192446385 -6.76857301746584 -6.837871596044572 -6.966901412129597 -7.02637407285015 -7.153335274649244 -7.284175128234461 -7.400276105032409 -7.46104164968167 -7.447337080037369 -7.392518801460163 -7.300724042521919 -7.3612310103854375 -7.351663669313001 -7.278227862162405 -7.079123737141423 -6.8094281496130025 -6.603601028162741 -6.255815251340376 -6.138679967399462 -5.955090449522972 -5.7901184602198725 -5.379757101248057 -4.880962481552636 -4.113248004686019 -3.2206409403062404 -2.197194022341246 -1.2071035097369087 -0.371124761434527 -0.07608864890343581 -0.3331139739305211 -1.5497177508444426 -2.737360927755312
-9.699282307060397 -6.986294671060213 -5.92276835130528 -5.448279949469564 -5.457071560184776 -5.630835160203087 -5.847522506654492 -6.0303362941737575 -5.903375092374665 -5.9775866298824845 -6.1787593691893985 -6.396481022783771 -6.516460651367844 -6.762625751393784 -6.869159387119296 -7.00103354784748 -7.125926135360642 -7.084036696070513 -7.097741265714814 -6.881829649620633 -6.789000583539421 -6.753834140678572 -6.780208972824209 -6.736250919248148 -6.542059753156256 -6.340887013849342 -6.157297495972852 -5.9656920977383745 -5.816493292365509 -5.7215956119983655 -5.603426020914484 -5.33993627624386 -4.928799186914819 -4.255723813629604 -3.484389261762606 -2.661080775961559 -1.715724047290508 -1.0379942918619451 -0.5518699346678595 -0.4161171221535538 -1.6102247187079617 -2.7862319402604623 -3.622986418920069
-8.81055389446674 -6.222717422765459 -5.624887894131032 -5.601615983414293 -5.5840327619838686 -5.712804001283153 -5.925871272734177 -5.8172690227227335 -5.685653438780292 -5.5731725369827245 -5.767622279860358 -5.992066929884011 -6.251936599554254 -6.535078179941234 -6.791069197825353 -6.9219090514105694 -6.888552646049912 -6.84278455497366 -6.6180813281642665 -6.361314579922922 -6.293826038844382 -6.341662744206566 -6.365193231709045 -6.191429631690735 -5.9969798888131 -5.829939285224068 -5.649452688776478 -5.551710663766177 -5.491203695902658 -5.331144665528647 -5.165138369082582 -4.85639768690719 -4.422764417218636 -3.755894886791218 -3.1953004153035702 -2.3797492330747696 -1.8067430758715282 -1.2851936990308523 -1.0098094222161178 -0.954215413281688 -2.546789836663801 -3.7998529403672787 -4.6298844225976055
-7.573263974693496 -5.901306478088732 -5.643505422704422 -5.766587972717392 -5.810546026293453 -5.921734044162314 -5.863295690584726 -5.754952017359024 -5.4932723101885905 -5.363208186960598 -5.543953360193931 -5.746160406643812 -6.1200624388260705 -6.435526117430744 -6.701084476387299 -6.735216612105182 -6.702118783530265 -6.486207167436084 -6.2157358495504385 -6.046885208461216 -6.02232041381577 -6.07610438525001 -6.039903635246194 -5.840799510225213 -5.63471381198921 -5.4676732084001785 -5.401477551250345 -5.295978222667799 -5.2763263869514425 -5.034039938711624 -4.818386899403184 -4.493097302940333 -4.07135856539589 -3.6289336849921243 -3.0683392135044767 -2.5682517098803483 -2.0311877258951805 -1.8788859990934164 -1.5282558776278952 -1.4424083847617055 -3.6201420742769117 -4.759689969039856 -4.9316435315579765
-7.048870253209664 -5.840799510225213 -5.84364385486837 -5.980430974525642 -6.062399815605708 -6.003961462028121 -5.8857918709442405 -5.637558156632366 -5.364242494103564 -5.356485190531318 -5.5682595780536355 -5.774345276289639 -6.1728121031173435 -6.471726867434558 -6.569210315659117 -6.5712789299450485 -6.465779601362502 -6.2353876852667955 -6.047919515604182 -5.96000340845206 -5.936472920949581 -5.880878912015151 -5.777448197718536 -5.577051188768848 -5.384670060177145 -5.296753953025023 -5.24400428873375 -5.1338505780078565 -5.076187954787494 -4.834935813690643 -4.673842476173666 -4.367170408284206 -4.104456393970807 -3.6884063457126772 -3.33001892067491 -2.8397573349089598 -2.4317231670088177 -2.5224836188040967 -1.9903325937480179 -1.9590448026732923 -4.3172650886360895 -5.248141517305616 -5.309682792312101
-6.612392638877953 -6.020510376315579 -6.093687606680434 -6.17384641026031 -6.10144491025268 -5.974483708453587 -5.795807149506186 -5.564380926267512 -5.422939424466893 -5.442332683397508 -5.715906922712051 -5.968795019167272 -6.25297090669722 -6.365193231709045 -6.411995629928263 -6.411995629928263 -6.335974054920252 -6.233319070980863 -6.083861688822256 -6.04404086381806 -5.956900487023162 -5.782102579861885 -5.5323174048355614 -5.36527680124653 -5.259777472663984 -5.185565935156164 -5.097649828004042 -4.988271847635373 -4.8359701208336086 -4.69633865653318 -4.535245319016203 -4.297871829705475 -4.177633624335661 -3.9081966135929815 -3.6426382546364255 -3.4502571260447237 -3.193231801017638 -2.640653209887978 -2.0350663776813036 -2.6210013741716214 -4.940435142273189 -5.759864976288112 -5.488359351259501
-6.739353840677047 -6.46190094957638 -6.3152879120609295 -6.22944041919474 -6.122131053112003 -6.016631724529457 -5.8710529941569725 -5.746936137001036 -5.700133738781818 -5.740213140571756 -5.907253744160787 -6.017666031672423 -6.138679967399462 -6.217804463836371 -6.312443567417772 -6.388723719211525 -6.420011510286251 -6.3711404977811 -6.2783114316998905 -6.239266337052918 -6.085930303108189 -5.803823029864173 -5.529214483406664 -5.343814928029984 -5.264690431593073 -5.167982713725739 -5.015680986923975 -4.895442781554162 -4.821231244046341 -4.764602927968945 -4.583857754735612 -4.533176704730272 -4.473704044009718 -4.267618345773715 -4.076271524324979 -3.7840797564370448 -3.09083539386399 -2.291057395565423 -2.69831583310834 -4.485339999368088 -6.001892847742189 -5.888636215587397 -5.517578528048294
-6.592740803161597 -6.494998778151296 -6.459832335290447 -6.368037576352203 -6.18056940668959 -6.000082810241999 -5.808477412007521 -5.682550517351394 -5.647384074490545 -5.640661078061266 -5.743057485214913 -5.890704829873329 -5.999048503099033 -6.081017344179099 -6.217804463836371 -6.362348887065888 -6.471726867434558 -6.477415556720872 -6.401393981712861 -6.251936599554254 -6.078172999535942 -5.807701681650297 -5.5742068441256905 -5.3719997976758105 -5.238315599447437 -5.116267356577432 -5.004820761922831 -4.952071097631558 -4.888719785124882 -4.81942120654615 -4.767447272612102 -4.760724276182822 -4.455086515436328 -4.3320039654233575 -3.8877690475194004 -3.0352413849295603 -2.655133509889504 -3.82028050644086 -5.317440095884346 -5.994135544169943 -6.261762517412432 -5.7645193584314605 -5.378981370890832
-6.477415556720872 -6.551627094228692 -6.441473383502798 -6.226596074551583 -6.0342149459598815 -5.907253744160787 -5.7901184602198725 -5.689532090566415 -5.664967295920969 -5.66005433699188 -5.83692085843909 -6.068347081677764 -6.196342590619823 -6.25478094419741 -6.30365195670256 -6.345799972778431 -6.381742145996504 -6.240300644195884 -6.082051651322065 -5.8759659530860615 -5.752883403073091 -5.558692236981198 -5.464828863757021 -5.308648485169134 -5.217629456588114 -5.1338505780078565 -5.082910951216775 -5.013612372638043 -4.939400835130223 -4.982324581563317 -4.824075588689498 -4.797959333329603 -4.686512738675002 -4.548691311874763 -3.8065759367965586 -2.6220356813145873 -2.6923685670362847 -5.253830206591929 -6.328992481705231 -6.185482365618679 -5.895617788802419 -5.534127442335753 -5.115233049434466
-6.385620797782627 -6.3838107602824365 -6.185482365618679 -6.036024983460072 -5.928715617377335 -5.933628576306424 -5.844678162011336 -5.785205501290783 -5.746936137001036 -5.770466624503515 -5.9178553923761905 -6.090843262037277 -6.245213603124974 -6.3370083620632185 -6.2684855138417115 -6.2364219924097615 -5.96491636738115 -5.743057485214913 -5.410269161965557 -5.197201890514533 -5.109285783362411 -5.120146008363555 -5.173929979797794 -5.240125636947628 -5.1697927512259305 -5.104372824433321 -5.0332642083543995 -5.000942110136708 -4.949226752988401 -4.847606076191978 -4.668929517244577 -4.618248467239236 -4.30381909577753 -3.9257798350234063 -3.2656333010252676 -2.548858450949733 -4.17582358683547 -6.068347081677764 -6.1200624388260705 -6.010684458457401 -5.664967295920969 -5.338901969100894 -4.9647413601328925
-6.25297090669722 -6.1668648370452885 -6.02232041381577 -5.958969101309094 -5.984309626311765 -5.989222585240854 -6.016631724529457 -5.957934794166128 -5.883723256658308 -5.901306478088732 -5.949143183450916 -6.074294347749818 -6.179793676332365 -6.200221242405947 -6.122131053112003 -5.78804984593394 -5.501029613760837 -5.017491024424166 -4.686512738675002 -4.565498802947963 -4.571187492234277 -4.714956185106571 -4.9375907976300315 -5.019559638710098 -5.094805483360885 -5.034039938711624 -4.987237540492407 -4.955174019060456 -4.854587649406999 -4.686512738675002 -4.603509590451969 -3.792871367152257 -3.190387456374481 -2.697281525965374 -2.1465129723359047 -4.0879074796833486 -5.834852244153158 -6.1249753977551595 -5.8232162887947885 -5.7862398084337485 -5.457071560184776 -5.205993501229745 -5.14445222622326
-6.084895995965222 -5.992066929884011 -5.990256892383821 -5.9969798888131 -6.049729553104373 -6.029301987030792 -6.054642512033462 -6.011718765600367 -5.939317265592738 -5.935438613806615 -5.951211797736848 -6.021544683458545 -6.054642512033462 -6.033180638816915 -5.845712469154302 -5.506718303047149 -4.977411622634229 -4.496200224369232 -4.341829883281536 -4.306663440420687 -4.4276773761477255 -4.5879949833074765 -4.794856411900705 -4.910181658341429 -4.981548851206092 -4.981548851206092 -4.9375907976300315 -4.828212817261362 -4.723489219036041 -4.479392733296033 -3.9462074010969874 -2.8260527652646585 -2.3311367973553607 -1.8964692205238407 -3.5536878403413374 -5.486290736973569 -6.091877569180243 -5.94810887630795 -5.724698533427263 -5.603426020914484 -5.363208186960598 -5.268569083379196 -5.209872153015868
-5.958969101309094 -5.931559962020492 -5.988188278097888 -5.991291199526787 -6.02232041381577 -5.983275319168799 -5.991291199526787 -5.949143183450916 -5.951211797736848 -5.955090449522972 -5.957934794166128 -6.004995769171088 -6.023354720958737 -5.96000340845206 -5.747970444144002 -5.320284440527503 -4.790977760114582 -4.515593483299847 -4.401302544002089 -4.514559176156881 -4.643588992241907 -4.7294364851080966 -4.801837985115726 -4.922851920842764 -4.915094617270518 -4.914060310127552 -4.802613715472951 -4.661172213672331 -4.3291596207802 -3.827262079655881 -2.6709066938197377 -1.7987271955135407 -1.7382202276500214 -3.579028365344008 -5.237281292304471 -5.73245583699951 -5.975518015596553 -5.745126099500846 -5.6416953852042315 -5.431731035182105 -5.338901969100894 -5.224611029803135 -5.247107210162649
-5.935438613806615 -5.944230224521827 -5.939317265592738 -5.904409399517631 -5.888636215587397 -5.903375092374665 -5.933628576306424 -5.9716393638104295 -5.990256892383821 -5.97862093702545 -6.000858540599223 -6.0673127745347974 -6.121096745969037 -6.048695245961407 -5.795807149506186 -5.398374629821447 -5.092736869074953 -4.857431994050156 -4.838814465476766 -4.975601585134037 -5.020593945853064 -5.049813122641858 -5.048778815498892 -5.049813122641858 -5.025248327996412 -4.848640383334944 -4.723489219036041 -4.30381909577753 -3.808644551082491 -2.83303433847968 -1.6133276401368601 -1.408276249043823 -3.0029192867118684 -4.821231244046341 -5.461984519113864 -5.690307820923639 -5.694445049495505 -5.578085495911814 -5.43250676553933 -5.252020169091738 -5.14445222622326 -4.999907802993742 -5.045934470855735
-5.980430974525642 -5.94138587987867 -5.844678162011336 -5.842868124511146 -5.839765203082247 -5.893549174516486 -5.943454494164602 -5.975518015596553 -5.992066929884011 -5.9775866298824845 -5.980430974525642 -6.068347081677764 -6.157297495972852 -6.13169839418444 -5.944230224521827 -5.681516210208427 -5.421905117323927 -5.335799047671996 -5.369155453032653 -5.431731035182105 -5.428628113753207 -5.483446392330412 -5.398374629821447 -5.322353054813435 -5.099718442289975 -4.841658810119922 -4.423798724361602 -3.9169882243081937 -3.2850265599558828 -2.4345675116519745 -2.072301434828084 -2.954048274206718 -4.180736545764559 -4.915094617270518 -5.302701219097079 -5.347693579816106 -5.31640578874138 -5.250985861948772 -5.177808631583917 -5.149365185152349 -4.945348101202278 -4.813473940474095 -4.75865566189689
-5.974483708453587 -5.880878912015151 -5.84183381736818 -5.852435465583582 -5.826060633437946 -5.878810297729219 -5.944230224521827 -5.994135544169943 -6.011718765600367 -5.993101237026977 -5.9814652816686085 -6.035249253102847 -6.112305135253825 -6.121096745969037 -6.071191426320921 -5.845712469154302 -5.65514137806279 -5.638592463775333 -5.694445049495505 -5.701168045924784 -5.765553665574426 -5.778223928075762 -5.670914561993024 -5.351572231602229 -4.969654319061982 -4.536021049373428 -4.02921054932002 -3.4657717331892157 -2.848548945624172 -2.4658553027267005 -2.843635986695083 -3.7703751867927435 -4.514559176156881 -4.943279486916346 -5.0751536476445285 -5.041021511926646 -4.994994844064653 -5.08213522085955 -5.052657467285015 -5.034039938711624 -4.921817613699798 -4.868033642265559 -4.73331513689422
-5.837955165582056 -5.767622279860358 -5.800720108435275 -5.793997112005995 -5.758830669145146 -5.793997112005995 -5.874931645943096 -5.937507228092548 -5.953021835237039 -5.944230224521827 -5.94810887630795 -5.909063781660978 -5.944230224521827 -6.010684458457401 -6.013528803100558 -5.850625428083392 -5.702202353067751 -5.6747932137791475 -5.691342128066606 -5.67686182806508 -5.632903774489019 -5.313561444098223 -4.98439319584925 -4.552828540446628 -4.146345833260935 -3.6834933867835877 -3.179785808159078 -2.7950235509756745 -2.55170279559289 -2.7549441491857363 -3.386647236752306 -4.142467181474812 -4.64927768152822 -4.852519035121067 -4.866223604765368 -4.8729466011946485 -4.8838068261957925 -4.914060310127552 -4.911991695841619 -5.034039938711624 -5.101528479790165 -5.207027808372711 -5.100494172647199
-5.654365647705566 -5.544987667336898 -5.569293885196601 -5.612217631629696 -5.624887894131032 -5.654365647705566 -5.740213140571756 -5.827094940580912 -5.903375092374665 -5.9188896995191564 -5.897427826302609 -5.86226138344176 -5.86226138344176 -5.878810297729219 -5.8291635548668435 -5.700133738781818 -5.578085495911814 -5.5555893155523 -5.5840327619838686 -5.386738674463078 -4.977411622634229 -4.382685015428698 -3.7313300921457717 -3.3057127028152054 -2.969821458136952 -2.620225643814397 -2.507744742016829 -2.441290508081255 -2.69831583310834 -3.079199438505621 -3.7520162350050947 -4.315455051135899 -4.7304707922510625 -4.822265551189307 -4.830022854761554 -4.855363379764224 -4.8788938672667035 -4.903200085126407 -4.961897015489736 -5.0811009137165835 -5.194357545871376 -5.278395001237374 -5.24891724766284
-5.482412085187446 -5.358295228031508 -5.348727886959072 -5.357519497674284 -5.349503617316296 -5.364242494103564 -5.487325044116535 -5.640661078061266 -5.705046697710907 -5.735300181642667 -5.784171194147817 -5.821147674508856 -5.736334488785633 -5.715906922712051 -5.624112163773807 -5.511631261976239 -5.441298376254542 -5.418026465537803 -5.290030956595744 -5.020593945853064 -4.496200224369232 -3.865272867159887 -3.2705462599543567 -2.8956099206291315 -2.546789836663801 -2.307606309852881 -2.2196902027007592 -2.1827137223397197 -2.3779391955745783 -3.2012476813756257 -4.138588529688689 -4.588770713664701 -4.686512738675002 -4.787099108328459 -4.797959333329603 -4.809595288687972 -4.921817613699798 -5.007923683351729 -5.046968777998702 -5.13953926729417 -5.300891181596889 -5.343814928029984 -5.268569083379196
