static/data/ASCData/20210127/ASCV/06.asc
ncols 97
nrows 97
xllcorner 99.0
yllcorner 2.0
cellsize 0.25
NODATA_value -32767
[rows 76 to 94 of 97, columns 43 to 85 of 97]
-4.938172931620791 -4.979168006978817 -5.119977178860731 -5.249837355460688 -5.4871504625021785 -5.694162861670346 -5.927656551753015 -6.207747128733315 -6.264529127521139 -6.177446420859991 -6.234228419647815 -6.135432834312946 -5.932494479900856 -5.880550409260874 -5.9235825069969374 -6.034090971005528 -6.220478518596055 -6.2321913972697764 -6.3365887941442525 -6.2663115221019225 -6.016521652994946 -5.744833793324055 -5.435461019659451 -5.021181593525862 -4.760442729136928 -4.341580002652751 -4.266464802462581 -3.9568374010007217 -2.9762657537724166 -3.4401976003706953 -3.960656817959544 -4.394287956684499 -4.6043558894197245 -4.654008309884414 -4.277159169947283 -4.180400606990452 -4.360167831852354 -4.767317679662808 -5.128634523967396 -5.2722446016191125 -5.046644373251343 -4.738035482978503 -4.584749549031104
-4.904052806788645 -4.965672733724311 -5.095532910324269 -5.1647916711775785 -5.3934474331124065 -5.587728442417832 -5.820967504703246 -5.992077384458483 -6.047586244260033 -6.0582806117447365 -6.1288125115843215 -6.113025588154523 -6.0076096800910275 -5.945989753155361 -5.985202433932603 -6.090618341996098 -6.069229607026694 -6.077886952133357 -5.936313896859678 -5.7458523045130745 -5.350415335376342 -5.057338740736046 -4.870951193145519 -4.984260562923913 -4.747965967071442 -5.041806445103502 -4.978404123587052 -3.922717276168576 -2.6042545419831273 -2.738952646730926 -3.3964016192428668 -3.9637123515266017 -4.438338565609583 -4.485190080304469 -4.551647935387977 -4.46354671753781 -4.357112298285296 -4.626763135578148 -4.9129647796925635 -5.161990765407776 -4.993936419219596 -4.79863689872515 -4.643313942399711
-4.835812557124354 -4.989098491071754 -5.204768235346585 -5.222337553357168 -5.321133138692037 -5.530182560238243 -5.777171523575417 -5.9480267755334 -5.979345994595743 -5.986220945121623 -5.996915312606324 -6.015503141805927 -5.957702631829083 -5.917726067660077 -5.952864703681241 -5.920781601227135 -5.899138238460475 -5.712750690869948 -5.532983466008046 -5.133472452115237 -4.70187833576832 -4.508615837651913 -4.716646748009099 -4.9099092461255065 -5.473400561450418 -5.768259550671498 -4.840650485272196 -3.618946314043578 -2.184373304309932 -2.2174749179530586 -2.792679111951693 -3.460822451948336 -4.02915169542109 -4.49104651964133 -4.556485863535818 -4.6209066962412875 -4.56819874220954 -4.551647935387977 -4.616068768093446 -4.77903055833653 -4.848543946987095 -4.674633161462054 -4.594425405326787
-4.816206216735733 -5.013542759608217 -5.2791195521449925 -5.370785559156728 -5.405160311786128 -5.49988185236492 -5.750690232660916 -5.976290461028684 -6.015503141805927 -5.914925161890274 -5.880550409260874 -5.826823944040107 -5.8026343033008985 -5.7868473798711 -5.733120914650334 -5.6786305660378025 -5.535020488386085 -5.339720967891639 -5.018380687756059 -4.580930132072281 -4.32299217345315 -4.384612100388816 -4.78590550886241 -5.26155023413441 -5.957702631829083 -5.528145537860205 -4.435283032042525 -2.7196009341395597 -1.4696330774156574 -1.9422222691206 -2.3582840898349726 -2.858118455846181 -4.253733412599839 -4.71460972563106 -4.556485863535818 -4.522365738703673 -4.564379325250718 -4.495884447789171 -4.388431517347638 -4.35049197555667 -4.523129622095437 -4.493847425411133 -4.421787758788019
-4.919839730218444 -5.020417710134097 -5.214698719439523 -5.458886777006894 -5.422729629796709 -5.47925700078728 -5.717588619017789 -5.959739654207121 -6.01728553638671 -5.908050211364394 -5.765458644901695 -5.649093741556243 -5.676593543659764 -5.610135688576256 -5.509557708660603 -5.387590993775545 -5.211643185872466 -4.9801865181678355 -4.65222591530363 -4.423570153368804 -4.401162907210379 -4.599517961271882 -5.055556346155262 -5.560228640314312 -5.599441321091554 -4.712572703253022 -3.010640506401817 -1.5633361068054303 -0.9919513297656182 -1.659076158573242 -2.1454152513299447 -2.6793697421732987 -4.3991258848323405 -5.148240864356016 -5.001829880934496 -4.79278045938829 -4.674633161462054 -4.414912808262139 -4.312297805968448 -4.227252121685338 -4.1844746517465286 -4.193131996853193 -4.208664292485737
-4.878590027063163 -4.971529173061172 -5.189235939714042 -5.288795408440675 -5.208842280102663 -5.293633336588517 -5.475437583828457 -5.6256679842088 -5.6852508887664275 -5.667681570755845 -5.600459832280573 -5.566085079651172 -5.557427734544509 -5.4606691715876785 -5.427567557944552 -5.32393404446184 -5.129653035156414 -4.908890734936486 -4.747965967071442 -4.622943718619326 -4.614031745715407 -4.8826640718192404 -5.1413659138301355 -5.243980916123828 -4.8727335877263025 -3.303462473244858 -1.491021812385062 -1.0797979198185306 -1.2020192625008435 -1.6863213328795077 -2.2966641628993067 -2.609092470130969 -3.3533695215068025 -3.841491008844289 -3.8982730076321133 -3.977462252578362 -4.425607175746842 -4.758660334556144 -4.425607175746842 -4.073966187737938 -4.024313767273249 -3.971605813241501 -3.8758657614736896
-4.79278045938829 -4.9167841966513866 -5.014561270797237 -4.908890734936486 -4.9129647796925635 -5.020417710134097 -5.155115814881896 -5.291850942007733 -5.3934474331124065 -5.4334239972814125 -5.4537942210617985 -5.361109702861044 -5.33182750617674 -5.394211316504171 -5.421711118607691 -5.365947631008885 -5.273263112808132 -5.121759573441515 -4.930534097703147 -4.790743437010251 -4.615050256904427 -4.73625308839772 -4.5506294241989576 -3.7526259076023574 -3.1725837854558816 -2.087614741353101 -0.7166986809331597 -0.33959491319877433 -0.7566752451021665 -1.6267384283218802 -2.1571281300036667 -2.2536320651632424 -2.609092470130969 -2.9401086065622324 -3.1053620469806096 -3.3358002034962198 -3.9334116436532782 -4.8327570235572965 -4.948103415713729 -4.252714901410821 -3.9792446471591454 -3.8817222008105503 -3.7205428051482503
-4.859238314471797 -4.775211141377707 -4.740072505356542 -4.763498262703986 -4.810349777398872 -4.8727335877263025 -4.950904321483532 -5.035950005766641 -5.064213691261926 -5.1179401564826925 -5.1843980115662 -5.149259375545036 -5.224374575735206 -5.2956703589665555 -5.371804070345746 -5.382498437830449 -5.271226090430093 -5.020417710134097 -4.766299168473789 -4.742109527734581 -4.647387987155788 -4.410838763506062 -4.02915169542109 -3.055454998718665 -2.2897892123734267 -1.4479897146489977 -0.7146616585551215 -0.439154381925408 -1.031927893934625 -1.7713670171626168 -2.278076333699705 -2.5525650991403994 -2.8005725736665923 -2.9500390906551703 -3.047561537003766 -2.912863432255967 -3.048580048192785 -3.891398057106233 -4.95395985505059 -4.510652860029952 -4.00852684384345 -3.8796851784325117 -3.6657978287384645
-4.738035482978503 -4.603337378230705 -4.460745811768007 -4.523129622095437 -4.614031745715407 -4.7889610424294675 -4.854400386323956 -4.8826640718192404 -4.920603613610209 -5.0407879339144825 -5.080000614691725 -5.123796595819553 -5.18541652275522 -5.211643185872466 -5.357290285902222 -5.308401748829297 -5.10138934966113 -4.87578912129336 -4.768336190851827 -4.588568965989926 -4.227252121685338 -3.3475130821699417 -2.9920526772022153 -2.3699969685086946 -1.652201208047362 -1.4724339831854603 -1.0456777949863851 -1.316092515671002 -1.7507421655849766 -1.8317138051120088 -2.413792949636523 -2.809484546570511 -3.036867169519063 -3.225291739487629 -3.4480910620855947 -3.3492954767507253 -2.758558987119547 -3.2538100527801683 -4.948103415713729 -4.5272036668515145 -4.035008134757951 -3.826977224400764 -3.5799882610635905
-4.54069894010602 -4.412875785884101 -4.301603438483745 -4.369843688148037 -4.489009497263291 -4.62472611320011 -4.605374400608744 -4.629564041347951 -4.642295431210692 -4.698058918809497 -4.804493338062011 -4.922640635988247 -4.975348590019994 -5.070070130598786 -5.130671546345433 -5.078982103502705 -4.9030342955996264 -4.8055118492510305 -4.486208591493488 -3.4959610879695004 -3.089575123550811 -2.519208857700018 -2.213655500994236 -1.6980342115532292 -1.4441702976901756 -1.2674586063953317 -1.32602299976394 -1.610187621500317 -1.8375702444488695 -1.8141444871014263 -2.2742569167408826 -2.464718509087487 -2.7381887633391617 -3.138463660623736 -3.3757767676652266 -3.5748957051184944 -3.2428610574982115 -3.519386845316944 -4.809331266209853 -4.485190080304469 -4.111141846137142 -3.8407271254525246 -3.5321182351796847
-4.309496900198645 -4.208664292485737 -4.147298993347325 -4.18243762936849 -4.2313261664414155 -4.194150508042212 -4.1745441676535915 -4.141442554010465 -4.150099899117128 -4.129729675336743 -4.242020533926118 -4.334705052126871 -4.454889372431146 -4.601300355852667 -4.713591214442041 -4.694239501850675 -4.886483488778063 -4.762479751514967 -3.5700577769706525 -2.519208857700018 -2.245993231245598 -2.191248254835812 -1.793774263321041 -1.393244738239212 -1.1589871647647791 -1.2567642389106293 -1.3181295380490405 -1.3553051964482439 -1.4431517865011563 -1.4021567111431306 -1.726297897048514 -1.8602321184045485 -2.0896517637311396 -2.490945172204733 -3.052654092948862 -3.268323837223693 -3.8659352773807516 -4.171743261883789 -4.6277816467671675 -4.582712526653065 -4.249913995641017 -3.8817222008105503 -3.5769327274965326
-4.091535505748521 -4.00165189331757 -3.929592226694456 -3.8827407119995696 -3.6678348511165026 -3.606214924180837 -3.4432531339377532 -3.409896892497372 -3.401239547390708 -3.3923275744867896 -3.474317725202841 -3.5662383600118304 -3.7381121231588326 -3.8015144446752824 -3.9754252302003232 -4.31611722292727 -4.509634348840931 -3.664779317549445 -2.354210045078896 -2.104420175971919 -1.9226159287319788 -1.8660885577414092 -1.384587393132548 -0.98991430738758 -0.8992668115648645 -0.9967892579134601 -1.2926667583235587 -1.2860464355949335 -0.7869759529754896 -0.5290379943563588 -0.9333869363970102 -1.3132916099011989 -1.523359542636424 -1.94909721964648 -2.510551512593354 -3.580752144455355 -4.367042782378234 -4.474495712819767 -4.5671802310205205 -4.656045332262453 -4.4159313194511585 -4.0467210134316725 -3.9206802537905374
-3.9303561100862203 -3.8239216908337066 -3.6922791196529654 -3.4753362363918603 -3.149158028108438 -2.8074475241924723 -2.6121480036980267 -2.5250652970368788 -2.494000705771791 -2.573953834109804 -2.6442311061521337 -2.8494611107395174 -3.019297851508481 -2.9637889917069304 -3.3964016192428668 -3.624802753380439 -2.7448090860677867 -1.7145850183747924 -1.4276194908686124 -1.7273164082375334 -1.645326257521482 -1.2985231976604195 -0.9540117879746504 -0.6833424394927787 -0.5524637517038022 -0.6991293629225774 -1.097367237829113 -1.2127136299855457 -0.4842235020395109 -0.05644880265141605 -0.5124871875347958 -1.0428768892165818 -1.174519460397323 -1.6404883293736403 -2.6307358328976282 -3.8435280312223274 -4.605374400608744 -4.585768060220122 -4.661901771599313 -4.71460972563106 -4.522365738703673 -4.486208591493488 -4.370862199337056
-3.816282856916062 -3.670635756886306 -3.4901046486326397 -3.1570514898233375 -2.752702547782686 -2.2439562088675595 -1.9012271937625742 -1.87194499707827 -1.903009588343358 -1.9353473185947199 -2.057314033479778 -2.2019426223205145 -2.3944412370451573 -2.855317550076378 -3.2204538113397874 -2.5143709295521766 -1.4128510786278328 -0.8903548386609459 -0.796651809271173 -1.2430143378588692 -1.3807679761737257 -1.016395598302081 -0.7184810755139437 -0.5641766303775237 -0.6502408258496524 -0.726374537228843 -0.7829019082194124 -0.8093831991339138 -0.8172766608488131 -0.9079241566715281 -0.9481553486377896 -0.8231331001856739 -1.0604462072271645 -1.7790058510802615 -2.7547395701607247 -3.746005584873732 -4.492065030830349 -4.686346040135776 -4.840650485272196 -4.935372025850988 -4.944029370957652 -4.93231649228393 -4.81340531096593
-3.740149145536871 -3.645427604958079 -3.397165502634631 -3.1501765392974574 -2.897331136623423 -2.3913857034780994 -1.9353473185947199 -1.7087285790379316 -1.6473632798995204 -1.7800243622692806 -2.0690269121534994 -2.084813835583298 -2.4792322935310116 -2.9597149469508537 -2.5955971968764633 -1.825857365775148 -1.4500267370270363 -1.5175031032995632 -1.503753202247803 -1.2419958266698499 -1.2010007513118242 -0.8317904452923379 -0.30241925479957077 -0.4529042829771681 -0.8972297891868259 -1.1169735782177341 -0.9715811059852331 -0.8259340059554767 -1.0466963061754044 -1.1961628231639825 -0.9840578680507188 -0.7370689047135452 -1.2605836558694516 -2.1833547931209125 -3.0867742177810076 -3.8504029817482075 -4.445977399527227 -4.860256825660817 -5.172685132892479 -5.344558896039481 -5.381734554438684 -5.287013013859892 -5.089676470987408
-3.606214924180837 -3.513530405980083 -3.4022580585797275 -3.3678833059503273 -3.087792728970027 -2.7819847444669903 -2.5085144902153154 -2.539833709277658 -2.8308732815399154 -3.1219128538021725 -2.877724796234802 -2.751684036593667 -2.996890605350057 -2.387566286519277 -1.5506047169426895 -1.0077382531954169 -0.9471368374487703 -1.1854684556792803 -1.4754895167525182 -1.461739615700758 -0.91276208481937 -0.4529042829771681 -0.3210070839991723 -0.5114686763457765 -0.8366283734401794 -1.0866728703444106 -1.2078757018377042 -1.335698856059623 -1.3446108289635417 -1.2058386794596656 -1.4831283506701627 -1.6150255496481585 -1.9656480264680432 -2.6218238599937096 -3.383670229380126 -4.047739524620692 -4.49893998135623 -5.0975699327023065 -5.630760540153896 -5.613191222143314 -5.445136875955134 -5.288795408440675 -4.990117002260774
-3.642372071391021 -3.4929055544024425 -3.4236467935491324 -3.4519104790444173 -3.4030219419714918 -3.316193863107599 -3.1853151753186224 -3.2655229314538903 -3.6227657310024 -3.6871865637078693 -2.645249617341153 -2.258469993311084 -2.1833547931209125 -1.6825019159206853 -1.1931072895969248 -1.0339649163126632 -0.8142211272817552 -0.4098721852411038 -0.4256591086709025 -1.1375984297953743 -1.3553051964482439 -1.3239859773859013 -1.0494972119452073 -0.6932729235857167 -0.635472413608873 -1.0642656241859867 -1.6122246438783556 -1.7293534306155718 -1.5182669866913276 -1.5915997923007152 -1.9236344399209981 -2.104420175971919 -2.500875656297671 -2.843604671402656 -3.408878381308353 -4.023295256084229 -4.580930132072281 -4.972547684250191 -5.308401748829297 -5.315276699355177 -5.179560083418359 -4.9801865181678355 -4.49893998135623
-3.69304300304473 -3.593483534318096 -3.512511894791064 -3.512511894791064 -3.587627094981235 -3.5211692398977275 -3.164944951538237 -2.6442311061521337 -2.8043919906254144 -2.4430751463208273 -1.7840984070253578 -1.8533571678786684 -1.7576171161108567 -1.506554108017606 -1.4900033011960427 -1.3942632494282312 -1.2644030728282738 -0.8962112779978066 -0.3436689579548511 -0.6998932463143417 -1.2078757018377042 -1.3866244155105867 -1.2175515581333873 -1.100422771396171 -1.013594692532278 -1.1737555770055585 -1.5292159819732847 -1.3631986581631432 -1.2341023649549505 -1.5730119631011135 -2.0321058815515505 -2.4120105550557396 -3.0516355817598426 -3.383670229380126 -3.4246653047381517 -3.816282856916062 -4.318154245305308 -4.668776722125193 -4.896159345073746 -5.01634366537802 -4.845488413420037 -4.532041594999356 -4.02915169542109
-3.7722322479909782 -3.709848437663548 -3.7312371726329525 -3.8114449287682204 -3.7987135389054796 -3.631677703906319 -2.5955971968764633 -2.0338882761323345 -1.4031752223321499 -0.8424848127770401 -0.7215366090810016 -1.1083162331110703 -1.0046827196283594 -1.2547272165325907 -1.3201665604270791 -1.5251419372172077 -1.4059761281019527 -1.1375984297953743 -0.7184810755139437 -0.7284115596068816 -0.7711890295456909 -0.5926949436700633 -0.6863979730598366 -0.8348459788593954 -1.2292644368071088 -1.374911536836865 -1.2733150457321925 -1.1414178467541967 -1.0925293096812716 -1.0632471129969674 -1.1500751918608605 -1.4108140562497944 -2.1991417165507112 -3.5076739666432224 -3.6375341432431796 -3.8445465424113467 -4.193131996853193 -4.32299217345315 -4.462782834146045 -4.622943718619326 -4.513453765799754 -4.1745441676535915 -3.597557579074173
