static/data/ASCData/20210127/ASCV/09.asc
ncols 97
nrows 97
xllcorner 99.0
yllcorner 2.0
cellsize 0.25
NODATA_value -32767
[rows 0 to 18 of 97, columns 43 to 85 of 97]
-2.528661448524816 -2.166173215020322 -1.9630804924130096 -1.8195748766831485 -1.6614207638459138 -1.5851989229651744 -2.0852340615117844 -2.451446489196119 -2.443501541612459 -2.3312791569932596 -2.458150038719832 -2.8333005324357843 -3.293114373840115 -3.3070180321115203 -2.5373512349444445 -1.6018336569684628 -1.1104883048414809 -0.6876681256235679 -0.6593642498567784 -1.7902778824684016 -2.632194046724387 -2.6731601827026346 -2.1125448188306164 -1.7892847640204441 -1.590164515204962 -1.4290310470238548 -1.2629319866029598 -1.0685290504152758 -0.9093818191300838 -1.0255766775411133 -1.0941018504501818 -1.128116157292727 -0.9649964522157046 -0.9709551629034499 -1.27087693418662 -0.7581795354285514 -0.4798580903884573 -0.07143812866592825 -0.44062991169413523 -2.2952786132547995 -5.4250914019929155 -7.5255369194230655 -7.693622216739875
-2.103855032410988 -1.9963499604195865 -1.8352164922384793 -1.6730899056094146 -1.5665779520659708 -1.7972297116041043 -1.8255335873708936 -2.1751112810519397 -2.261016026800265 -2.1408486945974055 -2.0988894401712 -2.7560855731070877 -3.135953379450838 -2.870294194622202 -2.179828593679738 -1.4327552412036955 -0.8587327782842502 0.3074365592298647 -0.002168116920891361 -1.0558667902038175 -1.8069126164716902 -1.897782954459803 -1.6827728104770003 -1.6524826978142961 -1.8439062786581077 -1.8674928417970986 -1.6497516220824129 -1.195648211753838 -0.789214486927224 -0.7951731976149692 -0.27651708816915566 0.11973717256589378 0.3277954874129936 0.29080182522657605 0.35237516899994237 0.5095361633892197 0.5152465944649753 -0.03047199268768086 -1.2755942468144184 -4.08338837880231 -7.338085812371084 -8.463040734294962 -7.97964032975164
-2.4904263882784514 -2.2414019374531042 -1.9417284457819233 -1.7706637931212408 -1.868485960245056 -2.012984694422875 -2.271692050115808 -2.5323856427046567 -2.518730264045241 -2.228739677241646 -2.2121049432383573 -2.495391980518239 -2.6662083535669323 -2.6212697437968546 -2.1358831023576177 -1.2942152177136217 0.03780490060939856 0.7878576084293138 0.14903416678064074 -0.6653229605445237 -1.3880649110456071 -1.6388273191548803 -1.5206462238479357 -1.6720967871614572 -2.0023086711073317 -1.9034933855355587 -1.3595127556668285 -0.789214486927224 -0.2601306337778566 -0.06970017138200246 0.3307748427568664 0.5418125129478386 0.6470830684313356 0.6530417791190808 0.8678036434898941 1.1607735856373615 0.7702297559780678 -0.5980391856954017 -3.5910499082273706 -6.670213656119653 -8.717030777360097 -8.939737589314571 -8.402708788581542
-2.9261571073198125 -2.7521130993152574 -2.50706112228174 -2.2620091452482223 -2.0852340615117844 -1.9437146826778382 -2.1954702092350686 -2.5373512349444445 -2.3302860385453017 -1.9876601739999584 -2.003301789555289 -2.1847941859195257 -2.2044082752666867 -2.209125587894485 -1.6614207638459138 -0.5401900361018765 0.6257310218002492 0.812189010404273 -0.14294265691886965 -0.9523341920042463 -1.5295842898795533 -1.7706637931212408 -1.2239520875206273 -1.1447508912960154 -1.2775804837103333 -0.8694088015997936 -0.30780031927981755 0.21855245813766677 0.5534816547113395 0.46857002741097187 0.6550280160149957 0.6187791926645465 0.5428056313957965 0.6247379033522913 0.7449052355551511 0.8404928861710621 0.009501024842609507 -2.71114696333701 -5.671136497474391 -8.04319991042092 -9.490421768707014 -9.217065915906707 -8.5275934334122
-3.4435718187056787 -3.145884563930413 -2.774706544006291 -2.5130198329694853 -1.953397587545424 -1.6974213075843738 -1.9856739371040433 -2.108572345038786 -1.8888448884281854 -1.3361744721398268 -1.3351813536918693 -1.6663863560857013 -1.3547954430390303 -1.2316487554922981 -0.9073955822341686 0.16864825612780177 0.2068833163741659 0.12073029101385124 -0.5051826108113739 -1.0022383940141115 -1.568564188961886 -1.3791268450139895 -0.7902076053751816 -0.24920633085032406 -0.213205787111864 0.17262072991963162 0.2086212736580917 0.6833318917817852 0.7136220044444892 0.5318813284682635 0.5827786489260864 0.5894821984497995 0.5445435886797219 0.9030593483923859 0.9117491348120139 0.1326477123893417 -1.7776156222569433 -4.591120185320591 -7.117365237312526 -9.425124230753806 -9.822619889548804 -9.53933285226892 -8.957365441765816
-3.9289584601449157 -3.3363150263262673 -2.9641438879541875 -2.3109202288101303 -1.731683894038908 -1.401720289705023 -1.6534758162622536 -1.6487585036344554 -0.9719482813514073 -0.41729162816713394 -0.5305071312342906 -0.8780985880194219 -0.3187246222073501 0.3181125825454081 0.6433588742514948 0.26820838053554263 0.06710189482414552 -0.16528782199791348 -0.08335555004141826 -0.4669475505650098 -0.5101482030511617 -0.3204625794912759 -0.06175522379834231 0.43232120406052266 0.42462453608885165 0.43530055940439505 0.4722942215908126 0.14828932794467242 0.11973717256589378 -0.012099301400466445 0.175600085263504 0.34343710296832475 1.0748688398890365 1.4343777180496575 0.47328734003877004 -0.9739345182473222 -3.50315892558313 -6.371285003284441 -8.90348876596412 -9.754094716639734 -10.04036110926349 -9.78041235551061 -9.764025901119311
-4.098036875909683 -3.4515167662893393 -2.499364454310069 -1.820567995131106 -1.229662518596383 -0.9846105415628656 -1.153688957327633 -0.59878402453137 0.07206748706393284 0.514501755629007 0.3181125825454081 0.06809501327210299 0.48222540607038766 1.1647460594291918 0.9263976319193876 0.5095361633892197 0.3131469903056203 0.21358686589787945 0.5348606838121364 0.8015129870887296 0.7642710452903225 0.6090962877969606 0.669676513122369 0.6520486606711233 0.6187791926645465 0.4722942215908126 -0.001174998472933897 -0.3313868824188084 -0.4485748592777954 -0.43293324372246467 -0.001174998472933897 0.6267241402482067 1.354183403377088 0.7429189986592362 -0.40264313105976024 -2.6398907146960577 -5.45538151465562 -8.072496904635667 -9.285342809203787 -10.075368534553991 -10.049050895683116 -9.80797139244143 -10.090017031661365
-3.8763231824031674 -2.309927110362173 -1.2882565070258767 -0.7445241567691356 -0.14095642002295428 -0.42399517769084705 -0.5657628361367828 0.2068833163741659 0.7439121171071936 1.1920568167480234 1.2819340362881784 0.9100111775280886 0.659000489806826 0.29551913785437467 0.04376361129714379 -0.05678963155855499 0.011487261738524435 0.31612634564949316 0.68929060246953 1.0944829292361975 1.1011864787599106 0.9470048397145061 0.6756352238101142 0.5418125129478386 0.6647109208825817 0.5631645595789254 -0.01780973247622253 -0.040403177167255944 -0.03047199268768086 0.25753235721999923 0.5827786489260864 1.155063154561606 0.4402661516441828 -0.4485748592777954 -2.043274807085579 -4.556857598866056 -7.114634161580643 -8.556890427626946 -9.705431912689816 -10.253136736738387 -10.029436806335957 -9.929876681928215 -9.489428650259057
-3.0880354143368876 -0.8830641802592094 0.36007183697161294 0.696987270441201 0.4236314176408942 -0.05008608203484144 0.1599584697081733 0.3414508660724098 0.5691232702666706 0.7888507268772713 1.1647460594291918 1.287892746975924 0.8414860046190196 0.24784945235241373 -0.0970109287008345 -0.14294265691886965 0.09937824438276488 0.49389454783388853 0.8541482648304779 0.8474447153067648 0.7799126608456537 0.5505022993674671 0.1500272852285982 0.1433237357048851 0.39905173605394584 0.4852047614142605 0.9949228048284562 1.5153168715581957 1.7174164757175499 1.501661492898779 1.323893290714384 0.3620580738675283 -0.9376856948968728 -2.5167440271493255 -4.233597544055884 -6.1331848553866255 -7.778533844040243 -9.052953092381728 -9.991450025701582 -10.595017762447764 -10.653611750877257 -10.59998335468755 -8.836204991115
-1.8381958475823519 0.4256176545368091 1.0252129174911606 0.38837571273840243 -0.17596384531345688 0.4226382991929367 1.1227868050029866 1.0279439932230434 0.6793594179899549 0.4879358371461433 0.6833318917817852 1.1178212127631988 0.9566877445820916 0.5055636895973894 0.23220783679708257 0.34840269520811207 0.7732091113219406 1.015281733011585 0.9373219348469202 0.5338675653641785 0.2418907416646685 0.13066147549342633 0.1363719065691824 0.26150483101182953 0.4889289555941012 1.1510906807697756 2.155133431654826 2.8922755996512937 2.801405261663181 1.8542185419236983 0.5348606838121364 -1.0461838853362317 -2.614566194273141 -4.093071283669896 -5.528624000192487 -7.075405982886321 -8.415371048793002 -9.45541434341651 -10.091010150109323 -10.58434173913222 -10.915298461914062 -10.186846080337222 -6.459175985928681
-0.735586090737518 -0.07541060245775855 -0.044127371347096656 -0.4349194806183796 -0.2824757988569009 0.6187791926645465 1.0495443194661198 1.2868996285279666 1.3787630849640369 1.3308451198500864 1.3152035042947556 1.4001151315951237 1.0016263543521693 0.6207654295604614 0.4889289555941012 0.7662572821862379 1.191063698300066 0.8864246143890973 0.2282353630052527 -0.17596384531345688 -0.2981174144122316 -0.15461179868237052 0.320098819441323 0.6090962877969606 1.026206035939118 1.7283407786450828 2.3981991717924283 2.379578200893225 1.7486997068282122 0.727277383103905 -1.1867101457222204 -2.8049966566689952 -4.110699136121141 -5.316593211553557 -6.467120933512341 -7.707277595399291 -8.670105930694104 -9.469069722075927 -10.017767664572457 -10.457222577793658 -10.777503277259957 -9.83528214976026 -5.165390927852025
-0.8294357840695035 -0.6866750071756105 -0.8254633102776734 -0.8614638540161335 -0.10570071512046253 0.47924605072651527 0.8054854608805595 1.2223469294107279 1.3688319004844614 1.4021013684910386 1.3795079238000048 1.2469266109976767 0.988964094140711 0.8834452590452249 0.9859847387968386 1.1774083196406502 1.073875721441079 0.7429189986592362 0.5611783226830105 0.7369602879714909 0.7809057792936112 1.0885242185484523 1.4197292209422843 1.722382067957338 1.7477065883802547 1.9597373770191844 1.578876452227476 1.2526370420734319 0.4705562643068868 -0.628081018746117 -2.4601362756157474 -3.798115104626513 -5.0755137083118695 -6.11555700293538 -7.131020615971941 -8.002233774442674 -8.630132913163814 -9.317619158762405 -9.742425574876233 -10.146624783194945 -10.232777808555259 -9.402530786062773 -4.48758758712102
-0.4798580903884573 -0.06374146069425768 -0.14964620644258275 0.08770910261926401 0.5485160624715522 0.6374001635637501 0.6726558684662418 1.0651859350214505 1.289878983871839 1.329852001402129 1.1707047701169366 1.0828137874726966 1.0115575388317444 1.2742373683165082 1.3854666344877495 1.5163099900061532 1.4949579433750664 1.3805010422479622 1.862163489507358 2.2750524842456965 2.320984212463731 2.470448538881338 2.1844304258695724 2.3679090591297243 1.9527855478834821 0.8787279464174267 0.41767270695314895 -0.43963679324617777 -1.2395937030759583 -2.156490310152736 -3.449530529393424 -4.683976760204619 -5.6761020897141785 -6.6925588211986975 -7.274774511313792 -8.012909797758217 -8.552917953835117 -8.900757690232238 -9.292294638339488 -9.52369123671359 -9.626230716465205 -8.846881014430544 -3.859688448399879
0.5358538022600938 0.7965473948489419 1.3348175936419162 1.384473516039792 1.289878983871839 1.0875311001004948 0.8611000939661806 0.8824521405972674 1.3082516751590534 1.3688319004844614 1.242954137205846 1.2047190769594818 1.2419610187578884 1.445053741365201 1.5552898890884856 1.8279009030528242 2.4341997155308883 2.2127343016363623 2.573981137080909 3.2478120040200844 3.6100519579125896 3.0740162756275193 2.5466703797620776 2.1814510705257 1.2819340362881784 0.06610877637618806 -1.0119212988816975 -1.8575616573175235 -2.59495210492598 -3.3986332089356015 -4.391006818057151 -5.25129567360035 -6.107612055351719 -6.721855815413445 -7.375327754169491 -7.98361280354347 -8.341135444808177 -8.574518280078193 -8.706354754044554 -8.766934979369962 -8.781583476477335 -8.02755829486559 -3.9093443707977547
1.7233751864052955 1.9061089808294787 2.153147194758911 2.130553750067877 2.01336577320889 1.7556515359639144 1.2955894149475942 1.1580425099054783 1.6325048484171827 1.501661492898779 1.4294121258098702 1.4107911549106662 1.6208357066536818 1.703761097058134 1.628532374625352 1.820949073917121 2.466476065089508 1.9254747905646497 2.0123726547609326 2.189147738497371 2.695141587731726 2.3865300300289274 1.8229353108130368 0.9646326921657518 -0.16131534820608362 -1.401720289705023 -2.1331520266257344 -2.941550443263154 -3.5577804402207933 -4.226893994532171 -4.964036162528638 -5.490388939946122 -6.146840234046042 -6.663261826983951 -7.300099031736709 -7.796161696491489 -7.949598496700926 -8.077462496875455 -8.076469378427499 -8.064800236663999 -7.769844057620615 -6.86362347385938 -3.5687047431483263
2.5320218826547043 2.4597725155657946 2.480131443748924 2.4831107990927963 2.4754141311211253 2.2410381774031514 1.8758188681667738 1.7467134699322973 1.8775568254507 1.5515656949086445 1.5026546113467374 1.4363639549455725 1.6744641028433875 1.7742725068631184 1.67347098439543 1.2283056400984727 1.3122241489508832 0.6364070451157922 0.2994916116462045 0.47725981383060034 0.6287103771441216 0.4899220740420587 0.10508867545852052 -0.789214486927224 -1.868485960245056 -2.489433269830494 -3.1925611309844166 -3.6546094888966514 -4.179969147866178 -4.7169979485992055 -5.128148986053619 -5.633149716840016 -6.034369569814853 -6.518763092806132 -6.910300040913383 -7.261119132654376 -7.402638511488322 -7.493508849476435 -7.49549508637235 -7.138965563555602 -6.715152265889731 -5.188729211379027 -3.0716489599455885
2.747776865473474 2.7947017121394673 2.8845789316796226 2.8922755996512937 2.7527424577132624 2.2556866745105246 1.909833175009319 1.590545593990977 1.6248081804455117 1.4520055705009032 1.3092447936070108 1.085793142816569 0.6746421053621567 0.7233049093120751 0.7809057792936112 0.25653923877204177 -0.15262556178645514 -0.5041894923634165 -0.7941800791670117 -0.844084281176877 -0.8684156831518361 -1.0665428135193609 -1.422079217888152 -2.1125448188306164 -2.6349251224562704 -3.1808919892209158 -3.6116571160224886 -4.025539229208784 -4.492553179360807 -4.894766150783601 -5.237640294940935 -5.551962283719488 -5.9271127774354415 -6.1595024942575005 -6.409520063530805 -6.5862951472672435 -6.6848621532270265 -6.776725609663098 -6.576363962787668 -6.225793150658664 -5.24732319980852 -3.318687173875021 -2.034336741053962
2.953848943424659 2.9891046483271513 3.1169686485016816 3.343399654635996 3.075009394075477 2.466476065089508 1.7419961573044986 1.1990086458837261 0.8541482648304779 0.756574377318652 0.26150483101182953 -0.44658862238188046 -1.170075411718932 -1.5618606394381727 -1.6554620531581687 -1.495321703425019 -1.4426864256832705 -1.4553486858947289 -1.491349229633189 -1.5159289112201375 -1.668124313369627 -1.9690392031007549 -2.4367979920887457 -2.821631390672284 -3.2561207116536974 -3.6496438966568636 -4.041180844764115 -4.4553112375624 -4.908421529443017 -5.2589923415720214 -5.610556272148982 -5.838228676343244 -5.941761274542815 -6.069625274717344 -6.051997422266099 -6.0333764513668955 -5.97974805517719 -5.644818858603516 -5.232674702701146 -4.631093202850881 -3.598001737363073 -2.607614365137439 -2.782403211977962
3.0573815416242303 3.109023700918022 3.1286377902651825 3.1003339144983935 2.6569065274853614 2.04564212276751 1.318182859638628 0.5877442411658742 -0.0823624315934608 -0.85078783070059 -1.8098919718155626 -2.5167440271493255 -2.955454101534559 -3.066683367705801 -2.849935266439073 -2.4151976658456697 -2.115524174174489 -2.1095654634867436 -2.1525178363609063 -2.25902978990435 -2.5510066136038603 -3.062710893913971 -3.3469910496418103 -3.4698894575765533 -3.709231003534315 -4.082395260354352 -4.523588130859479 -4.967015517872511 -5.410442904885542 -5.858587604526372 -6.163226688437341 -6.2560832633213685 -6.19947551178779 -6.048024948474269 -5.7823657636456325 -5.361531821323634 -4.877138298332356 -4.273818841198164 -3.6613130384203645 -3.205223391195875 -3.031427662803309 -3.1096357405799635 -3.763852518171978
