static/data/ASCData/20210127/ASCV/12.asc
ncols 97
nrows 97
xllcorner 99.0
yllcorner 2.0
cellsize 0.25
NODATA_value -32767
[rows 38 to 56 of 97, columns 0 to 42 of 97]
0.181418356089889 1.6432897546123892 1.5856891528640333 1.3484566349913583 0.30936909989453687 -0.5937992287051763 -1.1984917118815912 -1.2510835656518293 0.6219605078016222 1.2674059858909055 0.654062028934105 -0.16509593585081284 -0.6525381822667407 -1.0830628380222378 -1.4200149747319872 -1.4609956400074973 -1.5078957347116921 -1.4191042932814204 -1.5666346882732565 -1.5372652114924743 -1.4855840391728032 -1.4375455926554 -1.7795064773432672 -2.2236913548572677 -2.5588221286658834 -2.7580336959773906 -2.676983046876937 -2.34299062488153 -1.9962486625781868 -1.913148980213958 -1.8789984258176997 -1.6123964311642427 -0.983570889547805 -0.46698683671373686 -0.3283355858649277 -0.4396663931967302 -0.3203671231724674 -0.7804889260713885 -1.7795064773432672 -2.3418522730683216 -2.71705303070188 -3.0742678296867427 -3.4797487455516505
0.442328591677303 1.2088947026919823 1.0388249417986155 0.35444783169759786 -0.6798586257837473 -1.3772129465553435 -1.7608375076066458 -1.2433427733220106 0.7790530580244099 1.1940961291202705 0.6511023142197625 -0.18968433501611903 -1.2745336130039266 -1.702326224407723 -1.7248655903092536 -1.718035479430002 -1.5880357023615785 -1.4532548476776788 -1.5352161782286988 -1.493324831502622 -1.452344166227112 -1.4639553547218396 -1.7266869532103875 -2.181800008131191 -2.613463015699897 -3.0362468791255752 -3.0617459597414483 -2.7521142665487055 -2.202290340768946 -2.1710995010870295 -1.8956183622905456 -1.605566320284991 -1.2424320918714438 -0.8458303201495632 -0.6104191651780222 -0.5059184687254712 -0.03737286240880655 -0.6145172317055732 -1.687755321198653 -2.64966260335993 -3.0617459597414483 -3.4405894431772746 -3.821481959876876
0.6745523615718594 1.0165132462597266 0.5017505563267926 -0.1514357140923095 -1.3401026774447424 -2.0401890425680396 -1.6144454644280182 -0.790278751664983 0.9081421536422671 1.1610839265372204 0.4587208577875068 -0.1573551435209941 -1.1691222351008093 -1.4191042932814204 -1.4434650220840846 -1.6447256226593674 -1.5529744665147531 -1.5812055914823269 -1.8018181728821558 -1.7168971276167935 -1.5206452750196287 -1.5185962417558532 -1.9268092019724614 -2.373270783112879 -2.481641875730339 -3.080187259115428 -3.582200408740426 -3.320379491702445 -2.598892112490826 -2.560643491567017 -2.262850657231644 -1.6681756700114647 -1.2941132641911146 -0.5459884525504144 -0.224745570862944 -0.1846755870380008 0.13064786522078453 -0.4512775816914578 -1.7121160500013173 -2.739364726240769 -3.3752480490991 -3.7540915325349262 -4.154336030059074
0.5789308092623364 0.6483702698680616 0.20395772199141948 -0.10271425648698074 -1.28819383476243 -1.6212755753072698 -1.1875635344747884 -0.2941850314686696 0.8475818371795687 0.9432033894890925 0.2274077693435168 -0.2775650949958237 -0.757949560169858 -1.011802014515379 -1.2101029003763193 -1.4102251491383933 -1.5791565582185512 -1.7159864461662264 -1.9992083772925293 -1.9229388058075523 -1.734427745540206 -1.7002771911439476 -2.096878962865828 -2.1055304366462138 -2.2248297066704765 -2.4415718919053964 -3.021675975916505 -2.688594235371665 -2.3819222568932648 -2.5119220339616883 -1.9982976958419625 -1.4072654344240507 -1.1358823621551175 -0.3957260132068776 -0.1798945094225246 -0.1760241132576157 -0.057863195046561344 -0.46698683671373686 -1.6699970329125986 -2.7364050115264265 -3.3791184452640093 -4.04801397070539 -4.449396820042747
0.6385804442744676 0.5955507457351819 0.24584906871749634 0.04481613850485511 -0.3722759658547803 -0.7051300360369788 -0.34199580762343107 0.553659399009105 0.5955507457351819 0.5916803495702729 0.11106821403359657 -0.33129530057927026 -0.6837290219486567 -0.795970510731026 -0.9942713965919663 -1.405444071522917 -1.6153561458785852 -1.8264065720474618 -2.0030787734574385 -2.027439502260103 -1.898578077004888 -1.8644275226086295 -1.7940773805523373 -1.8029565246953645 -1.4844456873595948 -1.3273531371368064 -1.3410133588953097 -0.8633609380729759 -1.3321342147522826 -1.9630087896324955 -1.3116438821145273 -1.0489122836259797 -0.7766185299064796 -0.9141314289420799 -0.8048496548740531 -0.5967589434195189 -0.4776873437578977 -0.7160582134437812 -1.1875635344747884 -2.2384899284289794 -3.5332512807724554 -4.202374476576478 -4.705298307652043
1.1219246241628444 1.0046743874023574 0.5106297004698197 0.34852840226891324 0.14043769081437896 0.37197844962101057 0.8152526456844442 0.5623108727894905 0.4940097639969738 0.43253876608370856 0.35444783169759786 -0.13686481088323932 -0.580139006946673 -0.6516275008161738 -0.923010573085107 -1.3819940241708197 -1.6759164623412832 -1.8849178552463846 -1.9796287261053411 -2.133078550525862 -1.8498566193995594 -1.929768916686804 -1.8439371899708745 -1.7990861285304551 -1.3908731683138469 -0.625217738749734 -0.17875615760931618 0.4257086552044571 -0.7725204633789287 -1.2296825515635073 -1.1213114589460473 -0.8232909542480327 -1.052782679790889 -1.3243934224224638 -1.4796646097441186 -1.1242711736603899 -0.9034309218979191 -0.9512416980526806 -0.8751997969303451 -1.5265647044483133 -3.069486752071267 -4.466016756515593 -5.021532441361396
1.2234656059010525 1.2077563508787734 0.9138339127083097 0.6688606025058168 0.6210498263510549 0.8134312827833106 0.7175820601111451 0.3268997178179496 0.37675952723648676 0.4705597166448765 0.6668115692420415 0.559351158075148 -0.23248636319276272 -0.9913116818776238 -1.3155142782794367 -1.4689641026999576 -1.5705050844381658 -1.7335170640896391 -1.722816557045478 -2.0010297401936628 -2.037229327853697 -1.9493485678739921 -1.9611874267313616 -2.0636390899201364 -1.8468969046852168 -1.0177214439440636 -0.6748498778056295 -0.00026259329820588206 -1.052782679790889 -0.9853922524489391 -0.7208392910592574 -0.8633609380729759 -1.3478434697745612 -1.7551457485406028 -2.216861243978016 -1.8380177605421897 -1.3312235333017153 -1.13884207686946 -1.0284219509882244 -1.6230969382084037 -3.2775774635258013 -4.757890161422281 -5.363493326049262
1.3202255100237852 1.2145864617580258 1.1991048770983883 0.9978442765231059 0.8621527403886389 0.810471568068968 0.5154107780852959 -0.07243409825563196 -0.28325685406186674 -0.19059501646668586 0.33873857667531926 0.7977220277610315 0.35444783169759786 -0.9844815709983723 -1.6592965258684376 -1.6192265420434944 -1.95435731585211 -2.0802590263929828 -2.3106614333864055 -2.3322901178373696 -2.2236913548572677 -2.0244797875457605 -1.8937969993894117 -1.9425184569947405 -1.9552679973026768 -1.8154783946406592 -1.939558742280398 -1.9268092019724614 -1.5802949100317598 -1.7833768735081763 -1.2531325989156046 -0.9307513654149258 -1.0782817604067616 -1.4375455926554 -1.622186256757837 -1.456214562392021 -1.158421728056648 -1.4484737700622026 -1.4279834374244476 -1.6447256226593674 -3.421009791990086 -5.262863025761622 -5.8830370935976735
0.9627830406762805 1.0153748944465186 0.9325028824449313 0.9372839600604075 0.950033500368344 0.8494032000807024 0.619911474537846 0.4764791460735611 0.07805601145054686 -0.38684686906385046 -0.6095084837274549 -1.1115216333524534 -1.4434650220840846 -1.652466414989186 -1.6299270490876554 -1.8145677131900924 -2.1173692955035834 -2.252150150187483 -2.0704692007993883 -1.5928167799770545 -1.5185962417558532 -1.4181936118308534 -1.4298048003255812 -1.672046066176374 -1.7872472696730857 -1.6192265420434944 -1.5832546247461023 -1.6230969382084037 -2.2179995957912246 -2.087089137272234 -1.1115216333524534 0.07008754875808654 0.9666534368411894 0.8689828512678912 0.17845864137554646 -0.25798544380863575 -0.9992801445700841 -1.4229746894463295 -1.6847956064843106 -1.9775796928415657 -3.463128809078805 -5.374193833093424 -6.336101115254701
0.6483702698680616 0.9247620901151126 0.3758488457859199 0.4354984807980511 0.6032915380650006 0.6404018071756012 0.7694909027934584 0.6980024089239572 0.20782811815632884 -0.39185561704196825 -0.6554978969810832 -1.0898929489014897 -1.4072654344240507 -1.681835891769968 -1.7442175711338002 -1.7316957011885052 -1.8849178552463846 -1.7305573493752968 -1.3624143729836313 -1.0684919348131676 -0.7062683878501872 -0.8282997022261505 -1.4131848638527356 -1.6857062879348774 -1.544095322371726 -1.4131848638527356 -1.7706273332002398 -1.8018181728821558 -1.9885078702483683 -1.749226319111918 -1.1504532653641877 0.40407997075349344 1.6503475358542823 2.1268616048634077 1.667878153777695 0.6511023142197625 -0.2843952058750756 -0.6584576116954253 -1.345794436510786 -1.6583858444178707 -2.6428324924806788 -4.652478783519163 -6.5020728096205165
-0.29805542763357895 -0.3604371069974106 -0.5762686107817636 0.12199639144039942 0.36514833874175867 0.7968113463104651 1.0144642129959514 0.8259531527286055 0.11015753258302974 -1.2344636291789834 -1.0744113642418527 -1.3116438821145273 -1.297983660356024 -1.5304351006132226 -1.6144454644280182 -1.610575068263109 -1.513815164140377 -1.2130626150906614 -1.0352520618674763 -0.9933607151413995 -0.9435009057228618 -1.0812414751211041 -1.5598045773940048 -1.7922560176512035 -1.7305573493752968 -2.0900488519865768 -2.0998386775801707 -2.2296107842859527 -1.7765467626289246 -1.3760745947421347 -0.7599985934336337 0.43731984369918475 1.3318366985185128 1.8318008148797351 2.0974921280826258 1.4880185672907342 0.49696947871131636 -0.32537587115058564 -1.0812414751211041 -1.1379313954188932 -2.0743395969642977 -4.504948388527327 -6.580163744006628
-0.6828183404980899 -1.0967230597807411 -0.6700688001901534 0.1941678963978255 1.0584045929858035 1.498946744697537 2.0184905122459473 1.8211003078355739 0.8211720751131293 -0.5305068678907774 -0.8048496548740531 -1.2863724718612963 -1.3273531371368064 -1.4553038809414542 -1.5313457820637895 -1.0518719983403217 -0.757949560169858 -0.22565625231351083 0.08579680378036558 -0.34882591850268296 -1.2237631221348226 -1.4093144676878262 -1.974847648489865 -2.20820977019763 -1.9894185516989351 -2.1408193428556808 -2.1877194375598754 -2.302920641056587 -1.590084735625354 -1.120173107132839 -0.29600639436980325 0.7380723927489004 1.6159693110953826 1.66195872434901 1.7839900387249732 1.4431675058503148 0.5174598113490712 -0.4073372017016057 -1.014761729229721 -1.1418017915838021 -2.0588580123046603 -4.491288166768824 -6.8126151842638265
-0.5245874384620928 -0.8879493372382816 -0.2843952058750756 0.6160410783729371 1.5155666811703825 2.931448666439255 3.450081752537099 2.795757130304788 1.6756189461075137 0.9589126445113716 0.6492809513186288 0.03297727964748587 -0.46607615526317003 -0.6017676913976366 -0.8547094642925903 -0.38092743963516584 0.10423810315434467 0.610121648944252 1.15311546384476 0.49013936783206447 -0.5928885472546095 -1.2804530424326113 -1.8468969046852168 -2.225740388121043 -2.010819565787257 -1.5450060038222928 -1.6319760823514309 -1.8038672061459313 -1.4238853708968966 -0.8576691790069328 0.16775813433138564 1.1893150515047943 1.3671256047279798 1.413798029069533 1.1326251312070057 0.7166713786605787 0.000875758515002989 -0.3829764728989411 -0.6778095925199721 -0.8273890207755836 -1.7540073967273941 -4.471936185944277 -6.7980442810547554
-0.30579621996339723 -0.38092743963516584 0.18255670790309741 0.8885625024550792 2.4344442647923743 3.852375283325022 3.977366312415328 3.173689932290048 1.97250109899232 1.7664594208015605 2.0467216372135213 1.749839484328715 1.1471960344160759 0.7098412677813264 0.45689949488637316 0.10241674025321101 0.5017505563267926 0.7205417748254876 1.159034893273445 0.70893058633076 -0.0011732747487727124 -0.7647796710491099 -1.4122741824021687 -1.7922560176512035 -1.5461443556355015 -0.9473713018877712 -0.790278751664983 -1.040260809845594 -1.120173107132839 -0.3975473761080113 0.5047102710411346 0.8075118533546255 0.9850947362151694 1.0936934991952705 0.7820127727387525 0.32598903636738275 -0.27073498411657226 -0.2443252220501324 -0.07448313151940722 -0.30784525322717293 -1.317563311543212 -4.039134826562363 -6.905504692221649
-0.2550257290942932 -0.09975454177263865 0.3455686875545707 1.115094513283593 2.602464992421966 3.8271038730717915 3.935474965689251 3.010677952638574 1.7928691828680008 1.7293491516909598 2.2079122539638605 2.1366514304570017 1.5906979008421511 1.298596825572821 1.3425372055626732 0.8983523280486732 0.08374777051658988 0.1991766443759433 0.09558662937395956 -0.022574288837094336 -0.3429064890739979 -0.23658442972031368 -0.9239212545356739 -1.3926945312149805 -1.1652518389359 -0.6427483566731467 -0.3146753641064244 -0.5177573275828409 -0.7638689895985431 -0.1065846526518901 0.1991766443759433 0.5233792407777562 0.784972487453095 0.934324245346065 0.8514522333444785 0.49013936783206447 -0.20334455677462238 -0.37614636201968965 -0.3624861402611863 -0.39663669465744444 -1.2843234385975206 -4.144773874828122 -7.125206592170912
-0.4747276290435556 -0.025534003551436868 0.3553585131481647 1.1239736574266197 2.6716767826650494 3.8737762974133445 3.866035505083526 2.9441982067471915 2.005740971938011 1.6023090893368788 1.5993493746225362 1.3357070946834217 1.1854446553398854 1.3650765714642037 1.5535876317315505 0.8758129621471427 -0.4619780887356191 -0.7784398928076133 -1.3116438821145273 -1.0382117765818184 -0.5655681037376028 -0.1339050961688968 -0.14961435119117583 -0.5881074696391333 -0.7023979916852778 -0.44444747081220637 -0.2891762834905518 -0.4631164405488275 -0.7012596398720694 -0.3215054749856763 -0.17397507999384 -0.18376490558743397 0.034115631460694296 0.3173375625869972 0.40612900401726915 0.07213658202186224 -0.7374592275321032 -1.0295603028014333 -1.0304709842520001 -0.872240082216003 -1.3508031844889037 -4.350815553018881 -7.976693748450954
-0.9904010004270569 -0.07539381296997405 0.4539397801720306 1.2077563508787734 2.816247462942543 3.9589250130413487 3.8630757903691832 3.3084707869739476 2.92279719265887 2.607246070037442 2.316283346581321 1.9704520657285438 1.5799973937979899 1.5818187566991235 1.5925192637432848 0.92180237540077 -0.3381254114585217 -0.8829405892601638 -0.8956901295681003 -0.907301318062828 -0.3146753641064244 0.1493168349574061 0.32894875108172483 0.584850238691021 0.9090528350928335 0.9520825336321193 0.3983882116874504 -0.6436590381237135 -1.107651237187544 -0.8897707001394157 -0.9523800498658894 -1.123132821847181 -1.0830628380222378 -0.8633609380729759 -0.8244293060612411 -1.1183517442317048 -1.616266827329152 -1.231503914464641 -0.9123100660409462 -0.7119601469162302 -1.1436231544849362 -4.298906710336568 -8.218935014301746
-0.80576033632462 -0.5207170422971834 0.18346738935366425 0.9491228189177767 2.5330255318162407 3.6374544609912367 3.5545824489896494 3.198050661092712 3.0858091723103427 3.0564396955295607 2.70878705177565 2.4169136468689616 2.300574091559042 2.104322238961877 1.6942879158441344 0.9577742926981627 -0.1398245255975814 -1.0489122836259797 -0.8253399875118079 -1.1622921242215574 -1.4336751964904906 -0.9375814762941772 -0.3547453479313676 0.784972487453095 1.791730831054792 1.842728992286538 1.242134575637674 -0.6017676913976366 -1.2041834709476342 -1.3508031844889037 -1.4719238174143 -1.6230969382084037 -1.7150757647156596 -1.868297918773539 -2.349820735760782 -2.3605212428049427 -2.1877194375598754 -1.13884207686946 -0.7775292113570464 -0.9963204298557415 -1.297983660356024 -4.48946680386769 -8.727778274805996
-0.6281774534640765 -0.35360699611815916 0.11789832491284846 1.0212943238752028 2.4148646136051863 3.414792846327632 3.4667016890099442 3.2205900269942425 3.120870408157168 3.2781906287425984 3.0955989979039367 2.869066987075423 2.829907684701047 2.7263176696990628 2.26733421861335 1.3612061752992948 0.27612922694884556 0.10423810315434467 -0.021663607386527506 -0.7618199563347674 -1.333272566565491 -1.2492622027506952 -0.7950598292804592 0.5329413960087082 1.9451806554753133 1.8748305134190208 1.1902257329553616 0.35922890931307405 0.1591066605510001 0.3405599395764529 0.49696947871131636 0.26747775316846 -0.03828354385937338 -0.8185098766325565 -1.7578777928923035 -2.4258626368831173 -1.919068409642643 -1.1515916171773966 -1.4805752911946854 -1.3273531371368064 -1.5304351006132226 -4.884930223776362 -9.353644101708092
