static/data/ASCData/20210127/ASCV/15.asc
ncols 97
nrows 97
xllcorner 99.0
yllcorner 2.0
cellsize 0.25
NODATA_value -32767
[rows 76 to 94 of 97, columns 43 to 85 of 97]
-7.484379249819449 -7.549803468342941 -7.569360885979856 -7.577975462796117 -7.730476755083972 -7.791942924799994 -7.804515550423725 -7.761675492742862 -7.641537070116094 -7.546776725137228 -7.454111817762318 -7.411038933681015 -7.282053107837546 -7.184498846053408 -6.946317438403827 -6.784037437297513 -6.593585441738025 -6.455053733476538 -6.2636704323152905 -6.092775854392718 -6.049702970311415 -5.991263543801107 -5.759601275363831 -5.518393124508537 -4.955884541046769 -4.374051366348526 -3.3496152044148437 -2.205971925456151 -0.6991194618118803 -0.16687831040724443 -1.2842122061162766 -2.696304324781682 -3.5575291800072932 -4.051586801739855 -4.411070764018403 -4.798726720750125 -5.047850969220361 -5.095580381310453 -5.308616537712572 -5.494179178862832 -5.549824688567866 -5.5477292509639105 -5.3593726930083765
-7.38659216163487 -7.455043123364076 -7.482283812215494 -7.411038933681015 -7.534204099513497 -7.7246560950729855 -7.743980686309461 -7.725587400674744 -7.604517672446217 -7.481352506613736 -7.36913018160191 -7.33793144394302 -7.320236637509621 -7.2431710989641545 -7.133742690757602 -6.973558127255245 -6.817331612560358 -6.672746417887446 -6.506741194374101 -6.331888567644056 -6.331888567644056 -6.210818839415531 -5.9121025676516865 -5.49022113005536 -4.925617108989638 -4.020388064080966 -2.9824479709217946 -1.2714067540921055 0.2901599136554416 0.6289223262948753 -0.5380035927077649 -2.214819328672851 -3.634594718552759 -4.12492711787829 -4.339825885483924 -4.718634438998946 -4.971716736276654 -5.013625488355759 -5.15914198863043 -5.248081673598309 -5.26950170243874 -5.135626522186043 -4.954953235445012
-7.098585904291242 -7.2294343413382265 -7.354462118374223 -7.2236136813272385 -7.109295918711458 -7.363309521590923 -7.729545449482215 -7.7109193374470575 -7.625006395684891 -7.496020569841423 -7.416859593692002 -7.4052182736700285 -7.423844385705186 -7.401260224862558 -7.320236637509621 -7.1973042980775785 -7.040844956982252 -6.893465845504066 -6.7353767196056635 -6.581012816114293 -6.550745384057161 -6.387534077349091 -6.078107791165031 -5.643420901544534 -5.084870366890238 -4.179641321981566 -2.327972959286435 -0.5068048550488755 0.5097152092698649 0.46012318597625645 -0.15709960158878689 -1.5009735849254264 -3.0928076847301047 -4.2695123125512024 -4.484411080156836 -4.523293089030228 -4.7635699342837645 -4.954953235445012 -5.15029458541373 -5.223634901552164 -5.400350139485724 -5.255764944812811 -5.229455561563151
-6.66203640346723 -6.826179015777058 -7.092765244280255 -7.04200908898445 -6.785201569299711 -6.970531384049531 -7.402191530464314 -7.681583210991683 -7.621979652479178 -7.569360885979856 -7.547708030738986 -7.540956065126242 -7.524425390695038 -7.535135405115254 -7.419886336897715 -7.282053107837546 -7.127922030746616 -6.997073593699632 -6.876935171072864 -6.759590665251369 -6.671815112285687 -6.46762635910027 -6.190330116176857 -5.880903829992796 -5.358441387406619 -3.5428611167796067 -1.5545236570265053 -0.23137122332897864 0.39656157865628083 -0.20995119448854727 -0.24114993214743663 -1.105401530578761 -2.9775586165125656 -4.225508122868142 -4.397334006392473 -4.3728872343463285 -4.543781812268902 -4.743081211045091 -5.106290395730669 -5.279280411257198 -5.523282478917766 -5.520488562112492 -5.502793755679092
-6.208024922610257 -6.450164379067309 -6.774258728479056 -6.87390842786715 -6.651326389047014 -6.771464811673782 -7.1707620884274785 -7.506730584261639 -7.601490929240504 -7.568196753977659 -7.5907809148202885 -7.645495118923565 -7.683445822195198 -7.627800312490164 -7.473669235399234 -7.323263380715334 -7.165872734018249 -6.9754207384587605 -6.824083578173103 -6.724433878785009 -6.63083766580834 -6.425717607021165 -6.312331150007141 -6.141436572084567 -5.2031461783134905 -2.9130657035908314 -0.42671257329769663 0.5118106468738195 -0.3212422138986155 -0.5517403503336937 -0.6981881562101226 -1.256738690864419 -2.989199936534539 -3.670915637021317 -3.7987373308625876 -4.062529642560511 -4.378940720757755 -4.546808555474615 -4.850414181647689 -5.171714614254162 -5.294879780086642 -5.395460785076495 -5.427590828337142
-5.897434504424 -6.150283975301267 -6.574260850501548 -6.620127651388124 -6.499989228761356 -6.63083766580834 -6.937470035187126 -7.1903195060643945 -7.326988603122365 -7.448291157751331 -7.597532880433033 -7.740255463902431 -7.707892594241343 -7.575181545990844 -7.484379249819449 -7.364240827192681 -7.116047884324202 -6.840847079004745 -6.698124495535348 -6.614306991377138 -6.382644722939862 -6.213845582621244 -6.079970402368547 -5.399418833883966 -4.151236501127951 -1.875824089632978 0.26175509280182574 0.11437598132363913 -1.0672180009066876 -1.0115724912016537 -1.246959982045961 -1.461858749651595 -1.7421817357807206 -1.7752430846431257 -1.7666285078268653 -2.421801998663543 -3.8164321372959877 -4.662057623692155 -4.7635699342837645 -5.111179750139899 -5.314437197723558 -5.169852003050646 -5.010598745150046
-5.809426125057879 -6.152379412905223 -6.48043181112444 -6.396381480565791 -6.370072097316131 -6.452026990270825 -6.665994452274701 -6.878797782276379 -7.044803005789724 -7.231296952541742 -7.471573797795278 -7.61220094366072 -7.746076123913417 -7.793805536003509 -7.666915147763996 -7.475531846602749 -7.234323695747455 -6.952138098414814 -6.638520937022843 -6.3768240629288755 -6.196150776187844 -6.1814827129601575 -5.321189163336303 -2.669762115131582 -0.8574414141107223 -0.1366108783501132 -0.026251164541802652 -0.8495253164957801 -1.3885184335131608 -0.7205394906523122 -0.9608163359058484 -1.2029557923629004 -1.1063328361805191 -1.1903831667391689 -1.249986725251674 -1.4960842305161974 -2.364293877754993 -3.8222527973069744 -5.2352762215741375 -5.399418833883966 -5.379861416247051 -5.003846779537302 -4.648320866066226
-5.691383140035066 -5.988236800595394 -6.201040130597073 -6.270422397928035 -6.394518869362274 -6.411980849395235 -6.472515713509498 -6.6375896314210845 -6.828041626980574 -7.057608457813895 -7.260633078997115 -7.4385124489328724 -7.602422234842262 -7.630827055695878 -7.621048346877419 -7.565402837172385 -7.335836006339065 -6.9949781560956765 -6.672746417887446 -6.48043181112444 -6.086955194381731 -5.297906523292356 -3.9638112487741743 -1.4832787784920263 0.25197638398336775 0.6973732880240804 0.1905102142673467 -0.3368415827280602 -0.2558179953751232 -0.15430568478351292 -0.5878284424018121 -1.2285666964112427 -1.0360192632477982 -1.1747837979097242 -1.5691917202541918 -1.9901418522487595 -2.3875765177989403 -3.262538130650481 -5.371014013030351 -5.666936367988921 -5.300700440097629 -4.953090624241496 -4.535167235452642
-5.662047013579691 -5.891613844413013 -6.083928451176018 -6.31722050441637 -6.452026990270825 -6.528161223214532 -6.570302801694077 -6.635727020217569 -6.803594854934429 -6.9237332775611975 -7.035955602573024 -7.182636234849892 -7.309526623089405 -7.414065676886729 -7.6229109580809356 -7.5097573274673515 -7.235255001349213 -6.935374597583172 -6.5721654128975935 -5.968679382958479 -4.582896647542734 -2.621101397439732 -1.4814161672885104 -0.7440549570966986 0.5693187677823697 0.04592501959443407 -0.6092484712422439 -0.9775798367374904 -0.9433543558728879 -0.961747641507606 -1.1307796082266637 -1.5312410169825577 -1.7938691966782836 -1.9286756825327387 -2.874882173918758 -3.582907257655196 -4.305600404619321 -4.556587264293073 -5.865071634762913 -5.754711920954602 -5.393598173872979 -5.0594922892423355 -4.592675356361191
-5.769379984182289 -5.867167072366868 -6.083928451176018 -6.36611404850866 -6.582875427317809 -6.672746417887446 -6.7088345099555635 -6.771464811673782 -6.813373563752887 -6.888576491094837 -6.993115544892161 -7.0312990745642345 -7.0967232930877255 -7.286011156645018 -7.406149579271786 -7.316278588702149 -7.0478297489954365 -6.227582340247173 -5.41990755712264 -3.672778248224833 -2.0937496004443252 -0.6092484712422439 -0.19435182565910258 0.3281106169270753 0.27153380162028373 -0.2451079809549075 -1.0604660352939428 -1.5037675017307 -1.1268215594191928 -1.1035389193752456 -1.5477716914137605 -1.771517862236094 -2.0741921828074092 -1.9940999010562306 -2.8671989027042555 -4.31933716224525 -5.497904401269864 -5.6483102559537635 -6.135615912073581 -5.945163916514092 -5.651336999159476 -5.281143022460714 -4.609206030792394
-5.784048047409977 -5.944232610912334 -6.222692985837943 -6.466695053498512 -6.695330578730074 -6.800800938129155 -6.836889030197274 -6.8720458166636345 -6.9139545687427395 -6.925828715165153 -7.022451671347534 -6.981474224870187 -7.07320782664334 -7.208945618099552 -7.123963981939145 -7.0282723313585205 -5.968679382958479 -5.070202303662551 -3.2127132809564336 -1.466748104060824 -0.7773491323595434 -0.29772674745422867 -0.03323595655498712 -0.031140518951031648 -0.1093701894986947 0.06361982602783378 -0.6709474673587041 -0.5370722871060072 -0.257680606578639 -0.7284555882672539 -1.508656856139929 -1.6406694251891103 -2.1356583525234303 -2.085833502829383 -2.472558153959348 -3.914917704681885 -5.95005327092332 -6.33887335965724 -6.167047476132909 -6.176593358550928 -5.879739697990599 -5.447148245974058 -4.786154095126394
-5.623863483907618 -5.95005327092332 -6.213845582621244 -6.41896564140842 -6.631768971410098 -6.73723933080918 -6.861335802243419 -6.896492588709779 -6.938401340788884 -6.954932015220087 -6.983336836073702 -6.977516176062716 -7.069249777835868 -6.993115544892161 -6.9013819431190075 -6.251796285892878 -5.191272031891077 -3.083028975911647 -1.1414896226468794 -0.44906390773988614 -0.44813260213812844 -0.524266835081836 -0.5214729182765625 -0.5058735494471178 -0.5673397191631384 -0.3945825300370496 0.38492025863430746 0.802843647423161 0.5946968454302728 -0.07514470863409217 -0.8299678988588646 -1.2683800108863923 -1.913076313703294 -3.20991936415116 -3.5966440152811248 -4.31048975902855 -6.236196917063433 -6.401270834975019 -6.075081047959317 -6.179620101756641 -5.8729877323778545 -5.446216940372301 -5.161935905435703
-5.404308188293195 -5.718623828886484 -5.860182280353683 -6.069260387948331 -6.281132412348251 -6.4715844079077405 -6.618032213784169 -6.770533506072024 -6.791953534912455 -6.809415514945416 -6.802663549332672 -6.872977122265393 -6.849461655821006 -6.705109287548533 -6.341667276462514 -5.452037600383287 -3.4872156070745723 -1.253944774059145 -0.01065179571235797 0.25686573839259674 0.2550031271890809 -0.4120445100700101 -0.5615190591521517 -0.4248499620941808 -0.4090177668642969 -0.17176766481647343 0.5674561565788543 0.8282217250710642 0.5723455109880828 0.7451027001141717 0.2782857672330281 -0.6709474673587041 -2.827152761828666 -4.267416874947247 -5.240165575983367 -5.959831979741779 -6.428744350226877 -6.252960417895075 -5.99894681501561 -5.86623576676511 -5.614084775089161 -5.415949508315169 -5.209898143926235
-5.168920697448888 -5.339815275371461 -5.476484372429432 -5.67182572239815 -5.784048047409977 -5.974500042969465 -6.220597548233989 -6.449233073465551 -6.557497349669906 -6.526298612011017 -6.426648912622922 -6.466695053498512 -6.4618056990892825 -6.251796285892878 -5.371014013030351 -3.3447258500056147 -1.3808351622986579 -0.44906390773988614 0.3974928842580385 0.9159972780367451 0.7979542930139325 -0.004831135701371281 -0.21879859770524712 5.821870785771566e-05 0.09179182048100998 0.31157994249587295 0.36443153539563333 -0.08492341745255017 0.2109989375060204 1.0810711959483323 0.9572075509145326 -0.14545828156681306 -2.5556771789162402 -4.538892457859673 -5.656226353568705 -6.216639499426517 -6.288117204361436 -6.162158121723681 -6.07414974235756 -5.6552950479669475 -5.392434041870782 -5.196161386300306 -5.00873613394653
-4.778237997511452 -4.976606090685883 -5.256696250414569 -5.435506925952085 -5.49511048446459 -5.555645348578853 -5.731429280910655 -5.959831979741779 -6.1297952520625945 -6.112333272029634 -6.073218436755802 -5.92374388767366 -5.537019236543695 -4.833883507216486 -3.269522922663665 -1.4199499975724894 -0.31821547069290235 0.10645988370869697 0.3721148066101363 0.5870135742157694 0.018684330743015565 -0.29865805305598636 -0.1650156992037286 -0.12101150952066853 -0.4569800053548283 -0.4423119421271413 -0.08003406304332117 0.016588893139060534 0.5078525980663486 1.2226296474155318 1.225656390621245 0.26361770400534157 -1.842762740770573 -3.8017640740683007 -5.093717770106938 -5.809426125057879 -6.103485868812934 -5.993126155004623 -5.855292925944455 -5.553549910974898 -5.241096881585125 -4.937491255412051 -4.684408958134344
-4.451116904893992 -4.5682285843150465 -5.0203774539685035 -5.502793755679092 -5.515599207703263 -5.504889193283048 -5.5477292509639105 -5.67182572239815 -5.754711920954602 -5.454133037987242 -4.892555760127233 -4.715840522193673 -3.9433225255355007 -2.214819328672851 -1.6611581484277838 -0.709829476232096 -0.284222816228739 -0.472579374184273 -0.48817874301371766 -0.10634344629298154 0.048951762800147236 -0.012747233316313444 0.03521500517421838 0.19330413107262068 -0.14638958716857076 -0.4735106797860307 -0.23812318894172346 0.4454551227485699 1.144632803268308 1.3858409541236028 1.1553428176885236 0.773507520967788 -0.6718787729604618 -2.5731391589492008 -4.141457792309493 -5.101401041321441 -5.611290858283887 -5.7381812465234 -5.589870829443456 -5.427590828337142 -5.082076450084964 -4.6590308804864415 -4.20897744843694
-4.666946978101383 -4.5458772498728575 -4.72561923101213 -5.019446148366746 -5.138653265391756 -5.21665010953898 -5.051809018027833 -5.068339692459036 -4.881845745707017 -4.071144219376771 -1.7226243181438048 -1.540088420199258 -1.6199478755499972 -0.7400969082892277 -0.14848502477252623 0.06455113162959192 0.22566700073370738 -0.2646653985918235 -0.7226349282562672 -0.6122752144479571 0.16606344222120217 0.48643256922591727 0.5264787101015069 0.5097152092698649 0.10552857810693927 -0.19924118006833114 -0.01065179571235797 0.5674561565788543 0.8682678659466538 0.9960895597879245 0.9697801765382636 1.0165782830265981 0.2226402575279942 -1.2683800108863923 -3.0448454462395733 -4.48720499696211 -5.095580381310453 -5.356345949802664 -5.217814241541177 -4.967758687469183 -4.707924424578731 -4.3896507351779706 -3.984299972012848
-4.651347609271939 -4.631790191635023 -4.581034036339218 -4.466716273723437 -4.552629215485602 -4.286042986982405 -3.610380772907054 -2.417843949856072 -2.061386730783238 -1.7147082205288626 -0.3252002627060864 -0.005762441303128973 -0.274444107410281 0.2324189663464522 0.2226402575279942 0.358378048984207 0.36629414659914916 -0.015541150121586966 -0.287016733034013 -0.5037781118431623 -0.2567493009768813 0.11437598132363913 0.012863670732028876 -0.19528313126086028 -0.40529254445726526 -0.257680606578639 0.005878878718844405 0.5860822686140117 0.9453334044921191 1.1367167056533662 0.9483601476978323 1.017742415028795 0.3916722242470514 -0.9568582870983775 -2.3906032610046535 -3.701183069078448 -4.465784968121678 -4.777306691909693 -4.8250361039997856 -4.608274725190636 -4.323295211052721 -4.079060316991714 -3.6932669714635065
-4.466716273723437 -4.260664909334503 -4.011773487264706 -3.863230243784322 -3.8720776470010216 -3.569170500029267 -2.0751234884091674 -0.8446359620865511 -0.3163528594893865 -0.08003406304332117 -0.30075349065994184 -0.09866017507847902 -0.024388553338286822 0.4463864283503276 0.4650125403854859 -0.17269897041823157 -0.23137122332897864 -0.31821547069290235 -0.509598771854149 -0.6229852288681728 -0.4502280397420835 -0.3524409515575049 -0.3212422138986155 -0.4511593453438416 -0.31332611628367335 -0.15337437918175523 0.22566700073370738 0.7569768465365851 0.8563937195242404 1.144632803268308 1.1006286135852474 1.1425373656643534 0.44149707394109905 -0.8201891900404066 -2.215750634274609 -3.116090324774052 -3.9305170735113295 -4.364272657530068 -4.424807521644331 -4.2432029293015425 -4.030166772899424 -3.7898899276458877 -3.4394861949844806
