static/data/ASCData/20210127/ASCV/21.asc
ncols 97
nrows 97
xllcorner 99.0
yllcorner 2.0
cellsize 0.25
NODATA_value -32767
[rows 57 to 75 of 97, columns 0 to 42 of 97]
-0.15320287945487632 -0.1286919549731267 -0.41581992747362273 -0.36212933098979017 0.40144432596071544 1.1876614083848378 1.4729218818772005 1.3760453708302856 1.1447089311977714 0.905435620780692 0.905435620780692 0.722887592735661 0.6320804534651789 0.1848144410172523 -0.5379076751303375 -0.8084615939336506 -1.0192555444766973 -0.7167207051591018 -0.5409423610185544 -0.10814946588366059 -0.06916542408887771 0.24340722239743462 0.7775119387235603 1.402423794320168 1.8186426357578793 1.778491407083013 1.3536353827326857 0.7305910261442112 0.3274446777634332 -0.3553596470853071 -1.0554383377592802 -1.2127751291945112 -1.283973528879594 -1.6686783245550552 -1.2498916719811608 -0.5456111085388877 -1.3357966263552932 -1.4490137537233747 -2.170802120366898 -1.231216681899828 -1.7223689210388877 -6.056367244164259 -10.73608632117031
-0.03881856520671123 -0.21553065885132572 -0.33761840650804054 -0.21272941033912574 0.4845480318226483 1.266796678854487 1.6447317906254644 1.606681498334749 1.4943981204707337 1.2794022971593866 1.1983995276816048 1.0557692909354235 0.9532902828641077 0.7268560281279446 0.012771094892971124 -0.8093953434377172 -1.1784598349200617 -1.2526929204933608 -1.1004917513304964 -0.1814488019528926 0.3332806121638501 0.4738099125258812 1.0606714758317728 1.6876842678125308 1.8545919916644453 1.838951687471329 1.319553525834253 0.7032788531502612 0.5734876720849962 0.27842282879993396 -0.44896803486798875 -1.3523706800524762 -1.4354743859144081 -1.043766468958447 -0.6091060748154198 -0.6569607368988359 -1.660974891146505 -1.8064063764048863 -1.6864195651323213 -1.3425663102597762 -4.084755166327521 -8.41688599044476 -11.049592717160689
-0.011506392212761618 -0.3826718200792567 -0.4207221123699725 0.24247347289336796 0.9327477937746411 1.352701633228619 1.722933311591047 1.8186426357578793 1.7579489179935464 1.5772683889566488 1.339162265419652 1.1358383109091386 0.8312025352073928 0.6026673440870796 0.08910511685042 -0.731193822472135 -1.3582066144528926 -1.4753921772132577 -1.5867418055732063 -0.5290370548417043 0.15540133163915248 0.41615088064976513 1.005113380339807 1.94936756632721 2.131915594372241 1.7775576575789462 1.2014342135698208 0.9318140442705745 0.8585147082013429 0.7170516583352442 0.5354373797942809 -0.3759021361747732 -0.9265809061980823 -0.5418761105226211 -0.26338532093474143 -0.5866960867178204 -1.0885864451536467 -1.4256700161217082 -1.6990251834372212 -3.624883535574694 -6.360069270361938 -8.87092168679717 -11.42169189453125
-0.29093093130470793 -0.5915982716141701 -0.13266039036541022 0.6642948113554783 1.2327148219560535 1.653602410914098 1.7472107986967802 1.8342829399509957 1.8468885582558952 1.7140626913024142 1.4395403371068176 1.112494573307472 0.7511335152336778 0.2707193953913838 -0.24401001872535844 -0.8376412659357335 -1.434307199034325 -1.7244698574230375 -2.1785055537754476 -1.2508254214852275 -0.31824310429865754 0.06762887825688724 1.2686641778626204 2.2131518012260396 2.126079659971825 1.6309589854404813 1.1496111160941216 1.1085261379151894 1.0919520842180055 1.0784127164090394 1.079346465913106 0.6612601254672623 0.1105813554439532 0.2725868943995171 0.5977651591907294 -0.26338532093474143 -0.7253578880717182 -1.400225342135892 -3.2938693363830653 -5.629643720805799 -8.435327543150075 -10.948981208097507 -11.31524445106765
-0.594632957502387 -0.3973783747683064 0.4962199006234811 1.1213651935961058 1.6143849317432983 1.7278354964873972 1.783393591979363 1.8576266775526613 1.8576266775526613 1.7297029954955305 1.5011678043752164 1.1496111160941216 0.6017335945830129 0.08607043096220357 -0.4139524284654894 -0.988208373466481 -1.3943894077354755 -1.8299835513825693 -2.167767434478681 -1.4118972109367252 -0.48234957963837166 0.44463024052379874 1.7336714308878132 2.120243725571408 1.866497297841295 1.4953318699748004 1.1213651935961058 1.2042354620820208 1.292241352840303 1.2971435377366531 1.2266454501796207 0.985504640754407 0.5139611412007477 0.5753551710931295 0.5587811173959465 -0.6716672915878856 -1.6521042708578717 -2.9128995387238708 -4.962713137526191 -7.3846259136990735 -9.902248014038788 -10.857240319322958 -10.98026181648374
-0.22160003062775857 0.7649063204186608 1.385849740622985 1.6671417787230642 1.7238670610951137 1.795065460780196 1.9045475901320112 2.0422756419818424 2.0665531290875756 1.9542697512235603 1.6935202022129476 1.2131060823706545 0.5891279762781134 0.1418619638301859 -0.3210443528108575 -0.5719895320287707 -0.7946887887486676 -1.1161320555236127 -1.3425663102597762 -0.8826946795069492 -0.5017248818477547 0.7707422548190768 1.668075528227131 1.7551476694813464 1.4201650348974346 1.2042354620820208 1.1955982791694049 1.53524966127365 1.4943981204707337 1.2901404164561527 1.0637061617199897 0.5928629742943801 0.047086389167420695 -0.5789926533092702 -1.1004917513304964 -2.0223359492202997 -3.0779397635676515 -4.5780083418507305 -6.392283628252239 -8.556481541302723 -10.07499167229112 -10.748925376851226 -10.578982967111095
0.8440415908883092 1.6739114626275478 1.916219458932844 1.9250900792214778 1.9239228923413942 1.963140371512194 2.0509128248944593 2.2131518012260396 2.270577395726139 2.109505606274641 1.7208323752068968 1.5450540310663494 1.455180641299934 1.3214210248423863 1.1741220405758717 1.0557692909354235 0.8536125233049927 0.49038396622306424 -0.21553065885132572 -0.7557047469538847 -0.09951228297104375 1.1993332771856706 1.7033245720056471 1.496265619478867 1.3625060030213185 1.5343159117695833 1.4845937506780333 1.7472107986967802 1.4698871959889837 1.2716988637508364 0.7842816226280438 0.06062575697638728 -0.6912760311732855 -1.4256700161217082 -2.2438680190601135 -3.137466294451901 -3.9988502119533886 -5.446161943256701 -7.269307849946842 -8.98413881416525 -10.014531391902803 -10.239098147630834 -10.037875129504469
1.1222989431001724 1.7168639398146142 2.0481115763822593 2.0782249978884084 2.1554927693499244 2.4034032626796207 2.6300709547918006 2.731616213359049 2.7297487143509156 2.7267140284626996 2.701269354476883 2.7101399747655166 2.5061157081269525 2.2404639742199897 1.97177755442481 1.6613058443226483 1.0891508357058064 0.5256330100015805 -0.08293822927386074 -0.5428098600266877 -0.08293822927386074 0.6563579405709121 1.1496111160941216 1.2913076033362363 1.2815032335435368 1.3165188399460361 1.53524966127365 1.4171303490092177 1.159415485886822 0.8713537638822593 0.27352064390358377 -0.5145639375286715 -1.3192225726581097 -2.0045947086430336 -2.586787524428592 -3.327951193281498 -4.4979393218770145 -6.163981874507941 -7.799677568256701 -8.932549154065569 -9.570066627967076 -9.694255312007941 -9.605315671745592
0.25204440531005146 1.1192642572119555 2.23065960442729 2.549068185314019 2.8840508198979307 3.1270591283312767 3.3175440271608747 3.435663339425306 3.4534045800025726 3.4288936555208225 3.4006477330228067 3.068466346951095 2.6573831277857507 2.040174705597692 1.5422527825541494 0.7413291454409774 0.00903609687670448 -0.4968226969514049 -0.8103290929417839 -0.8455781367203001 -0.49308769893513826 0.11735103934843627 0.6799351155485955 0.9563249687523245 1.1008227045066392 1.1750557900799383 1.1164630086997556 0.9250443603660918 0.7483322667214778 0.21399411301933524 -0.35139121169302356 -0.901136232212266 -1.5349187080975066 -2.081862480104549 -2.72054714088614 -3.6951481857557096 -4.990025310520141 -6.590705397866402 -7.7711982083826685 -8.632582125884156 -8.947022271378602 -9.079848138332084 -9.158049659297665
-0.3679652653902066 0.3400502960683336 1.632126172320565 2.7549599509607154 3.2570837467725586 3.551915152681604 3.618444804846354 3.6163438684622036 3.675870399346453 3.635018858543537 3.5000920552059047 3.043255110341295 2.366286719892971 1.6769461485157646 0.8449753403923759 0.032379834478371006 -0.48701832715870497 -0.8103290929417839 -0.8826946795069492 -0.6891750947891353 -0.35816089559750663 0.20629067961078507 0.7385278969287774 0.8547797101850763 0.8732212628903926 0.722887592735661 0.6311467039611123 0.2989653178894005 0.00903609687670448 -0.43449491755495595 -0.8103290929417839 -1.3112857018735435 -1.7625201497137537 -2.3269717249220454 -3.1687469028381336 -4.201940729087886 -5.481177549659201 -6.810369968698081 -7.755791341565569 -8.184382363932162 -8.491119076018059 -8.652190865469557 -8.747900189636388
-0.7342285083603515 -0.04768918549534451 0.8342372210956097 1.905481339636078 3.2374750071871587 3.5666217073706545 3.4786158166123724 3.4319283414090394 3.540243283880771 3.5168995462791046 3.3341180808580577 2.751224952944449 2.0772912483843418 1.3155850904419695 0.4983208370076313 0.1575022680233027 -0.25474813802212504 -0.2449437682294251 -0.2391078338290087 -0.06613073820066084 0.18574819052131897 0.6799351155485955 0.7716760043231434 0.8575809586972762 0.43272493434694903 0.2746878307836673 -0.011506392212761618 -0.3952774383841562 -0.6989794645818352 -1.0477349043507305 -1.3934556582314088 -1.7429114101283538 -2.199981792368981 -2.888388614242121 -3.716624424349243 -4.7049982744037955 -5.891327019320478 -6.937359901251147 -7.458858999272373 -7.871809717445851 -8.158937689946347 -8.324911664294193 -8.52029874802014
-1.0925548805459298 -0.08877416367427715 0.5001883360157646 1.0520342929191568 2.3760910896856706 3.049091044741712 2.960151404479363 2.935640479997613 3.050958543749845 2.888953004794281 2.6916984220602003 2.1975114970329233 1.8917085344510949 1.1505448655981882 0.9992774459393909 0.6691969962518285 0.5713867357008469 0.6204085846643461 0.5422070636987635 0.6330142029692456 0.7971206783089602 0.7618716345304439 0.8400731554960266 0.3428515445805336 -0.08083729288971098 -0.3112399830181576 -0.637585434689453 -0.9851736875782646 -1.261563540781994 -1.5886093045813392 -1.9628094183360507 -2.3181011046334126 -2.902161419427104 -3.5896344917961778 -4.309321922055551 -5.230232370441287 -6.146240633930675 -6.839549640700165 -7.290784088540375 -7.578845810544937 -7.866907532549501 -8.129758017944264 -8.323977914790127
-1.3444338092679096 -0.2829940605201413 -0.08760697679419405 0.4044790118489323 1.2852382315598034 1.9591719361199105 2.0450768904940424 2.0579159461749588 2.1739343220552407 1.935828198518244 1.7824598424752964 1.626056800544132 1.4444425220031678 1.4778240667735507 1.325389460234669 1.369275686925802 1.308815406537486 1.2208095157792038 1.0412961736223898 1.02168743403699 0.8615493940895589 0.6848373004449448 0.19648630981808513 -0.300501863721391 -0.711818520262752 -0.9510918306798319 -1.173557650023712 -1.421701580729425 -1.7195676725266877 -2.1063734045862987 -2.5251600571601927 -3.086810383856285 -3.671804448154043 -4.248861641667235 -4.956877203125775 -5.567315941409349 -6.229344339792608 -6.753644686326033 -7.101466376590862 -7.376689042914507 -7.621798287732004 -7.8846487731267665 -8.166874560730912
-1.2508254214852275 -0.8290040830231167 -0.7557047469538847 -0.5701220330206374 0.23757128799701777 0.9581924677604579 1.1026902035147725 1.1535795514864051 1.2766010486471866 1.2931751023443696 1.2579260585658534 1.2404182553646037 1.3741778718221522 1.4815590647898174 1.5392180966659326 1.6407633552331817 1.4836600011739667 1.3165188399460361 1.1241664421083057 0.8655178294818424 0.5391723778105475 0.12225322424478646 -0.37963713419103984 -0.8339062679194669 -1.221412312107128 -1.474458427709191 -1.6404324020570389 -1.802437941012603 -2.170802120366898 -2.6267053157274414 -3.1813525211430336 -3.748838782239542 -4.314224106951901 -4.879609431664259 -5.358156052498419 -5.816160184243113 -6.224442154896257 -6.617083821356285 -6.92662178195438 -7.129712299088878 -7.3650171741136745 -7.61502860382752 -7.911027196616649
-0.9557605782001652 -0.987041186586398 -0.8728903097142497 -0.8864296775232159 -0.4363624165630893 0.3449524809646829 0.9455868494555584 1.0149177501325073 1.1143620723156054 1.3809475557266349 1.3760453708302856 1.51003842466385 1.7121951922942809 1.7159301903105475 1.7014570729975138 1.5002340548711497 1.2551248100536534 0.952356533360041 0.7492660162255445 0.38206902375133245 0.03634826987065409 -0.3231452891950073 -0.7391306932567017 -1.1805607713042119 -1.517410904896257 -1.7342742272157374 -1.926626625053468 -2.209786162161681 -2.5905225224448585 -3.1141225568502344 -3.6932806867475763 -4.296716303750651 -4.86210162846301 -5.307500141902803 -5.709712740779514 -6.008512582080844 -6.262492447186974 -6.469551399713754 -6.7097584596349 -6.957902390340614 -7.187371330964993 -7.421742456485724 -7.6911291884089525
-1.0456339679665803 -1.140409542629346 -0.7526700610656678 -0.4354286670590226 -0.09157541218647713 0.5919292247903134 1.3293578956269525 1.6515014745299479 1.7735892221866627 1.9180869579409774 1.96897630591261 2.01869846700416 1.9131847730446272 1.7131289417983475 1.3585375676290359 0.9640284021608747 0.6885722984612115 0.4483652385400654 0.15446758213508582 -0.0719666726010777 -0.3523249611970902 -0.7204557031753684 -1.0720123914564632 -1.3845850379427755 -1.6941229985408714 -1.9891878418259337 -2.2389658341637633 -2.6218031308310916 -3.0153785467951857 -3.536877644816412 -4.071215798518554 -4.648272992031746 -5.159033970756205 -5.553543136224366 -5.884557335415995 -6.165849373516075 -6.316183043670806 -6.395318314140455 -6.606345702059518 -6.828811521403399 -7.0447410942188124 -7.293818774428592 -7.575110812528671
-1.7566842153133368 -1.594445238981756 -1.3063835169771933 -0.5124630011445213 0.2483094072937848 1.1134283228115387 1.7413748642963633 1.783393591979363 1.8615951129449448 1.988351608121993 2.0030581628110427 1.9260238287255445 1.582170573852999 1.2315476350759709 0.8400731554960266 0.42502150093839886 0.03331358398243767 -0.24587751773349176 -0.4452330368517221 -0.60420388991907 -0.814297528334067 -1.0575392741434304 -1.3542381790606095 -1.6502367718497384 -1.953005048543351 -2.2527386393487467 -2.5330969279447593 -2.8659786261445213 -3.301572769791615 -3.809299062627858 -4.2712716297648345 -4.750752000103061 -5.205954883335555 -5.631744657189949 -6.015515703361343 -6.262492447186974 -6.368939890650571 -6.374775825050988 -6.4784220200023865 -6.731234698228433 -6.983113626950413 -7.223554124247576 -7.485237422762256
-2.0613199910150826 -1.9011819510676518 -1.2870082147678104 -0.670733542083819 0.10661292005166967 1.0744442810167558 1.855759178544528 1.919020707445044 1.8331157530709121 1.838951687471329 1.5002340548711497 1.2247779511714874 1.0422299231264565 0.7112157239348282 0.28542595008043437 -0.1354616388776102 -0.5096617526323213 -0.8290040830231167 -1.0017477412754476 -1.1658542166151622 -1.3084844533613436 -1.4900987319023073 -1.7284382928153206 -2.0057618955231167 -2.245035205940197 -2.517456623751643 -2.880685180833571 -3.230374370106533 -3.6258172850787607 -3.9930142775529722 -4.430475920208199 -4.838757890861343 -5.255677044427104 -5.613069667108616 -5.949919800700661 -6.210669349711274 -6.343495216664755 -6.350498337945256 -6.410024868829504 -6.680578787632817 -6.95883613984468 -7.20091069877396 -7.462593997288639
-1.5907102409654894 -1.5701677518760229 -1.061274272159697 -0.9685996338810816 -0.5133967506485879 0.1719753853363355 1.0861161498175895 2.0373734570854922 2.2217889841386564 2.1309818448681743 1.7551476694813464 1.1437751816937056 0.5928629742943801 0.3274446777634332 -0.03018138229409484 -0.47931489375015524 -0.9235462203098654 -1.2155763777067112 -1.5085402846076237 -1.721435171534821 -1.8514597899761023 -1.9929228398422003 -2.1794393032795143 -2.3435457786192284 -2.579784403148092 -2.890489550626271 -3.223371248826033 -3.550650450001395 -3.945159615469556 -4.310255671559617 -4.63753487273498 -4.989091561016075 -5.250774859530754 -5.586691243618732 -5.868917031222878 -6.1443731349225414 -6.275098065491873 -6.339760218648489 -6.405122683933154 -6.565260723880586 -6.847486511484732 -7.142317917393777 -7.421742456485724
