static/data/salinity/2023/7/27/0.asc
ncols 137
nrows 93
xllcorner 108.0
yllcorner 17.0
cellsize 0.25
NODATA_value -32767
[rows 54 to 80 of 93, columns 0 to 60 of 137]
-32767.0 -32767.0 -32767.0 -32767.0 -32767.0 -32767.0 -32767.0 -32767.0 -32767.0 -32767.0 -32767.0 -32767.0 -32767.0 -32767.0 -32767.0 -32767.0 -32767.0 -32767.0 -32767.0 -32767.0 -32767.0 -32767.0 -32767.0 -32767.0 -32767.0 -32767.0 -32767.0 -32767.0 -32767.0 -32767.0 -32767.0 -32767.0 -32767.0 -32767.0 -32767.0 -32767.0 -32767.0 -32767.0 -32767.0 -32767.0 -32767.0 -32767.0 -32767.0 -32767.0 -32767.0 -32767.0 -32767.0 -32767.0 34.187996 34.154457 33.953686 33.60208 33.36631 33.0257 32.889984 33.035206 32.879517 32.759487 32.80152 33.033283 33.109196
-32767.0 -32767.0 -32767.0 -32767.0 -32767.0 -32767.0 -32767.0 -32767.0 -32767.0 -32767.0 -32767.0 -32767.0 -32767.0 -32767.0 -32767.0 -32767.0 -32767.0 -32767.0 -32767.0 -32767.0 -32767.0 -32767.0 -32767.0 -32767.0 -32767.0 -32767.0 -32767.0 -32767.0 -32767.0 -32767.0 -32767.0 -32767.0 -32767.0 -32767.0 -32767.0 -32767.0 -32767.0 -32767.0 -32767.0 -32767.0 -32767.0 -32767.0 -32767.0 -32767.0 -32767.0 -32767.0 -32767.0 33.47829 -32767.0 34.03921 33.50465 33.245934 32.930584 32.775562 32.74812 32.749043 32.74385 32.983326 33.53333 33.890896 34.111088
-32767.0 -32767.0 -32767.0 -32767.0 -32767.0 -32767.0 -32767.0 -32767.0 -32767.0 -32767.0 -32767.0 -32767.0 -32767.0 -32767.0 -32767.0 -32767.0 -32767.0 -32767.0 -32767.0 -32767.0 -32767.0 -32767.0 -32767.0 -32767.0 -32767.0 -32767.0 -32767.0 -32767.0 -32767.0 -32767.0 -32767.0 -32767.0 -32767.0 -32767.0 -32767.0 -32767.0 -32767.0 -32767.0 -32767.0 -32767.0 -32767.0 -32767.0 -32767.0 -32767.0 -32767.0 -32767.0 -32767.0 33.585667 34.03093 33.821262 33.357838 32.98089 32.93723 32.95844 32.881065 32.813175 33.229187 33.839996 34.287045 34.271587 34.27479
-32767.0 -32767.0 -32767.0 -32767.0 -32767.0 -32767.0 -32767.0 -32767.0 -32767.0 -32767.0 -32767.0 -32767.0 -32767.0 -32767.0 -32767.0 -32767.0 -32767.0 -32767.0 -32767.0 -32767.0 -32767.0 -32767.0 -32767.0 -32767.0 -32767.0 -32767.0 -32767.0 -32767.0 -32767.0 -32767.0 -32767.0 -32767.0 -32767.0 -32767.0 -32767.0 -32767.0 -32767.0 -32767.0 -32767.0 -32767.0 -32767.0 -32767.0 -32767.0 -32767.0 -32767.0 -32767.0 -32767.0 33.963818 33.899326 33.642963 33.35405 32.971714 33.394672 33.084465 33.243073 33.554348 33.620335 34.197254 34.092087 34.245987 34.32738
-32767.0 -32767.0 -32767.0 -32767.0 -32767.0 -32767.0 -32767.0 -32767.0 -32767.0 -32767.0 -32767.0 -32767.0 -32767.0 -32767.0 -32767.0 -32767.0 -32767.0 -32767.0 -32767.0 -32767.0 -32767.0 -32767.0 -32767.0 -32767.0 -32767.0 -32767.0 -32767.0 -32767.0 -32767.0 -32767.0 -32767.0 -32767.0 -32767.0 -32767.0 -32767.0 -32767.0 -32767.0 -32767.0 -32767.0 -32767.0 -32767.0 -32767.0 -32767.0 -32767.0 -32767.0 31.359396 -32767.0 33.83293 33.692734 33.389755 33.409225 33.102707 33.08647 33.04473 33.058342 33.31887 33.478348 33.669678 34.204376 34.295856 34.30366
-32767.0 -32767.0 -32767.0 -32767.0 -32767.0 -32767.0 -32767.0 -32767.0 -32767.0 -32767.0 -32767.0 -32767.0 -32767.0 -32767.0 -32767.0 -32767.0 -32767.0 -32767.0 -32767.0 -32767.0 -32767.0 -32767.0 -32767.0 -32767.0 -32767.0 -32767.0 -32767.0 -32767.0 -32767.0 -32767.0 -32767.0 -32767.0 -32767.0 -32767.0 -32767.0 -32767.0 -32767.0 -32767.0 -32767.0 -32767.0 -32767.0 -32767.0 -32767.0 -32767.0 -32767.0 -32767.0 33.893013 33.700943 33.38593 33.190075 33.30436 33.040237 32.873417 32.887936 32.81882 33.002663 33.039654 34.06958 34.263405 34.298756 34.31232
-32767.0 -32767.0 -32767.0 -32767.0 -32767.0 -32767.0 -32767.0 -32767.0 -32767.0 -32767.0 -32767.0 -32767.0 -32767.0 -32767.0 -32767.0 -32767.0 -32767.0 -32767.0 -32767.0 -32767.0 -32767.0 -32767.0 -32767.0 -32767.0 -32767.0 -32767.0 -32767.0 -32767.0 -32767.0 -32767.0 -32767.0 -32767.0 -32767.0 -32767.0 -32767.0 -32767.0 -32767.0 -32767.0 -32767.0 -32767.0 -32767.0 -32767.0 -32767.0 -32767.0 33.480118 33.952 33.637897 32.996384 33.093655 33.08709 33.387333 32.950005 -32767.0 -32767.0 -32767.0 -32767.0 33.19158 34.22098 34.278164 34.319626 34.359562
-32767.0 -32767.0 -32767.0 -32767.0 -32767.0 -32767.0 -32767.0 -32767.0 -32767.0 -32767.0 -32767.0 -32767.0 -32767.0 -32767.0 -32767.0 -32767.0 -32767.0 -32767.0 -32767.0 -32767.0 -32767.0 -32767.0 -32767.0 -32767.0 -32767.0 -32767.0 -32767.0 -32767.0 -32767.0 -32767.0 -32767.0 -32767.0 -32767.0 -32767.0 -32767.0 -32767.0 -32767.0 -32767.0 -32767.0 -32767.0 -32767.0 -32767.0 -32767.0 33.56572 33.957542 33.83659 33.36829 32.86737 32.81609 32.886616 32.943703 32.83326 -32767.0 -32767.0 -32767.0 -32767.0 33.967106 34.17336 34.260967 34.357983 34.331627
-32767.0 -32767.0 -32767.0 -32767.0 -32767.0 -32767.0 -32767.0 -32767.0 -32767.0 -32767.0 -32767.0 -32767.0 -32767.0 -32767.0 -32767.0 -32767.0 -32767.0 -32767.0 -32767.0 -32767.0 -32767.0 -32767.0 -32767.0 -32767.0 -32767.0 -32767.0 -32767.0 -32767.0 -32767.0 -32767.0 -32767.0 -32767.0 -32767.0 -32767.0 -32767.0 -32767.0 -32767.0 -32767.0 -32767.0 -32767.0 -32767.0 33.249996 33.67396 33.821774 33.254116 32.75357 32.95861 32.79505 32.745132 32.862076 32.95023 -32767.0 -32767.0 -32767.0 -32767.0 -32767.0 34.15035 34.224197 34.268585 34.31054 34.384537
-32767.0 -32767.0 -32767.0 -32767.0 -32767.0 -32767.0 -32767.0 -32767.0 -32767.0 -32767.0 -32767.0 -32767.0 -32767.0 -32767.0 -32767.0 -32767.0 -32767.0 -32767.0 -32767.0 -32767.0 -32767.0 -32767.0 -32767.0 -32767.0 -32767.0 -32767.0 -32767.0 -32767.0 -32767.0 -32767.0 -32767.0 -32767.0 -32767.0 -32767.0 -32767.0 -32767.0 -32767.0 -32767.0 -32767.0 -32767.0 -32767.0 33.69722 33.67201 32.73403 32.63839 32.939266 32.823586 32.797234 32.88123 33.201748 32.60996 -32767.0 -32767.0 -32767.0 -32767.0 33.81615 34.18492 34.182426 34.31457 34.375854 34.38123
-32767.0 -32767.0 -32767.0 -32767.0 -32767.0 -32767.0 -32767.0 -32767.0 -32767.0 -32767.0 -32767.0 -32767.0 -32767.0 -32767.0 -32767.0 -32767.0 -32767.0 -32767.0 -32767.0 -32767.0 -32767.0 -32767.0 -32767.0 -32767.0 -32767.0 -32767.0 -32767.0 -32767.0 -32767.0 -32767.0 -32767.0 -32767.0 -32767.0 -32767.0 -32767.0 -32767.0 -32767.0 -32767.0 -32767.0 33.30852 33.54972 33.64667 33.0416 32.27663 32.67862 32.820732 32.86471 32.736366 33.351707 32.45583 -32767.0 -32767.0 -32767.0 -32767.0 -32767.0 33.645317 34.187912 34.201015 34.39564 34.416996 34.38957
-32767.0 -32767.0 -32767.0 -32767.0 -32767.0 -32767.0 -32767.0 -32767.0 -32767.0 -32767.0 -32767.0 -32767.0 -32767.0 -32767.0 -32767.0 -32767.0 -32767.0 -32767.0 -32767.0 -32767.0 -32767.0 -32767.0 -32767.0 -32767.0 -32767.0 -32767.0 -32767.0 -32767.0 -32767.0 -32767.0 -32767.0 -32767.0 -32767.0 -32767.0 -32767.0 -32767.0 -32767.0 -32767.0 33.159096 33.39368 33.53381 33.533363 32.772335 32.271015 32.57163 32.636326 32.87447 32.66049 32.646324 32.274185 -32767.0 -32767.0 -32767.0 -32767.0 -32767.0 33.570347 34.20948 34.24754 34.41716 34.34245 34.3318
-32767.0 -32767.0 -32767.0 -32767.0 -32767.0 -32767.0 -32767.0 -32767.0 -32767.0 -32767.0 -32767.0 -32767.0 -32767.0 -32767.0 -32767.0 -32767.0 -32767.0 -32767.0 -32767.0 -32767.0 -32767.0 -32767.0 -32767.0 -32767.0 -32767.0 -32767.0 -32767.0 -32767.0 -32767.0 -32767.0 -32767.0 -32767.0 -32767.0 -32767.0 -32767.0 -32767.0 32.92688 33.344444 33.712254 33.70527 33.634674 33.286823 32.795193 32.32385 32.077663 32.846066 -32767.0 32.785847 32.683086 -32767.0 -32767.0 -32767.0 -32767.0 -32767.0 33.656277 34.031227 34.291405 34.29795 34.30119 34.31404 34.337536
-32767.0 -32767.0 -32767.0 -32767.0 -32767.0 -32767.0 -32767.0 -32767.0 -32767.0 -32767.0 -32767.0 -32767.0 -32767.0 -32767.0 -32767.0 -32767.0 -32767.0 -32767.0 -32767.0 -32767.0 -32767.0 -32767.0 -32767.0 -32767.0 -32767.0 -32767.0 -32767.0 -32767.0 -32767.0 -32767.0 -32767.0 -32767.0 -32767.0 -32767.0 -32767.0 33.128845 33.19723 32.83204 33.757145 33.38949 33.125904 33.356724 33.328686 33.059074 31.891949 33.576233 -32767.0 33.41035 31.392143 -32767.0 -32767.0 -32767.0 -32767.0 -32767.0 33.414715 34.21395 34.282696 34.28095 34.317326 34.321976 34.37084
-32767.0 -32767.0 -32767.0 -32767.0 -32767.0 -32767.0 -32767.0 -32767.0 -32767.0 -32767.0 -32767.0 -32767.0 -32767.0 -32767.0 -32767.0 -32767.0 -32767.0 -32767.0 -32767.0 -32767.0 -32767.0 -32767.0 -32767.0 -32767.0 -32767.0 -32767.0 -32767.0 -32767.0 -32767.0 -32767.0 -32767.0 -32767.0 -32767.0 -32767.0 -32767.0 31.816015 32.251 33.521065 33.6104 33.426 33.707294 33.694607 32.952114 32.254025 32.937557 33.572388 33.490974 33.677113 30.347609 -32767.0 -32767.0 -32767.0 -32767.0 -32767.0 34.234188 34.265816 34.35607 34.373066 34.328465 34.342316 34.36429
-32767.0 -32767.0 -32767.0 -32767.0 -32767.0 -32767.0 -32767.0 -32767.0 -32767.0 -32767.0 -32767.0 -32767.0 -32767.0 -32767.0 -32767.0 -32767.0 -32767.0 -32767.0 -32767.0 -32767.0 -32767.0 -32767.0 -32767.0 -32767.0 -32767.0 -32767.0 -32767.0 25.458035 -32767.0 28.200737 -32767.0 29.688122 31.155256 31.419538 30.789148 31.88512 32.901085 33.700188 33.786663 33.775997 33.899998 33.578346 33.149956 32.87607 33.461273 33.591927 33.61783 33.808037 30.68239 -32767.0 -32767.0 -32767.0 -32767.0 34.015945 34.209038 34.40041 34.372955 34.40282 34.349545 34.351933 34.369083
-32767.0 -32767.0 -32767.0 -32767.0 -32767.0 -32767.0 -32767.0 -32767.0 -32767.0 -32767.0 -32767.0 -32767.0 -32767.0 -32767.0 -32767.0 -32767.0 -32767.0 -32767.0 -32767.0 -32767.0 -32767.0 -32767.0 -32767.0 8.345575 -32767.0 -32767.0 29.220675 28.722511 28.847046 29.1342 29.176815 29.385157 29.77469 29.847513 30.933758 32.759277 33.732964 33.83062 33.828323 33.813293 33.75453 33.742046 33.71811 33.693726 33.70205 33.68241 33.725643 33.697174 33.02679 31.818653 -32767.0 -32767.0 33.71375 33.923004 34.283546 34.38629 34.344 34.437763 34.38323 34.355755 34.41536
-32767.0 -32767.0 -32767.0 -32767.0 -32767.0 -32767.0 -32767.0 -32767.0 -32767.0 -32767.0 -32767.0 -32767.0 -32767.0 -32767.0 -32767.0 -32767.0 -32767.0 -32767.0 -32767.0 -32767.0 -32767.0 -32767.0 -32767.0 17.97108 10.652877 26.686539 27.834566 28.626541 28.47721 29.526438 30.695293 33.08521 32.911404 32.954483 33.455784 33.85543 33.841732 33.81602 33.774746 33.782536 33.688362 33.684868 33.77193 33.889496 34.00331 34.010273 33.930893 33.890648 34.051247 33.69809 32.602875 -32767.0 33.41281 34.262325 34.350803 34.405582 34.36107 34.4603 34.486675 34.51256 34.57763
-32767.0 -32767.0 -32767.0 -32767.0 -32767.0 -32767.0 -32767.0 -32767.0 -32767.0 -32767.0 -32767.0 -32767.0 -32767.0 -32767.0 -32767.0 -32767.0 -32767.0 -32767.0 -32767.0 -32767.0 13.391042 18.677694 19.347433 25.729845 28.620634 -32767.0 31.21773 31.741096 33.406597 33.671448 33.700783 33.88599 33.853333 33.88151 33.87435 33.774124 33.664486 33.62023 33.602463 33.63622 33.7508 34.064526 34.31909 34.26379 34.224987 34.22106 34.213287 34.194477 34.196453 34.205345 34.060074 -32767.0 33.828423 34.33398 34.424812 34.41547 34.3559 34.37467 34.415695 34.392242 34.582165
-32767.0 -32767.0 32.40421 -32767.0 -32767.0 -32767.0 -32767.0 -32767.0 -32767.0 -32767.0 -32767.0 -32767.0 -32767.0 -32767.0 -32767.0 -32767.0 29.448256 -32767.0 24.549511 23.48764 25.528122 29.852486 29.95864 30.662498 30.386549 32.951954 33.606007 33.786407 33.847134 33.84295 33.85817 33.87098 33.87271 33.886246 33.867867 33.79181 33.75402 33.79991 33.829987 34.135834 34.272076 34.20643 34.212234 34.264378 34.25482 34.268322 34.29829 34.27187 34.214474 34.228146 34.181816 34.157684 34.2564 34.353397 34.39258 34.38125 34.366753 34.356712 34.41138 34.456863 34.62483
-32767.0 31.974377 32.024906 31.91834 31.735607 -32767.0 31.916996 31.881855 -32767.0 -32767.0 -32767.0 -32767.0 -32767.0 32.692245 32.125637 31.327965 31.452387 29.343876 28.751661 27.850279 26.705696 31.527863 31.819427 33.03626 33.523376 33.75226 33.870255 33.883408 33.87544 33.890663 33.96518 33.977917 33.98702 34.09373 34.112164 34.07695 34.08818 34.143074 34.23054 34.268303 34.203396 34.153267 34.190384 34.212463 34.195408 34.233307 34.244995 34.21824 34.24358 34.092712 33.928005 33.74306 33.76606 34.254734 34.414383 34.416153 34.387558 34.40855 34.48163 34.594616 34.662483
32.43472 32.39282 32.687313 32.45922 32.28364 32.178627 32.036545 31.93775 -32767.0 -32767.0 -32767.0 33.084602 33.17921 33.06638 33.086998 32.941994 33.59726 31.800005 32.17343 29.077291 30.825857 33.26393 33.614605 33.606262 33.5997 33.917797 33.93297 33.900436 33.90261 34.048496 34.172672 34.22451 34.26791 34.211853 34.228607 34.169167 34.198196 34.240097 34.279278 34.23 34.114452 34.05329 34.02954 34.074024 34.09354 34.193184 34.188526 34.087315 33.884323 33.742565 33.647823 33.599304 33.592705 33.936848 34.413803 34.479965 34.513626 34.55018 34.537617 34.55587 34.634224
32.7012 32.910942 32.986618 32.961388 32.73428 32.506516 32.18013 -32767.0 -32767.0 31.072254 -32767.0 33.30578 33.385162 33.742653 33.781586 33.795135 33.84791 33.817596 33.707188 33.505768 33.55877 33.57633 33.555836 33.677284 33.603394 33.95597 33.93535 33.927315 33.956383 34.1035 34.17604 34.30447 34.311676 34.270805 34.27741 34.19322 34.22888 34.25531 34.26872 34.173306 34.184883 34.112778 34.108273 34.1523 34.068962 34.07251 34.06455 33.990696 33.822037 33.66827 33.70486 33.748512 33.84115 34.28399 34.40356 34.436127 34.51246 34.516605 34.50542 34.588394 34.643433
33.03176 33.108 33.109608 33.05245 32.98321 32.662163 32.313965 32.098957 -32767.0 -32767.0 32.531162 32.816994 33.227493 33.58509 33.821793 33.814175 33.733284 33.65384 33.61889 33.575733 33.58272 33.557724 33.56345 33.696095 33.7349 33.969826 33.97503 33.950478 34.014626 34.076183 34.219875 34.346775 34.38141 34.317883 34.32364 34.29616 34.226055 34.226646 34.224937 34.245438 34.240982 34.150642 33.98323 33.73571 33.888184 33.93509 34.12938 34.046997 33.835434 33.800724 34.229454 34.497738 34.47716 34.44766 34.427586 34.47986 34.52523 34.509342 34.528343 34.607166 34.62478
33.182205 33.065174 33.045277 33.00887 33.020435 32.80152 32.500313 32.194622 -32767.0 -32767.0 32.571316 32.575005 32.760902 33.827785 33.805458 33.828434 33.78778 33.851505 33.8772 33.81505 33.733116 33.513058 33.59875 33.7499 33.81725 33.94015 33.956615 33.961613 34.003113 34.031277 34.304073 34.319183 34.347023 34.37711 34.222992 34.213097 34.238045 34.312664 34.31731 34.292645 34.180893 33.91386 33.703033 33.917553 34.141197 34.04697 34.056534 33.917843 33.626583 34.195927 34.481945 34.448807 34.533646 34.503754 34.52022 34.510387 -32767.0 34.502686 34.589817 34.59785 34.607418
33.19706 33.19667 33.28148 33.07443 32.972218 32.845493 32.6737 32.307762 32.358868 32.501953 32.524525 32.53482 32.57247 33.037712 33.68718 33.85127 33.842724 33.74212 33.67486 33.61857 33.607864 33.604397 33.452236 33.808258 33.91226 33.950764 33.939472 33.924847 33.924084 34.081146 34.24714 34.262993 34.28298 34.23142 34.213905 34.217472 34.343834 34.334576 34.304676 34.23147 34.082253 33.87723 33.747902 33.86022 34.136806 34.108353 34.013313 33.663048 33.83582 34.49512 34.533607 34.510006 34.57028 34.59459 34.57704 34.615135 34.59591 34.593212 34.591904 34.59788 34.595325
33.37665 33.282497 33.366955 33.332123 32.95397 32.870144 32.78916 32.72573 32.597797 -32767.0 -32767.0 -32767.0 32.659298 33.551273 33.510513 33.56616 33.582085 33.584774 33.558872 33.557804 33.58603 33.566387 33.40014 33.86945 33.941013 33.865536 33.900703 33.94234 34.10049 34.227787 34.127346 34.183983 34.223072 34.271553 34.295475 34.333786 34.279568 34.318615 34.307796 34.222824 34.12378 34.08732 33.899292 33.694324 34.210903 34.146534 33.928226 33.643394 33.950855 34.47819 34.53746 34.56561 34.530807 34.563854 34.628765 34.63396 34.60814 34.589294 34.582596 34.580826 34.59768
