static/data/salinity/2023/7/27/12.asc
ncols 137
nrows 93
xllcorner 108.0
yllcorner 17.0
cellsize 0.25
NODATA_value -32767
[rows 27 to 53 of 93, columns 61 to 121 of 137]
30.252974 30.073753 29.927229 29.869728 29.819124 29.774973 29.93121 30.804619 32.615032 33.058186 32.832718 32.890686 -32767.0 -32767.0 32.462795 32.268917 32.880966 32.765293 32.639763 32.607536 32.554012 32.533405 32.651608 33.039547 32.84858 -32767.0 -32767.0 -32767.0 -32767.0 -32767.0 -32767.0 -32767.0 -32767.0 -32767.0 32.448334 32.79143 33.392696 -32767.0 -32767.0 -32767.0 33.167217 33.352406 33.802547 33.724667 33.36257 32.851566 32.332493 33.437695 32.854538 33.362305 33.864403 33.965176 34.027992 34.043785 33.9396 33.818146 33.8604 33.70619 33.675056 34.038494 34.156956
30.856602 30.6186 30.312866 30.273256 30.05172 29.815632 30.251709 30.859362 32.531277 32.63598 32.655144 32.940464 32.938904 32.877594 32.865498 32.915386 32.996254 32.803196 32.896717 32.894047 32.79569 32.543617 32.92506 -32767.0 32.87631 32.874947 -32767.0 -32767.0 26.23285 -32767.0 -32767.0 -32767.0 -32767.0 -32767.0 -32767.0 32.737583 33.547966 -32767.0 -32767.0 33.499176 33.487644 33.60736 33.62107 33.6031 33.587605 33.687897 33.827385 33.60748 33.007248 33.958748 33.98891 33.98756 34.074184 34.00762 33.98981 33.83426 33.88991 33.83186 33.63707 33.983273 34.115067
29.490309 30.158463 30.05601 30.150223 30.494421 30.009209 29.941467 30.347696 31.08465 31.700977 31.203678 32.15015 33.076042 33.007248 33.064068 33.091263 32.833866 32.879585 33.0459 32.968594 32.769947 32.56404 -32767.0 32.97402 32.935005 32.98913 30.79203 29.321459 -32767.0 27.679216 -32767.0 -32767.0 -32767.0 -32767.0 -32767.0 33.614944 33.877197 33.68511 33.27911 33.310574 33.6932 33.621223 33.53682 33.497124 33.55243 33.482845 33.718254 33.512638 33.988625 34.04217 34.04617 34.030487 33.999836 33.99381 34.03206 33.855644 33.93233 33.961754 33.66025 33.927036 34.08757
27.805195 26.918268 27.547895 28.175571 28.883219 30.019073 29.793701 29.767708 30.045128 30.880594 30.561314 31.049372 31.913866 32.686127 32.931934 32.949173 32.863384 33.04495 33.368214 33.343475 32.93049 32.555637 32.751575 32.926777 33.043407 33.10249 33.035828 31.248917 29.14634 28.485634 -32767.0 -32767.0 -32767.0 -32767.0 33.629745 33.74577 33.81342 33.752476 33.722576 33.634243 33.521515 33.4354 33.44643 33.402714 33.451256 33.50832 33.660122 33.83856 34.033203 34.02054 34.052635 34.0746 34.083008 34.038956 34.02817 33.874123 33.95175 33.934002 33.67662 33.90702 34.056995
24.933851 25.718376 27.587114 28.739017 28.67596 29.305706 29.071629 29.195318 29.271421 30.340994 30.064808 30.687372 31.327656 31.84921 32.940792 32.86452 32.865772 33.34681 33.795322 33.742302 33.664307 33.316067 33.073734 32.8893 32.729794 32.607075 32.697735 30.67995 29.112396 29.404154 -32767.0 -32767.0 -32767.0 -32767.0 33.61772 33.700306 33.84555 33.847725 33.772583 33.349506 33.359985 33.647373 33.898777 33.941986 33.87467 33.49526 33.50005 33.869457 34.053993 34.102894 33.939003 33.83299 33.838867 33.95058 33.985863 33.908005 33.924484 33.84501 33.65984 33.908714 34.02629
24.31589 25.321894 29.475399 30.092068 29.41396 29.104834 29.012463 28.372364 28.561615 29.215885 28.780413 29.019032 30.512697 31.836155 32.875595 32.75726 33.046215 33.359623 33.573586 33.53036 33.53649 33.661087 33.700703 33.662525 33.154385 32.69244 32.644035 32.99175 -32767.0 -32767.0 -32767.0 -32767.0 -32767.0 33.74003 33.63882 33.200413 33.22576 33.119473 33.099655 33.615814 33.723698 33.94336 34.055573 34.078335 34.031986 33.658558 33.662357 33.546944 33.702637 33.804153 33.77853 33.524902 33.707134 33.88354 33.97718 33.886322 33.83876 33.87648 33.6491 33.918148 33.996777
26.424456 28.084726 30.516783 30.314651 30.58696 30.475546 29.222027 28.23703 28.035492 28.104403 28.11155 29.703457 31.411575 32.317368 32.6993 32.77638 33.036957 33.003376 33.45161 33.547035 33.662178 33.711773 33.679165 33.686443 33.080544 32.69896 32.607723 32.91704 -32767.0 -32767.0 -32767.0 -32767.0 -32767.0 33.22653 33.247734 33.409966 33.46124 33.444485 33.45657 33.568295 33.965656 34.153645 34.154854 34.054516 34.16241 33.798714 33.841297 33.95456 33.55903 33.515522 33.590538 33.653748 33.583298 33.8449 34.016712 33.84611 33.752186 33.876095 33.654057 33.933987 33.9744
29.687725 30.232616 30.911774 30.795946 31.675001 31.470678 29.931612 29.366232 27.964771 27.805363 29.111555 30.542507 31.757154 32.638985 32.488438 32.534607 32.62185 33.376125 33.732285 33.528164 33.569263 33.601227 33.58732 33.684452 33.130257 32.839294 32.646305 32.778446 32.944065 -32767.0 33.263134 -32767.0 -32767.0 32.855938 33.16735 33.28671 33.336296 33.228214 33.532505 33.813164 33.62755 34.14249 34.06605 34.04066 34.082676 34.05458 34.09572 34.156616 34.11368 33.86569 33.59869 33.48441 33.529167 33.589516 33.981514 33.844376 33.66516 33.88848 33.69362 33.982605 33.9532
31.253025 31.209286 31.226597 32.47675 31.711594 30.890291 30.609673 29.81083 29.222935 28.698168 29.95713 30.746098 31.478676 32.039886 32.397026 32.62436 33.04696 33.69438 33.562004 33.517952 33.5624 33.640125 33.691185 33.621635 33.522568 32.99808 32.720573 32.760193 32.854607 32.93401 33.11125 -32767.0 33.06356 33.093964 32.92114 33.229137 33.192123 33.31718 33.99896 33.996613 33.786568 34.072826 34.060703 34.076187 34.109043 34.116676 34.145386 34.15316 34.12305 34.063 33.98238 33.85012 33.580254 33.543827 33.809097 33.818825 33.860435 33.812325 33.793625 34.049614 33.95832
32.745213 33.531696 33.983013 33.565033 32.416336 32.6163 32.86179 31.047956 30.030119 30.23884 31.21309 31.539675 31.873905 32.742283 32.642513 32.889324 33.704384 33.74897 33.618084 33.580177 33.59338 33.700768 33.872616 33.935593 33.815613 33.70147 33.474678 33.258667 33.19831 33.037525 -32767.0 32.938972 32.933567 32.971024 32.863297 33.060966 33.095047 33.86157 34.072304 34.062004 33.80305 34.07222 34.1168 34.12164 34.148525 34.250614 34.195274 34.098156 34.06865 34.152527 34.249058 34.177826 34.144894 33.70319 33.61897 33.87498 33.90047 33.717 33.963478 34.09832 34.027763
31.916252 33.375477 33.764835 33.961414 33.695812 33.575455 33.189793 33.043423 31.61137 31.544947 31.97007 31.992762 32.12386 31.833582 32.94011 33.847233 33.69811 33.71145 33.707188 33.61914 33.544086 33.637207 33.790794 33.939068 34.169807 34.193287 34.21682 33.976288 33.71201 33.361053 33.259197 33.121746 33.462013 33.41214 33.304665 33.136646 33.142025 33.84132 34.08283 34.05133 33.872494 34.12809 34.2094 34.09999 34.055176 34.183746 34.17478 34.027664 34.00171 33.997448 34.10599 34.246784 34.242077 34.08562 33.614594 33.814728 33.750828 33.82133 34.04361 34.05654 34.177216
34.08829 33.991993 33.865288 33.87974 33.885437 33.737877 33.580536 33.10343 32.437645 31.923199 31.647556 31.575245 31.759506 32.75949 33.521763 33.660294 33.683018 33.720146 33.77328 33.805126 33.670395 33.604294 33.679745 33.895996 34.068203 34.239807 34.350307 34.396942 -32767.0 34.003414 33.926636 -32767.0 33.371162 33.25839 33.04111 33.170094 33.118584 33.697956 34.142105 34.01936 34.223812 34.240486 34.147884 34.107655 34.13873 34.21109 33.993977 33.97417 34.043976 34.190594 34.27468 34.26239 34.085472 34.034508 33.713978 33.629177 33.774242 34.03222 34.071987 33.973423 34.247272
33.90997 33.854298 33.829067 33.73866 33.789032 33.729153 33.670723 33.520115 33.411526 33.00994 32.629856 32.76716 33.117252 33.444073 33.47513 33.61665 33.67638 33.729584 33.7482 33.801865 33.82916 33.898285 33.91016 33.976368 34.100327 34.29367 34.414295 34.476334 34.284855 -32767.0 33.864082 33.450104 33.33311 33.03329 33.016228 33.04367 33.131844 33.70037 34.113197 34.23891 34.34414 34.32805 34.091953 34.119347 34.158604 34.1238 34.082016 34.09039 34.0679 34.293503 34.386387 34.359577 34.10093 33.830193 33.65294 33.85843 34.05818 34.049767 34.034885 34.028957 34.20222
33.802555 33.612335 33.686886 33.653587 33.549744 33.55663 33.595573 33.600014 33.54457 33.41208 33.412384 33.460976 33.306072 33.41851 33.5012 33.596485 33.687885 33.79819 33.883224 34.055412 34.172947 34.225956 34.241592 34.253605 34.325874 34.369904 34.402378 34.359665 34.40708 34.356834 34.03082 33.57438 33.56177 33.552868 33.364826 33.31834 33.376198 34.14777 34.123127 34.296112 34.40659 34.372787 34.09882 34.091537 34.082832 34.007072 34.0039 34.053722 34.06598 34.34267 34.39837 34.36912 34.246742 34.149025 34.031693 34.071663 34.080456 34.009613 34.053967 34.128933 34.17999
33.721287 33.589867 33.467903 33.52392 33.410286 33.413013 33.406544 33.47467 33.446026 33.467697 33.49094 33.379704 33.331 33.53657 33.6521 33.696564 33.787224 33.950104 34.1589 34.22857 34.27594 34.36412 34.400642 34.41995 34.418934 34.44893 34.53122 34.496426 34.28139 34.264286 34.26984 34.29947 34.274815 34.243683 34.23888 34.260067 34.21511 34.158493 34.156307 34.38086 34.434776 34.388077 34.122383 34.074627 34.082466 34.109386 34.03006 34.013332 34.11991 34.2682 34.360058 34.35885 34.41481 34.220486 34.09343 34.1469 34.15973 34.11041 33.99165 34.43769 34.18177
33.841854 33.699516 33.60451 33.448326 33.248425 33.375576 33.460308 33.49547 33.456028 33.41955 33.389824 33.338943 33.257523 33.45948 33.60623 33.86973 34.040257 34.13747 34.160923 34.31485 34.48359 34.50049 34.49723 34.48502 34.47451 34.469257 34.49483 34.49484 34.39907 34.231323 34.180687 34.17251 34.173 34.176914 34.177185 34.168102 34.204014 34.16 34.296307 34.50439 34.444237 34.277905 34.111656 34.095215 34.1812 34.187893 34.09453 34.03113 34.000664 34.05836 34.276054 34.2841 34.180298 34.12629 34.193886 34.141766 34.0791 34.047512 34.294613 34.492462 34.182434
33.784748 33.653816 33.34834 33.069668 33.354004 33.254887 33.328087 33.330505 33.274136 33.35018 33.3632 33.336365 33.486546 33.568813 33.946503 33.964375 34.17074 34.184433 34.157402 34.45752 34.40008 34.338764 34.348446 34.367523 34.43173 34.40565 34.399 34.424206 34.392845 34.343185 34.260426 34.258587 34.225677 34.228695 34.20957 34.203762 34.16838 34.360275 34.46777 34.59954 34.441742 34.13849 34.08897 34.16571 34.176594 34.105648 34.057728 34.003784 33.98667 33.996128 34.04652 34.08476 34.10716 34.1868 34.204357 34.062107 34.10164 34.494125 34.55632 34.331856 34.174416
33.36207 33.030373 32.971622 32.781887 32.808853 33.228344 33.251488 33.120487 33.127625 33.21865 33.437817 33.457165 33.577267 33.957333 33.89466 34.03805 34.300903 34.15654 34.25945 34.412514 34.352318 34.330856 34.31753 34.339195 34.350643 34.29016 34.268738 34.229733 34.227913 34.23419 34.22063 34.209827 34.21248 34.220737 34.228443 34.33901 34.422245 34.50694 34.5025 34.582973 34.45782 34.133774 34.09812 34.129826 34.16342 34.14455 34.06664 33.988052 33.997093 33.963478 34.049084 34.096745 34.10821 34.21091 34.048794 34.16556 34.403286 34.478294 34.27867 34.170723 34.162746
33.03897 33.180332 33.112446 32.830788 32.92375 33.08565 33.075832 33.232986 33.314392 33.358795 33.43823 33.557117 33.80614 33.991547 33.887844 34.131695 34.342964 34.178394 34.371773 34.38721 34.40845 34.325153 34.265427 34.266674 34.241524 34.256016 34.317432 34.298077 34.275352 34.273266 34.334225 34.442146 34.53546 34.550922 34.49751 34.44006 34.416737 34.415676 34.428364 34.542473 34.503334 34.245773 34.152344 34.16509 34.174263 34.295696 34.12414 33.94824 34.02905 34.060276 33.97113 34.139797 34.20485 34.094 34.260685 34.374958 34.345657 34.212833 34.12822 34.15935 34.17075
33.144714 33.670353 33.777786 33.17842 32.85925 33.006527 33.37919 33.333187 33.38795 33.450394 33.582603 33.724087 33.872746 34.02076 33.916 34.062477 34.35557 34.27843 34.416912 34.417583 34.49759 34.492077 34.442883 34.31663 34.347965 34.401993 34.49592 34.55477 34.53368 34.533714 34.491158 34.44319 34.346897 34.289017 34.264553 34.269794 34.262146 34.25955 34.331417 34.5181 34.563946 34.45516 34.216797 34.18694 34.3786 34.506287 34.389088 34.01144 34.114685 34.11418 34.052307 34.20738 34.16271 34.214043 34.26532 34.16472 34.23136 34.260086 34.25796 34.23995 34.188694
33.83624 34.136356 34.026165 33.984512 33.561512 33.02583 33.373096 33.4354 33.406475 33.538002 33.707424 33.80311 33.813374 33.819984 34.134464 34.13555 34.335674 34.31689 34.450817 34.465034 34.40759 34.4497 34.427452 34.48052 -32767.0 34.417686 34.487682 34.50463 34.58085 34.527794 34.309456 34.305767 34.41942 34.474056 34.473465 34.40565 34.33226 34.273922 34.360455 34.508976 34.59463 34.330997 34.187805 34.198853 34.321724 34.48041 34.544292 34.247555 34.116158 34.090256 34.126125 34.185722 34.165424 34.286514 34.234306 34.26938 34.256413 34.253536 34.267017 34.308132 34.331314
33.839138 33.97392 34.09205 33.75161 33.4625 33.44825 33.191288 33.323994 33.33386 33.436993 33.696106 33.83169 33.785408 34.064625 34.25521 34.149975 34.32823 34.3576 34.474335 34.449116 34.35334 34.33765 34.40187 34.444622 34.450214 34.432484 34.559586 34.60242 34.489796 34.275616 34.43457 34.518475 34.475178 34.45084 34.50726 34.516586 34.342346 34.261868 34.468708 34.561806 34.545002 34.219177 34.28089 34.50777 34.566505 34.576504 34.46791 34.43555 34.036945 34.121426 34.1457 34.126125 34.36503 34.2089 34.273056 34.27937 34.31494 34.318462 34.32103 34.337093 34.328773
34.04658 34.007748 34.101788 33.67754 33.274384 33.29165 33.20377 33.287033 33.259186 33.485317 33.726696 33.799103 34.144135 34.260746 34.20075 34.33987 34.359623 34.45887 34.47184 34.411694 34.348656 34.503468 34.47744 -32767.0 34.388195 34.44296 34.548782 34.38271 34.3028 34.48935 34.477547 34.41521 34.403088 34.416283 34.473423 34.52892 34.32099 34.243946 34.53726 34.6027 34.438435 34.281208 34.466404 34.47297 34.588184 34.62773 34.603 34.519493 34.31707 34.182846 34.24489 34.463657 34.35855 34.231724 34.269627 34.28773 34.505005 34.519413 34.4231 34.388344 34.391525
33.94883 33.80694 33.70945 33.458508 33.325222 33.313828 33.36092 33.464077 33.630768 33.853405 34.15879 34.310223 34.24979 34.31227 34.47604 34.443573 34.496994 34.537113 34.45517 34.421223 34.358044 34.44269 34.45989 34.42416 34.35002 34.35074 34.51739 34.274094 34.447838 34.4894 34.404934 34.40882 34.456562 34.490322 34.55757 34.4191 34.246765 34.425377 34.58549 34.55372 34.360603 34.422028 34.365185 34.469494 34.58964 34.63165 34.622803 34.499676 34.59622 34.599075 34.61154 34.586487 34.5318 34.266983 34.269905 34.38762 34.708603 34.731888 34.682888 34.74424 34.65272
33.74744 33.998558 33.601437 33.54884 33.886204 34.06576 34.052113 33.87315 33.91964 34.288986 34.24072 34.240055 34.362606 34.461494 34.447735 34.515575 34.55344 34.526443 34.502712 34.452152 34.373405 34.452805 34.396843 34.40112 34.382034 34.362206 34.505047 34.27475 34.488598 34.42261 34.36046 34.403435 34.476933 34.516373 34.46707 34.279476 34.314335 34.557056 34.583908 34.449364 34.364464 34.463238 34.582928 34.60126 34.6106 34.626724 34.623787 34.55631 34.521374 34.50409 34.49833 34.494328 34.60481 34.612392 34.55014 34.72986 34.778458 34.766167 34.75516 34.774193 34.722286
33.55846 33.503044 34.186035 34.296688 34.13986 34.052498 34.049065 34.22147 34.273445 34.268112 34.223526 34.241173 34.394337 34.47807 34.488163 34.55878 34.54769 34.540344 34.548084 34.52424 34.421185 34.409565 34.37492 34.355087 34.373783 34.3896 34.4885 34.28246 34.479504 34.385387 34.334873 34.319714 34.37295 34.35414 34.284958 34.338593 34.5155 34.59596 34.46165 34.35925 34.43506 34.46476 34.473206 34.449894 34.48676 34.62043 34.640553 34.626614 34.522697 34.52977 34.5293 34.493107 34.48483 34.646915 34.661808 34.699375 34.77585 34.725937 34.7336 34.755173 34.76574
33.371918 33.304947 33.393414 33.80802 34.01335 33.91923 33.796658 34.019512 34.186016 34.238136 34.21835 34.246197 34.39936 34.48592 34.4943 34.56408 34.55568 34.57027 34.590412 34.590298 -32767.0 34.433197 34.370377 34.366306 34.351887 34.4262 34.446674 34.28425 34.48027 34.39935 34.342804 34.301994 34.303585 34.3202 34.387104 34.478786 34.55041 34.4426 34.357117 34.33867 34.27354 34.282547 34.312824 34.351612 34.40097 34.498367 34.67886 34.631615 34.56839 34.5426 34.5763 34.559464 34.531868 34.54326 34.652344 34.70266 34.759563 34.729782 34.686115 34.718655 34.73064
