static/data/salinity/2023/7/27/18.asc
ncols 137
nrows 93
xllcorner 108.0
yllcorner 17.0
cellsize 0.25
NODATA_value -32767
[rows 56 to 83 of 93, columns 61 to 121 of 137]
34.31165 34.299194 34.304443 34.317413 34.36974 34.435608 34.4066 34.377098 34.26003 34.29049 34.416172 34.5106 34.56719 34.573215 34.495575 34.542057 34.505432 34.54462 34.572254 34.579655 34.57278 34.578243 34.56908 34.549953 34.578796 34.536873 34.518814 34.48437 34.384388 34.451843 34.372437 34.42386 34.459114 34.48084 34.357727 34.23851 34.146004 34.293297 34.411835 34.45491 34.44778 34.37572 34.291454 34.316574 34.34737 34.417328 34.474766 34.56187 34.678684 34.652218 34.60642 34.60046 34.631523 34.693672 34.612705 34.603634 34.595337 34.64476 34.79221 34.88826 34.954514
34.329346 34.336494 34.361668 34.343014 34.386196 34.40063 34.319363 34.32093 34.38141 34.365353 34.527664 34.54235 34.58344 34.564705 34.49808 34.556725 34.50278 34.595486 34.662674 34.598583 34.565853 34.585476 34.58876 34.585472 34.570305 34.411427 34.60888 34.60076 34.35187 34.425102 34.383167 34.406044 34.438747 34.3897 34.249043 34.154003 34.23798 34.46098 34.49225 34.432144 34.395737 34.4229 34.34633 34.308235 34.3109 34.435226 34.50382 34.499672 34.679695 34.66996 34.645622 34.604057 34.59416 34.670868 34.632717 34.609055 34.628025 34.646133 34.74805 34.86682 35.045845
34.34931 34.290825 34.327988 34.363247 34.380566 34.26788 34.45068 34.34941 34.372643 34.44387 34.527496 34.544285 34.605087 34.522205 34.491386 34.49551 34.57066 34.64422 34.650406 34.561947 34.59421 34.60998 34.626705 34.604923 34.558346 34.337513 34.595642 34.678707 34.37208 34.356438 34.40596 34.38316 34.40195 34.32349 34.2274 34.181625 34.310238 34.492973 34.464077 34.38338 34.36986 34.414948 34.37974 34.29981 34.3341 34.465088 34.551956 34.503952 34.62152 34.67267 34.662777 34.647205 34.62596 34.60735 34.610027 34.63239 34.64764 34.660503 34.7301 34.92626 35.127758
34.41313 34.327183 34.26687 34.307495 34.44517 34.437843 34.369125 34.38069 34.37956 34.52964 34.441177 34.49165 34.600147 34.549416 34.52798 34.595093 34.60872 34.612682 34.595497 34.567554 34.5796 34.59233 34.593937 34.555084 34.430603 34.34501 34.56499 34.711952 34.519257 34.358257 34.403004 34.365334 34.385635 34.303802 34.24086 34.22709 34.297123 34.43011 34.352795 34.34287 34.386642 34.42046 34.37449 34.336678 34.405663 34.546307 34.607643 34.55424 34.526146 34.663216 34.658073 34.68281 34.66633 34.6601 34.655804 34.653873 34.663403 34.68386 34.867336 35.009426 35.150322
34.371193 34.385677 34.33379 34.363518 34.473743 34.37003 34.37353 34.335354 34.47151 34.504025 34.401287 34.446846 34.566685 34.595284 34.60397 34.529182 34.62274 34.611214 34.54777 34.555454 34.564846 34.542477 34.50949 34.493423 34.256065 34.361053 34.644695 34.74808 34.677635 34.390915 34.323517 34.35498 34.343155 34.304 34.30744 34.296787 34.273266 34.302113 34.366337 34.46331 34.488365 34.422447 34.35156 34.370056 34.513634 34.64045 34.63149 34.56595 34.539772 34.572834 34.62729 34.690197 34.71586 34.691265 34.672665 34.672665 34.699776 34.847294 34.964756 35.02605 35.08389
34.386486 34.36447 34.339436 34.39357 34.434975 34.348045 34.321583 34.32032 34.355633 34.442116 34.40054 34.494396 34.48526 34.588577 34.546192 34.559204 34.617455 34.556244 34.562943 34.5304 34.551174 34.546246 34.478287 34.367516 34.223423 34.551647 34.751034 34.756905 34.73715 34.458923 34.366566 34.3367 34.3356 34.328712 34.35255 34.41449 34.452366 34.48464 34.51736 34.549217 34.479546 34.379528 34.377937 34.45433 34.609486 34.64181 34.56867 34.521294 34.52446 34.535534 34.59402 34.67658 34.76636 34.747147 34.700867 34.692314 34.746227 34.89435 35.02476 35.004913 35.094
34.39102 34.317825 34.307827 34.391853 34.412926 34.285152 34.290234 34.290337 34.32 34.37233 34.44389 34.56011 34.541336 34.576603 34.565643 34.638844 34.580498 34.557037 34.506927 34.529285 34.562836 34.51084 34.405575 34.256683 34.60379 34.69308 34.708115 34.71236 34.732773 34.640076 34.45743 34.39669 34.33328 34.327927 34.360832 34.437523 34.498955 34.518295 34.54325 34.52856 34.450844 34.484055 34.549446 34.611828 34.64232 34.606365 34.603313 34.57882 34.51594 34.54872 34.58414 34.710346 34.839233 34.794353 34.74083 34.713417 34.91185 34.952736 35.00108 35.02186 34.99565
34.38614 34.31748 34.255585 34.271545 34.27906 34.264202 34.287212 34.2803 34.308174 34.364807 34.47709 34.581043 34.54329 34.55569 34.59884 34.646263 34.581932 34.530624 34.516502 34.542896 34.455048 34.3708 34.43521 34.700455 34.69049 34.68616 34.679073 34.682755 34.694286 34.720207 34.69807 34.645565 34.522392 34.427357 34.39227 34.41712 34.440083 34.456253 34.472958 34.543133 34.641026 34.670498 34.648434 34.596214 34.534225 34.54936 34.636925 34.54972 34.522152 34.540794 34.57477 34.76748 34.888004 34.84129 34.729153 34.76418 34.773727 34.795662 34.845 34.830696 34.78088
34.334965 34.295235 34.307507 34.30831 34.31803 34.36005 34.35483 34.32571 34.340206 34.39044 34.44404 34.56736 34.57242 34.617393 34.60911 34.647625 34.60691 34.5645 34.560184 34.493645 34.490417 34.650043 34.716396 34.691055 34.69928 34.706665 34.699944 34.681076 34.654064 34.640743 34.640217 34.649727 34.660103 34.655525 34.653843 34.650784 34.64811 34.660393 34.66594 34.64437 34.582626 34.510853 34.50364 34.510647 34.48403 34.494656 34.648273 34.583202 34.493324 34.53799 34.566372 34.789696 34.867672 34.80516 34.717663 34.965797 34.778008 34.78999 34.74214 34.700306 34.701187
34.357903 34.38527 34.368435 34.333767 34.349113 34.45965 34.449417 34.422523 34.427616 34.45234 34.464325 34.562897 34.606598 34.64274 34.609123 34.62973 34.598377 34.608215 34.626274 34.657345 34.700813 34.713066 34.70272 34.69482 34.704327 34.72394 34.740562 34.739143 34.7244 34.71345 34.694584 34.6546 34.613125 34.56295 34.55413 34.566452 34.573902 34.572628 34.556652 34.553596 34.55212 34.542446 34.538544 34.554695 34.53107 34.480087 34.637054 34.567657 34.52665 34.523796 34.570564 34.78388 34.802814 34.725773 34.823277 34.910946 34.74003 34.758484 34.605835 34.612972 34.63747
34.42563 34.409683 34.37937 34.347374 34.366104 34.46559 34.512962 34.532898 34.54434 34.568005 34.50339 34.55913 34.655254 34.617836 34.617367 34.59865 34.63687 34.639893 34.6045 34.595833 34.602173 34.632496 34.670452 34.670246 34.660717 34.65556 34.693527 34.727036 34.743458 34.730206 34.72313 34.711113 34.700054 34.646873 34.560955 34.532017 34.546944 34.579166 34.55959 34.59326 34.591244 34.561478 34.538956 34.532574 34.52999 34.534576 34.61513 34.59501 34.540516 34.514313 34.57963 34.770966 34.739292 34.72828 35.032803 34.91861 34.7262 34.741554 34.608517 34.7016 34.80016
34.42977 34.433975 34.4062 34.380295 34.358994 34.418606 34.495724 34.52576 34.545063 34.596115 34.53689 34.56596 34.662724 34.603893 34.62021 34.602745 34.59774 34.590252 34.60414 34.602615 34.595547 34.654903 34.651543 34.60469 34.601875 34.652115 34.682804 34.66164 34.714493 34.710514 34.706436 34.704365 34.711594 34.690968 34.59099 34.526546 34.530945 34.564686 34.618504 34.637886 34.610817 34.562157 34.62348 34.63119 34.62285 34.588726 34.5484 34.54281 34.536613 34.501305 34.58362 34.747192 34.703846 34.829624 35.03862 34.99331 34.840828 34.744076 34.7216 34.65583 34.697594
34.447525 34.46775 34.41542 34.42352 34.415882 34.379005 34.492317 34.569996 34.578228 34.590626 34.557182 34.601078 34.67104 34.61372 34.61835 34.610264 34.584503 34.59177 34.595787 34.620956 34.624 34.641453 34.624874 34.5484 34.5112 34.558506 34.658867 34.694412 34.665367 34.703472 34.6722 34.686977 34.69906 34.699875 34.61338 34.537914 34.52701 34.575447 34.632294 34.66625 34.65803 34.589138 34.643208 34.662743 34.645157 34.628002 34.612915 34.584442 34.54388 34.498363 34.59096 34.707832 34.724243 35.003708 34.909355 34.948864 34.90895 34.79068 34.781116 34.82066 34.79147
34.401012 34.433258 34.43708 34.436817 34.451473 34.439907 34.448425 34.61194 34.62568 34.606106 34.576954 34.633602 34.6815 34.617832 34.61521 34.598457 34.57082 34.52284 34.54002 34.58265 34.636738 34.63618 34.608994 34.51459 34.444622 34.433277 34.572025 34.67421 34.664722 34.68064 34.66048 34.661633 34.685577 34.683147 34.689964 34.582367 34.58315 34.594856 34.59603 34.65715 34.667557 34.637753 34.606697 34.6726 34.622227 34.58624 34.586887 34.591797 34.540527 34.539856 34.585106 34.691254 34.821983 34.955395 34.8431 34.924313 34.92598 34.872513 34.79984 34.767742 34.775646
34.50999 34.519684 34.507458 34.534405 34.515507 34.47366 34.405922 34.61979 34.62596 34.608624 34.58174 34.662716 34.690807 34.62955 34.615265 34.587234 34.535282 34.50786 34.521046 34.552944 34.639713 34.64791 34.582787 34.47201 34.379917 34.357002 34.429653 34.644485 34.663883 34.668354 34.635307 34.642246 34.668694 34.661163 34.66265 34.68749 34.618645 34.62347 34.59189 34.61702 34.6652 34.643085 34.57244 34.67734 34.6219 34.57456 34.56008 34.575466 34.543297 34.540504 34.55961 34.704956 34.839954 34.932133 34.792904 34.829575 34.819378 34.810703 34.86303 34.83876 34.7305
34.55495 34.61183 34.631443 34.585266 34.508972 34.474518 34.40086 34.61386 34.625866 34.605087 34.57856 34.65945 34.695206 34.644024 34.62573 34.59444 34.563885 34.52751 34.5473 34.568726 34.641033 34.647446 34.543694 34.412052 34.313663 34.266018 34.324295 34.58056 34.652596 34.620083 34.59682 34.615635 34.652256 34.649433 34.635597 34.65542 34.70804 34.62557 34.613552 34.619865 34.676174 34.64322 34.558945 34.66698 34.651676 34.590652 34.548344 34.559074 34.54665 34.531292 34.55286 34.713753 34.797493 34.94131 34.828793 34.86395 34.89156 34.877087 34.750504 34.772995 34.818687
34.603092 34.64798 34.658184 34.640095 34.508083 34.43653 34.455715 34.615395 34.63439 34.59332 34.572163 34.640312 34.69411 34.660645 34.63195 34.609074 34.587574 34.577164 34.58353 34.628407 34.65569 34.6323 34.534622 34.376034 34.26297 34.211636 34.24771 34.469673 34.59434 34.580364 34.553047 34.5517 34.592293 34.629173 34.60696 34.592022 34.659054 34.719753 34.691727 34.68999 34.665825 34.62917 34.543922 34.636803 34.68816 34.609493 34.550095 34.55914 34.551376 34.544945 34.561195 34.717426 34.80256 34.899273 34.865543 34.906 34.882492 34.788372 34.767857 34.810204 34.846134
34.652214 34.674316 34.65211 34.654453 34.467014 34.388218 34.55947 34.624775 34.63514 34.570072 34.568928 34.62023 34.66761 34.678013 34.65443 34.637325 34.629852 34.63767 34.65185 34.632164 34.632847 34.633656 34.485996 34.220016 34.123837 34.127537 34.215958 34.356083 34.559147 34.55364 34.513264 34.4973 34.497883 34.515953 34.520397 34.513123 34.56937 34.691376 34.72384 34.672092 34.66629 34.57401 34.52699 34.62327 34.706882 34.613625 34.59389 34.56082 34.551674 34.558426 34.622 34.70331 34.878746 34.838318 34.853275 34.852806 34.82737 34.79871 34.82269 34.84083 34.795727
34.62571 34.6502 34.661865 34.65039 34.540768 34.550438 34.61615 34.63026 34.632576 34.560287 34.573547 34.60827 34.625843 34.62591 34.61387 34.59654 34.55676 34.51255 34.461746 34.40714 34.344738 34.264244 34.133286 34.11754 34.14503 34.071175 34.15289 34.269688 34.540066 34.58397 34.520653 34.416813 34.437607 34.44546 34.447983 34.466328 34.531788 34.626236 34.71247 34.675297 34.638195 34.520912 34.542435 34.6308 34.706383 34.668846 34.62266 34.58469 34.593533 34.65646 34.683315 34.83518 34.91201 34.860733 34.87526 34.872753 34.816772 34.738907 34.669662 34.641262 34.66745
34.639698 34.647705 34.653862 34.628277 34.636272 34.63327 34.627037 34.63318 34.62951 34.57326 34.58328 34.590046 34.603073 34.57689 34.51044 34.442722 34.390423 34.341778 34.28219 34.215332 34.15889 34.159588 34.242985 34.40461 34.22766 34.084034 34.099125 34.193405 34.376785 34.4611 34.366283 34.337646 34.39509 34.415855 34.395912 34.410526 34.509846 34.59432 34.69688 34.668663 34.625587 34.488075 34.558792 34.64009 34.698635 34.697247 34.62214 34.62131 34.62746 34.696278 34.86738 34.9653 34.953156 34.87202 34.676884 34.56601 34.53073 34.499874 34.45983 34.444656 34.50102
34.6205 34.62112 34.62282 34.62017 34.616505 34.61888 34.628937 34.633366 34.631165 34.584713 34.60478 34.60587 34.584843 34.448406 34.385197 34.32 34.24738 34.22602 34.23862 34.295177 34.38634 34.490482 34.531998 34.420925 34.22786 34.085796 34.099907 34.15423 34.208588 34.243343 34.29699 34.39309 34.442184 34.392887 34.367424 34.365993 34.512627 34.58354 34.668312 34.662537 34.608555 34.450714 34.619408 34.6373 34.6675 34.72851 34.767437 34.80928 34.855206 34.922176 34.98157 34.802837 34.645775 34.590477 34.529667 34.47006 34.43193 34.36731 34.31245 34.295563 34.35386
34.606224 34.61075 34.60772 34.598038 34.60401 34.614143 34.624054 34.63153 34.631004 34.587833 34.595966 34.56574 34.41735 34.384872 34.253822 34.259388 34.411556 34.45474 34.40808 34.43705 34.392643 34.408104 34.434532 34.42351 34.437344 34.417904 34.348873 34.308132 34.331394 34.411724 34.44998 34.440285 34.355602 34.36953 34.32111 34.376385 34.53113 34.60278 34.630478 34.656746 34.591423 34.472317 34.609154 34.62349 34.633404 34.635338 34.68616 34.76945 34.79362 34.764072 34.688667 34.645615 34.55119 34.506424 34.536457 34.334583 34.314476 34.325783 34.30911 34.289448 34.368965
34.583828 34.599342 34.587997 34.558052 34.552948 34.61071 34.605915 34.61255 34.62066 34.60594 34.607647 34.43712 34.39923 34.276882 34.18442 34.466667 34.492043 34.371857 34.279118 34.318027 34.325363 34.370644 34.39505 34.41484 34.433346 34.42918 34.42106 34.40997 34.409237 34.404106 34.398975 34.40068 34.42624 34.33244 34.272434 34.446724 34.532776 34.558376 34.6153 34.64763 34.58828 34.475548 34.543247 34.624817 34.62287 34.631645 34.63975 34.64441 34.662617 34.664913 34.643536 34.52985 34.600456 34.491814 34.367786 34.344578 34.367672 34.43452 34.436996 34.38684 34.382782
34.585033 34.582443 34.592228 34.573475 34.495655 34.541702 34.61755 34.60337 34.61034 34.619713 34.433487 34.460697 34.366253 34.216984 34.177223 34.36672 34.46302 34.288223 34.262955 34.31464 34.409237 34.457287 34.490486 34.49576 34.481915 34.491283 34.468327 34.44716 34.442875 34.452137 34.45 34.452007 34.344753 34.301613 34.380657 34.510975 34.550358 34.567028 34.60068 34.62248 34.57133 34.519943 34.54132 34.590336 34.608795 34.66845 34.649704 34.63898 34.640896 34.63419 34.531376 34.63433 34.5559 34.406376 34.33011 34.352596 34.44286 34.546665 34.538296 34.539154 34.46386
34.59793 34.59312 34.616543 34.58376 34.504227 34.460655 34.53545 34.57173 34.523205 34.432636 34.502327 34.4854 34.369297 34.201077 34.160255 34.187923 34.43164 34.30438 34.34631 34.415966 34.424286 34.492573 34.52245 34.48866 34.552998 34.52248 34.430584 34.413303 34.419292 34.427 34.437584 34.424126 34.29225 34.382065 34.4561 34.509533 34.53607 34.562305 34.58711 34.625942 34.59897 34.567745 34.571163 34.620323 34.66208 34.65698 34.625813 34.59994 34.59437 34.533337 34.59136 34.66322 34.482826 34.42921 34.31459 34.30976 34.410664 34.5164 34.523464 34.538776 34.538105
34.60535 34.624363 34.652473 34.61895 34.537655 34.461933 34.45491 34.437775 34.429386 34.47486 34.543106 34.526176 34.390747 34.20547 34.13071 34.124584 34.38953 34.330513 34.311657 34.36609 34.446712 34.526993 34.510895 34.496796 34.47071 34.483402 34.422653 34.381588 34.390144 34.39073 34.399303 34.34355 34.250385 34.290337 34.38823 34.490807 34.521255 34.565075 34.599842 34.607418 34.586536 34.597313 34.653133 34.65516 34.63576 34.54533 34.530735 34.52829 34.512665 34.540516 34.75936 34.576992 34.56382 34.394318 34.310772 34.269573 34.30475 34.387474 34.488796 34.521244 34.54063
34.606155 34.640224 34.665527 34.63089 34.587044 34.495335 34.440853 34.42826 34.433235 34.46917 34.53558 34.54454 34.389194 34.15917 34.11993 34.12741 34.383396 34.357273 34.298786 34.322712 34.436615 34.51122 34.475513 34.437252 34.45858 34.462067 34.44941 34.397057 34.35528 34.354156 34.360443 34.324127 34.23918 34.264313 34.42995 34.470177 34.524216 34.59028 34.6258 34.575108 34.622654 34.655388 34.669388 34.65288 34.536453 34.50343 34.481808 34.482113 34.521233 34.7132 34.732803 34.68816 34.68153 34.577557 34.46043 34.31746 34.232548 34.251507 34.325733 34.463753 34.518322
34.622158 34.653053 34.677135 34.653328 34.613255 34.602676 34.58439 34.570145 34.565666 34.570942 34.553818 34.512478 34.370052 34.12664 34.11362 34.149143 34.408512 34.403725 34.31961 34.311665 34.393337 34.426197 34.438663 34.435665 34.4731 34.468174 34.47973 34.47329 34.458153 34.380898 34.3284 34.31258 34.294758 34.36333 34.422485 34.49063 34.5896 34.63305 34.679447 34.67402 34.65778 34.68415 34.740623 34.61658 34.54699 34.50681 34.516148 34.547382 34.66273 34.783344 34.779423 34.77844 34.81785 34.784367 34.692234 34.561317 34.412086 34.254234 34.20691 34.28248 34.389427
