static/data/salinity/2023/7/27/6.asc
ncols 137
nrows 93
xllcorner 108.0
yllcorner 17.0
cellsize 0.25
NODATA_value -32767
[rows 56 to 83 of 93, columns 61 to 121 of 137]
34.282543 34.29111 34.314312 34.39221 34.43575 34.37667 34.383118 34.32202 34.2218 34.233784 34.398685 34.49149 34.591057 34.58068 34.469967 34.542484 34.50355 34.54934 34.568535 34.57325 34.57662 34.572186 34.531075 34.520977 34.571484 34.570736 34.430508 34.534767 34.358196 34.475876 34.381714 34.3687 34.424786 34.452374 34.378944 34.16621 34.03048 34.257645 34.405613 34.47015 34.434696 34.316044 34.281895 34.306507 34.356377 34.41158 34.476242 34.592186 34.683064 34.647625 34.61418 34.597607 34.66225 34.684795 34.60796 34.60081 34.608402 34.67356 34.774105 34.936646 34.94026
34.33518 34.34306 34.338734 34.384342 34.392735 34.383484 34.237717 34.29763 34.387203 34.39003 34.5205 34.538628 34.589954 34.566208 34.482613 34.55945 34.49979 34.598526 34.619072 34.561035 34.57936 34.58236 34.598133 34.574177 34.554207 34.43438 34.55111 34.635162 34.34049 34.401394 34.355972 34.360153 34.41496 34.383175 34.270695 34.150265 34.188408 34.412594 34.470726 34.454544 34.399483 34.439262 34.31397 34.31448 34.321873 34.405716 34.46812 34.51109 34.68488 34.676834 34.651886 34.610283 34.59627 34.63076 34.617535 34.603035 34.620697 34.66667 34.81263 34.887928 35.026134
34.299534 34.319515 34.352345 34.359726 34.290737 34.25997 34.442818 34.33356 34.352646 34.49156 34.52899 34.560936 34.59888 34.52133 34.48384 34.489857 34.57093 34.66618 34.647007 34.56484 34.610355 34.615543 34.633595 34.586838 34.55732 34.31409 34.579086 34.683468 34.396908 34.35739 34.404747 34.348656 34.379925 34.322334 34.228714 34.195564 34.26818 34.46498 34.484257 34.40012 34.375008 34.41548 34.378517 34.28284 34.308502 34.42733 34.516087 34.496593 34.65374 34.67486 34.663635 34.64585 34.626984 34.604256 34.613937 34.633884 34.64364 34.664524 34.778336 34.922024 35.10556
34.359295 34.257103 34.23733 34.29889 34.452953 34.428513 34.344337 34.372612 34.389576 34.527775 34.4776 34.54387 34.604862 34.547615 34.531742 34.599865 34.625397 34.63204 34.57575 34.568073 34.57875 34.58609 34.57582 34.54484 34.44035 34.303207 34.53289 34.685097 34.587723 34.373566 34.346386 34.3473 34.337402 34.3006 34.268124 34.23867 34.283314 34.38685 34.34876 34.344154 34.372993 34.405388 34.37639 34.3176 34.373573 34.49615 34.583202 34.524906 34.53611 34.678646 34.66429 34.67648 34.666183 34.657833 34.657898 34.64988 34.65937 34.677498 34.860847 35.000656 35.168175
34.38848 34.380955 34.307533 34.378986 34.46964 34.375347 34.364838 34.340652 34.488922 34.512875 34.43349 34.447685 34.60146 34.600086 34.60537 34.539387 34.626335 34.596066 34.54002 34.540688 34.554413 34.541092 34.499832 34.49978 34.25999 34.314476 34.57602 34.72638 34.73433 34.41948 34.308323 34.333622 34.33051 34.29292 34.309704 34.33592 34.30689 34.326023 34.399986 34.442562 34.452812 34.426167 34.34665 34.33056 34.46181 34.607346 34.62172 34.57381 34.539883 34.590115 34.63125 34.692734 34.708145 34.685055 34.671215 34.67312 34.692783 34.80596 34.92383 35.030746 35.106506
34.368973 34.355892 34.362373 34.44868 34.412205 34.340363 34.3373 34.33021 34.37107 34.429455 34.42379 34.463295 34.509678 34.61244 34.516518 34.555405 34.62401 34.55659 34.558132 34.529186 34.52151 34.5492 34.492435 34.412624 34.209 34.473175 34.736107 34.754833 34.74654 34.557083 34.439274 34.30946 34.300205 34.31963 34.362537 34.45064 34.506252 34.518585 34.532856 34.53871 34.46457 34.364365 34.360767 34.453823 34.602913 34.65133 34.58356 34.51859 34.528507 34.53161 34.60287 34.681133 34.75936 34.74345 34.702118 34.691265 34.738934 34.892956 35.01279 35.005974 35.06083
34.36215 34.303997 34.315403 34.386242 34.414337 34.304993 34.304348 34.298794 34.337093 34.38243 34.45894 34.536953 34.519974 34.58325 34.56607 34.631584 34.58333 34.56069 34.518448 34.49701 34.550213 34.53234 34.45151 34.26366 34.499527 34.68375 34.719177 34.709736 34.71554 34.703148 34.5007 34.425556 34.376717 34.348034 34.365658 34.428417 34.49064 34.5297 34.552647 34.486443 34.420715 34.447823 34.520466 34.603992 34.648884 34.605537 34.581497 34.568542 34.508194 34.54628 34.59111 34.71035 34.837955 34.794067 34.73989 34.710415 34.89837 34.933422 34.99123 35.008224 35.06279
34.384983 34.304726 34.26181 34.285183 34.27424 34.264534 34.27983 34.283726 34.32304 34.37545 34.517918 34.587116 34.561646 34.553753 34.59112 34.647175 34.60643 34.542828 34.511703 34.534058 34.50384 34.396225 34.385384 34.65815 34.700397 34.68951 34.68211 34.689114 34.671276 34.714294 34.707005 34.671444 34.562283 34.46572 34.417923 34.426544 34.440716 34.45351 34.470676 34.55558 34.65249 34.667618 34.6376 34.56623 34.536274 34.530556 34.632042 34.54158 34.516384 34.535698 34.580196 34.756615 34.886158 34.84397 34.72378 34.747623 34.816036 34.850983 34.878624 34.864582 34.7893
34.331882 34.285213 34.27564 34.282097 34.30452 34.32625 34.332474 34.3082 34.3384 34.386127 34.49315 34.560772 34.56887 34.62174 34.62163 34.655254 34.62508 34.566334 34.56717 34.509975 34.493546 34.601826 34.714027 34.684345 34.702362 34.70822 34.705746 34.68532 34.64886 34.61934 34.62382 34.63623 34.648556 34.649986 34.659794 34.660236 34.65977 34.66632 34.672348 34.639214 34.562004 34.500694 34.499847 34.493866 34.46879 34.484703 34.65197 34.595463 34.495102 34.533566 34.57677 34.768673 34.865414 34.810043 34.7146 34.95358 34.742332 34.795246 34.799683 34.74002 34.728745
34.330864 34.354774 34.340134 34.3277 34.40082 34.453644 34.41202 34.392532 34.40131 34.44763 34.484535 34.555996 34.607 34.645245 34.614704 34.643238 34.6071 34.61253 34.64629 34.661823 34.691746 34.70426 34.70568 34.69352 34.706253 34.72514 34.741013 34.737976 34.71498 34.70224 34.693596 34.662617 34.62042 34.559063 34.54719 34.558956 34.563736 34.562057 34.54597 34.557404 34.553047 34.5403 34.544983 34.56098 34.525444 34.48978 34.64075 34.554943 34.51526 34.524673 34.575577 34.766674 34.816677 34.730206 34.78773 34.9915 34.725174 34.797974 34.62056 34.629704 34.61857
34.416603 34.385853 34.351273 34.32448 34.41167 34.502937 34.51858 34.526936 34.532627 34.544563 34.504147 34.557247 34.65758 34.61431 34.619007 34.61124 34.634296 34.619274 34.576046 34.564957 34.56965 34.612755 34.65785 34.67371 34.664345 34.658447 34.692566 34.72063 34.735065 34.716858 34.720367 34.715336 34.710415 34.66561 34.566563 34.534946 34.52364 34.580395 34.55777 34.577957 34.57633 34.554092 34.53545 34.528194 34.531776 34.533077 34.62091 34.557766 34.546352 34.514626 34.590168 34.764896 34.752068 34.712452 34.988457 34.98767 34.767162 34.74468 34.619858 34.687943 34.770252
34.41625 34.43229 34.38386 34.35184 34.364414 34.465313 34.51591 34.539402 34.561512 34.607563 34.537933 34.567677 34.66445 34.606148 34.623226 34.6069 34.604984 34.58853 34.60751 34.605328 34.588165 34.64298 34.66723 34.625942 34.621193 34.659946 34.68594 34.65317 34.7057 34.70109 34.696106 34.70351 34.713634 34.70656 34.594505 34.528004 34.511234 34.558453 34.589985 34.630936 34.611443 34.55601 34.604454 34.62497 34.612953 34.584106 34.54948 34.555634 34.540665 34.491013 34.589756 34.74891 34.699665 34.79085 35.04776 35.012463 34.90137 34.749554 34.77617 34.653934 34.670963
34.444424 34.464638 34.412148 34.401337 34.35764 34.42249 34.537117 34.576958 34.570496 34.605297 34.565273 34.604877 34.6773 34.613228 34.62429 34.61118 34.591408 34.5758 34.578552 34.613304 34.609993 34.634872 34.643185 34.56524 34.527534 34.5909 34.670834 34.69255 34.667515 34.70217 34.668697 34.686363 34.698025 34.704823 34.651608 34.530304 34.532158 34.565098 34.611515 34.65584 34.656433 34.586742 34.63974 34.662327 34.64264 34.62056 34.602512 34.57261 34.538773 34.509598 34.58806 34.725117 34.71574 34.996113 34.915936 34.94772 34.92517 34.828938 34.773567 34.82431 34.823433
34.407974 34.44193 34.431496 34.419556 34.436234 34.37911 34.556847 34.625698 34.61291 34.608967 34.580555 34.641083 34.686962 34.623466 34.622734 34.59862 34.580086 34.510433 34.521454 34.56446 34.62868 34.627396 34.621883 34.52304 34.466278 34.467136 34.613 34.677265 34.66006 34.67728 34.65493 34.662994 34.681652 34.683273 34.689194 34.6085 34.58809 34.604378 34.58656 34.656277 34.67515 34.64191 34.605995 34.67523 34.627823 34.588425 34.58432 34.582382 34.543373 34.55157 34.57415 34.71893 34.788868 34.992924 34.834526 34.89891 34.942566 34.891083 34.81892 34.761005 34.772022
34.478428 34.48175 34.481453 34.490593 34.47316 34.424435 34.52062 34.63458 34.61665 34.60573 34.58035 34.66469 34.694317 34.638905 34.630863 34.5998 34.55327 34.501987 34.517166 34.54325 34.639156 34.65149 34.58662 34.47972 34.393764 34.396336 34.513927 34.661915 34.6535 34.648552 34.619953 34.640724 34.657585 34.65159 34.637867 34.686405 34.63593 34.6227 34.59922 34.616405 34.663166 34.652695 34.572582 34.67815 34.6245 34.576717 34.558872 34.566643 34.541615 34.539387 34.555424 34.718925 34.816105 34.97403 34.80378 34.808582 34.81267 34.812187 34.850727 34.873043 34.742435
34.60344 34.6263 34.60786 34.51847 34.47674 34.42575 34.49915 34.63701 34.627083 34.5974 34.57299 34.654644 34.69459 34.652653 34.633522 34.605328 34.57712 34.552307 34.5488 34.566082 34.652096 34.64426 34.539295 34.41845 34.32089 34.29327 34.386425 34.612915 34.639153 34.59205 34.581364 34.610058 34.64446 34.644703 34.628162 34.632668 34.715164 34.641792 34.618675 34.61843 34.674873 34.638165 34.554523 34.674637 34.65204 34.590317 34.54737 34.557144 34.54767 34.543926 34.5576 34.716095 34.78301 34.94716 34.84281 34.887444 34.894146 34.89275 34.75988 34.751904 34.798443
34.646347 34.652218 34.606205 34.541214 34.47139 34.398582 34.53177 34.63392 34.63167 34.581844 34.564175 34.630222 34.691963 34.66127 34.64087 34.61126 34.59161 34.58091 34.588856 34.638607 34.65505 34.6131 34.504097 34.34963 34.248264 34.2359 34.282555 34.523926 34.593258 34.562862 34.51896 34.532257 34.56546 34.598873 34.590233 34.57987 34.644474 34.726406 34.6945 34.690598 34.666183 34.622425 34.540146 34.635967 34.691498 34.615326 34.562428 34.549347 34.546448 34.54628 34.577175 34.71897 34.799393 34.88205 34.867226 34.90567 34.872528 34.779377 34.77014 34.817894 34.85038
34.668076 34.653107 34.65667 34.557457 34.424633 34.39482 34.589233 34.635487 34.62862 34.558525 34.562843 34.60883 34.653126 34.68022 34.669945 34.652348 34.646854 34.651134 34.651005 34.63885 34.639587 34.606213 34.40024 34.222107 34.16388 34.16797 34.239315 34.431244 34.565002 34.543194 34.50458 34.481056 34.481075 34.50261 34.497707 34.500465 34.573425 34.686684 34.723312 34.672962 34.66741 34.573284 34.525047 34.619255 34.70186 34.629612 34.593124 34.578808 34.56414 34.57051 34.66508 34.69075 34.888245 34.8399 34.854427 34.845604 34.806362 34.783062 34.833572 34.83762 34.79775
34.67692 34.657116 34.649925 34.59378 34.457882 34.567085 34.620914 34.633945 34.62228 34.56399 34.57097 34.602837 34.615963 34.61133 34.59492 34.578056 34.55113 34.51962 34.4835 34.45428 34.424873 34.293007 34.11919 34.11731 34.086056 34.08913 34.21145 34.33549 34.55497 34.585896 34.499863 34.40768 34.442337 34.43626 34.425617 34.464874 34.54743 34.636173 34.710136 34.674183 34.640045 34.519756 34.540268 34.62709 34.687565 34.676533 34.64321 34.624123 34.63284 34.671597 34.669357 34.873104 34.91676 34.865215 34.878414 34.877647 34.82957 34.75089 34.67363 34.655582 34.66201
34.63751 34.653305 34.63707 34.634415 34.63405 34.62826 34.628407 34.63309 34.620907 34.58181 34.590115 34.5813 34.598507 34.561195 34.48565 34.418743 34.36548 34.308292 34.24983 34.192875 34.14553 34.131012 34.281067 34.30828 34.144722 34.07807 34.15266 34.22375 34.382042 34.424484 34.3562 34.354897 34.412945 34.395866 34.361504 34.436703 34.5396 34.60323 34.700527 34.67304 34.6356 34.488716 34.557224 34.639946 34.668648 34.726017 34.67083 34.645664 34.674374 34.778545 34.926945 34.967705 34.95668 34.892254 34.703197 34.58324 34.548153 34.51152 34.485065 34.49204 34.533306
34.64726 34.626587 34.62935 34.614254 34.616684 34.620525 34.626965 34.62931 34.62511 34.584846 34.603794 34.6057 34.57833 34.43746 34.376865 34.301895 34.227367 34.202698 34.21281 34.27153 34.378365 34.531437 34.499065 34.358498 34.18398 34.100258 34.125156 34.170063 34.22543 34.28253 34.377163 34.450947 34.40654 34.356365 34.31707 34.438396 34.540665 34.600338 34.67072 34.667503 34.62797 34.483917 34.602818 34.625477 34.65155 34.691093 34.771156 34.805412 34.842525 34.901085 34.933125 34.78566 34.655933 34.607018 34.548504 34.46578 34.41268 34.347836 34.302834 34.32401 34.398605
34.61564 34.61175 34.61458 34.603195 34.604527 34.610855 34.614647 34.621243 34.62316 34.593025 34.593105 34.571568 34.40803 34.38288 34.235455 34.274544 34.395763 34.44632 34.465755 34.497227 34.414944 34.44499 34.474876 34.456013 34.45373 34.445415 34.41591 34.400322 34.43409 34.455948 34.439674 34.373665 34.36617 34.366425 34.293365 34.45972 34.546852 34.606964 34.635994 34.66323 34.614357 34.480526 34.58466 34.61388 34.63028 34.624313 34.644947 34.706337 34.756554 34.73444 34.678516 34.642128 34.57156 34.482777 34.574398 34.39806 34.31217 34.30652 34.29919 34.302887 34.408604
34.592102 34.60379 34.586018 34.564262 34.56016 34.60406 34.601543 34.60447 34.61633 34.603397 34.6023 34.43008 34.398273 34.297733 34.195385 34.470642 34.526867 34.38126 34.289623 34.357323 34.366802 34.3637 34.377777 34.397106 34.417175 34.428852 34.423943 34.418922 34.41655 34.41486 34.415466 34.419106 34.38037 34.298145 34.32552 34.507545 34.536003 34.569584 34.6291 34.65074 34.584797 34.476097 34.54434 34.61515 34.6182 34.631794 34.64882 34.648 34.656925 34.656307 34.63934 34.53658 34.54185 34.61146 34.355724 34.378654 34.3477 34.38733 34.41514 34.398193 34.403408
34.58403 34.58232 34.58614 34.57653 34.498543 34.502975 34.600174 34.61324 34.61979 34.567276 34.429695 34.454613 34.38812 34.23815 34.1721 34.37798 34.46647 34.31102 34.25384 34.287968 34.373264 34.448547 34.48108 34.50936 34.48109 34.48248 34.460297 34.440395 34.435383 34.436676 34.44329 34.45217 34.297035 34.347466 34.45723 34.533768 34.558327 34.577717 34.605083 34.62276 34.563572 34.529064 34.54855 34.588295 34.611053 34.66703 34.639774 34.635998 34.641026 34.62489 34.53146 34.57293 34.66587 34.420116 34.424397 34.34373 34.417824 34.547356 34.5563 34.54714 34.490337
34.59689 34.59007 34.61033 34.58987 34.51583 34.452587 34.455517 34.472614 34.44409 34.427048 34.481262 34.504463 34.413975 34.227837 34.170685 34.197083 34.44959 34.31423 34.303574 34.40467 34.443615 34.459267 34.528343 34.483982 34.55786 34.52627 34.434708 34.411816 34.41702 34.42346 34.42772 34.384995 34.277653 34.353565 34.43337 34.50433 34.535686 34.569424 34.59688 34.630016 34.60574 34.570137 34.582478 34.63311 34.660202 34.65128 34.597687 34.574505 34.571438 34.52466 34.543232 34.747967 34.524895 34.475906 34.36345 34.33598 34.37629 34.517464 34.53677 34.54068 34.547657
34.604816 34.61967 34.651382 34.62812 34.56496 34.48651 34.45005 34.431557 34.424576 34.446194 34.52331 34.5454 34.460266 34.26497 34.14195 34.113533 34.37068 34.328957 34.32414 34.370808 34.425213 34.48931 34.534878 34.495876 34.510033 34.495586 34.448483 34.386204 34.384514 34.384727 34.380253 34.34652 34.261345 34.250137 34.392273 34.493122 34.521965 34.570538 34.611057 34.609974 34.59093 34.59897 34.660343 34.657604 34.644585 34.53993 34.52064 34.509956 34.49908 34.51668 34.746925 34.64 34.57724 34.503826 34.33571 34.29368 34.3192 34.392982 34.501213 34.516056 34.542515
34.60288 34.63522 34.664963 34.642258 34.607483 34.579144 34.507477 34.455746 34.43706 34.450306 34.505276 34.571083 34.49684 34.22373 34.128025 34.115383 34.34011 34.362778 34.294865 34.307487 34.401028 34.497826 34.52645 34.468197 34.45781 34.461723 34.467094 34.416855 34.365948 34.350506 34.35231 34.3367 34.264313 34.314598 34.441837 34.468334 34.532887 34.59682 34.634617 34.60097 34.63441 34.660004 34.669178 34.689163 34.5513 34.51626 34.482754 34.479576 34.513783 34.683212 34.77463 34.67839 34.693806 34.578003 34.439194 34.31044 34.244396 34.280693 34.322487 34.455223 34.517563
34.62708 34.646034 34.676334 34.67242 34.63272 34.598846 34.591824 34.59063 34.58611 34.578224 34.561344 34.52392 34.472797 34.196156 34.10813 34.13206 34.345608 34.40666 34.326176 34.299442 34.3564 34.43626 34.45205 34.42521 34.454063 34.469032 34.475327 34.479267 34.469887 34.439922 34.37231 34.327366 34.318863 34.373287 34.428898 34.498207 34.59181 34.628834 34.709328 34.681595 34.665245 34.680355 34.75672 34.66821 34.565804 34.536003 34.52043 34.559425 34.653778 34.77116 34.78922 34.77769 34.809742 34.766846 34.656483 34.518967 34.360703 34.223106 34.217117 34.303497 34.397232
