static/data/ASCData/20210123/ASCV/00.asc
ncols 97
nrows 97
xllcorner 99.0
yllcorner 2.0
cellsize 0.25
NODATA_value -32767
[rows 38 to 56 of 97, columns 0 to 42 of 97]
0.7627772435332407 0.2694190845236577 -1.493247839964768 -1.551763057250334 -1.1532494684382089 -0.8623373218384041 -0.7744258342577196 -0.670984241615463 -0.9599551250825712 -0.6953886924265048 -0.5106913715156659 -0.20203053341692168 -0.4061404856547256 -0.7167425868861663 -0.9405424937556062 -0.8174109464817136 -0.17568481947318348 -0.18455916522265325 -0.3553903208999456 -0.7968890219360649 -1.4042270591653998 -1.6083370114032036 -1.712055927350131 -1.7264767391930194 -1.6640789956420603 -1.8790045567620304 -2.0750721331643773 -1.896475924956299 -1.4316820663278218 -1.0459253495305592 -1.1671156336717552 -1.1396606265093332 -1.2081594827630528 -1.4355645925932148 -2.4383656622832945 -3.1122612926336526 -4.173854902913969 -5.455088570493662 -6.021382758631699 -5.986440022243162 -5.788153859403447 -5.431793412901304 -5.2490373551231615
0.5486836523272836 0.07030095176993068 -1.2217483246919283 -1.4325140362418345 -1.0595141914594348 -1.0009989741738687 -0.9549633055984945 -1.0362190338670767 -1.5098872382450237 -0.9990577110411722 -0.9130874865931842 -1.0323365076016837 -1.1551907315709053 -1.4180932243989461 -1.152417498524196 -0.6973299555592013 -0.1473978423967488 -0.2549992846090693 -0.545911431208874 -1.089742431668566 -1.6466076274477919 -2.212901815585829 -2.327159017110252 -2.276408852355472 -2.252836371458443 -2.3876154975285147 -2.3701441293342462 -1.8193800462577807 -1.4169839311802623 -1.2198070615592318 -1.0459253495305592 -1.038992266913786 -0.9424837568883027 -1.1366100701579531 -1.4239170137970356 -1.9267041651654302 -2.3399158891251144 -4.559611619711232 -5.919050459208126 -6.424888166927901 -6.27846146206165 -6.064367870855693 -5.889654188913008
-0.034249934091009626 -0.12992647420248016 -0.4374780190825407 -0.9374919374042259 -1.0459253495305592 -0.9765945233628269 -0.6718162115294758 -0.7891239694052788 -1.1551907315709053 -0.7422563309158918 -1.0342777707343802 -1.5223667869552155 -1.5370649221027748 -1.5079459751123272 -1.24615277550297 -0.8712116675878738 -0.47658060504114164 -0.7325500152524093 -0.9386012306229097 -1.425858276929732 -1.8526588428182922 -2.427827376705799 -2.821349146033848 -2.776422770677157 -2.8144160634170747 -2.859342438773765 -2.3887247907471982 -1.7198209798809172 -1.3448798719658208 -1.2891378877269641 -1.1973438738808866 -1.0792041460910706 -0.9785357864955235 -0.953022042465798 -1.24615277550297 -1.3593006838087092 -0.9874101322449932 -2.5567827133777814 -5.565463245752691 -6.452065850785652 -6.841705093848308 -6.6270568560330085 -6.3935506335000865
-0.28800075786490986 0.0644771623718412 -0.03314064087232582 -1.089742431668566 -1.1942933175295063 -0.33875092261968986 -0.027316851474236348 -0.326271373909498 -0.7109187974880768 -0.5947203328309575 -1.1737713929838576 -1.629968229167536 -1.273330459360721 -1.24615277550297 -1.2403289861048805 -0.8673291413224808 -0.8809179832513564 -1.1845870018660238 -1.3379467893490475 -1.6776678375709357 -2.0196074722301915 -2.436424399150598 -2.8310554616973302 -3.152473171810937 -3.192407727683551 -3.058737894832163 -2.4844013308586685 -1.607505041489191 -0.772484571125023 -0.514573897781059 -0.5722571451526122 -0.46881555251035567 -1.0908517248872498 -1.0722710634742976 -0.996007154689792 -1.0714390935602847 -0.5029263189848799 -0.9971164479084758 -4.238193909597625 -6.492277729962937 -6.8955058149544675 -7.153416488298432 -6.91991026576551
-0.26664686340524824 0.1426823342890431 0.15904440926462793 -1.0068227635719582 -1.1934613476154936 -0.3359776895729806 0.23336705491643706 -0.11134581278952793 -0.5040356122035636 -0.4862869207046242 -0.953022042465798 -1.4316820663278218 -1.0242941317662269 -1.1590732578362983 -1.1532494684382089 -0.9150287497258807 -0.9599551250825712 -1.2647334369159224 -1.4491534345220902 -1.6485488905804884 -1.845725760201519 -2.2198348982026026 -2.534319525699436 -2.8565692057270557 -3.016584752522182 -2.924790738676104 -2.291938957417044 -1.1826457387333273 -0.06253691116744431 0.6288300873771819 0.4812940892922477 -0.3301539001748911 -0.953022042465798 -1.085859905403173 -0.8515217129562379 -0.8487484799095286 -0.6856823767630222 -0.8545722693076181 -2.3701441293342462 -4.80088289477494 -6.946255979709248 -7.204166653053212 -7.265732426690159
-0.7012124818245943 -0.18178593217594385 -0.04090569340311201 -0.8653878781897844 -1.156300024789589 -0.7430883008299045 -0.21977922491586122 -0.15821345127891506 -0.21783796178316472 0.0877723199641991 -0.248066201992296 -0.8809179832513564 -1.2783222788447979 -1.308550519053929 -1.1269037544944704 -0.8673291413224808 -0.9630056814339514 -1.2167565052078515 -1.2871966245942676 -1.273330459360721 -1.5060047119796307 -1.7628060921049111 -2.049835712439323 -2.1064096665921923 -2.237306266396871 -2.1582691245656562 -1.5819912974594654 -0.5381463786780879 -0.1171696021876174 0.4793528261595512 0.18344886007566985 -0.6299403925241654 -1.0958435443713266 -1.2686159631813154 -1.2139832721611423 -1.0653379808575243 -1.0672792439902208 -1.145484415907423 -1.242270249237577 -2.0761814263830614 -4.859398112060506 -7.284313088103111 -7.560527099555356
-1.352644924496607 -0.4862869207046242 -0.12604394793708718 -0.8115871570836242 -1.1288450176271672 -0.8224027659657903 -0.45106686101141613 -0.4560586804954929 -0.31351450189463526 0.28328524975720426 0.1132860639939246 -0.8720436375018866 -1.0068227635719582 -1.2480940386356667 -1.14465244599341 -1.0772628829583741 -1.2528085348150724 -1.3789906384403452 -1.4405564120772913 -1.399512562985994 -1.4119921116961858 -1.5684024555305898 -1.5606374029998038 -1.493247839964768 -1.3837051346197509 -1.1385513332906496 -0.9366599674902132 -0.3038081862311528 -0.6876236398957187 -0.721734406370243 -0.7774763906090998 -0.8468072167768321 -1.0966755142853393 -1.3116010754053093 -1.5625786661325003 -1.7334098218097926 -1.24310221915159 -1.4247489837110485 -1.1338368371112437 -1.422807720578352 -4.147509188970231 -6.8955058149544675 -7.685599909961945
-1.9034090075730723 -0.8321090816292729 -0.3584408772513258 -0.7833001800071893 -0.972711997097434 -0.7422563309158918 -0.4571679737141766 -0.18760972157403355 0.24113210744722302 0.6102494259642297 1.1377183514483369 0.7078672292083967 -0.4785218681738381 -1.109432386300202 -1.395630036720601 -1.6757265744382392 -1.746998663738668 -1.7040135515146742 -1.7372923480751856 -1.5420567415868516 -1.2919111207736733 -1.0459253495305592 -0.9998896809551849 -1.1493669421728159 -1.1962345806622028 -0.9444250200209992 -0.7050950080899873 -0.251948728257689 -0.4130735682714989 -0.9610644183012549 -1.2899698576409768 -0.9033811709297017 -0.47158878555706496 -0.5068088452502729 -0.9053224340623982 -1.5323504259233691 -1.262792173783226 -1.594748169474328 -1.4510946976547867 -1.5137697645104167 -4.018553852298249 -6.86028575526126 -7.884718042715672
-2.085055772132531 -1.680718393922316 -0.8046540744668509 -0.9735439670114467 -1.027344688117607 -0.5517352206069635 -0.12410268480439068 -0.0927651513765757 -0.1426833462173429 -0.12216142167169419 -0.8836912162980657 -0.47353004868976145 0.4022569474610329 0.4629907511839664 -0.6856823767630222 -1.8546001059509887 -1.8770632936293339 -2.3135701751813764 -2.4061961589414667 -2.1269315911378412 -1.9774543299202103 -1.7461666938246554 -1.7237035061463102 -1.7899837759626622 -1.6513221236271975 -1.1671156336717552 -0.7930064956706718 -0.44246983856661737 -0.13880081995194993 -0.21201417238507525 -0.6690429784827665 -0.7530719397980581 -0.8359916078946659 -0.9668882076993444 -0.9022718777110179 -0.7489120902279941 -0.9239030954753504 -1.4921385467460841 -1.923930932118721 -1.9960349913331625 -3.9237092821007913 -6.614299984018146 -8.003967063724172
-1.4142106981335532 -1.493247839964768 -1.0342777707343802 -0.8554042392216309 -0.9033811709297017 -0.5741984082853088 -0.26276433713985525 -0.34374274210376654 -0.5342638524126949 -0.8476391866908448 -1.3038360228745234 -1.1709981599371484 -0.612191701025226 -0.8515217129562379 -1.5157110276431132 -1.6122195376685966 -1.9511086159764721 -2.1582691245656562 -2.2323144469127945 -1.9247629020327337 -1.6582552062439708 -1.587815086857555 -1.9921524650677696 -2.1649248838777586 -1.9161658795879348 -1.4297408031951253 -0.894506825180232 -0.29382454726299934 0.13269869532088974 0.25583024259478226 -0.1191108653203139 -0.7763670973904161 -1.0536904020613453 -1.1934613476154936 -1.2217483246919283 -0.9122555166791714 -0.7245076394169523 -1.1671156336717552 -1.8426752038501388 -1.5722849817959828 -2.295821483682437 -4.994177238130578 -7.726643759053243
-0.3534490577672491 -0.24418367572690303 -0.23447736006342046 -0.6446385276717247 -0.8046540744668509 -0.7968890219360649 -0.4815724245252184 -0.298816366747076 -0.3301539001748911 -0.26470560027255174 -0.6973299555592013 -0.9161380429445645 -1.0889104617545533 -1.2217483246919283 -1.5528723504690176 -1.806623174242918 -1.9854967057556672 -2.0673070806335914 -1.5586961398671073 -0.9483075462863921 -0.6288310993054818 -0.5850140171674749 -1.0323365076016837 -1.4530359607874832 -1.2539178280337562 -1.0889104617545533 -0.5958296260496412 0.3243290988485017 0.5664323438262229 0.6074761929175205 0.6748657559525562 0.13186672540687683 0.10441171824445505 0.08388979369880611 -0.34180147897107005 -0.5791902277693854 -0.9080956671091074 -1.199285137013583 -1.5176522907758097 -0.6640511589986898 -1.2802635419774944 -4.188553038061529 -7.144542142548962
-0.31628773494134454 0.2968740916860797 0.2694190845236577 -0.251948728257689 -0.8964480883129284 -0.8925655620475355 -0.6388147382736352 -0.4835136876579149 -0.22754427744664718 -0.04894806923856887 -0.36731522300079555 -0.7802496236558091 -0.6074772048458202 -0.3809040649296711 -0.7206251131515593 -1.3507036613639103 -1.5850418538108455 -1.5966894326070245 -1.1660063404530716 -0.6718162115294758 -0.4579999436281894 -0.45217615423009994 -0.694279399207821 -1.0986167774180358 -0.8526310061749216 -0.6571180763819165 0.05754407975506792 0.7647185066659372 0.8867407607211459 0.8135274082880206 0.8836902043697659 0.8309987764822895 0.8046530625385511 0.7713742659780396 0.3495655195735563 -0.17097032329377782 -0.7569544660634511 -0.8836912162980657 -0.8809179832513564 -0.4080817487874222 -1.24310221915159 -4.140576106353458 -7.154248458212445
-0.5389783485921007 0.23447634813512064 0.3320941513792879 0.035080892076722714 -0.5986028590963505 -0.4316542296844511 -0.17762608260587998 -0.17956734573857647 -0.0400737234890991 0.05865337297375173 -0.1454565792640523 -0.4347047860358314 -0.20203053341692168 0.027315839545936527 -0.3506758247205398 -0.9765945233628269 -1.1601825510549821 -1.152417498524196 -0.9796450797142071 -0.9560725988171782 -0.8387648409413752 -0.8027128113341544 -1.0362190338670767 -0.9347187043575167 -0.6953886924265048 -0.21783796178316472 0.6651594402890737 0.9444240080926993 0.9765935114345272 0.8465288815438614 0.8251749870842 0.7733155291107361 0.6365951399079681 0.5977698772540379 0.39171866188353754 -0.00013916761648524734 -0.4355367559498441 0.01844149379646698 0.06919165855124687 -0.42194791402096865 -1.266674700048619 -4.037134513711202 -7.0546893918355815
-0.3573315840326421 0.20896260410539513 0.2158956867221684 0.05754407975506792 0.268587114609645 0.4355357440215444 0.6221743280650798 0.6121906890969262 0.1698600181467942 0.18261689016165694 -0.04978003915258178 -0.1473978423967488 -0.20508108976830197 0.1191098533920143 -0.25888181087446227 -0.6260578662587725 -0.7627782554615405 -1.0215208987195175 -0.9424837568883027 -1.1876375582174041 -1.2364464598394875 -1.1036085969021125 -0.8956161183989156 -0.7938384655846846 -0.3251620806908143 0.18344886007566985 0.9169690009302773 1.024293119837927 0.9979474058941886 0.6590583275863133 0.6113587191829135 0.4316532177561514 0.2949328285533832 0.42083760887398514 0.2549982726807696 0.1454555673357525 -0.0947064145092722 0.609417456050217 0.7771980553761291 0.16015370248331173 -0.7949477588033683 -3.5684581288173307 -6.867218837878033
-0.2244937210952671 0.10357974833044215 -0.13685955681925344 0.1191098533920143 0.4305439245374676 0.7880136642582956 0.9990566991128726 0.6365951399079681 -0.056713121769354835 -0.20619038298698578 -0.4804631313065346 -0.6346548887035712 -0.41612412462287907 0.12216040974339437 0.589727501418581 0.36925547420519234 -0.13380900046787314 -0.7694340147736429 -1.0997260706367196 -1.2988442033904466 -1.3468211350985173 -0.9258443586080469 -0.8154696833490171 -0.4901694469700172 0.10247045511175834 0.5614405243421463 0.9832492707466296 1.0692194951946175 1.059513179531135 0.6365951399079681 0.2538889794620858 0.06725039541855038 0.06059463610644822 0.2782934302731275 0.5692055768729323 0.5966605840353543 0.25888079894616256 0.3251610687625146 0.48933646512770457 0.49710151765849053 -0.42388917715366514 -3.2470404187037243 -6.6201237734162355
-0.49599323636810666 -0.7245076394169523 -0.248066201992296 0.10441171824445505 0.2744109040077345 0.5586672912954369 0.7089765224270805 0.28910903915529373 -0.5098594016016531 -0.8243440290984868 -1.0692205071229173 -0.8154696833490171 -0.6787492941462491 -0.47353004868976145 0.04478720774020517 0.5753066895756926 0.46770524736337205 -0.10552202339143846 -1.0362190338670767 -1.0653379808575243 -1.4610783366229403 -1.0137558461887315 -0.5245575367492123 -0.056713121769354835 0.4610494880512699 0.8534619641606345 0.856512520512015 1.054798683351729 1.2353361546925041 1.016528067307141 0.4610494880512699 -0.008736190061284121 -0.058654384902051326 0.17762507067758015 0.589727501418581 0.7577854240491642 0.16098567239732442 -0.1981480071515287 -0.3545583509859328 -0.21284614229908794 -0.8038221045528381 -3.6056194516432356 -7.165896037008624
-0.49322000332139737 -0.49710252958679046 -0.13575026360056963 0.0877723199641991 0.11716859025931758 0.3320941513792879 0.5428598629291939 0.1690280482327815 -0.61635155059529 -1.2411609560188934 -1.2802635419774944 -1.101667333769416 -0.9502488094190886 -0.7755351274764033 -0.44912559787871964 0.06725039541855038 0.519564705336836 0.3828443161340678 -0.5342638524126949 -1.4960210730114771 -1.1610145209689948 -0.7430883008299045 -0.19149224783942653 0.44441008977101415 0.9092039483994914 0.9405414818273063 0.7275571838400328 0.8232337239515035 1.274438740651105 1.1854179598517367 0.8975563696033124 0.4277706914907584 0.09969722206504916 0.043955237826192484 0.06725039541855038 0.05366155348967494 -0.5489619875602542 -0.3282126370421945 -0.4041992225220291 -0.31434647180864805 -0.7294994589010291 -3.2830924483109447 -6.866109544659349
-0.3026988930124691 -0.3858958844137478 -0.1191108653203139 -0.00679492692858763 -0.013728009545360909 0.17956633381027665 0.41889634574128864 0.2988153548187762 -0.057545091683367744 -0.5126326346483624 -0.8612280286197205 -1.18347770864734 -1.2051089264116726 -0.996007154689792 -0.612191701025226 -0.19038295462074273 0.035080892076722714 0.18760870964573373 0.14850612368713278 0.10357974833044215 0.037022155209419205 0.12798419914148385 0.621065034846396 1.003771195292278 1.1044395548878254 0.9363816322572422 0.6299393805958657 0.16514552196738852 0.41307255634319917 0.8387638290130754 1.0575719163984385 0.7666597697986337 0.3046391442168659 -0.12299339158570688 -0.6426972645390282 -0.8476391866908448 -0.5528445138256471 -0.23641862319611695 -0.47158878555706496 -0.5753077015039925 -0.859286765487024 -3.2695036063820693 -6.908262686969331
-0.248066201992296 -0.2774624722874145 -0.3026988930124691 -0.18760972157403355 -0.08389080562710594 0.13574925167227003 0.3789617898686748 0.3290435950279076 0.1962057320905326 -0.1454565792640523 -0.4061404856547256 -0.9549633055984945 -1.2822048051101909 -1.5107192081590366 -1.3201980978501082 -0.9893513953776897 -0.5400876418107844 -0.25888181087446227 0.2538889794620858 0.1132860639939246 -0.058654384902051326 -0.0703019636982305 0.40142497754702 0.8681600993081939 0.9471972411394087 0.7020434398103073 0.589727501418581 0.3994837144143235 0.4549483753485095 0.5203966752508487 0.621065034846396 0.44052756350562117 0.15710314613193144 -0.10441273017275465 -0.6346548887035712 -0.7841321499212022 -0.5947203328309575 -0.694279399207821 -1.1513082053055124 -1.1280130477131542 -1.2774903089307852 -3.8027963212642657 -7.7313582552326485
