static/data/ASCData/20210123/ASCV/03.asc
ncols 97
nrows 97
xllcorner 99.0
yllcorner 2.0
cellsize 0.25
NODATA_value -32767
[rows 76 to 94 of 97, columns 43 to 85 of 97]
-6.573590693650557 -6.252380238374207 -5.8812837762387185 -5.613562206094668 -5.5512046975207445 -5.50325870203946 -5.430092558646056 -5.2768316597954765 -5.086433400283093 -4.869429270445836 -4.59616481065077 -4.305163103972456 -3.9828440707659034 -3.604818996566645 -3.1957537403217 -2.80304000854725 -2.3127714189149278 -1.8890175050947913 -1.3940374592591054 -0.8078768786642144 -0.22393345392972952 0.47613350899353035 1.09028568232605 1.7368637601170103 2.284778402119894 2.8160643751697316 3.009234079507622 2.903919176138327 1.7526609956224042 0.850278560437078 0.7457950905154354 0.9713906993117671 0.8120326218450709 0.43040466937265265 -0.030763749591838696 0.3511413473631304 1.108854362656952 1.6226802333060903 1.9264305861817408 2.187223544262021 2.2770183566084725 2.191935000465384 2.222143749063419
-6.0658620016175355 -5.788440374584209 -5.442841204843391 -5.09613345717237 -5.044307438935375 -5.090313423038804 -5.019087291023254 -4.8334004877142345 -4.638013627515938 -4.37832924736586 -4.1067276544661 -3.8334631946710354 -3.5266642524873264 -3.18882512825793 -2.8753747184930027 -2.4857095760266117 -2.0902243994266545 -1.6645304742286628 -1.1166158322257789 -0.4808463892542989 0.2524779115750544 0.9184561031445688 1.532885420959639 2.0885601084739447 2.6373061839244807 2.9155592444054603 3.0934860022030586 2.148146172222362 0.8649672180122692 0.10614562478824463 0.25164647812740193 0.5163194589633928 0.6108257275132076 0.24166927675557393 0.22032915159916433 0.6011256706239303 1.095274283011964 1.4907594596119211 1.8200071048822428 2.127637480513604 2.271198322474906 2.228240927679536 2.251521064213801
-5.464181329999801 -5.355817837322448 -5.134102251281826 -4.834509065644438 -4.751365720879205 -4.809011773249766 -4.756354321565119 -4.569836084808447 -4.2630371426247375 -3.986724093521614 -3.692673797535241 -3.420240771187828 -3.121479018998092 -2.876483296423206 -2.5901930459482543 -2.2337852413879564 -1.8383000647879992 -1.2748653317622718 -0.7083820094284858 -0.008315046505225743 0.794572519444372 1.4040132365735283 1.890124658967589 2.4097705637502944 2.8598532034127544 3.1392148418239367 2.303347082450796 1.1598489474462945 0.23196921986629682 -0.047392418544885295 0.16074308785074742 0.33368124496243157 0.5074508355217682 0.605005693379641 0.5836655682232315 0.7915239301363135 1.2194350111947116 1.4976880716756904 1.857975898991699 2.0758114622766093 2.1606176739371463 2.12957749189146 2.0990915988108743
-4.84226911115586 -4.739725652612073 -4.696768257816702 -4.614733490981672 -4.511081454507682 -4.510250021060029 -4.4448439231780466 -4.2475170516018945 -3.9263065963255452 -3.6907337861573852 -3.3745119315669503 -3.1106703841786114 -2.865674661603726 -2.644790509010757 -2.3665374485297783 -1.9857409295050121 -1.4633235798967994 -0.8763315658542561 -0.21035337428474143 0.47336206416802273 1.289552565280058 1.8141870707486767 2.171426308756627 2.4743452281846245 2.9205478450913738 2.550282816403538 1.5669741923133844 0.47114490830761646 -0.2688308601029552 0.06983969757409292 0.3286926442765177 0.43040466937265265 0.6479630881750116 0.7848724625550947 0.8707872521458353 1.077814180611265 1.3998560693352666 1.6334888681255708 1.9106333506763464 2.0298054781731802 2.0727628729685508 2.103248766049136 2.0641713940094766
-4.298234491908687 -4.1643737068366615 -4.159662250633298 -4.15661366132524 -4.095087586198968 -4.072638883112354 -4.034670089002899 -3.8725405667106947 -3.680202295820456 -3.4623667325355463 -3.2123824092747464 -2.9535294625723214 -2.704376572759174 -2.464369450870202 -2.1672705655757705 -1.692799211448842 -1.1615132383990043 -0.6399273222384443 0.03658235966799994 0.863858640082066 1.6645290501712577 2.0317454895510356 2.1129488229384132 2.390093305489189 2.3227471962293507 1.7554324404479122 0.9087560462552915 0.09228840066070587 -0.25137075770225636 0.08258834377142876 0.32093259876509617 0.367770016316177 0.532670983433889 0.6030656820017857 0.6989576729643545 0.8979474114358115 1.1969863081080985 1.495748060297835 1.7690125200929003 1.9616279354656894 2.041722690922864 2.0699914281430427 2.1060202108746435
-3.8625633653388665 -3.7738771309226182 -3.7142910671742015 -3.657753592733843 -3.6721651058264833 -3.6566450148036402 -3.6438963686063044 -3.62449625482775 -3.535532875928951 -3.3714633422588918 -3.1721964593048835 -2.876483296423206 -2.6010016807677347 -2.2562339444745696 -1.8413486540960577 -1.4164861623457183 -1.0190609743679055 -0.5415410309329187 0.17238315611788013 1.0678369792394369 1.7055464335887724 1.9577479127099786 2.0494827364342854 1.8834731913863707 1.4965794937454873 0.8580386059484999 0.3120639753234711 0.2222691629770197 0.11861712650302958 0.04739099448748019 0.2125691060877426 0.2907238501670615 0.32093259876509617 0.38051866251351285 0.543479618253369 0.737757900521463 0.8541585831927887 1.095274283011964 1.5259568088958697 1.9020418717172727 2.0084653530167706 1.9957167068194348 2.0580742153933596
-3.8265345826072656 -3.799097278834739 -3.632256300339172 -3.5385814652370096 -3.5385814652370096 -3.527772830417529 -3.555210134190056 -3.596227517607571 -3.5452329328182284 -3.3656433081253256 -3.094041715225565 -2.7221138196424235 -2.3227486202867555 -1.849940133055132 -1.3801802351315666 -1.0356896433209521 -0.6731846601445373 -0.12527001814165328 0.6227429402628908 1.4164847382883132 1.9009332937870695 2.2027436352848646 2.199695045976806 1.2612838280598786 0.41072741111154754 -0.07566115576506438 -0.1499358770886723 0.18707181369307113 0.43816471488407416 0.4273560800645937 0.37747007320545434 0.3073525191201081 0.33257266703222843 0.5260195158526701 0.711429174679139 0.7457950905154354 0.6587717229944916 0.7172492088127056 1.4918680375421243 1.8590844769219022 1.8227785497077509 1.8188985269520397 1.8676759558809763
-3.878360600844261 -3.796325834009231 -3.646944957914363 -3.614519053455922 -3.6186762206941836 -3.665513638245265 -3.716231078552057 -3.68879377477953 -3.494515492511436 -3.2700284616453077 -2.8978234215796155 -2.4906981767125256 -1.9095261968035486 -1.4223061964792847 -0.9661263782007075 -0.4739177771905294 0.04545098310962459 0.8247812680424067 1.634320301573223 2.1442661494666506 2.2310123725050435 1.8385757852131448 1.2349551022175551 0.33562125634028694 -0.3364541138453445 -0.6604360139472016 -0.5756298022866642 -0.27686805009692783 0.17820319025144626 0.2291977750407892 0.19206041437898524 -0.03658378372540505 -0.014135080638792097 0.31982402083489303 0.6402030426635896 0.9536534524285174 1.077814180611265 1.270983884949156 1.9322506203153074 2.121540301897487 1.8734959900145425 1.7867497669761496 1.7074864449666278
-3.8958207032449597 -3.837343217426746 -3.7952172560790283 -3.8079659022763637 -3.8392832288046015 -3.8578519091355035 -3.8647805211992727 -3.6721651058264833 -3.4407494628965853 -3.015886971146246 -2.501506811532006 -2.0832957873628852 -1.627393113566859 -1.1537531928875828 -0.6360472994827333 -0.08148118989863073 0.8463985376813672 1.7465638170062872 2.3853818492858254 2.510374010916226 2.0395055350624576 1.1002628836978778 0.3627814156302631 -0.20536477359882754 -0.7865367535078046 -0.7845967421299492 -0.6371558774129364 -0.4329003937730145 -0.1449472764027584 0.04157096035391383 0.15492305371718107 0.1479944416534118 0.24360928813342952 0.48306212105730006 0.7524465580966542 1.0855742261226866 1.5309454095817836 1.839407218660797 2.223252326993622 2.164774841175408 1.8881846475897337 1.5797228385107203 1.5162567520065924
-3.9692639911209153 -3.942658120796041 -3.9379466645926775 -3.9368380866624744 -3.9340666418369667 -3.916329394953717 -3.785517199189751 -3.586250316235743 -3.1957537403217 -2.750382556862603 -2.231845230010101 -1.7523852751972588 -1.3480314751556768 -1.0110237843739331 -0.4974750582073453 0.4312361028203049 1.3901560124459893 2.2437610187023793 2.6323175832385672 1.9860166499301575 1.402073225195673 0.7017291177898621 0.2887838387892059 -0.249430746324401 -0.7405307694043758 -0.755219426979567 -0.4858349899402128 -0.24167070081297926 -0.1782046143088516 -0.011086491330733583 0.15686306509503667 0.47336206416802273 0.5736883668514037 0.4985822120801435 0.7349864556959553 0.9350847720976154 1.3901560124459893 1.7476723949364903 2.0189968433537 2.0436627023007192 1.8726645565668902 1.559214146801963 1.4040132365735283
-4.019981431427707 -4.0041841959223134 -3.991712694207528 -3.9407181094181856 -3.865611954646925 -3.674105117204339 -3.5385814652370096 -3.3188058905742444 -2.9349607822414194 -2.6292704179879136 -2.2152165610570544 -1.7709539555281608 -1.3519114979113875 -0.9846950585316094 -0.22199344255187414 0.7164177753650534 1.559214146801963 2.3629331461992127 2.034794078859094 1.420364761044024 0.9830307675788998 0.557336842380908 0.3004239070563386 0.1862403802454189 -0.29432815249762667 -0.6097185736404096 -0.36555428451317606 -0.22393345392972952 -0.161575945355805 0.014133656581386989 0.1762631788735909 0.4888821551908662 0.6293944078441096 0.5689769106480402 0.8189612339088401 1.03679679719375 1.4818908361702965 1.722175102541819 1.7983898352432823 1.9341906316931627 1.8297071617715202 1.648177525700762 1.4907594596119211
-4.002244184544457 -3.973144013876626 -3.9096779273724986 -3.7943858226313756 -3.536641453859154 -3.3285059474635217 -3.1195390076202365 -2.899763432957471 -2.7259938423981342 -2.4505122267426636 -2.2562339444745696 -2.000429587080203 -1.599955809794332 -0.8197940914138978 0.04849957241768332 0.999659436531946 1.8424558079688556 1.6354288795034262 1.2113978212007388 1.0944428495643117 0.7906924966886613 0.40989597766389485 0.2358492426220078 0.20065189333805922 0.23307779779649995 -0.08231262334628298 -0.24361071219083463 -0.16240737880345724 -0.10282131505504033 0.09422841203856125 0.20868908333203162 0.33063265565437305 0.48306212105730006 0.7729552498054115 1.0240481509964146 1.4245219282822856 1.8815331800085153 1.79755840179563 1.7565410183781154 1.8618559217474102 1.8014384245513408 1.6440203584625004 1.5866514505744895
-3.9135579501282094 -3.865611954646925 -3.7065310216627796 -3.5072641387087717 -3.202682352385469 -3.0266956059657266 -2.8080286092331646 -2.55998429735022 -2.407554831947293 -2.287551271002807 -2.110733091135412 -2.0530870387648505 -1.6068844218581013 -0.48777500131806817 0.6490716661052147 1.407893259329239 1.0844656481924835 0.7233463874288226 0.6704117912616243 0.6812204260811048 0.43317611419816027 0.22032915159916433 0.03658235966799994 0.020230835197504016 0.1529830423393257 0.33257266703222843 0.18513180231521575 0.18125177955950478 0.14716300820575934 0.16767169991451691 0.2222691629770197 0.28462667155094423 0.5806169789151729 0.9292647379640493 1.1978177415557512 1.6138116098644657 1.7956183904177747 1.6675776394793163 1.6656376281014609 1.6803262856766517 1.6188002105503796 1.489928026164269 1.4644307337695972
-3.7553084505917163 -3.6821423071983115 -3.5003355266450025 -3.322685913329955 -3.121479018998092 -2.9310807594857087 -2.6381390414295387 -2.351017357506935 -2.1176617031991816 -2.068884274270245 -1.906754751978041 -1.6459617938977609 -0.9018288582489274 0.2818552267254366 1.119662997476432 0.930373315894252 0.4057388104256332 0.11196565892181098 0.17155172267022767 0.24360928813342952 0.0651282413707297 -0.014135080638792097 -0.12748717400205956 -0.2328020773713544 -0.15381589984438326 0.16656312198431378 0.4916536000163738 0.594197058560161 0.4389961483317264 0.16767169991451691 0.24582644399383557 0.5612168651366187 0.8874159210988819 1.0836342147448312 1.244655159106832 1.31892988043044 1.3618872752258104 1.3990246358876144 1.4253533617299379 1.4009646472654698 1.327798503872065 1.2427151477289766 1.378515944178857
-3.7270397133715374 -3.655536436873437 -3.4731753673550267 -3.3850434219038794 -3.28166852991244 -3.0463728642268313 -2.7484425454847474 -2.421412056074832 -2.097153011490424 -1.6567704287172411 -1.2199907242172183 -0.6008499501987847 -0.01496651408644456 0.6022342485541334 0.7535551360268573 0.520199481719104 0.1050370468580415 -0.21340196359279995 -0.18596465982027333 0.05930820723716357 0.26633513570259315 -0.0022178678891087156 -0.03464377234754967 -0.016906525464299937 0.04351097173176921 0.2291977750407892 0.4722534862378196 0.5778455340896653 0.5357195727419475 0.444816182465293 0.4312361028203049 0.711429174679139 0.9428448176090369 1.1080229292092998 1.2133378325785946 1.207517798445028 1.1598489474462945 1.2183264332645085 1.2662724287457925 1.2183264332645085 1.09028568232605 1.1049743399012408 1.2233150339504224
-3.791337233323317 -3.673273683756687 -3.660525037559351 -3.723159690615826 -3.633087733786824 -3.3811633991481687 -2.994546845989836 -2.390094729546594 -1.6204645015030894 -0.709490587358689 -0.11085850504901296 0.23307779779649995 0.2768666260395225 0.3004239070563386 0.2388978319300663 0.17737175680379402 0.00942220037802377 -0.2192219977263663 -0.2092447963545383 0.05321102862104632 0.2582979457086205 -0.04628384061468216 -0.18596465982027333 -0.13607865296113353 0.1529830423393257 0.34227272392150576 0.2868438274113505 0.20176047126826235 0.31123254187581884 0.36583000493832163 0.2934952949925691 0.2192205736689612 0.23307779779649995 0.5357195727419475 0.8383613476873948 0.8951759666103039 0.8882473545465341 1.002430881357454 1.1598489474462945 1.133520221603971 1.044556842705172 1.055365477524652 1.020999561688356
-4.001412751096805 -3.866720532577128 -3.8381746508743984 -3.8401146622522537 -3.660525037559351 -3.1624964024156066 -2.2903227158283146 -1.5032323853841112 -0.7513394042238561 -0.11279851642686833 -0.047392418544885295 0.0717797089519483 0.010253633825676234 -0.09616984747382173 -0.16739597948937113 -0.26605941527744736 -0.35086562693798484 -0.22310202048207728 -0.04545240716702992 -0.010255057883081342 0.0016621548666020391 -0.2707708714808106 -0.4123917020642571 -0.26799942665530296 0.1909518364487821 0.437056136953871 0.30430392981204957 0.098108434794272 0.057091051376757296 0.27104659190595637 0.407678821803489 0.22310059642467195 -0.02688372683612794 -0.04628384061468216 0.21146052815753946 0.4409361597095818 0.5864370130487391 0.8813187424827649 1.156800358138236 1.138231677807334 1.1022028950757332 1.09028568232605 1.0298681851299807
-4.066818848978789 -4.057950225537164 -4.041321556584117 -3.854803319827445 -3.4321579839375116 -2.301131350647795 -1.3774087903060588 -0.7338793018231572 -0.1928932718840426 -0.161575945355805 -0.15575591122223864 -0.08730122403219709 -0.17709603637864846 -0.21229338566259703 -0.21035337428474143 -0.34227414797891087 -0.5063436816489701 -0.4340089717032176 -0.3852315427742812 -0.333405524537286 -0.15076731053632475 -0.1662874015591682 -0.12138999538594253 0.19289184782663749 0.5221394930969594 0.5747969447816068 0.432344680750508 0.06401966344052656 -0.0903498133402556 0.06013964068481581 0.1862403802454189 0.18125177955950478 -0.25137075770225636 -0.4046316565528354 -0.31095682145067305 -0.025775148905924805 0.3960387535363563 0.6889804715925263 0.9605820644922867 0.9957794137762352 1.0248795844440668 1.0434482647749688 1.0348567858158946
-4.103956209640593 -4.012221385916286 -3.9878326714518173 -3.7386797816386697 -2.779759872012985 -1.670350508362229 -0.8411342165703075 -0.22975348806329587 -0.11944998400808693 -0.073721144387209 0.0670682527485853 0.08452835514928414 -0.0002778565112533382 0.06207965206267119 0.07482829826000703 -0.05404388612610389 -0.22310202048207728 -0.35890281693195747 -0.33229694660708287 -0.24832216839419785 0.03658235966799994 0.14411441889770082 0.2505379001971988 0.48306212105730006 0.5407081734278614 0.5864370130487391 0.49470218932443233 0.19871188196020384 -0.07178113300935363 -0.08342120127648611 -0.04933242992274067 0.1909518364487821 -0.14383869847255526 -0.6008499501987847 -0.5493010764443405 -0.40574023448303853 0.0024935883142545023 0.3785786511356575 0.7582665922302203 0.9087560462552915 0.9752707220674779 0.9234447038304827 0.8696786742156322
