static/data/ASCData/20210123/ASCV/06.asc
ncols 97
nrows 97
xllcorner 99.0
yllcorner 2.0
cellsize 0.25
NODATA_value -32767
[rows 0 to 18 of 97, columns 0 to 42 of 97]
0.7807222777618064 1.2014271850222704 2.0325537739164155 2.3011274314629953 2.1009069795532698 1.9330484435866577 1.9729715548435818 2.2152322526980983 2.3147375830278554 2.749355089665732 3.603770160126416 4.435804092458218 3.9818299258169843 3.9037983901784514 3.819717898288869 3.1274148553563004 2.263019007081386 2.2209787611365943 4.108858007089015 6.276803927465009 7.1596490923056235 6.698718625975683 5.85307454207902 5.462311968261249 5.053100077877778 4.72312951438305 5.149883377894564 5.969214502099162 6.574715022829176 6.620384642524598 6.382358214045816 5.98857116210252 4.9983570238057835 4.561924830292592 4.3792463515109095 3.805200403286351 2.857933854372064 2.0540275686076397 1.3196842797302801 0.7220474021266301 0.22694033297826222 -0.15474880646293543 -0.12843584677087194
1.2924639766005594 1.0901263900029672 2.01712893547624 2.3646414720990103 2.130244417370858 1.941819430150679 2.445697485863068 3.0248850469010184 3.3237034857028434 3.620404789816801 4.055022296454678 4.540451035601368 3.598023651687919 3.7689066657800563 3.8793001173617023 3.542373254178268 2.9994794306466117 3.3294499941413402 4.8489478044048715 6.385080244358788 6.738641737232607 6.132233873064935 5.677049915173492 5.986756475227205 5.932013421155211 5.119638596639318 4.914578979728754 5.10391131038659 5.5705882851550275 5.651644298919085 5.011059831932987 4.575534981857452 4.029616680200272 3.949468009873872 4.153620283346778 3.7268664198352655 2.8119617868640905 2.003216336098827 1.1321666359477585 0.3070890033046625 -0.22612649022531472 -0.37251123150070264 -0.35406191493500294
1.567691486023293 1.3012349631645803 1.7600482948066538 2.069754854860367 2.039510073605122 2.1018143229909274 2.904813265317694 3.562032361994177 3.8684119961098142 4.104926185525834 4.502342611219758 4.766984447203156 4.159669239597828 4.235886088361046 3.88020746079936 3.498518321358162 3.4310724591589645 4.112789828652197 5.346172008241107 5.420271722316458 5.839161942701607 5.749334942373528 5.554256103277195 5.925057121466504 6.043314216174514 5.788350710192795 5.290521610731455 5.1235704182025 4.767891790640814 4.627253557803922 3.9370676495592214 3.252325801940464 2.9731664709545482 3.413530486030922 3.670308678887956 3.134068707232454 2.4145453611701653 1.9273019351481613 1.4349168963127654 0.6098392636696695 -0.1889254092813628 -0.5718243399727702 -0.7124625728096614
1.512041088513641 1.6039852235295873 1.8743735679514815 1.7718437594961995 1.7143786751112333 2.2757218152085885 2.9311262250097574 3.3391283241430187 3.6361320760695284 3.9116620333048147 4.193845842416255 4.299097681184509 4.034455845201111 4.114604515527512 3.9506778011240815 3.888978447363381 3.907730211741633 4.3792463515109095 5.324698213549882 5.013176966620854 5.232754078533936 5.200694610403376 5.201601953841033 5.403637092626073 5.281750624167434 5.102096623511276 4.833522965964696 4.578559459982977 4.236793431798703 3.5532613754301563 3.1165267341044123 2.7844390359218174 2.96227834970266 3.3294499941413402 3.125297720668433 2.3755295933508984 1.8411043085707115 1.615780688219133 1.208383484710977 0.59018015585376 -0.19588170897006918 -1.0046271597353325 -1.1948668338308264
1.0874043596899952 1.5737404422743417 2.0298317436034434 1.908550170769909 1.618502718532105 2.0981849492402977 2.638961638084087 2.732720459975347 2.924169925321051 3.2816632397580525 3.576549856996695 3.833328049853729 3.5747351701213805 3.6019554732511017 3.7846339520327836 3.7298908979607894 3.778584995781735 4.178118556163527 4.849855147842528 4.731900500947071 4.884334198473509 4.593076954985495 4.563739517167907 4.53077270559969 4.332366940565279 3.89381761236422 3.6887579954536562 3.4661564054150498 3.4994256647958197 2.942921689699303 2.98193745751857 3.117434077542069 3.1966754044308123 2.965302827828185 2.727881294974508 1.814791348878648 1.3257332359813294 1.1342837706356257 0.8303237190204087 0.20153471672385592 -0.7281898590623891 -1.496709750758176 -1.5541748351431424
0.6458305533634117 1.2903468419126922 1.8178158270041729 2.0736866764235495 1.782731880748088 1.6381618263480149 2.0159191442260305 2.072779332985892 2.0627985551716606 2.42119921304632 2.849162867808042 3.1791334313027697 3.1234830337931188 3.217241855684379 3.457385418851028 3.4954938432326372 3.545397732303792 3.694806951704705 4.228022445234682 4.238608118674018 4.171162256474821 3.8793001173617023 3.4700882269782314 3.4165549641564468 3.3920566913396977 3.256257623503646 3.0687399797211246 3.0932382525378728 3.1274148553563004 3.0883990875370335 3.2922489131973878 3.4915620216694556 3.1791334313027697 2.946551063449933 2.3694806370998496 1.5002456238240953 0.8548219918371578 0.5910874992914172 0.28561520861343825 -0.38158466587727624 -1.313123928538836 -1.6470263135967458 -1.5571993132686668
0.4867430039608205 0.7973569074521913 1.2005198415846132 1.5141582232015083 1.8090448404401516 1.4896599503847596 1.4282630444366113 1.5891652807145171 1.6097317319680842 1.6118488666559514 2.011987322662849 2.3089910745893585 2.5464126074430355 2.8119617868640905 3.3364062938300467 3.3509237888325645 3.167337966613224 3.31100067757564 3.6409712410703676 3.454360940725504 3.3128153644509553 3.4310724591589645 3.023977703463361 2.6713235540271993 2.6459179377727935 2.942921689699303 3.0463588415922427 3.043334363466718 3.1156193906667546 3.1410250069211605 3.3557629538334037 3.4564780754133713 3.036680511590564 2.6186976346430724 2.019850965789212 1.3822909769286384 0.5433007449081295 0.13892801952549783 -0.2711912142956304 -0.9272005197219042 -1.4195855585573 -1.6207133539046823 -1.4477132051246784
0.7444285402555118 0.4885576908361353 0.819738045581073 1.2241107709637047 1.7004660757338204 1.6771775941672813 1.5229292097655296 1.7319206482392755 1.8586462816987541 1.7065150319848696 1.4309850747495834 1.5041774453872774 1.9115746488954335 2.2981029533374704 2.8890859790649666 2.724856816848984 2.4916695533710413 2.75026243310339 3.101101895664237 2.890900665940281 3.457385418851028 3.739569227962468 3.789473117033623 3.3890322132141737 2.6761627190280386 2.388232401478102 2.4856205971199925 2.2875172798981342 2.401842553042962 2.5043723614982447 2.7006609918447877 2.8071226218632512 2.6761627190280386 2.290541758023659 2.000494305785855 1.4935917719479417 0.5560035530353327 -0.14113865489807487 -0.5621460099710917 -0.911775681281729 -1.3276414235413538 -1.6948130679800335 -1.6246451754678641
1.639069169785672 1.7258716919882267 1.7210325269873874 1.7639801163698359 1.7600482948066538 1.728896170113751 2.2424525558278185 2.3803687583517377 2.26604348520691 1.9563369251531968 1.6811094157304634 1.6097317319680842 1.9496830732770427 2.210393087697258 2.4360191558613895 2.2143249092604407 2.036485595479597 2.2454770339533434 2.761150554355278 3.2269201856860583 4.096155198961812 4.7385543528232255 4.878285242222459 4.5259335405988494 3.777677652344077 2.9807276662683595 2.2817707714596382 1.8577389382610965 1.5873505938392023 1.55498867789609 1.5689012772735025 1.7464381432417933 1.9133893357707483 1.9690397332803997 1.8029958841891023 1.3949937850558414 0.5656818830370112 -0.004432243624365562 -0.1686614058403484 -0.423322464009515 -0.9157075028449109 -1.5142517238862183 -1.8033918326863647
2.288424623335792 2.166538154877153 2.033461117354073 2.072779332985892 2.163513676751628 2.2844928017726103 2.9389898681361215 2.7287886384121656 2.1538353467499496 1.914599127020958 1.8665099248251178 1.7279888266760939 1.8029958841891023 1.7512773082426325 2.077618497986731 2.5355244861911475 2.777785184045663 2.6927973487184236 2.8479530765578325 3.4144378294685795 4.076496091145903 4.7055875412550074 4.997449680368127 4.790575376582248 4.349908913693321 4.024777515199433 3.3587874319589277 2.6301906515200653 1.9738788982812394 1.4769571422575567 1.1545477740766399 1.1312592925101008 1.2180618147126554 1.3481143741102108 1.315752458167098 0.9721717431075099 0.39994048175826613 0.26504875735987143 0.07753111357734954 -0.2506247630420635 -0.7895867650105374 -1.4186782151196426 -1.655797300160767
2.207368609571734 2.1009069795532698 2.0180362789138977 2.0872968279884097 2.157767168313131 2.2170469395734127 2.860655884685036 2.8452310462448605 2.6350298165209045 2.4720104455551315 2.213417565822783 1.7766829244970388 1.6820167591681205 1.3774518119277988 1.6508646344752178 2.38430057991492 2.8618656759352454 2.8645877062482175 3.1800407747404273 3.9279942151826477 4.342045270566958 4.641166157181335 4.461209708712625 3.9778981042538026 3.3206790075773185 3.253233145378122 3.054222484718607 3.0971700741010553 2.9964549525210877 3.0472661850299003 2.776877840608006 2.175309141441174 1.5229292097655296 1.223203427526047 0.8675247999643607 0.5227342936545627 0.31102082486784455 0.3430802929984047 0.02490519419322257 -0.5651704880966162 -1.1782322041404414 -1.522115367012582 -1.3197777804149902
2.6135560218296803 2.8207327734281114 2.708524634971151 2.4886450752455165 1.8792127329523212 1.7201251835497298 2.2424525558278185 2.6770700624656962 2.743608581227236 2.5941993618263233 2.19950496644537 1.762165429494521 2.036485595479597 1.8637878945121458 1.4300777313119262 1.7866637023112697 1.9965624842226732 2.2016221011332373 2.672230897464857 3.084467265973852 3.7622528139039026 4.147873774908282 3.9152914070554443 3.001294117521927 2.5219143346262864 2.3501239770964926 2.208275953009392 2.395793596791913 3.056037171593921 3.4446826107238255 3.1821579094282946 2.5210069911886297 1.9182285007715876 1.1829778684565706 0.6488550314889361 0.2602095923590322 0.22996481110378664 0.17522175703179244 -0.2593957496060847 -0.8676183006490706 -1.3560715179212846 -1.5103199023230365 -1.1957741772684838
2.8921104571904905 3.0306315553395153 3.004318595647451 2.865495049685875 2.340143199282261 1.9690397332803997 2.1272199392453333 2.6770700624656962 3.036680511590564 2.8400894334314684 2.216139596135755 1.8129766620033336 2.0180362789138977 2.0434418951683035 1.6333226613471756 1.438848717875947 1.615780688219133 1.691695089169799 1.6732457726040992 1.712261540423366 2.6840263621544027 3.1352784984826645 3.036680511590564 2.1810556498796707 1.8226549920050121 1.5725306510241321 1.4690934991311926 1.7739608941840668 2.4242236911718438 2.9026961306298267 2.774760705920139 2.320786539278904 2.011987322662849 1.3078888150407344 0.709344593999427 0.3352166498720408 0.11654688139661618 -0.04949696769468126 -0.4614308883911242 -0.9985782034842834 -1.4616258045020913 -1.5308863535766033 -1.3911554641773693
3.1361858419203212 2.974073814392206 2.8479530765578325 3.0989847609763697 2.838274746556154 2.340143199282261 2.158674511750789 2.8667048409360847 3.4144378294685795 3.1567522931738887 2.68009454059122 2.058866733608479 1.8538071166979149 1.7358524698024576 1.6342300047848328 1.6097317319680842 1.6372544829103572 1.509319058200669 1.0677452518740858 0.7531995268195328 1.2728048687846496 2.0658230332971854 2.26604348520691 1.7025832104216876 1.4603225125671717 1.2876248115997202 1.1987051547092984 1.3060741281654196 1.708329718860184 2.1477863904989007 2.1284297304955437 1.8783053895146635 1.605799910404902 1.0804480600012887 0.6576260180529574 0.20153471672385592 -0.16472958427716633 -0.45477703651497026 -0.828602532829804 -1.2983039857237657 -1.56990212139587 -1.6666854214126554 -1.6539826132854523
3.1458641719219997 2.854909376246539 2.6577134024623383 3.034563376902697 3.0276070772139905 2.628375964644751 2.2678581720822253 2.918423416882554 3.465249061977392 3.188811761304448 2.880314992500945 2.3304648692805827 1.8695344029506422 1.6009607454040629 1.5141582232015083 1.4572980344416469 1.5531739910207751 1.724964348550569 1.1838852118942282 0.7377746883793577 0.4985384686503662 0.9963675681117061 1.35295353911105 1.2573800303444747 1.2876248115997202 1.2005198415846132 1.1400302790741221 1.1860023465820955 1.4585078256918569 1.58825793727686 1.6293908397839936 1.4309850747495834 1.1497086090758006 0.6164931155458235 0.23389663266696847 -0.1695687492780058 -0.5240375855894823 -0.9166148462825683 -1.206662298520372 -1.559316447956534 -1.6833200511030404 -1.6167815323415002 -1.6255525189055215
2.910559773756191 2.7835316924841598 2.6770700624656962 3.1029165825395513 3.217241855684379 2.824664594991294 2.390954431791074 2.8089373087385656 3.199699882556337 3.003411252209794 2.7124564565343334 2.530685321190308 2.1372007170595646 1.7775902679346964 1.4116284147462264 1.1965880200214312 1.1294446056347864 1.3275479228566438 1.6293908397839936 1.252238417531083 0.3960086601950841 -0.1695687492780058 0.3636467442519715 1.1421474137619894 1.1869096900197527 1.1294446056347864 1.101921854692513 1.2171544712749982 1.3459972394223436 1.4349168963127654 1.3275479228566438 1.1243029928213948 0.7522921833818756 0.21998403328955574 -0.2055600389717478 -0.5455113802807066 -0.895141051591344 -1.239931557901142 -1.5375402054527574 -1.6352308489072 -1.6294843404687034 -1.45285481793807 -1.141333571009042
2.8890859790649666 2.8706366624992663 2.805005487175384 2.890900665940281 3.0384951984658786 3.2465792935019673 2.9613710062650025 2.688865527155242 2.758126076229754 2.7699215409192997 2.765989719356117 2.6156731565175475 2.3782516236638704 1.9865817064084423 1.4739326641320318 1.1382155921988073 0.9192433759108305 0.819738045581073 1.1575722522021648 1.5081092669504594 0.7698341565099178 -0.6625586837385065 -0.563053353408749 0.4613373877064144 1.1938659897084591 1.206568797835662 1.1605967303276892 1.3051667847277624 1.3245234447311194 1.4467123610023112 1.3293626097319586 0.9818500731091884 0.47404019583361734 0.07662377013969235 -0.240946433040385 -0.6099327643543794 -0.9030046947177077 -1.2487025444651634 -1.6237378320302067 -1.5502430135799603 -1.4117219154309362 -1.0366866278658926 -0.6773786265535767
3.0336560334650393 3.0130895822114727 2.404564583355935 2.393071566478941 2.7484477462280754 3.250511115065149 3.5190847726117287 2.993430474395563 2.4329946777358655 2.4115208830446404 2.5521591158815324 2.5793794190112527 2.293263788336631 1.8997791842058878 1.7709364160585424 1.7552091298058146 1.4143504450591984 1.1342837706356257 1.1615040737653464 1.5247438966408444 1.3608171822374138 0.11261505983343434 -0.23701461147720304 0.09325839983007733 0.8127817458923665 1.2534482087812926 1.2697803906591252 1.4037647716198627 1.6342300047848328 1.801181197313788 1.7376671566777724 1.3989256066190234 1.0090703762389095 0.6059074421064876 0.3237236329950475 0.37453486550385984 0.12350318108532266 -0.5805953265367914 -1.300421120411633 -1.2057549550827147 -0.6090254209167221 -0.2808695442973089 0.05605731888612531
2.9504828850131144 3.188811761304448 2.475942267118314 2.498323405247195 2.7151784868473055 2.907535295630666 3.0608763365947604 3.0989847609763697 2.2209787611365943 1.9330484435866577 2.1653283636269425 2.38430057991492 2.290541758023659 2.0600765248586885 2.0579593901708213 2.0180362789138977 1.7512773082426325 1.5180900447646903 1.3928766503679741 1.3305724009821687 1.3901546200550021 1.2495163872181105 0.7746733215107573 0.529690593343269 0.771951291197785 1.2933713200382166 1.528675718204026 1.6714310857287848 1.8489679516970756 1.881329867640188 1.848060608259418 1.7464381432417933 1.561944977584796 1.6499572910375606 2.382183445227053 2.3588949636605134 1.9487757298393855 1.10282919813017 0.07057481388864306 0.048193675759761634 0.676075334618657 0.479786704272114 0.6615578396161392
