static/data/ASCData/20210123/ASCV/09.asc
ncols 97
nrows 97
xllcorner 99.0
yllcorner 2.0
cellsize 0.25
NODATA_value -32767
[rows 57 to 75 of 97, columns 0 to 42 of 97]
1.7377439940746842 2.081360086110376 2.2572106743874656 2.8156590122000944 2.7365406851263296 1.9153271004628778 1.1486878362992126 0.639038758616022 0.6624277531159308 0.8108468046338684 0.957244585022184 1.1010435882438434 1.2716966221876198 1.4417721500943614 1.3158758340207803 0.8957401920779804 1.1986421085027203 1.506164073223739 1.3069244904467412 0.8166218650042161 0.36068084876525996 -0.09930270973293931 0.17818894106227057 0.2590397862471392 0.10397941530330179 -0.101323980862561 -0.26129315312119417 -0.40509215634285356 -0.18535110925112108 0.1643287961734361 0.6127622339309398 0.90353652357795 1.1134599680400912 1.0568643764106829 0.6107409628013183 -0.21538142317692954 -0.26331442425081586 0.17703392898820103 -0.5104870081017001 -1.1110932866178675 -1.9634921972811976 -5.774165782655169 -10.00844004619415
1.643899263056533 2.0140806327958245 2.1731835459989055 2.6458722373118695 2.3166937962020473 1.5168479349088824 1.2621677725765459 0.7854365390043381 0.6271998848568094 0.5824431669866141 0.6664702953751742 0.604677149412453 0.8371233293189506 1.078520852799487 0.9670621876517751 1.1244325827437518 1.4348420776499442 1.675084589056411 2.122363014739845 1.5668022071123906 0.5951482998013791 0.28358379282111756 0.3040852571358521 0.3803160540244426 0.35288451726529035 0.1761676699326491 -0.18044230793632554 -0.4001833550280578 -0.5269459301571913 -0.4977818752869352 -0.025093183973970534 0.6185372943012875 0.8420321306337459 0.9592658561518059 0.5706042932274011 0.10975447567364971 0.04536255254427202 0.2746324492470784 -0.40509215634285356 -1.3862749132649386 -4.084671871309931 -7.880619052739516 -10.442147080007267
1.5832611291678818 2.1174542134250496 2.1281380751101926 2.159612154128588 1.8382300445187354 1.7345677108709932 1.4876838800386263 1.0961347869290476 0.9456944642814886 0.7406798211341428 0.6710903436714524 0.5258475753572058 0.7620475445044297 1.0071988572256922 1.4339758185943918 1.602896334427064 1.60000880424189 1.7648867778153188 3.2395484433836197 1.9944454275366426 0.8186431361338375 0.5070786291535756 0.5189175029127886 0.4340241154686766 0.41150138002432013 0.3283405106913124 -0.07100491391823538 -0.5191495986572219 -0.949969102285165 -0.8541031001373922 -0.3464752935838238 0.2728999311359741 0.019952286914741935 0.12332586754396702 0.3381581133209035 0.28156252169149565 0.29831019676550397 -0.19603497093626432 -1.1021419430438286 -3.2397805391280534 -5.936156226043424 -8.31028354429339 -10.816082238987285
1.8353425143335615 2.350766652387099 2.0677886942400594 2.023898235425416 1.924278444036917 1.8197498513336223 1.7787469227041532 1.4007692214648924 1.2716966221876198 1.0071988572256922 0.8665761372077243 0.604677149412453 0.8304820098930505 1.126165100854856 1.5529420622235557 1.9641263605923165 1.8832755154074479 2.4114047862757504 3.908589187288409 1.97481022227746 1.278626694632037 0.9485819944666625 0.5090999002831975 0.4242065128390855 0.31679038995061704 0.2630823285063826 0.06268773365531533 -0.4293474098983141 -0.688070114489894 0.13603100035873195 0.6243123546716356 0.3323830529505558 0.07943540872932386 -0.2973872804358677 -0.0337557745294923 0.14382733185870156 -0.009500520974031756 -1.0602727553588074 -2.7468791365188716 -5.01128030773223 -7.450954561185643 -9.82594813849116 -10.667663187469346
2.1575908829989663 2.4789729926088198 2.133046876424989 1.740631524259858 1.7972271158892663 2.0189894341106207 1.9574850411664169 1.7103124573155324 1.5324405979088211 1.2511951578728853 1.0834296541142827 0.8420321306337459 0.9670621876517751 1.2757391644468632 1.5442794716680341 1.9338072936479909 2.2953260728317604 3.036555071365896 3.106722054865622 1.3508149492613841 1.7074249271303585 1.9173483715924997 1.363520082076149 0.5968808179124834 0.41929771152428974 0.18396400143261826 0.1643287961734361 0.22294565893246587 0.5619417026718796 1.784521983074501 2.154703352813793 1.6476530522972592 1.0207702490960096 0.5041910989684018 0.06470900478493702 -0.08255503465893077 -1.193965402932358 -2.494797751353192 -4.320871840457155 -6.559285240003948 -8.81213629047661 -10.122786241527034 -10.821857299357632
1.9826065537774296 2.3920583340350854 2.186754937869223 1.7238838491858497 1.8850080335185522 2.120341743610224 2.127271816054641 2.0296732957957637 1.800980905129992 1.6762396011304805 1.4680486747794437 1.3626538230205971 1.3811340162057097 1.4905714102238001 1.6508293355009502 1.8079109775744098 2.2338216798875568 2.8549294227184587 2.423243660034964 2.116587954369497 3.683073079826328 3.4191528209014352 2.3256451397760864 1.347061160020658 0.5714705522829535 0.11639579509954956 0.5668505039866754 1.5110728745385347 2.0657674231104375 2.0120593616662035 2.275690867572578 2.5228634514234622 2.231800408757935 1.3695838954650144 0.4143889102094944 -0.8376441780819011 -2.5161654747234783 -3.762423502644526 -5.4441210824897945 -7.684267000147693 -9.402058707307635 -10.46062727319238 -10.712708658358059
1.247441368632159 1.4036567516500662 1.8001146460744402 2.006284301295855 2.2035026129432316 2.3236238686464645 2.3383502725908514 2.320736338461291 2.041223416536459 2.0617248808511937 1.814841050018827 1.8812542442778264 1.8956918952036956 1.97481022227746 2.02563075353652 2.030539554851316 2.1838674076840485 2.6761913042561956 3.305095378587067 3.8372671917146137 4.423147066286394 3.8069481247702877 2.838181747644451 1.971922692092286 1.1359827034844472 0.5463490396719408 0.7767739484488165 1.6332154013713895 2.288396000387343 1.5540970742976252 1.5139604047237085 2.3646267972759336 2.5257509816086365 1.235602494872946 -0.725319253878637 -2.3463786998352543 -3.663669970311579 -4.654092823826221 -6.341565464041837 -8.201712409330852 -9.535751354881185 -10.184290634471239 -10.366782542174228
0.9661959285962232 0.6575189518011351 1.378246486020536 1.9817402947218772 2.3666480684055555 2.5578025666640665 2.5578025666640665 2.519975921238289 2.390903321961016 2.424109919090516 2.231800408757935 2.3002348741465566 2.288396000387343 2.3539429355907906 2.3499003933315468 2.2982136030169347 2.3773319300906985 2.5921641758676355 3.0111448057363663 3.016919866106714 3.0111448057363663 2.872254603829502 2.472909179219954 1.9133058293332563 1.175253114002812 0.7190233447453387 0.7738864182636427 1.0482017858551613 1.4114530831500358 1.340997346631793 1.268809092002446 1.4905714102238001 0.9592658561518059 -0.4567789466574659 -2.0368354639846142 -3.347196662016522 -4.339640786660785 -5.177313293379728 -6.605196969948213 -8.001606567498301 -9.231116920345341 -9.963683328323954 -10.138378904526974
0.4779145742833195 -0.581809003675495 0.37829478289482066 1.6467867932417068 2.8246103557741336 3.0784242590509177 2.861570742144359 2.72874435362636 2.6155531703675443 2.5422099036641272 2.483593040905098 2.4789729926088198 2.472909179219954 2.5237297104790146 2.5081370474790754 2.3920583340350854 2.4015871836461598 2.4134260574053723 2.686008906885787 2.6761913042561956 2.4252649311645857 2.221982806128344 1.9338072936479909 1.4487022225387787 1.0646607079106525 0.8654211251336548 0.9699497178369489 1.0834296541142827 1.2737178933172413 1.321650894391128 0.9670621876517751 0.15941999485864033 -0.6548635173603943 -1.711699565134035 -2.8805717840924223 -3.901891210588424 -4.880475190343853 -5.749621776081192 -6.810211613095558 -7.949919777183689 -8.86295682173567 -9.529110035455286 -9.621799754399367
-0.08168877560337862 -1.9314406122257675 -0.9312001560815347 1.3285809668355453 2.6478935084414914 3.1829528517542123 2.9894883293475623 2.9173000747182147 2.845111820088868 2.7443370166262993 2.7316318838115343 2.659443629182187 2.595917965108362 2.597939236237983 2.5745502417380752 2.5061157763494544 2.438836323034902 2.4680003779051587 2.5471187049789235 2.569641440423279 2.5090033065346278 2.6418296950526265 2.2933048017021394 1.407410540890792 0.8498284621337155 1.152730378558456 1.4865288679645567 1.4807538075942086 1.047335526799609 0.7718651471340208 0.029481136525815854 -0.8024163098227797 -1.6802254861156398 -2.6256028687415687 -3.3775157289608475 -4.315963039142359 -5.198969769768532 -6.10132295263537 -6.9615181947986695 -7.549419340500072 -8.413657124922615 -8.970372944624138 -9.067971464883016
-0.21855770638062078 -1.833553338948373 -1.178372739932419 0.8957401920779804 2.5081370474790754 3.0608103249213565 3.0608103249213565 2.9603242744773057 3.009989793662297 2.954549214106958 2.9623455456069276 2.9123912734034194 2.850886880459216 2.72874435362636 2.7016015698857254 2.653668568811839 2.5667539102381056 2.6351883756267265 2.6995802987561044 2.8742758749591237 3.0784242590509177 3.249366046013211 2.934914008847776 2.0316945669253856 1.2462863565580895 1.643899263056533 2.088290158554794 1.9075307689629086 0.9358768616518971 -0.1267342464920913 -0.8746045644521268 -1.6530827023750052 -2.5152992156679264 -3.0896289694990116 -3.8276816848294555 -4.660734143252121 -5.5085130056191725 -6.377659591356511 -6.879512337539731 -7.319860690778748 -7.620741336073867 -8.173414613516147 -8.458702595811328
-0.14521443967720415 -0.5396510629719564 -0.08457630578855269 0.5345101659127278 2.1370894186842317 3.009989793662297 3.027603727791857 3.0697616684953957 3.1742902611986903 3.1535000438654386 3.2268433105688548 3.2199132381244375 3.1916154423097334 3.070627927550948 2.984579528032766 2.934914008847776 2.853774410644389 2.9357802679033274 3.008257275551192 3.3010528363278233 3.5207938834195565 3.734759870140941 3.437921767105066 2.8742758749591237 2.1087916228695285 1.9066645099073563 2.08424761629555 1.4975014826682174 0.31072657656175173 -0.7778723032488015 -1.4985998374682026 -2.2721691740762857 -2.8687329103332093 -3.4450839352939164 -4.182270391568808 -4.998575174917465 -5.785715903395865 -6.429346381671124 -6.809345354040007 -6.817141685539976 -7.103295926890707 -7.438249428370878 -7.727291199906784
-0.0005491773999926064 0.46318817033893267 0.8781262579484197 1.0929585037253566 1.4992340007793217 2.3732893878314556 3.1789103094949684 3.285460173327885 3.4006726277163226 3.394897567345975 3.507222491549239 3.5617968120490255 3.530611486049147 3.4797909547900874 3.3937425552719054 3.2972990470870975 3.2288645816984767 3.2756425706982935 3.29816530614265 3.4670858219753216 3.5441828779194644 3.732738599011319 3.6692129349374936 3.104700783736 2.388882050831395 1.9612388304071426 1.3274259547614757 0.5119874304683714 -0.4489826151574965 -1.1648013480621018 -1.849146001948312 -2.4927764802235703 -3.0896289694990116 -3.7136242425150874 -4.464382090660297 -5.1345778466391545 -5.801308566395804 -6.160806074449953 -6.270243468468043 -6.270243468468043 -6.456777918430276 -6.790576407836376 -7.313219371352849
0.25239846682123956 0.7279746883193778 1.0060438451516227 0.7522299418748386 1.1134599680400912 2.2765571266281306 3.2288645816984767 3.577389475048964 3.63311880762282 3.7208997252521065 3.8060818657147353 3.863543716399696 3.8557473848997263 3.811856926085083 3.727829797696524 3.605687270863668 3.469973352160496 3.487587286290056 3.3752623620867928 3.201433044939325 3.210384388513364 3.111630856180417 3.057922794736183 2.7443370166262993 2.1469070213138233 1.3080795025208107 0.45827936902413735 -0.2817946174359287 -0.8766258355817484 -1.5055299099126198 -2.0914097844844006 -2.735906521815211 -3.297531142831531 -3.927301476217955 -4.4704459040491615 -5.031781772046965 -5.401963141786256 -5.467510076989703 -5.4978291439340286 -5.870898043858494 -6.060320024005901 -6.351383066671429 -6.85208080078058
0.6116072218568702 0.4660757005241065 0.5521241000422885 0.44066543489457666 0.9506032655962839 2.1535483407397233 3.3010528363278233 3.7229209963817276 3.878270120344083 4.0902148359358454 4.128330234380141 4.172220693194784 4.107828770065407 4.057008238806346 4.007053966602838 3.8410209809553395 3.6498664826968286 3.3039403665129976 3.061965336995426 2.761084691700308 2.50322824616428 2.3273776578871903 2.0571048325549155 1.70944619825998 1.1400252457436906 0.29513391356181295 -0.4117334757687534 -1.0181148146552688 -1.478098373153468 -1.9204679975221066 -2.4275182980386405 -2.962577641351361 -3.48781938203449 -3.943182892236411 -4.40980777016051 -4.69509575245569 -4.80337813439971 -4.878453919214231 -4.998575174917465 -5.451917413989764 -5.746734245896017 -6.036931029505993 -6.519148570430032
1.7414977833154104 0.37425224063557727 0.2688573888767307 0.6156497641161136 1.2445538384469852 2.2355541979986615 3.240414702439172 3.6868268690670547 3.967206050047438 4.3186184735831 4.341141209027456 4.413329463656803 4.345183751286699 4.287433147583222 4.141035367194906 3.856902396973796 3.4974048889196476 3.0714941866065004 2.580325302108423 2.141998219999028 1.7345677108709932 1.3285809668355453 0.9485819944666625 0.4972610265239845 -0.04646090734425745 -0.57574519028663 -1.0591177432847378 -1.4567306497831813 -1.8453922127075857 -2.2106647811320816 -2.591530012556517 -3.0523798301102687 -3.4959044665529766 -3.912863825292085 -4.313075508957185 -4.539746628493335 -4.5856583584376 -4.793560531770119 -4.971432391176831 -5.167784443768654 -5.449029883804591 -5.8913995081732295 -6.419528779041532
3.2649587090131504 1.4027904925945138 0.27954125056187373 0.38811238552441174 0.9817885915961619 1.7045373969451847 2.4680003779051587 3.0755367288657434 3.7425562016409106 4.371460275971781 4.531429448230415 4.473967597545455 4.326414805083069 4.187813356194723 3.964318519862265 3.6351400787524417 3.221068250198507 2.7668597520706557 2.2416180113875264 1.590191201612299 0.9682171997258446 0.3508632461356689 -0.10305649897366553 -0.48507674247217003 -0.8737383053965746 -1.225150728932236 -1.5964871107455971 -1.7965929525781472 -2.0036288668551143 -2.2828530357614287 -2.66083073700069 -3.05440110123989 -3.448837724534642 -3.8600220229034035 -4.1802491204391865 -4.332710714216367 -4.561114351863622 -4.705779614140833 -4.865748786399466 -5.047663188065421 -5.403984412915878 -5.900928357784303 -6.351383066671429
3.5384078175491167 2.5774377719232486 1.1986421085027203 0.572625564357023 0.34710945689494266 0.809980545578316 1.32251715344668 2.0031080180921643 3.2366609131984463 4.105807498935785 4.533450719360037 4.567812328563606 4.409575674416077 4.10291996875061 3.8060818657147353 3.4621770206605262 3.0541690054954564 2.4630915765903634 1.8743241718334087 1.0695695092254478 0.23478453269167887 -0.4371437413982835 -0.9430390298407477 -1.280880061506092 -1.4596181799683552 -1.6735841666897397 -1.7515474816894345 -1.8531885442075553 -2.0483855847253096 -2.2886280961317764 -2.683353472445046 -3.1072429036285723 -3.517272189923263 -3.916617614532811 -4.220385790013103 -4.3823762334013585 -4.605004810678265 -4.634457618567038 -4.66853047475209 -4.982116252861974 -5.546628404063467 -6.027113426876402 -6.247720733023686
2.7980450780705333 3.002193462162327 2.028518283721694 0.4357566335797809 -0.01152179210365345 -0.06811738373306153 0.42131898265391166 1.0375179241700179 2.2912835305725174 3.543316618863912 4.424013325341947 4.561748515174741 4.445669801730751 4.164424361694814 3.80117306439994 3.416265290716262 2.8754308870331933 2.2592319455170875 1.4319545474647704 0.49264097822770636 -0.34445402245420187 -1.034862489729277 -1.5162137715977633 -1.711699565134035 -1.8425046825224118 -1.8257570074484033 -1.8716687373926681 -1.951942076540502 -2.1168200501139305 -2.363992633964815 -2.685085990556151 -3.123701825684063 -3.5758890526822933 -3.9761007363473935 -4.331844455160815 -4.564001882048796 -4.697983282640863 -4.6939407403816205 -4.708667144326007 -5.082602303306024 -5.6462481954519665 -6.055411222691106 -6.2436781907644425
