static/data/ASCData/20210123/ASCV/15.asc
ncols 97
nrows 97
xllcorner 99.0
yllcorner 2.0
cellsize 0.25
NODATA_value -32767
[rows 76 to 94 of 97, columns 43 to 85 of 97]
-5.500686658314084 -5.572873631384903 -5.593623732955868 -5.615835109285351 -5.641261290083575 -5.585732849259868 -5.508577542010085 -5.535757252518531 -5.657919822330687 -5.919780259057221 -6.08461205181812 -6.09630224988627 -5.933223986835593 -5.71081796858906 -5.345499278959408 -4.960599507565607 -4.4605512852005385 -3.8523687307050936 -3.2818870649794283 -2.7146202037225047 -2.2525651250789203 -1.696111697035034 -1.224412204985227 -0.6188599450551155 0.058002523090704194 0.7620447017449701 1.378118139936415 1.76009536181318 1.0978456412525457 0.7892244122534162 0.4142613092175407 -0.12757937124115948 -0.5545638556802968 -0.6901701532708238 -0.6480854402254876 -0.5729759176376312 -0.7264097672820853 -1.1326441501502584 -1.5993753080211022 -1.8542216259067477 -1.804538284117115 -1.6502276696175497 -1.3933355670699785
-5.484028126066972 -5.552415784765643 -5.541602351552605 -5.559429903606532 -5.598299812183127 -5.522313524740159 -5.449834296717636 -5.4927957746180835 -5.611159030058091 -5.654120507958538 -5.738874443952618 -5.738874443952618 -5.664933941171576 -5.488996460245936 -5.212523275934215 -4.822070660458042 -4.1668350587382985 -3.552515150257075 -2.954853774022964 -2.4001538756893 -1.9930427279660154 -1.568104028188804 -1.0350309962812156 -0.28598155506457656 0.3976027769704289 1.112458388837732 1.7209331982848806 1.4240021673538994 0.7044704762593366 0.4797264183991743 0.30291217261842274 -0.19421350022960793 -1.00083716693188 -1.1598238606587046 -1.387490468035904 -1.3199795741923444 -1.4772127382089466 -1.8621125096027482 -2.2525651250789203 -2.30750905599922 -2.181254916863212 -1.819151031702301 -1.566058243526878
-5.313351234271998 -5.390506541521781 -5.41476370251319 -5.456848415558526 -5.528158623774234 -5.465616064109637 -5.4898732251010465 -5.532834703001494 -5.553584804572457 -5.569951081867867 -5.571120101674682 -5.60239138150698 -5.517345190561196 -5.280910934632885 -4.994793336914942 -4.362938131331496 -3.70682576475664 -3.122900371252604 -2.529038309390641 -2.1365399092525426 -1.7858339672080767 -1.383398898712052 -0.7234872177650482 0.04134399084359197 0.8780699175713469 1.5929255294386504 1.512847672671831 1.084109658522471 0.8038371598386016 0.6448504661117775 0.6986253772252624 0.36048639810405625 -0.5946027840637069 -1.7808656330291135 -2.0085322404063124 -2.0623071515197973 -2.194990899593287 -2.3221218035844062 -2.612915480529609 -2.5281615445355303 -2.3279669026184804 -1.9442361510314938 -1.7703444547677796
-5.012328634017165 -5.065226780275539 -5.176575916874657 -5.283833484149923 -5.378524088501928 -5.472337927998823 -5.4927957746180835 -5.548616470393495 -5.56322921797868 -5.557384118944606 -5.536926272325346 -5.477306262177787 -5.220414159630215 -4.908870381114047 -4.271170076496527 -3.6062900613705597 -3.080815658207268 -2.529038309390641 -2.1590435405337294 -1.871756923008971 -1.5271883349502828 -0.9675201024376556 -0.2722455723345014 0.5694486885722174 1.4143577539476766 1.4640410957373096 1.2208849759198133 0.9964331730113543 0.9289222791677947 0.7433403848359319 1.1399303542978823 0.7804567637023041 -0.19012193090575558 -1.558459614782581 -2.409798289095523 -2.5153023266605663 -2.578721651180274 -2.5848590051660523 -2.7283561864525794 -2.5015663439304916 -2.350470533899667 -2.1619660900507665 -1.9822292947529778
-4.7615738854553715 -4.744038588353149 -4.857141254662489 -4.911792930631085 -5.079839527860725 -5.277111620260737 -5.448080767007414 -5.529912153484457 -5.550662255055421 -5.519390975223122 -5.33468584574637 -5.109065023031097 -4.660745927117588 -4.05548592213918 -3.3581656073741 -2.8502265013130312 -2.419734957453449 -2.1277722607014313 -1.8375630936596354 -1.4517865574107227 -1.052566293383439 -0.4528591324874016 0.262873244235013 1.1340852552638072 1.5862036655494656 1.4327698159050115 0.8918059003014225 0.7199599886996335 0.7716891151511929 0.6436814463049627 0.8126048083897137 0.9818204254261689 0.06092507260774127 -1.0408760953152898 -1.9380987970457157 -2.4676647695328597 -2.7458914835548027 -2.80141992437851 -2.804342473895547 -2.6266514632596842 -2.4352244698937464 -2.2858821895731447 -2.1277722607014313
-4.500590213583949 -4.4918225650328365 -4.565178557910471 -4.555534144504248 -4.803366343549004 -5.079839527860725 -5.268343971709625 -5.382615657825781 -5.416809487175116 -5.277988385115848 -4.982226373991682 -4.469611188703354 -3.8786716763584286 -3.247693235630093 -2.7496907979269514 -2.4323019203767093 -2.1853464861870644 -1.9392678168525306 -1.651104434472661 -1.1472568977354447 -0.5984020984358551 0.11265419905930019 0.8508902070629007 1.4719319794333101 1.6966760372934724 1.2071489931897377 0.5519133914699941 0.35756384858701873 0.001305062460181805 0.2687183432690876 0.5793853569301435 0.7708123502960813 0.6185475204584421 -0.09250877703671279 -0.733131631171271 -1.3953813517319045 -2.429379370859672 -2.9627446577189644 -2.87682170191807 -2.6912398075862067 -2.4372702545556724 -2.2741919915049955 -2.193237369883065
-4.405022844376831 -4.4605512852005385 -4.451783636649427 -4.452952656456242 -4.6890946574328485 -4.97813480466783 -5.189142879797917 -5.265421422192588 -5.178329446584879 -4.854218705145452 -4.386610782419497 -3.8102840176597574 -3.3531972731951365 -3.0065829004745224 -2.7292329513076905 -2.4773091829390825 -2.209603647178473 -1.8688343734919337 -1.3971348814421267 -0.8123327230829793 -0.3552459786183584 0.37334561597901983 1.016014254775504 1.0168910196306156 0.9689612075512049 0.6153327159897017 0.0325763422924803 -0.3485241147291731 -0.37570382523761925 -0.0992306409258985 0.18688695679204548 0.7433403848359319 0.7062240059695588 0.3312609029336837 -0.06708259623848889 -0.6530537744044511 -1.5201742161093934 -2.4998128142202694 -2.8943569990202933 -2.4343477050386353 -2.175409817829138 -2.1023460799032074 -2.1190046121503197
-4.469611188703354 -4.475456287737428 -4.438339908871056 -4.480132366964688 -4.66483749644144 -4.945109995125309 -5.096498060107837 -5.077793743198799 -4.80541212821093 -4.453829421311353 -4.059285236511329 -3.690167232509528 -3.2663975525391313 -2.9969384870682996 -2.7225110874185052 -2.3776502444081133 -2.0389267553834998 -1.5926534441319167 -1.0584113924175131 -0.5212467911860728 -0.05919171254248834 0.5510366266148825 1.0177677844857262 0.9084644325485343 0.8088054940175651 0.602765753066441 0.19565460534315715 -0.23717497813005517 0.016794574900479198 0.33418345245072123 0.236570298581678 0.41338454436242955 0.5618500598279201 0.31284884097634924 -0.2906576342918359 -0.8932873447049103 -1.2486693659766361 -1.6657171820578471 -2.4372702545556724 -2.0798424486220206 -1.8679576086368226 -1.8805245715600827 -2.053539502968686
-4.487146485805577 -4.503805018052689 -4.493868349694763 -4.546766495953136 -4.70487642482485 -4.825869974830191 -4.9334197970571605 -4.7829084969297435 -4.509650117086764 -4.204828202459782 -3.8199284310659802 -3.4879268059305524 -3.1304989999969006 -2.785930411938213 -2.36011494730589 -1.9959652774830527 -1.5534912806036179 -1.0788692390367736 -0.4625035458936244 0.04017497103677714 0.5323323097058443 0.4747580842202108 0.6828436098332613 0.696579592563336 0.6144559511345902 0.30583472213546026 -0.22548478006190598 -0.6980610369668243 -0.4528591324874016 -0.1717098689484211 -0.4040525555528802 -0.4782853132856255 -0.26932302281746434 -0.41866530313806605 -1.246915836266414 -2.0181766538125356 -2.310431605516257 -2.237952377493734 -2.3396571006866296 -1.9334227178184562 -1.7174463085094058 -1.7536859225206674 -1.9071197721651212
-4.453829421311353 -4.465519619379502 -4.458797755490316 -4.4976676640669115 -4.563132773248545 -4.641457100305143 -4.579791305495657 -4.430449025175055 -4.193138004391633 -3.8874393249095403 -3.595476628157522 -3.21759097560461 -2.8385363032448825 -2.334688766507666 -1.8834471210771198 -1.4324977305982771 -0.9841786346847679 -0.3815489242716934 0.23452451391975204 0.4914166164673235 0.8742706031991991 0.6349137977538506 0.44261003953280165 0.46891298518613667 0.31372560583146036 -0.026166902999968045 -0.7497901634183832 -1.1063412044969234 -0.6881243686088978 -0.5642082690865196 -0.8541251811766117 -1.1326441501502584 -1.041752860170401 -0.7506669282734943 -1.5084840180412447 -2.4910451656691572 -3.05743526207097 -2.5611863540780506 -2.205804332806325 -1.904197222648084 -1.779112103318891 -1.7995699499381517 -1.8425314278385987
-4.32874430198216 -4.327867537127049 -4.2916279231157874 -4.295719492439639 -4.3044871409907515 -4.272339096303342 -4.20862751683193 -4.093479065860664 -3.8620131441113164 -3.553391915112186 -3.2605524535050567 -2.8522722859749576 -2.445161138251673 -1.9196867350883813 -1.411747629027313 -0.9479390206735063 -0.32397469878606033 0.27953177648212524 0.5188885819274729 0.7258050877337086 0.6691076271031866 0.5402231934018449 0.2815775611440512 0.1427564590847834 0.005981141687441571 0.06472438697988947 -0.610969061359115 -0.9666433375825445 -0.7956741908358675 -0.6130148460210414 -0.8436040029152778 -1.112186303530998 -1.0759466895197365 -0.8365898840743884 -1.3512508540246424 -2.3238753332946285 -3.0816924230623792 -2.6012252824614603 -2.041849304900537 -1.9781377254291257 -1.8542216259067477 -1.8133059326682266 -1.8550983907618588
-4.193138004391633 -4.141408877940075 -4.032982290857993 -3.984175713923472 -3.873703342179465 -3.848277161381241 -3.7565091065462726 -3.6413606555750064 -3.5075078876947017 -3.2009324433574977 -2.884420330662367 -2.48812261615212 -2.1023460799032074 -1.6256782536744372 -1.110140518869072 -0.4069751050699173 0.2169892168175287 0.38708159870909453 0.5118744630865839 0.6048115377283674 0.28917618988834803 0.23364774906464092 0.15064734278078395 -0.03405778669596815 -0.14131535397123418 -0.08286436363048999 -0.18135428235464435 -0.5320602243991104 -0.7369309455434192 -0.5887576850296323 -0.7427760445774938 -0.9929462832358795 -0.956706669224618 -1.6256782536744372 -2.1412159884798023 -2.385541128104114 -3.000737801440448 -2.3934320118001144 -1.885492905739046 -1.9392678168525306 -1.845453977355636 -1.7878797518700027 -1.761576806216668
-4.064253570690291 -4.000834246170584 -3.7506640075121984 -3.623825358472783 -3.4791591573794407 -3.444088563174994 -3.339461290465062 -3.206777542391572 -3.068248695284008 -2.860163169670958 -2.5749223368081253 -2.164888639567804 -1.788756516725114 -1.3191028093372332 -0.650131224887414 0.05683350328388892 0.22780265003056632 0.29326775921219994 0.42595150728568987 0.4534234727458397 0.18396440727500796 0.07261527067589002 0.20617578360449107 0.21903500147945465 0.07144625086907519 -0.09250877703671279 -0.19596702993983017 -0.36021431279732186 -0.2906576342918359 -0.48033109794755147 -0.6580221085834146 -0.9724884366166191 -1.7712212196228907 -2.459773885836859 -2.8347369888727343 -3.06211134129823 -2.8063882585574733 -2.052370483161871 -1.7282597417224435 -1.765376120588816 -1.7136469941372574 -1.6560727686516243 -1.6139880556062882
-4.011355424431918 -3.8240200003898326 -3.527088969458851 -3.4002503204194356 -3.22548185930061 -3.1433582178718646 -3.0241181975767457 -2.9060471970884425 -2.7672260950291747 -2.554464490188865 -2.1590435405337294 -1.651104434472661 -1.1785281775677428 -0.5338137541093326 0.08021389942018686 0.21318990244538005 0.25118304616686427 0.26491902889693897 0.4221521929135412 0.57441702275118 0.29034520969516286 0.19273205582611963 0.20529901874937995 0.4376417053538386 0.45722278711798836 0.21903500147945465 0.1231753773206341 0.01884035956240515 -0.03990288573004275 -0.04370220010219139 -0.2772139065134649 -1.0096048154829917 -1.9351762475286785 -2.3650832814848535 -2.6412642108448705 -2.6158380300466466 -2.191191585221139 -1.736150625418444 -1.61018874123414 -1.5789174614018417 -1.4772127382089466 -1.3962581165870156 -1.3170570246753068
-3.9879750282956206 -3.76732253975931 -3.466592194456181 -3.2134994062807576 -3.029086531755709 -2.926505043707703 -2.775116978725175 -2.6178838147085726 -2.4773091829390825 -2.1599203053888405 -1.5602131444928036 -0.8006425250148306 -0.0770192645964154 0.6124101664726638 0.6495265453390369 0.5443147627256968 0.39964856163235485 0.36837728180005636 0.5752937876062916 0.7474319541597838 0.5168427972655474 0.25118304616686427 -0.13342447027523363 -0.30936195120087406 -0.09163201218160166 0.29619030872923746 0.5197653467825845 0.5051525991973982 0.5706177083790323 0.09015056777811337 -0.582620331043854 -1.5084840180412447 -1.9909969433040895 -2.0476944039346114 -2.0465253841277966 -2.0582155821959454 -1.8708801581538597 -1.5467694167144324 -1.3240711435161963 -1.2439932867493764 -1.166837979499594 -1.1130630683861091 -1.0759466895197365
-3.9771615950825825 -3.693089782026565 -3.442042778513068 -3.277210985752169 -3.0036603509574853 -2.8680540533669587 -2.7292329513076905 -2.495721244896417 -2.1862232510421755 -1.7203688580264431 -1.081791788553811 -0.4031757906977691 0.24533794713278967 0.6056883025834789 0.9835739551363911 0.9230771801337205 0.5080751487144353 0.2815775611440512 0.4671594554759144 0.580262121785255 0.6945338079014096 0.45926857177991387 0.11557674857633726 -0.23132987909598057 -0.34940087958428423 -0.0992306409258985 0.33915178662968426 0.5969206540323668 0.587276240626144 0.6311144833817028 -0.5300144397371844 -1.2027853385591518 -1.5602131444928036 -1.6852982638219964 -1.7127702292821463 -1.649058649810735 -1.4696141094646498 -1.3553424233484948 -1.2165213212892265 -1.0250943279232891 -0.8582167505004636 -0.7147195692139365 -0.6480854402254876
-3.9762848302274714 -3.691043997364639 -3.399081300612621 -3.2351262727068333 -3.0445760441960066 -2.8502265013130312 -2.5223164455014553 -2.149106872175803 -1.528065099805394 -0.8649386143896494 -0.48909874649866314 -0.37278127572058173 -0.08578691314752707 0.015917810045368075 0.3558103188767965 0.6536181146628888 0.3879583635642061 -0.018276019303967495 0.023808693741368625 0.42887405680272694 0.5177195621206581 0.5931213396602182 0.35873286839383356 -0.07789602945152652 -0.4362006002402894 -0.1421921188263453 0.5343780943677707 0.749185483870006 0.40052532648746597 0.11148517925248491 -0.22343899539998002 -0.7009835864838614 -1.2086304375932264 -1.5318644141775426 -1.5768716767399156 -1.4617232257686492 -1.2936766285390093 -1.1472568977354447 -0.9713194168098043 -0.7310858465093446 -0.5183242416690352 -0.413696968959103 -0.3669361766865076
-3.9225099191139865 -3.7369280247821233 -3.521243870424777 -3.245939705919871 -3.140435668354827 -2.821001006142659 -2.1920683500762497 -1.2027853385591518 -0.5808668013336318 -0.3230979339309492 -0.037857101068116794 -0.09338554189182391 -0.023244353482930524 -0.0036632717187812247 0.06267860231796352 0.39292669774316913 0.5901987901431811 0.35376453421487053 0.15064734278078395 0.20617578360449107 0.25995069471797594 0.09015056777811337 -0.10829054442871389 -0.08958622751967571 -0.2684462579623532 -0.042825435247079824 0.41630709387946707 0.3692540466551675 0.08430546874403877 -0.25061870590842616 -0.4490598181152534 -0.9274811740542459 -1.1881725909739655 -1.445064693521537 -1.4079483146551643 -1.2840322151327865 -1.1551477814314453 -1.0250943279232891 -0.8582167505004636 -0.5984020984358551 -0.29942528284294756 -0.10127642558782446 -0.028212687661893998
-3.9412142360230247 -3.7302061608929376 -3.6463289897539695 -3.5133529867287763 -3.3385845256099507 -3.00950544999156 -1.7253371922054064 -0.7293323167991224 -0.540827872950222 -0.3748270603825081 -0.07117416556234124 0.09102733263322449 0.12434439712744894 -0.050424063991376666 0.005104376832330448 0.11849929809337434 0.3116798211695344 0.372176596172205 0.18864048650226772 0.008903691204478648 -0.22343899539998002 -0.4128202041039919 -0.46367256570043924 -0.43152452101303007 -0.16001967088027236 0.06764693649692699 0.11440772876952243 0.03929820618166602 -0.008631605897744699 -0.2976717531327253 -0.7506669282734943 -0.759434576824606 -0.9558299043695069 -1.0788692390367736 -1.0671790409686248 -1.1168623827582578 -0.987977949056916 -0.8669843990515753 -0.597525333580744 -0.24594262668116684 0.019717124417516274 0.1564924418148581 0.10856262973544784
