static/data/ASCData/20210123/ASCV/18.asc
ncols 97
nrows 97
xllcorner 99.0
yllcorner 2.0
cellsize 0.25
NODATA_value -32767
[rows 19 to 37 of 97, columns 43 to 85 of 97]
1.2396314233669283 0.7222842769387929 0.6255942624613535 0.4205447490005785 0.3383026677209173 -0.008169884156571605 -0.6597161024025318 -1.1051014277109643 -1.1273290172460078 -0.8569859595260421 -0.5191265985933824 -0.15487197508785844 -0.022895662223537894 -0.016227385363024815 -0.25239552417286104 -0.5210715126776986 -0.5980345414427863 -0.4652246939709017 -0.434106068621841 -0.5533015175035114 -0.7680756013858683 -1.129273931330324 -1.4310134592685384 -1.7602596292563688 -2.036715274098471 -2.3579039428798487 -2.621578723739301 -2.8519121202961886 -3.016118437986322 -3.323692708177485 -3.571808176362407 -3.882438740114639 -4.146947055581656 -4.408676922356792 -4.645122906035816 -4.692912223536159 -4.739868006428939 -4.6176162639862 -4.462300982110084 -4.296427595204823 -4.334492342283585 -4.574828154131241 -5.23081989028421
1.8833979852756233 1.1079329553717958 1.0092980268100407 1.3265968674227855 0.9615087093096975 0.597254085804173 0.2535599826185644 -0.04929092479640218 -0.21738707065516794 -0.0981916217734975 0.059068574186934786 0.08435245728304652 0.11658246210885936 0.009334342602274948 -0.13431145476794315 -0.09041196543623231 -0.2329463833296983 -0.2143307770940992 -0.4368845173137217 -0.6205399758470178 -0.8706003581162562 -1.1987351486273345 -1.449629065504137 -1.6752390992848278 -1.9077952547952195 -2.0786698493458657 -2.3042798831265565 -2.5785127690151546 -2.8257947025925123 -3.1333689727836758 -3.5034583385421487 -3.8852171888065192 -4.2241879292159314 -4.444796755351238 -4.581496430991754 -4.6529025623730815 -4.664572046878979 -4.6634606674022265 -4.562047290148591 -4.515091507255812 -4.55510116841889 -4.887125787098602 -5.5239462272775945
2.2104213963099495 1.405782655141378 1.4360677458828741 2.0531612003495168 1.753366586495619 1.1059880412874792 0.7122818616480231 0.39998422868066275 0.14492263876603984 0.06601469591663589 0.019058913023856316 -0.06401670286336847 -0.10013653585781368 -0.2143307770940992 -0.1429246457127724 -0.09430179360486513 -0.20932956944871473 -0.32463519016175235 -0.5385757394365451 -0.7327893029989871 -0.9233908832619844 -1.2006800627116507 -1.4457392373355047 -1.6538450443573485 -1.8472250733122262 -2.0503296726886857 -2.3051134177341206 -2.6118541533177195 -2.9605494641487136 -3.382317975576162 -3.798251744750662 -4.174175852762084 -4.508423230395299 -4.638176784306115 -4.701525414480988 -4.709582915687442 -4.681242739030262 -4.682076273637826 -4.745702748681888 -4.729865591138169 -4.765985424132615 -5.158580224295319 -5.789565922221364
2.2251471743769153 1.559986557540741 1.4477372303887721 2.1606871647252897 1.9300759232992144 1.3324316096757345 0.9634536233940132 0.608923570310071 0.35302844578788406 0.16464962447839104 -0.10013653585781368 -0.27101113040846014 -0.3646448513248304 -0.4193802905548747 -0.36658976540914656 -0.34825200404273593 -0.4379958967904738 -0.5785854005996232 -0.7405689593362523 -0.9008854488577529 -1.1009337546731435 -1.3148743039479363 -1.5571550298799095 -1.755258421610984 -1.9925379398975727 -2.2270390094922803 -2.664644678463448 -3.016118437986322 -3.416492894486291 -3.85104226989639 -4.2591963827336246 -4.569826946485857 -4.850172419496592 -4.9713127824625785 -4.991595457913306 -4.879346130761336 -4.8404478490750105 -4.889070701182917 -5.011322443625656 -5.061056675210316 -5.191921608597884 -5.570902010170374 -6.017954404693935
2.318780895293286 1.8872878134442557 1.6519532092419835 2.046492923489004 1.7964325412197653 1.2826973780910746 0.9126080123326021 0.6450434033045163 0.38831474417476564 0.14603401824279194 -0.15681688917217462 -0.354920280903249 -0.5444104816894941 -0.5552464315878276 -0.5394092740441092 -0.5210715126776986 -0.6255411834924027 -0.7650193078248 -0.9331154536835657 -1.0787061651381 -1.2904239554593886 -1.4476841514198209 -1.7046906554187604 -1.981979834868427 -2.2200928877625796 -2.6224122583468654 -3.0600179273180323 -3.5365218779755256 -3.9710712533856247 -4.381448125176363 -4.765985424132615 -5.049387190704418 -5.219150405778312 -5.341402148221051 -5.316951799732504 -5.204702472580534 -5.1705275536704045 -5.233876183845279 -5.407807071956993 -5.499495878789047 -5.619524862278282 -5.8481911896200405 -6.29552142901279
2.0259324031690884 2.0981720691579797 1.901735746642034 1.8589476367870752 1.5013612901420643 0.9848476783214926 0.6803297016913978 0.41248724779412527 0.22605334056894844 -0.01122617771764034 -0.24961707548098078 -0.4096557201332933 -0.5758069519077429 -0.5191265985933824 -0.5113469422561172 -0.5727506583466746 -0.6783317086381309 -0.8433715609358279 -1.0189695182626708 -1.1987351486273345 -1.397949919835161 -1.5679909797782434 -1.8530598155651752 -2.1636903793174067 -2.583513976660539 -2.9858333472448253 -3.4351085007218902 -3.914668744940452 -4.395062523766578 -4.845171211851207 -5.231931269760962 -5.510331828687381 -5.643141676159265 -5.688986079575292 -5.664535731086745 -5.649809953019778 -5.612856585417768 -5.665647110563497 -5.816794719401792 -5.87541998680047 -5.904871542934401 -6.078524586176928 -6.3949898921821084
1.4710761994005672 1.69779761265801 1.5805470778606567 1.1040431272031634 0.921499048146619 0.48500475865220416 0.249392309580744 0.14686755285035602 -0.035676526206188 -0.1704312877623888 -0.3657562308015825 -0.4780055579535518 -0.47411572978491945 -0.4321611545375248 -0.4368845173137217 -0.5071792692182964 -0.6841664508910794 -0.8608757876946749 -1.0531444371728003 -1.2837556785988755 -1.5121441610714466 -1.7563698010877362 -2.039493722790352 -2.41736274488609 -2.860803156110206 -3.3325837439915023 -3.8001966588349783 -4.26419759037901 -4.7026367939577405 -5.184141952260619 -5.582571494676272 -5.8656954163788875 -6.048239495435432 -6.104919848749793 -6.104919848749793 -6.097140192412527 -6.087415621990946 -6.144095975305307 -6.114644419171373 -6.118534247340007 -6.167434944317102 -6.26134651010266 -6.593371128782371
1.0337483752985888 1.1537773587878224 1.2426877169279962 0.6742171145692613 -0.08541075779084739 -0.13320007529119104 0.059068574186934786 -0.02595195578460663 -0.3160219992169231 -0.44772046721205516 -0.5044008205264161 -0.5796967800763757 -0.47717202334598774 -0.4379958967904738 -0.4468869326044911 -0.5630260879250928 -0.7719654295545011 -0.9945191697741231 -1.1898441128133173 -1.4751907934694373 -1.7016343618576917 -1.9867031976446237 -2.334564973868053 -2.771059263362468 -3.23783864359838 -3.701561730273223 -4.1733423181545195 -4.661515753317911 -5.077727367361598 -5.51616657094033 -5.914596113355984 -6.2885753072830886 -6.474175679900701 -6.533634481906942 -6.520853617924292 -6.4994595629968135 -6.500570942473566 -6.50835059881083 -6.438889381513819 -6.485845164406599 -6.509184133418394 -6.531689567822626 -6.702564162373273
1.1654468432937204 0.7025572912264417 0.6058672767490023 -0.40187606379602814 -0.38131554347611285 0.03656313978270331 0.19187842165881897 -0.06290532338661592 -0.4360509827061576 -0.628319632184283 -0.6927796418359087 -0.713340162155824 -0.6830550714143273 -0.6294310116610351 -0.6244298040156502 -0.7269545607460381 -0.9036638975496332 -1.130385310807076 -1.4185104401550763 -1.7210835027008549 -1.9994840616272735 -2.3901339477056616 -2.734939430368023 -3.148928285458206 -3.610706458048733 -4.09804635860456 -4.569826946485857 -4.9993751142505705 -5.436980783221738 -5.886255936698802 -6.242730903867061 -6.6011507851196365 -6.807033833187976 -6.909558589918364 -6.917338246255629 -6.881218413261184 -6.875383671008235 -6.860935737810456 -6.855934530165072 -6.799254176850711 -6.823704525339259 -6.9720736854856735 -7.1029386188732415
0.9926273346587582 0.6528230596417819 0.1557585886643733 -0.00928126363332371 0.06490331643988334 0.23494437638296573 0.14797893232710813 -0.22322181290811693 -0.5560799661953917 -0.7436252528973206 -0.8344805251218106 -0.811141556110015 -0.861709322302239 -0.8294793174764257 -0.8628207017789911 -0.9642340790326265 -1.1078798764028446 -1.3159856834246888 -1.6029994332959365 -1.891124562643937 -2.2181479736782634 -2.6087978597566512 -3.0522382709807676 -3.5298536011150126 -3.962458062440795 -4.404787094188159 -4.873511388508387 -5.316951799732504 -5.777896437715466 -6.19883141453535 -6.576700436631089 -6.875383671008235 -7.110718275210507 -7.27770304159252 -7.351054087058164 -7.364668485648378 -7.467193242378766 -7.490810056259749 -7.446632722058851 -7.253530537973161 -7.186014234760466 -7.053204387288583 -6.946789802389562
0.48972812142840105 -0.27101113040846014 -0.6772203291613783 -0.33046993241470135 0.029894862922190235 0.07657280094578134 -0.11180602036371168 -0.4232701187235075 -0.6636059305711646 -0.8403152673747596 -0.9358939023754465 -0.9458963176662158 -1.0111898619254056 -1.0550893512571164 -1.091209184251562 -1.1431661747897262 -1.2651400723632769 -1.4526853590652058 -1.7152487604479059 -2.047273379127617 -2.451537663796219 -2.8560797933340094 -3.322859173569921 -3.8013080383117304 -4.274755695408155 -4.72403084888522 -5.164414966548268 -5.607855377772384 -6.039626304490602 -6.392211443490229 -6.770914000193531 -7.0345887810529835 -7.301319855473505 -7.580553949007487 -7.731979402714971 -7.886183305114334 -7.982873319591773 -7.948698400681644 -7.864789250186854 -7.631399560068899 -7.3821727124072245 -7.2454730367667075 -7.060150509018284
-0.0765197219768301 -0.6119267849021885 -0.8130864701943312 -0.3968748561506432 -0.08735567187516402 -0.22794517568431338 -0.4038209778803443 -0.588309971021205 -0.805028968987878 -0.9331154536835657 -1.0200808977394233 -1.0609240935100654 -1.1059349623185284 -1.1734512655312228 -1.2679185210551571 -1.3284887025381504 -1.4515739795884532 -1.6402306457671343 -1.8891796485596206 -2.2320402171376656 -2.6488075209197293 -3.145871991897138 -3.642102928266982 -4.112772136671526 -4.593165915497652 -5.04355244845147 -5.4750455303005 -5.852081017788674 -6.239674610305993 -6.5678094008170715 -6.922339453901014 -7.180179492507518 -7.479974106361416 -7.765042942148347 -8.066782470086562 -8.253494222180926 -8.305173367849903 -8.261273878518193 -8.027884188400236 -7.795328032889844 -7.673354135316293 -7.839227522221555 -7.417459010794106
-0.4213252046391913 -0.6449903243355655 -0.5874764364136409 -0.26406500867875904 -0.20849603484115065 -0.3646448513248304 -0.5874764364136409 -0.770854050077749 -0.8969956206891201 -1.0181359836551067 -1.1253841031616911 -1.187065664121437 -1.2484693802119944 -1.3462707741661855 -1.4418494091668719 -1.5707694284701237 -1.6938547055204265 -1.851948436088423 -2.1020088183576613 -2.5318348309915635 -3.003337574003672 -3.5462464483971075 -4.071651096031696 -4.548432891558377 -4.950752262142663 -5.400860950227292 -5.732885568907003 -6.092138984767143 -6.358870059187663 -6.670334157547459 -7.009304897956872 -7.2904839055751705 -7.589444984821505 -7.88812821919865 -8.189867747136866 -8.41464424630999 -8.463267098417898 -8.41353286683324 -8.144023343720837 -8.02288298075485 -8.097067560828059 -8.172363520378017 -6.7670241720248985
-0.3824269229528654 -0.5746955724309908 -0.3657562308015825 -0.19099180808230365 -0.23683621149833067 -0.5013445269653474 -0.7241761120541579 -0.9281142460381808 -1.0542558166495524 -1.1956788550662663 -1.3218204256776374 -1.402951127480546 -1.488805192059651 -1.5893850347057228 -1.723028416785171 -1.8530598155651752 -2.028657772892018 -2.1870293483292027 -2.511274310671648 -2.967217741009226 -3.5306871357225766 -4.101102652165628 -4.594277294974404 -4.990761923305741 -5.393081293890027 -5.6781501296769585 -6.01017474835667 -6.243564438474626 -6.48001042215365 -6.759244515687633 -7.076543356300378 -7.3774493496310285 -7.669464307147661 -7.9692589210015585 -8.26988706946302 -8.493552189159395 -8.497442017328028 -8.458543735641701 -8.35101777126593 -8.356018978911315 -8.421312523170505 -7.968147541524806 -6.555028536834421
-0.20154991311144954 -0.4252150328078237 -0.32769148372282064 -0.25934164590256215 -0.40771080604897714 -0.6597161024025318 -0.9486747663580961 -1.1528907452113075 -1.3090395616949877 -1.4565751872338382 -1.6060557268570053 -1.7055241900263245 -1.8091603262334643 -1.9233545674697499 -2.072835107092917 -2.2503779785040763 -2.426253780700107 -2.7182687382167403 -3.0669640490477335 -3.560138691856509 -4.146113520974091 -4.696802051704792 -5.0805058160534795 -5.448650267727635 -5.6734267669007625 -5.9584956026876945 -6.181049342907317 -6.383320407676211 -6.622544840047116 -6.8803848786536195 -7.197683719266364 -7.4955334190359455 -7.776712426654245 -8.0542794509731 -8.354907599434561 -8.464378477894652 -8.444929337051487 -8.497442017328028 -8.606079361180552 -8.585518840860637 -8.407698124580289 -7.782825013776382 -5.286666708991007
-0.1634851660326877 -0.3902065792901306 -0.47717202334598774 -0.48106185151462055 -0.6244298040156502 -0.9320040742068136 -1.2484693802119944 -1.5140890751557632 -1.670515736508631 -1.7396991089364537 -1.8744538704926543 -1.9917044052900084 -2.1595227062795863 -2.280663069245573 -2.4926587044360495 -2.6674231271553284 -2.919428423508883 -3.226169159092482 -3.6751664677003593 -4.216408272878666 -4.753482405019152 -5.194700057289765 -5.540616919428878 -5.736775397075636 -5.941824910536411 -6.134371404883725 -6.3441442811206965 -6.543359052328524 -6.784528398783745 -7.0404235233059325 -7.392175127697994 -7.664463099502276 -7.874513820608437 -8.14096705015977 -8.299338625596953 -8.375468119754476 -8.402696916934906 -8.481049170045933 -8.728053258754104 -8.500498310889096 -8.149024551366223 -6.668389243463142 -4.095267909912679
-0.2776794072689732 -0.5638596225326569 -0.6352657539139841 -0.6772203291613783 -0.947841231750532 -1.272919728700542 -1.6138353831942704 -1.890013183167185 -2.0142098396942396 -2.074780021177233 -2.110899854171679 -2.1870293483292027 -2.3812429118916443 -2.598239754727506 -2.8316294448454613 -3.0775221540768793 -3.38120659609941 -3.784637346160448 -4.228077757384564 -4.734866798783553 -5.226930062115578 -5.59701942787405 -5.8265192898233735 -5.984890865260558 -6.125480369069708 -6.289408841890653 -6.488623613098479 -6.721179768608871 -6.9837431699915715 -7.276869506984957 -7.631399560068899 -7.853119765680957 -8.04455488055152 -8.219319303270797 -8.32962371633845 -8.396862174681957 -8.487717446906446 -8.45743235616495 -8.556067284726705 -8.134298773299257 -7.307154597726453 -5.611745205941016 -3.211443381025516
-0.21933198473948412 -0.4927313360205181 -0.7113952480715078 -1.0034102055881404 -1.3334899101835354 -1.6644031493864944 -1.9594744004641955 -2.1420184795207398 -2.2006437469194164 -2.202588661003733 -2.230095303053349 -2.3637386851327973 -2.574622940846522 -2.868582812447471 -3.1761570826386345 -3.4370534148062064 -3.7679666540091654 -4.215296893401914 -4.685966101806458 -5.134129875806771 -5.4672658739632345 -5.806236614372646 -6.021010698255004 -6.178270894215435 -6.314970569855953 -6.471119386339632 -6.672279071631776 -6.907613675834048 -7.14294828003632 -7.419403924878422 -7.682245171130311 -7.962312799271857 -8.151803000058102 -8.31406440366392 -8.412699332225674 -8.460488649726019 -8.503276759580977 -8.446874251135803 -8.303228453765586 -7.650015166304497 -6.520853617924292 -4.810162758333513 -2.682148905222294
-0.2554518177339298 -0.6049806631724874 -0.9692352866780114 -1.357940258672083 -1.6557899584416647 -1.9544731928188108 -2.197865298227536 -2.3353985084756173 -2.401803432211559 -2.443758007458954 -2.495714997997118 -2.646862606835413 -2.8705277265317877 -3.1380923355598727 -3.4320522071608215 -3.74740613368925 -4.122496707093108 -4.53954185574436 -4.937971398160013 -5.319730248424384 -5.5981308073508025 -5.850136103704357 -6.066855101671031 -6.28274056503014 -6.450558866019717 -6.66172096660263 -6.92150591929345 -7.179068113030765 -7.370503227901327 -7.561938342771889 -7.670297841755225 -7.9009090831813005 -8.105958596642076 -8.360742341687512 -8.51716900304038 -8.523003745293327 -8.516057623563626 -8.481882704653497 -8.002322460434936 -6.758410981080068 -5.160525138379636 -3.5356883433679616 -1.6938547055204265
