static/data/ASCData/20210123/ASCV/21.asc
ncols 97
nrows 97
xllcorner 99.0
yllcorner 2.0
cellsize 0.25
NODATA_value -32767
[rows 76 to 94 of 97, columns 43 to 85 of 97]
-4.609946933213306 -4.459682854667001 -4.311073059554233 -4.252621711569248 -4.266131692943136 -4.268337404187853 -4.249588858607764 -4.325961610456069 -4.157776128046443 -4.008339191216907 -3.700918186484558 -3.1784403353923607 -2.477299873478134 -1.797389382294303 -1.136503150596151 -0.7604293833720042 -0.3374842521976342 -0.25063437193692595 -0.10230029072974789 -0.015174696563450052 0.050996640778042224 0.40170472868795004 0.7543428139369848 1.185835076184631 1.6222901887328893 2.116645221454953 2.8908498683504105 3.1839337499921028 2.1516608874648258 1.828524190113873 1.4601704122462342 1.0579038239910803 0.49434460096603905 -0.17922447038923206 -0.7750422203682503 -1.2856643735200977 -1.5329797468339244 -1.5757154022003046 -1.668630988383983 -1.788842251221027 -2.0973661115757336 -2.3052543963902545 -2.2975344070337473
-4.268337404187853 -4.140406151994302 -4.070926247785735 -4.061276261090101 -4.0728562451248616 -4.051350560488877 -4.029844875852892 -3.8522851206532214 -3.6794125018485735 -3.362065796515001 -3.006394858304481 -2.4538641915030226 -1.8503264521674967 -1.245685857209613 -0.884500640887302 -0.5142168656805359 -0.3785656241304771 -0.2886828909082837 -0.22830154558417215 -0.14999879639673974 0.025630961463803725 0.3402205277414807 0.7493799636363736 1.2542121247708398 1.7074857855600607 2.639123072547151 3.4144305750649666 2.7844243007928444 1.4320475938761001 1.1078080409027882 0.9807039304260057 0.8227198625231935 0.7455199689581198 0.05788948841778119 -0.884500640887302 -1.405048494640373 -1.8346107595488923 -1.9145677921698618 -2.1031561035931143 -2.3091143910685084 -2.6052311256716854 -2.590618288675439 -2.5817954436965738
-3.9380321452915714 -3.9038436209984675 -3.8911607813413482 -3.8864736449463257 -3.8611079656320872 -3.82884943867811 -3.6548739642511037 -3.477314209051433 -3.2018760173674723 -2.858060777097303 -2.413609961286948 -1.9018849525127426 -1.4196613316366191 -1.0708832410658378 -0.7623593807111311 -0.5925196148679683 -0.45659265941231997 -0.3259042681628732 -0.2710372009505524 -0.10698742712476994 0.11468655296922847 0.4028075843103083 0.8439498332535891 1.3410620050315485 2.2338236313305124 3.165460918317603 2.7279029501469862 1.9015883750951037 1.1047751879413035 0.6859657653507765 0.7375242656960221 0.9476182617552595 0.9680210907688869 0.33911767211912247 -0.6032724571859607 -1.5925339504412672 -2.0562847396428907 -2.2506630430835237 -2.5084555448097534 -2.778930886193102 -3.008324855643608 -2.9606263499766157 -2.8258022501433255
-3.706708178501939 -3.6998153308622 -3.654046822534335 -3.643293980216342 -3.6071754585841114 -3.508469880383052 -3.3110587239809344 -3.090487599509294 -2.820839399842714 -2.4293256539055523 -1.973294854060436 -1.571855407522051 -1.2194930361786054 -0.9810005078436448 -0.7907579129868547 -0.6187124358989755 -0.42929698275895456 -0.306328580866015 -0.10505742978564303 0.11275655563010156 0.3002420114309956 0.596083032128583 0.9875967780657442 1.6049202126807476 2.5900459973522114 2.545380344646704 1.828524190113873 0.9837367833874913 1.0129624573799836 0.4358932529810544 0.8673855152287011 1.019855305019722 1.52386032443742 0.8547026755715814 -0.27407005391203754 -1.383542810004388 -2.2925715567331353 -2.5407140717637304 -2.7896837285110947 -3.057401930838548 -3.2368916833773453 -3.222278846381099 -3.0532662222547047
-3.541555549053798 -3.474281356089948 -3.3775057752280158 -3.316021574281546 -3.242957389300315 -3.1949831697277338 -3.078631901568943 -2.8591636327196612 -2.571042601378581 -2.162710307200457 -1.7359051813478332 -1.397052791378276 -1.1285074473340542 -0.9448819862114135 -0.7700793700676387 -0.5484053899736403 -0.30936143382750014 -0.04743322351742707 0.20236357494670543 0.36861906001720435 0.5481088125560016 0.7524128165978583 1.055973826651953 1.828524190113873 2.434819068505294 2.0217996379321477 1.1058780435636617 0.9272154327416331 0.4347903973586962 0.1301265316822433 0.4935174592492704 1.2853677961024585 1.7747599785239112 1.5442631534510465 0.5561045158180984 -0.5503353873127672 -1.7505180183440794 -2.704763845589513 -2.8092594158079525 -2.9722063340113767 -3.174580340714107 -3.1530746560781218 -2.9518035049977502
-3.2771459135934196 -3.1960860253500916 -3.1550046534172487 -2.987922026629981 -2.9049321410475266 -2.901072146369273 -2.818909402503587 -2.6383167943424315 -2.3785942952770753 -2.039741905307518 -1.671663841345468 -1.359004272406918 -1.1050717653589421 -0.8103336002837129 -0.5348954085997524 -0.26442006721640343 0.025630961463803725 0.2864563161515181 0.4339632556419275 0.5530716628566132 0.6195187141036951 0.6848629097284182 1.1643293915486463 1.9046212280565893 2.1086495181928564 1.4113690509568837 0.5834001924714638 0.39398473933144285 0.1254393952872208 0.36861906001720435 0.991456772743998 1.3129391866614144 1.634973028390009 1.6137430576596135 1.301083488721063 0.6352344067222995 -0.5280025609600134 -2.151130323165696 -2.767350902158341 -2.73123238052611 -2.9314006759841233 -2.9810291789902426 -2.8718464723767805
-3.1569346507563756 -3.009427711265966 -2.924507828344385 -2.795473720528475 -2.7750708915148485 -2.7066938429286402 -2.585655438374827 -2.4009271216298287 -2.1431346199035994 -1.821927919891773 -1.5134040595370661 -1.162695971627158 -0.7888279156477278 -0.49188403932778213 -0.23298868197919465 0.02976667004764666 0.2503377945192873 0.41742042130655443 0.5158502856020242 0.5569316575348671 0.4631889296344198 0.7689556509332309 1.2815078014242056 1.135103717556154 0.9192197294795363 0.44747323701581543 -0.20872585828731394 -0.6178852941822068 -0.38159847709196226 0.3440805224197341 0.5969101738453517 1.0355709976383265 1.2103736137821013 1.3099063336999288 1.3898633663208981 1.0871294979835726 0.22304211786592143 -1.0992817733415619 -2.441181351845903 -2.5200355288445144 -2.598338278031947 -2.654032486961036 -2.5972354224095886
-3.011357708605093 -2.861093630058788 -2.81697940516446 -2.6813281636144013 -2.598338278031947 -2.5054226918482683 -2.3667385973367243 -2.1607803098613303 -1.8530835912233923 -1.533806888550693 -1.2261101699127548 -0.9029734725618019 -0.48609404731040184 -0.19880015768609027 0.009088127128430656 0.18196074593307854 0.35290336739859995 0.42403755504070384 0.4857974698927632 0.614555863803083 0.8500155391765594 1.1447537042517881 1.3225891733570485 0.922252582441021 0.38791903340847256 0.05981948575690765 -0.017104693902576518 -0.09430458746765069 0.35290336739859995 0.6829329123892913 0.9330054247590134 1.2806806597074365 1.385176229925876 1.093195203906542 0.8001113222648506 0.29720915846951046 -0.27407005391203754 -0.6666866554715574 -1.721292344351587 -2.00169338633616 -2.034779055006906 -2.1208017935508456 -2.2514901848002924
-3.035896246202563 -2.9625563473157426 -2.8346250951221914 -2.668645323957282 -2.5875854357139545 -2.4400784962235447 -2.26527588007977 -1.9479291747461975 -1.6178996297555057 -1.3170957587573064 -0.9829305051827713 -0.6589666661150497 -0.32094141786226116 -0.11581027210363581 -0.001664715189561683 0.1535622136573549 0.3294676854234879 0.4496789482605319 0.7014057440637913 0.9437582670770057 1.495461792161696 1.1731522365275122 0.9057097481056484 0.5646516468913743 0.1301265316822433 0.09786800472826584 0.08132517039289278 0.3217476960669807 0.5607916522131209 0.6049058771074489 0.5853301898105907 0.908466887161544 0.7650956562549771 0.547281670839233 0.08325516773201969 -0.49188403932778213 -1.2898000821039408 -1.5679954128437972 -1.91567064779222 -2.053251886681406 -1.9890105466790404 -1.9429663244455857 -2.067037581960883
-3.095450449809906 -3.0201805535839585 -2.8941792987295343 -2.7896837285110947 -2.649069636660424 -2.4753698761390073 -2.2046188208500688 -1.8883749711388547 -1.569925410182924 -1.2652615445064708 -1.0593032570310768 -0.838456418653847 -0.6052024545250876 -0.4392226833601782 -0.2624900698772765 0.11744369202512406 0.32367769340610764 0.8138970175443276 1.1020180488854079 1.1419965651958925 1.4281875991978463 1.0432909869948341 0.6018730241459638 0.4006018730655918 0.4094247180444577 0.3382905304023538 -0.18529017631220235 -0.07472890017079292 0.12130368670337743 0.2395849522012945 -0.10230029072974789 -0.1706773393159562 -0.1999030133084485 0.11551369468599715 -0.29364574120889575 -0.9694205238088833 -1.8756921314817354 -2.0416719026466446 -2.0962632559533754 -2.1373446278862183 -2.1031561035931143 -2.0846832719186144 -2.1599531681445616
-3.0436162355590706 -2.978272039934347 -2.9606263499766157 -2.891146445768049 -2.7174466852466326 -2.5211383844668727 -2.2506630430835237 -2.0044505253920555 -1.6920666703590947 -1.5045812145582007 -1.3667242617634254 -1.2944872184989633 -1.1988144932593894 -0.9763133714486223 -0.5836967698891025 -0.18722017365132926 0.5561045158180984 1.0551466849351847 1.1692922418492584 1.1389637122344078 1.1643293915486463 0.9807039304260057 0.596083032128583 0.38019904405196536 0.4066675789885621 0.45932893495616645 -0.033923242143539145 -0.14034880970110564 -0.030890389182054 -0.05818606583541985 -0.27600005125116445 -0.48885118636629743 -0.6705466501498107 -0.37966847975283535 -0.3962113140882084 -1.0593032570310768 -2.1119789485719798 -2.3082872493517397 -2.182285994497315 -2.0777904242788754 -2.0640047289993984 -2.13651748616945 -2.2195073717519045
-2.804296565507341 -2.787753731171968 -2.7866508755496096 -2.7086238402677667 -2.604128270049327 -2.435115645922933 -2.3267600810262397 -2.081650418957129 -1.9840476963784286 -1.8199979225526461 -1.7535508713055645 -1.6647709937057293 -1.5544854314699093 -1.2126001885388669 -0.7946179076651085 -0.15799449965883694 0.5853301898105907 0.8822740661305364 0.9495482590943869 0.8949569057876561 0.7650956562549771 0.7240142843221342 0.5776102004540835 0.25226779185841375 0.04823950172214664 0.10090085768975099 0.35097337005947304 0.28066632413413783 0.10393371065123569 -0.15303164935822489 0.009088127128430656 -0.08961745107262864 -0.36202278979510405 -1.0093990401193684 -1.025941874454741 -1.4342741686328653 -2.426292800944067 -2.454691333219791 -2.2272273611084117 -2.0631775872826292 -2.029816204706294 -2.108118953893726 -2.274925866775404
-2.4304285095279106 -2.414712816909306 -2.28374871175427 -2.267205877418897 -2.27106587209715 -2.3248300836871127 -2.2506630430835237 -2.247630190122039 -2.182285994497315 -2.1050861009322412 -2.0601447343211445 -1.7711965612632958 -1.4127684839968804 -1.0405547114509877 -0.5610882296307595 0.07553517837551205 0.48276461693127803 0.6741100674104259 0.7113314446650154 0.7033357414029182 0.2415149495404214 0.2591606394981527 0.3109948537489884 0.16817505065360105 -0.14227880704023255 -0.24484437991954522 0.10200371331210922 0.4347903973586962 0.2814934658509065 0.1281965343431164 0.42210755770157693 0.4124575710059428 -0.33665711048086555 -1.1342974393514345 -1.8199979225526461 -2.342475773644844 -2.6344567996641777 -2.5161755341662606 -2.207651673811554 -2.13651748616945 -2.1343117749247336 -2.208754529433912 -2.3717014476373364
-2.140377480847704 -1.997833391657906 -1.8522564495066236 -1.9352463350890783 -2.0182362206715325 -2.122731790889972 -2.225297363769285 -2.27106587209715 -2.268308733041255 -2.2046188208500688 -2.0320219159510104 -1.6394053143914906 -1.0962489203800767 -0.5671539355537294 -0.06700891081428528 0.31375199280488353 0.672180070071299 0.7758484985729703 0.6821057706725231 0.7102285890426572 0.3655862070557192 0.27184347915527196 0.24923493889692905 0.19960643589080984 0.10862084704625818 -0.08162174781053144 -0.02013754686406166 0.31485484842724176 0.633028695477583 0.8704183681901858 0.8880640581479167 0.3402205277414807 -0.3923513194099546 -1.1392602896520465 -1.8315779065874074 -2.3325500730436204 -2.5641497537388425 -2.4880527157961265 -2.238807345143173 -2.2222645108078 -2.266378735702128 -2.3267600810262397 -2.450831338541537
-2.122731790889972 -1.955649164102705 -1.8238579172309 -1.7711965612632958 -1.7935293876160494 -1.9275263457325709 -2.02595621002804 -2.070070434922368 -2.1070160982713677 -1.9294563430716976 -1.477285537904835 -1.0661961046708157 -0.5464753926345134 0.006330988072535071 0.26991348181614505 0.35786621769921156 0.46429178525677806 0.6272387034602023 0.7328371293010001 0.8615955232113199 0.677142920371911 0.1965735829293247 -0.29171574386976884 -0.47616834670917774 -0.2925428855865375 -0.021240402486419896 0.1439122269617208 0.2787363267950109 0.5911201818279714 0.8012141778872088 0.6994757467246644 0.2776334711726527 -0.4477698144334541 -1.113894610337808 -1.6567752904436324 -2.1423074781868303 -2.4028571189689556 -2.362051460941702 -2.2164745187904193 -2.188075986514696 -2.301394401712001 -2.409749966608694 -2.5329940824072232
-2.2545230377617775 -2.0367090523460325 -1.9810148434169434 -1.9986605333746748 -1.8853421181773695 -1.8384707542271461 -1.8492235965451385 -1.7731265586024225 -1.5269140409109543 -0.9148291705021525 -0.19494016300783645 0.15852506395796695 0.46236178791765115 0.5345988311821133 0.3636562097165923 0.3109948537489884 0.3302948271402566 0.5345988311821133 0.9906296310272298 1.1662593888877728 0.5814701951323369 0.22304211786592143 0.04134665408240812 -0.4439098197552007 -0.5806639169276173 -0.3278342655019997 -0.03282038652118091 0.05209949640040046 0.18582074061133236 0.24344494687954832 0.06974518635813176 -0.3531999448162386 -0.9029734725618019 -1.34549429103303 -1.6970295206597068 -2.0612475899435028 -2.243770195443785 -2.2222645108078 -2.1773231441967034 -2.1657431601619423 -2.188075986514696 -2.1919359811929495 -2.288711562054882
-2.4284985121887837 -2.210684526773039 -2.0981932532925027 -2.0766875686565176 -1.980187701700175 -1.8103479358570118 -1.4265541792763579 -1.0427604226957037 -0.35512994215536553 0.295279161130384 0.6233787087819489 0.8742783628684396 0.7747456429506121 0.6244815644043067 0.42403755504070384 0.41438756834506973 0.26412348979876477 -0.11305313304774023 0.133159384643728 0.8558055311939397 1.0482538372954453 0.8996440421826781 0.6799000594278066 0.10669084970713127 -0.23105868464006774 0.01019098275078889 0.35290336739859995 0.3559362203600851 -0.11305313304774023 -0.33059140455789526 -0.1706773393159562 -0.3132214285057535 -0.8629949562513168 -1.3532142803895375 -1.7378351786869601 -2.0405690470242863 -2.168500299217838 -2.0631775872826292 -1.9352463350890783 -1.973294854060436 -1.9851505520007868 -1.997833391657906 -2.0612475899435028
-2.552294055798492 -2.4566213305589177 -2.441181351845903 -2.3667385973367243 -2.256453035100904 -1.8288207675315118 -1.1773088086234043 -0.225268692622687 0.4154904239674275 0.7033357414029182 0.8919240528261705 0.9007468978050364 0.8039713169431044 0.6018730241459638 0.6448843934179336 0.57954019779321 0.6848629097284182 0.5784373421708522 0.28755917177387635 0.6360615484390681 0.792391332908343 0.6341315510999412 0.4251404106630621 0.5784373421708522 0.4132847127227115 0.5500388098951281 0.6975457493855379 0.29417630550802576 -0.22609583433945568 -0.4477698144334541 -0.4138570040459397 -0.25642436395430623 -0.4753412049924095 -1.0151890321367487 -1.4673598373036114 -1.7204652026348186 -1.6060439318151551 -1.5583454261481628 -1.7077823629776991 -1.8315779065874074 -1.747760879288184 -1.675523836023722 -1.7350780396310648
-2.7290266692813936 -2.7105538376068936 -2.7105538376068936 -2.6286668076467974 -2.43704564326206 -1.9810148434169434 -0.8784349349643317 0.07443232275315381 0.4047375816494352 0.5842273341882325 0.5627216495522478 0.741659974279866 0.6264115617434336 0.563824505174606 0.6087658717857023 0.621448711442822 0.7289771346227463 0.820514151278477 0.5726473501534715 0.46511892697354673 0.3498705144371148 0.07057232807490044 0.0804980286761241 0.24537494421867523 0.6625300833756649 0.8031441752263353 0.5334959755597555 0.07746517571463896 -0.1803273260115903 -0.3101885755442688 -0.42543698808070074 -0.3355542548585073 -0.38931846644846946 -0.6060295962418563 -1.0446904200348306 -1.1246474526558004 -1.0005761951405026 -1.0093990401193684 -1.205707340899128 -1.34549429103303 -1.4273813209931265 -1.421591328975746 -1.5671682711270285
