static/data/seaWater_vo/2023/7/19/12.asc
ncols 137
nrows 93
xllcorner 108.0
yllcorner 17.0
cellsize 0.25
NODATA_value -32767
[rows 0 to 25 of 93, columns 58 to 115 of 137]
-32767.0 -32767.0 -32767.0 -32767.0 -32767.0 -32767.0 -32767.0 -32767.0 -32767.0 -32767.0 -32767.0 -32767.0 -32767.0 -32767.0 -32767.0 -32767.0 -32767.0 -32767.0 -32767.0 -32767.0 -32767.0 -32767.0 0.0748102 -0.3105234 -0.5859215 -0.31431305 -0.10724976 -0.150493 -0.089061156 -0.08341715 -0.13530003 -0.11947494 -0.15233722 -0.10946047 0.06737627 0.10113138 0.12542361 0.07515402 -0.027644262 0.08047693 0.15436816 0.21571146 0.30299786 0.29958758 0.069282204 0.031790007 -0.27484936 -0.119817995 -0.03640853 -0.17573173 -0.25700086 0.07556032 0.1493646 0.02868905 0.022247024 0.08408998 0.015343332 0.19656743
-32767.0 -32767.0 -32767.0 0.017165087 0.038233396 0.03179843 0.013229262 0.018687915 0.013068761 0.001138244 -32767.0 -32767.0 -32767.0 -32767.0 -32767.0 -32767.0 -32767.0 -32767.0 -32767.0 -32767.0 -32767.0 -0.0015529189 -0.30147177 -0.49064118 0.037127845 0.06827825 0.12171648 0.10245203 -0.042760514 -0.1455298 0.052073486 -0.024710689 -0.066224284 -0.07468336 -0.055776488 -0.08674275 0.13985735 -0.02114322 -0.07788624 0.07176774 0.08305319 0.3411983 0.5091054 0.2818604 -0.08604695 -0.060791537 -0.09207869 -0.20233008 -0.051120687 0.26598257 0.4397139 0.3966143 0.23368032 0.12847821 0.13374694 0.10172483 0.13017248 0.37525195
-32767.0 0.051413205 -32767.0 0.037124008 -0.026474722 -0.12013341 -0.09128331 -0.06835162 -0.023089467 0.0011984084 -0.0183812 0.030058444 -32767.0 -32767.0 -32767.0 -32767.0 -32767.0 -32767.0 -32767.0 -32767.0 -32767.0 -0.17413041 -0.18293077 -0.062270515 0.16313416 0.30023614 0.16855372 0.19922507 0.09964816 -0.0029376158 0.06414006 0.056130286 0.016387668 -0.09266342 -0.29967073 -0.24524383 -0.11216195 0.03604764 -0.072195746 0.019819891 0.13266125 0.5405196 0.4340671 0.13438326 -0.28582805 -0.09233972 -0.1160964 0.014143933 0.23010376 0.3844961 0.5366977 0.5602953 0.47093126 0.32260123 0.09084144 -0.06865642 0.012074023 0.3264657
0.08534754 -32767.0 -0.12087647 -0.09427163 -0.07954048 -0.035676125 -0.020227943 -0.017470676 -0.08898397 -0.028923936 -0.006962117 0.0011014579 -32767.0 -32767.0 -32767.0 -32767.0 -32767.0 -32767.0 -32767.0 -32767.0 0.07665802 -0.047060724 -0.14327402 -0.10487785 0.32253557 0.07216748 -0.026697734 0.2608561 0.32118952 0.69205785 0.295935 -0.20314482 -0.38790676 -0.27360702 -0.41177964 -0.2802856 -0.19793648 -0.10447149 -0.10355972 0.050553344 0.2917611 0.5222718 0.32047385 -0.013109177 -0.37547466 -0.4481381 0.081458464 0.10853484 -0.016642082 0.04475167 0.3119907 0.49110755 0.39138973 0.26690117 0.04481574 -0.12022816 -0.050911497 0.23254135
-0.12750599 -32767.0 -0.052679252 -0.12552862 0.0648587 0.035798334 0.002479476 0.027508317 0.1604779 -0.046840962 -0.035172306 -32767.0 -32767.0 -32767.0 -32767.0 -32767.0 -32767.0 -32767.0 -32767.0 -32767.0 -32767.0 -32767.0 -0.18262878 -0.121265784 0.03956177 0.20548762 0.16334137 0.21364357 0.46679914 0.80436903 0.21155414 -0.111346684 -0.2483909 -0.124762386 -0.3717988 -0.27999443 -0.108699396 0.05083193 0.24034141 0.35011306 0.31757015 0.42881584 0.39774084 -0.039176486 -0.33672038 -0.47185382 0.010425241 0.08827032 -0.041117743 0.17861506 0.3167502 0.4423192 0.1813048 -0.09130964 -0.13380487 -0.090088405 -0.11288621 0.07992734
-0.08814693 -0.04140883 -0.03903862 0.029009491 0.19192277 0.078279465 0.0020982584 -0.008431052 0.15294388 -0.099710375 -0.058779035 -32767.0 -32767.0 -32767.0 -32767.0 -32767.0 -32767.0 -32767.0 -32767.0 -32767.0 -32767.0 -32767.0 -32767.0 -0.2213562 -0.23063847 -0.07560755 0.10841363 0.3501935 0.7330505 0.82903785 0.25140733 -0.060661692 -0.12781595 -0.07906694 -0.21869226 -0.32471123 -0.15663877 0.13705367 0.17955686 0.079539984 0.23563409 0.36650872 0.13440621 -0.15143213 -0.2983267 -0.2812491 -0.16247338 0.014076156 0.023278872 0.27824876 0.5754338 0.33251506 -0.069108635 -0.3646978 -0.3291243 -0.051680524 0.054675344 0.007582758
0.0038975836 0.06229122 0.064388104 0.16010529 0.1723299 0.07446859 0.06768178 0.09601759 0.16943385 -0.01947103 -0.047303583 -32767.0 -32767.0 -32767.0 -32767.0 -32767.0 -32767.0 -32767.0 -32767.0 -32767.0 -32767.0 -32767.0 -32767.0 -32767.0 -0.28244177 -0.3979056 0.09447614 0.21868603 0.8980259 0.7333895 0.3222493 0.15579753 -0.011404075 -0.05304828 -0.04931985 -0.10955505 -0.096463665 -0.05673261 0.025686162 0.00398521 0.0833153 -0.11786527 -0.18239476 -0.18042304 -0.22389244 -0.24979399 -0.12164316 0.020596582 0.19015525 0.3399426 0.3429484 0.1332969 0.05274731 -0.31889516 -0.36495256 -0.27879843 0.074456334 0.048564274
0.079824015 0.14324068 0.1611296 0.22824104 0.2067912 0.12715323 0.14557874 0.21766804 0.0965302 -0.16577967 -32767.0 -32767.0 -32767.0 -32767.0 -32767.0 -32767.0 -32767.0 -32767.0 -32767.0 -32767.0 -32767.0 -32767.0 -32767.0 -32767.0 -32767.0 -0.6303654 -0.1702824 0.0064464808 0.6604202 0.81228113 0.43338326 0.19729604 0.042527977 0.0070290593 -0.10935123 -0.26049992 -0.06973795 0.24378893 0.21469833 0.017667953 -0.072915226 -0.35729146 -0.42833894 -0.20980349 -0.09412254 0.009644519 0.17182176 0.21880779 0.11964995 0.10277777 0.12230871 0.054708663 -0.022524903 -0.07947088 -0.11118187 -0.16366377 0.12212843 0.2799716
0.1262566 0.29748842 0.32128668 0.24173366 0.13131565 0.10168088 0.048155997 0.06938129 -0.001949104 -32767.0 -0.08357264 -32767.0 -32767.0 -32767.0 -32767.0 -32767.0 -32767.0 -32767.0 -32767.0 -32767.0 -32767.0 -32767.0 -32767.0 -32767.0 -32767.0 -0.2580596 -0.38853362 0.22304976 0.72938865 0.6180841 0.44160405 0.22783026 0.11742666 -0.08122677 -0.1566055 0.05834017 0.23243034 0.24624777 0.069827564 0.025068684 0.027818112 -0.21245533 -0.38076702 -0.14728226 0.08055273 0.21205261 0.18929344 0.07580711 0.0435754 -0.114426546 -0.16737796 -0.03179092 -0.004683204 -0.021929568 -0.03036709 0.037619136 0.005840268 0.0135367885
0.24304874 0.35427058 0.31295207 0.14742118 -0.034034394 -0.230582 -0.33457318 -0.23641753 -0.0067626843 -0.16562633 -0.20217317 -0.19821069 -0.23440315 -0.15682082 -0.01625741 -0.026656559 -32767.0 -32767.0 -32767.0 -32767.0 -32767.0 -32767.0 -32767.0 -32767.0 -32767.0 -32767.0 -0.176126 0.18385205 0.65365577 0.54125285 0.45689487 0.023149969 0.017162878 -0.08586011 -0.020028485 0.15276621 0.073663175 -0.056147903 -0.16621926 0.029685508 0.33091128 0.1513845 0.07966197 -0.12909292 -0.13377212 0.09092464 0.072703674 -0.029883213 -0.2111615 -0.2646081 -0.30083367 -0.11537121 -0.018132206 -0.0078064017 -0.07884363 -0.14811192 -0.12976564 0.023323229
0.17363551 0.104191236 0.133602 -0.033281073 -0.19391638 -0.3952632 -0.46968502 -0.37440422 -0.31474838 -0.25407848 -0.024699604 -0.11387647 -0.14800991 -0.16084392 -0.027656082 -0.06666513 -32767.0 -32767.0 -32767.0 -32767.0 -32767.0 -32767.0 -32767.0 -32767.0 -32767.0 -32767.0 -32767.0 0.03170608 0.34739307 0.7166276 0.14965646 0.24468182 -0.020060303 -0.16413851 -0.24564622 -0.116763555 -0.18331529 -0.2267084 -0.16259627 0.37347293 0.2983546 0.34234002 0.18854417 -0.17401744 -0.18997727 -0.092718996 -0.11573742 -0.10140779 -0.19846833 -0.23857222 -0.20120627 -0.09783319 -0.09698643 -0.13729122 -0.23795947 -0.21965827 0.12753521 0.027313909
-32767.0 0.19069524 -0.15403719 -0.027430283 -0.17504361 -0.25858712 -0.30307588 -0.2169256 -0.18218398 -0.162511 -0.17685123 -0.16256388 -0.16771963 -0.11645872 0.03791525 0.055867806 -0.09146359 -0.13729286 -32767.0 -32767.0 -32767.0 -32767.0 -32767.0 -32767.0 -32767.0 -32767.0 -32767.0 -32767.0 0.13230363 0.90831524 0.30263558 0.21203347 0.09176721 -0.14517136 -0.25217927 -0.20418115 -0.123650566 -0.15786079 -0.1944318 0.23840232 0.29693404 0.33952683 0.3693227 -0.029519483 -0.22754334 -0.080279216 -0.10862806 -0.070876166 -0.019353319 0.040959705 -0.08209379 -0.3308584 -0.4036046 -0.034202885 0.078085646 -0.14525522 0.007214036 -32767.0
-32767.0 0.14004323 -0.17826746 0.07053031 -0.09533033 -0.0791137 -0.1515435 -0.18971752 -0.13647376 -0.18341008 -0.22969109 -0.11573377 0.019940082 -0.13923721 0.017919421 -0.09653634 -32767.0 -0.050315063 -32767.0 -32767.0 -32767.0 -32767.0 -32767.0 -32767.0 -32767.0 -32767.0 -32767.0 -32767.0 0.07864792 0.9565642 0.32156736 0.18774907 -0.088440515 -0.24884172 -0.23278955 -0.23864424 -0.13049908 -0.11416545 -0.101763204 0.2851735 0.33987167 0.3346766 0.5887183 0.0067020124 -0.15606642 -0.005463052 -0.017853923 -0.0201702 -0.054036554 -0.00044928095 -0.02635615 -0.23460372 -0.23392318 0.21259515 0.28790262 -0.26737323 -0.72260225 -32767.0
-0.10478592 0.13154663 -0.07662206 -0.10788922 -0.035177752 0.051007986 0.026124895 0.030835588 0.08164198 0.06251072 -0.07323006 -0.06509426 -0.050668024 0.14018051 -0.19643444 -32767.0 -32767.0 -32767.0 -32767.0 -32767.0 -32767.0 -32767.0 -32767.0 -32767.0 -32767.0 -32767.0 -32767.0 -32767.0 0.0043641585 1.09048 0.42169377 0.2656699 0.06813586 -0.16457751 -0.26617503 -0.10641123 -0.11518476 -0.0512324 -0.047291167 0.21560219 0.31313396 0.40684083 0.57685804 0.05821213 -0.25961816 -0.075564645 0.09942084 0.179663 0.035673898 -0.16486804 -0.20885067 -0.22878797 -0.28738648 -0.042051766 0.47764224 -0.19817919 -0.27856565 0.04850095
-0.03660823 -0.047373127 -0.100019604 -0.085075274 0.008493697 0.07993875 0.08063042 0.0907906 0.13738555 0.32188934 0.32277423 0.12886815 -0.00043530576 -0.14113525 -0.16621706 -0.14153989 -32767.0 -32767.0 -32767.0 -32767.0 -32767.0 -32767.0 -32767.0 -32767.0 -32767.0 -32767.0 -32767.0 -32767.0 -0.21714853 1.2358142 0.73785007 0.18729894 0.11820283 0.10191305 -0.009045195 -0.049067814 0.03447914 0.13804033 0.22159384 0.18610008 0.20819923 0.38172406 0.49958003 0.22500977 -0.18364175 -0.0195712 0.0121263005 -0.022400461 -0.07534272 -0.27276462 -0.38824016 -0.43682465 -0.4141449 -0.23426625 0.5010847 -0.08498569 0.04474837 -32767.0
-0.08919526 -0.09296291 0.011956234 -0.0064502303 0.00010540973 0.039727952 0.079915196 0.13910578 0.2007872 0.29121408 0.3290697 0.26837105 0.047053687 -0.0438803 -0.07418558 -0.2272835 -0.11211521 -32767.0 -32767.0 -32767.0 -32767.0 -32767.0 -32767.0 -32767.0 -32767.0 -32767.0 -32767.0 -32767.0 -0.3020619 1.1811935 0.8223701 0.4574617 0.20622513 0.11423653 0.059088726 0.15974167 0.114849195 0.29911688 0.48403448 0.30518988 0.18001863 0.2961498 0.36039644 -32767.0 -0.3062653 0.035524912 -0.08767456 -0.22553945 -0.27203006 -0.4553894 -0.5354876 -0.4447364 -0.3582834 -0.16403434 0.47244704 -32767.0 -32767.0 -32767.0
-0.012096922 0.050299738 0.041212853 -0.013666917 0.014207168 0.122756205 0.17184769 0.17402595 0.18628775 0.22106199 0.26816902 0.2385433 0.107034415 -0.03368932 -0.13440971 -0.20670916 -0.2675883 -32767.0 -32767.0 -32767.0 -32767.0 -32767.0 -32767.0 -32767.0 -32767.0 -32767.0 -32767.0 -32767.0 -32767.0 1.1567367 0.8469837 0.38341826 0.17097549 0.25126788 0.074115835 0.09672712 0.1858757 0.7036632 0.52481365 0.21356386 0.14309785 0.12740082 0.12976223 0.081829384 0.040173545 -0.017460108 0.13053243 -0.04104099 -0.22267498 -0.2913828 -0.2870215 -0.12349052 -0.09282827 -0.19216262 -0.056053936 -32767.0 -32767.0 -32767.0
0.023795472 0.0102048125 0.0126864845 0.024884317 0.1383563 0.19345118 0.17948188 0.17334145 0.13505006 0.08809648 0.0908145 0.07481342 0.026381554 -0.02199964 -0.045310393 -0.17408976 -0.15832959 -0.1253919 -32767.0 -32767.0 -32767.0 -32767.0 -32767.0 -32767.0 -32767.0 -32767.0 -32767.0 -32767.0 0.7672031 1.2283427 0.70484096 0.07542741 0.17899211 0.3484484 0.29733923 0.38632435 0.51363814 0.54266864 0.3995987 0.20333003 0.19357014 0.3392573 0.45388678 0.16124776 -0.09565536 -0.1761 -0.05580685 -0.24921173 -0.3887068 -0.21689388 -0.06786495 -32767.0 -0.23290499 -0.45231315 -0.21505691 -32767.0 -32767.0 -32767.0
0.082337335 -0.0064013256 0.01474961 0.008179025 0.078788504 0.12741482 0.12556955 0.108969234 0.075993665 0.06223094 0.016049806 0.00237747 0.01932011 -0.06589189 -0.061073136 -0.17972994 -0.09425731 -32767.0 -32767.0 -32767.0 -32767.0 -32767.0 -32767.0 -32767.0 -32767.0 -32767.0 -32767.0 -32767.0 0.8482443 1.1524254 0.43646237 0.19362628 -0.072874054 0.46665093 0.43868223 0.398698 0.4406169 0.31268895 0.20078878 0.26353946 0.4904864 0.20752922 -32767.0 -32767.0 -0.030084182 -0.056086358 -32767.0 -32767.0 -32767.0 -32767.0 -32767.0 -32767.0 -32767.0 -32767.0 -32767.0 -32767.0 -32767.0 -32767.0
0.04041039 0.01869204 -0.055609737 -0.12149782 -0.04986551 -0.04489188 -0.016132357 -0.036911752 0.029356465 0.0005081743 -0.15797012 -0.14974152 -0.13792534 -0.22969584 0.018093238 -0.17414242 -32767.0 -32767.0 -32767.0 -32767.0 -32767.0 -32767.0 -32767.0 -32767.0 -32767.0 -32767.0 -32767.0 0.6774364 0.96492416 0.81217307 0.097376354 0.32924163 0.23084405 0.3713248 0.4626609 0.4944135 0.48339856 0.12626791 0.15227067 0.38208488 0.078081004 -32767.0 -32767.0 -32767.0 -32767.0 -32767.0 -32767.0 -32767.0 -32767.0 -32767.0 -32767.0 -32767.0 -32767.0 -32767.0 -32767.0 -32767.0 -32767.0 -32767.0
-0.07827315 -0.10463307 -0.14516489 -0.19347158 -0.18635388 -0.15162833 -0.13521236 -0.12137517 -0.19644822 -0.26658273 -0.23595563 -0.3442153 -0.2746194 -0.1496556 -0.05933594 -0.0010240267 -32767.0 -32767.0 -32767.0 -32767.0 -32767.0 -32767.0 -32767.0 -32767.0 0.09560704 0.11363623 0.3630891 0.6263851 0.76963574 0.43561518 -0.012974558 0.2860426 0.3229108 0.52033097 0.52436894 0.35271263 0.39705917 0.085515246 0.30282733 -32767.0 -32767.0 -32767.0 -32767.0 -32767.0 -32767.0 -32767.0 -32767.0 -32767.0 -32767.0 -32767.0 -32767.0 -32767.0 -32767.0 -32767.0 -32767.0 -32767.0 -32767.0 -0.006849727
-0.14280663 -0.19787519 -0.23004663 -0.23416111 -0.18979852 -0.1449578 -0.25378522 -0.3250158 -0.285948 -0.31107703 -0.18223594 -0.096899934 -0.21641389 -0.28788096 -0.106828794 -0.038340047 -32767.0 -32767.0 -32767.0 -32767.0 -0.014263056 -0.065734014 0.071258605 0.029381732 0.19321696 0.40289885 0.545904 0.6779812 0.30717608 0.1628671 0.17124024 0.33090782 0.54701036 0.5853632 0.3603992 -0.116264634 0.27337322 0.04474313 -32767.0 -32767.0 -32767.0 -32767.0 -32767.0 -32767.0 -32767.0 -32767.0 -32767.0 -32767.0 -0.16786438 -0.13176048 -32767.0 -32767.0 -32767.0 -32767.0 -32767.0 -32767.0 -32767.0 -0.20865993
-0.12499721 -0.23843923 -0.27435455 -0.22037461 -0.14396618 -0.13470484 -0.18766582 -0.25795212 -0.34567195 -0.29696655 -0.2548052 -0.2639359 -0.23692638 -0.4186024 -0.15013824 -32767.0 -0.08624421 -32767.0 0.01993425 -32767.0 -0.013491172 -32767.0 0.2454049 0.21256493 0.22947577 0.2585518 0.56768733 0.08446879 -0.26757306 0.08549543 0.3264409 0.47599283 0.53016114 0.36315748 0.13434952 0.104155876 -32767.0 -32767.0 -32767.0 -32767.0 -32767.0 -32767.0 -32767.0 -32767.0 -0.0044806004 0.034667224 -0.09200655 -0.108281404 -0.24025576 -0.05057765 -0.17489892 -0.031413544 -32767.0 -32767.0 -32767.0 -32767.0 -32767.0 -0.10600833
-0.028464314 -0.23288715 -0.24361561 -0.17897841 -0.19758807 -0.16234559 -0.18428327 -0.25339976 -0.29551843 -0.31203377 -0.19415832 -0.31283295 -0.37081265 -0.27849194 -0.18340787 -0.15902688 -0.123900846 -0.0785325 -0.02354211 -0.07736638 0.020647492 0.20435956 0.36078486 0.365738 0.23760612 0.37520498 0.40974244 -32767.0 0.13399906 0.37255508 0.38903335 0.40571058 0.30855376 0.09731318 -32767.0 -32767.0 -32767.0 -32767.0 -32767.0 -0.08825367 -0.08382283 -0.05402922 -0.057320327 -0.13075434 -0.08253548 0.02986987 -32767.0 -32767.0 -0.100708954 -0.20319341 -0.17684735 -32767.0 -32767.0 -32767.0 -32767.0 -32767.0 0.12501213 -0.041763414
-0.04343958 -0.038169052 -0.07430773 -0.079292685 -0.079110704 -0.08545305 -0.14590271 -0.20917319 -0.29215294 -0.21437156 -0.09324689 -0.014461712 -0.26984546 -0.33233216 -0.34904748 -0.3500865 -0.3816156 -0.089299336 0.0144450925 0.06515129 0.07007786 0.12856142 0.19618997 0.32484144 0.34819442 0.33949068 0.22701155 0.13884616 0.19496158 0.14976375 0.16147572 0.2549005 0.15894267 -0.096165426 -0.01705534 -32767.0 -0.18277746 0.013354483 -32767.0 -0.073879994 0.0836044 -0.07029334 -32767.0 0.01674347 -0.081898905 -32767.0 -32767.0 -32767.0 -32767.0 -0.4752934 -0.09323334 -32767.0 -32767.0 -32767.0 -32767.0 0.04398209 0.28667 -0.02615687
0.061151065 0.014989258 0.031179205 -0.07824684 -0.082857884 -0.012295481 -0.13741186 -0.16445532 -0.17007895 -0.15446143 -0.18533859 -0.17645332 -0.18294063 -0.22168805 -0.21477167 -0.17042057 -0.10491945 -0.057083663 -0.12477 -0.07045975 0.00021047409 0.07072428 0.12512314 0.31389067 0.31899852 0.24880141 0.1876023 0.20463023 0.1043563 -32767.0 0.1165578 -0.026578238 -32767.0 -32767.0 0.012794662 -0.03796576 0.0076168803 -0.17727861 0.042788938 0.28574577 -0.19680807 -32767.0 -32767.0 -32767.0 -32767.0 -32767.0 -32767.0 -32767.0 -32767.0 -0.3841924 -0.19402114 -0.20859563 -32767.0 -32767.0 0.23496163 0.082407594 -0.17478502 -0.20515728
