static/data/seaWater_vo/2023/7/19/18.asc
ncols 137
nrows 93
xllcorner 108.0
yllcorner 17.0
cellsize 0.25
NODATA_value -32767
[rows 52 to 77 of 93, columns 58 to 115 of 137]
0.23655635 0.4271394 0.22914211 0.26534218 0.23437178 0.09597737 0.027066045 0.084743544 0.12740532 0.018610457 -0.07311952 0.046090167 0.18073568 0.29203242 0.391843 0.61855733 0.5187088 0.45602235 0.21971135 0.013169744 -0.06815766 0.02444599 -0.083626255 -0.18178089 -0.06992254 -0.15794876 -0.052004363 0.13063623 0.30394784 0.44937548 0.25660357 0.3309358 0.5783198 0.32518232 0.27090284 0.15556632 0.086982995 0.0026851622 -0.20758249 -0.3417941 -0.34838915 -0.4266609 -0.3895333 -0.556401 -0.5028198 -0.14004357 0.036007456 0.14971541 0.2803684 0.2510372 0.26400492 0.096295446 -0.30687886 -0.33678928 -0.16750832 -0.071269386 -0.0045932136 -0.019156855
0.19892065 0.19749022 0.19649175 0.30283675 0.27340278 0.21535157 0.117587894 0.21677431 0.31248823 0.13399139 0.07874781 0.25402543 0.51132756 0.56724346 0.52089953 0.41257012 0.47626793 0.46245745 0.045081448 -0.07025159 -0.01152489 0.0092369225 0.030746935 -32767.0 -0.4385476 -0.11371186 0.0043676714 0.10998468 0.23868807 0.5055398 0.23535158 0.25669515 0.53866357 0.28364137 0.217738 0.12244062 0.050121192 -0.045480676 -0.17574742 -0.2955964 -0.39681506 -0.43058577 -0.59771526 -0.56654346 -0.24056973 -0.004168997 0.17233573 0.29077545 0.3689474 0.27822858 0.3105953 0.22649534 -0.26248908 -0.44644886 -0.12339088 -0.06426325 0.012762711 -0.085943915
0.2852661 0.23566432 0.15036742 0.13875912 0.122708954 0.14320143 0.2166184 0.3704688 0.2511953 0.0628983 0.28289798 0.5385205 0.583439 0.52866995 0.3618065 0.41269508 0.4116151 0.14006473 -0.0646032 -0.06698091 0.07970707 -0.07270373 -0.05810649 0.023036256 -0.5450223 -0.08310538 0.005171555 0.07587087 0.14136064 0.5145571 0.31700048 0.18456163 0.45115432 0.34535015 0.1282 0.1484383 0.054859024 -0.07063731 -0.1909545 -0.2906699 -0.40231925 -0.6003409 -0.61676157 -0.34350738 -0.13765767 0.07582845 0.2598541 0.32416975 0.40282357 0.37856048 0.33556393 0.34367955 -0.12896304 -0.36646196 -0.15700845 -0.06230127 -0.16659476 -0.11936875
0.4101875 0.31358665 0.20675409 0.21084751 0.19515853 0.17667627 0.19782932 0.22877954 0.17141324 0.099068984 0.43769965 0.6416717 0.58901167 0.4431793 0.33342114 0.38747656 0.2899328 0.20105606 -0.0057805907 0.09755184 -0.123355165 -32767.0 -0.004167954 -0.029412562 -0.50662154 -0.14333126 -0.029917978 -0.01429435 0.032411635 0.30727088 0.45278025 0.20648123 0.27838078 0.4251715 0.06120697 0.04788465 0.036645625 -0.041223228 -0.20578541 -0.40212464 -0.59355986 -0.6019953 -0.39658132 -0.22515973 0.040004626 0.20122011 0.3000555 0.35481837 0.36290196 0.43131962 0.40699515 0.39684525 0.1210818 -0.2861809 -0.2717919 0.09204854 -0.15431948 -0.30910763
0.48792955 0.5935603 0.44715035 0.2119177 0.0077109453 0.19878672 0.15764433 0.1589382 0.19982462 0.35969216 0.5801773 0.55466104 0.52983147 0.3651013 0.31362966 0.2240249 0.2787479 0.19168544 0.05069848 -0.03952174 -0.09115077 -0.15630463 -0.043151498 -0.033532057 -0.17686601 -0.17449084 -0.15546633 -0.06806316 -0.04799375 0.063746154 0.37005052 0.3757581 0.12210467 0.32504904 0.16533849 0.029975126 -0.026454324 -0.17013642 -0.37565723 -0.5595679 -0.52388054 -0.38207352 -0.31622094 -0.20273551 -0.03222373 0.20423801 0.35087404 0.33259222 0.40816993 0.42037395 0.45875394 0.39068013 0.28373253 -0.041808546 -0.28363994 -0.01730562 -0.06783799 -0.4045019
0.6699744 0.729877 0.5917899 0.38734806 -0.02785285 -0.010592746 0.18591066 0.34808028 0.15846083 0.2496151 0.38053882 0.4059268 0.43131214 0.3364152 0.23429058 0.08023385 0.25364065 0.20558816 0.094929345 0.04673153 -0.01575996 -0.10634804 -0.101036705 -0.10573116 -0.21195458 -0.20315032 -0.16035421 -0.0890975 -0.1152766 0.010653314 0.2624234 0.402537 0.13666224 0.0064480063 0.16428378 -0.02787293 -0.15338157 -0.3043827 -0.46306232 -0.49483672 -0.40740445 -0.39426538 -0.34357652 -0.22241691 -0.009030662 0.2615259 0.34052244 0.3803944 0.40701067 0.4537614 0.44562355 0.3403973 0.29216224 0.19266635 -0.085919745 -0.20224556 -0.04733391 -0.20698053
0.6818978 0.8692103 0.60102147 0.388029 0.15670632 0.04138833 0.103779525 0.17151913 0.19651051 0.1971395 0.34203577 0.38167974 0.30849048 0.15167816 0.031924494 0.011312594 0.27055335 0.37473312 0.20290942 0.08486768 0.018821582 -0.113062605 -0.13140519 -0.14479454 -0.14574252 -0.17310907 -0.21153523 -0.19436593 -0.13611783 -0.013416582 0.18586878 0.34112063 0.22501875 -0.073084265 -0.11298275 -0.10189562 -0.20674402 -0.27125373 -0.32857484 -0.32517058 -0.36574787 -0.39005038 -0.23687023 -0.22396213 0.02160038 0.33968323 0.438068 0.37873265 0.43963695 0.5184891 0.42147934 0.30543816 0.24224329 0.1836337 0.15314089 0.042524416 -0.06995479 -0.03435524
0.74599886 0.9330588 0.69331753 0.297308 0.050867986 0.09976243 0.1511364 0.1421915 0.28815305 0.3443911 0.3862249 0.40771145 0.2182918 -0.1280858 -0.18306653 0.1012752 0.5270917 0.3517731 0.09329987 0.004525893 0.0077025755 -0.17978682 -0.2660254 -0.22687976 -0.05912555 -0.07669429 -0.17941621 -0.28333682 -0.14399683 -0.00021455594 0.150537 0.31678113 0.25742954 -0.022701954 -0.18626279 -0.20223974 -0.25349653 -0.28110895 -0.2619981 -0.21763307 -0.25516167 -0.34325406 -0.24365036 -0.20664734 0.16374461 0.43936688 0.46813524 0.23265842 0.37861645 0.5376977 0.4871306 0.31529206 0.22691405 0.19391318 0.19091853 0.17162411 0.15296246 0.08060205
0.9134761 0.79680455 0.6354633 0.18348645 -0.026907632 0.30875868 0.19628689 0.1830069 0.2929245 0.35380572 0.39172393 0.04945173 0.077475175 -0.03385371 0.04557019 0.3973833 0.30461076 0.163025 0.04161618 0.04346912 -0.05588206 -0.17536399 -0.32930806 -0.22906086 -0.008396003 -0.10189274 -0.13542302 -0.3793556 -0.1308125 0.063363425 0.16060024 0.37086973 0.22589177 0.008716164 -0.15854713 -0.18035486 -0.18613285 -0.17262776 -0.18670735 -0.17254667 -0.14065504 -0.10047775 -0.017840525 0.084831715 0.32028586 0.3856865 0.37450874 0.19798253 0.38703206 0.45860383 0.40531048 0.31595728 0.26233715 0.35993078 0.28230712 0.2299589 0.17585555 0.05129208
0.88925797 0.7674969 0.3552829 0.038650505 0.2349414 0.30985513 0.076787256 0.096885175 0.41645014 0.26744887 0.34061816 0.0422959 0.10455235 0.2525516 0.19479209 0.16158545 0.14924155 0.13866696 0.1063698 0.025132861 -0.06491919 -0.17964377 -0.28884935 -0.08183649 -0.04554966 -0.10802383 -0.18661872 -0.38693705 -0.09502571 0.0834466 0.24536268 0.27801034 0.13490558 -0.00073776976 -0.12019838 -0.12052617 -0.11057766 -0.09227887 -0.078507386 -0.05583522 -0.030674104 0.00011105824 0.00740157 0.057092506 0.11566261 0.12125515 0.17267635 0.16433272 0.3204708 0.3909865 0.26736173 0.27749646 0.335912 0.5081633 0.41637367 0.24837372 0.14240493 -0.007231884
0.7642462 0.54086715 0.14004189 0.21307455 0.36417198 0.10729297 0.030568607 0.19321969 0.3226644 0.33353388 0.30173755 0.12965024 0.13857865 0.09198123 0.040320497 0.13343465 0.18134195 0.16364366 0.09117977 0.027539887 -0.11970801 -0.2437921 -0.13221209 -0.047098722 -0.018865028 -0.08753475 -0.22572897 -0.22743975 0.06778266 0.15445948 0.25285134 0.16410105 0.023366053 -0.019269144 -0.04556637 -0.014458167 -0.007987634 0.010421893 0.043568663 0.037482508 0.0009191229 0.031042734 0.061700042 0.10481464 0.13654792 0.15197799 0.21556295 0.26420462 0.2985312 0.28030333 0.13746873 0.26381007 0.35708573 0.6013167 0.42979738 0.3193074 0.10042978 -0.062959865
0.68863875 0.33510572 -0.0003383826 0.28999132 0.27186537 0.22521675 0.011816176 0.09243566 0.27422634 0.32208374 0.3838051 0.1620645 0.08653334 0.01711359 0.05889654 0.21495126 0.25672138 0.1912206 0.12647474 0.034362175 -0.12196845 -0.15186849 -0.05953897 -0.06480993 -0.10460028 -0.2278198 -0.1990846 0.058090866 0.15235901 0.18743986 0.11648441 0.17346807 0.06857701 0.0132251205 -0.018353092 -0.013143308 0.10727618 0.16770203 0.14329416 0.108503975 0.03215771 0.045712575 0.11716094 0.1466543 0.14396241 0.16142285 0.17825119 0.20578745 0.15943596 0.11523788 0.078370154 0.18488313 0.3716805 0.60435146 0.38806632 0.28851724 -0.0053746984 -0.123872004
0.5294161 0.1323044 -0.2587428 0.15488008 0.1737924 0.12207176 -0.068431966 -0.039260246 0.34493074 0.3968281 0.40694916 0.34154183 0.14497933 -0.029044358 0.030195188 0.3322805 0.30151996 0.22028422 0.1957898 0.09471838 -0.05948979 -0.08065524 -0.1358281 -0.25546655 -0.3323784 -0.15706456 0.06940435 0.19479762 0.14690138 0.10373487 0.15169765 0.21691537 0.23417252 0.24985026 0.19106013 0.15964556 0.15927464 0.14873388 0.14126141 0.09531154 0.10359341 0.11358347 0.090557344 0.1034223 0.10691256 0.09741063 0.16408317 0.19117953 0.1365956 0.06359076 -0.014773166 0.08378955 0.32148468 0.56233734 0.31094855 0.17587867 -0.051798075 -0.20806839
0.29516655 -0.09544591 -0.47655123 0.123324715 0.11494186 0.019792372 -0.036902614 0.103145 0.44090104 0.43788746 0.35403064 0.38061774 0.28136328 0.03752004 0.007030577 0.29101273 0.25124097 0.19797271 0.20296729 0.077960424 -0.10447948 -0.2127113 -0.39842007 -0.4168357 -0.19694595 -0.017727539 0.1427437 0.20034355 0.17323245 0.0566609 0.08838501 0.2394821 0.31887197 0.38145408 0.29772016 0.21067262 0.1710975 0.16565487 0.121172115 0.053346906 0.0900294 0.15795527 0.27383682 0.26836354 0.21828869 0.18951729 0.24768247 0.19016315 0.10348002 0.05668224 -0.0065371296 0.01981407 0.28720245 0.48605174 0.15109234 0.066745564 -0.06551219 -0.3137462
0.16147886 -0.27806172 -0.6135321 0.08504507 0.12264712 0.10529598 0.15534765 0.31186727 0.43179274 0.34845093 0.2374294 0.36876163 0.30621028 0.09233574 -0.08222313 0.2039813 0.20147775 0.13887979 0.1040755 -0.020808827 -0.21241972 -0.4879733 -0.5571637 -0.32179365 -0.039770048 0.09694648 0.15576929 0.17898582 0.16369595 0.091450006 0.0970213 0.1555256 0.2714831 0.3492818 0.38642862 0.26479208 0.24387059 0.16279182 0.08454824 0.10208648 0.23299415 0.13950008 0.17699906 0.18801115 0.17947567 0.2970699 0.31323335 0.2583498 0.1821724 0.11583058 0.04439413 0.07774273 0.35547358 0.3078022 -0.00543283 -0.04659221 -0.17217302 -0.29882094
0.03326486 -0.33625758 -0.63526875 0.10461733 0.21730433 0.20305839 0.2541143 0.31667012 0.27231896 0.18938337 0.18260334 0.37279707 0.33909118 0.074975245 -0.15193361 0.13260493 0.14507744 0.05630295 0.06826471 -0.11047823 -0.46447906 -0.67452484 -0.54712605 -0.18466946 0.19593582 0.25129434 0.18770719 0.1301262 0.12089389 0.045847278 0.04150962 0.115483835 0.17842616 0.24706137 0.3224289 0.35127163 0.2876901 0.16879536 0.10239128 0.11936828 0.24799396 0.23869185 0.116300166 0.22769248 0.3935926 0.41574925 0.38252738 0.2717203 0.19030726 0.1110655 0.103248656 0.1504488 0.11592104 -0.06029651 -0.24329315 -0.21373992 -0.25456527 -0.15390404
-0.039378587 -0.31957898 -0.5278158 0.15532398 0.24212953 0.25517058 0.25145787 0.20406778 0.12753409 0.13177009 0.18490691 0.36540976 0.30078128 -0.043198552 -0.26208794 0.051141858 0.08557013 -0.017300574 0.01164217 -0.23865223 -0.6146864 -0.68901 -0.4946081 0.02530888 0.42487326 0.41648433 0.18439028 0.09018237 0.07611961 0.030477628 -0.041947488 0.11465131 0.2252415 0.20436731 0.25918725 0.2727071 0.31334344 0.34493083 0.22812374 0.08755932 0.23769163 0.21641733 0.039607268 0.28774408 0.4478827 0.5385944 0.4651224 0.293282 0.22624932 0.15471017 0.077088766 -0.010109908 -0.11897014 -0.3270815 -0.36901987 -0.28385407 -0.17084648 -0.08205555
-0.102019414 -0.36603048 -0.45021233 0.20301928 0.23289293 0.35077506 0.3658694 0.2671647 0.15924063 0.106072314 0.21510236 0.3084319 0.19771342 -0.14450368 -0.36000228 -0.020823782 0.055710264 -0.04431268 -0.07795545 -0.2930251 -0.5855212 -0.5748305 -0.29140842 0.21598837 0.43246636 0.3085506 0.2712107 0.19615869 0.05485911 -0.010370065 -0.063630775 0.13547386 0.1671283 0.1941455 0.17898093 0.16413267 0.2023871 0.2665101 0.27136433 0.14975691 0.09004377 0.20149174 0.117539674 0.34395993 0.48162773 0.66506124 0.48595706 0.36537248 0.3105751 0.17075762 0.008343155 -0.062217567 -0.2553907 -0.52107024 -0.42038283 -0.28004354 -0.101587325 0.007948006
-0.18754478 -0.49136746 -0.24060489 0.12141611 0.28052083 0.4374105 0.4521437 0.36531976 0.2886525 0.25150305 0.2624332 0.2527926 0.05222053 -0.25624368 -0.41850588 -0.018520717 0.062430102 -0.013613904 -0.14301793 -0.20613927 -0.40470308 -0.40912545 -0.08051366 0.24245815 0.25073478 0.17516373 0.23634864 0.22299033 0.057426695 -0.058180045 0.0032582434 0.18522842 0.13719028 0.14818138 0.13029794 0.17409392 0.2236183 0.21820304 0.26599237 0.27862465 0.09865031 0.05658436 0.10577069 0.33914775 0.48571432 0.6328235 0.49024165 0.38544095 0.2544971 0.114533685 -0.054948743 -0.22844759 -0.42377716 -0.6091114 -0.4533152 -0.14514714 -0.09138609 -0.12990022
-0.2887328 -0.59271675 -0.13226381 0.15504554 0.21402517 0.47337082 0.6011666 0.56912285 0.45642895 0.38224006 0.29616663 0.120160006 -0.040329278 -0.34575197 -0.47065175 -0.051660687 0.04887865 0.011480777 -0.037274558 -0.15257972 -0.17537443 -0.1117642 0.017643036 0.0658061 0.035835005 0.21429445 0.26320395 0.16569696 0.10028191 0.025436016 0.07144771 0.18943433 0.07174031 0.0834745 0.08088627 0.1208801 0.17203154 0.18990712 0.12696537 0.15299363 0.12769042 -0.013648681 0.0145252915 0.31269646 0.4688285 0.5467496 0.46897063 0.3068427 0.1972413 0.09078735 -0.10286483 -0.32890546 -0.5291949 -0.5197351 -0.3234118 -0.1797709 -0.22628948 -0.21798056
-0.19278198 -0.5665017 -0.23120901 0.20782179 0.2739581 0.52853966 0.687344 0.6744628 0.44744942 0.4213565 0.20128986 0.059892245 -0.13978666 -0.40629756 -0.47767314 -0.035545982 0.08977568 0.015787277 0.0059693567 -0.021781985 -0.07318083 -0.10847714 -0.057499047 0.055384867 0.21498463 0.29802024 0.24258333 0.14806378 0.059656136 0.06343011 0.12865633 0.12532613 0.12668833 0.16076261 0.21801092 0.2407535 0.24049582 0.1277478 0.009054177 -0.015929975 0.101239964 0.039860386 0.01507102 0.31045914 0.411742 0.4403531 0.37521243 0.19149902 0.08674961 0.035213593 -0.113200404 -0.29533535 -0.3797879 -0.33059487 -0.23799601 -0.27242115 -0.26334867 -0.19246492
0.0053271647 -0.28509125 -0.3903277 0.10694342 0.38522032 0.59693044 0.68504417 0.70304716 0.5115744 0.39660358 0.05216971 -0.010249819 -0.21963514 -0.42147854 -0.43969646 -0.025114743 0.039613552 0.03400766 0.0010721941 -0.06656947 -0.088604376 -0.06635899 0.02526906 0.2318551 0.38633335 0.39106005 0.2869728 0.1943566 0.12083619 0.13013169 0.18677913 0.1914482 0.12432819 0.098748304 0.12814091 0.18525805 0.14311996 0.11418957 -0.044293523 -0.13186356 -0.03908492 0.08650813 0.16274679 0.33399522 0.3059404 0.32497707 0.26019955 0.08916599 0.006747232 0.010867814 -0.09989726 -0.18313383 -0.24982199 -0.17966565 -0.19790281 -0.2789851 -0.22415106 -0.14243229
0.07756888 -0.031587474 -0.24950406 -0.1535263 0.1980557 0.55971235 0.6548079 0.67252713 0.5750328 0.342211 -0.014250339 -0.09240096 -0.2179248 -0.35055864 -0.44134808 -0.1659384 0.022296965 0.020078762 0.005675151 -0.07048002 -0.025855511 0.058229808 0.21751645 0.35209703 0.36819518 0.3049215 0.22049163 0.17686395 0.14210576 0.2192801 0.2819487 0.29791743 0.26216215 0.2218569 0.16126373 0.1388756 0.10207554 0.06715096 -0.010565801 -0.15592372 -0.16921292 0.05314044 0.26232147 0.35762173 0.27885133 0.2334892 0.16445524 0.02984901 0.009747446 -0.026725542 -0.087873444 -0.19004874 -0.25975528 -0.17633294 -0.060514357 -0.17480029 -0.16638055 -0.07555528
0.423676 0.19329327 -0.02030597 -0.16552123 0.019080753 0.32976803 0.60449415 0.57640433 0.5668601 0.24503991 -0.014563015 -0.13656558 -0.23754868 -0.30690977 -0.44205934 -0.3621821 0.013897666 0.11827304 0.082009695 0.05698914 0.12539557 0.27451572 0.42470342 0.4906815 0.40877798 0.24444312 0.07683928 0.07324544 0.15235063 0.2592211 0.3697299 0.41951713 0.30204618 0.14206348 0.074810214 0.02485969 -0.021418951 -0.042880118 -0.07231493 -0.17667338 -0.23253256 -0.06245402 0.23176971 0.36880723 0.23184875 0.14241152 0.099462666 -0.037183587 0.031502597 0.042008255 -0.022996439 -0.11557795 -0.21507852 -0.26071778 -0.19820786 -0.07699432 -0.031289596 0.012935477
0.74978304 0.33966222 -0.17525135 -0.2535666 -0.007725966 0.24743919 0.5160076 0.44453815 0.47611043 0.16901115 0.011732267 -0.09842665 -0.16976173 -0.26505077 -0.41442853 -0.44070676 0.0078069773 0.14921544 0.12220862 0.17874911 0.37312955 0.56562346 0.55535907 0.4847489 0.39156306 0.23810689 0.08080291 0.022340259 0.14095062 0.30298042 0.49751428 0.41182318 0.256099 0.10468067 -0.032516267 -0.04616773 -0.07358055 -0.08735461 -0.11638871 -0.21249592 -0.272635 -0.17040871 0.099034645 0.334792 0.21332434 0.0975708 0.07955159 -0.046984278 -0.07180302 -0.015227058 0.2273087 0.14673416 -0.03550173 -0.12882768 -0.1435304 -0.09497082 -0.013391634 0.05763833
0.80532837 0.48144424 -0.011817672 -0.36996716 -0.052944854 0.21279043 0.44565326 0.42174387 0.31548798 0.09496908 -0.037805293 -0.09122695 -0.14133663 -0.19862153 -0.32414317 -0.26861793 0.05243218 0.2131187 0.35719672 0.48387498 0.53018105 0.5596515 0.5282816 0.4338476 0.3111172 0.19323713 0.0759474 -0.021286536 0.09318106 0.42175323 0.5300314 0.39898324 0.17948486 0.074152924 -0.05192358 -0.10936428 -0.08632808 -0.051014915 -0.056215405 -0.17396408 -0.3356059 -0.3060876 -0.036613844 0.27056232 0.16683653 0.08870142 0.0102851065 -0.05869645 -0.14942712 -0.0022815804 0.29374862 0.18190786 0.035391066 -0.033773117 -0.086713456 -0.071823716 0.011348559 0.08485548
