static/data/seaWater_vo/2023/7/19/6.asc
ncols 137
nrows 93
xllcorner 108.0
yllcorner 17.0
cellsize 0.25
NODATA_value -32767
[rows 52 to 77 of 93, columns 58 to 115 of 137]
0.26041073 0.48065776 0.27640176 0.20778719 0.16332385 0.05465883 0.029587252 0.08404098 0.15889288 0.103303626 0.13103554 0.25412744 0.3067302 0.36945164 0.5140328 0.7220395 0.55716294 0.47726303 0.26960942 0.10926077 0.06495348 0.12658828 -0.07044053 -0.16925175 -0.06304375 -0.002823382 0.07035676 0.28139517 0.39314628 0.45913538 0.28479904 0.4351362 0.61156607 0.33854526 0.24273527 0.18564786 0.026034856 -0.13054577 -0.22659472 -0.25267735 -0.30586407 -0.36916494 -0.3974336 -0.5641769 -0.47766277 -0.07984777 0.06509913 0.20947753 0.19149692 0.1852715 0.2708878 0.036133688 -0.36515212 -0.11815404 -0.013902068 0.1412461 0.0074258987 -0.07770558
0.10118127 0.28543392 0.33387712 0.23715769 0.21196774 0.052094232 -0.02159024 0.021724202 0.1130063 0.01990393 0.061048336 0.25719926 0.5082637 0.56957567 0.526872 0.43897092 0.5199162 0.49664727 0.09248773 0.027454488 0.12905891 0.09622345 0.02542118 -32767.0 -0.39614815 0.035427053 0.18787861 0.26320168 0.44068143 0.55362 0.29106408 0.3615834 0.6374382 0.36897227 0.18215956 0.1676732 -0.021460267 -0.14508702 -0.23396036 -0.30682376 -0.36026677 -0.43667865 -0.62600183 -0.5194052 -0.15292321 -0.06107405 0.05293238 0.18223025 0.23701571 0.16388541 0.26445046 0.121857 -0.33642045 -0.24117205 -0.0012165796 -0.04312384 -0.015880654 -0.18961939
0.1182908 0.044207647 0.10988881 0.20254424 0.14690872 0.088446714 0.12839085 0.2631511 0.23175447 0.10852029 0.35337448 0.57416457 0.44755647 0.4302284 0.36448628 0.4359232 0.46984556 0.22686423 0.027569598 0.045937378 0.2111427 -0.035109967 0.0057060146 0.10458336 -0.45240667 0.07646898 0.15788461 0.26392618 0.37491912 0.56489223 0.3663349 0.27140376 0.5740041 0.44122666 0.08604912 0.08748525 -0.046786673 -0.1942432 -0.2796396 -0.35559517 -0.4551726 -0.6404704 -0.5091495 -0.20947868 -0.0841272 0.027250897 0.06241842 0.19439714 0.28387922 0.24945883 0.25129053 0.23006281 -0.1741723 -0.42792523 -0.006731629 0.05639781 -0.15842092 -0.18579333
0.060577586 -0.006377253 -0.0039894725 0.029046023 0.013887133 0.06430404 0.057069678 0.041770466 0.13910097 0.21841206 0.5869958 0.6151652 0.43379933 0.30535293 0.30198383 0.37490416 0.38779527 0.2901773 0.027916599 0.16571459 0.006394681 -32767.0 0.06341862 0.06352294 -0.2931663 -0.020429682 0.14625284 0.18833302 0.22328672 0.55369073 0.46702313 0.28647962 0.37159336 0.51355106 0.1546862 -0.0066527803 -0.114409536 -0.23952685 -0.36031666 -0.48909843 -0.5793136 -0.43094948 -0.2622923 -0.11831002 -0.060961753 -0.019277453 0.025451124 0.106753424 0.28018895 0.31528398 0.2576916 0.28651357 0.027545976 -0.30128303 -0.24214911 0.018200507 -0.21082692 -0.34548432
0.04567492 0.4676634 0.39264023 0.034353655 0.024482142 -0.06397351 -0.10343399 -0.052689962 0.048099842 0.2744156 0.47837985 0.43260428 0.3738772 0.23021536 0.26049834 0.27795404 0.3142174 0.22216319 0.11981046 0.08941272 0.09510399 0.039479293 0.16320248 0.073481604 0.006185027 -0.0818954 0.077674985 0.08489146 0.13487227 0.3922864 0.4935234 0.40232703 0.18267584 0.429222 0.2765485 -0.014933592 -0.20951836 -0.33297497 -0.4791545 -0.48746732 -0.3682455 -0.3098139 -0.2486231 -0.14338091 0.012696774 0.12321173 0.14420387 0.13555592 0.24936812 0.34622204 0.31785262 0.2749775 0.21783806 -0.10516838 -0.3068164 -0.07578482 -0.22565266 -0.4474884
0.57323843 0.74361205 0.48013833 0.10833172 -0.059422232 0.08873273 0.14039676 0.09607679 -0.012585326 0.16934223 0.27436465 0.29428017 0.26022494 0.20018 0.2697938 0.15994996 0.20846096 0.28695458 0.27267358 0.20499845 0.15943576 0.115398675 0.119315006 0.02402371 -0.052416794 -0.013102658 0.011034225 0.04986447 0.052777275 0.18538556 0.37391308 0.43519568 0.21258676 0.1856983 0.23773833 -0.042913634 -0.24851775 -0.30194464 -0.3079051 -0.28468263 -0.30159807 -0.29437754 -0.18422516 -0.0029808274 0.106685705 0.15982409 0.1717083 0.1703265 0.26201254 0.33168507 0.36321443 0.3016567 0.26952127 0.1264181 -0.10921682 -0.27127427 -0.17520282 -0.29731488
0.71269596 0.75953686 0.52335334 0.20990525 0.08048055 0.08984123 0.19867043 0.06501268 0.13119495 0.15834706 0.3067792 0.25778142 0.17854692 0.14355966 0.10071425 0.09816387 0.34292322 0.33910587 0.24994253 0.24752879 0.19320862 0.08828844 0.020742955 0.00348458 0.03131254 -0.03603477 -0.11795591 -0.045059 0.04186275 0.11033945 0.20418014 0.33536422 0.23354855 8.628388e-05 0.02671815 -0.0589401 -0.1653002 -0.18706876 -0.19929303 -0.24347465 -0.33031273 -0.20259431 -0.10600309 0.040329993 0.1932364 0.21631931 0.1090913 0.16873692 0.22854026 0.23204118 0.33001053 0.27999654 0.27606118 0.23878813 0.1100468 -0.05546599 -0.16405535 -0.145404
0.8575855 0.81341666 0.44087705 0.24782334 0.09548615 0.18250072 0.15612611 0.14982978 0.25164413 0.30969098 0.389452 0.43702003 0.25842702 0.03145956 -0.13486128 0.32108122 0.54344517 0.3767407 0.16258878 0.13480657 0.11982913 0.018953865 -0.12975796 0.020033874 0.12646855 0.031222507 -0.11774085 -0.1856424 0.03092853 0.08808855 0.17840947 0.3412077 0.18844023 -0.02048411 -0.127969 -0.10270904 -0.10157896 -0.10252625 -0.104466185 -0.192513 -0.28446898 -0.140084 -0.043867685 0.13670157 0.14735562 0.08620943 0.048099212 0.07942543 0.26553354 0.22159795 0.2532736 0.28634158 0.32608202 0.26556593 0.18037787 0.10932585 0.015501691 -0.05093104
0.7253707 0.8346391 0.34014302 0.09935314 0.11781587 0.26354495 0.16974552 0.13067988 0.24857017 0.34780478 0.4395017 0.152118 0.16672155 0.053344633 0.2921889 0.5376904 0.48536193 0.2645404 0.059319474 0.08367373 0.040571343 -0.034534406 -0.15099062 0.0741563 0.14357877 0.083501674 -0.0799675 -0.22299483 -0.034100812 0.03651995 0.20132266 0.32350364 0.0799461 -0.0742633 -0.17377879 -0.21324779 -0.14294541 -0.115670405 -0.14319485 -0.1719283 -0.2166711 -0.21653932 -0.14674482 -0.064511985 -0.024240302 0.016601993 -0.011313066 0.1384062 0.29739654 0.21813524 0.18696634 0.24092095 0.33681327 0.35872227 0.2554448 0.11040935 0.014928371 -0.0021638228
0.82009816 0.65902233 0.2081111 -0.033467624 0.2620348 0.26419196 0.06683104 0.13643697 0.39985096 0.27194583 0.39430004 0.106685504 0.20100611 0.37534443 0.44299877 0.44289556 0.26698318 0.1554328 0.10482873 0.07939899 0.015832186 -0.047838174 -0.08112158 0.09779106 0.1163054 0.088582106 -0.07576747 -0.2532807 -0.027335294 0.1088202 0.24767257 0.178946 0.0360996 -0.0754306 -0.16436711 -0.15140395 -0.1760394 -0.16007785 -0.17691134 -0.20698561 -0.20970243 -0.19098496 -0.11995671 -0.07924364 -0.00804828 0.08277938 0.049419876 0.18552876 0.27154452 0.16300365 0.107427455 0.22914909 0.35648015 0.40772453 0.2764643 0.07949509 -0.016968802 -0.01759526
0.85728365 0.32025287 0.06968131 0.18683228 0.2829457 0.1292804 -0.01884737 0.23687646 0.4101448 0.33753678 0.42427656 0.27039292 0.33406496 0.3997155 0.25629953 0.23493941 0.23804247 0.19397196 0.1536736 0.099651076 -0.01755326 -0.030393993 0.003908458 0.041827533 0.03631128 -0.004504409 -0.19855303 -0.15779936 0.04675784 0.18023501 0.15611967 0.07341468 -0.031735696 -0.015148152 -0.017066214 -0.06869545 -0.046318207 -0.036805395 -0.113444075 -0.19654971 -0.19199 -0.16681638 -0.13644563 -0.09384948 -0.03358749 0.010177324 0.0070973793 0.07987561 0.11124746 0.020986741 -0.005968425 0.17326269 0.35337317 0.44368058 0.18650927 0.08439578 -0.07062825 -0.08123071
0.6214767 0.19927405 -0.06098651 0.25300708 0.16540565 0.1245451 0.05814632 0.17301144 0.29022542 0.35806283 0.4540858 0.27806517 0.27307528 0.2046525 0.16939718 0.21128961 0.21711858 0.18332869 0.18838559 0.12686142 0.034413084 -0.0025364195 -0.024716515 -0.020280257 -0.067926824 -0.1843411 -0.14082685 0.09030938 0.14000873 0.08149279 -0.026387166 0.03235756 -0.03353946 -0.02449997 0.012821575 -0.011893825 0.02667539 0.057139616 -0.037188128 -0.15805285 -0.18001607 -0.13996142 -0.10395692 -0.07210149 -0.044390623 -0.0579762 -0.059395526 -0.03452577 -0.029482985 -0.11385305 -0.1366614 0.021253064 0.3071318 0.45728767 0.2319025 0.14170986 -0.08558543 -0.21196322
0.5553851 0.036544736 -0.31522128 0.16374311 0.06934139 0.0048408587 0.0050535635 0.085774675 0.37963358 0.40227523 0.441963 0.3656021 0.2149255 0.13232598 0.16674587 0.3196602 0.2358026 0.19031651 0.13748017 0.06982939 -0.035884645 -0.08179523 -0.12274487 -0.21065013 -0.24725236 -0.08716499 0.09280401 0.21000753 0.12659098 0.02184138 -0.033194408 -0.007097376 0.006786949 0.008685267 -0.004526762 -0.025154768 -0.040444855 -0.017572647 -0.08951233 -0.14792591 -0.15566133 -0.14871512 -0.10467026 -0.015789015 0.002450571 -0.007822858 -0.06517144 -0.097746015 -0.11337072 -0.1956166 -0.26080477 -0.11542772 0.3017977 0.45442992 0.19553332 0.115412876 -0.15197742 -0.31168622
0.47895828 -0.102333695 -0.47717762 0.1010898 0.12645055 0.06992957 0.016305523 0.1891943 0.39951226 0.41431147 0.34327668 0.41009063 0.2755063 0.09242357 0.16416492 0.36621296 0.22376066 0.12915772 0.123154566 0.047997467 -0.10726154 -0.22280788 -0.3761424 -0.35514048 -0.12467423 0.05075872 0.13176548 0.19781871 0.12065639 -0.015287261 0.0078478325 0.059480395 0.073987626 0.12560928 0.033711933 -0.06483214 -0.07405634 -0.04149664 -0.120016895 -0.23027849 -0.17537507 -0.111599274 -0.11111999 -0.06666795 -0.0022653125 -0.03115848 -0.05333787 -0.050716404 -0.085681766 -0.25396505 -0.25879154 -0.17849924 0.33176565 0.36648414 0.051901318 -0.02506915 -0.22198756 -0.34790388
0.3161398 -0.21472459 -0.57414895 0.10456268 0.17402133 0.11897456 0.15463024 0.21195559 0.35193607 0.3237885 0.33501306 0.41813147 0.35861006 0.10585726 0.03406978 0.31503454 0.17960568 0.093461655 0.10040715 -0.004010337 -0.19009903 -0.4551025 -0.50891066 -0.25932658 0.011834713 0.17576191 0.25228906 0.2295226 0.13176419 0.01004436 -0.022074003 0.06657309 0.09394461 0.11843855 0.102236606 -0.0109002115 -0.10593135 -0.1708594 -0.19792141 -0.102791674 0.029858286 -0.043494806 -0.18670087 -0.0068599577 0.012820797 0.04575149 0.07308666 0.020157784 -0.04567624 -0.09205646 -0.12762667 0.014119642 0.25971958 0.17229865 -0.12128532 -0.13060132 -0.31043404 -0.35938734
0.0872937 -0.31711555 -0.63057244 0.16820318 0.24104312 0.17516923 0.22765905 0.33047855 0.31666175 0.2620754 0.33321965 0.48555276 0.41508642 0.087360874 -0.07766229 0.2707832 0.1477986 0.033524718 0.05883233 -0.08970937 -0.39808297 -0.630624 -0.4501573 -0.056391638 0.2437972 0.34749877 0.34191328 0.2403071 0.14291315 0.02574151 0.015406713 0.0043736496 0.049035687 0.051476475 0.06031081 0.045678873 -0.008557643 -0.0925874 -0.16118993 -0.0397224 -0.13324954 -0.15299736 -0.25541162 0.017200159 0.11515132 0.20954797 0.19555564 0.12622456 0.056965616 0.02436792 0.0248958 0.07203984 0.06816961 -0.11604821 -0.2832191 -0.2823614 -0.35268027 -0.30467048
0.016360132 -0.30845112 -0.47153586 0.22608235 0.34617826 0.40999535 0.46358904 0.40435937 0.2975573 0.23763333 0.2704125 0.5248838 0.3808204 0.00901339 -0.16545628 0.21337534 0.11714747 -0.018225115 -0.03946497 -0.18685332 -0.51902735 -0.63095045 -0.3330042 0.16013703 0.42306155 0.41445535 0.45142657 0.3603129 0.15987967 0.06632052 -0.03161361 0.058429748 0.063607395 -0.0089619 -0.08469667 -0.046200585 -0.028280914 -0.057266492 -0.12989429 -0.20432083 -0.190621 -0.107983544 -0.16363674 -0.012956801 0.22041331 0.31049165 0.34189492 0.3034426 0.17598116 0.068864845 0.042300813 -0.013966069 -0.13730088 -0.3792435 -0.3945505 -0.42820233 -0.30945057 -0.19673887
0.07211808 -0.32040048 -0.32979578 0.29338568 0.4319031 0.5544007 0.5768498 0.46344453 0.33453992 0.2871574 0.40747127 0.48287934 0.26095548 -0.078805976 -0.24456584 0.13481008 0.099085264 -0.021366289 -0.12608436 -0.22504857 -0.46230295 -0.5128362 -0.16442429 0.19197828 0.3645731 0.3376304 0.33172902 0.3378005 0.18261112 0.0914 -0.036575098 0.10879407 0.110021934 0.010025694 -0.029597253 -0.06334449 -0.040226623 -0.06423128 -0.037517034 -0.16820242 -0.22149934 -0.16161229 -0.21558018 0.028819095 0.23685282 0.33582786 0.40138972 0.33681458 0.22418587 0.13766788 0.02539255 -0.13336937 -0.29822612 -0.55182093 -0.480567 -0.40989447 -0.15936124 -0.014441586
0.039349206 -0.3525586 -0.2461995 0.27795154 0.4696483 0.6317287 0.6341503 0.5648183 0.48434788 0.45801488 0.45185184 0.3233328 0.081303716 -0.19166002 -0.32081464 0.03124657 0.07188221 -0.047590185 -0.11365978 -0.20557661 -0.32084832 -0.30446875 -0.104929455 0.14632991 0.2735244 0.30089673 0.30999166 0.27434716 0.1629044 0.08991254 0.10583522 0.15828556 0.036745474 -0.04108426 -0.096122704 -0.12492745 -0.09176205 -0.06064713 -0.07979789 -0.09308758 -0.19929616 -0.2760206 -0.1710382 0.12603767 0.28574494 0.4306415 0.47077772 0.4197821 0.30474764 0.17450173 0.0010384257 -0.17508401 -0.41041297 -0.637551 -0.5237212 -0.2068351 -0.07989519 -0.12023788
-0.100396544 -0.44900766 -0.16662802 0.316606 0.48038498 0.7365824 0.76936287 0.70607436 0.5564359 0.44058168 0.30147073 0.14482258 -0.057746146 -0.2804271 -0.33974203 -0.017192908 0.020808496 -0.05515298 -0.13084538 -0.20088293 -0.23133963 -0.212235 -0.06863371 0.0686288 0.25488168 0.31451893 0.29164502 0.23392166 0.18418147 0.14414534 0.13369298 0.074167565 -0.0058211535 -0.020867053 0.029780079 0.07044824 0.04107122 -0.081113294 -0.14214227 -0.14131902 -0.08478197 -0.1592617 -0.14031784 0.13374835 0.36608973 0.44302773 0.50297844 0.35267332 0.21249434 0.10447077 -0.049109727 -0.24139217 -0.4916882 -0.5639267 -0.3156499 -0.15729865 -0.16632056 -0.16532649
-0.053282406 -0.43581027 -0.26160935 0.29613447 0.40438035 0.7150673 0.91382027 0.83722997 0.5432339 0.43483144 0.19605161 0.0035734945 -0.1323146 -0.34643546 -0.33924732 0.005070202 0.02128569 -0.0885663 -0.14369893 -0.17124586 -0.15558623 -0.105528645 -0.012808444 0.15104532 0.31422207 0.30375436 0.24088146 0.18484813 0.1568554 0.15364859 0.12883681 0.11396826 0.03965466 0.02846402 0.051349398 0.045649886 0.0016313639 -0.09473777 -0.22582732 -0.26736474 -0.13588043 -0.08017545 -0.09287361 0.13448079 0.35882893 0.40712887 0.421926 0.21861021 0.07687578 0.020077638 -0.080532536 -0.26981622 -0.4480757 -0.37963986 -0.18248017 -0.20752412 -0.20565479 -0.20363328
0.10272036 -0.2410545 -0.34401456 0.14560176 0.38580188 0.6722901 0.92166543 0.83264416 0.6262287 0.4736293 0.10764762 -0.014350104 -0.16811419 -0.3300511 -0.32099453 -0.015186089 0.008630119 -0.10099329 -0.14053988 -0.12457743 -0.09715122 -0.052316505 0.12325067 0.2732988 0.29382595 0.2584582 0.15694249 0.1068099 0.10938149 0.1505455 0.23848948 0.20619008 0.17318228 0.15026413 0.083354935 0.013169649 -0.06815147 -0.17550921 -0.28321093 -0.37418133 -0.23572247 -0.06757924 0.007827492 0.16439664 0.2759253 0.29299638 0.33957824 0.13441052 -0.00872224 -0.069574416 -0.04150356 -0.14884637 -0.32311147 -0.2739113 -0.1248685 -0.2007895 -0.21096839 -0.19252
0.17943119 0.02305921 -0.19714473 -0.017743729 0.3398057 0.6716355 0.83452064 0.7615437 0.6610091 0.38874015 0.048369605 -0.074631654 -0.1300105 -0.29895702 -0.37292063 -0.11135272 0.025632543 -0.028794447 -0.11973664 -0.09330585 -0.019748973 0.15147175 0.28100237 0.34104386 0.30832702 0.1609022 0.1298758 0.12384048 0.1520516 0.22991921 0.23027608 0.21316773 0.1344296 0.051576953 0.015186989 -0.010920176 -0.08671059 -0.25004297 -0.35717368 -0.3977766 -0.3784026 -0.108907215 0.022001578 0.17580311 0.18220755 0.18152253 0.24447948 0.064237855 -0.0035409455 -0.0034909141 -0.005097637 -0.084019266 -0.210317 -0.28251716 -0.21273205 -0.10835432 -0.1462992 -0.12641843
0.3051913 0.21393749 0.059112657 0.0028171225 0.2781958 0.5899342 0.7455861 0.65838003 0.6119323 0.2799092 0.028827311 -0.06918611 -0.12591209 -0.2415376 -0.40283582 -0.30592832 0.027072627 0.018011877 -0.05857085 -0.0224474 0.15899818 0.34403142 0.4373518 0.36475122 0.20483914 0.05277923 -3.1056974e-05 0.053729177 0.20289885 0.30815274 0.31096923 0.27058688 0.17353418 0.077203855 -0.020158924 -0.071331844 -0.11751469 -0.19829653 -0.35592523 -0.43031135 -0.4218538 -0.23989764 0.025669744 0.19528915 0.13329177 0.09637139 0.13925265 0.036500026 -0.022223001 0.036665518 0.06262534 0.0460075 -0.04060912 -0.10304766 -0.17917499 -0.19421332 -0.094946146 -0.011174792
0.62624043 0.24367854 -0.05784681 0.010232301 0.18563676 0.5257872 0.6251693 0.51613533 0.50785345 0.14290863 -0.0028169795 -0.09451606 -0.19016644 -0.23632386 -0.38798207 -0.3843988 0.01581477 0.1514013 0.11519472 0.1742102 0.30102766 0.42387813 0.37671027 0.2536543 0.10692903 -0.03406267 -0.15269579 -0.09102033 0.16981402 0.29544055 0.3472497 0.30634984 0.16169608 0.044342894 -0.061566763 -0.10873251 -0.15965076 -0.195798 -0.26700923 -0.39567748 -0.4785118 -0.3529457 -0.056358535 0.2091565 0.087009706 0.043358747 0.07392727 -0.014471516 -0.14125158 -0.1574693 -0.009459847 0.06782273 0.050677855 0.0102912625 -0.0008797683 -0.042978767 -0.036838524 0.042371333
0.7084279 0.29173964 -0.19276005 -0.21514755 0.12246403 0.41900477 0.4730452 0.46717852 0.33454016 0.027463345 -0.116931595 -0.14660414 -0.16069768 -0.26638976 -0.3476878 -0.25534794 0.094929256 0.19958559 0.22947994 0.3179386 0.3299935 0.30690387 0.27928892 0.18481189 0.07233163 -0.027181435 -0.15514052 -0.16847816 0.07723807 0.29348725 0.35876063 0.32096392 0.21114786 0.020978779 -0.120064385 -0.12816328 -0.12664865 -0.15587126 -0.21964857 -0.34314975 -0.46304634 -0.49724492 -0.1810802 0.14676638 0.046476863 0.01323669 0.06906974 -0.04958472 -0.1913382 -0.20152208 0.19157216 0.17892 0.1454014 0.07989216 0.06849794 0.09423477 0.13339718 0.18365952
