static/data/seaWind_vo/2023/7/21/0.asc
ncols 137
nrows 93
xllcorner 108.0
yllcorner 17.0
cellsize 0.25
NODATA_value -32767
[rows 0 to 18 of 93, columns 0 to 42 of 137]
-1.1527641014299483 -0.3591804631875144 0.03761135593370213 0.13814381234782225 -0.1625638891386605 -0.3307110949994452 -0.6972542104208381 -1.457920141695817 -1.738165484797125 -1.8004422277085266 -1.817345915070193 -1.373401704887486 -0.44369889999584533 0.8934717370875378 1.5286945147838356 1.1932897708181434 0.5011282567457067 0.5233699506426359 0.5900950323334235 0.36856776112000866 -0.28355870393795524 -0.06114176496866319 0.5562876576100912 1.2644631912883169 1.499335478839889 1.4504037522666449 1.2591251847530538 1.212862461447441 1.1826137577476172 1.0767432947982343 0.8053946292556982 0.09099142128633231 -0.7577516178204857 -1.4774928323251144 -0.8769670971080261 -0.024665386977699377 0.6568201140242111 0.19508254872396114 -0.2764413618909378 -0.5531280339687372 -0.1509982083122572 0.31162902474387 0.6755031368976316
-1.4872791776397634 -1.0691353323774946 -0.9926239053720582 -0.956147527381094 -0.9641545371839886 -0.5566867049922459 -0.5495693629452285 -0.8422700546288167 -1.2435102125294195 -1.2008061602473155 -0.9321264979724107 -0.4534852453104943 0.6692754626064914 1.6229992969068154 2.081178191183557 1.3472022925848934 0.6719444658741229 0.3303120476172905 0.49579025021044365 -0.08961113315673286 -0.29512438476435854 -0.1732399022091866 0.8196293133497328 1.3703336542376996 1.679048365527077 1.6132129515921667 1.525135843760327 1.4094790354962952 1.1665997381418283 0.7911599451616635 0.24579361080895978 -0.4125605285401446 -1.4685961547663426 -1.5397695752365164 -0.906326133051973 0.1888548744328209 0.5429426412719336 0.4530861979283396 0.2618076304147485 0.41749948769325296 0.7653595802412256 1.090977978892269 1.349871295852525
-1.6287363508242332 -1.2977799456379264 -1.150984765918194 -0.918781481634253 -0.5833767376685608 0.02070766857203621 0.21643457486501294 0.13369547356843636 0.027825010619053625 0.12212979274203306 0.3125186924997472 0.5536186543424597 1.292042891720509 1.832960887293827 1.922817330637421 1.2297661488091072 0.677282472409386 0.29739434064983516 0.12212979274203306 -0.10295614949489007 0.12568846376554177 0.6265714103243873 1.06873628499534 1.1790550867241087 1.2262074777855985 1.2351041553443702 0.9824385126752546 0.5304872926896533 -0.15188787606813436 -0.7524136112852227 -1.0780320099362664 -1.2871039325674007 -1.4926171841750264 -1.3467116722111707 -0.7328409206559252 0.16127517400062885 0.7395592153207877 1.0509429298777966 1.2457801684148961 1.5918609254511145 1.7262007565885669 1.8623199232377736 1.971749057210665
-1.1847921406415263 -1.0744733389127576 -0.8333733770700449 -0.5193206592454049 -0.018437712686559138 0.07497740168054357 0.012700658769141615 -0.29512438476435854 -0.09494913969199592 0.41038214564623554 1.0980953209392863 1.5713985670659396 1.9779767315018053 1.8454162358761073 1.5402601956102386 0.8605540301200825 0.6701651303623686 0.5002385889898295 0.618564400521493 0.6897378209916663 0.8578850268524512 1.0198045584220956 0.9263894440549929 0.8534366880730653 0.608778055206844 0.507355931036847 0.14081281561545378 -0.41345019629602175 -1.0771423421803892 -1.4819411711045003 -1.6047153214155494 -1.6990201035385293 -1.5673492756687084 -1.3164629685113471 -0.7621999565998716 -0.022886051465945023 0.788490941894032 1.2582355169971766 1.8205055387115467 2.4601766551872304 2.8987828588346742 3.179028201935982 3.2244012574857175
-1.1518744336740712 -1.1100600491478443 -0.9419128432870596 -1.0388866286776706 -1.0121965960013557 -1.3867467212256432 -1.2274961929236303 -1.1545434369417027 0.21109656832974988 1.3151742533733153 2.0269084580750496 2.2395390517296927 2.0998612140569772 1.9281553371726838 1.4450657457313818 1.1710480769212142 0.9557484799989395 0.9014787468904322 0.990445522478149 1.02158389393385 1.0082388775956925 1.0625086107041997 0.8721197109464858 0.2991736761615895 -0.03267239678059397 -0.3903188346432156 -0.8049040088819757 -1.3351459913847679 -1.7968835566850179 -1.9712584368369428 -1.987272456442732 -1.767524520741071 -1.627846683068356 -1.4347887800430104 -1.0362176254100395 -0.35028378562874307 0.5402736380043021 1.482431791478223 2.1808209798417995 3.448597531966764 3.901438419708242 4.1727870852507785 4.334706616820423
-1.4685961547663426 -1.6100533279508125 -1.8502636220376476 -1.947237407428259 -2.4490100217429815 -2.1705440141534287 -1.7782005338115972 0.5909847000893007 2.316940146491006 3.018888005878092 2.6621312357713474 2.6025234961275774 2.477970010304774 1.9530660343372448 1.4192653808109439 1.2982705660116491 1.0206942261779728 0.9584174832665711 0.6959654952828065 0.6924068242592978 0.6924068242592978 0.8534366880730653 0.6425854299301765 -0.031782729024716794 -0.9801685567897778 -1.5139692103160782 -1.7933248856615092 -1.8182355828260701 -2.110936274509658 -1.9730377723486971 -1.537990239724762 -1.2915522713467866 -1.26842090969398 -1.320911307290733 -0.9205608171460073 -0.4223468738547935 0.47265888855763727 1.4601900975812936 2.7066146235652058 4.055350941474992 4.4227837246522625 4.591820598268924 4.789326840073656
-1.7612968464499308 -2.1233916230919383 -2.4143129792637725 -2.6385092537448185 -2.9925970205839314 -2.0495491993541335 0.20486889403860964 2.580281802230648 4.099834329268851 3.959266823840258 3.601620385977637 3.1123031202451945 2.764443027697222 2.2377597162179383 1.2057451194004236 0.9931145257457805 0.730662537762016 0.5509496510748282 0.2787113177764149 0.32141537005851895 0.507355931036847 0.6648271238271057 0.36234008682886865 -0.5210999947571593 -1.4730444935457285 -2.2701868028116707 -2.2301517537971987 -2.2541727832058824 -1.8680569771551911 -1.4445751253576593 -1.0104172604896013 -0.726613246364785 -0.7203855720736447 -0.7737656374262749 -0.574480060109789 -0.0878317976449785 0.7680285835088572 1.551825876436642 2.80269874119994 4.077592635371921 4.601606943583573 4.770643817200235 5.009964443531193
-1.5646802724010769 -2.083356574077466 -2.5700048365422767 -2.620715898627275 -2.312001187337898 -0.7337305884118024 0.5322666282014077 2.792912395885291 4.125634694189289 4.6318556472833965 4.378300336858404 3.845389351087981 3.321375042876329 2.2395390517296927 1.1452477120007762 0.7493455606354367 0.4966799179663208 0.3151876957673787 0.236896933250188 0.4005958003315868 0.42105815871676167 0.23867626876194237 -0.1776882409885725 -0.9961825763955665 -1.747062162355896 -2.4481203539871044 -2.410754308240264 -2.021969498921941 -1.5780252887392345 -1.0344382898982851 -0.5540177017246144 -0.28355870393795524 -0.26487568106453496 -0.15366721157988872 0.05629437880712285 0.5109146020603557 1.297380898255772 1.9281553371726838 2.538467417704421 3.6585591223537755 4.294671567805951 4.680787373856641 4.882741954440759
-1.2488482190646826 -1.6198396732654614 -1.6269570153124788 -1.5815839597627432 -1.358277353037574 -0.8413803868729395 0.24045560427369672 1.4112583710080493 2.9797426246194965 4.041116257380958 4.4076593728023505 4.130083032968674 3.5251089589722002 2.4174726029051263 1.451293420022522 0.8819060562611345 0.5625153319012313 0.3934784582845694 0.571412009460003 0.6550407785124568 0.4299548362755332 -0.202598938153133 -0.7346202561676796 -1.3725120371316089 -1.9712584368369428 -2.457017031545876 -2.3733882624934224 -1.987272456442732 -1.3369253268965222 -0.6483224838475943 -0.1581155503592746 0.11323311518326173 0.10967444415975303 0.3454363994672023 0.7813735998470146 1.2689115300677025 1.7582287958001448 2.1123165626392577 2.552702101798456 2.9806322923753736 3.721725533021054 4.092716987221833 4.505522825948839
-0.9045467975402186 -1.0219829413160046 -0.9534785241134625 -1.0433349674570565 -1.0735836711568805 -1.2924419391026638 -0.986396231080918 -0.01487904166305043 2.0882955332305744 3.571371682277813 3.8880934033700845 3.3987761376376424 2.816933425293975 1.9575143731166305 1.4254930551020841 0.9210514375197301 0.6256817425685102 0.7297728700061388 0.9201617697638529 1.0046802065721838 0.6363577556390363 -0.11630116583304773 -0.7880003215203093 -1.453471802916431 -2.301325174267372 -2.9988246948750716 -2.8742712090522677 -1.9445684041606275 -0.956147527381094 -0.17857790874444968 0.2626972981706257 0.47354855631351445 0.7902702774057864 1.414817042031558 1.8347402228055814 1.822284874223301 1.913030985322772 2.042922477680839 2.1861589863770625 2.590068147545297 3.15767617579493 3.6114067312922855 4.0980549937570965
-0.9098848040754817 -1.1536537691858255 -1.4143264216578357 -1.7212617974354587 -2.0664528867158 -2.1999030500973746 -1.737275817041248 -0.43658155794882836 1.8996859689846146 3.287567668152996 3.2902366714206277 2.6149788447098574 2.001108093154612 1.53047385029559 1.1345716989302503 0.8249673198849958 0.6577097817800883 0.7876012741381548 0.9210514375197301 1.011797548619201 0.915713430984467 0.40237513584334117 -0.3698564762580405 -1.3146836329995928 -2.4232096568225443 -3.336008774352518 -3.2167932950649774 -2.1349573039183416 -0.04245874209524292 0.9601968187783254 1.424603387346207 1.7208627500533038 2.3498578534584613 2.8907758490317796 2.8605271453319556 2.5722747924277534 2.1069785561039946 1.84452656812023 1.8925686269375972 2.2101800157857463 2.824940435096869 3.3978864698817652 4.240401834697443
-1.9596927560105395 -2.360932913911142 -2.541535468354207 -2.64117825701245 -2.710572341970869 -2.167875010885797 -1.1634401145004745 0.3125186924997472 2.0687228426012765 3.147000162724404 3.2955746779558908 2.919245217219849 2.5206740625868775 1.747552782729619 1.1594823960948109 0.7751459255558744 0.7013035018180696 0.6416957621742994 0.5954330388686866 0.5865363613099148 0.6132263939862299 0.2146552393532586 -0.4864029522779494 -1.3493806754788022 -2.2844214869057056 -3.3235534257702377 -3.0139490467249836 -1.5139692103160782 1.2093037904239323 2.477970010304774 3.0171086703663375 3.166572853353702 3.2493119546502784 3.0802750810336166 2.7484290080914326 2.368540876331882 1.9886527445723314 1.7751324831618112 1.7110764047386549 1.8783339428435626 2.3925619057405654 3.032233022216249 3.869410380496664
-2.7595040685441137 -2.7096826742149918 -2.5842395206363116 -2.1545299945476395 -1.9107610294372956 -1.3200216395348559 -0.3342697660229539 0.9788798416517459 2.0171221127604007 2.579392134474771 2.7991400701764313 2.70216628478582 2.421031273928635 1.7582287958001448 1.4005823579375234 1.1354613666861275 0.8427606750025392 0.38725078399342916 0.23155892671492495 0.11679178620677044 0.11590211845089327 -0.16434322465041484 -0.4481472387752312 -1.0442246352129336 -1.7701935240087026 -2.666978621932888 -2.231931089308953 -0.8565047387228515 1.054501600901305 1.960183376384262 2.7164009688798547 3.1256481365833517 3.326713049411592 3.058033387136687 2.732414988485644 2.379216889402408 2.0304671290985583 1.83829889382909 1.689724378597603 1.7929258382793545 2.256442739091359 2.897893191078797 3.541122978577989
-2.7995391175585858 -2.2844214869057056 -1.7168134586560728 -1.2906626035909095 -0.7977866668349582 -0.18836425405909818 0.6585994495359655 1.3222915954203327 2.0473708164602247 2.1817106475976766 2.151461943897853 2.0624951683101362 1.8898996236699657 1.6034266062775178 1.3125052501056838 1.1319026956626188 0.6826204789446491 0.3747954354111489 0.14970949317422555 0.0171489975485275 -0.15633621484752025 -0.18658491854734383 -0.39209817015496995 -0.636756803021191 -1.3075662909525754 -1.8013318954644038 -0.971271879231006 0.45842420446360266 1.4183757130550667 1.743104443950233 2.516225723807492 3.19860089256528 3.582047695348339 3.349844411064398 2.947714585407918 2.5509227662867016 2.405017254322846 2.3596441987731103 2.2484357292884645 2.3196091497586377 2.6301031965597694 3.084723419813002 3.4370318511403606
-2.322677200408424 -1.6109429957066896 -1.0629076580863543 -0.6474328160917171 -0.10473548500664442 0.6408060944184222 1.361436976678928 2.0126737739810148 1.9459486922902274 1.4584107620695392 1.4868801302576087 1.7155247435180407 1.5980885997422547 1.255566513729545 1.139020037709636 0.9646451575577113 0.7173175214238585 0.7110898471327183 0.43262383954316475 -0.02733439024533091 -0.25686867126164037 -0.21950262551479938 -0.3111384043701473 -0.5789283988891749 -0.8573944064787287 -0.36451846972277746 0.4495275269048311 1.4548520910460305 2.171924302283028 2.485977020107668 2.70839395907696 3.2929056746882592 3.694145832588862 3.687918158297722 3.302692020002908 2.9183555494639717 2.6505655549449445 2.6167581802216118 2.9984256474929167 3.1656831855978247 3.2822296616177336 3.1558968402831757 3.477066900154833
-1.4321197767753788 -0.8244766995112731 -0.5807077344009293 -0.16701222791804637 0.09277075679808666 1.0029008710604295 1.7288697598561984 2.171924302283028 1.9103619820551407 1.420155048566821 1.743104443950233 1.976197395990051 1.7181937467856723 1.1345716989302503 1.0180252229103413 0.9263894440549929 0.6835101467005262 0.5224802828867587 0.21109656832974988 -0.2444133226793599 -0.10740448827427596 -0.18480558303558947 -0.27911036515856935 -0.4445885677517225 -0.5326656755835621 0.2635869659265029 1.292932559476386 2.2973674558617088 2.7048352880534514 3.014439667098706 3.231518599532735 3.2306289317768577 3.5882753696394794 3.618524073339303 3.3614100918908014 2.9752942858401106 2.5126670527839834 2.363202869796619 2.745760004823801 3.122089465559843 3.206607902368174 3.0126603315869516 3.089171758592388
-0.5673627180627716 -0.17146056669743226 0.07319806616878921 0.0029143134544926674 0.06874972738940333 0.9815488449193774 1.8418575648525985 2.2866914427911826 2.03313613236619 1.768904808870671 2.09274387200996 1.9806457347694368 1.566950228286554 0.9664244930694654 0.9664244930694654 0.8747887142141173 0.5207009473750044 -0.16523289240629202 -0.47839594247505524 -0.3929878379108471 -0.03890007107173421 -0.19014358957085253 -0.18836425405909818 -0.3547321244081285 -0.14477053402111695 0.8667817044112227 1.8987963012287374 2.5295707401456493 2.887217178008271 3.184366208471245 3.188814547250631 3.188814547250631 3.476177232398956 3.406783147440537 3.1496691659920355 2.839175119190904 2.40056891554346 2.2057316770063604 2.2946984525940772 2.6728072488418735 2.6292135288038923 2.481528681328282 2.558040108333719
-0.1509982083122572 0.20753789730624117 0.2813803210440464 0.17817886136229477 0.1728408548270317 0.8792370529935032 1.7413251084384789 2.0171221127604007 1.875664939575931 1.689724378597603 1.6221096291509383 1.42994139388147 0.8196293133497328 0.6861791499681578 0.7093105116209639 0.7262141989826303 0.3667884256082543 -0.43658155794882836 -0.7381789271911883 -0.6340877997535594 -0.13409452095059127 -0.004203028592524749 0.0580737143188772 0.20575856179448682 0.4788865628487775 1.4317207293932244 2.0055564319339974 2.6016338283717 2.872982493914236 3.130986143118615 3.142551823945018 3.2297392640209805 3.501087929563517 3.372086104961327 3.156786508039053 2.8516304677731843 2.557150440577842 2.4290382837315296 2.4646249939666163 2.3293954950732867 2.1799313120859223 2.014453109492769 1.9361623469755784
-0.16790189567392355 0.1185711217185248 0.23244859447080213 0.3570020802936056 0.507355931036847 0.9459621346842906 1.1977381095975292 1.313394917861561 1.0126872163750782 1.0109078808633238 0.873009378702363 0.8329743296878904 0.31785669903501024 0.5046869277692154 0.5420529735160564 0.5411633057601792 0.21910357813264447 -0.2684343520880432 -0.6162944446360159 -0.494409962080844 0.1203504572302787 0.6256817425685102 0.8311949941761361 0.9762108383841144 1.1514753862919165 1.8872306204023341 2.3382921726320585 2.5215637303427547 2.7386426627767837 3.0028739862723026 3.0873924230806336 3.2101665733916827 3.5429023140897433 3.686138822785968 3.4468181964550095 3.00999132831932 2.5882888120335426 2.491315026642931 2.3347335016085498 2.128330582245047 1.7520011215090048 1.5233565082485727 1.4601900975812936
