static/data/seaWind_vo/2023/7/21/18.asc
ncols 137
nrows 93
xllcorner 108.0
yllcorner 17.0
cellsize 0.25
NODATA_value -32767
[rows 0 to 18 of 93, columns 88 to 131 of 137]
4.487729470831296 4.705698071021202 4.686125380391904 4.556233888033837 4.425452727919894 4.28221621922367 4.137200375015691 3.994853534075345 3.635427760700969 3.179917869691859 2.638110206362664 2.1274409144891697 1.609654280568658 1.217310800226827 1.0722949560188486 1.392575348134629 1.9406106857549643 2.7315253207297667 3.3836517857877304 3.5651440079866727 3.3053610232705397 2.495763365422317 1.6710413557241823 0.8792370529935032 0.25646962387948546 -0.23729598063234247 -0.6438741450682084 -0.7675379631351347 -0.9205608171460073 -1.1109497169037215 -1.4232230992166075 -1.967699765813434 -2.5531011491806104 -3.1838755880975227 -3.549529035763038 -3.3733748200993596 -2.5851291883921887 -0.5041963073954929 1.5411498633661158 2.5509227662867016 1.3623266444348052 0.6470337687095622 0.48867290816342646 0.9993422000369208
3.8765277225436816 4.200366785682971 4.381859007881912 4.315133926191125 4.218160140800514 4.093606654977711 3.9396941332109607 3.735070549359212 3.3836517857877304 2.935259236825638 2.348078517946707 1.8285125485144411 1.420155048566821 1.1906207675505118 1.330298605223227 1.7012900594240061 2.2493253970443416 2.9708459470607247 3.325823381655715 3.2893470036647505 2.8961138555670427 2.0998612140569772 1.292932559476386 0.5180319441073729 -0.00687203186015628 -0.42145720609891635 -0.7621999565998716 -1.0379969609217938 -1.2372825382382793 -1.4463544608694137 -1.723041132947213 -2.280862815882197 -2.8529191829112164 -3.369816149075851 -3.8422297274466266 -3.5059353157250572 -2.3031045097791263 -0.35295278889637416 2.1309995855126784 2.6665795745507332 2.0651641715777678 0.5607359963894769 0.07853607270405183 0.05273570778361414
3.2493119546502784 3.740408555894475 4.123855358677535 4.191470108124199 4.099834329268851 3.979729182225433 3.8338236702615776 3.485963577713605 3.0687094002072133 2.6096408381745944 2.156799950433116 1.6817173687947085 1.3374159472702445 1.2101934581798095 1.5954195964746232 2.1434549340949585 2.7715603697442392 3.1434414917008953 3.2199529187063316 2.972625282572479 2.4566179841637217 1.641682319780236 0.9094857566933268 0.24045560427369672 -0.37341514728154923 -0.7977866668349582 -1.1029427071008269 -1.2773175872527518 -1.542438578504148 -1.8493739542817704 -2.231041421553076 -2.7176896840178864 -3.1278265194772605 -3.4970386381662855 -3.8973891283110107 -3.465010598954707 -2.1305089651389557 -0.04245874209524292 2.0740608491365395 2.565157450380736 2.042922477680839 0.7635802447294713 0.01447999428089597 -0.23017863858532506
3.5633646724749184 3.7724365951060532 4.020653898995783 4.043785260648589 4.0135365569487655 3.889872738881839 3.6496624447950037 3.3187060396086974 2.91568654619634 2.515336056051615 2.183489983109431 1.8009328480822488 1.627447635686201 1.6238889646626926 2.165696627991888 2.7671120309648534 3.349844411064398 3.280450326105979 2.925472891510989 2.522453398098632 1.8667682620171595 1.12834402463911 0.42550649749614755 -0.18658491854734383 -0.7363995916794339 -1.1109497169037215 -1.368063698352223 -1.5798046242509889 -1.846704951014139 -2.1838890304915854 -2.5851291883921887 -3.040639079401298 -3.44543790832541 -3.7906289976057512 -3.8475677339818897 -2.916085593578495 -1.400981405319678 0.7004138340621924 1.6461306585596218 1.7395457729267245 1.3285192697114727 1.6105439483245352 1.2893738884528774 0.9619761542900798
4.377410669102527 4.428121731187526 4.111400010095254 3.8373823412850863 3.8071336375852622 3.6380967639686004 3.3516237465761525 3.0687094002072133 2.8382854514350266 2.5135567205398606 2.352526856726093 2.2199663611003952 2.09274387200996 2.340071508143813 2.792912395885291 3.2777813228383477 3.296464345711768 3.009101660563443 2.542915756483807 1.8285125485144411 1.1025436597186722 0.4521965301724624 -0.1509982083122572 -0.7577516178204857 -1.168778121035737 -1.4285611057518701 -1.6741094063739683 -1.8814019934933488 -2.057556209157028 -2.412533643752018 -2.9089682515314776 -3.3271120967937464 -3.6972138832386485 -3.8217673690614515 -3.7123382350885605 -2.815553137164375 -1.051341977259951 1.1665997381418283 2.260891077870745 1.5954195964746232 1.0206942261779728 1.1105506695215668 1.0509429298777966 0.7084208438650867
5.016192117822333 4.626517640748133 4.258195189814987 3.709270184438774 3.456604541769658 3.287567668152996 3.0909510941041423 2.947714585407918 2.728856317462135 2.6514552227008212 2.608751170418717 2.5615987793572277 2.786684721594151 3.067819732451336 3.340947733505627 3.085613087568879 2.9637286050137073 2.405906922078723 1.7181937467856723 0.9993422000369208 0.3676780933641315 -0.15366721157988872 -0.7497446080175911 -1.1572124402093342 -1.4739341613016057 -1.7497311656235275 -2.005955479316152 -2.2087997276561464 -2.42765799560193 -2.7595040685441137 -3.2159036273091 -3.5575360455659326 -3.819988033549697 -3.9409828483489924 -3.6082471076509317 -2.580680849612803 -0.8111316831731159 1.2778082076264743 2.4975427009340714 1.9023549722522461 1.0936469821599006 0.863223033387714 0.6336887523714048 0.08120507597168336
5.323127493599957 4.9316736810140025 4.324920271505774 3.731511878335703 3.4308041768492203 3.085613087568879 2.891665516787657 2.8053677444675715 2.8009194056881856 2.7306356529738895 2.7857950538382736 3.046467706310284 3.2715536485472074 3.452156202990272 3.2039388991005424 2.946824917652041 2.2537737358237275 1.5740675703335711 0.899699411378678 0.37212643214351737 -0.19637126386199277 -0.7079302234913643 -1.0922666940303007 -1.485499842128009 -1.7799798693233515 -2.106487935730272 -2.361822581667019 -2.6438472602800815 -2.980141672001651 -3.3128774126997116 -3.495259302654531 -3.760380293905927 -3.989024907166359 -3.5966814268245284 -3.2176829628208545 -2.2452761056471107 -1.141198420603545 0.8000566227204351 1.647020326315499 1.5980885997422547 0.7876012741381548 0.745786889611928 0.5740810127276346 0.018928333060281854
5.499281709263636 5.089144873804262 4.468156780201998 3.8969900809288562 3.422797167046326 3.0704887357189676 2.887217178008271 2.8338371126556408 2.798250402420554 2.8961138555670427 2.9797426246194965 3.2101665733916827 3.337389062482118 3.2777813228383477 2.8658651518672187 2.187938321888817 1.4913284690369946 0.8400916717349076 0.27960098553229207 -0.18925392181497536 -0.6287497932182964 -1.0637973258422315 -1.4570304739399398 -1.7710831917645797 -2.0931429193921143 -2.456127363789999 -2.7639524073234996 -3.0869018027069113 -3.4365412307666383 -3.5833364104863707 -3.7710563069764533 -4.020163278622061 -3.480134950804619 -2.640288589256573 -2.38050560454044 -1.8787329902257173 -0.8262560350230275 0.2920563341145721 0.6132263939862299 0.5456116445395651 0.6621581205594742 0.7635802447294713 0.639916426662545 0.4984592534780752
5.4708123410755665 5.0820275317572445 4.683456377124273 4.108731006827623 3.635427760700969 3.263546638744313 3.085613087568879 2.9761839535959878 2.9005621943464286 3.0695990679630905 3.0749370744983535 3.131875810874492 3.0286743511927408 2.5776127989630164 2.029577461342681 1.4779834526988371 0.8009462904763123 0.2707043079735203 -0.12964618217120538 -0.5673627180627716 -1.0059689217102155 -1.3716223693757317 -1.7088064488531782 -2.0095141503396605 -2.370719259225791 -2.7577247330323593 -3.0468667536924383 -3.345795119667167 -3.6278197982802296 -3.6135851141861948 -3.8217673690614515 -3.7363592644972434 -3.0530944279835786 -1.8440359477465074 -1.5157485458278326 -1.3422633334317848 -0.3004623912996216 0.40771314237860423 0.7395592153207877 0.8009462904763123 1.037597913539639 0.8899130660640291 0.8000566227204351 0.9139340954727126
5.375617891196709 5.115834906480576 4.785768169050147 4.433459737722789 3.9868465242724502 3.540233310822112 3.2857883326412423 3.163014182330193 3.067819732451336 3.082054416545371 3.031343354460372 2.70216628478582 2.3712098795995136 1.7813601574529514 1.3125052501056838 0.7973876194528036 0.3160773635232559 -0.0727074457950665 -0.45081624204286275 -0.85383573545522 -1.3333666558730135 -1.6999097712944065 -2.0495491993541335 -2.3751675980051767 -2.500610751583858 -2.711462009726746 -3.020176721016124 -3.1278265194772605 -3.320884422502606 -3.2078966175062056 -3.1287161872331377 -2.9134165903108635 -2.536197461818944 -2.07268056100694 -1.5015138617337982 -0.8378217158494308 0.38814045174930634 0.8934717370875378 0.9441827991725362 0.9868868514546405 1.0829709690893745 0.655930446268334 0.6541511107565796 0.7493455606354367
5.556220445639775 5.195905004509521 4.817796208261726 4.48950880634305 4.26353319635025 3.8329340025057004 3.5535783271602694 3.331161388190978 3.169241856621333 2.8907758490317796 2.425479612708021 1.9023549722522461 1.4068100322286636 0.9406241281490277 0.5607359963894769 0.24579361080895978 -0.08071445559796109 -0.4276848803900566 -0.8031246733702213 -1.22126851863249 -1.6616540577916883 -1.9285543845548383 -2.2337104248207074 -2.4401133441842098 -2.451679025010613 -2.5789015141010485 -2.5851291883921887 -2.486376067489823 -2.2452761056471107 -2.460575702569385 -2.385843611075703 -1.957023752742908 -1.4116574183902042 -0.9303471624606563 -0.3413871080699713 0.2787113177764149 0.6683857948506142 0.7564629026824539 0.7253245312267531 0.655930446268334 0.7226555279591216 0.5207009473750044 0.49579025021044365 0.48066589836053186
5.464584666784426 5.018861121089965 4.620289966456994 4.315133926191125 4.150545391353849 3.806243969829385 3.486853245469482 3.1194204622922115 2.6523448904566984 2.1959453316917115 1.6834967043064628 1.1710480769212142 0.7102001793768411 0.3712367643876402 0.04828736900422825 -0.22039229327067655 -0.4339125546811968 -0.7061508879796099 -1.051341977259951 -1.4436854576017821 -1.8333599346759812 -2.1981237145856203 -2.456127363789999 -2.5682255010305224 -2.5077280936308752 -2.6180468953596434 -2.5041694226073665 -2.2835318191498284 -2.0335351797483443 -2.0797979030539575 -1.5895909695656378 -0.6732331810121548 0.37657477092290326 0.8222983166173643 1.1381303699537588 1.2964912304998948 1.0473842588542879 1.4165963775433124 1.3694439864818224 1.12834402463911 0.905927085669818 0.6479234364654394 0.38102310970228914 0.011810991013264438
5.121172913015839 4.545557874963311 4.23506382816218 4.031329912066308 3.7475258979414923 3.2937953424441364 2.8863275102523938 2.4877563556194224 1.991321747839963 1.5153494984456781 1.038487581295516 0.6132263939862299 0.22355191691203036 -0.07715578457445238 -0.33160076275532235 -0.569142053574526 -0.7533032790410998 -1.0121965960013557 -1.3538290142581881 -1.7159237909001956 -2.0557768736452737 -2.416092314775527 -2.601143207997978 -2.691889319097448 -2.8235601469672695 -2.721248355041395 -2.3538155718641245 -1.8413669444788758 -1.712365119876687 -1.2328341994588934 -0.22661996756181635 0.8436503427584163 1.8107191933968978 1.6381236487567272 1.806270854617512 1.8320712195379498 1.6959520528887433 1.7404354406826017 1.5260255115162042 1.255566513729545 1.000231867792798 0.4379618460784278 -0.013099706151296076 -0.7559722823087314
4.540219868428048 3.979729182225433 3.62564141538632 3.3889897923229935 2.8836585069847622 2.489535691131177 2.0651641715777678 1.6861657075740943 1.3196225921527012 0.9174927664962214 0.5883156968216692 0.20575856179448682 0.028714678374930802 -0.23106830634120223 -0.4730579359397922 -0.6990335459325925 -0.9481405175781998 -1.1634401145004745 -1.4739341613016057 -1.832470266920104 -2.2434967701353563 -2.555770152448242 -2.7595040685441137 -2.826229150234901 -2.7986494498027086 -1.941899400892996 -0.7470756047499596 -0.09939747847138136 0.3223050378143961 0.40949247789035836 0.9708728318488513 0.8276363231526274 1.2110831259356867 1.1941794385740205 1.3329676084908586 1.3854580060876116 1.1577030605830567 1.3783406640405942 1.223538474517967 1.0927573144040235 0.8810163885052573 0.16661318053589147 -0.6554398258946112 -1.4739341613016057
3.448597531966764 3.2101665733916827 2.8329474448997636 2.399679247787583 1.8818926138670713 1.59008158993936 1.318732924396824 0.9566381477548167 0.7555732349265767 0.4797762306046547 0.17106151931527735 -0.004203028592524749 -0.17235023445330944 -0.3965465089343554 -0.5139826527101419 -0.7212752398295219 -0.9428025110429368 -1.0913770262744236 -1.4089884151225727 -1.7835385403468602 -2.147412652500622 -2.317339193873161 -2.261290125252899 -2.28620082241746 -1.682116416176863 -0.22573029980593917 0.8881337305522747 1.4183757130550667 1.7911465027676001 1.4753144494312056 0.618564400521493 0.3632297545847458 0.7164278536679813 0.5794190192628976 0.6381370911507906 0.5384943024925477 0.5900950323334235 0.6479234364654394 0.4086028101344812 0.24401427529720543 0.03672168817782495 -0.45793358408988016 -1.3226906428024874 -2.267517799544039
2.4468316388490727 2.2964777881058316 2.003777096422243 1.5696192315541855 1.1932897708181434 0.9174927664962214 0.6470337687095622 0.4797762306046547 0.3196360345467646 0.08298441148343771 -0.046907080874628804 -0.22128196102655373 -0.31558674314953317 -0.37608415054918076 -0.494409962080844 -0.5904940797155782 -0.7159372332942588 -0.7684276308910118 -0.7381789271911883 -1.10828071363609 -1.300448948905558 -1.2924419391026638 -1.2239375219001216 -0.4276848803900566 0.25380062061185393 1.1523650540477937 1.165710070385951 1.689724378597603 1.7715738121383025 1.2377731586120018 0.3828024452140435 0.022487004083790563 0.3819127774581663 0.2626972981706257 0.13013680254492765 0.03138368164256233 -0.1465498695328713 -0.31558674314953317 -0.5513486984569829 -0.6260807899506649 -0.8031246733702213 -1.2613035676469626 -2.052218202621765 -2.9970453593633173
1.7511114537531276 1.784029160720583 1.4913284690369946 1.1692687414094598 0.8721197109464858 0.5376046347366705 0.2511316173442224 0.08387407923931489 -0.05580375843340013 -0.15900521811515178 -0.2880070427173411 -0.33960777255821695 -0.42145720609891635 -0.4517059097987399 -0.5762593956215434 -0.6714538455004004 -0.494409962080844 -0.2604273422851491 -0.23106830634120223 0.23066925895904777 0.13369547356843636 0.12657813152141895 0.9103754244492039 1.710186736982778 1.9922114155958401 1.2368834908561246 1.2493388394384048 0.8436503427584163 0.8062842970115753 0.3836921129699207 0.16750284829176865 -0.19281259283848406 0.348995070490711 0.2582489593912398 0.12568846376554177 -0.1990402671296243 -0.6687848422327689 -0.8680704195492543 -1.3662843628404686 -1.4401267865782734 -1.528203894410113 -1.6296260185801104 -2.4232096568225443 -3.1687512362476107
1.1719377446770913 1.3231812631762099 1.2137521292033182 0.8970304081110465 0.655930446268334 0.2929460018704493 0.0011349779427383133 -0.2639860133086578 -0.4241262093665479 -0.43925056121645945 -0.32715242397593647 -0.3627391342110231 -0.45081624204286275 -0.45437491306637146 -0.5709213890862803 -0.08961113315673286 0.22888992344729342 0.5331562959572849 0.7262141989826303 1.3000499015234035 1.1977381095975292 1.139020037709636 1.9859837413047 2.452169645384336 2.3854445636935484 1.1772757512123544 0.34632606722307946 -0.17590890547681814 -0.22128196102655373 -0.3413871080699713 -0.4766166069633009 -0.12964618217120538 0.6514821074889481 0.4788865628487775 0.20575856179448682 -0.1136321625654162 -0.562024711527509 -0.9205608171460073 -1.517527881339587 -2.361822581667019 -2.416981982531404 -2.142964313721236 -2.4783690576869284 -3.1740892427828737
0.6327990846155276 0.6763928046535088 0.6292404135920189 0.5892053645775464 0.37301609989939455 0.08120507597168336 -0.14388086626523977 -0.44725757101935404 -0.48729262003382656 -0.3342697660229539 -0.1776882409885725 0.03672168817782495 0.059853049830631555 0.28760799533518666 0.6523717752448253 1.3863476738434888 1.8765546073318082 1.5722882348218168 1.5936402609628688 1.4486244167548905 1.0829709690893745 1.148806383024285 1.6834967043064628 2.03313613236619 1.2778082076264743 0.5553979898542141 -0.29779338803199007 -0.896539787737324 -0.8885327779344294 -0.701702549200224 -0.36807714074628617 0.11590211845089327 0.5794190192628976 0.31429802801150153 -0.007761699616033457 -0.2186129577589222 -0.32448342070830494 -0.9081054685637273 -2.396519624146229 -3.5130526577720746 -3.061101437786473 -2.60648121453324 -3.0717774508569993 -4.080660686021707
