static/data/seaWind_vo/2023/7/21/6.asc
ncols 137
nrows 93
xllcorner 108.0
yllcorner 17.0
cellsize 0.25
NODATA_value -32767
[rows 19 to 37 of 93, columns 43 to 85 of 137]
-0.5851560731803152 -0.4401402289723366 -0.030893061268839617 0.34009839293193944 0.9432931314166593 1.6932830496211118 2.769781034232485 3.681690484006582 4.455701431619717 5.012633446798825 5.283092444585484 5.518854399892934 5.553551442372143 5.490385031704864 5.2359400535239935 4.91032165487295 4.535771529648663 4.2128221342652505 4.508191829216471 4.559792559057346 4.421004389140508 3.953039149549118 3.995743201831222 4.162111072180252 4.49573648063419 4.840927569914531 5.122952248527594 5.214588027382942 5.10515889341005 4.418335385872877 3.7813332726648246 3.56603367574255 3.62564141538632 3.472618561375447 2.8373957836791495 2.352526856726093 2.1852693186211853 2.518894727075123 2.5607091116013505 2.3658718730642505 1.821395206467424 0.7466765573678051 -0.25686867126164037
-1.3698430338639773 -1.3653946950845914 -0.6509914871152258 0.3570020802936056 1.5509362086807648 2.5971854895923143 3.491301584248868 4.200366785682971 4.878293615661372 5.664759911856789 5.89696319614073 5.756395690712138 5.362272874858552 4.9565843781785635 4.698580728974185 4.531323190869277 4.320471932726388 3.9726118401784154 4.402321366267088 4.788437172317779 4.959253381446195 4.633634982795151 4.313354590679371 4.231505157138671 4.34182395886744 4.499295151657699 4.890748964243652 5.279533773561975 5.628283533865825 5.759954361735646 5.225264040453467 4.321361600482265 3.5429023140897433 3.1443311594567724 2.8427337902144125 2.6212065190009977 2.500211704201703 2.4228106094403894 2.1754829733065364 1.9993287576428573 1.4753144494312056 0.1594958384888745 -1.0842596842274062
-1.907202358413787 -2.0237488344336954 -1.098494368321441 0.3151876957673787 1.6826070365505856 2.7359736595091526 3.698594171368248 4.334706616820423 4.714594748579973 5.0766895252219815 5.1113865677011905 5.190566997974258 5.093593212583647 5.140745603645136 5.134517929353997 5.054447831325051 4.7466227877915514 3.9468114752579777 4.2626435285943725 4.835589563379268 5.19946367553303 5.264409421712063 5.084696535024875 4.922777003455231 4.69057371917129 4.437018408746297 4.613172624409977 4.864948599323215 5.189677330218381 5.58913815260723 5.3507071940321485 4.481501796540156 3.511763942634043 2.8605271453319556 2.4094655931022317 2.2057316770063604 2.109647559371626 1.9530660343372448 1.2404421618796333 0.8053946292556982 0.2297795912031706 -0.5255483335365447 -1.1963578214679296
-1.6465297059417763 -1.543328246260025 -0.6634468356975058 0.6105573907185984 1.6194406258833067 2.421920941684512 3.56603367574255 4.393424688708317 4.830251556844006 4.920997667943476 4.863169263811461 4.9067629838494415 4.919218332431722 4.935232352037511 5.242167727815135 5.389852575290744 5.0766895252219815 3.9290181201404346 4.444135750793315 5.023309459869351 5.63629054366872 5.905859873699502 5.882728512046695 5.7305953257916995 5.469033005563812 4.899645641802424 4.503743490437085 4.546447542719189 4.274209209420776 4.324920271505774 4.219049808556392 3.793788621247105 2.9744046180842334 1.9397210179990871 1.1710480769212142 0.9343964538578875 0.7653595802412256 0.5900950323334235 0.11590211845089327 -0.07982478784208391 -0.5184309914895278 -0.2666550165762893 -0.7666482953792575
-0.9819478923015321 -0.7675379631351347 0.03405268491019342 1.0607292751924453 1.9690800539430338 2.584730141010034 3.470839225863693 4.227056818359285 4.726160429406377 4.9201080001876 5.001957433728299 4.8969766385347935 4.800002853144182 4.790216507829533 5.138966268133382 5.429887624305216 5.035764808451631 4.410328376069982 4.796444182120673 5.310672145017676 5.791092733191347 6.203008904162475 6.412080826793609 6.295534350773701 6.186994884556686 5.711022635162402 5.29376845765601 4.853382918496812 4.038447254113326 3.2893470036647505 2.807147079979326 2.1149855659068892 1.6514686650948849 1.1523650540477937 0.7128691826444726 0.5909847000893007 0.4308445040314104 0.29472533738220363 0.3828024452140435 0.13903348010369943 -0.07804545233032956 -0.15900521811515178 -0.8556150709669743
-0.17679857323269532 0.027825010619053625 0.6692754626064914 1.1514753862919165 2.00466676417812 2.5171153915633693 3.141662156189141 3.76709858857079 4.4423564152815604 4.8382585666469 5.0508891603015424 5.064234176639701 4.89163863199953 4.695911725706553 4.814237537238217 4.929004677746371 4.760857471885586 4.54911654598682 4.953915374910932 5.298216796435396 5.619386856307053 5.761733697247401 6.029523691766428 6.168311861683266 6.292865347506069 6.030413359522305 5.879169841023186 5.303554802970659 4.299119906585336 2.711952630100469 1.795594841546986 1.3231812631762099 1.2306558165649844 1.4601900975812936 1.6870553753299715 1.5740675703335711 1.4272723906138385 1.286704885185246 1.2911532239646317 0.6826204789446491 0.42105815871676167 -0.29512438476435854 -1.1367500818241592
0.6256817425685102 0.693296492015175 0.8107326357909612 1.2938222272322633 1.5820745801364655 2.002887428666366 2.457507651919599 2.9486042531637953 3.6238620798745655 4.611393288898222 4.975267401051983 5.001067765972422 4.830251556844006 4.633634982795151 4.534881861892785 4.408549040558228 4.2928922322941965 4.303568245364723 4.729719100429886 4.940570358572774 5.095372548095401 5.238609056791626 5.344479519741009 5.574013800757317 5.779527052364943 5.7056846286271385 5.553551442372143 5.244836731082765 4.290223229026564 2.549143430774947 1.287594552941123 0.8134016390585928 1.8534232456790019 2.8373957836791495 3.083833752057125 2.9050105331258145 2.759994688917836 2.5767231312071393 2.1496826083860987 1.5064528208869064 0.6915171565034206 -0.12964618217120538 -1.2194891831207357
0.9290584473226244 0.8836853917728889 0.8952510725992922 1.1149990083009527 1.3258502664438414 1.5402601956102386 1.6060956095451493 2.09274387200996 2.9690666115489703 4.125634694189289 4.691463386927167 4.646090331377431 4.474384454493139 4.358727646229107 4.322251268238142 4.226167150603408 4.093606654977711 4.104282668048237 4.168338746471393 4.356058642961475 4.498405483901822 4.758188468617955 4.842706905426286 5.239498724547502 5.304444470726536 5.215477695138819 5.271526763759081 4.982384743099001 4.4227837246522625 3.0171086703663375 1.7608977990677763 0.937065457125519 2.263560081138376 3.622972412118689 3.979729182225433 3.7973472922706133 3.7288428750680715 3.534005636530972 3.0028739862723026 2.5464744275073157 1.7359871019032158 0.9308377828343788 -0.14921887280050283
0.48066589836053186 0.6292404135920189 0.9406241281490277 1.186172428771126 1.3258502664438414 1.4326103971491015 1.281366878649983 1.5696192315541855 2.421920941684512 3.5215502879486915 4.16922841422727 4.106951671315868 4.100723997024728 3.995743201831222 3.985956856516573 3.958377156084381 3.8035749665617535 3.7190565297534226 3.689697493809476 3.7493052334532466 4.082040974151307 4.4726051189813845 5.015302450066456 5.511737057845917 5.5660067909544235 5.726146987012314 5.844472798543977 5.918315222281782 5.738602335594594 4.521536845554628 3.211945908903437 2.2244146998797807 2.2439873905090786 3.4530458707461493 4.134531371748061 4.504633158192962 4.552675217010329 4.48950880634305 4.099834329268851 3.7226152007769313 3.2146149121710685 2.553591769554333 2.5304604079015265
0.08565341475106925 0.8712300431906086 1.1826137577476172 1.1977381095975292 1.1763860834564772 1.2733598688470884 1.434389732660856 1.652358332850762 2.104309552836363 2.8062574122234487 3.2768916550824705 3.591834040662988 3.735070549359212 3.7590915787678956 3.6683454676684244 3.689697493809476 3.626531083142197 3.5847166986159706 3.6167447378275486 3.630979421921583 4.066916622301395 4.662994018739099 5.324017161355833 5.911197880234765 6.193222558847827 6.420977504352381 6.571331355095623 6.6496221176128145 6.47524723746089 5.792872068703101 4.780430162514884 4.055350941474992 3.676352477471319 4.138979710527446 4.712815413068219 5.143414606912769 5.361383207102675 5.619386856307053 5.372059220173201 4.893417967511285 4.389866017684808 4.000191540610608 4.204815124462357
0.9815488449193774 1.132792363418496 1.18172408999174 1.0224735616897271 0.8436503427584163 0.8489883492936794 1.0989849886951635 1.3854580060876116 1.801822515838126 2.348968185702584 2.8365061159232723 3.316037036341066 3.618524073339303 3.72617387180044 3.6211930766069345 3.622972412118689 3.609627395780531 3.675462809715442 3.8231476571910514 3.836492673529209 4.116738016630517 4.610503621142345 5.2590714151768 5.964577945587394 6.410301491281855 6.541972319151677 6.5642140130486055 6.453005543563959 5.911197880234765 5.401418256117147 5.135407597109873 5.150531948959786 5.2910994543883785 5.64251821795986 6.052655053419234 6.274182324632649 6.2893066764825605 6.275071992388526 5.812444759332399 5.304444470726536 4.929894345502248 4.713705080824097 4.187021769344813
1.6123232838362895 1.4521830877783992 1.2733598688470884 1.07496395928648 0.8676713721670999 0.8231879843732415 0.9646451575577113 1.1559237250713024 1.5260255115162042 2.0322464646103127 2.5785024667188936 3.084723419813002 3.585606366371848 3.856065364158507 3.9245697813610487 3.868520712740787 3.8943210776612247 4.0135365569487655 4.166559410959638 4.162111072180252 4.121186355409902 4.366734656032001 4.773312820467867 5.528640745207582 6.321334715694139 6.813320984694213 6.972571512996225 6.878266730873246 6.212795249477124 5.768851039294418 5.553551442372143 5.556220445639775 5.7501680164209965 6.068669073025023 6.353362754905717 6.471688566437381 6.456564214587468 6.12293880613353 5.743940342129857 5.426328953281708 5.391631910802499 5.375617891196709 5.018861121089965
1.6986210561563748 1.604316274033395 1.4628591008489251 1.4076996999845408 1.3000499015234035 1.4833214592341002 1.5171288339574325 1.5438188666337473 1.38278900281998 1.5767365736012027 2.1923866606682028 2.8196024285616064 3.4290248413374664 4.029550576554555 4.091827319465956 3.9503701462814864 4.026881573286923 4.151435059109726 4.2226084795799 4.229725821626917 4.182573430565427 4.146097052574463 4.483281132051911 5.185228991438995 6.162084187392126 6.694105505406672 6.922750118667103 6.783072280994389 6.2901963442384385 6.122049138377653 5.792872068703101 5.4761503476108295 5.499281709263636 5.57668280402495 5.41921161123469 5.48860569619311 5.471702008831444 5.283092444585484 5.248395402106274 5.2314917147446085 5.1718839751008385 4.853382918496812 4.409438708314105
1.8463059036319844 1.6496893295831305 1.5322531858073443 1.493107804548749 1.6487996618272533 1.8249538774909326 1.8231745419791783 1.6559170038742708 1.493107804548749 1.3116155823498066 1.796484509302863 2.489535691131177 3.452156202990272 4.102503332536482 4.278657548200162 4.119407019898148 4.220829144068146 4.418335385872877 4.509081496972348 4.544668207207435 4.465487776934367 4.427232063431648 4.559792559057346 5.156759623250926 6.022406349719411 6.401404813723083 6.621152749424745 6.530406638325273 6.388949465140804 6.454784879075714 5.995716317043096 5.628283533865825 5.008185108019439 4.840927569914531 4.579365249686644 4.144317717062709 4.019764231239906 3.6736834742036875 3.641655434992109 3.5953927116864968 3.231518599532735 2.80269874119994 2.251994400311973
1.9423900212667187 1.705738398203392 1.5722882348218168 1.5109011596662922 1.652358332850762 1.796484509302863 1.7359871019032158 1.5527155441925191 1.2991602337675263 1.1559237250713024 1.679938033282954 2.430817619243284 3.3952174666141337 4.455701431619717 4.689684051415413 4.590930930513047 4.646979999133309 4.84448624093804 4.912100990384705 4.993950423925405 4.865838267079092 4.7217120906269905 4.852493250740935 5.155869955495049 5.761733697247401 6.1514081743216 6.249271627468088 6.162973855148003 6.325783054473525 6.8382316818587725 6.382721790849663 5.429887624305216 4.620289966456994 4.166559410959638 3.6959251681006164 3.2608776354766813 2.840954454702658 2.438824629046178 2.203062673738729 1.7466631149737417 1.381899335064103 0.6354680878831591 -0.02110671595419067
1.89167895918172 1.753780457020759 1.5776262413570799 1.5162391662015553 1.4566314265577849 1.5767365736012027 1.499335478839889 1.191510435306389 0.937065457125519 0.9859971836987633 1.5820745801364655 2.3516371889702157 3.7341808816033346 4.800892520900058 5.1665459685655755 5.233271050256363 5.274195767026712 5.35337619729978 5.40675626265241 5.491274699460741 5.154980287739171 5.009964443531193 4.945908365108037 5.175442646124347 5.523302738672319 5.710132967406524 5.80888608830889 5.993047313775463 6.243933620932825 6.856025036976316 6.74481656749167 5.789313397679592 4.416556050361122 3.5900547051512337 3.1389931529215094 2.7938020636411682 2.3720995473553907 1.9468383600461046 1.3267399341997184 0.856995359096574 0.21732424262089012 -0.5557970372363688 -1.188350811665035
1.6906140463534802 1.7493321182413732 1.5509362086807648 1.3596576411671737 1.266242526800071 1.2208694712503356 0.995783529013412 0.6817308111887719 0.7564629026824539 0.8347536651996448 1.4121480387639265 2.279574100744165 3.688807826053599 5.041992482742772 5.481488354146093 5.70212595760363 5.999274988066604 6.0793450860955485 6.018847678695902 5.978812629681429 5.553551442372143 5.374728223440832 5.302665135214782 5.370279884661446 5.409425265920042 5.549103103592757 5.523302738672319 5.786644394411961 6.08557276038669 6.650511785368691 6.590014377969043 6.036641033813445 4.575806578663135 3.4290248413374664 2.920134884975726 2.575833463451262 2.320498817514515 1.9050239755198777 1.1835034255034944 0.45931387221947984 -0.187474586303221 -0.7497446080175911 -1.1403087528476679
1.2831462141617374 1.5162391662015553 1.403251361205155 1.2057451194004236 1.0037905388163066 0.7778149288235059 0.33653972190843073 0.2600282949029942 0.4112718134021127 0.9068167534256952 1.5295841825397127 2.362313202040742 3.5304469655074633 4.832920560111637 5.7305953257916995 6.402294481478961 6.771506600167985 6.8684803855585965 6.783072280994389 6.390728800652559 5.998385320310726 5.872052498976169 5.912087547990641 5.944115587202219 5.901411534920116 5.768851039294418 5.6798842637067 5.574903468513195 5.7003466220918755 6.118490467354144 6.058882727710374 5.591807155874861 4.553564884766207 3.199490560321157 2.6345515353391553 2.3240574885380236 2.1309995855126784 2.0740608491365395 1.6247786324185696 0.8071739647674525 0.13547480908019072 -0.4125605285401446 -0.4606025873575117
0.9468518024401678 1.0607292751924453 1.0456049233425335 0.9521898089754308 0.7271038667385075 0.5509496510748282 0.29739434064983516 0.38102310970228914 0.5829776902864061 1.0705156205070943 1.6363443132449729 2.5740541279395077 3.5749303533013217 4.790216507829533 5.964577945587394 7.012606562010697 7.460109443216913 7.50548249876665 7.2830655597973575 6.756382248318074 6.478805908484398 6.47791624072852 6.5642140130486055 6.395177139431944 6.131835483692302 6.040199704836954 5.978812629681429 5.866714492440906 5.632731872645211 5.485936692925478 5.308892809505922 4.899645641802424 4.155883397889112 2.8640858163554643 2.042922477680839 1.7466631149737417 1.84452656812023 2.209290348029869 2.289360446058814 2.0651641715777678 1.5322531858073443 0.9637554898018341 0.6977448307945608
