static/data/ASCData/20210102/ASCU/00.asc
ncols 97
nrows 97
xllcorner 99.0
yllcorner 2.0
cellsize 0.25
NODATA_value -32767
[rows 57 to 75 of 97, columns 0 to 42 of 97]
-3.082585295180258 -2.96033057236885 -2.5620246854492827 -2.8177815655707485 -3.1195062214693032 -3.5601122424816176 -3.913428391406587 -3.8735733517700677 -3.822715387080522 -4.272857276472126 -4.383375545893639 -4.375551243633709 -3.7065734004096846 -2.7632559591968606 -1.918475824570031 -1.465399821830953 -1.5248156171172973 -1.42432223496632 -1.5257936548997886 -1.1460704858475554 -0.5756299492095258 -0.20446461075409106 -0.5237939467374888 -0.8362770182434476 -1.2602563969534104 -1.2563442458234453 -1.3705301569293005 -1.3147820033272983 -1.3108698521973334 -1.2446077924335501 -1.2074423566988823 -1.700617908520102 -2.389156507393952 -3.3011767395670555 -3.030749292708221 -2.0727612847580277 -0.064849717303463 -1.7240908152998924 -2.0111449044610783 -1.0952125211580097 -0.5609593824721566 -1.582519846284282 -3.2231782264133773
-3.364749195428988 -2.820715678918222 -2.989671705843588 -3.4300332174102794 -3.9740667339210454 -4.383375545893639 -3.987759262875923 -3.8794415784650154 -3.8129350092556096 -3.9789569228335013 -3.987759262875923 -3.619528037767962 -2.963264685716324 -2.3392765804868976 -1.5209034659873324 -1.5463324483321053 -1.6624744350029428 -1.1460704858475554 -1.6771450017403118 -2.156628024606654 -1.6761669639578205 -1.209398432263865 -1.1040148612004308 -1.4047614793164946 -1.2710148125608143 -1.1859255254840742 -0.9944746295614095 -0.9458172498824688 -1.021859687471165 -1.2641685480833755 -1.2671026614308494 -1.4729796146452603 -2.119462588871986 -1.4595315951360055 -1.0062110829513045 -1.4331245750087414 0.5708748413158586 -0.11668571977550002 -1.9077174089626272 -1.4905842947301031 -2.16151821351911 -3.1791665262012705 -3.973088696138554
-3.115594070339338 -2.9652207612813064 -3.6576715112851215 -4.752340299338469 -5.267032682374497 -4.624461859277735 -4.231779689607493 -3.889221956289928 -3.8364079160354 -3.7183098537995796 -3.4691547287099302 -2.975001139106219 -2.4671550205476303 -1.8637057087505202 -2.462264831635174 -2.5160569096721934 -2.103080456015257 -1.3091582860779736 -2.6752325587726467 -3.14786931716155 -2.5483321564944053 -1.656606208307995 -1.5482885238970876 -1.5101450503799283 -1.3705301569293005 -0.9702681944447504 -0.7181789560076273 -0.5912785537293859 -0.6643868779706077 -0.897893398540397 -0.9944746295614095 -1.1898376766140393 -1.0580470854233415 -0.4066739222841598 0.01999506032765419 -0.543354702387314 0.9946097105801992 0.25839176980989986 -2.385244356263987 -4.094120871721848 -4.733757581471135 -4.4564838701348615 -5.217152755467442
-2.8882002859101195 -3.33540806195425 -4.9799785932133105 -5.984912414723084 -5.409581689172597 -4.767010866075838 -4.327627392291637 -3.9271209203614648 -3.799242480300732 -3.53859541126681 -3.15569361942148 -2.573761138839178 -2.188903271428866 -2.689903125510016 -3.2884622483946693 -3.8051107069956793 -3.261077190484914 -2.695771352204963 -3.958418129401185 -3.394090328903726 -2.760321845849387 -1.8079575551485183 -1.61968528201895 -1.5815418085017907 -1.1653867320517577 -0.7093766159652062 -0.5746519114270345 -0.268037066616023 -0.3110707290456385 -0.20935479966654702 -0.3081366156981651 -0.20837676188405618 -0.07756420847584922 0.13149136753165847 0.4906757431515749 0.053248344932357305 0.4867635920216098 -1.4683339351784268 -4.813956679635418 -6.6634261263263985 -6.362679508210334 -6.085405796874062 -6.0179211898821645
-3.1459132415965674 -4.446703492309949 -6.140175912693572 -6.108878703653852 -5.492714900684355 -4.93303277965373 -4.493649305869529 -4.03177096308803 -3.885309805159963 -3.4251430284978235 -3.1468912793790587 -2.7084858433773498 -3.051288086140538 -3.6703860024575077 -4.410516094357772 -4.940857081913659 -4.692924504052124 -4.542551194994092 -4.119549854066621 -2.5512662698418787 -2.576695252186652 -2.2671462940281666 -2.107970644927714 -1.6245754709314062 -1.2504760191284978 -0.610839309379211 -0.6059491204667546 -0.0599595283910066 -0.07169598178090197 0.27306233654726864 0.5679407279683848 0.6586537322944497 0.7818864928883484 0.9430182175537847 0.7466771327186632 0.47600517641420614 -1.4556194440060404 -4.670429635054825 -7.33044789398544 -7.541459545557931 -7.16540401819004 -6.784702811355315 -6.6683163152388545
-3.365727233211479 -5.929164261121082 -6.673206504151311 -6.140175912693572 -5.557020884883157 -5.13622012896629 -4.747450110426012 -4.288505880991987 -4.045463492042908 -3.6175719622029794 -3.555222053569161 -3.5960551309881716 -4.074560116072023 -4.6459786904925435 -5.264098569027023 -5.428164407039932 -5.1880561314383264 -5.0902523531892 -3.755230780088625 -3.296286550654599 -5.5668012627080685 -4.730823468123661 -2.6703423698601902 -1.7094202485625234 -1.262212472518393 -0.791531789694472 -0.647026707331388 -0.08441047295328818 0.030753475935058283 0.5249070655387693 0.9156331596440288 1.3902259935979147 1.6078394002022214 1.2770181202745516 0.8109831169174639 -1.2504760191284978 -4.527880628256724 -7.1556236403651265 -7.6478211544038555 -7.80015053902687 -7.695745005745927 -7.45368065457934 -7.32262359172551
-3.3500786286916187 -6.426251964072267 -6.674184541933803 -6.052152512269359 -5.529635826973401 -5.1831659425258705 -4.892933230571588 -4.645000652710053 -4.262098860864723 -4.148890987541359 -4.287527843209496 -4.581428196848121 -4.991715046603206 -5.273878946851935 -5.42620833147495 -5.39588916021772 -5.112747222186499 -4.9799785932133105 -5.456527502732179 -6.618680897777423 -8.217283653259393 -6.679074730846258 -3.994605527353362 -2.288418615797352 -1.605014715281581 -0.9428831365349954 -0.4761146048410394 -0.3479916553346838 0.19090716281800235 0.5933697103131577 1.1821484553728987 2.2125112592274454 2.6147292972769773 1.5210385470061216 -1.154628316444354 -4.487781079174582 -7.046327918171729 -7.686942665703507 -7.826557559154134 -8.043437437421572 -7.98768928381957 -7.851986541498906 -7.7563833482603854
-3.03759555718566 -6.001539057025436 -6.32747014804065 -5.941878752293468 -5.507385467421725 -5.26214249346204 -5.125461713358886 -5.012253840035522 -4.711262712473836 -4.867748757672437 -4.939879044131168 -5.194657886470143 -5.32473691154148 -5.421318142562493 -5.376328404567895 -5.3227808359764985 -5.442834973777301 -5.673407380999617 -6.85194290890159 -7.896976279493506 -8.150777084049988 -7.061976522691589 -5.366548026742983 -3.885309805159963 -2.5620246854492827 -1.2651465858658668 -0.5991028559893161 -0.31009269126314765 0.3354122451810868 0.7261383392863467 1.551357718263351 2.335499510375722 1.5728745494781582 -0.8362770182434476 -4.187034461058518 -6.817711586514395 -7.759317461607861 -7.817755219111714 -7.8138430679817485 -7.971062641517218 -8.078646797591258 -8.098207553241084 -7.941966017488104
-2.605791876215767 -5.811066198885262 -6.461461324241952 -5.880262371996519 -5.447725162689757 -5.261164455679548 -5.238669586682249 -5.233779397769793 -5.247471926724671 -5.325714949323972 -5.3227808359764985 -5.383174669045333 -5.355789611135579 -5.416427953650037 -5.443813011559792 -5.556042847100665 -5.846031049609325 -6.505228515008437 -7.382283896457478 -7.9906233971670435 -7.654667418881294 -6.751449526750612 -5.554086771535682 -3.917340542536552 -2.117751022752626 -1.0423984809034814 -0.6421365184189316 -0.14993900438020313 0.36279730309084224 1.0444896374872532 1.7525889920109283 0.90096259290666 -0.8665961895006769 -3.837385953817891 -6.537503761830648 -7.604053963637371 -8.090383250981153 -8.230976182214272 -7.977908905994658 -8.052239777463994 -8.140996706225076 -8.093317364328627 -7.762251574955334
-2.4253439053461285 -5.263120531244532 -6.07660345683164 -5.499561165161794 -5.138176204531272 -5.052108879672041 -4.992693084385697 -5.330605138236429 -5.470220031687056 -5.461417691644635 -5.407625613607616 -5.437944784864845 -5.405669538042633 -5.437944784864845 -5.655802700914774 -5.883196485343992 -6.427230001854758 -7.018942860261973 -7.496469807563333 -7.5619983389902465 -7.192789076099795 -6.531635535135701 -5.355789611135579 -3.568914582524039 -1.7465856842971914 -0.9849387611821196 -0.5873664025994207 -0.08538851073577947 0.5679407279683848 1.1645437752880556 0.23687493859509212 -1.008167158516287 -3.6488691712427 -6.318912317443851 -7.479843165260981 -8.32364526210532 -8.387217717967252 -8.202613086522025 -8.040503324074098 -8.075712684243785 -8.126326139487707 -7.973996754864693 -7.650755267751329
-2.2035738381662346 -3.697771060367263 -3.843254180512839 -3.3334519863892673 -4.355012450201393 -4.366748903591288 -4.801242188463032 -5.050152804107059 -5.355789611135579 -5.4447910493422835 -5.403713462477651 -5.369482140090456 -5.415449915867546 -5.585383980575402 -5.805197972190314 -6.187855254590021 -6.692767259801137 -7.040459691476781 -7.267119947569132 -7.145843262540215 -6.681030806411242 -6.074647381266658 -5.226933133292355 -3.4398135952351923 -1.5815418085017907 -0.8470354338508512 -0.4810047937534958 -0.10494926638560464 0.4684253835998988 -0.15678526885764166 -1.5443763727671227 -3.748384515611186 -6.30326371292399 -7.184964773839865 -8.17620606639476 -8.510205969115528 -8.423405115919428 -8.217283653259393 -8.22999814443178 -8.225107955519324 -8.0962514776761 -7.933163677445682 -7.472996900783542
-1.8500131797956427 -1.898915068920206 -1.921409937917505 -1.4076955926639685 -2.4485723026802964 -4.209529330055817 -4.652824954969983 -4.720065052516257 -5.1195934866639385 -5.335495327148885 -5.356767648918069 -5.3636139133955085 -5.583427905010421 -5.7523839319357855 -5.938944638945994 -6.316956241878868 -6.611834633299985 -6.903778911373626 -6.8529209466840815 -6.655601824066468 -6.244581445974514 -5.744559629675856 -4.8988014572665355 -3.270857568309826 -1.4184540082713724 -0.7827294496520509 -0.4907851715784086 -0.3616841842895617 -0.8032682430843674 -2.293308804709808 -4.843297813110156 -7.0023162179596214 -7.205503567272181 -8.055173890811467 -8.275721410763246 -8.407756511399567 -8.223151879954342 -8.17522802861227 -8.229020106649289 -8.208481313216973 -8.082558948721223 -7.825579521371642 -7.365657254155126
-1.5042768236849808 -1.0991246722879748 -1.4194320460538636 -0.9233223808851698 -1.8128477440609745 -3.574782809218987 -4.336429732334059 -4.362836752461323 -4.8939112683540795 -5.238669586682249 -5.31593457149906 -5.384152706827825 -5.611791000702667 -5.83258303010007 -6.018899227664655 -6.197635632414935 -6.4555930975470055 -6.574669197565316 -6.419405699594828 -6.201547783544899 -5.936010525598521 -5.425230293692458 -4.677275899532264 -3.0493320105755553 -1.5639371284169479 -0.9135420030602575 -0.9964307051263921 -1.380310534754213 -2.934901590024077 -5.419362066997511 -7.722152025873191 -7.953457961432376 -8.156645310744937 -8.124370063922724 -8.22999814443178 -8.228042068866799 -8.021920606206765 -8.03463509737915 -8.11361164831532 -8.097229515458592 -8.035613135161642 -7.7788782172576845 -7.489623543085894
-1.3255404189347022 -0.5638934958196304 -1.3362988345421063 -1.1624526187042838 -1.7739707422069468 -3.0111885370583957 -3.850100444990278 -4.136176496368972 -4.581428196848121 -5.251384077854636 -5.412515802520072 -5.392955046870247 -5.5804937916629465 -5.803241896625332 -5.955571281248346 -6.111812817001326 -6.167316461157705 -6.149956290518485 -5.993714754765506 -5.789549367670454 -5.581471829445437 -5.1195934866639385 -4.401713754315351 -3.347144515344145 -2.0375519245883424 -1.6099049041940372 -1.748541759862174 -3.4447037841476487 -5.5668012627080685 -7.581559094640072 -7.785479972289501 -7.943922093053086 -7.926317412968244 -7.824601483589152 -7.9321856396631905 -8.01116219059936 -7.905778619535926 -7.860788881541328 -7.980843019342132 -8.134150441747638 -8.060064079723924 -7.977908905994658 -7.711393610265787
-1.4292124238787762 -0.5570472313421915 -0.8998494741053795 -0.856815811675764 -0.9106078897127836 -2.1050365315802395 -3.686034606977368 -4.256230634169775 -4.508319872606898 -5.316912609281551 -5.56777930049056 -5.515209769681654 -5.639176058612422 -5.871460031954097 -6.035525869967007 -6.064867003441745 -6.080515607961605 -5.730867100720978 -5.4760882583820045 -5.3501658938862535 -5.166539300223519 -4.660649257229912 -3.826627538210487 -2.8402764345680476 -2.3001550691872468 -2.0854757759304143 -3.3158473063044247 -5.875372183084062 -7.314799289465581 -7.547327772252878 -7.439010087841972 -7.343162385157827 -7.405756803237267 -7.564932452337722 -7.68205247679105 -7.591339472464986 -7.661513683358734 -7.606010039202355 -7.894042166146031 -8.102119704371049 -8.253471051211571 -8.287457864153142 -8.114589686097812
-2.0972122293203097 -1.2211348856537598 -1.3421670612370538 -1.5561128261570178 -1.3558595901919315 -2.152715873476689 -3.746428440046204 -4.434967038920053 -4.707595070789493 -5.38024055569786 -5.482934522859443 -5.714240458418627 -5.844074974044342 -6.096164212481465 -6.304241750706481 -6.247515559321989 -5.933076412251047 -5.4985831273793035 -4.880218739399202 -4.678253937314755 -4.519078288214303 -4.040573303130452 -3.287484210612178 -2.6273087074305748 -2.5678929121442304 -3.588230828728242 -5.345275704973798 -7.378371745327513 -7.576668905727617 -7.176162433797444 -6.818689624296887 -6.76514205570549 -7.021876973609446 -7.252449380831763 -7.138018960280284 -6.9702854805830325 -7.292548929913904 -7.407712878802251 -7.841228125891503 -8.272787297415773 -8.513140082463002 -8.403844360269602 -8.007250039469396
-3.35105666647411 -1.9818037709863405 -1.763212326599543 -1.7250688530823837 -1.383244648101687 -2.3392765804868976 -4.143022760846411 -4.615659519235314 -4.553065101155873 -5.437944784864845 -5.578537716097964 -5.8237806900576485 -6.039438021096972 -6.318912317443851 -6.550218253003035 -6.409625321769916 -5.76314234754319 -5.170451451353484 -4.6459786904925435 -4.237647916302441 -3.953527940488729 -3.4048487445111295 -2.7815941676185716 -2.613616178475697 -3.3090010418269857 -5.095142542101657 -6.646065955687178 -7.645865078838874 -7.558086187860281 -7.05513025821415 -6.76514205570549 -6.8529209466840815 -7.103054109556222 -7.216261982879585 -7.103054109556222 -6.965395291670577 -6.849986833336607 -7.036547540346816 -7.538525432210458 -8.133172403965146 -8.44956762660107 -8.209459350999465 -7.637062738796452
-4.7181089769512745 -3.0532441617055204 -1.5971904130216508 -1.412585781576425 -1.2015741300039346 -2.1360892311743376 -4.0004737540483095 -4.919340250698852 -4.842319775327665 -5.21617471768495 -5.50445135407425 -5.677319532129582 -5.936988563381012 -6.114746930348799 -6.269032390536797 -6.1712286122876705 -5.651890549784809 -4.909559872873939 -4.50929791038939 -4.03177096308803 -3.5307711090068796 -3.000430121450992 -2.7221783723322273 -2.9067830037774534 -4.272857276472126 -6.115724968131291 -7.180074584927409 -7.5395034699929475 -7.2817905143065005 -7.037525578129307 -6.899866760243661 -7.0248110869569205 -7.172250282667479 -7.171272244884987 -7.113812525163626 -6.801329453657667 -6.32575858192129 -6.502294401660963 -7.0521961448666755 -7.707481459135822 -8.144908857355041 -8.053217815246486 -7.766163726085299
-5.38806485795779 -4.263076898647213 -2.5600686098843 -1.6138170553240023 -1.3812885725367043 -1.5844759218492643 -3.0581343506179763 -4.691946466269633 -4.9252084773938 -4.917384175133869 -5.5521306959707 -5.595164358400315 -5.534526015885858 -5.745537667458347 -5.829648916752596 -5.6839212871613976 -5.390020933522773 -4.79243984842061 -4.4026917920978415 -3.866727087292629 -3.294330475089617 -3.0023861970159746 -2.96033057236885 -3.949615789358764 -5.384152706827825 -6.484934231021743 -7.207459642837164 -7.135329356378433 -6.9526808004981895 -6.8529209466840815 -6.9028008735911355 -6.9252957425884345 -6.755361677880577 -6.711349977668471 -6.614768746647458 -6.334316412518088 -5.871460031954097 -5.901779203211326 -6.474175815414339 -7.254405456396745 -7.691832854615962 -7.72802025256814 -7.45368065457934
