static/data/ASCData/20210102/ASCU/03.asc
ncols 97
nrows 97
xllcorner 99.0
yllcorner 2.0
cellsize 0.25
NODATA_value -32767
[rows 19 to 37 of 97, columns 0 to 42 of 97]
-0.5282922544245516 -0.5673221938968402 -0.5186020625555696 -0.5175253745701274 -0.4755345431378717 -0.4736503391633473 -0.5740514938058556 -0.5799732777257893 -0.7167126518769802 -0.8066160986614248 -0.9578907606160887 -1.034066435586142 -1.0068800639537203 -0.9199375091292423 -0.9140157252093091 -0.891674449511378 -1.1161638944761285 -1.3280022556119304 -1.2763212323106927 -1.188301989500773 -1.2450972807328617 -1.1804960016063148 -0.8690640018170868 -0.6424211808814513 -0.21389936267535647 0.21004653159260744 0.37693316933618704 0.2383095912104718 0.03427721796912753 -0.1522589755087762 -0.32129898922324074 -0.551710218107925 -0.8631422178971531 -1.5086166651699013 -2.867127730801911 -3.270347381350108 -3.2684631773755837 -3.188519094456482 -3.089732971792137 -3.198209286325464 -3.594699636964646 -3.7850042383915987 -3.5984680449136945
-0.6338076769979115 -0.6943713761790495 -0.7011006760880645 -0.6922180002081646 -0.6082363373436537 -0.5654379899223163 -0.5584395180169404 -0.592624361554738 -0.8408009421992224 -0.7802372430180848 -0.9051330493294087 -1.0615219792149242 -1.1064737026071465 -1.0020349680192293 -0.8865601815805264 -0.8768699897115444 -1.2254477249985372 -1.4375552581306996 -1.4424003540651906 -1.3944877387130017 -1.4628574257885973 -1.458819845843188 -1.1358134502104535 -0.6572256406812849 -0.18644381904657426 0.20600895164719812 0.3583603015873047 0.39846692904503644 0.3995436170304787 0.19255035182916824 -0.1649100593377253 -0.5818574817003133 -1.7998607652320837 -2.9756040453352375 -3.997919287512843 -3.997919287512843 -3.918782720582823 -3.7303623231303944 -3.6318453724624105 -3.8447604215836546 -4.354572182690654 -4.556720351957474 -4.218640324528545
-0.8289573743593555 -0.8289573743593555 -0.8397242542137802 -0.7226344357969134 -0.5751281817912983 -0.5342140383444853 -0.5848183736602803 -0.7185968558515046 -1.0644828711748913 -0.9560065566415643 -0.8779466776969871 -1.1912628814607396 -1.1815726895917575 -1.019531147782669 -0.7988101107669667 -0.6903337962336402 -1.0136093638627353 -1.364340475120613 -1.2343304008784375 -1.1815726895917575 -1.2440205927474195 -1.304584291928557 -1.1142796905016046 -0.7078299759970799 -0.17863783115211662 0.10264690504472362 0.18555187992379185 0.1914736638437251 0.38097074928159635 0.12498818074265383 -0.5732439778167739 -1.5925983280344123 -2.894583274430693 -3.976385527803994 -4.4716620011075205 -4.294008483509517 -4.188493060936156 -4.039910118945098 -4.135735349649476 -4.5292648083286915 -4.938406242796821 -5.049843449290115 -4.703957433966728
-0.988307196204838 -0.920745025118324 -0.9336652809436337 -0.8144220865558824 -0.5320606623736004 -0.46180677132348036 -0.6397294609178452 -0.8642189058825958 -1.157078037922942 -0.9990740760592622 -0.8631422178971531 -1.1804960016063148 -1.1659607138028418 -0.9756561123758889 -0.7011006760880645 -0.5439042302134673 -0.7753921470835938 -1.1893786774862152 -1.072288859069349 -1.0507550993605 -1.091669242807313 -1.1708058097373328 -1.0975910267272466 -0.6903337962336402 -0.392629568258803 -0.13180190378536993 0.06361696557243501 0.05769518165250087 0.23454118326142304 -0.3116087973542587 -1.2383679808238468 -2.5282401873839 -3.916091000619217 -4.301814471403974 -4.423749385755332 -4.426710277715298 -4.397370530111991 -4.430747857660707 -4.847695280023295 -5.241224738702511 -5.378771628842784 -5.4121489563914995 -5.055496061213688
-0.9794245203249377 -0.9344727969327153 -0.9511614607070733 -0.8192671824903734 -0.5360982423190093 -0.42277683185119175 -0.6004303494491956 -0.9285510130127821 -1.178611797631791 -1.029221339651651 -0.889521073540493 -1.1934162574316245 -1.1640765098283175 -0.9726952204159223 -0.8311107503302404 -0.6739143044556428 -0.7323246276658959 -1.1358134502104535 -1.0790181589783643 -1.1425427501194685 -1.1611156178683508 -1.0809023629528887 -1.007687579942802 -0.9296277009982243 -0.6319234730233871 -0.21093847071538985 0.11233709691370564 0.12983327667714484 -0.011751193408536587 -0.7850823389525758 -2.295944754524692 -3.5879703370556304 -3.980423107749403 -4.366146578534161 -4.4765070970420116 -4.560488759906522 -4.694267242097746 -5.027233001595824 -5.459792399747328 -5.637715089341692 -5.775261979481965 -5.630716617436317 -5.272448690280342
-0.8564129179881381 -0.8679873138316441 -0.9043255333403271 -0.7665094712036935 -0.4822638430468871 -0.3681349165899874 -0.6025837254200805 -0.9600441365869736 -1.1648840258173996 -1.1592314138938264 -1.0273371356771266 -1.1562705219338598 -1.1347367622250109 -1.1102421105561953 -0.9678501244814313 -0.920745025118324 -0.9482005687471067 -1.3847975468440197 -1.3201962677174728 -1.369185571055104 -1.268515244416235 -1.1395818581595019 -0.9998815920483444 -0.922898401089209 -0.8857526655914447 -0.4268144117966006 0.2813771106281697 0.3946985210959877 -0.08308177244409887 -1.5078091491808192 -3.0410128404508665 -3.822149973889363 -4.21675612055402 -4.3925254341775 -4.518497928474267 -4.870036555721226 -5.217806775019137 -5.652250377145165 -5.981447728694194 -6.136759970594268 -5.882661606029849 -5.737308727995119 -4.9922406420689445
-0.7605876872837598 -0.7831981349780515 -0.8241122784248645 -0.7107908679570465 -0.44727148352000734 -0.4297753037565677 -0.6757985084301672 -0.8241122784248645 -0.976463628364971 -1.2566716765763681 -1.0545235073095487 -1.0136093638627353 -0.8760624737224627 -0.906209737314851 -1.0332589195970603 -1.0176469438081446 -1.2187184250895218 -1.7597541377743524 -1.6426643193574861 -1.5624510644420235 -1.381836654884053 -1.1425427501194685 -0.986153820233953 -0.9471238807616644 -1.0087642679282443 -0.7059457720225555 0.22942691533057147 0.7050538328997735 -0.06235552872433203 -1.8340456087698813 -3.436426503104606 -4.1045113980716454 -4.262515359935325 -4.423749385755332 -4.877842543615684 -5.3758107368828165 -6.037973847929923 -6.410238718896649 -6.7822344178670155 -6.7168256227513865 -6.166907234186656 -5.042844977384739 -4.096705410177187
-0.6397294609178452 -0.6922180002081646 -0.7772763510581178 -0.6844120123137065 -0.561400409976907 -0.5713597738422496 -0.6133506052745052 -0.6055446173800472 -0.6973322681390162 -1.0994752307017706 -0.7910041228725091 -0.4900698309413447 -0.38670778433886976 -0.5164486865846847 -0.7393230995712714 -0.9277434970237 -1.2343304008784375 -1.5721412563110055 -1.4041779305819837 -1.5312271128641926 -1.705112222513148 -1.4472454499996816 -1.0399882195060752 -0.87498578573702 -0.8047318946869004 -0.6074288213545715 0.05661849366705862 0.6767907732819092 -0.14633719158884295 -2.2186923915691965 -3.6846030837490904 -4.093744518217221 -4.275435615760634 -4.8164713284454646 -5.454139787823754 -6.153179462372265 -6.958811247479577 -7.428785553125206 -7.54479868355663 -7.041985394355006 -5.823174594834154 -4.709879217886662 -4.026451519127067
-0.46665186725797136 -0.6082363373436537 -0.7527816993893022 -0.7159051358878985 -0.7285562197168471 -0.7665094712036935 -0.6160423252381113 -0.3535996287865144 -0.5439042302134673 -1.1094345945671136 -0.6658391445648246 -0.17379273521762517 -0.06827731264426529 -0.17756114316667393 -0.26746458995111855 -0.33691096501215645 -0.469612759217938 -0.5527869060933672 -0.6914104842190825 -1.3064684959030815 -1.4695867256976123 -1.2674385564307928 -0.9648892325214646 -0.5595162060023826 -0.005829409488603332 0.5839264345374984 0.956191305504225 0.8915900263776777 -0.5643613019368736 -2.5672701268561893 -3.6455731442768013 -4.048792794824998 -4.440438049529689 -5.148360399958099 -6.067313595533229 -6.943199271690661 -7.565255755280036 -7.7851692763066564 -7.173879672571706 -5.734347836035152 -4.660082398559949 -4.116085793915151 -3.6259235885424768
-0.428698615771125 -0.6044679293946049 -0.7772763510581178 -0.6688000365247913 -0.7735079431090695 -0.9678501244814313 -0.8241122784248645 -0.484417219017772 -0.7196735438369468 -1.2870881121651174 -0.8642189058825958 -0.21093847071538985 0.06738537352148288 0.11637467685911496 0.2089698436071652 0.17182410810940052 -0.08577349240770538 -0.2440466262677452 -0.18455961507204988 -0.7616643752692025 -1.3368849314918307 -1.5769863522454965 -1.3086218718739664 -0.5409433382535003 0.4991372556839053 1.7559013066916034 2.4737830209853557 2.216723764460972 -0.4951840988721963 -2.768610780133927 -3.486223322431319 -3.824303349860248 -4.402215626046482 -5.199233907270255 -6.046856523809823 -6.850604104942611 -7.089898009707195 -6.742127790409285 -5.445257111943855 -3.7010225755270874 -2.858245054922011 -2.7344259365961294 -2.4851726679662023
-0.5896634695947713 -0.7352855196258625 -0.9872305082193953 -0.9315119049727487 -1.1172405824615712 -1.3223496436883577 -1.2216793170494888 -0.9463163647725823 -1.0615219792149242 -1.2822430162306264 -0.8095769906213914 -0.2793081577909855 0.03320052998368528 0.3037183863261008 0.46199152018614065 0.367242977467205 0.010859254285754183 -0.49599161486127796 -0.40528065208775166 -0.8408009421992224 -1.953019631161272 -2.398499285138085 -2.4071127890216246 -1.7333752821310124 -0.5428275422280247 0.8897058224031538 2.670009406332243 3.0000142738703532 0.6582179055330268 -2.394461705192676 -3.4033183475522506 -3.670875311934699 -4.124968469795052 -4.772327121042324 -5.4939772432851255 -5.852514342437461 -5.817252810914221 -5.0164661217413995 -3.5244457459145258 -2.109408561046788 -1.705112222513148 -1.6787333668698081 -1.6453560393210922
-0.9051330493294087 -0.920745025118324 -1.2049906532751309 -1.319388751728391 -1.4736243056430216 -1.5761788362564149 -1.4510138579487304 -1.4257116902908327 -1.651277823241026 -1.4580123298541063 -0.7958492188070001 -0.3797093124334938 -0.21766777062440523 0.06738537352148288 0.30479507431154307 0.20116385571270712 -0.33502676103763207 -0.950084772721631 -1.1718824977227755 -1.3016233999685904 -1.9392918593468806 -2.1220596448757365 -2.2655283189359428 -2.48436515197712 -1.5683728483619572 -0.19048139899198313 1.6328897043548034 3.2772614301217837 2.6358245627944443 -0.42277683185119175 -3.102384055621086 -3.4296972031955906 -3.6434197683059164 -4.1796103850562565 -4.407060721980973 -4.55079856803754 -4.205989240699596 -3.224588141968804 -2.3145176222735744 -2.1570520044026162 -1.7118415224221635 -1.6973062346186905 -1.6687740030044655
-1.091669242807313 -1.1395818581595019 -1.369185571055104 -1.4413236660797484 -1.5271895329187837 -1.6318974395030614 -1.9207189915979983 -2.0098149223933612 -2.132826524730161 -1.6795408828588898 -0.9608516525760553 -0.6591098446558092 -0.5194095785446513 -0.4297753037565677 -0.1942498069410319 -0.4042039641023094 -0.9511614607070733 -1.501887365260886 -1.7293377021856031 -1.6650055950554168 -1.5215369209952105 -1.6765799908989232 -1.6571996071609592 -1.873883064231252 -2.1845075480313985 -1.2224868330385705 0.03912231390361853 2.216723764460972 3.0810350447748975 1.7733974864550435 -1.0370273275461086 -3.0313226485818845 -3.2517745136012257 -3.2420843217322437 -3.3720943959744196 -3.054740612265258 -2.6318714059827357 -2.120175440901212 -2.508859803645936 -2.566462610867107 -3.07331348001414 -3.06443080413424 -3.560514793426848
-1.3056609799139998 -1.2822430162306264 -1.372146463015071 -1.2625934604963018 -1.3484593273353371 -1.634589159466668 -1.9247565715434076 -2.1592053803735007 -2.1845075480313985 -1.5907141240598879 -1.1484645340394022 -0.9482005687471067 -0.981308724299462 -0.8924819655004601 -0.899480437405836 -1.1094345945671136 -1.475508509617546 -1.8964935119255433 -1.844812488624306 -1.5349955208132413 -1.2206026290640462 -1.2440205927474195 -1.2265244129839799 -1.3944877387130017 -1.7040355345277058 -2.499977127766036 -1.8563868844678124 0.09188002519029848 2.1211677057529545 1.8673385131848965 0.34194080980930774 -1.6601604991209258 -2.624065418088278 -2.6132985382338534 -2.3309371140515713 -1.9366001393832746 -1.7471030539454038 -2.182623344056874 -2.9793724532842862 -3.951083360146096 -4.4590109172785715 -4.9970857380034355 -5.4939772432851255
-1.5479157766385505 -1.3465751233608128 -1.0741730630438733 -0.983462100270347 -1.0537159913204666 -1.3398458234517974 -1.656122919175517 -1.905107015809083 -1.926640775517932 -1.398525318658411 -1.2254477249985372 -1.2469814847073861 -1.2938174120741328 -1.304584291928557 -1.311582763833933 -1.408215510527393 -1.7392970660509457 -1.94332943929229 -1.7422579580109128 -1.357342003215237 -0.9942289801247712 -1.0596377752404003 -1.1670374017882845 -1.3339240395318641 -1.8348531247589634 -2.787991163871891 -3.282190949189975 -2.0830297054034475 -0.10246215618206334 1.259817317398995 -0.0214413852775186 -1.2157575331295551 -2.181546656071432 -2.137671620664652 -1.7850563054322501 -1.5516841845875993 -1.7293377021856031 -2.7489612243996024 -3.9648111319604875 -4.977436182269111 -5.466790871652703 -6.004865692377567 -6.457882162252478
-1.5869457161108396 -1.3056609799139998 -0.9823854122849043 -0.8467227261191557 -0.8679873138316441 -0.8348791582792887 -1.0644828711748913 -1.700267126578657 -1.8730755482421704 -1.516422653064359 -1.3446909193862884 -1.3123902798230151 -1.2168342211149978 -1.2362146048529619 -1.347651811346255 -1.4598965338286303 -1.6092869918087702 -1.76756012566881 -1.7185708223311789 -1.5516841845875993 -1.2302928209330282 -1.1102421105561953 -1.2332537128929948 -1.6668897990299412 -2.2762951987903675 -2.8348270912386377 -3.493221794336695 -3.4824549144822705 -2.4442585245193893 -0.6873729042736736 -0.14929808354880958 -1.237291292838404 -1.9775142828300876 -2.06634104162909 -1.9042994998200014 -1.6375500514266346 -2.240226151278045 -3.569397469306748 -4.740295653475411 -5.395460292617141 -5.835825678663102 -6.1884409938955045 -6.594621536403668
-1.5821006201763486 -1.4063313065528686 -1.0730963750584306 -0.7869665429270998 -0.5810499657112316 -0.510796074661112 -0.8865601815805264 -1.6308207515176192 -1.8946093079510193 -1.6189771836777522 -1.456128125879582 -1.0440257994514845 -0.9745794243904466 -1.1161638944761285 -1.2822430162306264 -1.391526846753035 -1.516422653064359 -1.7304143901710458 -1.8730755482421704 -1.8730755482421704 -1.9637865110156967 -1.8563868844678124 -1.9129130037035407 -2.358392657680354 -2.9325365259175395 -3.344638852345637 -3.685410599738172 -4.025374831141625 -3.7147503473414787 -2.9150403461541 -1.6014810039143126 -0.9608516525760553 -1.4432078700542723 -1.9901653666590366 -2.144400920573667 -2.322323610168032 -3.032130164570966 -4.258746951986276 -4.925755158967873 -5.369081436973802 -5.697202100537387 -6.064352703573263 -6.3817064872824245
-2.17185646420245 -1.569180364351039 -0.9678501244814313 -0.4305828197456494 -0.17486942320306786 -0.17971451913755887 -0.7226344357969134 -1.6639289070699745 -1.6278598595576526 -1.516422653064359 -2.2294592714236208 -1.3826441708731347 -0.8095769906213914 -0.9285510130127821 -1.2302928209330282 -1.3934110507275594 -1.5419939927186173 -1.7059197385022298 -2.122867160864818 -2.456909608348338 -2.653405165691585 -2.7166605848363288 -2.7715716720938937 -3.039128636476342 -3.476533130562337 -3.8477213135436212 -4.153231529412916 -4.412174989911825 -4.261707843946243 -4.123084265820528 -3.193364190390973 -1.7538323538544192 -0.9080939412893754 -1.1436194381049112 -1.9707849829210722 -2.9344207298920644 -3.563475685386815 -4.153231529412916 -4.685384566217847 -5.084835808816995 -5.4285684481694965 -5.731386944075186 -5.973641740799737
-2.489210247911611 -1.6327049554921436 -0.7449757114948445 0.07223046945597389 0.5058665555929203 0.6544494975839781 -0.0028685175286362607 -1.482506981522922 -1.7137257263966879 -1.7255692942365548 -2.9276914299830485 -1.8623086683877457 -0.8838684616169203 -0.8924819655004601 -1.342806715411764 -1.6903077627133145 -1.926640775517932 -2.037001294025783 -2.423801452795983 -2.919885442088591 -3.4033183475522506 -3.5594381054414055 -3.543018613663408 -3.618117600648019 -3.984460687694812 -4.526303916368724 -4.860346363852244 -4.616207363153169 -4.289970903564107 -4.494003276805451 -4.375836770403143 -3.1610635508276994 -1.5156151370752773 -0.7401306155603535 -1.1659607138028418 -2.6717088614441065 -3.8399153256491636 -4.042871010905065 -4.364262374559636 -4.777172216976815 -5.154282183878033 -5.485363739401586 -5.76449509962754
