static/data/ASCData/20210102/ASCU/09.asc
ncols 97
nrows 97
xllcorner 99.0
yllcorner 2.0
cellsize 0.25
NODATA_value -32767
[rows 76 to 94 of 97, columns 43 to 85 of 97]
-6.4064198414311235 -6.251099641946704 -6.004246359893196 -5.874097758115275 -5.94646610152146 -5.83920077038581 -5.478789257770029 -5.259967982253305 -5.012828659316769 -5.081192430360556 -5.184739230016836 -5.2708375358083845 -5.324327180934694 -5.622381781050285 -6.107507118666448 -6.540286974688414 -6.719920649230248 -6.764829067865707 -6.741373715457378 -6.831190552728295 -6.9476091921208525 -7.2716935125920275 -7.465057149519224 -7.717059167467243 -7.771692976125667 -7.931875870621569 -7.809736413568444 -7.186739370332593 -5.274556067287753 -5.771695121991109 -5.763972018149342 -5.671008731165113 -5.505105019008642 -5.300871828526366 -5.273697944638668 -5.252244878411538 -5.001100983112605 -4.755105823708183 -4.8392018433185315 -5.162428041140621 -5.447610801519934 -5.565745686210662 -5.511970000201323
-6.145836596992253 -6.109509404847646 -6.054875596189222 -5.897553110523604 -5.952472960065056 -5.918148054101648 -5.561741113848265 -5.1426912202116615 -4.892691488444842 -4.769693908742631 -4.8723825857498255 -4.936741784431216 -5.108652355131283 -5.461054723022269 -6.12323936723301 -6.561740040915543 -6.842060106283373 -6.888970811100031 -6.815744345044761 -6.9044170187835645 -7.021693780825208 -7.29429074235127 -7.49623560576932 -7.684736547685034 -7.749095746366423 -7.760823422570588 -7.613512367810962 -5.634967579903535 -3.3675215001374244 -3.5674640773742747 -3.8117429914805263 -4.232509130415299 -5.2911464385034 -5.088057411553238 -4.81088379589872 -4.772554317572915 -4.460197673305904 -4.22879059893593 -4.380964348707038 -4.761970804900864 -5.035425889076013 -5.253103001060623 -5.200471478583398
-5.899555396704803 -6.0285598349506095 -6.034280652611178 -5.872381512817105 -5.762827854617228 -5.743377074571297 -5.536283475258737 -5.1163754589730495 -4.7891446887885625 -4.617520158971523 -4.612657463960041 -4.664144822905152 -4.96992252686251 -5.455333905361701 -6.113513977210044 -6.6535591643676595 -6.933879229735489 -6.995378019586595 -6.919291144701042 -6.972780789827352 -7.044291010584451 -7.279416616433794 -7.366373044874427 -7.500240178131717 -7.342059569817014 -7.352643082489064 -5.58233605742631 -3.431880698818814 -2.0391476393535446 -1.7757039860843902 -1.7130610327011708 -2.731652617165296 -4.089202648018072 -4.952474032997777 -4.675014376460231 -4.29314979761732 -3.9719258859764293 -3.7207819906774957 -3.8643745139577517 -4.255106360174543 -4.5451518155653385 -4.764831213731148 -4.701330137698844
-5.773697408172308 -5.912427236441081 -5.840058893034896 -5.808880436784801 -5.606649532483723 -5.507107305189841 -5.3303340394782905 -5.085197002722953 -4.778561176116511 -4.497382988099596 -4.422154235863127 -4.475929921872466 -4.821467308570771 -5.333194448308575 -5.8615119592620255 -6.418147517635289 -6.751099105480343 -6.797151687647915 -6.806018955021796 -6.855790068668737 -6.915286572338644 -6.995378019586595 -6.97678536218975 -6.702472155365515 -6.459337404791377 -4.6555635964143 -2.4112868281734903 -1.6495599566688668 -1.480795835682112 -1.202478056495481 -0.7891489805194456 -1.5940680253613575 -3.260828250767832 -4.278561712582872 -4.304019351172399 -3.8781044763431147 -3.4816518124657554 -3.0949245386113615 -3.2101990144718053 -3.6272466219272097 -3.8663768001389505 -3.783424944060715 -3.750244201629421
-5.579189607712997 -5.605791409834638 -5.549155314995016 -5.702473228298237 -5.518834981394005 -5.374098294581636 -5.285425620842832 -5.0763297353490735 -4.765975377263262 -4.4513304059320244 -4.273699017571389 -4.321467845037131 -4.5382868343726575 -4.797153833513357 -5.221924544810528 -5.679875998538993 -6.046008328815343 -6.177873175891434 -6.217918899515409 -6.201328528299762 -6.296008060582162 -6.1292462257766065 -5.9690633312807035 -5.554018010006498 -4.348927769807857 -2.2122023735857255 -0.7433824392349022 -0.7591146878014641 -1.4201551684800915 -0.9112884375725718 -0.5354307172732566 -0.92587652260702 -2.5969273612589205 -3.35579382393326 -3.4084253464104854 -3.384969994002157 -3.1750159858593126 -2.4933805616026405 -2.4513325517974662 -2.7453825795506592 -2.7659775231287034 -2.619238550135136 -2.4007033155014392
-5.382107439306431 -5.313743668262644 -5.309739095900246 -5.41614630438681 -5.325471344466808 -5.328331753297092 -5.367519354271982 -5.293148724684599 -4.965917954500112 -4.486513434544517 -4.209339818889999 -4.148699151687979 -4.071468113270312 -4.092921179497441 -4.2511017878121455 -4.647554451689505 -4.962199423020743 -5.079190144179357 -5.037428175257212 -4.973927099224907 -5.014830945497968 -4.833194984774935 -4.717062386265406 -4.142692293144383 -2.892693634310284 -1.4015625110832457 -0.6155221645212081 -1.1203843230663306 -1.3497891112551055 -0.7659796689941456 -0.7110598194526934 -0.5892064032825957 -1.0108306648664542 -1.2259334089038094 -1.290292607585199 -1.7013333564970066 -2.2207836000765773 -1.9630607644679907 -1.7325118127471022 -1.5557385470355523 -1.4024206337323308 -1.0743317408987583 -0.7659796689941456
-5.382965561955516 -5.145837669924974 -5.040288584087495 -5.061741650314625 -5.0763297353490735 -5.0763297353490735 -5.107508191599169 -5.092061983915635 -4.837199557137333 -4.380106226057953 -4.102646569520407 -4.198470265334921 -4.079191217112078 -3.8420633250815364 -3.810884868831441 -3.9707817224443156 -3.944465961205703 -3.759111469003301 -3.541148316135662 -3.524557944920015 -3.240519348072816 -3.3752446039791915 -3.432738821467899 -2.479650599217277 -1.3643771962895541 -0.8469292388911822 -0.9278788087882188 -1.453335910911386 -1.6418368528271001 -1.430738681152142 -1.0909221121144057 -0.6818836493837965 -0.20333725207728692 -0.1349734810334997 -0.26769645075867654 -0.5774787270784314 -0.8889772486963565 -0.9367460761620992 -0.8234738864828537 -0.5091149560346442 -0.19933267971488933 0.13161662194896717 0.27606726787830826
-5.086055125372039 -4.92701639440825 -4.777417012584397 -4.727645898937457 -4.849785355990583 -4.838057679786418 -4.744236270153103 -4.621238690450893 -4.267692159027793 -3.810884868831441 -3.4659195638991935 -3.402418487866889 -3.3048785467542054 -3.2267893856874528 -3.1592837372927507 -3.0022472925101606 -2.867522036603785 -2.5851996850547563 -2.259971201051468 -1.7774202313825604 -1.1575696378600222 -1.9865161168763192 -2.7579683784039086 -1.8323400809240131 -0.5557396199682731 -0.2591152242678243 -1.3077411014499312 -2.1272482313262913 -1.8869738895824368 -1.342924130062424 -0.8801099813224762 -0.5969295071243623 0.010621328427954602 0.2712045728668251 0.20284080182303832 0.07498052710934466 -0.200476843247003 -0.3174675644056175 0.1207470683938876 0.4674286186243064 0.7225770862856375 1.0086179693140354 1.049521815587096
-4.630105957824773 -4.403561578466282 -4.3020170649912 -4.283424407594355 -4.3575089962987095 -4.273699017571389 -4.169294095266023 -3.9024179514005284 -3.5128302687158506 -3.0011031289780465 -2.632968512520499 -2.3575111421641513 -2.300016924675443 -2.253106219858786 -2.145840888723137 -1.9659211732982746 -1.7199260138938524 -1.429880558503057 -0.8869749625151577 -0.3214721367680151 0.13647931696044946 -1.2325123492134624 -1.8489304521396601 -1.3157502461747264 -0.3088863379147657 -0.30974446056385085 -1.1770204179059531 -1.661287632873031 -1.3117456738123288 -0.8526500565517501 -0.8194693141204561 -0.4630623738670723 0.15020927934581252 0.4803004583605839 0.5887099530283466 0.46084967831465296 0.1287562131186828 0.06525513708637831 0.6004376292325109 1.0377941393829317 1.2986634247048308 1.364166786918334 1.4245214132373256
-4.299156656160917 -3.8975552563890457 -3.7356561165949724 -3.6604273643585037 -3.5940658794959157 -3.4973840610323172 -3.3509311289217774 -3.090919966248964 -2.731652617165296 -2.2267904586201737 -1.784285212575242 -1.5245600907854566 -1.5791938994438808 -1.4650635871155502 -1.3331987400394585 -1.1203843230663306 -0.8683823051183119 -0.46706694622946987 0.030930231122971108 0.16279507819906236 0.25861877401357614 -0.9699268185933931 -1.1241028545456997 -0.7794235904964801 -0.8615173239256304 -0.8683823051183119 -0.8449269527099834 -1.1487023704861419 -0.8938399437078393 -0.5989317933055611 -0.5909226485807659 -0.44160930763994255 0.03979749849685099 0.2938018026260689 0.40907627848651273 0.4459755523971767 0.21456847802720258 0.2692022866856263 0.7909408573294243 1.3201164909319605 1.5964319839373928 1.5603908326758145 1.49688975664351
-4.014832018430689 -3.5774755082802683 -3.207338605641522 -2.9942381477853655 -2.8801078354570344 -2.7041926923945696 -2.554021228804661 -2.3741015133797987 -2.0196968593076137 -1.6192396230678563 -1.200475770314282 -1.0108306648664542 -1.0314256084444988 -0.8909795348775553 -0.7130621056338917 -0.48565960362631566 -0.0823419585562748 0.31325258267199985 0.17566691793534073 0.024065249930289134 -0.1612892422721126 -0.7207852094756588 -0.6944694482370459 -0.865521896288028 -0.9650641235819104 -1.2425237801194564 -1.222786959190497 -0.9942402936508072 -0.6272498407253724 -0.3938404801741999 -0.571471868534835 -0.5666091735233523 -0.3615178603919911 -0.11752498716876758 0.032932517304169906 0.07784093593962815 0.2877949440824725 0.45684510595225536 0.9070734558389537 1.4285259855997232 1.721431849820803 1.670802613524776 1.6073015374924715
-3.7307934215834897 -3.2482424519145825 -2.7571102557548235 -2.486515580409959 -2.302019210856642 -2.1252459451450925 -1.974788440672155 -1.795154766130321 -1.6155210915884872 -1.2473864751309391 -0.9201557049464522 -0.7385197442234195 -0.6232452683629748 -0.4210143640618975 -0.2425248530521773 0.13447703077925066 0.5389388393814061 0.37589553605521875 0.11988894574480291 -0.25110607954302955 -0.4044239928462505 -0.5188403460576096 -0.15442426107943064 -0.4865177262754008 -1.2267915315528946 -1.5042511880904406 -1.4055670834456433 -1.1175239142360467 -0.5520210884889041 -0.3420670803460597 -0.7061971244412102 -0.7805677540285938 -0.5929249347619647 -0.8809681039715613 -0.7296524768495392 -0.12810849984081862 0.16880193674265875 0.6376229440262033 0.9997507019401546 1.4431140706341719 1.7654821458071757 1.7712029634677435 1.8658824957501432
-3.4084253464104854 -2.9104281690580445 -2.3792502492743095 -2.104651001567048 -1.898701565786601 -1.7716994137219926 -1.6378322804647025 -1.5588849967488647 -1.4007043884341606 -1.1426955119425455 -0.8409223803475858 -0.5892064032825957 -0.3938404801741999 -0.1515638522491467 0.25261191546997974 0.5924284845077157 0.42252019998884816 0.16393924173117558 -0.08520236738655829 -0.3623759830410762 -0.37610594542643927 -0.26969873693987534 0.15593009700638127 -0.4124331375710457 -1.2041943017936512 -1.4258759861406594 -1.3057388152687324 -1.1887480941101178 -0.708199410622409 -0.7013344294297275 -0.9504760385474622 -0.8792518586733911 -1.2551095789727058 -1.606653824214607 -1.2785649313810348 -0.5852018309201981 0.06239472825609482 0.6971194476961093 0.9774395130639393 1.3816152807830662 1.710848337148752 1.7926560296948733 1.8962028293511537
-3.2199244044947712 -2.7024764470963993 -2.0989301839064796 -1.7559671651554307 -1.5892053303498748 -1.4925235118862763 -1.4055670834456433 -1.3340568626885436 -1.250246883961223 -1.05974365586431 -0.8420665438796995 -0.4905222986377984 -0.3146071555753336 0.029213985824800837 0.4762958859981863 0.4471197159292899 0.11788665956360411 -0.03914978521898682 -0.02656398636573698 -0.39469860282328506 -0.38211280397003566 -0.061747014978229764 0.0074748787146425855 -0.708199410622409 -1.6426949754761853 -1.7765621087334753 -1.2453841889497403 -1.0920662756465194 -0.9885194759902389 -1.1584277605091073 -1.3057388152687324 -1.2882903214040002 -1.724788708905335 -1.8028778699720878 -1.4015625110832457 -0.7531078292578677 -0.1409803395770961 0.45198241094077307 0.798663961171191 1.2408831663330941 1.4714321180539827 1.5223473952330373 1.3258373085925284
-3.0860572712374807 -2.462202105352545 -1.9124315281719642 -1.5294227857969394 -1.26683725517687 -1.0159794007609655 -1.0196979322403346 -1.1232447318966146 -1.0694690458872755 -0.8226157638337686 -0.5957853435922487 -0.4825131539130032 -0.3194698505868163 0.16679965056145996 0.39820672493143405 0.2654837552062572 0.049522888519816455 0.009477164895841383 0.05352746088221405 -0.3958427663553987 -0.031426681377220156 0.16393924173117558 0.018344432269721267 -0.731654763030738 -1.62038378659997 -1.675017595258394 -1.0528786746716285 -0.7571124016202653 -0.9161511325840546 -1.1778785405550387 -1.5091138831019233 -1.9210127546628164 -2.194467838837965 -1.987660280408433 -1.5548804243864671 -1.0743317408987583 -0.5557396199682731 -0.06260513762731534 0.6745222179368664 1.2594758237299404 1.3924848343381449 1.2420273298652074 0.8690300183961766
-2.940748502659055 -2.3781060857421963 -1.971928031841871 -1.2482445977800243 -0.8000185340745247 -0.4035658701971654 -0.25024795689394397 -0.22278803212321785 -0.3420670803460597 -0.6066548971473278 -0.37810823160763807 -0.05774244261583217 -0.12038539599905107 0.09643359333647439 -0.021701291354253804 -0.16329152845331096 0.008619042246755804 0.22143345921988367 0.14420242080221612 0.22629615423136684 0.4694309048055052 0.21943117303868487 -0.26969873693987534 -0.7276501906683404 -1.253107292791507 -1.2482445977800243 -0.6758767908402001 -0.23737611715766604 -0.5743322773651189 -1.0188398095912494 -1.2110592829863327 -1.6106583965770045 -1.8898342984127208 -1.7737016999031914 -1.4739308544894305 -1.1252470180778134 -0.7442405618839874 -0.29916094789180026 0.5798426856544667 1.1922562162182668 1.3464322521705725 1.0017529881213534 0.48115858100966946
-2.76483335959659 -2.3077400285172103 -1.8809670310388404 -0.99910298866229 -0.37810823160763807 0.1793854494147098 0.5661127232691037 0.7626228099096126 0.5875657894962334 -0.07919550884296189 -0.2325134221461833 0.3358498124312428 0.28579265790127373 0.21742888685748607 -0.08405820385444507 -0.2854309855064372 -0.08920693974895588 0.14534658433433023 0.11788665956360411 0.504613933417998 0.36502598250014007 0.06325285090517951 -0.5763345635463177 -0.9776499224351598 -0.9298810949694176 -0.7882908578703605 -0.4573415562065044 -0.09979045242100693 -0.37610594542643927 -0.8801099813224762 -0.882112267503675 -0.7356593353931355 -1.0362883034559816 -1.3303383312091746 -1.2287938177340934 -0.959057265038314 -0.5872041171013969 -0.0540239111364631 0.5907122392095454 1.0409405890962438 1.1639381687984551 0.8532977698296147 0.43052934471364246
-2.731652617165296 -2.3497880383223846 -1.8566535559814268 -0.808885801448405 0.0074748787146425855 0.7165702277420412 0.8367073986139681 0.9422564844514465 0.9313869308963678 0.19425957533218607 -0.2668383281095914 0.22829844041256564 0.5074743422482815 0.33956834391061275 -0.3048817655523681 -0.5325703084429727 -0.21420680563236605 0.10730314689155307 0.30924801030960225 0.7760667314119472 0.3641678598510545 -0.3166094417565324 -0.9152930099349694 -1.1612881693393913 -1.0674667597060767 -0.6438402119410198 -0.25110607954302955 -0.1818841858501572 -0.4456138800023397 -0.7247897818380564 -0.6838859355649953 -0.5071126698534454 -0.6398356395786222 -0.8829703901527601 -0.8108880876296038 -0.5217007548878936 -0.08119779502416069 0.3816163537157866 0.6862498941410307 1.063251777972459 1.1522104925942909 0.8055289423638721 0.4147970961470806
-2.5119732189994863 -2.15070358373462 -1.7159214415314548 -0.6223871457138896 0.27806955405950706 0.9196592546922036 0.9762953495318261 1.115883300449684 1.57011622269878 0.9127942734995216 -0.059744728797030966 0.31925944121559624 0.7692017502192661 0.3249802588761641 -0.414149382869216 -0.20419537472637206 0.15593009700638127 0.3824744763648722 0.5417992482116896 0.7508951337054484 0.25575836518329176 -0.6009340794867599 -0.996242579832006 -1.2385192077570588 -1.0528786746716285 -0.6515633157827865 -0.5059685063213317 -0.4104308513898469 -0.4590578015046747 -0.5208426322388084 -0.39870317518568266 -0.4055681563783642 -0.4456138800023397 -0.4659227826973562 -0.39670088900448386 -0.11151812862517119 0.35043789746569143 0.6376229440262033 0.8387096847951669 1.1344759578465302 1.2946588523424332 1.0174852366879152 0.7752086087628625
