static/data/ASCData/20210102/ASCU/12.asc
ncols 97
nrows 97
xllcorner 99.0
yllcorner 2.0
cellsize 0.25
NODATA_value -32767
[rows 19 to 37 of 97, columns 0 to 42 of 97]
-0.13885241874874277 1.278065885411947 0.5495301131197436 -0.036302775939967 -0.2775110907155378 -0.09869917832502484 0.027249115378147337 -0.1114095565886477 -0.12527542378532708 -0.757905614633831 -1.2169235932905766 -1.3547156485575793 -1.5225504160840546 -1.5881244130350183 -1.0617992040277242 0.24794750159196344 0.4539134039093078 -0.21193709376457415 -0.9601161779187408 -1.328139403097277 -1.5869689241019613 -1.1660820802360847 -1.1857253920980475 -1.656298260085359 -2.1603803071313132 -2.6260423471531342 -2.1387148896365016 -1.7990011433178528 -0.17496144790676205 0.04862566063969531 -0.4231026962806732 -0.8370566065482099 -0.9814927231802884 -1.479508453327695 -2.741302368225533 -2.7765447806837598 -2.329370563590845 -1.8018898656504945 -1.2120127653250856 -0.6487119104599799 -0.036302775939967 0.04660355500684599 -0.7148636518774718
-0.06461225479985444 0.6922329963522369 -0.03543615924017418 -0.6799101116525086 -0.31159801424070865 0.17370733764307555 0.32305428224064414 -0.15531813604479972 -0.12816414611796878 -0.20413754346644186 -0.9687823449166655 -1.4728643919626196 -1.4416661907700905 -1.5286167329826017 -1.2004578759945197 -0.10361000629051542 0.5917054591763105 0.18526222697364148 -0.6163582203343942 -1.3498048205920887 -1.8379988948085138 -2.088162248815274 -2.0381873524605747 -1.7932236986525698 -1.95239229918112 -1.9454593655827805 -1.935637709651799 -1.4044016726790143 -1.0158685189387233 -0.835034500915361 -1.147594257307179 -1.447443635435374 -2.0324099077952917 -3.263872238200393 -4.131933299159185 -3.7549550347494596 -3.274560510831167 -2.7141483782987024 -2.1095387940768218 -1.5939018577003012 -1.140661323708839 -1.2258786325217654 -2.27275160587107
-0.8047029164226243 -0.5675388129127517 -0.8694102966737955 -0.8448561568463422 -0.713997035177679 0.04775904393990249 0.3730291785953437 0.1297987581869231 0.10235589602682804 0.2389924623607751 -1.0597770983948749 -1.0958861275528946 -1.1545271909055184 -1.2131682542581426 -0.8526557071444745 -0.0744339107308356 0.3045664593117383 0.540863946121819 0.04371483267420473 -1.257943450414087 -1.736604740932795 -2.143625717601992 -2.1953338473562765 -1.8683304793012505 -1.6418546484221515 -1.4064237783118636 -1.1672375691691417 -0.8370566065482099 -1.053999653729592 -1.1418168126418955 -1.606612235963924 -2.4475193069958854 -3.2266077201093166 -4.112578859530486 -4.400584476094851 -3.9747868042634833 -3.6417171193099103 -3.3566002250781874 -2.9464016538430844 -2.630953175118625 -2.4270093784341302 -2.8360524607361763 -4.1388662327575245
-1.3994908447135237 -1.4162454342428448 -1.3370944423284659 -1.2871195459737668 -0.9396062493569857 -0.35463997699706784 0.18930643823934012 0.2956114200805491 0.13846492518484776 0.2800123194842854 -1.0031581406751005 -0.9835148288131377 -0.9982473127096094 -0.9864035511457794 -0.5802491911763745 -0.1495406913795163 0.2155938114663778 0.7497185707718046 0.2869452530826244 -1.0684432653927995 -1.4084458839447125 -1.8975065748609303 -1.8957733414613456 -1.5869689241019613 -1.7776245980563052 -1.6291442701585286 -0.7394177917049252 -0.5088977495601279 -0.9502945219877597 -1.4064237783118636 -1.989367945038932 -2.81756463780727 -3.895635812349104 -4.020717489352484 -3.9990520718576725 -4.131933299159185 -4.015806661386994 -3.966987253965351 -4.07531434143941 -3.9074795739129344 -4.300056938918924 -4.956085780661825 -5.636957634465443
-1.5421937279460174 -1.5910131353676595 -1.547104555911508 -1.5332386887148282 -1.1848587753982551 -0.5216081278237508 0.023204904112449576 0.054403105304978716 -0.025614503309193015 -0.3243083925043315 -1.0069134797075345 -1.0519775480967426 -0.7053308681797543 -0.6934871066159238 -0.5039869215946369 -0.0732784217977791 -0.04005811497240108 0.32420977117370064 -0.1544515193450069 -1.2931858628723139 -1.446577018735581 -1.2764312733429928 -1.274698039943408 -1.5254391384166963 -1.7169614290708322 -1.646765476387642 -0.7726380985303032 -0.5695609185456005 -0.9892922734784206 -1.7530704582288519 -2.649440998047531 -3.4787931797489255 -3.527612587170568 -3.6515387752408914 -3.970742592997785 -4.2275500083696205 -4.467025089745607 -4.776407251571519 -5.049102639772883 -5.419147970584268 -5.811725335590257 -6.204302700596246 -6.88690778779945
-1.4289558125064676 -1.4589985247659398 -1.6271221645256793 -1.630010886858321 -0.8448561568463422 -0.18073889257204545 -0.2324470223263293 -0.364461632928049 -0.43754630794388083 -1.1085965058165175 -1.3486493316590322 -1.0664211597599507 -0.6065365644034126 -0.6614222887236028 -0.4719221037023158 -0.32055305347189744 -0.4112589347168427 -0.601625736437922 -0.9719599394825713 -1.8391543837415707 -1.4278003235734111 -1.0158685189387233 -0.9268958710933628 -1.1787924584997076 -1.284230823641125 -1.1582825299379524 -0.9982473127096094 -0.9104301537973059 -1.4650648416644874 -2.4570520906936024 -3.194542902216995 -3.1728774847221834 -3.221696892143826 -3.527612587170568 -3.9424331141378977 -4.330099651178396 -4.8272487646260105 -5.335952767404191 -5.883943393906296 -6.413157325246232 -6.632989094760256 -7.025566459766245 -6.070554856594942
-1.3203398527991448 -1.317451130466503 -1.5615481675747156 -1.3214953417322013 -0.5010981992619956 0.18237350464100022 0.10437800165967737 -0.49329864896386333 -0.801814194089983 -1.4922188315913179 -1.5089734211206394 -0.9765818952147978 -0.6154916036346014 -0.5967149084724315 -0.5793825744765821 -0.49734286022956153 -1.0167351356385157 -1.2882750349068233 -1.5049292098549412 -2.031543291095499 -1.350671437291881 -1.1877474977308964 -0.9199629374950229 -0.6787546227194521 -0.8263683339174364 -0.9560719666530426 -1.2258786325217654 -1.4893301092586766 -2.2871952175342782 -2.796188092545723 -2.848762838999799 -2.877938934559479 -2.988576999899651 -3.2540505822694117 -3.8098407590696497 -4.373141613934756 -4.944530891331258 -5.473744822671193 -6.261788275015814 -6.805734690252222 -6.585036304038406 -5.393727214057022 -4.000207560790729
-1.0724874766584978 -1.2131682542581426 -1.4922188315913179 -1.1279509454452161 -0.11834249018698761 0.5711955306145553 0.3845840679259096 -0.27664447401574543 -0.7394177917049252 -1.324384064064843 -1.1545271909055184 -0.7775489264957938 -0.42974675764574854 -0.31159801424070865 -0.4719221037023158 -0.735373580439227 -1.0860644716219134 -1.3547156485575793 -1.484419281293186 -1.8810408575648734 -1.8186444551798155 -1.6768081886471142 -1.3272727863974842 -0.8694102966737955 -0.6709550724213198 -0.824346228284587 -1.4355998738715434 -2.37905658771228 -2.343814175254053 -2.4680292355576405 -2.607554524224228 -2.911159241384857 -3.0607950582156906 -3.1699887623895417 -3.6474945639751932 -4.183641428913469 -4.601639550446704 -5.268645537053642 -5.947495285224411 -5.825302330553673 -4.677035203328649 -3.6552941142733255 -3.3077808176565444
-0.6388902545289983 -1.131128540011122 -1.4610206303987892 -1.1709929082015753 -0.33499666513510507 0.2811678084173419 0.27712359715164325 0.004717081183543748 -0.18969393180323424 -1.057754992762026 -0.9736931728821561 -0.5967149084724315 -0.38872690052223824 0.010494525848826264 0.3562745890660226 0.22541546739735896 -0.30177635830972704 -0.7238186911086606 -1.2902971405396721 -1.7617366252267765 -1.5205283104512053 -1.4650648416644874 -1.5852356907023766 -1.5225504160840546 -1.217790209990369 -1.1155294394148574 -1.6924072892433788 -2.318393418726807 -2.1866676803583514 -2.3146380796943733 -2.5275369156100567 -2.7843443309818925 -3.0186197121591234 -3.245384415271487 -3.53050130950321 -3.8213956484002156 -4.121245026528411 -4.606550378412194 -4.474824640043739 -3.151500939460636 -2.0471423916917635 -1.780513320388947 -1.9376598152846483
-0.05479059886887283 -0.8457227735461346 -1.284230823641125 -1.1467276406073865 -0.7717714818305104 -0.5762049799106763 -0.35377336029727546 -0.06836759383228808 -0.6282019818982247 -1.1582825299379524 -1.214034870957935 -1.0216459636040063 -0.930940082359061 -0.419058485014975 0.3504971444007392 0.4793341604365535 -0.13307497408345936 -0.4727887204021082 -0.7090862072121884 -1.324384064064843 -0.9765818952147978 -0.9141854928297399 -1.286252929273974 -1.6262555478258869 -1.4855747702262425 -1.1582825299379524 -1.0285788972023462 -1.463042736031638 -2.45618547399381 -2.522626087644566 -2.5440026329061136 -2.7765447806837598 -3.0735054364793135 -3.2462510319712794 -3.2326740370078637 -3.3889539152037726 -3.431707005726868 -3.011975650794048 -2.246175360410768 -1.1106186114493668 -0.7784155431955861 -1.3937134000482407 -1.7883128706870788
-0.09089962802689255 -0.5490509899838454 -0.9962252070767605 -0.8916534586351359 -0.8722990190064372 -0.947405799655118 -1.1357504957433484 -0.9346954213914951 -1.017601752338308 -0.9991139294094022 -0.9846703177461942 -1.1709929082015753 -1.1262177120456314 -0.8575665351099651 -0.18073889257204545 0.07115769483429979 -0.44852345280791894 -0.5450067787181472 0.05555859423803522 -1.064687926360366 -1.2452330721504636 -1.447443635435374 -1.6152784029618488 -1.6623645769839066 -1.361359709922655 -1.1045522945508193 0.22454885069756703 0.4773120548037042 -1.392846783348448 -2.688727621771456 -2.693638449736947 -2.7941659869128737 -3.0148643731266898 -3.017753095459331 -2.944379548210235 -2.8762057011598943 -2.655507314946078 -1.7276497017016061 -0.39074900615508756 0.42849264738206205 0.035915282376072 -0.674999283687018 -1.2383001385521242
-0.6076920533364696 -0.39479321742078577 -0.39854855645321985 -0.30986478084112345 -0.44072390250978666 -1.1233289897129897 -1.3391165479613147 -1.0889531939545547 -1.2325226938868408 -1.096752744252687 -0.9708044505495148 -1.1094631225163099 -1.1689708025687264 -0.9072525592314 -0.7677272705648122 -0.7345069637394341 -0.7755268208629444 -0.4719221037023158 0.4773120548037042 -1.0880865772547623 -1.4113346062773542 -1.5549041062096403 -1.7617366252267765 -1.484419281293186 -1.1213068840801403 -0.8546778127773238 0.35338586673338046 1.378882294821138 -0.3000431249101423 -1.806800693615985 -2.751990640856307 -2.85367366696529 -2.9299359365470274 -2.9004709687540835 -2.691616344104098 -2.4738066802229235 -1.985612606006498 -0.8633439797752485 0.5350865014565356 1.2821100966776457 0.8317582850188252 -0.46585578680376827 -1.2336781828198977
-1.1340172623437632 -0.6036478420707714 0.27134615248636074 0.3493416554676827 -0.3381742597010109 -1.0265567915694969 -1.6057456192641317 -1.3850472330503156 -1.280475484608691 -1.1955470480290287 -0.8731656357062296 -1.064687926360366 -1.1926583256963874 -1.101663572218178 -0.964160389184439 -1.2559213447812376 -1.2648763840124264 -0.4141476570494844 0.46864588780577954 -1.053999653729592 -1.5820580961364707 -1.685763227878303 -1.3038741355030878 -1.0265567915694969 -1.3047407522028802 -1.1270843287454237 -0.041213603905457585 1.2390681339212861 0.6930996130520297 0.10640010729252669 -1.2686317230448605 -2.8528070502654974 -2.934846764512518 -2.793010497979817 -2.557868500102793 -2.0188329128318765 -1.4433994241696757 -0.6553559718250552 0.1286432692538666 0.7586736100029929 -0.7550168923011893 -2.0722742759857455 -4.131066682459392
-1.457265291366355 -0.8489003681120404 0.3320093214718334 0.7762948162321068 0.08762341213035629 -1.2764312733429928 -1.8596643123033259 -1.6057456192641317 -1.3047407522028802 -1.3408497813609 -1.0285788972023462 -1.280475484608691 -1.4396440851372416 -1.3518269262249376 -1.2764312733429928 -1.5627036565077725 -1.6808523999128124 -0.9552053499532502 -0.1584957306107051 -0.8772098469719278 -1.6427212651219438 -1.95239229918112 -1.5676144844732631 -1.2189456989234255 -1.496263042857016 -1.845798445106646 -0.9814927231802884 0.13962041411790516 1.2509118954851166 1.0856769780580189 -0.6770213893198669 -2.2646631833396738 -2.838074566369025 -2.694505066436739 -2.3010610847309576 -1.6877853335111523 -1.147594257307179 -1.008068968640591 -0.713997035177679 -1.247255177783313 -2.760945680087495 -4.730765438715782 -6.786380250623523
-1.6045901303310752 -1.1045522945508193 0.40509399648766475 0.8944435596371472 0.8485128745481463 -0.5166972998582597 -1.873241307266741 -1.6768081886471142 -1.4211562622083354 -1.6152784029618488 -1.4610206303987892 -1.7776245980563052 -1.8596643123033259 -1.9581697438464034 -1.8830629631977223 -1.7227388737361151 -1.8683304793012505 -1.883929579897515 -1.1943915590959722 -0.9560719666530426 -1.6291442701585286 -1.9639471885116864 -2.3839674156777706 -2.035298630127933 -1.8888404078630057 -2.296150256765467 -2.10665007174418 -1.4006463336465802 0.17746267667550963 0.7976713614936539 -0.9502945219877597 -2.2178658815508805 -2.791277264580232 -2.606687907524436 -2.1944672306564836 -1.7160948123710398 -1.3223619584319937 -1.5820580961364707 -2.158358201498464 -2.9082705190522153 -4.268569865493131 -6.242433835387116 -6.97588043564481
-1.630010886858321 -1.3682926435209946 0.17948478230835807 1.2176915886597381 1.397370117750044 0.9421074781257328 -0.42974675764574854 -1.5274612440495452 -1.4913522148915255 -1.8281772388775326 -1.700206839541511 -2.027499079829801 -2.178868130060219 -2.1534473735329733 -1.8105560326484191 -1.58408020176932 -1.9307268816863083 -2.1271600003059348 -1.9220607146883837 -0.9182297040954381 -1.2432109665176148 -2.000056217669706 -2.8655174285291203 -3.2540505822694117 -3.0186197121591234 -2.653485209313229 -2.6202649024878513 -2.478717508188414 -1.7883128706870788 -0.6504451438595646 -0.6622889054233951 -1.970013505410234 -2.9074039023524234 -2.789255158947383 -2.478717508188414 -2.1202270667075953 -1.9610584661790447 -2.474673296922716 -3.188765457551712 -4.044982756946673 -5.212026579333868 -6.028379510538375 -6.451288460037101
-1.6152784029618488 -1.5647257621406214 -0.5195860221909014 0.7829388775971822 1.8875862975993183 1.8768980249685452 0.5223761231929132 -1.3420052702939564 -1.6086343415967734 -1.7657808364924747 -1.7969790376850039 -1.6291442701585286 -1.6837411222454541 -1.7247609793689644 -1.4942409372241672 -1.2793199956756345 -1.4922188315913179 -1.4552431857335058 -1.7354492519997384 -1.047066720131252 -1.7256275960687568 -2.751990640856307 -3.93290033044018 -4.324322206513113 -3.893613706716255 -3.3069142009567525 -2.795032603612666 -2.741302368225533 -2.7999434315781566 -2.152580756833181 -1.2209678045562748 -1.2608321727467282 -2.3351480082561284 -3.078416264444804 -2.97875534396867 -2.765856508052986 -2.5674012838005105 -3.0420183630535202 -3.685625698766062 -4.359564618971341 -5.117276486823224 -5.828191052886314 -6.189570216699774
-2.235487087779994 -1.6496541987202837 -0.9375841437241368 0.11911048555615 1.5808039858727838 2.3076065247654025 1.2771992687121552 -0.8829872916372108 -2.042231563726273 -1.9651026774447429 -2.077185103951236 -1.479508453327695 -0.820590889252153 -0.9494279052879673 -1.1837032864651986 -1.041289275465969 -0.9601161779187408 -1.0880865772547623 -0.8780764636717202 -0.9240071487607211 -1.469975669629978 -3.2335406537076565 -4.430916060587587 -4.588062555483289 -4.16428698928477 -3.549855749131908 -2.9533345874414243 -2.597732868293247 -2.989443616599444 -3.0694612252136153 -2.0488756250913482 -1.0733540933582906 -1.3498048205920887 -2.361435381483166 -2.680928071473324 -2.561623839135227 -2.9094260079852723 -3.4161079051306036 -3.814462714801876 -4.390762820163869 -5.019637671979939 -5.506965129496572 -5.799881574026427
-1.4425328074698829 -1.1660820802360847 -0.7229520744088682 -0.22580296096125396 1.0712333663948108 2.137460779372814 1.4421453139059883 -0.8633439797752485 -2.3273484579579957 -1.77935783145589 -2.056675175389481 -1.5549041062096403 -0.44072390250978666 -0.39074900615508756 -0.7558835090009821 -0.8653660854080973 -1.0617992040277242 -1.097908233185744 -0.7402844084047175 -0.8928089475681924 -1.9746354611424604 -3.6642491535045143 -4.5499314206924195 -4.431782677287379 -4.054804412877655 -3.825439859665914 -3.467816034884888 -2.8086095985760817 -2.796188092545723 -3.36931060334181 -3.107592360004484 -2.0373207357607823 -1.0684432653927995 -0.9982473127096094 -1.1250622231125744 -1.2463885610835206 -2.528403532309849 -3.5186575479393793 -3.7520663124168183 -4.335010479143887 -4.9670629255258625 -5.444568727111514 -5.737485171641369
