static/data/ASCData/20210102/ASCU/15.asc
ncols 97
nrows 97
xllcorner 99.0
yllcorner 2.0
cellsize 0.25
NODATA_value -32767
[rows 57 to 75 of 97, columns 0 to 42 of 97]
-2.4580115279486607 -2.109163279499406 -1.3622375893890797 -0.9675552645012369 -0.7177312552711541 -1.1160916233299951 -1.5749982405114151 -1.8270856609236503 -2.765552522323632 -3.656204822500642 -3.9900579718681364 -3.9725165352064544 -3.567365933601156 -2.662001460740155 -1.9764707989457153 -1.5956518675485567 -1.4247643232960425 -1.283018198013742 -1.1160916233299951 -0.4919559898514425 0.1525503442664835 1.0245295021907355 1.2862364201271186 0.9492710803841646 -0.16404429483709837 -1.453056963072949 -2.5213870410489307 -2.528177274595388 -2.4257579186029874 -2.329845869759275 -2.236197232097715 -2.4492408096178195 -2.9930253461299587 -3.731463244307213 -3.4969172605566596 -2.4042555123725387 -0.35926350929775186 -1.2567060430212194 -1.0742185164601739 -0.74008244069491 -0.671897178832566 -1.4080716658276682 -2.190363155659127
-2.5114846171270133 -1.7792710997006784 -1.574149461318108 -1.3953399779280602 -1.7458857847639293 -2.1190657034213234 -1.8064320338865087 -1.988070781254247 -2.4226457282275278 -2.9471912696913707 -3.2128591571965206 -3.1044983468509697 -2.7058550523943596 -2.356440951149567 -1.701183413916417 -1.673739553332818 -1.5175641817642953 -1.1463647478912846 -1.2001207634674067 -1.1854085907834153 -0.5066681625354335 0.5712814129646961 1.115348875874604 0.7755542721539594 0.023535906883790148 -1.1670183749284262 -2.1250071577744736 -2.1561290615290702 -2.098412076384182 -2.1513193127669963 -2.074080406176042 -2.12302667299009 -2.633708820963249 -2.1931924196368175 -1.7832320692694457 -1.6833590508569665 0.3732329345263521 0.06852120412907148 -1.133633059991677 -1.173808608474884 -2.1385876248673887 -2.8710840686914922 -2.9559619880222114
-2.261660607896931 -1.8290661457080337 -2.051729220752286 -2.731318428193575 -3.058381344014612 -2.51855777707124 -2.203943622752042 -2.0203243905999204 -2.2743922957965386 -2.3388995144878852 -2.3318263545436584 -2.1162364394436324 -1.6307347408719206 -1.2790572284449753 -1.2694377309208273 -1.2487841038836858 -1.3964716835191364 -1.305652309835267 -1.875749001339929 -1.6219640225410794 -0.9941503458915291 0.45414988428830405 0.9990661263915195 0.7568811299012017 0.009955439790875431 -0.9392626247243308 -1.866129503815781 -1.9617586262617244 -1.866129503815781 -1.8740514429533146 -1.7529589447081557 -1.790022302815903 -1.4861593516119296 -1.0428136863078077 -0.7890287075089581 -0.8309018143787799 0.5509107123253241 -0.20195643213815284 -2.2596801231125476 -3.8055899605227075 -4.735286103591848 -4.16405770649611 -4.218662501265539
-2.0769096701537326 -2.195172904421201 -3.220498169936285 -3.907160537321801 -3.408078371657174 -2.867971878316033 -2.4715919950415755 -2.2585484175214714 -2.1923436404435104 -2.02343658097538 -1.7645589270166875 -1.1551354662221258 -0.6679362092637993 -0.21666860482214378 -0.20704910729799586 -0.5595753989182484 -0.7499848646168275 -2.154148576744687 -2.945210784906987 -1.6992029291320336 -1.120052592898762 0.3389988403962958 0.791115224031258 0.5489302275409402 0.07446265848222211 -0.8524042206092286 -1.7303248328866307 -1.858207564678247 -1.7342858024553975 -1.52831538487952 -1.3797790260507616 -0.9958479042781434 -0.692267879471939 -0.3318196487141529 -0.20110765294484523 -1.183428105999032 -1.19615979389864 -2.9480400488846774 -5.328865686111342 -6.833751195844988 -6.205937519195437 -5.634709122099699 -4.951158945089643
-2.2831630141273798 -3.2009762484902198 -4.394359794280128 -4.270438032057278 -3.7020388989392305 -3.139581220174333 -2.7627232583459413 -2.4580115279486607 -2.3456897480343426 -1.942236704815659 -1.4813496028498552 -0.7420629254792939 -0.14254188860664918 0.33616957641860523 0.5274278213104919 0.2080039182292195 -0.8806968603861347 -2.9432303001226034 -3.274254185512407 -1.0467746558765745 -0.7811067683714246 -0.19799546256938605 0.28807208879786383 0.3203256981435372 -0.1482004165620312 -0.6786874123790234 -1.4949300699427703 -1.7255150841245568 -1.59763235233294 -1.3104620585973414 -0.9882088915383784 -0.6073899601412203 -0.3994390577809588 0.041077343545472544 -1.2040817330361735 -2.9511522392601375 -4.947197975520877 -7.005770445688578 -8.275261192478364 -7.617174391267524 -6.881848683465728 -6.085693800143586 -5.381772922494157
-2.608245445164033 -4.530164465209277 -5.0682904737660355 -4.525354716447204 -3.889619100660119 -3.399307653326333 -3.031220409828782 -2.744050116093183 -2.5703333078629784 -2.0039146595293147 -1.5008715242959205 -0.7683750804718166 -0.16008332526833158 0.34578907394275316 0.57326189774908 0.32711593168999453 -0.8603261597467622 -2.8838157565911002 -2.7771525046321637 -0.7822384739625008 -1.249915809474762 -0.8436335022783874 -0.1433906677999568 0.039096858761088704 -0.13263946468473264 -0.4735657739964534 -1.1316525752072937 -1.4618276814037898 -1.2507645886680692 -0.9372821399399474 -0.9157797337094986 -1.3065010890285746 -1.313291322575032 -2.239026496075406 -4.279208750388118 -6.864024320406278 -8.592704610775252 -9.12488916497886 -8.339768411169711 -7.663008467706112 -7.133653177480195 -6.3867274873698685 -5.706006574337503
-2.5525089448035274 -4.871939553714306 -5.130817207672998 -4.629754557223988 -4.050604220990715 -3.6032975861178276 -3.2753858911034834 -3.0193375011224814 -2.6815233821862203 -2.191211934852434 -1.736266287239781 -1.1081696841924615 -0.5253413047881921 0.041077343545472544 0.3907743711880345 0.23629655800612603 -0.608238739334527 -2.1640510006666043 -2.6648307247178455 -1.8103930034552755 -1.8562270798938636 -1.2538767790435288 -0.4169804944426403 0.028345655645864554 -0.0350298574544059 -0.2692929148071901 -0.595507051434919 -1.335925434396557 -1.2431255759283042 -0.7536629077878256 -0.9002187818322 -2.5935332724800415 -4.900232193491211 -6.603449108060971 -7.825974072821092 -9.376976585391095 -9.510517845138093 -8.948060166373196 -8.33693914719202 -7.959798258965858 -7.387721082676814 -6.598639359298897 -6.02712803580539
-2.1179339978302467 -4.408223187770812 -4.762447037777678 -4.529315686015971 -4.063335908890323 -3.7000584141548467 -3.446273435355997 -3.169854344735623 -2.792996382907231 -2.40991404032792 -1.9959927203917807 -1.7323053176710141 -1.358276619820313 -0.7420629254792939 -0.152161386130798 -0.050590809331704456 -0.5389217718811068 -1.510773948217838 -2.2732605902054623 -2.374831167004556 -2.15018760717592 -1.4275935872737335 -0.5066681625354335 0.09681384390597803 0.14264792034456608 -0.050590809331704456 -0.21864908960652762 -0.5691948964423963 -0.8105311137394069 -0.7324434279551459 -1.8474563615630228 -4.164906485689417 -6.722561121521746 -8.366080566162232 -9.141581822447234 -9.566254345498598 -9.386596082915243 -8.982294260503252 -8.437378018400036 -7.953856804612708 -7.360277222093214 -6.799800028112701 -6.427751815046383
-1.7099541322472582 -4.29080873269665 -4.995012536743848 -4.6453155091012865 -4.230262483574071 -3.875755707169435 -3.5535025401104723 -3.2917956221740887 -3.1228885627059584 -2.8807035662156406 -2.6238063970413315 -2.4676310254728087 -2.1385876248673887 -1.7099541322472582 -1.133633059991677 -0.671897178832566 -0.8874870939325921 -1.29574988591335 -2.0358853424772185 -2.5604308839410614 -2.4843236829411834 -1.7048614570874152 -0.8133603777170979 -0.2429807598146665 -0.046629839762936776 -0.0740737003465366 -0.2605221964763489 -0.5643851476803228 -0.692267879471939 -1.9060221259012189 -3.6893072110396226 -6.030240226180849 -8.05938835098057 -9.044820994410216 -9.743932123297569 -9.735161404966728 -9.418000913067608 -8.97069427819472 -8.561299780622885 -8.021476213679515 -7.292940739424177 -6.714639182384213 -6.374844578663568
-1.5897104131954065 -3.993170162243596 -4.91890533574397 -4.603442402231464 -4.280057529581426 -4.0262725507825765 -3.664975540831483 -3.5370928090398666 -3.3905369349954917 -3.286985873412015 -3.2578444544418015 -3.0917666589513617 -2.9491717544757536 -2.540908962494996 -2.032207299306221 -1.5837689588422563 -1.3291352008500996 -1.480500823656548 -2.0936023276221074 -2.8535426320298107 -2.833737784185976 -2.195172904421201 -1.3698766021288447 -1.0722380316757905 -0.9237016728470322 -0.2907953210376384 -0.6237996912118255 -0.9121016905385009 -1.62790547689423 -3.46664413599537 -5.650270073976998 -7.685359653129868 -8.707006875473954 -9.623971330643487 -9.798819844464767 -9.651132264829316 -9.22447925699357 -8.878743198919775 -8.474441376507784 -7.884539837159288 -7.250784706156587 -6.864024320406278 -6.534980919800858
-1.5534958342809664 -2.819308537899754 -3.23719082740466 -3.0009472852674923 -3.9736482407975307 -3.8055899605227075 -3.7937070518164067 -3.5956585733780626 -3.624799992348276 -3.6542243377162587 -3.701190119745923 -3.5829268854784546 -3.457873417664529 -3.215688421174211 -2.7166062555095842 -2.356440951149567 -2.100392561168565 -2.0067439235070053 -2.464801761495118 -3.1511812024828645 -3.1327909866278754 -2.5974942420488087 -2.085963314882343 -1.7557882086858463 -1.2694377309208273 -1.0252722496461257 -1.1542866870288186 -2.3620994791049483 -3.506819684478577 -5.2937828127879785 -7.22249206637968 -8.172841836485963 -9.175532990179523 -9.563425081520908 -9.635571312952017 -9.379805849368786 -8.905055353912298 -8.56328026540727 -8.121066305694224 -7.591711015468308 -7.363106486070905 -6.983419260264823 -6.489995622555576
-1.434383820820191 -1.3857204804039123 -1.6669493197863607 -1.4128814145897421 -2.4082164819413054 -4.018350611645043 -4.0262725507825765 -3.7275022747384456 -3.818321648422315 -3.8749069279761277 -3.948184864998315 -3.903199567753034 -3.7976680213851735 -3.5614244792480063 -3.434390526649697 -3.0849764254049044 -2.90814742679924 -2.849581662461044 -3.0085862980072573 -3.3806345110735747 -3.3611125896275094 -3.0886544685759016 -2.5779723206027434 -1.6697785837640513 -1.1718281236905006 -1.49804226031823 -1.9450659687933496 -3.894428849422193 -5.2841633152638305 -6.727370870283821 -7.8191838392746345 -8.763592155027766 -9.12488916497886 -9.49297640847641 -9.295776709231372 -9.03689905527268 -8.579124143682337 -8.128705318433989 -7.692149886676325 -7.386589377085737 -7.157136068495027 -6.918912041573476 -6.4294493734329965
-1.237184121575154 -0.6931166586652457 -1.115242844136688 -0.8679651724865267 -1.7976613155556675 -3.4092100772482503 -4.297881892640877 -3.9959994262212866 -4.045794472228642 -4.033062784329034 -4.017501832451735 -4.046643251421949 -3.923853194790176 -3.969687271228764 -3.842653318630455 -3.870945958407361 -3.7243900843629865 -3.627912182723736 -3.53907329382425 -3.5897171190249124 -3.4793758238949777 -3.247093251326577 -2.923708378676538 -2.014665862644539 -1.521242224935293 -1.7382467720241643 -3.1189275931371916 -4.896271223922445 -6.318259299109755 -7.457038050130233 -8.507826691444533 -8.926557760142746 -9.288986475684915 -9.17864518055498 -8.945230902395505 -8.648441111135757 -8.251778301463531 -7.670930406843645 -7.266628584431654 -7.0204826183725695 -7.070277664379924 -6.830921931867297 -6.393517720916326
-1.1093013897835378 -0.1218882615695076 -0.912950469731808 -0.9188919240849582 -1.5888616340020993 -3.120908077921575 -4.205930813365931 -4.320233078064633 -4.279208750388118 -4.259686828942053 -4.017501832451735 -4.011560378098585 -4.119072409250829 -4.219511280458846 -4.395491499871204 -4.46282798254024 -4.430574373194568 -4.267608768079587 -3.9549750985447725 -3.585756149456145 -3.4646636512109863 -3.2762346702967906 -2.985103406992425 -2.617016163494874 -2.271280105421079 -3.102517862066586 -4.495930371079221 -5.856240491552875 -7.163077522848177 -8.268470958931907 -8.732187324875401 -9.056420976718746 -8.987104009265327 -8.830928637696804 -8.512636440206608 -8.151339430255515 -7.77221805724497 -7.073106928357616 -6.7109611392132145 -6.828941447082913 -6.915799851198017 -6.744912306945502 -6.289966659332849
-1.241993870337228 -0.17168330757686334 -0.5986192418103791 -0.6826483819477911 -0.8679651724865267 -2.4548993375732007 -4.39351101508682 -4.739247073160615 -4.432554857978951 -4.469618216086698 -4.226584440403073 -4.1708479400425675 -4.318252593280249 -4.551666871439727 -4.7918713831456605 -4.9237150845060444 -4.9491784603052595 -4.646447214692363 -4.265628283295204 -3.6542243377162587 -3.2216298755273614 -3.122039783512651 -2.953981503237828 -2.674733148639763 -3.2185176851519017 -4.479520640008615 -6.134640066957633 -7.167887271610251 -8.087680990757475 -8.651270375113448 -8.929669950518207 -8.945230902395505 -8.800655513135514 -8.448978000708568 -8.0828712419954 -7.515603814468429 -7.019350912781493 -6.3983274696784 -6.438503018161607 -6.5994881384922035 -6.640512466168718 -6.485185873793503 -6.186415597749372
-1.812373488239659 -0.922852893653725 -1.2898084315601999 -1.6494078831246788 -1.546705600734509 -2.7536696136173315 -4.7313251340230815 -5.1543000986878305 -4.84958836829055 -4.820164022922567 -4.509793764569905 -4.6472959938856695 -4.7058617582238655 -4.856378601837007 -4.947197975520877 -5.001802770290306 -5.109314801442549 -4.973510130513399 -4.452925558618324 -3.7829558487011825 -3.1814543270441544 -2.8631621295539587 -2.8085573347845294 -3.2108786724121368 -4.38756956073367 -6.344571454102278 -7.9363153679510265 -8.311475771392804 -8.6023241082994 -8.889494402034998 -8.848470074358485 -8.71096784504272 -8.428607300069196 -8.039017650341195 -7.6013305129924555 -6.961916854034373 -6.422659139886539 -6.145391270072858 -6.545732122916082 -6.797819543328317 -6.5975076537078206 -6.238191128541111 -6.0517426324112975
-3.2937761069584726 -2.055690190321053 -2.121046188205707 -2.126987642558857 -1.9198855193919027 -3.386575965426725 -5.535119030084989 -5.605284776731716 -5.143548895572606 -5.569353124215046 -5.241158502802933 -5.303685236709896 -5.315285219018428 -5.37187049857224 -5.31443643982512 -5.168729344974053 -5.01255397340553 -4.916924850959586 -4.579959511216632 -3.929511722745557 -3.353473576887745 -3.087805689382595 -3.43042955708093 -4.543744932302192 -6.099557193634269 -7.702901089791549 -8.616187501790085 -8.787075046042599 -8.78990431002029 -8.888645622841693 -8.759631185459 -8.479251125269858 -8.055427381411802 -7.592559794661614 -7.085838616257223 -6.520268747116866 -6.078903566597128 -5.896416040036082 -6.290815438526156 -6.63966368697541 -6.417849391124466 -6.022318287043316 -5.911128212720074
-4.565247338532641 -3.129678796252416 -1.969680565399258 -1.7478662695483127 -1.8191637217861163 -3.453912448095762 -5.987235413719952 -6.699078230506914 -6.210747267957512 -6.203957034411054 -6.039859723704997 -6.030240226180849 -6.0517426324112975 -5.793713757645913 -5.542758042824754 -5.232387784472092 -5.059519755435194 -4.826105477275718 -4.652105742647744 -4.110301690919988 -3.916780034845949 -4.080028566358698 -5.05753927065081 -6.2294204102102695 -7.339623595056072 -8.430587784853579 -8.866011511020167 -8.991064978834093 -8.750860467128158 -8.613075311414624 -8.517446188968682 -8.217544207333475 -7.754676620583288 -7.194199426602774 -6.664844136376857 -6.248942331656335 -5.806445445545521 -5.704026089553119 -5.951020834805512 -6.39549820570071 -6.536961404585241 -6.250922816440719 -5.959791553136353
-5.060368534628502 -4.173677204020258 -2.7714939766767825 -2.1971533892055843 -2.051729220752286 -2.4628212767107347 -4.4950815918859135 -6.719731857544056 -6.699078230506914 -6.450103000470138 -6.832053637458373 -6.691439217767149 -6.580814996239446 -6.333820250987054 -5.774191836199847 -5.3523485771261745 -5.087812395212101 -4.828934741253408 -4.674739854469268 -4.582788775194323 -4.687471542368876 -5.404124107917913 -6.316278814325372 -7.200140880955924 -8.168880866917196 -8.52423642251514 -8.84083106161872 -8.803484777113205 -8.515465704184297 -8.327036723270101 -8.130685803218373 -7.842666730289466 -7.4287454103533275 -6.900238899320717 -6.444161546116988 -6.026279256612082 -5.530026354925146 -5.424777734955055 -5.64942129478369 -6.022318287043316 -6.150201018834932 -5.8924550704673155 -5.58010432733027
