static/data/ASCData/20210102/ASCU/18.asc
ncols 97
nrows 97
xllcorner 99.0
yllcorner 2.0
cellsize 0.25
NODATA_value -32767
[rows 57 to 75 of 97, columns 0 to 42 of 97]
-2.1505286665959473 -1.86139910830089 -1.1993156327046255 -0.4005339716521785 -0.3868641531065604 -1.8087832029554916 -3.3116894796595946 -3.796065314162822 -3.9141931800853342 -4.265739645701894 -4.3010748370367935 -4.131104829082786 -3.459220351510418 -2.447395858030034 -1.6924607847654194 -1.5031466939638385 -1.4415035499562392 -1.4046208319935336 -1.1750710488690008 -0.37809483554899437 0.2146078629006416 0.29559508975581394 -0.216894145152553 -0.5901059835583942 -1.1456680429406898 -1.6612523311046683 -1.824516390338184 -1.713094473136164 -1.6125052423287842 -1.4396981022237991 -1.255026591305636 -1.62901219302538 -2.362539814605347 -3.19639874588806 -3.0176594203764857 -2.0127987967212277 0.17463009168232446 -1.047142180970385 -0.8557647213317296 -0.5774678494313128 -0.5911376679769313 -1.3937881455988927 -2.1623930374091254
-2.4445587258790566 -1.6916870214515165 -1.2385196406090402 -0.7110709816318836 -1.3986886465869444 -2.7873358739380496 -3.2776438938478663 -3.7140464028891125 -4.02174628071784 -4.260839144713842 -4.2696084622714086 -4.013750726474177 -3.435749530988696 -3.172927925366338 -2.4512646745995488 -2.1876693056632877 -2.0109933489887877 -1.047142180970385 -0.8771721730163771 -1.1270977234070196 -0.7317046700026282 -0.30303979410041126 -0.2862749222991807 -0.6672243938440516 -0.9844673525442484 -1.383987143622789 -1.4200960982715918 -1.323375684033727 -1.2403250883414803 -1.3899193290293779 -1.2346508240395258 -1.3184751830456753 -2.0032557158497584 -1.5371922797755668 -1.3128009187437204 -1.382955459204252 0.7946724272231966 0.22234549603967135 -0.9991688555084037 -1.0695813170735695 -1.9289744377150781 -2.720018465628496 -2.886893420326892
-2.1252523983417855 -1.6934924691839566 -1.525585830067023 -2.0783107572983415 -2.7414259173131432 -2.855684966666141 -3.3361919845998536 -3.608556671093681 -3.9211570499104607 -4.018651227462229 -3.926831314212415 -3.692638951204465 -3.5265377598199716 -3.276612209429329 -3.547171448190716 -3.2920874757073877 -2.374146264313891 -1.1056902717223722 -0.9444895813259309 -1.6573835145351539 -1.39481983001743 -0.29427047654284433 -0.2764739203230775 -0.7257724845960389 -1.0391466267267213 -1.1789398654385153 -1.2024106859602375 -1.1074957194548127 -0.9963317233574265 -1.1487630961963013 -0.980598535974734 -1.0499793131213622 -0.6925006620982135 -0.23262733253524548 0.0389635906446788 -0.2862749222991807 0.9128002931457093 0.15992858871816917 -1.9132412503323857 -3.636927992603455 -4.458148789759086 -3.8370747697996768 -3.9748046396743963
-1.8010455698164622 -1.828385206907699 -2.4280517751824613 -3.11257438688191 -3.1280496531599686 -3.2433403869315036 -3.2598473376280994 -3.4855283041831173 -3.6330591760339406 -3.6397651247544323 -3.459220351510418 -3.202330931294649 -3.135013522985095 -3.3839073889572004 -3.654466627718588 -3.8370747697996768 -2.8585220988171187 -1.9220105678899522 -1.5441561496006933 -1.6524830135471018 -1.5763962876799815 -0.40646615705876776 -0.3556556994458093 -0.8059859481373084 -0.9465529501630052 -1.0636491316669803 -1.1428309107897126 -0.9981371710898665 -0.8526696680761177 -0.6749620269830809 -0.46707761664782943 -0.08819151394003377 0.2692871370831149 0.45989083340786685 0.8122110623383296 -0.26589915503307093 -0.3878958375250976 -1.9815903430604767 -4.57937170893721 -6.348710486728552 -5.786442478625764 -5.16511053756172 -4.771780852994403
-1.9738527099214478 -2.526577637152766 -3.46592630023091 -3.77078904590866 -3.6534349433000504 -3.3772014402367088 -3.3586311207030386 -3.2521097044890697 -3.3390291167508312 -3.122375388858014 -2.886893420326892 -2.6212346825535566 -2.586157412323291 -2.851816150096626 -3.3575994362845014 -3.5979819058036746 -3.527569444238509 -2.9503420120669315 -1.8683629781260165 -1.1252922756745796 -1.2725652264207685 -0.9942683545203521 -0.8947108081315096 -0.865307802203199 -0.992462906787912 -1.0520426819584365 -1.1799715498570524 -0.9483583978954453 -0.6465907054733071 -0.270799656021123 0.23137273470187214 0.6061320997355191 0.53494587485645 0.7361243364712093 -0.477652381937836 -1.971789341084373 -3.52163725883192 -5.6028026521261385 -7.322362656723058 -7.0548984712172835 -6.395652127771996 -5.813782115717 -5.454240095856777
-2.1007498934015265 -3.73364840684132 -4.53139838347523 -4.350853610231215 -3.8966545449702013 -3.6095883555122183 -3.3674004382606046 -3.1633848444948685 -3.013790603806971 -2.5833202801723134 -2.34293781065314 -1.9854591596299915 -1.9142729347509229 -2.1438227178754556 -2.704285278245803 -3.3372236690183907 -3.5040986237167875 -3.2072314322827005 -1.7288276605188564 -0.9385573959193421 -2.36150813018681 -2.1270578460742255 -1.3272445006032414 -1.0303773091691548 -1.011806989635485 -1.090988768758217 -1.1456680429406898 -0.8831043584229659 -0.3605562004338614 0.14729045459108825 0.6922777486833773 0.2839886400472702 -0.13797028713445503 -1.2354245873534286 -3.0372614243286926 -5.478742600797037 -7.133048565921477 -8.040157090920333 -7.782493907390661 -7.305855706026463 -6.759062964201734 -6.321370849637315 -6.147532025113793
-2.353770497047781 -4.649526249397741 -5.093924312682652 -4.669128253349949 -4.160249913906463 -3.7442231721313264 -3.40067226075843 -3.11257438688191 -2.7287877831860623 -2.2668510847860195 -1.9240739367270265 -1.524554145648486 -1.4015257787379216 -1.580265104249496 -2.2013391242089058 -2.978713333576705 -3.306788978671543 -3.041130240898207 -2.2286787613001424 -2.130152899329837 -3.4269802134311296 -3.2209012508283186 -2.1262840827603227 -1.3538103743805752 -1.193641368402671 -1.1330299088136089 -1.0022639087640157 -0.553997028909591 -0.06368900899977437 0.557385010959635 0.5475840089835318 -1.1848720508451045 -3.5177684422624056 -5.1731060918053835 -6.422991764863232 -8.032419457781304 -8.494356156181347 -8.430907564441307 -8.146678507134302 -7.745353268323321 -7.2130041083581125 -6.852688325183987 -6.754162463213682
-2.0383329860800243 -4.537330568881819 -5.008036584839427 -4.7570793500302475 -4.2923055194792274 -3.863382722472376 -3.5118362568558164 -3.1515204736816904 -2.653474820632845 -2.251117897403327 -1.7383707413903258 -1.4639426860594238 -1.3643851396705817 -1.494377376406272 -2.006092848000736 -2.7501952348707097 -3.2384398859434516 -3.1329501541480207 -2.874255286199811 -3.148683341530713 -3.7795583634662266 -3.5734794008634156 -2.8703864696302963 -2.158524220839611 -1.524554145648486 -0.847769167088066 -0.5578658454791059 -0.2434600189298859 -0.015715683537793623 0.32293472684705016 -0.799022078312182 -3.333096931344242 -5.817650932286515 -7.162193650745154 -7.940599544531491 -8.636986527044119 -8.765947079361272 -8.735512389014424 -8.408468428338123 -8.083229915394263 -7.713113130244032 -7.458287078865338 -7.275678936784249
-1.828385206907699 -4.660358935792383 -5.334306782201825 -4.86746958281373 -4.34879024139414 -3.948496687001697 -3.559809582317797 -3.1819551640285386 -2.7628333689977906 -2.3548021814663183 -1.8683629781260165 -1.6563518301166167 -1.5139793803584793 -1.6787909662198013 -2.121383581772271 -2.592863361043783 -3.031329238922104 -3.351667250877912 -3.3986088919213557 -3.7756895468967118 -3.8009658151508736 -3.52163725883192 -2.859553783235656 -1.97101557777047 -1.10852740387335 -0.8196557666829265 -0.38583246868802323 0.07894136186299683 0.29275795760483625 -1.3264707372893385 -3.3477984343083973 -5.617504155090294 -7.348928530500392 -7.996310503132501 -8.748150523141504 -9.131937126837352 -9.305002188046972 -9.177847083462257 -8.675932613843898 -8.319485647239286 -7.970002550459801 -7.713113130244032 -7.490527216944626
-1.7912445678403586 -4.437773022492976 -5.24532400110299 -4.670159937768486 -4.245363878435784 -4.006013093335147 -3.6046878545241667 -3.4963609905777577 -3.1682853454829205 -2.683909510979693 -2.220941128161113 -2.016925534395377 -1.974884394339985 -2.0832112582863935 -2.2686565325184596 -2.683909510979693 -3.147651657112176 -3.522668943250457 -3.867509460146525 -4.091127057864469 -3.9229624976429007 -3.301888477683491 -2.57351927819621 -1.5831022364004737 -0.7961849461612047 -0.5705039796061868 -0.2609986540450189 -0.7510487528502012 -1.22175476880781 -3.448387665115777 -5.718867149211576 -7.608655082867139 -8.17891864521359 -8.828363986682774 -9.20131790398398 -9.564728740413718 -9.660417470233046 -9.292106132815256 -8.764915394942733 -8.241335552535093 -7.901653457731711 -7.7404527673352685 -7.559650072986621
-1.609668110177807 -3.1399140239731467 -3.479596118776528 -3.002184154098427 -3.8948490972377616 -3.7442231721313264 -3.9348268684560788 -3.8283054522421103 -3.6895438979488535 -3.2980196611139765 -2.8332458305629564 -2.4543597278551603 -2.4270200907639237 -2.495369183492015 -2.677977325573104 -2.9211969272432547 -3.3372236690183907 -3.8311425843930875 -4.322482288721441 -4.3975373301700245 -3.882984726424583 -3.209294801119775 -2.3870423195456065 -1.4025574631564588 -0.632920886927689 -0.35178688287629534 -0.9153444965022541 -2.7112491480709293 -3.9825422728134257 -5.8233251965884705 -7.703312128267929 -8.164217142249434 -8.72390593930588 -9.142769813231993 -9.496379647685627 -9.823423608361928 -9.629982779886198 -9.076484089340976 -8.583081016175548 -8.131977004170146 -7.883083138198041 -7.7141448146625695 -7.40747662125238
-1.274628595257843 -1.4415035499562392 -1.7355336092393485 -1.4786441890235795 -2.395811637103173 -4.00317596118417 -4.208223239368444 -4.116403326118631 -4.09602755885252 -3.9621665055473154 -3.6134571720817332 -3.140945708391684 -2.8409834637019857 -2.9093325564300767 -3.067696114675541 -3.3116894796595946 -3.6758740794032354 -4.210286608205518 -4.715038209974856 -4.650557933816279 -4.075393870481776 -3.234571069373937 -2.4182507732063576 -1.4709065558845502 -0.688631845528699 -1.066486263817958 -2.252149581821864 -4.8135640719451604 -6.355674356553679 -7.635994719958376 -8.172986459807001 -8.633891473788506 -8.907545765805505 -9.31454526891844 -9.573498057971285 -9.780350783887998 -9.249291229445962 -8.675932613843898 -8.239530104802652 -7.9571064952280866 -7.702280443849392 -7.303018573875486 -6.994287011628221
-0.9493900823139829 -0.5441960269334878 -1.0860882677701653 -0.889810307143458 -2.007898295733176 -3.6173259886512477 -4.3536907423821924 -4.2257618744835765 -4.438546785806879 -4.524692434754738 -4.324545657558516 -3.856676773751884 -3.4679896690679843 -3.241534939199063 -3.399640576339893 -3.7168835350400897 -4.0841631880393425 -4.584272209925262 -4.99617221402625 -4.874175531534223 -4.324545657558516 -3.4865599886016545 -2.9191335584061804 -1.97101557777047 -1.597803739364629 -2.0674780709037006 -4.141679594372793 -6.311827768765847 -7.514771800780251 -8.182787461783104 -8.663294479716818 -8.845902621797906 -9.118267308291735 -9.321509138743568 -9.591036693086417 -9.341884906009678 -8.756146077385168 -8.237466735965578 -7.870187082966325 -7.5900847633334685 -7.369304297766503 -6.970042427792595 -6.677817816241927
-0.8098547647068228 0.1258830029064404 -0.7969587094751076 -1.036309494575744 -1.9532190215507033 -3.48449661976458 -4.379224931740989 -4.461243843014698 -4.657521803641405 -4.9512939418198805 -4.876238900371297 -4.442673523481028 -4.009881909904662 -3.7473182253869384 -3.757892990676945 -4.069461685075186 -4.46614434400275 -4.8811394013593485 -5.162273405410743 -5.020674718966509 -4.540167701032796 -3.98641108938294 -3.449419349534314 -3.0032158385169643 -2.754064051440224 -3.7385489078293714 -5.812750431298463 -7.173026337139795 -8.029582325630326 -8.651688030008273 -8.815725852555692 -8.956292854581388 -9.096859856607086 -9.300875450372823 -9.241295675202299 -8.803861481742516 -8.313553461832697 -7.73452058192868 -7.395612250439202 -7.308692838177441 -7.127116380514888 -6.929806735469644 -6.629070727466043
-0.9932366701018149 0.14729045459108825 -0.32444724578505824 -0.7786463110460717 -1.1750710488690008 -2.727756098767525 -4.592009843064291 -4.95722612722647 -4.84889926328006 -5.139834269307558 -5.105788683495829 -4.940719176529874 -4.5440365176023105 -4.310617917908263 -4.285341649654101 -4.478782478129831 -4.897646352055944 -5.046982671639208 -5.22675368156932 -5.10759413122827 -4.811758624212721 -4.335120422848522 -3.8293371366606475 -3.4855283041831173 -4.043153732402487 -5.3147047782496175 -6.669048498684361 -7.70821262925598 -8.380097106828348 -8.790191663196897 -8.937722535047719 -9.04914445224974 -9.160308448347125 -9.080352905910491 -8.869373442319628 -8.312779698518796 -7.813702361051412 -7.25117643184399 -7.117315378538785 -7.048966285810694 -7.073468790750953 -6.977780060931625 -6.798009051001514
-1.524554145648486 -0.5109242044356623 -0.7874156286036382 -1.1985418693907226 -1.383987143622789 -2.7238872821980102 -4.67996093974459 -5.215920995174678 -4.962126628214521 -5.08721836396216 -4.98843458088722 -5.157372904422691 -5.065552991172878 -4.891714166649355 -4.764816983169276 -4.808663570957108 -5.038213354081641 -5.185744225932464 -5.162273405410743 -5.111462947797785 -4.870306714964708 -4.46794979173519 -4.1945534208228255 -4.4777507937112935 -5.415294009056997 -6.666211366533384 -7.447454392470697 -8.029582325630326 -8.525564609842098 -8.822431801276185 -8.92585816423454 -8.997302310218245 -8.93952798278016 -8.700435118784156 -8.269706874044866 -7.660239303794 -7.208103607370061 -6.929806735469644 -6.871258644717656 -6.885960147681812 -6.920005733493541 -6.940639421864285 -6.883896778844738
-2.4592602288432124 -1.2658592777002768 -1.2805607806644321 -1.555762599309237 -1.6622840155232055 -3.043193609735282 -5.016805902396994 -5.326311227958161 -4.990497949724295 -5.343849863073294 -5.2520299498234815 -5.458108912426292 -5.51485155544584 -5.407298454813334 -5.258993819648608 -5.159436273259765 -5.1153317643672995 -5.220047732848827 -5.130033267331455 -4.963158312633058 -4.789319488109536 -4.6856352040465445 -5.052914857045797 -5.9210772952448725 -6.852688325183987 -7.582347130194439 -7.8869519547675555 -8.222765233001422 -8.449477883974978 -8.59391370257019 -8.765947079361272 -8.871178890052068 -8.669226665123407 -8.184850830620178 -7.5550074931032025 -6.977780060931625 -6.7404926446680635 -6.715990139727804 -6.657442048975817 -6.748230277807092 -6.728628273854886 -6.780470415886381 -6.908399283784997
-3.54020757836559 -2.118288528516659 -1.2160805045058556 -1.3538103743805752 -1.6896236526144421 -3.09400406734824 -5.182907093781488 -6.059838849538129 -5.847827701528729 -5.69152751212034 -5.681726510144236 -5.832352435250671 -5.97962538599686 -5.833126198564574 -5.610540285265167 -5.454240095856777 -5.427932143184078 -5.2656997683691 -5.1104312633792475 -4.861537397407141 -5.003136083851376 -5.280401271333255 -6.206338036970415 -7.099776743423652 -7.626193717982272 -7.990378317725912 -8.091999232951828 -8.30581582869367 -8.326449517064413 -8.447414515137902 -8.63595484262558 -8.621253339661425 -8.328254964796853 -7.755154270299425 -7.153424333187588 -6.75106740995807 -6.507074044974016 -6.569490952295519 -6.639903413860684 -6.649704415836787 -6.525644364507686 -6.562785003575026 -6.703352005600723
-4.675060438756538 -3.2384398859434516 -1.9934547138736547 -1.7891811990032842 -1.9826220274790138 -2.4620973609941896 -4.183720734428184 -6.075314115816187 -6.154495894938919 -6.07247698366521 -6.635002912872633 -6.477671039045705 -6.274687129698506 -6.1779667154606415 -5.938615930360005 -5.74130628531476 -5.621372971659808 -5.442633646148234 -5.3760900011525825 -5.324505780225722 -5.576494699453439 -6.310796084347309 -7.1565193864431995 -7.756959718031865 -8.181755777364568 -8.17118101207456 -8.2346296038146 -8.222765233001422 -8.264806373056814 -8.424975379034718 -8.527627978679172 -8.474754152229139 -8.0842615998128 -7.519672301768303 -6.906335914947922 -6.534413682065253 -6.220007855516033 -6.2256821198179875 -6.432792766839336 -6.493404226428398 -6.358511488704655 -6.238578175049703 -6.30305845120828
