static/data/ASCData/20210102/ASCU/21.asc
ncols 97
nrows 97
xllcorner 99.0
yllcorner 2.0
cellsize 0.25
NODATA_value -32767
[rows 19 to 37 of 97, columns 0 to 42 of 97]
-1.3172802088845779 -1.3748112637300376 -0.3776971994179732 0.7677433759648489 0.7745598516574388 0.6262333405866807 0.7813763273500287 -0.772234812505082 -0.1666591119753873 0.5207142968653873 -0.2819938806940101 -0.7556026118151626 -0.36024702164494293 -0.2585452043115004 -0.25063809250809577 -0.8044085777741068 -1.0514376568735684 -1.26820158389793 -1.011356779801139 -0.39051217372004254 -1.6842792601736232 -1.716453025442648 -1.0767949464500028 -0.03496480159454851 0.7423860863884144 0.5267127954748672 -0.38642228830448877 -0.7449689097347223 -0.8592130423425304 -0.988180762446333 -1.0457118172917927 -0.7779606520868576 -0.31225903276910927 -1.1043335082480668 -3.4363861721969546 -4.048505689391536 -4.606093401045397 -5.42352516610079 -6.079815445783353 -6.587779214395161 -6.592414417866121 -6.237139704768331 -5.896315920138831
-1.0514376568735684 -1.2965581227791043 0.10654523378361969 0.6554078565509656 0.40347091495283927 0.327399046223535 0.5804266239324756 -1.1913117380855147 -0.7185209840474731 0.6731306933517001 -0.019423237015443462 -0.8573044291486052 -0.6519921812877949 0.35657356218782077 0.019839662973875072 -0.6315427542100247 -1.4549730178748956 -1.6521054949045983 -1.3952606908078073 -1.1823139901712962 -1.6501968817106731 -1.9577562649603335 -1.5719437407597399 -0.24573023000943106 0.7072130718146497 0.7571096738844085 0.3470304962181947 -0.487033469527117 -1.1842226033652214 -1.2379364318228303 -1.1141492332453962 -0.905019758996735 -1.8015226420861712 -3.517365903424924 -5.307372420299056 -5.327821847376826 -5.695093557693575 -6.250772656153511 -6.95586890179502 -7.191173642703227 -7.417753294724918 -7.197172141312706 -6.4988923713637865
-1.326823274854204 -1.1452323624036067 0.14171824835738356 0.8108235023420178 -0.09849435504948723 -0.2555459550067609 0.04519695255030953 -0.9344669339887242 -0.6130019403261802 0.8762616689908818 -0.55165365909287 -1.0748863332560776 -0.22146357654381088 0.5158064343667226 0.20715641500624749 -0.5241150972948065 -1.5261370241055352 -1.359269699150932 -0.768417586117232 -0.7332445715434672 -0.768417586117232 -1.2965581227791043 -1.3835363526165527 -0.27517740500141974 0.6965793697342093 0.3958364621771393 0.7472939488870791 0.40647016425757965 -0.7896849902781127 -1.1814960130881853 -1.5408606116015298 -2.594415094648239 -3.9773416831608963 -5.451881704981964 -6.2057839165824165 -5.961754086787695 -6.27722058184076 -6.9256037497199205 -7.335682927386134 -7.5641711926017505 -7.632608608555354 -7.400030457924183 -6.794727416422193
-0.8573044291486052 -0.9227425957974691 0.0901856921214037 0.7393868370836749 -0.236187164039805 -0.7506947493164979 -0.5573794986746456 -0.8532145437330514 -0.6394498660134289 0.8233658176163834 -0.8523965666499405 -1.1629551992043403 -0.09249585644000824 -0.14321043559287805 -0.3746979501132337 -0.6871651958615592 -1.3385476130454586 -1.114967210328507 -0.5164806445191057 -0.7888670131950017 0.0012988490900305294 -0.47040126883719724 -0.9538257249556796 -0.045598503674988855 0.5978768017055058 0.4708176947956284 0.6485913808583756 0.6300505669745311 -0.4041451251052224 -1.1354166374062769 -2.062184672570812 -3.74585416864054 -5.6198396660473815 -5.923581822909191 -6.025283640242634 -6.442997270684549 -6.910062185140815 -7.451835673187867 -7.660965147436528 -7.779026506432187 -7.58080339329167 -7.319050726696214 -6.758463765737613
0.1370830448864231 -0.790775626388927 0.19352346362106765 0.665223581548295 -0.31225903276910927 -1.0320788659066125 -0.8387636152647606 -1.063161995064823 -0.8992939194149594 0.5002648697876175 -0.9832728999476683 -0.9685493124516737 -0.0739550425561637 -0.1257602578198469 -0.6686243819777142 -0.9810916277260393 -1.344546111654938 -1.3309131602697581 -0.6590813160080882 -1.0418945909039423 -0.08486140366430739 0.29413464484369634 -0.19010778835789655 -0.14321043559287805 0.5002648697876175 0.7366602468066388 0.6224161141988303 0.4640012191030385 -0.4586769306459426 -1.6131152539429836 -3.3777644812406806 -5.064160567587445 -5.060343341199594 -5.36299486195059 -6.032918093018335 -6.7350150893551035 -7.435203472497948 -7.892452661956884 -8.052503511218898 -7.696956139093404 -7.498733025952887 -6.9256037497199205 -6.363108175567394
0.7756504877682531 -0.5846454014450058 0.3391233844147905 0.7707426252695884 -0.2664523161149046 -0.9870901263355187 -0.6023682382457394 -0.8455800909573505 -1.187221852669961 -0.12957748420769732 -0.9333762978779094 -0.3160762591569597 0.3096762094228014 -0.24982011542498528 -0.7926842395828522 -0.6473569778168335 -0.9303770485731699 -1.5847587150618092 -0.6130019403261802 -0.8414902055417963 -0.5213885070177704 -0.023240463403293887 0.36448067399122497 0.41137802675624435 0.5577959246330773 0.9387005863350062 0.8225478405332725 0.4776341704882192 -0.8815710826142258 -2.910972225812118 -4.482306202467963 -4.255726550446272 -4.251636665030718 -4.894293993328102 -5.755623861843773 -6.806451754613446 -7.653058035633124 -8.176563368824034 -8.363062143773298 -7.91181145292384 -6.763371628236278 -6.189151715892497 -5.01153737524065
0.819548591228533 -0.6814393562797836 0.3633900378804107 0.7620175363830732 -0.36215563483886815 -1.1902211019747004 -0.7487861361225727 -0.3648822251159043 -1.1705896519800412 -0.864938881924306 0.3077675962288762 0.21506352680965257 -0.3962380133018182 -0.709795895160958 -0.428411778570843 -0.12385164462592169 -0.46058554383986783 -1.3903528283091426 -0.4518604549533527 -0.3932387639970787 -0.6549914305925344 -0.12466962170903262 0.36066344760337454 0.5501614718573764 0.7189374100059043 0.9572414002188507 1.119473521702492 0.615326979478537 -1.4361595449633473 -3.440203398584805 -4.135483919228984 -3.7829357964082297 -3.350225919442617 -4.035963374117171 -5.154138046729633 -6.2946707596137905 -7.281151121845414 -7.980248868877443 -8.321072653506942 -7.696138162010293 -6.075998219395503 -4.012514697734661 -2.4842608474559844
0.6477734037752647 -0.7506947493164979 0.6066018905920219 0.8449058808049674 -0.5328401861813217 -1.4069850289990624 -0.8562137930377909 -0.2536373418128357 -0.982182263836854 -0.4166874403795884 0.7393868370836749 -0.6754408576703042 -0.9859994902247045 -0.6091847139383297 -0.3171668952677744 -0.26917890639194075 -0.36024702164494293 -0.5407472979847259 -0.7967741249984059 -0.3746979501132337 0.0901856921214037 0.30885823233969045 0.11063511919917346 0.19952196223054752 0.760926900272259 1.274616508465841 1.466023145913768 1.0597611946354037 -1.1354166374062769 -3.347499329165581 -3.998881746349481 -3.3445000798608415 -2.6511281724105875 -2.722292178641227 -3.7821178193251193 -4.621907624652206 -5.73108454935045 -7.075020896901492 -7.576986166903819 -6.4773523081752025 -4.35333848236416 -2.4351822224693365 -1.7467181775177476
-0.00851687590729977 -0.3981466264957434 0.7110302982025001 0.7931006655412833 -0.43931813967898714 -1.5877579643665487 -1.4713325595371116 -0.7711441763942677 -1.337729635962348 -0.3738799730301232 0.475725557294294 -0.768417586117232 -0.7359711618205034 -0.369790087614569 -0.47340051814193673 -0.6209090521295844 -0.0867700168582326 0.760926900272259 0.3830214878750695 -1.4383408171849763 -0.3553391591462782 0.5010828468707285 0.12808529697220372 0.1651669247398937 0.8449058808049674 0.8838961217665826 0.9708743516040306 1.7277758125092237 0.09891078100791884 -2.83762694735985 -3.975433069966971 -3.2215308583665183 -2.046643107991707 -1.6090253685274294 -1.9217652733034583 -2.415823431502381 -3.119011063949965 -4.758509797531709 -5.296738718218616 -3.9119035165120324 -2.238049745439634 -1.5719437407597399 -1.484147533839181
-0.5328401861813217 -0.05650486478313255 0.5218049329762016 -0.1385752321219167 -0.9928159659172944 -1.3737206276192229 -0.9783650374490036 -0.3171668952677744 -1.634655317131568 -1.1599559498996008 0.3693885364898897 -0.5710124500598255 -0.3553391591462782 -0.053505615478393054 -0.3913301508031535 -0.7457868868178328 -0.3141676459630345 0.7903740752642481 1.1887289147392064 -1.267383606814819 -0.6579906798972739 -0.27408676889060546 -0.47639976744667667 -0.004699649519449345 1.0128638418703853 1.5939002299067555 1.7482252395869935 3.081255226029892 1.5420950146430723 -2.2342325190517838 -3.910812880401218 -3.1705436201859447 -1.8317877941612704 -1.072159742979042 -0.5260237104887318 -0.4949405813305212 -0.07504567866697798 -1.344546111654938 -2.704842000868197 -2.2576811954342935 -1.5026883477230255 -1.5446778379893802 -1.146322998514421
-1.0339874791005377 -0.3141676459630345 0.01002393797654566 -0.192289060579526 -0.44013611676209763 -0.8365823430431316 -0.6628985423959386 -0.07013781616831327 -1.9010431871979847 -1.3101910741642842 0.1163609587809491 0.15753247196419284 0.1681661740446332 0.19461409973188193 -0.21355646474040668 -0.6735322444763789 -0.2184643272390714 0.5978768017055058 0.871353806492217 -1.0348054561836486 -1.6032995289456542 -1.5125040727203554 -1.506505574110876 -0.5906439000544847 1.046128243250224 1.3741370535776545 1.9679884159160945 3.0218155579905073 2.7756044559741566 -0.20973923835255626 -2.654945398798438 -3.1031968403431556 -2.026193680913937 -1.088519284641258 -0.4079623514930728 0.4964476433997671 1.1183828855916778 -0.2252808029316613 -1.5787602164523302 -1.320006799161614 -0.8014093284693673 -0.7264280958508773 -0.5172986216022166
-0.5047563063278511 0.09100366920451464 -0.010425489101224983 -0.10122094532652337 -0.44804322856550227 -0.8104070763835862 -0.5153900084082914 -0.22718941612558652 -1.870778035122885 -1.0309882297957982 0.3096762094228014 0.2218800025022425 0.6750393065456253 0.6224161141988303 -0.16584113489227637 -0.7029794194683681 -0.2331879147350655 0.3145840719214661 0.41246866286705863 -0.9284684353792447 -1.535952749102865 -1.7488994497393762 -1.7644410143184812 -1.4129835276085414 -0.25281936472972477 1.061669807829329 1.8174806326237078 2.624278695598659 3.841973913322935 1.809846179848007 -0.824858004851877 -1.8113383670835006 -2.2996706857006477 -1.4969625081412503 -0.545655160483391 0.26005226638074586 0.21997138930831728 -1.4939632588365104 -2.482079575234356 -1.8121563441666115 -1.088519284641258 -0.3678814744206438 -0.09167787935689731
0.17689126293114832 0.6360490655840101 -0.5475637736773162 -0.7147037576596227 -1.056345519372233 -1.4157101178855775 -1.0309882297957982 -0.9031111458028098 -1.6305654317160139 -0.3141676459630345 0.49917423367680325 -0.26727029319801554 0.29795187123154676 0.5676116496304067 -0.2252808029316613 -1.4576996081519318 -1.1315994110184264 -0.8551231569269766 -0.7351531847373924 -1.3865356019212922 -1.214487755440321 -1.459608221345857 -1.3502719512367136 -1.0037223270254385 -1.4372501810741616 -0.5554708854807204 1.2277191557008216 1.933906037453145 3.1409675530969805 2.926112239266544 0.8585388321901473 -1.1414151360157563 -1.6471976324059336 -1.9498491531569293 -1.0759769693668924 -1.0907005568628865 -1.535952749102865 -3.1541840785237287 -3.9001791783207778 -3.3063278159823377 -2.3405695398561877 -1.6188410935247592 -1.4508831324593419
0.41710386633802 0.8888039842652473 -0.5770109486693049 -1.0211725047984688 -1.360087676234043 -1.4898733734209566 -1.1100593478298424 -1.0056309402193633 -1.201945440165955 0.3663892871851502 0.45636676632733764 -0.4548597042580922 -0.2331879147350655 0.03347261435905491 -0.7771426750037471 -2.0027450045314277 -1.8639615594302952 -1.682370646979698 -1.7262687504399774 -1.3358210227684228 -0.988998739529444 -1.0279889804910587 -0.9227425957974691 -1.016264642299804 -1.4470659060714914 -1.7546252893211518 -0.22446282584855037 0.8097328662312036 1.6290732444805203 2.1135883367098165 2.424146969264217 0.41710386633802 -2.236141132245709 -2.546699764800109 -2.2819478488999136 -2.605321455756383 -3.0895638889579757 -4.182381271994004 -4.946099208591786 -4.752783957949934 -3.78675302279608 -3.240889649333474 -3.0729316882680564
0.40156230175891405 0.8732624196861423 0.07055424212674488 -0.30435192096570507 -0.88947819441763 -1.0192638916045436 -1.3816277394226275 -1.396351326918622 -0.9412834096813141 0.6671321947422202 0.4310094767509032 -0.027057689791144313 -0.012334102295150196 -0.9530077478725687 -1.765531650429296 -1.927491112885234 -1.6960035983648778 -1.6861878733675484 -1.9675719899576634 -1.2643843575100795 -0.8365823430431316 -0.8297658673505417 -0.9031111458028098 -0.9977238284159591 -0.8883875583068157 -1.2477521568201602 -1.7439915872407115 -0.7196116201582874 0.0822785803179995 1.4690223952185075 2.060692485335319 0.444642428136083 -2.211601819752385 -3.7000474519863356 -3.5113674048154446 -3.870732003328789 -4.147208257420239 -4.825856577374498 -5.314188895991646 -5.235117777957602 -4.780049860720294 -4.233095851146873 -4.337796917785055
0.5744281253229966 0.7200280461167186 0.8078242530372783 0.31867395733701986 -0.5309315729873965 -1.2000368269720303 -1.5457684741001945 -1.6275661824112744 -1.2731094463965946 0.2884088052619207 -0.036873414788473724 0.14171824835738356 0.01793104977994986 -1.0252623902140225 -1.832878430272085 -1.895317347616209 -1.6305654317160139 -1.5484950643772306 -1.8230627052747552 -1.6052081421395794 -0.9363755471826494 -0.7302453222387277 -0.830856503461356 -1.0642526311756373 -0.9431920228752393 -0.8807531055311149 -1.9304903621899738 -2.1218969996379005 -1.52422841091161 0.09591153170317934 1.1592817397472182 -0.3084418063812593 -2.191152392674615 -3.7799365471034903 -4.529203555232982 -4.774051362110815 -4.825856577374498 -5.162863135616148 -5.431432277904194 -5.388352151527025 -5.014536624545389 -4.827765190568424 -4.969547884974296
0.8967110960686515 0.7669253988817379 0.8811695314895465 0.44055254272052924 -0.5543802493699062 -1.251842042235714 -1.384626988727367 -1.4811482845344415 -0.9557343381496048 -1.035896092294463 -0.7370617979313177 0.6769479197395505 0.561885810048631 -0.45595034036890647 -1.260567131122229 -1.4148921408024666 -1.4058943928882477 -1.3933520776138821 -1.5564021761806348 -1.3309131602697581 -1.3336397505467938 -1.0934271471399226 -0.9606422006482696 -1.2938315325020682 -1.815155593471351 -2.001654368420613 -1.953939038572483 -2.5006203891182004 -2.7029333876742716 -1.8541458344329658 -0.4314110278755825 0.11254373239309867 -1.1414151360157563 -2.744922877940626 -4.06622852619227 -4.965457999558742 -5.088699880080769 -5.274108018919216 -5.32209600779505 -5.327821847376826 -5.261565703644851 -5.183312562693918 -5.203761989771688
0.7931006655412833 1.31169813623353 0.5706108989351462 -0.020241214098554394 -0.6803487201689689 -1.0915185339459974 -1.2155783915511353 -1.292740896391254 -0.9382841603765746 -0.5505630229820557 -1.6305654317160139 0.36066344760337454 0.7366602468066388 -0.07313706547305276 -0.7057060097454038 -0.7801419243084866 -0.806317190968032 -1.0994256457494016 -1.5484950643772306 -1.4323423185754969 -1.7254507733568665 -1.6608305837911135 -1.5095048234156159 -1.700093483780432 -2.1483449253251496 -2.350385264853517 -2.1677037162921056 -2.3326624280527835 -3.156910668800765 -3.412937495814445 -1.9032244594196137 -0.10040296824341244 0.481724055903773 -0.5006664209122969 -2.2595898086282187 -3.862006914442274 -5.112966533546389 -5.283923743916546 -5.204852625882502 -5.070977043280035 -5.009628762046725 -4.962731409281706 -4.941191346093121
0.40156230175891405 0.8138227516467573 0.09700216781399362 -0.4578589535628317 -0.7828685145855228 -1.1678630617030055 -1.5953924171422496 -1.2742000825074093 0.37047917260070395 -0.24382161681550585 -1.6188410935247592 0.2736852177659266 1.0041387529838701 0.13299315947086843 -0.6961629437757777 -0.8600310194256413 -1.0446211811809785 -1.1002436228325125 -1.5367707261859755 -1.7985233927814313 -2.2478654704369636 -2.326936588471008 -2.110172661446646 -1.9812049413428432 -2.139347177410931 -2.307305138476348 -2.53388479049804 -2.50361963842294 -2.988134730652237 -3.6618751881078317 -2.7653723050183956 -0.9840908770307792 -0.12685089393066207 -0.47530913133586195 -0.709795895160958 -1.947940539963004 -4.602276174657547 -5.461697429979293 -5.210578465464278 -4.954824297478301 -4.830764439873164 -4.781140496831108 -4.786866336412884
