static/data/thetao/2023/7/7/0.asc
ncols 137
nrows 93
xllcorner 108.0
yllcorner 17.0
cellsize 0.25
NODATA_value -32767
[rows 0 to 26 of 93, columns 61 to 121 of 137]
-32767.0 -32767.0 -32767.0 -32767.0 -32767.0 -32767.0 -32767.0 -32767.0 -32767.0 -32767.0 -32767.0 -32767.0 -32767.0 -32767.0 -32767.0 -32767.0 -32767.0 -32767.0 -32767.0 21.711811 20.798523 20.496418 19.810562 19.94511 20.144037 20.670662 21.264833 21.565123 21.20552 21.28522 21.6036 21.61535 21.314714 21.695415 21.750395 21.545479 21.51714 21.592453 21.654535 21.6415 21.700422 22.080841 21.241081 21.224922 21.500114 21.242743 20.386948 20.97506 21.200565 21.020348 20.576515 20.588194 20.855606 21.035612 21.253124 21.433088 21.477873 21.497915 21.646116 21.762558 21.074543
23.942245 24.159359 24.986744 25.313267 25.36676 25.522142 26.261288 -32767.0 -32767.0 -32767.0 -32767.0 -32767.0 -32767.0 -32767.0 -32767.0 -32767.0 -32767.0 -32767.0 21.509405 20.414488 20.153503 20.583897 20.672148 21.401348 21.490088 21.573313 21.689137 21.895538 21.506893 21.612955 21.876413 21.637714 21.73399 22.184645 21.966362 21.763933 22.462006 22.387146 22.453836 22.520308 22.399052 21.920645 21.800657 21.353397 21.28995 21.349323 21.484447 21.560217 21.495369 20.871527 20.6263 20.922718 21.096544 21.126238 21.134037 21.297852 21.096579 20.77677 20.942822 21.417673 21.514893
24.56725 23.510508 22.227032 22.12978 22.633379 23.764587 25.108763 24.91385 24.385517 -32767.0 -32767.0 -32767.0 -32767.0 -32767.0 -32767.0 -32767.0 -32767.0 -32767.0 20.807396 20.57168 20.986528 20.817513 21.229137 21.682026 21.670614 21.69078 21.751709 21.961231 21.960527 21.41848 21.02264 21.207462 21.832249 22.098791 22.128487 21.943712 22.2383 22.07506 22.23831 22.432947 22.010012 21.905315 22.132917 21.615166 21.807245 21.914713 21.670218 21.508596 21.441378 21.378393 21.283712 20.899586 21.244497 21.358727 21.391495 20.86877 20.49746 20.504166 20.38085 20.950142 21.451788
21.904589 21.767027 21.389479 21.466099 21.098297 21.26564 22.201681 23.433815 24.117119 -32767.0 -32767.0 -32767.0 -32767.0 -32767.0 -32767.0 -32767.0 -32767.0 23.984768 22.648615 21.25816 21.521387 20.91178 20.2854 19.821405 20.297525 20.339212 19.880676 19.674816 19.884481 20.136417 20.176004 20.789722 21.978622 21.861652 22.23248 22.296736 22.023115 22.097326 22.6991 22.252522 22.026848 21.950562 22.188066 22.039026 21.821392 21.747543 22.030247 21.783321 21.510529 21.469727 21.285507 21.707403 21.617392 21.724514 21.457134 21.122154 21.008694 20.927366 20.889824 21.377619 21.70309
21.347519 21.374891 21.290813 21.1572 21.072132 21.148556 21.813965 23.332918 -32767.0 -32767.0 -32767.0 -32767.0 -32767.0 -32767.0 -32767.0 -32767.0 -32767.0 -32767.0 -32767.0 22.799133 21.927608 20.610153 20.887484 20.522835 19.59918 19.843658 21.618486 22.306011 22.434746 22.424343 22.085009 21.64976 21.206903 21.364374 21.854776 21.946823 22.5354 22.646828 22.209288 22.093674 22.04308 22.171307 22.323582 22.154573 21.695934 22.000788 22.063227 21.877989 21.854109 21.580824 21.611044 21.451756 21.581259 21.511538 21.782803 21.810017 21.623653 21.27673 21.381683 21.6177 21.759384
21.188337 21.042421 21.133644 21.429832 21.343681 20.574638 21.548092 23.50549 -32767.0 -32767.0 -32767.0 -32767.0 -32767.0 -32767.0 -32767.0 -32767.0 -32767.0 -32767.0 -32767.0 -32767.0 22.258512 20.835453 19.987537 20.449165 19.884426 21.019455 22.532114 22.306581 22.264477 22.323654 22.505905 22.59819 22.421293 21.923454 21.81195 22.61964 22.701567 22.242989 22.25136 22.15907 22.19497 22.42499 22.341822 21.660843 21.642775 21.68499 21.876316 21.98278 21.898901 21.498703 21.746841 21.417784 21.501755 21.548662 21.687197 21.77798 21.702965 21.664845 21.878922 21.943012 22.000975
21.53694 21.516138 21.619211 21.550316 21.519081 21.120348 22.081314 24.08403 -32767.0 -32767.0 -32767.0 -32767.0 -32767.0 -32767.0 -32767.0 -32767.0 -32767.0 -32767.0 -32767.0 -32767.0 -32767.0 22.373934 19.678404 20.799685 19.844007 19.174467 21.943598 22.684011 22.70588 22.659609 22.678055 22.728708 22.602339 22.080616 22.773645 22.889864 22.484251 22.293444 22.34792 22.594334 22.54954 22.394007 21.574022 21.710814 21.895384 21.804207 22.091486 22.04284 21.992409 21.745796 21.613684 21.434336 21.68456 21.49528 21.549652 21.761307 22.031403 21.82239 22.072754 22.130882 22.256357
21.561455 21.569172 21.569536 21.424837 21.551271 21.595037 22.079638 -32767.0 -32767.0 -32767.0 -32767.0 -32767.0 -32767.0 -32767.0 -32767.0 -32767.0 -32767.0 -32767.0 -32767.0 -32767.0 -32767.0 -32767.0 20.235338 20.19591 19.65929 18.914026 19.795765 23.001436 22.88835 22.854383 22.84924 22.845892 22.63676 22.893524 22.667702 22.831802 22.614267 22.275845 22.214514 22.54335 22.128729 21.657661 22.155474 22.347132 22.310347 22.22441 22.105654 22.306334 22.152555 21.988888 21.168587 21.422756 21.41595 21.572784 21.631807 22.06109 22.463215 21.908997 21.924814 22.089005 22.603035
21.404325 21.557543 21.608868 21.414482 21.381956 21.58562 -32767.0 24.334908 -32767.0 -32767.0 -32767.0 -32767.0 -32767.0 -32767.0 -32767.0 -32767.0 -32767.0 -32767.0 -32767.0 -32767.0 -32767.0 -32767.0 20.437489 19.685772 19.264845 18.752558 18.735851 21.473671 23.240656 23.002111 23.022202 22.872 22.820372 22.529015 22.510996 22.963589 22.735739 22.226463 22.314978 22.11047 22.168884 22.269815 22.329859 22.369469 22.423302 22.332932 22.228111 22.307938 22.092129 21.725582 21.24863 21.621422 21.79941 22.313177 22.940449 22.613071 22.434072 22.255934 22.031643 22.380371 -32767.0
21.403605 21.477053 21.674309 21.880215 21.70211 20.96356 21.452114 21.768456 23.73843 24.89624 24.776049 24.967186 26.497017 -32767.0 -32767.0 -32767.0 -32767.0 -32767.0 -32767.0 -32767.0 -32767.0 -32767.0 -32767.0 20.9175 20.623953 18.360222 19.433708 19.992807 23.149921 23.084116 23.143347 22.904423 22.833048 22.639357 22.191158 22.782154 22.573565 22.464167 22.466269 22.333464 22.291166 22.38146 22.52662 22.571106 22.241621 22.202967 22.218136 21.93954 21.645689 21.560959 21.729118 22.235693 22.6184 23.051365 23.540052 23.591936 23.441357 22.777103 22.857271 22.97402 23.15361
21.194658 21.670135 22.310139 22.324274 22.112339 21.821543 21.60327 21.622566 22.382349 23.455624 23.170776 23.858318 24.77745 -32767.0 -32767.0 -32767.0 -32767.0 -32767.0 -32767.0 -32767.0 -32767.0 -32767.0 -32767.0 -32767.0 18.323063 18.112959 19.661964 21.121529 22.586163 23.181631 23.12765 22.95299 22.959684 22.587414 22.094856 22.53641 22.440582 22.894268 22.743177 23.042252 22.676685 22.582438 22.75788 22.372984 22.301287 22.42887 22.274435 21.959593 22.894526 22.862974 22.812666 22.842138 22.819092 23.023731 23.484694 23.82837 -32767.0 23.40834 23.293554 23.408012 23.80069
21.195255 21.828644 22.45672 22.529192 22.35501 22.040285 21.838167 21.77637 21.63534 21.531267 21.772179 21.880062 22.800611 24.40999 25.672554 -32767.0 -32767.0 -32767.0 -32767.0 -32767.0 -32767.0 -32767.0 -32767.0 -32767.0 -32767.0 17.041546 20.921453 21.52598 21.335785 21.6455 22.904192 23.008749 23.139473 22.346445 22.25277 22.251448 22.36173 22.33419 22.717281 23.031082 22.83051 22.696674 22.869041 22.764494 22.556631 22.557892 22.376972 22.33273 22.98346 22.875631 22.971537 22.982363 23.321955 23.8084 -32767.0 -32767.0 23.67913 23.586136 23.486197 23.588253 24.716766
22.107462 22.411558 22.486574 22.666906 22.55598 22.622717 22.752386 22.547947 21.920742 21.595451 21.423677 21.88226 22.217224 -32767.0 25.732828 -32767.0 -32767.0 -32767.0 -32767.0 -32767.0 -32767.0 -32767.0 -32767.0 -32767.0 -32767.0 18.012625 21.12436 21.894653 21.398214 21.258827 21.923906 22.814854 23.089493 22.822042 22.48813 22.322376 22.248379 22.33404 23.04094 23.03439 22.882845 22.86869 22.994986 23.105637 23.217127 23.049181 22.57588 22.581625 22.929333 23.172379 23.141027 23.46998 23.42128 23.602938 -32767.0 23.594109 23.776474 23.976244 -32767.0 -32767.0 -32767.0
22.629393 22.524605 22.618303 22.7939 22.927673 22.908772 22.924232 22.719854 21.96555 21.871437 21.362595 22.528189 -32767.0 -32767.0 -32767.0 -32767.0 -32767.0 -32767.0 -32767.0 -32767.0 -32767.0 -32767.0 -32767.0 -32767.0 -32767.0 18.760069 21.300951 22.294613 22.662554 22.605703 22.082466 22.319601 22.58591 22.866438 22.993324 22.950682 22.697357 23.096622 23.05418 22.903429 22.877384 22.96727 23.122307 23.134901 23.153112 23.24932 22.962158 22.750816 22.941048 23.117916 23.182085 23.763638 24.14586 24.146482 24.718758 -32767.0 24.169676 -32767.0 -32767.0 -32767.0 -32767.0
22.820803 22.977736 23.216574 23.257267 23.066082 23.10105 23.25318 23.029188 22.544287 22.180428 21.770119 22.224485 24.492298 -32767.0 -32767.0 -32767.0 -32767.0 -32767.0 -32767.0 -32767.0 -32767.0 -32767.0 -32767.0 -32767.0 -32767.0 18.747814 20.950802 22.19735 22.524105 22.824875 23.030262 23.105513 23.159002 23.108898 23.165195 23.192184 23.083302 23.126177 22.69402 22.983706 23.038712 23.025469 23.101788 23.309671 23.331861 23.34018 23.121302 23.047186 23.085232 23.177433 23.28079 23.655933 24.083193 24.738537 -32767.0 -32767.0 -32767.0 -32767.0 -32767.0 -32767.0 -32767.0
23.135014 23.32753 23.39775 23.37549 23.396784 23.576782 23.595709 23.067266 22.870502 22.74373 22.341621 22.318865 23.620201 25.79994 -32767.0 -32767.0 -32767.0 -32767.0 -32767.0 -32767.0 -32767.0 -32767.0 -32767.0 -32767.0 -32767.0 18.797485 20.26038 22.132442 22.380812 22.757328 23.19222 23.0953 23.160778 23.20914 23.03723 22.957273 22.987314 23.14197 22.97808 23.439959 -32767.0 23.349604 23.408352 23.550901 23.661041 23.380861 22.855469 23.171434 23.291899 23.918995 24.203688 23.7085 -32767.0 -32767.0 -32767.0 -32767.0 -32767.0 -32767.0 -32767.0 -32767.0 -32767.0
23.400719 23.58426 23.581163 23.581089 23.59328 23.643404 23.338812 22.875937 22.570097 22.763035 22.679102 22.386158 22.57836 25.017694 -32767.0 -32767.0 -32767.0 -32767.0 -32767.0 -32767.0 -32767.0 -32767.0 -32767.0 -32767.0 -32767.0 -32767.0 20.628412 22.018377 22.625143 22.726114 23.239998 23.03072 22.770884 22.813103 23.006868 22.982191 23.241318 23.254684 23.302633 23.558878 23.379484 23.424978 23.377472 23.454155 23.777744 24.071848 24.056986 23.538801 23.513731 23.8375 24.485456 24.357647 -32767.0 -32767.0 -32767.0 -32767.0 -32767.0 -32767.0 -32767.0 -32767.0 -32767.0
23.724697 23.747736 23.8451 23.749695 23.636055 23.509192 23.295029 23.0325 22.652092 22.468624 22.402225 22.338844 22.371264 25.183039 25.384914 -32767.0 -32767.0 -32767.0 -32767.0 -32767.0 -32767.0 -32767.0 -32767.0 -32767.0 -32767.0 20.453781 21.387772 22.324331 22.37404 21.95884 22.636503 23.203985 23.192535 23.163408 23.105999 23.234098 23.656582 23.622375 23.717184 24.035095 24.059303 24.04748 24.115866 24.029501 23.853313 24.425274 24.428438 24.411144 -32767.0 24.476383 24.355425 24.724598 -32767.0 -32767.0 -32767.0 -32767.0 -32767.0 -32767.0 -32767.0 -32767.0 -32767.0
23.95228 23.93231 23.822489 23.68775 23.521248 23.404678 23.323092 23.15614 22.878351 22.264097 22.007126 22.065336 23.748848 25.727062 -32767.0 -32767.0 -32767.0 -32767.0 -32767.0 -32767.0 -32767.0 -32767.0 -32767.0 -32767.0 -32767.0 19.645432 22.79311 22.841925 22.884985 22.683119 23.210737 23.28758 23.66691 23.895264 23.480093 23.373182 23.91325 24.152227 24.247416 -32767.0 -32767.0 24.733221 25.011028 -32767.0 -32767.0 -32767.0 -32767.0 -32767.0 -32767.0 -32767.0 -32767.0 -32767.0 -32767.0 -32767.0 -32767.0 -32767.0 -32767.0 -32767.0 -32767.0 -32767.0 -32767.0
24.068466 24.060242 23.83292 23.446653 23.352915 23.154367 22.6212 22.644075 22.689278 21.657665 21.635675 21.863285 24.942368 -32767.0 -32767.0 -32767.0 -32767.0 -32767.0 -32767.0 -32767.0 -32767.0 -32767.0 -32767.0 -32767.0 20.48462 21.905476 22.8408 22.976755 23.208412 23.661955 23.829845 23.977093 24.252224 24.40679 24.190746 23.917341 24.47915 24.505062 -32767.0 -32767.0 -32767.0 -32767.0 -32767.0 -32767.0 -32767.0 -32767.0 -32767.0 -32767.0 -32767.0 -32767.0 -32767.0 -32767.0 -32767.0 -32767.0 -32767.0 -32767.0 -32767.0 -32767.0 -32767.0 -32767.0 -32767.0
24.00995 24.109531 23.72592 23.496262 23.342487 23.103481 22.668007 22.157104 22.408617 21.596943 21.182299 20.73055 25.256369 -32767.0 -32767.0 -32767.0 -32767.0 -32767.0 -32767.0 -32767.0 -32767.0 22.60157 23.328653 22.771807 21.099033 23.56646 23.106152 23.15912 23.675205 23.887733 23.939133 24.213268 24.646904 24.636583 24.518267 24.631435 -32767.0 -32767.0 -32767.0 -32767.0 -32767.0 -32767.0 -32767.0 -32767.0 -32767.0 -32767.0 -32767.0 -32767.0 -32767.0 -32767.0 -32767.0 -32767.0 -32767.0 -32767.0 25.50844 -32767.0 -32767.0 -32767.0 -32767.0 -32767.0 -32767.0
23.881258 23.98473 23.948656 23.655947 23.507084 23.415268 22.89902 22.1921 21.894547 21.541773 21.133318 20.052872 22.870352 -32767.0 -32767.0 -32767.0 -32767.0 27.291958 24.117037 25.157686 23.237795 22.371336 22.724068 21.437983 22.552343 23.447407 23.24452 23.386122 23.84289 23.651665 23.56597 24.303719 24.639473 24.649986 24.604202 -32767.0 -32767.0 -32767.0 -32767.0 -32767.0 -32767.0 -32767.0 -32767.0 -32767.0 -32767.0 24.358139 24.799109 -32767.0 -32767.0 -32767.0 -32767.0 -32767.0 -32767.0 -32767.0 24.627123 -32767.0 -32767.0 -32767.0 -32767.0 -32767.0 24.429348
23.991632 24.119762 23.945692 23.627876 23.535849 23.512926 23.375257 23.261717 22.969688 21.643147 20.915258 20.685123 -32767.0 24.45301 -32767.0 24.516693 -32767.0 24.405468 -32767.0 21.612759 21.943642 21.94539 21.951958 22.243443 23.04464 23.371878 23.600065 23.716953 23.791536 23.963388 24.522245 24.76462 24.751978 -32767.0 -32767.0 -32767.0 -32767.0 -32767.0 -32767.0 -32767.0 -32767.0 24.155516 24.731728 24.480099 24.451656 23.553886 23.587446 23.777714 24.474337 -32767.0 -32767.0 -32767.0 -32767.0 -32767.0 24.652487 24.700851 24.473053 25.028282 25.32983 25.100994 24.154932
24.084362 24.317213 24.258396 24.197437 23.994268 23.904245 23.883337 23.8933 23.584784 22.856634 22.101017 20.713562 19.616728 20.720016 21.35765 21.143858 21.145485 21.03195 21.244904 21.332388 22.191296 21.469654 21.372347 22.47481 -32767.0 23.76592 23.145695 24.201454 24.079704 24.436108 24.675465 -32767.0 -32767.0 -32767.0 -32767.0 -32767.0 23.970453 24.340353 23.155277 23.655878 24.029688 24.262587 25.355843 -32767.0 -32767.0 24.53104 24.33713 24.099688 -32767.0 -32767.0 -32767.0 -32767.0 -32767.0 24.61379 24.599241 25.418962 26.73867 26.545263 26.340485 26.266975 26.239534
23.932453 24.142279 24.272541 24.375587 24.29366 24.221783 24.269453 24.044497 23.33526 23.067682 23.21011 22.303503 21.584717 21.479895 21.787876 21.865356 22.051308 21.662724 22.41918 22.70746 23.59262 23.43304 23.565598 24.20238 23.913397 23.976637 24.664738 24.732569 24.860683 24.771059 25.109138 26.848452 -32767.0 25.20552 25.045006 -32767.0 23.81982 23.997099 24.626804 -32767.0 25.367563 25.368683 -32767.0 -32767.0 -32767.0 -32767.0 24.215483 24.347946 -32767.0 -32767.0 -32767.0 -32767.0 25.093803 25.847664 25.957647 26.034569 26.118721 26.281464 26.427614 26.386475 26.415918
24.64643 24.462008 24.614225 24.631947 24.650206 24.62063 24.569027 24.523653 24.420393 24.453018 24.540228 24.4668 24.257633 24.502535 24.470863 24.110739 24.02092 24.196245 24.509968 24.525118 24.136374 24.949867 25.052773 24.903694 24.857767 24.746613 -32767.0 24.88132 25.177422 -32767.0 -32767.0 27.204512 25.666945 25.26989 24.449291 24.044052 24.601377 24.899933 -32767.0 -32767.0 -32767.0 -32767.0 -32767.0 -32767.0 -32767.0 -32767.0 23.797121 24.117584 24.109299 -32767.0 -32767.0 24.340204 25.498766 25.71856 25.964697 26.175995 26.378798 26.636074 26.767698 26.692257 26.48783
24.436026 24.49269 24.53715 24.784796 24.891293 24.858307 24.934156 25.004274 25.033699 24.982956 24.821833 24.750105 24.985199 -32767.0 -32767.0 24.312729 24.929354 25.295328 25.285374 25.25574 25.187084 25.334932 25.206396 25.052372 25.117855 24.610554 24.864197 25.327223 -32767.0 -32767.0 -32767.0 -32767.0 -32767.0 -32767.0 24.027819 24.47626 25.280159 -32767.0 -32767.0 -32767.0 -32767.0 -32767.0 25.693083 -32767.0 23.943434 25.25376 25.571577 25.597982 24.628572 23.9992 -32767.0 25.422022 25.610136 25.921175 26.152079 26.363447 26.641287 26.826807 26.826601 26.694246 26.57553
