static/data/thetao/2023/7/7/18.asc
ncols 137
nrows 93
xllcorner 108.0
yllcorner 17.0
cellsize 0.25
NODATA_value -32767
[rows 27 to 53 of 93, columns 61 to 121 of 137]
24.84042 24.67324 24.602242 24.841055 25.085398 25.146544 25.20542 25.215425 25.18613 25.041454 24.915766 24.857374 -32767.0 -32767.0 23.77242 24.001225 24.936686 25.274897 25.133516 25.402304 25.289324 25.394382 25.195818 25.075933 24.527357 -32767.0 -32767.0 -32767.0 -32767.0 -32767.0 -32767.0 -32767.0 -32767.0 -32767.0 24.51462 24.193005 24.566992 -32767.0 -32767.0 -32767.0 25.904182 26.486166 26.757734 26.558813 24.658749 24.734499 26.014786 26.419939 25.391253 25.097446 25.626945 25.602768 25.94084 26.178501 26.194626 26.386282 26.684252 26.757015 26.773294 26.645205 25.855722
25.11219 25.177246 25.20014 25.240456 25.493584 25.550264 25.607018 25.585243 25.451607 25.020117 24.875029 24.94133 25.104612 25.262196 25.05032 25.053871 25.294474 25.261 25.61434 26.031519 25.585917 25.429373 25.093824 -32767.0 24.593336 25.420813 -32767.0 -32767.0 26.620258 -32767.0 -32767.0 -32767.0 -32767.0 -32767.0 -32767.0 23.902014 24.083248 -32767.0 -32767.0 25.594778 26.517897 26.093355 26.172525 26.289034 26.346981 26.290709 26.133892 26.502249 26.42529 25.507595 25.550917 25.460804 25.727226 26.110909 26.077719 26.048424 26.240269 26.597256 26.69853 26.760653 26.434694
25.429785 25.53977 25.748348 25.815434 25.957056 25.799793 25.630356 25.541021 25.41418 24.958113 24.827475 24.863747 25.204922 25.278698 25.218857 25.124353 25.174738 25.435362 26.068357 26.237068 25.816246 25.308285 -32767.0 24.148989 24.641603 25.146048 25.835594 25.740171 -32767.0 25.983377 -32767.0 -32767.0 -32767.0 -32767.0 -32767.0 25.370266 25.714388 26.276255 26.041473 25.761314 25.947784 26.10662 26.324957 26.265003 26.25177 26.341795 26.458334 26.270006 26.74163 25.60449 25.377901 25.411077 25.252148 25.869963 26.015648 25.856146 25.787373 25.994886 26.388752 26.74652 26.696
25.864584 25.81763 26.098589 25.715607 25.54874 25.65183 25.40178 25.268475 25.100561 24.784378 24.650545 24.715105 24.98321 25.146553 25.232555 25.365253 25.443659 25.557283 25.72726 26.166687 26.388527 25.599493 25.140402 25.081022 25.080914 25.180079 25.548635 25.637354 25.426107 26.427975 -32767.0 -32767.0 -32767.0 -32767.0 25.406351 26.324417 26.5962 26.780588 26.152084 25.859148 26.336554 26.389896 26.465229 26.530048 26.480915 26.13674 26.218891 26.582207 26.255898 26.459906 25.395094 25.165855 25.179024 25.570702 25.944054 25.860018 25.71166 25.755415 25.973976 26.46292 26.856203
26.181454 26.44342 26.287088 25.865828 25.35231 25.08053 24.970798 24.827114 24.63792 24.381931 24.523666 24.72933 24.926052 25.162878 25.375965 25.46901 25.76557 25.905342 26.110128 26.644838 26.500406 26.403673 26.253485 26.27945 25.877722 25.544569 25.683054 25.889874 25.665031 25.943718 -32767.0 -32767.0 -32767.0 -32767.0 25.979544 26.506073 26.648657 26.658062 26.195019 26.351297 26.272987 26.326363 26.463722 26.680088 26.881096 26.839046 26.561514 26.247616 26.601395 26.662836 25.625763 25.415863 25.369257 25.580227 25.857386 25.828047 25.813856 25.839252 25.80708 26.225754 26.830364
26.900675 26.908478 26.701387 25.94962 25.523186 25.098846 24.758839 24.464577 24.45321 24.287024 24.404652 24.548151 24.86797 25.164734 25.137856 25.344133 25.447035 25.810314 26.395603 26.748726 26.868155 26.811169 26.82042 26.761288 26.584936 25.895258 25.681746 25.833931 -32767.0 -32767.0 -32767.0 -32767.0 -32767.0 25.488787 26.246552 26.330883 26.459644 26.674284 26.63227 26.598356 26.743185 26.339668 27.098354 28.15233 28.183172 28.24301 27.489798 26.598759 26.738018 26.522158 26.108547 25.503145 25.465952 25.722786 25.787266 25.763376 25.844337 25.999962 25.972433 26.234709 26.796682
27.070976 27.229252 26.960672 26.791044 26.43488 26.031221 25.605574 24.704824 24.431679 24.309622 24.345968 24.712982 24.87 25.051567 25.091084 25.343071 25.596878 26.23097 26.569796 26.836296 26.811495 26.661436 26.681341 26.731003 26.72283 26.350895 25.696484 25.48112 -32767.0 -32767.0 -32767.0 -32767.0 -32767.0 24.892994 25.067232 24.533195 25.637226 27.170673 28.195076 28.502436 28.458769 28.468487 28.25776 27.900242 28.04261 28.085487 28.28408 26.94908 26.837036 26.620705 26.430262 25.56413 25.531544 25.856792 25.908571 25.960894 26.035353 26.035059 25.959522 26.529627 26.864656
27.291786 27.044514 27.021255 26.672565 26.511175 26.240503 25.725756 25.125679 24.47163 24.644653 24.750713 25.03601 25.203854 25.136118 25.15885 25.324757 25.385323 26.214714 26.372395 26.17662 26.196665 26.516727 26.613369 26.706902 26.670784 26.514933 25.800165 25.738525 26.311714 -32767.0 26.491465 -32767.0 -32767.0 24.424347 25.806103 26.235865 26.906162 27.728777 28.013046 28.156075 28.067873 28.22636 28.083897 27.55921 27.501434 27.604664 27.489672 26.974972 27.202774 26.751114 26.424358 25.615614 25.56307 25.88111 25.797321 25.821466 25.973722 25.98063 26.390116 26.863966 26.935116
26.916344 26.744917 26.665903 26.780361 26.586454 26.301384 25.958889 25.4144 25.086073 24.857256 24.85101 24.986006 25.260809 25.428183 25.469328 25.531721 25.469528 25.346193 25.878632 26.698391 27.04171 27.275465 27.035952 26.70717 26.583193 26.392958 26.10245 26.094639 26.273552 26.318048 26.541574 -32767.0 24.48974 25.241442 27.20372 27.240072 27.392824 27.558777 27.701267 27.791367 28.124052 28.010132 27.582895 27.232206 27.312862 27.37505 27.356516 27.37466 27.289295 26.757914 26.35795 25.700968 25.602161 25.809113 25.742973 25.907305 25.906723 26.300558 26.88213 26.85425 26.953037
27.034948 26.272894 26.183092 26.699429 26.699913 26.477749 26.177763 25.831724 25.401722 25.109047 25.33701 25.365343 25.332897 25.641659 25.786562 25.525587 25.296118 25.561918 26.897951 27.36828 27.572824 27.59131 27.214298 26.641539 26.50026 26.489485 26.528423 26.556883 26.487064 26.573868 -32767.0 25.89509 26.404478 27.066437 27.04587 27.450003 27.993895 28.195091 28.113995 27.71571 28.115534 27.994421 27.339842 27.202713 27.28838 27.358511 27.29265 27.518227 27.445314 26.819202 26.202885 25.739405 25.684542 25.649916 25.668777 25.828524 26.074045 26.779089 26.870836 26.851786 26.860008
25.541712 25.526237 25.547096 25.824238 26.325212 26.821281 26.738714 26.064852 25.386292 25.042429 25.682575 25.586187 25.40773 25.44765 25.49265 25.470184 25.444569 26.004982 26.97529 27.573149 27.67349 27.607151 27.292559 26.697718 26.556683 26.535 26.638493 26.61971 26.827236 26.566317 26.6962 27.055561 26.729012 26.867489 27.332117 28.106586 28.171467 28.304003 28.112738 27.980503 27.995049 28.000132 27.321848 27.14232 27.394358 27.386292 27.306725 27.4996 27.329874 26.813305 26.043386 25.661186 25.587574 25.537355 25.904152 25.786465 26.605131 26.829645 26.774014 26.928186 26.642162
25.752516 26.240063 26.475979 26.365967 26.614998 26.65562 26.982473 26.62073 25.558659 25.245773 25.491444 25.673977 25.553072 25.733307 25.725985 25.702715 25.877386 26.2118 26.335634 27.388237 27.600481 27.61821 27.480785 26.984869 27.16291 27.576263 27.721354 27.765799 -32767.0 27.181303 27.095509 -32767.0 26.654016 27.22852 27.79852 28.208794 28.231619 28.143766 28.120083 27.808931 27.701178 27.918644 27.133804 27.042137 27.497005 27.327955 27.313744 27.48791 27.248537 26.885866 26.004478 25.61433 25.682898 25.778624 25.851599 26.26638 26.86403 26.765533 26.878487 26.896868 26.44786
25.2762 24.576532 25.123064 26.490454 26.957659 27.136541 27.234901 27.177801 26.461143 25.74933 25.61651 25.55098 25.536163 25.634193 25.804365 25.993536 26.28122 26.383368 26.735722 26.87601 27.042795 27.407173 27.26942 27.285948 27.172192 27.1993 27.192297 27.37395 27.57927 -32767.0 27.16961 26.68289 27.361137 27.725348 28.258781 28.270157 28.224102 28.307932 28.077059 27.574987 27.651072 27.611359 27.001661 26.982342 27.10862 27.338528 27.233328 27.463486 27.336197 27.031158 26.17053 25.61785 25.709776 25.812756 25.883177 26.774204 26.842297 26.779663 26.945278 26.753853 26.38945
25.832096 25.241991 25.967491 25.953365 26.382778 27.122442 27.185242 27.403027 27.149609 26.820456 26.434513 26.24962 26.37535 26.496397 26.536564 26.779245 26.830915 26.880283 27.38417 27.860165 28.14652 27.986176 27.426527 27.155375 27.101854 27.159584 27.177628 28.164412 27.934097 28.224855 28.238905 28.259346 28.411652 28.288395 28.261385 28.12828 28.231487 28.159927 27.964045 27.580334 27.67476 27.209667 27.123728 27.11298 26.947273 27.139223 27.13953 27.358208 27.193745 27.251688 26.541204 25.7355 25.725327 25.871286 26.384811 26.916193 26.784601 26.883461 26.879526 26.607609 26.346846
24.797132 25.499235 26.279213 26.720373 27.04401 27.32065 27.523287 27.516293 27.560335 27.51773 27.318281 27.23784 27.34527 27.25648 27.278727 27.212101 27.172613 27.641022 28.41763 28.563972 28.540691 28.581644 28.556871 28.527264 28.149881 27.98548 28.27431 28.244846 28.17235 28.252705 28.22021 28.292711 28.320467 28.260946 28.165907 28.138063 28.045794 28.01729 27.87239 27.616869 27.66332 27.346382 27.09992 27.299477 27.256605 27.102383 27.31867 26.976444 26.934261 27.282372 27.08796 26.337826 25.946459 26.427465 27.04207 26.836702 26.840986 26.92449 26.763803 26.432833 26.34471
24.81218 26.103006 26.687431 27.308825 27.31785 27.45999 27.675076 27.840796 27.735231 27.749239 27.764439 27.775333 27.670221 27.474152 27.407305 27.39045 27.849066 28.534779 28.533836 28.631119 28.738672 28.813604 28.798992 28.745518 28.752134 28.780165 28.704996 28.555882 28.535702 28.605497 28.327461 28.160889 28.374548 28.145329 28.114208 27.972498 27.866972 27.740232 27.74473 27.800123 27.630869 27.621473 27.271732 27.042597 27.299616 27.477339 27.309275 27.282976 27.207636 26.893044 27.046843 27.07329 27.028402 27.139795 26.849474 26.891895 26.962954 26.885803 26.45705 26.449509 26.285097
22.916204 24.867598 26.312304 27.131296 27.645697 27.751225 27.828524 27.97249 28.014925 27.932903 27.889599 27.83699 27.649487 27.522697 27.549747 27.8566 28.470612 28.530453 28.660816 28.875753 28.994144 29.004982 28.959822 28.91318 28.859346 28.866152 28.684034 28.59681 28.693064 28.810045 28.780132 28.435806 28.374498 28.174723 28.101906 28.04886 27.969582 27.81503 27.722475 27.697884 27.656065 27.626589 27.679241 27.479382 27.476362 27.52007 27.675198 27.377417 27.274601 27.275259 27.165926 27.162691 27.119814 26.9019 26.96707 26.977892 26.914984 26.53909 26.585377 26.288527 26.00574
24.970999 25.260532 26.446987 27.499662 28.087847 28.141945 28.062815 28.059395 28.129847 28.069206 27.873411 27.709036 27.73604 27.885246 28.052734 28.289948 28.509317 28.641539 28.859604 29.004135 29.123327 29.007656 28.893312 28.826681 28.68553 28.283054 28.102833 28.439651 28.768093 28.768915 28.670383 28.519953 28.21006 28.179377 28.191048 28.056753 27.951935 27.89974 27.90263 27.896692 27.798933 27.662304 27.591812 27.68119 27.7648 27.773197 27.884022 27.475597 27.295174 27.241976 27.211603 27.158665 26.979706 27.05182 27.056746 26.93984 26.64796 26.594622 26.51647 26.303854 26.151918
24.808424 25.697435 27.216173 28.322172 28.570879 28.433216 28.295591 28.217377 28.135431 28.05809 27.91212 27.94859 28.022404 28.186798 28.421597 28.671778 28.552238 28.785826 28.982265 29.096193 29.098946 28.619892 28.486242 28.648531 28.75807 28.824776 28.659029 28.087646 28.81493 28.821953 28.610096 28.400167 28.14395 28.056395 28.078653 28.181435 28.172176 28.153164 28.077194 28.015257 27.968452 27.898027 27.743204 27.62421 27.629307 27.60007 27.558971 27.324144 27.22571 27.232653 27.177341 27.078571 27.207985 27.194307 26.997627 26.74391 26.709799 26.73953 26.397173 26.262335 26.30266
25.72211 27.43225 27.515509 28.567934 28.716724 28.643362 28.380556 28.24225 28.096031 28.007988 27.985098 28.0123 28.110022 28.394993 28.533163 28.4275 28.668741 28.95227 29.00925 29.172403 28.660583 28.392342 28.483624 28.515316 28.498522 28.7258 28.110004 27.863075 28.150854 28.390778 28.205452 28.028376 28.15622 28.297453 28.180311 28.1058 28.025696 27.92115 27.828072 27.84955 27.87799 27.88753 27.85799 27.753092 27.693073 27.648565 27.386175 27.28616 27.266235 27.266758 27.294523 27.335663 27.396996 27.017433 26.877228 26.883356 26.782768 26.724817 26.398327 26.695591 26.480501
26.651882 27.904861 28.234644 28.596224 28.621717 28.681223 28.538042 28.229454 28.084675 27.896585 28.028906 28.127287 28.199596 28.335367 28.504997 28.615824 28.890955 28.994097 29.014048 29.200205 28.323673 28.208887 28.08892 28.008698 -32767.0 27.840984 27.970407 28.022482 28.094511 27.858475 27.990992 28.301077 28.1851 27.995913 27.839575 27.740206 27.671528 27.589891 27.540865 27.600399 27.77919 27.773148 27.786947 27.78623 27.709343 27.453503 27.365408 27.266884 27.206877 27.21211 27.28378 27.342627 27.108315 27.088799 27.247955 27.213482 26.910952 26.863173 26.593054 26.633425 26.585257
27.401178 28.263128 28.581144 28.7256 28.739416 28.571348 28.777534 28.512026 28.250288 28.101393 28.110834 28.285545 28.375456 28.498287 28.689379 28.83355 29.011433 28.987745 28.952581 29.189262 28.610172 28.267765 28.143055 28.096172 27.533426 28.08057 28.033659 27.830772 27.802034 28.009008 28.278204 28.259825 27.99804 27.861492 27.784159 27.757174 27.69344 27.63091 27.61987 27.530516 27.618868 27.671432 27.701017 27.747507 27.578817 27.391 27.280352 27.249138 27.213531 27.145878 27.218315 27.197996 27.20608 27.29919 27.305658 27.285292 27.006166 26.983864 26.987862 26.920807 26.956488
28.294704 28.630316 28.727587 28.887486 28.74425 28.607994 28.688738 28.80459 28.661348 28.420465 28.337831 28.394997 28.587873 28.80387 28.999123 29.035217 29.003098 28.886286 28.823563 29.136463 28.7588 28.45624 28.296131 -32767.0 28.165112 27.948673 27.728888 27.775227 27.99637 28.29599 28.343363 28.18035 28.087494 27.894907 27.86042 27.81353 27.760359 27.639082 27.587185 27.4899 27.467852 27.50451 27.676838 27.586674 27.422867 27.340336 27.220509 27.206684 27.237434 27.278875 27.35578 27.526217 27.785532 27.804499 27.737381 27.40335 27.068731 27.062916 27.12402 27.019648 27.074568
28.881973 28.919086 28.905846 28.829567 28.685905 28.750277 28.811348 28.815565 28.852846 28.74573 28.65507 28.750507 28.99034 29.336882 29.20322 29.0087 28.871197 28.764969 28.7794 28.923374 28.672949 28.507553 28.319788 27.837656 27.766426 27.755138 27.890985 28.028368 28.270243 28.333065 28.38289 28.25221 28.107763 27.952534 27.876211 27.791664 27.56841 27.510723 27.419966 27.340542 27.365025 27.572515 27.634352 27.483763 27.400074 27.345407 27.258533 27.42694 27.677452 27.9729 28.188217 28.219654 28.200209 28.213148 27.871878 27.462738 27.057322 27.284653 27.340475 27.275482 27.323174
29.052286 29.052338 28.9551 28.855186 28.724253 28.714886 28.694254 28.793465 28.838964 28.792183 28.730125 29.140486 29.300386 29.399065 29.033169 28.93264 28.72724 28.71024 28.83121 28.28809 28.452791 28.417192 28.198217 27.787 27.834482 27.955168 28.046104 28.276117 28.254534 28.399166 28.481588 28.273397 28.062654 28.030361 27.87659 27.669466 27.491787 27.465424 27.280224 27.227858 27.472456 27.64558 27.558748 27.472324 27.436213 27.55806 27.878263 28.050194 28.200338 28.302164 28.37553 28.437511 28.388279 28.138948 27.838701 27.463284 27.571152 27.857561 27.912325 27.708345 27.540512
29.116154 29.151854 29.077139 29.016035 28.773764 28.744427 28.696106 28.828787 28.88494 28.749365 29.097727 29.398655 29.348513 29.249096 28.933153 28.707436 28.614971 28.6388 28.911283 28.188257 28.166815 28.372583 28.119717 27.930157 27.973576 28.14803 28.20371 28.310665 28.323927 28.440277 28.50792 28.23979 28.06855 28.098047 27.879765 27.642143 27.437073 27.22419 27.216105 27.454561 27.65018 27.625542 27.522886 27.521568 27.757414 28.128817 28.328417 28.332256 28.373808 28.419682 28.42354 28.513252 28.598337 28.309177 27.882347 27.423853 27.844301 28.30185 28.866686 28.917574 28.599007
29.010513 29.146284 29.249935 29.124548 28.992264 28.934307 28.877407 28.832138 28.771515 28.977293 29.16948 29.399755 29.384884 29.156202 28.773893 28.657076 28.797821 28.727299 28.980635 29.037222 -32767.0 28.221355 28.115194 28.113932 28.035515 28.237267 28.350271 28.279211 28.41231 28.482767 28.510532 28.20741 28.09406 28.132711 27.909046 27.702454 27.507132 27.417292 27.512749 27.613508 27.691114 27.642115 27.603867 27.850285 28.27362 28.422823 28.508854 28.538677 28.55984 28.61216 28.621525 28.803314 28.873804 28.723372 28.120422 27.652994 27.860462 28.465675 28.69801 28.797228 28.939749
