static/data/thetao/2023/7/7/6.asc
ncols 137
nrows 93
xllcorner 108.0
yllcorner 17.0
cellsize 0.25
NODATA_value -32767
[rows 54 to 80 of 93, columns 0 to 60 of 137]
-32767.0 -32767.0 -32767.0 -32767.0 -32767.0 -32767.0 -32767.0 -32767.0 -32767.0 -32767.0 -32767.0 -32767.0 -32767.0 -32767.0 -32767.0 -32767.0 -32767.0 -32767.0 -32767.0 -32767.0 -32767.0 -32767.0 -32767.0 -32767.0 -32767.0 -32767.0 -32767.0 -32767.0 -32767.0 -32767.0 -32767.0 -32767.0 -32767.0 -32767.0 -32767.0 -32767.0 -32767.0 -32767.0 -32767.0 -32767.0 -32767.0 -32767.0 -32767.0 -32767.0 -32767.0 -32767.0 -32767.0 -32767.0 25.10988 24.535757 24.197803 25.30248 26.233902 27.112583 28.388733 29.571856 29.386387 28.875664 29.398743 29.333607 29.250166
-32767.0 -32767.0 -32767.0 -32767.0 -32767.0 -32767.0 -32767.0 -32767.0 -32767.0 -32767.0 -32767.0 -32767.0 -32767.0 -32767.0 -32767.0 -32767.0 -32767.0 -32767.0 -32767.0 -32767.0 -32767.0 -32767.0 -32767.0 -32767.0 -32767.0 -32767.0 -32767.0 -32767.0 -32767.0 -32767.0 -32767.0 -32767.0 -32767.0 -32767.0 -32767.0 -32767.0 -32767.0 -32767.0 -32767.0 -32767.0 -32767.0 -32767.0 -32767.0 -32767.0 -32767.0 -32767.0 -32767.0 30.258001 -32767.0 24.252354 25.225466 26.27318 27.171022 27.997746 29.505234 29.709663 29.10688 29.30414 29.32775 29.310068 29.100424
-32767.0 -32767.0 -32767.0 -32767.0 -32767.0 -32767.0 -32767.0 -32767.0 -32767.0 -32767.0 -32767.0 -32767.0 -32767.0 -32767.0 -32767.0 -32767.0 -32767.0 -32767.0 -32767.0 -32767.0 -32767.0 -32767.0 -32767.0 -32767.0 -32767.0 -32767.0 -32767.0 -32767.0 -32767.0 -32767.0 -32767.0 -32767.0 -32767.0 -32767.0 -32767.0 -32767.0 -32767.0 -32767.0 -32767.0 -32767.0 -32767.0 -32767.0 -32767.0 -32767.0 -32767.0 -32767.0 -32767.0 29.381594 24.366394 24.174604 25.52539 26.958042 28.363634 29.17291 30.04565 29.37594 29.425968 29.275455 29.037231 29.939232 30.311203
-32767.0 -32767.0 -32767.0 -32767.0 -32767.0 -32767.0 -32767.0 -32767.0 -32767.0 -32767.0 -32767.0 -32767.0 -32767.0 -32767.0 -32767.0 -32767.0 -32767.0 -32767.0 -32767.0 -32767.0 -32767.0 -32767.0 -32767.0 -32767.0 -32767.0 -32767.0 -32767.0 -32767.0 -32767.0 -32767.0 -32767.0 -32767.0 -32767.0 -32767.0 -32767.0 -32767.0 -32767.0 -32767.0 -32767.0 -32767.0 -32767.0 -32767.0 -32767.0 -32767.0 -32767.0 -32767.0 -32767.0 28.71557 23.739653 24.806215 26.384382 27.573364 28.632212 29.747019 29.47668 28.834343 28.560179 29.779839 30.859264 30.68025 30.646582
-32767.0 -32767.0 -32767.0 -32767.0 -32767.0 -32767.0 -32767.0 -32767.0 -32767.0 -32767.0 -32767.0 -32767.0 -32767.0 -32767.0 -32767.0 -32767.0 -32767.0 -32767.0 -32767.0 -32767.0 -32767.0 -32767.0 -32767.0 -32767.0 -32767.0 -32767.0 -32767.0 -32767.0 -32767.0 -32767.0 -32767.0 -32767.0 -32767.0 -32767.0 -32767.0 -32767.0 -32767.0 -32767.0 -32767.0 -32767.0 -32767.0 -32767.0 -32767.0 -32767.0 -32767.0 30.750996 -32767.0 28.084919 24.12298 25.718554 27.436182 28.100306 28.769316 29.936502 29.40762 29.377352 29.77495 30.568815 30.902218 30.674519 30.585812
-32767.0 -32767.0 -32767.0 -32767.0 -32767.0 -32767.0 -32767.0 -32767.0 -32767.0 -32767.0 -32767.0 -32767.0 -32767.0 -32767.0 -32767.0 -32767.0 -32767.0 -32767.0 -32767.0 -32767.0 -32767.0 -32767.0 -32767.0 -32767.0 -32767.0 -32767.0 -32767.0 -32767.0 -32767.0 -32767.0 -32767.0 -32767.0 -32767.0 -32767.0 -32767.0 -32767.0 -32767.0 -32767.0 -32767.0 -32767.0 -32767.0 -32767.0 -32767.0 -32767.0 -32767.0 -32767.0 27.305967 24.619493 24.910007 26.82974 27.38827 28.364183 28.934944 29.567844 29.784542 30.261406 29.431515 29.7156 30.890022 30.723948 30.603392
-32767.0 -32767.0 -32767.0 -32767.0 -32767.0 -32767.0 -32767.0 -32767.0 -32767.0 -32767.0 -32767.0 -32767.0 -32767.0 -32767.0 -32767.0 -32767.0 -32767.0 -32767.0 -32767.0 -32767.0 -32767.0 -32767.0 -32767.0 -32767.0 -32767.0 -32767.0 -32767.0 -32767.0 -32767.0 -32767.0 -32767.0 -32767.0 -32767.0 -32767.0 -32767.0 -32767.0 -32767.0 -32767.0 -32767.0 -32767.0 -32767.0 -32767.0 -32767.0 -32767.0 28.898502 26.127104 24.562763 25.472574 26.639778 27.152807 27.505617 28.632946 -32767.0 -32767.0 -32767.0 -32767.0 30.927668 30.783215 30.60543 30.781929 30.553347
-32767.0 -32767.0 -32767.0 -32767.0 -32767.0 -32767.0 -32767.0 -32767.0 -32767.0 -32767.0 -32767.0 -32767.0 -32767.0 -32767.0 -32767.0 -32767.0 -32767.0 -32767.0 -32767.0 -32767.0 -32767.0 -32767.0 -32767.0 -32767.0 -32767.0 -32767.0 -32767.0 -32767.0 -32767.0 -32767.0 -32767.0 -32767.0 -32767.0 -32767.0 -32767.0 -32767.0 -32767.0 -32767.0 -32767.0 -32767.0 -32767.0 -32767.0 -32767.0 26.27649 24.94382 25.301804 27.030495 28.382996 28.152891 27.755354 28.552328 29.230303 -32767.0 -32767.0 -32767.0 -32767.0 30.957811 30.902899 30.950912 30.87474 30.519053
-32767.0 -32767.0 -32767.0 -32767.0 -32767.0 -32767.0 -32767.0 -32767.0 -32767.0 -32767.0 -32767.0 -32767.0 -32767.0 -32767.0 -32767.0 -32767.0 -32767.0 -32767.0 -32767.0 -32767.0 -32767.0 -32767.0 -32767.0 -32767.0 -32767.0 -32767.0 -32767.0 -32767.0 -32767.0 -32767.0 -32767.0 -32767.0 -32767.0 -32767.0 -32767.0 -32767.0 -32767.0 -32767.0 -32767.0 -32767.0 -32767.0 29.232643 29.306385 24.767958 25.830778 26.662308 27.458775 29.3527 28.282907 28.678066 28.628603 -32767.0 -32767.0 -32767.0 -32767.0 -32767.0 30.761972 30.95371 30.995064 30.876385 30.233751
-32767.0 -32767.0 -32767.0 -32767.0 -32767.0 -32767.0 -32767.0 -32767.0 -32767.0 -32767.0 -32767.0 -32767.0 -32767.0 -32767.0 -32767.0 -32767.0 -32767.0 -32767.0 -32767.0 -32767.0 -32767.0 -32767.0 -32767.0 -32767.0 -32767.0 -32767.0 -32767.0 -32767.0 -32767.0 -32767.0 -32767.0 -32767.0 -32767.0 -32767.0 -32767.0 -32767.0 -32767.0 -32767.0 -32767.0 -32767.0 -32767.0 27.110722 25.231148 25.521059 26.152866 28.291864 29.42068 28.938988 28.640686 28.367521 30.88379 -32767.0 -32767.0 -32767.0 -32767.0 30.454613 30.898794 30.930347 30.88087 30.551674 30.25382
-32767.0 -32767.0 -32767.0 -32767.0 -32767.0 -32767.0 -32767.0 -32767.0 -32767.0 -32767.0 -32767.0 -32767.0 -32767.0 -32767.0 -32767.0 -32767.0 -32767.0 -32767.0 -32767.0 -32767.0 -32767.0 -32767.0 -32767.0 -32767.0 -32767.0 -32767.0 -32767.0 -32767.0 -32767.0 -32767.0 -32767.0 -32767.0 -32767.0 -32767.0 -32767.0 -32767.0 -32767.0 -32767.0 -32767.0 28.219168 26.248636 24.936552 24.715786 26.057913 29.758793 29.701008 29.092793 27.688877 29.457811 31.168335 -32767.0 -32767.0 -32767.0 -32767.0 -32767.0 30.685455 30.905598 30.990923 30.754404 30.235783 30.067747
-32767.0 -32767.0 -32767.0 -32767.0 -32767.0 -32767.0 -32767.0 -32767.0 -32767.0 -32767.0 -32767.0 -32767.0 -32767.0 -32767.0 -32767.0 -32767.0 -32767.0 -32767.0 -32767.0 -32767.0 -32767.0 -32767.0 -32767.0 -32767.0 -32767.0 -32767.0 -32767.0 -32767.0 -32767.0 -32767.0 -32767.0 -32767.0 -32767.0 -32767.0 -32767.0 -32767.0 -32767.0 -32767.0 26.510044 24.948124 23.84406 24.305273 25.294222 28.403778 29.716091 29.790537 29.135448 29.160414 30.617062 31.205528 -32767.0 -32767.0 -32767.0 -32767.0 -32767.0 30.280006 30.904993 30.876297 30.478792 29.974192 29.903545
-32767.0 -32767.0 -32767.0 -32767.0 -32767.0 -32767.0 -32767.0 -32767.0 -32767.0 -32767.0 -32767.0 -32767.0 -32767.0 -32767.0 -32767.0 -32767.0 -32767.0 -32767.0 -32767.0 -32767.0 -32767.0 -32767.0 -32767.0 -32767.0 -32767.0 -32767.0 -32767.0 -32767.0 -32767.0 -32767.0 -32767.0 -32767.0 -32767.0 -32767.0 -32767.0 -32767.0 26.324423 24.360142 23.063118 23.456375 24.460123 26.282299 28.680061 29.539518 30.241467 29.040443 -32767.0 29.955162 30.54937 -32767.0 -32767.0 -32767.0 -32767.0 -32767.0 29.39428 30.32536 30.469797 30.715982 29.788925 29.519163 29.747553
-32767.0 -32767.0 -32767.0 -32767.0 -32767.0 -32767.0 -32767.0 -32767.0 -32767.0 -32767.0 -32767.0 -32767.0 -32767.0 -32767.0 -32767.0 -32767.0 -32767.0 -32767.0 -32767.0 -32767.0 -32767.0 -32767.0 -32767.0 -32767.0 -32767.0 -32767.0 -32767.0 -32767.0 -32767.0 -32767.0 -32767.0 -32767.0 -32767.0 -32767.0 -32767.0 25.170244 23.157143 23.16348 24.538961 25.149067 26.849712 28.324093 29.482748 29.99032 30.688206 29.10408 -32767.0 30.708841 30.64781 -32767.0 -32767.0 -32767.0 -32767.0 -32767.0 30.272755 30.499182 30.257137 30.041979 29.194273 29.007593 29.559181
-32767.0 -32767.0 -32767.0 -32767.0 -32767.0 -32767.0 -32767.0 -32767.0 -32767.0 -32767.0 -32767.0 -32767.0 -32767.0 -32767.0 -32767.0 -32767.0 -32767.0 -32767.0 -32767.0 -32767.0 -32767.0 -32767.0 -32767.0 -32767.0 -32767.0 -32767.0 -32767.0 -32767.0 -32767.0 -32767.0 -32767.0 -32767.0 -32767.0 -32767.0 -32767.0 24.373446 24.726421 26.621422 27.479494 27.644989 27.976568 29.065392 28.541126 23.916786 20.665443 23.290506 29.50341 30.807474 31.259157 -32767.0 -32767.0 -32767.0 -32767.0 -32767.0 30.207714 30.722782 30.400906 29.653667 29.113218 28.883095 29.40835
-32767.0 -32767.0 -32767.0 -32767.0 -32767.0 -32767.0 -32767.0 -32767.0 -32767.0 -32767.0 -32767.0 -32767.0 -32767.0 -32767.0 -32767.0 -32767.0 -32767.0 -32767.0 -32767.0 -32767.0 -32767.0 -32767.0 -32767.0 -32767.0 -32767.0 -32767.0 -32767.0 31.166668 -32767.0 28.651913 -32767.0 26.83681 26.478388 25.878117 26.061049 26.439962 26.886759 27.6121 28.46375 28.97635 29.92586 28.129395 29.373608 25.887247 27.871548 29.528833 30.941965 31.039042 31.024939 -32767.0 -32767.0 -32767.0 -32767.0 28.5642 30.158241 30.528978 29.885187 29.465096 29.188908 29.10368 29.195723
-32767.0 -32767.0 -32767.0 -32767.0 -32767.0 -32767.0 -32767.0 -32767.0 -32767.0 -32767.0 -32767.0 -32767.0 -32767.0 -32767.0 -32767.0 -32767.0 -32767.0 -32767.0 -32767.0 -32767.0 -32767.0 -32767.0 -32767.0 31.508709 -32767.0 -32767.0 25.710684 26.510536 27.209063 27.394058 27.453915 27.509119 27.72054 27.564936 27.878176 28.339079 28.514444 29.221954 29.501436 29.866867 29.8862 29.82169 30.529446 30.458015 30.65152 30.457903 30.547163 30.602688 30.768814 30.932253 -32767.0 -32767.0 28.952553 28.112495 29.489927 29.605385 29.655186 29.74752 29.550259 29.323847 29.160143
-32767.0 -32767.0 -32767.0 -32767.0 -32767.0 -32767.0 -32767.0 -32767.0 -32767.0 -32767.0 -32767.0 -32767.0 -32767.0 -32767.0 -32767.0 -32767.0 -32767.0 -32767.0 -32767.0 -32767.0 -32767.0 -32767.0 -32767.0 31.678244 31.4984 28.337128 27.77145 28.313246 28.372845 28.712368 29.093935 29.029001 29.086056 29.385744 29.455143 29.64132 29.864769 30.139597 30.292284 30.19878 30.308641 30.25109 30.222855 30.314438 30.378582 30.434683 30.564972 30.63474 30.577644 30.613314 30.49892 -32767.0 29.129541 27.23225 29.226269 29.470776 29.67958 30.122597 29.949974 29.308168 29.244404
-32767.0 -32767.0 -32767.0 -32767.0 -32767.0 -32767.0 -32767.0 -32767.0 -32767.0 -32767.0 -32767.0 -32767.0 -32767.0 -32767.0 -32767.0 -32767.0 -32767.0 -32767.0 -32767.0 -32767.0 32.128902 31.285938 30.223312 28.960571 27.539566 -32767.0 28.143412 28.940989 29.739475 30.146412 30.295876 30.341936 30.338522 30.346128 30.293547 30.255535 30.23161 30.216482 30.191212 30.177809 30.238829 30.309265 30.343128 30.44945 30.523678 30.571321 30.585966 30.636686 30.590652 30.477505 30.442823 -32767.0 28.479574 28.19088 29.945091 29.880354 30.169407 30.091026 29.824957 29.14136 29.368593
-32767.0 -32767.0 31.492935 -32767.0 -32767.0 -32767.0 -32767.0 -32767.0 -32767.0 -32767.0 -32767.0 -32767.0 -32767.0 -32767.0 -32767.0 -32767.0 31.756779 -32767.0 31.263885 31.53189 29.210817 28.120775 28.356863 28.876883 29.648136 29.085999 29.699364 30.254053 30.29689 30.316803 30.326067 30.32835 30.255592 30.259432 30.343582 30.391188 30.414726 30.40173 30.363056 30.357403 30.40301 30.453627 30.493397 30.528969 30.626188 30.62805 30.621832 30.610811 30.567678 30.446287 30.650608 30.758736 30.482347 30.508183 30.42766 30.186579 30.025373 29.935984 29.656706 29.536943 29.345905
-32767.0 31.172562 31.291796 31.260092 31.492933 -32767.0 32.385563 32.183975 -32767.0 -32767.0 -32767.0 -32767.0 -32767.0 31.965494 31.463882 30.081188 28.841284 28.875872 28.935696 29.03606 29.28806 29.48365 29.718298 29.82836 29.915031 30.168152 30.135757 30.165287 30.226145 30.25178 30.246792 30.231731 30.297892 30.36306 30.42102 30.454166 30.464842 30.442593 30.44367 30.483665 30.50396 30.47576 30.554873 30.627592 30.692657 30.675108 30.827536 30.813015 30.714148 30.675812 30.621132 30.61387 30.605368 30.466629 30.349672 30.238894 30.050207 29.928076 29.766254 29.637829 29.29097
30.88384 29.488358 29.97576 30.56239 31.073204 31.412376 31.87877 32.348774 -32767.0 -32767.0 -32767.0 31.219069 30.199114 29.13319 29.198645 29.199915 29.229237 29.414322 29.590378 29.533978 29.577465 29.512318 29.615028 29.690388 29.745346 29.922413 29.969162 30.04409 30.13253 30.191053 30.206911 30.26386 30.301817 30.366692 30.438072 30.52759 30.526442 30.493359 30.525135 30.510721 30.41713 30.577845 30.628208 30.688896 30.679453 30.870962 30.870136 30.807966 30.74258 30.844654 30.615442 30.626968 30.505543 30.493631 30.03239 29.886475 29.886715 29.931051 29.814047 29.529451 29.323774
28.654356 29.563461 29.864323 29.935158 30.302166 30.965122 31.839968 -32767.0 -32767.0 32.04183 -32767.0 27.793713 28.947065 29.217602 29.285238 29.372843 29.496058 29.413645 29.34732 29.28257 29.147625 29.323963 29.494026 29.62667 29.752777 29.751856 29.905514 30.125458 30.220564 30.277302 30.249548 30.28677 30.426247 30.446682 30.51418 30.504372 30.461708 30.35447 30.322733 30.482578 30.628635 30.626211 30.683958 30.679821 30.777266 30.881346 30.906267 30.900068 30.825184 30.86656 30.743519 30.588259 30.353493 30.201876 30.220541 30.05781 30.013668 29.84858 29.704823 29.498392 29.756842
30.07978 30.14806 30.266258 30.373499 30.564192 30.920546 31.866066 32.61366 -32767.0 -32767.0 31.356747 29.146933 29.483603 29.243464 29.385262 29.574404 29.574146 29.360434 29.202929 29.343601 29.620947 29.564049 29.592659 29.86646 30.093586 30.05543 30.205534 30.215487 30.293356 30.29719 30.305801 30.447197 30.40827 30.465748 30.512297 30.608786 30.576874 30.41867 30.548662 30.677713 30.854006 30.733969 30.697515 30.751171 30.950983 30.861046 30.826353 30.817307 30.898521 30.931608 30.946363 30.820787 30.744678 30.656052 30.665062 30.1902 29.902206 29.805273 29.763414 29.759712 29.754372
29.96317 30.049583 30.257046 30.4604 30.77668 31.100903 31.295368 32.024254 -32767.0 -32767.0 31.205626 30.916388 30.256807 29.411402 29.526691 29.215256 29.237148 29.284515 29.370617 29.384342 29.420614 29.382704 29.879604 30.220425 30.2548 30.23389 30.249294 30.239151 30.278566 30.333817 30.458328 30.526604 30.457773 30.488771 30.531614 30.477114 30.557608 30.564137 30.67977 30.841686 30.986876 30.895744 30.878084 30.985237 31.024242 30.91767 30.901419 30.964655 30.987398 31.006409 31.104145 31.076538 31.07484 31.006235 30.863283 30.788153 -32767.0 30.380833 30.053015 29.900446 29.795986
29.717386 29.886791 30.12376 30.496475 30.947615 31.451206 31.49344 31.451464 31.634893 31.36455 30.76888 30.725233 30.434614 29.763632 28.85356 27.505365 27.363676 27.618378 28.042114 28.451536 28.913355 29.519474 30.24169 30.247179 30.198498 30.21783 30.223911 30.229298 30.365278 30.51319 30.580235 30.594654 30.590197 30.547268 30.568874 30.61517 30.648722 30.675806 30.720602 30.779728 31.069168 31.051003 31.082987 31.164253 31.090078 31.065361 31.129173 31.290382 31.236778 31.127632 31.065012 31.118553 31.217918 31.17961 31.13531 31.136684 31.256464 31.170162 30.30195 29.928204 29.801138
29.860207 29.83752 29.908075 30.26652 30.87206 31.60538 31.965504 31.773539 31.503304 -32767.0 -32767.0 -32767.0 30.082163 29.309795 26.994356 26.818466 27.330437 28.073269 28.766659 29.294357 29.432486 29.874866 30.277645 30.225054 30.21144 30.222052 30.186768 30.278507 30.532576 30.628155 30.675611 30.709743 30.746807 30.784756 30.735455 30.708223 30.693819 30.754637 30.82146 30.817251 30.917591 31.019638 31.090591 31.104494 31.13183 31.245152 31.470978 31.464022 31.462906 31.36799 31.39813 31.420732 31.47593 31.316257 31.293623 31.424158 31.418417 31.341545 30.913939 29.919647 29.951176
