static/data/thetao/2023/7/15/0.asc
ncols 137
nrows 93
xllcorner 108.0
yllcorner 17.0
cellsize 0.25
NODATA_value -32767
[rows 27 to 53 of 93, columns 61 to 121 of 137]
25.034815 24.61977 24.221539 24.139776 23.88681 23.921364 24.319252 24.440426 24.629736 24.702799 24.884184 25.251593 -32767.0 -32767.0 23.276957 24.015142 24.99931 26.02384 26.244686 26.312378 26.532707 26.70161 26.642603 26.307392 25.917646 -32767.0 -32767.0 -32767.0 -32767.0 -32767.0 -32767.0 -32767.0 -32767.0 -32767.0 25.87265 24.73327 24.34768 -32767.0 -32767.0 -32767.0 26.287663 25.394659 25.313076 25.564692 25.72968 26.45437 26.627123 26.49761 24.723259 25.225615 25.476553 26.384878 26.728928 26.917593 26.93353 26.929432 26.938229 27.080542 27.439095 27.668875 27.88609
24.79367 24.429054 24.238308 24.127918 23.910944 23.951803 24.121504 24.443619 24.81899 24.9482 25.218271 25.400536 25.571806 25.60857 25.855145 26.132772 26.381964 26.454445 26.582594 26.668009 26.74186 26.764004 26.642195 -32767.0 25.808468 26.064154 -32767.0 -32767.0 27.562305 -32767.0 -32767.0 -32767.0 -32767.0 -32767.0 -32767.0 24.70334 24.256157 -32767.0 -32767.0 25.139502 25.220278 25.462189 25.602491 26.195324 26.708303 26.666471 26.382866 26.081594 24.77672 26.428087 26.357138 26.76391 26.784893 26.8935 26.878141 26.871979 27.046125 27.255424 27.528217 27.696434 27.942657
25.137308 24.402729 24.185469 24.157063 24.10614 24.226656 24.515257 24.676416 24.861767 25.197588 25.307888 25.332346 25.870255 26.24483 26.347815 26.554647 26.528036 26.587498 26.911928 27.02873 27.012186 26.860231 -32767.0 25.194376 25.809996 25.857273 26.323772 26.275095 -32767.0 26.8065 -32767.0 -32767.0 -32767.0 -32767.0 -32767.0 24.131554 25.01783 25.124989 24.318132 24.07975 25.470425 26.32088 25.865921 26.731974 26.880133 26.967377 26.60066 25.968208 25.25184 26.45135 26.853813 26.851215 26.8696 26.885519 26.916962 27.091549 27.17113 27.35696 27.569178 27.74538 27.986467
25.267567 25.080078 24.416714 24.106583 24.076488 24.090237 24.393991 24.63888 24.835947 25.03443 25.069395 25.377745 26.117569 26.285812 26.369926 26.584387 27.150177 27.347525 27.420166 27.495245 27.443924 27.318447 26.675165 26.151512 26.13986 26.052515 26.044476 26.171455 26.027832 27.326426 -32767.0 -32767.0 -32767.0 -32767.0 25.13028 26.471338 27.023678 27.031847 26.243279 25.677069 25.749624 26.663448 26.902386 26.646559 26.749063 27.061699 27.096191 27.00775 26.302382 25.835705 26.783167 26.773264 26.681301 26.977337 27.12994 27.214022 27.291008 27.42078 27.63975 27.813751 28.020811
25.46032 25.316763 24.890926 24.677267 24.626041 24.596748 24.550026 24.395334 24.617718 24.801197 25.019209 25.422188 26.073652 26.30224 26.50528 26.726114 27.005947 26.893368 26.813889 26.875391 27.03606 27.286179 27.562202 27.58355 27.390095 27.04496 26.530163 26.669819 26.653519 26.989481 -32767.0 -32767.0 -32767.0 -32767.0 26.319141 26.637112 26.444052 26.352835 26.390873 26.505894 26.526247 26.420906 26.589596 26.7276 26.80997 26.874222 26.93664 27.014572 26.965595 26.93635 26.522785 26.61046 26.535494 27.028662 27.269712 27.124315 27.3371 27.484034 27.73166 27.926563 28.069542
25.491592 25.462494 25.499317 25.542671 25.47491 25.338125 25.05279 24.747837 24.498884 24.441483 24.759079 25.272346 25.666468 26.224182 26.627935 26.768578 27.008022 27.039112 26.945812 27.234684 27.637547 27.820696 27.938402 27.647606 27.531496 27.266247 26.789293 26.519129 -32767.0 -32767.0 -32767.0 -32767.0 -32767.0 25.938507 26.255795 26.766733 26.610828 26.53718 26.686583 27.261402 27.801136 28.139936 28.323212 28.372993 28.43511 28.438427 28.219856 27.540983 26.866146 26.874302 26.937984 26.592155 26.533915 26.988708 27.194729 27.061958 27.291351 27.566898 27.86626 28.040066 28.125109
24.600767 25.13304 25.510603 26.323586 26.333895 26.078695 25.963364 25.62389 24.975996 24.869562 25.128273 25.473688 25.763 26.170055 26.567556 26.866629 27.08899 26.986713 27.086254 27.623459 27.952604 28.223738 28.239157 28.145817 27.731174 27.542482 26.896112 26.644846 -32767.0 -32767.0 -32767.0 -32767.0 -32767.0 24.71729 24.874207 26.161383 27.126513 28.309086 28.771933 28.72369 28.58955 28.491074 28.602455 28.669334 28.554243 28.458733 28.345015 28.45178 28.22699 26.899374 26.924202 26.888723 26.554426 26.94299 27.12286 27.101429 27.452942 27.647177 28.01806 28.132944 28.18101
24.462887 24.990076 26.104813 26.884892 26.743416 26.645945 26.422943 26.201275 25.90134 25.762545 25.909466 25.990105 26.189306 26.395144 26.753038 27.086195 27.261015 27.16053 27.641123 27.842947 27.935846 28.077803 28.155567 28.116379 28.017015 27.670984 27.106998 26.85489 27.401724 -32767.0 27.517607 -32767.0 -32767.0 24.642912 27.505854 28.44227 28.412445 28.650007 28.808414 28.93301 28.854544 28.902456 28.709723 28.514545 28.41266 28.384867 28.319818 28.472012 28.537888 27.729204 26.857859 27.03209 26.64775 26.899538 27.036003 27.258684 27.608454 27.820694 28.165636 28.220484 28.244492
23.995321 24.652008 25.756243 26.610748 26.79326 26.679003 26.752792 26.585148 26.435902 26.366644 26.462439 26.647533 26.742018 26.822363 26.963797 27.229942 27.262884 27.43023 27.635117 27.91109 28.042332 28.04264 28.05181 27.809162 27.924854 27.782763 27.54319 26.94139 27.069324 27.536118 28.039333 -32767.0 25.350412 27.74047 28.428984 28.599003 28.692854 28.851887 28.903494 28.933187 28.850061 28.672102 28.552168 28.413473 28.390991 28.35373 28.335499 28.466663 28.390337 28.422085 27.273155 27.157501 26.766508 26.852507 26.976099 27.507078 27.734642 28.032513 28.25603 28.286644 28.290302
22.175123 24.290852 25.330471 26.185955 26.869429 27.148092 27.121708 26.859983 26.802303 26.756697 27.07408 27.130722 27.266775 27.39956 27.470984 27.379297 27.441666 27.540567 27.74215 28.099798 28.265121 28.300499 28.19089 27.753166 27.792841 27.796965 27.803408 27.391764 27.105747 27.607153 -32767.0 27.948189 28.02989 28.240866 28.44393 28.657822 28.88796 29.036798 28.89028 28.911839 28.648434 28.53394 28.399574 28.30965 28.250292 28.34267 28.520123 28.317245 28.248415 28.215385 27.893158 27.416195 26.918278 26.816599 27.196009 27.517237 27.887184 28.215538 28.319607 28.356771 28.30777
21.829897 23.785719 25.025558 26.40996 26.992994 27.093462 27.09674 27.198122 27.180931 27.174774 27.338758 27.131237 27.17822 27.32095 27.457151 27.473137 27.62273 27.877554 28.209314 28.293156 28.389587 28.445103 28.432775 28.36753 27.633543 27.765457 27.590284 27.282404 27.539028 27.800463 27.851357 28.139204 28.082256 28.363132 28.433825 28.813028 28.851053 29.069601 28.996416 28.729786 28.573238 28.380335 28.396515 28.331308 28.274696 28.199074 28.17864 28.31527 28.286472 28.200907 27.919367 27.585178 27.040054 26.930513 27.38181 27.452948 28.030802 28.355211 28.381176 28.39185 28.233685
25.069262 26.8306 26.695679 25.970772 26.751131 27.231321 27.374353 27.493633 27.564995 27.417692 27.524937 27.64211 27.636616 27.619387 27.806635 27.92067 28.3161 28.433592 28.46935 28.534895 28.734848 28.844227 28.769066 28.613031 28.350815 27.605467 27.612482 27.570274 -32767.0 28.463346 28.367826 -32767.0 27.914965 28.321367 28.657698 29.031258 29.093855 28.96396 29.079649 28.707432 28.60389 28.390165 28.410933 28.371626 28.375927 28.336681 28.132023 28.039322 28.330849 28.287033 27.878471 27.756777 27.121748 27.044613 27.415745 27.557247 28.228874 28.421877 28.475447 28.336437 28.121754
24.306295 26.724718 27.289236 27.464146 27.417887 27.357264 27.437717 27.517714 27.455387 27.601166 27.706366 27.773281 27.971235 28.077492 28.251293 28.442566 28.516901 28.510447 28.711502 29.009768 29.037176 29.024155 28.999725 28.845955 28.694292 28.48354 27.806826 27.619272 28.11549 -32767.0 28.230558 27.882837 28.316967 28.44199 28.9247 29.230354 29.166016 29.022947 29.07247 28.809559 28.616016 28.462141 28.446634 28.499765 28.38948 28.369831 28.320381 28.278336 28.433714 28.36447 28.11338 27.87891 27.240273 27.152267 27.27258 27.74507 28.460976 28.447596 28.546007 28.245167 28.047842
25.713806 26.25096 26.43166 26.76785 27.319523 27.653267 27.665861 27.538513 27.529646 27.428967 27.546804 27.814936 27.969606 28.09484 28.167877 28.428062 28.579643 28.880093 28.984695 29.162563 29.174597 29.17285 29.177513 29.185463 29.078356 28.796867 28.685087 27.958754 27.760098 28.47928 28.265963 28.230476 28.713861 28.896961 29.158993 29.104969 29.038544 28.931166 29.072033 28.847876 28.635632 28.59185 28.498264 28.540958 28.41758 28.416756 28.72503 28.584055 28.552408 28.35473 28.265617 28.035341 27.459412 27.286438 27.512283 28.138666 28.53581 28.559155 28.477036 28.1154 27.936869
25.92627 26.186958 26.092937 26.55353 26.312222 26.829515 27.585835 27.83705 27.958725 28.095268 28.234224 28.293037 28.341085 28.404182 28.536972 28.59916 28.820593 28.90216 29.059261 29.265102 29.26326 29.326918 29.327257 29.264233 29.262909 29.17037 28.918316 27.707436 28.272924 28.375895 28.3457 28.62476 28.760246 29.00558 29.195812 29.20672 29.116232 29.075861 28.98101 28.831747 28.740673 28.784386 28.543678 28.599218 28.541615 28.492176 28.654356 28.654942 28.93072 28.710909 28.395956 28.378164 27.856552 27.805023 28.253208 28.632303 28.37362 28.636759 28.357477 27.905853 27.912708
25.906286 26.771126 27.211735 26.903248 27.435112 27.903069 28.003357 28.242996 28.335028 28.384687 28.363556 28.4776 28.576103 28.715279 28.657125 28.731895 29.01059 28.859673 29.117565 29.365948 29.381424 29.38656 29.257833 29.150991 29.159506 29.25224 29.094454 28.7361 28.692446 28.629278 28.56766 28.950626 29.044722 29.135693 29.196978 29.17245 29.132294 29.089422 29.002474 28.925037 28.854734 28.810719 28.621157 28.770231 28.75176 28.563921 28.523941 28.574602 28.6263 28.744703 28.571312 28.549843 28.325739 28.44239 28.575132 28.307087 28.573446 28.529325 28.237635 27.920385 27.932533
26.15946 27.780869 27.233252 27.769398 27.483562 27.841808 27.919668 28.304888 28.608526 28.746708 28.642662 28.611828 28.75257 28.74773 28.797924 29.050285 29.009867 28.909807 29.169336 29.480251 29.45075 29.365097 28.981737 28.88704 29.034767 29.23577 28.955044 28.984163 29.001623 28.975914 28.845655 29.126982 29.155363 29.236435 29.285593 29.227123 29.004948 28.909433 28.90958 28.9396 28.947096 28.922838 28.845922 28.587034 28.713442 28.862858 28.668047 28.528467 28.47241 28.344217 28.369272 28.330454 28.309998 28.357576 28.546947 28.629364 28.70014 28.46919 28.27137 28.158573 27.891655
26.186861 27.687613 28.14816 28.030193 28.12486 28.787529 28.851896 28.848347 29.004902 28.810211 28.81317 28.735613 28.784538 28.872398 28.941978 29.095894 29.0315 28.986486 29.390509 29.642826 29.511099 29.28814 28.888077 28.97527 28.968832 28.929852 29.092083 29.082874 28.949493 29.023603 29.098701 29.07213 29.1247 29.134335 29.07924 28.983892 29.006691 29.054573 29.0134 29.005157 28.952278 28.932888 28.966583 28.853983 28.749529 28.858232 28.900505 28.785425 28.563456 28.514343 28.535034 28.597616 28.682438 28.671713 28.680365 28.691484 28.589466 28.445885 28.300703 28.215437 28.204592
26.867123 26.991776 27.710724 28.424446 28.517445 28.24047 28.904123 28.896772 28.930523 28.901741 28.832602 28.843462 28.835766 28.876406 28.933552 28.948708 29.085436 29.392128 29.701782 29.735985 29.547873 29.188446 28.953663 29.11976 29.158186 29.169264 29.152365 29.099909 29.115957 29.135704 28.666523 28.724358 28.914083 29.020023 29.076134 29.100307 29.104734 29.094648 29.07396 29.036497 29.000471 28.89646 28.933577 29.036823 28.969212 28.898098 28.928068 28.809929 28.77614 28.730442 28.657814 28.600021 28.567497 28.62093 28.641136 28.590845 28.541094 28.413279 28.41051 28.180193 28.064604
27.564379 27.861147 27.468767 28.053907 28.55444 28.285404 28.77312 28.970627 29.124258 29.013845 28.827896 28.890911 28.848673 28.895626 29.059145 29.366291 29.61671 29.765745 29.880966 29.748533 29.493528 29.112774 28.652098 29.29067 29.22276 29.17516 28.76023 29.049397 29.093773 28.550623 28.826292 28.98641 29.065432 29.03158 28.975052 28.945438 28.923845 28.9401 28.93065 28.951717 28.984661 28.899496 28.88096 28.984797 29.062952 28.920736 28.87575 28.644102 28.715887 28.749718 28.72935 28.661695 28.684689 28.659761 28.590609 28.653479 28.564438 28.784258 28.767374 28.760843 28.385374
28.232904 28.196646 27.612663 28.351856 28.569021 28.388533 28.6264 29.05604 29.18766 29.117062 28.979803 28.948656 29.07825 29.193176 29.52288 29.845701 29.950775 29.977818 29.897213 29.582975 29.334581 29.093512 28.719591 28.414566 -32767.0 28.672459 28.585789 28.551151 28.791306 28.830557 29.039442 29.056988 28.857697 28.72084 28.665464 28.642214 28.678993 28.775776 28.815495 28.830975 28.925861 28.873896 28.787636 28.968405 29.042562 28.837946 28.619387 28.692537 28.746346 28.741106 28.717173 28.718966 28.712297 28.629192 28.562754 28.66524 28.696613 28.890062 28.920464 28.945126 28.488895
28.648182 28.94379 29.214968 29.050913 28.783844 28.514349 28.886723 29.278297 29.14788 29.094297 29.14331 29.144754 29.295158 29.677698 29.888378 29.858566 29.89123 29.803316 29.644587 29.357023 29.103561 29.05829 28.895018 28.679249 28.502773 28.90685 28.486933 28.698685 28.963081 29.021553 29.020744 28.806099 28.685686 28.530628 28.37109 28.337587 28.392551 28.557627 28.688137 28.744993 28.892733 28.834314 28.707756 28.986889 28.9145 28.540888 28.706402 28.82036 28.843336 28.837992 28.836306 28.802525 28.635492 28.778894 28.566336 28.70579 28.732086 28.755827 28.923983 28.78742 28.467945
28.80772 28.789936 29.087376 28.970512 28.726645 28.692911 29.118622 29.301544 29.130836 29.189415 29.259428 29.37195 29.527952 29.923384 29.78484 29.870243 29.750505 29.518087 29.258171 29.116302 29.077951 29.122622 28.828241 -32767.0 28.480843 28.433716 28.845528 28.878096 29.152285 29.04686 28.804922 28.620365 28.504185 28.348852 28.28345 28.410503 28.418934 28.541973 28.643589 28.72183 28.86886 28.76004 28.839043 28.958166 28.63431 28.694586 28.749052 28.876877 29.008268 29.053198 29.011992 29.047577 29.06054 29.06266 28.554653 28.628614 28.69542 28.747414 28.889751 28.425947 28.422974
29.254854 29.073608 29.080341 29.095137 29.33974 29.547207 29.410479 29.162643 29.193682 29.242088 29.097946 29.370852 29.88285 29.73413 29.838785 29.696424 29.36318 29.202818 29.110025 29.109577 29.145632 29.017569 28.564594 28.650826 28.44556 28.802155 28.861229 29.12463 29.186481 28.932432 28.655119 28.489883 28.553656 28.311966 28.478008 28.459929 28.440811 28.611519 28.713228 28.75622 28.806053 28.751663 28.935616 28.679337 28.65415 28.803284 29.02298 29.016506 29.162052 29.292831 29.244513 29.050596 29.147192 29.119606 28.594322 28.93138 28.694246 28.815117 28.780743 29.009676 28.786076
29.539352 29.234747 29.293158 29.492622 29.490927 29.409071 29.31488 29.185223 29.246763 29.31722 29.33655 29.735796 29.86225 29.606726 29.81359 29.426098 29.198067 29.132833 29.219982 29.005352 29.058243 28.534494 28.230347 28.389362 28.785524 28.835102 28.90391 29.230618 29.156702 28.870346 28.58464 28.537289 28.62322 28.41256 28.559244 28.603455 28.653915 28.66484 28.715563 28.749474 28.77276 28.856695 28.680502 28.647192 28.998093 29.137436 28.96952 29.230814 29.555996 29.580257 29.465275 29.045109 29.12411 28.907782 28.623222 28.85874 28.745758 28.6902 28.993153 28.962774 28.747532
29.428686 29.622295 29.599224 29.567749 29.565954 29.540466 29.431704 29.218946 29.327307 29.6067 29.869667 29.658333 29.57746 29.431318 29.685251 29.22848 29.186983 29.115416 29.223652 28.915741 29.041441 28.539297 28.47087 28.529781 28.867502 28.900211 28.957201 29.308416 29.205835 28.833363 28.517838 28.510902 28.706623 28.632627 28.432848 28.490353 28.574343 28.620214 28.6653 28.772165 28.856321 28.639404 28.55255 29.15391 29.2765 29.07532 29.05933 29.358812 29.618834 29.615423 29.54263 29.145884 29.045681 28.633453 28.795237 28.953985 28.8413 28.979267 28.890652 29.154282 29.341146
29.601452 29.579374 29.552458 29.607306 29.628948 29.62873 29.574125 29.54357 29.705551 29.813725 29.816105 29.440592 29.450153 29.254917 29.477669 29.240011 29.095787 29.141586 29.214233 29.488985 -32767.0 28.833948 28.755491 28.641392 28.950026 28.946468 29.016973 29.341461 29.241575 28.893814 28.509577 28.456789 28.617035 28.734911 28.69682 28.610306 28.593416 28.685896 28.78955 28.84476 28.65967 28.543976 29.111248 29.237244 29.211658 29.099733 29.046791 29.232794 29.657509 29.750484 29.646305 29.429716 28.906963 28.535173 28.721174 28.938745 28.963177 28.938923 29.325386 29.002508 29.21075
