static/data/thetao/2023/7/15/12.asc
ncols 137
nrows 93
xllcorner 108.0
yllcorner 17.0
cellsize 0.25
NODATA_value -32767
[rows 0 to 26 of 93, columns 61 to 121 of 137]
-32767.0 -32767.0 -32767.0 -32767.0 -32767.0 -32767.0 -32767.0 -32767.0 -32767.0 -32767.0 -32767.0 -32767.0 -32767.0 -32767.0 -32767.0 -32767.0 -32767.0 -32767.0 -32767.0 23.228783 23.114244 23.073446 23.085238 22.91055 22.580618 22.71214 22.892086 23.510294 23.615662 23.368633 23.406336 23.380789 23.056643 23.19111 22.95263 23.28944 23.44918 23.254042 23.165924 22.749348 22.435984 22.211391 22.160257 22.41096 22.324038 21.873232 21.403837 20.51218 20.177343 20.515287 21.04716 21.347496 20.93458 21.132298 21.344084 21.279318 21.151821 21.32523 21.277113 20.93609 20.59491
25.004013 25.181726 25.735067 26.058445 26.194775 26.394197 26.90859 -32767.0 -32767.0 -32767.0 -32767.0 -32767.0 -32767.0 -32767.0 -32767.0 -32767.0 -32767.0 -32767.0 22.594517 21.996613 22.756432 23.33602 23.105423 22.509626 22.53858 22.663378 23.045359 23.315752 23.435328 23.38989 22.801579 22.876022 22.60417 22.737795 22.562588 22.622835 22.935385 22.464294 22.08662 21.5564 21.737093 22.518448 22.009203 20.999819 20.988089 21.150164 20.9092 21.216406 21.378353 21.359661 21.342579 21.61868 21.372461 20.994823 21.097862 20.548069 20.245848 20.452574 21.520258 21.713245 21.243244
25.67422 24.818758 23.846218 23.515678 24.047964 24.982439 26.032293 25.79601 25.481472 -32767.0 -32767.0 -32767.0 -32767.0 -32767.0 -32767.0 -32767.0 -32767.0 -32767.0 23.361282 22.229847 22.907742 23.721025 21.403934 20.646566 20.677603 20.610695 20.787256 21.052763 21.008507 20.834982 20.942997 21.178131 22.377169 22.55562 22.561707 22.35901 22.757633 23.446123 22.064342 21.353218 21.740604 22.718601 21.786873 21.02635 20.692875 21.098873 21.209621 21.504942 21.650272 21.47091 21.30456 20.747156 21.091633 21.603569 22.07973 20.377438 19.399221 20.170057 20.578844 21.340826 21.077501
23.511286 23.163681 23.40653 23.103804 23.056824 22.956696 23.474768 24.605192 24.944992 -32767.0 -32767.0 -32767.0 -32767.0 -32767.0 -32767.0 -32767.0 -32767.0 25.646328 23.651798 22.831802 22.827854 22.862173 20.454397 20.758661 20.323986 19.904097 19.132442 20.122313 21.164093 20.973375 20.693726 20.400707 22.464844 22.69473 22.546318 22.30111 22.17145 22.568888 21.074999 21.78535 22.035902 22.48834 22.718388 21.678797 20.7321 21.117619 21.627535 21.62311 21.642399 21.592993 20.96528 21.020618 20.98594 21.78928 21.921356 21.004997 20.190247 20.415802 20.943287 21.581392 22.312052
23.353292 23.535141 23.496172 23.446035 23.233917 23.316208 23.357178 24.264427 -32767.0 -32767.0 -32767.0 -32767.0 -32767.0 -32767.0 -32767.0 -32767.0 -32767.0 -32767.0 -32767.0 24.050936 23.204124 22.199398 20.013111 20.69459 21.045761 20.061506 19.09555 21.437267 22.54243 22.297853 21.457083 21.523186 20.644398 21.8399 22.058773 21.866335 21.415916 20.411034 22.082233 21.943298 21.986877 22.159998 22.573687 22.24606 20.736023 21.35044 21.688585 22.117783 21.693892 21.549175 21.344349 21.324549 20.946363 21.021053 21.327263 21.827017 21.273104 21.662933 22.23801 22.449186 22.409746
23.74569 23.711264 23.545649 23.398876 23.265944 23.260347 23.580687 24.403858 -32767.0 -32767.0 -32767.0 -32767.0 -32767.0 -32767.0 -32767.0 -32767.0 -32767.0 -32767.0 -32767.0 -32767.0 24.20871 22.750696 20.203346 20.76143 21.205202 20.517084 19.029417 22.113836 23.345161 23.396585 22.915152 22.225126 21.641312 21.103594 20.907467 20.263416 20.304764 21.729465 22.120184 21.676977 22.02811 22.004812 22.223276 22.008913 20.66575 21.166332 21.472206 21.950981 21.67489 21.613123 21.48395 21.853994 21.23572 21.158886 21.610134 21.80161 21.920443 21.952013 22.25354 22.74002 22.519667
24.061941 23.894283 23.68092 23.513977 23.420628 23.23112 24.017208 24.961294 -32767.0 -32767.0 -32767.0 -32767.0 -32767.0 -32767.0 -32767.0 -32767.0 -32767.0 -32767.0 -32767.0 -32767.0 -32767.0 23.605253 22.325441 21.603731 21.386377 20.732183 19.395308 21.915129 23.32197 23.016151 22.884157 22.761105 22.388449 21.264954 20.826775 21.233463 22.153492 23.00889 21.899101 21.88417 22.113554 22.094784 21.718418 21.496645 21.44618 21.598934 21.593256 21.543825 21.832762 21.802948 21.567396 21.884851 21.61548 21.62183 21.890903 22.29812 21.862326 21.768969 22.128445 22.644566 22.576271
23.999565 23.99897 23.910803 23.730871 23.611193 23.658619 24.425474 -32767.0 -32767.0 -32767.0 -32767.0 -32767.0 -32767.0 -32767.0 -32767.0 -32767.0 -32767.0 -32767.0 -32767.0 -32767.0 -32767.0 -32767.0 23.410559 22.695978 21.983683 21.389357 19.239195 21.62788 23.232134 22.709183 22.3465 22.058743 21.599632 22.040228 22.407593 21.945557 21.799435 22.18841 21.90446 22.152645 22.23401 21.294615 21.837511 22.46784 22.562935 22.329592 21.950146 22.366137 22.274641 21.644413 21.6169 21.975426 22.143293 22.086098 21.904243 22.197264 22.225765 22.029953 22.354698 22.848295 22.855713
23.915869 24.155931 24.11511 24.061308 23.815222 23.926947 -32767.0 25.963322 -32767.0 -32767.0 -32767.0 -32767.0 -32767.0 -32767.0 -32767.0 -32767.0 -32767.0 -32767.0 -32767.0 -32767.0 -32767.0 -32767.0 23.371502 22.853151 22.703293 20.807056 18.82352 21.23193 23.11388 22.6807 22.116678 22.19184 21.97975 21.496181 21.557224 21.053518 21.830643 22.294655 21.991959 22.31918 22.6521 22.796556 22.835657 22.764944 22.375237 22.464472 22.41426 22.795704 22.842728 22.455963 22.694754 22.826315 22.737007 22.538675 22.637789 22.823671 22.848782 22.541807 22.680023 22.759874 -32767.0
23.876688 24.082424 24.280794 24.254135 23.866953 23.701416 23.833498 24.77913 25.778097 26.373426 25.773642 25.803421 26.728577 -32767.0 -32767.0 -32767.0 -32767.0 -32767.0 -32767.0 -32767.0 -32767.0 -32767.0 -32767.0 23.356985 22.374647 16.899532 17.779713 21.465393 22.728613 22.81963 22.523157 22.512587 22.107714 21.222391 21.220438 21.33731 21.76998 22.004501 22.214005 22.294607 22.450974 22.624414 22.595774 22.441114 22.564108 22.496422 22.517876 23.047565 23.467993 23.206732 23.068102 23.15539 23.286327 23.281002 23.37584 23.381676 23.50923 23.522556 23.244015 22.932713 23.257782
23.917406 24.127218 24.50976 24.633604 24.371885 24.106121 23.745905 23.497366 23.409994 24.135778 23.847187 24.178076 24.616245 -32767.0 -32767.0 -32767.0 -32767.0 -32767.0 -32767.0 -32767.0 -32767.0 -32767.0 -32767.0 -32767.0 22.356627 17.773855 16.730011 20.469048 21.731552 22.759163 22.321201 22.452314 21.945038 20.9801 20.155968 21.764486 22.180174 22.357878 22.232557 22.449434 22.702467 22.478575 22.873081 22.634285 22.754204 22.885712 22.978432 23.257425 23.578438 23.492832 23.868973 23.910835 23.880304 23.933315 24.107283 24.476517 -32767.0 24.45318 23.956379 23.535936 23.565435
23.894056 23.89221 24.6392 24.769714 24.478817 24.04011 23.634226 23.536797 23.043524 22.907612 22.917984 23.470695 23.751808 24.662645 25.839705 -32767.0 -32767.0 -32767.0 -32767.0 -32767.0 -32767.0 -32767.0 -32767.0 -32767.0 -32767.0 19.178347 16.822687 18.827084 20.538342 22.331394 22.11935 22.248186 21.393274 20.57833 20.671017 20.743052 21.386322 22.235327 22.289276 22.419054 23.006556 22.734552 23.237785 23.121653 23.265198 23.305965 23.33992 23.439043 23.756218 23.988192 23.98666 23.982948 23.996525 24.113874 -32767.0 -32767.0 24.376793 24.367414 24.226006 23.88678 25.134333
23.523022 23.685163 24.341917 24.656168 24.64057 24.441498 24.341768 24.169865 23.562553 22.393463 22.959736 24.114933 24.84531 -32767.0 25.771914 -32767.0 -32767.0 -32767.0 -32767.0 -32767.0 -32767.0 -32767.0 -32767.0 -32767.0 -32767.0 17.824945 15.351705 17.458267 19.710632 21.406816 22.341646 22.186857 21.390497 21.068613 21.185213 21.493338 22.08223 22.622381 22.964388 23.491575 23.338839 22.913694 23.29957 23.483324 23.636211 23.651781 23.640089 23.389503 23.831957 24.096014 24.066368 24.092932 24.081596 24.37325 -32767.0 24.50814 24.703749 24.776814 -32767.0 -32767.0 -32767.0
23.894651 23.768385 24.378992 24.556736 24.600685 24.578388 24.546457 24.226383 23.788738 23.40663 22.612677 23.773607 -32767.0 -32767.0 -32767.0 -32767.0 -32767.0 -32767.0 -32767.0 -32767.0 -32767.0 -32767.0 -32767.0 -32767.0 -32767.0 17.787048 15.741789 16.531889 19.164824 20.68522 21.137604 21.06228 21.602163 21.657804 21.38993 21.699362 22.236074 22.89352 23.360521 23.589231 23.438515 23.238638 23.59139 23.746065 23.818293 23.916166 23.985943 23.9349 23.695436 24.216042 24.162466 24.314926 24.196363 24.781792 25.266542 -32767.0 24.764982 -32767.0 -32767.0 -32767.0 -32767.0
24.501492 24.290726 24.725208 24.821255 24.732132 24.576666 24.27676 24.203459 24.075508 23.019987 22.735184 22.893757 25.332579 -32767.0 -32767.0 -32767.0 -32767.0 -32767.0 -32767.0 -32767.0 -32767.0 -32767.0 -32767.0 -32767.0 -32767.0 17.424088 15.520701 17.48524 18.555801 20.622473 21.276857 21.092062 21.425846 22.09918 22.10793 22.196877 22.392115 22.735239 22.88055 23.554556 23.311686 23.820257 23.659489 23.793806 23.866497 24.115366 24.349405 24.12015 23.876942 24.2102 24.448711 24.465994 25.099566 25.422052 -32767.0 -32767.0 -32767.0 -32767.0 -32767.0 -32767.0 -32767.0
24.803389 24.502537 24.659374 24.692762 24.663645 24.57573 24.57216 24.208307 23.709757 23.44346 22.870378 22.561785 23.90847 25.815845 -32767.0 -32767.0 -32767.0 -32767.0 -32767.0 -32767.0 -32767.0 -32767.0 -32767.0 -32767.0 -32767.0 16.965282 15.650234 17.025557 19.16355 20.960625 22.101627 22.351044 22.108528 22.00384 22.174904 22.680195 22.581537 22.443464 22.654463 23.263266 -32767.0 23.967876 24.191027 24.313965 24.31029 24.679855 24.538958 24.504198 24.363731 24.217272 24.332424 24.717594 -32767.0 -32767.0 -32767.0 -32767.0 -32767.0 -32767.0 -32767.0 -32767.0 -32767.0
24.735256 24.563398 24.441154 24.485788 24.661694 24.65783 24.402851 23.749258 23.026733 22.990187 22.936394 22.554348 22.381828 24.864298 -32767.0 -32767.0 -32767.0 -32767.0 -32767.0 -32767.0 -32767.0 -32767.0 -32767.0 -32767.0 -32767.0 -32767.0 15.80221 18.346882 21.122934 21.438221 22.260918 22.129408 22.567299 22.624876 23.356642 22.865473 22.202291 22.265863 23.040903 23.430183 23.66342 23.844536 24.14144 24.192377 24.521626 24.738506 24.910889 25.040886 25.028688 24.837942 24.87756 25.09722 -32767.0 -32767.0 -32767.0 -32767.0 -32767.0 -32767.0 -32767.0 -32767.0 -32767.0
24.95994 24.805893 24.785013 24.944986 24.923206 24.734362 24.402533 23.94855 22.817705 22.246756 21.9318 21.824116 21.922087 25.278267 23.732101 -32767.0 -32767.0 -32767.0 -32767.0 -32767.0 -32767.0 -32767.0 -32767.0 -32767.0 -32767.0 14.592821 16.418173 20.237547 23.001936 22.31057 22.699196 22.769293 22.688646 22.88242 23.178009 23.236788 23.2823 22.985525 23.63294 24.225735 24.553308 24.703064 24.54971 24.913313 25.139805 24.982504 25.298162 25.012203 -32767.0 25.649532 26.025328 26.48634 -32767.0 -32767.0 -32767.0 -32767.0 -32767.0 -32767.0 -32767.0 -32767.0 -32767.0
25.473248 25.476076 25.346422 25.225752 24.850027 24.589441 24.429327 24.044933 23.318201 22.569452 22.090473 21.271753 22.948153 25.75843 -32767.0 -32767.0 -32767.0 -32767.0 -32767.0 -32767.0 -32767.0 -32767.0 -32767.0 -32767.0 -32767.0 15.163605 17.807735 20.709864 23.31332 22.946653 22.952854 23.051592 22.742271 23.376251 23.825338 23.676376 23.797699 24.070972 24.441828 -32767.0 -32767.0 25.330587 26.4912 -32767.0 -32767.0 -32767.0 -32767.0 -32767.0 -32767.0 -32767.0 -32767.0 -32767.0 -32767.0 -32767.0 -32767.0 -32767.0 -32767.0 -32767.0 -32767.0 -32767.0 -32767.0
25.585257 25.504408 25.37828 25.136738 24.576756 24.20861 23.355862 23.14033 22.949205 22.13271 21.809904 21.562502 23.325106 -32767.0 -32767.0 -32767.0 -32767.0 -32767.0 -32767.0 -32767.0 -32767.0 -32767.0 -32767.0 -32767.0 15.623589 16.622932 20.588766 22.413685 23.344973 23.334986 23.32506 23.675604 23.859457 23.954144 24.260386 24.424576 24.236923 24.570063 -32767.0 -32767.0 -32767.0 -32767.0 -32767.0 -32767.0 -32767.0 -32767.0 -32767.0 -32767.0 -32767.0 -32767.0 -32767.0 -32767.0 -32767.0 -32767.0 -32767.0 -32767.0 -32767.0 -32767.0 -32767.0 -32767.0 -32767.0
25.686405 25.635342 25.416412 24.788624 24.305086 23.936275 23.203081 22.548235 22.42014 21.690905 21.401375 20.861233 25.533327 -32767.0 -32767.0 -32767.0 -32767.0 -32767.0 -32767.0 -32767.0 -32767.0 19.590994 20.99991 17.454725 18.258942 21.781347 23.669891 24.226736 23.35981 23.480686 23.755796 24.097101 24.681314 24.82024 24.562225 24.65567 -32767.0 -32767.0 -32767.0 -32767.0 -32767.0 -32767.0 -32767.0 -32767.0 -32767.0 -32767.0 -32767.0 -32767.0 -32767.0 -32767.0 -32767.0 -32767.0 -32767.0 -32767.0 27.327017 -32767.0 -32767.0 -32767.0 -32767.0 -32767.0 -32767.0
25.710613 25.59288 25.363756 25.025799 24.674229 24.051678 23.343872 22.186575 22.113796 21.76262 21.062656 21.723627 22.83399 -32767.0 -32767.0 -32767.0 -32767.0 27.600534 21.715214 22.770576 19.813972 20.350952 18.9769 20.24567 21.363817 23.981186 24.080837 23.976357 23.616882 23.774399 24.192106 24.980112 24.641224 24.81623 25.043839 -32767.0 -32767.0 -32767.0 -32767.0 -32767.0 -32767.0 -32767.0 -32767.0 -32767.0 -32767.0 26.208248 26.347353 -32767.0 -32767.0 -32767.0 -32767.0 -32767.0 -32767.0 -32767.0 26.777521 -32767.0 -32767.0 -32767.0 -32767.0 -32767.0 20.954731
25.393845 25.159826 24.876375 24.513653 24.35363 24.23954 23.745466 22.92299 22.738823 21.927504 21.373257 18.829884 -32767.0 25.62685 -32767.0 21.298887 -32767.0 23.232075 -32767.0 15.71957 17.489058 19.052868 19.767204 19.2162 22.723063 24.054749 23.700544 23.73337 23.72026 24.25704 25.542088 25.79747 25.153221 -32767.0 -32767.0 -32767.0 -32767.0 -32767.0 -32767.0 -32767.0 -32767.0 26.089884 26.103573 26.052288 26.732655 25.476698 25.385967 23.682278 25.000551 -32767.0 -32767.0 -32767.0 -32767.0 -32767.0 26.705168 25.487926 23.993853 24.078997 24.389057 25.208628 24.557016
25.056795 24.876757 24.617102 24.402311 23.965141 23.630323 23.412107 23.45129 23.357115 22.900705 21.534372 20.838438 20.107407 18.754814 18.376652 18.055025 17.315973 16.678762 17.741394 17.900522 18.069735 18.256254 18.566694 21.181211 -32767.0 23.366096 23.874687 24.476429 25.278774 25.829153 25.894285 -32767.0 -32767.0 -32767.0 -32767.0 -32767.0 24.533129 24.509161 23.626415 24.521778 26.441761 26.177483 27.108099 -32767.0 -32767.0 27.021744 26.042435 23.764505 -32767.0 -32767.0 -32767.0 -32767.0 -32767.0 20.954803 20.320608 22.382019 25.80202 26.67709 26.732176 26.876625 26.990452
24.856739 24.82351 24.65877 24.43999 24.143953 23.803782 23.76716 23.384111 22.2599 22.496494 21.879547 21.584314 20.695345 19.829107 19.942543 20.035187 19.581722 18.270836 19.207237 19.732046 19.865526 20.429499 23.259024 24.062355 24.73647 25.525118 25.806622 25.869179 25.629519 25.698883 26.243765 28.148209 -32767.0 26.98644 25.809069 -32767.0 23.970573 24.314905 25.326948 -32767.0 27.816507 26.928724 -32767.0 -32767.0 -32767.0 -32767.0 24.954277 24.640278 -32767.0 -32767.0 -32767.0 -32767.0 21.127022 24.059896 26.261847 26.496098 26.69385 26.887524 27.146473 27.332047 27.44458
25.543995 24.940165 24.317526 24.262045 24.136692 24.039698 23.981121 24.021708 24.138681 24.193232 24.079384 23.89503 23.879135 24.560125 25.62964 25.379747 24.975449 25.119158 24.6595 24.535799 23.016794 24.11965 25.041477 25.634102 26.036058 25.906286 -32767.0 25.652552 25.917376 -32767.0 -32767.0 28.392704 27.48115 27.397913 25.935883 24.866291 24.93791 25.54564 -32767.0 -32767.0 -32767.0 -32767.0 -32767.0 -32767.0 -32767.0 -32767.0 24.024961 24.25107 24.473198 -32767.0 -32767.0 21.132538 23.054598 26.53407 26.76462 26.838268 26.859003 26.967339 27.197796 27.536106 27.702585
25.232227 24.911139 24.790432 24.751413 24.431322 24.364222 24.417906 24.539507 24.520308 24.583075 24.667263 24.990923 25.492111 -32767.0 -32767.0 25.653582 24.439445 24.600489 24.73809 24.91655 25.711826 26.335775 26.539799 26.396856 26.22035 25.997429 25.847158 25.742292 -32767.0 -32767.0 -32767.0 -32767.0 -32767.0 -32767.0 25.79126 24.826216 24.572765 -32767.0 -32767.0 -32767.0 -32767.0 -32767.0 26.089878 -32767.0 24.803179 24.837685 25.258774 25.172106 24.509537 23.558477 -32767.0 23.499008 26.016876 26.913235 27.000484 27.037817 27.051926 27.1032 27.47866 27.701605 27.877556
