static/data/thetao/2023/7/15/6.asc
ncols 137
nrows 93
xllcorner 108.0
yllcorner 17.0
cellsize 0.25
NODATA_value -32767
[rows 54 to 80 of 93, columns 61 to 121 of 137]
29.613731 29.659931 29.72648 29.730362 29.745564 29.78807 29.773796 29.914265 30.024593 29.716429 29.66164 29.505592 29.419466 29.289164 29.393238 29.227362 29.333065 29.340105 29.406063 29.104647 28.919662 29.130442 28.886726 28.890493 29.0045 29.119654 29.193968 29.420944 29.489481 29.166677 28.705488 28.635202 28.653063 28.7836 28.898792 28.936365 28.943258 28.96288 28.984123 28.87025 28.785532 29.272669 29.250187 29.38354 29.382917 29.275341 29.365034 29.526249 29.939754 29.980513 29.893951 29.895504 29.37929 29.136868 29.288313 29.390053 29.43486 29.466686 29.2706 29.321054 29.461863
29.255232 29.19927 29.313423 29.42621 29.772903 29.764606 29.903818 29.911955 29.796986 29.672314 29.750574 29.429016 29.256613 29.338419 29.389887 29.536283 29.274775 29.071428 -32767.0 28.615881 28.972307 29.130611 28.835993 28.923056 28.854599 29.04676 29.254555 29.19975 29.541838 29.44515 28.859615 28.632317 28.521889 28.620113 28.716192 28.790396 28.833065 28.877365 28.810005 28.687256 29.115572 29.03683 29.015154 29.192387 29.228222 29.181444 29.271002 29.461279 29.775091 29.893747 29.752659 29.713995 29.667934 29.199343 29.350277 29.386248 29.431263 29.425705 29.395052 29.580761 29.438965
29.499895 29.607569 29.367859 29.402185 29.433537 29.442278 29.501732 29.609262 29.732792 29.77554 29.58973 29.395931 29.361284 29.49818 29.518852 29.523205 29.521976 29.527496 29.490992 29.354656 29.171824 29.17456 28.777477 28.93452 28.89709 28.915537 29.286844 29.111212 29.342716 29.585686 29.344734 28.684082 28.627377 28.44346 28.435028 28.523972 28.516937 28.471481 28.484695 28.841784 29.041924 28.950005 29.064152 29.09303 29.181831 29.135666 29.16909 29.418037 29.512638 29.814882 29.868572 29.59663 29.725914 29.659187 29.138922 29.374714 29.745255 29.846952 29.878733 29.867327 29.517841
29.649065 29.714193 29.636395 29.61446 29.562471 29.640839 29.79564 29.776695 29.71879 29.656853 29.52603 29.321144 29.403288 29.486282 29.49413 29.500671 29.64411 29.65959 29.65497 29.586637 29.590614 29.502365 29.024406 28.86969 28.877079 28.870888 29.177927 29.1167 29.150335 29.443884 29.61766 29.213446 28.637766 28.60715 28.46209 28.336813 28.31481 28.328588 28.40558 28.825644 29.080116 29.064625 29.06978 29.0195 29.145374 29.095863 29.070093 29.346382 29.493044 29.696129 29.861462 29.8379 29.76886 29.60658 29.656687 29.693178 29.694021 29.77678 29.85052 29.892014 29.643324
29.89638 29.744669 29.748058 29.749323 29.701162 29.74881 29.989042 29.786339 29.702517 29.576763 29.530598 29.360693 29.56811 29.686607 29.67963 29.538527 29.635313 29.63192 29.46313 29.502312 29.48055 29.47088 29.522404 29.119862 28.94694 28.915344 28.945108 29.278252 29.207441 29.346714 29.461067 29.583654 28.908445 28.60048 28.528772 28.412464 28.397877 28.406439 28.437471 28.636654 28.884066 28.950958 29.020262 28.904945 29.02224 28.97267 28.940073 29.203398 29.501133 29.700544 29.868086 29.914883 29.797289 29.913229 29.774202 29.721806 29.776693 29.77767 29.750387 29.74836 29.603275
29.815367 29.927464 29.913294 29.548481 29.663338 29.884632 29.938772 29.533297 29.492245 29.45099 29.494545 29.585566 29.8006 29.898386 29.897005 29.669712 29.648155 29.655693 29.487011 29.437653 29.537498 29.579695 29.486916 29.477537 29.20398 29.030087 28.914583 29.177114 29.277565 29.303818 29.426737 29.345217 29.262014 28.650934 28.606802 28.528147 28.396807 28.175941 28.260681 28.482048 28.652256 28.829939 28.885246 28.66482 28.696218 28.80949 28.848967 28.961456 29.443989 29.70547 29.855026 29.905966 29.859247 29.782269 29.96228 29.822529 29.808548 29.685251 29.479536 29.57363 29.465874
29.76915 29.969036 29.711868 29.444843 29.952332 29.69271 29.475714 29.646732 29.511545 29.50736 29.559084 29.82334 29.789938 29.811672 29.90439 29.682072 29.642483 29.674032 29.434868 29.450184 29.501492 29.58126 29.544907 29.47601 29.396818 29.115158 28.952942 29.024485 29.214273 29.385315 29.497782 29.285877 29.251654 28.970524 28.79435 28.721722 28.596716 28.49257 28.421999 28.301537 28.30734 28.3565 28.35448 28.424797 28.64593 28.754566 28.720848 28.821175 29.376684 29.555796 29.712608 29.889318 29.879757 29.831562 29.79082 29.93513 29.668955 29.290615 29.186478 29.194647 29.301966
29.657593 29.650099 29.696503 29.754715 29.908974 29.700508 29.695213 29.824528 29.841728 29.503841 29.85039 29.887695 29.905397 29.860462 29.85431 29.695814 29.703522 29.52967 29.407234 29.393003 29.433973 29.570946 29.579245 29.432182 29.336359 29.086775 28.952398 29.14738 29.130943 29.400305 29.491405 29.189259 29.202482 29.256947 29.335632 29.315088 29.222586 29.179455 29.087938 28.898458 28.658836 28.48893 28.467 28.55913 28.611391 28.592638 28.602125 28.768526 29.244932 29.480526 29.659998 29.955576 29.844254 29.824736 29.802425 29.982769 29.52624 28.995026 28.980207 29.243382 29.695446
29.561987 29.528774 29.812141 29.48247 29.483393 29.820446 29.817808 29.78969 29.900597 29.932117 29.886543 29.86064 29.93528 29.901133 29.777988 29.66526 29.623524 29.422928 29.34081 29.312569 29.425547 29.606083 29.458883 29.369835 29.269524 28.999767 29.13688 29.05053 29.497343 29.206333 29.440035 29.30994 29.350328 29.404726 29.255312 29.117517 29.268251 29.21535 29.131702 29.102293 29.11225 29.066969 29.001802 28.931225 28.848137 28.740671 28.811886 28.8817 29.13637 29.57399 29.97606 30.07727 29.83546 29.78233 29.784615 29.852106 29.465223 28.926077 29.030117 29.516724 29.78017
29.502913 29.578966 29.743608 29.597534 29.832918 29.827902 29.781591 29.899012 29.991467 29.889477 29.886766 29.821869 29.896551 29.922419 29.761894 29.64429 29.462336 29.366365 29.248163 29.387077 29.504154 29.486105 29.320368 29.223005 29.190395 29.218298 29.136045 29.267565 29.54483 29.29068 29.267433 29.276823 29.343008 29.362404 29.144115 29.332418 29.020739 29.03111 29.118338 29.06509 29.021107 29.045645 29.048462 29.120228 29.099823 29.040993 29.052235 28.993128 29.31182 29.748863 30.22912 29.907152 29.891136 29.830008 29.741102 29.809616 29.405361 28.956427 29.014196 29.757141 29.823776
29.531006 29.596098 29.821142 29.908705 29.858688 29.782791 29.755785 29.960678 29.979336 29.891403 29.862408 29.901884 29.94611 29.83619 29.70202 29.590237 29.403465 29.316439 29.297552 29.416927 29.496746 29.343142 29.101038 29.278938 29.223227 29.216726 29.213562 29.343596 29.43521 29.398928 29.375824 29.317802 29.280775 29.284412 29.34009 29.050222 29.017136 28.902037 28.763119 28.773733 28.866045 28.934807 28.951015 28.985641 29.030521 29.09434 29.145792 28.932613 29.584284 29.968046 30.31662 29.732944 29.857763 29.815945 29.670315 29.731365 29.24853 28.94925 29.513823 29.839521 29.937668
29.513573 29.639463 29.59994 29.790953 29.832087 29.805962 29.771624 29.948963 30.026176 29.88779 29.892508 29.955069 29.857597 29.730753 29.653646 29.490545 29.395742 29.343386 29.358244 29.464327 29.351336 29.134087 29.25723 29.116741 29.111124 29.208021 29.262655 29.268135 29.246197 29.37795 29.41516 29.416365 29.409197 29.256872 29.2293 28.943464 28.83062 28.77046 28.86811 28.860357 28.811703 28.90378 29.021072 29.087242 29.069103 28.93815 28.982082 29.513151 29.778198 30.12595 30.324554 29.634123 29.692696 29.529919 29.593506 29.418333 28.929115 28.886913 29.748161 29.86812 30.062403
29.609509 29.765728 29.715103 29.548487 29.646446 29.756756 29.83073 29.896946 30.114351 29.912762 29.909342 29.952782 29.657135 29.459633 29.4196 29.447279 29.441654 29.436932 29.424109 29.413918 29.222569 29.130785 29.133993 29.081135 29.093866 29.212664 29.26154 29.253857 29.432655 29.56526 29.323917 29.311361 29.376722 29.39761 29.348284 29.209892 28.851896 28.846611 28.860569 28.86636 29.099155 29.110743 29.154362 29.236633 29.273975 29.362226 29.534925 29.800415 29.941605 30.092674 30.31323 29.549406 29.46101 29.41932 29.332117 28.88023 28.883333 29.593538 29.848461 29.930471 30.21103
29.651972 29.967636 29.885391 29.693914 29.665556 29.782803 29.91461 29.868475 30.110203 29.983006 29.877192 29.966623 29.53604 29.410828 29.451488 29.429916 29.434664 29.434538 29.451294 29.377018 29.20423 29.09289 29.084259 29.046246 29.146051 29.137743 29.151144 29.265238 29.310696 29.507885 29.445269 29.330164 29.363798 29.308506 29.329638 29.287365 29.237991 28.883364 28.789354 28.839977 29.11409 29.379059 29.480507 29.095222 29.402962 29.646437 29.77396 29.910154 30.055511 30.20378 30.346334 29.444347 29.313257 28.95991 29.061121 29.516542 29.676247 29.794582 29.84497 30.08401 29.842901
29.819263 29.972986 29.689133 29.702103 29.874876 29.928543 29.831566 29.897242 30.084839 30.112906 29.954376 29.975048 29.579391 29.232534 29.496328 29.417562 29.426857 29.335684 29.387386 29.352667 29.217041 29.149902 29.082203 29.167208 29.039707 28.907248 28.989084 29.155706 29.241192 29.257809 29.373762 29.34991 29.331816 29.360092 29.348698 29.301147 29.236279 29.22202 28.852402 28.887562 29.097034 29.150402 29.084637 29.415203 29.64227 29.806843 29.949432 30.051128 30.115963 30.255222 30.31465 29.254597 28.933538 29.475658 29.724102 29.74311 29.805483 29.810795 29.90734 30.052607 29.974941
29.922514 29.911285 29.588741 29.863577 29.890438 29.878569 29.900482 29.998005 30.052233 30.041153 29.953777 29.899897 29.833332 29.274742 29.263477 29.517708 29.382526 29.35059 29.273193 29.229475 29.192835 29.189304 29.175982 28.984016 28.885002 28.873566 28.895102 29.15514 29.226364 29.150938 29.275969 29.336624 29.340477 29.28448 29.340117 29.39885 29.254679 29.172276 29.19604 28.974192 28.793608 29.030577 29.277388 29.571247 29.716402 29.912582 30.00979 30.09133 30.11411 30.243462 30.191835 29.01682 29.240108 29.772747 29.762625 29.790989 29.913036 29.976952 30.089108 30.158249 30.180422
29.946527 29.74945 29.741829 29.872675 29.842312 29.830906 29.960762 30.034786 29.963034 29.932568 29.950003 29.947609 29.975573 29.392048 29.238935 29.377914 29.4643 29.418314 29.360023 29.299019 29.182156 29.055878 29.043325 28.96711 28.89343 28.93518 29.035736 29.159674 29.19153 29.178614 29.213318 29.222687 29.231745 29.258362 29.288841 29.348772 29.348515 29.189184 29.16849 29.14167 28.972294 29.10427 29.468695 29.619627 29.844622 29.93269 29.993755 30.08905 30.159294 30.22481 30.040861 28.920546 29.422323 29.582481 29.599699 29.516356 29.537584 29.609709 29.687574 29.828907 29.949425
29.962597 29.591131 29.822968 29.842182 29.82434 29.878529 29.954466 30.013136 29.909628 29.955952 29.911924 29.930122 29.966621 29.479082 29.226898 29.373272 29.276136 29.203276 29.15792 29.134312 29.098192 29.056465 28.961536 28.868418 28.7763 28.825365 28.908783 29.035973 29.164078 29.191097 29.274925 29.389435 29.43185 29.428495 29.39339 29.40999 29.364105 29.284157 29.231987 29.144806 29.144428 29.330736 29.559355 29.71609 29.906906 29.85649 29.993267 30.060688 30.152739 30.17733 29.901253 29.09668 29.24047 29.201256 29.147806 29.140865 29.21711 29.288845 29.283186 29.27708 29.323568
29.830774 29.651789 29.782606 29.825077 29.882597 29.909998 29.99491 29.93105 29.81734 29.954042 29.89218 29.907806 29.906721 29.568218 29.301172 29.383268 29.345737 29.232475 29.177643 29.173302 29.104633 29.130257 29.143864 29.103117 29.01349 28.989769 29.032867 29.119022 29.220926 29.315796 29.382496 29.324026 29.277416 29.291199 29.323435 29.358234 29.426783 29.325954 29.263058 29.26324 29.252314 29.45079 29.597853 29.711296 29.826208 29.862415 29.980938 30.063713 30.120897 30.137758 29.914722 29.795654 29.007332 29.545834 29.230675 29.33744 29.313745 29.199823 29.106384 29.096699 29.17739
29.612728 29.691658 29.785267 29.856113 29.875181 29.984901 30.048973 29.85253 29.776321 29.821043 29.91234 29.904915 29.865887 29.702778 29.348324 29.437105 29.347757 29.26942 29.228668 29.136919 29.202147 29.27078 29.312006 29.305058 29.136557 29.07957 29.133238 29.207045 29.216171 29.187086 29.190874 29.277632 29.399792 29.504044 29.505627 29.475641 29.404072 29.359732 29.310978 29.350002 29.420912 29.482483 29.608309 29.69667 29.778946 29.853355 29.960163 29.998709 29.970186 30.00867 30.129133 29.918707 29.475315 29.0558 29.204058 29.142464 29.018072 29.010626 29.143179 29.208092 29.208546
29.61751 29.617056 29.818533 29.829924 29.913414 30.026377 30.117798 29.824808 29.789131 29.904968 29.945036 29.88378 29.850065 29.822464 29.462616 29.474598 29.3798 29.238806 29.178368 29.186974 29.325352 29.390303 29.382034 29.425901 29.155754 29.228182 29.295387 29.252768 29.174133 29.254675 29.476786 29.674139 29.710556 29.705318 29.6712 29.657501 29.615267 29.476353 29.333258 29.3826 29.420067 29.441103 29.59668 29.639008 29.76216 29.805939 29.967236 29.946314 29.872137 29.86201 30.001915 30.162188 29.999142 29.51664 29.187574 29.087236 29.027105 29.03723 29.161736 29.386873 29.587152
29.57042 29.616354 29.778809 29.804722 29.909712 30.120092 30.148413 29.851017 29.871954 29.911135 29.887737 29.821066 29.802097 29.740458 29.550694 29.411951 29.321075 29.242205 29.300802 29.402212 29.329227 29.391335 29.424805 29.420094 29.439392 29.395348 29.295748 29.156519 29.487486 29.694326 29.649578 29.590466 29.618158 29.660364 29.617521 29.599741 29.69679 29.695877 29.447346 29.484726 29.376211 29.485949 29.598448 29.611734 29.771727 29.711819 29.978897 29.768574 29.544653 29.687006 29.789734 29.860205 29.955236 29.908237 29.514894 29.264544 29.217224 29.38593 29.817009 30.032795 30.00779
29.513958 29.545496 29.768587 29.82215 29.873158 29.997593 29.998112 29.819311 29.965908 29.905216 29.816427 29.79131 29.724356 29.561838 29.441193 29.323633 29.271633 29.333403 29.4112 29.415329 29.47796 29.517773 29.51184 29.518053 29.463968 29.449245 29.21128 29.65541 29.688362 29.565811 29.491112 29.49888 29.571445 29.575066 29.459116 29.509949 29.490725 29.637104 29.624178 29.57204 29.449083 29.50764 29.572016 29.581226 29.719156 29.733202 29.894672 29.653112 29.107176 29.291834 29.682838 29.87907 29.836533 29.782413 29.82025 29.88306 29.948307 29.989618 29.928444 29.868368 29.876205
29.523829 29.582203 29.773388 29.854029 29.86577 29.775663 29.887573 29.875004 29.948135 29.885561 29.813326 29.645412 29.449791 29.332262 29.27009 29.276382 29.346523 29.396513 29.489763 29.548841 29.539879 29.540714 29.5534 29.532085 29.481146 29.33044 29.681292 29.677088 29.619537 29.614586 29.504368 29.47938 29.529358 29.569632 29.508265 29.548153 29.505573 29.600603 29.708393 29.659441 29.538637 29.47346 29.540127 29.590603 29.710932 29.792244 29.84504 29.863161 29.671188 29.698568 29.982937 30.062548 30.104338 30.10102 30.08364 30.0385 29.997908 29.99991 30.027014 30.030598 29.991627
29.753222 29.69005 29.78217 29.862225 29.780367 29.709404 29.879412 29.911327 29.873661 29.841879 29.772419 29.49745 29.365885 29.343582 29.277733 29.336456 29.496727 29.534462 29.696962 29.717476 29.611044 29.555128 29.541042 29.49587 29.492884 29.600262 29.791458 29.810871 29.90956 29.808258 29.594551 29.50339 29.560705 29.618822 29.556208 29.577389 29.527258 29.458237 29.645744 29.662016 29.460148 29.461674 29.526085 29.639328 29.728163 29.72236 29.752117 29.926142 30.017569 30.067493 30.044731 30.21333 30.195175 30.094765 30.040466 29.963516 29.940262 29.889744 29.880394 29.872427 29.899687
29.98457 29.748293 29.698198 29.845957 29.692923 29.656187 29.86902 29.907257 29.854307 29.825426 29.665287 29.306519 29.25855 29.234837 29.414864 29.526915 29.676105 29.90183 29.905071 29.733814 29.611977 29.601368 29.482489 29.435507 29.421078 29.8892 29.817165 29.94378 29.737562 29.784523 29.785398 29.790674 29.795252 29.760986 29.602789 29.692688 29.684658 29.682 29.690077 29.545147 29.41437 29.526745 29.539946 29.68906 29.677755 29.626202 29.767553 29.853964 29.959177 29.975004 30.205349 30.07909 30.067411 29.966953 30.03342 30.026215 29.988007 29.971958 29.950453 29.974747 30.004305
29.70512 29.66527 29.60939 29.78013 29.689255 29.706978 29.852812 29.857237 29.803158 29.791613 29.562447 29.205404 29.199999 29.438171 29.52465 29.62304 29.862593 29.921234 29.965893 29.748701 29.551254 29.492786 29.462126 29.426247 29.88638 29.828747 29.933844 29.835205 29.692883 29.912806 29.91395 29.895771 29.72653 29.665604 29.618301 29.690128 29.634388 29.52575 29.384224 29.431953 29.497318 29.57281 29.524029 29.675457 29.649328 29.723396 29.684793 29.81375 29.966608 30.078661 30.000828 29.999327 29.925438 29.967186 30.015505 30.00698 29.994081 29.952583 29.95296 29.978592 29.9986
