static/data/salinity/2023/7/9/0.asc
ncols 137
nrows 93
xllcorner 108.0
yllcorner 17.0
cellsize 0.25
NODATA_value -32767
[rows 27 to 53 of 93, columns 62 to 123 of 137]
29.855507 30.01287 30.069914 29.806019 30.083094 30.728628 31.113749 31.541157 31.960945 32.312016 32.39335 -32767.0 -32767.0 32.67597 32.38629 32.673386 32.95457 32.865044 32.76329 32.81791 32.799084 32.820423 33.41879 33.660503 -32767.0 -32767.0 -32767.0 -32767.0 -32767.0 -32767.0 -32767.0 -32767.0 -32767.0 31.950056 32.58309 33.09675 -32767.0 -32767.0 -32767.0 32.911537 33.64743 33.857315 33.39068 33.220867 32.98755 33.61173 33.766884 33.439953 33.413506 34.17849 34.121338 33.97695 33.91326 33.724117 33.72239 33.858364 34.046986 34.20095 34.346275 34.401432 34.389843 34.384384
29.639221 29.61777 29.572393 29.34942 29.370064 29.979858 30.529774 31.561586 32.19501 32.376026 32.422447 32.412407 32.488274 32.643963 32.64027 32.899155 32.89776 32.581264 32.939106 32.73728 32.87196 33.068523 -32767.0 33.70809 33.39351 -32767.0 -32767.0 27.61618 -32767.0 -32767.0 -32767.0 -32767.0 -32767.0 -32767.0 32.542255 33.14141 -32767.0 -32767.0 33.236492 33.891052 34.080902 34.10491 34.172665 33.89632 33.969997 33.943855 34.01596 33.61518 33.93551 34.1933 34.04739 34.06887 33.99425 33.79028 33.727806 33.668552 33.78349 34.067883 34.267162 34.324177 34.440422 34.432953
29.428692 29.26347 29.2708 29.412655 29.854006 30.092947 30.540459 31.430246 32.15601 32.453426 32.64139 32.83851 32.864647 32.85292 32.841328 32.81883 32.315582 32.408306 33.113136 33.118557 33.067394 -32767.0 33.975147 33.84433 33.783794 32.968388 32.41397 -32767.0 28.751278 -32767.0 -32767.0 -32767.0 -32767.0 -32767.0 33.87503 33.927933 33.82477 33.747524 34.106472 34.08869 33.94378 33.94015 33.930367 33.924644 33.934696 33.950596 33.95694 34.122154 33.699627 34.21701 34.100346 33.994934 34.0826 33.957912 33.83841 33.851234 33.7139 33.80487 34.105103 34.30574 34.290436 34.44391
29.62512 29.284544 30.17081 30.211706 30.576084 31.35911 31.466421 31.960752 32.660664 32.777927 32.78477 32.9025 32.656506 32.587395 32.588047 32.54307 32.51477 32.59728 32.767826 33.32313 33.244774 33.446136 33.658 33.727978 33.830254 33.84141 33.020653 29.651758 29.342354 -32767.0 -32767.0 -32767.0 -32767.0 33.620983 34.0895 34.167965 34.187927 34.07742 34.024345 33.965233 33.919266 33.838017 33.802376 33.801884 33.81868 33.864456 33.933987 33.918118 33.8125 33.99592 34.077965 33.954567 33.952408 34.10379 33.970314 33.9367 33.899803 33.693474 33.909637 34.262295 34.29149 34.28069
30.232206 30.142958 30.502344 31.458757 32.482788 32.507713 32.347294 32.698315 32.860386 32.87291 32.884945 32.875755 32.544357 32.65137 32.74657 32.739464 32.75245 32.931126 33.322865 33.081944 33.69341 33.756046 33.792847 33.79162 33.653244 33.837555 32.86147 31.829145 30.380621 -32767.0 -32767.0 -32767.0 -32767.0 33.97049 34.12743 34.16814 34.26734 34.007736 33.936 33.83195 33.820934 33.927975 34.0378 34.070095 34.05195 33.9704 33.945652 33.926575 34.047245 33.774216 33.984562 33.895195 33.923046 34.096203 33.95124 33.90362 33.874218 33.71137 33.72058 34.248493 34.25834 34.289917
27.454788 29.82932 30.365356 31.493458 32.44132 32.947727 33.029778 33.093784 33.12541 33.047657 32.884422 32.885025 32.88712 32.8342 32.83751 32.86572 32.860405 32.937565 33.470745 33.614117 33.49954 33.54487 33.58496 33.67801 33.755882 33.782566 33.264557 -32767.0 -32767.0 -32767.0 -32767.0 -32767.0 33.48642 34.101944 34.112473 34.230305 34.254513 34.15254 34.078823 34.06847 34.08071 34.15672 34.22023 34.213425 34.19516 34.152206 34.080956 33.949383 33.936695 33.923153 33.88985 33.883877 33.976997 33.962692 33.92825 33.84739 33.765987 33.623234 33.721348 34.251537 34.258915 34.23146
27.258558 27.273075 28.487587 29.511223 30.893274 32.00399 33.185093 33.288994 33.323807 33.297394 33.054295 32.82346 32.824364 32.89832 32.93221 32.853695 32.987343 33.064762 32.960373 32.642693 32.472633 32.52655 32.86058 33.507847 33.71503 33.78113 33.515865 -32767.0 -32767.0 -32767.0 -32767.0 -32767.0 33.65505 33.935127 33.929222 33.97141 33.98711 33.978447 33.993946 34.039455 34.074947 33.9796 34.08421 34.175648 34.193687 34.155136 34.146187 34.112034 33.961327 34.049152 33.82107 33.829674 33.993675 33.990715 33.992844 33.774803 33.656292 33.619938 33.951004 34.263977 34.25713 34.18031
27.633862 28.58373 28.202751 28.874407 29.578093 30.803883 32.52586 33.127502 33.036686 32.890625 32.689735 32.69605 32.77917 32.89539 32.927803 32.919846 32.558002 32.164146 32.048054 32.182884 32.348724 32.685863 32.485714 33.223206 33.637035 33.8162 33.706745 33.19399 -32767.0 32.87435 -32767.0 -32767.0 33.7964 33.86132 33.95695 33.99884 33.93322 33.90317 33.911568 33.926544 33.958817 33.867577 34.052784 34.0922 34.029846 34.037113 34.08074 34.098232 34.01378 34.06537 33.784878 33.79839 33.952114 34.111885 33.814846 33.728073 33.62633 33.869698 34.186375 34.288864 34.20088 34.142017
31.208572 31.076298 31.547148 31.80676 30.387024 31.181133 32.20807 32.834236 33.105656 32.938934 32.728577 32.53848 32.64809 32.830105 32.897007 32.829586 32.566998 31.810738 32.499565 33.060062 33.504818 33.47886 33.168804 33.588207 33.65042 33.77487 33.718155 33.415276 33.5201 33.09631 -32767.0 33.71137 33.93881 33.86336 33.911247 33.85582 33.999588 34.014286 33.927677 34.049355 33.972553 33.8929 34.07222 34.012226 34.05893 34.053505 34.07433 34.077133 34.028305 34.043034 33.75956 33.789146 33.8784 33.925243 33.75374 33.62828 33.86592 34.174633 34.228966 34.297672 34.14546 34.11553
31.43643 31.915976 31.656353 31.752308 32.017494 31.71952 31.814219 32.82327 33.00715 32.82355 32.659565 32.576874 32.614956 32.78775 32.83216 32.505585 31.994438 31.744272 33.03801 33.522427 33.678436 33.62339 33.63307 33.662025 33.715504 33.745464 33.68688 33.669857 33.644398 -32767.0 33.80531 33.798977 33.795456 33.94897 33.86634 33.93792 34.08243 33.93997 33.92261 33.899204 33.924294 34.048897 33.994617 34.032825 34.07944 34.06926 34.088436 34.116913 34.018883 34.057632 33.715298 33.822853 33.716457 33.6812 33.71724 33.74342 34.116375 34.240826 34.275745 34.250683 34.15947 34.119156
32.202423 32.23111 32.27809 32.16752 32.42888 32.125862 32.06085 32.63596 32.871243 32.80763 32.74966 32.746468 32.782074 32.762535 32.423954 32.102596 31.964659 31.756886 32.72309 33.57092 33.818607 33.68205 33.661568 33.65387 33.63857 33.689022 33.807186 33.839386 33.92932 33.97116 34.0254 34.039696 34.08764 33.906227 33.860477 34.03274 34.1813 34.008278 33.963318 34.042313 34.06313 34.026863 34.039917 34.08743 34.08672 34.078968 33.986042 34.037144 34.018295 34.061768 33.69952 33.868244 33.811436 33.867435 33.611607 33.928696 34.231464 34.23744 34.314487 34.184006 34.215237 34.14858
32.86055 33.58892 33.43138 33.17227 33.133907 32.98108 32.25634 32.217693 32.69247 32.76067 32.770214 32.807747 32.464172 32.288963 32.118496 31.981913 32.021427 31.970625 31.882603 32.72645 33.43554 33.8128 33.624985 33.60459 33.6208 32.95066 32.74838 -32767.0 33.18263 33.729275 -32767.0 34.145096 33.810604 33.726254 34.03692 34.15769 34.166077 34.066307 34.026157 33.95624 34.012646 34.02146 34.08564 34.059216 34.051228 34.07814 33.9963 33.987617 34.042152 34.04504 33.732483 33.933628 33.91345 33.743725 33.57053 34.06903 34.234913 34.2713 34.276543 34.207817 34.284588 34.156693
31.53112 33.106728 33.77663 33.784744 33.726707 33.40478 33.132458 32.128475 32.293583 32.607414 32.71401 32.56427 32.407593 32.318928 32.209698 32.212246 32.27198 32.30175 32.44931 32.686348 32.232582 33.155163 33.856747 33.206573 33.071796 32.718575 32.721127 32.747074 -32767.0 33.67102 33.812737 33.66419 33.749454 34.085403 34.175056 34.148422 34.107307 34.075745 34.00371 34.005676 33.995224 34.123486 34.086544 34.09512 34.064846 34.09023 33.956425 34.037697 34.02915 34.04751 33.702896 33.83162 33.75899 33.601124 33.64324 34.20459 34.23346 34.32079 34.25579 34.341125 34.365818 34.229313
30.527891 33.261208 33.90732 33.927193 33.869835 33.79988 33.657425 33.07208 32.27978 32.239403 32.348465 32.456184 32.664158 32.772095 32.73317 32.727726 32.642334 32.96121 33.623005 33.918552 33.98644 33.6636 32.587208 33.005898 33.04798 32.52129 33.406082 33.254807 32.995033 33.25243 34.1285 34.14719 34.237514 34.180817 34.12037 34.033924 34.018364 34.070255 34.06599 34.013752 34.051 34.130264 34.128098 34.098488 34.103825 34.088203 33.946033 34.002052 33.99852 34.072227 33.661144 33.670567 33.59435 33.562153 34.04049 34.236374 34.280712 34.31275 34.346325 34.44659 34.439365 34.33229
33.845448 33.94598 33.982952 34.00028 33.91196 33.828327 33.781986 33.681305 33.40158 33.242275 33.16883 33.15813 33.24029 33.188934 33.092182 32.926556 33.19272 33.975037 34.05591 34.10455 34.1652 34.16289 34.10703 33.7199 33.48019 33.950375 33.96661 34.082787 33.8939 34.032246 34.02768 34.132977 34.174297 34.177753 34.054497 33.969105 33.93364 33.98114 34.055096 34.01251 34.026035 34.13729 34.127678 34.11799 34.121193 34.12597 33.997124 34.03298 33.95152 33.95139 33.953175 33.794846 33.725037 34.018677 34.270958 34.245907 34.364365 34.35576 34.50331 34.4596 34.44806 34.39315
34.10131 34.13673 34.145016 34.07548 34.00697 33.9811 33.89064 33.758774 33.716576 33.64284 33.47005 33.2912 33.279205 33.225277 33.053543 33.425694 33.946472 34.063942 34.215927 34.370148 34.38719 34.36931 34.35485 34.34136 34.289402 34.28738 34.287735 34.30983 34.31071 34.291862 34.262337 34.29081 34.244892 34.198402 34.022476 33.961754 33.95534 33.95228 33.936733 34.076904 34.04083 34.056767 34.090622 34.08995 34.116436 34.113884 34.13492 34.106647 34.02581 33.996857 34.01079 34.047405 34.142235 34.264317 34.20807 34.41401 34.3356 34.496437 34.4409 34.410973 34.39027 34.401344
34.16184 34.185642 34.11731 34.02734 33.997677 33.9453 33.87511 33.768276 33.630936 33.529278 33.332703 33.28265 33.209736 33.172516 33.43467 33.908524 34.04635 34.16307 34.39277 34.397533 34.364704 34.357227 34.35422 34.362858 34.359734 34.339973 34.334023 34.33763 34.310078 34.317944 34.316143 34.352417 34.327965 34.18453 34.05441 34.034264 34.04951 34.079376 34.085068 34.057373 34.023396 34.103336 34.00423 34.01789 34.06544 34.119884 34.12749 34.109505 34.132225 34.10415 34.05959 34.13341 34.268787 34.190205 34.423183 34.33264 34.491455 34.422066 34.390038 34.408005 34.37655 34.41099
34.309334 34.17058 34.013065 34.05605 33.951263 33.913845 33.84582 33.776688 33.520123 33.360466 33.320282 33.246735 33.358685 33.781483 33.94162 34.004204 34.065735 34.316 34.425465 34.356945 34.33231 34.334045 34.33216 34.347004 34.32568 34.33073 34.278942 34.246235 34.24469 34.325165 34.3374 34.277725 34.2517 34.153473 34.196632 34.274246 34.297207 34.25529 34.218445 34.18734 34.1325 34.054184 34.09885 34.078598 34.08548 34.13066 34.128033 34.143864 34.131058 34.11601 34.139126 34.177513 34.179184 34.40809 34.35041 34.51212 34.446026 34.414906 34.380836 34.392944 34.43097 34.467964
34.231407 33.981964 34.06604 33.96788 33.929024 33.866524 33.808914 33.72888 33.523384 33.462063 33.441086 33.528843 33.979935 34.054195 34.04381 33.975693 34.153915 34.38794 34.415318 34.34624 34.34367 34.37403 34.37191 34.341484 34.31939 34.329918 34.300144 34.25459 34.32545 34.294193 34.264328 34.213524 34.250416 34.41873 34.454166 34.422867 34.388653 34.344074 34.302437 34.288437 34.26945 34.17818 34.097027 34.09549 34.09904 34.111477 34.13854 34.110035 34.09371 34.090317 34.12902 34.15078 34.44935 34.34372 34.55431 34.454815 34.444744 34.457916 34.504314 34.501335 34.49629 34.484177
34.124477 33.96666 33.92161 34.004932 33.943707 33.839035 33.7715 33.6359 33.669262 33.90437 33.703606 33.791115 33.990005 34.02394 33.939625 34.064034 34.30736 34.404274 34.40443 34.30206 34.329403 34.28971 34.281837 34.27674 34.274086 34.237602 34.214893 34.234394 34.237595 34.197727 34.26128 34.442577 34.497036 34.534145 34.52709 34.488235 34.439434 34.38814 34.316727 34.25189 34.221558 34.246902 34.17686 34.131874 34.11719 34.135048 34.11945 34.117348 34.118538 34.12472 34.21309 34.441322 34.394226 34.578014 34.536667 34.47967 34.456303 34.491463 34.504993 34.472027 34.412235 34.361633
34.028976 33.89749 33.83057 34.089275 34.02733 33.84125 33.793423 33.698875 33.813633 33.910713 33.919353 33.905907 33.983665 33.896942 34.051716 34.261425 34.349552 34.41056 34.415665 34.24259 34.240654 34.220215 34.209995 -32767.0 34.206566 34.178566 34.175007 34.205902 34.253788 34.38189 34.53916 34.62705 34.59635 34.515694 34.450405 34.40038 34.374428 34.361397 34.36218 34.31547 34.164295 34.18041 34.214504 34.1656 34.138996 34.129536 34.285793 34.32742 34.38967 34.46048 34.52183 34.393673 34.567936 34.57137 34.480156 34.51083 34.501785 34.520203 34.507168 34.445724 34.436245 34.434727
33.95637 33.8114 33.73333 33.943596 33.985554 34.07376 33.813126 33.800896 33.793312 33.827084 33.87904 33.89778 33.84658 34.118435 34.2614 34.258053 34.342613 34.434643 34.415535 34.295624 34.259098 34.231995 34.234684 34.289406 34.165005 34.188126 34.227554 34.276276 34.39124 34.6383 34.66919 34.60606 34.496784 34.39453 34.31594 34.279034 34.27405 34.240578 34.229034 34.315163 34.20023 34.159904 34.209354 34.162727 34.12386 34.263542 34.348866 34.39714 34.43295 34.413197 34.367073 34.40268 34.45857 34.545784 34.460476 34.51112 34.51554 34.50928 34.498566 34.484974 34.525795 34.522
33.82196 33.73434 33.712494 33.81468 33.98993 34.075573 33.917995 33.77914 33.77674 33.775726 33.78247 33.879898 34.218575 34.22981 34.192184 34.297985 34.41443 34.472527 34.39776 34.35925 34.231915 34.22615 -32767.0 34.191135 34.204365 34.280827 34.298176 34.39271 34.62542 34.63676 34.646873 34.48955 34.33299 34.259567 34.31741 34.370148 34.335953 34.24133 34.191277 34.302555 34.244793 34.15648 34.186493 34.1228 34.225468 34.2168 34.278854 34.399185 34.479973 34.542614 34.59068 34.597187 34.575806 34.56346 34.45267 34.412968 34.41496 34.42297 34.429577 34.44265 34.475693 34.5024
33.68364 33.649467 33.6633 34.025295 34.00234 34.000477 33.971443 33.913185 33.79162 33.78332 34.01293 34.2502 34.175934 34.215973 34.282246 34.401886 34.504593 34.508 34.377068 34.35401 34.27705 34.220577 34.204716 34.25979 34.276394 34.2975 34.401146 34.60254 34.599556 34.62215 34.59878 34.350834 34.250687 34.379402 34.423557 34.412567 34.404686 34.301178 34.2541 34.312805 34.18889 34.17441 34.124645 34.213825 34.29206 34.454475 34.540638 34.583763 34.615078 34.63062 34.63659 34.61871 34.564217 34.58558 34.43646 34.39285 34.435356 34.430214 34.479137 34.514797 34.508553 34.52051
33.645996 33.647194 33.869576 34.000942 33.963047 33.846725 33.867783 33.881386 33.840675 34.143986 34.29469 34.211475 34.188107 34.263885 34.388798 34.526264 34.562958 34.47409 34.258373 34.35114 34.23911 34.22188 34.266712 34.244843 34.3176 34.381138 34.51511 34.56995 34.59049 34.6327 34.52431 34.279552 34.29005 34.448597 34.37326 34.401295 34.349274 34.307983 34.326355 34.214188 34.122944 34.142715 34.23453 34.27185 34.511475 34.610073 34.63691 34.633076 34.630672 34.63466 34.626774 34.636494 34.5548 34.559353 34.37693 34.501606 34.543617 34.492386 34.45791 34.50928 34.527096 34.539783
33.708942 33.66035 33.738506 33.936455 33.86093 33.795383 33.84019 33.869717 34.14803 34.30998 34.236164 34.19794 34.23012 34.33554 34.49933 34.47687 34.53156 34.430004 34.298473 34.254574 34.26816 34.207783 34.22716 34.26018 34.390408 34.45146 34.530388 34.5774 34.5755 34.63366 34.46719 34.243904 34.37431 34.419617 34.356907 34.3602 34.33177 34.316723 34.217457 34.095818 34.139385 34.238476 34.298267 34.56661 34.648483 34.703674 34.698994 34.681137 34.697723 34.650253 34.631428 34.647232 34.579758 34.527367 34.424778 34.59707 34.605217 34.57093 34.54133 34.52329 34.513096 34.51176
33.99493 33.879288 33.810143 33.96881 34.013268 33.99507 34.200306 34.305443 34.289967 34.219425 34.184097 34.195354 34.255405 34.377544 34.532867 34.48749 34.48489 34.469288 34.4351 -32767.0 34.245064 34.199684 34.208496 34.28303 34.42862 34.47988 34.59773 34.56906 34.569855 34.632427 34.42729 34.236225 34.419342 34.416336 34.380417 34.362965 34.3569 34.263752 34.103897 34.130436 34.241695 34.33135 34.571003 34.654358 34.725243 34.6901 34.652706 34.67038 34.65068 34.638474 34.664318 34.64847 34.659264 34.55073 34.444565 34.566254 34.64204 34.60475 34.56937 34.53228 34.496944 34.53348
