static/data/salinity/2023/7/9/12.asc
ncols 137
nrows 93
xllcorner 108.0
yllcorner 17.0
cellsize 0.25
NODATA_value -32767
[rows 54 to 80 of 93, columns 0 to 60 of 137]
-32767.0 -32767.0 -32767.0 -32767.0 -32767.0 -32767.0 -32767.0 -32767.0 -32767.0 -32767.0 -32767.0 -32767.0 -32767.0 -32767.0 -32767.0 -32767.0 -32767.0 -32767.0 -32767.0 -32767.0 -32767.0 -32767.0 -32767.0 -32767.0 -32767.0 -32767.0 -32767.0 -32767.0 -32767.0 -32767.0 -32767.0 -32767.0 -32767.0 -32767.0 -32767.0 -32767.0 -32767.0 -32767.0 -32767.0 -32767.0 -32767.0 -32767.0 -32767.0 -32767.0 -32767.0 -32767.0 -32767.0 -32767.0 34.317184 34.242733 34.254345 33.67884 33.29239 33.238304 33.005424 32.830482 32.698235 32.530277 32.622498 33.14355 33.339066
-32767.0 -32767.0 -32767.0 -32767.0 -32767.0 -32767.0 -32767.0 -32767.0 -32767.0 -32767.0 -32767.0 -32767.0 -32767.0 -32767.0 -32767.0 -32767.0 -32767.0 -32767.0 -32767.0 -32767.0 -32767.0 -32767.0 -32767.0 -32767.0 -32767.0 -32767.0 -32767.0 -32767.0 -32767.0 -32767.0 -32767.0 -32767.0 -32767.0 -32767.0 -32767.0 -32767.0 -32767.0 -32767.0 -32767.0 -32767.0 -32767.0 -32767.0 -32767.0 -32767.0 -32767.0 -32767.0 -32767.0 33.0027 -32767.0 34.131977 33.71145 33.477444 33.049454 32.870655 32.938076 32.680122 32.900402 33.114742 33.128765 33.22741 33.440647
-32767.0 -32767.0 -32767.0 -32767.0 -32767.0 -32767.0 -32767.0 -32767.0 -32767.0 -32767.0 -32767.0 -32767.0 -32767.0 -32767.0 -32767.0 -32767.0 -32767.0 -32767.0 -32767.0 -32767.0 -32767.0 -32767.0 -32767.0 -32767.0 -32767.0 -32767.0 -32767.0 -32767.0 -32767.0 -32767.0 -32767.0 -32767.0 -32767.0 -32767.0 -32767.0 -32767.0 -32767.0 -32767.0 -32767.0 -32767.0 -32767.0 -32767.0 -32767.0 -32767.0 -32767.0 -32767.0 -32767.0 33.1753 34.192875 33.989067 33.408146 33.404327 32.70987 32.84691 32.94543 33.514687 33.981327 34.0086 34.115334 34.16889 34.160233
-32767.0 -32767.0 -32767.0 -32767.0 -32767.0 -32767.0 -32767.0 -32767.0 -32767.0 -32767.0 -32767.0 -32767.0 -32767.0 -32767.0 -32767.0 -32767.0 -32767.0 -32767.0 -32767.0 -32767.0 -32767.0 -32767.0 -32767.0 -32767.0 -32767.0 -32767.0 -32767.0 -32767.0 -32767.0 -32767.0 -32767.0 -32767.0 -32767.0 -32767.0 -32767.0 -32767.0 -32767.0 -32767.0 -32767.0 -32767.0 -32767.0 -32767.0 -32767.0 -32767.0 -32767.0 -32767.0 -32767.0 33.535076 34.053764 33.867073 33.26481 33.194393 32.61593 33.05475 33.24951 33.86192 33.994987 34.031353 34.192673 34.149887 34.13992
-32767.0 -32767.0 -32767.0 -32767.0 -32767.0 -32767.0 -32767.0 -32767.0 -32767.0 -32767.0 -32767.0 -32767.0 -32767.0 -32767.0 -32767.0 -32767.0 -32767.0 -32767.0 -32767.0 -32767.0 -32767.0 -32767.0 -32767.0 -32767.0 -32767.0 -32767.0 -32767.0 -32767.0 -32767.0 -32767.0 -32767.0 -32767.0 -32767.0 -32767.0 -32767.0 -32767.0 -32767.0 -32767.0 -32767.0 -32767.0 -32767.0 -32767.0 -32767.0 -32767.0 -32767.0 31.348043 -32767.0 33.593365 34.08448 33.583168 33.218147 33.003773 32.82134 32.908966 34.043896 33.82501 33.60165 33.96812 34.158173 34.266045 34.268887
-32767.0 -32767.0 -32767.0 -32767.0 -32767.0 -32767.0 -32767.0 -32767.0 -32767.0 -32767.0 -32767.0 -32767.0 -32767.0 -32767.0 -32767.0 -32767.0 -32767.0 -32767.0 -32767.0 -32767.0 -32767.0 -32767.0 -32767.0 -32767.0 -32767.0 -32767.0 -32767.0 -32767.0 -32767.0 -32767.0 -32767.0 -32767.0 -32767.0 -32767.0 -32767.0 -32767.0 -32767.0 -32767.0 -32767.0 -32767.0 -32767.0 -32767.0 -32767.0 -32767.0 -32767.0 -32767.0 33.638245 33.92755 33.748966 33.427505 32.423515 32.547264 32.665474 32.670216 32.767094 33.269337 33.35142 33.706997 34.100185 34.23116 34.26578
-32767.0 -32767.0 -32767.0 -32767.0 -32767.0 -32767.0 -32767.0 -32767.0 -32767.0 -32767.0 -32767.0 -32767.0 -32767.0 -32767.0 -32767.0 -32767.0 -32767.0 -32767.0 -32767.0 -32767.0 -32767.0 -32767.0 -32767.0 -32767.0 -32767.0 -32767.0 -32767.0 -32767.0 -32767.0 -32767.0 -32767.0 -32767.0 -32767.0 -32767.0 -32767.0 -32767.0 -32767.0 -32767.0 -32767.0 -32767.0 -32767.0 -32767.0 -32767.0 -32767.0 33.203423 33.617073 33.79141 33.83401 33.23445 32.69025 31.726507 32.05859 -32767.0 -32767.0 -32767.0 -32767.0 33.389217 33.993183 34.05466 34.32109 34.4364
-32767.0 -32767.0 -32767.0 -32767.0 -32767.0 -32767.0 -32767.0 -32767.0 -32767.0 -32767.0 -32767.0 -32767.0 -32767.0 -32767.0 -32767.0 -32767.0 -32767.0 -32767.0 -32767.0 -32767.0 -32767.0 -32767.0 -32767.0 -32767.0 -32767.0 -32767.0 -32767.0 -32767.0 -32767.0 -32767.0 -32767.0 -32767.0 -32767.0 -32767.0 -32767.0 -32767.0 -32767.0 -32767.0 -32767.0 -32767.0 -32767.0 -32767.0 -32767.0 33.53218 33.623062 33.550972 33.304672 33.11256 32.39356 32.28337 31.875603 33.094162 -32767.0 -32767.0 -32767.0 -32767.0 33.682972 34.100365 34.192844 34.34506 34.443787
-32767.0 -32767.0 -32767.0 -32767.0 -32767.0 -32767.0 -32767.0 -32767.0 -32767.0 -32767.0 -32767.0 -32767.0 -32767.0 -32767.0 -32767.0 -32767.0 -32767.0 -32767.0 -32767.0 -32767.0 -32767.0 -32767.0 -32767.0 -32767.0 -32767.0 -32767.0 -32767.0 -32767.0 -32767.0 -32767.0 -32767.0 -32767.0 -32767.0 -32767.0 -32767.0 -32767.0 -32767.0 -32767.0 -32767.0 -32767.0 -32767.0 33.412525 33.226826 33.63177 33.11643 32.63279 32.10814 31.376474 31.6623 31.948471 32.58017 -32767.0 -32767.0 -32767.0 -32767.0 -32767.0 34.061077 34.212917 34.358555 34.415184 34.446857
-32767.0 -32767.0 -32767.0 -32767.0 -32767.0 -32767.0 -32767.0 -32767.0 -32767.0 -32767.0 -32767.0 -32767.0 -32767.0 -32767.0 -32767.0 -32767.0 -32767.0 -32767.0 -32767.0 -32767.0 -32767.0 -32767.0 -32767.0 -32767.0 -32767.0 -32767.0 -32767.0 -32767.0 -32767.0 -32767.0 -32767.0 -32767.0 -32767.0 -32767.0 -32767.0 -32767.0 -32767.0 -32767.0 -32767.0 -32767.0 -32767.0 33.536186 33.58133 33.70737 32.154797 31.91969 31.640968 32.30938 32.385365 33.414196 32.590977 -32767.0 -32767.0 -32767.0 -32767.0 34.071503 34.337116 34.43432 34.433014 34.4378 34.448692
-32767.0 -32767.0 -32767.0 -32767.0 -32767.0 -32767.0 -32767.0 -32767.0 -32767.0 -32767.0 -32767.0 -32767.0 -32767.0 -32767.0 -32767.0 -32767.0 -32767.0 -32767.0 -32767.0 -32767.0 -32767.0 -32767.0 -32767.0 -32767.0 -32767.0 -32767.0 -32767.0 -32767.0 -32767.0 -32767.0 -32767.0 -32767.0 -32767.0 -32767.0 -32767.0 -32767.0 -32767.0 -32767.0 -32767.0 33.322495 33.62433 33.659454 33.679096 33.336407 31.53177 31.211794 31.805912 33.651093 33.081036 32.43575 -32767.0 -32767.0 -32767.0 -32767.0 -32767.0 34.0813 34.37585 34.39874 34.419697 34.44959 34.436623
-32767.0 -32767.0 -32767.0 -32767.0 -32767.0 -32767.0 -32767.0 -32767.0 -32767.0 -32767.0 -32767.0 -32767.0 -32767.0 -32767.0 -32767.0 -32767.0 -32767.0 -32767.0 -32767.0 -32767.0 -32767.0 -32767.0 -32767.0 -32767.0 -32767.0 -32767.0 -32767.0 -32767.0 -32767.0 -32767.0 -32767.0 -32767.0 -32767.0 -32767.0 -32767.0 -32767.0 -32767.0 -32767.0 33.431152 33.753803 33.913525 33.892845 33.579975 31.712782 31.542974 31.056423 32.71561 33.034744 32.774467 32.42303 -32767.0 -32767.0 -32767.0 -32767.0 -32767.0 34.221474 34.40999 34.416492 34.425423 34.468693 34.41439
-32767.0 -32767.0 -32767.0 -32767.0 -32767.0 -32767.0 -32767.0 -32767.0 -32767.0 -32767.0 -32767.0 -32767.0 -32767.0 -32767.0 -32767.0 -32767.0 -32767.0 -32767.0 -32767.0 -32767.0 -32767.0 -32767.0 -32767.0 -32767.0 -32767.0 -32767.0 -32767.0 -32767.0 -32767.0 -32767.0 -32767.0 -32767.0 -32767.0 -32767.0 -32767.0 -32767.0 33.341778 33.7777 33.96955 33.874454 33.62457 33.24312 32.05461 31.518463 31.476913 32.427326 -32767.0 32.969315 32.66579 -32767.0 -32767.0 -32767.0 -32767.0 -32767.0 33.982243 34.309914 34.369614 34.44963 34.400333 34.47741 34.399105
-32767.0 -32767.0 -32767.0 -32767.0 -32767.0 -32767.0 -32767.0 -32767.0 -32767.0 -32767.0 -32767.0 -32767.0 -32767.0 -32767.0 -32767.0 -32767.0 -32767.0 -32767.0 -32767.0 -32767.0 -32767.0 -32767.0 -32767.0 -32767.0 -32767.0 -32767.0 -32767.0 -32767.0 -32767.0 -32767.0 -32767.0 -32767.0 -32767.0 -32767.0 -32767.0 33.531452 33.935623 33.914425 33.724464 33.484276 32.968864 32.20137 31.694918 32.27481 31.47189 32.668137 -32767.0 32.549347 32.416477 -32767.0 -32767.0 -32767.0 -32767.0 -32767.0 33.697666 34.295532 34.241768 34.370083 34.34697 34.45738 34.389793
-32767.0 -32767.0 -32767.0 -32767.0 -32767.0 -32767.0 -32767.0 -32767.0 -32767.0 -32767.0 -32767.0 -32767.0 -32767.0 -32767.0 -32767.0 -32767.0 -32767.0 -32767.0 -32767.0 -32767.0 -32767.0 -32767.0 -32767.0 -32767.0 -32767.0 -32767.0 -32767.0 -32767.0 -32767.0 -32767.0 -32767.0 -32767.0 -32767.0 -32767.0 -32767.0 33.57778 33.501186 32.953907 32.49632 32.526054 32.425476 31.722992 32.56984 33.74025 34.560856 34.203476 32.238243 32.483166 30.719193 -32767.0 -32767.0 -32767.0 -32767.0 -32767.0 33.7505 34.277447 34.131664 34.243103 34.271046 34.405407 34.40336
-32767.0 -32767.0 -32767.0 -32767.0 -32767.0 -32767.0 -32767.0 -32767.0 -32767.0 -32767.0 -32767.0 -32767.0 -32767.0 -32767.0 -32767.0 -32767.0 -32767.0 -32767.0 -32767.0 -32767.0 -32767.0 -32767.0 -32767.0 -32767.0 -32767.0 -32767.0 -32767.0 24.382845 -32767.0 30.089771 -32767.0 31.04382 31.417982 32.498276 32.673203 32.69788 32.622116 32.144043 31.737537 31.518496 31.377495 32.138268 31.96025 32.4259 32.46821 31.955526 32.077805 32.754383 32.687977 -32767.0 -32767.0 -32767.0 -32767.0 33.923473 34.0054 34.290585 34.108536 34.12769 34.11569 34.276386 34.433537
-32767.0 -32767.0 -32767.0 -32767.0 -32767.0 -32767.0 -32767.0 -32767.0 -32767.0 -32767.0 -32767.0 -32767.0 -32767.0 -32767.0 -32767.0 -32767.0 -32767.0 -32767.0 -32767.0 -32767.0 -32767.0 -32767.0 -32767.0 8.461627 -32767.0 -32767.0 30.346447 30.07845 29.54298 29.630322 29.626524 29.712002 29.918837 30.347935 30.5687 30.434513 30.42412 30.525671 30.555325 30.830336 31.035252 31.306513 31.224546 31.571377 32.078075 32.83998 33.23656 33.349 33.453743 30.93981 -32767.0 -32767.0 33.388714 33.97914 33.80533 34.404804 34.149445 34.039104 34.139126 34.169014 34.40149
-32767.0 -32767.0 -32767.0 -32767.0 -32767.0 -32767.0 -32767.0 -32767.0 -32767.0 -32767.0 -32767.0 -32767.0 -32767.0 -32767.0 -32767.0 -32767.0 -32767.0 -32767.0 -32767.0 -32767.0 -32767.0 -32767.0 -32767.0 15.138769 11.210182 23.974909 26.873795 27.313217 27.842793 27.893042 28.363409 28.908613 28.82023 28.984423 28.861502 29.322723 29.489344 30.071283 30.874939 31.199905 31.70557 31.774984 32.93587 33.29297 33.44528 33.51022 33.671074 33.69842 33.791004 33.796688 31.629435 -32767.0 33.079784 33.803223 34.013542 34.250484 34.045406 33.995842 34.267105 34.195385 34.35917
-32767.0 -32767.0 -32767.0 -32767.0 -32767.0 -32767.0 -32767.0 -32767.0 -32767.0 -32767.0 -32767.0 -32767.0 -32767.0 -32767.0 -32767.0 -32767.0 -32767.0 -32767.0 -32767.0 -32767.0 13.159078 20.782833 24.128819 27.766312 29.055618 -32767.0 31.434444 31.620378 31.494759 32.11346 32.664085 32.825592 32.919956 32.927795 32.889267 32.713184 32.792946 32.854862 32.840763 32.925972 33.091957 33.229836 33.425705 33.594147 33.805397 34.002155 34.0793 34.070328 34.028507 33.882652 33.350853 -32767.0 33.22922 33.48347 34.019253 33.99923 33.994705 34.226734 34.331554 34.29145 34.309048
-32767.0 -32767.0 32.57413 -32767.0 -32767.0 -32767.0 -32767.0 -32767.0 -32767.0 -32767.0 -32767.0 -32767.0 -32767.0 -32767.0 -32767.0 -32767.0 31.125078 -32767.0 30.672768 30.127533 28.612919 31.559761 32.113663 32.159058 32.50741 32.913055 33.356403 33.39729 33.431637 33.384487 33.38491 33.384567 33.342934 33.282204 33.218685 33.146236 33.077606 33.055004 33.056473 33.08194 33.1749 33.34345 33.703884 34.117123 34.193897 34.15217 34.119133 34.19529 34.221165 34.308697 33.8364 33.584038 33.62012 34.017662 34.210407 34.333588 34.29274 34.378628 34.367054 34.329723 34.300243
-32767.0 31.885351 31.953457 31.918318 31.740955 -32767.0 31.926472 31.958994 -32767.0 -32767.0 -32767.0 -32767.0 -32767.0 32.001347 32.153664 32.809586 33.186512 33.334473 33.33084 33.377983 33.46521 33.402046 33.314896 33.298725 33.47598 33.516132 33.39348 33.53031 33.79605 33.626484 33.56527 33.49417 33.41348 33.37044 33.370686 33.415577 33.38153 33.348145 33.289654 33.271214 33.386005 33.770702 34.156296 34.225792 34.14837 34.207565 34.231697 34.23373 34.226566 34.221706 34.208195 34.23478 34.269314 34.307415 34.305443 34.349854 34.433544 34.421085 34.357384 34.334927 34.372494
32.350353 32.827362 32.80415 32.427338 32.132954 32.182194 32.074688 31.932947 -32767.0 -32767.0 -32767.0 32.742065 33.43021 33.495464 33.49199 33.40097 33.38763 33.400936 33.450478 33.50695 33.522343 33.599224 33.672173 33.705288 33.720936 33.700085 33.728798 33.751225 33.693203 33.469822 33.431534 33.38956 33.397953 33.48977 33.594418 33.71462 33.733864 33.744007 33.68909 33.746174 33.966244 34.124878 34.22327 34.1831 34.286583 34.26338 34.23783 34.16851 34.171803 34.20116 34.247143 34.204098 34.28195 34.32598 34.41138 34.408844 34.42209 34.423885 34.355923 34.325733 34.348686
32.942135 32.849632 32.83282 32.868504 32.688244 32.4638 32.28441 -32767.0 -32767.0 31.150106 -32767.0 33.565525 33.411457 33.22398 33.177124 33.18414 33.212646 33.269897 33.42706 33.676308 33.842834 33.795822 33.66456 33.5998 33.640083 33.647964 33.73608 33.80398 33.632248 33.43533 33.380474 33.411274 33.633923 33.94766 33.996864 33.91268 33.975746 34.044186 34.061016 34.10428 33.99598 33.992966 34.25991 34.284737 34.251617 34.174786 34.14662 34.17087 34.056774 33.92721 33.901974 34.042625 34.156303 34.20774 34.27968 34.345627 34.41468 34.444073 34.432453 34.433956 34.289097
32.926815 32.872475 32.798904 32.780094 32.78098 32.567318 32.393833 32.465866 -32767.0 -32767.0 32.866055 33.13918 33.115494 33.030876 33.177784 33.24922 33.25379 33.336395 33.536644 33.66159 33.613827 33.611275 33.682896 33.794567 33.754116 33.81043 33.87001 33.813366 33.53013 33.439823 33.43979 33.698803 34.062122 34.12143 34.089718 34.06132 34.051838 34.08707 34.12086 33.962013 33.89538 34.0862 34.28516 34.210255 34.002728 34.036545 34.142143 34.150833 33.995983 34.120033 33.837788 34.28054 34.202827 34.28782 34.27174 34.333565 34.40713 34.48579 34.354115 34.230717 34.341827
33.03067 32.96505 32.875347 32.80725 32.70271 32.62161 32.55141 32.541126 -32767.0 -32767.0 32.77692 32.77625 32.905743 33.00214 33.31143 33.62339 33.72476 33.770573 33.79284 33.783043 33.801704 33.846783 33.849583 33.84642 33.895096 33.90565 33.86249 33.80955 33.646942 33.613007 33.599216 33.956806 34.044933 34.10222 34.10657 34.122272 34.082848 34.154625 34.00403 34.075027 34.036785 34.311077 34.248653 34.034077 34.057156 34.17492 33.85835 33.91364 34.06186 34.06039 33.753513 34.261505 34.29774 34.258255 34.287247 34.30212 -32767.0 34.364445 34.46636 34.307648 34.365757
33.190067 33.139297 32.99657 32.90258 32.79093 32.697403 32.70267 32.569088 32.648174 32.74062 32.757416 32.76233 32.80454 33.073124 33.59892 33.859642 33.840954 33.80482 33.79793 33.801575 33.773422 33.761505 33.81342 33.927082 33.942852 33.91799 33.87804 33.81062 33.685215 33.703243 33.803116 33.93551 33.98964 34.080986 34.102867 34.150795 34.14247 34.19231 34.03536 34.087063 34.227047 34.201622 34.073128 33.96785 34.186657 34.036015 33.901413 33.97471 33.862846 33.7423 33.616528 34.07648 34.211807 34.231728 34.23105 34.234756 34.323734 34.293373 34.281235 34.431465 34.38845
33.235558 33.24679 33.19864 33.01969 32.87931 32.89244 32.979004 32.998756 32.931892 -32767.0 -32767.0 -32767.0 33.071968 33.4563 33.875874 33.670124 33.607273 33.611332 33.615723 33.65569 33.71925 33.74227 33.85697 33.939693 33.900608 33.8701 33.88583 33.712532 33.733677 33.83667 33.87385 33.871998 33.862072 33.88651 34.000336 34.117397 34.156765 34.201653 34.113495 33.99361 34.072556 34.047665 33.98556 34.01598 34.301155 34.264015 33.93922 34.065895 33.72661 33.598095 33.56282 33.663788 34.133656 34.176895 34.20932 34.242977 34.3255 34.31475 34.30184 34.366165 34.44271
