static/data/salinity/2023/7/9/18.asc
ncols 137
nrows 93
xllcorner 108.0
yllcorner 17.0
cellsize 0.25
NODATA_value -32767
[rows 28 to 55 of 93, columns 61 to 121 of 137]
29.90786 29.733042 29.784609 29.71886 29.47316 29.387703 29.99362 30.496752 31.481169 32.14332 32.375103 32.410347 32.400105 32.37425 32.56092 32.55966 32.808376 32.86804 32.477604 32.894634 32.777534 32.728783 32.908764 -32767.0 33.60658 33.372597 -32767.0 -32767.0 27.480047 -32767.0 -32767.0 -32767.0 -32767.0 -32767.0 -32767.0 32.30701 33.122627 -32767.0 -32767.0 33.35336 33.963047 34.11345 34.14506 34.13893 33.831234 33.969883 33.9571 34.055466 33.483486 33.813908 34.147808 34.084637 34.05769 33.97459 33.78064 33.810482 33.77681 33.72669 33.907143 34.224747 34.307037
30.371544 29.688858 29.324724 29.342325 29.3377 29.730288 30.022192 30.395279 31.29553 32.113792 32.424862 32.632957 32.813118 32.860294 32.806774 32.857254 32.813164 32.353035 32.33826 32.80296 33.08679 32.969036 -32767.0 33.986977 33.859097 33.775692 32.898636 32.44272 -32767.0 28.68059 -32767.0 -32767.0 -32767.0 -32767.0 -32767.0 33.875973 33.9656 33.99566 33.76004 34.054977 34.112022 33.972717 33.960594 33.957085 33.928055 33.916267 33.93125 33.953316 34.041748 33.72311 34.187687 34.048016 34.013645 34.09094 33.96646 33.89167 33.947346 33.86254 33.681545 33.982708 34.298378
30.369791 29.889994 29.365908 30.159805 30.216682 30.543928 31.301826 31.420368 31.831928 32.60999 32.798645 32.78284 32.894722 32.675262 32.57514 32.608597 32.540035 32.55429 32.562935 32.94472 32.955837 33.26966 33.333546 33.65592 33.68361 33.827393 33.77547 32.954823 29.606075 29.395414 -32767.0 -32767.0 -32767.0 -32767.0 33.702335 34.0892 34.167706 34.18145 34.085308 34.034264 33.988277 33.9435 33.84039 33.801258 33.81823 33.835533 33.8112 33.83704 33.92019 33.821373 33.99252 34.15672 33.99825 33.956573 34.10169 33.992924 33.921967 33.86608 33.67519 33.722263 34.24233
30.410614 30.378931 30.280212 30.48402 31.448862 32.477947 32.625824 32.354984 32.67709 32.8818 32.950645 32.9187 32.895245 32.576195 32.697536 32.73613 32.754555 32.82732 32.8688 33.233463 33.191994 33.538956 33.69957 33.74022 33.76005 33.64018 33.788223 33.05298 31.86859 30.37293 -32767.0 -32767.0 -32767.0 -32767.0 33.862526 34.138035 34.183247 34.2679 34.057384 33.97447 33.89504 33.863796 33.954212 34.055763 34.109905 34.145077 34.118404 34.028637 33.86768 33.980213 33.76726 34.02626 33.92571 33.936813 34.05603 33.906418 33.89366 33.767796 33.63696 33.735725 34.105896
28.236273 27.645653 29.484976 30.36827 31.341145 32.336002 32.93487 33.04988 33.12802 33.200768 33.22508 32.960644 32.909805 32.899307 32.86101 32.855408 32.90385 32.90427 33.058563 33.456276 33.557285 33.472485 33.50127 33.566288 33.66254 33.75651 33.798717 33.140934 -32767.0 -32767.0 -32767.0 -32767.0 -32767.0 33.525513 34.09176 34.212677 34.24108 34.25807 34.18148 34.102695 34.024567 33.997543 34.019257 34.096622 34.044697 34.118526 34.209076 34.171288 34.024532 33.89918 33.93974 33.910114 33.930256 33.982674 33.94312 33.959904 33.82096 33.703625 33.656982 33.88156 34.150387
27.857725 27.583672 27.476082 28.882116 29.938858 30.701328 32.199654 33.05161 33.260548 33.327385 33.31785 33.097282 32.861275 32.847965 32.92027 32.93785 32.84705 32.970085 32.909916 32.66129 32.328392 32.285072 32.3073 32.64326 33.351147 33.70036 33.784473 33.332336 -32767.0 -32767.0 -32767.0 -32767.0 -32767.0 33.75313 33.976177 33.931282 33.952976 34.011772 33.993027 33.93283 33.930492 33.935368 33.936523 34.026363 33.874348 34.042377 34.14945 34.229076 34.151966 33.9351 34.01656 33.857384 33.88737 34.00453 34.0361 33.997738 33.77155 33.640045 33.78617 34.112827 34.208195
29.162502 28.31849 29.034342 28.58998 29.167156 29.866507 31.05222 32.48952 33.118336 33.039185 32.904774 32.72457 32.73691 32.79814 32.914547 32.93668 32.920963 32.775135 32.441242 32.086895 32.394455 32.534126 32.68664 32.53254 32.72696 33.59382 33.79473 33.75455 33.21365 -32767.0 32.917793 -32767.0 -32767.0 33.86533 33.870296 33.93813 33.95304 33.909973 33.882385 34.00422 33.980545 33.961548 33.99595 33.95929 33.891716 34.093224 34.043564 34.062435 34.1766 34.07016 34.0122 33.84781 33.843933 33.94286 34.05635 33.79535 33.683323 33.7035 34.03732 34.20911 34.241364
31.49866 31.530678 31.312643 31.694715 31.72547 30.525076 31.245106 32.251858 32.806168 33.093647 32.95282 32.74011 32.56837 32.66112 32.82794 32.89416 32.843636 32.374443 31.837124 32.356197 33.336365 33.611355 33.56406 32.816982 33.156185 33.606037 33.730843 33.7387 33.479187 33.553703 33.19811 -32767.0 33.607876 33.924274 33.852516 33.929295 33.93033 33.91255 34.06565 33.9825 33.90957 33.983425 34.003216 33.87927 34.04366 34.017548 34.036106 34.035686 34.09203 34.126583 34.002663 33.85137 33.83315 33.840023 33.79666 33.780357 33.585102 33.84459 34.19207 34.228943 34.282383
29.56186 31.260118 31.915354 31.614285 31.836227 32.030285 31.661444 31.8413 32.80619 33.006153 32.820854 32.671364 32.590588 32.61354 32.753433 32.77448 32.47035 32.042458 31.82089 32.272274 33.50163 33.69147 33.608856 33.46189 33.61913 33.718346 33.764877 33.74947 33.682713 33.651176 -32767.0 33.717213 33.73955 33.81703 33.87447 33.891743 33.857327 33.987457 34.16879 33.98148 33.928192 33.984715 33.98934 34.03262 33.983105 34.012653 34.0441 34.04177 34.053886 34.122356 33.98865 33.840992 33.837643 33.74973 33.71957 33.729805 33.576096 33.989124 34.21977 34.27013 34.255547
30.463148 32.239204 32.269444 32.25484 32.297333 32.557457 32.23856 32.09108 32.66157 32.9128 32.84227 32.780254 32.80157 32.826515 32.707348 32.331654 32.06847 31.995888 31.896078 32.085583 33.357872 33.76406 33.67857 33.665684 33.69054 33.64434 33.65372 33.707275 33.70778 33.849174 33.892357 33.968567 34.066036 34.097897 33.828938 33.75235 33.98798 34.12367 34.169407 34.01557 33.975254 34.033085 34.015324 34.032562 34.096596 34.081 34.070145 34.0716 34.046276 34.08048 34.012142 33.805725 33.83269 33.850567 33.88326 33.640846 33.633892 34.15183 34.226505 34.304638 34.199066
29.982225 32.766273 33.516376 33.373325 33.145878 33.191414 33.04476 32.400608 32.199955 32.708813 32.80852 32.800945 32.81379 32.56151 32.318016 32.17573 32.05618 32.114494 32.158333 32.204197 32.078934 32.825535 33.82015 33.663258 33.59757 33.65883 32.881645 32.667995 -32767.0 32.794117 33.302048 -32767.0 34.031593 33.719326 33.808796 34.14317 34.173134 34.13391 34.10106 34.032207 33.964344 34.01357 34.086563 34.085526 34.04691 34.078983 34.07528 34.081367 34.110374 34.060677 34.023083 33.739487 33.913048 33.92491 33.78945 33.575104 33.923096 34.22713 34.261234 34.29108 34.23406
31.116095 30.96448 32.755547 33.68238 33.728207 33.68322 33.58816 33.22352 32.271893 32.24478 32.54198 32.71053 32.646362 32.49176 32.4368 32.390377 32.37262 32.510845 32.55192 32.8051 32.99648 33.099545 32.41384 33.694206 33.59607 33.050407 32.78089 32.933914 32.803993 -32767.0 33.60874 33.78948 33.554996 34.093338 34.27321 34.152496 34.09214 34.03749 34.069366 34.018105 34.002754 34.02779 34.130817 34.08849 34.04925 34.057487 34.018024 34.0087 34.08421 34.032013 34.026974 33.716766 33.872665 33.78667 33.65713 33.727894 34.18243 34.240513 34.316574 34.273052 34.336147
29.481367 30.40905 32.555008 33.754337 33.923428 33.88465 33.83172 33.69219 33.27834 32.461033 32.231873 32.32239 32.452415 32.61976 32.82566 32.846222 32.900806 32.840595 33.22207 33.772087 34.0341 34.083202 34.00161 32.746788 33.354225 33.26804 32.52755 33.226284 33.20507 32.92401 33.065582 33.42645 33.97816 34.130444 34.210808 34.121964 33.9793 33.96234 34.045017 34.06577 34.018616 34.077724 34.139927 34.123207 34.10968 34.06679 34.046867 33.96444 33.998478 34.034637 33.984158 33.81635 33.718456 33.66237 33.782784 34.0107 34.233173 34.28935 34.32798 34.34704 34.45663
33.27926 33.706367 33.897797 33.98304 33.990997 33.961933 33.873657 33.780228 33.72856 33.51202 33.302986 33.271076 33.18913 33.206474 33.223732 33.165066 33.009804 33.340797 34.00539 34.03964 34.097775 34.149826 34.139366 34.092537 33.7493 33.270382 33.55399 33.672913 33.801678 33.992935 34.146835 34.116314 34.081974 34.218204 34.22538 34.122013 33.960083 33.899654 33.90342 34.025257 34.037994 34.032288 34.144226 34.122467 34.11538 34.11858 34.05627 33.954075 33.997807 34.066727 33.946808 34.081894 33.95595 33.95812 34.010666 34.21479 34.221428 34.387215 34.370186 34.490116 34.464325
34.093067 34.127388 34.138115 34.12835 34.113667 34.039524 34.003857 33.931667 33.821648 33.70941 33.68913 33.570908 33.359344 33.267998 33.272213 33.14007 33.389076 33.908916 34.058025 34.181583 34.366554 34.41162 34.39695 34.367046 34.30381 34.246834 34.209026 34.184406 34.193703 34.267082 34.29663 34.32237 34.325367 34.32804 34.35671 34.15671 33.991158 33.948895 33.97224 33.960926 34.01197 34.053337 34.08026 34.086357 34.071995 34.10717 34.10937 34.076637 34.0276 34.024582 33.962776 33.93802 33.949886 33.996513 34.100655 34.216244 34.378963 34.361225 34.478954 34.428856 34.404343
34.14846 34.18474 34.17983 34.15173 34.0492 34.005825 33.99587 33.911423 33.84026 33.69198 33.616707 33.4811 33.29948 33.254677 33.184605 33.355583 33.89976 33.986618 34.109997 34.347683 34.417202 34.37406 34.362846 34.371 34.383385 34.38149 34.369015 34.360493 34.34858 34.344994 34.343136 34.32227 34.337612 34.34189 34.30026 34.14368 34.078445 34.076057 34.088833 34.090134 34.068584 34.00358 34.09801 34.017853 33.999374 34.030075 34.08732 34.104176 34.108532 34.126408 34.07663 34.02326 34.021503 34.135338 34.221226 34.333073 34.349052 34.479847 34.420876 34.3607 34.39644
34.308216 34.330563 34.14588 34.06116 33.94727 33.96518 33.9483 33.89225 33.83637 33.649384 33.409218 33.318825 33.287945 33.25686 33.70583 34.00809 33.974487 34.02933 34.2152 34.41255 34.37839 34.342327 34.336792 34.33542 34.356564 34.321236 34.360138 34.367226 34.325016 34.275505 34.264637 34.334663 34.32617 34.281475 34.21188 34.207386 34.29297 34.33169 34.31507 34.246746 34.18743 34.12706 34.035618 34.09638 34.067936 34.064156 34.104485 34.126877 34.135464 34.1377 34.1284 34.12829 34.143845 34.188614 34.25722 34.38331 34.498177 34.457325 34.42535 34.406338 34.388092
34.298122 34.12817 34.136543 33.982063 33.979435 33.985954 33.911495 33.85106 33.786102 33.588284 33.440533 33.428944 33.436413 33.936573 34.051964 34.003906 33.947556 34.157124 34.331245 34.425938 34.36217 34.33984 34.367546 34.380283 34.351772 34.33692 34.309227 34.32615 34.28397 34.325443 34.328686 34.28222 34.248463 34.239162 34.402485 34.491 34.47019 34.424755 34.375267 34.320774 34.294342 34.27548 34.1871 34.075897 34.080994 34.091328 34.105038 34.130836 34.136814 34.124306 34.11155 34.098755 34.1511 34.268364 34.370663 34.565292 34.47165 34.454285 34.479237 34.49487 34.495197
34.08215 34.021908 33.966396 33.951702 33.991356 33.962788 33.879192 33.81151 33.681107 33.56559 33.86025 33.72841 33.72786 33.9756 34.003147 33.883522 34.110016 34.25464 34.36626 34.43461 34.318974 34.33148 34.288197 34.27835 34.28906 34.309746 34.26064 34.22736 34.24878 34.23937 34.214428 34.27094 34.447598 34.532665 34.578987 34.580017 34.55337 34.51054 34.4435 34.36685 34.29304 34.24699 34.265125 34.18423 34.10712 34.104897 34.125565 34.11895 34.114315 34.1118 34.113266 34.117767 34.297264 34.43258 34.578773 34.540604 34.500694 34.468468 34.503384 34.51275 34.450542
33.872643 33.85579 33.95908 33.858192 34.00669 34.08854 33.93015 33.814323 33.69771 33.744637 33.876255 33.927288 33.888874 33.967472 33.867416 34.049335 34.243443 34.264202 34.369537 34.450085 34.309273 34.23708 34.228477 34.22117 -32767.0 34.20791 34.18553 34.183624 34.221603 34.266533 34.3943 34.585262 34.665745 34.622955 34.517883 34.446568 34.407684 34.39414 34.40946 34.41632 34.337795 34.19774 34.196697 34.229416 34.159126 34.130627 34.118397 34.266045 34.31332 34.32284 34.359665 34.4696 34.432663 34.57095 34.57741 34.4724 34.50787 34.51653 34.53463 34.488518 34.43043
33.723675 33.77597 33.903004 33.81999 33.81428 33.934505 33.96045 33.940353 33.81006 33.781822 33.801125 33.84739 33.831913 33.821007 34.138336 34.250595 34.193535 34.279213 34.41187 34.467896 34.35491 34.26511 34.250355 34.251953 34.264336 34.169 34.199333 34.242928 34.28927 34.38513 34.638145 34.662067 34.621834 34.45373 34.322887 34.27961 34.27957 34.28287 34.29502 34.30833 34.34824 34.19373 34.16408 34.21091 34.160683 34.12672 34.30658 34.4252 34.45734 34.467506 34.446438 34.395638 34.402023 34.451126 34.51119 34.46752 34.509533 34.518784 34.518017 34.49325 34.49416
33.57456 33.841618 33.819016 33.74904 33.683025 33.974686 34.03941 34.038696 33.859795 33.787342 33.785374 33.763237 33.846893 34.26861 34.189598 34.203823 34.249916 34.38201 34.462288 34.446404 34.36099 34.242294 34.231842 -32767.0 34.182583 34.214146 34.286434 34.30382 34.397076 34.611156 34.621468 34.659286 34.441498 34.279907 34.317204 34.417442 34.429157 34.36281 34.25539 34.211636 34.304268 34.219116 34.170467 34.201317 34.126884 34.272766 34.257175 34.320683 34.41385 34.49467 34.56038 34.60382 34.61785 34.582592 34.55714 34.441677 34.420486 34.428375 34.443462 34.46369 34.49833
33.694817 33.710598 33.65792 33.67501 33.679398 34.055405 33.98812 33.972595 33.96267 33.840134 33.793274 34.02826 34.298702 34.234024 34.191566 34.244324 34.370518 34.502743 34.532608 34.399284 34.364532 34.2837 34.232914 34.201317 34.26205 34.279087 34.306084 34.42358 34.587852 34.59741 34.62119 34.597248 34.307667 34.29718 34.45896 34.397156 34.43234 34.39183 34.28173 34.2292 34.31079 34.19122 34.202175 34.143173 34.20415 34.246147 34.432274 34.55689 34.598682 34.615143 34.617573 34.613186 34.615993 34.567204 34.57268 34.422207 34.377953 34.414734 34.427116 34.49784 34.510303
33.60362 33.676727 33.617695 33.695145 33.949253 33.97464 33.846455 33.85308 33.900803 33.84215 34.20671 34.274467 34.24996 34.191322 34.226574 34.33795 34.515022 34.558174 34.49644 34.33147 34.369576 34.25843 34.234768 34.273098 34.25085 34.330006 34.395477 34.515713 34.575104 34.5899 34.63809 34.468018 34.25994 34.4298 34.3867 34.415524 34.36524 34.32148 34.30451 34.334953 34.212204 34.1675 34.139965 34.21632 34.273285 34.51894 34.62161 34.64107 34.65326 34.66644 34.652718 34.636356 34.63254 34.5649 34.549297 34.357395 34.50352 34.5124 34.44712 34.48437 34.518124
33.79133 33.707916 33.63332 33.690464 33.898357 33.870438 33.799744 33.83918 33.8834 34.173195 34.293186 34.193554 34.205166 34.1802 34.290367 34.424118 34.474674 34.52601 34.433464 34.281425 34.28564 34.291904 34.225716 34.238205 34.269127 34.40348 34.470284 34.578835 34.58491 34.58354 34.639484 34.37528 34.279087 34.483517 34.374073 34.374302 34.34719 34.345566 34.298885 34.163006 34.142662 34.150314 34.2567 34.309616 34.581757 34.649063 34.705364 34.66419 34.65321 34.652412 34.60834 34.612854 34.6446 34.557457 34.47704 34.48964 34.62381 34.63028 34.60101 34.558666 34.53222
33.97647 33.976192 33.91217 33.812313 33.901817 33.99511 33.95918 34.127823 34.30516 34.22596 34.2028 34.21254 34.194366 34.17988 34.317787 34.499695 34.49212 34.496105 34.473904 34.438858 -32767.0 34.277687 34.226288 34.21978 34.293808 34.44437 34.51045 34.604908 34.56147 34.588722 34.61841 34.347755 34.308823 34.475845 34.404907 34.388084 34.36999 34.270863 34.128197 34.125187 34.16631 34.245903 34.34243 34.58639 34.66493 34.71499 34.66634 34.639538 34.663116 34.60952 34.657383 34.681274 34.650707 34.643467 34.52446 34.483143 34.642853 34.637325 34.599216 34.572376 34.54884
33.365093 33.614048 33.722694 33.816864 33.903408 33.97091 34.073948 34.16547 34.159496 34.127804 34.160892 34.18328 34.197136 34.187958 34.43238 34.542686 34.58761 34.482113 34.442966 34.41963 34.364857 34.25905 34.220615 34.25037 34.31124 34.460114 34.51767 34.593693 34.544815 34.581013 34.608624 34.402473 34.299877 34.470528 34.39896 34.35657 34.224804 34.122345 34.114765 34.184444 34.259663 34.36623 34.562366 34.63681 34.699207 34.663185 34.61294 34.625565 34.578136 34.64053 34.717285 34.739105 34.74456 34.66952 34.599026 34.52595 34.550747 34.670143 34.628696 34.608105 34.62318
33.550377 33.688606 33.85087 33.94136 34.0032 33.886482 33.882294 33.938004 34.118732 34.188858 34.158653 34.150326 34.192146 34.200825 34.437904 34.518696 34.62007 34.638405 -32767.0 34.44077 34.441586 34.271435 34.27809 34.275936 34.28763 34.38966 34.490856 34.55821 34.53669 34.56553 34.650047 34.55042 34.26308 34.488003 34.36445 34.27866 34.16612 34.079346 34.184734 34.28528 34.368572 34.51688 34.61899 34.625362 34.617847 34.593384 34.56256 34.64826 34.58215 34.639477 34.73188 34.734825 34.766895 34.75468 34.692814 34.588737 34.548912 34.521782 34.530537 34.56819 34.632645
