static/data/salinity/2023/7/9/6.asc
ncols 137
nrows 93
xllcorner 108.0
yllcorner 17.0
cellsize 0.25
NODATA_value -32767
[rows 27 to 53 of 93, columns 61 to 121 of 137]
29.296635 29.95208 30.087246 30.17482 29.929586 30.000982 30.5397 30.980547 31.380775 31.854837 32.249912 32.377308 -32767.0 -32767.0 32.698807 32.36959 32.620434 32.906677 32.918953 32.734776 32.771927 32.783825 32.803764 33.283676 33.59867 -32767.0 -32767.0 -32767.0 -32767.0 -32767.0 -32767.0 -32767.0 -32767.0 -32767.0 31.869162 32.478844 33.14289 -32767.0 -32767.0 -32767.0 33.0595 33.894245 33.98149 33.48417 33.32847 33.137123 33.669662 33.723553 33.472298 33.269688 34.167503 34.12843 33.971996 33.896053 33.705597 33.71309 33.786533 34.02274 34.19183 34.28622 34.408066
29.812595 29.628452 29.665743 29.625696 29.450748 29.34226 29.820946 30.308584 31.375301 32.12489 32.36614 32.44668 32.439007 32.458824 32.678116 32.63108 32.8676 32.91024 32.51795 33.032597 32.77593 32.851124 33.002598 -32767.0 33.684277 33.40719 -32767.0 -32767.0 27.493517 -32767.0 -32767.0 -32767.0 -32767.0 -32767.0 -32767.0 32.526966 33.14739 -32767.0 -32767.0 33.33131 33.98671 34.09419 34.12914 34.186424 33.869106 33.968758 33.94869 34.023544 33.550774 33.89 34.182003 34.06028 34.07022 33.985294 33.780277 33.75205 33.70253 33.75132 34.01613 34.259636 34.29285
30.205078 29.44954 29.263355 29.276255 29.40336 29.896038 30.163912 30.51309 31.285435 32.074635 32.370632 32.61602 32.81461 32.855225 32.84677 32.84627 32.793583 32.347702 32.346165 32.927574 33.218155 33.066833 -32767.0 33.98327 33.860466 33.80949 32.97474 32.430187 -32767.0 28.666136 -32767.0 -32767.0 -32767.0 -32767.0 -32767.0 33.912052 34.00922 33.9086 33.794914 34.102062 34.091213 33.951973 33.947853 33.937958 33.92308 33.930798 33.947372 33.95406 34.07691 33.689613 34.222538 34.0814 33.999687 34.087006 33.9471 33.867607 33.902683 33.759773 33.742527 34.102474 34.299286
30.321466 29.585196 29.22996 30.105425 30.113276 30.600843 31.350264 31.486944 31.848011 32.608097 32.813854 32.79057 32.903244 32.64728 32.568874 32.637733 32.589394 32.5684 32.621346 32.90396 33.196495 33.293453 33.358368 33.67004 33.679337 33.81958 33.830776 33.077717 29.67241 29.364082 -32767.0 -32767.0 -32767.0 -32767.0 33.69651 34.12385 34.17406 34.181602 34.0702 34.0311 33.967278 33.911922 33.82416 33.797283 33.80489 33.807087 33.835617 33.909462 33.921158 33.755478 34.013325 34.10684 33.964615 33.95711 34.094486 33.96631 33.933804 33.908707 33.68477 33.87474 34.269012
30.36253 30.253925 30.053783 30.606552 31.345171 32.4375 32.46692 32.357845 32.697285 32.889214 32.90594 32.908024 32.88754 32.559654 32.693638 32.747692 32.779778 32.79028 32.952866 33.332687 33.1106 33.648212 33.756355 33.794174 33.803886 33.645863 33.826855 32.928253 31.952808 30.454973 -32767.0 -32767.0 -32767.0 -32767.0 34.005753 34.135723 34.190357 34.256416 34.006973 33.9354 33.848274 33.83622 33.944386 34.055206 34.098557 34.097176 34.022266 33.946777 33.901203 34.02932 33.772423 33.9982 33.89695 33.93043 34.083977 33.928284 33.898693 33.81394 33.66287 33.68893 34.235283
28.11456 27.43729 29.479494 30.330706 31.363081 32.376633 32.960907 33.02304 33.080162 33.126083 33.0562 32.898655 32.896797 32.886204 32.839825 32.844128 32.873928 32.871815 32.97205 33.502853 33.619106 33.499447 33.519096 33.5686 33.65423 33.75987 33.786774 33.226448 -32767.0 -32767.0 -32767.0 -32767.0 -32767.0 33.51012 34.108814 34.15079 34.21549 34.227245 34.164494 34.081932 34.060307 34.066437 34.121258 34.195553 34.21608 34.203888 34.139824 34.01268 33.94456 33.933556 33.894096 33.90316 33.89347 33.97945 33.93836 33.925095 33.81353 33.747246 33.60229 33.74331 34.193787
27.663847 27.362566 27.260023 28.372974 29.454473 30.793547 32.012573 33.120895 33.29748 33.34008 33.346962 33.055325 32.829357 32.839546 32.90631 32.93071 32.84852 32.98187 33.047516 32.914272 32.531765 32.398964 32.407852 32.778416 33.451283 33.71007 33.781864 33.46202 -32767.0 -32767.0 -32767.0 -32767.0 -32767.0 33.743286 33.941273 33.931957 33.984154 33.990658 33.963226 33.96695 33.973625 34.0487 33.97352 33.980255 34.110588 34.201622 34.212955 34.183784 34.14192 33.952324 34.042023 33.837116 33.8445 34.01058 34.02287 33.949062 33.75356 33.619263 33.65267 33.97915 34.230904
28.316046 28.10536 28.832901 28.285631 28.738922 29.47854 30.847052 32.51761 33.12438 33.0439 32.938717 32.744415 32.728493 32.788277 32.90196 32.928875 32.93295 32.635403 32.255203 32.066513 32.252132 32.3894 32.69942 32.50014 33.013496 33.627354 33.813515 33.725864 33.210773 -32767.0 32.893387 -32767.0 -32767.0 33.8612 33.890587 33.903755 33.975647 33.895744 33.885994 33.910828 33.937077 33.930492 33.911457 33.909428 34.1374 34.032738 34.03335 34.077938 34.13288 34.00399 34.033733 33.80487 33.80945 33.964005 34.107117 33.77866 33.705635 33.644833 33.96587 34.20016 34.264328
31.40025 31.236252 31.127108 31.571373 31.667616 30.252598 31.120464 32.282005 32.89861 33.11485 32.9339 32.73049 32.557274 32.673557 32.833023 32.89493 32.867588 32.564915 31.802095 32.456272 33.121048 33.49763 33.569515 33.035984 33.50732 33.62736 33.747215 33.72901 33.436264 33.53489 33.139973 -32767.0 33.686863 33.94657 33.862537 33.9403 33.864456 33.947903 34.052288 33.878956 33.95507 34.052235 33.87898 34.024 34.022705 34.01945 34.04845 34.073856 34.047974 34.039978 34.04462 33.78444 33.799114 33.87636 33.834103 33.767982 33.63282 33.890003 34.19219 34.228615 34.29192
29.942823 31.545036 31.885258 31.61401 31.884117 31.989798 31.387804 31.754374 32.753216 33.033604 32.87204 32.691196 32.588737 32.61423 32.784203 32.821598 32.610676 32.026356 31.762701 32.740578 33.490948 33.669132 33.65828 33.592262 33.65144 33.719055 33.755424 33.70124 33.673103 33.65237 -32767.0 33.75988 33.77032 33.818733 33.93035 33.911137 33.911957 34.038574 34.056416 33.88343 33.885986 33.894325 34.002785 34.0204 34.00341 34.051327 34.066143 34.07618 34.089424 34.042076 34.036137 33.74948 33.826874 33.723312 33.69239 33.714367 33.690006 34.11436 34.23643 34.279537 34.249043
30.785572 32.10915 32.111706 32.097427 32.013893 32.254913 32.02696 32.092983 32.721546 32.901123 32.821774 32.72874 32.676666 32.764942 32.779102 32.489544 32.16464 31.975548 31.769182 32.41336 33.50463 33.80111 33.715508 33.66471 33.669895 33.636253 33.67584 33.7788 33.818687 33.899918 33.951073 34.013687 34.039387 34.081646 33.883404 33.837196 34.01217 34.129555 34.119396 33.955738 34.02888 34.057842 34.039112 34.025322 34.086983 34.08882 34.074482 34.06719 34.123657 34.01884 34.05178 33.70304 33.85371 33.8177 33.87611 33.58955 33.813187 34.212746 34.23498 34.312542 34.186188
30.335588 32.661476 33.2111 33.156876 32.92692 33.02727 32.90431 32.224907 32.27146 32.729004 32.790943 32.782513 32.862843 32.541916 32.31496 32.162167 32.009396 32.033592 32.014507 31.947304 32.37005 33.278484 33.83399 33.65116 33.58953 33.609856 32.886593 32.687748 -32767.0 32.89617 33.686436 -32767.0 34.114826 33.763756 33.684883 34.008305 34.157276 34.162888 34.102066 34.036266 33.95058 34.014942 34.02714 34.085495 34.061943 34.055935 34.07716 33.969624 34.030434 34.018356 34.05722 33.689987 33.934032 33.912178 33.778286 33.562492 33.964264 34.22863 34.26251 34.28307 34.21635
31.47904 32.053837 33.05136 33.700912 33.735123 33.656673 33.39224 33.147568 32.146652 32.332752 32.610435 32.741753 32.62453 32.44343 32.347015 32.24562 32.21817 32.29612 32.351578 32.522198 32.752083 32.376812 32.712673 33.833588 33.32029 33.06296 32.769627 32.835243 32.741364 -32767.0 33.653187 33.789444 33.617496 33.83427 34.132866 34.18409 34.14351 34.08963 34.080345 34.014862 34.003883 33.999714 34.125378 34.083622 34.08599 34.065983 34.082153 33.993347 34.00091 34.053375 34.066975 33.694683 33.854206 33.776558 33.624676 33.604233 34.17328 34.23151 34.319145 34.263905 34.334724
29.745968 29.94692 32.305164 33.819878 33.930943 33.895424 33.81908 33.6969 33.074062 32.21241 32.2173 32.310318 32.415394 32.57463 32.75339 32.709507 32.735725 32.682014 32.915474 33.55949 33.923073 33.985126 33.741547 32.463352 33.138992 33.091507 32.50984 33.336723 33.237537 32.950115 33.0832 34.00182 34.146194 34.21107 34.21186 34.117504 34.02338 33.998966 34.05889 34.06631 34.01552 34.06004 34.13277 34.126717 34.10601 34.08576 34.075848 33.9327 34.037197 34.045002 34.109905 33.683712 33.69751 33.649834 33.61882 34.028446 34.24363 34.284576 34.318104 34.340973 34.445305
31.850216 33.739925 33.927326 33.979374 33.99353 33.936665 33.854374 33.78211 33.73638 33.373993 33.083763 33.066563 33.05509 33.17566 33.18973 33.130203 32.96922 33.050854 33.94371 34.055775 34.08799 34.140312 34.136486 34.06255 33.68429 33.326035 33.842556 33.851524 33.981216 33.968178 33.98153 33.971832 34.11359 34.126392 34.238422 34.07344 33.967056 33.9204 33.953598 34.047886 34.017925 34.026802 34.143135 34.12845 34.118404 34.124214 34.10313 33.96904 33.997883 34.018402 33.984867 33.992733 33.835735 33.852867 33.99208 34.268425 34.231743 34.379 34.352283 34.50261 34.465816
34.100155 34.094105 34.11877 34.14117 34.10115 34.022636 33.998787 33.9193 33.808662 33.71163 33.68206 33.541656 33.339035 33.268787 33.277584 33.096287 33.191914 33.903603 34.055912 34.166943 34.366 34.403694 34.38361 34.362503 34.320023 34.256844 34.222378 34.25927 34.279602 34.31075 34.285328 34.29208 34.307987 34.292057 34.291298 34.06155 33.96788 33.949753 33.952286 33.93587 34.068897 34.03834 34.070366 34.09493 34.089085 34.11555 34.113388 34.116585 34.074234 34.03006 33.96441 33.960274 34.01787 34.079296 34.199223 34.214214 34.407143 34.34613 34.491535 34.4358 34.409786
34.14772 34.186127 34.179047 34.158512 34.03098 34.000504 33.97723 33.894352 33.821915 33.66293 33.579407 33.394405 33.292202 33.240368 33.18029 33.277042 33.863274 34.027897 34.12081 34.37323 34.40877 34.368923 34.356663 34.369404 34.36836 34.370827 34.35336 34.34245 34.3448 34.33785 34.31313 34.31235 34.347664 34.341564 34.256443 34.093266 34.03306 34.036148 34.065548 34.080914 34.06864 34.018383 34.106956 34.00816 34.0115 34.054684 34.10965 34.118965 34.110783 34.13235 34.088924 34.042572 34.065807 34.227303 34.20802 34.38955 34.33464 34.490997 34.42112 34.38084 34.40752
34.32304 34.32605 34.19152 34.026913 33.99934 33.958065 33.931656 33.867355 33.82392 33.608746 33.392216 33.329235 33.279 33.321705 33.73275 33.9607 34.00234 34.012512 34.256344 34.429035 34.36197 34.33607 34.33646 34.33486 34.353806 34.323467 34.351185 34.326824 34.251904 34.247112 34.316425 34.33765 34.296516 34.27711 34.18239 34.181515 34.267986 34.317806 34.29045 34.237877 34.202415 34.155235 34.05099 34.102642 34.075905 34.07777 34.123863 34.130917 34.14257 34.14258 34.123695 34.13984 34.168095 34.190952 34.354965 34.357098 34.508152 34.45359 34.423553 34.40188 34.401764
34.26224 34.231876 34.021046 34.020298 33.97731 33.956245 33.885773 33.82933 33.75871 33.568546 33.467236 33.46211 33.47899 33.958065 34.055706 34.04166 33.96347 34.093197 34.344566 34.42596 34.353077 34.342644 34.37168 34.375927 34.346596 34.328323 34.32614 34.313652 34.253963 34.3262 34.315666 34.269676 34.241272 34.2213 34.403904 34.472416 34.44463 34.40887 34.364285 34.314846 34.297955 34.28632 34.22109 34.100067 34.092983 34.099583 34.11369 34.139023 34.121685 34.102646 34.09722 34.111362 34.156662 34.392548 34.362446 34.561142 34.461967 34.446262 34.46619 34.517532 34.510666
34.083355 34.07462 33.94445 33.929874 34.00286 33.95687 33.86002 33.796093 33.668182 33.597332 33.902824 33.75537 33.744 33.976456 34.022495 33.928623 34.025085 34.290443 34.392178 34.423794 34.307587 34.330902 34.28818 34.281258 34.280685 34.28192 34.244503 34.21955 34.241516 34.242336 34.207504 34.242634 34.431885 34.507755 34.55073 34.558426 34.522842 34.47088 34.418236 34.351925 34.281677 34.21935 34.253933 34.198975 34.13117 34.11541 34.135406 34.122242 34.12252 34.123325 34.126064 34.18569 34.40821 34.414185 34.57867 34.533283 34.49183 34.458107 34.49474 34.49934 34.4274
33.864544 33.988102 33.901833 33.821823 34.05121 34.074883 33.885258 33.81113 33.7229 33.76069 33.894066 33.933098 33.89036 33.979565 33.89746 33.978104 34.232613 34.319405 34.401226 34.432514 34.269726 34.243866 34.22307 34.2131 -32767.0 34.206158 34.181553 34.177143 34.20905 34.255512 34.379963 34.557045 34.64543 34.615395 34.517807 34.443554 34.39674 34.370686 34.36384 34.376297 34.347088 34.19044 34.17596 34.223976 34.17715 34.145336 34.12796 34.290134 34.348766 34.395565 34.45041 34.515602 34.410976 34.56319 34.572933 34.461903 34.492737 34.504166 34.527817 34.486095 34.411404
33.749012 33.9182 33.83997 33.773964 33.876743 33.98538 34.050095 33.871433 33.805984 33.7919 33.811234 33.867622 33.898228 33.829506 34.051003 34.264275 34.217934 34.316555 34.43081 34.434742 34.324547 34.2625 34.244446 34.237606 34.278896 34.167416 34.192135 34.22797 34.28203 34.382843 34.637794 34.672386 34.62167 34.485233 34.367718 34.296944 34.274925 34.27846 34.25705 34.24207 34.321377 34.21386 34.169315 34.21572 34.173317 34.129665 34.27565 34.379017 34.406452 34.430542 34.409496 34.375645 34.40253 34.458805 34.520927 34.47024 34.487362 34.502777 34.505867 34.47228 34.491673
33.721333 33.839115 33.75654 33.733562 33.72276 33.991516 34.067245 33.970177 33.810005 33.774776 33.781628 33.774357 33.815937 34.186935 34.21579 34.193333 34.27201 34.39963 34.472298 34.41191 34.36782 34.237907 34.230522 -32767.0 34.19459 34.19861 34.276844 34.30235 34.394913 34.618927 34.630245 34.658207 34.470905 34.31018 34.27145 34.356773 34.397743 34.34893 34.245792 34.199944 34.307648 34.255272 34.17354 34.194786 34.13029 34.242836 34.231873 34.285526 34.419323 34.50786 34.57395 34.60254 34.600357 34.570038 34.50271 34.452114 34.38413 34.37998 34.4185 34.429775 34.442055
33.727734 33.689068 33.649197 33.667397 33.876724 34.03039 34.000935 33.97364 33.93837 33.817524 33.779087 33.90676 34.29348 34.17522 34.218426 34.26383 34.38716 34.508446 34.51938 34.38304 34.363853 34.29244 34.22707 34.193836 34.249405 34.277092 34.302612 34.408627 34.59624 34.60092 34.622444 34.602623 34.33513 34.26344 34.4407 34.41382 34.424812 34.403755 34.29209 34.268867 34.32356 34.184208 34.1916 34.133423 34.207558 34.277374 34.467632 34.56738 34.591843 34.604904 34.614742 34.589108 34.6103 34.540543 34.53717 34.404835 34.391273 34.441177 34.430496 34.47645 34.516792
33.64617 33.66463 33.63206 33.813614 33.983315 33.973328 33.847706 33.861855 33.894207 33.841183 34.039345 34.309143 34.2538 34.181637 34.251083 34.373795 34.52857 34.563805 34.476295 34.270184 34.356533 34.249527 34.224648 34.270702 34.24565 34.323765 34.38784 34.51194 34.5742 34.593594 34.640396 34.50803 34.26939 34.353188 34.429905 34.40032 34.39973 34.335857 34.323273 34.327953 34.195244 34.154274 34.14947 34.238644 34.282284 34.53977 34.63088 34.64495 34.646915 34.656906 34.63312 34.62139 34.614384 34.535477 34.54543 34.37941 34.511597 34.563396 34.505135 34.459293 34.5104
33.827038 33.72644 33.650272 33.702244 33.933575 33.869553 33.799175 33.83948 33.85491 34.019066 34.324467 34.212368 34.234116 34.19538 34.321674 34.477142 34.47153 34.530067 34.438297 34.30052 34.252502 34.273716 34.21651 34.23147 34.26 34.40229 34.458195 34.55263 34.582626 34.58043 34.640903 34.43561 34.24815 34.44393 34.39547 34.36953 34.354103 34.341534 34.30637 34.16744 34.120804 34.15624 34.24201 34.31452 34.603294 34.648445 34.703293 34.6369 34.642067 34.644928 34.591537 34.575333 34.64317 34.552063 34.52341 34.42834 34.591225 34.620888 34.581295 34.549232 34.532063
33.958702 33.989693 33.902954 33.80748 33.94455 34.001015 33.954536 34.10652 34.296894 34.269695 34.232304 34.178814 34.20575 34.215797 34.35543 34.52737 34.49157 34.489292 34.470135 34.442883 -32767.0 34.25228 34.209732 34.210243 34.28921 34.439545 34.490402 34.605316 34.569843 34.581432 34.634853 34.40709 34.262486 34.476116 34.40566 34.389835 34.381336 34.338665 34.18377 34.107914 34.158592 34.250294 34.345196 34.594658 34.65562 34.725983 34.672497 34.625984 34.620872 34.60072 34.57316 34.63133 34.653946 34.668346 34.56284 34.446423 34.55238 34.65576 34.615685 34.586582 34.547287
