static/data/precipitation/2023/7/3/12.asc
ncols 137
nrows 93
xllcorner 108.0
yllcorner 17.0
cellsize 0.25
NODATA_value -32767
[rows 56 to 83 of 93, columns 0 to 61 of 137]
0.06295551489057805 0.04970172228203548 0.01988068891281558 0.016014999401989943 0.022089654347572096 0.012149309891164306 0.0 0.0 0.0038656895108256373 0.028716550651841644 0.0342389642387364 0.0 0.0 0.0 0.0 0.0 0.0 0.0 0.0 0.0 0.0 0.0 0.0 0.0 0.0 0.0 0.0 0.0 0.0 0.0 0.0 0.0 0.0 0.0 0.0 0.0 0.0 0.0 0.0 0.0 0.0 0.0 0.0 0.0 0.0 0.0 0.0 0.0 0.0 0.0 0.0 0.0 0.0 0.0 0.0 0.027612067934463386 0.011597068532473442 0.0011044827173782579 0.0 0.0 0.0 0.0
0.05743310130368676 0.011597068532473442 0.0011044827173782579 0.0016567240760691215 0.009388103097716927 0.025955343858397734 0.0016567240760691215 0.0 0.0171194821193682 0.0342389642387364 0.028716550651841644 0.0011044827173782579 0.0 0.0 0.0 0.0 0.0 0.0 0.0 0.0 0.0 0.0 0.0 0.0 0.0 0.0 0.0 0.0 0.0 0.0 0.0 0.0 0.0 0.0 0.0 0.0 0.0 0.0 0.0 0.0 0.0 0.0 0.0011044827173782579 0.0 0.0 0.0 0.0011044827173782579 0.0 0.0 0.0 0.0 0.0 0.0 0.0 0.0 0.004970172228203895 0.004970172228203895 0.0 0.0 0.0 0.0 0.0
0.07897051429256799 0.02264189570625949 0.006626896304273017 0.005522413586894759 0.025955343858397734 0.05246292907548286 0.010492585815095185 0.01822396483674646 0.026507585217085128 0.02264189570625949 0.012149309891164306 0.0038656895108256373 0.004970172228203895 0.013253792608542564 0.0016567240760691215 0.0 0.0 0.0 0.0 0.0 0.0 0.0 0.0011044827173782579 0.0011044827173782579 0.0 0.0 0.0 0.0 0.0 0.0 0.0 0.0 0.0 0.0 0.0 0.0 0.0 0.0 0.0 0.0 0.0 0.0 0.06461223896664717 0.0077313790216512746 0.0077313790216512746 0.01546275804329908 0.016014999401989943 0.0011044827173782579 0.0 0.0 0.0 0.0 0.0 0.0 0.0011044827173782579 0.0 0.0 0.0 0.0 0.0 0.0 0.0
0.08504516923815014 0.047492756847278966 0.04362706733645333 0.13916482238969866 0.18389637244353024 0.1507618909221721 0.005522413586894759 0.03258224016266728 0.011597068532473442 0.008835861739029532 0.0077313790216512746 0.0038656895108256373 0.005522413586894759 0.004970172228203895 0.0 0.0 0.0 0.0 0.0 0.0 0.0 0.0011044827173782579 0.011597068532473442 0.022089654347572096 0.0 0.0 0.0 0.0 0.0 0.0 0.0 0.0 0.0 0.0 0.0 0.0 0.0 0.0 0.0 0.0 0.0 0.0 0.0298210333692199 0.0038656895108256373 0.01546275804329908 0.01822396483674646 0.010492585815095185 0.0011044827173782579 0.0 0.0 0.0 0.0 0.0 0.0 0.0 0.0 0.0 0.0 0.0 0.0 0.0 0.0
0.07234361798829497 0.051358446358104604 0.2783296447793973 0.3578524004306527 0.1678813730415403 0.08394068652077188 0.0011044827173782579 0.04197034326038421 0.019328447554124717 0.0027612067934473794 0.0016567240760691215 0.0027612067934473794 0.0038656895108256373 0.0011044827173782579 0.0 0.0 0.004970172228203895 0.008835861739029532 0.0 0.0016567240760691215 0.0027612067934473794 0.0 0.011597068532473442 0.01546275804329908 0.0 0.0 0.0 0.0 0.0 0.0 0.0 0.0 0.0 0.0 0.0 0.0 0.0 0.0 0.01822396483674646 0.0171194821193682 0.008835861739029532 0.013253792608542564 0.0 0.0011044827173782579 0.008835861739029532 0.008835861739029532 0.0011044827173782579 0.0 0.0 0.0 0.0 0.0 0.0 0.0 0.0 0.0 0.0 0.0 0.0011044827173782579 0.0 0.0011044827173782579 0.0
0.048597239564657224 0.0342389642387364 0.2739117139098808 0.2496130941275522 0.06019430809713067 0.0077313790216512746 0.0 0.0392091364669403 0.01822396483674646 0.0016567240760691215 0.0011044827173782579 0.0011044827173782579 0.0016567240760691215 0.0011044827173782579 0.0 0.0 0.004970172228203895 0.008835861739029532 0.0 0.024850861141019476 0.13088120200936 0.12756775385722174 0.0038656895108256373 0.0011044827173782579 0.0 0.0 0.0 0.0 0.0 0.0 0.0 0.0 0.0 0.0 0.0 0.0 0.0 0.0 0.019328447554124717 0.045836032771209845 0.03700017103218031 0.014358275325920822 0.0016567240760691215 0.0011044827173782579 0.0011044827173782579 0.0 0.0 0.0 0.0 0.0 0.0 0.0 0.0 0.0 0.0 0.0 0.0 0.0011044827173782579 0.0038656895108256373 0.0016567240760691215 0.006626896304273017 0.0011044827173782579
0.0298210333692199 0.010492585815095185 0.01988068891281558 0.008835861739029532 0.0 0.0 0.0 0.02098517163019384 0.0016567240760691215 0.0016567240760691215 0.0 0.0011044827173782579 0.0011044827173782579 0.0011044827173782579 0.0 0.0 0.0027612067934473794 0.0027612067934473794 0.0038656895108256373 0.07897051429256799 0.23359809472556572 0.17064257983498768 0.027612067934463386 0.0038656895108256373 0.0 0.0 0.0 0.0 0.0 0.0 0.0 0.0 0.0 0.0 0.0 0.0 0.0 0.0 0.0 0.033134481521358145 0.04473155005383159 0.0011044827173782579 0.0027612067934473794 0.0011044827173782579 0.0 0.0016567240760691215 0.0027612067934473794 0.0 0.0 0.0 0.0 0.0 0.0 0.0 0.0 0.0038656895108256373 0.0038656895108256373 0.08780637603159405 0.09277654825979795 0.012149309891164306 0.025955343858397734 0.009388103097716927
0.0342389642387364 0.006626896304273017 0.0011044827173782579 0.0 0.0 0.0016567240760691215 0.0 0.0 0.0016567240760691215 0.0011044827173782579 0.013253792608542564 0.01546275804329908 0.004970172228203895 0.0077313790216512746 0.006626896304273017 0.013253792608542564 0.016014999401989943 0.024850861141019476 0.03258224016266728 0.10879154766178789 0.11652292668343917 0.09608999641193272 0.04086586054300595 0.011597068532473442 0.0011044827173782579 0.0027612067934473794 0.0016567240760691215 0.0 0.0 0.0 0.0 0.0 0.0 0.0 0.0 0.0 0.0038656895108256373 0.0027612067934473794 0.0027612067934473794 0.0 0.0 0.0 0.0 0.0 0.0016567240760691215 0.004970172228203895 0.004970172228203895 0.0 0.0 0.0016567240760691215 0.0016567240760691215 0.0 0.0 0.0 0.0011044827173782579 0.010492585815095185 0.005522413586894759 0.13143344336804738 0.21150844037799363 0.054119653151548514 0.045836032771209845 0.025955343858397734
0.06185103217319979 0.012149309891164306 0.0038656895108256373 0.0016567240760691215 0.0077313790216512746 0.024850861141019476 0.0 0.0 0.0016567240760691215 0.03147775744528902 0.061298790814508924 0.05356741179286112 0.010492585815095185 0.0298210333692199 0.06185103217319979 0.06847792847746934 0.0469405154885881 0.030373274727910765 0.12314982298770871 0.103821375433584 0.20432930271503322 0.21758309532357578 0.13143344336804738 0.0171194821193682 0.0038656895108256373 0.012149309891164306 0.0171194821193682 0.013253792608542564 0.0011044827173782579 0.0 0.0 0.0 0.0 0.0 0.0 0.0038656895108256373 0.01988068891281558 0.014358275325920822 0.02374637842363775 0.01546275804329908 0.0016567240760691215 0.0 0.0016567240760691215 0.0038656895108256373 0.008835861739029532 0.006626896304273017 0.0038656895108256373 0.0 0.0 0.0077313790216512746 0.0027612067934473794 0.0 0.0 0.0 0.0011044827173782579 0.0 0.004970172228203895 0.06019430809713067 0.13640361559625128 0.15241861499824122 0.04362706733645333 0.05743310130368676
0.07068689391222932 0.012149309891164306 0.0011044827173782579 0.0 0.0 0.0 0.0 0.0011044827173782579 0.045836032771209845 0.05743310130368676 0.04086586054300595 0.030373274727910765 0.02374637842363775 0.08394068652077188 0.043074825977762465 0.011597068532473442 0.005522413586894759 0.04970172228203548 0.2739117139098808 0.20046361320420758 0.12038861619426133 0.13916482238969866 0.14137378782445517 0.04197034326038421 0.03534344695611466 0.10989603037916615 0.1209408575529522 0.06461223896664717 0.006626896304273017 0.0 0.0 0.0 0.0 0.0 0.0011044827173782579 0.005522413586894759 0.027612067934463386 0.42798705298419115 0.17947844157401374 0.012149309891164306 0.004970172228203895 0.0038656895108256373 0.014358275325920822 0.026507585217085128 0.05632861858630503 0.03644792967349292 0.0027612067934473794 0.0 0.0 0.0 0.0 0.0 0.0 0.0011044827173782579 0.006626896304273017 0.0038656895108256373 1.5595295969385163 1.1806920248776733 0.12701551249853435 0.2672848176056113 0.05522413586892677 0.08504516923815014
0.07234361798829497 0.048597239564657224 0.014358275325920822 0.0 0.0 0.0 0.0 0.006626896304273017 0.02264189570625949 0.02264189570625949 0.0077313790216512746 0.0027612067934473794 0.0027612067934473794 0.0038656895108256373 0.0038656895108256373 0.013253792608542564 0.03147775744528902 0.1402693051070769 0.48376343021180535 0.27943412749677554 0.12314982298770871 0.10879154766178789 0.10106016864013662 0.02374637842363775 0.024850861141019476 0.09940344456407096 0.2220010261930888 0.1507618909221721 0.024850861141019476 0.0038656895108256373 0.0016567240760691215 0.0 0.0 0.0 0.0027612067934473794 0.016014999401989943 0.1032691340748966 0.06792568711878194 0.03700017103218031 0.0298210333692199 0.033134481521358145 0.05246292907548286 0.15849326994382337 0.0695824111948476 0.051358446358104604 0.027612067934463386 0.0 0.0 0.0 0.0 0.0 0.0 0.0 0.0038656895108256373 0.022089654347572096 0.5693608408086464 3.3692245293632777 2.4326231850262636 0.06295551489057805 0.05356741179286112 0.0392091364669403 0.047492756847278966
0.0298210333692199 0.0171194821193682 0.010492585815095185 0.0 0.0 0.0 0.004970172228203895 0.0011044827173782579 0.0077313790216512746 0.0077313790216512746 0.0 0.0 0.0 0.0 0.005522413586894759 0.02374637842363775 0.04362706733645333 0.12204534027033045 0.4213601566799181 0.29489688554007465 0.14192602918314604 0.23083688793211835 0.25844895586658173 0.02098517163019384 0.008835861739029532 0.040313619184318555 0.103821375433584 0.10768706494440963 0.10492585815096225 0.06295551489057805 0.06019430809713067 0.05908982537975241 0.03258224016266728 0.004970172228203895 0.0027612067934473794 0.004970172228203895 0.026507585217085128 0.045836032771209845 0.1380603396723204 0.14855292548741558 0.14192602918314604 0.1430305119005243 0.11817965075950482 0.061298790814508924 0.024850861141019476 0.013253792608542564 0.0011044827173782579 0.0038656895108256373 0.0171194821193682 0.0038656895108256373 0.0 0.0 0.0 0.0038656895108256373 0.006626896304273017 1.64236580074191 1.859396654706795 1.1873189211819464 0.06682120440140368 0.033134481521358145 0.0392091364669403 0.0342389642387364
0.019328447554124717 0.011597068532473442 0.0038656895108256373 0.0 0.0 0.0011044827173782579 0.0016567240760691215 0.0 0.0 0.0 0.0 0.0 0.0 0.0 0.004970172228203895 0.061298790814508924 0.08946310010766317 0.07179137662960758 0.17947844157401374 0.1209408575529522 0.17174706255236594 0.2098517163019245 0.29765809233352203 0.27777740342070645 0.010492585815095185 0.010492585815095185 0.08559741059683754 0.23856826695376615 0.2634191280947856 0.4235691221146747 0.6505403205359673 0.3490165386916232 0.3125686090181302 0.22310550891046707 0.011597068532473442 0.0016567240760691215 0.009388103097716927 0.08228396244470276 0.16512016624809292 0.19438895825862543 0.18389637244353024 0.14965740820479384 0.09719447912931445 0.0298210333692199 0.012149309891164306 0.0077313790216512746 0.01546275804329908 0.0038656895108256373 0.016014999401989943 0.0038656895108256373 0.0 0.0 0.0 0.0 0.0 0.7046599736875159 0.690301698361595 0.027612067934463386 0.027612067934463386 0.011597068532473442 0.01546275804329908 0.011597068532473442
0.014358275325920822 0.008835861739029532 0.0011044827173782579 0.0 0.0016567240760691215 0.0011044827173782579 0.0 0.0 0.0 0.0 0.0 0.0 0.0 0.0 0.0027612067934473794 0.03810465374956204 0.07179137662960758 0.05522413586892677 0.04473155005383159 0.048597239564657224 0.11155275445523527 0.16898585575891856 0.22586671570391445 0.7725856608062978 0.2048815440737206 0.054119653151548514 0.13143344336804738 0.42909153570156944 0.602495322330001 0.7753468675997452 0.8173172108601294 0.34238964238735015 0.22586671570391445 0.03700017103218031 0.008835861739029532 0.0038656895108256373 0.014358275325920822 0.06847792847746934 0.13750809831362953 0.18334413108483938 0.20101585456289844 0.15462758043299774 0.06185103217319979 0.009388103097716927 0.0038656895108256373 0.022089654347572096 0.01546275804329908 0.005522413586894759 0.012149309891164306 0.0027612067934473794 0.0 0.0 0.0 0.0 0.0 0.0 0.0 0.0 0.0011044827173782579 0.0 0.0011044827173782579 0.0
0.005522413586894759 0.0016567240760691215 0.0011044827173782579 0.0011044827173782579 0.0077313790216512746 0.0016567240760691215 0.0011044827173782579 0.0 0.0 0.0 0.0 0.0 0.0 0.0 0.0038656895108256373 0.009388103097716927 0.027612067934463386 0.03700017103218031 0.04086586054300595 0.08504516923815014 0.1629112008133364 0.39595705418021127 0.5273904975482586 1.1204977167805428 0.7140480767852363 0.4379273974405955 0.5113754981462721 0.8383023824903233 0.8184216935775077 0.868675657218234 0.5677041167325771 0.2545832663557561 0.025955343858397734 0.019328447554124717 0.014358275325920822 0.011597068532473442 0.01988068891281558 0.03534344695611466 0.07344810070567323 0.14689620141134646 0.1678813730415403 0.10768706494440963 0.02098517163019384 0.014358275325920822 0.004970172228203895 0.005522413586894759 0.011597068532473442 0.004970172228203895 0.008835861739029532 0.0011044827173782579 0.0 0.0 0.0 0.0 0.0 0.0 0.0 0.0 0.0 0.0 0.0 0.0
0.0 0.0 0.0 0.0011044827173782579 0.012149309891164306 0.005522413586894759 0.008835861739029532 0.0077313790216512746 0.0 0.0 0.0 0.0 0.0011044827173782579 0.022089654347572096 0.026507585217085128 0.022089654347572096 0.024850861141019476 0.07841827293387713 0.13529913287887302 0.1800306829327046 0.19438895825862543 0.4567036036360328 1.0271689271620539 1.484977013515465 1.3397375361801842 1.422021498624887 1.4954695993305602 1.1674382322691308 1.0117061691187548 0.7764513503171234 0.3291358497788076 0.09995568592275836 0.03258224016266728 0.028716550651841644 0.028716550651841644 0.02374637842363775 0.03147775744528902 0.01988068891281558 0.051358446358104604 0.08007499700994625 0.10492585815096225 0.05080620499941374 0.008835861739029532 0.0077313790216512746 0.006626896304273017 0.0077313790216512746 0.008835861739029532 0.0016567240760691215 0.005522413586894759 0.005522413586894759 0.004970172228203895 0.0 0.0 0.0 0.0 0.0 0.0 0.0 0.0 0.0 0.0 0.0
0.0011044827173782579 0.0011044827173782579 0.0011044827173782579 0.0016567240760691215 0.005522413586894759 0.04362706733645333 0.040313619184318555 0.016014999401989943 0.0027612067934473794 0.0 0.0 0.0 0.030373274727910765 0.05743310130368676 0.1507618909221721 0.15241861499824122 0.12480654706377783 0.1899710273891124 0.2496130941275522 0.3015237818443442 0.28606102380104514 0.8438247960772145 1.7721425200338883 2.307816637962489 2.5949821444809125 2.592220937687465 2.1526368161708005 1.7058735569911756 1.179587542160295 0.8333322102621193 0.37773308934346483 0.15849326994382337 0.09056758282504143 0.0392091364669403 0.04197034326038421 0.030373274727910765 0.04086586054300595 0.026507585217085128 0.01988068891281558 0.0392091364669403 0.05632861858630503 0.009388103097716927 0.0016567240760691215 0.0038656895108256373 0.0016567240760691215 0.0016567240760691215 0.0016567240760691215 0.0016567240760691215 0.008835861739029532 0.011597068532473442 0.005522413586894759 0.0011044827173782579 0.0 0.0 0.0 0.0 0.0 0.0 0.0 0.0 0.0 0.0
0.005522413586894759 0.0077313790216512746 0.005522413586894759 0.008835861739029532 0.013253792608542564 0.05798534266237415 0.07510482478174235 0.05246292907548286 0.008835861739029532 0.0 0.0 0.18113516565008286 0.16512016624809292 0.39098688195200737 0.555002565482722 0.4815544647770488 0.4064496399953065 0.23635930151900963 0.35453895227851445 0.4721663616793319 0.6085699772755832 1.2436475397682514 3.1869848809958166 3.422791941156137 3.3587319435481806 2.633086798230471 2.042740785791634 1.5849326994382233 1.1586023705301014 0.9918254802059427 0.7532572132521731 0.47768877526622316 0.18334413108483938 0.06019430809713067 0.07455258342305149 0.047492756847278966 0.03700017103218031 0.028716550651841644 0.01822396483674646 0.06792568711878194 0.12204534027033045 0.0077313790216512746 0.0011044827173782579 0.0016567240760691215 0.0011044827173782579 0.0016567240760691215 0.0027612067934473794 0.0011044827173782579 0.0 0.0 0.0 0.0 0.0 0.0 0.0 0.0 0.0 0.0 0.0 0.0 0.0 0.0
0.051358446358104604 0.05522413586892677 0.040313619184318555 0.043074825977762465 0.07234361798829497 0.07620930749912061 0.12756775385722174 0.15186637363955036 0.09608999641193272 0.0011044827173782579 0.0 0.26231464537740734 0.4578080863534111 1.1900801279753903 1.6953809711760803 1.0680347877050598 0.53512187656991 0.49480825738559137 0.38822567515856343 0.3650315380936131 0.5456144623850051 1.7489483829689414 5.085038430810861 4.717797927282492 3.2957764286576046 2.146009919866531 1.5506937351994905 1.2541401255833466 0.9233475517284699 1.0415272024879747 1.1348559921064636 0.6599284236336843 0.23580706016032224 0.08780637603159405 0.11155275445523527 0.07731379021649887 0.03534344695611466 0.027612067934463386 0.01822396483674646 0.0392091364669403 0.06019430809713067 0.0027612067934473794 0.0 0.0016567240760691215 0.0027612067934473794 0.0016567240760691215 0.0 0.0 0.0 0.0 0.0 0.0 0.0 0.0 0.0 0.0 0.0 0.0 0.0 0.0 0.0 0.0
0.005522413586894759 0.005522413586894759 0.006626896304273017 0.008835861739029532 0.022089654347572096 0.033134481521358145 0.07344810070567323 0.09608999641193272 0.061298790814508924 0.0027612067934473794 0.0016567240760691215 0.6676598026553355 0.7466303169479036 1.1293335785195722 1.2845134003112575 0.7074211804809633 0.5770922198302941 0.7201227317308184 0.5920027365149059 0.5014351536898644 0.5743310130368467 1.3369763293867403 3.8491222700642593 3.984421402943132 2.2945628453539464 1.5650520105254113 1.5070666678630371 1.3629316732451344 1.0641690981942378 0.9117504831959965 1.2447520224856297 0.839959106566389 0.3622703313001657 0.13253792608542564 0.13529913287887302 0.05080620499941374 0.033134481521358145 0.016014999401989943 0.014358275325920822 0.02098517163019384 0.0171194821193682 0.0016567240760691215 0.0 0.0 0.0 0.0 0.0 0.0 0.0 0.0 0.0 0.0 0.0 0.0 0.0 0.0 0.0 0.0 0.0 0.0 0.0 0.0
0.0 0.0 0.0011044827173782579 0.0011044827173782579 0.0038656895108256373 0.012149309891164306 0.030373274727910765 0.043074825977762465 0.024850861141019476 0.006626896304273017 0.05080620499941374 0.026507585217085128 0.2882699892358016 0.6074654945582049 0.7753468675997452 0.9432282406412855 0.9343923789022559 0.9691835844996798 0.7703766953715413 0.6378387692861156 0.5180023944505417 1.177930818084226 1.630768732209433 0.9747059980865745 0.6925106637963551 1.5451713216125955 1.629664249492055 1.3226180540608194 1.1939458174862159 0.7637497990672717 1.4695142554721659 1.1072439241720002 0.5787489439063632 0.2744639552685717 0.0811794797273245 0.03534344695611466 0.016014999401989943 0.0077313790216512746 0.004970172228203895 0.005522413586894759 0.0027612067934473794 0.0011044827173782579 0.0 0.0 0.0 0.0 0.0 0.0 0.0 0.0 0.0 0.0 0.0 0.0 0.0 0.0 0.0 0.0 0.0 0.0 0.0 0.0
0.0 0.0 0.0 0.0 0.0011044827173782579 0.0038656895108256373 0.01822396483674646 0.047492756847278966 0.0038656895108256373 0.004970172228203895 0.026507585217085128 0.01546275804329908 0.04970172228203548 0.5378830833633573 0.8830339325441549 1.1950503002035942 1.3463644324844573 0.9382580684130816 0.7317198002632919 0.76485428178465 1.059751167324721 1.0117061691187548 0.8476904855880402 0.1971501650520728 0.43295722521239155 1.673843558187199 1.6633509723721005 1.1569456464540355 0.9233475517284699 0.5014351536898644 1.053676512379139 1.003422548738416 0.5875848056453893 0.09995568592275836 0.045836032771209845 0.019328447554124717 0.0038656895108256373 0.0016567240760691215 0.0011044827173782579 0.004970172228203895 0.0027612067934473794 0.0011044827173782579 0.0 0.0 0.0 0.0 0.0 0.0 0.0 0.0 0.0 0.0 0.0 0.0 0.0 0.0 0.0 0.0 0.0 0.0 0.0 0.0
0.0 0.0 0.0 0.0 0.0 0.0 0.006626896304273017 0.024850861141019476 0.0011044827173782579 0.0 0.0027612067934473794 0.0038656895108256373 0.027612067934463386 0.05798534266237415 0.4881813610813218 0.6417044587969413 0.7952275565125573 0.7974365219473173 0.6312118729818427 0.7123913527091672 0.929974448032743 1.112214096400204 0.9354968616196342 0.39595705418021127 0.6560627341228621 1.6948287298173894 1.3524390874300394 0.7620930749912026 0.4053451572779282 0.3821510202129813 0.6035998050473792 0.5638384272217516 0.10768706494440963 0.06571672168402543 0.02098517163019384 0.006626896304273017 0.0 0.0 0.0011044827173782579 0.0038656895108256373 0.0027612067934473794 0.0 0.0 0.0 0.0 0.0 0.0 0.0 0.0 0.0 0.0 0.0 0.0 0.0 0.0 0.0 0.0 0.0 0.0 0.0 0.0 0.0
0.0 0.0 0.0 0.0 0.0 0.0 0.005522413586894759 0.010492585815095185 0.0 0.0 0.0 0.0 0.0 0.030373274727910765 0.06682120440140368 0.22144878483440142 0.2612101626600291 0.4340617079297733 0.3898823992346291 0.5130322222223378 0.6312118729818427 0.9934822042820084 0.8173172108601294 0.48265894749442706 0.7427646274370779 1.1690949563452 0.6864360088507728 0.3407329183112845 0.09940344456407096 0.16677689032416204 0.24795637005148655 0.207642750867168 0.06792568711878194 0.026507585217085128 0.010492585815095185 0.0 0.0 0.0 0.0016567240760691215 0.0011044827173782579 0.0 0.0 0.0 0.0 0.0 0.0 0.0 0.0 0.0 0.0 0.0 0.0 0.0 0.0 0.0 0.0 0.0 0.0 0.0 0.0 0.0 0.0
0.0 0.0 0.0 0.0 0.0 0.0 0.0 0.0 0.0 0.0 0.0 0.0 0.0 0.051358446358104604 0.0867018933142158 0.05743310130368676 0.06571672168402543 0.06682120440140368 0.11431396124867918 0.5113754981462721 0.5588682549935476 0.9697358258583706 0.7002420428180028 0.36447929673492224 0.6113311840690305 0.8200784176535768 0.315882057170265 0.1734037866284316 0.07731379021649887 0.0171194821193682 0.22586671570391445 0.1678813730415403 0.027612067934463386 0.01546275804329908 0.0038656895108256373 0.0 0.0 0.0011044827173782579 0.0027612067934473794 0.0011044827173782579 0.0 0.0 0.0 0.0 0.0 0.0 0.0 0.0 0.0 0.0 0.0 0.0 0.0 0.0 0.0 0.0 0.0 0.0 0.0 0.0 0.0 0.0
0.0 0.0 0.0 0.0 0.0 0.0 0.0 0.0 0.0 0.0 0.0 0.0 0.0 0.08228396244470276 0.08780637603159405 0.009388103097716927 0.02264189570625949 0.040313619184318555 0.08559741059683754 1.0155718586295805 0.8880041047723587 0.8708846226529905 0.6323163556992208 0.32637464298536367 0.6207192871667475 1.0282734098794322 0.37938981341953393 0.1728515452697442 0.10603034086834051 0.0298210333692199 0.0077313790216512746 0.01546275804329908 0.013253792608542564 0.005522413586894759 0.0011044827173782579 0.0011044827173782579 0.0 0.0011044827173782579 0.0016567240760691215 0.0011044827173782579 0.0 0.0 0.0 0.0 0.0 0.0 0.0 0.0 0.0 0.0 0.0 0.0 0.0 0.0 0.0 0.0 0.0 0.0 0.0 0.0 0.0 0.0
0.0 0.0 0.0 0.0 0.0 0.0 0.0 0.0 0.0 0.0 0.0 0.0 0.0 0.0027612067934473794 0.013253792608542564 0.0298210333692199 0.03534344695611466 0.11155275445523527 0.17726947613925723 0.8670189331421649 1.5689177000362369 1.5153502882433758 1.3844690862340157 0.949855136945555 0.2805386102141538 0.12038861619426133 0.03258224016266728 0.0077313790216512746 0.10989603037916615 0.033134481521358145 0.011597068532473442 0.010492585815095185 0.005522413586894759 0.0016567240760691215 0.0011044827173782579 0.0 0.0 0.0027612067934473794 0.0011044827173782579 0.0011044827173782579 0.0 0.0 0.0 0.0 0.0 0.0 0.0 0.0 0.0 0.0 0.0 0.0 0.0 0.0 0.0 0.0 0.0 0.0 0.0 0.0 0.0 0.0
0.0 0.0 0.0 0.0 0.0 0.0 0.0 0.0 0.0 0.0 0.0 0.0 0.0 0.0027612067934473794 0.07234361798829497 0.13529913287887302 0.09940344456407096 0.15241861499824122 0.48265894749442706 1.8146651046529634 2.466309907906309 1.7450826934581158 0.6124356667864088 0.29765809233352203 0.53512187656991 0.401479467767106 0.38159877885429044 0.01988068891281558 0.03534344695611466 0.01988068891281558 0.019328447554124717 0.013253792608542564 0.004970172228203895 0.0011044827173782579 0.0 0.0 0.0 0.0016567240760691215 0.0011044827173782579 0.005522413586894759 0.0038656895108256373 0.0 0.0 0.0 0.0 0.0 0.0 0.0 0.0 0.0 0.0 0.0 0.0 0.0 0.0 0.0 0.0 0.0 0.0 0.0 0.0 0.0
