static/data/precipitation/2023/7/3/18.asc
ncols 137
nrows 93
xllcorner 108.0
yllcorner 17.0
cellsize 0.25
NODATA_value -32767
[rows 0 to 21 of 93, columns 0 to 49 of 137]
0.0 0.0 0.0 0.0 0.0 0.0 0.0 0.0 0.0 0.0 0.0 0.0 0.0 0.0 0.0 0.0 0.0 0.0 0.0 0.0 0.0 0.28329981700759777 0.679256871187809 1.200572713790489 1.0470496160748695 1.0663780636289941 1.0846020284657407 1.4822158067220177 1.7091870051433102 1.833993552207088 2.0062928561181415 3.0947605740947077 3.7154798612614535 2.816983170674001 1.3220658127021285 0.36889722760443877 0.0 0.0 0.0 0.0 0.0 0.0 0.0 0.0 0.0016567240760691215 0.019328447554124717 0.06019430809713067 0.014358275325920822 0.0 0.0
0.0 0.0 0.0 0.0 0.0 0.0 0.0 0.0 0.0 0.0 0.0 0.0 0.0 0.0 0.0 0.0011044827173782579 0.0 0.0 0.0 0.0 0.10879154766178789 0.2821953342902195 0.539539807439423 0.41197205358220124 0.4406886042340429 0.8504516923814875 1.1508709915084534 1.3568570182995523 1.4954695993305602 1.3601704664516907 1.6583808001439 2.0493676820959075 2.607131454372075 1.5705744241123025 0.6864360088507728 0.0027612067934473794 0.0011044827173782579 0.0 0.0 0.0 0.0 0.0 0.0 0.0 0.0 0.0 0.0011044827173782579 0.0 0.0 0.0
0.0 0.0 0.0 0.0 0.0 0.0 0.0 0.0 0.0 0.0 0.0 0.0 0.0 0.0 0.0 0.0 0.0 0.0016567240760691215 0.005522413586894759 0.0016567240760691215 0.22310550891046707 0.5152411876570944 0.3832555029303596 0.263971369453473 0.29379240282269636 0.5456144623850051 0.690301698361595 0.9238997930871607 1.2447520224856297 1.6462314902527357 1.6992466606869059 1.6346344217202589 1.5700221827536152 0.7123913527091672 0.1899710273891124 0.0027612067934473794 0.0011044827173782579 0.0 0.0 0.0 0.0 0.0 0.0 0.0 0.0 0.0 0.0 0.0 0.0 0.0
0.0 0.0 0.0 0.0 0.0 0.0 0.0 0.0 0.0 0.0 0.0 0.0 0.0 0.0 0.0 0.004970172228203895 0.0027612067934473794 0.0038656895108256373 0.008835861739029532 0.012149309891164306 0.2070905095084806 0.4042406745605499 0.1800306829327046 0.14855292548741558 0.2915834373879399 0.5875848056453893 0.8421680720011488 1.1193932340631645 1.419260291831443 1.818530794163789 1.620276146394338 1.356304776940865 0.7908096256430442 0.4395841215166646 0.0982989618466927 0.06682120440140368 0.0077313790216512746 0.0016567240760691215 0.0 0.0 0.0 0.0 0.0 0.0 0.0 0.0 0.0 0.0 0.0 0.0
0.0 0.0 0.0 0.0 0.0 0.0 0.0 0.0 0.0 0.0 0.0 0.0 0.0 0.0 0.004970172228203895 0.024850861141019476 0.014358275325920822 0.0011044827173782579 0.0016567240760691215 0.004970172228203895 0.0171194821193682 0.09719447912931445 0.0695824111948476 0.13916482238969866 0.29268792010531813 0.28992671331187075 0.6466746310251417 1.02440772036861 1.7185751082410308 1.8853519985651928 1.5832759753621577 0.9078847936851708 0.2744639552685717 0.0811794797273245 0.08504516923815014 0.09277654825979795 0.04086586054300595 0.009388103097716927 0.0 0.0 0.0 0.0 0.0 0.0 0.0 0.0 0.0 0.0 0.0 0.0
0.0 0.0 0.0 0.0 0.0 0.0 0.0 0.0 0.0 0.0 0.0 0.0 0.0 0.0 0.004970172228203895 0.013253792608542564 0.012149309891164306 0.0 0.0 0.0 0.012149309891164306 0.024850861141019476 0.043074825977762465 0.09995568592275836 0.2148218885301284 0.33741947015914975 0.7123913527091672 1.356304776940865 2.060964750628381 1.8063814842726247 1.760545451501415 1.1751696112907821 0.13916482238969866 0.03810465374956204 0.04086586054300595 0.06019430809713067 0.027612067934463386 0.0 0.0 0.0 0.0 0.0 0.0 0.0 0.0 0.0 0.0 0.0 0.0 0.0
0.0 0.0 0.0 0.0 0.0 0.0 0.0 0.0 0.0 0.0 0.0 0.0 0.0 0.0 0.0 0.0 0.0 0.0 0.0 0.0016567240760691215 0.01546275804329908 0.028716550651841644 0.026507585217085128 0.0982989618466927 0.21371740581275014 0.39098688195200737 0.8973922078700757 1.5429623561778392 2.1106664729104163 1.8179785528050982 1.7577842447079675 1.2557968496594158 0.12867223657460347 0.027612067934463386 0.027612067934463386 0.0469405154885881 0.012149309891164306 0.0 0.0 0.0 0.0 0.0 0.0 0.0 0.0 0.0 0.0 0.0 0.0 0.0
0.0 0.0 0.0 0.0 0.0 0.0 0.0 0.0 0.0 0.0 0.0 0.0 0.0 0.0 0.0 0.0 0.0 0.0 0.0016567240760691215 0.0077313790216512746 0.02264189570625949 0.04970172228203548 0.04197034326038421 0.13750809831362953 0.33465826336570237 0.5102710154288904 1.0216465135751627 1.6699778686763735 2.2680552601368613 2.6463405908390136 3.073775402464514 1.593768561177253 0.2672848176056113 0.04086586054300595 0.01546275804329908 0.0392091364669403 0.009388103097716927 0.0 0.0 0.0 0.0 0.0 0.0 0.0 0.0 0.0 0.0 0.0 0.0 0.0
0.0 0.0 0.0 0.0 0.0 0.0 0.0 0.0 0.0 0.0 0.0 0.0 0.0 0.0 0.0 0.0 0.0 0.0 0.008835861739029532 0.0171194821193682 0.03700017103218031 0.08007499700994625 0.1457917186939682 0.3053894713551698 0.5561070482001003 0.8018544528168303 1.4512902906354195 2.095203714867117 2.617624040187172 3.5669269357740396 3.3195228070812424 3.0538947135517 0.9901687561298735 0.6035998050473792 0.01822396483674646 0.0027612067934473794 0.0038656895108256373 0.0016567240760691215 0.0 0.0 0.0 0.0 0.0 0.0 0.0 0.0 0.0 0.0 0.0 0.0
0.0 0.0 0.0 0.0 0.0 0.0 0.0 0.0 0.0 0.0 0.0 0.0 0.0 0.0 0.0 0.0 0.0 0.0 0.012149309891164306 0.0469405154885881 0.07620930749912061 0.13253792608542564 0.4103153295061321 0.6693165267314047 0.6129879081450962 0.9537208264563807 1.6639032137307912 2.2409954335610855 2.5121459406775206 1.7997545879683516 1.422021498624887 1.4021408097120749 2.015128717857171 0.5997341155365536 0.01546275804329908 0.0027612067934473794 0.0011044827173782579 0.0011044827173782579 0.0 0.0 0.0 0.0 0.0 0.0 0.0 0.0 0.0 0.0 0.0 0.0
0.0 0.0 0.0 0.0 0.0 0.0 0.0 0.0 0.0 0.0 0.0 0.0 0.0 0.0 0.0 0.0 0.0 0.0 0.0392091364669403 0.09167206554241969 0.13253792608542564 0.18223964836746112 0.4213601566799181 0.609122218634274 0.6151968735798562 0.5743310130368467 0.986303066619048 1.4695142554721659 1.6086790778618645 1.0691392704224416 0.9934822042820084 0.9614522054780319 0.5273904975482586 0.14413499461790255 0.03258224016266728 0.013253792608542564 0.009388103097716927 0.09719447912931445 0.09553775505324533 0.0 0.0 0.0 0.0 0.0 0.0 0.0 0.0 0.0 0.0 0.0
0.0 0.0 0.0 0.0 0.0 0.0 0.0 0.0 0.0 0.0 0.0 0.0 0.0 0.0 0.0 0.0 0.0 0.04362706733645333 0.07234361798829497 0.103821375433584 0.1507618909221721 0.3136730917355085 0.4318527424950133 0.41583774309302685 0.21537412988881927 0.28606102380104514 0.5815101506998072 0.900153414663523 0.9907209974885645 0.5875848056453893 0.5903460124388367 0.591450495156215 0.14192602918314604 0.06295551489057805 0.08559741059683754 0.11652292668343917 0.09443327233586707 1.1464530606389405 0.965870136347545 0.3335537806483241 0.0011044827173782579 0.0 0.0 0.0 0.0 0.0 0.0 0.0 0.0 0.0
0.0 0.0 0.0 0.0 0.0 0.0 0.0 0.0 0.0 0.0 0.0 0.0 0.0 0.0 0.0 0.0077313790216512746 0.06682120440140368 0.06792568711878194 0.09995568592275836 0.1402693051070769 0.17947844157401374 0.21758309532357578 0.26231464537740734 0.23856826695376615 0.03258224016266728 0.11541844396605744 0.4368229147232172 0.8736458294464344 1.1994682310731106 1.3397375361801842 1.51148459873255 1.41263339552717 0.5748832543955376 0.25844895586658173 0.4070018813539973 0.9156161727068222 1.4678575313960969 3.90931657816139 3.5580910740350102 2.243204398995842 0.6571672168402404 0.08559741059683754 0.009388103097716927 0.0011044827173782579 0.0011044827173782579 0.0011044827173782579 0.0 0.0 0.0 0.0
0.0 0.0 0.0 0.0 0.0 0.0 0.0 0.0 0.0 0.0 0.0 0.0 0.0 0.0 0.0011044827173782579 0.02264189570625949 0.08283620380339016 0.12038861619426133 0.13088120200936 0.15462758043299774 0.17561275206319157 0.17450826934581332 0.1728515452697442 0.10216465135751487 0.0011044827173782579 0.07731379021649887 0.5218680839613674 1.0117061691187548 2.327697326875301 2.6369524877412966 2.8230578256195833 2.701012485349253 1.9571433751947969 1.3325583985172238 1.6003954574815258 2.2305028477459903 5.119277395049596 9.495790162662113 9.301401204403488 7.002972669538719 3.8430476151186768 2.209517676115796 0.8289142793926063 0.5273904975482586 0.10879154766178789 0.7974365219473173 0.6019430809713135 0.11928413347688308 0.0016567240760691215 0.0016567240760691215
0.0 0.0 0.0 0.0 0.0 0.0 0.0 0.0 0.0 0.0 0.0 0.0 0.0011044827173782579 0.0 0.02374637842363775 0.051358446358104604 0.13750809831362953 0.16567240760678378 0.17174706255236594 0.1380603396723204 0.13916482238969866 0.13253792608542564 0.09719447912931445 0.03258224016266728 0.0 0.0342389642387364 0.4445542937448685 0.9796761703147784 2.0438452685090125 1.620276146394338 1.3778421899297462 1.2657371941158235 1.1365127161825326 1.2176921959098572 1.3944094306904236 1.8378592417179138 3.74971882550019 6.567254237532879 6.964868015789159 4.8950674034217485 4.71117103097822 5.637279789500138 4.118063811745937 2.274682156441131 1.0928856488460794 1.7434259693820466 0.9327356548261903 0.3059417127138607 0.796332039229939 0.15628430450906686
0.0 0.0 0.0 0.0 0.0 0.0 0.0 0.0 0.0 0.0 0.0 0.0 0.0 0.0011044827173782579 0.024850861141019476 0.09056758282504143 0.17450826934581332 0.17450826934581332 0.1402693051070769 0.10658258222703137 0.09443327233586707 0.08946310010766317 0.054119653151548514 0.030373274727910765 0.0 0.0171194821193682 0.0171194821193682 0.5472711864610742 0.8051679009689651 0.48542015428787444 0.2424339564645918 0.36061360722409663 0.37386739983263917 0.6256894593949514 0.9487506542281767 1.3949616720491145 2.0062928561181415 2.583385075948437 2.9848645437155414 3.2328209137670263 3.7795398588694096 4.79511171749899 4.565931553642941 2.740773863174881 1.833993552207088 2.087472335845466 1.2972149515611124 1.1663337495517525 1.4800068412872611 0.8449292787945928
0.0 0.0 0.0 0.0 0.0 0.0 0.0 0.0 0.0 0.0 0.0 0.0 0.0 0.009388103097716927 0.08283620380339016 0.14855292548741558 0.14413499461790255 0.11707516804212656 0.08283620380339016 0.08228396244470276 0.07731379021649887 0.07234361798829497 0.05246292907548286 0.028716550651841644 0.0011044827173782579 0.0 0.0 0.0011044827173782579 0.011597068532473442 0.08504516923815014 0.1800306829327046 0.2993148164095877 0.42798705298419115 0.9432282406412855 1.266289435474511 2.095203714867117 2.6789228310016826 3.071014195671068 3.666882621696798 3.915943474465661 4.237347945222821 3.6116584858278693 3.3835828046891985 2.331010775027436 1.9466507893797016 1.9969047530204245 2.04660647530246 1.9157252732931 1.5070666678630371 1.4181558091140614
0.0 0.0 0.0 0.0 0.0 0.0 0.0 0.0 0.0 0.0 0.0 0.0 0.0 0.0469405154885881 0.12314982298770871 0.1507618909221721 0.08283620380339016 0.0695824111948476 0.09167206554241969 0.09443327233586707 0.11707516804212656 0.0867018933142158 0.06682120440140368 0.027612067934463386 0.0016567240760691215 0.0011044827173782579 0.0011044827173782579 0.0016567240760691215 0.0027612067934473794 0.045836032771209845 0.13529913287887302 0.30980740222468284 0.49977842961379526 1.2701551249853367 2.3288018095926795 3.2289552242562007 4.4543787991877055 5.229173425428762 5.883027194116866 5.889654090421137 6.120490978353254 4.9745901590730055 3.468627973927347 2.2249804341590953 2.109561990193038 2.096860438943183 2.1780399186705073 1.6661121791655478 1.1089006482480692 1.261871504604998
0.0 0.0 0.0 0.0 0.0 0.0 0.0 0.0 0.0 0.0 0.0 0.0016567240760691215 0.0016567240760691215 0.051358446358104604 0.09056758282504143 0.103821375433584 0.0695824111948476 0.08007499700994625 0.11707516804212656 0.12977671929198173 0.16512016624809292 0.11541844396605744 0.07234361798829497 0.01988068891281558 0.0027612067934473794 0.0011044827173782579 0.0027612067934473794 0.004970172228203895 0.0038656895108256373 0.026507585217085128 0.14468723597658995 0.3396284355939062 0.6417044587969413 1.445767877048528 2.6253554192088213 3.8187489953363483 5.534010655425242 6.293342523622997 6.551791479489579 6.242536318623584 6.31543217797057 5.224203253200558 3.7734652039238274 2.655176452578043 2.733042484153231 2.9047895467055955 2.6109971438829005 1.922352169597373 0.839959106566389 0.7007942841766936
0.0 0.0 0.0 0.0 0.0 0.0 0.0 0.0 0.0 0.0 0.0 0.0027612067934473794 0.014358275325920822 0.08504516923815014 0.1032691340748966 0.10106016864013662 0.10603034086834051 0.12701551249853435 0.1402693051070769 0.13088120200936 0.054119653151548514 0.01546275804329908 0.0038656895108256373 0.005522413586894759 0.0038656895108256373 0.0011044827173782579 0.0011044827173782579 0.0027612067934473794 0.0077313790216512746 0.10492585815096225 0.18389637244353024 0.3893301578759417 0.9288699653153647 1.3772899485710552 2.00960630427028 2.9174910979554487 4.17604915440831 5.292681181678029 6.05477425666923 6.465641827534053 6.294447006340376 5.790802887215757 4.943112401627717 3.8767343379987227 3.0765366092579614 2.2658462947021016 2.1791444013878856 2.0073973388355197 1.272364090420093 0.6925106637963551
0.0 0.0 0.0 0.0 0.0 0.0 0.0 0.0 0.0 0.0 0.0 0.010492585815095185 0.045836032771209845 0.10603034086834051 0.1380603396723204 0.1507618909221721 0.14855292548741558 0.09553775505324533 0.06019430809713067 0.03700017103218031 0.016014999401989943 0.005522413586894759 0.0 0.0011044827173782579 0.0038656895108256373 0.0016567240760691215 0.0016567240760691215 0.0038656895108256373 0.0077313790216512746 0.03810465374956204 0.1480006841287282 0.3280313670614293 0.5853758402106328 0.8438247960772145 1.4446633943311498 2.458578528884661 3.9971229541929856 4.358288802775773 5.2214420464071125 6.089013220907966 6.483313551012109 6.567254237532879 6.397163899056582 5.6781456500431435 4.170526740821419 3.033461783280197 2.1178456105733767 1.2867223657460138 0.6494358378185892 0.7057644564048976
0.0 0.0 0.0 0.0 0.0 0.0 0.0 0.0 0.0 0.0 0.006626896304273017 0.04197034326038421 0.10989603037916615 0.18223964836746112 0.25955343858395996 0.30318050592041335 0.33741947015914975 0.23359809472556572 0.14689620141134646 0.051358446358104604 0.0171194821193682 0.004970172228203895 0.0 0.0011044827173782579 0.0011044827173782579 0.0016567240760691215 0.005522413586894759 0.012149309891164306 0.01546275804329908 0.03810465374956204 0.05908982537975241 0.15738878722644511 0.2220010261930888 0.43019601841894767 0.9586909986845846 1.7406647625885994 2.9174910979554487 3.6955991723486394 4.598513793805608 5.425219107763454 6.149207529005097 6.303835109438094 6.059744428897433 5.226964459994005 3.7000171032181544 3.157716088985284 2.5060712857319385 1.7329333835669516 1.0166763413469586 0.6510925618946583
