static/data/precipitation/2023/7/3/6.asc
ncols 137
nrows 93
xllcorner 108.0
yllcorner 17.0
cellsize 0.25
NODATA_value -32767
[rows 42 to 62 of 93, columns 0 to 45 of 137]
0.11210499581392266 0.11707516804212656 0.058537584021065014 0.08449292787945928 0.4318527424950133 0.05522413586892677 0.048597239564657224 0.10989603037916615 0.2418817151059044 0.19328447554124717 0.13419465016149476 0.0695824111948476 0.028716550651841644 0.0 0.005522413586894759 0.0038656895108256373 0.0695824111948476 0.10547809950965312 0.08449292787945928 0.051358446358104604 0.021537412988881233 0.0044179308695130315 0.01546275804329908 0.0016567240760691215 0.006626896304273017 0.03534344695611466 0.03368672288004554 0.011044827173786048 0.01546275804329908 0.07620930749912061 0.03258224016266728 0.0 0.0016567240760691215 0.0 0.011044827173786048 0.04086586054300595 0.04362706733645333 0.07676154885781147 0.3015237818443442 0.11983637483557394 0.06461223896664717 0.04528379141252245 0.02540310249970687 0.010492585815095185 0.004970172228203895 0.0
0.1750605107045007 0.11652292668343917 0.07289585934698584 0.10216465135751487 0.4638827412989932 0.0342389642387364 0.029268792010532507 0.09056758282504143 0.1921799928238689 0.20653826814978973 0.14137378782445517 0.06295551489057805 0.0298210333692199 0.0 0.0016567240760691215 0.0011044827173782579 0.01270155124985517 0.03644792967349292 0.0695824111948476 0.05080620499941374 0.02098517163019384 0.00994034445640779 0.02374637842363775 0.020432930271502975 0.005522413586894759 0.037552412390871176 0.05467189451023938 0.0298210333692199 0.0911198241837323 0.11376171988999179 0.06792568711878194 0.009388103097716927 0.011044827173786048 0.0 0.008283620380338669 0.012149309891164306 0.08835861739028492 0.14965740820479384 0.2220010261930888 0.11541844396605744 0.06461223896664717 0.0817317210860119 0.061298790814508924 0.013806033967233428 0.004970172228203895 0.0
0.16014999401988902 0.10106016864013662 0.07731379021649887 0.11652292668343917 0.061298790814508924 0.09940344456407096 0.0938810309771762 0.05246292907548286 0.11431396124867918 0.18113516565008286 0.10989603037916615 0.03147775744528902 0.008283620380338669 0.0016567240760691215 0.0011044827173782579 0.014910516684611685 0.026507585217085128 0.020432930271502975 0.02540310249970687 0.03368672288004554 0.04473155005383159 0.03368672288004554 0.02264189570625949 0.0392091364669403 0.0077313790216512746 0.040313619184318555 0.05743310130368676 0.06571672168402543 0.16732913168284944 0.14247827054183343 0.09001534146635404 0.03202999880397989 0.018776206195437323 0.0022089654347565157 0.0027612067934473794 0.0077313790216512746 0.08394068652077188 0.15186637363955036 0.051358446358104604 0.05798534266237415 0.1336424088028039 0.1502096495634847 0.055776377227617635 0.0038656895108256373 0.0016567240760691215 0.012149309891164306
0.15904551130251077 0.14468723597658995 0.0867018933142158 0.09719447912931445 0.053015170434170256 0.07897051429256799 0.06847792847746934 0.037552412390871176 0.10106016864013662 0.10989603037916615 0.03092551608659816 0.004970172228203895 0.004970172228203895 0.0044179308695130315 0.0011044827173782579 0.0016567240760691215 0.0016567240760691215 0.0 0.0016567240760691215 0.027612067934463386 0.03700017103218031 0.037552412390871176 0.04086586054300595 0.03534344695611466 0.04528379141252245 0.09443327233586707 0.09940344456407096 0.10658258222703137 0.09608999641193272 0.04638827412990071 0.024850861141019476 0.03534344695611466 0.03202999880397989 0.006074654945582153 0.0298210333692199 0.03092551608659816 0.03092551608659816 0.06185103217319979 0.051910687716792 0.11983637483557394 0.16567240760678378 0.13032896065066912 0.0027612067934473794 0.02705982657577599 0.011597068532473442 0.03147775744528902
0.0938810309771762 0.09608999641193272 0.05080620499941374 0.0811794797273245 0.0690301698361602 0.04638827412990071 0.03147775744528902 0.02264189570625949 0.0347912055974238 0.01270155124985517 0.005522413586894759 0.009388103097716927 0.01822396483674646 0.0038656895108256373 0.0022089654347565157 0.0005522413586908637 0.0005522413586908637 0.0011044827173782579 0.007179137662960411 0.024298619782328612 0.033134481521358145 0.026507585217085128 0.0342389642387364 0.07455258342305149 0.1728515452697442 0.6776001471117433 0.6477791137425235 0.08891085874897231 0.0016567240760691215 0.0171194821193682 0.016567240760677338 0.040313619184318555 0.06461223896664717 0.0011044827173782579 0.08559741059683754 0.06185103217319979 0.04086586054300595 0.04362706733645333 0.0 0.008835861739029532 0.01546275804329908 0.011597068532473442 0.03700017103218031 0.14247827054183343 0.05632861858630503 0.010492585815095185
0.09719447912931445 0.05743310130368676 0.03092551608659816 0.14965740820479384 0.03534344695611466 0.019328447554124717 0.0469405154885881 0.06185103217319979 0.0011044827173782579 0.07510482478174235 0.045836032771209845 0.016014999401989943 0.018776206195437323 0.02264189570625949 0.014358275325920822 0.008283620380338669 0.0038656895108256373 0.0011044827173782579 0.0 0.0005522413586908637 0.07289585934698584 0.0740003420643641 0.04141810190169681 0.18886654467173414 0.23580706016032224 0.11320947853130092 0.043074825977762465 0.055776377227617635 0.0038656895108256373 0.0044179308695130315 0.0038656895108256373 0.00994034445640779 0.01546275804329908 0.0 0.03644792967349292 0.02540310249970687 0.0077313790216512746 0.0016567240760691215 0.0 0.0011044827173782579 0.0342389642387364 0.043074825977762465 0.06571672168402543 0.23304585336687486 0.047492756847278966 0.0005522413586908637
0.03368672288004554 0.05632861858630503 0.10492585815096225 0.19991137184552019 0.0469405154885881 0.01988068891281558 0.03147775744528902 0.03700017103218031 0.01546275804329908 0.0016567240760691215 0.007179137662960411 0.008835861739029532 0.004970172228203895 0.0038656895108256373 0.0077313790216512746 0.005522413586894759 0.00994034445640779 0.01270155124985517 0.0 0.0 0.03202999880397989 0.04473155005383159 0.051910687716792 0.043074825977762465 0.04528379141252245 0.013806033967233428 0.03644792967349292 0.06461223896664717 0.009388103097716927 0.004970172228203895 0.0044179308695130315 0.023194137064950354 0.043074825977762465 0.0 0.07179137662960758 0.07841827293387713 0.050253963640722876 0.018776206195437323 0.04473155005383159 0.1457917186939682 0.09498551369455446 0.024298619782328612 0.033134481521358145 0.033134481521358145 0.03258224016266728 0.0005522413586908637
0.018776206195437323 0.00994034445640779 0.06019430809713067 0.08946310010766317 0.026507585217085128 0.013253792608542564 0.04417930869514072 0.02374637842363775 0.0077313790216512746 0.0022089654347565157 0.007179137662960411 0.0027612067934473794 0.004970172228203895 0.016567240760677338 0.008835861739029532 0.0016567240760691215 0.0038656895108256373 0.0016567240760691215 0.0 0.0 0.0 0.019328447554124717 0.02540310249970687 0.03147775744528902 0.07234361798829497 0.02816430929315425 0.12038861619426133 0.09608999641193272 0.03644792967349292 0.051910687716792 0.05964206673844327 0.0027612067934473794 0.01270155124985517 0.02264189570625949 0.06019430809713067 0.043074825977762465 0.050253963640722876 0.047492756847278966 0.07234361798829497 0.10437361679227486 0.05632861858630503 0.033134481521358145 0.03147775744528902 0.013806033967233428 0.008283620380338669 0.004970172228203895
0.0298210333692199 0.02705982657577599 0.07676154885781147 0.051910687716792 0.01546275804329908 0.03147775744528902 0.04197034326038421 0.013253792608542564 0.0044179308695130315 0.019328447554124717 0.04804499820596636 0.020432930271502975 0.05467189451023938 0.005522413586894759 0.0011044827173782579 0.019328447554124717 0.02374637842363775 0.0022089654347565157 0.008835861739029532 0.006074654945582153 0.0 0.009388103097716927 0.04086586054300595 0.07841827293387713 0.10989603037916615 0.3622703313001657 0.25844895586658173 0.07897051429256799 0.028716550651841644 0.0392091364669403 0.047492756847278966 0.008835861739029532 0.026507585217085128 0.05632861858630503 0.053015170434170256 0.01270155124985517 0.025955343858397734 0.06847792847746934 0.07620930749912061 0.0469405154885881 0.02374637842363775 0.05743310130368676 0.07952275565125538 0.0392091364669403 0.04804499820596636 0.03644792967349292
0.051358446358104604 0.03976137782562769 0.03368672288004554 0.013806033967233428 0.029268792010532507 0.04638827412990071 0.024850861141019476 0.012149309891164306 0.0022089654347565157 0.0011044827173782579 0.025955343858397734 0.014910516684611685 0.038656895108249434 0.0005522413586908637 0.0022089654347565157 0.020432930271502975 0.03092551608659816 0.014358275325920822 0.026507585217085128 0.007179137662960411 0.0033134481521347736 0.006074654945582153 0.037552412390871176 0.08835861739028492 0.10161240999882748 1.049810822868317 0.25347878363837784 0.07179137662960758 0.01546275804329908 0.023194137064950354 0.016567240760677338 0.03644792967349292 0.061298790814508924 0.023194137064950354 0.013253792608542564 0.009388103097716927 0.03700017103218031 0.07841827293387713 0.09498551369455446 0.06792568711878194 0.04473155005383159 0.05356741179286112 0.06516448032533456 0.07068689391222932 0.08449292787945928 0.061298790814508924
0.03810465374956204 0.024850861141019476 0.006626896304273017 0.020432930271502975 0.035895688314802054 0.055776377227617635 0.0298210333692199 0.013253792608542564 0.009388103097716927 0.0077313790216512746 0.0011044827173782579 0.0011044827173782579 0.0005522413586908637 0.005522413586894759 0.006074654945582153 0.0044179308695130315 0.014910516684611685 0.02540310249970687 0.03092551608659816 0.008835861739029532 0.007179137662960411 0.00994034445640779 0.012149309891164306 0.05632861858630503 0.10768706494440963 0.9697358258583706 0.14137378782445517 0.06847792847746934 0.01270155124985517 0.013806033967233428 0.004970172228203895 0.0469405154885881 0.05743310130368676 0.019328447554124717 0.008283620380338669 0.019328447554124717 0.06240327353188718 0.0861496519555284 0.1032691340748966 0.07841827293387713 0.05522413586892677 0.04914948092334462 0.07897051429256799 0.11210499581392266 0.10823930630309703 0.08504516923815014
0.0022089654347565157 0.014910516684611685 0.004970172228203895 0.019328447554124717 0.04141810190169681 0.06516448032533456 0.04086586054300595 0.00994034445640779 0.012149309891164306 0.009388103097716927 0.0016567240760691215 0.006626896304273017 0.012149309891164306 0.01546275804329908 0.0044179308695130315 0.0 0.0016567240760691215 0.02264189570625949 0.02098517163019384 0.008835861739029532 0.005522413586894759 0.004970172228203895 0.006074654945582153 0.014358275325920822 0.09940344456407096 0.14137378782445517 0.06737344576009108 0.0022089654347565157 0.006626896304273017 0.006626896304273017 0.019328447554124717 0.06074654945582153 0.04804499820596636 0.023194137064950354 0.018776206195437323 0.04362706733645333 0.08559741059683754 0.09608999641193272 0.07731379021649887 0.050253963640722876 0.025955343858397734 0.037552412390871176 0.10603034086834051 0.12370206434639958 0.09664223777062358 0.07013465255353846
0.03202999880397989 0.11044827173785701 0.06074654945582153 0.0469405154885881 0.07179137662960758 0.06240327353188718 0.02264189570625949 0.00994034445640779 0.04417930869514072 0.04362706733645333 0.009388103097716927 0.013806033967233428 0.04141810190169681 0.006626896304273017 0.0 0.011044827173786048 0.012149309891164306 0.0033134481521347736 0.01270155124985517 0.0 0.0027612067934473794 0.0016567240760691215 0.011597068532473442 0.017671723478055595 0.02374637842363775 0.026507585217085128 0.006626896304273017 0.0022089654347565157 0.008283620380338669 0.014358275325920822 0.0392091364669403 0.08007499700994625 0.07510482478174235 0.04638827412990071 0.04086586054300595 0.0640599976079563 0.0982989618466927 0.06461223896664717 0.06461223896664717 0.07123913527091671 0.04914948092334462 0.02540310249970687 0.0342389642387364 0.04914948092334462 0.0867018933142158 0.06792568711878194
0.162358959454649 0.22862792249736183 0.1402693051070769 0.13419465016149476 0.20432930271503322 0.2264189570626053 0.04638827412990071 0.035895688314802054 0.1380603396723204 0.14634396005265907 0.08007499700994625 0.03147775744528902 0.04473155005383159 0.004970172228203895 0.009388103097716927 0.03644792967349292 0.04141810190169681 0.008283620380338669 0.0005522413586908637 0.0 0.0 0.0005522413586908637 0.017671723478055595 0.05080620499941374 0.054119653151548514 0.01270155124985517 0.0016567240760691215 0.0016567240760691215 0.0027612067934473794 0.0011044827173782579 0.008283620380338669 0.047492756847278966 0.037552412390871176 0.035895688314802054 0.05246292907548286 0.05080620499941374 0.0171194821193682 0.011597068532473442 0.06571672168402543 0.07289585934698584 0.04362706733645333 0.035895688314802054 0.04638827412990071 0.07510482478174235 0.08449292787945928 0.08504516923815014
0.2501653354862431 0.16622464896547118 0.07179137662960758 0.06682120440140368 0.14137378782445517 0.2026725786389641 0.10492585815096225 0.050253963640722876 0.295449126898762 0.2573444731492035 0.07455258342305149 0.03368672288004554 0.019328447554124717 0.0077313790216512746 0.0695824111948476 0.1430305119005243 0.1408215464657643 0.043074825977762465 0.004970172228203895 0.0011044827173782579 0.0 0.0005522413586908637 0.022089654347572096 0.061298790814508924 0.0469405154885881 0.008283620380338669 0.0 0.0 0.0005522413586908637 0.006626896304273017 0.037552412390871176 0.12038861619426133 0.15462758043299774 0.10989603037916615 0.07841827293387713 0.10713482358571877 0.024850861141019476 0.013806033967233428 0.1380603396723204 0.12425430570508697 0.053015170434170256 0.05688085994499589 0.023194137064950354 0.07013465255353846 0.027612067934463386 0.040313619184318555
0.21150844037799363 0.1457917186939682 0.06516448032533456 0.02705982657577599 0.053015170434170256 0.10216465135751487 0.19383671689993803 0.17064257983498768 0.17395602798712245 0.2915834373879399 0.2838520583662886 0.03700017103218031 0.29379240282269636 0.05743310130368676 0.04362706733645333 0.04141810190169681 0.03202999880397989 0.0077313790216512746 0.006074654945582153 0.0011044827173782579 0.0 0.01270155124985517 0.02540310249970687 0.02264189570625949 0.006626896304273017 0.006074654945582153 0.0 0.0 0.004970172228203895 0.02540310249970687 0.05246292907548286 0.06461223896664717 0.15849326994382337 0.13916482238969866 0.07289585934698584 0.04362706733645333 0.04638827412990071 0.022089654347572096 0.04417930869514072 0.043074825977762465 0.04804499820596636 0.15131413228086296 0.24850861141017394 0.1949411996173163 0.17726947613925723 0.14137378782445517
0.1850008551609085 0.41859894988647073 0.4611215345055458 0.4070018813539973 0.44013636287535546 0.5765399784716068 0.09443327233586707 0.36116584858278744 0.24850861141017394 0.11762740940081742 0.07344810070567323 0.1728515452697442 0.12314982298770871 0.4285392943428785 0.09443327233586707 0.06295551489057805 0.09332878961848881 0.0392091364669403 0.0016567240760691215 0.0011044827173782579 0.0005522413586908637 0.09056758282504143 0.12756775385722174 0.023194137064950354 0.022089654347572096 0.004970172228203895 0.0 0.0 0.014910516684611685 0.04417930869514072 0.055776377227617635 0.06019430809713067 0.11817965075950482 0.08062723836863364 0.03534344695611466 0.1551798217916886 0.09940344456407096 0.03092551608659816 0.009388103097716927 0.01822396483674646 0.09222430690111055 0.21647861260619752 0.20432930271503322 0.18776206195435588 0.1110005130965444 0.06295551489057805
0.42798705298419115 0.2269711984212927 0.27556843798594993 0.3247179189092946 0.3893301578759417 0.2965536096161403 0.04638827412990071 0.16401568353071466 0.14468723597658995 0.033134481521358145 0.266180334888233 0.508062049994134 0.13916482238969866 0.27225498983381513 0.18058292429139547 0.2904789546705582 0.3236134361919163 0.06074654945582153 0.0022089654347565157 0.0005522413586908637 0.004970172228203895 0.06792568711878194 0.06626896304271282 0.008835861739029532 0.00994034445640779 0.004970172228203895 0.0 0.0033134481521347736 0.019328447554124717 0.23138912929080574 0.08007499700994625 0.09443327233586707 0.051358446358104604 0.028716550651841644 0.05743310130368676 0.14855292548741558 0.18444861380221764 0.0911198241837323 0.05080620499941374 0.051358446358104604 0.12756775385722174 0.1402693051070769 0.08228396244470276 0.09940344456407096 0.07510482478174235 0.02264189570625949
0.6477791137425235 0.2247622329865362 0.2319413706494966 0.3164342985289559 0.39650929553890213 0.07620930749912061 0.05080620499941374 0.03534344695611466 0.04528379141252245 0.040313619184318555 0.26949378304036775 0.3733151584739518 0.15407533907430687 0.22862792249736183 0.30925516086599547 0.4042406745605499 0.25292654227969047 0.03202999880397989 0.0016567240760691215 0.0005522413586908637 0.010492585815095185 0.035895688314802054 0.0347912055974238 0.0038656895108256373 0.012149309891164306 0.0077313790216512746 0.022089654347572096 0.023194137064950354 0.030373274727910765 0.17947844157401374 0.30207602320303506 0.2424339564645918 0.2838520583662886 0.07565706614042975 0.07841827293387713 0.1629112008133364 0.14910516684610645 0.16346344217202727 0.16567240760678378 0.1607022353785799 0.0988512032053801 0.08946310010766317 0.025955343858397734 0.03644792967349292 0.01988068891281558 0.01546275804329908
0.4517334314078289 0.20322481999765496 0.22807568113867097 0.37883757206084306 0.4589125690707893 0.05743310130368676 0.04473155005383159 0.03147775744528902 0.2098517163019245 0.20543378543241148 0.19107551010649065 0.25292654227969047 0.13640361559625128 0.17119482119367507 0.2545832663557561 0.28771774787711424 0.13640361559625128 0.03202999880397989 0.0 0.004970172228203895 0.013806033967233428 0.03976137782562769 0.10547809950965312 0.07897051429256799 0.0469405154885881 0.01822396483674646 0.05964206673844327 0.03976137782562769 0.0469405154885881 0.08725413467290666 0.3164342985289559 0.23359809472556572 0.30207602320303506 0.09332878961848881 0.1850008551609085 0.29986705776827854 0.10161240999882748 0.14634396005265907 0.17064257983498768 0.14192602918314604 0.08007499700994625 0.09774672048800184 0.023194137064950354 0.014910516684611685 0.008835861739029532 0.0044179308695130315
0.11431396124867918 0.11707516804212656 0.13088120200936 0.2253144743452236 0.21813533668226318 0.033134481521358145 0.023194137064950354 0.02540310249970687 0.263971369453473 0.2264189570626053 0.19659792369338194 0.3622703313001657 0.17009033847629682 0.09498551369455446 0.10768706494440963 0.15407533907430687 0.21371740581275014 0.11873189211819568 0.051910687716792 0.061298790814508924 0.061298790814508924 0.22255326755177968 0.2943446441813838 0.3230611948332289 0.24353843918197005 0.21206068173668102 0.12756775385722174 0.09277654825979795 0.033134481521358145 0.06792568711878194 0.39540481282152384 1.1193932340631645 1.106139441454622 0.06571672168402543 0.20156809592158584 0.342941883746041 0.12922447793329087 0.0690301698361602 0.09553775505324533 0.061298790814508924 0.0298210333692199 0.09001534146635404 0.016567240760677338 0.006074654945582153 0.0027612067934473794 0.018776206195437323
