static/data/ASCData/20210119/ASCU/00.asc
ncols 97
nrows 97
xllcorner 99.0
yllcorner 2.0
cellsize 0.25
NODATA_value -32767
[rows 19 to 37 of 97, columns 43 to 85 of 97]
-1.9994820668758368 -1.3246695261043935 -1.0061402402865616 -0.5883084978342854 -0.9407846298498344 -1.8303823563769281 -2.878292945078422 -3.668270954726233 -3.696824376761696 -3.326581671035192 -3.4350846747699513 -4.118463242152034 -5.124495478534848 -6.2104772966169595 -6.840238882621339 -7.131166527138223 -7.300266237637132 -7.424314993368977 -7.720001541558439 -8.02203329464467 -8.290435461778022 -8.555030505973313 -8.54138831544526 -8.473177362804986 -8.257123136069982 -8.086437124346881 -8.044241511783364 -7.994431653343723 -7.909723167971849 -7.941766452700536 -7.953505081759559 -8.228886974279359 -8.598177899271347 -9.393866593326251 -10.41544458170615 -11.147998487038198 -11.775856511573545 -12.361836183790215 -12.844071755944702 -13.422437182285249 -13.781575779442406 -13.974152748059362 -13.879291934852658
-2.0277182286664615 -1.3246695261043935 -0.7758093025338262 -1.4036673270691744 -2.810081992438149 -3.5347043916492336 -4.008373937193081 -4.449682937763405 -4.29232185632352 -4.0042495540101815 -4.161610635450066 -4.8725908441330965 -5.697784740957978 -6.1908071614369735 -6.623550135396658 -6.773931491450097 -7.016001058261856 -7.209529807613327 -7.55502621424243 -7.851030022676731 -8.043289731048848 -8.23491491893129 -8.100079314874936 -8.005218501668232 -7.985865626733084 -8.039482608110786 -8.016005349992739 -8.046462333497233 -8.160676021639086 -8.513152153654636 -8.868483627873731 -9.264107153187313 -9.966204075014865 -10.803136600898771 -11.447809418410559 -11.875476228452829 -12.351049335465706 -12.767929297183468 -13.19274076502219 -13.504290325453576 -13.800294133887876 -13.85581467673461 -13.536650870427101
-2.3157905309798 -1.340215278101479 -0.7894514930618808 -2.4055751802690892 -3.872586552402213 -4.382106505612809 -4.785661537047353 -4.953492206566908 -4.921448921838222 -4.826588108631517 -4.838326737690541 -5.368468606815638 -5.79328007465436 -6.100070731413169 -6.449691521225172 -6.6597178033082445 -6.889096960326464 -7.097219680940507 -7.355786780483866 -7.641003740593658 -7.804075506440636 -7.816765916234175 -7.735864553800363 -7.771080440977434 -7.953505081759559 -8.09912753414042 -8.220003687423882 -8.511248592185604 -8.900844172847256 -9.403701660916244 -9.776799708846294 -10.272042951039158 -10.804088381633287 -11.320588060230328 -11.786643359898054 -12.145781957055211 -12.536646578696217 -12.89895777830176 -13.236839939054738 -13.53855443189613 -13.638174148775413 -13.56583881295224 -13.352005407931106
-2.45538503870873 -1.3811418496856427 -1.1695292663783778 -3.4154145395899658 -4.454441841435982 -4.8735426248676115 -4.98870809374398 -5.110853288006793 -5.207300402437691 -5.2631382055292635 -5.29930587344085 -5.621642282196744 -5.903686639858151 -6.152735932056356 -6.434145769228087 -6.583575344547009 -6.7955051880991135 -7.034719412707326 -7.258387885318453 -7.411624583575438 -7.472221290339588 -7.378312257867398 -7.5531226527734 -7.719049760823924 -7.9671472722876135 -8.197795470285188 -8.842151027552138 -9.232698388948304 -9.699705469350544 -10.128324060127328 -10.450660468883221 -10.836448926606812 -11.29520724064325 -11.556946942634996 -11.879283351390889 -12.174335379090675 -12.555047672896848 -12.92624215935787 -13.263172539376333 -13.50333854471906 -13.569645935890302 -13.452576905544904 -13.284746236025349
-2.368455731622987 -1.3706722616059728 -1.8646464628194837 -3.904629837130899 -4.642894426870038 -4.805966192717016 -4.922400702572737 -5.06580233323973 -5.163518488649981 -5.397022028851101 -5.507111333810053 -5.748546380132135 -5.9661869080913315 -6.2307819522866215 -6.411620291844555 -6.561049867163478 -6.7269769752140025 -6.966191199822215 -7.094998859226637 -7.1663824143152945 -7.124504061996616 -7.147981320114663 -7.406548419658023 -7.716194418620377 -7.965243710818583 -8.630221184000034 -9.275845782246336 -9.740632040934708 -10.180037480035999 -10.487779917529323 -10.72001441675109 -11.07058698729761 -11.448761199145075 -11.711452681871336 -11.95828115235567 -12.253333180055456 -12.578524931014897 -12.955430101883008 -13.341218559606597 -13.507145667657122 -13.56583881295224 -13.477005944397467 -13.307906233898558
-1.5971960764206465 -0.767877796412864 -1.5305714250045659 -2.88907979340293 -3.3021526321826284 -3.580389866905974 -4.728871953221265 -4.8735426248676115 -5.107997945803247 -5.354826416287583 -5.5756395466951645 -5.85387678141851 -6.042329366852566 -6.283764413174648 -6.443663576573241 -6.61276328707215 -6.778690395122674 -6.8548328538839085 -6.957307912966737 -6.920505724565474 -6.881165454205503 -7.105785707551146 -7.385291983253845 -7.687006476095237 -8.2951943654506 -8.96239266034592 -9.555034797704199 -9.976990923339374 -10.33041883608944 -10.6137322347302 -10.822806736078757 -11.169254923442375 -11.564878448755959 -11.86659294159735 -12.11469045306104 -12.48778850099109 -12.785695870894422 -13.116598306260956 -13.509366489370992 -13.674341816687 -13.656575242976045 -13.562983470748694 -13.360888694786583
-0.5432575430672211 0.5972930371271081 0.3882185357785506 0.027810897642039478 -0.6987150630380761 -2.950628280901595 -4.245684600332263 -4.771067565784783 -5.015992474800089 -5.3706894285295075 -5.615614337544812 -5.959524442949723 -6.098167169944138 -6.3364296138178355 -6.46047836954968 -6.614666848541181 -6.713334784685948 -6.782497518060736 -6.797408749568144 -6.7279287559485175 -6.788525462712666 -7.223171998141382 -7.46333800348411 -7.897032758178311 -8.592149954619416 -9.249513181924744 -9.825657786551421 -10.139110908451837 -10.451612249617737 -10.701613322550457 -10.95161439548318 -11.272999023504557 -11.597238993729484 -11.923382525423438 -12.357711800607316 -12.779667926242492 -13.173387890087042 -13.493503477129067 -13.751436056182751 -13.90974891835715 -13.886271660239103 -13.686080445746024 -13.478909505866497
-0.40778741852119094 0.7213417928589534 1.5827033575954212 1.5874622612679987 0.5414552340355359 -2.228861223894057 -4.189846797240691 -4.786613317781868 -5.003302065006549 -5.436045038966234 -5.739663093276658 -6.0639030635015825 -6.129258673938309 -6.3177112593723646 -6.481734805953859 -6.566760551570571 -6.640999448862774 -6.657496981594376 -6.5813545228331405 -6.503308502602875 -6.772027929981066 -7.406548419658023 -7.966195491553098 -8.419243121182445 -8.906554857254347 -9.419247412913329 -9.818678061164974 -10.178133918566969 -10.464302659411278 -10.693681816429496 -10.95542151842124 -11.232706972410071 -11.6146883071956 -12.048383061889798 -12.523956168902679 -12.984935304652986 -13.367551159928192 -13.761271123772744 -13.979863432466454 -13.979863432466454 -13.84312426694107 -13.624531958247358 -13.470977999745536
0.20960101793448782 0.8853653394404466 1.8539608669323204 1.7575137525014233 0.5817472851300227 -2.175244242516354 -4.171445703040059 -4.853872489687626 -5.105777124089378 -5.541375440252609 -5.838331029421425 -6.199690448292451 -6.298358384437218 -6.352927146549436 -6.498549598930298 -6.551214799573485 -6.547407676635423 -6.5131435701928675 -6.397026320581984 -6.332305230634935 -6.64607561278019 -7.5188585463308435 -8.255219574600952 -8.724130216472222 -9.10008360660582 -9.368485773739172 -9.619438627406408 -10.029656123982562 -10.47001334381837 -10.7720450969046 -10.978898776539289 -11.226044507268462 -11.480804483873762 -11.844067464213818 -12.435123300347904 -13.041407628234236 -13.361840475521099 -13.58043278421481 -13.894837686849742 -13.969076584141947 -14.001437129115471 -14.042363700699635 -13.97891165173194
0.5991965985961389 1.4107483048929668 1.9586567477290187 2.053200300690885 0.024003774703977854 -2.7015789887033894 -4.377347601940231 -4.917324538655322 -5.219039031496715 -5.625449405134805 -6.012189643592911 -6.267901400932724 -6.416379195517132 -6.524882199251891 -6.668283829918884 -6.6597178033082445 -6.490618092809336 -6.333574271614289 -6.206352913434059 -6.218091542493083 -6.623550135396658 -7.656549492590743 -8.401793807716329 -8.842151027552138 -9.174322503898024 -9.396087415040121 -9.665441362907988 -10.162588166569883 -10.591206757346669 -10.684164009084341 -11.016970005919905 -11.356755728141916 -11.58930748760852 -11.972240603128565 -12.616596160395513 -13.256192813989886 -13.623580177512844 -13.823771392005924 -14.002388909849987 -14.1245341041128 -14.327580660809426 -14.549345571951523 -14.746364183996219
0.6588415246257728 0.7486261739150626 1.2505318812495352 1.1626507934292762 -1.5464344372464898 -3.6819131452542875 -4.430964583317935 -4.845306463076987 -5.20349327949963 -5.57849488889871 -6.10387785435123 -6.356734269487498 -6.534717266841884 -6.630212600538266 -6.691761088036931 -6.626405477600205 -6.471265217874189 -6.3081934520272105 -6.199690448292451 -6.424310701638094 -6.993475580878323 -7.844050297290284 -8.397034904043752 -8.863724724201154 -9.157507710921585 -9.420199193647845 -9.835492854141412 -10.3177284262959 -10.4760412884703 -10.45732293402483 -10.85770536301099 -11.296476281622606 -11.566782010224989 -12.091213194942993 -12.758094229593475 -13.360888694786583 -13.739697427123726 -14.015079319643526 -14.207339028015644 -14.38532202537003 -14.674346108417884 -15.084563604994036 -15.477966308593748
0.3717210030469502 0.2759084091057291 0.24069252192865864 -0.3011879762554628 -2.765031037671085 -3.993462705685673 -4.690800723840648 -4.906537690330813 -5.273925053853771 -5.688901454102501 -6.178116751643435 -6.447787959756141 -6.6108597256031185 -6.665428487715337 -6.652738077921798 -6.5813545228331405 -6.4446153573077565 -6.291378659050771 -6.506163844806421 -6.8929040832645265 -7.595001005092079 -8.137198763521038 -8.569624477235884 -8.826605275555051 -9.08739319681228 -9.341201392683065 -9.764109299052755 -10.046470916959 -10.274898293242705 -10.385304858446496 -10.837400707341327 -11.298379843091636 -11.461451608938614 -11.979854849004688 -12.859934768186626 -13.564887032217724 -13.812984543681415 -13.912604260560697 -14.037604797027058 -14.061082055145105 -14.033480413844158 -13.678148939625062 -13.44274183795491
-0.20347182084521087 -0.7180679379732231 -1.0911659859032734 -1.734887022680546 -3.4262013879144737 -4.5794423779023425 -4.816753041041524 -5.032807267776528 -5.467136542960405 -5.914473488182659 -6.267901400932724 -6.5220268570483455 -6.615618629275696 -6.605783561685703 -6.59404493262668 -6.603880000216672 -6.469996176894835 -6.5813545228331405 -6.808195597892652 -7.3227917150206645 -7.966195491553098 -8.280600394188031 -8.517911057327211 -8.786630484705404 -9.015057860989108 -9.269817837594406 -9.585491781208692 -9.869439700339129 -10.170202412446006 -10.26125610271465 -10.71144839014045 -11.216209439678469 -11.425283941027027 -11.94178361962407 -12.82186353880601 -13.548389499486124 -13.765078246710805 -13.575673880542233 -13.354860750134652 -13.023006534033604 -12.188929350353245 -11.5141168095818 -9.643867666258972
-1.4534771855088158 -2.0921220583686724 -2.6460584458566556 -3.1850836018372304 -4.37354047900217 -4.692704285309679 -4.9319185099178915 -5.2434680703492775 -5.679066386512508 -6.07278635035706 -6.329449888431389 -6.519806035334476 -6.538524389779946 -6.517902473865445 -6.448739740490657 -6.458574808080649 -6.575643838426048 -6.687002184364354 -6.856736415352939 -7.390050886926422 -8.021081513910154 -8.247605328724829 -8.486819553333042 -8.78948582690895 -9.01886498392717 -9.279652905184399 -9.595009588553847 -9.846279702465921 -10.124516937189266 -10.205418299623078 -10.594062099550214 -11.031563977182476 -11.45827900649023 -11.976047726066625 -12.40847343978147 -13.131192277523525 -13.074719953942276 -12.828526003947616 -12.090261414208477 -11.390068053849955 -10.31963198776493 -8.723178435737708 -6.8548328538839085
-2.731718711963045 -3.441747139911559 -3.970302707812464 -4.4046319829963405 -4.776778250191876 -5.0093300096584805 -5.187947527502544 -5.500448868668445 -5.846262535542387 -6.231733733021137 -6.314855917168819 -6.439856453635179 -6.42716604384164 -6.342140298224928 -6.2495003067320924 -6.401785224254562 -6.517902473865445 -6.501404941133844 -6.626405477600205 -7.226979121079443 -7.912578510175395 -8.196843689550672 -8.447796543217908 -8.757125281935425 -9.144817301128045 -9.405605222385274 -9.60484465614384 -9.848183263934953 -10.072803517280594 -10.241585967534665 -10.53663799523445 -10.71144839014045 -11.233976013389425 -11.608977622788506 -12.042355117237868 -12.02078142058885 -11.889118418980882 -11.476045580201184 -10.58454429220506 -9.81487093822691 -8.71619871035126 -7.097219680940507 -6.129258673938309
-3.6517734219946316 -4.2777278850609495 -4.660661000580993 -4.995687819130426 -5.138137669062902 -5.237757385942185 -5.450639010228804 -5.733000628135049 -6.050260872973528 -6.237761677673069 -6.303117288109795 -6.323739204024296 -6.276784687788202 -6.143852645200879 -6.214284419555021 -6.380211527605545 -6.31866304010688 -6.226023048614045 -6.5813545228331405 -7.221268436672352 -7.796461260564513 -8.055028360107872 -8.2621992999874 -8.60579214514747 -9.042342242045217 -9.338346050479517 -9.534730142034535 -9.732700534813745 -9.937016132489726 -10.210494463540494 -10.389111981384557 -10.515064298585433 -10.805040162367803 -11.063924522156 -10.91830206977514 -10.810116326285218 -10.557894431638626 -10.061064888221571 -9.312013450157924 -8.632124745469063 -7.687006476095237 -7.226979121079443 -6.256162771873701
-4.10672461309301 -4.5892774454923355 -4.903682348127267 -5.177160679178035 -5.358950799470484 -5.465232981491374 -5.619421460482874 -5.865615410477534 -6.06866196717416 -6.202545790495997 -6.252355648935638 -6.184144696295366 -6.185096477029881 -6.158763876708288 -6.272977564850139 -6.330401669165904 -6.220312364206952 -6.286619755378194 -6.844046005559401 -7.358959382932251 -7.741575238207456 -7.903695223319918 -8.027743979051763 -8.415435998244384 -8.813914865761513 -9.055032651838756 -9.187012913691563 -9.40655700311979 -9.801228747698858 -10.146090633838282 -10.368490065470056 -10.444632524231292 -10.456371153290315 -10.235875283127573 -9.937967913224242 -9.650847391645417 -9.446849054214276 -8.959537318142374 -8.244432726276443 -7.8110552318270825 -7.091191736288575 -6.33547783308332 -4.0432725641253136
-4.342131714763161 -4.850065366749565 -5.054063704180706 -5.259331082591202 -5.567708040574202 -5.6927085770405625 -5.754257064539227 -5.881161162474619 -6.041377586118051 -6.13528661859024 -6.173357847970857 -6.119423606348316 -6.126403331734762 -6.216187981024052 -6.272025784115624 -6.2307819522866215 -6.191758942171489 -6.372597281729422 -6.8275484728278 -7.239669530872983 -7.63021689226915 -7.919240975317003 -8.031551101989825 -8.1410058864591 -8.442720379300493 -8.80598335964055 -9.078509909956804 -9.305985505505992 -9.619438627406408 -9.970011197952928 -10.128324060127328 -10.067727353363178 -9.975087361870344 -9.74443916387277 -9.21049017180961 -8.647035976976472 -8.371654084456674 -7.991576311140177 -7.417335267982531 -6.902739150854519 -5.804066922978869 -3.9379421628389393 -1.1714328278474087
-4.489657728613053 -5.01789603626912 -5.19080286970609 -5.448735448759773 -5.733952408869565 -5.861808287539471 -5.8890926685955804 -5.8881408878610655 -5.963331565887785 -6.0921392252922075 -6.173357847970857 -6.286619755378194 -6.235858116204038 -6.266949620198209 -6.1908071614369735 -6.1898553807024586 -6.407495908661654 -6.719997249827555 -7.01504927752734 -7.404644858188991 -7.656549492590743 -7.913530290909911 -8.103886437812998 -8.087388905081397 -8.329458471893156 -8.708584464475138 -8.983966356994937 -9.117532920071936 -9.30217838256793 -9.536633703503565 -9.533778361300019 -9.402749880181728 -9.200655104219617 -8.922417869496272 -8.38910339792279 -7.7913850966470966 -7.330405960896788 -6.84626682727327 -6.2593353743220845 -5.073733839360692 -3.720301634879743 -2.1206754804041354 0.13536212064228348
