static/data/ASCData/20210119/ASCU/03.asc
ncols 97
nrows 97
xllcorner 99.0
yllcorner 2.0
cellsize 0.25
NODATA_value -32767
[rows 19 to 37 of 97, columns 43 to 85 of 97]
-2.097714272888323 -2.540063422124204 -3.0712253075244984 -3.382927149893038 -3.9699827650029826 -4.61738989194666 -5.143751088905635 -5.219876291332275 -4.9260055774600655 -4.8673685972125185 -5.227763136628728 -6.019533823129232 -6.9416089101798395 -7.593816725564837 -7.79681726536921 -7.903461130029954 -7.97650017560146 -8.029307748455976 -8.134922894165008 -8.183615591212678 -8.181901059626494 -8.167156087985298 -8.138694863654617 -8.27757192213565 -8.32249264969371 -8.323178462328185 -8.278257734770122 -8.162355399543976 -8.03719459375243 -8.123264079378945 -8.463084239760928 -9.011734347340315 -9.467799749265684 -10.102519342471586 -10.901491061634069 -11.48648923884059 -11.990218618861917 -12.474745245117962 -12.880060512092236 -13.35670029305183 -13.663258540661811 -13.755157433681358 -13.657429133268781
-2.2873414663204485 -2.9882419787531163 -3.5848989707456997 -4.0625674706570045 -4.5752124149264946 -5.040193381100026 -5.19655866176015 -5.1838711280223775 -4.946237050177055 -4.837878653930126 -5.170840687967367 -6.090858337114552 -6.936465315421284 -7.394588155250072 -7.568441658089291 -7.584901161316672 -7.804704110665664 -7.8468815876858296 -7.89077359629218 -7.9123766942781195 -7.866427247768345 -7.8537397140305725 -8.016620214718202 -8.20727612710204 -8.33209402657635 -8.37495731623099 -8.330036588672929 -8.405475978465095 -8.594760265579982 -9.006933658898998 -9.567585487581685 -10.134752536291876 -10.662142452202563 -11.237539252526444 -11.681602933348511 -12.090004357177918 -12.417136983822129 -12.704149571349596 -13.056657265469351 -13.367330388886177 -13.65845785222049 -13.757900684219255 -13.545984580166717
-2.5126309167452345 -3.0928284055104367 -3.6006726613386073 -4.225790877661872 -4.733635133490043 -5.078255982313346 -5.247994609345718 -5.166039999526047 -4.93972183014955 -4.8505661876679 -5.051852195886087 -5.936550494357849 -6.492401634599217 -6.854510705601612 -7.154553733184089 -7.338008612905948 -7.559526093841125 -7.612333666695641 -7.567412939137579 -7.5509534359101975 -7.513919553648589 -7.682629461729251 -7.916148663767727 -8.082115321310493 -8.267627638935771 -8.450396706023156 -8.706204818682046 -9.063513201243122 -9.495232254644652 -10.087088558195916 -10.544868491707469 -10.891546778434193 -11.306806328608342 -11.63771092474216 -11.953184736600308 -12.235396635686456 -12.479545933559283 -12.787132900120977 -13.099863461441227 -13.400592301658179 -13.585075900331748 -13.588162057186882 -13.43762618391979
-2.725575739749484 -3.2022155207090774 -3.7148604649785675 -4.388671378349502 -4.676026872194207 -4.989443246148932 -5.184556940656852 -5.098830361347573 -5.13003483621615 -5.12523414777483 -5.3282346875792035 -5.943408620702592 -6.259911151512451 -6.451252876530763 -6.747181028306395 -6.955325162869325 -7.157296983721987 -7.2824577895135345 -7.232393467196916 -7.199474460742152 -7.256054003086277 -7.495059706200547 -7.737494472487189 -7.98953061565647 -8.585158888697343 -8.946239240748028 -9.452368964990011 -9.822364881288863 -10.263685311573031 -10.816450294959264 -11.166214738541125 -11.328066520277044 -11.603763199335685 -11.800934331747028 -12.028281220075236 -12.159271433259814 -12.415079545918704 -12.768615958990171 -13.127981779454672 -13.47671750408482 -13.671831198592738 -13.619366532055459 -13.426996088085438
-3.0372775821180236 -3.541006962139349 -4.127033858297582 -4.458967173383112 -4.573497883340309 -4.784385268441136 -4.979498962949055 -5.314518434889719 -5.345722909758297 -5.476713122942876 -5.691372477533311 -5.998273631460531 -6.1436659099690685 -6.303803160118802 -6.415247713220865 -6.623048941466559 -6.780442941078395 -6.905260840552706 -6.833936326567385 -6.815419385436581 -7.161068953211595 -7.473799514531846 -7.746067130418117 -8.43085104594064 -9.027508037933224 -9.472600437707001 -9.979758880900699 -10.342896670854806 -10.801705323318068 -11.172044145934155 -11.336982084525207 -11.48443180093717 -11.69360465445181 -11.891804505814864 -12.070458697095402 -12.201448910279982 -12.487432778855737 -12.857428695154585 -13.247998990487662 -13.528496357987624 -13.741441180991874 -13.755157433681358 -13.562444083394098
-3.158323512102726 -3.4563091017817813 -3.9494083859687557 -3.962095919706529 -3.903458939458982 -4.181898869055521 -4.933549516439282 -5.2695977073316564 -5.550780887466093 -5.678684943795537 -5.814475845421436 -6.022619979984366 -6.1299496572795835 -6.2297353955955845 -6.309632567511834 -6.364497578269772 -6.521548671564371 -6.506803699923175 -6.384729050986762 -6.600760030846146 -7.2032464302317605 -7.659311832157126 -8.154468554247524 -8.930808456472356 -9.504147818892818 -9.949240218666596 -10.240367682000908 -10.5839598118725 -11.02630896110838 -11.286231949574116 -11.379845374179848 -11.58421753925317 -11.799905612795317 -11.884946379470122 -12.06462928970237 -12.323180652899158 -12.623223680481633 -13.027510228504195 -13.429739338623335 -13.62416722049678 -13.789105159087832 -13.831282636108 -13.668059229103132
-2.7307193345080414 -2.636763003585071 -2.739291992438969 -2.887770427802641 -3.0088163577873432 -3.9082596279003017 -4.727805726097012 -5.226734417677017 -5.5380933537283195 -5.768526398911662 -5.8858003594067565 -6.089143805528367 -6.148466598410388 -6.22081983134742 -6.134064533086429 -6.1368077836243256 -6.218762393443997 -6.228706676643874 -6.237279334574802 -6.537322362157279 -7.35069614664372 -8.028279029504265 -8.624250208862374 -9.273714773709475 -9.802819221206345 -10.146754257395173 -10.441653690219095 -10.657341763761242 -11.008820738929288 -11.251941317850402 -11.462828702951231 -11.663085992217706 -11.738525382009872 -11.783446109567935 -11.969987146144927 -12.226823977755526 -12.702092133446172 -13.134839905799414 -13.594677277214387 -13.88374730264528 -14.026396330615917 -13.941355563941112 -13.768530780053606
-2.695399983832618 -1.9797544997587546 -1.963980809165847 -2.457080093352822 -3.0578519611522506 -4.004959209361169 -4.8673685972125185 -5.337150251827369 -5.623134120403124 -5.90328858158585 -5.975641814522881 -6.134750345720903 -6.098745182411006 -6.056910611708078 -6.014733134687912 -5.994158755653685 -6.056910611708078 -6.085028929721521 -6.092915775017975 -6.698488331258725 -7.607532978254322 -8.329350776038453 -9.026479318981512 -9.560727361236943 -9.934838153342636 -10.255112653642104 -10.480745010384126 -10.642596792120045 -10.811649606517944 -11.09077534874896 -11.341782772966528 -11.425794820689621 -11.532438685350364 -11.836939495056924 -12.117436862556886 -12.563557981282376 -13.112550995179 -13.525410201132491 -13.969816788271793 -14.274660504295593 -14.194420426062106 -14.033254456960663 -13.785333189598227
-2.216016952335128 -1.5850693286188324 -1.0275036567912799 -1.329261215959943 -2.7461501187837114 -4.0440505295262 -4.965096897625097 -5.49523006407368 -5.790129496897601 -5.9962161935571086 -6.032221356867005 -6.130978376231296 -6.121034093031419 -5.9269491174752105 -5.824420128621313 -5.832306973917766 -5.901574049999663 -5.935521775406138 -6.098745182411006 -6.899431433159675 -7.608561697206033 -8.320435211790288 -9.095746395063411 -9.498318411499785 -9.822364881288863 -10.128923128898844 -10.317521603379259 -10.411135027984992 -10.565442870741695 -10.651512356368212 -10.683745550188501 -10.824337140255718 -11.175816115423764 -11.80882117704348 -12.506978438938251 -13.107407400420445 -13.621081063641647 -14.004107419995506 -14.278432473785198 -14.493434734692872 -14.483490451492997 -14.330211327688005 -14.02365308007802
-1.5058579693370584 -1.1506070246794051 -0.11434413398883692 -0.32420280013795244 -2.6134453740129473 -4.317346864364183 -5.177013001677635 -5.668054847961187 -5.998959444095005 -6.114518873003913 -6.098745182411006 -5.983528659819335 -6.026391949473974 -5.889915235213602 -5.615247275106671 -5.441393772267452 -5.564497140155577 -5.896430455241107 -6.416276432172577 -7.150438857377244 -7.732693784045869 -8.504918810463858 -9.225707889296277 -9.562441892823127 -9.8772298920468 -10.214992614525361 -10.42793743752961 -10.487260230411632 -10.553784055955632 -10.393646805805899 -10.271572156869485 -10.449197629198313 -10.96698616822636 -11.77453054531977 -12.64654131005376 -13.303892720197311 -13.841912731942351 -14.272603066392168 -14.479718482003388 -14.608651257284542 -14.665230799628667 -14.645685139546153 -14.62819691736706
-0.8234743980351951 -0.8759390645724743 -0.27173813360067367 -0.5165732441079753 -3.0060731072494464 -4.645508209960104 -5.259996330449018 -5.67011228586461 -5.9444373396543035 -5.9924442240674995 -6.024677417887789 -6.017819291543047 -6.057596424342552 -5.988329348260654 -5.70817488707793 -5.416018704791906 -5.567583297010712 -6.186529199623708 -6.7873010674231375 -7.2443951883002144 -7.874999905699273 -8.565613228614827 -9.159184063752278 -9.555926672795621 -9.781216123220407 -10.06274220967208 -10.271572156869485 -10.336038544510064 -10.303805350689775 -10.105605499326721 -9.903290772156822 -10.187560109146393 -10.921036721716586 -11.869172688877214 -12.6894045997084 -13.358414824638015 -13.96295866192705 -14.376160774197778 -14.639855732153123 -14.750271566303471 -14.960130232452588 -15.184733870242901 -15.363388061523438
-1.0665949769563112 -1.2442204492851379 -1.0734531033010537 -1.3566937213389125 -3.4875135766503584 -4.738435821931362 -5.334064094972235 -5.592958364486258 -5.847737758193436 -5.925920398523499 -5.956096154440365 -5.9924442240674995 -6.057596424342552 -6.009932446246593 -5.894715923654921 -5.659139283713022 -5.8789422330620145 -6.465997848171959 -7.2032464302317605 -7.762869539962736 -8.185673029116101 -8.367413377251774 -8.883830291010872 -9.328236878150175 -9.571357457071292 -9.88580254997773 -10.122065002554102 -10.003076510472823 -9.898490083715501 -9.725665299827995 -9.609420058284613 -10.002047791521111 -10.97761626406071 -11.831110087663895 -12.371187537312355 -13.018594664256032 -13.598792153021233 -14.01576623478157 -14.427939628100582 -14.464973510362192 -14.526353741147634 -14.067545088684373 -13.644741599531006
-1.817559811705598 -2.0586229527232915 -1.9608946523107131 -2.3487216971058924 -3.8184181727841766 -5.006931468328025 -5.374184134088978 -5.63204968465129 -5.757896303077311 -5.85562460348989 -5.884771640455045 -5.911175426882303 -6.023648698936078 -6.011989884150015 -5.929692368013107 -6.076113365473356 -6.295916314822349 -6.5966451550393 -7.283143602148009 -7.979586332456594 -8.253911386246287 -8.210019377639938 -8.69351728494427 -9.181815880689927 -9.51683535263059 -9.830251726585315 -9.933809434390925 -9.832309164488738 -9.629994437318839 -9.373157605708238 -9.435566555445394 -10.164242479574266 -11.084260128721453 -11.507749430509293 -12.046112348571567 -12.514865284234705 -13.048770420172897 -13.357386105686302 -13.56930220973884 -13.320352223424695 -12.560814730744479 -11.790304235912677 -10.059656052816948
-2.797928972686516 -3.070539494890024 -3.09008515497254 -3.511859925174194 -4.590986105519402 -5.062482291720438 -5.42973495748139 -5.542208229535165 -5.668054847961187 -5.815504564373147 -5.820305252814467 -5.864197261420818 -5.9444373396543035 -5.889915235213602 -5.883742921503334 -6.032221356867005 -6.299002471677483 -6.599731311894434 -7.042080461130316 -7.74812456832154 -8.090002166606945 -8.20727612710204 -8.739466731454046 -9.204104791310339 -9.538095544299292 -9.513749195775457 -9.617306903581065 -9.752069086255252 -9.59398927400894 -9.358412634067042 -9.513749195775457 -10.206077050277196 -10.80856344966281 -11.231709845133413 -11.618165264659645 -12.088975638226206 -12.354728034084971 -12.524466661117344 -12.176759655438907 -11.491289927281912 -10.316492884427547 -8.514863093663735 -6.789015599009323
-3.5509512453392253 -3.9356921332792707 -4.1105743550702005 -4.457252641796926 -4.872169285653838 -5.246280077759533 -5.385842948875039 -5.498316220928814 -5.663254159519868 -5.826134660207498 -5.799045061145765 -5.8652259803725295 -5.8408796318486935 -5.736293205091373 -5.755838865173889 -6.051767016949521 -6.31957685071171 -6.524634828419506 -6.891544587863221 -7.50191783254529 -7.9943313040977895 -8.352668405610578 -8.841995720307944 -9.230508577737599 -9.220907200854958 -9.196560852331123 -9.416020895362877 -9.627936999415416 -9.662227631139128 -9.633766406808448 -9.66325635009084 -9.767842776848159 -10.282202252703836 -10.475601415625569 -10.861371022517327 -11.28931810642925 -11.532438685350364 -11.314693173904796 -10.654255606906109 -9.771614746337768 -8.269685076839195 -6.468741098709856 -5.78430008950457
-3.912374503707147 -4.205216498627645 -4.439421513300596 -4.73157769558662 -5.027505847362252 -5.275427114724688 -5.397501763661102 -5.487343218777227 -5.645765937340775 -5.837107662359085 -5.8408796318486935 -5.857682041393312 -5.699259322829764 -5.719833701863991 -5.9475234965094375 -6.191672794382265 -6.452281595482473 -6.678942671176209 -7.072256217047181 -7.619191793040384 -8.057768972786658 -8.408219229002992 -8.755926234681427 -8.871142757273098 -8.90063270055549 -9.026479318981512 -9.305605061212527 -9.506891069430715 -9.527465448464941 -9.723607861924572 -9.547011108547457 -9.320350032853721 -9.423907740659331 -9.643710690008323 -9.831280445537026 -10.245168370442228 -10.234538274607877 -9.95815578291476 -9.309719937019372 -8.436680453333672 -7.1034606919157595 -6.223905988202554 -5.488371937728937
-3.974783453444302 -4.338949962350121 -4.584127979174659 -4.86839731616423 -5.080313420216768 -5.253138204104275 -5.347780347661719 -5.461968151301679 -5.6485091878786715 -5.811732594883539 -5.889915235213602 -5.816533283324858 -5.5861002381415155 -5.866254699324241 -6.095659025555872 -6.340837042380411 -6.655282135286847 -7.079114343391924 -7.5334652137311044 -7.756011413617994 -7.96106939132579 -8.143495552095935 -8.437709172285382 -8.588930858186952 -8.675000343813467 -8.75215426519182 -8.88177285310745 -9.112548804608029 -9.23736670408234 -9.305605061212527 -9.207190948165472 -9.342981849791371 -9.239424141985761 -8.9044046700451 -8.87800088361784 -9.058712512801801 -9.036080695864152 -8.720949790323242 -8.078343351820884 -7.417905784822196 -6.206074859706224 -4.865311159309096 -2.3946711436156662
-4.074226285443066 -4.6300774256844335 -4.716832723945424 -4.852623625571322 -5.035392692658705 -5.175984282725924 -5.30491705800708 -5.530549414749103 -5.767840586277188 -5.82236269071789 -5.750009457780858 -5.684514351188568 -5.573412704403743 -5.849795196096859 -6.169040977444615 -6.54315176955031 -6.913147685849159 -7.258797253624174 -7.553696686448094 -7.622277949895517 -7.587987318171806 -7.758068851521417 -8.122235360427235 -8.381129629941258 -8.578300762352601 -8.663341529027406 -8.655454683730952 -8.694546003895983 -8.846796408749263 -8.808733807535944 -8.649625276337922 -8.825193310763325 -8.520692501056764 -8.026564497918079 -7.833165334996345 -7.9638126418636865 -7.98953061565647 -7.613362385647353 -6.996131014620541 -5.962954280785108 -4.222704720806738 -1.8837407309323617 1.2469939454425187
-4.143493361524964 -4.563553600140432 -4.582070541271237 -4.792957926372064 -4.953095176521797 -5.166039999526047 -5.368354726695946 -5.5898722076311245 -5.76166827256692 -5.750009457780858 -5.616275994058382 -5.687600508043703 -5.778470682111538 -5.972898563984984 -6.236593521940327 -6.559611272777691 -6.769469938926807 -7.037279772688995 -7.480657640876588 -7.602732289813002 -7.3681843688228135 -7.6641125205984455 -8.169899338523194 -8.34889643612097 -8.456226113416186 -8.449367987071444 -8.29986083275606 -8.080057883407068 -8.21790622293639 -8.307747678052515 -7.90037497317482 -7.855454245616757 -7.686744337536096 -7.394588155250072 -7.143580731032502 -7.007789829406604 -6.768784126292333 -6.232478646133481 -5.361496600351204 -3.7148604649785675 -2.0695959548748792 -0.7854117968218755 1.5106889033978614
