static/data/ASCData/20210119/ASCU/06.asc
ncols 97
nrows 97
xllcorner 99.0
yllcorner 2.0
cellsize 0.25
NODATA_value -32767
[rows 57 to 75 of 97, columns 0 to 42 of 97]
-1.885559299272185 -2.3631268689985063 -2.9716648771632856 -4.242267942245954 -4.12002886637006 -3.125792407615501 -2.318331182807961 -2.2625263872994004 -2.6736596766583878 -3.1778009585316425 -3.382798166522273 -3.03012704388654 -2.1239634596761037 -0.9718032258769109 1.0390675347274794 1.916000035576288 0.3732062332171715 -0.7383341834431372 -0.7774355027450537 -1.5066940889487603 -1.1483285994243986 -0.7402323057393467 -0.6130581118933072 -0.4509584677970122 -0.5371332200449257 -0.33289526097277866 -0.20420256928977176 0.20996771574315076 0.20237522655831253 0.5060747939518393 0.745238203274242 0.8018022477012865 0.6161658871319928 0.0478680716468558 -0.3085992955812964 -0.17686960822435438 0.34853064336644746 -0.21786904982248023 -1.5401010413620482 -1.8806241813020403 -1.545036159332193 -1.458102158165796 -1.603498326055447
-1.7712923370403706 -2.601531029402425 -3.7263583021362003 -4.919897601992761 -4.654160480523425 -3.661062895146592 -3.0840337170988907 -3.029367794968056 -3.1759028362354327 -3.462898927422316 -3.4591026828298967 -2.991025724584623 -2.0799270224040423 -0.9452295137299773 1.0383082858089954 2.1240342392408547 0.9992069665070789 -0.5321981020747808 -1.2364014739685214 -1.7724312104180964 -1.7139690436948425 -1.29182664501784 -0.7675652668047641 -0.592558391094244 -0.3154325358476511 -0.05842677694087861 0.3056330794721118 0.6632393200779898 0.6552672064339098 1.0128734470397878 1.226602017592982 1.0470396483715594 0.8465979338918315 0.6564060798116351 0.5402409952836114 0.5702313275637221 0.42293703737786137 -0.5291611064008457 -2.2139344565164363 -2.5536983475379444 -2.6873261571910962 -2.60456802507636 -2.1357318179126032
-2.130796699942458 -3.3152250127772134 -4.692502550906858 -5.316225537441314 -5.05276616272743 -4.320090956390546 -3.7536912632016177 -3.5809621342465494 -3.6591647728503824 -3.7331915424025546 -3.6007026061271286 -3.2597998417278946 -2.7567974332323657 -1.6319701604985901 -0.6980939907634949 0.3671322418693008 0.48633432207126015 -1.1494674728021241 -2.4083021796482935 -1.8145695253939482 -1.820263892282577 -1.5860356009303191 -1.058737227043308 -0.5955953867681796 -0.3142936624699253 0.1454315576720262 0.6271749964500084 1.0049013333957073 1.165102855195793 1.5166351044538002 1.5644677863182812 1.391738657363212 1.3420078532025226 1.165102855195793 1.3302394949660235 1.2998695382266705 0.45026999844327875 -1.5222586917776786 -3.603359977341822 -4.428663551733731 -4.527365911136627 -3.36229844572321 -2.8653700285755512
-3.0320251661827493 -4.278332265873935 -5.7774692554202325 -6.0917983076725335 -5.315466288522829 -4.582791082185946 -4.331859314627044 -4.145463705139267 -4.095732900978577 -4.098769896652513 -4.111297503807496 -4.11015863042977 -3.7423025294243604 -3.2890309250895218 -2.355534379813668 -1.8164676476901578 -1.450130044521716 -2.3836265897975695 -3.0487286423893933 -1.641460771979638 -1.8251990102527218 -1.6456366410312988 -1.2090685129031038 -0.7451674237094914 -0.3135344135514413 0.1496074267236871 0.8348295756553323 1.3173322633517985 1.5899026250874888 1.9581383505521401 1.9600364728483495 1.91030566868766 1.8605748645269697 1.7599743828278642 1.879935711948307 1.5663659086144905 0.4054743122527338 -2.3817284675013597 -5.347734367558392 -6.2147966324669115 -5.3982244206375665 -4.232397706305664 -3.3983627693511913
-4.088899660712223 -5.414168647925726 -6.603532078730626 -5.876930863741613 -5.221699047090079 -4.948369436435904 -4.717557765216824 -4.580133710971253 -4.438533787674021 -4.470801866709583 -4.927869715636842 -4.99316512262645 -4.992026249248724 -4.598735309474106 -4.234295828601875 -3.865300854218739 -3.258660968350169 -3.4815005259251692 -2.2412674175818537 -1.2489290811235043 -1.9637619378760185 -1.9394659724845362 -1.52453643853313 -0.9395351468413486 -0.4881616648027194 0.19630123521044185 0.919106205607036 1.5705417776661514 1.907268673013724 2.251967682005377 2.279300643070795 2.2394400748503944 2.2948652458997127 2.186672275015769 1.9178981578724974 1.5967358653538435 -0.050834287756040375 -3.2567628460539595 -6.068261591199535 -6.309702747277389 -5.42290001048829 -4.464727875361713 -3.6758682490570265
-4.8770000380984255 -6.4812930028547315 -6.429664076397832 -5.736469813822106 -5.5124913828693805 -5.346595494180667 -4.995063244922659 -4.826130360560009 -4.585068828941398 -4.727428001157113 -5.345836245262182 -5.5937310171471495 -5.679526144935821 -5.5603240647338605 -5.238402523296722 -4.856500317299362 -4.250999304808518 -3.495167006457878 -1.6570253748085562 -2.2139344565164363 -3.6132302132821117 -3.141736634903661 -1.9375678501883267 -1.2538641990936492 -0.6707610296980775 0.1192374699843346 0.9737721277378708 1.688604984490385 1.9930638008023953 2.0887291645313564 2.209829367029526 2.4432984094632992 2.582240961545838 2.6308328923288027 2.3897713607101903 1.239129624747965 -1.1122642757964172 -4.254795549400937 -5.64156369901163 -5.881865981711758 -5.394428176045147 -4.641632873368442 -4.056631581676661
-5.234226654245061 -6.522292444452858 -6.244027715828539 -5.8875603486003865 -5.701923988031093 -5.397465171719082 -4.947230563058179 -4.544069387343272 -4.288202501814225 -4.5615321124684 -5.022396205988077 -5.48060292829306 -5.786959866901281 -5.858329265238759 -5.768358268398427 -5.409233529955582 -4.819297120293655 -4.3064244758578365 -3.956031099977555 -4.791964159228238 -5.24979125707398 -3.948058986333475 -2.3904598300639237 -1.2880304004254208 -0.569401299080488 0.06836779244591895 0.8515330518619764 1.5470050611931532 1.9953415475578469 2.1016363961455813 2.185533401638043 2.645638246239237 3.2891017046542723 3.518774502495627 2.5799632147903866 0.2900684766431936 -2.800833870504427 -4.952165681028323 -5.8397276667359055 -5.805561465404134 -5.297623938938461 -4.70882640265426 -4.284026632762564
-5.237263649918997 -6.148362352099578 -5.968799982878155 -5.64156369901163 -5.222458296008563 -4.646567991338587 -4.080927547068143 -3.616267208956047 -3.4970651287540875 -3.8865598239362855 -4.27719339249621 -4.8435930856851375 -5.555768571222958 -5.979429467736928 -6.1179923953602255 -5.926661667902303 -5.732293944770445 -5.5994253840357775 -5.750895543273299 -5.741025307333009 -5.299901685693912 -4.072196184505579 -2.609503143046505 -1.2364014739685214 -0.3055622999073613 0.09000638662270743 0.5888329260665754 1.2091392924678543 1.8165384272549083 2.173765043401544 2.2557639265977967 2.495306960379441 2.8084971392540155 2.6581658533942196 1.0341324167573345 -1.8718928187394765 -4.513699430603919 -5.570194300674151 -6.01169754677249 -5.5937310171471495 -5.083136119466782 -4.760834953570401 -4.488264591834711
-4.820435993671381 -5.768358268398427 -5.646498816981774 -5.061497525289993 -4.255934422778663 -3.5293332077896498 -2.845629556694972 -2.500930547703319 -2.868027399790245 -3.531231330085859 -3.95299410430362 -4.228601461713246 -5.094524853244039 -6.0830669451099695 -6.460793282055668 -6.579995362257628 -6.522292444452858 -6.363229796030498 -6.202269025311929 -5.786959866901281 -4.934702955903195 -3.7305341711878612 -2.2002679759837274 -0.8544992679711612 -0.1700363679579997 0.09266375783740077 0.30259608379817626 0.7930708851387225 1.2713977037835273 1.5390329475490727 1.6024302322424715 1.4171734961324205 1.263805214598689 0.15719991590852533 -1.719663410583471 -3.8269587838353063 -5.54210209069025 -6.17683418654272 -6.162028832632286 -5.6111937422722775 -4.9999983628928035 -4.67883607037415 -4.413858197823297
-4.539893518291611 -5.238402523296722 -5.24979125707398 -4.616957283517718 -3.8007646961476143 -2.9952015936362844 -2.351358510762007 -2.4462646255724843 -2.833861198458473 -3.4940281330801524 -3.9795678164505537 -4.231258832927939 -4.828028482856219 -5.823024190529262 -6.574300995368999 -6.783094447952049 -6.720836036636376 -6.515459204186503 -6.093696429968743 -5.233467405326578 -4.269600903311371 -2.87903650910826 -1.2432347142348756 -0.22166529441489935 0.16896827414502447 -0.2638036093907514 -0.21862829874096423 -0.1446015291887921 0.11620047431039948 0.1864309992701525 -0.06260264599253951 -0.3769316982448401 -1.2861322781292113 -2.4861251937928848 -3.8330327751831765 -5.3894930580750025 -6.224666868407201 -6.414099473568914 -6.171899068572576 -5.463899452086416 -4.895601636601279 -4.618096156895444 -4.337933305974915
-4.06839993991316 -4.098769896652513 -4.085103416119804 -3.6739701267608167 -3.780264975348551 -3.027469672671846 -2.859296037227681 -2.937498675831514 -3.1523661197624344 -3.612091339904386 -4.027400498315034 -4.282128510466355 -4.778297678695529 -5.3731692063276 -6.115335024145532 -6.396257123984544 -6.320332232136162 -5.903124951429305 -5.334827135944167 -4.44233003226644 -3.387733284492418 -1.960724942202083 -0.052732410052250156 0.9415040487023085 -0.23533177494760826 -0.9786364661432654 -1.6748677243929257 -1.9804654140826623 -1.695367445191989 -1.7059969300507623 -1.9686970558461632 -2.601531029402425 -3.5057964913166515 -4.344766546241269 -5.515528378543316 -6.0887613119985975 -6.523431317830584 -6.463830277729604 -5.878069737119338 -5.2490320081554955 -4.94533244076197 -4.662891843085989 -4.137491591495188
-3.565397531417631 -2.9363598024537882 -2.938257924749998 -2.9686278814893505 -3.1014964422240188 -3.703960459040928 -3.552869924262648 -3.510731609286796 -3.6394243009698033 -3.78595934223718 -4.114334499481431 -4.370960633928961 -4.5193937974925475 -5.094524853244039 -5.204995570883435 -5.471491941271255 -5.242198767889142 -4.771464438429175 -4.211897985506601 -3.62689669381482 -2.6952982708351763 -1.4812592501795525 0.3994003209048631 0.15719991590852533 -1.0477281177252926 -2.721492358522868 -3.705099332418653 -3.95299410430362 -3.461000805126106 -3.4666951720147345 -3.7635614991419075 -4.390701105809541 -4.890666518631134 -5.712933097349108 -6.032197267571553 -6.320332232136162 -6.360192800356563 -6.06332647322939 -5.527296736779816 -5.162857255907583 -4.856500317299362 -4.4571353861768745 -3.9317351345860727
-3.2635960863203137 -2.59849403372849 -2.591660793462135 -2.638734226408132 -3.2020969239231243 -3.805699814117759 -4.12610285771793 -4.085103416119804 -4.0733350578833045 -4.071057311127854 -4.318192834094336 -4.433598669703876 -4.5049680680413555 -4.4324597963261505 -4.542930513965546 -4.37285875622517 -4.108260508133561 -3.788996337911115 -3.457963809452171 -3.213865282159624 -2.941294920423933 -1.8327914994375598 -1.5723691203976105 -1.8145695253939482 -3.2313280072847514 -4.926730842259115 -5.485158421803963 -5.275226095843188 -4.747168473037693 -4.801834395168528 -5.105533962562054 -5.475667810322916 -5.976392472062993 -6.010558673394765 -6.206065269904348 -6.059530228636971 -5.924763545606093 -5.553490824467507 -5.2577633707180595 -4.935462204821679 -4.651503109308732 -4.251758553727002 -3.78595934223718
-3.2146245310781074 -2.8964992342333877 -2.892702989640969 -2.864231155197826 -3.4386029620308336 -4.091936656386158 -4.4962367054787915 -4.49395895872334 -4.474598111302003 -4.488264591834711 -4.503069945745145 -4.5106624349299835 -4.397534346075895 -4.2528974271047275 -4.074094306801789 -3.852393622604514 -3.695229096478364 -3.4784635302512337 -3.570332649387776 -3.7157288172774265 -3.79393145588126 -3.9336332568822825 -3.9666605848363288 -4.754760962222531 -6.157093714662142 -6.5898655981979175 -6.551523527814485 -5.924763545606093 -5.680665018313546 -5.744062303006945 -5.937291152761077 -6.2364352266437 -6.191259915993913 -6.140390238455497 -5.930457912494722 -5.644600694685565 -5.508695138276961 -5.186393972380581 -4.985193008982369 -4.7540017133040475 -4.460931630769293 -4.0733350578833045 -3.620063453548466
-3.4169643678540447 -3.4336678440606887 -3.5691937760100503 -3.6542296548802375 -3.8622638585448037 -4.389562232431815 -4.769566316132965 -4.739196359393613 -4.715659642920614 -4.831065478530155 -4.694400673203067 -4.568365352734753 -4.398293594994379 -4.180768779848765 -4.0008267861681 -3.959827344569974 -3.9454016151187816 -4.011835895486115 -4.237332824275809 -4.611262916629089 -4.921036475370487 -5.345836245262182 -5.917930305339739 -6.629726166418318 -7.04769269604366 -7.112228854114783 -6.802834919832629 -6.381831394533352 -6.300591760255584 -6.244027715828539 -6.378035149940932 -6.300591760255584 -6.11913126873795 -5.875032741445404 -5.5937310171471495 -5.3055960525825405 -5.192467963728451 -4.916101357400342 -4.793103032605964 -4.572161597327173 -4.241129068868228 -3.8592268628708686 -3.5069353646943773
-3.848597378012095 -3.9472997374149914 -4.452200268206729 -4.87396304242449 -4.800695521790802 -4.870926046750554 -5.175764487521807 -5.1795607321142265 -5.0447940490833485 -4.908129243756262 -4.573300470704899 -4.562291361386883 -4.410061953230878 -4.254795549400937 -4.142426709465332 -4.116232621777641 -4.296933864376789 -4.595698313800171 -4.860296561891781 -5.352669485528537 -5.727358826800301 -6.171899068572576 -6.668827485720234 -6.990369402698131 -7.090590259937995 -7.037063211184885 -6.817260649283821 -6.6141615635894 -6.4334603209902514 -6.384868390207287 -6.341591201853709 -6.11913126873795 -5.861366260912694 -5.63169346307134 -5.366335966061246 -5.154125893345019 -4.990128126952515 -4.793103032605964 -4.662132594167505 -4.38652523675788 -4.005002655219761 -3.6287948161110295 -3.3425579738426308
-4.916860606318826 -4.302628231265418 -4.680734192670359 -5.070228887852557 -5.0390996821947205 -5.3230587777076686 -5.800626347433989 -5.695090747764739 -5.470732692352771 -5.426696255080709 -4.895601636601279 -4.577096715297317 -4.254036300482453 -4.089658909630707 -4.153435818783348 -4.341729550567335 -4.637836628776023 -5.009868598833093 -5.382659817808648 -5.658267175218274 -6.124066386708096 -6.559495641458565 -6.906092772746427 -7.078062652783012 -7.104256740470704 -6.94443484312986 -6.669966359097961 -6.468765395699748 -6.274397672567892 -6.245166589206264 -6.0830669451099695 -5.836690671061971 -5.658267175218274 -5.535268850423895 -5.370132210653665 -5.1347650459236815 -4.832963600826364 -4.669725083352343 -4.346664668537479 -4.011835895486115 -3.702062336744718 -3.4256957304166087 -3.1846341987979967
-5.592592143769423 -4.75855720681495 -3.959827344569974 -4.209999863210392 -4.572161597327173 -5.163996129285309 -6.27819391716031 -6.750826368916487 -6.469524644618232 -5.91413406074732 -5.2634577376066884 -4.647327240257071 -4.404367586342249 -4.189500142411329 -4.203925871862522 -4.521291919788757 -4.934702955903195 -5.214865806823724 -5.634730458745276 -5.888699221978112 -6.211759636792976 -6.592902593871853 -6.889768920999026 -7.029091097540806 -6.919759253279136 -6.706030682725942 -6.448265674900686 -6.146464229803368 -5.936531903842592 -5.876930863741613 -5.791894984871425 -5.676868773721127 -5.507935889358478 -5.35722497903944 -5.2186620514161435 -5.070228887852557 -4.827269233937736 -4.604429676362735 -4.085862665038288 -3.746858022935263 -3.454167564859752 -3.2100690375672043 -3.0525248869818125
-5.652193183870403 -5.37696545092002 -4.38272899216546 -3.991336174687053 -4.29503574208058 -4.598735309474106 -5.4893342908556235 -6.88673192532509 -7.0009988875569045 -6.596698838464272 -6.158232588039867 -5.204995570883435 -4.500792198989694 -4.343627672863544 -4.329201943412351 -4.573300470704899 -4.946091689680452 -5.273327973546978 -5.54210209069025 -5.805561465404134 -6.122927513330369 -6.434599194367976 -6.718558289880924 -6.797899801862483 -6.680595843956734 -6.4942002344689564 -6.211759636792976 -5.838968417817422 -5.773293386368572 -5.6992666168163995 -5.5937310171471495 -5.509834011654688 -5.457066211820062 -5.331030891351748 -5.081997246089056 -4.940397322791824 -4.722492883186969 -4.348562790833689 -3.855430618278449 -3.483398648221379 -3.2214577713444617 -3.054802633737264 -2.8953603608556624
