static/data/ASCData/20210119/ASCU/09.asc
ncols 97
nrows 97
xllcorner 99.0
yllcorner 2.0
cellsize 0.25
NODATA_value -32767
[rows 0 to 18 of 97, columns 43 to 85 of 97]
-0.8720268231000836 -1.003637891783991 -0.8111430323238715 -0.42068470944169745 -0.07907924861947846 0.08315600225126607 -0.12173435952257305 -0.38276905530561356 -0.8661936455406858 -1.3055048304828145 -1.337587307059501 -0.877860000659481 -0.8815057366341046 -0.7673942006283898 -0.4706312922940392 -0.3404785179999812 -0.7116144402166507 -1.2479022020837633 -1.2322255373928828 -0.9872320798981851 -0.7488009471578101 -0.7167184705811236 -0.9361917762534566 -1.2752452218934396 -0.8552564376168155 -0.9099424772361675 -1.1647794218623484 -1.4090437321621208 -1.4801355836672787 -1.2398815829395917 -1.4586257414170003 -1.3992002450306376 -1.7779922127940164 -2.406881668416565 -2.841453396591683 -2.9059829233425187 -2.651145978716338 -2.3933924453104582 -2.0153296247420043 -2.286936954851453 -3.573152606698614 -4.481305437977321 -4.575000852525144
-1.3736800932082733 -1.4247203968530018 -0.6893754507714474 0.45611479245524755 0.9074569061136328 0.5530913693802315 -0.3776650249411406 -0.7360408712466282 -0.8308300065868384 -0.923796273939737 -0.9431186746052411 -0.7761439669674863 -0.9175985227828769 -0.8698393815153094 -0.7761439669674863 -0.9646285168555195 -1.3700343572336497 -1.3543576925427687 -0.9803051815464006 -0.8260905498198277 -0.2624597681430392 -0.019289178635653492 -0.5614101180621636 -1.0506678858566336 -0.7440614903907998 -1.012387658123087 -1.0302517643987423 -0.7498946679501972 -0.662761578156696 -1.489979070798762 -1.3310249823051787 -1.3649303268691768 -1.7313267923188358 -2.268343701380873 -2.5312012651512257 -2.4305789522516177 -2.160065342934556 -1.9657476154871252 -1.7098169500685574 -2.0543389996704757 -3.209672730028654 -3.7302838272048855 -5.035092732522626
-1.5946116932704557 -1.518415811400825 -0.5475563213585946 0.5315815271299531 0.5986630690630248 -0.13668187701852919 -0.3386556500126696 0.21987110129964638 0.15169583857418756 -0.4236012982213966 -0.9919715366651958 -1.0692611393272133 -1.213632283922303 -1.2304026694055707 -1.1374364020526722 -1.1600399650953377 -0.8348403161589242 -0.9755657247793903 -1.012387658123087 -1.0058253333687648 -0.4345385061452669 0.03831344976339768 -0.31021890941060626 -1.0466575762845478 -0.8476003920701061 -0.9813989023387877 -0.5125572560022094 -0.11116172519616496 -0.5038074896631128 -1.5399256536511037 -1.2252986390410978 -1.366024047661564 -1.7655967104802965 -2.2275114584650906 -2.4334955410313164 -2.4353184090186284 -2.1257954247730955 -2.051422410890777 -2.555627696181203 -3.097384062010251 -3.066030732628489 -2.8483802949434676 -4.849524771414291
-1.1100933822429964 -1.4002939658230247 -0.623752203228225 -0.3182395285547779 -0.26719922491004944 -0.6160961576815156 0.016803607513118823 0.4856452538496976 0.2249751316641193 -0.445111140471675 -0.9569724713088106 -0.6649490197414702 -0.8279134178071397 -1.5399256536511037 -1.4323764423997112 -0.8260905498198277 -0.23511674833336293 -0.5016200480783386 -0.8104138851289466 -0.9861383591057984 -0.8942658125452865 -0.5074532256377364 -0.35834262427563646 -0.9208796851600378 -0.7302076936872304 -0.6988543643054688 -0.266470077715125 0.015709886720732147 -0.41485153188230006 -1.1932161624644113 -1.1159265598023937 -1.3160774648092226 -1.9781431178008448 -2.481254682298884 -2.5702106400796967 -2.7703615450865255 -2.597553659889373 -2.8629632388419615 -3.2829520231185856 -3.1170710362732175 -2.697082251996594 -2.491827316625292 -5.390551990048415
-0.3659986698223454 -0.779060555747185 -1.4159706305139057 -1.1549359347308648 -0.7488009471578101 -0.662761578156696 -0.02803894497474957 -0.005799955529546708 -0.24386651467245946 -0.3951645576193332 -0.7017709530851675 -0.36782153780965743 -0.5183904335616067 -1.125770046933877 -1.1443633004044567 -0.5377128342271109 0.11049902206094231 -0.1764203991419251 -0.6109921273170431 -0.932546040278833 -0.8610896151762133 -0.6901045979663722 -0.5085469464301235 -0.662761578156696 -0.8523398488371168 -0.8308300065868384 -0.4950577233240163 -0.21652349486278322 -0.6197418936561392 -1.3572742813224679 -1.2595685572025586 -1.282172120245224 -1.9548104075632546 -2.606303426228469 -2.7134880638823993 -3.2556090033089093 -3.394511543942064 -3.643515311008847 -3.4069070462557836 -3.193996065337773 -2.528284676371527 -2.482348403091271 -5.367948427005749
-0.1414213337855399 -0.5103698144174351 -1.1483736099765425 -1.598257429245079 -1.203059649595895 -0.7692170686157014 -0.39443541042440877 -0.4265178870010953 -0.3240727061141757 -0.4764644698534366 -0.7535404039248208 -0.7411449016111007 -0.8173407834807316 -0.6317728223723966 -0.6510952230379012 -0.22746070278665353 0.30882705908045915 -0.09074560373827323 -0.5067240784428115 -0.8260905498198277 -0.8964532541300607 -0.724374516127833 -0.5085469464301235 -0.5143801239895209 -0.9175985227828769 -0.9704616944149174 -0.6335956903597086 -0.7517175359375088 -1.132696945285662 -1.7779922127940164 -1.7047129197040845 -1.6835676510512685 -2.2789163357072812 -2.93259679595727 -3.8006465315151186 -4.58375061886424 -4.6052604611145185 -4.243968026029333 -4.007724334873732 -2.9832725260045363 -2.356205938369299 -2.324852608987537 -4.389432891416809
0.013887018733420131 -0.3619883602502596 -1.1199368693744796 -1.5946116932704557 -1.352170250957995 -0.962805648868208 -0.7644776118486911 -0.7418740488060256 -0.6062526705500324 -0.35834262427563646 -0.7528112567298959 -1.1902995736847126 -1.2781618106731383 -0.8290071385995263 -0.15308768890433466 0.2989835719489755 0.3099207798728463 -0.24313736747753456 -0.5347962454474122 -0.83885062573101 -0.8942658125452865 -0.724374516127833 -0.5632329860494756 -0.5876594170794527 -0.9547850297240363 -0.9657222376479067 -1.0233248660469574 -1.2088928271552923 -1.5643520846810808 -2.0525161316831637 -2.1268891455654826 -2.356205938369299 -2.941346562296366 -4.258550969927827 -5.438311131315983 -6.24875823847478 -5.536016855435891 -4.91296057737274 -3.700024218615511 -2.604115984643695 -1.9500709507962442 -1.7958563190696712 -3.1287373913920127
3.322202985112099e-05 -0.669688476508481 -1.3612845908945537 -1.3554514133351558 -0.9948881254448945 -0.8541627168244283 -1.171706320214133 -1.1921224416720242 -1.0134813789154742 -0.6882817299790607 -0.5504729101382932 -1.012387658123087 -1.3025882417031154 -0.8629124831635249 -0.12465094830227175 0.25304729866872 0.20127784782906666 -0.5486500421509817 -0.8191636514680432 -0.996710993432206 -0.8505169808498052 -0.6882817299790607 -0.7597381550816804 -0.8279134178071397 -1.1089996614506092 -1.087854392797793 -1.0944167175521153 -1.4480531070905922 -1.9960072240764999 -2.3631328367210838 -2.462661428828304 -2.7802050322180087 -4.071889288027105 -5.48607027258355 -6.383650469535849 -6.742026315841336 -5.665805056132487 -4.793745011002552 -3.548726175668637 -2.299697030762635 -1.5475816991978129 -1.0513970330515585 -1.4695629493408706
-0.6044298025627208 -1.1932161624644113 -1.2945676225589438 -1.058323931403343 -0.8074972963492479 -0.80932016433656 -1.2799846786604498 -1.3875338899118423 -1.3189940535889213 -1.2001430608161958 -1.0047316125763777 -1.002908744589066 -0.8720268231000836 -0.499797180091027 -0.10423482684438046 0.07440623591217 -0.16183745524343118 -0.823173961040129 -0.9850446383134113 -0.7313014144796175 -0.5377128342271109 -0.6911983187587594 -1.086760672005406 -1.3200877743813084 -1.6492977328898077 -1.3583680021148545 -1.4626360509890861 -1.963560173902351 -2.604115984643695 -2.7838507681926323 -2.876817035545531 -3.901997991609651 -5.568099332012578 -6.750776082180432 -7.071236274349836 -6.430315890011029 -5.6373683155304235 -4.579740309292155 -3.3456586818821092 -2.1473052670233743 -1.1764457769811436 -0.32516642690656283 -0.39917486719141904
-1.346337073398597 -1.3310249823051787 -1.018220835682485 -0.8034869867771621 -0.9948881254448945 -1.3386810278518881 -1.6168506827156588 -1.2489959228761505 -1.211809415934991 -1.4422199295311944 -1.5370090648714048 -1.461542330196699 -1.0047316125763777 -0.6317728223723966 -0.3036565846562844 -0.1414213337855399 -0.3065731734359831 -0.9117653452234795 -0.7732273781877872 -0.4411008308995892 -0.4491214500437608 -0.7859874540989695 -1.2613914251898701 -1.9460606412241583 -2.01460047754708 -1.8640315817951303 -2.2508441687026806 -2.829787041472888 -3.1921731973504612 -3.8990814028299523 -4.274227634618708 -5.996837882628299 -7.479194129910201 -7.828820209876593 -7.052643020879255 -6.189332742088418 -5.436488263328671 -4.183448808850583 -3.1119670059087445 -2.177564875612749 -1.1501964779638545 -0.11225544598855208 0.43970898056944163
-1.3700343572336497 -0.9146819340031782 -0.5289630678880148 -0.5318796566677135 -0.9919715366651958 -1.797679187056983 -1.9901740465171023 -1.5679978206557044 -1.3992002450306376 -1.5417485216384152 -1.6004448708298533 -1.491072791591149 -1.2194654614817004 -0.934368908266145 -0.7870811748913566 -0.7987475300101519 -0.8621833359686 -0.8691102343203849 -0.5807325187276682 -0.39042510085232296 -0.7214579273481343 -1.2252986390410978 -1.6266941698471422 -2.045589233331379 -2.590626761537588 -3.0915508844508532 -3.500602460803607 -4.090482541497685 -4.865930583300097 -6.874731105317631 -7.7292916177693725 -8.24479868458113 -7.983034841603166 -7.605336594632174 -6.9002512571399945 -6.06537771895122 -5.021238935819057 -3.7966362219430327 -2.876817035545531 -2.011683888767381 -0.8505169808498052 -0.24787682424454527 0.9417268242750936
-0.7965600884253776 -0.4695375715016521 -0.321156117334477 -0.40500804475081686 -0.8435900824980203 -1.6288816114319162 -2.0211628023014017 -1.9333005653129762 -1.7685132992599952 -1.7069003612888587 -1.6394542457583243 -1.61393409393596 -1.4254495440479267 -1.3200877743813084 -1.2194654614817004 -1.1199368693744796 -0.8424963617056336 -0.6824485524196628 -0.5614101180621636 -0.5114635352098222 -0.8348403161589242 -1.346337073398597 -1.742993147437631 -2.2789163357072812 -2.9187429992537006 -3.416750533387267 -4.239957716457247 -5.157954034867437 -6.965509931085755 -8.700151107811603 -8.8270227197285 -8.436199823248863 -8.044647779574301 -7.326073218976016 -6.594374008869085 -5.601275529381652 -4.697862154869955 -3.5232060238462726 -2.7441122460692364 -1.9205404894017941 -0.9052030204691572 -0.26537635692273787 1.018651853339649
-0.598596625003323 -0.4626106731498676 -0.2624597681430392 -0.06704831990322102 -0.3474054163517657 -1.0809274944460086 -1.9548104075632546 -1.964653894694738 -1.9070512662956873 -1.8261159276590462 -1.897207779164204 -1.8749687897190006 -1.8261159276590462 -2.058349309242561 -1.8808019672783982 -1.3248272311483187 -0.9704616944149174 -1.3776904027803591 -1.3631074588818652 -1.2245694918461734 -1.452063416662678 -1.9599144379277276 -2.398131902077469 -3.106133828349347 -3.8309061401044935 -4.464535052494053 -5.500653216482044 -7.252793925886085 -8.776346989681233 -9.012590680836833 -8.703067696591301 -8.322088287243147 -7.7066880547267065 -6.981186595776636 -6.254591416034177 -5.310345798606699 -4.510471325774309 -3.52903920140567 -2.697082251996594 -1.8268450748539709 -0.8570793056041275 0.30591047030076046 1.0762544817387
-0.7644776118486911 -0.7488009471578101 -0.3532385939111635 -0.09840164928498263 0.03721972897101056 -0.6580221213896857 -1.5497691407825869 -1.9041346775159884 -1.7448160154249428 -1.8355948411930672 -1.979236838593232 -2.0262668326658746 -2.183398053172146 -2.496931346989765 -2.199074717863027 -1.865854449782442 -1.8202827500996486 -2.1520447237903846 -2.327040050572311 -2.521357778019742 -3.559298809995045 -4.503544427422524 -5.077747843425721 -5.713564197400054 -6.395316824654644 -6.952749855174573 -8.194122954533864 -8.966654407556579 -8.98233107224746 -8.819002100584328 -8.491979583660601 -8.061418165057571 -7.378571817010594 -6.739109727061637 -6.113136860218787 -5.305606341839688 -4.491148925108805 -3.545809586888938 -2.7645283675271277 -1.7517429137767273 -0.5504729101382932 1.3157793352714622 1.903471974380766
-0.8661936455406858 -0.8552564376168155 -0.6346894111520953 -0.4491214500437608 -0.18225357670132247 -0.4706312922940392 -1.257745689215247 -1.658047499228904 -1.5475816991978129 -1.7459097362173297 -2.0164233455343914 -2.150221855803073 -2.400319343662243 -2.5953662183045987 -2.6540625674960365 -2.5184411892400433 -2.7506745708235587 -3.0926446052432404 -3.543622145304164 -5.136444192617159 -6.5065117718806595 -7.461694597232009 -8.099333819193655 -8.443126721600649 -8.621767784357198 -9.05852695411709 -8.863115505877271 -9.107379816177044 -8.837595354054908 -8.631611271488682 -8.290734957861387 -7.83465338743599 -7.220346875711936 -6.713589575239273 -6.114959728206099 -5.475497638257142 -4.575000852525144 -3.7867927348115495 -2.845463706163769 -1.7418994266452439 -0.16475404402312988 2.1087269097520673 2.4415826042351902
-0.9500455729570256 -1.0437409875048491 -0.9733782831946161 -0.9850446383134113 -0.6569284005972986 -0.8738496910873952 -1.167696010642047 -1.5526857295622858 -1.5778413077871878 -1.8541880946636469 -2.242823549558509 -2.441151586578026 -2.6814055873057128 -3.3456586818821092 -3.4539370403284266 -3.7029408073952097 -4.129856490023618 -4.637342937691205 -5.5611724336607935 -7.1569110697534875 -8.009648714217917 -8.819002100584328 -9.343623507332644 -9.383726603053503 -9.41872566840989 -9.265604757475703 -9.022434167968317 -8.893375114466647 -8.713640330917709 -8.480313228541807 -8.122666529431246 -7.703042318752083 -7.302375935140963 -6.839732039961245 -6.194072198855428 -5.62278537163193 -4.709893083586213 -3.9519445744619928 -3.0066052362421263 -2.3758929126322657 -0.7498946679501972 0.7073060011068044 -0.03022638655952381
-1.2398815829395917 -1.3456079262036726 -1.5027391467099442 -1.6383605249659374 -1.4177934985012173 -1.5096660450617287 -1.7145564068355679 -1.8924683223971934 -1.9343942861053633 -2.3922987245180716 -2.8290578942779634 -3.0623849966538654 -3.6471610469834705 -4.380683125077713 -5.1171217919516545 -5.629712269983715 -6.170739488617838 -6.628643927030546 -7.279043224903374 -7.772311302269929 -8.347608439065514 -8.758482883405577 -9.072016177223198 -9.12670221684255 -9.112119272944055 -8.980143630662685 -8.809523187050306 -8.66697491044253 -8.582758409428727 -8.349431307052825 -8.155113579605395 -7.813143545185712 -7.40117538005326 -6.9870197733360335 -6.396410545447031 -5.678565132043669 -4.9228040645042235 -4.198031752749078 -3.931528453004101 -3.3963344119293755 -3.817052343400924 -4.081732775158589 -5.735074039650333
-1.1159265598023937 -1.8534589474687222 -2.1491281350106854 -2.3485498928225894 -2.2410006815711974 -2.299697030762635 -2.6493231107290263 -2.8600466500622628 -3.141497467303195 -3.8258021097400206 -4.140429124350026 -4.842597873062507 -5.629712269983715 -6.108032829854315 -6.521459289376615 -6.706662676887488 -7.065403096790438 -7.405185689625346 -7.665855811810924 -8.005638404645833 -8.39536758033308 -8.793846522359427 -8.851449150758476 -8.92655131183572 -8.848532561978779 -8.777076136876158 -8.641454758620164 -8.514583146703268 -8.548488491267268 -8.382607504421898 -8.214539075991755 -7.86418384883044 -7.484298160274674 -7.0701425535574485 -6.805462121799785 -6.207925995558997 -5.920642000758668 -6.021264313658275 -6.153969103134569 -6.6764030682981135 -7.719448130637889 -9.364039628790536 -10.471614217881147
-0.5956800362236243 -2.219490839320919 -3.086811427683843 -3.1473306448625924 -3.3248779868267557 -3.8006465315151186 -4.664685957500882 -5.492997170935334 -5.902048747288088 -6.354120008141399 -6.323131252357099 -6.523282157363928 -6.7146832960316605 -6.813118167346493 -6.921761099390273 -7.216701139737312 -7.487943896249298 -7.623929848102754 -7.891526868640117 -8.170790244296274 -8.427450056909766 -8.705984285371 -8.77415954809646 -8.92946790061542 -8.902124880805744 -8.956810920425095 -8.993997427366255 -8.911968367937227 -8.949154874878385 -8.852178297953401 -8.599528794911995 -8.311151079319277 -8.083657154502774 -8.021315069336712 -8.20578930965266 -8.374951458875188 -8.638538169840466 -8.998736884133265 -9.624709750976116 -10.48911375055934 -11.414036967321316 -12.276982672514691 -12.535829926712958
