static/data/ASCData/20210119/ASCU/12.asc
ncols 97
nrows 97
xllcorner 99.0
yllcorner 2.0
cellsize 0.25
NODATA_value -32767
[rows 38 to 56 of 97, columns 43 to 85 of 97]
-3.624029137920762 -4.072419405038092 -4.228630839067512 -3.7246450132240443 -2.9620189793937604 -2.514837311379172 -2.4746513912129964 -2.871374046688101 -3.8186135934622447 -4.979775181421746 -5.9983220752576765 -6.443388694842466 -6.603528075955798 -7.170058905366171 -7.683713524031576 -7.972870859362631 -8.220029375873397 -8.473835187449243 -8.657240101290363 -8.719785104857268 -8.836112768496196 -8.905305067128186 -8.865421296737694 -8.4768566852061 -8.015776127509977 -7.533242935740182 -7.0410409511484495 -6.689640762026174 -6.294126705653813 -5.917043785598269 -5.40157626827875 -4.940495710582627 -4.662215767176252 -4.406294907170606 -4.2521985215709845 -3.9805658732296902 -3.6611935603300827 -3.0937562815926523 -2.293965825353048 -1.4162207269865763 -1.4953839682161858 -1.607481534995518 -0.7539084186838889
-3.209177495904526 -3.603785102949831 -3.6152667944258816 -3.204343099493557 -2.5791952136001908 -2.2773475876903437 -2.3320366970894253 -3.1182304134231806 -4.14161170367008 -5.2021574163262985 -6.045155290488934 -6.331291128063134 -6.423144659871535 -6.899634856127619 -7.390628241616611 -7.716949999356985 -7.95806552035404 -8.18467785211819 -8.435764315712866 -8.50314371569074 -8.673858338953067 -8.854543904813015 -8.80287629317079 -8.423074025134074 -7.985561149941423 -7.481575324097955 -6.963992758348638 -6.498077804241547 -6.0811111137955125 -5.537241517561554 -4.9417043096853694 -4.374267030947939 -3.9101649754949612 -3.6379280276022965 -3.362367432177091 -3.0674692511080113 -2.522693205546996 -1.898451768980686 -0.8176620213535362 -0.21789471661775384 -0.43181675780311135 -1.0850645728352326 -0.4550822905308971
-2.7453775902272337 -3.068375700435068 -3.1964872053257336 -2.93089755249815 -2.3867258064885064 -2.1416823384075396 -2.507887866538405 -3.293175133545104 -4.30386613321321 -5.352628004617694 -5.8390891434714005 -6.025515555069374 -6.221006459937914 -6.6748354230175835 -7.160390112544235 -7.55771706757071 -7.797926139240708 -7.950209626186217 -8.186792900547989 -8.242388459274126 -8.480482482514326 -8.682620682447947 -8.63095307080572 -8.255985199179975 -7.771639108756067 -7.266746833585541 -6.794184584413369 -6.356671709220718 -5.859635328218017 -5.289176551723732 -4.658287820092339 -3.8427855755170874 -3.3575330357661226 -2.907329869994679 -2.628143477261247 -2.1867026549846837 -1.640718010320927 -0.9297595881328689 0.0661260725266466 0.5087754939059517 0.10419694426302328 -0.7442396258619519 -0.8282372635025297
-2.1779403114898037 -2.4816008360537634 -2.8429719677736607 -2.7335937489754976 -2.2413917643837653 -2.3078647150345826 -2.6719551947356495 -3.2922686842180475 -4.302053234559097 -5.171942438757745 -5.561715649392082 -5.7783570385586085 -6.084132611552368 -6.518623988988163 -6.941633674947909 -7.338054180647328 -7.578263252317326 -7.7314531885898905 -7.965014965194808 -8.026653519434657 -8.301911965084177 -8.403434289714514 -8.323364599157848 -7.947490278205047 -7.461029139351339 -6.964899207675694 -6.492336958503522 -5.965085599932268 -5.402482717605807 -4.793953069375144 -4.194487914415047 -3.3771727711856823 -2.811548391102365 -2.3595323266768085 -1.8476906066655165 -1.4035304364077836 -0.7765696518603038 -0.0441585955985726 0.6483686902726671 0.9638130560883633 0.6278225055260513 -0.9249251917219001 -1.01285077644639
-1.590863297332814 -1.9338032927358935 -2.3556043795928967 -2.3078647150345826 -2.1359414926695144 -2.272513191279375 -2.6767895911466177 -3.2980095299560723 -4.1612514390896385 -5.006062211906388 -5.297938895218612 -5.613383261034308 -5.905562094122218 -6.221006459937914 -6.630117256216125 -7.04496889823236 -7.285177969902359 -7.485503271181868 -7.727827391281664 -7.847780852228821 -8.078321131076882 -8.080134029730996 -7.89854201454399 -7.527502090002157 -7.063702184324864 -6.56545720421942 -5.962970551502469 -5.396741871867781 -4.71781132590239 -4.073325854365149 -3.5001477298896937 -2.855662258352453 -2.273721790382117 -1.751002678446146 -1.2385566588834829 -0.6191496187281413 0.035911094958093415 0.6532030866836358 1.1239524372016954 1.3134003465565245 1.243905898148852 -0.5061456026217521 -1.3361510364299098
-1.030375463436151 -1.4101777314728654 -1.8235186246106738 -1.853733602179227 -1.8428562102545478 -2.0332105689364335 -2.4601482019800907 -3.290153635788249 -4.198415861498959 -4.856498072942049 -5.064679268389381 -5.446294435080208 -5.667165921106333 -5.914324437617099 -6.246387041095499 -6.689640762026174 -7.073370977146801 -7.27158122999651 -7.4571011922674275 -7.622074969791728 -7.710000554516219 -7.6622608899579046 -7.463144187781138 -7.04496889823236 -6.600808727974629 -6.093801404374305 -5.47862446107856 -4.7238543214161 -4.0470388238805075 -3.4472715191447256 -2.8263537301109563 -2.232629420888885 -1.6271212704150777 -1.110445153992817 -0.549050870769098 0.09362170211402976 0.6873460113361007 1.2526682416437325 1.5693212065621704 1.402232380608071 1.4871364675757057 -0.4756284752775133 -1.349747776335759
-0.5901432402623303 -0.8469705495950328 -1.2539662974434451 -1.36455311534435 -1.6183589269201972 -1.8096197349291394 -2.3867258064885064 -3.2804848429663114 -4.113511774531324 -4.690617846090692 -4.995184819981708 -5.407317114016775 -5.575312389297931 -5.573499490643818 -5.809780615229904 -6.2442719926657 -6.707165449015935 -7.034393656083367 -7.192417988766901 -7.335032682890472 -7.326270339395592 -7.21205772418646 -6.93951862651811 -6.551860464313572 -6.101657298542128 -5.570477992886962 -4.916021578752099 -4.162157888416695 -3.4025533523432667 -2.8263537301109563 -2.2051337913015012 -1.7053780623176307 -1.1300848894123767 -0.5762443505807959 -0.001253327451227193 0.6015354750414099 1.1707856524329534 1.720698244180622 2.0213372709877273 1.4158291205139202 0.9372238758280362 -0.6007184824113239 -1.4162207269865763
-0.2988708565014768 -0.550863769423211 -0.7756632025332473 -1.0772086786674087 -1.5246924964576825 -1.776383259603731 -2.283390583204054 -3.095871330022451 -3.913186473251817 -4.497241989651951 -4.861332469353018 -5.142633910516248 -5.235393891651707 -5.242343336492474 -5.369246242280398 -5.749048510317112 -6.276602018664052 -6.702331052604967 -6.887851014875884 -6.972755101843519 -6.93075628302323 -6.762761007742073 -6.439460747758554 -6.0644928761328085 -5.587096230549667 -4.975847234337834 -4.300844635456355 -3.642762424013265 -2.9553716843286786 -2.3957902997590725 -1.7990444927801459 -1.2588006938544138 -0.7052623047985183 -0.14477447090185525 0.4217563585085182 1.0233365618984136 1.6209888182043963 2.0506457992292235 2.0506457992292235 0.9988624300678852 -0.3176041425939795 -1.1690622104758104 -1.8585679985901957
0.07881636310543882 -0.2559655883541314 -0.3420782744245079 -0.6955935119765813 -1.1418687306641124 -1.6651921421514548 -2.2676787948684067 -3.0840874887707157 -3.9319197593443196 -4.589095521460353 -4.994278370654652 -5.048061030726677 -5.034464290820828 -5.075254510538374 -5.098822193041846 -5.375289237794108 -5.85268588337725 -6.326456731652165 -6.6213549127212445 -6.693568709110087 -6.554881962070427 -6.3379384231282145 -6.009803766733727 -5.561715649392082 -5.063772819062325 -4.513860227314655 -3.8899209405240307 -3.221867786483318 -2.587957557095071 -1.9697591160424714 -1.527411844438852 -1.0343034105200628 -0.5342455317605066 0.016573509314219415 0.5622560042022906 1.0710762264567277 1.3961893850943605 1.5182578944713159 1.0242430112254697 -0.010015670946107669 -1.918997953727302 -3.301937477039984 -4.218962046245576
0.21478376216392814 -0.037209150757806064 -0.04597149425268654 -0.3399632259947092 -0.6496667460723802 -1.2989866140205897 -1.979730058640094 -2.7774054664499 -3.7044009782531138 -4.4473872766638385 -4.908467834359961 -4.869188363520841 -4.833232540214263 -4.933848415517545 -4.99035042357074 -5.229653045913682 -5.643598238602861 -6.0149403129203804 -6.298961102064782 -6.30379549847575 -6.155439958614153 -5.930942675279803 -5.596765023371604 -5.145655408273104 -4.602692261366202 -4.065469960197325 -3.5460744957938948 -2.9269696054142385 -2.488550280894531 -1.9464935833146857 -1.4981033161973554 -1.0049948822785661 -0.5430078752553871 -0.14175297314499957 0.2966663513747081 0.5163292382980895 0.6637783288326293 0.4335401997602535 -0.468074730885375 -1.861589496347051 -3.7140697710750508 -4.696358691828717 -4.331059613024908
0.3338307737840278 0.09543460076814281 0.1298796751962934 0.0008617209785715119 -0.33029443317277263 -0.9962325387836861 -1.6866447762251275 -2.612431688925599 -3.6077130500337433 -4.327433815716682 -4.673093159100931 -4.586074023703498 -4.590908420114466 -4.740472559078805 -5.011803057644412 -5.226631548156826 -5.45233743059392 -5.779565637661351 -6.004062920995701 -5.969919996343236 -5.850872984723137 -5.639670291518949 -5.217869204661946 -4.733523114238038 -4.226817940413399 -3.8213329414434147 -3.3330589039355942 -2.9230416583303267 -2.5568361301994615 -2.1691779679949232 -1.749189779792033 -1.4355583126304503 -1.2355351611266276 -0.8838328222286678 -0.7481675729458637 -0.6016249317383804 -0.8185684706805927 -1.2578942445273569 -2.324482952697287 -3.774499726212157 -5.171942438757745 -5.320600128395027 -4.9601354460021865
0.47825836656171283 0.26554492447909794 0.18456878459537496 0.1570731550079918 -0.12815623323915126 -0.8058781801018005 -1.6534083008997191 -2.5831231606841025 -3.5596712356997435 -4.240414680319248 -4.408409955600405 -4.316556423792003 -4.355533744855436 -4.460984016569687 -4.728688717827069 -5.048061030726677 -5.278601309574738 -5.553859755224258 -5.739379717495175 -5.67683471392827 -5.595858574044547 -5.418194505941454 -4.947445155423394 -4.440437831823071 -3.973918578164609 -3.5693400285216805 -3.3566265864390656 -3.044203718380225 -2.926063156087182 -2.7091196171449696 -2.3945817006563304 -2.3897473042453616 -2.232629420888885 -2.05979974919676 -1.9289688963249247 -2.2160111832261804 -2.5275276019579644 -3.2774633452094566 -4.113511774531324 -5.269536816304172 -5.93184912460686 -6.232488151413964 -6.522551936072075
0.5145163396439765 0.4069510194999273 0.30361579621547463 0.2860911092257137 0.008717615146395019 -0.6916655648926691 -1.5431236327745 -2.5831231606841025 -3.558764786372687 -4.093872039111766 -4.195394363742104 -4.060635563786357 -4.14765469918379 -4.220774944899689 -4.403575559189436 -4.7238543214161 -5.13779951410528 -5.415173008184599 -5.48950185300324 -5.428769748090447 -5.412151510427743 -5.276486261144939 -4.821448698962527 -4.2422275789733614 -3.7775212239690124 -3.614360345098825 -3.4064812994271785 -3.3789856698397953 -3.2668881030604626 -3.302843926367041 -3.408294198081292 -3.470839201648197 -3.5596712356997435 -3.3889566124374175 -3.40164690301621 -3.688689189917466 -4.279392001382682 -5.056823374221557 -5.399461219848951 -6.046061739815991 -6.4778337692706165 -6.592952833806804 -6.84011135031757
0.3867069845289963 0.4655680759829206 0.5018260490651842 0.4577121818150962 0.1434764151021426 -0.565669108431802 -1.5413107341203864 -2.582216711357046 -3.43276832991182 -3.960019688483074 -3.9766379261457785 -3.807736201537566 -3.879949997926408 -3.9612282875858162 -4.1271085144371735 -4.505097883819775 -4.919043076508954 -5.219984253091745 -5.274673362490826 -5.241436887165418 -5.267723917650059 -5.158345698851896 -4.818427201205672 -4.220774944899689 -3.908352076840848 -3.744284748643604 -3.7590900876521953 -3.7705717791282454 -3.6204033406125355 -3.828282386284182 -4.340124106295474 -4.549816050621233 -4.679740454166012 -4.665237264933107 -4.677927555511899 -4.975847234337834 -5.597671472698661 -6.112534690466807 -6.208014019583436 -6.518623988988163 -6.277508467991108 -6.268746124496228 -4.497241989651951
0.46466162665586364 0.4628487280017506 0.6637783288326293 0.6562245844404915 0.29485345272059416 -0.6173367200740283 -1.5851224515947888 -2.4951975759596126 -3.3273180581975694 -3.7334073567189248 -3.742471849989491 -3.592001261698096 -3.543052998037039 -3.6533376661622587 -3.9014026320000808 -4.292988741288531 -4.700286638912629 -4.996393419084451 -5.1027501401257584 -5.070420114127407 -5.131152219040198 -5.045945982296878 -4.792140170721031 -4.42019379685214 -4.150676196940645 -4.153395544921815 -4.198415861498959 -4.098706435522733 -3.9669691333238415 -4.362483189696204 -5.083110404706199 -5.2940109481347 -5.422122453025366 -5.436625642258272 -5.507932989320057 -5.814615011640873 -6.0950100034770465 -6.503214350428202 -6.511976693923081 -6.3811458410512465 -5.7424012152520305 -4.492407593240983 -2.6387187194102406
0.6142257656202021 0.5985139772845542 0.8112274193671691 0.790983384396239 0.27340081864692145 -0.7354772823670714 -1.6923856219631528 -2.5459587382747824 -3.194372156895935 -3.5469809451209513 -3.5977421074361207 -3.4620768581533166 -3.392582409745644 -3.603785102949831 -3.816498545032446 -4.118346170942293 -4.504191434492718 -4.755882197638766 -4.866469015539671 -4.951373102507306 -5.0559169248945 -4.946538706096338 -4.816614302551558 -4.563714940302768 -4.565527838956881 -4.574290182451762 -4.354627295528379 -4.097799986195677 -4.308700529624178 -4.833232540214263 -5.394626823437982 -5.704330343515654 -5.853592332704307 -5.868397671712898 -5.9182523847010104 -5.951186710250734 -6.0442488411618776 -6.0176596609015505 -5.783493584745263 -5.212128358923921 -4.281507049812481 -2.8819492888370943 -1.437673361060249
0.5936795808735864 0.665893377262428 0.8290542561326157 0.6344698005911331 0.035004645631036446 -0.940636980057548 -1.7990444927801459 -2.494291126632556 -3.058706907613131 -3.354511538009267 -3.4064812994271785 -3.5098165227116307 -3.5784045217922467 -3.7385439029055787 -3.8313038840410374 -4.019543194293124 -4.306887630970065 -4.553743997705146 -4.660402868522138 -4.713883378818478 -4.816614302551558 -4.818427201205672 -4.80573691062688 -4.853778724960879 -4.973732185908036 -4.903331288173307 -4.56764288738668 -4.290269393307361 -4.532291363631472 -5.1828198306824245 -5.561715649392082 -5.7783570385586085 -5.832139698630634 -5.816427910294986 -5.749048510317112 -5.622145604529188 -5.420007404595568 -5.154417751767984 -4.731710215583925 -3.905330579083993 -2.788282858374579 -1.3370574857569664 0.12202378102846989
0.6365848490209318 0.6435342938616992 0.7547254113139745 0.4335401997602535 -0.28436766726857154 -1.1349192858233454 -1.8449712586843465 -2.467097646820858 -3.0324198771284894 -3.312512719188978 -3.387748013334676 -3.5548368392887753 -3.531269156785304 -3.5811238697734167 -3.7775212239690124 -3.975731476818722 -4.180891174509198 -4.378194978031851 -4.489386095484127 -4.565527838956881 -4.693639343847547 -4.850757227204024 -5.087944801117167 -5.369246242280398 -5.430884796520246 -5.133871567021368 -4.743191907059974 -4.637741635345724 -4.7649466909093325 -5.216056306007832 -5.453243879920976 -5.5849811821198685 -5.5647371471489375 -5.565643596475994 -5.444481536426095 -5.176776835168713 -4.7685724882175595 -4.230745887497311 -3.5460744957938948 -2.8976610771727422 -1.6866447762251275 -0.20037002962799288 1.1493330183592807
0.32899637737306 0.4362595477414235 0.6698213243463407 0.25678258098421747 -0.6173367200740283 -1.3252736445052307 -1.8908980245885476 -2.5000319723705813 -2.9571845829827916 -3.132129303104715 -3.3596480841959213 -3.4620768581533166 -3.430955431257707 -3.465098355910172 -3.67690534866573 -3.9464229485772253 -4.1914664166581925 -4.435603435412102 -4.572477283797649 -4.713883378818478 -4.897590442435281 -5.1985316190180715 -5.530292072720787 -5.6182176574452765 -5.436625642258272 -5.120274827115519 -4.813592804794704 -4.734429563565094 -4.712976929491421 -4.973732185908036 -5.120274827115519 -5.276486261144939 -5.153511302440927 -4.981588080075859 -4.808758408383735 -4.464911963653599 -4.0304205862178035 -3.3937910088483862 -2.564692024367285 -1.8449712586843465 -0.9240187423948436 -0.06742412832635925 -0.08404236598906323
