static/data/ASCData/20210119/ASCU/15.asc
ncols 97
nrows 97
xllcorner 99.0
yllcorner 2.0
cellsize 0.25
NODATA_value -32767
[rows 19 to 37 of 97, columns 43 to 85 of 97]
-4.051001272224386 -2.7863007229782046 -2.41996769467567 -3.1347356837040987 -4.496143533566 -5.437524152395445 -5.978507678824878 -6.130063896207723 -6.039996201305918 -5.8309929605722415 -5.947330399820406 -6.334159602283288 -6.880050663370831 -7.41497194110495 -7.7579220101541315 -8.326329994967127 -8.748089297055387 -9.041964019523457 -9.257029508952446 -9.405410262732985 -9.496055314653391 -9.569379656015759 -9.71112080408238 -10.005861562078353 -10.20707048306091 -10.25499111560482 -10.21111198219112 -10.13201407064274 -10.014810595866674 -9.8505525240746 -9.50384963440451 -9.075162048093032 -8.65744424513498 -8.49895974352892 -8.47673149831277 -8.72759312289504 -9.106628005606805 -9.645590782471132 -10.334089027153201 -11.055785300404846 -11.59763486236218 -12.129958033512592 -12.372159302815845
-4.486328464249778 -3.050730237497607 -2.81054971775946 -4.439562545743072 -5.651434927787232 -6.2842182201742744 -6.359563311101746 -6.453095148115159 -6.492355425380048 -6.373131201038877 -6.498128995566061 -6.979644749079558 -7.5038849219695525 -7.801801143567832 -8.022640203182835 -8.344805419562368 -8.957958573316965 -9.214016411066648 -9.431680007079345 -9.593917329306315 -9.73248301377063 -9.847665738981593 -10.007016276115555 -10.142695175486864 -10.427909542675915 -10.514801773975412 -10.450137787892064 -10.354585201313547 -10.211978017719023 -9.976705032638986 -9.625094608310786 -9.274350219510486 -9.217769231687559 -9.257029508952446 -9.818509209542226 -10.557814871861211 -10.971779854198353 -11.275469645982646 -11.740242045956705 -11.899592583090667 -12.196354090651743 -12.496291061815127 -12.616381321684202
-5.1710738883109375 -3.0998055840787186 -2.6630349995068237 -4.7871314709410635 -5.814538285542104 -6.162107210740096 -6.5830004773004545 -6.7862301478481175 -6.826356460640909 -6.755918904371549 -6.816541391324687 -7.271498721982523 -7.582116797990031 -8.0517967326222 -8.327196030495028 -8.662063101283792 -9.094792186725478 -9.299753928328943 -9.41609136757711 -9.72382265849161 -9.875090197365154 -10.12710653598463 -10.201296912874898 -10.147602710144977 -10.248062831381604 -10.306664568769637 -10.336975812246207 -10.405392618950463 -10.286168394609291 -10.086980223191837 -9.968910712887869 -9.964869213757659 -10.098816042073164 -10.431662363296823 -11.076281474565192 -11.869281339614098 -12.330012240457947 -12.443462894613106 -12.623020927398116 -12.574234259326303 -12.35743669884151 -12.371293267287943 -12.395542262069197
-5.783361006537633 -3.4883668575974043 -2.6289709354093462 -4.681763815046323 -5.399418589167758 -5.844849529018672 -6.666139887979044 -7.071444515037168 -7.376000342349361 -7.358390953282021 -7.4386435788676035 -7.936614007411238 -8.072292906782547 -8.322288495836917 -8.707096948734694 -8.851724881894324 -9.141558105232184 -9.534160877881078 -9.726709443584618 -10.003840812513248 -10.173872454491335 -10.383741730752913 -10.266538255976847 -10.13576689126365 -10.21111198219112 -10.344770131997326 -10.551752623165896 -10.670976847507069 -10.713989945392866 -10.620169429870153 -10.639799568502596 -10.78615957271803 -11.061558870590858 -11.548848194290368 -12.22579929860041 -12.748018721925302 -13.08981407693728 -13.066431117683926 -13.103670645383712 -12.937680502535834 -12.671807595469925 -12.461072283680448 -12.288153856609352
-6.556730732954095 -4.6601129268487735 -3.532245991011104 -4.3174515363088934 -4.833031353919868 -5.50103342444159 -6.323189818929863 -7.393609731416701 -7.699320272766098 -7.911210298592781 -7.987421425048154 -8.470669249617455 -8.6222254670003 -8.785328824755172 -8.925915258784592 -9.070254513434922 -9.492302494032483 -9.885771302209278 -10.084959473626732 -10.285302359081388 -10.502099919566184 -10.752095508620553 -10.633737319807285 -10.711969195827763 -10.788180322283136 -10.862370699173404 -11.070507904379179 -11.353701522003124 -11.457048428332758 -11.402488190074935 -11.371310911070463 -11.563570798264703 -12.01073380917142 -12.499177846908132 -12.930752218312616 -13.45412635567471 -13.385709548970453 -13.325375740526617 -13.222606191215583 -12.98531245657044 -12.752060221055508 -12.540170195228827 -12.367251768157733
-5.4883315700323605 -4.7158278791438 -3.6806267447916423 -3.3526879582260953 -3.191605350036328 -3.9765222168248164 -6.0362433806850095 -7.109550078264855 -7.710001377610222 -7.99434970927137 -8.194403916216725 -8.536199271228705 -8.787060895810976 -8.96402082201228 -9.084977117409256 -9.50875716906262 -9.931671185188083 -10.25499111560482 -10.428775578203815 -10.512781024410309 -10.70706166116965 -11.046836266616523 -11.13690396151833 -11.267675326231528 -11.520557700378903 -11.594748077269173 -11.780368358749495 -12.065582725938546 -12.14670138705203 -12.045086551778198 -11.893530334395354 -12.129958033512592 -12.645537851123567 -13.236462759662015 -13.668037131066498 -13.680738985475724 -13.500026238653515 -13.332015346240532 -13.216832621029567 -12.988487920172748 -12.733584796460267 -12.526313626782395 -12.352529164183398
-3.1924713855642297 -2.585091801995646 -1.8261560010442173 -1.1544011099015865 -1.0937786229484487 -2.778506403227087 -5.112472150922905 -6.805860286480563 -7.372247521728452 -7.802667179095733 -8.252139618076857 -8.494340887380108 -8.707096948734694 -8.962866107975078 -9.326312351184605 -9.764815006812304 -10.038193555120028 -10.32513999336488 -10.612375110119036 -10.73737290464622 -10.823399100417816 -11.034134412207296 -11.20705283927839 -11.554621764476382 -11.854558735639765 -12.117256179103364 -12.327125455364943 -12.486475992498905 -12.511879701317362 -12.418059185794649 -12.29508214083257 -12.535262660570716 -12.98935395570065 -13.56930908088567 -13.834027273914376 -13.820459383977244 -13.634839102496922 -13.394658582758773 -13.201243981527334 -13.061523583025814 -12.804888388257531 -12.507838202187152 -12.338095238718367
-2.5772974822445285 -1.7499448745888437 -1.0498994895347487 -0.2929844381484239 -0.12208676064243473 -1.96789714911084 -4.598624404367734 -6.44039329370593 -7.219825268817706 -7.722703232019452 -8.194403916216725 -8.513682347503254 -8.770606220780838 -9.171869348708753 -9.599690899492327 -9.910308975499834 -10.080051938968623 -10.151355530765883 -10.317345673613762 -10.59274497148659 -10.846782059671169 -11.02749480649338 -11.202145304620277 -11.519691664851003 -11.812700351791168 -12.122163713761474 -12.365231018592628 -12.506972166659251 -12.62994921162133 -12.640630316465455 -12.674983059072233 -12.904482473966258 -13.238483509227116 -13.522543162378966 -13.69257480435705 -13.72173133379642 -13.654469241129366 -13.515614878155748 -13.184789306497194 -12.957021962658978 -12.702118838946497 -12.354549913748503 -12.088965685191898
-1.4904228947275522 -1.529394493483141 -0.4122086624895962 0.2976517918807211 -0.2540128393928356 -2.5273561001355147 -4.9355122247216014 -6.437506508612923 -7.210010199501483 -7.79689360890972 -8.113285255103241 -8.646474461781555 -9.193520236906302 -9.528387307695066 -9.746050903707761 -9.946393789162418 -10.117291466668407 -10.220638372998042 -10.339862597339213 -10.637778818937493 -10.670110811979166 -10.81156328153649 -11.100530469346447 -11.255839507350201 -11.416056080012066 -11.656236599750212 -11.892664298867452 -12.092718505812808 -12.437689324427094 -12.771690359687955 -12.816435528629555 -12.975786065763518 -13.231555225003902 -13.447198071451492 -13.580278864239098 -13.632818352931817 -13.593846754176226 -13.456147105239815 -13.271681537796692 -12.9668370319752 -12.701252803418594 -12.469732638959467 -12.170084346305384
-0.7384153779993392 0.1533125372303923 0.7976429699894609 0.3270969998293882 -1.0556730597207618 -3.179769531155001 -5.068304338999904 -6.203099559060789 -7.048927591311716 -7.923046117474108 -8.530425701042692 -9.094792186725478 -9.3681707350332 -9.643570032906027 -9.748071653272866 -9.839005383702574 -9.985365387918005 -10.148468745672877 -10.209957268153918 -10.266538255976847 -10.157417779461198 -10.525482878819536 -10.97870813842157 -11.273448896417541 -11.468884247214085 -11.768532539868168 -12.024590377617852 -12.040179017120089 -12.124184463326579 -12.281225572386138 -12.314423600955713 -12.350797093127596 -12.599637968144762 -12.977518136819324 -13.321334241396407 -13.449218821016597 -13.443445250830585 -13.275434358417602 -13.148415814325311 -12.949227642907857 -12.858582590987453 -12.86637691073857 -12.78237146453208
-0.1757809633723575 0.25492737250422426 0.48240603783314207 -0.4921726095658778 -2.6076087257210974 -4.062548412596413 -4.6875373852323365 -5.658363212010448 -6.779301863624902 -7.71779569736134 -8.508774812845143 -9.13982603417638 -9.34190099068684 -9.602577684585334 -9.784156466935448 -9.913195760592842 -10.065618013503588 -10.170985669398329 -10.13201407064274 -9.728730193149723 -9.836118598609566 -10.437435933482837 -10.853710343894384 -11.082055044751204 -11.05780604996995 -11.281243216168658 -11.481586101623314 -11.422984364235282 -11.199258519527273 -11.429623969949198 -11.815587136884176 -11.913160473027798 -12.081171365440781 -12.500909917963938 -12.892646655084931 -13.207017551713346 -13.342985129593956 -13.315560671210392 -13.196336446869221 -13.129074354202167 -13.341830415556753 -13.514748842627846 -13.648406992434051
-0.799037864952477 -0.9630072582352507 -1.2421593767289867 -1.795844757567648 -3.4990479624415283 -4.160121748740035 -4.730550483118134 -5.570316266673747 -6.76082643902966 -7.774376685184269 -8.371075163908728 -8.770606220780838 -9.140692069704283 -9.481621389188359 -9.790218715630761 -9.959961679099548 -10.120178251761413 -10.185708273372661 -9.921856115871861 -9.534160877881078 -9.657426601352459 -10.252104330511813 -10.783272787625023 -11.07137393990708 -10.92674600674745 -10.47467546118262 -10.486511280063947 -10.171851704926231 -10.216885552377134 -10.836100954827044 -11.39180708523081 -11.417210794049268 -11.333205347842778 -11.742262795521809 -12.314423600955713 -12.70904712316971 -13.179881771839085 -13.254938184257256 -13.317581420775497 -13.326241776054516 -13.311519172080185 -12.838952452355006 -12.4405761095201
-2.767536619873662 -2.7089348824856283 -2.759742300122544 -2.8117044317966626 -3.561691198959771 -4.213815951469957 -4.7109203444856895 -5.554727627171512 -7.022657846965356 -8.072292906782547 -8.484525818063887 -8.739428941776367 -9.168116528087843 -9.537047662974086 -9.783290431407547 -9.953322073385634 -10.112383932010296 -10.028378485803804 -9.7636602927751 -9.418112117142215 -9.351716060003064 -9.841026133267677 -10.582063866642466 -10.889795157556968 -10.486511280063947 -10.029244521331705 -9.339880241121737 -9.017715024742202 -9.107494041134707 -9.551770266948418 -10.108342432880086 -10.416073723794588 -10.50412066913129 -11.255839507350201 -11.831175776386411 -12.371293267287943 -12.80575442378543 -13.043914193958475 -13.055750012839802 -12.81759024266676 -12.02747716271086 -11.266809290703627 -9.4120498684469
-4.157234963647028 -3.816594322672252 -3.4179293013280434 -3.1534997868086414 -3.698236133858982 -4.182638672465486 -4.680609101009121 -5.70310838095205 -7.173059350310999 -8.331237529625238 -8.755017581278604 -9.017715024742202 -9.299753928328943 -9.599690899492327 -9.682830310170917 -9.853727987676907 -9.961982428664653 -9.877976982458161 -9.657426601352459 -9.301774677894048 -8.899356835928932 -9.291093573049924 -10.089867008284845 -10.521441379689328 -10.118157502196308 -9.298887892801043 -8.606636827498065 -8.30179232167657 -8.280430111988322 -8.261666008883779 -8.789081645376081 -9.249235189201329 -9.883750552644175 -10.635758069372388 -11.337824203991588 -11.879962444458222 -12.233593618351527 -12.427874255110872 -12.060675191280435 -11.37419769616347 -10.24142322566769 -8.449307039929206 -6.595702331709684
-4.44331536636398 -4.208042381283944 -3.761745405905127 -3.365389812635324 -3.615385401689694 -4.130965219300668 -4.6621336764138785 -5.68549899188471 -7.197308345092255 -8.37222987794593 -8.85951920164544 -9.202180592185321 -9.312455782738173 -9.414070618012005 -9.511932632664927 -9.71112080408238 -9.820529959107331 -9.747205617744964 -9.551770266948418 -9.070254513434922 -8.500114457566122 -8.79312314450629 -9.371057520126207 -9.820529959107331 -9.853727987676907 -9.033303664244437 -8.435739149992076 -8.197290701309733 -7.982513890390043 -7.755901260589027 -8.114439969140443 -8.530425701042692 -9.19640702199931 -9.95216735934843 -10.655388208004833 -11.127088892202107 -11.496308705597649 -11.271428146852436 -10.625076964528263 -9.711986839610283 -8.237417014102524 -6.386699090976007 -5.297803753893927
-4.472760574312647 -4.479688858535862 -4.268664868237082 -3.672832425040524 -3.681781458828845 -4.142512359672694 -4.635863932067519 -5.50998245822991 -6.982531534172566 -8.220673660563087 -8.743181762397276 -9.120195895543935 -9.134918499518268 -9.191499487341197 -9.259916294045453 -9.45131014571179 -9.497210028690594 -9.393574443851659 -9.332085921370618 -8.874241805619775 -8.341918634469362 -8.355486524406492 -8.720664838671825 -9.094792186725478 -9.31563124634048 -9.277525683112794 -8.74029497730427 -8.450173075457108 -8.24030379919553 -7.912076334120682 -7.7853464685376945 -8.169000207398268 -8.875107841147678 -9.603732398622537 -10.010769096736464 -10.450137787892064 -10.42588879311081 -9.995180457234229 -9.309568997645167 -8.329216780060133 -6.900546837531178 -6.018633991617669 -4.997289425711942
-4.358443884629587 -4.3174515363088934 -4.307636466992671 -4.125191649114655 -4.119129400419341 -4.378074023262031 -4.7940597551642785 -5.678859386170795 -6.894484588835864 -7.970678071508717 -8.527538915949684 -8.902532299531238 -8.918986974561378 -8.882902160898794 -8.834981528354884 -8.909171905245154 -8.96892835667039 -8.957092537789062 -8.973835891328502 -8.812464604629433 -8.434584435954873 -8.30179232167657 -8.21403405484917 -8.514837061540456 -8.953339717168156 -9.170137277652948 -9.119329860016034 -8.893583265742919 -8.695261129853368 -8.373961949001735 -8.148504033237922 -8.258779223790773 -8.811598569101532 -9.200159842620216 -9.445247897016475 -9.455062966332697 -9.279257754168597 -8.845662633199009 -8.160339852119249 -7.267745901361614 -6.28710500526728 -5.345724386437836 -3.4473745092767105
-3.7998509691328137 -3.779354794972467 -3.6944833132380737 -3.941592117199437 -4.220744235693172 -4.367392918417907 -4.841980387708188 -5.814538285542104 -6.863307309831393 -7.546898019855351 -8.10347018578702 -8.619338681907294 -8.776379790966852 -8.858364487608238 -8.916966224996273 -8.91610018946837 -8.78417411071797 -8.697281879418473 -8.832094743261878 -8.86327202226635 -8.650515960911765 -8.3583733094995 -8.102604150259117 -8.175928491621484 -8.550921875203038 -8.92476054474739 -9.121061931071837 -9.138671320139178 -8.94236993381473 -8.605482113460862 -8.339031849376354 -8.125121073984568 -8.130028608642679 -8.27552257733021 -8.337011099811251 -8.278409362423217 -8.1398436779589 -7.752148439968119 -7.218959233289803 -6.4620441819034795 -5.344858350909933 -3.6777399596986355 -1.3330931071586938
-3.4199500508931484 -3.3330578195936504 -3.2256694141338054 -3.505976246664744 -3.866247026271965 -4.1162426153263345 -4.705146774299676 -5.619102934745559 -6.544894914072768 -7.322306139619439 -7.969812035980814 -8.390705302541173 -8.582965189735411 -8.70507619916959 -8.86817955692446 -8.921007724126481 -8.822279673945657 -8.707962984262597 -8.72759312289504 -8.78042129009706 -8.725572373329936 -8.394746801671381 -8.163226637212254 -8.16120588764715 -8.43371840042697 -8.735387442646157 -8.882902160898794 -8.734521407118256 -8.414088261794527 -8.07720044144066 -7.712022127175327 -7.467800108306971 -7.390722946323695 -7.43258133017229 -7.38870219675859 -7.2628383667035035 -7.01948238336305 -6.612445685249122 -6.110433757575278 -5.046942129311655 -3.6944833132380737 -2.2138512390350003 -0.2216808463511617
