static/data/ASCData/20210119/ASCU/18.asc
ncols 97
nrows 97
xllcorner 99.0
yllcorner 2.0
cellsize 0.25
NODATA_value -32767
[rows 19 to 37 of 97, columns 0 to 42 of 97]
-1.3204349095622776 -1.1222690045983663 -0.6895096386110011 0.39632295241184234 0.8532702156227439 1.1336166870569828 1.2997263426884968 -0.5166973126645313 0.9246682254994472 0.7439875474441164 -0.3479648729967302 -0.5743985614628464 0.0017396651748775582 -0.563616004869222 -0.4074146444859039 -0.6358882760913542 -1.0059922456563064 -0.8127804883164926 -0.22381976194580933 -0.30687458976156634 -2.274545457873815 -1.5655195067308796 -0.306000328416137 -0.33805657774853426 -1.1729761626332493 -1.9688454074221342 -1.8379976260562576 -1.5745535406336462 -1.8039014335845258 -1.8175981946629136 -1.7823363203972766 -1.8097298425540527 -1.803027172239097 -1.212026502729079 -1.2784703649816844 -0.6105346970739127 -0.5959636746500956 -1.2618593994185332 -2.525458464011944 -4.0851407042573165 -4.823308700247886 -4.866438926622385 -4.718105918347928
-1.1525767312399053 -1.4104838281414667 -0.7463366260638873 0.11014807200807653 0.6961945938939964 1.0680470861498064 1.1697528226680491 -0.8381340673339346 0.761472774352697 1.5984323023767457 0.05944091397319351 -1.1301373567072273 -0.7032063996893889 0.15298687793409815 0.4441159059619624 -0.7451709442699821 -1.3352973524345706 -0.9864670756083918 -0.12415396856690109 -0.15941584283253807 -1.6622710956250244 -2.1369950061929828 -1.386004510469454 -0.18564368319540847 -0.22381976194580933 -0.5860553794019001 -1.003078041171543 -1.184632980572303 -1.3291775230165674 -1.5060697352417063 -1.7004471743754248 -1.7403717758166835 -1.604569846826709 -1.9347492149504024 -2.1349550630536482 -1.8167239333174847 -1.8076898994147181 -2.4727113628377264 -3.6838547467053964 -4.443587855883215 -5.136877102808429 -5.360688007238258 -5.043039718399047
-1.2452484338553815 -1.391832919438981 -0.31853140770062005 0.17746619560611077 -0.03643641357552241 0.2850003410938804 0.5574784604192589 -0.6504592985151714 -0.15446169520844055 1.4568019644172443 -0.45812180252078694 -1.3186863868714194 0.03000744867708338 0.7174682866327693 0.5067713023843758 -0.864361907696805 -1.5188922349746652 -0.8156946928012561 0.21272806987174864 0.14249574178895053 -0.4933836767864239 -1.140919913300852 -1.3020754213082681 -0.5519591869301683 0.12675903757122775 -0.2346023185394337 0.2576068189371048 0.3668894871157322 -1.2073637755534574 -2.0041072816877716 -1.929795067326305 -2.336035172502323 -2.538280963744903 -2.876037263528981 -2.886819820122606 -2.63007840501495 -2.808719139930947 -3.5949715099201125 -4.4328052992895906 -4.9483280726442365 -5.3341687464269105 -5.5186378903124345 -5.375259029662074
-1.0794301986723442 -1.2717676946667287 -0.033522209090759425 0.5662210738735487 -0.06849266290791967 -0.21303720535218496 -0.21711709163085313 -0.7160288994223478 -0.669984468563086 1.362964580007863 -0.7737301482206633 -1.1193548001136029 0.3759235210184988 0.43537329250767254 -0.11541135511261036 -0.7559535008636065 -1.3009097395143625 -0.8996237819624424 0.0017396651748775582 -0.2150771484915195 0.39340874792707936 -0.13202232067576247 -0.5831411749171371 -0.035270731781617215 -0.1291081161909986 -0.5822669135717078 0.5603926649040218 1.1315767439176492 -0.6956294680290043 -1.7121039923144785 -2.085996427709623 -2.61259317810637 -3.168040552902274 -3.047101066784593 -2.8976023767162307 -3.344932765127413 -3.8391818457432856 -4.529556888183736 -4.993498242158069 -5.3624365299291155 -5.458313857477831 -5.634040387909065 -5.60577260440686
-0.5266056079127264 -0.8585334987272781 0.2917030114088366 0.7028972642089526 0.0673092660820549 -0.5656559480085566 -0.5706100956326541 -0.9972496322020161 -0.8401740104732687 0.9479818613775546 -0.8751444642904298 -0.9503309399973254 0.6393676064411107 0.6991087983787603 -0.14950754758434215 -0.7912153751292434 -1.3449142272342902 -1.081178721363202 -0.681932706950616 -1.003078041171543 -0.04109914075114407 0.7116398776632424 0.25964676207643933 0.30365124979636615 0.20777392224765023 -0.25208754544801426 0.4540242012101583 0.9508960658623176 -0.5764385046021809 -1.7266750147382957 -2.622210052906089 -3.1485153828543595 -2.927035842012341 -2.8058049354461834 -2.969874647938363 -3.602839862028974 -4.382972402600136 -4.834091256841511 -5.258982270720015 -5.516889367621576 -5.612475274721816 -5.354568177820255 -5.325426132972621
0.19699136565402586 -0.39954629237704253 0.8054772620726238 1.070087029289141 -0.18564368319540847 -0.8194831586314488 -0.3127029987310932 -0.8145290110073509 -1.1945412758204985 0.0477840960341398 -1.0118206546258333 -0.15154749072367668 1.2000605493095886 0.20689966090222178 -0.6428823668547863 -0.4181972010795283 -0.9756845190147669 -1.2638993425578673 -1.159279401554861 -1.590873085748321 -0.9171090088710225 0.11102233335350586 0.8483160679986463 0.8923205557185732 0.9762496448797595 0.815094136872343 0.6991087983787603 0.8503560111379809 -0.7093262291073921 -2.377125455737487 -3.153469530478457 -3.049141009923927 -2.8273700486334326 -2.9005165812009936 -3.1135449290371984 -3.5547554880303776 -4.167321270727645 -4.469815696246086 -4.962024833722625 -5.229548805423905 -5.045079661538381 -4.7862983032913915 -4.141676271261726
0.7058114686937156 -0.6125746402132473 1.0214198143935924 1.573952984704733 -0.09880038954945913 -1.3166464437320848 -0.6338483329520201 -0.16903271763225725 -1.199495423444596 -0.7687760005965654 -0.20429459189789423 0.6871605599912298 0.14133005999504533 -0.5391366871972094 -0.4219856669097206 -0.06674414021706188 -0.3243598166701469 -1.0167748022499308 -0.9465424741671331 -1.1388799701615175 -1.0499967333762337 -0.18476942184998002 0.7693411264615584 1.0750411769132393 1.1266225962935508 1.0409449844415075 1.0584302113500872 1.220459980702933 -0.737594012609597 -2.5178815323515593 -2.9864856135015145 -2.937818398605965 -2.943646807575492 -3.073328907147464 -3.096933963474047 -3.384857366568671 -3.497345659680539 -3.4513012288212765 -3.953418661546011 -4.12623098749248 -3.801880028338314 -3.1965997568529554 -2.3937364213006385
0.746027490583451 -0.3683643043900737 1.2216256624968382 1.3903581021646394 -0.10084033268879367 -1.419226441595757 -1.177056048911918 -0.21303720535218496 -1.226888945601372 -1.0295973019828901 0.43537329250767254 -0.3089145329009009 -0.6886353772655718 -0.515823051319102 -0.32348555532471757 -0.14280487726938684 -0.05975004945362983 -0.1419306159239575 -0.13872499099071778 -0.055961583623437505 0.29869710217226864 0.36397528263096923 0.06818352742748335 0.27130358001549304 0.7165940252873408 0.76438697883746 0.882703680918854 1.3757870797408218 -0.8352198628491712 -2.4552261359291463 -2.958217829999309 -3.089939872710615 -3.0998481679588106 -3.049141009923927 -3.034278567051634 -2.732658402878622 -2.524584202666515 -2.292322105230872 -2.147777562786607 -2.301938980030591 -1.9385376807805947 -1.5792162678092674 -1.5920387675422263
-0.20633453503722876 0.03700153944051543 1.1277882780874569 0.879789476434091 -0.12531965036080628 -0.781307079881048 -0.876310146084335 -1.0266830974981267 -1.540165927713438 -1.4288433163954761 0.8279166366053028 -0.8684417939754736 -1.4795504744303591 -1.0520366765155682 -0.8165689541466854 -0.6565791279331745 0.1599809686975311 0.8025630575878608 0.7926547623396649 -0.730599921846165 0.4636410760098775 0.9666327700800403 0.1844602863695437 -0.11745129825194489 0.3709693733944013 0.5487358469649681 0.9733354403949965 1.1277882780874569 -0.5889695838866635 -2.265802844419525 -2.85068368451154 -3.0334043057062052 -3.0508895326147853 -2.9453953302663503 -2.752183572926537 -2.215095686384642 -1.7989472859604279 -1.1633592878335302 -0.7600333871422751 -0.730599921846165 -0.6417166850608811 -0.5880953225412346 -0.6233571968068716
-1.0362999722978459 -0.23052243226076552 0.45489846255558675 0.2733435231548267 -0.23664226167876823 -0.4767727112232727 -0.4522933935512601 -0.4455907232363039 -1.590873085748321 -1.2912928647146433 0.5085198250752336 -1.0196890067346942 -1.0450425857521362 -0.5166973126645313 -0.37710691784436445 -0.3616616340751184 0.07022347056681788 0.6833720941610375 0.6688010717372208 -0.19351203530426986 0.020390573877364204 0.5114340295599966 0.24099585337395357 0.2870402842332149 0.8182997618055836 1.096606290100488 0.9567244748318444 1.5086748042460334 -0.5781870272930387 -2.259100174104569 -2.8926482290921327 -3.103636633789003 -3.1700804960416082 -3.0371927715363976 -2.657471927171726 -2.140783472023175 -1.7619368890039326 -0.7160288994223478 -0.3176571463551907 -0.627145662637064 -0.8664018508361395 -0.7725644664267577 -0.40450044000114005
-1.253116785964243 -0.5831411749171371 0.5035656774511361 0.14832415075847738 -0.6026663449650513 -0.8888412253688176 -0.4610360070055499 -0.17107266077159178 -1.7365833099864911 -1.052910937860997 0.5682610170128832 -0.5519591869301683 -0.7238972515312092 -0.5490449824454053 -0.5470050393060708 -0.5997521404802884 -0.13406226381509612 0.42371647456861883 0.6492759016893057 -0.3077488511069957 -0.6017920836196224 -0.6009178222741935 -0.7521650350334141 -0.3027947034828973 0.9060173167969614 1.1647986750439516 1.2478535028597086 1.4442708851327621 0.055361027694524445 -1.6730536522186492 -2.6944823241282214 -3.2327358924640217 -3.30296822054682 -3.1741603823202773 -2.8547635707902086 -2.5012705667884076 -2.2354951177779854 -1.570473654354977 -1.1388799701615175 -1.2041581506202177 -0.6475450940304079 -0.37040424752940826 -0.17019839942616244
-0.5968379359955249 0.0416642666161362 0.6314992543322493 0.2937429545481711 -0.5362224827124455 -0.947416735512562 -0.48260112019279955 -0.3479648729967302 -1.7727194455975575 -1.3848388286755484 0.22438488781080146 -0.6009178222741935 -0.8049121362076317 -0.6516249803090766 -0.563616004869222 -0.483475381538228 -0.09588618506469615 0.309479658765893 0.43245908802290867 -0.46803009776898197 -0.6761042979810892 -0.8323056583644077 -1.010072131934975 -0.6417166850608811 0.353192726037344 0.6180939137023378 0.8885320898883808 0.9109714644210589 0.9986890194124376 -0.3488391343421595 -1.5862103585726999 -2.403644716548834 -3.269746289420517 -3.267706346281183 -3.2248675403551603 -3.0558436802388833 -2.9045964674796627 -2.809884821724852 -2.525458464011944 -1.9123098404177243 -1.2041581506202177 -0.306000328416137 -0.027402379672755828
0.09062290196016143 0.6941546507546619 0.11014807200807653 -0.17194692211702112 -0.5303940737429196 -0.9415883265430351 -0.9777244621541015 -0.9407140651976063 -1.492372974163318 -1.121394743252937 -0.37040424752940826 -0.9377998607128428 -0.8958353161322496 -0.42693981453381813 -0.3389308390939636 -0.2981319763072765 0.0740119363970102 0.3074397156265585 -0.057710106314295295 -1.0042437229654482 -1.0977896869263537 -1.0237688930133633 -0.8011236703774394 -0.44063657561220637 -0.8019979317228683 -0.5930494701653322 0.39632295241184234 0.7655526606313652 1.0974805514459174 1.1589702660744248 0.23720738754376125 -1.3125665574534162 -2.197319039027585 -3.5891431009505856 -3.6319819068766077 -3.675986394596535 -3.5597096356544755 -3.577486283011532 -3.587103157811251 -3.068666179971842 -2.4298725569117043 -1.5343375187439112 -1.0479567902368991
0.4490700535860599 0.9500218045168891 0.09936551541445215 -0.4024604968618055 -0.7617819098331333 -0.9864670756083918 -1.0205632680801235 -0.8253115676009752 -0.896709577477679 -0.19351203530426986 -0.6828069682960449 -1.3186863868714194 -1.0167748022499308 -0.541176630336544 -0.1602901041779674 -0.11919982094280357 -0.09588618506469615 0.03700153944051543 -0.753039296378843 -1.602821324135851 -1.6389574597469174 -1.282550251260353 -1.053785199206426 -0.8360941241946 -1.1945412758204985 -1.113526391144076 -0.002048800655314764 0.9852836787825261 0.7186339684266745 1.2117173672486423 2.0524653611028842 0.5026914161057068 -2.1777938689796703 -3.580400487496296 -4.071443943178929 -4.095923260850942 -4.125065305698575 -4.115448430898856 -4.123316783007717 -3.8214051983862287 -3.184651518465426 -2.8772029453228867 -2.392862159955209
0.6003172663452805 1.112051573869734 0.8220882276357759 0.2928686932027418 -0.8605734418666127 -1.085258607641871 -0.8850527595386253 -0.7521650350334141 -0.38497526995322584 0.49016033682122373 -0.21420288714609015 -0.7979180454441996 -0.5743985614628464 -0.3741927133596006 0.007568074144404413 -0.04226482254504926 -0.12327970722147175 -0.8194831586314488 -1.5821304722940308 -1.9962389295789102 -1.6730536522186492 -1.4259291119107127 -1.308778091623224 -1.0899213348174923 -0.8352198628491712 -0.820648840425354 -0.5557476527603606 0.3523184646919155 -0.09880038954945913 0.8914462943731447 2.076944678774897 1.6803214483985975 -1.0042437229654482 -3.7278592344253236 -4.368401380176319 -4.357618823582695 -4.5117802408266785 -4.500123422887625 -4.3751040504912755 -4.087180647396651 -3.8059599146169827 -3.4982199210259677 -3.398554127647059
0.6725895375674131 1.3658787844926268 1.6424367900966734 1.1930664585461566 -0.4007119741709477 -1.3723077493910658 -1.109446504865407 -0.7542049781727482 -0.3878894744379888 0.19990557013878973 0.19524284296316807 0.21768221749584615 0.5446559606863 0.3680551689096374 0.17571767291525298 0.21564227435651162 -0.3645758385598814 -1.7531942755496428 -2.2229640384935028 -1.8977388179939072 -1.4483684864433908 -1.5626053022461162 -1.5139380873505672 -1.3889187149542175 -0.9611134965909498 -0.7355540694702625 -1.2053238324141229 -1.307903830277795 -1.0890470734720634 0.34445011258305414 1.6433110514421019 1.4929381000283106 -0.22381976194580933 -3.0071764653433344 -4.484678139118379 -4.525477001905067 -4.629222681562644 -4.614360238690351 -4.469815696246086 -4.137887805431534 -3.9094141738260837 -3.8948431514022666 -3.8450102547128124
0.5653468125281202 1.1822839019525322 1.6835270733318373 1.0409449844415075 -0.5764385046021809 -1.5226807008048575 -1.2464141156492872 -0.7550792395181776 -0.7658617961118019 -0.6956294680290043 -0.02856806146666102 0.682497832815609 0.7909062396488071 0.7058114686937156 0.5309591996079117 0.38350045267888344 -0.2005061260677019 -2.167302732834522 -2.0734653484251404 -1.8723852389764657 -1.8146839901781502 -1.498201383132845 -1.5322975756045767 -1.6954930267513273 -1.8225523422870116 -1.7610626276585037 -1.338211556919334 -1.5626053022461162 -1.464105190661113 -0.8888412253688176 0.31414238594151467 1.2018090720004473 0.02621898284689017 -2.3654686377984335 -4.112534226414093 -4.520814274729445 -4.525477001905067 -4.557824671685941 -4.51090597948125 -4.15653871413402 -3.995383206126604 -4.054832977615777 -4.148670362025159
0.31705659042627765 1.0409449844415075 1.417751624321415 0.7273765818809652 -0.5793527090869439 -1.4856703038483623 -1.5646452453854507 -1.1184805387681735 -0.5079546992102406 -0.6524992416545059 -1.1779303102573473 0.09062290196016143 0.9147599302512521 0.9637185655952774 0.7801236830551828 0.5496101083103975 -0.29405209002860744 -2.0041072816877716 -1.8379976260562576 -1.9962389295789102 -1.6398317210923463 -1.6468258118557784 -1.793118876990901 -1.923966658356778 -2.0871621095035287 -2.1291266540841214 -1.5509484843070624 -1.1173148569742684 -2.0236324517356863 -2.286202275812869 -1.570473654354977 -0.11541135511261036 0.17455199112134778 -1.4952871786480815 -3.5938058281262073 -4.284472291015134 -4.424936947180729 -4.353830357752503 -4.232599451186345 -3.96303553634573 -3.75204713164886 -3.696385825989879 -3.8135368462773678
0.6588927764890249 1.5710387802199701 1.3279941261907018 0.6110998229389057 -0.5548733914149322 -1.5363774618832453 -1.636043255262154 -0.7288513991553067 0.0807146067119664 -0.9453767923732275 -0.871355998460237 0.2380816488891897 1.0829095290220998 0.9881978832672891 0.634704879265489 0.3552326691766785 -0.3488391343421595 -1.2589451949337698 -1.7188066626294343 -1.6281749031532926 -1.6340033121228195 -1.4582767816915863 -1.449534168237296 -1.6290491644987215 -1.8321692170867308 -1.91901251073268 -2.057728644207418 -1.826340808117204 -2.1066872795514433 -2.608513291827701 -1.4757620086001668 -0.07140686739268354 0.14249574178895053 -1.0870071303327289 -2.376251194392058 -3.172994700526372 -4.344796323849736 -4.5412137061227895 -4.134973600946771 -3.6485928724397594 -3.274700437044615 -3.18669146160476 -3.377280434908286
