static/data/ASCData/20210119/ASCU/21.asc
ncols 97
nrows 97
xllcorner 99.0
yllcorner 2.0
cellsize 0.25
NODATA_value -32767
[rows 19 to 37 of 97, columns 0 to 41 of 97]
-1.162698446730202 -1.0026507864626648 -0.4791304024099743 0.4308976023261888 0.6379125199058819 0.8607826262597413 1.2084001612707285 -0.6753757578034403 0.7288554894784633 0.6672296614128328 -0.23681525321987174 -0.25356790550955743 0.5335075976005168 -0.09142616370581003 -0.5368672219083566 -0.7749942080260377 -0.82764540093648 -0.6080659941395226 -0.07886167448854486 0.09614371103763997 -1.680235740679434 -0.9604700012332765 -0.10518727094376601 0.08926315741866198 0.16435093821707625 0.03451788297200853 -0.9138018984262946 -1.2045800774544175 -1.4516816987272874 -1.915670336250558 -1.979988554862746 -1.7945127616555068 -2.1558914039044503 -1.349370857958133 -2.0640509708163495 -1.3356097507201765 -1.126500751604273 -1.608139504932749 -2.478080805975735 -3.825771851779948 -4.674473182955653 -4.846187868924936
-1.2282132833630817 -1.1988961418561312 -0.18027505174218117 0.39888807027268225 0.6301345027713845 0.9242033813564108 1.0483525010031913 -1.1743654724319477 0.7132994552094694 1.4632797996780962 0.045287445158235684 -0.6412721442137217 0.2531998262534474 0.4760699326073068 0.14400843186531453 -0.747771148055298 -1.1656899917819317 -0.6714867492361911 0.2885000578638577 0.20264271487921626 -0.7534550836535843 -1.5240770889791455 -1.030771309948924 -0.15484691880247858 0.33337323363980254 0.6292370392558659 0.17422303688778396 -1.1139362623870088 -1.641345655006948 -1.9752020827799783 -1.970415610697211 -1.883361649691878 -2.105035138025046 -2.6587701271002064 -3.1021171037665423 -2.5932552904673267 -2.3024771114392037 -2.484961359594713 -3.247805347785777 -4.06599291943384 -4.899138216340551 -5.189916395368674
-1.1686815368336614 -1.375696454413354 0.007294823001268824 0.2561913713051771 0.03152633792027881 0.009089750032306831 0.14969236746360082 -1.046626498723091 0.05785193437549996 1.4857163875660682 -0.2574569140768066 -1.1303897601715218 0.6887687857852862 0.8607826262597413 0.38213541798299566 -0.5796463161480911 -1.3347122872046575 -0.8668346411141385 0.6166725500386017 0.32350113496909394 0.05007391724100341 -0.5934074233860471 -0.8512786068451446 -0.3893840508580846 0.49551497544354994 0.17990697248607024 0.9583069949461285 0.5822697819437099 -0.9858981341729791 -2.0553754901663335 -2.070034060919809 -2.6324445306449853 -3.1694268674304595 -3.70192188663834 -3.66662165502793 -3.089552614549278 -2.990831627842199 -3.3590908237101207 -3.9185097483835674 -4.448910686055236 -4.847384486945628 -5.004440602161435
-0.7262320236828446 -1.272188995623508 0.08328006731520254 0.4308976023261888 -0.3442117205769666 -0.638280599161992 -0.7175565430328286 -1.1285948331404838 -0.47703632087376313 1.2140840968690148 -0.6364856721309549 -0.6909317920724343 0.8159094504837965 0.3899134351174931 -0.2048057211663643 -0.544645239042854 -1.313173162832204 -1.1755620904526398 0.34324533231051024 -0.11476021510930146 0.7073163651060099 0.36867346525021194 -0.05732255011609144 0.2953806114828357 0.23854125549997196 -0.04954453298159489 0.7210774723439668 1.2368198392621608 0.14011942329806626 -1.782845735953761 -2.3180331457081977 -2.9214277826420707 -3.8365414139661747 -3.6334155049537307 -3.2866954334582625 -3.338449162853186 -3.5104630033276414 -3.9400488727560212 -4.3971569566603135 -4.697807234359145 -4.643061959912492 -4.7779806417455
-0.12672639531622032 -0.6550332514516786 0.4661978339365991 0.7465056052836685 -0.030996953660870297 -0.9164942889728511 -0.9948727693281683 -1.3071900727287447 -0.7106759894138497 0.9065532655512056 -0.8168758387502528 -0.32775822279245315 0.9574095314306099 0.5287211255177491 -0.31399711555449716 -0.6550332514516786 -1.243769317632076 -1.304198527677015 -0.2487814334267897 -0.8647405595779274 0.4476502546158754 1.0483525010031913 0.622356485636888 0.5335075976005168 0.4760699326073068 0.23854125549997196 0.5248321169505008 0.8900997677666922 0.5610298120764297 -1.5749333548585498 -2.9498474606335026 -3.5544387155880672 -3.255583364920274 -3.051260837887138 -2.9145472290230927 -3.152973369645947 -3.51435201189489 -3.9176122848680484 -4.393267948093065 -4.580837822836514 -4.526092548389862 -4.188945421059929
0.4748733145866151 -0.01244937434014659 0.9328788620064268 1.2131866333534962 -0.17548857965941345 -1.062182532992085 -0.6792647663706886 -0.89016869251763 -1.0454298807023994 0.3489292679087965 -0.6930258736086454 0.6633406528455836 1.508152975454041 0.3489292679087965 -0.4946864366789683 -0.2984410812855023 -0.80341388601747 -1.35206324850469 -0.44891579738750487 -1.1851350346181744 -0.016338382907395754 0.6525710906593574 0.8978777849011896 0.8090288968648185 0.9660850120806259 0.9592044584616479 0.8909972312822116 0.9457425057288642 0.4536333447193348 -1.6598932343276722 -3.0856636059820293 -3.202633017504659 -2.9040768213420387 -2.7592860408383233 -2.6500946464501904 -2.7652691309417823 -2.997712181461177 -3.364774759308407 -4.03577831441137 -4.241895768475544 -3.8766281176593522 -3.539780144834592
0.9583069949461285 -0.02022739147464403 1.2054086162189988 1.5051614304023113 -0.11984584169724144 -1.2856509483562912 -0.76512210935533 -0.40015361304431085 -1.093294601530074 -0.43904369871679627 0.43598322891412966 1.186861036898275 0.3226036714535754 -0.4653692951720174 -0.37173393505287944 -0.0698870393333566 -0.38160603372358715 -1.0729520951783122 -0.022022318505682037 -0.47314731230651486 -0.0953151722730583 0.18589006258952967 0.6818882321663082 0.8598851627442228 1.013052269392782 1.08245611459291 1.124337745317125 1.4555017825435987 0.6977434209404754 -1.5818139084775278 -2.801466826067711 -2.9546339327162703 -2.9040768213420387 -2.8376645211936404 -2.501714011884399 -2.46551631675847 -2.3835479823410775 -2.6237690499949693 -3.399177527403298 -3.6714081271106975 -3.125750309675207 -2.327905244378906
0.7853956909561539 0.11469129035836367 1.4399457482746048 1.4270821045521673 -0.11386275159378201 -1.3628328106909167 -0.9909837607609191 0.06383502447895939 -1.0660715415593343 -0.3962646044770626 0.8978777849011896 -0.421393582911592 -0.6646061956172131 -0.5015669902979463 -0.42827413653057 -0.32087766917347516 -0.22125921895087686 -0.23412286267331517 0.21131819552923226 0.2475158906551611 0.6818882321663082 0.5726968377781754 -0.01903077345395232 -0.0680921123023186 0.4653003704210805 0.7737286652544082 0.9116388921391456 1.2748124614191267 0.7827033004095973 -1.3412936863184628 -2.599238380570786 -2.9118548384765357 -2.8804436154333746 -2.761380122374534 -2.424532149549774 -2.0688374428991168 -1.7876322080365288 -2.0903765672715706 -2.674326161369201 -2.8179203238522246 -2.0846926316732843 -1.44689522664452
-0.4946864366789683 0.3782464094157474 1.4905028596488359 1.14497940617406 0.07759613171691626 -0.8853822204348623 -1.126500751604273 -0.8668346411141385 -1.3559522570719382 -0.513234015999692 0.8871082227149625 -0.8423039716899554 -1.3454818493908847 -1.156715356626743 -1.1528263480594942 -1.0493188892696477 -0.23801187124056344 0.7043248200542802 0.3498267314243151 -0.442035243768526 0.6038089063161634 0.6908628673214965 -0.20271163963015315 -0.30831317995621 0.44166716451241594 0.7318470345301931 1.0151463509289922 1.3666528945072276 0.881125132611503 -1.109149790304241 -2.298588102871955 -2.715310328577897 -2.804458371119441 -2.6958652857416543 -2.3503418322668783 -1.9264398984367852 -1.438219745994504 -1.6069428869120572 -1.9506714133557952 -1.5973699427465222 -1.1755620904526398 -0.7878578517484751
-1.028976382917886 -0.4519073424392346 0.9086473470874168 0.7357360430974422 0.2463192726344694 0.10003271960488824 0.015970303651284823 -0.3298523043286643 -1.5827113719930468 -1.2057766954751092 0.7512920773664362 -0.8064054310691997 -0.6987098092069317 -0.3540838192476743 -0.49857544524621655 -0.6391780626775114 -0.23113131762158545 0.6068004513678931 0.5795773913971534 -0.5036610718341574 0.023748320785782262 0.17900950897055168 0.004303277949539108 0.4946175119280314 1.138098852555082 1.20750269775521 1.452510237491869 2.4379251775316195 1.3059245299571156 -0.9048272632711054 -2.3931209265066125 -2.8618960361126504 -2.8364679031729483 -2.600135844086305 -2.173541519709655 -1.8552411262056192 -1.4244586387565477 -1.2075716225061472 -1.3541573300409007 -1.329626660616717 -1.2027851504233795 -1.0600884514558748
-1.0493188892696477 -0.5494317111256208 0.5628247391074677 0.7952677896268625 -0.1509579102352303 -0.3854950422908354 0.3441427958260288 0.1478974404325628 -1.854044508184927 -1.3308232786374092 0.3579039030639857 -0.04266397936261601 -0.1578384638542083 -0.07287858438508632 -0.37861448867185743 -0.7926443238312428 -0.33643370344246915 0.5688078292109271 0.8159094504837965 -0.489002501080682 -0.9099128898590454 -0.944016503448764 -1.1010726186645714 -0.36186183638217173 1.2445978563966573 1.7905548283373207 1.8479924933305307 2.3146735214003575 2.188729474722539 0.6391091379265736 -1.272188995623508 -2.3228196177909655 -2.449960282489476 -2.4284211581170223 -2.1618744940079093 -2.1843110818958817 -1.9117813276833098 -1.624593002717262 -1.2476583261993244 -0.9909837607609191 -0.5649877453946157 -0.443830170799564
-0.6891368650413963 0.012081295084036547 0.3459377228570668 0.2591829163569068 -0.4498132609030234 -0.8590566239796411 -0.4079316301788083 -0.05223692352815146 -1.804384860326215 -1.209665704042358 0.2005486333430051 -0.11775176016103117 0.2289683113344374 0.23285731990168568 -0.18027505174218117 -0.48989996459620055 -0.18715560536115916 0.31781719937080766 0.3100391822363111 -0.709479371393158 -1.1432534038939592 -1.2291107468786007 -1.3326182056684468 -0.8551676154123928 0.44286378253310765 1.1488684147413082 1.5395641984972022 1.898848759209935 2.840287986989259 2.1653954233190476 1.23173421267422 -0.13330779443002516 -1.837591010400414 -2.2300817211873456 -2.484961359594713 -2.5854772733328297 -2.5690237755483167 -2.464618853242951 -2.041614382928377 -1.216546257661336 -0.6568281784827166 -0.07078450284887516
0.05605700734446284 0.7542836224181659 -0.32476667774072343 -0.475241393842726 -0.5993905134895066 -1.0035482499781843 -1.0026507864626648 -0.95269198409878 -1.4585622523462658 -0.4946864366789683 0.24362688208791194 -0.3854950422908354 0.03840689153925769 0.49850652049527966 0.08627161236693226 -0.4049400851270786 -0.2613459226440549 -0.944016503448764 -0.6723842127517106 -1.2006910688871688 -1.3727049093616244 -1.3463793129064032 -1.0493188892696477 -0.5787488526325717 -0.8823906753831325 -0.35617790078388545 0.9397594156254048 1.6233274599456324 2.171378513422507 2.706565923176944 2.4184801346953773 1.9437219349858799 0.2277716933137448 -2.3503418322668783 -2.7838167102625064 -2.8376645211936404 -2.918436237590341 -3.0162597607819013 -2.9321973448282974 -2.148113386769953 -1.2135547126096062 -0.6236220284085165
0.6663321978973133 1.1351073075033522 -0.33463877641143114 -0.968248018367774 -1.0894055929628257 -0.7887553152639946 -0.7878578517484751 -0.8737151947331165 -0.8737151947331165 0.05605700734446284 0.10302426465661796 -0.5739623805498049 -0.10817881599549573 0.35192081296052624 -0.27899603844926 -0.7758916715415571 -1.1381677773060188 -1.8100687959245012 -1.3239427250184308 -1.189024043185423 -1.375696454413354 -1.084619120880058 -0.7905502422950317 -0.89525431910557 -1.1950071332888825 -1.0825250393438468 0.31961212640184566 1.2434012383759656 1.1360047710188708 1.9272684372013664 3.452657259078321 2.983882149472284 0.8715521884459685 -1.711646963722595 -2.9576254777679996 -2.9770705206042427 -3.152973369645947 -3.442854085158551 -3.5278139646276734 -3.144297888995931 -2.207645133299373 -1.3990305058168455
0.6947518758887457 1.0414719473842133 -0.029800335640178588 -0.6511442428844294 -0.9185883705090614 -0.6179380928102303 -0.6098609211705606 -0.7223430151155954 -0.301432626337232 0.24243026406722024 0.1664450197532874 -0.10309318940755574 0.32649268002082366 0.26905501502761453 -0.36186183638217173 -1.5288635610619128 -1.9850741814506865 -1.813060340976231 -1.4965548745032327 -1.1208168160059868 -1.32184864348222 -1.001454168441973 -0.9380334133453045 -1.0436349536713614 -0.8168758387502528 -0.7848663066967454 -0.4878058830599903 0.15567545756706025 0.18409513555849166 1.2532733370466733 2.927042793489419 3.5148813961542986 1.3998590445814267 -1.6569016892759425 -3.1547682966769846 -3.347423798008375 -3.526019037596636 -3.862867010421396 -4.028000297276873 -3.7162813028866424 -3.0835695244458186 -2.273159969932253
0.33815970572256937 0.6848797772180379 0.33636477869153225 0.04050097307546796 -0.49289150964793027 -0.874612658248636 -0.881493211867614 -0.7974307959140106 -0.11476021510930146 0.2786279591931491 0.3273901435363431 0.5571408035091814 0.36358783866227196 0.30615017366906194 -0.2036091031456726 -1.3463793129064032 -2.058367035218063 -1.8971227569298343 -1.650918599172483 -1.5046320461429024 -1.6042504963655002 -1.3015061371304584 -1.1743654724319477 -1.0182068207316597 -0.7370015858690708 -0.6637087321016946 -1.2545388798183028 -1.3161647078839338 -0.9272638511590774 0.3402537872587805 1.8940622871271673 2.6449400951113127 1.773802176047635 -1.0786360307765985 -3.552344634051857 -3.9146207398163186 -3.9146207398163186 -4.2095870819168635 -4.31010299565498 -4.089626125342504 -3.532899591215614 -2.857109564029883
0.22687422979822625 0.3157231178345974 0.5580382670246999 0.17900950897055168 -0.9841032071419411 -1.4654428059652438 -0.9879922157091894 -0.7271294871983631 -0.5368672219083566 -0.5036610718341574 0.15088898548429253 0.5706027562419642 0.43000013881067023 0.42042719464513567 -0.02800540860914147 -1.0855165843955765 -2.103240210994008 -1.891139666826375 -1.7819482724382425 -1.9360128426023198 -1.882464186176359 -1.6772441956277042 -1.6733551870604555 -1.500743037575654 -1.3179596349149718 -1.4615537973979955 -1.226119201826871 -1.4253561022720667 -1.4343307374272554 -0.443830170799564 0.5999198977489151 1.624524077966325 1.2054086162189988 -0.7555491651897954 -3.251694356353026 -4.116849185313244 -4.087532043806293 -4.351087162863677 -4.4683557288914795 -4.262238274827306 -3.796454710272997 -3.1413063439442013
0.12426423452389912 0.16255601118603824 0.1906765346722974 0.0823826037996831 -0.8874763019710734 -1.5572832390533446 -1.2946255835114804 -0.7603356372725623 -0.2691239397785514 -0.6352890541102623 -1.4283476473237964 -0.0854430736023506 0.6753068330525025 0.6800933051352702 0.1849925990740111 -0.6167414747895386 -1.3951414972495968 -1.63446510138797 -1.579719826941317 -1.838488473915933 -1.9928521985851835 -2.0347338293093986 -1.9587485849954653 -1.7164334358053628 -1.6108318954793055 -1.7319894700743568 -1.182143489566445 -0.756446628705314 -1.8561385897211378 -2.0718289879508465 -0.48301941097722256 0.5667137476747159 0.8081314333492999 -0.1324103309145066 -2.469405325325719 -3.8132073625626832 -4.267323901415246 -4.079754026671797 -3.975349104366431 -4.014239190038917 -3.7838902210557324 -3.265156309085809
0.7357360430974422 1.2122891698379767 -0.21557528335259057 -0.5748598440653234 -0.5308841318048971 -0.9164942889728511 -1.296420510542518 -0.5581071917756368 0.5472687048384728 -1.062182532992085 -1.0454298807023994 0.1820010540222814 1.01993282301176 0.7728312017388896 0.10571665520317453 -0.5494317111256208 -1.216546257661336 -1.38437193506337 -1.2554363433338218 -1.0561994428886265 -1.0182068207316597 -0.9909837607609191 -0.966453091336736 -1.1782544809991964 -1.41967216667378 -1.5572832390533446 -1.695791774948428 -1.4089026044875532 -1.6919027663811796 -2.281835450582269 -1.3412936863184628 0.14281181384462283 0.7934728625958245 0.09225470247039169 -0.9772226535229631 -2.209739214835584 -3.5984144278484935 -4.204800609834096 -4.011247644987187 -3.70192188663834 -3.3130210299134837 -2.8971962677230607
