static/data/pressure/2023/7/23/0.asc
ncols 137
nrows 93
xllcorner 108.0
yllcorner 17.0
cellsize 0.25
NODATA_value -32767
[rows 0 to 18 of 93, columns 0 to 42 of 137]
100.81519483504495 100.84244755504861 100.87340014763555 100.9069697232692 100.93747111188256 100.9459537465857 100.94622446896985 100.95145843506326 100.9434270043337 100.93097377466316 100.92691293890103 100.94297580036013 100.95615095638838 100.95615095638838 100.96093371850824 100.98791571612776 101.01417578738958 101.01471723215785 101.00668580142829 100.99089366235333 100.9524510838051 100.91969367532388 100.91689621068775 100.92564956777503 100.93295907214687 100.92465691903317 100.93142497863673 100.95597047479896 100.938914964598 100.87547568591397 100.79218343239285 100.6831725523782 100.58147117673539 100.4952009769887 100.47670161407231 100.47616016930402 100.48139413539744 100.48671834228557 100.48139413539744 100.47489679817804 100.47841618917187 100.48346967367587 100.48247702493401
100.86365414180644 100.88143157836511 100.91247441174676 100.94622446896985 100.98466704751806 100.99242775586346 100.99820316672518 100.99892509308289 100.99089366235333 100.9696870755955 100.95615095638838 100.95669240115667 100.97744778394092 100.99044245837975 101.007407727786 101.04991114209636 101.06471063242947 101.05117451322236 101.01291241626357 100.96896514923779 100.93341027612044 100.91292561572034 100.95515830764653 100.9869230673859 100.98972053202203 100.94315628194956 100.95669240115667 100.9537144549311 100.91021839187891 100.76944275212489 100.67441919529094 100.60294848587735 100.52922175659592 100.489425566127 100.47940883791372 100.48689882387501 100.48265750652344 100.47841618917187 100.4747163165886 100.47390414943618 100.48067220903972 100.4836501552653 100.48094293142387
100.92122776883403 100.9171669330719 100.93169570102087 100.95091699029498 100.97717706155677 100.9901717359956 100.99793244434103 100.99892509308289 100.98565969625992 100.97916235904049 100.97392839294707 100.97194309546336 100.97465031930479 100.98719378977005 101.01219048990586 101.06443991004534 101.07292254474845 101.04648199189722 100.98547921467049 100.94965361916898 100.93467364724644 100.93945640936627 100.98890836486962 100.9939618493736 100.97320646658936 100.92014487929745 100.91689621068775 100.86843690392627 100.76493071238919 100.63317915210658 100.55990362679873 100.51893430599851 100.49393760586271 100.48220630254987 100.48446232241771 100.491952308379 100.49041821486885 100.49267423473671 100.49366688347857 100.49041821486885 100.48744026864328 100.48464280400715 100.48040148665558
100.94243435559184 100.93846376062442 100.93566629598828 100.9472171177117 100.96147516327653 100.97717706155677 100.9869230673859 100.98764499374361 100.96418238711796 100.96616768460166 100.97492104168893 100.98141837890834 100.9664384069858 100.96842370446952 100.99197655188989 101.04648199189722 101.06191316779334 101.03845056116766 100.97519176407307 100.95795577228267 100.95921914340867 100.9901717359956 101.00145183533488 100.95317301016281 100.862210289091 100.7969661945127 100.7689013073566 100.71592996085941 100.63146457700701 100.5624303690507 100.52516092083378 100.49565218096227 100.49493025460455 100.49691555208827 100.4984496455984 100.4984496455984 100.49772771924069 100.4984496455984 100.49817892321427 100.49619362573056 100.49493025460455 100.49339616109442 100.48996701089528
100.93747111188256 100.94270507797599 100.93918568698213 100.93945640936627 100.94893169281127 100.95714360513024 100.9664384069858 100.96815298208537 100.95615095638838 100.9696870755955 100.97997452619292 100.97997452619292 100.96093371850824 100.9709504467215 101.02265842209269 101.0846538480613 101.10414585971955 101.07346398951674 100.98872788328018 100.95290228777868 100.97194309546336 101.01516843613143 101.03790911639938 100.90146503479163 100.79173222841928 100.67189245303894 100.63597661674271 100.59040501541209 100.56540831527627 100.53021440533777 100.50214951818168 100.50169831420811 100.50395433407597 100.50440553804954 100.50368361169183 100.50341288930768 100.50368361169183 100.50214951818168 100.50115686943982 100.50115686943982 100.5009763878504 100.49917157195611 100.4952009769887
100.92321306631774 100.93368099850458 100.94189291082355 100.9421636332077 100.9524510838051 100.94820976645356 100.95669240115667 100.95994106976639 100.95597047479896 100.96842370446952 100.97067972433736 100.96490431347567 100.95867769864039 101.01543915851556 101.07671265812644 101.1224647410465 101.11398210634337 101.08140517945158 100.9677017781118 100.91319633810448 100.9299811259213 100.94396844910199 100.93864424221385 100.8149241126608 100.70067926655273 100.5936536840218 100.56215964666657 100.54690895235989 100.52615356957564 100.51045167129539 100.51144432003723 100.51171504242137 100.50991022652711 100.51090287526897 100.51045167129539 100.50648107632797 100.50593963155968 100.50467626043368 100.50395433407597 100.50422505646011 100.50296168533411 100.49989349831384 100.49619362573056
100.91121104062077 100.9229423439336 100.93142497863673 100.94315628194956 100.9549778260571 100.9504657863214 100.95145843506326 100.95470710367296 100.95768504989853 100.96165564486596 100.96391166473381 100.95118771267913 100.97446983771536 101.03141177917996 101.08745131269743 101.09972406077856 101.09169263004898 101.04991114209636 100.94414893069141 100.89722371744008 100.88170230074925 100.89244095532023 100.82846023186792 100.7279319865564 100.61314569568005 100.55196243686387 100.5412237822929 100.52597308798622 100.5227244193765 100.51721973089894 100.51839286123023 100.5182123796408 100.51415154387865 100.5144222662628 100.51171504242137 100.5079249290434 100.50819565142754 100.50720300268569 100.5066615579174 100.50593963155968 100.50214951818168 100.49917157195611 100.49366688347857
100.90669900088506 100.91617428433004 100.9229423439336 100.93142497863673 100.9472171177117 100.9472171177117 100.95118771267913 100.95470710367296 100.9606629961241 100.96264829360781 100.95741432751439 100.94947313757956 100.97943308142463 101.04846728938094 101.08871468382341 101.07490784223216 101.05667920169991 101.02040240222483 100.9421636332077 100.90390153624891 100.90994766949477 100.88098037439154 100.77169877199275 100.66792185807151 100.59572922230024 100.54690895235989 100.53517764904706 100.52570236560207 100.52840958944348 100.52416827209194 100.52470971686022 100.52218297460823 100.51721973089894 100.51370033990509 100.5131588951368 100.51045167129539 100.51171504242137 100.51117359765311 100.50846637381169 100.50648107632797 100.50214951818168 100.49619362573056 100.49014749248471
100.90769164962691 100.91021839187891 100.91039887346834 100.91743765545604 100.93214690499444 100.9434270043337 100.9472171177117 100.95091699029498 100.95741432751439 100.9593996249981 100.95190963903683 100.95389493652053 100.97591369043079 101.06498135481361 101.08420264408772 101.07247134077488 101.0489184933545 101.00569315268643 100.93268834976273 100.89343360406208 100.92068632406574 100.88242422710697 100.78821283742542 100.70843997489816 100.63642782071629 100.58246382547725 100.53093633169549 100.52245369699236 100.53147777646377 100.52696573672807 100.52416827209194 100.52173177063464 100.51721973089894 100.51297841354737 100.51342961752094 100.51415154387865 100.51342961752094 100.51342961752094 100.51045167129539 100.50521770520197 100.5009763878504 100.49393760586271 100.48969628851114
100.91292561572034 100.9057063521432 100.90715020485862 100.90868429836877 100.92068632406574 100.93864424221385 100.94044905810813 100.94568302420156 100.94866097042713 100.95795577228267 100.9484804888377 100.94044905810813 100.9517291574474 101.05045258686465 101.09322672355913 101.09593394740055 101.02022192063541 100.93792231585614 100.86816618154212 100.86545895770071 100.89966021889737 100.88098037439154 100.8341454019349 100.76664528748874 100.69869396906903 100.60321920826149 100.54320907977662 100.51469298864694 100.52570236560207 100.52119032586637 100.5182123796408 100.51496371103109 100.51496371103109 100.5144222662628 100.51496371103109 100.51496371103109 100.51243696877908 100.51297841354737 100.50972974493767 100.50422505646011 100.49917157195611 100.4952009769887 100.49141086361071
100.97293574420522 100.96797250049595 100.96616768460166 100.96373118314438 100.94866097042713 100.94071978049227 100.93368099850458 100.93070305227901 100.93747111188256 100.95091699029498 100.94414893069141 100.93692966711428 100.95118771267913 101.02392179321869 101.04648199189722 101.00596387507058 100.89767492141365 100.8526447648513 100.85670560061344 100.88892156432638 100.94893169281127 100.95642167877253 100.91491091320405 100.83396492034548 100.7304587288084 100.61116039819635 100.54023113355105 100.50945902255354 100.51721973089894 100.51370033990509 100.51297841354737 100.51342961752094 100.5144222662628 100.51243696877908 100.51171504242137 100.51090287526897 100.51045167129539 100.50846637381169 100.5053981867914 100.50296168533411 100.50142759182397 100.49944229434026 100.49872036798254
101.05794257282591 101.0527086067325 101.0387212835518 101.01643180725742 100.97645513519906 100.95064626791084 100.9344029248623 100.92817631002701 100.93747111188256 100.93792231585614 100.9344029248623 100.94496109784384 100.99639835083089 101.01164904513757 100.97022852036379 100.90164551638107 100.85814945332886 100.88991421306822 100.92718366128516 100.95389493652053 100.9504657863214 100.96616768460166 100.93747111188256 100.85417885836144 100.70419865754658 100.58896116269666 100.53021440533777 100.51018094891126 100.51496371103109 100.51018094891126 100.50991022652711 100.51072239367953 100.50891757778525 100.50972974493767 100.51117359765311 100.51144432003723 100.50891757778525 100.50621035394383 100.50467626043368 100.50368361169183 100.50142759182397 100.50341288930768 100.50648107632797
101.07093724726474 101.0554158305739 101.04097730341965 101.01814638235699 100.98168910129249 100.95218036142096 100.93016160751073 100.92095704644989 100.91996439770803 100.92971040353716 100.93368099850458 100.95714360513024 101.01047591480629 100.98322319480263 100.93341027612044 100.89072638022066 100.95696312354082 100.99242775586346 100.9811476565242 100.92718366128516 100.90715020485862 100.92546908618559 100.88215350472282 100.78947620855142 100.65646127714282 100.57443239474769 100.52371706811836 100.5091883001694 100.51045167129539 100.50846637381169 100.50864685540111 100.5091883001694 100.50864685540111 100.51018094891126 100.50945902255354 100.5053981867914 100.50169831420811 100.50440553804954 100.50819565142754 100.50891757778525 100.50566890917554 100.51622708215709 100.5194757507668
101.05965714792548 101.04043585865136 101.02744118421253 101.00695652381243 100.9824110276502 100.93972713175042 100.91870102658203 100.90994766949477 100.91121104062077 100.92772510605344 100.92817631002701 100.94640495055927 100.9778989879145 100.9472171177117 100.90471370340134 100.9159035619459 101.00244448407672 100.99089366235333 100.93043232989487 100.87547568591397 100.89244095532023 100.87547568591397 100.82467011848993 100.72847343132469 100.62090640402546 100.5559330318313 100.52290490096594 100.50819565142754 100.5053981867914 100.50621035394383 100.50566890917554 100.50521770520197 100.50621035394383 100.5066615579174 100.50864685540111 100.50693228030154 100.52570236560207 100.54140426388233 100.54564558123388 100.55015762096959 100.55069906573787 100.55791832931502 100.54790160110174
101.04440645361879 101.03917248752538 101.02446323798698 101.00370785520272 100.98168910129249 100.94694639532756 100.93268834976273 100.92465691903317 100.91220368936263 100.91292561572034 100.9139182644622 100.92393499267546 100.96165564486596 100.92095704644989 100.86248101147514 100.86870762631041 100.93494436963057 100.92889823638473 100.87872435452368 100.87340014763555 100.88314615346468 100.86392486419058 100.80716340431539 100.71421538575986 100.60367041223506 100.54690895235989 100.5156856373888 100.50765420665925 100.50395433407597 100.50323240771826 100.50296168533411 100.50269096294997 100.5053981867914 100.51189552401081 100.5169490085148 100.54492365487619 100.57515432110542 100.59121718256452 100.59744379739979 100.60114366998306 100.61242376932233 100.61170184296462 100.59942909488349
101.01092711877986 101.01020519242215 101.00145183533488 100.98096717493478 100.96373118314438 100.95389493652053 100.93945640936627 100.9261910125433 100.90715020485862 100.89740419902951 100.9044429810172 100.91491091320405 100.96346046076023 100.86139812193858 100.80319280934796 100.79714667610213 100.86320293783285 100.87222701730427 100.88440952459067 100.8794462808814 100.8736708700197 100.88892156432638 100.83170890047764 100.72071272297927 100.59166838653809 100.53391427792106 100.5144222662628 100.5066615579174 100.50269096294997 100.49989349831384 100.4997130167244 100.50566890917554 100.50972974493767 100.52046839950866 100.53265090679506 100.56044507156702 100.58869044031252 100.59915837249936 100.60565570971877 100.62397459104574 100.64247395396214 100.642203231578 100.62920855713917
100.97744778394092 100.98042573016649 100.97167237307922 100.96165564486596 100.94189291082355 100.93846376062442 100.94667567294341 100.93322979453102 100.92971040353716 100.86942955266812 100.87646833465583 100.86771497756855 100.91473043161461 100.79768812087042 100.77891803556987 100.77296214311875 100.8564348782293 100.8359502178292 100.84822296591032 100.86248101147514 100.86446630895885 100.89740419902951 100.82367746974808 100.71241056986558 100.5776810633574 100.52868031182763 100.5091883001694 100.50341288930768 100.5009763878504 100.49872036798254 100.50341288930768 100.50972974493767 100.51496371103109 100.52967296056948 100.54194570865062 100.55042834335373 100.57091300375384 100.58047852799353 100.59744379739979 100.61594316031618 100.64319588031985 100.64021793409428 100.62695253727131
100.95768504989853 100.9619263672501 100.97122116910565 100.96373118314438 100.92889823638473 100.91220368936263 100.92447643744373 100.93566629598828 100.95091699029498 100.85616415584515 100.78415200166329 100.76718673225703 100.79642474974442 100.74164858735294 100.73316595264981 100.79516137861842 100.88269494949111 100.82115072749608 100.78496416881572 100.79795884325456 100.83622094021334 100.85147163452001 100.77097684563503 100.66990715555522 100.55746712534145 100.5182123796408 100.50169831420811 100.49420832824684 100.50016422069797 100.50323240771826 100.5079249290434 100.51469298864694 100.51893430599851 100.53265090679506 100.53716294653076 100.54465293249204 100.56215964666657 100.5809297319671 100.59870716852578 100.61296521409061 100.63841311819999 100.62920855713917 100.61368714044832
100.93368099850458 100.94315628194956 100.95569975241482 100.95669240115667 100.92068632406574 100.89217023293608 100.86266149306458 100.86771497756855 100.86870762631041 100.78397152007386 100.70519130628844 100.67965316138435 100.70140119291044 100.6914747054919 100.73090993278197 100.80797557146782 100.86392486419058 100.79669547212856 100.75617735530192 100.72693933781454 100.75446278020235 100.73415860139167 100.65790512985825 100.5636937401767 100.52443899447607 100.51072239367953 100.49267423473671 100.48897436215343 100.50142759182397 100.50648107632797 100.51370033990509 100.52091960348223 100.52597308798622 100.53346307394749 100.53797511368319 100.54492365487619 100.56522783368685 100.58968308905438 100.61070919422276 100.62397459104574 100.62722325965545 100.60944582309678 100.59672187104208
