static/data/pressure/2023/7/23/6.asc
ncols 137
nrows 93
xllcorner 108.0
yllcorner 17.0
cellsize 0.25
NODATA_value -32767
[rows 0 to 18 of 93, columns 86 to 128 of 137]
100.54997713938016 100.57849323050984 100.60096318839364 100.61747725382632 100.63227674415943 100.64897129118154 100.6709900450918 100.69472337410161 100.71953959264798 100.74525821914152 100.77178901278745 100.79850028802284 100.8257530080265 100.85345693200372 100.88125109677569 100.9094964655212 100.93873448300856 100.96896514923779 100.99874461149346 101.02771190659668 101.05379149626906 101.07951012276258 101.10396537813011 101.12670605839807 101.14746144118232 101.1659608040987 101.18346751827325 101.19998158370593 101.21604444516504 101.23102441708758 101.24600438901012 101.26170628729038 101.27903251987549 101.29500514053989 101.31224113233029 101.33245507034624 101.3449985408115 101.35826393763448 101.37225126081518 101.38452400889629 101.39228471724171 101.39851133207698 101.4075354115484
100.55196243686387 100.58300527024552 100.60502402415578 100.62271121991975 100.64003745250486 100.65799537065297 100.68254086681519 100.70853021569286 100.7349707685441 100.7637575820579 100.79227367318757 100.82024831954894 100.84975705942045 100.87728050180826 100.90471370340134 100.93277859055745 100.9612946816871 100.99026197679032 101.01850734553585 101.04449669441351 101.07075676567531 101.09575346581113 101.11975751720509 101.13924952886332 101.15747816939557 101.17498488357012 101.19204039377108 101.20729108807777 101.22272226397389 101.238785125433 101.25403581973968 101.27027916278823 101.2867932282209 101.30222440411703 101.31801654319199 101.33299651511453 101.3475252830635 101.36079067988648 101.37324390955703 101.38551665763815 101.3930066435994 101.3999551847924 101.41773262135108
100.55575255024188 100.58327599262967 100.6064678768712 100.62722325965545 100.64770792005555 100.66927546999223 100.69571602284347 100.7235101876154 100.75202627874506 100.782978871332 100.81320953756124 100.84271827743275 100.87321966604613 100.90047238604978 100.92826655082173 100.95723384592496 100.98403536195507 101.01074663719044 101.03727743083637 101.06371798368761 101.08997805494941 101.11371138395924 101.13374484038577 101.15323685204402 101.17074356621856 101.1869869092671 101.20295952993149 101.21821022423818 101.23346091854486 101.24853113126213 101.26324038080053 101.27876179749134 101.2944636957716 101.31052655723072 101.32577725153739 101.3404865010758 101.35474454664063 101.36701729472175 101.375770651809 101.382719193002 101.3930066435994 101.40076735194484 101.41096456174752
100.57001059580669 100.59446585117423 100.61377738124304 100.63471324561672 100.65646127714282 100.6832627931729 100.713222737018 100.74300219927366 100.77503768139717 100.80752436749425 100.83820623769704 100.86870762631041 100.89821636618194 100.92573980856973 100.95272180618925 100.97997452619292 101.00452002235515 101.03023864884868 101.05704016487877 101.08203686501459 101.10622139799796 101.12923280065006 101.14926625707659 101.1672241752247 101.18328703668382 101.19646219271208 101.21270553576062 101.22822695245144 101.24320692437398 101.25845761868067 101.27452048013978 101.29076382318831 101.30646572146858 101.3187384695497 101.33200386637267 101.34572046716922 101.35546647299834 101.36873186982132 101.37974124677643 101.39174327247342 101.40600131803825 101.41872527009293 101.43298331565776
100.59329272084295 100.61576267872675 100.63245722574887 100.65348333091725 100.67820930866893 100.7087106972823 100.73903160430623 100.77097684563503 100.80427569888454 100.83549901385561 100.86672232882671 100.89749443982423 100.92546908618559 100.95227060221568 100.97898187745106 101.00397857758686 101.02771190659668 101.05297932911664 101.07698338051058 101.09999478316269 101.12454027932492 101.14628831085103 101.16523887774099 101.18021884966353 101.19447689522836 101.20900566317734 101.22551972861001 101.24022897814841 101.25520895007097 101.27352783139794 101.28751515457863 101.30348777524301 101.31801654319199 101.3290259201471 101.3424717985595 101.35474454664063 101.36295645895962 101.37748522690858 101.38479473128044 101.39075062373156 101.39878205446112 101.41827406611937 101.43523933552562
100.61846990256818 100.64048865647842 100.65727344429526 100.67902147582136 100.7042888983413 100.73803895556438 100.77070612325089 100.80301232775854 100.83622094021334 100.86672232882671 100.8980358845925 100.92673245731159 100.95326325095753 100.9797940446035 101.00424929997101 101.02825335136497 101.05126475401707 101.07346398951674 101.09701683693713 101.12002823958923 101.13997145522103 101.1615390051577 101.17778234820625 101.1927623201288 101.20702036569362 101.22073696649018 101.23571693841272 101.25150907748768 101.27000844040408 101.28877852570461 101.30321705285887 101.31828726557613 101.33299651511453 101.3424717985595 101.34996178452079 101.36124188386005 101.3654832012116 101.37847787565043 101.3857873800223 101.39174327247342 101.42576405208065 101.44624871248074 101.45924338691958
100.64951273594983 100.6640415038988 100.6832627931729 100.70501082469902 100.73596341728594 100.77025491927732 100.8034635317321 100.83622094021334 100.86870762631041 100.8992090149238 100.92754462446402 100.9562411971831 100.98123789731892 101.00650531983887 101.0309605752064 101.05198668037478 101.07472736064274 101.09674611455299 101.11696005256894 101.13897880647917 101.15847081813743 101.17498488357012 101.1909575042345 101.20521554979935 101.21748829788046 101.231204898677 101.2477189641097 101.26748169815208 101.28598106106848 101.30375849762716 101.32027256305985 101.33525253498239 101.34653263432165 101.3532104531305 101.3609711614759 101.36828066584775 101.37225126081518 101.38326063777029 101.38127534028658 101.3857873800223 101.44128546877147 101.48947405314881 101.50273944997178
100.67198269383366 100.68497736827247 100.70501082469902 100.73803895556438 100.76926227053546 100.8027416053744 100.83874768246532 100.87096364617827 100.89975045969207 100.92952992194773 100.95822649466682 100.98376463957092 101.00876133970672 101.03375803984254 101.05496462660034 101.07599073176873 101.09846068965255 101.11777221972137 101.13753495376376 101.15720744701143 101.17354103085468 101.18897220675079 101.20350097469978 101.2145103516549 101.22976104596158 101.24275572040041 101.26071363854852 101.27948372384905 101.30177320014344 101.3187384695497 101.3359744613401 101.34725456067936 101.35627864015078 101.36124188386005 101.36954403697375 101.37649257816673 101.37929004280286 101.38127534028658 101.3705366857156 101.37324390955703 101.44128546877147 101.49696403911007 101.51853158904675
100.68723338814033 100.70699612218273 100.72576620748326 100.76447950841562 100.80147823424839 100.83522829147148 100.86997099743641 100.89975045969207 100.92853727320588 100.95651191956725 100.98574993705462 101.01020519242215 101.03529213335267 101.05875473997834 101.07878819640487 101.09999478316269 101.11975751720509 101.1377154353532 101.15720744701143 101.17399223482826 101.18725763165125 101.20097423244779 101.21270553576062 101.2235344311263 101.23896560702244 101.25448702371325 101.27027916278823 101.28850780332047 101.31278257709856 101.33425988624053 101.34797648703707 101.35546647299834 101.36051995750233 101.36295645895962 101.37125861207332 101.3782071532663 101.37297318717289 101.36295645895962 101.35050322928907 101.383982564128 101.44002209764547 101.50373209871363 101.53748215593671
100.7004987849633 100.72522476271497 100.75148483397678 100.78902500457785 100.82800902789435 100.86627112485314 100.89902853333436 100.92727390207988 100.95524854844125 100.98403536195507 101.01002471083271 101.03700670845222 101.06128148223033 101.08248806898816 101.10252152541469 101.12300618581479 101.13897880647917 101.15603431668015 101.17498488357012 101.18725763165125 101.19998158370593 101.2112616830452 101.22127841125847 101.23328043695544 101.2464555929837 101.26098436093267 101.27876179749134 101.30475114636901 101.32821375299467 101.34472781842736 101.35275924915692 101.35871514160804 101.35799321525035 101.35997851273405 101.36024923511819 101.3667465723376 101.35826393763448 101.3577224928662 101.35275924915692 101.41646925022508 101.48478153182367 101.55101827514383 101.5757442528955
100.70952286443472 100.74426557039966 100.7802716474906 100.81600700219738 100.85751776776587 100.89848708856609 100.92925919956359 100.95326325095753 100.98024524857706 101.00803941334901 101.03447996620025 101.0629960573299 101.08546601521373 101.10549947164024 101.12454027932492 101.1397909736316 101.15549287191186 101.1710142886027 101.1869869092671 101.19754508224865 101.2094568671509 101.22001504013247 101.22597093258359 101.23995825576426 101.25304317099783 101.26928651404637 101.29374176941388 101.31503859696642 101.33128194001496 101.34400589206965 101.35853466001863 101.3577224928662 101.35122515564679 101.34472781842736 101.33651590610839 101.33398916385639 101.33074049524667 101.34003529710223 101.38371184174386 101.45626544069401 101.50499546983963 101.52629229739216 101.53378228335343
100.74525821914152 100.77052564166146 100.81546555742909 100.84750103955261 100.8839583206171 100.92122776883403 100.95254132459982 100.97771850632506 101.00497122632872 101.03303611348483 101.0610107598462 101.08600745998201 101.1064921203821 101.12499148329849 101.14376156859903 101.15603431668015 101.1710142886027 101.18527233416754 101.19628171112265 101.20801301443548 101.21848094662232 101.22696358132545 101.23246826980301 101.24798968649384 101.26071363854852 101.27650577762348 101.30023910663331 101.31503859696642 101.3424717985595 101.36602464597989 101.37026596333146 101.33678662849253 101.33173314398853 101.3404865010758 101.35050322928907 101.35627864015078 101.36476127485389 101.39399929234126 101.47323071010027 101.57303702905408 101.61147960760229 101.60227504654144 101.56175692971482
100.78496416881572 100.79597354577085 100.8417256286909 100.87700977942411 100.91202320777319 100.94478061625442 100.97446983771536 101.00072990897716 101.02897527772268 101.05749136885234 101.08375144011416 101.10721404673981 101.12670605839807 101.14222747508889 101.15648552065372 101.16650224886699 101.1787749969481 101.19149894900279 101.20025230609006 101.2132469805289 101.22100768887432 101.22777574847787 101.23950705179071 101.25196028146127 101.26396230715824 101.28002516861734 101.30547307272673 101.314226429814 101.33678662849253 101.34003529710223 101.30953390848886 101.32099448941756 101.41448395274138 101.48198406718753 101.5195242377886 101.51347810454276 101.52674350136574 101.56329102322493 101.62925704416097 101.76227197556958 101.75324789609816 101.69125247012957 101.56121548494653
100.83125769650407 100.82999432537807 100.86997099743641 100.90678924167977 100.93999785413456 100.97176261387393 100.99847388910932 101.0265387762654 101.05451342262677 101.0802320491203 101.10423610051424 101.12526220568263 101.14024217760517 101.15450022317002 101.16550960012513 101.17651897708025 101.18770883562482 101.19772556383808 101.20647892092533 101.21775902026461 101.22272226397389 101.2292196011933 101.24546294424184 101.25177979987183 101.26603784543666 101.28399576358477 101.30177320014344 101.30628523987916 101.32749182663696 101.33272579273039 101.31377522584042 101.39824060969283 101.53748215593671 101.67221166244488 101.59198759594403 101.56996884203379 101.63999569873195 101.70650316443624 101.67221166244488 101.72021976523278 101.70478858933667 101.60272625051502 101.49579090877879
100.86699305121086 100.86726377359498 100.90002118207622 100.93647846314072 100.96950659400608 100.99748124036746 101.02428275639754 101.05126475401707 101.07526880541101 101.10053622793097 101.12147209230464 101.13753495376376 101.15197348091802 101.1615390051577 101.17146549257627 101.18048957204768 101.18626498290939 101.19546954397022 101.20323025231563 101.21252505417118 101.21848094662232 101.22876839721972 101.24347764675812 101.25051642874583 101.26874506927808 101.28697370981034 101.28327383722706 101.30123175537517 101.33777927723438 101.43199066691591 101.43975137526132 101.52024616414631 101.66273637899991 101.78176398722782 101.57096149077564 101.57276630666993 101.63954449475837 101.66273637899991 101.58070749660476 101.58873892733433 101.57827099514749 101.4932641665268 101.46050675804557
100.88125109677569 100.89821636618194 100.9325078681733 100.96797250049595 100.99621786924146 101.02446323798698 101.0494599381228 101.0732835079273 101.09701683693713 101.11623812621123 101.13527893389592 101.1480028859506 101.15549287191186 101.16496815535685 101.17272886370226 101.18103101681596 101.18671618688296 101.19501833999665 101.20295952993149 101.2107202382769 101.21378842529718 101.22371491271574 101.23652910556515 101.24871161285155 101.26675977179437 101.28020565020677 101.27452048013978 101.30926318610472 101.44227811751333 101.53748215593671 101.57051028680208 101.59749228442159 101.73853864655976 101.74250924152717 101.5610350033571 101.58449760998276 101.64297364495751 101.66598504760961 101.52827759487586 101.45951410930373 101.44877545473274 101.45698736705172 101.45274604970015
100.91626452512476 100.93322979453102 100.96878466764838 100.99775196275161 101.02599733149711 101.04973066050694 101.07373471190088 101.09575346581113 101.11253825362795 101.13175954290206 101.14249819747303 101.14926625707659 101.15675624303786 101.16171948674715 101.16821682396656 101.1762482546961 101.18048957204768 101.18852100277724 101.19546954397022 101.20350097469978 101.20647892092533 101.21676637152275 101.22976104596158 101.24176307165855 101.25674304358111 101.27027916278823 101.28850780332047 101.37721450452445 101.51077088070134 101.58521953634047 101.61102840362872 101.62627909793541 101.67428720072331 101.67825779569074 101.60353841766744 101.6390030499901 101.69774980734897 101.71525652152351 101.59027302084446 101.49353488891094 101.41854478850351 101.42648597843835 101.44570726771245
100.96102395930295 100.9734771889735 101.00596387507058 101.03050937123282 101.0527086067325 101.07626145415287 101.09701683693713 101.11271873521738 101.12851087429235 101.1385276025056 101.14520542131446 101.14998818343432 101.1525149256863 101.15747816939557 101.16027563403172 101.16578032250928 101.16948019509256 101.18301631429968 101.18797955800896 101.19925965734822 101.2235344311263 101.23499501205501 101.23896560702244 101.23698030953872 101.25177979987183 101.28571033868434 101.3237919540537 101.43623198426748 101.49127886904309 101.55679368600553 101.55553031487953 101.63476173263852 101.68051381555857 101.74223851914304 101.69477186112341 101.71426387278166 101.69125247012957 101.70722509079395 101.65578783780691 101.5412722693147 101.45879218294601 101.43099801817405 101.44525606373888
101.00677604222301 101.01552939931028 101.03899200593594 101.05947666633605 101.0814954202463 101.09900213442084 101.11497475508523 101.12670605839807 101.13699350899549 101.14628831085103 101.14646879244046 101.1442127725726 101.14574686608275 101.16478767376742 101.1672241752247 101.17525560595425 101.21423962927075 101.23346091854486 101.24753848252027 101.26928651404637 101.30078055140159 101.29996838424917 101.28778587696276 101.27497168411335 101.28950045206233 101.32496508438497 101.36999524094732 101.44949738109045 101.47449408122627 101.46799674400684 101.46700409526498 101.57953436627348 101.68971837661942 101.76750594166298 101.81325802458305 101.77571785398197 101.71724181900721 101.65199772442892 101.60750901263486 101.52728494613402 101.48424008705538 101.45951410930373 101.47323071010027
