static/data/thetao/2023/7/22/12.asc
ncols 137
nrows 93
xllcorner 108.0
yllcorner 17.0
cellsize 0.25
NODATA_value -32767
[rows 27 to 53 of 93, columns 61 to 121 of 137]
25.654976 25.55813 25.476908 25.342834 25.03553 24.9861 25.040432 25.356796 25.871014 26.10744 26.243567 26.745567 -32767.0 -32767.0 26.656412 26.83976 27.394485 27.636616 27.714678 27.724493 27.648335 27.858751 27.540413 27.4412 26.948498 -32767.0 -32767.0 -32767.0 -32767.0 -32767.0 -32767.0 -32767.0 -32767.0 -32767.0 27.220798 26.20554 26.419369 -32767.0 -32767.0 -32767.0 27.762009 27.772285 27.4869 27.469946 27.187881 27.362823 27.001387 26.00029 26.037909 27.07228 27.80243 27.861065 27.817791 27.759007 27.922277 28.119373 27.968735 27.993847 28.42559 28.709524 28.757076
25.121588 24.766665 24.882576 24.752728 24.634373 24.835548 24.955336 25.153778 25.413265 25.496788 26.7153 27.201008 27.213428 27.11189 27.44808 27.514065 27.637875 27.744638 27.811443 28.052605 27.826885 27.683592 27.381105 -32767.0 26.961487 27.118856 -32767.0 -32767.0 29.583134 -32767.0 -32767.0 -32767.0 -32767.0 -32767.0 -32767.0 26.644249 26.52809 -32767.0 -32767.0 27.393026 27.218096 27.492493 27.651358 27.699928 27.588995 27.341084 26.461153 26.973797 26.854092 27.643381 27.633884 27.50071 27.426188 27.39228 27.748653 27.958248 27.928093 28.090063 28.587208 28.837692 28.80086
25.210743 25.002274 24.591784 24.4855 24.42404 24.497702 24.844042 25.050468 25.146614 25.02199 26.098967 27.238968 27.30198 27.369402 27.60108 27.701052 27.921865 28.082277 28.331339 28.473742 28.13062 27.70743 -32767.0 27.006214 27.047428 27.32309 27.526085 28.110884 -32767.0 29.083504 -32767.0 -32767.0 -32767.0 -32767.0 -32767.0 27.87416 27.978672 28.049759 27.24245 27.399828 27.670528 27.666185 27.6955 27.61309 27.39226 26.90657 26.663214 26.997786 26.964088 27.408495 27.503922 27.421463 27.327528 27.44303 27.714085 27.947777 27.881071 28.138756 28.743341 28.970446 28.874056
25.910896 25.680916 25.689005 24.601486 24.817225 24.554989 24.555655 24.81276 25.034254 25.00755 25.774601 27.065662 27.157272 27.330585 27.58188 27.708456 28.107267 28.395933 28.52246 28.641735 28.601305 28.224539 27.919262 27.844204 27.300303 27.07576 27.492775 28.021797 28.437847 29.38692 -32767.0 -32767.0 -32767.0 -32767.0 27.812092 27.790073 27.919033 28.006908 28.20397 28.510181 28.632051 28.529936 28.356537 28.220835 27.950857 27.178495 26.104242 26.284441 26.83845 26.87717 27.265982 27.293205 27.375437 27.801365 27.777626 27.972841 27.88526 28.161392 28.730406 29.131561 28.995916
26.097778 25.741022 25.843868 25.468039 25.603556 25.703522 25.115517 24.710958 24.706318 25.00727 25.5356 26.396313 26.804747 27.069298 27.397688 27.711985 28.218864 28.510805 28.764887 28.804352 28.631422 28.62748 28.589024 28.466347 28.223143 27.70501 27.301079 27.902231 28.669374 28.967913 -32767.0 -32767.0 -32767.0 -32767.0 28.267511 28.392735 28.409006 28.279455 28.360737 28.824005 29.102854 29.275066 29.023102 28.563904 28.49311 28.45151 28.18674 27.564081 26.963297 27.062622 26.889477 27.484783 27.838915 27.87172 27.98151 28.05573 28.176802 28.338928 28.57624 29.377151 29.269377
25.94694 26.016228 26.22731 26.439848 26.753672 26.268639 25.90425 25.465609 25.101126 25.294027 25.808989 26.765244 27.040987 27.285402 27.608282 27.952526 28.245289 28.449606 28.75702 28.996418 28.988749 28.868353 28.592634 28.553507 28.603018 28.24423 27.732231 27.672558 -32767.0 -32767.0 -32767.0 -32767.0 -32767.0 27.319536 28.200338 28.30246 28.151995 27.604937 28.607159 29.26728 29.132309 29.27744 29.305752 29.182991 28.956783 28.659044 28.504026 28.459246 28.271069 27.622816 27.460941 27.733885 28.212496 28.059631 28.296095 28.389215 28.4974 28.578596 28.689735 29.128376 29.422699
26.2176 26.504597 26.699154 26.873108 26.832594 26.614065 26.482819 26.245754 26.116196 25.841331 26.047789 26.80928 27.393618 27.659449 27.994064 28.161224 28.179579 28.331753 28.621922 28.877253 28.985615 29.030111 28.970648 28.626768 28.639584 28.483738 27.979324 27.850859 -32767.0 -32767.0 -32767.0 -32767.0 -32767.0 27.05075 28.18273 28.133522 28.256075 29.037338 29.324232 29.300875 29.496908 29.506098 29.513025 29.578459 29.473618 29.243486 28.94177 28.790245 28.66428 28.530745 27.940275 27.828497 28.301308 28.073942 28.332552 28.20619 28.148005 28.255917 28.568716 28.612019 29.155455
25.731754 26.118786 26.377924 26.724493 27.042221 27.185099 26.988258 26.617483 26.27912 26.273046 26.609943 27.51269 27.919567 28.039711 28.054678 28.129335 28.320822 28.559158 28.591547 28.61251 28.915546 29.043919 29.010866 28.891382 28.648428 28.397781 28.173803 28.06991 28.503159 -32767.0 28.723864 -32767.0 -32767.0 28.232124 29.066742 29.201408 29.216272 29.423683 29.861927 29.692068 29.672634 29.699003 29.684883 29.709105 29.75647 29.685091 29.423546 29.211384 29.081327 28.934238 28.771181 27.948847 28.094439 28.108255 28.17932 27.974613 27.885342 27.984222 28.45717 28.39871 28.840628
25.02658 25.727365 26.264051 27.125528 27.571127 27.786503 27.441763 26.92993 26.670422 26.765999 27.211332 27.843554 28.128397 28.029621 28.086393 28.202702 28.240921 28.310905 28.780851 29.104727 29.100702 29.053808 29.07963 29.020905 28.666405 28.507998 28.239506 28.206917 28.19538 28.351288 29.062122 -32767.0 28.07792 29.002047 29.436443 29.47927 29.52616 29.631441 29.78806 29.646015 29.66248 29.578518 29.774267 29.865057 29.847942 29.787806 29.655289 29.510593 29.360596 29.08612 28.74859 28.732553 27.89525 28.10081 27.81311 27.791075 27.797636 27.988453 28.505129 28.405067 28.618673
25.229671 25.857672 26.193657 26.708532 27.28632 28.00186 27.860954 27.437803 27.241573 27.309849 27.547428 27.88004 28.106663 28.10466 27.99572 27.999681 28.136442 28.450138 28.908005 29.068586 29.13157 29.015684 29.048298 29.087389 29.087805 28.69876 28.490082 28.557583 28.28067 28.266218 -32767.0 28.529222 28.89356 29.332777 29.150608 29.1909 29.496208 29.757744 29.644203 29.709293 29.567627 29.499355 29.620146 29.447178 29.5723 29.659552 29.62054 29.49374 29.405432 29.207872 29.004805 28.750645 28.20293 27.94932 27.771702 27.766989 27.733694 27.967882 28.578484 28.403475 28.516405
25.380358 26.564201 26.98557 26.857824 27.089016 27.58657 28.147406 28.112448 28.113577 28.174318 27.962448 27.955502 28.036678 28.061724 28.085451 28.165222 28.4108 28.413517 28.997715 29.123543 29.037245 29.074076 29.280504 29.277021 29.316454 29.191214 28.798758 28.921074 28.74985 28.75769 28.684849 28.83275 29.135963 29.281933 29.653578 29.756073 29.667112 29.685555 29.622555 29.713467 29.573345 29.508469 29.552599 29.595638 29.321133 29.478308 29.634365 29.601006 29.53748 29.3808 29.311651 29.115732 28.8712 28.013075 27.83356 27.700733 27.618824 28.139845 28.723028 28.44681 28.446714
25.677732 26.523344 27.110407 27.591026 27.960133 28.208822 28.147116 28.164906 28.355835 28.512627 28.42944 28.33754 28.458572 28.529846 28.470163 28.374773 28.55689 28.628006 29.093618 29.168646 29.0683 29.161686 29.354816 29.206741 29.21752 29.36593 29.32198 28.912668 -32767.0 29.094906 28.833195 -32767.0 29.172335 29.26901 29.414785 29.470224 29.615355 29.644121 29.51654 29.68913 29.649115 29.5526 29.587833 29.599632 29.423088 29.172897 29.227852 29.20282 29.177769 29.278389 29.461578 29.49421 29.035826 28.900953 28.217245 28.066994 28.205256 28.658941 28.767988 28.629354 28.430975
26.172058 27.01891 27.584251 27.572529 27.98109 28.094015 28.143467 28.234879 28.230654 28.395777 28.541544 28.45857 28.349663 28.37145 28.488962 28.605345 28.699966 28.896967 29.083223 29.185968 29.020887 29.119719 29.423048 29.325726 29.227705 29.28721 29.342651 29.413433 28.974354 -32767.0 28.998693 28.886805 29.10387 29.084396 28.975052 28.928267 29.280205 29.61638 29.491148 29.588394 29.547773 29.48838 29.52198 29.467821 29.425312 29.347984 29.21586 28.978413 29.11871 29.084772 29.116245 29.212242 29.286703 29.085188 29.06082 29.003988 29.015379 29.050838 28.698893 28.739925 28.343409
27.1997 27.596691 27.885977 27.918934 27.962454 28.317305 28.381357 28.186302 28.094072 28.19322 28.41832 28.245806 28.344305 28.720325 28.843796 28.712626 28.911203 28.954662 28.958143 29.011602 29.01329 29.20369 29.488152 29.236584 29.277956 29.483425 29.448153 29.639906 29.533909 29.18161 28.98602 29.278193 29.287909 29.291239 29.149035 29.198338 29.334398 29.510906 29.486372 29.54857 29.490507 29.425241 29.447325 29.426128 29.26794 29.229301 29.189653 29.162838 29.027012 28.992636 29.022045 29.046652 29.185682 29.348207 29.23778 29.15387 29.213081 29.057608 28.804438 28.544092 28.32909
27.707176 28.214046 28.312662 28.31135 28.288843 28.47757 28.517962 28.50941 28.438871 28.410698 28.330647 28.466522 28.70906 28.908499 28.897331 28.803318 28.900375 28.904469 29.041483 29.180271 29.29335 29.382835 29.36502 29.133121 29.572023 29.669727 29.75239 29.634626 29.799137 29.318014 29.129808 29.093687 29.270163 29.37352 29.207426 29.559225 29.619905 29.625654 29.483402 29.502161 29.489578 29.38374 29.447887 29.336697 29.250683 28.9574 28.918106 28.900488 29.099924 29.124048 28.988836 29.188549 29.15028 29.230133 29.284122 29.280186 29.138334 29.119804 28.887058 28.44669 28.414865
27.664267 28.37839 28.55647 28.847675 28.786644 28.826967 28.84758 28.720926 28.849073 28.914253 28.990776 28.983093 28.98987 29.16185 29.094482 29.040926 29.130978 29.305143 29.484629 29.461391 29.322721 29.296461 29.280022 29.270535 29.643839 29.764704 29.770428 29.649094 29.749947 29.828007 29.42457 29.219301 29.294783 29.36433 29.842438 29.664635 29.627369 29.66539 29.478462 29.524376 29.467958 29.425646 29.461298 29.290514 29.146587 28.915771 28.870428 28.804255 28.74563 28.961271 28.979551 29.088419 29.079306 29.111155 29.086878 28.960913 29.126076 28.993198 28.749245 28.457981 28.446518
27.902678 28.433922 28.879004 28.675339 28.565872 28.447351 28.577711 28.74323 28.770422 28.894165 29.025097 29.122831 29.223183 29.2547 29.168488 29.240608 29.45739 29.71883 29.462282 29.36322 29.375872 29.313349 29.271872 29.501623 29.66535 29.753824 29.676056 29.73344 29.664371 29.650118 29.681044 29.520945 29.525702 29.856834 29.744951 29.68279 29.678448 29.660952 29.498446 29.543194 29.518396 29.46383 29.510355 29.340569 29.155737 29.168118 29.21134 29.118248 28.96348 28.838297 28.978798 28.947786 29.079628 29.159636 28.93126 29.051884 29.020704 28.983932 28.97661 28.624216 28.591911
27.978016 28.528385 29.150614 29.075884 28.741045 28.586088 28.624119 28.846653 28.878149 29.021713 29.065645 29.270195 29.34663 29.342974 29.376755 29.500332 29.645252 29.464478 29.3302 29.351938 29.3327 29.258749 29.612532 29.414577 29.405277 29.809826 29.782701 29.843943 29.83488 29.82922 29.850252 29.774555 29.76153 29.600864 29.602064 29.686398 29.742155 29.732231 29.597479 29.598648 29.507513 29.463528 29.478287 29.352915 29.36732 29.345385 29.260439 29.209936 29.13159 29.240532 29.0868 28.922058 28.970516 28.959818 28.908241 28.989342 29.064367 29.128517 29.110495 28.854109 28.591116
28.346315 28.855679 29.077967 29.285337 29.216564 29.039215 28.972197 28.931133 29.110113 29.0764 29.286194 29.392553 29.37327 29.309488 29.550076 29.654663 29.650541 29.475101 29.36771 29.403625 29.376308 29.50615 29.41691 29.398354 29.580473 29.684757 29.820045 29.793722 29.832212 29.847477 29.743626 29.53842 29.509947 29.62582 29.62427 29.585203 29.627396 29.719208 29.662117 29.68043 29.579927 29.513083 29.508465 29.459797 29.30257 29.472607 29.339218 29.205256 29.074562 29.148783 29.208473 29.028791 28.976362 28.841574 28.96621 29.07747 29.363783 29.353107 29.246687 29.041307 29.028498
29.292423 29.460737 29.462984 29.485544 29.358074 29.161747 29.039991 29.122362 29.346155 29.236267 29.47952 29.412409 29.188927 29.470854 29.698189 29.732948 29.66911 29.437454 29.43828 29.357737 29.563467 29.59751 29.483568 29.471071 29.50816 29.462524 29.267906 29.4801 29.544373 29.543306 29.630072 29.610947 29.54545 29.40407 29.33309 29.339672 29.53485 29.672136 29.675169 29.775612 29.642042 29.617746 29.542734 29.52449 29.418941 29.431639 29.316395 29.233763 29.17753 29.107683 29.064358 29.014812 28.891842 28.950155 29.032955 29.443949 29.514908 29.477333 29.302525 29.21653 29.246225
29.916666 29.875095 29.778923 29.760977 29.278858 29.204674 29.523365 29.478294 29.386456 29.485266 29.565844 29.526299 29.56104 29.712763 29.802622 29.79873 29.581167 29.426249 29.441277 29.447727 29.433506 29.520676 29.400223 29.34243 -32767.0 29.263823 29.403362 29.315737 29.515917 29.803316 29.622604 29.471334 29.463877 29.383883 29.348072 29.304535 29.36106 29.534489 29.59444 29.80903 29.77314 29.6922 29.635195 29.566439 29.445152 29.386196 29.322422 29.29681 29.436255 29.399796 29.234123 29.011065 28.953781 29.056175 29.475489 29.71807 29.489635 29.44639 29.287012 29.324387 29.377918
29.56653 29.769087 29.850939 29.819666 29.321903 29.382172 29.591545 29.480017 29.311474 29.607628 29.53712 29.642809 29.73678 29.87784 29.821384 29.872736 29.55287 29.499968 29.499813 29.495165 29.415691 29.614433 29.420052 29.381037 29.275232 29.447104 29.418911 29.441769 29.703669 29.601307 29.618631 29.665304 29.562586 29.46793 29.48796 29.421127 29.372795 29.512121 29.539665 29.831842 29.84536 29.760279 29.725777 29.544207 29.516088 29.46937 29.298265 29.341173 29.508423 29.533371 29.403183 29.366404 29.33435 29.47004 29.656576 29.815178 29.610052 29.567251 29.439095 29.459583 29.559332
29.656706 29.834867 29.773563 29.844852 29.577272 29.283207 29.490053 29.589643 29.695606 29.600399 29.566341 29.691881 29.629688 29.908197 29.859835 29.906971 29.57266 29.584003 29.529003 29.471045 29.548607 29.272905 29.235323 -32767.0 29.48857 29.558363 29.574228 29.551767 29.741545 29.584143 29.773947 29.74688 29.635506 29.55901 29.549927 29.489151 29.355133 29.442507 29.526104 29.827452 29.78591 29.809113 29.740932 29.53503 29.679768 29.724997 29.80893 29.635397 29.428417 29.477707 29.613922 29.50239 29.563356 29.656961 29.835163 29.869867 29.880455 29.688866 29.552002 29.668457 29.533112
29.812794 29.804842 29.788372 29.591621 29.581182 29.31667 29.652405 29.773794 29.77848 29.6269 29.675436 29.826626 29.904982 29.919617 29.882692 29.8486 29.620613 29.630327 29.59028 29.550985 29.481876 29.427074 29.340384 29.420582 29.558634 29.686968 29.708893 29.777409 29.651087 29.753029 29.806139 29.746384 29.666197 29.555872 29.519978 29.472565 29.402485 29.477444 29.643698 29.819332 29.827156 29.86871 29.652418 29.672218 29.69596 29.812485 29.904888 29.945354 29.900114 29.60922 29.713295 29.596292 29.776867 29.948542 29.89082 29.924343 29.80253 29.934792 29.861998 29.833263 29.850264
29.461113 29.766418 29.839678 29.75671 29.70501 29.743103 29.814999 29.74906 29.810896 29.916113 29.950155 29.94659 30.038313 30.013765 29.956028 29.779465 29.682167 29.661003 29.681171 29.532934 29.30698 29.270264 29.272272 29.457043 29.601204 29.702534 29.70973 29.846344 29.616451 29.889608 29.782467 29.734926 29.51578 29.515764 29.456743 29.499313 29.49176 29.587955 29.727076 29.78814 29.849913 29.793455 29.677298 29.699556 29.779615 29.799803 29.890516 29.967306 30.019432 29.838196 29.900486 29.925459 30.000328 29.848972 29.982489 30.074873 29.99203 30.266634 30.17563 29.995146 29.976847
29.45814 29.688444 29.955164 29.884012 29.914165 29.857897 29.861193 29.854124 29.851475 29.942757 30.267754 30.35581 30.026463 29.950583 30.018745 29.77413 29.712835 29.72499 29.726072 29.6117 29.225088 29.40369 29.360237 29.493866 29.73641 29.753477 29.824312 29.90124 29.654238 29.902966 29.742483 29.720764 29.532393 29.513142 29.48549 29.534454 29.554644 29.652077 29.745241 29.88934 29.848408 29.770227 29.768902 29.726908 29.886389 29.939293 29.997952 30.017086 30.044245 29.906418 29.92977 29.932835 29.969585 30.087511 30.02267 30.01061 30.090332 30.233316 30.167797 30.19044 30.035368
29.545197 29.395351 29.788506 29.766369 29.406511 29.43136 29.474083 29.447899 29.832306 30.156057 30.35197 30.3867 29.986774 30.04842 29.856413 29.723917 29.696327 29.745514 29.679466 30.29737 -32767.0 29.290997 29.475418 29.479177 29.697449 29.76686 29.740969 29.945536 29.741083 29.917072 29.759478 29.74922 29.558857 29.51381 29.56805 29.56422 29.646296 29.655659 29.821596 29.927328 29.778013 29.736572 29.662872 29.806795 29.958853 30.048248 30.132713 30.144249 30.035133 30.03648 30.017246 30.045042 29.843008 30.004684 30.069227 30.029074 30.123672 30.196035 30.351486 30.300766 30.272812
