static/data/thetao/2023/7/22/18.asc
ncols 137
nrows 93
xllcorner 108.0
yllcorner 17.0
cellsize 0.25
NODATA_value -32767
[rows 54 to 80 of 93, columns 0 to 60 of 137]
-32767.0 -32767.0 -32767.0 -32767.0 -32767.0 -32767.0 -32767.0 -32767.0 -32767.0 -32767.0 -32767.0 -32767.0 -32767.0 -32767.0 -32767.0 -32767.0 -32767.0 -32767.0 -32767.0 -32767.0 -32767.0 -32767.0 -32767.0 -32767.0 -32767.0 -32767.0 -32767.0 -32767.0 -32767.0 -32767.0 -32767.0 -32767.0 -32767.0 -32767.0 -32767.0 -32767.0 -32767.0 -32767.0 -32767.0 -32767.0 -32767.0 -32767.0 -32767.0 -32767.0 -32767.0 -32767.0 -32767.0 -32767.0 27.031887 26.165848 27.134787 27.681995 28.258354 29.01691 30.057278 30.1478 29.980202 29.95662 30.130644 29.736288 29.40102
-32767.0 -32767.0 -32767.0 -32767.0 -32767.0 -32767.0 -32767.0 -32767.0 -32767.0 -32767.0 -32767.0 -32767.0 -32767.0 -32767.0 -32767.0 -32767.0 -32767.0 -32767.0 -32767.0 -32767.0 -32767.0 -32767.0 -32767.0 -32767.0 -32767.0 -32767.0 -32767.0 -32767.0 -32767.0 -32767.0 -32767.0 -32767.0 -32767.0 -32767.0 -32767.0 -32767.0 -32767.0 -32767.0 -32767.0 -32767.0 -32767.0 -32767.0 -32767.0 -32767.0 -32767.0 -32767.0 -32767.0 30.942484 -32767.0 27.822464 27.976486 28.251596 28.609108 29.65404 30.015888 30.11025 30.06957 30.241722 30.022612 29.777945 29.729605
-32767.0 -32767.0 -32767.0 -32767.0 -32767.0 -32767.0 -32767.0 -32767.0 -32767.0 -32767.0 -32767.0 -32767.0 -32767.0 -32767.0 -32767.0 -32767.0 -32767.0 -32767.0 -32767.0 -32767.0 -32767.0 -32767.0 -32767.0 -32767.0 -32767.0 -32767.0 -32767.0 -32767.0 -32767.0 -32767.0 -32767.0 -32767.0 -32767.0 -32767.0 -32767.0 -32767.0 -32767.0 -32767.0 -32767.0 -32767.0 -32767.0 -32767.0 -32767.0 -32767.0 -32767.0 -32767.0 -32767.0 31.726295 28.703098 28.268673 28.659462 28.592197 28.915182 29.859257 30.300941 30.236048 30.257847 30.113768 29.929274 29.865047 29.859043
-32767.0 -32767.0 -32767.0 -32767.0 -32767.0 -32767.0 -32767.0 -32767.0 -32767.0 -32767.0 -32767.0 -32767.0 -32767.0 -32767.0 -32767.0 -32767.0 -32767.0 -32767.0 -32767.0 -32767.0 -32767.0 -32767.0 -32767.0 -32767.0 -32767.0 -32767.0 -32767.0 -32767.0 -32767.0 -32767.0 -32767.0 -32767.0 -32767.0 -32767.0 -32767.0 -32767.0 -32767.0 -32767.0 -32767.0 -32767.0 -32767.0 -32767.0 -32767.0 -32767.0 -32767.0 -32767.0 -32767.0 29.308342 28.199068 27.696974 28.950666 28.817425 29.852802 30.454607 30.78344 30.585669 29.91098 29.94054 29.818008 29.796247 30.04518
-32767.0 -32767.0 -32767.0 -32767.0 -32767.0 -32767.0 -32767.0 -32767.0 -32767.0 -32767.0 -32767.0 -32767.0 -32767.0 -32767.0 -32767.0 -32767.0 -32767.0 -32767.0 -32767.0 -32767.0 -32767.0 -32767.0 -32767.0 -32767.0 -32767.0 -32767.0 -32767.0 -32767.0 -32767.0 -32767.0 -32767.0 -32767.0 -32767.0 -32767.0 -32767.0 -32767.0 -32767.0 -32767.0 -32767.0 -32767.0 -32767.0 -32767.0 -32767.0 -32767.0 -32767.0 31.91014 -32767.0 29.922764 26.446003 27.729517 28.683346 29.353577 30.547682 30.69596 30.810827 30.331747 30.2291 30.08596 29.558208 30.148886 30.297369
-32767.0 -32767.0 -32767.0 -32767.0 -32767.0 -32767.0 -32767.0 -32767.0 -32767.0 -32767.0 -32767.0 -32767.0 -32767.0 -32767.0 -32767.0 -32767.0 -32767.0 -32767.0 -32767.0 -32767.0 -32767.0 -32767.0 -32767.0 -32767.0 -32767.0 -32767.0 -32767.0 -32767.0 -32767.0 -32767.0 -32767.0 -32767.0 -32767.0 -32767.0 -32767.0 -32767.0 -32767.0 -32767.0 -32767.0 -32767.0 -32767.0 -32767.0 -32767.0 -32767.0 -32767.0 -32767.0 27.838684 25.687462 27.673622 28.256987 29.022882 30.234396 30.786816 31.04652 30.850883 30.585009 30.446852 30.299555 29.941874 30.399063 30.498526
-32767.0 -32767.0 -32767.0 -32767.0 -32767.0 -32767.0 -32767.0 -32767.0 -32767.0 -32767.0 -32767.0 -32767.0 -32767.0 -32767.0 -32767.0 -32767.0 -32767.0 -32767.0 -32767.0 -32767.0 -32767.0 -32767.0 -32767.0 -32767.0 -32767.0 -32767.0 -32767.0 -32767.0 -32767.0 -32767.0 -32767.0 -32767.0 -32767.0 -32767.0 -32767.0 -32767.0 -32767.0 -32767.0 -32767.0 -32767.0 -32767.0 -32767.0 -32767.0 -32767.0 28.999853 25.547457 25.825104 28.11582 28.569462 28.792297 28.858929 29.896297 -32767.0 -32767.0 -32767.0 -32767.0 30.05546 29.779783 30.433659 30.387987 30.446234
-32767.0 -32767.0 -32767.0 -32767.0 -32767.0 -32767.0 -32767.0 -32767.0 -32767.0 -32767.0 -32767.0 -32767.0 -32767.0 -32767.0 -32767.0 -32767.0 -32767.0 -32767.0 -32767.0 -32767.0 -32767.0 -32767.0 -32767.0 -32767.0 -32767.0 -32767.0 -32767.0 -32767.0 -32767.0 -32767.0 -32767.0 -32767.0 -32767.0 -32767.0 -32767.0 -32767.0 -32767.0 -32767.0 -32767.0 -32767.0 -32767.0 -32767.0 -32767.0 25.687155 25.077469 27.697433 28.344885 28.767149 29.107868 29.456486 30.34826 31.28886 -32767.0 -32767.0 -32767.0 -32767.0 29.915674 30.280832 30.558111 30.289833 30.355265
-32767.0 -32767.0 -32767.0 -32767.0 -32767.0 -32767.0 -32767.0 -32767.0 -32767.0 -32767.0 -32767.0 -32767.0 -32767.0 -32767.0 -32767.0 -32767.0 -32767.0 -32767.0 -32767.0 -32767.0 -32767.0 -32767.0 -32767.0 -32767.0 -32767.0 -32767.0 -32767.0 -32767.0 -32767.0 -32767.0 -32767.0 -32767.0 -32767.0 -32767.0 -32767.0 -32767.0 -32767.0 -32767.0 -32767.0 -32767.0 -32767.0 30.550709 30.718998 28.268911 28.965242 27.626593 27.205616 29.646221 29.354666 30.1668 30.785597 -32767.0 -32767.0 -32767.0 -32767.0 -32767.0 30.201946 30.51431 30.463858 30.240635 30.326998
-32767.0 -32767.0 -32767.0 -32767.0 -32767.0 -32767.0 -32767.0 -32767.0 -32767.0 -32767.0 -32767.0 -32767.0 -32767.0 -32767.0 -32767.0 -32767.0 -32767.0 -32767.0 -32767.0 -32767.0 -32767.0 -32767.0 -32767.0 -32767.0 -32767.0 -32767.0 -32767.0 -32767.0 -32767.0 -32767.0 -32767.0 -32767.0 -32767.0 -32767.0 -32767.0 -32767.0 -32767.0 -32767.0 -32767.0 -32767.0 -32767.0 28.531189 29.469528 29.045437 27.07128 28.345783 29.376093 29.97189 30.361675 31.264675 31.836472 -32767.0 -32767.0 -32767.0 -32767.0 30.061316 30.325533 30.478624 30.323694 30.367216 30.329956
-32767.0 -32767.0 -32767.0 -32767.0 -32767.0 -32767.0 -32767.0 -32767.0 -32767.0 -32767.0 -32767.0 -32767.0 -32767.0 -32767.0 -32767.0 -32767.0 -32767.0 -32767.0 -32767.0 -32767.0 -32767.0 -32767.0 -32767.0 -32767.0 -32767.0 -32767.0 -32767.0 -32767.0 -32767.0 -32767.0 -32767.0 -32767.0 -32767.0 -32767.0 -32767.0 -32767.0 -32767.0 -32767.0 -32767.0 29.035877 27.601654 27.817213 28.601395 27.838898 27.246716 28.723028 30.051117 30.396404 31.22341 32.025116 -32767.0 -32767.0 -32767.0 -32767.0 -32767.0 30.286566 30.517458 30.478271 30.37999 30.38967 30.128515
-32767.0 -32767.0 -32767.0 -32767.0 -32767.0 -32767.0 -32767.0 -32767.0 -32767.0 -32767.0 -32767.0 -32767.0 -32767.0 -32767.0 -32767.0 -32767.0 -32767.0 -32767.0 -32767.0 -32767.0 -32767.0 -32767.0 -32767.0 -32767.0 -32767.0 -32767.0 -32767.0 -32767.0 -32767.0 -32767.0 -32767.0 -32767.0 -32767.0 -32767.0 -32767.0 -32767.0 -32767.0 -32767.0 27.273859 25.341358 26.488428 26.504768 26.647385 29.060942 28.928055 29.44247 30.427362 30.714697 31.268805 32.53328 -32767.0 -32767.0 -32767.0 -32767.0 -32767.0 30.61076 30.448301 30.487642 30.484915 30.385424 29.822744
-32767.0 -32767.0 -32767.0 -32767.0 -32767.0 -32767.0 -32767.0 -32767.0 -32767.0 -32767.0 -32767.0 -32767.0 -32767.0 -32767.0 -32767.0 -32767.0 -32767.0 -32767.0 -32767.0 -32767.0 -32767.0 -32767.0 -32767.0 -32767.0 -32767.0 -32767.0 -32767.0 -32767.0 -32767.0 -32767.0 -32767.0 -32767.0 -32767.0 -32767.0 -32767.0 -32767.0 27.143974 26.231487 26.892187 26.971575 26.59342 28.875572 29.719858 29.585907 29.739975 30.16064 -32767.0 31.11324 31.073328 -32767.0 -32767.0 -32767.0 -32767.0 -32767.0 30.310991 30.542484 30.517 30.610134 30.509214 30.223389 30.031515
-32767.0 -32767.0 -32767.0 -32767.0 -32767.0 -32767.0 -32767.0 -32767.0 -32767.0 -32767.0 -32767.0 -32767.0 -32767.0 -32767.0 -32767.0 -32767.0 -32767.0 -32767.0 -32767.0 -32767.0 -32767.0 -32767.0 -32767.0 -32767.0 -32767.0 -32767.0 -32767.0 -32767.0 -32767.0 -32767.0 -32767.0 -32767.0 -32767.0 -32767.0 -32767.0 26.679356 25.744463 30.097471 29.94618 30.008522 29.663553 29.626024 29.71533 30.000147 30.263304 30.747763 -32767.0 30.259962 31.08479 -32767.0 -32767.0 -32767.0 -32767.0 -32767.0 31.083855 30.660034 30.589493 30.636606 30.497667 30.12754 30.08112
-32767.0 -32767.0 -32767.0 -32767.0 -32767.0 -32767.0 -32767.0 -32767.0 -32767.0 -32767.0 -32767.0 -32767.0 -32767.0 -32767.0 -32767.0 -32767.0 -32767.0 -32767.0 -32767.0 -32767.0 -32767.0 -32767.0 -32767.0 -32767.0 -32767.0 -32767.0 -32767.0 -32767.0 -32767.0 -32767.0 -32767.0 -32767.0 -32767.0 -32767.0 -32767.0 29.388634 29.484453 29.932745 30.348467 30.286377 30.013342 30.040648 29.94952 31.132988 27.031181 29.536755 30.497326 30.445963 30.913961 -32767.0 -32767.0 -32767.0 -32767.0 -32767.0 30.434 30.646492 30.63637 30.548674 30.551506 30.365797 30.13211
-32767.0 -32767.0 -32767.0 -32767.0 -32767.0 -32767.0 -32767.0 -32767.0 -32767.0 -32767.0 -32767.0 -32767.0 -32767.0 -32767.0 -32767.0 -32767.0 -32767.0 -32767.0 -32767.0 -32767.0 -32767.0 -32767.0 -32767.0 -32767.0 -32767.0 -32767.0 -32767.0 31.335348 -32767.0 29.707855 -32767.0 29.040268 29.175196 29.014555 29.254322 29.61188 29.95491 30.246016 30.327387 30.154951 30.119688 29.579863 30.466167 30.112598 30.26438 30.51241 30.282684 30.14575 30.664087 -32767.0 -32767.0 -32767.0 -32767.0 30.571186 30.305792 30.515915 30.438295 30.513561 30.633553 30.591171 29.937592
-32767.0 -32767.0 -32767.0 -32767.0 -32767.0 -32767.0 -32767.0 -32767.0 -32767.0 -32767.0 -32767.0 -32767.0 -32767.0 -32767.0 -32767.0 -32767.0 -32767.0 -32767.0 -32767.0 -32767.0 -32767.0 -32767.0 -32767.0 31.74053 -32767.0 -32767.0 27.951591 28.312069 28.526257 28.923449 28.673521 29.02806 29.308775 29.479698 29.561697 29.95193 30.145588 30.223518 30.336298 30.329226 30.332438 30.37681 30.208843 30.316801 30.15338 30.026358 29.973797 29.981781 30.05486 30.930418 -32767.0 -32767.0 30.534983 30.02484 30.232897 30.462019 30.419247 30.438417 30.492367 30.677273 29.908535
-32767.0 -32767.0 -32767.0 -32767.0 -32767.0 -32767.0 -32767.0 -32767.0 -32767.0 -32767.0 -32767.0 -32767.0 -32767.0 -32767.0 -32767.0 -32767.0 -32767.0 -32767.0 -32767.0 -32767.0 -32767.0 -32767.0 -32767.0 30.661167 32.143124 29.368824 29.35271 28.858734 29.256067 29.682993 29.734032 29.584522 29.728615 29.883963 30.160345 30.241917 30.400522 30.371428 30.363724 30.273294 30.316181 30.121283 30.026014 29.990173 30.063747 30.090586 30.153915 29.997602 29.92705 30.497223 30.432165 -32767.0 30.248981 29.975788 30.178797 30.197899 30.295975 30.368244 30.438007 30.629942 29.959757
-32767.0 -32767.0 -32767.0 -32767.0 -32767.0 -32767.0 -32767.0 -32767.0 -32767.0 -32767.0 -32767.0 -32767.0 -32767.0 -32767.0 -32767.0 -32767.0 -32767.0 -32767.0 -32767.0 -32767.0 31.897974 31.29019 31.14642 29.54393 28.329243 -32767.0 29.230894 29.42664 29.389889 29.441044 29.661545 29.789177 30.028831 30.189068 30.331863 30.38832 30.351267 30.270754 30.069876 30.021475 29.943443 29.864294 30.085804 30.327017 30.402504 30.461681 30.453974 30.45523 30.212755 30.045088 30.188103 -32767.0 30.01861 30.008804 29.966639 29.956347 30.352774 30.279703 30.37049 30.415968 30.350286
-32767.0 -32767.0 31.569756 -32767.0 -32767.0 -32767.0 -32767.0 -32767.0 -32767.0 -32767.0 -32767.0 -32767.0 -32767.0 -32767.0 -32767.0 -32767.0 31.482643 -32767.0 31.020536 30.352804 29.972622 28.268522 28.328321 28.00594 29.32853 29.401842 29.363165 29.550041 29.672281 29.782757 29.847588 29.938784 29.955315 30.017504 30.101448 30.091024 30.115284 30.077812 29.926287 29.858652 29.97195 30.193207 30.343937 30.369488 30.523714 30.414713 30.612602 30.609816 30.370863 30.028803 30.140722 30.007633 30.027874 30.060982 30.044046 30.161732 30.396212 30.175476 30.094227 30.121706 30.166855
-32767.0 31.55281 31.25994 31.247492 31.507376 -32767.0 31.860168 31.752949 -32767.0 -32767.0 -32767.0 -32767.0 -32767.0 30.640911 30.753204 30.249895 29.256292 29.67883 29.100903 29.160288 28.613632 28.767925 28.976292 29.157572 29.305471 29.751347 30.036049 29.906454 29.848099 29.915768 29.88224 29.904207 29.938284 29.859938 29.857407 29.92467 29.94388 29.856775 30.081411 30.181128 30.16575 30.323948 30.397148 30.30818 30.398643 30.230078 30.329832 30.276716 30.076263 30.215748 30.152857 29.984095 30.044847 30.07464 30.112202 30.188662 30.381653 29.987272 30.014936 30.038347 30.243504
31.329693 30.448778 30.586334 30.696175 31.110094 31.345833 31.344942 31.672995 -32767.0 -32767.0 -32767.0 30.575249 29.309498 28.849735 28.588715 28.21779 28.11881 28.091116 28.337702 28.39494 28.52941 28.907478 29.385033 29.670647 29.932407 29.9815 29.888803 29.693567 29.768963 29.777605 29.717815 29.7752 29.83233 29.897047 29.853966 29.857464 29.964205 29.97156 30.193811 30.20045 30.321638 30.319452 30.365515 30.332865 30.23377 30.24766 30.244642 30.216265 30.170513 30.057838 29.90707 30.01406 30.102774 30.145758 30.148148 30.179077 30.24548 29.875872 29.905046 30.053019 30.311226
30.833166 31.095587 31.022476 30.739046 30.491764 30.837662 31.333189 -32767.0 -32767.0 31.208874 -32767.0 29.90897 28.585262 28.158937 28.29207 27.884483 27.863487 28.037018 28.173048 28.648907 28.717093 28.99585 29.441404 29.79724 30.074993 29.883265 29.630362 29.5584 29.716614 29.750254 29.933277 29.818733 29.777224 29.775505 29.887749 29.870358 29.839445 30.0573 30.08541 30.33591 30.304281 30.408392 30.265694 30.17481 30.208656 30.185024 30.105017 30.081734 30.018461 29.899498 29.935562 30.11232 30.155 30.08893 30.118092 30.220333 30.164806 29.96017 29.805363 30.012053 30.27104
31.243015 31.146065 31.151066 31.08597 30.566906 30.738785 31.198458 31.635185 -32767.0 -32767.0 30.922699 30.050095 29.272594 28.270506 27.769197 27.712994 27.549297 27.54834 27.689674 28.094679 28.434727 29.05357 29.652641 29.68113 29.847933 29.704077 29.41557 29.562922 29.74333 29.836979 29.852266 29.738688 29.761255 29.78066 29.724396 30.273392 29.938696 30.072727 30.153465 30.18389 30.16343 30.004217 29.87418 29.872753 29.89985 29.93211 29.965618 29.989677 29.987822 29.970863 29.938524 30.102465 30.125956 30.038408 30.026484 29.955492 30.029282 29.743202 29.851213 29.902554 30.113781
31.087412 31.214811 31.123585 31.065287 30.871302 30.865387 31.086868 31.375677 -32767.0 -32767.0 31.297106 31.165329 29.710617 27.63367 27.522655 27.882597 27.527637 27.441832 27.893597 28.393398 28.835878 29.886702 29.950241 29.979574 29.688463 29.679806 29.541937 29.764853 29.753687 29.76896 29.858175 29.71262 29.76376 29.83416 29.906237 30.036232 30.088102 30.00027 30.076782 29.921135 29.841858 29.82269 29.74886 29.757694 29.799932 29.817434 29.845367 29.890705 29.858568 29.86294 29.896502 29.893717 29.94847 30.121784 30.065275 30.056677 -32767.0 29.890886 30.00293 30.00429 29.908545
31.190058 31.171429 31.076767 31.058546 30.911331 31.111132 31.166428 31.284376 31.418468 31.44882 31.14507 31.203005 29.401573 28.379965 28.397957 28.33878 28.180859 28.652138 29.207579 29.713198 29.794678 30.257538 29.87827 29.854515 29.533087 29.399128 29.797628 29.874168 29.87623 29.789963 29.760857 29.696434 29.887527 29.93639 30.091417 30.045141 29.980852 29.986155 29.971659 29.888502 29.827631 29.740763 29.69427 29.684801 29.776588 29.793089 29.801046 29.862106 29.910011 29.996946 30.010965 29.902018 29.930439 29.788057 30.068718 30.105957 30.084314 29.908478 29.996973 30.04601 29.936865
31.126049 31.241922 31.262638 31.074545 30.92288 31.231619 31.347849 31.465523 31.47776 -32767.0 -32767.0 -32767.0 29.39741 29.258389 28.503443 28.57924 29.070482 29.951412 30.042439 29.980286 29.897085 30.31426 29.900454 29.485355 29.39396 29.704712 29.896492 29.971321 29.868961 29.709421 29.753891 29.670763 29.909101 30.041946 30.073082 30.055359 30.094625 30.033 29.953568 29.890846 29.819855 29.779078 29.6982 29.633093 29.731379 29.745745 29.791086 29.821629 29.986893 30.149029 30.090937 29.799276 29.964317 29.908426 30.02204 30.124804 30.193298 29.982237 30.01146 30.136745 29.953867
