static/data/precipitation/2023/7/8/0.asc
ncols 137
nrows 93
xllcorner 108.0
yllcorner 17.0
cellsize 0.25
NODATA_value -32767
[rows 48 to 71 of 93, columns 0 to 53 of 137]
0.9542730678150715 1.947203030738389 3.404567976319391 5.839952368139102 2.5270564573621304 1.7947844157401514 1.1210499581392335 0.5505846346132091 0.17837395885663548 0.16732913168284944 0.0005522413586908637 0.0005522413586908637 0.0 0.0 0.0 0.0 0.0 0.0 0.0 0.0 0.0 0.0 0.0 0.0 0.0 0.0 0.0 0.0 0.0 0.0 0.0 0.0 0.0 0.0 0.0 0.0 0.0 0.0 0.0 0.0 0.0 0.0 0.0 0.0 0.0 0.0 0.0 0.0 0.0 0.0 0.0 0.0 0.0 0.0
1.0094972036839982 1.5733356309057498 2.8274757564890964 3.7635248594674215 2.4077723238852475 1.1403784056933584 0.21537412988881927 0.13032896065066912 0.004970172228203895 0.0 0.0 0.0 0.0 0.0 0.0 0.0 0.0 0.0 0.0 0.0 0.0 0.0 0.0 0.0 0.0 0.0 0.0 0.0 0.0 0.0 0.0 0.0 0.0 0.0 0.0 0.0 0.0 0.0 0.0 0.0 0.0 0.0 0.0 0.0 0.0 0.0 0.0 0.0 0.0 0.0 0.0 0.0 0.0 0.0
0.7466303169479036 1.1425873711281147 2.0847111290520184 2.051576647530664 1.3667973627559602 0.5119277395049595 0.04362706733645333 0.0044179308695130315 0.0022089654347565157 0.0 0.0 0.0 0.0 0.0 0.0 0.0 0.0 0.0 0.0 0.0 0.0 0.0 0.0 0.0 0.0 0.0 0.0 0.0 0.0 0.0 0.0 0.0 0.0 0.0 0.0 0.0 0.0 0.0 0.0 0.0 0.0 0.0 0.0 0.0 0.0 0.0 0.0 0.0 0.0 0.0 0.0 0.0 0.0 0.0
0.2838520583662886 0.4721663616793319 0.6516448032533456 0.6505403205359673 0.6301073902644644 0.03368672288004554 0.0033134481521347736 0.0016567240760691215 0.0 0.0 0.0 0.0 0.0 0.0 0.0 0.0 0.0 0.0 0.0 0.0 0.0 0.0 0.0 0.0 0.0 0.0 0.0 0.0 0.0 0.0 0.0 0.0 0.0 0.0 0.0 0.0 0.0 0.0 0.0 0.0 0.0 0.0 0.0 0.0 0.0 0.0 0.0 0.0 0.0005522413586908637 0.0 0.0 0.0 0.0 0.0
0.028716550651841644 0.03258224016266728 0.04804499820596636 0.08891085874897231 0.06792568711878194 0.019328447554124717 0.0 0.0 0.0 0.0 0.0 0.0 0.0 0.0005522413586908637 0.0005522413586908637 0.0 0.0 0.0 0.0 0.0 0.0 0.0 0.0 0.0 0.0 0.0 0.0 0.0 0.0 0.0 0.0 0.0 0.0 0.0 0.0 0.0 0.0 0.0 0.0 0.0 0.0 0.0 0.0 0.0 0.0 0.0 0.0 0.0 0.0005522413586908637 0.0 0.0 0.0 0.0 0.0
0.033134481521358145 0.026507585217085128 0.026507585217085128 0.07565706614042975 0.0817317210860119 0.008835861739029532 0.0 0.0 0.0 0.0 0.0 0.0 0.0 0.0005522413586908637 0.0005522413586908637 0.0 0.0 0.0 0.0 0.0 0.0 0.0 0.0 0.0 0.0 0.0 0.0 0.0 0.0 0.0 0.0 0.0011044827173782579 0.0011044827173782579 0.0 0.0 0.0 0.0 0.0 0.0 0.0 0.0 0.0 0.0 0.0 0.0 0.0 0.0 0.0 0.0 0.0 0.0 0.0 0.0 0.0
0.31919550532240326 0.415285501734336 0.37552412390870826 0.05632861858630503 0.05964206673844327 0.007179137662960411 0.0044179308695130315 0.0038656895108256373 0.0 0.0 0.0011044827173782579 0.0016567240760691215 0.0016567240760691215 0.0 0.0 0.0 0.0 0.0 0.0 0.0 0.0 0.0 0.0 0.0 0.0 0.0 0.0 0.0 0.0 0.0 0.0 0.0022089654347565157 0.0011044827173782579 0.0 0.0005522413586908637 0.0011044827173782579 0.0 0.0 0.0 0.0 0.0 0.0 0.0 0.0 0.0 0.0 0.0 0.0 0.0 0.0 0.0 0.0 0.0 0.0
1.26794615955058 1.6683211446003043 1.0155718586295805 0.4174944671690925 0.13088120200936 0.05080620499941374 0.024298619782328612 0.0038656895108256373 0.0011044827173782579 0.011597068532473442 0.012149309891164306 0.004970172228203895 0.009388103097716927 0.0011044827173782579 0.0 0.0 0.0 0.0 0.0 0.0 0.0 0.0 0.0 0.0 0.0 0.0 0.0 0.0 0.0 0.0 0.0 0.0016567240760691215 0.0005522413586908637 0.0 0.0005522413586908637 0.0011044827173782579 0.0 0.0 0.0 0.0 0.0 0.0 0.0 0.0 0.0 0.0 0.0 0.0 0.0 0.0 0.0 0.0 0.0 0.0
1.2265280576488833 1.4264394294944034 1.1906323693340812 0.8184216935775077 0.4224646393972964 0.07786603157518973 0.04804499820596636 0.00994034445640779 0.07179137662960758 0.10768706494440963 0.09498551369455446 0.054119653151548514 0.0011044827173782579 0.007179137662960411 0.0027612067934473794 0.0005522413586908637 0.0005522413586908637 0.0 0.0 0.0 0.0 0.0 0.0005522413586908637 0.0011044827173782579 0.0 0.0 0.0 0.0 0.0 0.0 0.0 0.0 0.0 0.0011044827173782579 0.0016567240760691215 0.0 0.0 0.0 0.0 0.0 0.0 0.0 0.0 0.0 0.0 0.0 0.0 0.0 0.0 0.0 0.0 0.0 0.0 0.0
1.329244950365089 1.0266166858033665 0.9631089295540975 0.7278541107524662 0.35122550412637965 0.05743310130368676 0.05688085994499589 0.045836032771209845 0.3324492979309458 0.2821953342902195 0.05688085994499589 0.008835861739029532 0.0011044827173782579 0.0033134481521347736 0.0016567240760691215 0.004970172228203895 0.008835861739029532 0.008283620380338669 0.0 0.0 0.0 0.0 0.0 0.0 0.0 0.0 0.0 0.0 0.0 0.0 0.0 0.0005522413586908637 0.0016567240760691215 0.00994034445640779 0.013253792608542564 0.0022089654347565157 0.0 0.0011044827173782579 0.0005522413586908637 0.0 0.0 0.0 0.0 0.0 0.0 0.0 0.0 0.0 0.0 0.0 0.0 0.0 0.0 0.0
1.3529913287887267 1.5468280456886647 0.5191068771679199 0.22752343977998357 0.18334413108483938 0.06350775624926544 0.0911198241837323 0.17119482119367507 0.311464126300752 0.29600136825745293 0.14910516684610645 0.0690301698361602 0.05467189451023938 0.03644792967349292 0.004970172228203895 0.0022089654347565157 0.0022089654347565157 0.0011044827173782579 0.0 0.0 0.0 0.005522413586894759 0.008835861739029532 0.008835861739029532 0.0011044827173782579 0.0 0.0 0.0 0.0 0.0 0.0011044827173782579 0.0 0.0027612067934473794 0.008835861739029532 0.011597068532473442 0.00994034445640779 0.0011044827173782579 0.0005522413586908637 0.0 0.0 0.0 0.0 0.0 0.0 0.0 0.0 0.0 0.0 0.0 0.0 0.0 0.0 0.0 0.0
0.7361377311328049 1.2718118490614057 0.8808249671093983 0.5533458414066563 0.38491222700642524 0.21537412988881927 0.18665757923697415 0.1971501650520728 0.08283620380339016 0.09277654825979795 0.18720982059566502 0.20101585456289844 0.07841827293387713 0.024298619782328612 0.0022089654347565157 0.0 0.0 0.007179137662960411 0.00994034445640779 0.0022089654347565157 0.0 0.005522413586894759 0.019328447554124717 0.02540310249970687 0.0011044827173782579 0.0 0.0 0.0 0.0 0.0016567240760691215 0.0016567240760691215 0.004970172228203895 0.03644792967349292 0.040313619184318555 0.0469405154885881 0.055776377227617635 0.004970172228203895 0.006074654945582153 0.0033134481521347736 0.0 0.0 0.0 0.0 0.0 0.0 0.0 0.0 0.0 0.0 0.0 0.0 0.0 0.0 0.0
0.8681234158595431 0.992929962923321 0.9664223777062358 0.6483313551012109 0.35730015907196183 0.2567922317905126 0.3136730917355085 0.25347878363837784 0.1502096495634847 0.06019430809713067 0.14689620141134646 0.17174706255236594 0.06792568711878194 0.0298210333692199 0.0022089654347565157 0.0005522413586908637 0.0038656895108256373 0.006074654945582153 0.023194137064950354 0.0044179308695130315 0.0033134481521347736 0.0027612067934473794 0.01546275804329908 0.018776206195437323 0.00994034445640779 0.0044179308695130315 0.0 0.0 0.008835861739029532 0.01546275804329908 0.020432930271502975 0.01546275804329908 0.03644792967349292 0.08228396244470276 0.0938810309771762 0.05080620499941374 0.004970172228203895 0.004970172228203895 0.0033134481521347736 0.0 0.0 0.0 0.0 0.0 0.0 0.0 0.0 0.0 0.0 0.0 0.0 0.0 0.0 0.0
0.7554661786869297 0.566599634015199 0.5141367049397161 0.6035998050473792 0.3125686090181302 0.20046361320420758 0.28771774787711424 0.22862792249736183 0.1607022353785799 0.07068689391222932 0.05080620499941374 0.053015170434170256 0.04417930869514072 0.07179137662960758 0.0342389642387364 0.0027612067934473794 0.006074654945582153 0.0016567240760691215 0.019328447554124717 0.01546275804329908 0.07068689391222932 0.07013465255353846 0.014910516684611685 0.012149309891164306 0.04362706733645333 0.01270155124985517 0.007179137662960411 0.0011044827173782579 0.009388103097716927 0.0342389642387364 0.06682120440140368 0.055776377227617635 0.051910687716792 0.0982989618466927 0.06792568711878194 0.01546275804329908 0.0016567240760691215 0.0011044827173782579 0.0 0.0 0.0 0.0 0.0 0.0 0.0 0.0 0.0 0.0 0.0016567240760691215 0.0005522413586908637 0.0005522413586908637 0.0 0.0 0.0
0.5218680839613674 0.35122550412637965 0.1678813730415403 0.3153298158115776 0.3291358497788076 0.11707516804212656 0.11928413347688308 0.0861496519555284 0.02098517163019384 0.024298619782328612 0.010492585815095185 0.012149309891164306 0.03258224016266728 0.07565706614042975 0.04086586054300595 0.008835861739029532 0.03368672288004554 0.03258224016266728 0.00994034445640779 0.04252258461907507 0.12038861619426133 0.12480654706377783 0.06240327353188718 0.023194137064950354 0.05688085994499589 0.017671723478055595 0.0171194821193682 0.010492585815095185 0.0016567240760691215 0.022089654347572096 0.07731379021649887 0.07952275565125538 0.07786603157518973 0.05688085994499589 0.016014999401989943 0.0016567240760691215 0.0005522413586908637 0.0 0.0 0.0 0.0 0.0 0.0 0.0 0.0 0.0 0.0 0.0016567240760691215 0.005522413586894759 0.0016567240760691215 0.0005522413586908637 0.0 0.0 0.0
1.2088563341708276 0.35122550412637965 0.09056758282504143 0.06074654945582153 0.03534344695611466 0.028716550651841644 0.024850861141019476 0.004970172228203895 0.004970172228203895 0.020432930271502975 0.0298210333692199 0.03147775744528902 0.033134481521358145 0.019328447554124717 0.02540310249970687 0.03700017103218031 0.07344810070567323 0.08835861739028492 0.029268792010532507 0.051910687716792 0.08394068652077188 0.10713482358571877 0.09167206554241969 0.03534344695611466 0.011597068532473442 0.021537412988881233 0.03092551608659816 0.014358275325920822 0.0016567240760691215 0.0 0.011597068532473442 0.0342389642387364 0.03368672288004554 0.018776206195437323 0.0077313790216512746 0.0016567240760691215 0.0016567240760691215 0.0 0.0 0.0 0.0 0.0 0.0 0.0 0.0 0.0 0.0005522413586908637 0.0016567240760691215 0.009388103097716927 0.0016567240760691215 0.0 0.0 0.0 0.0
0.32416567755060716 0.09995568592275836 0.030373274727910765 0.021537412988881233 0.054119653151548514 0.05798534266237415 0.013806033967233428 0.0038656895108256373 0.012149309891164306 0.035895688314802054 0.04362706733645333 0.014358275325920822 0.011597068532473442 0.050253963640722876 0.035895688314802054 0.022089654347572096 0.02264189570625949 0.0347912055974238 0.058537584021065014 0.05356741179286112 0.05908982537975241 0.05522413586892677 0.04197034326038421 0.030373274727910765 0.017671723478055595 0.05246292907548286 0.05080620499941374 0.02705982657577599 0.0016567240760691215 0.0 0.0 0.004970172228203895 0.012149309891164306 0.01988068891281558 0.019328447554124717 0.004970172228203895 0.006074654945582153 0.0005522413586908637 0.0 0.0 0.0 0.0 0.0 0.0011044827173782579 0.0011044827173782579 0.0038656895108256373 0.005522413586894759 0.008283620380338669 0.02098517163019384 0.006626896304273017 0.0 0.0 0.0 0.0
0.10547809950965312 0.0690301698361602 0.021537412988881233 0.0016567240760691215 0.05908982537975241 0.14744844277003732 0.010492585815095185 0.0033134481521347736 0.014910516684611685 0.01546275804329908 0.008283620380338669 0.0027612067934473794 0.0011044827173782579 0.0016567240760691215 0.0011044827173782579 0.0 0.0044179308695130315 0.019328447554124717 0.05632861858630503 0.0817317210860119 0.09995568592275836 0.0982989618466927 0.09001534146635404 0.08725413467290666 0.06461223896664717 0.06516448032533456 0.08283620380339016 0.051910687716792 0.008835861739029532 0.0011044827173782579 0.0 0.0 0.005522413586894759 0.00994034445640779 0.0077313790216512746 0.0 0.0 0.0016567240760691215 0.0005522413586908637 0.0 0.0 0.0 0.0 0.009388103097716927 0.004970172228203895 0.004970172228203895 0.004970172228203895 0.008835861739029532 0.054119653151548514 0.008835861739029532 0.0 0.0 0.0 0.0
0.05964206673844327 0.03644792967349292 0.014358275325920822 0.012149309891164306 0.1408215464657643 0.4174944671690925 0.17229930391105333 0.04638827412990071 0.0171194821193682 0.01546275804329908 0.009388103097716927 0.0033134481521347736 0.0 0.0 0.0 0.0 0.007179137662960411 0.02540310249970687 0.0342389642387364 0.06350775624926544 0.05632861858630503 0.06461223896664717 0.12867223657460347 0.20156809592158584 0.12701551249853435 0.06461223896664717 0.05743310130368676 0.03092551608659816 0.005522413586894759 0.010492585815095185 0.0011044827173782579 0.0 0.0 0.0077313790216512746 0.01546275804329908 0.014910516684611685 0.008835861739029532 0.0016567240760691215 0.0005522413586908637 0.0 0.0 0.0005522413586908637 0.0022089654347565157 0.011597068532473442 0.004970172228203895 0.0016567240760691215 0.0011044827173782579 0.00994034445640779 0.07510482478174235 0.00994034445640779 0.0 0.0 0.0 0.0
0.23249361200818747 0.16677689032416204 0.05080620499941374 0.045836032771209845 0.0817317210860119 0.15959775266120163 0.11541844396605744 0.050253963640722876 0.012149309891164306 0.006074654945582153 0.0027612067934473794 0.0011044827173782579 0.0 0.0 0.0 0.0 0.0016567240760691215 0.010492585815095185 0.030373274727910765 0.04086586054300595 0.03534344695611466 0.0342389642387364 0.09608999641193272 0.19604568233469455 0.10271689271620574 0.048597239564657224 0.05798534266237415 0.03202999880397989 0.02374637842363775 0.05080620499941374 0.021537412988881233 0.014358275325920822 0.008835861739029532 0.008835861739029532 0.013806033967233428 0.004970172228203895 0.0022089654347565157 0.0 0.0 0.0 0.013806033967233428 0.033134481521358145 0.0044179308695130315 0.020432930271502975 0.011597068532473442 0.0016567240760691215 0.0 0.02705982657577599 0.1435827532592117 0.02705982657577599 0.0 0.0 0.0 0.0
0.13198568472673824 0.12701551249853435 0.0392091364669403 0.08835861739028492 0.13916482238969866 0.20543378543241148 0.04362706733645333 0.012149309891164306 0.007179137662960411 0.0022089654347565157 0.0033134481521347736 0.0 0.0 0.0 0.0 0.0 0.0016567240760691215 0.006626896304273017 0.02098517163019384 0.02374637842363775 0.0171194821193682 0.013806033967233428 0.10271689271620574 0.23304585336687486 0.03258224016266728 0.06516448032533456 0.0988512032053801 0.11486620260737004 0.10989603037916615 0.037552412390871176 0.013253792608542564 0.03700017103218031 0.02098517163019384 0.0171194821193682 0.007179137662960411 0.0011044827173782579 0.0005522413586908637 0.0005522413586908637 0.023194137064950354 0.0171194821193682 0.021537412988881233 0.03368672288004554 0.01270155124985517 0.02816430929315425 0.016567240760677338 0.0077313790216512746 0.0033134481521347736 0.02705982657577599 0.15297085635692861 0.02705982657577599 0.0 0.0 0.0 0.0
0.06571672168402543 0.09608999641193272 0.008283620380338669 0.06626896304271282 0.24077723238852614 0.21371740581275014 0.033134481521358145 0.004970172228203895 0.0 0.0044179308695130315 0.009388103097716927 0.0005522413586908637 0.0 0.0 0.0 0.0 0.0016567240760691215 0.011597068532473442 0.017671723478055595 0.01546275804329908 0.0077313790216512746 0.0011044827173782579 0.06682120440140368 0.12646327113984349 0.05080620499941374 0.0811794797273245 0.10603034086834051 0.06461223896664717 0.037552412390871176 0.016567240760677338 0.0044179308695130315 0.02816430929315425 0.011044827173786048 0.007179137662960411 0.011044827173786048 0.025955343858397734 0.04362706733645333 0.03092551608659816 0.054119653151548514 0.033134481521358145 0.01988068891281558 0.024298619782328612 0.0171194821193682 0.030373274727910765 0.021537412988881233 0.016014999401989943 0.016014999401989943 0.024298619782328612 0.10713482358571877 0.02374637842363775 0.0 0.0 0.0 0.0
0.01270155124985517 0.033134481521358145 0.004970172228203895 0.04473155005383159 0.2733594725511934 0.12204534027033045 0.018776206195437323 0.0044179308695130315 0.0011044827173782579 0.0044179308695130315 0.016567240760677338 0.009388103097716927 0.0005522413586908637 0.0005522413586908637 0.019328447554124717 0.027612067934463386 0.02264189570625949 0.022089654347572096 0.02264189570625949 0.012149309891164306 0.0038656895108256373 0.04141810190169681 0.09719447912931445 0.03644792967349292 0.06185103217319979 0.05522413586892677 0.035895688314802054 0.0016567240760691215 0.0005522413586908637 0.004970172228203895 0.0016567240760691215 0.0005522413586908637 0.0033134481521347736 0.006626896304273017 0.017671723478055595 0.0298210333692199 0.05908982537975241 0.03202999880397989 0.04252258461907507 0.0347912055974238 0.017671723478055595 0.02264189570625949 0.021537412988881233 0.03644792967349292 0.03258224016266728 0.040313619184318555 0.0347912055974238 0.0077313790216512746 0.05356741179286112 0.004970172228203895 0.0 0.0 0.0 0.0
0.0011044827173782579 0.0033134481521347736 0.007179137662960411 0.020432930271502975 0.2264189570626053 0.053015170434170256 0.014358275325920822 0.0 0.0 0.0022089654347565157 0.019328447554124717 0.016014999401989943 0.0033134481521347736 0.01546275804329908 0.0347912055974238 0.06516448032533456 0.06295551489057805 0.03976137782562769 0.014910516684611685 0.004970172228203895 0.011597068532473442 0.050253963640722876 0.13529913287887302 0.03976137782562769 0.040313619184318555 0.020432930271502975 0.0016567240760691215 0.0016567240760691215 0.0016567240760691215 0.0016567240760691215 0.0005522413586908637 0.0 0.0022089654347565157 0.006074654945582153 0.021537412988881233 0.025955343858397734 0.037552412390871176 0.021537412988881233 0.0347912055974238 0.03644792967349292 0.019328447554124717 0.03368672288004554 0.0342389642387364 0.051910687716792 0.04417930869514072 0.05246292907548286 0.04804499820596636 0.013806033967233428 0.019328447554124717 0.004970172228203895 0.0 0.0 0.0 0.0
