static/data/precipitation/2023/7/8/12.asc
ncols 137
nrows 93
xllcorner 108.0
yllcorner 17.0
cellsize 0.25
NODATA_value -32767
[rows 56 to 83 of 93, columns 63 to 125 of 137]
0.0 0.0 0.0 0.0 0.0 0.0 0.0 0.0 0.0 0.0 0.0 0.0 0.0 0.0 0.0 0.0016567240760691215 0.0016567240760691215 0.0005522413586908637 0.0 0.0 0.0 0.0 0.0 0.0 0.0 0.0 0.0 0.0 0.0 0.0 0.0 0.0 0.0 0.0 0.0 0.0 0.0 0.0 0.0 0.0 0.0 0.0 0.0 0.0033134481521347736 0.008835861739029532 0.006074654945582153 0.0016567240760691215 0.0 0.0011044827173782579 0.07841827293387713 0.23083688793211835 0.23856826695376615 0.0695824111948476 0.103821375433584 0.18831430331304327 0.22752343977998357 0.23083688793211835 0.3893301578759417 0.5218680839613674 0.23635930151900963 0.08504516923815014 0.05908982537975241 0.005522413586894759
0.0 0.0 0.0 0.0 0.0 0.0 0.0 0.0 0.0 0.0 0.0 0.0 0.0 0.0 0.0016567240760691215 0.006626896304273017 0.0016567240760691215 0.0 0.0 0.0 0.0 0.0 0.0 0.0 0.0 0.0 0.0 0.0 0.0 0.0 0.0 0.0 0.0 0.0 0.0 0.0 0.0 0.0 0.0 0.0 0.0 0.0016567240760691215 0.0016567240760691215 0.0044179308695130315 0.00994034445640779 0.0016567240760691215 0.0016567240760691215 0.004970172228203895 0.033134481521358145 0.10713482358571877 0.19935913048682932 0.2264189570626053 0.13419465016149476 0.07565706614042975 0.07510482478174235 0.08725413467290666 0.17119482119367507 0.5152411876570944 0.5472711864610742 0.25071757684493046 0.0861496519555284 0.05743310130368676 0.0033134481521347736
0.0 0.0 0.0 0.0 0.0 0.0 0.0 0.0 0.0 0.0 0.0 0.0 0.0 0.0 0.0016567240760691215 0.0016567240760691215 0.0016567240760691215 0.0 0.0 0.0 0.0 0.0 0.0 0.0 0.0 0.0 0.0 0.0 0.0 0.0 0.0 0.0 0.0 0.0 0.0 0.0 0.0 0.0 0.0 0.0 0.0011044827173782579 0.011044827173786048 0.022089654347572096 0.02374637842363775 0.013806033967233428 0.024850861141019476 0.02816430929315425 0.06516448032533456 0.14137378782445517 0.23304585336687486 0.24795637005148655 0.1336424088028039 0.06240327353188718 0.030373274727910765 0.08835861739028492 0.16180671809595815 0.44731550053831587 0.8322277275447411 0.9018101387395887 0.4721663616793319 0.2269711984212927 0.07234361798829497 0.01270155124985517
0.0 0.0 0.0 0.0 0.0 0.0 0.0 0.0 0.0 0.0 0.0 0.0 0.0 0.0 0.0016567240760691215 0.0 0.0 0.0 0.0 0.0 0.0 0.0 0.0 0.0 0.0 0.0 0.0 0.0 0.0 0.0 0.0 0.0 0.0 0.0 0.0 0.0 0.0 0.0 0.0 0.0005522413586908637 0.0171194821193682 0.016567240760677338 0.025955343858397734 0.04804499820596636 0.06626896304271282 0.02264189570625949 0.18389637244353024 0.1678813730415403 0.22255326755177968 0.30925516086599547 0.1678813730415403 0.06295551489057805 0.021537412988881233 0.03810465374956204 0.1380603396723204 0.5450622210263177 0.9349446202609468 1.2784387453656751 1.2248713335728176 0.8228396244470242 0.4324049838537042 0.25568774907313435 0.10768706494440963
0.0 0.0 0.0 0.0005522413586908637 0.0 0.0 0.0 0.0 0.0 0.0 0.0 0.0 0.0 0.0 0.0011044827173782579 0.0 0.0 0.0 0.0 0.0 0.0 0.0 0.0 0.0 0.0 0.0 0.0 0.0 0.0 0.0 0.0 0.0 0.0 0.0 0.0 0.0 0.0 0.0 0.0005522413586908637 0.0347912055974238 0.08228396244470276 0.05964206673844327 0.03147775744528902 0.054119653151548514 0.08394068652077188 0.10216465135751487 0.2148218885301284 0.1750605107045007 0.22089654347571056 0.1800306829327046 0.06074654945582153 0.02705982657577599 0.04638827412990071 0.15352309771561948 0.6400477347208722 1.059751167324721 1.344707708408388 1.6241418359051636 1.4938128752544946 1.1227066822152993 0.7289585934698445 0.43019601841894767 0.28329981700759777
0.0005522413586908637 0.0011044827173782579 0.0 0.0005522413586908637 0.0 0.0 0.0 0.0 0.0 0.0 0.0 0.0 0.0 0.0 0.0 0.0 0.0 0.0 0.0 0.0 0.0 0.0 0.0 0.0 0.0 0.0 0.0 0.0 0.0 0.0 0.0 0.0 0.0 0.0 0.0 0.0 0.0005522413586908637 0.0005522413586908637 0.010492585815095185 0.05080620499941374 0.09940344456407096 0.07179137662960758 0.04362706733645333 0.07620930749912061 0.10934378902047875 0.19604568233469455 0.18776206195435588 0.15738878722644511 0.10271689271620574 0.061298790814508924 0.019328447554124717 0.01988068891281558 0.08449292787945928 0.3230611948332289 0.810138073197169 1.1944980588449068 1.4242304640596435 1.4595739110157582 1.2977671929198 0.9636611709127885 0.7924663497191133 0.4931515333095257 0.34459860782211016
0.0011044827173782579 0.0011044827173782579 0.0 0.0005522413586908637 0.0005522413586908637 0.0 0.0 0.0 0.0 0.0 0.0 0.0 0.0 0.0 0.0 0.0 0.0 0.0 0.0 0.0 0.0 0.0 0.0 0.0 0.0 0.004970172228203895 0.004970172228203895 0.0 0.0 0.0 0.0 0.0 0.0 0.0005522413586908637 0.0005522413586908637 0.0016567240760691215 0.0016567240760691215 0.04804499820596636 0.06185103217319979 0.08338844516208102 0.06792568711878194 0.06240327353188718 0.04362706733645333 0.07344810070567323 0.14137378782445517 0.1971501650520728 0.20653826814978973 0.18389637244353024 0.12535878842246523 0.0640599976079563 0.023194137064950354 0.02705982657577599 0.09608999641193272 0.2844042997249795 0.6383910106448031 1.0233032376512317 1.0083927209666201 0.8493472096641093 0.7134958354265454 0.5886892883627676 0.4384796387992863 0.4147332603756486 0.2700460243990552
0.0 0.0 0.0 0.0 0.0 0.0 0.0 0.0 0.0 0.0 0.0 0.0 0.0 0.0 0.0 0.0 0.0 0.0 0.0 0.0 0.0 0.0 0.0 0.0 0.0016567240760691215 0.007179137662960411 0.013806033967233428 0.0 0.0 0.0 0.0 0.0005522413586908637 0.0005522413586908637 0.0016567240760691215 0.0033134481521347736 0.004970172228203895 0.02374637842363775 0.07731379021649887 0.14468723597658995 0.17616499342187897 0.09277654825979795 0.05964206673844327 0.04086586054300595 0.06461223896664717 0.11265723717261353 0.17064257983498768 0.2634191280947856 0.21868757804095404 0.10879154766178789 0.04362706733645333 0.0347912055974238 0.0298210333692199 0.0298210333692199 0.2700460243990552 0.5936594605909715 0.7411079033610088 0.6527492859707239 0.3876734337998726 0.26673257624692037 0.1927322341825563 0.17450826934581332 0.18113516565008286 0.2148218885301284
0.0 0.0 0.0 0.0 0.0 0.0 0.0 0.0 0.0 0.0 0.0 0.0 0.0 0.0 0.0 0.0 0.0 0.0 0.0 0.0 0.0 0.0 0.0 0.0005522413586908637 0.0044179308695130315 0.012149309891164306 0.016014999401989943 0.0 0.0 0.0 0.004970172228203895 0.006074654945582153 0.007179137662960411 0.008835861739029532 0.014358275325920822 0.027612067934463386 0.04197034326038421 0.07786603157518973 0.15738878722644511 0.1159706853247483 0.15904551130251077 0.07620930749912061 0.040313619184318555 0.07731379021649887 0.13640361559625128 0.2717027484751243 0.2965536096161403 0.1971501650520728 0.07510482478174235 0.01822396483674646 0.014358275325920822 0.028716550651841644 0.12756775385722174 0.5483756691784525 1.0072882382492419 1.1276768544435032 0.6985853187419337 0.4103153295061321 0.18610533787828676 0.11265723717261353 0.09664223777062358 0.10989603037916615 0.19328447554124717
0.0 0.0 0.0 0.0 0.0 0.0 0.0 0.0 0.0 0.0 0.0 0.0 0.0 0.0 0.0 0.0 0.0 0.0 0.0 0.0 0.0 0.0005522413586908637 0.006074654945582153 0.004970172228203895 0.017671723478055595 0.025955343858397734 0.014358275325920822 0.0022089654347565157 0.0005522413586908637 0.0 0.01270155124985517 0.01822396483674646 0.010492585815095185 0.04528379141252245 0.051910687716792 0.04638827412990071 0.03092551608659816 0.024850861141019476 0.03368672288004554 0.0171194821193682 0.13419465016149476 0.14634396005265907 0.09277654825979795 0.07510482478174235 0.12535878842246523 0.06350775624926544 0.037552412390871176 0.045836032771209845 0.04252258461907507 0.029268792010532507 0.020432930271502975 0.04528379141252245 0.6615851477097534 1.2557968496594158 1.4656485659613403 1.3496778806365919 1.074109442650642 0.5986296328191754 0.46995739624457533 0.3804942961369122 0.26562809352954214 0.18168740700877373 0.18389637244353024
0.0 0.0 0.0 0.0 0.0 0.0 0.0 0.0 0.0 0.0 0.0 0.0 0.0 0.0 0.0 0.0 0.0 0.0 0.0 0.0005522413586908637 0.0027612067934473794 0.01988068891281558 0.02098517163019384 0.024850861141019476 0.02816430929315425 0.024850861141019476 0.004970172228203895 0.0016567240760691215 0.0 0.010492585815095185 0.02816430929315425 0.03147775744528902 0.014910516684611685 0.03147775744528902 0.07179137662960758 0.04362706733645333 0.04086586054300595 0.054119653151548514 0.05964206673844327 0.06792568711878194 0.0469405154885881 0.10713482358571877 0.09222430690111055 0.053015170434170256 0.04197034326038421 0.04197034326038421 0.14468723597658995 0.07676154885781147 0.0298210333692199 0.02705982657577599 0.07068689391222932 0.2220010261930888 1.2187966786272355 1.5976342506880785 1.7356945903603953 1.5799625272100195 1.1900801279753903 0.810138073197169 0.7770035916758143 0.6129879081450962 0.3827032615716687 0.22862792249736183 0.1678813730415403
0.0 0.0 0.0 0.0 0.0 0.0 0.0 0.0 0.0 0.0 0.0 0.0 0.0 0.0 0.0 0.0 0.0 0.0 0.0 0.0016567240760691215 0.022089654347572096 0.058537584021065014 0.055776377227617635 0.03368672288004554 0.03147775744528902 0.02264189570625949 0.004970172228203895 0.0005522413586908637 0.0033134481521347736 0.05632861858630503 0.04914948092334462 0.022089654347572096 0.010492585815095185 0.008835861739029532 0.025955343858397734 0.04197034326038421 0.043074825977762465 0.0469405154885881 0.04638827412990071 0.09719447912931445 0.06737344576009108 0.08449292787945928 0.0690301698361602 0.03976137782562769 0.038656895108249434 0.054119653151548514 0.15297085635692861 0.06516448032533456 0.01988068891281558 0.03092551608659816 0.07620930749912061 0.9901687561298735 1.7920232089467039 2.1101142315517256 1.974262857314165 1.7091870051433102 1.2486177119964554 0.9272132412392955 0.7416601447196997 0.48983808515738747 0.2915834373879399 0.17947844157401374 0.11431396124867918
0.0 0.0 0.0 0.0 0.0 0.0 0.0 0.0 0.0 0.0 0.0 0.0 0.0 0.0 0.0 0.0 0.0 0.0 0.0011044827173782579 0.00994034445640779 0.0298210333692199 0.07068689391222932 0.054119653151548514 0.04197034326038421 0.024850861141019476 0.010492585815095185 0.0016567240760691215 0.0 0.011044827173786048 0.08228396244470276 0.07510482478174235 0.02264189570625949 0.012149309891164306 0.0038656895108256373 0.008835861739029532 0.023194137064950354 0.03258224016266728 0.03534344695611466 0.08394068652077188 0.07179137662960758 0.0640599976079563 0.048597239564657224 0.03810465374956204 0.06350775624926544 0.09167206554241969 0.1800306829327046 0.21150844037799363 0.09553775505324533 0.0469405154885881 0.06792568711878194 0.21813533668226318 1.1271246130848158 1.8428294139461177 1.7472916588928724 1.6931720057413238 1.6572763174265184 1.2712596077027147 0.9095415177612399 0.5483756691784525 0.35122550412637965 0.2590011972252726 0.155732063150376 0.08062723836863364
0.0 0.0 0.0 0.0 0.0 0.0 0.0 0.0 0.0 0.0 0.0 0.0 0.0 0.0 0.0 0.0 0.0 0.0 0.004970172228203895 0.028716550651841644 0.04086586054300595 0.05964206673844327 0.040313619184318555 0.0298210333692199 0.01546275804329908 0.005522413586894759 0.0 0.006074654945582153 0.0298210333692199 0.10658258222703137 0.05522413586892677 0.013253792608542564 0.012149309891164306 0.007179137662960411 0.008283620380338669 0.017671723478055595 0.02816430929315425 0.11541844396605744 0.12038861619426133 0.06626896304271282 0.06240327353188718 0.06516448032533456 0.06295551489057805 0.11652292668343917 0.1728515452697442 0.2915834373879399 0.2650758521708547 0.012149309891164306 0.03147775744528902 0.040313619184318555 0.3534344695611362 1.1740651285734038 1.7191273495997181 1.6075745951444862 1.7627544169361715 1.8240532077506804 1.5297085635692966 0.9758104808039527 0.5185546358092326 0.29600136825745293 0.18941878603042153 0.09553775505324533 0.05743310130368676
0.0 0.0 0.0 0.0 0.0 0.0 0.0 0.0 0.0 0.0 0.0 0.0 0.0 0.0 0.0 0.0 0.0 0.0 0.018776206195437323 0.04362706733645333 0.048597239564657224 0.04528379141252245 0.025955343858397734 0.008283620380338669 0.0005522413586908637 0.0 0.0 0.11044827173785701 0.14855292548741558 0.08228396244470276 0.03644792967349292 0.008283620380338669 0.004970172228203895 0.004970172228203895 0.00994034445640779 0.017671723478055595 0.040313619184318555 0.1336424088028039 0.1032691340748966 0.08228396244470276 0.07179137662960758 0.09553775505324533 0.1209408575529522 0.2253144743452236 0.20377706135634235 0.3042849886377916 0.2197920607583323 0.014910516684611685 0.035895688314802054 0.08228396244470276 0.602495322330001 0.9697358258583706 1.3159911577565464 1.318200123191303 1.428096153570469 1.5849326994382233 1.5959775266120093 0.9719447912931272 0.5318084284177751 0.26231464537740734 0.13916482238969866 0.04914948092334462 0.045836032771209845
0.0 0.0 0.0 0.0 0.0 0.0 0.0 0.0 0.0 0.0 0.0 0.0 0.0 0.0 0.0 0.0 0.0 0.0 0.02816430929315425 0.03810465374956204 0.043074825977762465 0.033134481521358145 0.01546275804329908 0.0005522413586908637 0.0 0.0 0.006074654945582153 0.11707516804212656 0.17726947613925723 0.03534344695611466 0.024298619782328612 0.02816430929315425 0.02264189570625949 0.004970172228203895 0.010492585815095185 0.03644792967349292 0.07510482478174235 0.11431396124867918 0.07786603157518973 0.06571672168402543 0.058537584021065014 0.0740003420643641 0.15959775266120163 0.2987625750509003 0.21923981939964143 0.10658258222703137 0.03258224016266728 0.025955343858397734 0.0469405154885881 0.13750809831362953 0.47547980983146665 0.6356298038513591 0.8278097966752246 0.8432725547185271 0.6753911816769869 0.7322720416219828 1.001765824662347 0.8543173818923098 0.40921084678875386 0.2424339564645918 0.12204534027033045 0.03368672288004554 0.035895688314802054
0.0 0.0 0.0 0.0 0.0 0.0 0.0 0.0 0.0 0.0 0.0 0.0 0.0 0.0 0.0 0.0 0.0 0.0 0.01822396483674646 0.028716550651841644 0.03202999880397989 0.02264189570625949 0.006626896304273017 0.0 0.0 0.0 0.011597068532473442 0.043074825977762465 0.07179137662960758 0.005522413586894759 0.009388103097716927 0.051358446358104604 0.04197034326038421 0.022089654347572096 0.012149309891164306 0.0392091364669403 0.12204534027033045 0.09277654825979795 0.09001534146635404 0.0982989618466927 0.08891085874897231 0.07123913527091671 0.15462758043299774 0.24077723238852614 0.20046361320420758 0.07786603157518973 0.07510482478174235 0.08007499700994625 0.10106016864013662 0.13032896065066912 0.15186637363955036 0.3418374010286628 0.4313005011363259 0.38822567515856343 0.5627339445043733 0.2915834373879399 0.25568774907313435 0.43571843200583893 0.3075984367899264 0.16567240760678378 0.1110005130965444 0.06240327353188718 0.023194137064950354
0.0 0.0 0.0 0.0 0.0 0.0 0.0 0.0 0.0 0.0 0.0 0.0 0.0 0.0 0.0 0.0 0.0 0.0 0.006626896304273017 0.012149309891164306 0.01270155124985517 0.008835861739029532 0.0011044827173782579 0.0 0.0 0.0005522413586908637 0.006074654945582153 0.011044827173786048 0.01822396483674646 0.01988068891281558 0.013253792608542564 0.00994034445640779 0.05743310130368676 0.06792568711878194 0.0469405154885881 0.04362706733645333 0.1336424088028039 0.14689620141134646 0.11983637483557394 0.1435827532592117 0.15959775266120163 0.12756775385722174 0.16567240760678378 0.1259110297811561 0.16953809711760942 0.1800306829327046 0.22862792249736183 0.3236134361919163 0.3804942961369122 0.39264360602807646 0.5804056679824289 0.8487949683054185 0.841615830642458 0.5969729087431097 0.358956883148031 0.5743310130368467 0.4417930869514211 0.19162775146517805 0.14965740820479384 0.17119482119367507 0.1480006841287282 0.0988512032053801 0.02705982657577599
0.0 0.0 0.0 0.0 0.0 0.0 0.0 0.0 0.0 0.0 0.0 0.0 0.0 0.0 0.0 0.0 0.0 0.0 0.007179137662960411 0.007179137662960411 0.006074654945582153 0.0077313790216512746 0.008283620380338669 0.0005522413586908637 0.0 0.0005522413586908637 0.005522413586894759 0.07841827293387713 0.1380603396723204 0.05964206673844327 0.04362706733645333 0.03644792967349292 0.01988068891281558 0.038656895108249434 0.07179137662960758 0.0817317210860119 0.06792568711878194 0.043074825977762465 0.10106016864013662 0.12867223657460347 0.18223964836746112 0.24353843918197005 0.2253144743452236 0.39374808874545475 0.7455258342305253 0.609122218634274 0.473823085755401 0.5610772204283042 0.7781080743931925 0.954825309173759 1.116632027269717 0.8504516923814875 0.7687199712954722 0.6510925618946583 0.48376343021180535 0.8405113479250798 0.5428532555915577 0.18776206195435588 0.207642750867168 0.2634191280947856 0.1927322341825563 0.10768706494440963 0.045836032771209845
0.0 0.0 0.0 0.0 0.0 0.0 0.0 0.0 0.0 0.0 0.0 0.0 0.0 0.0 0.0 0.0 0.0 0.0 0.0016567240760691215 0.0044179308695130315 0.005522413586894759 0.008283620380338669 0.008835861739029532 0.0005522413586908637 0.0 0.0 0.0392091364669403 0.19438895825862543 0.2810908515728412 0.09277654825979795 0.12701551249853435 0.06792568711878194 0.047492756847278966 0.06461223896664717 0.07344810070567323 0.05798534266237415 0.08891085874897231 0.12314982298770871 0.10161240999882748 0.0988512032053801 0.1408215464657643 0.19991137184552019 0.25955343858395996 0.5638384272217516 0.26673257624692037 0.4031361918431717 0.9388103097717725 1.1227066822152993 0.5163456703744727 1.133199268030398 0.49094256787476576 0.9288699653153647 0.7560184200456205 0.602495322330001 0.8432725547185271 0.7101823872744106 0.48044998205967054 0.2772251620620156 0.22807568113867097 0.2501653354862431 0.22807568113867097 0.13088120200936 0.05743310130368676
0.0 0.0 0.0 0.0 0.0 0.0 0.0 0.0 0.0 0.0 0.0 0.0 0.0 0.0 0.0 0.0 0.0 0.0 0.0005522413586908637 0.0033134481521347736 0.0044179308695130315 0.0044179308695130315 0.0044179308695130315 0.004970172228203895 0.0 0.0 0.014910516684611685 0.17064257983498768 0.315882057170265 0.18776206195435588 0.13253792608542564 0.07013465255353846 0.04362706733645333 0.05467189451023938 0.06295551489057805 0.04086586054300595 0.04252258461907507 0.04473155005383159 0.03644792967349292 0.06019430809713067 0.11431396124867918 0.16843361440023116 0.4810022234183614 1.1193932340631645 0.9675268604236141 0.9327356548261903 1.3933049479730453 1.8196352768811672 1.7279632113387475 1.090124442052632 1.5175592536781322 1.0061837555318636 0.5058530845593774 0.4103153295061321 0.4821067061357397 0.4815544647770488 0.7228839385242624 0.7852872120561529 0.5975251501017971 0.3561956763545836 0.26894154168167694 0.23083688793211835 0.09443327233586707
0.0 0.0 0.0 0.0 0.0 0.0 0.0 0.0 0.0 0.0 0.0 0.0 0.0 0.0 0.0 0.0 0.0 0.0 0.0 0.0038656895108256373 0.0027612067934473794 0.0016567240760691215 0.0038656895108256373 0.0038656895108256373 0.0 0.0 0.006626896304273017 0.05688085994499589 0.12756775385722174 0.08504516923815014 0.051910687716792 0.02264189570625949 0.012149309891164306 0.024850861141019476 0.016567240760677338 0.01270155124985517 0.009388103097716927 0.006074654945582153 0.004970172228203895 0.0044179308695130315 0.05356741179286112 0.3230611948332289 0.737794455208874 1.288931331180774 1.5170070123194448 2.2647418119847234 2.2581149156804536 2.469623356058447 2.0703528537260976 1.7136049360128267 1.5876939062316706 0.42688257026681287 0.13474689152018215 0.1551798217916886 0.23967274967114788 0.2197920607583323 0.4451065351035559 0.4544946382012763 0.27225498983381513 0.24519516325803917 0.23083688793211835 0.2496130941275522 0.13419465016149476
0.0 0.0 0.0 0.0 0.0 0.0 0.0 0.0 0.0 0.0005522413586908637 0.0 0.0 0.0 0.0 0.0 0.0 0.0 0.0 0.0 0.0016567240760691215 0.0016567240760691215 0.0016567240760691215 0.0016567240760691215 0.0011044827173782579 0.0 0.0 0.0 0.0 0.0077313790216512746 0.008835861739029532 0.0038656895108256373 0.0038656895108256373 0.0011044827173782579 0.0011044827173782579 0.0005522413586908637 0.0005522413586908637 0.0005522413586908637 0.0 0.0 0.0016567240760691215 0.01546275804329908 0.3236134361919163 0.7560184200456205 1.2342594366705346 1.5136935641673066 2.2376819854089507 2.3569661188858335 2.0869200944867785 1.6909630403065674 1.2403340916161167 0.5920027365149059 0.3285836084201202 0.1579410285851325 0.11431396124867918 0.1281199952159126 0.07565706614042975 0.14634396005265907 0.13916482238969866 0.11431396124867918 0.0861496519555284 0.17892620021532635 0.2634191280947856 0.1386125810310078
0.0 0.0 0.0 0.0 0.0 0.0 0.0 0.0 0.0 0.0005522413586908637 0.0 0.0 0.0 0.0 0.0 0.0 0.0 0.0 0.0 0.0 0.0 0.0011044827173782579 0.0011044827173782579 0.0011044827173782579 0.0 0.0 0.0 0.0 0.0 0.0 0.0 0.0 0.0 0.0 0.0 0.0 0.0 0.0 0.0 0.0016567240760691215 0.01546275804329908 0.14855292548741558 0.5815101506998072 1.0387659956945308 1.2508266774312118 1.3314539157998455 1.9494119961731455 1.8466951034569432 2.151532333453422 1.6992466606869059 0.4517334314078289 0.18831430331304327 0.17395602798712245 0.11873189211819568 0.0811794797273245 0.04086586054300595 0.07179137662960758 0.10050792728144922 0.07565706614042975 0.08559741059683754 0.17837395885663548 0.27059826575774604 0.17119482119367507
0.0 0.0 0.0 0.0 0.0 0.0 0.0 0.0 0.0 0.0 0.0 0.0 0.0 0.0 0.0 0.0 0.0 0.0 0.0 0.0 0.0 0.0 0.0 0.0 0.0 0.0 0.0 0.0 0.0 0.0 0.0 0.0 0.0 0.0 0.0 0.0 0.0 0.0 0.0 0.0016567240760691215 0.011597068532473442 0.14413499461790255 0.3898823992346291 0.8377501411316324 1.186214438464568 1.0575422018899647 1.7025601088390407 2.0410840617155688 2.457474046167283 1.8986057911737353 0.6488835964599017 0.2297324052147401 0.2092994749432371 0.22255326755177968 0.1800306829327046 0.12646327113984349 0.054119653151548514 0.10547809950965312 0.12425430570508697 0.13419465016149476 0.19825464776945106 0.2634191280947856 0.2220010261930888
0.0 0.0 0.0 0.0 0.0 0.0 0.0 0.0 0.0 0.0 0.0005522413586908637 0.0005522413586908637 0.0 0.0 0.0 0.0 0.0 0.0 0.0 0.0 0.0 0.0011044827173782579 0.0011044827173782579 0.0 0.0 0.0 0.0 0.0 0.0 0.0 0.0 0.0 0.0 0.0 0.0 0.0 0.0 0.0 0.0005522413586908637 0.0022089654347565157 0.00994034445640779 0.08338844516208102 0.311464126300752 0.5180023944505417 1.060303408683412 1.3585137423756215 1.3955139134078018 1.3872302930274631 1.2734685731374713 0.9200341035763351 0.7874961774909095 0.498673946896417 0.37883757206084306 0.47327084439671013 0.37828533070215564 0.33024033249618934 0.17837395885663548 0.2821953342902195 0.30373274727910415 0.2490608527688648 0.30318050592041335 0.3821510202129813 0.2844042997249795
0.0 0.0 0.0 0.0 0.0 0.0 0.0 0.0 0.0005522413586908637 0.0005522413586908637 0.0027612067934473794 0.0005522413586908637 0.0 0.0 0.0 0.0 0.0 0.0005522413586908637 0.0 0.0 0.0 0.0016567240760691215 0.0022089654347565157 0.0016567240760691215 0.0005522413586908637 0.0005522413586908637 0.0011044827173782579 0.0011044827173782579 0.0011044827173782579 0.0 0.0 0.0 0.0 0.0 0.0 0.0 0.0 0.0 0.0016567240760691215 0.0038656895108256373 0.0298210333692199 0.08559741059683754 0.1551798217916886 0.23028464657342748 0.4406886042340429 0.6267939421123296 1.126020130367434 1.2767820212896095 0.8438247960772145 0.47658429254884493 0.7841827293387748 1.0564377191725864 0.5268382561895713 0.29489688554007465 0.30207602320303506 0.40921084678875386 0.6334208384165991 0.6731822162422303 0.6433611828730069 0.5384353247220447 0.4384796387992863 0.4550468795599637 0.5218680839613674
0.0 0.0 0.0 0.0 0.0 0.0 0.0 0.0 0.0005522413586908637 0.0038656895108256373 0.0005522413586908637 0.0 0.0 0.0 0.0 0.0 0.0 0.0011044827173782579 0.0 0.0 0.0005522413586908637 0.0044179308695130315 0.0038656895108256373 0.0011044827173782579 0.0011044827173782579 0.0038656895108256373 0.005522413586894759 0.0077313790216512746 0.011044827173786048 0.0022089654347565157 0.0 0.0 0.0 0.0 0.0 0.0 0.0 0.0 0.0022089654347565157 0.014910516684611685 0.06185103217319979 0.16567240760678378 0.2468518873341083 0.28771774787711424 0.5610772204283042 1.2480654706377645 2.559638697524798 2.098517163019252 1.126020130367434 0.7687199712954722 1.0310346166728794 1.2546923669420376 1.0453928919988003 0.7350332484154266 0.28992671331187075 0.42301688075598726 0.6919584224376641 0.9194818622176477 1.0028703073797254 0.8730935880877471 0.6787046298291216 0.6361820452100465 0.654406010046793
