static/data/precipitation/2023/7/8/18.asc
ncols 137
nrows 93
xllcorner 108.0
yllcorner 17.0
cellsize 0.25
NODATA_value -32767
[rows 0 to 23 of 93, columns 55 to 109 of 137]
0.0 0.0005522413586908637 0.011044827173786048 0.39485257146283304 0.5958684260257314 0.2943446441813838 0.2220010261930888 0.006626896304273017 0.0016567240760691215 0.0016567240760691215 0.0027612067934473794 0.004970172228203895 0.0033134481521347736 0.008835861739029532 0.02816430929315425 0.045836032771209845 0.04362706733645333 0.01546275804329908 0.008835861739029532 0.008835861739029532 0.0022089654347565157 0.04417930869514072 0.027612067934463386 0.0 0.0 0.0 0.0 0.0 0.0 0.0 0.0 0.0 0.0 0.0 0.0 0.0 0.0 0.0 0.0005522413586908637 0.0005522413586908637 0.0 0.0 0.0 0.0 0.0005522413586908637 0.0005522413586908637 0.0005522413586908637 0.0011044827173782579 0.0005522413586908637 0.0 0.0 0.0 0.0 0.0 0.0
0.0 0.0005522413586908637 0.03202999880397989 0.9476461715107986 1.7616499342187932 0.32692688434405104 0.033134481521358145 0.013806033967233428 0.0011044827173782579 0.0044179308695130315 0.012149309891164306 0.01270155124985517 0.006074654945582153 0.010492585815095185 0.021537412988881233 0.026507585217085128 0.012149309891164306 0.008835861739029532 0.014358275325920822 0.030373274727910765 0.01988068891281558 0.007179137662960411 0.0005522413586908637 0.0 0.0 0.0 0.0 0.0 0.0 0.0 0.0 0.0 0.0 0.0 0.0 0.0 0.0 0.0 0.0 0.0 0.0 0.0 0.0005522413586908637 0.0 0.0 0.0 0.0005522413586908637 0.0011044827173782579 0.0016567240760691215 0.0011044827173782579 0.0005522413586908637 0.0005522413586908637 0.0005522413586908637 0.0005522413586908637 0.0005522413586908637
0.0 0.0 0.0038656895108256373 0.1971501650520728 0.27998636885546296 0.13253792608542564 0.0044179308695130315 0.0038656895108256373 0.0033134481521347736 0.01270155124985517 0.0469405154885881 0.07676154885781147 0.019328447554124717 0.00994034445640779 0.011597068532473442 0.0038656895108256373 0.0027612067934473794 0.0027612067934473794 0.0038656895108256373 0.0016567240760691215 0.0016567240760691215 0.0027612067934473794 0.0027612067934473794 0.0011044827173782579 0.0005522413586908637 0.0 0.0 0.0 0.0 0.0 0.0 0.0 0.0 0.0 0.0 0.0 0.0005522413586908637 0.0 0.0 0.0 0.0 0.0 0.0005522413586908637 0.0005522413586908637 0.0 0.0027612067934473794 0.00994034445640779 0.008835861739029532 0.004970172228203895 0.0 0.0 0.0 0.0 0.0005522413586908637 0.0005522413586908637
0.0 0.0 0.008835861739029532 0.006626896304273017 0.0033134481521347736 0.0027612067934473794 0.0033134481521347736 0.009388103097716927 0.04362706733645333 0.08891085874897231 0.3324492979309458 0.7146003181439237 0.12370206434639958 0.06847792847746934 0.014910516684611685 0.0038656895108256373 0.00994034445640779 0.020432930271502975 0.02705982657577599 0.006626896304273017 0.0016567240760691215 0.0016567240760691215 0.0005522413586908637 0.0005522413586908637 0.0005522413586908637 0.0011044827173782579 0.0 0.0 0.0 0.0 0.0 0.0 0.0 0.0 0.0 0.0 0.0016567240760691215 0.0016567240760691215 0.0016567240760691215 0.0 0.0 0.0 0.0 0.0005522413586908637 0.0005522413586908637 0.0005522413586908637 0.0016567240760691215 0.006626896304273017 0.011597068532473442 0.012149309891164306 0.0016567240760691215 0.0016567240760691215 0.0016567240760691215 0.0 0.0005522413586908637
0.0 0.0 0.0005522413586908637 0.0005522413586908637 0.0005522413586908637 0.0011044827173782579 0.004970172228203895 0.019328447554124717 0.0469405154885881 1.7737992441099575 3.1709698815938268 3.485747456046715 1.6920675230239455 0.43350946657108247 0.15186637363955036 0.02264189570625949 0.007179137662960411 0.01546275804329908 0.022089654347572096 0.027612067934463386 0.019328447554124717 0.010492585815095185 0.0016567240760691215 0.0016567240760691215 0.0011044827173782579 0.0016567240760691215 0.0005522413586908637 0.0 0.0 0.0 0.0 0.0 0.0 0.0 0.0 0.0005522413586908637 0.0016567240760691215 0.0016567240760691215 0.0016567240760691215 0.0 0.0 0.0 0.0 0.0 0.0005522413586908637 0.0005522413586908637 0.0 0.0 0.0044179308695130315 0.0044179308695130315 0.0016567240760691215 0.0011044827173782579 0.0011044827173782579 0.0 0.0
0.0 0.0 0.0 0.0 0.0 0.0 0.0005522413586908637 0.014910516684611685 0.024298619782328612 3.8187489953363483 5.210397219233326 5.035336708528826 2.9285359251292347 1.670530110035061 0.7852872120561529 0.3860167097238035 0.2048815440737206 0.023194137064950354 0.023194137064950354 0.0392091364669403 0.04141810190169681 0.033134481521358145 0.04362706733645333 0.029268792010532507 0.028716550651841644 0.0011044827173782579 0.0005522413586908637 0.0 0.0005522413586908637 0.0 0.0 0.0 0.0 0.0 0.0 0.0005522413586908637 0.0016567240760691215 0.0016567240760691215 0.0016567240760691215 0.0005522413586908637 0.0 0.0 0.0 0.0 0.0 0.0 0.0 0.0 0.0 0.0 0.0 0.0 0.0 0.0 0.0
0.0 0.0 0.0005522413586908637 0.0005522413586908637 0.0016567240760691215 0.0016567240760691215 0.0016567240760691215 0.04141810190169681 0.07510482478174235 3.573553832078311 5.073441362278386 4.9674110214100455 2.966640578878795 2.2708164669303055 1.3822601207992593 0.5875848056453893 0.3396284355939062 0.15738878722644511 0.08559741059683754 0.03258224016266728 0.0347912055974238 0.040313619184318555 0.05743310130368676 0.03810465374956204 0.033134481521358145 0.013253792608542564 0.006074654945582153 0.0033134481521347736 0.0033134481521347736 0.0005522413586908637 0.0005522413586908637 0.0005522413586908637 0.0 0.0 0.0 0.0 0.0011044827173782579 0.0016567240760691215 0.0016567240760691215 0.0011044827173782579 0.0011044827173782579 0.0011044827173782579 0.0011044827173782579 0.0 0.0 0.0 0.0 0.0 0.0 0.0 0.0 0.0 0.0 0.0 0.0
0.0 0.0 0.0005522413586908637 0.012149309891164306 0.0171194821193682 0.02098517163019384 0.013806033967233428 0.03092551608659816 0.13971706374838605 1.703664591556419 4.246736048320538 3.9976751955516745 2.0836066463346405 2.2525925020935587 1.315438916397859 0.5991818741778663 0.39540481282152384 0.20543378543241148 0.18776206195435588 0.08283620380339016 0.04086586054300595 0.021537412988881233 0.03534344695611466 0.012149309891164306 0.013806033967233428 0.022089654347572096 0.006626896304273017 0.004970172228203895 0.006626896304273017 0.004970172228203895 0.0016567240760691215 0.0011044827173782579 0.0 0.0 0.0 0.0 0.0005522413586908637 0.0005522413586908637 0.0011044827173782579 0.0016567240760691215 0.0016567240760691215 0.0016567240760691215 0.0016567240760691215 0.0005522413586908637 0.0005522413586908637 0.0 0.0 0.0 0.0 0.0 0.0 0.0 0.0 0.0 0.0
0.0 0.0 0.0011044827173782579 0.045836032771209845 0.06461223896664717 1.0774228908027803 0.04362706733645333 0.06019430809713067 0.5411965315154921 0.8051679009689651 4.0667053653878344 4.745409995216955 3.547046246861224 3.554225384524186 1.6186194223182688 0.9487506542281767 0.4644349826576806 0.20377706135634235 0.23083688793211835 0.1551798217916886 0.0740003420643641 0.024850861141019476 0.02264189570625949 0.019328447554124717 0.01546275804329908 0.020432930271502975 0.00994034445640779 0.0027612067934473794 0.0038656895108256373 0.009388103097716927 0.004970172228203895 0.0016567240760691215 0.0005522413586908637 0.0 0.0 0.0 0.0 0.0005522413586908637 0.0005522413586908637 0.0016567240760691215 0.0016567240760691215 0.0011044827173782579 0.0011044827173782579 0.0011044827173782579 0.0005522413586908637 0.0005522413586908637 0.0 0.0 0.0 0.0 0.0 0.0 0.0005522413586908637 0.0011044827173782579 0.0
0.0 0.0 0.005522413586894759 0.07179137662960758 0.941019275206529 3.600061417295396 0.8868996220549805 0.12149309891163959 0.6284506661883987 1.9201432041626165 3.4100903899062835 5.186650840809687 6.27677528286232 5.3153230773842886 2.5121459406775206 1.012810651836133 0.31753878124633417 0.2855087824423577 0.0982989618466927 0.07841827293387713 0.13032896065066912 0.07289585934698584 0.05080620499941374 0.01822396483674646 0.012149309891164306 0.02264189570625949 0.020432930271502975 0.010492585815095185 0.0016567240760691215 0.0005522413586908637 0.0016567240760691215 0.0011044827173782579 0.0005522413586908637 0.0 0.0 0.0 0.0 0.0 0.0005522413586908637 0.0005522413586908637 0.0011044827173782579 0.0016567240760691215 0.0011044827173782579 0.0005522413586908637 0.0005522413586908637 0.0 0.0 0.0 0.0 0.0 0.0 0.0005522413586908637 0.0011044827173782579 0.0016567240760691215 0.0005522413586908637
0.0 0.0 0.0 0.012149309891164306 0.8244963485230898 3.023521438823791 1.8014113120444208 0.7007942841766936 0.442345328310112 1.740112521229912 1.8212920009572364 2.367458704700929 3.287492808277264 4.335646907069512 2.337085429973018 0.8222873830883333 0.07179137662960758 0.038656895108249434 0.040313619184318555 0.03368672288004554 0.05246292907548286 0.13419465016149476 0.053015170434170256 0.012149309891164306 0.0038656895108256373 0.00994034445640779 0.0171194821193682 0.01546275804329908 0.008283620380338669 0.0005522413586908637 0.0038656895108256373 0.0022089654347565157 0.0005522413586908637 0.0005522413586908637 0.0 0.0 0.0 0.0 0.0 0.0 0.0 0.0005522413586908637 0.0005522413586908637 0.0005522413586908637 0.0 0.0 0.0 0.0 0.0 0.0 0.0 0.0005522413586908637 0.0011044827173782579 0.0016567240760691215 0.0011044827173782579
0.0 0.0 0.0 0.0005522413586908637 0.16014999401988902 0.18058292429139547 0.5704653235260246 0.5561070482001003 0.4970172228203479 0.3258224016266728 1.184557714388499 1.2022294378665546 1.215483230475097 1.7726947613925792 0.9382580684130816 0.2700460243990552 0.01270155124985517 0.008835861739029532 0.013806033967233428 0.04528379141252245 0.0640599976079563 0.014910516684611685 0.0298210333692199 0.014910516684611685 0.0044179308695130315 0.014358275325920822 0.02540310249970687 0.022089654347572096 0.011044827173786048 0.0005522413586908637 0.0 0.0005522413586908637 0.0005522413586908637 0.0 0.0005522413586908637 0.0 0.0 0.0 0.0 0.0 0.0 0.0 0.0 0.0 0.0 0.0 0.0 0.0 0.0 0.0 0.0 0.0016567240760691215 0.0033134481521347736 0.0016567240760691215 0.0011044827173782579
0.0 0.0 0.0 0.0016567240760691215 0.0027612067934473794 0.006626896304273017 0.17726947613925723 0.45007670733175975 0.5290472216243278 0.24022499102983527 0.7488392823826601 0.9459894474347329 0.9222430690110917 0.8708846226529905 0.3407329183112845 0.13198568472673824 0.009388103097716927 0.006626896304273017 0.0022089654347565157 0.012149309891164306 0.01270155124985517 0.0027612067934473794 0.004970172228203895 0.0077313790216512746 0.0077313790216512746 0.0044179308695130315 0.009388103097716927 0.01546275804329908 0.017671723478055595 0.0005522413586908637 0.0 0.0016567240760691215 0.0016567240760691215 0.0 0.0 0.0 0.0 0.0 0.0 0.0 0.0 0.0 0.0 0.0 0.0 0.0 0.0 0.0 0.0 0.0005522413586908637 0.0011044827173782579 0.0044179308695130315 0.007179137662960411 0.0044179308695130315 0.0022089654347565157
0.0 0.0 0.0 0.0005522413586908637 0.0016567240760691215 0.0016567240760691215 0.06295551489057805 0.2496130941275522 0.30207602320303506 0.20432930271503322 0.39264360602807646 0.4136287776582669 0.37552412390870826 0.2915834373879399 0.26894154168167694 0.06571672168402543 0.016014999401989943 0.008283620380338669 0.0022089654347565157 0.0005522413586908637 0.0005522413586908637 0.0027612067934473794 0.0016567240760691215 0.0038656895108256373 0.007179137662960411 0.008835861739029532 0.006626896304273017 0.005522413586894759 0.0044179308695130315 0.004970172228203895 0.0 0.0011044827173782579 0.0011044827173782579 0.0 0.0 0.0 0.0 0.0 0.0 0.0 0.0 0.0 0.0 0.0 0.0 0.0 0.0011044827173782579 0.0038656895108256373 0.02264189570625949 0.04914948092334462 0.05356741179286112 0.0347912055974238 0.025955343858397734 0.010492585815095185 0.008835861739029532
0.0 0.0 0.0 0.0005522413586908637 0.0011044827173782579 0.0005522413586908637 0.07179137662960758 0.22034430211702316 0.2904789546705582 0.26065792130133825 0.13419465016149476 0.14855292548741558 0.1507618909221721 0.12314982298770871 0.10547809950965312 0.06240327353188718 0.01546275804329908 0.006626896304273017 0.006626896304273017 0.0033134481521347736 0.0 0.0016567240760691215 0.0005522413586908637 0.0027612067934473794 0.006074654945582153 0.013253792608542564 0.006626896304273017 0.005522413586894759 0.005522413586894759 0.004970172228203895 0.0011044827173782579 0.0 0.0 0.0 0.0005522413586908637 0.0005522413586908637 0.0005522413586908637 0.0005522413586908637 0.0005522413586908637 0.0011044827173782579 0.0011044827173782579 0.0011044827173782579 0.0016567240760691215 0.0016567240760691215 0.004970172228203895 0.007179137662960411 0.008835861739029532 0.25071757684493046 0.32692688434405104 0.44621101782093764 0.508062049994134 0.48542015428787444 0.36447929673492224 0.23249361200818747 0.16180671809595815
0.0 0.0 0.0 0.0 0.0005522413586908637 0.0016567240760691215 0.10603034086834051 0.25347878363837784 0.3501210214090014 0.37386739983263917 0.17450826934581332 0.054119653151548514 0.05522413586892677 0.07620930749912061 0.06571672168402543 0.023194137064950354 0.010492585815095185 0.0033134481521347736 0.006074654945582153 0.006074654945582153 0.0027612067934473794 0.0005522413586908637 0.0005522413586908637 0.0022089654347565157 0.006626896304273017 0.01546275804329908 0.05743310130368676 0.15904551130251077 0.16014999401988902 0.11817965075950482 0.0044179308695130315 0.0033134481521347736 0.008283620380338669 0.0022089654347565157 0.0027612067934473794 0.0016567240760691215 0.0016567240760691215 0.0016567240760691215 0.0016567240760691215 0.0022089654347565157 0.005522413586894759 0.006626896304273017 0.05798534266237415 0.291031196029249 0.2987625750509003 0.4694051548858845 0.6102267013516522 0.8504516923814875 1.0321390993902577 1.1707516804212657 1.2033339205839328 1.033795823466327 0.9095415177612399 0.7168092835786801 0.6168535976559218
0.0 0.0 0.0 0.0005522413586908637 0.0016567240760691215 0.0027612067934473794 0.10216465135751487 0.18776206195435588 0.2844042997249795 0.3749718825500209 0.15462758043299774 0.033134481521358145 0.013806033967233428 0.027612067934463386 0.024298619782328612 0.01988068891281558 0.006626896304273017 0.0016567240760691215 0.004970172228203895 0.004970172228203895 0.011044827173786048 0.0027612067934473794 0.008283620380338669 0.008283620380338669 0.012149309891164306 0.0298210333692199 0.07676154885781147 0.17892620021532635 0.19162775146517805 0.14137378782445517 0.006626896304273017 0.007179137662960411 0.012149309891164306 0.0033134481521347736 0.0033134481521347736 0.0022089654347565157 0.0027612067934473794 0.0033134481521347736 0.007179137662960411 0.07841827293387713 0.08228396244470276 0.17561275206319157 0.39153912331069823 0.6251372180362604 0.7416601447196997 0.9934822042820084 1.1359604748238419 1.0050792728144853 1.1878711625406337 1.2314982298770871 1.1967070242796634 1.0266166858033665 1.186214438464568 1.1713039217799563 1.5269473567758491
0.0 0.0 0.0 0.0005522413586908637 0.0016567240760691215 0.0077313790216512746 0.045836032771209845 0.1380603396723204 0.17009033847629682 0.207642750867168 0.04804499820596636 0.030373274727910765 0.012149309891164306 0.01270155124985517 0.013253792608542564 0.00994034445640779 0.008835861739029532 0.0027612067934473794 0.005522413586894759 0.011597068532473442 0.02098517163019384 0.004970172228203895 0.02540310249970687 0.023194137064950354 0.014358275325920822 0.03644792967349292 0.00994034445640779 0.012149309891164306 0.014358275325920822 0.008283620380338669 0.0033134481521347736 0.0022089654347565157 0.0033134481521347736 0.0016567240760691215 0.0016567240760691215 0.0016567240760691215 0.0027612067934473794 0.005522413586894759 0.026507585217085128 0.11376171988999179 0.2590011972252726 0.4384796387992863 0.7118391113504763 0.6715254921661612 0.7493915237413474 0.8294665207512937 0.753809454610864 0.566599634015199 0.5240770493961239 0.4859723956465653 0.46001705178816754 0.47713653390753574 0.6676598026553355 1.3629316732451344 3.990496057888714
0.0 0.0 0.0005522413586908637 0.0005522413586908637 0.012149309891164306 0.024298619782328612 0.06792568711878194 0.11707516804212656 0.14855292548741558 0.03700017103218031 0.013806033967233428 0.0038656895108256373 0.0038656895108256373 0.006626896304273017 0.006074654945582153 0.006074654945582153 0.005522413586894759 0.004970172228203895 0.05467189451023938 0.04970172228203548 0.0016567240760691215 0.0027612067934473794 0.016014999401989943 0.02098517163019384 0.01988068891281558 0.0005522413586908637 0.0 0.0 0.0 0.0005522413586908637 0.0011044827173782579 0.0016567240760691215 0.0016567240760691215 0.0016567240760691215 0.005522413586894759 0.006626896304273017 0.022089654347572096 0.025955343858397734 0.051358446358104604 0.3053894713551698 0.4241213634733655 0.5113754981462721 0.8084813491210998 0.6930629051550424 0.3087029195073046 0.0982989618466927 0.07565706614042975 0.06792568711878194 0.0861496519555284 0.14468723597658995 0.13585137423756388 0.17119482119367507 0.27612067934463735 1.1508709915084534 4.632752758044343
0.0 0.0 0.0 0.005522413586894759 0.023194137064950354 0.05467189451023938 0.11155275445523527 0.07344810070567323 0.01822396483674646 0.0027612067934473794 0.0016567240760691215 0.0016567240760691215 0.0016567240760691215 0.0016567240760691215 0.0016567240760691215 0.0033134481521347736 0.0044179308695130315 0.0044179308695130315 0.18223964836746112 0.1380603396723204 0.01988068891281558 0.024298619782328612 0.01988068891281558 0.018776206195437323 0.0011044827173782579 0.0005522413586908637 0.0005522413586908637 0.0005522413586908637 0.0 0.0 0.0011044827173782579 0.0011044827173782579 0.01546275804329908 0.018776206195437323 0.03368672288004554 0.10161240999882748 0.13585137423756388 0.1800306829327046 0.6013908396126227 1.1238111649326774 1.3021851237893165 0.7123913527091672 1.2546923669420376 0.7913618670017352 0.16346344217202727 0.025955343858397734 0.012149309891164306 0.011044827173786048 0.014910516684611685 0.024298619782328612 0.019328447554124717 0.02540310249970687 0.025955343858397734 0.02098517163019384 0.040313619184318555
0.0 0.0 0.0 0.0016567240760691215 0.008835861739029532 0.02098517163019384 0.008835861739029532 0.0022089654347565157 0.0011044827173782579 0.0005522413586908637 0.0005522413586908637 0.0005522413586908637 0.0005522413586908637 0.0005522413586908637 0.0005522413586908637 0.0011044827173782579 0.0016567240760691215 0.0016567240760691215 0.016567240760677338 0.11155275445523527 0.2070905095084806 0.27943412749677554 0.25071757684493046 0.13198568472673824 0.009388103097716927 0.004970172228203895 0.0022089654347565157 0.0016567240760691215 0.0016567240760691215 0.0016567240760691215 0.004970172228203895 0.014910516684611685 0.07068689391222932 0.20101585456289844 0.5367786006459756 0.7079734218396541 0.8421680720011488 1.1387216816172891 1.4049020165055186 1.5313652876453656 1.5131413228086192 1.4391409807442552 1.2955582274850435 0.6615851477097534 0.07731379021649887 0.0690301698361602 0.017671723478055595 0.0022089654347565157 0.0022089654347565157 0.004970172228203895 0.16512016624809292 0.12756775385722174 0.05743310130368676 0.11707516804212656 0.051910687716792
0.0 0.0 0.0 0.0005522413586908637 0.0011044827173782579 0.0038656895108256373 0.007179137662960411 0.02374637842363775 0.033134481521358145 0.03202999880397989 0.0044179308695130315 0.0005522413586908637 0.0005522413586908637 0.0005522413586908637 0.0 0.0005522413586908637 0.0011044827173782579 0.0027612067934473794 0.07179137662960758 0.10437361679227486 0.1850008551609085 0.4136287776582669 0.35398671091982703 0.5781967025476724 0.661032906351066 0.2634191280947856 0.16622464896547118 0.11873189211819568 0.08062723836863364 0.10768706494440963 0.23580706016032224 0.3893301578759417 0.5483756691784525 0.9967956524341431 2.0963081975844955 2.5016533548624236 2.3669064633422416 1.51148459873255 1.117184268628408 1.0111539277600674 1.0354525475423926 0.8598397954792045 0.3197477466810906 0.03534344695611466 0.025955343858397734 0.013253792608542564 0.0022089654347565157 0.0044179308695130315 0.008835861739029532 0.0298210333692199 0.06240327353188718 0.09664223777062358 0.2672848176056113 0.6013908396126227 0.7184660076547493
0.0 0.0 0.0 0.028716550651841644 0.043074825977762465 0.207642750867168 0.33686722880045883 0.26949378304036775 0.11873189211819568 0.14137378782445517 0.04804499820596636 0.0022089654347565157 0.0011044827173782579 0.0005522413586908637 0.0005522413586908637 0.0016567240760691215 0.007179137662960411 0.01270155124985517 0.15297085635692861 0.2739117139098808 0.3893301578759417 0.7228839385242624 0.63397307977529 0.7344810070567392 0.6864360088507728 0.48431567157049615 0.35453895227851445 0.24022499102983527 0.19438895825862543 0.3230611948332289 0.5445099796676268 0.7631975577085809 1.1707516804212657 1.6605897655786566 2.094099232149739 1.944441823944945 1.6081268365031738 2.079740956823818 1.126020130367434 1.232050471235778 1.3270359849303324 0.4235691221146747 0.09332878961848881 0.08725413467290666 0.11155275445523527 0.023194137064950354 0.058537584021065014 0.08062723836863364 0.09277654825979795 0.037552412390871176 0.06792568711878194 0.12204534027033045 0.2965536096161403 0.3197477466810906 0.34846429733293227
0.0 0.0 0.0005522413586908637 0.18389637244353024 0.15407533907430687 0.2446429218993483 0.349568780050314 0.3528822282024488 0.1728515452697442 0.1678813730415403 0.08559741059683754 0.004970172228203895 0.0011044827173782579 0.0011044827173782579 0.0016567240760691215 0.0044179308695130315 0.0811794797273245 0.14965740820479384 0.3727629171152609 0.6058087704821358 0.8018544528168303 0.8090335904797907 0.8333322102621193 0.9780194462387093 1.453499256070176 0.7339287656980484 0.44344981102749026 0.22807568113867097 0.23801602559507876 0.39927050233234607 0.5483756691784525 0.7002420428180028 1.3866780516687758 2.015128717857171 2.2404431922023944 3.3051645317553215 3.9164957158243503 4.1920641538103 3.356522978113424 3.3084779799074577 2.758997828011627 1.1939458174862159 0.35453895227851445 0.9062280696091017 0.18168740700877373 0.1032691340748966 0.10216465135751487 0.13088120200936 0.10547809950965312 0.053015170434170256 0.05964206673844327 0.08780637603159405 0.30373274727910415 0.6715254921661612 0.5986296328191754
