static/data/thetao/2023/7/13/0.asc
ncols 137
nrows 93
xllcorner 108.0
yllcorner 17.0
cellsize 0.25
NODATA_value -32767
[rows 54 to 80 of 93, columns 61 to 121 of 137]
29.443909 29.4839 29.522253 29.54799 29.51393 29.546627 29.584478 29.688454 29.85072 29.973791 29.913908 29.703033 29.697912 29.824562 29.522789 29.299347 29.119278 29.168446 29.316174 29.052896 28.960089 29.013407 28.884422 28.888294 29.01682 29.162004 29.207993 29.487822 29.456379 29.292765 29.033178 28.797245 28.746395 28.693876 28.710604 28.710808 28.704706 28.714542 28.707117 28.652237 28.50408 28.841734 29.119802 28.934912 29.141226 29.264683 29.101734 29.14303 29.629972 29.80552 29.637463 29.576244 29.764723 28.869762 28.88795 28.819221 28.874084 28.902967 28.806469 28.863886 29.0577
29.530493 29.590029 29.619362 29.657099 29.634237 29.793415 29.88663 29.820612 29.776394 29.637661 29.70776 29.473999 29.475101 29.614408 29.099161 29.212738 29.21178 28.960358 -32767.0 28.64916 29.019041 28.907068 28.859915 28.885576 28.88017 28.980421 29.271212 29.46462 29.54674 29.359077 29.210798 28.821291 28.694513 28.680706 28.674051 28.666285 28.609743 28.593508 28.54306 28.52964 28.721306 29.087076 29.116312 28.888195 29.12361 29.13568 29.02082 29.142517 29.491013 29.775505 29.655203 29.461157 29.604233 29.542482 28.710325 29.034887 29.178377 29.141468 29.025427 28.922672 29.082237
29.134626 29.190216 29.422174 29.803463 29.71925 29.886192 29.923237 29.973267 29.638268 29.353514 29.43789 29.243664 29.230608 29.418615 29.38652 29.363438 29.362612 29.339926 29.234032 29.150637 28.88927 29.063599 28.811045 28.806883 28.920341 28.936172 29.315338 29.451921 29.657818 29.526121 29.382126 29.065739 28.743282 28.691162 28.638483 28.533926 28.453688 28.43306 28.501589 28.626905 28.933495 29.135752 29.072945 28.927864 29.139336 28.988777 28.934528 29.13091 29.171772 29.67162 29.91057 29.422228 29.516954 29.671795 29.646833 29.47689 29.5762 29.543957 29.354237 29.124405 29.169638
29.08143 29.051222 29.46245 29.524305 29.459389 29.483402 29.59532 29.741093 29.296942 29.180098 29.241901 29.185553 29.29298 29.407593 29.476698 29.551395 29.61528 29.628967 29.61166 29.54414 29.370806 29.192806 28.976469 28.88676 28.941286 29.043947 29.25445 29.444546 29.537388 29.680733 29.68263 29.462671 28.842003 28.654278 28.595945 28.539782 28.486832 28.502218 28.561888 28.720627 28.930454 29.031029 29.020895 29.024683 28.97132 28.84363 28.958296 29.070683 29.078997 29.61427 29.785769 29.892454 29.580875 29.45206 29.525795 29.632288 29.601698 29.550821 29.406813 29.303452 29.126675
29.282433 29.289896 29.458033 29.569397 29.613438 29.698349 29.741634 29.443893 29.415796 29.333447 29.201143 29.183283 29.308722 29.367521 29.412703 29.568678 29.564276 29.430819 29.425533 29.442356 29.444462 29.398073 29.284388 29.200314 29.009605 29.02392 29.185537 29.441126 29.46289 29.644667 29.715498 29.73003 29.361916 28.7018 28.647636 28.586336 28.458912 28.371788 28.459406 28.657974 28.88459 28.95082 28.923603 28.80506 28.949314 28.856089 28.872948 29.003925 29.145706 29.418142 29.631733 29.75504 29.916445 29.552715 29.527782 29.5106 29.468513 29.406435 29.28744 29.20951 29.013832
29.381977 29.560926 29.723175 29.806498 29.990313 29.762552 29.695805 29.488094 29.30671 29.459515 29.209572 29.309034 29.369194 29.372877 29.373978 29.579185 29.477379 29.452312 29.434706 29.446165 29.519016 29.466413 29.347021 29.289896 29.254232 29.062338 29.162428 29.412104 29.407423 29.595219 29.741245 29.492016 29.455866 29.016375 28.692667 28.69902 28.66584 28.563108 28.317871 28.221977 28.410254 28.49808 28.562159 28.827728 28.838339 28.833237 28.796503 28.972334 29.193373 29.352516 29.58991 29.71393 29.684612 29.8054 29.59986 29.373075 29.238129 29.037275 28.96547 28.96257 28.92471
29.63781 29.820839 29.50229 29.35945 29.88131 29.915297 29.47509 29.397114 29.40097 29.250788 29.299406 29.493153 29.622644 29.54946 29.437527 29.556816 29.530083 29.422424 29.382046 29.415304 29.424498 29.525923 29.493586 29.33781 29.346565 29.140457 29.143559 29.391102 29.384634 29.587416 29.719913 29.650698 29.486105 29.3572 29.282873 29.196314 28.893597 28.593077 28.444029 28.55683 28.447193 28.286993 28.27513 28.477373 28.523176 28.603731 28.677576 28.928503 29.206455 29.429316 29.703564 29.749594 29.6272 29.57152 29.669767 29.540606 29.03804 28.598875 28.583624 28.720781 28.882265
29.642673 29.600092 29.260658 29.761099 29.893988 29.434862 29.333693 29.323212 29.361164 29.264883 29.57644 29.77478 29.758266 29.688728 29.48508 29.537594 29.513306 29.36367 29.424768 29.406685 29.365488 29.492588 29.535603 29.3664 29.322115 29.146189 29.144995 29.420443 29.414576 29.689905 29.685083 29.609589 29.5221 29.608332 29.433195 29.310877 29.256374 29.227922 29.124346 28.816483 28.45176 28.340746 28.370632 28.490396 28.555954 28.54865 28.561977 28.866743 29.183594 29.451712 29.673742 29.691677 29.614353 29.57653 29.514643 29.573496 29.079287 28.550247 28.562725 28.828623 29.058926
29.425163 29.180437 29.237123 29.579147 29.577076 29.406874 29.442963 29.606512 29.67459 29.711502 29.675133 29.688768 29.78838 29.711123 29.552052 29.527397 29.500263 29.378958 29.38387 29.350143 29.361332 29.463411 29.515947 29.384655 29.253288 29.14025 29.394768 29.255049 29.626282 29.52397 29.595413 29.613337 29.48182 29.505333 29.253944 29.351559 29.24754 29.210455 29.189991 29.19229 29.098593 28.899136 28.581451 28.463383 28.406416 28.348696 28.646387 28.885492 29.176912 29.401335 29.67065 29.67311 29.558228 29.615347 29.469784 29.481733 29.103271 28.548555 28.662392 28.634342 29.504028
29.240585 29.334185 29.328255 29.168118 29.418941 29.538218 29.659712 29.67832 29.6634 29.779345 29.792677 29.71167 29.79779 29.7161 29.61973 29.553741 29.461777 29.420074 29.348099 29.372347 29.37994 29.527542 29.471361 29.26625 29.136675 29.39741 29.222427 29.333534 29.707104 29.357452 29.438332 29.479948 29.518307 29.515148 29.236572 29.417196 29.162579 29.247007 29.142866 29.039612 28.985682 28.98844 29.035236 28.99076 28.817701 28.61691 28.628065 29.02679 29.217566 29.39827 29.677797 29.586971 29.54719 29.58938 29.41924 29.2708 28.942896 28.55527 28.478199 29.290695 29.568394
29.351665 29.2589 29.255505 29.340622 29.580204 29.648605 29.601748 29.57822 29.906221 29.782534 29.783972 29.769604 29.809168 29.750143 29.655214 29.57661 29.4525 29.414125 29.377369 29.438662 29.505213 29.49571 29.316269 29.16315 29.374233 29.354185 29.271788 29.326998 29.593609 29.585325 29.511225 29.561224 29.495682 29.361622 29.436335 29.269455 29.061325 29.189928 29.054848 28.963837 28.919209 28.972202 28.986202 29.047396 28.960987 28.804178 28.63262 29.324656 29.414236 29.71436 29.725048 29.445898 29.676886 29.60035 29.230696 29.1536 28.813791 28.436993 28.40527 29.522167 29.60364
29.24112 29.177908 29.164505 29.325312 29.605158 29.625944 29.567322 29.706926 29.800562 29.665354 29.711927 29.733223 29.865046 29.752207 29.596376 29.566496 29.413025 29.417604 29.431553 29.476746 29.488438 29.381924 29.205494 29.21281 29.239193 29.250185 29.318106 29.301945 29.560656 29.489193 29.464182 29.508003 29.535414 29.51061 29.44109 29.193434 28.98427 28.953314 28.86849 28.787907 28.821758 28.815285 28.80398 28.67683 28.603453 28.777336 29.313171 29.404356 29.62562 29.9447 29.767885 29.30274 29.51308 29.31162 29.063826 28.882053 28.431702 28.429264 29.42881 29.657597 29.676035
29.109268 29.117699 29.183523 29.18013 29.44132 29.53947 29.50997 29.722942 29.779915 29.710924 29.740105 29.722061 29.865093 29.685396 29.485415 29.417055 29.387115 29.436499 29.433584 29.484838 29.43774 29.32031 29.179012 29.160288 29.184757 29.24875 29.324526 29.253593 29.562477 29.569313 29.737476 29.626427 29.5921 29.630548 29.463785 29.48742 29.014114 28.920475 28.986958 28.993734 28.94636 29.12368 29.125822 29.199253 29.315077 29.240553 29.419554 29.737717 29.990824 30.158966 29.86072 29.235281 29.140028 28.911467 28.59764 28.349735 29.041769 29.513357 29.661137 29.742418 29.747953
29.238863 29.338 29.372374 29.152166 29.262476 29.492811 29.491726 29.65882 29.834015 29.705488 29.70607 29.797253 29.807436 29.464277 29.469475 29.37498 29.403496 29.43689 29.403954 29.390715 29.339535 29.242031 29.169676 29.183262 29.285501 29.2946 29.333445 29.307018 29.441341 29.582335 29.665703 29.48957 29.51134 29.59949 29.634983 29.43466 29.482538 28.91485 28.868149 28.922089 29.078897 29.31798 29.44322 29.142958 29.06872 29.61221 29.880266 29.963728 30.034771 30.116325 29.964079 29.2684 28.73573 28.36181 29.016605 29.545074 29.51309 29.595207 29.704315 29.699257 30.025547
29.562698 29.658644 29.508886 29.275627 29.287546 29.500334 29.495436 29.633192 29.87177 29.76929 29.717463 29.776115 29.79224 29.278309 29.304855 29.461973 29.415724 29.416813 29.469013 29.390911 29.310915 29.281343 29.322119 29.3544 29.35137 29.241451 29.237068 29.320591 29.346561 29.407667 29.47847 29.456842 29.514093 29.554367 29.544357 29.515266 29.373129 29.383408 28.886662 28.881735 29.02748 29.03425 28.979622 29.116112 29.54785 29.77971 29.965857 30.073406 30.125154 30.153944 30.015375 29.37166 28.488743 29.01782 29.5444 29.519876 29.571192 29.681047 29.722702 29.87119 30.125603
29.645657 29.661743 29.295687 29.524914 29.710579 29.683979 29.507084 29.686361 29.920923 29.754864 29.8069 29.744911 29.83992 29.2796 29.213234 29.278622 29.458332 29.465412 29.456282 29.445103 29.416933 29.426104 29.385656 29.243036 29.161566 29.111017 29.175604 29.349672 29.281382 29.323048 29.412497 29.420156 29.427547 29.53973 29.535965 29.478693 29.38895 29.339376 29.300756 28.952753 28.829174 28.936571 29.23511 29.566668 29.768547 29.92628 30.053232 30.118048 30.164965 30.179663 30.011858 29.575659 28.51654 29.327482 29.281965 29.312555 29.485584 29.63 29.734179 29.835688 29.963436
29.662361 29.551702 29.364206 29.69446 29.713526 29.610922 29.653267 29.834972 29.951319 29.78401 29.828371 29.760485 29.821205 29.446232 29.082275 29.27596 29.345856 29.299791 29.283155 29.31567 29.291544 29.277752 29.253222 29.188278 29.17768 29.231462 29.333069 29.290417 29.22621 29.30412 29.32649 29.379156 29.373516 29.414715 29.547943 29.552692 29.36804 29.338537 29.279562 29.305923 28.919428 29.05824 29.486004 29.741844 29.858105 29.975256 30.039234 30.070696 30.138428 30.140718 30.045465 29.687916 28.67061 29.107224 28.965967 28.780455 28.864752 28.983538 29.160288 29.381802 29.558527
29.635027 29.293245 29.517633 29.712173 29.713224 29.710596 29.825409 29.995846 29.90454 29.73766 29.809942 29.79983 29.774855 29.611643 29.121529 29.228756 29.382257 29.381832 29.34087 29.295372 29.339354 29.268152 29.189306 29.138086 29.122532 29.111782 29.128965 29.15301 29.265265 29.256687 29.38251 29.447426 29.472158 29.45971 29.42391 29.4889 29.456165 29.382372 29.411074 29.185621 29.12731 29.32914 29.636335 29.784992 29.899113 30.021278 30.025982 30.084259 30.158127 30.106878 30.09971 29.73909 29.064348 28.75953 29.281061 28.96171 28.812805 28.795727 29.131092 29.14823 29.108131
29.53179 29.32994 29.669903 29.699001 29.724766 29.889927 29.926954 29.816385 29.801344 29.68824 29.815067 29.814936 29.77368 29.711033 29.234571 29.273285 29.381971 29.366005 29.30294 29.36678 29.310453 29.260077 29.23168 29.21347 29.1973 29.18447 29.189253 29.294302 29.375372 29.531675 29.537886 29.516737 29.514717 29.561625 29.57475 29.427538 29.454836 29.455261 29.45717 29.43998 29.39873 29.477098 29.658367 29.776798 29.912882 29.906 29.967533 30.072313 30.09117 30.025711 30.032581 29.972769 29.559004 28.754427 28.755959 28.918259 28.929342 28.865484 28.785313 28.91199 28.973885
29.465515 29.568844 29.670736 29.70555 29.766676 29.828249 29.813902 29.73015 29.75278 29.67012 29.847935 29.853653 29.787241 29.735312 29.412405 29.409283 29.396538 29.292393 29.300629 29.26791 29.330359 29.374283 29.39654 29.393105 29.419275 29.497358 29.552319 29.552963 29.466558 29.361881 29.389475 29.51553 29.61574 29.677095 29.635836 29.571629 29.435322 29.42727 29.457485 29.5305 29.420628 29.513079 29.653605 29.781452 29.894358 29.829342 29.953701 30.044788 29.956417 29.83975 29.835497 29.841812 29.64628 29.002308 28.705624 28.6258 28.77909 28.892313 28.844603 28.92525 29.071146
29.550165 29.631039 29.686152 29.780079 29.77922 29.840618 29.770891 29.617523 29.628357 29.770546 29.873035 29.873817 29.839458 29.687546 29.534903 29.362093 29.346325 29.261408 29.254866 29.256384 29.444618 29.532675 29.471184 29.205936 29.31655 29.401508 29.351223 29.342735 29.353233 29.45179 29.751978 29.83352 29.867336 29.824884 29.82741 29.843987 29.63453 29.593113 29.502096 29.451935 29.513638 29.589365 29.66113 29.768398 29.866142 29.799177 29.927704 30.001173 29.936789 29.762884 29.70832 29.663864 29.486706 29.132484 28.9451 28.754986 28.770609 28.957811 29.165377 29.366562 29.532331
29.625675 29.63252 29.713408 29.727373 29.924269 29.826586 29.777397 29.591003 29.674135 29.881811 29.877064 29.894678 29.816872 29.59609 29.373438 29.348007 29.302166 29.316294 29.308002 29.462278 29.534615 29.576008 29.494158 29.407854 29.444023 29.414337 29.365675 29.330854 29.711437 29.852747 29.73199 29.79942 29.716362 29.703098 29.773613 29.68063 29.855774 29.677877 29.622292 29.371454 29.579176 29.573343 29.665764 29.733118 29.829102 29.741373 29.80579 29.922321 29.806742 29.105051 29.113474 29.1889 29.227915 29.174952 29.122402 29.10609 29.375938 29.691319 29.785486 29.78072 29.73507
29.533545 29.647089 29.806583 29.821766 29.915958 29.907694 29.851824 29.646032 29.809305 29.913603 29.903502 29.90016 29.70818 29.495104 29.437092 29.373617 29.362446 29.393269 29.479372 29.545902 29.65626 29.67067 29.626308 29.563011 29.50125 29.406427 29.308756 29.825426 29.80569 29.804285 29.70304 29.73928 29.616375 29.793213 29.651209 29.661943 29.921312 29.699852 29.671215 29.456892 29.545538 29.564825 29.66646 29.70349 29.798168 29.82895 29.735224 29.765121 29.71214 29.125149 29.13022 29.636015 29.738546 29.764727 29.78732 29.81411 29.816935 29.8619 29.850788 29.834232 29.810595
29.647184 29.720037 29.813784 29.925962 29.91555 30.062586 29.9259 29.736597 29.904701 29.889315 29.910513 29.867119 29.619892 29.454912 29.472342 29.433815 29.466627 29.506323 29.585253 29.657322 29.660145 29.666033 29.637045 29.540087 29.480152 29.309832 29.797512 29.881878 29.729961 29.670311 29.682276 29.69062 29.640156 29.745487 29.806856 29.867456 29.907602 29.64915 29.598848 29.582426 29.609638 29.616909 29.644648 29.670444 29.757915 29.802614 29.696918 29.793068 29.79738 29.747322 29.827217 29.867441 29.84692 29.90651 29.960606 29.921362 29.843258 29.857038 29.877464 29.888876 29.872133
29.665956 29.760948 29.80525 29.916761 29.943264 30.112549 29.911402 29.810514 29.943237 29.88195 29.891642 29.80587 29.535225 29.382967 29.39908 29.47557 29.54973 29.640926 29.581995 29.576315 29.57036 29.514423 29.57874 29.590158 29.425419 29.719257 29.920023 29.751991 29.656965 29.60756 29.643684 29.68132 29.702784 29.73377 29.85249 29.892818 29.785442 29.633312 29.621223 29.711197 29.657957 29.639797 29.630074 29.680136 29.75498 29.715694 29.758032 29.860954 29.956612 29.945642 29.859781 29.905382 30.088001 29.981565 29.798141 29.883356 29.8956 29.875885 29.856277 29.862005 29.892456
29.773214 29.85571 29.818521 29.871494 29.93889 29.951115 29.98836 29.810337 29.947 29.924854 29.836058 29.743137 29.466085 29.351692 29.396729 29.566128 29.590288 29.58671 29.601341 29.605799 29.64921 29.609621 29.58836 29.502064 29.444817 29.979147 29.83357 29.709097 29.758518 29.624266 29.624393 29.725533 29.844345 29.805452 29.717072 29.92504 29.860922 29.785105 29.76046 29.778473 29.68709 29.63798 29.629896 29.735151 29.746387 29.68621 29.80584 29.8599 29.834764 29.83033 30.047686 30.121273 29.87013 29.819519 29.833805 29.8049 29.769495 29.755886 29.880598 29.901907 29.944656
29.839178 29.890436 29.9685 29.93056 29.859474 29.769423 29.939781 29.818192 29.919413 29.890718 29.843975 29.68169 29.487078 29.44949 29.551918 29.58475 29.54394 29.681496 29.599915 29.613672 29.665182 29.580444 29.49933 29.56602 30.022802 29.90626 29.852762 29.94172 30.010204 29.779127 29.763525 29.96851 29.912592 29.610603 29.588604 29.859562 29.896488 29.805573 29.803976 29.799728 29.700718 29.648733 29.625711 29.78051 29.741827 29.755966 29.803232 29.744055 29.970198 30.05804 29.941175 29.793854 29.853855 29.851843 29.746212 29.741945 29.785131 29.789808 29.832722 29.888815 29.918
