static/data/thetao/2023/7/13/12.asc
ncols 137
nrows 93
xllcorner 108.0
yllcorner 17.0
cellsize 0.25
NODATA_value -32767
[rows 0 to 26 of 93, columns 61 to 121 of 137]
-32767.0 -32767.0 -32767.0 -32767.0 -32767.0 -32767.0 -32767.0 -32767.0 -32767.0 -32767.0 -32767.0 -32767.0 -32767.0 -32767.0 -32767.0 -32767.0 -32767.0 -32767.0 -32767.0 22.612541 22.224194 22.594921 22.88114 23.023865 23.031921 23.016743 23.339958 23.897633 23.772055 23.753105 23.900274 23.868225 24.060936 24.06261 24.370325 24.551025 24.597067 24.386904 24.222261 24.197838 24.141272 24.233158 23.803846 23.626959 23.296312 22.770405 22.13195 22.021465 22.653444 23.177639 23.311863 22.839167 22.316359 22.75317 22.936789 22.91467 22.88384 22.87939 22.93712 22.943205 22.505274
24.64034 24.654814 25.585241 25.744413 25.945696 26.169428 26.734322 -32767.0 -32767.0 -32767.0 -32767.0 -32767.0 -32767.0 -32767.0 -32767.0 -32767.0 -32767.0 -32767.0 22.887104 22.613068 22.395912 23.084614 23.330008 23.178213 23.120686 23.561129 23.455055 23.702286 24.023499 23.984236 23.882193 23.887402 23.984901 24.163965 24.174921 24.252708 24.37451 24.38487 24.381428 24.342308 24.320807 24.405523 23.859718 23.38521 23.008896 22.649202 23.128395 23.633018 23.646269 23.632484 23.628183 23.350142 23.207525 22.93002 22.544275 22.13511 22.189535 22.440628 22.918629 23.054234 23.161749
25.102701 23.537256 22.825548 23.00702 23.408781 24.206318 25.861689 25.836136 25.614971 -32767.0 -32767.0 -32767.0 -32767.0 -32767.0 -32767.0 -32767.0 -32767.0 -32767.0 22.751122 22.553986 22.856792 23.419147 22.533388 21.967102 22.130571 22.521624 22.925173 23.309296 23.119385 22.766026 22.775932 23.517248 24.20958 24.461693 24.594105 24.474375 24.535128 24.76943 24.23986 24.829784 24.882025 24.694834 23.725853 23.911232 23.827 23.97123 23.66227 23.604113 23.575893 23.592413 23.526297 23.261705 22.842518 22.608091 22.551388 21.960945 21.862577 22.15276 22.44416 22.771639 23.108728
22.920904 22.84329 22.926846 23.064909 22.596462 22.583073 23.147188 25.135534 25.456173 -32767.0 -32767.0 -32767.0 -32767.0 -32767.0 -32767.0 -32767.0 -32767.0 25.31448 23.98684 23.277208 22.819857 23.51216 20.817839 21.445482 21.60546 21.757063 22.949665 22.62718 22.2791 22.83189 23.167799 23.211329 24.249447 24.603962 24.762445 24.596037 24.584925 24.005413 24.459806 24.874474 24.934845 24.790943 24.172224 24.10823 23.973804 23.809875 23.648836 23.730402 23.629963 23.621721 23.378736 22.851845 22.883173 22.924692 22.894396 22.541708 21.841984 22.25151 22.584068 22.915497 23.124733
23.178616 23.02149 23.070574 23.226498 23.031605 22.856033 22.787928 24.233961 -32767.0 -32767.0 -32767.0 -32767.0 -32767.0 -32767.0 -32767.0 -32767.0 -32767.0 -32767.0 -32767.0 24.41614 23.282036 22.341105 21.100992 21.526041 21.93571 21.732374 23.360676 23.379744 22.892931 22.925987 23.538641 23.075605 23.63615 24.332365 24.388094 24.177477 23.83058 24.231358 24.89084 24.86984 24.854973 24.765982 24.574064 24.272747 24.072363 23.781591 23.790905 23.8991 23.911062 23.667147 23.437916 22.908 22.782738 22.58013 22.64413 22.751562 22.523642 22.38788 22.770203 22.989466 22.88991
23.53556 23.446913 23.26437 23.115074 23.084263 23.089247 23.408916 24.681316 -32767.0 -32767.0 -32767.0 -32767.0 -32767.0 -32767.0 -32767.0 -32767.0 -32767.0 -32767.0 -32767.0 -32767.0 23.91355 23.448092 21.490488 21.7094 21.900225 21.056162 22.98733 24.23259 24.387062 24.312523 24.077166 23.931295 23.385088 23.862919 23.705936 23.53598 24.203402 24.86981 24.91523 24.758512 24.6875 24.60396 24.562517 23.896639 23.985996 23.837738 23.80894 23.997622 24.1149 23.885885 23.64901 23.37214 23.017502 22.746979 22.759432 22.824633 22.892616 22.703726 22.916151 23.326624 23.073977
23.562222 23.476305 23.307125 23.243525 23.131811 23.121992 23.720089 24.99067 -32767.0 -32767.0 -32767.0 -32767.0 -32767.0 -32767.0 -32767.0 -32767.0 -32767.0 -32767.0 -32767.0 -32767.0 -32767.0 24.4114 22.954866 22.329187 22.775196 20.969921 22.637388 24.10675 24.14376 24.170347 24.206491 24.07192 23.925755 24.214888 24.519072 24.70857 24.897676 24.635683 24.553928 24.519972 24.352488 23.999523 23.836317 24.08137 24.173489 24.262833 24.230307 24.005947 24.238548 23.811213 23.669928 23.542322 23.183832 23.09457 23.053507 22.960073 23.054907 22.953148 22.89532 23.376442 23.481548
23.49492 23.592253 23.573046 23.49473 23.27484 23.325222 24.093224 -32767.0 -32767.0 -32767.0 -32767.0 -32767.0 -32767.0 -32767.0 -32767.0 -32767.0 -32767.0 -32767.0 -32767.0 -32767.0 -32767.0 -32767.0 24.190542 23.208872 23.26486 21.964169 21.303562 23.802101 24.194624 24.18903 23.974335 24.159407 24.706068 24.811209 24.792812 24.336996 24.232664 24.393837 24.44669 24.180414 24.103071 23.949446 24.312798 24.331915 24.204338 24.190825 24.094318 24.137613 24.11518 23.739813 23.642345 23.655714 23.538748 23.472166 23.3988 23.176407 23.372993 23.065048 23.175585 23.511673 23.360567
23.212324 23.501143 23.627846 23.706617 23.47576 23.478773 -32767.0 25.68338 -32767.0 -32767.0 -32767.0 -32767.0 -32767.0 -32767.0 -32767.0 -32767.0 -32767.0 -32767.0 -32767.0 -32767.0 -32767.0 -32767.0 24.768126 23.64675 23.595469 21.5949 20.761086 23.371582 24.275442 24.231377 24.283457 24.481552 24.546837 24.105297 24.198524 24.027725 24.42824 24.624012 24.439283 24.063484 24.186152 24.423996 24.370169 24.13293 24.174646 24.109999 24.025969 23.952644 23.89789 23.736017 23.58452 23.684954 24.038107 23.895782 23.845518 23.647623 23.738731 23.187857 23.232101 23.581215 -32767.0
23.337059 23.548668 23.915958 23.8561 23.675856 23.292868 22.839186 23.95339 25.513979 26.124048 25.8544 25.899197 26.952877 -32767.0 -32767.0 -32767.0 -32767.0 -32767.0 -32767.0 -32767.0 -32767.0 -32767.0 -32767.0 24.41511 23.588797 20.225115 21.279736 22.991337 24.378462 24.424395 24.315308 24.464787 24.312191 23.907955 23.903118 23.703403 23.695986 23.80884 23.97786 24.064947 24.132206 24.217718 24.12797 24.162594 23.785067 23.847328 23.788927 23.86997 24.036137 23.969437 23.878073 23.772629 23.806173 24.020203 24.077055 24.047165 23.939573 23.751818 23.368107 23.587288 23.534172
23.172428 23.364918 24.127188 24.099648 23.844576 23.524836 23.200094 23.027222 23.959663 24.178986 23.975897 24.281656 24.854147 -32767.0 -32767.0 -32767.0 -32767.0 -32767.0 -32767.0 -32767.0 -32767.0 -32767.0 -32767.0 -32767.0 23.380518 21.16292 21.490728 22.140917 24.090263 24.060173 24.060461 24.20859 24.105244 23.568207 23.482151 23.781338 23.70912 23.616976 23.657614 23.852352 23.958805 23.991291 24.021982 23.558245 23.577951 23.77051 23.86281 23.98773 23.784151 24.28228 24.586233 24.446047 24.406952 24.279402 24.102362 24.370575 -32767.0 24.334263 23.948105 23.804644 23.877275
22.637693 22.869848 23.804575 24.073956 24.000643 23.721653 23.391893 23.417568 23.207066 23.048147 23.063524 23.168945 23.908073 25.31444 26.18883 -32767.0 -32767.0 -32767.0 -32767.0 -32767.0 -32767.0 -32767.0 -32767.0 -32767.0 -32767.0 19.310768 20.273033 22.352077 22.568453 23.902384 23.692665 23.835766 23.650408 23.495855 23.316338 23.545893 23.563896 23.48332 23.637728 23.61536 23.577839 23.84699 23.715761 23.429031 23.548304 23.774206 23.75936 23.605455 24.100554 24.445679 24.748474 24.504972 24.409855 24.599508 -32767.0 -32767.0 24.511696 24.25485 23.886332 24.294668 24.992823
23.349821 23.221949 23.850056 24.249498 24.296606 24.211802 24.243082 24.063152 23.74928 22.931463 22.812437 23.333246 23.967854 -32767.0 26.314064 -32767.0 -32767.0 -32767.0 -32767.0 -32767.0 -32767.0 -32767.0 -32767.0 -32767.0 -32767.0 19.268528 18.716324 21.628088 22.824316 22.663912 23.31976 23.842009 23.537022 23.347889 23.384796 23.31412 23.24352 23.645103 23.711967 23.593763 23.777897 23.71443 23.781677 23.843422 23.892933 23.869219 23.605684 23.338568 24.198801 24.28235 24.246466 24.299038 24.297266 24.312456 -32767.0 24.372967 24.70424 25.000292 -32767.0 -32767.0 -32767.0
23.873507 23.742361 24.057203 24.176207 24.443272 24.543112 24.583624 24.501297 24.239689 23.465519 23.162418 24.007833 -32767.0 -32767.0 -32767.0 -32767.0 -32767.0 -32767.0 -32767.0 -32767.0 -32767.0 -32767.0 -32767.0 -32767.0 -32767.0 19.443851 18.104988 19.893045 22.55374 23.02152 22.548643 23.218998 23.615194 23.297428 23.3369 23.365004 23.391876 23.649944 23.89813 23.831991 23.861378 23.60787 23.752842 23.85199 23.950615 23.873573 23.856676 23.652044 24.20417 24.32219 24.247509 24.349941 24.660997 24.464722 25.207346 -32767.0 24.941551 -32767.0 -32767.0 -32767.0 -32767.0
24.263968 24.030546 24.565948 24.69655 24.708763 24.74332 24.856888 24.877851 24.256216 23.69967 23.649218 23.572811 25.601105 -32767.0 -32767.0 -32767.0 -32767.0 -32767.0 -32767.0 -32767.0 -32767.0 -32767.0 -32767.0 -32767.0 -32767.0 18.911818 17.711773 19.944504 21.749308 22.886583 22.344305 22.355469 22.742582 23.121418 23.091978 23.239046 23.411112 23.57045 23.667854 23.858292 23.817091 23.944061 23.800627 23.740318 23.827517 24.102625 24.009737 24.120089 23.86236 24.036259 24.584604 24.656612 25.022312 25.25059 -32767.0 -32767.0 -32767.0 -32767.0 -32767.0 -32767.0 -32767.0
24.32577 24.287672 24.55409 24.8875 25.006935 25.01871 25.15044 24.650667 24.409643 24.21408 23.936413 23.127361 24.017982 26.364372 -32767.0 -32767.0 -32767.0 -32767.0 -32767.0 -32767.0 -32767.0 -32767.0 -32767.0 -32767.0 -32767.0 19.521597 17.415672 19.976967 21.644844 22.786797 23.188515 23.451752 23.323214 22.915234 22.984499 23.200672 23.065437 23.235594 23.553865 23.391586 -32767.0 23.939247 24.062695 23.979351 24.111254 24.276815 24.208424 24.170223 24.011091 24.246727 24.830973 24.943285 -32767.0 -32767.0 -32767.0 -32767.0 -32767.0 -32767.0 -32767.0 -32767.0 -32767.0
24.685303 24.59828 24.668718 24.961357 25.11044 25.11952 24.807041 24.154585 23.78676 23.716415 23.809248 23.59967 23.173212 25.475277 -32767.0 -32767.0 -32767.0 -32767.0 -32767.0 -32767.0 -32767.0 -32767.0 -32767.0 -32767.0 -32767.0 -32767.0 18.395292 21.353498 22.84752 22.872734 23.20151 23.158731 23.349535 23.351328 23.122461 22.96454 23.101158 23.08168 23.077286 23.176283 23.64127 23.86572 24.022245 23.904757 24.139542 24.395535 24.524668 24.562159 24.664501 24.736156 24.900026 25.242619 -32767.0 -32767.0 -32767.0 -32767.0 -32767.0 -32767.0 -32767.0 -32767.0 -32767.0
25.13176 25.21867 25.372696 25.370201 25.097641 25.12941 24.924356 24.493216 23.596272 23.142797 22.924433 22.923883 23.104343 25.533033 25.718107 -32767.0 -32767.0 -32767.0 -32767.0 -32767.0 -32767.0 -32767.0 -32767.0 -32767.0 -32767.0 15.274556 20.203068 22.858126 23.491653 22.70598 23.062414 23.407171 23.408794 23.179943 23.432995 23.589691 22.841038 23.373928 23.77994 24.130125 24.31541 24.321259 24.210361 24.079792 24.115225 24.349665 24.69963 24.837168 -32767.0 25.266706 25.396215 25.901089 -32767.0 -32767.0 -32767.0 -32767.0 -32767.0 -32767.0 -32767.0 -32767.0 -32767.0
25.578018 25.641064 25.489574 25.299158 24.934393 24.904705 24.619558 24.326984 23.744669 23.36367 22.831629 22.66995 24.127945 26.21415 -32767.0 -32767.0 -32767.0 -32767.0 -32767.0 -32767.0 -32767.0 -32767.0 -32767.0 -32767.0 -32767.0 16.79623 21.077814 23.0222 23.636475 23.024918 22.784819 22.952682 23.2086 23.463606 23.563213 23.744406 23.959473 24.265713 24.556496 -32767.0 -32767.0 25.017698 25.345108 -32767.0 -32767.0 -32767.0 -32767.0 -32767.0 -32767.0 -32767.0 -32767.0 -32767.0 -32767.0 -32767.0 -32767.0 -32767.0 -32767.0 -32767.0 -32767.0 -32767.0 -32767.0
25.687763 25.66062 25.585194 24.987246 24.68696 24.529245 23.55247 23.454216 23.55331 22.450008 22.332903 21.7514 24.674788 -32767.0 -32767.0 -32767.0 -32767.0 -32767.0 -32767.0 -32767.0 -32767.0 -32767.0 -32767.0 -32767.0 18.070284 21.130163 22.39821 22.572535 23.923437 23.756392 23.675726 23.863379 23.912994 23.82922 23.84559 23.95178 23.97473 24.554771 -32767.0 -32767.0 -32767.0 -32767.0 -32767.0 -32767.0 -32767.0 -32767.0 -32767.0 -32767.0 -32767.0 -32767.0 -32767.0 -32767.0 -32767.0 -32767.0 -32767.0 -32767.0 -32767.0 -32767.0 -32767.0 -32767.0 -32767.0
25.752844 25.787903 25.586386 25.001053 24.578558 24.39057 23.820839 23.032452 22.881325 22.039713 22.034588 21.025602 25.77819 -32767.0 -32767.0 -32767.0 -32767.0 -32767.0 -32767.0 -32767.0 -32767.0 21.565527 22.644573 21.249874 21.972017 24.603033 24.711052 22.955677 23.893415 23.959051 23.981388 23.912062 24.313206 24.238554 24.4333 24.226871 -32767.0 -32767.0 -32767.0 -32767.0 -32767.0 -32767.0 -32767.0 -32767.0 -32767.0 -32767.0 -32767.0 -32767.0 -32767.0 -32767.0 -32767.0 -32767.0 -32767.0 -32767.0 26.713388 -32767.0 -32767.0 -32767.0 -32767.0 -32767.0 -32767.0
25.590067 25.454697 25.437447 25.182592 24.992195 24.571505 23.618164 22.766905 22.78468 22.019474 21.470848 21.387796 22.946672 -32767.0 -32767.0 -32767.0 -32767.0 27.570076 22.820095 24.361149 22.539583 22.412338 22.095003 21.98699 24.536755 23.712414 23.401545 23.320187 23.988264 24.089863 24.205149 24.390575 24.437817 24.412823 24.646572 -32767.0 -32767.0 -32767.0 -32767.0 -32767.0 -32767.0 -32767.0 -32767.0 -32767.0 -32767.0 25.595041 25.967693 -32767.0 -32767.0 -32767.0 -32767.0 -32767.0 -32767.0 -32767.0 26.742994 -32767.0 -32767.0 -32767.0 -32767.0 -32767.0 19.931753
25.311983 25.312172 25.091728 24.720743 24.464226 24.433758 23.997906 23.520685 23.51756 22.432756 21.287077 19.861536 -32767.0 25.404325 -32767.0 24.378965 -32767.0 22.68531 -32767.0 21.635324 22.518473 21.978413 21.827868 22.668243 24.636162 23.954405 24.168314 24.153654 24.194046 24.32443 24.987316 25.359707 24.920195 -32767.0 -32767.0 -32767.0 -32767.0 -32767.0 -32767.0 -32767.0 -32767.0 25.049345 25.458504 25.633505 25.857443 25.71919 25.384356 25.26858 25.37242 -32767.0 -32767.0 -32767.0 -32767.0 -32767.0 27.178387 26.627768 24.978083 25.374723 25.051134 25.943161 25.065254
25.035406 25.047937 24.93666 24.731737 24.480703 24.311377 24.097406 24.077349 23.92401 23.029205 22.279036 21.787909 19.11675 19.64889 19.10715 20.569084 18.728935 18.74306 20.303139 20.426157 20.066051 20.647198 21.400383 23.281578 -32767.0 23.86957 24.337414 24.930532 25.32677 25.655495 25.483486 -32767.0 -32767.0 -32767.0 -32767.0 -32767.0 24.755651 24.839777 23.664736 24.297373 24.897457 24.9122 26.656712 -32767.0 -32767.0 26.591549 25.774944 24.890274 -32767.0 -32767.0 -32767.0 -32767.0 -32767.0 22.937132 23.696817 24.296925 26.787317 26.817497 26.82178 26.879553 26.975721
24.816048 24.652634 24.671484 24.720633 24.58661 24.45581 24.365103 24.218355 22.990532 23.331264 23.080591 22.560242 21.660303 20.419514 21.950739 21.794842 20.637403 19.786352 19.95042 21.444124 21.51962 22.928263 22.872807 24.189493 24.906822 25.255909 25.592232 25.614864 25.456905 25.2678 25.766356 27.740936 -32767.0 26.872944 26.41546 -32767.0 24.935251 25.043427 25.068352 -32767.0 27.40634 27.34704 -32767.0 -32767.0 -32767.0 -32767.0 25.79456 25.619774 -32767.0 -32767.0 -32767.0 -32767.0 22.469711 24.358168 26.32288 26.502945 26.743727 26.947567 27.10491 27.25115 27.342812
25.503908 24.963083 24.847109 24.92622 24.809992 24.607683 24.644512 24.683743 24.788761 24.825766 24.714426 25.165031 25.227924 25.654064 26.53226 25.787745 25.220137 23.075943 22.272484 24.558386 24.806877 25.404394 25.882812 26.06041 25.935045 25.918644 -32767.0 25.34817 25.358845 -32767.0 -32767.0 27.97547 27.296482 26.556673 25.982489 25.807228 25.437214 25.63415 -32767.0 -32767.0 -32767.0 -32767.0 -32767.0 -32767.0 -32767.0 -32767.0 25.488178 24.449156 24.753313 -32767.0 -32767.0 21.733688 23.865973 26.055578 26.648811 26.72078 26.753017 26.810291 26.918495 27.23721 27.478436
25.273895 25.104675 25.058659 24.875198 24.94223 24.991158 25.09894 25.09933 25.205826 25.314327 25.415592 25.668524 25.587772 -32767.0 -32767.0 25.063795 24.810139 24.994865 25.427685 25.73839 26.068672 26.328798 26.301758 26.214321 26.056568 25.938005 25.673962 25.604067 -32767.0 -32767.0 -32767.0 -32767.0 -32767.0 -32767.0 26.456814 25.843393 25.586828 -32767.0 -32767.0 -32767.0 -32767.0 -32767.0 26.532768 -32767.0 25.275023 25.06196 25.534113 25.117666 24.234695 23.202858 -32767.0 23.128382 26.131317 26.787878 26.936098 26.941938 26.923431 26.84627 26.887709 27.385965 27.669538
