static/data/thetao/2023/7/13/18.asc
ncols 137
nrows 93
xllcorner 108.0
yllcorner 17.0
cellsize 0.25
NODATA_value -32767
[rows 54 to 80 of 93, columns 61 to 121 of 137]
29.53035 29.549927 29.575994 29.609272 29.584572 29.604427 29.667706 29.783264 29.940617 29.836004 29.637682 29.72746 29.479296 29.743902 29.535439 29.385733 29.252432 29.271599 29.347828 29.126715 28.991798 29.053268 28.933336 28.934278 29.063303 29.181004 29.281927 29.519676 29.480413 29.30509 28.961575 28.707457 28.709034 28.761366 28.763226 28.813711 28.82179 28.795832 28.7967 28.782957 28.647509 28.946186 29.15664 29.057495 29.274736 29.231869 29.123562 29.223087 29.673708 29.82896 29.694166 29.570606 29.555817 28.824715 28.851357 28.96145 29.055769 29.123781 28.848686 28.94138 29.122057
29.384634 29.5362 29.626055 29.651295 29.838814 29.761549 29.969412 29.8956 30.021713 29.716957 29.460548 29.396183 29.307972 29.582148 29.291252 29.348007 29.37137 28.985981 -32767.0 28.764221 29.056513 28.993397 28.880907 28.970242 28.903482 29.012873 29.324099 29.48942 29.601439 29.406103 29.124401 28.76275 28.732897 28.701395 28.65508 28.624165 28.641628 28.65146 28.612204 28.55908 28.83437 29.1392 28.975864 28.939753 29.236284 29.110594 29.026234 29.176916 29.47417 29.815868 29.668192 29.515455 29.766325 29.021244 29.002024 29.171446 29.23693 29.12728 29.050978 29.136065 29.16338
29.099785 29.261698 29.254572 29.483444 29.768368 29.788765 29.834688 29.675146 29.826502 29.498466 29.36016 29.31288 29.255577 29.313911 29.36986 29.395508 29.415318 29.452427 29.361668 29.319763 28.94935 29.071325 28.821297 28.88858 28.959553 28.967636 29.338417 29.403532 29.60522 29.629728 29.457548 28.898893 28.723347 28.73114 28.626247 28.528297 28.471409 28.475126 28.507439 28.667852 28.991957 29.1662 29.019562 28.991102 29.0818 28.931631 29.044907 29.14319 29.238646 29.715185 29.863646 29.445904 29.502024 29.678082 29.479025 29.405203 29.566307 29.62944 29.546541 29.314749 29.240398
29.255623 29.283741 29.317636 29.291601 29.557343 29.639065 29.642603 29.763058 29.64439 29.456717 29.28775 29.283388 29.418303 29.52475 29.499739 29.56346 29.637854 29.674696 29.642824 29.601357 29.521755 29.237616 28.975456 28.899887 28.958311 28.989954 29.239992 29.383059 29.466368 29.637936 29.716373 29.4813 28.760904 28.621527 28.622746 28.541935 28.490759 28.50324 28.547106 28.718716 28.954334 29.081034 29.045322 29.016338 28.98733 28.882673 28.985102 29.121881 29.162487 29.57639 29.749708 29.83741 29.573696 29.426613 29.512262 29.583439 29.625998 29.574429 29.483213 29.39967 29.154408
29.390806 29.364666 29.485699 29.595512 29.666874 29.684044 29.801998 29.64587 29.58404 29.479727 29.357899 29.271597 29.386871 29.40743 29.433195 29.607452 29.639618 29.470333 29.459482 29.467993 29.469925 29.453983 29.400976 29.209187 29.051939 29.040157 29.132328 29.398207 29.359383 29.591751 29.64984 29.691244 29.169977 28.681574 28.584566 28.507246 28.45789 28.395206 28.466896 28.646069 28.83858 28.93656 28.9731 28.843557 28.98384 28.917992 28.926336 29.056364 29.241291 29.421633 29.616999 29.698435 29.835436 29.608906 29.517344 29.5347 29.505136 29.410675 29.328508 29.270596 29.034748
29.537203 29.673973 29.793867 29.619936 29.95726 29.92569 29.82644 29.573076 29.412485 29.418915 29.29657 29.41017 29.545345 29.568747 29.462421 29.573524 29.618013 29.498102 29.471077 29.470503 29.545082 29.512985 29.417553 29.347837 29.268906 29.09758 29.100677 29.4138 29.323767 29.53526 29.635967 29.427937 29.408546 28.807713 28.62543 28.655262 28.62625 28.405249 28.198206 28.366604 28.629223 28.690125 28.60415 28.761335 28.78835 28.7716 28.781427 28.968346 29.256609 29.452366 29.693146 29.763126 29.625847 29.723799 29.689798 29.437742 29.33579 29.120079 29.045017 29.069489 28.91998
29.675598 29.882488 29.730204 29.612083 29.800117 29.937164 29.497442 29.401365 29.409464 29.36611 29.396255 29.69358 29.825378 29.78294 29.554562 29.580242 29.61823 29.4529 29.431753 29.453682 29.443502 29.557014 29.516676 29.399172 29.344116 29.146992 29.10626 29.304117 29.345087 29.535389 29.59843 29.513288 29.403025 29.267424 29.166935 29.154575 28.932043 28.613691 28.52328 28.53045 28.384209 28.277 28.29766 28.477201 28.572134 28.65111 28.638897 28.826359 29.211449 29.46121 29.69452 29.734592 29.648151 29.57478 29.647726 29.586086 29.080532 28.65827 28.621717 28.767094 28.86439
29.676168 29.663595 29.329355 29.751783 29.886488 29.37453 29.42091 29.520779 29.55071 29.3744 29.736912 29.75999 29.792797 29.826561 29.580069 29.574095 29.572063 29.411158 29.434254 29.406551 29.40812 29.563385 29.545155 29.368153 29.369053 29.148457 29.110523 29.318651 29.363438 29.612602 29.591755 29.420336 29.37085 29.444715 29.420904 29.213888 29.220465 29.25625 29.15281 28.92001 28.624624 28.457088 28.43131 28.45873 28.542336 28.581362 28.539051 28.73882 29.199041 29.375505 29.671926 29.717451 29.608932 29.611723 29.532887 29.620384 29.066172 28.59905 28.597038 28.80471 29.207544
29.498363 29.363228 29.398119 29.542147 29.605707 29.512466 29.611893 29.733025 29.75421 29.761547 29.782804 29.804853 29.773335 29.806656 29.616034 29.57473 29.531633 29.406603 29.358557 29.32847 29.405195 29.553047 29.49311 29.330345 29.210415 29.113718 29.30095 29.225992 29.611044 29.315815 29.5127 29.452503 29.425442 29.413666 29.15975 29.325382 29.27663 29.165133 29.151423 29.13029 29.130634 28.985249 28.835136 28.597748 28.55499 28.496141 28.575626 28.732164 29.246353 29.261911 29.651228 29.687237 29.53523 29.570112 29.539013 29.579994 29.157679 28.627972 28.744522 28.77197 29.471714
29.434277 29.34374 29.416407 29.355993 29.535065 29.663391 29.687231 29.645384 29.854017 29.857323 29.821829 29.872023 29.79964 29.778654 29.660524 29.544811 29.466457 29.392733 29.28943 29.341105 29.423738 29.510979 29.377264 29.194681 29.180986 29.282639 29.197367 29.36654 29.641386 29.304342 29.323105 29.366262 29.457531 29.405481 29.110876 29.343056 29.052853 29.214619 29.140152 29.019867 28.981804 28.992167 28.987936 28.946964 28.976406 28.913366 28.766378 28.827711 29.386318 29.529905 29.784012 29.63227 29.57687 29.559933 29.489134 29.478695 29.097975 28.63234 28.59677 29.383156 29.56528
29.26737 29.261913 29.3796 29.593607 29.673836 29.678167 29.621449 29.784735 29.78873 29.703096 29.689692 29.800585 29.829988 29.748594 29.62338 29.582094 29.420252 29.379015 29.338837 29.40934 29.49574 29.415209 29.161549 29.188389 29.269768 29.23424 29.244383 29.404692 29.532782 29.497032 29.441843 29.404558 29.381802 29.27048 29.429518 29.077747 29.043543 29.124773 28.912373 28.896683 28.91599 28.944962 28.983212 29.028841 29.004559 28.863829 28.6127 29.169966 29.452631 29.767637 29.84991 29.498617 29.683235 29.607866 29.281511 29.27038 28.895063 28.557697 28.630354 29.527649 29.600578
29.251814 29.229393 29.285658 29.498692 29.670069 29.605673 29.580671 29.775015 29.79547 29.769451 29.741945 29.754078 29.864971 29.706335 29.588669 29.504604 29.389622 29.401646 29.401731 29.459824 29.42427 29.241684 29.105923 29.212036 29.168907 29.179388 29.286818 29.369282 29.43052 29.38514 29.444334 29.473026 29.429216 29.353449 29.311975 29.09797 28.907913 28.80652 28.7454 28.724571 28.755568 28.792656 28.908596 28.841026 28.670233 28.703487 29.205715 29.408258 29.664051 30.015795 29.907385 29.361298 29.540344 29.348677 29.16487 29.007515 28.523802 28.49436 29.464062 29.640142 29.711079
29.237268 29.251339 29.31548 29.277308 29.470306 29.539677 29.541868 29.722464 29.833427 29.737925 29.699667 29.824442 29.77434 29.554585 29.393656 29.406754 29.382648 29.432755 29.441671 29.436417 29.339605 29.166616 29.081387 29.098106 29.111723 29.225956 29.264505 29.318884 29.413374 29.630854 29.558983 29.430107 29.504713 29.554699 29.386557 29.374226 28.891851 28.850338 28.919285 28.890085 29.033878 29.066425 29.02432 29.173023 29.272188 29.229559 29.496668 29.80475 29.98734 30.07033 30.062796 29.237072 29.211926 29.082586 28.82987 28.46074 28.962204 29.466421 29.626484 29.689947 29.85213
29.33598 29.567608 29.48726 29.227402 29.284145 29.496002 29.545675 29.669516 29.884735 29.750376 29.69752 29.872639 29.65905 29.364122 29.347807 29.392454 29.38395 29.396263 29.368593 29.355911 29.276659 29.179193 29.11744 29.101442 29.205435 29.23243 29.217081 29.28406 29.408707 29.501822 29.52602 29.422274 29.396639 29.465988 29.499811 29.330942 29.335585 28.836197 28.776152 28.819185 28.99456 29.27222 29.415081 29.016768 29.170086 29.596066 29.77491 29.886713 29.995838 30.07347 30.129953 29.219135 28.906002 28.519037 28.978344 29.459034 29.500282 29.609749 29.696264 29.70394 30.042454
29.592564 29.716362 29.514273 29.371838 29.47344 29.657295 29.567162 29.658792 29.930758 29.739965 29.755117 29.819553 29.633778 29.133787 29.320684 29.390825 29.38593 29.434914 29.305962 29.217457 29.167246 29.147491 29.206604 29.255009 29.189104 29.09244 29.108301 29.271255 29.327532 29.336817 29.419224 29.391537 29.422504 29.45967 29.399834 29.37036 29.269297 29.279325 28.81288 28.843733 28.962324 28.979504 28.948301 29.116995 29.534895 29.730696 29.898636 30.016611 30.122095 30.153038 30.133966 29.185684 28.59079 29.27394 29.530388 29.53613 29.572588 29.640203 29.688532 29.920025 29.97267
29.674856 29.680353 29.307468 29.64849 29.73124 29.66793 29.57798 29.748493 29.961418 29.822216 29.809326 29.74899 29.771564 29.149246 29.123596 29.351778 29.403486 29.355608 29.36305 29.337452 29.322443 29.287952 29.219276 29.05559 29.016539 29.002254 29.047203 29.308277 29.185177 29.26083 29.404465 29.36346 29.362411 29.392155 29.454105 29.399967 29.274446 29.199383 29.217474 28.94359 28.689198 28.87435 29.187038 29.523912 29.697613 29.856184 29.976854 30.0173 30.125868 30.154116 30.067562 29.314714 28.66515 29.588442 29.4275 29.519081 29.601185 29.717613 29.81856 29.922997 30.031887
29.714466 29.484865 29.437084 29.705263 29.719975 29.681984 29.736982 29.931917 29.953712 29.850712 29.785484 29.77195 29.817547 29.315125 29.025501 29.217796 29.21194 29.256948 29.241795 29.200027 29.143574 29.147734 29.128563 29.08771 29.050657 29.102055 29.19837 29.278622 29.186478 29.28471 29.264067 29.336376 29.329361 29.366241 29.390402 29.476364 29.328627 29.239313 29.173458 29.175058 28.916094 28.981731 29.398142 29.652205 29.768276 29.903574 29.992224 30.063156 30.133303 30.160967 29.975945 29.636955 28.640936 29.493786 29.031013 28.99762 29.077364 29.207365 29.380695 29.544247 29.69803
29.718348 29.272644 29.6291 29.697388 29.66866 29.72603 29.920029 29.879982 29.818834 29.806438 29.753916 29.780327 29.746777 29.479717 29.03154 29.16427 29.27748 29.223629 29.214716 29.190605 29.178347 29.152067 29.086369 28.972631 28.980217 29.015684 29.056067 29.118927 29.217178 29.24866 29.35608 29.428364 29.451202 29.45918 29.46745 29.363724 29.411919 29.303904 29.303658 29.127594 29.07565 29.216259 29.519156 29.644333 29.829067 29.897383 29.933615 30.024242 30.12558 30.103127 30.057095 29.711626 28.736242 29.253603 29.008797 28.858694 28.843554 28.99934 29.156658 29.084444 29.073784
29.57806 29.450815 29.685228 29.66827 29.710953 29.851505 29.819027 29.778496 29.79293 29.727983 29.777094 29.788074 29.738125 29.634466 29.128069 29.231297 29.260832 29.218119 29.18088 29.210043 29.132767 29.129072 29.11183 29.113533 29.08799 29.103653 29.16841 29.233076 29.32955 29.456223 29.490286 29.41556 29.397602 29.419945 29.486689 29.498323 29.38678 29.376144 29.333145 29.310413 29.274706 29.37536 29.524124 29.65737 29.852665 29.802023 29.93853 30.00946 30.048792 30.019505 30.0819 29.844086 29.34105 28.81197 29.12182 29.098442 29.014128 28.933718 28.84383 28.940502 28.997047
29.486334 29.608614 29.666737 29.711016 29.702496 29.888664 29.79611 29.661234 29.67516 29.679789 29.813728 29.771465 29.732252 29.676933 29.29924 29.307888 29.298693 29.196629 29.183182 29.11738 29.235094 29.312424 29.345081 29.29953 29.297548 29.365738 29.429026 29.429937 29.359608 29.261366 29.28615 29.384188 29.50493 29.569407 29.546818 29.500652 29.452383 29.31818 29.37532 29.416485 29.378904 29.472904 29.558046 29.674856 29.81351 29.763641 29.925262 29.960781 29.905748 29.830606 29.871422 30.039446 29.785158 29.025742 28.744152 28.741962 28.796455 28.929266 28.907223 28.905798 29.029976
29.555653 29.641607 29.685581 29.718897 29.822962 29.870625 29.786104 29.58411 29.632158 29.785393 29.824747 29.766146 29.74797 29.636671 29.422884 29.288563 29.236425 29.118525 29.113894 29.140049 29.30695 29.4417 29.468803 29.179775 29.15361 29.316662 29.32716 29.29837 29.26097 29.323162 29.595728 29.774275 29.711535 29.735905 29.768002 29.802462 29.609232 29.455809 29.446367 29.343918 29.500877 29.521944 29.601173 29.66934 29.790321 29.70985 29.890076 29.97239 29.872837 29.734612 29.733963 29.689451 29.693737 29.289124 28.91024 28.788454 28.771797 28.933964 29.11068 29.272127 29.439484
29.618015 29.59308 29.773823 29.749268 29.886665 29.892021 29.867577 29.612738 29.742323 29.853722 29.830357 29.776764 29.700224 29.528605 29.336851 29.252752 29.17998 29.189487 29.185034 29.336205 29.415209 29.488256 29.494751 29.457703 29.444775 29.42103 29.339485 29.239971 29.589422 29.789352 29.70933 29.673868 29.742113 29.57833 29.556631 29.65479 29.7293 29.657051 29.55079 29.433582 29.481022 29.52805 29.639538 29.666557 29.784973 29.675539 29.763052 29.885319 29.52649 29.173006 29.204224 29.275259 29.20054 29.106833 28.949476 28.92871 29.015816 29.499914 29.819702 29.866463 29.833193
29.543833 29.630686 29.760603 29.80976 29.866152 30.014036 29.925022 29.670507 29.876356 29.874636 29.826906 29.782969 29.557608 29.351517 29.270456 29.19896 29.224249 29.27035 29.360943 29.381907 29.515905 29.57117 29.578182 29.53811 29.439888 29.397278 29.245424 29.727472 29.741652 29.708254 29.641237 29.622658 29.639297 29.536783 29.652363 29.61783 29.589838 29.761988 29.624006 29.555399 29.402857 29.524345 29.62157 29.666094 29.724083 29.757788 29.690548 29.789103 29.429138 28.779743 29.230074 29.646276 29.722609 29.750856 29.769737 29.818073 29.870796 29.854944 29.85137 29.832428 29.825523
29.510086 29.636135 29.734383 29.793179 29.864088 30.057598 29.883036 29.733234 29.914202 29.849524 29.846222 29.731241 29.449392 29.34404 29.302568 29.277863 29.335016 29.375134 29.468214 29.534348 29.546986 29.554094 29.555357 29.529963 29.48605 29.272568 29.726421 29.781755 29.62689 29.562313 29.569632 29.62101 29.630224 29.548674 29.708223 29.608135 29.652605 29.830208 29.668243 29.554594 29.420742 29.55915 29.600813 29.625946 29.716692 29.780218 29.669521 29.760408 29.734392 29.670597 29.789362 29.843107 29.843433 29.873465 29.936172 29.870699 29.832346 29.858137 29.89539 29.90711 29.884207
29.555008 29.666533 29.708687 29.76612 29.8544 29.88969 29.841372 29.782377 29.921442 29.830479 29.828484 29.637283 29.327541 29.294102 29.26555 29.300177 29.413794 29.490593 29.496243 29.512474 29.540806 29.502111 29.447128 29.520058 29.453438 29.608387 29.833376 29.646875 29.643522 29.578657 29.534056 29.60079 29.645779 29.679886 29.706953 29.75148 29.77861 29.686998 29.55042 29.52416 29.576073 29.618843 29.577442 29.632378 29.728876 29.687284 29.740873 29.850603 29.92675 29.926432 29.82231 29.927185 30.060766 29.85169 29.828026 29.850391 29.831083 29.80406 29.78498 29.812267 29.844685
29.684635 29.771965 29.788666 29.817356 29.761356 29.650833 29.896074 29.756401 29.918514 29.785048 29.782978 29.559498 29.23068 29.192976 29.248032 29.500454 29.477497 29.544952 29.572392 29.563652 29.638956 29.608286 29.490654 29.520323 29.4002 29.955658 29.790863 29.857029 29.925386 29.729599 29.65755 29.731642 29.818495 29.80991 29.68188 29.835966 29.757854 29.656418 29.518728 29.610813 29.635393 29.62386 29.577902 29.68427 29.717459 29.653913 29.788645 29.807882 29.809113 29.821896 30.042376 30.055634 29.794622 29.855175 29.74137 29.748934 29.752197 29.794043 29.838377 29.851093 29.892017
29.758404 29.722809 29.729849 29.851984 29.661585 29.618658 29.836142 29.712572 29.843279 29.780546 29.680952 29.50657 29.229074 29.286285 29.530415 29.468729 29.63586 29.826435 29.758713 29.645916 29.57526 29.543777 29.471678 29.50905 29.963959 29.882492 29.893284 30.056507 29.881117 29.848043 29.885866 30.016924 29.858133 29.610834 29.539488 29.814665 29.789116 29.74369 29.69034 29.67501 29.650251 29.598051 29.586823 29.742575 29.680689 29.751522 29.725046 29.777758 29.9517 29.982218 29.907795 29.797329 29.849651 29.738455 29.692646 29.75449 29.7797 29.773365 29.798494 29.859318 29.884054
