static/data/thetao/2023/7/13/6.asc
ncols 137
nrows 93
xllcorner 108.0
yllcorner 17.0
cellsize 0.25
NODATA_value -32767
[rows 54 to 80 of 93, columns 0 to 60 of 137]
-32767.0 -32767.0 -32767.0 -32767.0 -32767.0 -32767.0 -32767.0 -32767.0 -32767.0 -32767.0 -32767.0 -32767.0 -32767.0 -32767.0 -32767.0 -32767.0 -32767.0 -32767.0 -32767.0 -32767.0 -32767.0 -32767.0 -32767.0 -32767.0 -32767.0 -32767.0 -32767.0 -32767.0 -32767.0 -32767.0 -32767.0 -32767.0 -32767.0 -32767.0 -32767.0 -32767.0 -32767.0 -32767.0 -32767.0 -32767.0 -32767.0 -32767.0 -32767.0 -32767.0 -32767.0 -32767.0 -32767.0 -32767.0 26.646387 25.91159 26.64402 27.244436 28.783375 28.94378 29.373817 29.768381 29.796509 29.518566 29.485079 29.552416 29.632414
-32767.0 -32767.0 -32767.0 -32767.0 -32767.0 -32767.0 -32767.0 -32767.0 -32767.0 -32767.0 -32767.0 -32767.0 -32767.0 -32767.0 -32767.0 -32767.0 -32767.0 -32767.0 -32767.0 -32767.0 -32767.0 -32767.0 -32767.0 -32767.0 -32767.0 -32767.0 -32767.0 -32767.0 -32767.0 -32767.0 -32767.0 -32767.0 -32767.0 -32767.0 -32767.0 -32767.0 -32767.0 -32767.0 -32767.0 -32767.0 -32767.0 -32767.0 -32767.0 -32767.0 -32767.0 -32767.0 -32767.0 30.990097 -32767.0 27.66418 26.868738 27.92122 29.126535 29.486254 30.040249 30.12808 29.618166 28.99408 29.123346 29.414629 29.535498
-32767.0 -32767.0 -32767.0 -32767.0 -32767.0 -32767.0 -32767.0 -32767.0 -32767.0 -32767.0 -32767.0 -32767.0 -32767.0 -32767.0 -32767.0 -32767.0 -32767.0 -32767.0 -32767.0 -32767.0 -32767.0 -32767.0 -32767.0 -32767.0 -32767.0 -32767.0 -32767.0 -32767.0 -32767.0 -32767.0 -32767.0 -32767.0 -32767.0 -32767.0 -32767.0 -32767.0 -32767.0 -32767.0 -32767.0 -32767.0 -32767.0 -32767.0 -32767.0 -32767.0 -32767.0 -32767.0 -32767.0 30.932827 27.330864 26.829512 26.733242 28.461655 29.586603 29.70416 30.317368 29.852287 29.146456 28.727123 29.322386 29.33725 29.329065
-32767.0 -32767.0 -32767.0 -32767.0 -32767.0 -32767.0 -32767.0 -32767.0 -32767.0 -32767.0 -32767.0 -32767.0 -32767.0 -32767.0 -32767.0 -32767.0 -32767.0 -32767.0 -32767.0 -32767.0 -32767.0 -32767.0 -32767.0 -32767.0 -32767.0 -32767.0 -32767.0 -32767.0 -32767.0 -32767.0 -32767.0 -32767.0 -32767.0 -32767.0 -32767.0 -32767.0 -32767.0 -32767.0 -32767.0 -32767.0 -32767.0 -32767.0 -32767.0 -32767.0 -32767.0 -32767.0 -32767.0 28.40414 26.649124 26.894352 27.304657 27.653103 29.1824 29.939186 30.680477 29.863462 28.869297 29.548111 29.427683 29.593174 29.557436
-32767.0 -32767.0 -32767.0 -32767.0 -32767.0 -32767.0 -32767.0 -32767.0 -32767.0 -32767.0 -32767.0 -32767.0 -32767.0 -32767.0 -32767.0 -32767.0 -32767.0 -32767.0 -32767.0 -32767.0 -32767.0 -32767.0 -32767.0 -32767.0 -32767.0 -32767.0 -32767.0 -32767.0 -32767.0 -32767.0 -32767.0 -32767.0 -32767.0 -32767.0 -32767.0 -32767.0 -32767.0 -32767.0 -32767.0 -32767.0 -32767.0 -32767.0 -32767.0 -32767.0 -32767.0 31.34528 -32767.0 28.897806 26.632738 27.38845 27.752407 28.659704 29.864248 30.278397 31.214338 30.678473 29.902218 29.984533 29.789604 29.744658 29.65988
-32767.0 -32767.0 -32767.0 -32767.0 -32767.0 -32767.0 -32767.0 -32767.0 -32767.0 -32767.0 -32767.0 -32767.0 -32767.0 -32767.0 -32767.0 -32767.0 -32767.0 -32767.0 -32767.0 -32767.0 -32767.0 -32767.0 -32767.0 -32767.0 -32767.0 -32767.0 -32767.0 -32767.0 -32767.0 -32767.0 -32767.0 -32767.0 -32767.0 -32767.0 -32767.0 -32767.0 -32767.0 -32767.0 -32767.0 -32767.0 -32767.0 -32767.0 -32767.0 -32767.0 -32767.0 -32767.0 28.10828 25.870363 27.222446 28.154745 28.61311 29.9031 30.70284 30.611824 30.306095 30.493584 30.219734 30.133644 29.765825 29.888512 29.814648
-32767.0 -32767.0 -32767.0 -32767.0 -32767.0 -32767.0 -32767.0 -32767.0 -32767.0 -32767.0 -32767.0 -32767.0 -32767.0 -32767.0 -32767.0 -32767.0 -32767.0 -32767.0 -32767.0 -32767.0 -32767.0 -32767.0 -32767.0 -32767.0 -32767.0 -32767.0 -32767.0 -32767.0 -32767.0 -32767.0 -32767.0 -32767.0 -32767.0 -32767.0 -32767.0 -32767.0 -32767.0 -32767.0 -32767.0 -32767.0 -32767.0 -32767.0 -32767.0 -32767.0 29.34623 26.138378 26.331932 27.218338 28.437702 29.167963 30.416203 30.476183 -32767.0 -32767.0 -32767.0 -32767.0 30.448782 29.919817 29.49594 30.023521 29.828007
-32767.0 -32767.0 -32767.0 -32767.0 -32767.0 -32767.0 -32767.0 -32767.0 -32767.0 -32767.0 -32767.0 -32767.0 -32767.0 -32767.0 -32767.0 -32767.0 -32767.0 -32767.0 -32767.0 -32767.0 -32767.0 -32767.0 -32767.0 -32767.0 -32767.0 -32767.0 -32767.0 -32767.0 -32767.0 -32767.0 -32767.0 -32767.0 -32767.0 -32767.0 -32767.0 -32767.0 -32767.0 -32767.0 -32767.0 -32767.0 -32767.0 -32767.0 -32767.0 26.486761 25.455791 26.957193 27.713688 28.363834 29.417698 30.02938 30.850828 30.585108 -32767.0 -32767.0 -32767.0 -32767.0 30.147615 28.897684 29.876379 30.157845 29.801361
-32767.0 -32767.0 -32767.0 -32767.0 -32767.0 -32767.0 -32767.0 -32767.0 -32767.0 -32767.0 -32767.0 -32767.0 -32767.0 -32767.0 -32767.0 -32767.0 -32767.0 -32767.0 -32767.0 -32767.0 -32767.0 -32767.0 -32767.0 -32767.0 -32767.0 -32767.0 -32767.0 -32767.0 -32767.0 -32767.0 -32767.0 -32767.0 -32767.0 -32767.0 -32767.0 -32767.0 -32767.0 -32767.0 -32767.0 -32767.0 -32767.0 30.089354 30.15272 28.079718 28.12126 28.148645 29.461184 29.91132 29.768745 29.9823 30.84035 -32767.0 -32767.0 -32767.0 -32767.0 -32767.0 29.551485 30.064316 30.362364 30.156437 29.689049
-32767.0 -32767.0 -32767.0 -32767.0 -32767.0 -32767.0 -32767.0 -32767.0 -32767.0 -32767.0 -32767.0 -32767.0 -32767.0 -32767.0 -32767.0 -32767.0 -32767.0 -32767.0 -32767.0 -32767.0 -32767.0 -32767.0 -32767.0 -32767.0 -32767.0 -32767.0 -32767.0 -32767.0 -32767.0 -32767.0 -32767.0 -32767.0 -32767.0 -32767.0 -32767.0 -32767.0 -32767.0 -32767.0 -32767.0 -32767.0 -32767.0 27.63756 28.34014 28.38963 27.894337 29.627066 29.999432 29.473888 29.759935 30.611431 31.516062 -32767.0 -32767.0 -32767.0 -32767.0 30.124931 30.79916 30.684954 30.432678 30.273787 29.953554
-32767.0 -32767.0 -32767.0 -32767.0 -32767.0 -32767.0 -32767.0 -32767.0 -32767.0 -32767.0 -32767.0 -32767.0 -32767.0 -32767.0 -32767.0 -32767.0 -32767.0 -32767.0 -32767.0 -32767.0 -32767.0 -32767.0 -32767.0 -32767.0 -32767.0 -32767.0 -32767.0 -32767.0 -32767.0 -32767.0 -32767.0 -32767.0 -32767.0 -32767.0 -32767.0 -32767.0 -32767.0 -32767.0 -32767.0 28.944492 27.133759 27.341446 27.854052 26.964525 29.167704 30.222282 30.49005 29.444405 31.777416 32.01471 -32767.0 -32767.0 -32767.0 -32767.0 -32767.0 31.026138 30.96436 30.794348 30.706726 30.311821 29.822056
-32767.0 -32767.0 -32767.0 -32767.0 -32767.0 -32767.0 -32767.0 -32767.0 -32767.0 -32767.0 -32767.0 -32767.0 -32767.0 -32767.0 -32767.0 -32767.0 -32767.0 -32767.0 -32767.0 -32767.0 -32767.0 -32767.0 -32767.0 -32767.0 -32767.0 -32767.0 -32767.0 -32767.0 -32767.0 -32767.0 -32767.0 -32767.0 -32767.0 -32767.0 -32767.0 -32767.0 -32767.0 -32767.0 28.01365 26.236359 26.610962 27.010582 27.34044 27.862566 30.283617 30.770935 30.213316 30.27719 31.782883 32.003803 -32767.0 -32767.0 -32767.0 -32767.0 -32767.0 31.217258 31.218948 31.042974 30.90949 30.497707 29.877235
-32767.0 -32767.0 -32767.0 -32767.0 -32767.0 -32767.0 -32767.0 -32767.0 -32767.0 -32767.0 -32767.0 -32767.0 -32767.0 -32767.0 -32767.0 -32767.0 -32767.0 -32767.0 -32767.0 -32767.0 -32767.0 -32767.0 -32767.0 -32767.0 -32767.0 -32767.0 -32767.0 -32767.0 -32767.0 -32767.0 -32767.0 -32767.0 -32767.0 -32767.0 -32767.0 -32767.0 27.565483 27.796913 26.888937 24.616737 24.874813 25.746338 27.089832 28.754969 31.287645 30.853014 -32767.0 30.99632 31.430492 -32767.0 -32767.0 -32767.0 -32767.0 -32767.0 30.328592 31.857882 31.212624 31.21677 31.063187 30.922281 29.957947
-32767.0 -32767.0 -32767.0 -32767.0 -32767.0 -32767.0 -32767.0 -32767.0 -32767.0 -32767.0 -32767.0 -32767.0 -32767.0 -32767.0 -32767.0 -32767.0 -32767.0 -32767.0 -32767.0 -32767.0 -32767.0 -32767.0 -32767.0 -32767.0 -32767.0 -32767.0 -32767.0 -32767.0 -32767.0 -32767.0 -32767.0 -32767.0 -32767.0 -32767.0 -32767.0 26.192122 24.879225 24.965929 28.442986 28.799397 26.549845 28.054274 29.852774 29.62776 29.93567 31.358414 -32767.0 31.447025 31.265574 -32767.0 -32767.0 -32767.0 -32767.0 -32767.0 31.055315 31.30198 31.497795 31.28543 30.833506 30.986618 30.145096
-32767.0 -32767.0 -32767.0 -32767.0 -32767.0 -32767.0 -32767.0 -32767.0 -32767.0 -32767.0 -32767.0 -32767.0 -32767.0 -32767.0 -32767.0 -32767.0 -32767.0 -32767.0 -32767.0 -32767.0 -32767.0 -32767.0 -32767.0 -32767.0 -32767.0 -32767.0 -32767.0 -32767.0 -32767.0 -32767.0 -32767.0 -32767.0 -32767.0 -32767.0 -32767.0 27.404566 28.540236 28.832977 29.88665 29.819767 28.56995 29.39386 28.690712 29.497093 26.084528 27.686913 31.41586 31.339865 31.422113 -32767.0 -32767.0 -32767.0 -32767.0 -32767.0 31.051374 31.245518 31.217888 31.102411 30.822002 30.868582 30.38518
-32767.0 -32767.0 -32767.0 -32767.0 -32767.0 -32767.0 -32767.0 -32767.0 -32767.0 -32767.0 -32767.0 -32767.0 -32767.0 -32767.0 -32767.0 -32767.0 -32767.0 -32767.0 -32767.0 -32767.0 -32767.0 -32767.0 -32767.0 -32767.0 -32767.0 -32767.0 -32767.0 32.526516 -32767.0 29.450483 -32767.0 28.664248 28.800491 28.234407 28.323921 28.862934 29.261698 29.864677 30.221252 30.329824 30.137718 29.184435 30.226627 30.127445 30.55064 31.11664 31.475996 31.336102 31.17811 -32767.0 -32767.0 -32767.0 -32767.0 30.71053 31.00237 31.360603 31.037867 30.585535 30.55521 30.750738 30.57203
-32767.0 -32767.0 -32767.0 -32767.0 -32767.0 -32767.0 -32767.0 -32767.0 -32767.0 -32767.0 -32767.0 -32767.0 -32767.0 -32767.0 -32767.0 -32767.0 -32767.0 -32767.0 -32767.0 -32767.0 -32767.0 -32767.0 -32767.0 32.50427 -32767.0 -32767.0 26.363775 27.704065 28.095648 28.146221 28.901245 29.266573 29.796162 29.881098 30.115097 30.277193 30.560839 30.944574 31.07455 31.030043 30.778337 30.697502 30.764631 31.164553 31.148968 30.952732 31.015074 31.04616 31.127556 31.230574 -32767.0 -32767.0 29.91863 30.752584 30.928015 30.257492 30.999512 30.379347 30.256586 30.446228 30.635828
-32767.0 -32767.0 -32767.0 -32767.0 -32767.0 -32767.0 -32767.0 -32767.0 -32767.0 -32767.0 -32767.0 -32767.0 -32767.0 -32767.0 -32767.0 -32767.0 -32767.0 -32767.0 -32767.0 -32767.0 -32767.0 -32767.0 -32767.0 32.132065 32.724136 28.672813 28.800222 30.364164 30.52503 30.945555 31.09889 31.60751 31.682405 31.630026 31.520449 31.441538 31.49448 31.42769 31.4209 31.261232 31.099913 31.050198 31.113228 31.091902 30.956083 30.898615 30.930855 31.007008 31.02817 31.044632 31.039206 -32767.0 29.167006 30.52637 30.725037 30.710724 30.796875 30.101194 30.146048 30.347326 30.651777
-32767.0 -32767.0 -32767.0 -32767.0 -32767.0 -32767.0 -32767.0 -32767.0 -32767.0 -32767.0 -32767.0 -32767.0 -32767.0 -32767.0 -32767.0 -32767.0 -32767.0 -32767.0 -32767.0 -32767.0 33.062096 31.782099 31.333414 29.669306 27.93165 -32767.0 30.573074 31.237295 31.455816 31.43064 31.5392 31.720495 31.873392 31.848986 31.716154 31.704535 31.552397 31.444374 31.333384 31.287874 31.146833 31.03177 30.915974 30.927347 30.909117 30.990757 31.044813 31.041533 31.094793 31.110384 31.171795 -32767.0 29.094774 30.873024 30.703493 30.659504 30.751972 29.944132 30.142788 30.43749 30.48002
-32767.0 -32767.0 32.442566 -32767.0 -32767.0 -32767.0 -32767.0 -32767.0 -32767.0 -32767.0 -32767.0 -32767.0 -32767.0 -32767.0 -32767.0 -32767.0 32.44517 -32767.0 32.094448 32.25008 31.514614 27.931461 27.77828 28.635843 30.631493 31.341646 31.272652 31.166353 31.128414 31.244888 31.40812 31.709785 31.744036 31.62296 31.495861 31.368505 31.2727 31.198528 31.133204 31.074701 31.006994 30.897274 30.901033 30.964134 30.984823 30.91654 30.825693 30.872898 30.798473 30.744656 30.660107 30.712326 30.59066 30.477905 30.60058 30.652931 30.460072 29.955725 30.051964 30.424173 30.103504
-32767.0 31.80206 31.909077 32.146122 32.50768 -32767.0 33.39007 33.200077 -32767.0 -32767.0 -32767.0 -32767.0 -32767.0 32.541973 31.881712 30.190983 29.78295 29.71111 29.917643 30.137936 30.37465 30.823908 31.087786 31.321577 31.324827 31.288235 31.097578 30.941566 31.01747 31.20565 31.40126 31.606464 31.518688 31.39043 31.383448 31.230486 31.147621 31.091946 31.060654 30.995615 30.903118 30.824543 30.829805 30.749662 30.79583 30.78784 30.738935 30.668386 30.339691 30.233809 30.329563 30.198204 30.336704 30.410109 30.497242 30.692257 30.322466 29.836132 29.966526 30.173044 29.846216
31.315857 30.116156 30.479437 31.008799 31.757294 32.323624 32.91635 33.415928 -32767.0 -32767.0 -32767.0 31.357971 30.043093 29.470495 29.438452 29.830898 29.960455 30.058537 30.229263 30.45217 30.691294 30.99111 31.212858 31.267057 31.216 31.106066 31.035372 30.938055 31.117926 31.20606 31.30701 31.414803 31.524096 31.361706 31.34447 31.273878 31.120913 30.995785 30.962568 30.983667 30.996975 30.990728 30.924955 30.930302 30.806705 30.737135 30.751146 30.745173 30.450335 30.652952 30.352438 30.31532 30.36031 30.325281 30.503332 30.741789 29.99643 29.812813 29.916498 29.745953 29.75577
29.652664 30.772022 30.840427 30.5619 30.850636 31.830471 32.811455 -32767.0 -32767.0 32.24122 -32767.0 28.632467 29.56462 30.131163 30.125204 30.143015 30.140684 30.145735 30.300808 30.58846 30.909552 31.064817 31.244007 31.285465 31.204115 30.980776 31.014372 30.99487 31.112158 31.152744 31.368828 31.60507 31.561571 31.478483 31.44471 31.202822 31.061949 31.074036 31.107655 31.090063 30.995289 31.014929 30.989803 30.816277 30.71473 30.76334 30.66965 30.78581 30.719364 30.74514 30.360077 30.464413 30.529016 30.433321 30.68986 30.657076 30.071114 29.826817 29.810202 29.720978 29.777082
30.79302 30.812025 30.852785 30.974611 30.879251 31.639328 32.763462 33.494946 -32767.0 -32767.0 31.751318 30.292006 30.426407 30.688425 30.228176 30.164436 29.952892 30.114096 30.350042 30.47198 30.574179 30.653082 30.554417 30.61694 30.609695 30.843256 31.015696 31.113403 31.073149 31.12515 31.32069 31.630232 31.600773 31.522821 31.50731 31.446295 30.960121 31.04007 30.976164 30.995016 30.967901 30.937336 30.794281 30.87338 30.869839 30.778963 30.734053 30.771484 30.735085 30.734116 30.588907 30.392166 30.465334 30.51783 30.460821 30.305222 30.198864 30.18872 30.05997 29.724232 29.76331
30.648067 30.427326 30.64709 30.86049 31.12654 31.598232 32.225975 33.000412 -32767.0 -32767.0 31.682299 31.368114 31.084534 30.342888 29.506975 28.82023 28.409494 28.569483 28.95433 29.45034 29.732798 30.138014 30.571648 30.951664 31.02266 31.266483 31.178837 31.126638 31.046585 31.146326 31.242329 31.521526 31.57659 31.544044 31.35022 30.992401 31.070492 30.923897 30.881008 31.023798 30.91065 30.779076 30.81074 30.915577 30.836443 30.760475 30.738834 30.807985 30.804314 30.78178 30.773397 30.797329 30.449062 30.482626 30.599722 30.56561 -32767.0 30.761415 30.850649 30.585571 29.727123
30.521418 30.33178 30.477041 30.810612 31.256502 32.108845 32.392464 32.61065 32.51571 32.4375 31.650448 31.508915 31.35671 30.477339 28.66708 28.440609 28.86221 29.280302 29.699072 30.048676 30.04665 30.200483 30.667912 31.447762 31.41499 31.27587 31.1302 31.059786 31.139828 31.255217 31.329165 31.338593 31.432547 31.364864 31.187164 31.075542 31.043425 30.954205 30.992619 30.936478 30.84442 30.819855 30.765436 30.676779 30.660818 30.736563 30.726845 30.814255 30.55136 30.401037 30.449165 30.660736 30.577143 30.544582 30.731855 30.597128 30.486765 30.740564 30.875029 30.771795 30.161621
30.10452 30.17488 30.348124 30.710766 31.38065 32.430855 32.482758 32.54883 32.514935 -32767.0 -32767.0 -32767.0 30.768805 30.522533 28.410671 29.100946 30.223907 30.669481 30.915066 31.11195 30.989546 30.79318 31.051523 31.593927 31.385126 31.148779 31.056774 31.127398 31.23791 31.303228 31.298122 31.348377 31.414583 31.356966 31.166061 31.062494 31.081478 30.996778 31.006468 30.95273 30.855228 30.789995 30.760525 30.72967 30.658133 30.621529 30.547148 30.655134 30.65797 30.266153 30.429022 30.51441 30.588257 30.58986 30.545961 30.557005 30.361895 30.725512 30.768274 30.730108 30.262352
