static/data/seaWind_vo/2023/7/10/0.asc
ncols 137
nrows 93
xllcorner 108.0
yllcorner 17.0
cellsize 0.25
NODATA_value -32767
[rows 38 to 56 of 93, columns 88 to 131 of 137]
5.211029356359433 5.46013632800504 5.575793136269072 5.70212595760363 5.866714492440906 6.041089372592831 6.0152890076723935 5.982371300704938 5.964577945587394 5.857817814882134 5.578462139536704 5.091813877071893 4.762636807397341 4.425452727919894 4.085599645174816 3.863182706205524 3.5927237084188652 3.3382787302379953 3.1149721235128256 2.9325902335580065 2.751098011359064 2.7688913664766077 2.7857950538382736 2.7840157183265193 2.8462924612379212 2.9379282400932696 2.9388179078491468 2.9850806311547595 3.121199797803966 3.2235115897298403 3.2706639807913302 3.3142577008293115 3.3747551082289586 3.4699495581078157 3.650552112550881 3.8178096506557884 3.9663841658872756 4.0580199447426235 4.026881573286923 3.9423631364785923 3.832044334749823 3.711939187706405 3.5802683598365848 3.6025100537335137
4.976157068807861 5.340031180961622 5.651414895518631 5.845362466299854 5.886287183070204 5.766182036026786 5.811555091576522 5.7902030654354695 5.661201240833281 5.352486529543903 4.976157068807861 4.604275946851205 4.270650538397267 3.930797455652189 3.630979421921583 3.3845414535436076 3.0500263773337926 2.861416813087833 2.727076981950381 2.6567932292360843 2.6665795745507332 2.86853415513485 2.95661126296669 3.0019843185164254 3.0455780385544067 3.0784957455218622 3.2244012574857175 3.376534443740713 3.485963577713605 3.511763942634043 3.4984189262958854 3.444149193187378 3.4601632127931667 3.5802683598365848 3.76709858857079 3.87385871927605 3.8605137029378924 3.793788621247105 3.7297325428239487 3.711939187706405 3.765319253059036 3.689697493809476 3.6736834742036875 3.751974236720878
4.892528299755407 5.090924209316016 5.226153708209345 5.404087259384779 5.54198576154574 5.5108473900900385 5.449460314934514 5.214588027382942 4.9921710884136505 4.676339035077255 4.354279307449721 4.05001293493973 3.792898953491228 3.4948602552723766 3.232408267288612 2.9361489045815152 2.697717946006434 2.6363308708509097 2.580281802230648 2.723518310926872 2.9165762139522173 3.1398828206773866 3.325823381655715 3.3987761376376424 3.416569492755186 3.434362847872729 3.581158027592462 3.601620385977637 3.6541107835743896 3.576709688813076 3.481515238934219 3.3453960722850122 3.37742411149659 3.519770952436937 3.751974236720878 3.8800863935671903 3.8614033706937696 3.794678289002982 3.72617387180044 3.7128288554622824 3.783112608176579 3.8649620417172783 3.9654944981313984 4.026881573286923
5.002847101484177 5.112276235457068 5.187897994706627 5.1167245742364535 5.175442646124347 5.0517788280574205 4.8569415895203205 4.639862657086292 4.428121731187526 4.14698672033034 3.8756380547878044 3.6683454676684244 3.433473180116852 3.242194612603261 2.9904186376900226 2.7742293730118703 2.6879316006917855 2.6630209035272245 2.8516304677731843 3.0455780385544067 3.2768916550824705 3.470839225863693 3.66033845786553 3.765319253059036 3.7848919436883333 3.765319253059036 3.7243945362886857 3.730622210579826 3.693256164832985 3.63186908967746 3.4939705875164995 3.4414801899197465 3.4948602552723766 3.6478831092832493 3.841830680064472 3.953039149549118 3.991294863051836 3.9503701462814864 3.9236801136051715 3.906776426243505 3.890762406637716 3.9130041005346454 4.003750211634117 4.046454263916221
5.113165903212945 5.113165903212945 5.0117437790429475 4.940570358572774 4.810678866214708 4.636303986062783 4.431680402211034 4.1932494436359535 3.981508517737187 3.7635399175472815 3.523329623460446 3.336499394726241 3.163014182330193 2.9708459470607247 2.9503835886755496 2.8649754841113415 2.872982493914236 3.019777673633969 3.2083872378799283 3.4156798249993088 3.6158550700716714 3.7857816114442104 3.846279018843858 3.9521494817932408 3.915673103802277 3.8756380547878044 3.7973472922706133 3.7599812465237727 3.7226152007769313 3.694145832588862 3.6327587574333373 3.66033845786553 3.8178096506557884 3.971722172422538 4.093606654977711 4.163890407692007 4.17545608851841 4.130972700724552 4.105172335804114 4.094496322733588 4.085599645174816 4.034888583089817 3.9841775210048187 4.026881573286923
5.0215301243575965 4.912100990384705 4.8071201951911995 4.683456377124273 4.548226878230944 4.324920271505774 4.124745026433411 3.8845347323465758 3.7137185232181595 3.495749923028254 3.287567668152996 3.1034064426864227 2.9325902335580065 2.957500930722567 2.9557215952108127 3.067819732451336 3.2386359415797523 3.392548463346502 3.540233310822112 3.740408555894475 3.832044334749823 3.9183421070699085 3.9646048303755212 3.995743201831222 3.9565978205726267 3.9343561266756977 3.9147834360464 3.880976061323067 3.904997090731751 3.8747483870319273 3.969942836910784 3.991294863051836 4.146097052574463 4.2074841277299875 4.330258278041037 4.331147945796914 4.304457913120599 4.256415854303232 4.290223229026564 4.2831058869795475 4.287554225758933 4.173676753006656 4.112289677851131 3.9868465242724502
4.733277771453395 4.68434604488015 4.640752324842168 4.516198839019365 4.340044623355686 4.096275658245342 3.890762406637716 3.689697493809476 3.517991616925183 3.3187060396086974 3.11052378473344 2.9423765788726555 2.9486042531637953 2.9744046180842334 3.1647935178419475 3.337389062482118 3.5687026790101815 3.7528639044767553 3.901438419708242 3.953928817304995 3.971722172422538 3.995743201831222 4.014426224704643 4.046454263916221 4.105172335804114 4.126524361945165 4.151435059109726 4.153214394621481 4.176345756274287 4.224387815091654 4.343603294379195 4.2928922322941965 4.2973405710735815 4.359617313984984 4.34182395886744 4.322251268238142 4.319582264970511 4.361396649496738 4.394314356464193 4.391645353196562 4.362286317252615 4.236843163673934 4.072254628836658 3.9468114752579777
4.494846812878313 4.553564884766207 4.515309171263488 4.350720636426212 4.164780075447884 3.9610461593520125 3.746636230185615 3.5357849720427263 3.336499394726241 3.1025167749305456 2.940597243360901 2.9281418947786206 2.981521960131251 3.1923732182741396 3.4299145090933436 3.711939187706405 3.926349116872803 4.093606654977711 4.176345756274287 4.219939476312268 4.150545391353849 4.145207384818586 4.173676753006656 4.236843163673934 4.291112896782442 4.390755685440684 4.421894056896385 4.415666382605245 4.426342395675771 4.481501796540156 4.481501796540156 4.408549040558228 4.390755685440684 4.3026785776088445 4.219939476312268 4.195028779147708 4.225277482847531 4.270650538397267 4.287554225758933 4.284885222491302 4.18168376280955 4.019764231239906 3.824926992702806 3.586496034127725
4.491288141854804 4.521536845554628 4.446804754060946 4.245739841232706 3.9646048303755212 3.716387526485791 3.4583838772814124 3.2929056746882592 3.122089465559843 3.015329334854583 2.972625282572479 3.084723419813002 3.327602717167469 3.597172047198251 3.8667413772290327 4.116738016630517 4.290223229026564 4.4076593728023505 4.463708441422613 4.396093691975947 4.267091867373758 4.259974525326741 4.3524999719379664 4.444135750793315 4.511750500239979 4.595379269292433 4.591820598268924 4.575806578663135 4.575806578663135 4.566020233348487 4.520647177798751 4.375631333590773 4.226167150603408 4.106951671315868 4.011757221437011 3.9343561266756977 3.9272387846286803 3.921900778093417 3.92101111033754 3.850727357623244 3.711049519950528 3.507315603854657 3.2555396289414182 2.9948669764694085
4.1229656909216565 4.217270473044637 4.141648713795077 3.9076660939993824 3.5980617149541283 3.37119643720545 3.174579863156596 3.100737439418791 3.0535850483573013 3.05714371938081 3.194152553785894 3.4539355385020265 3.800016295538245 4.1185173521422715 4.364955320520247 4.533102526381032 4.61851063094524 4.639862657086292 4.5677995688602415 4.406769705046473 4.227056818359285 4.258195189814987 4.453922096107963 4.614951959921731 4.6621043509832205 4.606944950118836 4.651428337912694 4.6621043509832205 4.630076311771642 4.542888871695681 4.400542030755334 4.145207384818586 3.9930741985635905 3.9281284523845574 3.8800863935671903 3.6959251681006164 3.5784890243248304 3.507315603854657 3.4414801899197465 3.3204853751204517 3.0971787683952825 2.8373957836791495 2.5678264536483675 2.341850843655567
3.7128288554622824 3.7866712792000876 3.6727938064478103 3.40589347968466 3.0971787683952825 2.878320500449499 2.867644487378973 2.9708459470607247 3.2181735831945772 3.4156798249993088 3.806243969829385 4.162111072180252 4.475274122249015 4.69057371917129 4.840037902158654 4.878293615661372 4.798223517632428 4.719932755115236 4.5073021614605935 4.27598854493253 4.095385990489465 4.324030603749897 4.592710266024802 4.791995843341287 4.821354879285234 4.771533484956112 4.734167439209271 4.654987008936203 4.519757510042874 4.391645353196562 4.184352766077182 3.953039149549118 3.830264999238069 3.8338236702615776 3.8373823412850863 3.7297325428239487 3.4414801899197465 3.237746273823875 3.0179983381222146 2.840954454702658 2.594516486324683 2.4601766551872304 2.225304367635658 2.071391845868908
3.5055362683429028 3.421017831534572 3.1816972052036134 2.9486042531637953 2.7804570473030106 2.7671120309648534 2.9450455821402866 3.3231543783880833 3.7074908489270197 4.033998915333941 4.3925350209524385 4.720822422871114 4.9966194271930355 5.161207962030312 5.135407597109873 5.0215301243575965 4.835589563379268 4.634524650551029 4.421004389140508 4.266202199617881 4.316913261702879 4.5971586048041875 4.752850462082692 4.84448624093804 4.816016872749971 4.7475124555474295 4.662994018739099 4.484170799807787 4.325809939261651 4.146097052574463 3.9396941332109607 3.7332912138474574 3.5882753696394794 3.6069583925128996 3.6630074611331613 3.5687026790101815 3.37119643720545 3.185255876227122 3.042019367530898 2.7724500375001164 2.5500330985308244 2.431707286999161 2.3222781530262693 2.2288630386591666
3.3525134143320297 3.152338169259667 2.9450455821402866 2.8863275102523938 3.046467706310284 3.153227837015544 3.5749303533013217 4.007308882657625 4.371182994811386 4.640752324842168 4.943239361840406 5.142524939156891 5.370279884661446 5.363162542614429 5.258181747420924 5.019750788845842 4.73149843594164 4.532212858625154 4.51797817453112 4.509971164728225 4.640752324842168 4.759967804129709 4.865838267079092 4.832920560111637 4.774202488223744 4.6772287028331325 4.576696246419013 4.397873027487702 4.179904427297796 3.985067188760696 3.7902299502235963 3.6069583925128996 3.4370318511403606 3.4405905221638693 3.4503768674785182 3.375644775984836 3.227959928509226 3.2857883326412423 3.25198095791791 3.11675145902458 3.061592058160196 2.952162924187304 2.8640858163554643 2.798250402420554
3.286678000397119 3.1407724884332637 3.1968215570535254 3.4245765025580805 3.6238620798745655 4.010867553681134 4.434349405478666 4.738615777988658 5.035764808451631 5.215477695138819 5.301775467458905 5.493054034972495 5.453018985958023 5.412094269187673 5.2065810175800475 4.911211322628828 4.660325015471466 4.651428337912694 4.644310995865677 4.714594748579973 4.79733384987655 4.856051921764443 4.864948599323215 4.831141224599882 4.741284781256288 4.634524650551029 4.508191829216471 4.332037613552791 4.130083032968674 3.975280843446047 3.7822229404207017 3.591834040662988 3.4308041768492203 3.4370318511403606 3.4548252062579037 3.3836517857877304 3.417459160511063 3.480625571178342 3.541122978577989 3.561585336963164 3.4904119164929908 3.3631894274025558 3.273332984058962 3.1247584688274745
3.411231486219923 3.6701248031801788 3.9281284523845574 4.255526186547355 4.550895881498574 4.937901355305143 5.112276235457068 5.368500549149692 5.520633735404688 5.580241475048458 5.623835195086439 5.51974406764881 5.477929683122584 5.294658125411887 5.060675505616192 4.802671856411813 4.705698071021202 4.69680139346243 4.701249732241816 4.757298800862078 4.783988833538393 4.861389928299706 4.868507270346724 4.802671856411813 4.711925745312342 4.585592923977784 4.4476944218168235 4.287554225758933 4.158552401156744 4.003750211634117 3.915673103802277 3.7377395526268433 3.656779786842021 3.650552112550881 3.6781318129830733 3.7021528423917567 3.735070549359212 3.7644295853031586 3.8026852988058764 3.800016295538245 3.6576694545978983 3.5313366332633405 3.3622997596466786 3.2048285668564196
4.077592635371921 4.428121731187526 4.85071391522918 5.180780652659609 5.4556879892256545 5.557999781151529 5.713691638430033 5.7208089804770506 5.7804167201208205 5.783085723388452 5.646076888983369 5.526861409695828 5.302665135214782 5.085586202780753 4.894307635267161 4.764416142909095 4.691463386927167 4.639862657086292 4.6371936538186596 4.668332025274361 4.732388103697517 4.833810227867515 4.828472221332252 4.759967804129709 4.6274073085040115 4.502853822681208 4.348051633158581 4.240401834697443 4.121186355409902 4.070475293324904 3.9841775210048187 3.985067188760696 3.970832504666661 3.941473468722715 3.9726118401784154 3.996632869587099 3.9975225373429764 4.014426224704643 3.935245794431575 3.7857816114442104 3.637207096212723 3.456604541769658 3.2857883326412423 3.093620097371774
4.733277771453395 5.181670320415487 5.602483168945387 5.8800595087790635 5.974364290902043 6.031303027278183 5.986819639484324 5.95034326149336 5.878280173267309 5.7448300098857334 5.533089083986968 5.2608507506885545 5.009964443531193 4.842706905426286 4.732388103697517 4.673670031809624 4.593599933780679 4.5304335231134 4.515309171263488 4.5669099011043635 4.691463386927167 4.7670851461767265 4.777761159247253 4.724381093894623 4.595379269292433 4.368513991543756 4.174566420762533 4.076702967616044 4.024212570019292 3.9984122050988535 4.0081985504135025 4.043785260648589 4.055350941474992 4.066026954545518 4.107841339071745 4.116738016630517 4.11584834887464 4.032219579822186 3.8720793837642957 3.650552112550881 3.4530458707461493 3.2617673032325585 3.0784957455218622 2.8943345200552884
5.352486529543903 5.7750787135855575 6.052655053419234 6.162084187392126 6.227919601327036 6.251940630735719 6.175429203730284 5.953012264760991 5.743050674373979 5.529530412963459 5.250174737618028 4.96726039124909 4.720822422871114 4.569578904371996 4.559792559057346 4.546447542719189 4.464598109178489 4.410328376069982 4.393424688708317 4.433459737722789 4.576696246419013 4.6870150481477815 4.729719100429886 4.650538670156818 4.454811763863841 4.211042798753496 3.9984122050988535 3.878307058055436 3.8533963608908754 3.8658517094731555 3.878307058055436 3.896100413172979 3.935245794431575 3.9877361920283274 3.9930741985635905 3.976170511201924 3.904997090731751 3.770657259594299 3.597172047198251 3.407672815196414 3.1879248794947537 2.9966463119811624 2.818712760805729 2.6906006039594166
5.601593501189511 5.924542896572921 6.179877542509669 6.203898571918353 6.251050962979843 6.261726976050369 6.136283822471688 5.845362466299854 5.569565461977932 5.290209786632501 4.976157068807861 4.660325015471466 4.404990369534719 4.275098877176653 4.301788909852968 4.308016584144108 4.253746851035601 4.226167150603408 4.2377328314298115 4.28844389351481 4.4227837246522625 4.485950135319541 4.501074487169453 4.397873027487702 4.197697782415339 3.953928817304995 3.6923664970771077 3.5687026790101815 3.5544679949161466 3.5838270308600935 3.626531083142197 3.6701248031801788 3.681690484006582 3.6852491550300908 3.6701248031801788 3.641655434992109 3.561585336963164 3.4085624829522914 3.2341876028003664 3.0544747161131784 2.8863275102523938 2.745760004823801 2.606971834906963 2.4824183490841594
