static/data/seaWind_vo/2023/7/10/12.asc
ncols 137
nrows 93
xllcorner 108.0
yllcorner 17.0
cellsize 0.25
NODATA_value -32767
[rows 38 to 56 of 93, columns 44 to 87 of 137]
1.6514686650948849 1.5856332511599742 1.420155048566821 1.297380898255772 1.392575348134629 1.1719377446770913 1.2279868132973528 1.3730026575053311 1.5696192315541855 2.2866914427911826 3.9388044654550836 5.282202776829607 6.328452057741156 7.229685494444727 7.678967711162697 7.936081692611198 8.090883882133825 8.149601954021719 8.046400494339967 7.995689432254968 7.92629534729655 7.868466943164533 7.818645548835413 7.805300532497254 7.649608675218751 7.5277241926635785 7.460999110972791 7.374701338652706 7.235913168735868 7.1985471229890265 7.159401741730431 7.050862275513417 6.913853441108333 6.782182613238511 6.605138729818956 6.362259432464489 6.060662063222129 5.8649351569291515 5.6256145305981935 5.438784301863988 5.3658315458820605 5.357824536079166 5.209250020847679 5.1914566657301355
1.3525402991201565 1.3329676084908586 0.9584174832665711 0.050956372271859784 0.11590211845089327 0.4557552011959711 0.6194540682773702 0.9228307730314842 1.3560989701436652 2.0971922107893457 3.6727938064478103 5.225264040453467 6.8684803855585965 8.331094176220661 8.880019181596873 8.659381578139335 8.608670516054337 8.479668691452147 8.26525876228575 8.0802078690633 7.968999399578653 7.894267308084972 7.820424884347167 7.761706812459273 7.7323477765153275 7.506372166522526 7.405839710108406 7.300858914914901 7.171857090312711 7.066876295119206 6.918301779887718 6.806203642647196 6.650511785368691 6.4387708594699244 6.1692015294391425 6.008171665625376 5.836465788741082 5.699456954335998 5.557999781151529 5.412094269187673 5.2065810175800475 4.908542319361196 4.624738305236379 4.51797817453112
1.1897310997946347 1.0794122980658658 0.5393839702484249 0.14704048990659402 0.6959654952828065 1.1319026956626188 1.0980953209392863 1.2991602337675263 1.471755778407697 1.7288697598561984 2.825830102852746 4.796444182120673 6.796417297332546 8.878239846085119 9.486772591105101 9.22076193209783 8.908488549784943 8.676285265501003 8.38447424157329 8.249244742679961 8.054407504142862 8.04817982985172 7.978785744893303 7.8070798680090085 7.706547411594888 7.573986915969192 7.455661104437528 7.325769612079462 7.14427738988052 7.032179252639995 6.7990863006001785 6.567772684072114 6.3800527875820325 6.101586779992479 5.758175026223892 5.67721526043907 5.776858049097312 5.71458130618591 5.634511208156965 5.502840380287145 5.215477695138819 4.7226017583828686 4.391645353196562 4.238622499185689
1.037597913539639 1.1310130279067416 1.3569886378995422 1.2119727936915639 1.8080501901292663 1.73153876312383 1.8009328480822488 1.8676579297730367 1.9735283927224194 1.9263760016609297 3.041129699775021 5.055337499080929 7.673629704627434 9.818618664047285 9.740327901530096 9.244782961506512 8.94674426328766 8.588208157669163 8.268817433309259 8.241237732877067 8.05173850087523 8.03572448126944 8.005475777569618 7.857790930094007 7.566869573922174 7.492137482428491 7.448543762390511 7.364914993338056 7.1585120739745545 6.896949753746666 6.630049426983517 6.332010728764665 5.9903783105078325 5.711912302918279 5.645187221227491 5.692339612288981 5.7706303748061725 5.762623365003277 5.674546257171437 5.514406061113547 5.151421616715663 4.691463386927167 4.435239073234543 4.322251268238142
1.0322599070043759 1.4228240518344526 1.6487996618272533 1.4779834526988371 1.9477280278019817 2.1167649014186436 2.1212132401980295 2.187938321888817 2.459286987431353 2.5989648251040687 3.5055362683429028 5.208360353091802 7.8319905651735695 9.771466272985796 9.721644878656674 9.101546452810288 8.694078620618546 8.333763179488292 8.146932950754087 8.108677237251369 7.979675412649179 7.936081692611198 7.905832988911374 7.901384650131989 7.645160336439364 7.538400205734105 7.567759241678051 7.484130472625598 7.1567327384628 6.7670582613886 6.428094846399398 6.018847678695902 5.67721526043907 5.598034830166002 5.687891273509596 5.767071703782664 5.7056846286271385 5.697677618824244 5.5909174881189845 5.462805331272672 5.084696535024875 4.787547504561902 4.529543855357523 4.859610592787952
1.0660672817277084 1.4406174069519961 1.2751392043588428 1.0705156205070943 1.5215771727368184 2.2297527064150438 2.1923866606682028 1.8249538774909326 2.1069785561039946 2.999315315248794 4.042005925136834 5.728815990279945 7.66562269482454 9.549049334016503 9.326632395047211 8.754576028018192 8.341770189291188 8.242127400632944 8.084656207842686 7.985013419184442 8.032165810245932 7.9814547481609335 7.936971360367076 7.944088702414092 7.800852193717869 7.658505352777523 7.680747046674451 7.5277241926635785 7.20388512952429 6.696774508674304 6.1549668453451085 5.751947351932751 5.682553266974333 5.618497188551176 5.801768746261873 5.819562101379416 5.7403816711063484 5.661201240833281 5.555330777883897 5.471702008831444 5.057116834592684 4.775981823735498 4.959253381446195 5.335582842182237
1.0491635943660422 1.2084141226680551 1.0411565845631476 0.8400916717349076 1.3222915954203327 1.9895424123282086 1.6932830496211118 1.3231812631762099 1.6247786324185696 2.953052591943181 4.485060467563665 7.045524268978154 8.986779312302133 9.251010635797652 8.574863141331004 8.218996038980137 8.081987204575054 7.9823444159168115 8.078428533551545 7.985013419184442 8.125580924613034 8.089994214377949 8.04551082658409 7.9770064093815485 7.8622392688733935 7.7323477765153275 7.5775455869927 7.422743397470073 7.061538288583943 6.561545009780975 5.941446583934589 5.727036654768191 5.656752902053894 5.817782765867662 5.965467613343272 5.8951838606289755 5.76796137153854 5.688780941265472 5.648745892251 5.552661774616266 5.122062580771717 4.835589563379268 5.018861121089965 5.5108473900900385
0.9584174832665711 1.3365262795143673 1.5447085343896245 1.2306558165649844 1.3596576411671737 1.747552782729619 1.4263827228579613 1.287594552941123 1.6915037141093574 3.0980684361511597 4.64964900240094 7.318652270032445 8.638029551998283 8.547283440898813 7.889818969305585 8.040172820048827 7.928074682808305 7.9423093669023395 8.062414513945756 8.068642188236897 8.166505641383385 8.070421523748651 7.970778735090407 7.890708637061463 7.911170995446637 7.740354786318221 7.519717182860683 7.180753767871483 6.775954938947372 6.275071992388526 5.854259143858625 5.743940342129857 5.86849382795266 6.090021099166075 6.066889737513269 5.872052498976169 5.757285358468014 5.712801970674156 5.68967060902135 5.614938517527667 5.219926033918205 4.919218332431722 5.001957433728299 5.457467324737409
0.38013344194641197 0.730662537762016 1.1710480769212142 1.4859904625017315 1.7199730822974266 1.933493343707947 1.8267332130026868 1.8151675321762837 2.3809962249141625 3.618524073339303 5.0464408215221574 6.721685205838865 7.764375815726906 7.909391659934883 7.872025614188042 7.918288337493655 7.935192024855322 7.997468767766723 8.057076507410493 7.9423093669023395 7.930743686075935 7.898715646864357 7.840887242732341 7.76615515123866 7.795514187182606 7.545517547781122 7.208333468303675 6.8337833430793875 6.493930260334309 6.106035118771864 5.980591965193184 6.068669073025023 6.162084187392126 6.120269802865899 5.95034326149336 5.806217085041259 5.743940342129857 5.695008615556612 5.638959546936351 5.6558632342980175 5.1113865677011905 4.372962330323141 4.4227837246522625 5.156759623250926
0.16038550624475167 0.42105815871676167 0.8747887142141173 1.265352859044194 1.3036085725469122 1.038487581295516 1.07496395928648 1.6016472707657634 2.745760004823801 4.376521001346649 6.42453617537589 7.549076218804631 7.804410864741378 7.55530389309577 7.7323477765153275 7.735906447538836 7.908501992179007 7.993910096743214 7.915619334226024 7.779500167576817 7.7723828255297995 7.856011594582254 7.821314552103043 7.6220289747865575 7.371142667629197 7.090007656772011 6.807093310403072 6.517061621987116 6.268844318097386 6.130945815936425 6.235926611129931 6.260837308294491 6.1745395359744055 5.977033294169675 5.759954361735646 5.586469149339598 5.5259717419399506 5.453018985958023 5.355155532811534 5.3311345034028506 4.574916910907259 3.587385701883602 3.557136998183778 4.43612874099042
0.7475662251236823 1.0625086107041997 1.2902635562087545 1.340084950537876 1.1514753862919165 0.4521965301724624 0.8872440627963976 2.9272522270227435 5.341810516473377 6.679870821312637 7.096235331063152 7.501923827743141 7.4076190456201605 7.4076190456201605 7.841776910488219 7.806190200253132 7.888039633793831 7.869356610920411 7.7679344867504145 7.75369980265638 7.651388010730505 7.687864388721469 7.612242629471909 7.405839710108406 7.165629416021572 6.8239969977647394 6.575779693875008 6.404963484746592 6.261726976050369 6.2848583377031755 6.274182324632649 6.171870532706775 5.899632199408361 5.617607520795299 5.44145330513162 5.317789487064694 5.24661606659452 5.107827896677682 4.9201080001876 4.574916910907259 4.326699607017528 3.697704503612371 3.697704503612371 4.275098877176653
0.9014787468904322 1.2279868132973528 1.2786978753823515 1.1719377446770913 0.995783529013412 0.5865363613099148 2.019791116028032 4.336485952332177 6.638946104542288 7.421853729714195 7.2572651948769185 7.314203931253058 7.496585821207878 7.7074370793507665 7.929854018320059 7.867577275408657 7.898715646864357 7.878253288479183 7.644270668683488 7.451212765658141 7.351569976999899 7.495696153452 7.448543762390511 7.19409878420964 6.967233506460962 6.6852088278479 6.458343550099222 6.3747147810467695 6.266175314829754 6.251050962979843 6.082014089363181 5.832017449961697 5.549103103592757 5.248395402106274 5.055337499080929 4.960143049202072 4.73772611023278 4.568689236616118 4.290223229026564 3.9770601789578013 3.900548751952365 3.7982369600264905 3.7146081909740367 4.005529547145871
0.8908027338199063 1.0918676466481463 1.0260322327132358 0.8890233983081519 0.8721197109464858 1.361436976678928 3.35874108862317 5.645187221227491 7.58377326128384 7.217230145862446 7.081110979213241 7.210112803815429 7.531282863687087 7.831100897417693 8.010813784104881 8.006365445325494 8.034834813513564 8.036614149025318 7.8026315292296236 7.521496518372437 7.439647084831739 7.391605026014371 7.237692504247622 7.001930548940171 6.831114339811755 6.5944627167484295 6.466350559902118 6.38717012962905 6.11671113184239 5.90941854472301 5.622055859574685 5.29999613194715 5.017081785578211 4.824913550308743 4.635414318306905 4.511750500239979 4.235953495918057 4.002860543878239 3.82670632821456 3.626531083142197 3.5953927116864968 3.545571317357375 3.661228125621407 4.011757221437011
0.8667817044112227 0.6078883874509668 0.5251492861543903 0.6683857948506142 0.8392020039790304 2.050039819727856 4.548226878230944 6.788410287529652 6.969902509728595 6.632718430251147 6.875597727605614 7.122035695983589 7.517048179593052 7.92629534729655 8.106897901739615 8.04817982985172 8.106897901739615 8.168284976895139 7.957433718752251 7.673629704627434 7.359576986802793 7.238582172003499 7.001040881184295 6.815989987961844 6.657629127415708 6.550868996710449 6.425425843131768 6.154077177589231 5.786644394411961 5.445011976155128 5.0864758705366295 4.764416142909095 4.5669099011043635 4.390755685440684 4.2128221342652505 3.959266823840258 3.7012631746358795 3.51265361038992 3.3382787302379953 3.3516237465761525 3.367637766181941 3.46550121932843 3.7759952661295615 4.114958681118763
0.6710547981182458 0.4121614811579899 0.16305450951238276 0.3409880606878166 1.3890166771111203 3.2902366714206277 5.518854399892934 5.888956186337835 6.071338076292655 6.227919601327036 6.628270091471762 6.985026861578506 7.51437917632542 7.924516011784796 7.96366139304339 7.879142956235059 8.100670227448475 8.18696799976856 7.947647373437601 7.581993925772085 7.267941207947445 6.991254535869647 6.771506600167985 6.568662351827992 6.431653517422907 6.325783054473525 6.037530701569322 5.707463964138893 5.295547793167764 4.849824247473303 4.508191829216471 4.259084857570864 4.061578615766132 3.9494804785256092 3.806243969829385 3.5001982618076397 3.2608776354766813 3.071378403474845 3.0793854132777394 3.1247584688274745 3.2155045799269457 3.5544679949161466 3.8720793837642957 3.9743911756901698
0.639916426662545 0.3187463667908874 0.0660807241217718 1.0918676466481463 2.9388179078491468 4.769754149444358 5.215477695138819 5.527751077451705 5.529530412963459 5.836465788741082 6.3498040838822085 6.967233506460962 7.4423160880993695 7.692312727500854 7.716333756909538 7.674519372383312 7.980565080405057 8.01704145839602 7.654946681754014 7.295520908379638 6.972571512996225 6.6887674988714085 6.4396605272258025 6.190553555580195 6.057993059954497 5.836465788741082 5.54198576154574 5.05800650234856 4.667442357518484 4.251967515523846 3.9788395144695556 3.731511878335703 3.591834040662988 3.485963577713605 3.4316938446050975 3.207497570124051 2.967287276037216 2.813374754270466 2.829388773876255 3.0704887357189676 3.199490560321157 3.586496034127725 3.800016295538245 3.8880934033700845
0.3196360345467646 0.08031540821580618 1.1354613666861275 2.770670701988362 5.07046185093084 5.7448300098857334 5.500171377019512 5.020640456601719 4.995729759437159 5.430777292061094 6.008171665625376 6.7786239422150025 7.326659279835338 7.604235619669014 7.578435254748577 7.510820505301913 7.644270668683488 7.606014955180768 7.297300243891392 6.971681845240349 6.6487324498569365 6.2448232886887025 5.9005218671642385 5.682553266974333 5.491274699460741 5.225264040453467 4.806230527435321 4.320471932726388 3.9281284523845574 3.710159852194651 3.456604541769658 3.2715536485472074 3.136324149653878 3.131875810874492 3.1185307945363343 3.0019843185164254 2.8569684743084474 2.7048352880534514 2.80269874119994 3.126537804339229 3.322264710632206 3.5749303533013217 3.699483839124125 3.7057115134152654
0.13903348010369943 0.4237271619843932 1.9032446400081233 4.55890289130147 6.449446872540451 5.95034326149336 5.326686164623466 4.788437172317779 4.4476944218168235 4.7226017583828686 5.551772106860389 6.6487324498569365 7.264382536923936 7.4369780815641064 7.305307253694286 7.098014666574906 7.219009481374201 7.1682984192892025 6.909405102328947 6.53485497710466 6.122049138377653 5.778637384609066 5.348927858520394 5.0517788280574205 4.829361889088128 4.445915086305069 3.9921845308077133 3.6167447378275486 3.2092769056358055 3.126537804339229 2.9913083054458998 2.835616448167395 2.7955813991529226 2.8525201355290615 2.8898861812759025 2.9459352498961637 2.9592802662343214 3.0909510941041423 3.2306289317768577 3.306250691026417 3.326713049411592 3.4032244764170283 3.387210456811239 3.4414801899197465
0.5278182894220218 0.8623333656318368 2.6505655549449445 5.67721526043907 6.542861986907553 5.659421905321526 5.395190581826007 4.824913550308743 4.069585625569027 3.8098026408528938 4.771533484956112 6.248381959712211 6.9583368289021905 7.006378887719558 6.74481656749167 6.601580058795447 6.901398092526053 6.776844606703248 6.561545009780975 6.140732161251074 5.622945527330562 5.156759623250926 4.7021393999976935 4.400542030755334 4.144317717062709 3.7199461975093 3.252870625673787 2.9272522270227435 2.7101732945887145 2.7155113011239775 2.6532345582125756 2.631882532071524 2.679924590888891 2.75554635013845 2.8196024285616064 2.9913083054458998 3.2617673032325585 3.5500196561367607 3.7021528423917567 3.618524073339303 3.3605204241349242 3.1194204622922115 3.066930064695459 3.2386359415797523
