static/data/seaWind_vo/2023/7/10/18.asc
ncols 137
nrows 93
xllcorner 108.0
yllcorner 17.0
cellsize 0.25
NODATA_value -32767
[rows 57 to 75 of 93, columns 44 to 87 of 137]
1.0189148906662184 1.3107259145939294 2.4708526682577565 4.443246083037438 4.893417967511285 4.49573648063419 4.149655723597972 3.138103485165632 2.1114268948833805 1.9254863339050525 4.16922841422727 6.856914704732194 8.1931956740597 8.5828701511339 8.702975298177318 8.726996327586 8.952971937578802 8.780376392938631 8.638919219754161 8.357784208896977 8.036614149025318 7.670071033603925 7.409398381131915 7.1131390184248176 7.036627591419382 7.117587357204204 7.36402532558218 7.632704987857084 7.820424884347167 7.703878408327258 7.723451098956556 7.7172234246654146 7.656726017265768 7.444985091367002 7.145167057636396 6.776844606703248 6.44677786927282 6.166532526171512 5.940556916178711 5.75550602295626 5.523302738672319 5.209250020847679 4.9067629838494415 4.771533484956112
0.7217658602032444 2.214628354565132 3.792898953491228 4.578475581930767 4.555344220277961 4.186132101588936 3.816919982899911 2.8231610995851146 1.3053879080586666 0.6363577556390363 2.489535691131177 6.103366115504233 8.060635178434001 9.148698843871777 9.304390701150282 9.097098114030903 9.017028016001957 8.824859780732488 8.382694906061536 8.012593119616636 7.639822329904101 7.390715358258495 7.1567327384628 7.067765962875082 7.0134962297665755 7.219009481374201 7.484130472625598 7.608683958448401 7.7367961152947125 7.6771883756509425 7.6478293397069965 7.58377326128384 7.358687319046917 7.097124998819028 6.719905870327111 6.275961660144404 5.946784590469852 5.670987586147929 5.437004966352234 5.175442646124347 4.912990658140583 4.640752324842168 4.378300336858404 4.340044623355686
2.0358051356338214 3.3703067694495727 4.104282668048237 4.437018408746297 4.369403659299632 4.038447254113326 3.8489480221114896 2.921024552731603 1.3587679734112965 -0.1020664817390129 1.1452477120007762 4.783099165782516 8.659381578139335 9.710079197830272 9.534814649922469 9.156705853674673 8.96275828289345 8.552621447434076 8.148712286265841 7.616690968251294 7.2234578201535875 7.1282633702747304 6.877377063117368 6.9529988223669275 7.082890314724995 7.254596191609288 7.348900973732267 7.4325297427847214 7.5570832286075245 7.5277241926635785 7.463668114240422 7.229685494444727 6.982357858310875 6.618483746157112 6.212795249477124 5.7902030654354695 5.44145330513162 5.144304274668645 4.808009862947076 4.535771529648663 4.305347580876477 4.248408844500338 4.075813299860167 4.261753860838495
2.9957566442252856 3.845389351087981 4.539330200672172 4.511750500239979 4.546447542719189 4.266202199617881 4.258195189814987 3.2893470036647505 1.5153494984456781 0.34365706395544815 0.7546835671706995 2.776898376279502 7.232354497712359 10.15046473698947 10.007228228293245 9.00991067395494 8.85599815218819 8.237679061853559 7.81597654556778 7.286624230820866 6.947660815831664 6.859583707999825 6.611366404110095 6.820438326741231 6.944991812564034 7.030399917128241 7.122925363739467 7.209223136059553 7.356907983535162 7.320431605544199 7.137160047833502 6.900508424770175 6.565103680804484 6.207457242941861 5.758175026223892 5.315120483797061 4.957474045934441 4.634524650551029 4.30089924209709 4.124745026433411 3.963715162619644 4.057130276986746 4.167449078715515 4.347161965402703
3.810692308608771 4.661214683227344 4.937901355305143 4.948577368375669 4.922777003455231 4.763526475153218 4.6371936538186596 2.766222363208976 0.9877765192105175 0.7404488830766649 0.9557484799989395 2.1434549340949585 7.007268555475434 9.932496136799562 9.78570095707983 8.707423636956703 8.610449851566091 7.830211229661815 7.425412400737704 7.089117989016135 6.750154574026933 6.616704410645358 6.3773837843144 6.5944627167484295 6.722574873594741 6.80798297815895 6.928977792958245 7.019723904057715 7.126484034762976 7.025061910592978 6.813320984694213 6.486812918287292 6.1496288388098455 5.785754726656084 5.332913838914605 4.904093980581811 4.578475581930767 4.254636518791478 4.0980549937570965 3.9503701462814864 3.9174524393140313 4.125634694189289 4.259974525326741 4.384528011149545
4.937901355305143 5.2279330437211 5.486826360681356 5.44768097942276 5.2910994543883785 5.123841916283471 3.7181668619975454 1.8302918840261955 0.7217658602032444 0.6843998144564034 0.9735418351164828 3.480625571178342 8.187857667524437 9.020586687025466 8.84977047789705 8.344439192558818 8.256362084726979 7.512599840813667 7.071324633898591 6.750154574026933 6.546420657931062 6.3800527875820325 6.185215549044932 6.3791631198261545 6.517061621987116 6.680760489068515 6.810651981426581 6.792858626309037 6.820438326741231 6.646063446589306 6.3462454128587 6.0197373464517785 5.7003466220918755 5.323127493599957 4.9316736810140025 4.620289966456994 4.316913261702879 4.168338746471393 4.018874563484029 4.024212570019292 4.05001293493973 4.239512166941566 4.350720636426212 4.467267112446121
5.6104901787482815 5.893404525117221 5.948563925981606 5.774189045829681 5.577572471780826 4.908542319361196 2.8640858163554643 1.0998746564510407 0.21109656832974988 0.28493899206755513 0.603440048671581 5.209250020847679 7.96366139304339 8.465434007358112 8.028607139222425 7.987682422452075 7.855121926826376 7.2626032014121815 6.730581883397637 6.432543185178785 6.268844318097386 6.158525516368617 6.039310037081076 6.224360930303527 6.4094118235259785 6.56599334856036 6.573110690607377 6.513502950963607 6.428984514155276 6.1496288388098455 5.85603847937038 5.5660067909544235 5.258181747420924 4.958363713690318 4.6371936538186596 4.390755685440684 4.248408844500338 4.130083032968674 4.116738016630517 4.164780075447884 4.211042798753496 4.307126916388231 4.394314356464193 4.4076593728023505
5.977922961925552 6.053544721175111 6.006392330113622 5.924542896572921 5.664759911856789 4.456591099375595 2.420141606172758 0.7858219386264005 0.01981800081615903 -0.14832920504462566 0.476217559581146 5.514406061113547 7.5624212351427875 7.670960701359803 7.326659279835338 7.422743397470073 7.196767787477272 6.817769323473598 6.2599476405386145 5.977033294169675 5.926322232084676 5.858707482638012 5.930770570864063 6.055324056686866 6.271513321365017 6.340907406323437 6.2893066764825605 6.159415184124494 5.999274988066604 5.707463964138893 5.42899795654934 5.130069590574611 4.839148234402777 4.582923920710153 4.409438708314105 4.26976087064139 4.194139111391831 4.167449078715515 4.177235424030164 4.2128221342652505 4.23506382816218 4.268871202885513 4.274209209420776 4.2777678804442845
6.313327705891244 5.9254325643287995 5.598034830166002 5.8355761209852055 5.370279884661446 2.986859966666514 1.6310063067097098 0.8988097436228009 0.5767500159952661 0.5545083220983369 0.9468518024401678 5.048220157033912 6.763499590365091 6.9885855326020145 6.75727191607395 6.718126534815356 6.670084475997989 6.360480096952735 5.916535886770028 5.737712667838716 5.7403816711063484 5.741271338862225 5.886287183070204 5.866714492440906 5.973474623146166 5.9752539586579205 5.907639209211256 5.831127782205819 5.5953658268983695 5.393411246314253 5.110496899945313 4.795554514364795 4.505522825948839 4.294671567805951 4.206594459974111 4.179014759541919 4.155883397889112 4.12830369745692 4.126524361945165 4.164780075447884 4.179014759541919 4.188801104856568 4.1932494436359535 4.205704792218233
6.1647531906597575 5.663870244100911 5.4112046014317965 5.8400244597645905 5.859597150393888 2.538467417704421 1.1888414320387575 0.6158953972538614 0.38458178072579785 0.6390267589066678 2.03936380665733 5.161207962030312 6.2599476405386145 6.3489144161263305 6.1247181416452845 6.1247181416452845 5.968136616610903 5.69589828331249 5.542875429301617 5.527751077451705 5.516185396625302 5.502840380287145 5.608710843236527 5.62027652406293 5.712801970674156 5.675435924927315 5.557999781151529 5.465474334540303 5.1914566657301355 5.100710554630664 4.798223517632428 4.474384454493139 4.206594459974111 4.078482303127799 4.106062003559991 4.086489312930693 4.06869595781315 4.041116257380958 4.029550576554555 4.051792270451484 4.050902602695606 4.0580199447426235 4.079371970883676 4.100723997024728
5.7208089804770506 5.4539086537139 5.399638920605392 5.914756551258273 6.306210363844227 2.861416813087833 0.7813735998470146 0.08921208577457795 0.08031540821580618 0.6577097817800883 2.59540615408056 4.720822422871114 5.622945527330562 5.687001605753718 5.580241475048458 5.609600510992404 5.333803506670483 5.134517929353997 4.988612417390142 4.949467036131546 4.995729759437159 5.090924209316016 5.24661606659452 5.324017161355833 5.376507558952587 5.290209786632501 5.170104639589084 5.0864758705366295 4.873845276881987 4.755519465350323 4.485950135319541 4.203925456706479 4.018874563484029 3.895210745417102 3.98061884998131 3.9770601789578013 4.007308882657625 3.9930741985635905 3.959266823840258 3.929907787896312 3.940583800966838 3.937025129943329 3.915673103802277 3.926349116872803
5.24661606659452 5.093593212583647 5.619386856307053 6.208346910697738 6.66652580497448 3.2573189644531726 1.0891986433805148 0.2778216500205377 0.3303120476172905 0.8694507076788542 2.783126050570642 4.4770534577607695 4.977046736563738 5.05800650234856 5.075799857466103 5.061565173372069 4.745733120035675 4.505522825948839 4.3275892747734055 4.316913261702879 4.393424688708317 4.5304335231134 4.687904715903659 4.79733384987655 4.917438996919968 4.863169263811461 4.825803218064619 4.73149843594164 4.557123555789715 4.321361600482265 4.0731442965925355 3.931687123408066 3.7733262628619304 3.735070549359212 3.824926992702806 3.8293753314821917 3.904997090731751 3.891652074393593 3.8391616767968406 3.811581976364648 3.756422575500264 3.751084568965001 3.735070549359212 3.7599812465237727
5.118503909748208 5.420101278990568 5.6558632342980175 6.154077177589231 6.656739459659832 3.8800863935671903 1.6149922871039208 0.28049065328816924 0.2920563341145721 0.931727450590256 2.876541164937745 4.1727870852507785 4.501074487169453 4.557123555789715 4.553564884766207 4.453922096107963 4.12830369745692 3.86763104498491 3.725284204044563 3.746636230185615 3.800905963294122 3.9094454295111367 4.065137286789641 4.254636518791478 4.509081496972348 4.595379269292433 4.5304335231134 4.390755685440684 4.180794095053673 3.901438419708242 3.6736834742036875 3.585606366371848 3.5500196561367607 3.5500196561367607 3.63186908967746 3.6576694545978983 3.7582019110120184 3.7484155656973694 3.7146081909740367 3.6478831092832493 3.5829373631042163 3.5749303533013217 3.5633646724749184 3.5998410504658827
5.292878789900133 5.195905004509521 5.335582842182237 5.7750787135855575 6.433432852934661 4.695022057950676 3.1719108598889645 1.827622880758564 0.169282183803523 0.825856987640873 3.1585658435508073 4.129193365212798 4.23506382816218 4.066916622301395 4.020653898995783 3.836492673529209 3.510874274878166 3.3382787302379953 3.2679949775236987 3.331161388190978 3.31781637185282 3.35874108862317 3.566923343498427 3.8872037356142073 4.260864193082618 4.350720636426212 4.303568245364723 4.060688948010255 3.8035749665617535 3.524219291216323 3.3480650755526438 3.3053610232705397 3.307140358782294 3.355182417599661 3.4245765025580805 3.4797359034224646 3.5580266659396553 3.5259986267280774 3.5090949393664115 3.461942548304921 3.396996802125888 3.4041141441729055 3.4041141441729055 3.5001982618076397
4.954805042666809 4.854272586252689 4.783099165782516 5.157649291006804 5.877390505511432 5.729705658035822 4.324030603749897 2.6292135288038923 0.8934717370875378 1.2146417969591954 3.6247517476304427 4.080261638639553 3.7146081909740367 3.5429023140897433 3.3729757727172043 3.1683521888654558 3.0509160450896697 2.9859702989106367 2.9005621943464286 2.7635533599413447 2.7484290080914326 2.9236935559992347 3.1345448141421235 3.72617387180044 4.124745026433411 4.180794095053673 4.066916622301395 3.8240373249469286 3.566923343498427 3.301802352247031 3.188814547250631 3.1336551463862463 3.1398828206773866 3.130986143118615 3.19860089256528 3.227959928509226 3.268884645279576 3.237746273823875 3.231518599532735 3.189704215006508 3.221732254218086 3.2341876028003664 3.327602717167469 3.4993085940517625
4.500184819413576 4.510860832484102 4.45837043488735 4.449473757328578 4.874734944637864 4.985053746366633 4.42990106669928 3.048247041822038 2.480639013572405 2.8489614645055528 3.7297325428239487 3.581158027592462 3.2146149121710685 2.9014518621023058 2.7208493076592406 2.6301031965597694 2.6639105712831017 2.6140891769539802 2.3498578534584613 2.124771911221538 2.03936380665733 2.214628354565132 2.9094588719052004 3.6647867966449157 3.9441424719903466 3.959266823840258 3.840941012308595 3.655890119086144 3.4130108217316772 3.3204853751204517 3.21105624114756 3.099847771662914 2.9699562793048475 2.9486042531637953 2.9041208653699373 2.921024552731603 2.9130175429287086 2.920134884975726 2.9174658817080945 2.967287276037216 3.0135499993428287 3.190593882762385 3.3738654404730815 3.5090949393664115
4.127414029701043 4.188801104856568 4.163890407692007 4.100723997024728 4.274209209420776 4.143428049306832 3.788450614711842 3.50642593609878 3.3845414535436076 3.4130108217316772 3.4316938446050975 3.220842586462209 2.863196148599587 2.4130242641257404 2.048260484216102 1.9477280278019817 2.043812145436716 1.9459486922902274 1.6336753099773413 1.403251361205155 1.381899335064103 1.9210379951256666 2.867644487378973 3.5651440079866727 3.704821845659388 3.770657259594299 3.703042510147634 3.555357662672024 3.443259525431501 3.3800931147642217 3.2582086322090498 3.1042961104423 2.9219142204874804 2.7386426627767837 2.6167581802216118 2.533129411169158 2.5260120691221406 2.5366880821926667 2.603413163883454 2.7199596399033634 2.929921230290375 3.1879248794947537 3.31158869756168 3.226180592997472
3.590944372907111 3.794678289002982 3.8934314099053475 3.8071336375852622 3.7644295853031586 3.7199461975093 3.5829373631042163 3.396996802125888 3.2555396289414182 3.1816972052036134 3.083833752057125 2.8756514971818676 2.34096117589969 1.7938155060352317 1.3934650158905062 1.2155314647150726 1.2146417969591954 1.1790550867241087 0.9993422000369208 0.905927085669818 1.111440337277444 1.795594841546986 2.7857950538382736 3.3738654404730815 3.534895304286849 3.585606366371848 3.547350652869129 3.5082052716105343 3.4788462356665875 3.3845414535436076 3.2857883326412423 3.051805712845547 2.7911330603735367 2.5509227662867016 2.354306192237847 2.2172973578327637 2.209290348029869 2.2537737358237275 2.4067965898346 2.622985854512752 2.840064786946781 2.9699562793048475 2.90323119761406 2.647006883921436
3.108744449221686 3.348954743308521 3.4948602552723766 3.4886325809812364 3.376534443740713 3.194152553785894 3.0553643838690556 2.9183555494639717 2.8649754841113415 2.845402793482044 2.7048352880534514 2.311602139955743 1.727090424344444 1.1808344222358629 0.7760355933117515 0.5562876576100912 0.5313769604455305 0.5616256641453541 0.5794190192628976 0.7093105116209639 1.160372063850688 1.9165896563462808 2.8267197706086233 3.286678000397119 3.3453960722850122 3.4103418184640457 3.4156798249993088 3.387210456811239 3.327602717167469 3.2137252444151914 3.1149721235128256 2.8889965135200253 2.65501389372433 2.4085759253463546 2.1763726410624136 2.0215704515397865 1.9842044057929455 2.108757891615749 2.279574100744165 2.438824629046178 2.5509227662867016 2.4833080168400365 2.2769050974765337 2.014453109492769
