static/data/seaWind_vo/2023/7/10/6.asc
ncols 137
nrows 93
xllcorner 108.0
yllcorner 17.0
cellsize 0.25
NODATA_value -32767
[rows 57 to 75 of 93, columns 0 to 43 of 137]
5.122952248527594 4.8115685339705845 4.589151595001293 4.248408844500338 4.21015313099762 4.503743490437085 5.289320118876624 4.713705080824097 4.074033964348413 3.8542860286467526 3.9272387846286803 3.7982369600264905 3.1505588337479127 3.2484222868944013 3.877417390299559 4.12207602316578 4.01531589246052 3.609627395780531 3.4147901572434316 3.355182417599661 3.2288495962651034 2.7564360178943272 2.2938087848382 2.0544881585072416 2.014453109492769 2.1674759635036422 2.5206740625868775 2.6505655549449445 2.4459419710931956 2.2422080549973242 2.1897176574005712 2.28758111054706 2.208400680273992 2.184379650865308 1.9628523796518935 1.504673485375152 0.9548588122430623 0.6799514756770175 0.5384943024925477 0.46732088202237443 0.5224802828867587 0.9281687795667473 1.2155314647150726 1.717304079029795
4.942349694084529 5.043771818254526 5.132738593842243 4.783988833538393 4.4921778096106815 4.728829432674008 5.20569134982417 4.4227837246522625 4.0081985504135025 4.000191540610608 4.018874563484029 3.5998410504658827 3.202159563588788 3.523329623460446 3.9930741985635905 3.8969900809288562 3.020667341389846 2.580281802230648 3.0598127226484415 3.226180592997472 3.1345448141421235 2.925472891510989 2.5678264536483675 2.348078517946707 2.0633848360660134 2.0989715463011 2.187938321888817 2.3658718730642505 2.504660042981089 2.442383300069687 2.3382921726320585 2.2751257619647793 2.135447924292064 1.9521763665813676 1.6870553753299715 1.2066347871563008 0.9299481150785016 0.7066415083533326 0.6345784201272819 0.6532614430007024 1.0189148906662184 1.5455982021455017 2.0002184253987347 2.364092537552496
4.578475581930767 4.815127204994093 4.665663022006729 4.185242433833059 3.9121144327787682 4.375631333590773 4.6371936538186596 4.006419214901748 3.9325767911639433 3.8845347323465758 3.641655434992109 3.212835576659314 3.1683521888654558 3.528667629995709 3.8800863935671903 3.7484155656973694 3.0126603315869516 3.1042961104423 3.354292749843784 3.105185778198177 2.5206740625868775 2.378327221646531 2.557150440577842 2.5366880821926667 2.378327221646531 2.4984323686899486 2.580281802230648 2.7341943239973983 2.867644487378973 2.7617740244295903 2.5820611377424023 2.396120576764074 2.1692552990153966 1.9833147380370684 1.700400391668129 1.255566513729545 1.064287946215954 0.6977448307945608 0.7039725050857011 0.9859971836987633 1.3845683383317344 1.795594841546986 2.3649822053083733 3.316037036341066
4.400542030755334 4.711925745312342 4.0678062900572725 3.5847166986159706 3.5277779622398318 3.9975225373429764 4.28844389351481 4.1185173521422715 3.9041074229758737 3.561585336963164 3.3106990298058028 3.0295640189486175 3.046467706310284 3.386320789055362 3.265325974256067 3.142551823945018 3.024226012413355 3.0882820908365107 3.0758267422542307 2.8569684743084474 2.3898929024729343 2.4557283164078445 2.6398895418744184 2.674586584353628 2.5455847597514385 2.685262597424154 2.7857950538382736 2.9334799013138837 2.9752942858401106 2.8845481747406394 2.675476252109505 2.4237002771962666 2.1861589863770625 1.929045004928561 1.6407926520243588 1.3151742533733153 1.053611933145428 0.7706975867764887 1.0838606368452517 1.3632163121906824 1.8507542424113703 2.369430544087759 3.6487727770391265 5.152311284471541
4.453032428352087 4.83203089235576 4.184352766077182 3.7528639044767553 3.6950355003447393 3.915673103802277 4.2982302388294595 4.339154955599809 3.6950355003447393 3.3516237465761525 3.0437987030426523 2.7964710669087998 2.96283893725783 3.284008997129488 3.0437987030426523 2.6140891769539802 2.495763365422317 2.38811356696118 2.3231678207821465 2.3845548959376712 2.6790349231330137 2.744870337067924 2.924583223755112 2.8961138555670427 2.7377529950209065 2.6994972815181884 2.769781034232485 2.6906006039594166 2.733304656241521 2.6532345582125756 2.433486622510915 2.220856028856272 2.0535984907513645 1.795594841546986 1.4797627882105915 1.1639307348741967 0.7938289484292951 0.847209013781925 1.1754964157006 1.7831394929647058 2.272456758697148 4.166559410959638 5.977033294169675 7.1638500805098175
4.888079960976022 5.122062580771717 4.586482591733661 4.162111072180252 4.107841339071745 4.166559410959638 4.484170799807787 4.380079672370158 3.607848060268777 3.153227837015544 2.830278441632132 2.754656682382573 3.0064326572958113 3.207497570124051 2.7422013338002924 2.302705462396972 2.2920294493264457 2.1541309471654846 1.9726387249665422 2.034025800122067 2.5019910397134573 2.7591050211619588 2.957500930722567 2.9228038882433576 2.766222363208976 2.570495456915999 2.538467417704421 2.4495006421167043 2.416582935149249 2.324947156293901 2.008225435201629 1.8898996236699657 1.7573391280442676 1.472645446163574 1.1568133928271795 0.8196293133497328 0.5251492861543903 0.7635802447294713 1.0722949560188486 1.7350974341473386 3.6790214807389505 6.0197373464517785 7.545517547781122 7.517048179593052
5.580241475048458 5.312451480529431 4.695022057950676 4.515309171263488 4.539330200672172 4.6923530546830445 4.876514280149618 4.413887047093491 3.5090949393664115 3.141662156189141 3.1977112248094026 3.2448636158708926 3.089171758592388 2.8107057510028346 2.4984323686899486 2.35341652448197 2.429927951487407 2.416582935149249 2.1487929406302215 1.9023549722522461 2.08028852342768 2.3071538011763573 2.4281486159756525 2.485087352351791 2.2697877554295163 2.0793988556718026 2.2066213447622376 2.3436301791673215 2.345409514679076 2.0304671290985583 1.627447635686201 1.5260255115162042 1.2680218623118253 0.953079476731308 0.6870688177240347 0.3196360345467646 0.5091352665486013 0.9032580824021865 1.2804772108941058 3.058033387136687 5.267968092735572 6.56599334856036 6.9280881252023665 6.298203354041332
5.481488354146093 5.249285069862152 4.644310995865677 4.603386279095328 4.978826072075492 5.267968092735572 5.349817526276271 4.364065652764369 3.586496034127725 3.4930809197606223 3.6238620798745655 3.3462857400408894 2.84985113226143 2.570495456915999 2.4397142968020553 2.128330582245047 1.7448837794619874 1.6363443132449729 1.8249538774909326 2.072281513624785 2.28758111054706 2.4406039645579325 2.4753010070371424 2.3551958599937244 2.0785091879159254 2.0402534744132073 2.209290348029869 2.292919117082323 2.0847368622070657 1.627447635686201 1.217310800226827 0.9726521673606057 0.639916426662545 0.5233699506426359 0.42105815871676167 0.41038214564623554 0.7226555279591216 1.286704885185246 2.7252976464386265 4.6923530546830445 5.99749565255485 6.485033582775538 5.9547916002727455 5.709243299650647
5.4556879892256545 5.118503909748208 4.306237248632353 4.268871202885513 4.748402123303306 5.022419792113474 4.923666671211108 4.185242433833059 3.72617387180044 3.524219291216323 3.2101665733916827 2.6043028316393313 2.3071538011763573 2.5073290462487203 2.2751257619647793 1.6594756748977793 1.0633982784600768 0.9254997762991157 1.3507609636084021 2.1149855659068892 2.574943795695385 2.6994972815181884 2.5687161214042447 2.326726491805655 2.1532412794096074 2.171924302283028 2.136337592047941 1.965521382919525 1.7075177337151464 1.4548520910460305 1.2084141226680551 0.8125119713027156 0.6523717752448253 0.6363577556390363 0.6728341336300001 0.8925820693316606 1.8285125485144411 2.9788529568636193 4.51797817453112 5.6549735665421395 5.878280173267309 5.378286894464341 5.239498724547502 5.283982112341361
5.1113865677011905 4.515309171263488 3.694145832588862 4.0233229022634145 4.783099165782516 4.977936404319616 4.494846812878313 3.9868465242724502 3.40589347968466 2.947714585407918 2.527791404633895 2.1897176574005712 1.9254863339050525 1.7448837794619874 1.7395457729267245 1.848974906899616 1.7448837794619874 1.6639240136771651 1.6381236487567272 2.066053839333645 2.30626413342048 2.405017254322846 2.3391818403879356 2.1585792859448705 1.8774442750876854 1.7635668023354079 1.796484509302863 1.663034345921288 1.397913354669892 1.1683790736535826 1.0678466172394627 0.8738990464582401 0.757352570438331 0.6025503809157038 0.9432931314166593 2.0171221127604007 4.07492363210429 4.783988833538393 5.333803506670483 5.13362826159812 4.867617602590847 4.5971586048041875 4.609613953386468 4.518867842286997
4.5669099011043635 4.3925350209524385 4.149655723597972 4.434349405478666 4.815127204994093 4.693242722438922 4.084709977418939 3.7190565297534226 3.1203101300480887 2.6906006039594166 2.382775560425917 2.335623169364427 1.9770870637459281 1.620330293639184 1.4851007947458545 1.5776262413570799 1.7724634798941796 1.870326933040668 1.9592937086283848 2.076729852404171 2.3071538011763573 2.352526856726093 2.273346426453025 2.1167649014186436 1.8943479624493516 1.7991535125704945 1.8000431803263717 1.647020326315499 1.4681971073841882 1.3907960126228747 1.6025369385216406 1.5162391662015553 1.3267399341997184 1.5331428535632214 2.1585792859448705 3.5678130112543043 4.8124582017264625 4.642531660353923 4.2030357889506025 3.9290181201404346 3.6292000864098286 3.497529258540008 3.4904119164929908 3.4539355385020265
4.320471932726388 4.554454552522083 4.450363425084454 4.557123555789715 4.815127204994093 4.397873027487702 3.904997090731751 3.5082052716105343 3.307140358782294 2.9441559143844094 2.8658651518672187 2.6897109362035394 2.268008419917762 1.8569819167025106 1.7030693949357605 1.6594756748977793 1.8267332130026868 1.9584040408725076 2.1550206149213618 2.264449748894253 2.500211704201703 2.5349087466809124 2.558929776089596 2.5455847597514385 2.166586295747765 1.8525335779231247 1.9263760016609297 1.9059136432757549 1.754670124776636 1.8667682620171595 2.0544881585072416 2.13366858878031 2.3756582183788995 2.6630209035272245 3.3783137792524673 4.345382629890949 3.957487488328504 3.342727069017381 3.0019843185164254 2.733304656241521 2.45394898089609 2.3765478861347766 2.348078517946707 2.3276161595615323
4.244850173476829 4.544668207207435 4.7466227877915514 4.8115685339705845 4.7768714914913755 4.340044623355686 3.864072373961401 3.417459160511063 3.207497570124051 3.2706639807913302 3.19860089256528 3.0082119928075657 2.5357984144367895 2.0322464646103127 1.6932830496211118 1.9850940735488227 2.1683656312595194 2.341850843655567 2.5669367858924903 2.647896551677313 2.75554635013845 2.6834832619123996 2.8987828588346742 3.51888128468106 2.5838404732541567 2.1585792859448705 2.3747685506230223 2.7155113011239775 2.426369280463898 2.2849121072794283 2.348078517946707 2.5197843948310004 2.718180304391609 3.1496691659920355 3.3231543783880833 3.0126603315869516 2.5455847597514385 2.075840184648294 1.8649889265054052 1.5660605605306768 1.3685543187259452 1.344533289317262 1.404141028961032 1.4423967424637505
4.27598854493253 4.58381358846603 4.950356703887423 4.950356703887423 4.855162254008566 4.363175985008493 3.8240373249469286 3.4939705875164995 3.316926704096943 3.1825868729594906 3.062481725916073 2.987749634422391 2.7537670146266957 2.1274409144891697 2.197724667203466 2.6523448904566984 2.8044780767116944 2.983301295643005 3.142551823945018 3.0357916932397577 2.967287276037216 3.190593882762385 3.4637218838166755 4.093606654977711 2.9236935559992347 2.543805424239684 2.8854378424965166 3.243084280359138 2.5669367858924903 2.292919117082323 2.2199663611003952 2.225304367635658 2.2760154297206565 2.1372272598038182 2.0358051356338214 1.7244214210768125 1.5527155441925191 1.2938222272322633 1.234214487588493 0.9779901738958687 0.863223033387714 0.8320846619320132 0.9548588122430623 1.0794122980658658
4.209263463241742 4.681677041612518 5.107827896677682 5.037544143963386 4.775092155979621 4.232394824894548 3.727063539556317 3.396107134370011 3.1443311594567724 2.8845481747406394 2.711952630100469 2.7751190407677475 2.6158685124657346 2.585619808765911 2.7092836268328373 3.2332979350444893 3.3035816877587854 3.4477078642108867 3.501977597319394 3.3854311212994848 3.8427203478203493 4.168338746471393 4.12207602316578 4.099834329268851 3.0491367095779154 2.953052591943181 3.2955746779558908 3.009101660563443 2.19950400271522 1.970859389454788 1.7493321182413732 1.6932830496211118 1.547377537657256 1.3952443514022606 1.3783406640405942 1.2395524941237561 1.1843930932593716 1.0598396074365681 1.054501600901305 1.0633982784600768 0.990445522478149 0.878347385237626 0.9601968187783254 1.0883089756246376
4.366734656032001 4.803561524167691 5.044661486010403 4.977936404319616 4.540219868428048 3.945032139746224 3.456604541769658 3.00376365402818 2.6897109362035394 2.4192519384168807 2.3124918077116203 2.410355260858109 2.6060821671510856 2.622985854512752 2.8792101682053763 3.3792034470083445 3.4993085940517625 3.6478831092832493 3.755532907744387 4.009977885925257 4.553564884766207 4.832920560111637 4.679897706100764 3.996632869587099 3.326713049411592 3.1078547814658086 2.835616448167395 2.3338438338526726 1.9664110506754022 1.8000431803263717 1.5073424886427835 1.4664177718724338 1.3329676084908586 1.2093037904239323 1.1870620965270031 1.1870620965270031 1.1932897708181434 1.1577030605830567 1.106991998498058 1.1007643242069178 1.1194473470803383 1.0891986433805148 1.0456049233425335 1.0224735616897271
4.808899530702954 5.378286894464341 5.571344797489687 5.299106464191273 4.557123555789715 3.9236801136051715 3.3249337138998376 2.817823093049852 2.219076693344518 1.8979066334728603 1.9156999885904036 2.425479612708021 2.7680016987207305 3.1825868729594906 3.5135432781457974 3.8525066931349983 3.995743201831222 4.160331736668498 4.683456377124273 4.958363713690318 4.745733120035675 4.368513991543756 3.794678289002982 3.1816972052036134 2.778677711791256 2.4406039645579325 2.1532412794096074 1.9477280278019817 1.8187262031997924 1.6123232838362895 1.5802952446247114 1.5509362086807648 1.457521094313662 1.3480919603407706 1.2724702010912112 1.2831462141617374 1.266242526800071 1.218200467982704 1.12834402463911 1.085639972357006 1.1265646891273557 1.123006018103847 0.9557484799989395 0.8836853917728889
6.133614819204056 6.947660815831664 6.897839421502544 6.454784879075714 5.485936692925478 4.320471932726388 3.601620385977637 2.7591050211619588 1.7155247435180407 1.2724702010912112 1.953955702093122 2.987749634422391 3.7297325428239487 4.55890289130147 5.308003141750044 5.546434100325126 5.257292079665046 4.899645641802424 4.739505445744534 4.4823914642960325 4.085599645174816 3.6834698195183364 3.426355838069835 3.1300964753627376 2.788464057105905 2.437045293534424 2.1870486541329397 2.019791116028032 1.8347402228055814 1.6906140463534802 1.7146350757621636 1.5767365736012027 1.467307439628311 1.3738923252612083 1.2582355169971766 1.2564561814854223 1.2155314647150726 1.0989849886951635 0.9673141608253426 0.8890233983081519 0.8899130660640291 0.9254997762991157 0.8596643623642053 0.7493455606354367
7.083779982480872 7.155843070706922 6.767947929144476 6.312438038135367 5.632731872645211 4.580254917442521 3.5740406855454445 2.288470778302937 1.1577030605830567 1.2964912304998948 2.934369569069761 4.5615718945691 5.1167245742364535 5.334693174426359 5.179890984903732 5.004626436995931 4.87918328341725 4.738615777988658 4.450363425084454 4.2279464861151625 3.990405195295959 3.7848919436883333 3.5304469655074633 3.141662156189141 2.822271431829238 2.528681072389772 2.283132771767674 2.094523207521714 1.9984390898869802 1.880113278355317 1.7092970692269007 1.5633915572630452 1.457521094313662 1.307167243570421 1.117668011568584 0.9993422000369208 0.9833281804311318 0.9593071510224482 0.8925820693316606 0.8000566227204351 0.7644699124853485 0.8347536651996448 0.7484558928795595 0.5883156968216692
