static/data/seaWind_vo/2023/7/15/0.asc
ncols 137
nrows 93
xllcorner 108.0
yllcorner 17.0
cellsize 0.25
NODATA_value -32767
[rows 0 to 18 of 93, columns 43 to 85 of 137]
-3.5877847492657566 -4.5486259256130985 -5.20431106169457 -5.283491491967638 -5.946293970096129 -7.166028463403727 -8.605510892412983 -10.201574846456623 -11.300314524964925 -11.896391921402628 -11.784293784162104 -10.649967395418715 -9.25674768971507 -6.338637450437959 -4.916948376546246 -3.9561072001989044 -3.785290991070488 -3.768387303708822 -3.615364449697949 -3.2159036273091 -2.1696543463975515 -0.25686867126164037 1.7039590626916377 3.058033387136687 3.6745731419595646 4.156773065644989 4.047343931672097 3.5526886594043923 2.8756514971818676 2.2858017750353055 1.8676579297730367 1.6461306585596218 1.397913354669892 0.8738990464582401 0.5758603482393889 0.5518393188307054 0.5260389539102674 0.5954330388686866 0.97443150287236 1.7253110888326897 2.3009261268852175 2.7733397052559936 3.3035816877587854
-3.4223065466726035 -4.3635750323906475 -5.236339100906148 -5.598433877548157 -6.715856578929879 -8.06014455806028 -9.645532499033393 -10.704237128527224 -11.342128909491151 -11.59123588113676 -11.103697950916072 -9.087710816098408 -7.063716671477852 -5.439183349246143 -4.798622565014583 -4.182082810191705 -3.7559319551265413 -3.809312020479171 -3.6180334529655807 -2.7443797166942017 -1.2853245970556464 1.2778082076264743 3.114082455756949 4.217270473044637 4.1576627334008665 4.5073021614605935 4.699470396730062 4.504633158192962 3.587385701883602 2.698607613762311 1.9085826465433864 1.8009328480822488 1.4272723906138385 1.0633982784600768 0.7653595802412256 1.2110831259356867 1.7297594276120756 2.2715670909412706 3.1923732182741396 3.6541107835743896 3.9325767911639433 3.975280843446047 4.221718811824022
-3.6981035509945257 -4.7283388123002865 -5.803057461399906 -6.92314916604926 -7.804809912123533 -8.803017134217715 -9.964923223393296 -10.56989729738977 -10.987151474896162 -11.136615657883526 -10.738044503250554 -8.537006475210442 -6.471197946063658 -5.046839868904312 -4.907162031231596 -4.694531437576954 -4.561081274195379 -4.437417456128452 -3.4676796022223386 -1.8484842865258932 0.21999324588852165 2.5446950919955613 4.306237248632353 5.486826360681356 6.005502662357744 6.47524723746089 6.43699152395817 5.413873604699427 4.556233888033837 3.7768849338854387 3.061592058160196 2.2101800157857463 1.6034266062775178 1.3231812631762099 1.6710413557241823 2.1576896181889933 2.840064786946781 3.622972412118689 4.291112896782442 4.271540206153144 4.110510342339377 4.037557586357449 4.625627972992257
-3.9267481642549575 -5.174062357994748 -6.427604226025677 -7.695380778150641 -8.405335647340621 -9.221160979479984 -9.851045750641019 -9.803003691823651 -9.840369737570493 -9.625070140648218 -9.907984487017158 -8.812803479532365 -7.426701115875737 -5.436514345978511 -5.1918557131122895 -5.238118436417903 -5.311071192399831 -4.313753638061526 -2.586908523903943 -0.716826901050136 1.5464878699013789 3.3133680330734343 4.896086970778915 6.010840668893007 6.960116164413945 7.185202106650868 6.653180788636323 5.2964374609236415 4.7466227877915514 4.319582264970511 3.765319253059036 2.622985854512752 2.2849121072794283 2.183489983109431 2.0464811487043475 1.7226420855650582 2.255553071335482 3.221732254218086 3.905886758487628 4.2831058869795475 4.7822094980266385 5.162097629786189 5.916535886770028
-4.4472038014431 -5.673165969041838 -6.905355810931717 -7.97206745022844 -8.58771753729544 -8.750526736620962 -8.927570620040518 -8.885756235514291 -8.506757771510618 -8.235409105968081 -7.972957117984317 -8.489854084148952 -7.406238757490561 -6.27280203650305 -5.739001382976749 -5.658931284947803 -5.102888937524574 -3.7070002285532975 -1.9009746841226467 0.236896933250188 2.4833080168400365 4.019764231239906 5.233271050256363 6.325783054473525 7.007268555475434 6.72613354461825 6.062441398733883 5.223484704941713 4.834699895623391 4.3827486756377905 3.7911196179794735 3.019777673633969 2.808036747735203 2.9174658817080945 2.717290636635732 2.543805424239684 2.522453398098632 3.004653321784057 3.485963577713605 5.233271050256363 6.263506311562123 6.751933909538687 7.040186262442891
-5.133137641224398 -6.005012041984022 -7.177594144230129 -7.851962303185022 -8.243416115770977 -8.406225315096497 -8.105517613610015 -8.05035821274563 -7.745202172479763 -7.730967488385728 -7.404459421978807 -7.884880010152477 -7.8928870199553725 -6.953397869749082 -6.29148505937647 -5.391141290428775 -4.671400075924147 -2.8893955609021797 -0.7444066014823281 1.4068100322286636 3.2057182346122968 4.199477117927094 5.4209909467464445 6.412080826793609 6.806203642647196 6.3791631198261545 5.513516393357671 4.889859296487776 4.581144585198398 4.32936861028516 3.816030315144034 3.2929056746882592 3.2822296616177336 3.372086104961327 3.541122978577989 3.2003802280770337 3.1781385341801047 2.3382921726320585 2.9744046180842334 4.862279596055584 6.885384072920264 6.999261545672541 6.963674835437454
-5.642917265342014 -6.517460669369271 -7.067275342501361 -7.484529520007753 -7.887549013420109 -8.282561497029572 -8.13220764628633 -7.926694394678705 -7.676697755277221 -7.650007722600906 -7.550364933942662 -7.605524334807047 -7.613531344609942 -6.946280527702065 -5.948073305607883 -5.045060533392558 -3.4134098691138317 -1.5219762201189728 0.56607400292474 2.103419885080486 3.730622210579826 4.665663022006729 5.493054034972495 6.440550194981679 6.661187798439217 5.713691638430033 4.845375908693917 4.4476944218168235 4.34182395886744 4.0882686484424475 4.440577079769806 4.30089924209709 4.257305522059109 3.8124716441205253 3.8373823412850863 3.332051055946855 2.6043028316393313 1.854312913434879 2.6060821671510856 4.12830369745692 6.160304851880372 5.8747215022438 5.369390216905569
-5.7612430768736775 -6.442728577875588 -7.050371655139694 -7.273678261864864 -7.638442041774502 -8.167794356521417 -8.502309432731233 -8.11708329443642 -7.827941273776339 -7.61086234134231 -7.504991878392927 -7.35997603418495 -6.77190564755014 -5.977432341551831 -4.686524427774058 -3.344015784155413 -1.8137872440466842 -0.11185282705366184 1.372112989749454 2.7439806693120468 4.072254628836658 5.03932347947514 5.666539247368544 6.283968669947297 6.4699092309256265 5.585579481583721 4.699470396730062 4.305347580876477 4.1478763880862175 4.301788909852968 4.875624612393741 4.957474045934441 4.6567663444479575 4.232394824894548 3.6683454676684244 2.7048352880534514 2.114095898151012 2.08028852342768 2.584730141010034 3.6834698195183364 4.510860832484102 4.4174457181169995 4.5677995688602415
-5.222104416812114 -5.908038256593411 -6.596641099642339 -6.942721856678556 -7.36264503745258 -8.015661170266421 -8.30836186195001 -7.994309144125369 -7.577054966618977 -7.141117766239166 -6.4800946236224295 -5.887575898208237 -4.98456312599291 -4.065536334171796 -2.6029225435097323 -1.607384324683181 -0.224840632050062 0.8142913068144699 2.056267494018996 3.2235115897298403 4.204815124462357 5.20569134982417 5.634511208156965 5.906749541455378 5.989488642751955 5.703905293115384 5.311561812773553 4.816016872749971 4.981495075343124 4.942349694084529 5.474371012099075 4.614951959921731 4.440577079769806 3.981508517737187 3.220842586462209 2.495763365422317 2.368540876331882 2.571385124671876 2.0527088229954873 2.0073357674457517 2.6452275484096814 3.3854311212994848 4.4726051189813845
-4.229235201253195 -4.835988610761422 -5.707863011521049 -6.238994661779717 -6.7452156148738265 -6.988094912228293 -6.706070233615231 -6.4107005386640115 -5.9961153644252505 -5.408934645546319 -4.495245860260468 -3.7870703265822425 -2.8128841338967434 -1.803111230976158 -0.9819478923015321 -0.22573029980593917 0.41749948769325296 1.117668011568584 2.2822431040117968 3.3133680330734343 4.280436883711916 5.017971453334088 5.413873604699427 5.598034830166002 5.839134792008714 5.974364290902043 6.089131431410198 6.840011017370527 7.332886954126479 7.336445625149988 6.101586779992479 4.914769993652337 3.7172771942416682 3.1816972052036134 2.594516486324683 2.35341652448197 2.410355260858109 2.4085759253463546 2.057157161774873 1.83829889382909 1.8898996236699657 2.4041275865669687 4.101613664780605
-3.094908812509806 -4.022832281889691 -4.750580506197215 -5.125130631421502 -5.0317155170543995 -4.503252870063362 -3.678530860365228 -3.2016689432150662 -2.816442804920252 -2.367160588202282 -1.8271322603848419 -1.3422633334317848 -0.9810582245456549 -0.5549073694804916 -0.4766166069633009 -0.0647004359921719 0.5562876576100912 1.355209302387788 2.331174830585041 3.316926704096943 4.104282668048237 4.611393288898222 5.042882150498649 5.35960387159092 5.701236289847753 6.341797074079313 7.2279061589329725 8.127360260124789 8.702975298177318 8.77414871864749 7.374701338652706 5.99749565255485 4.6024966113394505 3.337389062482118 2.867644487378973 2.510887717272229 2.0073357674457517 1.3534299668760337 1.4477347489990133 1.5020044821075205 1.5349221890749758 1.7635668023354079 4.1131793456070085
-1.8182355828260701 -2.497052080560349 -3.0192870532602467 -3.1376128647919095 -2.7995391175585858 -2.071790893251063 -1.5255348911424815 -1.1073910458802128 -0.7817726472291691 -0.5753697278656662 -0.5887147442038239 -0.5059756429072473 -0.4792856102309324 -0.44725757101935404 -0.33160076275532235 0.27337331124115183 1.0936469821599006 1.9210379951256666 2.618537515733366 3.342727069017381 3.9334664589198205 4.354279307449721 4.863169263811461 5.405866594896533 6.035751366057568 6.931646796225875 7.796403854938482 8.33465284724417 8.561518124992848 8.609560183810215 8.321307830906012 7.031289584884119 5.34714852300864 3.8382720090409634 3.189704215006508 2.321388485270392 1.3285192697114727 0.5011282567457067 0.5634049996571084 1.017135555154464 1.5651708927747996 2.1060888883481175 3.7804436049089474
-0.9659338726957429 -1.253296557844068 -1.4241127669724847 -1.3378149946523994 -1.033548622142408 -0.6883575328620668 -0.5291070045600534 -0.2435236549234827 -0.09939747847138136 0.010921323257387261 0.05006670451598261 0.206648229550364 0.3187463667908874 0.38814045174930634 0.7377798798090334 1.3053879080586666 1.9833147380370684 2.655903561480207 3.052695380601424 3.4281351735815893 3.9147834360464 4.493067477366559 5.1167245742364535 5.816003430355908 6.646063446589306 7.430750407272967 7.980565080405057 8.44141297794943 8.706533969200827 8.536607427828287 7.2279061589329725 5.899632199408361 4.43612874099042 3.2030492313446652 2.4032379188110915 1.1737170801888457 0.07675673719229748 -0.27911036515856935 0.370347096631763 1.5331428535632214 3.0704887357189676 3.5980617149541283 4.310685587411739
-1.2346135349706477 -1.3938640632726607 -1.3395943301641533 -1.2790969227645062 -1.0958253650538095 -0.731951252900048 -0.2933450492526042 0.011810991013264438 0.1514888286859799 0.17106151931527735 0.40326480359921835 0.6212334037891245 0.9699831640929741 1.144358044244899 1.4272723906138385 1.784029160720583 2.372989215111268 2.801809073444063 3.1683521888654558 3.586496034127725 4.154104062377358 4.760857471885586 5.490385031704864 6.320445047938262 7.14694639314815 7.531282863687087 7.654946681754014 8.030386474734177 8.05173850087523 7.8035211969855 6.454784879075714 5.065123844395577 3.665676464400793 2.7199596399033634 1.6674826847006738 0.7431178863442964 0.7822632676028918 1.2849255496734917 2.2066213447622376 3.5775993565689532 4.954805042666809 4.691463386927167 4.483281132051911
-1.7461724946000188 -1.97214810459282 -1.9036436873902782 -1.6767784096415999 -1.4588098094516941 -1.1910198149326665 -0.7194959043177676 -0.42501587712242506 -0.3342697660229539 -0.2844483716938324 -0.04868641638638316 0.35433307702597405 0.7173175214238585 1.1719377446770913 1.5206875049809412 1.8765546073318082 2.3347335016085498 2.824940435096869 3.3400580657497496 3.92101111033754 4.490398474098928 4.980605407587246 5.732374661303454 6.510833947695975 6.943212477052279 7.26349286916806 7.475233795066826 7.471675124043317 7.4378677493199845 7.581993925772085 6.453895211319837 5.044661486010403 3.6345380929450917 2.54202608872793 1.9459486922902274 2.171924302283028 2.3471888501908302 3.0260053479251092 3.8622930384496468 5.074020521954349 5.2359400535239935 4.8115685339705845 4.707477406532956
-1.9214370425078209 -2.1047086002185176 -2.0290868409689584 -1.8040008987320353 -1.687454422712126 -1.52286588787485 -1.0442246352129336 -0.6029494282978587 -0.5068653106631245 -0.44280923223996815 -0.3262627562200593 0.07853607270405183 0.6114470584744756 1.144358044244899 1.5633915572630452 2.05181915523961 2.511777385028106 3.1247584688274745 3.736849884870966 4.319582264970511 4.804451191923567 5.301775467458905 5.957460603540377 6.455674546831592 6.889832411699649 6.940543473784647 7.076662640433854 7.0748833049221 7.14694639314815 7.394274029282004 6.523289296278255 5.504619715798899 4.092716987221833 3.1443311594567724 3.444149193187378 3.6630074611331613 3.4094521507081685 3.630979421921583 4.32936861028516 4.743064116768043 4.903204312825933 4.603386279095328 4.821354879285234
-1.505962200513184 -1.5255348911424815 -1.490837848663272 -1.6091636601949353 -1.4926171841750264 -1.3840777179580117 -0.8075730121496072 -0.36540813747865464 -0.18213657976795794 -0.1287565144153282 -0.01754804493068196 0.5037972600133382 1.037597913539639 1.6336753099773413 2.124771911221538 2.6140891769539802 3.033122689972126 3.635427760700969 4.211042798753496 4.705698071021202 5.192346333486013 5.840914127520469 6.207457242941861 6.706560853988952 6.909405102328947 6.811541649182459 6.877377063117368 6.950329819099297 7.022392907325347 7.065986627363328 7.065986627363328 6.0446480436163395 5.131848926086366 4.3026785776088445 4.740395113500412 4.418335385872877 4.163890407692007 3.7226152007769313 4.231505157138671 4.646979999133309 4.566020233348487 4.316913261702879 4.70925674204471
-0.9659338726957429 -0.651881154871103 -0.7648689598675031 -0.9330161657282878 -0.8031246733702213 -0.6011700927861043 -0.015768709418927607 0.08565341475106925 0.24579361080895978 0.4059338068668499 0.8721197109464858 1.4157067097874352 1.9415003535108415 2.526901736878018 2.9895289699341454 3.326713049411592 3.735070549359212 4.114069013362886 4.62117963421287 5.123841916283471 5.644297553471614 6.370266442267383 6.641615107809919 7.037517259175258 7.229685494444727 7.083779982480872 7.24747884956227 7.334666289638234 7.3827083484555995 7.2528168560975335 7.6727400368715575 6.787520619773774 5.932549906375817 5.131848926086366 5.237719389035748 4.840037902158654 4.202146121194725 3.863182706205524 4.373851998079019 4.574027243151381 4.459260102643226 4.190580440368322 5.177221981636102
-0.21950262551479938 -0.07982478784208391 -0.1919229250826069 0.02337667183966774 0.26447663368238006 0.571412009460003 0.7564629026824539 0.7867116063822777 1.0109078808633238 1.3605473089230509 2.0785091879159254 2.5366880821926667 3.037571028751512 3.3694171016936956 3.57226135003369 3.9138937682905226 4.2226084795799 4.484170799807787 4.984164078610755 5.428108288793462 5.923653228817045 6.611366404110095 7.075772972677978 7.444985091367002 7.7625964802151515 7.836438903952956 8.094442553157334 8.08643554335444 8.046400494339967 8.421840287320132 8.526821082513639 7.309755592473673 5.687001605753718 5.03932347947514 5.008185108019439 4.1131793456070085 3.2929056746882592 3.687028490541845 4.449473757328578 4.546447542719189 4.557123555789715 4.733277771453395 6.159415184124494
