static/data/seaWind_vo/2023/7/15/12.asc
ncols 137
nrows 93
xllcorner 108.0
yllcorner 17.0
cellsize 0.25
NODATA_value -32767
[rows 57 to 75 of 93, columns 0 to 42 of 137]
-2.146522984744745 -1.7853178758586146 -1.8333599346759812 -2.3128908550937752 -2.5975845369744692 -2.275524809346934 -2.8030977885820945 -2.255952118717637 -1.7319378105059848 -1.2123718410737183 -1.1216257299742476 -1.3698430338639773 -1.5193072168513413 -1.5468869172835338 -2.07268056100694 -1.6563160512564252 -1.215930512097227 -1.5940393083450237 -2.4490100217429815 -2.457017031545876 -2.1999030500973746 -1.5895909695656378 -0.9944032408838126 -0.7835519827409234 -0.7239442430971534 -1.2968902778820492 -2.032645511992467 -2.6936686546092026 -2.760393736299991 -2.3787262690286854 -1.941899400892996 -2.9089682515314776 -3.4018441882874284 -2.9739139977105107 -2.0442111928188704 -1.4063194118549411 0.18796520667694372 0.639916426662545 0.7386695475649105 0.6132263939862299 0.460203539975357 0.13280580581255919 -0.23106830634120223
-2.186558033759217 -1.797773224440895 -1.7817592048351059 -2.0593355446687824 -2.1358469716742188 -2.172323349665183 -2.261290125252899 -2.0290868409689584 -1.3413736656759077 -1.325359646070119 -1.5468869172835338 -1.842256612234753 -1.650088376965285 -1.687454422712126 -1.702578774562038 -1.3938640632726607 -1.1225153977301248 -1.4214437637048531 -1.9063126906579098 -1.977486111128083 -1.7657451852293167 -1.7354964815294935 -1.4454647931135365 -1.326249313825996 -0.9659338726957429 -1.5495559205511653 -2.5041694226073665 -3.15629588766533 -3.2924150543145365 -2.9294306099166527 -2.7586144007882365 -3.290635718802782 -3.2167932950649774 -2.475700054419297 -1.5459972495276566 -0.06203143272454037 0.4949005824545665 0.9308377828343788 1.2671321945559482 1.22887648105323 1.048273926610165 0.6488131042213166 -0.1812469120120812
-2.271076470567548 -1.7248204684589674 -1.7408344880647566 -1.6945717647591434 -1.7346068137736164 -2.1652060076181656 -2.0104038180955377 -1.7310481427501077 -1.3920847277609063 -1.4169954249254673 -1.7070271133414239 -1.6714404031063372 -1.2417308770176652 -1.7541795044029134 -1.9952794662456266 -1.8947470098315065 -1.6100533279508125 -1.6171706699978299 -1.9588030882546623 -1.9765964433722059 -1.7541795044029134 -1.6269570153124788 -1.5077415360249384 -1.5335419009453761 -1.3618360240610827 -2.247055441158865 -3.091350141486297 -3.6135851141861948 -3.7328005934737347 -3.286187380023397 -3.061101437786473 -2.9988246948750716 -1.8805123257374716 -0.9356851689959194 0.1888548744328209 0.9868868514546405 0.4744382240693916 0.6843998144564034 1.0580602719248138 1.1141093405450755 0.9032580824021865 0.6843998144564034 -0.04779674863050598
-1.9739274401045743 -1.6892337582238803 -1.220378850876613 -1.193688818200298 -1.5504455883070425 -1.9801551143957146 -2.077128899786326 -1.6572057190123024 -1.47571349681336 -1.6438607026741447 -1.9009746841226467 -1.5495559205511653 -1.236392870482402 -1.8636086383758053 -1.9063126906579098 -1.8395876089671215 -1.6999097712944065 -1.6020463181479179 -2.1838890304915854 -2.117163948800798 -1.9748171078604515 -1.71770312641195 -1.597597979368532 -2.0308661764807128 -1.677668077397477 -2.4997210838279806 -3.0175077177484924 -3.5175009965514605 -3.0931294769980515 -2.5326387907954353 -2.222144743994304 -1.3395943301641533 -0.2444133226793599 0.7137588504003498 1.7875878317440914 1.195958774085775 0.5162526085956185 0.7155381859121042 0.9726521673606057 1.0358185780278846 0.7938289484292951 0.4655415465106201 -0.3493941178728659
-1.802221563220281 -1.5513352560629197 -1.0006309151749524 -1.2168201798531042 -1.5735769499598486 -1.8395876089671215 -2.0290868409689584 -1.637633028383005 -1.5860322985421291 -1.7550691721587905 -2.0504388671100107 -1.77731086605572 -1.4250024347283614 -2.0050658115602746 -1.9490167429400134 -1.9650307625458026 -1.8262425926289647 -1.4721548257898514 -2.0504388671100107 -1.9036436873902782 -2.0006174727808896 -1.742613823576511 -1.7399448203088794 -2.1607576688387797 -1.8164562473143158 -2.172323349665183 -2.6376195859889413 -2.2399380991118476 -1.8137872440466842 -0.8618427452581146 -0.1429911985093626 0.5393839702484249 0.9539691444871852 1.913030985322772 1.8525335779231247 1.1977381095975292 0.5776396837511433 0.5642946674129856 0.788490941894032 0.9948938612575349 0.7529042316589452 0.23244859447080213 -0.8351527125817992
-1.8662776416434368 -1.3671740305963458 -1.4596994772075713 -1.7088064488531782 -1.9908311274662407 -2.1545299945476395 -1.861829302864051 -1.543328246260025 -1.373401704887486 -1.5335419009453761 -1.8493739542817704 -2.1207226198243068 -1.6171706699978299 -2.006845147072029 -2.041542189551239 -2.0539975381335194 -1.9917207952221179 -1.6260673475566016 -1.7639658497175623 -1.6429710349182676 -1.797773224440895 -1.7265998039707218 -1.7595175109381764 -1.9214370425078209 -1.8440359477465074 -1.8493739542817704 -1.7639658497175623 -1.2844349292997692 -0.3662978052345318 0.5278182894220218 1.6559170038742708 1.3899063448669975 1.5500465409248876 1.5829642478923427 1.4539624232901533 1.1221163503479699 0.5171422763514957 0.2635869659265029 0.45931387221947984 0.6888481532357891 0.5625153319012313 0.15771650297712014 -1.2221581863883673
-1.732827478261862 -1.5895909695656378 -2.067342554471677 -2.1144949455331665 -2.196344379073866 -2.685661644806309 -2.0886945806127293 -1.6198396732654614 -1.3822983824462574 -1.5246452233866044 -1.8814019934933488 -2.275524809346934 -2.012183153607292 -1.7595175109381764 -1.9205473747519437 -1.5629009368893225 -1.453471802916431 -1.5264245588983587 -1.5940393083450237 -1.732827478261862 -1.6901234259797575 -1.6269570153124788 -1.8564912963287878 -2.1402953104536047 -1.665212728815197 -1.1812334696180176 -0.7399582627029422 -0.32092474968479623 0.5251492861543903 1.1336820311743732 1.5482672054131332 1.2644631912883169 1.244000832903142 1.2982705660116491 1.2644631912883169 0.9833281804311318 0.4121614811579899 0.18796520667694372 0.46998988529000596 0.23511759773843366 -0.007761699616033457 -0.23907531614409683 -1.532652233189499
-1.7541795044029134 -1.8502636220376476 -1.697240768026775 -1.9241060457754524 -2.2630694607646533 -2.472141383395788 -2.5797911818569257 -1.9890517919544863 -1.555783594842305 -1.4917275164191492 -1.8102285730231755 -2.16698534312992 -1.9134300327049272 -1.9401200653812416 -1.655426383500548 -0.9588165306487255 -0.15544654709164307 0.12479879600966459 -0.7052612202237327 -1.3289183170936276 -1.3093456264643297 -1.6145016667301983 -1.922326710263698 -1.842256612234753 -0.7452962692382052 0.09632942782159537 0.4272858330079019 0.6568201140242111 0.7164278536679813 0.8053946292556982 0.7546835671706995 0.9895558547222718 0.8445400105142935 0.6621581205594742 0.5723016772158802 0.587426029065792 0.39080945501693787 0.053625375539491316 -0.1661225601621692 -0.5958320862508413 -0.9107744718313584 -1.0904873585185464 -1.5967083116126548
-2.0646735512040455 -1.8564912963287878 -1.902754019634401 -1.7853178758586146 -1.7968835566850179 -2.215917069703164 -2.566446165518768 -2.0237488344336954 -1.7150341231443185 -1.6509780447211622 -1.6696610675945829 -1.5993773148802863 -1.495286187442658 -1.3662843628404686 -0.9000984587608327 -0.10295614949489007 0.6924068242592978 1.0660672817277084 0.8196293133497328 0.018928333060281854 -0.7212752398295219 -1.5735769499598486 -1.882291661249226 -1.1919094826885437 -0.2435236549234827 1.4637487686048023 1.5295841825397127 1.234214487588493 0.8187396455938556 0.26447663368238006 -0.11630116583304773 -0.23551664512058812 -0.37697381830505794 -0.7123785622707501 -0.8707394228168859 -0.5291070045600534 0.010921323257387261 -0.22395096429418526 -0.5255483335365447 -0.7452962692382052 -0.7924486602996952 -0.7702069664027662 -1.0468936384805652
-1.9730377723486971 -2.0104038180955377 -1.9436787364047503 -1.9187680392401893 -2.0806875708098347 -2.516624771189647 -2.6589716121299936 -2.317339193873161 -2.2150274019472866 -2.002396808292644 -1.7844282081027374 -1.752400168891159 -1.3271389815818733 -0.9846168955691637 -0.6492121516034715 -0.3004623912996216 0.0989984310892269 0.15415783195361143 0.12212979274203306 -0.3413871080699713 -0.472168268183915 -0.5904940797155782 -0.037120735559979856 0.8320846619320132 1.5028941498633976 1.4601900975812936 1.5651708927747996 1.2253178100297213 0.714648518156227 0.08654308250694642 -0.44636790326347686 -0.6145151091242615 -0.4677199294045291 -0.5362243466070709 -0.4161191995636533 0.00024531018686113626 0.3125186924997472 -0.06736943925980343 -0.44992657428698557 -0.47394760369566935 -0.2897863782290955 -0.0237757192218222 0.013590326525018792
-1.782648872590983 -2.0504388671100107 -2.037093850771853 -2.037093850771853 -2.1687646786416743 -2.4249889923342987 -1.9009746841226467 -2.455237696034122 -1.997058801757381 -1.8867400000286119 -1.9054230229020326 -1.9588030882546623 -1.5709079466922171 -1.0504523095040739 -0.8226973639995192 -0.4935202943249668 -0.5611350437716318 -0.9205608171460073 -0.6278601254624192 -1.1073910458802128 -1.066466329109863 -0.03267239678059397 0.9281687795667473 1.6141026193480437 1.4486244167548905 1.2279868132973528 1.164820402630074 0.8552160235848196 0.364119422340623 -0.2319579740970794 -0.7177165688060132 -0.32003508192891905 -0.1251978433918195 -0.03356206453647115 0.044728697980719545 0.05006670451598261 0.11323311518326173 -0.11185282705366184 -0.1732399022091866 -0.09050080091261004 0.2707043079735203 0.51269393757211 0.804504961499821
-1.7506208333794047 -1.787097211370369 -1.7550691721587905 -1.9347820588459785 -2.1233916230919383 -1.8253529248730875 -1.4641478159869572 -2.1233916230919383 -2.365381252690528 -2.1340676361624644 -1.8894090032962434 -1.8351392701877356 -1.7862075436144917 -1.5024035294896754 -1.3173526362672243 -1.2435102125294195 -1.3618360240610827 -1.4045400763431868 -1.1269637365095102 -1.7016891068061608 -1.1554331046975799 -0.08160412335383826 1.22887648105323 1.7920361705234773 1.4068100322286636 0.8498780170495566 0.8053946292556982 0.32853271210553614 -0.23729598063234247 -0.5406726853864567 -0.9374645045076737 -0.21149561571190478 0.044728697980719545 0.028714678374930802 -0.4525955775546171 -0.5557970372363688 -0.5531280339687372 -0.5664730503068949 -0.5477900274334742 -0.1136321625654162 0.28404932431167795 0.9050374179139409 1.307167243570421
-1.752400168891159 -1.7648555174734395 -1.742613823576511 -1.7319378105059848 -1.8342496024318584 -1.4516924674046767 -1.373401704887486 -1.7755315305439656 -1.7746418627880884 -1.612722331218444 -1.437457783310642 -1.632295021847742 -1.71770312641195 -1.6607643900358111 -1.7043581100737923 -1.7693038562528254 -1.6936820970032662 -1.4116574183902042 -1.5157485458278326 -1.862718970619928 -1.1536537691858255 0.3125186924997472 1.6719310234800595 2.123882243465661 1.3569886378995422 0.6372474233949135 0.3570020802936056 -0.43302288692531965 -1.1429777561152994 -1.3404839979200305 -1.2070338345384557 -0.44369889999584533 -0.2630963455527806 -0.7515239435293455 -1.3218009750466102 -1.513079542560201 -1.4943965196867808 -1.3493806754788022 -0.9872858988367952 -0.21772329000304502 0.7128691826444726 1.435279400416733 1.7706841443824253
-1.6696610675945829 -1.7541795044029134 -1.8547119608170335 -1.6741094063739683 -1.5967083116126548 -1.3911950600050291 -1.3876363889815204 -0.9917342376161811 -0.8378217158494308 -0.562024711527509 -0.4241262093665479 -0.7737656374262749 -1.220378850876613 -1.3378149946523994 -1.5451075817717794 -1.6207293410213386 -1.2844349292997692 -1.3031179521731895 -1.640302031650636 -1.3342563236288907 -0.531776007827685 0.6532614430007024 1.6532480006066392 2.1674759635036422 1.1132196727891983 0.29828400840571234 -0.5219896625130365 -1.320911307290733 -1.9045333551461554 -2.032645511992467 -1.6064946569273038 -1.4748238290574829 -1.4454647931135365 -1.8404772767229987 -2.385843611075703 -2.4801483931986827 -2.282642151393951 -1.8733949836904542 -0.8956501199814468 0.11590211845089327 0.49934892123395236 1.0767432947982343 1.3543196346319109
-1.9054230229020326 -1.594928976100901 -1.7301584749942305 -1.6892337582238803 -1.2497378868205598 -1.1527641014299483 -0.769317298646889 -0.37252547952567205 0.10344676986861279 0.5037972600133382 0.6381370911507906 0.3125186924997472 -0.25331000023813166 -0.3956568411784782 -0.636756803021191 -0.5913837474714554 -0.32359375295242776 -0.8404907191170623 -1.1919094826885437 -0.844049390140571 0.24045560427369672 1.551825876436642 1.4539624232901533 1.8578715844583877 0.76713891575298 -0.3556217921640057 -1.1767851308386317 -1.6260673475566016 -2.0860255773450977 -2.150971323524131 -2.0442111928188704 -2.095811922659746 -2.412533643752018 -2.816442804920252 -3.116260838650858 -3.1527372166418215 -2.720358687285518 -1.9499064106958905 -0.961485533916357 -0.7141578977825045 -0.46949926491628347 -0.1509982083122572 0.32853271210553614
-1.632295021847742 -1.4250024347283614 -1.452582135160554 -1.67055073535046 -0.9392438400194281 -0.4650509261368976 -0.002423693080770395 0.30540135045272976 0.7422282185884193 0.9966731967692892 1.1132196727891983 0.7706975867764887 0.47354855631351445 0.4459688558813224 0.7057518405974554 0.8819060562611345 0.13458514132431354 -0.48106494574268677 -0.7248339108530306 -0.05046575189813751 1.0198045584220956 1.7404354406826017 1.7457734472178645 1.4521830877783992 0.4575345367077255 -0.6536604903828569 -1.3075662909525754 -1.7612968464499308 -1.93745106211361 -1.9214370425078209 -1.966810098057557 -2.317339193873161 -2.610929553312626 -3.1038054900685776 -3.47034860548997 -3.53974269044839 -3.065549776565859 -2.4392236764283326 -2.177661356200445 -2.0637838834481683 -1.4241127669724847 -0.9045467975402186 0.053625375539491316
-0.40544318649312716 -0.36540813747865464 -0.9330161657282878 -1.0059689217102155 -0.14210153075348542 0.2920563341145721 0.4459688558813224 0.5865363613099148 0.7920496129175407 0.8908027338199063 0.937065457125519 0.4655415465106201 0.11946078947440153 0.18351686789755783 0.5571773253659684 0.6666064593388599 0.06786005963352615 -0.7079302234913643 -0.6527708226269802 0.17817886136229477 1.1479167152684078 1.6007576030098862 1.1763860834564772 0.5954330388686866 -0.09405947193611874 -0.6038390960537359 -1.123405065486002 -1.5148588780719554 -1.6358536928712506 -1.6153913344860755 -2.1749923529328137 -2.751497058741219 -3.5023766447015485 -4.085109024801094 -4.4925768569928355 -4.476562837387048 -4.352899019320121 -4.219448855938547 -3.8973891283110107 -3.0192870532602467 -1.9116506971931728 -0.5255483335365447 0.5981020421363181
0.9299481150785016 0.8658920366553455 0.4904522436751808 0.08387407923931489 -0.19992993488550148 -0.16701222791804637 0.0989984310892269 0.47087955304588314 0.7537938994148223 0.7529042316589452 0.4646518787547429 0.3667884256082543 0.14259215112720813 0.012700658769141615 -0.019327380442436315 -0.11985983685655643 -0.3716358117697949 -0.9837272278132865 -1.1216257299742476 -0.441919564484091 0.4824452338722862 0.8925820693316606 0.43707217832255063 0.0020246456986154904 -0.3698564762580405 -0.7951176635673267 -1.2746485839851203 -1.6287363508242332 -1.7096961166090554 -1.9765964433722059 -2.93032027767253 -4.2185591881826685 -5.407155310034565 -6.202518283788754 -6.501446649763482 -6.370665489649538 -5.974763338284198 -5.375127270822986 -4.35645769034363 -2.9872590140486683 -1.4668168192545887 -0.0237757192218222 0.8738990464582401
0.6363577556390363 0.39970613257570964 0.1808478646299263 -0.2844483716938324 -0.8120213509289931 -0.8876431101785522 -0.6038390960537359 -0.12074950461243361 0.236896933250188 0.169282183803523 0.259138627147117 0.5651843351688628 0.4655415465106201 0.0874327502628236 -0.4534852453104943 -0.8120213509289931 -1.0255416123395134 -1.5504455883070425 -1.8191252505819473 -1.1705574565474914 -0.12341850788006514 0.5465013122954423 0.20842756506211835 -0.3262627562200593 -0.6251911221947877 -0.943692178798814 -1.1029427071008269 -1.240841209261788 -1.6856750872003716 -3.289746051046905 -4.875133992020018 -6.266574362211909 -7.272788594108986 -7.721181143071078 -7.791464895785374 -7.590399982957136 -6.648241829483215 -5.432066007199126 -3.8253260400849602 -2.237269095844216 -0.7203855720736447 0.46643121426649725 1.2093037904239323
