static/data/seaWind_vo/2023/7/15/18.asc
ncols 137
nrows 93
xllcorner 108.0
yllcorner 17.0
cellsize 0.25
NODATA_value -32767
[rows 38 to 56 of 93, columns 0 to 42 of 137]
0.06163238534238591 0.4299548362755332 0.4984592534780752 0.33209138312904485 -0.3520631211404974 -0.8280353705347818 -1.0620179903304772 -1.5522249238187968 -1.0798113454480207 -0.48373394901031785 -0.008651367371910634 0.15326816419773426 0.3454363994672023 0.3009530116733439 -0.15366721157988872 -0.7968969990790811 -1.1127290524154758 -1.0575696515510913 -1.1403087528476679 -1.2862142648115236 -1.4490234641370452 -1.427671437995993 -1.2924419391026638 -1.188350811665035 -1.2025854957590698 -1.368063698352223 -1.5967083116126548 -1.7159237909001956 -1.6474193736976535 -1.3822983824462574 -0.9935135731279354 -1.2381722059941564 -1.2862142648115236 -1.3725120371316089 -1.7461724946000188 -2.255952118717637 -1.8413669444788758 -1.109170381391967 -0.37341514728154923 -0.06914877477155779 0.011810991013264438 0.13102647030080483 0.26536630143825723
0.11590211845089327 -0.09405947193611874 -0.6349774675094366 -0.8565047387228515 -0.9650442049398658 -1.4063194118549411 -0.9552578596252168 -0.17235023445330944 0.16127517400062885 0.059853049830631555 -0.20615760917664172 -0.34672511460523436 -0.2444133226793599 -0.08961113315673286 -0.15544654709164307 -0.4979686331043527 -0.844049390140571 -1.135860414068282 -1.363615359572837 -1.4472441286252908 -1.46325814823108 -1.3413736656759077 -1.1171773911948617 -0.9116641395872356 -1.0121965960013557 -1.131412075288896 -1.156322772453457 -1.0815906809597746 -1.135860414068282 -1.1118393846595986 -1.1874611439091578 -1.4561408061840626 -1.6358536928712506 -1.5201968846072185 -2.1999030500973746 -2.1358469716742188 -1.5237555556307272 -0.7844416504968006 -0.31202807212602446 -0.5175413237336506 -0.7079302234913643 -0.8582840742346058 -0.9739408824986375
0.3036220149409754 -0.18569525079146665 -1.2541862255999452 -1.1403087528476679 -1.4018710730755553 -1.5735769499598486 -1.2230478541442444 -0.8502770644317112 -0.6251911221947877 -0.5922734152273326 -0.4935202943249668 -0.6243014544389105 -0.6082874348331218 -0.5077549784190016 -0.5344450110953165 -0.674122848768032 -1.0113069282454785 -1.3760707081551176 -1.5157485458278326 -1.5522249238187968 -1.4490234641370452 -1.305786955440821 -1.0860390197391605 -0.7132682300266273 -0.7221649075853991 -0.8734084260845174 -0.8253663672671503 -0.5593557082598775 -0.6678951744768917 -0.679460855303295 -0.7871106537644321 -1.0362176254100395 -1.4419061220900278 -1.8938573420756293 -2.2052410566326377 -1.882291661249226 -1.4098780828784498 -1.377850043666872 -1.0993840360773182 -1.131412075288896 -0.9935135731279354 -1.1385294173359135 -1.3271389815818733
-0.5193206592454049 -0.7684276308910118 -1.3547186820140653 -1.251517222332314 -1.4347887800430104 -1.5540042593305508 -1.4223334314607303 -1.1171773911948617 -1.0255416123395134 -1.1340810785565276 -0.9766098857662691 -0.6616675001857515 -0.5451210241658426 -0.5193206592454049 -0.6234117866830333 -0.8057936766378528 -1.2550758933558224 -1.6563160512564252 -1.5798046242509889 -1.5522249238187968 -1.4516924674046767 -1.2132615088295955 -0.933905833484165 -0.7533032790410998 -0.9196711493901302 -0.9588165306487255 -0.6438741450682084 -0.35384245665225134 -0.4935202943249668 -0.5718110568421575 -0.6465431483358399 -0.9152228106107443 -1.3849673857138889 -1.6919027614915119 -1.987272456442732 -1.8449256155023845 -1.9490167429400134 -1.9356717266018557 -1.8360289379436128 -1.632295021847742 -1.4543614706723083 -1.415216089413713 -1.6047153214155494
-1.1065013781243356 -1.3564980175258197 -1.168778121035737 -1.0967150328096866 -1.178564466350386 -1.1438674238711766 -1.0121965960013557 -1.0860390197391605 -1.1429777561152994 -1.2328341994588934 -1.103832374856704 -0.7880003215203093 -0.5557970372363688 -0.5646937147951405 -0.7070405557354871 -1.0121965960013557 -1.4623684804752028 -1.6749990741298455 -1.6056049891714266 -1.6411916994065132 -1.7417241558206338 -1.5024035294896754 -1.1198463944624932 -1.0584593193069685 -1.0584593193069685 -0.9347955012400422 -0.6171841123918931 -0.6972542104208381 -0.7399582627029422 -0.7070405557354871 -0.7657586276233803 -1.0353279576541623 -1.5442179140159022 -1.9036436873902782 -2.062004547936414 -1.9347820588459785 -2.0397628540394845 -2.0851359095892206 -2.1136052777772893 -2.041542189551239 -1.967699765813434 -1.9285543845548383 -1.8155665795584386
-0.8084626799054844 -1.1029427071008269 -0.9241194881695161 -0.943692178798814 -0.8725187583286402 -0.8360423803376764 -0.6785711875474179 -0.769317298646889 -0.8235870317553964 -0.6803505230591722 -0.5851560731803152 -0.8734084260845174 -0.6465431483358399 -0.6296394609741736 -0.8280353705347818 -1.1403087528476679 -1.4436854576017821 -1.6251776798007245 -1.6100533279508125 -1.7862075436144917 -1.9063126906579098 -1.762186514205808 -1.368063698352223 -1.2755382517409974 -1.1821231373738947 -1.0700250001333718 -1.0264312800953905 -1.156322772453457 -0.949030185334077 -0.9757202180103919 -1.0424452997011793 -1.7265998039707218 -2.2550624509617596 -3.40451319155506 -2.9240926033813897 -2.7479383877177104 -2.0335351797483443 -2.062004547936414 -2.077128899786326 -1.8529326253052791 -1.8013318954644038 -2.1838890304915854 -2.062004547936414
-0.20170927039725584 -0.4970789653484755 -0.8271457027789046 -0.9036571297843414 -0.7568619500646085 -0.5291070045600534 -0.3716358117697949 -0.3965465089343554 -0.3858704958638297 -0.19815059937374713 -0.5397830176305796 -0.828925038290659 -0.5086446461748788 -0.40277418322549563 -0.6545501581387341 -1.1945784859561752 -1.4979551907102895 -1.6572057190123024 -1.6741094063739683 -1.9169887037284359 -1.9080920261696641 -1.7630761819616851 -1.5121898748043239 -1.3271389815818733 -1.3920847277609063 -1.272869248473366 -1.2274961929236303 -1.246179215797051 -1.023762276827759 -1.2150408443413498 -1.4730444935457285 -2.158088665571148 -3.2568283440794503 -4.789725887455811 -4.032618627204341 -3.364478142540588 -2.6482955990594674 -2.112715610021412 -1.9152093682166815 -1.3271389815818733 -1.283545261543892 -1.6669920643269514 -1.8538222930611563
-0.7034818847119784 -0.5913837474714554 -0.8351527125817992 -0.5735903923539118 -0.2034886059090102 0.0874327502628236 0.047397701248351076 0.005583316722124199 -0.6750125165239091 -0.8983191232490784 -1.003299918442584 -0.7968969990790811 -0.33871810480233977 -0.009541035127787811 -0.29512438476435854 -0.8849741069109207 -1.3387046624082766 -1.5237555556307272 -1.8315805991642278 -2.291538828952723 -2.166095675374043 -1.9063126906579098 -1.6572057190123024 -1.4516924674046767 -1.2319445317030162 -0.9597061984046027 -0.8956501199814468 -1.008637924977847 -1.2853245970556464 -1.199026824735561 -1.7257101362148446 -2.601143207997978 -3.6233714595008437 -4.32798832215556 -3.9925835781898678 -3.525508006354355 -2.8484708441318305 -2.201682385609129 -1.560231933621691 -0.8956501199814468 -0.8627324130139917 -0.9970722441514437 -1.0718043356451261
-0.7728759696703977 -0.6287497932182964 -0.3591804631875144 0.16038550624475167 0.8178499778379784 1.0037905388163066 0.6950758275269293 -0.07715578457445238 -0.9428025110429368 -1.0531213127717054 -0.9347955012400422 -0.7479652725058368 -0.6358671352653138 -0.255089335749886 -0.25331000023813166 -0.4899616233014581 -0.9952929086396898 -1.5166382135837098 -1.8831813290051032 -2.317339193873161 -2.416092314775527 -2.1999030500973746 -1.7248204684589674 -1.3378149946523994 -1.0273209478512677 -0.956147527381094 -0.949030185334077 -1.008637924977847 -1.235503202726525 -1.3662843628404686 -2.001507140536767 -2.805766791849726 -3.5237286708426008 -4.322650315620297 -3.908065141381537 -3.4214168789167263 -2.657192276618239 -1.7194824619237044 -0.9356851689959194 -0.3493941178728659 -0.5184309914895278 -0.5415623531423339 -0.04156907433936574
-0.6999232136884697 -0.10295614949489007 0.6941861597710521 0.7537938994148223 0.8116223035468384 0.5918743678451779 0.12568846376554177 -0.49618929759259833 -1.0700250001333718 -1.4018710730755553 -1.3226906428024874 -1.2266065251677531 -1.3182423040231015 -1.5522249238187968 -2.0148521568749236 -2.0486595315982563 -1.7452828268441425 -1.4979551907102895 -2.2684074672999164 -2.6536336055947305 -2.705234335435606 -2.3475878975729843 -1.6847854194444944 -1.0531213127717054 -1.1803438018621404 -1.1589917757210886 -1.235503202726525 -1.3600566885493284 -1.1581021079652114 -1.6687713998387057 -2.12606062635957 -2.5949155337068377 -3.0228457242837554 -3.3671471458082194 -3.1215988451861203 -2.5691151687863996 -1.737275817041248 -0.816469689708379 -0.18302624752383512 0.4344031750549191 0.6043297164274581 0.8916924015757834 1.345422957073139
-0.6323084642418051 -0.3458354468493572 0.08209474372756054 -0.10028714622725854 -0.4223468738547935 -0.7426272659705737 -0.7755449729380293 -0.8075730121496072 -1.2942212746144182 -1.0495626417481967 -0.6634468356975058 -0.24886166145874578 -0.27911036515856935 -1.2194891831207357 -1.2435102125294195 -1.3920847277609063 -1.6465297059417763 -1.952575413963522 -2.6990066611444656 -3.021066388772001 -3.0539840957394557 -2.545983807133593 -1.7185927941678272 -0.9641545371839886 -0.9570371951369712 -1.1269637365095102 -1.1385294173359135 -1.0264312800953905 -1.3725120371316089 -1.9961691340015038 -2.1242812908478155 -2.0842462418333434 -2.291538828952723 -2.7675110783470083 -2.844912173108322 -2.3280152069436872 -1.5344315687012533 -0.636756803021191 0.20842756506211835 0.7431178863442964 1.1452477120007762 1.3463126248290163 1.38278900281998
0.14615082215071684 -0.016658377174804784 -0.3938775056667243 -0.7426272659705737 -0.9917342376161811 -1.2417308770176652 -1.2141511765854727 -0.9677132082074973 -1.2443998802852967 -1.131412075288896 -0.7897796570320637 -0.786220986008555 -0.5860457409361923 -1.055790316039337 -1.1741161275710001 -1.135860414068282 -1.1198463944624932 -1.8716156481786999 -2.621605566383152 -2.7586144007882365 -3.031742401842527 -2.610039885556749 -1.8244632571172104 -1.1696677887916143 -0.9570371951369712 -1.1492054304064396 -1.1794541341062632 -1.3689533661081001 -1.8351392701877356 -2.2995458387556176 -2.062004547936414 -1.7443931590882653 -1.9054230229020326 -2.216806737459041 -2.3698295914699137 -2.206130724388515 -1.5086312037808156 -0.4321332191694425 0.19775155199159267 0.51269393757211 0.6274610780802645 0.4655415465106201 0.6728341336300001
0.2920563341145721 0.0349423526660706 -0.5958320862508413 -0.871629090572763 -1.0433349674570565 -1.056679983795214 -0.9428025110429368 -1.1002737038331953 -1.2853245970556464 -1.2417308770176652 -1.1323017430447733 -1.0575696515510913 -0.896539787737324 -1.056679983795214 -1.1847921406415263 -1.0682456646216174 -1.1714471243033686 -1.7959938889291407 -2.211468730923778 -2.0949222549038686 -2.7096826742149918 -2.441892679695964 -1.6883440904680032 -0.8129110186848703 -0.8867534424226751 -1.076252674424512 -1.1972474892238067 -1.6661023965710742 -2.1954547113179887 -2.366270920446405 -2.086915245100975 -1.7595175109381764 -1.723041132947213 -1.9116506971931728 -1.892967674319752 -1.7986628921967722 -1.3048972876849438 -0.4801752779868096 -0.14832920504462566 -0.31647641090541034 -0.4072225220048815 -0.48462361676619503 -0.049576084142260335
-0.5353346788511937 -0.6856885295944353 -0.816469689708379 -1.0842596842274062 -0.9081054685637273 -0.8734084260845174 -0.80668334439373 -1.4570304739399398 -1.5620112691334453 -1.0753630066686348 -0.9401335077753052 -0.7684276308910118 -0.679460855303295 -0.7719863019145206 -0.9944032408838126 -0.9000984587608327 -1.2435102125294195 -1.7817592048351059 -1.9463477396723818 -1.6678817320828285 -2.3182288616290383 -2.517514438945524 -1.7648555174734395 -0.8751877615962718 -1.1171773911948617 -1.0922666940303007 -1.3885260567373976 -1.857380964084665 -2.166095675374043 -2.237269095844216 -1.9436787364047503 -1.737275817041248 -1.7070271133414239 -1.9650307625458026 -1.9650307625458026 -1.6287363508242332 -1.113618720171353 -0.28622770720558677 -0.06914877477155779 -0.24530299043523707 -0.604728763809613 -0.7292822496324165 -0.4597129196016345
-1.4828308388603775 -1.3840777179580117 -1.3983124020520465 -1.1429777561152994 -0.9668235404516201 -0.9525888563575857 -0.9668235404516201 -1.5219762201189728 -1.4294507735077473 -0.9428025110429368 -0.42946421590181094 -0.2364063128764653 -0.10651482051839878 -0.367187472990409 -0.6696745099886461 -1.055790316039337 -1.3983124020520465 -1.5735769499598486 -1.7897662146380005 -1.6242880120448473 -2.082466906321589 -2.281752483638074 -1.7532898366470362 -0.9783892212780234 -1.296000610126172 -1.3271389815818733 -1.687454422712126 -2.111825942265535 -2.42143032131079 -2.0646735512040455 -1.8395876089671215 -1.6936820970032662 -1.8858503322727347 -2.1447436492329905 -2.0095141503396605 -1.5967083116126548 -0.881415435887412 -0.0531347551657686 0.24401427529720543 0.35433307702597405 -0.005092696348401926 -0.3227040851965506 -0.29779338803199007
-1.772862527276334 -1.7283791394824761 -1.6749990741298455 -1.400091737563801 -1.1145083879272302 -1.146536427138808 -1.188350811665035 -1.3129042974878384 -1.2497378868205598 -0.5202103270012821 -0.00687203186015628 -0.06736943925980343 0.04028035920133366 -0.3778634860609351 -0.754192946796977 -1.1296327397771417 -0.9819478923015321 -1.0451143029688108 -1.4063194118549411 -1.6189500055095842 -1.9018643518785239 -1.6340743573594962 -1.0744733389127576 -0.7328409206559252 -1.0602386548187228 -1.4641478159869572 -2.3849539433198257 -2.7692904138587626 -2.57534284307754 -2.07268056100694 -1.9063126906579098 -1.9454580719165047 -2.2301517537971987 -2.251503779938251 -2.0886945806127293 -1.5121898748043239 -0.7141578977825045 -0.02733439024533091 0.274262978997029 0.4121614811579899 0.6105573907185984 0.3267533765937818 0.21643457486501294
-1.5887013018097607 -2.053107870377642 -1.852042957549402 -1.6741094063739683 -1.3769603759109947 -1.3983124020520465 -1.4828308388603775 -1.6678817320828285 -0.9347955012400422 -0.20437827366488737 -0.1465498695328713 -0.4267952126341794 -0.6714538455004004 -0.7452962692382052 -0.9036571297843414 -0.6572191614063656 -0.38764983137558406 -0.472168268183915 -0.8769670971080261 -1.3324769881171363 -1.3342563236288907 -1.1225153977301248 -0.8520563999434656 -0.42946421590181094 -0.8582840742346058 -1.4783825000809916 -2.5877981916598203 -2.941885958498933 -2.6785443027592915 -2.2052410566326377 -1.8787329902257173 -2.2257034150178128 -2.5735635075657854 -2.5130661001661383 -2.077128899786326 -1.47571349681336 -0.8351527125817992 -0.4383608934605827 -0.239964983899974 0.1772891936064176 0.5011282567457067 0.4940109146986893 0.4860039048957949
-1.6394123638947589 -1.607384324683181 -1.5673492756687084 -1.6883440904680032 -1.8529326253052791 -2.036204183015976 -2.0237488344336954 -1.9383407298694872 -1.2595242321352083 -1.326249313825996 -1.6260673475566016 -1.5344315687012533 -1.3218009750466102 -0.8146903541966246 -0.4792856102309324 -0.19815059937374713 -0.21772329000304502 -0.6198531156595246 -0.943692178798814 -1.4125470861460814 -1.1767851308386317 -0.9543681918693396 -0.8413803868729395 -0.9089951363196045 -1.4232230992166075 -1.7951042211732635 -2.765731742835254 -3.1287161872331377 -2.666978621932888 -1.9338923910901014 -1.6091636601949353 -1.9000850163667695 -2.3840642755639485 -2.2194757407266725 -1.7016891068061608 -1.2488482190646826 -0.7346202561676796 -0.6234117866830333 -0.4801752779868096 0.013590326525018792 0.20308955852685573 0.02337667183966774 0.1772891936064176
-1.9543547494752764 -2.057556209157028 -1.9258853812872068 -1.7212617974354587 -1.6233983442889701 -1.7194824619237044 -1.7684141884969482 -1.3324769881171363 -1.1153980556831073 -1.31557330075547 -1.7515105011352818 -2.0130728213631692 -1.5157485458278326 -1.1919094826885437 -1.325359646070119 -1.4436854576017821 -1.452582135160554 -1.3493806754788022 -0.9926239053720582 -0.9970722441514437 -1.1536537691858255 -1.0121965960013557 -0.9116641395872356 -1.1741161275710001 -1.2719795807174887 -1.650088376965285 -2.789752772243937 -3.144730206838927 -2.4881554030015773 -1.5451075817717794 -1.6420813671623904 -1.1376397495800363 -1.1723367920592458 -0.9481405175781998 -0.3965465089343554 0.18796520667694372 0.34988473824658817 0.3080703537203613 0.19775155199159267 -0.020217048198313492 -0.31291773988190164 -0.4801752779868096 -0.3556217921640057
