static/data/seaWind_vo/2023/7/15/6.asc
ncols 137
nrows 93
xllcorner 108.0
yllcorner 17.0
cellsize 0.25
NODATA_value -32767
[rows 0 to 18 of 93, columns 43 to 85 of 137]
-2.387622946587457 -3.0023833658985803 -3.074446454124631 -2.2933181644644773 -1.6945717647591434 -1.6020463181479179 -0.7737656374262749 -1.093156361786178 -2.3947402886344746 -4.182972477947581 -5.523701786054474 -6.170490244577175 -6.316395756541031 -5.305733185864568 -4.7621461870236175 -4.27460825680293 -3.9970319169692536 -4.1536134420036355 -4.271939253535299 -3.974790223072325 -3.2675043571499764 -1.7764211982998428 -0.07537644906269803 1.8605405877260193 2.7582153534060816 3.456604541769658 3.8818657290789442 3.8747483870319273 3.630979421921583 3.1719108598889645 2.504660042981089 1.9904320800840858 1.3596576411671737 1.0100182131074467 1.7226420855650582 2.897893191078797 3.237746273823875 3.1879248794947537 3.901438419708242 6.163863522903879 8.318638827638381 9.439620200043612 9.831963680385442
-3.0922398092421743 -3.1740892427828737 -2.171433681909306 0.990445522478149 1.6283373034420783 1.111440337277444 -0.15277754382401154 -1.4312301090195017 -3.259497347347082 -5.12602029917738 -5.947183637852007 -6.0610611106042835 -5.762132744629556 -5.049508872171943 -4.704317782891602 -4.200765833065125 -3.7203452448914542 -3.8004153429204 -4.198986497553371 -4.066426001927672 -3.2078966175062056 -0.8636220807698689 1.165710070385951 2.857858142064324 2.9486042531637953 3.3507340788202753 3.650552112550881 3.8943210776612247 3.646103773771495 3.3044713555146625 2.9806322923753736 2.9788529568636193 2.5349087466809124 2.3898929024729343 3.2395256093356295 5.108717564433559 6.1745395359744055 6.528627302813518 7.531282863687087 8.947633931043539 10.121105701045522 10.378219682494024 10.3168326073385
-3.2363659856942752 -2.946334297278319 -1.876953654713963 0.5963227066245638 0.9824385126752546 0.10077776660098126 -1.7034684423179152 -2.780856094685165 -4.222117859206177 -5.698076666206399 -6.527247014683919 -6.25056034260612 -5.648255271877277 -4.801291568282213 -4.76481519029125 -4.473004166363539 -4.049522314566007 -3.468569269978216 -3.0931294769980515 -2.5237421132366635 -1.807559569755544 -0.3698564762580405 0.9014787468904322 2.070502178113031 3.0873924230806336 4.219049808556392 4.73149843594164 4.158552401156744 3.6443244382597406 3.3044713555146625 3.1825868729594906 3.5784890243248304 3.1203101300480887 2.777788044035379 3.15144850150379 4.735946774721025 5.926322232084676 6.741257896468163 7.980565080405057 9.230548277412478 10.170037427618768 10.306156594267973 10.179823772933416
-1.0815906809597746 -0.19281259283848406 0.7217658602032444 0.32764304434965896 -0.3832014925961982 -1.3218009750466102 -2.4525686927664903 -3.200779275459189 -4.381368387508191 -5.526370789322105 -6.758560631211983 -6.917811159513997 -6.353761802287872 -4.983673458237034 -4.62335801710678 -4.106461050942146 -3.580667407218739 -2.4525686927664903 -1.5637906046451997 -0.9419128432870596 -0.6767918520356635 -0.292455381496727 0.7271038667385075 1.8578715844583877 3.6274207508980743 4.405880037290597 4.395204024220071 3.561585336963164 3.5793786920807076 3.7057115134152654 3.756422575500264 3.82047865392342 3.3560720853555384 2.961949269501953 2.5722747924277534 2.8462924612379212 3.788450614711842 4.880962618929004 6.515282286475362 8.145153615242332 9.663816474524658 10.105091681439733 9.775914611765181
0.9192721020079757 1.4272723906138385 0.48867290816342646 -0.6403154740446997 -1.4694858225222198 -2.1847786982474626 -2.8991819062168287 -3.5762190684393533 -4.207883175112142 -5.181179700041763 -6.093089149815862 -7.01389527714873 -6.5904134253511995 -5.319967869958603 -4.070874340707059 -3.449886247104796 -2.5103970968985068 -1.677668077397477 -1.0584593193069685 -0.9098848040754817 -0.7577516178204857 -0.3636288019669003 0.6808411434328947 2.029577461342681 3.800905963294122 3.916562771558154 3.6959251681006164 3.6292000864098286 4.182573430565427 4.28844389351481 4.144317717062709 4.114958681118763 3.889872738881839 3.8667413772290327 3.66033845786553 3.940583800966838 3.9468114752579777 4.408549040558228 5.228822711476976 7.0739936371662235 8.708313304712581 9.378233124888087 8.850660145652927
1.7706841443824253 0.4833349016281634 -0.5673627180627716 -1.7034684423179152 -2.5077280936308752 -3.224800304867872 -3.261276682858836 -3.7363592644972434 -4.402720413649243 -5.228332091103255 -5.9107072598610415 -6.649131497239091 -6.438280239096203 -5.3270852120056205 -4.118026731768548 -3.166082232979979 -2.261290125252899 -1.632295021847742 -1.3725120371316089 -1.2239375219001216 -1.0379969609217938 -0.5433416886540883 0.5153629408397415 2.197724667203466 3.8978797486847334 3.916562771558154 3.47172889361957 3.472618561375447 4.042895592892712 4.294671567805951 4.190580440368322 4.366734656032001 4.6567663444479575 4.663883686494975 4.707477406532956 4.965481055737335 4.970819062272598 4.07492363210429 4.111400010095254 5.947674258225728 7.750141131632871 8.470772013893376 7.92629534729655
0.7110898471327183 -0.5798180666450521 -1.6420813671623904 -2.74171071342657 -3.5815570749746164 -4.254145898417756 -4.349340348296613 -4.5735366227776595 -4.6722897436800235 -5.46231471089895 -5.861775533287798 -5.8929139047435 -5.681172978844733 -5.260360130314833 -4.317312309085034 -3.360919471517079 -2.6127088888243803 -2.078018567542203 -1.8137872440466842 -1.553114591574674 -1.3120146297319613 -0.6732331810121548 0.677282472409386 2.358754531017233 3.8391616767968406 3.604289389245268 3.15767617579493 3.1959318892976483 3.7626502497914043 4.01531589246052 4.197697782415339 4.566020233348487 4.875624612393741 5.197684340021276 5.1460836101803995 5.264409421712063 4.867617602590847 4.056240609230869 3.8525066931349983 4.285774890247179 6.095359105701338 6.79552762957667 6.769727264656231
-0.9721615469868832 -1.6794474129092314 -2.5735635075657854 -3.6580685019800527 -4.539729248054327 -5.077088572604136 -5.464094046410704 -5.381354945114127 -5.453418033340178 -5.517474111763335 -5.6411379298302595 -5.5414951411720175 -5.261249798070709 -4.9427487414666835 -4.2479182241266145 -3.6829791991446137 -2.976583000978142 -2.501500419339735 -2.101149929195009 -1.7479518301117731 -1.3395943301641533 -0.40277418322549563 0.8623333656318368 2.346299182434953 3.62564141538632 3.4681702225960613 3.231518599532735 3.402334808661151 3.990405195295959 4.376521001346649 4.354279307449721 4.7172637518476055 5.165656300809697 5.670987586147929 5.180780652659609 4.790216507829533 4.386307346661299 4.22883615387104 3.787560946955965 3.9886258597842046 4.017095227972274 4.668332025274361 5.496612705996004
-2.3885126143433344 -2.8573675216906023 -3.589564084777511 -4.326208986643806 -5.0272671782750145 -5.520143115030965 -5.953411312143146 -5.988108354622357 -5.892024236987622 -5.736332379709117 -5.4916737468428956 -5.196304051891676 -4.871575320996509 -4.476562837387048 -3.924079160987326 -3.5263976741102323 -3.180316917074014 -2.7434900489383245 -2.282642151393951 -1.7906558823938776 -1.0424452997011793 -0.1020664817390129 1.1585927283389337 2.367651208576005 3.284008997129488 3.7484155656973694 3.979729182225433 4.397873027487702 5.345369187496885 5.832017449961697 5.559779116663283 4.757298800862078 5.125621251795225 5.706574296383016 5.054447831325051 4.541109536183926 4.4823914642960325 4.598937940315942 3.656779786842021 3.0927304296158966 2.9503835886755496 3.2760019873265933 4.913880325896459
-2.9187545968461266 -3.3680368135640966 -4.037066965983726 -4.823533262179144 -5.537046802392631 -5.970314999504813 -5.921383272931568 -5.979211677063585 -5.89558290801113 -5.6313515845156115 -5.293277837282288 -5.425838332907986 -5.176731361262378 -4.671400075924147 -4.12692340932732 -3.7265729191825945 -3.4116305336020774 -2.911637254799109 -2.5228524454807864 -1.7630761819616851 -0.9597061984046027 0.21732424262089012 1.542039531121993 2.7315253207297667 3.8124716441205253 4.569578904371996 5.156759623250926 6.1994502331389665 7.371142667629197 8.171843647918648 7.09356632779552 5.906749541455378 4.821354879285234 5.119393577504085 4.8071201951911995 4.57135823988375 4.592710266024802 4.6567663444479575 4.217270473044637 3.62564141538632 3.387210456811239 3.3098093620499256 5.258181747420924
-2.8591468572023566 -4.029949623936709 -5.01570149744861 -5.821740484273326 -6.127786192295071 -5.912486595372796 -4.989901132528173 -4.528163567227923 -4.372471709949419 -4.392934068334593 -4.60467499423336 -5.119792624886239 -5.441852352513774 -5.166055348191852 -4.659834395097745 -4.537060244786694 -4.3333263286908235 -3.898278796066888 -3.1385025325477867 -2.1331779684065872 -0.7684276308910118 0.7689182512647343 2.3080434689322344 3.6105170635364083 4.741284781256288 5.6861119379978415 6.479695576240275 7.299969247159023 8.06419384945751 9.093539443007394 8.609560183810215 7.606904622936646 6.240374949909317 4.927225342234617 4.265312531862004 3.9654944981313984 3.7582019110120184 3.426355838069835 3.4948602552723766 3.486853245469482 3.5171019491693056 3.676352477471319 5.656752902053894
-3.3075394061644485 -4.624247684862658 -5.923162608443322 -6.545930037557341 -6.367996486381907 -5.348437238146671 -4.668731072656515 -4.211441846135651 -3.9276378320108347 -3.7185659093797 -3.8262157078408374 -4.097564373383374 -4.223007526962055 -3.983686900631096 -3.8618024180759245 -4.279946263338193 -4.592219645651079 -4.367133703414156 -2.886726557634548 -1.3280286493377504 0.4655415465106201 2.3649822053083733 3.8756380547878044 5.057116834592684 6.008171665625376 6.741257896468163 7.322210941055953 7.546407215536998 7.636263658880592 8.071311191504527 9.09176010749564 8.359563544408731 6.574890026119132 4.299119906585336 3.4993085940517625 3.136324149653878 2.872092826158359 2.4183622706610035 2.2751257619647793 2.24665639377671 2.372989215111268 2.732414988485644 4.8418172376704085
-3.6224817917449665 -4.331546993179069 -4.998797810086945 -5.272815478897112 -5.109116611815713 -4.552184596636607 -3.893830457287502 -3.3929475107286566 -2.954341307081213 -2.582460185124557 -2.158088665571148 -1.7639658497175623 -1.6038256536596722 -1.3235803105583646 -0.7844416504968006 -0.8823051036432892 -0.7088198912472414 -0.10740448827427596 1.0811916335776202 2.1585792859448705 3.5580266659396553 4.727939764918132 5.357824536079166 6.277740995656158 6.843569688394036 7.261713533656305 7.533951866954718 7.843556245999974 8.087325211110317 8.128249927880667 7.466337117508054 6.601580058795447 5.184339323683118 3.6594487901096526 3.4085624829522914 3.421907499290449 3.247532619138524 2.6354412030950325 1.9673007184312794 1.976197395990051 2.1487929406302215 2.231532041926798 3.3827621180318532
-3.839560724178995 -4.197207162041616 -4.26838058251179 -4.452541807978363 -4.182972477947581 -3.6331578048154918 -3.001493698142703 -2.436554673160701 -1.9685894335693113 -0.9134434750989899 0.825856987640873 1.4406174069519961 2.1576896181889933 2.326726491805655 2.7591050211619588 3.1149721235128256 3.4245765025580805 3.8827553968348214 4.201256453438848 5.066013512151455 5.431666959816971 6.087352095898444 6.482364579507907 6.840011017370527 7.321321273300075 7.478792466090335 7.530393195931209 7.714554421397784 7.689643724233223 7.709216414862521 6.758161583829828 5.537537422766354 4.17545608851841 3.815140647388157 4.069585625569027 4.12207602316578 4.024212570019292 3.3569617531114155 2.684372929668277 2.7422013338002924 2.968176943793093 2.638999874118541 2.574943795695385
-3.5281770096219867 -3.8226570368173287 -3.7817323200469795 -3.4383205662783927 -3.1171505064067353 -2.5646668300070137 -1.8493739542817704 -1.251517222332314 -0.24263398716760554 1.0794122980658658 2.64255854514205 3.2715536485472074 3.868520712740787 3.8818657290789442 4.07492363210429 4.43612874099042 4.85071391522918 5.315120483797061 5.709243299650647 6.098917776724846 6.461012553366855 6.6442841110775515 6.9787991872873665 7.303527918182532 7.410288048887793 7.458330107705159 7.581104258016209 7.493916817940246 7.4378677493199845 8.07664919803979 7.1985471229890265 5.902301202675993 4.580254917442521 4.148766055842095 4.415666382605245 4.199477117927094 3.9939638663194676 2.9459352498961637 2.565157450380736 2.6265445255362607 2.822271431829238 2.500211704201703 2.549143430774947
-2.9080785837756005 -3.0290733985748957 -2.9641276523958617 -2.6242745696507837 -2.2897594934409686 -1.659874722279934 -0.40989152527251305 1.0785226303099886 2.0971922107893457 2.981521960131251 3.3703067694495727 3.995743201831222 4.026881573286923 4.156773065644989 4.391645353196562 4.885410957708389 5.302665135214782 5.760844029491523 6.152297842077477 6.541082651395799 6.781292945482635 6.982357858310875 7.254596191609288 7.457440439949282 7.565979906166296 7.411177716643669 7.485020140381474 7.396943032549634 7.447654094634633 8.115794579298386 7.567759241678051 6.411191159037733 5.0864758705366295 4.254636518791478 4.5126401679958565 4.290223229026564 3.3952174666141337 2.324947156293901 2.2297527064150438 2.7003869492740655 2.897893191078797 2.765332695453099 2.966397608281339
-2.0744598965186944 -2.1990133823414975 -2.206130724388515 -1.8413669444788758 -1.505072532757307 -0.664336503453383 1.271580533335334 2.766222363208976 3.108744449221686 3.5277779622398318 3.5206606201928143 3.7813332726648246 3.8124716441205253 4.2377328314298115 4.645200663621555 5.13985593588926 5.634511208156965 6.068669073025023 6.4343225206905394 6.702112515209567 6.942322809296401 7.30441758593841 7.334666289638234 7.538400205734105 7.571317912701559 7.375591006408582 7.427191736249458 7.45477143668165 7.504592831010772 7.56509023841042 7.789286512891465 6.629159759227639 5.239498724547502 4.17545608851841 4.421004389140508 4.014426224704643 3.11675145902458 2.468183664990125 2.9174658817080945 3.3898794600788706 3.6327587574333373 3.541122978577989 3.7751055983736843
-1.3048972876849438 -1.5967083116126548 -1.4614788127193257 -1.0130862637572329 0.18707553892106654 1.06873628499534 2.6630209035272245 2.60786150266284 2.861416813087833 2.786684721594151 3.046467706310284 3.3783137792524673 3.8747483870319273 4.348051633158581 4.788437172317779 5.41921161123469 5.91564621901415 6.242154285421071 6.665636137218602 6.929867460714121 7.066876295119206 7.461888778728667 7.418295058690687 7.496585821207878 7.511710173057789 7.4076190456201605 7.51437917632542 7.5570832286075245 7.415626055423056 7.1336013768099935 7.537510537978227 6.3791631198261545 5.044661486010403 3.9023280874641193 4.2083737954858655 3.8222579894351743 3.439700854407992 3.1149721235128256 3.699483839124125 4.18168376280955 4.4174457181169995 4.2128221342652505 4.8418172376704085
-0.7435169337264509 -0.9534785241134625 -0.38409116035207536 1.090977978892269 2.6790349231330137 3.0758267422542307 2.7315253207297667 2.4868666878635453 2.4601766551872304 2.5028807074693344 2.8373957836791495 3.3480650755526438 3.846279018843858 4.614951959921731 5.250174737618028 5.908528876967132 6.386280461873172 6.642504775565797 7.036627591419382 7.114028686180696 7.220788816885955 7.371142667629197 7.4369780815641064 7.500144492231387 7.6175806360071725 7.64338100092761 7.591780271086735 7.185202106650868 6.937874470517016 7.024172242837102 6.767947929144476 5.417432275722936 4.082040974151307 3.375644775984836 3.8284856637263145 3.422797167046326 3.004653321784057 3.5526886594043923 4.568689236616118 4.909431987117074 5.033985472939877 4.900535309558302 5.996605984798972
