static/data/ASCData/20210111/ASCV/00.asc
ncols 97
nrows 97
xllcorner 99.0
yllcorner 2.0
cellsize 0.25
NODATA_value -32767
[rows 0 to 18 of 97, columns 0 to 42 of 97]
-0.8133489202951374 -0.112039769514233 1.0098882899891857 1.1184440611512336 0.26859952016138866 -0.6278879097164971 -0.25668825231583625 -0.6112297351136258 -0.9255139626211406 -1.4763442694894362 -2.2020854096878857 -2.5954959665590422 -1.5643549586412755 0.002068726515439323 -0.45797452876720435 -0.694242971884603 -0.9577197668533595 -2.2703839255596603 -5.147250679475626 -6.165898056441239 -6.132581707235495 -4.8357428144019226 -3.329843830302309 -2.485274377936707 -1.6229362059947081 -1.8347726596945617 -3.106346654380445 -4.354321568378927 -5.253862996934005 -5.726399883168804 -5.6336693778794835 -4.648338350119615 -3.867902869975069 -3.9206537562174963 -4.189405639810495 -3.9178773937836846 -3.2870878488216047 -2.650190306505138 -2.795671698036885 -3.2410002324203258 -3.759624735056402 -4.17663437261496 -4.26242397181975
-0.7264487761168219 -0.44520326157166945 -0.22253899437994917 0.2491649831247047 0.5831613839122847 1.2725321762277977 1.2558740016249264 0.7969412913158074 0.0637039725460653 -0.5204426835279738 -0.6337182708275026 -0.23142335416814763 0.6428531762392424 1.237550009561767 0.18364282968674228 -0.6023453753254273 -1.096537888543958 -2.8026126041214154 -5.914914892424637 -6.209764582895468 -5.824127840838985 -4.750786123927276 -4.0847367760557844 -3.985065364681934 -2.7831780670847315 -2.1423936173609284 -2.768463346185528 -3.2254526027909787 -3.737136199342525 -4.060304786638239 -4.129713847483538 -3.9001086742072877 -3.821259981087028 -4.17663437261496 -4.690261422870176 -4.526178403031888 -4.298794319702687 -3.614143343524655 -3.138552458612664 -2.8620267602049916 -3.0644235816298844 -3.3437256424713686 -3.6180302509319917
-0.3649663872345039 -0.22920226422109824 -0.5476510353793316 -0.3347040367059533 0.09285577810109036 0.7561287635387712 1.075410443427148 1.394692123315525 1.2061771140596917 1.0723564447499543 0.9757390320532977 1.0479244553324092 0.6731155267677931 0.8957797939595133 0.7844476603636528 -0.10620940840322746 -1.688458359432671 -3.9431422919313737 -5.7586056874010225 -4.977337298526333 -4.822138638476244 -4.390414280018483 -3.9275946623020266 -4.118053125261528 -3.6571769612487404 -3.74990746653806 -3.425628334268822 -3.4783792205112496 -3.2099049731616316 -3.393422530036603 -3.4109136133696185 -3.046654862053488 -3.183529530040418 -4.308511588221029 -5.086725978418525 -5.200001565718053 -5.10421706175154 -4.519515133190739 -3.9822890022481223 -3.645238602783349 -3.435345602787164 -3.514471932150805 -3.7626787337335954
-0.3769047456998953 0.00595563392277576 0.002068726515439323 0.33328876486920755 0.7844476603636528 0.648683537350248 0.7883345677709901 0.8438618164472294 0.9024430638006615 0.7414140426395672 0.49237433232663363 0.5215261378816596 0.17198210746473208 0.052876159054198624 0.04315889053585664 -0.5526484877601927 -2.143504162334453 -3.7626787337335954 -4.972617482388853 -4.226331260180195 -3.9753480961635925 -3.603315530032788 -3.249884592208524 -3.1913033448550916 -3.2304500551718403 -3.96091101150777 -3.6649507760634137 -3.3054118408847635 -3.0741408501482264 -2.6474139440713262 -2.657131212589668 -2.6610181199970047 -3.033050686127809 -4.103338404362324 -4.952905309108788 -5.053687265456163 -5.156967947993968 -4.812421369957902 -4.237991982402205 -3.7743394559556056 -3.549731735060217 -3.871789777382406 -3.970628280026112
-0.3660769322080286 0.12811558101050302 1.0781868058609598 1.379977402416321 0.964911218561431 0.7189255069256903 0.630914817773851 -0.0379108925314533 -0.09260523247754904 -0.4968436028405723 -0.7411634970160259 -0.25668825231583625 0.24611098444751178 0.24028062333650624 -0.35524911871616194 -0.9413392284938693 -1.780078319748466 -3.147436818400862 -4.219667990339046 -3.7723960022519374 -3.3034683871810953 -2.586889243014225 -2.223463400428238 -2.0829794612773522 -2.072984556515629 -2.254836295930313 -2.328965172913093 -2.05466056445247 -2.630755769468454 -2.1765428752968154 -2.338682441431435 -3.21656824300278 -3.5691662720969006 -3.7165911173323165 -4.501746413614343 -4.667772887156298 -4.8485140815974574 -4.412902815732359 -3.6335778805613383 -3.180475531363225 -3.591654807810778 -4.123883486372533 -4.187462186106827
-0.2900046015215798 -0.10620940840322746 0.8927257952823204 1.5323997000325988 1.1165006074475654 0.917990693430009 0.849692177558234 -0.08483141766287527 -0.8660998065375649 -1.2714487218741128 -1.4374751954160683 -0.953832859446023 0.35466675560955974 0.7677894857607814 -0.032080531420447755 -1.0379566411905259 -1.8786391861487908 -2.064377832970812 -3.027220325016804 -2.6676813898381533 -1.9402744321794168 -1.2225847430390218 -1.0115811980693117 -0.9802083025672363 -1.5321491544090566 -1.3280865155238768 -1.4841180843041095 -2.0446656596907467 -2.621871409680256 -2.652133760208806 -3.013616149091125 -4.071132600130106 -4.204953269439843 -4.351545205945115 -4.143318023409217 -4.309344496951173 -4.418733176843364 -3.7868330869077598 -3.0380481385086706 -3.029163778720472 -3.4411759638981687 -4.147204930816553 -4.1902385485406395
-0.26834897453784645 -0.24697098379749427 0.02372435349917268 0.758905125972583 1.362486319083306 1.2930772582380063 1.2461567331065844 0.45628162068707834 -0.5096148700361072 -0.961884310504078 -1.1218027866916476 -0.9568868581232159 0.11645485878849282 0.6994909698890064 0.09091232439742214 -0.9130203316689869 -1.3261430618202086 -1.2009291160552884 -1.598504216577163 -1.1687233118230695 -0.5329363144801276 -0.650376445430374 -0.4246581795614608 -0.5759699322042131 -1.4530228250454154 -1.5379795155200617 -1.8153381226578778 -2.33285208032043 -2.8650807588821845 -3.1121770154914503 -3.6843853131000976 -4.57309892816331 -4.560327660967775 -4.522291495624551 -4.26936487790428 -4.367092835574462 -4.363205928167125 -3.71964511600951 -3.3476125498787055 -3.367879995645533 -3.623860612042997 -4.195236000921501 -4.13943111600188
-0.06928378803352864 0.5939891974041513 0.49626123973397007 0.30496986804432513 0.7383600439623743 1.3908052159081876 1.1592565889282698 0.624251547932702 0.3760447463499119 -0.112039769514233 -0.35330566501249283 -0.21087827215793897 -0.009591995706570877 0.3146871365626671 0.0881359619636104 -0.055401975864468156 -0.3855114692447117 -0.7000733329956086 -0.9324548687056708 -0.5251624996654547 -1.2819988991225983 -1.6276560221321885 -2.0496631120716082 -2.057436926886282 -1.3572383210789027 -0.8308400036281522 -1.4324777430352067 -2.0926967297956938 -2.6210385009501125 -2.3894898739701937 -2.8348184083536343 -3.96091101150777 -4.6669399784261545 -4.718580319695057 -4.763557391122811 -4.872946071015003 -4.909871691384702 -4.371812651711942 -3.993116815739989 -4.186351641133302 -4.46870770065198 -4.626682723135882 -4.635567082924079
0.5195826841779914 1.0498679090360774 0.7941649288819947 0.5812179302086165 0.820540372003209 1.1681409487164673 0.6017630122188251 0.3341216735993511 0.2852576947642609 -0.0076485420029026585 -0.16978810813752165 -0.08094451025553884 -0.10426595469955924 -0.14841011739716947 0.00595563392277576 0.0373285294248511 -0.2900046015215798 -0.8749841663257625 -0.59845846791809 -1.0887640737292843 -2.5457990789938076 -3.963687373941582 -4.680544154351834 -4.682487608055502 -3.4508932324165107 -2.219576493020901 -2.200974864714361 -2.7284837271386357 -2.7479182641753193 -2.1287894414352495 -1.5154909798061849 -2.934489819727484 -3.978402094840786 -4.487031692715139 -4.637510536627748 -4.731351586890592 -4.942355131860302 -4.652225257526951 -4.310455041924698 -4.600307280014667 -5.118931782650744 -5.230263916246604 -5.674759541899901
-0.49601069411042875 -0.32109986078027397 -0.14535611871997656 0.2599927966165714 0.6545138984612526 0.7414140426395672 0.729753320417557 0.7550182185652465 0.5070890532258368 -0.012645994383763792 -0.41577381977326233 -0.47157870469288365 -0.5731935697704014 -0.9188506927799924 -1.1306871464798451 -1.5810131332441473 -1.8172815763615464 -1.3280865155238768 -0.3016653237435909 -1.2703381769005881 -2.9100578303099387 -4.403185547214017 -5.243868092172283 -5.499848708569747 -5.999871582899283 -5.248865544553144 -4.499802959910674 -3.9892299083326526 -3.5477882813565484 -3.0505417694608243 -2.6210385009501125 -2.8945102006805916 -3.4148005207769554 -3.952859560449715 -4.40124209351035 -4.7546730313346135 -5.105327606725066 -4.498970051180531 -3.8759543210331238 -4.420676630547033 -5.359087133175479 -5.684476810418243 -5.927686159620172
-0.41771727347693055 0.1633753839199148 0.5032021458185003 0.2511084368283729 0.18947319079774783 0.6367451788848566 0.567613754282938 0.5195826841779914 0.2980289619597958 -0.07983396528201414 -0.5945715605107535 -1.096537888543958 -1.2284151041500273 -1.1562296808709158 -1.6159952999101783 -2.157108338260132 -2.157108338260132 -1.3727859507082494 -1.4841180843041095 -2.3650578845526486 -3.046654862053488 -4.324059217850376 -5.160021946671161 -5.225544100109124 -5.774153317030369 -5.475416719152201 -5.183343391115182 -5.01842746254675 -4.9442985855639705 -5.4715298117448645 -5.602296482377408 -5.039805453287102 -4.623906360702069 -4.5761529268405035 -4.555607844830295 -4.891547699321544 -5.216659740320925 -3.9667413726187757 -3.07497375887837 -4.208840176847179 -5.701134985021114 -5.8591100075050155 -5.367138584233534
-0.23725371527915318 0.03816143815499462 0.7580722172424395 0.5567859407910714 0.19447064317860896 0.415191456666661 0.44045635481434964 0.2647126127540522 0.12811558101050302 0.17003865376106386 -0.1756184692485272 -0.8211227351098103 -1.1931553012406146 -1.2253611054728335 -1.2986570737254697 -1.569074774778756 -1.3700095882744376 -0.981318847540761 -2.1501674321756017 -2.7967822430104103 -3.625804065746665 -4.518404588217214 -4.9687305749815165 -3.5613924572822273 -3.5799940855887673 -3.6502360551642106 -4.171636920234099 -4.397355186103012 -5.6142348408428 -6.844441035264885 -6.844441035264885 -6.002647945333095 -5.92962961332384 -5.434326555131784 -5.077008709900183 -4.873778979745147 -5.274130442700833 -4.420676630547033 -3.890391405688946 -4.856287896412131 -5.802472213855252 -5.575921039256195 -4.919866596146425
0.05481961275786684 -0.3249867681876113 0.16420829265005832 0.525413045288996 0.3771552913234366 0.15449102413171634 0.3879831048153033 0.34300603338754954 0.24833207439456118 0.33134531116553934 0.5431817648653929 0.16809520005739564 -0.3769047456998953 -1.2450732787528986 -1.3200350644658219 -1.1512322284900538 -0.9130203316689869 -0.9557763131496912 -1.4169301134058596 -1.5868434943551524 -3.1296680988244656 -4.022268621295015 -3.7801698170666107 -2.2975922774110176 -2.2792682853478583 -2.6132646861354387 -3.1874164374477547 -3.884561044577941 -5.09255633952953 -6.368850150352894 -6.387451778659434 -5.97849359215893 -6.420768127865178 -5.965722324963395 -5.292732071007373 -5.055630719159831 -5.110325059105927 -4.688317969166507 -4.355432113352451 -4.813254278688046 -5.554543048515843 -5.2508089982568125 -4.912925690061895
0.007066178896300457 -0.20588081977707784 -0.30444168617740264 -0.19116609887787384 -0.0026510896220415248 -0.008759086976427355 0.4035307344446508 0.3868725598417786 0.11728776751863634 0.08036214714893664 0.5509555796800658 0.7705658481945932 0.4904308786229654 -0.3855114692447117 -0.9882597536252913 -1.2497930948903795 -1.1306871464798451 -1.091540436163097 -0.8816474361669115 -0.5593117576013418 -1.6043345776881681 -2.099359999636843 -2.6454704903676576 -1.9755342350888285 -2.289818462596344 -2.720432276080581 -3.2712625829488764 -3.6385753329422004 -4.324059217850376 -5.409061656984095 -5.5817514003671995 -5.631725924175815 -6.086771727077598 -5.736117151687146 -5.4568150908456605 -5.371025491640871 -5.359087133175479 -5.1228186900580805 -5.033142183445954 -5.582861945340724 -5.741114604068007 -5.357143679471811 -5.060350535297311
-0.0045945433257097434 0.34300603338754954 0.18364282968674228 0.03149816831384644 0.013729448737449523 0.0478787066733366 0.47960306513109874 0.2766509712194436 -0.09066177877388082 -0.25363425363864334 0.08508196328641748 0.5987090135416322 0.8302576405215509 0.2744298812723933 -0.17062101686766518 -0.7761456636820565 -0.9393957747902002 -1.3075414335136681 -0.9696581253187508 -0.6725873449008697 -0.7986341993959334 -0.5026739639515769 -0.507671416332439 -1.1520651372201973 -2.628812315764786 -3.220455150410117 -3.5466777363830237 -3.687439311777291 -4.326002671554044 -4.569212020755973 -4.928473319691243 -5.214716286617257 -5.490131440051405 -5.195281749580573 -5.278294986351551 -5.510676522061614 -5.945177242953187 -5.826904203272797 -5.928519068350315 -6.267512921518757 -6.233363663582869 -5.869104912266739 -5.371025491640871
0.35355621063603504 0.8663503521611062 0.7433574963432363 0.5276341352360454 0.5001481471413074 0.5362408587808627 0.462111981798083 0.1994680955594701 -0.15507338723831854 -0.4626943449046852 -0.09649213988488547 0.17586901487206852 0.3879831048153033 0.28137078735692356 0.3879831048153033 -0.316380044642794 -0.5007305102479087 -0.8924752496587782 -1.3133717946246737 -1.1853814864259418 -0.8611023541567029 0.05481961275786684 0.1261721273068348 -0.32026695205013045 -1.814227577684353 -3.208794428188107 -3.4930939414104527 -3.6696705922008945 -4.439278258853573 -4.553664391126627 -4.833799360698254 -5.121985781327937 -5.187230298522518 -4.938190588209585 -5.17362612259684 -5.577864492959863 -6.044848654327037 -6.527102809080176 -6.753653983679233 -6.709787457225004 -6.570136426804262 -6.198936769403601 -5.709741708565931
0.9629677648577628 0.7794502079827916 0.7422469513697108 0.7355836815285626 0.6906066101008088 0.4904308786229654 0.26776661143124514 0.17975592227940584 -0.04485179861598265 -0.25668825231583625 -0.25557770734231156 -0.06039942824533018 -0.032080531420447755 -0.1989399136925476 -0.0045945433257097434 -0.3249867681876113 -0.34358839649415174 -0.2575211610459798 -0.6434355393458446 -1.2509036398639042 -1.4899484454151146 -0.5359903131573214 -0.3347040367059533 -0.608175736436432 -1.268394723196919 -2.6071566887810524 -3.054428676868161 -3.553618642467554 -4.36903628927813 -5.286068801166224 -5.62589556306481 -5.678646449307237 -5.387406030000362 -5.2849582561926995 -5.450151821004512 -5.673648996926376 -5.958781418878866 -6.411050859346836 -7.143455269386434 -7.045727311716253 -6.810291777328997 -6.175615324959581 -5.7586056874010225
0.921044692107202 0.9327054143292122 1.112336063796847 0.9318725055990686 0.7092082384073484 0.5001481471413074 0.14560666434351788 -0.01736581052124464 0.050932705350530405 0.21584863391896114 -0.2575211610459798 -0.6931324269110783 -0.6287208184466406 -0.3377580353831462 -0.41771727347693055 -0.657039715271523 -0.4393729004606648 -0.16867756316399696 -0.0856643263930188 -0.6395486319385073 -1.4324777430352067 -1.3475210525605608 -1.0360131874868577 -1.1237462403953158 -1.4841180843041095 -1.798679948055006 -2.2459519361421147 -3.069143397767365 -4.150258929493747 -5.498738163596221 -6.309435994269318 -6.393282139770439 -6.234196572313014 -6.329981076279527 -5.549545596134981 -5.45875854454933 -5.985156862000079 -7.394438433403037 -8.25760951407518 -8.195141359314409 -7.603498524669078 -6.691185828918464 -6.343585252205205
0.3213504064038162 0.47960306513109874 1.2511541854874455 1.2364394645882424 0.8380314553362238 0.2541624355055667 -0.34358839649415174 -0.5507050340565245 -0.09371577745107373 0.25804934291290316 -0.10537649967308393 -0.5867977456960798 -0.6864691570699302 -0.4998976015177652 -0.5740264785005449 -0.7311685922543028 -0.49490014913690406 -0.054569067134324634 0.37798820005358014 0.518749775447847 -0.15812738591551145 -1.1912118475369464 -1.4577426411828958 -1.884747183503177 -2.1482239784719335 -1.808397216573348 -1.1950987549442829 -2.7409773580907895 -3.8259797972245084 -4.971506937415328 -5.74194751279815 -6.0553988315755225 -6.15229388051556 -5.671705543222708 -4.9606791239234616 -6.328870531306001 -9.293747974373806 -11.912968294432023 -12.740046663464607 -12.702010498121385 -11.075895020637713 -8.892563602687977 -8.766516748192913
