static/data/ASCData/20210111/ASCV/03.asc
ncols 97
nrows 97
xllcorner 99.0
yllcorner 2.0
cellsize 0.25
NODATA_value -32767
[rows 19 to 37 of 97, columns 43 to 85 of 97]
-9.127545175003299 -6.481131941403434 -6.125530207353413 -6.709628700669757 -6.847252707849346 -6.896049330352513 -8.084699991088325 -10.018156584522167 -11.527053342644031 -11.595427053217328 -12.02992153023654 -12.258418289502865 -12.561132666229094 -12.870859731219252 -13.162762880205259 -13.208637549265122 -12.839594829375905 -12.708691315115914 -12.4273071985258 -12.103262561663456 -11.82100185904035 -11.647145629163798 -11.701786158553572 -11.649190996574111 -11.592505099774026 -11.632535861947282 -11.708798846817501 -11.75350473450004 -11.931451699197218 -12.22832216903684 -12.455650146925842 -12.674504459829265 -12.612851242175564 -11.80434672441352 -10.430444215372274 -8.213558137938005 -6.891374204843228 -6.009528655654269 -5.695126465154826 -5.493803872911224 -5.719378678734245 -6.126698988730735 -6.444023132673481
-9.226307201386954 -6.515318796690083 -6.576972014343784 -8.680486298177883 -8.703861925724311 -8.583769639204542 -9.132512495856915 -10.722347364358281 -11.650944168640093 -11.741816920726828 -12.160825044496532 -12.641194190575607 -12.959687115895674 -13.132374564394905 -13.21535804218472 -13.131497978361914 -12.87758022413885 -12.737910849548948 -12.426430612492808 -12.116995742846981 -11.98609222858699 -11.939048778149806 -12.010344442166408 -11.863077988623917 -11.868921895510525 -11.784769636343388 -11.780094510834102 -11.937295606083824 -12.096249873399527 -12.28968319134621 -12.597364888926055 -12.617818563029179 -11.733051060396917 -10.445930568621781 -8.189013729014256 -6.375649422100182 -5.71558013925795 -5.746845041101296 -5.625583973204206 -5.8052841099673635 -6.095434086887389 -6.336495245959917 -6.491943169143656
-9.480224955610016 -6.225168819770058 -6.48697584829004 -9.305199944356145 -9.4136044171027 -9.446914686356358 -10.117795196938813 -11.081747637884597 -11.790613543229995 -12.044531297453059 -12.39224375720616 -12.769175751392295 -13.17152874053517 -13.305354208238462 -13.333697156638507 -13.187307289129008 -12.924623674576033 -12.71365863596953 -12.378510576022634 -12.229198755069831 -12.194135313750191 -12.212543620443002 -12.224231434216215 -12.030798116269532 -11.91654973663637 -11.748829608990757 -11.757595469320666 -11.957749280186947 -12.126638189209881 -12.400133031503078 -12.486038462736197 -11.733051060396917 -10.295449966291658 -8.491728105740485 -6.708752114636766 -5.575910764668048 -5.391243307051275 -5.577663936734031 -5.810251430820979 -6.077902366227568 -6.166729750903991 -6.263446409877332 -6.338540613370229
-9.556195745135906 -6.37360405468987 -6.438179225786874 -9.659925092373175 -9.978125822348911 -9.954750194802486 -10.594365803541592 -11.547507016747154 -11.949860005890027 -12.30546173994005 -12.702847408229307 -13.08474672326906 -13.33661911008181 -13.38921427206127 -13.402070867211805 -13.1198101645887 -12.837549461965594 -12.764208430538678 -12.542724359536283 -12.387276436352543 -12.40188620356906 -12.339648595226699 -12.148260644690328 -11.946938052446725 -11.817203319564054 -11.689221758747367 -11.751751562434059 -11.917718518013691 -12.077841566706716 -12.310136865449333 -11.854312128294008 -10.35038269102576 -8.603054531930344 -7.229152022889098 -5.701846958074424 -5.417540888041006 -5.3512125448780195 -5.518348281834972 -5.699801590664111 -5.949044219377889 -5.97621838640061 -5.991996934994449 -6.005437920833645
-9.815957406245573 -7.38722970417181 -7.488037097965776 -9.771251518563034 -10.133573745532651 -10.653097067751991 -11.29358926252409 -11.83064430540325 -12.232997294546125 -12.576911214822932 -12.923454893198713 -13.297464933941544 -13.36291669107154 -13.423401127347919 -13.33661911008181 -13.054358407458704 -12.896280726175991 -12.822939694749078 -12.68619227360248 -12.537757038682667 -12.564054619672397 -12.421463291639192 -12.128683556620196 -11.867753114133205 -11.738018381250534 -11.667599303266922 -11.730129106953616 -11.826845765926956 -11.96943709396016 -11.730129106953616 -10.51430427919508 -8.8511283792668 -7.3083369612026186 -5.93238908475106 -5.624707387171215 -5.340401317137797 -5.3357261916285115 -5.448805789884352 -5.518348281834972 -5.695126465154826 -5.704768911517728 -5.668536688820765 -5.6822698700042915
-7.9634389231912355 -7.436318522019307 -7.745753391665135 -8.670551656470652 -8.790643942990421 -9.622816283643221 -11.66380076379063 -12.20173239270278 -12.486915048769188 -12.854204596592423 -13.006438370988528 -13.291621027054937 -13.31207470115806 -13.427491862168544 -13.35327424470864 -13.288699073611635 -13.130621392328923 -12.806284560122247 -12.67070592035297 -12.48019455584959 -12.441040379709325 -12.320948093189557 -12.074043027230422 -11.80434672441352 -11.758472055353657 -11.688052977370045 -11.662631982413306 -11.766361329650575 -11.426538144194394 -10.641409253978779 -9.147998849106424 -7.613096705339161 -6.201793192223631 -5.776064575534329 -5.467506291921493 -5.476272152251403 -5.498771193764839 -5.5046151006514465 -5.5513663557443005 -5.658017656424874 -5.577663936734031 -5.517179500457651 -5.524192188721579
-5.433319436634844 -5.296572015488246 -5.795641663604462 -6.0837462731141745 -6.516195382723074 -9.715442207795938 -11.940217559527127 -12.454773560892852 -12.595319521515744 -12.839594829375905 -13.04354717971848 -13.240779037141458 -13.252466850914672 -13.425446494758232 -13.39798013239118 -13.360871323661229 -13.056403774869015 -12.706645947705603 -12.307214912006032 -12.014435176987032 -11.848176026063072 -11.773958408603164 -11.713473972326785 -11.888206788236328 -11.85606530035999 -11.721363246623705 -11.712597386293794 -11.230182872804408 -10.546445767071418 -9.241793554636462 -7.902954486914855 -6.54746028456642 -6.056279910747123 -5.736910399394064 -5.688113776890898 -5.716456725290941 -5.7515201666105815 -5.757364073497188 -5.789797756717856 -5.711489404437325 -5.656848875047552 -5.623830801138224 -5.600162978247466
-4.47725626998598 -4.66776763448936 -5.194011449628298 -5.958686665740791 -7.606084017075233 -10.737833717607788 -12.27215147068639 -12.697003501342701 -12.795473332382024 -12.942155395235854 -12.938064660415229 -13.123608704064994 -13.137341885248519 -13.387461099995289 -13.419602587871626 -13.128576024918608 -12.671582506385962 -12.08952938047993 -11.57088264429358 -11.313166350594223 -11.24187068657762 -11.168529655150707 -11.523254803167735 -11.889375569613648 -11.826845765926956 -11.567960690850278 -11.004608066981387 -10.215388441945144 -9.112935407786782 -7.790751474692006 -6.814234633940019 -6.271043488829921 -6.058325278157436 -6.004561334800654 -5.961608619184094 -5.963653986594406 -5.991996934994449 -6.034949650611009 -6.047514050417213 -5.958686665740791 -5.928298349930436 -5.7515201666105815 -5.479194105694707
-3.913611450772759 -4.712473522171901 -4.965514690361974 -6.897218111729835 -10.082731755619172 -12.294650512199826 -12.823816280782069 -12.746676709878859 -12.860048503479028 -12.942155395235854 -12.909721712015187 -13.22324731648164 -13.328729835784891 -13.349183509888014 -13.035950100765891 -12.430229151969103 -11.729252520920625 -11.223170184540479 -11.043762243121652 -10.94704558414831 -11.0066534343917 -11.166776483084725 -11.449913771740821 -11.523254803167735 -11.207683831290971 -10.58355457580137 -9.728298802946473 -8.683408251621186 -7.659847960432015 -6.818033173416313 -6.40895969135384 -6.316918157889784 -6.335618659926926 -6.291789358277375 -6.266368363320636 -6.308152297559874 -6.358117701440362 -6.412758230830135 -6.390259189316699 -6.293542530343357 -6.156795109196759 -5.960732033151103 -5.702723544107415
-3.6550185710404106 -4.423492326629198 -5.741001134214689 -10.256587985495724 -12.588599028596146 -12.764208430538678 -12.965531022782281 -13.080655988448434 -13.086499895335042 -13.091467216188656 -13.14815311298874 -13.202793642378515 -13.25071367884869 -13.075980862939149 -12.438995012299014 -11.828891133337269 -11.402870321303638 -11.135511581241378 -11.113012539727942 -11.096357405101113 -11.14515402760428 -11.188106743220839 -10.972466579105049 -10.43511934088156 -9.834657908282715 -9.064138785283616 -8.267322081294786 -7.550566901652468 -6.860109302999882 -6.569959326079856 -6.546583698533429 -6.502754396883879 -6.524961243052984 -6.587491046739677 -6.678363798826411 -6.72043992840998 -6.740017016480113 -6.78092436468636 -6.675441845383109 -6.572004693490169 -6.3601630688506745 -6.005437920833645 -5.4900053334349295
-3.9968871239069053 -4.972235183281572 -7.419663387392477 -12.383477896876249 -13.44005626197475 -13.442978215418051 -13.342463016968416 -13.378695239665378 -13.174450693978471 -13.2594795391786 -13.42456990872524 -13.567161236758444 -13.42456990872524 -12.82673823422537 -12.131605510063498 -11.522086021790415 -11.170575022561017 -11.063047135847455 -10.99876416009478 -10.92162458919157 -10.774065940304752 -10.469306196168208 -9.802516420406379 -9.250559414966371 -8.610943806227263 -7.939186709611818 -7.491835637442071 -6.975234268666034 -6.700862840339847 -6.566160786603562 -6.619924729960344 -6.78092436468636 -6.887283470022603 -7.0143884448063 -7.095326555185803 -7.165745633169414 -7.229152022889098 -7.237041297186017 -7.155810991462182 -7.047406518715627 -6.7996248667235015 -6.459509485922989 -5.918655903567535
-5.530036095608185 -7.964607704568557 -11.140186706750663 -13.963670319014714 -14.494881455007267 -14.072951377794261 -13.809391177208294 -13.57095977623474 -13.431290401644839 -13.666799849175092 -13.719395011154553 -13.894127827064093 -13.500540698251129 -12.768299165359302 -11.88148629531673 -11.228137505394095 -10.81701865592131 -10.684361969595336 -10.334604142431923 -10.04649953292221 -9.562039652022511 -9.120824682083702 -8.587568178680836 -8.168560054911133 -7.611051337928849 -7.349244309408866 -6.981078175552641 -6.849298075259659 -6.741770188546095 -6.805468773610109 -6.9314049670164835 -7.132435363915755 -7.3550882162954725 -7.488037097965776 -7.654004053545409 -7.766207065768258 -7.82873686945495 -7.8474373714920915 -7.9020779008818645 -7.826691502044637 -7.613973291372152 -7.2241847020354815 -6.507429522393164
-7.145291959066291 -10.649006332931366 -13.561317329871837 -15.006515502929688 -14.820971459279924 -14.37566575452049 -14.00370108118797 -13.766146266247407 -13.767315047624727 -13.936203956647663 -14.092528465864394 -14.137234353546933 -13.485054345001622 -12.338479813849377 -11.40579227474694 -10.59144385009829 -10.178279633215194 -9.670444124769066 -9.268091135626191 -8.778079543184216 -8.27112062077108 -7.882500812811732 -7.62945964462166 -7.282039380212889 -7.155810991462182 -6.896049330352513 -6.941047413379385 -6.8767644376267105 -7.0699055602290635 -7.212496888262268 -7.428429247722388 -7.673581141615541 -7.902954486914855 -8.12356197188426 -8.289821122808222 -8.411666581393973 -8.482962245410576 -8.6950960653944 -8.818110305357472 -8.72928292068105 -8.327806517571165 -7.790751474692006 -6.1529965697204645
-8.689252158507793 -11.999825409770516 -14.22138661271407 -14.953920340950226 -14.92265543910688 -14.562086384203244 -14.190998296903715 -14.137234353546933 -14.139279720957248 -14.259372007477015 -14.48786876674334 -14.034965983031316 -12.900955851685277 -11.58753777892041 -10.490928651648654 -9.676580227000002 -9.219294513123025 -8.711459004676898 -8.245699625814341 -7.736110945302233 -7.339601863045965 -7.111105103779641 -6.957702548006214 -6.904815190682423 -6.780047778653369 -6.946891320265991 -6.9927659893258545 -7.240839836662311 -7.526899078761711 -7.766207065768258 -8.07184339593779 -8.30443089002474 -8.534973016701375 -8.754703915637789 -8.926514778104028 -9.048652432034109 -9.237118429127175 -9.479056174232696 -9.52697621070287 -9.34347753446342 -8.75645708770377 -7.563131301458673 -5.920701270977847
-10.056434174629441 -12.571943893969316 -14.3227783971967 -14.868891495750098 -14.901909569659427 -14.531990263737221 -14.43615019079687 -14.382386247440088 -14.520302449964007 -14.64419327596007 -14.473258999526823 -13.501709479628449 -11.951905373300342 -10.352135863091743 -9.299356037469538 -8.878594741633853 -8.419555855690891 -7.939186709611818 -7.5006014977719815 -7.04068602579603 -6.751704830253326 -6.673396477972796 -6.710505286702748 -6.685084291746009 -6.888452251399924 -7.055295793012547 -7.3621009045594015 -7.653127467512418 -8.04642240098105 -8.355272879938218 -8.65886384269744 -8.879471327666844 -9.110013454343479 -9.272181870446817 -9.443116146880064 -9.628660190529828 -9.849267675499233 -9.963516055132395 -9.897187711969408 -9.56817575425345 -8.615911127080878 -7.332589174782036 -5.359101819174938
-10.864062106358496 -13.203670228411507 -14.343524266644152 -14.671659638327121 -14.650037182846678 -14.599195192933198 -14.53958734268981 -14.670490856949801 -14.831782687020144 -14.68042549865703 -14.241840286817194 -12.630675158179715 -10.70569222973145 -9.150920802549727 -8.630520894297396 -8.22729131912153 -7.7624085262919635 -7.272981324538648 -6.873842484183408 -6.466522174186917 -6.40895969135384 -6.491943169143656 -6.606191548776819 -6.865953209886488 -7.130682191849774 -7.4634926890420275 -7.799517335021916 -8.09726439089453 -8.489974933674503 -8.79940980332033 -9.05829487839701 -9.295557497993244 -9.495711308859525 -9.652912404109246 -9.838456447759011 -10.041532212068596 -10.121885931759437 -10.212466488501843 -10.00267023127266 -9.4136044171027 -8.384492414371252 -7.174511493499324 -5.172388994147853
-11.953658545366324 -13.21535804218472 -13.931236635794047 -14.467415092640216 -14.534912217180523 -14.534912217180523 -14.667568903506496 -14.856034900599564 -14.929375932026478 -14.735066028046806 -13.485930931034613 -11.338587345550962 -9.4656151883935 -8.648052614957216 -8.167683468878142 -7.6931582296856735 -7.199932488456064 -6.732127742183193 -6.29558789775367 -6.289743990867063 -6.379447961576476 -6.500709029473566 -6.821831712892607 -7.189121260715841 -7.564007887491664 -7.88045544540142 -8.18433860350497 -8.525914961027135 -8.802331756763634 -9.062093417873303 -9.342308753086098 -9.537787438443093 -9.71748757520625 -9.878487209932267 -10.05351222118614 -10.172435726328587 -10.232043576571975 -10.202824042138941 -9.69878707316911 -9.018264116223753 -8.025968726877927 -6.863031256443184 -4.811235548555556
-12.278871963605988 -13.417557220461312 -14.000779127744668 -14.209698798940856 -14.413651149283432 -14.447838004570084 -14.621694234446633 -14.857203681976884 -14.821848045312915 -14.041686475950915 -12.129560142653187 -9.865922810126062 -8.82483079827707 -8.324884564127863 -7.771174386621873 -7.181231986418922 -6.678363798826411 -6.358994287473353 -6.296464483786661 -6.454834360413703 -6.552427605420036 -6.847252707849346 -7.17071295402303 -7.5464761668318445 -7.98418479263869 -8.375726554041341 -8.671428242503643 -8.906937690033896 -9.081670505943436 -9.303446772290162 -9.524930843292559 -9.677456813032993 -9.866799396159053 -10.023123905375783 -10.146138145338856 -10.21071331643586 -10.140294238452249 -9.909752111775614 -9.255526735819988 -8.570036458021015 -7.1315587778827645 -5.376633539834758 -3.3657451801533766
-12.554412173309498 -13.22441609785896 -13.885361966734184 -14.088437731043769 -14.338556945790536 -14.475304366937134 -14.665815731440514 -14.615850327560025 -14.053374289724129 -12.553535587276507 -10.575957496848782 -9.186276439213698 -8.437087576350713 -7.8170490556817365 -7.357133583705785 -6.9156264184226455 -6.578725186409766 -6.401947003089912 -6.540739791646823 -6.697064300863553 -6.950982055086616 -7.3004476869057 -7.613096705339161 -8.024215554811946 -8.412835362771293 -8.735126827567656 -9.012420209337147 -9.215495973646732 -9.390228789556273 -9.457725914096581 -9.576941614583358 -9.747583695672276 -9.886376484229185 -9.979294603726233 -10.026045858819087 -10.008514138159267 -9.754596383936203 -9.353119980826321 -8.501662747447718 -6.94513814820001 -4.47725626998598 -1.91382651417593 -0.5708967116336998
