static/data/ASCData/20210111/ASCV/06.asc
ncols 97
nrows 97
xllcorner 99.0
yllcorner 2.0
cellsize 0.25
NODATA_value -32767
[rows 57 to 75 of 97, columns 43 to 85 of 97]
-14.929343308398774 -13.893214936648093 -13.738164147589526 -13.114128937633282 -12.668726385793942 -12.53873133260986 -12.286994880412113 -12.057366430456554 -11.983083542922794 -12.121921797003752 -12.19414127099491 -12.388396917362961 -12.483019166959538 -12.44499340310297 -12.230103621308874 -12.082716939694269 -11.930319110904765 -11.75551850650984 -11.545639871890643 -11.229348053145696 -10.990876402293264 -10.528966542113086 -10.2203388308121 -9.840670738972875 -9.458644460227815 -9.091651623007445 -8.690170302289257 -8.672483900495504 -8.62178288202008 -8.830777196549592 -8.916851018612522 -9.181262725429125 -8.964604303455655 -8.8278294629173 -8.41278856749057 -7.860972831525482 -6.597279423361846 -5.391361594391137 -3.878584694298817 -2.8542472570773025 -1.854376009003813 -2.455713669991407 -3.029047861472226
-14.70678941916072 -13.934188434136953 -13.696895876737436 -13.096442535839529 -12.892459368484914 -12.775139569919688 -12.465627538529015 -12.230103621308874 -12.157884147317716 -12.272256212250651 -12.338580218977224 -12.476239379605266 -12.569977309112156 -12.539910426062775 -12.322957230726075 -12.097455607855728 -11.942110045433932 -11.727220263639836 -11.50171864076949 -11.155065165611934 -10.90598167368325 -10.461758215296825 -10.154899144175216 -9.80146588166339 -9.419734376281559 -9.053331085787647 -8.946033581572214 -8.96666771699826 -8.95104472874711 -9.071901807671088 -9.158859949823706 -9.14235264148287 -8.949865635294193 -8.443150223903178 -8.003643139328421 -6.905907134662833 -5.665795595557534 -4.37174053098129 -3.2029641457774614 -2.274133278242212 -2.6490849962697705 -3.4246337149258292 -5.005503261924098
-14.5269776675909 -13.93536752758987 -13.621728669113988 -13.248840364629032 -13.055469038350669 -12.941096973417736 -12.636596089201959 -12.40401990561411 -12.331800431622952 -12.36599414175754 -12.42642268121953 -12.454720924089534 -12.502768982295896 -12.485082580502143 -12.308218562564615 -12.082716939694269 -11.884629239604237 -11.670623777899827 -11.44512215502948 -11.11202825458047 -10.786893234938649 -10.421669037897654 -10.115104740139273 -9.72629867403994 -9.347514902290403 -9.249650145698304 -9.15296448255912 -9.109043251437969 -9.132625120496305 -9.150016748926829 -9.161807683455997 -9.032991723724832 -8.673662993948422 -8.163705075561882 -7.229273514125278 -6.130653189370003 -4.9079332786952286 -3.616825947751276 -3.072084772503691 -2.47340007178516 -3.4440887568989575 -5.081849563000464 -6.673625724438213
-14.44797840624547 -13.913849072074138 -13.554520342297728 -13.368813123463323 -13.136531713238703 -12.997693459157745 -12.681401640412798 -12.447941136735263 -12.359214354403269 -12.375721662744105 -12.353318887138684 -12.323841550815764 -12.36982619547952 -12.345360006331497 -12.181466016376053 -11.988979010187379 -11.790891310097347 -11.582781315657522 -11.363175160051759 -11.047472888033273 -10.642454286956333 -10.324099054668784 -9.943251869376642 -9.527031880496992 -9.323933033232064 -9.226363050003195 -9.17949408524975 -9.067185433859422 -9.155912216191414 -9.054510179240564 -8.929526273231378 -8.609991947490911 -8.202909932871368 -7.4217605203139545 -6.487034185514121 -5.438230559144582 -4.211678594747827 -3.4803458805761505 -3.2713515660466386 -2.954764973938464 -5.070942948560983 -6.6921964463216534 -8.107108589821875
-14.583868926694137 -13.910017018352157 -13.594609519696899 -13.448991478261668 -13.229385322655904 -12.838515843013969 -12.525171757901315 -12.446172496555887 -12.374837342654416 -12.238062502116062 -12.172622815479176 -12.17557054911147 -12.273140532340339 -12.241010235748355 -12.109246542384897 -11.909979748841948 -11.757581920052445 -11.55743080641981 -11.222273492428195 -10.914824874580127 -10.525134488391107 -10.182313066955533 -9.730130727761921 -9.465719020945317 -9.311257778613209 -9.22813169018257 -9.148248108747454 -8.946917901661902 -9.062174286684524 -8.757673402468747 -8.444034543992865 -8.055523251256762 -7.305325041838415 -6.518280162016418 -5.795790648741617 -4.741091555107493 -3.987945612056855 -3.753600788289631 -3.580863597437312 -3.624784828558465 -6.29277853914607 -8.164884169014801 -9.402047974487807
-14.357188210370873 -13.948042782208725 -13.824827516378916 -13.457834679158545 -13.165714276198395 -12.629521528484457 -12.323841550815764 -12.329737018080348 -12.337695898887535 -12.10423539521 -12.041743442205407 -12.091560140591143 -12.172622815479176 -12.116026329739167 -11.988979010187379 -11.827737980500999 -11.709828635209313 -11.483147918886049 -11.039808780589311 -10.694039625521446 -10.408993783278797 -10.04465390632749 -9.648183732784199 -9.419734376281559 -9.325996446774669 -9.227247370092883 -9.061289966594837 -8.89916461681877 -8.553395461750902 -8.301659009553155 -7.871879445964963 -7.093382993676611 -6.403023776993796 -5.793727235199013 -5.260482221117367 -4.838661538336363 -4.378520318335562 -3.702899769814206 -3.5036329762712586 -4.489060329546517 -7.553524213677413 -9.354294689644673 -9.925565467582889
-14.19005171341991 -13.937136167769244 -13.691295182836082 -13.099390269471822 -12.780150717094585 -12.303502188752947 -12.056482110366868 -12.085664673326558 -12.094507874223435 -11.974240342025917 -11.988979010187379 -12.007549732070817 -11.99192674381967 -11.89140902695851 -11.855151903281314 -11.747854399065883 -11.559199446599186 -11.248803095118824 -10.76036363224802 -10.353281617628475 -9.965654644982061 -9.590702926954503 -9.400279334308431 -9.225478729913508 -9.165639737177978 -9.010588948119413 -8.72642742596645 -8.458773212154325 -8.077926026862183 -7.8093874929603695 -7.021163519685455 -6.487918505603808 -6.137432976724274 -5.674638796454411 -5.325037587664564 -4.8395458584260505 -3.813145007661932 -2.9108437428173115 -4.208730861115535 -7.2496128761880945 -9.486058383008132 -9.940304135744348 -10.293737398256175
-13.739048467679215 -13.383551791624782 -13.124740778709533 -12.540794746152464 -12.103351075120312 -11.828917073953916 -11.712776368841606 -11.801503151173598 -11.910864068931637 -11.939162311801642 -11.83068571413329 -11.698922020769832 -11.63259801404326 -11.588676782922107 -11.670623777899827 -11.590445423101482 -11.212545971441632 -10.727349015566347 -10.269271209108151 -9.700948164802227 -9.323048713142377 -9.015305321931079 -8.879709574845641 -8.69311803592155 -8.584641438253199 -8.388322378342544 -8.108287683274792 -7.85802509789319 -7.442099882376771 -6.901190760851165 -6.474358930895265 -6.387400788742648 -5.895129272149862 -5.721507761207856 -5.205949148919962 -4.00474769376092 -3.409010726674681 -5.317078706857376 -7.949994387220704 -9.429461897268123 -10.471485736283391 -10.609144896911433 -10.938111970275234
-13.223489855391321 -13.034834902924626 -12.679338226870193 -12.009613145613422 -11.605184091262942 -11.449838528841148 -11.519405042563243 -11.657064203191284 -11.783816749379845 -11.732231410814734 -11.466640610545213 -11.35521627924457 -11.285944538885705 -11.37761905484999 -11.329865770006858 -11.06722270336963 -10.562275932157988 -9.873685355654548 -9.421503016460935 -8.879709574845641 -8.55044772811861 -8.190234678252512 -8.045795730270198 -7.906073156099551 -7.818230693857246 -7.691183374305455 -7.538785545515952 -7.2496128761880945 -6.860217263362305 -6.60730171771164 -6.33758409035691 -6.41275129798036 -6.287767391971173 -6.362934599594622 -5.450905813763438 -3.839674610352561 -4.114992931608645 -8.045795730270198 -10.024314544264675 -10.417836984175674 -10.855280655207824 -11.061327236105045 -10.972305680409823
-12.816113067408548 -12.51249650328246 -12.143440252519486 -11.709828635209313 -11.395305456643744 -11.335761237271441 -11.41859255233885 -11.56509491386377 -11.66178057700295 -11.556251712966894 -11.326918036374565 -11.17540452767475 -10.81224374417636 -10.739139950095517 -10.40015058238192 -10.165805758614697 -9.719518886685668 -9.081924102020881 -8.65892432578696 -8.231208175741372 -7.892218808027778 -7.611005019507109 -7.598329764888254 -7.53966986560564 -7.409969585784786 -7.157054040134121 -6.949828365783985 -6.823960139685111 -6.621745612509871 -6.443112954392968 -6.386516468652959 -6.519164482106105 -6.26624893645544 -5.861230335378503 -4.7779382255111456 -3.819924795016204 -6.98903322309347 -10.12365316767292 -10.513343553861938 -10.88741095179981 -11.015342591441287 -10.73324448283093 -10.536925422920277
-12.382501450098378 -12.045575495927388 -11.780869015747554 -11.52795347009689 -11.415644818706559 -11.357279692787174 -11.411812764984578 -11.551535339155226 -11.546524191980328 -11.469588344177506 -11.023301472248477 -10.707893973593219 -10.167869172157301 -9.829764124533394 -9.561225590631581 -9.332776234128941 -8.89150050937481 -8.435191343095989 -8.01926612757957 -7.8394543760097495 -7.645198729641698 -7.458607190717606 -7.488968847130216 -7.418812786681663 -7.256687436905596 -7.004656211344619 -6.783870962285938 -6.679521191702797 -6.6765734580705045 -6.639432014303624 -6.827792193407091 -5.687314051073267 -4.940063575287212 -4.408881974748171 -3.5104127636255305 -6.601406250447056 -9.814141136282245 -10.553432731261111 -10.526018808480796 -10.818139211440943 -10.538694063099651 -10.327046788301075 -9.912890212964033
-12.024057040411654 -11.745790985523277 -11.616090705702423 -11.48609565251834 -11.408865031352287 -11.313358461666022 -11.36995494740603 -11.492875439872613 -11.491991119782924 -11.265310403459662 -10.659845915386857 -10.086806497269269 -9.515240945967824 -9.128793066774326 -8.996734600047638 -8.766221830002394 -8.439318170181197 -7.98890447116696 -7.677623799596912 -7.546744426323141 -7.585654510269397 -7.5505764800451205 -7.572094935560854 -7.536722131973348 -7.367816994843009 -7.024111253317747 -6.803326004259066 -6.747908611971974 -6.815116938788234 -6.898243027218873 -6.272144403720025 -4.56629095071257 -3.6863924614733703 -3.2457062834456973 -5.983266507755396 -9.06040564650515 -10.102429485520416 -10.167869172157301 -10.347386150363892 -10.302580599153051 -10.034042065251239 -9.781126519600575 -9.377581785339782
-11.631713693953571 -11.55359875269783 -11.533848937361473 -11.448069888661772 -11.394421136554055 -11.270321550634556 -11.365828120320822 -11.489043386150634 -11.293608646329664 -11.037745367046707 -10.294621718345862 -9.644351679062218 -9.199833447312567 -8.824881729285007 -8.712573077894678 -8.384490324620565 -8.057291891436137 -7.649030783363678 -7.353373100044777 -7.2976609343944565 -7.41969710677135 -7.53583781188366 -7.644314409552011 -7.637534622197738 -7.2976609343944565 -6.953955192869194 -6.696912820133321 -6.621745612509871 -6.519164482106105 -6.29277853914607 -4.6444058919683116 -3.483293614208443 -3.227430334925486 -5.846491667217042 -8.586704851795805 -9.151195842379746 -9.575964258793043 -9.614874342739299 -9.937356402112057 -9.676481975654204 -9.535875081393868 -9.225478729913508 -9.03387604381452
-11.282996805253413 -11.256467202562785 -11.387346575836554 -11.372902681038322 -11.31041072803373 -11.323085982652586 -11.43038348686802 -11.410928444894893 -11.165677006688187 -10.701998506328636 -10.050549373592075 -9.529095294039596 -9.286791589465185 -8.920683072334501 -8.60321216013664 -8.273065993319921 -7.761339434754008 -7.311220509103 -7.06036837699494 -7.057420643362648 -7.123744650089221 -7.439152148744478 -7.556471947309705 -7.529058024529388 -7.144378785515266 -6.51356378820475 -6.249741628114605 -6.039862993495405 -5.757470111521819 -4.790908253493231 -3.293754341652059 -3.409895046764369 -5.758649204974736 -8.134522512602192 -8.612939681123203 -8.646249071168105 -8.74971452166156 -9.02621193637056 -9.275000654936015 -8.995850279957951 -8.881478215025016 -8.651260218343001 -8.516254017984021
-11.019174645163268 -11.02212237879556 -11.082845691620777 -11.133546710096201 -11.212545971441632 -11.285944538885705 -11.37761905484999 -11.318074835477688 -11.03302899323504 -10.513343553861938 -10.039937532515822 -9.638456211797635 -9.395268187133535 -9.073080901124005 -8.732322893231036 -8.361203228925456 -7.79081677107693 -7.211587112331526 -6.991096636636075 -6.900011667398248 -6.847542008743448 -7.200975271255274 -7.40112638488791 -7.322127123542481 -6.693080766411341 -5.936397543001951 -5.505733659324072 -5.282884996722787 -4.894373703986684 -4.0280347894560276 -3.9549309953751832 -5.636613032597842 -7.230157834214967 -7.706806362556604 -7.849476670359543 -7.8297268550231855 -7.8406334694626665 -7.926412518162367 -8.366803922826811 -8.319050637983679 -8.297532182467947 -8.132459099059586 -7.75662306094234
-10.908929407315542 -10.918656928302106 -10.882694577988142 -11.079897957988486 -11.119987135387658 -11.170688153863082 -11.286828858975394 -11.32485462283196 -11.146221964715059 -10.687259838167174 -10.081795350094371 -9.697116111080248 -9.407059121662703 -9.020316469105975 -8.74883020157187 -8.385374644710252 -7.786984717354949 -7.179456815739542 -6.868765690895952 -6.640316334393312 -6.531839736724962 -6.550410458608402 -6.7644159203128105 -6.466694823451306 -5.806402489817868 -5.2427958193236135 -4.93711584165492 -4.735196087842909 -4.481101448739328 -4.456930032954532 -5.154069036991621 -6.398307403182128 -7.050640856008376 -7.1629495073987055 -6.99669733053743 -6.824844459774798 -6.808337151433963 -7.092498673586924 -7.474230178968755 -7.656989664170867 -7.781089250090365 -7.596561124708878 -6.992865276815451
-11.15712857915454 -11.138557857271099 -11.142389910993078 -11.218441438706215 -11.181299994939334 -11.24673968157622 -11.170688153863082 -10.941059703907527 -10.806348276911777 -10.740908590274891 -10.212674723368142 -9.710675685788793 -9.474267448478964 -9.186273872604023 -9.035055137267436 -8.779191857984479 -8.238872283185334 -7.605109552242525 -7.247844236008719 -7.092498673586924 -6.8835043590574125 -6.381505321478063 -6.1901974087423035 -5.580900866947521 -5.025253077260455 -4.696875550623112 -4.490828969725892 -4.402986507483586 -4.456930032954532 -4.929451734210961 -5.574121079593249 -6.316065634841178 -6.663898203451649 -6.561317073047883 -6.237950693585436 -6.0914483320605175 -6.233234319773769 -6.519164482106105 -6.718431275649053 -7.022342613138371 -6.993749596905138 -6.995813010447742 -6.6355999605816445
-11.268258137091951 -11.337529877450818 -11.638493481307844 -11.671508097989516 -11.51233048184574 -11.39235772301145 -10.926615809109295 -10.577014600319448 -10.466474589108493 -10.431396558884217 -10.02903091807634 -9.686209496640767 -9.486058383008132 -9.353410369554986 -9.137341494307973 -8.913903284980229 -8.458773212154325 -7.9440989199561205 -7.592434297623669 -7.486021113497923 -7.123744650089221 -6.710767168205093 -6.128589775827399 -5.366011085153425 -4.78000163905375 -4.4616464067662 -4.411829708380463 -4.580734845510802 -4.756714543358642 -4.9695409116101334 -5.254586753852783 -5.676407436633786 -5.999773816096233 -5.72327640138723 -5.374854286050301 -5.3161943867676875 -5.470360855736566 -5.721507761207856 -5.917826821118511 -6.2683123499980455 -6.3924119359175435 -6.413930391433277 -6.140380710356567
-11.176583621127667 -11.334582143818526 -11.642325535029823 -11.6774035652541 -11.630534600500656 -11.250866508661428 -10.800452809647192 -10.478265523637663 -10.398087168839316 -10.270155529197838 -9.90611042560976 -9.8268163909011 -9.661743307492742 -9.495785903994696 -9.032991723724832 -8.704908970450719 -8.179328063813031 -7.6852879070408715 -7.465681751435108 -7.396115237713014 -7.15410630650183 -6.962503620402841 -6.285998751791798 -5.495711364974278 -4.922671946856688 -4.7888448399506265 -4.826870603807195 -4.727237207035721 -4.4578143530442205 -4.7048344314303 -4.609033088380807 -4.707782165062593 -4.834829484614383 -4.651185679322584 -4.451034565689948 -4.396206720129315 -4.594589193582575 -4.890246876901475 -4.980152752686386 -5.398141381745409 -5.819077744436725 -6.026008645423632 -5.630717565333258
