static/data/ASCData/20210111/ASCV/09.asc
ncols 97
nrows 97
xllcorner 99.0
yllcorner 2.0
cellsize 0.25
NODATA_value -32767
[rows 38 to 56 of 97, columns 43 to 85 of 97]
-12.785477580077963 -13.2921422208887 -13.625258265476921 -13.81278800955624 -13.919166308466714 -14.084204640776388 -14.279636772774772 -14.453489306994172 -14.623390647254041 -14.74162252804311 -14.64193086506415 -14.523698984275082 -14.029495801336719 -12.811920185807136 -11.736587552820701 -11.11564222518043 -10.712316503311294 -10.34212002310285 -9.941833681202585 -9.573460828975463 -9.454317134195733 -9.400824046743612 -9.372253875036227 -9.416324884584851 -9.478936111943586 -9.592912860776236 -9.924205277383136 -10.264007957902875 -10.66824549376267 -10.936926683010835 -11.298005023312669 -11.5110655591305 -11.73172454487051 -11.814699618020677 -11.849044611668916 -11.635984075851084 -11.333261830951567 -10.421143902293487 -9.199617092804374 -7.46990595252009 -5.46117973109348 -3.1205532170661963 -1.3899302627912506
-12.871492033197 -13.386970875917463 -13.558999782155542 -13.749264968206845 -13.891811888746876 -14.19362231965573 -14.339208620164637 -14.427046701264999 -14.585398397643157 -14.63797967110462 -14.62035126728517 -14.262008368955321 -12.963281308256894 -11.740538746780235 -10.887080851521358 -10.336345201161997 -10.16522810891458 -9.836367196282774 -9.666161918026019 -9.46404315009612 -9.458268328155267 -9.51692836155447 -9.557048177143562 -9.697467531705385 -9.804149768612746 -10.039397778203334 -10.3597484269223 -10.657607663871623 -11.031451400042712 -11.196489732352388 -11.448454331771764 -11.621395052000505 -11.725949722929656 -11.766981352509408 -11.564862584579512 -11.303171969259747 -10.579495598671647 -9.537292207345903 -8.293273986087147 -6.635900089061985 -4.58523042406496 -3.4007840501960698 -1.7160557334510713
-13.018901961687227 -13.437728521397602 -13.557784030167992 -13.79819898570566 -13.927980510376436 -14.224927933335099 -14.411545863423758 -14.500295758514781 -14.65469626093341 -14.715179922313933 -14.316717208394994 -13.36751884411669 -11.769716794481392 -10.756083574863032 -10.002317342583112 -9.79533556670302 -9.626346040433813 -9.58622622484472 -9.474073103993394 -9.557959991134224 -9.61935546650541 -9.80688521058473 -9.934843107274183 -10.074654585842232 -10.274645787793922 -10.510197735381396 -10.729640969133857 -11.038441973971114 -11.23660954794148 -11.328398823001375 -11.479759945451132 -11.600727268212184 -11.672152697480644 -11.468210301569425 -11.260924587692447 -10.715051945283278 -9.954295139074954 -8.855863218325105 -7.612452873060123 -6.335305410140678 -4.763034152243893 -3.07253101355804 -0.8860010639524978
-13.127103888579022 -13.514928772606916 -13.637111847355516 -13.984512977797433 -14.147727682125787 -14.379328435753727 -14.564730613854838 -14.661382896864925 -14.815783399283553 -14.367474853875134 -13.656563879156288 -11.964237112489112 -10.63298868612377 -9.851868034124015 -9.70840929959332 -9.501123585716343 -9.504162965685213 -9.467994344055652 -9.602942814673508 -9.767981146983185 -9.99927796261424 -10.227839336273313 -10.328442813242932 -10.435732926144066 -10.636028066092642 -10.80289002638364 -11.022637198132987 -11.197705484339936 -11.296181395331345 -11.401647880251158 -11.453317339721957 -11.56182320461064 -11.473073309519616 -11.267915161620849 -10.748485124940856 -10.198661288572154 -9.379244448964629 -8.29813699403734 -6.896678890391087 -6.038357987182016 -4.626262053644714 -2.0880758416408383 0.0905517200456405
-13.213118341698062 -13.684830112866786 -13.878134678886958 -14.220976739375569 -14.37416148980665 -14.568681807814368 -14.67202072675597 -14.768976947762944 -14.418232499355273 -13.858682647086187 -12.453273349480401 -10.623262670223385 -9.805061582603408 -9.441551738326478 -9.389882278855676 -9.44854231225488 -9.452493506214411 -9.642758692265714 -9.802934016625198 -10.078301841804878 -10.401691870492716 -10.56673020280239 -10.646665895983688 -10.751220566912838 -10.917170713213176 -11.085248425491724 -11.168223498641892 -11.316545241122778 -11.33812483890176 -11.49252534132039 -11.468210301569425 -11.494348969301711 -11.361528064662064 -10.939662124982819 -10.419320274312163 -9.6360720563342 -8.809968580795157 -7.611541059069462 -6.127107882273039 -5.263012157123114 -3.7348119087749536 -1.1701830910419035 -0.17417827524299234
-13.376333046026415 -13.916430866494728 -14.160493077995042 -14.389054451654115 -14.391789893626097 -14.573544815764564 -14.682050680653244 -14.55105340399492 -14.182072675774023 -12.861766017296615 -11.222932338081563 -9.841230204232968 -9.590177418804252 -9.233658148455726 -9.359792417163858 -9.44763049826422 -9.65157289417544 -9.865545243983933 -10.055810430035235 -10.367346876844476 -10.615664220301209 -10.743318178993775 -10.901669875371937 -10.999233972372682 -11.155458102772634 -11.241472555891674 -11.301044403281539 -11.407422702192012 -11.464259107609891 -11.583402802389621 -11.433865307921184 -11.437816501880718 -11.048167989871502 -10.607761832382145 -9.91447926148275 -9.092023041906353 -8.063800798437414 -6.707325518330445 -5.431089869401661 -4.30986259888528 -2.6458020659286015 -1.0364503724115943 -0.29119440404451247
-13.810964381574918 -14.069615616925809 -14.013994963495477 -14.354709458005875 -14.166267899935896 -14.50333513848365 -14.531601372194146 -14.224016119344437 -13.216157721666931 -11.609541470121908 -10.547278171001619 -9.635160242343538 -9.504162965685213 -9.256149560225367 -9.376205068995759 -9.594128612763784 -9.877094887865642 -10.181944698743367 -10.367346876844476 -10.660343105843605 -10.815655422252895 -10.981605568553235 -11.11746585316175 -11.187675530442664 -11.317760993110326 -11.397696686291624 -11.419276284070607 -11.516840381071354 -11.504074985202099 -11.5979918262402 -11.423227478030139 -11.254237951760931 -10.780702552610883 -10.254281942002489 -9.512977167594938 -8.479891916175806 -7.405471097180032 -5.926204866330689 -4.7992027738734535 -3.544242784726764 -2.656439895819649 -1.3148575775601463 -0.7951236028832653
-14.056850221056553 -14.521875356293762 -14.001229567626218 -14.386926885675905 -14.200612893584132 -14.373249675815988 -14.102744858586501 -13.297309166835777 -12.09310682316923 -10.743318178993775 -10.137873689194741 -9.607805822623702 -9.372253875036227 -9.341252199353747 -9.543370967283645 -9.782570170833765 -10.087116043714602 -10.406554878442908 -10.640891074042834 -10.936926683010835 -11.0834247975104 -11.234785919960158 -11.327487009010714 -11.448454331771764 -11.531429404921933 -11.510153745139839 -11.500427729239453 -11.589177624330475 -11.563646832591962 -11.646925843739018 -11.301956217272199 -10.987684328490975 -10.446674694032 -9.89289966370377 -8.98260536302701 -7.774755763397816 -6.609761421329697 -5.233834109421956 -4.358796616384097 -3.1360540549074365 -2.9591621407191653 -2.271654391760625 -1.904497291521051
-14.17417028785496 -14.742534342033771 -14.353797644015216 -14.538288008125662 -14.350758264046345 -14.017946157455007 -13.320712392596082 -12.243556131628326 -11.162448676701036 -10.319628611333208 -9.84001445224542 -9.471033724024522 -9.498388143744359 -9.58318684487585 -9.751264557154396 -10.004140970564434 -10.352757852993896 -10.709277123342424 -11.004096980322878 -11.226883532041095 -11.374293460531321 -11.444503137812234 -11.49343715531105 -11.50893799315229 -11.538419978850335 -11.563646832591962 -11.601943020199732 -11.620483238009843 -11.572461034501687 -11.534468784890805 -11.216245702150047 -10.971879552652847 -10.29045056363205 -9.44854231225488 -8.252242356507395 -6.978742149550594 -5.90644889653303 -4.74054274047425 -4.331442196664262 -3.5266143809073145 -3.479807929386707 -3.2825521694070017 -3.3536736606785746
-14.781438405635313 -14.987508367524743 -14.790252607545039 -14.714268108323274 -14.260184740973997 -13.514016958616256 -12.40555508396913 -11.386147042409917 -10.688913277550991 -10.121461037362842 -9.731812525353625 -9.467994344055652 -9.615404272545879 -9.764941767014314 -9.957334519043826 -10.282548175712986 -10.624174484214045 -10.92507310113224 -11.222932338081563 -11.347850854802147 -11.531429404921933 -11.56182320461064 -11.661514867589597 -11.626258059950697 -11.600727268212184 -11.614404478072103 -11.602854834190394 -11.587353996349155 -11.512889187111822 -11.376117088512643 -10.954251148833398 -10.406554878442908 -9.592001046785574 -8.47107771426608 -7.277513200490578 -6.316765192330567 -5.530477594383731 -5.094022630853907 -4.912267708715442 -4.455448899394184 -4.399828245963851 -4.2396529216043675 -4.011091547945296
-15.257101370763571 -15.099965426372957 -15.17108691764453 -14.488442176636184 -13.907616664585003 -12.679099281167488 -11.655436107651855 -10.985556762512765 -10.35762086094409 -9.89289966370377 -9.529693757423725 -9.602942814673508 -9.787433178783957 -9.988640132723194 -10.178905318774497 -10.476764555723818 -10.745445744971985 -11.037530159980452 -11.339036652892421 -11.4758087514916 -11.797071214201228 -11.80193422215142 -11.888860489261122 -11.754215956640152 -11.706193753131995 -11.63112106790089 -11.600727268212184 -11.610757222109457 -11.397696686291624 -10.97674256060304 -10.245467740092764 -9.477720359956038 -8.45253749645597 -7.4230995009994825 -6.7629461717607775 -6.002189365552455 -5.947480526112783 -5.786393387762639 -5.724997912391452 -5.56269502205376 -5.296141398783805 -4.665470055243145 -4.191630718096212
-15.745529731761085 -15.244335974894312 -15.355881219751865 -14.258057174995791 -13.213118341698062 -12.009219936028398 -11.224755966062887 -10.560955380861536 -10.060977375982315 -9.637895684315522 -9.53151738540505 -9.80688521058473 -9.936666735255507 -10.220848762344911 -10.376161078754201 -10.590133428562694 -10.857598865823311 -11.072483029622466 -11.349978420780356 -11.515928567080692 -11.832328021840127 -11.819562625970871 -11.92320548290936 -11.831416207849466 -11.914391280999634 -11.842054037740514 -11.658475487620727 -11.594040632280668 -11.000145786363344 -10.384975280663927 -9.400824046743612 -8.376249059237317 -7.420060121030612 -6.887864688481361 -6.249290957021639 -6.450497910960875 -6.474812950711841 -6.6614308808004985 -6.588181823550716 -6.51006975835074 -6.123460626310394 -5.6398952732630745 -4.829292635565273
-15.820602416992188 -15.193578329414173 -14.953467311873393 -13.712184532586623 -12.598859649989304 -11.470945743541407 -10.694688099491845 -10.298049013554225 -9.796247380693682 -9.657651654113181 -9.628169668415136 -10.012043358483497 -10.091979051664795 -10.403515498474036 -10.486490571624206 -10.70137473542336 -10.905621069331467 -11.118377667152412 -11.44267950983091 -11.624434431969375 -11.776707368409795 -11.740538746780235 -11.869408457460349 -11.895851063189525 -11.978826136339691 -11.842965851731176 -11.655436107651855 -11.04725617588084 -10.300176579532435 -9.449454126245541 -8.358620655417866 -7.441639718809593 -6.969016133650207 -6.447458530992005 -6.736503566031603 -6.9425735279210326 -7.212166531159859 -7.442551532800254 -7.355625265690554 -7.395745081279646 -7.100925224299194 -7.058981780728779 -6.236525561152382
-15.655564084682513 -14.754083985915479 -14.214290103444053 -13.046256381407062 -12.217113525899151 -11.140869078922055 -10.730856721121405 -10.334217635183787 -9.92694071935512 -9.850044406142693 -9.881046081825172 -10.277685167762792 -10.323579805292738 -10.589221614572033 -10.658519477862285 -10.932975489051303 -11.136917884962523 -11.332350016960905 -11.688869287309434 -11.768804980490732 -11.833239835830788 -11.806797230101614 -11.942657514710131 -11.975786756370821 -11.878222659370074 -11.742362374761555 -11.070659401641144 -10.33999245712464 -9.359792417163858 -8.412417680866877 -7.50820214012786 -7.0431770048906515 -6.688785300520334 -6.886041060500039 -7.175086095539637 -7.586314205327835 -7.88204587629895 -8.081429202256864 -8.084164644228848 -8.194494137098852 -8.018817974898129 -7.992375369168954 -6.468126314780325
-15.08416065053483 -14.147727682125787 -13.712184532586623 -12.543238996558971 -12.00709237005019 -11.430825927952316 -11.003185166332216 -10.493481145552607 -10.068575825904492 -10.209299118463203 -10.25823313596202 -10.660343105843605 -10.598035816481758 -10.814743608262235 -10.932063675060643 -11.240560741901014 -11.511977373121162 -11.729900916889186 -11.915303094990296 -11.866369077491479 -12.014082943978593 -11.980649764321015 -12.075478419349778 -11.940833886728809 -11.759078964590344 -11.222932338081563 -10.51597255732225 -9.563734813075078 -8.538248011578123 -7.720046923958144 -7.289366782369173 -6.972055513619078 -7.055030586769247 -7.329486597958266 -7.72977293985853 -8.146775871587582 -8.394789277047428 -8.541287391546993 -8.793251990966368 -8.76012274930568 -8.440683914577374 -7.117337876131095 -5.594000635733128
-15.223060315112221 -13.611581055617002 -13.426178877515895 -12.338080848660203 -12.298264971067997 -11.78339400434131 -11.255149765751591 -10.712316503311294 -10.403515498474036 -10.608673646372806 -10.672196687722202 -11.038441973971114 -10.937838497001497 -11.240560741901014 -11.374293460531321 -11.629297439919569 -11.85481943360977 -11.93779450675994 -12.080341427299972 -12.048123999629944 -12.225927727808877 -12.041437363698428 -11.877310845379412 -11.662426681580257 -11.129319435040347 -10.474940927742498 -9.656435902125633 -8.678971304136834 -7.996326563128486 -7.404559283189371 -7.224931927029116 -7.354713451699892 -7.655612068618087 -8.035534564726916 -8.376249059237317 -8.591133223036472 -8.786565355034853 -8.802978006866756 -9.153722455274428 -8.83033242658659 -8.029455804789176 -6.218897157332933 -4.228711153716434
-15.157409707784613 -13.568725798055926 -13.405511093727572 -12.591261200067127 -12.603722657939496 -11.944481142691455 -11.362743816649612 -10.96032990877114 -10.785565560561077 -10.981605568553235 -11.005312732310426 -11.3888824843819 -11.382195848450385 -11.668201503521113 -11.741450560770895 -11.938706320750601 -12.063624837471185 -12.092195009178567 -12.203436316039234 -12.125324250839258 -12.10951947500113 -11.897674691170845 -11.604678462171716 -11.098925635351641 -10.426006910243679 -9.628169668415136 -8.789300797006838 -8.081429202256864 -7.618531632997865 -7.5246147919597615 -7.755303731597044 -8.031583370767386 -8.321540219797644 -8.56955362525749 -8.771672393187387 -8.960113951257368 -9.038226016457344 -8.930024089565547 -8.944613113416127 -8.096018226107443 -6.7434941399600055 -4.384023470125724 -2.2777331516983663
-14.903621480383915 -13.674192282975739 -13.526782354485512 -12.74626957847953 -12.592173014057789 -11.99250334619961 -11.556048382669786 -11.362743816649612 -11.282504185471428 -11.386147042409917 -11.360616250671402 -11.66637787553979 -11.68400627935924 -11.946608708669665 -12.026544401850963 -12.153590484549754 -12.20161268805791 -12.205259944020556 -12.256017589500695 -12.094930451150551 -11.939618134741261 -11.37338164654066 -10.91139589127232 -10.36066024091296 -9.755215751113928 -9.013910976706377 -8.286283412158745 -7.936754715738621 -7.672024720449988 -7.941617723688815 -8.236741518666154 -8.575632385195231 -8.86346166824728 -9.103876623784949 -9.157369711237072 -9.054942606286131 -8.747357353436422 -8.436732720617842 -7.765941561488091 -6.670245082710223 -4.905581072783926 -2.9366707289495224 -1.1759579129827573
-15.2540619907947 -13.748353154216183 -13.79819898570566 -13.100965220846735 -12.47394113326872 -12.01013175001906 -11.805885416110954 -11.661514867589597 -11.562735018601302 -11.599815454221524 -11.66425030956158 -11.882173853329606 -11.893723497211315 -12.061801209489861 -12.156629864518624 -12.237477371690584 -12.254193961519373 -12.164228314440802 -12.124412436848596 -11.782482190350649 -11.566686212560832 -10.8743154556521 -10.453361329963515 -9.888036655753575 -9.321496229556088 -8.652528698407657 -8.196621703077062 -8.003317137056888 -8.034318812739368 -8.48566673811666 -8.712100545797522 -9.116642019654206 -9.26101256817556 -9.213294302664291 -9.115426267666658 -8.662254714308045 -8.187807501167336 -7.468994138529428 -6.191846675609984 -4.893727490905331 -3.0597656176887833 -1.9786581627614948 -2.0275921802603123
