static/data/ASCData/20210111/ASCV/12.asc
ncols 97
nrows 97
xllcorner 99.0
yllcorner 2.0
cellsize 0.25
NODATA_value -32767
[rows 57 to 75 of 97, columns 42 to 83 of 97]
-15.236519170357157 -15.548170719004403 -14.714097499214374 -14.46309490319405 -13.253118274053005 -12.542144413555242 -12.01191644157929 -11.622201884600363 -11.57146092918477 -11.644720060080655 -11.732691065623666 -11.937756583664193 -12.054851096161713 -12.193563057120315 -12.470986979037516 -12.724991998455215 -12.990406226782927 -13.175955992740537 -13.276537176552509 -13.172052842323954 -12.975694352135804 -12.845088934350107 -12.410338026410596 -12.244304012535906 -11.73839567007867 -11.211170121500093 -10.550937216417921 -9.851672807169908 -9.64870898550754 -9.378190637404295 -9.662219890795715 -9.702452364320504 -9.915324183194201 -9.93393920825791 -9.936641389315545 -9.74628774592214 -9.516902598362895 -8.723962579116867 -7.975758668491685 -6.433714011601264 -4.419087911964439 -2.3372075282264753
-15.536461267754651 -15.498330490608023 -14.697584170528826 -14.113612819739911 -13.192769563765822 -12.499209758972817 -11.977688814849245 -11.735693489021036 -11.686753987643868 -11.750105121328424 -11.837175399852221 -12.017921288374033 -12.189659906703731 -12.424149174038508 -12.743306781179186 -12.98470162232792 -13.099994680787017 -13.275636449533298 -13.093989833992271 -12.905437644637292 -12.45237195397381 -12.197466207536898 -11.858492605973565 -11.789436867834002 -11.29613870364573 -10.690549904395734 -10.034520392069883 -9.711159392172885 -9.579353005028238 -9.64960971252675 -9.898810854508653 -10.004195915756423 -10.066646322421766 -10.064844868383343 -9.782617069030344 -9.57064597717586 -8.774703534532458 -7.974857941472473 -6.6261693513728295 -4.882962326858463 -2.819696968184207 -2.365430308161775
-16.210205078125 -15.389943005962882 -14.548063485339686 -13.683966031575933 -13.139026184952858 -12.470986979037516 -12.095083569686503 -11.850686305140396 -11.75911239152054 -11.820662071166673 -11.921243254978645 -12.08907872289176 -12.386018396891881 -12.657437472014337 -12.960081750469467 -13.082280382742521 -13.193670290785033 -13.038445001140886 -12.851694265824326 -12.292342786893865 -11.768720146392132 -11.5120129459168 -11.467877321975426 -11.382008012810578 -10.889910817981256 -10.28642371510942 -9.976873862840334 -9.665222314193088 -9.744486291883717 -9.936641389315545 -10.161522901778731 -10.281619837673624 -10.2669079630265 -9.997290341942465 -9.704253818358929 -8.89389974340814 -8.094954877367366 -6.880174370790527 -5.291291908901098 -3.4219831016970934 -1.5920060409986672 -2.2852656034519345
-16.210205078125 -15.330194780355173 -14.343898694318368 -13.502319416034908 -13.015926825660593 -12.510018483203357 -12.18005215183214 -11.971083483375025 -11.879209327415435 -11.926947859433653 -12.04013922151459 -12.24940813231144 -12.603694093201373 -12.852895235183276 -13.069670204473557 -13.151636363221822 -12.931858970534169 -12.776633680890018 -12.25811516016382 -11.63120915479248 -11.268816650729642 -11.137910990604208 -11.254104776082517 -10.948458074230015 -10.457261606419905 -10.075353350274145 -9.76580349800506 -9.83425875146515 -9.901513035566289 -10.190646408733244 -10.359682846005304 -10.412225255459319 -10.25609923879596 -9.911421032777618 -9.031410735007793 -8.219855690698054 -6.9660436799553755 -5.673200165046856 -4.297189522031124 -2.6380503526431816 -1.159356829437316 -4.005053725466797
-15.864626145087446 -15.135937986545185 -14.078484465990655 -13.51402886728466 -12.946570845181292 -12.584178341118452 -12.340081318912084 -12.111596898372051 -12.072565394206212 -12.121204653243641 -12.230793107247731 -12.467083828620932 -12.776633680890018 -13.005118101430053 -13.175955992740537 -13.000314223994256 -12.724991998455215 -12.189659906703731 -11.593078377645853 -11.215973998935889 -11.044235380606192 -11.06945573714412 -11.126201539354456 -10.641910645358301 -10.243489060526995 -9.911421032777618 -9.879295102425733 -9.98257846729534 -10.143808603734234 -10.432941976901189 -10.426937130106445 -10.341968547960807 -10.116486550818147 -9.301028356091825 -8.34295504999032 -7.018886331749128 -5.665393864213688 -4.428095182156556 -3.4895376281379704 -2.647658107514773 -2.200297021306298 -5.764774078666711
-15.263841223273245 -14.491317683129349 -13.939772505032053 -13.612508354718472 -13.10089540780623 -12.924052669700998 -12.520827207433896 -12.276730185227528 -12.312759265995997 -12.456275104390393 -12.5442461099334 -12.676953224097257 -12.893728193387538 -13.076275535947776 -12.99130695380214 -12.751113082012354 -12.324468717245747 -11.725785491809708 -11.159528439065289 -10.890811545000467 -11.073358887560705 -11.098879486438369 -11.004002907081404 -10.488486809752576 -10.135101575881855 -10.032418695691721 -10.069648745819139 -10.240486637129624 -10.456360879400693 -10.436845127317774 -10.427837857125656 -10.195450286169038 -9.442742740447798 -8.516795364698176 -7.232658877642037 -5.817616730460465 -4.588124349236501 -3.4505061239721306 -2.6710770100142773 -2.546176196683589 -3.601828263199695 -7.507981103181079
-14.54115791152573 -14.251123811339564 -13.889031549616462 -13.540149950841798 -13.366309636133941 -13.113505586075192 -12.61930669486771 -12.454473650351968 -12.588081491535037 -12.715084001243886 -12.757117928807098 -12.837282633516939 -12.948372299219715 -12.946570845181292 -12.769728107076062 -12.454473650351968 -11.961175486163697 -11.345078205022897 -10.86439021910359 -10.804942235835618 -11.098879486438369 -11.17694249477005 -10.759905884875034 -10.37529544767164 -10.133900606522907 -10.17022992963111 -10.296031469981012 -10.409523074401685 -10.504099411418913 -10.417329375234853 -10.312845041006296 -9.494384422882604 -8.602664673863025 -7.493269228533954 -6.250265942021815 -5.148676797525912 -4.117344360528522 -3.0803073190761237 -2.370234185597571 -3.5802108147386145 -6.6564938276862895 -9.419323837948294
-14.311772763966484 -13.974000131762098 -13.562668126322091 -13.386125630556599 -13.337186129179429 -12.966086597264212 -12.686861221308586 -12.65053189820038 -12.800953310408733 -12.910541764412823 -12.916246368867832 -12.916246368867832 -12.976895321494752 -12.730696602910221 -12.47278843307594 -12.125107803660226 -11.675044536394115 -11.112690634066281 -10.64761524981331 -10.56174594064846 -10.748196433625282 -11.031625202337228 -10.53922776516817 -10.282520564692835 -10.17893695748349 -10.246191241584631 -10.285522988090207 -10.27771668725704 -10.231779609277243 -9.927033634443953 -9.541222227881612 -8.611671944055143 -7.803119323142777 -6.561917490669062 -5.708328518796112 -4.699514257279014 -3.297082288366405 -2.9710191074117716 -5.071514516213444 -7.207138278764372 -8.785512258763 -10.084360620466263
-14.000121215319236 -13.67225658032618 -13.48460511799041 -13.279539599949882 -13.078377232325938 -12.886822619573582 -12.79705015999215 -12.889825042970955 -13.01202367524401 -13.028537003929557 -12.944469148803131 -12.861602263035655 -12.917147095887042 -12.685660251949638 -12.519626238074949 -12.172245850998971 -11.731790338604453 -11.096777790060209 -10.4620654838557 -10.363585996421888 -10.397813623151933 -10.642811372377514 -10.25910166219333 -10.181038653861652 -10.100873949151811 -10.140806180336863 -10.112583400401562 -9.831256328067777 -9.564641130381116 -9.031410735007793 -8.765996506680079 -7.948436615575597 -7.442528273118362 -6.591040997623573 -5.975844443501986 -4.659281783754225 -3.098922344139832 -3.5402785835535626 -7.323632306582418 -9.122384163948173 -9.701551637301293 -10.17593453408612
-13.820576296156373 -13.415249137511111 -13.172953569343164 -13.082280382742521 -12.966987324283423 -12.867306867490662 -12.958280296431044 -13.059762207262228 -13.094890561011484 -13.064566084698024 -12.90753934101545 -12.843887964991158 -12.799151856370312 -12.556856288202365 -12.467984555640145 -12.312759265995997 -11.869301330204106 -11.095877063040996 -10.420031556292487 -10.157619751362148 -10.073551896235722 -10.184941804278235 -10.027614818255927 -10.03151796867251 -9.962161988193209 -9.927934361463166 -9.577251308650078 -9.214258319907765 -8.896601924465774 -8.534509662742673 -8.201540907974083 -7.633182158851504 -7.243467601872577 -6.49916684166398 -5.489451853127671 -4.062700254696345 -3.0716002912237443 -6.254169092438399 -9.202248626318276 -9.59016172925878 -10.156418782003199 -10.411324528440108
-13.472895666740659 -13.082280382742521 -12.886822619573582 -12.924052669700998 -12.849892811785903 -12.924052669700998 -13.01292440226322 -13.087984987197528 -13.117408736491775 -13.024633853512972 -12.910541764412823 -12.780536831306602 -12.666144499866718 -12.399529302180056 -12.118502472186007 -11.951267488952368 -11.617398007164567 -10.858685614648582 -10.249193664982002 -9.942646236110289 -9.663420860154664 -9.76580349800506 -9.757997197171893 -9.772709071819015 -9.688641216692591 -9.438839590031215 -9.08815653721813 -8.787313712801422 -8.539313540178469 -8.454344958032832 -8.236669261723339 -7.882083058493669 -6.252067396060238 -5.098836569129531 -4.170187012322275 -2.9229803330538147 -5.8809678641450205 -9.121483436928962 -10.005997369794844 -9.928835088482376 -10.36658841981926 -10.320651341839465
-13.117408736491775 -12.812662761658487 -12.617505240829285 -12.775732953870808 -12.774531984511858 -12.921050246303627 -12.961282719828416 -13.031539427326928 -12.974793625116591 -12.885921892554371 -12.923151942681788 -12.774531984511858 -12.533437385702861 -12.177049728434767 -11.770821842770292 -11.445659388834871 -11.118395238521288 -10.823557260899328 -10.224874035463287 -9.630093960443832 -9.28541575442549 -9.325347985610541 -9.47396794378047 -9.472766974421521 -9.437638620672265 -9.188737721030101 -9.003187955072491 -8.714054581905538 -8.681027924534442 -8.66931847328469 -8.427022905116743 -7.291206133890797 -5.104841415924277 -3.8948647867832333 -3.063793990390576 -5.629064541105483 -8.581347467741681 -9.973871439442961 -10.285522988090207 -10.321552068858676 -10.401716773568516 -10.36658841981926
-12.86550541345224 -12.587180764515825 -12.439761775704845 -12.696468976180178 -12.76012035220447 -12.893728193387538 -12.882018742137788 -12.807858884222691 -12.751113082012354 -12.829476332683772 -12.903636190598867 -12.775732953870808 -12.462279951185138 -12.037437040456954 -11.607790252292975 -11.279625374960183 -11.06074870929174 -10.765910731669779 -10.175033807066907 -9.506994601151566 -9.013996679303032 -8.916117676548694 -9.135895069236348 -9.185735297632728 -9.19744474888248 -9.300127629072614 -9.115478590134217 -8.99147850382274 -8.957250877092696 -8.636892300593068 -7.936727164325845 -5.5900330369396425 -4.035378201780258 -3.421082374677882 -5.984551471354365 -8.551022991428221 -9.454452191697552 -10.289426138506792 -10.289426138506792 -10.379198598088223 -10.266007236007288 -10.262104085590703
-12.555054834163942 -12.418144327243764 -12.321466293848376 -12.683858797911213 -12.709079154449142 -12.71028012380809 -12.577272767304496 -12.537340536119444 -12.684759524930426 -12.794047736594777 -12.791345555537143 -12.698570672558338 -12.477892552851472 -12.147625979140518 -11.825465948602469 -11.547141299666055 -11.326463179959191 -10.979683277562687 -10.419130829273275 -9.51089775156815 -8.973764205778243 -8.662412899470734 -8.86147357071652 -8.908311375715527 -9.123284890967383 -9.32654895496949 -9.450549041280967 -9.361677308718747 -8.828446913345424 -8.293114821593939 -6.8870799446044835 -4.13595938559223 -4.011959299280754 -6.045200423981286 -8.496378885596044 -9.529512776631858 -10.058840021588598 -10.076554319633095 -10.064844868383343 -9.907517882361034 -9.75499477377452 -9.701551637301293
-12.386919123911092 -12.293243513913076 -12.285437213079907 -12.501311455350978 -12.409437299391385 -12.363500221411588 -12.304952965162828 -12.398628575160844 -12.584178341118452 -12.715984728263098 -12.712081577846515 -12.526531811888905 -12.499209758972817 -12.431054747852464 -12.162337853787644 -11.826366675621681 -11.303044277459687 -10.870395065898336 -10.379198598088223 -9.53161447301002 -8.973764205778243 -8.527604088928717 -8.61737654851015 -8.641696178028866 -8.89179804702998 -9.215159046926978 -9.334355255802658 -8.954248453695323 -8.28440779374156 -7.664407362184177 -6.55771409791274 -5.4456164715260345 -6.476948908523425 -7.927119409454254 -8.859672116678095 -9.597067303072736 -9.758897924191103 -9.493483695863391 -9.202248626318276 -9.182732874235356 -9.156611790678216 -9.004989409110916
-12.259916614202243 -12.17885118247319 -12.254212009747235 -12.284536486060695 -12.215180505581396 -12.263819764618827 -12.390822274327675 -12.548149260349986 -12.676052497078047 -12.702473822974923 -12.536439809100234 -12.29714666432966 -12.573369616887913 -12.537340536119444 -11.95246845831132 -11.462172717520419 -10.911228024102599 -10.422133252670648 -9.944447690148714 -9.336156709841081 -8.794219286615379 -8.358567651656656 -8.234567565345179 -8.265792768677851 -8.320436874510028 -8.454344958032832 -8.339952626592947 -7.937627891345057 -7.481559777284202 -6.96994683037196 -6.629171774770201 -6.966944406974587 -7.81362780503358 -8.274800038869968 -8.711052158508165 -9.022703707155411 -9.048224306033077 -8.929928824176606 -8.872282294947059 -8.78641298578221 -8.665415322868107 -8.621279698926733
-12.314560720034418 -12.229592137888783 -12.25601346378566 -12.132914104493395 -12.22869141086957 -12.487500307723064 -12.63011541909825 -12.673950800699885 -12.655636017975915 -12.546047563971825 -12.268923884394361 -12.177950455453978 -12.549950714388409 -12.057853519559085 -11.224981269128005 -10.670133425293603 -10.31464649504472 -10.067547049440979 -9.731575871275016 -9.250287400676234 -8.64980272120177 -8.247177743614143 -7.8673711838465445 -7.6136664067685835 -7.47195202241261 -7.423012521035442 -7.132978420849276 -6.700329209287926 -6.458333883459717 -6.395883476794372 -6.799108939061474 -7.249172206327585 -7.576436356641167 -7.7073420167666 -8.03820907515703 -8.374180253322992 -8.55882929226139 -8.698441980239203 -8.64770102482361 -8.460349804827576 -8.657609022034938 -8.549221537389798
-12.337078895514711 -12.193563057120315 -12.232594561286156 -12.2256889874722 -12.386919123911092 -12.53253665868365 -12.594987065348993 -12.459277527787766 -12.354793193559209 -12.113398352410474 -11.796042199308221 -11.630008185433532 -11.636913759247488 -10.717871957311822 -10.166326779214527 -9.72887369021738 -9.581154459066664 -9.437638620672265 -9.343062283655037 -8.999284804655908 -8.456446654410993 -7.951439038972969 -7.592048958307503 -7.121268969599524 -6.887980671623695 -6.585336393168566 -6.171001964331186 -5.709229245815324 -5.589132309920431 -5.775582802897252 -6.053907451833666 -6.2559705464768225 -6.49916684166398 -6.757075011498262 -7.34404878568455 -7.864368760449173 -8.28650949011972 -8.424921208738583 -8.535410389761886 -8.430025328514116 -8.535410389761886 -8.522800211492921
-12.371306522244755 -12.237698681061687 -12.306754419201251 -12.369505068206333 -12.498309031953605 -12.456275104390393 -12.313659993015207 -12.13981967830735 -11.721882341393124 -11.371199288580037 -11.014811631311943 -10.725978500484727 -10.263905539629128 -9.270703879778365 -8.880088595780226 -8.614374125112777 -8.437831629347285 -8.324340024926611 -8.236669261723339 -8.150499710218753 -7.7766979972459005 -7.408300646388318 -7.259980930558125 -6.780493913997766 -6.381171602147248 -5.9788468668993575 -5.250158708357096 -4.747252789297233 -4.569509324172793 -4.649674028882633 -5.314710811400602 -5.547098382357219 -5.624260663669688 -5.877064713728436 -6.475747939164476 -7.161501443124314 -7.599855259140671 -7.966150913620094 -8.163410130827454 -8.250180167011514 -8.21595254028147 -8.402703275598029
