static/data/ASCData/20210111/ASCV/15.asc
ncols 97
nrows 97
xllcorner 99.0
yllcorner 2.0
cellsize 0.25
NODATA_value -32767
[rows 0 to 18 of 97, columns 0 to 41 of 97]
-0.2970397228807755 0.3360424408764153 0.37413244657964917 0.08090507508837685 -0.2842336002736543 -0.4484146593393161 -0.025484251186171925 -0.20312815709521725 -0.40835448092729454 -0.8194638528277105 -1.480456796626064 -1.9815373888944636 -0.9728089619950389 0.2578922567611599 0.22932475248373496 0.03690455125877978 -0.06258917053501101 -0.25303919905117844 -0.958032666679129 -1.233528483791309 -1.2043042552776217 -0.90352455506933 -0.5830431277731583 -0.5068631163666915 -0.76462737909978 -1.1182733803272153 -1.2588123668874216 -2.0898968878778 -3.048057548585001 -3.4453757115239023 -3.8154398186579033 -3.9316800084763917 -3.330120608059808 -2.7127998259729202 -2.2179581139490163 -1.919805310685775 -2.4327069392069016 -1.6278913876670282 -1.4679790361370744 -1.995000235737848 -2.6113359314703413 -2.694411547357566
0.5048205695959149 0.28219105350287865 0.16595086368439027 -0.13679900923269006 -0.3203534332680995 0.024426790769789264 0.6699867150159706 0.3662517557444973 -0.2579646308231487 -0.8076428165749832 -1.2364837428544915 -1.2909918544642913 -0.188680223897439 0.3573859785549516 0.18926457407171338 -0.12399288662556884 -0.25303919905117844 -0.44151905485855814 -1.0985716532393353 -1.090034238167921 -0.8907184324622079 -0.7567466882646281 -0.8398223041518529 -0.9823314634208469 -1.1406020043601446 -1.425948685016265 -1.4394115318596494 -1.6485782011093022 -2.3085860585532614 -3.089759537587679 -3.592810302564866 -3.725468598289921 -2.8848615758737335 -2.372945033707001 -2.2140177685314404 -2.070195160789921 -2.242256910690734 -2.110255339201942 -1.0312574190224142 -0.19623255261445927 -0.36533904345209134 -1.1474976088409026
0.7537190551394586 0.27529544902212066 0.06744222824499246 -0.17390392858153003 -0.3065622243065844 -0.12300780027117408 0.22538440706615948 0.6052993777441005 0.3376842514670715 0.2010856103244416 -0.09279848540309299 -0.09181339904869912 0.23326509790131134 0.37413244657964917 0.4959547924063692 0.16299560462120777 -0.458922247119518 -1.033227591731202 -1.2414091746264608 -0.9471967167807955 -0.9728089619950389 -0.9248680927478654 -0.9366891290005936 -1.225647792956158 -1.7559526137382448 -2.2012116459243187 -1.873177889911127 -1.9152082410319364 -2.170017244701843 -2.8076964781128724 -2.9012796817802995 -2.372945033707001 -2.2967650223005336 -2.5282603155831165 -2.462916254074983 -2.3506164096740707 -2.12207637545467 -2.0731504198531026 -2.86417476243146 -2.200226559569925 -1.7812364968343566 -2.2245253563116427
0.9050939915979983 0.08977085227792259 -0.08984322633991049 -0.07900727644157701 -0.1689784968095598 -0.43068310496022466 -0.47468362878982173 0.08977085227792259 0.7100468934279922 0.6062844640984943 0.4979249651151578 0.41780460829111465 0.2109364738683812 -0.05766373876304165 0.07696472967080137 -0.03730528743889927 -0.6290138243115431 -0.9629580984510993 -0.9629580984510993 -0.7255522870421522 -0.9961226723823629 -0.9921823269647865 -1.0985716532393353 -1.4023066125108095 -1.805863655694206 -2.3397804597757372 -2.2314209607924003 -2.0898968878778 -2.2892126935835133 -1.9677461799329476 -1.880073494391885 -1.935566692356078 -2.039000759567445 -2.2961082980642713 -2.4550355632398317 -2.3644076186355862 -2.0107616174081513 -1.985477734312039 -2.6835755974592326 -2.6855457701680203 -2.3164667493884132 -2.3906765880860923
0.5672093720408666 -0.14073935465026555 -0.24023307644405723 -0.22677022960067283 -0.21593427970233936 -0.44151905485855814 -0.7892545379596294 -0.45038483204810387 0.13771172152509603 0.22078733741232082 0.1055322339482263 -0.05667865240864689 -0.05864882511743552 -0.20017289803203564 -0.2733976503753208 -0.37880189029547484 -0.36533904345209134 -0.523609584391389 -0.689432454047707 -0.6923877131108886 -0.8289863542535194 -1.113347948555245 -1.2479764169890872 -1.248961503343482 -1.449262395403589 -1.8019233102766297 -1.808490552639256 -1.717862608035011 -2.095807406004164 -1.8048785693398113 -1.5254424068100558 -1.9217754833945628 -2.023567740015273 -2.0324335172048187 -2.1788830218913886 -2.0849714561058303 -1.8652971990759752 -1.9024021184248143 -1.7451166638399105 -1.7306687306421322 -2.042941104985021 -2.5811266166022597
0.16693595003878414 -0.3272490377488575 -0.41229482634487 -0.39160801290259695 -0.3807720630042635 -0.3604136116801211 -0.5909238186083101 -0.4950420801139632 -0.458922247119518 -0.37518990699603094 -0.5321469994628032 -0.6805666768581613 -0.2179044524111271 -0.044857616155919544 -0.23333747196329924 -0.6260585652483615 -0.6112822699324516 -0.2645318731857751 -0.5390426039435612 -0.6053717518060884 -0.546923294778713 -0.831941613316701 -1.0108989676982727 -0.9862718088384232 -1.39738118073884 -1.5155915432661162 -1.5674727579308652 -2.0078063583449692 -2.3857511563141225 -2.3624374459267985 -2.2081072504050767 -2.4455130618140233 -2.2304358744380064 -2.239301651627552 -1.8935363412352686 -1.7792663241255688 -1.5888162956094014 -1.8331177114991055 -1.4853822283980342 -1.3487835872554035 -1.6610559615982918 -2.6661724051982723
0.017531186289032163 -0.36435395709769747 -0.4434892275673459 -0.4326532776690124 -0.331189383166433 -0.2638751489495119 -0.21987462511991485 -0.3994887037377488 -0.5331320858171971 -0.666118743660383 -0.8263594573084685 -0.7968068666766497 -0.25303919905117844 -0.016618473996626193 -0.4198471550618903 -0.8194638528277105 -0.8329266996710949 -0.37880189029547484 -0.561699590094622 -0.5117885481386608 -0.49405699375956935 -0.7587168609734158 -0.9061514520143801 -0.8427775632150345 -1.3661867795163642 -1.4962181782963677 -1.845595471988096 -2.2570332060066436 -2.4727671176189228 -2.4960808280062468 -2.7860245783162054 -3.1074910919667706 -2.765666126992063 -2.3818108108965466 -1.986462820666433 -1.9132380683231487 -1.6075329363428867 -1.919805310685775 -1.673862084205414 -1.6278913876670282 -1.9014170320704205 -2.569305580349532
-0.06258917053501101 0.19714526490686524 -0.04978304792788979 -0.28620377298244204 -0.18079953306228713 -0.1289183183975382 -0.15059021819420604 -0.4920868210507816 -0.6290138243115431 -0.7225970279789706 -0.7304777188141225 -0.673014348141141 -0.3797869766498696 -0.21888953876552097 -0.5157288935562372 -0.6359094287923011 -0.6162077017044219 -0.5869834731907337 -0.748209273193214 -0.6641485709515953 -1.2354986565000976 -1.5060690418403073 -1.6406975102741503 -1.5323380112908138 -1.0049884495719086 -1.033227591731202 -1.3477985009010096 -1.6377422512109678 -1.8886109094632992 -1.6190256104774825 -2.0038660129273933 -2.765666126992063 -3.001101765692222 -2.6261122267862507 -2.3476611506108886 -2.3575120141548287 -2.170017244701843 -2.1778979355369947 -2.1171509436827 -2.4648864267837713 -2.6786501656872628 -2.8651598487858543
0.10454714759383243 0.8279288938371376 0.540940402590361 0.25198173863479667 0.10947257936580268 -0.05667865240864689 -0.5255797571001768 -0.5360873448803787 -0.6414915848005336 -0.7784185880612959 -0.8076428165749832 -0.6142375289956341 -0.4267427595426483 -0.40539922186411204 -0.49996751188593347 -0.615222615350028 -0.7862992788964469 -0.9366891290005936 -0.6240883925395737 -0.9833165497752407 -1.935566692356078 -2.6582917143631204 -2.870085280557824 -2.729546293997618 -2.054762141237749 -1.6095031090516745 -1.7723707196448109 -1.7979829648590542 -1.4305457546701037 -1.0361828507943844 -0.9307786108742295 -1.4013215261564156 -2.0596875730097186 -2.054762141237749 -1.8009382239222358 -1.9532982467351694 -2.1036880968393157 -1.8781033216830965 -1.9913882524384032 -2.793905269151357 -3.528451327411127 -3.542899260608905
-0.2704423913121383 0.5301044526920276 0.7704655231641562 0.697240770820871 0.3330871818132337 -0.28620377298244204 -0.838837217797459 -0.785314192542053 -0.6631634845972014 -0.7636422927453861 -0.8125682483469534 -0.5761475232924003 -0.49405699375956935 -0.6953429721740711 -1.0148393131158482 -1.464038690719498 -1.6406975102741503 -1.233528483791309 -0.5567741583226526 -1.0673772520168603 -1.934581606001684 -2.718710344099284 -3.070386172617931 -3.027370735142728 -3.2647765465516745 -3.3439118170213233 -3.215850590950107 -2.8319952748545907 -2.2071221640506824 -1.5412037884803595 -1.2236776202473694 -0.9668984438686747 -1.248961503343482 -1.4315308410244976 -1.5947268137357646 -1.8935363412352686 -1.896491600298451 -1.7871470149607198 -2.0557472275921427 -2.394616933503668 -2.7617257815744876 -3.1055209192579825
0.17974207264590536 0.5701646311040482 0.9559901199083534 0.7908239744882977 0.3895654661318213 0.15117456836848042 -0.2802932548560779 -0.6651336573059892 -0.7324478915229102 -0.8299714406079133 -1.039138109857566 -1.121228639390397 -0.8115831619925595 -0.7537914292014465 -1.2013489962144401 -1.7188476943894049 -1.7841917558975382 -1.232543397436915 -1.2079162385770665 -1.6768173432685956 -1.9217754833945628 -2.600499981572008 -3.0145646125356063 -2.848741742879288 -2.644500505401605 -3.0145646125356063 -3.1991041229254096 -3.164954462639752 -2.964981932697776 -3.3439118170213233 -3.6299152219137056 -3.14952144308758 -2.165091812929873 -1.8781033216830965 -1.6925787249388993 -1.6200106968318764 -2.1631216402210853 -1.680757688686172 -2.3056307994900793 -2.709844566909738 -2.948235464673079 -3.226686540848441
0.8660188995403706 0.5810005810023826 0.5320746254008153 0.4493273716317221 0.3163407137885361 0.12687577162676256 0.010635581808274175 -0.2248000568918851 -0.5626846764490159 -0.7803887607700837 -0.9317636972286234 -1.0860938927503456 -1.0585114748273146 -0.8299714406079133 -0.7912247106684172 -1.0194363827696868 -0.9238830063934715 -0.7784185880612959 -1.3106935815521705 -1.8692375444935507 -2.3739301200613947 -3.028355821497122 -3.2257014544940468 -1.9766119571224934 -1.4952330919419738 -1.6581007025351102 -2.239301651627552 -2.499036087069429 -3.267731805614856 -4.05777106183882 -4.295833597484029 -3.9549937188637156 -3.47459994003759 -2.769606472409639 -2.2560481196522497 -1.8915661685264809 -2.014701962825727 -1.67287699785102 -1.768758736345366 -2.632022744912615 -3.5314065864743087 -3.395464669567941
1.1746792905838142 0.4890591879256121 0.2381905296732807 0.13278628975312579 0.0526659329290835 0.0759796433164075 0.12589068527236869 -0.08688796727672887 -0.682536849566949 -0.8857930006902386 -0.771522983580538 -0.7705378972261441 -0.8496731676957925 -1.120243553036003 -0.981346377066453 -0.7685677245173554 -0.673014348141141 -0.46089241982830575 -0.5751624369380064 -0.7324478915229102 -1.7667885636365783 -2.492140482588671 -2.4960808280062468 -1.2148118430578236 -1.307738322488988 -1.167856060165045 -1.5372634430627832 -1.8886109094632992 -2.6533662825911506 -3.6105418569439576 -3.8371117184545707 -3.7129908378009304 -3.914933540451694 -3.3478521624388993 -2.9354293420659574 -2.5509173017341777 -1.9746417844137056 -1.889595995817693 -2.240286737981946 -3.215850590950107 -3.9855313958499288 -3.44734588423269
0.8253019968920867 0.7461667264224374 0.2618326021787363 -0.228412040191329 -0.12202271391678021 0.10848749301140792 0.4335659899614184 0.3662517557444973 -0.25008393998799683 -0.6483871892812916 -0.6112822699324516 -0.4257576731882544 -0.4188620687074964 -0.6388646878554836 -0.88382282798145 -1.0351977644399906 -0.9091067110775626 -0.7422987550668498 -0.442504141212952 -0.010707955870262076 -0.07703710373278927 -0.831941613316701 -1.6269063013126344 -0.9061514520143801 -1.1737665782914082 -1.1993788235056515 -1.2069311522226727 -1.3691420385795459 -1.7677736499909722 -2.7374269848327693 -3.050684445530052 -3.1278495432909126 -3.2217611090764713 -3.083192295225053 -3.1035507465491947 -2.845786483816106 -2.3624374459267985 -2.2931530390010892 -2.8388908793353482 -3.847619306234773 -4.168100733530944 -3.7872006764986095
0.3797146025878808 0.7576594005570341 0.4266703854806604 -0.07539529314213222 -0.24712868092481433 -0.045842702510313416 0.5166416058486432 0.8056002698042075 0.2841612262116664 -0.15617237420243857 -0.2842336002736543 -0.1847398784798635 -0.16306797868319567 -0.20214307074082338 -0.3633688707433027 -0.7032236630092221 -0.7685677245173554 -1.0683623383712542 -0.7022385766548283 -0.2743827367297147 0.4979249651151578 0.35541580584616295 0.08484542050595323 -0.27241256402092695 -0.801732298448619 -1.0371679371487783 -1.130751140816205 -1.3477985009010096 -1.6397124239197565 -1.867267371784763 -2.344705891547707 -2.3749152064157886 -2.4015125379844258 -2.193330955089167 -2.398557278921244 -2.470796944910135 -2.8250996703738327 -2.772561731472821 -3.444390625169508 -4.3165204109263025 -4.41010361459373 -4.08995054941569
0.31831088649732386 0.5389702298815733 0.3836549480054572 -0.13778409558708393 -0.3906229265482031 -0.20903867522158137 0.2178320783491392 0.7061065480104167 0.3301319227500512 -0.21987462511991485 -0.32921921045764524 -0.205098329804005 -0.22677022960067283 -0.2218447978287026 -0.007752696807080461 -0.3446522300098174 -0.41130973999047615 -0.7275224597509409 -0.9902121542559987 -0.801732298448619 -0.21987462511991485 0.585926012774352 0.41780460829111465 0.21192156022277508 -0.33512972858400936 -0.8867780870446325 -1.0860938927503456 -1.4883374874612159 -1.9152082410319364 -1.9989405811554235 -2.1522856903227514 -2.120106202745882 -2.0997477514217397 -1.7960127921502655 -2.036045500504263 -2.2580182923610375 -2.6642022324894845 -3.294985861419756 -4.126070382410135 -4.660315548609798 -4.6376585624587365 -4.265624282615947
0.3271766636868696 0.3495052877197997 0.16398069097560164 0.0956813704042867 -0.16996358316395366 -0.465817851600276 -0.26551695954016896 0.08189016144277073 -0.09378357175748686 -0.5869834731907337 -0.5662966597484607 -0.4188620687074964 -0.4628625925370944 -0.5731922642292187 -0.42477258683386054 -0.5948641640258856 -0.47369854243542786 -0.2313672992545115 -0.42477258683386054 -0.869046532665541 -1.018451296415293 0.019501358997819906 0.5320746254008153 0.37216227387086054 -0.2645318731857751 -1.002033190508727 -1.1241838984535786 -1.4669939497826805 -2.0770907652706785 -2.870085280557824 -3.090744623942073 -3.01554969889 -2.6573066280087265 -2.499036087069429 -2.7548301770937296 -2.799815787277721 -2.9150708907418155 -3.517615377512793 -4.377924127016859 -4.741092629670103 -4.646524339648282 -3.8807838801660366
0.054636105637871246 0.028367136187365638 0.09272611134110509 0.26347441276939243 0.11505473537403432 -0.32527886504006975 -0.7734931562893257 -0.7160297856163442 -0.561699590094622 -0.36829430251527295 -0.5948641640258856 -0.8729868780831165 -0.9422712850088262 -0.8027173848030138 -0.7902396243140233 -0.9396443880637753 -0.6845070222757368 -0.2743827367297147 0.08090507508837685 -0.21593427970233936 -1.015824399470242 -0.7892545379596294 0.11603982172842908 0.2969673488187876 -0.28620377298244204 -1.0351977644399906 -1.2354986565000976 -1.435471186442073 -1.5586069807413194 -2.8566224337144397 -3.681796436578455 -3.7950813673337613 -3.747140498086588 -4.037084248396546 -3.701169801548203 -3.141640752252428 -3.403345360403093 -4.749958406859649 -5.508803261861137 -5.671999234572405 -5.0106779286559195 -3.823320509493055
-0.3134578287873415 -0.435608536732194 -0.18375479212546963 0.31240036837095975 0.28514631256606027 -0.31936834691370564 -1.151437954258479 -1.84658055834249 -1.1757367510001968 -0.5068631163666915 -0.7071640084267985 -1.0575263884729198 -0.9971077587367567 -0.7081490947811924 -0.682536849566949 -0.8486880813413986 -0.6171927880588157 -0.21396410699355073 0.46377530482950036 1.1953661040260881 0.2999226078819701 -0.8798824825638745 -1.3701271249339397 -1.1727814919370143 -0.8670763599567524 -0.9406294744181691 -1.3868735929586373 -1.84658055834249 -2.120106202745882 -2.2491525151714917 -2.580141530247866 -3.0421470304586373 -3.2861200842302103 -3.5205706365759752 -3.2861200842302103 -4.03806933475094 -6.3681269250108095 -8.846604192666037 -9.894736073741221 -9.790973644411721 -7.791905069228227 -5.357428325402597
