static/data/ASCData/20210111/ASCV/18.asc
ncols 97
nrows 97
xllcorner 99.0
yllcorner 2.0
cellsize 0.25
NODATA_value -32767
[rows 76 to 94 of 97, columns 42 to 83 of 97]
-11.000795285766838 -10.97728315733536 -10.950076265864652 -11.04983486792392 -11.154295895669481 -10.981313807923613 -10.952091591158776 -11.19325885135593 -11.440472087435463 -11.675593371750235 -11.69809783753465 -11.05957560684553 -10.56615679733353 -10.263522115665515 -9.838624366153818 -9.574952640172253 -9.664970503309908 -9.681428993211942 -9.217568288013798 -8.102421625263732 -7.01851250457263 -6.582866353492259 -6.363195896432456 -6.048805150548704 -5.9060529422147345 -5.723666003096275 -5.54564560211509 -5.003858985544049 -4.460728818776925 -3.821198925440743 -4.8486789378963 -5.668916332605836 -5.957779624763984 -6.381669711628618 -7.080987588690555 -7.444082029182369 -7.862262027713643 -7.924737111831568 -7.7890385420270425 -7.451135667711812 -6.936555942611481 -6.4948638156487295
-11.254726272826792 -11.151272907728291 -11.08980548625743 -11.344744135964447 -11.593636809789086 -11.448197501062948 -11.390424842631319 -11.622859026553922 -11.471709629494425 -11.66786795812275 -11.34843889900368 -10.728390483510722 -10.25579670203803 -10.013621779193814 -9.698223370662998 -9.760698454780922 -9.82989128987927 -9.606190182231215 -9.141657701935028 -8.054725593302736 -6.962755171435127 -6.486130739374181 -6.185511383000293 -5.818386291920226 -5.585952107997622 -5.394496205055593 -4.788890954170543 -4.224599871815089 -2.7655043588674135 -1.7655671254315877 -2.305674304257522 -3.5222590068119604 -4.141635647206876 -4.8641297651512705 -5.54564560211509 -6.119005648294114 -6.535170321531262 -6.985259637219541 -6.974511235650866 -6.970480585062613 -6.86030946898369 -6.225482001333805
-11.808604841162593 -11.730343042240676 -11.530154063024098 -11.808604841162593 -12.239212679007647 -12.28590104832158 -12.22174652645855 -12.084032631359896 -11.932547346751381 -11.356500200180186 -10.97728315733536 -10.721672732530301 -10.341783914587431 -10.077104525958802 -9.845678004683261 -9.940398293507213 -9.824181201545912 -9.600480093897856 -9.178605332327349 -8.100406299969606 -6.932525292023228 -6.427686305844508 -6.157968603980562 -5.791851175547559 -5.503659658487452 -4.740187259562483 -4.134582008677432 -2.9374787839662186 -1.4118775363123648 -0.31352525101335527 -0.5476388726810644 -1.3221955607237303 -2.340606609355717 -3.1863714577908566 -3.937416017402045 -4.510776063581069 -5.3827401408398545 -5.931580395940339 -6.174762981431617 -6.158976266627626 -5.749865231919921 -5.044837266524624
-12.35542977096895 -12.316466815282501 -12.029282960869459 -12.126018574987537 -12.582825641656237 -12.709791135186215 -12.574092565381688 -12.338635393517894 -11.839842383221555 -11.192251188708866 -10.821095447040548 -10.636693182627962 -10.402243673411231 -10.070386774978381 -9.795966647428138 -9.913863177134546 -9.831906615173397 -9.576967965466379 -9.205812223798059 -7.908950397027577 -6.691358031826075 -6.112287897313692 -5.6766417462333205 -5.315226743486613 -4.4802102966201485 -3.622017608871228 -2.8350330815147817 -1.5546297446463342 -0.5439441096418323 0.12010557477288941 -0.5701433384654786 -0.44922382081788115 -1.3544407654297563 -2.143440618080329 -2.903218253966066 -3.78693839544059 -4.765378825739066 -5.801591914469171 -5.959794950058111 -4.804677668974535 -2.9851748159272153 -2.414837757689381
-12.683591906362569 -12.567374814401266 -12.264404245184231 -12.272465546360737 -12.48609002753816 -12.481387601851864 -12.321169240968796 -12.006778495085044 -11.549635540867321 -11.110294626747717 -10.662892411451608 -10.313233472920638 -10.183580878998491 -9.788913008898696 -9.816455787918425 -10.019331867527171 -9.869190133114738 -9.44630770889717 -8.35433728702956 -7.0124665286902506 -5.67966473417451 -4.912161684661288 -4.038854057206418 -3.252877192497035 -2.3221327941595566 -1.6103870777838374 -0.9970564132713013 -0.4989351780730047 0.2762932850677027 0.32432520457772096 -0.4267193550334669 -0.23123280150318504 -0.6520999004266281 -1.3601508537631153 -1.724588844451013 -2.6345082147491827 -4.448300979463143 -6.160991591921753 -5.609128348880079 -2.97744940229973 -0.4656823107199157 -0.4042148892490536
-12.960699134304978 -12.60533010744065 -12.125010912340471 -11.945311073614182 -11.933555009398443 -11.74411443175054 -11.516382673514233 -11.245993196552243 -10.892639494982042 -10.570187447921782 -10.331035513018756 -9.970628172919112 -9.54102799772112 -9.405329427916595 -9.822165876251784 -10.286026581449928 -10.08886059017454 -8.960950200561674 -7.20392243163228 -5.143588205936829 -3.5185642437727283 -2.751732969357548 -2.119928489648852 -1.42867191376342 -0.7370794503289675 -0.03104382228660718 0.32029455398946727 0.33708893144052254 0.18560364683200525 -0.12106168542426321 0.09760110898847607 0.41602250546048225 0.13186163898862802 -0.4559415717983031 -0.4831484632690124 -0.7021471452307724 -2.3681493883754476 -4.597435051228514 -4.409002136227675 -0.8066081729763361 0.7989343113445404 -0.03305914758073314
-12.519342894891249 -12.110231860183543 -11.416959959003986 -11.017589663217894 -11.067301020473018 -10.732421134098976 -10.365967818116951 -10.076096863311738 -9.68344431850607 -9.301540175269073 -9.086908031444588 -8.747997494482295 -8.70097323761934 -8.982447003699026 -9.472506937720816 -10.029072606448784 -9.774469844290788 -8.045656629479167 -5.347471948192639 -2.4773128418073065 -0.6316107599363407 0.01463688438026356 -0.3669313713077109 -0.7303616993485456 -0.5869377159165339 0.009934458693967585 0.34884499565626115 0.2030697993811028 -0.28699013464068823 -0.6796426794463581 -0.7370794503289675 -0.36222894562141494 -0.451239146112008 -0.7048342456229415 -0.9530551443495368 -0.9258482528788274 -1.2617358018999312 -1.8643180648437916 -1.8347599605299347 0.7247031630108767 1.9201269499769857 0.841927917619242
-11.639653404004978 -10.915815735864498 -10.43549654076432 -10.398213022822977 -10.299797970959794 -9.950139032428826 -9.583013941348758 -9.204132786052954 -8.72549302869788 -8.205874990362233 -7.968738380753333 -8.085963135361698 -8.520265736245985 -8.72851601663907 -9.1698722560528 -9.458063773112908 -8.413117608108253 -6.210031174078833 -2.657012680533597 0.6340135247751784 2.6133988511565445 2.8770705771381095 1.0098716921297939 -0.7343923499367984 -0.6181752579754969 -0.14726091424790866 0.23262790369495967 0.38377730075445626 0.08685270741980045 -0.5046452664063636 -0.6531075630736911 -0.3991765760137369 -0.1932775084638001 -0.4539262465041771 -0.9023361244473502 -1.1475340352327565 -1.1502211356249248 -1.0524778588597838 -0.7508508398388329 0.5957223441867727 1.5126953530143865 1.2285344865425323
-11.07133167106127 -10.461695769587966 -10.110357393311892 -10.26856042890083 -9.761706117427986 -9.432536319387303 -8.977408690463708 -8.495074170069403 -7.882751168203931 -7.431654189868588 -7.542832968594573 -7.70002834153645 -8.091673223695057 -8.595504547226714 -8.996890168306932 -8.614986025069937 -7.466586494966783 -4.3408169637763905 -0.46971296130816853 3.2257218530220158 4.528293768125856 3.734591489788988 0.8879445118351335 -0.47643071228859046 -0.19126218316967325 0.17384758261626665 0.2316202410478967 0.30954615242079253 0.24438396791069827 -0.4314217807197629 -0.5691356758184156 -0.6776273541522322 -0.5244626317986087 -0.4072378771902434 -0.7646222293486975 -1.5166744516069492 -1.825019221608323 -1.9432516388637513 -1.3161495848413507 -0.2127589863070245 0.5849739426180971 0.7431769782070372
-11.026322739492443 -10.579928186843395 -10.171824814782752 -10.09759366644909 -9.454033122524654 -9.000920818895185 -8.502799583696888 -7.911973384968767 -7.320139523593582 -7.2012353312401105 -7.297635057809168 -7.4941292739865135 -7.744029610458215 -8.14743055683256 -8.198149576734748 -7.753770349379827 -5.47544510436968 -2.24420688278666 1.7861078179175642 4.679779052734375 3.890779200083802 2.762868810470934 0.7697120945797042 0.13891527751807153 0.32902763026401605 0.01564454702732654 0.01564454702732654 -0.24198120307185977 -0.387756399347019 -0.43343710601388974 -0.525134406896651 -0.809631160917526 -0.8066081729763361 -0.6531075630736911 -0.42974234297465763 -1.1374574087621232 -2.0645070440603694 -2.392333291904967 -1.8972350446478599 -0.7928367834664707 -0.09351890640453231 0.4375193085978326
-10.88860884439379 -10.83083618596216 -10.488230885960633 -9.973651160860303 -9.263584882229688 -8.711721639188015 -8.051702605361546 -7.464907057221677 -7.0447117333962765 -6.918753902513362 -6.664822915453408 -6.786078320650026 -6.733343975453713 -6.716549598002658 -6.65306685123767 -5.597708172213361 -3.271351007693196 0.007919133399840739 3.901527601652477 3.605610670964884 2.529426963901267 2.045077118212836 1.2198014102679835 0.6494643520301491 0.2843545862442092 0.00019371977235582705 -0.4589645597394929 -0.7380871129760305 -0.8066081729763361 -0.7683169923879296 -0.7753706309173731 -0.7898137955252809 -0.7380871129760305 -0.5751816517007953 -0.3514805440527402 -0.5321880454260937 -1.4481533916066445 -2.357400986806772 -2.081973196609467 -1.238223673468454 -0.6903910810150338 -0.000813942874707152
-10.953099253805842 -10.923877037041006 -10.618891142529844 -9.803692061055624 -9.072128979287658 -8.332840483892209 -7.679539201046163 -7.12196586967113 -6.703114096041814 -5.901350516528439 -5.534225425448373 -5.336723546623963 -5.090853860740515 -4.948101652406546 -4.493981686130014 -3.249854204555845 -0.5886171536616391 2.6923324251765024 2.9062927939029457 2.0588485077227006 1.751175512819371 1.6201793687011392 1.1076149688949348 0.8546916444820436 0.2961106504599478 -0.025333733953248228 -0.48516378856313924 -0.8193718998391377 -0.8838623092511897 -1.2321776975860743 -1.0800206378795139 -0.7908214581723438 -0.617167595328433 -0.5009505033671315 -0.6074268564068213 -0.788806132878217 -1.2244522839585885 -2.1091800880801763 -2.049727991903441 -1.4824139216067964 -0.9980640759183652 -0.1768190185617664
-11.08980548625743 -10.73040580880485 -10.366975480764015 -9.342518456249648 -8.66772037026625 -7.8857741561451205 -7.2381829616324325 -6.635600698688572 -5.752888219861111 -4.805685331621598 -4.363321429560805 -4.088901302010562 -3.7372270381854666 -3.573313914263168 -2.6979909615141717 -0.583914727975344 1.683662115466129 1.9621128936046226 1.6457068224267433 1.3380338275234127 1.4045395622295906 0.7324285766383625 0.45901611173518386 0.5392932359512272 0.2433763052636353 -0.07706041650249773 -0.3044562871897858 -0.5137142302299331 -0.7246516110151866 -1.2771866291549019 -0.9725366221927612 -0.7636145667016345 -0.6853527677797171 -0.9812696984673099 -1.148205810330798 -1.4686425320969319 -1.8730511411183404 -1.9099987715106623 -1.7276118323922027 -1.231505922488032 -0.7226362857210598 -0.00786758140415067
-10.595714901647387 -10.01261411654675 -9.530279596152445 -8.644544129383794 -8.061443344283157 -7.166974801239959 -6.389395125256103 -5.5439661643699845 -4.669986761817072 -4.0576637599516 -3.7976867970092654 -3.3737967101446324 -2.8074903024950513 -2.050735654550504 -0.2450041910130505 1.4317464537003 1.7589009264468558 1.5734909993872064 1.2412982134053347 1.2023352577188868 0.9893825516395065 0.3817619754603294 0.42777856967622085 0.2833469235971462 0.28536224889127304 0.1876189721261321 -0.09654189434572213 -0.2362711147385017 -0.43746775660214254 -0.4384754192492055 -0.4072378771902434 -0.5106912422887433 -0.655122888367818 -1.0877460515069997 -1.53212527886192 -1.8955556069027546 -2.0937292608252056 -1.8982427072949228 -1.3299209743512153 -0.589624816308703 -0.04078456120821894 0.22557426516551615
-9.102358858699558 -8.864214586443596 -8.577030732030552 -7.81255067045852 -6.988282625160731 -6.138487126137338 -5.246033908388266 -4.364329092207868 -3.7802206444601683 -3.388575762301561 -2.5918504960235027 -1.570080571901305 -0.4394830818962694 0.7334362392854255 1.8039098580156843 2.0538101944873848 1.8479111269374489 1.5781934250735015 1.3175446870331253 1.0303608326200813 0.9796418127178947 0.9638550979139024 0.2433763052636353 -0.14356615120867655 -0.27422640777788576 -0.1375201753262969 0.03344658712544479 0.11809024947876345 0.258827132518606 0.4543136860488879 0.4103124171271233 0.1123801611454045 -0.42873468032759376 -1.0867383888599367 -1.5485837687639545 -1.890517293667438 -2.088690947589889 -1.7712772137649457 -1.0165378911145257 -0.03809746081604981 0.4220684813428619 0.549033974872839
-8.227371793499582 -8.255922235166377 -7.792733305066275 -7.039001645062918 -6.08105035525473 -5.115037764270035 -4.38952065838445 -3.6777749420087313 -2.782298736318469 -1.6043411019014577 -0.07202210326718195 0.9658704232080293 1.6581346617405242 2.0255956403696125 1.7333734727212509 1.5617349351714678 1.5449405577204125 1.4005089116413378 1.2540619402681363 1.4159597388963086 1.3780044458569236 1.1895715308560844 0.5060403685981383 0.2316202410478967 -0.3447627930723183 -0.4344447686609527 -0.13852783797335988 0.227589590459643 0.6027759827162162 0.7324285766383625 0.4190454934016721 0.14261004055730364 -0.36995435924890074 -0.9295430159180595 -1.308424171213865 -1.4159081869006185 -1.2577051513116784 -0.7058419082700045 -0.0740374285613079 0.3115614777149194 0.47177983859798545 0.7119394361480751
-7.903240308694218 -7.423592888692082 -6.762566192218549 -6.155281503588394 -5.4841781806442285 -4.900405620445549 -4.059343197696705 -2.739305130043767 -1.3252185486649202 0.26084245781273196 1.359530630660763 1.232565137130786 1.5449405577204125 1.5214284292889353 1.3722943575235647 1.3692713695823748 1.3165370243860615 1.0253225193847646 0.7707197572267681 0.9601603348746703 1.2725357554642969 1.2043505830130128 1.0273378446788914 0.808675050266153 0.14664069114555733 -0.2517219419934724 -0.10057254493397583 0.13085397634156504 0.3653034855582957 0.3310429555581429 0.2393456546753816 0.2762932850677027 -0.17077304267938587 -0.7763782935644361 -1.0867383888599367 -1.0790129752324509 -0.7048342456229415 -0.15028390218909848 0.34783733300919817 0.5597823764415146 0.6464413640889592 0.8614093954624664
-8.148438219479624 -7.17671554016157 -6.693373357120202 -6.0995241704508905 -5.157023707897673 -4.470469557698537 -3.18737912043792 -1.716863430823527 -0.2812800463073293 0.9336252185020033 0.9668780858550923 1.1210504708557796 1.266825667130938 1.1915868561502112 1.143554936640193 1.3175446870331253 1.2423058760523977 0.8829061985998168 0.6571897656576349 0.7324285766383625 0.9228768169333277 1.1123173945812308 0.9326175558549403 0.4620390996763737 0.32130221663653113 0.08013495643937851 0.28536224889127304 0.47077217595092247 0.18258065889081543 -0.03104382228660718 0.00019371977235582705 0.0529280649686692 -0.19126218316967325 -0.6981164946425196 -1.0840512884677675 -1.0642339230755224 -0.6386643984657834 0.03814901281174077 0.4425576218331493 0.4650620876175635 0.7032063598735263 1.071339113600656
-8.635811053109245 -7.758808662615143 -6.727297999571333 -5.969535688979723 -5.095556286426811 -3.9501797442648465 -2.5360931628859995 -0.9577575700358327 0.41501484281341927 0.746199966148227 0.9003723511489143 0.9366482064431931 1.2275268238954693 1.1532956755618056 1.0888052661497536 1.2265191612484063 1.0683161256594662 0.7216801750696868 0.46002377438224684 0.3908309392838998 0.5030173806569485 0.522498858500172 0.2040774620281658 -0.058586601306337194 -0.03608213552192385 0.3458220077150713 0.5460109869316492 0.42307614398992577 0.08517326967469518 0.09592167124336992 0.011949783988094431 -0.17950611895393465 -0.21947673728744643 -0.6719172658188732 -1.076997649938324 -1.0507984211146786 -0.3484575561115504 0.3790748750681612 0.7314209139912986 0.7814681587954428 1.0938435793850703 1.4552585821317772
