static/data/ASCData/20210111/ASCV/21.asc
ncols 97
nrows 97
xllcorner 99.0
yllcorner 2.0
cellsize 0.25
NODATA_value -32767
[rows 76 to 94 of 97, columns 0 to 42 of 97]
-2.3095927071764537 -2.3534421263145218 -2.2832830556936132 -1.8107212386748968 -1.428893988949568 -0.9532964429136008 -0.463869464687936 -0.04797458932456955 0.4981193305564444 0.3193486217627832 0.19926867396930525 -0.3623411942221022 -1.0656184165518825 -1.9972499216237551 -2.439454448469962 -3.114398199972068 -3.703329629318733 -4.318570710148238 -4.9709151456330325 -5.335877234151413 -5.50587805911746 -6.038142546808777 -6.599752415000184 -7.235568992502167 -7.744222254503755 -8.272439103505402 -8.728473062541308 -9.19530072474966 -9.742406554303091 -10.03518575285573 -10.284115532270299 -10.641656949857623 -10.992114999738025 -11.319299127152838 -11.526403306774174 -11.469736365118827 -11.088921025065915 -10.859554832651405 -10.825149903789228 -10.751955104151069 -10.75802656218557 -10.85145955527207 -11.244080508169846
-2.243143972021074 -2.3652477391593862 -2.4219146808147354 -1.791157651674836 -1.4248463502598998 -1.587089201070751 -1.1141900808278962 -0.3525594007220718 0.31631289274553254 0.448198453383875 0.9480818315578485 0.6971282327984447 -0.32051559442886823 -1.2980203379836421 -2.6192370669360407 -3.3046372183864547 -4.109442711182069 -4.811708023839433 -5.510937607479545 -6.017567050136298 -6.149452610774641 -6.521498066999939 -7.080072206174096 -7.55971739089973 -8.065334923884066 -8.441428018799034 -8.895438158490105 -9.315380672543139 -9.708001625440916 -9.983578359562465 -10.312449003097974 -10.67201424003013 -11.07340507675552 -11.3985653848255 -11.497057926274085 -11.437692558825624 -11.191461205204165 -10.998186457772528 -10.98435702558283 -11.01066667706567 -11.031242173738148 -11.530450945463844 -11.932516388637511
-2.2930648491936436 -2.42697422917682 -2.3544540359869384 -1.7098675746573413 -1.835007070812904 -1.9972499216237551 -1.5938352655535306 -0.8564904175857126 -0.19841182729055618 0.3348645700731767 1.0098083215752824 1.4891162030767777 0.4724842855218814 -0.8946056819134185 -2.216834320538233 -3.5431105978527158 -4.35466215513111 -5.241432331392497 -5.962923927825783 -6.483382802672234 -6.6260620664830245 -6.952234284225422 -7.381958591778487 -7.861266473279982 -8.25995888421226 -8.616151088903027 -8.99696642895594 -9.350797511077733 -9.644588619302787 -9.956931404855485 -10.312449003097974 -10.690565917357775 -11.091956754083164 -11.221818495376674 -11.298723630480362 -11.289953746652749 -11.149635605410932 -11.059575644565822 -11.141540328031596 -11.211024792204226 -11.719678054205813 -12.21888682593151 -12.675932694639831
-2.508938912642593 -2.595625841246312 -2.406398732504342 -2.13486963707246 -2.363223919814552 -1.9891546442444197 -1.4366519631047643 -1.0332373070345406 -0.5029966386880584 0.37702747309054985 0.8037160516263633 1.3926474809730287 1.327210655490065 -0.07630806015224412 -1.8019513548472839 -3.3339825988865464 -4.6231555215457405 -5.506889968789878 -6.237488752274915 -6.736360220776472 -6.886797458742459 -7.227473715122832 -7.642693984037921 -8.068370652901317 -8.446487567161117 -8.725774636748197 -9.019565744973251 -9.337979988560452 -9.611532903337167 -9.929609843700227 -10.266575764615073 -10.623105272529978 -10.775566329840798 -10.859554832651405 -10.849773039151374 -10.890586729272192 -10.916221774306756 -10.966817257927602 -11.094655179876277 -11.457930752273962 -12.019540620465369 -12.624999907794844 -13.067541737865191
-3.1299141482824613 -3.0030881360062036 -2.9228099686611255 -2.9005479558679523 -2.8388214658505184 -2.1689372627104975 -1.0966503131726695 -0.7900416824303331 -0.38966275537736017 0.3193486217627832 0.5713141301946036 1.3164169523176188 1.400405455128226 0.8954625285921667 -0.7070650892921435 -2.7042374794190644 -4.396487754924344 -5.660362935773115 -6.373084648378787 -6.905349136070103 -7.094913548036211 -7.440649352778669 -7.871048266780012 -8.318312341988305 -8.692381617558437 -8.958176558179956 -8.960874983973067 -9.24522160192223 -9.503933174836831 -9.778497999285964 -10.126932229821534 -10.388679531753384 -10.481437918391606 -10.356635725460182 -10.278381377459937 -10.424770976736255 -10.607589324219585 -10.757014652513154 -10.848761129478959 -11.285231501514803 -11.957139523999658 -12.574404424173997 -12.919128319244038
-4.021406569681794 -3.8915448283882856 -3.731663100146408 -3.605511694318428 -3.1788231157826137 -2.0889963985895585 -0.9394670107239032 -0.40349218756705785 0.1921853062623864 -0.14376870498004113 -0.09857007294541731 0.8428432256264857 1.039828308523652 0.7089338456433092 0.027244029658423763 -1.3944890600873912 -3.5684083396631396 -5.690382922721485 -6.491140776827431 -6.94245249072539 -7.4180500367613575 -7.812694809003968 -8.21678407152247 -8.627956701747891 -8.959188467852373 -9.09950660909419 -9.055657189956122 -9.002025977318024 -9.269507434060237 -9.613219419457861 -9.902288282544971 -10.04496754635576 -9.96199095321757 -9.786255973441161 -9.768716205785932 -10.005840372355639 -10.521577002064143 -10.737451065513094 -10.693264343150886 -11.164139644048907 -11.861345408344185 -12.441506953863238 -12.690436733277807
-4.436626838596883 -4.317558800475822 -4.021406569681794 -3.6240633716460717 -3.0489613744891053 -1.9122495091407314 -0.7539502374474623 -0.3302973879288986 -0.1778363306180779 -0.5879970511710821 -0.04595076997973546 0.249864157590153 0.23907045441770514 -0.116109840600644 -0.06855008599704782 -0.3603173748772681 -2.140603791882823 -5.051867919426389 -6.550843447500031 -6.914119019897716 -7.628864551848222 -8.126049504229083 -8.513610908764775 -8.826290997541614 -9.04992303514576 -9.129863899266699 -9.029347538473282 -8.69440543690327 -8.99696642895594 -9.3410157175777 -9.66988636111321 -9.801771921751554 -9.634806825802757 -9.385877046388186 -9.410162878526194 -9.824371237768865 -10.398461325253415 -10.48346173773644 -10.534394524581426 -11.141540328031596 -11.755769499188684 -12.056643975120657 -12.059679704137908
-4.314523071458571 -3.982616698905811 -3.442594237059299 -2.7588806017295795 -2.0107420505893145 -1.1270076033451772 -0.5029966386880584 -0.1758125112732447 -0.4210319552222854 -0.49017911617077736 0.0771649068309932 -0.343789516894458 -0.39067466504977677 -0.4736512581879664 -0.545834148153709 -0.7208945214818412 -1.7618122711747448 -3.4513641208869124 -6.351497242033892 -7.124933534984581 -7.700372835365687 -8.225553955350083 -8.617162998575443 -8.874188055369348 -8.941311396973006 -8.953117009817872 -8.775358210696627 -8.633690856558253 -8.978414751628295 -9.263773279249875 -9.435460620336617 -9.335956169215617 -9.216888131094557 -9.259725640560207 -9.400381085026163 -9.886772334234577 -10.319532370804893 -10.363381789942961 -10.567450240547046 -11.057551825220989 -11.466026029653298 -11.65828886741252 -11.39552965580825
-2.825329336884959 -1.9972499216237551 -1.0497651650173507 0.17970508696924448 0.8532996255747944 0.8516131094540995 1.0742332373858279 0.02926784900325785 -0.6318464703091502 -0.12690354377309188 0.21377271260728126 -0.5293062901708989 -0.5343658385329837 -0.5370642643260952 -0.6456759024988488 -0.8507562627753504 -1.1856983643453605 -2.6934437762466166 -6.615268363310577 -7.530372010399639 -7.940532730952643 -8.294026509850298 -8.652242533885898 -8.832025152351976 -8.904208042317718 -8.8573228941624 -8.699127682041217 -8.722738907730946 -8.84686649421409 -9.071510441490654 -9.161233099111623 -9.197324544094496 -9.366313459388126 -9.422980401043475 -9.556552477802512 -10.057785068873041 -10.36709212540849 -10.411278847770696 -10.610287750012697 -10.922967838789535 -11.23261219854912 -11.132770444203981 -10.838979335978927
-0.571469193188272 0.2849436929006073 1.6091961508702557 2.7010466874081445 3.1074970724956206 3.0869215758231423 1.8672331173365784 0.4637144016942685 -0.39573421341186155 -0.05978020216943403 -0.06349053763496304 -0.6122828833090885 -0.8986533206030858 -0.9765703653791906 -1.057523139172547 -1.1583768031901034 -1.6144107622260089 -3.1855691802653934 -7.187671934674432 -7.9240048729698325 -8.13380747838428 -8.426923980161057 -8.54902774729937 -8.72476272707578 -8.872164236024515 -8.854624468369288 -8.856648287714123 -8.986510029007631 -9.06948662214582 -9.173038711956488 -9.358555485232928 -9.974808475734852 -10.143460087804343 -9.801771921751554 -9.87294290204488 -10.103658307355943 -10.442310744391483 -10.575208214702242 -10.624117182202395 -10.889574819599776 -10.973563322410381 -10.870011232599714 -10.688542098012942
0.7234378842812852 1.4138975840937853 2.676760855270139 3.3162877682376504 3.719702424307876 3.6006343861868135 2.3897158115278643 0.9551651992647674 0.20095519009000018 -0.2675589882390481 -0.6942475667748615 -0.8925818625685844 -0.9775822750516081 -1.057523139172547 -1.1681585966901338 -1.2939726992939748 -2.1689372627104975 -3.8193619384225435 -7.7529921383313685 -8.292002690505463 -8.405336573816161 -8.521706186144112 -8.644484559730701 -8.782441578403546 -8.930854997024698 -9.097820092973494 -9.200360273111746 -9.452325781543566 -9.54103652949212 -9.61726705814753 -9.888796153579412 -10.477727582926075 -10.350564267425678 -10.007864191700472 -9.897566037407024 -10.026415869028117 -10.583978098529856 -10.437588499253536 -10.621081453185145 -10.681796033530162 -10.76848296213388 -10.811657774823669 -10.64570458854729
0.7969699871435836 1.3828656874729983 2.3367592053380424 2.8963452541846166 2.960770169995163 2.8417021318741007 2.8066225965636473 1.6102080605426732 0.5966118720050275 -0.3360315427392617 -0.91720499793073 -1.0450429198794051 -0.9600425073963805 -0.6777197087920515 -0.788017863085499 -1.4794894725704157 -2.428660745297515 -4.300693639268873 -8.257935064867427 -8.688671282092908 -8.552738082764897 -8.673829940230792 -8.833037062024394 -8.9706567774731 -9.275578892094739 -9.459071846026346 -9.66988636111321 -9.929609843700227 -9.988300604700411 -10.016634075528085 -10.268599583959906 -10.306714848287612 -10.180563442459633 -9.977506901527963 -9.865184927889683 -9.941415456545093 -10.247012177615012 -9.121094015439084 -10.441298834719067 -10.464910060408794 -10.62883942734034 -10.67201424003013 -10.16133715868371
0.5116114595220038 0.9119903865749768 1.73737137604307 2.1765401738720254 2.177552083544443 1.9900114909231679 2.01564653595773 2.0935635807338357 0.7784183098159394 -0.16400689842838023 -0.8682960304305771 -1.299706854104337 -0.815339424240757 -0.6797435281368855 -0.893593772241001 -1.60732739451909 -2.7315590405743215 -4.735477495184022 -8.68462364340324 -8.881946029524546 -8.688671282092908 -8.844842674869257 -9.010795861145638 -9.360579304577763 -9.71677150926853 -9.875978631062129 -10.073301017183436 -10.199115119787276 -10.267587674287489 -10.285127441942716 -10.343818202942899 -10.317508551460058 -10.307726757960028 -10.214968371321808 -9.915105805062252 -10.103658307355943 -9.363277730370875 -6.679693279121123 -9.240162053560146 -10.683819852874995 -10.774554420168382 -10.329988770753202 -9.800760012079136
0.28325717677991236 0.3797258988836614 0.9207602704025906 1.491140022421611 1.6317954668875672 1.402429274473059 1.238162604317374 1.496874177231975 0.8347479482471503 -0.09688355682472238 -1.064606506879466 -1.674788039346887 -1.709192968209063 -2.0360397923997384 -2.03536518595146 -1.9844323991064732 -2.8732263947126953 -4.977661210115812 -8.813473475024331 -8.875199965041766 -8.732520701230976 -8.916013655162583 -9.28536068559477 -9.674945909475296 -9.931633663045062 -10.020681714217753 -10.236555777666704 -10.273659132321992 -10.492231621564052 -10.58600191787469 -10.547886653546986 -10.482449828064022 -10.47671567325366 -10.320206977253171 -9.94242736621751 -10.10467021702836 -9.150439395939177 -6.7188204531212445 -9.496175200681634 -10.916221774306756 -10.560704176064267 -9.943439275889926 -9.216888131094557
0.39153151172852585 0.4131189180734207 0.888716464109387 1.5282433770768993 1.7157839696981743 1.2479443978174043 0.7207394584881737 0.608417484849892 0.5507386335221263 0.11528017115869815 -0.44228205834304113 -1.0966503131726695 -1.3799850214494152 -1.7010976908297275 -1.955087018606382 -2.159155469210467 -2.9238218783335426 -4.799902410994568 -8.663036237058346 -8.812461565351915 -8.704187230403301 -9.003037886990441 -9.4941513813368 -9.966038591907239 -10.152567274856096 -10.075324836528269 -10.262865429149544 -10.232508138977035 -10.437588499253536 -10.630863246685175 -10.684494459323272 -10.730367697806175 -10.682807943202578 -10.43354086056387 -10.0712771978386 -9.837863366734425 -10.115463920200808 -9.662128386958013 -10.866300897134185 -10.82818563280648 -10.326278435287673 -9.639866374164841 -8.906231861662553
0.5966118720050275 0.5136352788668379 0.8114740257815605 1.2361387849725407 1.2644722558002144 0.7038742972812244 -0.011883144341698682 -0.5498817868433772 -0.8544665982408794 -1.1094678356899506 -0.5937312059814452 -0.7988115662579469 -0.9249629720859263 -1.399548608449476 -2.1035004372275345 -2.648582447436132 -3.2422361219207425 -4.714901998511545 -8.394542870643715 -8.470773399299125 -8.391507141626464 -8.92006129385225 -9.519449123147224 -10.060483494666153 -10.375187402787825 -10.339770564253232 -10.189670629511385 -10.136714023321563 -10.292210809649635 -10.720923207530284 -10.756002742840737 -10.831221361823731 -10.734415336495843 -10.398461325253415 -10.120186165338755 -9.908359740579472 -10.295921145115164 -10.890586729272192 -11.277473527359605 -11.325370585187342 -11.031242173738148 -10.347865841632567 -9.549806413319732
0.36724567959051857 0.3466701829180412 0.12303814531389445 0.2373839382970102 0.3260946862455629 0.027244029658423763 -0.49726248387769534 -1.1094678356899506 -1.9267535477787074 -2.129810088710375 -1.0291896683448725 -0.6544457863264617 -0.975558455706774 -1.6552244523468254 -2.4219146808147354 -3.050985193833939 -3.5343407140251024 -4.368154284096669 -8.098727943073825 -8.791886068679437 -8.41916600600586 -8.750060468886202 -9.376095252888156 -9.930621753372645 -10.294909235442747 -10.438600408925954 -10.274333738770268 -10.189670629511385 -10.274333738770268 -10.805586316789167 -10.752967013823486 -10.650426833685236 -10.546874743874568 -10.298956874132415 -10.033161933510897 -10.162011765131988 -10.419036821925893 -10.916221774306756 -11.457256145825685 -11.822218234344064 -11.905194827482255 -11.431621100791121 -10.854495284289321
-0.251031130256238 0.246153822124624 0.21073698359003057 -0.30769807191158716 -0.2598010140838509 -0.4375598132050955 -0.9863521588792219 -1.714927123019426 -2.534236654453016 -2.6037211186256473 -1.7989156258300323 -1.0352611263793738 -0.7313509214301499 -1.4639735242600223 -2.4404663581423787 -3.1005687677823697 -3.443268843507577 -3.905374260577984 -6.282350081085401 -7.955036769590619 -8.396566689988548 -8.67180612088596 -9.236451718094617 -9.696196012596051 -10.040245301217816 -10.320206977253171 -10.287151261287551 -10.129967958838783 -10.319532370804893 -10.767471052461463 -10.769494871806296 -10.6025297758575 -10.507747569874446 -10.348540448080845 -10.281417106477187 -10.36709212540849 -10.710129504357836 -11.049793851065793 -11.394517746135833 -11.721701873550646 -11.748011525033487 -11.323346765842508 -10.752967013823486
-0.651410057309211 -0.0010894411692508044 0.39827757621130555 0.0039701071928339715 -0.4463296970327093 -0.6581561217919907 -0.9903997975688892 -1.552684272208575 -2.0761788760722766 -2.1524094047276874 -2.016813508623816 -1.8360189804853206 -1.5020887885877272 -1.9746506056064428 -2.8965003171782846 -3.0793186646616135 -3.363327979386638 -3.40245515338676 -4.658235056856196 -5.995305037343125 -8.372955464298819 -8.807739320213969 -8.943335216317841 -9.369349188405376 -9.699231741613303 -9.912070076045001 -10.166059403821656 -10.05171361083854 -10.347865841632567 -10.637609311167955 -10.694276252823304 -10.581279672736745 -10.484473647408855 -10.488183982874384 -10.465921970081212 -10.60556550487475 -10.885864484134245 -11.221818495376674 -11.40531144930828 -11.476482429601607 -10.972551412737964 -10.566438330874629 -10.467945789426047
