static/data/pressure/2023/7/3/0.asc
ncols 137
nrows 93
xllcorner 108.0
yllcorner 17.0
cellsize 0.25
NODATA_value -32767
[rows 19 to 37 of 93, columns 86 to 128 of 137]
100.77043540086675 100.77070612325089 100.77214997596631 100.7759400893443 100.78415200166329 100.79516137861842 100.80969014656739 100.8327015492195 100.85444958074558 100.86897834869455 100.87195629492012 100.86970027505227 100.88720698922681 100.91021839187891 100.93747111188256 100.95145843506326 100.98096717493478 101.00244448407672 101.02193649573498 101.02419251560283 101.01814638235699 100.99215703347932 100.93972713175042 100.94315628194956 100.95218036142096 100.9537144549311 100.93692966711428 100.9287177547953 100.88440952459067 100.84091346153846 100.83622094021334 100.8979456437978 100.9619263672501 101.00767845017015 101.0501818644805 100.99495449811546 100.95272180618925 100.90489418499077 100.86419558657471 100.80192943822196 100.78415200166329 100.79543210100256 100.8149241126608
100.75771144881206 100.76267469252134 100.76944275212489 100.77819610921216 100.78893476378313 100.80247088299025 100.8199775971648 100.83640142180276 100.84741079875789 100.85616415584515 100.86816618154212 100.89821636618194 100.93115425625258 100.96418238711796 100.99991774182475 101.00695652381243 100.99369112698946 100.96815298208537 100.95218036142096 100.95569975241482 100.95019506393727 100.93747111188256 100.92646173492744 100.94667567294341 100.9472171177117 100.93720038949843 100.92772510605344 100.92519836380146 100.88116085598097 100.8366721441869 100.83297227160364 100.85869089809715 100.86915883028398 100.86392486419058 100.86320293783285 100.8379355153129 100.83847696008118 100.84217683266446 100.84723031716847 100.79841004722813 100.79019813490913 100.80770484908368 100.83170890047764
100.75094338920849 100.7567188000702 100.7701646784826 100.78514465040514 100.7982295656387 100.81239737040882 100.82593348961592 100.83495756908734 100.85047898577815 100.87096364617827 100.9261910125433 100.9651750358598 100.98268175003435 100.9836743987762 100.99693979559918 100.99847388910932 100.97266502182107 100.9421636332077 100.91996439770803 100.92321306631774 100.91897174896617 100.91491091320405 100.91545235797233 100.91518163558818 100.91066959585248 100.90994766949477 100.94766832168527 100.94171242923413 100.89641155028765 100.84515477889003 100.82891143584149 100.81844350365465 100.79389800749242 100.77991068431173 100.78270814894786 100.78216670417957 100.79371752590299 100.82394819213222 100.85047898577815 100.82620421200006 100.82268482100622 100.83369419796134 100.84398164855875
100.74940929569836 100.75771144881206 100.7726914207346 100.79092006126685 100.80815605305725 100.82268482100622 100.83946960882304 100.86645160644257 100.89623106869823 100.95669240115667 101.01047591480629 101.01164904513757 100.99847388910932 100.99693979559918 100.97871115506692 100.94523182022799 100.92718366128516 100.91996439770803 100.91743765545604 100.92122776883403 100.91743765545604 100.91364754207805 100.91121104062077 100.90868429836877 100.91870102658203 100.96716033334351 101.02121456937726 100.97871115506692 100.9191522305556 100.87069292379412 100.85417885836144 100.82692613835778 100.80571955159996 100.79471017464485 100.79543210100256 100.79868076961228 100.80689268193125 100.8308967333252 100.84145490630675 100.84695959478432 100.84542550127418 100.85417885836144 100.86166884432272
100.74697279424109 100.75491398417591 100.76971347450903 100.78920548616728 100.81095351769339 100.83865744167062 100.86365414180644 100.89298240008851 100.93593701837243 100.98665234500176 101.00939302526972 100.99071318076389 100.97997452619292 100.98845716089603 100.9734771889735 100.94920241519542 100.93295907214687 100.94270507797599 100.95994106976639 100.95967034738224 100.94496109784384 100.92339354790717 100.91897174896617 100.93043232989487 100.97293574420522 101.0501818644805 101.07842723322601 100.97717706155677 100.92222041757589 100.88567289571667 100.87340014763555 100.85345693200372 100.84019153518075 100.82593348961592 100.82169217226436 100.82169217226436 100.82647493438421 100.83468684670319 100.84542550127418 100.8551715071033 100.86816618154212 100.87421231478798 100.8807096520074
100.73641462125953 100.73767799238553 100.75067266682434 100.77693273808616 100.81447290868724 100.84894489226804 100.87592688988755 100.9031796098912 100.91518163558818 100.9484804888377 100.95190963903683 100.96165564486596 100.9619263672501 100.9914351071216 101.03565309653153 101.02094384699312 101.03619454129982 101.05243788434835 101.07996132673615 101.02771190659668 101.00397857758686 100.94541230181741 100.93196642340502 100.95696312354082 100.98872788328018 101.04973066050694 101.04115778500908 100.96842370446952 100.90417225863305 100.89821636618194 100.89217023293608 100.87565616750341 100.86789545915798 100.85697632299758 100.85093018975172 100.84840344749975 100.85065946736759 100.85345693200372 100.86365414180644 100.87168557253598 100.88296567187525 100.8884703603528 100.89641155028765
100.71592996085941 100.71719333198541 100.74020473463752 100.77341334709232 100.82439939610579 100.88242422710697 100.90940622472648 100.90814285360048 100.89623106869823 100.92267162154945 100.9191522305556 100.92889823638473 100.96896514923779 101.04242115613508 101.09539250263227 101.0777053068683 101.09647539216884 101.10017526475212 101.13943001045276 101.08546601521373 101.02671925785482 100.96264829360781 100.94793904406941 100.9549778260571 100.98665234500176 100.99242775586346 100.96914563082721 100.92592029015917 100.92267162154945 100.91689621068775 100.91094031823663 100.89722371744008 100.89045565783651 100.8852216917431 100.87917555849725 100.87664881624526 100.87421231478798 100.87646833465583 100.87791218737125 100.88495096935895 100.89343360406208 100.90119431240748 100.90895502075291
100.7036572127783 100.72693933781454 100.75139459318207 100.80192943822196 100.85842017571301 100.91897174896617 100.97744778394092 100.9767258575832 100.9421636332077 100.92673245731159 100.92068632406574 100.91418898684633 100.96490431347567 101.06922267216518 101.10297272938826 101.08519529282958 101.03772863480994 101.02446323798698 101.06543255878718 101.04043585865136 100.98340367639206 100.96914563082721 100.96697985175409 100.96571648062809 100.96219708963424 100.96246781201839 100.9434270043337 100.93620774075657 100.93566629598828 100.93169570102087 100.92240089916531 100.91518163558818 100.91193296697848 100.90642827850091 100.90119431240748 100.8979456437978 100.89298240008851 100.89144830657837 100.89316288167794 100.89496769757223 100.9031796098912 100.91166224459434 100.91897174896617
100.72396139158897 100.7541920578182 100.79669547212856 100.84840344749975 100.89397504883037 100.96743105572766 101.03366779904782 101.0686812273969 101.007407727786 100.96165564486596 100.90615755611677 100.89316288167794 100.92673245731159 101.01598060328385 101.03447996620025 101.01841710474113 100.97618441281493 100.97239429943693 100.9901717359956 100.97916235904049 100.97465031930479 100.97970380380877 100.98322319480263 100.97320646658936 100.96697985175409 100.96373118314438 100.95272180618925 100.95218036142096 100.94920241519542 100.94369772671784 100.93665894473014 100.9344029248623 100.93043232989487 100.92447643744373 100.91942295293974 100.91644500671418 100.9114817630049 100.90940622472648 100.90769164962691 100.90769164962691 100.9126548933362 100.9204156016816 100.92772510605344
100.74814592457237 100.77991068431173 100.82548228564235 100.8551715071033 100.8736708700197 100.95669240115667 101.06019859269377 101.12643533601393 101.05514510818976 100.96346046076023 100.8992090149238 100.87096364617827 100.89045565783651 100.9409002620817 100.9517291574474 100.95019506393727 100.95064626791084 100.9606629961241 100.96995779797965 100.97717706155677 100.98466704751806 100.99721051798332 100.99495449811546 100.98944980963789 100.98565969625992 100.9811476565242 100.97492104168893 100.97365767056293 100.96995779797965 100.96490431347567 100.9606629961241 100.95290228777868 100.94396844910199 100.93819303824029 100.93395172088873 100.9299811259213 100.92592029015917 100.92321306631774 100.92068632406574 100.91996439770803 100.92447643744373 100.93341027612044 100.9409002620817
100.77296214311875 100.7957028233867 100.82846023186792 100.84398164855875 100.86446630895885 100.94920241519542 101.05965714792548 101.14195675270474 101.09692659614241 100.99540570208903 100.91671572909833 100.87321966604613 100.87267822127784 100.90814285360048 100.92194969519174 100.92691293890103 100.93295907214687 100.94766832168527 100.96147516327653 100.98015500778234 100.99693979559918 101.00894182129615 101.01345386103186 101.01670252964156 101.01643180725742 101.01291241626357 101.01065639639572 101.00695652381243 101.00018846420889 100.99170582950575 100.98268175003435 100.9709504467215 100.9619263672501 100.95470710367296 100.94820976645356 100.94243435559184 100.94017833572399 100.937651593472 100.93521509201472 100.93395172088873 100.93521509201472 100.94117098446584 100.94920241519542
100.81348025994538 100.82566276723179 100.84569622365832 100.8724074988937 100.93241762737858 101.03691646765752 101.12869135588177 101.14267867906246 101.05920594395191 100.99071318076389 100.9421636332077 100.90742092724277 100.89316288167794 100.9171669330719 100.9344029248623 100.94189291082355 100.94622446896985 100.95272180618925 100.96571648062809 100.98746451215419 101.01146856354815 101.02744118421253 101.03971393229365 101.04467717600293 101.04494789838708 101.04341380487693 101.04215043375093 101.03664574527338 101.02942648169625 101.01995119825126 101.00542243030229 100.99116438473746 100.97970380380877 100.96941635321136 100.96219708963424 100.95669240115667 100.95272180618925 100.94965361916898 100.94694639532756 100.94568302420156 100.94667567294341 100.95272180618925 100.96165564486596
100.85192283849358 100.85544222948744 100.8724074988937 100.91671572909833 100.99721051798332 101.07617121335817 101.08871468382341 101.06669592991318 101.00767845017015 101.00045918659303 100.96093371850824 100.94523182022799 100.93422244327287 100.95615095638838 100.96743105572766 100.97365767056293 100.97392839294707 100.97744778394092 100.98890836486962 101.00794917255429 101.0309605752064 101.05397197785848 101.07165917362245 101.07743458448417 101.0789686779943 101.07743458448417 101.0731932671326 101.06597400355547 101.05767185044176 101.04395524964522 101.02816311057026 101.01291241626357 100.99847388910932 100.9881864385119 100.97970380380877 100.97266502182107 100.96797250049595 100.96472383188623 100.96246781201839 100.96147516327653 100.96291901599196 100.96842370446952 100.9778989879145
100.89343360406208 100.89722371744008 100.91491091320405 100.95515830764653 101.02572660911297 101.0534305330902 101.06371798368761 101.0157098808997 100.9734771889735 100.97690633917264 100.98394512116035 100.9709504467215 100.9778989879145 101.00343713281858 101.01291241626357 101.01372458341599 101.01345386103186 101.01273193467414 101.01814638235699 101.03619454129982 101.05667920169991 101.0802320491203 101.09990454236798 101.10947006660767 101.11064319693895 101.10739452832924 101.10170935826226 101.09295600117498 101.07869795561015 101.06471063242947 101.04666247348665 101.0304191304381 101.01643180725742 101.00695652381243 100.99892509308289 100.99215703347932 100.98890836486962 100.98565969625992 100.98394512116035 100.98340367639206 100.98719378977005 100.99666907321503 101.00614435666
100.90543562975905 100.91292561572034 100.93070305227901 100.9593996249981 101.01246121229 101.04341380487693 101.0494599381228 101.00569315268643 100.9709504467215 100.98223054606078 100.98944980963789 101.00072990897716 101.01191976752172 101.03240442792182 101.03917248752538 101.03989441388309 101.04422597202937 101.04539910236065 101.05072330924878 101.06344726130348 101.08393192170358 101.10919934422353 101.12941328223948 101.13897880647917 101.14015193681047 101.13690326820077 101.1281499111135 101.11443331031695 101.09990454236798 101.08068325309387 101.06272533494577 101.04566982474479 101.03393852143196 101.02446323798698 101.02067312460898 101.01598060328385 101.01390506500543 101.01273193467414 101.01092711877986 101.01390506500543 101.01895854950942 101.02996792646454 101.04341380487693
100.90967694711063 100.9171669330719 100.93196642340502 100.95615095638838 100.99847388910932 101.02446323798698 101.0304191304381 101.01291241626357 100.98845716089603 100.99748124036746 101.00794917255429 101.01895854950942 101.03447996620025 101.04594054712894 101.05315981070608 101.05839377679948 101.06344726130348 101.0731932671326 101.08320999534587 101.09593394740055 101.11316993919095 101.13816663932676 101.15847081813743 101.16569008171456 101.1672241752247 101.158922022111 101.14890529389774 101.13347411800163 101.11497475508523 101.09593394740055 101.07689313971588 101.06046931507791 101.04973066050694 101.04594054712894 101.04215043375093 101.04242115613508 101.04314308249279 101.04215043375093 101.04494789838708 101.0481965669968 101.0554158305739 101.06967387613875 101.08348071773001
100.93016160751073 100.93665894473014 100.95190963903683 100.96490431347567 100.99044245837975 101.01273193467414 101.01895854950942 101.00442978156043 101.00542243030229 101.0157098808997 101.02617781308655 101.03646526368397 101.05297932911664 101.06272533494577 101.0686812273969 101.07391519349031 101.08492457044544 101.10089719110984 101.1134406615751 101.13121809813377 101.14845408992417 101.16794610158242 101.18545281575696 101.19195015297636 101.18689666847239 101.17796282979567 101.16343406184671 101.14719071879817 101.12869135588177 101.10992127058124 101.09042925892298 101.07671265812644 101.0699445985229 101.0661544851449 101.06768857865504 101.0699445985229 101.0726518223643 101.07716386210002 101.07996132673615 101.08844396143928 101.09891189362612 101.11398210634337 101.12517196488793
100.95921914340867 100.96445310950209 100.96869442685365 100.97419911533122 100.99594714685732 101.01273193467414 101.01995119825126 101.01922927189356 101.02996792646454 101.03772863480994 101.04539910236065 101.05514510818976 101.0699445985229 101.0802320491203 101.08618794157144 101.09214383402255 101.10468730448781 101.12544268727207 101.14069338157874 101.16090731959471 101.18292607350496 101.20070351006365 101.21243481337648 101.2164054083439 101.2107202382769 101.19465737681779 101.17570680992783 101.15865129972686 101.14114458555233 101.12264522263592 101.10739452832924 101.09719731852655 101.09196335243313 101.0924145564067 101.09467057627455 101.09945333839441 101.10495802687196 101.11145536409138 101.12417931614607 101.1351886931012 101.15071010979203 101.162712135489 101.17272886370226
100.99296920063175 100.99666907321503 100.99865437069874 101.00018846420889 101.011197841164 101.02392179321869 101.0304191304381 101.03718719004166 101.04594054712894 101.04991114209636 101.06046931507791 101.0744566382586 101.09042925892298 101.09945333839441 101.10216056223584 101.10721404673981 101.11894535005266 101.1384373617109 101.15440998237531 101.17814331138511 101.2016961588055 101.21793950185403 101.22570021019945 101.23039273152459 101.22191009682146 101.20440338264693 101.1819334247631 101.16623152648285 101.14971746105017 101.1364520642272 101.12490124250378 101.11840390528437 101.11867462766851 101.12065992515222 101.12517196488793 101.13194002449148 101.13970073283689 101.15296612965987 101.16993139906613 101.18915268834023 101.20539603138879 101.21342746211833 101.21793950185403
