static/data/pressure/2023/7/3/12.asc
ncols 137
nrows 93
xllcorner 108.0
yllcorner 17.0
cellsize 0.25
NODATA_value -32767
[rows 0 to 18 of 93, columns 43 to 85 of 137]
100.21996655311065 100.24956553377689 100.28241318305282 100.31544131391819 100.2976638773595 100.28755690835153 100.27564512344925 100.27708897616468 100.27835234729068 100.27952547762196 100.28268390543697 100.28719594517267 100.29784435894894 100.32022407603803 100.35740328346026 100.3903411735309 100.42183521088613 100.40829909167901 100.39683851075031 100.38519744823219 100.38880708002077 100.39043141432562 100.39079237750448 100.4044187375063 100.43293482863596 100.45757056559292 100.46596295950133 100.4498098572475 100.45035130201579 100.4702945176476 100.52434875368137 100.61043847183863 100.71944935185327 100.78496416881572 100.73596341728594 100.66295861436224 100.6460835857507 100.64969321753925 100.65032490310226 100.65077610707583 100.66160500244153 100.67459967688036 100.68732362893505
100.21870318198467 100.24234627019975 100.26427478331529 100.27790114331711 100.27447199311797 100.27284765881313 100.27365982596555 100.27447199311797 100.27555488265455 100.2771792169594 100.2809693303374 100.29044461378238 100.30903421749348 100.33755030862315 100.36245676796423 100.3757221647872 100.37978300054934 100.37409783048237 100.37328566332994 100.3763538503502 100.38104637167534 100.38555841141105 100.38998021035205 100.39593610280318 100.410825833931 100.41308185379886 100.4075771653213 100.39196550783576 100.40784788770544 100.44583926228007 100.50467626043368 100.59130742335924 100.68777483290862 100.73794871476966 100.69445265171747 100.65077610707583 100.63877408137886 100.65014442151283 100.64752743846611 100.65790512985825 100.6736070281385 100.69048205675004 100.69995734019501
100.21716908847452 100.2374732672852 100.25308492477073 100.26156755947386 100.26752345192499 100.27221597325013 100.27492319709154 100.27555488265455 100.27754018013826 100.2809693303374 100.28683498199382 100.3001003788168 100.31814853775961 100.33980632849101 100.34928161193598 100.3564106347184 100.3602909888911 100.36642736293166 100.37220277379336 100.37960251895991 100.38619009697405 100.39377032373002 100.3986433266446 100.40216271763845 100.40089934651245 100.39593610280318 100.39133382227276 100.39115334068333 100.40369681114859 100.43158121671524 100.4773332996353 100.57416167236356 100.66214644720982 100.70627419582502 100.67315582416494 100.64689575290312 100.64202274998857 100.65221995979125 100.65357357171197 100.66485367105123 100.67947267979493 100.69210639105489 100.69941589542674
100.21220584476524 100.22817846542964 100.24180482543146 100.25046794172403 100.26003346596372 100.26653080318314 100.2720354916607 100.27672801298583 100.27916451444311 100.28331559099996 100.29116654014008 100.30542458570493 100.32220937352174 100.34052825484872 100.34910113034655 100.3551472635924 100.36002026650695 100.37039795789909 100.37842938862863 100.3858291337952 100.39340936055117 100.39855308584988 100.40396753353274 100.4088405364473 100.41109655631514 100.40784788770544 100.40541138624816 100.40432849671159 100.40026766094945 100.41317209459356 100.45531454572506 100.55421845673173 100.64590310416128 100.69571602284347 100.69255759502848 100.6620562064151 100.6480688832344 100.63958624853129 100.65077610707583 100.66566583820365 100.68046532853678 100.68290182999405 100.68822603688218
100.19235286992813 100.20994982489738 100.2272760574825 100.23819519364291 100.24785095867732 100.25678479735402 100.26391382013642 100.27032091656113 100.27808162490653 100.28403751735767 100.30091254596921 100.31517059153404 100.33105297140372 100.337911271802 100.34639390650513 100.35343268849283 100.36209580478538 100.37256373697223 100.38041468611235 100.3883558760472 100.39719947392916 100.40234319922787 100.40847957326844 100.41389402095128 100.41858654227642 100.42318882280684 100.42264737803856 100.41795485671342 100.4075771653213 100.41867678307113 100.44331252002809 100.49682531129355 100.5910367009751 100.68344327476234 100.74110714258467 100.71304225542858 100.67405823211207 100.64707623449254 100.63742046945814 100.64833960561855 100.6633195775411 100.67622401118521 100.67523136244336
100.16446846436148 100.18847251575544 100.20670115628768 100.21942510834238 100.22890039178735 100.23810495284819 100.24730951390903 100.25660431576459 100.26481622808356 100.27853282888012 100.29694195100178 100.31129023736133 100.3232020222636 100.33132369378787 100.3417916259747 100.35280100292984 100.36209580478538 100.37310518174051 100.38221950200663 100.3903411735309 100.39810188187631 100.40432849671159 100.41055511154686 100.41840606068699 100.42454243472756 100.43031784558924 100.43103977194696 100.42246689644912 100.41831581989227 100.42797158492668 100.45053178360521 100.46614344109075 100.49853988639312 100.58544177170282 100.66043187211025 100.71277153304443 100.67369726893322 100.70140119291044 100.65871729701068 100.66214644720982 100.65564910999039 100.67405823211207 100.67315582416494
100.13595237323182 100.16004666542048 100.18296782727786 100.1966844280744 100.20606947072467 100.21419114224895 100.22321522172035 100.23341243152306 100.24676806914074 100.26084563311615 100.27889379205897 100.29640050623351 100.30831229113576 100.32293129987946 100.336647900676 100.34765727763113 100.35993002571223 100.37130036584622 100.38068540849649 100.38916804319962 100.39656778836617 100.40342608876445 100.41064535234158 100.41840606068699 100.42535460187999 100.43492012611968 100.4357322932721 100.42219617406498 100.42318882280684 100.43293482863596 100.43780783155053 100.43230314307296 100.46307525407047 100.481845339371 100.5386970400409 100.59609018547907 100.6786605126425 100.71990055582684 100.69318928059147 100.65682224032167 100.65014442151283 100.6698169147605 100.68010436535792
100.11068495071186 100.13577189164239 100.15842233111563 100.17259013588574 100.18179469694658 100.18847251575544 100.19560153853784 100.20597922992998 100.21906414516351 100.2362098961592 100.2560628709963 100.27564512344925 100.29603954305465 100.31390722040804 100.3289774331253 100.34341596027956 100.35604967153954 100.36805169723651 100.37806842544977 100.3870925049212 100.3942215277036 100.40144079128073 100.4088405364473 100.4134428169777 100.41966943181299 100.4254448426747 100.4286935112844 100.41840606068699 100.41903774624998 100.41894750545528 100.4216547292967 100.41596955922971 100.4248131571117 100.44529781751179 100.4773332996353 100.52660477354922 100.58634417964996 100.6741484729068 100.70076950734745 100.69219663184961 100.65610031396396 100.66683896853493 100.68506760906719
100.09344895892147 100.11528723124228 100.13504996528468 100.14939825164421 100.15706871919491 100.16221244449362 100.16789761456062 100.18080204820473 100.19442840820656 100.21247656714938 100.2368415817222 100.26084563311615 100.28493992530481 100.30434169616835 100.3200435944486 100.337279586239 100.35180835418798 100.36453230624267 100.37472951604536 100.38366335472206 100.39142406306748 100.39765067790275 100.4050504230693 100.40703572055301 100.40820885088431 100.40658451657944 100.40541138624816 100.4063137941953 100.40577234942701 100.40153103207545 100.40135055048603 100.40405777432744 100.41308185379886 100.4357322932721 100.47480655738332 100.49772771924069 100.52452923527079 100.60682884005006 100.70546202867259 100.7477849613935 100.71367394099157 100.67306558337022 100.68633098019319
100.08252982276106 100.09985605534617 100.11853589985199 100.12972575839655 100.13739622594724 100.13703526276839 100.15102258594908 100.1659123170769 100.1863067366823 100.20372321006212 100.22745653907192 100.24721927311431 100.27194525086598 100.29459569033922 100.31453890597105 100.33231634252972 100.34792800001526 100.36056171127524 100.37066868028323 100.37933179657577 100.3870925049212 100.3935898421406 100.39855308584988 100.40017742015473 100.3986433266446 100.39205574863047 100.3871827457159 100.38646081935819 100.38609985617934 100.38303166915905 100.38546817061633 100.38817539445776 100.39593610280318 100.42210593327027 100.46722633062733 100.47976980109259 100.50142759182397 100.56883746547541 100.71665188721713 100.7726914207346 100.77603033013902 100.69706963476418 100.69490385569104
100.07540079997864 100.09516353402104 100.10915085720173 100.11546771283172 100.11943830779914 100.12133336448814 100.15282740184335 100.18802131178187 100.21545451337495 100.22781750225077 100.23458556185435 100.25010697854518 100.26896730464043 100.29107629934536 100.31129023736133 100.3283457475623 100.34440860902141 100.35740328346026 100.36705904849465 100.37518072001893 100.38258046518548 100.3897094879679 100.39304839737231 100.39404104611417 100.39268743419346 100.38979972876263 100.3858291337952 100.38420479949033 100.38555841141105 100.38745346810005 100.39043141432562 100.39205574863047 100.39756043710803 100.4121794458517 100.43528108929853 100.45278780347307 100.48283798811286 100.54627726679688 100.65709296270582 100.73957304907452 100.77783514603331 100.75256772351335 100.70094998893687
100.06727912845437 100.08803451123862 100.09146366143776 100.09444160766333 100.10554122541315 100.13405731654282 100.17529735972717 100.21509355019609 100.24794119947202 100.27239645483957 100.27871331046954 100.28746666755681 100.29757363656479 100.3104780702089 100.3244653933896 100.3346626031923 100.34395740504785 100.35207907657212 100.3629079719378 100.37193205140923 100.37915131498634 100.38465600346392 100.38808515366306 100.38943876558376 100.38889732081547 100.3870925049212 100.38673154174234 100.38880708002077 100.39458249088246 100.40360657035387 100.40856981406316 100.410825833931 100.41452570651428 100.42309858201213 100.42652773221126 100.44042481459724 100.47056524003175 100.52642429195978 100.58381743739795 100.65880753780539 100.73072945119254 100.79516137861842 100.72883439450355
100.0763934487205 100.09353919971618 100.09290751415318 100.09760003547832 100.113482415348 100.15806136793677 100.18143373376773 100.21085223284453 100.2368415817222 100.27023067576641 100.28439848053654 100.29206894808722 100.2989272484855 100.30542458570493 100.31832901934904 100.32852622915173 100.33746006782843 100.34621342491569 100.35803496902325 100.36769073405766 100.37527096081365 100.38167805723835 100.38510720743749 100.38646081935819 100.38682178253706 100.38673154174234 100.38691202333176 100.3897094879679 100.39539465803489 100.40496018227459 100.41416474333542 100.41894750545528 100.42508387949584 100.43347627340424 100.43230314307296 100.43943216585538 100.46821897936918 100.53256066600034 100.58210286229838 100.643466602704 100.70609371423558 100.77891803556987 100.73632438046481
100.09164414302718 100.1000365369356 100.10481929905544 100.108428930844 100.12178456846169 100.15779064555262 100.18053132582058 100.20273056132027 100.22908087337677 100.25281420238659 100.26806489669328 100.27871331046954 100.29116654014008 100.30127350914807 100.31291457166618 100.32166792875347 100.33033104504601 100.34134042200114 100.35397413326112 100.36353965750081 100.37166132902509 100.37915131498634 100.38239998359606 100.38420479949033 100.38465600346392 100.3870925049212 100.38619009697405 100.38979972876263 100.3962068251873 100.40297488479088 100.41452570651428 100.4338372365831 100.44547829910121 100.45369021142021 100.45206587711536 100.46127043817619 100.4965545889094 100.56306205461371 100.5897733298491 100.60358017144036 100.65303212694369 100.72332970602598 100.73442932377581
100.11655060236828 100.11564819442114 100.11970903018327 100.12846238727055 100.1429009144248 100.16672448422933 100.19045781323914 100.21383017907009 100.23720254490105 100.25534094463859 100.26770393351443 100.27934499603253 100.29197870729251 100.30443193696307 100.31390722040804 100.32248009590589 100.32879695153586 100.33773079021258 100.34892064875712 100.3576740058444 100.36597615895809 100.37418807127708 100.37915131498634 100.38095613088063 100.38158781644363 100.38258046518548 100.38131709405948 100.38609985617934 100.39259719339874 100.39747019631331 100.4153378736667 100.43681518280867 100.46497031075947 100.47579920612517 100.47354318625732 100.4747163165886 100.50747372506983 100.54790160110174 100.55620375421545 100.57443239474769 100.62866711237088 100.70329624959945 100.70943262364001
100.15210547548564 100.14055465376222 100.13902056025209 100.14795439892879 100.16816833694476 100.18919444211313 100.21166439999695 100.23891712000062 100.26256020821572 100.2720354916607 100.27510367868098 100.28665450040438 100.29901748928022 100.31210240451377 100.3205850392169 100.32627020928388 100.33258706491387 100.33709910464958 100.34440860902141 100.35316196610869 100.3596593033281 100.36714928928937 100.37283445935637 100.37644409114492 100.37707577670793 100.37617336876077 100.37545144240308 100.3801439637282 100.38609985617934 100.39241671180932 100.4109160747257 100.42733989936367 100.45522430493035 100.48067220903972 100.50981998573239 100.51117359765311 100.5183026204355 100.54167498626647 100.54347980216076 100.57371046838998 100.62821590839731 100.69815252430074 100.68714314734562
100.1678073737659 100.15995642462576 100.15878329429448 100.17132676475975 100.1915407027757 100.20372321006212 100.21915438595823 100.24658758755132 100.26553815444129 100.27393054834968 100.27492319709154 100.28945196504053 100.30172471312164 100.31959239047504 100.32978960027772 100.33556501113944 100.337911271802 100.340438014054 100.34603294332626 100.35027426067784 100.35677159789725 100.36182508240124 100.36570543657395 100.36940530915723 100.37292470015107 100.37256373697223 100.3724734961775 100.37445879366122 100.3801439637282 100.38916804319962 100.40252368081731 100.41894750545528 100.44277107525981 100.4759796877146 100.52597308798622 100.5840881597821 100.59121718256452 100.58715634680239 100.55367701196344 100.58390767819267 100.62144784879375 100.68597001701433 100.67135100827065
100.15021041879665 100.16744641058705 100.17692169403202 100.18829203416601 100.19081877641798 100.19704539125327 100.2094083801291 100.22655413112479 100.2446022900676 100.25516046304917 100.26328213457343 100.27889379205897 100.30109302755865 100.32266057749533 100.33592597431829 100.3468451104787 100.34919137114126 100.34828896319412 100.35090594624083 100.35496678200298 100.35794472822855 100.36182508240124 100.36381037988495 100.36480302862681 100.36868338279952 100.37265397776694 100.37554168319778 100.37743673988678 100.38032444531763 100.38853635763662 100.39792140028689 100.41984991340242 100.44385396479636 100.48292822890758 100.5477211195123 100.6127847325012 100.64671527131371 100.636518061511 100.58183213991424 100.59202934971695 100.62577940694003 100.6799238837685 100.66395126310408
100.14145706170937 100.17132676475975 100.18134349297301 100.17520711893245 100.1716877279386 100.18017036264173 100.19704539125327 100.21193512238109 100.22691509430364 100.23981952794776 100.25272396159188 100.27356958517085 100.29603954305465 100.32022407603803 100.34152090359058 100.35370341087697 100.36065195206996 100.36002026650695 100.36209580478538 100.36489326942151 100.36769073405766 100.36940530915723 100.36615664054752 100.36651760372638 100.36868338279952 100.37545144240308 100.38230974280134 100.38853635763662 100.39169478545162 100.39503369485602 100.40270416240674 100.4312202535364 100.46839946095861 100.50485674202311 100.55665495818901 100.61783821700517 100.65330284932783 100.62216977515146 100.59121718256452 100.6070995624342 100.63994721171014 100.68714314734562 100.6588977786001
