static/data/pressure/2023/7/3/18.asc
ncols 137
nrows 93
xllcorner 108.0
yllcorner 17.0
cellsize 0.25
NODATA_value -32767
[rows 38 to 56 of 93, columns 0 to 42 of 137]
100.28313510941054 100.30190519471107 100.36633712213694 100.44583926228007 100.54239691262418 100.5546696607053 100.50061542467155 100.47634065089346 100.51009070811654 100.52164152983994 100.51415154387865 100.47291150069432 100.29991989722735 100.19262359231227 100.15210547548564 100.15409077296935 100.15941497985747 100.1646489459509 100.1543614953535 100.13216225985383 100.10391689110831 100.08713210329148 100.0776568198465 100.08090548845621 100.09065149428532 100.0994048513726 100.117904214289 100.13234274144325 100.1563467928372 100.19560153853784 100.24658758755132 100.3001003788168 100.3123731268979 100.28584233325196 100.23909760159005 100.21085223284453 100.20588898913526 100.21789101483223 100.24559493880946 100.27961571841668 100.28385703576825 100.29261039285551 100.30515386332078
100.2931518376238 100.40333584796973 100.52741694070164 100.56613024163399 100.53833607686205 100.50160807341341 100.46758729380618 100.49086941884242 100.58264430706667 100.5923903128958 100.57010083660141 100.49366688347857 100.3538838924664 100.22565172317763 100.13838887468908 100.11059470991715 100.10590218859201 100.1108654323013 100.10265351998231 100.08641017693377 100.07738609746235 100.07359598408436 100.07458863282622 100.09038077190118 100.10409737269774 100.11934806700442 100.13965224581509 100.1588735350892 100.16735616979233 100.18738962621886 100.23386363549663 100.27735969854882 100.28836907550395 100.24983625616103 100.23133689324463 100.2311564116552 100.24938505218745 100.28214246066868 100.31787781537547 100.36435182465323 100.37716601750263 100.38239998359606 100.3935898421406
100.36660784452108 100.47940883791372 100.52813886705934 100.50684203950682 100.47435535340975 100.47859667076129 100.4773332996353 100.54212619024004 100.58688562441824 100.58065900958296 100.52191225222408 100.42508387949584 100.28087908954268 100.1793581954893 100.10436809508188 100.06764009163324 100.05861601216182 100.06141347679795 100.06033058726139 100.06186468077152 100.07287405772664 100.07666417110464 100.09038077190118 100.10888013481758 100.1231381803824 100.14091561694109 100.16311485244076 100.19289431469642 100.21184488158639 100.21364969748066 100.21437162383837 100.24216578861032 100.24839240344559 100.23133689324463 100.24388036370989 100.28963244662995 100.32365322623717 100.3640811022691 100.38158781644363 100.39990669777059 100.39016069194147 100.38934852478904 100.39783115949217
100.47083596241589 100.44186866731266 100.4441246871805 100.43284458784125 100.42788134413196 100.42986664161567 100.4593753814872 100.51541491500465 100.47489679817804 100.46839946095861 100.42364002678042 100.34458909061084 100.21013030648682 100.14335211839837 100.09308799574261 100.05987938328782 100.05762336341996 100.06240612553981 100.07359598408436 100.08559800978135 100.09390016289504 100.10391689110831 100.11934806700442 100.14560813826623 100.1703341160179 100.19587226092199 100.2273662982772 100.25335564715488 100.25985298437429 100.25687503814873 100.25886033563243 100.26535767285185 100.27014043497171 100.26138707788442 100.28683498199382 100.32636045007858 100.35541798597654 100.38862659843133 100.41389402095128 100.43239338386768 100.42409123075399 100.40866005485788 100.412089205057
100.41308185379886 100.38384383631148 100.38564865220577 100.40784788770544 100.39665802916089 100.38086589008591 100.41064535234158 100.41858654227642 100.36489326942151 100.35289124372454 100.336647900676 100.25741648291701 100.19388696343827 100.13162081508554 100.0865906585232 100.07215213136892 100.0698961115011 100.07991283971435 100.0936294405109 100.10888013481758 100.12837214647583 100.13838887468908 100.17989964025759 100.21410090145423 100.24559493880946 100.30208567630049 100.33366995445044 100.33033104504601 100.31715588901776 100.30208567630049 100.29062509537181 100.29712243259122 100.30488314093664 100.29838580371722 100.31535107312347 100.3270823764363 100.3564106347184 100.38312190995377 100.40938198121559 100.43464940373553 100.46163140135505 100.44638070704836 100.44809528214793
100.37608312796607 100.35090594624083 100.35884713617567 100.40766740611602 100.35433509643997 100.33691862306014 100.3270823764363 100.3321358609403 100.30533434491021 100.29640050623351 100.28087908954268 100.24036097271603 100.18341903125145 100.11564819442114 100.08415415706591 100.07115948262707 100.08388343468178 100.09390016289504 100.11113615468543 100.13062816634368 100.1518347531015 100.19262359231227 100.2368415817222 100.29089581775595 100.31634372186532 100.3736466265088 100.39440200929303 100.39088261829919 100.40766740611602 100.36742001167352 100.35316196610869 100.30840253193048 100.31589251789175 100.31462914676575 100.32338250385304 100.33366995445044 100.3564106347184 100.38339263233792 100.39088261829919 100.4229181004227 100.45359997062549 100.47137740718418 100.47588944691988
100.39683851075031 100.37166132902509 100.36308845352724 100.40089934651245 100.32383370782661 100.28512040689425 100.27537440106511 100.29215918888194 100.29333231921322 100.2944152087498 100.25786768689058 100.21716908847452 100.16690496581876 100.09633666435232 100.07738609746235 100.08433463865535 100.09714883150474 100.11384337852685 100.1351402060794 100.15508342171121 100.17962891787344 100.22059823867366 100.27564512344925 100.337911271802 100.35487654120826 100.36886386438894 100.38988996955733 100.44141746333909 100.50512746440725 100.45341948903607 100.38564865220577 100.34088921802757 100.32563852372087 100.32464587497903 100.33709910464958 100.35316196610869 100.37608312796607 100.40216271763845 100.40089934651245 100.44060529618666 100.46063875261319 100.47814546678772 100.4658727187066
100.43464940373553 100.39458249088246 100.36633712213694 100.38366335472206 100.29513713510751 100.25209227602888 100.25913105801658 100.28638377802025 100.31291457166618 100.29540785749165 100.2496557745716 100.22240305456795 100.17340230303816 100.12259673561412 100.10039750011445 100.10716555971801 100.11510674965285 100.13459876131111 100.15508342171121 100.1831483088673 100.2094083801291 100.24758023629317 100.29865652610135 100.35361317008226 100.38790467207362 100.40333584796973 100.4261667690324 100.48762075023272 100.5271462183175 100.45008057963165 100.38790467207362 100.3698565131308 100.35659111630783 100.35063522385668 100.3640811022691 100.3788805926022 100.39963597538646 100.4249033979064 100.44610998466422 100.50837613301697 100.50512746440725 100.4836501552653 100.45035130201579
100.43537133009325 100.39340936055117 100.34359644186898 100.35361317008226 100.28963244662995 100.28087908954268 100.29513713510751 100.29910773007494 100.28936172424581 100.25461901828088 100.24388036370989 100.24108289907375 100.24541445722004 100.2208689610578 100.18134349297301 100.16762689217647 100.16708544740818 100.16934146727604 100.18359951284087 100.2196055899318 100.25362636953902 100.29233967047136 100.33312850968215 100.38384383631148 100.44114674095495 100.46659464506432 100.47588944691988 100.46361669883876 100.43140073512582 100.3776172214762 100.37012723551494 100.36940530915723 100.37391734889293 100.3776172214762 100.3948532132666 100.41488666969313 100.4363639788351 100.44863672691622 100.4466514294325 100.47390414943618 100.46839946095861 100.46857994254803 100.52786814467521
100.43482988532496 100.41163800108343 100.40089934651245 100.39512393565074 100.34287451551127 100.3526205213404 100.34134042200114 100.28936172424581 100.25191179443945 100.27338910358142 100.29558833908108 100.31390722040804 100.32338250385304 100.31011710703005 100.30641723444678 100.29612978384937 100.27140380609771 100.23963904635833 100.23187833801292 100.24983625616103 100.27086236132942 100.30064182358507 100.33836247577557 100.38158781644363 100.4216547292967 100.41840606068699 100.39413128690889 100.36660784452108 100.36191532319594 100.36886386438894 100.37833914783391 100.38411455869563 100.39088261829919 100.41064535234158 100.42463267552228 100.43437868135139 100.44313203843866 100.44809528214793 100.44484661353822 100.47489679817804 100.50891757778525 100.56964963262784 100.6741484729068
100.39133382227276 100.4203913581707 100.47841618917187 100.49989349831384 100.39286791578289 100.37716601750263 100.33809175339144 100.27790114331711 100.25416781430731 100.27438175232325 100.29387376398151 100.3103878294142 100.31787781537547 100.29811508133308 100.34413788663727 100.34883040796241 100.32284105908475 100.28015716318497 100.26986971258756 100.27212573245542 100.29288111523965 100.3218484103429 100.35541798597654 100.35740328346026 100.37066868028323 100.37608312796607 100.37662457273434 100.3711198842568 100.38113661247006 100.38763394968947 100.40658451657944 100.42183521088613 100.42833254810553 100.43113001274168 100.46063875261319 100.48987677010057 100.53265090679506 100.56640096401813 100.64112034204142 100.70185239688402 100.71737381357484 100.70058902575802 100.72233705728412
100.38438528107977 100.39512393565074 100.46713608983261 100.45711936161935 100.38239998359606 100.35108642783027 100.34666462888927 100.31264384928204 100.30533434491021 100.3218484103429 100.35234979895625 100.40965270359972 100.38258046518548 100.31535107312347 100.31959239047504 100.31715588901776 100.28791787153038 100.27763042093297 100.2899031690141 100.29215918888194 100.30813180954634 100.33258706491387 100.35289124372454 100.36011050730167 100.38736322730534 100.42237665565442 100.41235992744114 100.40288464399616 100.40261392161202 100.41190872346756 100.44791480055851 100.46713608983261 100.46659464506432 100.47516752056217 100.5041348156654 100.55087954732731 100.62514772137703 100.71385442258101 100.77512792219188 100.78541537278929 100.75040194444021 100.72360042841012 100.69833300589016
100.45486334175149 100.45387069300963 100.46939210970046 100.43158121671524 100.37788794386034 100.3736466265088 100.37139060664094 100.34287451551127 100.35983978491753 100.38537792982163 100.45513406413563 100.50088614705568 100.42634725062183 100.35613991233426 100.34485981299498 100.3333992320663 100.31733637060718 100.31462914676575 100.32590924610501 100.3296091186883 100.33240658332444 100.35586918995011 100.39458249088246 100.42436195313813 100.4646093475806 100.46939210970046 100.45287804426778 100.42733989936367 100.42237665565442 100.45161467314178 100.48085269062915 100.50260072215525 100.55665495818901 100.56414494415027 100.5616182018983 100.59166838653809 100.65989042734196 100.72910511688768 100.76511119397863 100.72910511688768 100.68533833145133 100.70185239688402 100.70311576801001
100.52037815871394 100.50810541063282 100.46839946095861 100.43158121671524 100.42391074916455 100.4203913581707 100.39413128690889 100.37084916187266 100.3973799555186 100.4446661319488 100.51234672798438 100.45513406413563 100.37987324134406 100.3526205213404 100.37662457273434 100.36561519577923 100.3551472635924 100.35216931736683 100.35983978491753 100.36588591816337 100.36913458677309 100.4006286241283 100.44033457380252 100.48662810149087 100.4983594048037 100.4773332996353 100.4581120103612 100.4338372365831 100.45540478651978 100.4849135263913 100.51108335685838 100.56739361275999 100.62361362786689 100.62984024270216 100.62541844376116 100.64283491714099 100.71583972006471 100.7560871145072 100.73758775159081 100.70266456403644 100.68533833145133 100.69815252430074 100.72035175980041
100.53689222414663 100.52209273381351 100.48536473036486 100.48211606175515 100.47435535340975 100.45008057963165 100.41687196717685 100.4018919952543 100.44313203843866 100.49041821486885 100.45739008400349 100.37716601750263 100.34513053537913 100.37283445935637 100.39566538041903 100.3870925049212 100.37662457273434 100.37265397776694 100.37833914783391 100.38736322730534 100.41136727869929 100.44259059367037 100.46415814360704 100.5066615579174 100.49935205354555 100.4740846310256 100.46090947499734 100.45711936161935 100.47886739314544 100.51839286123023 100.55584279103658 100.63308891131186 100.66936571078693 100.67559232562222 100.68966988959761 100.7171030911907 100.78640802153114 100.78983717173028 100.76863058497246 100.74065593861108 100.7234199468207 100.73984377145867 100.77765466444387
100.54690895235989 100.54591630361803 100.53887752163033 100.53635077937834 100.50512746440725 100.47191885195247 100.44935865327393 100.4466514294325 100.4823867841393 100.48861339897458 100.4523365994995 100.41687196717685 100.41966943181299 100.43591277486154 100.39765067790275 100.38988996955733 100.38691202333176 100.38312190995377 100.3859193745899 100.40811861008959 100.44114674095495 100.46090947499734 100.47940883791372 100.52461947606551 100.55358677116872 100.53689222414663 100.49989349831384 100.49484001380983 100.53589957540477 100.57713961858911 100.635886375948 100.69833300589016 100.71583972006471 100.71114719873958 100.7266686154304 100.78261790815314 100.83261130842477 100.82439939610579 100.79985389994354 100.77133780881388 100.75337989066577 100.77287190232403 100.84362068537989
100.60285824508263 100.64238371316742 100.62090640402546 100.58363695580853 100.54465293249204 100.50909805937468 100.49213278996842 100.49637410731998 100.54239691262418 100.54564558123388 100.52813886705934 100.52561212480737 100.5521429184533 100.47065548082647 100.41263064982527 100.41290137220942 100.41263064982527 100.40965270359972 100.41263064982527 100.4453880583065 100.48139413539744 100.49411808745214 100.53436548189462 100.58688562441824 100.69264783582318 100.61639436428975 100.5590914596463 100.56513759289213 100.61440906680603 100.66765113568736 100.72585644827798 100.75139459318207 100.73785847397495 100.74164858735294 100.782347185769 100.83965009041248 100.85210332008302 100.83811599690233 100.81411194550839 100.79841004722813 100.77765466444387 100.78333983451085 100.84759128034732
100.6505956254864 100.68290182999405 100.64112034204142 100.60809221117606 100.60159487395664 100.58138093594067 100.54266763500833 100.58011756481467 100.67261437939665 100.70916190125587 100.68533833145133 100.64184226839913 100.6186503841576 100.47164812956832 100.43988336982895 100.46190212373918 100.49411808745214 100.49890084957198 100.50458601963896 100.5041348156654 100.51712949010422 100.5476308787176 100.61964303289946 100.74408508881022 100.84235731425389 100.68308231158348 100.61684556826332 100.63236698495415 100.66738041330322 100.6946331333069 100.72639789304627 100.73063921039783 100.7310904143714 100.76565263874689 100.81158520325639 100.84010129438605 100.83558925465033 100.82340674736393 100.8493960962416 100.85065946736759 100.83784527451819 100.83315275319305 100.84858392908917
100.61513099316375 100.61540171554789 100.59085621938566 100.58336623342439 100.60358017144036 100.62614037011889 100.60060222521479 100.63633757992157 100.75211651953978 100.8091487017991 100.77088660484031 100.67089980429708 100.58616369806053 100.51785141646194 100.55936218203044 100.64139106442556 100.67586304800636 100.62541844376116 100.58986357064381 100.56387422176614 100.55539158706301 100.61540171554789 100.75265796430806 100.9126548933362 100.93783207506142 100.76041867265349 100.68741386972977 100.67884099423193 100.6901210935712 100.69941589542674 100.7234199468207 100.73009776562954 100.76438926762091 100.81663868776036 100.86085667717029 100.8718660541254 100.84461333412175 100.8456059828636 100.90236744273878 100.9159035619459 100.90390153624891 100.9126548933362 100.93810279744557
