static/data/pressure/2023/7/3/6.asc
ncols 137
nrows 93
xllcorner 108.0
yllcorner 17.0
cellsize 0.25
NODATA_value -32767
[rows 57 to 75 of 93, columns 86 to 128 of 137]
101.20178639960021 101.20927638556148 101.21631516754918 101.22127841125847 101.22903911960387 101.23228778821358 101.23734127271757 101.23959729258543 101.24031921894313 101.24031921894313 101.23860464384357 101.23734127271757 101.23481453046557 101.23454380808144 101.23535597523386 101.23734127271757 101.24031921894313 101.24510198106299 101.24853113126213 101.25304317099783 101.25827713709124 101.26405254795294 101.2720839786825 101.27885203828606 101.28534937550548 101.29085406398303 101.29680995643417 101.30303657126944 101.30881198213115 101.31260209550913 101.3155800417347 101.31756533921842 101.31783606160256 101.31729461683427 101.31503859696642 101.31052655723072 101.30682668464745 101.30258536729588 101.29807332756016 101.29356128782446 101.29103454557246 101.29004189683062 101.29058334159889
101.20882518158791 101.2157737227809 101.22227106000032 101.2273245445043 101.23228778821358 101.23679982794928 101.24158259006913 101.24528246265241 101.24708727854669 101.24952378000397 101.24952378000397 101.24979450238811 101.25006522477226 101.2503359471564 101.25205052225597 101.25403581973968 101.25782593311767 101.26206725046923 101.26585736384723 101.27181325629837 101.27776914874948 101.28327383722706 101.29004189683062 101.29356128782446 101.2970806788183 101.30231464491173 101.30754861100516 101.31332402186685 101.3168434128607 101.31927991431799 101.32108473021228 101.3213554525964 101.32081400782813 101.31783606160256 101.31404594822456 101.309804630873 101.30583403590559 101.30204392252759 101.29906597630202 101.29554658530817 101.29428321418217 101.2938320102086 101.29482465895046
101.21685661231747 101.22209057841089 101.22831719324616 101.23282923298187 101.23707055033343 101.24185331245327 101.24627511139427 101.25060666954055 101.25457726450797 101.25728448834938 101.25954050821724 101.26107460172737 101.26206725046923 101.26459399272123 101.26657929020494 101.2700986811988 101.27352783139794 101.27803987113363 101.28507865312133 101.29085406398303 101.2970806788183 101.30258536729588 101.308541259747 101.30682668464745 101.30908270451529 101.31106800199899 101.31585076411885 101.31882871034442 101.32054328544399 101.32234810133826 101.32153593418585 101.32153593418585 101.31982135908628 101.31657269047656 101.3130532994827 101.31007535325713 101.30709740703159 101.30502186875316 101.30231464491173 101.30060006981216 101.29978790265973 101.30005862504387 101.30159271855402
101.22579045099415 101.23102441708758 101.23607790159157 101.24031921894313 101.24401909152641 101.2478092049044 101.25232124464011 101.25728448834938 101.26152580570096 101.26558664146309 101.26928651404637 101.27082060755652 101.27280590504023 101.2753326472922 101.27831059351777 101.2822811884852 101.28552985709491 101.29085406398303 101.2983440499443 101.30781933338929 101.31404594822456 101.31855798796028 101.32234810133826 101.31828726557613 101.31657269047656 101.31828726557613 101.32009208147042 101.3225285829277 101.32279930531185 101.32234810133826 101.32153593418585 101.32009208147042 101.31828726557613 101.31630196809242 101.3143166706087 101.3117899283567 101.309804630873 101.30809005577343 101.30610475828973 101.30429994239545 101.30384873842188 101.30457066477959 101.30583403590559
101.23535597523386 101.24004849655898 101.24510198106299 101.24853113126213 101.25205052225597 101.25502846848154 101.25854785947539 101.26360134397937 101.26829386530451 101.2720839786825 101.27632529603406 101.27776914874948 101.28002516861734 101.28255191086934 101.28552985709491 101.29103454557246 101.2950953813346 101.30105127378573 101.31052655723072 101.32009208147042 101.32406267643783 101.32758206743168 101.32604797392153 101.32180665656999 101.32009208147042 101.3213554525964 101.32307002769598 101.32352123166956 101.32334075008012 101.32180665656999 101.31982135908628 101.31828726557613 101.31756533921842 101.31585076411885 101.31585076411885 101.31476787458227 101.31278257709856 101.30935342689942 101.30727788862102 101.30583403590559 101.3052925911373 101.30583403590559 101.30628523987916
101.24528246265241 101.25006522477226 101.25430654212383 101.25809665550182 101.26008195298552 101.2625184544428 101.26603784543666 101.26928651404637 101.2740692761662 101.27776914874948 101.28083733576977 101.28255191086934 101.2848079307372 101.28733467298919 101.29157599034075 101.29780260517603 101.30285608968002 101.31079727961486 101.32027256305985 101.32406267643783 101.32803327140525 101.32460412120612 101.32081400782813 101.31909943272856 101.32108473021228 101.3225285829277 101.32307002769598 101.32279930531185 101.32207737895413 101.31982135908628 101.31783606160256 101.3168434128607 101.31603124570827 101.31603124570827 101.31630196809242 101.31630196809242 101.31377522584042 101.31034607564128 101.30682668464745 101.30502186875316 101.30502186875316 101.30502186875316 101.30556331352145
101.25529919086568 101.26035267536966 101.26432327033709 101.26784266133095 101.26829386530451 101.27154253391423 101.27352783139794 101.2765960184182 101.27957396464377 101.28327383722706 101.28634202424733 101.28778587696276 101.2893199704729 101.29157599034075 101.29608803007646 101.30357801603773 101.30935342689942 101.31702389445013 101.3213554525964 101.32334075008012 101.32009208147042 101.31458739299285 101.31530931935056 101.3181067839867 101.32054328544399 101.32180665656999 101.32234810133826 101.32207737895413 101.32081400782813 101.31855798796028 101.3168434128607 101.31585076411885 101.3155800417347 101.31603124570827 101.31657269047656 101.31603124570827 101.31278257709856 101.30908270451529 101.30556331352145 101.30457066477959 101.30502186875316 101.30457066477959 101.30231464491173
101.26432327033709 101.26910603245695 101.27352783139794 101.27704722239177 101.27858131590192 101.2810178173592 101.28282263325349 101.28534937550548 101.28778587696276 101.28877852570461 101.29085406398303 101.29184671272489 101.29329056544032 101.29581730769232 101.30060006981216 101.30827053736286 101.3143166706087 101.31783606160256 101.31982135908628 101.31783606160256 101.31332402186685 101.31007535325713 101.31332402186685 101.31603124570827 101.31828726557613 101.31955063670213 101.32027256305985 101.32054328544399 101.31828726557613 101.31585076411885 101.31404594822456 101.31332402186685 101.31332402186685 101.31476787458227 101.31585076411885 101.3155800417347 101.31151920597257 101.30827053736286 101.30727788862102 101.30682668464745 101.30754861100516 101.30610475828973 101.30258536729588
101.2720839786825 101.27803987113363 101.28282263325349 101.28634202424733 101.28832732173105 101.29103454557246 101.29283936146675 101.29455393656632 101.29581730769232 101.29608803007646 101.29852453153374 101.29933669868616 101.30078055140159 101.30285608968002 101.30628523987916 101.31151920597257 101.3143166706087 101.31404594822456 101.31377522584042 101.31233137312499 101.309804630873 101.30881198213115 101.31133872438313 101.31359474425099 101.31630196809242 101.31783606160256 101.31855798796028 101.3181067839867 101.31603124570827 101.3143166706087 101.31260209550913 101.31206065074085 101.31359474425099 101.3155800417347 101.31585076411885 101.31377522584042 101.31052655723072 101.30881198213115 101.30881198213115 101.30881198213115 101.30908270451529 101.30628523987916 101.30285608968002
101.28002516861734 101.28507865312133 101.28977117444647 101.29482465895046 101.2970806788183 101.30060006981216 101.30231464491173 101.30330729365359 101.30303657126944 101.30357801603773 101.30484138716373 101.30610475828973 101.30781933338929 101.30935342689942 101.3117899283567 101.31377522584042 101.31278257709856 101.3130532994827 101.31332402186685 101.31278257709856 101.31233137312499 101.31233137312499 101.31206065074085 101.31260209550913 101.31359474425099 101.31476787458227 101.31585076411885 101.31476787458227 101.31278257709856 101.31151920597257 101.31133872438313 101.31206065074085 101.31359474425099 101.3143166706087 101.31377522584042 101.31106800199899 101.30908270451529 101.308541259747 101.308541259747 101.30754861100516 101.3065559622633 101.30429994239545 101.30204392252759
101.28877852570461 101.29329056544032 101.29780260517603 101.30285608968002 101.30502186875316 101.30809005577343 101.30935342689942 101.30935342689942 101.30908270451529 101.30881198213115 101.31034607564128 101.31260209550913 101.3155800417347 101.3168434128607 101.31603124570827 101.31585076411885 101.31233137312499 101.3130532994827 101.31278257709856 101.3130532994827 101.31332402186685 101.31233137312499 101.31133872438313 101.31133872438313 101.31133872438313 101.31260209550913 101.3130532994827 101.31206065074085 101.31079727961486 101.31133872438313 101.3117899283567 101.31332402186685 101.31458739299285 101.31332402186685 101.31206065074085 101.30881198213115 101.30556331352145 101.3040292200113 101.30204392252759 101.30105127378573 101.30032934742802 101.30032934742802 101.29879525391787
101.29680995643417 101.30032934742802 101.30457066477959 101.30953390848886 101.31206065074085 101.31476787458227 101.31458739299285 101.31458739299285 101.31359474425099 101.3130532994827 101.31585076411885 101.31756533921842 101.32027256305985 101.32081400782813 101.32009208147042 101.31783606160256 101.31530931935056 101.31530931935056 101.31458739299285 101.31476787458227 101.31458739299285 101.31359474425099 101.31206065074085 101.31007535325713 101.309804630873 101.31034607564128 101.31079727961486 101.31079727961486 101.31034607564128 101.3117899283567 101.3130532994827 101.31404594822456 101.31278257709856 101.31133872438313 101.30809005577343 101.30384873842188 101.30032934742802 101.29680995643417 101.29482465895046 101.29482465895046 101.29527586292403 101.29680995643417 101.29680995643417
101.30303657126944 101.30610475828973 101.31034607564128 101.31458739299285 101.31702389445013 101.31955063670213 101.31955063670213 101.31909943272856 101.3181067839867 101.31729461683427 101.31982135908628 101.32207737895413 101.32433339882196 101.32505532517968 101.32279930531185 101.32054328544399 101.31828726557613 101.31702389445013 101.31630196809242 101.31630196809242 101.31603124570827 101.3143166706087 101.31260209550913 101.31007535325713 101.30908270451529 101.31007535325713 101.309804630873 101.31106800199899 101.31079727961486 101.31260209550913 101.31377522584042 101.31260209550913 101.31052655723072 101.30727788862102 101.30330729365359 101.29852453153374 101.2938320102086 101.29031261921476 101.28859804411519 101.28977117444647 101.29202719431431 101.29428321418217 101.29428321418217
101.30709740703159 101.308541259747 101.31332402186685 101.31630196809242 101.32108473021228 101.32307002769598 101.32460412120612 101.32460412120612 101.32279930531185 101.32234810133826 101.3237919540537 101.32532604756382 101.32731134504753 101.32758206743168 101.32532604756382 101.32279930531185 101.32054328544399 101.31882871034442 101.31855798796028 101.3181067839867 101.31828726557613 101.31603124570827 101.31359474425099 101.31034607564128 101.30935342689942 101.30953390848886 101.30908270451529 101.31079727961486 101.31133872438313 101.31278257709856 101.31133872438313 101.30935342689942 101.30727788862102 101.30285608968002 101.29906597630202 101.29410273259275 101.28904924808876 101.28733467298919 101.28634202424733 101.2880565993469 101.29058334159889 101.29229791669846 101.29103454557246
101.3065559622633 101.30682668464745 101.31151920597257 101.31503859696642 101.31955063670213 101.32631869630568 101.32857471617353 101.32983808729954 101.32676990027925 101.32631869630568 101.32658941868982 101.32785278981582 101.32929664253125 101.32857471617353 101.32758206743168 101.32478460279555 101.3225285829277 101.32081400782813 101.32054328544399 101.32009208147042 101.32081400782813 101.31783606160256 101.31503859696642 101.3117899283567 101.30935342689942 101.30935342689942 101.30908270451529 101.31007535325713 101.31079727961486 101.31007535325713 101.30827053736286 101.30583403590559 101.30384873842188 101.2996074210703 101.29608803007646 101.29103454557246 101.2880565993469 101.28634202424733 101.28607130186319 101.28778587696276 101.2893199704729 101.28832732173105 101.28706395060505
101.30177320014344 101.30285608968002 101.30809005577343 101.31133872438313 101.31702389445013 101.32460412120612 101.32929664253125 101.33308675590925 101.32929664253125 101.32956736491539 101.32956736491539 101.33001856888896 101.33209410716739 101.33083073604139 101.32956736491539 101.32604797392153 101.3237919540537 101.32207737895413 101.3213554525964 101.32108473021228 101.32108473021228 101.31855798796028 101.31630196809242 101.31359474425099 101.31106800199899 101.30935342689942 101.30935342689942 101.30881198213115 101.30781933338929 101.30682668464745 101.30556331352145 101.30330729365359 101.30132199616988 101.29735140120245 101.2938320102086 101.29004189683062 101.28733467298919 101.28580057947906 101.28552985709491 101.28580057947906 101.28507865312133 101.28381528199535 101.28182998451163
101.29554658530817 101.29906597630202 101.30258536729588 101.30583403590559 101.31206065074085 101.32009208147042 101.32604797392153 101.33182338478325 101.32983808729954 101.33110145842554 101.3315526623991 101.3315526623991 101.33182338478325 101.32929664253125 101.32803327140525 101.32676990027925 101.32532604756382 101.32406267643783 101.32334075008012 101.32352123166956 101.32234810133826 101.32081400782813 101.31828726557613 101.31530931935056 101.31206065074085 101.30908270451529 101.30610475828973 101.30484138716373 101.30357801603773 101.30204392252759 101.30078055140159 101.2996074210703 101.29735140120245 101.2938320102086 101.29058334159889 101.28778587696276 101.28580057947906 101.28453720835306 101.28309335563763 101.28282263325349 101.28029589100149 101.27858131590192 101.27605457364992
101.28859804411519 101.2938320102086 101.29753188279189 101.30177320014344 101.3065559622633 101.31233137312499 101.32054328544399 101.32532604756382 101.32658941868982 101.32884543855768 101.3290259201471 101.32884543855768 101.32884543855768 101.32731134504753 101.32857471617353 101.32658941868982 101.32532604756382 101.32406267643783 101.32307002769598 101.32433339882196 101.3225285829277 101.3225285829277 101.31955063670213 101.31585076411885 101.3117899283567 101.30709740703159 101.3040292200113 101.30105127378573 101.29879525391787 101.2970806788183 101.29608803007646 101.2950953813346 101.29283936146675 101.29031261921476 101.2880565993469 101.28580057947906 101.28408600437947 101.28155926212749 101.27831059351777 101.2753326472922 101.27253518265609 101.27235470106665 101.27181325629837
101.28309335563763 101.28904924808876 101.29283936146675 101.29807332756016 101.30132199616988 101.30502186875316 101.31233137312499 101.31476787458227 101.31828726557613 101.31927991431799 101.32009208147042 101.3213554525964 101.32207737895413 101.32279930531185 101.32577725153739 101.32532604756382 101.32631869630568 101.32577725153739 101.32532604756382 101.32731134504753 101.32505532517968 101.32406267643783 101.32054328544399 101.31585076411885 101.31052655723072 101.30303657126944 101.29978790265973 101.29554658530817 101.29329056544032 101.29157599034075 101.28959069285705 101.28832732173105 101.28706395060505 101.28580057947906 101.28435672676362 101.28210070689578 101.27957396464377 101.27704722239177 101.27352783139794 101.27154253391423 101.2720839786825 101.2720839786825 101.27109132994066
