static/data/ASCData/20210114/ASCV/00.asc
ncols 97
nrows 97
xllcorner 99.0
yllcorner 2.0
cellsize 0.25
NODATA_value -32767
[rows 76 to 94 of 97, columns 43 to 85 of 97]
-10.180841029107816 -10.352691098323898 -10.415249468844285 -10.582154212327529 -10.704303757928601 -10.8195298475037 -10.824475173236538 -10.844009209881243 -10.867252240825577 -11.033415185448897 -11.045036700921063 -10.912254704994393 -10.650646973727321 -10.213974711517823 -9.526574434653496 -8.553828863004478 -7.922063500634566 -7.108557417582897 -6.115288744142607 -5.247136811743091 -4.285270956706315 -3.7823313296768033 -3.379040016163955 -2.759885234412776 -2.113531161130994 -1.7695837564121883 -1.544076902994826 -1.510943220584819 -0.9590448688002216 -1.5910574974567766 -2.6055910715482646 -3.3332957531352134 -3.6955408630655158 -3.8293119241387537 -3.970006441237963 -4.468000742534638 -4.746175315006713 -4.922970709955632 -4.9425047466003384 -4.890826092692192 -4.9004694778712246 -5.073308612233874 -5.1291907930149305
-10.338102387412029 -10.449372216400858 -10.558663915096554 -10.705292823075169 -10.716914338547335 -10.613557030731045 -10.622211350763509 -10.679824395551059 -10.707270953368303 -10.655345033173516 -10.597731988385966 -10.420194794577121 -10.108639273408397 -9.591852734326942 -8.625288819843972 -7.649576052755252 -6.733454460747218 -5.919206578835624 -5.405387235193871 -4.776589068263661 -4.459099156215532 -4.311728449376993 -3.9747045006841586 -3.711118639123952 -3.0734188858746347 -2.538334641581683 -2.2940355503795407 -1.1642758867129528 -0.2051299608292374 -0.26002307646372724 -1.1533961701007116 -2.0109156521746288 -2.419152291420314 -2.5420436358813108 -2.727740617149336 -3.2267239835925787 -3.9240149119225802 -4.273649441234149 -4.569627186344436 -4.661362978688561 -4.616360514519745 -4.579270571523469 -4.628971095138479
-10.370247004675468 -10.435772570635558 -10.606633574705072 -10.730513984312637 -10.679824395551059 -10.563609240829392 -10.54605333447782 -10.60366637926537 -10.529486493272817 -10.415249468844285 -9.981544402074489 -9.65737830028703 -9.191528616253796 -8.349834176524956 -7.370165148849969 -6.49236983127142 -5.576248239263386 -5.124245467282094 -4.6974638565382705 -4.5686381211978695 -4.538224367940922 -4.4494557710365 -4.36241803813857 -4.200458620388162 -4.076330944493956 -3.5402576350544375 -2.0099265870280614 -0.6682597157094126 0.23722942597302232 0.08763332255470635 -0.38687068151099346 -1.1192734225441372 -1.5225647360569856 -0.942478027595218 -1.1271859437166762 -1.7678528924056953 -2.5413018370213853 -3.498222366325324 -3.9747045006841586 -4.185622643189652 -4.246202883416903 -4.162379612245319 -4.009816313387301
-10.264911566566044 -10.382115786434277 -10.536409949298788 -10.658312228613218 -10.707270953368303 -10.846729139034304 -10.784418034800558 -10.766862128448988 -10.685758786430462 -10.273565886598508 -9.630920807616354 -8.89579813743015 -7.978687480275548 -6.979731682242496 -6.019596691212213 -5.2043597441540514 -4.766698416797986 -4.386897400516113 -4.167077671691514 -4.147543635046808 -4.282303761266613 -4.279583832113553 -4.368352429017975 -4.387886465662681 -4.325328095142294 -3.2188114624200397 -1.5099541554382516 -0.3742601008922595 0.03793279893969581 -0.8546984958373636 -0.6749359054487423 -1.2119982800348286 -1.1056737767788358 -0.3146689258115747 0.4607581490972499 -0.07927142092853856 -1.329202499903063 -2.545010831321013 -3.1535331627465926 -3.472753938801214 -3.609492195314154 -3.6085031301675867 -3.4425874518309088
-10.043113707448308 -10.232519683015962 -10.329200801092922 -10.503029000602139 -10.731503049459203 -10.918189095873796 -10.986434590986946 -11.00596862763165 -10.911265639847825 -10.414260403697718 -9.576274958268506 -8.561741384177017 -7.168148592663581 -5.825245389911723 -5.025586218911998 -4.599793673314742 -4.272660376087581 -3.999183863061701 -3.7803531993836685 -3.617404716486693 -3.8429115699040555 -3.9776716961238607 -3.9190695861897433 -3.7902438508493423 -3.2568904705628836 -1.9473682165076747 -0.5362195186426675 0.24687281115205417 -0.5080311619654974 -1.0851506749875623 -0.9404998973020833 -0.9580558036536542 -0.9053880845989415 -0.22664212776707826 0.7020900448596898 0.7263221409505909 -0.39280507239039775 -1.4006624567425563 -2.134054262922267 -2.5254767946763073 -2.6827381529805203 -2.777441140764347 -2.7354058720352334
-9.664301756313003 -9.765680933836158 -10.046080902888011 -10.318568350767324 -10.435772570635558 -10.597731988385966 -10.724826859719874 -10.767851193595554 -10.679824395551059 -10.304968705002022 -9.558719051916935 -8.161417266103872 -6.519816389088665 -5.295106471351609 -4.595837412728472 -4.195513294655326 -3.923025846776013 -3.6816939510135724 -3.443576516977476 -3.1300428655156174 -3.306838260464536 -3.3379938125814084 -2.8545882221966026 -2.168177010478842 -1.5040197645588473 -0.5881454388374547 0.19816135268361101 -0.06171551457696767 -0.6348787670127636 -0.2560668158774577 -0.5216308077307987 -0.6603471945368735 -0.8673090764560976 -0.6222681863940296 -0.2199659380277481 -0.091882001547273 -0.3673366448662878 -0.8742325324820692 -1.3722268337787442 -1.5940246928964787 -1.7248285585300145 -1.840054648105114 -1.8721992653685537
-9.290187864623892 -9.401457693612722 -9.73353631657272 -9.944454459078212 -9.981544402074489 -10.133860434645865 -10.185786354840653 -10.160317927316543 -10.099737687089291 -9.6719670111989 -8.433657447696541 -6.832113709117314 -5.617294442845932 -4.678918885040131 -3.933658297101612 -3.4680558793550187 -3.301892934731699 -3.2648029917354227 -3.2207895927131744 -3.0929529225193404 -2.969814311771702 -2.5059427580316016 -1.6983710658593372 -0.6252353818337317 0.07996806766880926 0.2167063241817493 -0.08891480610757085 -0.7454067971416682 -0.5626770113133448 -0.3371701578959825 -0.20908622141550692 -0.11833949421795031 -0.4358294062660786 -0.5908653679905154 -0.5206417425842313 -0.39280507239039775 -0.5176745471445292 -1.0352028850859099 -1.4639626261228682 -1.3049704038121623 -1.237466707558939 -1.2550226139105098 -1.3381040862221694
-8.709112091015557 -8.968988958276135 -9.349779039704575 -9.5461084712982 -9.770626259568996 -9.899699261196039 -9.976846342628294 -9.950388849957617 -9.61831022699762 -8.847828477821631 -7.104601156996628 -5.803980489260525 -4.961049718098477 -4.307772188790723 -3.6329824925451293 -3.0449832629108227 -2.7539508435333717 -2.6251251081929707 -2.5489670919072824 -2.0383622099918735 -1.0616603777565872 -0.1984537710899077 0.1882707012179372 0.7362127924162647 0.7859133160312752 0.7030791100062577 0.2673959129433272 -0.12897194454354954 -0.1925193802105034 -0.23059838835334778 -0.006080600082552845 0.14722449763539114 -0.20438816196931198 -0.6672706505628452 -0.8809087222213989 -1.0577041171703176 -1.0490497971378532 -0.9904476872037362 -1.4053605161887512 -1.3146137889911942 -1.2218889315005024 -1.2649132653761836 -1.2463682938780454
-8.34093259020585 -8.62232162440427 -9.00706796641898 -9.25111979133448 -9.626222748170159 -9.97486821233516 -10.132871369499298 -10.09009430191026 -9.656389235140464 -8.397556569846833 -6.801947222147009 -5.613338182259662 -4.832223982758076 -4.080287205080226 -3.231669309325415 -2.6125145275742367 -2.150621104127271 -1.9758038394714867 -1.4444285894781626 -0.5881454388374547 0.625932028574002 1.0544445033243188 1.156070947134117 1.0037549145627405 0.9491090652148926 0.5925510798773534 0.18629257092480245 -0.011025925815389748 -0.18559592418453175 -0.3272795064303087 -0.44843998688481257 -0.4338512759729438 -0.39280507239039775 -0.831208198606388 -1.7324938134159116 -2.228757250706094 -2.3810732832774697 -1.8595886847498198 -1.660292057716493 -1.3811284200978506 -1.2844473020208893 -1.3057122026720878 -1.2344995121192368
-8.254142123594562 -8.408436286459073 -8.700457770983093 -8.958109241663895 -9.40937021478526 -9.893764870316634 -10.199386000605955 -10.12916237519967 -9.149493347524682 -7.809804606499169 -6.597705269380846 -5.4699237360073925 -4.540202498234057 -3.515778272676895 -2.6555388614499176 -1.94539008621454 -1.4592645666766733 -0.7219164999106926 -0.12625201539048936 0.4412241124525442 1.069280480522829 0.9911443339440065 0.8064364178225483 0.7918477069106795 0.7087662345990204 0.339597668642746 -0.09880545757324422 -0.27164459193589385 -0.2394999746724542 -0.3126907955184399 -0.3312357670165782 -0.4348403411195112 -0.45610524177070966 -0.5705895324858838 -1.4397305300319676 -2.6320485642189424 -3.0645172995555283 -2.588035165196694 -2.0665505666690436 -1.7102398476181457 -1.5880903020170745 -1.5129213508779538 -1.038170080525612
-8.401512830433102 -8.536272956652908 -8.628997814143599 -8.794171693620351 -9.195484876840066 -9.824283043770276 -10.073527460705256 -9.181885231074764 -8.20419433369291 -6.947339798692414 -5.794089837794851 -4.682875145626401 -3.51380014238376 -2.4777544013544315 -1.6593029925699256 -0.9414889624486507 -0.2610121416102946 0.4657034748300868 0.6424988697790055 0.9547961898076553 0.7928367720572473 0.5329599047966682 0.37297861733939497 0.2624505872104903 0.20013948297674578 0.14252643818919575 -0.274611787375596 -0.3799472254850218 -0.3361810927494151 -0.31071266522530516 -0.05380299340442862 -0.058748319137265526 -0.2051299608292374 -0.3272795064303087 -0.9805570357380624 -2.1731223362116787 -3.3956068573689584 -3.1436425112809188 -2.5188006049369775 -2.1310870674825653 -1.8956895625995291 -1.4063495813353186 -0.9328346424161862
-8.78724823759438 -8.978632343455168 -8.974676082868898 -9.067648206646231 -9.34087745338547 -9.929865748166344 -8.743234838572132 -7.851839875228281 -6.865494657813963 -5.654384385842208 -4.337938675761028 -3.159467553625997 -1.9629459925661108 -1.063638508049722 -0.2706555267893265 0.3220417622911751 1.0017767842696057 0.9100409919254813 0.9716102972993004 0.800502026943144 0.3796548070787247 0.23228410024018542 0.10617829405284462 -0.12798287939698216 -0.2756008525221634 -0.33321389730971296 -0.43953840056570614 -0.5451211049617739 -0.5547644901408058 -0.48552992988108956 -0.15641850236079424 0.09356771343411063 -0.11339416848511341 -0.7305708199431575 -1.3838483492509108 -2.2804359046142393 -3.5118220120906254 -3.3379938125814084 -2.7734848801780774 -2.3546157906067924 -1.8096408948481673 -1.2570007442036446 -0.7365052108225618
-9.268675697686051 -9.514705652894687 -9.572318697682237 -9.723892931393687 -9.972890082042024 -9.725871061686822 -8.306809842649276 -6.412255554399462 -5.361373836171623 -4.112431822343666 -2.710184710797765 -1.3986843264494215 -0.3361810927494151 0.522327454471069 1.2693189064160815 1.7616260831199946 1.3444878575552024 1.0895563160274606 0.6452187989320657 0.3210526971446077 0.018398762294989712 -0.06938076946286476 -0.20241003167617722 -0.390826942097263 -0.5762766570786462 -0.7745842189654057 -0.8653309461629628 -0.8205757482807887 -0.7590064429069696 -0.6934808769468805 -0.5666332718996143 -0.30576733949246826 -0.876210662775204 -1.5744906562517729 -2.1095749005447244 -2.952258405420131 -3.425031545479338 -3.133999126101887 -2.656527926596485 -2.16125355445287 -1.5450659681413934 -1.0265485650534454 -0.5295433289033378
-9.57429682797537 -9.788182165920567 -9.939509133345375 -10.199386000605955 -10.473851578778401 -9.727601925693314 -7.427036394777593 -5.354697646432293 -3.9581376594791546 -2.6290813687792403 -1.2940906871999212 0.08491339340164616 1.2431086800320466 2.193105753310013 2.6569773070501133 2.072192539142151 1.3620437639067737 0.8924850855739108 0.38163293737185944 -0.12229575480421984 -0.0997945227198116 -0.12229575480421984 -0.21304248200177645 -0.3223341806974718 -0.3888488118041282 -0.64378035333187 -0.8467859746648245 -0.7646935674997319 -0.6554018688040366 -0.6934808769468805 -0.934812772709321 -1.3067012678186551 -1.8086518297015999 -2.04998372546404 -2.459209429856293 -2.7658196252921803 -2.931735303628858 -2.6886725438599246 -2.220844729533555 -1.6738917034817944 -1.1887552490904953 -0.7238946302038274 -0.3213451155509044
-9.906375450935368 -10.091083367056827 -9.91329890696134 -10.098748621942724 -10.440717896368394 -9.005089836125844 -6.496326091857689 -4.438576054424259 -3.0343508125852234 -1.4162402328009924 0.1657694691335294 1.675577415368632 2.604309587995401 2.9831215391307064 2.6277998852263758 1.8192391279075442 1.199095281009798 0.8895178901342082 0.6130741816686265 0.27431936896929887 0.25874159291086274 -0.11636136392481555 -0.43187314567980906 -0.6457584836250048 -0.5851782433977526 -0.5186636122910966 -0.5928434982836501 -0.6133666000749232 -0.5742985267855114 -0.8020307767826504 -1.3556599925737407 -2.0284715585261996 -2.1231745463100262 -1.9288232450095362 -1.9639350577126782 -2.1943872368628776 -2.1145202262775618 -1.832142126932575 -1.2599679396433467 -0.8623637507232607 -0.5295433289033378 -0.26002307646372724 0.05252150985156456
-10.043113707448308 -10.181830094254384 -10.057702418360178 -9.962010365429784 -9.673945141492034 -7.970774959103009 -5.756999894798574 -3.7472195169736615 -1.844999973837951 0.25280720203145846 1.7440701767684232 2.573154035878528 2.591699007376666 2.107304351845293 1.7186017492443137 1.3044307191192233 0.9725993624458682 0.8153380041416551 0.8630603974635309 0.7001119145665551 0.28396275414833116 -0.25408868558432296 -0.4259387548004048 -0.7345270805294271 -0.7696388932325688 -0.6388350275990331 -0.5352304534961001 -0.45610524177070966 -0.5742985267855114 -0.8997009600061792 -1.4142621025078577 -1.5900684323102092 -1.4016515218891237 -1.203343960002364 -1.167243082152655 -1.1514180398075768 -0.8361535243392249 -0.46698495838295084 0.07700087222910712 0.4041341694562677 0.6326082183133317 0.725333075804024 0.8484716865516622
-10.072538395558688 -10.152405406144004 -10.010969090184869 -9.510007593448492 -8.719991807627798 -6.964895705043985 -4.511766875270245 -2.2688143891420727 -0.4375602702725714 1.0106783705887126 1.177583114071957 1.5994193990829442 1.5338938331228555 1.1825284398047944 1.0143873648883397 0.8806163038151023 0.5282618453504733 0.32995428346371414 0.46174721424381726 0.5359271002363708 0.4080904300425372 0.1620604748339014 -0.08026048607510594 -0.4249496896538374 -0.6057013451890256 -0.5636660764599122 -0.5421539095220718 -0.5265761334636356 -0.8781887930683387 -1.033472021079417 -1.0861397401341297 -0.7842276041444376 -0.7384833411156966 -0.669001514569338 -0.527565198610203 -0.12229575480421984 0.3660551613134233 0.9901552687974395 1.3504222484346067 1.4169368795412631 1.4354818510394014 1.4335037207462666 1.388501256577451
-9.824283043770276 -10.027535931389872 -10.0070128295986 -9.230596689543207 -8.542207347532312 -6.411266489252895 -3.5167673378234623 -0.7795295446982426 0.7809679902984388 0.9021284707529422 1.060378894203723 1.3083869797054928 1.2292617679801032 0.9431746743354883 0.8776491083753997 0.7401690530025342 0.5272727802039063 0.3981997785768634 0.23426223053332018 0.1766491857457706 0.19717228753704363 0.24786187629862155 0.1229924015444901 0.11211268493224891 0.0008428559434188188 -0.03229082646658821 -0.10078358786637898 -0.6173228606611927 -1.0139379844347114 -1.025559499906878 -0.8010417116360831 -0.552786359847671 -0.49146432076049384 -0.2637320707633548 0.4929027663606895 1.0848582565812657 1.7937707003834338 2.2868196759472723 2.371879278552067 2.2096725945150166 2.1345036433758957 1.9861438713907895 1.8758631075485268
-9.775571585301833 -9.602732450939182 -9.49912787683625 -8.87428597049231 -8.09292450470408 -5.892749086164947 -2.4631656904425627 0.21373912874204715 0.5027934178263633 0.5272727802039063 0.8895178901342082 1.0242780163540135 0.8934741507204778 0.84946075169823 0.8358611059329282 0.9186953119579457 0.7243440106574561 0.6199976376945977 0.47930312059538815 0.34256486408244813 0.24192748541921727 0.18060544633204012 0.020376892588124473 0.1346139170166567 0.5448286865554768 0.5299927093569665 0.21275006359547977 -0.3351920276028477 -0.7755732841119731 -0.7921401253169766 -0.5891345039840221 -0.5656442067530469 -0.4786064738551179 0.3561645098477495 1.1835175049513613 2.4393829748052904 3.156949738639923 3.088704243526774 2.94603159613443 2.763549076592749 2.5066394047718723 2.320200624643921 2.106315286698726
