static/data/ASCData/20210114/ASCV/03.asc
ncols 97
nrows 97
xllcorner 99.0
yllcorner 2.0
cellsize 0.25
NODATA_value -32767
[rows 0 to 18 of 97, columns 43 to 85 of 97]
1.1558142924533246 0.7505303640556096 0.5101567313295399 0.5904420068538943 0.8891610950661302 1.0415343507159558 1.1996939325296982 1.2515297710814584 1.093370189267716 0.9595613967271261 1.057205650743232 1.1968007694477403 1.4624895791409478 1.5806270716542614 1.2992669619337778 0.873489795038854 0.6762725116186687 0.8276813795745084 1.1235073047047863 1.1567786801473114 1.1128990400709378 0.9663121105850299 0.7085794993672079 0.45470443892533163 0.5171485421109403 0.6528861100395029 0.6548148854274749 0.5190773174989123 0.3372902371825073 0.22011713236317965 0.32186003407872743 0.314868223297327 0.1480291522377084 -0.05521555426989089 -0.1253747590073897 -0.026766117297297054 -0.22422449764097863 -0.30233990085386386 -0.8071968586556584 -2.106950373225608 -4.105884965935578 -5.7299138426084 -6.258398298912857
0.35585470029174227 0.22807333083856607 0.3589889602971974 0.9381037705359323 1.365809712818828 1.1478580939779381 0.7601742409954713 0.6615655992853786 0.5523486929414374 0.5776638699085761 0.9115831089513109 1.1577430678412974 1.3072231604091642 1.366774100512814 1.1664225570871731 0.873489795038854 0.6929081993399318 0.7652372763888997 0.9957259352516092 1.0815564400163846 1.0531070030437903 0.8824103812082273 0.5738063191326312 0.36284651107314225 0.5523486929414374 0.7924812287440104 0.7572810779135133 0.5347486175261893 0.351032761821811 0.30425995866347844 0.3529615372097834 0.3343970741005484 0.296303760188092 0.22807333083856607 0.19576634309002694 0.03953553666425691 -0.3344057916789063 -0.8423970094861559 -1.6753868801667673 -3.3334104230526034 -5.414559066674901 -6.797249922927666 -6.193784323415779
-0.28281105005064244 -0.14803786981606626 0.4419263019800135 1.021041112218748 0.9720984367489467 0.544392494466051 0.4925566559142909 0.7592098533014853 0.6557792731214618 0.46049076508924847 0.5386061683021341 0.7025520762797943 0.8110456918532454 0.9205036951206833 1.0044054244974858 0.8462458426837434 0.7797030917986931 0.8257526041865355 0.872525407344868 0.8139388549352042 0.8228594411045766 0.8168320180171631 0.615757183821033 0.5619925698813 0.6996589131978355 0.8129744672412182 0.7310015132523877 0.5542774683294103 0.44578385275595833 0.2367528200844422 0.1919087923140821 0.1870868538441508 0.20950886772933064 0.2866598832482299 0.24181585547786977 -0.01712224035743448 -0.5277655243231467 -1.4926354121563756 -3.127513650386542 -4.894030808845829 -6.482859534688153 -7.484858348739852 -6.400886580699323
-0.3433263778482787 -0.19481067297439836 0.2914818217181607 0.38719730034629496 0.2876242709422159 0.14706476454372197 0.4761620651165255 0.7406453901922503 0.7671660517768717 0.5834501960724938 0.5697076714331897 0.6724149608427239 0.6772368993126556 0.5219704805808711 0.5687432837392037 0.5395705559961201 0.5718775437446593 0.7134014378371387 0.5844145837664798 0.5376417806081473 0.7201521516950424 0.7611386286894581 0.8520321688476602 0.8062237533833145 0.819725181099122 0.687121873176014 0.6254010607608955 0.5766994822145901 0.46241954047722134 0.14103734145630797 0.052313673609574174 0.027721787412925192 0.11668655218315571 0.1996238938659718 -0.022908566521352203 -0.484850271940759 -1.2377959640205125 -2.7651449743712138 -4.369645000240814 -5.8451581720397545 -7.25244091448917 -7.775862335400198 -6.2817847004920235
-0.14996664520403868 -0.06582381890373945 -0.31391255318169886 -0.24857528691413133 -0.09813080665227858 0.09908647676790672 0.4566332143133036 0.5853789714604667 0.6128640207390741 0.5677788960452177 0.5882721345424247 0.7601742409954713 0.8520321688476602 0.7105082747551807 0.3705616126250324 0.32475319716068585 0.2885886586362023 0.4028686003735711 0.36284651107314225 0.488699105138346 0.668557410066779 0.8872323196781582 0.9916272875521686 0.8792761212027718 0.7085794993672079 0.560063794493328 0.4653127035591802 0.4166111250128752 0.3667040618490871 0.1919087923140821 0.14995792762568083 0.042428699746215326 0.11379338910119685 -0.21916146224755106 -0.5533217982137817 -1.2631111409876512 -2.4536477492136597 -4.016196910394858 -5.389243889707762 -6.841370659927536 -7.592387576619318 -7.781648661564116 -6.161718432590737
-0.09620203126430615 -0.09523764357031972 -0.3442907655422651 -0.6801387799729719 -0.5306586874051051 -0.08149511893101602 0.26713103244500847 0.3734547757069908 0.45253456661386204 0.40769053884350237 0.4399975265920415 0.6372148100122268 0.8315389303504532 0.8862679319841722 0.5463212698540238 0.18998001692610966 0.09137137521601701 0.15188670301365326 0.3724903880130048 0.5277568067447889 0.6323928715422951 0.8520321688476602 0.8891610950661302 0.7367878394163054 0.4995484666956913 0.30136679558152 0.20661570464737222 0.1861224661501648 0.15092231531966682 0.24953095702975947 0.22903771853255206 0.12247287834707299 -0.10584590820416828 -0.4400062441703989 -1.3472539672879504 -2.2113453410996176 -3.5814991573305623 -5.192990993981563 -6.567966748682439 -7.229054512910004 -7.853013350919097 -7.465329497936631 -5.9174872490887225
-0.25146844999608975 -0.26328219924742147 -0.539579273574478 -0.8853122618685436 -0.8763916756991708 -0.47400091038341374 -0.12055282053745842 0.05617122438551947 0.1489935399316944 0.4028686003735711 0.39491240189818466 0.4751976774225386 0.544392494466051 0.65095733465153 0.46241954047722134 0.11475777679518329 0.010362808921172917 0.11668655218315571 0.4390331388980546 0.5190773174989123 0.6058722099576737 0.5366773929141613 0.5405349436901061 0.4662770912531662 0.2300021062265385 0.0404999243582429 -0.05714432965786331 -0.08245950662500201 0.01711352277907663 0.14995792762568083 0.05617122438551947 -0.09523764357031972 -0.34525515323625156 -1.134365383840489 -2.1742164148811476 -3.3724681246590458 -4.721164314698797 -6.269006563546705 -7.0004946294352655 -7.643982318247581 -7.601067065865195 -6.932987490856229 -5.526910233024297
-0.6490372768419155 -0.6459030168364603 -0.887241037256516 -0.9810277404966774 -0.9320850650268757 -0.6663962553336678 -0.49762840888607673 -0.3433263778482787 -0.0503936157999596 0.2895530463301883 0.5132909913349955 0.5181129298049263 0.33053952332460357 0.18901562923212323 0.04339308744020176 -0.030864764996738625 -0.05232239118793203 0.21047325542331707 0.42625500195273736 0.3980466619036398 0.16562922765295696 0.042428699746215326 0.0708781367188096 0.15092231531966682 -0.03279354038471105 -0.10391713281619586 -0.1909531221984535 -0.13333095748277612 0.042428699746215326 -0.07378001737912587 -0.3618908409575141 -0.6254097783392529 -1.482991535216513 -2.3285184459189456 -3.337509070752045 -4.7083861777534795 -5.875536384400322 -6.611846388758812 -7.248583363713225 -7.396857971663609 -7.193854362079506 -6.460437520802973 -4.966359885894797
-1.082529545288729 -0.9448632019721934 -0.8033393078797135 -0.7601829585738296 -0.7572897954918707 -0.7211252569673867 -0.6663962553336678 -0.5542861859077681 -0.2611123269359523 0.052313673609574174 0.2943749848001196 0.3715260003190184 0.2328952693084969 0.010362808921172917 -0.1314021820948037 -0.15382419597998354 0.0024066104457864945 0.30618873405145086 0.319931258690755 0.06677948901936803 -0.22518888533496506 -0.34525515323625156 -0.30812622701778114 -0.18516679603453623 -0.13622412056473454 -0.03954425424261476 0.05038489822160175 0.121508490653087 0.024828624330966775 -0.33537017937289226 -0.6900237538363307 -1.6206578785330483 -2.8324110160267537 -3.9887118611162506 -4.9068089457911475 -5.685069814838039 -6.2661134004647465 -6.764219644408637 -6.987716492489948 -7.0171303171565285 -6.734805819742057 -6.06407417857463 -4.253436283115472
-1.2368315763265265 -0.7905611709343958 -0.44579257033431663 -0.36574839173345897 -0.521979198159229 -0.7358321693006769 -0.7290814554427731 -0.5472943751263677 -0.33537017937289226 -0.1704598837012461 -0.06389504351576702 -0.0004865526361719219 -0.061001880433808164 -0.1957750606683848 -0.23001082380489635 -0.12344598361941728 0.07280691210678203 0.2124020308112895 -0.04533058040653204 -0.39805537948199765 -0.5434368243504228 -0.45664193189166147 -0.27678362696322845 -0.1567173590619424 0.08052201365867173 0.1781662676747784 0.16755800304092938 0.0961933136859483 -0.07378001737912587 -0.5415080489624504 -1.3892048319763517 -2.8560385145294167 -4.300209086273805 -5.26604336180102 -5.676149228668667 -6.053224817017285 -6.377500179120156 -6.601961414895453 -6.661512354999104 -6.571824299458384 -6.252370875825443 -5.419381005144832 -3.2777170337248984
-1.0357567421303964 -0.6029877644540731 -0.37949091637276267 -0.5132997089133529 -0.763076121655788 -0.7290814554427731 -0.6304728137326805 -0.4887078227167039 -0.40962803180983265 -0.33344140398491984 -0.2601479392419659 -0.17142427139523253 -0.25050406230210376 -0.3558634178701001 -0.3990197671759841 -0.37153471789737624 -0.2729260761872836 -0.15478858367396997 -0.3696059425094038 -0.6567523783938056 -0.5844233013448377 -0.3363345670668787 -0.09234448048836086 -0.08631705740094686 -0.07956634354304315 -0.16949549600725966 -0.19866822375034365 -0.36478400403947253 -0.7592185708798431 -1.5922084415604545 -2.9233045561849567 -4.303102249355764 -5.153692195451624 -5.628412037816348 -5.717376802586578 -5.939909262973902 -6.174255472612558 -6.234770800410194 -6.227055698858305 -6.115668920202894 -5.814056668908698 -4.919345985812968 -2.6156648818033474
-0.7973118847922995 -0.558143736683713 -0.6234810029512805 -0.8033393078797135 -0.9487207527481383 -0.7944187217103407 -0.6205878398693216 -0.4310856580010265 -0.34525515323625156 -0.3305482409029614 -0.30233990085386386 -0.35899767787555525 -0.4467569580283026 -0.5815301382628792 -0.6606099291697505 -0.6372235275905842 -0.558143736683713 -0.4937708581101319 -0.6528948276178608 -0.7220896446613732 -0.6039521521480591 -0.3247619147390437 -0.16153929753187324 -0.4195130056731915 -0.7085882169455657 -0.8706053495352535 -1.1596805608076277 -1.4916710244623892 -2.3871049983286095 -3.205629053599427 -4.131441239826214 -4.813022242550986 -5.471216843696592 -5.619732548570472 -5.749442693411621 -5.853114370515142 -6.007416401552939 -6.039482292377981 -5.868544573618921 -5.68217665175608 -5.304136675713476 -4.520089480502667 -2.1546875640779266
-0.7290814554427731 -0.7358321693006769 -0.7797118093770505 -0.8578272125899358 -0.9477563650541523 -0.8315476479288106 -0.6635030922517093 -0.5072722858259389 -0.4134855825857775 -0.3881704056186388 -0.3862416302306664 -0.5152284843013253 -0.6273385537272254 -0.816840735595521 -0.8804903233986123 -0.8276900971528658 -0.7662103816612436 -0.6128727383174319 -0.5904507244322517 -0.6909881415303167 -0.6871305907543719 -0.4585707072796339 -0.6743524538090542 -0.9759647051032498 -1.3901692196703381 -2.0425774946520265 -2.4702834369349222 -3.3218377707247684 -4.083462952050398 -4.372538163322773 -4.7963865548297235 -5.32559430190467 -5.48182510833044 -5.617562676259003 -5.688927365613985 -5.821771770460589 -5.944731201443833 -5.76704276882687 -5.542581533051573 -5.119697529238609 -4.76022201630524 -4.104920578241592 -2.0611419577612615
-0.695810080000248 -0.7300458431367596 -0.7310102308307456 -0.7406541077706081 -0.768139157049216 -0.6871305907543719 -0.5747794244049755 -0.5014859596620216 -0.502450347356008 -0.3814196917607351 -0.4262637195310952 -0.6254097783392529 -0.7710323201311744 -0.9262987388629584 -0.9019479495898062 -0.961498889693456 -1.1440092607803511 -0.7652459939672571 -0.7025607938581517 -0.918342540387572 -1.2074177516599462 -1.394991158140269 -1.733009044882445 -2.000385533040129 -2.4837848646507297 -3.148971276577736 -4.0296983381106655 -4.66064898690116 -4.881252671900512 -5.02012449983453 -5.271106397194448 -5.4779675575544955 -5.566932322324726 -5.636127139368238 -5.670362902504749 -5.740763204165745 -5.732807005690358 -5.486888143723868 -5.024946438304461 -4.4311247157324365 -4.119627490574882 -3.4672192155931936 -2.0816351962584694
-0.559108124377699 -0.594308275208197 -0.5853876890388241 -0.5648944505416167 -0.5120942242958701 -0.4262637195310952 -0.3696059425094038 -0.5063078981319529 -0.5434368243504228 -0.44579257033431663 -0.5844233013448377 -0.781640584765023 -0.8510764987320321 -0.9135206019176407 -1.0863870960646738 -1.2787824410149278 -1.5873865030905232 -1.1196584715071989 -1.1324366084525166 -1.9584346683517275 -2.437976449186383 -2.6303717941366376 -3.0404776610042843 -3.254330632145732 -3.6410500974342126 -4.305272121667232 -4.5943473329396065 -5.064004139910904 -5.123555080014554 -5.245550123303813 -5.379358915844403 -5.474110006778551 -5.563074771548781 -5.500389571439675 -5.4613318698332325 -5.318843588046766 -4.994568225943895 -4.732013676256142 -4.321666712464999 -3.720129888341084 -3.486748066396415 -2.8900331807424315 -2.07175022239511
-0.3129481654877124 -0.4576063195856479 -0.47400091038341374 -0.4720721349954413 -0.31487694087568485 -0.23097521149888234 -0.25725477616000747 -0.4134855825857775 -0.6509660522298883 -0.6449386291424744 -0.816840735595521 -0.955471466606042 -1.0140580190157058 -1.438870798216643 -1.6469374431941732 -1.9584346683517275 -2.1556519517719126 -1.7349378202704173 -2.227016641126894 -3.054220185643588 -3.4447972017080137 -3.5952416819698665 -3.930125308706587 -4.050191576607873 -4.387245075656063 -4.605919985267442 -4.861723821097291 -5.045439676801669 -5.071719241462794 -5.1997417078394665 -5.25832826024913 -5.357901289653209 -5.26604336180102 -5.181177244730232 -4.925373408900382 -4.611706311431359 -4.1548276414053795 -3.963396684149112 -3.5581127557513965 -3.295317109140147 -3.0894203364740855 -2.71427352351344 -2.574678404808932
-0.2085531976137025 -0.3548990301761137 -0.46628580883152404 -0.48677904732873145 -0.30812622701778114 -0.23097521149888234 -0.24953967460811732 -0.46628580883152404 -0.7582541831858567 -0.9400412635022626 -1.1215872468951713 -1.253467264047789 -1.653688157052077 -2.1578218240833817 -2.679314469606439 -2.980926720900634 -2.932225142354329 -2.8314466283327677 -3.2709663198669947 -3.602956783521756 -3.886245668630213 -3.944832221039877 -4.104920578241592 -4.146871442929993 -4.3392667878802476 -4.531662132830501 -4.63822697301598 -4.808200304081055 -4.87932389651254 -5.03555470293831 -5.089319316878043 -5.145012706205748 -5.016990239829075 -4.691991586955713 -4.354938087907524 -4.094312313607744 -3.578605994248604 -3.3842818739103775 -3.2593936675391597 -3.094242274944017 -3.209486604375372 -2.998526796315883 -3.118593064217169
-0.27678362696322845 -0.3618908409575141 -0.49762840888607673 -0.5328285597165743 -0.49762840888607673 -0.42915688261305407 -0.5482587628203541 -0.7895967832404094 -1.2006670378020425 -1.4429694459160842 -1.7211952956311134 -2.330447221306918 -2.8560385145294167 -3.2408292044299247 -3.6048855589097286 -3.6186280835490328 -3.5581127557513965 -3.620556858937005 -3.7456861622317192 -3.8794949547723094 -3.9019169686574893 -3.986783085728278 -4.057183387389274 -4.140120729072089 -4.292493984721915 -4.28164462316457 -4.314915998607095 -4.457404280393561 -4.589284297546179 -4.695849137731658 -4.772035765556571 -4.861723821097291 -4.8139866302449725 -4.500560629699446 -4.07068481510508 -3.782815088450189 -3.2533662444517457 -2.90763325615768 -2.8714687176331966 -3.1899577535721506 -3.49060561717236 -3.642014485128199 -3.9339828594825317
-0.41661984259123264 -0.3548990301761137 -0.3500770917061824 -0.4966640211920903 -0.6391523029785566 -0.6548236030058332 -1.0015209789938848 -1.664537518609422 -2.276923704290682 -2.480891701568771 -2.729944823540716 -3.1928509166541095 -3.5258057680028574 -3.734836800674374 -3.8910676071001444 -3.9566459702912082 -3.9691830103130292 -3.929160921012601 -3.963396684149112 -3.936152731794001 -3.7847438638381616 -3.6285130574123916 -3.8052371023353695 -3.986783085728278 -3.9614679087611395 -3.782815088450189 -3.686135222128069 -3.815845366969218 -4.004383161143527 -4.097205476689703 -4.313951610913109 -4.524911418972598 -4.53672516822393 -4.306236509361219 -3.963396684149112 -3.4332245493801787 -2.8451891529720714 -2.477034150792826 -2.596136031000126 -3.1889933658781646 -3.9467609964278494 -4.3587956386834685 -4.626413223764649
