static/data/ASCData/20210114/ASCV/06.asc
ncols 97
nrows 97
xllcorner 99.0
yllcorner 2.0
cellsize 0.25
NODATA_value -32767
[rows 38 to 56 of 97, columns 0 to 42 of 97]
-1.0491695143561532 -1.241481930548186 -1.629147275441217 -1.8391960146022122 -1.8265272124815248 -1.6106508243450137 -1.0930035696937312 -0.6731594674141546 -0.509985296099702 -0.7960468479848211 -0.7600674499620692 -0.8449484241706742 -1.1545739480002712 -1.5412257887236471 -1.684890004772241 -1.670194194312244 -1.627120267101907 -1.6935047902143086 -1.7804127727622232 -1.6058366795391525 -1.527543482433305 -1.585313220103639 -1.6106508243450137 -1.5001788698526206 -1.3937609320388473 -1.4348078509098738 -1.3577815340160955 -1.3058394453212774 -1.3919872997419511 -1.6134379608115648 -1.8204461874635949 -1.4201120404498768 -0.7727362520827565 -0.2122684462635509 0.18426506011396082 0.3806314929846142 1.1169422722389593 1.9274922319205317 1.563137482929565 0.4371343504428795 -0.5147994409055632 -1.0207913976058136 -1.5374251480874412
-0.9718898214199605 -1.0765341269368376 -1.6065968076663935 -1.8987393845694425 -1.8371690062629025 -1.53261100328158 -1.0441019935078781 -0.5832109723572745 -0.34782462895490474 -0.2677577995521614 0.0008208054064091641 -0.3067777100838782 -1.29317064320059 -1.7112411131832705 -1.8498378083835894 -1.8156320426577337 -1.7560886726905038 -1.8587059698680708 -1.8820165657701353 -1.7540616643511937 -1.7112411131832705 -1.7218829069646477 -1.7512745278846427 -1.714028249649822 -1.6339614202470782 -1.6886906454084474 -1.568590401304332 -1.6038096711998424 -1.6476437265374204 -1.7882674300770494 -1.7601426893691237 -1.386919778893676 -0.8507760731461902 -0.37620274570524437 0.10723874322018201 0.5037722495976942 0.8189720463603942 1.3951491668092517 1.2517383268030722 0.41179674620150486 -0.6115890891076141 -1.3646226871612663 -1.9055805377146138
-0.6348996850096786 -0.7765368927189629 -1.5579486075229543 -1.8683342594797931 -1.7581156810298135 -1.4543178061757325 -1.1925803543623332 -0.7922462073486147 -0.5120123044390121 -0.28346711418181325 0.019317256502612512 -0.2854941225211234 -1.187766209556472 -1.7365787174246452 -1.878215925133929 -1.8997528887390973 -1.872388276158413 -1.9435869440766755 -1.8898712230849615 -1.8098043936822177 -1.781426276931878 -1.7872539259073945 -1.7560886726905038 -1.7180822663284419 -1.7396192299336102 -1.7902944384163595 -1.5343846355784763 -1.3245892724598947 -1.2219719752823277 -1.243508938887496 -1.1155540374685544 -0.7159800185820773 -0.18971797848872773 -0.1438569148118396 0.2916965020973894 0.6286866385076708 0.7166081252252408 0.925643360216581 0.7546145315873032 0.0036079418729606516 -0.8753535492603235 -1.632187787950182 -2.3411339546238423
-0.5246811065596995 -0.6954565591465638 -1.4984052375557244 -1.828300844778421 -1.720869402794993 -1.5706174096436416 -1.3098934619998972 -1.0149637486302976 -0.7560134332834494 -0.4904753408338438 -0.2923352756662947 -0.5431775576559028 -1.0686794696220114 -1.6174919774901846 -1.778639140465327 -1.8001761040704953 -1.8440101594080733 -1.8888577189153062 -1.8118314020215278 -1.7687574748111907 -1.7307510684491292 -1.7160552579891317 -1.6838765006025862 -1.5842997159339842 -1.6058366795391525 -1.4758547697809008 -1.140891641709929 -0.6331260527127824 -0.6769601080503604 -0.8421612877041227 -0.5979067828172719 -0.1945321232945889 0.014503111696751336 0.05935067120398463 -0.02477017487737898 0.1627280965087925 0.21847082583981692 0.21948433000947176 -0.032371456149791644 -0.7152198904548364 -1.5901273649095002 -2.1478080342621544 -2.851940056129954
-0.5753563150424483 -0.7658950989375852 -1.5227293376274438 -1.8351419979235923 -1.8245002041422151 -1.67399483494845 -1.4758547697809008 -1.1682562542906134 -0.9270422619127276 -0.6495954954696761 -0.48566119602798263 -0.6838012611955318 -1.133036984395103 -1.4006020851840182 -1.5617492481591606 -1.643843085901214 -1.7054134642077545 -1.7403793580608515 -1.6866636370691372 -1.6428295817315592 -1.621292618126391 -1.6065968076663935 -1.427966697764703 -1.328389913096101 -1.1183411739351055 -0.9407245682030698 -0.501117134615221 -0.011087868587036809 -0.3419969799793887 -1.0813482717426988 -0.8117561626144734 -0.26395715891595506 -0.05492192392461481 -0.40255385411627387 -0.6252713953979563 -0.7765368927189629 -0.6194437464224403 -0.5363364045107315 -0.7864185583730987 -1.4758547697809008 -2.305914684728332 -2.863595354080986 -3.3528644919819293
-0.27282532040043606 -0.7423311269931068 -1.5227293376274438 -1.8888577189153062 -1.8772024209642741 -1.7796526446349819 -1.5870868524005353 -1.3919872997419511 -1.2004350116771594 -0.8771271815572197 -0.5267081148990091 -0.6711324590748444 -0.9503528578147922 -1.2082896689919855 -1.4454496446912515 -1.538438652257096 -1.576445058619158 -1.634974924416733 -1.5959550138850163 -1.5452798054022674 -1.5452798054022674 -1.4484901572002165 -1.2503500920326673 -1.039287848702017 -0.7922462073486147 -0.3751892415355895 0.04262785240467748 0.3601080335491007 0.04262785240467748 -0.860657738800326 -0.7755233885493076 -0.16919451905321425 0.029959050283990152 -0.2735854485276774 -1.080334767573044 -1.3909737955722958 -1.135063992734413 -0.8733265409210134 -0.9886126402192676 -1.439621995715735 -2.3753397203496984 -3.3812426087322685 -3.9085181529952737
0.29271000626704424 -0.5989202869869268 -1.5597222398198505 -1.966137411851499 -2.0753424861318233 -2.014785611994938 -1.9435869440766755 -1.7991625999008405 -1.5706174096436416 -1.1213816864440704 -0.5353229003410767 -0.5089717919300472 -0.8234114605655054 -1.1292363437588966 -1.4299937061040127 -1.6223061222960458 -1.6329479160774234 -1.6418160775619044 -1.6065968076663935 -1.5569351033532994 -1.439621995715735 -1.325349400587136 -1.1771244157750949 -0.9739168297592706 -0.6164032339134753 -0.1506980679570109 0.23519364463912407 0.5661027560314755 0.6071496749025025 0.6578248833852518 0.6775882146935244 0.6286866385076708 0.6256461259987063 0.43029319729770865 -0.37037509672972835 -1.0745071185975275 -1.0783077592337338 -0.9191876045979015 -1.146719290685445 -1.5207023292881336 -2.6330231554844774 -3.7689079536252996 -4.361554516831051
0.4568976817511512 -0.7015375841644937 -1.668167185972934 -2.1837874322849062 -2.389782154767282 -2.4427377476317544 -2.453379541413132 -2.4250014246627924 -2.2483983231004117 -1.772811491489811 -1.1193546781047607 -0.8849818388720458 -0.9903862725161638 -1.1750974074357847 -1.3927474278691925 -1.6223061222960458 -1.781426276931878 -1.9093811783508197 -1.9767792056328761 -1.8734017803280678 -1.7355652132549904 -1.5929145013760513 -1.3831191382574701 -1.077294255064079 -0.6779736122200157 -0.23177840152940954 0.1784374111384448 0.2547035999049827 0.2547035999049827 0.802502603603501 0.9859468583110527 0.48020827765321616 -0.012101372756691653 0.05935067120398463 0.37759098047564876 0.19009270908947773 -0.27763946520629723 -1.132023480225448 -1.6339614202470782 -2.0842106476163043 -3.337155177352277 -4.53334347358757 -4.961295609224387
0.35706752104013617 -0.6105755849379593 -1.7882674300770494 -2.4376702267834798 -2.657600631598611 -2.713089984887221 -2.6439183253082685 -2.1837874322849062 -1.4163113998136705 -0.7159800185820773 -0.9886126402192676 -1.3567680298464402 -1.6585388963612115 -1.7444333747394714 -1.7591291851994684 -1.8607329782073805 -1.9641104035121888 -2.0353090714304516 -1.9045670335449585 -1.5812592034250192 -1.38109212991816 -1.2103166773312952 -1.0998447228389021 -1.0022949465096103 -0.7190205310910422 -0.25331536513457786 0.1969338622346486 0.28789586146118307 0.18046441947775538 0.3552938887432395 0.3152604740418674 -0.0022197071025558124 -0.1876909701494176 -0.032371456149791644 0.30056466358187084 0.3043653042180763 -0.18490383368286656 -1.3263629047567909 -2.1077746195607827 -2.694593533791018 -4.023804252293528 -5.401663170939477 -5.835189579509397
0.3200746188477286 -0.3946991968014477 -1.7003459433594794 -2.4201872798569313 -2.6320096513148226 -2.612499696048964 -2.2942593867772993 -1.6808359880936212 -0.2766259610366424 0.6345142874831877 0.015263239823992691 -1.1135270291292443 -1.4621724634905586 -1.643843085901214 -1.7444333747394714 -1.925090492980472 -2.0178261245039026 -1.7961220873918755 -1.4201120404498768 -1.0598113081375304 -0.8274654772441257 -0.6457948548334698 -0.6526360079786411 -0.6594771611238119 -0.6447813506638149 -0.3333821945373212 -0.14867105961770077 0.06720532851881078 0.2204978341791266 0.2790276999767016 0.3385710699439324 0.48020827765321616 0.5007317370887296 0.6393284322890489 0.7429592336362703 0.22632548315464263 -0.5294952513655606 -1.2034755241861244 -1.925090492980472 -2.482771162333126 -3.5626598551005104 -5.167290331706763 -6.418207853103425
-0.13220161686080711 -0.603734431792788 -1.6027961670301876 -2.1946826021086974 -2.4396972351227895 -2.410305614202795 -2.0882646642949245 -1.4700271208053848 -0.366574456093522 0.28206821248566705 -0.07924602399633418 -0.7005240799948389 -0.5763698192121036 -0.8175838115899894 -1.3615821746523014 -1.67399483494845 -1.8607329782073805 -1.6311742837805272 -1.1682562542906134 -0.860657738800326 -0.7405574946962106 -0.7874320625427536 -0.8089690261479223 -0.8966371368230783 -0.8664853877758425 -0.6964700633162191 -0.5490052066314188 -0.34301048414904356 -0.07544538336012829 -0.012101372756691653 0.06619182434915549 0.1862920684532714 0.3307164126291058 0.4675394755325293 0.7262364148369631 0.4548706734118415 -0.3293281778587014 -0.8829548305327357 -1.7482340153756777 -2.2706954148328213 -3.2619024927553943 -5.256985450721229 -6.705282909158199
-0.6691054507355343 -1.0266190465813296 -1.5042328865312404 -2.015799116164593 -2.1009334664156114 -2.069514837156307 -1.8508513125532446 -1.2883564983947289 -0.9280557660823825 -0.6721459632444993 -0.8391207751951577 -0.845961928340329 -0.7169935227517326 -0.7423311269931068 -1.278474832740593 -1.5696039054739868 -1.681849492263276 -1.296211155709555 -0.8811811982358395 -0.6574501527845023 -0.7063517289703549 -0.7755233885493076 -0.94275157654238 -1.0324466955568457 -1.030419687217536 -0.8702860284120484 -0.7316893332117296 -0.6310990443734728 -0.5109988002693573 -0.5147994409055632 -0.4035673582859287 -0.17299515968942014 -0.023756670707724137 0.19516022993775195 0.3971009357415074 0.5250558371604495 -0.10280999594081264 -0.7747632604220662 -1.7522880320542975 -2.2765230638083374 -3.0706035807330165 -5.0705006835047115 -7.037458900762619
-0.9708763172503057 -1.2941841473702453 -1.6927446620870672 -1.9309181419559882 -2.009971467189077 -1.6516977432160402 -1.4269531935950481 -1.4046561018626385 -1.3157211109754137 -1.3420722193864432 -1.3205352557812748 -1.23768128991198 -1.0549971633316693 -1.0734936144278726 -1.0187643892665035 -1.3010253005154162 -1.2551642368385285 -0.8634448752668775 -0.5198669617538383 -0.09799585113495146 -0.16818101488355897 -0.6194437464224403 -0.7884455667124088 -0.9328699108882437 -0.9298293983792787 -0.9612480276385833 -0.840134279364813 -0.840134279364813 -0.9571940109599635 -0.9592210192992732 -0.7912327031789599 -0.5616740087521062 -0.27966647354560736 -0.05897594060323463 -0.12612059184287716 -0.06379008540909581 -0.5256946107293543 -0.9445252088392762 -1.6458700942405242 -1.8683342594797931 -2.670269433719298 -5.037308421948511 -7.01110779235159
-1.0071090913154714 -1.3732374726033338 -1.7482340153756777 -1.979819718141841 -2.4270284330021026 -2.068501332986652 -1.8019497363673915 -1.8478108000442797 -1.731764572618784 -1.6975588068929284 -1.5391987803843374 -1.2805018410799027 -1.1213816864440704 -1.108712884323383 -1.0539836591620144 -0.8343066303892965 -0.7755233885493076 -0.5325357638745256 -0.21505558273010195 0.539751647620446 0.633500783313532 0.036800203429161016 -0.7152198904548364 -0.8596442346306712 -0.9407245682030698 -1.042328361210982 -1.0060955871458162 -1.033460199726501 -1.2424954347178412 -1.249336587863012 -1.085148912378905 -0.9376840556941048 -0.6554231444451921 -0.4210503052124772 -0.5383634128500416 -0.6584636569541571 -1.0793212634033886 -1.1545739480002712 -1.178898048071991 -1.3790651215788499 -2.2357295209797243 -4.604795517548247 -7.025550226769173
-0.8117561626144734 -1.2668195347895606 -1.5579486075229543 -2.291218874268335 -2.947462824119936 -3.468910719407425 -3.2591153562888433 -2.5724662813475923 -2.0999199622459566 -1.7150417538194769 -1.4464631488609063 -1.0988312186692473 -1.184725697047507 -1.2189314627733627 -1.2668195347895606 -0.9903862725161638 -0.6437678464941601 -0.43295897920592363 -0.2697848078914711 0.4470160160970158 0.6109503155387088 0.17260976216292878 -0.6779736122200157 -1.039287848702017 -1.132023480225448 -1.1457057865157902 -1.103898739517522 -1.2110768054585366 -1.4973917333860691 -1.5189286969912374 -1.431007210273668 -1.2863294900554192 -1.042328361210982 -0.8264519730744704 -0.6272984037372664 -0.6283119079069213 -1.0618383164768401 -1.1193546781047607 -1.171043390757165 -1.3304169214354107 -2.134125727971812 -4.692717004265816 -7.175042091793284
-0.3470645008276638 -0.8938500003565268 -1.4728142572719358 -2.383194377664524 -3.7942455578666743 -4.564762102846875 -4.221944317461077 -3.2755847990457365 -1.6613260328277626 -0.8127696667841282 -0.5120123044390121 -0.5745961869152074 -0.8753535492603235 -1.2093031731616404 -1.3625956788219566 -1.3304169214354107 -0.9670756766140993 -0.6886154060013929 -0.9191876045979015 -0.9767039662258217 -0.9602345234689285 -0.7542398009865532 -0.8664853877758425 -1.2052491564830206 -1.4046561018626385 -1.3577815340160955 -1.2141173179675016 -1.4484901572002165 -1.8908847272546163 -1.9055805377146138 -1.7892809342467042 -1.6995858152322385 -1.4515306697091814 -1.0587978039678756 -0.6906424143407031 -0.6536495121482959 -1.187766209556472 -1.284555857758523 -1.3790651215788499 -1.4464631488609063 -2.1163894050028498 -4.819658401515103 -7.795306643622133
-0.26395715891595506 -0.7258616842362136 -1.5196888251184788 -2.5372470114520818 -4.267805381137965 -5.361629756238106 -4.862478952683026 -3.2940812501419403 -1.240468426378531 0.37480384400909816 0.504532377724936 0.009435590848476672 -0.46995188139833033 -0.7960468479848211 -0.9944402891947841 -1.1720568949268197 -1.1730703990964746 -0.9181741004282467 -0.8938500003565268 -1.0793212634033886 -1.135063992734413 -0.9417380723727247 -1.0129367402909875 -1.3157211109754137 -1.5110740396764113 -1.4142843914743608 -1.2229854794519825 -1.5929145013760513 -2.1878414489635265 -2.197469738575249 -2.070528341325962 -2.0413900964483815 -1.8673207553101379 -1.527543482433305 -1.3448593558529942 -1.4320207144433228 -1.7365787174246452 -1.4728142572719358 -1.2571912451778382 -1.0529701549923591 -1.7160552579891317 -4.697531149071677 -7.945558636773484
-0.6359131891793339 -0.8226513324382645 -1.5052463907008953 -2.5929897407831057 -4.625318976983761 -5.919310425590759 -5.338065784293627 -3.8459342705190784 -2.414359630881415 -1.4348078509098738 -1.5110740396764113 -1.5870868524005353 -1.2630188941533547 -0.8049150094693021 -0.1633668700776978 -0.09014119382012531 -0.6964700633162191 -1.196634371040953 -1.4211255446195317 -1.2716336795954217 -1.296211155709555 -1.3517005089981655 -1.5237428417970986 -1.684890004772241 -1.687677141238792 -1.5696039054739868 -1.582272707594674 -1.8898712230849615 -1.927117501319782 -1.8138584103608375 -1.6565118880219014 -1.4074432383291895 -1.0314331913871908 -0.9212146129372116 -1.436834859249184 -1.8138584103608375 -1.8655471230132417 -1.340045211047133 -1.0433418653806368 -0.9171605962585914 -1.8967123762301323 -5.120415763860219 -8.337277998345135
-0.7747632604220662 -0.9103194431134205 -1.193593858531988 -2.517737056186223 -4.9417856539585285 -6.27175650058828 -5.640850154978053 -4.219917309121767 -3.342982826327793 -2.765032073582039 -2.7424816058072157 -2.4865718029693324 -1.9562557461973626 -0.6409807100276086 0.4100231139046082 0.9051199007810675 0.28206821248566705 -0.5695286660669323 -1.0909765613544211 -1.2678330389592154 -1.5022058781919303 -1.6174919774901846 -1.916222331495991 -2.0890247924221654 -2.008957963019422 -1.872388276158413 -1.9757657014632213 -1.9952756567290797 -1.4652129759995236 -0.9475657213482411 -0.7473986478413819 -0.34301048414904356 0.08088763480915251 0.1500592943881056 -0.34782462895490474 -1.2356542815726699 -1.2445224430571509 -0.48084705122212146 -0.8626847471396362 -1.048156010186498 -2.768832714218245 -6.1407610866603735 -9.03355536289811
