static/data/ASCData/20210114/ASCV/09.asc
ncols 97
nrows 97
xllcorner 99.0
yllcorner 2.0
cellsize 0.25
NODATA_value -32767
[rows 38 to 56 of 97, columns 43 to 85 of 97]
-2.788990190435052 -3.0533854307147585 -3.1306187044089278 -3.3229295559074092 -3.718621361467204 -4.038882003052359 -4.23222263153343 -4.4000762796954245 -4.518243188447504 -4.731149579597764 -5.011506363107599 -5.031072125776788 -4.741962237914947 -4.442297135981571 -4.179446561175747 -4.152157471137141 -4.261571275537214 -4.509490084095498 -4.813274293959231 -4.976236501453928 -5.181419565234771 -5.39818762006974 -5.648165982593202 -5.856180933076164 -6.0466896748551155 -6.312372136363058 -6.5731631572037035 -6.8141309711295115 -6.928436216196882 -6.948001978866072 -6.996916385539046 -7.0172544809451765 -7.157046706331624 -7.181503909668111 -7.158076483314213 -6.997946162521634 -6.818250079059867 -6.402220178093941 -5.845625719004628 -5.188370559867247 -4.501766756726081 -3.6140989977344278 -2.0614527522359767
-2.9743500473010585 -3.2428643955111207 -3.3260188868551763 -3.557461263692037 -3.8875047866117876 -4.154217025102319 -4.322070673264314 -4.315119678631838 -4.411918714995197 -4.685324503872557 -4.964651510399802 -5.0369933434266745 -4.899260672005406 -4.649282309481944 -4.477309553389594 -4.433286587383917 -4.555572604066352 -4.803491412624636 -5.051667665428567 -5.224412754257859 -5.4530232443926 -5.669791299227569 -5.92260154845315 -6.1522418155704806 -6.327046458364951 -6.438262372484554 -6.653228317599992 -6.774227113054191 -6.854292273450479 -6.795594985442911 -6.830864847096581 -6.869996372434961 -6.935387210829358 -6.934357433846769 -6.688240735008016 -6.487176779157528 -6.3816246384421635 -6.073978764893722 -5.57119015314468 -4.922688098359304 -4.119976940431237 -4.161940352471736 -2.7606713234138565
-3.2781342571647913 -3.4969618659649377 -3.572135585693929 -3.8396201569214026 -4.107104728148876 -4.306366574279832 -4.271354156871809 -4.263373385256745 -4.38746151165871 -4.657005636851362 -4.900290448987995 -5.059390992797984 -5.096462964171185 -4.94997718839791 -4.793708531290041 -4.77800443230556 -4.900290448987995 -5.10341395880366 -5.3338265586579325 -5.538752178193128 -5.758609563975863 -5.965594737476238 -6.194205227610979 -6.4197263867979535 -6.553597394534513 -6.663011198934587 -6.633662554930803 -6.718619155994389 -6.719648932976978 -6.643445436265397 -6.678457853673421 -6.759552791052299 -6.795594985442911 -6.65811975826729 -6.410973282445948 -6.209651882349813 -6.122893171566696 -6.064195883559127 -5.575051816829388 -5.161853802565582 -4.481171217074302 -3.9647380603059568 -2.057333644305621
-3.547678382357442 -3.724285134871443 -3.7976567448809035 -4.104272841446756 -4.347557653583389 -4.309455905227599 -4.275215820556518 -4.409086828293078 -4.534977064414574 -4.716475257595872 -4.936332643378607 -5.145377370844159 -5.30241836068897 -5.187340782884657 -5.141515707159451 -5.12581160817497 -5.2184915366079725 -5.421615046423638 -5.6376107685216645 -5.865963814410759 -6.055442779207121 -6.224326204351705 -6.42564760444784 -6.61898823292891 -6.753631573402412 -6.752859240665471 -6.722480819679097 -6.640356105317631 -6.610235128576905 -6.610235128576905 -6.613067015279023 -6.661981421951998 -6.586807702223006 -6.448045253819149 -6.162797029642016 -5.960703296808941 -6.01837080783392 -6.072948987911133 -5.605172793570114 -5.430368150775644 -4.719564588543639 -2.336660650832867 -0.4362072294650061
-3.836788270219283 -3.8952281139812044 -4.001810031679158 -4.320011119299136 -4.511549638060676 -4.433286587383917 -4.452852350053107 -4.586723357789667 -4.81610618066135 -4.974434391734397 -5.126841385157558 -5.255563507981174 -5.400247174034918 -5.37681974768102 -5.355194431046653 -5.3817111883483175 -5.47439111678132 -5.677514626596986 -5.891450794729835 -6.136537716585999 -6.3025892550284635 -6.42744971416737 -6.534031631865324 -6.726342483363806 -6.8239138524641065 -6.8239138524641065 -6.715529825046622 -6.601482024224898 -6.567241939553817 -6.653228317599992 -6.587580034959949 -6.454996248451624 -6.3669503164402705 -6.166916137572372 -5.880638136412651 -5.727458810252548 -5.78409654429494 -5.934443983752923 -5.5467329498081925 -5.332796781675343 -4.197982546862348 -1.43818023352403 0.3340659535115096
-4.128730044783243 -4.083677301794977 -4.205963318477412 -4.549651386416466 -4.708751930226455 -4.669620404888076 -4.691245721522443 -4.885616126986102 -5.131732825824856 -5.298556697004262 -5.412861942071633 -5.364977312381248 -5.444012695794948 -5.463578458464137 -5.497818543135218 -5.5369500684735975 -5.722567369585251 -5.940107757157161 -6.108218849564803 -6.341720780366842 -6.480225784525053 -6.538923072532621 -6.60225435696184 -6.671764303286593 -6.758523014069709 -6.748740132735115 -6.648336876932694 -6.499791547194242 -6.472502457155636 -6.600452247242309 -6.426677381430428 -6.222524094632174 -6.029955798888045 -5.821168515668141 -5.571962485881621 -5.442210586075417 -5.456884908077309 -5.529999073841123 -5.288773815669667 -4.9510069653805 -3.5623527043593346 -0.7770634107019401 0.7462341907927272
-4.451822573070518 -4.4000762796954245 -4.468556449037588 -4.868882251019032 -4.913934994007298 -4.89617134105764 -4.960789846715095 -5.175498347584885 -5.420585269441049 -5.576081593811977 -5.653057423260499 -5.576081593811977 -5.5369500684735975 -5.438348922390708 -5.528196964121592 -5.725399256287371 -5.9411375341397505 -6.124695281286226 -6.278132051691976 -6.486147002174939 -6.5945310295924235 -6.591699142890304 -6.555399504254044 -6.56415260860605 -6.56415260860605 -6.552567617551924 -6.451906917503857 -6.258566289022786 -6.225355981334294 -6.405052064796061 -6.239000526353597 -5.987220054110605 -5.7184482616548955 -5.406940724421746 -5.16391335653076 -5.099294850873305 -5.154130475196165 -4.900290448987995 -4.608091230178387 -4.283968924908524 -3.1141422726875048 -0.692106809638354 0.17007396903422345
-4.565355485400947 -4.687384057837734 -4.684294726889968 -5.066084543184812 -5.1090777322079 -5.1227222772272025 -5.178587678532652 -5.312201242023565 -5.491897325485333 -5.6589786409103855 -5.845625719004628 -5.885529577079948 -5.645334095891082 -5.533088404788889 -5.66592963554286 -5.900203899081841 -6.121863394584107 -6.29177659671128 -6.421785940763131 -6.566212162571228 -6.598392693277132 -6.514465869196135 -6.439292149467143 -6.412003059428537 -6.38368419240734 -6.356137658123087 -6.268349170357381 -6.07784042857843 -5.978209505512952 -6.0963764142650305 -6.070117101209013 -5.789760317699178 -5.387374961752556 -5.104186291540602 -4.956928183030386 -4.880724686318805 -4.732179356580353 -4.302504910595124 -3.7927653042136065 -3.0925169560531374 -2.1569645673710993 -0.5183319438264729 -0.3260210923279909
-4.787014980903213 -4.882526796038336 -4.91290521702471 -5.2117979862211445 -5.256593284963763 -5.326875564025457 -5.329964894973224 -5.36008587171395 -5.547762726790781 -5.84073427833733 -6.01734103085133 -6.0945743045455005 -5.928522766103036 -5.796711312331654 -5.812415411316135 -6.013479367166623 -6.209651882349813 -6.318035909767297 -6.352275994438379 -6.421785940763131 -6.52605086025026 -6.548705953867216 -6.451906917503857 -6.3669503164402705 -6.344552667068962 -6.313401913345647 -6.207849772630282 -6.034074906818401 -5.893252904449366 -5.915907998066322 -5.963792627756707 -5.68832728491417 -5.283110042265427 -5.002753258755593 -4.767449218234024 -4.516441078727973 -4.121006717413826 -3.5711058087113403 -3.1872564384513185 -2.493959084923325 -1.8629632388419612 -1.3650660677602162 -1.8318124851186464
-5.309369355321445 -5.096462964171185 -5.203044881869139 -5.420585269441049 -5.3817111883483175 -5.488035661800623 -5.5369500684735975 -5.559347717844907 -5.741875688008793 -6.075008541876311 -6.299499924080696 -6.385486302126871 -6.237970749371009 -6.119803840618929 -6.090712640860792 -6.1491524846227135 -6.2662896163922035 -6.292806373693868 -6.359226989070854 -6.422558273500073 -6.473532234138225 -6.496959660492123 -6.473532234138225 -6.358197212088266 -6.350473884718848 -6.327046458364951 -6.224326204351705 -6.088653086895614 -6.041798234187818 -6.0631661065765385 -5.9694564011609454 -5.576081593811977 -5.184251451936891 -4.842622937963015 -4.516441078727973 -4.065141316108377 -3.658894296477046 -3.29872979681657 -3.137569699041403 -2.820140944158367 -2.7985156275239995 -2.6883294903869848 -2.9117910956087814
-5.600281352902817 -5.325073454305926 -5.567071045214323 -5.646363872873671 -5.6425022091889625 -5.663870081577683 -5.738014024324086 -5.841506611074272 -6.041798234187818 -6.328848568084481 -6.551537840569336 -6.612037238296435 -6.502623433896362 -6.432341154834668 -6.332710231769189 -6.347384553771081 -6.317263577030356 -6.342493113103783 -6.37081198012498 -6.370039647388038 -6.342493113103783 -6.3669503164402705 -6.490008665859648 -6.540725182252152 -6.502623433896362 -6.396298960444055 -6.280963938394096 -6.340691003384253 -6.28894471000916 -6.162024696905075 -5.849487382689336 -5.481342111413795 -5.069173874132579 -4.697939271909271 -4.259511721572037 -3.818252284532682 -3.558491040674626 -3.406084047251465 -3.62877331973632 -3.7752590955095946 -3.6540028558097486 -3.294610688886214 -3.1337080353566944
-5.8621021507260505 -5.582775144198805 -5.864934037428171 -5.9197696617510305 -5.993913604497433 -5.983100946180249 -6.05364066948759 -6.157905588974719 -6.277102274709387 -6.5319720779001464 -6.721451042696508 -6.809496974707861 -6.773197336071602 -6.742046582348287 -6.639326328335041 -6.548705953867216 -6.5154956461787235 -6.405052064796061 -6.402220178093941 -6.271181057059501 -6.163826806624606 -6.235138862668888 -6.666872862619295 -6.759552791052299 -6.6969938393600215 -6.585777925240418 -6.457828135153743 -6.530169968180616 -6.38934796581158 -6.159965142939897 -5.721537592602663 -5.368066643329014 -4.986019382788523 -4.659837523553481 -4.227331190866133 -4.020346017365759 -3.8084694031980875 -4.110194059096642 -4.4510502403335765 -4.739130351212828 -4.507687974375967 -4.1804763381583365 -3.5994246757325357
-6.1550737022726 -5.899174122099252 -6.1061592955996264 -6.187254232978503 -6.289717042746101 -6.275300164989856 -6.346354776788493 -6.4410942591866736 -6.5584888352018105 -6.701885280027319 -6.865104931767664 -7.019314034910355 -7.032958579929658 -6.98816328118704 -6.894453575771448 -6.803575757057975 -6.613067015279023 -6.498761770211654 -6.378792751740043 -6.224326204351705 -6.0369067935205205 -6.179530905609086 -6.718619155994389 -7.062307223933443 -6.998718495258576 -6.707806497677205 -6.5780545978710006 -6.587580034959949 -6.417666832832776 -6.090712640860792 -5.612123788202589 -5.296754587284731 -5.1062458455057795 -4.7828958729728575 -4.681462840187848 -4.478339330372183 -4.614012447828274 -5.055529329113275 -5.389434515717734 -5.761441450677983 -5.569130599179502 -5.521245969489117 -4.927579539026602
-6.458857912136333 -6.294608483413398 -6.433370931817256 -6.472502457155636 -6.582688594292651 -6.575995043905823 -6.65992186798682 -6.7546613503850015 -6.828032960394462 -6.959844414165845 -7.024205475577652 -7.2018420050742415 -7.191286791002705 -7.154987152366446 -7.0731198822506265 -6.97142940521997 -6.7811781076866655 -6.423588050482662 -6.281993715376684 -6.131646275918701 -5.996745491199553 -6.150182261605302 -6.712697938344503 -7.08856653698946 -7.144431938294909 -6.853262496467891 -6.5945310295924235 -6.573935489940645 -6.3718417571075685 -5.993913604497433 -5.587666584866103 -5.389434515717734 -5.243978516927049 -5.243978516927049 -5.142288039896393 -5.3142607959887425 -5.506571647487224 -5.999834822147319 -6.306450918713171 -6.730204147048514 -6.774227113054191 -6.798684316390678 -5.2859419289675476
-6.848371055800593 -6.761612345017476 -6.923544775529585 -6.781950440423607 -6.918653334862288 -6.89239402180627 -6.961646523885375 -7.079813432637454 -7.182533686650699 -7.207763222724128 -7.186395350335408 -7.308423922772196 -7.22526943142814 -7.2381416437105015 -7.140312830364554 -7.038879797579544 -6.805377866777506 -6.443153813151851 -6.060334219874418 -5.88449980009736 -5.999834822147319 -6.119803840618929 -6.613067015279023 -7.008501376593172 -7.081872986602632 -6.953923196515959 -6.711668161361914 -6.52321897354814 -6.328848568084481 -5.931354652805156 -5.670821076210158 -5.5153247518392305 -5.579943257496685 -5.634521437573898 -5.827862066054969 -6.060334219874418 -6.322155017697653 -6.751829463682881 -7.044801015229431 -7.407025068855085 -7.5087155458857415 -6.999748272241165 -5.18347911919995
-7.7020561743668114 -7.280105055751 -7.4675244665821845 -7.2546180754319245 -7.349357557830105 -7.297611264455012 -7.322068467791499 -7.432512049174161 -7.51257720957045 -7.516438873255158 -7.349357557830105 -7.385657196466365 -7.22526943142814 -7.271351951398994 -7.154987152366446 -7.005669489891051 -6.7448784690504064 -6.335799562716955 -5.92260154845315 -5.784868877031881 -6.028153689168515 -6.183392569293796 -6.53995284951521 -6.905008789842984 -7.016482148208235 -6.9626763008679635 -6.818250079059867 -6.56235049888652 -6.338631449419076 -5.9627628507741175 -5.74779690565868 -5.681376290281694 -5.861072373743461 -6.102297631914917 -6.333740008751779 -6.5945310295924235 -6.87282825913708 -7.101438749271821 -7.362229770112467 -7.5203005369398666 -7.469584020547362 -6.61898823292891 -4.324902559966433
-8.378619651927735 -7.90209035323471 -7.943281432538267 -7.753802467741906 -7.771308676445917 -7.645418440324422 -7.660865095063254 -7.7429898094247225 -7.803489207151822 -7.801687097432291 -7.528023864309284 -7.423501500576508 -7.259509516099222 -7.2381416437105015 -7.062307223933443 -6.910930007492871 -6.645247545984928 -6.255734402320667 -5.991081717795313 -5.925690879400917 -6.236168639651478 -6.432341154834668 -6.624909450578796 -6.863045377802486 -7.035018133894836 -7.099379195306644 -6.970399628237381 -6.597362916294543 -6.2526450713729 -5.912818667118556 -5.788987984962237 -5.772254108995167 -5.975377618810832 -6.2400303033361855 -6.502623433896362 -6.769335672386893 -6.980182509571976 -7.08856653698946 -7.256677629397101 -6.992024944871748 -6.635464664650334 -5.14434759386157 -2.7596415464312676
-8.934441778280108 -8.459714589306614 -8.414919290563995 -8.11602652136756 -8.09259909501366 -7.955896200574982 -7.906981793902007 -7.887416031232819 -7.8982286895500025 -7.90209035323471 -7.671677753380438 -7.544757740276354 -7.300700595402779 -7.177642245983402 -6.985073950239273 -6.854292273450479 -6.6326327779482135 -6.3141742460825885 -6.171550133994023 -6.165886360589783 -6.461689798838452 -6.633662554930803 -6.779118553721489 -6.999748272241165 -7.199010118372122 -7.1969505644069445 -6.937189320548888 -6.451906917503857 -5.966624514458827 -5.772254108995167 -5.727458810252548 -5.7761157726798755 -5.889391240764658 -6.082731869245728 -6.249813184670781 -6.407883951498181 -6.495929883509534 -6.490008665859648 -6.3669503164402705 -5.930582320068214 -5.189142892604188 -3.690302494446008 -1.5506833688718697
-9.43826016701174 -8.73801181885127 -8.788985779489423 -8.418780954248703 -8.26740373780813 -8.128641289404275 -7.991938394965594 -7.928607110536376 -7.8835543675481095 -7.857295054492093 -7.794736102799815 -7.702828507103753 -7.484258342549254 -7.3503873348126945 -7.151125488681737 -6.9626763008679635 -6.759552791052299 -6.661981421951998 -6.656060204302111 -6.610235128576905 -6.751829463682881 -6.8717984821544915 -7.040939351544722 -7.1902570140201165 -7.284996496418298 -7.167859364648807 -6.6326327779482135 -6.090712640860792 -5.677514626596986 -5.639412878241195 -5.53489051450842 -5.638383101258606 -5.7117547112680676 -5.8142175210356655 -5.943197088104928 -5.996745491199553 -6.0369067935205205 -5.809326080368368 -5.295724810302142 -4.768478995216612 -3.4812577669804567 -2.2653485947885836 -1.4646969908256948
