static/data/ASCData/20210114/ASCV/12.asc
ncols 97
nrows 97
xllcorner 99.0
yllcorner 2.0
cellsize 0.25
NODATA_value -32767
[rows 76 to 94 of 97, columns 43 to 85 of 97]
-9.156215893871725 -9.406250287326166 -9.584883645829708 -9.65628468078061 -9.789932771842556 -9.861333806793459 -9.811379236553083 -9.869964701128183 -10.004920503452967 -10.19427709431177 -10.448234621554723 -10.51937411425306 -10.4628809876985 -9.653146173749802 -8.453974945728232 -6.958999430052923 -5.857383462238998 -4.701105163638483 -3.8231078217696917 -2.9989881839297867 -2.224561574077689 -1.5497825624537744 -0.9275735435959089 -0.3085030317688524 -0.20388613074188866 0.29016718435794653 0.15834988906397252 -0.06631490589143185 -0.09168450439047016 -0.03126824404739903 -0.5642913547797779 -1.4383655628600582 -2.3974410030247464 -3.3183312743145925 -3.9392325819096214 -4.469640270116326 -4.885753993951074 -5.162988781672527 -5.164819577440499 -5.084003021397169 -5.026202183579772 -4.978339951359937 -4.886538620708776
-9.185508626159274 -9.458035653334514 -9.642422941394537 -9.705977708768417 -9.83282570126361 -9.83387187027388 -9.779209539487292 -9.698131441191396 -9.828117940717398 -10.00962826399918 -10.270385889808885 -10.749792838764947 -10.37395662182558 -9.299802590531232 -7.4648221465182925 -5.953892553436371 -4.533979664247909 -3.386593802234686 -2.7782465227628936 -2.1777455108681227 -1.7187388576123206 -1.1718540074938686 -0.6346462207204109 -0.46281296078362333 -0.346688200643694 -0.13065430002301426 -0.2527945319719942 -0.519567629590751 -0.3817348624877268 0.18947341711949406 -0.07991510302493676 -0.8357722129447485 -1.7587548222551341 -2.6835682273334918 -3.383716837456445 -3.9138629834105823 -4.226405975228636 -4.510702403769409 -4.661089198995669 -4.788983360501132 -4.763613762002094 -4.723597797359281 -4.635719600496631
-9.104430527863377 -9.369895914219297 -9.583837476819438 -9.68348507504762 -9.756716905766496 -9.761686208565276 -9.673808011702626 -9.59272991340673 -9.55951404733067 -9.716700941123682 -9.880687933483447 -10.598621416780984 -9.88853420106047 -8.218586918417564 -6.3006975803407546 -4.538948967046689 -3.1190360778582273 -2.34356329899586 -1.7890937235529534 -1.443334865658839 -1.0897297401877024 -0.7596634174476322 -0.6835546219505164 -0.5614143900015365 0.055825326057548086 0.27159768442566046 0.057656121825520046 -0.26273313756955563 -0.1824396660313612 0.08904119213360895 -0.19420906739689459 -0.5349986224922283 -1.4365347670920865 -2.384625432648943 -3.0847740427718966 -3.3719474360909114 -3.6162278999888713 -3.795907427502681 -4.020310680205518 -4.3035609397360215 -4.459963206771333 -4.397454608407721 -4.260668010314967
-8.96084383120387 -9.222647626023846 -9.479482118045041 -9.602406976751723 -9.635622842827784 -9.688454377846401 -9.599530011973483 -9.527344350264878 -9.485236047601525 -9.318372090463518 -9.310525822886495 -9.903180567204243 -8.490067776582535 -6.58787097365977 -4.679658698927955 -2.9715262474102087 -2.2771315668437384 -1.5837830552875376 -0.9022039450968702 -0.48321325648388136 -0.18348583504163063 -0.28313343326981366 -0.4520897284283598 0.09871825547860347 0.8702679005524594 0.9434997312713338 0.6699265350858239 0.18084252278476942 0.20019664947475801 -0.21277856732918066 -0.36028839777719934 -0.5585374252232951 -1.509766597810961 -2.4628265661665987 -2.9011713814695756 -3.1629751762895517 -3.3855476332244168 -3.448056231588027 -3.642382125245612 -3.9002627862770773 -4.106358081300195 -3.976371581774193 -3.8212770260017197
-8.80941086696734 -9.157262062881994 -9.41200421688265 -9.464835751901267 -9.583837476819438 -9.634576673817515 -9.543821512176624 -9.49595927995679 -9.487328385622064 -9.217678323225066 -8.975490197347645 -9.160923654417937 -6.827182134758949 -3.896339652488566 -2.4492263690330933 -2.0448820465638793 -1.6308606607496712 -1.2490089720012543 -0.569260657578559 -0.0498377439796851 0.13585725534317517 -0.18923976459811387 -0.06056097633494861 0.9006068018502784 1.936575664269785 1.7490498691789527 0.7238042391147101 0.3994918459311232 -0.25096373620402224 -0.39742739764177104 -0.25096373620402224 -0.7811098821581601 -1.7412314913331177 -2.215669137490397 -2.5046733265773837 -2.941187346112389 -3.3944400698117088 -3.6823980898884257 -3.7820456881166082 -3.760599223406081 -3.585888998691052 -3.4794413018961166 -3.227576112673702
-8.827980366899627 -9.131630922130388 -9.334849252375264 -9.31915671722122 -9.520544251698125 -9.417758146439134 -9.242001752713835 -9.289863984933671 -9.454897146303706 -9.606330110540235 -9.761686208565276 -9.312356618654468 -5.322268013486079 -1.8808950542041138 -0.8172027130124624 -0.812494952466249 -0.8182488820227318 -0.7128473542380664 -0.6024765236546199 -0.23527120104997756 -0.2410251306064608 -0.24416363763726956 0.4816161132372896 1.6015400387309344 2.415197986468143 1.8730208968959041 0.6963423025951325 0.22268928319555492 -0.1766857364748784 -0.4149507285637877 -0.23239423627173617 -0.4617667917733539 -0.8865114099428257 -1.0253903460561198 -0.9743896068054752 -1.5312130625214884 -2.878940290001346 -3.7820456881166082 -3.851354385046972 -3.630874266132646 -3.3816244994359055 -3.148328810145777 -2.8339550225597514
-8.886565831474726 -9.045845063288278 -9.029106359123963 -8.983336464924667 -9.146277288274163 -8.903304535639041 -8.775410374133576 -9.042968098510036 -9.430573716814937 -9.818179335119837 -10.307524889673457 -9.697085272181125 -5.070141282011097 -1.331917866065123 -0.15811623654259233 -0.1902859336083833 -0.30954920077912185 -0.24494826439497208 -0.05663784254643778 0.2383818183495996 0.2383818183495996 0.8156055697658706 1.6407713766160454 1.3556903213175695 1.0489012590559996 0.28336708579119385 -0.5635067280220758 -0.6668159177862023 -0.27528716569279155 -0.0498377439796851 -0.367088496343952 -0.5213984253587229 -0.7753559526016769 -0.882849818406882 -0.6346462207204109 -0.662892783997691 -1.513689731599472 -2.950079782699681 -3.816307723202939 -3.5683656677690356 -3.2861615772488015 -2.9900957473424947 -2.7225380229660354
-8.725455803893203 -8.586838410032476 -8.423636044430413 -8.457898079516744 -8.66111640976162 -8.365050579855312 -8.288941784358197 -8.531129910235617 -8.716824909558477 -8.959013035435898 -9.465620378658969 -9.02439859857775 -5.008678852657756 -1.4726275979463888 -0.020545011692135073 0.23628948032906028 0.1505036214869504 0.2237354522058248 0.4531080077074421 0.6505724083958357 0.9335611256737719 1.62115570767349 2.2687343250303944 1.5332775108108403 0.1172877554108891 -0.7860791849569408 -1.0643601416886637 -0.8172027130124624 -0.04591461019117382 0.08511805834509811 -0.4314278904755344 -0.41678152433175963 -0.8093564454354403 -1.2811786690670455 -1.4530119290038332 -1.5652135553552515 -1.7391391533125784 -2.1902995389913587 -3.6463052590341234 -3.805584490847675 -3.5945198930257765 -3.2683767040742175 -2.879724916759048
-8.503929515968608 -8.316403720877775 -8.201063587495547 -8.18066329179529 -8.42180524866244 -8.189294186130015 -8.050676792269288 -8.042830524692265 -8.159216827084762 -8.255725918282137 -8.501837177948067 -7.664901969732359 -4.555687671211004 -1.509766597810961 -0.035191377835909865 0.3722914516641129 0.5488324721471138 0.6123872395209942 0.6134334085312636 0.788143633246293 1.2285807865698088 1.2685967512126228 1.844774333618624 1.4357222506031966 0.07334865697956472 -0.9129271774521339 -1.2215470354816764 -1.1629615709065768 -0.5653375237900478 -0.5242753901369643 -0.9325428463946897 -1.0293134798446308 -1.2754247395105627 -1.7598009912654036 -2.8368319873379932 -3.3455316685816032 -3.6170125267465734 -3.4441330977995164 -4.09275788416669 -4.0888347503781795 -3.7781225543280974 -3.2937463025732563 -2.8465090506829873
-8.431482312007434 -8.223556221216345 -8.195309657939065 -8.185371052341504 -8.537145382044669 -8.368189086886122 -8.055646095068068 -8.034984257115243 -8.148232052476931 -8.26854148865794 -7.885643630899253 -6.648287234002842 -3.966694518429199 -1.8884797795285688 -0.4646437565515953 0.06262542462430076 0.22765858599433564 0.15154979049721984 0.19627351568624674 0.35450657848952893 0.6913729997963518 0.7245888658724127 0.7891898022565624 0.6259874366544995 0.2355048535713582 -0.7322014809280546 -1.3925956686607617 -1.3797800982849586 -1.127914909062544 -0.9968822405262723 -1.3533643307756504 -1.5037511260019105 -1.6180450903738681 -1.4501349642255916 -2.4677958689653794 -3.781261061358906 -4.369992671888143 -4.156051109288003 -4.152127975499492 -4.078111518022915 -3.719537089752998 -3.2165913380658706 -2.6160903261711
-8.250756615483356 -8.126000961008701 -8.222510052206076 -8.32791157999074 -8.639669945051091 -8.621885071876509 -8.303588150501971 -8.069246292201573 -8.18066329179529 -8.037076595135781 -7.4248061818754785 -5.872029828382772 -3.713783160196515 -1.979496483422027 -1.157992268107796 -0.6424924882974334 -0.7021241218828025 -0.7771867483696488 -0.4256739609190512 -0.16596250411961444 0.07439482598983416 0.21405838886083073 0.0997644244888729 0.07727179076807555 -0.26848706712603887 -0.6317692559421695 -1.2937326971902812 -1.4666121261373384 -1.5408901258664824 -1.396518802449273 -1.4726275979463888 -1.5652135553552515 -1.38370323207347 -1.2197162397137045 -1.3055020985558146 -2.5810436643270673 -3.924586215765846 -4.0184798844375464 -3.7509221600610867 -3.6570284913893873 -3.3026387391605483 -2.841801290136774 -2.2478388345561884
-7.846673835266708 -7.991045158683919 -8.142478122920448 -8.29181874913644 -8.379696945999088 -8.406112713508396 -8.227479355004856 -7.993137496704458 -8.037076595135781 -7.875966567554258 -6.907214064044576 -5.144419281740241 -3.1697752748563044 -1.8084478502429417 -1.0790065078324385 -1.198269775003177 -1.2576398663359787 -1.0311442756126028 -0.6181690588086641 -0.39742739764177104 -0.19525523640716402 -0.12097723667802018 -0.4717053973709153 -0.5057058902046783 -0.3328264612576213 -0.6961086500737519 -1.2390703664036928 -1.3740261687284756 -1.7762781531771503 -1.632691456517643 -1.3690568659296949 -1.3701030349399645 -1.2401165354139625 -1.576982956720785 -1.6630303578154624 -1.8845566457400578 -3.15408273970226 -3.341608534793092 -3.185467810010349 -3.0546966837266445 -2.688275987879705 -2.255685102133211 -1.866248688060339
-7.586700836214705 -7.8105810044124055 -7.931675067351117 -7.947106060252594 -7.920690292743286 -7.965675560184879 -7.812411800180378 -8.007783862848232 -8.034199630357541 -7.748857032806498 -6.725442198510227 -4.470686439126596 -2.2049459051351334 -0.7996793820904458 -0.5321216577139869 -0.7264475513715714 -0.6746621853632244 -0.3817348624877268 -0.2724102009145497 -0.276333334703061 -0.24024050384875872 -0.2695332361363083 -0.7089242204495552 -0.7089242204495552 -0.529244692935745 -0.7489401850923687 -1.1736848032618405 -1.2830094648350174 -1.4951202316671859 -1.4765507317349 -0.9921744799800589 -1.1697616694733295 -2.202068940356892 -2.52324282650967 -2.412087369168521 -2.569274262961534 -2.790800550886129 -2.7664771213973602 -2.6982145934772666 -2.4725036295115927 -2.1327602434265285 -1.7537855194563532 -1.3826570630632002
-7.619916702290766 -7.656271075397635 -7.705964103385442 -7.562377406725934 -7.33692798501283 -7.270496252860706 -7.431606280442232 -7.901336166053298 -8.341773319376813 -7.924613426531796 -6.43643800942324 -3.812384589414428 -1.3036713027878428 0.0029937910389317146 0.1729962552077473 0.20908908606204957 0.34875264893304614 0.35162961371128754 0.08119492455658683 -0.01060640609457364 -0.11914644091004822 -0.19525523640716402 -0.4060582919764957 -0.4159968975740571 -0.408150629997035 -0.7410939175153466 -1.0954836697441854 -0.9129271774521339 -0.5907071222890865 -1.1454382399845604 -0.8378645509652878 -1.6834306535157202 -2.6257673895160942 -2.73718438910981 -2.6296905233046055 -2.589674558661792 -2.597520826238814 -2.55253555879722 -2.4071180663697405 -2.0877749759849342 -1.697292392901793 -1.284055633845287 -0.9511123463269757
-7.803519363593086 -7.765595736970813 -7.533084674438385 -7.179479548967249 -6.9226450569460525 -6.647241064992572 -6.862228796602983 -7.562377406725934 -8.139601158142206 -7.837781398679416 -6.395375875770157 -3.2947924715835257 -0.539967925291009 0.3048135505017213 0.3173675786249568 0.6699265350858239 1.0264086253352023 0.9006068018502784 0.48553924702580087 0.2676745506371492 0.10447218503508626 -0.29777979941358845 -0.6328154249524394 -0.5331678267242563 -0.3074568627585825 -0.4863517635146901 -0.9628817476925091 -1.1815310708388629 -1.1561614723398241 -0.8896499169736345 -1.5165666963777136 -2.447134031012554 -2.9061406842683564 -2.7499999594856135 -2.5632587911524833 -2.5632587911524833 -2.5125195941544063 -2.4306568691008072 -2.1267447716174783 -1.8602332162512887 -1.4765507317349 -1.0965298387544549 -0.7675096850246548
-7.972475658751632 -7.846673835266708 -7.5291615406498735 -7.236234217774376 -6.807566465816393 -6.689349367655925 -7.128740351969171 -7.900289997043027 -8.392512516374891 -7.767426532738783 -5.31912950645527 -2.083851842196423 0.04797905848052597 0.5001856131695757 0.3887686135758597 0.4620004442947341 0.7149118025274186 0.8663447667639481 0.7285119996609235 0.302721212481182 0.23158171978284692 -0.42462779190878175 -0.6053534884328613 -0.6003841856340806 -0.541798721058981 -0.7186012837945492 -0.882849818406882 -0.6785853191517357 -0.8925268817518761 -1.3408103026524147 -1.1111762048982299 -2.183499440424606 -2.5310890940866924 -2.384625432648943 -2.3035473343530466 -2.3406863342176187 -2.2284847078662002 -2.0477590113421207 -1.807401681232672 -1.5829984285298353 -1.152238338551313 -0.7371707837268353 -0.36211919354517086
-8.21283298886108 -8.114231559643168 -7.796719265026333 -7.502745773140566 -7.2752040134069205 -7.337712611770531 -7.308419879482981 -7.7030871386072 -7.678502166865865 -6.453961340345257 -2.5818282910847694 0.1505036214869504 0.5059395427260589 0.039086621893233975 -0.296733630403319 -0.3163492993458745 -0.15026996896556977 0.07334865697956472 0.3790915502308656 0.5634788382908886 0.5009702399272782 0.03620965711499258 -0.45993599600538193 -0.5888763265211145 -0.6189536855663667 -0.671785220584983 -0.7000317838622632 -0.7175551147842798 -0.45993599600538193 -0.30274910221236917 0.04405592469201469 -0.6239229883651474 -1.2440396692024736 -1.7966784488774084 -1.9842042439682404 -2.055605278919143 -1.9138493780276074 -1.6209220551521095 -1.2976558309787922 -1.0507599445551583 -0.7732636145811376 -0.3935042638532602 -0.04199147640266254
-8.123908622988163 -8.211786819850811 -8.301757354734 -8.016414757182957 -8.020337890971469 -7.888520595677495 -6.841828500902724 -4.617150100564345 -4.156051109288003 -3.1326362749917323 -0.20597846876242798 0.6406338027982743 0.320506085655766 -0.16308553934137304 -0.44241266508336574 -0.39455043286352964 -0.29777979941358845 -0.1884551378404118 -0.46856689034010657 -0.38670416528650753 -0.3984735666520409 -0.42175082713054035 -0.6406616925294615 -0.1845320040519005 0.09087198790158091 0.504893373715789 0.4112612472966566 -0.19813220118540587 -0.1523623069861091 0.5820483382231747 0.9113300342055424 0.5802175424552027 0.1115338258544063 -0.6521695516424275 -1.6209220551521095 -1.858402420483317 -1.8045247164544305 -1.463735161359097 -1.0008053743147833 -0.5781530941658506 -0.1766857364748784 0.43375388101745393 0.8271134288788367
-8.020337890971469 -7.885643630899253 -8.177524784764481 -8.162093791863004 -8.443251713372968 -8.371066051664362 -5.637687970082374 -3.358347238957406 -2.366055932716657 -1.2715016057220514 -0.03806834261415171 0.35659891651006825 0.5116934722825417 0.17875018476423055 -0.10842320855478471 -0.09560763817898144 -0.004852476538090844 -0.34171889784491327 -0.7431862555358855 -0.6961086500737519 -0.6775391501414663 -0.460720622763084 -0.3924580948429903 0.015809361414734546 0.6680957393178524 1.0567475266330217 0.7491738376137489 0.3351524517995408 0.2355048535713582 0.6777728026628465 0.8985144638297395 1.1660721882061984 0.7031424011618852 0.0011629952709597546 -0.9335890154049593 -1.3447334364409258 -1.3523181617653808 -1.0625293459206917 -0.4813824607159094 0.23628948032906028 0.9502998298380865 1.5136618418682848 1.9540989951918015
