static/data/ASCData/20210114/ASCV/15.asc
ncols 97
nrows 97
xllcorner 99.0
yllcorner 2.0
cellsize 0.25
NODATA_value -32767
[rows 57 to 75 of 97, columns 43 to 85 of 97]
-10.099280166736577 -9.385427895981767 -9.638172219452384 -9.272094131885815 -8.981989784410114 -8.671575625226955 -8.54269607933023 -8.54746010923692 -8.715454848051715 -8.878434818543681 -8.890219524102331 -8.777888713670945 -8.632460432308884 -8.690130268021425 -8.674333747804512 -8.600115176626632 -8.465468647158655 -8.415571702346497 -8.397017059552027 -8.381471277751256 -8.612902835849848 -8.651015075103354 -8.743788289075702 -8.678345562462777 -8.632460432308884 -8.432120437811836 -8.234037089060063 -8.039714816550411 -7.730052872615675 -7.606940310290206 -7.404845146880168 -7.353193033155023 -7.264180895424795 -7.237853361729939 -7.198738168811867 -7.1919682315760465 -6.847202909381504 -6.393115637749272 -5.590501967680376 -4.69687025255212 -3.2007141234358727 -1.7348973426727459 -0.7036102370828141
-10.188041566050664 -9.69308393258737 -9.768054719013673 -9.426298257812828 -9.132432834095006 -8.848346208606703 -8.661796826997438 -8.661796826997438 -8.708684910815895 -8.858125006836222 -8.973213939845163 -8.910780074225933 -8.805219201030368 -8.876679649630692 -8.855116145842523 -8.728994722523357 -8.589333424732548 -8.41080767243981 -8.377459463092993 -8.339347223839486 -8.564008844702258 -8.639230369544704 -8.66555790323956 -8.572784689267209 -8.331574332939102 -8.127473262199931 -7.88425699854269 -7.68015592780352 -7.520184818305252 -7.4419544324691085 -7.374505798527049 -7.318841870143639 -7.2574109581889745 -7.105964954839517 -7.058073917356493 -6.8354182038228535 -6.494664696286574 -5.96736180714103 -5.276075993838953 -4.197900804430563 -3.221274673559475 -1.982125420988251 -2.2233357773163607
-10.310151174711567 -9.97315874341741 -9.770060626342806 -9.481962186196238 -9.199881468037066 -9.047432511023043 -8.859880175749211 -8.728994722523357 -8.774879852677248 -8.81900981391815 -8.926325856026706 -8.988007506397512 -8.99954147354002 -9.066990107482079 -8.969452863603042 -8.839570364041752 -8.563005891037692 -8.384480138744955 -8.402031827874858 -8.416574656011065 -8.563005891037692 -8.585572348490427 -8.54746010923692 -8.344361992162316 -8.102148682169641 -7.858932418512399 -7.616719108519725 -7.426408650668336 -7.32084777747277 -7.223310533593732 -7.225065702506723 -7.1636347905520585 -7.098192063939131 -6.9477490142542395 -6.7291051153788635 -6.505446448180658 -6.052362130212993 -5.504498690943846 -4.711413080688326 -2.9341791870774734 -2.563086331188074 -3.016170649155739 -3.2739297409491868
-10.35302744387176 -10.080725523942107 -9.759278874448722 -9.47719815628955 -9.239748876203564 -9.121651082200923 -9.027874914564007 -8.897992415002719 -8.806222154694932 -8.811989138266188 -8.842328486619309 -8.98098683074555 -9.091311733847803 -9.132432834095006 -9.006562149191982 -8.661796826997438 -8.385232353993379 -8.30624975290881 -8.334583193932797 -8.462459786164956 -8.546457155572355 -8.479008521630295 -8.250585824525402 -8.050496568444494 -7.779949817427831 -7.53673355377059 -7.296526151107047 -7.095183202945433 -7.0573217021080685 -6.911642682329865 -6.904872745094045 -6.865757552175974 -6.78075722910401 -6.609001414047092 -6.38935456150715 -5.905930895186366 -5.405958493400242 -4.892195478726338 -3.9604515243445757 -1.8735556867989875 -2.689959969755666 -3.466496844545848 -4.797416357424856
-10.40869137225517 -10.054397990247251 -9.816948710161263 -9.489735077096626 -9.285634006357455 -9.1988785143725 -9.123656989530055 -9.066990107482079 -8.984998645403813 -8.77688576000638 -8.762342931870172 -8.845337347613006 -9.019099069999054 -9.025116791986452 -8.801458124788246 -8.432120437811836 -8.217488353594725 -8.166588455118003 -8.187149005241604 -8.338595008591064 -8.381471277751256 -8.293462093685594 -8.001602577296905 -7.7701710191983135 -7.47429968815136 -7.151850084993409 -6.884312194970444 -6.673441186995454 -6.646110699636032 -6.471346023585417 -6.434236737996477 -6.405903296972488 -6.2878055029698485 -6.125577747726307 -5.814160634878581 -5.281842977410207 -4.571751782897518 -4.154021581605803 -3.2857144465078365 -1.8188947120801435 -3.002630774684099 -4.781870575624083 -6.094235445708621
-10.213366146080954 -10.01026802900635 -9.948837117051685 -9.62563529864531 -9.510295627220227 -9.363864392193598 -9.287639913686586 -9.237993707290572 -8.983995691739247 -8.683109592369464 -8.581560533832162 -8.52414143653576 -8.75156117997609 -8.75833111721191 -8.514362638306244 -8.203697740706943 -8.026927157327195 -7.984050888167001 -7.945938648913495 -8.020157220091376 -8.06303348925157 -8.084596993039737 -7.7954955992286035 -7.429166773245893 -7.00341294263765 -6.71155342624896 -6.567880313799888 -6.362024074147728 -6.060135021113379 -5.9282466142229575 -5.832715277673051 -5.646165896063786 -5.601283719574459 -5.470398266348604 -5.1529634315134825 -4.694864345222988 -4.085569993999177 -3.0816133757686672 -2.291536626506845 -1.613790687676408 -4.109891620364901 -6.056123206455116 -7.168649558874889
-10.071949679377155 -10.027067502887828 -9.967391759846155 -9.884397344103323 -9.82296643214866 -9.627641205974442 -9.47218338796672 -9.24952767443308 -8.879437772208249 -8.519126668212932 -8.370689525857173 -8.304243845579679 -8.528905466442449 -8.429362315234279 -8.188151958906172 -7.990820825402821 -7.914596346895809 -7.832604884817544 -7.711498229821206 -7.819817225594328 -7.790731569321915 -7.640288519637024 -7.350184172161325 -6.8384270648165515 -6.430224923338212 -6.257466154616729 -6.1724658315447645 -5.932258428881221 -5.502492783614715 -5.166503305985123 -4.884422587825951 -4.763315932829613 -4.730970677147361 -4.667533857863566 -4.487002198241696 -4.010348469156732 -2.9780584099022334 -1.4741293898856005 -1.561135620286696 -3.274932694613753 -5.706593854353883 -7.247632159959457 -8.129479169529063
-9.923512537021395 -9.977170558075674 -10.106050103972397 -10.178262767821145 -9.994722247205576 -9.771063580007372 -9.5464019591446 -9.312964493716876 -9.029880821893139 -8.71144303339345 -8.460453878835825 -8.36191368129222 -8.334583193932797 -8.173358392353823 -8.05124878369292 -7.968254367950087 -7.9108352706536875 -7.8140502420230735 -7.746601608081014 -7.81003842736481 -7.569831024701267 -7.117749660398167 -6.749665665502466 -6.248690310051776 -5.858039857703341 -5.628614206933882 -5.482935187155679 -5.274070086509821 -4.855086193137398 -4.490763274483818 -4.290674018402912 -4.249552918155709 -3.9087994106194293 -3.8120143819888157 -3.523163726593824 -2.7428657755615196 -1.9379954597473494 -2.051329223843301 -3.68112892876296 -5.384394989612074 -7.140316117850901 -8.078830009468483 -8.6216786804148
-9.881388483109625 -10.020046827235866 -10.099280166736577 -10.127613607760566 -10.011270982670915 -9.809175819260878 -9.574735400168588 -9.379410173994371 -9.233981892632308 -8.94889231347944 -8.737018351839883 -8.63346338597345 -8.476250399052738 -8.193918942477424 -8.008372514532725 -7.973269136272918 -7.955717447143013 -7.922369237796196 -7.900053518759603 -7.72904991895111 -7.317838916479073 -6.759444463731984 -6.21057807079827 -5.700826870782629 -5.346282750358569 -5.119615222166665 -4.901974276955855 -4.639200416839579 -4.366898496909924 -4.294435094645035 -4.040687817509851 -3.9205841161780794 -3.73503768823338 -3.6149339869016077 -3.0796074684395354 -1.8492340604332633 -1.188036857068165 -3.5346976937363324 -5.44783180889587 -6.720329270813912 -7.58061277659535 -8.276913358220256 -8.427356407905148
-9.829736369384479 -9.948837117051685 -10.011270982670915 -10.062170881147637 -10.027067502887828 -9.935046504163903 -9.759278874448722 -9.653968739669299 -9.482965139860804 -9.129423973101309 -8.873670788636993 -8.620675726750234 -8.403786996787849 -8.145024951329834 -7.906823455995424 -7.848150666618316 -7.7954955992286035 -7.7486075154101455 -7.69871057059799 -7.435184495233289 -6.879548165063755 -6.318897066571393 -5.848261059473824 -5.41573729162976 -5.064954247447821 -4.792652327518168 -4.543669080289671 -4.298446909303299 -4.094345838564129 -4.037678956516153 -3.849123667577756 -3.720244121681032 -3.4955825008182604 -3.1666136988406306 -2.192996428963241 -1.115824193219417 -2.840403019440558 -4.962402235245953 -6.334442848372165 -7.406851054209301 -7.9391687116776755 -7.931145082361148 -7.977030212515039
-9.746741953641648 -9.829736369384479 -9.89894017223953 -9.954604100622939 -10.027819718136254 -9.9616247762749 -9.96638880618159 -9.8600757177376 -9.548407866473731 -9.185087901484719 -8.827785658483101 -8.556235953801872 -8.308255660237943 -8.004611438290603 -7.760392220968796 -7.4918513772812645 -7.433178587904156 -7.458503167934446 -7.4136209914451205 -6.828648266587034 -6.3003424237769226 -5.905930895186366 -5.610059564139412 -5.170515120643387 -4.830764566771673 -4.559214862090444 -4.321013366756032 -4.085569993999177 -3.9742421372323573 -3.85990541947184 -3.756350453605406 -3.083619283097799 -2.5024076344818345 -1.8667857495631677 -0.9869446473226933 -2.4116403278386165 -4.297443955638733 -5.801372975655365 -6.802320732892178 -7.576851700353228 -7.534727646441458 -7.521939987218243 -7.291511382784217
-9.608083609515406 -9.690075071593672 -9.768054719013673 -9.86183088665059 -9.994722247205576 -10.04060737735947 -10.041610331024035 -9.871609684880108 -9.559189618367817 -9.09933536316433 -8.674333747804512 -8.409804718775245 -8.202694787042377 -7.939920926926099 -7.695952448020433 -7.421393882345507 -7.1919682315760465 -7.216289857941771 -6.8569817076110215 -6.082701478566113 -5.620590577617355 -5.444822947902173 -5.226179049026797 -5.021075024623061 -4.677312656093084 -4.304213892874553 -4.0612483676334525 -3.7418076254691996 -3.609919218578778 -3.408827008833306 -3.1362743504875112 -2.242642635359255 -1.4447929951970466 -0.8678438996554874 -2.1295596096794447 -3.554255290195368 -4.922534827079457 -6.182244629774283 -6.971318425371539 -7.309063071914121 -7.204755890799262 -6.957527812483757 -6.722335178143044
-9.364867345858165 -9.515310395543057 -9.636417050539393 -9.775075394665635 -9.9616247762749 -10.009265075341784 -9.857066856743902 -9.687066210599973 -9.364867345858165 -8.89999832233185 -8.483020336288558 -8.250585824525402 -8.156809656888484 -8.114936341392857 -7.858932418512399 -7.508400112746602 -7.277971508312577 -6.975079501613662 -6.5475705020924275 -5.4653834980257745 -4.962402235245953 -4.77785876096582 -4.528875513737324 -4.397990060511469 -4.215452493560466 -3.8423537303419355 -3.4361574961927284 -3.077852299526545 -2.5874079575537983 -2.188984614304977 -1.7028028254066356 -1.1647181843670067 -0.678285657052524 -2.2719790300478087 -3.5346976937363324 -4.252561779149406 -5.384394989612074 -6.220356869027789 -6.9352120934471655 -7.043531089220287 -6.951760828912503 -6.647113653300598 -6.265239045517115
-9.103096439406453 -9.292654682009417 -9.52609214743714 -9.683305134357852 -9.809175819260878 -9.698850916158623 -9.511298580884791 -9.24777250552009 -8.914541150468056 -8.644245137867534 -8.340350177504053 -8.293462093685594 -8.350128975733572 -8.372695433186305 -8.1490367659881 -7.829596023823846 -7.584624591253614 -7.243620345301193 -6.315135990329271 -5.138169864961135 -4.44387519066536 -4.012354376485863 -3.62370983146656 -3.3687088622506685 -3.2077347990878344 -2.9682796116727155 -2.5678503610947625 -2.242642635359255 -1.5493509147280462 -0.8695990685684778 -0.4009689688000404 -0.42428764150119846 -1.63435123780001 -3.248605160918897 -4.368653665822915 -5.0338626838462766 -5.537596161874522 -6.2348996971639945 -6.816863561028383 -6.821878329351214 -6.748662711837899 -6.460564271691332 -6.0972443067023185
-8.920558872455452 -9.1783179642489 -9.412758383341188 -9.566962509268201 -9.609086563179972 -9.43507410237778 -9.270088224556684 -9.017093162669923 -8.78867046556503 -8.544451248243222 -8.468477508152352 -8.59635410038451 -8.650012121438788 -8.593345239390812 -8.455689848929136 -8.362916634956786 -8.11869741763498 -7.421393882345507 -6.29833651644779 -4.906738306862543 -4.091336977570431 -3.533694740071766 -2.9156245442830033 -2.474324931873988 -2.1295596096794447 -1.9457683506477355 -1.8141306821734555 -1.6373600987937078 -1.4673594526497804 -1.027062793905331 -0.7319436781068018 -1.1930516253909946 -2.3599882141134705 -3.7721469738223194 -4.84530739490788 -5.32296407765741 -5.699823917118064 -6.101256121360583 -6.620786119605742 -6.724090347056034 -6.60699550671796 -6.342466477688692 -6.024028689189006
-8.982992738074682 -9.214424296173274 -9.307197510145624 -9.457640559830514 -9.501519782655274 -9.426298257812828 -9.463407543401768 -9.541637929237911 -9.439085917036044 -9.206651405272886 -9.096326502170633 -8.991768582639633 -8.802461078452811 -8.705676049822198 -8.700661281499368 -8.67734260879821 -8.317031504802895 -7.4389455714754105 -6.109029012260969 -4.822740937455146 -4.043445940087407 -3.265153896384235 -2.76317558726898 -2.3502094158839526 -1.9400013670764813 -1.6255753932350578 -1.4400289652903584 -1.3344680920947927 -1.3334651384302267 -1.214364390763021 -1.2652642892397425 -1.9673318544359035 -3.1490620097107267 -4.386205354952819 -5.136414696048145 -5.490708078056064 -5.831712324008485 -6.178232815116019 -6.496670603615707 -6.643101838642334 -6.448779566132682 -6.14814420517904 -5.81215472754945
-9.110869330306839 -9.152993384218608 -9.145220493318224 -9.258303518998034 -9.356091501293212 -9.426298257812828 -9.553422634796561 -9.76730250376525 -9.850296919508082 -9.747744907306213 -9.51430744187849 -9.128421019436743 -8.879437772208249 -8.712445987058018 -8.63346338597345 -8.525896605448752 -7.888268813200954 -6.654886544200984 -5.1216211294957965 -3.9459086962083694 -3.3082809039605703 -2.716287503450522 -2.3492064622193864 -2.142096530486519 -1.8590128586627814 -1.4292472133962744 -1.089496659524561 -1.0854848448662973 -1.1286118524426327 -1.1832728271614767 -1.7486879555605275 -2.7067594436371456 -3.793459739194346 -4.670542718857264 -5.064954247447821 -5.276075993838953 -5.544616837526484 -5.863806841274595 -6.198793365239621 -6.29156657921197 -5.93702245878791 -5.673496383423208 -5.425265351443137
-8.97421689350973 -8.993774489968764 -9.01809611633449 -9.056208355587994 -9.164527351361116 -9.311209324803887 -9.461401636072637 -9.658732769575986 -9.830739323049045 -9.776830563578626 -9.464410497066336 -9.079777766705295 -8.90676825956767 -8.724230692616668 -8.366677711198909 -7.503385344423773 -6.519989276316864 -5.170515120643387 -3.8649201877946693 -2.8745034440358 -2.270223861134818 -1.9761076990008553 -1.779779519162072 -1.570914418516214 -1.4420348726194903 -1.078714907630477 -0.7760736393477035 -0.8405134122960654 -1.0932577357666833 -1.3297040621881044 -2.0054440936894093 -3.046509997508859 -4.070776427446829 -4.613875836809288 -4.8618561303732175 -4.930307717979844 -5.1655003523205565 -5.433288980759665 -5.63337823684057 -5.640148174076391 -5.41573729162976 -5.199851515331941 -5.014305087387241
-8.801458124788246 -8.827785658483101 -8.897992415002719 -8.98098683074555 -9.085544750276549 -9.221194233409093 -9.34731565672826 -9.346312703063695 -9.432315979800224 -9.478201109954117 -9.35408559396408 -9.139202771330826 -8.981989784410114 -8.648006214109657 -7.576851700353228 -6.567880313799888 -5.357064502252653 -4.155776750518793 -3.3852575977160067 -2.5357558438286523 -2.100223214990891 -1.7760184429199497 -1.4262383524025766 -0.7788317619252598 -0.5942882876451261 -0.4235354262527742 -0.22996536899154707 -0.24952296545058283 -0.6559699380159316 -1.4771382508792983 -2.177450647162469 -3.101170972227703 -3.8531354822360195 -4.329789211320985 -4.317001552097769 -4.346337946786322 -4.370659573152047 -4.545424249202663 -4.78964346652447 -5.031856776517145 -4.926295903321579 -4.6901003153163 -4.490763274483818
