static/data/ASCData/20210114/ASCV/21.asc
ncols 97
nrows 97
xllcorner 99.0
yllcorner 2.0
cellsize 0.25
NODATA_value -32767
[rows 57 to 75 of 97, columns 43 to 85 of 97]
-9.938961323422351 -9.197788936991087 -9.131333868552286 -8.841460827489005 -8.872704628322172 -8.89031026212499 -8.859066461291821 -8.708550690611402 -8.575640553733797 -8.642095622172599 -8.726156324414218 -8.85410712782624 -8.944862930246394 -9.094386834233697 -9.077773067123998 -9.01330173207143 -8.963460430742327 -9.000655431734193 -9.038594332745898 -9.047521132983945 -9.204732003842903 -9.167537002851036 -9.133317601938518 -8.873696495015288 -8.82856656047849 -8.483892884620525 -7.955723870536019 -7.463510024076983 -7.028824445818701 -6.977991277796484 -6.6100087346502825 -6.369729028242823 -6.344436427568354 -6.549504866370179 -6.77788217246024 -6.844337240899042 -6.335509627330305 -5.638227342069445 -4.663718316082537 -3.4010720157453025 -1.8549998078500436 -1.3248470603793037 -1.5542162331624816
-9.999465191702454 -9.40087364240668 -9.140260668790333 -8.864769694777241 -8.824847060379303 -8.848155927667541 -8.726156324414218 -8.57489665371396 -8.539685386108326 -8.618786754884363 -8.777981359129551 -8.921554062958158 -9.009334265298962 -9.168528869544152 -9.1216631682944 -9.045537399597713 -8.99867169834796 -8.942879196860162 -8.924281696364227 -8.715493757463216 -8.80129022641779 -8.677306889778233 -8.426364616419772 -8.168479276209496 -7.881333868552286 -7.533684592614971 -7.103214447802435 -6.679191436495154 -6.565126766786763 -6.623646901680633 -6.424281696364227 -6.202599490452702 -6.1959043902741655 -6.1842499566300475 -6.391302128818106 -6.15300615579688 -5.708649877280712 -5.060217026655836 -4.062151166707413 -2.402014289103763 -1.2105344239976334 -1.047372352979978 -2.8121511667074133
-9.962518157383867 -9.503531845144233 -9.039586199439015 -8.79261139285302 -8.733099391266032 -8.78963579277367 -8.667636189520348 -8.547372352979979 -8.515136685453694 -8.692928790194816 -8.88733466204564 -9.053224366469365 -9.162577669385454 -9.291520339490592 -9.14695576896887 -9.0718218669653 -9.00437493183338 -8.94585479693951 -8.58853482074431 -8.271137478947049 -8.190052376784779 -7.920512602930385 -7.635350928659408 -7.398046822331297 -7.113877014753436 -6.958649877280712 -6.537602466052782 -6.278973225822668 -6.216485624156332 -6.206566957225168 -6.176315023085117 -6.01612855214681 -6.01042531866139 -5.99951478503711 -5.844287647564386 -5.60599167454316 -5.21246856404921 -4.547421946314634 -3.315027580117451 -1.2085506906114005 -0.5454878062630568 -2.020145612253932 -3.794595126239252
-9.855148587854012 -9.446747476963315 -8.946846663632627 -8.686977590036118 -8.578616153813147 -8.654741922509833 -8.643087488865715 -8.524063485691743 -8.606140454547129 -8.800298359724673 -9.00164729842731 -9.164561402771687 -9.303422739807989 -9.354999807850044 -9.206715737229135 -9.075789333737765 -9.009334265298962 -8.562994253396562 -8.141202942148794 -7.637334662045641 -7.4575588239182835 -7.151072015745303 -6.881532241890909 -6.673488203009734 -6.684150769960736 -6.528923632488013 -6.445854796939511 -6.183258089936931 -5.966287250817709 -5.766178145481466 -5.725263644390413 -5.700714943735781 -5.663767909417193 -5.694019843557244 -5.5385447394112415 -5.172545929651274 -4.7524903851164595 -4.061159300014297 -2.631383461886941 -0.42448006970285057 -0.9771977844419897 -2.6705621962650405 -4.870770488270596
-9.810018653317213 -9.292512206183709 -8.969411630901027 -8.645071222251948 -8.51910415222616 -8.582583620585613 -8.60514858785401 -8.649038689024414 -8.749465191702454 -8.875680228401523 -9.060167433321181 -9.173488203009734 -9.325739740403108 -9.35599167454316 -9.265235872123005 -9.089427500768116 -8.709542557304518 -8.20964174397383 -7.4811156578797995 -6.899881775713563 -6.646955768968869 -6.40965166264076 -6.159701255975415 -6.187969456729235 -6.263351325406084 -6.386342795352523 -6.354107127826239 -6.126473721756015 -5.845279514257502 -5.4594433706352055 -5.221147397613979 -5.189903596780812 -5.187175963374742 -5.248671698347961 -5.165602862799458 -4.772079752305509 -4.2389514047554195 -3.6733394230057668 -2.234884751313642 -0.4108419026724994 -1.4800741978520273 -3.562002386703446 -5.680133709853615
-9.522129345640165 -9.213410837407672 -9.074797467044649 -8.712518157383867 -8.679290623164466 -8.662676856054766 -8.690945056808584 -8.77004642558462 -8.847164060974425 -8.928249163136693 -8.991728631496146 -9.04057806613213 -9.20274827045667 -9.266227738816122 -9.18911010342632 -8.917586596185691 -8.46628725081771 -7.808183699934947 -7.004523711837347 -6.329558427171607 -5.956616550559824 -5.737909944727647 -5.701706810428897 -5.793454479542168 -5.975214051055757 -6.1138274214187796 -6.0991973876953125 -5.963559617411638 -5.604007941156928 -5.24073676480303 -4.881433055221597 -4.591312047485037 -4.668429682874841 -4.700665350401125 -4.669421549567957 -4.468320577538598 -4.044545532904596 -2.900923235741335 -1.6449720355826363 -0.7565074452235807 -2.4781400578004504 -4.443027976864128 -5.702698677122013
-9.192085703505668 -9.02693989910178 -8.856090861212472 -8.775997625743319 -8.782692725921855 -8.716485624156332 -8.757400125247386 -8.84518032758819 -8.885350928659408 -8.90692402923469 -8.908659795947644 -8.90965166264076 -9.03561873266655 -9.086451900688767 -9.058183699934947 -8.848155927667541 -8.40776711592384 -7.68221662990916 -6.790528472797475 -6.109859954646314 -5.500605838399538 -5.249663565041077 -5.47506527105179 -5.659800442644727 -5.816019446810568 -5.860901414674087 -5.769153745560816 -5.569044640224573 -5.226106731079562 -5.077822660458653 -4.856140454547128 -4.628507048476903 -4.479975011182716 -4.398889909020447 -4.373597308345977 -4.1050494011847 -3.076731607096225 -1.3774159951144753 -0.9273564831128884 -2.1198282149121344 -3.73384329128587 -4.843246187536614 -5.5767316070962245
-8.696896256967282 -8.55530728652491 -8.486868484699876 -8.614819288111896 -8.584567353971845 -8.676315023085117 -8.79558699293237 -8.89601349561041 -8.936184096681625 -8.916594729492575 -8.829558427171607 -8.777981359129551 -8.80922515996272 -8.895021628917293 -8.90965166264076 -8.81492839344814 -8.450665350401126 -7.694862930246394 -6.7682114722023545 -6.086551087358078 -5.588386040740343 -5.377614368453099 -5.582682807254924 -5.639219208762562 -5.629548508504676 -5.574747873709992 -5.494654638240839 -5.366703834828818 -5.229082331158911 -5.215444164128559 -4.96152629069075 -4.823904787020843 -4.365910341474325 -4.198780803684204 -3.8218714602999544 -2.8736469016806327 -1.7525895717857707 -1.9546824105082463 -2.809175566628064 -3.5473723529799783 -4.76612855214681 -5.298512999677062 -5.474321371031952
-8.348255114336853 -8.235926211341415 -8.155832975872261 -8.280808179204934 -8.426364616419772 -8.601181121081545 -8.775997625743319 -8.908659795947644 -8.996687964961728 -8.915602862799458 -8.759383858633619 -8.703591357145818 -8.646063088945064 -8.709542557304518 -8.677306889778233 -8.63639238868718 -8.287751246056748 -7.502440791781803 -6.594386834233697 -6.089526687437427 -5.753531845144232 -5.478040871131139 -5.339427500768116 -5.3334763006094175 -5.232057931238261 -5.154940295848457 -5.06492839344814 -4.970205124255519 -5.119729028242823 -5.31314303340053 -5.05922515996272 -4.908709389282299 -4.571970646969266 -4.320780406937526 -3.617794888191246 -2.084616947306501 -1.2368188913652192 -3.0328415059258225 -4.2535814384788875 -4.723230317669524 -5.322813733658416 -5.595329107592159 -5.124688361708405
-8.183109309932965 -8.098304707671508 -8.161784176030961 -8.352222581109318 -8.500506651730227 -8.599197387695312 -8.766078958812155 -8.870720894935939 -8.930232896522927 -8.81492839344814 -8.679290623164466 -8.536709786028977 -8.433059716598308 -8.513152952067461 -8.448929583688171 -8.353214447802435 -7.891252535483449 -7.094287647564386 -6.374688361708405 -5.945953983608822 -5.689060510091663 -5.51126840535054 -5.3746387683737495 -5.223131131000212 -5.104107127826239 -4.8873842553802955 -4.751498518423343 -4.8960630889450645 -5.086501494023421 -5.111794094697892 -4.944912523581049 -4.645120815586604 -4.248622105013305 -3.852123394440006 -2.5815421605578397 -1.0865510873580777 -2.2604253186613907 -3.972139264307096 -4.9253231563919995 -5.555158506520943 -5.809076379958753 -5.384309468631635 -4.794396752900629
-8.071772273630643 -8.135251741990096 -8.237909944727647 -8.342303914178153 -8.40776711592384 -8.486868484699876 -8.629449321835365 -8.734835157978987 -8.755416391861154 -8.681274356550698 -8.542660986187675 -8.400080149052187 -8.34329578087127 -8.38545011532872 -8.308084513265635 -7.816862533499716 -7.335559220664962 -6.587443767381883 -5.919421549567957 -5.6002884410577405 -5.4038988358206845 -5.305208099855598 -5.222139264307096 -5.080550293864723 -4.909701255975416 -4.691986516836356 -4.57668201376157 -4.729181517828223 -4.823904787020843 -4.792660986187675 -4.809274753297376 -3.7759976257433188 -3.0534227398079885 -2.53963579277367 -1.365761561470357 -2.0786657471478023 -3.403799649151373 -4.818945453555261 -5.613926608088091 -6.070929186941494 -5.65087364240668 -5.195854796939511 -4.249613971706421
-8.098304707671508 -8.182117443239848 -8.24286927819323 -8.263202545402116 -8.321970646969266 -8.287751246056748 -8.426364616419772 -8.528030952464208 -8.550347953059328 -8.543652852880792 -8.390161482121021 -8.32370641368222 -8.367844481525902 -8.386194015348556 -8.068052773531456 -7.555257693190255 -6.477098597772678 -5.727991277796483 -5.373646901680633 -5.129399728500708 -5.025005759050202 -4.9811156578797995 -4.8960630889450645 -4.782742319256511 -4.606933947901621 -4.328715340482458 -4.2153945707939044 -4.319044640224573 -4.416495542823263 -4.491877411500113 -4.304166639827826 -2.956715737229135 -1.9799750111827157 -1.5043749318333803 -2.3784574551422475 -3.103016074463811 -4.22506527105179 -5.455723870536019 -6.159701255975415 -6.2779813591295515 -5.733942477955182 -4.9429287901948165 -4.00164729842731
-8.212369377379899 -8.306348746552683 -8.360901414674087 -8.368836348219018 -8.472238450976407 -8.41570204946877 -8.442978383529473 -8.54439675290063 -8.434051583291424 -8.428348349806004 -8.260226945322767 -8.221296177617948 -8.339328314098804 -8.432315816578472 -8.01424400542989 -6.773914705687774 -5.695755610270199 -5.160643529333877 -4.8697786215774785 -4.772079752305509 -4.678348349806005 -4.630490781863136 -4.407816709258494 -4.2944959395699405 -3.9947042315754953 -3.7164856241563324 -3.6520142891037635 -3.7321075245729163 -3.8913021288181056 -3.9860253980107263 -3.176414209754428 -2.1510720157453025 -1.459492963969861 -2.3023316864455605 -3.175422343061311 -3.9976798316548443 -5.011367592019852 -5.817011313503684 -6.349147794360657 -6.270046425584621 -5.72030431092483 -4.8697786215774785 -3.9332084966022753
-8.39908828235907 -8.534726052642744 -8.65003055571753 -8.611843688032547 -8.734835157978987 -8.849147794360658 -8.830550293864723 -8.660693122668532 -8.492819684858574 -8.36288514806032 -8.20369054381513 -8.090369774126577 -8.275848845739352 -8.427356483112888 -7.516078958812155 -6.269054558891504 -5.646162275614376 -5.183208496602275 -4.771087885612393 -4.690002783450123 -4.4955969115993 -4.306150373214059 -3.949822263711976 -3.5729129203277266 -3.287751246056749 -3.179389809833777 -3.1441785422281434 -3.163767909417193 -3.3237064136822196 -3.278824445818701 -1.9946050449061832 -1.786808972698288 -2.0444463462352847 -2.822813733658415 -3.7886439260805536 -4.65181591576514 -5.427207703108921 -6.115811154805013 -6.258391991940503 -5.950665350401125 -5.426463803089083 -4.485926211341415 -3.575640553733797
-8.528774852484045 -8.673339423005768 -8.744753824910152 -8.7145018907701 -8.816912126834373 -8.973131131000212 -8.946846663632627 -8.755416391861154 -8.626473721756016 -8.494803418244807 -8.282791912591167 -8.114918474781208 -8.29841381300775 -8.246588778292416 -7.230917284541176 -6.302282093110905 -5.903799649151373 -5.506309071884957 -4.9488799903535154 -4.769104152226159 -4.4955969115993 -4.067854400192833 -3.5084415852751576 -3.107975407929393 -2.9215044696235015 -2.8637282347494684 -2.750655431734194 -2.7456960982686116 -2.8766225017599822 -2.922496336316618 -2.480123791186683 -2.339526687437427 -2.385400521994063 -3.129548508504676 -4.202748270456669 -5.050298359724672 -5.649881775713563 -5.929340216499122 -5.924380883033539 -5.574747873709992 -4.989794491444568 -4.036610599359665 -3.2076580105875956
-8.69491252358105 -8.761367592019852 -8.723180724334869 -8.747729424989501 -8.725164457721101 -8.7311156578798 -8.767070825505272 -8.783684592614971 -8.778973225822668 -8.737810758058336 -8.55530728652491 -8.322714546989104 -8.463559617411638 -8.34032018079192 -7.444912523581049 -6.493712364882379 -5.755515578530464 -5.130391595193824 -4.606933947901621 -4.445011710250361 -4.182167036574503 -3.8608022280047747 -3.4586002839460566 -3.0601178399865248 -2.802232499776249 -2.5279813591295515 -2.2710878856123924 -2.1996734837080085 -2.3734981216766653 -2.4977294249895 -2.436977590036118 -2.4897944914445684 -2.8510819344122336 -3.6919369235017 -4.572714546989103 -5.161635396026993 -5.542512206183708 -5.7768407124324685 -5.522922838994658 -5.078566560478491 -4.5846169473065 -3.823855193686187 -3.1049998078500436
-8.680282489857582 -8.812200760042069 -8.875680228401523 -8.834517760637189 -8.771038292277737 -8.763351325406084 -8.79261139285302 -8.777981359129551 -8.729131924493567 -8.695904390274166 -8.646063088945064 -8.426364616419772 -8.464551484104755 -8.382474515249369 -7.618737161549706 -6.554216233162482 -5.50556517186512 -4.800347953059328 -4.586600680692734 -4.464353110766131 -4.132325735245402 -3.8863427953525234 -3.4137183160825373 -2.8686875682150506 -2.4478881236603987 -1.8961622756143761 -1.3570827279055881 -1.1383761220734119 -1.4322166299091588 -1.7456465049339556 -1.7652358721230053 -2.0484138130077505 -2.939110103426318 -4.005366798526497 -4.7906772528014425 -5.147997228996642 -5.243712364882379 -5.180232896522926 -4.82762428712003 -4.436084910012314 -4.0688462668859495 -3.57192105363461 -3.00556517186512
-8.644079355558832 -8.811208893348953 -8.924281696364227 -8.939159696760974 -8.934200363295393 -8.91262726272011 -8.842452694182121 -8.787652059387437 -8.673339423005768 -8.556299153218026 -8.521087885612392 -8.436035316677657 -8.383466381942485 -8.319986913583033 -7.459542557304518 -6.243761958217035 -5.260326131992079 -4.854156721160895 -4.7524903851164595 -4.567011313503684 -4.195805203604854 -3.6500305557175303 -2.93018330318827 -2.398046822331297 -1.8921948088419103 -1.3139365267550227 -0.6627760427240763 -0.3324844339163002 -0.24668796496172796 -0.43613450334696857 -0.8539583478222714 -1.826731607096225 -2.8823257352454017 -3.992720498189262 -4.741827818165458 -5.078566560478491 -5.160643529333877 -4.93623369001628 -4.48989367811388 -3.8697290282428227 -3.5121610853743443 -3.163767909417193 -2.884309468631635
-8.6254818550629 -8.803273959804022 -8.823855193686187 -8.876424128421359 -8.89303789553106 -8.922545929651275 -8.836501494023421 -8.672347556312651 -8.530758585870277 -8.434051583291424 -8.409750849310072 -8.405783382537606 -8.205674277201362 -8.146162275614376 -7.327624287120029 -6.15573378920295 -5.436134503346969 -5.105098994519356 -4.798364219673095 -4.431125576546731 -4.083476300609417 -3.5572910199111427 -3.0308577725395893 -2.7310660645451437 -2.2252140510557568 -1.5824844339163002 -0.8990882823590698 -0.08451776063718874 0.1488188789184548 0.03252250915055166 -0.6528573757929119 -1.6801833031882702 -2.6918873301670443 -3.6430874888657154 -4.036610599359665 -4.336402307354111 -4.592303914178153 -4.4955969115993 -4.117695701521934 -3.4137183160825373 -3.110951008008742 -3.025898439074007 -2.797521132983946
