static/data/ASCData/20210119/ASCV/00.asc
ncols 97
nrows 97
xllcorner 99.0
yllcorner 2.0
cellsize 0.25
NODATA_value -32767
[rows 38 to 56 of 97, columns 43 to 85 of 97]
-7.824094071166391 -7.870868722153299 -7.863312816993874 -7.964777829134704 -8.157273508196209 -8.33393776692368 -8.578964977093557 -8.782974416397991 -8.965755360254523 -9.13450390881498 -9.317284852671511 -9.551517912613638 -9.606208273767562 -9.693281085604728 -9.750849886819383 -9.879660079537173 -9.968531916412298 -9.97824665161727 -9.971410356473031 -9.79078824266205 -9.73214002642462 -9.749050861781425 -9.699037965726193 -9.704075235832475 -9.764522477107864 -9.762723452069904 -9.638590724450804 -9.418030254797157 -9.25395917133539 -8.951003354943266 -8.641571048414495 -8.262696375420544 -7.983127884521876 -7.673695577993104 -7.531212794986832 -7.367141711525065 -7.188318622752043 -6.64429345127355 -5.5897049740225855 -3.284074485375644 -0.04079214694500566 2.337159148227846 2.016572886463735
-7.867990282092565 -8.019468190288627 -8.011552480121612 -8.12597047253574 -8.31127005144541 -8.544783501372356 -8.796647006686472 -9.035917336734883 -9.203946275280158 -9.352545743415487 -9.523453122021495 -9.695080110642685 -9.701196795771743 -9.779274482419119 -9.909883700174868 -10.053445898203915 -10.149154030223277 -10.14735500518532 -10.001993782118316 -9.7929470727076 -9.72062626618169 -9.773157797290061 -9.726383146303155 -9.786110777563358 -9.876781639476441 -9.909164090159685 -9.766321502145821 -9.523453122021495 -9.35326535343067 -9.00569371609719 -8.695181994545642 -8.274210135663477 -7.861153986948326 -7.51933922973631 -7.189398037774817 -6.999061188758864 -6.467629192546077 -5.70124452637598 -4.398390593886814 -2.1873888222364624 0.5568439706646338 3.03733969300109 3.070441753699517
-8.064443816237576 -8.172745123522647 -8.246864955086515 -8.391506568138336 -8.533269741129425 -8.772180266170244 -8.96755438529248 -9.206105105325708 -9.452931340533542 -9.631754429306564 -9.675650640232739 -9.788989217624092 -9.816334398201052 -9.82029225328456 -9.957018156169367 -10.134761829919615 -10.23046996193898 -10.173620770739507 -10.00487222217905 -9.803741222935347 -9.708752700931166 -9.775316627335611 -9.838642308671732 -9.896211109886387 -10.03005857271046 -10.061361608370929 -9.881818909582723 -9.6601790249063 -9.406156689546634 -9.015408451302163 -8.703817314727841 -8.280326820792533 -7.840645101515603 -7.380814301813546 -7.049793694829278 -6.674876876918836 -6.110342820007624 -5.0712259580830965 -3.786002470965919 -1.9042222812618768 -0.4462923905007332 1.844945897842544 3.4971704927031486
-8.331059326862949 -8.412015453571057 -8.546942331417906 -8.693382969507685 -8.835865752513957 -9.083051792729382 -9.278066106844026 -9.495028526421759 -9.742934176652367 -9.818133423239011 -9.843679578778014 -9.871024759354976 -9.96673289137434 -9.965653476351564 -10.105257819297103 -10.279043637963843 -10.213918931589765 -10.155990325367519 -9.986162361784286 -9.818133423239011 -9.73214002642462 -9.805540247973305 -9.913841555258376 -10.003792807156273 -10.139439295018306 -10.158149155413069 -9.977527041602087 -9.64650643461782 -9.334915298043498 -8.985184830664469 -8.601632692571828 -8.20980503930458 -7.764366439906185 -7.305615055226902 -6.968477763113578 -6.590682505142403 -5.9304403162118255 -4.839871338201701 -3.6834580438023146 -2.2478360635118504 -1.0173029375485947 0.18084773773141682 1.8301938925312888
-8.59767483748832 -8.766423386048778 -8.886598258584371 -9.013609426264205 -9.189194269968903 -9.435300895161554 -9.59469451352463 -9.812376543117546 -9.93542985571387 -9.946224005941618 -9.996956512012034 -9.937228880751828 -10.112094114441344 -10.167863890618042 -10.308547648586355 -10.270408317781646 -10.203844391377201 -10.071076343575902 -9.904126820053403 -9.824969718383251 -9.79078824266205 -9.899449354954712 -10.064240048431662 -10.148434420208096 -10.208881661483483 -10.227591521878246 -9.918878825364658 -9.546840447514947 -9.176601094703196 -8.891635528690653 -8.43540277906451 -8.205127574205891 -7.7625674148682275 -7.417874217595481 -7.080017315466972 -6.596439385263869 -5.944112906500306 -4.837712508156152 -3.738148404956237 -2.3924776765636713 -0.7791120225229591 0.17688988264790906 -0.11131392843295851
-8.938410179677561 -9.154293184232518 -9.217618865568639 -9.400399809425169 -9.569148357985627 -9.774237212312837 -9.92175726542539 -10.096622499114906 -10.235147427037669 -10.122888264669092 -10.196288486217778 -10.012428127338472 -10.324019263912794 -10.35244385951253 -10.406054805643677 -10.367195864823785 -10.207802246460709 -10.047689018082448 -9.869945344332201 -9.821011863299743 -9.861310024150002 -10.072155758598678 -10.268609292743688 -10.245941577265418 -10.251698457386883 -10.061361608370929 -9.712710556014674 -9.368017358741925 -9.001016250998498 -8.703817314727841 -8.263415985435728 -8.1961324490161 -7.825893096204348 -7.4873165840606575 -6.999780798774046 -6.475544902713093 -5.75089761742362 -4.634782483874492 -3.443108298731129 -1.7588610581948723 0.08621902073482746 -0.33871069323084635 -1.131720929962722
-9.448973485450034 -9.644347604572271 -9.530289417165735 -9.749770471796607 -9.776396042358385 -10.101299964213597 -10.254936702455208 -10.384826310195773 -10.481254052230321 -10.364317424763053 -10.42476466603844 -10.225432691832696 -10.568326864067487 -10.484132492291053 -10.493127617480843 -10.383746895172997 -10.191251216111494 -10.011708517323289 -9.860230609127228 -9.85627275404372 -9.961695621268058 -10.241264112166727 -10.371873329922476 -10.292716228252324 -10.21283951656699 -10.012428127338472 -9.675650640232739 -9.340672178164963 -8.806361741891445 -8.501966705468956 -8.15799311821139 -8.166988243401182 -7.765445854928961 -7.3563475612973175 -6.801528239591077 -5.985130677365748 -5.159018379935446 -3.85832327749183 -2.4871063935602606 -0.6416665096229694 -0.32323907790440787 -0.9460615460454589 -1.646242090818703
-9.736097881508128 -10.107416649342653 -9.84260016375524 -10.132602999874065 -10.08870678894789 -10.412891100787917 -10.524430653141312 -10.593513214598898 -10.68850173660308 -10.615101515054395 -10.726281262400196 -10.680586026436064 -10.698936081823236 -10.554654273779006 -10.52838850822482 -10.403176365582944 -10.21068068652144 -10.065319463454436 -9.961695621268058 -9.90124837999267 -10.03905369790025 -10.283001493047351 -10.382667480150223 -10.338771269224049 -10.260693582576673 -10.0368948678547 -9.663777074982217 -9.22265613567492 -8.630776898186747 -8.302634731263213 -7.957941533990464 -7.870868722153299 -7.477601848855684 -7.041877984662263 -6.326945434577764 -5.327047318480721 -4.247992100713527 -2.8289211507722762 -2.154286761538035 -1.5321839034121674 -2.2643870938610635 -2.2197712729197057 -2.563385055169679
-10.043731162998942 -10.340570294262006 -10.158149155413069 -10.403176365582944 -10.42476466603844 -10.645325135692088 -10.750748002916426 -10.812274659214587 -10.873081705497567 -10.817311929320871 -10.898268056028979 -10.870922875452019 -10.839619839791549 -10.68166544145884 -10.559331738877697 -10.415049930833467 -10.169662915656 -9.968531916412298 -9.916719995319108 -9.900168964969895 -10.09554308409213 -10.256735727493165 -10.423685251015666 -10.49708547256435 -10.40209695056017 -10.080071468765691 -9.640389749488763 -9.191353100014451 -8.686546674363445 -8.259817935359813 -7.792791035505923 -7.5330118200247895 -7.044756424722996 -6.5575804444439765 -5.761691767651367 -4.748840671281028 -3.9306440840177403 -3.0566777205777558 -3.5427742858340006 -3.7439052850777026 -4.367087558226345 -4.315275637133156 -4.781223121964271
-10.559331738877697 -10.496006057541576 -10.560411153900471 -10.684543881519572 -10.812274659214587 -10.950079977122169 -11.030316493815095 -11.051544989262998 -11.009807608382374 -11.019522343587347 -11.126744235849642 -11.074212704741269 -11.038951813997294 -10.838900229776366 -10.669791876208317 -10.513636502913565 -10.26465143766018 -10.037974282877476 -10.024301692588995 -10.02322227756622 -10.240184697143953 -10.367915474838968 -10.540981683490525 -10.580920039333192 -10.427643106099174 -10.093744059054172 -9.649384874678553 -9.2021472502422 -8.703097704712658 -8.246145345071332 -7.682330898175302 -7.1735666174407875 -6.652209161440565 -6.1650331811615455 -5.474567371593275 -4.9168696098263025 -4.4451652448737216 -4.52144390648314 -5.127715344274977 -5.373821969467628 -5.69440823123174 -5.787957533205555 -5.582868678878345
-10.814433489260137 -10.524430653141312 -10.866245410353327 -10.865165995330553 -11.070254849657761 -11.06521757955148 -11.144374681221631 -11.147253121282363 -11.114151060583936 -11.224611197914555 -11.294773174394917 -11.328954650116119 -11.200144457398327 -10.960874127349916 -10.685263491534755 -10.538103243429793 -10.397419485461478 -10.222554251771964 -10.248100407310966 -10.260693582576673 -10.49708547256435 -10.511477672868015 -10.662955581064075 -10.572284719150995 -10.419727395932158 -10.1182107995704 -9.694360500627502 -9.243884631122825 -8.637613193330987 -8.088910556753804 -7.489115609098615 -7.002659238834779 -6.436326156885609 -5.946991346561039 -5.638638455055043 -5.247890216810569 -5.565238233506356 -5.867114634875705 -6.316151284350015 -6.575930499831148 -6.650410136402607 -6.1736685013437445 -5.69908569633043
-11.037152788959334 -10.660077141003343 -11.06737640959703 -11.041830254058025 -11.26850740884073 -11.24799852340801 -11.242241643286544 -11.244040668324502 -11.234325933119528 -11.372850861042293 -11.463881527962966 -11.599528015824998 -11.37213125102711 -11.103356910356188 -10.82414822446511 -10.644245720669312 -10.504641377723773 -10.407134220666451 -10.426563691076398 -10.460025556782416 -10.664034996086851 -10.638488840547847 -10.7518274179392 -10.632731960426382 -10.444194136448386 -10.141598125063854 -9.620960279078817 -9.126948003655556 -8.405179158426817 -7.886700142487328 -7.334759260841821 -6.887521636405468 -6.357169055215458 -6.076880954301605 -5.782920263099272 -6.048816163709461 -6.364005350359697 -6.802607654613853 -7.055550574950743 -7.135787091643669 -6.825994980107306 -6.396387801042941 -5.531056757785155
-11.294773174394917 -10.834942374692858 -11.149411951327913 -11.226410222952515 -11.431499077279723 -11.322118354971877 -11.316361474850412 -11.29081531931141 -11.281100584106436 -11.443372642530246 -11.51461403403338 -11.74021177379331 -11.468558993061658 -11.250876963468743 -10.964831982433424 -10.782051038576894 -10.517594357997071 -10.4179283708942 -10.54889739365754 -10.596751459667223 -10.765500008227681 -10.769457863311189 -10.849334574996522 -10.621937810198634 -10.430521546159905 -9.98724177680706 -9.46372549076129 -8.844501072696154 -8.123811642490189 -7.680531873137344 -7.2761110446043915 -6.900114811671175 -6.680633757040302 -6.406102536247914 -6.572332449755232 -6.838588155373012 -7.041877984662263 -7.412117337474015 -7.3613848314035994 -7.222500098473244 -6.877806901200495 -6.53815097403403 -5.662025780548496
-11.573981860285995 -11.03607337393656 -11.341547825381824 -11.445171667568204 -11.612121191090704 -11.483310998372913 -11.42178434207475 -11.396238186535747 -11.38580384131559 -11.543038629633116 -11.467839383046474 -11.677605702472373 -11.441213812484696 -11.41494804693051 -11.104436325378963 -10.72951950746852 -10.463623606858333 -10.461824581820375 -10.642446695631355 -10.727360677422972 -10.926692651628715 -10.941444656939971 -10.898268056028979 -10.65719870094261 -10.301711353442114 -9.858431584089269 -9.196030565113142 -8.553778626562146 -7.900372732775809 -7.508545079508561 -7.258840404239995 -7.148380266909375 -7.013453389062527 -7.143342996803093 -7.3095729103104095 -7.420752657656212 -7.601374771467194 -7.530133379964058 -7.258840404239995 -7.071022190277182 -6.74108099831569 -6.408980976308648 -4.969760945942267
-11.592691720680758 -11.199065042375553 -11.77151480945378 -11.683362582593839 -11.85031210611634 -11.706749908087293 -11.621116316280494 -11.562468100043063 -11.571103420225262 -11.63838695664489 -11.46460113797815 -11.55743082993678 -11.346585095488106 -11.426821612181032 -11.009807608382374 -10.625895665282142 -10.433399986220639 -10.452109846615402 -10.775214743432654 -10.866245410353327 -11.120987355728177 -11.064497969536296 -10.959794712327142 -10.713688087134491 -10.310346673624313 -9.76164403704713 -9.105359703200062 -8.340774062067922 -7.701040758570064 -7.393407477079251 -7.323965110614074 -7.297699345059888 -7.403122212284224 -7.563235440662485 -7.65714454764389 -7.733423209253308 -7.658223962666666 -7.367141711525065 -6.951926732764364 -6.6784749269947525 -6.307515964167818 -5.416998570378619 -3.9313636940329237
-11.917955447543559 -11.366014565898052 -12.070152965754804 -11.940263358014239 -12.059358815527057 -11.939183942991463 -11.876937676678118 -11.796701159985192 -11.753884364081792 -11.822247315524194 -11.625793781379183 -11.67868511749515 -11.409910776824226 -11.429700052241765 -10.937486801856464 -10.504641377723773 -10.353523274535304 -10.512557087890789 -10.8845954657405 -10.985340867866146 -11.173878691844141 -11.091843150113258 -11.052624404285774 -10.78996674874391 -10.339850684246823 -9.779994092434302 -9.076935107600326 -8.246864955086515 -7.583744326095205 -7.29374148997638 -7.270354164482926 -7.346632826092344 -7.498110734288405 -7.630878782089704 -7.673695577993104 -7.643471957355411 -7.517540204698351 -7.211705948245497 -6.84254601045652 -6.321188554456298 -5.675698370836976 -4.5984421781077405 -3.290910780519884
-12.41412655301237 -11.76935597940823 -12.284236945271804 -12.181692518108198 -12.235303464239346 -12.031294024934912 -12.005747869395908 -11.990995864084653 -11.960772243446959 -12.049644080322084 -11.862185671366863 -12.073031405815536 -11.74021177379331 -11.53692194450406 -10.962673152387875 -10.559331738877697 -10.45606770169891 -10.610424049955704 -10.939285826894421 -11.06521757955148 -11.23900339821822 -11.163084541616394 -11.09939905527268 -10.754705857999932 -10.303510378480073 -9.715588996075406 -8.995978980892216 -8.26161696039777 -7.558557975563794 -7.258840404239995 -7.234373663723766 -7.270354164482926 -7.376856446730038 -7.504947029432646 -7.616126776778449 -7.6416729323174515 -7.4822793139543755 -7.166730322296546 -6.888601051428243 -5.890501960369159 -4.6142735984417715 -2.7537219041856327 -1.3465245194949043
-12.618135992316803 -12.041728370155068 -12.54761421082885 -12.209757308700343 -12.280279090188296 -12.128801181992234 -12.10541385649878 -12.080947115982552 -12.061517645572605 -12.17089836788045 -12.000710599289626 -12.030214609912138 -11.610322166052745 -11.34082821536664 -10.878838585619032 -10.585957309439475 -10.550696418695498 -10.705772376967476 -11.008728193359598 -11.162005126593618 -11.356299830693079 -11.10839418046247 -11.001891898215359 -10.616180930077169 -10.12000982460836 -9.496827551459717 -8.822193162225476 -8.22059918953233 -7.518619619721127 -7.355268146274543 -7.2451678139515145 -7.294820904999154 -7.450976278293906 -7.656065132621116 -7.706078028676348 -7.517540204698351 -7.0908114656947205 -6.6367375461141265 -5.991966972509989 -4.7020660202941205 -2.8562663313492376 -1.2461389223768493 -0.33583225317011367
-13.325152832234288 -12.242139759383587 -12.718521589434859 -12.366272487002687 -12.292872265454001 -12.153267922508462 -12.135637477136475 -12.12772176696946 -12.113329566665795 -12.162982657713435 -11.903203442232304 -11.726539183504832 -11.37213125102711 -11.127823650872417 -10.714767502157265 -10.567247449044713 -10.571205304128219 -10.707931207013026 -10.975626132661173 -11.046867524164307 -11.162005126593618 -10.85329243008003 -10.798602068926108 -10.391662605340013 -9.835763868610998 -9.210782570424398 -8.589759127321305 -8.000038719878681 -7.472564578749402 -7.4070800673677315 -7.264597284361461 -7.477601848855684 -7.5290539649412835 -7.5290539649412835 -7.439462518050975 -6.933576677377193 -6.374079890572263 -5.5976206841896 -4.450922124995187 -3.2480939846164842 -1.774332673521311 -0.9881587319336758 -1.5087965779187138
