static/data/ASCData/20210119/ASCV/03.asc
ncols 97
nrows 97
xllcorner 99.0
yllcorner 2.0
cellsize 0.25
NODATA_value -32767
[rows 57 to 75 of 97, columns 0 to 42 of 97]
-1.4185778796113455 -1.382409988172109 -2.509470376640514 -5.909941084146656 -8.48096148131297 -8.490950708472377 -7.316010920860602 -6.732157816198638 -6.282987050134212 -6.244752422041305 -5.9137301013450525 -5.608197532710738 -4.663698881983242 -3.7877469969358235 -2.662753345121089 -1.6138844933832237 -1.6228403522157966 -2.2700733809236615 -2.062021891120814 -2.351365022634708 -2.946929635000806 -3.3278980914940997 -3.9107178278292283 -4.157003945724983 -3.8835057952225647 -3.4215901531271697 -3.061289063170583 -2.4126782100269377 -1.6851869079348618 -1.3744874976663715 -1.1313014847511225 -0.8354136871672715 -0.7427549938610367 -1.145079729108927 -1.58667246077656 -1.9731522150129754 -1.9214837986712086 -1.8129801243534984 -2.7192441469880873 -4.196960854362616 -5.465592703607462 -9.511229703167798 -13.909934214396873
-1.5026251701939528 -1.3062851880952393 -3.3189422326615263 -6.69392318810573 -8.239842205051392 -8.212630172444728 -7.198895843819264 -6.713557186315602 -6.4252474231285435 -6.279886945153706 -5.81590456640464 -4.9489085401897945 -3.9272517210585938 -2.8718382032507717 -1.775089952369536 -1.656941507001363 -1.768200830190634 -1.681397890736466 -1.9342286747021777 -2.3530873031794335 -2.7116661125912946 -3.311019742155789 -4.134269842534605 -4.376422487123019 -3.9265628088407034 -3.4116009259677615 -2.833603575157864 -2.138146691197684 -1.5356929566526833 -1.4585347882489788 -1.2084596531548275 -0.8805374374390813 -0.7778895169734379 -0.6538853177531978 -0.9928301289551875 -1.0885889272419287 -1.033820405919656 -1.1902034793807368 -2.620729699829785 -4.518338404008405 -8.258442834934428 -12.31131341278261 -14.477253425829472
-1.0248645470870832 -1.8091911071551021 -4.358166313348929 -7.181328582263063 -8.693146444423158 -7.768281791905533 -6.7731480931631065 -6.498616574333852 -6.305376697215644 -6.087680436362334 -5.404968428433123 -4.367811084399392 -3.242817432584657 -2.202904439679365 -2.159847426061226 -2.0544438567240215 -1.9821080738455483 -1.64798564816879 -2.57388366901325 -2.425423086057907 -2.5105037449673495 -3.495648216550369 -4.318898316929186 -4.368844452726227 -3.912784564482899 -3.2397173276041507 -2.662753345121089 -2.0513437517435156 -1.55636032318939 -1.46266826155632 -1.2615058939323749 -0.932205853780848 -0.7145095929275374 -0.5942944109056936 -0.4919909465489951 -0.38520955277601043 -0.15580178421856639 -0.8774373324585754 -2.734055759672727 -6.333622098149144 -10.070970880203605 -12.878632624215209 -14.9791259765625
-0.6618078082589354 -2.555283039130214 -5.856894843369109 -8.195062910888527 -7.595364825215087 -6.6684334360437925 -6.132459730525198 -5.8334718279608415 -5.748735625160345 -5.485915614035224 -4.735001296534881 -3.810136644017256 -2.786757544341329 -2.5494272852781474 -2.5063702716600083 -2.750589652902092 -2.6531085740706257 -2.712355024809185 -3.727122721761484 -2.745767267376861 -2.222193981780291 -3.3344427575640565 -4.354032840041587 -4.402945607511793 -3.734011843940386 -3.0378660477623156 -2.5249709015430444 -1.9252728158696049 -1.5170923267696477 -1.3121409419473062 -1.1402573435836953 -0.8784707007854107 -0.6607744399321 -0.48889084156848917 -0.36006425682301746 -0.30529573550074485 -0.10034435067840342 -1.243938632376174 -4.306153440898217 -8.149939160616718 -11.560054639173323 -14.369783119838598 -14.90093443983196
-1.1881367427270657 -3.878683409697333 -6.864773418142506 -7.053190909735482 -6.457626297369384 -5.9058076108393145 -5.409790813958354 -4.860038864081956 -4.779091678479855 -4.22417288696928 -3.607940908066475 -3.008587278501981 -3.0357993111086445 -2.8442817145351627 -2.9634635282301716 -3.20664954114542 -3.5249269858107035 -4.015088028839597 -4.184215978331647 -2.5776726862116464 -2.150891567228653 -3.597262768689177 -4.5837850647079765 -4.173537838954348 -3.4508689223875044 -2.9204065146120324 -2.422322981077401 -1.7554559541596648 -1.5112365729175807 -1.2487610179014057 -1.1295792042063968 -0.8629701758828805 -0.5250587330077261 -0.3218296287301099 -0.500602349272623 -0.7358658716821345 -1.3452087284060368 -2.9117951118884045 -6.360145218537918 -9.754415716083047 -12.854176240480108 -14.211677765832793 -14.547522472054276
-2.0162092286311144 -5.125614524078637 -6.414569283751245 -6.072868823677695 -5.5737519218162275 -5.238940583921579 -4.621675236691939 -3.980986874054031 -3.2114719266706517 -2.3599764253583357 -1.919417062017538 -2.2535394876942965 -2.6596532401405826 -3.029943557256578 -3.198038138421792 -3.4205567848003344 -3.7281560900883193 -3.9830536107077017 -3.357176860754434 -2.3864995457471094 -3.7526124738234223 -4.742923787040618 -4.572762469221733 -3.951708104793697 -3.2221500660479503 -2.7719459316566892 -2.3882218262918347 -1.7506335686344332 -1.487813557509313 -1.1626469906651278 -1.130612572533232 -1.0434651769701189 -0.6773083331614651 -0.4909575782221598 -0.7241543639780006 -1.852248120773241 -3.3444319847234647 -5.467314984152188 -8.317000373455096 -11.116739626960964 -12.999536718454944 -14.115918967546051 -14.22235590521009
-2.138146691197684 -4.892073282213851 -5.605097427730232 -5.162815783844709 -4.681266143539443 -4.065034164636638 -3.1002126034813804 -1.9118390276207455 -0.7379326083358051 -0.23984907480117368 -0.37935379892394394 -1.0279646520675891 -1.7368553242766287 -2.3951109484707374 -2.9624301599033362 -3.2455730814562176 -3.218361048849554 -3.126735723870154 -2.9830975264400426 -3.3998894182636277 -5.118725401899735 -5.832782915742952 -5.1352592951291 -4.027143992652676 -3.1901156479160546 -2.5700946518148537 -2.3355200416232327 -2.008286738125377 -1.570827479765085 -1.2680505600023317 -1.225338002493138 -1.3248858179782754 -1.3014628025700077 -1.3207523446709337 -2.035843226840986 -3.5121821097797343 -5.190027816451373 -7.451726627784977 -9.920443560594592 -11.831830509131015 -13.115962883278392 -13.63815834443918 -13.666748201481624
-1.7661340935369632 -3.76122387654705 -4.17629348782591 -3.8249482567018958 -3.0981458668277098 -2.008286738125377 -0.8171575133931808 0.2709793347644269 1.0597838242487323 0.9182123634722914 0.40772841001563664 -0.14994603036649945 -0.49267985876688547 -1.1285458358795615 -2.0503103834166803 -2.753689757882598 -3.0757562197462778 -3.1002126034813804 -3.635497396782084 -4.490781915292796 -5.622664689286434 -6.271275542430079 -6.067013069825627 -5.103224876997205 -3.665809534369254 -2.2380389627917663 -1.9858970910439444 -2.135391042326123 -1.873604399527838 -1.4829911719840814 -1.2525500350998016 -1.4585347882489788 -1.901160888243447 -2.4233563494042363 -3.525960354137539 -5.063267968359572 -6.882340679698707 -8.826795414693862 -10.663779843698142 -12.007503124693022 -12.971291317521445 -13.268212483432132 -13.171420316818555
-1.5728942164187556 -3.101245971808216 -2.7319890230190564 -2.2934963963319293 -1.6958650473121604 -0.896037962341611 -0.3531751346441152 0.3626046597438264 0.6808821044091098 0.7122276103231147 0.4438963014548727 -0.013196955115290177 -0.18714729013257125 -0.31494050655120764 -1.0710216656857279 -2.1577806894075553 -2.9145507607599654 -3.446735449080163 -3.980986874054031 -4.6364868493765785 -5.149037539486905 -5.4683483524790235 -5.110802911393997 -4.14804808689241 -2.8735604837954973 -1.8501813841195704 -1.58667246077656 -1.6314517549394245 -1.5532602182088842 -1.429256018988644 -1.5084809240460197 -2.0720111182802223 -2.656897591269022 -3.5631616139036106 -4.793558835055549 -6.2426856853876345 -8.118938110811657 -9.840529743319326 -11.067137947272869 -12.1569970759752 -12.66369201223346 -12.866921116511076 -12.759450810520201
-1.6979317839658312 -2.3034856234913375 -1.7261771848993304 -1.250483298446131 -0.9125718555709765 -1.1540355879414999 -0.8374804238209421 -0.716576329581208 -0.423444180868918 -0.0035521840648269354 0.08841759702351792 -0.23778233814750305 -0.2370934259296127 -0.27877261511197116 -0.6587077032784294 -1.696898415638996 -2.904905989709502 -3.5865846293118784 -4.014399116621707 -3.892117197946192 -3.759501596002324 -3.0475108188127784 -2.7419782501784646 -2.3210528850475383 -1.3100742052936356 -1.1461130974357623 -0.9487397470102135 -0.8522920365055819 -1.2380828785241071 -1.534659588325848 -2.2828182569546307 -2.8628823444181988 -3.6303305551479075 -4.577929310855909 -5.934053011772814 -7.451726627784977 -9.097193460215774 -10.311056788138348 -11.368881498708786 -12.023003649595552 -12.471485503442088 -12.514198060951282 -12.410861228267748
-2.076833503805454 -2.0747667671517833 -1.048632018604296 -0.5171362425019885 -0.7231209956511653 -0.9890411117567912 -1.332808308484013 -1.2184488803142357 -0.9576956058427863 -0.5347035040581889 -0.36006425682301746 -0.3972655165890897 -0.420688531997357 -0.5336701357313536 -0.9146385922246472 -1.604239722332761 -2.6713647478447164 -3.116746496710746 -3.203893892273859 -2.535649040920343 -1.5387930616331897 -0.8853598229643129 -0.98490763844945 -0.6139284091155646 -0.6704192109825633 -0.5271254696613967 -0.4809683510627516 -0.6872975603208737 -1.4302893873154794 -2.305207904036063 -3.018232049552444 -3.7223003362362523 -4.50249342299693 -5.697756121036468 -7.025978877128818 -8.411725803415003 -9.794717080829626 -10.752649519805981 -11.387482128591822 -11.953767971697586 -12.116006799010732 -12.159752724846761 -12.249655769281436
-2.342409163802135 -1.9225171669980439 -0.9301391171271773 -0.16475764305113927 -0.34731938079204827 -0.48510182437009286 -0.8199131622647418 -0.7809896219539438 -0.5767271493494928 -0.4410114424251188 -0.3170072432048787 -0.3366412414147497 -0.4771793338643553 -0.5953277792325289 -0.9470174664654878 -1.6293850182857539 -1.984174810499219 -2.1794814242710974 -1.672442031903893 -0.8161241450663455 -0.023186182274698375 -0.051431583208197296 -0.1403012593160362 -0.2546606874858135 -0.30908475269914115 -0.5522707656143897 -0.7155429612543727 -1.4674906470815516 -2.3275975511174956 -3.202860523947024 -3.891083829619357 -4.601352326264177 -5.656765844071999 -6.852028542111537 -7.984944684432008 -9.260465655855757 -10.216331358178442 -10.882509472878288 -11.399193636295955 -11.639279544230698 -11.79841826656334 -11.874543066640209 -11.969268496600115
-2.193948580846792 -1.7058542744715688 -1.0327870375928208 -0.2143593227392353 0.22482221616578224 0.08738422869668261 0.3557155375649246 0.397739182856228 0.4797197367851651 0.39980591950989863 0.43494044262230025 0.2826908424685608 0.09909573640081648 -0.18714729013257125 -0.5388369773655306 -0.8423028093461737 -1.0944446810939956 -0.8013125323817056 -0.0689988447643981 0.5148542598975658 0.40841732223352656 0.19278779803388657 -0.1940364123114735 -0.3083958404812508 -0.6459628272474602 -0.9731961307453161 -1.6910426617869287 -2.600062333293079 -3.363721526824391 -4.095346302223808 -4.7994145889076165 -5.820038039711982 -6.8754515575198045 -7.761392669726632 -8.861929937806263 -9.711703158573854 -10.427482952961796 -10.915577259337018 -11.239710457854368 -11.451895420964558 -11.471184963065484 -11.5476542192513 -11.820807913644773
-1.7878348284005052 -1.3228190813246044 -0.8698592980617827 -0.5601932561201273 0.020904199670276125 0.8665439471305247 1.346026850782121 1.6222806501561 1.7366400783258773 1.6594819099221723 1.6205583696113748 1.437996631870465 1.2433789303164775 0.9585137282188696 0.6047573043322401 0.30508048954999323 0.08841759702351792 0.4604301946842386 0.9047785752234323 0.9447354838610651 0.6057906726590754 -0.06314309091233117 -0.4558230551097586 -0.8013125323817056 -1.1616136223382925 -1.863959628477375 -2.7202775153149226 -3.442946431881767 -4.181115873351141 -4.927207805326253 -5.8775622099058165 -6.942964954873046 -7.855084731359701 -8.68040156839219 -9.232220254922257 -9.85499689989502 -10.48500712315563 -10.865975579648923 -11.144985027894464 -11.240743826181204 -11.266233578243142 -11.46154019201502 -11.760528094579378
-1.6820868029543559 -1.2546167717534726 -0.8071682862337726 -0.6108283041350586 -0.07967698414169666 0.8889335942119572 1.8861340296080553 2.298103535906409 2.4992659035303544 2.650826591466203 2.6976726222827385 2.6380817154352347 2.427963488978716 2.136209164702207 1.7728079697651142 1.442819017395697 1.179999006270577 0.9681584992693328 1.0208602839379348 0.7638960266648822 0.14697513554418684 -0.4947465954205561 -0.9907633923015169 -1.46266826155632 -2.018275965284785 -2.712355024809185 -3.4977149532040395 -4.150114823546081 -4.911707280423723 -5.729101626950473 -6.7066680641367 -7.605009596265551 -8.438937836021665 -9.071014795935946 -9.531897069704506 -9.893231527987927 -10.400959832573022 -10.665502124242868 -10.888365226730356 -11.005480303771693 -11.225243301278674 -11.45947345536135 -11.641346280884369
-1.993819581549682 -1.5064141873923491 -1.0641325435068256 -0.49784670040106205 0.23067797001784918 1.2433789303164775 2.190633229915534 2.622581190532704 2.8206434531761437 3.0228391891269237 3.0335173285042223 3.0424731873367956 2.9260470225133477 2.7190289010373356 2.4055738418972843 2.062840013496898 1.8000200023717778 1.4417856490688616 0.9202791001259629 0.16350902877355233 -0.6587077032784294 -1.2084596531548275 -1.5670384625666887 -1.9858970910439444 -2.5983400527483527 -3.363721526824391 -4.149081455219246 -4.842471602525755 -5.477304211311596 -6.220296038306202 -7.038723753159788 -7.80513859556266 -8.48027256909508 -9.064125673757044 -9.532930438031341 -9.93318843662556 -10.217364726505277 -10.41163797195032 -10.628645320585742 -10.800528918949352 -11.064037842292363 -11.295512347503477 -11.44397293045882
-2.75851214340783 -2.1619141627148966 -1.6032063540059256 -0.6108283041350586 0.4769640879136037 1.4817425577064944 2.1537764262584074 2.428996857305551 2.6811387290533735 2.879200991696812 2.88712348220255 2.886090113875715 2.716273252165775 2.565745932556761 2.36355019660598 2.0686957673489643 1.8000200023717778 1.4572861739713914 0.826587038492892 -0.180258167953669 -1.1578246051398962 -1.7671674618637985 -2.159847426061226 -2.6303744708802483 -3.280018692350729 -4.015088028839597 -4.67162137248898 -5.233084830069512 -5.772158640568612 -6.458659665696219 -7.129660165921297 -7.790671438986966 -8.381413665827832 -8.938054737883133 -9.455772269627635 -9.865675039272318 -9.995879448453572 -10.175341081213974 -10.30244538541472 -10.552520520508871 -10.80914032167298 -11.01133605762376 -11.176330533808468
-3.1215688822359775 -2.5446048997529154 -1.8102244754819374 -1.083766541716697 -0.30529573550074485 0.6994827342921464 1.62159173793821 2.0483728569212034 2.2963812553616836 2.5168331650865547 2.492721237460397 2.3948957025199857 2.2553909783972155 2.0659401184774038 1.8578886286745564 1.62159173793821 1.3439601141284494 0.9047785752234323 0.3429706615339554 -0.6266732851465338 -1.6469522798419547 -2.3100302895612943 -2.8122472964032674 -3.301374971105326 -3.844237798802822 -4.454614023853559 -4.973364923924898 -5.452847827576493 -5.93508638009965 -6.59816438981899 -7.292587905452335 -7.909853252681975 -8.412759171741838 -8.747570509636486 -9.168495874767412 -9.511229703167798 -9.74373757670575 -9.966600679193236 -10.017235727208167 -10.320012646970921 -10.628645320585742 -10.840485827586985 -10.991702059413889
-2.7447338990500256 -2.4116448417001024 -1.734099675405068 -1.6286961060678635 -1.086522190588258 -0.38934302608335214 0.5744451667450705 1.3518826046341874 1.719072816769676 2.1389648135737676 2.3325491468009205 2.1010746415898054 1.7249285706217434 1.495520802064299 1.14383111483134 0.8520767905548303 0.44079619647436674 -0.0056189207184975665 -0.6714525793093986 -1.562216077041457 -2.402000070649639 -2.9204065146120324 -3.393344752193671 -3.841482149931261 -4.37848922377669 -4.877606125638157 -5.329876996683089 -5.649187809675206 -6.186194883520636 -6.851339629893646 -7.520273393465054 -8.109982251979085 -8.45271608037947 -8.74653714130965 -8.858140920607868 -9.126472229476109 -9.463350304024429 -9.744770945032585 -9.863952758727592 -10.111961157168073 -10.42231611132762 -10.650001599340337 -10.797428813968846
