static/data/ASCData/20210119/ASCV/06.asc
ncols 97
nrows 97
xllcorner 99.0
yllcorner 2.0
cellsize 0.25
NODATA_value -32767
[rows 76 to 94 of 97, columns 0 to 42 of 97]
-0.896176795830828 -1.050607072132462 -1.144344226743498 -1.450844491281021 -1.735090611198658 -1.3163080715335274 -0.9538352614368968 -0.2595733860983267 0.5978855497860751 1.4728780541588717 2.329325438015097 2.649650246937701 1.9651667078715054 1.0891626514705317 0.4444668255126176 -0.37185566122593405 -1.2047001644247044 -2.17848758354942 -3.15598402677745 -3.724476266612724 -4.050533203694996 -4.413680381810411 -4.90226001141973 -5.41680280975225 -5.974505161286972 -6.530184408765342 -6.906144579237662 -7.241979852592307 -7.73426850630494 -8.087637348147982 -8.348280587408164 -8.592401810208127 -8.832814008904776 -9.048611774915793 -9.231365508006373 -9.496729323398046 -9.751640434498562 -10.010597753711782 -10.374756483855373 -10.515362215771926 -10.63169069901224 -10.747007630224378 -10.813095696065252
-1.2839384066318746 -1.4002668898721888 -1.5476163019765865 -1.4801795000981437 -1.755658835771583 -1.8777194471715648 -1.528059629431838 -0.9322554848357947 -0.10143408569337797 0.5813635333258564 1.5929155615025001 2.2305305232631785 2.117236696107394 1.2355005115467526 0.25328349218723156 -0.5731545148330861 -1.652143344888173 -2.6754968133935444 -3.672549929166323 -4.154048694578406 -4.468641375341342 -4.838532233644601 -5.331832439385412 -5.909091463464883 -6.464770710943252 -6.847474561603416 -7.178589258826571 -7.433500369927085 -7.822947900775093 -8.12675069323748 -8.371883468065619 -8.619039346950112 -9.012533085910826 -9.235074532109689 -9.257665860738967 -9.451883850148882 -9.638346607342775 -9.876735701983073 -10.290797665516711 -10.453994726062543 -10.57200912934982 -10.708905837163059 -10.777017007060286
-1.5213159492439938 -1.7067671544097118 -1.8854746793875856 -1.7185685947384395 -1.8102826452931218 -1.9323432566931034 -1.659898577104194 -1.1072539857103543 -0.6277783243546251 -0.0849120692331593 0.7199461611860567 1.5811141211737727 1.6067401058875816 1.1437864609920707 0.16123225762315707 -0.948103133277229 -2.0817157728538547 -3.141485114373585 -4.058288435911017 -4.540798753351276 -4.773118535822512 -5.140311922050634 -5.6737370249091175 -6.251670417007373 -6.737215390532162 -7.101374120675754 -7.387643344649744 -7.648286583909925 -7.942985408118721 -8.176653926627527 -8.435274061831354 -8.743797430425232 -9.137628353395339 -9.390516360439499 -9.388493256383146 -9.39523693657099 -9.520332204055501 -9.765464978883642 -10.134681469168116 -10.290797665516711 -10.464784614363094 -10.601344138166942 -10.65124737155699
-1.54357009386388 -1.6804668016771191 -1.747903603555562 -1.719580146766616 -1.8611974307113461 -1.776227060344508 -1.4039759139755033 -1.1639008992882465 -0.9518121573805431 -0.5798981950209305 -0.001627618913282447 0.817729523909799 0.9836240565307683 0.6133960142181172 0.11840988843034594 -0.9801356141694892 -2.3531489004145874 -3.444950722826578 -4.261610393574522 -4.820998665156206 -4.997683086077727 -5.3436338797141385 -5.8689665663472095 -6.399357013121163 -6.872763362307833 -7.267268653296723 -7.521168212369061 -7.804402780258521 -8.089660452204335 -8.342548459248496 -8.595436466292657 -8.91272661913073 -9.166626178203067 -9.400294696711873 -9.454918506233412 -9.426595049444465 -9.46671994656214 -9.692296048845531 -10.010597753711782 -10.182561598501811 -10.363966595554823 -10.45669219813768 -10.48703875898298
-1.4862488122672035 -1.3689087769987127 -1.381721769355617 -1.6072978716390085 -1.969433497726247 -1.823095637650026 -1.1453557787716746 -0.9363016929485015 -1.0074475189302587 -0.8847125395114928 -0.49391627262591564 -0.08187741314862951 0.17505680200823814 0.2276575074734235 -0.10244563772155457 -0.7987306171164779 -2.138362686431747 -3.4469738268829317 -4.320954779227552 -4.984195725702039 -5.204714067844547 -5.516272092522953 -5.969447401146089 -6.499837847920043 -6.9665005169188685 -7.3424606873911875 -7.661773944285614 -7.970634496888883 -8.228243080064535 -8.524290640310898 -8.79370066381528 -9.067156895432365 -9.240132292250571 -9.29172144568758 -9.404003720815187 -9.444128617932861 -9.516285995942795 -9.728374737850498 -9.90809381485655 -10.052408570876416 -10.150191933600158 -10.23111609585429 -10.27697312113163
-1.5260365253754848 -1.6491086888036433 -1.9374010168339866 -2.3659618927714914 -2.4576759433261737 -1.8355714459975379 -1.023295167371693 -0.767372504243002 -0.6217090121855651 -0.6844252379325173 -0.8756085712579029 -0.9130359963004389 -0.8260425218772474 -0.7926613049474178 -0.8600981068258609 -1.1413095706589678 -1.9148096882047083 -3.312437407135438 -4.26430786564966 -4.9676737092418195 -5.353412215986513 -5.670702368824587 -6.0719513400013225 -6.531870328812303 -6.975267301163065 -7.369772592151957 -7.785857659741949 -8.122704485124771 -8.4420177420192 -8.771109335186 -9.038833438643419 -9.231365508006373 -9.260363332814105 -9.26744419701134 -9.400294696711873 -9.387481704354968 -9.540900428628426 -9.696005072948847 -9.897303926555997 -10.035886554416198 -10.082755131721715 -10.12591468492392 -10.180538494445457
-1.2994488710639167 -1.443089259065 -1.8298393178378702 -2.1727554553897526 -2.0827273248820313 -1.5182812931594638 -0.9821587182258424 -0.9049435800750256 -0.7849060727313972 -0.8853869075302772 -0.9656367017656242 -1.0047500468551211 -1.0243067193998696 -1.1082655377385309 -1.1170323219827285 -1.234035173241827 -1.9734797058389537 -3.422696578206692 -4.328035643424789 -4.8951791472224935 -5.473449723330141 -5.916846695680904 -6.267518065448806 -6.5817735622023505 -6.958745284702847 -7.402142257053609 -7.774056219413222 -8.174630822571173 -8.609261010677738 -8.794712215843456 -9.067156895432365 -9.321056454504703 -9.377703368082596 -9.32510266261741 -9.356123591481493 -9.419851369256621 -9.580013773717923 -9.611034702582007 -9.801543667888609 -9.900338582640527 -9.886514038255447 -9.909105366884724 -10.029142874228352
-0.8482966664971334 -0.9332670368639717 -1.7967952849174331 -2.2840261784891833 -1.983258042111328 -1.3075412872893297 -0.7859176247595738 -0.6210346441667807 -0.5836072191242447 -0.8014280891916155 -0.4403040151325537 -0.3297076600519073 -0.5748404348800475 -0.7235385830220142 -0.8766201232860795 -1.4967015165583621 -2.358206660555471 -3.153960922721097 -4.390414685162348 -4.981161069617508 -5.502784732147264 -5.969447401146089 -6.322141874970345 -6.605376442859805 -6.912888259425506 -7.33672855923152 -7.642217271740866 -8.109217124749083 -8.538789552714764 -8.743797430425232 -9.025008894258338 -9.279920005358854 -9.36489037572569 -9.361181351622376 -9.377703368082596 -9.497740875426224 -9.47144052269363 -9.472452074721808 -9.572932909520688 -9.661949488000232 -9.704771857193043 -9.736129970066518 -9.837622356893576
-0.24473728968506947 0.14673334521929204 -0.29565207510329383 -1.0243067193998696 -1.061396960433013 -1.1335543384429472 -0.7771508405153762 -0.5485400821474546 -0.48514948838171845 -0.5650620986076733 0.04422940636405848 -0.289919946943626 -1.2731485183313238 -1.3463174483694345 -1.3581188886981619 -1.9286342325897892 -2.4725120397394313 -3.185319035594573 -4.774130087850688 -5.172681586952286 -5.603265566946144 -6.022385290620667 -6.372719476379178 -6.59829557866257 -6.878832674476892 -7.158021034253646 -7.471602162988406 -7.866107453977296 -8.237009864308732 -8.577902897804261 -8.902948282858357 -9.184496930700856 -9.377703368082596 -9.39220228048646 -9.359158247566022 -9.481218858966004 -9.376691816054418 -9.298465125875424 -9.263397988898634 -9.30251133398813 -9.356123591481493 -9.3601697995942 -9.433338729632311
0.7941266432523442 1.3909423398765641 1.8400714403869936 1.0969178836865527 -0.3748903173104643 -0.5701198587485563 -1.0758958728368784 -0.8600981068258609 -0.6432887887866667 -0.6911689181203613 -0.31116253953533546 -0.8698764430982351 -1.6305635682870714 -1.6197736799865206 -1.6433765606439756 -2.0817157728538547 -2.5770390826510177 -3.5457687416348502 -5.364876472305848 -5.606300223030674 -5.796809188337275 -6.137365037823412 -6.301573650397421 -6.524115096596282 -6.724402398175258 -6.973581381116104 -7.276035437540921 -7.634462039524845 -8.00367852980932 -8.346594667361202 -8.648374355767235 -9.01624211001414 -9.21855251564947 -9.331846342805253 -9.35713514350967 -9.39523693657099 -9.373657159969888 -9.265421092954988 -8.966676060633485 -8.980163421009173 -9.063110687319657 -9.067156895432365 -9.021299870155023
2.0501370782383432 2.5842365491156114 2.9601967195879304 2.117236696107394 0.6575671194484971 -0.5633761785607119 -1.0671290885926807 -0.7360143913695261 -0.4969509287104459 -0.6871227100076549 -0.715446166796601 -1.0789305289214082 -0.7663609522148254 -0.7849060727313972 -1.535814861647859 -2.0045006347030374 -2.7388874071592806 -3.8681166546138077 -5.956971592798578 -6.087798988442756 -6.148154926123963 -6.197046607485834 -6.357209011947136 -6.499837847920043 -6.701811069545979 -6.839719329387395 -7.13273223354923 -7.452045490443657 -7.781137083610458 -8.085614244091628 -8.354349899577223 -8.715473973636286 -9.0007316455821 -9.120769152925728 -9.29172144568758 -9.292732997715756 -9.453906954205236 -9.159882498015225 -8.90800604299924 -8.699963509204244 -8.780887671458375 -8.831802456876598 -8.792689111787102
2.6887635920271977 3.279509976482358 3.217130934744798 2.3431499824001785 1.1009640917992591 -0.11997920620994984 -0.5623646265325353 -0.2029264725204345 -0.2730607464740151 -0.5623646265325353 -0.7791739445717294 -1.1392864666026146 -0.6355335565706461 -0.6169884360540743 -1.3689087769987127 -2.0426024277643577 -2.839705425967553 -4.272400281875073 -6.462747606886899 -6.54670642522556 -6.344396019590231 -6.374742580435531 -6.344396019590231 -6.4870248555631385 -6.663709276484659 -6.784083967837679 -7.055517095398413 -7.326950222959145 -7.607150134764075 -7.855317565676746 -8.1345059254535 -8.328723914863415 -8.613981586809228 -8.913738171158908 -9.114025472737882 -9.249910628522946 -9.296779205828464 -8.409985261126938 -8.838546137064444 -8.585658130020281 -8.558346225259513 -8.609261010677738 -8.655118035955079
2.3643925749918875 3.420115708398912 3.365491898877373 2.7315859612200093 1.552790664384827 0.45829136989769825 0.038160094194998884 -0.1139098940408898 -0.4763827041375208 -0.7174692708529542 -1.0310503995877136 -1.6727115694610981 -1.5661614224931584 -1.489957836370518 -1.608309423667185 -2.139374238459923 -3.1424966664017617 -4.68915971748385 -6.823871680945961 -6.845451457547062 -6.568960569845447 -6.545694873197384 -6.474549047215627 -6.478258071318941 -6.643478235921126 -6.7948738561382305 -7.082829000159181 -7.239956748535954 -7.517459188265747 -7.745058394605492 -7.909941375198285 -8.070103779659586 -8.364128235849599 -8.705021269345126 -8.940375707900891 -9.300488229931776 -8.714462421608108 -6.667755484597366 -7.904209247038617 -8.827081880745109 -8.717497077692638 -8.516535408094878 -8.582960657945144
1.7072209406864616 2.943674703127712 3.466984285704429 3.036400305710571 2.227833051188041 1.0726406350103135 0.1652784657358639 -0.18842756011656947 -0.8112064254639897 -1.015539935155672 -1.386442345487108 -1.8649064548146606 -1.8365829980257145 -1.9303201526367502 -1.9606667134820495 -2.225356160854938 -3.257476413604507 -4.912712715710889 -6.981336613332125 -7.006625414036542 -6.758457983123872 -6.7223792941189044 -6.679556924926093 -6.6755107168133865 -6.744970622748182 -6.884564802636559 -7.127674473408346 -7.166787818497843 -7.4618238267160315 -7.556572533355244 -7.7039219454596415 -7.839469917235312 -8.128773797293832 -8.469666830789361 -8.70873029344844 -9.051646431000323 -8.1345059254535 -5.880768006675937 -7.752813626821513 -8.84562700126168 -8.691196724960045 -8.425495725558982 -8.351315243492692
0.6204768784153534 1.9014389300963765 2.8978176778503713 3.311879641384011 2.7757570664503897 1.6232621223477999 0.48931229876178195 -0.1122239739939288 -0.6200230921386041 -1.0681406406208573 -1.5516625100892931 -1.703732498325182 -1.554359982164431 -1.900310775800843 -2.319093315465974 -2.6198614518438292 -3.448996930939285 -5.102210128989313 -7.1930881712304355 -7.0983394645912234 -6.891308482824404 -6.902098371124955 -6.861973474007281 -6.8093727685420955 -6.825894785002314 -6.930421827913901 -7.2008434034464575 -7.288848429897825 -7.465532850819345 -7.4763227391198965 -7.62299778320551 -7.786869211770126 -7.985133409292748 -8.257578088881658 -8.464609070648478 -8.443029294047376 -8.110228676777261 -7.051470887285706 -8.139563685594382 -8.588692786104811 -8.527999664414214 -8.366825707924736 -8.214755719688846
-0.08862109333647394 1.0109359612915378 1.952353715514601 2.697530376271396 2.8185794356432003 2.2484012757609655 1.1916665903257648 0.2580040683187228 -0.3873661256579761 -1.144344226743498 -1.5145722690561496 -1.7613909639312506 -1.975502809895307 -2.5153344089322425 -3.0008793824570317 -3.200829500026615 -3.645238024405554 -5.012519182490984 -7.116884585107796 -7.020449958421622 -6.841742433443748 -6.996847077764167 -7.057540199454766 -7.078782792046475 -7.12666292138017 -7.143184937840388 -7.20286650750281 -7.355273679748091 -7.501611539824313 -7.677621592727048 -7.702910393431464 -7.816204220587249 -7.956809952503802 -8.154062597998248 -8.350303691464518 -8.144284261725874 -7.614905366980096 -7.357296783804444 -7.87588579024967 -8.31422500245955 -8.372895020093795 -8.139563685594382 -7.877571710296632
-0.5798981950209305 0.5928277896451917 1.6829436920102214 2.1603962493095974 2.468919617903474 2.306734109385819 1.811747983598048 0.872353333431338 0.19259037049663297 -0.43322315093531705 -0.9265233566761273 -1.6561895530008797 -2.1363395823753932 -2.9071422278459957 -3.3953846734459225 -3.4938424041884493 -3.836758541740332 -4.733330822714231 -6.704845725630509 -7.1317206815210525 -6.950990052486826 -7.002579205923835 -7.1529632741127624 -7.211633291747008 -7.251758188864681 -7.33672855923152 -7.4216989295983575 -7.61996312712098 -7.5700598937309325 -7.712688729703839 -7.7106656256474855 -7.808448988371228 -7.945008512175074 -8.018177442213187 -8.08291677201649 -7.895442462794419 -7.284802221785118 -7.2264693881602655 -7.689085849046384 -8.092695108288865 -8.120007013049634 -7.914661951329776 -7.695155161215443
-1.009470622986612 -0.05557706041603705 1.202456478626316 2.0980172075720382 2.24907564377975 2.0450793180974607 1.5743704409859287 1.0578045385970558 0.5715851970534822 0.5921534216264073 -0.15201168710221014 -1.3365391120970602 -2.552424649965386 -3.3933615693895693 -3.9460061607834094 -4.031988083178424 -4.007710834502184 -4.555297665755141 -5.650134144251663 -6.725413950203434 -7.031914214740958 -7.090584232375203 -7.26524554924037 -7.400119152997256 -7.434511921955262 -7.538701780857456 -7.5768035739187765 -7.695155161215443 -7.67930751277401 -7.7116771776756625 -7.722467065976213 -7.768324091253554 -7.82092479671874 -7.898139934869557 -7.869816478080611 -7.612207894904959 -7.20286650750281 -7.237259276460817 -7.6024295586325845 -7.89712838284138 -7.9058951670855775 -7.591639670332034 -7.303347342301691
-0.8004165371634389 -0.3563451967938924 0.7132024809982127 1.7345328454472302 1.9250418107538323 1.6563061552682372 0.6936458084534642 0.18281203422425873 0.1973109466281242 0.690611152368934 0.1642669137076873 -1.2566265018711054 -2.583782762838862 -3.6961528098237784 -4.239019064945244 -4.218450840372318 -4.192150487639726 -4.1355035740618336 -4.875622474677745 -5.802541316496943 -7.1462195939249185 -7.278058541597274 -7.322904014846439 -7.450022386387304 -7.557246901374028 -7.643228823769043 -7.73426850630494 -7.733256954276764 -7.781137083610458 -7.727187642107704 -7.744046842577315 -7.730222298192234 -7.772370299366261 -7.72347861800439 -7.6637970483419675 -7.444290258227636 -7.158021034253646 -7.183309834958061 -7.506669299965195 -7.699875737346935 -7.432488817898909 -7.122953897276855 -7.017415302337092
