static/data/ASCData/20210119/ASCV/09.asc
ncols 97
nrows 97
xllcorner 99.0
yllcorner 2.0
cellsize 0.25
NODATA_value -32767
[rows 38 to 56 of 97, columns 43 to 85 of 97]
-7.057350100830343 -7.049670584880364 -6.948739803823491 -7.045647981287518 -7.254457676879815 -7.439131750915033 -7.59820743845032 -7.745946697678496 -7.9829146184207165 -8.305454288319853 -8.691258541997389 -8.843386096054124 -8.725267826918726 -8.668585685383164 -8.551564489954906 -8.582648244990537 -8.659809095726043 -8.718319693440172 -8.781949968454288 -8.724170753211586 -8.732215960397278 -8.783047042161428 -8.957847452832388 -9.132647863503347 -9.275267445431536 -9.460672901938182 -9.540759282559396 -9.544781886152242 -9.495779260566659 -9.268319311952983 -8.984908604275171 -8.477329169105104 -7.995713811670683 -7.354291384229546 -6.758580361252573 -5.960642084926142 -4.979126808271632 -3.8169600611747496 -3.1188554921980507 -2.4752389173426343 -1.6502394895734187 -0.033884227720611726 0.4290808766924319
-7.190096019394272 -7.195947079165686 -7.147310144815815 -7.274205003608332 -7.469484123479237 -7.653061123807316 -7.799337618092638 -7.929523698006575 -8.151863969320264 -8.535839766819233 -8.923472476675336 -9.045613349403581 -8.974303558439486 -8.967355424960934 -8.967355424960934 -8.976132014618052 -8.942122729696715 -8.967355424960934 -8.994782267639431 -8.98125169191804 -8.979057544503759 -9.070846044667798 -9.240892469274485 -9.361936268295588 -9.497607716745225 -9.5711116551236 -9.627793796659162 -9.55355847580936 -9.425566543309705 -9.073040192082079 -8.652860962247491 -8.099204431377547 -7.548473430393312 -6.883646763866523 -6.191027563425523 -5.405888480349058 -4.422544747515982 -3.395318066397309 -2.990863559698394 -2.903097663127201 -2.0016687670939044 -0.23501440736292945 0.48576301822799417
-7.3934203464508705 -7.359045370293819 -7.363067973886665 -7.551398960279018 -7.7817844387783985 -7.933180610363708 -7.98108616224215 -8.112003624627514 -8.437103133176642 -8.82985552033273 -9.130453716089066 -9.240892469274485 -9.259542722295864 -9.297574610810047 -9.28002143149581 -9.22041376007454 -9.185307401446064 -9.13740184956762 -9.141424453160466 -9.201032124581735 -9.239795395567345 -9.322807306074266 -9.463598431823888 -9.575865641187873 -9.668751215059052 -9.740792388494572 -9.648272505859106 -9.540759282559396 -9.266125164538703 -8.832781050218438 -8.352262766491155 -7.919650034642315 -7.3502687806367 -6.653992667838567 -5.960642084926142 -5.33969836668495 -4.423641821223121 -3.7174920450607303 -3.2830508570333246 -3.5759695368396818 -3.0007372230626532 -0.9236110042110823 1.4797117968967566
-7.601132968336026 -7.593453452386047 -7.662934787171576 -7.8775955425352855 -8.094450445313274 -8.161006250213097 -8.210740258270105 -8.531817163226387 -8.859110819189794 -9.116923140367675 -9.390460184681228 -9.4694494915953 -9.482248684845267 -9.533079766609415 -9.568917507709319 -9.507481380109484 -9.40399076040262 -9.356085208524176 -9.325732835959972 -9.39631124445264 -9.506384306402344 -9.574768567480733 -9.680453334601877 -9.730187342658887 -9.821975842822926 -9.779921350715897 -9.686304394373291 -9.439097119031096 -9.116923140367675 -8.645181446297512 -8.170514222341643 -7.822010474706863 -7.273107929901192 -6.578660273281626 -6.0114731666902905 -5.38833530103482 -4.87161358497192 -4.285776225359206 -3.656055917460895 -4.058316276745531 -3.4578512677042843 -1.275040281731568 1.1143862524191652
-7.759477273399888 -7.962435909220773 -8.090427841720429 -8.260474266327115 -8.369815945805394 -8.434177603290935 -8.67370536268315 -8.994782267639431 -9.274170371724397 -9.474203477659573 -9.657780477987652 -9.664728611466206 -9.62194273688775 -9.69288683661613 -9.763465245108797 -9.738963932316006 -9.635473312609141 -9.563066447937906 -9.530885619195136 -9.602195410159231 -9.724336282887474 -9.782846880601603 -9.825998446415772 -9.86988139470137 -9.914861416694105 -9.871709850879936 -9.665825685173346 -9.40399076040262 -9.023306184025069 -8.593618982061935 -8.142355997191718 -7.826033078299709 -7.264331340244073 -6.727130914981229 -6.1588467346827525 -5.60519020381281 -5.159046896242578 -4.584545964936976 -3.864865613053192 -3.8824187923674307 -2.775105730627544 -0.8354794164041757 -0.7886709382328727
-8.107981021034668 -8.396145714776752 -8.493785274712204 -8.676630892568856 -8.742821006232964 -8.984177221803746 -9.218585303895974 -9.496876334273798 -9.775167364651624 -9.788697940373016 -9.881583514244195 -9.731284416366027 -9.734209946251733 -9.78686948419445 -9.872806924587076 -9.879755058065628 -9.873538307058503 -9.793817617673001 -9.712634163344648 -9.790892087787295 -9.835506418544318 -9.886337500308468 -9.929489066122638 -9.95179623150115 -9.987999663836767 -9.874635380765643 -9.650100962037673 -9.3952141707455 -8.987102751689452 -8.649935432361785 -8.15588657291311 -7.822010474706863 -7.322110555486775 -6.7808875266310835 -6.109112726625744 -5.5210812195987495 -4.974372822207359 -4.3121059943305635 -3.68311706890368 -2.9703848504984487 -1.7866423204944815 -1.4615428119453535 -1.7983444400373072
-8.595447438240502 -8.860207892896936 -8.731118886690139 -9.061338072539252 -9.047441805582148 -9.340360485388505 -9.529788545487996 -9.781749806894464 -10.04468180537233 -10.052361321322309 -10.008478373036711 -9.764196627580224 -9.772241834765918 -9.691058380437564 -9.797474530030135 -9.906084827036986 -9.941191185665463 -9.903890679622707 -9.816124783051514 -9.90315929715128 -9.917786946579813 -9.9861712076582 -10.016157888986692 -10.009575446743852 -10.018352036400971 -9.895114089965588 -9.615725985880623 -9.346211545159917 -8.994782267639431 -8.710640177490193 -8.14710998325599 -7.737170108021376 -7.228127907908457 -6.65874665390284 -5.962470541104708 -5.151001689056885 -4.483980875115817 -3.6246064711895514 -3.1258036256766033 -2.310312170035934 -2.5593479015566944 -2.3472469848429776 -2.5143678795639577
-8.958578835303815 -9.416789953652584 -9.083645237917764 -9.346211545159917 -9.31988177618856 -9.56123799175934 -9.655952021809085 -9.78467533678017 -10.039562128072342 -10.173405120343412 -10.23410986547182 -10.0933187397222 -9.90315929715128 -9.717388149408922 -9.749568978151693 -9.787600866665876 -9.82892397630148 -9.903890679622707 -9.95069915779401 -10.010306829215278 -10.063332058393708 -10.062234984686569 -10.068086044457981 -10.069914500636548 -10.05930945480086 -9.875732454472782 -9.551364328395081 -9.256617192410157 -8.940294273518148 -8.615926147440447 -7.975235102470737 -7.495813892450595 -6.871944644323698 -6.300369242903802 -5.464399078063187 -4.429492880994535 -3.6052248356967462 -2.8365418582273794 -2.780956790398957 -2.4635367977998084 -3.478329976904229 -3.4724789171328165 -3.541594560682631
-9.413864423766878 -9.714462619523214 -9.545513268623669 -9.647175432151966 -9.721410753001768 -9.928391992415499 -9.900233767265574 -9.898039619851295 -10.156949014736314 -10.392454170535682 -10.396111082892816 -10.373803917514303 -10.380386359757143 -10.164628530686294 -10.053458395029448 -9.955818835093996 -9.878657984358489 -9.95179623150115 -10.104289476793598 -10.152926411143468 -10.137567379243508 -10.050532865143742 -10.064063440865135 -10.039562128072342 -9.97629754429394 -9.772241834765918 -9.464695505531028 -9.13630477586048 -8.735872872754411 -8.28972956518418 -7.529823177371933 -6.9421573615806516 -6.1518986012042 -5.465496151770328 -4.595516702008375 -3.701035939453632 -3.2761027235547715 -2.82666819486312 -3.312306155890389 -3.4070201859401346 -4.06709286640265 -4.27517117952352 -4.829924784100603
-10.232281409293256 -10.09551288713648 -10.141224291600642 -10.064063440865135 -10.019083418872398 -10.173405120343412 -10.268119150393158 -10.311270716207328 -10.475100389806888 -10.686104232813467 -10.704754485834844 -10.522274559213905 -10.422440851864174 -10.239960925243235 -10.158046088443454 -10.149269498786335 -10.058212381093721 -9.999701783379592 -10.144149821486348 -10.186204313593379 -10.11782005251499 -10.019083418872398 -9.989096737543907 -9.90206222344414 -9.73713547613744 -9.50930983628805 -9.187135857624629 -8.848505773354109 -8.295580624955592 -7.828958608185415 -6.994816899523368 -6.2780620775252896 -5.485974860970272 -4.818222664557778 -4.128528994002485 -3.8747392764174515 -3.7573523897534806 -3.8432898301461074 -4.416693687744569 -4.615995411208321 -5.019352844200095 -5.274971017963695 -5.321779496134998
-10.697806352356292 -10.415858409621334 -10.6678196710278 -10.373803917514303 -10.404887672549934 -10.442919561064118 -10.595412806356567 -10.691223910113452 -10.796542985998885 -10.84152300799162 -10.918683858727128 -10.726330268741929 -10.540559120999571 -10.36795285774289 -10.173405120343412 -10.196809359429064 -10.155851941029175 -10.091490283543633 -10.12549956846497 -10.098438417022185 -10.038830745600917 -9.886337500308468 -9.812102179458668 -9.659974625401933 -9.482980067316692 -9.186038783917489 -8.849237155825536 -8.410773364205284 -7.759477273399888 -7.2837129757368775 -6.492722832889001 -5.823873562769366 -5.225237009906686 -4.646347783772525 -4.534811956879967 -4.425470277401688 -4.773242642565041 -5.042757083285746 -5.413933687534751 -5.705755293633969 -6.010376092983151 -5.757683449105258 -5.500602510398805
-11.109940375005186 -10.771310290734666 -11.030951068091113 -10.738032388284756 -10.908810195362868 -10.93331150815566 -11.07373694266957 -11.164794060362182 -10.96439526319129 -10.997673165641201 -11.082879223562403 -10.98194844250553 -10.796542985998885 -10.565060433792363 -10.326995439343001 -10.268119150393158 -10.224236202107562 -10.045413187843756 -10.079788164000806 -9.958744364979703 -9.928391992415499 -9.751763125565972 -9.597441424094958 -9.415692879945444 -9.162634544831839 -8.863864805254067 -8.45465631249088 -7.992788281784977 -7.3016318462868295 -6.87779570409511 -6.20382675667549 -5.724405546655347 -5.215363346542427 -5.105290284592722 -5.001799664885857 -5.149173232878319 -5.43038979314185 -5.690030570498296 -5.860076995104983 -6.1968786231969375 -6.309145832560921 -6.157018278504186 -5.7097778972268145
-11.44125663456144 -11.059109293241036 -11.217453598304898 -11.156017470705063 -11.339594471033141 -11.328623733961743 -11.470511933418505 -11.417486704240076 -11.216356524597758 -11.173570650019302 -11.189295373154973 -11.201728875169225 -11.007546829005461 -10.760339553663266 -10.414761335914195 -10.354056590785785 -10.173405120343412 -9.992022267429613 -10.003724386972438 -9.842454552022872 -9.823072916530066 -9.633644856430575 -9.466523961709594 -9.198106594696029 -8.945048259582421 -8.603126954190483 -8.192090005248728 -7.679390892778674 -7.036871391630397 -6.685076422874198 -6.228328069468281 -5.860076995104983 -5.785841674255182 -5.6754029210697645 -5.6988071601554156 -5.844352271969311 -5.785841674255182 -5.97819526424038 -6.039631391840215 -6.354125854553658 -6.423607189339185 -6.625834442688642 -6.1628693382756
-11.6902923660822 -11.279986799611873 -11.462466726232812 -11.550598314039718 -11.691023748553627 -11.665791053289409 -11.723204577296398 -11.670545039353682 -11.468317786004224 -11.427360367604335 -11.266456223890481 -11.303391038697525 -11.044481643812505 -10.895279619641476 -10.547507254478123 -10.410738732321347 -10.230087261878975 -9.967520954636822 -9.985074133951061 -9.78467533678017 -9.774070290944483 -9.559409535580773 -9.411670276352599 -9.13630477586048 -8.923472476675336 -8.58081978881197 -8.006684548742081 -7.466558593593531 -6.974338190323422 -6.680322436809925 -6.424338571810612 -6.311339979975202 -6.312071362446627 -6.375701637460743 -6.399105876546393 -6.348274794782245 -6.222477009696869 -6.292689726953823 -6.376798711167883 -6.652164211660001 -6.670448773445667 -6.955687937302043 -5.657849741755525
-11.787931926017654 -11.451861680397126 -11.941156553781529 -11.938231023895822 -12.053423763145512 -11.891422545724518 -11.942985009960095 -11.938231023895822 -11.7809837925391 -11.588630202553903 -11.334474793733156 -11.336668941147435 -10.93221443444852 -10.919780932434268 -10.754488493891854 -10.580785156928034 -10.279089887464558 -10.015426506515265 -9.936071508365478 -9.738963932316006 -9.758345567808812 -9.501630320338071 -9.393385714566934 -9.286969564974362 -9.07194311837494 -8.657980639547478 -8.061172542863364 -7.412801981943675 -6.957882084716324 -6.767356950909692 -6.750535154066879 -6.681419510517065 -6.842323654230919 -6.907051002952175 -6.921678652380706 -6.860973907252298 -6.8335470645738 -6.867922040730852 -6.990062913459095 -7.205820742529944 -7.154989660765795 -6.690927482645611 -5.245715719106631
-12.248702883016417 -11.733078240660658 -12.417652233915964 -12.324766660044785 -12.418749307623104 -12.244680279423571 -12.22127604033792 -12.184341225530876 -11.970411852638593 -11.762333539517721 -11.459541196347105 -11.447107694332853 -10.971343396669845 -11.003524225412615 -10.902959135591455 -10.65099787418499 -10.31821884968588 -9.968618028343961 -9.841357478315732 -9.650100962037673 -9.632547782723435 -9.428492073195411 -9.499801864159505 -9.424469469602565 -9.208711640531714 -8.77792736486144 -8.110906550920374 -7.402928318579416 -6.949836877530631 -6.779059070452517 -6.800634853359602 -6.8580483773665915 -7.076000353851722 -7.203626595115665 -7.22739652543703 -7.280787445851171 -7.344417720865287 -7.469484123479237 -7.621611677535972 -7.651232667628749 -7.439131750915033 -6.700069763538444 -5.310077376592172
-12.809307547364913 -12.273204195809209 -12.772007041322157 -12.724467180679426 -12.744945889879371 -12.448735988951595 -12.363895622266108 -12.215424980566507 -11.974434456231439 -11.87277229270314 -11.462466726232812 -11.427360367604335 -11.379454815725891 -11.28181525579044 -10.946842083877053 -10.55152985807097 -10.068086044457981 -9.647175432151966 -9.485174214730973 -9.351331222459903 -9.405819216581186 -9.38753465479552 -9.41861840983115 -9.21054009671028 -8.977229088325192 -8.58849930476195 -7.958778996863639 -7.278958989672605 -6.804291765716735 -6.646313151888588 -6.661672183788546 -6.7644314210239855 -6.856951303659452 -6.988965839751955 -7.131585421680144 -7.297609242693984 -7.462535990000685 -7.513367071764833 -7.630388267193091 -7.17656544367288 -6.836472594459506 -5.612869719762789 -3.8250052683604423
-13.158908368706832 -12.763230451665038 -13.010437727007231 -12.808210473657773 -12.846242362171957 -12.509440734080004 -12.366821152151815 -12.135338599945293 -11.845345450024642 -11.78208086624624 -11.461735343761385 -11.287666315561852 -11.349468134397402 -11.248537353340529 -10.850299597648739 -10.387334493235697 -9.86000773133711 -9.427394999488271 -9.26905069442441 -9.215659774010268 -9.285872491267222 -9.21163717041742 -9.13630477586048 -8.841557639875557 -8.556318476019179 -8.134310790006024 -7.513367071764833 -6.851100243888039 -6.298540786725235 -6.188102033539817 -6.144219085254221 -6.32669901187516 -6.393254816774981 -6.523075205453205 -6.558181564081682 -6.572077831038786 -6.628759972574349 -6.465661681446216 -6.429458249110599 -5.827896166362212 -5.012404710721542 -3.5192873953041195 -1.6246411030734875
-13.620776399412737 -12.951927129293102 -13.125630466256922 -12.877691808443302 -12.875497661029021 -12.55551782977988 -12.317087144094804 -12.054520836852653 -11.767453216817708 -11.693949278439334 -11.591555732439609 -11.394082465154424 -11.354222120461674 -11.115791434776598 -10.678424716863487 -10.271044680278866 -9.858179275158543 -9.55355847580936 -9.349137075045624 -9.099369961053437 -9.081816781739198 -8.955653305418108 -8.798406074061386 -8.49561373089077 -8.072143279934764 -7.5532274164575846 -6.897177339587914 -6.323773481989454 -5.890429367669187 -5.81326851693368 -5.5858085683200045 -5.760608978990964 -5.81326851693368 -5.909811003161993 -5.881652778012068 -5.617989397062775 -5.4969455980416715 -4.91586222449323 -4.514333247680021 -3.9548256570386653 -3.006588282834066 -1.984115587779666 -1.573810021309338
