static/data/ASCData/20210119/ASCV/12.asc
ncols 97
nrows 97
xllcorner 99.0
yllcorner 2.0
cellsize 0.25
NODATA_value -32767
[rows 0 to 18 of 97, columns 43 to 85 of 97]
2.037930467965418 1.3907467494571857 1.439558601644252 1.527283398931496 0.9415411726867036 -0.14836263174198105 0.5848391759350671 1.0272179202318337 1.693175428042784 2.222596286379423 2.1317994144790062 1.4852983792181456 1.1221108916164795 0.8681527235942617 0.9101377433076121 0.9766993599263385 0.8125140389334802 0.7910095166412763 0.4510332594502424 -0.23335669603973974 -0.5255451259147645 -0.47673327372769814 -0.5624100212728282 -1.2423625356548953 -1.1532723718729077 -0.5460256233359111 -0.370234687137736 -0.7040667951024255 -1.1474695642702495 -1.087052096877867 -0.47741595697507 -0.17874203625001517 -0.19034765145533195 -0.2521304853424575 -0.03128245481775993 0.4824366888293339 -0.30674514513218165 -0.47161314937241183 -1.4775469143743953 -4.365297050756066 -8.673028341670566 -10.977425643173245 -10.70230429448251
1.6952234777848987 0.7186450924198913 0.1817147183621648 -0.03606123754936075 -0.019676839612443597 0.772577068962244 1.7198000746902742 1.9129994336964242 0.7227411919041207 0.034255136929909114 0.45615338380552917 1.422832862083649 1.7293576401534758 1.9618112858834897 1.9239223656543687 1.3555885622175508 0.5271524415321709 -0.6562789677864169 -0.9044343282059766 -1.2498720513759825 -1.0634995248435484 -0.8105653816923879 -0.8583532090083967 -1.4481915347374186 -1.1443974896570774 -0.732398149868345 -0.8184162390371608 -1.0262932878617987 -0.8143201395529314 -0.21185217374753584 0.1690850782857911 -0.09169992221014223 -0.3613598049219058 -0.3145960024769545 -0.22379913057653766 -0.7061148448445402 -1.308582810649936 -1.8260567121575733 -3.2743692214563236 -6.38877019596535 -10.257877500443628 -11.510942600994113 -10.179710268619585
1.6307099109082865 0.3943705499184036 -0.06439259231528016 0.06361051656688588 0.9620216701078501 1.5457158466105283 2.20587054681882 2.548918878623026 1.7334537396377052 1.292099020211996 1.7208240995613315 1.6170562459608555 1.6805457879664103 1.624907103305628 1.2470419258854735 0.7217171670330633 0.3858370093262593 -0.48936291380407226 -1.1368879739359903 -1.47959496411651 -1.2618190082049845 -0.7931569588844134 -0.7177204600498566 -0.20024655854221907 -0.13470896679455002 0.09262455458017715 -0.10057480442597244 -0.2391595036423979 0.04961550999576936 0.29299208768372775 0.4677589990108455 0.3339530825260213 0.12402798395926862 -0.2511064604714002 -0.7880368345291267 -1.3905048003345224 -1.7158033677070677 -3.3419548629461073 -6.311626989012364 -9.486445430913772 -11.424924511825298 -11.47168831427025 -9.735283474580704
1.908220650964823 1.6016958728949953 1.0674962318267553 1.0575973247398678 1.6426568677372884 1.5760952511185624 2.0584109653865643 2.589879873465319 2.546870828880911 2.158082719502812 2.0509014496654774 2.3290948729693857 1.8331254937539518 1.5907729409370508 0.9237914082550431 -0.30879319487429635 -0.616341997815181 -0.7685803619790375 -1.1935506834678293 -1.3662695450528322 -0.7286433920078015 -0.19341972606850355 0.015481347627191333 0.5937140581508973 0.5995168657535555 -0.019676839612443597 -0.1446078738814376 0.0741921069011453 0.4414756939870408 0.5312485410163998 0.7800865846833314 0.5701614861165787 0.27831439786523937 -0.13880506627877942 -1.2560162006023263 -1.684741279951662 -2.9384890637495196 -6.607570176747933 -9.431830771124048 -10.998247482218076 -12.112386541928451 -11.469640264528135 -9.516483493798122
2.5888558485942617 2.275504238050719 1.5877008663238787 1.5330862065341546 1.3924534575756145 1.527283398931496 2.103468059713087 2.02325277814693 1.9659073853677191 1.6201283205740276 1.6972715275270134 2.2304471437241964 1.8358562267434384 1.7344777645087626 1.2344122858090998 0.04005794453256728 -0.31152392786378247 -0.3016250207768949 -0.25690926807405834 0.021284155229849944 0.6172666301852159 0.12197993421715392 -0.040157337033590146 -0.0626858841968514 -0.15041068148409575 -0.5743569781018305 -0.23745279552396914 0.007630490282418911 0.41485104733955014 0.5380753734901154 1.0009346152080285 -0.0370852624204181 -0.32620161768227085 -0.749123889428948 -1.738331914870329 -2.936441014007405 -4.9677650165614615 -8.552876090133173 -10.818360446535673 -12.33391725570052 -12.249947216273819 -11.623926678434106 -9.744158356796534
2.464948839196325 2.2304471437241964 1.540937063878927 1.3037046354173127 0.9999105903369712 1.2822001131251088 1.8437070840882108 1.5986237982818232 1.6133014881003116 1.26752242330662 1.3446656302596058 1.6337819855214586 1.1951579990852355 0.8504029591626012 0.349654797215567 0.8183168465361383 0.5312485410163998 0.3124485602338174 0.6415018854669059 0.8917052956285803 0.2295025456781734 -0.26646683353726 -0.6719806824759627 -0.9102371358086347 -0.9491500809088131 -0.6798315398207355 -0.34292735724287393 0.025380254714078898 0.38071688497097256 0.5469502557059456 1.2822001131251088 0.20219521578331134 -0.7638015792474364 -1.1867238509941138 -3.4774674875493607 -5.478412085595384 -7.315512704272233 -9.745182381667592 -12.01476283755432 -12.350642995261124 -12.144472654554916 -11.519476141586258 -9.772489711562454
1.8269813445276077 1.544009138492099 1.9795610503151502 1.8631635566383005 1.0125402304133453 0.8582538165073741 1.2149558132590106 1.1006063693242756 1.2166625213774394 1.611253438358197 1.5419610887499844 1.4102032220072749 0.23428132840977423 -0.38388835208516703 -0.4347482540143477 0.1864935010937656 0.606343698227271 0.277290372994182 0.3790101768525438 0.04005794453256728 -0.7334221747394023 -1.0450670771645165 -1.079201239533094 -0.8368486867161926 -0.5822078354466034 -0.20229460828433377 0.17591191075950663 0.5449022059638313 0.42167787981326565 0.4892635213030494 1.0985583195821609 1.0692029399451841 -0.008753907654498683 -2.7579193448197437 -5.663077904009389 -8.218702640544798 -9.415105031563446 -11.425948536696355 -12.144472654554916 -12.443487916903655 -11.734521364508296 -10.987324550260132 -9.10926293674099
1.6034025810134245 1.3467136800017205 1.9198262661701393 1.9843398330467514 1.292099020211996 0.6258001707773602 0.7647262116174711 0.7322987573673223 0.6865589797934284 1.1241589413585942 1.4061071225230455 1.2763973055224502 0.04586075213522589 -0.3634078546640205 -0.518718293441049 -0.3535089475771329 0.07624015664326 0.15235933872518803 -0.2968462380452941 -0.9266215337455519 -1.241338510783838 -1.325308550210539 -0.6446733525811004 0.06941332416954404 0.47356180661350367 0.7165970426777766 1.0193670628870608 0.9132098179207842 0.6309202951326469 0.06361051656688588 -0.20912144075804928 0.10252346166706472 -1.8516573339340066 -4.87014131218733 -7.505981330288897 -9.759860071486079 -10.790029091769753 -11.861500448519406 -12.41310851239562 -12.211034271173641 -11.398299865177806 -10.260608233433114 -7.423035315733253
1.3955255321887865 1.2948297532014825 1.0780778221610143 0.7097702102040611 0.2206276634623432 0.17659459400687805 0.5087199938531386 0.17079178640421988 -0.26646683353726 -0.32824966742438555 -0.10057480442597244 0.22847852080711606 0.6473046930695641 0.4414756939870408 0.3144966099759321 0.3104005104917027 0.30186696989955797 0.29879489528638636 -0.749123889428948 -1.178872993649341 -1.4113266393793549 -0.8214883136503328 0.6534488422959082 1.7177520249481595 1.6368540601346306 1.6170562459608555 1.509874976123522 1.3136035425042003 0.6220454129168167 -0.5419295238516817 -1.0283413376039134 -1.9513290880502534 -4.332869596505917 -7.067357343852674 -9.096633296664615 -9.992313717216094 -11.089727037365865 -11.970729768098854 -12.218885128518414 -12.000085147735831 -11.148437796639818 -9.332159017007802 -5.596857629014348
1.139519314424454 -0.024455622344044414 -0.8487956435451949 -1.1133354019016717 -0.8419688110714794 0.07521613177220265 -0.010801957396613382 -0.12003127697606164 0.1366576240356423 0.5066719441110243 0.5350032988769438 0.11242236875395228 0.1151531017434384 0.11412907687238105 0.18273874323322215 0.13290286617509883 -0.1766939865079009 -0.5077953614831041 -0.983284243277391 -1.2645497411944708 -1.0389229279381724 -0.2159482732317648 0.9589495954946781 1.874086488596245 2.152279911900153 1.8641875815093578 1.2654743735645058 0.40631750674740585 -0.6132699232020089 -1.2208580133626914 -1.9404061560923087 -3.978556991120081 -6.270665994170071 -8.130977843257554 -9.36629317937638 -10.369154869765191 -11.369285827164516 -11.735545389379354 -11.877884846456324 -11.7560258868005 -10.85659070838848 -8.203000925855253 -3.0204110534341058
0.8299224617414547 -0.5545591639280554 -1.311654885263108 -1.0802252644041515 -0.2842165979689204 0.17864264374899275 0.15509007171467415 0.17864264374899275 0.3817409098420299 0.6561795752853943 0.6933858122671439 0.1172011514855531 -0.06951271667056691 0.3008429450285006 0.5527530633086042 0.42167787981326565 -0.12105530184711899 -0.35248492270607557 -0.32142283495067003 0.06429319981425774 0.36330846216299806 0.6162426053141585 0.5838151510640097 0.6524248174248508 1.010833522294916 1.139519314424454 0.6756360478354835 -0.28319257309786305 -1.501099486408714 -2.897528068907226 -4.436637450106393 -6.1453936182773905 -7.463996310575546 -8.702042379683858 -9.729480666978045 -10.645641584950669 -11.202028431558485 -11.206124531042715 -11.220802220861204 -10.865124248980624 -9.700125287341068 -7.393679936096277 -3.337858763461878
1.4794955716154878 0.6005408906246128 0.557531846040205 0.8739555311969198 0.9647524030973362 0.6729053148459974 0.6602756747696237 0.5984928408824981 0.48823949643199205 -0.022407572601929715 -0.2647601254188312 0.2598819501862075 1.3074593932778562 1.766563877135226 2.1570586946317545 2.0457813253101906 1.5996478231528806 1.1241589413585942 1.0019586400790859 1.5723404932580185 1.6873726204401254 1.1688746940614307 0.9190126255234423 -0.05176295223890648 -0.3016250207768949 -0.23540474578185444 -0.6426253028389859 -1.5809734263511857 -2.9442918713521777 -4.475550395206572 -5.8477437224233935 -7.010694634320835 -8.207097025339483 -9.014711306980029 -9.860214508849698 -10.362328037291475 -10.710837835074653 -10.685578554921905 -10.35550120481776 -9.841782061170665 -8.682585907133769 -6.798038802764596 -2.6787280881246436
2.0693338973445097 2.2802830207823193 2.2068945716898773 2.202115788958277 2.114390991671032 1.3583192952070369 0.7794039014359595 0.6817801970618276 0.6404778605958485 0.2578339004440928 0.41689909708166484 0.9620216701078501 1.817423779064406 1.7948952319011453 2.1553519865133253 2.286085828384978 2.1123429419289175 1.5907729409370508 1.6778150549769237 2.0311036354917023 1.2989258526857115 0.6298962702615896 0.3445346728602803 -0.4064168992484283 -1.0546246426277182 -1.7840716924442228 -2.2841371711438856 -3.3095274086959585 -4.506953824585663 -5.451104755700522 -6.570363939766183 -7.645590054376379 -8.434430546714209 -9.213030790341465 -9.596698775364278 -10.031226662316271 -10.215892480730277 -9.987193592860807 -9.611376465182767 -8.922890410208556 -7.883846507709052 -6.313675038754479 -2.6346950186691784
2.0683098724734523 2.2577544736190585 2.69808516817371 2.995052380780336 2.5840770658626604 1.9034418682332217 1.3975735819309012 1.3419348972701197 1.159317128598229 1.2118837386458385 1.3699249104123532 1.486322404089203 1.8672596561225299 1.9170955331806527 1.9648833604966618 2.0819635374208834 2.0283729025022166 1.4112272468783322 1.2996085359330833 1.3388628226569477 0.8534750337757733 -0.009777932525556032 -0.7071388697155976 -1.3915288252055797 -2.25307508338848 -3.012560196089333 -3.990162606325397 -4.830204342216094 -5.590713479788004 -6.338934318907226 -7.307661846927461 -8.130977843257554 -8.760753138957812 -9.222588355804668 -9.500099095861204 -9.747913114657077 -9.659164292498776 -9.352639514428947 -8.844723178384513 -8.140535408720755 -7.350670891511868 -5.921814854763207 -2.2247437286225606
2.0068683802100122 2.2372739761979115 2.414088937267144 2.7479210452318337 2.4676795721858107 2.1055161094552015 1.9208502910411966 2.094593177497257 1.918802241299082 1.686348595569068 1.8184478039354635 1.6426568677372884 1.5525426790842434 1.7986499897616883 1.668940172761094 1.5351342562762693 1.3545645373464934 0.772577068962244 0.36330846216299806 0.08886979671963369 -0.10535358715757326 -1.1201622343753872 -2.0789908553087337 -2.8954800191651113 -3.680565753642398 -4.5148046819304355 -5.146628027372809 -5.897579599481517 -6.5945991950478735 -7.229494615103418 -8.018676449064934 -8.443305428930039 -8.96282738017979 -9.252967760312702 -9.423979913779275 -9.514776785679691 -9.209958715728293 -8.909236745261124 -8.445353478672153 -7.784174753592804 -7.004891826718177 -5.486262942940156 -2.142480397314288
2.1502318621580385 2.3652770850800775 2.3396764633036446 2.525366306588707 2.35947427747742 1.9874119076599235 1.7088771427323297 1.894566986017392 2.144429054555381 1.6034025810134245 1.5818980587212201 1.530355473544668 1.3603673449491516 0.9080896935654974 0.7773558516938448 0.2226757132044579 -0.03435452943093198 -0.5361267162490235 -0.8351419785977638 -1.1102633272884999 -1.5021235112797713 -2.4787018966447785 -3.3917907400042306 -4.182679282084175 -4.948308544011372 -5.538146869740395 -6.16007130809588 -6.699391073519406 -7.3643245564593 -7.879750408224822 -8.405416508700918 -8.79966608405799 -9.047821444477549 -9.310654494715598 -9.365269154505322 -9.369023912365865 -9.054648276951266 -8.642648937162532 -8.183544453305164 -7.395386644214705 -6.627026649298022 -4.869117287316272 -2.9873009159365855
2.327046823227271 2.400435272319713 2.8318910846585346 3.0486430156990028 2.3516234201326465 1.6395847931241172 1.3279398906990028 1.3173583003647438 1.8368802516144958 1.1709227438035454 0.7879374420281042 0.6524248174248508 -0.0019270751807831665 -0.5450015984648537 -0.8242190466398189 -1.2539681508602118 -1.7031737276306937 -1.9718095854714 -2.2032392063303567 -2.388587707991733 -2.824139619814784 -3.4491361327834413 -4.1475210948445405 -4.911102307029623 -5.451104755700522 -6.019438559137339 -6.457038520702505 -7.007963901331349 -7.507005355159954 -7.969864596877867 -8.496213380601334 -8.872030508279375 -9.094926588546187 -9.248188977581101 -9.327038892652515 -9.257746543044302 -8.809564991144878 -8.365138197105995 -7.5889273448445405 -6.738304018619585 -5.968919998831844 -4.413084878072074 -3.6133214537763
2.444468341775178 2.8250642521848186 2.9667210260144166 2.901183434266747 2.4796265290148134 1.7167280000771021 1.0596453744819825 0.7442457141963246 0.6258001707773602 0.16294092905944701 -0.2627120756767165 -0.8829298059137725 -1.5878002588249012 -2.107322210074653 -2.4452504175235723 -2.6524447831008384 -2.8907012364335105 -2.986276891065528 -3.0419155757263097 -3.1651399018768753 -3.486342369765191 -4.030440917920319 -4.631884858854658 -5.380788381221251 -5.843647622939164 -6.130033245211531 -6.420856308591812 -6.748202925706472 -7.126068103126627 -7.6124799168788595 -8.21767861567374 -8.63479807981776 -8.758705089215697 -8.842675128642398 -8.862472942816172 -8.707162504039145 -8.056565369294054 -7.320291487003834 -6.416077525860212 -5.667174003493618 -4.905299499426965 -5.109421790391059 -6.048793938774316
2.870121346511341 2.5635965684415143 2.4099928377829145 2.030079610620645 1.6074986804976539 1.115284059142764 0.5049652359925951 -0.07019539991793833 -0.4941416965356731 -1.062475499972491 -1.6622127327884006 -2.32339145786775 -2.7872747244567204 -3.1105252420871508 -3.3583392608830245 -3.443333325180783 -3.491121152496792 -3.605470596431527 -3.746103345390067 -3.9334998967935584 -4.248216873831844 -4.73838344544462 -5.2343528246600535 -5.792105037762612 -6.134812027943132 -6.365217623931031 -6.603474077263703 -6.898393240128215 -7.190581670003239 -7.450342645628115 -7.774275846505917 -7.904327005130197 -7.860293935674733 -7.767449014032202 -7.706007521768761 -7.461948260833431 -6.675838501485087 -5.956973042002842 -5.597540312261719 -5.591737504659061 -5.885632642652515 -6.8936144573966125 -8.213923857813198
