static/data/ASCData/20210119/ASCV/15.asc
ncols 97
nrows 97
xllcorner 99.0
yllcorner 2.0
cellsize 0.25
NODATA_value -32767
[rows 38 to 56 of 97, columns 0 to 42 of 97]
1.4730980198028214 1.2827059892609571 1.4155125285236183 1.2114439438029434 0.9623866940203909 0.5250968696189444 0.10904169512670414 0.04857692928354096 -0.18680376632020068 -0.04427967540417366 -0.2083983255499018 -0.24438925759940355 -0.17996548923079536 -0.252307262650294 -0.8666724727352892 -1.670349985400664 -2.1263550944678515 -2.041416494831027 -2.3343826817139717 -2.0795668828034994 -1.5767735620719594 -1.3313154054943572 -1.1938300450652606 -1.184832312052885 -1.2816479192660448 -1.5101903377803811 -1.670349985400664 -1.5609375519701785 -1.1704359392330843 -1.1373242817475426 -1.1517206545673435 -0.7982897018412358 0.21629467263421942 1.2341182309941297 1.5357222415689544 1.1275850721276042 1.0455257470547403 0.04461792675809573 -1.8294299050594618 -2.659740707441468 -3.1956456856585493 -3.6926804572621688 -4.0630271480515425
1.305380276452143 0.8911246485623776 1.0102546336462286 0.5729648092447817 0.38437232530539234 0.5531697966175559 0.3393836602435152 -0.05219768045506412 -0.48192940912611526 -0.3606399681192942 -0.5823441095442252 -1.0160348407407216 -1.1704359392330843 -1.266171818484759 -1.5864911137253248 -2.2055351449767553 -2.2181319711940812 -2.1245555478653766 -1.9028514064404456 -1.792359245048475 -1.4741994057308792 -1.5767735620719594 -1.4759989523333545 -1.5015525140885007 -1.629320322864232 -1.8470654617637177 -1.9438810689768775 -1.6851062675409598 -1.2366592542041674 -1.1186089970818016 -0.8724310218632096 -0.5035239683558164 0.15295063222709615 0.9721042456737568 1.1520589059212654 0.8893251019599027 1.1588971830106707 0.457433917365881 -1.3568689672495036 -2.880365120904914 -3.489691600502979 -4.015159208425705 -4.367510433190327
0.5708053533218118 0.3890511464718278 0.5416526983617151 0.18714201767412275 0.4020078820096482 0.5855616354621076 0.9508695957645505 0.47614920203162203 -0.011168017918631978 -0.19184249680713084 -0.6734011676294647 -1.6840265395794747 -1.9183275072217312 -1.6390378745175975 -1.9438810689768775 -1.9856305501542997 -2.0003868322945952 -1.9849107315133097 -1.9582774417966782 -1.8236713559315416 -1.4515251185396933 -1.5746141061489893 -1.7426917588201625 -1.770764685818774 -2.0237809381267713 -2.2328882533343766 -2.118437089416961 -1.7570881316399634 -1.1653972087461542 -1.2769690980996096 -1.1506409266058584 -0.8472373694285584 -0.18608394767921066 0.6586232275225963 0.8864458273959421 0.8619719936022809 0.7759536660039719 0.517178864568054 -0.7241483818192622 -2.4682689489381184 -3.839163550703641 -4.367510433190327 -4.689989184353863
0.1882217456356079 0.1792240126232323 0.31023100528341896 0.17238573553382697 0.3861718719078677 0.8249013335912943 1.183011107483837 0.8598125376793111 0.40884615909905353 -0.09430707095298119 -0.9487317978081533 -1.913648686055296 -1.9993071043331103 -1.7261359300773917 -1.6926643632713552 -1.7358534817307572 -1.8254709025340166 -1.831589360982432 -2.0493344998819176 -2.080646610764984 -1.7671655926138237 -1.571734831585029 -1.7426917588201625 -2.1468699257360675 -2.40168572464654 -2.466109493015148 -2.271038641306849 -1.5472609977913678 -1.1312058232991273 -1.206426871282586 -1.1556796570927885 -0.8598341956458839 -0.7144308301658968 0.1205587933825445 0.1792240126232323 0.23500995729996 0.20657712098085357 0.5297756907853799 -0.34336432073553347 -2.1673847570042835 -3.551236094307627 -4.639241970164066 -4.962440539968592
0.04461792675809573 0.11084124172917909 0.23896895982540522 0.1392740780482855 0.33254538315410986 0.7719946634785266 0.8922043765238628 0.6888556104441776 0.3239075594622296 -0.17636639602584525 -1.0257523923940872 -1.7131791945395711 -1.6811472650155146 -1.7153386504625412 -1.6822269929769995 -1.849224917686688 -1.9615166256811334 -1.9428013410153924 -1.9993071043331103 -2.176382490016659 -2.202655870412795 -1.8254709025340166 -1.7387327562947175 -2.1429109232106223 -2.558966097702863 -2.60395476276474 -2.338341684239417 -1.5562587308037434 -1.0923356166856655 -0.35596114695285896 -0.2544667185732641 -0.7669775909581693 -0.6215742254781822 -0.5308770767134376 -0.617615222952737 -0.22027533312623726 0.20873657690382386 0.6003179176024034 0.28575717148975777 -1.5404227207019625 -3.626457142291086 -4.7151828367885145 -5.314791764733214
-0.6302120491700627 -0.1040246226063466 0.010426541311069126 -0.1320975496049579 0.04245847083512544 0.271000889349462 0.31994855693678437 0.15762945339353118 -0.04931840589110381 -0.08458951929961556 -0.3570408749143441 -1.1186089970818016 -1.369465793466829 -1.4896755065121652 -1.7290152046413518 -1.934163517323512 -2.176382490016659 -2.2249702482834866 -2.181061311183094 -2.155867658748443 -2.20157614245131 -2.1508289282615127 -1.8834163031337146 -1.831589360982432 -2.2602413616919983 -2.3908884450316896 -2.0864051598929048 -1.9856305501542997 -0.7630185884327241 0.40272770065063845 0.2846774435282726 -0.434061469500278 -1.0063172890873562 -1.1196887250432868 -0.7572600393048039 -0.09430707095298119 0.5776436304112171 0.6381083962543799 0.4203632573548943 -0.2454689855608887 -2.687093815799089 -5.099925900397689 -5.83738009809198
-1.0962946192111107 -0.3908723510408758 -0.3725169756956299 -0.5629090062374942 -0.8040482509691562 -0.5942211171205609 -0.3196103055828623 -0.57838510701878 -0.538435172443833 0.14107362465076045 0.41460470822697415 -0.20048032049901132 -0.6467678779128334 -1.063902780366559 -1.307201481021191 -1.669270257439179 -1.9888697340387547 -2.1508289282615127 -2.1526284748639877 -2.1742230340936888 -2.026660212690732 -2.0442957693949877 -2.119516817378446 -1.9780724544239041 -1.8218718093290664 -1.8967329479920303 -1.5648965544956237 -1.4731196777693942 -0.9123809564381566 -0.9858024578191402 -0.7219889258962922 -0.5542711825456139 -0.9926407349085455 -1.4436071134888029 -1.5101903377803811 -1.1733152137970444 -0.23575143390752307 0.003588264221663806 0.5240171416574593 0.054335478411461136 -2.636346601609292 -5.303274666477373 -6.417553922729949
-0.7932509713543057 -1.1402035563115027 -0.8529959185564786 -1.3277163122894071 -1.5735343781875042 -1.2924451988808954 -1.024672664432602 -0.9897614603445855 -0.37431652229810486 0.556049071181516 1.34245093646313 1.2387970521605647 1.018172638697119 0.21737440059570412 -0.8267225381603422 -1.59116993489176 -1.9701544493730139 -2.235767527898337 -2.2271297042064564 -1.934163517323512 -1.7484503079480829 -1.6897850887073949 -1.7005823683222454 -1.932004061400542 -2.0043458348200405 -1.4925547810761253 -1.1117707199923963 -1.2593335413953537 -2.1234758199038914 -1.5033520606909758 -0.7007542759870862 0.6705002350989315 1.1373026237809696 0.3188688289752992 -0.5240387996240323 -1.1596386596182338 -1.1898710425398153 -1.045187495700818 0.10616242056274361 -0.1752866680643601 -3.058880143870443 -5.952551080650386 -7.070789339428407
-0.24762844148385876 -1.5289056224461222 -1.3208780352000016 -1.4691606752439492 -1.6264410483002718 -1.6617121617087836 -1.609885219557501 -1.346071687634653 -0.7612190418302491 -0.3851138019129554 -1.0962946192111107 -0.9260575106169673 0.21449512603174403 0.43907854202063534 -0.45061729824304875 -1.730094932602837 -2.19653741196438 -1.7056210988091758 -1.7063409174501658 -2.157667205350918 -1.913648686055296 -1.7290152046413518 -1.8294299050594618 -2.1087195377635957 -2.131393824954782 -1.6401176024790824 -1.0991738937750708 -1.7876804238820398 -1.7426917588201625 -0.6546858829637239 0.35989849151173114 1.543640246619845 1.7621052041603207 0.8979629256517829 0.15007135766313606 -0.22099515176722728 -0.6021391221714512 -1.3334748614173275 -1.2798483726635697 -1.6008874865451257 -3.894949495380369 -6.700442648639033 -8.091132263031781
1.0102546336462286 -1.107811717466951 -1.7376530283332323 -1.753489038435013 -1.9838310035518245 -2.151908656222998 -2.138951920685177 -1.767885411254814 -1.222262881384367 -0.8353603618522227 -1.3928598992990053 -1.1859120400143701 -0.8375198177751928 -0.8472373694285584 -1.3676662468643541 -1.7016620962837306 -1.8373479101103523 -1.9701544493730139 -1.747370579986598 -1.8002772500993653 -1.6127644941214612 -1.4702404032054341 -1.6555937032603683 -1.8880951243001498 -1.7444913054226376 -1.266171818484759 -1.6264410483002718 -2.0676898752271637 -1.3568689672495036 -0.1752866680643601 1.1207467950381989 1.784779491351507 1.8002555921327925 1.101311691731468 0.2875567180922327 -0.42038491532146716 -0.48192940912611526 -1.123647727568732 -2.159466751953393 -1.9165279606192562 -2.7299230249379964 -5.713211382521199 -8.688941644374006
1.0336487394784046 -0.4067083611426565 -1.6379581465561124 -2.036737673664592 -2.0054255627815256 -1.4302904686304871 -1.224062427986842 -1.242777712652583 -1.1175292691203167 -0.7835334197009403 -1.0764996065838845 -1.0718207854174495 -1.1967093196292207 -1.2571740854723836 -1.4371287457198925 -1.7074206454116507 -1.7387327562947175 -1.767885411254814 -1.8441861871997576 -1.6840265395794747 -1.7740038697032292 -1.9194072351832163 -1.9204869631447015 -1.9212067817856915 -1.870459567595894 -1.8071155271887709 -1.910409502170841 -1.6070059449935408 -0.5531914545841288 0.5531697966175559 1.1167877925127536 1.6400959445125096 1.6224603878082537 1.1322638932940396 0.5308554187468646 -0.25914553973969934 -0.9739254502428045 -1.4975935115630554 -2.2249702482834866 -1.5522997282782982 -2.119516817378446 -5.581484571220022 -8.985866833782396
-0.30305447684009135 -0.31781075898038713 -0.5647085528399693 -1.0041578331643861 -1.3442721410321778 -0.8080072534946015 -1.1909507705013003 -1.3079212996621812 -1.1949097730267455 -0.660444432091644 -0.7385447546390629 -0.5452734495332383 -0.5452734495332383 -0.6050183967354115 -0.8119662560200467 -1.7581678596014483 -1.8139538042781762 -1.8999721318764853 -1.875498298082824 -1.9888697340387547 -1.6127644941214612 -1.8168330788421363 -1.9233662377086616 -1.9204869631447015 -1.9428013410153924 -1.9867102781157846 -1.949639618104798 -1.1772742163224896 -0.06587423463387476 0.8141040539764437 1.3464099389885749 1.4108337073571833 1.3910386947299571 1.266150160518186 0.7367235500700149 0.08744713589700304 -0.8803490269140999 -1.3003632039317856 -1.7085003733731359 -1.2776889167405996 -2.1177172707759713 -5.588322848309428 -9.516013262871557
-0.9652876265509243 -0.09898589211941644 0.05217602248849129 -0.04248012880169849 -0.3987903560917663 -1.6645914362727436 -2.0658903286246884 -1.89313385478708 -1.3374338639427725 -0.7083123717174815 -0.5002847844713612 -0.21343705603683194 0.17238573553382697 0.11480024425462432 -0.20731859758841664 -1.1340850978630876 -1.3892608060940552 -1.4709602218464242 -1.3784635264792047 -1.8841361217747046 -1.4741994057308792 -1.610605038198491 -1.7131791945395711 -1.933083789362027 -1.973033723936974 -1.9633161722836086 -1.8823365751722294 -1.0149551127792367 0.04353819879661058 0.7496802856078357 1.082596407065727 1.1480999033958201 1.1196670670767137 0.9954983515059328 0.639188124215865 0.06693230462878663 -0.660444432091644 -0.6500070617972886 -0.902663404784791 -0.9886817323831003 -1.8384276380718374 -5.733726213789415 -9.671494089325405
-0.6849182658853052 -0.08350979133813063 0.15870918135501633 0.054335478411461136 -1.087296886198735 -2.353817785020703 -3.1693723052624128 -2.9699825417081733 -1.3892608060940552 -0.9087818632332063 -0.6050183967354115 -0.4740114040752248 -0.06299496006991467 0.31311027984737905 -0.009368471316157034 0.3649372219986615 0.05541520637294628 -0.1900429502046559 -0.28361937353336053 -0.8461576414670733 -1.0923356166856655 -1.18015349088645 -1.2730100955741643 -1.4925547810761253 -1.913648686055296 -1.8179128068036212 -1.7074206454116507 -1.0131555661767615 -0.10870344377278185 0.26920134274698704 0.613994471781214 0.8159036005789186 0.7885504922212974 0.8580129910768362 0.4840672070825125 -0.113742174259712 -0.7133511022044117 -0.42902273901334764 -0.037441398314768115 -0.21739605856227717 -1.0883766141602202 -4.988713920364728 -9.842091107240043
-0.7317064775496576 -0.4516970262045339 -0.13137773096396788 -0.27174236595702483 -1.5443817232274077 -3.2571901794631977 -4.101897354665004 -3.3608440637657626 -1.4428872948478126 -1.161438206220709 -0.9048228607077611 -0.9829231832551801 -0.8080072534946015 -0.22495415429267251 0.22889149885154492 0.9440313186751452 1.5648748965290507 1.0757581299763217 0.8796075503065368 0.42432225988033956 -0.007209015393186746 -0.1655691164109947 -0.3969908094892911 -0.7533010367793587 -1.0941351632881404 -1.5501402723553281 -1.6606324337472986 -1.124367546209722 -0.4887676862155206 -0.15873083932158938 -0.03852112627625326 0.24580723691481055 0.6420673987798251 0.8015072277591182 0.8796075503065368 0.3627777660756917 -0.5988999382869962 -0.6330913237340228 0.08852686385848774 0.20873657690382386 -0.5229590716625474 -4.54062681634843 -9.625425696302042
-0.8645130168123192 -0.7407042105620332 -0.5715468299293747 -0.6323715050930327 -1.9856305501542997 -3.7808582407834486 -4.444890937096757 -3.6214184118041555 -1.3978986297859355 -1.2532150829469384 -0.8382396364161828 -0.9760849061657746 -1.003438014523396 -1.1430828308754628 -1.0444676770598282 0.04641747336057067 1.6400959445125096 1.4770570223282666 1.4957723069940076 0.9918992583009825 0.7093704417123936 0.34154311616648547 -0.18788349428168583 -0.5474329054562086 -0.8177248051479669 -1.4115751839647461 -1.730814751243827 -1.387101350171085 -0.7903716967903456 -0.6557656109252088 -0.6489273338358035 -0.5747860138138299 -0.13317727756644304 0.46139291989132625 0.8198626031043639 0.8853660994344574 -0.19868077389653638 -0.6431687847078833 -0.9800439086912198 -0.6928362709361957 -0.9516110723721134 -4.907734323253349 -10.213157616670406
-0.47221185747274985 -0.961328624025479 -1.5386231740994876 -1.1887913145783302 -2.419321281350796 -3.9417377070447213 -4.291569566565879 -3.6624480743405874 -1.8657807464294587 -0.18608394767921066 -0.6705218930655046 -1.69374409123284 -1.9233662377086616 -1.7563683129989733 -1.4104954560032612 -0.49164696077948067 0.9497898678030654 1.4144328005621336 1.264350613915711 1.082596407065727 0.8119445980534739 0.2533653326452061 -0.40382908657869643 -0.7709365934836145 -0.8306815406857875 -0.9487317978081533 -1.244577259255058 -1.6800675370540294 -1.0307911228810174 -1.1459621054394231 -1.3529099647240583 -1.4846367760252348 -1.2611330879978286 -0.5931413891590758 0.07089130715423186 0.18318301514867752 -0.7777748705730199 -0.454576300768494 -0.9652876265509243 -0.5884625679926405 -0.6849182658853052 -4.601091582191594 -10.117781646739227
0.006467538785623894 -0.6078976712993716 -0.8774697523501398 -1.3763040705562344 -2.9123970504289702 -4.1166536368052995 -4.005441656772339 -3.026848214346386 -1.4777984989358295 0.10976151376769394 -0.6438886033488733 -2.680255538709684 -3.4515412125305067 -2.8371760024455117 -1.6732292599646241 -0.7270276563832223 -0.1320975496049579 0.48586675368498744 0.9623866940203909 0.9584276914949461 1.1509791779597802 0.4185637107524194 -0.43190201357730773 -1.0171145687022067 -1.1528003825288284 -1.1060121708644761 -1.6030469424680958 -1.5580582774062184 -1.4302904686304871 -1.4223724635795967 -1.5022723327294907 -1.714258922501056 -1.8812568472107445 -1.7991975221378804 -1.849224917686688 -1.7268557487183818 -1.1333652792220974 -0.5441937215717534 -0.8911463065289504 -0.8353603618522227 -1.0091965636513163 -4.757292227286431 -10.216396800554861
0.1734654634953121 -0.296216199750686 -0.6449683313103582 -1.2416979846910978 -3.027927942307871 -4.146886019726882 -3.5717509255758433 -2.472947770104554 -1.346071687634653 -0.4671731269858195 -1.1448823774779382 -3.1675727586599383 -4.409619823688244 -4.6147681363704045 -3.6001837618949493 -2.075607880278054 -0.9134606843996416 -1.143802649516453 -0.8882670319649904 -0.2181158772032672 -0.2055190509859417 -0.5816242909032352 -0.8558751931204387 -1.2388187101271377 -1.2708506396511943 -1.1859120400143701 -1.1819530374889249 -1.5746141061489893 -1.8294299050594618 -1.853903738853123 -1.8384276380718374 -1.7581678596014483 -1.8431064592382724 -2.181061311183094 -2.5287337147812816 -2.181061311183094 -1.3831423476456397 -0.8666724727352892 -1.5580582774062184 -1.38242252900465 -1.5152290682673113 -5.356901155231132 -10.93873480678836
