static/data/ASCData/20210119/ASCV/18.asc
ncols 97
nrows 97
xllcorner 99.0
yllcorner 2.0
cellsize 0.25
NODATA_value -32767
[rows 57 to 75 of 97, columns 0 to 42 of 97]
0.010225278411884364 0.0826271509655978 -0.8080250299966656 -2.8334583189741656 -4.093396432810897 -3.9358586900181436 -3.173274142919735 -2.468174499657943 -1.7310579479301877 -1.6702985875459155 -2.4641723860996976 -3.1801868845203405 -3.107057354956037 -2.5227487754521993 -1.8616723813311078 -1.3763251552675215 -1.2649936326472386 -1.4418142862206291 -1.2729978597637295 -0.5853619847560998 -0.5307877089618434 -0.41545407278331514 -0.8618716487803318 -1.2737255167743196 -1.724145206329582 -2.2269562006473302 -2.1596479271677476 -1.8765893500482045 -1.6018988285504476 -1.5305884415126194 -1.2708148887319592 -1.0667070972614408 -1.1285579431615977 -1.6029903140663329 -1.5120331877425723 -1.017954077551905 -1.1438387403839896 -1.2984658551343826 -1.92534236975774 -1.528769298986144 -1.8773170070587946 -6.02095985386403 -11.416536587389507
0.2838243143937562 0.4213514893952819 -0.9888477971283015 -3.043387366529405 -3.77686563320421 -3.5960428660725743 -2.889124080284307 -2.2808028194309964 -1.8558511252463872 -1.8238342167804233 -2.3928619990618696 -2.9731684650074617 -2.9280537303508765 -2.4710851277003036 -1.8089172480633267 -1.1449302258998748 -0.9906669396547768 -1.3333933916427065 -1.5316799270285046 -0.7650932663718506 -0.12439126854728122 -0.08036801940658123 -0.7221615027470356 -1.1500238249740051 -1.5942584299392517 -2.0384930349044983 -2.215313688477889 -2.1323607892706193 -1.8052789630103763 -1.6077200846351682 -1.3665017856245554 -1.1067282328438952 -1.1605748516275614 -1.156572738069316 -1.0063115653824637 -1.0386923023537222 -1.3832378968681274 -1.3850570393946025 -1.4290802885353027 -1.3755974982569315 -4.127232483803335 -8.307258181138076 -12.114723489050693
0.5406872391320559 0.052429385026109276 -1.5640606639997632 -2.8960368218849126 -3.6175087478849814 -3.1412572344537715 -2.451802216919666 -2.13818204535534 -1.8274725018333737 -1.7739897115550027 -1.983918759110242 -2.4798170118273846 -2.4641723860996976 -2.010114411491485 -1.2584447195519277 -0.5864534702719848 -0.25937164401174195 -0.5598939893854469 -0.9935775676971371 -0.41945618634156046 -0.007238489842277707 -0.03852774129765124 -0.6712255120057298 -1.1060005758333051 -1.545505410229716 -1.7728982260391175 -1.924250884241855 -2.148733072008896 -1.9566316212131138 -1.6441029351646725 -1.2093278713370972 -0.9437330624717163 -0.7952910323113391 -0.7934718897848638 -0.8753333034762484 -0.9866648260965313 -1.0903559501056184 -1.217332098453588 -1.4283526315247126 -3.028834226317603 -5.783743668411663 -9.308878056215327 -13.052309547196016
0.43517697259649357 -0.5940938688831807 -2.266249679219195 -3.1576295171920483 -2.7203076538274074 -2.2436923118909022 -2.1323607892706193 -1.8314746153916193 -1.6888538413159628 -1.6106307126775288 -1.6331880800058214 -1.768896112480872 -1.7718067405232323 -1.3177487659150198 -0.5657152454701675 0.20560118575532216 0.5472361522273668 0.15393753800342602 -0.41072430221447953 -0.2007952546592402 -0.9710202003688445 -0.88915878667746 -0.8411334239785144 -1.27590848780609 -1.3264806500421007 -1.5033013036154912 -1.588437173854531 -1.8256533593068986 -1.8089172480633267 -1.4127080057970258 -0.9095331829739823 -0.28556729639298495 -0.13712526623260768 -0.5835428422296245 -0.7709145224565712 -0.7661847518877358 -0.7378061284747224 -1.2075087288106219 -2.589329391921192 -4.604939311255726 -7.866661861225779 -11.395798362587689 -13.145085816046253
-0.06399573666830438 -1.10490909031742 -2.408506624789556 -2.084335426571674 -1.724145206329582 -1.6713900730618008 -1.6099030556669387 -1.5913478018968914 -1.528769298986144 -1.4378121726623836 -1.3792357833098818 -1.3755974982569315 -1.121645201560992 -0.6490319731827321 -0.0679978502265497 0.6753037860912217 0.9565432206842892 0.6607506458794197 -0.03961922681353647 -0.5562557043324963 -1.6957665829165687 -1.4439972572523994 -1.347218874843918 -1.3970633800693388 -1.3919697809952083 -1.2446192363507163 -1.346127389328033 -1.3333933916427065 -1.4458163997788747 -1.0572475561237695 -0.10874664281959445 0.4682853665783424 0.11682703046333165 -0.41836470082567545 -0.9488266615458469 -1.0248668191525108 -1.3177487659150198 -2.027942008250942 -3.8969290399515737 -6.384424530653777 -9.438037175595067 -11.709418534152016 -13.233859971338243
-0.6479404876668471 -1.5160353013008177 -1.53568204058675 -1.2035066152523766 -1.1965938736517705 -1.2522596349619122 -1.284640371933171 -1.3443082468015577 -1.301376483176743 -1.2649936326472386 -1.1078197183597802 -0.9368203208711106 -0.6966935073763827 -0.3325011735760455 0.13028868515924819 0.4369961151229689 0.5570595218703327 0.40097709309875973 -0.3521479128619778 -1.0121328214671843 -2.588237906405307 -2.2826219619574717 -1.845300098592831 -1.7758088540814778 -1.5611500359574029 -1.3941527520269785 -1.1605748516275614 -1.1147324599603863 -1.0765304669044067 -0.5922747263567056 0.3071093387326387 0.5377766110896955 0.03096350321370167 -0.7640017808559654 -1.261355347594288 -2.0406760059362687 -2.802169067518792 -3.765950778045359 -5.526880743673363 -7.772794106859658 -10.09911356971616 -12.156563767159623 -13.21421323205231
-0.2251717645140079 -0.9135352965322279 -0.8189398851555169 -0.6155597506955883 -0.7076083625352338 -0.9106246684898675 -1.0434220729225578 -1.0990878342326993 -0.9848456835700561 -0.9204480381328336 -0.6770467680904504 -0.5071388561176657 -0.3121267772795231 -0.06108510862594385 0.19577781611235578 0.40679834918348035 0.5072150166449119 0.3453113317886183 -0.6694063694792545 -2.4554405019726167 -3.77977626124657 -3.878373786181527 -3.1616316307502936 -2.352113206468825 -1.8245618737910134 -1.5131246732584573 -1.2289746106230295 -0.9848456835700561 -0.7905612617425035 -0.12730189658964153 0.5807083747145103 0.725148291316642 0.20560118575532216 -0.7348955004323621 -1.8500298691616666 -2.8549242007865727 -3.8678227595279706 -4.959308275413097 -6.686038361543368 -8.707469536962622 -10.66341158142877 -12.170389250360834 -13.006467155528842
0.12155680103216726 -0.39799030452915307 -0.44274121068044314 -0.44092206815396806 -0.5424302211312848 -0.6461213451403718 -0.6948743648499074 -0.6956020218604975 -0.5922747263567056 -0.37252230915850015 -0.09019138904954738 0.10118240473564488 0.31402208033324475 0.488659762874865 0.6480166481940934 0.8237458162515987 0.8852328336464608 0.6421953921093728 -0.6184703787379486 -2.61370590177596 -4.043551927585476 -4.523805554574932 -4.191993957745853 -3.468339060714014 -2.6489972667895794 -1.9300721403265757 -1.4778333082448383 -0.7036062489769885 0.10300154726212019 0.43590462960708387 0.5112171302031576 0.5425063816585312 0.010225278411884364 -1.0474241864808034 -2.2200434590467246 -3.3733798208320085 -4.702445350674798 -5.972206834154495 -7.6450903015010985 -9.402745810581449 -10.978123238508982 -12.131459600294265 -12.768159484560588
0.14302268284457464 -0.3092161492371628 -0.09419350260779269 -0.05999362311005885 -0.15276989196029467 -0.2502759313793659 -0.2495482743687758 -0.21643988038692696 -0.10292538673487384 0.09317817761915403 0.31984333641796536 0.5483276377432518 0.7542545717402456 0.9605453342425345 1.1595595266389227 1.3345610376858381 1.350933320424115 1.1224490190988285 0.09718029117739935 -1.768168455470282 -3.4203136980150686 -4.111951686580944 -4.019175417730708 -3.132161521821395 -1.9155190001147742 -1.2398894657818806 -0.27974604030826433 -0.018153345001128862 0.26999883119254453 0.5883487733257062 0.5963530004421973 0.16739919269934256 -0.5140515977182716 -1.5833435747804006 -2.7825223282328597 -4.052283811712557 -5.401723737851868 -6.807920910817207 -8.299253954021585 -9.80623162295365 -11.00541037640611 -12.0481428725817 -12.43198194566797
-0.28265666835062464 -0.2721056416970684 0.29837745460555776 0.6880377837765479 0.559970149912693 0.22706706756772932 0.1295610281486581 0.09608880566151434 0.21033095632415733 0.4839299923060294 0.8040990769656664 1.0638726297463263 1.2847165324604173 1.471360555676774 1.5532219693681582 1.6587322359037204 1.5706857376223204 1.3472950353711644 0.8382989564634002 -0.34632665677725694 -2.0042931554067644 -3.277692923939412 -3.2474951579999236 -2.2105839179090534 -0.9233586661751939 -0.12439126854728122 0.2015990721970764 0.1284695426327731 -0.025793743612324782 0.18122467590055424 0.10009091921975966 -0.3685201956002546 -1.2318852386653898 -2.3011772157275185 -3.542560075794203 -4.836334240623373 -6.123559492357232 -7.4409825100305795 -8.802064948339334 -9.996513931222957 -11.132386524754079 -11.773088522578648 -12.03941098845462
-1.0979963487168143 -0.8411334239785144 0.22597558205184431 0.739701431528444 1.0620534872198515 0.7455226876131646 0.559970149912693 0.5435978671744162 0.7513439436978853 1.117719248529993 1.516111461828064 1.7875275267781656 1.9818119486057182 1.9752630355104073 2.0414798234741047 1.8228188917917845 1.687838516327324 1.4622648430443979 1.153738270554202 0.4810193642636691 -0.569717359028413 -1.8489383836457813 -2.4703574706897133 -1.4701929096336424 -0.347054313787847 0.37441761221222136 0.03169116022429175 -0.2757439267500188 -0.4281880704686416 -0.4507454377969342 -0.6079193520843924 -1.2493490069195516 -2.1178076490588174 -3.1703635148773746 -4.360810384202753 -5.577452905909374 -6.79154862807893 -7.967078528687211 -9.111683006345414 -10.257378969519502 -10.958476499223048 -11.57771261523521 -11.599906154058209
-1.6233647103628552 -1.2915531135337766 -0.2542780449376114 0.47701725070542333 0.8168330746509931 1.154829756070087 0.9791005880125818 1.1686552392712988 1.4517138163908416 1.8548358002577483 2.2692364677888017 2.4908080275134825 2.5024505396829237 2.4908080275134825 2.2230302476163315 2.000367202375765 1.6401769821336736 1.3560269194982453 1.0180302380791513 0.6243677953499154 -0.15167840644440944 -0.9233586661751939 -1.5484160382720764 -1.337395505200952 -0.23208450611461373 0.19177570255411047 -0.3325011735760455 -0.897890670804541 -0.9593776881994032 -1.0736198388620464 -1.5258586709437838 -2.1672883257789435 -3.0317448543599634 -4.082481577652046 -5.149954412187699 -6.316024771658309 -7.35802961082331 -8.376385597144134 -9.448588202248622 -10.302129875670792 -10.990857236194307 -11.06180379472684 -11.080359048496888
-1.7143218366866158 -1.4876566778878044 -0.5726279870707733 0.1528460524875408 0.5748871186297897 0.912519971543589 1.204674261295508 1.4418904467478753 1.781706270693445 2.1051498119007377 2.4576996335316332 2.522824935979446 2.495537798082318 2.3278128571413035 2.0600350772441525 1.828640147876505 1.43788833318963 1.1108065069293869 0.6811250421759423 0.24744146386425192 -0.2066165107439608 -0.8706035329074129 -1.1634854796699217 -0.9524649465987973 -0.6839595096910562 -0.28847792443534526 -0.9331820358181601 -1.49165879144605 -1.5826159177698105 -1.8824106061329253 -2.3695769747229867 -3.1419848914643613 -4.007169077055972 -4.889089373891154 -5.956562208426807 -6.959273569019944 -7.915414880935315 -8.86391579423949 -9.700721356418088 -10.486954756360674 -10.63612444353164 -10.70743483056947 -10.79257070080851
-1.6197264253099046 -1.5033013036154912 -0.4984069719905846 -0.2906608954671155 0.10118240473564488 0.3187518509020799 0.6840356702183026 1.084610854548144 1.3949565695648152 1.5826920782970568 1.8268210053500302 1.8297316333923905 1.78279775620933 1.618711100321266 1.4771818117614945 1.2767123053439262 1.0504109750504098 0.765169426899097 0.342400703746258 -0.15276989196029467 -0.5384281075730393 -0.8989821563204261 -1.1500238249740051 -1.2631744901207633 -1.1060005758333051 -1.2428000938242412 -1.7543429722690704 -2.044314290989219 -2.2924453316004376 -2.6791950327290674 -3.3206246875642274 -4.117772942665664 -4.9163765117882825 -5.765916071652206 -6.637285341833832 -7.547220433576732 -8.52482762730451 -9.362724674998994 -10.058000948617819 -10.492776012445395 -10.58919056634858 -10.557173657882617 -10.643037185132247
-1.3606805295398348 -1.0306880752372314 -0.5318791944777286 -0.46420709249285075 -0.5424302211312848 -0.48858360234761844 -0.20952713878632112 0.256537176496628 0.5952615149263123 0.8168330746509931 1.0387684628809686 1.1253596471411889 1.1235405046147136 1.084610854548144 0.9761899599702215 0.8503052971381366 0.6833080132077123 0.3551347014315842 0.0014933942848032178 -0.46347943548226067 -0.8382227959361541 -1.1663961077122822 -1.4701929096336424 -1.700496353485404 -1.9515380221389833 -2.1694712968107135 -2.4361575911919795 -2.6449951532313336 -3.027742740801718 -3.604774750199655 -4.24656823354011 -4.969131645056064 -5.7328076776703565 -6.49575605327406 -7.342384985095624 -8.139169411691766 -9.03564284873875 -9.68216610264804 -10.257378969519502 -10.644128670648133 -10.740543224551319 -10.71834968572832 -10.862789602330453
-1.604809456592808 -1.0921750926320937 -0.8909779292039353 -0.9360926638605205 -1.2027789582417863 -1.284640371933171 -0.9117161540057526 -0.25937164401174195 0.06880166776438612 0.256537176496628 0.6058125415798685 0.912519971543589 1.1293617606994342 1.2465145394044377 1.172293524324249 0.9350773388718816 0.5814360317251006 0.16739919269934256 -0.23499513415697404 -0.5911832408408204 -0.9262692942175543 -1.3071977392614635 -1.7230537208136967 -2.139273530871225 -2.4710851277003036 -2.6781035472131824 -2.880392196157226 -3.262048298211725 -3.796512372490142 -4.439761169851777 -5.15868629631478 -5.874336966230128 -6.555060099637152 -7.242695974644782 -7.929240364136526 -8.616512410638862 -9.24848252433635 -9.822603905691928 -10.347244610327378 -10.607745820118629 -10.786749444723789 -10.96720838335013 -11.158582177135322
-2.2895347035580773 -1.8969637463447269 -1.6430114496487875 -1.1947747311252954 -1.0481518434913935 -0.9750223139270899 -0.6577638573098132 -0.005419347315802403 0.4781087362213088 0.9019689448900328 1.2428762543514875 1.5619538534952395 1.6576407503878354 1.6772874896737677 1.43788833318963 0.989651614666138 0.4486386272924101 -0.06399573666830438 -0.5024090855488301 -0.7709145224565712 -1.0728921818514563 -1.4359930301359085 -1.8511213546775516 -2.235688084774411 -2.5667720245928995 -2.9036772204961085 -3.2718716678546915 -3.8656397884962006 -4.602028683213366 -5.328594208287565 -6.013319455252834 -6.635102370802061 -7.2055854671046875 -7.809904614399753 -8.365834570490577 -8.787511808127531 -9.106953235776578 -9.615585486179047 -10.102024197758519 -10.481861157286543 -10.835502464433324 -11.204424568802498 -11.459468351014323
-2.91531973266555 -2.5660443675823092 -1.7026793245171743 -1.0376008168378372 -0.7952910323113391 -0.5893640983143453 0.07862503740735227 0.6461975056676181 1.0180302380791513 1.4800924398038549 1.6547301223454751 1.8257295198341448 1.867569797943075 1.6430876101760339 1.3043632717463496 0.7935480503121102 0.2641775751078239 -0.28847792443534526 -0.6213810067803089 -0.8218505131978772 -1.069617725303801 -1.4028846361540595 -1.8060066200209663 -2.2036711763084473 -2.604974017648879 -3.024832112759358 -3.682270221827499 -4.42047825907114 -5.203437202466071 -6.005315228136343 -6.691859617628088 -7.287446880796072 -7.820819469558604 -8.222122310899035 -8.600867784911175 -8.67909091354961 -8.95341760654207 -9.388192670369646 -9.839340016935498 -10.310134102787284 -10.771104818996102 -11.17932040193714 -11.499489486596776
-2.737771422081569 -2.6537270373584145 -1.8147385041480473 -1.217332098453588 -0.9008012988469013 -0.3139459198059982 0.43408548708060857 0.9525411071260435 1.163561640197168 1.3229185255163964 1.453532958917317 1.4877328384150508 1.3727630307418173 1.1937594061366565 0.9252539692289157 0.4497301128082951 -0.0239746010858497 -0.4827623462628978 -0.7680038944142109 -0.9622883162417635 -1.1623939941540367 -1.4359930301359085 -1.8111002190950969 -2.2396901983326565 -2.689018402372034 -3.357007538093731 -4.056285925270802 -4.8850872603329085 -5.708431167815589 -6.49648371028465 -7.196853582977607 -7.804083358315032 -8.263234931997376 -8.615784753628272 -8.634340007398318 -8.68200154159197 -8.912668813949026 -9.217193272880976 -9.63814285350734 -10.059092434133705 -10.52697589194313 -10.985763637120177 -11.308115692811585
