static/data/ASCData/20210119/ASCV/21.asc
ncols 97
nrows 97
xllcorner 99.0
yllcorner 2.0
cellsize 0.25
NODATA_value -32767
[rows 19 to 37 of 97, columns 0 to 42 of 97]
0.7580561155678631 0.9828967075692212 1.766990575353391 1.900688632296076 1.5431552319004744 0.8146851171300531 0.267829906778017 1.4017502694197392 1.6440151695940792 1.404766015065063 1.1625011148907234 1.2355491760774537 1.532432580717101 1.066667419939325 -0.16777779754652178 0.3294851510824133 0.3733810043643473 0.8693036215953609 1.5180240181894433 1.4017502694197392 0.757050867019422 -0.5876366079454813 -0.915682717586807 -0.9059653149518749 -0.8758078584986377 -0.9331070257597884 -1.1998329739461984 -0.9029495693065512 -0.6080766617637865 -0.19123359701015108 0.059743457250679644 0.03561749208808962 -0.04547255748617074 -0.6120976559575515 -1.8230870739797693 -2.188997545612382 -1.8425218792496334 -1.0007937613548323 0.4779268534022365 1.4074466778609063 1.3390897765669019 0.7992713060539542 0.4125856977535558
0.38008266135395585 0.6565260121752976 1.3782944699561104 0.7580561155678631 -0.0689283569497996 -0.43818965707721635 0.522827955232612 1.0901232194029538 1.5079715327050307 0.826413016861868 0.6427876153466006 1.1497679666104679 1.6105068846460378 1.0988353734894445 -0.22239630201182958 -0.05921095431486778 0.47290061066003064 0.9339746115450809 0.926937871705992 0.4896547531340514 1.4017502694197392 0.884047266972499 0.3576321104387681 -0.07495984824044699 -0.11583995587705775 0.32077299699592254 0.5861586137844106 0.4015279637207021 0.32747465398553066 0.4290047573780962 -0.0769703453373296 -0.4254565087969606 -0.7545078669867276 -1.1472249665777734 -1.7359655331148616 -1.8338097251631427 -1.4069141749250946 -0.23010320754987923 1.2298527676362867 1.74152427879288 1.326356628286646 0.7024323625541142 0.13815284402909667
0.4095699521082321 0.26012300123996734 0.368354761622141 0.3020083574250192 -0.3386700507815332 -0.6637004147775354 0.1565824007505192 0.9828967075692212 1.3226707169423615 0.48362326184340354 0.7523597071266961 1.165516860536047 1.225831773442522 0.46988486501470694 -0.3912780581499584 -0.2351294502920851 0.39884730092485876 0.8488635677770553 1.1243016700499564 0.6876887171769761 1.2201353650013549 1.1155895159634652 0.668253911907112 0.008140698430695537 0.1234091986519581 0.630054467066345 0.9369903571904046 0.8244025197649854 1.1594853692453997 0.8997961608980787 0.4095699521082321 0.005124952785371839 -0.234124201743644 -0.5427355061151058 -0.8999338236612275 -0.9783432104396446 -0.18922309991326847 1.1849516658059112 2.1466394438147005 2.149655189460024 1.5042856213607463 0.6380964554538746 -0.10210155904836071
0.865617710251076 0.4035384608175847 -0.24183110728169366 -0.23982061018481104 -0.3269421510497188 -0.5581493171912049 -0.3745239156759377 0.6019075077099902 1.2094127138179815 0.3509304534491595 0.870308870143802 1.5930825764730558 1.0656621713908838 0.9212414632648249 0.3636636017294155 0.06577494854132704 0.4437484027552343 0.8177008627753768 1.6497115780352463 1.118605261608789 1.2171196193560312 1.18394641725747 1.0609710114981579 0.5003774043174243 0.41828210619472284 0.8441724078843298 0.29128570624164585 0.2765420608645077 0.9125293091783342 1.4211850746896033 1.0227715666573904 0.7054481081994379 0.5305348607706617 -0.05049880022837705 -0.3601153531482799 0.059743457250679644 1.0023315128390853 2.2277294933889613 2.6428971438951945 2.4562559967346034 1.7063405795974362 0.7687787667512365 -0.2867322091120692
1.6145278788398025 1.214103873710707 0.2648141611326933 -0.014309852484492236 -0.10109631049991963 0.20449924822621846 0.38912989828992695 0.36265835318097395 0.8870630126178227 0.6293843013673839 0.8294287625071917 1.2228160277971982 0.9524041682665034 0.8089887086888861 0.9075030664361279 0.6086091646995984 0.24537935586282922 0.5090895584039155 1.7941322861613043 0.9554199139118271 1.0197558210120667 0.9885931160103882 0.865617710251076 0.9681530621920831 0.8860577640693816 0.5305348607706617 -0.23010320754987923 -0.3249316539528364 0.23465670467945587 1.1165947645119068 1.35383342194404 1.0355047149376464 0.3459042107069532 -0.23613469884052662 -0.1734742059876888 0.45145530829328395 1.4747983306064696 2.2913952347902398 2.5939750478710537 2.5668333370631404 1.8159126713775318 0.9818914590207801 -0.07495984824044699
1.9623438766004724 1.9037043779413998 0.9279431202544335 0.6039180048068724 0.9952947729999968 1.3022306631240563 1.165516860536047 0.8977856638011961 0.5570064058796147 0.8743298643375672 0.8431671593358883 0.3371920566204625 0.605928501903755 0.896780415252755 0.9946246073010356 0.9252624574585901 0.45045005974484287 0.4340310001203025 1.5237204266306104 0.42230310038848806 0.20449924822621846 0.3294851510824133 0.5958760164193424 0.6984113683603494 0.6447981124434832 0.0831992567143085 -0.33062806239400344 -0.582610365203275 -0.26729740384220513 0.8351251709483587 1.0824163138649046 0.38912989828992695 -0.30147585448920733 -0.563175559933411 -0.4438860655183834 0.22091830785075883 1.0881127223060716 1.7043300825005536 1.9016938808445176 1.9660297879447577 1.7150527336839265 0.8803613556282146 0.25509675849776103
1.5783389310959177 2.1379272897282102 1.5180240181894433 1.5227151780821688 1.7797237236336465 1.6879110228760132 1.6466958323899221 1.4154886662484363 0.6273738042705017 0.8381409165936824 0.9855773703650645 0.667248663358671 1.169202771880332 1.2365544246258948 1.334398616674176 1.3762839728592278 1.1966795655377256 1.0401958748303723 1.4319077258729767 0.2765420608645077 -0.09137890786498737 -0.5571440686427636 -0.24953801281974286 0.059073291551718476 0.05203655171263 -0.007608195494883674 -0.19022834846170955 -0.6794493087031148 -0.47337335627265986 0.6779713145420443 0.592190105075058 -0.1031068075968018 -0.576913956762108 -0.7682462638154246 -0.7585288611804926 -0.1265626070604311 0.25710725559464365 0.6350807098085509 0.8099939572373276 0.972844222084809 0.8763403614344494 0.8019519688497976 0.2989926117796955
1.5364535749108659 2.1449640295672983 1.4396146314110263 1.7951375347097458 1.6761831231441988 1.2650364668317304 1.0033367613875264 0.948718256922219 0.5560011573311732 1.0334942178407638 0.5560011573311732 1.1350243212333293 1.0412011233788134 0.9983105186453205 1.3186497227485967 1.773692232342999 1.8256300740124636 1.086102225209189 1.423195571786486 1.138040066878653 0.5637080628692228 -0.502525564177456 -0.855032721830852 -0.516263961006153 -0.21368414792533885 -0.10712780179056702 -0.043462060389288126 -0.46164545654084543 -0.5269866121895261 0.19846775693557106 0.13614234693221405 -0.3601153531482799 -0.7575236126320515 -0.9341122743082297 -0.9548874109760155 -0.656998757787927 -0.6901719598864882 -0.5504424116531552 -0.449917556809031 -0.11014354743589072 0.3703652587190236 0.4993721557689832 0.3938210581826529
1.282460775004712 1.7726869837945585 1.494568218725814 1.9847944275156606 1.8139021742806487 1.4171640804958385 0.8294287625071917 -0.252553758465067 -0.22139105346338805 -0.7029051081667439 -0.09841564770407629 0.3264694054370896 0.09325174219872112 -0.007608195494883674 0.14284400392182217 0.6176564016355695 1.2415806673681011 0.8089887086888861 -0.5474266660078315 0.011156444076019234 0.4943459130267769 0.2999978603281366 -0.11382945878017514 -0.43048275153916693 -0.5896471050423637 -0.6647056633259765 -0.798403720268662 -0.713627759350117 -0.6851457171442819 -0.24585210147545844 -0.49582390718784763 -0.976332713342762 -1.248755069970339 -1.3298451195445993 -1.3834583754614656 -1.3512904219113457 -1.4166315775600267 -1.7115044851027914 -1.8230870739797693 -0.7106120137047933 0.41928735474316436 0.934979860093522 0.8166956142269357
0.1937765970428451 1.2767643665635449 1.4721176678106263 1.67718837169264 1.8400386365401213 1.7817342207305296 1.03047847219544 -0.2321137046467614 -0.5387145119213408 -0.34436645922270026 0.09023599655339698 0.04231914907769774 -0.5661913055787346 -0.8764780241975985 -0.863074710218382 -0.5387145119213408 -0.300470605940766 -0.5641808084818523 -0.6590092548848094 -1.0024691756022344 -0.8758078584986377 -0.1764899516330125 0.4407326571099106 0.8314392596040738 0.6320649641632272 0.1937765970428451 -0.4428808169699423 -1.2145766193233367 -1.334536279437325 -1.0778628167353277 -1.2400429158838482 -1.5171564324041509 -1.471250082025334 -1.3120857285221375 -1.1385128124912827 -1.046700111733649 -1.3140962256190196 -2.217479587818217 -2.4490218368091834 -1.0366476262492366 -0.17246895743924773 -0.37385374997697673 -0.6080766617637865
-0.17950569727833665 0.10397439338209402 0.014842355420304099 0.35193570199760105 0.382093158450838 0.5365663520613091 0.8850525155209401 0.08722025090807328 0.03059124934588331 -0.08065625668161402 -0.004592449849559976 -0.6590092548848094 -0.8677658701111077 -1.1150570130276536 -1.0359774605502758 -0.6590092548848094 -0.6921824569833706 -0.8131473656458001 -0.6804545572515561 -0.9381332685019947 -1.1793929201278932 -0.78868631763373 -0.31722474841478676 0.18003820021414807 0.724882913469302 0.6427876153466006 -0.24786259857234105 -1.1150570130276536 -1.5630627827829677 -1.7399865273086266 -1.6186865357967166 -0.7712620094607483 -0.18922309991326847 0.39080531253732875 0.4075594550113495 0.249400350056594 -0.46566645073461044 -1.757410835481608 -2.588416302193036 -1.606958636064902 -1.3982020208386037 -1.5563611257933594 -1.5670837769767327
0.338197305168904 -0.3034863515860897 -0.22340155056027067 -0.20664740808624993 -0.10712780179056702 0.2688351553264581 0.5590169029764969 0.6411122010991988 0.5023879014143069 -0.6764335630577911 -0.3805554069665851 -0.8315769223672229 -0.859053716024617 -1.0601034257128656 -1.1385128124912827 -0.919703711780572 -0.8024247144624268 -0.8014194659139857 -0.7008946110698613 -0.5249761150926437 -0.7575236126320515 -1.0279354721627458 -0.8804990183913635 -0.9840396188808116 -0.4683471135304538 0.8351251709483587 0.795250311860189 -0.05720045721798517 -1.3365467765342074 -1.7319445389210966 -1.4498047796585878 -0.31621949986634545 1.7033248339521125 2.4669786479179767 1.6007894820111055 1.0060174241833697 -0.02201675802254144 -1.188105074214384 -2.2710928437350835 -2.6148878473019885 -2.1822958886227735 -1.708823822306948 -1.6481738265509929
0.9564251624602687 -0.04078139759344479 -0.2270874619045551 -0.055189960121102555 0.249400350056594 0.6183265673345302 0.25811250414308473 0.32747465398553066 0.16931554903077517 -1.0125216610866468 -0.6509672664972797 -0.5095623040165447 -0.5095623040165447 -0.792707311827495 -0.8764780241975985 -1.061108674261307 -0.9126669719414833 0.10866555327481997 0.3351815595235803 0.5238332037810536 -0.3963043008921645 -0.782989909192563 -1.0085006668928818 -1.1100307702854473 -0.7213346648881667 0.4340310001203025 0.8900787582631464 0.6967359541129472 -0.24183110728169366 -1.0788680652837688 -1.1157271787266143 -0.304491600134531 1.7190737278776917 2.980660656171452 2.154681432202231 0.9631268194498768 0.016852852517186268 -0.84531531919592 -1.9976652385590652 -2.513357743909423 -2.8434143506476315 -2.376643941321414 -2.7934870060750496
0.7590613641163046 0.2648141611326933 0.06979594273509182 0.017858101065627796 0.32077299699592254 0.1575876492989603 -0.19894050254820028 0.1857346086553151 0.13915809257753775 -0.5601598142880873 -0.4214355146031956 -0.2713183980359699 -0.3922833066983997 -0.6697319060681828 -0.40702695207553785 -0.5886418564939224 -0.12756785560887218 0.896780415252755 1.1829411687090285 1.4389444657120656 0.4437484027552343 -0.6070714132153452 -0.8366031651094292 -1.131476072652194 -0.7437852158033544 -0.9518716653306918 -0.7819846606441216 0.3351815595235803 0.5590169029764969 -0.2632764096484399 -1.3982020208386037 -0.5913225192897658 1.2921781776396437 2.5597965972240515 2.0042292327855242 0.7151655108343702 0.03059124934588331 -0.6901719598864882 -1.7996312745161402 -2.6909516541340426 -3.0240240065175747 -3.570879216869611 -3.9917432758170115
-0.02034134377513963 0.16730505193389256 0.25409150994931995 -0.04078139759344479 -0.22340155056027067 -0.3862518154077521 -0.12086619861926406 0.3713705072674651 0.6819923087358091 0.19746250838712998 0.17233129467609887 0.01383710687186257 -0.20463691098936732 -0.31119325712413937 -0.04848830313149444 0.13312660128689036 0.6984113683603494 0.8156903656784946 1.0442168690241371 1.4533530282397233 1.437939217163624 0.2172323965064744 -0.7732725065576309 -1.0681454141003957 -1.3697199786327685 -1.953769385277131 -2.2439511329271697 -0.8386136622063116 -0.18419685717106216 0.07448710262781777 -1.2916456747038318 -1.4625379279388433 0.42431359748537023 2.2384521445723347 1.829315985356748 0.7543702042235787 0.1937765970428451 -0.6452708580561126 -1.71049923655435 -2.6480610494005496 -3.5367007662226086 -4.084561225123086 -4.639458423862653
-0.39797971513956676 -0.14901315797561887 -0.20664740808624993 -0.20664740808624993 -0.30817751147881567 -0.33766480223309214 0.02858075224900114 -0.012299355387609623 0.4611727109282162 0.22594455059296514 0.5804622053432436 0.5238332037810536 -0.08065625668161402 -0.21267889937689732 -0.1265626070604311 0.19578709413972772 0.17903295166570699 0.22996554478672993 0.6009022591615487 0.926937871705992 1.4747983306064696 1.0854320595102283 -0.145327246631334 -1.070826076896239 -1.4477942825617052 -1.6411370867119044 -1.968513030654269 -1.7594213325784906 -1.6287390212811288 -0.49381341009096524 -0.6452708580561126 -1.0212338151731375 -0.1919037627091118 1.4768088277033522 1.8353474766473954 0.9604461566540334 0.31876249989903993 -0.5795946195579513 -1.6528649864437188 -2.87457705564931 -3.8355946679591386 -4.545635226008137 -5.040552594690709
-0.20664740808624993 -0.2662921552937636 -0.1969300054513181 0.19947300548401214 0.5315401093191032 0.27486664661710547 -0.20463691098936732 -0.5075518069196623 -1.1237691671141443 -1.0141970753340488 0.3371920566204625 0.26112824978840843 -0.14432199808289292 -0.4489123082605897 -0.7508219556424431 -1.0416738689914429 -0.9880606130745766 -0.37083800433165304 0.09693765354300554 0.3978420523764177 0.7228724163724198 0.8713141186922431 -0.034749906302797395 -0.943159511244201 -1.1870998256659426 -1.4967163785858455 -1.4937006329405218 -1.5962359848815288 -1.7068133252100655 -1.6287390212811288 -0.6697319060681828 -0.30248110303764864 0.2172323965064744 1.2482823243577097 1.7777132265367643 1.0197558210120667 0.15859289784740183 -0.5611650628365286 -1.4176368261084678 -2.7117267908018285 -3.8687678700576997 -4.711501236500942 -5.311299537070884
-0.02034134377513963 -0.1423115009860103 -0.32861756529712083 0.7208619192755372 1.4144834176999952 0.7630823583100694 -0.145327246631334 -0.24953801281974286 -1.0242495608184612 -1.5700995226220564 -0.6931877055318119 -0.12086619861926406 -0.49280816154252394 -1.1033291132958392 -1.708823822306948 -1.8287834824209364 -1.1911208198597076 -0.8952426637685018 -0.9381332685019947 -0.939138517050436 -0.3882623125046347 -0.2009509996450829 -0.6580040063363684 -1.0182180695278138 -1.2758967807782526 -1.822081825431328 -1.6970959225751336 -0.9987832642579497 -1.5319000777812892 -1.3325257823404426 -1.1401882267386847 -0.5749034596652256 0.046340143271462964 0.8049677144951213 1.6711568804019925 1.0988353734894445 -0.04748305458305335 -0.8258805139260559 -1.5396069833193387 -2.5445204489111015 -3.6130996559041435 -4.479288821811014 -5.1226478928134105
1.081411065316463 0.5600221515249384 -0.023022006570982967 0.7299091562115083 1.6564132350248544 1.107882610425416 -0.07495984824044699 -0.2652869067453225 -0.5514476602015965 -0.5789244538589904 0.07750284827314147 0.05203655171263 -0.47638910191798356 -1.2360219216900832 -1.6267285241842464 -1.54061223186778 -1.4360663828298907 -1.2497603185187802 -1.2427235786796915 -1.2916456747038318 -1.042679117539884 -1.0641244199066306 -1.2360219216900832 -1.4380768799267731 -1.6833575257464366 -1.8160503341406806 -1.9547746338255723 -1.6900591827360447 -1.414621080463144 -1.5319000777812892 -1.5386017347708973 -0.9713064706005559 -0.060216202863308865 0.9604461566540334 1.856792779014142 1.4114676720546715 0.6370912069054335 -0.5447460032119882 -1.5054285326723365 -2.1997201967957554 -3.0464745574327625 -3.969292724901824 -4.822078576829479
