static/data/seaWind_uo/2023/7/5/0.asc
ncols 137
nrows 93
xllcorner 108.0
yllcorner 17.0
cellsize 0.25
NODATA_value -32767
[rows 38 to 56 of 93, columns 88 to 131 of 137]
8.932989649527943 8.727175274974774 9.339813393780899 9.496776885658022 9.42069764214615 9.288560008678164 9.345419232776509 9.371045925327877 9.505586061222555 9.491971880804641 9.06592811713816 8.633477680333838 8.473310851887794 8.543784256404052 8.85130456702046 9.439116827417447 10.027729921956663 10.498620397588036 10.568292967962066 10.1638717261358 9.787479679287594 9.74103129903824 9.45833684683097 9.071533956133772 8.575817622093261 7.445039813264183 5.510224525635955 3.559392555163122 1.869632515057344 0.9799057830395626 0.33763680097092097 -0.5472849261934796 -1.7773661686591076 -3.334187741154668 -4.147034395518348 -4.115801863971369 -3.7682398462434508 -3.4431011844979786 -3.367021940986107 -3.8130865582083437 -4.228719478025831 -4.50740975952195 -4.591497344456124 -4.638746558847707
9.564046953605361 9.885982278781913 10.44416367591638 10.484205383027891 9.94524400530695 9.628113684983779 9.556038612183059 9.682570406655435 10.044547438943498 10.384101115249113 10.142249204295585 9.647333704397305 9.285356672109243 9.115579833956435 8.985043868772907 8.793644508779883 9.061123112284779 10.112618341033066 10.573898806957677 10.298411862030479 9.639325362975002 9.158024043494637 8.53337341255506 8.03845791265678 7.694099231497782 7.1911753901772 6.333482023848628 5.021715698875516 3.603438432985785 2.358942175960013 1.3947378687148198 1.105636743369708 0.24554087461444496 -1.1623255474262935 -2.550971950053506 -3.16361006885963 -2.9954348989912822 -2.4492660139902678 -1.9815788749278154 -1.7765653345168773 -1.8150053733439282 -2.054454781870766 -2.188994917765444 -2.0880898158444356
9.936434829742417 10.004505731831987 9.961260688151555 9.87637226907515 9.705794596780112 9.762653820878457 9.985285712418461 10.286399349897026 10.644372211473938 10.800534869208832 10.706837274567896 10.421740319933933 10.010912404969828 9.754645479456155 9.495976051515791 8.988247205341828 9.13560068751219 9.871567264221769 10.388906120102495 10.151058379860117 9.621707011845938 9.140405692365572 8.540580919835133 8.059279600354765 7.785394323712028 7.201586234026193 6.457611315894313 5.945878299009198 4.82471049988688 3.596230925705713 2.2756554251680687 1.9377034171469139 1.6237764333926648 0.5122186439771101 -0.5825216284516095 -1.3745465951173035 -1.5219000772876652 -1.2047697569644955 -0.5905299698739117 0.2687650647391213 0.7845022523353871 0.9142373833766841 1.1624959674680544 1.3883311955769781
10.320034383870695 10.201510930820621 10.134240862873282 10.001302395263066 9.87477060079069 9.978078205138388 10.331246061861918 10.611538011642498 10.698028099003363 10.778111513226385 10.602728836077965 10.573898806957677 10.205515101531773 10.041344102374577 9.834728893679179 9.964464024720474 10.086190814339469 10.525848758423864 10.310424374163933 10.004505731831987 9.713802938202415 9.245314964997732 8.598240978075708 8.051271258932463 7.730136767898143 7.344134711343173 6.707471568270144 6.161302683269129 5.555071237600847 4.473945145590042 3.275897268813622 2.624819111180448 2.3357179858353363 2.0025709826675615 1.1256575969254636 0.6323437653116444 0.3120101084195537 0.5402478389551684 0.9438682466392025 1.71266902318022 2.503893155703684 3.187004679026067 3.563396725874273 4.18724652267162
10.432151163782928 10.348063578848754 10.364881095835589 10.23194262822537 10.097402492330692 10.131037526304361 10.434553666209618 10.493014558592424 10.578703811811058 10.611538011642498 10.450570349054223 10.467387866041056 10.252764315923356 10.08859331676616 10.222332618518609 10.578703811811058 10.61794468478034 10.5426662754107 10.325640222866307 9.951650678444791 9.618503675277017 9.144409863076723 8.365999076828942 7.818228523543468 7.738145109320445 7.624426661123753 7.017394381313242 6.302249492301648 5.693615544206677 5.126624971507676 4.180039015391548 3.4809108092245604 3.083697074678368 2.749749237368363 2.5599515456597994 2.301282117719436 2.0970694114507284 2.193169508518356 2.59759075034462 2.9635719533438336 3.649886813235138 4.36503170224673 5.025719869586666 5.651171334668474
10.096601658188462 10.154261716429039 10.182290911407096 10.111817506890837 9.977277370996159 10.0181199122499 10.258370154918968 10.296810193746019 10.40892697365825 10.455375353907604 10.453773685623144 10.381698612822422 10.177485906553715 10.329644393577459 10.472192870894439 10.62355052377595 10.352868583702135 10.279992676759184 10.236747633078751 9.869965595937309 9.436714324990756 8.964222181074922 8.18020555583153 7.71892508990692 7.651655021959581 7.689294226644401 7.184768717039358 6.456009647609852 5.91784910403114 5.3612693751811324 4.814299656037887 4.300964970868312 3.8941412266153566 3.6795176764976563 3.5113425066293087 3.5073383359181576 3.5842184135722595 3.672310169217584 3.878124543770752 4.217678220076369 4.622900296044863 5.129828308076597 5.790516475416535 6.3358845262753185
9.189256575041615 9.325398379220754 9.49117104666241 9.42149847628838 9.543225265907376 9.676964567659823 9.929227322462344 10.103809165468535 10.216726779522997 10.384101115249113 10.453773685623144 10.23594679893652 10.111817506890837 10.265577662199039 10.392910290813646 10.252764315923356 9.862758088657236 9.929227322462344 9.885982278781913 9.576860299881044 9.165231550774708 8.701548582423408 8.152176360853472 7.690095060786632 7.542741578616269 7.451446486402023 7.055834420140291 6.62578648576266 6.086825108041717 5.651972168810705 5.246750092842209 4.8943830702609095 4.702983710267885 4.486758491865725 4.451521789607595 4.485957657723494 4.641319481316158 4.75663959779731 4.962453972350479 5.149048327490123 5.439751121119695 5.829757348385815 6.222966912220857 6.769135797221871
7.838249377099224 7.996013703118578 8.270699813903546 8.752801967526143 9.003463054044204 9.407083461728238 9.70098959192673 9.958858185724862 10.130236692162132 10.306420203452781 10.308021871737242 9.791483849998746 9.702591260211191 9.883579776355221 9.992493219698533 9.551233607329678 9.479158534528958 9.532814422058383 9.339813393780899 8.985844702915138 8.630274343764917 8.17700221926261 7.747755119027207 7.525924061629436 7.390583091592527 7.307296340800583 7.134316166078854 6.716280743834675 6.26941529247021 5.8689982213550955 5.606324622703582 5.438950286977464 5.309215155936167 5.318825165642931 5.348456028905449 5.4101202578571765 5.447759462541997 5.519834535342717 5.570287086303221 5.728852246464806 5.914645767462218 6.175717697829272 6.478433003592299 6.744309938812734
7.072651937127127 7.11910031737648 7.7205267581913795 8.42926497406513 8.970628854212764 9.480760202813418 9.759450484309538 9.94844734187587 10.058161619361412 10.05415744865026 9.976476536853928 9.605690329001334 9.781073006149754 9.968468195431626 9.868363927652847 9.306178359807229 9.341415062065359 9.234103287006509 8.965023015217152 8.580622626946644 8.252280628632251 7.908722781615483 7.680485051079868 7.515513217780441 7.4146081158594335 7.388981423308065 7.22641209243533 6.805974167764461 6.381532072382441 6.057995078921429 5.802528987549987 5.759283943869555 5.784109802278692 5.84417236294596 5.929861616164594 6.001936688965314 5.980314167125098 5.9490816355781195 5.9402724600135866 5.9675008208494145 6.057194244779199 6.222166078078626 6.435988794054097 6.674637368438704
7.90071444019318 7.910324449899944 8.467705012892182 9.080343131698305 9.48956937837795 9.702591260211191 9.709798767491263 9.785077176860904 9.865961425226157 9.90760480062213 9.896393122630906 9.628113684983779 9.69858708950004 9.821915547403494 9.789882181714285 9.49117104666241 9.159625711779096 8.915371298398878 8.71115859213017 8.507746720003693 8.252280628632251 7.921536127891168 7.738945943462674 7.675680046226487 7.65325669024404 7.504301539789219 7.235221267999863 6.885256747845254 6.521678047272731 6.193336048958338 5.915446601604449 5.817744836252361 5.866595718928405 6.0211567083788395 6.19894188795395 6.241386097492152 6.211755234229633 6.158099346700208 6.09563428360625 6.081219269046105 6.234979424354309 6.281427804603663 6.4127646039294195 6.533690559406184
8.802453684344416 8.793644508779883 9.081944799982764 9.245314964997732 9.373448427754568 9.222090774873054 9.105168990107442 9.20367158960176 9.369444257043417 9.479158534528958 9.474353529675577 9.287759174535934 9.289360842820393 9.408685130012698 9.470349358964425 9.405481793443776 8.933790483670172 8.588630968368946 8.347579891557647 8.207433916667357 8.211438087378509 8.060881268639227 7.967984508140519 7.996814537260809 7.987204527554045 7.704510075346775 7.4049981061526715 7.0950752931095735 6.748314109523886 6.389540413804744 6.074011761766034 5.824151509390203 5.831359016670275 5.95548830871596 6.119659307873157 6.171713527118122 6.311058667866181 6.2646102876168275 6.184526873393805 6.1829252051093455 6.596155622500142 6.604163963922444 6.65701901730964 6.66102318802079
8.537377583266212 8.806457855055568 9.070733121991543 9.035496419733413 8.927383810532332 8.739187787108229 8.63748185104499 8.776026157650819 8.804856186771106 8.723971938405853 8.834487050033625 8.997056380906361 9.20847659445514 9.222090774873054 8.984243034630678 8.77682699179305 8.603045982929089 8.481319193310096 8.417252461931676 8.401235779087072 8.365999076828942 8.123346331733185 8.129753004871025 8.160985536418005 8.091312966043974 7.785394323712028 7.404197272010441 7.201586234026193 6.94371764022806 6.5657239250953925 6.175717697829272 5.827354845959125 5.7160389001891225 5.762487280438476 5.975509162271717 6.176518531971503 6.37672706752906 6.4215737794939525 6.213356902514093 6.297444487448267 6.548105573966328 6.599358959069063 6.644205671033955 6.832401694458058
8.131354673155487 8.586228465942256 8.795246177064344 8.70875608970348 8.562203441675347 8.370003247540094 8.247475623778868 8.285114828463689 8.21864559465858 8.1449688535734 8.42606163749621 8.777627825935278 8.960218010363771 8.510149222430384 8.368401579255634 8.258687301770092 8.201027243529516 8.18020555583153 8.225052267796423 8.272301482188006 8.17459971683592 7.919133625464475 7.9944120348341166 8.159383868133544 8.080902122194981 7.606808309994689 7.103884468674105 6.953327649934822 6.885256747845254 6.567325593379854 6.247792770629994 5.878608231061859 5.6663871833708495 5.67119218822423 5.84817653365711 6.046783400930206 6.249394438914454 6.420772945351722 6.4263787843473335 6.6321931589005025 6.681844875718776 6.759525787515107 6.8620325577205765 7.040618571437918
7.740547611747136 8.15057469256901 8.452489164189807 8.434870813060742 8.332364042855273 8.243471453067718 8.121744663448723 7.82863936739246 7.675680046226487 7.620422490412601 8.17459971683592 8.522962568706067 8.347579891557647 7.874286913499583 7.869481908646202 7.899913606050951 7.851062723374907 7.885498591490807 7.9351503083090815 8.18020555583153 8.166591375413617 7.978395351989512 8.00322121039865 8.160985536418005 7.948764488726994 7.4914881935135345 7.054232751855832 6.864435060147267 6.739504933959353 6.589748949362301 6.279025302176972 6.087625942183948 5.904234923613226 5.793719811985454 5.60232045199243 5.8017281534077565 6.144485166282294 6.408760433218269 6.741907436386043 7.063842761562594 7.137519502647775 7.280067979964755 7.3873797550236056 7.235221267999863
7.449043983975333 7.813423518690087 8.148973024284551 8.168193043698077 8.269098145619084 8.18020555583153 8.00322121039865 7.674078377942028 7.386578920881375 7.25924629226677 7.818228523543468 8.128151336586566 7.951967825295915 7.694099231497782 7.642045012252817 7.593194129576775 7.622024158697062 7.655659192670731 7.794203499276561 8.03925874679901 8.139363014577789 8.090512131901745 8.070491278345989 8.070491278345989 7.8590710647972095 7.613214983132529 7.295283828667129 7.070249434700436 6.769936631364102 6.619379812624818 6.5521097446774785 6.422374613636183 6.45040380861424 6.146086834566754 5.873803226208478 5.893824079764233 6.236581092638771 6.749915777808345 7.152735351350149 7.499496534935837 7.722128426475841 7.864676903792821 7.757365128733971 7.542741578616269
7.2480346142755465 7.638040841541667 7.838249377099224 7.899112771908721 8.048067922363543 8.082503790479443 7.908722781615483 7.667671704804185 7.320910521218497 7.138320336790006 7.4194131207128144 7.734140938609293 7.695700899782244 7.589189958865623 7.588389124723392 7.4146081158594335 7.501899037362529 7.47386984238447 7.622024158697062 7.749356787311669 7.870282742788433 7.919133625464475 8.004822878683111 8.016034556674333 7.880693586637426 7.686891724217711 7.470666505815549 7.292881326240439 6.982157679055112 6.76433079236849 6.688251548856618 6.765131626510719 6.946120142654751 6.610570637060286 6.4127646039294195 6.439992964765247 6.720284914545827 7.231217097288711 7.613214983132529 7.909523615757713 8.173798882693688 8.14576968771563 8.023242063954406 7.459454827824326
7.195980395030581 7.395388096445908 7.512309881211522 7.662065865808573 7.86307523550836 7.909523615757713 7.758966797018431 7.5579574273186445 7.230416263146481 7.0958761272518025 7.219204585155259 7.067046098131515 6.921294284245613 7.053431917713601 7.3921847598769865 7.374566408747922 7.304893838373893 7.210395409590726 7.232818765573173 7.346537213769864 7.671675875515335 7.920735293748937 8.046466254079082 7.97038701056721 7.806216011410013 7.634036670830515 7.428222296277347 7.3113005115117335 7.090270288256191 6.842011704164822 6.665828192874171 6.754720782661726 6.899671762405397 6.7811483093553235 6.721085748688058 6.962136825499355 7.221607087581949 7.577978280874399 7.976793683705052 8.206633082525128 8.28191149189477 8.194620570391674 7.694900065640013 6.964539327926046
7.133515331936623 7.246432945991085 7.388981423308065 7.65325669024404 7.794203499276561 7.734941772751524 7.538737407905119 7.322512189502957 7.150332848923458 6.990166020477414 6.959734323072665 6.821190016466835 6.656218183167409 6.6586206855941 6.898870928263168 6.9333067963790675 6.839609201738131 6.8075758360489225 6.887659250271945 7.101481966247414 7.5627624321720255 7.795805167561021 7.753360958022819 7.637240007399436 7.557156593176414 7.4914881935135345 7.433828135272959 7.275262975111374 6.950124313365903 6.604163963922444 6.407158764933808 6.4263787843473335 6.3494987066932325 6.474428832881147 6.801969997053311 7.155137853776839 7.515513217780441 7.912726952326635 8.193819736249443 8.188213897253831 8.092113800186205 7.749356787311669 7.1759595414748265 6.496852188863594
6.939713469516908 7.024601888593313 7.202387068168424 7.530729066482817 7.634036670830515 7.542741578616269 7.3337238674941805 7.138320336790006 7.143125341643387 6.870040899142879 6.792359987346547 6.76833496307964 6.673035700154244 6.538495564259566 6.674637368438704 6.747513275381655 6.73309826082151 6.759525787515107 6.839609201738131 6.962136825499355 7.171154536621444 7.186370385323819 7.166349531768063 7.195179560888352 7.22641209243533 7.199984565741733 7.200785399883962 7.161544526914682 6.816385011613454 6.4888438474412915 6.401552925938196 6.548105573966328 6.506462198570356 6.756322450946188 7.073452771269357 7.43703147184188 7.771780143294114 7.987204527554045 7.951967825295915 7.766174304298502 7.466662335104399 7.067846932273746 6.592151451788991 6.0980367860329405
