static/data/seaWind_uo/2023/7/5/12.asc
ncols 137
nrows 93
xllcorner 108.0
yllcorner 17.0
cellsize 0.25
NODATA_value -32767
[rows 38 to 56 of 93, columns 43 to 85 of 137]
1.2057410111484863 1.1528859577612915 0.9927191293152462 0.7724897402019337 0.47698194171898045 0.09818739244408325 0.013298973367679157 0.014099807509909468 -0.08440279198440859 -0.38791893188966453 -1.1158771671769403 -1.8502420756020581 -2.147351542369472 -2.0832848109910542 -1.8542462463132092 -1.5451242674123418 -1.308878195454425 -1.0590179430785942 -0.7410867886131944 -0.2133370888834749 0.2647608940279702 0.8333531350114312 1.4115553857016545 1.9128775587377764 2.5014906532769934 3.1341496256388717 3.4400682679708185 3.3760015365924008 3.1830005083149158 2.894700217112034 2.6728691597142613 2.6184124380426064 2.763363417786277 3.02123201158441 3.5489817113141293 4.069523903763777 4.477148482158961 4.5884644279289635 4.71339455411688 4.804689646331125 4.941632284652494 5.124222469080985 5.324431004638541
1.3627045030256109 1.550900526449714 1.272210244953595 1.0375658412801387 1.0960267336629452 0.836556471580352 0.4401435711763897 0.39289435678480666 0.33363263025976986 0.02210814893221169 -0.7763234908713244 -1.8814746071490371 -2.236244132157027 -2.349161746211489 -2.3707842680517053 -2.3235350536601223 -1.934329660536232 -1.6011826573684576 -1.2303964495158628 -0.7875351688625476 -0.3598897369116063 -0.033149406881674004 0.33763680097092097 0.7812989157664663 1.3643061713100715 2.089861904170657 2.3429254931154078 2.362946346671164 2.3477304979687896 2.355738839391092 2.4326189170451937 2.7353342228082194 3.16378048890139 3.653090149804059 4.2064665420851455 4.7181995589702606 5.075371586404941 5.246750092842209 5.375684389741275 5.474186989235594 5.503017018355882 5.518232867058257 5.603922120276891
1.355496995745539 1.9264917391556904 1.8728358516262653 1.6742289843531686 1.3763186834435248 0.9030257053854607 0.44094440531862 0.4369402346074689 0.42492772247401556 0.3184167815573953 -0.2093329181723238 -1.04380209437622 -1.7885778466503308 -2.132135693667098 -2.695122095654947 -2.9826215527155986 -2.639063705698831 -2.0007988943413406 -1.5531326088346442 -1.2111764301023373 -0.838788553965282 -0.4984340435174359 -0.16208370378074033 0.25515088432120736 0.7364522038015737 1.32426446419856 1.7294865401670543 2.1154885967220234 2.274854591025839 2.696894183981168 3.0308420212911726 3.487317482362402 4.027079694225575 4.550825223244143 4.931221440803501 5.224326736859764 5.442153623546385 5.534249549902862 5.634353817681641 5.663183846801928 5.696818880775597 5.724047241611425 5.760084778011786
1.330671137336402 1.6926481696244644 1.8119724568167679 1.955321768275979 1.7270840377403638 0.9094323785233027 0.3968985274959578 0.416118546909483 0.47297777100782934 0.33363263025976986 0.01810397822106058 -0.7699168177334825 -1.619601842639753 -2.518137750222067 -3.108352513045744 -3.1107550154724346 -2.70633377364617 -2.0624631232930684 -1.4442191654913332 -1.0590179430785942 -0.48001485824614054 0.02851482207005329 0.4385419028919295 0.9951216317419367 1.4980454730625188 1.8600225053505812 2.346929663826559 2.7649650860707378 3.226245551995348 3.663500993653052 4.038291372216797 4.442712614043062 4.870358045994003 5.075371586404941 5.394103575012572 5.599917949565739 5.692814710064447 5.77770312914085 5.832159850812506 5.874604060350707 5.878608231061859 5.861790714075024 5.873803226208478
1.6029547456946784 1.7447023888694289 1.5500996923074841 1.6934490037666943 1.9272925732979203 1.115246753076471 0.6627754627163926 0.6876013211255296 0.7452613793661063 0.2631592257435096 -0.006721880188076401 -0.6505925305411788 -1.4634391849048587 -2.365178429056094 -2.538959437920053 -2.263472492992855 -1.662846886320185 -0.8443943929608935 -0.22454876687469838 0.45135524916761316 1.136869274916687 1.649403125944032 2.1138869284375637 2.6712674914298007 3.0364478602867844 3.3375614977653494 3.733974398169312 3.9710213042694584 4.4331026043363 4.676556183574288 4.918408094527816 5.191492537028324 5.333240180203074 5.539054554756243 5.7160389001891225 5.880209899346319 5.981115001267328 6.057995078921429 6.112451800593085 6.052389239925818 6.005940859676464 5.9634966501382625 5.987521674405169
1.7631215741407238 1.860823339492812 1.6197722626815136 1.4499954245287054 1.7150715256069105 1.3995428735682012 1.232168537842084 1.2417785475488468 0.4897952879946641 -0.056373597006350806 -0.2029262450344822 -0.5144507263620404 -1.2968656833209715 -1.142304693870538 -1.2640314834895323 -0.37670725389844106 0.6996138332589834 1.5228713314716562 2.1202936015754053 2.80981179803563 3.3447690050454217 3.6739118375020445 4.124781459577662 4.309774146432845 4.652531159307381 4.794278802482131 4.962453972350479 5.171471683472568 5.221924234433073 5.444556125973076 5.547062896178545 5.6351546518238695 5.772898124287469 5.872201557924017 6.0443808985035155 6.176518531971503 6.34309203355539 6.418370442925031 6.319067009288483 6.245390268203302 6.134875156575532 6.081219269046105 6.1116509664508545
1.4668129415155402 1.721478198744752 1.6574114673663343 1.4868337950712962 1.3635053371678412 1.401945375994892 1.4371820782530218 1.0832133873872616 0.3304292936908486 -0.2541796301372168 -0.30062801038656994 -0.47921402410391023 -0.1805028890520357 -0.025941899601602092 0.8822040176874748 2.0698410506149005 3.298320624796068 4.001453001674207 4.599676105920187 4.9480389577903345 5.2491525952688995 5.395705243297032 5.4958095110758105 5.682403866215454 5.694416378348906 5.70562805634013 5.770495621860778 5.804931489976678 5.856184875079412 5.917048269888909 6.040376727792365 6.09403261532179 6.1741160295448125 6.2734194631813605 6.379129569955751 6.534491393548414 6.69385738785223 6.66262485630525 6.562520588526473 6.377527901671289 6.230975253643159 6.221365243936395 6.146887668708985
1.0647942021159666 1.3498911567499272 1.2513885572556092 1.0527816899825133 0.9382624076435908 1.0055324755909298 1.2025376745795655 0.5514595169463914 0.10939907043530628 -0.07158944570872494 -0.11403365524692699 0.22391835277422878 0.9791049488973322 2.24282122533663 3.3647898586011773 4.241703244343276 5.071367415693791 5.712034729477972 6.146887668708985 6.476831335307837 6.546503905681869 6.311859502008412 6.328677018995247 6.257402780336756 6.267012790043518 6.230975253643159 6.244589434061073 6.30385116058611 6.371121228533449 6.409561267360498 6.495250520579134 6.516072208277119 6.604163963922444 6.7002640609900705 6.79956749462662 6.842812538307051 6.685048212287697 6.702666563416763 6.689853217141078 6.4840388425879105 6.159701014984668 6.319867843430714 6.199742722096179
0.9718974416172603 0.8918140273942377 0.6996138332589834 0.5098161415504197 0.4913969562791243 0.800518935179992 0.9006232029587702 0.2063000016451637 -0.06678444085534352 0.2823792451570353 -0.16528704034966157 0.93505907107467 2.6312257843182896 4.090345591461762 4.96485647477717 5.539054554756243 6.172514361260353 6.679442373292085 7.063041927420365 7.26084796055123 7.343333877200942 7.111091975954178 6.896468425836478 6.682645709861006 6.531288056979493 6.580138939655537 6.694658221994461 6.784351645924245 6.865235894289498 6.922895952530075 6.97895434248619 6.971746835206119 7.027004391020004 7.117498649092019 7.107087805243026 6.9429168060858295 6.510466369281508 6.673035700154244 6.705069065843453 6.419171277067262 6.117256805446466 6.065202586201501 5.14264165435228
0.775693076770855 1.136869274916687 0.9390632417858211 0.7388547062282642 0.7340497013748828 0.7580747256417899 0.7188338526725087 0.04212900248796725 -0.12764783566484095 0.5074136391237287 1.3266669666252509 2.983592806899589 4.50918184784817 5.5630795790231495 6.134875156575532 6.677039870865395 7.131112829509933 7.561160763887566 7.856668562370519 7.974391181278362 7.97038701056721 7.654057524386271 7.415408950001664 7.224810424150869 7.122303653945401 7.216802082728567 7.288076321387058 7.3385288723475615 7.397790598872598 7.450645652259794 7.441035642553031 7.450645652259794 7.465060666819937 7.4906873593713055 7.385778086739146 6.894065923409785 6.2686144583279795 6.524080549699422 6.691454885425539 6.4752296670233775 6.190933546531648 5.404514418861565 4.292155795303779
0.21110500649854513 0.8437639788604239 1.101632572658557 1.1665001381792055 1.002329139022009 0.6011112337646654 0.19108415294278958 -0.05076775801073907 0.7965147644688408 2.2356137180565576 4.1976573665206125 5.430941945555162 6.395146252800355 6.876447572280721 7.3249146919296475 7.752560123880588 8.064084605208148 8.394028271807 8.526165905274988 8.541381753977362 8.475713354314484 8.270699813903546 8.088109629475055 8.016835390816563 7.992810366549657 7.909523615757713 7.819830191827927 7.8590710647972095 7.876689415926274 7.879091918352964 7.8590710647972095 7.8590710647972095 7.876689415926274 7.825436030823539 7.610011646563608 6.844414206591512 6.391942916231434 6.508864700997048 6.561719754384242 6.355104545688844 6.112451800593085 5.948280801435889 5.454166135679838
-0.35908890276937644 0.42332605418955493 1.119250923787622 1.2698077425269045 1.0952258995207154 0.836556471580352 -0.030746904454983515 0.4153177127672527 1.8936575393242507 3.9670171335583073 5.746470597593872 6.649010675887336 7.313703013938424 7.795004333418792 8.168993877840308 8.542983422261823 8.865719581580604 8.998658049190821 9.258128311273415 9.185252404330464 9.120384838809816 9.029890580737801 8.945802995803627 8.731179445685926 8.619863499915924 8.49813671029693 8.394028271807 8.328359872144121 8.190616399680524 8.136159678008868 8.206633082525128 8.07369461491491 7.986403693411814 7.9271419668867775 7.5627624321720255 6.806775001906692 6.7939616556310085 6.59295228593122 6.504059696143665 6.283830307030353 6.107646795739704 6.099638454317402 6.316664506861793
-0.4439773218457801 0.7348505355171131 1.4243687319773382 1.2706085766691348 0.9718974416172603 1.242579381691077 0.47698194171898045 1.2826210888025882 3.4544832825309624 5.704827222197899 6.705069065843453 7.429823964561807 8.04326291751016 8.43326914477628 8.85370706944715 9.214883267592983 9.41829513971946 9.001060551617512 9.747437972176083 9.91240980547551 9.9492481760181 9.873168932506228 9.610495333854715 9.27174249169133 9.06672895128039 8.78163199664643 8.652697699747364 8.482120027452325 8.341974052562035 8.291521501601531 7.9944120348341166 7.669273373088645 7.5715716077365585 7.517915720207133 7.236022102142092 6.4984538571480535 6.69786155856338 6.689052382998849 6.4840388425879105 6.37432456510237 6.299046155732729 6.313461170292872 6.41516710635611
-0.1508720257895173 0.9967233000263973 1.4291737368307196 1.2617994011046023 0.5442520096663195 1.0583875289781246 1.1456784504812196 3.0933070843851307 5.236339248993216 6.44639963790309 7.308898009085043 7.946361986300303 8.559000105106428 9.000259717475283 9.479158534528958 9.836330561963639 9.875571434932919 9.463942685826582 10.298411862030479 10.620347187207031 10.649177216327319 10.226336789229759 9.910808137191049 9.38305843746133 8.982641366346217 8.67351938744535 8.35478739883772 8.18020555583153 7.941556981446922 7.788597660280949 7.26084796055123 6.7619282899418 6.668230695300862 6.898070094120937 6.673035700154244 6.203746892807331 6.51687304241935 6.544101403255176 6.522478881414962 6.418370442925031 6.473627998738918 6.536893895975105 6.600159793211294
0.21751167963638673 1.063192533831506 1.496443804778059 0.42733022490070605 -0.45118482912585245 0.9654907684794183 2.7521517397950537 4.666145339725295 5.7384622561715695 6.9517259816503625 7.722128426475841 8.39322743766477 9.035496419733413 9.577661134023275 10.058161619361412 10.044547438943498 10.109415004464147 10.427346158929545 10.93667667338797 11.136885208945527 10.517039582859331 10.09339832161954 9.318991706082912 8.624668504769305 8.068088775919298 7.5435424127585 7.22400959000864 7.063842761562594 6.829198357889139 6.618578978482589 6.127667649295459 5.692013875922216 5.702424719771209 5.932264118591284 6.152493507704596 6.0259617132322205 6.342291199413159 6.508864700997048 6.488043013299061 6.548906408108559 6.610570637060286 6.666629027016402 6.7314965925370505
0.5634720290798447 1.2465835524022282 1.1000309043740963 -0.017132724037069558 -0.40233394644980836 1.7767357545586377 4.089544757319532 5.292397638949332 6.285431975314815 7.19277705846166 8.054474595501384 8.854507903589381 9.568851958458742 10.090194985050621 10.403321134662638 10.322436886297385 10.460180358760985 11.124071862669842 11.208159447604016 10.397715295667027 9.750641308745005 8.554195100253045 7.638040841541667 6.681844875718776 6.049185903356896 5.480593662373435 5.393302740870341 5.236339248993216 5.4293402772707005 5.342049355767607 5.081778259542784 5.1186166300853735 5.102599947240769 5.245148424557749 5.527042042622789 5.907438260182147 6.284631141172584 6.4840388425879105 6.581740607939997 6.6586206855941 6.7178824121191365 6.710674904839065 6.766733294795181
0.5554636876575425 0.9230465589412162 0.8189381204512869 0.8109297790289847 1.0303583340000668 3.1269421183588 4.598875271777956 5.518232867058257 6.4175696087828005 7.372163906321232 8.411646622936065 9.253323306420034 10.000501561120835 10.660388894318542 11.104851843256318 11.080826818989411 11.135283540661066 10.730862298834802 9.830724722968027 8.772021986939668 7.3385288723475615 5.996330849969702 4.953644796785946 3.9662162994160775 3.5217533504783014 3.5754092380077265 3.5794134087188776 3.9085562411755013 4.324989995135219 4.5075801795637105 4.628506135040475 4.807892982900045 5.055350732849185 5.215517561295231 5.386896067732499 5.856985709221643 6.307054497155031 6.500055525432515 6.5833422762244584 6.6594215197363305 6.7314965925370505 6.753119114377267 6.735500763248201
0.4425460736030806 0.7396555403704945 0.6267379263160326 0.8733948421229423 2.3156971322795807 4.071926406190467 4.753436261228391 5.536652052329552 6.496852188863594 7.589189958865623 8.668714382591968 9.780272172007523 10.50983207557926 10.958299195228186 10.995137565770776 10.826161561760198 9.761052152593997 8.413248291220526 7.063842761562594 5.623142139690417 3.999050499247517 2.907513563387718 2.1603353086869164 1.9072717197421647 2.1907670060916655 2.664059984149729 3.1709879961814624 3.5882225842834106 3.9173654167400334 4.1976573665206125 4.666145339725295 5.026520703728897 5.351659365474369 5.558274574169769 5.634353817681641 5.922654108884521 6.332681189706397 6.4888438474412915 6.600960627353523 6.7138782414079845 6.742708270528274 6.657819851451869 6.468822993885535
0.23593086490768211 0.07336153403494627 0.22311751863199847 1.180114318597119 2.9675761240549847 4.244906580912197 4.724606232108101 5.523037871911638 6.5561139153886305 7.767775972582964 9.018678902746577 10.008509902543137 10.79893320092437 10.885423288285235 10.147855043291196 8.656701870458514 6.480835506018989 4.113569781586438 2.7929942810487955 1.8800433589063368 1.1464792846234495 0.8733948421229423 1.1320642700633057 1.6125647554014413 2.2083853572207297 2.799400954186637 3.371196531739019 3.8316761635213994 4.131188132715504 4.3506166876865855 4.773457114784145 4.958449801639327 5.24755092698444 5.529444545049481 5.656777173664086 5.836964855665887 6.226170248789778 6.34309203355539 6.435187959911866 6.4928480181524435 6.435187959911866 6.326274516568555 6.397548755227046
