static/data/seaWind_uo/2023/7/5/18.asc
ncols 137
nrows 93
xllcorner 108.0
yllcorner 17.0
cellsize 0.25
NODATA_value -32767
[rows 57 to 75 of 93, columns 44 to 87 of 137]
0.7957139303266105 1.2169526891397098 2.677674164567643 4.6653445055830645 5.53024537919171 5.8730023920662475 6.528885554552803 7.016593547171011 7.805415177267784 9.186053238472695 10.08779248262393 8.900155449696504 5.908239094324378 3.4793091409401 1.5709213800054695 0.035722329350125204 -0.8219710369784472 -0.7474934617510363 -0.5857249650205303 -0.12924950394930113 0.3784793422246624 0.9246482272256769 1.563713872725398 2.274053756883609 3.0220328457266405 3.707546871475714 4.298562468441622 4.687767861565511 4.906395582394364 5.178679190752641 5.434145282124083 5.732055583033727 6.012347532814307 6.1653068539802796 6.31025783372395 6.515271374134889 6.619379812624818 6.5793381055133064 6.517673876561579 6.525682217983881 6.4127646039294195 6.4119637697871905 6.366316223680068 6.381532072382441
1.445190419675324 2.8154176370312416 4.493165165003566 5.397306911581492 5.422132769990629 5.599917949565739 6.12846848343769 6.773139967933021 7.902316108477642 9.295767515958236 8.38922326695362 4.618095291191482 2.157131972117996 1.1777118161704285 0.035722329350125204 -0.736281783759813 -1.662846886320185 -1.702087759289466 -1.4049782925220522 -0.9036561194859303 -0.1989220743233311 0.48338861485682205 1.3442853177543155 2.145119459984542 2.894700217112034 3.5289608577583738 4.074328908617158 4.487559326007954 4.753436261228391 5.081778259542784 5.386896067732499 5.646366329815093 5.81133816311452 5.961094147711572 6.0171525376676875 6.0347708887967535 6.141281829713373 6.225369414647547 6.226170248789778 6.251796941341144 6.206950229376252 6.248593604772223 6.3062536630128 6.296643653306036
3.1934113521639085 4.4307001019096095 5.00249567946199 5.253957600122282 4.872760548420693 4.8175029926068085 5.42533610655955 6.673035700154244 7.921536127891168 6.549707242250788 3.730771061600391 0.6868004869832998 0.7676847353485523 -0.16048203549628015 -0.5264632384954937 -1.496273384736298 -2.4004151313142237 -2.4989177308085417 -2.122525683960335 -1.3401107270014039 -0.588127467447221 0.2351300307654518 1.1144459189342406 1.915280061164467 2.629624116033829 3.2294488885642694 3.6659034960797423 4.119976454724281 4.567642740230978 4.843930519300406 5.129027473934366 5.317223497358469 5.4781911599467445 5.508622857351494 5.503817852498113 5.5094236914937245 5.583100432578906 5.683204700357683 5.807333992403368 5.837765689808117 5.898629084617614 5.956289142858191 5.998733352396393 5.925857445453442
4.29055412701932 4.897586406829831 5.402111916434874 4.449920121323133 3.9966479968208257 3.8677136999217594 4.725407066250332 5.905035757755456 5.161861673765806 3.416043243703912 0.6355471018805652 -0.21894292787908665 -0.08039862127325748 -0.42555813657448516 -0.8604110758054981 -2.1745799032053 -3.0178582549737287 -2.946584016315238 -2.2971075269665246 -1.5098875651542119 -0.6417833549766463 0.16225412382250104 0.9054282078121516 1.5380871801740308 2.215592864500802 2.7705709250663495 3.2190380447152758 3.7908336222676575 4.276139112459175 4.501173506425868 4.706987880979037 4.8967855726876 4.986478996617386 5.00169484531976 4.886374728838607 4.968059811346091 5.082579093685013 5.348456028905449 5.476589491662285 5.479792828231206 5.540656223040703 5.562278744880919 5.551867901031926 5.481394496515666
5.183484195606022 5.789715641274304 4.876764719131845 3.8308753293791695 3.1477638060567856 2.740940061803831 3.569002564869885 2.979588636188438 2.234012049772097 1.4387837465374824 0.2887859182948769 0.16225412382250104 0.6115220776136585 0.2655617281702005 -1.0782379624921197 -2.443660174994656 -3.2268759660958177 -2.652677886116745 -1.9335288263940016 -0.948502831450823 -0.07879695298879685 0.25194754775228656 0.7564730573573293 1.278616918091437 1.8095699543900774 2.3653488490978547 2.9179244072367108 3.48251247750902 3.942191275149171 4.136793971711116 4.343409180406514 4.521995194123855 4.61248945219587 4.587663593786733 4.43470427262076 4.564439403662057 4.811096319468966 5.076973254689401 5.182683361463791 5.178679190752641 5.28679179995372 5.225127571001993 5.192293371170555 5.129828308076597
6.1837260392515745 5.28438929752703 4.298562468441622 3.3719973658812497 2.553544872521958 1.7927524374032422 1.5036513120581305 0.7740914084863944 0.44334690774531094 0.02370981721667187 1.1064375775119384 0.2375325331921423 0.6259370921738023 0.6211320873204209 -0.7314767789064316 -1.9223171484027786 -2.5902128230227874 -1.771760329663496 -0.7819293298669359 0.1982916602228615 0.6179287507515001 0.7957139303266105 0.8701915055540215 1.1945293331572633 1.7246815353136733 2.2179953669274926 2.7761767640619603 3.2238430495686576 3.6795176764976563 3.891738724188666 4.164022332546944 4.3410066779798235 4.372239209526802 4.3546208583977375 4.250512419907809 4.377845048522413 4.630908637467165 4.78787212934429 4.883972226411917 4.973665650341703 5.156255834770194 5.063359074271487 4.9656573089194005 4.910399753105514
5.674395524793152 4.702182876125656 3.626662623110461 2.7977992859021765 2.1186919332909446 0.8389589740070424 0.09338238759070183 -0.803551851707152 -1.061420445505285 0.21190584064077544 1.5581080337297863 -0.2325571082970006 0.3280267912641581 0.44735107845646205 0.21591001135192656 -0.8483985636720448 -0.9132661291926931 -0.36229223933829724 0.5674761997909958 1.0255533291466854 1.3787211858702153 1.3755178493012945 1.3338744739053228 1.4139578881283454 1.6437972869484203 2.121895269859866 2.59759075034462 3.0188295091577193 3.527359189473913 3.7956386271210394 4.092748093888453 4.219279888360829 4.229690732209821 4.229690732209821 4.208068210369605 4.284948288023708 4.369836707100111 4.529202701403927 4.703784544410116 4.840727182731484 5.023317367159976 4.9792714893373144 4.921611431096737 4.9608523040660195
5.14023915192559 4.094349762172914 3.006016162882036 2.228406210776486 1.6782331550643197 0.497002795274736 -0.6545967012523299 -1.238404790938165 -0.5504882627624004 1.0720017093960386 1.1272592652099243 -1.241608127507086 -0.629770842843193 0.18067330909379642 0.5915012240579025 0.9438682466392025 1.200135172152875 1.2850235912292787 1.7134698573224498 1.8760391881951857 1.7647232424251844 1.7294865401670543 1.6798348233487803 1.5725230482899302 1.7471048912961193 2.1138869284375637 2.56235404808649 2.9411485973613876 3.433661594832977 3.7684102662852115 4.04549887949687 4.160018161835792 4.173632342253706 4.1968565323783835 4.221682390787519 4.239300741916585 4.258520761330111 4.393861731367018 4.586862759644504 4.759842934366231 4.897586406829831 4.8943830702609095 4.920009762812278 4.983275660048465
4.729411236961484 3.58662091599895 2.5319223506817417 1.8912550368975602 1.4988463072047495 0.8189381204512869 -0.5272640726377238 -0.8451952271031238 -0.013128553325918446 1.0167441535821529 0.7036180039701345 -0.7018459156439132 -0.7715184860179429 -0.07799611884656654 0.9382624076435908 1.9585251048448993 2.5991924186290807 2.7393383935193705 3.0933070843851307 3.1493654743412463 2.9139202365255596 2.5767690626466346 2.093866074881808 1.96012677312936 2.081853562748354 2.3397221565464874 2.673669993856492 3.042053699282396 3.406433233997149 3.8220661538146365 4.04309637707018 4.127183962004352 4.136793971711116 4.11917562058205 4.084739752466151 4.1159722840131305 4.2016615372317645 4.36503170224673 4.559634398808676 4.720602061396951 4.796681304908823 4.810295485326737 4.82471049988688 4.85994720214501
4.267329936894642 3.1533696450523974 2.3485313321110195 1.9184833977333882 1.1496826211923707 0.5338411658173263 -0.7506967983199571 -0.8796310952190236 0.15744911896912006 1.200135172152875 -0.2381629472926119 -0.2950221713909582 -0.5400774189134074 -0.14846952336282682 0.811730613171215 2.059430206765908 3.3095323027872916 3.738779403022693 4.075129742759389 4.227288229783131 4.047901381923561 3.5337658626117547 2.8114134663200905 2.5543457066641877 2.5102998288415255 2.651246637874045 2.8650693538495156 3.1926105180216786 3.4448732728241995 3.864510363352839 4.0350880356478775 4.065519733052625 4.034287201505647 3.954203787282624 3.967817967700538 3.995847162678596 4.113569781586438 4.280944117312556 4.46593680416774 4.618896125333713 4.666946173867526 4.697377871272273 4.663742837298605 4.635713642320546
3.910157909459962 3.0260370164377917 2.3533363369644014 2.017786831369936 1.074404211822729 0.1950883236539407 -0.5993391454384442 -0.3751055856139809 0.8798015152607843 1.4347795758263313 -1.7237102811296823 -0.6033433161495954 -0.5344715799177959 0.25114671361005625 1.3867295272925175 2.8730776952718178 4.051905552634711 4.525999364835005 4.908798084821054 4.962453972350479 4.4987710039991775 3.842887841512623 3.3015239613649894 3.0036136604553447 2.9235302462323225 2.925932748659013 3.09170541610067 3.2999222930805288 3.5337658626117547 3.8581036902149966 3.9077554070332705 3.9341829337268686 3.892539558330897 3.8036469685433416 3.8092528075389533 3.8076511392544927 3.9518012848559336 4.123980625435433 4.303367473295003 4.4891609942924156 4.548422720817452 4.563638569519826 4.458729296887666 4.428297599482917
3.923772089877875 3.105319596518584 2.692089179127787 2.2636429130346154 1.1681018064636657 -0.21573959131016585 -0.7370826179020433 0.6219329214626512 2.0161851630854755 1.0583875289781246 -2.3787926094740075 -1.015772899398162 0.5074136391237287 1.4131570539861151 2.9819911386151285 4.353820024255507 5.03693154757789 5.3252318387807716 5.5630795790231495 5.17787835661041 4.648526988596231 3.963012962847156 3.581815911145569 3.3367606636231195 3.2342538934176503 3.2214405471419663 3.2590797518267878 3.4448732728241995 3.600235096416864 3.7996427978321905 3.847692846366004 3.8276719928102483 3.780422778418665 3.697936861768951 3.707546871475714 3.725165222604779 3.9077554070332705 4.069523903763777 4.2016615372317645 4.370637541242342 4.373840877811263 4.382650053375794 4.301765805010543 4.25771992718788
3.892539558330897 3.6779160082131956 3.217436376430815 2.5455365310996556 1.4668129415155402 -0.262187971559519 -0.5921316381583721 0.8942165298209281 2.687284174274405 2.480668965579007 0.08056904131501819 0.9606857636260373 2.2075845230785 3.518550013909381 4.8175029926068085 5.687208871068835 6.054791742352508 6.203746892807331 5.874604060350707 5.398107745723722 4.759842934366231 4.164022332546944 3.892539558330897 3.6346709645327633 3.48251247750902 3.370395697596789 3.4128399071349906 3.5265583553316833 3.636272632817224 3.778821110134204 3.7732152711385925 3.7636052614318305 3.698737695911182 3.6434801400972963 3.661899325368591 3.6915301886311096 3.8573028560727667 3.9654154652738476 4.1031589377374456 4.230491566352052 4.240902410201045 4.245707415054426 4.159217327693561 4.109565610875288
4.323388326850758 4.075129742759389 3.537770033322906 3.132547957354412 2.2075845230785 0.7324480330904226 0.712427179534667 2.2316095473454065 3.7323727298848515 4.333799170699752 4.360226697393349 4.636514476462777 5.430941945555162 5.760885612154016 6.720284914545827 6.73309826082151 6.800368328768849 6.785953314208706 6.137277659002223 5.4910045062224295 4.925615601807889 4.445115116469752 4.137594805853347 3.815659480676795 3.6250609548260004 3.496927492069165 3.523355018762762 3.5738075697232667 3.6506876473773677 3.7059452031912534 3.685123515493268 3.680318510639886 3.617052613403698 3.58662091599895 3.608243437839166 3.6602976570841306 3.784426949129816 3.825269490383558 3.959008792136005 4.027880528367804 4.071125572048237 4.075129742759389 3.986237152971833 3.94139044100694
4.276939946601406 4.039092206359028 3.995847162678596 3.7147543787557864 3.3063289662183704 2.868272690418437 2.9635719533438336 4.4315009360518385 5.871400723781786 7.349740550338785 8.147371356000091 7.999217039687499 7.738945943462674 7.888701928059728 7.542741578616269 7.439433974268571 7.071050268842667 6.883655079560793 6.139680161428913 5.539054554756243 4.983275660048465 4.530003535546157 4.205665707942915 3.8532986853616156 3.649085979092908 3.5337658626117547 3.537770033322906 3.589824252567871 3.58582008185672 3.6106459402658566 3.595430091563483 3.5802142428611083 3.518550013909381 3.4664957946644157 3.4849149799357115 3.523355018762762 3.62185761825708 3.6242601206837706 3.7291693933159302 3.7956386271210394 3.8404853390859315 3.8500953487926943 3.778821110134204 3.7403810713071537
4.207267376227376 4.1167731181553595 4.1255822937198925 4.267329936894642 4.289753292877089 4.298562468441622 5.450962799110917 7.223208755866409 8.912968795972187 10.09099581919285 10.189498418687169 9.687375411508816 9.146011531361184 8.562203441675347 8.097719639181816 7.511509047069291 7.019796883739932 6.602562295637984 5.934666621017975 5.399709414008182 4.924013933523428 4.466737638309969 4.1119681133019785 3.79804112954773 3.608243437839166 3.5041349993492363 3.5065375017759277 3.5129441749137693 3.4849149799357115 3.477707472655639 3.496927492069165 3.4576866190998836 3.389615717010314 3.3359598294808888 3.3063289662183704 3.317540644209594 3.3495740098988027 3.3447690050454217 3.478508306797869 3.577010906292187 3.626662623110461 3.617853447545929 3.554587550309741 3.5041349993492363
4.225686561498671 4.159217327693561 4.186445688529389 4.345010848690974 4.801486309762204 4.966458143061631 5.820948172821282 7.232017931430942 8.88894377170528 9.881978108070761 10.131037526304361 9.825919718114646 9.177244062908162 8.473310851887794 7.82863936739246 7.148731180638999 6.556914749530861 6.067605088628193 5.523037871911638 5.057753235275877 4.600476940062418 4.22088155664529 3.90535290460658 3.613849276834778 3.460089121526574 3.3639890244589474 3.3151381417829033 3.312735639356213 3.321544814920745 3.3359598294808888 3.2999222930805288 3.257478083542327 3.2166355422885853 3.1717888303236923 3.131747123212181 3.095709586811821 3.1173321086520374 3.1397554646344834 3.2326522251331897 3.315938975925133 3.366391526885638 3.3776032048768605 3.3143373076406726 3.2462664055511037
4.160818995978023 4.149607317986799 4.200059868947303 4.301765805010543 4.617294457049251 5.117815795943143 5.681603032073223 6.386337077235822 7.187171219466048 7.941556981446922 8.489327534732398 8.39162576938031 7.967984508140519 7.516314051922672 7.008585205748709 6.469623828027766 5.999534186538623 5.538253720614012 5.085782430253934 4.637315310605008 4.238499907774354 3.919767919166724 3.666704330221973 3.4080349022816097 3.2919139516582265 3.1661829913280815 3.033244523717863 2.961169450917143 2.9811903044728987 3.05566787970031 3.0276386847222523 3.028439518864482 2.9675761240549847 2.8955010512542647 2.8466501685782206 2.827430149164695 2.8394426612981483 2.9451527680725387 3.046858704135777 3.100514591665202 3.114929606225347 3.1045187623763533 3.059672050411461 2.961970285059373
3.991042157825214 4.079133913470539 4.151208986271259 4.306570809863924 4.479550984585652 4.79187630005544 5.205106717446238 5.762487280438476 6.287834477741505 6.816385011613454 7.068647766415976 6.968543498637198 6.701064895132301 6.44639963790309 6.090829278752869 5.751275602447253 5.374883555599046 4.891179733691988 4.4891609942924156 4.140798142422266 3.873319538917371 3.617052613403698 3.402429063285998 3.1934113521639085 2.9811903044728987 2.7489484032261333 2.6320266184605203 2.5959890820601594 2.6128065990469946 2.66566165243419 2.723321710674766 2.7441433983727515 2.6760724962831826 2.5943874137756997 2.551943204237497 2.5559473749486483 2.6416366281672823 2.7529525739372844 2.8194218077423927 2.825828480880235 2.8010026224710978 2.732931720381529 2.6672633207186496 2.579171565073325
