static/data/seaWind_uo/2023/7/5/6.asc
ncols 137
nrows 93
xllcorner 108.0
yllcorner 17.0
cellsize 0.25
NODATA_value -32767
[rows 0 to 18 of 93, columns 0 to 43 of 137]
4.916005592101126 4.291354961161549 4.2024623713739935 4.638116144747238 5.155455000627963 5.24594925869998 5.333240180203074 5.619938803121496 5.985920006120709 6.215759404940783 6.608968968775825 6.959734323072665 6.998975196041945 6.6458073393184165 6.742708270528274 7.3913839257347576 8.045665419936851 8.258687301770092 8.467705012892182 8.42926497406513 8.100922975750738 7.776585148147495 7.75656429459174 7.658862529239652 7.212797912017416 6.848418377302663 7.094274458967343 6.80517333362223 6.106045127455243 5.153853332343504 4.849536358296017 4.073528074474927 3.4528816142465018 3.5706042331543455 4.620497793618172 5.4821953306578965 6.064401752059272 6.469623828027766 6.62338398333597 6.641002334465034 6.90607843554324 7.024601888593313 7.042220239722377 6.736301597390431
6.0211567083788395 5.625544642117108 5.6359554859661 5.8689982213550955 6.351100374977692 6.119659307873157 6.208551897660712 6.4928480181524435 6.982958513197341 6.915688445250002 6.5833422762244584 6.029165049801142 5.686408036926604 5.669590519939769 6.05879591306366 7.272860472684684 7.9223369620333965 8.269898979761315 8.42926497406513 7.912726952326635 7.365757233183389 6.974149337632809 7.4146081158594335 7.040618571437918 6.181323536824884 4.981673991764005 5.5046186866403435 5.776902294998621 5.627146310401567 4.85594303143386 4.219279888360829 3.711551042186865 2.9315385876546247 3.9974488309630565 4.964055640634939 5.768893953576319 5.915446601604449 6.122061810299847 6.323872014141864 6.369519560248987 6.354303711546613 6.394345418658125 6.494449686436903 6.680243207434316
6.643404836891726 6.48323800844568 6.444797969618628 6.414366272213881 6.394345418658125 6.387938745520282 6.600159793211294 6.919692615961154 7.183167048754898 7.290478823813748 7.004581035037557 6.260606116905677 5.607125456845813 5.550266232747466 5.985920006120709 6.994971025330795 7.497894866651377 7.709315080200156 7.730136767898143 7.1134944783808685 6.6458073393184165 6.449602974472011 7.161544526914682 6.968543498637198 6.26941529247021 5.221924234433073 5.355663536185521 5.24354675627329 4.740622914952706 3.9710213042694584 3.8052486368278022 4.013465513807661 4.40187007278932 5.230733409997605 5.833761519096965 6.171713527118122 6.101240122601862 6.145286000424525 6.1693110246914316 5.938670791729125 5.759283943869555 5.9402724600135866 6.470424662169997 6.480835506018989
6.439992964765247 6.490445515725751 6.5657239250953925 6.532088891121724 6.369519560248987 6.582541442082228 6.8620325577205765 7.101481966247414 6.829999192031368 7.066245263989284 7.00938603989094 6.44800130618755 5.909039928466607 5.999534186538623 6.532889725263955 7.159942858630222 7.286474653102598 7.220005419297488 6.34309203355539 5.4781911599467445 5.21311505886854 5.577494593583294 6.146887668708985 5.976309996413946 5.522237037769408 4.885573894696378 4.936026445656882 4.699780373698966 4.18724652267162 3.6659034960797423 3.9341829337268686 4.371438375384573 5.219521732006381 5.592710442285668 6.018754205952149 6.213356902514093 6.4167687746405715 6.48163634016122 6.454407979325392 6.149290171135675 5.741665592740491 5.798524816838837 6.355905379831073 5.996330849969702
5.999534186538623 6.238983595065461 6.3454945359820805 6.328677018995247 6.162103517411358 6.291838648452655 6.550508076393019 6.761127455799569 6.4127646039294195 6.418370442925031 6.3182661751462526 5.7248480757536555 5.74086475859826 5.820948172821282 6.173315195402582 6.4079595990760385 6.603363129780213 6.164506019838051 5.007300684315371 4.156013991124642 4.596472769351266 5.389298570159189 5.67119218822423 4.661340334871914 3.9790296456917607 3.8621078609261477 4.629306969182705 4.525999364835005 4.556431062239755 4.343409180406514 4.427496765340688 4.441110945758602 4.71739872482803 5.1234216349387545 5.575892925298833 5.919450772315601 6.333482023848628 6.638599832038343 6.649811510029567 6.218962741509705 5.443755291830845 5.420531101706169 5.644764661530633 5.820147338679053
5.205907551588469 5.551067066889695 5.798524816838837 5.781707299852002 5.726449744038115 5.527042042622789 5.764889782865167 5.915446601604449 5.843371528803729 5.70162388562898 5.1146124593742215 4.436305940905221 4.772656280641916 5.370879384887894 5.758483109727324 5.904234923613226 6.263008619332368 5.835363187381427 4.489961828434646 3.478508306797869 3.9293779288734867 5.221924234433073 5.591108774001208 4.578053584079971 3.720360217751398 3.649886813235138 4.50918184784817 4.985678162475155 5.015309025737674 4.899988909256521 4.401069238647091 4.338604175553133 4.126383127862123 4.968059811346091 5.422132769990629 5.985119171978479 6.501657193716975 6.841210870022591 7.0822619468338885 6.793160821488778 6.080418434903876 5.788914807132073 5.9498824697203485 6.195738551385029
4.18964902509831 4.602879442489108 4.871959714278464 5.21311505886854 5.258762604975663 5.019313196448826 4.918408094527816 5.056952401133646 5.2619659415445845 4.722203729681411 4.133590635142195 3.379204873161321 4.4443142823275235 5.043338220715732 5.555071237600847 5.678399695504302 6.052389239925818 6.0211567083788395 4.825511334029111 3.8933403924731267 3.886933719335285 5.064159908413718 5.438149452835233 5.35326103375883 4.491563496719106 4.616493622907022 5.049744893853575 5.527842876765019 5.17948002489487 5.027321537871128 4.525999364835005 4.066320567194856 3.8637095292106083 4.767851275788534 5.5046186866403435 6.049986737499127 6.5513089105352496 7.079859444407198 7.321711355360726 7.301690501804972 7.304093004231662 7.010987708175399 7.044622742149068 7.021398552024392
3.33916316604981 3.7547960858672975 4.081536415897229 4.453123457892055 4.75263542708616 4.615692788764791 4.534007706257308 4.467538472452199 4.661340334871914 4.092748093888453 3.2478680738355643 2.679275832852103 3.7916344564098883 4.874362216705155 5.314820994931779 5.422132769990629 5.898629084617614 5.820147338679053 5.13863748364113 4.569244408515438 5.183484195606022 5.490203672080199 5.681603032073223 5.42533610655955 5.242745922131059 5.273978453678037 5.435746950408543 5.422132769990629 5.233936746566526 4.972063982057241 4.381048385091335 3.959809626278236 3.8749212072018318 4.548422720817452 5.237940917277678 5.732055583033727 6.234979424354309 6.79956749462662 7.277665477538065 7.40179476958375 7.707713411915696 7.9223369620333965 7.7693776408674236 7.484280686233463
2.975584465477287 3.2414614006977227 3.6795176764976563 4.043897211212409 4.386654224086946 4.50677934542148 4.402670906931551 3.9742246408383797 3.859705358499457 3.2654864249646294 2.557549043233109 2.225202874207565 2.980389470330669 4.236898239489895 4.7366187442415555 4.9480389577903345 5.358866872754442 5.03693154757789 5.008101518457602 5.183484195606022 6.372722896817908 6.530487222837264 6.23177608778539 5.595913778854589 5.172272517614799 4.874362216705155 4.692572866418892 4.953644796785946 5.198700044308396 4.816702158464578 4.268130771036873 4.019071352803273 3.9758263091228403 4.378645882664644 4.5796552523644305 5.067363244982639 5.613532129983653 6.158099346700208 6.616176476055898 7.131112829509933 7.602804139283537 7.882295254921885 7.68208671936433 7.300088833520512
2.745745066657212 2.9964061531752733 3.5065375017759277 3.977427977407301 4.389857560655868 4.565240237804288 4.284147453881477 3.7644060955740604 3.1749921668926135 2.6080015941936128 1.972940119405043 1.964130943840511 2.522312340974979 3.842087007370392 4.513986852701553 4.835922177878103 4.606883613200258 4.562036901235366 4.691772032276663 5.328435175349693 6.825995021320217 6.983759347339571 6.714679075550215 6.105244293313014 5.060956571844796 3.5441767064607483 3.3912173852947745 4.028681362510035 4.659738666587453 4.361027531535578 4.2152757176496785 4.067922235479315 4.126383127862123 4.086341420750612 4.231292400494283 4.50918184784817 4.994487338039688 5.446958628399766 5.91864993817337 6.515271374134889 6.9517259816503625 7.053431917713601 6.993369357046335 6.919692615961154
2.8690735245606667 3.1389546304922535 3.5297616919006036 3.8853320510508245 4.095150596315143 4.336201673126443 4.029482196652266 3.3367606636231195 2.5807732333577857 1.9569234365604387 1.8632258419195025 2.2219995376386437 3.1749921668926135 4.385052555802487 4.849536358296017 4.705386212694577 3.982232982260682 4.5700452426576685 5.2531567659800515 6.0395758936501345 6.641002334465034 6.524080549699422 6.298245321590498 5.647967998099553 4.3410066779798235 2.539930692104044 2.544735696957425 3.330353990485278 4.067922235479315 3.955004621424854 3.9654154652738476 4.07993474761277 4.141598976564497 4.1159722840131305 4.250512419907809 4.504376842994789 4.82070632917573 5.088184932680624 5.392501906728111 5.679200529646533 6.029165049801142 6.283029472888122 6.435187959911866 6.449602974472011
3.403229897428228 3.9493987824292422 4.393861731367018 4.652531159307381 4.598074437635725 4.807092148757816 4.5171901892704724 3.6779160082131956 2.27965959587922 1.4499954245287054 1.8191799640968402 2.8650693538495156 4.326591663419679 4.5884644279289635 4.50517767713702 4.413882584922774 4.850337192438248 5.699221383202287 5.726449744038115 5.589507105716747 5.607926290988042 6.135675990717761 5.9490816355781195 5.073769918120481 3.4680974629488763 2.377361361231308 2.6800766669943337 3.4504791118198113 3.753194417582837 3.3952215560059256 3.523355018762762 3.901348733895429 4.2649274344679515 4.361027531535578 4.453123457892055 4.586862759644504 4.762245436792922 4.9704623137727815 5.1001974448140786 5.176276688325951 5.304410151082786 5.665586349228619 5.781707299852002 5.70562805634013
3.5113425066293087 3.995847162678596 4.529202701403927 4.909598918963285 4.856743865576089 4.992885669755228 4.900789743398752 4.205665707942915 2.669665823145341 1.5981497408412975 1.9176825635911574 3.159776318190239 4.943233952936954 4.558032730524214 3.599434262274634 3.263083922537939 4.635713642320546 5.052948230422494 4.809494651184506 4.36503170224673 4.68056035428544 5.274779287820268 5.230733409997605 4.489961828434646 3.4937241555002436 3.0925062502429 3.271092263960241 3.581815911145569 3.546579208887439 3.0628753869803815 3.190208015594988 3.630666793821612 4.242504078485506 4.371438375384573 4.414683419065005 4.453924292034285 4.626904466756015 4.748631256375008 4.71739872482803 4.735017075957096 4.943233952936954 5.211513390584079 5.263567609829044 5.119417464227604
3.1525688109101675 3.563396725874273 4.022274689372193 4.374641711953492 4.158416493551332 3.97342380669615 4.104760606021907 4.133590635142195 2.961169450917143 1.798358276398854 1.7014573451889965 2.8026042907555584 4.757440431939541 3.778821110134204 2.732931720381529 2.2860662690170623 3.7596010907206785 4.180039015391548 4.268130771036873 4.066320567194856 4.845532187584865 5.0281223720133585 4.996089006324148 4.538812711110689 3.7283685591737004 3.3111339710717522 3.2294488885642694 3.4048315657126884 3.05646871384254 2.8026042907555584 2.9988086556019637 3.668305998506433 4.312977483001765 4.338604175553133 4.151208986271259 4.1167731181553595 4.1303872985732735 4.2112715469385265 4.162420664262482 4.2112715469385265 4.5788544182222015 4.935225611514651 4.8895780654075285 4.698979539556735
2.4838723021479283 2.9675761240549847 3.389615717010314 3.4680974629488763 3.2102288691507437 3.05646871384254 3.617853447545929 3.707546871475714 2.8378409930136885 1.4275720685462594 1.3875303614347478 2.4606481120232515 4.238499907774354 3.0548670455580793 2.166741981824758 1.847209159074898 3.8140578123923343 4.5932694327823445 4.698979539556735 4.758241266081772 5.219521732006381 5.468581150239983 4.962453972350479 4.407475911784932 3.122937947647649 3.119734611078728 3.0981120892385117 3.307930634502831 2.9827919727573593 2.8250276467380044 3.275096434671392 3.9526021189981635 4.4178867556339245 4.102358103595217 3.8797262120552127 3.5169483456249204 3.4576866190998836 3.5529858820252804 3.766007763858521 3.8845312169085946 4.4443142823275235 4.712593719974649 4.690170363992202 4.587663593786733
1.6894448330555432 2.3156971322795807 2.73693589109268 2.8162184711734723 2.3092904591417382 2.2308087132031766 2.8026042907555584 3.532164194327295 2.7937951151910254 1.1721059771748168 1.0816117191028014 2.1587336404024557 3.44647494110866 2.2268045424920255 1.3611028347411502 2.583976569926706 4.5075801795637105 5.145844990921201 4.978470655195084 5.0329273768667395 5.104201615525229 5.804130655834447 5.287592634095951 3.7579994224362188 2.302082951861667 2.615209101473685 3.3007231272227595 3.51454584319823 3.315938975925133 3.132547957354412 3.581015077003338 3.9966479968208257 4.395463399651479 3.9830338164029118 3.5265583553316833 3.16378048890139 3.0844979088205977 3.1701871620392326 3.389615717010314 3.995046328536365 4.598875271777956 4.7366187442415555 4.676556183574288 4.574049413368819
1.0599891972625852 2.0057743192364828 2.4286147463340426 2.252431235043393 1.5404896826007213 1.3931362004303596 2.211588693789651 2.942750265645848 2.745745066657212 0.8629839982739496 0.773290574344164 1.5677180434365492 2.700898354692319 1.6750298184953993 2.427013078049582 3.653890983946289 4.840727182731484 4.542816881821841 4.374641711953492 4.538812711110689 4.769452944072995 5.626345476259338 4.849536358296017 3.3151381417829033 2.355738839391092 3.046858704135777 3.733974398169312 3.9261745923045663 3.7972402954055 3.58582008185672 3.632268462106073 4.0495030502080205 4.223284059071981 3.8324769976636293 3.37439986830794 3.2102288691507437 3.191008849737218 3.2782997712403126 3.5882225842834106 4.196055698236153 4.68296285671213 4.5796552523644305 4.518791857554934 4.668547842151986
0.7508672183617175 1.771129915563026 2.3180996347062712 2.157932806260226 1.0639933679737363 0.4361394004652386 1.274612747380286 2.24282122533663 2.3541371711066312 0.5690778680754565 0.5074136391237287 1.2762144156647466 2.238016220483248 1.9088733880266253 2.727325881385917 3.573006735581036 4.318583321997377 3.5521850478830506 3.2927147858004573 3.4801099750823297 4.553227725670833 5.117014961800914 4.330595834130831 3.6923310227733395 3.2975197906538383 3.919767919166724 3.968618801842768 4.101557269452986 4.0487022160657915 4.015868016234352 4.01026217723874 4.059113059914784 4.073528074474927 3.7724144369963626 3.5473800430296687 3.4048315657126884 3.5305625260428344 3.743584407876074 4.024677191798883 4.127183962004352 4.453924292034285 4.315379985428455 4.450720955465364 4.620497793618172
0.5690778680754565 1.3939370345725899 1.9713384511205834 1.9809484608273453 0.9478724173503537 0.10219156315523437 0.3792801763668927 1.1985335038684144 1.7222790328869828 1.0784083825338806 0.8773990128340934 1.0784083825338806 1.8640266760617323 1.8752383540529558 2.221198703496414 2.8786835342674295 3.248668907977794 2.643238296451743 2.484673136290158 2.8963018853964946 4.15281065455572 4.361027531535578 3.995847162678596 3.520151682193841 3.9878388212562936 4.027880528367804 3.9662162994160775 3.892539558330897 3.7948377929788086 3.8893362217619756 4.07993474761277 4.164022332546944 4.101557269452986 4.007058840669819 3.7812236125608947 3.62185761825708 3.747588578587225 4.084739752466151 4.29455829773047 4.312977483001765 4.242504078485506 4.228889898067592 4.43710677504745 4.71739872482803
