static/data/seaWater_uo/2023/7/20/0.asc
ncols 137
nrows 93
xllcorner 108.0
yllcorner 17.0
cellsize 0.25
NODATA_value -32767
[rows 0 to 25 of 93, columns 58 to 115 of 137]
-32767.0 -32767.0 -32767.0 -32767.0 -32767.0 -32767.0 -32767.0 -32767.0 -32767.0 -32767.0 -32767.0 -32767.0 -32767.0 -32767.0 -32767.0 -32767.0 -32767.0 -32767.0 -32767.0 -32767.0 -32767.0 -32767.0 -0.0020703764 -0.10377503 -0.71295553 -0.15109153 0.28051943 0.38875526 0.11453747 0.21944483 0.15437625 0.17589206 0.25782168 0.35890675 0.2535178 0.14723676 0.09176859 0.25685903 0.19684018 0.08288258 0.015465964 -0.051590484 0.062291134 0.16133192 0.11145056 0.0774396 0.17176935 0.005007687 0.09635394 0.24631895 0.33180588 0.35244614 0.357099 0.35471466 0.27788737 0.27116504 0.39505434 0.38909498
-32767.0 -32767.0 -32767.0 0.009369159 0.030454904 0.017143955 0.03552442 0.00137634 -0.0028118596 -0.024086831 -32767.0 -32767.0 -32767.0 -32767.0 -32767.0 -32767.0 -32767.0 -32767.0 -32767.0 -32767.0 -32767.0 -0.19462094 -0.35566247 -0.311481 0.028146263 0.18536976 0.33217144 0.30545738 0.25143245 0.27209637 0.23459424 0.23646082 0.39477482 0.38357708 0.30818656 0.19646339 0.17391726 0.10842574 0.11801727 -0.031946387 -0.16113876 -0.075562306 0.07357721 0.040520016 -0.020872094 -0.16019191 -0.14799823 0.037069872 0.0057969997 0.057135485 0.22105491 0.37973425 0.42975682 0.47097182 0.5149922 0.31943506 0.09510041 0.020687774
-32767.0 0.052177694 -32767.0 0.07858114 -0.06669308 -0.09049392 -0.07253626 -0.030108022 -0.004928931 0.009865651 -0.011963266 0.02063292 -32767.0 -32767.0 -32767.0 -32767.0 -32767.0 -32767.0 -32767.0 -32767.0 -32767.0 -0.12990671 -0.049119137 -0.1056665 -0.07058786 0.024990823 -0.0115772765 -0.085380636 -0.0051682177 0.25465804 0.4584614 0.5785498 0.5310145 0.33096746 0.20495483 0.103899896 0.07963777 -0.09040403 -0.016164342 -0.056714654 0.06697659 0.11534626 0.17204745 0.07751884 -0.029563634 -0.18263726 -0.20792139 -0.016467782 -0.008283371 -0.23709796 -0.30458483 -0.25301576 -0.19056012 -0.18715014 -0.115180194 -0.16381098 -0.26954904 -0.14044483
0.03887245 -32767.0 -0.12089422 -0.1148116 -0.24731469 -0.1352924 -0.15534551 -0.07373078 -2.250279e-05 0.069193326 0.0049987775 0.02469444 -32767.0 -32767.0 -32767.0 -32767.0 -32767.0 -32767.0 -32767.0 -32767.0 -0.04744566 0.0309629 0.019453606 -0.074005626 -0.26134217 -0.17085166 -0.22103651 -0.14695221 0.020077914 0.024403427 0.27386332 0.3126109 0.3514075 0.28134763 0.2293304 0.1971807 0.19449516 0.18429802 0.27405155 0.38260666 0.4448355 0.38805893 0.16520299 0.09479085 0.09274575 0.093096435 -0.10713016 0.06817381 -0.032742437 -0.22694692 -0.10982781 -0.13258857 -0.21773285 -0.3707102 -0.37345368 -0.29155415 -0.0708186 -0.07457927
0.051112577 -32767.0 -0.04672277 -0.13816693 -0.14642575 -0.13078314 -0.07770477 -0.10966929 -0.07824068 0.05398751 0.033875432 -32767.0 -32767.0 -32767.0 -32767.0 -32767.0 -32767.0 -32767.0 -32767.0 -32767.0 -32767.0 -32767.0 0.09251383 0.1164689 -0.09301772 -0.24340983 -0.23195648 0.014383413 0.041950263 0.013853462 0.15511794 0.22708914 0.34090698 0.50016457 0.6159676 0.56525713 0.53537136 0.36025664 0.3734401 0.36446533 0.32552898 0.13392109 0.12332301 -0.023790913 0.02206935 0.19983096 0.11695983 0.058220185 -0.0658346 0.05204109 0.17793615 0.23528361 0.19111404 -0.03882739 -0.22973399 -0.22556077 0.016126085 -0.09023395
-0.034658402 -0.019693917 -0.03987386 -0.02007793 -0.1210718 -0.080531254 -0.034513522 -0.064970605 -0.12310764 -0.06279148 -0.0023614573 -32767.0 -32767.0 -32767.0 -32767.0 -32767.0 -32767.0 -32767.0 -32767.0 -32767.0 -32767.0 -32767.0 -32767.0 0.33010453 0.15220705 -0.089713216 -0.13019028 -0.09890627 -0.1630915 0.24939968 0.08729087 0.10921298 0.25302494 0.3642414 0.43701443 0.5968318 0.5006866 0.43235236 0.31098646 0.21994092 -0.0028607426 -0.13094439 -0.32310832 -0.3219414 -0.10740742 0.077703774 0.11649302 0.11236187 0.2272872 0.42278495 0.4037849 0.3096197 0.39628172 0.3163164 0.23481052 0.12554173 -0.047515433 -0.04993163
-0.030240094 -0.044115126 -0.008295665 -0.020605946 -0.07367552 -0.09165776 -0.029364318 -0.044777352 0.023314126 0.08411472 0.034228057 -32767.0 -32767.0 -32767.0 -32767.0 -32767.0 -32767.0 -32767.0 -32767.0 -32767.0 -32767.0 -32767.0 -32767.0 -32767.0 0.089267716 0.08939001 0.064241916 -0.07619565 -0.38776714 -0.12731968 -0.05495556 0.046695016 0.04375773 0.028539455 -0.027105328 -0.018883806 0.057707656 -0.0016996758 0.15133151 0.1177022 -0.04639832 -0.23907802 -0.33373445 -0.42184722 -0.25339127 0.053309653 0.25416297 0.40625906 0.50050145 0.3757304 0.15288115 0.070434876 0.14103556 0.20724306 0.30053043 0.061343577 -0.10634866 -0.026481958
-0.10648205 -0.11371135 -0.106623866 -0.11062619 -0.09337836 -0.059707966 -0.082773834 0.021349495 0.082602 -0.055376798 -32767.0 -32767.0 -32767.0 -32767.0 -32767.0 -32767.0 -32767.0 -32767.0 -32767.0 -32767.0 -32767.0 -32767.0 -32767.0 -32767.0 -32767.0 0.19107082 0.23573913 0.11505735 -0.2583886 -0.30679464 -0.0505828 -0.18995221 -0.15113927 -0.21947436 -0.275699 -0.3982296 -0.15612288 0.008047632 0.05812836 0.07937903 -0.034793757 0.03121179 0.043388434 0.05172502 0.27291408 0.43026656 0.40560347 0.28643703 0.085897475 -0.033130802 -0.15801479 -0.26358116 -0.3183956 -0.25945595 -0.08295277 0.019686766 0.282157 0.29607227
-0.1256751 -0.22664009 -0.20929295 -0.10600963 0.081636384 0.1429274 0.13349332 0.019919453 -0.019690469 -32767.0 -0.031183986 -32767.0 -32767.0 -32767.0 -32767.0 -32767.0 -32767.0 -32767.0 -32767.0 -32767.0 -32767.0 -32767.0 -32767.0 -32767.0 -32767.0 0.343951 0.46283567 0.1783331 -0.015595044 0.3584283 -0.044336013 -0.23771478 -0.2866663 -0.341664 -0.3115868 -0.20947781 -0.12450885 -0.15222347 -0.19858652 -0.17171733 -0.0005737196 0.25676802 0.43108562 0.5512083 0.43953234 0.31790876 0.089748 -0.07144182 -0.19357184 -0.2958375 -0.34291747 -0.39998668 -0.24634655 -0.13337567 0.06181372 0.12457815 0.073233865 0.21877359
-0.06292012 -0.24288447 -0.21491963 0.020588465 0.28927124 0.47877672 0.49231732 0.39720094 0.30505008 0.0013707464 0.00038277032 -0.024009638 -0.019240905 -0.07132048 -0.09273526 -0.1355698 -32767.0 -32767.0 -32767.0 -32767.0 -32767.0 -32767.0 -32767.0 -32767.0 -32767.0 -32767.0 0.34865314 0.16805877 0.025811382 0.16014135 -0.021340933 0.14699563 -0.1435611 -0.13060553 -0.17672543 -0.1390482 -0.0031349324 -0.15310597 -0.2631349 -0.2517264 -0.13747087 -0.0340493 0.15006463 0.2985049 0.2193315 -0.011966644 -0.12162904 -0.16629502 -0.3007703 -0.25976837 -0.025301384 0.0675487 0.07270337 0.044866767 0.112487555 0.23712072 0.22895892 0.47057113
0.058859296 -0.11553469 -0.058201797 0.1561023 0.3354204 0.47164962 0.49037513 0.43092528 0.32652688 0.2799342 -0.051603585 -0.17136829 -0.18375094 -0.16162562 -0.11058883 -0.16378258 -32767.0 -32767.0 -32767.0 -32767.0 -32767.0 -32767.0 -32767.0 -32767.0 -32767.0 -32767.0 -32767.0 -0.0054372344 0.037684362 -0.047126647 0.26331043 -0.17651403 0.23599587 0.14003892 0.1054058 0.08317428 0.31575772 0.2722911 0.21522602 0.043485183 -0.10774742 -0.24313323 -0.241439 -0.30203283 -0.22822455 -0.14037995 -0.20572484 -0.304295 -0.24127688 -0.11054176 0.08480564 0.21748134 0.22469003 0.064935274 0.0705379 0.022463294 0.02312482 -0.10478598
-32767.0 0.1007461 0.002497626 0.06252393 0.2066847 0.26221102 0.2643901 0.2887846 0.23768508 0.15665698 0.083373874 -0.067687295 -0.079862654 -0.08767838 -0.12234454 -0.13366327 0.031331163 0.026305377 -32767.0 -32767.0 -32767.0 -32767.0 -32767.0 -32767.0 -32767.0 -32767.0 -32767.0 -32767.0 0.07982911 -0.1476389 0.1835502 0.012347292 0.21077394 0.22638835 0.12807745 0.21208912 0.27369118 0.3004966 0.23060589 0.07314431 -0.07354476 -0.2388587 -0.22520639 -0.10211592 -0.13860449 -0.14001769 -0.16688018 -0.20973508 -0.21311772 -0.081228636 0.1843528 0.18704003 -0.018688537 0.016237453 0.5759013 0.79812753 0.5165527 -32767.0
-32767.0 -0.18888664 -0.038758144 0.10609574 0.085965596 0.11582378 0.15588367 0.1568318 0.11057169 0.029729249 -0.041324638 -0.15637836 -0.13925877 -0.03349823 -0.10943081 -0.21409597 -32767.0 8.9521054e-05 -32767.0 -32767.0 -32767.0 -32767.0 -32767.0 -32767.0 -32767.0 -32767.0 -32767.0 -32767.0 0.09516954 -0.16710472 -0.015730806 0.10157237 0.26238698 0.22062552 0.2783108 0.421174 0.4072802 0.34288284 0.20845295 -0.039773222 -0.16777197 -0.24591716 -0.14524965 0.15292607 -0.08509833 -0.07462395 0.011309451 0.03044258 0.08141336 0.09243398 0.10436111 0.10571171 0.15093286 -0.036325905 -0.027502406 0.11202273 0.16919507 -32767.0
-0.007626933 0.17242508 -0.023308884 0.054813046 0.023825245 -0.07029393 -0.049597014 -0.092687085 -0.18047494 -0.24993005 -0.12753543 -0.036180273 -0.0938241 -0.06448817 -0.026691468 -32767.0 -32767.0 -32767.0 -32767.0 -32767.0 -32767.0 -32767.0 -32767.0 -32767.0 -32767.0 -32767.0 -32767.0 -32767.0 -0.040471714 -0.2757081 -0.17702715 -0.063344344 0.0100712385 0.2212698 0.34094137 0.34001932 0.31377542 0.27026847 0.22095713 -0.08006125 -0.21493147 -0.27858922 -0.20918204 0.048084132 0.11486931 0.0788999 0.2249297 0.31107104 0.29155853 0.41571584 0.3530555 0.22832884 0.31388083 0.103164576 -0.37400842 -0.14768825 0.17295659 0.13627438
0.10958021 0.008500681 0.082656816 0.084274024 0.009288588 -0.014492993 -0.02762017 -0.09805865 -0.2719726 -0.35897696 -0.3042597 -0.18155874 -0.114104025 -0.032050565 -0.08505336 0.02661713 -32767.0 -32767.0 -32767.0 -32767.0 -32767.0 -32767.0 -32767.0 -32767.0 -32767.0 -32767.0 -32767.0 -32767.0 -0.019217918 -0.4058967 -0.20285504 0.062524565 -0.13443197 0.022055026 0.079127744 0.14371276 0.13293925 0.08836362 0.08100813 0.25630793 0.14757173 -0.15192759 -0.006710228 0.05345653 0.18114594 0.19216116 0.42128825 0.49435988 0.41637102 0.4067135 0.2815271 0.27675995 0.38272834 0.33218533 0.18979822 -0.021983616 0.050107658 -32767.0
-0.055877935 0.0007313014 0.018055601 -0.030180627 -0.047484085 -0.049353138 -0.08223948 -0.0988899 -0.0927638 -0.17693129 -0.22413954 -0.18417019 -0.056707814 0.007864587 0.037503697 0.050127096 0.0063253082 -32767.0 -32767.0 -32767.0 -32767.0 -32767.0 -32767.0 -32767.0 -32767.0 -32767.0 -32767.0 -32767.0 0.10418765 -0.16696033 -0.15271428 -0.10069844 0.04109322 -0.050067555 0.016884398 0.026031062 -0.020550333 -0.123683535 0.11325917 0.43421882 0.46189454 0.3137501 -0.021292787 -32767.0 0.062142618 0.07032853 0.20856482 0.35933822 0.30479103 0.31450602 0.31096056 0.33965212 0.47418815 0.4208289 0.29661614 -32767.0 -32767.0 -32767.0
-0.075357065 -0.056407344 -0.039457265 -0.025542183 0.0054443916 -0.033840854 -0.09697602 -0.100671165 -0.104662046 -0.11481744 -0.09931916 -0.092014804 -0.070209265 -0.04265405 -0.12412489 0.0022620573 -0.07522423 -32767.0 -32767.0 -32767.0 -32767.0 -32767.0 -32767.0 -32767.0 -32767.0 -32767.0 -32767.0 -32767.0 -32767.0 -0.032884553 -0.03132956 -0.185732 -0.323134 -0.15299287 -0.12185836 -0.15133525 -0.23404776 0.08651002 0.2705508 0.32562718 0.15455373 -0.0062722443 -0.22465095 -0.017146636 0.23095673 0.26991075 0.15759802 0.35445523 0.42271325 0.50899625 0.4778592 0.5631902 0.5810627 0.48776796 0.2169065 -32767.0 -32767.0 -32767.0
-0.06895101 -0.0028600977 0.01921162 0.042668108 0.034514323 0.01267195 -0.05112403 -0.07562991 -0.08242595 -0.056936502 -0.051977057 -0.104016215 -0.16598031 -0.132709 -0.07044921 -0.016171297 -0.03906281 -0.022949528 -32767.0 -32767.0 -32767.0 -32767.0 -32767.0 -32767.0 -32767.0 -32767.0 -32767.0 -32767.0 0.15887941 0.12830989 0.096055076 -0.23251387 -0.30253857 -0.25697544 -0.04850218 0.026824279 0.10079425 0.05047609 -0.034986466 -0.14429095 -0.16907512 -0.07049128 0.35176682 0.35110706 0.3991706 0.4619782 0.46301645 0.36266914 0.40013102 0.52564275 0.6266021 -32767.0 0.015675677 -0.02186471 0.015507732 -32767.0 -32767.0 -32767.0
-0.044110328 -0.021943307 -0.014458426 0.06573138 0.06594078 -0.010276529 -0.03354436 -0.050324608 -0.118128456 -0.06951381 -0.064253755 -0.103031345 -0.15369248 -0.23751476 -0.06762055 -0.05839686 -0.059817504 -32767.0 -32767.0 -32767.0 -32767.0 -32767.0 -32767.0 -32767.0 -32767.0 -32767.0 -32767.0 -32767.0 0.21821813 0.09224498 0.09806704 -0.17879827 0.057327095 -0.08682176 -0.11881688 -0.07876885 -0.027868407 0.1817415 -0.01748824 -0.13711905 0.08261446 0.29549614 -32767.0 -32767.0 -0.069323115 0.04630603 -32767.0 -32767.0 -32767.0 -32767.0 -32767.0 -32767.0 -32767.0 -32767.0 -32767.0 -32767.0 -32767.0 -32767.0
-0.054211497 -0.08016224 0.030210406 0.118275195 0.01846372 -0.054744855 -0.030317843 -0.0005976476 -0.07490048 -0.01805408 0.028287621 -0.03474825 -0.15700608 -0.08240974 -0.1074095 -0.10472887 -32767.0 -32767.0 -32767.0 -32767.0 -32767.0 -32767.0 -32767.0 -32767.0 -32767.0 -32767.0 -32767.0 0.34322986 0.16674164 0.04419997 -0.30222604 -0.3678552 -0.31752703 -0.19576219 -0.030140067 0.19981577 0.39120534 0.44925466 0.11520064 0.12110591 0.2326381 -32767.0 -32767.0 -32767.0 -32767.0 -32767.0 -32767.0 -32767.0 -32767.0 -32767.0 -32767.0 -32767.0 -32767.0 -32767.0 -32767.0 -32767.0 -32767.0 -32767.0
-0.031063933 0.015596858 0.023295049 0.015164248 -0.03273024 0.00017045182 0.116588704 0.16782609 0.16203631 0.12744385 0.14206572 0.11070314 -0.038023327 0.050754085 -0.023195436 -0.050729383 -32767.0 -32767.0 -32767.0 -32767.0 -32767.0 -32767.0 -32767.0 -32767.0 0.10774433 0.023053609 0.17478108 0.21492723 0.22101918 -0.11249278 -0.33563507 -0.29647037 -0.23343937 -0.10106041 0.17760727 0.22797391 -0.03236927 -0.055915058 -0.07253722 -32767.0 -32767.0 -32767.0 -32767.0 -32767.0 -32767.0 -32767.0 -32767.0 -32767.0 -32767.0 -32767.0 -32767.0 -32767.0 -32767.0 -32767.0 -32767.0 -32767.0 -32767.0 0.0068400092
-0.010345902 0.04639565 0.063840166 0.035046834 0.014122895 0.015037222 0.16193146 0.2275014 0.23438734 0.21928717 0.21913528 0.113054104 0.072448075 0.008913982 0.009056229 -0.08383128 -32767.0 -32767.0 -32767.0 -32767.0 -0.04154344 -0.15213048 -0.17266761 -0.057389934 -0.04952245 0.13255157 0.030897707 0.24438384 -0.0829724 -0.31891292 -0.3096931 -0.2760484 -0.015421948 0.16553093 0.17932342 0.045808848 -0.076245844 -0.0049420493 -32767.0 -32767.0 -32767.0 -32767.0 -32767.0 -32767.0 -32767.0 -32767.0 -32767.0 -32767.0 0.017242253 -0.06556399 -32767.0 -32767.0 -32767.0 -32767.0 -32767.0 -32767.0 -32767.0 -0.060880084
-0.06171015 0.0032006619 0.054205157 0.0154001 0.0050236406 0.0018151894 0.059337556 0.14475255 0.240937 0.2692716 0.3353489 0.2406574 -0.04167064 0.076134875 -0.03297984 -32767.0 -0.12896104 -32767.0 -0.085554145 -32767.0 -0.10416778 -32767.0 -0.20733653 -0.11801843 -0.12907203 -0.024442732 0.12503669 0.15857677 -0.123402186 -0.17236643 0.09624433 0.27572688 0.2954571 0.27347085 0.039624915 -0.059415836 -32767.0 -32767.0 -32767.0 -32767.0 -32767.0 -32767.0 -32767.0 -32767.0 0.05950384 0.077796414 0.060549844 -0.0041269585 0.027366567 -0.24198394 0.015051146 -0.068630464 -32767.0 -32767.0 -32767.0 -32767.0 -32767.0 0.045571808
-0.14623918 -0.086311616 -0.017599061 0.096082136 0.10477476 0.13485907 0.18647768 0.22515723 0.26543042 0.27458355 0.112836406 0.1698067 0.1903323 0.0012618531 0.1160699 0.24349457 0.21687175 0.21022248 0.38692972 0.2370353 0.17684673 0.13732061 0.028590573 0.038306646 0.14119072 0.035659753 0.13474259 -32767.0 -0.14643148 0.30546096 0.3819103 0.30587268 0.23098016 0.11779915 -32767.0 -32767.0 -32767.0 -32767.0 -32767.0 -0.093413055 -0.11454424 -0.021268718 0.12371501 0.013781462 0.04893968 0.10725986 -32767.0 -32767.0 0.011317643 0.00029521785 -0.1185328 -32767.0 -32767.0 -32767.0 -32767.0 -32767.0 0.09352625 -0.21446055
-0.17416544 -0.21936345 -0.13256879 -0.016070317 0.03172138 -0.013235727 0.07466316 0.20917884 0.20497413 0.23256168 0.054228973 -0.02319623 0.17175508 0.25379974 0.13894701 0.16390298 0.39789143 0.51068765 0.49143535 0.5334798 0.49157768 0.5105186 0.49429473 0.39299986 0.3178991 0.1660988 0.20856376 0.24831185 0.2798636 0.37193188 0.17566675 0.08670187 0.031074056 -0.098742396 0.016670415 -32767.0 -0.06821276 -0.059959866 -32767.0 -0.22790018 0.02013785 -0.03765287 -32767.0 -0.13919593 -0.1264365 -32767.0 -32767.0 -32767.0 -32767.0 0.045157436 -0.15874356 -32767.0 -32767.0 -32767.0 -32767.0 0.15276137 0.13798116 0.08652942
-0.24946052 -0.24470375 -0.12933306 0.069273695 0.13574107 0.009527742 0.12626801 0.16184315 0.09276248 0.10701134 0.15180014 0.18066707 0.2185608 0.2269939 0.25735387 0.34054977 0.36883792 0.36444527 0.27434275 0.1373555 0.14289722 0.12807263 0.11885324 0.12709503 0.21391891 0.21690567 0.122428924 0.06741512 -0.0036472701 -32767.0 -0.10277026 -0.016513579 -32767.0 -32767.0 -0.00028304907 0.025373947 0.11145554 0.024160955 -0.21488574 -0.116499715 -0.08566424 -32767.0 -32767.0 -32767.0 -32767.0 -32767.0 -32767.0 -32767.0 -32767.0 0.01031982 -0.06274447 0.0025992715 -32767.0 -32767.0 -0.03769807 -0.23965725 -0.48421246 -0.47834224
