static/data/seaWater_uo/2023/7/20/18.asc
ncols 137
nrows 93
xllcorner 108.0
yllcorner 17.0
cellsize 0.25
NODATA_value -32767
[rows 26 to 51 of 93, columns 58 to 115 of 137]
-0.20575999 -0.17109971 -0.1903856 -0.1290168 -0.02722171 -0.07033013 -0.10367796 -0.11109659 -0.06573354 -0.041891478 0.004770158 0.043366686 0.058275323 0.086484626 0.109434 0.06773599 -32767.0 -32767.0 0.027057782 0.15966414 0.3392915 0.3860367 0.34627524 0.31344053 0.24033889 0.12794064 0.054526534 0.018699044 -0.12327739 -0.23385389 -0.13753715 -32767.0 -32767.0 -32767.0 -32767.0 -32767.0 -32767.0 -0.056105223 -0.048324335 -0.043269772 -32767.0 -32767.0 -32767.0 -32767.0 -32767.0 -0.09629258 -32767.0 -0.31680965 -0.11287445 0.30027825 0.103350654 -0.11168187 -0.17494075 -32767.0 0.08743374 -0.4416861 -0.55005854 -0.5316237
0.04567197 -0.093607076 -0.11224796 -0.030140633 0.089275524 0.12625104 0.19700539 0.11395844 0.05158224 0.0361102 0.012575444 -0.020496286 -0.009339921 0.03447881 0.04059593 -32767.0 -32767.0 0.064166404 0.18042223 0.1823578 0.1976727 0.2136928 0.27498165 0.26663667 0.1383658 0.011821864 -0.041405506 -0.012530262 -32767.0 -32767.0 -32767.0 -32767.0 -32767.0 -32767.0 -32767.0 -32767.0 -32767.0 -0.059437566 0.1367741 0.04054925 -32767.0 -32767.0 -32767.0 -0.111401 -0.24423882 -0.30071324 -0.095193766 0.00440699 0.17426097 0.09211697 -0.022081677 -0.07533111 0.11861168 -0.19145396 -0.4699534 -0.5255576 -0.3696338 -0.38219443
-0.036048457 -0.04292491 0.052737962 -0.0029851778 -0.04258328 0.07459367 0.20339024 0.26629165 0.25367075 0.12805924 0.14201885 0.08550904 -0.035195738 0.04029293 0.009115692 0.07115694 0.22949938 0.25832087 0.2619051 0.16452545 0.109879196 0.12529652 0.17348862 0.06625004 -0.05996264 -0.1397565 -32767.0 -0.16328652 -0.015680032 -32767.0 -32767.0 -0.0036787856 -32767.0 -32767.0 -32767.0 -32767.0 -32767.0 -32767.0 0.25508314 0.01590424 -32767.0 -32767.0 -0.04362353 -0.081456296 0.06980932 0.0018213161 0.04854209 0.087895066 0.007521956 -0.03983352 -0.31499636 -0.19831163 -0.3251655 -0.37184423 -0.307292 -0.1744881 -0.12028144 -0.12321784
0.21538067 0.09679628 0.12277187 0.13366221 0.1532145 0.17781037 -0.021892859 0.05612851 0.15525651 0.16211699 0.14374325 0.011141647 -0.14616978 -0.0058796178 0.0017750531 0.0965923 0.11279518 0.08965459 0.031234447 0.11250747 0.16399734 0.16401514 0.18663998 0.078408636 -0.021704262 -32767.0 -0.10862402 -0.14501446 -0.0964484 -0.0035990996 0.16849665 -32767.0 -0.067968346 -32767.0 -32767.0 -32767.0 -32767.0 -32767.0 0.13367908 0.49414164 0.52525175 0.23600142 0.0077019176 0.2549883 0.16592146 -0.022920683 -0.08458377 0.15076776 0.05961569 -0.2703726 -0.22018707 -0.16325945 -0.18563883 -0.09764206 0.002807024 0.0247862 -0.003314292 -0.0719846
0.16433975 0.10557862 0.10424813 0.04723439 0.2541085 0.28295806 0.30086508 0.099838674 0.10010737 0.11961865 0.09314829 -0.01117379 0.16719982 0.23989193 0.11187236 0.08811818 0.058639888 0.025429327 0.13117088 0.2533509 0.25782067 0.15297382 0.1132489 0.16881254 0.20783876 0.31019193 0.22272612 0.109161235 -0.06681885 -0.10682034 -0.19982621 -0.18656604 -0.061742354 -32767.0 -32767.0 -32767.0 -32767.0 0.018002098 -0.11827431 -0.16616258 -0.057835206 0.2161597 0.4634922 0.5607058 0.6779815 0.6345025 0.19770004 0.15270875 0.3281957 0.17922235 0.093609385 0.1727434 0.10016101 0.051985286 0.10835231 0.0362674 -0.09709253 -0.03863355
0.14275925 0.25368616 0.27632284 0.29919386 0.32845208 0.3857686 0.30355597 0.3807708 0.3076612 0.3673618 0.18295649 0.19852456 0.30940717 0.35343233 0.20906942 0.1870087 0.16966026 0.124061815 0.11399104 0.1093515 0.005927079 0.014761614 0.03710741 0.07531492 0.10298799 0.18262583 0.3165794 0.430069 0.31874067 0.12515485 -0.105324246 -0.014635435 -0.03329243 -32767.0 -32767.0 -32767.0 -32767.0 0.018005546 -0.12935898 -0.08072455 -0.044504624 0.14947785 0.35677263 0.4781786 0.59097457 0.75277776 0.92562926 1.0919743 1.1050394 0.8206493 0.5475269 0.3488943 0.15472038 0.0937732 0.008978875 -0.13076028 -0.12491843 -0.044351775
0.21292293 0.17307703 0.27647385 0.29485524 0.29620814 0.3293862 0.35828555 0.38751915 0.49366316 0.4433509 0.40356955 0.3917499 0.38956973 0.3810539 0.30969283 0.23015086 0.15549934 0.08588568 0.039394476 -0.020820132 -0.11040713 -0.09624414 -0.021007542 0.10070525 0.14358917 0.23704852 0.2622269 0.2530694 0.32215816 0.24425872 0.053889625 -32767.0 -32767.0 -32767.0 -32767.0 -32767.0 0.0026812002 0.008512201 -0.10565059 -0.30249184 0.046457883 0.5354992 0.69919807 0.776091 0.87930995 0.9691962 1.0230144 1.0659465 1.0500233 1.141439 1.1956275 0.94196737 0.5486228 0.21498533 -0.0030328277 -0.13665317 -0.13059637 -0.11322188
0.2037444 0.16721237 0.26855734 0.3136256 0.2443521 0.28294754 0.2075355 0.2647974 0.41432616 0.39964765 0.36362532 0.40092412 0.3436809 0.4086366 0.2709451 0.28149468 0.24443737 0.14492792 -0.060915384 -0.110699415 -0.0872492 -0.051484518 -0.009819883 0.03516575 0.1383377 0.19143261 0.23308004 0.20985079 0.14585458 0.20849532 -0.056261566 -32767.0 -32767.0 -32767.0 -32767.0 -32767.0 0.13715398 0.1817442 0.2025804 0.5458735 1.0158255 0.88597816 0.88436145 0.9385105 0.962195 1.0094335 1.0228347 1.0688387 1.0898792 1.0213736 1.0511036 1.1588522 1.1330822 0.77297753 0.18340625 -0.051365133 -0.13540278 -0.18298738
0.14235914 0.15018058 0.37353906 0.26415816 0.32327792 0.34196287 0.21575867 0.22168663 0.37875515 0.39702818 0.37953466 0.44902623 0.40634766 0.29678273 0.3260877 0.23932602 0.17613408 0.084782235 0.026121067 0.031511776 0.07506901 0.14497711 0.21362703 0.29436654 0.31063703 0.26321027 0.24526384 0.19161081 0.16408256 -0.017235896 0.021209398 -0.053344887 -32767.0 -0.059636585 -32767.0 -32767.0 -0.0019714285 0.4778404 0.8953173 1.0023526 0.8574737 0.7313464 0.6885537 0.7285626 0.7534948 0.80678314 0.8365605 0.81179535 0.8610927 0.8821522 0.9007032 0.92569023 1.0346236 1.0557234 0.7028896 0.20016856 -0.036780193 -0.16159153
0.30460075 0.13625856 0.10414766 0.15752952 0.1088795 0.12340101 0.18299551 0.36479396 0.33437422 0.42262265 0.48806655 0.44968808 0.32344374 0.19785339 0.23071374 0.12127798 0.13572979 0.16183177 0.13803278 0.16295964 0.20199478 0.3929978 0.43101847 0.36201775 0.35715702 0.39884964 0.35922638 0.2968896 0.23856556 0.16289341 0.15496415 0.20676157 0.045043156 -0.015405279 -32767.0 0.17120014 0.5634038 0.4191098 0.5833717 0.6380411 0.5608534 0.54026705 0.5186298 0.39811182 0.46158588 0.51074684 0.5494641 0.53041726 0.5559498 0.6055756 0.660607 0.70590574 0.81815237 0.943793 0.94715744 0.55435324 0.22069627 0.062325493
0.2287922 0.05729462 0.18051936 0.17407952 0.24981041 0.37317574 0.34931332 0.25198936 0.24371172 0.3319688 0.48860276 0.4054146 0.43801242 0.35608637 0.22891897 0.21865158 0.24921963 0.21803373 0.1754145 0.2751947 0.3976402 0.33628175 0.26314542 0.27368703 0.34028295 0.452553 0.49589857 0.47817302 0.4305881 0.39160255 0.4545891 0.31304485 0.35880303 -32767.0 0.6673501 0.33572504 0.14851941 0.36855084 0.4650841 0.47598186 0.38045424 0.39214912 0.21514997 0.17099315 0.059325296 -0.067629166 -0.048217446 0.03614393 0.1128747 0.17014742 0.28141305 0.4061652 0.56468916 0.70497406 0.86582994 0.8169928 0.49615765 0.3488015
0.14000529 0.10538531 0.10829271 0.32104993 0.49012387 0.5139646 0.40166438 0.26103032 0.3053069 0.3253789 0.36944774 0.43786818 0.44120306 0.4140713 0.3399095 0.3455112 0.38032454 0.30953065 0.30050367 0.29372165 0.27550152 0.14625137 0.14774054 0.17974606 0.3433757 0.4876396 0.6413949 0.681549 0.6144416 0.3623544 0.08979345 0.25095865 0.05291272 0.27365786 0.2503672 0.07434701 0.16788778 0.25710598 0.33400282 0.34145126 0.25297192 0.23213075 0.13784575 0.15753093 0.23756614 0.18721794 0.12400471 0.18899556 0.26374048 0.2571069 0.19866195 0.23222579 0.38180065 0.5631108 0.6952563 0.7855596 0.6167867 0.49768612
-0.017061135 0.049009934 0.090369605 0.27277386 0.31432897 0.34014082 0.22883919 0.34128284 0.3727482 0.36941007 0.40258884 0.37457216 0.41077352 0.36647284 0.45102865 0.50544417 0.56042105 0.577047 0.4682626 0.29532006 0.2688981 0.13518296 0.0794119 0.13623437 0.2619205 0.3901718 0.5699576 0.66028637 0.7510857 0.7031326 0.4453314 -32767.0 0.34700453 0.3022219 -32767.0 -0.05152616 -0.001739162 0.105849184 0.16017362 0.19535938 0.14817028 0.14176302 0.17093685 0.14669873 0.19974035 0.26235935 0.17191844 0.19512644 0.22436026 0.18627435 0.21516651 0.11078165 0.16989318 0.33818507 0.5396588 0.6837369 0.75288516 0.6574071
-32767.0 0.11998168 0.26592556 0.39791194 0.33091816 0.30189636 0.2804661 0.23971063 0.25183976 0.36396217 0.43908685 0.34609097 0.33739924 0.41842863 0.45680007 0.48819506 0.6605918 0.61818826 0.37730488 0.26434377 0.19216673 0.12592289 0.11592269 0.1369536 0.14822689 0.26891375 0.43120524 0.59452206 0.6650162 0.73676795 0.7310153 0.37960258 -32767.0 -0.24174076 -0.0933987 -0.07697161 -0.110698625 0.11217782 0.12794001 0.15669471 0.11473752 0.11398188 0.17671737 0.10675523 0.09428812 0.15463297 0.17300609 0.18814729 0.27917162 0.38354847 0.39143014 0.3485463 0.11658714 0.1312089 0.32477206 0.5409912 0.83450425 0.98765796
0.042211358 0.0918565 0.30743337 0.38502342 0.3081889 0.2985614 0.24474275 0.2163489 0.30677238 0.31998485 0.3959925 0.442211 0.53686833 0.5616677 0.51130074 0.43817815 0.40142682 0.20010667 0.0703948 0.074514 0.15894108 0.0970781 0.22079208 0.33567458 0.25268626 0.3425221 0.58993065 0.63400537 0.52569294 0.6339831 0.57904834 0.8668335 0.22346067 0.21245392 0.25320432 0.2302386 0.24724956 0.19528341 0.23843513 0.23421052 0.19363102 0.11960785 0.18741854 0.05342482 0.02346827 0.021398356 -0.015751507 -0.042716283 -0.027219782 0.07807203 0.1905971 0.28757998 0.24291894 0.110574946 0.19839622 0.3701224 0.68292385 0.94632405
0.11457137 0.12315764 0.27541938 0.32818848 0.30152023 0.42997655 0.41859815 0.3611084 0.32329056 0.25191534 0.31531563 0.4349766 0.45621315 0.431483 0.35018474 0.34772292 0.27463466 0.13292694 0.03820292 0.15789168 0.2849568 0.40565163 0.60289085 0.5638144 0.43250206 0.4981274 0.47075087 0.43368724 0.38348994 0.5245659 -0.16438952 0.6242772 0.67419153 0.2472249 0.18240249 0.20232968 0.48651055 0.5117391 0.47168472 0.3615828 0.26891294 0.11817425 0.16743295 0.004118718 -0.06171317 -0.056063563 0.0022214393 -0.051279154 -0.19200628 -0.12766941 -0.092904896 0.050759222 0.21308877 0.256795 0.28005612 0.33286998 0.40008223 0.47084633
0.09928376 0.17144512 0.2253764 0.23819214 0.27749518 0.24760981 0.2057863 0.25348264 0.2828048 0.29041845 0.2692468 0.3836178 0.49222416 0.5439468 0.46190616 0.3078769 0.28001624 0.19397514 0.19957499 0.28295818 0.49449208 0.6556502 0.67529863 0.56780416 0.5085313 0.368207 0.18982019 0.09901731 -0.014966754 0.11823245 0.4203174 -0.14263411 0.5655581 0.93563175 0.8627996 0.9312411 0.8233953 0.67384243 0.5278696 0.38405678 0.302104 0.14320824 0.11867886 -0.0028484054 -0.11728526 -0.1268389 -0.14135443 -0.14272292 -0.18043 -0.20088358 0.011504291 0.12028455 0.19313358 0.33398783 0.32308722 0.35568517 0.3754751 0.35336062
0.09318812 0.18685265 0.30340755 0.36030042 0.2977209 0.24315163 0.19353825 0.21507569 0.28589183 0.36140302 0.39338753 0.3001016 0.2424532 0.319581 0.3925649 0.30744758 0.18478724 0.15998948 0.24755888 0.4435185 0.57140005 0.6691148 0.6550015 0.5732204 0.44260564 0.15893152 -0.07465664 -0.043713965 0.054256126 0.24271648 0.3488283 0.69305366 0.55313414 0.5997209 0.7916789 0.9143845 0.96503055 0.72433656 0.46909416 0.315647 0.33078933 0.14990412 0.07541632 -0.042467944 -0.11182626 -0.10335989 -0.2067732 -0.2351138 -0.20892558 -0.17278515 -0.13617423 0.123741835 0.43420294 0.49724773 0.2506164 0.14510652 0.18226518 0.19762324
0.17327265 0.30828097 0.33240157 0.33068514 0.41368806 0.35180694 0.31145233 0.18287188 0.14752927 0.2533045 0.2972773 0.2967916 0.2638778 0.26138425 0.33100596 0.3850464 0.35555372 0.34017366 0.46991116 0.58102125 0.6556744 0.65181804 0.5629419 0.44983402 0.2881514 0.07885817 -0.02256472 -0.25192097 0.07681014 0.011924492 0.38913116 0.549439 0.6377827 0.655723 0.7919117 0.8111384 0.7040035 0.5228731 0.3878518 0.38115633 0.31451446 0.12372651 0.049909387 -0.06904831 -0.08973607 -0.075055994 -0.17220359 -0.20763613 -0.15240335 -0.112547584 -0.121849805 -0.13334553 -0.03344652 0.21306105 0.35944793 0.27196586 0.12913159 0.057008438
0.34429675 0.5120063 0.62718266 0.5244001 0.37460193 0.47997785 0.38385284 0.40844268 0.3537895 0.15768416 0.22392942 0.2708622 0.25548142 0.2451266 0.33650744 0.3025487 0.27500165 0.3515162 0.4615907 0.64816535 0.64267755 0.53474003 0.41691124 0.25948685 0.100902215 0.24262935 0.04257497 -0.063260086 -0.2620849 0.09915838 0.2562972 0.38619673 0.48355645 0.5221107 0.52165335 0.5057731 0.525131 0.5040622 0.43582058 0.30200055 0.21253097 0.09652103 0.023606645 -0.030326946 -0.07802786 -0.015846081 0.13171351 0.18674475 0.055288527 0.031418804 0.023350174 -0.10650854 -0.10322119 -0.14382534 -0.039339352 0.048398126 -0.035115305 -0.07503093
0.57025003 0.75043654 0.6535444 0.5937347 0.51356846 0.4849065 0.4343995 0.33476412 0.3401583 0.33540672 0.33415705 0.25495598 0.24978143 0.2842964 0.11340774 0.09847557 0.28266966 0.40384266 0.5286214 0.51960546 0.42602122 0.3431889 0.1810061 0.048330758 -0.01896878 -0.15496328 -0.2060203 -0.11217843 -0.08170588 -0.14188448 -0.117715314 -0.05087009 0.08369674 0.37658656 0.53039414 0.58223945 0.5517868 0.48727107 0.39817953 0.28473735 0.21662326 0.14306098 0.056584865 0.013347865 -0.03672857 -0.0019937935 0.11086633 0.14329618 0.015917838 0.0008021661 -0.0058902064 -0.143392 -0.23330413 -0.23042436 -0.21148226 -0.14493091 -0.18940958 -0.35853398
0.8721818 0.6173279 0.35539284 0.2548471 0.3832814 0.41464138 0.4484518 0.298508 0.34471193 0.3349991 0.33050862 0.21564749 0.23450002 0.27257368 0.19782306 0.27535146 0.334742 0.4202807 0.46106642 0.37219054 0.29350606 0.19497377 0.051090963 -0.07084335 -0.18420498 -0.28202704 -0.0787629 -32767.0 -0.10036825 -0.14042127 -0.00937197 0.22078618 0.32265142 0.43262213 0.52756774 0.48548627 0.3997944 0.36133415 0.30618098 0.23948815 0.1968495 0.10211891 0.079836376 0.050133184 0.04339872 0.047381595 -0.004066092 -0.124660455 -0.19662677 -0.19389637 -0.1175899 -0.11413873 -0.35697094 -0.46824172 -0.54190135 -0.55198705 -0.43650836 -0.19826789
0.44459555 0.18196738 0.15989876 0.276215 0.3471231 0.39508253 0.43648922 0.14341503 0.30967656 0.34529918 0.26014626 0.24939325 0.2338207 0.20661564 0.2364104 0.25980747 0.23964018 0.4100102 0.3376391 0.26012126 0.20659831 0.16198874 0.01903474 -0.07510479 -0.22906318 -0.21728736 -0.26112324 -0.2735717 -0.13838537 0.101476595 0.20946929 0.22011925 0.31585234 0.3800888 0.29522386 0.20804533 0.16223164 0.16410433 0.16957241 0.15403764 0.15401262 0.08093798 0.06145478 0.06011774 0.0272017 -0.029522551 -0.21134329 -0.32271898 -0.25315937 -0.24436356 -0.20414522 -0.23651266 -0.24876256 -0.26153845 -0.2301311 -0.2701179 -0.19093017 -0.13800219
0.12304322 0.13125178 0.3322174 0.32600614 0.29542166 0.3626545 0.39918542 0.31418812 0.3637929 0.39311042 0.34010068 0.23538232 0.20096484 0.17934501 0.2581294 0.11325247 0.30084985 0.32235858 0.24382024 0.19595377 0.11883309 0.08975427 0.019537026 0.039541308 0.06143214 0.05048899 -32767.0 -0.07798767 0.09869363 0.21038884 0.17490467 0.1984509 0.25763264 0.1651949 0.055907555 0.061233085 0.06990376 0.0884809 0.020598125 0.021829434 0.05298628 0.043124106 0.019365337 0.0131902 -0.019766925 -0.21127257 -0.31438398 -0.1263134 0.05822089 0.0198254 0.11028851 0.10508096 0.015460216 -0.006535525 -0.09986222 -0.14708468 -0.13385573 -0.11528993
0.059071537 0.23649131 0.16693896 0.09066367 0.1489172 0.3042007 0.45552123 0.53362036 0.42101514 0.36984563 0.24382456 0.23046231 0.18542829 0.21935998 0.2403061 0.3868699 0.4072608 0.30623698 0.25408024 0.15280282 0.05018305 -0.02004044 -0.04611892 -0.003141533 -0.12701549 0.013205093 -0.123253055 0.067684494 0.15543686 0.18207507 0.10003743 0.15198006 0.084448665 -0.014388687 -0.01903644 -0.13521394 -0.097997285 -0.09197898 -0.121691555 -0.10632798 -0.047493163 -0.046718918 -0.045533203 -0.06740652 -0.23629394 -0.31520545 -0.1742395 0.07027819 0.04030797 0.009045113 0.054830454 0.13168961 0.13413213 -0.032912757 -0.086509645 -0.12988798 -0.07337239 -0.114158064
0.14295734 0.019342175 0.024807421 -0.011322971 0.12043536 0.21404308 0.27403685 0.23817046 0.26423943 0.23102564 0.2260389 0.25986084 0.33722034 0.40125966 0.49272963 0.6050572 0.48820335 0.33776656 0.3143055 0.1811001 0.07384909 0.026348524 0.009978027 0.004970831 -0.029314637 -0.039457556 0.0589726 0.09773012 0.14497085 0.10119505 0.013861852 0.050426967 -0.068467006 -0.13768923 -0.18928269 -0.27460316 -0.30322772 -0.32068476 -0.35639802 -0.25092295 -0.16776785 -0.16141403 -0.1792246 -0.25454363 -0.4200443 -0.25685048 -0.008328579 -0.0013740151 -0.008041551 0.030161414 0.012372062 0.0025455565 0.002161285 -0.07989459 -0.015423463 0.0019029638 -0.013870769 -0.022140732
