static/data/seaWater_uo/2023/7/20/6.asc
ncols 137
nrows 93
xllcorner 108.0
yllcorner 17.0
cellsize 0.25
NODATA_value -32767
[rows 0 to 25 of 93, columns 58 to 115 of 137]
-32767.0 -32767.0 -32767.0 -32767.0 -32767.0 -32767.0 -32767.0 -32767.0 -32767.0 -32767.0 -32767.0 -32767.0 -32767.0 -32767.0 -32767.0 -32767.0 -32767.0 -32767.0 -32767.0 -32767.0 -32767.0 -32767.0 0.09626802 -0.085214436 -0.79527956 -0.3452656 0.06368567 0.1697123 0.18565297 0.15515864 0.15596189 0.09210345 0.042083077 0.053195 0.043592494 -0.031525355 0.03888654 0.06818953 -0.13270614 -0.118448325 -0.047259312 -0.046535697 0.0862835 0.08659572 0.046084084 -0.09900022 -0.09370785 -0.023496214 0.100799926 0.11284597 0.050598994 0.09876034 0.3073319 0.34733382 0.30371794 0.35641897 0.25547516 0.36118793
-32767.0 -32767.0 -32767.0 0.06491714 0.03157037 0.040525686 0.060336486 0.030544553 0.029824236 0.019059334 -32767.0 -32767.0 -32767.0 -32767.0 -32767.0 -32767.0 -32767.0 -32767.0 -32767.0 -32767.0 -32767.0 -0.24156258 -0.43870872 -0.43511826 0.107843325 0.20370556 0.091852985 0.0567137 0.32865664 0.31452772 0.18274346 0.21551071 0.31021315 0.35248065 0.18243669 0.033776946 0.0029248993 -0.0045271963 -0.09703809 -0.114033386 -0.10338933 -0.034271024 0.067614935 0.031595238 0.023393083 -0.0121188555 -0.037839323 0.014504864 -0.006638132 0.071946084 0.08594525 0.08795448 0.014116814 0.08880469 0.12852794 0.033504125 0.003995126 -0.07991438
-32767.0 0.07585179 -32767.0 0.11130594 -0.0007492282 0.08041111 0.057641573 0.012005167 0.006195335 0.047046605 0.046759773 0.123813234 -32767.0 -32767.0 -32767.0 -32767.0 -32767.0 -32767.0 -32767.0 -32767.0 -32767.0 -0.07809326 -0.1099976 0.07676756 0.20969322 0.016056053 0.031633075 -0.044808455 0.040068902 0.27254215 0.58759993 0.673799 0.59611136 0.41822627 0.13761401 -0.11008308 -0.24503475 -0.21944828 -0.13608423 -0.09106128 -0.015075165 0.16153386 0.11277931 0.03207182 0.0881887 -0.14060569 -0.28009138 -0.1226757 -0.1532924 -0.2495385 -0.39486465 -0.4140757 -0.389275 -0.36757094 -0.33462456 -0.25456852 -0.42322052 -0.4534859
0.05869575 -32767.0 0.07336609 0.036871415 -0.01709462 -0.030251881 0.020616345 0.08948467 0.10355954 0.13881715 0.055733256 0.08533124 -32767.0 -32767.0 -32767.0 -32767.0 -32767.0 -32767.0 -32767.0 -32767.0 -0.077087626 0.048623797 0.099737726 0.19362257 0.111208096 0.054899022 0.06451355 -0.13179988 0.0724574 0.35938925 0.3696789 0.14333193 0.14724109 0.1481537 0.057495404 -0.095446296 -0.14625692 -0.1645936 -0.1243935 0.14616409 0.42381135 0.29375947 0.1614685 0.0716766 0.10329413 -0.0540415 -0.1928759 -0.2830458 -0.29461262 -0.40959352 -0.32996333 -0.2626321 -0.29425323 -0.33101773 -0.41215804 -0.31568608 -0.18748567 -0.19721149
0.07989605 -32767.0 -0.06503703 -0.05241635 0.090031914 0.08037318 0.0066737174 0.03770046 0.06132275 0.1388411 0.08337435 -32767.0 -32767.0 -32767.0 -32767.0 -32767.0 -32767.0 -32767.0 -32767.0 -32767.0 -32767.0 -32767.0 0.057668597 0.1698071 0.12782428 0.02486805 0.23852852 0.1399983 0.31598172 0.39008787 0.25766346 0.23238795 0.062007055 0.02313383 0.23659517 0.33093277 0.16740361 0.17618203 0.3422506 0.3785795 0.14285102 0.071171835 -0.054514658 -0.26229465 -0.09747815 -0.039727375 -0.08917842 -0.1415017 -0.16948076 -0.21656014 0.09591086 0.18831308 0.016672496 -0.16073847 -0.18633331 -0.27608228 -0.12570284 -0.15098016
0.041088995 0.0049533863 0.06635474 0.0670684 0.09952867 0.10955552 0.04180888 0.085452504 -0.060435463 0.0670103 0.063406676 -32767.0 -32767.0 -32767.0 -32767.0 -32767.0 -32767.0 -32767.0 -32767.0 -32767.0 -32767.0 -32767.0 -32767.0 0.3419827 0.22234909 0.14008994 0.23377427 0.20378678 0.07669234 -0.058135286 0.022565678 0.07018025 0.18234122 0.27268735 0.29669785 0.33717495 0.30388853 0.30181202 0.30795035 -0.011655841 -0.00045167003 -0.2472117 -0.51898265 -0.58369505 -0.4061425 -0.25062644 -0.064150095 0.00018326892 0.13111565 0.2706409 0.37295073 0.2381201 0.093667865 0.0070288517 -0.08080276 -0.1502402 -0.01365503 -0.24258739
0.08141968 0.08430385 0.086702086 0.008340021 -0.0066573834 0.0071897297 0.035083663 0.09986915 0.20080617 0.118605904 0.076484986 -32767.0 -32767.0 -32767.0 -32767.0 -32767.0 -32767.0 -32767.0 -32767.0 -32767.0 -32767.0 -32767.0 -32767.0 -32767.0 -0.009128473 0.22301608 0.16512705 0.1937835 0.079926215 -0.29253253 -0.15066712 -0.06158257 0.122581296 0.15190658 0.07299601 -0.09333238 -0.030998973 -0.048746392 -0.035058673 -0.087815 -0.038258392 -0.31550765 -0.5333578 -0.6766156 -0.6369039 -0.44728777 -0.002782611 0.35731024 0.52081263 0.37311587 0.22146422 0.044945523 -0.092105344 -0.015022516 -0.109209955 0.11115226 0.007284566 0.048233394
0.063139915 0.041502196 -0.04085765 -0.12915924 -0.15571128 -0.11696711 -0.05175226 0.030070562 0.07514089 -0.004053167 -32767.0 -32767.0 -32767.0 -32767.0 -32767.0 -32767.0 -32767.0 -32767.0 -32767.0 -32767.0 -32767.0 -32767.0 -32767.0 -32767.0 -32767.0 0.22903211 0.06950406 0.032054707 0.25153822 -0.11115472 -0.10578668 -0.15714489 -0.16209768 -0.27870268 -0.4098175 -0.52452785 -0.31742772 -0.1469047 -0.12892804 -0.1071755 0.02163666 -0.11572781 -0.1965488 -0.34346572 -0.11215418 0.31338364 0.43594128 0.35534447 0.26036316 0.03561727 -0.16953239 -0.2514788 -0.376559 -0.3248225 -0.25117815 0.18281221 0.52111274 0.49616212
-0.004978581 -0.09568714 -0.1367661 -0.13449931 -0.15997735 -0.12240265 -0.12622021 -0.21482795 -0.07761305 -32767.0 0.04840032 -32767.0 -32767.0 -32767.0 -32767.0 -32767.0 -32767.0 -32767.0 -32767.0 -32767.0 -32767.0 -32767.0 -32767.0 -32767.0 -32767.0 0.24593396 0.15898222 0.12476879 0.22802041 0.1254599 -0.13897431 -0.15486376 -0.2467348 -0.40287238 -0.46414524 -0.30057472 -0.24605736 -0.23680347 -0.2942968 -0.12917772 0.09897803 0.28830418 0.3282714 0.35885373 0.41269994 0.5187012 0.3944697 0.21684302 0.08995987 -0.13887262 -0.25905946 -0.0912758 -0.00889067 0.051649738 0.09310691 0.19684182 0.17601797 0.15367651
-0.11307554 -0.12963483 -0.057635345 -0.109232664 -0.13922136 -0.10032032 -0.049952235 -0.08352201 -0.15988503 -0.21810146 0.10213737 0.12761348 0.12525141 0.08141198 0.09331393 0.1859388 -32767.0 -32767.0 -32767.0 -32767.0 -32767.0 -32767.0 -32767.0 -32767.0 -32767.0 -32767.0 0.2798954 0.26567423 -0.008639 -3.7431717e-05 -0.115127325 0.027076032 0.06493863 0.024189355 -0.1326564 -0.27738723 -0.38157377 -0.5243985 -0.6342211 -0.4047961 -0.2447331 0.018983297 0.32281026 0.4564433 0.4213409 0.26547715 0.22973213 0.18245794 0.09074457 0.052416604 0.18162507 0.11698175 0.021493303 0.12396394 0.10677866 0.020502502 0.038702678 0.34869736
-0.1465687 0.06936459 0.08191634 -0.019837568 -0.027233087 -0.001187725 -0.079130605 -0.10326332 -0.09103764 -0.07753986 0.053750023 -0.021133246 -0.09351749 -0.053676292 0.05896519 0.0917143 -32767.0 -32767.0 -32767.0 -32767.0 -32767.0 -32767.0 -32767.0 -32767.0 -32767.0 -32767.0 -32767.0 0.26086396 -0.04475887 0.004502788 0.11505385 0.068177745 0.024578357 0.16886823 0.22635671 -0.025067778 -0.2331841 -0.27965665 -0.24313825 -0.19856858 -0.2133139 -0.22914626 -0.12190755 0.013865452 0.007460927 -0.063257776 -0.11724796 -0.1597092 -0.093365684 0.010999685 0.09178505 0.08948075 0.011451573 -0.0032546937 -0.09387478 -0.21360178 -0.3047428 -0.15910116
-32767.0 0.13015792 0.04019225 -0.0033777838 0.10877429 0.08381171 0.067261465 -0.017941032 -0.024848975 0.024317842 0.08346526 0.16059569 0.10801443 0.07264138 0.0720406 0.11580708 0.28421697 0.26281485 -32767.0 -32767.0 -32767.0 -32767.0 -32767.0 -32767.0 -32767.0 -32767.0 -32767.0 -32767.0 0.11660352 0.12062296 0.058964364 0.028432965 0.07404422 0.014497735 0.13354121 0.060582794 -0.061820887 -0.08660184 0.009189356 -0.15034716 -0.1556307 -0.2752658 -0.22712614 -0.14541464 -0.07452409 -0.24172495 -0.29916212 -0.25066042 -0.25539625 -0.23830065 -0.10112727 -0.014970539 -0.34687024 -0.23890415 0.39617255 0.6341753 0.22540282 -32767.0
-32767.0 -0.104775466 0.12664938 0.16516796 0.12824346 0.092617095 0.1289358 0.14766917 0.18789995 0.26810092 0.24568033 0.22536841 0.13133566 0.08453615 0.20482029 0.023898933 -32767.0 0.043316927 -32767.0 -32767.0 -32767.0 -32767.0 -32767.0 -32767.0 -32767.0 -32767.0 -32767.0 -32767.0 -0.015621293 0.15530156 0.06377681 0.0015207576 0.08677846 -0.011849231 0.0972422 0.17416994 0.1433192 0.04823909 -0.04939902 -0.21687831 -0.2864548 -0.24330412 -0.32837436 -0.10505371 -0.17323893 -0.23294222 -0.33362412 -0.28186917 -0.16360252 -0.10325565 -0.42477912 -0.2806945 -0.30414143 -0.37276638 0.0033123344 0.20806451 0.19800684 -32767.0
0.04411559 0.15428707 0.08422365 0.0832662 0.04263233 0.04635687 0.058911614 0.13266583 0.19585001 0.30606213 0.29599074 0.22746629 0.15734087 0.18659148 0.06784369 -32767.0 -32767.0 -32767.0 -32767.0 -32767.0 -32767.0 -32767.0 -32767.0 -32767.0 -32767.0 -32767.0 -32767.0 -32767.0 0.099731945 0.0011034086 -0.15004432 -0.09167449 -0.008461505 0.004691061 0.0863319 0.0064079026 0.016180787 -0.014018811 -0.016530553 -0.17798504 -0.26712814 -0.3362406 -0.40981618 -0.1472568 -0.16391012 -0.18199596 -0.30098373 -0.19463848 0.026200138 0.11847436 -0.006958318 -0.21124466 -0.267214 -0.21897617 -0.39680326 -0.019570723 -0.07592095 0.05557479
0.25400224 0.14390185 0.121315755 0.08623956 0.006727271 -0.018383734 -0.06676201 -0.034873642 0.07274312 0.10394862 0.113361925 0.05217749 0.06766487 0.1577008 0.031296704 0.05779195 -32767.0 -32767.0 -32767.0 -32767.0 -32767.0 -32767.0 -32767.0 -32767.0 -32767.0 -32767.0 -32767.0 -32767.0 0.050158888 -0.16879241 -0.07035982 0.100858055 0.23255236 0.059269972 0.0016839115 -0.007024575 -0.14826627 -0.1847839 -0.08313657 0.19042148 0.26487947 0.23396064 -0.1598492 -0.26499546 -0.26763144 -0.21640134 -0.20167081 -0.23863845 -0.042678602 0.15114725 0.107430026 0.06430396 -0.08031128 -0.104908414 -0.017933661 0.15481883 0.07249766 -32767.0
0.11676804 0.07230864 0.003775491 0.020595893 -0.048699435 -0.04474061 0.006790425 -0.03339388 -0.09811843 -0.17916408 -0.24943647 -0.15017392 0.08328721 0.1380258 0.13040052 0.15607013 0.12031351 -32767.0 -32767.0 -32767.0 -32767.0 -32767.0 -32767.0 -32767.0 -32767.0 -32767.0 -32767.0 -32767.0 0.11865647 0.14570731 -0.012380064 -0.023713754 -0.02340981 0.06972053 -0.071505845 -0.24307387 -0.2646163 -0.025564583 0.20092192 0.17668907 -0.011684786 -0.14439747 0.005849826 -32767.0 -0.2511746 -0.39698714 -0.2777039 -0.18912327 -0.19145495 -0.19261941 -0.23452038 -0.11460156 0.028847791 -0.003857107 0.22477268 -32767.0 -32767.0 -32767.0
0.009374151 -0.037950777 -0.0934811 -0.104496226 -0.07596842 -0.021014515 0.016297398 -0.02323732 -0.1106761 -0.22696567 -0.30043298 -0.24079446 -0.07453943 0.04527214 0.1380455 0.17460245 0.09413691 -32767.0 -32767.0 -32767.0 -32767.0 -32767.0 -32767.0 -32767.0 -32767.0 -32767.0 -32767.0 -32767.0 -32767.0 0.24656248 -0.052217796 -0.26147276 -0.318086 -0.29175344 -0.34759375 -0.3293256 -0.018999424 -0.0082345195 -0.20806554 -0.34521142 -0.4558547 -0.26628786 -0.20627227 -0.15645254 -0.10881122 -0.14231122 -0.18557638 -0.081605576 -0.101822555 -0.13991672 -0.17369401 -0.0583065 0.36929235 0.56249094 0.41625464 -32767.0 -32767.0 -32767.0
-0.047623053 -0.110076904 -0.09074758 -0.09541046 -0.11139316 -0.069937624 -0.083159134 -0.123802364 -0.077578306 -0.12078661 -0.1842736 -0.15725511 -0.05568831 0.085795835 0.12530738 0.1450409 0.035075013 0.012619295 -32767.0 -32767.0 -32767.0 -32767.0 -32767.0 -32767.0 -32767.0 -32767.0 -32767.0 -32767.0 0.26957858 0.17129412 -0.07508452 -0.028465357 -0.21092442 -0.2789586 -0.08033621 -0.029742114 -0.096897356 -0.27841267 -0.5075031 -0.64730847 -0.3721556 0.19626594 0.25801024 0.16874892 0.23867948 0.2983524 0.21235742 0.23482773 0.18639846 0.32799333 0.38669398 -32767.0 0.22711918 0.051978618 0.07699403 -32767.0 -32767.0 -32767.0
-0.092798285 -0.06171558 -0.008894728 -0.041644704 -0.07443844 -0.11197831 -0.16620088 -0.18038642 -0.09668995 -0.07287659 -0.029386282 0.010710629 0.06698855 0.0007554506 -0.0050629224 -0.021599237 -0.036323633 -32767.0 -32767.0 -32767.0 -32767.0 -32767.0 -32767.0 -32767.0 -32767.0 -32767.0 -32767.0 -32767.0 0.3556876 0.029548936 -0.26574388 -0.0059733354 0.27749792 -0.07394349 -0.22259407 -0.14187963 -0.052871622 -0.17739147 -0.15627728 -0.06261466 0.085957564 0.1836129 -32767.0 -32767.0 -0.22550935 -0.10642285 -32767.0 -32767.0 -32767.0 -32767.0 -32767.0 -32767.0 -32767.0 -32767.0 -32767.0 -32767.0 -32767.0 -32767.0
-0.01607631 0.031500667 0.13898501 0.116815664 0.018137373 -0.094749294 -0.19448431 -0.19642945 -0.12283199 -0.048457514 0.0025482043 0.10668957 0.054469135 0.064354636 -0.12829173 -0.024566203 -32767.0 -32767.0 -32767.0 -32767.0 -32767.0 -32767.0 -32767.0 -32767.0 -32767.0 -32767.0 -32767.0 0.39831564 0.23759043 -0.22014578 -0.45487437 -0.4915368 -0.34846145 -0.17626119 -0.06599142 -0.014479863 0.020919729 -0.039834112 -0.09205127 0.031367857 0.072921425 -32767.0 -32767.0 -32767.0 -32767.0 -32767.0 -32767.0 -32767.0 -32767.0 -32767.0 -32767.0 -32767.0 -32767.0 -32767.0 -32767.0 -32767.0 -32767.0 -32767.0
0.0898845 0.09501136 0.13696939 0.115287594 -0.014652855 -0.020061951 -0.0071897274 -0.047428597 0.012755226 0.0026319793 -0.020640066 0.09846788 0.15626365 0.015474225 -0.015185284 -0.014463644 -32767.0 -32767.0 -32767.0 -32767.0 -32767.0 -32767.0 -32767.0 -32767.0 0.13726632 0.011276213 0.42180333 0.39589673 0.1464933 -0.34756956 -0.069549456 -0.12971513 -0.15349922 0.0037062876 0.044373326 -0.081492096 -0.40045962 -0.3001323 -0.24045947 -32767.0 -32767.0 -32767.0 -32767.0 -32767.0 -32767.0 -32767.0 -32767.0 -32767.0 -32767.0 -32767.0 -32767.0 -32767.0 -32767.0 -32767.0 -32767.0 -32767.0 -32767.0 0.02896252
0.08988674 0.14925125 0.15715316 0.10787703 0.09297522 0.11269092 0.16452166 0.117687315 0.056759056 0.087240525 0.028738488 0.06824933 0.12587115 0.17662218 0.020541448 0.035943054 -32767.0 -32767.0 -32767.0 -32767.0 0.0035758668 0.18138364 0.123227395 0.22089568 0.08645351 0.31809935 0.18355191 0.23394093 -0.22145224 -0.23281853 -0.14834419 -0.03443763 0.037493233 0.01521172 -0.03830672 -0.06719378 -0.13890646 -0.15938246 -32767.0 -32767.0 -32767.0 -32767.0 -32767.0 -32767.0 -32767.0 -32767.0 -32767.0 -32767.0 0.2007633 0.19748022 -32767.0 -32767.0 -32767.0 -32767.0 -32767.0 -32767.0 -32767.0 -0.014275772
0.23237099 0.23764572 0.19279237 0.07088692 0.035570364 0.06924389 0.057515185 0.060782157 0.093525894 0.07382714 0.034132734 0.0832175 0.15232815 0.24223556 0.030250961 -32767.0 -0.060498055 -32767.0 0.011753851 -32767.0 0.04645202 -32767.0 0.16992112 0.20155726 0.18834716 0.22983575 0.22040148 0.21901332 -0.10283149 0.022905579 0.21839316 0.22084269 0.10724649 -0.054136984 -0.20315613 -0.29622358 -32767.0 -32767.0 -32767.0 -32767.0 -32767.0 -32767.0 -32767.0 -32767.0 0.082047105 0.1162115 0.08864707 0.1081317 0.17087342 0.016123071 0.10045318 0.13835834 -32767.0 -32767.0 -32767.0 -32767.0 -32767.0 0.05188251
0.24600564 0.28439033 0.19258037 0.08346099 0.09058726 0.10580995 0.12364483 0.14748985 0.15368763 0.10815738 0.045263197 0.08223661 0.15445355 0.18677042 0.21152653 0.23222953 0.18444352 0.2764044 0.39975336 0.33223897 0.31749424 0.2556087 0.17752936 0.27362204 0.44617164 0.34516874 0.19661659 -32767.0 0.059761573 0.44974786 0.31760287 0.11386746 -0.12822713 -0.22491252 -32767.0 -32767.0 -32767.0 -32767.0 -32767.0 0.019590735 -0.02817884 0.03591196 0.14480393 0.1289622 0.22798385 0.1639655 -32767.0 -32767.0 0.15848272 0.04136414 -0.10504655 -32767.0 -32767.0 -32767.0 -32767.0 -32767.0 0.2996179 -0.08509417
0.17484699 0.26228163 0.21794015 0.084654905 0.063800395 0.13047203 0.112751886 0.08959026 0.122411385 0.091746114 0.06960386 -0.08423918 0.09655417 0.3002747 0.34196657 0.42618132 0.600193 0.5809913 0.4704808 0.5467335 0.58527255 0.5413871 0.52737254 0.43049106 0.26531395 0.24211563 0.4293362 0.40715244 0.43668362 0.3597663 0.06443868 -0.13165195 -0.1796904 -0.12398029 0.034700207 -32767.0 -0.006595722 0.036046177 -32767.0 -0.14664975 -0.031291388 -0.07064113 -32767.0 -0.061239555 -0.06024048 -32767.0 -32767.0 -32767.0 -32767.0 0.052805047 -0.08926727 -32767.0 -32767.0 -32767.0 -32767.0 0.3750062 0.41033593 0.26429367
0.20255025 0.13815272 0.07900287 0.028302733 0.0225766 0.0591709 0.110510446 0.044832464 0.050724015 0.117737785 0.093559444 0.06655835 0.09852542 0.14857817 0.17094998 0.26823783 0.3365843 0.34500498 0.26363516 0.1661276 0.12282546 0.041683104 0.0028972619 0.08309367 0.2358076 0.35093057 0.29366854 0.21276918 0.13458979 -32767.0 -0.21194287 -0.10151524 -32767.0 -32767.0 -0.020892454 0.019614967 0.19733882 0.32339498 0.03003125 -0.11011154 -0.12255344 -32767.0 -32767.0 -32767.0 -32767.0 -32767.0 -32767.0 -32767.0 -32767.0 -0.049220003 0.06327279 0.11185531 -32767.0 -32767.0 0.14210668 -0.011847847 -0.18802032 -0.2126639
