static/data/salinity/2023/8/1/0.asc
ncols 137
nrows 93
xllcorner 108.0
yllcorner 17.0
cellsize 0.25
NODATA_value -32767
[rows 56 to 83 of 93, columns 0 to 60 of 137]
-32767.0 -32767.0 -32767.0 -32767.0 -32767.0 -32767.0 -32767.0 -32767.0 -32767.0 -32767.0 -32767.0 -32767.0 -32767.0 -32767.0 -32767.0 -32767.0 -32767.0 -32767.0 -32767.0 -32767.0 -32767.0 -32767.0 -32767.0 -32767.0 -32767.0 -32767.0 -32767.0 -32767.0 -32767.0 -32767.0 -32767.0 -32767.0 -32767.0 -32767.0 -32767.0 -32767.0 -32767.0 -32767.0 -32767.0 -32767.0 -32767.0 -32767.0 -32767.0 -32767.0 -32767.0 -32767.0 -32767.0 33.367992 33.743668 33.36114 33.057076 33.106945 33.218464 33.26586 33.097893 33.383446 33.819927 33.90524 33.996655 34.097424 34.232716
-32767.0 -32767.0 -32767.0 -32767.0 -32767.0 -32767.0 -32767.0 -32767.0 -32767.0 -32767.0 -32767.0 -32767.0 -32767.0 -32767.0 -32767.0 -32767.0 -32767.0 -32767.0 -32767.0 -32767.0 -32767.0 -32767.0 -32767.0 -32767.0 -32767.0 -32767.0 -32767.0 -32767.0 -32767.0 -32767.0 -32767.0 -32767.0 -32767.0 -32767.0 -32767.0 -32767.0 -32767.0 -32767.0 -32767.0 -32767.0 -32767.0 -32767.0 -32767.0 -32767.0 -32767.0 -32767.0 -32767.0 33.73226 33.65549 33.46806 33.25981 32.945362 32.9196 33.02051 33.043358 33.481007 33.38305 33.15537 33.768795 34.076515 34.209354
-32767.0 -32767.0 -32767.0 -32767.0 -32767.0 -32767.0 -32767.0 -32767.0 -32767.0 -32767.0 -32767.0 -32767.0 -32767.0 -32767.0 -32767.0 -32767.0 -32767.0 -32767.0 -32767.0 -32767.0 -32767.0 -32767.0 -32767.0 -32767.0 -32767.0 -32767.0 -32767.0 -32767.0 -32767.0 -32767.0 -32767.0 -32767.0 -32767.0 -32767.0 -32767.0 -32767.0 -32767.0 -32767.0 -32767.0 -32767.0 -32767.0 -32767.0 -32767.0 -32767.0 -32767.0 31.378819 -32767.0 33.461155 33.49048 33.418972 33.28076 33.24629 33.236305 33.09549 33.02964 33.11715 33.107815 33.061993 33.890965 34.211796 34.21544
-32767.0 -32767.0 -32767.0 -32767.0 -32767.0 -32767.0 -32767.0 -32767.0 -32767.0 -32767.0 -32767.0 -32767.0 -32767.0 -32767.0 -32767.0 -32767.0 -32767.0 -32767.0 -32767.0 -32767.0 -32767.0 -32767.0 -32767.0 -32767.0 -32767.0 -32767.0 -32767.0 -32767.0 -32767.0 -32767.0 -32767.0 -32767.0 -32767.0 -32767.0 -32767.0 -32767.0 -32767.0 -32767.0 -32767.0 -32767.0 -32767.0 -32767.0 -32767.0 -32767.0 -32767.0 -32767.0 33.244583 33.59657 33.144352 33.26048 33.32402 33.25094 33.067173 33.034084 33.04797 33.01838 33.210533 33.27937 33.620018 34.300957 34.351658
-32767.0 -32767.0 -32767.0 -32767.0 -32767.0 -32767.0 -32767.0 -32767.0 -32767.0 -32767.0 -32767.0 -32767.0 -32767.0 -32767.0 -32767.0 -32767.0 -32767.0 -32767.0 -32767.0 -32767.0 -32767.0 -32767.0 -32767.0 -32767.0 -32767.0 -32767.0 -32767.0 -32767.0 -32767.0 -32767.0 -32767.0 -32767.0 -32767.0 -32767.0 -32767.0 -32767.0 -32767.0 -32767.0 -32767.0 -32767.0 -32767.0 -32767.0 -32767.0 -32767.0 33.028397 33.42813 33.44288 32.79336 32.83642 33.042583 33.36126 33.065533 -32767.0 -32767.0 -32767.0 -32767.0 33.044765 32.992714 33.794926 34.23792 34.347195
-32767.0 -32767.0 -32767.0 -32767.0 -32767.0 -32767.0 -32767.0 -32767.0 -32767.0 -32767.0 -32767.0 -32767.0 -32767.0 -32767.0 -32767.0 -32767.0 -32767.0 -32767.0 -32767.0 -32767.0 -32767.0 -32767.0 -32767.0 -32767.0 -32767.0 -32767.0 -32767.0 -32767.0 -32767.0 -32767.0 -32767.0 -32767.0 -32767.0 -32767.0 -32767.0 -32767.0 -32767.0 -32767.0 -32767.0 -32767.0 -32767.0 -32767.0 -32767.0 33.359974 33.449314 32.865578 32.717045 32.786484 33.080658 33.29128 33.439293 32.922276 -32767.0 -32767.0 -32767.0 -32767.0 33.00562 33.79229 33.89061 34.215706 34.299793
-32767.0 -32767.0 -32767.0 -32767.0 -32767.0 -32767.0 -32767.0 -32767.0 -32767.0 -32767.0 -32767.0 -32767.0 -32767.0 -32767.0 -32767.0 -32767.0 -32767.0 -32767.0 -32767.0 -32767.0 -32767.0 -32767.0 -32767.0 -32767.0 -32767.0 -32767.0 -32767.0 -32767.0 -32767.0 -32767.0 -32767.0 -32767.0 -32767.0 -32767.0 -32767.0 -32767.0 -32767.0 -32767.0 -32767.0 -32767.0 -32767.0 32.71145 32.468273 32.983864 32.833065 32.77009 32.741455 32.886917 33.242413 33.546734 32.93683 -32767.0 -32767.0 -32767.0 -32767.0 -32767.0 33.876137 34.007732 34.16412 34.337925 34.341274
-32767.0 -32767.0 -32767.0 -32767.0 -32767.0 -32767.0 -32767.0 -32767.0 -32767.0 -32767.0 -32767.0 -32767.0 -32767.0 -32767.0 -32767.0 -32767.0 -32767.0 -32767.0 -32767.0 -32767.0 -32767.0 -32767.0 -32767.0 -32767.0 -32767.0 -32767.0 -32767.0 -32767.0 -32767.0 -32767.0 -32767.0 -32767.0 -32767.0 -32767.0 -32767.0 -32767.0 -32767.0 -32767.0 -32767.0 -32767.0 -32767.0 33.241623 33.39033 33.07833 32.905746 32.75429 33.356056 33.65901 33.638702 33.553753 32.546432 -32767.0 -32767.0 -32767.0 -32767.0 33.793007 33.884647 34.150238 34.334198 34.364758 34.313038
-32767.0 -32767.0 -32767.0 -32767.0 -32767.0 -32767.0 -32767.0 -32767.0 -32767.0 -32767.0 -32767.0 -32767.0 -32767.0 -32767.0 -32767.0 -32767.0 -32767.0 -32767.0 -32767.0 -32767.0 -32767.0 -32767.0 -32767.0 -32767.0 -32767.0 -32767.0 -32767.0 -32767.0 -32767.0 -32767.0 -32767.0 -32767.0 -32767.0 -32767.0 -32767.0 -32767.0 -32767.0 -32767.0 -32767.0 32.94345 32.908413 33.246212 33.24826 33.15208 33.018417 32.962727 33.321903 33.375423 32.856846 32.95061 -32767.0 -32767.0 -32767.0 -32767.0 -32767.0 33.997513 33.821075 34.09504 34.193043 34.365032 34.354195
-32767.0 -32767.0 -32767.0 -32767.0 -32767.0 -32767.0 -32767.0 -32767.0 -32767.0 -32767.0 -32767.0 -32767.0 -32767.0 -32767.0 -32767.0 -32767.0 -32767.0 -32767.0 -32767.0 -32767.0 -32767.0 -32767.0 -32767.0 -32767.0 -32767.0 -32767.0 -32767.0 -32767.0 -32767.0 -32767.0 -32767.0 -32767.0 -32767.0 -32767.0 -32767.0 -32767.0 -32767.0 -32767.0 32.923565 33.157516 33.26198 33.176617 33.327732 32.999214 32.71991 33.246166 33.32432 33.518898 32.493195 32.146507 -32767.0 -32767.0 -32767.0 -32767.0 -32767.0 33.85908 34.015537 34.320374 34.15589 34.34023 34.420307
-32767.0 -32767.0 -32767.0 -32767.0 -32767.0 -32767.0 -32767.0 -32767.0 -32767.0 -32767.0 -32767.0 -32767.0 -32767.0 -32767.0 -32767.0 -32767.0 -32767.0 -32767.0 -32767.0 -32767.0 -32767.0 -32767.0 -32767.0 -32767.0 -32767.0 -32767.0 -32767.0 -32767.0 -32767.0 -32767.0 -32767.0 -32767.0 -32767.0 -32767.0 -32767.0 -32767.0 32.45824 32.80159 33.325104 33.37135 33.172367 32.762947 33.1709 32.80546 32.588646 33.84625 -32767.0 33.48255 32.751907 -32767.0 -32767.0 -32767.0 -32767.0 -32767.0 33.961304 33.835194 34.38342 34.229424 34.201626 34.355682 34.40524
-32767.0 -32767.0 -32767.0 -32767.0 -32767.0 -32767.0 -32767.0 -32767.0 -32767.0 -32767.0 -32767.0 -32767.0 -32767.0 -32767.0 -32767.0 -32767.0 -32767.0 -32767.0 -32767.0 -32767.0 -32767.0 -32767.0 -32767.0 -32767.0 -32767.0 -32767.0 -32767.0 -32767.0 -32767.0 -32767.0 -32767.0 -32767.0 -32767.0 -32767.0 -32767.0 33.04853 33.739464 32.14904 31.12186 31.153229 32.314293 33.142925 33.483032 32.95491 32.47186 33.792927 -32767.0 33.843365 32.278755 -32767.0 -32767.0 -32767.0 -32767.0 -32767.0 33.9792 33.99285 34.378845 34.22817 34.291954 34.358215 34.40061
-32767.0 -32767.0 -32767.0 -32767.0 -32767.0 -32767.0 -32767.0 -32767.0 -32767.0 -32767.0 -32767.0 -32767.0 -32767.0 -32767.0 -32767.0 -32767.0 -32767.0 -32767.0 -32767.0 -32767.0 -32767.0 -32767.0 -32767.0 -32767.0 -32767.0 -32767.0 -32767.0 -32767.0 -32767.0 -32767.0 -32767.0 -32767.0 -32767.0 -32767.0 -32767.0 31.86046 31.267893 31.027288 31.93285 32.540115 33.56497 33.542995 33.374252 33.75275 33.69417 33.753914 33.97578 33.47623 31.660103 -32767.0 -32767.0 -32767.0 -32767.0 -32767.0 33.920456 33.97526 34.386147 34.322983 34.384323 34.342438 34.360798
-32767.0 -32767.0 -32767.0 -32767.0 -32767.0 -32767.0 -32767.0 -32767.0 -32767.0 -32767.0 -32767.0 -32767.0 -32767.0 -32767.0 -32767.0 -32767.0 -32767.0 -32767.0 -32767.0 -32767.0 -32767.0 -32767.0 -32767.0 -32767.0 -32767.0 -32767.0 -32767.0 25.547653 -32767.0 28.496822 -32767.0 30.019262 29.873182 30.728733 30.61532 30.583841 31.386938 32.026028 33.678997 33.52404 33.66092 33.6421 33.59618 33.632946 33.667828 33.88346 34.062325 33.296833 31.025896 -32767.0 -32767.0 -32767.0 -32767.0 33.832554 33.88703 33.914223 34.170597 33.78175 33.863014 34.163933 34.267586
-32767.0 -32767.0 -32767.0 -32767.0 -32767.0 -32767.0 -32767.0 -32767.0 -32767.0 -32767.0 -32767.0 -32767.0 -32767.0 -32767.0 -32767.0 -32767.0 -32767.0 -32767.0 -32767.0 -32767.0 -32767.0 -32767.0 -32767.0 7.7421227 -32767.0 -32767.0 28.992817 29.04688 28.846008 29.083294 29.10373 29.262287 29.438236 30.364939 30.75439 31.118801 32.3004 33.038704 33.620365 33.766434 33.732975 33.711784 33.68725 33.660995 33.640938 33.8581 34.143353 33.951736 34.1632 32.283382 -32767.0 -32767.0 32.71443 33.851917 33.869328 34.05781 34.14644 33.698708 33.976063 34.20249 34.27352
-32767.0 -32767.0 -32767.0 -32767.0 -32767.0 -32767.0 -32767.0 -32767.0 -32767.0 -32767.0 -32767.0 -32767.0 -32767.0 -32767.0 -32767.0 -32767.0 -32767.0 -32767.0 -32767.0 -32767.0 -32767.0 -32767.0 -32767.0 18.019007 11.179764 26.537542 27.622337 30.570684 31.137257 30.964392 31.264648 31.678251 32.5955 33.000378 33.287395 33.628555 33.722668 33.705887 33.829098 33.790813 33.80708 33.740208 33.625336 33.526886 33.542076 33.59148 33.75902 33.707943 34.152462 34.222496 31.946787 -32767.0 32.011345 34.128548 33.806072 34.025085 34.3188 33.67988 34.426044 34.388023 34.377666
-32767.0 -32767.0 -32767.0 -32767.0 -32767.0 -32767.0 -32767.0 -32767.0 -32767.0 -32767.0 -32767.0 -32767.0 -32767.0 -32767.0 -32767.0 -32767.0 -32767.0 -32767.0 -32767.0 -32767.0 13.655935 16.835451 19.776743 26.218433 30.432137 -32767.0 30.4171 33.119698 33.682476 33.52386 33.499073 33.6412 33.65724 33.826336 33.802868 33.842 33.865692 33.892414 33.854794 33.744976 33.68373 33.617897 33.628506 33.628887 33.651615 33.648357 33.70216 34.083622 34.244743 34.28443 33.89175 -32767.0 33.509163 34.085907 34.308846 34.173244 34.202072 34.18254 34.42159 34.534725 34.558613
-32767.0 -32767.0 32.38683 -32767.0 -32767.0 -32767.0 -32767.0 -32767.0 -32767.0 -32767.0 -32767.0 -32767.0 -32767.0 -32767.0 -32767.0 -32767.0 28.708836 -32767.0 23.767168 24.645128 24.94204 29.344181 29.817474 30.879978 32.67191 33.031643 33.58815 33.79227 33.806973 33.773586 33.771004 33.796185 33.884422 33.92553 33.93967 34.056355 34.120804 34.02015 33.870537 33.78351 33.7547 33.916607 34.131367 34.16616 34.176083 34.163033 34.19023 34.145077 34.034554 34.189877 34.243366 33.97223 34.00064 34.38413 34.50654 34.49165 33.829918 34.436325 34.505566 34.51291 34.56226
-32767.0 31.899397 32.04631 31.850122 31.62792 -32767.0 31.882002 31.798162 -32767.0 -32767.0 -32767.0 -32767.0 -32767.0 32.580986 32.472515 32.0169 32.19533 32.448475 31.089575 30.524858 30.633163 29.749125 30.03401 30.659777 32.83107 33.515545 33.579113 33.83779 33.80836 33.80419 33.85997 34.001305 34.10322 34.153904 34.22227 34.185127 34.093395 34.087555 34.065685 34.117264 34.181026 34.171516 34.187363 34.236843 34.25126 34.279404 34.117115 33.95823 34.116756 34.552486 34.47477 34.498978 34.51718 34.504223 34.538364 34.493893 34.220055 34.523876 34.534184 34.555466 34.61214
32.444 32.545773 32.48948 32.601814 32.317867 32.109844 31.943722 31.889528 -32767.0 -32767.0 -32767.0 33.10981 33.264446 33.390514 33.482426 33.482704 33.24519 33.465702 32.88809 32.98475 32.457207 31.697742 32.3677 33.242683 33.497913 33.55529 33.7699 33.826477 33.801678 33.866688 34.044483 34.14561 34.235374 34.247784 34.20622 34.100163 34.159668 34.176006 34.18572 34.19363 34.172184 34.235706 34.22717 34.205536 34.139477 34.007336 33.90946 34.044605 34.14726 34.032246 34.271084 34.49665 34.462326 34.464893 34.490993 34.433945 34.5087 34.493923 34.593792 34.597122 34.600113
32.965397 32.937874 32.91967 32.83991 32.78764 32.422287 32.037563 -32767.0 -32767.0 31.081917 -32767.0 33.01541 32.859966 33.387196 33.594463 33.65234 33.681923 33.530273 33.59737 33.542007 33.49199 33.592396 33.52842 33.563656 33.600777 33.58083 33.827766 33.861637 33.856216 33.926495 34.025063 34.115856 34.252438 34.258152 34.179867 34.130478 34.16112 34.115612 34.066116 34.107857 34.11302 34.06648 34.065292 34.106014 34.102676 33.897984 33.887707 33.946236 34.139072 34.07413 34.35974 34.486076 34.42374 34.43996 34.47 34.388092 34.537373 34.598236 34.59618 34.597187 34.593834
33.155807 33.095894 33.073265 33.056385 32.996265 32.653034 32.239487 32.015957 -32767.0 -32767.0 32.53919 32.696815 32.71493 33.151394 33.683567 33.71131 33.63692 33.70114 33.773064 33.807575 33.723484 33.601074 33.63658 33.605106 33.70834 33.6529 33.734158 33.819523 33.854332 33.94077 34.049465 34.15867 34.260845 34.272182 34.2301 34.163612 34.131104 34.15376 34.136005 34.05921 34.070805 34.063305 34.000313 33.859566 33.900368 33.993515 34.047707 34.11073 34.17721 34.20521 34.495766 34.44098 34.2486 34.511814 34.435116 34.437653 34.59635 34.607616 34.605526 34.6208 34.641247
33.100376 33.0053 33.134956 33.02255 33.016148 32.72465 32.567204 32.20389 -32767.0 -32767.0 32.551373 32.525948 32.526966 32.621117 33.65405 33.725754 33.677155 33.650566 33.74038 33.806976 33.766747 33.754948 33.749058 33.697582 33.719955 33.806526 33.84415 33.827324 33.908035 34.1025 34.214706 34.23813 34.24923 34.258396 34.159023 34.169525 33.949356 34.076523 34.113953 34.052315 33.87157 33.793907 33.955223 33.91482 33.865517 33.980015 34.11021 34.039326 34.33064 34.560287 34.535736 34.174026 34.15774 34.489075 34.50662 34.48622 -32767.0 34.613895 34.63337 34.670944 34.652924
33.13631 33.15285 33.203674 33.183113 32.9804 32.913235 32.774788 32.309143 32.20645 32.4209 32.54925 32.544353 32.52283 32.617496 32.952793 33.308544 33.33793 33.297062 33.341084 33.44421 33.487667 33.519627 33.689465 33.651863 33.80733 33.86637 33.835716 33.894367 34.125107 34.195175 34.24221 34.26901 34.156258 34.165604 34.21347 34.087933 33.95722 33.852623 33.780632 33.71655 33.77043 33.91961 33.98108 34.08316 33.93616 33.710304 33.739746 34.339363 34.413437 34.513462 34.128544 34.009693 34.208134 34.500874 34.597183 34.57398 34.61525 34.63094 34.658066 34.655434 34.593395
33.475563 33.376225 33.28111 33.29777 32.98786 32.82915 32.797256 32.818768 32.652626 -32767.0 -32767.0 -32767.0 32.629524 32.76203 33.175373 33.30504 33.343746 33.48963 33.560307 33.583115 33.60401 33.61463 33.634396 33.666264 33.857597 33.785133 33.873608 34.119984 34.161182 34.225525 34.221924 34.145107 34.249805 34.217163 34.109375 34.07297 33.813663 33.683514 33.72768 33.85182 33.97214 33.77509 33.686287 34.07905 33.883484 33.726772 33.727413 33.996548 34.252262 34.21404 34.303745 34.04438 34.084126 34.43397 34.548893 34.566837 34.609695 34.642635 34.66566 34.616344 34.55119
33.355083 33.249104 33.200607 33.279762 32.9453 -32767.0 -32767.0 -32767.0 -32767.0 -32767.0 -32767.0 -32767.0 32.832153 33.456005 33.456608 33.442867 33.606823 33.67427 33.695396 33.706955 33.73485 33.717182 33.665802 33.852573 33.83458 33.875404 34.16812 34.21469 34.18173 34.237022 34.26052 34.265594 34.3261 34.208916 34.268482 34.214584 34.12195 33.958057 33.926586 34.08281 34.191406 33.92494 33.64257 33.586483 33.756283 34.04383 33.953377 33.737293 33.582127 33.681355 33.86807 33.537613 34.087498 33.995724 34.029514 34.22666 34.47466 34.641987 34.655952 34.59262 34.5269
33.268753 33.24909 33.240566 33.00071 33.01358 -32767.0 -32767.0 -32767.0 -32767.0 -32767.0 -32767.0 -32767.0 33.36096 33.45467 33.52683 33.503433 33.625156 33.664917 33.653667 33.636738 33.659637 33.639977 33.814644 33.904617 33.908783 34.069733 34.14045 34.21399 34.211285 34.23303 34.295654 34.29429 34.27645 34.253254 34.154778 34.099968 34.07299 34.07705 34.043583 34.163975 34.19201 33.978928 33.8437 33.818558 33.784138 33.72383 33.675297 33.58526 33.478855 33.520206 33.31795 33.44684 33.931602 34.103497 33.928745 34.00202 34.222294 34.613873 34.651176 34.59212 34.56146
33.27424 33.193455 32.98871 -32767.0 -32767.0 -32767.0 -32767.0 -32767.0 -32767.0 -32767.0 -32767.0 33.553993 33.57701 33.495186 33.568394 33.598747 33.615883 33.639114 33.64017 33.578686 33.59509 33.781612 33.932327 33.98105 33.976322 33.94108 33.90617 33.923737 34.00298 34.153793 34.234554 34.262028 34.27805 34.232853 34.177673 34.159775 34.170055 34.15144 34.07251 34.07897 34.155556 34.021725 33.92914 33.899242 33.791313 33.672016 33.55282 33.47838 33.479073 33.41923 33.368855 33.66022 33.490322 33.907787 34.132313 34.196278 33.882126 34.436073 34.670197 34.591476 34.60291
