static/data/seaWater_uo/2023/7/4/0.asc
ncols 137
nrows 93
xllcorner 108.0
yllcorner 17.0
cellsize 0.25
NODATA_value -32767
[rows 52 to 77 of 93, columns 58 to 115 of 137]
0.33828938 0.2597114 0.28992128 0.4541059 0.41616914 0.155028 0.111913234 0.21599293 0.27445212 0.32787156 0.3889206 0.3990524 0.5668881 0.75319475 0.73652273 0.66151005 0.5745656 0.45023704 0.44412026 0.33023554 0.23759015 0.15706255 0.14063673 0.2959067 0.094140366 0.18004926 0.20958744 0.20298353 0.18643267 0.106494404 -0.0557061 0.0010650926 0.009869837 0.002772665 -0.008933908 -0.014565359 0.0050189723 -0.047526278 -0.06366688 -0.10579226 -0.15407135 -0.2775383 -0.3073621 -0.41406405 -0.46012214 -0.52721876 -0.4173609 -0.16859423 -0.26736403 -0.2784479 -0.27703103 -0.3004527 -0.27429438 -0.20501712 -0.09821886 0.03128746 0.06477998 0.035847083
0.27138442 0.12877332 0.13778116 0.23854169 0.35029325 0.30307165 0.26246092 0.25263384 0.28142193 0.4133271 0.47232702 0.54952466 0.56303614 0.53171456 0.5619306 0.49041456 0.41287795 0.38151252 0.27513465 0.11884075 0.049023483 0.07416901 0.27038503 -32767.0 0.33396596 0.1751316 0.18444012 0.25734243 0.11831565 0.011617046 -0.039515313 0.04746031 0.037469555 0.0102384575 0.060713556 -0.0004585547 -0.041371793 -0.03966213 -0.08276702 -0.13895558 -0.20575492 -0.2551394 -0.31934518 -0.32809407 -0.40133804 -0.4342007 -0.22298013 -0.19107898 -0.19364244 -0.19261838 -0.18859966 -0.13477822 -0.1267547 -0.06746241 0.054145988 0.14754932 0.21268404 0.21310316
0.40943214 0.39048538 0.3593031 0.2632794 0.30664012 0.35174355 0.37575155 0.36142108 0.4144429 0.46165913 0.43056518 0.39728823 0.44230208 0.46820605 0.4249909 0.3384385 0.3146825 0.23791917 0.1005823 0.08605128 0.054086063 0.12378488 -0.023104047 0.090374045 0.32607642 0.28917822 0.22818477 0.24347146 0.05929633 -0.031894267 0.025338523 -0.036226172 -0.02109373 0.048578687 0.0317175 -0.018124666 -0.06942251 -0.10767654 -0.115848124 -0.15219977 -0.20809281 -0.24649794 -0.29453424 -0.28941604 -0.30665776 -0.25338075 -0.17845732 -0.16932617 -0.10536616 -0.053381868 0.042611353 0.06629081 0.091073915 0.16404097 0.35244823 0.47820592 0.3860667 0.3947262
0.49878895 0.6782371 0.9127185 0.84462976 0.72417194 0.5697963 0.5474135 0.5826337 0.5182961 0.38965666 0.44797587 0.5653985 0.55076134 0.4272551 0.32247648 0.31553477 0.22683729 0.14208971 0.2838338 0.31768224 0.29854652 -32767.0 0.15597738 0.011982072 0.10362603 0.38604003 0.36855292 0.22681731 0.11262524 -0.011837807 -0.015796162 -0.07750827 -0.033531986 0.0066652903 -0.0033001853 -0.059251618 -0.10873929 -0.1635365 -0.14263263 -0.14831474 -0.12967043 -0.21182369 -0.26262185 -0.2728364 -0.22925939 -0.17014843 -0.15902516 -0.07551917 -0.015695732 0.07269002 0.19902214 0.30186546 0.24002282 0.42136416 0.527702 0.48523393 0.46790886 0.42690143
0.669978 0.67737067 0.73039365 0.8522691 0.8950205 0.81806576 0.7407983 0.6234685 0.5115296 0.5918227 0.6263831 0.5549407 0.42985937 0.3413938 0.28657648 0.3109719 0.2012243 0.14205182 0.1523314 0.22086792 0.26408336 0.65636855 0.71131146 0.69223917 0.62333095 0.51036614 0.38802937 0.38849154 0.27485391 0.07806859 -0.026883088 -0.09275795 -0.08363288 -0.019597601 -0.0018012928 -0.097029276 -0.1772567 -0.11644896 -0.17787457 -0.10456707 -0.13725767 -0.13777427 -0.1752991 -0.17902106 -0.15529872 -0.12440841 -0.07918758 0.00859171 0.09531898 0.19292977 0.27624837 0.19704267 0.3371739 0.45071074 0.3659514 0.29256633 0.243321 0.21294953
0.08162434 0.26424628 0.5406968 0.5983268 0.7695014 0.8015486 0.860736 0.7225192 0.6902188 0.6422972 0.505304 0.33556673 0.24101289 0.2673632 0.3549984 0.25168434 0.179497 0.23435724 0.2917302 0.35928 0.45467448 0.5532544 0.61304134 0.60048217 0.5821385 0.5303945 0.5296792 0.3948904 0.27531323 0.107582375 -0.028156774 -0.10004382 -0.09377601 0.058023155 0.052872404 0.06806015 -0.11912989 -0.09443811 0.02325142 0.002400589 0.019646019 0.0016398769 -0.030912174 -0.04218464 -0.07225628 -0.016108569 0.07796613 0.06497934 0.11834327 0.16778137 0.14325003 0.15836746 0.33050352 0.22684388 0.19041884 0.15317914 0.14089704 0.0885993
0.2859621 0.7048016 0.81008506 1.1270505 1.105457 0.80435413 0.8166539 0.7740996 0.63179296 0.39546221 0.27728873 0.25253844 0.31677067 0.3165636 0.2775658 0.22678098 0.25301594 0.3154631 0.3522012 0.4211782 0.44056317 0.41202873 0.40152976 0.39156103 0.38975382 0.4618279 0.43431377 0.35828438 0.22880852 0.09163335 -0.021220049 -0.10033601 -0.053866874 -0.05160437 0.020642225 -0.008105795 0.03281193 0.09902871 0.18225521 0.1302505 0.16993628 0.14674999 0.15643975 0.10371216 0.10367698 0.16225526 0.19093311 0.14908063 0.10568442 0.10969771 0.097804554 0.22244123 0.21101753 0.1230941 0.052691087 -0.021803403 0.07189135 0.17244777
0.34507707 0.4482068 0.6893657 0.7009397 0.633321 0.5138393 0.40949118 0.24635811 0.16406311 0.22317535 0.20782195 0.34349164 0.27495524 0.18089612 0.3338404 0.38635734 0.45283833 0.4324518 0.36953738 0.3073768 0.25442576 0.38638443 0.44866708 0.43892983 0.38462678 0.35282555 0.3448386 0.24572992 0.16764043 0.05662479 -0.044993915 -0.121897824 -0.09247688 0.023539416 0.07152392 0.052648388 0.14133263 0.18568693 0.20375834 0.2445205 0.31335464 0.3734547 0.36815444 0.35718432 0.33666494 0.3582373 0.32711065 0.25797263 0.19875163 0.1131001 0.1137195 0.18134232 0.11397753 0.050047368 0.13937725 0.12870562 -0.022567546 0.14652376
0.42504954 0.44935766 0.39429268 0.33907017 0.1229757 -0.09512592 -0.19261108 -0.04597221 -0.056109905 0.033955574 0.11748719 0.23682302 0.09139296 0.24792592 0.32488897 0.3550658 0.36341548 0.27396202 0.19074115 0.12012581 0.28117868 0.23682714 0.30062294 0.2347312 0.22577053 0.1796839 0.17121133 0.14060554 0.1327047 0.03633986 -0.109509766 -0.17052749 -0.12835936 0.044172905 0.10137274 0.071807295 0.09069754 0.085948296 0.16128728 0.27248523 0.4668428 0.52209806 0.48086372 0.46941862 0.5176101 0.5298485 0.52355206 0.46610776 0.3642971 0.23331039 0.2032601 0.12857702 -0.024445614 0.020576948 0.066090345 0.019777788 0.21310356 0.22201982
0.6488539 0.42222515 0.17126097 0.0030285828 -0.18589813 -0.17237173 -0.14076096 -0.10751568 0.009435596 0.005919334 0.012447946 0.11862872 0.18045029 0.14956428 0.18814392 0.20208232 0.19639444 0.12190711 0.010465903 0.14717779 0.10283746 0.07109968 0.059471954 -0.02981847 -0.025740996 0.04276907 0.08230853 0.054299455 0.0701012 -0.024015497 -0.1360867 -0.046135865 -0.030689236 0.101960786 0.109868854 0.03910136 -0.0056715687 0.037962202 0.07970197 0.25797525 0.29564214 0.3119009 0.3517003 0.25067747 0.25275573 0.27180696 0.39528078 0.44643265 0.423803 0.3025169 0.2484036 0.081701614 -0.0073213098 0.15661775 0.18245414 0.19252472 0.39611557 0.44006208
0.8293201 0.39641073 0.11283369 -0.033910144 -0.022383776 0.1261667 -0.017331943 0.047816377 -0.026772706 -0.035336692 -0.07128418 -0.06349423 0.0040366347 0.0881956 0.14375232 0.13154459 0.1310706 -0.00075072964 -0.027108297 0.08972393 -0.007872612 -0.01670328 -0.08891899 -0.090615034 -0.054204483 -0.024379868 -0.055099685 -0.010294658 -0.0017257798 -0.13887124 -0.007506367 0.010907867 0.116682924 0.2028387 0.13543603 0.0050564967 -0.022304067 0.018300703 0.061415475 0.16116208 0.2460948 0.32509148 0.31187418 0.03065182 -0.023497889 0.101380914 0.17825727 0.26953402 0.20907706 0.18080604 0.17029697 0.023249075 0.10548624 0.24141645 0.2140652 0.23508812 0.37979877 0.36818898
0.39403507 0.14815731 -0.04837049 -0.10322728 -0.046235237 0.058627333 0.09463927 -0.005749515 -0.07756865 -0.06726874 -0.08775775 -0.071480006 0.07176426 0.13371621 0.14549588 0.094407104 0.10652763 -0.0027770465 -0.044011418 0.06550907 0.014920891 -0.04633935 -0.048813056 -0.059491523 -0.04854035 -0.056530662 0.0048850155 0.007487788 -0.014054104 -0.14144501 0.029069271 0.04715303 0.27370608 0.2298672 0.21617866 0.024874559 0.01245509 0.010110907 0.044482145 0.1331211 0.27092862 0.23357241 0.2791374 0.15412395 0.047467533 0.20372035 0.22460783 0.1690416 0.09650167 0.16118862 0.07777368 -0.0005156499 0.0825616 0.1987652 0.13720468 0.20498155 0.13317664 0.024410121
0.013062249 0.09477548 -0.09001761 -0.07385361 0.036042728 -0.11572779 -0.15937018 -0.079859294 -0.07199126 -0.04889419 0.00502725 0.04075934 0.13458243 0.17193855 0.19676833 0.101874605 0.09459341 0.032158785 -0.013243388 0.08405976 0.04176518 0.020873217 -0.034411684 -0.009275207 0.022339255 0.019436244 0.017826937 0.001170343 -0.023092255 -0.09747135 0.018604608 0.27105844 0.31530547 0.28639695 0.22185723 0.093334004 0.08012737 -0.0018941803 0.009497596 -0.13504243 0.017180406 0.06479942 0.22848298 0.24859942 0.2122089 0.19221579 0.26756227 0.14188498 0.15062517 0.09288068 0.05355113 -0.026399879 0.010181238 0.1338871 0.06569988 0.07722151 -0.08075166 -0.1338363
0.069128014 0.24228565 0.1285483 0.0039664283 -0.17935984 -0.21026643 -0.19280489 -0.18253772 -0.08981098 0.019365314 0.08847566 0.14706138 0.17388418 0.17327805 0.1838663 0.12400206 0.105515644 0.10482007 0.065179594 0.047200974 -0.08371663 -0.12030568 -0.1371666 -0.076043084 0.00076433277 0.067555904 0.12298607 0.033525385 -0.010344016 0.0013780685 0.14401913 0.28440872 0.3000792 0.24818553 0.13913208 0.1888215 0.0322007 -0.07521576 0.000228317 -0.14958875 -0.18683995 -0.13114281 0.02458691 0.19842051 0.13622151 0.091504626 0.18001464 0.11144296 0.11151113 0.034168385 0.09016371 0.18391383 0.010409487 0.054174125 0.021633407 -0.03471288 -0.24724384 -0.28020108
0.5785088 0.36402956 0.2587193 -0.01789161 -0.1627461 -0.2207644 -0.1941764 -0.15956739 -0.013994093 0.09764893 0.13358864 0.22713554 0.24910408 0.23862463 0.20926642 0.17100677 0.14800403 0.13591781 0.099031225 -0.011167091 -0.20042036 -0.28356558 -0.30895743 -0.23469359 -0.14287972 -0.038398437 0.015990935 0.046304744 0.1172855 0.20504786 0.28470105 0.2487238 0.19450459 0.19073807 0.14949945 0.066077285 -0.11846431 -0.18284471 -0.007869428 0.08577485 -0.21267006 -0.18080984 0.022151198 0.17379309 0.26558176 0.045219276 -0.039952964 -0.07362273 -0.052419294 0.062014397 0.21879444 0.25561926 -0.024637736 0.018341398 -0.0075921244 -0.072129525 -0.28723368 -0.24591605
0.41341186 0.4913238 0.28505266 0.042082857 -0.003110168 -0.040257134 0.028151887 0.07079294 0.13041006 0.111291565 0.18259037 0.23605856 0.31858528 0.24580273 0.20071658 0.18548496 0.16634907 0.102650024 0.06934058 -0.026459184 -0.17632961 -0.19284083 -0.17721565 -0.07433881 -0.095801204 -0.108813785 -0.0793469 0.08714958 0.20745195 0.29195917 0.2547685 0.21453346 0.12159106 0.10956723 0.06929327 -0.008072062 -0.14710024 -0.13028589 -0.07891529 0.07618135 0.26864582 0.057975896 -0.15391448 0.096599735 0.24534386 0.22584859 -0.12113629 -0.22598091 -0.06836217 0.24547377 0.38736445 0.31395406 -0.0606811 -0.035237573 0.0556419 -0.021598984 -0.19449247 -0.17521505
0.35091555 0.42497972 0.18824713 0.03981338 0.041850034 0.021282429 -0.0006116884 0.14290215 0.14081016 0.14865546 0.21000828 0.2516449 0.22760212 0.19147989 0.19941434 0.19259863 0.20299691 0.10259487 0.0410839 -0.0046699136 -0.02629179 -0.0610939 -0.026026947 0.026449427 0.09732751 0.08715743 0.11761338 0.24390993 0.32828072 0.34347898 0.31210375 0.13262191 0.09733353 0.13596106 0.065663524 -0.043645896 -0.09358974 -0.10215383 -0.13769959 -0.07473768 0.10711526 0.28430483 0.21602108 -0.07452098 0.14360543 0.35757738 0.3294113 0.24479137 0.3963466 0.27108458 0.22206618 0.26003698 0.028313687 0.09063601 0.12764716 0.0086864475 -0.08365889 -0.08830451
0.20973633 0.26736978 -0.020967292 -0.06876076 -0.074567124 -0.0489407 0.019923069 0.12903728 0.12608811 0.15790717 0.17027713 0.16760164 0.1421631 0.2143039 0.26701987 0.23843335 0.19515173 0.08224752 0.006640682 -0.009401437 0.009059399 0.042237237 0.029307552 0.023414996 0.04741137 0.13400145 0.23951964 0.35735282 0.4394893 0.3925162 0.21963029 0.042912245 -0.027755862 0.08597631 0.022683758 -0.016051127 -0.09886088 -0.061810814 -0.008283418 0.06483294 0.03369489 0.18837826 0.37353393 0.18863712 -0.07263706 0.119205534 0.28172287 0.37963405 0.31020814 0.20588106 0.18817113 0.27601025 0.4232518 0.2650084 0.22467227 0.09812008 -0.0636748 -0.050506327
0.039205812 0.12151549 -0.12740247 -0.1962479 -0.1767609 -0.004744876 0.08188906 0.12924016 0.11780803 0.09480409 0.14992702 0.1257175 0.18101352 0.27031925 0.27930558 0.17734018 0.13423936 0.03443152 -0.021889161 -0.035691284 -0.023402855 -0.029083213 -0.029644426 -0.0015222462 0.14217319 0.021124398 -0.10097387 0.00373463 0.12594034 0.1099634 0.070007905 0.14346935 0.14278781 0.03254352 -0.017190656 0.023857446 0.12768172 0.25278905 0.22136822 0.06400067 0.07271056 0.04672109 0.23140222 0.23866093 0.24970049 0.16825196 0.19833395 0.34783822 0.41553172 0.5283328 0.5620749 0.5542318 0.4582502 0.2873041 0.20961064 0.13546467 -0.018738622 -0.022529151
0.077943705 0.086057596 -0.008477359 -0.12153459 -0.05532196 0.07981686 0.15874927 0.14334573 0.085762314 0.07042675 0.16967899 0.22658414 0.30887294 0.32103404 0.23213536 0.11808737 0.043187484 -0.00438187 -0.016782932 -0.05229469 -0.089920096 -0.06244712 -0.010122249 0.023898274 -0.026688963 -0.068670556 0.026744796 -0.005645429 -0.060201254 0.063793175 0.15317413 0.25226808 0.24017808 0.24481742 0.18000373 0.093863055 0.13866365 0.35032323 0.5693557 0.5112514 0.23519026 0.06702226 0.044655472 0.15546331 0.10138056 0.07900565 0.14912507 0.25191924 0.30643764 0.3713625 0.4021005 0.37967977 0.27781314 0.17257254 0.10015797 0.16962373 0.15816738 -0.019585468
0.16597919 0.1263133 0.26325187 0.17042685 0.17145799 0.22460212 0.27390692 0.13252217 0.08160455 0.15063111 0.22323665 0.320001 0.3726524 0.2762079 0.18879467 0.05214923 -0.047966868 -0.02581903 -0.0035774189 -0.043631066 -0.008152369 0.05220188 0.0062937243 -0.02309052 -0.0060284273 0.11594458 0.16434607 0.1385454 0.12571855 0.21661532 0.28067642 0.3240479 0.29812884 0.31261295 0.29273638 0.34343806 0.4793937 0.6129978 0.6125349 0.65972877 0.5406518 0.21076956 0.055840824 0.09230106 0.0016274764 -0.054601967 -0.11952807 0.012186437 0.13036491 0.24688078 0.25877059 0.19677998 0.104837924 0.036116596 0.019805938 0.16827135 0.2580205 0.29227194
0.31141776 0.28264675 0.220439 0.36574906 0.32721794 0.278368 0.21346761 0.11926226 0.20400515 0.25813705 0.27089185 0.2981451 0.23835811 0.17942505 0.12177382 -0.034240663 -0.10082945 -0.020976799 -0.00016248936 -0.006836748 0.081967525 0.017909536 -0.05876221 -0.119153894 0.03968119 0.22585906 0.26705113 0.23770767 0.23099297 0.23017122 0.26438788 0.37993115 0.49855086 0.55365956 0.6162278 0.7549288 0.8597608 0.8590688 0.7586307 0.64950806 0.60773635 0.47152638 0.13117842 0.02482613 -0.11489123 -0.210844 -0.14561765 -0.028980745 0.07728972 0.11411626 0.10789346 -0.008109647 -0.07120702 -0.07129022 -0.03977203 0.03882886 0.1589648 0.25937244
0.38726288 0.24748197 0.10729142 0.1696496 0.2058021 0.23240784 0.17596683 0.21311462 0.27707005 0.3103052 0.32480335 0.31969118 0.17733133 0.12353933 0.08908459 -0.087276734 -0.11696616 -0.03751347 -0.002696191 0.020258462 0.11878085 0.06374785 -0.015216024 0.050605133 0.16595683 0.2525557 0.29563752 0.3620662 0.39318562 0.5818876 0.69342554 0.7801507 0.8186822 0.86460304 0.9653895 1.069214 1.0856498 1.0022475 0.8999073 0.81165856 0.5965697 0.54648906 0.3197774 0.10508264 -0.07108733 -0.041246217 -0.12594353 -0.0124416575 0.062123302 0.03655804 -0.037943657 -0.1823127 -0.2047204 -0.14985459 -0.039979864 0.032159157 0.10664291 0.13134652
0.29884717 0.06450055 0.07544266 0.07463741 0.20808671 0.21752235 0.28068385 0.2696199 0.3189054 0.37416083 0.46029013 0.2801015 0.18603943 0.1273706 0.11045515 -0.05683591 -0.068974614 -0.026750345 -0.008751463 0.01716946 0.09653696 0.06368256 0.12880096 0.281226 0.3521961 0.3796432 0.46494722 0.5045128 0.5939033 0.67085797 0.7608437 0.8940575 0.95213044 0.98398906 0.8761524 0.74783665 0.6337401 0.60297745 0.62646013 0.6190125 0.6569411 0.50849026 0.49758688 0.26083663 0.1686175 -0.033186328 -0.040059324 0.06674709 0.046470813 0.011943766 -0.095140345 -0.23954748 -0.20203145 -0.08052158 -0.0050526224 0.053249255 0.048915327 0.048370678
0.08109463 -0.01401776 -0.010249122 0.11277809 0.15346348 0.23889577 0.27842325 0.33121455 0.28200594 0.43283108 0.35191745 0.16757585 0.12950431 0.09882198 0.12043695 -0.02318231 -0.01972026 -0.0058584088 0.0456477 0.08858647 0.1051435 0.06830676 0.17649816 0.24649939 0.28333828 0.42837194 0.44820353 0.40775737 0.43719864 0.5533491 0.7337612 0.70397806 0.6886361 0.6287408 0.68611825 0.6962416 0.6115446 0.5066972 0.54341024 0.5718387 0.53077704 0.52856773 0.49175423 0.49419692 0.31127477 0.22324301 0.15208165 0.14848691 0.077399775 0.00564713 -0.08167028 -0.188088 -0.12943062 -0.04422654 0.0037267893 -0.021333463 -0.04245345 -0.114919886
0.032383647 -0.018073907 0.015218999 -0.0050189393 0.15134427 0.2158733 0.31912446 0.315594 0.29207408 0.34503812 0.14413555 0.117598005 0.049496762 0.072159044 0.06286139 -0.021828877 0.045851536 0.080568984 0.15614597 0.2286151 0.17639516 0.09478832 0.06608162 0.04833722 0.1361166 0.3630493 0.43112755 0.36101982 0.46177325 0.5852639 0.53357774 0.4904893 0.50201917 0.55752516 0.52710086 0.46253923 0.38806134 0.2994125 0.35129815 0.30601227 0.35970548 0.47115734 0.471254 0.5187721 0.49320257 0.35805163 0.27953565 0.2561017 0.10881278 -0.012410835 -0.0859183 -0.104208 -0.05024618 -0.05647345 -0.13780412 -0.16798241 -0.18879402 -0.26390433
