static/data/seaWater_uo/2023/7/4/12.asc
ncols 137
nrows 93
xllcorner 108.0
yllcorner 17.0
cellsize 0.25
NODATA_value -32767
[rows 0 to 25 of 93, columns 58 to 115 of 137]
-32767.0 -32767.0 -32767.0 -32767.0 -32767.0 -32767.0 -32767.0 -32767.0 -32767.0 -32767.0 -32767.0 -32767.0 -32767.0 -32767.0 -32767.0 -32767.0 -32767.0 -32767.0 -32767.0 -32767.0 -32767.0 -32767.0 0.014366079 -0.26463082 -0.36124593 -0.24634433 -0.17063671 -0.09292364 0.04320137 0.17628486 0.0397151 0.011967016 0.031088404 0.152297 0.07889899 -0.044417992 -0.13117398 -0.21848454 -0.23872484 -0.10014208 -0.025339158 0.04806321 0.029303692 -0.026826134 0.042845406 0.11877776 0.12307487 0.12749216 0.08082118 0.2603844 0.40092787 0.24533035 0.29504314 0.31156856 0.30409232 0.3605353 0.24711338 -0.043405548
-32767.0 -32767.0 -32767.0 -0.07093507 -0.08993928 -0.10995696 -0.13739805 -0.10868066 -0.07176208 0.0100907665 -32767.0 -32767.0 -32767.0 -32767.0 -32767.0 -32767.0 -32767.0 -32767.0 -32767.0 -32767.0 -32767.0 -0.28410527 -0.3638934 -0.10530998 -0.057847552 0.03378747 -0.1318852 -0.14394669 0.03521126 0.1733138 0.040342983 0.03296612 0.284528 0.25291687 0.10397459 -0.09129785 -0.32230008 -0.26250285 -0.14112963 -0.14868897 0.13282478 0.3942428 0.5928078 0.49419853 0.15856667 0.13046448 0.14134254 0.21117248 0.44296715 0.4382551 0.17419223 -0.045255266 -0.0978202 -0.080107175 -0.14340958 -0.20445874 -0.1917624 -0.1735115
-32767.0 -0.08615167 -32767.0 -0.093824476 -0.11051312 -0.026850322 -0.13658412 -0.07713575 -0.10940518 -0.09937041 -0.0952476 -0.08034227 -32767.0 -32767.0 -32767.0 -32767.0 -32767.0 -32767.0 -32767.0 -32767.0 -32767.0 -0.038632732 -0.09687048 0.1151537 0.16227412 0.14473332 0.09835265 0.227777 0.30609027 0.5266205 0.5460531 0.3712046 0.30394435 0.1929825 -0.0327463 -0.16061772 -0.23513749 -0.13656838 -0.2075088 -0.19227427 -0.04056824 0.20116301 0.2539106 0.27673325 0.26890707 0.029619232 0.25276393 0.43444565 0.3128192 0.27985874 0.21320105 -0.031065758 -0.22361931 -0.40625262 -0.49585322 -0.4677095 -0.35982582 -0.19833443
-0.069832206 -32767.0 0.0047367387 0.1637651 0.2183244 0.21876329 0.034725733 0.00464407 -0.035008892 -0.010582025 -0.028633432 0.021780798 -32767.0 -32767.0 -32767.0 -32767.0 -32767.0 -32767.0 -32767.0 -32767.0 0.021262664 -0.01540018 0.029262144 0.13837716 0.11144179 0.13479565 0.21430825 0.56742615 0.6466478 0.61127293 0.63877994 0.5565681 0.35225558 0.21804455 0.13068575 0.050825316 0.009538209 0.04533467 0.10366264 0.2312823 0.4017384 0.24961779 0.16199498 0.24340445 0.21150741 0.23690848 0.40637434 0.31687656 0.29821372 0.2293988 0.2580862 0.24306999 0.13783558 -0.11652494 -0.38084245 -0.46767697 -0.33584192 -0.31334057
0.050189734 -32767.0 0.0426608 0.10958406 0.19242956 0.258162 0.31368524 0.17029601 0.06307119 0.07474524 0.052365415 -32767.0 -32767.0 -32767.0 -32767.0 -32767.0 -32767.0 -32767.0 -32767.0 -32767.0 -32767.0 -32767.0 0.12960267 0.2344534 0.19679272 0.22650969 0.19931652 0.19300538 0.24039647 0.20736614 0.22834635 0.25441238 0.20202677 0.058255948 0.08122587 0.2182337 0.20406622 0.19442895 0.48159105 0.5007621 0.35066056 0.14904031 -0.009389501 -0.015480874 0.05880059 0.25097567 0.3118994 0.13166517 -0.2085512 -0.12796614 0.045187555 -0.13042517 -0.032882743 0.09921891 -0.19110073 -0.1261737 -0.037554905 -0.3266898
0.118069194 0.19320887 0.22445671 0.24426405 0.2693827 0.2891073 0.26235443 0.24782598 0.13937385 0.08672938 0.019301131 -32767.0 -32767.0 -32767.0 -32767.0 -32767.0 -32767.0 -32767.0 -32767.0 -32767.0 -32767.0 -32767.0 -32767.0 0.32352784 0.32108885 0.2076495 0.060697127 -0.04446071 0.036404476 0.087565675 0.2360843 0.18612286 0.15029964 0.28270295 0.17979568 0.19649889 0.014528102 0.30956697 0.33962226 0.31322122 0.031601056 -0.391781 -0.21176875 -0.3010538 -0.062218737 0.09491841 0.10647743 -0.079273924 -0.6214713 -0.27854046 -0.10461223 -0.21332331 -0.29482645 0.0050112978 -0.0815049 -0.14458378 -0.0010434026 -0.23993886
0.14391892 0.16280732 0.15349239 0.20537286 0.2338797 0.26511168 0.25301924 0.22438203 0.22488119 0.11291957 0.04166673 -32767.0 -32767.0 -32767.0 -32767.0 -32767.0 -32767.0 -32767.0 -32767.0 -32767.0 -32767.0 -32767.0 -32767.0 -32767.0 0.3186508 0.15681264 0.13085276 -0.17795348 -0.10318079 -0.055346057 -0.0053638695 0.08265792 0.12977955 0.13435608 0.24915239 0.109889686 0.21853632 0.20224635 0.15141937 0.10315157 -0.085256614 -0.5317263 -0.108972535 -0.13238244 -0.14319207 -0.15585461 0.15313207 0.23558162 -0.020109864 0.1120294 -0.05924391 -0.24347162 -0.3176731 0.022300076 0.24538791 0.095842935 -0.071765535 0.059549943
0.20152315 0.1282228 0.10579457 0.16306967 0.13160981 0.12492012 0.14737795 0.22213252 0.23781262 0.07032916 -32767.0 -32767.0 -32767.0 -32767.0 -32767.0 -32767.0 -32767.0 -32767.0 -32767.0 -32767.0 -32767.0 -32767.0 -32767.0 -32767.0 -32767.0 0.30547974 0.23690964 0.165077 -0.15963838 -0.03794255 -0.08803326 0.11986336 0.04949337 0.15825407 0.22046304 0.021237368 0.15558033 0.1833601 0.0891933 0.06857345 -0.0014534798 -0.16579197 0.017046329 0.029220004 0.1531827 0.42148134 0.53082526 0.51461816 0.41497225 0.16251345 -0.12833425 -0.23885304 -0.24718466 -0.11270322 0.13988866 0.07327817 -0.08642133 0.023343671
0.16661192 0.20708755 0.1919364 0.13838986 0.16510174 0.15005872 0.14058918 0.20781186 0.1817848 -32767.0 0.02018279 -32767.0 -32767.0 -32767.0 -32767.0 -32767.0 -32767.0 -32767.0 -32767.0 -32767.0 -32767.0 -32767.0 -32767.0 -32767.0 -32767.0 0.24260674 0.29908887 0.2531616 0.15073252 -0.017421503 0.062664196 0.08478544 0.066379584 0.14109454 0.100903824 0.06608552 0.14414844 0.13296536 0.069664285 0.033134174 0.038883764 0.05160824 0.08396591 0.24182864 0.45281273 0.19499221 -0.028233059 -0.033634357 -0.012193031 -0.21111871 -0.33401725 -0.420254 -0.48528942 -0.34574404 -0.17906192 -0.25592494 -0.27505317 -0.20059742
0.3404966 0.23097578 0.23529185 0.21101925 0.23199435 0.20264186 0.18802574 0.2674422 0.26284158 -0.042834185 -0.08367781 -0.08420496 -0.11443557 -0.046144865 -0.030781684 0.09919204 -32767.0 -32767.0 -32767.0 -32767.0 -32767.0 -32767.0 -32767.0 -32767.0 -32767.0 -32767.0 0.23507716 0.18877503 0.11807496 0.032648914 0.048757106 0.01124546 -0.051185627 0.028029162 0.07771055 0.11394604 0.08785761 0.19314271 -0.10499823 -0.092730075 -0.15085387 -0.1104624 0.014580816 0.046761252 -0.1667258 -0.13325208 -0.17836083 -0.30587107 -0.32369232 -0.48948234 -0.5597326 -0.6558725 -0.6131402 -0.44590658 -0.4337736 -0.35684693 -0.16558154 0.13610515
0.3091476 0.13029698 0.2094835 0.26831248 0.28437284 0.22115858 0.1766175 0.16101867 0.19340396 0.1634584 0.077158235 0.05702228 0.04059753 0.002671985 0.021781195 -0.01677006 -32767.0 -32767.0 -32767.0 -32767.0 -32767.0 -32767.0 -32767.0 -32767.0 -32767.0 -32767.0 -32767.0 0.08367535 0.03720935 0.02834814 0.08703415 0.08503165 0.08793491 -0.07984582 0.13809222 0.021279491 0.20916045 0.17069949 -0.16117014 -0.089870445 -0.12212241 0.024176752 -0.14081259 -0.24781364 -0.3911373 -0.3277544 -0.42149347 -0.6221801 -0.51419586 -0.48770025 -0.4870929 -0.5296332 -0.5094347 -0.4586141 -0.45121306 -0.29958466 -0.08020609 -0.23042747
-32767.0 0.20031199 0.1865274 0.26226145 0.29778546 0.24795115 0.18976691 0.18892415 0.20817915 0.21278138 0.18559343 0.059769385 0.067709506 0.037932415 0.07855678 0.026517132 0.1489538 0.066668615 -32767.0 -32767.0 -32767.0 -32767.0 -32767.0 -32767.0 -32767.0 -32767.0 -32767.0 -32767.0 0.026989345 0.15028453 0.17060319 0.098635666 0.16678345 0.193617 0.1507094 0.20100024 0.13953248 0.18772286 0.13209638 0.03480914 0.05956751 0.101693004 0.0017552655 -0.31376585 -0.4179843 -0.25504085 -0.36224008 -0.56996876 -0.66891456 -0.61669564 -0.4507931 -0.3944422 -0.49463362 -0.3990509 -0.3430257 -0.18162145 0.043057553 -32767.0
-32767.0 0.27057877 0.21556914 0.27989143 0.31645158 0.33842206 0.30968028 0.38032478 0.4420696 0.38288936 0.18111251 0.080892876 0.039637852 0.13255996 0.15196207 0.049902856 -32767.0 0.023613404 -32767.0 -32767.0 -32767.0 -32767.0 -32767.0 -32767.0 -32767.0 -32767.0 -32767.0 -32767.0 0.10073599 0.07478011 0.028129265 0.051609892 0.1526388 0.16925585 0.3124548 0.354686 0.3125192 0.24050869 0.22437862 0.13184628 0.22057325 0.14318907 0.0031417906 -0.3557986 -0.53068703 -0.12010321 -0.070110455 -0.22554144 -0.42899632 -0.64941543 -0.5781243 -0.42212224 -0.36195457 -0.352912 -0.21129182 -0.11259036 -0.23176353 -32767.0
0.3798604 0.3284656 0.3010699 0.3358329 0.32771796 0.32973516 0.34290755 0.36325753 0.38375536 0.42225322 0.31800556 0.16894874 0.10555895 0.060879763 0.04509494 -32767.0 -32767.0 -32767.0 -32767.0 -32767.0 -32767.0 -32767.0 -32767.0 -32767.0 -32767.0 -32767.0 -32767.0 -32767.0 0.06486942 -0.11412184 -0.018480372 -0.14437982 -0.035793208 0.10144328 0.14118119 0.29470712 0.37884715 0.40196055 0.37299803 0.32480043 0.18407813 0.023735058 -0.079986036 -0.1316334 -0.18206562 0.08827813 -0.011067559 -0.3493308 -0.2940123 -0.36520395 -0.3726465 -0.20538814 -0.2854762 -0.2562992 -0.04739687 0.061515514 -0.04503756 -0.14825177
0.3378445 0.35097447 0.237127 0.30858132 0.33072057 0.3091812 0.3644426 0.3427933 0.37185538 0.4740829 0.48054302 0.43072608 0.29739925 0.14277361 0.034919076 -0.105958335 -32767.0 -32767.0 -32767.0 -32767.0 -32767.0 -32767.0 -32767.0 -32767.0 -32767.0 -32767.0 -32767.0 -32767.0 0.115858845 -0.059971966 -0.022998918 -0.19586611 -0.19309294 -0.08815586 -0.06833848 -0.0045076935 0.04891878 0.06902174 0.060785715 0.050564513 0.0432057 0.060298275 0.17247438 0.04954388 -0.13892087 -0.023548158 -0.100671485 -0.070359804 -0.09336257 -0.2579869 -0.2121716 -0.23245841 -0.23461057 -0.19335885 -0.085017204 -0.26347387 -0.21873648 -32767.0
0.14772196 0.14473219 0.18972744 0.23982766 0.26707298 0.23869099 0.29244244 0.36701724 0.37302405 0.43357423 0.489934 0.57031035 0.5313202 0.30898505 0.07453053 -0.04325188 -0.08826715 -32767.0 -32767.0 -32767.0 -32767.0 -32767.0 -32767.0 -32767.0 -32767.0 -32767.0 -32767.0 -32767.0 0.32114074 0.108288795 0.07244854 0.16867596 -0.1255656 -0.24584636 -0.3883024 -0.505012 -0.35146526 0.03310343 0.28296056 0.28026783 0.10683133 0.10990949 0.09044853 -32767.0 -0.23902202 -0.41554248 -0.2279652 -0.08993752 -0.113397546 -0.19199754 -0.29207548 -0.15855971 -0.07150405 -0.122049764 -0.012254177 -32767.0 -32767.0 -32767.0
0.07936932 0.032206062 0.06700201 0.10685386 0.12907404 0.23667972 0.3072586 0.30051577 0.31158426 0.3504097 0.42414245 0.51470435 0.4965216 0.37470526 0.15014292 -0.010551934 -0.007049787 -32767.0 -32767.0 -32767.0 -32767.0 -32767.0 -32767.0 -32767.0 -32767.0 -32767.0 -32767.0 -32767.0 -32767.0 0.12322747 0.011082395 -0.24413806 -0.06595813 -0.30800474 -0.30082262 -0.22387274 -0.045575555 -0.10222785 -0.12512846 -0.16578689 -0.08630429 0.092951626 -0.03093408 -0.04313781 0.02024165 -0.110833205 -0.13462408 -0.06866974 -0.0033121589 0.12222772 0.047198467 0.037690353 0.24810746 0.25562498 -0.038964134 -32767.0 -32767.0 -32767.0
0.075937994 0.025977217 0.0049966043 0.049142756 0.17166768 0.23374678 0.27887708 0.31590074 0.29641238 0.3352202 0.45099872 0.53922623 0.5356674 0.5610271 0.21649347 0.062701695 0.0043606088 -0.051952265 -32767.0 -32767.0 -32767.0 -32767.0 -32767.0 -32767.0 -32767.0 -32767.0 -32767.0 -32767.0 0.14492835 0.13765271 0.10661344 -0.12945984 -0.09979275 -0.06268548 -0.082308516 -0.061695594 0.019105878 -0.09938187 -0.31334895 -0.2795337 -0.009668524 0.14619488 0.024465183 0.03961225 0.093544096 0.12695706 0.3279535 0.23668861 0.18576342 0.1348475 0.18504582 -32767.0 -0.16165663 -0.27834064 -0.10596472 -32767.0 -32767.0 -32767.0
0.17944677 0.10890288 0.075984254 0.122895926 0.23597181 0.372785 0.3768529 0.38812533 0.3768688 0.40107518 0.49010643 0.55680823 0.51231277 0.21582475 0.06337456 0.1254105 0.11143262 -32767.0 -32767.0 -32767.0 -32767.0 -32767.0 -32767.0 -32767.0 -32767.0 -32767.0 -32767.0 -32767.0 0.4738054 0.30807793 0.14212021 -0.06661675 -0.015884323 -0.029923525 0.0026994562 0.09367158 0.013825949 -0.0074296566 -0.10609007 -0.04760232 0.084765606 0.13903724 -32767.0 -32767.0 -0.17289303 -0.1632002 -32767.0 -32767.0 -32767.0 -32767.0 -32767.0 -32767.0 -32767.0 -32767.0 -32767.0 -32767.0 -32767.0 -32767.0
0.2503334 0.20088547 0.19447419 0.26022658 0.37896258 0.3985366 0.40170848 0.42860565 0.4648882 0.39280942 0.43135324 0.40517142 0.36386478 0.07903812 0.07403324 -0.0070269266 -32767.0 -32767.0 -32767.0 -32767.0 -32767.0 -32767.0 -32767.0 -32767.0 -32767.0 -32767.0 -32767.0 0.46960124 0.42942294 0.36495474 0.18737395 0.043903027 0.0123647805 0.032382835 0.12721962 0.09431947 0.06942706 -0.0054320507 0.05248005 0.063163765 -0.007159001 -32767.0 -32767.0 -32767.0 -32767.0 -32767.0 -32767.0 -32767.0 -32767.0 -32767.0 -32767.0 -32767.0 -32767.0 -32767.0 -32767.0 -32767.0 -32767.0 -32767.0
0.25729367 0.23843157 0.23076299 0.23561169 0.3530749 0.36131263 0.43611926 0.53488106 0.47381523 0.20581138 0.2827632 0.37289658 0.21681258 0.09309844 0.036227122 -0.019537833 -32767.0 -32767.0 -32767.0 -32767.0 -32767.0 -32767.0 -32767.0 -32767.0 0.17294814 0.15619917 0.44519302 0.52290267 0.29534662 -0.051843278 -0.00047944463 0.021875374 -0.04329875 0.006416043 0.086968005 -0.019513847 -0.028341927 0.08850569 -0.009093402 -32767.0 -32767.0 -32767.0 -32767.0 -32767.0 -32767.0 -32767.0 -32767.0 -32767.0 -32767.0 -32767.0 -32767.0 -32767.0 -32767.0 -32767.0 -32767.0 -32767.0 -32767.0 0.0028347194
0.16623323 0.19795606 0.17595789 0.19018623 0.29699054 0.34464172 0.43708232 0.5205103 0.37300876 0.26799068 0.37393495 0.40519217 0.18739995 0.1614149 -0.012573166 -0.0008922344 -32767.0 -32767.0 -32767.0 -32767.0 -0.03203408 0.095649846 0.118391916 0.10449303 0.19008425 0.37484616 0.44347635 0.35419303 0.029270168 -0.053333987 -0.24393013 -0.09671241 0.20480916 0.24705526 0.042033635 -0.16154061 -0.20418812 -0.031066649 -32767.0 -32767.0 -32767.0 -32767.0 -32767.0 -32767.0 -32767.0 -32767.0 -32767.0 -32767.0 0.002318205 0.0298035 -32767.0 -32767.0 -32767.0 -32767.0 -32767.0 -32767.0 -32767.0 0.18749928
0.1722498 0.17756478 0.20892759 0.19380507 0.1619899 0.20414507 0.2974745 0.3668836 0.3876034 0.48101974 0.49918142 0.5250158 0.43720326 0.1992922 0.045457855 -32767.0 -0.11629086 -32767.0 -0.009250511 -32767.0 0.033655804 -32767.0 0.17774273 0.15256318 0.21157053 0.31439835 0.3944099 0.28552583 0.09727982 0.25612298 0.2604974 0.2331432 0.30962792 0.27550697 -0.017492339 -0.15137236 -32767.0 -32767.0 -32767.0 -32767.0 -32767.0 -32767.0 -32767.0 -32767.0 0.07622435 0.04075009 0.08047689 0.05170197 0.2025447 0.0069550765 0.1389269 0.16221213 -32767.0 -32767.0 -32767.0 -32767.0 -32767.0 0.06922464
0.22065471 0.26526165 0.25965315 0.28035906 0.20533167 0.26423153 0.37673134 0.44686335 0.5272157 0.5690157 0.50140893 0.3623119 0.31507894 0.37299854 0.23568958 0.31781113 0.18347317 0.14608884 0.27022272 0.3052542 0.33074787 0.33911148 0.37897012 0.36570776 0.41703418 0.3814982 0.39101285 -32767.0 0.23516963 0.3816576 0.36596528 0.39848194 0.31921828 0.25612217 -32767.0 -32767.0 -32767.0 -32767.0 -32767.0 0.028621353 0.08354303 0.07741817 0.2474108 0.21113339 0.28302985 0.17069364 -32767.0 -32767.0 0.07349128 -0.01854566 0.16017602 -32767.0 -32767.0 -32767.0 -32767.0 -32767.0 0.40319926 1.0090407
0.3265241 0.5103073 0.3690534 0.2636189 0.44294453 0.49743965 0.5584082 0.5340106 0.49348816 0.46917328 0.34979632 0.12234092 0.21920201 0.31398687 0.31445074 0.4432983 0.524588 0.6336209 0.7756987 0.8787847 0.7263611 0.5757689 0.5328361 0.5520059 0.695163 0.61282057 0.5534807 0.5264876 0.48248506 0.38009432 0.1941433 0.027651066 0.083371684 0.003150405 -0.02430117 -32767.0 0.08960651 0.12305947 -32767.0 0.06489938 0.22662918 0.21103153 -32767.0 -0.08327932 -0.083621584 -32767.0 -32767.0 -32767.0 -32767.0 0.20158929 -0.030633694 -32767.0 -32767.0 -32767.0 -32767.0 0.34756482 0.44057822 0.53499836
0.36185703 0.4050132 0.43643808 0.5448567 0.5565354 0.4940054 0.4268111 0.4371836 0.35946962 0.35663682 0.32884967 0.29171836 0.25435418 0.20791842 0.28446928 0.41555792 0.43472522 0.2681976 0.093109645 0.13451762 0.39886335 0.55917484 0.60138524 0.621607 0.70719 0.57321596 0.42720708 0.30242202 0.26873118 -32767.0 -0.022287015 0.009406478 -32767.0 -32767.0 0.008975747 -0.05412234 0.030585483 0.055065457 0.115251645 -0.028946292 -0.12609228 -32767.0 -32767.0 -32767.0 -32767.0 -32767.0 -32767.0 -32767.0 -32767.0 0.20497707 0.30678338 0.24587747 -32767.0 -32767.0 0.2934525 0.24867812 0.18790404 0.24414864
