static/data/seaWater_uo/2023/7/4/6.asc
ncols 137
nrows 93
xllcorner 108.0
yllcorner 17.0
cellsize 0.25
NODATA_value -32767
[rows 26 to 51 of 93, columns 58 to 115 of 137]
0.05250812 0.019906666 -0.056160565 -0.028199792 0.04670794 0.06968882 0.03434406 -0.067564994 -0.097054586 -0.13628478 -0.07546437 0.014529285 0.07556612 0.06785522 0.078655526 -0.03745317 -32767.0 -32767.0 0.18440099 0.2162173 0.16784924 0.20948257 0.33592027 0.26534837 0.16895214 0.19968732 0.1320476 0.16799203 0.16049586 0.11412446 -0.020283952 -32767.0 -32767.0 -32767.0 -32767.0 -32767.0 -32767.0 -0.0005944652 0.12439849 0.03866524 -32767.0 -32767.0 -32767.0 -32767.0 -32767.0 0.0447161 -32767.0 0.019631913 0.2008373 0.047326192 0.06400474 0.08240594 0.02920703 -32767.0 0.103190936 0.0984977 0.07688089 -0.0035259607
-0.0076712463 0.10499044 -0.022895144 0.012213184 0.07448645 0.08074949 0.046027806 0.13843904 0.057653867 0.008371089 0.104000345 0.0069795605 -0.04716874 0.0036921008 -0.005310758 -32767.0 -32767.0 0.15934902 0.2241245 0.12761442 0.036514834 0.1353465 0.29046488 0.15548463 0.09550635 0.17651916 0.123995185 0.0874779 -32767.0 -32767.0 -32767.0 -32767.0 -32767.0 -32767.0 -32767.0 -32767.0 -32767.0 -0.09046008 0.030164018 -0.1650099 -32767.0 -32767.0 -32767.0 0.07942904 0.1626358 0.4601194 0.53467935 0.29382348 0.32220867 0.21990526 -0.02315263 0.049127486 0.25295126 -0.03557076 -0.021249667 0.027215563 -0.07649314 -0.13370784
-0.09193387 -0.0041311225 0.1561372 0.07708146 -0.036989663 -0.028376948 0.00023227866 0.10211423 0.09060955 0.045892768 0.02476159 -0.04565792 -0.035606198 0.002567703 -0.037057307 -0.08321919 0.060296863 -0.038257442 -0.013071121 -0.079096384 -0.04145046 0.040392928 0.043734074 0.05053107 0.101132214 0.06290643 -32767.0 0.047486592 0.11270135 -32767.0 -32767.0 0.007881841 -32767.0 -32767.0 -32767.0 -32767.0 -32767.0 -32767.0 0.16975893 0.19978495 -32767.0 -32767.0 -0.08575774 0.05806441 0.15626192 0.10217576 0.20856932 0.45533594 0.5809846 0.5042991 0.3169263 0.028054455 0.10027267 0.010495503 0.06238288 0.07770114 -0.06350729 -0.14254865
0.059957094 0.10463764 0.16213298 0.2141531 0.12056499 0.042079076 -0.0049860417 0.0032853554 -0.070517465 -0.12164784 -0.07830541 -0.12659083 -0.10213559 -0.081083834 -0.11313992 -0.15932526 -0.10564763 -0.068665 -0.050920412 0.04491253 -0.005972564 0.002525487 -0.010674067 0.043644194 0.049281567 -32767.0 0.07827237 0.27826473 0.27826986 0.14547989 0.07176627 -32767.0 0.024169011 -32767.0 -32767.0 -32767.0 -32767.0 -32767.0 0.22717023 0.3614665 0.3218511 -0.21152875 0.11749343 -0.17603883 -0.08357715 0.08452532 0.2232482 0.27054238 0.25357217 0.15715586 0.20803492 0.014817638 -0.09278001 0.06809599 0.13324322 0.14801061 0.037425905 -0.1185363
0.12981202 0.23789288 0.2911835 0.20502234 0.213925 0.26302513 0.11592838 0.131052 0.15213764 0.049250014 -0.032648247 -0.12209738 -0.194874 -0.27238008 -0.23883167 -0.24660388 -0.1324772 -0.12874572 -0.087838925 -0.09447409 -0.057594445 -0.13614628 -0.07012679 0.014794033 0.031174827 0.3527818 0.3393004 0.29294342 0.2804098 0.2077772 0.07848057 -0.002122132 0.107861504 -32767.0 -32767.0 -32767.0 -32767.0 0.07773687 0.019132743 -0.092741534 -0.020815715 0.07086669 -0.3410605 -0.036998596 0.17692351 0.4269553 0.71928716 0.6659029 0.43548852 0.18343636 0.22859323 -0.027335724 -0.10111662 0.13381585 0.14161189 0.1842315 0.028340654 -0.048964534
0.15414049 0.18800038 0.25871438 0.19527234 0.34226942 0.18857914 0.1617442 0.0999415 -0.0470432 -0.060616575 -0.008191478 -0.055013254 -0.039777827 -0.25514373 -0.27557743 -0.20381695 -0.19451872 -0.17575295 -0.1750433 -0.11126082 -0.048038818 -0.12544917 -0.02093969 -0.04268431 -0.031384364 0.03298421 0.11577229 0.26059452 0.29597944 0.17223965 -0.09009108 0.1736794 0.1146692 -32767.0 -32767.0 -32767.0 -32767.0 -0.020929595 -0.30445668 -0.3767975 -0.4250414 -0.25730744 -0.0026333802 0.17210713 0.3024865 0.65589887 0.8601929 0.6660999 0.4972024 0.42546877 0.36186942 0.13556208 0.079686776 0.12183144 0.2313797 0.123126 0.06203259 -0.00068543246
0.08844865 0.13404119 0.20681137 0.2457943 0.31175086 0.37649974 0.19995184 0.15292795 0.12816419 0.085442126 -0.06331454 -0.08159329 0.015327133 0.0041455324 -0.15067375 -0.18578373 -0.17672974 -0.13963625 -0.07886689 -0.0548355 -0.06065431 -0.11135255 -0.1825922 -0.058666386 -0.10835269 -0.10417736 0.031934187 0.15196803 0.27579314 0.3043683 0.2419489 -32767.0 -32767.0 -32767.0 -32767.0 -32767.0 -0.0038254005 -0.25578392 -0.30747163 -0.305647 -0.13238682 0.2903923 0.51643014 0.61100227 0.83463454 1.0239695 0.68875766 0.64881283 0.40962598 0.43946376 0.3932476 0.36845496 0.22169733 0.23909834 0.24194168 0.14814667 0.1798441 0.0031541754
0.18892698 0.12356408 0.10951162 0.13671096 0.104191504 0.23042786 0.24112366 0.2828007 0.2399371 0.11152036 0.029794993 0.06555304 0.016610656 0.017001195 0.091851674 -0.02669953 -0.081713565 -0.06408306 -0.105099306 -0.07990667 -0.08355443 -0.15457304 -0.20123884 -0.21021286 -0.15254554 -0.063350044 -0.014591735 -0.0031156575 0.042787857 0.1909334 0.10259816 -32767.0 -32767.0 -32767.0 -32767.0 -32767.0 -0.04951832 0.11936344 0.0007782923 0.20894282 0.4899605 0.76104265 1.0112278 1.1982986 0.97823983 0.7437087 0.7034083 0.7011189 0.57404375 0.39428812 0.39082873 0.45259812 0.25709927 0.2059086 0.07188451 0.12625872 0.103082374 0.016667787
0.31633854 0.2616138 0.23528337 0.008702065 -0.06910517 0.060232114 0.13713539 0.17771235 0.01747449 0.059144497 0.012967826 -0.026650345 0.02674332 -0.0031159208 -0.016060853 -0.025380027 0.0044597574 -0.015535917 0.08427072 0.0047249803 0.026381137 0.08233135 0.10014841 0.13096598 0.20300943 0.19094127 0.16263984 0.00067751424 -0.010175332 0.01657182 0.04032384 0.020284405 -32767.0 -0.05343388 -32767.0 -32767.0 0.20700751 0.50992876 0.7336863 0.7687684 0.8933639 0.9738919 0.9556399 0.76566845 0.5393412 0.6665607 0.65650713 0.6786298 0.59517604 0.35323474 0.3477313 0.4021191 0.33780238 0.2444579 0.03316351 0.102595225 0.24350938 0.16450378
0.25942418 0.1695189 0.0040035076 -0.25408438 -0.10300278 -0.059663214 -0.022731751 0.052270137 0.15068156 0.11318835 0.11968442 0.07152432 -0.015184093 -0.012813437 -0.03277683 -0.04512355 -0.0052847406 -0.05901549 -0.1478331 -0.17587069 -0.030423999 0.10285126 0.18020949 0.22524062 0.17397547 0.14077261 0.05253909 -0.030374056 0.02774068 0.11513973 0.10641758 0.1236864 -0.030650375 -0.07252835 -32767.0 -0.011012886 0.40377125 0.3480405 0.3603283 0.65026647 0.7917825 0.795527 0.62319607 0.3137429 0.39770633 0.26833674 0.20740095 0.25982714 0.38524985 0.24767813 0.21170352 0.3249328 0.33901834 0.24419793 0.020470148 0.1134861 0.17605446 0.17033535
0.17180404 0.12772082 0.016049726 -0.11013423 -0.1051825 -0.014283368 0.025231099 0.06239223 0.084204756 0.14645405 0.10389265 0.06467484 0.03399547 0.06625471 -0.09334815 -0.09618421 -0.084082305 -0.094564974 -0.1772722 -0.13165598 0.0467978 0.16905385 0.14802396 0.14606884 0.13648537 0.09930273 0.01968916 -0.020782491 0.012509832 0.0574767 0.15132909 0.23201565 0.32268047 -32767.0 0.849048 0.98505706 0.44687945 0.54168767 0.81539005 0.8402486 0.7171723 0.5141759 0.22615652 0.11419515 -0.09571717 -0.1747265 -0.24242537 -0.17667419 0.084109224 0.04414782 0.0022941628 0.23420611 0.23864733 0.1897277 0.08457533 0.22194989 0.27998707 0.21385485
0.15566763 0.08777819 -0.0901512 0.024286084 0.092923135 0.11735489 0.037876464 0.060652 0.14062376 0.17846146 0.13698858 0.052900825 0.048326142 -0.00016830215 -0.07822308 -0.0456592 -0.013371922 0.09600717 0.06928518 -0.026695443 -0.05638948 -0.004890118 -0.05399202 -0.038295284 0.0180349 0.10183991 0.17589614 0.13651907 0.13403338 0.081376664 -0.0119390935 0.11541687 0.12207654 0.2547386 0.1981109 -0.33727294 0.4039948 0.37883434 0.13100262 0.08336401 0.12765107 0.15363352 0.0046945447 -0.11009389 -0.32959184 -0.3938749 -0.5087714 -0.41740164 -0.101003535 -0.05526926 -0.09723365 0.11314654 0.24955118 0.18506485 0.1316299 0.24165162 0.25275025 0.37829232
-0.026975436 0.035420116 0.11429208 0.12824379 0.20156595 0.26976803 0.21984161 0.15330331 0.08799676 0.17068684 0.14284347 0.08104522 0.032180194 0.06106541 0.104858935 0.16397797 0.1197519 0.120978534 0.07509274 0.06725463 -0.038060192 -0.06312083 -0.1633302 -0.19136924 -0.19051956 -0.08481637 0.13609667 0.36347762 0.47542417 0.49177414 0.36332074 -32767.0 0.24487112 0.2545528 -32767.0 0.119047634 0.15432996 0.11225594 0.13269605 0.19399834 0.14415063 -0.051702917 0.04840942 0.118871495 -0.19575074 -0.4562373 -0.54004276 -0.459761 -0.11833459 -0.018223843 -0.09166398 0.11358014 0.32208616 0.22365926 0.1806491 0.26714525 0.37325868 0.5968269
-32767.0 0.07806066 0.14399455 0.15609737 0.20784755 0.3704053 0.34303758 0.20644568 0.12893952 0.15846628 0.21379924 0.13107839 0.096118085 0.13276671 0.13786349 0.16631342 0.15306108 0.089259505 0.093318135 -0.0044765887 -0.059905447 -0.11516024 -0.097066246 -0.12885036 -0.21287839 -0.19263676 -0.036720123 0.32241037 0.5728762 0.71837795 0.6753015 0.37175915 -32767.0 -0.011048514 0.23724444 0.23904395 0.116346784 0.068290316 0.15768416 0.2556014 0.24025 0.08962315 0.12103719 0.33291265 0.15173896 -0.26465786 -0.38592356 -0.26980203 -0.009637414 0.13873811 0.107435614 0.100961864 0.5476249 0.49965328 0.4369895 0.46954495 0.6897765 0.8475892
0.013276293 0.23103133 0.21616171 0.16222487 0.18584031 0.19696595 0.42262092 0.24686909 0.103396386 0.11908731 0.16724251 0.1747674 0.22899148 0.2567848 0.2415732 0.22188455 0.27265528 0.17795 0.05637793 -0.07705971 0.01996482 0.03891559 0.09429003 0.21534683 0.2680419 0.32103413 0.3568003 0.45104232 0.58939177 0.6880644 0.4533959 0.8693032 0.6479495 0.6901322 0.7226257 0.6653349 0.37405872 0.24233408 0.23356448 0.16759971 0.068607435 0.05285452 0.14696549 0.19041255 0.01673148 -0.19986518 -0.2841887 -0.14895442 0.14290573 0.3304665 0.31303102 0.2394855 0.5398782 1.0320178 1.1084552 1.1442794 1.0500044 0.62368786
0.13471153 0.23433396 0.27182102 0.22550213 0.29940984 0.396937 0.28254968 0.31898946 0.3076372 0.17579143 0.1677396 0.15974581 0.19564988 0.21869808 0.23081492 0.21159436 0.2110353 0.13735862 -0.0007443824 -0.016393747 0.094899096 0.35879797 0.5742095 0.75483483 0.89093363 0.9353604 0.82815063 0.7881213 0.6559491 0.72089565 0.039855633 0.16881484 0.4637656 0.6775029 0.7839488 0.73827356 0.62186766 0.48815838 0.29520229 0.10689557 0.004598904 0.06902431 0.13521482 0.2079429 0.08181028 -0.17406912 -0.19454959 -0.07583031 0.07262135 0.28461307 0.40825677 0.42543483 0.41513348 0.60627383 0.79046845 0.73209125 0.47920114 0.34109277
0.054191757 0.049973376 0.193291 0.275373 0.28200546 0.3266593 0.2882014 0.24401312 0.3688161 0.36928588 0.25074735 0.23549664 0.21607442 0.17008398 0.14633495 0.15023473 0.17949244 0.082169145 0.04565917 0.20579231 0.5342975 0.8723145 1.0846877 1.1620927 1.1683311 1.1288532 0.92823076 0.7337572 0.63678336 0.63547444 0.5616827 0.24082457 0.032150663 0.20288621 0.20785388 0.25199646 0.3834107 0.4153768 0.24082689 0.20915475 0.16022526 0.022105822 0.09652274 0.3129819 0.38189068 0.2351368 0.1144986 0.031903263 0.12979203 0.19187896 0.3046443 0.38843524 0.4916713 0.51625127 0.47892085 0.40940714 0.3279914 0.10941304
0.18286015 0.18684113 0.23158433 0.31623855 0.3171164 0.36546522 0.34038976 0.29499277 0.28160852 0.35923293 0.3262183 0.22782205 0.20190862 0.22951236 0.2940994 0.1938597 0.1979688 0.17444271 0.30430406 0.5394404 0.7062374 0.8781966 0.9160632 0.8649884 0.83223164 0.7873879 0.6643037 0.6177859 0.61438555 0.4174106 0.6364907 0.65263176 0.59174436 0.5570724 0.520358 0.43048558 0.35434487 0.18557109 0.17066742 0.21841227 0.3025872 0.32971686 0.2835618 0.31700227 0.48641667 0.5768862 0.43183252 0.2848826 0.19368966 0.15537053 0.11727376 0.16985467 0.17523754 0.16549832 0.14251982 0.10338404 0.067002445 0.037886005
0.2490248 0.3684586 0.3470648 0.3095837 0.33514762 0.3156755 0.28947073 0.2570048 0.23575614 0.24772319 0.22714134 0.168843 0.1840829 0.23546743 0.30812904 0.41390696 0.45090327 0.4066443 0.35566977 0.4421789 0.6392568 0.7218517 0.6377704 0.5505856 0.5372204 0.49536 0.43239823 0.3128484 0.18919098 0.51574236 0.5953649 0.5200819 0.45093042 0.4092245 0.29762748 0.17146511 -0.016424477 0.09420442 0.2436987 0.37097988 0.4383338 0.49076945 0.57404864 0.6486327 0.6645809 0.6744113 0.6027432 0.41109416 0.21246912 0.042767134 -0.02199623 -0.028111577 0.048981465 0.11032027 0.16365445 0.15953662 0.07847462 -0.08183531
0.3352438 0.40445113 0.49936196 0.5357877 0.42303297 0.3832337 0.2887621 0.25724944 0.26845884 0.27657652 0.19890895 0.17291431 0.18015912 0.13520084 0.15996064 0.23650885 0.3020668 0.17762634 0.14932817 0.36253458 0.5140662 0.50074846 0.36020893 0.2630919 0.24353898 0.25904736 0.25570187 0.32335636 0.23928764 0.30948642 0.41168147 0.35408852 0.2609212 0.16861908 0.055739075 0.122369565 0.24908774 0.39046025 0.45011422 0.49060446 0.4915884 0.46356955 0.46988893 0.46348196 0.49396604 0.5050999 0.4380898 0.23785941 0.09610882 -0.075907744 -0.17830688 -0.12672116 -0.0027646762 -0.07943144 -0.0646943 -0.09217136 -0.1819895 -0.293331
0.3956045 0.57054484 0.54934394 0.4294153 0.35217 0.32846683 0.2991028 0.2266202 0.20879334 0.18610343 0.11949128 0.12885423 0.14232606 0.12819928 0.15290974 0.13040785 0.13619897 0.023051824 0.14302951 0.33820772 0.40369132 0.3434044 0.20518139 0.1372231 0.11393694 0.03313016 0.048424438 0.22182572 0.113773465 0.14510098 0.10643196 0.050009813 0.09175866 0.2029786 0.33445796 0.46002552 0.5129124 0.48692927 0.36287174 0.28718272 0.27128366 0.22966732 0.23141672 0.1788749 0.19909851 0.17260602 0.14118874 0.034590863 -0.0828049 -0.16232894 -0.25915354 -0.24682193 -0.21227245 -0.22492732 -0.28340825 -0.35392642 -0.31654468 -0.18366086
0.71339315 0.56500363 0.44725993 0.33218956 0.23916203 0.26978406 0.28637972 0.22800776 0.19054565 0.15246312 0.08278243 0.11163676 0.19777888 0.2678951 0.15559293 0.1455521 0.1562316 0.17098357 0.29014713 0.44403803 0.38089013 0.29211977 0.1885822 0.16433766 -0.07307215 -0.1483864 -0.0021517512 -32767.0 -0.15527439 -0.16978088 -0.17078596 0.042613097 0.25635612 0.45356917 0.48255068 0.41695347 0.31022727 0.2710503 0.21406998 0.20269506 0.2792132 0.34443352 0.32273367 0.24538536 0.0887339 0.0316177 -0.033654902 -0.14777483 -0.1938322 -0.29236835 -0.31512183 -0.36111844 -0.37321514 -0.42262432 -0.37987015 -0.2364483 -0.14851347 -0.041823737
0.5273784 0.45354384 0.38162464 0.28982788 0.2661256 0.28492448 0.30279273 0.28941596 0.2737862 0.25494394 0.3114678 0.2625749 0.20969833 0.20660543 0.2196068 0.22657089 0.21686056 0.44069588 0.6488271 0.5470773 0.3335057 0.21797514 0.20688325 0.24065328 0.2188792 0.16546798 0.106613055 0.092218556 -0.17319253 -0.12269903 0.04490965 0.22833964 0.35509282 0.2676701 0.17929791 0.1457349 0.09382192 0.15492134 0.15521288 0.22409478 0.2987512 0.25567526 0.28740504 0.25131527 0.05012904 -0.038090773 -0.21565259 -0.2503646 -0.29994488 -0.34092802 -0.36169636 -0.2642777 -0.20196766 -0.1600632 -0.13063096 -0.09281893 0.028248684 0.07297623
0.43843514 0.4205636 0.36289063 0.3221476 0.3823314 0.4739713 0.2969907 0.32760465 0.376437 0.3941214 0.36852098 0.27982092 0.28047824 0.27631718 0.30556497 0.3672873 0.59864086 0.8410615 0.7340648 0.4430161 0.23930569 0.1464253 0.22121324 0.25632343 0.22959091 0.1515604 -32767.0 -0.083676256 -0.08445604 0.113717556 0.23791805 0.28896278 0.14801359 0.049308863 0.031017113 0.060043156 0.054549526 0.06617181 0.14104435 0.13994254 0.044393204 0.118325844 0.034105156 0.0053770924 -0.20197843 -0.25651503 -0.37045577 -0.35323864 -0.4034423 -0.37104478 -0.14713246 -0.067057416 -0.010874902 -0.030107928 -0.041303027 0.027842145 0.114545576 0.2528185
0.34030628 0.3911097 0.32579288 0.32004255 0.31599212 0.27813905 0.32345203 0.34629366 0.3651886 0.3542309 0.35825485 0.31855568 0.35177445 0.37315205 0.4739123 0.73661673 0.92604244 0.7356037 0.47440806 0.2740376 0.1967204 0.11202164 0.08928977 0.1822136 0.19326681 0.23233005 -0.016961917 -0.05584143 0.13138346 0.26136675 0.2777891 0.08261051 -0.009871764 0.046365175 0.011707398 0.026059901 0.0075788028 -0.024303762 0.043915678 0.026474448 -0.02995036 -0.13634141 -0.2628128 -0.27461398 -0.34956926 -0.49076435 -0.44178075 -0.5040559 -0.38561893 -0.23633371 -0.21439353 -0.20958835 -0.23067608 -0.22116679 -0.15142658 -0.119614765 -0.14483428 -0.08370545
0.27653387 0.3283118 0.31264395 0.302408 0.23627457 0.23798779 0.32807508 0.2677223 0.25090015 0.27263978 0.26069117 0.31022307 0.46630284 0.6628159 0.8604945 0.8798476 0.67028254 0.46947163 0.33555004 0.27143842 0.22188535 0.14041449 0.050445657 0.09553725 0.10603842 0.042832263 0.037820823 0.009991104 0.18845427 0.18477374 0.08100518 -0.07276921 -0.0062709306 -0.021176165 0.0066872374 -0.021867216 0.037914064 -0.038128108 -0.015315536 -0.07309933 -0.1827932 -0.3170685 -0.36475497 -0.4221811 -0.5224377 -0.50757796 -0.5747528 -0.4318049 -0.2496504 -0.2651621 -0.2791437 -0.30469248 -0.27829885 -0.25515866 -0.19316821 -0.18456207 -0.27383658 -0.21476637
