static/data/ASCData/20210126/ASCU/00.asc
ncols 97
nrows 97
xllcorner 99.0
yllcorner 2.0
cellsize 0.25
NODATA_value -32767
[rows 38 to 56 of 97, columns 42 to 83 of 97]
-2.3782096670582473 -2.67788138541007 -3.059815928407491 -3.572544010061009 -4.163400012475823 -4.815626693594496 -5.149683402142098 -5.2180181294932035 -5.226723190302262 -5.360563500241529 -5.626285481438025 -5.8399947243004 -6.056968364966171 -6.196466964431327 -6.345976383826898 -6.654570789508005 -6.803862582383351 -6.633025764005586 -6.342929612543728 -6.395812856958756 -6.458271668263746 -6.4621889456278225 -6.43781477536246 -6.456313029581709 -6.428892088033177 -6.43476800407929 -6.500273586667452 -6.552939204562252 -6.620403425832452 -6.6173566545492815 -6.519859973487833 -6.246303437563183 -5.945543586610229 -5.633031903565046 -5.179933488453575 -4.6173689336682 -3.8957193925972886 -3.2112839864851006 -2.6106347906600966 -2.326414555244352 -2.3880028604684376 -2.7473042453623076
-2.1936623779062168 -2.3899614991504756 -2.727717858541927 -3.0236899260499 -3.7209652968554483 -4.475911695521006 -5.0970177842472975 -5.22193540685728 -5.286352856844309 -5.4210636728644825 -5.590159479080434 -5.851746556392628 -6.097011644687838 -6.2608844144183555 -6.419098894622985 -6.5831892908737295 -6.735527855032245 -6.4924390319393 -6.192549687067251 -6.20538965176061 -6.300057188059117 -6.274594885192622 -6.326389997006517 -6.312679526232251 -6.162299600755773 -6.166216878119849 -6.162299600755773 -6.200384241795403 -6.274594885192622 -6.24347429280024 -6.109633982860972 -5.8195378313991135 -5.403653551246366 -4.945549726169688 -4.487445901093008 -3.9377213110009937 -3.260902833096732 -2.813680334031375 -2.2698316599854746 -2.122280879271941 -2.1838691844960265 -2.3479595807467706
-2.17015871372176 -2.306828168423971 -2.499210012304154 -2.7140073877676607 -3.315744716193797 -4.0138905930802515 -4.662417623355075 -5.150553908223004 -5.220847274256148 -5.2950579176533665 -5.410399973373385 -5.609528239380588 -5.8576224724387425 -6.0978821507687435 -6.435856136680423 -6.573396097463538 -6.566649675336519 -6.325519490925611 -6.1390135630915434 -6.154465046027621 -6.186673771021136 -6.2608844144183555 -6.508108141395605 -6.5187718408867 -6.273724379111716 -5.937709031882076 -5.929874477153924 -5.787329106405599 -5.795163661133751 -5.706372040881359 -5.5344470899024625 -5.188638549262633 -4.7316228567870855 -4.266772609583387 -3.8156328331539546 -3.270696026506922 -2.990393068455253 -2.579296571747488 -2.1418672660923215 -2.023696065609359 -1.9621077603852732 -1.7218480820552715
-1.9377335901199109 -2.2698316599854746 -2.363628690203075 -2.589089765157678 -2.9816880076461953 -3.560792177968781 -4.12923264880027 -4.621286211032276 -5.0959296516461645 -5.173187066326555 -5.044134539832269 -5.129226509240812 -5.457189675222073 -5.8245432413643226 -6.194508325749288 -6.380143747502451 -6.377096976219281 -6.580360146110786 -6.400600640403738 -6.272636246510585 -6.1810154814952485 -6.326389997006517 -6.634113896606719 -6.6565294281900425 -6.340100467780784 -6.003214614470238 -5.808874131908017 -5.667199267240598 -5.4426086983669 -5.288311495526347 -4.965136112990068 -4.549034206317094 -4.116392684106909 -3.7024670426362003 -3.2541564109697116 -3.087236869956024 -2.8088925505863935 -2.499210012304154 -2.0872430095154826 -1.8458951985843486 -1.5022629231467828 -1.182787191454353
-1.6310978231208417 -2.172117352403798 -2.2648262500202665 -2.497251373622116 -2.7453456066802695 -3.0334831194600906 -3.594089035563428 -4.121398094072118 -4.596912040766913 -4.893754614355792 -4.752297376208599 -4.671122684164133 -5.08330731347303 -5.482651978088567 -5.77557727431337 -5.989504143695972 -6.195596458350421 -6.399730134322832 -6.568608314018556 -6.430850726715214 -6.292222633330965 -6.409523327733021 -6.512895924840585 -6.440643920125405 -6.170134155483925 -5.909417584252638 -5.715077101690417 -5.512902064400045 -5.267854602625061 -4.933797894077459 -4.502244504468407 -4.072432127021166 -3.661335630313401 -3.264820110460808 -3.153612958625091 -2.9875639236923095 -2.7747251869108407 -2.4680894199117716 -1.9621077603852732 -1.5705976504978882 -1.0363245433419517 -0.6243575405532802
0.2907619769989451 -1.7501395296847102 -2.067656622695102 -2.3947492825954573 -2.4700480585938096 -2.681798662774146 -2.8752686392554607 -3.4269518680295135 -4.0539338728019185 -4.395825136077672 -4.437827054481378 -4.349905940309892 -4.722917795978028 -5.043264033751363 -5.309856521028766 -5.6204095653919115 -5.794293155052845 -5.868503798450065 -6.03433520686262 -6.316596803596328 -6.377096976219281 -6.505061370112433 -6.352722805953918 -6.215182845170801 -6.043257894191905 -5.769701358267256 -5.407570828610442 -5.1760162110894985 -4.879173637500619 -4.522701397369693 -4.130103154881176 -3.7503448770860195 -3.3597052732795403 -3.133156065723805 -3.072438266580625 -3.0189021426049183 -2.806933911904355 -2.4132475368147057 -1.8245677996021563 -1.3732103966524973 -0.9455742844075217 -0.46309628906548017
1.9479879285233683 -0.2805076385954881 -1.4983456457827065 -2.211290126044559 -2.206284716079351 -2.3146627231521237 -2.361670051521037 -2.7229300750969454 -3.354699863314332 -3.8968075251984207 -4.071561620940261 -4.048057956755804 -4.275695296912671 -4.560786038409322 -4.878085504899488 -5.209313068684145 -5.306809749745595 -5.333360185213222 -5.512031558319139 -5.874162087975953 -6.231722460708012 -6.3829728922653945 -6.322472719642441 -6.190591048385212 -5.990374649776877 -5.682868376696902 -5.250226854486718 -4.797998945456154 -4.437827054481378 -4.189732821423224 -3.8996366699613647 -3.5890836255982195 -3.3790740335796943 -3.149695681261015 -3.0783141826267393 -3.0276072034139765 -2.8282613108865475 -2.4260875015080665 -1.9094421424904722 -1.5011747905456505 -1.4465505339688114 -1.085290510392903
3.1081549078505772 1.1129549704144766 -0.32163905091828715 -1.4933402358174983 -1.7806072425164134 -1.8859384783060156 -1.8361020051741583 -2.046111597192683 -2.547087846753973 -3.187780322300644 -3.7237944416183923 -3.789300024206554 -3.8587228841587917 -4.1731932058860135 -4.4104061129328445 -4.516825481323579 -4.621286211032276 -4.845006273825067 -5.093100506883221 -5.283523712081365 -5.586242201716358 -5.784499961642656 -5.91725213898079 -5.892877968715427 -5.804956854543941 -5.520736619128197 -5.030424069058003 -4.527489180814675 -4.23652252327191 -4.069602982258223 -3.880050283140984 -3.6554597142672867 -3.480705618525447 -3.2550269170506176 -3.192568105745626 -3.131197427041767 -2.9172705576591658 -2.660471263791954 -2.460254865183619 -2.3499182194288086 -2.6974677722304503 -2.626303900116401
3.3680009730009597 1.8805237072531686 0.5279748840457765 -0.6417676621713964 -1.344048442942153 -1.4709247042341738 -1.3664639745254774 -1.48158840372527 -1.940780361403081 -2.6545953477458397 -3.3577466345975022 -3.5734145161419146 -3.506167921391942 -3.5187902595650757 -3.677004739769705 -3.6857098005787634 -3.8049691336628584 -4.274607164311539 -4.753167882289505 -4.927051471950438 -5.091141868201182 -5.23847502239449 -5.331401546531184 -5.359692994160623 -5.345982523386357 -5.1760162110894985 -4.870468576691561 -4.507032287913389 -4.312691805351168 -4.144684131736348 -3.953390420457298 -3.873303861013964 -3.8167209657550867 -3.6624237629145333 -3.5235780430100574 -3.4036658303652834 -3.307910161465645 -3.411282758573209 -3.5910422642802575 -3.917264418099707 -4.2121483530065476 -4.207360569561566
2.858102036110385 1.8474444761787479 0.7751986110230247 -0.14079141261010664 -0.8683168697271315 -1.0422004593880658 -0.9357810909973314 -1.0783264617456565 -1.5949718207632508 -2.276578082112495 -2.7901766698469186 -2.9679775368719286 -2.8976841708387853 -2.8175976113954513 -3.0158553713217477 -3.1701525741623016 -3.4182468072204557 -3.909429863371555 -4.513996336560635 -4.761872943098563 -4.778630185156 -4.805833500184306 -4.799957584138191 -4.821502609640611 -4.84783541858801 -4.903547807765982 -4.719000518613952 -4.525530542132637 -4.362528278483025 -4.3311900595704165 -4.2532797653293475 -4.2082310756424715 -4.195608737469338 -4.089189369078603 -3.9718886746765465 -3.916176285498575 -4.156435963828576 -4.470906285555798 -5.024765779532116 -5.372315332333757 -5.506155642273024 -5.42302231154652
2.6766015182415255 1.6822659473268717 0.5212284619187568 -0.0665807692128868 -0.5843142608316132 -0.696609545268462 -0.6778936645289872 -0.8459013381438072 -1.4250055084663926 -2.0872430095154826 -2.320538639198238 -2.461125371264525 -2.3919201378325137 -2.3938787765145517 -2.5285895925347246 -2.7893061637660126 -3.10464699157414 -3.6643824015965714 -4.225858823780815 -4.346859169026721 -4.340112746899701 -4.449361260053379 -4.491363178457084 -4.499197733185237 -4.530535952097845 -4.609534378940047 -4.629120765760428 -4.46894764687376 -4.47874084028395 -4.481787611567121 -4.540329145508036 -4.5744965091835885 -4.53641186814396 -4.47874084028395 -4.408447474250806 -4.6134516563041235 -4.922046061985231 -5.504197003590987 -6.068502570538174 -6.255226124892468 -6.32747812960765 -6.233681099390049
2.3551671478670575 1.3220940563520958 0.2859741935539635 -0.18975737966105788 -0.6223989018712421 -0.455261734337328 -0.46418442166661245 -0.8274030839245587 -1.4054191216460121 -1.8626524406417853 -2.1037826250526925 -2.2247829702985995 -2.078320322186198 -2.0813670934693684 -2.1085704084976746 -2.365587328885113 -2.906389231647843 -3.468083280352313 -3.831301942610259 -3.919223056781745 -3.9631836138674883 -4.148601409100424 -4.275695296912671 -4.295064057212826 -4.306815889305054 -4.4132352576957885 -4.434780283198207 -4.458283947382664 -4.502244504468407 -4.6526244299448845 -4.787335245965057 -4.840000863859858 -4.791252523329133 -4.7374987728332005 -4.7766715464739615 -4.985593005891355 -5.50702614835393 -6.081342535231534 -6.4630594517087285 -6.5862360621569 -6.688738153183557 -6.536399589025043
1.972362098788731 1.0426616043813328 0.08662830102653452 -0.3205509183171551 -0.6828990744941954 -0.4339343353551357 -0.43197569667309765 -0.79606486501195 -1.338172526896039 -1.7941000867704533 -2.040235681146569 -2.1427377721732275 -1.8772334174969574 -1.7296826367834237 -1.739475830193614 -2.0374065363836253 -2.57733793306545 -3.155571597307129 -3.51791975348417 -3.631085544001924 -3.7296703576645065 -3.9388094436021257 -4.12923264880027 -4.1340204322452525 -4.0539338728019185 -4.160353241192652 -4.274607164311539 -4.300069467178034 -4.600829318130989 -4.852840828553219 -4.980805222446373 -4.943591087487649 -4.911382362494134 -4.960130703024859 -5.001262115347659 -5.2552322644519265 -5.773618635631332 -6.1446718526174315 -6.438685281443366 -6.565779169255613 -6.550110059799309 -6.300057188059117
1.977367508753939 1.0827048841029998 -0.02370834472827621 -0.3830097296221464 -0.5823556221495751 -0.34993049854772584 -0.3645114754028982 -0.787359804202892 -1.3303379721678865 -1.7932295806895473 -2.0432824524297395 -2.021737426927321 -1.7072671052000994 -1.443503762685641 -1.4709247042341738 -1.7991054967356617 -2.3947492825954573 -2.972982946837137 -3.34991207986935 -3.477876473762503 -3.650671930822305 -3.8567642454767537 -4.026512931253386 -3.9309748888739735 -3.832172448691165 -3.8957193925972886 -4.009973315716175 -4.22672932986172 -4.568620593137474 -4.960130703024859 -5.066550071415594 -4.97297066771822 -4.949467003533764 -5.033470840341174 -5.199519875273955 -5.453272397857997 -5.728787572464684 -6.053921593683 -6.189720542304306 -6.273724379111716 -6.07241984790225 -5.503108870989854
2.4030449823168767 1.3590905647905922 -0.043294731548656706 -0.37321653621195594 -0.21609018860845852 -0.11750537494587654 -0.32163905091828715 -0.7316474150249206 -1.2678791608628952 -1.7335999141474998 -2.0265252103723026 -1.9514440608941772 -1.5725562891799263 -1.3048756693013919 -1.3762571679356679 -1.7483985175228987 -2.3479595807467706 -2.961231114744909 -3.3577466345975022 -3.5050797887908094 -3.6515424369032106 -3.8606815228408298 -3.946426371810052 -3.7766776860334197 -3.6798338845326493 -3.7366344063117527 -3.913347140735631 -4.169275928521937 -4.458283947382664 -4.829337164368763 -5.022807140850077 -5.028465430375965 -4.9768879450822965 -5.038258623786155 -5.222805912938186 -5.428898227592635 -5.68178024409577 -5.825413747445228 -5.879167497941161 -5.7374926332737415 -5.3361893299761665 -4.659370852071904
2.462674648858924 1.5954329657565176 0.07792324021747632 -0.2961767480517925 -0.0021633192258572187 0.012417657629314682 -0.18083469233177363 -0.6193521305880718 -1.1721234919632568 -1.7083552378012317 -2.0754911774232543 -2.042194319828607 -1.5431767089493555 -1.3098810792666002 -1.5294662381750892 -1.8820212009419395 -2.414335669415838 -3.0138967326397097 -3.4347864227576657 -3.627168266637848 -3.701378910035068 -3.8391364973384112 -3.8898434765511745 -3.8215087492000688 -3.7277117189824684 -3.7005084039541623 -3.870257089730794 -4.1261858775171 -4.40453019688673 -4.661329490753943 -4.917258278540249 -5.00604989879264 -4.971882535117087 -5.062850420571744 -5.210183574765051 -5.382108525743948 -5.4837401106897 -5.569484959658922 -5.4210636728644825 -5.091141868201182 -4.48548726241097 -3.789300024206554
1.775192471463566 1.2809626440292963 0.08858693970857257 -0.0948722168423255 0.14038205152246785 0.09838013311876281 -0.16233643811252518 -0.6036830211317674 -1.1222870188313996 -1.64959607734009 -2.0685271287760076 -2.0774498161052923 -1.6663533193975266 -1.5451353476313936 -1.8206505222380802 -2.2199951868536174 -2.698555904831583 -3.154483464705997 -3.520748898247114 -3.7503448770860195 -3.827384665246183 -3.826514159165277 -3.9348921662380496 -4.03543561858267 -4.0110614483173075 -3.9640541199483943 -3.9690595299136024 -4.076349404385242 -4.278524441675615 -4.490492672376178 -4.708336819122856 -4.992339428018374 -5.003220754029696 -4.992339428018374 -5.031512201659135 -5.130097015321717 -5.196473103990785 -5.0558863719244975 -4.729664218105048 -4.2199829077347 -3.382120804862865 -2.6848454340573165
1.5643123733641353 1.16975549219358 0.147128473649488 -0.013915151318085961 0.11992515862118136 0.14516983496744995 -0.23067116546363087 -0.709231883441596 -1.220001326413076 -1.739475830193614 -2.1155344571449213 -2.1007358537695224 -1.9699423151134254 -1.943609506166025 -2.212160632125465 -2.623257128833231 -2.9562257047797003 -3.195614877028796 -3.4611192317050663 -3.667211546359515 -3.794087807651536 -3.9368508049200877 -4.031518341218594 -4.079396175668413 -4.123356732754156 -4.227817462462852 -4.235652017191004 -4.17711048325009 -4.220853413815606 -4.325531770044529 -4.500285865786369 -4.8117094162304195 -4.875256360136543 -4.873297721454506 -4.84783541858801 -4.769707497826715 -4.622374343633408 -4.2121483530065476 -3.698549765272124 -2.924016979786186 -2.368416473648057 -2.0080269561530546
1.229167532215401 0.8561556765472647 0.017423067594523278 -0.022620212127143713 0.04571451522396153 0.03787996049580933 -0.39280292303233666 -0.9114069207319688 -1.3978021934380864 -1.8587351632777092 -2.210201993443427 -2.2698316599854746 -2.2707021660663806 -2.172987858484704 -2.2892004202856286 -2.7209714364149074 -2.974941585519175 -3.1614475133532434 -3.3449066699041414 -3.5392471524663622 -3.7327171289476766 -4.0110614483173075 -4.140766854372272 -4.108558129378757 -4.104640852014681 -4.163400012475823 -4.196479243550243 -4.222812052497644 -4.287447129004899 -4.202355159596358 -4.315738576634338 -4.514866842641541 -4.56274467709136 -4.531406458178751 -4.3731919779741215 -4.169275928521937 -3.7257530803004304 -3.2415340727965773 -2.7453456066802695 -2.1026944924515605 -1.9192353359006624 -2.414335669415838
