static/data/ASCData/20210126/ASCU/03.asc
ncols 97
nrows 97
xllcorner 99.0
yllcorner 2.0
cellsize 0.25
NODATA_value -32767
[rows 0 to 18 of 97, columns 43 to 85 of 97]
0.4194291963091654 -0.7592719655815998 -1.4183328555864447 -1.6255414375222632 -1.8491405420526144 -1.7348115881524802 -1.2260983313295817 -0.986715760597088 -0.7347873577551993 -0.49176244866836516 -0.35982885938891807 -0.3861346363924889 -0.07471470709637096 0.35892590920095246 0.7632254665327549 0.9332012564019809 0.7417761406683048 0.21829117829724742 -1.2817451672986735 -1.5609911077981167 -0.9369371364211003 -0.2817209369013929 -0.23963169369567972 -0.319763137491172 -0.5326375790892981 -0.48083543360534353 -0.12348157061837517 0.3277636810582609 0.641207131662346 0.8472016008133845 1.016165630028627 1.0171773906826105 0.9232860019929428 0.8969802249893721 1.1723814750036778 2.061112033462775 2.1685610149158214 1.7466568222047063 0.5972967192794627 -1.0160568195626092 -2.282781158349938 -1.8979074055746183 -1.7876254942904182
0.6098425513888577 -0.34525950597155597 -1.3667330622332865 -2.2504048174224662 -2.6097822017174015 -2.2143861381406538 -0.8217987739977795 -0.4711225313271019 -0.8159305622046751 -1.1263387308468096 -1.2406676847469438 -1.1898772999169727 -0.5453857633294901 0.23488405302257664 0.8579262637456093 1.1098546665874984 0.7075786305636629 -0.6860204942331951 -1.4925960875888327 -1.45354212634507 -0.893026724038217 -0.4223556678050977 -0.3159184470060348 -0.18499661838057113 -0.29932557228070555 -0.17730723741029664 0.08352465918664675 0.236907574330544 0.32270487778834367 0.6312918772533078 0.8492251221213514 0.8237287536409674 0.9066931272676135 1.0289138142688192 1.136160443591069 1.2290400716267533 0.7943876946754465 0.3852316862045231 -0.47213429198108536 -1.340224933098919 -1.9535542415437104 -1.3452837363688368 -1.5014995813438874
0.4028363215838362 -0.5209011555030896 -1.8139312712939888 -2.7659980466924523 -2.783602682071765 -2.0257939522381316 -1.031637933633955 -0.9956192543521427 -1.229943021814719 -1.1704514953604896 -0.9369371364211003 -0.6829852122712445 -0.03464898519862469 0.5513627855886121 1.018998559859781 1.219327169348512 0.5972967192794627 -0.9848945914199179 -1.4849067066185582 -1.1372657459098312 -0.6293618976101196 -0.43308033073732277 -0.45351789594778924 -0.3470806751487263 -0.0121878986801911 0.08554818049461366 0.2221358687823849 0.34233303447562324 0.41760802713199485 0.6470753434554504 0.7407643800143213 0.9214648328157726 1.1011535249632405 1.221148338525682 1.103986454794394 0.617734284489929 -0.05994300154821186 -0.6947216358574531 -1.604901520181 -2.3647337713226 -1.9683259470918693 -0.9877275212510717 -1.1166258285685682
-0.39989458128666433 -0.7309426672700621 -1.8550087538457185 -2.329524500563975 -2.4183570859837253 -1.7036493600097886 -1.3052180144710905 -1.2534158689871358 -1.120672871184502 -0.9593982229395339 -0.3353442515625178 -0.3169302076600182 0.09323756146488815 0.9868245710631061 1.4311898502926543 1.355105449113096 0.588393225524408 -1.08647536107986 -1.5298288796554251 -1.1860326094318354 -0.5239364374650402 -0.26796099200721724 -0.35982885938891807 -0.396859299324714 0.04447069794288394 0.19481833112483082 0.34233303447562324 0.5531839547657826 0.6978657282854215 0.8237287536409674 0.6665011480119332 0.8385004591891265 1.0728242266517025 1.1695485451725243 0.7660583963639085 0.4184174356551815 -0.37945701607619786 -1.7161951921191838 -2.440818172502159 -2.1059253960336237 -1.4966431302047667 -0.8021706173104997 -0.9213560223497548
-1.3432602150608697 -1.4594103381381742 -0.7378226397171497 -1.1421221970489521 -1.8930509544354979 -1.5140454134532826 -1.1566915504663142 -1.031637933633955 -0.9175113318646175 -0.7738413189989619 -0.23376348190257534 -0.34323598466358884 -0.23578700321054225 0.7162797721879208 1.283675146941862 1.1948425615221114 0.6675129086659166 -0.8003494481333293 -1.359853089786199 -1.0982117846660686 -0.43692502122246 0.029901344525522067 -0.025947843574366747 -0.28758914869449703 -0.005307926233103721 0.19299716194766026 0.4849912866872952 0.7017104187705585 1.0327585047539563 1.2328847621118904 0.9048719580904434 0.6606329362188292 0.8911120131962678 0.8219075844637973 0.42044095696314887 0.17539252656834758 -0.688044015541162 -1.9282602251941232 -1.9428295786114855 -1.5755604612154788 -1.1605362409514515 -0.7924577150322583 -0.8470927903473666
-1.6107697319741043 -1.62635084604545 -0.9027396263164584 -0.5757385829489947 -1.4037635021690824 -1.428248109995483 -0.9701228858717588 -0.8304999156220374 -0.9662781953866215 -0.8228105346517629 -0.2845538667325467 -0.05994300154821186 0.03475779566464254 0.31015904567894825 0.8793755896100595 0.781841862566051 0.40384808223781965 -0.47213429198108536 -1.1303857734627436 -0.8871585122451127 -0.3100502352129304 0.15677613053505146 0.21343472715812695 -0.10405576606189193 -0.005307926233103721 0.1802489777074685 0.4732548631010869 0.931177735094014 1.3130162059073829 1.6195796840643801 1.0268902929608523 0.705555109255696 0.73287264691325 0.6636682181807796 0.0845364198406302 -0.25541515989782226 -0.8950502453461839 -1.4517209571678997 -1.4662903105852618 -1.2554393902951029 -0.9213560223497548 -0.7465237813414078 -0.7817330521000332
-1.1919008212249398 -1.3090627049562278 -1.0990211931892553 -0.7465237813414078 -1.1781408763307641 -1.2337877122998562 -0.7807212914460497 -0.667404098199899 -0.8149188015506916 -1.0073556779383512 -0.47314605263506904 0.43015385924139027 0.7749618901189632 0.6304824687301211 -0.057110071717058286 -0.20644594424502127 -0.04921833861598701 -0.526769367296194 -1.02091327070173 -0.8266552251369002 -0.251368117281888 0.09323756146488815 0.18611718950057243 0.1146868873293383 0.022009611424450792 0.20068654291793475 0.4584831575529278 0.9214648328157726 1.5404600009228715 1.8237529840382485 1.1304945839287615 0.7075786305636629 0.7435973098454753 0.5074523732057288 -0.14391913582884142 -0.5014753509466066 -0.6040678812605325 -0.9984521841832965 -1.2026254841571646 -1.0308285251107683 -0.7914459543782746 -0.5298046492581443 -0.5775597521261651
-0.34525950597155597 -1.1498115780192266 -1.0688707257005474 -0.8041941386184666 -0.9126548807254966 -0.963445265555468 -0.4243791891130648 -0.23376348190257534 -0.2865773880405136 -0.505320041431744 -0.7445002600334407 0.1577878911890349 0.7065668699096794 0.4097162940309236 -0.3373677728704847 -0.8228105346517629 -0.8266552251369002 -0.8725891588277506 -0.6732723099930031 -0.6273383763021527 -0.6860204942331951 -0.4711225313271019 -0.008343208195054075 0.28668619850653165 0.14706322825681006 0.19583009177881427 0.47912307489419126 1.010297418235523 1.7124593121000644 1.8482375918646485 1.2535246794531538 0.7925665254982759 0.34030951316765634 0.003393215391154669 -0.20361301441386725 -0.2983138116267221 -0.30620554472779316 -0.6763075919549535 -0.9565652931083801 -0.9877275212510717 -0.7230509341689908 -0.21919412848521302 0.07765644739354238
0.44573497331273604 -0.5658233285399565 -0.9126548807254966 -0.7679731072058578 -0.8491163116553335 -1.1235058010156558 -0.2544033992438388 0.2974108614387565 0.25532161823304333 -0.19976832392873023 -0.8217987739977795 -0.7495590633033582 -0.07572646775035441 -0.0834158487206289 -0.44380499366954784 -0.918523092518601 -1.1372657459098312 -1.0630025139074433 -0.7416673302022869 -0.9300571639740127 -1.08647536107986 -0.9175113318646175 -0.4037392717718016 0.1371479738477719 0.2787944654054604 0.43602207103449464 0.8306087260880552 1.3198961783544707 1.566968130057239 1.4556744581190548 0.9390694681950853 0.3012555519238935 -0.3256313492842762 -0.5834279639192692 -0.4126427655268563 -0.18398485772658768 -0.45554141725575614 -0.7699966285138247 -0.9741699284876928 -1.0170685802165929 -0.7094933414056119 0.0727999962544219 0.843356910328247
0.5962849586254793 -0.3100502352129304 -0.837379888069125 -0.9877275212510717 -1.1411104363949685 -1.2406676847469438 -0.6587029565756408 -0.33149956107738054 -0.2454999054887841 -0.3110619958669141 -0.4682896014959481 -0.765140177374704 -0.7212297649918205 -0.7260862161309414 -0.7983259268253624 -0.9027396263164584 -1.0053321566303843 -1.1694397347065062 -1.1880561307398025 -1.3588413291322154 -1.3588413291322154 -1.1156140679145845 -0.7016016083045409 -0.19673304196677988 0.2994343827467234 0.6919975164923171 1.0572431125803567 1.2984468524900206 1.282663386287878 0.9965374733413475 0.3706623327871612 -0.14796617844477566 -0.5122000138788316 -0.6186372346778948 -0.5083553233936944 -0.5219129161570732 -0.8169423228586585 -0.8383916487231087 -0.9175113318646175 -0.9389606577290674 -0.6410983211963281 0.06389650249936718 1.044494928340165
0.7642372271867384 -0.6576911959216574 -1.4956313695507832 -1.7192304740811344 -1.6097579713201209 -1.3070391836482607 -0.918523092518601 -0.6605241257528112 -0.688044015541162 -0.7679731072058578 -0.7378226397171497 -0.8353563667611581 -0.99946394483728 -1.0834400791179097 -1.0854636004258766 -1.1069129262903266 -1.267985222404498 -1.7054705291869587 -1.6732965403902837 -1.5747510526922919 -1.3228226498504032 -1.0415531880429931 -0.7378226397171497 -0.34606891449474264 0.09809401260400907 0.5171652754839702 0.8724956171629716 0.9829798805779686 0.8101711608775886 0.6059978609037207 0.12156685977642612 -0.46039786839487706 -0.8177517313818454 -0.9262124734888755 -0.9037513869704419 -0.8159305622046751 -0.9272242341428589 -0.9409841790370344 -1.0170685802165929 -0.8422363392082459 -0.2572363290749924 0.42044095696314887 1.4674108817052636
0.3959563491367484 -1.0267814824948343 -1.8236441735722304 -1.9193567314390685 -1.4974525387279534 -1.2289312611607355 -0.6321948274412734 -0.2367987638645257 -0.4203321464971308 -1.0532896116292016 -1.3284885095127108 -1.2768887161595528 -1.1176375892225516 -1.2143619077433732 -1.347104905546007 -1.4575891689610039 -1.7143740229420135 -2.0043446263736815 -1.8422605696055265 -1.370577752718424 -1.031637933633955 -0.6995780869965738 -0.44582851497751474 -0.26310454086809676 -0.18216368854941756 0.0727999962544219 0.1606208210201885 0.19684185243279773 0.06895530576928444 0.0727999962544219 -0.3177396161832051 -0.918523092518601 -1.293481590884882 -1.3968835297219946 -1.336380242613782 -0.9828710701119507 -0.9575770537623636 -0.9859063520739013 -1.0609789925994761 -0.8968714145233543 -0.3511277177646601 0.41760802713199485 1.4712555721904006
0.13047035353148084 -0.6939122273342664 -1.5033207505210577 -1.5249724285163042 -1.1459668875340894 -0.8695538768658 -0.41446393470402665 -0.247523426796751 -0.7631166560667371 -1.394050599890841 -1.6645953987660258 -1.6429437207707793 -1.4351280824425705 -1.2465358965400481 -1.3608648504401823 -1.5278053583474582 -1.801183087053797 -1.9321049156792605 -1.6352543398005048 -1.0795953886327725 -0.7485473026493747 -0.48771540605243113 -0.6245054464709989 -0.547409284637457 -0.6694276195078659 -0.9359253757671169 -0.9047631476244256 -0.9545417718004132 -0.9300571639740127 -0.8187634920358289 -1.112781138083431 -1.58345219431655 -1.7036493600097886 -1.7611173651560508 -1.5589675864901495 -1.1919008212249398 -1.1372657459098312 -1.1342304639478809 -1.2016137235031812 -1.182997327469885 -0.7679731072058578 0.28182974736741073 1.080513607621977
-0.14897793909875912 -0.5599551167468524 -0.9320806852819796 -1.0640142745614267 -0.8519492414864873 -0.6898651847183324 -0.48488247622127734 -0.6597147172296243 -1.131397534116727 -1.6138050139360547 -1.7973383965686596 -1.7611173651560508 -1.5482429235579245 -1.3110862262641947 -1.1372657459098312 -1.2544276296411194 -1.125529322323623 -1.4175234470632578 -1.4272363493414995 -1.0757506981476352 -0.6947216358574531 -1.1176375892225516 -1.4887513971036954 -1.5668593195912208 -1.828500624711351 -2.091356042616262 -2.2328001820431536 -2.185045079175133 -1.9272484645401398 -1.8501523027065978 -1.962457735298765 -2.118673580273816 -2.118673580273816 -1.9828953005092316 -1.7914701847755554 -1.4946196088967998 -1.3647095409253196 -1.3549966386470782 -1.4458527453747956 -1.4351280824425705 -1.0961882633581017 0.023021372078434243 0.530722868247349
-0.3930146088395765 -0.36266178922007186 -0.41446393470402665 -0.5415410728443528 -0.5561104262617151 -0.9555535324543967 -0.9848945914199179 -1.0239485526636805 -1.312907395441365 -1.6830094426685254 -1.7845902123284678 -1.7250986858742385 -1.4818714246566076 -1.163571522913402 -0.9741699284876928 -1.031637933633955 -0.5658233285399565 -1.229943021814719 -1.6567036656649545 -2.03753037582434 -1.7953148752606927 -2.322644528116887 -2.778746230932644 -2.900764565803053 -3.0288534645973626 -3.200650423643759 -3.0492910298078293 -2.9691595860123368 -2.683033673065806 -2.5883328758529514 -2.4790627252227346 -2.3774819555627924 -2.3305362612179583 -2.1878780090062864 -2.0122363594747528 -1.8343688365044555 -1.6332308184925377 -1.6674283285971796 -1.5980215477339121 -1.5854757156245172 -1.3432602150608697 -0.396859299324714 -0.0014632357479662517
-0.6704393801618493 -0.3353442515625178 -0.13622975485856692 -0.130361543065463 -0.3812781852533682 -0.9213560223497548 -1.5025113419978708 -1.5551228960050123 -1.4067987841310328 -1.6615601168040754 -1.7700208589111055 -1.6469907633867131 -1.399918811683945 -1.3452837363688368 -1.1674162133985393 -1.3529731173391113 -1.0004757054912636 -1.8892062639503604 -2.9017763264570364 -3.2836147972704053 -3.043422818014725 -3.52967498831919 -3.791518645570117 -3.7621775866045954 -3.8285490855059123 -3.6937825663953117 -3.524818537180069 -3.327525209653289 -3.0551592416009337 -2.9017763264570364 -2.740704030342865 -2.6253633157887473 -2.5247943067827885 -2.3813266460479294 -2.226931970250049 -2.1332429336911782 -1.9234037740550023 -1.8149430319479722 -1.736835109460447 -1.4925960875888327 -1.2455241358860647 -0.8978831751773377 -0.7503684718265451
-0.8968714145233543 -0.6089243323996532 -0.12833802175749565 0.0054167366991215715 -0.21130239538414175 -0.7230509341689908 -1.3764459645115281 -1.7562609140169299 -1.568882840899188 -1.7113387409800631 -1.7827690431512975 -1.6010568296958627 -1.5755604612154788 -1.5923556880716048 -1.801183087053797 -2.010212838166786 -2.360889080837463 -3.401788441655677 -4.223135740559473 -4.186914709146865 -3.9564356321694256 -4.023009483201539 -4.039602357926869 -3.9839555219577765 -3.8627465956105542 -3.7279800764999536 -3.5620513292466613 -3.3461416056865847 -3.1713093646782378 -3.004368856770962 -2.897931635971899 -2.7710568499623696 -2.6654290376864935 -2.5863093545449845 -2.457411047227488 -2.31879983763175 -2.1156382983118656 -1.9497095510585731 -1.6781529915294047 -1.3958717690680111 -1.2554393902951029 -1.3187756072344694 -1.6314096493153674
-1.257260559472273 -1.0737271768396681 -0.5550986656077317 -0.19572128131279642 -0.039505436337745614 -0.5298046492581443 -1.2993498026779862 -1.8021948477077805 -1.7358233488064636 -1.8129195106400053 -1.722063403912288 -1.5160689347612495 -1.617649704421192 -1.9252249432321726 -2.2904705393202125 -2.634266809543802 -3.5707524708709197 -4.308123635494086 -4.389064487812766 -4.237705093976835 -4.109818547313322 -4.103950335520219 -4.017141271408435 -3.94085451809808 -3.7680457983977 -3.625387546186028 -3.4711952225189444 -3.3481651269945516 -3.3305604916152394 -3.1830457882644465 -3.1253754309873876 -3.014081759049204 -2.907644538250141 -2.8159790229992367 -2.629410358404681 -2.4418299331561424 -2.249393056768483 -1.9926082027874732 -1.6957576269087173 -1.4721585223783662 -1.3305120308206777 -1.6781529915294047 -2.5181166864664974
-1.6204826342523457 -1.6079368021429503 -1.221241880190461 -0.8812903004520085 -0.8266552251369002 -1.4310810398266365 -2.143967596623403 -2.4964650084712505 -2.3892183791490007 -2.2777223550800203 -2.045422108925411 -2.0972242544093658 -2.2943152298053495 -2.4808838943999048 -2.663607868509323 -3.085512061220438 -3.978896718687859 -4.299220141739031 -4.341309384944745 -4.258345011318099 -4.141992536109997 -4.030698864171814 -3.932153376473822 -3.8364408186069836 -3.7221118647068496 -3.648860393358445 -3.586333584942265 -3.521985607348915 -3.539590242728228 -3.428094218659248 -3.337440464062327 -3.2386926242335385 -3.1215307405022505 -2.9653148955271997 -2.744548720828002 -2.536530730368997 -2.3685784618077377 -2.1577275415175787 -1.9642789044759354 -1.8833380521572562 -2.018104571267857 -2.498488529779218 -3.2065186354368636
