static/data/ASCData/20210126/ASCU/06.asc
ncols 97
nrows 97
xllcorner 99.0
yllcorner 2.0
cellsize 0.25
NODATA_value -32767
[rows 0 to 18 of 97, columns 0 to 41 of 97]
1.4323683520958217 1.267239088738048 1.7936578813215553 1.9060344404120135 1.530116010002907 1.0963469249140965 0.9959394667918531 1.3991208494063372 2.2409476175040894 2.415829481650779 2.002673848229449 1.7371371267494315 2.3582004769890053 3.420569012927006 3.090532136229388 2.773129310553774 2.5446081420680495 2.3610819272220938 3.266300600447797 4.660922513262715 4.576030556395564 2.8043819630818896 0.13748894734935835 -1.99345432502868 -1.5783038414459813 -1.4435406305446035 -1.4025353772275722 -1.394777626600026 -1.311658869876314 -1.2043802611982435 -1.5450563387564966 -1.5774172413742618 -1.372390974789106 -1.4962933348119192 -1.544169738684777 -1.2023854110368744 -1.3078908195715058 -1.513803686228381 -1.4151694282495764 -1.2345246636367095 -1.047008748468016 -0.6702037179871896
1.0125632181365951 1.0690839727087194 1.599270815597035 1.8191476333834937 1.6588946704201777 1.7342556765163426 2.013534699108014 2.6374794995806767 3.774100791525193 4.227375078191834 3.8434772471372516 3.139516790191896 3.243027348565158 3.7878430926368467 3.674579933474669 4.199003875896807 4.547659354100537 4.4499116961934515 4.937320085621298 5.3396148681640625 4.95483043703776 3.3121821541592857 0.7634285979833901 -1.448416930939061 -1.0108797955454427 -1.1223697545641813 -1.1369986557475547 -1.2668855662544747 -1.3147619701273328 -1.34202492233271 -1.5372985881289503 -1.7726909071705017 -1.7130670523473592 -1.785324958192506 -1.815691010648902 -1.613546194296835 -1.635932846107755 -1.6682937487255198 -1.3331589216155142 -0.8000906284941098 -0.42705364831809156 -0.05778471844688182
0.8981918088847678 1.237094686299582 1.7956527314829245 2.0857926049531605 2.5007214385179295 2.9763823769954905 3.3738008591437976 3.8328380462766165 4.7263092685520345 4.971454188382502 4.502664400460768 3.4996980693279798 3.4899454685390645 4.101256217989723 4.012374560799833 4.481164348721567 4.962588187665306 4.914711783792448 4.689293715557742 4.529040752594426 4.231143128496642 2.767366410087597 0.35027296456206036 -1.2278751630988127 -0.832229881093945 -0.890745485827438 -0.706332670909763 -0.8947351861501762 -1.2932619183881326 -1.4710252327679108 -1.3537723732829947 -1.657432897846955 -1.707304151881182 -1.7150619025087284 -1.659427748008324 -1.3362620218665329 -1.1223697545641813 -1.2852825177426563 -1.2161277121485283 -0.7083275210711322 -0.14378492540368204 0.33475746330696765
1.2029605835383776 1.6061419661528618 2.074931754074596 2.199942364187058 2.579850494918903 3.2292850474535038 3.570182775029687 3.8660855489661006 4.394277541693048 4.677546264607457 4.363024889164931 3.4801928677501484 3.3620534081935127 4.053379814116864 4.252643180235843 4.426638444310813 4.740051569663688 4.163761523045954 4.0241220117501175 4.117879969334465 3.2350479479196816 1.76240522879344 0.19600455208285128 -0.8107298293547449 -0.6604511171982741 -1.047008748468016 -0.9113589374949185 -0.9552456410450383 -1.2952567685495016 -1.4592777818176261 -1.2824010675095676 -1.361530123910541 -1.3606435238388217 -1.3801487254166527 -1.2571329654655594 -0.9219981383555536 -0.4104298969733493 -0.7229564222545053 -0.7872349274541757 -0.6633325674313628 -0.14467152547540163 -0.35967204286740273
1.3962393991732487 1.649142069631262 2.068060603518769 2.193071213631231 2.193071213631231 2.668732152108792 2.8660006680664014 3.000763878967779 3.409929812066371 3.525187821389918 3.210666445947393 3.243913948636877 3.317058454553744 3.8767247498267356 4.447916846032083 4.591546057650657 3.813332844698785 3.155918891518708 3.5905745766792374 3.880714450149474 2.6334897992579385 0.3766493166957181 -1.1828802094590434 -0.4846826529798651 -0.3926978955389575 -1.0217406464240077 -1.1897513600148704 -1.2043802611982435 -0.9632250416905147 -1.0696170502968656 -1.0255086967288158 -1.0157560959399006 -1.029498397051554 -0.9592353413677766 -0.8244721304663987 -0.6535799666424473 -0.06465586900270859 -0.24640888370522473 -0.6458222160149008 -0.5529508585022735 -0.8683588340165183 -1.1310141052634473
1.3348423442066668 1.3893682486174215 1.862147736861894 2.3415767256442632 2.3415767256442632 1.9352922427787602 1.831781684405498 1.9840552467233379 2.1569422607086577 2.272200270032205 2.272200270032205 2.4723502362229026 3.083660985673561 3.487950618377695 4.055374664278233 3.791832792959585 3.011403079828414 2.5339689412074144 3.2146561462701313 3.504574369722437 1.8738951878121783 -0.38693499507278006 -1.553035739401973 -0.7132038214655898 -0.7072192709814826 -1.0822511013188698 -1.2502618149097324 -0.8419824818828605 -0.599940662303412 -0.5735643101697541 -0.6447139659252514 -0.7287193227206827 -0.9446064401844032 -0.8732351344109761 -0.7579771250874292 -0.6458222160149008 -0.17791902816488636 -0.24330578345420628 -0.7278327226489631 -1.2688804164158438 -1.5851749920018081 -1.3185300204321408
1.2497287373215862 1.3102391922164482 1.8297868342441288 2.3415767256442632 2.4723502362229026 1.8951735895334485 1.0808314236590038 1.3787290477567864 1.5564923621365647 1.505734508030618 1.4831262062017685 1.5622552626027422 2.424473832350045 2.939145173983268 3.4030586615105443 3.1315373895464194 2.6951085042424503 2.3229581241381516 2.724366306609197 2.9938927284119523 1.569126413158569 0.6042838851097234 -0.5655849095242778 -1.3156485701990523 -1.5911595424859155 -1.5364119880572307 -1.2531432651428211 -0.8273535806994872 -0.5850901111021087 -0.5177085056514199 -0.5822086608690202 -0.7112089713042207 -0.988493143734523 -0.9864982935731539 -0.8663639838551493 -0.8546165329048647 -0.5968375620523934 -0.7599719752487983 -1.2677721663261945 -1.815691010648902 -1.655438047685586 -1.160493557648124
1.3337340941170175 1.571121263319938 1.9596737447510488 2.254689918615743 2.4275769326010637 1.9889315471177955 0.9070578096019637 1.2820896399393509 1.6998999237372088 1.5846419144136616 1.182347131870897 0.9988209170249416 1.7213999754764089 2.658979551319877 3.0827743856018412 2.9090007715448016 2.5018296886075793 2.5075925890737563 2.4938502879621027 2.7039745049596458 2.6775981528259885 1.9166736412726486 1.1335841279263197 -0.3175585394607221 -1.7795620577263287 -1.9817068740783954 -1.5539223394736925 -1.1378852558192742 -0.9474878904174919 -1.0744933506913235 -1.0217406464240077 -1.0403592479301191 -1.0891222518746968 -1.121261504474532 -1.0696170502968656 -0.9893797438062426 -1.088014001785047 -1.3342671717051637 -1.6184224946912928 -1.6496751472194084 -1.4251436790564218 -0.7814720269879984
1.4793581558969602 1.7830186804609203 1.883647788601094 1.9900397972074448 1.9149004411292094 1.4871159065245068 0.7937946504397861 1.3609970463223946 1.651136919792631 1.4401261027233683 1.0877025742148305 1.0378313201806035 1.5221366093574304 2.548597842390788 3.1131404380582377 3.012511329918064 2.718603406143019 2.8493769167216594 2.9480111747004636 3.060387733790922 3.083660985673561 3.1412899903353346 2.946016324539095 2.150071110152831 -0.30004818804426003 -1.6017987433465506 -1.7199382029031862 -1.301019669015679 -1.110622303613897 -1.3342671717051637 -1.3741641749325453 -1.391896176366937 -1.2327514634932704 -1.1780039090645857 -1.1691379083473898 -1.1760090589032166 -1.3526641231933452 -1.5372985881289503 -1.346901222727168 -1.2970299686929407 -1.2063751113596126 -0.7247296223979445
1.3248680933998216 1.7078793243826849 1.9822820465798987 2.0906689053476186 1.8885240889955517 1.375847597523698 0.9451816126859063 1.6276420178920619 1.693028773181382 1.4226157513069064 1.3678681968782214 1.74001857698252 1.7145288249205821 2.2019372143484275 3.001650479039499 3.1481611408911614 2.7438715081870275 2.365071627544832 2.5018296886075793 2.7507426587428543 2.5457163921576993 2.602237146729823 2.895258470433148 2.829871715143828 1.2820896399393509 -0.7424616238323363 -1.4767881332340882 -1.3342671717051637 -1.0217406464240077 -1.027503546890185 -1.1975091106424167 -1.34202492233271 -1.068508800207216 -1.0157560959399006 -1.1866482597638517 -1.4016487771558528 -1.7150619025087284 -1.9553305219447377 -1.485654133951284 -1.1496327067695589 -1.0667356000637769 -0.8967300363115454
1.4217291512351866 2.0261687501300183 2.2584579689205513 2.172679411981681 1.8630343369336133 1.4137497505897105 1.032955019786146 1.7302659761936048 2.0173027494128224 1.7409051770542399 1.6628843707429155 2.1580505107983075 2.3670664777062016 1.8865292388341826 1.9791789463288798 1.9364004928684095 1.7692763793492667 1.638502868770627 1.7546474781658934 2.1638134112644853 2.3943294299115787 2.2750817202652933 1.7468897275383468 1.0251972691585993 0.4391546217519493 -0.43569799901735773 -1.192632810247959 -1.260014415698648 -1.0343746974460117 -0.9337455893058383 -1.0108797955454427 -1.098874852663612 -0.8761165846440648 -0.8293484308608563 -1.0031220449178964 -1.2287617631705323 -1.2003905608755054 -1.3030145191770481 -1.0979882525918927 -0.9592353413677766 -0.9007197366342834 -0.675966618453367
1.3523526956231287 2.0857926049531605 2.320963273976783 2.128571058413631 1.5926213150591382 1.125826377298773 0.9529393633134529 1.6442657692368043 2.106184406602712 1.8699054874894405 1.6482554695595426 1.742900027215609 2.30345292256032 1.7145288249205821 0.861176255890475 0.8239390528782522 1.0418210205033418 1.0378313201806035 0.830810203434079 1.1883316823550043 1.7741526797437244 1.9714211957013337 1.3787290477567864 -0.03451146656424253 -0.6662140176644515 -0.7903380277051943 -0.890745485827438 -1.049003598629385 -1.1682513082756703 -1.160493557648124 -0.9044877869390917 -0.7688379759659942 -0.7238430223262249 -0.7511059745316024 -0.8342247312553142 -0.6065901628413088 -0.37319269396112653 -0.5666931596139273 -1.1955142604810476 -1.1740142087418475 -0.9328589892341187 -0.46207435115101547
1.134470727998039 1.6568998202588086 2.041684251385111 2.188194913236774 1.742900027215609 1.0857077240534614 0.9500579130803639 1.558265562280004 1.9774057461854406 1.781910430371271 1.3219866431667326 1.297605141194444 1.8260187839393205 1.842642535284063 1.2838628400827905 0.8121916019279674 0.8356865038285366 0.08562284315376223 -0.24530063361557541 -0.17215612769870914 0.6120416357372696 0.8893258081675719 0.5885467338367008 -0.5968375620523934 -0.8898588857557184 -0.7765957265935406 -1.0002405946848076 -1.2267669130091634 -1.3234063208265987 -1.0939985522691544 -0.8889722856839988 -0.7140904215373094 -0.784353477221087 -0.8118380794443945 -0.6487036662479895 -0.33418229080546435 0.08185479284895392 -0.14954782586985949 -0.8967300363115454 -1.370396124627737 -1.1633750078812124 -0.784353477221087
1.0407127704136925 1.30647114191164 1.7136422248488623 2.2956951719327745 1.9470396937290446 1.1677182306875236 0.8347999037568172 1.134470727998039 1.5895182148081193 1.5886316147364 1.3162237427005552 1.043815870664711 1.1989708832156394 1.1502078792710617 1.3796156478285062 1.0857077240534614 0.4313968711244027 0.06811249173730038 -0.2745584359823219 -0.82159068023331 -1.0822511013188698 -0.37141949381768735 -0.14954782586985949 -0.5638117093808386 -0.5793272106359315 -0.5188167557410694 -1.1467512565364701 -1.403643627317222 -1.242504064282186 -1.0334880973742924 -0.878111434805434 -0.7160852716986785 -0.7599719752487983 -0.8976166363832649 -0.9219981383555536 -0.5001981542349578 -0.013898014896762012 -0.015892865058130923 -0.7765957265935406 -1.3537723732829947 -1.40741167762203 -1.132122355353097
1.0808314236590038 1.247733887160217 1.490883956829315 1.9304159423843026 1.8415342851944132 1.336615544350106 0.6882892419051547 0.5076444772922879 1.1023314753982039 1.1510944793427815 1.295610291033075 1.1688264807771733 0.8640577061235635 0.5730312325816076 0.6335416874764697 0.5885467338367008 0.1022465944985047 0.3396337637014253 0.16674674971610504 -0.5627034592911893 -1.77668060749324 -1.503164485367746 -1.4317931795943188 -1.148746106697839 -0.6203324639529626 -0.7189667219317672 -1.229648363242252 -1.381035325488372 -1.2130246118975094 -1.047008748468016 -0.8878640355943495 -0.8938485860784566 -0.9434981900947538 -1.0627458997410388 -1.0255086967288158 -0.7267244725593136 -0.2825378366277982 -0.14090347517059354 -0.44367739966283404 -1.077374800924412 -1.2345246636367095 -1.1788905091363053
1.1052129256312924 1.32797119365084 1.1657233805261549 1.56624496292548 1.8719003376508092 1.4051053998904446 0.5417785800534922 0.058359890948384674 0.7625419979116703 1.123831527137404 1.3044762917502708 1.208723484004555 0.9090526597633328 0.5349074294976655 0.04373098976501155 0.14812814820999343 0.16187044932164696 0.39925761852456754 0.8376813539899057 0.38462871734119464 -0.782358627059718 -2.019830677162338 -1.9748357235225686 -2.010964676445142 -1.4630458321224344 -1.2737567168103017 -1.6496751472194084 -1.6221905449961012 -1.4504117811004302 -1.2746433168820213 -1.0372561476791007 -1.0529932989521233 -1.1008697028249812 -1.153622407092297 -1.0441272982349274 -0.7668431258046251 -0.3273111402496376 0.013364937308615543 -0.19365617943790925 -0.6114664632357667 -0.7932194779382831 -0.7697245760377138
1.1092026259540306 1.2898473905668975 0.9188052605522485 0.9489496629907146 1.3592238461789554 1.5369871605587337 0.7995575509059631 0.006715436770718508 0.5934230342311584 1.0788365734976346 1.286965940333809 1.1599604800599774 0.9352073618790611 0.8990784089564876 0.22925205477233623 0.1168754956818776 0.11022599514398079 -0.17215612769870914 0.10424144465987384 1.1424501286435156 0.8795732073786566 -1.1095140535242471 -2.5491309199789343 -2.640894027401912 -2.3567387044157826 -2.0559596300849114 -2.2776096480148094 -2.156588738225085 -1.8704385650775868 -1.5510408892406038 -1.290158818137114 -1.0441272982349274 -0.9073692371721804 -0.9202249382121144 -0.901606336706003 -0.6125747133254162 -0.38782159514449965 -0.04515066742487761 0.06899909180901997 -0.31556368929935297 -0.31179563899454465 -0.1790272782545359
1.1785790815660886 1.3348423442066668 0.7545625972661942 0.5701497823485191 0.8494288049401906 1.1949811828929011 1.0114549680469458 0.20775200303313612 0.6082735854324617 0.8367947539181864 1.146218178948324 1.13247587783667 0.8299236033623596 0.8376813539899057 0.5506445807706881 0.3513812146517097 0.3717730163012605 -0.05778471844688182 -0.46207435115101547 0.1736179002719318 1.228228685582386 0.3396337637014253 -1.6436905967353013 -2.5832650227401386 -2.597007323851792 -2.382006806459791 -2.3352386526765825 -2.120238135284582 -2.0267018277181648 -1.635046246036035 -1.231643213403621 -0.9104723374231989 -0.7189667219317672 -0.5236930561355271 -0.5354405070858117 -0.5833169109586696 -0.5813220607973006 -0.521698205974158 -0.44655884989592254 -0.09878997176391291 0.31525226172913623 0.1676333497878244
1.2918422407282666 1.5779924138757648 1.0963469249140965 0.4285154208913142 0.37088641622954066 0.6395262379605771 0.7361656457780126 0.8826763076296751 1.237094686299582 0.8035472512287014 0.9646868142637373 1.1267129773704925 0.8620628559621948 0.5231599785473806 0.3522678147234295 0.016468037559633997 0.1414786476720966 0.08761769331513136 -0.32243483985517973 -0.5930695117475853 0.3631286656019945 0.42940202096303404 -0.608585013002678 -1.4874273340947233 -1.9650831227336532 -2.1339804363962354 -1.9659697228053727 -1.4581695317279766 -1.4495251810287106 -1.084245951480239 -0.7834668771493674 -0.8488536324386873 -1.1135037538469854 -0.82159068023331 -1.0099931954737231 -1.36441157414363 -1.5969224429520927 -1.4309065795225993 -0.6604511171982741 0.752789397122755 1.4022239496573556 0.6424076881936656
