static/data/ASCData/20210126/ASCU/09.asc
ncols 97
nrows 97
xllcorner 99.0
yllcorner 2.0
cellsize 0.25
NODATA_value -32767
[rows 38 to 56 of 97, columns 0 to 41 of 97]
-2.210914914393679 -2.8436791324212374 -1.2742188092348274 -0.6189953674192534 -0.4490864570229647 0.36237506331793234 1.0976705203777342 0.520566117824822 -1.0418146674284092 -1.1873113780551163 -1.729262212939831 -2.6044395746793363 -1.9570280367900286 -1.6872732293361503 -2.0683476677393213 -2.421836320402865 -2.59955713472542 -2.839773180458104 -2.948163347435047 -3.057530002402773 -3.222556472845146 -3.4959731102644613 -3.6131516691584533 -3.6551406527621344 -3.806496291333541 -4.189279583720582 -4.498826276798879 -4.38262420589567 -4.390436109821936 -4.274234038918728 -4.347470638227472 -4.124831376328887 -3.8182141472229403 -3.590692445370438 -3.542844533822058 -3.3328996158036555 -3.2928636081815412 -3.172755585315199 -3.0936600580617544 -3.498902574236811 -3.805519803342758 -4.03011204122291
-2.009758388292325 -2.7001353977760965 -1.0720857951426905 -0.4422510410874816 -0.3641320018248202 -0.461780800903147 0.012792362617521924 -0.3299549221474056 -1.4294803997693672 -1.4851402152440136 -1.8483937478153898 -2.456013400080279 -2.321258057352188 -2.066394691757755 -2.210914914393679 -2.460895840034196 -2.6552169502000664 -2.8661383562092526 -2.9296100756101646 -3.115142793858986 -3.2616159924764765 -3.452031150679214 -3.5682332215824233 -3.527220725969526 -3.6658820206607503 -3.9519930019602483 -3.9959349615454953 -3.8133317072690236 -3.592645421352005 -3.286028192246058 -3.2616159924764765 -3.2323213527529786 -3.4569135906331305 -3.353405863610104 -2.8856681160249176 -2.4823785758314276 -2.4882375037761273 -2.206032474439762 -1.9736283326333441 -2.6425226063198837 -3.1268606497483855 -3.5985043492967046
-1.9990170203937092 -2.5478032712139065 -1.207817625861565 -0.5506412080644245 -0.49400490459899493 -0.5936066796588886 -1.03009681153901 -1.5105289030043785 -2.028311660117207 -2.0556533238591386 -2.4452720321816632 -2.59955713472542 -2.4853080398037775 -2.419883344421298 -2.5604976150940892 -2.566356543038789 -2.75481872525996 -2.888597579997268 -2.922774659674682 -3.084871666144705 -3.1678731453612827 -3.3153228319695565 -3.2752868243474422 -3.233297840743762 -3.157131777462667 -3.3026284880893737 -2.69818242179453 -2.425742272365998 -2.183573250651747 -1.8513232117877396 -1.8728059475849714 -2.6015101107069865 -2.842702644430454 -3.1092838659142865 -2.6093220146332525 -2.1738083707439144 -2.1279134351771005 -1.711685429105732 -1.059391451262508 -1.5134583669767283 -2.2714571698222414 -2.7538422372691764
-1.9794872605780438 -2.2929399056194733 -1.2869131531150098 -0.7098087505620976 -0.6551254230782344 -0.9773664600367133 -1.4167860558891847 -2.0624887397946217 -2.4862845277945604 -2.4677312559696785 -3.023352922725359 -3.0614359543659067 -2.8407496684488875 -2.774348485075625 -2.708923789693146 -2.713806229647062 -2.7977841968544235 -2.912033291776066 -2.9169157317299828 -2.9784344751493284 -3.0321413146424083 -3.0155410187990928 -2.972575547204629 -2.6317812384212678 -2.5507327351862563 -2.077136059656371 -1.3679616563500212 -1.150204834405352 -0.8572584371703713 -0.6336426872810026 -0.9500247962947819 -1.682390789382234 -2.9491398354258305 -3.224509448826712 -2.734312477453511 -2.347623233103336 -2.1347488511125836 -1.6111071660550553 -0.813316477585124 -0.17957577156678228 -0.9344009884422495 -1.940427740946713
-2.0087819003015417 -2.1171720672784846 -1.59157740623939 -0.9158477166173674 -0.7576566621104777 -1.0808741870597398 -1.7194973330319983 -2.369105968900568 -2.7606776532046595 -2.6776761739880817 -3.2655219444396097 -3.242086232660811 -3.0077291148728262 -2.8671148442000356 -2.8016901488175567 -2.715759205628629 -2.763607117177009 -2.8514910363475034 -2.8378202044765377 -2.8378202044765377 -2.8202434206424387 -2.7753249730664082 -2.4677312559696785 -2.125960459195534 -1.5603297905343254 -0.9744369960643636 -0.43639211314278215 -0.22742368311516237 0.22566674460827452 0.11630008964054861 -0.26257725078336014 -1.4841637272532302 -2.752865749278393 -3.1766615372783322 -2.693299981840614 -2.2275152102369944 -1.955075060808462 -1.4880696792163635 -0.7576566621104777 0.12508848155759766 0.21199591273730878 -0.7967161817418085
-2.213844378366028 -2.0244057081540743 -1.6120836540458385 -0.7615626140736109 -0.6404781032164855 -1.2488301214744624 -1.9433572049190628 -2.520461607471975 -2.9130097797668495 -2.8993389478958838 -3.3045814640709406 -3.268451408411959 -2.9676931072507124 -2.8202434206424387 -2.786066340965024 -2.69818242179453 -2.651310998236933 -2.716735693619412 -2.6737702220249484 -2.6532639742184996 -2.595651182762287 -2.3378583531955037 -1.9970640444121426 -1.5349411027739603 -0.947095332322432 -0.35827307388012053 0.10360574576036585 0.5440018296036206 1.252932110912274 0.8310892988939016 -0.6063010235390709 -1.7849220284144773 -2.2460684820618764 -2.5321794633613743 -2.3046577615088726 -1.729262212939831 -1.5974363341840896 -1.3132783288661583 -0.765468566036744 -0.095597804359421 0.16805395315206173 0.11922955361289844
-2.3085637134720054 -2.082018499610287 -1.5476354466541427 -0.6814905988293827 -0.6805141108385995 -1.3689381443408044 -1.9287098850573137 -2.3915651926885833 -2.8944565079419675 -3.15810826545345 -3.3221582479050396 -2.979410963140112 -2.7099002776839294 -2.6640053421171155 -2.671817246043382 -2.6483815342645833 -2.589792254817587 -2.5497562471954733 -2.479449111859078 -2.4247657843752144 -2.254856873978926 -1.9853461885227432 -1.616966093999755 -1.1511813223961354 -0.6268072713455197 -0.02333769304145905 0.33405691158521744 0.7002399081289434 1.5890881017394145 1.5392872142094678 -0.36217902584325357 -1.5827890143223404 -1.6687199575112681 -1.5818125263315572 -1.7976163722946599 -1.7605098286448955 -1.7605098286448955 -1.4460806956126828 -1.031073299529793 -0.4910754406266451 0.014745338599088331 0.26374977624882234
-2.0478414199328725 -2.419883344421298 -1.790780956359177 -0.5857947757326223 -0.6404781032164855 -1.3689381443408044 -1.69313215728085 -1.7126619170965154 -2.2255622342554275 -3.132719577693085 -3.4100421670755336 -2.8007136608267733 -2.3778943608176175 -2.368129480909785 -2.5087437515825757 -2.577097910937405 -2.5683095190203553 -2.448201496154013 -2.263645265895975 -2.1396312910665 -1.8825708274928041 -1.6238015099352379 -1.3035134489583253 -0.8972944447924853 -0.461780800903147 -0.12293946810135248 0.13290038548386418 0.8750312584791486 1.5041336465412702 1.7912211158315516 0.2627732882580389 -0.9802959240090632 -0.9510012842855651 -0.7146911905160138 -1.3972562960735193 -2.0263586841356407 -2.456013400080279 -2.1923616425687964 -1.5027169990781124 -0.8025751096865081 -0.3006602824239075 0.2793735841013545
-1.8278875000089412 -2.290986929637907 -1.952145596836112 -1.0134965156956943 -1.0857566270136563 -1.5183408069306448 -1.389444392147253 -0.6697727429399836 -0.4236977692625996 -1.6120836540458385 -2.5155791675180588 -2.1230309952231843 -1.9540985728176787 -2.169902418780781 -2.4003535846056328 -2.3993770966148498 -2.368129480909785 -2.2568098499604923 -2.0517473718960058 -1.8288639879997244 -1.490999143188713 -1.3767500482670707 -1.2312533376403634 -0.8885060528754358 -0.5359938882026756 -0.49791085656212797 -0.08290346047923847 1.4494503190574073 1.0361517769583881 0.9394794658708445 0.6279797968109815 -0.2410945149861281 -0.7400798782763789 -0.8846001009123028 -1.4099506399537018 -2.175761346725481 -2.786066340965024 -2.6815821259512145 -2.3075872254812224 -1.762462804626462 -1.2361357775942798 -0.32116653023035635
-2.360317576983519 -2.334928889223154 -2.0556533238591386 -1.5652122304882417 -1.7302387009306142 -1.9238274451033974 -1.3581967764421885 -0.6404781032164855 0.07626408201843438 -0.6307132233086528 -1.6765318614375344 -1.805428276220926 -1.830816963981291 -2.394494656660933 -2.6171339185595186 -2.3739884088544847 -2.2724336578130244 -2.2821985377208573 -2.19333813055958 -2.045888443951306 -1.6111071660550553 -1.4245979598154508 -1.1980527459537322 -0.805504573658858 -0.5877477517141889 -0.7381269022948123 -0.5027932965160444 0.9570562497049435 0.49810689403680675 0.4610003503870428 0.385810775096731 -0.24500046694926136 -0.8152694535666907 -0.8201518935206069 -0.9812724119998465 -2.1972440825227126 -3.151272849517967 -3.1610377294258 -3.0262823866977087 -2.465778279988112 -1.5661887184790249 -0.49791085656212797
-2.8944565079419675 -2.382776800771534 -2.118148555269268 -2.0371000520342566 -2.099595283444386 -1.765392268598812 -1.1453223944514357 -1.0349792514929264 -0.8113635016035576 -1.2615244653546447 -1.9099124912347358 -2.118148555269268 -2.361294064974302 -2.865161868218469 -2.9247276356562484 -2.6561934381908494 -2.412071440495032 -2.334928889223154 -2.2001735464950625 -2.0224527321725074 -1.7087559651333821 -1.4773283113177473 -1.193170305999816 -0.8045280856680748 -0.6668432789676337 -1.0828271630413064 -1.113098290755588 -0.41881532930868315 -0.269412666718843 -0.15614005978798384 -0.5897007276957553 -1.1160277547279378 -1.3923738561196028 -1.3337845766726066 -1.7312151889213974 -3.0292118506700585 -4.308411118596141 -4.165843871941784 -3.847508786946438 -3.055577026421207 -2.002922972356842 -0.5867712637234055
-3.1376020176470014 -2.538038391306074 -2.3407878171678536 -2.0869009395642033 -1.5798595503499906 -1.2273473856772303 -0.443227529078265 -0.32311950621192276 -1.1365340025343862 -1.889406243428287 -2.440389592227747 -2.7362654534350774 -2.948163347435047 -3.038000242587108 -3.090730594089404 -2.8944565079419675 -2.70111188576688 -2.4862845277945604 -2.1923616425687964 -1.8181226201011085 -1.7780866124789945 -1.631613413861504 -1.3874914161656866 -1.0056846117694282 -1.0935685309399226 -1.4451042076218994 -1.707779477142599 -1.5105289030043785 -1.1375104905251696 -1.1257926346357703 -1.490999143188713 -1.6238015099352379 -1.9001476113269031 -2.4501544721355795 -2.96085769131523 -3.8846153305962026 -4.978281880273464 -4.699006314909449 -4.077959952771289 -3.325087711877389 -2.110336651343002 -0.6990673826634817
-2.932539539582515 -2.5839333268728875 -2.4423425682093134 -1.914794931188652 -1.4167860558891847 -0.2889424265345084 0.5195896298340386 0.9746330335390425 -0.07899750851610543 -1.2253944096956637 -1.951169108845329 -2.4452720321816632 -2.995034770992644 -3.084871666144705 -3.0682713703013893 -2.8749267481263017 -2.9159392437391993 -2.679629149969648 -2.230444674209344 -1.4626809914559984 -1.338667016626523 -1.5564238385711922 -1.3249961847555574 -1.4333863517325003 -1.5202937829122112 -1.563259254506675 -1.7595333406541123 -1.8620645796863555 -1.5691181824513747 -1.8278875000089412 -2.2900104416471234 -2.4247657843752144 -2.69525295782218 -3.2430627206515945 -3.6131516691584533 -4.271304574946377 -4.9206690888172515 -4.649205427379503 -3.9285572901814496 -3.4666784705409635 -2.2616922899144085 -1.124816146644987
-2.4345306642830473 -2.4648017919973286 -2.437460128255397 -1.903077075299253 -2.0429589799789563 -0.9138947406358009 1.2334023510966086 1.9494121703384413 1.2822267506357723 0.3086682238248524 -0.34948468196307103 -1.237112265585063 -1.9040535632900362 -2.9061743638313664 -2.889574067988051 -2.922774659674682 -3.035070778614758 -2.8661383562092526 -2.375941384836051 -1.3298786247094738 -0.4822870487095958 -0.8299167734284396 -1.5398235427278766 -1.6472372217140363 -1.4304568877601505 -1.4158095678984015 -1.6833672773730173 -1.8503467237969564 -1.6150131180181884 -2.1816202746701805 -2.6308047504304843 -3.012611554826743 -3.2830987282737087 -3.56725673359164 -3.901215626439518 -4.160961431987868 -4.683382507056917 -4.698029826918666 -3.908051042375001 -3.579951077471822 -2.773371997084842 -1.6345428778338538
-1.8366758919259905 -2.4862845277945604 -2.4023065605871996 -2.020499756190941 -2.34274079314942 -1.5681416944605915 0.6240738448478487 1.7336083243753384 1.4592151989652398 1.2490261589491412 1.393790503582761 0.41412892682944547 -0.8347992133823561 -2.0244057081540743 -2.9296100756101646 -2.9784344751493284 -3.1170957698405526 -3.0731538102553055 -2.6200633825318684 -1.570094670442158 -0.4158858653363333 -0.7849983258524094 -1.6150131180181884 -1.69313215728085 -1.3904208801380364 -1.3718676083131542 -1.7458625087831465 -1.9599575007623784 -1.6091541900734887 -2.110336651343002 -2.806572588771473 -3.245015696633161 -3.5145263820893433 -3.7430245719326285 -3.7557189158128113 -3.878756402651503 -4.654087867333419 -5.249989663708909 -4.370906350006271 -3.5301501899418755 -2.6991589097853135 -1.4997875351057626
-1.1765700101565004 -2.331999425250804 -2.6015101107069865 -2.18747920261488 -2.3700824568913514 -1.6374723418062036 0.14852419333639633 1.0185749931242896 1.002951185271757 1.0625169527095366 1.9162115786518101 1.9162115786518101 0.8613604266081829 -0.8621408771242876 -2.1708789067715646 -2.7479833093244768 -2.9383984675272146 -2.9755050111769785 -2.718688669600979 -2.1708789067715646 -1.378703024248637 -1.5066229510412454 -1.7312151889213974 -1.7214503090135647 -1.5740006224052911 -1.6384488297969868 -1.9677694046886445 -2.146466707001983 -1.8278875000089412 -2.1738083707439144 -2.965740131269146 -3.527220725969526 -3.792825459462575 -3.847508786946438 -3.7518129638496776 -3.541868045831275 -4.485155444927914 -5.096436927158241 -3.918792410273617 -2.825125860596355 -2.0908068915273366 -1.0945450189307058
-1.3835854642025534 -2.2509509220157926 -2.6063925506609027 -2.298798833564173 -2.2870809776747736 -1.3289021367186904 0.39948160696769675 1.0830232005159854 1.1386830159906318 1.5705348299145325 2.7882153544212693 3.0665144317945012 2.2648177913614376 0.4180348787925787 -1.0525560353270251 -1.7194973330319983 -2.210914914393679 -2.504837799619443 -2.481402087840644 -2.5517092231770397 -2.056629811849922 -1.9287098850573137 -1.7829690524329107 -1.6472372217140363 -1.6745788854559678 -1.8767118995481047 -2.2079854504213285 -2.273410145803808 -1.9335923250112301 -2.270480681831458 -2.858326452282986 -3.342664495711488 -3.7820840915639593 -3.958828417895731 -3.5291737019510925 -3.077059762218439 -3.1170957698405526 -2.9823404271124616 -2.425742272365998 -2.023429220163291 -1.8142166681379754 -1.58864794226704
-1.5583768145527588 -2.095689331481253 -2.528273511398241 -2.2402095541171767 -2.0800655236287207 -1.2605479773638617 0.10067628178801602 0.5732964693271185 0.5420488536220538 0.8672193545528826 1.5148750144398861 2.053896385352251 2.1925576800434756 1.1328240880459322 0.6846161002764113 0.4151054148202289 -1.0779447230873902 -2.3954711446517165 -2.13670182709415 -2.08592445157342 -1.8757354115573213 -1.914794931188652 -1.8278875000089412 -1.7741806605158612 -1.9423807169282794 -2.3124696654351387 -2.49507291971161 -2.027335172126424 -1.5945068702117398 -1.9746048206241273 -2.3964476326425 -2.4901904797576937 -2.509720239573359 -2.652287486227716 -2.54585029523234 -2.2226327702830777 -1.2527360734375954 -1.3757735602762873 -2.2206797943015113 -2.036123564043473 -1.7566038766817624 -1.7165678690596484
-1.3103488648938084 -1.3474554085435724 -1.8444877958522568 -1.7312151889213974 -1.4519396235573825 -0.747891782202645 -0.20594094731793056 -0.10048024431333746 -0.28405998658059195 -0.10340970828568707 0.35456315939166627 1.028339873032122 1.5578404860343502 1.705290172642624 1.6925958287624412 1.5666288779513997 -0.13661029997231844 -1.447057183603466 -0.8836236129215196 -1.5984128221748728 -1.8972181473545533 -1.8659705316494886 -1.980463748568827 -1.991205116467443 -2.012687852264675 -2.2470449700526594 -2.089830403536553 -1.6335663898430706 -1.497834559124196 -1.7917574443499602 -2.0439354679697397 -1.6950851332624164 -1.5359175907647435 -1.7019205491978995 -1.8483937478153898 -1.4031152240182188 0.16024204922579566 -0.40026205748380117 -2.5263205354166747 -2.324187521324538 -1.8230050600550247 -1.7390270928476637
