static/data/ASCData/20210126/ASCU/12.asc
ncols 97
nrows 97
xllcorner 99.0
yllcorner 2.0
cellsize 0.25
NODATA_value -32767
[rows 0 to 18 of 97, columns 43 to 85 of 97]
0.3137402047482727 -1.0611617709261967 -1.522161292398203 -1.3053245251635657 -1.2096835706540054 -0.9255439095052331 -0.5632215633208679 -0.730213706115338 -0.9225076887271517 -0.9381948294139051 -0.8562168684057108 -1.1148016713389657 -0.7183218414011863 0.02479319403420499 0.6244467977052564 0.4690935012267645 -0.5417149994761257 -1.3384699353242862 -1.868796497895815 -1.7407691884200547 -1.0690053412695733 -0.43139897787250625 -0.2651658902725562 -0.21051391626709348 -0.5113527916953129 -0.6100299669829543 -0.34739686967892425 0.041492408313652085 0.278570647402165 0.4690935012267645 0.5121066289162495 0.15357955870448592 -0.18521207644974957 -0.2866724541172987 0.011130200532839307 0.9710820032028682 0.4827564947281302 -0.539690852290738 -1.1499712286850738 -2.2164437769861207 -4.44983717766307 -6.526106153074313 -6.870717211386538
0.21430397426611103 -0.6636698673957233 -1.2916615316621998 -1.6529718042538712 -1.802505677574374 -1.7281182685113827 -0.5963669734815884 -0.546522349041421 -1.0368720047015465 -1.4341108898338462 -1.5720059168383707 -1.6334893875945165 -0.8658315675363013 0.03162469078488783 0.7112321082787463 0.6360856440212346 -0.40381997247160095 -2.0026432305295643 -2.0464154134135693 -1.4897749374320028 -0.7798053121573321 -0.360047789587596 -0.3481559248734447 -0.18116378207897466 -0.4518934681245548 -0.3628309919675039 -0.09741469228356614 0.009106053347451848 -0.07767925722603763 0.23758166689806748 0.45441843413270533 -0.048582141436092297 -0.2818651045520033 -0.17053700935568994 0.1399165652031198 0.28160686818024594 -0.29173282208076756 -1.2544678271307041 -1.9548227532747844 -2.9567756100416043 -4.8189910205981175 -6.1276021759511465 -6.86287364104316
-0.421531260343742 -0.973364386760013 -1.560114052124219 -2.034776567097591 -2.195949286734072 -1.6246337436584461 -0.7975166000294729 -0.9409780317938128 -1.3336625857589908 -1.3657959223270175 -1.1735019397152036 -0.9887985090485929 -0.31703466189811147 0.33524676859301517 0.8324279210038235 0.764112953496995 -0.29957639242414436 -2.0309812911249896 -1.8776521418318852 -1.1061990458010689 -0.43418218025241373 -0.34436064890084284 -0.5495585698195022 -0.5854871823601306 -0.38939792377571525 -0.17939265329176024 0.1672425522058516 0.25630502836290203 0.05895067778761964 0.23479846451815956 0.09513230872642131 -0.18420000285705562 -0.14624724313103998 0.2611123779281974 0.29223364090353066 -0.7780341833701179 -1.2633234710667747 -2.379640643807989 -3.6882517991610175 -4.791665033595386 -5.191181084311247 -5.562106056033509 -6.446911394446026
-1.1168258185243531 -0.9665328900093302 -1.4723166679580355 -1.8667723507104275 -2.0972721114464306 -1.2438410544074199 -0.7985286736221666 -1.028016360765476 -1.1519953758704613 -1.082668334770939 -0.46732759041313443 -0.5444982018560334 -0.22417690976845916 0.6907376180266973 1.1722316297507525 0.9885402726768358 -0.1725611565410774 -2.073741400416301 -2.019089426410838 -1.2633234710667747 -0.34739686967892425 -0.16572965979039456 -0.5786556856094478 -0.7438766996167037 -0.2087427874798795 0.043263537100866056 0.3871155402185704 0.555119756605734 0.45922578369800027 0.18697798726337966 -0.12549973448081797 -0.28287717814469726 -0.253527043956578 0.01593755009813469 -0.7886609560934024 -1.5133056484621328 -2.475281598317549 -4.275001464525223 -5.435090820150442 -5.331606295297506 -5.178277146004402 -5.301497105914867 -6.166567009269856
-1.6608153745972478 -1.399953406080432 -0.486050951877969 -0.8142158143089198 -1.774926672173469 -1.1988037795325477 -0.6851764312404658 -0.6588625178304279 -0.8053601703728495 -0.7350210556806334 -0.189007352422351 -0.42532653631634343 -0.6431753771436748 0.364596902781134 0.9895523462695293 0.7863785725362575 0.023781120441511483 -1.7192626245753124 -1.88827891455517 -1.2886253108841186 -0.36485513915289136 0.16344727623324973 -0.2046944931091046 -0.7056709214925143 -0.0981737474780866 0.21607510305332545 0.6449412879573049 0.8215481298823657 0.6623995574312724 0.2611123779281974 -0.17736850610637278 -0.7565276195253756 -0.7203459885865737 -0.8091554463454509 -1.5143177220548265 -2.4995713645421995 -3.7310119084523286 -5.354124932734942 -5.472284524681938 -5.315160099416232 -5.098323332181595 -5.386258269302969 -6.198953364236056
-1.6560080250319524 -1.560114052124219 -0.6441874507363685 -0.36207193677298344 -1.422472043517868 -1.2936856788475875 -0.569040986478857 -0.46732759041313443 -0.7428646260240099 -0.6725255113317938 -0.19001942601504496 -0.1247406792862975 -0.4078682668423763 0.0101181269401458 0.6370977176139285 0.4916121386642005 -0.11968031132282864 -1.355169149603733 -1.6362725899744244 -1.0669811940841858 -0.22417690976845916 0.3051375792103759 0.14877220913919054 -0.46555646162592046 -0.1070293914141569 0.2826189417729399 0.7122441818714398 1.0345896211444017 0.914405882012018 0.5637223821436308 -0.9255439095052331 -1.5016668021461546 -1.4088090500165023 -1.4976185077753794 -2.9011115624434476 -4.4518613248484575 -5.379426772552286 -5.443946464086514 -5.562106056033509 -5.194976360283849 -5.1345049631203965 -5.40396955717511 -6.168591156455243
-1.0543302741755136 -1.1325129592111065 -0.9498336757298833 -0.646211597921756 -1.182357583651274 -1.130488812025719 -0.3883858501830213 -0.25453911754927194 -0.5455102754487271 -0.9187124127545503 -0.48200265750719407 0.27173915065148213 0.384079319440489 0.4055858832852315 -0.17053700935568994 -0.34436064890084284 -0.4976897981939472 -1.3483376528530502 -1.464473097614659 -1.0454746302394433 -0.20671864029449205 0.3635848291884405 0.30412550561768237 0.03541996675748971 -0.14801837191825395 0.28464308895832735 0.4728887771993664 0.7815712229709622 1.1370620724046443 0.8197770010951517 -1.5327880651214876 -1.7526610531342064 -1.6772615704785214 -3.0855619747118848 -4.822027241376199 -6.508394865202172 -6.362909286252444 -5.905958059151214 -5.392330710859131 -5.010272929617238 -5.035827787832755 -5.090479761838218 -5.679253574387811
-0.1715490829483839 -1.0426914278595356 -0.9976541529846634 -0.6705013641464062 -0.7633591162760585 -0.8473612244696402 -0.10905353859954436 0.10398795266249161 -0.13637952560227573 -0.5475344226341148 -0.802323949594768 0.05895067778761964 0.5080583345454741 0.4916121386642005 -0.24973176798397656 -0.9030252720677969 -1.1421276583416973 -1.2739502437900592 -1.1489591550923801 -0.8374935069408762 -0.636343880392992 -0.1725611565410774 0.3676331235592154 0.5794095228303844 0.13207299485974344 0.07463781847437279 0.26490765390079885 0.596108737109831 1.1438935691553271 0.5705538788943136 -1.5006547285534606 -1.676502515284001 -2.655936734613385 -4.3053636723060364 -6.029937074256198 -7.010383367178276 -6.059287208444317 -5.4059937043604975 -5.0289962910820725 -4.935126465359726 -4.85517265153692 -4.523971568327887 -4.099153677794683
0.45922578369800027 -0.48200265750719407 -0.7623470426833647 -0.5622094897281742 -0.5376667051053505 -0.953628951702485 0.02276904684881753 0.45846672850348025 0.2358105381108535 -0.36966248871818674 -0.9645087428239427 -0.7691785394340476 0.11081944941317445 0.22897904136017067 -0.15991023663240567 -0.7350210556806334 -0.9235197623198457 -0.6479827267089702 -0.7203459885865737 -1.0816562611782452 -1.0426914278595356 -0.5427270730688194 0.192797410421369 0.639121864799316 0.44657486378932854 0.42228509756467814 0.20544833033004073 0.3471386333071669 0.5902893139518421 -0.24391234482598767 -1.2964688812274952 -2.227070549709405 -3.605008746161956 -5.0310204382674595 -6.28093132524425 -6.275111902086261 -5.572985847154968 -5.144119662250987 -5.061129627650099 -5.01710442636792 -4.597346903798185 -3.8033751703299323 -2.5319577195083998
0.43594809106604426 -0.11866823773013513 -0.47618323434920473 -0.5553779929774914 -0.5639806185153882 -0.7028877191126064 -0.2555511911419659 0.11360265179308238 0.09614438231911482 -0.21633333942508282 -0.5963669734815884 -0.9156761919764689 -0.4000246964989995 -0.1325842496296743 -0.18723622363513703 -0.3668792863382788 -0.42051918675104805 -0.3463847960862303 -0.9136520447910814 -1.367820069512405 -1.3794589158283832 -0.8893622785664312 -0.13536745200958178 0.32259584868434343 0.7170515314367352 0.4407554406313392 -0.4693517375985219 -1.3083607459416469 -1.4839555142740137 -1.1011386778376 -2.010486800872941 -3.4936806509656426 -4.696024079085826 -5.348305509576953 -5.625613673975042 -5.932271972561251 -5.516309725964117 -5.1140104728683475 -4.984971089799894 -4.909824625542383 -4.488042955787259 -3.4235945546716 -1.499642654960767
0.4964194882294959 -0.6411512299582873 -1.0836804083636327 -0.8658315675363013 -0.5632215633208679 -0.27123833182871904 -0.1637055126050071 0.07160159769629137 0.01391340291274723 -0.2849013253300847 -0.6626577938030296 -0.8706389171015967 -0.6158493901409434 -0.3405653729282414 -0.029858779971257743 0.3539701300578497 0.4318997966952689 -0.10323411544155503 -1.1988037795325477 -1.5651744200876878 -1.3501087816402644 -0.8091554463454509 -0.315010514712724 -0.08375169878220046 0.3410661917510045 -0.3405653729282414 -1.1960205771526398 -2.1139713257258776 -2.8745446306352362 -4.0708156171992576 -4.541682856200028 -4.991802586550577 -5.0074897272373295 -5.206615206599826 -5.408776906740405 -5.710627855761318 -5.217494997721285 -5.14133645987108 -4.996609936115872 -4.60215425336348 -3.9362098293709877 -3.061272208487235 -0.6421633035509811
0.25908823074280996 -0.7281895589299503 -1.1226452416823423 -0.8815187082230547 -0.32184201146340685 -0.0230272832205749 0.25326880758482107 0.47491292438475385 0.32360792227703694 -0.3747228566816556 -1.040667280674148 -1.1061990458010689 -0.7896730296860961 -0.36789135993097277 0.4114053064432204 0.9495754393581257 1.17425577693614 0.6927617652120852 -0.8248425870322043 -1.2223344905626774 -0.9078326216330923 -0.3658672127455853 -0.06022098775207052 -0.5024971477592426 -0.4751711607565112 -0.9713402395746256 -1.6491765282812696 -2.5749708471978843 -3.876497487402056 -4.978139593049211 -5.023176867924084 -4.860992074694909 -4.948789458861093 -5.220278200101193 -5.455585310402491 -5.49961051168467 -5.107938031312186 -4.995850880921352 -4.726133268468466 -4.253494900680481 -3.4448481001181688 -2.4479556113148178 0.021756973256124024
0.06679424813099599 -0.28869660130268615 -0.7056709214925143 -0.60016224945419 -0.15307873988172283 0.12928979247983552 0.4144415272213018 0.5920604427390561 0.12448244291454014 -0.6343197332076045 -1.528992789148886 -1.4692804471799543 -1.0444625566467496 -0.14422309594565252 0.6254588712979503 1.4720584315862784 1.8627188383660687 1.1605927834347742 -0.10222204184886152 -0.6264761628642277 -0.5571491217647053 -0.08754697475480189 0.09715645591180877 -0.06401626372467195 -0.21633333942508282 -1.356181223196427 -2.102079461011726 -3.162732586154784 -4.335472861688675 -4.714494422152487 -4.834678161284871 -4.928294968609044 -5.3025091795075605 -5.575769049534875 -5.430283470585147 -5.337425718455496 -5.043671358176132 -4.703867649429203 -4.421499117067644 -3.8491715003993248 -3.061272208487235 -1.7096479254447217 0.26212445152089137
-0.08653490116210838 -0.10905353859954436 -0.315010514712724 -0.3825664270250324 -0.21152598985978743 0.039468261128264626 0.2884383649309288 0.41646567440668925 0.07843309444697422 -1.195008503559946 -1.935087318217256 -1.593512480683113 -1.0300405079508637 -0.1626934390123136 0.6985811883700741 1.6137487345634045 2.4494685037302744 1.681051628477539 0.5599271061710294 -0.081727551596813 0.1897611896432876 0.09513230872642131 0.3547291852523702 0.42405622635189255 -0.0738839812534362 -1.3921098357370552 -2.737914695621579 -3.9205226886842346 -4.642131160274884 -4.896161632041016 -5.1355170367130905 -5.543635712966848 -5.864969078647116 -5.9391034693119344 -5.7700871793320765 -5.421427826649077 -5.0484787077414275 -4.611009897299551 -4.117877039259517 -3.418534186708131 -2.587621767106556 -1.3415061561023673 0.05110710744424285
-0.2224057809812452 0.037444113942877166 -0.02707557759134982 -0.1070293914141569 -0.11689710894292071 -0.12549973448081797 0.09310816154103385 -0.07970340441142554 -0.402048843684387 -1.4196888411379602 -1.7536731267269001 -1.3640247935398035 -0.7653832634614459 -0.0073401425338217585 0.747413739217548 1.740510952048297 2.316633844689219 1.4905287746529394 0.4154536008139953 0.29324571449622416 0.31880057271174156 0.025805267626898942 0.27173915065148213 0.08627666479035101 -1.0621738445188904 -2.4606065312234895 -3.3737499302314324 -4.447813030477683 -5.045442486963346 -5.378667717357766 -5.670650948849914 -5.922404255032487 -6.190097720299986 -6.117734458422381 -5.8755958513704005 -5.471272451089245 -4.914631975107678 -4.4108723443443605 -3.6900229279482315 -2.9937162961749264 -2.2779272477422663 -1.1902011539946507 -0.18824829722783099
-0.48782208066518296 -0.037702350314634536 0.05692653060223174 0.27275122424417564 0.22897904136017067 0.15459163229717943 -0.009364289719209218 -0.23202048011183596 -0.6373559539856857 -1.3824951366064646 -1.6109707501570802 -1.303300377978178 -0.706682995085208 0.0609748249730071 0.7453895920321605 1.3528867660465882 1.384261047420095 0.5141307761016369 0.3167764255263541 0.19456853920858297 -0.189007352422351 -0.5250157851966786 -0.4498693209391673 -1.2896373844768123 -2.4967881621622916 -3.3239053057912646 -4.193023503517029 -4.719301771717783 -5.210663500970602 -5.54743098893945 -5.7915937431768185 -6.028925000663505 -6.025129724690903 -5.914813703087283 -5.584624693470945 -5.284797891635419 -4.724362139681252 -4.209722717796476 -3.4820418046496644 -2.697937788710176 -1.993787586593494 -1.113789597746272 -0.8805066346303609
-0.8600121443783122 -0.4604960936624516 0.05793860419492569 0.764112953496995 0.7787880205910542 0.5100824817308616 0.3362588421857091 0.24846145801952568 -0.1998871435438092 -1.207659423468618 -1.7096479254447217 -1.440942386584529 -0.8248425870322043 0.03364883797027529 0.2092436063026426 0.24846145801952568 0.17230292016932003 -0.04655799425070484 -0.16168136541961964 -0.6052226174176589 -1.1929843563745586 -1.464473097614659 -1.5651744200876878 -2.4694621751595602 -3.252554117506355 -4.003512723285123 -4.489814084574473 -4.929307042201737 -5.232929120009865 -5.436102893743136 -5.692916567889178 -5.73795384276405 -5.695952788667259 -5.54161156578146 -5.198771636256451 -4.9634645259551515 -4.545478132172629 -4.0523452741325965 -3.476222381491675 -2.7143839845914495 -2.1089109577624088 -1.4303156138612445 -1.9907513658154128
-0.7281895589299503 -0.7886609560934024 -0.22518898336115312 1.02269775643025 0.9437560162001368 0.2747753714295631 0.043263537100866056 0.150796356324578 0.1340971420451309 -0.4683396640058284 -1.1676825165572144 -1.0690053412695733 -0.8736751378796781 -0.771202686619435 -0.7438766996167037 -0.8835428554084421 -0.9467974549518019 -0.9136520447910814 -1.1939964299672523 -1.6901655087853669 -2.0747534740089946 -2.195949286734072 -2.5182947260070336 -3.146033371875337 -3.798567820764637 -4.328641364937992 -4.737013059589923 -4.981175813827292 -5.257471904632688 -5.349317583169647 -5.476332819052713 -5.469501322302031 -5.407764833147711 -5.291629388386102 -4.965488673140539 -4.647191528238352 -4.35419622315351 -3.9918738769691444 -3.4820418046496644 -2.9421005429475446 -2.352061638407084 -2.4575703104454085 -3.7798444592998024
-0.09918582107078011 -1.0211848640147931 -1.5259565683708047 -0.7995407472148603 -0.4840268046925815 -0.5953548998888947 -0.5786556856094478 -0.357011568809515 -0.33955329933554745 -1.231190134498748 -1.8483020076437664 -2.0241497943743068 -2.0269329967542147 -1.951786532496703 -1.843494658078471 -1.7906138128602223 -1.8111083031122708 -1.8844836385825683 -2.1921540107614703 -2.5261382963504104 -2.738926769214273 -2.870749354662635 -3.154889015811407 -3.672564658474264 -4.176324289237582 -4.590515407047502 -4.884522785725039 -5.081624117902148 -5.264303401383371 -5.232929120009865 -5.278978468477431 -5.290617314793408 -5.227109696851875 -5.061129627650099 -4.785845610437397 -4.528019862698663 -4.266145820589153 -3.8863652049308204 -3.5093677916523958 -3.25736146707165 -3.3013866683538287 -4.012368367221193 -5.263291327790677
