static/data/ASCData/20210126/ASCU/15.asc
ncols 97
nrows 97
xllcorner 99.0
yllcorner 2.0
cellsize 0.25
NODATA_value -32767
[rows 76 to 94 of 97, columns 43 to 85 of 97]
-6.065006373397322 -5.850252183475832 -5.490920309410475 -5.096382830439957 -4.853229452561636 -4.67837494819933 -4.532858447924659 -4.522062062420409 -4.369739145197407 -4.160852556093444 -4.052419292985545 -3.86489077085738 -3.468475659625253 -3.131440668666499 -2.946963298963449 -2.7906504131845282 -2.7603735929660886 -2.870684488335597 -2.8540205020138205 -2.6967688001040955 -2.5904478732905054 -2.984985352261024 -3.0903674629438096 -3.251609133409453 -3.3325820246913263 -3.652953029328303 -3.660698262407439 -3.309111621421218 -2.5700286224455113 -2.5190978473493764 -2.3003536888719682 -2.033729907723539 -2.057200310993647 -1.9468894156241388 -2.3278140606979947 -2.9401568820151174 -3.499691295974497 -3.9575988637743076 -3.8228787490038867 -3.5309069323237408 -3.047416624959512 -2.7573224405409746 -2.4684017762859427
-6.054209987893072 -5.8199753632573925 -5.459469969028531 -5.045452055343822 -4.804411013759811 -4.514316829341274 -4.36387154437988 -4.235019030426987 -4.082696113203984 -3.959476496035916 -3.9069027927108735 -3.812082363499637 -3.6489630607723846 -3.340327257770462 -3.065958243542897 -2.904951277109955 -2.7829051801053923 -2.8882872907881785 -2.9028389408156454 -2.7946403817404466 -2.8638780713872656 -3.1978619099209054 -3.37459404654482 -3.45275048943428 -3.5309069323237408 -3.6031957743956737 -3.6109410074748096 -2.7495772074618388 -1.692939652241568 -1.4948494486418549 -1.4565926913115785 -1.475134309894964 -1.8149857492461308 -1.703736037745818 -1.518085147879262 -2.104141117533864 -3.1295630364048903 -3.896106407206624 -3.9186379943459277 -3.535835717010463 -2.967382549808443 -2.5679162861512017 -2.2789956218961698
-5.820914179388197 -5.588557187014126 -5.369813028536717 -4.915660725260124 -4.568064052829822 -4.296511486994669 -4.176343022251716 -4.046551692168017 -3.9918656525486655 -3.8803812370156514 -3.8550332014839346 -3.7339259206101763 -3.7515287230627576 -3.6128186397364184 -3.300427572211278 -3.019252141035382 -2.896032523867314 -2.858010470569739 -2.86481688751807 -2.9479021150942533 -3.134491821091613 -3.4644856910693345 -3.710455517340068 -3.7369770730352903 -3.6139921598999236 -3.687219818102661 -2.8969713399981183 -1.9360930301198889 -0.8454233901579613 -0.19482381151056227 -0.10422805488794484 -0.6705688857956553 -1.139272839099716 -1.7964441306627452 -1.6098544246653852 -1.277044106295251 -2.228064846800035 -3.5445197662204033 -3.8550332014839346 -3.4410152877992264 -2.858010470569739 -2.456666574650889 -2.153898372466493
-5.3442302889723 -5.122669682102478 -5.069861274744735 -4.733999803949486 -4.319043074133973 -4.104992996310587 -3.9946821009410782 -4.096308947100647 -4.07096091156893 -3.9097192411032866 -3.879442420884847 -3.6968426834434056 -3.7289971359234535 -3.666565863224966 -3.506497712922828 -3.214525896242682 -2.9995370022884913 -2.915747662614205 -2.959637316729307 -3.100225032317255 -3.3013663883420823 -3.6196250566847494 -3.85409438535313 -3.7348647367409806 -3.6081245590823965 -2.7418319743827033 -1.7290840732775348 -0.8179630183319349 -0.28471545603507664 0.702449705505674 0.7806061483951341 0.1849273133997884 -0.5719931920612011 -1.411764221065672 -1.6450600295705473 -1.2554513352867513 -1.1247211890722488 -2.420522153614922 -3.3473683787514945 -3.2321286986952633 -2.675410733128297 -2.3080989219511037 -2.0182394415652674
-4.88444508891088 -4.682130212722547 -4.612892523075728 -4.484040009122834 -4.084573745465593 -3.887422357996684 -4.045612876037213 -4.243703079636926 -4.228212613478655 -3.9780181146193017 -3.817011148186359 -3.6686781995192757 -3.671494647911689 -3.672433464042493 -3.5454585823512077 -3.4243513014774494 -3.2368227793492848 -3.1215830992930536 -3.1030414807096682 -3.1577275203290203 -3.399942082076537 -3.6031957743956737 -3.643095459954858 -3.494762511287774 -2.7603735929660886 -1.6147832093521077 -0.8921294926654766 -0.47811157898076795 0.5198499680642321 0.7669933144984715 0.7756773637084113 0.6839080869222882 -0.06010369674014138 -0.8414334216020429 -1.1608656101082153 -0.6891105043790406 -0.2964506576701309 -0.9059770305948405 -2.1440408030930476 -2.5014950448967954 -2.55242581999293 -2.194032762058378 -1.8365785202546303
-4.755592574957986 -4.668517378825884 -4.468314838931862 -4.129402215711499 -3.8198275965787722 -3.8346139506389405 -4.075889696255652 -4.282898653098007 -4.244641895767731 -3.9780181146193017 -3.7583351400110887 -3.6177474244231407 -3.5299681161929364 -3.567051353359707 -3.5797253711255657 -3.6001446219705597 -3.5992058058397554 -3.526916963767822 -3.4595569063826117 -3.4663633233309428 -3.577847738863957 -3.552264999299539 -3.3276532400046035 -2.6343375274056076 -1.7652284943135013 -1.2350320844417573 -1.0932708486903038 -0.7808797811651638 0.4808890986358527 0.5677295907352526 0.2142653174874236 0.46023514375815733 0.38113988473789284 -0.016214042625038783 -0.14318892431632424 0.25228737078499863 0.7583092652885313 0.5726583754219754 -0.7858085658518865 -1.7309617055391433 -2.0942835481604183 -1.9156737792748948 -1.520197484173572
-4.791502291961251 -4.696916566782716 -4.5962285367539515 -4.134331000398222 -3.783683175542806 -3.718435454451905 -3.887422357996684 -4.073777359961343 -4.0787061446480655 -3.872636003936516 -3.6616370785382433 -3.5630613848037886 -3.5191717306886865 -3.5719801380464298 -3.624553841371472 -3.7379158891660946 -3.855972017614739 -3.8658295869881845 -3.8404815514564676 -3.844236815979685 -3.7895507763603327 -3.6656270470941617 -2.915747662614205 -1.3073209265136905 -0.5572068380010329 -0.65202726721227 -0.6813652712999052 -0.30419589074926634 -0.07770649919272232 -0.9733370879800511 -0.35019788115867856 0.6146703972754692 0.8871617792414255 0.705500857930788 0.4574186953657442 0.5102271027234879 0.9721246390792171 1.1702148426789298 0.2346845683324177 -0.9273350975706389 -1.3951002347438952 -1.414580669458085 -1.1294152697262705
-4.801359861334697 -4.520184430158801 -4.343452293534886 -4.034816490532964 -3.904790456416564 -3.857145537778244 -3.9000963757625424 -3.9693340654093614 -3.859023170039853 -3.6646882309633573 -3.4595569063826117 -3.322959159350582 -3.4762208927043883 -3.652953029328303 -3.67830106486002 -3.7505899069319533 -3.885310021702374 -4.017213688080382 -4.058286893803071 -4.196996977129411 -4.098186579362256 -3.4614345386442205 -2.47426937710347 -1.171427291579764 -0.4419671579448017 -0.4527635434490511 -0.515194816147539 -0.23096823254652898 -0.9155998959355847 -1.285728155505191 -0.4703663459016325 0.13329242620555037 0.6986944409824565 1.0246983424042595 0.9310514333565276 0.7630033459425531 0.8618137437097086 1.0638939158653402 0.8040765516652422 -0.07183889837519519 -0.6100152453587762 -0.7428577278675887 -0.6118928776203849
-4.505398076098633 -4.303317903943001 -4.112972933422424 -3.901974008024151 -3.816072332055555 -3.827807533690609 -3.8268687175598046 -3.711629037503574 -3.5797253711255657 -3.319908006925468 -3.053284225777039 -2.9633925812525246 -3.3560524279614343 -3.5905217566298155 -3.728058319792649 -3.744722306114426 -3.8052759465513053 -3.9517312629567805 -4.035755306663768 -3.9665176170169487 -3.4048708667632597 -1.8551201388380156 -1.3209337604103533 -1.0932708486903038 -0.35113669728948294 -0.035694477339228925 -0.0004888724340665895 0.10583205437952348 -0.460508776528187 -0.6705688857956553 -0.19482381151056227 0.14972170849462607 0.599884043215301 0.9826863205507657 1.4750953811576357 1.542455438542846 1.3725297188672627 1.1497955918339358 1.0941707360837798 0.5414427390727314 0.0628812163952257 -0.1011769024628304 -0.014336410363430474
-4.096308947100647 -4.0611033421954845 -3.987875683992747 -3.8630131385957713 -3.730170656086959 -3.687219818102661 -3.5689289856213158 -3.4508728571726714 -3.186126708285851 -2.8716233044664015 -2.6080506757430864 -2.6021830749255592 -3.102102664578864 -3.4820884935219154 -3.604134590526478 -3.6304214421889993 -3.6940262350509925 -3.5210493629502952 -3.328826760168109 -2.421460969745726 -1.7652284943135013 -0.7252549254150074 -0.4898467806158222 -0.4870303322234091 -0.14318892431632424 0.215204133618228 0.4682150808699941 0.34804661612704013 -0.07395123466950526 -0.06808363385197813 0.3137798273526822 0.10888320680463748 0.34710779999623576 0.41352904125064205 0.9075810300864195 1.6126319443204693 1.6147442806147794 1.105905937718834 0.9847986568450757 0.6986944409824565 0.5522391245769813 0.4046102880080009 0.4271418751473046
-3.852216753091522 -3.8803812370156514 -3.9547824153818945 -3.9146480257900094 -3.6998938358685196 -3.423412485346645 -3.3072339891596094 -3.156788704198216 -2.8882872907881785 -2.5045461973219094 -2.2642092678360015 -2.3268752445671903 -2.844397636673076 -3.275079536679561 -3.54170331782799 -3.5719801380464298 -3.226261097877736 -3.0063434192368224 -1.8393949686470432 -0.7348777907557515 -0.6881716882482363 -0.47623394671915964 -0.13333135494287873 -0.5611968065569513 -0.23401938497164299 0.6224156303546051 0.9017134292688924 0.46915389700079846 -0.0016623925975718379 0.2893706079517697 0.6625500199464898 0.40672262430231054 -0.0786453153235267 -0.035694477339228925 0.1879784658249024 0.8899782276338382 1.1828888604447885 0.702449705505674 0.6653664683389029 0.6928268401649293 0.6468248497555176 0.7484516959150858 0.774738547577607
-3.666565863224966 -3.792601928785447 -3.8785036047540427 -3.827807533690609 -3.5475709186455173 -3.251609133409453 -3.14035942190914 -2.990852953078551 -2.6998199525292095 -2.3130277066378264 -2.1548371885972974 -2.3043436574278866 -2.7291579566168447 -3.136369453353222 -3.4626080588077257 -3.4966401435493824 -3.1509211033806888 -1.9663698503383285 -0.6940392890657634 0.009133992906678046 -0.19482381151056227 -0.36099426666292844 -0.03076569265250617 -0.5102660314608163 -0.5680032235052823 0.28843179182096534 0.989727441531798 0.5930776262669695 0.20253011585236935 0.5003695333500424 0.8176893855619052 0.6174868456678824 -0.00940762567670772 -0.6743241503188728 -0.4508859111874428 0.08048401884780665 0.37057820326634383 0.20652008440828773 0.3625982661545071 0.5383915866476174 0.6536312667038486 0.8050153677960465 1.0667103642577533
-3.4957013274185784 -3.6452077962491676 -3.6254926575022766 -3.478098524965997 -3.243863900330317 -3.08168341373387 -2.967382549808443 -2.9028389408156454 -2.6188470612473362 -2.3268752445671903 -2.1900427935024593 -2.55242581999293 -2.85613283830813 -3.2194546809294047 -3.546397398482012 -3.468475659625253 -2.5885702410288967 -1.273992953870137 -0.32391102949615735 0.019930378410927485 0.4574186953657442 -0.07183889837519519 0.1450276278406042 -0.29457302540852215 -0.4332831087348614 0.03847199699431325 0.7336653418549179 0.7942189822917967 0.6360284642512677 0.709256122454005 0.8059541839268509 0.5754748238143885 -0.528807650044202 -1.2038164480925133 -1.2526348868943384 -0.7672669472685012 -0.26124505276496857 -0.1870785784314264 0.17624326418984815 0.42033545819897355 0.585332393187834 0.9075810300864195 1.196736398374152
-3.282824769758697 -3.2642831511753116 -3.171575058258384 -2.967382549808443 -2.75849596070448 -2.620724693508945 -2.6157959088222222 -2.600305442663951 -2.506423829583518 -2.2545864024952573 -2.3618461454396513 -2.804263247081191 -3.204668326869237 -3.577847738863957 -3.5816030033871744 -2.841346484247962 -2.0034530875050995 -1.4411022251533072 -0.6928657689022582 0.21332650135661924 0.8352921880144861 0.46610274457568446 0.36471060244881714 -0.04742967897428274 0.015940409855009108 0.3752722839203657 0.5940164423977738 0.7651156822368628 0.9017134292688924 0.9085198462172239 0.7454005434899718 0.2269393352532818 -0.9878887380075181 -1.6549175989439928 -1.7936276822703323 -1.6577340473364057 -1.1528856729963786 -0.357943114237814 0.11263847132785498 0.3616594500237027 0.5658519584736443 0.9233062002773922 1.3676009341805404
-2.698881136398405 -2.543507066750289 -2.4594830230433016 -2.2965984243487507 -2.0182394415652674 -1.7955053145319408 -1.8912645598739823 -2.14028553856983 -2.1764299596057968 -2.07292548118462 -2.345416863150576 -2.97325015062597 -3.5475709186455173 -3.4790373410968014 -2.890164923049787 -2.1724399910498784 -1.8297721033062988 -1.546484335836093 -0.7290101899382249 0.3217597644645189 0.5266563850125636 0.7698097628908842 0.7162972434350379 -0.1286372742888573 -0.007529993415098968 0.4125902251198377 0.5862712093186384 0.8686201606580397 0.8442109412571273 0.56491314234284 0.6674788046332125 -0.3149922762535162 -1.3530882128904016 -1.9116838107189764 -2.2008391790067092 -2.210462044347454 -1.6401312448838248 -0.635363280890493 0.12836364151882762 0.444744677599886 0.5911999940053612 0.9505318680707173 1.435899807696555
-1.850191354151293 -1.5971804068995268 -1.4791242784508825 -1.3697521992121784 -1.188091277901541 -1.067922813158587 -1.2038164480925133 -1.4732566776333555 -1.6168955456464176 -1.7633508620518927 -2.2505964339393385 -2.96245376512172 -3.005404603106018 -2.3395492623330485 -1.9029997615090364 -1.414580669458085 -1.1432628076556344 -1.050320010706006 -0.8219529868878532 -0.2145389502574533 0.4017938396155878 0.8050153677960465 0.571719559291171 0.13517005846715868 -0.17041459210964982 -0.17534337679637257 0.15066052462543045 0.5825159447954209 0.6780404861047615 0.35086306451945326 0.482766730897461 -0.34433028034115143 -1.15969208994471 -1.7408192749125888 -2.15108192407408 -2.2935472719236367 -1.9292866131715576 -0.9350803306497748 0.10301560598711079 0.3792622524762841 0.5383915866476174 0.9017134292688924 1.3169048631171059
-0.9106711112488619 -0.8325146683594018 -0.737928943180866 -0.6090764292279718 -0.5074495830684036 -0.531858802469316 -0.8383822691769289 -1.1176800680912164 -1.2202457303815892 -1.3385365628629344 -1.75842207736517 -2.372642530943901 -1.9928914060335507 -1.6471723658648572 -1.3941614186130908 -1.130588789889776 -0.8609138563162326 -0.9810823210591866 -1.1294152697262705 -1.0230943429126804 -0.23988698578917012 0.5482491560210629 0.7503293281766945 0.5325239858300908 -0.2671126535824957 -0.7320613423633389 -0.460508776528187 0.3881810057189252 0.6674788046332125 0.444744677599886 0.2074589005390921 0.1487828923638217 -0.6313733123345746 -1.3901714500571725 -1.8717841251597924 -2.1597659732840198 -2.021994706088485 -1.1723661077105685 -0.08944170082777658 0.04926838249856269 0.12249604070130049 0.5287687213068732 1.007330243984379
-0.30536941091277203 -0.3297786303136845 -0.11877970491541179 0.043400781681036005 0.025797979228454615 -0.3257886617577661 -0.6255057115170475 -0.9078546628564492 -1.0456259300519841 -1.3444041636804616 -1.8041893637418809 -2.017300625434463 -1.4077742525097536 -1.0317783921226202 -1.005491540460099 -0.8198406505935436 -0.6022700122796403 -0.683242903561514 -1.2261133311991161 -1.2965245410094408 -0.8151465699395217 0.5804036085011113 0.757135745125026 0.5365139543860091 -0.2760314068251368 -0.9693471194241328 -0.648976114787156 0.4583575114965486 0.78835138147427 0.26214494015844414 0.060064768002812574 0.17037566337232102 -0.10986095167277066 -0.864903824872151 -1.521136300304376 -1.8795293582389283 -2.0034530875050995 -1.3932226024822865 -0.617760478437912 -0.5133171838859303 -0.44290597407560606 -0.09929927020122209 0.4144678573814464
0.05795243170850295 0.11076083906624623 0.2337457522016133 0.33138262980526356 0.2445421377058632 -0.14013777189121024 -0.601096492116135 -0.8745266902128956 -1.0104203251468218 -1.3540270290212058 -1.798556466957055 -1.7516156604168387 -0.9214674967531118 -0.38915875058705796 -0.4595699603973826 -0.5689420396360867 -0.3462079126027602 -0.3063082270435764 -0.8550462554987055 -1.1118124672736893 -0.6949781051965678 0.6205379980929964 0.7552581128634173 0.4564798792349398 -0.40887388933394897 -1.0700351494528966 -0.4997043499892677 0.5393304027784218 0.880355362293094 0.5297075374376776 0.15066052462543045 -0.3950263514045851 -0.3091246754359891 -0.3267274778885705 -0.9897663702691268 -1.6715815852657696 -1.7760248798177511 -1.6666528005790469 -1.1862136456399324 -1.0338907284169303 -0.8639650087413466 -0.5698808557668911 -0.17346574453476382
