static/data/ASCData/20210126/ASCU/18.asc
ncols 97
nrows 97
xllcorner 99.0
yllcorner 2.0
cellsize 0.25
NODATA_value -32767
[rows 38 to 56 of 97, columns 43 to 85 of 97]
-5.5304723389226975 -5.584277769011354 -5.70135439929686 -5.9982806616379705 -6.099913140694324 -6.143754602248045 -6.281506467243543 -6.351752445414847 -6.417265538532054 -6.549039022406591 -6.53733135937804 -6.52562369634949 -6.520641712082021 -6.533345771964066 -6.53434216881756 -6.443420955936263 -6.30392539644715 -6.104646025748419 -5.909352242463662 -5.762881905000093 -5.586021463504968 -5.573317403622925 -5.570577312275817 -5.572570105982804 -5.525490354655229 -5.4532515827769386 -5.391724077073706 -5.37902001719166 -5.256961402638687 -5.193441103228467 -5.030530217682253 -4.988432450622146 -5.0549419405928475 -5.138888375499689 -5.04124148385731 -4.7266291773666875 -4.428955617385457 -3.822399032821191 -3.0733576982073325 -2.4971912176746236 -2.5128844681171487 -1.9688517861096104 -0.5656759171771641
-5.3057848484598775 -5.339164143051915 -5.550898474419317 -5.837113470585371 -5.917074318078237 -5.945471628402807 -6.080234302837824 -6.251116363211986 -6.346770461147378 -6.5169052238814205 -6.5704615547567045 -6.668108446399083 -6.745329202544842 -6.737607126930266 -6.6730904306665515 -6.5791800272247745 -6.295206923979081 -6.034400047577115 -5.8772184439384905 -5.715054856032397 -5.598725523387013 -5.591003447772437 -5.590007050918944 -5.577302991036899 -5.532465132629684 -5.441543919748388 -5.377027223484673 -5.234542473435081 -5.0803500603569365 -4.939609004800957 -4.740329634102225 -4.710188629284042 -4.802853536658953 -4.825272465862559 -4.55400342249891 -4.2326654372472055 -3.8448179620247984 -3.2706442751990767 -2.7168967238699757 -2.127029786601729 -1.7668323240637709 -1.8674684062666307 -0.7151354452012131
-4.934876119746862 -5.0733752823824805 -5.347882615519984 -5.68092826380024 -5.823413013849834 -5.884940519553067 -6.060804564194697 -6.232683021422353 -6.3711821840579725 -6.503204767145882 -6.645689517195476 -6.744332805691348 -6.848705376094809 -6.891799540008409 -6.8225499586906 -6.719921082780753 -6.433706086614699 -6.049096901166147 -5.91433422673113 -5.78231164364322 -5.836117073731877 -5.872236459671022 -5.670964295265303 -5.592996241479424 -5.48837457186259 -5.398698855048161 -5.257957799492181 -5.096790608439582 -4.906478809422293 -4.710188629284042 -4.55101423193843 -4.558736307553005 -4.6038232651735935 -4.31760826900754 -4.0431009358700365 -3.702333211975205 -3.310749248552197 -2.8927607685116064 -2.441642093092352 -1.8390710959420613 -1.2766050721448905 -1.3077424738165673 -0.7014349884656752
-4.56272189496698 -4.7951314610443765 -5.113480255735601 -5.481648893101507 -5.681924660653733 -5.919067111785225 -6.096923950133842 -6.349759651707859 -6.489504310410345 -6.459114206378788 -6.620281397431388 -6.7941526483660315 -6.921940544826593 -6.989446431650788 -6.891799540008409 -6.790167060952056 -6.705224229191722 -6.326344325650758 -6.1983073299768225 -5.957179291431357 -6.0879563784524 -6.129057748659013 -5.816687335088751 -5.524493957801735 -5.4191249905447805 -5.302795657899396 -5.160310907849802 -4.969999108832514 -4.762001265665712 -4.535320981495905 -4.453367340296051 -4.431944807945937 -4.275510501947433 -3.9912882994883665 -3.7317269191532683 -3.390710096045063 -3.088054551796364 -2.72088231128395 -2.18183161354388 -1.517733110690356 -0.9141657166865715 -1.138853207149392 -0.5275637375310316
-4.1457298117798835 -4.533328187788918 -4.86836662977616 -5.205148766257017 -5.508053409719089 -5.771600377468163 -6.068526639809273 -6.322358738236783 -6.460110603232281 -6.381146152592909 -6.56647596734273 -6.863402229683841 -7.0188401388288515 -7.098800986321717 -6.980727959182719 -6.834257621719151 -6.748318393105323 -6.745329202544842 -6.650671501462944 -6.165177134598158 -6.163184340891171 -6.116353688776969 -5.774589568028643 -5.494352952983553 -5.358593881695041 -5.241517251409536 -5.0636604130609175 -4.882067086511698 -4.645671933020328 -4.458100225350146 -4.374153790443305 -4.200282539508661 -4.004988756223904 -3.863500403027804 -3.6036899234793327 -3.405406949634094 -3.1221811440285214 -2.661347599287704 -1.9444400631990157 -1.2227996420562328 -0.3185694975107365 -0.7188719334018143 -0.9141657166865715
-3.8029692941780646 -4.207257317483117 -4.632967873138283 -4.915197281890363 -5.268669065667238 -5.633101214832545 -5.936753155934737 -6.17987398818719 -6.3176258531826885 -6.388868228207485 -6.538327756231534 -6.926922529094061 -7.1426424478754384 -7.214133922113609 -7.051970334207516 -6.873117099005404 -6.774473810509531 -6.7941526483660315 -6.8292756374516825 -6.416269141678561 -6.147740189662019 -5.917074318078237 -5.677939073239759 -5.489370968716084 -5.328203777663484 -5.16230370155679 -4.988432450622146 -4.782427401162332 -4.5450358508174675 -4.4309484110924435 -4.2159757899511865 -3.9728549576987335 -3.8400850769707033 -3.770586396439521 -3.735463407353869 -3.5548664776581433 -3.2305393018459574 -2.6730552623162547 -1.820388654939055 -1.1836910655566066 -0.11829372995851095 -0.7873742170795035 -1.2609118217023654
-3.632087233803902 -3.8106913697926403 -4.403547497621368 -4.704210248163079 -5.192444706374973 -5.606696698214963 -5.928781981106788 -6.149483884155633 -6.375167771471947 -6.581172820931761 -6.628003473045963 -7.019836535682345 -7.282387106577924 -7.200433465378071 -7.026562214443428 -6.839986903626739 -6.744332805691348 -6.776466604216519 -6.804863914541088 -6.6564007833705325 -6.19158165121574 -5.857539606081991 -5.702350796150354 -5.478659702541027 -5.299059169698795 -5.131913597525234 -4.911211694476387 -4.668090862223934 -4.396572719646912 -4.220957774218655 -3.953425219055607 -3.9444576473741644 -3.8732152723493676 -3.918053130756582 -3.9133202457024874 -3.745178276675432 -3.447504716694201 -2.8399517352764425 -1.9825522428451483 -1.5197259043973435 -0.6710448844341186 -1.0666144352711016 -1.2599154248488715
-3.462201570283233 -3.509032222397435 -4.263802838918882 -4.650653917287796 -5.161307304703296 -5.558869649247267 -5.903622960556072 -6.174892003919721 -6.443420955936263 -6.7687445286019425 -6.937633795269118 -7.171039758200008 -7.1426424478754384 -7.059692409822091 -6.953327045711643 -6.745329202544842 -6.628003473045963 -6.689530978749197 -6.781448588483987 -6.7169318922202725 -6.284246558590651 -5.889922503820535 -5.633848512472664 -5.432825447280319 -5.285358712963257 -5.081346457210429 -4.8048463303659394 -4.5178840365597654 -4.200282539508661 -3.976840545112708 -3.942464853667177 -4.0685090556341255 -4.1036320447197765 -4.14473341492639 -4.0510721106979855 -3.803965691031558 -3.517750694865504 -3.0793360793282942 -2.7433012404875576 -2.745294034194545 -2.5567259296708698 -2.2042505427474874 -1.7725616059713594
-3.258936612170526 -3.5244763736265865 -4.149715399193858 -4.623253003816719 -5.153585229088721 -5.545169192511729 -5.913337829877635 -6.260831232533549 -6.561743082288635 -6.8459652847477015 -7.040262671178965 -7.075385660264617 -6.969020296154168 -6.882084670686846 -6.740347218277374 -6.55775749487466 -6.527616490056477 -6.652415195956558 -6.756040468719899 -6.672094033813058 -6.41327995111808 -5.999277058491463 -5.676942676386265 -5.465955642658983 -5.220842016699542 -4.89676394010073 -4.5968484871991375 -4.337038007650666 -4.0851987029301435 -3.964136485230664 -4.0431009358700365 -4.207257317483117 -4.382124965271254 -4.454363737149545 -4.299922224858028 -3.9738513545522274 -3.649524178740041 -3.376262341669405 -3.788272440589033 -4.177863610305054 -4.548025041377949 -4.402551100767875 -4.190567670187098
-2.9258909638902706 -3.535436739015017 -4.119325295162302 -4.654390405488397 -5.140881169206676 -5.554884061833292 -5.839106264292358 -6.153469471569608 -6.52562369634949 -6.863402229683841 -7.0793712476785915 -7.131931181700382 -7.0890861170001545 -6.745329202544842 -6.556761098021167 -6.467832678846857 -6.487511516703357 -6.636971044727407 -6.75902965928038 -6.721913876487741 -6.52562369634949 -6.095927553280349 -5.737473785236006 -5.439551126041401 -4.995407228596601 -4.626242194377201 -4.369420905389211 -4.166155947276503 -4.189571273333605 -4.2062609206296235 -4.226687056126243 -4.312626284740071 -4.49048312308869 -4.586137221024082 -4.440663280414007 -4.123310882576276 -3.8293738107956465 -3.9434612505206705 -4.669087259077428 -5.175007761438835 -5.548158383072209 -5.397702458194667 -4.7276255742201805
-2.7071818545484123 -3.502057444422979 -4.105624838426763 -4.646668329873821 -5.142873962913663 -5.679931866946746 -5.983583808048939 -6.3106510752082325 -6.686790887402089 -6.879095480126366 -7.019836535682345 -7.045991953086554 -7.029551405003908 -6.699494947284133 -6.507937652199978 -6.394597510115074 -6.411287157411093 -6.563735875995622 -6.731628745809304 -6.662379164491495 -6.508934049053471 -6.164180737744665 -5.798004894085745 -5.314752420141319 -4.856658966747609 -4.454363737149545 -4.214979393097693 -4.2667920294793635 -4.325330344622116 -4.409276779528957 -4.336041610797173 -4.403547497621368 -4.5831480304636 -4.662361580316347 -4.424970029971481 -4.074487436755087 -4.027407685427511 -4.351734861239698 -5.178993348852808 -5.826402204410314 -6.138772617980576 -6.351752445414847 -5.8605287966424715
-2.5216029405852183 -3.5127687105980363 -4.147722605486871 -4.704210248163079 -5.314752420141319 -5.862521590349459 -6.284246558590651 -6.609570131256331 -6.776466604216519 -6.927918925947555 -7.025565817589934 -6.970016693007662 -6.932900910215023 -6.65839357707752 -6.4581178095252945 -6.351752445414847 -6.3711821840579725 -6.5791800272247745 -6.713195404019671 -6.562739479142128 -6.382142549446403 -6.066533846102287 -5.70135439929686 -5.209134353670992 -4.759012075105231 -4.361449730561261 -4.290207355536465 -4.361449730561261 -4.32632674147561 -4.3283195351825965 -4.0851987029301435 -4.106621235280257 -4.3704173022427035 -4.566707482380955 -4.3283195351825965 -4.007977946784385 -4.002995962516916 -4.701470156815972 -5.557873252393772 -6.27179159792198 -6.514912430174433 -6.748318393105323 -6.823546355544094
-2.446374978146447 -3.4415263355732395 -4.257077160157801 -4.849684188773154 -5.490367365569577 -6.185852369308152 -6.611562924963318 -6.868384213951309 -7.031544198710896 -7.0108689640009025 -7.113497839910749 -6.9416193826830925 -6.8643986265373345 -6.6045881469888625 -6.466088984353243 -6.362463711589903 -6.501211973438895 -6.70721702289871 -6.6182886037244 -6.433706086614699 -6.1895888575087525 -5.861525193495966 -5.485634480515483 -5.01782615780021 -4.57144036743505 -4.455360134003039 -4.386857850325349 -4.367428111682223 -4.236401925447806 -4.000255871169809 -3.5421624177760993 -3.5812709942757253 -4.141744224365909 -4.342019991918134 -4.302911415418508 -3.9865554144342714 -4.2931965460969455 -5.094050517092475 -5.883944122699573 -6.355738032828821 -6.4484029402037315 -6.175888400773215 -6.215993374126335
-2.321576272246366 -3.3672947699879616 -4.341023595064641 -4.939609004800957 -5.583281372157861 -6.320615043743169 -6.885821158887448 -7.1426424478754384 -7.152606416410375 -7.0890861170001545 -7.1496172258498945 -6.969020296154168 -6.887813952594435 -6.657397180224026 -6.5440570381391225 -6.578183630371281 -6.7169318922202725 -6.655404386517039 -6.508934049053471 -6.222719052887418 -5.950453612670275 -5.625130040004595 -5.2716582562277186 -4.8302544501300275 -4.632967873138283 -4.516887639706272 -4.4142587637964255 -4.374153790443305 -3.981573430166803 -3.5548664776581433 -3.0489459752967374 -3.0957766274109395 -3.7150372718572493 -4.282485279921888 -4.242380306568768 -4.32059745956802 -4.688766096933929 -5.287351506670245 -5.86551078090994 -6.017710400281096 -5.650538159768683 -5.198423087495935 -4.240387512861782
-2.1885572923049623 -3.289326716202083 -4.300918621711521 -4.901496825154824 -5.574313800476418 -6.239408700183436 -6.7854341758979615 -7.022576627029452 -7.05296673106101 -7.05296673106101 -7.075385660264617 -6.991439225357776 -6.947348664590681 -6.767748131748449 -6.793156251512538 -6.800878327127113 -6.652415195956558 -6.549039022406591 -6.315633059475701 -5.953193704017382 -5.715054856032397 -5.4532515827769386 -5.144617657407277 -4.938612607947464 -4.739333237248731 -4.595852090345645 -4.4932232144357975 -4.158433871661928 -3.6779214890646106 -3.157304133114173 -2.7462904310480383 -2.7774278327197153 -3.3869736078444617 -4.03238966969498 -4.409276779528957 -4.558736307553005 -4.732607558487649 -5.113480255735601 -5.30379205475289 -5.24326094590315 -4.801857139805458 -4.26579563262587 -3.534440342161523
-1.9661116947625028 -3.1690117961427235 -4.20825371433661 -4.893774749540249 -5.64082329044712 -6.163184340891171 -6.4229948204396425 -6.644693120341982 -6.866391420244321 -6.9583090299791115 -6.914218469212017 -6.8379941099197525 -6.805860311394581 -6.911229278651536 -6.965034708740194 -6.846961681601195 -6.583165614638749 -6.259087538039936 -5.9895621891699005 -5.759892714439612 -5.606696698214963 -5.4024353432487615 -5.216109131645448 -5.024551836561292 -4.7874093854298 -4.623253003816719 -4.365435317975235 -3.9006161858204433 -3.476649324658891 -3.030512633507105 -2.7061854576949185 -2.800095861136696 -3.3869736078444617 -4.060786980019549 -4.512902052292297 -4.585140824170587 -4.607559753374195 -4.533328187788918 -4.5968484871991375 -4.448385356028583 -4.226687056126243 -3.7247521411788123 -3.293063204402684
-1.661214257593443 -3.0315090303605987 -4.2862217681224895 -4.893774749540249 -5.413146609423819 -5.752170638825037 -6.004009943545559 -6.234675815129341 -6.457121412671801 -6.6212777942848815 -6.64967510460945 -6.704227832338228 -6.697502153577146 -6.857672947776252 -6.933897307068517 -6.797141838926512 -6.44541374964325 -6.060804564194697 -5.838109867438865 -5.714058459178904 -5.600718317094 -5.522750263308121 -5.3673123541631105 -5.1241915219106575 -4.899504031447837 -4.654390405488397 -4.269781220039844 -3.7842868531750584 -3.499317353075872 -3.247228949141976 -3.1749901772636857 -3.404410552780601 -3.8839265385244244 -4.376146584150293 -4.655386802341891 -4.646668329873821 -4.4055402913283555 -4.187578479626618 -4.1992861426551675 -3.761867923971451 -3.4103889339015625 -2.8389553384229487 -2.255066782275664
-1.5324299642793875 -2.9924004538609723 -4.005985153077398 -4.537313775202891 -5.036259499589842 -5.492360159276565 -5.789286421617675 -5.960168481991838 -6.118346482483956 -6.302928999593657 -6.407301569997117 -6.527616490056477 -6.554768304314179 -6.694512963016665 -6.779455794776999 -6.6212777942848815 -6.265813216801018 -5.9280346834666675 -5.79401930667177 -5.744199463997087 -5.762881905000093 -5.709076474911436 -5.577302991036899 -5.383005604605636 -5.164296495263777 -4.779438210601851 -4.292200149243452 -3.9581581041097023 -3.8077021792321597 -3.7200192561247176 -3.7327233160067617 -4.009970740491372 -4.436677693000032 -4.7346003521946365 -4.78442019486932 -4.688766096933929 -4.387854247178843 -3.9835662238737903 -3.4455119229872144 -2.9248945670367767 -2.256063179129158 -1.436775866343996 -0.8810355213079075
-1.7892512532673783 -2.8653598550405306 -3.6701994134500344 -4.292200149243452 -4.843954906865566 -5.311763229580839 -5.584277769011354 -5.7130620623254105 -5.75316703567853 -5.857539606081991 -6.024685178255552 -6.203289314244291 -6.340044782386296 -6.502208370292389 -6.564732272849116 -6.410290760557599 -6.118346482483956 -5.956182894577863 -5.875225650231503 -5.875225650231503 -5.915330623584623 -5.856543209228498 -5.917074318078237 -5.719787741086492 -5.388734886513224 -4.9513166678295075 -4.469807888378696 -4.1651595504230094 -3.985559017580778 -3.99228469634186 -4.015700022398961 -4.201278936362155 -4.467067797031589 -4.433688502439551 -4.350738464386204 -4.047086523284011 -3.6574953535679904 -3.183708649731755 -2.443634886799339 -1.7043084215070436 -0.8586165921043001 -0.3947938568030014 -0.5509790635881326
