static/data/ASCData/20210126/ASCU/21.asc
ncols 97
nrows 97
xllcorner 99.0
yllcorner 2.0
cellsize 0.25
NODATA_value -32767
[rows 38 to 56 of 97, columns 43 to 85 of 97]
-4.545579021144702 -4.704671219922417 -4.8716924511150985 -5.034621278480701 -5.1215848598061395 -5.178366962906868 -5.3402726893157 -5.383242929500035 -5.402937622917855 -5.4625332536497 -5.392195062871771 -5.494760933787951 -5.57967831319985 -5.644133673476352 -5.631344911516729 -5.528779040600549 -5.464323680324047 -5.437978830687223 -5.388358434283884 -5.354084552232093 -5.318020243505956 -5.390148860958231 -5.4420712345143025 -5.501411090006956 -5.590420873245934 -5.695800271793231 -5.775857921660473 -5.856938672484485 -5.756419003481845 -5.672524725026716 -5.5658664502834565 -5.492714731874411 -5.24077612126983 -4.971189019160969 -4.736898900060668 -4.407716167219962 -3.9869658987483523 -3.3344832635683668 -2.7592447506245064 -2.2602272589600014 -2.3208459906486163 -1.9448563890356882 -0.6938596941453277
-4.350166738401657 -4.416668300591699 -4.6637471816516225 -4.9126164893858935 -4.9975338687977935 -5.0532928709417515 -5.213408170676236 -5.34129579027247 -5.364827112278177 -5.435165303056106 -5.4691834098687035 -5.671501624069946 -5.911674573671673 -6.03674866563679 -5.915511202259561 -5.753605475850728 -5.466369882237586 -5.379406300912148 -5.3295301292696164 -5.262261241361998 -5.281700159540625 -5.3305532302263865 -5.396031691459658 -5.433119101142566 -5.504480392877264 -5.529802141557319 -5.595280602790591 -5.557170092150914 -5.458440849822621 -5.353061451275323 -5.22312762976555 -5.126444589350797 -5.048433141397094 -4.758384020152835 -4.371651858493824 -4.0102414455148665 -3.570819584582207 -2.973328625828602 -2.545416650659603 -2.1801696090927587 -1.7944605483905172 -2.13054921268942 -1.1166561645304771
-4.025843735105608 -4.141198367981411 -4.414622098678159 -4.727179440971355 -4.9271956780198645 -5.027971122261697 -5.2182679002208925 -5.34538819409955 -5.406774251505742 -5.475066240370131 -5.646947201107469 -5.864867704899452 -6.151847523273402 -6.352119535561103 -6.234974476010953 -5.941856051896385 -5.651039604934549 -5.3852891314135745 -5.359967382733521 -5.253564883229453 -5.368663740866064 -5.450767592646846 -5.375569672324261 -5.3717330437363735 -5.34231889122924 -5.365850213234947 -5.302417953915215 -5.243589648900947 -5.216477473546545 -5.111865400716827 -5.007509103126299 -4.929241879933404 -4.810050618469714 -4.361932399404511 -3.972130934875189 -3.6283690134005124 -3.2017359144274757 -2.747734864860845 -2.4029498424293982 -2.0453760580383284 -1.489832238512288 -1.5834459760567312 -1.0337849870321176
-3.7086824385069472 -3.9125353041433444 -4.1498947261139545 -4.480100559911431 -4.758384020152835 -5.057129499529639 -5.249472479402375 -5.486831901372984 -5.550264160692716 -5.584538042744507 -5.773044394029355 -6.058233785728958 -6.271038784737091 -6.432177185428346 -6.306335767745652 -6.015263545544624 -5.837499754305858 -5.575841684611963 -5.552310362606256 -5.328762803552039 -5.425445843966791 -5.570981955067307 -5.410610880093628 -5.248705153684797 -5.2192910011776625 -5.137187149396881 -5.071964463402802 -4.959423358158116 -4.937170912348371 -4.894200672164036 -4.911593388429123 -4.838441670020078 -4.571923870781527 -4.12559607839067 -3.7114959661380644 -3.3667109437066176 -2.9740959515461793 -2.56792487170854 -2.1254337079055707 -1.5834459760567312 -1.0562932080810548 -1.277794565221732 -0.7184141171078047
-3.3365294654819064 -3.6695488269105 -3.9017927440972606 -4.200793998713255 -4.577806701282953 -4.894200672164036 -5.23872991935629 -5.477112442283671 -5.652830031608897 -5.66766499548206 -5.8451730114816325 -6.195840864414505 -6.319891855422853 -6.35800236606253 -6.23983420555561 -6.068976345775042 -5.891212554536276 -5.8999089126688204 -5.905791743170247 -5.435165303056106 -5.364827112278177 -5.510363223378691 -5.339505363598123 -5.182203591494755 -5.098309313039626 -5.016205461258844 -4.828722210930764 -4.7056943208791875 -4.704671219922417 -4.796494530792513 -4.920545521800861 -4.8159334489711405 -4.512328240049682 -4.049375057111314 -3.6342518439019393 -3.2426599526982707 -2.8326522442727446 -2.3735356899222646 -1.7924143464769775 -1.108982907354703 -0.3746521956331277 -0.8532076681622351 -1.0250886288995738
-2.975119052502949 -3.3091615148883124 -3.7007534060919807 -3.941949456650478 -4.334564448810916 -4.739712427691785 -5.115702029304714 -5.393218163828541 -5.573795482698424 -5.752582374893958 -5.904768642213477 -6.2203952873769826 -6.3170783277917355 -6.354165737474643 -6.227045443595987 -6.063093515273614 -6.010403815999966 -6.056187583815419 -6.125502673636577 -5.71549496521105 -5.34231889122924 -5.319810670180303 -5.229010460266977 -5.13923335131042 -5.030784649892814 -4.8578805881987055 -4.6499353187352295 -4.537649988729736 -4.560158209778673 -4.867855822527212 -5.0522697699849815 -4.890108268336957 -4.484960289456088 -4.035818969434114 -3.5690291579078597 -3.164648504744568 -2.7758701411720166 -2.238742138867834 -1.7095431689786178 -1.168578538086548 -0.281805783806262 -0.7094619837360683 -1.2320107974062802
-2.7817529716734435 -2.9047808617250204 -3.4879484070838473 -3.7437236462763153 -4.307196498217323 -4.772963208786806 -5.165578200947245 -5.411633981050398 -5.629554484842382 -5.924463335631297 -6.022936802720397 -6.296360533417145 -6.398926404333325 -6.315032125878195 -6.202746795872702 -6.117829416460802 -6.089438364910439 -6.11961984313515 -6.15593992710048 -6.078695804864355 -5.46151015269293 -5.211361968762697 -5.154835640901161 -5.043573411852437 -4.910826062711546 -4.743804831518865 -4.5941763165912715 -4.503376106677945 -4.518978396268686 -4.810050618469714 -5.045363838526785 -5.045363838526785 -4.621544267184865 -4.087485567750992 -3.56698295599432 -3.172321761920342 -2.857973992952799 -2.4400372521123064 -2.0717209076751524 -1.727191660482898 -1.0199731241157244 -1.022019326029264 -0.9780259848881596
-2.587363789887168 -2.6490056225325525 -3.3608281132051907 -3.731957985273462 -4.352980266032774 -4.835628142388961 -5.22312762976555 -5.473275813695784 -5.7055197308825445 -6.058233785728958 -6.283827546696715 -6.490749715203421 -6.349306007929986 -6.2467401370138065 -6.230114746466296 -6.128571976506887 -6.046468124726104 -6.080742006777895 -6.15593992710048 -6.099157823999753 -5.401914521961086 -5.157649168532278 -5.090380280624659 -4.985000882077362 -4.843301399564735 -4.68216299887348 -4.578574027000531 -4.593408990873694 -4.6363792310580285 -4.882435011161183 -5.167624402860785 -5.104192143541052 -4.619753840510517 -4.114853518344587 -3.6490868077751024 -3.2897225967096846 -3.1508366418281746 -2.948774202866125 -2.954657033367552 -3.015275765056167 -3.0551767023701917 -2.784822274543753 -2.1285030107758804
-2.391184181426545 -2.6607712835354063 -3.287676394796145 -3.8902828583335998 -4.549415649732589 -5.059175701443178 -5.4147032839207085 -5.66561879356852 -5.917557404173101 -6.2203952873769826 -6.454685406477283 -6.436013814016233 -6.283827546696715 -6.202746795872702 -6.146987793728744 -6.051327854270761 -6.047491225682874 -6.156707252818058 -6.24188040746915 -6.082532433452242 -5.495784034744721 -5.201642509673382 -5.029761548936044 -4.929241879933404 -4.80237736129394 -4.6637471816516225 -4.584456857501957 -4.65198152064877 -4.854043959610818 -5.142046878941537 -5.198828982042265 -5.020042089846731 -4.5816433298708406 -4.1498947261139545 -3.8442433152789555 -3.6879646441323573 -3.8345238561896418 -3.9176508089271938 -4.508235836222602 -4.773986309743576 -5.138210250353651 -5.016205461258844 -4.626403996729522
-2.140268671778734 -2.7369923048147617 -3.3413891950265633 -4.1245729774339 -4.71745998188204 -5.22210452880878 -5.490668529960871 -5.739793612934335 -6.067953244818272 -6.370791128022153 -6.542416313520299 -6.520163867710554 -6.478984054200568 -6.229091645509526 -6.110923485002607 -6.0533740561843015 -6.083555534409012 -6.242647733186727 -6.374627756610041 -6.235997576967723 -5.652830031608897 -5.188086421996182 -4.9271956780198645 -4.821816279472568 -4.680116796959941 -4.541486617317623 -4.529720956314769 -4.66656070928274 -5.14025645226719 -5.389125760001462 -5.220314102134433 -4.9271956780198645 -4.5102820381361415 -4.144011895612528 -3.944762984281595 -4.1918418653415195 -4.523070800095765 -5.061221903356717 -5.827780295216544 -6.183052102454882 -6.5669707364827765 -6.430130983514806 -5.509340122421921
-1.8668449410819856 -2.8316291433159746 -3.4449781668995128 -4.283665176211615 -4.8589036891554755 -5.432096000185796 -5.740816713891105 -6.035725564680021 -6.347259806016447 -6.375650857566811 -6.473101223699141 -6.449825676932626 -6.459545136021941 -6.195840864414505 -6.049281652357221 -6.007334513129656 -6.130362403181234 -6.30710309346323 -6.335494145013593 -6.11859674217838 -5.625462081015302 -5.113911602630366 -4.8149103480143705 -4.5806202289140705 -4.443013150228523 -4.358863096534201 -4.376511588038481 -4.822839380429338 -5.25944771373088 -5.387335333327115 -5.229010460266977 -4.9566098305269986 -4.546346346862279 -4.215373187347226 -4.285711378125155 -4.5941763165912715 -5.2192910011776625 -5.877400691619883 -6.494586343791308 -6.910732657957453 -7.2076877106599095 -7.288512686244729 -6.584619227987057
-1.640228079157459 -3.0191123936440536 -3.6245323848126256 -4.450686407404296 -5.097286212082856 -5.66766499548206 -6.085601736322552 -6.378464385197928 -6.430130983514806 -6.436013814016233 -6.446756374062316 -6.284850647653484 -6.268992582823552 -6.089438364910439 -5.952598611942468 -6.026006105590707 -6.151847523273402 -6.2741080876074005 -6.23881110459884 -5.988918695907799 -5.57865521224308 -5.0806608215353455 -4.742781730562095 -4.486750716130435 -4.314102429675518 -4.231998577894736 -4.450686407404296 -4.920545521800861 -5.221337203091203 -5.3315763311831565 -5.22210452880878 -5.015182360302074 -4.642262061559455 -4.352212940315196 -4.422551131093125 -4.948680798112032 -5.6080693647502144 -6.337540346927133 -6.821722874718475 -7.285699158613612 -7.380335997114825 -7.480088340399886 -7.4703688813105735
-1.8980495202634668 -3.2807704633379484 -3.901025418379683 -4.606965078550894 -5.288606090998822 -5.961550745314205 -6.382301013785815 -6.593315586119601 -6.643191757762132 -6.522977395341671 -6.518117665797016 -6.189958033913079 -6.094298094455096 -5.953621712899238 -5.8863528249916195 -5.958481442443896 -6.102227126870062 -6.22218571405133 -6.110923485002607 -5.896072284080933 -5.559216294064453 -5.114934703587136 -4.779869140245003 -4.436107218770326 -4.262180056119448 -4.277015019992611 -4.498516377133289 -4.945867270480915 -5.196782780128726 -5.25740151181734 -5.099076638757203 -4.943821068567376 -4.757360919196065 -4.466288696995037 -4.583433756545188 -5.113911602630366 -5.948761983354581 -6.682069594119387 -7.010229226003323 -7.265237139478215 -7.190039219155629 -6.757267514441972 -6.71250684758329
-2.165590420458788 -3.4800193746688812 -4.180331979577858 -4.735875799103899 -5.3863122323703445 -6.091484566823979 -6.592292485162831 -6.8043301584533875 -6.754453986810855 -6.603035045208914 -6.570807365070664 -6.267202156149204 -6.109900384045837 -5.912697674628443 -5.846196112438402 -5.817805060888038 -5.961550745314205 -6.092251892541556 -5.985849393037489 -5.843382584807285 -5.556146991194144 -5.161741572359357 -4.824885582342878 -4.46347516936392 -4.309242700130862 -4.323821888764833 -4.452732609317836 -4.88729474070584 -5.1090518730857095 -5.102145941627512 -4.882435011161183 -4.773986309743576 -4.619753840510517 -4.586503059415497 -4.703648118965647 -5.415470609638286 -6.295593207699568 -6.7475480553526594 -6.912778859870993 -6.849090825312068 -6.3160552268349655 -5.701683102294657 -4.5795971279573005
-2.046399158995098 -3.3912653666690944 -4.329704719266259 -4.794448328878974 -5.4556273221915035 -6.098134723042983 -6.572853566984204 -6.7623830192258225 -6.725039834303722 -6.591269384206061 -6.537556583975643 -6.403786133877982 -6.230114746466296 -5.973316406317059 -5.79836614270941 -5.750536172980419 -5.823687891389465 -5.972293305360289 -5.929323065175954 -5.750536172980419 -5.556146991194144 -5.232847088854864 -4.859926790112246 -4.713367578054962 -4.558112007865134 -4.387254148084565 -4.485983390412857 -4.591362788960154 -4.838441670020078 -4.848161129109392 -4.687022728418137 -4.541486617317623 -4.499539478090059 -4.597245619461581 -5.1080287721289395 -5.8715178611184555 -6.244693935100267 -6.451616103606973 -6.383324114742584 -6.0395621932679076 -5.395008590502888 -4.593408990873694 -3.68617421745801
-1.7115893708921575 -3.2183613049749864 -4.405925740545615 -4.988837510665249 -5.584538042744507 -6.095321195411866 -6.393043573831898 -6.588455856574944 -6.66569997881107 -6.576690195572091 -6.460568236978709 -6.344190503146137 -6.215279782593133 -6.0815093324954725 -5.888143251665967 -5.770998192115816 -5.792483312207984 -5.853102043896598 -5.808085601798724 -5.69989267562031 -5.524942412012662 -5.335412959771043 -5.229010460266977 -5.1215848598061395 -4.860949891069016 -4.592385889916924 -4.286734479081925 -4.185191709122515 -4.453755710274606 -4.56399483836656 -4.521024598182225 -4.414622098678159 -4.541486617317623 -4.974258322031279 -5.480949070871558 -5.727004850974712 -5.878423792576653 -5.807062500841955 -5.687103913660687 -5.284769462410935 -4.889340942619379 -4.1110168897567 -3.4595573555334838
-1.4683471184201204 -3.232940493608957 -4.796494530792513 -5.310091211090989 -5.625462081015302 -5.820874363758348 -6.102994452587639 -6.368744926108613 -6.476170526569451 -6.449825676932626 -6.383324114742584 -6.25748269705989 -6.1078541821322965 -6.015263545544624 -5.855148245810138 -5.738770511977565 -5.728027951931482 -5.776881022617243 -5.8170377351704605 -5.794529514121523 -5.617788823839528 -5.6919636432053435 -5.687103913660687 -5.353061451275323 -4.9566098305269986 -4.545579021144702 -4.141198367981411 -3.9340204242355115 -4.129432706978557 -4.359886197490971 -4.619753840510517 -4.653771947323117 -4.894967997881613 -5.175297660036558 -5.273003801408081 -5.276840429995968 -5.318020243505956 -5.245635850814487 -5.185017119125872 -4.654795048279887 -4.186982135796862 -3.5552172949914667 -2.8843188425896233
-1.2455668850834811 -3.5288724453546423 -5.110842299760057 -5.326716601638499 -5.4691834098687035 -5.597326804704131 -5.811154904669033 -6.034702463723251 -6.189958033913079 -6.267202156149204 -6.278967817152058 -6.217325984506672 -6.047491225682874 -5.929323065175954 -5.790692885533636 -5.638250842974926 -5.609859791424562 -5.725214424300365 -5.906814844127017 -6.031888936092134 -6.043398821855795 -5.89888581171205 -5.707565932796085 -5.302417953915215 -4.905710557927698 -4.459638540776034 -4.047328855197775 -3.936066626149051 -4.1089706878431596 -4.460405866493611 -4.772963208786806 -4.889340942619379 -5.058152600486408 -5.192946151540839 -5.158672269489048 -5.076824192947458 -4.9545636286134584 -4.777822938331463 -4.443013150228523 -4.044515327566658 -3.4048214543462954 -2.829582941402435 -2.56792487170854
-1.8218284989841114 -3.9340204242355115 -4.962492661028425 -5.227987359310207 -5.408820453419281 -5.526988613926202 -5.627508282928842 -5.79631994079587 -5.936996322351728 -6.022936802720397 -6.174355744322338 -6.226022342639217 -6.051327854270761 -5.7484899710668795 -5.612929094294871 -5.494760933787951 -5.492714731874411 -5.737747411020795 -6.03674866563679 -6.285617973371062 -6.275898514281748 -6.003497884541769 -5.711402561383972 -5.288606090998822 -4.892154470250496 -4.518978396268686 -4.321775686851293 -4.285711378125155 -4.376511588038481 -4.713367578054962 -4.88422543783553 -5.017228562215614 -5.073754890077149 -5.005462901212759 -4.907756759841237 -4.679349471242363 -4.471148426539694 -4.361932399404511 -3.8531954486506916 -3.241636851741501 -2.602198753760331 -2.545416650659603 -3.238823324110384
