static/data/seaWind_uo/2023/7/28/0.asc
ncols 137
nrows 93
xllcorner 108.0
yllcorner 17.0
cellsize 0.25
NODATA_value -32767
[rows 19 to 37 of 93, columns 86 to 128 of 137]
0.3160142791307048 0.10139072901300406 -0.36469474176498773 -0.6602025402479414 -0.878029426934563 -0.9565111728731253 -0.7426884568976548 -0.48241736067283103 -0.1805028890520357 0.0845732120261693 0.27276923545027243 0.5042103025548079 0.5458536779507797 0.5394470048129381 0.49059612213689396 0.48418944899905236 0.384886015362504 0.29599342557494923 0.33203096197530924 0.24073586976106354 0.12141158256875961 0.04453150491465774 0.16705912867588246 0.12461491913768041 -0.3238522005112463 -0.789136837147008 -0.9252786413261465 -0.856406905094347 -0.7298751106219712 -0.42075313172110373 0.13662743127113375 0.18788081637386833 0.24073586976106354 0.21831251377861705 -0.026742733743832403 -0.30463218109772106 -0.11083031867800619 0.016502309936599957 -0.1764987183408846 0.14463577269343642 0.780498081624236 1.2818202546603579 1.3635053371678412
-0.05717443114858067 -0.23095544001253998 -0.6521941988256392 -0.8628135782321888 -0.9565111728731253 -0.8580085733788074 -0.41835062929441325 0.06695486089710423 0.47217693686559903 0.7020163356856739 0.6259370921738023 0.564272863222075 0.45856275644768507 0.33603513268646035 0.1694616311025734 0.014900641652139335 -0.13966034779829428 -0.22935377172807936 -0.16448620620743126 -0.15247369407397793 -0.09641530411786192 -0.052369426295199695 -0.051568592152969384 -0.14126201608275446 -0.4752098533927591 -0.8275768759740587 -1.0005570506957877 -1.0301879139583061 -1.0325904163849968 -0.7931410078581591 -0.10362281139793383 -0.006721880188076401 0.09978906072854343 0.15264411411573864 0.06054818775926263 0.013298973367679157 0.7044188381123644 1.3074469472117252 1.1360684407744568 1.3587003323144597 1.78474409598094 2.053824367770296 1.8904542027553304
-0.5496874286201703 -0.6698125499547043 -0.9461003290241323 -1.0053620555491691 -0.9444986607396719 -0.6569992036790206 -0.2902171665375768 0.002087295376455689 0.2383333673343726 0.38889018607365555 0.24554087461444496 0.09658572415962263 0.010896470940988223 0.02771398792782298 0.12221241671098992 -0.05717443114858067 -0.17810038662534522 -0.25017545942606567 -0.31023802009333235 -0.5905299698739117 -0.5288657409221844 -0.27980632268858363 0.04533233905688805 -0.15567703064289873 -0.3558855662004552 -0.5977374771539838 -0.8219710369784472 -1.238404790938165 -1.4946717164518375 -1.5859668086660834 -0.986942870277874 -0.3350638785024693 0.06935736332379472 0.15184327997350833 -0.02353939717491116 -0.19251540118548904 0.6523646188673999 1.8263874713769117 2.3341163175508757 2.5591507115175696 2.547939033526346 2.511901497125986 2.2051820206518093
-0.9372911534595998 -0.8748260903656422 -1.0069637238336295 -1.107067991612408 -1.1374996890171565 -0.9268803096106069 -0.5368740823444866 -0.3863172636052039 -0.2357604448659214 -0.242167118003763 -0.25097629356829554 -0.298225507959879 -0.27099714712405154 -0.22534960101692825 -0.033149406881674004 -0.08360195784217828 -0.22695126930138887 -0.33746638092916026 -0.36709724419167866 -0.4936290386640545 -0.54888659447794 -0.3711014149028298 0.5834928826356003 0.30960760599286274 0.08697571445285979 -0.262187971559519 -0.6882317352259995 -1.1791430644131282 -1.2584256444939208 -1.1687322205641353 -1.525103413856586 -1.075835460065429 -0.5953349747272931 -0.25337879599498647 -0.22534960101692825 -0.3350638785024693 -0.04996692386850876 0.8221414570202077 1.3739161810168339 1.7414990523005076 1.7511090620072705 1.6694239794997876 1.487634629213526
-0.9316853144639883 -0.9821378654244926 -1.1102713281813288 -1.2584256444939208 -1.4882650433139957 -1.4586341800514773 -1.2680356542006834 -1.2143797666712584 -1.1302921817370846 -0.9132661291926931 -0.6890325693682295 -0.5336707457755656 -0.5584966041847026 -0.48401902895729165 -0.403935614734269 -0.3815122587518225 -0.27820465440412345 -0.24296795214599332 -0.09321196754894112 -0.15727869892735935 -0.34387305406700186 -0.8892411049257862 0.14543660683566628 0.2375325331921423 0.2247191869164591 0.030116490354513914 -0.9469011631663626 -1.6988844227205453 -1.195960581399963 -1.2744423273385252 -1.7341211249786754 -1.7749636662324169 -1.320089873445648 -0.9989553824113273 -0.8267760418318286 -0.7234684374841294 -0.6794225596614669 -0.42715980485894534 -0.04596275315735765 0.28478174758372576 0.46096525887437556 0.5194261512571821 0.4697744344389081
-0.8652160806588796 -0.7811284957247058 -0.9725278557177299 -1.0478062650873712 -1.2616289810628416 -1.4145883022288148 -2.322734219517892 -2.514133579510916 -2.6190428521430755 -2.160965722787386 -1.7621503199567332 -0.459994004690385 -0.27019631298182123 -0.2902171665375768 -0.6666092133857833 -0.5376749164867167 -0.3262547029379368 -0.16448620620743126 -0.05957693357527161 -0.1989220743233311 -0.7539001348888781 -1.5194975748609747 -0.7827301640091662 -0.3190471956578649 -0.012327719183688135 -0.3302588736490879 -1.1302921817370846 -1.6796644033070198 -1.2656331517739927 -1.3272973807257202 -1.9303254898250808 -2.2178249468857323 -1.9415371678163038 -1.6396226961955085 -1.4394141606379518 -1.2536206396405394 -1.241608127507086 -1.1334955183060054 -0.9380919876018301 -0.7635101445956407 -0.5729116187448469 -0.4688031802549175 -0.459994004690385
-0.76110764216895 -0.6778208913770065 -0.6089491551452069 -0.6578000378212507 -0.7771243250135544 -1.2047697569644955 -2.1161190108224934 -2.70473210536171 -2.9754140454355262 -2.614237847289694 -1.8910846168557995 -0.5849241308783002 0.10139072901300406 -0.206129581603403 -0.6465883598300277 -0.7627093104534104 -0.5616999407536236 -0.16288453792297064 -0.25498046427944665 -0.39112226845858533 -0.2902171665375768 -0.9316853144639883 -0.7378834520442734 -0.6890325693682295 -0.3807114246095922 -0.8275768759740587 -1.4682441897582401 -1.6996852568627756 -1.5307092528521977 -1.5923734818039252 -2.2730825026996175 -2.485303550390628 -2.249057478432711 -2.016014743043715 -1.8150053733439282 -1.7757645003746472 -1.7989886904993235 -1.6876727447293223 -1.634817691342127 -1.4802567018916934 -1.3240940441567992 -1.2480148006449279 -1.2392056250803953
-0.9108636267660024 -0.42235480000556436 -0.323051366369016 -0.435168146281248 -0.36309307348052755 -0.7178625984885179 -1.1158771671769403 -1.545925101554572 -1.7573453151033518 -2.263472492992855 -1.5779584672437812 -0.658600871963481 0.09178071930624121 -0.3759064197562112 -0.6826258962303877 -0.7987468468537706 -0.5416790871978678 0.016502309936599957 0.007693134372067423 0.36566599594897875 0.48739278556797316 0.5850945509200609 0.25435005017897705 0.11019990457753659 -0.6914350717949203 -1.2936623467520507 -2.0144130747592546 -1.7381252956898265 -1.6876727447293223 -2.0240230844660174 -2.7055329395039402 -2.6791054128103426 -2.4829010479639373 -2.249858312574941 -2.2202274493124228 -2.2690783319884664 -2.329941726797964 -2.318730048806741 -2.266675829561776 -2.1641690593563068 -1.987985548065657 -1.9063004655581741 -1.8182087099128492
-1.040598757807299 -0.5152515605042705 -0.28861549825311617 -0.43276564385455707 -0.2862129958264257 -0.4111431220143409 -0.785933500578087 -1.0742337917809686 -1.1006613184745662 -1.743731134685438 -1.7325194566942148 -1.0101670604025506 -0.10442364554016415 -0.23736211315038203 -0.4936290386640545 -0.5176540629309612 -0.30703468352441154 0.4921977904213546 1.1721059771748168 1.5765272190010813 1.7759349204164079 1.9345000805779926 1.4443895855330942 0.7684855694907826 -0.16688870863412175 -1.1911555765465818 -2.121724849818105 -1.9751722017899733 -2.276285839268539 -2.6366612032721406 -2.908143977488187 -2.760790495317826 -2.5942169937339385 -2.514133579510916 -2.542963608631204 -2.7231512906330053 -2.772002173309049 -2.7575871587489047 -2.7311596320553075 -2.6222461887119963 -2.4981168966663114 -2.434050165287893 -2.329941726797964
-1.7100961007117685 -1.142304693870538 -0.8900419390680165 -0.7587051397422593 -0.3534830637737647 -0.3935247708852758 -0.7827301640091662 -1.1519147035773005 -0.7691159835912522 -0.9364903193173697 -1.1983630838266537 -1.131893850021545 -0.3807114246095922 -0.09241113340671081 -0.1764987183408846 -0.08600446026886921 0.2919892548637981 0.8934156956786983 1.5412905167429511 1.9136783928800063 2.077048557894973 1.991359304676339 1.497244638920289 0.6876013211255296 -0.3534830637737647 -1.3841566048240663 -1.9607571872298295 -2.160965722787386 -2.5157352477953765 -2.81204388042056 -2.9617998650176127 -2.878513114225669 -2.6718979055302707 -2.620644520427536 -2.7359646369086885 -2.913749816483799 -3.033874937818333 -3.1139583520413554 -3.1299750348859603 -3.0923358302011397 -3.015455752547038 -2.9057414750614967 -2.7095371102150914
-2.7351638027664587 -2.036836430741701 -1.2968656833209715 -0.5697082821759258 -0.02514106545937178 -0.31344135666225315 -0.838788553965282 -1.1391013573016169 -0.683426730372618 -0.435168146281248 -0.5512890969046307 -0.6449866915455671 -0.38871976603189484 -0.3014288445287998 -0.30383134695549074 -0.07399194813541543 0.36166182523782764 0.6243354238893422 0.9734991099017205 1.2577952303934512 1.3899328638614383 1.2650027376735231 0.7941122620421499 0.006892300229837112 -0.9757311922866507 -1.8934871192824905 -2.3219333853756616 -2.5341544330666714 -2.8136455487050207 -3.02186242568488 -3.081124152209916 -2.9209573237638713 -2.760790495317826 -2.825658060838474 -3.0290699329649518 -3.1708175761397017 -3.3397935801502796 -3.421478662657763 -3.465524540480425 -3.476736218471648 -3.3862419603996328 -3.242091814798192 -3.0434849475250956
-3.317370224167833 -2.5269469257865995 -1.5339125894211185 -0.6241650038475812 -0.2565821325639073 -0.5897291357316816 -0.9853412019934134 -0.9549095045886649 -0.5464840920512493 -0.31344135666225315 -0.23335794243923091 -0.27420048369297234 -0.47921402410391023 -0.6081483210029768 -0.5625007748958539 -0.5200565653576519 -0.3638939076227574 -0.36229223933829724 -0.04836525558404858 0.19028331880055926 0.3048026011394813 0.25194754775228656 -0.019535226463760047 -0.5592974383269329 -1.4169908046555055 -2.2234307858813436 -2.711939612641782 -2.878513114225669 -3.029870767107182 -3.158004229864018 -3.1355808738815716 -3.0114515818358867 -2.9249614944750224 -3.025866596396031 -3.225274297811357 -3.4374953455023673 -3.726596470847479 -3.8307049093374084 -3.896373309000287 -3.9131908259871215 -3.7506214951143857 -3.5528154619835197 -3.372627779981719
-4.0821668299977 -3.193240932122148 -2.1929990884765953 -1.107868825754638 -0.9597145094420463 -1.1911555765465818 -1.2191847715246396 -1.0293870798160758 -0.5416790871978678 -0.5192557312154216 -0.5785174577404584 -0.9461003290241323 -1.195960581399963 -1.1383005231593868 -1.1094704940390985 -1.1166780013191706 -1.2832515029030578 -1.3433140635703247 -1.118279669603631 -0.9581128411575857 -0.838788553965282 -0.6786217255192366 -0.6898334035104599 -1.1246863427414728 -1.7205069445607615 -2.4636810285504116 -2.8689031045189064 -2.9794182161466773 -3.137182542166032 -3.232481805091429 -3.2132617856779038 -3.1483942201572552 -3.1275725324592694 -3.250100156220494 -3.5351971108544546 -3.811484889923883 -4.015697596192591 -4.045328459455109 -4.071755986148707 -3.97805839150777 -3.8443190897553223 -3.73140147570086 -3.708978119718414
-4.932652689046201 -4.034917615606116 -2.8705047728033666 -1.6596435497512643 -1.3785507658284546 -1.39696995109975 -1.4209949753666566 -1.3809532682551453 -1.131893850021545 -1.2079730935334165 -1.588369311092774 -1.966363026225441 -1.990388050492348 -1.7957853539304027 -1.817407875770619 -1.9567530165186784 -2.1065090011157306 -2.1449490399427815 -2.0136122406170243 -1.8190095440550793 -1.5419209308434207 -1.358529912272699 -1.2992681857476622 -1.6003818232262275 -2.182588244627602 -2.675902076241422 -2.98742655756898 -3.0362774402450237 -3.1483942201572552 -3.242091814798192 -3.3301835704435168 -3.3197727265945236 -3.334988575296898 -3.535997944996685 -3.8242982361995663 -4.051735132592951 -4.139826888238276 -4.168656917358565 -4.094179342131153 -3.9852658987878424 -3.8939708065735963 -3.9083858211337406 -3.9131908259871215
-5.730283494707505 -5.0455703031006625 -3.8939708065735963 -2.5053244039463833 -1.9823797090700457 -1.9647613579409806 -1.9423380019585341 -1.9175121435493971 -1.9831805432122758 -2.241849971152639 -2.6190428521430755 -2.7880188561536534 -2.756786324606675 -2.5870094864538666 -2.5613827939024993 -2.702329602935019 -2.7712013391668187 -2.7768071781624304 -2.6158395155741547 -2.3043150342465966 -2.026425586892708 -1.8582504170243603 -1.853445412170979 -2.168974064209688 -2.553374452480197 -3.0210615915426495 -3.149995888441716 -3.1123566837568952 -3.2204692929579757 -3.367021940986107 -3.476736218471648 -3.532794608427764 -3.6961647734427303 -3.897174143142517 -4.056540137446333 -4.22471530731468 -4.247138663297126 -4.163051078362953 -4.0885735031355415 -4.021303435188202 -3.9764567232233095 -4.008490088912518 -4.193482775767701
-6.4654492372748535 -5.779134377383549 -4.668377422110225 -3.274926014629631 -2.7399688076198396 -2.702329602935019 -2.6791054128103426 -2.8945297970702737 -3.033074103676103 -3.256506829358336 -3.37663195069287 -3.545607954703448 -3.419076160231072 -3.3502044239992728 -3.3005527071809984 -3.282133521909703 -3.347801921572582 -3.256506829358336 -3.0106507476936564 -2.698325432223868 -2.4909093893862395 -2.3403525706469566 -2.4004151313142237 -2.718346285779624 -3.104348342334593 -3.267718507349559 -3.3301835704435168 -3.2693201756340198 -3.322976063163445 -3.4703295453338066 -3.6697372467491327 -3.7866590315147457 -3.982062562218921 -4.146233561376118 -4.305599555679933 -4.328022911662379 -4.2679603509951125 -4.176665258780867 -4.184673600203169 -4.131017712673743 -4.134221049242664 -4.204694453758924 -4.390487974756336
-6.816214591571693 -6.632823573000971 -5.488431583753977 -4.480181398686122 -4.098183512842304 -4.115001029829139 -3.7602315048211485 -4.057340971588562 -3.9996809133479863 -3.9828633963611515 -4.0885735031355415 -4.136623551669355 -3.9636433769476263 -3.949228362387482 -3.8555307677465454 -3.83550991419079 -3.7714431828123716 -3.6040688470862543 -3.359013599563805 -3.1708175761397017 -2.9682065381554543 -2.891326460501353 -2.971409874724375 -3.255705995216106 -3.346200253288121 -3.4775370526138785 -3.48394372575172 -3.436694511360137 -3.48394372575172 -3.596861339806182 -3.807480719212732 -3.9860667329300723 -4.193482775767701 -4.352047935929286 -4.334429584800221 -4.299192882542091 -4.219910302461298 -4.257549507146119 -4.265557848568421 -4.323217906808997 -4.360056277351588 -4.442542194001302 -4.622729876003103
-7.384806832555153 -7.406429354395369 -7.292710906198678 -6.756952865046657 -6.368548306064996 -5.862421128175493 -5.339476433299155 -4.809324231142745 -4.476978062117201 -4.471372223121589 -4.527430613077705 -4.5642689836202965 -4.4881897401084245 -4.474575559690511 -4.341637092080293 -4.198287780621082 -4.091776839704462 -3.916394162556043 -3.8138873923505736 -3.6401063834866143 -3.5215829304365407 -3.4703295453338066 -3.5392012815656058 -3.567230476543664 -3.620886364073089 -3.631297207922082 -3.634500544491003 -3.620886364073089 -3.6505172273356075 -3.753023997541076 -3.9115891577026614 -4.134221049242664 -4.318412901955616 -4.325620409235689 -4.275167858275184 -4.132619380958204 -4.1422293906649665 -4.239130321874824 -4.36806461877389 -4.429728847725618 -4.555459808055764 -4.714024968217348 -4.8838018063701565
-7.326345940172347 -7.536164485436666 -7.536164485436666 -7.323142603603426 -6.957161400604212 -6.290066560126434 -5.56531166140808 -4.943864367037423 -4.894212650219149 -4.908627664779294 -4.911030167205984 -4.916636006201596 -4.924644347623898 -4.902220991641451 -4.723634977924111 -4.557061476340223 -4.414512999023244 -4.249541165723817 -4.186275268487629 -4.11900520054029 -4.040523454601727 -3.970850884227698 -3.910788323560431 -3.865941611595538 -3.817090728919495 -3.8018748802171203 -3.812285724066113 -3.8130865582083437 -3.8242982361995663 -3.8915683041469054 -4.0253076058993535 -4.22631697559914 -4.279972863128566 -4.219910302461298 -4.086971834851081 -3.966846713516547 -4.151038566229499 -4.393691311325258 -4.558663144624685 -4.661169914830154 -4.840556762689724 -4.966287723019869 -5.0679936590831085
