static/data/seaWind_uo/2023/7/28/12.asc
ncols 137
nrows 93
xllcorner 108.0
yllcorner 17.0
cellsize 0.25
NODATA_value -32767
[rows 19 to 37 of 93, columns 86 to 128 of 137]
0.7845022523353871 0.35925932281113715 -0.446379824272471 -1.489065877456226 -2.618242018000845 -3.573637149681506 -4.191080273341011 -4.139026054096046 -3.8467215921820133 -3.408665316382079 -3.2028509418289106 -2.8881231239324316 -2.460477691981491 -1.8670595925888929 -1.2456122982182372 -1.1831472351242793 -1.0341920846694572 -0.9653203484376578 -0.9196728023305349 -0.34707639063592266 0.3896910202158854 0.9310549003635189 1.0063333097331602 0.9855116220351743 0.5506586828041611 -0.22214626444800745 -1.040598757807299 -1.3457165659970154 -1.4137874680865847 -1.421795809508887 -1.2672348200584531 -0.8900419390680165 -0.6561983695367903 -0.5400774189134074 -0.4720065168238383 0.28478174758372576 0.6739871407076161 0.8565773251361075 1.1144459189342406 2.414199731773898 2.9908003141796615 2.826629315022465 1.8440058225059768
1.3290694690519413 0.8037222717489128 -0.13966034779829428 -1.4586341800514773 -2.715943783352933 -3.682550593024817 -4.131818546815974 -3.9236016698361147 -3.3470010874303515 -2.546967779342355 -1.790179514934791 -1.1863505716932004 -1.199964752111114 -1.2400064592226254 -0.8964486122058584 -1.055013772367443 -1.1767405619864375 -1.3953682828152894 -1.7285152859830637 -1.2760439956229856 -0.4623965071170755 0.42572855661624587 1.2626002352468326 1.7070631841846082 1.3410819811853947 0.2903875865793375 -1.3353057221480225 -1.0269845773893853 -0.6393808525499556 -0.4704048485393777 -0.7763234908713244 -1.1006613184745662 -1.0638229479319756 -0.9148677974771535 -0.7819293298669359 0.018904812363290446 0.5738828729288379 1.0295574998578365 1.6445981210906502 3.1181329427942672 3.6939326910578 3.5393717016073665 2.7921934469065657
1.155288460187982 0.694808828405602 -0.2389637814348422 -1.6452285351911202 -2.8192513877006324 -3.557620466836901 -3.7954682070792787 -3.4070636480976186 -2.631856198418759 -1.7741628320901865 -1.0590179430785942 -0.054771928721890184 -0.24056544971930283 -0.8067551882760728 -0.7963443444270799 -0.983739533708953 -1.1254871768837031 -1.3769490975439942 -2.0993014938356587 -3.267718507349559 -2.6670929006768893 -1.2608281469206113 0.6900038235522206 2.0209901679388573 1.8976617100354018 0.7716889060597034 -0.6674100475280136 -0.6449866915455671 -0.1540753623584381 0.15584745068465944 -0.3198480298000952 -0.8395893881075123 -1.0165737335403924 -0.9180711340460743 -0.686630066941539 -0.13966034779829428 0.5947045606268238 1.4780246195067637 2.302082951861667 3.271893098102471 3.473703301944488 3.284706444378154 3.182199674172686
0.6211320873204209 0.4425460736030806 -0.298225507959879 -1.5443234332701117 -2.3755892729050867 -3.0042440745558148 -2.6823087493792634 -2.31712838052228 -1.6756602325958687 -1.0229804066782342 -0.1797020549098054 0.32962845954861875 0.5802895460666795 0.3528526496732951 0.42092355176286445 -0.3574872344849158 -0.7539001348888781 -1.5419209308434207 -2.13934320094717 -3.1283733666014997 -3.34059441429251 -2.206613268894509 -0.520857399499882 0.7820997499086966 0.892614861536468 0.5002061318436568 -0.471205682681608 -0.298225507959879 0.036523163492355515 0.23593086490768211 -0.21974376202131696 -0.7450909593243455 -0.9861420361356437 -1.0237812408204643 -0.7827301640091662 -0.39832977573865724 0.034120661065665026 0.7965147644688408 1.546095521596333 2.117090265006484 2.3573405076755525 2.354938005248861 2.31409546399512
0.2711675671658118 0.10379323143969454 -0.4968323752329753 -1.4578333459092472 -1.9431388361007644 -1.895889621709181 -1.5907718135194648 -1.351322404992627 -1.3857582731085267 -0.8540044026676563 0.011697305083218534 0.5698787022176863 1.1881226600194212 1.5108588193382029 1.4852321267868356 0.8998223688165399 0.06775569503933454 -0.7242692716263597 -0.8788302610767933 -1.372944926832843 -1.425799980220038 -1.9871847139234269 -1.319289039303418 -0.2661921422706701 -0.04836525558404858 -0.5841232967360699 -0.4119439561565712 0.5562645217997728 0.5818912143511401 0.4057077030604903 -0.2389637814348422 -0.8155643638406054 -1.1895539082621212 -1.2728406590540648 -1.0974579819056451 -0.8299793784007494 -0.48481986309952196 -0.08680529441109908 0.47618110757675014 0.9638891001949581 1.155288460187982 1.2041393428640261 1.1648984698947449
-0.3719022490450601 -0.4119439561565712 -0.9284819778950673 -1.2087739276756466 -1.1118729964657892 -0.8516019002409656 -1.0718312893542778 -1.1583213767151423 -1.7373244615475962 -1.1911555765465818 -0.4159481268677223 0.6051154044758165 1.2593968986779118 1.3482894884654666 1.0055324755909298 0.5426503413818589 0.4737786051500592 -0.051568592152969384 0.04773484148357898 0.36566599594897875 -0.21974376202131696 -1.3697415902639223 -1.7877770125081005 -1.0838438014877314 -0.718663432630748 -0.853203568525426 -0.4439773218457801 0.6099204093291979 0.8373573057225823 0.1206107484265293 -0.7547009690311082 -1.2712389907696042 -1.5154934041498236 -1.6420251986221992 -1.5907718135194648 -1.3873599413929871 -1.0566154406519037 -0.697040910790532 -0.3270555370801671 -0.03795441173505543 0.12221241671098992 0.1534449482579685 0.007693134372067423
-1.1206821720303217 -1.1615247132840634 -0.8972494463480885 -0.8516019002409656 -0.4984340435174359 -0.3262547029379368 -0.5472849261934796 -0.8940461097791677 -1.6508343741867317 -1.3168865368767273 -1.3457165659970154 -0.3222505322267857 0.3208192839840862 0.20710083578739402 -0.16048203549628015 0.18788081637386833 0.20069416264955198 0.05654401704811152 -0.04916608972627845 0.27837507444588416 0.39369519092703653 -0.7010450815016831 -1.8910846168557995 -2.040039767310622 -1.6748593984536386 -1.1254871768837031 -0.7410867886131944 0.09017905102178103 -0.2349596107236911 -0.9541086704464345 -1.506684228585291 -1.832623724472993 -2.0560564501552263 -2.1913974201921347 -2.1385423668049395 -1.9999980601991105 -1.6700543936002572 -1.305674858885504 -1.0277854115316154 -0.7522984666044175 -0.7018459156439132 -0.7907385054314684 -0.9372911534595998
-1.6948802520093942 -1.036594587096148 -0.6930367400793807 -0.4071389513031898 -0.27420048369297234 -0.12044032838476859 -0.31344135666225315 -0.5008365459441264 -0.8660169148011096 -1.7573453151033518 -1.9111054704115553 -1.686871910587092 -0.8980502804903188 -0.7851326664358569 -0.736281783759813 -0.3863172636052039 -0.005921046045846534 -0.21173542059901473 -0.5977374771539838 -0.6473891939722578 -0.5112473897931191 -0.945299494881902 -2.2202274493124228 -2.4909093893862395 -2.2730825026996175 -1.64442770104889 -1.4418166630646425 -1.263230649347302 -1.6123943353596808 -1.8782712705801161 -2.228235790734725 -2.3499625803537194 -2.566988632898111 -2.7055329395039402 -2.6494745495478242 -2.49171022352847 -2.1641690593563068 -1.8486404073175977 -1.570750959963709 -1.4129866339443544 -1.4017749559531312 -1.4922692140251468 -1.6748593984536386
-1.3809532682551453 -0.6209616672786604 -0.09561446997563161 0.002888129518686 -0.11323282110469668 -0.16368537206520095 -0.4199522975788734 -0.8636144123744189 -0.895647778063628 -1.8726654315845046 -2.4140293117321376 -2.394008458176382 -1.6364193596265877 -1.0301879139583061 -1.0574162747941338 -0.8788302610767933 -0.5048407166552775 -1.0470054309451409 -1.7197061104185312 -1.9783755383588943 -2.0752764695687516 -2.324335887802352 -2.698325432223868 -2.566988632898111 -2.460477691981491 -2.4540710188436488 -2.3675809314827845 -2.3387509023624964 -2.541361940346744 -2.7343629686242283 -2.8200522218428627 -2.9794182161466773 -3.105950010619053 -3.041082445098405 -2.958596528448692 -2.8112430462783298 -2.518137750222067 -2.2058124347522785 -2.008807235763643 -1.8694620950155836 -1.9463421726696852 -2.143347371658321 -2.337950068220266
-1.5859668086660834 -0.7987468468537706 -0.21814209373685634 -0.1404611819405246 -0.25498046427944665 -0.19491790361217998 -0.4439773218457801 -1.0277854115316154 -1.2496164689293883 -1.2752431614807556 -1.8085987002060864 -2.287497517259762 -2.0632639574352982 -1.5074850627275211 -1.333704053863562 -1.2536206396405394 -1.3505215708503968 -1.9391346653896133 -2.6847112518059544 -3.025866596396031 -3.1171616886102766 -3.0955391667700605 -2.8745089435145177 -2.7527821538955233 -2.828861397407395 -2.9730115430088357 -2.962600699159843 -3.1299750348859603 -3.2613118342117176 -3.358212765421575 -3.4390970137868275 -3.5856496618149594 -3.443902018640209 -3.30615854617661 -3.1596058981484787 -3.0010407379868935 -2.8152472169894813 -2.676702910383652 -2.542963608631204 -2.4829010479639373 -2.5926153254494784 -2.7760063440202 -2.9009364702081153
-2.241849971152639 -1.471447526327161 -0.6890325693682295 -0.4303631414278666 -0.4623965071170755 -0.36469474176498773 -0.5536915993313214 -1.0694287869275871 -1.4570325117670169 -1.0093662262603202 -1.1615247132840634 -1.6492327059022713 -2.080081474422133 -2.192198254334365 -2.057658118439687 -1.9431388361007644 -1.967163860367671 -2.213820776174581 -2.701528768792789 -3.079522483925456 -3.298951038896538 -3.358212765421575 -3.291743531616466 -3.246095985509343 -3.3285819021590566 -3.484744559893951 -3.620886364073089 -3.7594306706789182 -3.861136606742157 -3.950830030671942 -4.0253076058993535 -3.910788323560431 -3.7001689441538814 -3.5095704183030874 -3.334988575296898 -3.16441090300186 -3.1299750348859603 -3.101145005765672 -3.0779208156409954 -3.0883316594899886 -3.125970864174809 -3.2356851416603503 -3.3325860728702077
-2.780010514731351 -2.1409448692316304 -1.2167822690979488 -0.4639981754015361 -0.4688031802549175 -0.520857399499882 -0.7498959641777267 -1.0990596501901055 -1.1150763330347102 -0.8451952271031238 -0.9773328605711111 -1.4241983119355777 -1.991989718776808 -2.6470720471211338 -2.699126266366098 -2.781612183015812 -2.856890592385453 -2.779209680589121 -2.7391679734776098 -3.0611032986541606 -3.3397935801502796 -3.4551136966314324 -3.5864504959571892 -3.736206480554242 -3.8691449481644593 -4.066950981295325 -4.283977033839717 -4.374471291911732 -4.408907160027632 -4.422521340445546 -4.293587043546479 -4.034917615606116 -3.805078216786041 -3.5632263058325124 -3.380636121404021 -3.3758311165506396 -3.472732047760497 -3.4911512330317924 -3.5159770914409294 -3.524786267005462 -3.468727877049346 -3.535997944996685 -3.575238817965966
-3.1099541813302043 -2.5926153254494784 -1.634817691342127 -0.31424219080448346 -0.1805028890520357 -0.6233641697053511 -1.1102713281813288 -1.2319981178003232 -0.8491993978142749 -1.0718312893542778 -1.3096790295966552 -1.8838771095757276 -2.391605955749691 -2.944982348030778 -3.281332687767473 -3.4102669846665394 -3.4951554037429435 -3.3838394579729423 -3.218867624673515 -3.2156642881045943 -3.427084501653374 -3.6256913689264705 -3.9155933284138125 -4.1294160443892824 -4.347242931075905 -4.54184562763785 -4.716427470644039 -4.830946752982961 -4.828544250556271 -4.644352397843319 -4.40169965274756 -4.098984346984534 -3.8507257628931644 -3.6521188956200676 -3.6216871982153194 -3.662529739469061 -3.7137831245717954 -3.754625665825537 -3.7650365096745295 -3.7001689441538814 -3.7001689441538814 -3.7810531925191344 -3.7778498559502136
-3.3357894094391285 -2.842475577825309 -1.831822890330763 -0.48722236552621245 -0.563301609038084 -1.0518104357985223 -1.5154934041498236 -1.3737457609750734 -1.4274016485044985 -1.662846886320185 -1.9727696993632828 -2.49171022352847 -2.7704005050245883 -3.2204692929579757 -3.5856496618149594 -3.753023997541076 -3.7866590315147457 -3.5416037839922967 -3.3213743948789842 -3.30615854617661 -3.490350398889562 -3.7714431828123716 -4.1870761026298595 -4.537040622784469 -4.761274182608932 -4.9606818840242575 -5.088815346781095 -5.100027024772317 -4.948669371890805 -4.75486750947109 -4.484986403539503 -4.18947860505655 -3.9756558890810796 -3.949228362387482 -3.946825859960791 -3.97725755736554 -3.991672571925684 -4.01249425962367 -3.9732533866543887 -3.9179958308405034 -4.002884249916907 -3.797870709505969 -3.7850573632302855
-4.039722620459497 -3.662529739469061 -2.6686945689613495 -1.3665382536950013 -1.0253829091049247 -1.4402149947801821 -1.6155976719286018 -1.581161803812702 -2.111314005969112 -2.3884026191807703 -2.6919187590860263 -2.767998002597898 -2.9617998650176127 -3.3502044239992728 -3.7065756172917235 -3.874750787160071 -3.780252358376904 -3.4663253746226554 -3.225274297811357 -3.2436934830826525 -3.428686169937835 -3.9852658987878424 -4.519422271655403 -4.879797635659005 -5.10803536619462 -5.294629721334262 -5.311447238321097 -5.183313775564261 -5.0271511178293675 -4.792506714155911 -4.525828944793245 -4.2903837069775586 -4.2591511754305795 -4.234325317021442 -4.279972863128566 -4.299192882542091 -4.269562019279572 -4.150237732087269 -4.1109968591179875 -4.078963493428779 -4.175864424638636 -3.938817518538489 -3.7778498559502136
-5.071196995652029 -4.694004114661593 -3.817090728919495 -2.556577789049118 -1.888682114429109 -1.6820669057337105 -1.8590512511665906 -2.28029000997969 -2.7992305341448764 -2.958596528448692 -2.873708109372288 -2.9497873528841594 -3.0554974596585494 -3.4599187014848134 -3.8130865582083437 -3.9228008356938844 -3.8275015727684876 -3.475935384329418 -3.250100156220494 -3.2685193414917895 -3.627293037210931 -4.22631697559914 -4.759672514324471 -5.100027024772317 -5.329866423592392 -5.417958179237718 -5.39393315497081 -5.218550477822391 -4.9558768791708765 -4.72123247549742 -4.563468149478066 -4.440139691574611 -4.454554706134755 -4.50740975952195 -4.553057305629073 -4.550654803202383 -4.4433430281435315 -4.314408731244465 -4.158246073509571 -4.114200195686909 -4.078963493428779 -4.079764327571009 -3.9179958308405034
-6.109078043982403 -6.185157287494274 -5.277011370205198 -4.431330516010078 -3.9179958308405034 -3.662529739469061 -3.133178371454881 -3.6256913689264705 -3.5944588373794915 -3.1980459369755296 -3.108352513045744 -3.1700167419974714 -3.295747702327617 -3.741011485407623 -3.982062562218921 -4.092577673846693 -3.9692492159432375 -3.6513180614778378 -3.48314289160949 -3.6112763543663267 -3.9764567232233095 -4.456156374419216 -4.8637809528144 -5.184114609706491 -5.329866423592392 -5.420360681664408 -5.369908130703903 -5.128857053892606 -4.853370108965407 -4.6723815928213766 -4.550654803202383 -4.576281495753749 -4.681190768385909 -4.7308424852041835 -4.726037480350802 -4.712423299932888 -4.589895676171663 -4.553057305629073 -4.396894647894179 -4.056540137446333 -3.866742445737769 -4.0477309618818 -4.065349313010865
-7.102112380347885 -7.387209334981845 -7.544973661001199 -7.2566733697983175 -6.94514888847076 -6.314091584393341 -5.587735017390525 -4.8838018063701565 -4.207096956185615 -3.789862368083667 -3.6577247346156794 -3.7217914659940976 -3.7193889635674067 -4.0132950937659 -4.162250244220722 -4.168656917358565 -4.031714279037195 -3.896373309000287 -3.916394162556043 -4.018900932761512 -4.233524482879212 -4.6411490612743975 -4.9598810498820285 -5.132861224603756 -5.264998858071744 -5.277812204347428 -5.200932126693326 -4.974296064442171 -4.793307548298141 -4.622729876003103 -4.635543222278786 -4.75486750947109 -4.887805977081308 -4.923843513481668 -4.917436840343826 -4.831747587125191 -4.788502543444759 -4.7524650070444 -4.521023939939864 -4.114200195686909 -3.909987489418201 -4.098984346984534 -4.1334202151004344
-7.285503398918605 -7.506533622174148 -7.729966347856381 -7.746783864843216 -7.529757812298826 -6.842642118265291 -6.009774610345855 -5.197728790124405 -4.832548421267422 -4.632339885709865 -4.382479633334034 -4.132619380958204 -3.964444211089856 -4.114200195686909 -4.174262756354175 -4.210300292754535 -4.2054952879011545 -4.141428556522737 -4.180669429492017 -4.288782038693098 -4.4793805645438916 -4.715626636501809 -4.912631835490444 -5.063989488371957 -5.129657888034836 -5.111238702763541 -4.956677713313107 -4.822938411560659 -4.732444153488643 -4.773286694742385 -4.877395133232314 -5.063989488371957 -5.148077073306132 -5.14487373673721 -5.048773639669583 -4.916636006201596 -4.923843513481668 -4.783697538591378 -4.548252300775691 -4.309603726391083 -4.2279186438836005 -4.203893619616694 -4.131818546815974
