static/data/seaWind_uo/2023/7/28/18.asc
ncols 137
nrows 93
xllcorner 108.0
yllcorner 17.0
cellsize 0.25
NODATA_value -32767
[rows 19 to 37 of 93, columns 0 to 42 of 137]
-0.6922359059371506 -2.5725944718937224 -3.436694511360137 -3.1660125712863203 -1.3985716193842104 -0.379109756325132 -0.566504945607005 -1.2864548394719786 -2.0064047333369524 -1.131893850021545 -0.5312682433488749 -0.3807114246095922 -0.9501044997352834 -0.9372911534595998 -0.5504882627624004 -0.36629641004944835 -0.8347843832541308 -0.7266717740530502 -0.9324861486062186 -1.6204026767819832 -3.1131575178991255 -3.4142711553776905 -3.2741251804874008 -3.0474891182362467 -3.0787216497832257 -2.8729072752300575 -2.804836373140488 -2.891326460501353 -3.1740209127086225 -3.348602755714812 -3.5231845987210013 -3.677745588171435 -3.754625665825537 -4.018100098619281 -4.235126151163673 -4.377674628480653 -4.408907160027632 -4.617124037007491 -4.568273154331447 -4.378475462622884 -4.172661088069715 -4.235126151163673 -4.349645433502595
-1.5819626379549323 -2.84728058267869 -3.286137692620854 -2.942579845604087 -1.8758687681534254 -1.3857582731085267 -1.3993724535264407 -1.7661544906678843 -2.341954238931417 -1.817407875770619 -1.4674433556160098 -1.2207864398091 -0.9052577877703909 -1.301670688174353 -1.0910513087678033 -1.012569562829241 -1.7068927641428475 -2.262671658850625 -2.7423713100465306 -3.2717226780607103 -3.8875641334357542 -3.6264922030687003 -3.4599187014848134 -3.367021940986107 -3.3926486335374744 -3.3718269458394885 -3.3325860728702077 -3.3261793997323656 -3.362216936132726 -3.5896538325261105 -3.7674390121012205 -3.9404191868229494 -4.141428556522737 -4.387284638187416 -4.585891505460513 -4.7268383144930315 -4.803718392147134 -4.9871094107178555 -4.990312747286776 -4.82694258227181 -4.50500725709526 -4.478579730401662 -4.47297389140605
-1.7277144518408334 -2.195401590903286 -2.4772952089683256 -2.3459584096425683 -1.9391346653896133 -1.9079021338426343 -1.8974912899936416 -2.009608069905873 -1.7837728417969494 -1.5411200967011907 -1.3817541023973756 -1.4522275069136354 -1.4570325117670169 -2.3355475657935756 -2.506926072230844 -2.4412576725679656 -2.4452618432791167 -2.5926153254494784 -2.800832202429337 -2.7976288658604163 -2.973812377151066 -2.3747884387628564 -2.5085277405153046 -2.816048051131711 -3.432690340648986 -3.5936580032372616 -3.5167779255831597 -3.4334911747912162 -3.538400447423376 -3.7714431828123716 -3.825099070341797 -3.9171949966982726 -4.18947860505655 -4.327222077520149 -4.477778896259432 -4.653962407550081 -4.929449352477279 -5.2834180433430395 -5.336273096730235 -5.159288751297354 -4.8701876259522425 -4.781295036164687 -4.691601612234901
-0.7034475839283738 -1.2888573418986693 -1.4177916387977358 -1.2696373224851438 -1.2784464980496764 -1.3769490975439942 -1.3769490975439942 -1.4874642091717656 -1.6580418814668039 -1.446621667918024 -1.2976665174632018 -1.3096790295966552 -1.8678604267311232 -2.4885068869595486 -2.6046278375829317 -2.2923025221131432 -2.224231620023574 -2.0704714647153706 -1.8518437438865187 -1.8061961977793957 -1.9543505140919875 -1.6356185254843574 -1.9503463433808363 -2.864098099665525 -3.419076160231072 -3.4431011844979786 -3.4911512330317924 -3.496757072027404 -3.8691449481644593 -3.9348133478273377 -3.970850884227698 -4.054938469161872 -4.431330516010078 -4.716427470644039 -4.7941083824403705 -4.918237674486056 -5.061586985945267 -5.325061418739011 -5.397136491539731 -5.3282647553079325 -5.170500429288578 -4.994316917997928 -4.75486750947109
0.16545746039142228 0.002888129518686 0.015701475794369646 -0.0820002895577181 -0.34787722477815297 -0.6569992036790206 -0.958913675299816 -1.3457165659970154 -1.4722483604693912 -1.3417123952858643 -1.2392056250803953 -1.2840523370452879 -1.7381252956898265 -2.1505548789383933 -1.9647613579409806 -1.6268093499198248 -1.542721764985651 -1.2608281469206113 -1.096657147763415 -1.2111764301023373 -1.5210992431454349 -1.6180001743552923 -1.9999980601991105 -2.8576914265276834 -3.3165693900256032 -3.349403589857042 -3.472732047760497 -3.7850573632302855 -4.103789351837916 -4.199889448905543 -4.017299264477051 -3.9732533866543887 -4.4569572085614455 -4.967889391304331 -5.358696452712681 -5.223355482675773 -5.308243901752176 -5.4636057253448405 -5.488431583753977 -5.489232417896208 -5.4948382568918195 -5.297032223760953 -5.005528595989151
0.18547831394717784 0.429732727327397 0.22952419176984007 0.36806849837566924 -0.0852036261266389 -0.7851326664358569 -1.329699883152411 -0.9941503775579459 -0.7266717740530502 -0.6594017061057111 -0.6257666721320416 -0.6193599989941998 -0.8868386024990955 -1.1374996890171565 -0.9661211825798881 -0.8115601931294543 -0.7138584277773667 -0.4928282045218242 -0.4639981754015361 -0.6385800184077253 -1.1943589131155026 -1.6852702423026313 -2.1833890787698325 -2.595017827876169 -3.019459923258189 -3.263714336638408 -3.5488112912723686 -3.94202085510741 -4.215105297607917 -4.252744502292738 -4.0389217863172675 -4.070955152006476 -4.496998915672957 -5.165695424435196 -5.664615095044628 -5.586934183248296 -5.574120836972612 -5.630980061070957 -5.570917500403691 -5.577324173541532 -5.570917500403691 -5.421962349948869 -5.076802834647641
-0.03875524587728574 -0.3166446932311744 -0.5520899310468608 -0.006721880188076401 -0.06918694328203445 -0.7723193201601732 -0.9621170118687368 -0.2613871374172887 0.034120661065665026 0.08697571445285979 0.11980991428429899 0.25194754775228656 0.22151585034753785 -0.06598360671311321 -0.3751055856139809 -0.23736211315038203 -0.27500131783520265 -0.15727869892735935 -0.13405450880268255 -0.20773124988786362 -0.7595059738844896 -1.6027843256529182 -2.1553598837917747 -2.566988632898111 -2.7784088464468906 -3.0627049669386213 -3.4719312136182667 -3.9308091771161866 -4.203092785474464 -4.201491117190003 -4.041324288743958 -4.136623551669355 -4.737249158342025 -5.408348169530955 -5.686237616884844 -5.713465977720671 -5.694245958307146 -5.670220934040239 -5.593340856386137 -5.634984231782109 -5.570917500403691 -5.424364852375559 -5.477219905762754
-0.5408782530556377 -0.8972494463480885 -0.9813370312822622 0.019705646505520757 0.06054818775926263 -0.2125362547412446 -0.24697212285714443 0.27276923545027243 0.22151585034753785 0.27677340616142354 0.4457494101720014 0.6523646188673999 0.8069256083178336 0.6347462677383349 0.31120927427732337 -0.12604616738038033 -0.3462755564936928 -0.2645904739862095 -0.16849037691858237 -0.2325571082970006 -0.7130575936351364 -1.6900752471560128 -2.257065819855013 -2.526146091644369 -2.7079354419306307 -2.8264588949807044 -3.317370224167833 -3.7466173244032346 -4.037320118032807 -4.041324288743958 -4.11820436639806 -4.4073054917431715 -5.009532766700302 -5.412352340242106 -5.551697480990166 -5.60215003195067 -5.623772553790886 -5.599747529523979 -5.627776724502037 -5.722275153285203 -5.739893504414269 -6.463046734848163 -6.547935153924566
-0.47280735096606863 -0.6714142182391647 -0.895647778063628 0.16705912867588246 -0.019535226463760047 -0.31424219080448346 -0.16688870863412175 0.5314386633906358 0.3007984304283302 0.11820824599983881 0.27437090373473305 0.577887043639989 0.8317514667269705 0.8613823299894889 0.2647608940279702 -0.30383134695549074 -0.6113516575718976 -0.7603068080267197 -0.7010450815016831 -0.711455925350676 -1.1767405619864375 -1.8742670998689648 -2.1505548789383933 -2.426041823865591 -2.5733953060359527 -2.589411988880557 -3.0418832792406354 -3.367021940986107 -3.673741417460284 -4.077361825144318 -4.418517169734395 -4.687597441523751 -4.971893562015481 -5.290625550623112 -5.399538993966422 -5.466809061913761 -5.507651603167503 -5.590938353959446 -5.662212592617937 -5.730283494707505 -6.051417985741827 -7.112523224196877 -7.588218704681632
-0.6401816866921859 -0.7955435102848498 -0.6529950329678693 -0.3214496980845558 -0.19491790361217998 -0.10602531382462477 0.1790716408093358 0.9294532320790583 0.811730613171215 0.4401435711763897 0.21671084549415642 0.36806849837566924 0.3768776739402018 -0.4455789901302407 -1.2744423273385252 -1.754141978534431 -1.4834600384606145 -1.6948802520093942 -1.524302579714356 -1.436210824069031 -1.6180001743552923 -1.9727696993632828 -2.03443392831501 -1.987985548065657 -2.053653947728536 -2.295505858682064 -2.681507915237033 -3.0434849475250956 -3.4567153649158926 -3.970050050085468 -4.457758042703675 -4.640348227132168 -4.79170588001368 -4.9606818840242575 -5.105632863767929 -5.28902388233865 -5.447589042500236 -5.558904988270237 -5.6389884024932595 -5.703855968013908 -5.856014455037652 -6.0386046394661435 -6.133903902391539
-0.6529950329678693 -0.8027510175649217 -0.8067551882760728 -0.287013829968656 -0.12364366495368984 -0.1148344893891573 0.012498139225448845 0.6916054918366812 0.9983249683108579 1.1889234941616516 1.0351633388534482 0.4089110396294111 -0.10041947482901303 -0.8347843832541308 -1.57395429653263 -2.076878137853212 -2.080081474422133 -2.0360355965994708 -1.8478395731753676 -1.7957853539304027 -1.980778040785585 -2.108110669400191 -1.902296294847023 -1.6492327059022713 -1.60919099879076 -1.9823797090700457 -2.502921901519693 -2.8312638998340858 -3.151597556726176 -3.557620466836901 -4.055739303304102 -4.2967903801154 -4.498600583957417 -4.738850826626486 -5.031155288540518 -5.293828887192032 -5.445987374215775 -5.528473290865488 -5.590938353959446 -5.738291836129808 -5.961724561812041 -6.021787122479308 -5.996160429927941
-0.6906342376526902 -0.8171660321250658 -0.7979460127115405 -0.4720065168238383 -0.27820465440412345 -0.20132457675002158 0.022908983074442002 0.717232184388048 0.6179287507515001 0.7284438623792715 0.6339454335961046 0.002087295376455689 -1.2896581760408996 -1.2119772642445676 -1.1495122011506098 -1.453829175198096 -1.835026226899684 -1.7765653345168773 -1.7341211249786754 -1.7765653345168773 -1.8662587584466626 -1.393766614530829 -1.2071722593911862 -1.2151806008134884 -1.5122900675809026 -1.782972007654719 -2.3395517365047267 -2.6606862275390473 -2.967405704013224 -3.351806092283733 -3.8379124166174803 -4.104590185980146 -4.404902989316481 -4.688398275665981 -4.923042679339437 -5.200131292551095 -5.445186540073545 -5.7062584704405985 -5.886446152442399 -5.984147917794488 -6.037002971181682 -6.1643355997962885 -6.24121567745039
-0.7170617643462875 -0.8644152465166492 -0.8836352659301747 -0.6513933646834089 -0.5921316381583721 -0.42555813657448516 -0.04916608972627845 0.9903166268885553 1.0143416511554624 0.9182415540878353 0.6571696237207814 0.22552002105868896 -0.49042570209513325 -0.8123610272716846 -0.7050492522128342 -0.5456832579090192 -0.800348515138231 -1.026183743247155 -1.305674858885504 -1.39777078524198 -1.418592472939966 -1.1591222108573727 -1.064623782074206 -1.1727363912752864 -1.4137874680865847 -1.7461336371121288 -2.2586674881394737 -2.546166945200125 -2.913749816483799 -3.4070636480976186 -3.7786506900924435 -3.8347090800485595 -4.0973826787000736 -4.3488445993603655 -4.6187257052919515 -5.111238702763541 -5.424364852375559 -5.661411758475706 -5.852811118468731 -6.13470473653377 -6.189161458205426 -6.147518082809453 -6.16753893636521
-0.7266717740530502 -0.8980502804903188 -0.9677228508643485 -0.7322776130486619 -0.7442901251821152 -0.5921316381583721 -0.28541216168419536 0.6227337556048815 0.7364522038015737 0.5770862094977587 0.3168151132729351 0.9486732514925835 0.7180330185302783 0.36566599594897875 0.27517173787696336 0.39049185435811573 0.39129268850034604 -0.1404611819405246 -0.5360732482022563 -0.9997562165535576 -1.0534121040829827 -1.1695330547063656 -1.422596643651117 -1.5002775554474492 -1.5379167601322696 -1.8438354024642163 -2.232239961445876 -2.344356741358108 -2.708736276072861 -3.286137692620854 -3.6985672758694212 -3.8234974020573365 -4.078162659286549 -4.340836257938063 -4.630738217425405 -4.916636006201596 -5.302638062756564 -5.787943552948082 -6.086654687999957 -6.107476375697942 -6.137908073102691 -6.161933097369598 -6.344523281798089
-0.5977374771539838 -0.7707176518757128 -0.8644152465166492 -0.588127467447221 -0.5120482239353494 -0.459994004690385 -0.21493875716793553 0.07496320231940645 0.09418322173293214 -0.033950241023904315 0.24634170875667483 0.8613823299894889 1.1464792846234495 1.3506919908921575 1.260998566962372 0.7364522038015737 0.7780955791975455 0.4737786051500592 -0.16208370378074033 -0.6265675062742719 -0.8772285927923329 -0.9180711340460743 -1.2424089616493161 -1.6316143547732063 -1.6988844227205453 -1.82141204648177 -1.8878812802868787 -1.9607571872298295 -1.934329660536232 -2.428444326292282 -2.8152472169894813 -3.182830088273155 -3.4455036869246696 -4.098183512842304 -4.559463978766915 -4.770083358173464 -5.483626578900596 -5.970533737376574 -6.841040449980831 -6.34692578422478 -6.188360624063195 -6.2636390334328365 -6.446229217861328
-0.36629641004944835 -0.7394851203287338 -0.8932452756369373 -0.5048407166552775 -0.055572762864120495 -0.0027177094769252896 -0.1764987183408846 -0.2645904739862095 -0.28541216168419536 -0.05717443114858067 0.22391835277422878 0.35525515209998604 0.9118348809499932 1.2658035718157534 1.1592926308991331 0.589098721631212 0.37287350322905066 0.7460622135083366 0.09738655830185294 -0.4647990095437664 -0.7931410078581591 -0.6730158865236251 -0.9020544512014699 -1.2928615126098204 -1.545925101554572 -1.5827634720971626 -1.4298041509311892 -1.2408072933648557 -1.2151806008134884 -1.549128438123493 -1.8838771095757276 -2.2730825026996175 -2.5197394185065276 -3.1740209127086225 -3.950830030671942 -4.36806461877389 -5.10963703447908 -5.716669314289592 -6.682475289819246 -6.2540290237260745 -6.166738102222979 -6.242817345734851 -6.45103422271471
-0.052369426295199695 -0.4391723169923991 -0.9052577877703909 -0.4752098533927591 -0.010726050899227513 0.05414151462142058 -0.08119945541548779 -0.24056544971930283 -0.14526618679390557 0.11500490943091801 0.2943917572904886 0.19028331880055926 0.5866962192045211 0.7885064230465382 0.6819954821299183 0.2791759085881145 -0.12524533323815001 0.46176609301660587 0.5794887119244492 0.034120661065665026 -0.7202651009152086 -0.7482942958932663 -0.8596102416632678 -1.0349929188116875 -1.301670688174353 -1.1871514058354304 -0.7907385054314684 -0.6249658379898115 -0.8131618614139147 -1.2183839373824095 -1.4970742188785282 -1.7060919300006172 -1.9159104752649367 -2.0888906499866655 -2.817649719416172 -3.425482833368914 -3.928406674689496 -4.5378414569266985 -5.315451409032248 -5.592540022243907 -5.823981089348442 -6.069036336870892 -6.27725321385075
0.5042103025548079 0.19749082608063118 -0.2541796301372168 -0.1740962159141941 -0.34787722477815297 -0.29982717624433963 -0.058776099433041296 0.051739012194730094 0.2054991675029334 0.27997674273034434 0.4065085372027202 0.7220371892414295 0.9903166268885553 0.6243354238893422 0.08537404616839961 -0.1436645185094454 -0.25898463499059776 0.14143243612451517 0.4641685954432968 0.39129268850034604 -0.38791893188966453 -0.733078447190892 -0.8580085733788074 -0.9941503775579459 -1.075835460065429 -0.9148677974771535 -0.439973151134629 -0.3494788930626136 -0.5528907651890911 -0.8636144123744189 -1.0446029285184502 -1.29125984432536 -1.524302579714356 -1.6540377107556528 -1.8862796120024183 -2.3195308829489707 -2.9898290599956705 -3.7033722807228022 -4.433733018436769 -4.970291893731021 -5.266600526356205 -5.445987374215775 -5.655005085337864
0.5706795363599166 0.24794337704113545 0.30640426942394194 -0.0852036261266389 -0.4391723169923991 -0.36229223933829724 0.04533233905688805 0.3416409716820721 0.27517173787696336 0.36166182523782764 0.692406325978911 1.3090486154961858 1.6373906138105787 0.959884929483807 0.2647608940279702 -0.1212411625269989 -0.22374793273246807 0.10859823629307597 0.4994052977014265 0.5690778680754565 0.16866079696034308 -0.4720065168238383 -0.7795268274402452 -0.9541086704464345 -0.9557103387308952 -0.8708219196544911 -0.48401902895729165 -0.379109756325132 -0.42155396586333405 -0.6209616672786604 -0.7995476809960009 -1.1623255474262935 -1.563543452683637 -1.9038979631314832 -2.086488147559975 -2.143347371658321 -2.7519813197532934 -3.4318895065067556 -3.73140147570086 -3.9003774797114383 -4.135021883384894 -4.436135520863459 -4.701211621941665
