static/data/seaWind_uo/2023/7/28/6.asc
ncols 137
nrows 93
xllcorner 108.0
yllcorner 17.0
cellsize 0.25
NODATA_value -32767
[rows 38 to 56 of 93, columns 86 to 128 of 137]
-7.129340741183711 -7.182996628713136 -7.0997098779211925 -6.9235263666305435 -6.643234416849964 -5.951313717963048 -5.28261720920081 -4.8789968015167755 -4.980702737580014 -4.939860196326272 -4.991113581429007 -5.088815346781095 -5.164093756150736 -5.110437868621311 -4.994316917997928 -4.866984289383321 -4.742854997337636 -4.642750729558858 -4.513015598517562 -4.415313833165474 -4.349645433502595 -4.3224170726667674 -4.40169965274756 -4.447347198854683 -4.388886306471877 -4.245536995012666 -4.051735132592951 -3.761833173105609 -3.614479690935247 -3.6473138907666867 -3.8595349384576965 -4.2815745314130265 -4.858175113818789 -5.345883106436997 -5.679830943747001 -5.85040861604204 -5.9304920302650626 -6.008172942061394 -6.085853853857726 -6.143513912098303 -6.115484717120244 -6.030596298043841 -5.880840313446789
-7.235050847958101 -7.292710906198678 -7.1485607605972366 -7.185399131139828 -6.998804776000185 -6.391772496189673 -5.572519168688151 -5.269803862925126 -5.417958179237718 -5.386725647690739 -5.401140662250883 -5.514058276305345 -5.554900817559086 -5.514859110447575 -5.461203222918149 -5.363501457566063 -5.192122951128793 -5.039964464105051 -4.903021825783682 -4.762075016751162 -4.664373251399074 -4.617924871149722 -4.640348227132168 -4.585891505460513 -4.464965549983748 -4.278371194844105 -4.065349313010865 -3.8411157531864015 -3.8098832216394225 -3.952431698956403 -4.2967903801154 -4.793307548298141 -5.349887277148149 -5.67582677303585 -5.912072844993768 -6.037803805323913 -6.111480546409094 -6.209983145903411 -6.308485745397729 -6.374154145060608 -6.34292161351363 -6.217190653183484 -6.016982117625927
-7.37199348627947 -7.504931953889688 -7.428051876235585 -7.359180140003787 -7.122133233903639 -6.589578529320539 -6.123493058542547 -5.848006113615349 -5.906467005998156 -5.901662001144775 -5.919280352273839 -5.95932205938535 -5.966529566665423 -5.8992594987180835 -5.752706850689952 -5.626175056217576 -5.470813232624913 -5.325862252881242 -5.220952980249082 -5.112039536905771 -5.015939439838144 -4.971092727873251 -4.927847684192819 -4.818133406707277 -4.652360739265621 -4.450550535423604 -4.229520312168061 -4.078963493428779 -4.159847741794032 -4.471372223121589 -4.86057761624548 -5.323459750454551 -5.770325201819017 -6.016982117625927 -6.123493058542547 -6.223597326321325 -6.31088824782442 -6.45423755928363 -6.531117636937733 -6.55594349534687 -6.494279266395142 -6.254829857868304 -6.018583785910387
-7.343163457159182 -7.439263554226809 -7.518546134307602 -7.470496085773789 -7.215830828544576 -6.904306347217018 -6.509495115097517 -6.34612495008255 -6.306083242971039 -6.314892418535571 -6.344523281798089 -6.374954979202839 -6.259634862721686 -6.143513912098303 -5.987351254363409 -5.828786094201824 -5.687839285169304 -5.555701651701316 -5.510054105594193 -5.417958179237718 -5.3554931161437604 -5.300235560329874 -5.226558819244693 -5.07359949807872 -4.885403474654616 -4.662771583114614 -4.459359710988136 -4.451351369565834 -4.670779924536916 -5.0007235911357695 -5.404343998819804 -5.835192767339665 -6.144314746240533 -6.280456550419672 -6.378158315771759 -6.437420042296796 -6.530316802795502 -6.651242758272266 -6.712106153081763 -6.709703650655072 -6.547134319782337 -6.302879906402118 -6.120289721973626
-7.398421012973067 -7.396819344688607 -7.446471061506882 -7.430454378662278 -7.340760954732492 -7.028435639262703 -6.796193738015937 -6.646437753418885 -6.640031080281043 -6.664056104547949 -6.693686967810468 -6.681674455677015 -6.528715134511042 -6.4069883448920475 -6.226800662890247 -6.067434668586431 -5.879238645162328 -5.729482660565276 -5.690241787595994 -5.655005085337864 -5.592540022243907 -5.538884134714482 -5.468410730198222 -5.327463921165702 -5.1817121072798 -4.959080215739798 -4.862980118672171 -4.887005142939078 -5.149678741590591 -5.53327829571887 -5.938500371687365 -6.219593155610174 -6.468652573843775 -6.563151002626942 -6.624815231578669 -6.683276123961475 -6.711305318939534 -6.7977954063003985 -6.849849625545362 -6.757753699188887 -6.595184368316151 -6.394975832758593 -6.226800662890247
-7.402425183684219 -7.393616008119686 -7.473699422342708 -7.466491915062637 -7.397620178830838 -7.296715076909829 -7.071680682943136 -6.90831051792817 -6.949953893324141 -6.971576415164357 -6.961966405457595 -6.949953893324141 -6.824222932993996 -6.729724504210829 -6.547935153924566 -6.31088824782442 -6.112281380551324 -5.92408535712722 -5.84960778189981 -5.81677358206837 -5.763918528681176 -5.714266811862901 -5.67422510475139 -5.607755870946281 -5.474016569193833 -5.411551506099876 -5.323459750454551 -5.39393315497081 -5.684635948600382 -6.0666338344442 -6.315693252677802 -6.588777695178308 -6.730525338353059 -6.773770382033492 -6.833832942700758 -6.828227103705146 -6.849048791403133 -6.900302176505868 -6.843442952407521 -6.748143689482124 -6.6992928068060795 -6.507092612670826 -6.330108267237946
-7.565795348699185 -7.412836027533212 -7.565795348699185 -7.583413699828251 -7.572202021837027 -7.4720977540582485 -7.3775993252750816 -7.223038335824649 -7.239055018669253 -7.226241672393568 -7.215830828544576 -7.19340747256213 -7.110120721770187 -7.026033136836013 -6.838637947554139 -6.600790207311762 -6.326904930669025 -6.123493058542547 -6.028193795617151 -5.991355425074559 -5.938500371687365 -5.92008118641607 -5.907267840140386 -5.892051991438011 -5.856815289179881 -5.794350226085924 -5.844001942904198 -5.960923727669812 -6.249224018872693 -6.504690110244135 -6.756152030904426 -6.8514512938298235 -6.925128034915003 -6.937941381190688 -6.929132205626155 -6.921924698346084 -6.894696337510256 -6.921123864203853 -6.763359538184497 -6.686479460530396 -6.637628577854352 -6.586375192751618 -6.4117933497454285
-7.855697308186528 -7.595426211961703 -7.532160314725516 -7.7059413235894745 -7.7107463284428555 -7.652285436060049 -7.562592012130263 -7.473699422342708 -7.406429354395369 -7.420844368955514 -7.415238529959902 -7.372794320421701 -7.318337598750045 -7.189403301850978 -7.003609780853566 -6.761757869900038 -6.471055076270465 -6.2500248530149225 -6.199572302054419 -6.188360624063195 -6.185958121636505 -6.170742272934131 -6.184356453352044 -6.200373136196649 -6.174746443645281 -6.217991487325714 -6.316494086820032 -6.494279266395142 -6.749745357766585 -6.979584756586659 -7.059668170809681 -7.116527394908028 -7.046053990391767 -6.981186424871119 -6.988393932151192 -6.974779751733278 -6.94514888847076 -6.800998742869318 -6.624815231578669 -6.574362680618165 -6.548735988066797 -6.499084271248524 -6.410992515603199
-7.286304233060836 -7.822062274212858 -7.735572186851993 -7.812452264506096 -7.882925669022354 -7.838879791199693 -7.693127977313791 -7.634667084930985 -7.51294029531199 -7.501728617320767 -7.4897161051873145 -7.441666056653499 -7.423246871382204 -7.273490886785153 -7.111722390054647 -6.883484659519032 -6.6408319144232735 -6.476660915266077 -6.4206025253099615 -6.401382505896436 -6.404585842465357 -6.423805861878883 -6.45103422271471 -6.462245900705932 -6.466250071417084 -6.531918471079962 -6.693686967810468 -6.907509683785939 -7.190204135993209 -7.313532593896664 -7.3143334280388945 -7.203818316411123 -7.073282351227595 -6.975580585875509 -6.98038559072889 -6.935538878763996 -6.783380391740254 -6.575964348902625 -6.5511384904934875 -6.511897617524207 -6.467851739701544 -6.464648403132624 -6.480665085977228
-6.20357647276557 -7.4817077637650105 -8.019868307343723 -7.984631605085594 -8.0430924974684 -7.999847453787968 -7.8492906350486855 -7.780418898816885 -7.632264582504295 -7.608239558237386 -7.592222875392782 -7.5481769975701205 -7.529757812298826 -7.3864085008396145 -7.2606775405094695 -7.060469004951912 -6.825023767136226 -6.704898645801691 -6.650441924130035 -6.655246928983418 -6.674466948396942 -6.689682797099318 -6.695288636094929 -6.695288636094929 -6.720915328646296 -6.80900708429162 -6.983588927297811 -7.2518683649449365 -7.460886076067025 -7.504931953889688 -7.439263554226809 -7.303121750047671 -7.140552419174934 -7.005211449138027 -6.988393932151192 -6.929933039768386 -6.780977889313563 -6.608798548734065 -6.660051933836799 -6.640031080281043 -6.660051933836799 -6.740135348059821 -6.778575386886873
-7.497724446609617 -8.115968404411351 -8.091142546002214 -8.142395931104948 -8.17843346750531 -8.1544084432384 -8.051901673032933 -7.9437890638318525 -7.7868255719547275 -7.712347996727317 -7.649082099491128 -7.605837055810696 -7.601032050957315 -7.509736958743069 -7.420043534813283 -7.296715076909829 -7.118929897334718 -7.028435639262703 -6.929933039768386 -6.935538878763996 -6.943547220186298 -6.938742215332917 -6.958763068888674 -6.914717191066011 -6.9459497226129905 -7.05085899524515 -7.236652516242563 -7.51454196359645 -7.633065416646524 -7.664297948193504 -7.570600353552566 -7.4072301885376 -7.207822487122273 -7.096506541352273 -7.05085899524515 -7.036443980685005 -6.98038559072889 -6.94915305918191 -7.0804898585076685 -7.098108209636733 -7.109319887627956 -7.136548248463784 -7.095705707210042
-8.11276506784243 -8.171225960225236 -8.146400101816099 -8.230487686750273 -8.21847517461682 -8.168823457798545 -8.099951721566747 -7.9886357757967446 -7.86530731789329 -7.810850596221634 -7.6923271431715605 -7.673107123758035 -7.6290612459353735 -7.571401187694796 -7.519346968449833 -7.3952176764041475 -7.331951779167959 -7.270287550216231 -7.198212477415511 -7.191805804277669 -7.19340747256213 -7.174187453148605 -7.19340747256213 -7.107718219343495 -7.158170770304 -7.282300062349686 -7.468894417489327 -7.682717133464799 -7.76199971354559 -7.7147504991540075 -7.610642060664079 -7.470496085773789 -7.340760954732492 -7.242258355238173 -7.020427297840401 -6.985190595582271 -7.0228298002670915 -7.0764856877965165 -7.188602467708748 -7.255071701513858 -7.2334491796736415 -7.304723418332131 -7.307926754901052
-8.132785921398186 -8.333795291097973 -8.35862114950711 -8.312172769257756 -8.229686852608044 -8.231288520892504 -8.159213448091784 -8.060710848597465 -7.973419927094371 -7.894938181155808 -7.7780163963901945 -7.728364679571921 -7.659492943340121 -7.648281265348899 -7.604235387526236 -7.594625377819474 -7.573002855979258 -7.520948636734293 -7.470496085773789 -7.448072729791342 -7.415238529959902 -7.393616008119686 -7.388811003266305 -7.335955949879111 -7.380802661844003 -7.500927783178536 -7.68832297246041 -7.824464776639548 -7.856498142328757 -7.783622235385806 -7.652285436060049 -7.531359480583285 -7.459284407782565 -7.354375135150406 -7.151764097166158 -7.0900998682144305 -7.0900998682144305 -7.0812906926498975 -7.167780780010762 -7.150162428881698 -7.0764856877965165 -7.150162428881698 -7.207822487122273
-8.198454321061064 -8.39385785176524 -8.39385785176524 -8.331392788671282 -8.300160257124302 -8.332193622813511 -8.271330228004015 -8.233691023319194 -8.14960343838502 -8.022270809770415 -7.919764039564946 -7.847688966764224 -7.786024737812497 -7.772410557394583 -7.7636013818300516 -7.75799554283444 -7.758796376976671 -7.701937152878324 -7.661094611624582 -7.6202520703708405 -7.585816202254941 -7.566596182841415 -7.535363651294437 -7.506533622174148 -7.573002855979258 -7.693127977313791 -7.83007061563516 -7.955801575965305 -7.964610751529838 -7.86690898617775 -7.728364679571921 -7.657891275055661 -7.589820372966091 -7.579409529117099 -7.44406855908019 -7.274291720927383 -7.058066502525222 -7.049257326960689 -7.083693195076588 -7.069278180516445 -6.889891332656873 -6.805803747722701 -6.864264640105507
-8.260919384155022 -8.402667027329771 -8.402667027329771 -8.36022281779157 -8.366629490929412 -8.386650344485167 -8.400264524903081 -8.36262532021826 -8.236093525745884 -8.102354223993437 -8.035884990188329 -7.950195736969693 -7.90454819086257 -7.878120664168973 -7.86931148860444 -7.880523166595664 -7.878120664168973 -7.819659771786167 -7.804443923083793 -7.762800547687821 -7.72115717229185 -7.706742157731705 -7.668302118904654 -7.679513796895877 -7.746783864843216 -7.866108152035521 -8.00305079035689 -8.071121692446457 -8.08233337043768 -7.97261909295214 -7.798037249945951 -7.727563845429691 -7.774813059821275 -7.779618064674656 -7.779618064674656 -7.500126949036307 -7.23184751138918 -6.953157229893062 -6.988393932151192 -6.994800605289033 -6.825023767136226 -6.619209392583057 -6.551939324635718
-8.262521052439482 -8.409874534609845 -8.424289549169988 -8.39946369076085 -8.355417812938189 -8.366629490929412 -8.407472032183152 -8.328990286244592 -8.192047647923223 -8.136790092109337 -8.098350053282285 -8.023872478054875 -7.999847453787968 -7.969415756383219 -7.906950693289261 -7.927772380987248 -7.910954864000413 -7.872514825173361 -7.860502313039909 -7.854896474044297 -7.811651430363865 -7.817257269359477 -7.802842254799332 -7.8404814594841525 -7.93738239069401 -8.056706677886314 -8.122375077549192 -8.168823457798545 -8.168022623656315 -8.061511682739695 -7.880523166595664 -7.852493971617607 -7.90454819086257 -7.903747356720341 -7.971818258809909 -7.743580528274295 -7.4072301885376 -7.105315716916804 -6.885086327803492 -6.889891332656873 -6.773770382033492 -6.519905958946509 -6.419801691167731
-8.39465868590747 -8.469136261134881 -8.46593292456596 -8.416281207747685 -8.350612808084808 -8.346608637373656 -8.326587783817901 -8.248106037879339 -8.172026794367467 -8.168022623656315 -8.163217618802934 -8.143997599389408 -8.088740043575523 -7.984631605085594 -7.910954864000413 -7.86690898617775 -7.83007061563516 -7.823663942497317 -7.825265610781779 -7.839680625341922 -7.901344854293651 -7.909353195715953 -7.913357366427103 -7.967814088098759 -8.072723360730919 -8.18243763821646 -8.237695194030346 -8.194450150349914 -8.168022623656315 -8.080731702153221 -7.97261909295214 -7.9397848931207005 -7.942187395547391 -7.889332342160197 -7.946191566258543 -7.906950693289261 -7.592222875392782 -7.283100896491915 -7.041248985538386 -6.756152030904426 -6.533520139364423 -6.352531623220392 -6.483067588403919
-8.413878705320995 -8.496364621970708 -8.529999655944378 -8.517987143810924 -8.50517379753524 -8.403467861472002 -8.36262532021826 -8.309770266831066 -8.25291104273272 -8.215271838047899 -8.208064330767828 -8.231288520892504 -8.115968404411351 -8.00785579521027 -7.9349798882673195 -7.868510654462211 -7.7908297426658795 -7.7644022159722805 -7.757194708692209 -7.834074786346312 -7.952598239396384 -8.04229166332617 -8.026274980481565 -8.022270809770415 -8.143997599389408 -8.2577160475861 -8.282541905995238 -8.211267667336747 -8.046295834037322 -7.938183224836241 -7.859701478897678 -7.843684796053074 -7.856498142328757 -7.864506483751059 -7.905349025004801 -7.960606580818688 -7.821261440070627 -7.51294029531199 -7.082091526792128 -6.6368277437121215 -6.228402331174706 -6.291668228410895 -6.558345997773561
-8.437903729587902 -8.524393816948766 -8.545215504646752 -8.515584641384233 -8.524393816948766 -8.461928753854808 -8.473941265988262 -8.420285378458837 -8.317778608253368 -8.228886018465813 -8.167221789514086 -8.224081013612432 -8.137590926251567 -8.015864136632572 -7.9261707127027865 -7.879722332453435 -7.816456435217246 -7.717153001580698 -7.660293777482352 -7.703538821162784 -7.83247311806185 -8.003851624499118 -8.176030965078617 -8.163217618802934 -8.252110208590489 -8.344206134946965 -8.352214476369268 -8.224081013612432 -7.906149859147032 -7.736373020994224 -7.666700450620194 -7.646679597064438 -7.659492943340121 -7.6915263090293315 -7.7011363187360935 -7.843684796053074 -7.79563474751926 -7.384005998412924 -6.817816259856153 -6.408590013176507 -6.302079072259888 -6.499885105390753 -6.729724504210829
