static/data/precipitation/2023/7/27/0.asc
ncols 137
nrows 93
xllcorner 108.0
yllcorner 17.0
cellsize 0.25
NODATA_value -32767
[rows 40 to 59 of 93, columns 45 to 89 of 137]
0.0016567240760691215 0.025955343858397734 0.03258224016266728 0.040313619184318555 0.0392091364669403 0.03202999880397989 0.03976137782562769 0.09001534146635404 0.13750809831362953 0.15738878722644511 0.1800306829327046 0.12756775385722174 0.02374637842363775 0.01546275804329908 0.016014999401989943 0.026507585217085128 0.03700017103218031 0.04914948092334462 0.05743310130368676 0.04473155005383159 0.14137378782445517 0.19162775146517805 0.23249361200818747 0.09277654825979795 0.07786603157518973 0.07897051429256799 0.09332878961848881 0.07510482478174235 0.08228396244470276 0.05356741179286112 0.0469405154885881 0.03644792967349292 0.03810465374956204 0.0469405154885881 0.045836032771209845 0.03534344695611466 0.026507585217085128 0.019328447554124717 0.014910516684611685 0.011597068532473442 0.0077313790216512746 0.010492585815095185 0.02374637842363775 0.05688085994499589 0.11707516804212656
0.0 0.01988068891281558 0.03810465374956204 0.027612067934463386 0.5168979117331635 0.3832555029303596 0.21150844037799363 0.2739117139098808 0.3230611948332289 0.322508953474538 0.4440020523861776 0.37938981341953393 0.16953809711760942 0.09001534146635404 0.7350332484154266 0.7206749730895058 0.5423010142328704 0.46333049994030234 0.3733151584739518 0.5837191161345672 0.7068689391222759 0.7140480767852363 0.6566149754815496 0.14247827054183343 0.07952275565125538 0.07289585934698584 0.05522413586892677 0.040313619184318555 0.03644792967349292 0.02540310249970687 0.019328447554124717 0.026507585217085128 0.033134481521358145 0.07179137662960758 0.10050792728144922 0.0982989618466927 0.07179137662960758 0.04638827412990071 0.10989603037916615 0.0171194821193682 0.012149309891164306 0.008835861739029532 0.021537412988881233 0.05080620499941374 0.10823930630309703
0.0022089654347565157 0.02264189570625949 0.054119653151548514 0.07068689391222932 0.5533458414066563 0.868675657218234 0.6963763533071772 0.7184660076547493 0.7869439361322186 1.1646770254756835 1.0117061691187548 0.9470939301521111 0.566047392656508 0.35840464178934006 0.7488392823826601 0.7874961774909095 0.609122218634274 0.8460337615119711 0.9111982418373056 1.106139441454622 1.1447963365628713 1.15307995694321 0.9984523765102122 0.5119277395049595 0.24077723238852614 0.045836032771209845 0.02816430929315425 0.016014999401989943 0.010492585815095185 0.006626896304273017 0.011044827173786048 0.01822396483674646 0.04970172228203548 0.10216465135751487 0.155732063150376 0.20322481999765496 0.17616499342187897 0.18223964836746112 0.2496130941275522 0.1430305119005243 0.01546275804329908 0.012149309891164306 0.0171194821193682 0.03644792967349292 0.07731379021649887
0.03534344695611466 0.37938981341953393 0.4241213634733655 0.8068246250450342 0.8256008312404681 1.2138265063990314 1.290035813898152 1.2999761583545564 1.7423214866646684 2.243204398995842 2.027278027748335 2.0388750962808087 1.6683211446003043 1.0774228908027803 1.0072882382492419 1.0487063401509351 0.7731379021649887 1.0525720296617607 1.3325583985172238 1.1365127161825326 1.1519754742258317 1.1177365099870953 0.9780194462387093 0.8134515213493038 0.3219567121158472 0.12038861619426133 0.045836032771209845 0.033134481521358145 0.048597239564657224 0.006074654945582153 0.011044827173786048 0.02264189570625949 0.05522413586892677 0.10989603037916615 0.1977024064107602 0.25292654227969047 0.32747912570274196 0.33686722880045883 0.4495244659730724 0.4522856727665163 0.30980740222468284 0.14192602918314604 0.14468723597658995 0.05080620499941374 0.04914948092334462
0.18776206195435588 0.5323606697764626 1.033795823466327 1.6169626982422032 1.5153502882433758 1.9372626862819846 2.013471993781102 2.4999966307863564 3.2024476390391157 3.282522636049062 3.5232998684375865 3.5348969369700614 2.945655407248603 2.186323539050846 2.1890847458442932 1.6743957995458865 1.3988273615599365 1.2204534027033012 1.318200123191303 0.8957354837940066 0.744421351513147 0.7101823872744106 0.8250485898817806 0.8222873830883333 0.4324049838537042 0.2650758521708547 0.1899710273891124 0.10989603037916615 0.11983637483557394 0.03810465374956204 0.014910516684611685 0.026507585217085128 0.03700017103218031 0.07841827293387713 0.17064257983498768 0.3208522293984689 0.39595705418021127 0.7007942841766936 0.9686313431409923 1.1243634062913683 1.003974790097107 0.8366456584142541 0.4070018813539973 0.18610533787828676 0.162358959454649
0.40976308814744467 0.6472268723838326 1.1586023705301014 1.345259949767079 2.2956673280713247 2.721997656979445 3.6652258976207306 4.632752758044343 4.841499991628889 4.676932066739486 4.93979895347558 4.504080521469741 3.7105096890332514 3.356522978113424 2.9644316134440385 2.4226828405698555 2.0024271666073195 1.8555309651959693 1.0796318562375369 0.8454815201532837 0.6952718705897989 0.6593761822749968 0.8200784176535768 0.8868996220549805 0.7825260052627057 0.5467189451023834 0.3771808479847774 0.2993148164095877 0.3490165386916232 0.09001534146635404 0.06074654945582153 0.01988068891281558 0.025955343858397734 0.03258224016266728 0.08228396244470276 0.1800306829327046 0.4373751560819081 0.8984966905874539 1.7533663138384545 2.471280080134513 2.274682156441131 1.6567240760678308 0.9923777215646301 0.534569635211219 0.446763259179625
0.2915834373879399 0.6035998050473792 1.074109442650642 1.7119482119367577 3.2245372933866876 4.15395950006074 5.304830491569193 6.2762230415036315 6.005072534387196 5.872534608301769 5.676488925967076 5.038097915322271 4.4444384547313 4.5940958629360935 3.9534958868565324 3.2731345329513433 2.697146795838427 2.200681814376767 1.584380458079536 1.2138265063990314 0.8614965195552736 0.7582273854803769 0.7714811780889196 0.9012578973809013 0.8692278985769214 0.7908096256430442 0.6163013562972344 0.5367786006459756 1.1376171988999109 0.33024033249618934 0.11155275445523527 0.03534344695611466 0.011597068532473442 0.012149309891164306 0.033134481521358145 0.18279188972615198 0.48431567157049615 0.9603477227606537 1.7235452804692346 2.9301926492053023 2.837416100945504 2.1946071594311847 1.5192159777542014 0.9780194462387093 0.679256871187809
0.5815101506998072 0.7052122150462068 1.362379431886447 2.3116823274733114 3.18477591556106 4.800634131085883 6.4551492417189555 7.100167148668032 5.233039114939587 5.84823598851944 5.488174622654033 5.1976956679834725 5.346800834829578 5.478786519556314 5.037545673963582 4.252258461907431 3.5448372814264677 3.013028853008694 2.47404128692796 1.7345901076430172 1.1276768544435032 0.8383023824903233 0.7516004891761074 0.5423010142328704 0.4688529135271971 0.4798977407009831 0.4495244659730724 0.38491222700642524 0.3893301578759417 0.27280723119250255 0.15241861499824122 0.06516448032533456 0.024850861141019476 0.008835861739029532 0.019328447554124717 0.13640361559625128 0.36061360722409663 0.7560184200456205 1.4855292548741559 2.150980092094735 2.112875438345173 1.947203030738389 1.759993210142724 1.0321390993902577 0.7184660076547493
0.8885563461310462 1.07024375313982 1.684888385360985 2.3934140485593267 3.177044536539409 4.35994552685184 6.064162359766948 7.181346628395355 5.508055311566847 4.121377259898073 4.019764849899245 4.230721048918549 4.609558620979392 5.898489952160165 5.26120342423274 4.580289828968862 4.048481400551088 3.598956934578016 2.9279836837705457 2.1493233680186656 1.505409943786968 1.1552889223779665 1.0371092716184618 0.7206749730895058 0.6869882502094603 0.5494801518958308 0.38491222700642524 0.3335537806483241 0.6676598026553355 0.5975251501017971 0.36447929673492224 0.15241861499824122 0.07952275565125538 0.03258224016266728 0.03092551608659816 0.1386125810310078 0.4213601566799181 0.9051235868917235 1.676604764980643 2.6988035199144966 2.9158343738793815 2.5011011135037347 1.7467394175341815 0.805720142327656 0.4235691221146747
1.1177365099870953 1.112214096400204 1.2375728848226693 3.7823010656628573 3.558643315393699 3.8662417521836274 4.821067061357386 5.1667701518968725 3.600613658654085 3.117954711159656 3.1864326396371276 3.369776770721967 3.999884160986431 4.7321562026084125 4.453274316470328 3.9236748534873125 3.4691802152860363 3.0660440234428643 2.571235766057273 2.1178456105733767 1.8671280337284464 2.1217113000842023 1.6854406267196724 1.2977671929198 1.0658258222703034 0.8294665207512937 0.6477791137425235 0.4567036036360328 1.1475575433563188 1.2624237459636853 0.9907209974885645 0.602495322330001 0.3136730917355085 0.1728515452697442 0.18886654467173414 0.3434941251047319 0.5461667037436959 0.9266609998806081 1.584380458079536 2.670639210621342 2.925774718335789 2.3161002583428276 1.4871859789502215 0.7140480767852363 0.1949411996173163
0.4495244659730724 0.6196148044493692 1.1812442662363642 3.7314948606634433 3.6177331407734514 3.365358839852452 3.079850057410096 2.7551321385008016 3.6851065865335446 3.3576274608308023 3.407329183112838 3.27644798110348 3.7005693445768437 3.546494005502535 3.4658667671339014 3.0251781628998584 2.5215340437752376 2.3100256033972455 2.530369905514267 2.358622842961903 3.2090745353433867 3.546494005502535 3.0246259215411695 2.243756640354533 1.7942321743814604 1.121602199497921 0.9305266893914304 0.6648985958618882 0.952064102380315 1.263528228681067 1.4021408097120749 1.0249599617272973 0.8609442781965827 0.8289142793926063 0.8206306590122642 0.8123470386319255 1.0111539277600674 1.1574978878127231 1.6545151106330744 2.374085601005202 2.1686518155727903 1.6318732149268114 1.1679904736278217 0.5218680839613674 0.322508953474538
0.33631498744177146 0.5119277395049595 0.8504516923814875 2.561847662959554 2.3972797380701523 4.35994552685184 4.046824676475021 3.577971762947824 4.199243291473261 3.7011215859355326 3.2631941884949374 3.183119191484991 3.043954369095294 2.892087995455742 2.4795637005148534 1.9604568233469317 1.641261318024532 1.854978723837282 2.114532162421242 3.286388325559886 4.207526911853599 3.947973473269639 3.3322243583310955 2.622041971056687 2.0990694043779428 1.4468723597659063 0.7499437651000384 0.6196148044493692 0.8333322102621193 0.9481984128694894 1.0862587525418064 1.1044827173785527 1.02219875493385 1.4198125331901303 1.6810226958501595 1.5871416648729832 1.6053656297097263 1.7583364860666584 1.9483075134557672 2.2564581916043847 1.5816192512860885 0.8747503121638162 0.42798705298419115 0.4368229147232172 0.3064939540725481
0.4114198122235103 0.6891972156442168 1.0343480648250143 1.1586023705301014 1.255244608300725 3.6447929673492276 4.317975183591455 3.84857002870557 3.723763481641794 3.3261497033855134 2.770042655185413 2.5331311123077125 2.393966289918014 2.2155923310613788 1.7296199354148167 1.2403340916161167 1.1376171988999109 1.3684540868320292 1.9030237220432484 3.0781933333340286 3.5332402128939924 3.0450588518126724 2.438145598613158 2.1697562982901686 1.6456792488940448 1.7439782107407376 1.0647213395529251 0.6405999760795631 0.8626010022726518 0.9200341035763351 0.8515561750988658 0.8697801399356122 0.8504516923814875 1.2778865040069878 1.936710444923294 2.631982315513093 2.650206280349839 2.612653867958968 2.7512664489899774 2.351443705298939 1.252483401507281 0.5124799808636504 0.26562809352954214 0.27501619662725907 0.3186432639637124
0.35453895227851445 0.6394954933621813 0.7996454873820737 0.4384796387992863 0.8880041047723587 1.3071552960175168 2.0642781987805154 2.1288904377471627 2.04660647530246 2.144353195790462 1.9770240641076124 1.6026044229162824 1.6484404556874923 1.489394944384978 1.375080983136299 1.0879154766178754 0.9647656536301668 1.0752139253680237 1.5667087346014767 1.739560279871221 1.943337341227567 1.8980535498150444 1.5667087346014767 1.4341708085160512 1.6153059741661342 1.7577842447079675 1.6843361440022944 0.7775558330345017 0.9642134122714758 1.1425873711281147 1.0658258222703034 0.8189739349361985 0.7300630761872228 0.7659587645020283 1.683231661284916 2.795445757685118 3.8347639947383385 3.7839577897389245 3.211283500778145 2.4050111170918003 1.381155638081881 0.4920470505921475 0.2590011972252726 0.4136287776582669 0.4859723956465653
0.162358959454649 0.35177774548507057 0.6422567001556287 0.5781967025476724 0.7897051429256661 0.3081506781486172 0.21813533668226318 0.22862792249736183 0.2253144743452236 0.6102267013516522 0.6974808360245555 0.7184660076547493 0.8366456584142541 0.9597954814019628 0.9807806530321567 1.0155718586295805 1.0542287537378299 1.1017215105851088 1.1630203013996179 1.2193489199859229 1.2110652996055842 1.468962014113475 1.3905437411795978 1.8726504473153376 2.062069233345759 2.095755956225805 1.8063814842726247 0.9625566881954102 1.1497665087910751 1.4264394294944034 1.3596182250929998 1.0928856488460794 0.7792125571105708 0.7493915237413474 1.252483401507281 3.105253159909803 4.179362602560447 4.202004498266706 3.5188819375680715 2.4044588757331127 1.6699778686763735 0.6698687680900921 0.27059826575774604 0.4379273974405955 0.5522413586892782
0.17064257983498768 0.32029998803978155 0.4340617079297733 0.06461223896664717 0.007179137662960411 0.0005522413586908637 0.0016567240760691215 0.00994034445640779 0.037552412390871176 0.0817317210860119 0.18168740700877373 0.2634191280947856 0.3567479177132744 0.4489722246143815 0.5102710154288904 0.6985853187419337 0.8819294498267766 0.902914621456967 0.8609442781965827 0.8769592775985726 0.9846463425429823 1.3077075373762077 1.626903042698611 2.0692483710087197 2.5187728369817917 2.7275200705663383 2.6419226599695005 2.321070430571032 1.8025157947617991 1.491051668461047 1.418708050472752 1.3148866750391681 1.0459451333574912 0.8918697942831809 1.80306803612049 2.8550878244235616 3.5536731431654953 3.7961070996300887 3.499553490013947 2.684445244588574 1.9720538918794086 1.2591102978115505 0.6582716995576187 0.35177774548507057 0.4666439480924406
0.49094256787476576 0.6245849766775731 0.34128515966997186 0.0038656895108256373 0.0005522413586908637 0.0 0.0005522413586908637 0.0033134481521347736 0.014910516684611685 0.04197034326038421 0.12204534027033045 0.1778217174979481 0.22862792249736183 0.27612067934463735 0.3214044707571598 0.3976137782562804 0.4440020523861776 0.5815101506998072 0.7201227317308184 0.8432725547185271 0.9620044468367194 1.133199268030398 1.5661564932427894 1.473932186341679 1.933396996771159 2.8959536849665675 3.7055395168050476 3.336090047841921 2.9909391986611236 1.7025601088390407 1.2535878842246593 1.344707708408388 1.241438574333495 1.2287370230836396 1.2845134003112575 1.4314096017226072 1.7439782107407376 2.1322038858992975 2.4392500813305364 2.5938776617635324 1.8925311362281532 1.5772013204165756 1.1425873711281147 0.6477791137425235 0.33686722880045883
0.3506732627676923 0.2982103336922094 0.0740003420643641 0.007179137662960411 0.0005522413586908637 0.0 0.0005522413586908637 0.004970172228203895 0.030373274727910765 0.09995568592275836 0.2126129230953719 0.24298619782328265 0.23525481880163138 0.1927322341825563 0.19604568233469455 0.21150844037799363 0.2573444731492035 0.36116584858278744 0.48707687836394353 0.6140923908624745 0.7101823872744106 0.7460780755892127 0.7571229027629988 0.6764956643943651 0.8565263473270697 1.6622464896547222 2.9125209257272466 3.78782347924975 3.616076416697384 2.2365775026915724 1.3077075373762077 1.1199454754218519 1.0973035797155923 1.162468060040927 1.2265280576488833 1.3767377072123679 1.4998875302000767 1.4684097727547876 1.514798046884685 1.6970376952521495 1.8726504473153376 1.8102471737834505 1.4292006362878473 0.8714368640116779 0.5251815321135022
0.2026725786389641 0.13088120200936 0.0469405154885881 0.0022089654347565157 0.0 0.0 0.0005522413586908637 0.007179137662960411 0.03368672288004554 0.1905232687477998 0.4970172228203479 0.48265894749442706 0.30373274727910415 0.19935913048682932 0.15462758043299774 0.10934378902047875 0.10161240999882748 0.12370206434639958 0.20377706135634235 0.2440906805406609 0.3197477466810906 0.4296437770602568 0.33410602200701145 0.23635930151900963 0.16843361440023116 0.712943594067858 0.9708403085757489 1.8483518275330089 2.301741983016907 2.0488154407372163 1.2248713335728176 0.8565263473270697 0.7908096256430442 0.9608999641193411 1.0404227197705964 1.1873189211819464 1.3165433991152373 1.2867223657460138 0.9951389283580775 1.043183926564044 1.3960661547664928 1.8748594127500942 1.595425285253322 1.0575422018899647 0.6223760112428166
0.08228396244470276 0.05798534266237415 0.008835861739029532 0.0005522413586908637 0.0 0.0 0.0 0.006074654945582153 0.051358446358104604 0.22918016385604922 0.5489279105371399 0.5500323932545216 0.4053451572779282 0.2915834373879399 0.18665757923697415 0.061298790814508924 0.03368672288004554 0.04362706733645333 0.0469405154885881 0.08559741059683754 0.10658258222703137 0.16346344217202727 0.15186637363955036 0.11044827173785701 0.04362706733645333 0.03644792967349292 0.2672848176056113 0.4815544647770488 0.9316311721088086 0.868675657218234 0.949855136945555 0.7013465255353811 0.4417930869514211 0.6290029075470861 0.8051679009689651 1.126020130367434 1.225423574931505 1.206647368736071 1.0691392704224416 0.7527049718934857 0.7698244540128505 1.3706630522667858 1.751157348403698 1.3253792608542634 0.6113311840690305
