static/data/precipitation/2023/7/27/12.asc
ncols 137
nrows 93
xllcorner 108.0
yllcorner 17.0
cellsize 0.25
NODATA_value -32767
[rows 40 to 59 of 93, columns 45 to 89 of 137]
0.0911198241837323 0.20598602679109887 0.4555991209186545 0.7681677299367848 1.9035759634019358 1.8632623442176206 1.833993552207088 2.2365775026915724 2.582280593231059 1.6909630403065674 1.4407977048203242 1.4612306350918272 1.6992466606869059 2.00077044253125 2.338742154049087 1.9781285468249907 1.5689177000362369 1.0056315141731726 0.7317198002632919 0.8134515213493038 0.897944449228763 0.8714368640116779 0.742212386078387 0.5389875660807355 0.4622260172229241 0.4859723956465653 0.4125242949408886 0.3490165386916232 0.27059826575774604 0.2026725786389641 0.16180671809595815 0.11376171988999179 0.04970172228203548 0.04528379141252245 0.03644792967349292 0.019328447554124717 0.012149309891164306 0.020432930271502975 0.07455258342305149 0.11762740940081742 0.10216465135751487 0.11928413347688308 0.15904551130251077 0.08007499700994625 0.07179137662960758
0.14137378782445517 0.3810465374955996 0.6632418717858225 1.7075302810672446 1.8466951034569432 1.969844926444652 2.3254883614405446 2.8053861021415263 2.29014491448443 3.2151491902889693 2.7275200705663383 2.03059147590047 2.005740614759454 2.2205625032895826 2.5530118012205265 2.1327561272579882 1.2800954694417443 0.6422567001556287 0.4544946382012763 0.4324049838537042 0.48983808515738747 0.5036441191246209 0.4169422258104051 0.3379717115178371 0.28495654108366686 0.31698653988764675 0.36834498624574785 0.3258224016266728 0.19162775146517805 0.12259758162902132 0.09608999641193272 0.09001534146635404 0.043074825977762465 0.03644792967349292 0.020432930271502975 0.01546275804329908 0.020432930271502975 0.02264189570625949 0.02098517163019384 0.03534344695611466 0.03534344695611466 0.06461223896664717 0.09498551369455446 0.07455258342305149 0.051358446358104604
0.2672848176056113 0.5075098086354466 1.2707073663440274 2.13165164454061 2.0090540629115887 2.1310994031819193 2.487847320895192 2.7142662779577957 1.8947401016629097 3.1074621253445613 2.633639039589162 1.9345014794885373 2.197920607583323 2.3553093948097645 2.4917130104060177 2.0383228549221215 1.1834532316711208 0.508062049994134 0.2744639552685717 0.20543378543241148 0.14413499461790255 0.1579410285851325 0.17064257983498768 0.1507618909221721 0.1507618909221721 0.18058292429139547 0.23249361200818747 0.22034430211702316 0.10161240999882748 0.04970172228203548 0.04252258461907507 0.03644792967349292 0.026507585217085128 0.014910516684611685 0.0171194821193682 0.00994034445640779 0.014910516684611685 0.013253792608542564 0.008835861739029532 0.009388103097716927 0.026507585217085128 0.05688085994499589 0.08835861739028492 0.07731379021649887 0.05522413586892677
0.3280313670614293 0.8498994510227966 1.6633509723721005 1.8726504473153376 1.9825464776945037 2.1228157828015806 2.257562674321763 2.4624442183954867 1.7406647625885994 2.013471993781102 1.552350459275556 1.7920232089467039 2.1432487130730835 2.2719209496476838 2.2056519866049706 1.7848440712837434 1.4584694282983799 0.7996454873820737 0.2783296447793973 0.13198568472673824 0.06461223896664717 0.01546275804329908 0.025955343858397734 0.04362706733645333 0.08559741059683754 0.10934378902047875 0.13198568472673824 0.11873189211819568 0.05743310130368676 0.04473155005383159 0.0347912055974238 0.02264189570625949 0.01546275804329908 0.00994034445640779 0.018776206195437323 0.008835861739029532 0.017671723478055595 0.0171194821193682 0.006626896304273017 0.0038656895108256373 0.021537412988881233 0.02540310249970687 0.05632861858630503 0.05688085994499589 0.06792568711878194
0.6019430809713135 1.1243634062913683 1.5313652876453656 1.6429180421005976 1.9339492381298464 2.1432487130730835 2.2785478459519566 2.0289347518244045 1.5247383913410926 1.2972149515611124 1.3231702954195068 1.5628430450906547 1.766620106446997 1.890322170793393 1.9295313072603335 1.8814863090543672 1.5551116660690034 1.1586023705301014 0.4992261882551079 0.295449126898762 0.11928413347688308 0.0695824111948476 0.024850861141019476 0.02264189570625949 0.04638827412990071 0.07455258342305149 0.09719447912931445 0.09995568592275836 0.055776377227617635 0.06737344576009108 0.06737344576009108 0.05467189451023938 0.030373274727910765 0.0298210333692199 0.02098517163019384 0.04528379141252245 0.054119653151548514 0.028716550651841644 0.006074654945582153 0.0044179308695130315 0.0016567240760691215 0.004970172228203895 0.00994034445640779 0.025955343858397734 0.06295551489057805
1.1017215105851088 1.2966627102024217 1.5766490790578847 1.895292343021597 1.8196352768811672 1.8693369991632027 1.9151730319344127 1.5854849407969143 1.3082597787348986 1.2624237459636853 1.0089449623253075 1.0216465135751627 1.3706630522667858 1.428096153570469 1.777664933620783 1.7191273495997181 1.6103358019379301 1.2867223657460138 0.8675711745008557 0.5334651524938407 0.33024033249618934 0.1728515452697442 0.10658258222703137 0.07123913527091671 0.07179137662960758 0.07786603157518973 0.09222430690111055 0.11486620260737004 0.10823930630309703 0.13419465016149476 0.13419465016149476 0.11320947853130092 0.07731379021649887 0.07013465255353846 0.07841827293387713 0.09277654825979795 0.103821375433584 0.08228396244470276 0.014358275325920822 0.004970172228203895 0.0016567240760691215 0.0011044827173782579 0.0033134481521347736 0.008835861739029532 0.024298619782328612
1.0006613419449688 1.371767534984164 1.8781728609022288 2.3613840497553467 1.256901332376794 1.730172176773504 2.0206511314440623 1.7544707965558328 1.2845134003112575 0.9647656536301668 1.0459451333574912 1.0144673759122023 0.8471382442293494 1.0641690981942378 1.2475132292790772 1.2834089175938792 1.3104687441696552 1.272916331778784 1.044840650640113 0.7775558330345017 0.5533458414066563 0.35177774548507057 0.23138912929080574 0.18113516565008286 0.155732063150376 0.14689620141134646 0.1551798217916886 0.15683654586775425 0.16843361440023116 0.18113516565008286 0.17450826934581332 0.15904551130251077 0.18334413108483938 0.17892620021532635 0.17671723478056983 0.17119482119367507 0.19162775146517805 0.16346344217202727 0.025955343858397734 0.00994034445640779 0.0016567240760691215 0.0011044827173782579 0.0022089654347565157 0.0011044827173782579 0.01270155124985517
0.9448849647173512 1.1519754742258317 1.2690506422679584 0.8736458294464344 0.9774672048800184 1.1972592656383507 1.288379089822083 1.2751252972135405 1.4656485659613403 1.8268144145441276 1.5600818382972073 1.1447963365628713 0.8984966905874539 1.099512545150349 0.945437206076042 0.7957797978712482 0.7593318681977552 0.8024066941755177 0.7758991089584326 0.7543616959695514 0.6682120440140265 0.49425601602690394 0.31091188494206456 0.27943412749677554 0.29489688554007465 0.27556843798594993 0.23359809472556572 0.1734037866284316 0.11265723717261353 0.12425430570508697 0.09222430690111055 0.10050792728144922 0.2247622329865362 0.508062049994134 0.26949378304036775 0.2424339564645918 0.24629964597541742 0.18334413108483938 0.05632861858630503 0.0171194821193682 0.0033134481521347736 0.0038656895108256373 0.007179137662960411 0.0016567240760691215 0.0022089654347565157
0.7659587645020283 1.4247827054183344 2.071457336443476 1.5733356309057498 2.486742838177814 3.003640749910977 3.4984490072965686 3.6337481401754417 2.5960866271982908 1.620276146394338 1.4827680480807084 1.3783944312884335 1.261871504604998 1.25193116014859 1.133199268030398 0.9366013443370125 0.64998807917728 0.46333049994030234 0.5389875660807355 0.5953161846670406 0.5538980827653438 0.46774843080981887 0.34459860782211016 0.30373274727910415 0.33410602200701145 0.33465826336570237 0.331897056572255 0.29600136825745293 0.15297085635692861 0.11707516804212656 0.07565706614042975 0.061298790814508924 0.15241861499824122 0.3324492979309458 0.31035964358337376 0.2844042997249795 0.3026282645617224 0.27888188613808473 0.18665757923697415 0.04141810190169681 0.022089654347572096 0.014358275325920822 0.004970172228203895 0.0005522413586908637 0.0005522413586908637
0.7516004891761074 1.4181558091140614 1.8737549300327159 1.9483075134557672 2.8987148917600134 3.236134361919161 3.0108198875739376 2.6452361081216353 2.0035316493246977 1.7434259693820466 1.4446633943311498 1.2110652996055842 0.9713925499344398 0.8095858318384817 0.6941673878724207 0.8410635892837671 0.7908096256430442 0.3871211924411817 0.31698653988764675 0.37552412390870826 0.42909153570156944 0.3898823992346291 0.34018067695259363 0.33631498744177146 0.34735981461555404 0.3418374010286628 0.3390761942352154 0.33134481521356757 0.20432930271503322 0.11762740940081742 0.05356741179286112 0.04417930869514072 0.07344810070567323 0.18334413108483938 0.4147332603756486 0.3258224016266728 0.33024033249618934 0.3655837794523005 0.3379717115178371 0.13585137423756388 0.0392091364669403 0.01546275804329908 0.0033134481521347736 0.0 0.0
0.8018544528168303 1.277334262648297 1.15307995694321 2.631430074154404 3.7171365853375224 3.584046417893406 2.4403545640479147 1.6666644205242387 1.6169626982422032 1.730172176773504 1.4998875302000767 1.0846020284657407 0.8106903145558598 0.6776001471117433 0.6477791137425235 0.7383466965675649 0.690853939720286 0.40368843320186254 0.18886654467173414 0.2098517163019245 0.24298619782328265 0.27888188613808473 0.27888188613808473 0.3164342985289559 0.31753878124633417 0.31753878124633417 0.3236134361919163 0.3567479177132744 0.22862792249736183 0.1110005130965444 0.16014999401988902 0.1728515452697442 0.019328447554124717 0.06074654945582153 0.21758309532357578 0.3258224016266728 0.3075984367899264 0.4114198122235103 0.4406886042340429 0.12756775385722174 0.05908982537975241 0.019328447554124717 0.004970172228203895 0.0005522413586908637 0.0
0.5251815321135022 0.9437804819999729 0.7913618670017352 2.3807124973094713 3.0610738512146605 2.7137140365991064 1.5860371821556016 1.2132742650403407 1.256901332376794 1.5346787357975005 1.449081325200663 1.1050349587372437 0.8504516923814875 0.7123913527091672 0.5953161846670406 0.5925549778735932 0.5516891173305872 0.4666439480924406 0.2518220595623122 0.1159706853247483 0.1281199952159126 0.15297085635692861 0.1905232687477998 0.23304585336687486 0.29489688554007465 0.2987625750509003 0.3501210214090014 0.42688257026681287 0.28661326515973595 0.12646327113984349 0.16567240760678378 0.22034430211702316 0.16622464896547118 0.02705982657577599 0.3307925738548767 0.33465826336570237 0.3672405035283696 0.4793454993422923 0.5400920487981138 0.12038861619426133 0.05080620499941374 0.0298210333692199 0.014910516684611685 0.0016567240760691215 0.0005522413586908637
1.3496778806365919 1.0321390993902577 0.9940344456406992 1.6804704544914686 1.661142006937344 1.4231259813422652 1.0680347877050598 0.6941673878724207 0.8189739349361985 1.1287813371608815 1.1199454754218519 1.0111539277600674 0.7560184200456205 0.7201227317308184 0.5953161846670406 0.5036441191246209 0.4384796387992863 0.37165843439788265 0.3197477466810906 0.18334413108483938 0.09443327233586707 0.08891085874897231 0.12149309891163959 0.15959775266120163 0.2220010261930888 0.29379240282269636 0.3506732627676923 0.40976308814744467 0.3827032615716687 0.21703085396488492 0.07676154885781147 0.13143344336804738 0.17892620021532635 0.03644792967349292 0.3462553318981758 0.30041929912696597 0.3335537806483241 0.6063610118408267 0.6615851477097534 0.12646327113984349 0.04141810190169681 0.02264189570625949 0.01546275804329908 0.0022089654347565157 0.0005522413586908637
2.433727667743642 2.0692483710087197 1.2657371941158235 1.179587542160295 0.997347893792834 0.7527049718934857 0.4451065351035559 0.4252258461907438 0.4793454993422923 0.6742866989596086 0.7024510082527593 0.6019430809713135 0.63397307977529 0.6262417007536387 0.5892415297214584 0.5119277395049595 0.4169422258104051 0.32637464298536367 0.29489688554007465 0.1977024064107602 0.08559741059683754 0.08449292787945928 0.10492585815096225 0.13640361559625128 0.17671723478056983 0.2501653354862431 0.30925516086599547 0.3197477466810906 0.40258395048448425 0.2882699892358016 0.14137378782445517 0.051358446358104604 0.018776206195437323 0.029268792010532507 0.07234361798829497 0.14634396005265907 0.3214044707571598 0.6124356667864088 0.6058087704821358 0.10271689271620574 0.021537412988881233 0.010492585815095185 0.0044179308695130315 0.007179137662960411 0.005522413586894759
2.377399049157337 2.5463849049162555 1.6037089056336606 0.5632861858630642 0.32416567755060716 0.23138912929080574 0.747182558306591 0.9890642734124954 0.35453895227851445 0.36944946896312614 0.42633032890812206 0.4616737758642367 0.508062049994134 0.5196591185266108 0.4456587764622467 0.4981217055377296 0.4721663616793319 0.4224646393972964 0.3534344695611362 0.2247622329865362 0.09608999641193272 0.1032691340748966 0.14192602918314604 0.10989603037916615 0.14413499461790255 0.19604568233469455 0.2590011972252726 0.3219567121158472 0.36116584858278744 0.2567922317905126 0.16456792488940553 0.08725413467290666 0.01546275804329908 0.013806033967233428 0.047492756847278966 0.10492585815096225 0.1971501650520728 0.24077723238852614 0.2645236108121639 0.05080620499941374 0.00994034445640779 0.0005522413586908637 0.03202999880397989 0.0392091364669403 0.019328447554124717
1.3408420188975658 1.1547366810192792 0.6267939421123296 0.13474689152018215 0.11376171988999179 0.12867223657460347 0.5218680839613674 0.6925106637963551 0.24740412869279568 0.3335537806483241 0.4848679129291836 0.4666439480924406 0.53512187656991 0.5765399784716068 0.5064053259180683 0.4555991209186545 0.49977842961379526 0.4749275684727793 0.4136287776582669 0.30207602320303506 0.15904551130251077 0.23028464657342748 0.1678813730415403 0.11762740940081742 0.10658258222703137 0.14192602918314604 0.19991137184552019 0.2888222305944925 0.3468075732568666 0.33024033249618934 0.23967274967114788 0.1159706853247483 0.03368672288004554 0.005522413586894759 0.012149309891164306 0.02264189570625949 0.019328447554124717 0.012149309891164306 0.010492585815095185 0.008835861739029532 0.0005522413586908637 0.006074654945582153 0.07510482478174235 0.16953809711760942 0.13695585695494214
0.9967956524341431 0.8813772084680858 0.42798705298419115 0.07841827293387713 0.05356741179286112 0.26562809352954214 0.20543378543241148 0.19604568233469455 0.48983808515738747 0.29379240282269636 0.4346139492884607 0.5185546358092326 0.6417044587969413 0.7018987668940719 0.6312118729818427 0.6135401495037871 0.5130322222223378 0.49370377466821314 0.4970172228203479 0.4627782585816149 0.35122550412637965 0.17726947613925723 0.19383671689993803 0.16622464896547118 0.11376171988999179 0.09940344456407096 0.162358959454649 0.24629964597541742 0.3650315380936131 0.5191068771679199 0.4787932579836049 0.27501619662725907 0.06571672168402543 0.01270155124985517 0.006074654945582153 0.010492585815095185 0.008835861739029532 0.0027612067934473794 0.0 0.0 0.0027612067934473794 0.02264189570625949 0.35453895227851445 0.627346183471017 0.4384796387992863
0.5920027365149059 0.5494801518958308 0.07289585934698584 0.038656895108249434 0.08891085874897231 0.19549344097600369 0.12867223657460347 0.07013465255353846 0.2739117139098808 1.0713482358571982 0.6914061810789733 0.6267939421123296 0.6974808360245555 0.7792125571105708 0.8454815201532837 0.9796761703147784 0.7168092835786801 0.6107789427103396 0.5925549778735932 0.591450495156215 0.5102710154288904 0.2739117139098808 0.16346344217202727 0.18610533787828676 0.12535878842246523 0.061298790814508924 0.1159706853247483 0.1927322341825563 0.363374814017544 0.4688529135271971 0.5047486018419991 0.37552412390870826 0.13585137423756388 0.02264189570625949 0.011597068532473442 0.03147775744528902 0.03644792967349292 0.020432930271502975 0.0005522413586908637 0.0 0.013806033967233428 0.016014999401989943 0.09774672048800184 0.2440906805406609 0.27777740342070645
0.10989603037916615 0.033134481521358145 0.024298619782328612 0.012149309891164306 0.023194137064950354 0.02264189570625949 0.0 0.0016567240760691215 0.2026725786389641 0.7615408336325118 0.7212272144481967 0.6925106637963551 0.7168092835786801 0.8250485898817806 1.318200123191303 1.4308573603639165 1.0420794438466656 0.7775558330345017 0.7289585934698445 0.690301698361595 0.5870325642867019 0.4246736048320529 0.19935913048682932 0.20322481999765496 0.13419465016149476 0.06571672168402543 0.07179137662960758 0.1435827532592117 0.32416567755060716 0.4859723956465653 0.5903460124388367 0.5903460124388367 0.3390761942352154 0.12370206434639958 0.04252258461907507 0.040313619184318555 0.03810465374956204 0.027612067934463386 0.006074654945582153 0.0 0.007179137662960411 0.019328447554124717 0.055776377227617635 0.04914948092334462 0.03644792967349292
0.055776377227617635 0.05522413586892677 0.0027612067934473794 0.0022089654347565157 0.0011044827173782579 0.0 0.0 0.0016567240760691215 0.008835861739029532 0.24850861141017394 0.4627782585816149 0.6328685970579118 0.7206749730895058 1.0531242710204516 1.4584694282983799 1.8179785528050982 1.4446633943311498 1.1127663377588914 0.7863916947735312 0.6974808360245555 0.6185103217319909 0.5511368759718999 0.3296880911374984 0.20046361320420758 0.14137378782445517 0.06626896304271282 0.04970172228203548 0.10271689271620574 0.26286688673609476 0.4307482597776351 0.7455258342305253 0.7852872120561529 0.6085699772755832 0.1452394773352808 0.1159706853247483 0.0695824111948476 0.06074654945582153 0.038656895108249434 0.024850861141019476 0.0033134481521347736 0.0011044827173782579 0.01270155124985517 0.019328447554124717 0.01546275804329908 0.016567240760677338
