static/data/precipitation/2023/7/27/18.asc
ncols 137
nrows 93
xllcorner 108.0
yllcorner 17.0
cellsize 0.25
NODATA_value -32767
[rows 40 to 59 of 93, columns 0 to 44 of 137]
0.0 0.0005522413586908637 0.0005522413586908637 0.0 0.0 0.0 0.0 0.0005522413586908637 0.005522413586894759 0.0005522413586908637 0.0 0.0022089654347565157 0.011044827173786048 0.037552412390871176 0.06350775624926544 0.054119653151548514 0.0005522413586908637 0.0 0.0005522413586908637 0.0 0.0 0.0 0.0 0.0 0.0 0.0 0.0 0.0 0.0 0.0 0.0 0.0 0.0 0.0011044827173782579 0.0005522413586908637 0.03202999880397989 0.04473155005383159 0.03810465374956204 0.01822396483674646 0.013253792608542564 0.03644792967349292 0.24298619782328265 1.0404227197705964 1.3347673639519837 1.8163218287290326
0.0033134481521347736 0.0016567240760691215 0.0 0.04086586054300595 0.014910516684611685 0.009388103097716927 0.0 0.0011044827173782579 0.0016567240760691215 0.0011044827173782579 0.0027612067934473794 0.023194137064950354 0.04141810190169681 0.1159706853247483 0.04197034326038421 0.02098517163019384 0.0005522413586908637 0.0005522413586908637 0.0 0.0 0.0 0.0 0.0 0.0 0.0 0.0 0.0 0.0 0.0 0.0 0.0 0.0 0.0 0.0 0.0 0.019328447554124717 0.019328447554124717 0.011044827173786048 0.0038656895108256373 0.02264189570625949 0.0740003420643641 0.7659587645020283 1.6390523525897753 1.6953809711760803 2.076979750030371
0.008835861739029532 0.006626896304273017 0.006626896304273017 0.047492756847278966 0.03092551608659816 0.009388103097716927 0.0 0.0016567240760691215 0.0016567240760691215 0.0016567240760691215 0.011597068532473442 0.03202999880397989 0.07897051429256799 0.10603034086834051 0.03644792967349292 0.02098517163019384 0.0 0.0 0.0 0.0 0.0 0.0 0.0 0.0 0.0 0.0 0.0 0.0 0.0 0.0 0.0 0.0 0.0 0.0 0.0 0.0 0.0005522413586908637 0.0077313790216512746 0.01988068891281558 0.07731379021649887 1.0928856488460794 1.786500795359809 2.2260849168764736 2.4513993912217007 2.4375933572544675
0.02264189570625949 0.027612067934463386 0.02816430929315425 0.04362706733645333 0.06792568711878194 0.04417930869514072 0.0016567240760691215 0.0027612067934473794 0.0022089654347565157 0.011597068532473442 0.02264189570625949 0.0695824111948476 0.1209408575529522 0.035895688314802054 0.012149309891164306 0.0 0.0 0.0 0.0 0.0 0.0 0.0 0.0 0.0 0.0 0.0 0.0 0.0 0.0 0.0005522413586908637 0.0005522413586908637 0.0 0.0 0.0 0.0005522413586908637 0.0005522413586908637 0.028716550651841644 0.03700017103218031 0.15683654586775425 0.36834498624574785 1.5418578734604609 1.9256656177495077 2.2211147446482697 2.6877586927407107 2.425444047363303
0.017671723478055595 0.02264189570625949 0.04638827412990071 0.05522413586892677 0.08891085874897231 0.05908982537975241 0.016014999401989943 0.010492585815095185 0.008283620380338669 0.022089654347572096 0.03976137782562769 0.0867018933142158 0.1507618909221721 0.0740003420643641 0.0469405154885881 0.0 0.0 0.0 0.0 0.0 0.0 0.0 0.0 0.0 0.0 0.0 0.0 0.0 0.0 0.0011044827173782579 0.0005522413586908637 0.0 0.0005522413586908637 0.0 0.0011044827173782579 0.007179137662960411 0.03534344695611466 0.2739117139098808 0.5323606697764626 0.9404670338478381 2.128338196388472 2.513250423394899 1.751157348403698 2.1587114711163826 2.139383023562258
0.0027612067934473794 0.0033134481521347736 0.018776206195437323 0.04197034326038421 0.025955343858397734 0.0298210333692199 0.06847792847746934 0.06295551489057805 0.01822396483674646 0.009388103097716927 0.023194137064950354 0.03644792967349292 0.08449292787945928 0.26231464537740734 0.11817965075950482 0.07123913527091671 0.0 0.0 0.0 0.0 0.0 0.0 0.0 0.0 0.0 0.0 0.0 0.0 0.0 0.0 0.0 0.0 0.0 0.0 0.0 0.012149309891164306 0.07786603157518973 0.3650315380936131 0.8515561750988658 1.7003511434042842 1.667768903241617 1.8036202774791774 1.8246054491093713 1.9295313072603335 1.5738878722644407
0.006074654945582153 0.0011044827173782579 0.008283620380338669 0.030373274727910765 0.010492585815095185 0.07510482478174235 0.15186637363955036 0.15738878722644511 0.0016567240760691215 0.0005522413586908637 0.0005522413586908637 0.007179137662960411 0.06737344576009108 0.35453895227851445 0.3407329183112845 0.15131413228086296 0.0077313790216512746 0.0 0.0 0.0 0.0 0.0 0.0 0.0 0.0 0.0 0.0 0.0 0.0 0.0 0.0 0.0 0.0 0.0 0.0011044827173782579 0.0690301698361602 0.09940344456407096 0.1159706853247483 0.29765809233352203 0.539539807439423 1.017780824064337 1.5131413228086192 1.739560279871221 1.5346787357975005 1.1773785767255387
0.0016567240760691215 0.0 0.011597068532473442 0.05632861858630503 0.01546275804329908 0.012149309891164306 0.019328447554124717 0.012149309891164306 0.0 0.0 0.0 0.006626896304273017 0.040313619184318555 0.14192602918314604 0.0982989618466927 0.0911198241837323 0.05246292907548286 0.0 0.0 0.0 0.0 0.0 0.0 0.0 0.0 0.0 0.0 0.0 0.0 0.0 0.0 0.0 0.0 0.0 0.0 0.45118119004913804 0.577644461188985 0.3064939540725481 0.2374637842363879 0.24850861141017394 0.866466691783474 1.159706853247483 0.9741537567278836 1.0078404796079292 1.5313652876453656
0.0033134481521347736 0.0005522413586908637 0.008835861739029532 0.014910516684611685 0.09719447912931445 0.0469405154885881 0.0027612067934473794 0.0005522413586908637 0.0 0.0 0.0 0.0 0.01822396483674646 0.018776206195437323 0.01822396483674646 0.011597068532473442 0.011597068532473442 0.0 0.0 0.0 0.0 0.0 0.0 0.0 0.0 0.0 0.0 0.0 0.0 0.0 0.0 0.0 0.0 0.0 0.0011044827173782579 0.1977024064107602 0.2893744719531799 0.2253144743452236 0.1607022353785799 0.30925516086599547 0.5008829123311735 0.8609442781965827 1.3049463305827604 2.50386232029718 1.2596625391702414
0.0033134481521347736 0.0005522413586908637 0.0 0.0033134481521347736 0.0298210333692199 0.0022089654347565157 0.0 0.0 0.0 0.0 0.0 0.0 0.0 0.0 0.0 0.0 0.0 0.0 0.0 0.0 0.0 0.0 0.0 0.0 0.0 0.0 0.0 0.0 0.0 0.0 0.0 0.0 0.0 0.0 0.0005522413586908637 0.05080620499941374 0.05908982537975241 0.08725413467290666 0.2733594725511934 0.5174501530918543 0.6593761822749968 0.8134515213493038 0.9730492740105054 1.523081667265027 0.9542730678150715
0.013806033967233428 0.0005522413586908637 0.0 0.0 0.0011044827173782579 0.0011044827173782579 0.0 0.0 0.0 0.0 0.0 0.0 0.0 0.0 0.0 0.0 0.0 0.0 0.0 0.0 0.0 0.0 0.0 0.0005522413586908637 0.0 0.0 0.0 0.0 0.0 0.0 0.0 0.0 0.0 0.0 0.0 0.0016567240760691215 0.0027612067934473794 0.01546275804329908 0.1728515452697442 0.23138912929080574 0.33741947015914975 0.8559741059683789 1.216035471833788 0.9642134122714758 0.837197899772945
0.05080620499941374 0.01270155124985517 0.0 0.0 0.0 0.0 0.0 0.0 0.0 0.0 0.0 0.0 0.0 0.0 0.0 0.0 0.0 0.0 0.0 0.0 0.0 0.0 0.0 0.0 0.0 0.0 0.0 0.0 0.0 0.0 0.0 0.0 0.0 0.0 0.0 0.0 0.0011044827173782579 0.0077313790216512746 0.027612067934463386 0.10768706494440963 0.41307653629957947 0.7913618670017352 1.12325892357399 0.7438691101544561 0.6842270434160129
0.10768706494440963 0.11044827173785701 0.10934378902047875 0.0 0.0 0.0 0.0 0.0 0.0 0.0 0.0005522413586908637 0.0005522413586908637 0.0011044827173782579 0.0 0.0 0.0 0.0 0.0 0.0 0.0 0.0 0.0 0.0 0.0 0.0 0.0 0.0 0.0 0.0 0.0 0.0 0.0 0.0 0.0 0.0 0.0005522413586908637 0.0016567240760691215 0.007179137662960411 0.027612067934463386 0.21813533668226318 0.5235248080374331 0.6632418717858225 0.9537208264563807 0.627346183471017 0.7035554909701376
0.10106016864013662 0.16953809711760942 0.20156809592158584 0.06571672168402543 0.0 0.0 0.0 0.0 0.0005522413586908637 0.0005522413586908637 0.0005522413586908637 0.08835861739028492 0.16567240760678378 0.0867018933142158 0.0 0.0 0.0 0.0 0.0 0.0 0.0 0.0011044827173782579 0.0011044827173782579 0.04804499820596636 0.08394068652077188 0.07841827293387713 0.0 0.0 0.0 0.0 0.0 0.0 0.0 0.0 0.0 0.0 0.0016567240760691215 0.007179137662960411 0.030373274727910765 0.19162775146517805 0.3661360208109914 0.5798534266237415 0.8614965195552736 0.42577808754943114 0.49425601602690394
0.0011044827173782579 0.05467189451023938 0.011597068532473442 0.0 0.0 0.0 0.0 0.0 0.0 0.0 0.0005522413586908637 0.08946310010766317 0.4522856727665163 0.08725413467290666 0.0 0.0 0.0 0.0077313790216512746 0.009388103097716927 0.008283620380338669 0.0 0.0016567240760691215 0.006074654945582153 0.061298790814508924 0.2269711984212927 0.3285836084201202 0.16898585575891856 0.0016567240760691215 0.0016567240760691215 0.0016567240760691215 0.0 0.0 0.0 0.0 0.0 0.0005522413586908637 0.0027612067934473794 0.004970172228203895 0.0298210333692199 0.47327084439671013 0.8250485898817806 0.3578524004306527 0.2882699892358016 0.10768706494440963 0.1380603396723204
0.0011044827173782579 0.0016567240760691215 0.0016567240760691215 0.0005522413586908637 0.0 0.0 0.0 0.0 0.0 0.0 0.0005522413586908637 0.013806033967233428 0.16125447673727075 0.013253792608542564 0.0016567240760691215 0.0011044827173782579 0.0 0.008283620380338669 0.05080620499941374 0.008283620380338669 0.0011044827173782579 0.008283620380338669 0.012149309891164306 0.011044827173786048 0.06350775624926544 0.5726742889607811 0.2269711984212927 0.0044179308695130315 0.016014999401989943 0.033134481521358145 0.0 0.0 0.0 0.005522413586894759 0.006074654945582153 0.011044827173786048 0.019328447554124717 0.013253792608542564 0.019328447554124717 0.09719447912931445 0.20322481999765496 0.27501619662725907 0.16346344217202727 0.03644792967349292 0.04638827412990071
0.0 0.0 0.0 0.0 0.0 0.0 0.0 0.0 0.0 0.0 0.0 0.0 0.0038656895108256373 0.0011044827173782579 0.0044179308695130315 0.22752343977998357 0.3015237818443442 0.014358275325920822 0.08835861739028492 0.014358275325920822 0.0 0.0038656895108256373 0.016014999401989943 0.030373274727910765 0.008283620380338669 0.020432930271502975 0.014358275325920822 0.013806033967233428 0.018776206195437323 0.0 0.0 0.0 0.0 0.03147775744528902 0.07013465255353846 0.08891085874897231 0.09608999641193272 0.022089654347572096 0.02264189570625949 0.11707516804212656 0.18223964836746112 0.21316516445406275 0.6174058390146127 0.17064257983498768 0.054119653151548514
0.0 0.0005522413586908637 0.0 0.0 0.0 0.0 0.0 0.0 0.0 0.0 0.0 0.0 0.0 0.0298210333692199 0.01270155124985517 0.0016567240760691215 0.0011044827173782579 0.04252258461907507 0.23249361200818747 0.04197034326038421 0.0 0.0016567240760691215 0.0016567240760691215 0.0022089654347565157 0.0027612067934473794 0.004970172228203895 0.0016567240760691215 0.0016567240760691215 0.0016567240760691215 0.0005522413586908637 0.0016567240760691215 0.0 0.007179137662960411 0.014358275325920822 0.01270155124985517 0.02098517163019384 0.02264189570625949 0.01546275804329908 0.0171194821193682 0.04197034326038421 0.06626896304271282 0.06682120440140368 0.17616499342187897 0.054119653151548514 0.024850861141019476
0.0 0.0 0.0016567240760691215 0.08062723836863364 0.13032896065066912 0.0 0.0 0.0 0.0 0.0 0.0 0.0011044827173782579 0.004970172228203895 0.0911198241837323 0.021537412988881233 0.006074654945582153 0.017671723478055595 0.06074654945582153 0.07013465255353846 0.04252258461907507 0.0 0.12425430570508697 0.16622464896547118 0.004970172228203895 0.01270155124985517 0.03810465374956204 0.0342389642387364 0.024850861141019476 0.006626896304273017 0.0011044827173782579 0.0005522413586908637 0.008283620380338669 0.011597068532473442 0.005522413586894759 0.0022089654347565157 0.0022089654347565157 0.0033134481521347736 0.006626896304273017 0.018776206195437323 0.033134481521358145 0.024298619782328612 0.02264189570625949 0.02705982657577599 0.03147775744528902 0.02264189570625949
0.0 0.0 0.0005522413586908637 0.0005522413586908637 0.0044179308695130315 0.0 0.0 0.0 0.0 0.0 0.0 0.0011044827173782579 0.0022089654347565157 0.025955343858397734 0.0 0.01546275804329908 0.028716550651841644 0.011044827173786048 0.014358275325920822 0.0027612067934473794 0.017671723478055595 0.10768706494440963 0.10603034086834051 0.00994034445640779 0.027612067934463386 0.08559741059683754 0.07676154885781147 0.02705982657577599 0.0016567240760691215 0.0011044827173782579 0.0 0.07897051429256799 0.0044179308695130315 0.0005522413586908637 0.0 0.0 0.0005522413586908637 0.0077313790216512746 0.020432930271502975 0.03258224016266728 0.025955343858397734 0.027612067934463386 0.04914948092334462 0.1110005130965444 0.21758309532357578
