static/data/precipitation/2023/7/27/6.asc
ncols 137
nrows 93
xllcorner 108.0
yllcorner 17.0
cellsize 0.25
NODATA_value -32767
[rows 19 to 37 of 93, columns 0 to 42 of 137]
0.1435827532592117 1.209408575529515 2.7236543810555123 3.246626947734258 0.6919584224376641 0.20156809592158584 0.01546275804329908 0.0077313790216512746 0.0 0.0 0.0 0.0005522413586908637 0.0016567240760691215 0.0005522413586908637 0.0 0.0016567240760691215 0.00994034445640779 0.007179137662960411 0.0033134481521347736 0.0005522413586908637 0.0 0.0 0.0 0.0 0.0 0.0 0.0 0.0 0.0 0.0016567240760691215 0.0033134481521347736 0.0171194821193682 0.06626896304271282 0.03092551608659816 0.014358275325920822 0.02705982657577599 0.08835861739028492 0.029268792010532507 0.01988068891281558 0.03976137782562769 0.05080620499941374 0.12867223657460347 0.30207602320303506
0.03644792967349292 0.09056758282504143 0.08725413467290666 0.050253963640722876 0.04362706733645333 0.04473155005383159 0.008835861739029532 0.0011044827173782579 0.0 0.0 0.0 0.0 0.0 0.0022089654347565157 0.0016567240760691215 0.0 0.0005522413586908637 0.0005522413586908637 0.0005522413586908637 0.0 0.0 0.0 0.0 0.0 0.0 0.0011044827173782579 0.0005522413586908637 0.0 0.0011044827173782579 0.0038656895108256373 0.03092551608659816 0.0469405154885881 0.014910516684611685 0.012149309891164306 0.012149309891164306 0.014910516684611685 0.011044827173786048 0.024850861141019476 0.033134481521358145 0.055776377227617635 0.0982989618466927 0.14689620141134646 1.049810822868317
1.0774228908027803 1.3944094306904236 0.9343923789022559 0.15683654586775425 0.010492585815095185 0.0861496519555284 0.05798534266237415 0.013806033967233428 0.009388103097716927 0.0022089654347565157 0.0011044827173782579 0.0 0.0 0.0005522413586908637 0.0005522413586908637 0.0 0.0016567240760691215 0.0 0.0005522413586908637 0.0005522413586908637 0.0 0.0 0.0 0.0005522413586908637 0.004970172228203895 0.0022089654347565157 0.01988068891281558 0.04197034326038421 0.03147775744528902 0.00994034445640779 0.024850861141019476 0.038656895108249434 0.005522413586894759 0.02264189570625949 0.02816430929315425 0.03147775744528902 0.028716550651841644 0.035895688314802054 0.061298790814508924 0.0911198241837323 0.1032691340748966 0.11541844396605744 0.5180023944505417
0.35177774548507057 0.4489722246143815 0.44289756966879934 0.006626896304273017 0.0038656895108256373 0.0044179308695130315 0.005522413586894759 0.011044827173786048 0.014910516684611685 0.008835861739029532 0.013253792608542564 0.016014999401989943 0.0 0.0 0.0 0.0 0.0005522413586908637 0.0 0.006074654945582153 0.009388103097716927 0.016567240760677338 0.01546275804329908 0.011597068532473442 0.0022089654347565157 0.0016567240760691215 0.0005522413586908637 0.0005522413586908637 0.00994034445640779 0.009388103097716927 0.009388103097716927 0.013253792608542564 0.02098517163019384 0.02264189570625949 0.040313619184318555 0.053015170434170256 0.05743310130368676 0.07841827293387713 0.08062723836863364 0.09608999641193272 0.09498551369455446 0.09332878961848881 0.0740003420643641 0.5853758402106328
2.4425635294826713 0.19659792369338194 0.0469405154885881 0.017671723478055595 0.007179137662960411 0.006074654945582153 0.023194137064950354 0.12425430570508697 0.0911198241837323 0.10271689271620574 0.15186637363955036 0.051910687716792 0.006074654945582153 0.0988512032053801 0.17174706255236594 0.008835861739029532 0.013253792608542564 0.0044179308695130315 0.02264189570625949 0.033134481521358145 0.03644792967349292 0.019328447554124717 0.0077313790216512746 0.0016567240760691215 0.0 0.0005522413586908637 0.0011044827173782579 0.0016567240760691215 0.0016567240760691215 0.0016567240760691215 0.006074654945582153 0.024298619782328612 0.048597239564657224 0.07068689391222932 0.08559741059683754 0.09774672048800184 0.0988512032053801 0.0911198241837323 0.08504516923815014 0.08780637603159405 0.08891085874897231 0.06019430809713067 0.43627067336452985
5.418592211459183 1.9488597548144582 0.5434054969502486 1.1298858198782598 1.7091870051433102 3.2631941884949374 3.303507807679254 0.3733151584739518 0.10271689271620574 0.1380603396723204 0.15407533907430687 0.07731379021649887 0.047492756847278966 0.0469405154885881 0.02374637842363775 0.1678813730415403 0.28992671331187075 0.12701551249853435 0.04473155005383159 0.06240327353188718 0.03644792967349292 0.012149309891164306 0.0016567240760691215 0.004970172228203895 0.004970172228203895 0.006074654945582153 0.0022089654347565157 0.0033134481521347736 0.006626896304273017 0.009388103097716927 0.014910516684611685 0.04528379141252245 0.07289585934698584 0.11431396124867918 0.1380603396723204 0.12756775385722174 0.10879154766178789 0.09277654825979795 0.07510482478174235 0.07179137662960758 0.07841827293387713 0.05964206673844327 0.8703323812942997
3.9413465769653677 2.95504351034632 1.7091870051433102 1.9764718227489215 3.7927936514779526 5.351218765699092 4.947530332497231 0.5141367049397161 0.19549344097600369 0.09332878961848881 0.10934378902047875 0.08062723836863364 0.08835861739028492 0.03976137782562769 0.09608999641193272 0.25955343858395996 0.5047486018419991 0.16567240760678378 0.08394068652077188 0.05688085994499589 0.019328447554124717 0.0011044827173782579 0.008835861739029532 0.011597068532473442 0.013806033967233428 0.01546275804329908 0.008283620380338669 0.006626896304273017 0.010492585815095185 0.0171194821193682 0.025955343858397734 0.061298790814508924 0.1209408575529522 0.162358959454649 0.16401568353071466 0.13585137423756388 0.11707516804212656 0.09719447912931445 0.07841827293387713 0.06019430809713067 0.05080620499941374 0.033134481521358145 0.11155275445523527
3.6547333118056335 2.169204056931478 3.0715664370297575 3.069357471595001 4.601275000599054 3.5078371103942856 3.3167616002877964 0.710734628633098 0.2567922317905126 0.14855292548741558 0.10768706494440963 0.045836032771209845 0.07179137662960758 0.08394068652077188 0.13971706374838605 0.1750605107045007 0.34128515966997186 0.09001534146635404 0.08504516923815014 0.05688085994499589 0.008835861739029532 0.004970172228203895 0.013253792608542564 0.02374637842363775 0.02705982657577599 0.024850861141019476 0.0171194821193682 0.016014999401989943 0.0171194821193682 0.02264189570625949 0.035895688314802054 0.08946310010766317 0.15241861499824122 0.1899710273891124 0.16567240760678378 0.14634396005265907 0.12314982298770871 0.10271689271620574 0.07179137662960758 0.048597239564657224 0.03810465374956204 0.035895688314802054 0.11928413347688308
2.607131454372075 3.3581797021894917 2.614310592035037 5.673175477814939 7.17085404258026 5.159038772875223 1.895844584380288 1.0591989259660337 0.3705539516805044 0.09443327233586707 0.05356741179286112 0.02098517163019384 0.06626896304271282 0.06737344576009108 0.06350775624926544 0.0740003420643641 0.06461223896664717 0.040313619184318555 0.02264189570625949 0.01822396483674646 0.011044827173786048 0.01270155124985517 0.021537412988881233 0.0347912055974238 0.050253963640722876 0.043074825977762465 0.037552412390871176 0.04141810190169681 0.04141810190169681 0.045836032771209845 0.05743310130368676 0.11928413347688308 0.16622464896547118 0.20046361320420758 0.18334413108483938 0.14689620141134646 0.12314982298770871 0.09443327233586707 0.05080620499941374 0.06019430809713067 0.12314982298770871 0.07455258342305149 0.0911198241837323
0.4959127401029696 0.15407533907430687 0.15186637363955036 0.16953809711760942 3.5453895227851566 4.911634644182428 3.728181412511307 1.1900801279753903 0.41859894988647073 0.11928413347688308 0.03644792967349292 0.025955343858397734 0.0867018933142158 0.15131413228086296 0.12756775385722174 0.04804499820596636 0.0011044827173782579 0.0016567240760691215 0.0022089654347565157 0.005522413586894759 0.010492585815095185 0.01822396483674646 0.025955343858397734 0.038656895108249434 0.054119653151548514 0.0817317210860119 0.0867018933142158 0.10713482358571877 0.10658258222703137 0.10216465135751487 0.11762740940081742 0.16898585575891856 0.19328447554124717 0.19383671689993803 0.1728515452697442 0.10713482358571877 0.0817317210860119 0.0640599976079563 0.06682120440140368 0.17009033847629682 0.0690301698361602 0.09001534146635404 0.1905232687477998
0.7101823872744106 0.17119482119367507 0.07289585934698584 0.045836032771209845 0.24298619782328265 0.45725584499472016 0.8537651405336223 2.216696813778757 1.0205420308577844 0.3125686090181302 0.0171194821193682 0.01546275804329908 0.05522413586892677 0.12425430570508697 0.09277654825979795 0.008835861739029532 0.006074654945582153 0.0077313790216512746 0.005522413586894759 0.0044179308695130315 0.006074654945582153 0.016014999401989943 0.014910516684611685 0.04362706733645333 0.09498551369455446 0.15628430450906686 0.16677689032416204 0.13419465016149476 0.09222430690111055 0.06737344576009108 0.07510482478174235 0.10989603037916615 0.15352309771561948 0.17395602798712245 0.1430305119005243 0.08725413467290666 0.05743310130368676 0.05467189451023938 0.06571672168402543 0.054119653151548514 0.07841827293387713 0.14468723597658995 0.1800306829327046
0.442345328310112 0.9918254802059427 1.209408575529515 0.5417487728741794 0.30041929912696597 0.3186432639637124 0.27888188613808473 0.5428532555915577 0.3053894713551698 0.33410602200701145 0.22862792249736183 0.05080620499941374 0.05080620499941374 0.08559741059683754 0.07731379021649887 0.035895688314802054 0.0077313790216512746 0.0038656895108256373 0.0038656895108256373 0.008283620380338669 0.014358275325920822 0.0171194821193682 0.01546275804329908 0.035895688314802054 0.08228396244470276 0.15959775266120163 0.16567240760678378 0.1386125810310078 0.09995568592275836 0.0811794797273245 0.12701551249853435 0.1452394773352808 0.15241861499824122 0.1551798217916886 0.13695585695494214 0.09608999641193272 0.061298790814508924 0.051910687716792 0.06240327353188718 0.09774672048800184 0.07013465255353846 0.08780637603159405 0.18665757923697415
3.0058497153457338 4.633857240761722 2.3553093948097645 3.5641657289805924 2.798759205837255 2.0029794079660066 1.822948725033302 0.2982103336922094 0.07786603157518973 0.08835861739028492 0.12204534027033045 0.08559741059683754 0.11376171988999179 0.048597239564657224 0.033134481521358145 0.024850861141019476 0.017671723478055595 0.019328447554124717 0.013253792608542564 0.014358275325920822 0.014910516684611685 0.01988068891281558 0.019328447554124717 0.048597239564657224 0.1032691340748966 0.17616499342187897 0.13419465016149476 0.10823930630309703 0.07179137662960758 0.051910687716792 0.07123913527091671 0.10161240999882748 0.12038861619426133 0.1380603396723204 0.11707516804212656 0.0740003420643641 0.07676154885781147 0.07068689391222932 0.07841827293387713 0.13253792608542564 0.08946310010766317 0.09167206554241969 0.2601056799426509
2.67229593469741 5.934385640474969 6.751150609976409 8.054992457841792 6.6462247518254465 5.8338777131935196 5.737787716781585 5.668757546945426 4.017555884464489 4.760872753260256 5.126456532712556 0.162358959454649 0.05632861858630503 0.037552412390871176 0.09553775505324533 0.10768706494440963 0.01546275804329908 0.024850861141019476 0.01988068891281558 0.010492585815095185 0.006074654945582153 0.014358275325920822 0.019328447554124717 0.04252258461907507 0.06019430809713067 0.12370206434639958 0.12425430570508697 0.30483722999648244 0.2783296447793973 0.058537584021065014 0.06461223896664717 0.09553775505324533 0.12977671929198173 0.14634396005265907 0.08891085874897231 0.07455258342305149 0.06626896304271282 0.058537584021065014 0.07013465255353846 0.11928413347688308 0.10492585815096225 0.13088120200936 1.7053213156324882
0.07068689391222932 3.257671774908044 5.743862371727167 4.922127229997525 4.3428260447324725 4.16997449946273 3.775121927999897 6.598731994978167 4.838738784835444 5.921131847866426 6.5065076880770585 0.18168740700877373 0.04638827412990071 0.10106016864013662 0.15849326994382337 0.3407329183112845 0.0077313790216512746 0.0171194821193682 0.024850861141019476 0.014910516684611685 0.008283620380338669 0.01546275804329908 0.018776206195437323 0.01988068891281558 0.038656895108249434 0.11762740940081742 0.16953809711760942 1.1254678890087466 4.461005695491977 4.507393969621877 2.9682973029548627 0.07455258342305149 0.10658258222703137 0.08559741059683754 0.04362706733645333 0.05356741179286112 0.06240327353188718 0.05522413586892677 0.03202999880397989 0.07234361798829497 0.0817317210860119 0.11320947853130092 1.6920675230239455
0.0298210333692199 0.028716550651841644 1.646783731611423 0.1607022353785799 0.7979887633060047 0.6240327353188823 0.043074825977762465 2.758445586652938 1.9008147566084919 3.0969695395294643 3.6840021038161663 0.1850008551609085 0.21592637124750666 0.3335537806483241 0.1209408575529522 0.3280313670614293 0.0044179308695130315 0.012149309891164306 0.01988068891281558 0.021537412988881233 0.01546275804329908 0.01546275804329908 0.0171194821193682 0.01822396483674646 0.02816430929315425 0.10161240999882748 0.14965740820479384 1.4164990850379957 4.761424994618944 6.763299919867573 5.88689288362769 2.1587114711163826 0.0740003420643641 0.053015170434170256 0.0392091364669403 0.0817317210860119 0.0938810309771762 0.08725413467290666 0.05964206673844327 0.03700017103218031 0.06074654945582153 0.0911198241837323 0.10989603037916615
0.021537412988881233 0.02264189570625949 0.0038656895108256373 0.013253792608542564 0.024298619782328612 0.020432930271502975 0.006626896304273017 0.01546275804329908 0.401479467767106 0.4555991209186545 0.39264360602807646 0.13253792608542564 0.5284949802656369 0.9294222066740521 0.6687642853727138 0.018776206195437323 0.010492585815095185 0.01546275804329908 0.018776206195437323 0.020432930271502975 0.016014999401989943 0.009388103097716927 0.013806033967233428 0.02264189570625949 0.03368672288004554 0.035895688314802054 0.04473155005383159 0.07897051429256799 0.3009715404856568 2.595534385839602 5.67372771917363 3.7000171032181544 1.3971706374838708 0.1110005130965444 0.08559741059683754 0.13419465016149476 0.1408215464657643 0.1336424088028039 0.13032896065066912 0.06516448032533456 0.07565706614042975 0.07731379021649887 0.09719447912931445
0.043074825977762465 0.08504516923815014 0.037552412390871176 0.054119653151548514 0.025955343858397734 0.02264189570625949 0.021537412988881233 0.0347912055974238 0.06240327353188718 0.050253963640722876 0.03147775744528902 0.04197034326038421 0.89352651835925 0.8990489319461413 0.6030475636886918 0.016567240760677338 0.016567240760677338 0.012149309891164306 0.014358275325920822 0.01546275804329908 0.01546275804329908 0.013253792608542564 0.019328447554124717 0.0298210333692199 0.03147775744528902 0.011597068532473442 0.007179137662960411 0.017671723478055595 0.03534344695611466 0.04362706733645333 3.8678984762596946 2.4420112881239806 1.4336185671573638 0.12922447793329087 0.10934378902047875 0.10879154766178789 0.12535878842246523 0.1380603396723204 0.1330901674441165 0.15738878722644511 0.11320947853130092 0.0982989618466927 0.21592637124750666
0.08559741059683754 0.15738878722644511 0.18168740700877373 0.20322481999765496 0.10823930630309703 0.0298210333692199 0.021537412988881233 0.040313619184318555 0.20046361320420758 0.13474689152018215 0.11707516804212656 0.1430305119005243 0.11431396124867918 0.05246292907548286 0.04086586054300595 0.02264189570625949 0.004970172228203895 0.013253792608542564 0.013806033967233428 0.012149309891164306 0.010492585815095185 0.011044827173786048 0.016014999401989943 0.013253792608542564 0.0077313790216512746 0.0044179308695130315 0.004970172228203895 0.009388103097716927 0.008835861739029532 0.0016567240760691215 0.0016567240760691215 0.02540310249970687 0.0298210333692199 0.017671723478055595 0.03258224016266728 0.0867018933142158 0.12038861619426133 0.14137378782445517 0.24298619782328265 0.2562399904318252 0.1800306829327046 0.05467189451023938 0.26065792130133825
