static/data/seaWind_vo/2023/7/19/0.asc
ncols 137
nrows 93
xllcorner 108.0
yllcorner 17.0
cellsize 0.25
NODATA_value -32767
[rows 0 to 18 of 93, columns 43 to 85 of 137]
1.0580602719248138 0.8552160235848196 0.6434750976860537 0.6176747327656158 1.4121480387639265 2.4023482510552143 3.7448568946738607 4.143428049306832 4.349830968670335 4.350720636426212 4.679897706100764 4.441466747525683 3.9601564915961354 2.7902433926176595 1.6915037141093574 0.8427606750025392 0.4450791881254452 0.4940109146986893 0.5349356314690392 0.5545083220983369 0.29828400840571234 0.047397701248351076 -0.1776882409885725 -0.4339125546811968 -0.6385361385329453 -0.8031246733702213 -0.9766098857662691 -1.0175346025366188 -1.0673559968657402 -1.1127290524154758 -1.1056117103684584 -1.0629076580863543 -1.0388866286776706 -0.9178918138783758 -0.2524203324822545 0.6025503809157038 1.3988030224257693 1.9032446400081233 2.072281513624785 1.996659754375226 1.2155314647150726 0.1737305225829089 -1.0637973258422315
0.9877765192105175 0.7769252610676287 0.7920496129175407 1.4219343840785754 2.4352659580226694 3.2502016224061556 3.9245697813610487 3.976170511201924 4.094496322733588 4.185242433833059 4.2528571832797235 3.4539355385020265 2.4601766551872304 1.4388380714402418 0.7876012741381548 0.35077440600246534 0.12568846376554177 0.26803530470588877 0.32764304434965896 0.1852962034093122 -0.1020664817390129 -0.3520631211404974 -0.5228793302689136 -0.6616675001857515 -0.7586412855763629 -0.716826901050136 -0.7257235786089078 -0.791558992543818 -0.8876431101785522 -0.9579268628928483 -0.9383541722635509 -0.7515239435293455 -0.584266405424438 -0.2693240198439204 0.5029075922574611 1.457521094313662 1.8187262031997924 1.6915037141093574 1.0109078808633238 0.26803530470588877 -0.5540177017246144 -1.448133796381168 -1.9765964433722059
0.7911599451616635 0.8792370529935032 1.1737170801888457 1.7555597925325133 2.3071538011763573 2.6541242259684528 2.8658651518672187 3.11675145902458 3.4281351735815893 3.636317428456846 3.433473180116852 2.628323861048015 1.759118463556022 1.026921900469113 0.7466765573678051 0.4610932077312342 0.23511759773843366 0.04294936246896519 -0.3307110949994452 -0.7808829794732923 -1.1572124402093342 -1.2710899129616116 -1.343153001187662 -1.3662843628404686 -1.0753630066686348 -0.8573944064787287 -0.7782139762056608 -0.8671807517933776 -0.9107744718313584 -0.8315940415582905 -0.6038390960537359 -0.314697075393656 -0.18836425405909818 -0.08516279437734697 0.08209474372756054 0.4833349016281634 0.5180319441073729 0.2555799561236083 -0.39743617669023257 -1.0219829413160046 -1.6536470479887937 -2.1981237145856203 -2.4036369661932464
1.4192653808109439 1.6719310234800595 1.965521382919525 2.0162324450045235 2.0589364972866275 2.2573324068472362 2.3872238992053028 2.6212065190009977 2.855189138796693 2.914796878440463 2.6567932292360843 2.1051992205922403 1.5989782674981319 1.0420462523190248 0.8018359582321894 0.4833349016281634 0.18262720014168066 -0.6243014544389105 -1.3173526362672243 -1.792435217905632 -1.962361759278171 -1.9685894335693113 -1.9863827886868548 -1.8680569771551911 -1.4677064870104655 -1.1518744336740712 -0.8556150709669743 -0.7408479304588194 -0.636756803021191 -0.5033066396396157 -0.33515943377883106 -0.22661996756181635 -0.04601741311875163 0.07230839841291203 -0.14477053402111695 -0.5068653106631245 -0.651881154871103 -0.9232298204136389 -1.2479585513088054 -1.7862075436144917 -2.2292620860413215 -2.6385092537448185 -2.6847719770504317
2.3080434689322344 2.485087352351791 2.4610663229431076 2.438824629046178 2.3872238992053028 2.2484357292884645 2.2430977227532014 2.362313202040742 2.3124918077116203 2.2715670909412706 1.870326933040668 1.7235317533209353 1.3107259145939294 1.201296780621038 0.8365330007113991 0.44418952036956805 -0.26576534882041214 -1.098494368321441 -1.752400168891159 -2.2141377341914095 -2.4685827123722794 -2.441003011940087 -2.2443864378912335 -2.021079831166064 -1.6091636601949353 -1.3164629685113471 -1.0468936384805652 -0.7675379631351347 -0.5353346788511937 -0.3814221570844438 -0.21683362224716785 -0.22928897082944788 -0.1581155503592746 -0.21416461897953631 -0.27911036515856935 -0.4606025873575117 -0.6189634479036474 -0.8894224456903066 -1.5210865523630956 -2.321787532652547 -2.8733815412963906 -3.1340541937684008 -2.9472239650341954
2.977963289107742 2.9503835886755496 2.913907210684586 2.807147079979326 2.5980751573481915 2.458397319675476 2.278684432988288 2.264449748894253 2.213738686809255 2.0260187903191724 1.6149922871039208 1.504673485375152 1.4486244167548905 1.3160639211291925 0.9121547599609583 0.3418777284436938 -0.36451846972277746 -1.1385294173359135 -1.8342496024318584 -2.3048838452908806 -2.70078599665622 -2.545983807133593 -2.3404705555259677 -1.8716156481786999 -1.4214437637048531 -1.183902472885649 -1.1518744336740712 -0.9855065633250408 -0.8449390578964482 -0.7524136112852227 -0.6011700927861043 -0.3947671734226015 -0.2969037202761129 -0.3413871080699713 -0.4686095971604063 -0.4490369065311084 -0.6082874348331218 -0.6154047768801387 -1.203475163514947 -2.09136358388036 -3.1731995750269966 -3.6171437852097035 -3.4027338560433056
3.0446883707985295 3.0162190026104603 2.9948669764694085 2.878320500449499 2.703055952541697 2.6959386104946796 2.562488447113105 2.485087352351791 2.273346426453025 2.0776195201600482 1.7626771345795307 1.6310063067097098 1.5758469058453255 1.3338572762467358 0.97443150287236 0.401485468087464 -0.2479719937028686 -1.0050792539543383 -1.7132547876325641 -2.355594907375879 -2.7826354301969194 -2.621605566383152 -2.276414477102811 -1.8048905664879125 -1.420554095948976 -1.358277353037574 -1.325359646070119 -1.1803438018621404 -1.1945784859561752 -1.1020530393449497 -1.0175346025366188 -0.6767918520356635 -0.5584660405040003 -0.2444133226793599 -0.28266903618207806 -0.2880070427173411 -0.41700886731953046 -0.4632715906251432 -0.8493873966758341 -1.6749990741298455 -2.761283404055868 -3.7728356424882077 -3.8662507568553104
2.638110206362664 2.7573256856502044 2.940597243360901 2.8943345200552884 2.9441559143844094 2.9913083054458998 2.9699562793048475 2.818712760805729 2.566047118136613 2.1914969929123256 1.8907892914258428 1.6879450430858487 1.482431791478223 1.2858152174293689 0.969093496337097 0.48155556611640904 -0.16434322465041484 -0.9258988236812704 -1.7488414978676503 -2.4739207189075425 -2.8929542319256885 -2.846691508620076 -2.4872657352457 -2.13228830065071 -1.8556016285729107 -1.8244632571172104 -1.644750370430022 -1.4490234641370452 -1.4187747604372216 -1.3511600109905566 -1.3120146297319613 -0.9979619119073209 -0.6581088291622428 -0.2595376745292719 -0.07092811028331214 -0.1136321625654162 -0.22128196102655373 -0.45882325184575734 -0.5709213890862803 -1.2746485839851203 -2.360932913911142 -3.738138600008998 -4.177634471412318
2.183489983109431 2.5073290462487203 2.9450455821402866 3.1932628860300167 3.387210456811239 3.4743978968872016 3.381872450275976 2.9165762139522173 2.575833463451262 2.072281513624785 1.6639240136771651 1.4076996999845408 1.3738923252612083 1.250228507194282 0.9343964538578875 0.4344031750549191 -0.19459192835023842 -0.9748305502545147 -1.8547119608170335 -2.601143207997978 -3.1429508713271725 -3.2479316665206786 -2.850250179643585 -2.6847719770504317 -2.571784172054031 -2.5086177613867524 -2.1981237145856203 -1.9605824237664167 -1.627846683068356 -1.4863895098838862 -1.4285611057518701 -1.2435102125294195 -0.8974294554932012 -0.36540813747865464 -0.20793694468839607 -0.17946757650032685 -0.2737723586233063 -0.5709213890862803 -0.4223468738547935 -0.7808829794732923 -1.8191252505819473 -3.4578932569076906 -4.302187957235123
2.2751257619647793 2.7751190407677475 3.366748098426064 3.731511878335703 3.971722172422538 3.801795631049999 3.095399432883528 2.54825376301907 2.0535984907513645 1.5286945147838356 1.1568133928271795 1.2626838557765625 1.2911532239646317 1.2991602337675263 0.9148237632285898 0.4166098199373758 -0.2639860133086578 -1.118956726706616 -2.012183153607292 -2.731034700356044 -3.261276682858836 -3.6055781043833 -3.455224253640059 -3.2870770477792743 -3.1723099072711194 -3.115371170894981 -2.805766791849726 -2.432106334381315 -2.0451008605747476 -1.6483090414535306 -1.6634333933034426 -1.4623684804752028 -1.023762276827759 -0.42501587712242506 -0.36095979869926875 -0.42501587712242506 -0.5255483335365447 -0.651881154871103 -0.7177165688060132 -1.0175346025366188 -1.5629009368893225 -2.93654795196367 -4.084219357045216
2.477970010304774 3.575820021057199 4.248408844500338 4.454811763863841 4.131862368480428 3.3622997596466786 2.1425652663390813 1.3641059799465596 0.8489883492936794 0.6078883874509668 0.7342212087855247 1.0420462523190248 1.281366878649983 1.3534299668760337 0.9068167534256952 0.43262383954316475 -0.2639860133086578 -1.1723367920592458 -2.0584458769129053 -2.775518088149902 -3.345795119667167 -3.804863681699785 -3.8413400596907494 -3.8075326849674167 -3.7070002285532975 -3.6278197982802296 -3.414299536869709 -2.9783623364898966 -2.4934934095368404 -2.0735702287628173 -1.9739274401045743 -1.6634333933034426 -1.199026824735561 -0.5531280339687372 -0.4855132845220722 -0.6073977670772446 -0.7755449729380293 -0.8849741069109207 -1.178564466350386 -1.3938640632726607 -1.752400168891159 -2.476589722175174 -4.053080985589515
2.060715832798382 3.12297913331572 3.8124716441205253 3.8498376898673667 3.2822296616177336 2.231532041926798 1.3952443514022606 0.9148237632285898 0.603440048671581 0.36589875785237713 0.31785669903501024 0.35878141580535994 0.3454363994672023 0.2475729463207137 0.00825231998975573 -0.1323151854388369 -0.4641612583810204 -1.1153980556831073 -2.061114880180537 -2.8128841338967434 -3.3769334911228674 -3.748814613079524 -3.8715887633905735 -3.994362913701622 -4.055749988857148 -4.060198327636533 -3.7826219878028566 -3.3413467808877813 -2.9232029356255125 -2.711462009726746 -2.5575494879599963 -2.0753495642745716 -1.4365681155547647 -0.7524136112852227 -0.7177165688060132 -0.8849741069109207 -1.0326589543865308 -0.9356851689959194 -1.1856818083974034 -1.452582135160554 -1.8342496024318584 -2.416981982531404 -4.031728959448463
1.3649956477024368 1.9664110506754022 2.324947156293901 2.3507475212143385 1.9628523796518935 1.5544948797042735 1.2351041553443702 0.8116223035468384 0.44774819139307676 0.047397701248351076 0.06786005963352615 0.13903348010369943 0.16661318053589147 0.2004205552592242 0.04561836573659672 -0.10740448827427596 -0.43302288692531965 -1.1145083879272302 -2.0584458769129053 -2.780856094685165 -3.324443093526115 -3.7132279028444377 -3.85379540827303 -3.9863559038987275 -4.093116034603987 -4.12692340932732 -3.884933779728731 -3.585115745998125 -3.255938676323573 -3.061101437786473 -2.6927789868533254 -2.236379428088339 -1.6919027614915119 -1.0904873585185464 -1.018424270292496 -1.0735836711568805 -1.1527641014299483 -1.0584593193069685 -1.0993840360773182 -1.296000610126172 -1.5762459532274802 -2.0851359095892206 -3.4374308985225155
1.238662826367879 1.557163882971905 1.6381236487567272 1.6648136814330423 1.531363518051467 1.2457801684148961 1.0349289102720074 0.7867116063822777 0.4308445040314104 0.18351686789755783 0.3374293896643079 0.4521965301724624 0.6176747327656158 0.6568201140242111 0.3409880606878166 -0.09228013642436439 -0.5130929849542647 -1.363615359572837 -2.197234046829743 -2.8938438996815656 -3.3475744551789215 -3.6874275379239996 -3.8671404246111876 -4.083329689289339 -4.215890184915038 -4.192758823262231 -3.938313845081361 -3.7016622220180344 -3.540632358204267 -3.3288914323055008 -2.7924217755115683 -2.331573877967196 -1.832470266920104 -1.5744666177157258 -1.2283858606795075 -1.193688818200298 -1.0326589543865308 -0.9027674620284643 -0.7363995916794339 -0.679460855303295 -0.9232298204136389 -1.6429710349182676 -2.7746284203940257
1.1665997381418283 1.4317207293932244 1.4922181367928717 1.4317207293932244 1.2938222272322633 1.1087713340098124 1.0242528972014815 0.7991669549645579 0.6977448307945608 0.571412009460003 0.6043297164274581 0.534045963713162 0.6532614430007024 0.534045963713162 0.07497740168054357 -0.36896680850216335 -0.9792788890339006 -1.8146769118025614 -2.5326387907954353 -3.0566530990070873 -3.50504564796918 -3.770166639220576 -4.061977663148287 -4.27460825680293 -4.407168752428628 -4.392044400578717 -4.221228191450301 -4.112688725233285 -3.9525485291753957 -3.7861806588263653 -3.0975778157774374 -2.6171572276037662 -2.0904739161244827 -1.6607643900358111 -1.1643297822563516 -0.6865781973503124 -0.48729262003382656 -0.32715242397593647 -0.2969037202761129 -0.25331000023813166 -0.5638040470392633 -1.257744896623454 -2.3680502559581593
1.0553912686571822 1.2537871782177907 1.2609045202648081 1.2004071128651608 1.101653991962795 0.9628658220459569 0.9486311379519221 0.9361757893696419 0.8365330007113991 0.9379551248813962 0.7973876194528036 0.7235451957149988 0.4521965301724624 0.23867626876194237 -0.255089335749886 -0.8511667321875884 -1.4641478159869572 -2.2506141121823737 -2.7924217755115683 -3.3182154192349747 -3.7132279028444377 -3.9623348744900446 -4.302187957235123 -4.55752260317187 -4.690083098797567 -4.710545457182743 -4.646489378759586 -4.537060244786694 -4.371582042193541 -4.200765833065125 -3.5335150161572497 -2.765731742835254 -2.2292620860413215 -1.452582135160554 -1.0219829413160046 -0.5451210241658426 -0.3814221570844438 -0.26576534882041214 -0.3992155122019869 -0.457043916334003 -0.7657586276233803 -1.1492054304064396 -2.295987167732109
0.7413385508325421 0.9281687795667473 0.9166030987403442 0.8454296782701707 0.7466765573678051 0.7386695475649105 0.8578850268524512 0.8454296782701707 0.8952510725992922 1.037597913539639 0.8650023688994684 0.5803086870187746 0.3071806859644841 -0.08249379110971544 -0.6154047768801387 -1.2132615088295955 -1.7817592048351059 -2.5148454356778926 -3.0415287471571752 -3.56465338761295 -3.9605555389782903 -4.24613888861486 -4.634923697933184 -4.891148011625807 -5.038832859101417 -5.064633224021856 -4.986342461504664 -4.816415920132126 -4.650048049783095 -4.4231827720344175 -3.893830457287502 -3.1233781806978747 -2.181220027223954 -1.3467116722111707 -1.0958253650538095 -1.0166449347807416 -0.8529460676993428 -0.8849741069109207 -1.2025854957590698 -1.2604138998910854 -1.1803438018621404 -1.4018710730755553 -2.5646668300070137
0.47087955304588314 0.571412009460003 0.5331562959572849 0.4637622109988657 0.497569585722198 0.5429426412719336 0.6790618079211403 0.7262141989826303 0.7920496129175407 0.8222983166173643 0.6176747327656158 0.3187463667908874 -0.06914877477155779 -0.5157619882218962 -1.041555631945302 -1.5486662527952881 -2.1091569389979035 -2.661640615397625 -3.2425936599854155 -3.7719459747323305 -4.237242211056088 -4.570867619510027 -4.955204090048964 -5.207869732718079 -5.3617822544848295 -5.283491491967638 -5.101109602012819 -4.926734721860894 -4.874244324264142 -4.64559971100371 -4.195427826529862 -3.2283589758913807 -2.2532831154500053 -1.5344315687012533 -1.5735769499598486 -1.5068518682690613 -1.378739711422749 -1.4659271514987116 -1.7755315305439656 -1.8591602995964194 -1.7657451852293167 -1.68300608393274 -2.965906987907616
0.3712367643876402 0.36145041907299147 0.2858286598234323 0.25380062061185393 0.32586370883790483 0.4459688558813224 0.5029075922574611 0.5456116445395651 0.5144732730838644 0.438851513834305 0.2520212851000996 -0.046907080874628804 -0.44369889999584533 -0.8778567648639033 -1.3182423040231015 -1.817345915070193 -2.3084425163143893 -2.825339482479024 -3.430313556475498 -3.9125134801609227 -4.361795696878893 -4.814636584620372 -5.174062357994748 -5.408044977790443 -5.403596639011056 -5.201642058426939 -5.007694487645717 -4.886699672846422 -4.842216285052563 -5.0877645856746625 -4.9418590737108055 -3.8315537143761005 -2.54064580059833 -1.8662776416434368 -1.846704951014139 -1.5415489107482707 -1.3493806754788022 -1.528203894410113 -2.1091569389979035 -2.200792717853252 -1.9988381372691353 -1.6420813671623904 -3.1883239268769086
