static/data/seaWind_vo/2023/7/19/12.asc
ncols 137
nrows 93
xllcorner 108.0
yllcorner 17.0
cellsize 0.25
NODATA_value -32767
[rows 57 to 75 of 93, columns 86 to 128 of 137]
2.118544236930398 2.013563441736892 1.9681903861871566 1.969969721698911 1.9503970310696133 1.9503970310696133 2.0064460996898745 2.0108944384692604 1.9681903861871566 1.8400782293408444 1.6069852773010265 1.3525402991201565 1.1238956858597242 0.9023684146463093 0.7431178863442964 0.6372474233949135 0.6114470584744756 0.624792074812633 0.7386695475649105 0.9077064211815724 1.1238956858597242 1.302718904791035 1.439727739196119 1.5411498633661158 1.6283373034420783 1.7012900594240061 1.7564494602883904 1.78491882847646 1.8294022162703183 1.89167895918172 1.929045004928561 1.9584040408725076 1.9592937086283848 1.9673007184312794 1.9797560670135597 2.0527088229954873 2.1550206149213618 2.260891077870745 2.3436301791673215 2.362313202040742 2.3293954950732867 2.2475460615325873 2.1861589863770625
1.8365195583173357 1.743104443950233 1.7564494602883904 1.8036018513498804 1.8507542424113703 1.8685475975289136 1.9397210179990871 1.9850940735488227 1.944169356778473 1.806270854617512 1.589191922183483 1.3391952827819988 1.0402669168072705 0.7929392806734179 0.5731913449717574 0.4521965301724624 0.39881646481983246 0.4610932077312342 0.6132263939862299 0.8489883492936794 1.0714052882629714 1.2431111651472648 1.367664650970068 1.4735351139194512 1.5295841825397127 1.584743583404097 1.626557967930324 1.6719310234800595 1.7377664374149702 1.7786911541853199 1.807160522373389 1.8187262031997924 1.8231745419791783 1.843636900364353 1.8632095909936508 1.8979066334728603 1.9210379951256666 1.9797560670135597 1.9477280278019817 1.9201483273697895 1.8552025811907562 1.806270854617512 1.78491882847646
1.5491568731690104 1.5838539156482199 1.621219961395061 1.7413251084384789 1.816946867688038 1.8667682620171595 1.913030985322772 1.954845369848999 1.8934582946934744 1.752890789264882 1.5117908274221694 1.2395524941237561 0.9575278155106939 0.7190968569356129 0.507355931036847 0.35522274478185123 0.30984968923211564 0.39525779379632375 0.5909847000893007 0.8276363231526274 1.069625952751217 1.254676845973668 1.377450996284717 1.467307439628311 1.5393705278543615 1.6078749450569036 1.6532480006066392 1.6923933818652346 1.7253110888326897 1.7181937467856723 1.68438637206234 1.6906140463534802 1.6915037141093574 1.7146350757621636 1.7582287958001448 1.7253110888326897 1.6888347108417259 1.5607225539954137 1.5082321563986607 1.4486244167548905 1.4050306967169093 1.3899063448669975 1.4735351139194512
1.3792303317964714 1.4165963775433124 1.551825876436642 1.6772690300153226 1.796484509302863 1.8507542424113703 1.8818926138670713 1.8231745419791783 1.759118463556022 1.5580535507277822 1.2947118949881404 1.0313702392484987 0.8116223035468384 0.5767500159952661 0.45486553344009395 0.3294223798614133 0.35789174804948276 0.4575345367077255 0.6479234364654394 0.8605540301200825 1.1007643242069178 1.302718904791035 1.4610797653371708 1.5802952446247114 1.6932830496211118 1.7608977990677763 1.7608977990677763 1.774242815405934 1.7137454080062864 1.6479099940713762 1.6114336160804124 1.6069852773010265 1.6087646128127808 1.6443513230478675 1.6701516879683052 1.5963092642305003 1.42994139388147 1.2991602337675263 1.132792363418496 1.053611933145428 1.0109078808633238 1.0518325976336735 1.148806383024285
1.1941794385740205 1.3214019276644555 1.457521094313662 1.6167716226156752 1.753780457020759 1.7804704896970742 1.742214776194356 1.6826070365505856 1.4913284690369946 1.2724702010912112 0.9815488449193774 0.7431178863442964 0.5438323090278108 0.5037972600133382 0.3828024452140435 0.4308445040314104 0.49934892123395236 0.5803086870187746 0.7217658602032444 0.9352861216137647 1.2101934581798095 1.420155048566821 1.6434616552919903 1.827622880758564 1.9397210179990871 1.9432796890225958 1.9432796890225958 1.8267332130026868 1.711966072494532 1.6238889646626926 1.5607225539954137 1.5562742152160278 1.5802952446247114 1.620330293639184 1.6247786324185696 1.5180185017133097 1.3427539538055075 1.1577030605830567 0.990445522478149 0.8552160235848196 0.7964979516969264 0.8365330007113991 0.9210514375197301
1.058949939680691 1.1843930932593716 1.3489816280966478 1.5153494984456781 1.6194406258833067 1.6069852773010265 1.5580535507277822 1.4317207293932244 1.2324351520767387 0.990445522478149 0.6924068242592978 0.4788865628487775 0.39525779379632375 0.3712367643876402 0.4495275269048311 0.5491703155630738 0.639916426662545 0.7137588504003498 0.841871007246662 1.069625952751217 1.3480919603407706 1.6390133165126044 1.8810029461111941 2.0687228426012765 2.113206230395135 2.109647559371626 1.9895424123282086 1.8480852391437388 1.699510723912252 1.5936402609628688 1.5269151792720814 1.531363518051467 1.5536052119483963 1.5980885997422547 1.6052059417892721 1.493107804548749 1.3249605986879642 1.139020037709636 1.0037905388163066 0.8676713721670999 0.7769252610676287 0.7404488830766649 0.8036152937439438
0.8774577174817488 1.0020112033045523 1.1772757512123544 1.3391952827819988 1.3810096673082257 1.3694439864818224 1.2902635562087545 1.1612617316065652 0.9726521673606057 0.7440075541001736 0.5109146020603557 0.3925887905286922 0.348995070490711 0.4050441391109727 0.491341911431058 0.6212334037891245 0.7351108765414018 0.8605540301200825 1.0402669168072705 1.2680218623118253 1.5126804951780466 1.816946867688038 2.0126737739810148 2.109647559371626 2.1149855659068892 2.0313567968544355 1.8996859689846146 1.759118463556022 1.6132129515921667 1.5091218241545379 1.4797627882105915 1.4913284690369946 1.5073424886427835 1.551825876436642 1.5233565082485727 1.3952443514022606 1.2422214973913877 1.1149990083009527 0.990445522478149 0.8827957240170117 0.7742562577999972 0.6763928046535088 0.6265714103243873
0.6710547981182458 0.7876012741381548 0.9717624996047285 1.1514753862919165 1.212862461447441 1.1826137577476172 1.0491635943660422 0.8614436978759596 0.6683857948506142 0.5215906151308816 0.3925887905286922 0.342767396199571 0.3828024452140435 0.4637622109988657 0.5909847000893007 0.7377798798090334 0.8881337305522747 1.0304805714926215 1.2395524941237561 1.4423967424637505 1.656806671630148 1.806270854617512 1.9237069983932982 1.9637420474077707 1.9023549722522461 1.8124985289086522 1.7128557402504092 1.5918609254511145 1.525135843760327 1.4628591008489251 1.4192653808109439 1.387237341599366 1.3801199995523485 1.3543196346319109 1.2849255496734917 1.1719377446770913 1.0705156205070943 0.9610864865342026 0.856995359096574 0.7484558928795595 0.6327990846155276 0.5376046347366705 0.460203539975357
0.5625153319012313 0.7208761924473672 0.9103754244492039 1.0491635943660422 1.0811916335776202 1.0046802065721838 0.8445400105142935 0.6666064593388599 0.5064662632809698 0.39881646481983246 0.37657477092290326 0.4201684909608845 0.5465013122954423 0.6915171565034206 0.8267466553967502 0.953079476731308 1.1247853536156014 1.2689115300677025 1.3988030224257693 1.5109011596662922 1.6185509581274296 1.7075177337151464 1.7342077663914615 1.700400391668129 1.6185509581274296 1.5375911923426073 1.4779834526988371 1.439727739196119 1.4210447163226982 1.367664650970068 1.3036085725469122 1.234214487588493 1.164820402630074 1.0927573144040235 1.0153562196427097 0.9406241281490277 0.8480986815378022 0.7591319059500854 0.6728341336300001 0.571412009460003 0.4272858330079019 0.3045116826968526 0.206648229550364
0.4272858330079019 0.5625153319012313 0.7493455606354367 0.9121547599609583 1.0064595420839382 0.9682038285812198 0.847209013781925 0.6906274887475434 0.5847570257981605 0.5376046347366705 0.5838673580422833 0.7173175214238585 0.8792370529935032 1.0322599070043759 1.154144389559548 1.244000832903142 1.3151742533733153 1.3632163121906824 1.4139273742756808 1.47709378494296 1.5037838176192748 1.5340325213190986 1.4895491335252402 1.4495140845107677 1.3996926901816462 1.3649956477024368 1.3409746182937532 1.3507609636084021 1.3409746182937532 1.2671321945559482 1.1808344222358629 1.1043229952304265 1.0313702392484987 0.9593071510224482 0.8774577174817488 0.8169603100821012 0.7689182512647343 0.7208761924473672 0.6416957621742994 0.5233699506426359 0.3712367643876402 0.23422792998255648 0.14081281561545378
0.3196360345467646 0.47087955304588314 0.6817308111887719 0.8498780170495566 0.9548588122430623 0.9343964538578875 0.8801267207493801 0.8578850268524512 0.804504961499821 0.8819060562611345 0.9717624996047285 1.1238956858597242 1.2609045202648081 1.381899335064103 1.408589367740418 1.4423967424637505 1.3792303317964714 1.3285192697114727 1.3365262795143673 1.3107259145939294 1.3125052501056838 1.2778082076264743 1.2404421618796333 1.196848441841652 1.1772757512123544 1.164820402630074 1.1852827610152488 1.1932897708181434 1.2066347871563008 1.1808344222358629 1.1167783438127068 1.0678466172394627 1.0046802065721838 0.9682038285812198 0.9290584473226244 0.8827957240170117 0.8320846619320132 0.76713891575298 0.6523717752448253 0.5224802828867587 0.3970371293080781 0.28849766309106384 0.20931723281799552
0.2502419495883452 0.4575345367077255 0.6746134691417545 0.8721197109464858 0.9948938612575349 0.9806591771635003 1.0073492098398154 0.9966731967692892 1.0829709690893745 1.1977381095975292 1.3738923252612083 1.519797837225064 1.6105439483245352 1.5713985670659396 1.5740675703335711 1.4139273742756808 1.314284585617438 1.2422214973913877 1.1434683764890219 1.1141093405450755 1.0883089756246376 1.0651776139718312 1.0714052882629714 1.0313702392484987 1.0189148906662184 1.0509429298777966 1.0767432947982343 1.1096610017656896 1.1372407021978816 1.1336820311743732 1.1416890409772675 1.0989849886951635 1.0731846237747256 1.037597913539639 1.0278115682249902 1.0126872163750782 0.9548588122430623 0.8605540301200825 0.7440075541001736 0.6283507458361417 0.5171422763514957 0.45130686241658524 0.4272858330079019
0.30184267942922105 0.5037972600133382 0.7297728700061388 0.9121547599609583 1.0224735616897271 1.0393772490513933 1.0891986433805148 1.1692687414094598 1.2964912304998948 1.471755778407697 1.641682319780236 1.7564494602883904 1.7511114537531276 1.6327856422214642 1.4922181367928717 1.3222915954203327 1.1924001030622662 1.0918676466481463 0.9913351902340262 0.9797695094076231 0.9797695094076231 1.0100182131074467 1.0251425649573587 1.0091285453515695 1.0144665518868325 1.0393772490513933 1.0625086107041997 1.0972056531834091 1.1372407021978816 1.1594823960948109 1.1737170801888457 1.1594823960948109 1.1319026956626188 1.1221163503479699 1.1123300050333211 1.0989849886951635 1.0464945910984107 0.9619761542900798 0.8836853917728889 0.82051898110561 0.7537938994148223 0.7164278536679813 0.6826204789446491
0.3943681260404466 0.6078883874509668 0.809842968035084 0.97443150287236 1.064287946215954 1.1141093405450755 1.1852827610152488 1.2786978753823515 1.4237137195903298 1.5438188666337473 1.6915037141093574 1.7039590626916377 1.6505789973390077 1.504673485375152 1.3391952827819988 1.1852827610152488 1.1203370148362155 1.0011215355486751 1.0020112033045523 1.0144665518868325 1.0322599070043759 1.090088311136392 1.1132196727891983 1.1292336923949873 1.1372407021978816 1.1470270475125306 1.1621513993624424 1.1728274124329685 1.1710480769212142 1.207524454912178 1.1932897708181434 1.1763860834564772 1.1434683764890219 1.1336820311743732 1.1194473470803383 1.1043229952304265 1.0616189429483225 1.0829709690893745 1.0527222653895507 1.0571706041689366 1.0464945910984107 1.0037905388163066 0.9566381477548167
0.4637622109988657 0.6915171565034206 0.8836853917728889 1.0100182131074467 1.0998746564510407 1.1416890409772675 1.217310800226827 1.2689115300677025 1.3463126248290163 1.4415070747078733 1.4584107620695392 1.4664177718724338 1.408589367740418 1.287594552941123 1.1550340573154252 1.1141093405450755 1.0651776139718312 1.0989849886951635 1.1221163503479699 1.154144389559548 1.1843930932593716 1.2404421618796333 1.2493388394384048 1.265352859044194 1.2680218623118253 1.2778082076264743 1.2840358819176145 1.2484491716825277 1.2279868132973528 1.1888414320387575 1.1728274124329685 1.117668011568584 1.07496395928648 1.0420462523190248 1.017135555154464 1.0064595420839382 1.0251425649573587 1.0598396074365681 1.1416890409772675 1.2004071128651608 1.2244281422738441 1.2475595039266505 1.1995174451092836
0.5082455987927241 0.7164278536679813 0.8525470203171881 0.9735418351164828 1.02158389393385 1.054501600901305 1.0714052882629714 1.0767432947982343 1.1105506695215668 1.0945366499157776 1.0972056531834091 1.0874193078687604 1.0206942261779728 1.0313702392484987 1.0420462523190248 1.053611933145428 1.1345716989302503 1.1790550867241087 1.2110831259356867 1.250228507194282 1.2831462141617374 1.2769185398705971 1.2804772108941058 1.3044982403027894 1.307167243570421 1.3018292370351578 1.292042891720509 1.2528975104619136 1.2253178100297213 1.1683790736535826 1.0785226303099886 1.0020112033045523 0.9272791118108701 0.8819060562611345 0.8623333656318368 0.8774577174817488 0.9005890791345552 0.9673141608253426 1.0625086107041997 1.170158409165337 1.2938222272322633 1.3534299668760337 1.4112583710080493
0.49312124694281234 0.6568201140242111 0.7804839320911374 0.8374226684672761 0.8676713721670999 0.8454296782701707 0.82051898110561 0.7440075541001736 0.7084208438650867 0.6497027719771937 0.6274610780802645 0.6372474233949135 0.6701651303623686 0.7324418732737703 0.8267466553967502 0.9824385126752546 1.0980953209392863 1.1674894058977054 1.201296780621038 1.1719377446770913 1.1372407021978816 1.1247853536156014 1.1674894058977054 1.202186448376915 1.2270971455414756 1.2422214973913877 1.2493388394384048 1.2199798034944584 1.1630410671183196 1.090088311136392 0.9922248579899033 0.9103754244492039 0.8151809745703471 0.788490941894032 0.76713891575298 0.7929392806734179 0.8534366880730653 0.9379551248813962 1.0580602719248138 1.1897310997946347 1.3418642860496304 1.4735351139194512 1.5794055768688342
0.5384943024925477 0.6176747327656158 0.6381370911507906 0.624792074812633 0.5892053645775464 0.5278182894220218 0.44329985261369087 0.3596710835612371 0.332981050884922 0.3027323471850982 0.2778216500205377 0.2715939757293975 0.3151876957673787 0.45931387221947984 0.6523717752448253 0.8303053264202589 0.9290584473226244 0.9664244930694654 0.9601968187783254 0.9094857566933268 0.8952510725992922 0.9299481150785016 0.9753211706282372 1.0153562196427097 1.0518325976336735 1.0865296401128832 1.1043229952304265 1.1399097054655132 1.1301233601508645 1.1025436597186722 1.0722949560188486 1.0322599070043759 0.9521898089754308 0.8988097436228009 0.8908027338199063 0.9521898089754308 1.0278115682249902 1.1078816662539352 1.2199798034944584 1.3169535888850696 1.5064528208869064 1.7021797271798833 1.8632095909936508
0.5384943024925477 0.5233699506426359 0.47354855631351445 0.42906516851965626 0.3481054027348338 0.2618076304147485 0.19864121974746984 0.17106151931527735 0.14170248337133096 0.14259215112720813 0.1479301576624712 0.18974454218869807 0.2715939757293975 0.44329985261369087 0.6114470584744756 0.7368902120531562 0.7787045965793831 0.783152935358769 0.7529042316589452 0.7271038667385075 0.7698079190206115 0.8116223035468384 0.8712300431906086 0.9477414701960449 1.0233632294456043 1.1425787087331447 1.2751392043588428 1.3934650158905062 1.4539624232901533 1.4432864102196274 1.4210447163226982 1.397913354669892 1.4014720256934006 1.344533289317262 1.3427539538055075 1.4050306967169093 1.4699764428959425 1.5233565082485727 1.6185509581274296 1.6923933818652346 1.8391885615849672 1.9939907511075945 2.0776195201600482
