static/data/seaWind_vo/2023/7/19/6.asc
ncols 137
nrows 93
xllcorner 108.0
yllcorner 17.0
cellsize 0.25
NODATA_value -32767
[rows 57 to 75 of 93, columns 86 to 128 of 137]
0.8578850268524512 0.847209013781925 0.8605540301200825 0.9272791118108701 1.0358185780278846 1.1772757512123544 1.2956015627440176 1.3525402991201565 1.3338572762467358 1.2520078427060364 1.0972056531834091 0.9192721020079757 0.7502352283913138 0.5616256641453541 0.3712367643876402 0.2333382622266793 0.09988809884510408 -0.07359711355094367 -0.2853380394497096 -0.4312435514135653 -0.5433416886540883 -0.6305291287300507 -0.6581088291622428 -0.6678951744768917 -0.6830195263268037 -0.6865781973503124 -0.7239442430971534 -0.7479652725058368 -0.7230545753412763 -0.6527708226269802 -0.6091771025889989 -0.6073977670772446 -0.626970457706542 -0.6225221189271561 -0.4979686331043527 -0.2479719937028686 0.010031655501510084 0.2991736761615895 0.6212334037891245 0.8134016390585928 0.9771005061399916 1.1025436597186722 1.1808344222358629
0.46287254324298854 0.4424101848578137 0.4868935726516721 0.6025503809157038 0.788490941894032 0.9343964538578875 1.0304805714926215 1.058949939680691 1.0313702392484987 0.937065457125519 0.8267466553967502 0.6594891172918427 0.476217559581146 0.289387330846941 0.12212979274203306 -0.013989373907173253 -0.18569525079146665 -0.39832584444610974 -0.621632451171279 -0.8057936766378528 -0.9116641395872356 -0.8974294554932012 -0.8627324130139917 -0.801345337858467 -0.7435169337264509 -0.7230545753412763 -0.6759021842797863 -0.6536604903828569 -0.6073977670772446 -0.5557970372363688 -0.5086446461748788 -0.457043916334003 -0.42946421590181094 -0.2808897006703237 -0.14388086626523977 -0.029113725757085263 0.038501023689579306 0.259138627147117 0.40682347462272705 0.5696326739482487 0.730662537762016 0.8062842970115753 0.7956082839410492
0.11946078947440153 0.19419288096808396 0.2662559691941344 0.5037972600133382 0.7084208438650867 0.8285259909085045 0.7893806096499092 0.7920496129175407 0.6488131042213166 0.5313769604455305 0.4530861979283396 0.31340836025562435 0.1559371674653658 0.024266339595544917 -0.1332048531947141 -0.29868305578786725 -0.48818228778970374 -0.7292822496324165 -0.9383541722635509 -1.103832374856704 -1.1065013781243356 -1.0655766613539859 -0.9810582245456549 -0.8573944064787287 -0.7710966341586434 -0.6501018193593486 -0.5887147442038239 -0.5237689980247908 -0.4597129196016345 -0.3520631211404974 -0.15366721157988872 -0.08694212988910133 0.035832020421947774 0.15771650297712014 0.1559371674653658 0.09366042455396384 0.14615082215071684 0.3000633439174667 0.4646518787547429 0.655930446268334 0.772476922288243 0.7422282185884193 0.544721976783688
-0.03000339351296244 0.047397701248351076 0.20753789730624117 0.42639616525202473 0.5678533384364943 0.608778055206844 0.5509496510748282 0.4281755007637791 0.2867183275793095 0.17639952585054042 0.08832241801870078 -0.03267239678059397 -0.13142551768295974 -0.2630963455527806 -0.41345019629602175 -0.5780387311332977 -0.7604206210881173 -0.9837272278132865 -1.1714471243033686 -1.2435102125294195 -1.2452895480411739 -1.1696677887916143 -1.0637973258422315 -0.9285678269489019 -0.7728759696703977 -0.6492121516034715 -0.4926306265690896 -0.4107811930283902 -0.22128196102655373 0.0029143134544926674 0.2004205552592242 0.2920563341145721 0.40771314237860423 0.3347603863966764 0.24846261407659087 0.1924135454563296 0.2715939757293975 0.4246168297402704 0.6016607131598266 0.77336659004412 0.8436503427584163 0.8062842970115753 0.6372474233949135
-0.0531347551657686 -0.009541035127787811 0.15059916093010273 0.23600726549431084 0.3027323471850982 0.25735929163536264 0.11590211845089327 -0.008651367371910634 -0.019327380442436315 -0.11096315929778466 -0.2221716287824309 -0.3333800982670767 -0.4267952126341794 -0.4899616233014581 -0.6403154740446997 -0.7826623149850462 -0.9659338726957429 -1.1625504467445973 -1.2764279194968746 -1.348491007722925 -1.3333666558730135 -1.257744896623454 -1.1403087528476679 -0.9703822114751288 -0.7977866668349582 -0.5504590307011057 -0.3929878379108471 -0.20882661244427325 0.03761135593370213 0.25735929163536264 0.3160773635232559 0.40682347462272705 0.3036220149409754 0.2146552393532586 0.21287590384150423 0.31785669903501024 0.41394081666974425 0.51892161186325 0.6959654952828065 0.7262141989826303 0.7635802447294713 0.7582422381942082 0.7030828373298239
-0.08338345886559262 -0.05135541965401469 -0.07003844252743496 -0.009541035127787811 -0.03623106780410268 -0.1625638891386605 -0.3040210623231303 -0.31558674314953317 -0.3173660786612875 -0.36184946645514593 -0.4766166069633009 -0.5860457409361923 -0.6661158389651374 -0.7203855720736447 -0.8333733770700449 -0.9650442049398658 -1.131412075288896 -1.2915522713467866 -1.3983124020520465 -1.4356784477988875 -1.4187747604372216 -1.2986696133938036 -1.1714471243033686 -0.9525888563575857 -0.6767918520356635 -0.4223468738547935 -0.2070472769325189 -0.003313360836647572 0.16216484175650558 0.18707553892106654 0.1772891936064176 0.03138368164256233 -0.08872146540085568 0.06697039187764897 0.23244859447080213 0.4335135072990419 0.528707957177899 0.6221230715450017 0.6497027719771937 0.6363577556390363 0.6221230715450017 0.5811983547746518 0.5411633057601792
-0.18569525079146665 -0.28622770720558677 -0.3227040851965506 -0.35651145991988287 -0.4116708607842674 -0.4864029522779494 -0.5219896625130365 -0.5335553433394393 -0.5326656755835621 -0.5967217540067185 -0.6812401908150494 -0.7550826145528542 -0.8396010513611851 -0.9472508498223227 -1.0780320099362664 -1.2114821733178411 -1.3182423040231015 -1.4419061220900278 -1.5121898748043239 -1.543328246260025 -1.4668168192545887 -1.3235803105583646 -1.094046029542055 -0.7702069664027662 -0.4828442812544407 -0.23907531614409683 -0.021996383710067846 0.0029143134544926674 0.042059694713088014 -0.08071445559796109 -0.1696812311856779 -0.2960140525202357 -0.16790189567392355 0.10166743435685843 0.37301609989939455 0.49579025021044365 0.5331562959572849 0.544721976783688 0.5678533384364943 0.5758603482393889 0.5536186543424597 0.4646518787547429 0.3418777284436938
-0.3992155122019869 -0.5397830176305796 -0.6492121516034715 -0.7123785622707501 -0.7764346406939064 -0.8467183934082025 -0.9009881265167099 -0.8831947713991664 -0.8609530775022374 -0.8582840742346058 -0.8992087910049555 -0.9721615469868832 -1.0504523095040739 -1.156322772453457 -1.272869248473366 -1.4027607408314324 -1.4979551907102895 -1.597597979368532 -1.622508676533093 -1.5993773148802863 -1.505962200513184 -1.2595242321352083 -0.9125538073431128 -0.5130929849542647 -0.21683362224716785 -0.00687203186015628 0.04294936246896519 -0.08605246213322415 -0.20526794142076454 -0.21238528346778196 -0.15722588260339743 -0.013099706151296076 0.2137655715973814 0.38814045174930634 0.5029075922574611 0.49312124694281234 0.4308445040314104 0.43974118159018216 0.5029075922574611 0.5295976249337762 0.5082455987927241 0.4166098199373758 0.2787113177764149
-0.5059756429072473 -0.6358671352653138 -0.779103643961538 -0.9677132082074973 -1.1483157626505625 -1.2915522713467866 -1.3173526362672243 -1.2194891831207357 -1.103832374856704 -1.0771423421803892 -1.1518744336740712 -1.22126851863249 -1.2621932354028398 -1.3164629685113471 -1.4036504085873096 -1.5237555556307272 -1.6100533279508125 -1.6794474129092314 -1.687454422712126 -1.6216190087772158 -1.433009444531256 -1.0976047005655638 -0.7177165688060132 -0.3698564762580405 -0.1323151854388369 0.013590326525018792 0.0660807241217718 0.059853049830631555 0.14704048990659402 0.2822699887999236 0.4059338068668499 0.5162526085956185 0.5820880225305289 0.5491703155630738 0.3836921129699207 0.2413452720295739 0.17995819687404913 0.2102069005738727 0.31340836025562435 0.4344031750549191 0.48867290816342646 0.40326480359921835 0.30896002147623847
-0.5584660405040003 -0.6759021842797863 -0.8351527125817992 -1.0282106156071449 -1.183012805129772 -1.311124961976084 -1.368063698352223 -1.3458220044552935 -1.3467116722111707 -1.377850043666872 -1.5255348911424815 -1.5735769499598486 -1.5629009368893225 -1.543328246260025 -1.5869219662980063 -1.6580953867681796 -1.7265998039707218 -1.7639658497175623 -1.7034684423179152 -1.5593422658658138 -1.2853245970556464 -0.9499198530899542 -0.6821298585709266 -0.4766166069633009 -0.3191454141730419 -0.16701222791804637 0.02337667183966774 0.38725078399342916 0.7057518405974554 0.7288832022502618 0.6523717752448253 0.6319094168596504 0.5536186543424597 0.45842420446360266 0.30184267942922105 0.1959722164798383 0.169282183803523 0.2039792262827329 0.27248364348527465 0.32853271210553614 0.39080945501693787 0.370347096631763 0.36945742887588584
-0.7479652725058368 -0.8983191232490784 -1.0379969609217938 -1.1500950981623168 -1.2052544990267013 -1.3235803105583646 -1.373401704887486 -1.410767750634327 -1.4410164543341506 -1.5593422658658138 -1.7417241558206338 -1.802221563220281 -1.787097211370369 -1.7550691721587905 -1.7399448203088794 -1.7897662146380005 -1.8182355828260701 -1.7497311656235275 -1.6269570153124788 -1.4116574183902042 -1.1554331046975799 -0.9454715143105683 -0.7435169337264509 -0.6020597605419815 -0.47750627471917806 -0.292455381496727 0.01447999428089597 0.37301609989939455 0.6283507458361417 0.6069987196950897 0.5616256641453541 0.5411633057601792 0.49579025021044365 0.5011282567457067 0.4521965301724624 0.38725078399342916 0.2813803210440464 0.25646962387948546 0.17462019033878606 0.16305450951238276 0.16216484175650558 0.1959722164798383 0.2039792262827329
-0.949030185334077 -1.0522316450158282 -1.1634401145004745 -1.1367500818241592 -1.203475163514947 -1.3378149946523994 -1.3814087146903806 -1.4285611057518701 -1.547776585039411 -1.6892337582238803 -1.861829302864051 -1.93745106211361 -1.9401200653812416 -1.9258853812872068 -1.91254036494905 -1.8333599346759812 -1.7185927941678272 -1.5290935621659902 -1.2995592811496808 -1.0895976907626692 -0.8769670971080261 -0.6581088291622428 -0.4979686331043527 -0.40989152527251305 -0.29156571374084983 -0.1509982083122572 0.1363644768360679 0.2867183275793095 0.45842420446360266 0.4824452338722862 0.5473909800513195 0.5358252992249164 0.5616256641453541 0.5678533384364943 0.48956257591930363 0.41305114891386707 0.3160773635232559 0.24045560427369672 0.16305450951238276 0.0874327502628236 0.01981800081615903 -0.002423693080770395 0.0465080334924739
-1.0895976907626692 -1.1002737038331953 -1.150984765918194 -1.2283858606795075 -1.348491007722925 -1.4677064870104655 -1.4232230992166075 -1.4436854576017821 -1.5415489107482707 -1.6838957516886173 -1.8235735893613332 -1.9063126906579098 -1.941899400892996 -1.9063126906579098 -1.8378082734553671 -1.7052477778296695 -1.4828308388603775 -1.2301651961912619 -1.0015205829308296 -0.731951252900048 -0.4383608934605827 -0.20793694468839607 -0.0762661168185752 0.007362652233878553 0.10611577313624432 0.206648229550364 0.2813803210440464 0.35433307702597405 0.45931387221947984 0.5260389539102674 0.5892053645775464 0.6078883874509668 0.5642946674129856 0.5046869277692154 0.3943681260404466 0.3071806859644841 0.21732424262089012 0.1559371674653658 0.08387407923931489 0.0171489975485275 -0.057583093945154484 -0.08961113315673286 -0.016658377174804784
-1.1367500818241592 -1.150984765918194 -1.3120146297319613 -1.4819411711045003 -1.5264245588983587 -1.5833632952744976 -1.5388799074806392 -1.560231933621691 -1.6349640251153734 -1.6785577451533542 -1.787986879126246 -1.723041132947213 -1.7479518301117731 -1.7283791394824761 -1.6714404031063372 -1.5032931972455525 -1.3769603759109947 -1.1394190850917907 -0.8671807517933776 -0.5380036821188252 -0.16879156342980073 0.09366042455396384 0.22444158466790753 0.3934784582845694 0.4717692208017603 0.5393839702484249 0.5625153319012313 0.5491703155630738 0.5269286216661446 0.6007710454039497 0.5482806478071967 0.5295976249337762 0.45842420446360266 0.36589875785237713 0.25380062061185393 0.15771650297712014 0.08654308250694642 0.04917703676010543 -0.011320370639541721 -0.04245874209524292 -0.049576084142260335 -0.04423807760699727 0.024266339595544917
-1.2221581863883673 -1.3511600109905566 -1.5860322985421291 -1.6990201035385293 -1.742613823576511 -1.8084492375114212 -1.7906558823938776 -1.8591602995964194 -1.8271322603848419 -1.8386979412112443 -1.697240768026775 -1.618060337753707 -1.5504455883070425 -1.5371005719688848 -1.500624193977921 -1.4063194118549411 -1.2986696133938036 -1.0468936384805652 -0.7764346406939064 -0.37697381830505794 0.02604567510729927 0.29472533738220363 0.4281755007637791 0.5998813776480725 0.6434750976860537 0.7164278536679813 0.7057518405974554 0.6061090519392125 0.5402736380043021 0.438851513834305 0.38102310970228914 0.3409880606878166 0.28049065328816924 0.2039792262827329 0.1399231478595766 0.03761135593370213 -0.008651367371910634 -0.04245874209524292 -0.05135541965401469 -0.04423807760699727 -0.01754804493068196 0.028714678374930802 0.09188108904220949
-1.390305392249152 -1.585142630786252 -1.7995525599526494 -1.8716156481786999 -1.9765964433722059 -2.061114880180537 -2.175882020688691 -2.2230344117501812 -2.081577238565712 -1.8858503322727347 -1.727489471726599 -1.5691286111804628 -1.4961758551985351 -1.3671740305963458 -1.2390618737500336 -1.1634401145004745 -0.9258988236812704 -0.6483224838475943 -0.3040210623231303 0.12124012498615588 0.44863785914895393 0.544721976783688 0.6292404135920189 0.5776396837511433 0.5909847000893007 0.5509496510748282 0.5020179245015839 0.39881646481983246 0.2911666663586949 0.1808478646299263 0.11768145396264762 0.07052906290115768 0.06874972738940333 0.05006670451598261 0.0020246456986154904 -0.01754804493068196 -0.05669342618927731 -0.03890007107173421 -0.05046575189813751 -0.02644472248945373 0.04383903022484237 0.1070054408921215 0.1888548744328209
-1.707916781097301 -1.862718970619928 -1.9952794662456266 -2.1705440141534287 -2.3538155718641245 -2.475700054419297 -2.551321813668856 -2.4481203539871044 -2.202572053365006 -1.9596927560105395 -1.7283791394824761 -1.542438578504148 -1.3369253268965222 -1.0860390197391605 -0.779103643961538 -0.4534852453104943 -0.13142551768295974 0.1728408548270317 0.5082455987927241 0.6470337687095622 0.7208761924473672 0.6594891172918427 0.5358252992249164 0.401485468087464 0.2858286598234323 0.20753789730624117 0.1105641119156302 0.027825010619053625 -0.08071445559796109 -0.1385428597299767 -0.1776882409885725 -0.1954815961061156 -0.18213657976795794 -0.13409452095059127 -0.14121186299760824 -0.13409452095059127 -0.08605246213322415 -0.031782729024716794 0.07764640494817465 0.13814381234782225 0.20308955852685573 0.23422792998255648 0.29828400840571234
-1.8796226579815944 -2.201682385609129 -2.490824406269209 -2.7221380227972722 -2.8377948310613044 -2.8137738016526206 -2.6678682896887653 -2.407195637216755 -2.0789082352980803 -1.7639658497175623 -1.5113002070484467 -1.2826555937880149 -1.003299918442584 -0.6287497932182964 -0.22395096429418526 0.1283574670331733 0.370347096631763 0.5198112796191272 0.5794190192628976 0.5269286216661446 0.4468585236371996 0.3240843733261505 0.20219989077097855 0.06252205309826309 -0.07003844252743496 -0.16701222791804637 -0.28000003291444653 -0.32003508192891905 -0.35384245665225134 -0.3858704958638297 -0.40544318649312716 -0.4125605285401446 -0.41700886731953046 -0.4001051799578641 -0.367187472990409 -0.2808897006703237 -0.16078455362690613 -0.008651367371910634 0.17017185155940018 0.2546902883677311 0.3196360345467646 0.3525537415142197 0.35878141580535994
-1.91254036494905 -2.161647336594657 -2.466803376860525 -2.67587529949166 -2.691889319097448 -2.5548804846923647 -2.2301517537971987 -1.8849606645168575 -1.6162810022419527 -1.433009444531256 -1.273758916229243 -1.146536427138808 -0.9258988236812704 -0.6331981319976823 -0.33249043051119953 -0.06647977150392625 0.09277075679808666 0.18707553892106654 0.169282183803523 0.08120507597168336 -0.004203028592524749 -0.11007349154190749 -0.17590890547681814 -0.21327495122365914 -0.28266903618207806 -0.3378284370464626 -0.40277418322549563 -0.44992657428698557 -0.47394760369566935 -0.5024169718837386 -0.5255483335365447 -0.5326656755835621 -0.537114014362948 -0.5326656755835621 -0.4899616233014581 -0.37608415054918076 -0.2186129577589222 -0.015768709418927607 0.1808478646299263 0.35878141580535994 0.45842420446360266 0.49579025021044365 0.5109146020603557
