static/data/seaWind_uo/2023/7/18/0.asc
ncols 137
nrows 93
xllcorner 108.0
yllcorner 17.0
cellsize 0.25
NODATA_value -32767
[rows 57 to 75 of 93, columns 42 to 83 of 137]
-1.1391013573016169 -0.8131618614139147 -0.45919317054815467 0.30640426942394194 1.5252738338983467 2.493482311854691 2.634429120887211 1.6822373257754708 1.049578353413592 0.7180330185302783 0.7820997499086966 1.0143416511554624 0.5410486730973982 -0.6481900281144881 -0.9789345288555715 -0.6417833549766463 -0.030746904454983515 0.4849902831412827 0.5770862094977587 0.2831800792992656 -0.04756442144181827 -0.36949974661836915 -0.7090534229239853 -1.1791430644131282 -1.50348089201637 -1.2448114640760068 -0.6321733452698834 -0.12764783566484095 -0.019535226463760047 -0.2926196689642673 -0.76110764216895 -1.2071722593911862 -1.3489199025659364 -1.5619417843991765 -1.871063763300044 -2.076878137853212 -2.301912531819906 -2.4268426580078213 -2.373987604620626 -2.468486033403793 -2.701528768792789 -2.924160660332792
-1.1735372254175167 -0.9709261874332693 -0.4231556341477942 0.9470715832081233 2.395780546502603 3.661899325368591 3.65709432051521 2.6272216136071385 1.6614156380774854 1.2850235912292787 1.4323770733996404 1.7447023888694289 0.9086315443810724 -0.9020544512014699 -1.107868825754638 -0.5961358088695234 0.0325189927812044 0.32882762540638844 0.3808818446513529 0.09498405587516201 -0.30383134695549074 -0.6497916963989485 -1.0422004260917594 -1.4826592043183842 -1.634817691342127 -1.1511138694350704 -0.6089491551452069 -0.38871976603189484 -0.42635897071671547 -0.9044569536281606 -1.2640314834895323 -1.5363150918478095 -1.5611409502569464 -1.7509386419655102 -2.0200189137548663 -2.2466549760060204 -2.5942169937339385 -2.6959229297971774 -2.6398645398410614 -2.7103379443573217 -2.928164831043943 -3.152398390868407
-1.499476721305219 -1.2856540053297485 -0.8540044026676563 0.5290361609639449 2.3621455125289335 3.7107502080446353 3.774816939423053 2.980389470330669 1.9721392852628132 1.422767063692878 1.5557055313030959 1.680635657491011 0.8237431253046683 -0.8868386024990955 -1.0814412990610407 -0.5576957700424725 0.02130731478998138 0.2711675671658118 0.17506747009818469 -0.07479278227764574 -0.5080440532241983 -0.9805361971400322 -1.3913641121041382 -1.5355142577055791 -1.5659459551103279 -0.9933495434157158 -0.6105508234296675 -0.4623965071170755 -0.9629178460109671 -1.496273384736298 -1.7597478175300425 -1.839030397610835 -1.8654579243044325 -1.9711680310788222 -2.2218291175968834 -2.553374452480197 -2.985024055142289 -3.065908303507542 -2.9682065381554543 -3.017057420831498 -3.147593386015025 -3.3782336189773305
-1.85744958288213 -1.8382295634686048 -1.4634391849048587 -0.3518813954893041 1.4756221170800727 2.9651736216282942 3.23185139099096 2.7537534080795143 1.9793467925428856 1.4291737368307196 1.232168537842084 1.2105460160018677 0.5194261512571821 -0.4391723169923991 -0.6153558282830487 -0.36629641004944835 0.18547831394717784 0.12621658742214104 -0.04115774830397623 -0.34387305406700186 -0.8323818808274401 -1.3008698540321226 -1.4922692140251468 -1.5747551306748602 -1.39696995109975 -0.7699168177334825 -0.5000357118018961 -0.9132661291926931 -1.425799980220038 -1.8246153830506908 -2.096098157266738 -2.21061743960566 -2.251459980859402 -2.358771755918252 -2.6686945689613495 -3.041082445098405 -3.475935384329418 -3.4807403891827993 -3.373428614123949 -3.2549051610738755 -3.3782336189773305 -3.631297207922082
-2.773603841593509 -2.8344672364030066 -2.2018082640411274 -1.0878479721988825 0.3424418058243024 1.766324910709645 2.634429120887211 2.6216157746115267 1.8207816323813009 1.303442776500574 1.1064375775119384 0.6611737944319325 0.034120661065665026 -0.30623384938218123 0.14783910926235722 0.39769936163818764 0.08937821687955072 -0.0948136358334013 -0.30383134695549074 -0.6650075451013229 -1.1479105328661494 -1.5026800578741397 -1.6940794178671639 -1.588369311092774 -1.3224923758723388 -0.7162609302040572 -0.8291785442585193 -1.2424089616493161 -1.5827634720971626 -1.8926862851402602 -2.1929990884765953 -2.5053244039463833 -2.570992803609262 -2.8456789143942296 -3.1556017274373276 -3.606471349512945 -3.9748550549388493 -3.9308091771161866 -3.743413987834314 -3.6256913689264705 -3.649716393193377 -3.9043816504225894
-3.897174143142517 -3.7562273341099974 -2.896131465354734 -1.6820669057337105 -0.2597854691328281 0.8709923396962518 2.1411152892733907 2.286867103159292 1.3931362004303596 0.8934156956786983 0.5794887119244492 0.05414151462142058 -0.33346221021800915 0.1430341044089758 0.7180330185302783 0.6619746285741628 0.32562428883746763 -0.3799105904673623 -0.6193599989941998 -0.9653203484376578 -1.340911561143634 -1.6900752471560128 -1.811001202632777 -1.6996852568627756 -1.3921649462463686 -0.9428969924552115 -1.1254871768837031 -1.5235017455721258 -1.859852085308821 -1.9303254898250808 -2.217024112743502 -2.638262871556601 -2.9289656651861735 -3.218066790531285 -3.6713389150335933 -4.139826888238276 -4.388886306471877 -4.314408731244465 -4.1109968591179875 -3.951630864814173 -3.9732533866543887 -4.203092785474464
-4.08456933242439 -3.740210651265393 -2.84728058267869 -1.7213077787029918 -0.7555018031733385 0.2127066747830053 1.4075512149905034 1.4427879172486335 0.6731863065653858 0.7812989157664663 0.4946002928480451 -0.2894163323953465 -0.21814209373685634 0.6411529408761769 0.9759016123284114 0.8317514667269705 0.25515088432120736 -0.4952307069485147 -0.9140669633349232 -1.2944631808942808 -1.598780154941767 -1.8902837827135694 -2.015213908901485 -1.8206112123395397 -1.5074850627275211 -1.2360022885114743 -1.4450199996335635 -1.8158062074861583 -2.0664672940042195 -2.1617665569296163 -2.373186770478396 -2.832064733976316 -3.196444268691069 -3.62328886649978 -4.106992688406836 -4.50740975952195 -4.701211621941665 -4.6363440564210165 -4.441741359859071 -4.289582872835329 -4.306400389822163 -4.516218935086482
-3.7001689441538814 -3.4222794967999928 -2.6999271005083285 -1.846237904890907 -0.9541086704464345 -0.19491790361217998 0.4041060347760297 0.08857738273732041 0.2351300307654518 0.6371487701650254 0.5834928826356003 -0.25097629356829554 -0.02514106545937178 0.9134365492344538 0.9791049488973322 0.4681727661544479 -0.15567703064289873 -0.5817207943093792 -1.1086696598968684 -1.5891701452350042 -1.846237904890907 -2.1505548789383933 -2.255464151570553 -2.0120105723325636 -1.6428260327644295 -1.6147968377863715 -1.814204539201698 -2.100903162120119 -2.309120039099978 -2.3771909411895473 -2.539760272062283 -3.0859291570632976 -3.4943545696007132 -3.897174143142517 -4.323217906808997 -4.718829973070729 -4.936656859757351 -4.912631835490444 -4.742854997337636 -4.629937383283174 -4.65075907098116 -4.810925899427206
-3.7394098171231627 -3.428686169937835 -2.66949540310358 -1.8334245586152234 -0.9741295240021903 -0.2758021519774325 -0.48642153138398214 -1.0814412990610407 -0.41754979515218293 0.22712168934314958 0.28398091344149545 -0.10842781625131526 0.010095636798758356 0.5090153074081893 0.6523646188673999 0.22231668448976816 -0.37270308318728995 -0.8115601931294543 -1.5451242674123418 -1.96315968965652 -2.193799922618825 -2.4252409897233607 -2.4428593408524257 -2.0888906499866655 -1.6884735788715524 -1.8558479145976698 -2.3043150342465966 -2.539760272062283 -2.5093285746575344 -2.435651833572354 -2.66949540310358 -3.334988575296898 -3.7354056464120116 -4.107793522549066 -4.50901142780641 -4.887005142939078 -5.132861224603756 -5.166496258577427 -5.059184483518576 -4.9606818840242575 -4.977499401011093 -5.128857053892606
-3.9131908259871215 -3.62328886649978 -2.9073431433459573 -2.0104089040481035 -1.0590179430785942 -0.37350391732952026 -0.7418876227554245 -1.1519147035773005 -0.22134543030577714 0.16785996281811277 0.022908983074442002 0.15504661654242913 0.8886106908253169 0.8189381204512869 0.3808818446513529 -0.15567703064289873 -0.6666092133857833 -1.0606196113630548 -2.0472472745906938 -2.3179292146645105 -2.416431814158828 -2.500519399093002 -2.4845027162483975 -2.213019942032351 -1.92712215325616 -2.262671658850625 -2.8689031045189064 -2.998638235560203 -2.747176314899912 -2.63425870084545 -3.0042440745558148 -3.556819632694671 -3.881958294440143 -4.22231280488799 -4.623530710145333 -4.986308576575626 -5.293028053049802 -5.353090613717069 -5.325862252881242 -5.261795521502823 -5.288223048196421 -5.421962349948869
-4.415313833165474 -3.938817518538489 -3.1163608544680463 -2.1201231815336445 -1.1871514058354304 -0.5961358088695234 -0.7418876227554245 -0.9420961583129812 -0.1476686892205965 0.09338238759070183 -0.054771928721890184 0.3720726690868208 1.6229755992504349 0.7132280136768969 0.01810397822106058 -0.41754979515218293 -0.7314767789064316 -1.2424089616493161 -2.6158395155741547 -2.913749816483799 -2.6807070810948033 -2.620644520427536 -2.4292451604345118 -2.1777832397742207 -2.2178249468857323 -2.7591888270333653 -3.280531853625243 -3.3141668875989123 -3.079522483925456 -3.079522483925456 -3.3646194385594166 -3.740210651265393 -3.938817518538489 -4.286379536266407 -4.7132241340751175 -5.077603668789871 -5.4724149009093725 -5.5621083248391585 -5.5757225052570725 -5.582129178394914 -5.615764212368584 -5.686237616884844
-5.007130264273611 -4.380877965049574 -3.3862419603996328 -2.3996142971719934 -1.6284110182042855 -1.1158771671769403 -0.9420961583129812 -0.507243219081968 0.06775569503933454 -0.2910180006798071 -0.4992348776596658 0.30320093285502114 1.5076554827692816 0.18788081637386833 -0.7506967983199571 -1.0470054309451409 -0.7963443444270799 -1.3561274098460083 -2.796828031718186 -3.1339792055971114 -2.913749816483799 -2.546967779342355 -2.3115225415266685 -2.2866966831175315 -2.531751930639981 -3.1347800397393417 -3.577641320392657 -3.6529197297622984 -3.6465130566244564 -3.7033722807228022 -3.7065756172917235 -3.7682398462434508 -3.9444233575341006 -4.300794550826551 -4.739651660768716 -5.183313775564261 -5.618166714795274 -5.741495172698729 -5.835192767339665 -5.85120945018427 -5.898458664575854 -5.960122893527581
-5.519664115300957 -4.798913387293752 -3.8283024069107174 -2.8881231239324316 -2.0384380990261612 -1.6388218620532782 -1.5619417843991765 -0.9068594560548513 -0.4375706487079385 -0.3711014149028298 -0.7170617643462875 -0.08760612855332939 0.7700872377752432 -0.5937333064428327 -1.499476721305219 -1.3072765271699645 -1.1166780013191706 -1.6412243644799691 -2.7864171878691932 -3.1315767031704205 -2.9193556554794107 -2.446863511563577 -2.3755892729050867 -2.52854859407106 -2.959397362590922 -3.3926486335374744 -3.8467215921820133 -4.054137635019641 -4.0885735031355415 -4.064548478868635 -3.935614181969568 -3.8451199238975526 -3.881958294440143 -4.246337829154896 -4.772485860600154 -5.273808033636277 -5.726279323996355 -5.928089527838372 -6.041007141892834 -6.120289721973626 -6.165136433938519 -6.145916414524994
-5.867226133028875 -5.2161479753957005 -4.299192882542091 -3.2581084976427963 -2.453270184701419 -2.31712838052228 -2.5557769549068876 -2.213820776174581 -1.860652919451051 -1.8118020367750072 -0.8131618614139147 -0.33666554678692995 0.13662743127113375 -0.8716227537967214 -1.7060919300006172 -1.662846886320185 -1.5130909017231327 -2.195401590903286 -3.013854084262577 -3.2228717953846666 -2.8536872558165323 -2.3483609120692592 -2.376390107047317 -2.7599896611755956 -3.354208594710424 -3.5367987791389153 -3.983664230503382 -4.262354511999501 -4.394492145467488 -4.288782038693098 -4.0749593227176275 -3.8467215921820133 -3.8371115824752504 -4.223914473172449 -4.75646917775555 -5.315451409032248 -5.807964406503838 -6.06022716130636 -6.225999828748016 -6.334112437949097 -6.389369993762982 -6.31088824782442
-6.065833000301971 -5.487630749611747 -4.646754900270009 -3.603268012944024 -2.7463754807576817 -2.6422670422677523 -3.3157685558833725 -3.933211679542877 -3.556819632694671 -3.048289952378477 -1.995193055345729 -0.7843318322936266 -0.25898463499059776 -0.7290742764797409 -1.3657374195527712 -1.4017749559531312 -2.0032013967680316 -2.733562134481998 -3.336590243581359 -3.34219608257697 -2.854488089958762 -2.145749874085012 -2.2026090981833577 -3.013854084262577 -3.6753430857447444 -3.670538080891363 -4.072556820290937 -4.398496316178639 -4.549053134917921 -4.440940525716841 -4.115001029829139 -3.8419165873286314 -3.820294065488415 -4.210300292754535 -4.757270011897781 -5.344281438152537 -5.842400274619738 -6.156327258373986 -6.362942467069384 -6.493478432252912 -6.543130149071185 -6.463046734848163
-6.193966463058807 -5.718270982574053 -4.935856025615121 -4.079764327571009 -3.23648597580258 -2.6606862275390473 -3.2517018245049547 -4.239931156017054 -4.548252300775691 -4.143030224807196 -3.4447028527824393 -2.0352347624572404 -0.5160523946465008 -0.21413792302570522 -0.8203693686939868 -1.4209949753666566 -2.1233265181025653 -2.8841189532212805 -3.3990553066753164 -3.242892648940422 -2.701528768792789 -2.0120105723325636 -2.324335887802352 -3.1772242492775433 -3.825899904484027 -3.8090823874971926 -4.171059419785255 -4.498600583957417 -4.638746558847707 -4.466567218268208 -4.126212707820362 -3.8547299336043155 -3.853128265319855 -4.2543461705771985 -4.792506714155911 -5.373111467272825 -5.862421128175493 -6.20517814105003 -6.4430258812924075 -6.606396046307374 -6.652844426556728 -6.591180197604999
-6.296473233264276 -5.855213620895421 -5.25138467765383 -4.454554706134755 -3.542404618134527 -2.804836373140488 -2.7744046757357395 -3.421478662657763 -3.614479690935247 -3.457516199058123 -3.0987425033389813 -2.365979263198324 -0.7442901251821152 0.09017905102178103 -0.19171456704325873 -1.0309887481005364 -1.9327279922517715 -2.666292066534659 -2.963401533302073 -2.871305606945597 -2.4028176337409146 -2.1305340253826373 -2.531751930639981 -3.292544365758696 -3.8066798850705017 -3.9220000015516545 -4.286379536266407 -4.589094842029433 -4.655564075834542 -4.454554706134755 -4.104590185980146 -3.8459207580397825 -3.9195974991249636 -4.3448404286492135 -4.855772611392098 -5.361098955139371 -5.8319894307707445 -6.194767297201038 -6.434216705727875 -6.6312219047165115 -6.710504484797303 -6.670462777685792
-6.389369993762982 -5.898458664575854 -5.305040565183256 -4.541044793495619 -3.631297207922082 -2.7463754807576817 -2.243451639437099 -2.804035538998258 -2.535756101351132 -2.1129156742535726 -2.0040022309102614 -1.8790721047223462 -0.6714142182391647 0.12861908984883152 -0.04836525558404858 -0.6810242279459273 -1.418592472939966 -2.0168155771859455 -2.3195308829489707 -2.1970032591877464 -1.9823797090700457 -2.163368225214077 -2.785616353726963 -3.4278853357956045 -3.751422329256616 -4.033315947321656 -4.380877965049574 -4.585090671318282 -4.598704851736196 -4.422521340445546 -4.143030224807196 -3.938016684396259 -4.08456933242439 -4.493795579104036 -4.943864367037423 -5.385924813548508 -5.794350226085924 -6.145115580382763 -6.413395018029889 -6.638429411996583 -6.73292784077975 -6.724919499357448
-6.374954979202839 -5.888848654869091 -5.343480604010306 -4.583489003033821 -3.6200855299308587 -2.581403647458255 -1.7341211249786754 -2.2642733271350854 -2.2602691564239343 -1.9199146459760879 -1.743731134685438 -1.5299084187099674 -0.4720065168238383 -0.1508720257895173 -0.3799105904673623 -0.5064423849397381 -0.8275768759740587 -1.2231889422357907 -1.6820669057337105 -1.5659459551103279 -1.6988844227205453 -2.061662289150838 -2.6270511935653778 -3.1852325906998455 -3.65932640290014 -4.1198060346825205 -4.408907160027632 -4.575480661611519 -4.552256471486842 -4.392890477183028 -4.183872766060938 -4.069353483722016 -4.300794550826551 -4.669178256252456 -5.0816078395010225 -5.484427413042827 -5.81597274792614 -6.1018705367023305 -6.341319945229168 -6.579167685471546 -6.7129069872239935 -6.7705670454645706
