static/data/seaWind_uo/2023/7/18/12.asc
ncols 137
nrows 93
xllcorner 108.0
yllcorner 17.0
cellsize 0.25
NODATA_value -32767
[rows 57 to 75 of 93, columns 84 to 125 of 137]
-1.4778541994650027 -1.4946717164518375 -1.552331774692414 -1.8246153830506908 -2.28189167826415 -2.7768071781624304 -3.1339792055971114 -3.2797310194830125 -3.3686236092705677 -3.4318895065067556 -3.4663253746226554 -3.493553735458483 -3.5392012815656058 -3.631297207922082 -3.784256529088055 -3.9892700694989935 -4.199889448905543 -4.4209196721610855 -4.607514027300728 -4.746058333906557 -4.818934240849508 -4.922241845197208 -5.015138605695913 -5.1040311954834685 -5.1713012634308075 -5.203334629120016 -5.300235560329874 -5.421962349948869 -5.504448266598581 -5.578125007683763 -5.5669133296925395 -5.538083300572252 -5.477219905762754 -5.417958179237718 -5.349887277148149 -5.3330697601613135 -5.3282647553079325 -5.388327315975199 -5.483626578900596 -5.63978923663549 -5.7959518943703845 -5.911272010851537
-1.7805695052280284 -1.771760329663496 -1.8470387390331373 -2.132135693667098 -2.59902199858732 -3.084327488778837 -3.440698682071288 -3.5335954425699945 -3.5832471593882684 -3.5800438228193476 -3.601666344659564 -3.640907217628845 -3.685753929593737 -3.7826548608035946 -3.9788592256500004 -4.218308634176838 -4.516218935086482 -4.762075016751162 -4.955076045028647 -5.057582815234115 -5.10803536619462 -5.1088362003368495 -5.153682912301743 -5.136064561172677 -5.201732960835557 -5.268202194640665 -5.446788208358006 -5.598946695381748 -5.758312689685564 -5.840798606335277 -5.860018625748802 -5.7911468895170035 -5.684635948600382 -5.520464949443186 -5.424364852375559 -5.357895618570451 -5.3514889454326084 -5.4227631840910995 -5.568514997977 -5.735889333703117 -5.898458664575854 -6.003367937208013
-2.0464464404484635 -2.030429757603859 -2.126529854671486 -2.4316476628612027 -2.8937289629280434 -3.3253785655901353 -3.65932640290014 -3.7602315048211485 -3.814688226492804 -3.8066798850705017 -3.7706423486701413 -3.7778498559502136 -3.7866590315147457 -3.9179958308405034 -4.122208537109211 -4.427326345298927 -4.732444153488643 -5.0543794786651945 -5.273808033636277 -5.3514889454326084 -5.340277267441385 -5.327463921165702 -5.241774667947068 -5.203334629120016 -5.220952980249082 -5.32185808217009 -5.522066617727647 -5.759914357970024 -5.924886191269451 -5.991355425074559 -5.99215625921679 -5.910471176709307 -5.751906016547721 -5.589336685674986 -5.417958179237718 -5.313048906605558 -5.278613038489658 -5.38992898425966 -5.542888305425633 -5.737491001987578 -5.901662001144775 -5.996160429927941
-2.276285839268539 -2.284294180690841 -2.4172326483010584 -2.7191471199218538 -3.083526654636607 -3.5023629110230154 -3.8154890606350342 -3.974054220796619 -4.026909274183814 -4.000481747490216 -3.9612408745209353 -3.950830030671942 -3.956435869667554 -4.081365995855469 -4.280773697270796 -4.585891505460513 -4.93185185490397 -5.2505838435116 -5.492435754465129 -5.548494144421245 -5.526871622581028 -5.439580701077934 -5.353090613717069 -5.296231389618724 -5.299434726187644 -5.433974862082322 -5.664615095044628 -5.897657830433623 -5.95611872281643 -5.996160429927941 -5.941703708256286 -5.883242815873479 -5.748702679978801 -5.595743358812827 -5.4227631840910995 -5.220952980249082 -5.182512941422031 -5.318654745601169 -5.509253271451963 -5.703055133871678 -5.839997772193047 -5.92248368884276
-2.4941127259551603 -2.5517727841957365 -2.691117924943796 -2.9497873528841594 -3.3141668875989123 -3.6224880323575492 -3.920398333267194 -4.123009371251441 -4.245536995012666 -4.218308634176838 -4.194283609909931 -4.184673600203169 -4.1918811074832405 -4.318412901955616 -4.513816432659792 -4.7716850264579245 -5.118446210043613 -5.35709478442822 -5.582129178394914 -5.621370051364195 -5.576523339399302 -5.489232417896208 -5.442784037646854 -5.395534823255272 -5.408348169530955 -5.586133349106065 -5.814371079641679 -5.903263669429235 -5.9625253959542714 -5.909670342567077 -5.852811118468731 -5.8095660747882985 -5.769524367676787 -5.617365880653043 -5.376314803841746 -5.162492087866275 -5.132861224603756 -5.269803862925126 -5.46040238877592 -5.628577558644267 -5.765520196965635 -5.837595269766356
-2.7055329395039402 -2.7960271975759556 -2.9858248892845194 -3.2412909806559616 -3.4623212039115043 -3.73060064155863 -4.002083415774677 -4.265557848568421 -4.4121104965965525 -4.4833847352550436 -4.465766384125978 -4.454554706134755 -4.456156374419216 -4.593099012740584 -4.75887168018224 -5.011134434984762 -5.212944638826779 -5.421962349948869 -5.564510827265849 -5.572519168688151 -5.5308757932921795 -5.502045764171891 -5.457999886349229 -5.494037422749589 -5.5340791298611 -5.7198726508585125 -5.929691196122832 -6.008172942061394 -5.889649489011321 -5.8183752503528305 -5.861620294033263 -5.81677358206837 -5.794350226085924 -5.584531680821605 -5.340277267441385 -5.172902931715268 -5.165695424435196 -5.275409701920737 -5.399538993966422 -5.563709993123618 -5.6838351144581525 -5.773528538387938
-2.913749816483799 -3.075518313214305 -3.259710165927257 -3.426283667511144 -3.627293037210931 -3.80107404607489 -4.078162659286549 -4.372068789485041 -4.599505685878426 -4.676385763532528 -4.705215792652815 -4.716427470644039 -4.7356474900575645 -4.815730904280587 -4.963084386450949 -5.140068731883829 -5.331468091876853 -5.421161515806638 -5.500444095887431 -5.501244930029661 -5.510054105594193 -5.491634920322898 -5.541286637141172 -5.60375170023513 -5.717470148431822 -5.883242815873479 -6.0746421758665035 -6.017782951768157 -5.868827801313335 -5.839196938050817 -5.976940410514416 -5.932093698549522 -5.811167743072758 -5.577324173541532 -5.325862252881242 -5.188118780417643 -5.259393019076132 -5.313048906605558 -5.399538993966422 -5.46440655948707 -5.573320002830382 -5.67582677303585
-3.1708175761397017 -3.355810262994884 -3.5119729207297783 -3.637703881059924 -3.7193889635674067 -3.840314919044171 -4.04853179602403 -4.383280467476265 -4.681190768385909 -4.832548421267422 -4.8701876259522425 -4.921441011054977 -4.958279381597567 -5.0231469471182155 -5.132060390461527 -5.277812204347428 -5.393132320828581 -5.444385705931315 -5.473215735051603 -5.501244930029661 -5.523668286012107 -5.566112495550309 -5.657407587764555 -5.830387762486284 -5.963326230096502 -6.06343049787528 -6.103472204986792 -6.035401302897222 -5.952114552105279 -5.987351254363409 -6.1419122438138425 -6.014579615199237 -5.830387762486284 -5.5573033199857775 -5.32185808217009 -5.235367994809225 -5.309845570036637 -5.3330697601613135 -5.364302291708292 -5.399538993966422 -5.438779866935704 -5.515659944589805
-3.443902018640209 -3.649716393193377 -3.762634007247839 -3.7914640363681276 -3.7962690412215085 -3.8627382750266177 -4.054137635019641 -4.324819575093458 -4.6147215345808 -4.818934240849508 -4.940661030468503 -5.029553620256058 -5.1040311954834685 -5.196927955982175 -5.264198023929514 -5.349887277148149 -5.446788208358006 -5.527672456723259 -5.573320002830382 -5.6117600416574325 -5.630179226928727 -5.700652631444987 -5.875234474451177 -6.129899731680389 -6.283659886988593 -6.327705764811254 -6.287664057699743 -6.185958121636505 -6.116285551262475 -6.154725590089526 -6.230804833601397 -6.045812146746215 -5.763918528681176 -5.506049934883043 -5.3282647553079325 -5.238571331378147 -5.207338799831168 -5.287422214054191 -5.361899789281601 -5.376314803841746 -5.35469228200153 -5.360298120997141
-3.762634007247839 -3.90678415284928 -3.9796600597922307 -3.951630864814173 -3.9019791479958985 -3.868344114022229 -4.036519283890577 -4.3088028922488535 -4.570675656758137 -4.775689197169076 -4.927847684192819 -5.050375307954043 -5.199330458408866 -5.297032223760953 -5.357895618570451 -5.433974862082322 -5.518062447016495 -5.5717183345459205 -5.631780895213188 -5.699851797302758 -5.755910187258873 -5.844802777046429 -6.037002971181682 -6.300477403975427 -6.501486773675214 -6.55594349534687 -6.519105124804279 -6.462245900705932 -6.418200022883271 -6.385365823051831 -6.291668228410895 -5.99215625921679 -5.6253742220753455 -5.377115637983976 -5.256189682507212 -5.1985296242666355 -5.188919614559873 -5.2473805069426795 -5.313849740747788 -5.3330697601613135 -5.313048906605558 -5.2834180433430395
-4.01089259133921 -4.179067761207557 -4.1870761026298595 -4.114200195686909 -3.94282168924964 -3.868344114022229 -4.01169342548144 -4.291184541119788 -4.561866481193605 -4.768481689889004 -4.917436840343826 -5.028752786113827 -5.176907102426419 -5.28662137991196 -5.345082272294767 -5.413153174384336 -5.486829915469517 -5.554099983416856 -5.669420099898009 -5.725478489854124 -5.776731874956859 -5.868827801313335 -6.053820488168517 -6.306884077113269 -6.5687568416225535 -6.69769113852162 -6.742537850486512 -6.6992928068060795 -6.6272177340053595 -6.536723475933345 -6.208381477618952 -5.793549391943694 -5.475618237478294 -5.300235560329874 -5.197728790124405 -5.14487373673721 -5.155284580586203 -5.2161479753957005 -5.28582054576973 -5.305841399325486 -5.288223048196421 -5.264198023929514
-4.2639561802839605 -4.453753871992525 -4.429728847725618 -4.219109468319068 -4.027710108326044 -3.9131908259871215 -4.069353483722016 -4.348043765218135 -4.619526539434181 -4.833349255409653 -4.994316917997928 -5.10963703447908 -5.175305434141959 -5.2345671606669955 -5.28261720920081 -5.332268926019083 -5.405945667104264 -5.5308757932921795 -5.646195909773332 -5.725478489854124 -5.7871427188058515 -5.871230303740026 -5.996160429927941 -6.2276014970324765 -6.502287607817444 -6.674466948396942 -6.73452950906421 -6.6992928068060795 -6.615205221871905 -6.333311603806866 -5.963326230096502 -5.593340856386137 -5.337073930872465 -5.165695424435196 -5.123251214896994 -5.105632863767929 -5.149678741590591 -5.1897204487021025 -5.245778838658219 -5.259393019076132 -5.242575502089298 -5.28261720920081
-4.459359710988136 -4.64835656855447 -4.615522368723031 -4.4521522037080645 -4.209499458612306 -4.074158488575398 -4.215105297607917 -4.476177227974971 -4.75887168018224 -4.995117752140158 -5.136064561172677 -5.211342970542319 -5.21694880953793 -5.220152146106852 -5.2345671606669955 -5.280214706774118 -5.388327315975199 -5.49724075931851 -5.612560875799662 -5.71186430943621 -5.775931040814629 -5.843201108761968 -5.969732903234343 -6.1731447753608215 -6.406187510749817 -6.5639518367691725 -6.626416899863129 -6.570358509907013 -6.407789179034277 -6.1106797122668635 -5.735889333703117 -5.416356510953257 -5.176907102426419 -5.048773639669583 -5.042366966531741 -5.0231469471182155 -5.106433697910159 -5.188118780417643 -5.2569905166494415 -5.25138467765383 -5.264198023929514 -5.309044735894407
-4.633941553994326 -4.745257499764327 -4.7444566656220974 -4.606713193158498 -4.453753871992525 -4.3352304189424515 -4.438538023290151 -4.687597441523751 -4.918237674486056 -5.161691253724046 -5.28662137991196 -5.339476433299155 -5.313849740747788 -5.246579672800449 -5.260193853218363 -5.299434726187644 -5.404343998819804 -5.502846598314122 -5.60455253437736 -5.704656802156139 -5.74710101169434 -5.81597274792614 -5.92408535712722 -6.09786636599118 -6.292469062553125 -6.422204193594421 -6.457440895852551 -6.373353310918378 -6.212385648330102 -5.919280352273839 -5.630179226928727 -5.335472262588004 -5.176907102426419 -5.063989488371957 -5.0543794786651945 -4.917436840343826 -5.0367611275361295 -5.203334629120016 -5.266600526356205 -5.28261720920081 -5.323459750454551 -5.350688111290379
-4.711622465790658 -4.806921728716055 -4.782896704449148 -4.671580758679147 -4.5738789933270585 -4.599505685878426 -4.703614124368356 -4.8886068112235375 -5.088014512638864 -5.3242605845967805 -5.441983203504624 -5.491634920322898 -5.430771525513402 -5.362700623423832 -5.342679769868076 -5.379518140410667 -5.468410730198222 -5.531676627434409 -5.630179226928727 -5.666216763329087 -5.700652631444987 -5.74469850926765 -5.817574416210601 -5.971334571518804 -6.13470473653377 -6.266041535859527 -6.293269896695355 -6.194767297201038 -6.051417985741827 -5.844802777046429 -5.585332514963834 -5.393132320828581 -5.235367994809225 -5.163292922008505 -5.170500429288578 -4.970291893731021 -5.14647540502167 -5.317053077316709 -5.151280409875052 -5.155284580586203 -5.408348169530955 -5.42836902308671
-4.767680855746773 -4.770083358173464 -4.742854997337636 -4.690800778092672 -4.718829973070729 -4.745257499764327 -4.868585957667782 -5.055180312807424 -5.275409701920737 -5.508452437309733 -5.610959207515203 -5.609357539230741 -5.550896646847935 -5.500444095887431 -5.482825744758365 -5.495639091034049 -5.551697480990166 -5.584531680821605 -5.599747529523979 -5.626175056217576 -5.618166714795274 -5.643793407346641 -5.677428441320311 -5.811968577214989 -5.95932205938535 -6.070638005155352 -6.089858024568878 -6.065833000301971 -5.973737073945495 -5.826383591775134 -5.661411758475706 -5.475618237478294 -5.340277267441385 -5.244177170373758 -5.309044735894407 -5.25138467765383 -5.437979032793473 -5.370708964846134 -5.151280409875052 -5.10803536619462 -5.46440655948707 -5.505249100740812
-4.786100041018068 -4.779693367880227 -4.741253329053176 -4.727639148635262 -4.810125065284975 -4.909428498921524 -5.052777810380734 -5.2433763362315275 -5.462804891202611 -5.654204251195635 -5.736690167845348 -5.745499343409881 -5.70946180700952 -5.667017597471318 -5.648598412200023 -5.626975890359807 -5.6429925732044115 -5.631780895213188 -5.626175056217576 -5.597345027097289 -5.56771416383477 -5.538083300572252 -5.536481632287791 -5.624573387933117 -5.750304348263262 -5.88484448415794 -5.981745415367797 -5.988952922647869 -5.932894532691753 -5.8520102843265 -5.71106347529398 -5.593340856386137 -5.489232417896208 -5.4139540085265665 -5.446788208358006 -5.399538993966422 -5.459601554633689 -5.429970691371171 -5.379518140410667 -5.39072981840189 -5.545290807852323 -5.5172616128742655
-4.718829973070729 -4.754066675328859 -4.820535909133969 -4.918237674486056 -4.988711079002316 -5.10803536619462 -5.254588014222751 -5.421962349948869 -5.617365880653043 -5.805561904077147 -5.844001942904198 -5.831188596628515 -5.802358567508226 -5.7823377139524705 -5.785541050521392 -5.793549391943694 -5.774329372530168 -5.729482660565276 -5.67502593889362 -5.614162544084123 -5.555701651701316 -5.510854939736424 -5.510854939736424 -5.572519168688151 -5.702254299729448 -5.8456036111886585 -5.95932205938535 -6.012977946914775 -5.983347083652257 -5.940902874114055 -5.8456036111886585 -5.719071816716283 -5.597345027097289 -5.519664115300957 -5.514058276305345 -5.470813232624913 -5.466809061913761 -5.496439925176279 -5.5340791298611 -5.570917500403691 -5.600548363666209 -5.6029508660929
-4.712423299932888 -4.738850826626486 -4.805320060431594 -4.970291893731021 -5.105632863767929 -5.2609946873605935 -5.442784037646854 -5.618166714795274 -5.77993521152578 -5.896856996291393 -5.932894532691753 -5.944907044825206 -5.940102039971825 -5.932093698549522 -5.916077015704918 -5.908869508424846 -5.891251157295781 -5.856014455037652 -5.799956065081536 -5.74469850926765 -5.695847626591606 -5.646195909773332 -5.651000914626714 -5.7062584704405985 -5.81677358206837 -5.915276181562688 -6.007372107919164 -6.0882563562844165 -6.089057190426647 -6.020185454194848 -5.923284522984991 -5.803960235792687 -5.67582677303585 -5.572519168688151 -5.4996432617452005 -5.518062447016495 -5.554099983416856 -5.595743358812827 -5.622971719648655 -5.640590070777721 -5.67502593889362 -5.734287665418657
