static/data/seaWind_uo/2023/7/18/18.asc
ncols 137
nrows 93
xllcorner 108.0
yllcorner 17.0
cellsize 0.25
NODATA_value -32767
[rows 57 to 75 of 93, columns 43 to 85 of 137]
0.8918140273942377 1.1504834553346006 1.1256575969254636 1.3194594593451785 2.1539286355490748 2.8963018853964946 3.329553156343047 3.703542700764563 3.859705358499457 4.01026217723874 4.22088155664529 4.210470712796296 3.5714050672965754 2.5687607212243324 1.5092571510537423 0.8693906714117912 0.8637848324161799 1.0968275678051755 0.7933114278999196 0.5498578486619308 0.35845848866890684 0.25034587946782594 0.057344851190341384 -0.18450705976318682 -0.3270555370801671 -0.4447781559880104 -0.5144507263620404 -0.4936290386640545 -0.42155396586333405 -0.2878146641108863 0.09818739244408325 0.4665710978699873 0.5258328243950241 0.348848478962144 0.07175986575048565 -0.13005033809153144 -0.2317562741547703 -0.3198480298000952 -0.4752098533927591 -0.5937333064428327 -0.6209616672786604 -0.42555813657448516 -0.16448620620743126
0.8645856665584097 1.232168537842084 2.0474176946324545 2.6536491403007356 3.244664737266643 3.3864123804413935 3.3904165511525446 3.1757930010348434 3.26708809324909 3.4440724386819697 3.7019410324801023 3.7579994224362188 3.16378048890139 2.24362205947886 1.6734281502109387 1.2617994011046023 1.2962352692205021 1.3274678007674807 1.0151424852976927 0.5026086342703473 0.20069416264955198 -0.12044032838476859 -0.34707639063592266 -0.5721107846026166 -0.5961358088695234 -0.6802233938036972 -0.6569992036790206 -0.6233641697053511 -0.6225633355631208 -0.5272640726377238 -0.2653913081284398 -0.08680529441109908 -0.051568592152969384 -0.24697212285714443 -0.5136498922198101 -0.6401816866921859 -0.6922359059371506 -0.7418876227554245 -0.7587051397422593 -0.8123610272716846 -0.693837574221611 -0.5376749164867167 -0.367898078333909
0.8854073542563956 2.1226961040020957 2.8610651831383644 3.239859732413262 3.546579208887439 3.16378048890139 2.8162184711734723 2.5735657260777134 2.547939033526346 2.742541730088291 2.342124658973178 1.9721392852628132 1.7054615159001476 1.7198765304602923 1.2954344350782718 1.6261789358193552 1.6886439989133133 1.518867160760505 1.1208525920720822 0.5434511755240892 -0.08440279198440859 -0.4415748194190896 -0.6770200572347762 -0.8395893881075123 -0.8435935588186634 -0.8836352659301747 -0.8548052368098866 -0.83158104668521 -0.8572077392365771 -0.8371868856808216 -0.6946384083638413 -0.5641024431803143 -0.644185857403337 -0.8443943929608935 -1.0197770701093132 -1.1014621526167963 -1.1022629867590266 -1.0229804066782342 -1.0197770701093132 -0.9396936558862905 -0.8363860515385912 -0.7963443444270799 -0.7635101445956407
0.9254490613679072 2.1419161234156214 2.7385375593771397 3.096510420954051 2.841044329582609 2.4742622924411655 2.109081923584182 2.0257951727922383 1.9809484608273453 1.4435887513908638 0.867789003127331 0.7132280136768969 0.6627754627163926 0.8493698178560356 1.5300788387517286 1.8728358516262653 1.8103707885323073 1.6013530774102187 1.0647942021159666 0.36967016666012986 -0.2613871374172887 -0.721866769199669 -0.9661211825798881 -1.075835460065429 -1.0494079333718316 -1.0774371283498896 -1.1134746647502498 -1.0982588160478755 -1.1695330547063656 -1.1727363912752864 -1.1030638209012567 -1.1150763330347102 -1.1951597472577329 -1.3465174001392457 -1.5042817261586003 -1.542721764985651 -1.4490241703447146 -1.344114897712555 -1.1911555765465818 -1.107868825754638 -1.1046654891857173 -1.1503130352928401 -1.2007655862533444
0.694808828405602 1.3434844836120856 1.9409067537158342 2.1018744163041103 1.8175782958123796 1.7703290814207961 1.416360390555036 1.3859286931502872 1.0151424852976927 0.47698194171898045 0.07496320231940645 0.5026086342703473 0.2983959280016397 0.9582832611993464 1.6397931162372692 1.9545209341337482 1.8215824665235307 1.4812279560756845 0.7340497013748828 0.058946519474802006 -0.524060736068803 -0.9861420361356437 -1.2199856056668699 -1.3072765271699645 -1.2904590101831297 -1.3385090587169433 -1.3745465951173035 -1.4626383507626284 -1.528306750425507 -1.5403192625589606 -1.5755559648170903 -1.6043859939373786 -1.7181044421340708 -1.8694620950155836 -1.9223171484027786 -1.9367321629629226 -1.793382851503712 -1.5891701452350042 -1.436210824069031 -1.4330074875001102 -1.449825004486945 -1.5747551306748602 -1.6956810861516245
-0.14606702093613588 0.2671633964546607 0.7572738914995596 0.93505907107467 1.059188363120355 1.267405240100214 0.8685898372695608 0.7540705549306388 0.3424418058243024 -0.242167118003763 -0.5448824237667889 0.7788964133397758 0.19108415294278958 0.9767024464706417 1.8239849689502212 2.1499244648379237 1.6245772675348946 1.11284425064978 0.2975950938594094 -0.2541796301372168 -0.8411910563919727 -1.2464131323604672 -1.4730491946116213 -1.5531326088346442 -1.6043859939373786 -1.6724568960269477 -1.8053953636371656 -1.899893792420332 -1.9439396702429947 -1.9543505140919875 -2.0256247527504776 -2.132135693667098 -2.2450533077215598 -2.2971075269665246 -2.3195308829489707 -2.2834933465486107 -2.108110669400191 -1.8942879534247206 -1.8021920270682446 -1.8061961977793957 -1.899092958278102 -2.028828089319399 -2.1401440350894
-1.3961691169575197 -1.1599230449996027 -0.5961358088695234 0.13022075813329215 0.39609769335372746 0.8854073542563956 0.3528526496732951 0.17106329938703357 -0.45358733155254294 -1.1374996890171565 -0.746692627608806 0.939864075928051 0.28077757687257465 1.136869274916687 1.9232884025867691 1.9200850660178488 1.3570986640299991 0.5434511755240892 -0.23415877658146078 -0.7250701057685898 -1.1334955183060054 -1.5042817261586003 -1.7397269639742867 -1.8734662657267347 -1.9535496799497574 -2.0952973231245076 -2.2274349565924947 -2.330742560940194 -2.394008458176382 -2.3707842680517053 -2.4652826968348722 -2.6014245010140105 -2.687113754232645 -2.7287571296286166 -2.6927195932282566 -2.623847856996457 -2.45727435541257 -2.3083192049577477 -2.224231620023574 -2.256264985712783 -2.358771755918252 -2.4452618432791167 -2.4764943748260952
-2.521341086790988 -2.3283400585135032 -1.7108969348539986 -0.8307802125429797 -0.00031520705023480033 0.4689736002966778 -0.2125362547412446 -0.4383714828501688 -0.8131618614139147 -0.8796310952190236 -0.3719022490450601 0.5882978874889817 0.7012155015434436 1.3883311955769781 1.5765272190010813 1.380322854154676 0.8741956762651726 -0.0852036261266389 -0.7474934617510363 -1.210375595960107 -1.5755559648170903 -1.8342253927574537 -2.036836430741701 -2.2474558101482507 -2.3595725900604823 -2.5125319112264557 -2.63425870084545 -2.7319604661975374 -2.8000313682871067 -2.756786324606675 -2.9089448116304175 -3.0603024645119303 -3.1147591861835857 -3.0883316594899886 -3.0434849475250956 -2.9513890211686196 -2.829662231549625 -2.7423713100465306 -2.7311596320553075 -2.7760063440202 -2.8056372072827185 -2.824056392554014 -2.7880188561536534
-3.464723706338195 -3.4334911747912162 -2.8128447145627904 -1.811001202632777 -0.8187677004095264 -0.34467388820923217 -0.37030058076059946 -0.3238522005112463 -0.4752098533927591 -0.36949974661836915 0.19749082608063118 0.24474004047221465 0.9174407199456049 1.451597092813166 1.3138536203495672 0.7660830670640921 0.1430341044089758 -0.8259752076895983 -1.1919564106888119 -1.6228051792086737 -1.96315968965652 -2.2098166054634296 -2.416431814158828 -2.588611154738327 -2.7455746466154514 -2.8745089435145177 -2.962600699159843 -3.025866596396031 -3.09313666434337 -3.1804275858464646 -3.3373910777235887 -3.4310886723645253 -3.458317033200353 -3.426283667511144 -3.3638186044171863 -3.322976063163445 -3.278930185340782 -3.211660117393443 -3.171618410281932 -3.1628092347173995 -3.154000059152867 -3.111555849614665 -3.013053250120347
-4.316811233671156 -4.465766384125978 -3.817090728919495 -2.761591329460056 -1.8246153830506908 -1.1190805037458613 -0.033149406881674004 -0.16929121106081269 -0.6001399795806746 -0.4367698145657082 0.6331445994538742 0.7052196722545947 1.650203960086262 1.6614156380774854 0.9943207975997068 -0.15167285993174762 -0.9781336947133414 -1.3649365854105409 -1.566746789252558 -2.016014743043715 -2.3003108635354454 -2.500519399093002 -2.718346285779624 -2.84728058267869 -3.0314724353916422 -3.1459917177305647 -3.2533034927894153 -3.348602755714812 -3.4134703212354602 -3.567230476543664 -3.701770612438342 -3.758629836536688 -3.745015656118774 -3.6977664417271905 -3.6401063834866143 -3.6433097200555355 -3.6088738519396357 -3.5800438228193476 -3.5375996132811456 -3.496757072027404 -3.4671262087648858 -3.405461979813158 -3.2444943172248824
-4.628335714998714 -4.938258528041812 -4.610717363869649 -3.6537205639045283 -2.6174411838586154 -1.7533411443922007 -0.4407739852768593 -0.2357604448659214 -0.5512890969046307 -0.2613871374172887 0.6843979845566088 1.1969318355839538 2.1387127868467 1.7927524374032422 0.2895867524371072 -1.1022629867590266 -2.1137165083958025 -1.9743713676477432 -1.8862796120024183 -2.3003108635354454 -2.59902199858732 -2.750379651468833 -2.9145506506260292 -3.025866596396031 -3.2204692929579757 -3.322976063163445 -3.4471053552091298 -3.564827974116973 -3.7209906318518673 -3.9003774797114383 -4.01249425962367 -4.0437267911706485 -4.010091757196979 -3.947626694103022 -3.9211991674094238 -3.94202085510741 -3.893169972431366 -3.8587341043154666 -3.803476548501581 -3.758629836536688 -3.7330031439853206 -3.6745422516025146 -3.529591271858843
-4.935055191472891 -5.0952220199189355 -4.903822659925912 -4.562667315335835 -3.631297207922082 -2.295505858682064 -0.7210659350574387 -0.42235480000556436 -0.7458917934665756 -0.5320690774911052 0.3312301278330789 1.256994396251221 2.1331069478510885 1.3811236882969062 -0.18610872804764744 -2.1585632203606955 -3.2717226780607103 -2.6190428521430755 -2.0968989914089677 -2.5077269063730743 -2.871305606945597 -3.0378791085294843 -3.101145005765672 -3.2340834733758896 -3.3798352872617907 -3.4943545696007132 -3.6224880323575492 -3.8283024069107174 -4.023705937614893 -4.212702795181227 -4.263155346141731 -4.285578702124177 -4.232723648736982 -4.171860253927485 -4.1334202151004344 -4.114200195686909 -4.1061918542646065 -4.103789351837916 -4.062946810584174 -4.079764327571009 -4.070955152006476 -3.9716517183699285 -3.8315057434796387
-5.329065589450162 -5.397136491539731 -5.347484774721457 -5.0455703031006625 -4.471372223121589 -3.119564191036967 -1.0389970895228386 -0.7346801154753526 -0.7811284957247058 -0.8948469439213977 -0.16448620620743126 0.8317514667269705 1.5444938533118724 0.9638891001949581 -0.7835309981513963 -2.767998002597898 -3.865140777453308 -3.278129351198552 -2.59902199858732 -2.793624695149265 -3.115560020325816 -3.2380876440870408 -3.3141668875989123 -3.451910360062511 -3.5135745890142385 -3.631297207922082 -3.814688226492804 -4.0613451422997136 -4.288782038693098 -4.449749701281373 -4.496998915672957 -4.463363881699287 -4.385682969902955 -4.3352304189424515 -4.305599555679933 -4.271964521706263 -4.2815745314130265 -4.311205394675545 -4.359255443209358 -4.396093813751948 -4.383280467476265 -4.283977033839717 -4.151038566229499
-5.848806947757579 -5.727880992280815 -5.53247746157664 -5.437979032793473 -5.385924813548508 -4.490592242535115 -2.679906246952573 -2.0432431038795427 -2.1657707276407674 -0.8940461097791677 -0.24777295699937474 0.25515088432120736 0.6515637847251696 0.11500490943091801 -1.1655288839952145 -3.0466882840940164 -4.167856083216334 -3.8939708065735963 -3.273324346345171 -3.259710165927257 -3.457516199058123 -3.501562076880785 -3.574437983823736 -3.691359768589349 -3.718588129425177 -3.8347090800485595 -4.010091757196979 -4.283977033839717 -4.5066089253797195 -4.6411490612743975 -4.6499582368389305 -4.5650698177625255 -4.474575559690511 -4.417716335592164 -4.392890477183028 -4.424123008730007 -4.440139691574611 -4.538642291068928 -4.657165744119002 -4.7132241340751175 -4.698008285372744 -4.615522368723031 -4.441741359859071
-6.054621322310748 -5.992957093359021 -5.790346055374773 -5.680631777889232 -5.727880992280815 -5.860018625748802 -5.445186540073545 -4.511413930233101 -3.3429969167192004 -2.0048030650524917 -0.7522984666044175 -0.33906804921362044 -0.22935377172807936 -0.6569992036790206 -1.8230137147662304 -2.84728058267869 -3.9324108454006472 -4.4345338525789995 -4.0132950937659 -3.820294065488415 -3.743413987834314 -3.790663202225897 -3.842717421470862 -3.9484275282452517 -3.9724525525121583 -4.091776839704462 -4.255147004719428 -4.4881897401084245 -4.710821631648427 -4.766079187462314 -4.75486750947109 -4.606713193158498 -4.549053134917921 -4.484986403539503 -4.47297389140605 -4.50901142780641 -4.621929041860872 -4.778091699595766 -4.939059362184042 -5.033557790967208 -5.019142776407065 -4.874191796663394 -4.689199109808211
-6.101069702560101 -6.085853853857726 -5.998562932354632 -5.886446152442399 -5.915276181562688 -6.374954979202839 -6.515100954093128 -6.0882563562844165 -4.9558768791708765 -3.6441105541977654 -2.13934320094717 -1.1727363912752864 -0.9877437044201041 -1.3817541023973756 -1.7781670028013377 -2.6887154225171055 -3.758629836536688 -4.554658973913533 -4.484185569397273 -4.245536995012666 -4.105391020122376 -4.105391020122376 -4.157445239367341 -4.195084444052162 -4.1966861123366215 -4.325620409235689 -4.490592242535115 -4.689999943950442 -4.793307548298141 -4.8341500895518825 -4.779693367880227 -4.623530710145333 -4.600306520020656 -4.553057305629073 -4.546650632491231 -4.642750729558858 -4.778892533737997 -5.00232525942023 -5.161691253724046 -5.280214706774118 -5.240973833804837 -5.084811176069943 -4.858975947961019
-5.92168285470053 -6.057023824737438 -6.024189624905999 -5.926487859553911 -5.903263669429235 -6.16753893636521 -6.140310575529382 -5.7150676460051315 -4.956677713313107 -3.893169972431366 -2.8769114459412086 -1.9527488458075273 -1.5827634720971626 -1.6804652374492501 -1.8053953636371656 -2.136139864378249 -3.065908303507542 -4.301595384968781 -4.5874931737449725 -4.423322174587776 -4.395292979609718 -4.406504657600941 -4.4257246770144665 -4.419318003876625 -4.432131350152309 -4.539443125211159 -4.689999943950442 -4.808523397000515 -4.876594299090084 -4.838154260263034 -4.707618295079507 -4.611518198011879 -4.653962407550081 -4.611518198011879 -4.640348227132168 -4.757270011897781 -4.93025018661951 -5.206537965688938 -5.366704794134983 -5.438779866935704 -5.384323145264048 -5.236969663093687 -5.0319561226827485
-5.714266811862901 -5.852811118468731 -5.8816411475890185 -5.792748557801463 -5.56931583211923 -5.552498315132396 -5.4636057253448405 -5.042366966531741 -4.413712164881013 -3.7826548608035946 -3.218066790531285 -2.546166945200125 -1.9583546848031386 -1.9679646945099014 -1.9159104752649367 -1.9975955577724198 -2.5974203303028593 -3.762634007247839 -4.360857111493818 -4.406504657600941 -4.503405588810798 -4.594700681025044 -4.599505685878426 -4.535438954500008 -4.588294007887203 -4.668377422110225 -4.762875850893392 -4.842959265116415 -4.886204308796847 -4.833349255409653 -4.6459540661277785 -4.622729876003103 -4.716427470644039 -4.716427470644039 -4.757270011897781 -4.890208479507998 -5.089616180923325 -5.334671428445773 -5.468410730198222 -5.510054105594193 -5.431572359655631 -5.292227218907572 -5.140869566026059
-5.664615095044628 -5.790346055374773 -5.796752728512615 -5.6654159291868575 -5.290625550623112 -5.0543794786651945 -4.928648518335049 -4.830946752982961 -4.491393076677346 -4.145432727233888 -3.634500544491003 -2.7415704759043003 -1.9487446750963762 -1.8950887875669509 -1.9647613579409806 -2.093695654840047 -2.4829010479639373 -3.30535771203438 -4.034917615606116 -4.3312262482312995 -4.471372223121589 -4.635543222278786 -4.711622465790658 -4.711622465790658 -4.734846655915334 -4.742054163195406 -4.805320060431594 -4.826141748129579 -4.814930070138357 -4.782896704449148 -4.711622465790658 -4.695605782946053 -4.7532658411866295 -4.78770170930253 -4.846162601685336 -4.994316917997928 -5.223355482675773 -5.445987374215775 -5.570116666261461 -5.594141690528367 -5.492435754465129 -5.343480604010306 -5.194525453555484
